1084.755069829524 0 93.58760683238506 7.841333590447903 0.6932072043418884 4.612453766167164 1161.785562038422 708.0188449956477 2.263620540499687 58.18017240613699 9.442440569400787 0.9592506363987923 2.071005389094353 7185.241129569709 0.3004364669322968 0 271.8220701962709 3.845010966062546 28.91031491011381 0.8126444444060326 11.86760388314724 0.3454720377922058 55.34090649336576 29.55454714596272 0.1781613528728485 80.32194297760725 51.91612261906266 101.3611859753728 3725.338055416942 5211.159325376153 0 3.560818389058113 343.8674082532525 164.4990406632423 10.23947378993034 76.23828249424696 5.301979452371597 157.829933103174 44.99605343490839 5.316170744597912 7.632521592080593 0.5410782694816589 0.568230576813221 0.3042042553424835 0.498192086815834 0.3374825417995453 0.09442584961652756 0 0 0.7753257900476456 0.0987817719578743 1.260717384517193 0.1102912873029709 0.1066419333219528 0 0 0 0 0.8105887621641159 0.1380033642053604 0 0.1299416869878769 0 0.7322878018021584 0.2244882807135582 0 4.070022627711296 0 0.1074716672301292 2.128220282495022 8.76746927946806 0.1121172979474068 0.8408607095479965 0 0 0.1178027763962746 0.1088205203413963 0 0.5994363874197006 0 0.1213485971093178 0.1217446401715279 0 0 0 0
0 409.9453721717 578.2715001925826 0.7360836192965508 0.1452128887176514 0.6434471979737282 5.900882691144943 2.653196424245834 596.7618994489312 0.5940421298146248 97.14899280667305 2.670048296451569 341.479328468442 1.316990844905376 7.443008668720722 147.3741860240698 35.44856469333172 12.90995807945728 26.82318346947432 0 7.601896546781063 2524.563006967306 15.12904762476683 646.333847887814 1259.712271995842 797.1100453361869 13074.33008153737 57.70733787864447 1.292498238384724 6.420983992516994 93.77649327367544 0.09332322329282761 0.4745070040225983 23.0699800029397 0.1939696967601776 65.91441564261913 84.38793780654669 44.34341534972191 5.134285628795624 5.349295668303967 0.09775301814079285 58.86809276789427 0.4733920097351074 0 87.18069247156382 85.42039800435305 0 0 0 0.9959057793021202 0 0.7489589974284172 0 6.165952280163765 0 75.10440967977047 0.3924951031804085 0 1.63135240226984 7.639795199036598 4.796411044895649 35.74073783308268 0 0.5452689900994301 14.94089922308922 1.742402985692024 3.843741565942764 46.30366733670235 260.6524534150958 1824.071201495826 2.458153463900089 0 1.91329088807106 6.504968829452991 0 0 4.48216624557972 0.3831233382225037 21.57962664961815 12.71879277378321 14.65204270929098 5.038065768778324 0 0 9.002221271395683 0
93.58760683238506 578.2715001925826 9798.193599790335 5.288227930665016 0.09514822065830231 52.53037487715483 726.3166793212295 1114.500985112041 9.257231488823891 102.9645905345678 11.95400664955378 0.6907410845160484 3.65453215688467 399.6843606121838 0.8513885512948036 8.359577231109142 3165.341635733843 8.993375018239021 135.6969648562372 0.6569717526435852 1032.310893893242 187.2465661242604 11886.11614241451 78.91955702006817 0.3911733403801918 7095.895526476204 12725.12855051085 500.5158864632249 307.4528386816382 2588.304257057607 0.3556525260210037 4.096532676368952 24.420339807868 614.9574485197663 46.46136798709631 1681.601027697325 3358.835256397724 1116.861171856523 234.0249351486564 54.43733382970095 3.394930399954319 2.915359601378441 5.617899052798748 0.6805383637547493 724.8979452252388 1327.815473377705 0.4348291084170341 0 0 8.612031795084476 0.4182616993784904 2.26274635642767 0.2793759703636169 2.158098235726357 0.2149178683757782 1.111771792173386 1.661314345896244 0.1523143500089645 19.71499416977167 90.21516002714634 2.268870249390602 46.2721017152071 0 3.833004049956799 181.0143476575613 30.96747225522995 19.58742715418339 5.186670914292336 396.2659575939178 3197.41532163322 22.15903297811747 1.880026333034039 8.556824184954166 1.602335318922997 0 0 34.73191972076893 2.876382179558277 148.4683559536934 26.75594602525234 117.6371031850576 36.37608569860458 1.571080684661865 0.2557148635387421 0 0.6436832249164581
7.841333590447903 0.7360836192965508 5.288227930665016 3449.036435760558 2.244771726429462 210.3316983133554 742.1911884322762 104.4235464632511 1046.569882921875 3956.191820368171 14.07389613240957 5828.868837021291 6.696569189429283 85.74006949365139 108.2226836755872 0.8855133056640625 0.6828264370560646 4.637730661779642 2.229317836463451 4862.021283358335 4.717098124325275 3.645524740219116 26.65826627612114 2847.068254582584 0.8452868238091469 6.564227163791656 31.5511287227273 3597.391210667789 136.5780408084393 15.06596187502146 0.209893599152565 4.952542409300804 10.06431593000889 57.80148117244244 7.653453439474106 215.0775701105595 8.222727581858635 132.1423761919141 54.06067462265491 126.8155331015587 24.35801289230585 3.505012601613998 4.140893146395683 4.09917501360178 0.7640104740858078 1.669813930988312 245.0204399079084 0 18.92271088808775 282.220772229135 36.2606204226613 113.402126558125 311.5593840405345 0.7323325201869011 286.8460021540523 1.682532131671906 13.42259959876537 1.614694483578205 3.731368213891983 0.1841638013720512 0 0 167.1760026440024 1.204238273203373 1.868970103561878 1.046196572482586 476.5283075124025 0 0.1888429820537567 4.038310512900352 712.3808206170797 14.94469737261534 14.86127884685993 0 1.148460224270821 1.203308172523975 6.155882112681866 2.760733351111412 47.10362251847982 0.366297610104084 23.78322035819292 7.387699201703072 17.49493808299303 0.3156332820653915 0 0.789682000875473
0.6932072043418884 0.1452128887176514 0.09514822065830231 2.244771726429462 147.6795445531607 574.718256957829 3.263014547526836 31.31479150056839 26.14594796299934 8.822155065834522 22.515854164958 136.5704241991043 31.71760944277048 63.65176767855883 1559.452670872211 0 0.2467493712902069 4.958950854837894 0.3158044815063477 5.255563974380493 0 1.089207336306572 0.5504590570926666 12.95054277777672 1.07520118355751 2.162937961518764 1.052168659865856 3.870712578296661 131.3369554355741 0.8714820221066475 0.1468780636787415 493.7201090753078 0 307.8669006675482 1.738765060901642 53.77064264565706 4.356531649827957 282.9281108751893 251.5372051596642 1111.869978278875 82.26333272457123 5.038585156202316 2.068814024329185 0 0 0 0 0 0 0 0 0.1946538090705872 0 0 1.307264134287834 0.09660717099905014 0 0 0.3105323910713196 0 0 0 0 0 0 0 0.3960659205913544 0 0 0 0.5940873995423317 0 0 0 0 0 0 0 2.23515859246254 0 0 0 0 0 0 0.4033503532409668
4.612453766167164 0.6434471979737282 52.53037487715483 210.3316983133554 574.718256957829 12357.83739908785 3698.141829110682 6439.491313740611 142.6677221283317 11400.06444503367 161.2072746604681 5383.219646543264 92.55308702588081 1497.177783921361 2305.154929839075 0.1505914330482483 12.28064925968647 33.47655452042818 10.33282376080751 561.3756401836872 5.361175037920475 1.569545857608318 28.86174982786179 107.4076852276921 3.209778264164925 56.35097165778279 25.76638773083687 639.0398396030068 1787.652712039649 86.8092088252306 1.379744976758957 2171.642136320472 5.047286733984947 714.8562163896859 9.406536422669888 409.2002298459411 22.54364247620106 583.1861064769328 302.3575535267591 3207.375916309655 152.3009256199002 15.15625626593828 13.95790569484234 0.5734984576702118 0.106471449136734 0.7036076560616493 14.10142692178488 0 0.7961987853050232 27.16251669079065 2.352111026644707 12.05135816335678 15.03196998685598 12.14691397547722 48.0497994273901 0.6171900257468224 0.7900919616222382 2.605985164642334 1.555699154734612 0.1262376308441162 0 0 12.96099829673767 0 0.4109724089503288 0.1737241744995117 36.22317120432854 0.1457196325063705 0.1985483691096306 2.30330254137516 62.67482970654964 2.946059204638004 10.99617429077625 0.06706193089485168 0 0.5643578171730042 0.1461181640625 0.1622826904058456 12.16460747271776 2.119380712509155 1.330892473459244 0.950796902179718 8.09036673605442 0 0.6927456185221672 0.2750852406024933
1161.785562038422 5.900882691144943 726.3166793212295 742.1911884322762 3.263014547526836 3698.141829110682 13633.8128734231 9765.685504682362 389.9974093064666 11385.61982643604 76.73644475266337 157.1297901570797 33.19554176181555 7541.128340341151 52.11001388728619 3.46671250462532 66.60812297463417 23.60880571231246 17.81457368656993 93.74390190094709 291.5611967071891 11.46016369014978 800.6956991888583 1394.395559281111 3.631147876381874 300.9512106217444 445.7823118418455 15105.51695682108 1414.700646094978 8329.809224955738 0.9241327419877052 29.62943363934755 192.509857237339 481.2065846994519 109.2507121488452 2312.677677005529 79.80226194113493 1027.143639650196 570.1780200526118 269.5746523290873 100.6281972303987 6.068662896752357 52.48079599440098 13.02743048965931 6.421815745532513 16.35376795381308 44.13062038272619 0.5893234685063362 8.228501915931702 427.4746484458447 41.37296994775534 129.8200648054481 64.26080112159252 2.531738571822643 31.40244215726852 0.4719525650143623 33.77752815932035 0 24.56948328763247 1.939179375767708 0.2411519438028336 0.7322573289275169 27.89467461407185 8.692265510559082 10.24114456772804 9.740912802517414 715.5810411721468 0.1142912060022354 3.222542516887188 53.9090298563242 1166.789522834122 61.57289814203978 196.8756921291351 0.1760565191507339 2.032017700374126 6.916895009577274 13.53401604294777 10.79356341809034 168.9368301033974 6.374444879591465 73.89492309093475 20.2277914956212 13.96801120042801 1.49555841833353 0.4771141409873962 2.44886065274477
708.0188449956477 2.653196424245834 1114.500985112041 104.4235464632511 31.31479150056839 6439.491313740611 9765.685504682362 21961.95724897087 16.6131784170866 5409.353051632643 55.15301322191954 383.828721717 25.73241198807955 8621.48855298385 162.652671456337 0.191834419965744 619.5950350649655 13.95705794170499 50.7655817233026 317.6715430468321 65.94948369264603 1.268743321299553 514.0907847173512 84.13555781543255 1.686245076358318 550.5615585446358 226.5587581582367 433.3688472658396 2129.141643673182 3737.154729228467 0.4216759353876114 1262.15011279285 76.32682318985462 306.1983029916883 24.86864025890827 634.1407337933779 30.65931391716003 317.7279805168509 192.368411667645 883.6876197606325 45.93587800115347 4.277319855988026 13.16853804886341 1.181238614022732 2.213371455669403 5.966492831707001 1.446943372488022 1.006191372871399 0.1344459801912308 29.38844912499189 2.943006120622158 8.047088176012039 3.207160629332066 0 1.569347254931927 0.2189117968082428 1.993312247097492 0 12.29153980314732 0.7336856350302696 0 0.1015275120735168 0.8486345484852791 3.783489264547825 1.348055936396122 0.5306696519255638 83.52882121503353 0.1299074739217758 2.389698930084705 13.81632988154888 113.3329762816429 8.080766730010509 43.42137280851603 0.08597712963819504 0 0.4659807458519936 0.327117420732975 0.3278519883751869 12.6920622959733 3.281242743134499 4.441470183432102 1.674792617559433 0.6226091682910919 0.159229576587677 0.9142502695322037 1.036053612828255
2.263620540499687 596.7618994489312 9.257231488823891 1046.569882921875 26.14594796299934 142.6677221283317 389.9974093064666 16.6131784170866 1074.586007513106 277.7448341324925 4.152043625712395 1027.425052419305 12.47765093296766 7.625842832028866 830.2907064557076 76.92689556628466 2.141202546656132 1.208960182964802 4.023820020258427 529.7880634590983 42.52788848429918 2951.87880025804 5.913776025176048 10722.27588292211 47.38645066320896 52.70366662740707 691.6621810421348 1888.22833249718 41.36770349740982 93.45073103159666 4.405515603721142 1.515261597931385 18.80736587941647 17.94354991614819 4.879817083477974 117.3140554502606 13.94415555149317 36.00486420840025 17.73550867289305 215.1449335888028 7.044507421553135 1.782094471156597 1.173899911344051 6.893813356757164 7.465703964233398 3.12438627332449 218.4305757209659 0.0760883167386055 18.40458919107914 197.389307923615 18.21221798658371 136.5296382308006 215.4820537418127 0.6030772551894188 368.5300483331084 0.517192929983139 16.46518307924271 17.92810416221619 236.0395027175546 1.032874971628189 0.1091009527444839 0.4792217165231705 171.8548640534282 53.01267838478088 39.6981873139739 7.475231051445007 1799.454083032906 0.4473962485790253 4.056230694055557 24.22900481522083 1100.964885793626 29.45621806383133 110.5505197495222 0.483613982796669 0.8683242872357368 1.849533051252365 6.877235621213913 6.336020886898041 104.367621012032 3.41864313185215 26.26882046461105 10.97350969910622 26.22130212187767 1.737929165363312 0.1224395930767059 1.196533188223839
58.18017240613699 0.5940421298146248 102.9645905345678 3956.191820368171 8.822155065834522 11400.06444503367 11385.61982643604 5409.353051632643 277.7448341324925 32110.35452182591 167.8307845443487 4630.964499421418 59.7465991564095 1266.578706517816 90.70244216173887 0 13.90072790533304 55.19917383044958 23.74709530174732 4883.878624849021 12.401575691998 0.9711766839027405 72.48519390821457 505.8622636497021 0.9793769344687462 81.45226436853409 56.90487392619252 6704.341885842383 1134.657003968954 197.7647893503308 1.869285695254803 78.88612447679043 12.33244043588638 474.7003256604075 24.30581052601337 620.8664898723364 28.31993631646037 869.0460760854185 243.4293721988797 337.2308628410101 149.2474640384316 9.319567784667015 32.61286871880293 3.234771601855755 1.308394469320774 4.428085908293724 85.07465241849422 0.1188860908150673 8.724870607256889 277.3716175556183 22.47741275280714 45.51462797820568 113.54084405303 0.4802292138338089 151.2476396560669 0.1739165112376213 13.00835207849741 1.251315265893936 2.531230337917805 0.1215788051486015 0 0 72.87171507626772 1.006259940564632 0.6140560656785965 2.08026260137558 347.0116609781981 0.3940601348876953 0.7626728340983391 4.951085790991783 528.9706897810102 17.41292571276426 28.35937552154064 0.153360016644001 0.7793100476264954 1.701839499175549 3.078064873814583 0.8422117531299591 35.80910374224186 1.213337004184723 24.81035900115967 8.163522765040398 6.433988019824028 0.4350495263934135 1.267449282109737 0
9.442440569400787 97.14899280667305 11.95400664955378 14.07389613240957 22.515854164958 161.2072746604681 76.73644475266337 55.15301322191954 4.152043625712395 167.8307845443487 5613.841280132532 84.41848240047693 3213.172317460179 22.03989813476801 3.588482677936554 0.140667051076889 112.7529088370502 4427.834852673113 1303.905597332865 54.90954174101353 9.124269537627697 9.45861442387104 28.44237506762147 16.07762924209237 1214.949904166162 4930.952253006399 556.580939501524 37.75562286376953 331.7488545514643 30.08173829317093 562.0099383443594 150.7399485558271 11.14463250339031 4904.335621345788 14.05066917091608 536.1305287033319 5028.871920451522 5757.247509531677 993.9127383008599 50.57622872292995 254.7536000087857 1945.590706713498 20.65522500127554 0.07971477508544922 17.53202256560326 1.023979276418686 0 0 0 1.84827346354723 0.2688063308596611 0.2633406817913055 0.5951604545116425 127.0645382925868 0.5234417617321014 1013.136977478862 0.3646160885691643 0 0.1270999312400818 0 17.07482497394085 12.76099773496389 0 0 1.733043983578682 0 2.294341504573822 327.2890261411667 220.0253965258598 370.3237655386329 5.673183374106884 0.3024784252047539 0.9939077645540237 157.5181954428554 0.2309688031673431 0 2.192268535494804 3.068551450967789 23.28640832751989 436.499497294426 10.64404813200235 5.830488860607147 1.435775846242905 0 203.44086112082 3.728835016489029
0.9592506363987923 2.670048296451569 0.6907410845160484 5828.868837021291 136.5704241991043 5383.219646543264 157.1297901570797 383.828721717 1027.425052419305 4630.964499421418 84.41848240047693 8496.752360060811 44.20639039948583 188.4077912792563 1917.332128897309 0 0.3345276564359665 22.37938746064901 7.025061026215553 5068.858714543283 0.140122190117836 12.62268912792206 0.4012706056237221 306.0188944935799 7.848429530858994 18.61698481440544 8.21300120651722 1406.97794958204 431.8332894742489 2.911108702421188 1.610154122114182 55.78609132021666 1.027979992330074 291.9343870654702 3.169066950678825 492.7760694138706 16.31303924322128 340.6597337797284 81.81692262738943 1483.047075249255 61.62954115867615 69.66545678675175 9.348501600325108 2.307347893714905 0.1483869999647141 0.8658367991447449 203.3668328523636 0.6486453860998154 26.96649818122387 152.1825899407268 13.12557441741228 70.65088480710983 198.8653887808323 34.10314598679543 562.3169365301728 8.720711685717106 5.549562461674213 29.44541795551777 5.479902431368828 0 0 0 123.6867099404335 0.6797951906919479 0.3968022167682648 0.4285903573036194 211.1942022964358 0 1.500690340995789 3.100924804806709 316.9268607497215 3.625588051974773 37.69273991882801 0 1.521899275481701 0.9706774801015854 1.083970479667187 2.3027423620224 38.1756988093257 8.604413986206055 11.35835011303425 7.532173946499825 101.3618612512946 1.13853931427002 30.68952636420727 3.909050464630127
2.071005389094353 341.479328468442 3.65453215688467 6.696569189429283 31.71760944277048 92.55308702588081 33.19554176181555 25.73241198807955 12.47765093296766 59.7465991564095 3213.172317460179 44.20639039948583 3071.156964503229 7.247305776923895 10.67943374067545 0.4939107671380043 3.911492981016636 85.07523787021637 5.133058801293373 18.61338007450104 4.716517463326454 48.53345920145512 15.75668310374022 13.65833317488432 4400.171438261867 1603.05622176826 3103.559326380491 29.56994397565722 93.86629936099052 17.8365386351943 1400.804615780711 112.2113180682063 2.945358961820602 759.3009251952171 167.2633117139339 2116.338627651334 3580.303519897163 3851.722621411085 966.6082518026233 252.4764808788896 199.8859166353941 2203.113422982395 40.96143724024296 0 13.82559167593718 0.926055982708931 1.412456214427948 0 3.716258764266968 0.9713978543877602 0.3333706259727478 0.2166468128561974 0.3450048714876175 262.9425575435162 0 1640.167961582541 0.896723710000515 0 0 0.1113119572401047 20.78250513225794 11.59144601225853 1.749335885047913 0.2644097805023193 0.9644258916378021 1.634992130100727 1.817070305347443 405.3922420293093 247.8973726704717 505.0787014886737 4.1171755194664 0.2425665408372879 1.427348248660564 330.6822205856442 0.3200592994689941 0 3.270433500409126 73.87879214435816 245.8328448459506 634.0476091355085 69.97818507999182 134.7215911746025 17.05391415208578 4.016032695770264 340.7892069816589 18.08442062139511
7185.241129569709 1.316990844905376 399.6843606121838 85.74006949365139 63.65176767855883 1497.177783921361 7541.128340341151 8621.48855298385 7.625842832028866 1266.578706517816 22.03989813476801 188.4077912792563 7.247305776923895 12732.30156129971 16.00273279845715 0.2362654358148575 479.1028630621731 6.317211247980595 51.93940624967217 172.8056127503514 29.07616716623306 0.1731384322047234 177.7664481326938 133.526505023241 0.09955836832523346 221.0923493281007 117.5337470658123 445.4457134902477 5369.646788608283 4939.931985300034 0.4554399326443672 444.4215729087591 51.14203299582005 154.5378101840615 9.247177787125111 556.1247585490346 31.59080697596073 110.5405332148075 62.96503887325525 192.4218755364418 7.941059857606888 2.58918085694313 8.126606747508049 0.7161207348108292 0.9494755789637566 1.521478988230228 0.7511474043130875 0 0.2801051065325737 11.81343061476946 0.6317591890692711 2.618778415024281 1.881051070988178 0 3.076398335397243 0 0.6617358550429344 0.2105952203273773 2.414978601038456 0.1074567288160324 0 0.1800752580165863 0.9917048141360283 2.254115670919418 0.07197943329811096 0 22.39448492974043 0.1033277735114098 0.8666405975818634 4.961771845817566 39.63618019223213 2.490643449127674 9.730220399796963 0.07972880452871323 0 0 0.08445781469345093 1.186457052826881 5.601130530238152 0.8157589882612228 1.144163638353348 0.9127396047115326 0.3664566427469254 0 0 0
0.3004364669322968 7.443008668720722 0.8513885512948036 108.2226836755872 1559.452670872211 2305.154929839075 52.11001388728619 162.652671456337 830.2907064557076 90.70244216173887 3.588482677936554 1917.332128897309 10.67943374067545 16.00273279845715 578.3575692474842 0 0.138351708650589 0.5327008217573166 0.2484012022614479 127.8251707404852 0.6606306135654449 47.1335676908493 1.389307714998722 976.0863616839051 1.526830121874809 2.010538011789322 12.01247379928827 154.3345460146666 41.47575762867928 3.061840757727623 0.1086085811257362 676.3338520899415 1.802866205573082 74.95270515978336 0.2693215012550354 303.1675103232265 1.497796677052975 16.6418297663331 6.452832020819187 2569.315183877945 89.91698414087296 14.08055286109447 1.15979278087616 0 0.5803530067205429 0.1937437504529953 19.41163845360279 0 2.529810011386871 19.85439310967922 2.914999052882195 13.51302541792393 12.70647664368153 6.966285467147827 56.93594285845757 3.014899857342243 1.094503253698349 6.271336078643799 5.245452463626862 0 0 0 13.2502855360508 1.805389776825905 0.6377609521150589 0 24.15216910839081 0 0.3313088417053223 0.5850805789232254 39.53768932074308 0.6733026653528214 3.310447067022324 0 0 0 1.457895636558533 0 11.02499163150787 3.050636939704418 0.8242233991622925 3.063206821680069 10.34484997391701 0 24.06731510162354 0
0 147.3741860240698 8.359577231109142 0.8855133056640625 0 0.1505914330482483 3.46671250462532 0.191834419965744 76.92689556628466 0 0.140667051076889 0 0.4939107671380043 0.2362654358148575 0 4408.267914049327 4.913991183042526 0 2.439777933061123 0 4493.758033901453 4611.15594124794 8735.139676891267 2174.617405235767 3.796604856848717 8.171601101756096 5024.022690884769 1978.496356360614 0.657372921705246 29.00839554518461 0 0 0.1496520191431046 56.82073722779751 32.2627372816205 1038.429596170783 181.0742958337069 254.9245389699936 321.3210848942399 29.5144921541214 1.109587579965591 1.745105400681496 5.703269943594933 0.1254165917634964 7.834621898829937 103.1567133888602 0.2160327434539795 0 0.199492909014225 22.89226733148098 1.592236429452896 31.58710600435734 0.3263915777206421 0 0.3079307377338409 0 3.096521161496639 0 2994.712051056325 8.041987590491772 0 0.8290838673710823 0.5988571643829346 380.1381111890078 1026.153231427073 1270.460792660713 213.6573133021593 0.2106420397758484 2.905022144317627 805.4621715322137 263.1418344080448 2.545807868242264 121.1881827935576 0.1533163040876389 0 0 2.831209421157837 1.418036356568336 113.6599818244576 2.790849961340427 7.290850326418877 5.003084719181061 0 0 1.041674256324768 0
271.8220701962709 35.44856469333172 3165.341635733843 0.6828264370560646 0.2467493712902069 12.28064925968647 66.60812297463417 619.5950350649655 2.141202546656132 13.90072790533304 112.7529088370502 0.3345276564359665 3.911492981016636 479.1028630621731 0.138351708650589 4.913991183042526 1718.598609592766 56.80600824207067 2403.859448477626 0.4188700988888741 804.294038541615 8.989204213023186 5866.13796415925 14.52616859972477 0.8380254656076431 6047.250716656446 5485.557046283036 49.31135967373848 900.824614662677 2515.450724408031 1.25315011292696 4.737315494567156 114.579965390265 3655.55701674521 13.39710903912783 383.1809708327055 1030.389420293272 2075.45701726526 291.7467221096158 16.32939977943897 3.859535664319992 1.620276108384132 1.837310150265694 0.1848066747188568 46.17578309774399 86.32646763324738 0 0 0 2.618595041334629 0.1514140516519547 1.19922886043787 0.1180975735187531 0.4263461828231812 0 0.2932032719254494 0.3444198071956635 0 4.275410555303097 7.902190066874027 0.8179571479558945 11.53768017143011 0 2.805233724415302 2.339329048991203 0.2472673431038857 9.30942939966917 2.229647248983383 123.2872655615211 290.1173027455807 9.442133858799934 0.6852356642484665 4.710752055048943 0.313771016895771 0 0 4.964699074625969 1.590667329728603 18.89209588617086 7.329175062477589 10.83578369766474 2.29211401194334 1.060421109199524 0 0 0
3.845010966062546 12.90995807945728 8.993375018239021 4.637730661779642 4.958950854837894 33.47655452042818 23.60880571231246 13.95705794170499 1.208960182964802 55.19917383044958 4427.834852673113 22.37938746064901 85.07523787021637 6.317211247980595 0.5327008217573166 0 56.80600824207067 410.5982352122664 1204.588410004973 17.43835985660553 4.921288907527924 1.404235728085041 11.41570631414652 6.050422836095095 39.58804850280285 3489.518831454217 374.0234148204327 15.1780648380518 90.58370124176145 14.45310441404581 46.02253664284945 20.18697548657656 5.430624671280384 1381.856705971062 4.534406691789627 508.9584918580949 1369.267336770892 2133.74684406817 421.9550702385604 14.0428614616394 22.72144661843777 62.84394817054272 2.851532489061356 0 5.583197996020317 0.3985503017902374 0.1704545319080353 0 0 0.5519571080803871 0.07973159104585648 0 0 1.841540075838566 0 17.00537668913603 0 0 0 0 1.925739854574203 0.4083237275481224 0.0878203883767128 0 0 0 1.384696573019028 3.286987446248531 24.12527566403151 32.45510464161634 1.226638130843639 0.07187916338443756 0.07280739396810532 8.063196368515491 0 0 0.3367184177041054 1.695864669978619 24.42801243066788 10.75129710137844 0.8112395256757736 1.18731002509594 0 0 0.6964511200785637 0
28.91031491011381 26.82318346947432 135.6969648562372 2.229317836463451 0.3158044815063477 10.33282376080751 17.81457368656993 50.7655817233026 4.023820020258427 23.74709530174732 1303.905597332865 7.025061026215553 5.133058801293373 51.93940624967217 0.2484012022614479 2.439777933061123 2403.859448477626 1204.588410004973 2599.658915840089 9.183370180428028 71.62962497025728 6.726864464581013 371.2920825630426 4.329106725752354 7.537090368568897 6724.111367717385 1836.722808066756 14.24785715714097 185.7330458573997 144.1182033382356 10.29046478867531 3.904257353395224 34.14920329302549 4480.443493325263 9.900096282362938 1143.699108399451 974.8886235132813 3232.009745758027 416.0453792288899 28.50511408597231 2.933352917432785 4.525819353759289 2.078928716480732 0.1292496919631958 18.09504850953817 6.358135268092155 0 0 0 0.300055131316185 0 0.08431170135736465 0 0.5645586624741554 0.1855100989341736 3.615200370550156 0 0 0.3006981909275055 0.9755367189645767 0.5532637983560562 4.993470907211304 0 0.1482788920402527 0.7894840463995934 0.1070962324738503 0.4394741356372833 1.151940867304802 51.67693041265011 75.51017720997334 0.7956475839018822 0.2545698285102844 0 2.264890059828758 0 0.1051575541496277 1.04627387970686 1.696776710450649 47.68386866897345 4.355204336345196 3.3543381690979 0.109902411699295 0.2374474033713341 0 0 0
0.8126444444060326 0 0.6569717526435852 4862.021283358335 5.255563974380493 561.3756401836872 93.74390190094709 317.6715430468321 529.7880634590983 4883.878624849021 54.90954174101353 5068.858714543283 18.61338007450104 172.8056127503514 127.8251707404852 0 0.4188700988888741 17.43835985660553 9.183370180428028 809.0189008824527 0.101338304579258 0.1392195820808411 0.9034310802817345 357.0763578563929 0.6657204106450081 15.29891634732485 3.090265654027462 3040.900600522757 296.33899743855 3.460914991796017 0.7719609588384628 23.22868797183037 2.143700376152992 150.5367530807853 7.888003960251808 215.1841122657061 9.420806132256985 303.9788588136435 77.84492249786854 248.8672954514623 48.487519107759 4.679722011089325 7.174602448940277 1.336637109518051 0 0.9935469031333923 162.7611439153552 0.921280637383461 11.56594292074442 169.5935197472572 22.92715004086494 50.70687866210938 134.0111076980829 0.9216722100973129 181.2202682942152 0.1065713167190552 8.733671277761459 7.242090165615082 1.429273009300232 0 0 0 92.70285099744797 0.1537706106901169 0.5348901748657227 0 233.1615222021937 0 0.2213042080402374 0.8751991540193558 375.0558963119984 7.756406828761101 10.90978656709194 0 0.3120321482419968 0.1331962794065475 2.932784393429756 0.7097599506378174 22.81026037782431 1.379126735031605 8.942073941230774 5.127791523933411 10.90529824793339 1.161088943481445 3.7249835729599 0.3962111473083496
11.86760388314724 7.601896546781063 1032.310893893242 4.717098124325275 0 5.361175037920475 291.5611967071891 65.94948369264603 42.52788848429918 12.401575691998 9.124269537627697 0.140122190117836 4.716517463326454 29.07616716623306 0.6606306135654449 4493.758033901453 804.294038541615 4.921288907527924 71.62962497025728 0.101338304579258 11612.58411421627 302.9544267058372 23248.82851172239 405.5036221295595 0.6411293148994446 107.878968000412 304.9142217934132 3831.76861153543 123.9966816976666 14921.10891997814 0.1453793793916702 0.4728085175156593 74.54214569926262 3518.198686800897 240.1407297104597 4652.742493890226 461.2504292652011 4225.363537468016 2800.453306697309 139.7491184547544 3.612114265561104 2.510706387460232 21.04252178221941 1.064852207899094 1.507414653897285 5.966397307813168 0.5045071542263031 0 0 9.32013002038002 0.6640156656503677 18.43325604498386 1.580198720097542 0 0 0 2.007207445800304 0 906.8728553578258 1.183878421783447 0 0.8734649270772934 0.1015466302633286 290.0053875297308 119.3962031081319 167.6633662581444 121.4546625241637 0 2.110447950661182 23.12460120022297 147.7908912822604 2.17226118594408 104.6818930357695 0.1190495267510414 0 0 1.268745213747025 5.79393969476223 9.11476593464613 0.6576057970523834 2.574904769659042 2.341618731617928 0 0 0 1.089669466018677
0.3454720377922058 2524.563006967306 187.2465661242604 3.645524740219116 1.089207336306572 1.569545857608318 11.46016369014978 1.268743321299553 2951.87880025804 0.9711766839027405 9.45861442387104 12.62268912792206 48.53345920145512 0.1731384322047234 47.1335676908493 4611.15594124794 8.989204213023186 1.404235728085041 6.726864464581013 0.1392195820808411 302.9544267058372 2260.475197069347 485.8699528127909 8375.757552966475 355.8067650869489 120.1427009925246 7784.364640645683 913.0750123336911 0.7299102321267128 17.41030984371901 17.37292531877756 0 0.3600807040929794 10.12229584902525 2.147332094609737 46.81165433675051 27.47254384309053 28.58419474959373 8.364098697900772 12.22845637798309 0 2.714712411165237 0.3137628734111786 0 39.54059124737978 127.8572363853455 1.473333328962326 0 0.1127057000994682 9.616578750312328 0.4270102977752686 17.39236947894096 0.312621995806694 0.2113059610128403 0.1797469556331635 1.979646109044552 0.2728477716445923 0 1276.945749349892 3.611497670412064 0.4184347912669182 1.5271972194314 0.1603276133537292 133.2034887894988 214.2188885211945 474.9704181402922 110.7695689797401 0.1510717868804932 9.748327001929283 689.4041485413909 91.77063173800707 0.2131195813417435 31.99274172633886 1.180249266326427 0 0 0.9612505510449409 0.3467192351818085 16.43292480707169 1.151270590722561 7.033807329833508 4.690077923238277 0.4973677843809128 0 0.3896961584687233 0.1577430814504623
55.34090649336576 15.12904762476683 11886.11614241451 26.65826627612114 0.5504590570926666 28.86174982786179 800.6956991888583 514.0907847173512 5.913776025176048 72.48519390821457 28.44237506762147 0.4012706056237221 15.75668310374022 177.7664481326938 1.389307714998722 8735.139676891267 5866.13796415925 11.41570631414652 371.2920825630426 0.9034310802817345 23248.82851172239 485.8699528127909 20331.41420844942 784.885145559907 2.558244943618774 731.1431900113821 11619.94191539288 4223.883291609585 191.4917779676616 7721.633880488575 0.3992255181074142 3.241778537631035 44.19742546230555 4206.56375297904 393.6678204834461 8792.535200558603 5850.314029306173 7249.029923833907 5075.770019076765 322.4174115583301 11.57606412470341 14.99886599928141 53.74208717048168 0.5182435512542725 39.85584507137537 318.3100490272045 1.11469954252243 0 0 16.35775204002857 0.7151687294244766 2.110445745289326 0.737983800470829 1.320215463638306 0.1467395126819611 0.2573116347193718 1.898409701883793 0 1582.930837638676 9.748234964907169 0 2.084493510425091 0 68.76552057266235 661.2016375362873 859.5988835915923 63.91857670247555 0.9591053128242493 9.656576178967953 1450.197944104671 70.02744382619858 0.7411755546927452 20.72942257672548 0.1685122400522232 0 0 2.812745243310928 15.84831736981869 85.50499485433102 5.233332224190235 17.78548518568277 15.35126772522926 0 0 0.3836680501699448 0.3764384984970093
29.55454714596272 646.333847887814 78.91955702006817 2847.068254582584 12.95054277777672 107.4076852276921 1394.395559281111 84.13555781543255 10722.27588292211 505.8622636497021 16.07762924209237 306.0188944935799 13.65833317488432 133.526505023241 976.0863616839051 2174.617405235767 14.52616859972477 6.050422836095095 4.329106725752354 357.0763578563929 405.5036221295595 8375.757552966475 784.885145559907 13817.74956943095 46.73055748641491 83.45072657987475 2913.930902153254 11830.90060210228 395.1952178031206 267.5913983210921 4.340994037687778 8.562320619821548 126.1355732902884 221.0574406012893 62.74287157505751 1442.617957897484 69.47493945807219 485.8768432587385 308.5009055286646 429.8407091647387 35.51322981715202 11.51291177421808 25.35618826001883 24.50044240057468 13.75460600852966 31.22191923856735 294.9516374617815 0.3961584270000458 27.61825850233436 737.7381076291203 69.97249639779329 872.8886447325349 291.3815393075347 5.488792516291142 227.8017592504621 0.8154737949371338 59.2234765291214 9.825985804200172 752.4033176079392 3.810206569731236 0.459497444331646 1.075934618711472 170.3522215038538 206.2016143500805 160.1134666278958 134.8297426477075 2907.597606755793 0.3348234742879868 6.350931324064732 163.6080079823732 3069.3202842623 119.5532969906926 504.6625177338719 0.6543664783239365 2.893931366503239 10.29450197517872 29.77426853775978 11.14482547342777 296.2866254150867 7.639635726809502 114.8899387121201 47.80969366431236 25.5418394729495 2.325037479400635 6.196189850568771 0.7800283581018448
0.1781613528728485 1259.712271995842 0.3911733403801918 0.8452868238091469 1.07520118355751 3.209778264164925 3.631147876381874 1.686245076358318 47.38645066320896 0.9793769344687462 1214.949904166162 7.848429530858994 4400.171438261867 0.09955836832523346 1.526830121874809 3.796604856848717 0.8380254656076431 39.58804850280285 7.537090368568897 0.6657204106450081 0.6411293148994446 355.8067650869489 2.558244943618774 46.73055748641491 1871.037060819566 486.4600094035268 6792.590194284916 3.49930190294981 2.348367236554623 0.5385771989822388 331.4664378091693 3.102798633277416 0.6499759554862976 325.2362140491605 17.33851933479309 243.3159985393286 553.6714783981442 362.501814827323 60.54718819260597 47.70041219890118 31.23866921663284 1117.611607022583 7.761736452579498 0 33.02118203788996 0.5512565970420837 0 0 0 2.468486130237579 0 0 0 97.99674502015114 0 1224.390972986817 0 0 0 0.448784664273262 8.71686876565218 6.016870409250259 0 0 0.5857825726270676 0 2.396852873265743 192.149483717978 142.7201154306531 324.5397470071912 0.1266461461782455 0 0.07334994524717331 147.2235361337662 0.2470052540302277 0 0.8910942152142525 6.044351607561111 105.3224435076118 185.0054358839989 24.06638559699059 32.17591144144535 4.367947041988373 5.331836521625519 285.3215401694179 7.544516921043396
80.32194297760725 797.1100453361869 7095.895526476204 6.564227163791656 2.162937961518764 56.35097165778279 300.9512106217444 550.5615585446358 52.70366662740707 81.45226436853409 4930.952253006399 18.61698481440544 1603.05622176826 221.0923493281007 2.010538011789322 8.171601101756096 6047.250716656446 3489.518831454217 6724.111367717385 15.29891634732485 107.878968000412 120.1427009925246 731.1431900113821 83.45072657987475 486.4600094035268 25128.78123111278 12648.38357158005 170.0405550226569 353.9741434901953 829.982839949429 438.1753462702036 18.19867852330208 28.48259222134948 1358.781840767711 23.9367610886693 3578.655053295195 6564.980104401708 3800.972503684461 726.639112688601 105.6811012253165 24.93935590982437 182.184639826417 7.899655193090439 0.08293481171131134 639.7886904478073 82.96565349400043 0 0 0.07790122181177139 3.100686654448509 0.2549491003155708 2.696733750402927 0.2051208168268204 84.81814222037792 0.1092992499470711 580.012590803206 0.917769730091095 0 2.233135193586349 19.3941712230444 115.7517315000296 260.7123111188412 0 1.788835532963276 8.80352021753788 2.79865824431181 4.116323389112949 113.5285747721791 2306.739985398948 4060.990388862789 3.832327164709568 0.5313291996717453 5.61491122096777 258.7490842044353 0.2381186559796333 0 20.46013118326664 7.113229602575302 153.0352529063821 479.786816932261 63.45638582110405 12.51613630354404 2.125867284834385 0.2158865928649902 38.88565841317177 2.766581296920776
51.91612261906266 13074.33008153737 12725.12855051085 31.5511287227273 1.052168659865856 25.76638773083687 445.7823118418455 226.5587581582367 691.6621810421348 56.90487392619252 556.580939501524 8.21300120651722 3103.559326380491 117.5337470658123 12.01247379928827 5024.022690884769 5485.557046283036 374.0234148204327 1836.722808066756 3.090265654027462 304.9142217934132 7784.364640645683 11619.94191539288 2913.930902153254 6792.590194284916 12648.38357158005 46467.94073098153 1947.651386283338 237.5285041742027 565.7199090868235 1356.890727549791 6.1607720926404 29.55545984953642 3394.781299807131 259.9181753098965 9857.78430633992 5578.694222874939 7242.694550395012 1531.68076287955 330.7890914157033 14.04290760308504 186.9101663604379 48.73801304399967 0.2673225030303001 2861.852719388902 1801.809048913419 0.5342931747436523 0 0.2392179071903229 20.71620334684849 1.272937074303627 8.511298000812531 0.5603889226913452 76.51683362573385 0.1171421706676483 587.1452859714627 2.347772516310215 0 333.9891630709171 132.4645017459989 97.64561514556408 319.2919330596924 0.1491337418556213 14.25200213491917 1115.939339324832 396.8968165442348 40.08249022811651 203.0662624388933 2925.862116448581 10679.40941534191 44.04931325465441 2.047079473733902 10.83247276395559 292.9819685444236 0.4030545428395271 0.30301234126091 68.54471784830093 22.3810248374939 343.3299883976579 320.5626992732286 215.4570770859718 60.85768166184425 4.740025259554386 0.3281066566705704 27.86064421385527 0.6527189612388611
101.3611859753728 57.70733787864447 500.5158864632249 3597.391210667789 3.870712578296661 639.0398396030068 15105.51695682108 433.3688472658396 1888.22833249718 6704.341885842383 37.75562286376953 1406.97794958204 29.56994397565722 445.4457134902477 154.3345460146666 1978.496356360614 49.31135967373848 15.1780648380518 14.24785715714097 3040.900600522757 3831.76861153543 913.0750123336911 4223.883291609585 11830.90060210228 3.49930190294981 170.0405550226569 1947.651386283338 18860.97430124879 1240.705705117434 8616.015768878162 0.7296780794858932 15.69441785663366 480.7380136400461 1592.013702377677 295.5105381757021 5318.391102299094 250.9555048793554 2250.317973747849 1466.842959471047 377.7337641343474 64.51452244073153 7.649044789373875 67.29002891480923 42.73022168874741 6.90384329855442 33.83532705903053 207.2065887749195 1.81186730414629 28.52027199417353 1096.173860862851 106.4403922259808 481.1833555996418 291.863422729075 7.193214192986488 208.753720395267 0.5879023671150208 80.62819068133831 5.348787918686867 771.6195418089628 8.88950327783823 0.4758790284395218 0.8027146086096764 148.3326934427023 265.6701471731067 108.9236345365644 97.66700205951929 2674.101840391755 0 5.824669927358627 135.0873905569315 3502.060600236058 178.9636791869998 756.9613612964749 0.5391820445656776 4.665934011340141 15.50171231478453 35.57405442744493 22.72462607175112 386.8689534813166 15.62069180607796 151.9275792092085 59.70749862492085 34.60489325970411 9.142113089561462 9.398457445204258 2.02842278778553
