1352.398457296193 0 698.3788899704814 13.9259705170989 0 14.54679887741804 2810.885096691549 191.356600612402 3.479176178574562 77.95612900704145 10.238959223032 2.165640443563461 0.6843821182847023 5735.203687027097 0 0.5966603457927704 537.5694348439574 0.7828531861305237 43.20637337863445 11.32914155721664 182.9720796793699 0 838.6927348151803 116.1882841736078 1.667325854301453 155.3261496126652 68.40402653068304 252.8197958469391 4772.874977864325 6228.636553891003 0.09836562722921371 2.616776071488857 80.03719095885754 90.55883756279945 0.8626841753721237 26.57494932413101 18.60473973304033 78.75430851429701 10.94459357112646 1.097316063940525 1.591144151985645 0.1175316050648689 0.5192727297544479 0.5513869822025299 0 0.6147285029292107 0 0 0 5.633265875279903 0 2.951049409806728 0 0.2711130380630493 0 0.2084670290350914 1.050689786672592 0 1.134469382464886 0 0 0 0.1764057576656342 1.8160050958395 0.6127753853797913 0.1618110239505768 18.18283748626709 0 2.867817685008049 6.144937366247177 39.5778591260314 1.634487301111221 2.798113092780113 0 0 0.1401765942573547 0.6064206659793854 0 11.7102235853672 0.3364703953266144 1.447041064500809 0.2162514477968216 3.355594292283058 0.4925425797700882 0 0
0 45.11804267764091 11.62751810997725 0.09479676932096481 1.290131606161594 0.3476278111338615 0.4910093620419502 0.9208364337682724 363.3306189626455 0.845324270427227 244.0854815989733 1.738816440105438 936.8797738626599 1.505277812480927 9.556482583284378 140.1223316863179 20.33443330973387 2.926078461110592 18.64961740374565 0.1025819778442383 5.27547724545002 1789.002483412623 3.524691164493561 657.4892860502005 1529.155496455729 232.5079178735614 6340.460583366454 10.4028721600771 2.301352016627789 0.1481010913848877 7.248051092028618 1.0438362210989 0 40.89696765691042 0 32.90665617585182 530.8592977970839 112.1002939864993 15.53641165047884 16.09028071910143 1.076665766537189 150.9749529063702 0.1478580683469772 0.3123331069946289 39.03171610087156 17.86389267444611 0 0 0.1872987002134323 0.5887394100427628 0 7.916922718286514 0 13.53881520032883 0.2162212282419205 45.15756826847792 0.3482998460531235 0 16.03270930796862 4.785086043179035 2.179933592677116 12.4154247790575 0 0.1240655183792114 8.10332490503788 7.997950725257397 4.376802235841751 8.340514346957207 507.5593314692378 1674.302296482027 1.861979722976685 0 0.5615300014615059 1.601978376507759 0.1517244428396225 0 4.466145589947701 0.9650507867336273 8.971946403384209 93.10048522055149 11.11715462058783 3.398263677954674 0.4367853403091431 0 4.744008183479309 0
698.3788899704814 11.62751810997725 8306.257688559592 4.596283569931984 0.6267232447862625 130.5742885842919 1476.0179823488 897.5633186995983 8.634523265063763 117.5386921092868 56.9346449971199 6.907959431409836 22.56721343845129 2123.268572539091 0 6.748801350593567 12000.77995832264 36.6565043926239 282.5407939180732 6.19861076772213 143.5131039321423 3.890208654105663 11295.81128614396 424.4387813284993 4.369209378957748 4866.712092317641 12146.31070720404 656.565280765295 555.4215009734035 938.553427182138 5.928196288645267 11.38623636215925 29.96584387123585 1236.088109277189 62.55735003203154 4271.974558785558 3211.583108052611 4217.310533300042 1542.246435947716 190.4783485531807 14.66568235307932 41.69411233067513 19.01545995473862 1.676087088882923 51.26146245747805 602.9848403185606 0 0 0.1301721483469009 15.29924699664116 0.5155109539628029 1.331891544163227 0.1222129166126251 0.2596926912665367 0.1599829792976379 0.841324582695961 2.64876115322113 0 13.01125179231167 34.28268597275019 0.7960695400834084 7.61307380348444 0.4584492743015289 1.356303513050079 26.9690969735384 61.86326587200165 31.78904790431261 1.517227932810783 502.7224362120032 3236.06720302254 39.14761589467525 1.531502991914749 8.955878511071205 0.9790224581956863 0.2249578386545181 0 6.918290980160236 25.25978246331215 36.76796262711287 280.4874124079943 26.3336695805192 14.09987707436085 3.100241601467133 0 2.437536627054214 1.508901417255402
13.9259705170989 0.09479676932096481 4.596283569931984 1509.124647185206 12.15173071622849 186.5557636022568 278.3550052121282 102.3150706738234 545.8458221107721 4212.291371673346 6.433651722967625 2564.409078761935 5.225807502865791 144.5249477773905 72.41919791698456 0 2.183734856545925 0.279098741710186 2.852214403450489 4651.510140091181 1.350294403731823 0 0.5917143076658249 1478.833290018141 0 4.146294198930264 2.888957627117634 4796.666489332914 145.2275706008077 4.167941629886627 0.3423736914992332 10.84817712754011 3.175780795514584 45.14905764907598 6.033888608217239 313.8331433832645 5.798406146466732 143.5178833156824 42.36342736333609 355.4143702834845 14.19929495453835 0.6482308283448219 6.613037616014481 0.4666339308023453 1.402769461274147 0.467654675245285 170.9995965138078 0.4127304553985596 8.833008617162704 186.9215279072523 8.656097456812859 183.7157077938318 73.66308419406414 1.230996251106262 125.9111526161432 0.181230865418911 10.74823977798223 2.217709422111511 0 0 0 0 136.3460000902414 0 2.150604695081711 0 262.1543494984508 0 0.1902157291769981 1.884359285235405 629.4833580330014 5.810611113905907 0.5885438621044159 0 0.7060168012976646 0 2.45556877553463 1.292303085327148 70.59727418422699 0 13.35264728218317 3.63997095823288 125.3391253650188 1.195787250995636 0.5464177131652832 0.1327866762876511
0 1.290131606161594 0.6267232447862625 12.15173071622849 41.09812933206558 125.0611143633723 7.384393155574799 23.55720704048872 231.4009761810303 10.91651887446642 21.22115620970726 251.1408954411745 8.783231392502785 5.419813133776188 1672.911547727883 0.209902286529541 2.406869068741798 0.6980790048837662 4.402387507259846 34.57724709808826 0 5.037796005606651 3.075728252530098 116.7890332937241 0.7048350051045418 3.24744376540184 9.983299754559994 15.95977488905191 30.47786575555801 0.9443017318844795 0.1847371906042099 27.75053718686104 0 452.1699419468641 3.160013794898987 154.8400013446808 6.568584427237511 281.7423936650157 65.15201675891876 2004.734561212361 287.4431381672621 8.05546760559082 12.39729279279709 0 0 0 0 0 0 0.1933095753192902 0 2.332488223910332 0 0 0.1109817177057266 0.1708547174930573 0.1267556548118591 0.1862373650074005 0.1497726887464523 0 0 0 0 0 0 0 1.240455761551857 0 0.5620730966329575 0.6995711922645569 1.964463569223881 0 0 0 0 0 0 0 1.480171158909798 0.5333676338195801 1.10712718963623 0.3393708169460297 0 0 0 0
14.54679887741804 0.3476278111338615 130.5742885842919 186.5557636022568 125.0611143633723 14686.49042452127 5660.698134802282 7122.182203635573 50.43357357382774 11880.75089364499 74.60440912842751 4335.592661090195 27.55089860409498 1003.167075008154 1339.984841123223 0 11.41512832790613 7.969192318618298 19.8392445743084 670.6585048735142 70.05566666275263 0.4568403363227844 36.21451251208782 71.60819460451603 0.7791142985224724 39.80482817441225 30.89616726338863 1179.944163396955 1145.610279068351 35.43734599649906 2.197460621595383 450.0394891649485 4.215145036578178 306.6508073508739 5.256245732307434 292.8352985903621 42.7299519777298 395.4909036979079 70.47772491723299 1770.390853844583 91.1868563964963 13.90562974661589 12.7924522832036 0 0.08094291388988495 0 4.193034470081329 0 0.5010076761245728 4.448946058750153 0.4305861443281174 2.257774636149406 0.5014273822307587 0.3569810912013054 3.579951301217079 0.8200705200433731 0.1736856400966644 0.277176707983017 0.1539710462093353 0 0 0 1.403197377920151 0 0.2542649358510971 0.4894920736551285 4.351724423468113 0 1.979397058486938 4.595781661570072 9.216998741030693 0.1460509300231934 0 0.8850867077708244 0 0 0.2527019679546356 0.2544378116726875 8.270901739597321 1.940169930458069 1.496815279126167 2.184538453817368 1.041563004255295 0.357504814863205 0.5559451878070831 0
2810.885096691549 0.4910093620419502 1476.0179823488 278.3550052121282 7.384393155574799 5660.698134802282 22095.24346715957 4250.881756737828 175.1959398835897 13046.29773452133 42.75890784710646 331.2654867246747 23.18970349431038 8166.183356113732 14.29079001396894 4.172681502997875 74.35156199336052 7.348444811999798 19.78701432794333 331.8020733296871 1580.799106247723 0.3181574791669846 833.6062143221498 908.3088896498084 3.53572204709053 59.19150584936142 153.2708947882056 15885.07981046289 2369.071174860001 13223.4243112728 0.7880178466439247 73.26793403923512 219.0345270186663 474.0879466831684 116.0254772529006 2894.301677569747 78.23332673311234 1595.583082392812 606.8608138784766 311.5797815471888 134.1277173832059 9.402540296316147 59.96218229830265 1.259168595075607 0 5.028505086898804 50.32465481758118 0.1549378335475922 5.584012046456337 319.0509178638458 23.08636970818043 63.1209030598402 35.37414338439703 1.44584809243679 12.01937228441238 1.723554559051991 19.18952361494303 0.289760023355484 3.61770498752594 0 1.283708103001118 1.139835759997368 43.80159666389227 0.410599410533905 3.272180281579494 6.743503883481026 215.7150143384933 0.08256451785564423 3.332276530563831 34.29725012928247 545.4132379814982 12.76756831258535 3.72176006436348 0.5660466030240059 1.161865666508675 0.2692286670207977 7.836751073598862 7.348175257444382 96.76705045998096 2.008451581001282 27.78186569362879 5.498309448361397 47.45096352696419 0.9111594706773758 0 0.6601487696170807
191.356600612402 0.9208364337682724 897.5633186995983 102.3150706738234 23.55720704048872 7122.182203635573 4250.881756737828 14578.91865080595 21.56624932587147 6145.747816242278 96.1572724506259 1320.237002581358 31.7158872410655 10804.14893954247 375.8354932740331 0.6299133896827698 203.879431694746 6.305208832025528 31.16882885247469 775.1644822657108 356.9758431836963 0.9532544910907745 410.768773034215 113.2293187528849 0.3978940099477768 141.9413195773959 69.33890528976917 398.8149832934141 1311.03199518472 808.6516021937132 0.9511345326900482 620.162676140666 3.066746383905411 369.7995830625296 4.73343151807785 435.0442619770765 60.58216031640768 258.7897399514914 74.99903692305088 982.4161211028695 59.56013059616089 19.10181488841772 11.54054626077414 0.2745707929134369 0.4923239275813103 2.364518456161022 2.744893722236156 0 1.042400807142258 36.74222500622272 1.565556168556213 6.580887585878372 1.632803052663803 0.158258244395256 1.764970973134041 0.8218182548880577 2.324771322309971 0 0.7738662734627724 0 0 0 3.263767004013062 0.6916937679052353 0.3184730485081673 1.201155796647072 35.79860109090805 0.1263696402311325 2.611164145171642 13.0048865750432 50.2306861653924 3.175869338214397 3.556760288774967 0.3416487202048302 0 0.09875413030385971 0.5705282092094421 0.1256043612957001 16.05489873886108 1.800820127129555 3.268012270331383 1.539770767092705 6.170441448688507 0.5570319294929504 0.1733147948980331 0
3.479176178574562 363.3306189626455 8.634523265063763 545.8458221107721 231.4009761810303 50.43357357382774 175.1959398835897 21.56624932587147 1251.257000051439 118.2450406774879 48.50925475358963 416.5888887792826 151.009896248579 21.26277812570333 925.2034606784582 35.99610213190317 5.540024422109127 1.618902370333672 2.613851644098759 537.7460857480764 4.755761116743088 2258.571183808148 5.861554704606533 10895.07711623609 251.0105082318187 63.01171690970659 1748.273147135973 1550.391755320132 37.22133289277554 11.05253444612026 1.995600834488869 1.926032833755016 5.084126695990562 19.58802732825279 5.653419204056263 141.4571449011564 15.9870882704854 54.78707849234343 15.31754723191261 558.8715641126037 10.15728490054607 6.730126552283764 4.02644182741642 3.850924767553806 8.184968121349812 2.020371347665787 133.5048074424267 0 4.226968586444855 219.5089606419206 17.43952228873968 202.2906643971801 36.40438358485699 2.517505884170532 38.61352775990963 4.397142313420773 32.5179650709033 2.575512334704399 18.99972029030323 0.3255657702684402 0.7556898817420006 0.3839705288410187 93.51562012732029 7.048215359449387 69.22036842256784 2.23295946419239 1381.924194358289 2.283357918262482 11.89760965108871 41.35339514911175 1205.862589515746 26.72074803709984 27.71011004596949 0.1956537067890167 0.862285889685154 3.522599294781685 6.65313958376646 3.980524748563766 49.51170241832733 2.974436983466148 31.28527533262968 7.910912357270718 48.1936394199729 3.331940203905106 0.1476122885942459 2.29678039252758
77.95612900704145 0.845324270427227 117.5386921092868 4212.291371673346 10.91651887446642 11880.75089364499 13046.29773452133 6145.747816242278 118.2450406774879 37906.15933027118 104.2191161215305 4784.236301817 36.12837475538254 2503.342973358929 35.23153246939182 0.2483358532190323 13.25139058381319 12.66835457086563 40.71145540475845 4179.232184164226 67.43377060443163 0.7324318364262581 39.04361787438393 451.1848538741469 2.668499693274498 75.04974539577961 55.35826774686575 6332.087590940297 1386.464226342738 42.36546546220779 3.721833735704422 154.7832311242819 11.37701376527548 486.9699986949563 28.97610576450825 1191.985417380929 79.93592637777328 1255.586279034615 218.4265552014112 273.4975089579821 103.6814737543464 11.45818112790585 28.734907515347 1.215029954910278 0.08848676085472107 1.962191820144653 94.66639437526464 0 7.652748636901379 222.5670234188437 15.77551489323378 50.43050437420607 55.93055449426174 0.6698653995990753 61.63208693265915 1.826774470508099 13.17676081508398 0.1561666131019592 0 0 0.5867343991994858 0.1667072474956512 65.13179274648428 0.5254046320915222 1.216577306389809 0.4115674868226051 194.0949968472123 0 5.1799570992589 12.34527717530727 534.6661899983883 8.773535490036011 1.195679113268852 0.4641088321805 0.7795891165733337 0.4088740795850754 2.744296476244926 2.453911192715168 47.3820276260376 1.555528901517391 15.63830256462097 4.886533014476299 51.75207415223122 1.071003384888172 1.466858446598053 0
10.238959223032 244.0854815989733 56.9346449971199 6.433651722967625 21.22115620970726 74.60440912842751 42.75890784710646 96.1572724506259 48.50925475358963 104.2191161215305 13950.49082048982 104.7529193684459 4218.545292057097 196.9440070018172 2.154602825641632 4.600146412849426 876.8807387501001 3215.777941919863 6843.753501132131 55.19060919433832 26.47995340079069 202.190696194768 118.5715312808752 53.60089731216431 450.8047433272004 6699.395522639155 1779.242434903979 31.21295095980167 283.9719206169248 34.43978659063578 1224.317739374936 230.5676622912288 18.37622687220573 3175.643750615418 3.019775286316872 436.4143743887544 2816.593382693827 1561.411974847317 262.3142709508538 84.35132072120905 62.75398442149162 625.7978875264525 7.120969705283642 0 6.896612301468849 0 0.3673267215490341 0 0.08816676586866379 7.635984912514687 1.41694749891758 2.859463483095169 0.07977552711963654 154.4227172955871 0.09179922193288803 732.8142504319549 0.5939938798546791 0 0.1696640849113464 0.2332071661949158 4.660335324704647 4.811718717217445 0.7830033004283905 0 0.3670589253306389 0 6.614794529974461 27.09829173982143 68.89657880365849 267.5058451443911 10.39236181229353 0.5943510830402374 0.7086514234542847 41.28407537192106 0.2860244289040565 0 13.42227198183537 5.977892719209194 17.78392914682627 298.2193605974317 26.27296084910631 2.529321327805519 1.859976924955845 0.2507173120975494 117.3362842947245 0
2.165640443563461 1.738816440105438 6.907959431409836 2564.409078761935 251.1408954411745 4335.592661090195 331.2654867246747 1320.237002581358 416.5888887792826 4784.236301817 104.7529193684459 9680.869434200227 34.06291832774878 788.2284722775221 1064.548217564821 0.9497431218624115 4.545624293386936 10.8951061591506 22.46188931912184 8027.037400715053 1.705749779939651 8.536849096417427 3.417103134095669 598.1594332158566 1.746853321790695 49.03019248694181 33.97541255503893 988.3656191602349 593.8910829946399 2.898048430681229 2.341699235141277 280.9825980737805 1.065247133374214 399.3689163923264 12.05051837861538 869.4413972496986 45.94413037598133 576.2458099573851 55.37730471789837 3309.519338607788 74.62162227928638 13.11380122601986 2.891738966107368 0.1495238542556763 0.2636181637644768 0.2570482194423676 204.8870911002159 0 4.74533024430275 13.15274067223072 2.586464948952198 92.65915884077549 33.78090454638004 0.3800675496459007 150.2111235931516 1.060911752283573 1.499469727277756 3.34257173538208 0 0 0.09344220161437988 0.2411106899380684 48.42962995171547 0.1730361431837082 0.9382211416959763 0 67.85830021649599 0 2.367027953267097 4.943044163286686 102.6285843551159 1.197982653975487 0 0.7329793050885201 0.1399799734354019 0 1.282006919384003 0 35.16456384211779 1.42856127768755 2.186736524105072 0.1513704359531403 78.31038285791874 0 0.4397332519292831 0
0.6843821182847023 936.8797738626599 22.56721343845129 5.225807502865791 8.783231392502785 27.55089860409498 23.18970349431038 31.7158872410655 151.009896248579 36.12837475538254 4218.545292057097 34.06291832774878 4981.589907497168 36.48676503449678 4.055517241358757 4.454316377639771 9.414233610033989 90.58453264832497 69.46247915178537 24.95212782174349 4.496382132172585 570.0506151169538 14.12892111390829 137.8204436525702 3778.589937143028 1141.142205558717 7814.327939666808 27.70037008821964 22.91254632920027 15.99792449176311 2622.953599914908 80.6590118855238 1.801365658640862 942.6307246536016 22.38872726261616 2433.615438744426 5873.258723042905 4666.540657810867 341.8904202356935 139.0549564287066 160.3627595752478 1044.377131342888 28.16544516384602 0 18.18689013272524 1.074023261666298 0 0.1446471065282822 0 1.375619247555733 1.279736161231995 4.390795439481735 0 520.2683332189918 0.2050987556576729 2579.903795406222 1.480416059494019 0 0.1088616251945496 0.4906484112143517 2.349894098937511 0.9431453943252563 0 1.13698673248291 0.38736592233181 0 3.765894934535027 284.8468736335635 41.91480553150177 458.7482107281685 4.81099946051836 1.638548769056797 0.2238794565200806 90.6755323112011 0.5895896106958389 0 43.82930428534746 18.76481681317091 254.8220507875085 743.4454145953059 87.52477890253067 27.03599932789803 12.1361420750618 4.624783918261528 295.7440588772297 1.130661845207214
5735.203687027097 1.505277812480927 2123.268572539091 144.5249477773905 5.419813133776188 1003.167075008154 8166.183356113732 10804.14893954247 21.26277812570333 2503.342973358929 196.9440070018172 788.2284722775221 36.48676503449678 14519.37899556011 28.95556234568357 0.8338571935892105 987.0900724977255 13.9246956333518 103.7971217036247 652.2093432769179 643.2506663352251 1.367045611143112 1581.226146042347 312.35851149261 1.578513376414776 448.4043174982071 202.0260424241424 892.5848322510719 6104.352220192552 5194.407387301326 3.057694159448147 896.3889926820993 42.311528429389 1153.710619263351 7.037480741739273 469.0093556419015 115.7075853198767 568.1005116403103 82.67760574817657 467.3946430161595 68.71526307612658 15.68427580595016 9.383689641952515 1.317037120461464 0.6895043849945068 2.64383914321661 3.358776211738586 0 0.1704061776399612 44.91297841072083 1.550284244120121 13.92227024585009 2.746393889188766 1.128773622214794 1.852778300642967 1.39664863795042 5.639423064887524 0 1.732273884117603 0.1261013299226761 0.227193258702755 0.1480695158243179 1.34998345375061 1.322801515460014 1.998113013803959 2.944574743509293 67.87006668746471 0.2875500619411469 8.359899893403053 23.63220530748367 105.8011419549584 5.396510809659958 14.73683805018663 0.2977621853351593 0.38864965736866 0 0.2361999228596687 0.5866303741931915 26.65011705458164 3.095425173640251 7.196929663419724 1.315015196800232 4.614153921604156 0.1986864656209946 0.1238760426640511 0
0 9.556482583284378 0 72.41919791698456 1672.911547727883 1339.984841123223 14.29079001396894 375.8354932740331 925.2034606784582 35.23153246939182 2.154602825641632 1064.548217564821 4.055517241358757 28.95556234568357 582.3759879767895 0.5630230009555817 0 0 0.09285812824964523 182.0108475089073 0 33.9622270911932 0 1056.80991782248 3.940805189311504 0.7769276797771454 33.10431473702192 107.1220982074738 9.275502480566502 0 0.1296268701553345 481.7751227095723 0 16.96607255935669 0 113.8802038654685 0.2117405757308006 9.821337766945362 5.709770366549492 1190.170055277646 100.5684281513095 0.6524791568517685 0 0 0 0 1.85587514936924 0 0 2.205704644322395 0 8.420464500784874 0 0.1056301221251488 1.110900908708572 0 0 0 0.3174227923154831 0 0 0 1.487102821469307 0 0.5818394422531128 0.1307229250669479 3.039029605686665 0 0.1293465346097946 0.1402947753667831 9.910220250487328 0.2693709060549736 0.1493547260761261 0 0 0 0.3146335482597351 0 14.74156568944454 0.1582551896572113 0.7407869324088097 0 3.158677995204926 0 0 0
0.5966603457927704 140.1223316863179 6.748801350593567 0 0.209902286529541 0 4.172681502997875 0.6299133896827698 35.99610213190317 0.2483358532190323 4.600146412849426 0.9497431218624115 4.454316377639771 0.8338571935892105 0.5630230009555817 3474.410294890404 17.18293086439371 0.3001998960971832 1.427112489938736 0 5232.401171348989 2547.960289999843 6660.489458136261 2303.145965263247 3.426419951021671 5.143756993114948 6745.256876714528 1319.915044695139 1.592920519411564 17.3584103807807 0 0.3779338225722313 0.5122063159942627 77.63044038414955 29.40627688169479 1655.717809930444 984.7755540907383 522.9719614908099 663.938920378685 67.31072495877743 3.061581164598465 7.390423119068146 9.385939732193947 0.7407769709825516 5.385029621422291 24.99893556535244 0 0 0.3156803399324417 5.49897663295269 0.5105668157339096 44.24002455174923 0 0.0897686555981636 0 0.1248451545834541 6.63090705871582 0 4412.622528582811 1.536754913628101 0 0.4978942796587944 0 418.5482100248337 1844.670254908502 2144.032368063927 821.9680999740958 0.3331807404756546 1.069734051823616 1028.369572483003 505.3074701055884 15.85712684690952 55.36165284365416 0.08520437031984329 0 2.225605055689812 2.419333010911942 5.42225170135498 518.4863898530602 6.883056350052357 9.335779994726181 4.909951262176037 8.138901069760323 0.2404671609401703 0.4935677349567413 0
537.5694348439574 20.33443330973387 12000.77995832264 2.183734856545925 2.406869068741798 11.41512832790613 74.35156199336052 203.879431694746 5.540024422109127 13.25139058381319 876.8807387501001 4.545624293386936 9.414233610033989 987.0900724977255 0 17.18293086439371 4123.796984925866 213.4815872609615 3152.845367908478 4.284590668976307 737.7436403930187 7.22052276134491 4513.488924838603 18.57749641686678 7.55658808350563 9701.289702966809 7793.998889967799 46.20458480715752 1138.590163327754 2404.715674757957 3.502658694982529 8.84888469427824 101.627882130444 4367.008101038635 8.268838912248611 321.8793368712068 1493.054026536644 1237.335841655731 207.107018366456 13.70955800265074 1.321418762207031 23.49149316549301 1.426601782441139 0 18.947968326509 20.74029875546694 0.0869612991809845 0 0 1.992246389389038 0.1201929301023483 0.6820340603590012 0.3896283507347107 0.3073212206363678 0 7.043014645576477 0.2199712842702866 0 0.8394755497574806 7.635560072958469 1.991598770022392 10.84690613299608 0.5573946237564087 0 1.799476429820061 0.5291296541690826 2.529926910996437 1.771392941474915 248.8177589550614 387.5581819117069 2.841397449374199 0.3644703328609467 0.2393447235226631 1.177515886723995 0 0 2.013323627412319 0.5928739309310913 9.139228686690331 48.58275902271271 6.523982428014278 1.045477375388145 0.3335649073123932 0 0 0
0.7828531861305237 2.926078461110592 36.6565043926239 0.279098741710186 0.6980790048837662 7.969192318618298 7.348444811999798 6.305208832025528 1.618902370333672 12.66835457086563 3215.777941919863 10.8951061591506 90.58453264832497 13.9246956333518 0 0.3001998960971832 213.4815872609615 406.0034909546375 1334.19395045191 6.735961437225342 1.242681816220284 2.05449116230011 14.59709291160107 2.506980918347836 26.02205599844456 2958.318467110395 594.8894145563245 3.567777708172798 17.85634826123714 2.903350710868835 43.3072082772851 13.11528943479061 0.6759015396237373 322.6870481297374 1.673399895429611 258.7030370980501 898.5050690546632 830.95653321594 284.3511943072081 9.118953071534634 3.313432537019253 64.25101225078106 1.948732644319534 0 2.260465852916241 0.2252513021230698 0 0 0 0.3992438986897469 0 0 0 17.93927127122879 0.1238579154014587 151.5837917849422 0.09756165742874146 0 0 0.3428492695093155 5.318738013505936 1.886126793920994 0 0 0.2391306906938553 0.1214193776249886 0.8758796229958534 12.97794412076473 38.603265799582 266.5270382016897 0.897194892168045 0.09181603789329529 0 33.0307344570756 0 0 0.9965257868170738 2.375891849398613 6.216230757534504 29.1502630263567 2.203407235443592 0.4665509611368179 0 0 1.203739449381828 0
43.20637337863445 18.64961740374565 282.5407939180732 2.852214403450489 4.402387507259846 19.8392445743084 19.78701432794333 31.16882885247469 2.613851644098759 40.71145540475845 6843.753501132131 22.46188931912184 69.46247915178537 103.7971217036247 0.09285812824964523 1.427112489938736 3152.845367908478 1334.19395045191 2323.663444295526 16.88569655269384 45.42864887416363 7.06849742680788 280.134252525866 7.653514266014099 27.37820126116276 9521.712800383568 2599.305102899671 12.17136158794165 153.9148830771446 62.82125993072987 10.81721482425928 32.13604464381933 21.941116720438 3477.432495035231 3.604981914162636 747.795462243259 3030.572373971343 1686.78993730247 663.5577010735869 19.61034817993641 6.123468987643719 55.95381128042936 4.860590025782585 0.2189967185258865 40.24248126149178 1.510014280676842 0.1150964200496674 0 0 2.334442779421806 0 0.3737163320183754 0.4120640754699707 14.48572419583797 0 97.77626856416464 0.3054309040307999 0 0 4.804499998688698 17.88866811990738 49.30684465914965 0 0 0.8926029726862907 0.3377736955881119 2.661350145936012 6.663263417780399 669.9704077243805 1082.114058375359 3.163846924901009 0.3965775892138481 0.8280429467558861 28.82641447335482 0 0 2.262238055467606 5.775951385498047 12.0184463262558 107.8452584147453 12.75396569818258 2.185890428721905 0.6305055171251297 0 0.4037197977304459 0
11.32914155721664 0.1025819778442383 6.19861076772213 4651.510140091181 34.57724709808826 670.6585048735142 331.8020733296871 775.1644822657108 537.7460857480764 4179.232184164226 55.19060919433832 8027.037400715053 24.95212782174349 652.2093432769179 182.0108475089073 0 4.284590668976307 6.735961437225342 16.88569655269384 1288.038103163242 1.929701387882233 0.09419669955968857 3.702647335827351 825.9164294227958 0.600797213613987 36.90092246979475 21.67149176448584 3786.277209058404 539.0741229578853 10.8950290158391 1.531746372580528 92.67657055705786 1.997921109199524 225.7331261783838 8.789746679365635 813.2601134702563 39.15061563253403 528.3508237525821 78.31873743236065 1201.366440482438 52.96897201240063 8.308070115745068 11.64101807773113 1.2917126044631 0.3872543722391129 2.531490564346313 146.9046648740768 0 6.513569712638855 218.9876201227307 18.45140735059977 165.9818862825632 47.29194948077202 0.7286610454320908 94.53763685375452 1.480709098279476 12.62720093876123 3.124600782990456 0 0 0.2131884694099426 0.1236166134476662 124.3915479332209 0.1608554869890213 2.688041284680367 0 275.1998820900917 0.3780577704310417 1.933202236890793 6.372366309165955 613.9107766374946 6.766658931970596 2.716173991560936 0.3688194677233696 1.440130352973938 0.1515491455793381 2.227450355887413 1.003500089049339 87.10484734922647 1.690526492893696 15.37946128100157 3.335156545042992 135.2291152179241 3.050186216831207 0.1326098144054413 0
182.9720796793699 5.27547724545002 143.5131039321423 1.350294403731823 0 70.05566666275263 1580.799106247723 356.9758431836963 4.755761116743088 67.43377060443163 26.47995340079069 1.705749779939651 4.496382132172585 643.2506663352251 0 5232.401171348989 737.7436403930187 1.242681816220284 45.42864887416363 1.929701387882233 19971.51995165646 98.12908461689949 12575.99724012613 188.7389567643404 0.5839187726378441 26.4894282668829 1487.691526815295 4675.584754116833 436.5283181816339 13839.67411699891 0 7.541459113359451 69.26452541351318 5155.541714854538 257.8996816799045 6100.197057448328 961.6166137605906 6173.607381105423 3651.226618461311 132.684695661068 13.94270449876785 7.448382861912251 34.63810461014509 3.654971487820148 0.8610915392637253 2.222685530781746 0 0 0.1136985644698143 7.033687904477119 1.844148084521294 24.82881931960583 0.3509655892848969 0.4125107079744339 0 0.4224320873618126 10.32229390740395 0 298.3969462066889 0.5127716511487961 0 0.5948470681905746 0 166.8475675657392 155.6822102889419 59.98246486485004 456.5006505399942 0.2301185205578804 1.571767926216125 24.46708017587662 436.7894480228424 23.97517246752977 68.29835683852434 0 0.0922645777463913 0 2.688241735100746 21.28441199660301 119.0664022266865 0.462222158908844 8.089559108018875 7.789821818470955 9.34782363474369 0.1426961272954941 0 0.3157009407877922
0 1789.002483412623 3.890208654105663 0 5.037796005606651 0.4568403363227844 0.3181574791669846 0.9532544910907745 2258.571183808148 0.7324318364262581 202.190696194768 8.536849096417427 570.0506151169538 1.367045611143112 33.9622270911932 2547.960289999843 7.22052276134491 2.05449116230011 7.06849742680788 0.09419669955968857 98.12908461689949 1219.38369486481 128.5369145646691 6069.205014519393 1068.758693061769 105.090343721211 6693.356255307794 171.0483341440558 4.185678832232952 1.670510470867157 7.513753816485405 1.117818556725979 2.051057294011116 25.15341375768185 0.3561447560787201 16.24804037064314 35.12208941578865 31.37634042650461 7.573805339634418 63.60810220241547 0.9988613724708557 51.37080763280392 0 0.575724259018898 15.69998893141747 35.66205497086048 0.1929239928722382 0 0 2.83869132399559 0.117726743221283 62.70936400443316 0 4.1343142837286 0 17.43052617460489 0.6571674942970276 0.1387177258729935 1233.908401891589 1.175590299069881 0.1095574274659157 0.5970404744148254 0.4807380735874176 68.58321339637041 417.8755144700408 374.9778826609254 318.680518373847 2.329090483486652 21.58825755864382 1316.662726223469 95.02044612169266 1.050555944442749 6.395578972995281 0.9827257320284843 0 0 0.7955962270498276 0 27.62017729878426 9.740570038557053 3.250902861356735 1.510081991553307 1.538484185934067 0 1.833031475543976 0
838.6927348151803 3.524691164493561 11295.81128614396 0.5917143076658249 3.075728252530098 36.21451251208782 833.6062143221498 410.768773034215 5.861554704606533 39.04361787438393 118.5715312808752 3.417103134095669 14.12892111390829 1581.226146042347 0 6660.489458136261 4513.488924838603 14.59709291160107 280.134252525866 3.702647335827351 12575.99724012613 128.5369145646691 19842.29242076725 495.5384835079312 0.3083949983119965 759.4803760573268 9816.185069583356 2507.338662721217 1356.616279713809 8189.03556073457 2.423179797828197 13.50821509212255 170.0915432944894 7152.338492527604 257.4927804842591 12088.70312810689 6262.03984554857 11910.48763575405 9751.795737698674 868.7763250619173 22.77350585907698 35.04407904297113 71.30532333254814 2.263284549117088 1.787358224391937 87.12089169770479 0 0 0 10.2369360178709 1.211160227656364 11.58374088257551 0.1529023498296738 0.1035153865814209 0 0.3352064117789268 2.77362647652626 0.1300534605979919 2174.959801509976 1.435178972780704 0.8157237097620964 0.4490822553634644 0 112.6822677925229 471.3908073231578 1396.700425483286 198.182281948626 0.126818522810936 10.08473888039589 1040.564941294491 119.5839193165302 5.28494917601347 18.09619832038879 0.5319354236125946 0 0.4883535951375961 2.86720035225153 26.64621466398239 278.4060263559222 28.89265961945057 7.660579860210419 10.00847131758928 4.345375776290894 0 0.3973502516746521 0
116.1882841736078 657.4892860502005 424.4387813284993 1478.833290018141 116.7890332937241 71.60819460451603 908.3088896498084 113.2293187528849 10895.07711623609 451.1848538741469 53.60089731216431 598.1594332158566 137.8204436525702 312.35851149261 1056.80991782248 2303.145965263247 18.57749641686678 2.506980918347836 7.653514266014099 825.9164294227958 188.7389567643404 6069.205014519393 495.5384835079312 16038.19787643105 226.4374546930194 49.56525525450706 5814.651322454214 10601.13649169356 874.8400217145681 267.5033462643623 1.344623811542988 31.44025431573391 179.6094109266996 316.0227951332927 112.5666406452656 2949.54453433305 166.2609602212906 1017.549495346844 463.9675181061029 1297.819452241063 71.37192168831825 18.08679597824812 37.66269154846668 34.98271261900663 15.60133291780949 31.08947987854481 441.8202520608902 0.5601368620991707 38.90801309049129 2052.26793628931 160.7773326188326 2171.28368589282 215.7094899043441 19.75807623565197 191.1457440778613 9.410948470234871 234.0069976523519 8.905012860894203 580.3607900962234 3.945935919880867 6.155741974711418 6.166960462927818 391.4069231003523 275.2092256844044 671.1380721777678 145.8019471764565 5326.858796544373 3.657589815557003 23.52775774151087 195.2909082621336 6691.55286565423 245.5069348141551 413.1500847861171 4.934173919260502 14.97742898017168 14.41342412680387 74.39741644263268 30.98928662389517 761.460805632174 9.556262999773026 307.2596374005079 84.47937889397144 490.5082125887275 34.31046204268932 2.203278914093971 7.720091246068478
1.667325854301453 1529.155496455729 4.369209378957748 0 0.7048350051045418 0.7791142985224724 3.53572204709053 0.3978940099477768 251.0105082318187 2.668499693274498 450.8047433272004 1.746853321790695 3778.589937143028 1.578513376414776 3.940805189311504 3.426419951021671 7.55658808350563 26.02205599844456 27.37820126116276 0.600797213613987 0.5839187726378441 1068.758693061769 0.3083949983119965 226.4374546930194 403.0169980823994 850.1171269342303 6650.221692107618 19.01782423257828 2.002635091543198 3.841133207082748 97.90369277447462 2.843328028917313 0 72.72072125226259 0.1592177003622055 328.0318523421884 408.3741239830852 310.0434733778238 44.69940484315157 43.97694977372885 5.53766143321991 412.4109454452991 0 0 37.85536935925484 0.1287438124418259 0 0 0 1.016590982675552 0 5.489555738866329 0 90.41913847625256 0 496.8111213371158 0.2293665334582329 0 1.656455688178539 0.762284129858017 2.154771566390991 7.448747836053371 0 0 1.394081301987171 0.3122241199016571 1.185815557837486 50.06459701061249 78.09777587652206 296.3155061900616 1.309547156095505 0 1.873796463012695 14.23766025900841 0.4227034747600555 0 8.620993420481682 1.067418612539768 168.5627292692661 60.70969894528389 9.870518930256367 0.1087165623903275 0 0 24.33489632606506 0
155.3261496126652 232.5079178735614 4866.712092317641 4.146294198930264 3.24744376540184 39.80482817441225 59.19150584936142 141.9413195773959 63.01171690970659 75.04974539577961 6699.395522639155 49.03019248694181 1141.142205558717 448.4043174982071 0.7769276797771454 5.143756993114948 9701.289702966809 2958.318467110395 9521.712800383568 36.90092246979475 26.4894282668829 105.090343721211 759.4803760573268 49.56525525450706 850.1171269342303 21255.41057349741 10800.03616864234 36.01462354511023 344.5346778482199 82.59277690201998 348.0008396431804 59.84051357209682 17.92658325284719 3768.975638486445 28.72540878504515 4118.602485612035 10950.00767065585 6071.09151533246 1998.799475200474 97.81599545478821 14.54441333562136 555.7184916362166 18.66960064321756 0.7111737281084061 604.8651048839092 24.44396974891424 0 0 0.07668311148881912 5.056885607540607 0.6978296339511871 6.276365838944912 0.768238365650177 199.0591589137912 0.184717483818531 1947.409976840019 3.04960011690855 0 0.4270980209112167 53.85366707295179 105.6477502435446 232.7829788327217 0.0922914519906044 0.8954998776316643 7.850172981619835 3.069027334451675 7.397971972823143 280.106316074729 4125.957746744156 8698.854983516037 5.757944963872433 2.97319183498621 4.922582119703293 319.9370630830526 1.146562360227108 0.3134239464998245 28.24721369892359 24.73667254298925 87.51027356088161 708.281425319612 92.99828922748566 23.62820825725794 1.56112876534462 0 15.64162816107273 0.2166387587785721
68.40402653068304 6340.460583366454 12146.31070720404 2.888957627117634 9.983299754559994 30.89616726338863 153.2708947882056 69.33890528976917 1748.273147135973 55.35826774686575 1779.242434903979 33.97541255503893 7814.327939666808 202.0260424241424 33.10431473702192 6745.256876714528 7793.998889967799 594.8894145563245 2599.305102899671 21.67149176448584 1487.691526815295 6693.356255307794 9816.185069583356 5814.651322454214 6650.221692107618 10800.03616864234 26860.47458463162 2759.681943669915 234.2740093544126 155.2685691714287 1430.14543299377 40.8104630112648 23.19715504348278 4257.774963647127 142.0426405593753 10659.72071969509 6625.246698476374 10753.4024579078 5003.541425161064 687.4704824313521 29.9984650015831 286.1658110767603 50.69067234545946 3.931557156145573 3358.089458554983 2541.543321281672 0.9970368966460228 0 0.7258617058396339 48.23950089514256 5.915112033486366 35.62317376583815 0.3701808601617813 217.6185372248292 0.3583037406206131 2379.637154445052 9.990913771092892 0 1347.499481707811 159.3461188822985 84.86911402642727 192.3836350142956 0.4452592730522156 18.65940722078085 2040.649674639106 1630.697438850999 107.7145072370768 534.6434973329306 5467.255146309733 33069.77837341279 79.01362755894661 8.189006574451923 15.27278777956963 332.2374584749341 0.7830770537257195 0.7752988189458847 52.35605645179749 74.49107621610165 205.3236328586936 1234.87302672863 216.1329580023885 59.91563353687525 5.7760389149189 0.157506912946701 19.1696877554059 2.144974589347839
252.8197958469391 10.4028721600771 656.565280765295 4796.666489332914 15.95977488905191 1179.944163396955 15885.07981046289 398.8149832934141 1550.391755320132 6332.087590940297 31.21295095980167 988.3656191602349 27.70037008821964 892.5848322510719 107.1220982074738 1319.915044695139 46.20458480715752 3.567777708172798 12.17136158794165 3786.277209058404 4675.584754116833 171.0483341440558 2507.338662721217 10601.13649169356 19.01782423257828 36.01462354511023 2759.681943669915 29181.47585964203 2075.299988150597 12262.31996019185 1.41188021749258 51.42383436113596 489.4425581619143 1419.734507888556 318.2406592518091 5774.895012669265 280.3141107261181 2987.208231456578 1406.483714811504 684.1488397419453 111.1726795732975 14.24968298524618 86.64332971721888 34.32380182296038 5.101677224040031 20.89451512694359 375.9645164310932 0.2631942704319954 33.71520014107227 1973.355495795608 153.6615884974599 777.6073536127806 158.0499642044306 18.7193344309926 141.3028829172254 4.784894682466984 230.6981333121657 3.567160926759243 234.7343469336629 5.406476885080338 6.826259680092335 3.537827357649803 268.7018568888307 152.9629299193621 188.5395886972547 50.69060033559799 3381.409373007715 1.043779507279396 13.37718971818686 83.26944327354431 5073.119152761996 220.4747868850827 391.464572943747 1.657546855509281 13.67634968459606 13.13313996046782 58.72843926399946 32.53878093510866 706.4870575889945 5.742689438164234 249.0601825639606 70.79693964123726 386.7110326364636 19.12112199515104 8.175871506333351 7.774633571505547
