1166.16905207932 0 205.9681680426002 1.375028900802135 0.1860521137714386 7.532265722751617 2644.355370655656 146.9958098605275 0.1450132876634598 39.22624884545803 9.2331238463521 1.77745097130537 1.375009447336197 6810.667393632233 0.4704222828149796 0.1020761430263519 212.1333792880177 13.40385635197163 38.98793392628431 2.36187881231308 63.43786808848381 0.7775434851646423 190.770653821528 2.697350487112999 0 26.82332137227058 18.7343033477664 15.00893228501081 3168.771047845483 2770.832479506731 0.2305302992463112 1.687699794769287 43.74838633835316 144.5150168836117 0.1063887923955917 28.17243544757366 16.02171650528908 62.18029171228409 10.52831767499447 1.59393972158432 0.6357638239860535 0.09115277975797653 0 0 0 0.216124415397644 0 0 0 0.1164680048823357 0 0 0 0 0 0.1147255077958107 0.1501300483942032 0 2.454810783267021 0.09835852682590485 0 0.0986766591668129 0 2.837463319301605 0 0 3.31955175101757 0 0.125459298491478 1.206333078444004 8.927511222660542 0 3.167734056711197 0 0 0.2995198667049408 0 0 0.1477329581975937 0 0.3540808111429214 0 0 0 0 0
0 240.9382918775082 8.427164688706398 0 0 0.5642770603299141 5.036238059401512 0.3082913458347321 482.3477988988161 0.6133101359009743 130.0370004475117 2.619322657585144 1419.605701476336 1.113120339810848 8.025805495679379 104.806226670742 32.8899582400918 5.73595929145813 18.44018639624119 0.2313263118267059 5.095991276204586 2181.008104398847 3.3218709602952 830.537452571094 2175.872681438923 117.3705688863993 5550.246076717973 37.35308719426394 1.049534179270267 2.729273967444897 23.54933248460293 0.244046077132225 1.080727480351925 87.69731499999762 2.568682968616486 34.13469789922237 59.04586605727673 111.527720682323 12.0003919750452 7.286600925028324 0.4848810434341431 229.2608902603388 0 0.2072293534874916 72.32997618615627 14.2364559918642 0 0 0 0.3063800632953644 0 1.73657289147377 0 4.748029127717018 0 38.45454752445221 0.3543515726923943 0 4.141758434474468 5.657654128968716 1.570409566164017 6.13449501991272 0 0.2038478627800941 6.235550872981548 0.8049494102597237 4.434037782251835 49.5975556820631 136.0708942785859 885.0918788984418 3.935745172202587 0 0.4204784333705902 10.14136245846748 0 0 2.147046193480492 0.2999938726425171 10.64442675560713 6.819047436118126 11.57104928046465 2.336821295320988 0.1340342462062836 0 1.944685906171799 0
205.9681680426002 8.427164688706398 6828.090451844037 0.1915399730205536 2.57760214060545 91.39792833477259 1441.209565624595 1848.217102147639 2.875309191644192 20.75077275931835 31.74465318769217 2.240478508174419 10.23389475792646 1602.296153835952 1.4764059856534 10.45268724113703 5965.099572427571 235.229593038559 697.1874599605799 1.3587282076478 366.6715106740594 16.00872031599283 8577.678006745875 45.70146242529154 1.23236658424139 8397.890600793064 10884.35828877985 279.9209337830544 328.8914461508393 1213.835044637322 1.745821736752987 13.825568549335 12.68648906797171 1041.789801321924 53.7155587002635 2897.43016500771 4149.752928651869 2621.447359882295 924.0721679180861 80.36020296812057 6.319984801113605 7.305574856698513 16.59849274158478 3.775637499988079 213.5323565974832 786.3162088990211 0.2374315410852432 0 0 11.06219895929098 2.8749980032444 1.163001857697964 0.5747576057910919 1.553506672382355 0 2.409842729568481 6.905956715345383 0 13.65499217063189 62.24934360384941 0.6911054998636246 20.48077455163002 0 3.558547057211399 76.4229608476162 80.14048815518618 13.52318865060806 3.85644955188036 273.7182158827782 2644.837007932365 10.93707513809204 1.523932173848152 4.390194237232208 1.321556322276592 0 0 5.986098416149616 21.34840047359467 59.8704631254077 9.427494816482067 38.65888503193855 22.25511012971401 0.2012601047754288 0 0.4006581157445908 0.4568990468978882
1.375028900802135 0 0.1915399730205536 1777.218045130372 1.765854567289352 83.81708188354969 102.9696454033256 13.73022493720055 1057.719320818782 5097.726803660393 3.046813145279884 2608.232348442078 4.500441938638687 29.2616134211421 65.8769907951355 0 0.131340429186821 2.370854556560516 0.5132642611861229 3570.309408843517 0 0 0.3369463905692101 1593.722050130367 0 1.121758207678795 0.4338872730731964 4763.724067717791 42.09121978282928 0.3935458809137344 0 3.070436038076878 0.9882538393139839 28.84112744033337 4.008892729878426 152.7132511585951 0.9945278987288475 48.5379146784544 29.52236610651016 125.2422732710838 4.887991055846214 0.3117775246500969 1.871774435043335 0.7291914224624634 0 0 173.7116003483534 0.7700036093592644 6.218157254159451 111.0890401378274 1.470777191221714 109.5430701822042 239.5365934222937 0 129.3076086938381 0 1.480447307229042 1.767680667340755 0 0 0 0 163.8489565327764 0.1345610320568085 0.6747513711452484 0 159.2744578868151 0.1455972939729691 0.1914395242929459 1.027985006570816 272.0055003017187 1.249187335371971 0.5709079504013062 0 0 0 4.302864626049995 3.481912106275558 21.88274154067039 0.3827995657920837 6.443349532783031 7.276641860604286 42.49905142188072 2.066262662410736 0 0
0.1860521137714386 0 2.57760214060545 1.765854567289352 238.0153560340405 489.8882474452257 7.104602627456188 70.84276025742292 52.6859297901392 16.23632761836052 119.7924439534545 91.51373934745789 11.63482110202312 23.85015354305506 1984.672451116145 0 2.325843833386898 15.0391098856926 8.320143930613995 5.66230982542038 0.09245309233665466 0.1365378648042679 0.5393286272883415 13.63915632665157 0 7.762285389006138 4.038611903786659 3.30985115468502 57.92983569204807 0.4121309444308281 1.127666264772415 462.5724017992616 0 659.1992683112621 1.688937813043594 119.3672849833965 5.333818063139915 143.840618930757 18.22522033751011 1854.425041943789 135.3732148706913 1.530762881040573 9.623691067099571 0 0 0 0.1894327402114868 0 0 0.3733634948730469 0 0 0 0 1.973589062690735 0 0 0 0.826877236366272 0 0 0 1.632229804992676 0 0 0 0 0 0.3238269239664078 0 0.6080504655838013 0 0 0 0 0 0 0.1808035522699356 1.856598362326622 0 0.1051259860396385 0 0 0 0 0
7.532265722751617 0.5642770603299141 91.39792833477259 83.81708188354969 489.8882474452257 10200.65383604914 3354.952161647379 5676.571272939444 346.4324951395392 7737.414780363441 257.1429165750742 3901.777923546731 68.50975903123617 1095.037550024688 2378.913607291877 1.153601966798306 19.95727071166039 59.0341227799654 27.45814941078424 467.0810111537576 18.85361219197512 1.089657291769981 39.05480938404799 177.8495321199298 0.6050035879015923 46.31524075567722 26.86542600393295 1066.821069449186 788.28123331815 35.26520840078592 5.826158054172993 1064.149846039712 13.93756358325481 996.0702131539583 11.41575147211552 719.1246726289392 39.8460346236825 736.0229129642248 177.5235760658979 2892.461444124579 527.8143362700939 14.6453640460968 17.44045253843069 0 0 0.2422238662838936 29.04047367721796 0 3.830160781741142 47.9351265206933 2.593588061630726 12.24252001941204 51.50820771604776 0.6421063840389252 45.91602585464716 0.3677467778325081 1.072084359824657 1.730191290378571 0.4921756535768509 0 0.4134761616587639 0 31.59668276458979 0.4331622496247292 1.016255289316177 0.1271338909864426 42.72766830027103 0.2009500041604042 0.8877201229333878 4.251361571252346 69.50225900113583 2.489674314856529 1.586532413959503 0.2273468822240829 0 0 0.5245844200253487 1.875429928302765 20.66119640320539 0.7342278957366943 4.703889295458794 3.356700398027897 32.32317022979259 0.3658261597156525 0.3323016092181206 2.043737173080444
2644.355370655656 5.036238059401512 1441.209565624595 102.9696454033256 7.104602627456188 3354.952161647379 17396.0256081149 3840.244237914681 354.5596610456705 8187.054425902665 48.23131293803453 214.2921039685607 19.25965742021799 9033.769964367151 66.28303515911102 35.57924469560385 107.4752389267087 25.96506946533918 25.01433103531599 36.73582665622234 1053.937911629677 25.98472708463669 1014.38569958508 2583.021380588412 0.9015553370118141 162.5410650074482 663.8466541692615 16883.04445142299 2731.6080140993 7047.863837838173 2.424338191747665 29.48720763623714 435.8817314952612 797.5851788669825 122.4711473211646 4484.953004494309 135.6633123382926 1780.255899891257 1160.093331821263 188.3324493020773 45.61961377412081 6.956619761884212 28.12592157721519 3.212326221168041 3.672037087380886 11.87547397613525 70.08544158190489 0.1069191470742226 19.04981999844313 730.8926861584187 14.2659687101841 226.7247291728854 177.0146619006991 3.340595416724682 47.80482811480761 0.4225433021783829 23.92711842060089 7.299082159996033 36.98693240433931 3.170804366469383 0 0.9146025702357292 73.41626534610987 15.72574684768915 14.43145449459553 13.41956381499767 565.9283663108945 0.09615019708871841 6.779815904796124 68.39898282289505 788.4970428720117 28.64834886789322 66.82940495014191 0.1005318090319633 0.9333632588386536 1.750113502144814 13.95528426766396 12.46175229549408 281.2947981283069 4.424172386527061 68.27444657683372 25.32508693635464 75.82302162796259 5.259872317314148 4.421691238880157 2.970655769109726
146.9958098605275 0.3082913458347321 1848.217102147639 13.73022493720055 70.84276025742292 5676.571272939444 3840.244237914681 16796.81508495659 17.85263799875975 3494.466723233461 153.4109797626734 389.7810166031122 24.42828017473221 7372.955193690956 199.3807990700006 0.419413223862648 482.1075955405831 52.14334104210138 109.3173151984811 124.8628538548946 344.1628710851073 0.9652860164642334 803.0859133377671 34.73878079652786 0.1036012396216393 238.8255165666342 162.5405917912722 157.6820362731814 637.9000408649445 1437.432026192546 3.049129985272884 245.8996504172683 19.94984553009272 590.311361759901 9.395593754947186 464.2932588458061 105.0741731449962 449.5339086204767 121.5624699145555 523.745837688446 260.4305647090077 6.237647660076618 10.71519124507904 0.9708527624607086 0.5156077519059181 3.232602693140507 1.602506309747696 0 1.155715107917786 22.17042537778616 0 13.85014867037535 8.583418503403664 0 4.427355721592903 0.3064650148153305 1.085788637399673 0 3.503195092082024 0.3297565057873726 0.3494998440146446 0.4876672774553299 1.698597773909569 1.396304853260517 0.4807010516524315 1.53287547826767 35.4061985835433 0.1098701059818268 1.981668718159199 16.26353523135185 46.17519691586494 5.055725239217281 8.683690071105957 0.1991546154022217 0 0.2343180775642395 3.306777253746986 1.600974336266518 15.38582301139832 0.1292476207017899 6.418818965554237 4.880471378564835 0.3587696552276611 0 2.022141933441162 0
0.1450132876634598 482.3477988988161 2.875309191644192 1057.719320818782 52.6859297901392 346.4324951395392 354.5596610456705 17.85263799875975 1824.905539475381 677.7230650633574 8.697986491024494 1701.301877722144 108.4770442992449 10.98489885777235 919.0618452727795 12.20211222022772 1.706537760794163 0.864545151591301 1.517509765923023 1129.332613773644 24.45608569681644 2050.557482749224 8.352784670889378 11184.67107442766 165.8720174208283 6.390341408550739 587.2280356511474 2081.190145596862 22.4139721468091 15.2166234254837 3.639476254582405 7.939255990087986 5.162767723202705 19.01648541539907 0.4392778277397156 413.5729519948363 33.63351822644472 36.7178712785244 24.31776478886604 709.7421776279807 7.933779299259186 9.042315915226936 1.506282269954681 7.49940038472414 2.160616263747215 1.841677211225033 282.5978985801339 0.5832210555672646 14.18721921741962 258.7737440466881 4.592164501547813 210.1385084316134 301.2454491108656 0.9621557220816612 403.0091053396463 1.198128774762154 22.73251347243786 14.08090914040804 213.7918479144573 2.114796914160252 0.6046453863382339 0.8075061291456223 321.4269571229815 59.15485092252493 10.53771991282701 8.376298643648624 1214.322907954454 0.5371962115168571 7.386168278753757 21.77426379173994 936.2336436063051 41.1176780462265 139.8324124589562 1.004446320235729 0.4072587639093399 7.805157713592052 19.26289169490337 5.27193683385849 164.8910131901503 4.270987428724766 38.57016322016716 23.25558194518089 114.3247195854783 3.454690486192703 0.221616119146347 1.516968488693237
39.22624884545803 0.6133101359009743 20.75077275931835 5097.726803660393 16.23632761836052 7737.414780363441 8187.054425902665 3494.466723233461 677.7230650633574 34942.92700877786 153.2386764660478 6710.696892231703 37.77059427648783 1437.746824450791 166.6695958599448 1.094490543007851 13.81870219856501 55.799958974123 29.73907765001059 5457.77681979537 3.954610019922256 0.1201170906424522 10.50959039479494 460.7696592286229 0.887319877743721 39.31525843590498 22.89995936304331 6927.334843151271 1299.394151724875 16.22022280097008 4.818044386804104 69.58131648600101 27.500602632761 801.9840789437294 60.16828526556492 2265.297479949892 54.58841946721077 1355.021935425699 485.323531396687 488.6817170232534 141.0657184496522 11.22821456938982 39.33722846955061 0.2821978777647018 1.301952138543129 0.5378817319869995 239.0340066552162 0 19.65519264340401 404.3463940322399 3.378319017589092 161.5376237928867 390.4232467487454 0.09015513211488724 173.5587189048529 0.6528120785951614 8.105046793818474 3.08920656144619 0.9099595844745636 0 0 0 249.8900766298175 1.217214986681938 1.892399594187737 0.4756998419761658 323.3776275366545 0.1155176535248756 0.157398521900177 2.389039345085621 586.3680140003562 5.947630077600479 2.528374210000038 0.1779364496469498 0.4103118777275085 0.2485872060060501 6.312311291694641 10.20254349708557 88.6579804867506 0.3907354474067688 27.83672001957893 12.70970308035612 59.60879336297512 2.008666381239891 0.6059672236442566 2.277237713336945
9.2331238463521 130.0370004475117 31.74465318769217 3.046813145279884 119.7924439534545 257.1429165750742 48.23131293803453 153.4109797626734 8.697986491024494 153.2386764660478 12651.73147544265 163.2133912444115 1977.963782548904 272.2652020901442 18.83621083199978 0.3110748678445816 271.1311428174376 5147.025005571544 412.7824550047517 42.41537562012672 8.287035144865513 30.32309300452471 45.87366615235806 8.516464062035084 353.7637010589242 1512.066999234259 202.4195721149445 10.25756324082613 611.8598259910941 15.70110770314932 228.2847007662058 296.0048813521862 6.259877823293209 7644.914841458201 27.46143088489771 1143.180431142449 5286.634654685855 5139.856111727655 839.4239839836955 60.99038267880678 25.69178599864244 1299.717058181763 9.560315884649754 0 10.08053661137819 0 0.6635316461324692 0 0 2.836394503712654 0 1.715303763747215 0 339.4641266986728 0.2217422649264336 1012.054065406322 0.6856532245874405 0 0.7456706240773201 0 97.77316831797361 9.377223998308182 0 0.227779284119606 3.497873812913895 0 7.932740524411201 123.9902598783374 185.3099100738764 209.7201961502433 3.972575046122074 0.2305042892694473 0.441622257232666 186.5630836114287 0 0 2.091256745159626 5.008006259799004 44.49713665246964 329.4017776325345 4.694828860461712 0.6713969334959984 8.933493822813034 0 140.3735152408481 0
1.77745097130537 2.619322657585144 2.240478508174419 2608.232348442078 91.51373934745789 3901.777923546731 214.2921039685607 389.7810166031122 1701.301877722144 6710.696892231703 163.2133912444115 7988.60308124125 31.17635743319988 624.2106473967433 1474.145659990609 0 6.064694941043854 44.82918670028448 23.13967107236385 3993.352438755333 0.7816379442811012 7.446094535291195 1.088068477809429 992.7411945164204 1.399883762001991 35.37544836103916 15.67967092990875 796.3003674447536 609.1371383443475 2.642945133149624 4.935523465275764 91.52130252122879 0.9277137592434883 526.2443092539907 10.1445037573576 763.8394518494606 31.18870238214731 851.3708371073008 159.0771557241678 1892.769992746413 96.97989625483751 4.165789023041725 8.528494812548161 0 0 0 110.0316325873137 0.260119616985321 14.5283469632268 127.6937173008919 4.436494007706642 79.08092649281025 216.7760143727064 0.502418577671051 227.9025859385729 0.07124034315347672 3.225609712302685 27.92680782079697 0.6172617375850677 0 0.2421655803918839 0 166.8119092732668 0.3823275864124298 0.15393927693367 0 94.00167713314295 0.1278079748153687 0.6859052032232285 1.88051825016737 212.2825098633766 3.248257927596569 1.500269815325737 0.6057286188006401 0 0 2.216243080794811 0.5387080907821655 58.54638633131981 0.8813218474388123 12.89936673641205 3.744420021772385 141.7244895845652 0 15.41785621643066 0.1913200616836548
1.375009447336197 1419.605701476336 10.23389475792646 4.500441938638687 11.63482110202312 68.50975903123617 19.25965742021799 24.42828017473221 108.4770442992449 37.77059427648783 1977.963782548904 31.17635743319988 4561.290377154946 17.44735698401928 9.928748220205307 4.928461596369743 6.074907034635544 104.9760128334165 7.230333641171455 16.1222492530942 8.154714681208134 409.840066626668 26.52333249151707 127.6464509516954 3734.04853579402 178.040384337306 4507.073314867914 35.45831668376923 47.70166794210672 8.320366926491261 678.6624669358134 28.78026957809925 0.4016559273004532 834.9446465224028 93.35635562241077 3118.202698908746 6064.466524459422 2687.929731637239 747.9561618044972 388.4579147323966 324.0205428525805 1124.18729506433 32.04379905760288 0 44.49967484921217 0.1104187369346619 0 0 0.6106070876121521 9.190822675824165 2.664320044219494 0.7356912419199944 0.3430215790867805 1126.142898499966 0.6104227975010872 2997.309714823961 0.686451219022274 0.2267187386751175 0.6581441015005112 0.5995995849370956 122.1750987321138 11.87418340146542 0.5326982140541077 0.2187701165676117 10.06174986809492 0.4719253554940224 6.15786362439394 482.5255588591099 436.7984435781837 389.735166169703 3.53841707855463 1.124124825000763 1.18880532681942 513.4000899493694 0.2333097606897354 0 12.38415698707104 43.83366987109184 571.4394226744771 824.7513574063778 102.5056583732367 26.98876306414604 89.09803441166878 3.955479964613914 234.8214732706547 0
6810.667393632233 1.113120339810848 1602.296153835952 29.2616134211421 23.85015354305506 1095.037550024688 9033.769964367151 7372.955193690956 10.98489885777235 1437.746824450791 272.2652020901442 624.2106473967433 17.44735698401928 14820.39272954315 88.43741332739592 1.786548562347889 972.3545600622892 118.1003910824656 220.5135823488235 218.0592487975955 357.1543424502015 1.888343267142773 1027.224533841014 39.84992335736752 0.2215530276298523 249.0631460174918 159.3618457242846 187.297348074615 5403.22355889529 4549.120898976922 7.596530050039291 36.34604118019342 26.81728372722864 958.2990732863545 4.746832020580769 449.9194675311446 116.3464596271515 512.2327294275165 110.3876461610198 251.5997971370816 42.95531254261732 7.190726310014725 7.679398000240326 2.29278015345335 0.534618467092514 2.459350012242794 0.6546483635902405 0 0.0934540182352066 17.49194487184286 1.52817140519619 12.78235954791307 1.150336444377899 0 3.707455106079578 0.5201529264450073 0.9135561734437943 0 8.780533149838448 0.69246806204319 0.2658157274127007 1.026262864470482 0.4920639246702194 7.633824326097965 1.625409744679928 3.192868083715439 40.48343461751938 0.09534960240125656 3.599218115210533 15.21308571845293 56.08876407891512 4.003656797111034 20.30195686221123 0.2416377738118172 0 1.238562077283859 2.034303918480873 2.109434843063354 21.24896528571844 0.153137668967247 2.657216094434261 2.105295643210411 0.1545519083738327 1.061924368143082 0 0.294096827507019
0.4704222828149796 8.025805495679379 1.4764059856534 65.8769907951355 1984.672451116145 2378.913607291877 66.28303515911102 199.3807990700006 919.0618452727795 166.6695958599448 18.83621083199978 1474.145659990609 9.928748220205307 88.43741332739592 1072.134393706918 0 0.6196936890482903 5.070584177970886 1.334965370595455 125.8483911678195 0.1119645684957504 27.76929950714111 0.2904424667358398 684.4754597917199 2.347889699041843 3.826664760708809 16.7018608301878 121.7860049828887 86.2006917744875 0.6483800634741783 0.7136655375361443 882.102820917964 0.1311067640781403 134.3741437643766 4.047824427485466 73.28537145256996 2.775417029857635 71.1298138871789 28.13783114403486 1974.387509562075 167.3172972202301 1.758464232087135 0.244044117629528 0 0 0 2.409637629985809 0 0 3.739087663590908 0 4.138660967350006 11.52159176766872 0 20.66042111068964 0 0 6.665529727935791 0.1149783283472061 0 0 0 2.843535616993904 0 0.650122195482254 0 4.407721877098083 0 0.1136769652366638 0.4030012190341949 8.13660379499197 0 0 0.1252714395523071 0 0 0.3405815362930298 10.34896564483643 1.157292693853378 0 0.1498721539974213 2.249928176403046 7.201084703207016 0 0 0
0.1020761430263519 104.806226670742 10.45268724113703 0 0 1.153601966798306 35.57924469560385 0.419413223862648 12.20211222022772 1.094490543007851 0.3110748678445816 0 4.928461596369743 1.786548562347889 0 3243.642191141844 21.18764670193195 0.5187811926007271 0.9997824653983116 0.3357052057981491 2041.670225329697 3506.134441994131 2477.711812034249 3129.998198881745 8.011549353599548 7.186345860362053 3506.833189420402 2782.819061920047 7.185872405767441 10.78513668477535 0 0 2.886957384645939 55.66286620497704 42.48695331811905 1406.63416454941 593.5659564062953 478.1100563034415 643.4596280306578 61.53682696819305 0.7710884213447571 2.219835221767426 13.11245964467525 0.6266867518424988 7.748760312795639 173.3936821445823 0 0 0.8817465156316757 33.43937506526709 1.832083642482758 6.508629076182842 1.934886761009693 0.3038962185382843 0 0.1237387433648109 7.357056178152561 0 2600.403022781014 3.281319506466389 0.1557955741882324 0.8109446465969086 0 218.4647826552391 716.9328391179442 1333.928200006485 126.4384483620524 0.4563728719949722 7.90651898086071 1243.488979615271 138.5592896193266 1.250750012695789 43.25910061597824 0.3441679254174232 0 0.2749668136239052 9.439018592238426 8.026823729276657 83.06780575215816 7.993409261107445 44.99837247282267 39.3502244502306 0.4948249906301498 0.1993974894285202 0.3211427927017212 0.2249218970537186
212.1333792880177 32.8899582400918 5965.099572427571 0.131340429186821 2.325843833386898 19.95727071166039 107.4752389267087 482.1075955405831 1.706537760794163 13.81870219856501 271.1311428174376 6.064694941043854 6.074907034635544 972.3545600622892 0.6196936890482903 21.18764670193195 1159.652369298041 591.8997832685709 4523.741428934038 3.328446969389915 432.8938566148281 7.75371976941824 7435.812198758125 27.85854203999043 2.53155156224966 2684.478528246284 4861.79695289582 50.30451114475727 1006.784855574369 1453.436025217175 0.8675533756613731 8.852343544363976 85.09955220669508 4265.885449558496 7.541253387928009 667.2942788153887 1778.325107969344 1725.645953543484 415.2902512922883 7.138165175914764 0.9296722188591957 11.18191451579332 3.508318357169628 0.1284223347902298 49.70599315315485 32.61302728205919 0 0 0 0.4977941438555717 0.8380241319537163 0 0 0.1482048183679581 0 3.355352982878685 0.7460063025355339 0.1234488561749458 7.25404180586338 39.2513766810298 0.9534412622451782 28.38099063932896 0 2.253882490098476 3.451171949505806 2.554947473108768 5.575804561376572 2.962903656065464 304.7966533601284 501.0714759230614 4.223692826926708 0.5278909057378769 1.219772785902023 2.624863564968109 0 0.143732488155365 2.436530567705631 2.100508779287338 17.0032601505518 4.40211870521307 15.60915225744247 2.852999672293663 0 0 0 0
13.40385635197163 5.73595929145813 235.229593038559 2.370854556560516 15.0391098856926 59.0341227799654 25.96506946533918 52.14334104210138 0.864545151591301 55.799958974123 5147.025005571544 44.82918670028448 104.9760128334165 118.1003910824656 5.070584177970886 0.5187811926007271 591.8997832685709 499.497564598918 1189.92396505177 14.0177568718791 11.36704686284065 0.9891731888055801 139.3924453631043 2.722149312496185 25.29780419170856 3820.612991310656 897.3815568834543 5.546795651316643 207.1552341654897 25.40966613590717 252.3309039548039 46.98405573517084 13.02117017656565 2386.587259955704 11.99582217633724 908.8012004643679 1723.591389454901 2140.420490369201 656.4399562552571 18.52900397032499 1.823096111416817 15.18243584781885 2.49761563539505 0.3174688220024109 6.098051600158215 2.408617980778217 0 0 0 1.548502549529076 0 0.5304251536726952 0 15.9399710893631 0 93.14012490212917 0.1141754984855652 0 0.1995946690440178 0.132913738489151 70.91984102129936 15.87818250060081 0 0.1048425361514091 1.128806047141552 0 2.931081362068653 18.26695515215397 170.675436206162 259.5348369553685 1.737431734800339 0.1292324215173721 0.3763782531023026 65.68283831328154 0.1404864341020584 0 0.4967613518238068 6.319415055215359 9.964818455278873 8.624032489955425 3.338755987584591 1.706432528793812 0.1528616100549698 0 0.1295220404863358 0
38.98793392628431 18.44018639624119 697.1874599605799 0.5132642611861229 8.320143930613995 27.45814941078424 25.01433103531599 109.3173151984811 1.517509765923023 29.73907765001059 412.7824550047517 23.13967107236385 7.230333641171455 220.5135823488235 1.334965370595455 0.9997824653983116 4523.741428934038 1189.92396505177 3246.285325117409 6.032256238162518 39.75149060040712 1.478926569223404 577.7112482711673 4.550110749900341 6.158613100647926 3970.835101820529 1208.185645237565 7.544441364705563 330.4282040968537 138.1858755424619 2.068775415420532 16.43442592024803 37.07411064207554 3655.996108174324 6.156419552862644 831.8585264012218 895.8688364923 1641.319763429463 449.5406051129103 11.03276339918375 0.4282755851745605 11.88684671372175 2.604985475540161 0.1643141359090805 16.77644291520119 4.345803320407867 0.134163573384285 0 0 1.432604849338531 0.1446298211812973 0 0 0.8257181644439697 0.2318867072463036 9.192704424262047 0.1928016394376755 0 0.1840202808380127 1.743611805140972 8.355626970529556 10.58921033143997 0 0.6860645562410355 0.7153045535087585 0.323260560631752 2.423155046999454 7.259568005800247 90.76397066563368 223.780284948647 1.969245806336403 0 0.6433280855417252 6.693966023623943 0 0 0.3381351232528687 0.8825411796569824 6.75740534812212 2.950767248868942 3.491648897528648 1.124903202056885 0.1622906178236008 0 0 0
2.36187881231308 0.2313263118267059 1.3587282076478 3570.309408843517 5.66230982542038 467.0810111537576 36.73582665622234 124.8628538548946 1129.332613773644 5457.77681979537 42.41537562012672 3993.352438755333 16.1222492530942 218.0592487975955 125.8483911678195 0.3357052057981491 3.328446969389915 14.0177568718791 6.032256238162518 613.703219614923 0.4792693629860878 0.12327840924263 1.143553957343102 370.7036230415106 0.1731017082929611 7.21324609965086 3.052146971225739 2872.640443854034 221.7693265080452 2.272793829441071 1.465178623795509 15.2311082854867 1.718401826918125 209.2925255820155 11.03497048467398 497.5808812752366 12.11971089243889 348.4359734579921 101.3039258122444 433.5007139369845 41.83016403019428 5.087715588510036 9.750237293541431 0.1394869387149811 0.3851746618747711 0 120.2807395979762 0.3138092160224915 10.62897429615259 171.9614107012749 3.217149630188942 118.4513149857521 238.4928558394313 0.2381083816289902 112.9909103736281 0.09018365293741226 4.406425409018993 2.280174776911736 0 0 0 0 142.2009464278817 0 0.7867255210876465 0 148.7410784959793 0 0.08207570761442184 0.7633714526891708 271.3470310121775 2.635863371193409 0 0.1038442552089691 0 0.1457242965698242 1.793188728392124 3.132491335272789 49.09102658927441 0.2603957951068878 8.109086014330387 3.281208373606205 67.95848108828068 0 0 0
63.43786808848381 5.095991276204586 366.6715106740594 0 0.09245309233665466 18.85361219197512 1053.937911629677 344.1628710851073 24.45608569681644 3.954610019922256 8.287035144865513 0.7816379442811012 8.154714681208134 357.1543424502015 0.1119645684957504 2041.670225329697 432.8938566148281 11.36704686284065 39.75149060040712 0.4792693629860878 14265.94912646711 169.1912608146667 13916.20277193934 363.6699053645134 0.3239599764347076 13.9465880766511 2044.967503555119 2771.630063101649 295.7367730736732 10283.16193318367 0.3877963870763779 2.18909253180027 120.8880129754543 3581.534676723182 176.8295078575611 5122.677424363792 1687.925211936235 6225.094457648695 3663.261202737689 114.5509921982884 3.300924070179462 4.9235555306077 36.42236489057541 1.87657818198204 2.605350658297539 13.39066139608622 0 0 0 6.820322774350643 0.6286199688911438 14.87924737483263 0.985291600227356 0 0 0 2.235937669873238 0 762.650335624814 3.796572543680668 0 0.4352033734321594 0 411.063793644309 194.5999268889427 249.4299703091383 140.5628315061331 0 1.969615302979946 60.65481224656105 236.774586699903 15.99295362830162 216.1713852509856 0 0 1.997453764081001 5.319877319037914 8.204445131123066 64.08065910637379 2.33273284137249 8.165732391178608 10.013009108603 1.58493036031723 0.2595295011997223 0.5546547472476959 0.7982763648033142
0.7775434851646423 2181.008104398847 16.00872031599283 0 0.1365378648042679 1.089657291769981 25.98472708463669 0.9652860164642334 2050.557482749224 0.1201170906424522 30.32309300452471 7.446094535291195 409.840066626668 1.888343267142773 27.76929950714111 3506.134441994131 7.75371976941824 0.9891731888055801 1.478926569223404 0.12327840924263 169.1912608146667 1457.08363045007 319.843587256968 6492.527479179204 705.2617442086339 16.16226056963205 5869.388863936067 340.8866629824042 29.12250635027885 186.2800519019365 12.90616423636675 0.1034922301769257 10.58355753868818 27.39819303154945 0.9022220969200134 76.81472788751125 21.23813237249851 36.15515267848969 20.42251873016357 32.67561057955027 0 28.92966859042645 0.5613220930099487 0.7338203638792038 37.80143406242132 56.89748644083738 0.4287291169166565 0 0 7.870622277259827 0.1876427531242371 10.56999150663614 0.1903831362724304 2.179998561739922 0 4.725916922092438 1.32126872241497 0 1035.861672692001 4.836107797920704 0.6716004088521004 2.434214361011982 0 93.68801602721214 95.9123037904501 316.3106348291039 41.63955123722553 5.488040700554848 22.84406410157681 819.2661035507917 51.70270784199238 1.044007807970047 10.11843809485435 2.77864146232605 0.107455350458622 0 2.382281243801117 0.1486616730690002 17.86759985983372 1.97756639122963 8.739269882440567 8.568135015666485 0 0 0.1429951339960098 0
190.770653821528 3.3218709602952 8577.678006745875 0.3369463905692101 0.5393286272883415 39.05480938404799 1014.38569958508 803.0859133377671 8.352784670889378 10.50959039479494 45.87366615235806 1.088068477809429 26.52333249151707 1027.224533841014 0.2904424667358398 2477.711812034249 7435.812198758125 139.3924453631043 577.7112482711673 1.143553957343102 13916.20277193934 319.843587256968 13763.87163413316 611.3404841944575 0.2070103734731674 1238.720185577869 12807.09622177482 1618.280231535435 483.4067078828812 4452.379168368876 0.7566153183579445 4.87085535377264 47.14838539063931 2941.065126761794 308.9481100812554 9048.590599916875 9094.368225447834 8421.492089875042 6348.306441761553 466.5024052485824 12.10510338842869 22.86595844477415 93.04964974522591 0.3927484154701233 6.00280948728323 250.1471410170197 0 0 0.4417636394500732 24.83586745709181 0.5779285728931427 4.912405706942081 1.033095292747021 0.1636616140604019 0 0.6056097894906998 3.812766835093498 0 1437.155182011425 3.142013780772686 0.1242881864309311 0.4538789168000221 0.6497692465782166 95.31056722998619 259.1640909686685 883.7005375921726 78.55877405405045 0.7132362872362137 11.92787975072861 1179.63768453151 77.07140119373798 2.413611978292465 18.30584501475096 0.1009922921657562 0 0 6.078176148235798 56.70993051677942 108.4274984002113 3.669236853718758 45.70480701327324 40.50450621545315 1.326559834182262 0 1.822084665298462 0.263398677110672
2.697350487112999 830.537452571094 45.70146242529154 1593.722050130367 13.63915632665157 177.8495321199298 2583.021380588412 34.73878079652786 11184.67107442766 460.7696592286229 8.516464062035084 992.7411945164204 127.6464509516954 39.84992335736752 684.4754597917199 3129.998198881745 27.85854203999043 2.722149312496185 4.550110749900341 370.7036230415106 363.6699053645134 6492.527479179204 611.3404841944575 10731.92595182359 189.301376953721 34.65677120536566 3820.611821785569 10592.64337421209 185.9119679629803 228.6454733386636 5.346915401518345 1.420843459665775 77.52383106946945 146.1640079990029 34.77483786642551 1559.413574464619 84.1402498036623 392.5033878162503 288.2143557593226 506.4049745723605 15.6708295121789 8.232609763741493 10.12930192053318 23.63444747030735 18.55367623269558 28.40757484734058 219.5047003179789 0.8338339477777481 34.42807861417532 1032.557848058641 25.20057140290737 1295.560066133738 381.1465330421925 3.175137467682362 116.3269830718637 2.419158436357975 64.89991375058889 7.831605315208435 913.0068352222443 11.77540783584118 1.140433549880981 4.289303250610828 216.747010268271 452.4926941096783 539.9438117370009 201.0952087640762 2080.580573573709 0.8910145163536072 28.31901106238365 229.472979426384 2605.20631685853 119.1899699196219 501.8536977991462 1.71505281329155 1.364560931921005 16.64157970994711 55.87757005542517 9.040033452212811 551.7698726132512 10.38004063814878 142.8658746108413 68.5821955576539 94.90293788164854 8.585017129778862 9.644022434949875 1.849962547421455
0 2175.872681438923 1.23236658424139 0 0 0.6050035879015923 0.9015553370118141 0.1036012396216393 165.8720174208283 0.887319877743721 353.7637010589242 1.399883762001991 3734.04853579402 0.2215530276298523 2.347889699041843 8.011549353599548 2.53155156224966 25.29780419170856 6.158613100647926 0.1731017082929611 0.3239599764347076 705.2617442086339 0.2070103734731674 189.301376953721 396.6763029545546 284.7689323350787 4273.957848876715 8.808954007923603 1.564435444772243 0.446858249604702 181.8890587761998 0.9813477098941803 0 219.8213401138783 0 44.9507362768054 235.2249278277159 310.4968173205853 17.88266362994909 8.797045022249222 0.5023807287216187 885.3145964518189 0.302792951464653 0 93.34667104482651 1.443473145365715 0 0 0 0 0.1263267993927002 0.5185076370835304 0 95.16844267398119 0 532.0939979329705 0 0 0.3807893395423889 0.9964262992143631 24.44605409353971 3.640147283673286 0 0.1250947117805481 3.030431300401688 0 1.240549385547638 80.70437096059322 124.5321642830968 358.9359636083245 0.3052497580647469 0 0.2179286330938339 109.0322318300605 0 0 0.8094734996557236 1.497798919677734 13.82899351418018 19.63234171271324 4.015284731984138 0.2631752192974091 0 0 14.6963863670826 0
26.82332137227058 117.3705688863993 8397.890600793064 1.121758207678795 7.762285389006138 46.31524075567722 162.5410650074482 238.8255165666342 6.390341408550739 39.31525843590498 1512.066999234259 35.37544836103916 178.040384337306 249.0631460174918 3.826664760708809 7.186345860362053 2684.478528246284 3820.612991310656 3970.835101820529 7.21324609965086 13.9465880766511 16.16226056963205 1238.720185577869 34.65677120536566 284.7689323350787 24583.54812075943 12133.11619661003 47.83781483769417 198.3549581840634 63.45334788411856 106.909554220736 29.66505349427462 12.45775900781155 1488.606624543667 27.66986110061407 2909.29040273279 7021.568867564201 2814.777164623141 1165.71889796108 35.54126489907503 2.40827240049839 75.56969080865383 9.126285187900066 2.371952310204506 205.3318736925721 62.89021109044552 0 0 0.1998630985617638 2.846427395939827 1.830982714891434 2.183762677013874 0.1129488795995712 112.4313819035888 0 681.7927911803126 4.863935016095638 0 9.928594052791595 136.2336097881198 420.7671272531152 312.5967145562172 0.246690109372139 0.6702530905604362 20.80755158513784 3.677234582602978 12.38570542633533 186.528766810894 2860.191561803222 4590.885019555688 4.356591746211052 2.675544321537018 3.896127760410309 412.8259452730417 0.1237938925623894 0 12.27641768008471 11.85234212130308 78.31152521073818 75.18516029417515 93.47566818445921 17.60016188025475 1.615790113806725 0 4.447426155209541 0
18.7343033477664 5550.246076717973 10884.35828877985 0.4338872730731964 4.038611903786659 26.86542600393295 663.8466541692615 162.5405917912722 587.2280356511474 22.89995936304331 202.4195721149445 15.67967092990875 4507.073314867914 159.3618457242846 16.7018608301878 3506.833189420402 4861.79695289582 897.3815568834543 1208.185645237565 3.052146971225739 2044.967503555119 5869.388863936067 12807.09622177482 3820.611821785569 4273.957848876715 12133.11619661003 33937.56309390068 2248.864677011967 132.600682079792 102.6794703528285 525.9098406359553 8.476342566311359 20.92250972241163 1909.688106149435 168.3703312203288 7606.626047052443 5076.839192293584 5673.152134403586 2451.706347472966 236.2555483654141 8.327838979661465 68.9419224485755 40.99090772122145 9.926450632512569 3281.24448916316 2848.573485121131 0.2840116620063782 0 2.077744692564011 57.8803623393178 10.77339402586222 15.97456699609756 2.333597920835018 190.2381319105625 0.4588527008891106 1187.766631267965 30.86906755715609 0 651.7247376665473 301.4914200305939 445.3658130839467 387.5166878551245 0 47.93792979419231 928.7844797819853 671.8500772640109 116.1316584795713 684.1588385105133 4933.630564838648 21666.01487527043 87.15909860283136 10.04566048830748 20.23067869246006 757.5490397363901 0 0.4459729045629501 49.07850938290358 51.55886169523001 400.1676139235497 158.9712755605578 366.4689800813794 126.6388426348567 4.239139929413795 2.113353490829468 9.41149427741766 1.322773814201355
15.00893228501081 37.35308719426394 279.9209337830544 4763.724067717791 3.30985115468502 1066.821069449186 16883.04445142299 157.6820362731814 2081.190145596862 6927.334843151271 10.25756324082613 796.3003674447536 35.45831668376923 187.297348074615 121.7860049828887 2782.819061920047 50.30451114475727 5.546795651316643 7.544441364705563 2872.640443854034 2771.630063101649 340.8866629824042 1618.280231535435 10592.64337421209 8.808954007923603 47.83781483769417 2248.864677011967 16743.78865939379 507.6429652124643 9234.977628573775 0.739909939467907 6.13634991645813 289.3024375736713 1129.264007307589 105.4597177430987 3527.726046539843 130.897120937705 2056.07684327662 1141.194198891521 190.4684926494956 15.69235963374376 16.0752492249012 22.87838239967823 25.5519440844655 4.892634361982346 31.7058260217309 308.1424490660429 1.615188099443913 39.77051978558302 1078.16202557832 25.08513267338276 743.2717714458704 510.7485094591975 3.997962482273579 185.8566781952977 0.7330463975667953 73.92649372667074 6.758849531412125 639.0507250726223 12.76944763213396 0.2154102325439453 1.920357048511505 287.9382367506623 413.1038297712803 245.0650194361806 127.7112157344818 1946.742769651115 0.5879675000905991 11.77693004906178 114.6063354313374 2556.481842257082 162.6641521453857 792.1363903433084 0.1096133217215538 0.5009169653058052 16.54746431857347 59.77808051556349 15.90722440183163 575.1038702428341 7.309404924511909 126.3750061541796 69.17752003669739 105.1823310256004 6.201417297124863 18.16825723648071 4.984208084642887
3168.771047845483 1.049534179270267 328.8914461508393 42.09121978282928 57.92983569204807 788.28123331815 2731.6080140993 637.9000408649445 22.4139721468091 1299.394151724875 611.8598259910941 609.1371383443475 47.70166794210672 5403.22355889529 86.2006917744875 7.185872405767441 1006.784855574369 207.1552341654897 330.4282040968537 221.7693265080452 295.7367730736732 29.12250635027885 483.4067078828812 185.9119679629803 1.564435444772243 198.3549581840634 132.600682079792 507.6429652124643 18899.20525703579 6243.100486963987 12.28132022172213 236.6665248945355 2283.366781286895 4106.019696362317 4.444392427802086 500.0601356774569 111.7527743801475 1523.672537870705 207.8617151528597 326.3167592212558 135.9500412940979 3.977560944855213 9.227835446596146 1.598997831344604 1.641010165214539 1.668691232800484 2.010450780391693 0 0.7220297455787659 30.36422138661146 1.157252080738544 15.46986208111048 1.768568024039268 0.1100804358720779 4.033747985959053 1.712745569646358 3.585511475801468 0 50.06226099282503 2.869950853288174 0.3000047504901886 0.7229295670986176 1.310370698571205 39.20207639038563 15.80938467383385 8.848297953605652 78.33067774772644 0.5146937221288681 4.738751068711281 15.16001355648041 116.093862272799 8.824397042393684 65.42041086405516 0.8143247738480568 0 0.4584850668907166 5.582086436450481 0.127916231751442 30.90480065345764 0.09693095833063126 5.302321158349514 2.18515332788229 2.268088489770889 0 0 0
