2130.987173095345 0 259.4783451110125 2.473214603960514 0 4.176303759217262 2744.738170318305 151.5372080206871 4.404995113611221 63.0458666831255 4.143446512520313 2.297208279371262 0 5639.103895939887 0 0 341.2215188369155 0.4285603314638138 62.06167230010033 4.275119110941887 22.85165512561798 0 181.2313465476036 71.43443930149078 0 42.57289156317711 26.66735680401325 60.82882214337587 6189.544456988573 3713.722352869809 0 0.8086534887552261 90.55106893181801 107.4287520200014 1.062879279255867 23.0139481946826 1.613832585513592 42.79685404896736 14.05015152692795 1.475062161684036 0.4477504119277 0 0.1357720196247101 0.2415093034505844 0 0.3350663036108017 0 0 0 7.389819733798504 0 1.242578893899918 0 0 0 0 0 0 0.424568310379982 0 0 0 0 0.1599080115556717 0.8635435327887535 0.6066690385341644 13.84048114717007 0 0 3.328969456255436 11.30302210152149 1.480762980878353 1.481790475547314 0 0 0.3336459994316101 0.3882485181093216 0.2112373560667038 7.170424714684486 0 3.379093639552593 1.076859101653099 1.385233387351036 0 0 0
0 117.0797240138054 2.544933043420315 0 0 0.2565332353115082 1.131883032619953 0.120775580406189 892.3422409817576 0.1893952563405037 74.13952914625406 0.2675478681921959 916.0035024881363 0 4.690484501421452 284.8159948065877 1.280490309000015 2.076096102595329 4.399236246943474 0 4.609665311872959 1531.04501233995 2.910912469029427 313.6005783304572 2222.557445205748 205.9786681160331 4118.041966326535 22.52556080371141 0.1037353426218033 0 15.55168943107128 0 0 1.559489205479622 0.1510518342256546 15.13967264443636 17.87528324127197 14.09049157053232 2.904218688607216 2.429949276149273 0 82.69961351156235 3.767335653305054 0 456.5944429636002 22.44198882579803 0 0 0 0.5272514373064041 0 0.8185356855392456 0.1597740054130554 7.006006024777889 0 59.13404430449009 0.176345206797123 0 2.328159593045712 7.176203168928623 0.9581900388002396 3.016412124037743 0 0.1208823546767235 337.4110435247421 1.934523805975914 1.548530153930187 188.011581607163 14.26750600337982 1449.074790515006 0.806396946310997 0 0 3.58422027528286 0 0 11.59621592611074 0.828961580991745 11.2263393253088 17.91080745309591 21.8182210251689 2.115137815475464 0 0 185.9607392400503 0
259.4783451110125 2.544933043420315 7664.012927472591 1.619947738945484 0.1127649694681168 82.39862174540758 1372.101183332503 1275.587808586657 1.905813939869404 38.73873672634363 33.11225444823503 1.131303481757641 0.7515759244561195 1345.692563652992 0 14.11361434310675 10584.43935544044 23.39035821706057 800.5698232576251 1.081749379634857 180.1848677545786 1.056744039058685 17348.26817622036 82.81555176526308 0 13628.1386526227 4325.149552389979 261.5653970912099 378.7798414975405 1559.071904972196 0.09878060966730118 4.060023792088032 15.98465962707996 1910.735000498593 65.92641267180443 2279.00184841454 1229.628758840263 4132.029529333115 1457.074255421758 23.22465721517801 7.968551389873028 0.922991082072258 5.265550017356873 1.635233044624329 154.3133908882737 1019.032881438732 0 0 0 23.86007496714592 2.073265373706818 2.015617989003658 0.797770231962204 0.2472209185361862 0 0.347623772919178 6.501220740377903 0 15.87643910199404 56.19280339032412 1.073392763733864 16.33692757040262 0 2.431939445436001 189.4024718627334 39.63190325349569 9.943765670061111 0.6238405406475067 226.0627452805638 2587.236267723143 8.45257206261158 1.285779386758804 4.066631093621254 0.283109538257122 0 0.3088553696870804 38.24228323251009 27.69905869662762 62.74207114428282 8.424697816371918 147.5292998552322 20.88562863320112 0.9066860303282738 0 0.2548532485961914 0
2.473214603960514 0 1.619947738945484 2901.465689867735 4.097935982048512 62.19095417112112 59.92624383419752 53.49266031384468 755.7301288992167 4607.82248776406 6.98206403106451 1718.634937688708 0.965579591691494 95.95804055780172 65.14623057842255 0.3475375473499298 0.0842721164226532 0.8622251227498055 0.9401855692267418 6011.576515592635 0 0 0.2866119295358658 2732.771887652576 12.46739137172699 1.962086774408817 0.576734334230423 4452.800506465137 174.5481941699982 0.4317828714847565 0.09202609956264496 9.358690977096558 4.715316317975521 53.64723169058561 8.777944318950176 376.3771842643619 12.35570165514946 131.3669213503599 77.94135749340057 89.36850633472204 26.82197499275208 13.23012301325798 4.372791290283203 2.162091292440891 0.4351921826601028 0 232.5246830061078 0 36.8334953635931 177.5761651396751 180.9063308760524 91.19180382788181 442.3808055594563 11.26421698927879 93.90273012965918 0.4237210154533386 69.03805822134018 2.8426523655653 0.2019972652196884 0 0.3671348243951797 0 43.30463868379593 0 2.570128343999386 0 623.0044248774648 0.4479919523000717 0.1491498798131943 1.365484863519669 1016.025557816029 29.15219086408615 6.939025357365608 0.284941092133522 9.43428236246109 0.7711094617843628 30.1605821698904 3.348410435020924 41.51068714261055 3.093309864401817 84.47107449173927 11.15225509554148 50.4193150177598 5.370067819952965 31.84266370534897 0
0 0 0.1127649694681168 4.097935982048512 66.79125180840492 1401.585965633392 7.015091292560101 72.51213149726391 92.68010637909174 17.68358311802149 105.0584898591042 172.0131163075566 1.455331966280937 259.270863391459 1789.127474024892 0 0.1803534626960754 1.828119441866875 2.113359443843365 23.32189911603928 0.3560752347111702 1.55329841375351 0.3850811421871185 26.53599514067173 0 2.742132484912872 0.9526615887880325 9.888591170310974 67.15298545360565 0.6998129040002823 0.166784256696701 95.26713427901268 0 457.3389388397336 5.334102690219879 208.1760398969054 18.96026270836592 506.5843277946115 178.6820506453514 3312.019460119307 303.0098322853446 9.706506371498108 10.96781163662672 0.9898672699928284 0 0 0 0 0.7556506395339966 4.438025444746017 0.6299465298652649 2.03268975019455 0 0 0.4278400465846062 0 1.15820424258709 0 0 0 0 0 0 0 0 0 4.883514903485775 0 0.9335917830467224 0 6.114881902933121 0 0 0 0 0 0.2151883840560913 0.7137752771377563 2.35306341946125 1.268965616822243 2.326498746871948 0 0.6325629949569702 0.6369431614875793 1.47431455552578 0
4.176303759217262 0.2565332353115082 82.39862174540758 62.19095417112112 1401.585965633392 16249.55467896163 3435.144842669368 5970.685553856194 335.0580182373524 12115.32623324543 108.1692597493529 7023.457933425903 3.73971151560545 1198.027235992253 2923.876238152385 0 8.409783095121384 9.178918853402138 9.800760671496391 761.4618770182133 13.84883169084787 0.6178897470235825 15.04505588114262 112.3205814138055 15.73458720743656 39.13551078736782 7.811916820704937 476.2595293745399 652.1450025439262 17.48389961570501 0.1937529593706131 445.8974098041654 7.082570485770702 351.0114888101816 3.515270456671715 436.2578216791153 27.97658321261406 426.0649905875325 86.98183047771454 3533.356712445617 73.12191092967987 23.1396805793047 4.706176668405533 0.4091314077377319 0 0.2536216452717781 24.08207144588232 1.360728025436401 1.16649729013443 33.86362618207932 16.88578256219625 39.31061558425426 31.72070190310478 2.611427552998066 45.80937349796295 0.223718672990799 7.078237913548946 0.8221335411071777 0.4710451811552048 0 0 0.1988009810447693 2.065874233841896 0.5465492010116577 0.4086980819702148 0.5110958218574524 106.3331500068307 0 0.2453678399324417 1.477219745516777 86.60172954201698 3.749378114938736 5.778498806059361 0 0.6847309172153473 0 8.01937897503376 0 10.39817578345537 0.454731360077858 6.116469696164131 0.8534994870424271 7.221414670348167 0.1225561201572418 9.162051469087601 0
2744.738170318305 1.131883032619953 1372.101183332503 59.92624383419752 7.015091292560101 3435.144842669368 15359.58355010301 4577.129871711135 278.9124850332737 14085.29407174885 28.45697429776192 40.68400288373232 1.698462247848511 8636.960689596832 3.009866073727608 2.979831345379353 127.0680436715484 4.744788125157356 42.65703208744526 36.38665869086981 1081.01823938638 1.685817092657089 643.3327409774065 2104.912376232445 1.317393019795418 414.8890291154385 61.98509903252125 21506.14042647183 2398.432382307947 3421.911611460149 0.08692668378353119 31.2745163589716 216.4421773999929 572.510931506753 108.7570666372776 2460.067287862301 65.37078602612019 1338.855368241668 626.8460902646184 114.1905420050025 91.64682111144066 10.20887839049101 21.43201716244221 3.292736455798149 1.479734599590302 8.857142224907875 17.5626817047596 1.552846789360046 9.10625433921814 112.0877899006009 75.62261484563351 85.13059677928686 68.43589961528778 4.325339950621128 0.9377178251743317 0 35.28821156919003 1.559265330433846 15.36871790140867 0.2369481474161148 0.7580973356962204 0 9.864118382334709 1.603423565626144 11.76208965480328 23.59896653145552 257.0046453475952 0.3455840945243835 1.120292499661446 101.2210947871208 328.720053717494 21.34024211019278 21.26384165138006 0.09159183502197266 4.389703199267387 1.61739993840456 12.44285465031862 19.43813291192055 70.78292700648308 2.086152665317059 50.06990183889866 11.60615873336792 24.88790061324835 3.447294361889362 2.053939677774906 0
151.5372080206871 0.120775580406189 1275.587808586657 53.49266031384468 72.51213149726391 5970.685553856194 4577.129871711135 15987.29789251089 42.46402882039547 6840.112135656178 51.25041823834181 697.8682135418057 1.518569052219391 10163.6912580356 155.5672114491463 1.404148451983929 285.0511100515723 3.6892916187644 72.28563651442528 481.709048487246 201.9084349945188 0.1034326702356339 341.6955211237073 329.076179690659 1.654853865504265 319.5473993420601 78.95487570017576 305.9622325673699 1442.419693119824 1200.491505429149 0.2827324718236923 361.0934867039323 19.13885500282049 212.0750919133425 10.64180337637663 318.7339012250304 20.83775535970926 283.8072108104825 104.5773450434208 923.6775610148907 37.41931685805321 6.747164264321327 7.308575205504894 4.096778839826584 0.3988841399550438 3.376855611801147 0.8077608346939087 0 2.792246714234352 73.39616018533707 19.85952016711235 24.9255359172821 7.797401785850525 1.750272944569588 1.898294001817703 0.1106880158185959 13.13168155401945 0 2.801942177116871 0.4835853800177574 0 0.1164103895425797 1.298844575881958 0.3131285309791565 2.206464566290379 1.41812863945961 115.1791503429413 0.0898142009973526 0.6654840260744095 20.48027546703815 104.1197188943624 9.20976871997118 25.58165992051363 0 2.573061972856522 0.5458997040987015 9.981653325259686 1.657626830041409 22.0618155002594 2.097492255270481 17.9041912406683 6.497145429253578 9.027536116540432 0.54442048817873 1.588536128401756 0.1852394789457321
4.404995113611221 892.3422409817576 1.905813939869404 755.7301288992167 92.68010637909174 335.0580182373524 278.9124850332737 42.46402882039547 792.8468096479774 115.5939029678702 8.471024468541145 855.313821837306 95.08042627573013 44.57851922512054 1309.033415295184 195.2037251368165 2.995027102530003 1.042033866047859 4.911912158131599 396.6941477879882 25.88337647169828 4450.666643202305 10.79578609019518 9889.417204588652 222.3646773844957 76.99679569900036 1454.835188560188 1451.041385196149 63.6451955139637 8.45021279156208 3.910125285387039 5.801364377140999 3.923074766993523 42.41514152288437 5.226178534328938 186.9642588496208 6.498115807771683 95.15191555023193 22.20420526713133 360.5845600068569 9.285933494567871 1.197744339704514 1.033914148807526 9.772143572568893 19.95604089647532 0.5280904620885849 144.7992189601064 1.255367621779442 13.07571075111628 89.70767495781183 116.9364456012845 575.6093090772629 177.4280787184834 4.923517949879169 71.9987506121397 5.221261456608772 53.55027285218239 9.551265135407448 112.9917798787355 0.1127295270562172 0.6198608055710793 0.8637452274560928 20.22360968589783 10.52556069940329 68.72573282569647 7.223633490502834 1732.729968383908 3.645183950662613 3.762652941048145 48.80602846294641 985.5518518388271 32.59189213812351 25.5832628980279 1.040793716907501 2.79495270550251 4.795755013823509 14.96352578699589 5.24383881688118 57.73336992412806 2.735997296869755 49.72293748706579 9.315540753304958 50.12420888245106 2.35403948277235 0.711253896355629 0.2585427463054657
63.0458666831255 0.1893952563405037 38.73873672634363 4607.82248776406 17.68358311802149 12115.32623324543 14085.29407174885 6840.112135656178 115.5939029678702 44329.42117445171 76.87868306785822 9915.746720418334 7.023368425667286 1919.109002053738 17.13470600545406 0 5.364001490175724 9.895015753805637 9.248351603746414 10016.83024379611 5.534017480909824 0 8.5482112839818 724.4629869237542 5.25542739033699 25.53444943577051 9.407688058912754 2343.60143031925 1382.090276293457 11.92069870233536 0.09766189754009247 100.7634085342288 10.38110559433699 541.7301200628281 27.66928040981293 1397.561327382922 65.23791307210922 992.7655330076814 284.0858049616218 176.7123205512762 139.6958323717117 7.431407243013382 21.9446579888463 4.850232392549515 0 0.1376732885837555 53.95914252847433 1.248688519001007 19.60819669812918 160.3787056133151 144.8309907466173 65.22064978629351 203.2330192178488 6.053489670157433 14.04289311170578 0.3129490464925766 75.2361656203866 6.782391488552094 0.3682783544063568 0 0.6373471319675446 0 18.10476569831371 0.09823378175497055 0.6823520734906197 0.5940071493387222 257.6633569374681 0 0.8116745576262474 1.805252805352211 423.0489258542657 27.24327789992094 5.549017980694771 0 11.79414413124323 0.9966605454683304 19.11360643804073 1.228952497243881 39.02110341191292 2.433956697583199 67.38877498358488 6.951618865132332 44.74364247173071 4.338442847132683 5.811476789414883 0
4.143446512520313 74.13952914625406 33.11225444823503 6.98206403106451 105.0584898591042 108.1692597493529 28.45697429776192 51.25041823834181 8.471024468541145 76.87868306785822 10840.77528727055 76.71949890255928 1404.403314985335 72.16760227829218 1.896411567926407 6.463962160050869 42.89633910357952 3280.918598517776 2218.683740258217 56.38565751165152 7.693284884095192 18.09867390245199 57.34303691983223 38.25464452058077 827.2130914330482 2238.110946312547 527.2682688608766 20.40238400548697 274.6996643170714 12.29352647066116 380.5625012889504 330.0883977562189 7.581344000995159 6620.984536081553 19.10562658309937 2125.596502952278 9965.520717009902 4750.200444020331 1828.071599014103 130.0201525166631 86.43450258672237 2961.852603271604 19.65898314118385 0.1926450878381729 17.71127410233021 0.5408260300755501 2.094552725553513 0.1458833068609238 0.2635183334350586 14.58331478387117 3.838627636432648 5.011035323143005 4.960144385695457 546.8654900938272 0 1840.315629415214 3.271640084683895 0 0.4896339997649193 0 4.022916153073311 0.973992757499218 0.5726727843284607 0.1800468564033508 3.306632533669472 0.1019644290208817 21.21204979717731 238.8056553155184 31.80832072347403 328.007285758853 17.06179316341877 1.373786874115467 1.095674216747284 59.35495131462812 0.2874687910079956 1.108372569084167 20.73618345707655 14.07077346742153 49.34786476194859 611.918141528964 77.35453430563211 23.97659248113632 5.977087430655956 13.45577128231525 534.1162352859974 0
2.297208279371262 0.2675478681921959 1.131303481757641 1718.634937688708 172.0131163075566 7023.457933425903 40.68400288373232 697.8682135418057 855.313821837306 9915.746720418334 76.71949890255928 14304.28849999607 2.416145876049995 643.8212816566229 1909.846824347973 0 0.3171558901667595 6.526939287781715 7.716937161982059 6324.391551814973 0.1252206861972809 0 0.276895746588707 229.0728791803122 6.236029177904129 13.17704654484987 4.977469347417355 251.8924330323935 546.6886759474874 1.227623708546162 0 138.4007546454668 0.09792319685220718 336.2725095152855 4.173735156655312 500.4702539891005 21.60745245218277 483.9800757393241 58.87585601955652 1475.957384161651 47.72784501314163 10.62824319303036 9.662654407322407 0 0 0 147.7362055778503 1.874909341335297 6.033557526767254 27.5631412640214 24.82722295075655 198.6887070685625 176.133878454566 0.8651607632637024 394.1834009587765 0.1777002215385437 8.015848852694035 15.27839696407318 0 0.1161723881959915 0 0.1068500801920891 34.31136325001717 0 0.3085576742887497 0 435.9300156161189 0 0.09851054847240448 0.32525385171175 403.0759666338563 3.502310544252396 3.091506391763687 1.231911510229111 0.4931508600711823 0 4.081767827272415 0 2.972411602735519 0.473617859184742 10.93653103709221 0.6063437312841415 15.22274947166443 0 11.62598221749067 0
0 916.0035024881363 0.7515759244561195 0.965579591691494 1.455331966280937 3.73971151560545 1.698462247848511 1.518569052219391 95.08042627573013 7.023368425667286 1404.403314985335 2.416145876049995 2705.864893309772 0.8712600097060204 0.9569689556956291 9.271383047103882 1.044760763645172 22.53811158239841 8.719783052802086 12.46657441556454 2.390853337943554 255.8813838660717 2.228660456836224 24.26473658531904 4563.218034118414 642.7546627223492 4804.016671843827 9.277802221477032 6.572433516383171 1.214429914951324 1087.262876026332 7.908318184316158 0 186.6857017576694 22.80835508555174 1304.837002642453 2923.35502666235 1097.063137158751 157.721322491765 63.01182367652655 51.76380076259375 1059.672264292836 19.86248022317886 0.08695099502801895 82.75866892188787 0.4851405248045921 0 0.1749768704175949 0 0.1977427303791046 0 3.142306230962276 2.34373065829277 1040.48538531363 0 4389.493914991617 0.1016487255692482 0.131580263376236 0.1298947334289551 0 5.775840066373348 1.250603951513767 0 0.1870542913675308 5.906973175704479 0.1833596155047417 1.760611653327942 725.408520616591 43.38188665360212 724.9666289165616 1.249174907803535 0.0910186693072319 0.09238104522228241 123.5362099409103 0 0 10.97032803297043 28.35105511546135 107.8839088082314 814.020319417119 36.13181090354919 9.186424188315868 0.7527301013469696 3.11721907556057 363.8787333890796 1.099758923053741
5639.103895939887 0 1345.692563652992 95.95804055780172 259.270863391459 1198.027235992253 8636.960689596832 10163.6912580356 44.57851922512054 1919.109002053738 72.16760227829218 643.8212816566229 0.8712600097060204 17798.77956324816 3.848681643605232 1.035959057509899 766.3132592812181 6.74597542732954 154.9709911644459 517.455820992589 137.0162456035614 0.5136188268661499 486.9369387477636 525.9830712080002 0.1038241758942604 273.0467513203621 110.3060850054026 518.1121875047684 8271.564861416817 3835.235853746533 0.1172074973583221 1347.692133843899 22.24917116761208 389.0465096235275 6.244080312550068 297.8024500533938 26.53222119063139 339.9997699856758 81.5055510699749 291.7822583988309 39.10390366613865 8.76727033406496 4.937852762639523 4.601482249796391 0.7195437625050545 2.506721161305904 1.824119925498962 0.8650898933410645 3.997637636959553 124.768994435668 23.39519783109426 18.68016150593758 9.638763964176178 2.689675472676754 2.387515835464001 0.1135166585445404 16.03333819657564 0.6805979013442993 1.520725429058075 0.2126857563853264 0 0.09115647524595261 0.3232946395874023 3.265660919249058 3.983111850917339 0.7417170181870461 157.6556929424405 0 0.5600671023130417 18.57791714370251 159.0097705945373 14.56720515340567 30.40272408723831 0 1.618989795446396 1.592086240649223 7.140069536864758 4.962890349328518 56.14902532845736 1.507360182702541 40.1195821762085 6.899546258151531 19.39265270531178 1.142896458506584 0.8482944816350937 0
0 4.690484501421452 0 65.14623057842255 1789.127474024892 2923.876238152385 3.009866073727608 155.5672114491463 1309.033415295184 17.13470600545406 1.896411567926407 1909.846824347973 0.9569689556956291 3.848681643605232 836.4603068158031 0.9345931857824326 0 0 0 252.5844933539629 0 27.53033666312695 0 727.7779124230146 0.6409828662872314 0.3909826874732971 9.066188372671604 38.38120690733194 2.541784971952438 0.1601049154996872 0.2231428250670433 68.04585225135088 0 4.518668867647648 0 41.6079460978508 0 2.256400212645531 0.856265515089035 1770.942973487079 7.55635778605938 0 0 0 0 0 12.60177224874496 0 0 0.5470098853111267 1.438133895397186 21.60439978539944 7.979720592498779 0 16.69297733902931 0 0 1.950061798095703 0.1437483727931976 0 0 0 0.2775379419326782 0 0.1985234618186951 0 29.76413438469172 0 0 0.9843129515647888 22.13979173451662 0 0 0 0 0 1.124854207038879 8.983012616634369 5.458488702774048 0 12.98163253068924 46.80061873048544 2.100543975830078 0 0 0
0 284.8159948065877 14.11361434310675 0.3475375473499298 0 0 2.979831345379353 1.404148451983929 195.2037251368165 0 6.463962160050869 0 9.271383047103882 1.035959057509899 0.9345931857824326 4551.12472589314 30.34039813280106 0.542228177189827 17.28931459784508 0 3733.223194219172 3343.591961801052 4728.945962414145 1590.810850583017 21.2270320057869 34.94212495535612 2354.572254009545 764.0442832261324 8.677432589232922 13.62546729296446 0.230913057923317 0.2649878039956093 0.9766025841236115 85.52536932379007 59.7479956895113 2577.352295443416 494.2858938276768 641.4901547506452 410.875048302114 115.6951573044062 6.857729755342007 1.442238941788673 10.73401044309139 7.093101613223553 12.13273349404335 34.61514204740524 0 0 0 17.56156843900681 0.9999033808708191 121.8663919568062 0.3238990157842636 0.3773377314209938 0 0.8190207779407501 5.157999165356159 0.3220083713531494 4335.61525285989 2.922934465110302 0.6132708564400673 0.915170855820179 0 439.520092330873 2103.02337192744 1206.48960865289 750.4881868809462 1.02133671939373 4.116934396326542 703.118625074625 328.8605163693428 39.10436392575502 87.82689662277699 0.1415526419878006 0.09177853912115097 8.023871332406998 14.59530845284462 35.12142135947943 192.7806190922856 17.97086872160435 49.3719389885664 25.74638970196247 13.79005220532417 0 0 0.9265884831547737
341.2215188369155 1.280490309000015 10584.43935544044 0.0842721164226532 0.1803534626960754 8.409783095121384 127.0680436715484 285.0511100515723 2.995027102530003 5.364001490175724 42.89633910357952 0.3171558901667595 1.044760763645172 766.3132592812181 0 30.34039813280106 2779.029133208096 49.68976975232363 4422.980693638325 0.5211567133665085 248.579439625144 2.493600249290466 3323.737397134304 54.79664289951324 0 2738.519125811756 6121.504095114768 46.66652262210846 1700.84510383755 2390.764520324767 0.156902402639389 1.765698850154877 117.9331180751324 1001.956083297729 4.626533374190331 123.6412404924631 39.88315688073635 221.9311538636684 81.26813744008541 8.151207245886326 0.9066101238131523 0.1450065076351166 0.9766144305467606 0 8.657542981207371 12.86510170996189 0 0 0 1.307758472859859 0 0 0 0 0 0.2246812358498573 0.08163230121135712 0 1.263571076095104 3.499085254967213 0.981796532869339 3.557893969118595 0 0.4810876697301865 13.14613645523787 2.561553850769997 2.64427212625742 0 19.98311034590006 133.8068986088037 2.509818948805332 0.5599063411355019 0.9625688493251801 0.1445323377847672 0 0 0.3212323039770126 1.796576172113419 4.131390236318111 0.912907212972641 6.332774586975574 0.9008652940392494 0.4320662617683411 0 0 0
0.4285603314638138 2.076096102595329 23.39035821706057 0.8622251227498055 1.828119441866875 9.178918853402138 4.744788125157356 3.6892916187644 1.042033866047859 9.895015753805637 3280.918598517776 6.526939287781715 22.53811158239841 6.74597542732954 0 0.542228177189827 49.68976975232363 58.90078089386225 2183.37495354563 5.594749256968498 0.8443811237812042 2.683752402663231 12.01699255406857 2.388524226844311 2.198917701840401 788.0789289921522 116.1273897662759 2.7168128490448 22.10636702924967 1.019907034933567 3.086539849638939 16.02200199663639 0 1027.327542163432 12.32323612272739 1330.523099921644 1732.844911128283 1526.151062436402 840.8782418221235 19.28718860447407 3.831256665289402 28.99078235030174 2.285008750855923 0 6.975039713084698 0.5501593798398972 0 0 0 1.625161863863468 0.1633293181657791 0.4396723583340645 0 1.465819977223873 0 22.6573469042778 0.08909925073385239 0 0 0.1095009818673134 4.080493710935116 2.936144903302193 0 0 0 0.289707638323307 1.112530998885632 35.24029273539782 25.84880258142948 281.5385756865144 2.320021986961365 0.1254691481590271 0 4.255564771592617 0 0.0956147164106369 0.7606643661856651 3.630056291818619 8.036876283586025 7.735979773104191 1.948687173426151 0.6040559262037277 0 0 0 0
62.06167230010033 4.399236246943474 800.5698232576251 0.9401855692267418 2.113359443843365 9.800760671496391 42.65703208744526 72.28563651442528 4.911912158131599 9.248351603746414 2218.683740258217 7.716937161982059 8.719783052802086 154.9709911644459 0 17.28931459784508 4422.980693638325 2183.37495354563 3144.738168008626 5.283585175871849 22.92446728050709 6.631475515663624 424.8780500814319 24.47043164819479 5.594284757971764 9346.860495984554 2254.882263459265 18.47985062748194 385.9167547523975 105.9062962979078 1.153826743364334 10.74458005279303 39.17446660995483 2680.768687978387 35.09590026736259 2654.315905071795 1671.598418854177 1307.045584708452 694.6778146475554 56.88927182555199 5.224371328949928 1.945501916110516 3.956451326608658 0 44.51673880964518 8.629700019955635 0 0 0 2.084623321890831 0 0.1148777008056641 0.2988704144954681 3.990267485380173 0.1384833306074142 18.87590359896421 0.9793486744165421 0 0.1446132361888885 8.327048733830452 16.58520296961069 19.54022238403559 0 0 2.263182073831558 0.8618413805961609 1.61133935302496 38.26641102135181 158.5671247169375 738.6372854337096 2.463720120489597 0.1056560054421425 0.8133799433708191 4.282398797571659 0 0 4.457125268876553 18.06343884021044 15.54408428072929 13.82616701722145 15.34414427727461 1.690843909978867 0.2884850725531578 0 0 0
4.275119110941887 0 1.081749379634857 6011.576515592635 23.32189911603928 761.4618770182133 36.38665869086981 481.709048487246 396.6941477879882 10016.83024379611 56.38565751165152 6324.391551814973 12.46657441556454 517.455820992589 252.5844933539629 0 0.5211567133665085 5.594749256968498 5.283585175871849 959.5486183464527 0.2525292038917542 0 0.9462676867842674 671.1516499742866 7.035167813301086 11.58385867625475 4.796917468309402 2720.662677913904 515.1017593443394 1.81974833458662 0.2077029794454575 90.63923928141594 0.5919360816478729 279.5163413211703 6.783006422221661 715.9201565384865 31.49457515031099 498.6256911531091 111.1884557753801 441.3375819697976 69.90444638580084 8.166420668363571 8.255148664116859 0.868154339492321 0.1258537769317627 0 72.08047040551901 1.126471310853958 14.84999095648527 103.2611272856593 71.76788622140884 91.88850824534893 172.5990260615945 4.992719173431396 81.33175046741962 0.126683309674263 56.43864038586617 4.531561680138111 0 0 0.542737253010273 0 19.29024018347263 0 0.6269829422235489 0 268.1201908439398 0 0 0.3871133476495743 347.6911570504308 17.55840917676687 4.308959424495697 0 2.837837755680084 0.7821303606033325 16.13900389522314 1.210038751363754 27.24485404789448 1.075045607984066 34.10834062844515 4.777509093284607 31.32178416103125 3.243951171636581 8.49045604467392 0
22.85165512561798 4.609665311872959 180.1848677545786 0 0.3560752347111702 13.84883169084787 1081.01823938638 201.9084349945188 25.88337647169828 5.534017480909824 7.693284884095192 0.1252206861972809 2.390853337943554 137.0162456035614 0 3733.223194219172 248.579439625144 0.8443811237812042 22.92446728050709 0.2525292038917542 15809.36289201677 83.37575946748257 7303.084114015102 50.82960487157106 0.1236765459179878 8.081097230315208 636.8243047744036 1988.649575777352 107.2868897691369 15058.91116459668 0 1.892640605568886 15.31821522861719 3652.691165305674 254.6450191289186 7132.032874457538 957.7384990602732 6077.938671089709 2492.937638550997 398.8129730895162 13.4210352525115 4.744266510009766 57.04586617648602 10.53844512254 1.42818620800972 13.3772562071681 0 0 0 18.91015139222145 1.503139011561871 52.55070222914219 0 0.5148182287812233 0 0.1407756060361862 5.301444724202156 0 536.7329703047872 0.6196845918893814 0.09237102419137955 0.3991153687238693 0 289.3414848521352 179.2546567544341 99.83885013312101 536.0173029527068 0 0.1142775639891624 26.97262417525053 242.395940348506 56.42965899407864 96.80469364672899 0 0.3221626058220863 13.98847790807486 15.22457830607891 108.6265732645988 143.0397760868073 1.179294385015965 42.68591427057981 12.18317925930023 10.67274567484856 0.1719234138727188 0 0.6954299956560135
0 1531.04501233995 1.056744039058685 0 1.55329841375351 0.6178897470235825 1.685817092657089 0.1034326702356339 4450.666643202305 0 18.09867390245199 0 255.8813838660717 0.5136188268661499 27.53033666312695 3343.591961801052 2.493600249290466 2.683752402663231 6.631475515663624 0 83.37575946748257 1079.441579915583 161.328745380044 4963.339117072523 570.5685899555683 166.1878839358687 2670.352031558752 144.6720519438386 0.4760536700487137 0.7688595205545425 8.124224372208118 0 0 8.460012353956699 1.599780321121216 26.72093041241169 7.218967229127884 16.35637614130974 12.63844557851553 7.30682335048914 0 5.992544084787369 0 0.1157174557447433 35.28202866017818 14.1372122913599 0 0 0.1331013888120651 2.689955547451973 0.8124048411846161 39.00193940848112 0.1067955866456032 1.001358784735203 0 9.172667272388935 0.210511177778244 0 775.6565493643284 1.691172137856483 0.4962081015110016 1.396291047334671 0 14.78888779133558 759.0713704451919 204.2859137654305 134.9205888360739 4.391917884349823 3.789832442998886 722.10670183599 32.26821032911539 2.540593564510345 4.578485600650311 0.4766146168112755 0 1.307820744812489 1.977645859122276 0 25.15212699025869 4.061853684484959 12.58010647445917 7.123667247593403 0.4547024965286255 0 0.7732976302504539 0
181.2313465476036 2.910912469029427 17348.26817622036 0.2866119295358658 0.3850811421871185 15.04505588114262 643.3327409774065 341.6955211237073 10.79578609019518 8.5482112839818 57.34303691983223 0.276895746588707 2.228660456836224 486.9369387477636 0 4728.945962414145 3323.737397134304 12.01699255406857 424.8780500814319 0.9462676867842674 7303.084114015102 161.328745380044 22013.73526133597 85.76129798591137 0.7080306112766266 1717.84405002743 12231.69830397516 559.175135396421 451.7000720724463 9482.36075527966 0 5.162863723933697 25.53504180908203 4226.561007194221 383.2730289101601 10135.44040383399 4101.603127785027 9154.773723877966 3930.377672225237 559.8501867055893 40.27428629249334 5.84164897352457 66.26617851853371 0.2342882007360458 20.17298910021782 232.3395407050848 0 0 0 6.230409987270832 1.932327330112457 5.286301538348198 0 0.1255965530872345 0 0.470508486032486 3.230380289256573 0 2323.451686128974 5.682129740715027 0.2538233026862144 1.249125227332115 0 157.2874734550714 877.5453018248081 993.2162415832281 105.6180730164051 1.022159464657307 3.896968886256218 2263.070862427354 54.5805567279458 7.342845864593983 19.84049659967422 1.716479614377022 0 1.240427479147911 8.271592058241367 246.0049581229687 110.2649335190654 29.20880754292011 56.02970330417156 45.19743423163891 6.940611600875854 0 0.7277442961931229 0.4259131848812103
71.43443930149078 313.6005783304572 82.81555176526308 2732.771887652576 26.53599514067173 112.3205814138055 2104.912376232445 329.076179690659 9889.417204588652 724.4629869237542 38.25464452058077 229.0728791803122 24.26473658531904 525.9830712080002 727.7779124230146 1590.810850583017 54.79664289951324 2.388524226844311 24.47043164819479 671.1516499742866 50.82960487157106 4963.339117072523 85.76129798591137 11844.35404134542 66.62524340301752 97.19342789798975 1729.306991800666 7587.659093879163 1394.341971814632 358.9754097089171 0.3212877511978149 54.94216326624155 189.4148084670305 591.0740978345275 175.374661333859 4134.706948392093 123.851540595293 1396.052585281432 617.233440965414 483.7836573794484 97.37110021710396 12.92067198455334 26.56816142052412 53.70939704030752 21.49300281703472 18.60787753015757 253.7887049913406 3.017205901443958 93.21367341279984 800.2676202133298 428.9173267632723 1413.676283679903 642.175143763423 28.70135920494795 62.50536607950926 5.850797228515148 239.0873962044716 18.35878370702267 285.827545017004 1.952334068715572 3.516008272767067 1.79224806278944 63.03180669248104 97.5085034891963 315.2746290042996 77.84074219316244 4678.568989805877 4.587095357477665 7.758904777467251 267.8919756412506 3319.430785492063 214.7634102553129 257.7214910835028 2.290907524526119 25.23151776939631 18.48425006121397 90.42047223448753 43.65635837614536 525.3928858488798 18.71584364771843 377.2992381751537 68.53319031000137 211.3115804046392 23.77986055612564 40.90538605302572 1.900334604084492
0 2222.557445205748 0 12.46739137172699 0 15.73458720743656 1.317393019795418 1.654853865504265 222.3646773844957 5.25542739033699 827.2130914330482 6.236029177904129 4563.218034118414 0.1038241758942604 0.6409828662872314 21.2270320057869 0 2.198917701840401 5.594284757971764 7.035167813301086 0.1236765459179878 570.5685899555683 0.7080306112766266 66.62524340301752 1336.98463998735 337.8980841711164 5494.926198408008 19.89392174035311 3.499013453722 3.002560287714005 73.75520602613688 1.07856173813343 1.388685345649719 111.4699435830116 2.411104679107666 443.2847270295024 186.0666169375181 324.1918663531542 61.20543589442968 44.4745454415679 67.05293807387352 125.9768408983946 6.251507043838501 0 165.167577765882 1.635775119066238 0 0 0 0.5227519869804382 0.1908956915140152 0.1397931575775146 0.4234254062175751 147.8986265137792 0 785.6035401746631 0.1505750566720963 0 0 0.3169417381286621 1.216653302311897 0.7102765068411827 0 0 24.42790111154318 0 2.800357043743134 246.5730958133936 7.752198040485382 330.0780973061919 3.178889513015747 0.4797817468643188 0 8.088434182107449 0 0 47.00745326280594 2.775749564170837 254.1427290812135 166.2806832268834 100.2651678100228 68.37604025751352 19.87369874119759 33.52925306558609 472.8005202263594 4.363842725753784
42.57289156317711 205.9786681160331 13628.1386526227 1.962086774408817 2.742132484912872 39.13551078736782 414.8890291154385 319.5473993420601 76.99679569900036 25.53444943577051 2238.110946312547 13.17704654484987 642.7546627223492 273.0467513203621 0.3909826874732971 34.94212495535612 2738.519125811756 788.0789289921522 9346.860495984554 11.58385867625475 8.081097230315208 166.1878839358687 1717.84405002743 97.19342789798975 337.8980841711164 35012.89510560781 12839.59595522285 89.84821942448616 98.88924417644739 70.98092173039913 356.5069702416658 15.83229407668114 3.806533560156822 2627.382711432874 34.25926650315523 2635.408889397979 4474.719264023006 4075.088083289564 1533.088563092053 36.68717233836651 5.667183741927147 119.9801581278443 8.48336736112833 0.7928968966007233 857.9276772513986 94.05618277192116 0 0 0.3769154995679855 7.43918950855732 0.4489918127655983 7.064581707119942 0.6077894791960716 128.6184833720326 0 1192.237845905125 1.161617524921894 0 4.78268201649189 78.92203968018293 121.3596346005797 200.7727239280939 0 2.194183714687824 18.136594414711 8.358833126723766 12.76332941651344 1396.778408199549 1217.896096132696 8866.339505061507 6.234223067760468 0.896441675722599 1.854968130588531 174.1724815219641 0.09591834992170334 0 46.90202089399099 16.48015362024307 138.4386001080275 315.4941644892097 190.014212064445 28.9935365691781 3.477226316928864 0 11.20531624555588 0.2610851228237152
26.66735680401325 4118.041966326535 4325.149552389979 0.576734334230423 0.9526615887880325 7.811916820704937 61.98509903252125 78.95487570017576 1454.835188560188 9.407688058912754 527.2682688608766 4.977469347417355 4804.016671843827 110.3060850054026 9.066188372671604 2354.572254009545 6121.504095114768 116.1273897662759 2254.882263459265 4.796917468309402 636.8243047744036 2670.352031558752 12231.69830397516 1729.306991800666 5494.926198408008 12839.59595522285 40186.07920125872 1044.288346417248 90.98594826459885 48.27188355475664 1037.619389168918 6.286906681954861 6.564069792628288 4325.19826412946 385.0025143623352 7194.430347852409 1114.052149496973 9162.172921836376 3555.212243944407 187.2550057098269 39.9728047400713 28.81647428125143 30.02442615479231 5.861174590885639 5361.451923191547 2546.530817933381 0 0 0.6585339680314064 73.88828241080046 7.681020706892014 8.042408928275108 0.6411703675985336 125.2120303139091 0 1321.12558940798 22.10286764800549 0 890.0252961888909 303.3983951881528 72.91272512823343 229.706861153245 0 19.06483767181635 4848.560264460742 755.9613513946533 55.43754857778549 1452.127992071211 1481.109466701746 27998.82187098265 38.73889242857695 2.816811263561249 8.861230969429016 146.816011659801 0.415310800075531 0.5451384410262108 206.37739662081 205.5312689095736 446.9125688225031 263.5833283811808 847.0838528946042 189.0959964841604 15.15999461710453 0.4857069998979568 9.092104256153107 1.199490964412689
60.82882214337587 22.52556080371141 261.5653970912099 4452.800506465137 9.888591170310974 476.2595293745399 21506.14042647183 305.9622325673699 1451.041385196149 2343.60143031925 20.40238400548697 251.8924330323935 9.277802221477032 518.1121875047684 38.38120690733194 764.0442832261324 46.66652262210846 2.7168128490448 18.47985062748194 2720.662677913904 1988.649575777352 144.6720519438386 559.175135396421 7587.659093879163 19.89392174035311 89.84821942448616 1044.288346417248 17183.6293573007 1814.849950388074 3261.776756606996 0 30.43955128639936 315.0308771058917 955.3070063143969 264.3149441182613 5368.047189638019 172.5659396648407 2108.587636262178 1089.310261130333 233.2038790285587 120.3886323720217 29.24643180519342 44.2949840053916 45.06804647296667 5.159368500113487 13.67790527641773 181.4508014023304 1.935206040740013 87.0669509768486 861.1008834913373 459.2406332790852 416.6426485478878 650.251504227519 26.93508893996477 28.04834255576134 1.659253910183907 226.4837686941028 14.00902037322521 160.1548075526953 1.523776970803738 3.450741939246655 1.215863563120365 51.21267561614513 88.48922694474459 83.20681965351105 34.78052952885628 2462.740613922477 0.4682348594069481 4.650290355086327 108.5998651757836 2459.440291307867 214.3110005408525 281.0398480221629 1.142698161303997 24.06057645380497 20.61370129883289 91.71212414652109 55.9142454341054 462.2117563709617 13.2533011585474 348.7281688079238 61.09886853396893 194.6509848162532 20.57154540717602 25.07737519592047 3.366386920213699
6189.544456988573 0.1037353426218033 378.7798414975405 174.5481941699982 67.15298545360565 652.1450025439262 2398.432382307947 1442.419693119824 63.6451955139637 1382.090276293457 274.6996643170714 546.6886759474874 6.572433516383171 8271.564861416817 2.541784971952438 8.677432589232922 1700.84510383755 22.10636702924967 385.9167547523975 515.1017593443394 107.2868897691369 0.4760536700487137 451.7000720724463 1394.341971814632 3.499013453722 98.88924417644739 90.98594826459885 1814.849950388074 23864.70761956275 3621.547264181077 0.231531098484993 1119.815949514508 4561.752931527793 4064.887687951326 17.52524401992559 521.2571058347821 79.0715229511261 1982.161005243659 196.5873986110091 253.671431787312 111.2384509965777 9.698884427547455 9.39563212543726 10.40164080262184 0.08728037774562836 1.331131525337696 8.263640329241753 0.8758712261915207 16.73268173635006 184.5457367748022 36.33390601724386 29.07406913489103 16.06616803258657 2.228398360311985 1.175028115510941 0.738508827984333 21.77968963235617 0.3570645451545715 7.700479447841644 0.2914911583065987 0.08368802815675735 0.08014190942049026 3.031367212533951 5.173569075763226 1.46680361777544 0.746904157102108 250.7914714440703 0.09505324065685272 0 9.262753143906593 244.0505257174373 23.81143018603325 48.02033812552691 0 4.166623063385487 1.685687035322189 13.02504719793797 2.531078360974789 80.74072788655758 1.886307075619698 48.97159533202648 7.771077647805214 34.86809266358614 5.671609491109848 11.20842863619328 0.1429878920316696
