2068.015871725976 0.1972062140703201 17.02574210613966 5.812410391867161 0.1583990752696991 24.45090189576149 2825.947442494333 1452.897494107485 8.185949452221394 78.58281365036964 9.492287024855614 11.72469367086887 1.524791151285172 6711.12086442858 0 0.6555583402514458 31.50482934713364 4.50219501554966 13.35014648735523 10.26009663194418 16.18560574948788 0.1185535043478012 23.51927381753922 122.9263565465808 0 19.04349926114082 9.095470435917377 150.0134146362543 7479.437324851751 3688.649629332125 0 1.463648431003094 535.0751087144017 390.0392766743898 13.50398928672075 333.1176301166415 8.088826984167099 383.2107179015875 112.4284347370267 29.99007192254066 11.73215240240097 0.3037932515144348 3.601906105875969 0 0 0.1589266955852509 0 0 0.3085763975977898 0.9902597367763519 0.2020234912633896 0.2912267223000526 0 0 0 0.09742136299610138 0 0 0 0 0 0 0 0 0 0.1496779024600983 1.123851329088211 0 0 0.3588196858763695 1.983127750456333 0 0 0 0 0 0 3.348108500242233 2.226986676454544 0 0.2265382409095764 1.059187769889832 0 0 0 0
0.1972062140703201 352.8743854686618 64.90536294132471 0.1738032400608063 0.1582450419664383 0.1992677077651024 19.02377803623676 0.6523668020963669 263.1941064074636 0.3836134597659111 47.09946214407682 1.193390101194382 464.7600889056921 0.8085688874125481 0.8246410489082336 533.072576738894 222.1997005715966 6.685074351727962 28.42124696820974 0 30.09726893901825 1729.547482766211 25.99393925815821 486.955235876143 2948.323657549918 1360.177194260061 12497.31811986119 39.49823372811079 1.579675354063511 22.07126996666193 210.6408116593957 0.4137048497796059 0.4909186661243439 41.37553896009922 3.49794015288353 76.79132281243801 298.8000385388732 158.5868033021688 33.55538568645716 3.38584466278553 0.1123189032077789 98.56845401972532 0.188354417681694 0 165.9099208712578 157.3174255266786 0 0 0 1.525429129600525 0 0.5738325417041779 0 6.173277907073498 0 74.26878353208303 0 0 9.300156384706497 68.61813867092133 0.8673446550965309 47.82002741098404 0 1.115825638175011 31.83583888411522 18.09058244526386 4.130284950137138 129.6901068687439 166.4548088759184 2354.548918046057 1.681018315255642 0.1528898775577545 0.4449681416153908 6.334077402949333 0 0 25.59554533660412 0.9313794523477554 46.85072013735771 49.69758751988411 60.65400802344084 14.58377630263567 1.441917456686497 0 3.797517478466034 0
17.02574210613966 64.90536294132471 10821.62906404585 15.0769726485014 0.2131101191043854 20.75702605396509 1556.142885401845 80.51732059568167 22.31949520856142 61.14737981557846 31.6647472679615 1.250950038433075 1.908482730388641 67.31923328712583 0.1833014935255051 157.5571724250913 4250.155458502471 73.54741675406694 349.83085783571 7.196407742798328 675.8177958801389 393.568770840764 17529.10703530163 360.876891925931 0.284898541867733 7310.538211427629 15228.36485733092 784.3145351037383 21.64854654669762 1109.568699248135 0.3827912360429764 0.1454585343599319 1.225776441395283 1266.643677964807 44.76668433099985 3010.599894970655 6901.661858849227 2572.751478515565 893.2959724068642 88.07902516424656 5.835090465843678 2.09893062710762 4.147946566343307 0 154.5680077150464 213.6458428129554 0.5929508954286575 0 0 3.394532255828381 0.2480578720569611 2.086158499121666 0.2098498195409775 0 0 1.314955979585648 0.3500639796257019 0 209.976879298687 22.43904450535774 0 3.881110809743404 0.419665165245533 3.665759012103081 139.3198890537024 233.7700919434428 7.411115132272243 4.274514898657799 16.97622186690569 1464.960908740759 12.33402374386787 0 1.10520014166832 0 0.1258195340633392 0 7.391516342759132 23.89110940694809 55.79891164600849 26.31600293517113 18.29810614138842 11.35237064957619 0.6692943871021271 0 0 0
5.812410391867161 0.1738032400608063 15.0769726485014 4497.624216966331 2.157012477517128 47.60520931333303 1375.094870366156 67.04570581018925 1761.997965015471 3063.261177733541 0.3896289020776749 2459.177435293794 3.088664829730988 54.79726997762918 76.11847074329853 0.143901914358139 4.466704271733761 0.2839687019586563 2.579381689429283 4870.216374576092 4.146121338009834 0.6030530780553818 7.766518823802471 2995.376792624593 0 6.276136010885239 3.395151242613792 6905.567338101566 45.42476363480091 55.24901246279478 0 0.5405008569359779 2.24761426448822 31.05938093364239 15.04922071099281 210.0912629291415 5.13641194999218 78.34976646304131 32.03955326974392 320.9695053696632 8.992131851613522 0.3420191034674644 4.361493051052094 0.1003180220723152 0 0 139.0915388688445 0 7.051258929073811 41.25064907968044 5.826261982321739 105.9772796481848 171.4598442167044 0 132.4932085871696 0 1.485329918563366 4.37096856534481 0 0 0 0 78.58709809929132 0.4725717902183533 0.1861940920352936 0.1761854439973831 114.2681045606732 0 0 0.09819182753562927 201.3424348160625 1.531247727572918 0 0.09149034321308136 0.1203352734446526 0 0.2875643521547318 2.53716629743576 53.38829619437456 0.3619917333126068 3.219342514872551 0.2224912494421005 102.5130238831043 0 1.431339025497437 0
0.1583990752696991 0.1582450419664383 0.2131101191043854 2.157012477517128 146.0150490701199 567.0048894807696 1.357369162142277 200.5301255434752 21.3085989356041 2.38963644951582 57.11471506953239 43.17693854868412 13.81003047525883 134.0577052310109 1080.550511330366 0 0.7531504034996033 10.98929861932993 8.379678554832935 2.511992119252682 0 0 0.1037492305040359 9.785302847623825 0.3597450256347656 13.43120719492435 1.293886184692383 0.7888419330120087 936.1101875305176 0.1055178940296173 0.4726527556777 266.0021851509809 0 1136.404139012098 0.166421115398407 15.28306300938129 7.080020993947983 189.246140435338 111.5458255708218 1498.645518273115 306.3352934718132 2.447552382946014 0.2308126837015152 0 0 0 0 0 0 0 0 0 0 0 0 0 0 0 0 0 0 0 0 0 0 0 0 0 0 0.1156136244535446 0 0 0 0 0 0 0 0 0 0 0 0 0 0 0 0
24.45090189576149 0.1992677077651024 20.75702605396509 47.60520931333303 567.0048894807696 17301.4951928407 3406.253342814744 9750.237993955612 62.36068060994148 9156.678928669542 141.3798325955868 7192.982235148549 59.96018183231354 3203.548144109547 2805.045395024121 0.2490504160523415 13.21741852909327 47.80826761573553 32.62046350538731 453.0944238230586 11.21177423745394 0.4570287317037582 15.14223475009203 294.640425786376 0.374736025929451 67.87745118141174 11.80393903702497 135.9990821704268 708.9875588901341 236.7452412433922 1.359469771385193 873.0544748976827 4.702226161956787 535.4153960719705 13.04124214500189 314.6236754432321 40.35003955662251 1067.552246950567 374.4011534973979 2112.178770564497 466.4110315367579 6.510658219456673 12.08299209177494 0 0.1120230928063393 0 3.329062141478062 0 0.6660241186618805 6.713907010853291 0.8452425897121429 14.62452836334705 5.983656488358974 0 9.244863510131836 0.3411106169223785 0 0.7674617767333984 0.1043499261140823 0 0 0 4.292073398828506 0 0 0 20.9841598123312 0 0 0.2245556935667992 33.77133095264435 0.7025988698005676 0 0 0.1518488079309464 0 0.07964933663606644 2.045253902673721 9.068701460957527 0.1636704802513123 0.2693741917610168 0 4.16561071574688 0 0 0
2825.947442494333 19.02377803623676 1556.142885401845 1375.094870366156 1.357369162142277 3406.253342814744 39062.68759728223 7635.892638444901 285.4058238640428 12527.5226935707 12.99147584289312 89.51803474128246 7.275449335575104 9484.797819294035 10.25092118233442 56.60288857668638 182.5778699144721 12.06178007274866 52.48444485664368 199.5496044233441 512.8165842071176 30.10063019394875 1246.120978631079 3696.239007651806 0.249488890171051 293.2501961812377 405.6176084503531 27811.24067524076 2701.931116700172 12057.4251524359 0.3238691166043282 6.887453317642212 524.6567521616817 922.0781882852316 364.7764705717564 2697.999245680869 101.294321231544 1618.248430676758 742.9361442923546 366.6907852366567 109.2997837588191 3.029613882303238 55.94191890954971 1.345221698284149 1.080777235329151 1.079969435930252 27.83129220455885 0 4.541644215583801 68.21300698816776 6.817749410867691 64.6076271161437 30.38168752193451 0 19.39934189617634 0 2.180990166962147 0.6993857249617577 6.218952938914299 0.2271006777882576 0 0 21.680619366467 2.40507622808218 2.984800510108471 7.249942384660244 101.0491209551692 0 0.1100584268569946 16.32067693024874 192.8054296374321 1.178580731153488 1.58433586359024 0.1047036945819855 0.113326869904995 0 0.8658354952931404 78.86818659305573 37.43596375733614 0.7031192108988762 5.147351823747158 4.529100254178047 23.32267548143864 0 1.272123940289021 0
1452.897494107485 0.6523668020963669 80.51732059568167 67.04570581018925 200.5301255434752 9750.237993955612 7635.892638444901 14018.91349754483 134.3879997208714 4184.609977535903 260.2966299541295 1832.342943757772 70.56529115885496 13611.77708493918 1185.670316465199 1.573467433452606 87.99427128583193 102.7807349786162 93.8456381931901 291.2555011585355 64.60306040942669 0.4948981925845146 79.95047678798437 1108.817522004247 0.353384330868721 187.8209384679794 47.95176581293344 496.1523277685046 2038.835371702909 2397.839868567884 2.134651638567448 292.330685980618 43.46499265730381 1114.065916888416 28.33286429941654 886.2104095220566 69.82182057201862 1647.897320117801 412.8291020393372 1072.486798450351 339.943074285984 10.17409837990999 20.28832100331783 0.2152392268180847 0 0.1993309408426285 13.32776496559381 0 1.781928390264511 33.36432156711817 3.035938605666161 31.95823781192303 16.35294698178768 0.4715655967593193 14.43076425045729 0.6018049046397209 0.08846224844455719 0.5963727310299873 0.08797124028205872 0 0 0 10.49190448969603 0.1307952255010605 0.1013074070215225 0.3315854370594025 64.65383668243885 0.09712418168783188 0.5785579457879066 1.762875273823738 105.9098088592291 1.284815981984138 0 0 0 0 0.1456373184919357 8.078383520245552 21.22226261347532 0.5914745405316353 1.557392723858356 0.08481511473655701 12.4505058825016 0.5270459353923798 0.4098249971866608 0
8.185949452221394 263.1941064074636 22.31949520856142 1761.997965015471 21.3085989356041 62.36068060994148 285.4058238640428 134.3879997208714 2097.110612623394 869.0472859814763 3.888117052614689 913.547076806426 18.29875702410936 89.08329932391644 617.1163339465857 306.3049551993608 24.65925174206495 1.838754221796989 5.102053761482239 1692.298194512725 214.9991490989923 2633.951537303627 56.11527516692877 15299.88870234787 47.08012238144875 109.2262061461806 323.8397270441055 1831.346337974072 85.3469135388732 739.0296643525362 8.014196828007698 3.422282934188843 20.83519927412271 95.95385550707579 69.65381549298763 1027.541700154543 42.43049880862236 161.0840689614415 82.01170971244574 436.1017741188407 6.969278000295162 2.619493767619133 6.419434696435928 9.027490258216858 8.297201834619045 2.96211414039135 187.6626284718513 0.1108515411615372 38.60002414882183 410.2223986685276 33.72882402688265 296.3922077417374 342.4629981294274 0.6492384523153305 273.7133309096098 0.6128577217459679 15.61259941756725 30.23458377271891 145.0220011621714 0.6359320506453514 0.07442069798707962 0 198.5333348438144 112.9464227557182 105.6576213985682 39.75071619451046 2207.565501563251 0.2804212495684624 0.913965605199337 40.56671217083931 2247.395339898765 18.7215106934309 20.13217797130346 0.09787692129611969 0.7112144827842712 1.646692514419556 3.608593560755253 12.58506801724434 200.2052169963717 2.819176509976387 14.28843940794468 3.49004153907299 393.7804367914796 1.289146549999714 0 0.1537759602069855
78.58281365036964 0.3836134597659111 61.14737981557846 3063.261177733541 2.38963644951582 9156.678928669542 12527.5226935707 4184.609977535903 869.0472859814763 37115.26429252326 14.40871476382017 2488.149958405644 14.88202188163996 1364.210029087961 28.75006940960884 0.9960116893053055 18.78952055424452 8.836163535714149 14.13920107483864 6506.350871667266 18.27070945501328 1.369188264012337 32.88525073230267 923.7331147044897 0 30.41834089159966 18.10160724818707 2817.255421474576 541.0219761431217 291.771783195436 0 11.76829743385315 8.351965591311455 336.672214537859 91.11667799949646 739.8932970091701 14.07525055855513 966.207001209259 299.0242995917797 599.3030919730663 141.4259984567761 2.020830854773521 53.15751262754202 0.2012414485216141 0.0853736624121666 0.2178222686052322 80.10569784045219 0 9.660717539489269 105.7407492622733 10.07422210276127 201.4437802806497 113.2977352142334 0.1317888498306274 96.3809938877821 0 1.16284604370594 4.829636752605438 0.09213989973068237 0 0.1063289046287537 0 87.08430576324463 0.09361918270587921 0 0 231.5383954867721 0 0 0.5902022942900658 398.3957090228796 1.541247338056564 0.1613068431615829 0 0.3131632953882217 0 1.675547778606415 21.78636177629232 68.08406680077314 0 3.563041590154171 0.5174545422196388 117.1399202793837 0.7176172137260437 0 0.3648221790790558
9.492287024855614 47.09946214407682 31.6647472679615 0.3896289020776749 57.11471506953239 141.3798325955868 12.99147584289312 260.2966299541295 3.888117052614689 14.40871476382017 15162.61434033513 13.79612302780151 4562.518594250083 129.0876524038613 2.963193528354168 1.77416018396616 49.74754372984171 5708.070358231664 847.5321687608957 2.976314261555672 5.82879326492548 10.73159071058035 22.71969170123339 14.4748312458396 1966.964977115393 3891.675695732236 379.7646467536688 5.244139298796654 332.0565942451358 18.0570105612278 299.9677247256041 176.4693032354116 0.6377904266119003 4477.704156138003 10.0735719949007 461.4396949261427 8583.469159148633 6363.999715052545 1495.651636406779 20.17415698617697 167.3229456841946 3493.539634108543 6.873647324740887 0 8.81318224966526 0.8204690665006638 0 0 0.09541936963796616 0 0 0.3895383700728416 0.1398990750312805 335.6067376509309 0 1652.178937196732 0.1892689615488052 0 0.1481788903474808 0.2360681667923927 6.700404539704323 2.63551227003336 0 0 0.8222887963056564 1.346974410116673 0.4584672003984451 216.7768531292677 68.58253987133503 303.7448289617896 0.6537853926420212 0.3676361367106438 0 113.9618613794446 0 0 20.058350071311 9.734148949384689 10.7786855250597 321.2690242156386 15.26110537350178 5.91683191806078 1.373300552368164 0.3891403079032898 303.9956023320556 0
11.72469367086887 1.193390101194382 1.250950038433075 2459.177435293794 43.17693854868412 7192.982235148549 89.51803474128246 1832.342943757772 913.547076806426 2488.149958405644 13.79612302780151 8668.157091595232 3.9100391715765 837.7600309103727 1486.346919260919 0 1.454987190663815 6.764951013028622 7.574678331613541 6358.71423343569 0.7926620915532112 11.37089255452156 1.233736500144005 1743.28380355984 0.1177171394228935 14.46496845036745 3.225086681544781 857.7636175081134 251.6940301805735 8.780018515884876 0.2611089125275612 7.671809338033199 0.8153156116604805 153.1550775617361 17.69960910081863 628.4164839833975 6.311477020382881 473.8835953250527 105.5570576265454 2894.308800555766 71.14454390108585 0.3976140469312668 14.82434849441051 0.2759905308485031 0 0 31.08142495155334 0 11.73324733227491 21.68426975607872 3.943151786923409 27.96949490904808 41.07119936496019 0 177.1651371195912 0.2177763283252716 1.510995663702488 7.258838497102261 0.3643123954534531 0 0.1027520447969437 0 43.06305873394012 0.3319490402936935 0.1881405264139175 0 38.0348242521286 0 0 0.08476019650697708 82.85338062047958 1.103505715727806 0 0 0.4619582816958427 0 0.7097911238670349 5.041048303246498 63.52704161405563 0 2.383099481463432 1.692195139825344 92.21462988853455 0.2828026339411736 0.5839342474937439 0
1.524791151285172 464.7600889056921 1.908482730388641 3.088664829730988 13.81003047525883 59.96018183231354 7.275449335575104 70.56529115885496 18.29875702410936 14.88202188163996 4562.518594250083 3.9100391715765 5194.084095060825 16.9811383113265 1.663975179195404 6.778415076434612 4.667114034295082 97.30668890476227 16.06461870670319 1.481261104345322 13.96864818781614 82.34933041781187 17.69849035143852 96.81275945901871 8247.702980861068 1763.80771356076 2809.056704342365 54.14848579466343 38.21313028782606 6.612336322665215 2539.702590920031 43.80966129899025 0 553.2462857440114 30.90859404206276 1746.977787546813 5190.643663138151 5474.906722426414 505.7674496173859 109.9810755774379 239.6866873949766 1505.673013813794 7.112398862838745 0.104028694331646 12.56261730194092 0 0 0 0.1974870711565018 29.35542403161526 1.265566736459732 0.5206795334815979 2.771988093852997 458.0318304151297 2.249017238616943 2048.898198895156 0.847213089466095 0 0 0.2094373181462288 11.85769411921501 2.074729315936565 0 0.2284243106842041 0.5687149614095688 2.175442241132259 12.97692427039146 314.2324994653463 79.57856249064207 298.5222755372524 60.8664490878582 3.26859787106514 3.080237001180649 105.8817311450839 0.7355249375104904 0 50.00365953892469 33.42530931532383 1400.942315876484 394.0412030667067 111.5086373984814 71.72858815640211 60.44199173897505 41.9178494811058 346.6482624560595 7.108318746089935
6711.12086442858 0.8085688874125481 67.31923328712583 54.79726997762918 134.0577052310109 3203.548144109547 9484.797819294035 13611.77708493918 89.08329932391644 1364.210029087961 129.0876524038613 837.7600309103727 16.9811383113265 20661.7540242821 158.3132143393159 1.210064686834812 84.73722449690104 68.15223257243633 90.68458596616983 198.4080204069614 50.90052681788802 1.092663548886776 71.05534504726529 757.4175804182887 0.3800257295370102 153.5544152893126 42.42911460250616 565.0954513847828 12606.76198779792 3343.479399356991 0.9889430329203606 1156.435570761561 124.6052783951163 1101.027686834335 32.30854513496161 1109.182973220944 53.16020269691944 1259.897299014032 197.0450942441821 269.994868837297 95.45194205641747 3.105046480894089 13.23451613634825 0 0.08784016221761703 0.3483912497758865 5.384902507066727 0 0.4056143239140511 18.68111907690763 0.5790551826357841 17.98619185388088 8.986662849783897 0.2500250861048698 7.531144864857197 0.2627354934811592 0.1058160066604614 0.0784994438290596 0.8112171441316605 0 0 0 2.447395898401737 0 0 0.4305020868778229 22.47160252928734 0 0.2114001289010048 1.546972788870335 47.69492396712303 0.1004043519496918 0 0 0 0 0.4813803881406784 5.890356823801994 17.47292056679726 0.3515609800815582 0.6985516846179962 0.4864262342453003 3.042966455221176 0 0.2798331528902054 0.9821569323539734
0 0.8246410489082336 0.1833014935255051 76.11847074329853 1080.550511330366 2805.045395024121 10.25092118233442 1185.670316465199 617.1163339465857 28.75006940960884 2.963193528354168 1486.346919260919 1.663975179195404 158.3132143393159 442.54324477911 0.3926546573638916 0.1824103146791458 0.2498121485114098 0.7232765257358551 117.3135182261467 0.554309070110321 4.087848424911499 1.077752321958542 735.3167196810246 0 0.5802603363990784 0.7064906880259514 26.84966827183962 82.58349443972111 1.30927637219429 0 64.62286279350519 0 32.75422328710556 0 91.36821599304676 1.699977770447731 37.27440523356199 6.097192972898483 1550.343968421221 100.9211334437132 0.4878183603286743 0 0 0 0 0.695482611656189 0 0 0.4813530296087265 0 0.7992245256900787 3.36081163585186 0 1.588403403759003 0 0 0 0.9759538173675537 0 0 0 3.395816266536713 1.036851391196251 0.1703253835439682 0 2.255075521767139 0 0 0 5.341273710131645 0 0 0 0 0 0.6189926266670227 0 7.667945310473442 0 0 0 6.689158856868744 0 0 0
0.6555583402514458 533.072576738894 157.5571724250913 0.143901914358139 0 0.2490504160523415 56.60288857668638 1.573467433452606 306.3049551993608 0.9960116893053055 1.77416018396616 0 6.778415076434612 1.210064686834812 0.3926546573638916 6212.531433217227 29.13481796532869 2.260441683232784 6.494490213692188 0.140457347035408 3187.187158800662 7126.049931712449 8462.66988825798 3288.708293154836 26.64645034074783 74.30283981561661 4402.084330573678 3885.277703650296 1.404892444610596 81.43738398700953 3.698574855923653 0 0.870999664068222 290.2155048251152 192.8783463388681 3030.633414432406 1803.684966906905 1112.015660658479 924.0965609923005 185.7134908288717 5.407242968678474 5.560839027166367 24.87144370377064 19.06110729277134 8.280912280082703 6.06130588799715 0.2587283402681351 0 0.1556092351675034 82.1729312390089 3.873932175338268 189.9902986735106 1.000373244285583 0.2264860644936562 0.8055353760719299 0.1527858525514603 6.843882597982883 0.5180855840444565 2931.813272342086 0.9084832668304443 0.9074136912822723 0.24974025785923 0.2935835868120193 562.8826481178403 863.9905156642199 1041.93965408206 709.9846855998039 0 0.7582661360502243 259.3819728344679 692.931239336729 24.67833618074656 49.49360892176628 0.335004448890686 0.3559031188488007 3.204610556364059 4.773938968777657 65.19022540748119 140.936789304018 13.04492084681988 11.19920595735312 13.59428595751524 1.686432987451553 0.1443887948989868 0 0.787191167473793
31.50482934713364 222.1997005715966 4250.155458502471 4.466704271733761 0.7531504034996033 13.21741852909327 182.5778699144721 87.99427128583193 24.65925174206495 18.78952055424452 49.74754372984171 1.454987190663815 4.667114034295082 84.73722449690104 0.1824103146791458 29.13481796532869 1962.77514180541 433.5994039773941 3839.845236837864 3.345113009214401 736.9559616222978 66.56729362905025 4125.865326225758 117.7415371090174 0.192345529794693 7746.866308353841 4121.352103188634 127.2308868989348 44.6044315174222 900.6203990355134 0.457042932510376 1.415610499680042 5.49998977035284 1757.997771054506 13.52354083955288 834.2449377477169 1120.393813289702 1987.379837989807 486.9659064635634 25.76366849243641 2.913715325295925 0.8295851945877075 1.310032084584236 0 92.55847755074501 52.13284764438868 0 0 0 1.135501876473427 0 0.5231107547879219 0 0 0 0.414749801158905 0 0 11.04776465147734 7.54639844596386 0 1.95074201375246 0 0.577628381550312 14.93110355734825 14.24136143177748 2.624096497893333 1.233299478888512 8.246935948729515 284.8769700601697 4.659963399171829 0.5339376926422119 0.2804620042443275 0 0 0 1.679148897528648 6.774625048041344 14.88842575997114 13.51296323537827 7.409364134073257 2.744141556322575 0 0 0.1330715864896774 0
4.50219501554966 6.685074351727962 73.54741675406694 0.2839687019586563 10.98929861932993 47.80826761573553 12.06178007274866 102.7807349786162 1.838754221796989 8.836163535714149 5708.070358231664 6.764951013028622 97.30668890476227 68.15223257243633 0.2498121485114098 2.260441683232784 433.5994039773941 863.1712787821889 2474.629694774747 1.626018024981022 5.346864633262157 3.503667891025543 34.2728134393692 8.256165400147438 5.819965854287148 2769.325468890369 203.6183125376701 6.248408913612366 158.8981758058071 19.84049305319786 31.09665272384882 60.32218604534864 0.9904603585600853 1104.874600864947 3.105478830635548 445.7088540121913 2084.195021398365 2048.257015459239 499.0432419478893 11.61254074424505 28.19181370735168 74.93601028621197 1.676382504403591 0 14.53431107848883 1.266952663660049 0.1015509739518166 0 0 0.2245738804340363 0.1335396766662598 0.20193862169981 0 14.87973918765783 0 61.63027489930391 0.2900399416685104 0 0.228580005466938 4.975187107920647 3.072724364697933 8.777376048266888 0 0 0.372337281703949 0.3105577230453491 0 17.66152299195528 85.90849217772484 275.3952782005072 0.4998711794614792 0.6014666855335236 0 26.65771459788084 0.111810028553009 0 5.218785956501961 2.991752594709396 10.77744522690773 53.62985798716545 13.63026085495949 4.851188205182552 0 0 9.928537778556347 0.1256828010082245
13.35014648735523 28.42124696820974 349.83085783571 2.579381689429283 8.379678554832935 32.62046350538731 52.48444485664368 93.8456381931901 5.102053761482239 14.13920107483864 847.5321687608957 7.574678331613541 16.06461870670319 90.68458596616983 0.7232765257358551 6.494490213692188 3839.845236837864 2474.629694774747 3716.603221789002 1.896078489720821 116.3612908422947 7.267472125589848 617.1175235882401 35.88744133710861 2.474099323153496 7233.805721484125 937.0425182580948 34.92960849404335 155.7434571310878 186.0914195179939 2.952102273702621 38.1128094792366 1.448185920715332 2177.821919754148 8.643588401377201 731.0479716137052 1570.731676355004 2380.038388349116 504.2098644003272 21.70987522602081 13.52010082453489 9.103124856948853 1.816073708236217 0 15.63240131735802 6.763770073652267 0 0 0 0.1136458665132523 0 0.5565923973917961 0 0.5759180411696434 0 5.686661526560783 0 0 2.549095787107944 3.980309441685677 0.3376627564430237 2.825959764420986 0 0.3483855128288269 0.9720164686441422 2.520241096615791 0.8905556723475456 1.233556389808655 16.9838714376092 92.03643402457237 2.402663700282574 0.1361830234527588 0 1.814968623220921 0.1187190636992455 0 1.734856955707073 2.578799217939377 11.67312462627888 12.80378417670727 4.585358314216137 2.829872466623783 0.1873354762792587 0 0.6752276569604874 0
10.26009663194418 0 7.196407742798328 4870.216374576092 2.511992119252682 453.0944238230586 199.5496044233441 291.2555011585355 1692.298194512725 6506.350871667266 2.976314261555672 6358.71423343569 1.481261104345322 198.4080204069614 117.3135182261467 0.140457347035408 3.345113009214401 1.626018024981022 1.896078489720821 1107.344720572233 1.516949824988842 1.190925225615501 3.073842085897923 789.4847054928541 0 4.63332624733448 1.389369994401932 4514.969691924751 104.0321054011583 27.87423449009657 0 4.289456941187382 1.653573147952557 61.50536992400885 10.96369928121567 392.6448376774788 4.84778255969286 179.2184146568179 58.99765369296074 603.2468299567699 29.25364378839731 0 12.27552479505539 0.1116901040077209 0 0 99.54005832225084 0 8.063671864569187 53.40872366726398 7.036549292504787 124.0856029838324 94.2995597794652 0.08976485580205917 150.5707514062524 0 1.82209550589323 4.863511107861996 0 0 0 0 70.65274288505316 0 0 0.09917297214269638 152.1170045435429 0.1607940495014191 0 0 260.2090587317944 0.8399559557437897 0 0 0.1067521721124649 0 0.2155860289931297 2.640908569097519 70.80486939847469 0 3.75503496825695 0.09913238883018494 134.8287855535746 0 0 0
16.18560574948788 30.09726893901825 675.8177958801389 4.146121338009834 0 11.21177423745394 512.8165842071176 64.60306040942669 214.9991490989923 18.27070945501328 5.82879326492548 0.7926620915532112 13.96864818781614 50.90052681788802 0.554309070110321 3187.187158800662 736.9559616222978 5.346864633262157 116.3612908422947 1.516949824988842 21641.39464510232 393.9430490806699 23923.95227125287 789.024150505662 1.685421012341976 78.13286534696817 407.8371841460466 14375.64245530218 54.5636123418808 15732.29788585752 0.1152099519968033 0 42.62619166821241 4640.149149477482 614.356048181653 6798.651505351067 2123.853775806725 5474.366335868835 2643.27569873631 439.6111325994134 30.28791887313128 7.217784941196442 69.72925432771444 13.29954450577497 0.1990413814783096 1.227903231978416 0.1272311210632324 0 0.1046632900834084 52.22216065973043 2.839379511773586 69.11773452162743 0.3201078027486801 0 0.1191904172301292 0 6.218579858541489 0 185.8103594556451 0.3149983137845993 0 0 1.430850118398666 164.703587628901 55.80127631872892 54.06692823022604 312.538285933435 0 0 12.28435617685318 460.6762972921133 15.84724981337786 28.51660133898258 0 0.104961134493351 1.201777830719948 4.229361064732075 205.6247628629208 109.2419403791428 6.162694469094276 9.626396775245667 15.90348322689533 3.946256451308727 0.5271494537591934 3.191422373056412 0.8291963934898376
0.1185535043478012 1729.547482766211 393.568770840764 0.6030530780553818 0 0.4570287317037582 30.10063019394875 0.4948981925845146 2633.951537303627 1.369188264012337 10.73159071058035 11.37089255452156 82.34933041781187 1.092663548886776 4.087848424911499 7126.049931712449 66.56729362905025 3.503667891025543 7.267472125589848 1.190925225615501 393.9430490806699 3149.413219995797 467.9300887957215 9873.394393034279 418.3770018592477 521.4726243838668 6637.414616756141 485.5474221631885 0.4043193757534027 80.87663117796183 50.91171083599329 0.08558551967144012 0.1388053447008133 53.50117035955191 4.622957959771156 177.4280249252915 140.4192529171705 105.6772629767656 40.98330776393414 15.16042524576187 0.7333248257637024 11.15064439177513 0.8475739061832428 5.32582264393568 77.19596353173256 82.7668527290225 0 0 0 20.42439182847738 1.335340246558189 76.69654864817858 0.3162387013435364 0.3520178198814392 0.7269891947507858 3.682305529713631 3.201272822916508 0.1189240515232086 1646.2087585181 3.549129530787468 0.07839328795671463 1.437083855271339 0 206.3949691131711 203.6756912320852 561.5101747438312 372.9987787976861 7.141621209681034 9.119578368961811 1281.742796473205 246.3259924501181 5.865636944770813 9.360858328640461 0.3341578915715218 0.1604154855012894 1.171264097094536 2.247741468250751 3.836216852068901 33.87271568924189 10.8726070150733 9.806419804692268 4.609149925410748 0.6685903519392014 0 0.4369182363152504 0
23.51927381753922 25.99393925815821 17529.10703530163 7.766518823802471 0.1037492305040359 15.14223475009203 1246.120978631079 79.95047678798437 56.11527516692877 32.88525073230267 22.71969170123339 1.233736500144005 17.69849035143852 71.05534504726529 1.077752321958542 8462.66988825798 4125.865326225758 34.2728134393692 617.1175235882401 3.073842085897923 23923.95227125287 467.9300887957215 29254.03741981834 825.7311298474669 0.3404882848262787 990.103450268507 16985.72085922956 3114.196080707014 38.9434302225709 4059.54391464591 0.1710823625326157 0.213561549782753 13.03405733406544 3500.815631151199 538.8096180036664 8436.660487502813 8850.295676611364 7337.101440899074 4437.025293849409 495.0635605752468 33.20451460033655 10.28171354532242 63.80040775984526 2.95987132191658 6.610079944133759 16.79503403604031 0.2452139928936958 0 0.08150717616081238 14.50066006183624 0.4043877422809601 36.6455217525363 0 0 0 0 2.370835334062576 0.6844023764133453 938.3308253586292 0.4331230819225311 0 0.1501802504062653 0.1684346497058868 97.97668921202421 195.4939417093992 430.8406213968992 123.9930814653635 0.1377400606870651 1.902019120752811 330.5822761058807 130.1525996476412 7.45237897336483 5.844961032271385 0 0.149937704205513 0 0.5162394344806671 220.916251949966 88.14365652948618 7.197007864713669 9.74065225571394 19.1547245234251 1.854381322860718 1.55148570984602 0.9407421052455902 0
122.9263565465808 486.955235876143 360.876891925931 2995.376792624593 9.785302847623825 294.640425786376 3696.239007651806 1108.817522004247 15299.88870234787 923.7331147044897 14.4748312458396 1743.28380355984 96.81275945901871 757.4175804182887 735.3167196810246 3288.708293154836 117.7415371090174 8.256165400147438 35.88744133710861 789.4847054928541 789.024150505662 9873.394393034279 825.7311298474669 20618.40302942693 75.84728885442019 281.2307029142976 1244.43951548636 22956.9895709008 824.6247940808535 2096.245209809393 14.19542670994997 8.200280830264091 153.2166651636362 593.0443570539355 319.2040042206645 3871.323241226375 209.8027427047491 1234.64969689399 564.6190721988678 1439.454278953373 96.2146098986268 23.96665334701538 53.34817155450583 39.27869813144207 3.938497297465801 5.545581839978695 171.4783413335681 0.1142796576023102 49.60287104547024 2108.302070714533 163.7680966109037 1161.179619416595 299.0580997318029 1.041948817670345 158.784636259079 3.204001985490322 83.12109959870577 8.079086378216743 312.2058689296246 1.684032179415226 0.7996671572327614 0.3224230036139488 186.2241757065058 299.3196821063757 165.3610189333558 89.54852785915136 4198.317074649036 0.2676226571202278 2.069808483123779 44.37470388412476 6722.817080110312 69.47076648846269 84.98548152297735 0 3.127198964357376 6.920200109481812 22.03880131989717 74.59686590731144 450.0828247740865 8.369613416492939 72.92382709681988 22.3859675899148 248.4711486175656 6.322707071900368 6.863183967769146 1.17459000647068
0 2948.323657549918 0.284898541867733 0 0.3597450256347656 0.374736025929451 0.249488890171051 0.353384330868721 47.08012238144875 0 1966.964977115393 0.1177171394228935 8247.702980861068 0.3800257295370102 0 26.64645034074783 0.192345529794693 5.819965854287148 2.474099323153496 0 1.685421012341976 418.3770018592477 0.3404882848262787 75.84728885442019 2612.25195415318 993.597711250186 6922.27013001591 3.485050208866596 0.3523054197430611 0.0889056995511055 965.0424592792988 0 0.08900774270296097 24.39710006862879 0 8.223197132349014 192.7456537932158 96.3531681150198 7.442340716719627 0.4701421856880188 3.847346529364586 499.47532376647 0.100284606218338 0.2697530165314674 199.3068387210369 5.19991360604763 0 0 0 0.2787493616342545 0.1069109067320824 0.3055416718125343 0.168519452214241 92.09238244593143 0 1476.548180699348 0.5720243230462074 0 0.2732329964637756 21.13251953572035 4.08276791125536 43.72003661096096 0 0.2140815332531929 1.622187070548534 0.8604238331317902 0.6199754625558853 178.952996686101 183.4290641769767 816.9643145725131 0.4879883602261543 0.2554849982261658 0.2290551960468292 51.43446101993322 0.2884004861116409 0 24.25699827075005 0 21.65939816087484 72.37661811709404 35.45449896156788 11.74499490857124 0 0 172.411731287837 0
19.04349926114082 1360.177194260061 7310.538211427629 6.276136010885239 13.43120719492435 67.87745118141174 293.2501961812377 187.8209384679794 109.2262061461806 30.41834089159966 3891.675695732236 14.46496845036745 1763.80771356076 153.5544152893126 0.5802603363990784 74.30283981561661 7746.866308353841 2769.325468890369 7233.805721484125 4.63332624733448 78.13286534696817 521.4726243838668 990.103450268507 281.2307029142976 993.597711250186 33012.44687967002 18870.64533849806 141.8014360666275 239.7238722965121 353.175300501287 323.8991850093007 77.70911468565464 2.583471424877644 2729.714384011924 43.00188960880041 3204.296747051179 12743.76044377685 8957.877415046096 2188.942655742168 64.18383289128542 40.29504487663507 446.2238534837961 5.79497717320919 0.5296538546681404 950.3453455939889 330.6214221119881 0 0.1993019357323647 0.2117619886994362 4.331858225166798 2.378800749778748 2.726311765611172 0.8961294889450073 158.9853117540479 0.31169044226408 1117.683438748121 6.118512310087681 0.09053940325975418 6.559240415692329 175.3317465558648 33.61236482858658 165.1900738999248 0.2375095412135124 3.503482334315777 16.01130701601505 27.49953503906727 3.908227190375328 469.1394108757377 1103.692742861807 6077.843914598227 5.632434353232384 5.889093533158302 2.079127840697765 282.5506136789918 2.607832491397858 0 102.4716066867113 26.79941314458847 217.2580194920301 574.4256351366639 336.8740926459432 70.55343601107597 4.448926694691181 0.7859692126512527 93.47778751701117 0.5534077063202858
9.095470435917377 12497.31811986119 15228.36485733092 3.395151242613792 1.293886184692383 11.80393903702497 405.6176084503531 47.95176581293344 323.8397270441055 18.10160724818707 379.7646467536688 3.225086681544781 2809.056704342365 42.42911460250616 0.7064906880259514 4402.084330573678 4121.352103188634 203.6183125376701 937.0425182580948 1.389369994401932 407.8371841460466 6637.414616756141 16985.72085922956 1244.43951548636 6922.27013001591 18870.64533849806 45752.28062740713 662.923943080008 47.10363665223122 259.6027069762349 2074.937169700861 10.01583953946829 1.759929850697517 2475.052358657122 129.544051386416 6137.159124568105 12639.80009143054 7279.167554214597 2318.946537412703 160.1485519707203 11.06829621642828 115.5472183078527 18.08280698210001 0.7175870016217232 1835.105426236987 1015.798468865454 0.121301144361496 0 0.2321977466344833 8.236707121133804 2.089569702744484 8.556960590183735 0.7439175248146057 82.86479070037603 0.1913067102432251 567.5581232756376 2.410902664065361 0 1918.48013561964 222.8956885039806 22.69481933861971 168.9969534724951 0.1269629448652267 31.66129759699106 898.4046233445406 1485.154896467924 47.85059855878353 348.7210859954357 935.9704468995333 10924.26228787005 42.72439970821142 4.540197968482971 5.235264286398888 148.7149096280336 1.282786749303341 0.317921906709671 92.31355574727058 64.17013938724995 320.3010436594486 491.173282109201 313.9733562693 91.05169549584389 4.376421131193638 0.4484141767024994 30.87837913632393 0.6111892461776733
150.0134146362543 39.49823372811079 784.3145351037383 6905.567338101566 0.7888419330120087 135.9990821704268 27811.24067524076 496.1523277685046 1831.346337974072 2817.255421474576 5.244139298796654 857.7636175081134 54.14848579466343 565.0954513847828 26.84966827183962 3885.277703650296 127.2308868989348 6.248408913612366 34.92960849404335 4514.969691924751 14375.64245530218 485.5474221631885 3114.196080707014 22956.9895709008 3.485050208866596 141.8014360666275 662.923943080008 49375.49030004442 910.0282622650266 10839.07523315772 0.1832004636526108 2.930299535393715 204.2771258801222 1454.093198724091 459.4800179824233 5468.116672568023 311.5976107344031 1952.923405364156 924.6062941923738 344.7790867388248 64.2319939956069 14.50638350099325 54.19742041826248 27.11438459157944 2.92863617837429 2.361148118972778 106.0550304725766 0.1140223369002342 20.29128911346197 1204.078453160822 88.52625016868114 280.6676145270467 119.4085245653987 0.5289767980575562 95.87701979279518 0.08704087883234024 60.94018486887217 3.729963861405849 93.81356940418482 1.89899268746376 0 0.4107412770390511 76.83501721173525 75.09951118379831 28.96530333161354 25.29514256864786 1555.516737006605 0.6586193442344666 1.583964817225933 20.40427009761333 3129.074612155557 35.77347181737423 51.40849639475346 0 0.9345597103238106 3.34934875369072 11.71894904226065 107.2056872993708 271.6147902309895 2.230637155473232 36.01100812107325 17.84303908795118 147.0709438621998 3.81193957477808 8.577054999768734 0
7479.437324851751 1.579675354063511 21.64854654669762 45.42476363480091 936.1101875305176 708.9875588901341 2701.931116700172 2038.835371702909 85.3469135388732 541.0219761431217 332.0565942451358 251.6940301805735 38.21313028782606 12606.76198779792 82.58349443972111 1.404892444610596 44.6044315174222 158.8981758058071 155.7434571310878 104.0321054011583 54.5636123418808 0.4043193757534027 38.9434302225709 824.6247940808535 0.3523054197430611 239.7238722965121 47.10363665223122 910.0282622650266 16159.69764765725 6731.753857918084 2.54277041554451 1161.52717128396 2548.527473941445 4640.984723635018 134.0388142764568 1097.266206733882 46.43164960294962 3764.235717114061 1139.480229198933 318.9155749604106 190.836644127965 8.415008693933487 14.75494635105133 0 0 0 1.190858155488968 0 0.1079932376742363 6.329976350069046 0.4907695204019547 3.275761373341084 1.203181050717831 0.6337799280881882 1.34553637355566 0.2048728093504906 0.2917053699493408 0 0.1505240797996521 0 0 0.1228523701429367 0.4399201273918152 0.2735493183135986 0.2240372002124786 0.7135381102561951 10.36874688416719 0.104538731276989 0 2.339096814393997 16.71992843598127 0 0.3100962340831757 0 0 0 0 16.24052372574806 14.29073747992516 0.5884719491004944 0.1738367229700089 3.441008925437927 3.860423244535923 0.8297255337238312 0.7986827492713928 0
