2707.485724397004 0.3865678235888481 51.12266121804714 4.74291954934597 0.9666720926761627 39.70522163808346 3849.205541066825 1055.660733580589 1.574887081980705 60.8988131582737 26.43007230758667 5.360915914177895 2.127018608152866 8460.722714692354 1.558058351278305 2.564371198415756 198.759279049933 33.53826011717319 88.08200407028198 12.44650469720364 77.48854946345091 0.8979901522397995 617.9181424304843 46.85865310579538 0.329353541135788 215.9369694069028 74.82617449015379 180.8496813476086 5898.641219355166 5322.451089203358 0.2948999851942062 19.56838109344244 690.5134610086679 290.2328026518226 1.477535769343376 122.1159466952085 31.30863188952208 163.7249199673533 47.48060485720634 11.26491956412792 3.033957220613956 3.024694316089153 0.6672416031360626 0.7574063539505005 0.6289038956165314 2.289795465767384 0.1286748051643372 0 0.1447971314191818 3.153659224510193 0 1.208214625716209 1.037694819271564 0 0 0 0 0 1.500808030366898 0.1492149978876114 0 0 0 0.7152137607336044 1.395847111940384 0.7025528103113174 6.396808490157127 0 1.189625434577465 13.65285617113113 9.083426669239998 0.5800343155860901 1.975539773702621 0 0 0 0.7046500667929649 0 3.598191596567631 2.370923563838005 0.3078208565711975 0 0 0 0.1200159415602684 0
0.3865678235888481 145.5051148310304 122.9954948574305 0.5351105704903603 0 0 2.896294251084328 0.126682236790657 683.0816112011671 0.5726289004087448 59.40362286567688 4.142525315284729 823.9230564236641 1.278666041791439 3.389963001012802 117.038276925683 13.20699983090162 0.2659938111901283 0.261042058467865 0.365464985370636 10.93161655962467 1779.689740531147 40.55181864649057 687.5843313932419 2041.639928385615 144.1551989242435 10332.69084081054 14.30031044781208 0.09366101026535034 1.299473606050014 102.0743030980229 0 0 10.00797357410192 0.1906891614198685 24.18426463752985 73.57340586185455 28.77954816073179 5.556983195245266 2.459660790860653 0 75.45807483792305 0 0 135.9489434808493 41.14421990513802 0 0 0 1.340658724308014 0 1.143531553447247 0.2815495580434799 9.853305406868458 0 65.77204609662294 0 0 8.530890047550201 6.844920441508293 0.75408885627985 6.233193144202232 0 0.4020758867263794 96.00532393157482 3.32460056245327 2.419438593089581 79.65511743724346 115.7269293963909 1160.184552721679 3.485852263867855 0 0.5343516170978546 6.236617006361485 0 0 2.915491171181202 0 8.945780634880066 39.08392383158207 9.342438481748104 5.72738466411829 0 0 6.27723603695631 0
51.12266121804714 122.9954948574305 7159.68562746793 4.809785932302475 0.6088564395904541 17.14539024978876 938.2442585751414 102.9489819407463 3.22753719240427 38.71878199279308 69.74352436512709 2.410258308053017 13.38455392420292 221.3294817581773 0.4103937149047852 6.046030305325985 3560.008980534971 78.8837296962738 226.2868619784713 1.741982497274876 484.4966650903225 1.416624292731285 7895.724899694324 27.01345494389534 1.029809713363647 12015.7971469909 6978.123210258782 293.0776462331414 45.55700790137053 364.6329047307372 4.353897348046303 2.631255738437176 3.995714344084263 719.5341380983591 19.45502219349146 2007.22987139225 3407.7842117697 1977.380233980715 753.4449793472886 22.34831517934799 1.380185395479202 16.88645796477795 3.609832227230072 0.7041818872094154 154.5618638023734 406.2349656671286 0.3573645651340485 0 0.2485369890928268 6.24150075763464 0.4012947976589203 1.097305968403816 0.6255333349108696 1.012049689888954 0.1780870407819748 6.739569395780563 1.020967833697796 0 23.40816283971071 80.61742129921913 2.500449068844318 25.93962822109461 0 2.076503738760948 27.4880433306098 20.64989974349737 6.962962001562119 1.38430131226778 544.1432104408741 2335.425278946757 8.782576389610767 0.4876052811741829 3.710322953760624 2.980762355029583 0 0 9.934518061578274 2.607587993144989 38.74316415190697 539.2128053084016 28.51668403297663 17.60907842963934 1.19075345993042 0 2.714337013661861 0.1346953958272934
4.74291954934597 0.5351105704903603 4.809785932302475 4193.88744020462 4.392670847475529 343.861084997654 67.95740139484406 40.03194923698902 153.5432300120592 3109.798801936209 4.058474525809288 5004.159177102149 0.7663315832614899 43.19374384731054 86.09937862306833 0.176987960934639 0.6031836122274399 0.6880048587918282 0.8962453380227089 5129.115857183933 0.5952926725149155 0 5.732586026191711 1031.103140488267 0.2138261049985886 5.394816480576992 2.967107906937599 4304.924736015499 43.55211886018515 2.59537298232317 0 5.200110532343388 1.803745716810226 57.75507631152868 1.176419138908386 181.2274434939027 0.9495548605918884 112.4250642955303 33.22228894382715 155.7479592710733 5.566155649721622 1.511018753051758 1.58403605222702 0 0 0 29.72207343578339 0.1970646232366562 7.068234249949455 31.59564737975597 2.556454166769981 51.66747592389584 67.83328838646412 0 158.1498012691736 0 0.6702552139759064 4.745611265301704 1.752796098589897 0.1089271754026413 0.1131791695952415 0 14.66585512459278 0.5138624310493469 0.1141845509409904 0 114.2336663380265 0 0 1.75151638686657 73.59160593152046 0.1313152462244034 1.525782063603401 0 0.09950853139162064 0 0.9306010603904724 0.297751396894455 41.89175006747246 0.3117851912975311 2.107025027275085 0.1550403088331223 16.45390532910824 0 2.183966636657715 0
0.9666720926761627 0 0.6088564395904541 4.392670847475529 192.3799299448729 2027.516656257212 13.46507193893194 257.8776921853423 73.16544719040394 28.1281780898571 33.58470634371042 118.255299679935 5.591279491782188 43.97954478859901 1674.503932677209 0.1284654587507248 0.1111783981323242 2.57672406733036 2.580155715346336 22.49310337007046 0.1877338737249374 0.482968881726265 1.125140249729156 22.67191357165575 0.1071354597806931 5.402262844145298 0.6373099833726883 7.924706421792507 203.8668200075626 1.052660040557384 0.119372546672821 667.0457962602377 0.1215652674436569 277.7284546792507 0.3075890243053436 144.7487409040332 3.211132861673832 147.9778374284506 55.00831101834774 3057.127373203635 333.7287170365453 2.8136215955019 4.5056127384305 0 0 0 0 0 0 0.8082946985960007 0 0.8766134828329086 0.1718001216650009 0 0.3643421679735184 0 0 0.1414971202611923 0 0 0 0 0 0 0 0 2.044756136834621 0 0 0 0.7746174484491348 0 0 0 0 0 0.1984485238790512 1.22737443447113 2.996237486600876 0 0 0 0.6578478813171387 0 0.1611197739839554 0
39.70522163808346 0 17.14539024978876 343.861084997654 2027.516656257212 15116.89705772698 3641.520147539675 15700.88250308484 84.32343249768019 10091.91502293944 84.43916522711515 5603.998655565083 20.31583948433399 1454.965309374034 3204.031328633428 1.251406483352184 8.760326310992241 13.02070198953152 10.02421586215496 465.0888307020068 7.571611404418945 1.821798257529736 45.70032145082951 179.3233865201473 1.137331292033195 51.7763205319643 12.4949014633894 2764.246661253273 710.8700455501676 48.10786028206348 0.8518432974815369 726.2076033651829 8.21426647901535 348.3605068698525 3.354888714849949 706.7505397796631 22.82951204478741 500.1576234772801 183.7011378407478 3846.194930173457 196.7279037311673 11.42896865308285 10.38426533341408 0 0.3629587143659592 0.2221309170126915 5.012668795883656 0 2.484394602477551 27.65196558833122 1.089044384658337 17.97126718610525 14.48815310001373 0 11.09923196583986 0 0.2541655674576759 1.90258976072073 0.3581076860427856 0 0 0 3.666705720126629 0.3081037104129791 0.2473724037408829 0 68.84983068704605 0 0 1.640219166874886 53.68241085857153 0.8941273391246796 2.883996844291687 0 0 0 0.7437898516654968 0.3664319217205048 36.65066865831614 2.11106338351965 2.827758111059666 0.8941831588745117 10.0243009775877 0.1811583489179611 1.965288676321507 0
3849.205541066825 2.896294251084328 938.2442585751414 67.95740139484406 13.46507193893194 3641.520147539675 30905.43653991073 5333.202499873936 95.64092881977558 11541.83777862042 60.63204640895128 126.2153029665351 11.93551133573055 8488.296116389334 45.37553855776787 64.84372002631426 149.2032320648432 29.43031547963619 26.69952291995287 109.4616487547755 730.5994609519839 10.06887405365705 1910.965765789151 682.0750749930739 0.2310107946395874 781.8469757437706 443.9417015388608 20152.2643988654 2438.152765147388 8410.83611664921 1.842507138848305 67.35811003297567 297.2310949489474 893.3871347606182 35.81653639674187 4371.770311549306 186.6944354474545 2085.085565812886 848.8498849645257 173.0526898801327 31.91463616490364 6.630927756428719 19.24226563423872 9.503094077110291 3.408179752528667 9.886813938617706 16.35831458121538 0.1478071659803391 10.4631425589323 507.9264872595668 8.749936975538731 84.24108092486858 39.77564629167318 0 12.43299154937267 0 6.215815335512161 5.258983053267002 35.20309179276228 1.007519394159317 0 0.4390350580215454 6.937406450510025 12.23266840726137 15.37454688549042 15.0136434212327 600.0962280929089 0 5.64368449151516 70.60583136230707 741.1770502105355 26.616156719625 106.2595421597362 0 0.4531828463077545 2.773742236196995 9.423423178493977 6.50579260289669 286.7398795410991 6.782680861651897 23.77530481666327 10.33973976224661 33.05380734801292 2.543093040585518 4.062214076519012 0.3091813176870346
1055.660733580589 0.126682236790657 102.9489819407463 40.03194923698902 257.8776921853423 15700.88250308484 5333.202499873936 19889.19133557379 16.15311595052481 5716.073387727141 155.149838924408 269.3586942330003 43.13378033787012 17832.92402904481 699.4745134413242 1.837189190089703 87.21315475553274 39.062276519835 60.26936779171228 192.6847559958696 48.25497957319021 0.7097707688808441 396.1973314210773 218.0853876173496 1.439611688256264 270.7987132743001 52.47258371859789 714.3702180236578 2869.761873230338 637.5091532990336 1.910086207091808 694.664534188807 26.89529284834862 635.7302457764745 6.347219184041023 1543.022756941617 49.06754336506128 777.8428993597627 293.0359820500016 1962.323642082512 116.8341088667512 21.82665847986937 11.76471088826656 0 1.076932348310947 1.279657557606697 2.359768316149712 0 2.122601859271526 36.84400324523449 0.7344126924872398 10.23166039586067 6.11717776954174 0.3051105737686157 6.898943111300468 0.213049128651619 0.6785858571529388 1.346564523875713 2.842838771641254 0 0 0 2.125526651740074 2.333633668720722 0.4314440190792084 1.321704261004925 53.04165510088205 0 0.5012232288718224 7.213256180286407 68.6295450180769 1.7552210688591 5.039249762892723 0 0 0.27691500633955 2.726448968052864 0.5141243785619736 45.92805282026529 0.8415800482034683 4.602675877511501 3.947169952094555 8.529013596475124 0.1682179868221283 2.290079534053802 0.221006765961647
1.574887081980705 683.0816112011671 3.22753719240427 153.5432300120592 73.16544719040394 84.32343249768019 95.64092881977558 16.15311595052481 1795.331755377352 160.5305408760905 4.287440158426762 286.1104207336903 38.15275155007839 11.75089006870985 478.1924382895231 384.2858037799597 1.968614734709263 0.2535193860530853 0.1221246495842934 184.9003503620625 198.9864689931273 4092.29484847188 78.72181276977062 17081.3220462501 123.554193302989 11.33145495504141 830.5494079440832 1960.852871187031 9.536382280290127 26.03077479451895 9.733079299330711 1.213268861174583 0.5151133239269257 6.362491592764854 0 213.3254655376077 23.08585504442453 13.01042056083679 10.03786664456129 143.1957150995731 6.327203616499901 1.6531962454319 0.1466626524925232 6.555699586868286 2.719676829874516 5.289404362440109 39.13532973080873 0 14.08088167011738 248.6376922652125 4.616022445261478 148.940017811954 108.5808153375983 0.5580631494522095 41.42921831458807 2.751227676868439 4.165087103843689 12.6582313850522 1103.864722125232 0.8378290086984634 0.1745348051190376 0.2950574308633804 21.60220106691122 160.946237064898 104.177229501307 288.833258010447 1370.843406379223 2.423184432089329 3.510751634836197 58.63823959231377 899.4028306901455 21.11390078812838 63.08957725018263 0.3718224540352821 0 2.552661515772343 8.024715587496758 3.898229911923409 112.7562673985958 8.392362222075462 19.99694252759218 11.1188605055213 55.62182631343603 0.9193708151578903 0.2783753350377083 0.3622361645102501
60.8988131582737 0.5726289004087448 38.71878199279308 3109.798801936209 28.1281780898571 10091.91502293944 11541.83777862042 5716.073387727141 160.5305408760905 37348.88193342835 92.13676952570677 3158.105065353215 18.69805773347616 1181.795754522085 202.1808212772012 4.296387612819672 15.47666355222464 19.39855293184519 17.44695756584406 4047.067806504667 10.28988839685917 0.8571961745619774 98.12533575296402 908.0233096182346 0.5127940773963928 88.3914383649826 28.33269852399826 8680.446543991566 828.9509259238839 94.86914118379354 0.9341506808996201 110.4812098741531 14.44092218577862 687.9221138432622 8.487798377871513 1084.729483559728 28.30450757592916 1231.409016609192 248.8206793665886 461.7630624771118 51.01354494690895 4.934410251677036 10.46600822359324 0.5340516716241837 0.4382061064243317 0.775559738278389 19.04697222262621 0 10.08307291567326 75.50727055221796 2.186286851763725 54.25044509023428 70.45312531292439 0 87.50515735149384 0 1.193619109690189 6.484226621687412 2.59778119623661 0.2687078565359116 0 0 9.148226141929626 0.738280288875103 0.5320946872234344 1.301887676119804 197.1626782417297 0.123763345181942 0.3003012537956238 3.782525360584259 152.0637954026461 0.7869472727179527 3.753654301166534 0.1223006770014763 0 0.2306501716375351 0.9154305309057236 0 73.9356519728899 1.832723297178745 2.330501139163971 1.136045828461647 31.11691794544458 0.4973697289824486 1.102512702345848 0
26.43007230758667 59.40362286567688 69.74352436512709 4.058474525809288 33.58470634371042 84.43916522711515 60.63204640895128 155.149838924408 4.287440158426762 92.13676952570677 14856.404555507 46.74433090537786 3150.525919832289 175.5631393641233 8.998928420245647 1.878632426261902 979.5818898528814 5541.476736150682 2113.507257536054 35.31755041331053 37.02664952725172 7.517752148211002 148.1199842616916 12.54270476847887 611.9321666285396 3461.384115673602 503.4647626653314 24.37607280164957 552.6472082361579 70.2420943453908 141.2173881977797 334.1258759573102 7.57287522405386 5617.625961653888 11.29186251014471 543.9216454178095 6038.005790382624 4890.926328547299 792.76104401052 34.12680198252201 40.62104258686304 1318.244413509965 1.379547223448753 0 17.15147450566292 1.162781834602356 0 0 0 0.4092995002865791 0.242933601140976 0.6943702697753906 0.1027494072914124 146.8789172917604 0.3808778822422028 818.984424084425 0.3165802508592606 0 0.3271127715706825 0.3808310404419899 1.966568060219288 3.595220133662224 0 0 1.577198065817356 0.2050542235374451 1.408756613731384 83.18463321775198 49.38843989372253 215.6903113722801 0.6468910574913025 0.2065830752253532 0 56.0562879294157 0.4871620982885361 0 15.59563803672791 1.91439226269722 27.16512761265039 314.8443031981587 37.03009397536516 13.43297699093819 0.9876719638705254 0.1832006722688675 67.99836335331202 0
5.360915914177895 4.142525315284729 2.410258308053017 5004.159177102149 118.255299679935 5603.998655565083 126.2153029665351 269.3586942330003 286.1104207336903 3158.105065353215 46.74433090537786 8886.706346146762 9.562018200755119 218.5229958891869 1883.769764490426 1.087941721081734 1.528043106198311 8.001501806080341 6.694649182260036 6510.39687384665 0.3401358872652054 28.79902943223715 2.469656862318516 886.6197563782334 0.5701863244175911 15.50298622250557 12.62433358281851 1081.966328844428 270.5055223330855 1.485547050833702 0.3335031792521477 66.24140689522028 0.3434827700257301 259.2791805192828 1.032375648617744 516.5422037988901 11.42039037495852 343.1076928526163 66.83242852985859 1331.388207778335 25.08501743525267 5.526405796408653 1.375649325549603 0 0.4568991288542747 0.1313074976205826 25.43949657678604 0 5.010153293609619 15.13267897069454 1.050850190222263 82.28450009971857 31.11371632665396 0 106.8508243262768 0 0.6549079269170761 10.02413426339626 0.7670694440603256 0 0 0 5.602998837828636 0 0.8001113310456276 1.241897031664848 93.88626764714718 1.116256356239319 0 0.2892215698957443 41.41039954870939 0.3183403164148331 1.158992528915405 0 0 0 6.91319751739502 0 55.70591527968645 2.876761682331562 0.7920283079147339 0.3532656654715538 52.62554986774921 0 0 0
2.127018608152866 823.9230564236641 13.38455392420292 0.7663315832614899 5.591279491782188 20.31583948433399 11.93551133573055 43.13378033787012 38.15275155007839 18.69805773347616 3150.525919832289 9.562018200755119 7122.98935405165 17.57962350547314 8.625908926129341 10.88193576037884 5.615419469773769 39.08285112679005 9.499077759683132 5.261772513389587 15.88862741738558 133.2027810662985 55.84140857309103 42.47816902399063 5900.674732394516 977.5094007104635 6689.321854300797 12.46610824018717 47.03698886930943 13.82818046957254 2520.517382152379 56.29856149852276 0.1993400305509567 1238.939173161983 18.59508639574051 1564.851487852633 8551.863746725023 3686.959462434053 360.8830940872431 78.90782158076763 133.1506452485919 2347.946453265846 14.69686063379049 0 87.71562311053276 2.047221802175045 0 0 0.5459953397512436 0.4088760539889336 0.4675445854663849 0.6802945956587791 0.5551302954554558 342.9820688441396 0.3028855472803116 1752.07295511663 0.1108239367604256 1.669844627380371 2.458653092384338 0.8028876259922981 4.741743534803391 6.320716969668865 0 1.063336968421936 3.584290511906147 5.144026756286621 1.019474402070045 394.0855485275388 135.5182556435466 495.4385132268071 0.2573958933353424 0.5075707137584686 1.106652140617371 124.0052380934358 0.7503059655427933 0 99.57955611497164 11.57036788761616 304.6334907785058 981.8045923039317 270.2584601640701 48.67928682267666 8.991708889603615 3.809828728437424 346.2074510902166 1.100786685943604
8460.722714692354 1.278666041791439 221.3294817581773 43.19374384731054 43.97954478859901 1454.965309374034 8488.296116389334 17832.92402904481 11.75089006870985 1181.795754522085 175.5631393641233 218.5229958891869 17.57962350547314 18648.21757670492 53.85541281104088 4.565458759665489 349.5223571583629 98.49589402973652 209.3425034731627 225.2612454146147 137.7369124665856 1.734747774899006 1233.34160681814 226.627675794065 0.7759227752685547 728.3703267350793 182.3437786027789 858.2909271642566 6757.665350802243 2897.783870086074 1.432465180754662 451.2757957130671 79.6240763142705 1031.721350863576 7.550841070711613 1462.336044803262 96.0620097592473 811.6942813396454 210.8159317523241 301.0388267040253 52.02620280534029 9.6417021676898 6.962704934179783 1.560033395886421 0.980969250202179 4.966815590858459 1.139821998775005 0 0.5352659896016121 40.39185688644648 1.061780497431755 9.486543089151382 6.960240125656128 0.5636570304632187 2.218686692416668 0 0.6393205374479294 0.2118631899356842 2.937382459640503 1.259403750300407 0 0.1041203662753105 1.081183090806007 2.400772459805012 0.8332119211554527 1.5738525390625 55.65532678365707 0.4248571991920471 3.451177902519703 29.51722353696823 71.25346668809652 1.575034081935883 5.232251420617104 0 0 0.4008135199546814 1.443060234189034 0 42.84925735741854 3.303988419473171 2.540946803987026 1.566063784062862 4.574910543859005 0.5963594317436218 2.188208118081093 0
1.558058351278305 3.389963001012802 0.4103937149047852 86.09937862306833 1674.503932677209 3204.031328633428 45.37553855776787 699.4745134413242 478.1924382895231 202.1808212772012 8.998928420245647 1883.769764490426 8.625908926129341 53.85541281104088 373.1474835425615 1.169812589883804 0.4026538953185081 1.316754043102264 0.913621574640274 427.9841281250119 0 19.83054368942976 1.048133738338947 737.264945782721 3.550956651568413 2.801542155444622 5.545695170760155 88.32798706740141 50.57625646144152 0.9805938675999641 0.4053455293178558 308.7683580890298 0.1142293363809586 53.50785947591066 0 1253.455128394067 9.008493885397911 53.48942187428474 13.81146720796824 1295.470418088138 165.2590157091618 7.809229239821434 0.1674283593893051 0 0 0 7.247935950756073 0 0.9585863202810287 12.48565474152565 0.7911303341388702 48.35559687018394 19.67327007651329 0.232454314827919 25.08099108189344 0 0 7.640499040484428 2.252190187573433 0 0 0 2.986570939421654 1.545328035950661 0.7603159099817276 0.6984763741493225 55.26087732613087 0 0 2.378490135073662 30.99658536911011 0 2.06342040002346 0 0 0 0.3845191895961761 0.241070955991745 87.44295299053192 3.450671792030334 3.405550539493561 2.324877187609673 37.34377792477608 0 0.1854725480079651 0
2.564371198415756 117.038276925683 6.046030305325985 0.176987960934639 0.1284654587507248 1.251406483352184 64.84372002631426 1.837189190089703 384.2858037799597 4.296387612819672 1.878632426261902 1.087941721081734 10.88193576037884 4.565458759665489 1.169812589883804 2911.998368225992 3.717758893966675 0 0.1307444423437119 0 4307.986733369529 4625.05739184469 5742.339843042195 3682.187783479691 15.50102061778307 5.145520642399788 3489.190336830914 2242.652433522046 15.22147501260042 59.79563748091459 1.143610544502735 0 3.807835213840008 49.43469706177711 13.45118453353643 1787.624954506755 770.5762473270297 306.2057148888707 419.1860912293196 62.71450226008892 0.9424376934766769 5.762501247227192 7.339223504066467 2.810492113232613 8.768872067332268 68.74416130781174 1.282581031322479 0 0.5825750306248665 38.0288196131587 1.448932759463787 17.59041950851679 2.79026884585619 0.706896111369133 1.90353935956955 2.903316333889961 0.9579770639538765 0.3190619349479675 2652.591583311558 6.505483113229275 0.1792935281991959 0.8527994453907013 0.4216282963752747 445.3702747896314 1692.165049426258 1640.861914739013 191.891023889184 1.062960989773273 13.52397010475397 1418.412795245647 385.3845923468471 7.27153255790472 75.61707909405231 1.394099786877632 0 1.146557345986366 11.24999158829451 3.865849331021309 507.0742518007755 122.2124393284321 20.9410857334733 16.91025772690773 29.03544329106808 2.567704021930695 11.11570186913013 1.425337269902229
198.759279049933 13.20699983090162 3560.008980534971 0.6031836122274399 0.1111783981323242 8.760326310992241 149.2032320648432 87.21315475553274 1.968614734709263 15.47666355222464 979.5818898528814 1.528043106198311 5.615419469773769 349.5223571583629 0.4026538953185081 3.717758893966675 2570.998048134148 435.876288279891 5214.64470949024 2.183947436511517 500.5238343626261 1.884360551834106 7807.771947927773 18.78208786994219 2.077488631010056 1722.56362503767 3613.856033392251 42.67752490192652 287.6524695530534 860.6717559695244 1.062230572104454 4.061112001538277 22.75988957285881 2817.635054752231 2.112132951617241 248.4488671645522 678.1281064227223 1617.616926677525 274.5507922321558 3.628539450466633 0.4968406558036804 6.375685021281242 0.2399781495332718 0 13.38678345829248 52.21384506672621 0 0 0 1.762150198221207 0 0.7573899701237679 0 0.1017376407980919 0 0.8366420269012451 0 0 2.116444528102875 9.946202173829079 0.09921342134475708 3.742496356368065 0 0.3953675627708435 2.257829234004021 2.9604097828269 2.975535996258259 0.2311009764671326 70.03447154164314 263.8349993228912 1.907172471284866 0.1223038360476494 0.4274476617574692 0.8068294376134872 0 0 1.377167001366615 0.199515238404274 5.148209944367409 92.95456559956074 5.608926199376583 3.578896403312683 0 0 0 0
33.53826011717319 0.2659938111901283 78.8837296962738 0.6880048587918282 2.57672406733036 13.02070198953152 29.43031547963619 39.062276519835 0.2535193860530853 19.39855293184519 5541.476736150682 8.001501806080341 39.08285112679005 98.49589402973652 1.316754043102264 0 435.876288279891 708.3839311078191 3726.675947993994 7.020046889781952 12.17684895545244 0 157.633234411478 2.223689384758472 4.898915201425552 2967.45234606415 245.180707141757 8.1764020845294 99.1738707870245 57.11019346117973 12.34697262197733 31.32162097096443 7.133559472858906 905.5237523168325 6.133317060768604 531.5837474018335 1266.521357044578 1448.661570571363 468.9482037350535 6.287067078053951 3.871260918676853 21.5596142783761 2.064791455864906 0 0.6272175014019012 0.7684106677770615 0 0 0 0 0 0 0 1.320821762084961 0 17.33161671459675 0 0 0.2631557434797287 0.1683455109596252 0.3670036569237709 0.5991230756044388 0 0 0.5924484133720398 0.135899618268013 0.1469413638114929 3.823708705604076 13.69516414403915 25.63751129060984 0.2795279398560524 0 0.0970575362443924 3.808296471834183 0 0 0.08731968700885773 0.559957891702652 13.57251141965389 7.592689350247383 1.084293499588966 0.1455316990613937 0 0 0.5132443457841873 0
88.08200407028198 0.261042058467865 226.2868619784713 0.8962453380227089 2.580155715346336 10.02421586215496 26.69952291995287 60.26936779171228 0.1221246495842934 17.44695756584406 2113.507257536054 6.694649182260036 9.499077759683132 209.3425034731627 0.913621574640274 0.1307444423437119 5214.64470949024 3726.675947993994 3828.231042541564 4.927492387592793 52.15167450904846 0.1357481628656387 467.2092301025987 2.232163242995739 2.088468432426453 4022.897857658565 877.3747878223658 10.60115514695644 231.8884659782052 198.9952288791537 7.774530030786991 26.31911890208721 23.75701273977757 3164.155670166016 2.672325499355793 495.2324932664633 785.0661192908883 1360.484247937799 284.1293657049537 6.729662746191025 0.427827849984169 15.18699930608273 0.9367851465940475 0 1.539032191038132 3.926154211163521 0 0 0 0 0 0 0 0.8460211232304573 0 2.557936049997807 0 0 0.1383722871541977 1.045614778995514 0.1549417972564697 2.546128749847412 0 0 0 0 0.8476235494017601 0.7906059175729752 40.9469134286046 57.03704074025154 0.5065657943487167 0 0 0.418040543794632 0 0 0.2704791128635406 0 5.452200755476952 36.46722856163979 1.032159298658371 0.8761298060417175 0 0 0 0
12.44650469720364 0.365464985370636 1.741982497274876 5129.115857183933 22.49310337007046 465.0888307020068 109.4616487547755 192.6847559958696 184.9003503620625 4047.067806504667 35.31755041331053 6510.39687384665 5.261772513389587 225.2612454146147 427.9841281250119 0 2.183947436511517 7.020046889781952 4.927492387592793 1542.914635621011 1.327383778989315 2.264286227524281 6.302383631467819 836.5546807944775 0 17.43839846551418 5.882012918591499 1915.324823886156 249.2195966169238 9.694677077233791 0.280197337269783 36.19402055442333 2.442742399871349 264.5911625996232 3.233447194099426 671.8130110502243 11.09144829958677 628.273384667933 132.6415127068758 599.2906174659729 36.15172213315964 2.751631081104279 4.01218418776989 0.1714722067117691 0 0 24.48364409804344 0 3.06623762845993 20.14246713370085 0.7472495436668396 34.33073207736015 21.28652819991112 0.07764765620231628 36.03676235675812 0 0.309536911547184 3.29427645355463 1.651722930371761 0 0.1404400169849396 0 3.693298801779747 0 0.2102940678596497 0.4403634667396545 65.85101297497749 0 0 0.1412136256694794 52.10246632248163 0.1057541444897652 1.245112717151642 0 0 0 0.105389378964901 0 45.43795367330313 0 1.035700283944607 0.4560523182153702 11.592733040452 0 0.2003712356090546 0
77.48854946345091 10.93161655962467 484.4966650903225 0.5952926725149155 0.1877338737249374 7.571611404418945 730.5994609519839 48.25497957319021 198.9864689931273 10.28988839685917 37.02664952725172 0.3401358872652054 15.88862741738558 137.7369124665856 0 4307.986733369529 500.5238343626261 12.17684895545244 52.15167450904846 1.327383778989315 18721.87697972357 222.33260499686 13182.93721339107 743.7240061238408 2.004385620355606 144.6627070456743 626.1153061538935 5991.75999994576 116.4570000991225 10505.09010653198 0.5646746307611465 1.559385642409325 9.600818753242493 3938.609241589904 27.80527131259441 6456.426949590445 961.5500413626432 4573.22018828243 2929.104725822806 279.859804160893 1.45994982868433 8.330334641039371 34.19486901164055 2.212629437446594 1.715169131755829 7.365087755024433 0.3693700432777405 0 0.133004441857338 19.48301310092211 0.4002506658434868 12.66357286274433 1.932508461177349 0.3809155821800232 1.237301856279373 2.606006190180779 1.065818816423416 0.5905543565750122 811.2486163973808 2.418638102710247 0 1.034291513264179 0.7326940149068832 457.3533510789275 225.3579365834594 177.7769991382957 132.5328882187605 0.403178334236145 10.45183420181274 68.03184227645397 434.384356059134 11.98591925948858 112.6250014379621 0.7135378867387772 0 2.618384718894958 13.70032720267773 6.411965817213058 269.9241735562682 18.56290873885155 9.703013047575951 9.85470873862505 25.72233179956675 1.51635679602623 9.645664051175117 0.5810549706220627
0.8979901522397995 1779.689740531147 1.416624292731285 0 0.482968881726265 1.821798257529736 10.06887405365705 0.7097707688808441 4092.29484847188 0.8571961745619774 7.517752148211002 28.79902943223715 133.2027810662985 1.734747774899006 19.83054368942976 4625.05739184469 1.884360551834106 0 0.1357481628656387 2.264286227524281 222.33260499686 2173.436437368393 602.9696009606123 6884.12073072046 415.3217025175691 30.52430438250303 6411.815982080996 257.9542791768909 2.039391867816448 12.58911240845919 25.44333898276091 0 0.1092686504125595 2.626796536147594 0 19.25804188102484 13.70582526177168 8.066340282559395 3.995242193341255 17.16207774728537 0.1891734749078751 7.923139028251171 0 0.163761094212532 28.97002410888672 44.7932815849781 0.4465495198965073 0 0.8168140053749084 17.29218346625566 0.09752308577299118 38.57921548932791 2.150647848844528 1.883482739329338 0.1457987129688263 6.022755891084671 0.3686881214380264 0 1434.506077997386 1.748604260385036 0 0.3819208443164825 0.8147376626729965 148.1333363652229 432.2754294499755 772.8642470017076 110.3086155503988 8.450552180409431 9.864534579217434 1215.649758629501 168.1050675660372 3.139301553368568 23.49941526353359 1.30182833224535 0 0.2671874240040779 3.839904390275478 0 63.88420704007149 17.84241084754467 8.071973502635956 7.946552567183971 3.74876643717289 0 3.441213794052601 0
617.9181424304843 40.55181864649057 7895.724899694324 5.732586026191711 1.125140249729156 45.70032145082951 1910.965765789151 396.1973314210773 78.72181276977062 98.12533575296402 148.1199842616916 2.469656862318516 55.84140857309103 1233.34160681814 1.048133738338947 5742.339843042195 7807.771947927773 157.633234411478 467.2092301025987 6.302383631467819 13182.93721339107 602.9696009606123 27666.59602505714 329.4024537876248 2.10187166929245 4325.265923440456 14209.18321110308 2013.583316572011 362.2305258512497 5039.011447012424 1.062632940709591 6.243365585803986 23.46133279055357 4693.11028124392 137.3512094169855 11459.35159574449 9941.981304250658 9728.427983500063 7457.931451246142 418.9404625296593 6.453930921852589 32.79128159582615 64.36339466273785 0.8420404270291328 68.75058511644602 253.8477899581194 0.161364421248436 0 0.448122002184391 35.90181411057711 2.391005925834179 12.9337544888258 2.249395176768303 1.196603879332542 0.2249611467123032 6.244575522840023 1.50828168541193 0 1588.193692915142 29.84343957155943 0.3292356580495834 6.499745979905128 0.153821662068367 147.7749390825629 871.0621090829372 1189.494771145284 105.3582782670856 1.796167477965355 61.90528562664986 2473.377265460789 128.2947499752045 4.061800502240658 36.61803688108921 1.358773924410343 0.1302765607833862 0.5850543007254601 13.14894948154688 32.49495989084244 330.2662994712591 248.3871629461646 43.37449811398983 29.76095943897963 8.81505960226059 1.482473954558372 9.510083049535751 1.351611852645874
46.85865310579538 687.5843313932419 27.01345494389534 1031.103140488267 22.67191357165575 179.3233865201473 682.0750749930739 218.0853876173496 17081.3220462501 908.0233096182346 12.54270476847887 886.6197563782334 42.47816902399063 226.627675794065 737.264945782721 3682.187783479691 18.78208786994219 2.223689384758472 2.232163242995739 836.5546807944775 743.7240061238408 6884.12073072046 329.4024537876248 19016.52939701825 123.2438160181046 28.33813267946243 2209.90559116751 14164.85992733389 389.0462597385049 369.6408825591207 8.122327283024788 8.095715537667274 52.65600417554379 184.6076508462429 11.80889059603214 1719.311709754169 113.1742066517472 521.3322608396411 259.6990423649549 1127.794752337039 16.91463338583708 8.797710813581944 8.465411931276321 35.37329598516226 7.831626392900944 35.69408569484949 118.5063875168562 0.218487448990345 64.23347351700068 1513.34900341928 31.61965920776129 1726.146950654685 325.3188491761684 1.936968848109245 136.5700279176235 4.355970211327076 34.83390979468822 34.41345556825399 1038.644230991602 4.557721950113773 0.3055312484502792 3.292458638548851 53.56553500145674 422.4747186675668 366.1315441578627 184.5226586088538 4317.561785563827 1.969019398093224 17.96680098772049 189.9389980584383 4198.671660065651 130.3713640719652 491.7961515784264 0.3083206936717033 2.048859529197216 12.11428479850292 47.61307302117348 11.07836353033781 772.4984468221664 48.3794516697526 99.25989808142185 58.97418981790543 209.9314632862806 6.322584174573421 9.962503865361214 2.320890657603741
0.329353541135788 2041.639928385615 1.029809713363647 0.2138261049985886 0.1071354597806931 1.137331292033195 0.2310107946395874 1.439611688256264 123.554193302989 0.5127940773963928 611.9321666285396 0.5701863244175911 5900.674732394516 0.7759227752685547 3.550956651568413 15.50102061778307 2.077488631010056 4.898915201425552 2.088468432426453 0 2.004385620355606 415.3217025175691 2.10187166929245 123.2438160181046 1091.727766484022 781.8127395659685 6905.911818139255 2.57386888563633 0.8585852682590485 1.682760082185268 619.2603787407279 1.574016600847244 0 148.5740842968225 0 168.9119520932436 744.7452046275139 499.3563397377729 46.52764865010977 4.159386962652206 30.53240337967873 534.8319109156728 1.357315301895142 0 103.5440025478601 1.977805249392986 0.947151780128479 0.09214611351490021 0.1269067227840424 0.3787253499031067 0.4986152201890945 2.877450816333294 0.1701054275035858 106.3380935415626 0 1076.496303394437 0.4816525056958199 0 1.516125187277794 0.2242153808474541 3.666444979608059 3.250787787139416 0 0 6.405134424567223 0.7224350869655609 1.082350984215736 388.869144231081 148.4112075269222 562.5904863923788 0.355551041662693 0 0 66.09523515403271 0.1952767670154572 0 135.7371038571 0 35.11981157213449 241.0551894158125 35.88786892592907 8.45708505064249 0 5.27743399143219 248.1345375850797 3.259459018707275
215.9369694069028 144.1551989242435 12015.7971469909 5.394816480576992 5.402262844145298 51.7763205319643 781.8469757437706 270.7987132743001 11.33145495504141 88.3914383649826 3461.384115673602 15.50298622250557 977.5094007104635 728.3703267350793 2.801542155444622 5.145520642399788 1722.56362503767 2967.45234606415 4022.897857658565 17.43839846551418 144.6627070456743 30.52430438250303 4325.265923440456 28.33813267946243 781.8127395659685 29380.49561753869 9116.88004552573 165.6668807938695 341.1741045489907 375.5603952184319 650.5439083501697 58.11211136728525 24.32770206779242 2213.599729701877 20.97040875256062 3685.074803493917 8903.314963847399 4681.795368522406 1517.189349986613 34.13073263317347 8.39228618144989 375.42976436764 9.525801382958889 0.1036838963627815 321.1681919470429 70.9841932952404 0 0 0.2957122474908829 1.342339858412743 0.280650295317173 4.148860789835453 0.2170963510870934 187.379235856235 0.09791510552167892 1386.361594989896 0.3345104157924652 0 2.767919093370438 45.49442227184772 28.18711896240711 148.302605189383 0 1.2790257781744 12.7486385256052 2.952099405229092 5.271882563829422 674.2086247131228 1991.680418543518 3772.372884310782 2.243811786174774 0.7253722101449966 0.9948586821556091 332.8816466927528 0.2418738529086113 0 16.82306163758039 6.454479269683361 76.74407782405615 793.8385250866413 53.39065651595592 23.17972297221422 0.6348425894975662 0 13.4896979406476 0
74.82617449015379 10332.69084081054 6978.123210258782 2.967107906937599 0.6373099833726883 12.4949014633894 443.9417015388608 52.47258371859789 830.5494079440832 28.33269852399826 503.4647626653314 12.62433358281851 6689.321854300797 182.3437786027789 5.545695170760155 3489.190336830914 3613.856033392251 245.180707141757 877.3747878223658 5.882012918591499 626.1153061538935 6411.815982080996 14209.18321110308 2209.90559116751 6905.911818139255 9116.88004552573 45592.38139378279 873.9773842990398 154.3947138637304 278.0997086316347 1809.202426575124 8.884724050760269 17.78871440142393 2127.960656933486 85.49166964739561 7836.507575958967 5912.651446141303 6462.067947432399 3082.075085602701 143.0536181032658 4.873823843896389 116.337025411427 27.09955854713917 8.857730254530907 3561.837686046958 1812.726036123931 1.01202392578125 0.3096861317753792 2.077517829835415 97.56171950697899 6.659334547817707 26.79845413565636 5.209582641720772 99.32971170544624 0.6648986339569092 711.1818646192551 15.37751563638449 0 347.9699224680662 259.9519754722714 37.13506217300892 326.9526264965534 0.1153006628155708 34.83872831612825 2143.991840049624 658.4210228547454 122.1518233343959 725.6572593599558 4672.740280896425 22954.66882202774 120.8169752955437 8.272596545517445 54.94551929831505 250.3015178665519 0.7048573344945908 0.8934581577777863 71.03013473004103 17.59002260118723 318.7365661486983 1581.801059618592 284.1520667895675 125.5395101979375 4.196758426725864 0.6630726903676987 28.44776786118746 1.931424051523209
180.8496813476086 14.30031044781208 293.0776462331414 4304.924736015499 7.924706421792507 2764.246661253273 20152.2643988654 714.3702180236578 1960.852871187031 8680.446543991566 24.37607280164957 1081.966328844428 12.46610824018717 858.2909271642566 88.32798706740141 2242.652433522046 42.67752490192652 8.1764020845294 10.60115514695644 1915.324823886156 5991.75999994576 257.9542791768909 2013.583316572011 14164.85992733389 2.57386888563633 165.6668807938695 873.9773842990398 31074.27895577997 1374.189144767821 13969.69856987149 0.6276724934577942 24.82674403488636 238.5570652484894 939.1765682548285 34.65343149751425 5302.982678450644 248.8396154418588 2042.050544947386 1049.553696677089 396.4247042536736 16.87544640898705 11.21627911180258 30.1143271997571 41.7336064428091 4.315400458872318 24.4959944486618 99.05787950009108 0.5678594261407852 49.60809519141912 1422.314498700202 26.92812114953995 708.21565797925 269.8650719225407 1.69764144718647 92.87550881505013 3.376225769519806 30.43121642619371 23.73279429972172 695.4826795905828 4.029901698231697 0.6681254282593727 1.066211469471455 44.82012966275215 349.6086045131087 180.565108962357 131.4240065813065 3058.388908065856 1.100324057042599 16.5157305970788 151.7700807899237 3206.177715145051 128.650321520865 516.4334713146091 0.2107478529214859 0.9008019044995308 12.56719973683357 43.6860343888402 7.94411451369524 753.516339302063 37.26920976489782 80.8185480684042 35.4146846011281 174.1227720156312 2.609085977077484 12.05289568006992 2.162958316504955
5898.641219355166 0.09366101026535034 45.55700790137053 43.55211886018515 203.8668200075626 710.8700455501676 2438.152765147388 2869.761873230338 9.536382280290127 828.9509259238839 552.6472082361579 270.5055223330855 47.03698886930943 6757.665350802243 50.57625646144152 15.22147501260042 287.6524695530534 99.1738707870245 231.8884659782052 249.2195966169238 116.4570000991225 2.039391867816448 362.2305258512497 389.0462597385049 0.8585852682590485 341.1741045489907 154.3947138637304 1374.189144767821 23240.48211405426 5175.900224536657 1.967555306851864 1644.320290744305 3220.732403196394 2132.158010601997 4.664139874279499 883.7283351048827 91.56601074337959 862.5639131590724 191.0519086644053 212.6662967130542 140.0228453502059 13.31557615101337 7.872558981180191 0.8437804579734802 1.794450126588345 2.787036396563053 0.3198672831058502 0 0 20.02661671489477 0.3471818566322327 5.313876628875732 1.596913293004036 0 1.634419195353985 0.1599407345056534 0 0.1541924476623535 6.554316833615303 0.3770494163036346 0 0.2088389173150063 0.2638053297996521 4.445451080799103 1.201688468456268 2.904574796557426 34.4735251814127 0 1.432399041950703 17.39006646722555 43.61347334831953 1.543778635561466 7.988633468747139 0 0 0.6063800901174545 0.6858108714222908 1.992117077112198 35.65020670741796 3.400076761841774 1.914164148271084 0.7127069681882858 3.219171419739723 0 1.977875143289566 0.3601441085338593
