2566.61466255784 2.922583781182766 25.00448390096426 1.598735421895981 1.459509156644344 13.94715351611376 3243.477900885046 773.2799194604158 24.38159511983395 25.71720247715712 10.50494948029518 1.239571683108807 1.698368161916733 4304.979944780469 0.5482389330863953 2.604813247919083 151.4460587874055 2.776194684207439 19.84211903810501 6.758871383965015 100.4810753390193 14.27253012359142 104.7058126926422 110.1235001608729 0 16.71459499001503 61.62259905785322 93.44422858953476 5147.769772544503 3064.293614685535 0.2386023253202438 10.67714972048998 252.5503945425153 507.2247926145792 5.763326875865459 70.42537598311901 11.31560409069061 247.1041549444199 37.29451932758093 11.77475970238447 5.676839716732502 0 0.3909808918833733 0 1.062431000173092 0.9807828590273857 0 0 0.1044728085398674 7.875087015330791 0 6.906572043895721 0.08370174467563629 0 0 0 0 0 5.88259606808424 0 0 0.194089762866497 0.09572953730821609 0.8537772372364998 1.943082943558693 0.7404107376933098 17.34781468659639 0 1.803533300757408 4.548934333026409 14.21146243810654 1.378480046987534 3.322248354554176 0 0 0.1999360471963882 1.461296305060387 0 10.30412381887436 0.09640949964523315 1.249045498669147 2.205525144934654 1.148122727870941 0 0 0
2.922583781182766 233.1773916631937 526.1860280558467 0.2119613438844681 0 0.9126611053943634 37.66994438320398 4.316934712231159 569.6246878579259 0.6455448791384697 109.9886933788657 0 1302.556972332299 8.187429636716843 0.5377229079604149 528.0553888082504 471.9633384943008 13.17152260988951 212.2698206976056 1.040688425302505 8.004524201154709 2429.930604286492 61.10915025323629 931.8913803100586 1971.425314873457 689.5190026313066 8160.010935485363 83.47654631733894 11.29359350353479 24.64769053459167 79.96659944206476 1.551960006356239 1.453934989869595 110.8940056413412 6.14473432302475 254.7079729363322 504.2093348056078 544.4304283708334 103.3704768121243 4.621433041989803 1.548182316124439 76.80801772326231 1.056053765118122 0 231.1972040235996 98.77886477857828 0 0 0 2.51317548006773 0.1134592518210411 116.8217878490686 0 9.144967868924141 0 14.81209982186556 0.3265576660633087 0 11.46394135057926 17.62062083929777 5.16137307882309 35.1469426676631 0 0.7395085096359253 1101.495772898197 15.57546349614859 6.745817095041275 12.40288814157248 296.7962265089154 1375.08020504564 2.329806543886662 0.6743461042642593 0.3464678078889847 4.001767076551914 0.2229150459170341 0 4.230861961841583 0.62799471616745 18.13353445380926 26.89128030091524 40.28070184588432 11.82502636313438 0.4821671396493912 0 1.3027208968997 0.6165407299995422
25.00448390096426 526.1860280558467 7996.055672310293 0.2168752625584602 0.8437300994992256 5.768617808818817 240.9765517413616 89.63176767528057 5.410378500819206 3.360153339803219 46.78224544972181 0.2956202477216721 8.393858663737774 103.1916390135884 0 13.69252433627844 10006.53440995514 112.184824809432 597.7219225093722 0.6577687859535217 392.6882845312357 158.2494848743081 6798.046780981123 30.40560542047024 1.051713936030865 7636.867390751839 10750.8223656863 184.4246270135045 66.76047436147928 288.862626850605 1.405754834413528 1.676777690649033 5.199445247650146 628.0176696777344 43.27053366601467 1539.942934468389 3189.145464532077 2817.062943018973 1068.316123902798 16.67178543657064 5.175308361649513 2.593603149056435 3.953705042600632 0 241.9155039936304 605.7454680427909 0 0 0 1.27327536046505 0.1779202520847321 3.798624910414219 0 1.448991373181343 0 0.6694541573524475 0.1588041484355927 0 17.37695939093828 90.18040292710066 2.635917454957962 23.99175877124071 0 0.6662111878395081 54.78958062827587 62.75627214461565 6.490219354629517 0.1204394027590752 120.4520100280643 1564.133235506713 1.422538012266159 0.3020685017108917 0.8796297237277031 0.5656591728329659 0 0.25099778175354 12.2698620185256 6.776823773980141 103.4572876468301 56.75340367853642 162.7966204956174 36.78569900989532 1.67715035378933 0.1919111609458923 0.1583458036184311 0.4682115912437439
1.598735421895981 0.2119613438844681 0.2168752625584602 1683.553535848856 0.967259980738163 101.2355125918984 72.0877058506012 53.24725034087896 288.7847572565079 1233.003483936191 2.225019097328186 2194.529452905059 0.8188712894916534 29.50670098513365 13.37619860470295 0 0.1489531397819519 0.1016719341278076 0.2647084891796112 3821.050754494965 0.1943738162517548 0.2199103012681007 1.093218587338924 1053.585417591035 0.1856678873300552 0.8883202895522118 1.915691256523132 2005.251804023981 31.18393099308014 0.2204462736845016 0.08767490833997726 5.593507416546345 0.8882807791233063 20.56635766476393 1.147620528936386 59.67685819417238 1.247987434267998 85.24863569438457 7.255013361573219 76.5026890784502 12.43613673001528 0 0.9016960263252258 0 0 0 7.927911274135113 0 2.121885471045971 35.75982394814491 8.107551738619804 35.08490941673517 20.7949095889926 0 12.8496687412262 0 5.525938346982002 2.328610256314278 0 0.1235035359859467 0.2681164443492889 0 10.61307787150145 0 0 1.068577520549297 80.96559361368418 0 0.09628330916166306 0.2105590403079987 56.82525239139795 1.216061815619469 0.5856813788414001 0 0 0.1156609132885933 1.534852430224419 0.1104312166571617 9.296536803245544 0 4.992706261575222 1.121818333864212 5.042613372206688 1.793304949998856 0 0
1.459509156644344 0 0.8437300994992256 0.967259980738163 21.40072906017303 129.7719181329012 13.29704591631889 129.2513734027743 36.4197443574667 14.98855310678482 149.3453922122717 59.64869076758623 33.28860048949718 77.38821128755808 417.1385883837938 0 1.542799159884453 11.63980884850025 4.398703917860985 9.976143062114716 0.1186196580529213 0.464395135641098 0.5483457669615746 11.10681503266096 1.529091224074364 20.14421132206917 7.656138509511948 7.336378090083599 31.67225508391857 1.699139937758446 1.839079327881336 29.82075245678425 0.2796675264835358 601.6165802627802 1.509681835770607 49.71943128854036 25.43286396563053 616.0924061536789 63.6748773381114 1574.449562579393 301.2760889530182 9.808002099394798 3.240777388215065 0 0 0 0 0 0 0.5605043768882751 0 0 0 0 0 0.6030938625335693 0.1015971004962921 0 0 0 0.21041639149189 0 0 0 0 0 0.2615147829055786 0 0.2391371801495552 0 0.7493047416210175 0.2130293399095535 0 0 0 0 0 0 0.3773813843727112 0 0.09487682580947876 0 0 0 0.3150447905063629 0
13.94715351611376 0.9126611053943634 5.768617808818817 101.2355125918984 129.7719181329012 7793.73078365624 3883.615155130625 4647.311669133604 328.3736536428332 5759.829687952995 144.9797830879688 6488.303508922458 67.37507893145084 725.8728524819016 708.6635642424226 0.2560348361730576 7.987803474068642 22.05764065682888 13.42871426790953 765.1057151481509 5.9871566593647 5.804899789392948 12.17013476788998 289.2302019074559 2.631416872143745 41.97171268612146 25.26053559035063 664.6314188092947 642.9936550334096 21.86511486768723 3.948136627674103 635.243398450315 6.393924050033092 406.3385654017329 11.57892250269651 672.5354945212603 64.27537544816732 1150.664322428405 154.0998459756374 1670.597096413374 253.9891005009413 23.78804536163807 23.14885292947292 0.1018241494894028 0.1260957717895508 0 9.192113533616066 0.2596829235553741 3.425603576004505 77.19683845341206 7.885825105011463 52.21521790325642 11.99384159594774 0.7882070243358612 18.09693380445242 0.6642258316278458 4.407583370804787 2.928177177906036 0.697122260928154 0.1285936385393143 0 0.0764961838722229 12.49155256152153 0 0 0 115.753192178905 0 0.4741753488779068 1.071205407381058 86.52887226641178 4.0240328758955 2.765382416546345 0 0 0.8204169869422913 4.303283266723156 0 15.34054213762283 1.061060681939125 13.06042931228876 5.161559872329235 19.35910138487816 0.4882436692714691 1.590727433562279 0
3243.477900885046 37.66994438320398 240.9765517413616 72.0877058506012 13.29704591631889 3883.615155130625 19805.62080786377 5463.830332882702 945.0190740972757 5909.148061461747 53.92081188410521 101.3059795945883 13.93019791692495 10144.55892645568 15.01683835685253 9.687341041862965 208.6408354192972 14.89281611889601 28.49146340787411 160.650445856154 356.8187040314078 88.14584599435329 630.361068226397 2476.831674426794 3.000678725540638 58.7556076683104 436.2401243448257 18416.65034526587 1846.420423462987 5435.577180191875 2.210525661706924 93.35009129345417 225.9030002579093 674.6650105565786 99.10378038138151 2229.394298732281 92.47928780317307 2005.201363153756 389.4174981713295 415.4033581987023 212.7443413436413 2.256654851138592 30.20247396081686 2.837449930608273 2.130848810076714 1.917799800634384 14.64831245690584 0.3108655512332916 8.913978897035122 568.7154232114553 36.60663788020611 130.5128540918231 38.2607711404562 1.692728094756603 11.10552449524403 0.3537640050053596 40.69519877433777 1.985864669084549 15.56577255576849 0.7238507270812988 0.4378037452697754 0.8851281479001045 21.02025184780359 3.350109361112118 8.444238163530827 9.692318260669708 373.9406475946307 0 1.671428613364697 13.70690321922302 417.401936635375 25.81138032674789 27.12166062742472 0.09596385061740875 1.137463837862015 7.28579606115818 20.72397316247225 7.676041156053543 163.6322169154882 3.442119181156158 93.22548101097345 27.85496436804533 47.60808493942022 7.786723405122757 0.246015191078186 1.176372304558754
773.2799194604158 4.316934712231159 89.63176767528057 53.24725034087896 129.2513734027743 4647.311669133604 5463.830332882702 8126.657567612827 146.6052050441504 2464.386338807642 204.4302715808153 496.1130222827196 55.14782514423132 8013.937518127263 133.0684927105904 1.217131428420544 181.2442139610648 43.20510452985764 55.4946902692318 369.9249787181616 83.07980778813362 8.885122306644917 163.3508247733116 434.6743405982852 4.649178132414818 99.02018797397614 125.1677045151591 543.247942365706 2040.648000843823 693.8869273737073 5.463025841861963 1231.175842799246 22.70014902204275 680.6620908603072 6.555503219366074 418.2446692883968 67.83388391137123 957.8798019215465 94.00348766893148 384.5731449052691 179.3489811420441 10.99373055994511 11.99372082203627 0.3211206868290901 0.4542768076062202 0.9338414594531059 5.391869321465492 0 1.275566309690475 96.35485158115625 7.235288575291634 29.27239017188549 8.442845515906811 0.9022649005055428 0.1533159911632538 0.192582905292511 4.925864100456238 0.9455464631319046 2.495269261300564 0.0936557948589325 0.2978568822145462 0.1010687574744225 4.968311436474323 1.7937301248312 0.8651000261306763 0.7334955558180809 73.48404546827078 0 1.851162545382977 7.200118504464626 81.80352872610092 6.295863844454288 7.148719906806946 0.152070514857769 0.3161048293113708 0.7803844138979912 1.630145490169525 0.666187196969986 20.14703898876905 0.3470947965979576 13.69325926154852 5.177024461328983 7.328998401761055 0.385200023651123 0.3990823775529861 0
24.38159511983395 569.6246878579259 5.410378500819206 288.7847572565079 36.4197443574667 328.3736536428332 945.0190740972757 146.6052050441504 2802.162298478186 309.8437238559127 10.77710974961519 594.9772931337357 56.73435030132532 72.90844438225031 1232.026162445545 98.95580823719501 15.88736034184694 1.546001136302948 6.80161314457655 540.3744238838553 38.40705144405365 3137.336073406041 22.98557557910681 14209.32619671524 60.03280749171972 53.90202606469393 468.1132491156459 2135.014540061355 116.9840104579926 325.5603264942765 6.805539451539516 12.37289160490036 17.14143534004688 52.42968419194221 16.24891843646765 588.7321960926056 33.08019084483385 203.3650605306029 41.3802791684866 864.9765853062272 31.39283715933561 3.78173641115427 5.426449738442898 5.171333394944668 22.70470092445612 1.885702341794968 74.22974180430174 0.1834719479084015 24.44161285459995 380.9966469407082 28.81018166989088 163.8614196330309 143.8551434502006 3.003948777914047 169.3336561471224 0.219665102660656 18.54469081014395 45.36896397173405 213.4779077172279 0.4979181736707687 0.4859581813216209 0.4302194714546204 103.9385935664177 33.92502577602863 344.0224372968078 9.753121666610241 1374.332520537078 0.4612110555171967 2.931696742773056 9.086667001247406 667.7410945221782 32.68687851727009 106.7999127209187 0.3922250047326088 1.160192422568798 12.28724505752325 26.30689151585102 6.167162083089352 258.884219750762 5.765883982181549 69.19396657496691 29.4818397462368 194.9053429737687 3.875783123075962 0.5861885920166969 1.715655297040939
25.71720247715712 0.6455448791384697 3.360153339803219 1233.003483936191 14.98855310678482 5759.829687952995 5909.148061461747 2464.386338807642 309.8437238559127 14552.41333375871 47.57398573309183 3021.534619167447 14.72269018739462 565.9284594878554 32.70803806185722 0.3913746327161789 4.864217326045036 12.3338975161314 9.221539318561554 3328.974387101829 4.8653908893466 1.133586294949055 7.277756951749325 927.0562085285783 0.9286115169525146 24.93475846946239 20.83677279949188 7241.353805094957 484.9326726645231 16.4384049475193 1.726043798029423 93.89688117802143 10.64047039300203 203.6128706410527 4.354084581136703 491.7716201767325 29.3001623749733 908.6298917010427 55.84036124497652 322.3171887099743 107.2179662585258 3.71172171831131 7.819877400994301 0.1000130027532578 0 0.2568904161453247 16.89527103304863 1.204619884490967 3.941190905869007 68.45353381335735 6.29434671998024 54.95220569521189 25.77214667201042 0.0875774621963501 13.40849929302931 0 6.531245559453964 1.651074707508087 1.017246790230274 0 0.0841628834605217 0 14.92809170484543 0.0944734662771225 0.1629963964223862 0.850855827331543 134.0286141633987 0 0.217677965760231 0.5128034651279449 97.1127882823348 2.964005596935749 0.9932877719402313 0 1.08800995349884 1.12434858828783 0.6456524133682251 0 12.94364369660616 0.2753211557865143 14.06310760229826 3.402057431638241 8.753334753215313 1.546109460294247 0.4945761859416962 0.2469484955072403
10.50494948029518 109.9886933788657 46.78224544972181 2.225019097328186 149.3453922122717 144.9797830879688 53.92081188410521 204.4302715808153 10.77710974961519 47.57398573309183 13866.88896604627 10.96873028576374 3531.450525477529 168.1022679060698 5.514041990041733 1.709057740867138 283.3882652074099 5235.259232155979 3164.866859786212 22.64864538609982 4.114685617387295 28.56864316016436 25.85802936553955 26.88612600415945 1534.474258340895 4861.003791503608 804.5457203760743 21.85218924283981 288.3960520923138 20.72507665678859 402.7667226940393 440.5198965296149 3.689237862825394 6183.772981896996 14.22453022003174 492.9044766053557 5718.823571238667 5157.613133624196 664.9720351994038 27.65686804801226 384.8184316009283 1580.074769049883 11.51912343502045 0 22.79134219139814 1.031272672116756 0 0 0.2850412055850029 2.723067060112953 0.8160453364253044 0.7075408324599266 0 425.6134359240532 0 721.6341474056244 0.2420420423150063 0 0.08351857215166092 1.49043845385313 58.21582091599703 7.935069233179092 0 0 0.9215638488531113 0 1.925497531890869 16.97466712445021 161.0164768174291 185.668029204011 0.6706762462854385 0.6724914312362671 0.3541224449872971 77.63353768736124 1.152607388794422 0 9.155291154980659 3.42716121673584 4.060473963618279 221.1051853373647 20.65976469963789 1.647401489317417 0 0.3773191794753075 197.1684397533536 0.1575857549905777
1.239571683108807 0 0.2956202477216721 2194.529452905059 59.64869076758623 6488.303508922458 101.3059795945883 496.1130222827196 594.9772931337357 3021.534619167447 10.96873028576374 4912.737661316991 5.012318305671215 67.90912570804358 1364.706257924438 0 0.2713930532336235 2.272007092833519 1.751738779246807 4003.474007755518 0 0.4838569015264511 0.3995860442519188 502.2723554223776 0.2943248152732849 3.579430811107159 2.519608244299889 643.6090341433883 63.55372301489115 1.015820629894733 0.4213944599032402 38.36826284974813 0.5313087478280067 36.78247921168804 0 231.953781247139 4.43203392624855 177.5068937316537 10.84078731387854 1242.037228368223 23.76188842952251 1.216207832098007 0 0 0 0 27.51217922568321 0 5.792050659656525 45.40042530745268 6.010172583162785 101.4026429206133 88.4463949650526 0 91.45941204577684 0 4.095108151435852 24.07647961378098 0 0 0 0 36.97051940858364 0.1302803158760071 0 0.2627595067024231 192.4819274172187 0 0 0 90.15851622819901 1.757054030895233 0.5750426650047302 0 0 0.6448645740747452 0 0 7.679859384894371 0 12.91122660040855 0.7795250713825226 65.76813846826553 1.318324431777 0 0
1.698368161916733 1302.556972332299 8.393858663737774 0.8188712894916534 33.28860048949718 67.37507893145084 13.93019791692495 55.14782514423132 56.73435030132532 14.72269018739462 3531.450525477529 5.012318305671215 4373.51735330373 23.42093227803707 7.94942706823349 9.720545157790184 5.029912605881691 34.24392970651388 11.44504473358393 5.642626620829105 2.237373150885105 224.0178505480289 12.88894838094711 55.21972284466028 8056.38102850318 714.6392171829939 4053.536133848131 11.03087539225817 40.86946207284927 4.462462075054646 905.3634910359979 104.8327071815729 1.734921954572201 853.1807659268379 47.08864152431488 1314.219997726381 5022.994719788432 5608.715845175087 532.6165917888284 44.22625233232975 385.6768930703402 579.7887796610594 3.326872006058693 0 55.83276874572039 0.4625113606452942 0 0 0.6921205297112465 0.08937530964612961 1.136955730617046 0.5710548162460327 0.2056930959224701 675.4165938124061 0 935.9529647454619 1.004790097475052 0 0 0.5892878621816635 44.9550075083971 5.160000093281269 0 0 3.090355016291142 1.336931437253952 0.4930017739534378 21.79497693479061 148.5057912990451 221.5657663941383 0.5631412342190742 2.548597253859043 0 87.98495478928089 0.8512170612812042 0 16.87861367315054 3.409804105758667 11.213353946805 382.7179901972413 45.70431311428547 20.93523291498423 0 1.574212551116943 452.5521906837821 1.085991978645325
4304.979944780469 8.187429636716843 103.1916390135884 29.50670098513365 77.38821128755808 725.8728524819016 10144.55892645568 8013.937518127263 72.90844438225031 565.9284594878554 168.1022679060698 67.90912570804358 23.42093227803707 11837.23284264654 7.584392443299294 0.9150054156780243 291.1006330475211 44.56375557184219 78.23756314069033 160.7651406303048 120.5307274311781 8.489548221230507 219.7418714314699 321.2590142339468 3.031345762312412 109.3957513347268 161.9845654815435 391.9059948846698 6017.479391153902 1647.77218657732 4.159085102379322 457.3581315129995 56.84545285999775 1441.691996902227 4.719250932335854 210.1535586938262 45.47278454899788 1066.048546008766 61.35684783756733 81.49022650718689 48.92040057480335 1.97782551497221 2.09606559574604 0.09517443180084229 1.395109318196774 1.9108941629529 0.2584864348173141 0 0.8927099108695984 34.85817790031433 1.547204047441483 13.5305513292551 0.7275931537151337 0.3131373077630997 0.4391999840736389 0.962073527276516 1.147664748132229 0 4.408643700182438 0.7847259044647217 0 0.7796008139848709 0.6953956931829453 0.9634338095784187 0.8799618557095528 0.8638320565223694 29.40332559496164 0.1026429608464241 3.286133207380772 9.715256743133068 42.16705211997032 1.232306696474552 3.287222161889076 0.08104554563760757 0 0.2426488772034645 3.331885397434235 0 14.66232879459858 0.9609296843409538 4.97292472422123 1.670793518424034 2.477512583136559 0 0 0.09609764814376831
0.5482389330863953 0.5377229079604149 0 13.37619860470295 417.1385883837938 708.6635642424226 15.01683835685253 133.0684927105904 1232.026162445545 32.70803806185722 5.514041990041733 1364.706257924438 7.94942706823349 7.584392443299294 154.9129632413387 0 0.275801345705986 0.6126701384782791 0.2244063317775726 78.2368174046278 0.1182450130581856 7.324589066207409 0 519.5522820577025 0.519559383392334 0.6525315120816231 1.378799870610237 31.74540678411722 4.451288148760796 1.38766348361969 0 62.63264994323254 0 36.01493168622255 1.102035284042358 32.73793153464794 5.329078070819378 67.12926685065031 13.17428714036942 573.9608032405376 35.17569966614246 3.032978311181068 0.6393389701843262 0 0 0 0 0 0 0.9261071681976318 0 2.197450160980225 2.152416050434113 0 3.578826308250427 0 0.8275303840637207 0.2094151824712753 0 0 0 0 0.5871742963790894 0 0 0 8.16718777269125 0 0 0 4.079316899180412 0 0 0 0.1041177436709404 0 0 0 0 0 1.435878783464432 0 1.524914860725403 0 0 0
2.604813247919083 528.0553888082504 13.69252433627844 0 0 0.2560348361730576 9.687341041862965 1.217131428420544 98.95580823719501 0.3913746327161789 1.709057740867138 0 9.720545157790184 0.9150054156780243 0 5080.453691087663 27.82805376499891 0.3055360093712807 2.52958257496357 0 5242.121557541192 3319.659870125353 6467.979913406074 1215.438976116478 15.01065210998058 13.47926829755306 3741.129953213036 3357.45241624862 17.26270101219416 161.1176871582866 1.258166879415512 0 6.987218022346497 59.70640401542187 85.04210937023163 1954.922707311809 901.8161771446466 401.0258615463972 837.43743173033 32.30022259056568 3.768999516963959 1.349773019552231 6.074697963893414 0.1009132415056229 2.854990988969803 36.76636040210724 0 0 0.1124490424990654 6.607543148100376 0.2470373809337616 12.28370899707079 0.178615391254425 0.6366434991359711 0 0 0.2365878075361252 0 3312.869070447981 5.012281142175198 0.08859334886074066 0.929630734026432 0 237.7253111079335 1180.407562553883 526.7640809863806 190.4799484983087 0 2.434213988482952 393.8215466663241 111.9827985092998 2.249119967222214 75.60896964371204 0 0 1.015025898814201 12.79434578865767 21.7250991538167 408.5797627270222 154.7658649459481 103.4226903319359 126.3820967301726 4.614007845520973 0.474436953663826 0 1.679756201803684
151.4460587874055 471.9633384943008 10006.53440995514 0.1489531397819519 1.542799159884453 7.987803474068642 208.6408354192972 181.2442139610648 15.88736034184694 4.864217326045036 283.3882652074099 0.2713930532336235 5.029912605881691 291.1006330475211 0.275801345705986 27.82805376499891 2745.799557000399 248.0271108224988 6713.564362585545 1.283635944128036 1282.022245496511 50.23896588385105 3889.179714158177 49.67443543672562 10.33484023809433 2841.721456397325 6366.115028761327 169.3051201403141 301.6662382557988 1051.428608518094 1.602963179349899 8.254301510751247 22.29671207815409 909.2114307954907 7.080630011856556 180.3724111691117 977.647076562047 879.2499955222011 230.2006714195013 11.72084574401379 5.740049041807652 1.137918278574944 0.9597964882850647 0 143.0799910053611 238.2924232184887 0 0 0 1.495436005294323 0.2010222524404526 0.7846258506178856 0 1.653253562748432 0 0.7653435543179512 0.3449987024068832 0 11.53557773679495 38.4164210408926 3.662226811051369 25.62327814847231 0 0.4406585395336151 19.94391848146915 12.37267016619444 6.804148688912392 0.2809604927897453 222.8355386406183 700.7427959293127 3.258341029286385 0.1250771880149841 1.364908240735531 1.201739884912968 0 0 5.966348670423031 1.110332459211349 14.27217976748943 14.74448125809431 47.70633792132139 5.419421032071114 0.257033497095108 0 0.1179984733462334 0
2.776194684207439 13.17152260988951 112.184824809432 0.1016719341278076 11.63980884850025 22.05764065682888 14.89281611889601 43.20510452985764 1.546001136302948 12.3338975161314 5235.259232155979 2.272007092833519 34.24392970651388 44.56375557184219 0.6126701384782791 0.3055360093712807 248.0271108224988 1005.191151030362 3836.368090197444 4.588542878627777 2.857452251017094 3.693908840417862 13.61980121582747 6.499978989362717 69.26069573312998 5533.987127259374 348.0093920081854 5.645638324320316 56.87394928187132 9.259985901415348 36.33611049503088 54.55546745657921 2.171833425760269 876.3669739663601 3.991995014250278 354.4454136937857 963.7277151048183 1247.169797576964 267.6360618397593 4.515934847295284 18.60446168482304 16.21853553503752 1.580427922308445 0 27.28516146540642 1.514456264674664 0 0 0.2054599821567535 0.5411202162504196 0.7245723828673363 0.297707311809063 0 126.4232879728079 0 140.8576371595263 0.2822250425815582 0 0 2.600404933094978 94.13617232441902 24.6193915233016 0.1067225784063339 0.0811861976981163 0.7612646743655205 0.1093575581908226 0.3483610078692436 7.752539232373238 257.8766661137342 336.0021091997623 0.2849619761109352 1.212238468229771 0.1264892667531967 58.71570621430874 0 0 3.408122725784779 0 2.428445726633072 32.35162315517664 12.3012775182724 1.786400720477104 0 0.09992606192827225 0.8826917260885239 0
19.84211903810501 212.2698206976056 597.7219225093722 0.2647084891796112 4.398703917860985 13.42871426790953 28.49146340787411 55.4946902692318 6.80161314457655 9.221539318561554 3164.866859786212 1.751738779246807 11.44504473358393 78.23756314069033 0.2244063317775726 2.52958257496357 6713.564362585545 3836.368090197444 3588.362846143544 3.55385833978653 24.07503688335419 24.99293609708548 137.7188145965338 18.16917892545462 43.94969746470451 8442.337424319237 2341.799657963216 17.29556974768639 95.07331604510546 64.89857932925224 5.45948027074337 30.988231100142 5.121469475328922 2232.393388837576 6.517379149794579 550.3170244321227 894.3398240506649 1601.254749268293 328.3605093881488 5.632986932992935 7.370901726186275 1.95516411960125 1.15907809138298 0 45.02435915917158 24.2921356856823 0 0 0.2883587852120399 0.6409821510314941 0.0925644189119339 0.7362976148724556 0.1151006668806076 17.05845604091883 0 12.88606900721788 0.222895510494709 0 1.405024729669094 17.29197464883327 45.06794975697994 55.66685933619738 0 0.2747763767838478 2.921934776008129 0.8709391728043556 0.9845643118023872 9.05881816893816 338.34934489429 511.1266209855676 0.4114652201533318 0.1874213069677353 0.1160777658224106 13.94288177788258 0.07481756806373596 0 4.251311652362347 0 5.719937294721603 9.241640880703926 14.07705514132977 4.411682032048702 0 0.5758512020111084 0.8405914902687073 0
6.758871383965015 1.040688425302505 0.6577687859535217 3821.050754494965 9.976143062114716 765.1057151481509 160.650445856154 369.9249787181616 540.3744238838553 3328.974387101829 22.64864538609982 4003.474007755518 5.642626620829105 160.7651406303048 78.2368174046278 0 1.283635944128036 4.588542878627777 3.55385833978653 895.245902583003 0.8227035403251648 0 1.441363818943501 645.955287180841 0.4878400638699532 8.71779577434063 6.786088921129704 2811.912202328444 183.7564298659563 3.350721515715122 0.6272123828530312 35.97392723709345 2.229146800935268 82.2441488057375 3.092827618122101 234.1097696721554 9.403241381049156 366.1772464588284 19.17400957643986 356.6497588828206 49.20190969109535 2.949862591922283 4.447323009371758 0 0 0 13.5859852284193 0 3.19188266992569 49.04947970807552 7.191123105585575 51.3950362354517 22.8509885519743 0 18.54707531630993 0 5.177639447152615 6.580200985074043 0 0 0 0.09922370314598083 19.00870698690414 0 0 0.7762316763401031 121.1811799630523 0 0.2200282663106918 0.2945458516478539 71.06895011663437 0.7863747105002403 2.209345571696758 0 0 0.3914485797286034 1.57956263422966 0 6.267835959792137 0.6595297455787659 7.095925651490688 2.305874459445477 15.69105991721153 0.9361238777637482 0.1883815377950668 0
100.4810753390193 8.004524201154709 392.6882845312357 0.1943738162517548 0.1186196580529213 5.9871566593647 356.8187040314078 83.07980778813362 38.40705144405365 4.8653908893466 4.114685617387295 0 2.237373150885105 120.5307274311781 0.1182450130581856 5242.121557541192 1282.022245496511 2.857452251017094 24.07503688335419 0.8227035403251648 13529.38452020288 481.7092197090387 14285.89196246862 515.0970383509994 0.5031457543373108 21.91632492467761 896.8942567557096 5240.565981514752 238.1212596595287 11505.3907308355 0.1418475210666656 2.64293073117733 53.00070188939571 1551.452429145575 218.0602375045419 3564.941455066204 591.4365281313658 4451.675450280309 3134.255286984146 97.65921314060688 15.7738072425127 2.725687973201275 14.05694966763258 0.1199386045336723 1.166457757353783 6.042135268449783 0 0 0 3.628124907612801 0.3320517390966415 5.423804111778736 0.08853231370449066 0.8592419922351837 0 0 0.4013695418834686 0 627.0687360689044 1.136949881911278 0 0.4454801455140114 0 67.34057742357254 141.5995320901275 51.45045151561499 72.37069960683584 0 1.036521106958389 29.74494890868664 58.13647995889187 1.649714976549149 29.96712847799063 0 0 1.664984136819839 5.003259979188442 11.73325556516647 120.1471614837646 16.09033979475498 23.83831279724836 17.32880584895611 1.162293016910553 0.1654797792434692 0.9099651649594307 0.9805508106946945
14.27253012359142 2429.930604286492 158.2494848743081 0.2199103012681007 0.464395135641098 5.804899789392948 88.14584599435329 8.885122306644917 3137.336073406041 1.133586294949055 28.56864316016436 0.4838569015264511 224.0178505480289 8.489548221230507 7.324589066207409 3319.659870125353 50.23896588385105 3.693908840417862 24.99293609708548 0 481.7092197090387 1493.296444185078 424.2424358129501 5070.49485771358 334.5423395857215 146.5648539140821 3651.28348030895 443.0356290712953 75.21223999559879 635.5745086222887 19.29036889225245 1.42663835734129 13.14692904800177 88.76786930114031 7.544351153075695 286.2825564220548 343.9831074550748 150.2436538934708 52.19583141058683 24.03006692230701 4.233523607254028 11.23678507655859 1.268386691808701 0 20.99029690027237 108.8545893132687 0 0 0 6.918598644435406 0.4149778336286545 30.344716578722 0 2.090894959867001 0 0.9339816048741341 0.3939187526702881 0 1226.847099736333 4.939902506768703 1.021096043288708 2.787379428744316 0 51.8599476441741 375.0390700548887 322.5112149789929 40.95466615259647 0.1461804211139679 11.90998371690512 623.4715957418084 21.10145270079374 0.4363173767924309 13.97892792522907 0.1942526325583458 0 0 6.165431402623653 6.770222723484039 166.2727338671684 116.4874766245484 84.50608968734741 75.54589258879423 0.09943736344575882 0 0.8195231333374977 0.1744197458028793
104.7058126926422 61.10915025323629 6798.046780981123 1.093218587338924 0.5483457669615746 12.17013476788998 630.361068226397 163.3508247733116 22.98557557910681 7.277756951749325 25.85802936553955 0.3995860442519188 12.88894838094711 219.7418714314699 0 6467.979913406074 3889.179714158177 13.61980121582747 137.7188145965338 1.441363818943501 14285.89196246862 424.2424358129501 22031.71988366544 297.9734766930342 1.514990955591202 156.569443359971 12109.47039943188 5514.956882759929 175.6297261416912 3275.802410010248 0.07955972850322723 4.662993289530277 25.70543111860752 2332.090162321925 349.255306571722 5853.806650280952 4361.494038663805 8940.265215776861 6926.751393467188 153.089427061379 33.23400554805994 9.862390168011189 18.83356828987598 0.1520722657442093 12.19973590970039 297.5350663661957 0 0 0 8.17541041970253 0.1040802076458931 5.471617966890335 0 2.680697865784168 0 0 0.3762161135673523 0 774.662293702364 12.46014723181725 0.9454924911260605 3.583768233656883 0 32.29618518054485 399.6365194022655 377.9001104906201 35.3358373567462 0 7.635208457708359 1110.828056178987 25.14760208129883 0.9553608894348145 8.041443757712841 0 0 0.2973263636231422 11.34896519035101 23.24327072501183 229.5988762378693 135.1334621235728 136.9668914228678 102.2216167598963 1.950768396258354 1.863490745425224 1.187137097120285 0.8738272935152054
110.1235001608729 931.8913803100586 30.40560542047024 1053.585417591035 11.10681503266096 289.2302019074559 2476.831674426794 434.6743405982852 14209.32619671524 927.0562085285783 26.88612600415945 502.2723554223776 55.21972284466028 321.2590142339468 519.5522820577025 1215.438976116478 49.67443543672562 6.499978989362717 18.16917892545462 645.955287180841 515.0970383509994 5070.49485771358 297.9734766930342 13383.82399740815 76.43618093430996 77.77076909691095 1970.350741807371 14509.96289808303 715.9155096523464 1129.138623107225 6.570426091551781 49.05450071394444 179.6223580241203 345.912733964622 115.1695723235607 2845.44574137032 111.9332341104746 1229.152251593769 330.6630970537663 1524.097277805209 179.9984310343862 3.563739851117134 24.5006620362401 8.496789030730724 4.062204450368881 3.656804844737053 93.34439488500357 0 35.05459014326334 1119.01986400038 87.25910598784685 922.0932255461812 230.6223281174898 2.788429945707321 94.88796112686396 0.6240258738398552 74.29488091915846 21.8452485576272 514.1748887896538 2.843533620238304 0.6782232448458672 2.918333947658539 148.6991939768195 99.6719329059124 286.1046504974365 34.97343469411135 2284.80870243907 0.4198031574487686 8.143855087459087 53.36718992888927 1583.190149016678 77.54884058237076 216.6422153860331 0.3007731139659882 1.541095264256001 27.79292824119329 62.24591121822596 22.84632969647646 625.1595548689365 18.88934967666864 209.5872069001198 78.25015240162611 122.5864648148417 11.07280214875937 0 3.54094935208559
0 1971.425314873457 1.051713936030865 0.1856678873300552 1.529091224074364 2.631416872143745 3.000678725540638 4.649178132414818 60.03280749171972 0.9286115169525146 1534.474258340895 0.2943248152732849 8056.38102850318 3.031345762312412 0.519559383392334 15.01065210998058 10.33484023809433 69.26069573312998 43.94969746470451 0.4878400638699532 0.5031457543373108 334.5423395857215 1.514990955591202 76.43618093430996 1876.881927773356 923.0172096192837 4963.516514703631 6.35578540712595 3.39267772436142 2.424608863890171 446.3696258440614 5.75001023709774 0.1575694978237152 93.77284350246191 0.747061662375927 500.5164770558476 477.0068472251296 585.8345062956214 66.14500310271978 6.674507029354572 42.63229306787252 283.671786531806 0.7727264165878296 0 104.5331048667431 2.290158048272133 0 0.4390563294291496 0.4999821037054062 0.1044248268008232 0.5254035890102386 2.683376021683216 0.1304042041301727 632.8626344129443 0 2528.192702673376 0.7281165048480034 0 0.6890776827931404 1.7557767406106 71.64218983799219 6.648779906332493 0 0 22.09338342398405 0.2378950566053391 1.080852150917053 50.40161620825529 344.1329631283879 997.9631308242679 0.3430170640349388 1.219811573624611 0 181.095544911921 1.362675800919533 0 20.69367822259665 0 6.06462574750185 62.03856614232063 39.26945985108614 4.740857630968094 0 0.1577694565057755 34.17811845988035 0
16.71459499001503 689.5190026313066 7636.867390751839 0.8883202895522118 20.14421132206917 41.97171268612146 58.7556076683104 99.02018797397614 53.90202606469393 24.93475846946239 4861.003791503608 3.579430811107159 714.6392171829939 109.3957513347268 0.6525315120816231 13.47926829755306 2841.721456397325 5533.987127259374 8442.337424319237 8.71779577434063 21.91632492467761 146.5648539140821 156.569443359971 77.77076909691095 923.0172096192837 31237.15691483766 11198.86897543073 22.21147300302982 150.9893640577793 51.54080009832978 305.8719618916512 102.9649190716445 5.66529930755496 1908.026757493615 16.4177318289876 1366.760037638247 2915.881901293993 4107.035598546267 848.3376377150416 19.24089340120554 39.47802699357271 36.37645719945431 5.148740410804749 0.08213390409946442 437.3628604486585 177.269166842103 0 0.1107831224799156 0.96230698376894 2.99178558588028 1.517334632575512 5.332590289413929 0 359.2205654829741 0 531.7082211077213 3.115615263581276 0 6.477590307593346 81.83719736337662 264.4637980237603 289.7307818084955 0 0.3439558893442154 24.06703379005194 5.114487454295158 9.858793772757053 60.64069228619337 1845.565443873405 3080.104554519057 1.560651108622551 1.644789904356003 0.9285275712609291 197.9505654498935 0.4104051813483238 0 18.98236841708422 4.126769348978996 18.88759046792984 98.25436295568943 91.12886361777782 14.1498702019453 0.1585738211870193 1.268667206168175 5.725988462567329 0
61.62259905785322 8160.010935485363 10750.8223656863 1.915691256523132 7.656138509511948 25.26053559035063 436.2401243448257 125.1677045151591 468.1132491156459 20.83677279949188 804.5457203760743 2.519608244299889 4053.536133848131 161.9845654815435 1.378799870610237 3741.129953213036 6366.115028761327 348.0093920081854 2341.799657963216 6.786088921129704 896.8942567557096 3651.28348030895 12109.47039943188 1970.350741807371 4963.516514703631 11198.86897543073 30176.05366995186 1830.522172637284 215.0438563264906 311.6797208786011 831.4151798039675 48.94208497554064 18.38842887431383 2310.079652540386 205.6376585662365 6280.276172280312 6829.457047998905 8404.901598900557 3453.178058497608 101.639243863523 31.21900569647551 27.14224680513144 21.19891874492168 0.3142579272389412 1997.394033364952 2431.737080477178 0 0 1.215666681528091 15.7038666382432 3.790890321135521 43.70174246281385 0.8051726445555687 219.0397132709622 0 234.9476141184568 5.308015204966068 0 431.533800624311 335.9807639867067 238.2746970802546 388.5404098778963 0.09974198788404465 16.47424183040857 1020.643174082041 747.3785058036447 57.01060996204615 57.50263019651175 2713.426504701376 10206.01398286223 28.21746157109737 3.147431753575802 7.676203548908234 158.4406783804297 0.7323773875832558 0.7049602940678596 72.6457057967782 29.09658592939377 545.039137467742 447.4366978630424 700.7878362908959 229.4597703516483 5.423131920397282 2.204568542540073 4.484987586736679 2.617498189210892
93.44422858953476 83.47654631733894 184.4246270135045 2005.251804023981 7.336378090083599 664.6314188092947 18416.65034526587 543.247942365706 2135.014540061355 7241.353805094957 21.85218924283981 643.6090341433883 11.03087539225817 391.9059948846698 31.74540678411722 3357.45241624862 169.3051201403141 5.645638324320316 17.29556974768639 2811.912202328444 5240.565981514752 443.0356290712953 5514.956882759929 14509.96289808303 6.35578540712595 22.21147300302982 1830.522172637284 27612.70784170181 725.0233264490962 6943.641401879489 1.675695359706879 35.54077783972025 290.8150814026594 662.1757588088512 181.5696486905217 3113.584627836943 160.3622766211629 2164.36994894594 899.2129942327738 397.227858453989 115.5153344348073 3.050454750657082 17.66189502179623 4.961535550653934 1.536893419921398 3.358477279543877 40.18912547826767 0.7995511591434479 18.31054633110762 820.1522841304541 49.41856078803539 377.3621223419905 88.16560337692499 1.696090504527092 32.70097767561674 0.1597941070795059 48.52604679018259 5.318999767303467 402.2724900841713 1.89751435816288 0.5318336933851242 1.441676594316959 52.7169042006135 87.98449113219976 128.4976859465241 28.7175255343318 1352.470109008253 0.1559471189975739 1.663360841572285 32.44868918508291 1118.550309471786 54.96568758040667 231.4617925658822 0.07224073261022568 2.375335194170475 23.54497954249382 54.26808780431747 20.32119862735271 537.615509994328 16.66603544354439 167.2686909064651 67.37927111983299 71.11078419536352 9.820494614541531 0.7110647410154343 3.312788084149361
5147.769772544503 11.29359350353479 66.76047436147928 31.18393099308014 31.67225508391857 642.9936550334096 1846.420423462987 2040.648000843823 116.9840104579926 484.9326726645231 288.3960520923138 63.55372301489115 40.86946207284927 6017.479391153902 4.451288148760796 17.26270101219416 301.6662382557988 56.87394928187132 95.07331604510546 183.7564298659563 238.1212596595287 75.21223999559879 175.6297261416912 715.9155096523464 3.39267772436142 150.9893640577793 215.0438563264906 725.0233264490962 22457.75312338769 4627.322082310915 7.384632930159569 533.8020980507135 2726.65501960367 5050.92050268501 16.9646019116044 349.4172365665436 87.94188960641623 2328.955025918782 178.7571669891477 92.98726745694876 86.6235840767622 7.853333242237568 5.085136502981186 0.1749287396669388 1.152225092053413 1.743117071688175 0.4213793501257896 0 0.3463240638375282 40.75651613622904 2.251240134239197 17.57741378992796 1.477421082556248 0.931995116174221 0.5668633580207825 0.7231940105557442 1.857714168727398 0 29.76105342060328 1.296879671514034 0.3075748533010483 0.5316668152809143 1.713576927781105 7.076120592653751 9.524217076599598 0.6095733642578125 66.8091791048646 0.1204435974359512 5.037547506392002 13.77759066224098 70.34159934520721 3.406971223652363 16.96019524335861 0.3041470348834991 0 1.371719315648079 1.945236772298813 1.110509216785431 45.71754439920187 1.233172841370106 9.668579787015915 3.966793425381184 1.961541295051575 0.111919492483139 0.3195596262812614 0.3294992744922638
