871.4382779747248 0 43.52587939053774 1.036135658621788 4.800566464662552 20.85838793963194 2010.386930912733 545.4756197780371 2.312330506742001 15.14411263167858 4.1356286033988 0.4364242032170296 0.5000273585319519 4957.090248353779 0 1.011577606201172 105.7795333489776 7.92170874029398 68.05482121556997 1.530648782849312 123.1532362997532 0.1364618241786957 163.8278023153543 20.43819480389357 0.5564047247171402 78.65239997208118 24.66241046786308 63.10374940931797 5153.402915485203 2876.188351728022 0 8.730712696909904 158.7126453518867 136.6685674190521 0.2346283942461014 29.72201914340258 9.088188745081425 76.11182966828346 13.64276849478483 7.197348937392235 2.566983856260777 0.3668426424264908 0.9490476250648499 0.07876399904489517 0.1048087850213051 0 0.08510742336511612 0 0 1.202307559549809 0.141586646437645 0.5311871021986008 0 0 0.231716126203537 0 0.07827823609113693 0 0.6203656792640686 0 0 0 0.2042803540825844 0 0 0 4.188237808644772 0 0 0.8904165029525757 3.132686108350754 0.5950023308396339 0.109516941010952 0 0 0 0 0 0.3098278418183327 0 0.07318900525569916 0 0 0 0 0
0 269.3146578446031 30.59308246523142 0.4466956406831741 0.4283964037895203 0.2727264165878296 8.044188678264618 0.5946140140295029 336.1113772988319 0.9645652621984482 364.200197763741 0.1296921819448471 476.6284108832479 0.39444949477911 3.562483012676239 122.2430934980512 110.3085835278034 6.809693343937397 48.42129687219858 0 17.45220049470663 2737.404554925859 42.17008922994137 900.1548251360655 2025.074213080108 320.0136287212372 7597.09788735956 76.67514965683222 1.065075404942036 1.930202662944794 15.69118431955576 0.3734328895807266 0.290923684835434 44.37442629039288 0.1654128581285477 46.45752016454935 63.31070318818092 174.9891990497708 29.61284576356411 8.004885107278824 0 98.16964425891638 0.1520392000675201 0.2700124457478523 70.19680935144424 138.6458594724536 0 0 0 2.589660137891769 0.07261673361063004 2.045204997062683 0.1293463706970215 6.166649259626865 0 11.52835807204247 0.2153576090931892 0.0959317609667778 43.34450880438089 19.48788705468178 3.116045132279396 39.1426018178463 0 4.570220023393631 47.06548920273781 59.9790713340044 11.92287269234657 7.458788722753525 179.9752472788095 1570.450699485838 10.1368662789464 0.3764619156718254 0.8203665986657143 4.30570175498724 0 0.09970047324895859 2.813554398715496 0 11.9034912660718 25.17710591852665 15.84621153026819 7.506760470569134 0.2162958681583405 0 0.1984030902385712 0.272411897778511
43.52587939053774 30.59308246523142 3979.023869469762 7.099553443491459 1.535341560840607 55.97241155803204 800.2408150210977 552.662774592638 0.2947494387626648 234.3687547445297 36.0834892988205 0.6975173056125641 4.420431055128574 253.7863204404712 0.4017344787716866 4.129287526011467 5103.205401331186 58.79180380702019 422.3067628070712 4.261216841638088 842.2357093691826 7.829873964190483 7152.991993561387 8.731417663395405 0.3736946061253548 8630.180469207466 9906.658814840019 272.0224226638675 109.38413387537 803.8663355782628 1.091994814574718 5.3806371986866 7.404596664011478 660.550963409245 19.37410406768322 1456.731943227351 3903.043090127409 2159.383487850428 493.318235643208 46.27327974885702 9.869177542626858 2.687382966279984 6.958707496523857 0.1292727291584015 67.18657862395048 774.2176493108273 0 0 0 4.126085594296455 0.6077446341514587 0.7032063528895378 0 1.356969855725765 0.2110946625471115 0.4564570114016533 0.3351089730858803 0 77.04015693813562 15.19286511838436 1.278841145336628 2.794313415884972 0 16.46028643101454 31.41842448711395 242.4619578048587 20.90873534977436 0.1282530874013901 69.62765241414309 1965.614176660776 26.99056697636843 0.7319444566965103 3.601118318736553 0.9463311955332756 0 0 7.781563691794872 3.383377745747566 29.93484882265329 46.07269693911076 23.77813239395618 15.33469594269991 0.3895862698554993 0 0 0.6767802387475967
1.036135658621788 0.4466956406831741 7.099553443491459 2955.658498853445 3.619355656206608 138.6507552191615 226.4095324650407 104.3171117976308 1035.481832176447 5217.994957670569 3.365769498050213 4139.895328581333 0.3034980595111847 27.41406705230474 39.70279242098331 1.546787187457085 3.118042811751366 0.6965078413486481 0.6508696898818016 3951.015107490122 3.020503982901573 1.068029791116714 7.265018090605736 2059.554411686957 0.343735471367836 4.648555561900139 8.552401907742023 3511.085426874459 39.38373915851116 0.9828764945268631 0 5.190758898854256 0.2472768723964691 31.30572932213545 3.374953433871269 199.8260258585215 4.432564951479435 90.33863396942616 27.56862181425095 465.6512566581368 10.56694880127907 0.1315020024776459 7.782800182700157 0.8671596795320511 0.4650307521224022 0.2066612020134926 277.1864690631628 0.08930952847003937 7.737628780305386 210.4195466190577 22.65341134369373 86.37689599394798 320.4613513946533 0.3907181993126869 177.0917398408055 0 7.727703087031841 6.578779898583889 0.5907049626111984 0.08391573280096054 0 0 192.1489625871181 1.279044628143311 0.3708624839782715 1.578742757439613 543.163035787642 0 0 1.449571065604687 492.8242255449295 5.631278462707996 0.1892463117837906 0 0.1520742401480675 0.2759493142366409 3.773455247282982 0.8519875407218933 23.36338919401169 0.2956175208091736 10.62822442501783 1.526990316808224 123.2456529289484 0.5013153254985809 0 0.1501409262418747
4.800566464662552 0.4283964037895203 1.535341560840607 3.619355656206608 240.7252490818501 1099.433117836714 14.96488405019045 161.0393678545952 59.18986801058054 33.39887633174658 49.37744677066803 171.8675886169076 38.11357590556145 529.8169100359082 1741.460092760623 0 1.825605355203152 5.765224196016788 1.492403484880924 16.78501932322979 1.061617963016033 0.4823462069034576 2.995502114295959 9.585483394563198 3.407501146197319 5.61859492212534 2.223187044262886 4.66274656355381 198.8980249166489 6.168886587023735 0 177.9259354248643 0.09879429638385773 1224.824134401977 14.21071452647448 73.42619761824608 15.83136712014675 766.7832660451531 76.75152738392353 2065.901762858033 252.4983570873737 9.766365379095078 3.657836072146893 0 0 0 0.5609984546899796 0 0 0.5602911114692688 0 0.1451441943645477 0.09536378085613251 0.3227501064538956 0.2297149002552032 0.2309795171022415 0 0 0.1566518247127533 0 0 0 0 0 0 0 0.1717158108949661 0 0.1320852488279343 0.240252323448658 0.6541884019970894 0 0 0 0 0 0 0 0.1026274636387825 0.6459582149982452 0 0.1806523501873016 0 0 0 0
20.85838793963194 0.2727264165878296 55.97241155803204 138.6507552191615 1099.433117836714 10302.83421728015 2043.900805585086 6218.160268619657 9.825096867978573 6747.981882341206 69.79394230246544 4089.614963598549 42.59903264790773 672.8456055223942 692.6654946431518 2.411719597876072 31.12482898682356 11.76670692116022 15.56498182564974 541.5433699265122 29.16779705882072 1.926653511822224 72.62213699519634 58.72276694327593 3.719773694872856 46.60317733883858 39.00924030691385 393.6560371592641 1322.479909092188 59.98126965016127 0.110498309135437 668.0173335447907 1.564521446824074 599.391245752573 6.454507127404213 527.0351936966181 47.44101111590862 855.2615959793329 157.1380669474602 3524.864867202938 325.3589683100581 18.3140195608139 12.36264212429523 0.07811969518661499 0.07225436717271805 1.142865568399429 4.272877529263496 0 0 18.433922752738 1.428856499493122 4.4186045601964 7.158474162220955 0.3438507616519928 4.942653723061085 0.8779210150241852 1.050036542117596 0 1.576443627476692 0 0 0 3.835693173110485 0 0.442192554473877 3.545207127928734 38.67498046904802 0 0.4739068448543549 6.410472005605698 43.62153355032206 1.855434969067574 1.523716546595097 0 0 0 0.483980193734169 0 6.94053740054369 1.161999635398388 1.357240505516529 0.2366865202784538 3.768553495407104 0.449089951813221 0.4994433969259262 0
2010.386930912733 8.044188678264618 800.2408150210977 226.4095324650407 14.96488405019045 2043.900805585086 19842.46700611711 7570.867549516261 389.7884145900607 11816.30216673017 31.04351396113634 70.58990903198719 5.864480562508106 6361.747221946716 15.87298162281513 84.2341241762042 213.1145474687219 11.52734426409006 42.10124628245831 75.21780095994473 595.4268452376127 32.11525576561689 1448.153924882412 1472.21894569695 2.419746927917004 379.740059427917 543.4014920666814 20160.11960019916 1554.457444302738 6293.205023981631 0.09746582061052322 45.59736228734255 111.8418208360672 607.5326004847884 41.13321139663458 3099.421773158014 141.8007513582706 1497.304871186614 604.3481803610921 355.3383824750781 103.7326679900289 5.953421831130981 58.79885974526405 9.456157520413399 5.531155131757259 17.57513722032309 51.86584552377462 0.3338603526353836 5.291295770555735 676.1713648885489 55.44014371186495 175.8254224956036 120.3502585366368 1.33455315977335 21.92128870636225 0.2970071658492088 45.92594065517187 1.287727728486061 31.87883689254522 0.1917312890291214 0.3898847550153732 0.2217881083488464 45.74355705082417 5.909642912447453 11.0233488380909 62.14870277792215 1205.491124637425 0.08465630561113358 2.131413318216801 117.5058420300484 1396.656088784337 54.82986465096474 49.93047572672367 0.08739646524190903 0.7618803009390831 4.766436204314232 25.51386829838157 5.082576110959053 204.3485480099916 3.773759730160236 62.2627586722374 17.202981159091 51.11109998077154 5.369457088410854 1.181878961622715 0.952101819217205
545.4756197780371 0.5946140140295029 552.662774592638 104.3171117976308 161.0393678545952 6218.160268619657 7570.867549516261 14792.40261309594 30.06312061101198 5655.459269434214 58.64513535052538 606.8465996906161 24.37862931191921 6424.430643767118 26.82275696843863 3.080507151782513 455.5051365420222 52.99853011593223 271.9633886888623 415.6773428097367 505.8030715733767 1.814608164131641 747.7224299162626 180.9197459965944 4.83498415350914 579.6283428147435 271.5125326886773 500.5536657199264 3362.036544516683 1828.134497523308 0.2261440977454185 945.5367367863655 6.460054233670235 409.5421911254525 3.297908656299114 449.5700415596366 73.6735618263483 567.5572714433074 109.5351823195815 765.1454209908843 144.2830782085657 20.28973119705915 5.479791507124901 0.8088422268629074 0.1306394934654236 2.336878016591072 3.660526067018509 0.1183548271656036 1.125614278018475 70.35287496447563 5.897931486368179 17.92020617425442 9.980497717857361 0.5072603225708008 3.274650201201439 1.045292630791664 5.116975627839565 0.6555477604269981 3.872775249183178 0 0 0 3.738583974540234 0.5296090394258499 1.36499197781086 8.251297295093536 132.1483056694269 0.4145667105913162 0.3047901168465614 14.91423773765564 152.646789714694 4.940379031002522 8.860255181789398 0.1296340078115463 0.1595577746629715 0.5550712868571281 2.258427403867245 0 19.40966444462538 1.036332339048386 7.400326564908028 2.012646712362766 3.931055337190628 0.9761876463890076 0.3566333502531052 0.24441859126091
2.312330506742001 336.1113772988319 0.2947494387626648 1035.481832176447 59.18986801058054 9.825096867978573 389.7884145900607 30.06312061101198 1219.895542740822 245.5307378470898 8.549427181482315 126.6207509115338 6.909878231585026 9.836475253105164 720.8378040343523 150.4035856127739 0.9781541004776955 0.7643262147903442 0.5391228049993515 538.529542170465 189.2199438139796 2357.264126092196 55.41860274970531 12109.4732260555 112.4722008779645 6.117484092712402 366.0401440113783 1517.264983519912 30.45207589864731 34.79564031213522 1.381398260593414 0.6412703618407249 3.373639166355133 13.42812874168158 2.49166864156723 93.26367731392384 1.911558128893375 24.05637053400278 16.1611467525363 466.8297574445605 2.657039061188698 1.435183010995388 0.8344069719314575 7.170560911297798 2.597359158098698 3.462491378188133 115.3546643704176 0.5490600317716599 4.538308531045914 206.3515623658895 17.20376042276621 157.7567899525166 108.7434825673699 1.258419409394264 32.33669079095125 0.1967344731092453 25.75348137691617 6.781375303864479 291.9801879227161 1.672590844333172 0.1977862641215324 0.3004913628101349 72.10892781615257 221.6494134068489 35.18509990721941 37.51788121461868 1855.903315395117 0.712189644575119 2.057381711900234 13.9169866591692 1010.004807770252 44.02788380533457 92.16594495624304 0.09880264848470688 0.4741058722138405 4.059265799820423 13.2962523624301 0.9620343744754791 61.67120507359505 1.675383470952511 21.83374398201704 6.654381729662418 18.91061297059059 1.526898428797722 0 0.7722359448671341
15.14411263167858 0.9645652621984482 234.3687547445297 5217.994957670569 33.39887633174658 6747.981882341206 11816.30216673017 5655.459269434214 245.5307378470898 23554.27793385088 51.27175742387772 9179.738334827125 13.20673041790724 944.2745432779193 67.3374731913209 16.55498388409615 91.12204069644213 13.89720296859741 25.77073137462139 3244.726464092731 125.2374402135611 5.335531316697598 262.1634315773845 882.004162594676 2.631100587546825 126.7779493033886 168.3553298786283 7765.638740062714 660.7230882123113 135.3944164961576 0.5159145072102547 98.35482667386532 4.248124592006207 509.1954069510102 35.2632828950882 2014.691348306835 66.63779040426016 1387.67355684191 274.251375310123 1259.199870221317 172.9236357957125 7.253641396760941 48.95540744066238 1.850913599133492 1.230038568377495 3.18744982779026 159.1872624233365 0 10.72832323610783 249.0762715637684 17.20461083203554 58.02265383303165 236.3609607443213 1.241638921201229 121.2240797206759 0.4659375920891762 10.62319129705429 4.416633933782578 5.965391203761101 0.3881890326738358 0 0 139.283753246069 1.85807678848505 2.208121992647648 13.47648257017136 439.2930763587356 0.1075732707977295 0.1172884553670883 23.97557666152716 496.9161572828889 11.00994855165482 7.585242249071598 0.3135149627923965 0.3526427447795868 0.8238280639052391 4.665718957781792 5.114211678504944 42.0691769272089 1.522388182580471 12.13326092064381 3.969596616923809 72.20151607692242 1.226138576865196 0.3110094666481018 0
4.1356286033988 364.200197763741 36.0834892988205 3.365769498050213 49.37744677066803 69.79394230246544 31.04351396113634 58.64513535052538 8.549427181482315 51.27175742387772 7947.565197765827 18.35501512140036 3511.974680759013 66.03676595538855 0 3.77670668810606 227.3985905721784 1728.510530538857 623.2840827181935 11.50661376863718 17.91074013710022 74.36427157372236 33.16215275228024 20.8344409763813 1245.170345902443 3295.026594012976 2308.429359167814 16.58796511590481 171.6864895224571 15.91751846671104 595.6237224116921 146.7031987681985 1.480213262140751 6856.21171130985 11.18691655248404 793.4244558885694 7159.132852099836 7352.916784569621 1115.880713157356 50.22009786963463 159.4830190688372 2928.129067033529 13.43789257109165 0.09973780065774918 44.78811076283455 1.875342309474945 0 0 0 0.99714495241642 0.09606043994426727 0.654497429728508 0.1322423070669174 417.9071151763201 0 1174.184499144554 0 0 1.923923000693321 0.9753263592720032 86.76945346593857 25.44050662964582 0 0.1111354753375053 3.937335193157196 0.9601884558796883 2.2774997651577 166.589924454689 245.6497092843056 329.2535745576024 2.266333773732185 0 0.486059345304966 363.1271492615342 0.0990816205739975 0 0.3814259245991707 4.748569272458553 21.23961635679007 521.6261259242892 6.474061466753483 3.483465425670147 0.9345531761646271 0.2958696186542511 208.8682890236378 0
0.4364242032170296 0.1296921819448471 0.6975173056125641 4139.895328581333 171.8675886169076 4089.614963598549 70.58990903198719 606.8465996906161 126.6207509115338 9179.738334827125 18.35501512140036 6636.980240359902 6.413595668971539 105.8224437683821 1615.92675345391 0 1.15171967446804 2.992755874991417 0.7192869484424591 7980.929083377123 0.5880772024393082 2.165754064917564 1.564394250512123 158.2858804315329 0.2958856821060181 2.280229046940804 1.412624508142471 1130.39996163547 171.1505895629525 1.479221053421497 0 60.16836477071047 0 146.6745304390788 40.86484590172768 844.2634923458099 6.420100964605808 223.2131543755531 25.00199546664953 2953.391212947667 60.58238884061575 2.705402210354805 3.736075460910797 0.1050790920853615 0 0 77.113944478333 0 3.482658766210079 42.90904004871845 4.945034623146057 11.07917357981205 107.5810232907534 0 177.5341482758522 0.1543214470148087 0.8444427400827408 8.035104051232338 0 0 0 0 78.49535358697176 0 0 0.6559305191040039 97.41171480715275 0 0.1351916790008545 0 81.65509304404259 0.2125492841005325 0.1049765422940254 0.190135195851326 0.081454798579216 0 0.6545540317893028 4.630201265215874 11.84590414166451 0.2927229404449463 2.29738125950098 0 202.6197113022208 0.1485784947872162 0.1186333671212196 0
0.5000273585319519 476.6284108832479 4.420431055128574 0.3034980595111847 38.11357590556145 42.59903264790773 5.864480562508106 24.37862931191921 6.909878231585026 13.20673041790724 3511.974680759013 6.413595668971539 2044.227268919349 12.62609598785639 0.9488115310668945 1.859454736113548 3.397891342639923 138.6859353929758 7.728047043085098 2.727886751294136 5.248582482337952 77.98972039669752 10.56931552290916 13.83621972054243 3785.779768489301 393.9314383417368 2098.951664462686 7.647338792681694 41.32605379074812 2.215245187282562 448.8099327534437 69.85451247543097 0.4562976658344269 1436.693529300392 34.56208692491055 2592.806430190802 3463.302185229957 2654.827767938375 452.3646960258484 205.6072512418032 167.5164914801717 944.795020468533 21.84330563992262 0 62.47691465169191 3.075700029730797 0 0 0 0.07347812503576279 0 0.1068396642804146 0 594.4317851513624 2.330142498016357 1616.22889071703 0.11671232432127 0 22.31746859848499 0.9631430730223656 53.70143724232912 9.589703910052776 0 0.4714744091033936 5.714643754065037 11.55224044620991 1.92933352291584 386.1138180792332 178.6080525517464 265.875073581934 3.913808509707451 0.2144998535513878 0.4583471640944481 343.378875605762 0 0 1.446718901395798 25.51722541451454 843.3211301341653 767.3410677611828 27.21715171635151 19.51209378242493 8.907662719488144 7.933558166027069 411.8020763844252 0
4957.090248353779 0.39444949477911 253.7863204404712 27.41406705230474 529.8169100359082 672.8456055223942 6361.747221946716 6424.430643767118 9.836475253105164 944.2745432779193 66.03676595538855 105.8224437683821 12.62609598785639 8679.295840710402 0.7347153127193451 1.458541303873062 329.1474321857095 37.88799171149731 216.7331534773111 84.20509292930365 365.1199891343713 0.8497429341077805 541.1553588733077 100.5631281733513 3.863257527351379 305.7854761257768 129.3656860813498 277.5913469418883 6175.835665434599 2778.872288517654 0.2101251482963562 551.9477860704064 36.11968679726124 1642.570121057332 1.326518535614014 227.5007586404681 41.87811514735222 915.613224864006 70.89456298947334 131.8104571327567 233.2769172042608 10.69919005781412 2.638401567935944 0.4190330728888512 0.1032861620187759 1.862214349210262 1.159700356423855 0 0.1639014482498169 10.79228220134974 0.725232258439064 2.679125510156155 0.7223474904894829 0 1.050611138343811 0.6334704831242561 0.6697024069726467 0 0.5035665556788445 0.3171252012252808 0 0 0.2402911931276321 0 0.09065923094749451 1.431667193770409 20.57016130536795 0.3852360844612122 0.313015028834343 6.739638283848763 26.03811068087816 1.681265957653522 1.991933718323708 0.7445018142461777 0 0.2175932377576828 0.3277183994650841 0.8255683779716492 4.114084035158157 0.7667714208364487 0.4731603711843491 0.8456346020102501 0 0 0.2932764738798141 0.09337178617715836
0 3.562483012676239 0.4017344787716866 39.70279242098331 1741.460092760623 692.6654946431518 15.87298162281513 26.82275696843863 720.8378040343523 67.3374731913209 0 1615.92675345391 0.9488115310668945 0.7347153127193451 309.2429536581039 0 0 0 0 165.7463268041611 0.09934712946414948 30.31668547540903 0.4380211383104324 540.1997202262282 0.9521144554018974 0.4267611131072044 4.971900328993797 15.99202374368906 5.446610100567341 0.134173795580864 0 311.6943353414536 0 1.514268383383751 32.49848595261574 66.50826354324818 0 4.587266802787781 1.409052073955536 1108.260522633791 60.09434603154659 0 0 0 0 0 1.279731199145317 0 0.8337709307670593 2.526846319437027 0 0.8555016815662384 2.322681993246078 0 4.485118329524994 0 0 0 0.5740271508693695 0 0 0 0.3564743548631668 0.4132894203066826 0 0 1.895041793584824 0 0.1114792004227638 0 2.161148242652416 0.08291313797235489 0 0 0 0 0.09744508564472198 0.3898803889751434 0.4369247928261757 0 0.07975667715072632 0 18.42421519756317 0 0 0
1.011577606201172 122.2430934980512 4.129287526011467 1.546787187457085 0 2.411719597876072 84.2341241762042 3.080507151782513 150.4035856127739 16.55498388409615 3.77670668810606 0 1.859454736113548 1.458541303873062 0 3995.112941324711 15.71993488073349 2.461250096559525 4.447130888700485 0.2812861949205399 2930.107253357768 3468.247295357287 2398.572188042104 3103.059357590973 28.01675798743963 17.95628134906292 3392.719900734723 2087.870140954852 6.474584527313709 78.63950346410275 0.2147443890571594 0 2.199286751449108 31.7068308442831 7.126565530896187 1021.859027504921 419.7521860226989 315.0152862370014 433.217486962676 51.79431825876236 5.785186789929867 2.616811573505402 11.45666161924601 1.01738465577364 6.325646787881851 18.42913531512022 0.5159144699573517 0 0.5398241057991982 34.01595322042704 2.338086843490601 22.9137062355876 2.678941167891026 0.0843559205532074 0 0.2351292967796326 4.947515353560448 0.2039638683199883 2149.25713070482 2.484541334211826 0.3041992634534836 0.6200789958238602 0.1378909051418304 478.5234963074327 750.721503674984 1787.379735000432 448.0735951885581 0.4155051559209824 4.401420317590237 259.8138649910688 382.1772193983197 6.540588080883026 59.78472309559584 0 0 1.986572198569775 2.103363081812859 2.12591864168644 66.94178637862206 14.78020222485065 11.72260254621506 6.422299228608608 4.983571872115135 0.363750196993351 0 0
105.7795333489776 110.3085835278034 5103.205401331186 3.118042811751366 1.825605355203152 31.12482898682356 213.1145474687219 455.5051365420222 0.9781541004776955 91.12204069644213 227.3985905721784 1.15171967446804 3.397891342639923 329.1474321857095 0 15.71993488073349 2437.059372775257 359.7461653351784 3412.830773256719 2.421068325638771 1479.507677584887 17.51491970568895 4295.149022109807 18.58121057599783 2.85637854039669 5652.000711746514 5707.360647201538 143.76370857656 406.9959288835526 1712.440226010978 0.6457586586475372 6.336870856583118 27.29773359000683 2221.764720357955 30.05642755329609 1488.413280285895 1691.151860564947 3791.733271770179 1142.465030834079 51.84666971117258 14.3704980686307 2.290035106241703 14.65475355088711 0 25.48574297130108 129.3742043673992 0 0 0 1.035318940877914 0.09787027537822723 0.7224929332733154 0 0.2070231586694717 0 0.7306513786315918 0.2206279411911964 0 10.59748451411724 4.807110995054245 0.628201998770237 1.521076515316963 0 1.490154251456261 4.214471779763699 24.90601969510317 2.99823110550642 0.2631919234991074 74.34756062924862 326.4513446688652 6.27455248683691 0 0.3501791507005692 0.3010017722845078 0 0 0.6930859088897705 15.02009007334709 6.802004493772984 29.88258522748947 3.130550131201744 3.595127314329147 0.2952084541320801 0 0 0.1684888303279877
7.92170874029398 6.809693343937397 58.79180380702019 0.6965078413486481 5.765224196016788 11.76670692116022 11.52734426409006 52.99853011593223 0.7643262147903442 13.89720296859741 1728.510530538857 2.992755874991417 138.6859353929758 37.88799171149731 0 2.461250096559525 359.7461653351784 219.6571088284254 944.2889647111297 2.442137084901333 36.66758730262518 1.933878690004349 111.2245534881949 2.150040857493877 9.9833794683218 3478.182386957109 1130.748400256038 10.90390076488256 49.60630340874195 49.57665418833494 241.6190481260419 12.56926115602255 2.61863599717617 1554.108024664223 17.85197864472866 1291.936227947474 1783.91430054605 3206.414228916168 815.3065399825573 21.07638012617826 11.11261760443449 57.23829616606236 8.596718698740005 0 5.337171413004398 2.184075005352497 0 0 0 0.4913342446088791 0 0.2686558216810226 0 21.78292059898376 0 39.70900492370129 0 0 0.6366152465343475 0.293385773897171 19.07476892322302 27.67099557816982 0 0 0.3873403370380402 0.2602753713726997 0.5026767179369926 15.58894757181406 94.36881941556931 136.2307861223817 0.6080233007669449 0 0.2528287023305893 38.89389398694038 0 0 0.220583364367485 14.06774986535311 18.21404530853033 10.98222178965807 0.8959221765398979 0.8491572067141533 0.712139829993248 0 0.379455029964447 0
68.05482121556997 48.42129687219858 422.3067628070712 0.6508696898818016 1.492403484880924 15.56498182564974 42.10124628245831 271.9633886888623 0.5391228049993515 25.77073137462139 623.2840827181935 0.7192869484424591 7.728047043085098 216.7331534773111 0 4.447130888700485 3412.830773256719 944.2889647111297 3370.286750167608 1.047259941697121 339.3800863847136 2.759905852377415 820.5444052740932 4.213982902467251 5.48682776838541 3756.180390685797 1734.386222727597 28.58334568142891 271.4365074187517 396.1491777151823 4.358809627592564 3.218737237155437 18.62050944566727 3322.735239654779 21.16754111647606 1527.588345423341 1201.646656528115 2967.995134048164 691.3827920407057 33.82353879511356 6.040625035762787 2.4953837916255 9.771302245557308 0 7.520706057548523 14.93790195137262 0 0 0 0.4023872241377831 0 0 0 2.058664709329605 0 3.460394583642483 0 0 1.221762530505657 1.097403660416603 3.853324621915817 16.043766066432 0 0.6485909149050713 0.3696927353739738 3.805735036730766 0.4410082623362541 1.039715938270092 51.72892226278782 117.063281096518 0.6715539619326591 0 0.3520717918872833 3.882878445088863 0 0 0 7.460480071604252 7.32047276198864 12.56668142229319 3.455067284405231 2.135029837489128 0.7488935738801956 0 0 0
1.530648782849312 0 4.261216841638088 3951.015107490122 16.78501932322979 541.5433699265122 75.21780095994473 415.6773428097367 538.529542170465 3244.726464092731 11.50661376863718 7980.929083377123 2.727886751294136 84.20509292930365 165.7463268041611 0.2812861949205399 2.421068325638771 2.442137084901333 1.047259941697121 665.8165851309896 0.8604269474744797 0.1368152797222137 4.939455591142178 873.5310142636299 0.2504314631223679 4.723549038171768 3.669195614755154 2536.197590477765 121.2160677462816 2.477204598486423 0 23.59118693321943 0.2928140759468079 100.7924629822373 9.778620094060898 600.5428824648261 8.730878084897995 261.7768502309918 44.06909394264221 1322.673641823232 34.85674419254065 1.519707098603249 5.94860702753067 0.319183737039566 0.2298184484243393 0.09537246823310852 202.1913309767842 0 6.337867878377438 177.1803124919534 16.4937810972333 47.17464906722307 236.3647230416536 0.7972394749522209 84.34048019349575 0.1061544865369797 4.953635632991791 5.840953305363655 0.30317123234272 0.1042121052742004 0 0.08693715929985046 163.4281064346433 0.3136092275381088 0.2290842235088348 0.1286768168210983 364.997710570693 0 0.2177586406469345 1.962892293930054 379.8299863412976 3.522933125495911 1.914403297007084 0 0.2617162615060806 0.5062734335660934 3.479340612888336 0.8102386593818665 18.8670751452446 0.5512908697128296 7.622762687504292 1.428641192615032 137.8921506926417 0.9479513391852379 0.1358683854341507 0
123.1532362997532 17.45220049470663 842.2357093691826 3.020503982901573 1.061617963016033 29.16779705882072 595.4268452376127 505.8030715733767 189.2199438139796 125.2374402135611 17.91074013710022 0.5880772024393082 5.248582482337952 365.1199891343713 0.09934712946414948 2930.107253357768 1479.507677584887 36.66758730262518 339.3800863847136 0.8604269474744797 10930.82796622813 494.6469618529081 22094.241980277 509.431963339448 6.09728816151619 261.5814969167113 656.7776072621346 2881.040999688208 471.8997057750821 12356.79882463068 0.1246193945407867 7.250931218266487 37.12324333190918 2515.742541946471 34.15825589001179 6666.059289440513 1668.636809460819 5735.277198292315 4008.958394594491 351.776392839849 43.92880678921938 4.449527986347675 64.37234742194414 1.012403212487698 1.769856691360474 11.32218036055565 1.338566392660141 0 0.404109999537468 40.24371203035116 2.557840242981911 34.34991212189198 2.24415984749794 0.5440379679203033 0 0 3.481633253395557 0.3078434318304062 518.0635303258896 2.287061378359795 0 0 0.2111691832542419 398.6468347832561 315.9359078630805 106.9992024451494 518.2285027951002 0.4153102189302444 2.194320738315582 31.29272305965424 464.0938246622682 14.13121989369392 95.22709666192532 0 0 3.100929044187069 4.959929846227169 10.13759025931358 28.87480642646551 1.853144131600857 9.955104969441891 5.429525792598724 2.715170040726662 0.705589160323143 0 0
0.1364618241786957 2737.404554925859 7.829873964190483 1.068029791116714 0.4823462069034576 1.926653511822224 32.11525576561689 1.814608164131641 2357.264126092196 5.335531316697598 74.36427157372236 2.165754064917564 77.98972039669752 0.8497429341077805 30.31668547540903 3468.247295357287 17.51491970568895 1.933878690004349 2.759905852377415 0.1368152797222137 494.6469618529081 1845.863864138722 649.0606073215604 8228.492206923664 1100.71731363982 49.79926487058401 5470.855420067906 790.031877271831 1.327710814774036 4.469666182994843 8.835729449987411 0 0.1117939278483391 8.939371474087238 0 31.03382425755262 17.45213558524847 18.66724841296673 11.48330476135015 105.0623850896955 0.3676856607198715 13.20497595518827 0.2611734867095947 0.2613325715065002 20.22559788823128 29.72117654979229 0.3509951010346413 0 0.09962868690490723 19.6380407884717 1.316196024417877 21.59139686822891 1.609843984246254 1.499074205756187 0 5.896483235061169 1.711515039205551 0.3885491117835045 1388.987114183605 1.993132933974266 0.346232533454895 1.417776711285114 0.4399620816111565 268.025374494493 94.06010346114635 805.9141618311405 284.7629322111607 1.860918551683426 8.704542115330696 606.6886318102479 173.951234318316 2.848788037896156 40.0127791762352 1.197062216699123 0 1.42197597026825 3.613328628242016 1.088772535324097 19.89539721608162 7.677769273519516 7.893922187387943 8.829247452318668 3.382723517715931 0.1045630797743797 1.463938221335411 0.1871445626020432
163.8278023153543 42.17008922994137 7152.991993561387 7.265018090605736 2.995502114295959 72.62213699519634 1448.153924882412 747.7224299162626 55.41860274970531 262.1634315773845 33.16215275228024 1.564394250512123 10.56931552290916 541.1553588733077 0.4380211383104324 2398.572188042104 4295.149022109807 111.2245534881949 820.5444052740932 4.939455591142178 22094.241980277 649.0606073215604 17060.72242114693 914.5530474260449 3.489896342158318 2988.360246248543 10637.33274825662 4776.175797209144 471.1469651460648 6392.547507219017 0.6588971018791199 9.897593945264816 23.97847616672516 2550.885092541575 115.8270097449422 9246.213065773249 4559.171938695014 8507.868761964142 8792.058086469769 812.2352333888412 138.8365518972278 12.92971616983414 135.3675509318709 1.047874189913273 29.0093006119132 90.02768326550722 0.2478675693273544 0 0.09591838717460632 42.91071426868439 1.00967226177454 13.0122549906373 2.763118207454681 0.09605220705270767 0 0.5966450795531273 4.92247311770916 0.2448257058858871 2233.277160175145 5.743602529168129 0.1463344395160675 1.79986073076725 0.2952999770641327 307.832694798708 483.2476992532611 2202.083750516176 312.1492305696011 0.571263924241066 10.43870395421982 860.7071401774883 251.7926525995135 4.28841882199049 30.73052947223186 0.4120194390416145 0.1095713600516319 0.2808228805661201 2.469428665935993 40.33452545106411 104.9749590158463 29.8852049857378 11.59017207473516 19.71782860159874 2.061219811439514 0.3590929284691811 0.1036767363548279 0.371404305100441
20.43819480389357 900.1548251360655 8.731417663395405 2059.554411686957 9.585483394563198 58.72276694327593 1472.21894569695 180.9197459965944 12109.4732260555 882.004162594676 20.8344409763813 158.2858804315329 13.83621972054243 100.5631281733513 540.1997202262282 3103.059357590973 18.58121057599783 2.150040857493877 4.213982902467251 873.5310142636299 509.431963339448 8228.492206923664 914.5530474260449 11485.798875615 304.5266584977508 29.11308958381414 1953.568734847009 8320.69329418242 261.0584300756454 49.8902732655406 1.985833302140236 5.202891536056995 31.71786173433065 143.4374109879136 12.89203257113695 1180.066301584244 68.28792040795088 357.5556451231241 182.2504190951586 1026.690243177116 18.4211585521698 2.781360894441605 19.06453981250525 20.46589554101229 6.759626306593418 15.49793893098831 253.6130962222815 0.4532998874783516 10.38724085688591 976.4533952400088 75.80900531262159 1067.695639304817 354.1241766810417 3.340896613895893 81.72665037959814 1.167107373476028 88.35508361458778 11.73896075040102 310.35539239645 1.351583585143089 0.4890442937612534 0.3716572821140289 199.8981139063835 175.4724945276976 245.7945001572371 110.8514138460159 3430.170545734465 0.7116940543055534 2.718569695949554 97.05966880172491 2961.649171933532 109.9388698004186 187.3317834734917 0.2382377684116364 2.428386673331261 10.24522851407528 41.63056362420321 1.59369558095932 260.7991904988885 4.439284645020962 83.3383889682591 23.55280889570713 116.606173209846 6.446717351675034 0.2337696924805641 1.804146476089954
0.5564047247171402 2025.074213080108 0.3736946061253548 0.343735471367836 3.407501146197319 3.719773694872856 2.419746927917004 4.83498415350914 112.4722008779645 2.631100587546825 1245.170345902443 0.2958856821060181 3785.779768489301 3.863257527351379 0.9521144554018974 28.01675798743963 2.85637854039669 9.9833794683218 5.48682776838541 0.2504314631223679 6.09728816151619 1100.71731363982 3.489896342158318 304.5266584977508 1182.713028728962 402.1213660240173 5280.930925615132 25.98473230004311 7.430688582360744 0.3777058571577072 217.5034825354815 7.406263291835785 0 619.4991870671511 0 11.69681244343519 434.9342465698719 393.3553906157613 38.14776173233986 13.19130782783031 31.55765780806541 498.6894159838557 1.290186047554016 0.09441635012626648 254.3099497109652 15.81638975441456 0 0 0 0.5781009942293167 0.1116143763065338 1.012453012168407 0 164.3762690350413 0 814.5235624089837 0 0 12.92162515223026 2.083779416978359 31.21047052741051 90.62132558226585 0 2.12704299390316 18.95079555362463 17.56021876633167 5.588664062321186 164.231364145875 235.9673291817307 1071.223667621613 4.162978947162628 0.07330943644046783 0.1543860137462616 223.8840414509177 0 0 3.449513755738735 0.4833190143108368 6.202508293092251 80.69697903841734 5.350245743989944 1.90850206464529 0.2771426886320114 0.8207381367683411 20.35878659784794 0
78.65239997208118 320.0136287212372 8630.180469207466 4.648555561900139 5.61859492212534 46.60317733883858 379.740059427917 579.6283428147435 6.117484092712402 126.7779493033886 3295.026594012976 2.280229046940804 393.9314383417368 305.7854761257768 0.4267611131072044 17.95628134906292 5652.000711746514 3478.182386957109 3756.180390685797 4.723549038171768 261.5814969167113 49.79926487058401 2988.360246248543 29.11308958381414 402.1213660240173 36799.22373089194 17369.20569924265 135.3601395860314 291.8791942596436 490.2143722996116 586.0517698675394 12.9090870693326 14.4625853523612 1703.060333959758 49.39834780246019 2806.160217724741 7745.061107032001 3381.173477821052 949.9838053509593 59.3166837990284 15.7352271899581 104.1893240362406 18.10684503614902 0.4123701229691505 393.6759060248733 505.804042480886 0 0 0.1271772831678391 10.60464518517256 0.6304525583982468 2.221146278083324 0.4410872459411621 257.2593238800764 0.1007663011550903 652.2074314206839 2.698455639183521 0 26.91739294677973 67.3308342024684 247.4311433285475 729.8865760564804 0 6.90943518280983 12.55466768890619 48.16956391185522 10.27749916911125 301.8297245278955 2215.727012895048 5148.715044036508 16.08629078418016 1.814030535519123 11.23048684000969 485.1393076851964 0 0 16.8419082313776 23.75474844127893 98.49865212291479 712.57494225353 111.4926935359836 44.06857933104038 1.52040209621191 0.1052731946110725 1.586755469441414 0.505535364151001
24.66241046786308 7597.09788735956 9906.658814840019 8.552401907742023 2.223187044262886 39.00924030691385 543.4014920666814 271.5125326886773 366.0401440113783 168.3553298786283 2308.429359167814 1.412624508142471 2098.951664462686 129.3656860813498 4.971900328993797 3392.719900734723 5707.360647201538 1130.748400256038 1734.386222727597 3.669195614755154 656.7776072621346 5470.855420067906 10637.33274825662 1953.568734847009 5280.930925615132 17369.20569924265 25524.63528990746 1208.526391603053 113.1627097949386 223.3974338397384 380.8782271817327 5.123118370771408 8.64618281275034 1600.963109128177 85.99937530606985 4276.833264321089 3412.789734184742 5025.340508505702 1846.929436646402 202.1289489194751 37.70533838868141 85.16171695291996 37.85595546662807 1.674804076552391 3226.863491885364 2899.416515789926 0.1318341344594955 0 0.4857402220368385 78.1517885401845 4.649227157235146 21.12978713959455 3.873543754220009 194.9005498811603 0.1261305212974548 457.0942266061902 9.0271210744977 0.1202690899372101 1754.150722019374 156.206504188478 123.4689635336399 714.6933814808726 0 174.5291835740209 1166.823407873511 2877.590919598937 269.9564422518015 397.2075987309217 2938.756941743195 17679.66228237003 330.2294658198953 4.093833208084106 40.82410952448845 299.8646217063069 0.07816459983587265 0.6159943416714668 35.23561420291662 41.52437670528889 284.4662057459354 996.572688870132 266.450142800808 151.3135222792625 10.22758839279413 1.785944186151028 9.748898081481457 0.8709494844079018
63.10374940931797 76.67514965683222 272.0224226638675 3511.085426874459 4.66274656355381 393.6560371592641 20160.11960019916 500.5536657199264 1517.264983519912 7765.638740062714 16.58796511590481 1130.39996163547 7.647338792681694 277.5913469418883 15.99202374368906 2087.870140954852 143.76370857656 10.90390076488256 28.58334568142891 2536.197590477765 2881.040999688208 790.031877271831 4776.175797209144 8320.69329418242 25.98473230004311 135.3601395860314 1208.526391603053 24323.67312759906 743.4400988444686 10753.73200106621 0.3757154643535614 15.3472288697958 112.7724483683705 866.5488581433892 58.97749506682158 5888.161948829889 352.5629465728998 2201.935871191323 1094.30943556875 476.4899068027735 58.27365984022617 3.073066055774689 62.58455842733383 34.23292933404446 8.163892112672329 16.35370284318924 257.7446327656507 0.4886787310242653 19.70293053239584 1275.473978377879 94.03701760992408 702.0519445389509 374.5387894958258 5.275825832039118 89.5276625752449 0.570000484585762 129.1451232470572 10.17388351261616 251.6896379739046 0.9546986222267151 0.8833109885454178 1.282428681850433 176.6929104030132 125.690107986331 180.8630453720689 106.1478751376271 3648.739210531116 0.459793396294117 4.304425023496151 133.3015749081969 3465.90858849138 164.9841275662184 387.0763593614101 0.2528128772974014 2.260584756731987 17.75535496324301 50.22797802090645 6.854665890336037 290.413605235517 6.105912625789642 100.6047426685691 28.61013876646757 107.388426952064 6.941396407783031 0.08724001795053482 1.873252384364605
