614.5625949129462 0 8.033735744655132 6.923272505402565 0 6.637430444359779 1679.477319419384 703.3238935470581 4.014120250940323 59.40993924438953 21.21852287650108 0.4553785547614098 0.7166470363736153 8359.238699488342 0.08802239596843719 0.5073678493499756 52.47790770977736 6.574022971093655 15.14654002338648 1.006378248333931 12.93222253024578 0 13.41838803142309 59.68432823568583 0.1309378743171692 43.1997799128294 14.65172620862722 104.3487658947706 3398.172966852784 2091.133112452924 0.745554007589817 6.005498632788658 63.90579523146152 93.98389378935099 0 37.0512648075819 0.4730591624975204 74.74324730783701 17.17042227089405 2.378729179501534 0.1079514846205711 0 1.771590277552605 0 0.1344685107469559 0 1.073460876941681 0 0 0.1618782728910446 0 1.237402752041817 0 0 0 0 0 0 0.1779494285583496 0.4680957198143005 0 0.1281807273626328 0 0 0 0.3966295719146729 2.130850940942764 0 0.5187141224741936 2.000984229147434 3.874566346406937 0 0.70974200963974 0 0 0 0.7411439418792725 0 2.199156850576401 0 0.8940947949886322 0 0.4934081137180328 0 0 0
0 272.8390718698502 653.1323177963495 1.310712367296219 2.611056968569756 1.072666615247726 7.325987130403519 1.158762015402317 1002.98046284914 1.864363610744476 89.68103823065758 11.51295398175716 1014.283778421581 2.942182645201683 19.06879731267691 277.5707378014922 196.6792063191533 11.33056204020977 57.02928847819567 0.83018808811903 27.92536254972219 3379.717174232006 160.9208480790257 1743.157652787864 2395.531463183463 677.4345703497529 7994.595332548022 42.44561045616865 4.117243327200413 4.677949197590351 39.65808455646038 0.4371027871966362 0 100.4724271148443 2.775964856147766 254.8777876570821 583.4855356886983 219.3368550539017 44.33760213851929 48.76337562501431 0.3687155544757843 29.30019524693489 1.04405289888382 0 172.3601123839617 286.798603489995 0.1481328457593918 0 0.08990084379911423 3.270401030778885 1.01987898349762 3.137015372514725 0 16.81789718568325 0 56.33543436974287 0.358160138130188 0 8.164763309061527 213.2852449640632 9.288616262376308 138.6186544969678 0.2417277693748474 2.278459742665291 46.48553436249495 31.08179362863302 7.964577488601208 134.9178621023893 532.8810039609671 4197.050552234054 3.616284050047398 0.4076667800545692 3.751268208026886 11.35293358564377 0.09439518302679062 0 17.14132057130337 2.86678946018219 319.4328700825572 103.6696511283517 135.3625666871667 44.75545631349087 12.51375262439251 0.5984254479408264 1.380644232034683 3.70488628745079
8.033735744655132 653.1323177963495 14062.26637907326 5.221100151538849 0 34.34209743887186 1338.979710564017 230.9082136675715 3.003872334957123 109.8500917032361 47.08416391909122 0 6.611209727823734 89.39921096712351 0.1576317697763443 53.81530725210905 6413.763024181128 32.07675460726023 196.7252611592412 0.5623145997524261 1763.430703669786 444.3086175844073 16871.64260306209 60.97921228408813 3.979411035776138 12745.17373457551 20745.76949329674 518.5398792102933 40.02765312045813 259.445017375052 19.11825641989708 1.504147946834564 1.918908357620239 607.2606005296111 31.20135578513145 1486.235446318984 2236.05169390142 2007.879463002086 957.8652942702174 100.0669441893697 12.4419911801815 1.406193524599075 29.94936584681273 0.3877753689885139 370.2821622863412 2040.069281235337 0.4855596423149109 0 0.5605550035834312 18.07626853883266 2.393553279340267 4.487767420709133 2.610118091106415 7.715023547410965 0 3.626347675919533 2.996435105800629 0.3311625793576241 27.10485551506281 991.3344346359372 10.14116606861353 141.9183139279485 0.1318459063768387 11.99167451262474 95.5148753002286 290.3231217116117 40.14978504180908 4.829885385930538 768.8406554684043 4645.848338462412 22.9437612593174 2.703406065702438 18.97976729273796 4.508102275431156 0 0.1363272815942764 53.46446185559034 10.6432219594717 1042.497715033591 239.1471099033952 435.9223570227623 135.9014783725142 35.16897200793028 1.18914595246315 2.238886535167694 7.098027393221855
6.923272505402565 1.310712367296219 5.221100151538849 5440.566086024046 4.630811601877213 149.1994759961963 277.7608141154051 70.14841666072607 869.422620922327 1988.092864878476 8.711074657738209 14337.39908141643 2.867427468299866 46.82921309769154 211.1228936389089 1.685655117034912 0.7802509963512421 1.783925749361515 0.2453465163707733 5188.720468364656 0.8507179021835327 5.468395374715328 3.382877886295319 1766.449247054756 0 3.990143075585365 16.04570756107569 4209.55154440552 56.37708180397749 3.542989790439606 0.506772942841053 8.528410650789738 3.163593098521233 24.60383232682943 1.076164752244949 996.5167141407728 6.22780928760767 120.1473127454519 32.9366492331028 886.2391402423382 12.73149360716343 2.282808430492878 4.111234918236732 0.1341556310653687 0 0.1121252551674843 429.193842433393 0 18.50736636668444 46.98544819653034 1.551791839301586 129.2484648153186 164.776538848877 0.08672294020652771 132.8991930782795 3.59278666973114 2.729195468127728 11.00202897936106 5.729590773582458 0.2908249944448471 0 0 192.8298712000251 2.993288621306419 5.167975910007954 2.447224944829941 320.4828351214528 0 0.124461755156517 3.886707417666912 369.5345980748534 4.89429734647274 5.29921643435955 0 0 0.1414393484592438 1.312767520546913 0 91.26561592519283 2.391393661499023 9.566562175750732 2.504216820001602 150.7044102177024 0.670428454875946 3.139090344309807 0
0 2.611056968569756 0 4.630811601877213 76.98983243107796 534.5864969268441 7.456118732690811 34.31082718074322 91.60789036005735 13.44480472058058 0.8797596916556358 56.55505785346031 0 1.423675291240215 1141.684369936585 0 0.1034377217292786 0.08578930050134659 0 2.804971009492874 0 5.046679243445396 0 28.65670925378799 0.1106937304139137 0.1367143988609314 1.833628334105015 5.292375147342682 392.7529353797436 0 0 186.8352375775576 0 62.94007147848606 0 8.828456349670887 0 17.64552199095488 5.354666382074356 1383.680299885571 237.486145734787 0.2917336225509644 0 0 0 0 0 0 0 0 0 0.6342116668820381 0 0 0 0 0 0 0.2159541398286819 0 0 0 0 0.2462218627333641 0.290617510676384 0 1.017523236572742 0 0 0 1.376860074698925 0 0 0 0 0 0 0 0.3081035763025284 0 0 0 0.1082745119929314 0 0 0
6.637430444359779 1.072666615247726 34.34209743887186 149.1994759961963 534.5864969268441 18140.55381534994 3610.904457651079 7474.75281342119 31.2726396471262 11693.25994194299 146.2795025929809 3653.407956853509 26.4711227864027 729.1415436044335 1585.176443062723 0 21.75674898922443 32.31975290924311 9.216849736869335 127.9366641268134 5.395382158458233 1.112738437950611 67.44428537786007 34.83068359643221 2.133441053330898 95.009032972157 22.71614039689302 172.8852100074291 192.8820557892323 27.90910268574953 9.266286231577396 546.2813473418355 2.899265497922897 334.8145564422011 20.86874780803919 750.0487912669778 24.63179380446672 796.6850077584386 158.851401001215 2518.288119859993 408.2595565989614 18.62051136046648 23.61883756518364 0 0 0 4.841520845890045 0 1.764541357755661 0.5623650550842285 0.1428910195827484 1.262323036789894 1.055266469717026 0 12.79838533699512 0.1025074273347855 0 0 0.6779478788375854 0.1416945904493332 0 0.287667840719223 3.318743646144867 0.1221000999212265 0 3.265852153301239 11.36621868610382 0 0.122966468334198 3.936329536139965 14.55087509006262 0 0 0 0 0 0.68890730291605 0 4.473609119653702 1.397831842303276 2.077352076768875 0.7303454652428627 2.378096625208855 0 0.689560204744339 0
1679.477319419384 7.325987130403519 1338.979710564017 277.7608141154051 7.456118732690811 3610.904457651079 19426.36503648758 6873.544360794127 221.0289086401463 14941.22043254226 118.6683454737067 17.77498812228441 7.11100097745657 9046.2630129233 24.63856610655785 66.98925876617432 338.556834615767 36.85394231230021 61.58285167068243 32.79998032748699 1206.548147395253 98.46240024268627 2500.994017347693 1837.787368245423 0.6692213863134384 1132.443387337029 525.427502848208 29350.57768681645 1106.940961793065 5663.779871150851 7.427979603409767 41.99234213680029 61.88602815568447 328.6099368780851 27.97992336750031 3383.050615690649 179.7886666059494 1648.335437886417 540.3629505634308 270.5781714245677 96.29273310303688 1.980531595647335 44.17908100783825 1.788835540413857 0.5079812258481979 14.29467525333166 76.24567265063524 0 7.29754763096571 59.19973039627075 1.347467638552189 44.70769369602203 73.15457046031952 2.222856774926186 10.20373756438494 0 3.265022903680801 1.67570960521698 142.8469415679574 4.960609577596188 0.565861850976944 0.9788758531212807 43.83315309137106 31.67069657146931 31.00195609033108 119.653336584568 299.0426958873868 0.427977666258812 3.457474693655968 239.29778727144 376.3589580133557 12.11849695444107 24.34398141503334 0 1.909521162509918 0.9728215932846069 2.44451280683279 1.079669535160065 106.5743149742484 5.677408993244171 19.54713450372219 11.13226419687271 10.75979417562485 1.06747330725193 0.9481022655963898 0
703.3238935470581 1.158762015402317 230.9082136675715 70.14841666072607 34.31082718074322 7474.75281342119 6873.544360794127 25241.30142594874 13.1174595579505 4551.573607750237 281.4664401561022 915.6521574780345 31.59373104572296 9259.201290667057 36.42363937199116 6.986100181937218 600.1222801432014 73.80761284381151 198.8978642001748 165.1483132019639 116.7875495627522 0.6552869752049446 491.7882174625993 107.7842267975211 1.507728263735771 846.373111076653 121.541581094265 338.214091129601 543.0218804776669 2880.250583343208 12.78520605713129 702.0534651577473 4.581215336918831 672.5242307111621 11.39858183264732 1276.040686942637 53.8133430480957 1175.318672195077 363.9464581608772 1192.285268835723 529.0655394941568 22.96596651524305 32.19700391590595 0 0.5186180919408798 1.922336980700493 1.607988938689232 0 0 0.1340784579515457 0.303166463971138 1.36568284034729 2.771080553531647 0 0.8711399286985397 1.304320082068443 0 0 5.452846303582191 1.013996094465256 0.1894097924232483 1.572002127766609 1.954215779900551 0.6611931920051575 1.093338489532471 6.031509146094322 11.04426867514849 0.4118781536817551 6.416130147874355 22.70471673458815 12.69506270438433 0.2037270963191986 1.788835287094116 0 0 0 1.532120108604431 0 5.785968117415905 2.774955488741398 1.256758637726307 0.1776062101125717 0 0 1.9555868729949 0
4.014120250940323 1002.98046284914 3.003872334957123 869.422620922327 91.60789036005735 31.2726396471262 221.0289086401463 13.1174595579505 1855.181538701057 325.8277959898114 1.560445599257946 240.3452562689781 16.61854016035795 25.68824787437916 427.2273908928037 140.1155591607094 1.890877172350883 0.4731152653694153 1.677490890026093 349.8213395103812 80.9320996850729 3116.457447625697 44.35518363118172 14275.52591602504 107.3374438434839 44.15135004371405 760.2384685724974 2144.310238301754 132.5598620921373 59.76750330626965 1.424306727945805 3.672749027609825 20.89948605000973 24.86359353363514 2.360357493162155 521.8919378072023 13.20503268390894 139.8872352614999 46.47853945940733 701.7431419789791 15.35193333029747 0.2847445905208588 4.223499402403831 10.70669767260551 0.2520024180412292 1.192847572267056 116.3876746594906 1.59164172410965 12.28645398467779 53.80349677801132 11.21498405188322 142.1247673556209 86.8245405703783 1.832430861890316 72.30005989968777 0.8226207196712494 15.52862084656954 11.26534575223923 446.3849650174379 0.9500557482242584 0.1195183098316193 1.249642543494701 71.61907564103603 107.7081056758761 37.0105155557394 48.28859601914883 1273.626454927027 0.3816647008061409 2.259611018002033 18.77573069930077 702.9321630597115 52.987019918859 100.8925324976444 0 0.2342622056603432 5.193674556910992 7.990017510950565 0.5296319276094437 169.7313395440578 2.36704545468092 37.96326273679733 11.75716556608677 88.75756783038378 1.603047952055931 0 0.9559378176927567
59.40993924438953 1.864363610744476 109.8500917032361 1988.092864878476 13.44480472058058 11693.25994194299 14941.22043254226 4551.573607750237 325.8277959898114 67228.27032448351 342.4667423218489 4277.45237480849 32.82471895217896 4470.142935730517 76.62605170160532 2.922701418399811 20.13977113366127 91.17070379108191 33.68277563899755 6598.501873791218 14.66748557984829 5.365240886807442 152.41230622679 815.5054814144969 2.804244756698608 178.6620416715741 100.2205380946398 5214.287839122117 1261.130762368441 33.6392897516489 21.37885943055153 179.4751156270504 33.28922613710165 909.3455478101969 61.8106352314353 3081.075116880238 69.66529864817858 2816.59957998246 384.1139974743128 589.8081826791167 176.4868972599506 13.78087767213583 68.05140113085508 0.7741845846176147 0.1436136215925217 0.9402660131454468 364.976291783154 0.3884359300136566 23.62584348767996 92.11694091558456 1.044153153896332 108.4651417657733 186.5948223024607 0.5762493759393692 97.44113928079605 5.648263156414032 2.684091150760651 11.33923432230949 14.49710074812174 0 0 0.5409624725580215 161.3571934998035 5.902222774922848 1.965786188840866 11.03400571644306 488.8636634945869 1.147061288356781 1.491006389260292 19.79364541918039 567.217556796968 6.404803343117237 13.36694039404392 0 0.2800186276435852 1.750912480056286 2.669466845691204 0 95.008400849998 0.8612712696194649 8.184892371296883 2.467396602034569 111.9668381884694 2.7908805757761 1.593572027981281 0
21.21852287650108 89.68103823065758 47.08416391909122 8.711074657738209 0.8797596916556358 146.2795025929809 118.6683454737067 281.4664401561022 1.560445599257946 342.4667423218489 12365.61405298114 128.8915380463004 1825.508643724024 479.2264636680484 0.8016572371125221 3.382862880825996 242.2162133529782 3743.78656681627 1494.641696184874 41.4000378549099 153.9386463165283 4.088983878493309 53.97679182142019 17.86355536431074 535.7136971205473 2776.384709566832 492.9380318671465 41.67950159311295 1158.230539657176 259.1403753980994 404.8024677336216 389.7731598541141 1.939097218215466 15052.03139679879 19.07436518371105 1038.692390456796 5636.597841471434 6388.956604935229 896.0621371045709 19.66234100610018 71.50887969881296 931.3570433109999 25.8265169262886 0 11.51101468503475 0.8445140793919563 0 0 0 0 0.2238527834415436 0.3476248383522034 0 120.7791036441922 0.3231297582387924 1258.242251887918 0.1263701766729355 0 0.2246948927640915 7.721508681774139 34.94365276396275 76.33370567113161 0 0.2648802697658539 0.2726991474628448 0.5774176716804504 1.741836115717888 232.1620754301548 310.3971091583371 816.8175962120295 1.831971913576126 0 0.7495507150888443 70.73670765757561 0.1227166354656219 0 8.31946973502636 1.227271437644958 27.46879175305367 200.8330326676369 15.61027726531029 5.380880586802959 0.188426211476326 0 147.9086482822895 0
0.4553785547614098 11.51295398175716 0 14337.39908141643 56.55505785346031 3653.407956853509 17.77498812228441 915.6521574780345 240.3452562689781 4277.45237480849 128.8915380463004 12283.04620316625 18.6905878931284 582.1840483173728 1115.243611097336 1.04845118522644 0.6138250976800919 30.21167197823524 9.687991246581078 5300.352946326137 0.5241944342851639 28.14738783240318 0.9405844062566757 1119.20755147934 3.029045388102531 35.39836385846138 31.45868417620659 1957.195919252932 200.7988627329469 1.936259157955647 9.620413161814213 133.745497867465 1.733472973108292 304.177688896656 20.51801831275225 1894.543626464903 16.21483179181814 867.7738414630294 96.72896402329206 3604.516008302569 105.6498103663325 10.16256625205278 15.20035274326801 0 5.138823769986629 0.1330660432577133 46.35926114022732 0 2.252420097589493 2.804926544427872 0.1455158293247223 28.12393952906132 16.26014794409275 0.2439703941345215 90.54880822449923 0.8571947365999222 0.2969255447387695 2.867177985608578 3.114269927144051 0.110623262822628 0.1175903901457787 0 33.41854614019394 1.574895761907101 8.357469707727432 0.1289095282554626 97.46485620737076 1.071230113506317 0.5686087608337402 5.614775881171227 31.36953961104155 0.3355112671852112 0.6464120298624039 0 0 0 0.28177410364151 0 33.83391441404819 6.336010120809078 0.9894642233848572 0.4075118899345398 61.14662467688322 0 0.7960862964391708 0
0.7166470363736153 1014.283778421581 6.611209727823734 2.867427468299866 0 26.4711227864027 7.11100097745657 31.59373104572296 16.61854016035795 32.82471895217896 1825.508643724024 18.6905878931284 3498.341939985752 50.60354238003492 0.09166555851697922 3.704213239252567 7.058533146977425 48.06766138225794 36.53730306774378 2.911342076957226 15.09779460728168 51.50989252328873 2.494120515882969 27.38765734434128 6419.068558290601 1151.040097266436 3536.490382984281 8.051061496138573 72.41533098369837 4.407810807228088 568.6307379603386 29.8289188593626 0 2772.525321312249 2.350314110517502 343.8909905329347 6539.975892566144 2985.935323871672 204.5547029972076 14.2896885201335 70.1904511526227 1176.17826269567 15.94094075262547 0 77.12141263484955 5.666895695030689 0 0 0.2405568957328796 0 0.5549729615449905 0.7574833035469055 0.4131261706352234 621.4573594033718 0.5342457816004753 5305.500538036227 1.834437526762486 0 1.003841049969196 3.75369630753994 74.54777333885431 59.62106571346521 0 1.087428614497185 4.655286885797977 0.843432143330574 1.058795399963856 1784.695825323462 655.7969908490777 1927.732831969857 0.3969331234693527 2.914657168090343 0.5708991661667824 191.7346546649933 1.82616300880909 0 31.40690724551678 0.1432721167802811 35.01442793756723 749.438873745501 28.92764621973038 7.763306073844433 2.20695835351944 0.8186509311199188 545.0875182002783 4.247781872749329
8359.238699488342 2.942182645201683 89.39921096712351 46.82921309769154 1.423675291240215 729.1415436044335 9046.2630129233 9259.201290667057 25.68824787437916 4470.142935730517 479.2264636680484 582.1840483173728 50.60354238003492 9148.403782092035 4.566294774413109 1.396354407072067 510.9295995756984 97.92041393369436 154.2344956845045 232.4644069373608 91.04809487611055 0.5281255543231964 219.2950688675046 186.1471793875098 2.406582944095135 573.3304599821568 142.1514697521925 483.5054159536958 8763.635153524578 5802.125703841448 21.17744027078152 457.1912160664797 55.96082244068384 1368.60648585856 4.29618950933218 517.9495782330632 38.54810361564159 969.5888268947601 200.6564838662744 137.8490249961615 166.4355564340949 17.51221334189177 8.050320312380791 0.1252198219299316 1.156685940921307 1.54419319331646 2.082961574196815 0 0.354602575302124 4.433414280414581 0.1054205968976021 3.50607455521822 1.541815727949142 0 1.201422244310379 1.491477452218533 0.6818826198577881 0 1.386879988014698 1.682256959378719 0 1.169316940009594 0.8258790969848633 1.280945904552937 0.2925639897584915 0.7296204939484596 19.00879357755184 0.5351220518350601 6.647095762193203 18.69308894127607 24.15019506216049 2.09120312333107 3.588263422250748 0 0 0.3520635068416595 0.2253147959709167 0 8.277388706803322 1.227939277887344 2.197991013526917 1.173651590943336 0.4669742733240128 0.4446605145931244 0.6180224120616913 0
0.08802239596843719 19.06879731267691 0.1576317697763443 211.1228936389089 1141.684369936585 1585.176443062723 24.63856610655785 36.42363937199116 427.2273908928037 76.62605170160532 0.8016572371125221 1115.243611097336 0.09166555851697922 4.566294774413109 797.8168484196067 0.1258434802293777 0 0.2683163285255432 0.203153170645237 74.19950089603662 0 41.53035889565945 0.3889128416776657 338.9123784899712 2.940406769514084 1.516222074627876 18.08932738006115 78.69965408742428 3.434658385813236 0 0 156.4804218485951 0 1.741690307855606 0.4625401794910431 60.11029832810163 0.7856748998165131 5.754104048013687 2.171008557081223 1262.803414002061 3.692483298480511 0 0 0 0 0 0.3598488420248032 0 0 0.1223842203617096 0.3927302062511444 2.457085229456425 1.347329020500183 0.3012509346008301 0 0 0 0 2.615836709737778 0 0 0 0 1.079425230622292 0.5241102576255798 0.2326046079397202 5.174724608659744 0 0.1224533095955849 0 4.887873969972134 0.332494780421257 0.1640223562717438 0 0 0 0.3755500614643097 0 2.191736854612827 0 0 0 0.5973716527223587 0 0 0
0.5073678493499756 277.5707378014922 53.81530725210905 1.685655117034912 0 0 66.98925876617432 6.986100181937218 140.1155591607094 2.922701418399811 3.382862880825996 1.04845118522644 3.704213239252567 1.396354407072067 0.1258434802293777 5052.599196150899 15.94617266207933 0.4702983796596527 1.504852212965488 0.1405384689569473 3204.201884798706 3107.564165703952 7621.150182776153 2319.559429116547 21.52545714378357 114.086875975132 5980.424842365086 1414.73428992182 2.434469953179359 100.8654433861375 0.2094749510288239 0.1955886483192444 0.4763990342617035 27.09722469002008 9.940772257745266 2165.292562663555 750.1580936461687 352.360548146069 247.6363379359245 94.052291482687 5.687798649072647 1.448746636509895 14.67833416163921 0.3064942359924316 5.352090135216713 35.49978774785995 1.769911199808121 0 2.196029901504517 13.48231936991215 1.209521219134331 45.96026282757521 1.499071627855301 1.381179973483086 0 4.916380308568478 1.251844488084316 0.7451961636543274 4776.100674673915 10.60683491826057 0.3326608538627625 4.286243200302124 0.2733069062232971 539.201594658196 1054.693417072296 1836.341234773397 191.4122852534056 0.2156544327735901 5.94822895526886 991.9549608081579 262.0375150442123 10.13157752156258 149.4770460277796 0 0 1.864694759249687 6.57059420645237 0.1830386072397232 114.6533004567027 28.10570298880339 22.99297712743282 12.44863379001617 3.055808141827583 0.7437557578086853 2.726424098014832 1.01192781329155
52.47790770977736 196.6792063191533 6413.763024181128 0.7802509963512421 0.1034377217292786 21.75674898922443 338.556834615767 600.1222801432014 1.890877172350883 20.13977113366127 242.2162133529782 0.6138250976800919 7.058533146977425 510.9295995756984 0 15.94617266207933 1095.893825478852 451.4671366140246 5878.657855883241 0 3450.511212058365 49.8331663608551 2866.362092152238 11.16965747624636 3.573163285851479 2785.365058578551 3310.671982869506 119.7049213796854 400.6474289894104 2158.365269102156 8.982834748923779 5.20325143635273 9.290234923362732 1824.53968437016 5.647689700126648 979.8039311766624 3968.640134133399 1774.770987465978 261.9824874177575 19.75159494578838 2.701227143406868 3.827975563704967 6.024321042001247 0.344066709280014 96.24613600224257 423.1381311118603 0 0 0 2.683168672025204 0.6084781363606453 1.690254688262939 0.4204887747764587 3.643927007913589 0 4.473230570554733 0.4543366134166718 0 2.361357912421227 309.6556188389659 4.136106081306934 151.1796302944422 0 1.827151671051979 8.299152597784996 37.15491682291031 4.680183835327625 5.964537382125854 571.1590393185616 1484.172569431365 3.903602100908756 0.817722424864769 4.774532809853554 1.364794284105301 0 0 24.43132904917002 3.204780921339989 319.8700244054198 129.5480864420533 137.3277222514153 42.43299050629139 9.845692440867424 0 0 1.167959272861481
6.574022971093655 11.33056204020977 32.07675460726023 1.783925749361515 0.08578930050134659 32.31975290924311 36.85394231230021 73.80761284381151 0.4731152653694153 91.17070379108191 3743.78656681627 30.21167197823524 48.06766138225794 97.92041393369436 0.2683163285255432 0.4702983796596527 451.4671366140246 2656.478398807347 1607.976601198316 11.1624821126461 61.06178441643715 1.418229714035988 22.1118658259511 4.126954615116119 29.28572945296764 2894.387368097901 469.1269116327167 10.18526808917522 210.1471961587667 128.8100770935416 96.77102489024401 37.49916830658913 1.390575602650642 1405.601683154702 8.137636080384254 907.4537063091993 1199.644049197435 2307.678128503263 316.172874160111 10.66233641654253 1.931750699877739 24.90545035898685 8.461905732750893 0 11.60615439713001 3.88449364900589 0 0 0 0.2774076461791992 0 0 0 22.38289451599121 0 79.36467400193214 0 0 0.3489999622106552 3.764983832836151 23.5881477445364 96.2088857665658 0 0.4645462334156036 0.940679132938385 0.184585228562355 1.531007274985313 33.42902727425098 369.334264986217 592.9753018841147 0.807671993970871 0 1.225552141666412 26.60822123289108 0 0 2.240313366055489 1.10653555393219 16.00745067000389 17.18190328776836 15.56810416281223 1.967944070696831 0.1497985571622849 0 0.3367259204387665 0
15.14654002338648 57.02928847819567 196.7252611592412 0.2453465163707733 0 9.216849736869335 61.58285167068243 198.8978642001748 1.677490890026093 33.68277563899755 1494.641696184874 9.687991246581078 36.53730306774378 154.2344956845045 0.203153170645237 1.504852212965488 5878.657855883241 1607.976601198316 3553.403618678451 3.657678551971912 307.1966883316636 5.131044767796993 251.0184802189469 3.590684793889523 33.87706787884235 3542.082498691976 2102.182649791241 16.2532866075635 185.7478604018688 534.7468168064952 94.27597126364708 9.458020083606243 3.079047754406929 3229.340477243066 5.430602423846722 798.1236436739564 472.8769919127226 2205.146015875041 192.9445053339005 7.684810496866703 0.7098058760166168 18.90431716293097 2.663902506232262 0.3018555343151093 38.83337044715881 20.62657679617405 0 0 0 1.083971731364727 0 0.124579019844532 0.1267599314451218 11.47700591385365 0 17.46701334416866 0.1067890301346779 0 0 42.20144561678171 27.79797773808241 237.9120694696903 0 1.641983516514301 0.5578649416565895 5.406022138893604 0.5699577704071999 17.32036679983139 679.2825017869473 1151.998625144362 0.1435031294822693 0.6094686985015869 3.310486875474453 13.77251723408699 0 0 16.7816442027688 1.612428322434425 79.67284237593412 99.20533883571625 42.48432126641273 8.955694153904915 1.360903590917587 0 0 1.441498532891273
1.006378248333931 0.83018808811903 0.5623145997524261 5188.720468364656 2.804971009492874 127.9366641268134 32.79998032748699 165.1483132019639 349.8213395103812 6598.501873791218 41.4000378549099 5300.352946326137 2.911342076957226 232.4644069373608 74.19950089603662 0.1405384689569473 0 11.1624821126461 3.657678551971912 880.3496839255095 0 3.634274065494537 0 426.3316972702742 0.4870487153530121 9.979887843132019 8.495510399341583 3192.126779593527 144.3067070841789 1.450482435524464 2.426262505352497 20.71180515736341 2.082588255405426 100.4684069827199 7.181467100977898 798.1458829119802 10.73780618607998 343.1803377121687 50.15649872273207 528.0490715578198 17.41526593267918 2.277859292924404 11.98921564221382 0.2350573241710663 0 0 88.65232149511576 0.2291823476552963 8.207187332212925 13.32410617172718 0.9144397377967834 43.2570441365242 44.52218057960272 0 40.27578186243773 0 0 1.70606903731823 1.288459181785583 0 0 0 46.52032995969057 0.9244234263896942 0 0.14232037961483 104.595349855721 0 0.1690966486930847 0.1771286129951477 115.4263270422816 1.403479732573032 6.17638373374939 0 0 0 0.7930511236190796 0 29.93223643302917 0.1062894687056541 1.201741367578506 0.4296344816684723 66.40756199508905 0 0 0
12.93222253024578 27.92536254972219 1763.430703669786 0.8507179021835327 0 5.395382158458233 1206.548147395253 116.7875495627522 80.9320996850729 14.66748557984829 153.9386463165283 0.5241944342851639 15.09779460728168 91.04809487611055 0 3204.201884798706 3450.511212058365 61.06178441643715 307.1966883316636 0 16345.08076190948 141.4622739702463 25412.98554518074 555.0254171043634 3.067832455039024 1858.077619627118 711.9848166555166 7844.474408246577 113.5121535807848 11241.9663939923 1.667255870997906 2.41987569630146 12.96744130551815 3417.604021064937 36.77395215630531 13404.53796639293 1161.14272030443 8406.401263333857 2663.079401351511 535.8690661936998 29.7861889898777 18.62998079508543 106.6851475015283 1.343963101506233 1.896914146840572 23.19956200569868 7.532163023948669 0 0.4053127765655518 20.68799338489771 3.464953102171421 77.86178456991911 9.460517093539238 1.91685351729393 0 18.82639223337173 5.385454699397087 1.053466796875 1218.643487751484 8.239177539944649 0.782350555062294 4.076660439372063 4.884778082370758 756.5777590498328 126.0252749174833 205.8237912356853 369.7481685429811 0.8400803208351135 11.68658597767353 127.8247942402959 661.4627154543996 27.26969347894192 321.9453016072512 0.3042565584182739 0 6.007630728185177 18.37429260462523 2.870915591716766 200.0405795276165 23.1838785558939 26.22770721465349 7.977461017668247 5.415036059916019 0.8485354781150818 18.2309365272522 0
0 3379.717174232006 444.3086175844073 5.468395374715328 5.046679243445396 1.112738437950611 98.46240024268627 0.6552869752049446 3116.457447625697 5.365240886807442 4.088983878493309 28.14738783240318 51.50989252328873 0.5281255543231964 41.53035889565945 3107.564165703952 49.8331663608551 1.418229714035988 5.131044767796993 3.634274065494537 141.4622739702463 2427.134543336928 912.4854058101773 8226.484590157866 353.1279907748103 179.7702739909291 6888.57516605407 295.208516843617 4.356970965862274 4.392900593578815 4.803618691861629 0 0.6714411675930023 23.65178117156029 0 198.355617813766 247.3901681154966 86.03577640652657 51.37283520400524 134.8502231538296 0.9229333400726318 1.164447724819183 0.4620273262262344 0 42.29130045324564 433.1828211396933 0.6318107843399048 0 0.147083044052124 7.951758161187172 0.1645437777042389 7.801150716841221 1.631919130682945 0.343629851937294 0.280705600976944 1.63451212644577 0.3161847144365311 0.6002407670021057 1485.02462027967 86.76221790164709 0.7958501130342484 9.078203223645687 0 41.38462478667498 755.539713576436 817.7953763604164 45.46432707458735 1.620720185339451 18.22014488279819 3186.170246869326 28.30099951475859 1.492161102592945 11.87114483863115 0.152505949139595 0 0 16.50564803183079 3.306547239422798 350.3039619252086 75.08413635194302 124.8570885360241 60.82636761665344 21.41198783367872 2.062625110149384 0.6131649613380432 6.605349212884903
13.41838803142309 160.9208480790257 16871.64260306209 3.382877886295319 0 67.44428537786007 2500.994017347693 491.7882174625993 44.35518363118172 152.41230622679 53.97679182142019 0.9405844062566757 2.494120515882969 219.2950688675046 0.3889128416776657 7621.150182776153 2866.362092152238 22.1118658259511 251.0184802189469 0 25412.98554518074 912.4854058101773 32212.60462149233 1079.768247053027 4.801478877663612 982.564178429544 18186.828106381 4788.728601761162 73.43678952008486 1751.745771668851 2.708960726857185 4.17698261141777 5.803364798426628 2333.039904460311 121.3521662577987 17941.71874479949 5188.921964280307 8416.402917854488 4784.296836651862 1301.963193163276 92.72666070610285 6.218708530068398 243.3181434422731 0.6572683602571487 85.65982078015804 1071.077873170376 0.9486556649208069 0 0 20.98470993340015 1.832290589809418 12.99323432892561 0.5250031352043152 2.43095139414072 0.1368911862373352 1.06529276818037 2.089914120733738 0.3339685946702957 3843.51109842211 173.9074839502573 2.491105660796165 14.72692991048098 0.1720087826251984 325.3837575912476 717.8935696184635 2174.47100635618 133.4683249816298 0 47.62987961620092 3707.795966289937 131.9315872564912 4.455664031207561 91.53530299663544 0.2614938467741013 0 0.3262985795736313 31.08035613596439 5.070381253957748 564.6795823127031 100.4348790422082 226.8115440532565 99.26367205381393 29.52734905481339 1.632460951805115 9.741909839212894 3.161820203065872
59.68432823568583 1743.157652787864 60.97921228408813 1766.449247054756 28.65670925378799 34.83068359643221 1837.787368245423 107.7842267975211 14275.52591602504 815.5054814144969 17.86355536431074 1119.20755147934 27.38765734434128 186.1471793875098 338.9123784899712 2319.559429116547 11.16965747624636 4.126954615116119 3.590684793889523 426.3316972702742 555.0254171043634 8226.484590157866 1079.768247053027 15606.98593563586 143.1500798538327 143.9559317827225 3684.070370614529 9822.421160705388 823.1757832840085 374.7137845382094 3.558855079114437 10.57890260219574 123.101083740592 143.4313549175858 18.88192763924599 3474.024027138948 75.29019872844219 924.8788053318858 335.8241267874837 1306.453190200031 68.72225084900856 13.1626593247056 41.73540066182613 24.11645984649658 3.760979801416397 19.47907941788435 424.8311472386122 2.117342062294483 38.55038349330425 313.8571796342731 37.45424684137106 1262.957673855126 359.7667177841067 12.08797147870064 122.1351573467255 6.876036822795868 59.33244433999062 20.70104344934225 1082.338653951883 10.020204231143 1.73170854896307 6.317889615893364 277.4701780453324 440.5273293554783 233.7442746758461 203.3196479305625 3488.59481818974 0.2852296456694603 8.329092964529991 160.9483947530389 3554.593225210905 199.0809681266546 419.9548416212201 0.3549870923161507 3.611880727112293 22.93595795333385 45.40795355290174 3.003654181957245 852.4829977601767 8.846172645688057 165.3061336353421 41.47124661505222 233.7435653954744 15.70145968347788 4.974159479141235 5.420047856867313
0.1309378743171692 2395.531463183463 3.979411035776138 0 0.1106937304139137 2.133441053330898 0.6692213863134384 1.507728263735771 107.3374438434839 2.804244756698608 535.7136971205473 3.029045388102531 6419.068558290601 2.406582944095135 2.940406769514084 21.52545714378357 3.573163285851479 29.28572945296764 33.87706787884235 0.4870487153530121 3.067832455039024 353.1279907748103 4.801478877663612 143.1500798538327 347.8353127539158 520.7431436777115 5576.322075992823 6.528219379484653 4.161881379783154 1.577912710607052 362.6226964220405 1.206475421786308 0 886.1345033198595 0.5099022388458252 211.7730508521199 682.2406743764877 884.8435801267624 40.69030471146107 11.24405887722969 45.60822787880898 1583.944262519479 23.74897764623165 0 41.74867251515388 5.253278240561485 0 0 0.1065915003418922 0 0 0 0 71.26502039283514 0 689.2882066369057 0.4653952121734619 0 0.7967551648616791 2.082167588174343 23.91821073740721 22.31784003227949 0 0 11.05071112513542 3.178194418549538 0.2260712459683418 179.7513470947742 300.8545815572143 1331.615984141827 0.3611142486333847 0.2940007448196411 0 46.57665473222733 0 0 5.531540475785732 0 16.32755860686302 50.95031555742025 16.75485584884882 1.66016249358654 2.7799212038517 0 20.2354012131691 0.2344111949205399
43.1997799128294 677.4345703497529 12745.17373457551 3.990143075585365 0.1367143988609314 95.009032972157 1132.443387337029 846.373111076653 44.15135004371405 178.6620416715741 2776.384709566832 35.39836385846138 1151.040097266436 573.3304599821568 1.516222074627876 114.086875975132 2785.365058578551 2894.387368097901 3542.082498691976 9.979887843132019 1858.077619627118 179.7702739909291 982.564178429544 143.9559317827225 520.7431436777115 38145.39758972824 23239.59181254357 226.1769446060061 491.1935178786516 826.9657338634133 1667.486610785127 39.36297349631786 9.301831550896168 2358.284805610776 25.27393552660942 3988.495191670954 3412.021218061447 5462.387231945992 834.8491348400712 52.87561044842005 5.507534578442574 54.71680038422346 20.17004934698343 0.3313140273094177 466.6999980956316 302.2296813130379 0 0 0.2818482667207718 6.252109184861183 0.7390677183866501 1.955095194280148 0.6874546632170677 72.11729178577662 0.5504036620259285 660.4219801649451 1.604584775865078 0.1289148330688477 7.9271474853158 391.5576091855764 117.5808254927397 1203.106312602758 0.2596022486686707 6.63343159109354 17.54556677490473 40.28518601506948 5.335937701165676 351.1241983175278 3888.507831484079 8398.194165803492 7.066469579935074 2.868314042687416 17.00048630684614 102.7658324465156 0.2659227475523949 0.1119276657700539 86.55920796096325 8.455084234476089 634.8839760348201 506.0012966319919 319.6053699925542 68.15457984805107 18.28711424022913 0 5.402359783649445 2.366168111562729
14.65172620862722 7994.595332548022 20745.76949329674 16.04570756107569 1.833628334105015 22.71614039689302 525.427502848208 121.541581094265 760.2384685724974 100.2205380946398 492.9380318671465 31.45868417620659 3536.490382984281 142.1514697521925 18.08932738006115 5980.424842365086 3310.671982869506 469.1269116327167 2102.182649791241 8.495510399341583 711.9848166555166 6888.57516605407 18186.828106381 3684.070370614529 5576.322075992823 23239.59181254357 41091.64319524169 2698.195882357657 295.0192503556609 266.8611784726381 2262.789982870221 15.02610594034195 8.706281453371048 3333.362566150725 177.4550143927336 11165.19127898663 6130.152378343046 10329.91590258479 4171.866379916668 673.8062144219875 50.51310593634844 65.1884927302599 141.1019246056676 1.907988794147968 2511.282914198935 3335.367852240801 3.829059913754463 0.1258433312177658 0.7052702382206917 54.4928315654397 5.311174616217613 20.5051988363266 7.646891862154007 117.2272609174252 0.625312827527523 758.9717536121607 7.733734652400017 0.9037387818098068 628.0057352185249 1250.186929903924 139.8766167163849 1079.816334165633 1.595140650868416 52.0329490378499 1617.2737121135 1960.060256652534 187.2927563562989 885.9694103375077 3966.131072729826 23325.85958191752 87.10779383778572 8.848519206047058 61.32567897439003 157.1053187474608 0.2336512580513954 1.668731145560741 191.0317772775888 35.717628441751 2157.141161955893 693.7776315137744 1039.46204520762 358.4725331217051 110.1666525527835 3.752219617366791 7.923395782709122 18.14891649782658
104.3487658947706 42.44561045616865 518.5398792102933 4209.55154440552 5.292375147342682 172.8852100074291 29350.57768681645 338.214091129601 2144.310238301754 5214.287839122117 41.67950159311295 1957.195919252932 8.051061496138573 483.5054159536958 78.69965408742428 1414.73428992182 119.7049213796854 10.18526808917522 16.2532866075635 3192.126779593527 7844.474408246577 295.208516843617 4788.728601761162 9822.421160705388 6.528219379484653 226.1769446060061 2698.195882357657 21155.87059504539 1592.538593731821 7843.43507322669 2.172194309532642 13.93931350111961 342.8621988147497 574.9904351979494 45.44693093746901 8811.146793283522 246.6557769626379 2821.718584872782 943.0686466172338 778.6684518158436 133.4554908201098 22.51815989613533 100.1201730147004 31.32412688434124 2.515776768326759 24.26045117527246 504.0212765038013 2.770512200891972 38.03685641288757 321.0227407738566 35.53147861361504 586.8844232708216 455.5941743627191 11.76290707290173 121.6808944195509 13.27160865068436 62.86508781462908 14.28288751095533 620.1487320810556 6.797076381742954 2.716085985302925 1.934964507818222 309.6904238462448 353.01951058954 80.98535772413015 102.2160890027881 2874.801194734871 0 5.766788482666016 149.8285424038768 3607.180559620261 211.6380215138197 627.1442919149995 1.531766533851624 2.366542272269726 24.38970270752907 42.52488140761852 0.37371926009655 819.1522682532668 32.90823719650507 160.1304442360997 47.00600253790617 191.491737537086 15.907091319561 11.76413533091545 4.273720763623714
3398.172966852784 4.117243327200413 40.02765312045813 56.37708180397749 392.7529353797436 192.8820557892323 1106.940961793065 543.0218804776669 132.5598620921373 1261.130762368441 1158.230539657176 200.7988627329469 72.41533098369837 8763.635153524578 3.434658385813236 2.434469953179359 400.6474289894104 210.1471961587667 185.7478604018688 144.3067070841789 113.5121535807848 4.356970965862274 73.43678952008486 823.1757832840085 4.161881379783154 491.1935178786516 295.0192503556609 1592.538593731821 22219.32865060866 9715.415104456246 43.48987155407667 242.6284520030022 5593.118741832674 7227.510926820338 10.27348632365465 495.9777959957719 28.58871185034513 2998.079950340092 375.0583369657397 86.80438517034054 1703.17884901166 5.705309897661209 12.4859716296196 0.5359072685241699 1.780055552721024 0.5174387246370316 5.674866333603859 0 0.1991934180259705 9.288798704743385 1.227775439620018 14.37165956199169 6.231008261442184 0.5459384471178055 0.2209117412567139 1.130180940032005 2.756573304533958 0 7.589409150183201 2.610487945377827 0.5667751953005791 2.290200725197792 2.979704350233078 4.89527266472578 2.267037123441696 2.055233970284462 81.74489209055901 1.482589244842529 10.71422879397869 33.50617931038141 102.314365118742 5.606189362704754 14.37232252955437 0 0 2.056046597659588 0.9147860780358315 0 21.05060986429453 4.988638326525688 6.126638896763325 1.700063660740852 2.588122665882111 0 0 0
