426.5065775364637 0 7.776305854320526 0.8361872136592865 0.2592807114124298 1.406523808836937 744.6562126278877 1440.57442843169 4.767304003238678 15.99016940593719 7.192765414714813 0.463874913752079 0.2202425897121429 7593.875018127263 0 0 24.24618375301361 8.517065174877644 13.74079672247171 0 1.889254406094551 0.191362053155899 11.26864794641733 19.36896659433842 0 21.92265126854181 6.744266472756863 43.85912288725376 2690.127953253686 1259.393337413669 0.120654009282589 6.147381976246834 71.28073494136333 86.17405119538307 1.307629838585854 56.05524801462889 1.565925948321819 211.3180995061994 26.09120447188616 12.50123876333237 8.824518844485283 0.6350230202078819 3.022507794201374 0 0.1500421315431595 0 0 0 0 0 0.1167182102799416 0 0 0 0 0 0 0 0.8484760969877243 0.1008616536855698 0 0 0.8222441077232361 0 0 0 1.221499189734459 0.1399873495101929 0.5020086765289307 0.489023245871067 3.30600955337286 0.4145718812942505 0.8210192322731018 0 0 0 0 0 3.819924473762512 0.147258847951889 0.7890526652336121 0 0 0 0 0
0 372.9399652257562 225.3262594565749 0.6224968880414963 0.3137744292616844 0.1006986200809479 6.435999512672424 3.863890364766121 492.9332466945052 0.3601397722959518 10.7708612382412 2.669546484947205 874.1056085079908 0.8055741488933563 5.40170256793499 246.3065403625369 152.1204906404018 2.622734807431698 64.63945898413658 0 14.70106748491526 3589.284608274698 38.49207044392824 690.8185908868909 3253.240202665329 546.8815164119005 4833.592377759516 13.27942303568125 3.194506101310253 3.118882797658443 18.9733889400959 0.09047030657529831 0 56.34678153693676 1.248622000217438 139.2722828239202 107.3483779132366 168.609291613102 38.71341370046139 8.769784331321716 0 42.48376241326332 0.1712926775217056 0.2834756374359131 361.2307268753648 480.1706970855594 0 0 0 2.503498315811157 0.5115031599998474 2.889353960752487 0.1949942857027054 11.77551417052746 0.1789247393608093 43.72822662442923 0.2720565646886826 0.4374914392828941 3.496121980249882 123.2212337702513 6.192327931523323 73.9716713950038 0 3.657087296247482 49.51632454991341 28.19827166944742 6.781122125685215 247.356588229537 495.7434084042907 3732.792288661003 3.052854657173157 0.9901515990495682 4.922960735857487 11.34105463325977 0.1350511908531189 0.2302800267934799 21.92110478878021 0 210.4564461410046 115.0235257595778 141.954923927784 19.30852742493153 5.489241853356361 0.793804258108139 0.2061488330364227 1.39806267619133
7.776305854320526 225.3262594565749 13213.61034753919 1.51587125658989 0.1512562483549118 81.11676543951035 1140.102713309228 476.1311843693256 41.38532158732414 167.5701372623444 20.25879270583391 0.1473914086818695 4.047879867255688 157.7822265103459 1.2145641669631 61.27545274794102 3362.956996627152 95.2102010846138 169.4644330516458 1.253205053508282 2327.382362216711 320.8951876312494 14369.42358800769 107.3689106330276 5.084277428686619 13915.18618444353 19043.85773362964 523.6259018778801 76.41363646835089 297.1984263062477 18.87216464430094 4.709498934447765 3.719972766935825 419.1448250487447 21.7746889591217 1543.298142939806 2730.571530267596 1829.242236234248 618.3900182843208 61.97756600379944 3.429029278457165 19.63453893363476 9.117597058415413 0.639034777879715 523.0415855124593 1948.766440786421 0.3317494243383408 0.1230771020054817 0 11.0695211365819 1.477293491363525 6.162674881517887 0.8105894029140472 2.557671785354614 0.1409673392772675 5.108076155185699 2.066826909780502 0.612832099199295 10.11122252047062 450.8795132637024 9.741303466260433 112.478454105556 0 12.36716255545616 114.4292934164405 177.9439113885164 26.42647307366133 23.97802259773016 501.6992718279362 4094.862792335451 10.98557429015636 1.567397899925709 11.84338171780109 0.3163697719573975 0 0 43.74931278824806 3.91033660620451 482.3318132609129 139.5978453457355 271.4159972593188 83.56437900662422 13.2767249494791 1.805121243000031 0.3466730713844299 2.612919136881828
0.8361872136592865 0.6224968880414963 1.51587125658989 3373.561270534992 11.61236540973186 201.5555129498243 278.6179349794984 72.56183232367039 607.2341144829988 1343.618251018226 14.63683966547251 12033.02874679863 0.6656148433685303 34.24513325095177 190.0998369529843 1.113666772842407 0 1.82709539681673 0.3235959112644196 4744.913409180939 1.348996758460999 2.036606013774872 6.819188863039017 1383.616130806506 0 4.469275012612343 11.51149763166904 3456.443649202585 50.24384827911854 2.853314965963364 0.8468698188662529 19.47186639904976 0.9512202739715576 42.44977705180645 0.2551943063735962 954.9910673126578 3.097848325967789 102.2119900360703 20.00550795346498 437.972899094224 16.18454373627901 0.7252732440829277 3.611789248883724 1.32820987701416 0.128863126039505 0.7164085954427719 186.4244864284992 0 10.66146088391542 25.99746243655682 1.582531981170177 37.72303362935781 99.01958893984556 0 92.97671213746071 0 0.3672810345888138 2.773348674178123 3.252494685351849 0 0.1301491558551788 0.2674282491207123 91.44593192636967 0.7276639565825462 0.9880095720291138 1.511965602636337 220.3359880298376 0 0.1598814129829407 2.049984745681286 219.7161384746432 4.60462749004364 1.749859437346458 0 0.3253546729683876 0 2.782607212662697 0 285.2917248979211 0.3265458643436432 6.608481928706169 1.087511509656906 89.74761821329594 0.1555530577898026 0 0
0.2592807114124298 0.3137744292616844 0.1512562483549118 11.61236540973186 248.4150715321302 858.0330684036016 5.740702465176582 379.5823412165046 52.409244582057 24.89720774441957 46.12861233204603 207.9654075279832 2.249002024531364 7.232259511947632 1171.497499607503 0 4.028874099254608 2.999895185232162 0.6083526164293289 15.37381087988615 0 1.728934586048126 1.702977508306503 33.70997289568186 1.396472096443176 5.123249880969524 2.902678661048412 6.861684538424015 791.5776455029845 3.015925973653793 1.235795229673386 502.1672027185559 0.2471179515123367 1565.045484900475 0 45.96087885648012 3.179511412978172 219.1677695661783 9.49184088408947 2255.779990486801 330.9732234627008 7.678622797131538 2.703001663088799 0 0 0 0 0 0 0 0 0.2569901794195175 0 0.4674044847488403 0 0 0 0 0.8550021201372147 0.2457442581653595 0 0 0 0.08214583992958069 0.12435432523489 0 0.8301648944616318 0 0 0.6185007840394974 0.4406574442982674 0 0.5044189691543579 0 0 0 0 0 0.5223589539527893 0.2613459527492523 0 0 0 0 0.2681041955947876 0
1.406523808836937 0.1006986200809479 81.11676543951035 201.5555129498243 858.0330684036016 16677.62813702226 2862.341693691909 8202.066190645099 28.22127465903759 12664.43770548701 265.2640496790409 4501.949686534703 22.84466772526503 488.0336556434631 1755.240762919188 1.804600417613983 27.85960680246353 42.48065467178822 14.94423979520798 476.6552097797394 16.74447427690029 0.9168295115232468 91.12678311765194 31.64816960692406 1.574154868721962 119.9536310210824 35.04324156790972 159.3794772177935 505.1823283582926 33.75373627990484 8.781418107450008 978.7426470592618 2.813076913356781 712.348666228354 4.112847909331322 565.8358672782779 46.78343538194895 734.3567988798022 63.69968074560165 3151.479986973107 288.0926953181624 23.28174433857203 14.40602410584688 0.1994599550962448 0.580306351184845 0.3969875946640968 2.537624381482601 0 0 1.083153605461121 0 0.1849084347486496 0.1293683797121048 0.4693249687552452 10.78026460111141 0.5511338114738464 0 0 2.01117080450058 0.7413542866706848 0.1506813615560532 0 0.3723716884851456 0.1203555539250374 0.8994180113077164 1.43473519384861 8.022748976945877 0.282574787735939 2.678356185555458 10.47599049657583 7.569879069924355 2.935589760541916 0 0.5896551385521889 0 0 0.2619587332010269 0.1894481033086777 5.106731832027435 1.380602560937405 0.1793542057275772 0.4208889156579971 0.8779017776250839 0.6624388992786407 0.5363452136516571 0
744.6562126278877 6.435999512672424 1140.102713309228 278.6179349794984 5.740702465176582 2862.341693691909 17455.50080373138 9326.244359560311 468.6608394905925 15077.56650514901 70.81911753863096 13.25629008561373 4.526725240051746 10214.94336307794 15.84358810633421 42.08593754470348 336.0810484141111 51.47783169150352 80.73096142709255 58.34215301275253 663.358217433095 47.4179735481739 2036.983253255486 2032.11009760201 0.1882965341210365 613.5633208677173 573.4424314126372 29531.56089476496 1393.38261115551 5305.313444577157 3.692863568663597 87.77225657552481 38.00304828584194 355.6355888843536 17.53479451686144 3368.370098121464 134.4476233497262 1949.560687176883 488.6309390962124 595.8749719709158 152.0578452199697 5.286898031830788 77.71527653187513 5.622497364878654 3.490000218153 15.54850129783154 102.1065367981791 0.4449330270290375 3.312809444963932 66.84709948301315 9.332203157246113 66.98116767406464 92.3773632273078 0.5669407248497009 20.91569672524929 1.975444912910461 7.327432289719582 0.7626958191394806 58.89205496013165 5.427587129175663 0.1389181166887283 1.179384425282478 60.92512860149145 30.63378101587296 15.25721711665392 51.26909711956978 432.2709586322308 1.036185584962368 8.485188618302345 121.4929465502501 439.6650160476565 26.39292500913143 16.24562337994576 0.1120790541172028 1.473061583936214 2.719149388372898 6.738706335425377 0.272130012512207 159.873513482511 4.612113818526268 20.98416402935982 7.338450230658054 34.48006623983383 2.190799430012703 0.5371996611356735 0.4519171938300133
1440.57442843169 3.863890364766121 476.1311843693256 72.56183232367039 379.5823412165046 8202.066190645099 9326.244359560311 21495.45363350213 26.99655964970589 5769.350406378508 389.7507428079844 1011.794064149261 27.94397683441639 9300.134735882282 56.59875396639109 7.501108922064304 560.0747231021523 128.6086297333241 271.3714448362589 395.0961884558201 154.9806825369596 0.71006178855896 582.8086272329092 112.8193395361304 3.098314337432384 686.7736107409 152.1073827072978 456.2629300579429 1497.881377235055 3688.280374892056 10.55414473265409 609.8389650732279 8.23736048489809 2088.051244556904 13.09901568293571 1084.894490286708 132.5552417933941 1312.785023517907 196.0892017036676 1820.215192228556 409.4057868048549 41.74818386882544 56.34703234583139 0 4.746970944106579 4.15811101347208 4.501969635486603 0 0 0.7653015553951263 0.2361181676387787 0.9246925115585327 1.56520414352417 1.817586973309517 1.828945495188236 2.817488431930542 1.027797937393188 0 2.336726978421211 2.706803433597088 0 1.245947614312172 0.652243435382843 0.5326963812112808 0.984412744641304 6.477337151765823 20.41117391735315 0.714370109140873 9.859542399644852 44.21730338037014 16.5077290609479 2.440202996134758 1.285027168691158 0 0.1044766157865524 0 0.2165591269731522 0 13.31916671991348 2.758286595344543 2.131974890828133 1.296470522880554 2.349101960659027 0.2224587500095367 0.854070246219635 0.6614496260881424
4.767304003238678 492.9332466945052 41.38532158732414 607.2341144829988 52.409244582057 28.22127465903759 468.6608394905925 26.99655964970589 1992.737571597099 272.468526981771 8.999095857143402 184.0137100070715 28.92580184340477 28.09041117876768 318.2198630869389 93.91892804950476 12.843585960567 2.48427190631628 2.527031689882278 312.1507261022925 117.3463003784418 4044.97676871717 77.44564958661795 17027.94339498878 162.3612085953355 29.00474236905575 561.0490920096636 1500.682362630963 128.2236090674996 157.7590686827898 1.027653895318508 5.171274721622467 16.3140029758215 33.63296460360289 12.15749185532331 861.3279776349664 86.06524262577295 309.7464819177985 65.84288016706705 185.8888142928481 26.47688164561987 36.14795091748238 10.42798565328121 18.65657263249159 18.35797274112701 10.55267687141895 185.0750734582543 1.344545684754848 11.27645649015903 41.05834095925093 10.58821272104979 159.518544010818 92.62592205405235 2.925738751888275 174.3776854798198 3.663936518132687 19.36596015840769 8.876740202307701 548.9803698807955 1.384598225355148 0.338033139705658 1.077084541320801 93.54530817270279 177.6105268150568 95.91449995338917 56.086216583848 1411.936942875385 0.3154225796461105 5.474881812930107 51.79029919952154 728.1259570792317 117.1767721399665 57.44403749704361 0.1123001351952553 0.5340099856257439 13.71401549130678 14.65646097064018 1.482168614864349 432.2692506164312 19.1687353104353 32.86941707134247 9.724286779761314 240.1819550991058 2.175068825483322 19.78029292821884 0.8671521842479706
15.99016940593719 0.3601397722959518 167.5701372623444 1343.618251018226 24.89720774441957 12664.43770548701 15077.56650514901 5769.350406378508 272.468526981771 55846.96838549525 268.5406756699085 2836.499879196286 16.40758796036243 2785.6751729846 73.89972887933254 9.447545006871223 29.72496239840984 67.06088522821665 22.52318502217531 5649.54875010252 25.21461395919323 5.136507622897625 207.9167525842786 743.0339542999864 2.363067954778671 178.5883653685451 93.65308747440577 4728.872816413641 1581.934492118657 39.49628762155771 9.002461291849613 276.4344632178545 28.4618396833539 673.3890897035599 18.51038154959679 2252.086617454886 85.89276845008135 2280.178325176239 333.1957642734051 736.452947691083 265.3374480754137 20.66844533383846 49.64065068215132 2.987022697925568 1.357586324214935 2.90465846657753 256.579633295536 0.7618300467729568 10.90565778315067 92.64124271273613 4.66788113117218 77.19484835863113 331.3077595755458 0.9628476500511169 115.4859631583095 0.6495803967118263 3.851362444460392 2.34565756469965 26.15017960965633 0.4213915169239044 0 0 126.8388778716326 7.760132364928722 1.76484626531601 7.70882473886013 492.5262925028801 0.4718524366617203 2.854994103312492 35.40998051315546 497.5628527626395 14.25942286849022 9.367697983980179 0.6154612377285957 0 0.8540486544370651 4.889488533139229 0.1847086250782013 384.265834197402 0.5307372137904167 13.58899691700935 4.724167458713055 108.3858834058046 1.108261853456497 3.225764855742455 0.124185286462307
7.192765414714813 10.7708612382412 20.25879270583391 14.63683966547251 46.12861233204603 265.2640496790409 70.81911753863096 389.7507428079844 8.999095857143402 268.5406756699085 15936.49920332432 219.312470972538 3047.490745283663 187.8589349240065 6.282727651298046 1.581019133329391 232.4485930502415 4740.861942864954 716.3393065780401 86.75611937046051 68.06780878454447 3.785769045352936 99.42969193309546 12.53401952236891 489.2537522539496 2688.156127870083 810.879538461566 36.62419544160366 739.594456769526 79.62764836102724 308.9882348999381 193.62538446486 26.4548619389534 12500.72992428392 29.94400411844254 485.6006013005972 4924.89369828999 6833.407184064388 812.8517193421721 80.23718723654747 46.83485552668571 1386.922846287489 36.18923892825842 0.1296009123325348 7.209864094853401 8.734504848718643 0.177579864859581 0 0 1.049671798944473 0 0.1918532252311707 0 303.3391293659806 0.1473657190799713 804.1406325921416 0 0 0.1510578393936157 3.415016375482082 32.40625007450581 14.89124672114849 0 0.1494442224502563 0.6112643182277679 0.4198781177401543 5.815350458025932 93.57250781357288 338.8735753074288 448.8029981404543 2.917871780693531 0 0 87.02451857179403 0 0 0.9585664421319962 1.590842366218567 26.79459403455257 264.0635601431131 18.47441849112511 2.482605367898941 1.111747264862061 0.8090161085128784 296.6582210958004 3.174837112426758
0.463874913752079 2.669546484947205 0.1473914086818695 12033.02874679863 207.9654075279832 4501.949686534703 13.25629008561373 1011.794064149261 184.0137100070715 2836.499879196286 219.312470972538 9627.532494224608 13.16788697242737 385.650454595685 1828.399964086711 0 0.4195674732327461 31.85695621371269 4.519885368645191 6138.344248265028 0 10.18044517189264 0.4975653439760208 1001.629937201738 1.034101240336895 60.4281429797411 20.55561288446188 1665.546596243978 446.7405024319887 0.4360626488924026 8.645290151238441 239.7333803996444 0.4431924298405647 583.3017646819353 1.999282024800777 1772.559637092054 26.23212438821793 773.4042658433318 52.89811820536852 2789.942616030574 162.8826088383794 8.755871810019016 5.429589197039604 0.5388262867927551 0.5065382122993469 0.1240565404295921 123.2123126685619 0.2689820155501366 23.74076214432716 1.083294376730919 3.107897914946079 4.336137369275093 85.29960884153843 1.525449194014072 213.8465039506555 0.1420733332633972 3.520955339074135 1.424899958074093 1.28855486959219 0 0.4557710811495781 0 44.40278342366219 0.5702537149190903 0.3364297151565552 0 18.28477079421282 0 1.308161459863186 2.214029796421528 22.42031580209732 5.273330189287663 0.1836105287075043 0.339078962802887 1.263741910457611 0 3.261130675673485 0 61.67895547300577 0.6435076221823692 3.669525310397148 0.6432493105530739 36.46283614635468 0.8500269874930382 0 0
0.2202425897121429 874.1056085079908 4.047879867255688 0.6656148433685303 2.249002024531364 22.84466772526503 4.526725240051746 27.94397683441639 28.92580184340477 16.40758796036243 3047.490745283663 13.16788697242737 3701.859241396189 3.799450971186161 0.4855204522609711 7.137475572526455 6.082779802381992 38.05823181569576 8.099563412368298 5.039030484855175 1.218546375632286 153.3513284176588 2.344033166766167 31.50253158807755 8367.214251019061 726.1038218811154 3501.961867280304 2.301257334649563 19.41965211182833 1.088652268052101 802.8403338938951 16.14268563687801 0.1296797096729279 991.9675749093294 7.571202211081982 291.8555281683803 4531.156350903213 2679.898040696979 206.2272973582149 21.36269019544125 79.62301184237003 2116.770873084664 33.51581098139286 0 19.33121283352375 19.89276749640703 0 0 0.138905867934227 0 0.3891395032405853 0 0.1113793402910233 1428.520869217813 0 4056.323498062789 0 0 0.3460713773965836 3.651452153921127 76.92525885999203 25.32831913232803 0 0.122068777680397 1.450261369347572 2.254479095339775 0.2480095773935318 720.0629834830761 1230.34204570204 1676.683233760297 0 0.4985414892435074 0.1344380378723145 445.169004663825 0 0 5.141723960638046 4.88113808631897 42.32990667968988 875.8141082599759 78.18594852089882 12.85122331976891 0.373131588101387 3.330893278121948 1107.053919628263 0
7593.875018127263 0.8055741488933563 157.7822265103459 34.24513325095177 7.232259511947632 488.0336556434631 10214.94336307794 9300.134735882282 28.09041117876768 2785.6751729846 187.8589349240065 385.650454595685 3.799450971186161 11920.89783003181 4.105568900704384 2.446326851844788 305.9013306200504 97.84489121288061 184.9819038510323 366.0517118126154 52.84315022081137 1.767117120325565 224.2618665546179 128.6337523683906 0.4990442097187042 336.1221881657839 78.90781804174185 439.2600163072348 7778.412083886564 4922.085832610726 4.404125578701496 252.2839216478169 27.14646976441145 1081.300694450736 3.56392702460289 355.4445029348135 27.47672069072723 746.2999789118767 114.4482282996178 77.5145478695631 13.65413404256105 1.294658832252026 8.814003214240074 0.4475689604878426 2.102238059043884 1.928908102214336 1.74763085693121 0 0 3.672212168574333 1.015432119369507 2.600489616394043 2.343514502048492 0 1.184910848736763 0 1.440772503614426 0 1.71955931186676 0.6835507601499557 0 0.4996330440044403 1.645655632019043 0 0.7775331735610962 0.7950455844402313 23.5063351392746 0.3512170612812042 5.408505327999592 17.02264835685492 24.55463254451752 3.078208804130554 1.954056330025196 0 0 0.512152299284935 0.2915448248386383 0 10.1976822540164 0.512034684419632 0.4646195620298386 0.7460204362869263 0.8199676647782326 0 0 0
0 5.40170256793499 1.2145641669631 190.0998369529843 1171.497499607503 1755.240762919188 15.84358810633421 56.59875396639109 318.2198630869389 73.89972887933254 6.282727651298046 1828.399964086711 0.4855204522609711 4.105568900704384 389.2707409784198 0 0.1164828836917877 0.3398564606904984 0.225468322634697 152.2293604314327 0 41.05561905354261 1.546720318496227 464.5821368172765 1.87360917776823 1.546763211488724 8.717567950487137 81.25298157334328 9.546070709824562 0.1881745457649231 0.2321677207946777 282.0981452986598 0 19.62948013842106 0.1614535599946976 102.8380979672074 0.6696724072098732 14.48025465756655 0.6624120771884918 1178.704714484513 20.91706705838442 0 0.2211013585329056 0.8417289406061172 0.2393072843551636 0.1424039304256439 0.3143861591815948 0 0 0 0 2.359897509217262 0 0 0 0 0 0 3.726025991141796 0 0 0 0 1.596614338457584 1.606439128518105 1.843297325074673 7.768310017883778 0 0.1234733238816261 0.8840586394071579 5.396520555019379 1.333851784467697 0.2791496217250824 0 0.5097604393959045 0 0 6.885386943817139 4.253333643078804 0.120134249329567 0.2530676871538162 0 0.573401004076004 0 0 0
0 246.3065403625369 61.27545274794102 1.113666772842407 0 1.804600417613983 42.08593754470348 7.501108922064304 93.91892804950476 9.447545006871223 1.581019133329391 0 7.137475572526455 2.446326851844788 0 5218.305939719081 16.42968732863665 1.659677304327488 2.980903498828411 0 4763.282680079341 4209.737350054085 6891.126271024346 2243.604782268405 40.4900634214282 21.80782053619623 6937.210136085749 1635.408658623695 2.633724227547646 52.46561712026596 0 0 0 28.38823211938143 16.56440703570843 2360.505809046328 320.1974568963051 385.1551155149937 271.5503411740065 109.8777932673693 4.365642555058002 2.688575372099876 21.20638861507177 0.5012490302324295 41.72380495816469 71.06248263269663 0 0 0 11.40386199206114 0.7400802075862885 21.4837744385004 0.9320909827947617 0.2135398983955383 0 3.096122577786446 1.369940064847469 0 4728.421870678663 6.664450921118259 0.487033486366272 1.87813626229763 0.2113838642835617 577.507511742413 955.5781433358788 1966.72285296768 187.9686997011304 2.902383640408516 6.955083921551704 1791.317623719573 248.045293353498 9.055677525699139 68.31227431446314 0 0 0.6428689211606979 10.55989973992109 0.4852952361106873 296.7856192439795 50.70273780822754 46.56380598992109 40.13790027797222 8.706933625042439 3.35480909049511 0 3.537895180284977
24.24618375301361 152.1204906404018 3362.956996627152 0 4.028874099254608 27.85960680246353 336.0810484141111 560.0747231021523 12.843585960567 29.72496239840984 232.4485930502415 0.4195674732327461 6.082779802381992 305.9013306200504 0.1164828836917877 16.42968732863665 846.832802131772 236.1267908513546 1600.665144175291 0.9996296763420105 1556.147288873792 86.24731516093016 3857.314601108432 28.77451891452074 4.936614140868187 3317.472325675189 7422.04257773608 138.1467114537954 348.8128652274609 1024.146166227758 6.422081366181374 8.0597283244133 15.16580948233604 2993.75647868216 13.33222264796495 1550.35022649169 2128.202464640141 3044.16341137141 549.9412753134966 55.02508224546909 1.45495593547821 20.48797454684973 6.909248106181622 0.1146764755249023 243.5542007312179 478.004363566637 0 0 0 2.150035113096237 0.3294952437281609 4.195178180932999 0.1261480897665024 4.114430159330368 0 6.507242828607559 0.4174474701285362 0.2572977617383003 3.242390654981136 151.5507702752948 14.27681896835566 112.1578251346946 0 5.908086217939854 18.13880317658186 25.11537526547909 7.945175491273403 31.2249643728137 821.8896360099316 2418.063679240644 2.754251286387444 1.463694185018539 6.57206953316927 5.259146593511105 0 0 22.96978238970041 1.800978876650333 193.4209592193365 188.5783205106854 120.1180818378925 23.93630776554346 4.651847004890442 0 0.6869198083877563 0.8776353746652603
8.517065174877644 2.622734807431698 95.2102010846138 1.82709539681673 2.999895185232162 42.48065467178822 51.47783169150352 128.6086297333241 2.48427190631628 67.06088522821665 4740.861942864954 31.85695621371269 38.05823181569576 97.84489121288061 0.3398564606904984 1.659677304327488 236.1267908513546 1271.651460155845 1290.193184487522 17.05113252997398 138.4486312195659 0.9462410509586334 116.8197559565306 4.650432646274567 21.24896249175072 3083.073161661625 534.3190574645996 19.13124469667673 220.6991893425584 158.9051658213139 118.3576295003295 17.42735949903727 11.55358247458935 1608.424048505723 16.15978018194437 1299.166449673474 2215.473277807236 3041.694771289825 620.6513809859753 50.23502098023891 1.177062198519707 60.9304451867938 8.756432190537453 0 10.53880084306002 11.26213747262955 0 0 0 0 0 0 0 6.678523376584053 0.4189806282520294 22.06036118417978 0 0 0 4.297113806009293 15.40598228573799 10.58654077351093 0 0.4704776331782341 0.5709506869316101 1.715205371379852 0.4966262578964233 12.19477595388889 153.5540815144777 244.7340181320906 0.2960927858948708 0 0.7333891838788986 11.34437635540962 0 0 2.634500972926617 0.691369891166687 26.70749313384295 8.308682136237621 2.603731237351894 0.5062478184700012 0 0 4.070987939834595 4.412437438964844
13.74079672247171 64.63945898413658 169.4644330516458 0.3235959112644196 0.6083526164293289 14.94423979520798 80.73096142709255 271.3714448362589 2.527031689882278 22.52318502217531 716.3393065780401 4.519885368645191 8.099563412368298 184.9819038510323 0.225468322634697 2.980903498828411 1600.665144175291 1290.193184487522 2156.996146589518 3.713587045669556 348.5620109960437 4.484603255987167 504.7283502817154 5.185882918536663 16.14579363912344 3871.422150619328 1737.891287736595 30.72770112752914 317.209142126143 427.468585267663 25.24608817696571 6.479204572737217 16.40845318883657 3665.408678993583 10.7797434180975 1297.473747201264 694.2573747485876 2587.225378498435 449.3778280690312 52.21729921549559 1.661063723266125 10.58412407338619 5.623558834195137 0.834946408867836 91.26319367438555 36.0244801864028 0 0 0 0.4726253747940063 0.1559019386768341 0.2725098878145218 0.2211404219269753 5.73710809648037 0 12.53309537470341 1.761513322591782 0.1155731454491615 0.5083203762769699 10.81608187407255 21.15104749053717 49.05995178967714 0 2.198540963232517 2.591353103518486 8.759505875408649 2.101290620863438 31.43075127154589 651.8717725947499 1135.005591757596 0.76518514752388 0.4543979987502098 2.567762166261673 11.21485155820847 0 0 10.06512735784054 0.9493827819824219 37.36055620759726 60.43352651596069 31.70019054412842 2.539019271731377 1.190560981631279 1.098813056945801 1.281769633293152 0.1450472325086594
0 0 1.253205053508282 4744.913409180939 15.37381087988615 476.6552097797394 58.34215301275253 395.0961884558201 312.1507261022925 5649.54875010252 86.75611937046051 6138.344248265028 5.039030484855175 366.0517118126154 152.2293604314327 0 0.9996296763420105 17.05113252997398 3.713587045669556 1223.472723320127 0 0 1.923057779669762 375.6110500693321 0.5850649774074554 25.49541851878166 7.081934258341789 2861.463881850243 334.2942198142409 0.5625152140855789 3.576751656830311 62.11508738994598 5.45391570776701 191.4816172495484 2.519091814756393 787.7564116120338 19.21337569504976 551.0399359464645 54.38997949659824 611.6979460641742 82.62079355120659 9.836332015693188 10.5357391834259 0.7977983951568604 0 0 73.0860595330596 0.2678456008434296 5.891210734844208 19.81988240778446 1.74383419752121 15.61709305644035 48.48948095738888 0.750978484749794 44.21674391627312 0.9245222359895706 0.7505144774913788 1.049956902861595 1.437105745077133 0 0 0 38.02710020542145 0 0 0.1427416950464249 115.5290679708123 0 0.2434261664748192 1.228696256875992 96.29667592048645 4.712096139788628 2.008193254470825 0 0.1135522276163101 0 0.8039263933897018 0 139.3196927309036 5.948453426361084 0.9180900156497955 0 34.09605039656162 0 0.19097800552845 0
1.889254406094551 14.70106748491526 2327.382362216711 1.348996758460999 0 16.74447427690029 663.358217433095 154.9806825369596 117.3463003784418 25.21461395919323 68.06780878454447 0 1.218546375632286 52.84315022081137 0 4763.282680079341 1556.147288873792 138.4486312195659 348.5620109960437 0 15272.56652754545 141.93922650069 29945.6147518307 350.9585148245096 0.5005269050598145 1364.43643976748 1103.452534899116 7866.389286354184 99.52137644588947 10423.65250498801 3.152646079659462 2.048176825046539 10.60645033419132 3281.490329004824 73.41805773973465 15040.90114433318 827.2877688705921 9710.695631429553 2293.980531312525 568.888404302299 60.22112057358027 10.68698136508465 120.737789735198 3.590757519006729 10.91673427820206 46.74888925999403 0.9404151439666748 0 0 7.046939291059971 0.7467307895421982 33.64799713343382 2.678790420293808 0.1441293358802795 0.1348960995674133 1.959053695201874 2.460280992090702 0 877.5787728950381 8.392826564610004 0.879116989672184 3.72917153686285 0 636.3823717236519 87.02524518966675 191.6610403135419 270.786363132298 1.064268551766872 18.31894396990538 200.9609700515866 513.5313947945833 27.57847917824984 111.2151062637568 1.505162216722965 0 3.999597497284412 13.01298654824495 0 309.4936567917466 13.80547320097685 23.99232239276171 10.3449519649148 0.8607348054647446 1.07720422744751 0.2928388118743896 0.5262826234102249
0.191362053155899 3589.284608274698 320.8951876312494 2.036606013774872 1.728934586048126 0.9168295115232468 47.4179735481739 0.71006178855896 4044.97676871717 5.136507622897625 3.785769045352936 10.18044517189264 153.3513284176588 1.767117120325565 41.05561905354261 4209.737350054085 86.24731516093016 0.9462410509586334 4.484603255987167 0 141.93922650069 3451.549981743097 959.1632319241762 9852.694902531803 1034.192689590156 97.48163921386003 5583.494578905404 180.8089836165309 1.896508730947971 8.563644424080849 6.185439459979534 0 0.3213736116886139 43.85830124467611 5.434208542108536 234.0370413661003 69.71147718280554 171.9400447458029 81.88618202507496 43.36321627348661 1.231395483016968 4.423472061753273 2.95103657245636 1.838844232261181 478.0596974790096 857.8871218115091 0.4079683646559715 0.0949883759021759 0 8.034768991172314 0.8660070300102234 23.27038143575191 0.7681393623352051 1.74039963632822 0 4.214201800525188 1.45470517873764 0.1427164822816849 1950.924045331776 119.5146584808826 0.6853852123022079 11.87492609024048 0 133.1496413201094 748.248817011714 1002.015249989927 93.66188525408506 24.9063987955451 50.84244678914547 4340.329323939979 64.20725340396166 7.272655747830868 23.78580182790756 1.667941302061081 0.1166453808546066 1.2069421261549 56.49450873583555 5.511813849210739 391.8924104273319 83.55878536403179 149.9201442301273 71.65958493947983 17.97632071375847 1.906502395868301 0.2716681957244873 5.446274906396866
11.26864794641733 38.49207044392824 14369.42358800769 6.819188863039017 1.702977508306503 91.12678311765194 2036.983253255486 582.8086272329092 77.44564958661795 207.9167525842786 99.42969193309546 0.4975653439760208 2.344033166766167 224.2618665546179 1.546720318496227 6891.126271024346 3857.314601108432 116.8197559565306 504.7283502817154 1.923057779669762 29945.6147518307 959.1632319241762 27096.78253608197 1726.9029918015 5.362238809466362 1424.278790585697 23002.28084503114 4575.882670693099 130.1863043010235 1801.084311842918 4.553080551326275 5.175694569945335 5.824507415294647 1404.340000830591 174.7798151671886 19545.85691113025 7163.391020096838 8677.570156365633 5011.072482280433 1331.214472137392 62.21791036427021 43.75736498087645 283.9422581344843 1.326333850622177 93.89357037842274 1019.699024230242 0.8351262807846069 0 0 11.99955462664366 1.887351974844933 7.119290418922901 1.259697616100311 1.396848455071449 0.08921352028846741 0.1095858365297318 2.830909505486488 0.3783669620752335 2385.398057706654 127.4975654482841 3.347116708755493 13.02537205815315 0.2720400094985962 252.1147022917867 576.5354605615139 1425.754583097994 86.28616251051426 6.344153590500355 51.40459424257278 3555.197936937213 91.1950832977891 6.127796538174152 36.88079182058573 0.3939233273267746 0 0 45.16677967458963 11.24654646962881 425.6763512417674 90.98208824545145 163.8725004717708 94.01535874605179 9.843370884656906 2.946945250034332 2.056851893663406 4.111088573932648
19.36896659433842 690.8185908868909 107.3689106330276 1383.616130806506 33.70997289568186 31.64816960692406 2032.11009760201 112.8193395361304 17027.94339498878 743.0339542999864 12.53401952236891 1001.629937201738 31.50253158807755 128.6337523683906 464.5821368172765 2243.604782268405 28.77451891452074 4.650432646274567 5.185882918536663 375.6110500693321 350.9585148245096 9852.694902531803 1726.9029918015 13758.12424518168 215.445611871779 58.81221714615822 3779.726465038955 10457.92118371278 585.9254445806146 364.1678867414594 2.672002613544464 12.94903624802828 75.99956498295069 168.2255708575249 11.36950274556875 3540.388474427164 51.55870971083641 948.7570770829916 221.0581450015306 1059.247299902141 70.40908168256283 1.702814005315304 38.7726668342948 89.65220151096582 18.06801160424948 19.67574474215508 531.2427731379867 2.218293808400631 34.93053527921438 341.6149938479066 69.49926044791937 938.375883884728 446.3831235691905 8.26378983259201 211.953691624105 4.993333145976067 105.4393573105335 8.132198236882687 1618.126033350825 6.602468736469746 2.187083870172501 1.876641683280468 306.0781404301524 635.3762658908963 364.5329808518291 281.8722050860524 4652.69888548553 1.528545737266541 14.46518560498953 197.7487184330821 3624.660958200693 491.21939779073 319.9956613257527 0.3400306031107903 10.66695416718721 49.42339380830526 86.43623580783606 6.528844423592091 1873.597773618996 23.74671940505505 199.2189843282104 45.6348289847374 411.1803614795208 20.33117534220219 0.7937245965003967 6.006835207343102
0 3253.240202665329 5.084277428686619 0 1.396472096443176 1.574154868721962 0.1882965341210365 3.098314337432384 162.3612085953355 2.363067954778671 489.2537522539496 1.034101240336895 8367.214251019061 0.4990442097187042 1.87360917776823 40.4900634214282 4.936614140868187 21.24896249175072 16.14579363912344 0.5850649774074554 0.5005269050598145 1034.192689590156 5.362238809466362 215.445611871779 1820.172795645893 249.2781477868557 5701.831124648452 3.02664627879858 2.294338501989841 0.5620318651199341 298.0644575506449 1.668704144656658 0.18880894780159 210.2783001586795 0.3142343237996101 36.97163047641516 258.1447637975216 440.3587415963411 37.47900610417128 4.38652765750885 12.12481683492661 908.7363432347775 13.51113414764404 0 110.7620919942856 9.132762245833874 0 0 0 0.1135781705379486 0.2561581134796143 0.1136472001671791 0.1834609806537628 147.4162462428212 0 601.7080065011978 0 0 1.924102202057838 2.163871966302395 12.74753861129284 8.025695666670799 0 0.2154084369540215 6.525314420461655 2.484175629913807 0.5769691243767738 86.38709191977978 309.6587265655398 1029.701439872384 0.3012467920780182 0.4286881312727928 0.129705473780632 96.9893785789609 0 0 1.329262390732765 0 14.74539233744144 64.30648494511843 19.90316797047853 1.101207762956619 0.3599737882614136 6.509773880243301 90.25703743100166 0.519626259803772
21.92265126854181 546.8815164119005 13915.18618444353 4.469275012612343 5.123249880969524 119.9536310210824 613.5633208677173 686.7736107409 29.00474236905575 178.5883653685451 2688.156127870083 60.4281429797411 726.1038218811154 336.1221881657839 1.546763211488724 21.80782053619623 3317.472325675189 3083.073161661625 3871.422150619328 25.49541851878166 1364.43643976748 97.48163921386003 1424.278790585697 58.81221714615822 249.2781477868557 40013.11657110602 23495.31342367083 218.8256961405277 434.0343549400568 472.0200839564204 972.7571978271008 33.70568261295557 17.62264881283045 2315.692945569754 35.17821266502142 3141.085994467139 3853.247864745557 5258.046658083797 1153.681635029614 127.0818556919694 6.354656748473644 121.0124459043145 23.43880885839462 1.063347049057484 746.2076857611537 351.4713296145201 0.1345836669206619 0 0 2.75888255238533 3.073757104575634 7.484809316694736 0.5018339529633522 57.16600641608238 0.09628875553607941 204.8910030722618 4.190573908388615 0.9349722936749458 3.916266098618507 113.9253811910748 110.8427187800407 273.2295641154051 0 8.402073264122009 21.97992472350597 28.68573221564293 12.34075489640236 271.7652596086264 3208.395118445158 7532.556396469474 5.062171392142773 1.306410133838654 11.70438051968813 102.3004154860973 0.1240111589431763 0 51.43716503679752 1.472388371825218 302.8450036421418 450.1390089094639 201.2993393614888 35.60100542008877 4.554452463984489 3.452632188796997 0.5170711576938629 4.191034503281116
6.744266472756863 4833.592377759516 19043.85773362964 11.51149763166904 2.902678661048412 35.04324156790972 573.4424314126372 152.1073827072978 561.0490920096636 93.65308747440577 810.879538461566 20.55561288446188 3501.961867280304 78.90781804174185 8.717567950487137 6937.210136085749 7422.04257773608 534.3190574645996 1737.891287736595 7.081934258341789 1103.452534899116 5583.494578905404 23002.28084503114 3779.726465038955 5701.831124648452 23495.31342367083 54222.77066997439 2065.865580625832 147.9020410552621 137.3034440726042 2490.869504787028 12.13498367369175 8.417389340698719 2520.078250460327 138.9042005315423 8312.071691475809 7504.936551325023 10421.71568918228 3353.588331021369 508.4391089081764 32.79794756323099 172.8630907908082 104.0972322896123 1.897501431405544 2548.269936844707 4221.91327688843 0.7336931750178337 0.1722692549228668 0 31.44380099326372 10.6915321201086 24.07136142998934 2.370468840003014 218.2769114896655 0.4951305240392685 670.2195365577936 7.593080773949623 1.627653688192368 386.3159364834428 717.815523006022 215.0445942655206 525.1233904138207 0.4239291176199913 60.56559412926435 904.4044496789575 1475.872951164842 97.05880005657673 966.559689424932 5876.423390045762 22838.26266124099 41.34847242385149 9.114102408289909 50.81112094968557 346.3031340315938 0.2475321888923645 0.5265847146511078 218.2874010205269 16.35701222717762 1469.595423296094 945.8769611939788 809.5812554955482 268.836433827877 40.80085735023022 11.05239036679268 8.508506163954735 16.41423705220222
43.85912288725376 13.27942303568125 523.6259018778801 3456.443649202585 6.861684538424015 159.3794772177935 29531.56089476496 456.2629300579429 1500.682362630963 4728.872816413641 36.62419544160366 1665.546596243978 2.301257334649563 439.2600163072348 81.25298157334328 1635.408658623695 138.1467114537954 19.13124469667673 30.72770112752914 2861.463881850243 7866.389286354184 180.8089836165309 4575.882670693099 10457.92118371278 3.02664627879858 218.8256961405277 2065.865580625832 23251.94420307875 1214.372638329864 9384.494828611612 1.91491074860096 29.06720148026943 270.1894649416208 873.0344327017665 30.20411187410355 10159.07375119627 175.9414296448231 3273.088845707476 747.7408225089312 845.4074023813009 159.3692153021693 8.170882694423199 110.5856986790895 53.51719114929438 4.353150390088558 15.97274594008923 406.9301501363516 1.804487064480782 22.34726122766733 246.5172073543072 37.19935593754053 274.2561565563083 309.064983971417 1.487119056284428 127.9170693829656 0 63.18508135527372 6.111742310225964 552.3510307893157 3.162919379770756 1.083750210702419 0.8515623956918716 209.8901699706912 302.1871592700481 69.01518160104752 86.42630375921726 2461.875245220959 0 2.892627835273743 101.2103643044829 2399.142418093979 265.1566635370255 222.7702911123633 0.1253160238265991 6.621159873902798 26.32119148224592 44.34378486871719 0.983282744884491 1211.478449508548 9.773606933653355 116.8573910519481 22.22481110692024 234.2585317343473 17.14950665831566 0.680098369717598 3.378870986402035
