216.3506232649088 0 51.99151547253132 0 4.284330435097218 18.35643192380667 2639.200937256217 590.328940577805 1.973528027534485 10.97908923774958 4.195893600583076 0.2297541201114655 0.2767017781734467 3751.441365532577 0 0 259.9567101746798 3.75828030705452 55.31273147463799 0.3462081253528595 46.2140796110034 0 53.53711174428463 0.5517531037330627 0 75.9907334446907 5.153129048645496 8.240012586116791 1718.529682047665 1653.067000798881 0.08163103461265564 3.919842183589935 2.070173539221287 43.25039022415876 0 13.30115620046854 5.307274959981441 17.29748427867889 2.154075667262077 0.287335991859436 0.2464408725500107 0 0 0 0 0.2459641098976135 0 0 0 0 0 0 0 0 0 0 0 0 0.538756936788559 0 0 0 0 0.6290038824081421 0 0.548548698425293 3.840556666254997 0 0.1619453877210617 0.8407826721668243 6.558104202151299 0 1.206564851105213 0 0 0.2138075679540634 0 0 1.139567047357559 0 0.2584235072135925 0.3901811540126801 0.7632272243499756 0 0 0
0 62.43948994576931 15.76872204244137 0 0.1347372382879257 0 1.23935741186142 0.1363280564546585 393.4674943014979 0.1312686651945114 211.9228236526251 0.1029089763760567 406.7783413082361 0 9.263948075473309 36.7909697368741 7.971917517483234 0.3134133368730545 1.162734940648079 0 1.277299582958221 1664.532817624509 3.247745960950851 714.7656356319785 2084.982996150851 158.6629471480846 3827.634083680809 9.737088069319725 0.252231776714325 0 105.4702534377575 0.1145638450980186 0 18.40059573948383 2.966478109359741 6.612329103052616 44.32502463459969 55.50146225839853 1.492413245141506 13.68610339611769 0.4921038448810577 337.6530250161886 0.4960744380950928 0 24.89574304223061 72.83062139898539 0.1801766604185104 0 0 0.177592858672142 0 0.8448841124773026 0.08841060847043991 2.77594268321991 0 17.19589208066463 0.1087612211704254 0.4379515200853348 12.63997276127338 12.54069786518812 2.521708413958549 0.6628790944814682 0 1.125869482755661 11.60251922160387 1.61360078305006 13.73122470825911 6.090018436312675 148.0526951849461 1310.27003313601 0.9427316710352898 0 0.19691002368927 8.197295695543289 0 0 1.844759151339531 0 12.93098473548889 6.89847132563591 9.90611682087183 3.229036651551723 0.1353288292884827 0 6.414804965257645 0
51.99151547253132 15.76872204244137 2746.502484612167 9.641130164265633 2.164399087429047 185.664181701839 1955.210383236408 352.3512902483344 0.4262225776910782 78.93906437605619 31.08860556781292 1.19185782968998 7.839820891618729 156.6683868467808 0.7752566337585449 13.40305883437395 4512.577175565064 10.66365224123001 187.6921844556928 3.809390142560005 492.8951954245567 9.417647041380405 9814.579382970929 47.2663586512208 4.584215119481087 8155.924033559859 5880.456808499992 1309.615884393454 68.41824988275766 382.3323611170053 0.1475960612297058 3.23902652412653 2.235153034329414 195.9524317905307 21.56688144057989 1930.414830155671 3673.205525279045 1763.890265494585 456.9146477654576 31.03143290430307 4.915185704827309 3.755274206399918 4.323429360985756 0 56.23347106575966 946.398068472743 0.2825247794389725 0 0.1625182032585144 5.037444822490215 0.8474203571677208 5.360831618309021 0.2954259738326073 0.7219263091683388 0 0.1433357447385788 1.363569065928459 0.2931444942951202 74.47413536906242 61.44724982231855 0.1885079443454742 6.062058985233307 0 31.07121104747057 46.068841971457 143.4043185338378 49.49240152537823 1.750857725739479 112.730952732265 2921.904607772827 29.96508460491896 1.440658666193485 11.99571496993303 0.1336180567741394 0 0 9.417541444301605 2.802537575364113 51.81131985783577 12.44430486112833 40.62118857353926 9.498777948319912 1.813956312835217 0 0 0
0 0 9.641130164265633 6124.186440609396 8.070692911744118 21.78686901926994 48.04295343905687 7.013746850192547 1734.450088858604 1753.83668538928 0.361620269715786 1368.906892850995 1.345453217625618 9.486756235361099 223.9869098961353 0.9790433049201965 0.6985355690121651 0 0.6854720711708069 4878.919587269425 2.427818790078163 0.3768783807754517 0.4999705404043198 1525.317685179412 0 2.382985636591911 11.69408698379993 4038.660727381706 75.98276655375957 0.8858574703335762 0 1.539627023041248 8.697747625410557 28.28948104381561 6.855469450354576 390.3733919933438 8.058995865285397 63.095031067729 43.68987440317869 422.1776612326503 23.86737190932035 1.721995458006859 4.115859746932983 0 0 0.3559981659054756 415.4992092847824 0.4374940022826195 14.39269369840622 13.50723142176867 0.8000885099172592 180.6580407246947 232.8903480917215 0.09520334750413895 117.2506151199341 0 0.8643569126725197 7.312839590013027 1.114461869001389 0 0 0 236.2007714137435 0.7458201497793198 0 0.3778032511472702 258.2296973988414 0 0 0.6845034211874008 289.3614308610559 3.271362632513046 3.427549324929714 0 0.3569717481732368 0 1.408575348556042 0 53.44442354142666 0.09776065498590469 5.805148221552372 1.460705116391182 134.3732853978872 0.6137000918388367 0 0.3012993112206459
4.284330435097218 0.1347372382879257 2.164399087429047 8.070692911744118 243.6135955154896 460.058784507215 35.22166112065315 25.42429722100496 80.0116053596139 73.63330081105232 11.42411237210035 169.3202706798911 12.53055012226105 26.07602945715189 1128.832125984132 0 10.95610640197992 0.8227998539805412 3.766571030020714 17.5359307974577 1.67485373467207 1.760173454880714 1.957513079047203 33.09350220859051 0.7991482093930244 6.030124694108963 0.2591486275196075 9.981411039829254 84.9089852720499 13.7858362197876 0 661.7781420499086 0.1089065447449684 135.4210775122046 0 87.63792192190886 4.268526367843151 218.0514682456851 31.6751551926136 1390.251429967582 146.416674554348 7.783620119094849 4.507471635937691 0 0 0 0.5425068736076355 0 0.1802348345518112 3.510916352272034 0 0.1159754917025566 0.2484729886054993 0 1.833813115954399 0 0 0 0.1599380075931549 0 0 0 0.7342333197593689 0 0 0 4.163737386465073 0 0 0 3.186370626091957 0.1016377657651901 0.5763307213783264 0 0 0 0 0 0.9694402515888214 0 0 0.5347364470362663 2.531109027564526 0 0 0
18.35643192380667 0 185.664181701839 21.78686901926994 460.058784507215 8050.01282928884 3493.26402322948 4248.961911767721 53.91436987370253 9236.555196389556 49.37012632936239 3484.195244953036 26.30384364724159 823.0650529414415 2923.260992154479 0 237.8748545572162 12.59578225761652 63.03259608894587 210.8057403862476 80.25889819860458 0.2556904628872871 76.53593169897795 33.15613712370396 3.198495790362358 180.3530787453055 10.93597214668989 480.922390177846 716.7135496363044 142.5468631759286 0.7646391838788986 454.0438394024968 1.597302809357643 325.658780194819 0.6929658651351929 292.9301585257053 23.19335064291954 377.4878383129835 66.9581915140152 2111.599673107266 130.8060092255473 14.19667552411556 5.689868271350861 0 0 0.3291769027709961 28.1239116191864 0 2.254829876124859 12.57781603932381 0 10.6410811394453 13.65560407191515 0.1719727218151093 8.653162561357021 0.6277641654014587 0.9550398588180542 0.6471173167228699 0.8447568565607071 0 0 0.3031229972839355 14.26591035723686 0 0.1682128310203552 0.1155713275074959 41.88702122122049 0.1051600128412247 0.6611353382468224 1.569159731268883 46.19116850942373 0.6274623870849609 4.320910751819611 0 0 0 0.1517024636268616 0 9.116062238812447 0 0.9370295703411102 0.4641910344362259 23.55936968326569 0 0 0
2639.200937256217 1.23935741186142 1955.210383236408 48.04295343905687 35.22166112065315 3493.26402322948 3758.903052009642 4139.953779928386 113.1237511634827 3881.75188934803 33.35848496854305 122.7998239248991 10.08109127730131 7279.80063136667 69.65844144672155 6.156490974128246 333.1488340646029 10.53966039419174 60.55557888001204 23.13322315365076 1691.479414477944 3.396471574902534 871.1606675609946 446.3140784278512 6.79502409696579 584.6321985051036 213.6651267185807 16335.35900046676 1718.984259605408 1816.196708329022 0.855137899518013 35.03144402801991 83.68959445506334 499.7721027806401 50.20803916454315 2124.832014791667 81.36198414117098 1027.781589902937 463.7989374175668 102.0419621542096 149.0010582506657 9.525352597236633 25.9777333214879 0.5402464345097542 0.9402704909443855 9.233453676104546 28.36170735955238 0 4.679160848259926 73.86693893373013 0.9711422026157379 39.31475867331028 18.96876108646393 1.251395270228386 3.794458448886871 3.232515096664429 1.226973712444305 0 26.69232768565416 0.7371450737118721 0.1223211511969566 0.3791725337505341 12.64544682204723 17.34273529797792 3.713830955326557 19.69485865533352 293.5285961963236 0 4.54605645686388 31.62491580843925 340.8159262835979 11.19713809341192 57.98716548830271 0 0.3553037568926811 0.4186518862843513 3.620501264929771 1.484428152441978 44.2484653070569 1.581556737422943 11.3238623291254 4.527740217745304 24.37115356326103 4.161242060363293 3.217663824558258 0
590.328940577805 0.1363280564546585 352.3512902483344 7.013746850192547 25.42429722100496 4248.961911767721 4139.953779928386 5071.816450074315 4.205417886376381 2258.295512288809 44.15696208178997 728.1996777132154 8.134315639734268 5056.364624768496 192.5460757911205 0.2503511309623718 966.8176347240806 16.75739670544863 186.1971378475428 97.13260622322559 207.3322439938784 0 243.1690428704023 6.340114235877991 0.1545848101377487 436.9293969720602 28.87564805150032 69.00011263042688 395.10607060045 1413.568752527237 0 182.2875126004219 3.278980620205402 161.3532814830542 0.7738367542624474 83.74455807358027 24.22911722958088 108.3751667737961 27.80079635232687 223.6018423214555 31.10467233508825 2.031427919864655 0.6813825741410255 0 0 0.5878773927688599 0.8346312418580055 0 0 2.597578108310699 0 1.344568490982056 0 0 0 0 0.2192584276199341 0 3.038432866334915 0.195016473531723 0 0.6085038483142853 0.2290498912334442 1.842667549848557 0 1.208869948983192 19.86034318804741 0 1.928590252995491 3.261883094906807 11.77943673729897 1.451710186898708 6.504483088850975 0 0 0 0 0 4.684822954237461 0.3064956963062286 0 1.254136860370636 0 0 0 0
1.973528027534485 393.4674943014979 0.4262225776910782 1734.450088858604 80.0116053596139 53.91436987370253 113.1237511634827 4.205417886376381 867.0143451243639 509.9112440049648 25.99978253245354 971.2536849454045 33.70042172074318 6.97340726852417 936.0277403146029 31.81040474772453 1.909271731972694 0.1021332740783691 0.3739764019846916 803.7454376146197 14.03324047476053 3646.421384125948 0.7333535850048065 6342.2202758044 202.8296071365476 28.32648915052414 533.7916235402226 2218.851196281612 20.84753615409136 30.62168611586094 12.67188843339682 1.368392340838909 0.8080266192555428 12.93674243986607 2.600326329469681 92.12903451919556 9.21584091335535 26.54438676685095 9.236516132950783 349.3987580388784 7.671096876263618 21.52361896634102 1.631296932697296 1.013820052146912 2.303406961262226 2.183366917073727 318.7812457606196 0.07831930369138718 15.42409817874432 58.02497232705355 2.970762096345425 18.21326266229153 93.93167286366224 1.756766714155674 94.35185346007347 2.410379640758038 3.088285408914089 6.41856824606657 94.48002342879772 0 0 0.295404776930809 129.0361995249987 38.3022412955761 36.19296702742577 10.88857530802488 1049.598844528198 0.7263810485601425 6.042138405144215 15.34177700430155 498.7951538413763 20.44678457081318 40.70660823583603 1.520445145666599 0.8287148475646973 1.367560125887394 5.287786141037941 0.6253235340118408 57.80814059078693 0.565069779753685 14.15603081136942 5.667519219219685 92.27558970451355 1.20315970480442 0.1336517333984375 0
10.97908923774958 0.1312686651945114 78.93906437605619 1753.83668538928 73.63330081105232 9236.555196389556 3881.75188934803 2258.295512288809 509.9112440049648 30216.98195209354 41.97107275575399 4061.105330266058 19.45918928086758 645.1826761960983 314.7348566874862 0.309424489736557 28.86462619900703 11.17726322263479 22.97215870022774 5348.763662450016 32.12877433001995 0.2607366740703583 21.99867776036263 696.2174696400762 5.828523382544518 48.88929912447929 11.31589618325233 3054.897624030709 1288.55845271796 11.32799003273249 1.180821605026722 73.52197717875242 14.18041605502367 671.7275230810046 21.80181377381086 1976.296409517527 48.53427513688803 1301.393450222909 331.7848430275917 456.4976485818624 301.2696413248777 10.63419605046511 38.67654952406883 0 0 1.012429691851139 468.7044067904353 0 25.91630212217569 61.25743735581636 1.333742208778858 136.4646055549383 270.6643087863922 0.3819234892725945 108.6666082590818 0 1.01437546312809 5.814779691398144 1.027038671076298 0.2500455379486084 0.2750953808426857 0.1121462732553482 271.9204924106598 0.2592546343803406 0 0.6275046765804291 433.5727335512638 0 0.9550611078739166 0.8387563973665237 569.7476352229714 5.618345759809017 10.13528323918581 0 1.48320460319519 0 2.026886850595474 0.1672081500291824 99.22628482431173 0.536784939467907 10.29848376661539 1.156406030058861 182.7466190159321 1.494365632534027 0 0.2494578808546066
4.195893600583076 211.9228236526251 31.08860556781292 0.361620269715786 11.42411237210035 49.37012632936239 33.35848496854305 44.15696208178997 25.99978253245354 41.97107275575399 6610.813317134976 59.44812014698982 1289.7840295434 69.49914280325174 1.093259759247303 1.558365747332573 533.0270245149732 3017.945193991065 2012.077147036791 12.28303684294224 37.42095693945885 82.35620027780533 49.33491763472557 37.45895244181156 1160.280486576259 2176.669172666967 506.3407967612147 11.97547812759876 292.3570611253381 34.94020454585552 290.477887570858 109.4607985690236 28.13903276622295 6040.844623707235 38.62274502962828 564.0900357067585 4561.429676316679 7152.320716768503 739.6472374275327 22.37759535014629 59.00763989239931 1274.794185779989 43.19376217573881 0 14.84857608377934 2.134128145873547 0 0 0 0.8431937992572784 0.1149002313613892 1.83936532586813 0 238.2923190444708 0.3588544800877571 1770.428085073829 0 0 1.118453182280064 0 48.96498483419418 4.108311176300049 0 0.08631590008735657 6.368146941065788 0.9275373369455338 6.587466917932034 89.73976838588715 623.0573711767793 517.3681512475014 2.517652750015259 0.824535146355629 0.8233890682458878 346.0969894602895 0.2319096699357033 0 9.246349707245827 15.2092290520668 14.23725732415915 362.8076026812196 31.00916535407305 0.1843870431184769 0.2192585021257401 0 323.4289826601744 0
0.2297541201114655 0.1029089763760567 1.19185782968998 1368.906892850995 169.3202706798911 3484.195244953036 122.7998239248991 728.1996777132154 971.2536849454045 4061.105330266058 59.44812014698982 8162.150297768414 24.640510186553 558.3495586663485 2422.560653306544 0 3.082517690956593 16.96227698028088 22.27774915844202 6114.443187408149 0.4443575441837311 1.998932398855686 1.145510114729404 532.1005590856075 5.953987173736095 19.79594250768423 4.778367944061756 328.8573420867324 1192.777362421155 2.213564962148666 2.103374555706978 119.7983005046844 0.9610365405678749 646.0983017385006 1.750965267419815 1962.279225543141 28.06258660554886 983.451144464314 139.2049919292331 1860.882763497531 163.5685461834073 17.05303312093019 38.42181534320116 0 0 0.1029178202152252 203.62238073349 0.377724289894104 21.18759462237358 23.08307369798422 2.03839048743248 49.91438746452332 147.2698285058141 2.746930480003357 159.0902645289898 0 0.7845635190606117 13.78076632320881 0 0 0 0 143.157843708992 0.1491427719593048 0 0 159.8286823257804 0 0 0.09815197438001633 183.1734811067581 4.012068852782249 3.682677999138832 0 0 0 1.235153153538704 0 214.5227525234222 0.9233663976192474 4.151607885956764 2.163856014609337 376.9950970113277 0.3830329328775406 7.238189935684204 0
0.2767017781734467 406.7783413082361 7.839820891618729 1.345453217625618 12.53055012226105 26.30384364724159 10.08109127730131 8.134315639734268 33.70042172074318 19.45918928086758 1289.7840295434 24.640510186553 1540.530446320772 11.55513408780098 0.8226356282830238 4.05413094162941 13.98944415897131 24.55526547133923 7.157542243599892 5.941165916621685 8.215415738523006 125.1711191534996 24.94583729654551 57.39976946264505 2695.330382071435 160.5373005867004 2474.330420285463 13.99618458002806 41.29779794812202 11.57163295894861 624.3166190236807 64.19853491336107 0 249.3809957802296 110.944605410099 1737.01972797513 2983.202846087515 4714.564781360328 414.7278909385204 59.52348451316357 67.90273890644312 1343.958917669952 36.76155404746532 0 18.12552052736282 1.708632044494152 0 0 0 0 0 1.572848364710808 0 142.3278116956353 0.1227173507213593 1078.007436260581 0 0 0 0.7928972840309143 21.51211041212082 2.382470399141312 0 0 3.924696139991283 0.5999390929937363 4.678949669003487 113.0784122571349 387.6174295172095 380.5934638679028 3.213119231164455 0 0 229.5287984386086 0.1397278308868408 0 15.90523287653923 43.61260885000229 61.71009509265423 192.6666913554072 92.44688934087753 31.1269134581089 0.4406382441520691 5.526325225830078 126.1000420451164 0
3751.441365532577 0 156.6683868467808 9.486756235361099 26.07602945715189 823.0650529414415 7279.80063136667 5056.364624768496 6.97340726852417 645.1826761960983 69.49914280325174 558.3495586663485 11.55513408780098 6306.390280127525 78.78282078355551 0.6858841776847839 774.4240955486894 18.11674365401268 160.1793010756373 98.04980307072401 132.7671791389585 0 173.4212152063847 10.75481702387333 0.2371446788311005 254.9575757980347 20.56185065209866 95.27794594317675 4427.374088734388 3078.984450049698 0.9451807141304016 92.01437568664551 30.10853501409292 379.9756550043821 1.578727602958679 226.3521125763655 24.26513247936964 307.3600024133921 35.58830089122057 233.5213100761175 32.9904871955514 7.254867717623711 2.911917090415955 0 0 0.5180856436491013 1.938575379550457 0 0.1381285637617111 6.9679781422019 0 5.331597179174423 0 0 0 0 0.5666223764419556 0 5.88807575404644 0 0 0 1.12743765860796 8.438052944839001 0.6077256798744202 1.187070466578007 37.65471640974283 0 1.215104892849922 2.824497163295746 37.37650927901268 1.989324532449245 12.1256267875433 0.1020486131310463 0 0 0.568682849407196 0.7971665859222412 4.50039154291153 0 2.256486266851425 1.017439529299736 0 0.3113052845001221 1.226578593254089 0
0 9.263948075473309 0.7752566337585449 223.9869098961353 1128.832125984132 2923.260992154479 69.65844144672155 192.5460757911205 936.0277403146029 314.7348566874862 1.093259759247303 2422.560653306544 0.8226356282830238 78.78282078355551 317.2300047948956 0 0.4233800321817398 0.1958399713039398 0.3935078382492065 166.8728196620941 0.4286771640181541 44.96850535273552 0.2904326543211937 855.8988501131535 4.425346955657005 0.6936073452234268 13.04668211191893 198.8240777775645 189.1108278259635 0 0.1557178348302841 1083.020943336189 0 14.68701757490635 5.61455725133419 209.6383250057697 1.701432727277279 7.533324472606182 1.77153442800045 710.5054179802537 12.25497677922249 1.046749547123909 0.2227300778031349 0 0 0 9.55453796684742 0 1.151110619306564 0.2475056201219559 0 0.7713860496878624 6.6081737652421 0 7.437975734472275 0 0 1.494886010885239 1.222758799791336 0 0 0 7.983645781874657 0.158411055803299 0.4018993824720383 0.2722867727279663 3.643132247030735 0 0 0.2559141293168068 6.814212262630463 0.2638785690069199 0 0.2105034291744232 0 0 0 0 17.70655685663223 0 0.7149209082126617 0 36.09002467989922 0 2.877054691314697 0
0 36.7909697368741 13.40305883437395 0.9790433049201965 0 0 6.156490974128246 0.2503511309623718 31.81040474772453 0.309424489736557 1.558365747332573 0 4.05413094162941 0.6858841776847839 0 1559.653847374022 10.39536027610302 0.3780536875128746 1.125750608742237 0.1351729929447174 3939.193844370544 3909.598006546497 1475.634159892797 1444.035870961845 20.47248134762049 14.11439011991024 3292.947269782424 1474.890336409211 10.09447136521339 28.09871572256088 1.430510766804218 0.1601909995079041 2.336063101887703 34.19846960157156 22.70124323666096 1289.885098941624 539.4038841947913 309.5755790323019 464.2992850393057 27.1460874825716 7.169197753071785 4.035498514771461 4.176783479750156 0.2816817834973335 3.437167048454285 20.69416432827711 0.2212831676006317 0 0.08832584321498871 5.401979617774487 0.2653080970048904 38.94224076718092 0 1.228706836700439 0 0.4262381047010422 1.582777619361877 0 3978.981991522014 6.168813019990921 0.2231421694159508 1.734742179512978 0 763.724890165031 824.4044834151864 1775.428011320531 193.1180487051606 0 5.339259043335915 224.5497130900621 290.1846998929977 3.745108731091022 43.42663571983576 0.2240751534700394 0 0.2601074576377869 3.705222249031067 1.794937118887901 37.0806003138423 3.607312679290771 15.9613154232502 12.40962858498096 0.313997745513916 0 0.1923076510429382 0.2904072999954224
259.9567101746798 7.971917517483234 4512.577175565064 0.6985355690121651 10.95610640197992 237.8748545572162 333.1488340646029 966.8176347240806 1.909271731972694 28.86462619900703 533.0270245149732 3.082517690956593 13.98944415897131 774.4240955486894 0.4233800321817398 10.39536027610302 1415.773997046053 62.57425174862146 1281.903970971704 1.092562556266785 440.0100472345948 8.550479456782341 3491.754770047963 21.00811960548162 10.54692011326551 776.6772271767259 4935.486523479223 301.7441871911287 1416.739040277898 2240.355599611998 2.805359102785587 17.2531978264451 83.44576504826546 3428.236169591546 12.61347548663616 1267.584416732192 4134.043139234185 3370.670772224665 443.0786507427692 16.50030430406332 7.167252384126186 18.2740069180727 3.328146800398827 0 10.5851639509201 236.5468324944377 0 0 0 1.042130291461945 0.09600209444761276 0.4927831590175629 0 0 0 0.2115082442760468 0 0 25.39003722369671 17.0298063904047 0 0.9855832904577255 0 6.675028197467327 10.02100286632776 22.48892740160227 10.0777945369482 0.5573870167136192 80.15166922658682 629.2790585830808 7.566190056502819 0.2323140949010849 1.105055876076221 0.1750623136758804 0 0.1240923255681992 1.933239988982677 2.186517640948296 16.11367257684469 3.901952996850014 7.819637551903725 4.637749195098877 0.3969064205884933 0 1.167603254318237 0
3.75828030705452 0.3134133368730545 10.66365224123001 0 0.8227998539805412 12.59578225761652 10.53966039419174 16.75739670544863 0.1021332740783691 11.17726322263479 3017.945193991065 16.96227698028088 24.55526547133923 18.11674365401268 0.1958399713039398 0.3780536875128746 62.57425174862146 95.59462644904852 1328.346376985312 3.80948082357645 6.668595805764198 0.3666643798351288 7.825618796050549 2.282669514417648 9.991190835833549 723.7951244413853 144.5064614713192 3.784339867532253 70.04472613334656 10.5487525165081 62.04784765839577 15.48070476949215 3.90545792132616 985.1418599262834 7.586185120046139 498.3311102092266 972.4347345232964 1750.820118777454 582.0820747688413 6.82818465679884 3.810186758637428 10.57309728115797 1.490673445165157 0 4.353672698140144 0.3409231603145599 0 0 0 0.2793316245079041 0 0.3583045303821564 0 19.65295097231865 0 159.1054388284683 0 0 0.1470620930194855 0 6.341157726943493 2.153283722698689 0 0.1167493537068367 0.4905091226100922 0 0.9957679286599159 7.657954812049866 299.9059673175216 230.6594052612782 0.7467946484684944 0 0.1883246898651123 121.2914078980684 0.1314312517642975 0 0.6617926582694054 0.9736054688692093 5.369332127273083 4.619076021015644 1.363043867051601 1.330076277256012 0.1965268552303314 0 0.1069122180342674 0
55.31273147463799 1.162734940648079 187.6921844556928 0.6854720711708069 3.766571030020714 63.03259608894587 60.55557888001204 186.1971378475428 0.3739764019846916 22.97215870022774 2012.077147036791 22.27774915844202 7.157542243599892 160.1793010756373 0.3935078382492065 1.125750608742237 1281.903970971704 1328.346376985312 1394.719568550587 3.74709290266037 31.63975487649441 1.610937379300594 73.67239352315664 3.595133394002914 3.952089868485928 1790.317758783698 757.3645684123039 21.03946422785521 410.0233115255833 119.5655867606401 2.886351771652699 16.64364267885685 38.4975411593914 3153.656308397651 7.181415118277073 1362.279783368111 1614.980573065579 3681.198734246194 998.9165235161781 18.34910053759813 3.320084109902382 0.7981269210577011 3.235585935413837 0 1.276853621006012 17.27746972441673 0 0 0 0 0 0.1469502598047256 0 1.118253543972969 0 12.26653090119362 0 0 2.323815986514091 4.712698146700859 1.893418818712234 10.38572122901678 0 0.2685966491699219 0.5322847068309784 0.9768964350223541 2.245610803365707 1.829839184880257 321.5208724662662 224.545754507184 1.873573243618011 0 0 12.52895744889975 0 0 0.4000439271330833 0.2760767936706543 6.543542273342609 1.295085430145264 1.354189097881317 1.896469384431839 0 0.147744208574295 0 0
0.3462081253528595 0 3.809390142560005 4878.919587269425 17.5359307974577 210.8057403862476 23.13322315365076 97.13260622322559 803.7454376146197 5348.763662450016 12.28303684294224 6114.443187408149 5.941165916621685 98.04980307072401 166.8728196620941 0.1351729929447174 1.092562556266785 3.80948082357645 3.74709290266037 1099.815720103681 1.187839545309544 0 1.046549342572689 853.9042625278234 2.292359977960587 4.850449703633785 2.171055696904659 1966.849520035088 259.2233498394489 0.8559259176254272 0.1982793062925339 17.32010472565889 2.332141011953354 156.7540673241019 3.989688411355019 790.8606137931347 13.28932209312916 322.2723671197891 83.53935497999191 328.6775087043643 82.45156636089087 5.142721153795719 9.132545500993729 0.301544576883316 0 0.8886124938726425 484.5689395219088 0 23.68462979793549 54.30446878820658 1.523720145225525 125.6520260944963 297.9763082638383 1.763552486896515 171.99744386971 0.1047989651560783 4.054783210158348 9.055933594703674 0.2560065910220146 0 0 0 278.4533801153302 0 0 1.215006701648235 398.516791574657 0 0 0.2183380946516991 521.9360789358616 6.550789535045624 9.721308290958405 0 0.3529810011386871 0.1075829789042473 4.493117853999138 1.01234795153141 144.9172647297382 0 7.710738480091095 1.583361066877842 308.5317713692784 0.7237722873687744 0 0
46.2140796110034 1.277299582958221 492.8951954245567 2.427818790078163 1.67485373467207 80.25889819860458 1691.479414477944 207.3322439938784 14.03324047476053 32.12877433001995 37.42095693945885 0.4443575441837311 8.215415738523006 132.7671791389585 0.4286771640181541 3939.193844370544 440.0100472345948 6.668595805764198 31.63975487649441 1.187839545309544 10934.05886683613 151.7323550879955 8385.448241077363 104.0993943437934 6.185642756521702 32.74505445361137 1331.810073018074 4423.146682389081 460.8628958687186 7274.028460413218 0.2318878620862961 2.385836765170097 64.53571204096079 2935.643279157579 180.628619633615 7063.779384545982 2724.928455770016 4876.778630785644 3052.177259720862 77.38175309449434 22.44428769499063 9.265104174613953 27.26361089944839 0.3075038343667984 0.5422409325838089 5.916519872844219 0.08644694089889526 0 0.3542995303869247 5.676866121590137 0.2037353813648224 33.4677366912365 0.8517952039837837 0 0.1018711850047112 0 2.000869557261467 0 1611.031544424593 4.565132737159729 0.1866913586854935 0.7317353263497353 0 743.9201256930828 212.1808242127299 799.6473330780864 180.0478096753359 0 1.791041940450668 52.33299425989389 319.528728581965 8.70719663053751 98.14813906699419 0 0 0.985089085996151 1.618972204625607 2.3141800314188 41.55324618518353 3.885904282331467 15.80700397491455 9.425653360784054 0.4430583119392395 0.2722118869423866 1.041988134384155 0.1628373712301254
0 1664.532817624509 9.417647041380405 0.3768783807754517 1.760173454880714 0.2556904628872871 3.396471574902534 0 3646.421384125948 0.2607366740703583 82.35620027780533 1.998932398855686 125.1711191534996 0 44.96850535273552 3909.598006546497 8.550479456782341 0.3666643798351288 1.610937379300594 0 151.7323550879955 716.1236760690808 400.5603574886918 5894.688784152269 899.2255469635129 82.10167893022299 5491.161509692669 182.5987548455596 0.6392358839511871 9.310967147350311 43.01281554251909 0.2438407987356186 0 9.747418858110905 0.2584640979766846 10.86028161644936 23.10970251262188 25.29116313159466 2.83640356361866 147.967010691762 0.4082544147968292 80.8802652284503 0 0.0933576226234436 17.04193136096001 41.13928484916687 0.1056346967816353 0 0 0.6906298324465752 0 4.294595755636692 0.1788521707057953 1.010816417634487 0 9.781343713402748 0 0 1034.062452800572 4.805577300488949 1.458721801638603 0.152823805809021 0.1685377359390259 95.59652208536863 26.72749578207731 228.0834033414721 142.9484951198101 0.6009769439697266 31.05004200339317 1034.25947239995 61.93634002655745 0.3680912554264069 5.490290485322475 4.087624773383141 0.1684871017932892 0 0.6095442175865173 0 8.96434710174799 3.3366968780756 5.05445446819067 1.160303667187691 0.4818821251392365 0 0.8897920697927475 0
53.53711174428463 3.247745960950851 9814.579382970929 0.4999705404043198 1.957513079047203 76.53593169897795 871.1606675609946 243.1690428704023 0.7333535850048065 21.99867776036263 49.33491763472557 1.145510114729404 24.94583729654551 173.4212152063847 0.2904326543211937 1475.634159892797 3491.754770047963 7.825618796050549 73.67239352315664 1.046549342572689 8385.448241077363 400.5603574886918 10270.46511471272 88.22951184213161 17.43355515599251 881.5537285655737 9357.209120407701 2473.534738846123 246.8457458913326 3644.642293035984 0.2882819101214409 1.792643189430237 21.87614860385656 3167.248958162963 218.7010574489832 9529.757724277675 7255.762140423059 9578.733031488955 7168.026354029775 377.9480799287558 108.7330636903644 34.63487829267979 52.93192394822836 0.5393418073654175 1.394299477338791 63.74143152683973 0.1670327037572861 0 0.2196982279419899 13.9042641595006 0.6191862225532532 3.516248442232609 0.7390976473689079 0.3725036010146141 0 0 0.1282550096511841 0 3484.240431748331 5.907225638628006 0.1282501369714737 0.1717950403690338 0.1156082078814507 284.1305933892727 317.4549785330892 2732.002270847559 121.9534216374159 0.3330328464508057 6.80100716650486 722.5893838331103 182.6943394094706 1.875792473554611 20.5726198926568 0 0 0.4974065721035004 3.078938111662865 17.41714246571064 53.61273992061615 8.610538706183434 45.34135100990534 38.55903259664774 1.70136547088623 0.1033217906951904 0 0.4144680500030518
0.5517531037330627 714.7656356319785 47.2663586512208 1525.317685179412 33.09350220859051 33.15613712370396 446.3140784278512 6.340114235877991 6342.2202758044 696.2174696400762 37.45895244181156 532.1005590856075 57.39976946264505 10.75481702387333 855.8988501131535 1444.035870961845 21.00811960548162 2.282669514417648 3.595133394002914 853.9042625278234 104.0993943437934 5894.688784152269 88.22951184213161 4766.13266775012 296.9700465202332 72.28250183910131 4193.814983472228 3808.967447072268 87.24652627110481 150.1068879812956 18.80225285887718 5.040867209434509 15.93589106947184 49.002874776721 17.42516389489174 879.3575516194105 64.86974909156561 178.904418759048 119.4982293322682 733.6820010170341 33.53175596892834 32.8649792522192 3.594425573945045 3.683253809809685 6.532132714986801 31.87729676067829 435.9408645629883 0 29.19513253867626 311.5924671813846 9.207730650901794 984.3453087732196 167.8675391674042 5.110121250152588 70.91036012768745 9.58682432025671 18.05664280802011 5.58628611266613 450.4800701737404 3.877348862588406 2.135797068476677 1.133553311228752 179.6169300600886 345.3539791256189 158.2696397081017 118.2362907156348 2949.390737891197 0.8733538910746574 28.01809274405241 140.7170687690377 2605.737264111638 82.61698135733604 330.3907541707158 3.807423129677773 1.965078935027122 5.735072784125805 27.56622071564198 3.004018247127533 245.7242313250899 8.847221545875072 78.71423229575157 30.00094961374998 134.0019130334258 7.158262796700001 3.250762745738029 2.414847411215305
0 2084.982996150851 4.584215119481087 0 0.7991482093930244 3.198495790362358 6.79502409696579 0.1545848101377487 202.8296071365476 5.828523382544518 1160.280486576259 5.953987173736095 2695.330382071435 0.2371446788311005 4.425346955657005 20.47248134762049 10.54692011326551 9.991190835833549 3.952089868485928 2.292359977960587 6.185642756521702 899.2255469635129 17.43355515599251 296.9700465202332 871.054939776659 202.188089825213 3075.674450784922 11.24425896257162 4.514974355697632 6.538104601204395 701.8628848865628 4.936706848442554 0 262.7430436760187 152.7912801802158 2053.543899133801 1154.211455158889 3260.853629931808 480.8078108131886 88.06423106044531 98.46663743257523 627.5208628028631 27.5895791053772 0 61.64537087082863 3.268684953451157 0.3751826286315918 0 0 1.047123953700066 0 0.2616446241736412 0.9762684106826782 87.39175514876842 0 1277.01439794898 0 0 0.8466316759586334 0.1188567951321602 4.787441298365593 2.723017640411854 0.08811952918767929 0 2.940390691161156 5.886180058121681 2.046462893486023 94.4832121655345 261.6039622575045 471.8207361400127 5.606305167078972 1.533603549003601 0 78.73818545043468 0.5322176814079285 0 3.827017590403557 66.86837768554688 276.1050199344754 57.90439239144325 79.79381189495325 103.7155639901757 0 10.23073494434357 175.5098530948162 4.224536418914795
75.9907334446907 158.6629471480846 8155.924033559859 2.382985636591911 6.030124694108963 180.3530787453055 584.6321985051036 436.9293969720602 28.32648915052414 48.88929912447929 2176.669172666967 19.79594250768423 160.5373005867004 254.9575757980347 0.6936073452234268 14.11439011991024 776.6772271767259 723.7951244413853 1790.317758783698 4.850449703633785 32.74505445361137 82.10167893022299 881.5537285655737 72.28250183910131 202.188089825213 12030.33504491299 12950.04384675622 264.8257853984833 260.2283165454865 199.2330579012632 144.9807929098606 19.25933163613081 5.63052499294281 1000.997059300542 18.59205986559391 3291.5171892941 8293.227295726538 3833.377319291234 1301.279976136982 59.30717927962542 9.779108792543411 37.25256887823343 6.771003521978855 0 169.5577059537172 592.5349742397666 0.1037713885307312 0 0.4583330154418945 2.543371200561523 0.527809351682663 4.654743798077106 0.1127235293388367 74.02312966436148 0.1609079390764236 770.804904282093 0.5551714822649956 0.6699277386069298 19.4079679325223 60.34940195828676 39.71291159838438 196.7135205343366 0 3.682839281857014 33.8080466017127 10.07221061736345 30.86812655627728 205.8241796195507 6226.016931854188 6922.388217948377 6.988078072667122 0.5015299618244171 4.106846183538437 449.7071967795491 0.2984424978494644 0 7.433885581791401 2.352196931838989 66.02787894755602 46.96949801594019 40.27200090140104 12.03519709408283 1.467602491378784 0.152105912566185 12.05717428028584 0
5.153129048645496 3827.634083680809 5880.456808499992 11.69408698379993 0.2591486275196075 10.93597214668989 213.6651267185807 28.87564805150032 533.7916235402226 11.31589618325233 506.3407967612147 4.778367944061756 2474.330420285463 20.56185065209866 13.04668211191893 3292.947269782424 4935.486523479223 144.5064614713192 757.3645684123039 2.171055696904659 1331.810073018074 5491.161509692669 9357.209120407701 4193.814983472228 3075.674450784922 12950.04384675622 26618.41674394906 1874.395934745669 40.30967950075865 44.90287284553051 195.6344760209322 3.380728140473366 4.719521656632423 911.8432499691844 76.28029621392488 6304.257911667228 3009.957083024085 6688.366212405264 2162.901620462537 159.8233468458056 16.38930071890354 46.51479781419039 17.97578857094049 0.2698753327131271 1031.334570921957 2593.325528159738 1.247383147478104 0.1441280543804169 1.227104038000107 20.8269874677062 2.560938790440559 17.46242466568947 0.9593409523367882 45.6831329241395 0.7715144231915474 436.0954010337591 4.296626225113869 0.6607453227043152 1848.415375739336 185.262573979795 26.95587085187435 133.3985928967595 0.3136693835258484 95.96164368093014 530.9910208657384 1999.278405763209 184.4626128301024 466.4426392316818 5857.742619231343 19726.52807237953 190.9091166481376 2.248521760106087 14.00637898594141 214.7031963989139 0.2366441562771797 0.2051742747426033 29.62630568444729 14.20427013933659 214.6799173653126 101.9781767874956 181.879531674087 77.5905150398612 7.185357861220837 0.7594701200723648 15.70300776511431 0
8.240012586116791 9.737088069319725 1309.615884393454 4038.660727381706 9.981411039829254 480.922390177846 16335.35900046676 69.00011263042688 2218.851196281612 3054.897624030709 11.97547812759876 328.8573420867324 13.99618458002806 95.27794594317675 198.8240777775645 1474.890336409211 301.7441871911287 3.784339867532253 21.03946422785521 1966.849520035088 4423.146682389081 182.5987548455596 2473.534738846123 3808.967447072268 11.24425896257162 264.8257853984833 1874.395934745669 12570.97715233266 830.1984550207853 2590.44851192832 0.2515509724617004 11.10505018383265 109.9315003976226 461.1665987670422 165.7073111981153 5568.215675666928 264.2475903257728 1412.562583036721 1066.550098448992 380.3745940923691 181.4295785576105 13.43879565596581 43.98771282285452 6.672586180269718 1.523907504975796 22.66679633408785 876.3842179626226 0.9871139824390411 48.83239087462425 642.7398210316896 11.80406867712736 742.5520881861448 460.1166626140475 17.49152481555939 153.7981019988656 1.810033515095711 33.93418392539024 8.357048749923706 539.3700081557035 5.920549787580967 1.373706303536892 2.397521272301674 356.2848149165511 539.780407615006 111.2941695600748 157.9349553436041 3386.160813368857 0.1820364221930504 9.875203214585781 90.29150279611349 3764.64679569751 118.3343220055103 555.2872056886554 0.1890942454338074 5.193504489958286 8.078098125755787 39.47510159015656 4.596321657299995 395.7750515714288 15.83045592159033 117.410928927362 43.52035897225142 242.4284345805645 12.42461956292391 9.393030017614365 2.488547012209892
1718.529682047665 0.252231776714325 68.41824988275766 75.98276655375957 84.9089852720499 716.7135496363044 1718.984259605408 395.10607060045 20.84753615409136 1288.55845271796 292.3570611253381 1192.777362421155 41.29779794812202 4427.374088734388 189.1108278259635 10.09447136521339 1416.739040277898 70.04472613334656 410.0233115255833 259.2233498394489 460.8628958687186 0.6392358839511871 246.8457458913326 87.24652627110481 4.514974355697632 260.2283165454865 40.30967950075865 830.1984550207853 11322.34695196897 7440.157167471945 4.594827480614185 581.0218572169542 1546.450165726244 3122.054369568825 23.39444113522768 1012.554199397564 240.608678214252 2178.649287842214 234.1626572012901 379.3395669683814 123.4487748295069 19.06326541304588 12.66368866711855 0 0 0.1314636617898941 3.066110596060753 0 0 35.58538126200438 0.07522586733102798 19.08861345797777 5.287962794303894 0 1.688910111784935 0 2.171977952122688 0 29.73629320412874 0.8674467355012894 0.1250315457582474 0 0.7204066887497902 42.31812337785959 4.256308197975159 6.360015116631985 127.0437635108829 0.2571901753544807 1.175713948905468 3.041308708488941 152.524777777493 4.146629497408867 54.2634611427784 0 0 0.2310726642608643 2.678296387195587 2.297280848026276 21.03069838881493 0.4258718192577362 4.24366095662117 3.999653503298759 5.494296163320541 0 2.442165851593018 0
1653.067000798881 0 382.3323611170053 0.8858574703335762 13.7858362197876 142.5468631759286 1816.196708329022 1413.568752527237 30.62168611586094 11.32799003273249 34.94020454585552 2.213564962148666 11.57163295894861 3078.984450049698 0 28.09871572256088 2240.355599611998 10.5487525165081 119.5655867606401 0.8559259176254272 7274.028460413218 9.310967147350311 3644.642293035984 150.1068879812956 6.538104601204395 199.2330579012632 44.90287284553051 2590.44851192832 7440.157167471945 5555.031477063894 0.1900938600301743 17.07643484324217 824.4216518253088 2814.987018957734 222.1272066757083 4109.8513629511 333.6772118583322 2501.807952202857 1238.483275204897 38.15821117907763 84.42728517204523 12.00657247751951 36.27319977432489 1.189804002642632 0.1689778566360474 2.682512022554874 6.061806328594685 0 1.664224594831467 75.92762769758701 2.068818330764771 48.74962772428989 3.647901318967342 9.672792956233025 5.574532732367516 0 4.58146345615387 0 304.6332909241319 1.747699216008186 0 1.435228012502193 2.5862777531147 347.3533171489835 32.89072251319885 80.52644747495651 414.5730612277985 0 2.49029503017664 4.531421780586243 531.310718305409 24.72153548151255 249.5896718725562 0.2035823166370392 0.77053003013134 2.15089613199234 9.349805071949959 4.883997201919556 87.17994805425406 3.321215361356735 17.79545747488737 11.09372252970934 21.78820462524891 1.60591584444046 7.854632139205933 0.9276316910982132
