730.3767000064254 0.9873207286000252 73.08180978894234 5.006146296858788 0.221781998872757 11.81743293255568 2601.242635421455 1473.628882780671 1.535118535161018 72.58566150814295 1.411803215742111 0.6688390225172043 0 5078.123732432723 0 1.085466995835304 25.77185287326574 0 6.621646821498871 1.697761610150337 37.97225104272366 1.848299697041512 81.12441263347864 31.51188607513905 0.2764958664774895 22.40714759379625 18.47838363796473 106.6337946429849 3045.898298546672 3793.442236118019 0 4.142914891242981 24.69185756146908 66.68099374324083 2.55993514508009 103.6244746893644 3.820184618234634 82.17438436299562 25.62877853959799 4.480615250766277 3.680261716246605 0.2005563080310822 0.616837352514267 0 0.143553838133812 0.1073407605290413 0.183519646525383 0 0 2.295399732887745 0.6497957557439804 0.9801185503602028 0.1328404396772385 0 0 0 0.9625819325447083 0 0.8589094281196594 0 0 0.1083043217658997 0 0.3932763338088989 0.7154411450028419 0.2631884813308716 6.916876614093781 0 0.6504668518900871 1.264672674238682 4.233690090477467 0.4377727210521698 0.1597541272640228 0 0 0 0 0.5161482766270638 2.173318564891815 0.1081614568829536 0.4072570875287056 0.3808288276195526 1.763068437576294 0 0 0
0.9873207286000252 56.70065032690763 77.05727177113295 0.1182220503687859 0.2354726642370224 1.51372117549181 6.220481380820274 1.448646560311317 568.6426648721099 0.5910657942295074 96.33015134930611 0 396.3137782886624 4.128995977342129 1.808804541826248 264.6777865588665 77.71191687881947 10.22390589863062 24.64185208827257 0.2629022002220154 17.82839113473892 1782.081243753433 25.43014304339886 799.4602234959602 1341.310040414333 264.0088428035378 3794.316516503692 42.79116640985012 14.15974214673042 8.149928666651249 13.52519393712282 0.2074471116065979 2.383071273565292 109.5279726088047 0 61.08512884378433 81.04999008774757 34.80275427550077 13.31804945319891 18.26228794455528 0.6396612077951431 60.94133952260017 0.1507139652967453 0 146.5682698190212 76.97034917771816 0 0 0 0.6209387555718422 0.08741513639688492 1.77342164516449 0 1.647968322038651 0 11.69919054955244 0.1906949877738953 0 2.981180839240551 19.14806056022644 0.6983574032783508 21.65425479412079 0 1.021225564181805 17.26618406176567 3.648632757365704 4.40013050287962 111.1715990900993 168.0717876702547 641.1419741660357 0.5455329567193985 0.2104337513446808 0.1302137970924377 0.914793536067009 0 0 5.530598893761635 0.3802125751972198 7.56908256560564 13.89326942712069 22.21360175311565 3.319002211093903 0.9147324487566948 0 1.395387977361679 0
73.08180978894234 77.05727177113295 5076.886434808373 0.1683749109506607 0.3102515563368797 37.10313092172146 66.08320052176714 201.5046218782663 0.9807175993919373 1.266784563660622 33.81198447942734 0.07455615699291229 2.941994346678257 97.6436008810997 0.1412425190210342 8.699148625135422 2048.216378137469 9.611394017934799 187.5732314139605 0.3698992878198624 604.7588055878878 19.07712765038013 11632.51206430793 47.32738053053617 10.43609009683132 3157.136194758117 11551.94060850143 129.424745939672 116.6779130771756 807.1086804792285 0.7726022005081177 0.6469549462199211 9.197289161384106 210.9418125674129 6.596520282328129 545.9921327382326 2168.356818191707 807.5061084851623 439.9590994641185 8.674252033233643 1.638429127633572 0.4580818712711334 1.654524318873882 0.2250068783760071 251.3253008723259 831.8053419068456 0 0.1348122507333755 0 3.734297193586826 0.4239023923873901 4.449783980846405 0 1.468990683555603 0 3.928990416228771 0.09135186672210693 0.4345152974128723 8.546516552567482 179.3137135878205 1.285865195095539 68.23364977538586 0 4.82279959321022 144.2158639878035 53.7959793061018 12.78329163789749 3.390881568193436 557.250431381166 1704.658961974084 4.494171470403671 0.2067292332649231 2.941837467253208 0.4144287407398224 0 0.1904761791229248 44.15625005215406 2.854986898601055 67.25947000086308 225.3465503156185 115.7026340737939 33.49019594490528 2.38288751244545 0 0.6393086910247803 0.2466659396886826
5.006146296858788 0.1182220503687859 0.1683749109506607 1916.561336666346 0.9837741106748581 114.5786062330008 776.2842235118151 35.45366489887238 874.6454948410392 1663.741511024535 0.3648897036910057 2687.939068488777 0 34.61118358373642 22.92417800426483 0 0.08448526263237 0.1831440404057503 0.07133749127388 1306.564242765307 0.4647580906748772 0.2604518905282021 0.2247980013489723 1559.753390297294 0 0 0.3797330111265182 2492.092947758734 80.67575468868017 2.447255186736584 0 0.9751360937952995 5.669115118682384 23.81599992513657 7.785712860524654 359.4573118910193 7.772824369370937 84.3396400436759 39.1293668076396 347.5368232503533 9.140531480312347 0.2732310593128204 7.189759358763695 0.0955541580915451 0 0 122.8500695079565 0 4.789537467062473 87.19349864125252 7.617726370692253 148.9371367245913 56.18704755604267 0.3412505090236664 36.09429913014174 0 2.401696085929871 2.321404367685318 0.9673173725605011 0 0 0 60.93912852555513 0 0.2387657985091209 0 174.3458668962121 0 0 0.1263842284679413 125.1443391665816 2.280411459505558 1.277444094419479 0 0 0 0.5311814621090889 0 17.52391777932644 0.4880854263901711 0.7815514132380486 0.9950502961874008 40.5890336856246 0 0 0
0.221781998872757 0.2354726642370224 0.3102515563368797 0.9837741106748581 63.01176881790161 491.7499965131283 2.559961996972561 69.91090952605009 79.06048195064068 4.170527458190918 12.61703509837389 140.0436947494745 0.539669007062912 9.44169408082962 1081.715925335884 0 0.3229621425271034 1.662292473018169 4.942987531423569 4.816918060183525 0.3897133395075798 0.2686535343527794 0.6964724585413933 17.99277015775442 0 2.170719631016254 1.106435813009739 1.607054263353348 94.0398560538888 1.269482128322124 0 13.94994615763426 0 363.9275438636541 6.023763850331306 57.42913541197777 7.524465322494507 367.8573663309216 178.6166193783283 1442.837885282934 60.01375657320023 7.807805091142654 4.537141159176826 0 0 0 0 0 0 0.154573991894722 0 0.4031576737761497 0 0 0.1371992379426956 0 0 0 0 0 0 0 0 0.7440115362405777 0 0 0.9760291874408722 0 0 0 0.1056509241461754 0 0 0 0 0 0 0 1.791252210736275 0 0.872586190700531 0.2061874568462372 0 0 0.2378274649381638 0
11.81743293255568 1.51372117549181 37.10313092172146 114.5786062330008 491.7499965131283 8806.112849876285 4496.99973205477 5515.420138046145 39.03819271922112 8064.499925486743 23.46629019081593 2262.17692682147 0.6166546940803528 1085.754228413105 1119.239829465747 0.3490108698606491 10.5704378336668 3.101613059639931 9.474760666489601 319.2423355951905 26.04198169708252 3.206960126757622 38.77913253009319 128.6082990840077 0.3566287383437157 15.51999630779028 30.38796069473028 492.7085699513555 910.2454369813204 217.9685747921467 0.4296093955636024 604.5450986325741 6.159263469278812 391.9816865324974 18.61425779014826 433.2450378015637 20.73061057925224 544.0143898278475 264.5445322543383 1835.17019777745 288.2843603417277 9.972973950207233 11.47567483782768 0 0.6060962378978729 0.340407021343708 8.472443878650665 0 0.4646401405334473 42.7897737249732 5.112648345530033 18.17056396603584 5.874870002269745 0.128420501947403 1.949708610773087 0 4.015601895749569 0 2.147056967020035 0.1095556542277336 0 0.1277885437011719 3.467664323747158 2.992317080497742 0.8394157662987709 1.034767545759678 62.45716223120689 0.105816975235939 0 2.880910456180573 48.39715890586376 1.090291380882263 4.007686391472816 0 0 0 0.9145955890417099 0.4886679872870445 18.48746778070927 0.9816505163908005 3.95182940363884 0.7558515071868896 7.30189798027277 0 0.9289118349552155 0.2576555907726288
2601.242635421455 6.220481380820274 66.08320052176714 776.2842235118151 2.559961996972561 4496.99973205477 15182.80629950017 3968.852705881 283.8956070393324 6721.005115456879 3.235405169427395 62.94986017793417 0.6085853204131126 7946.091422144324 12.66347516328096 9.505244009196758 10.15208423137665 0.7328474074602127 2.587865836918354 118.3274618834257 150.4869140684605 37.11676527559757 143.6783486232162 3026.829783782363 1.866735994815826 18.94518860429525 208.0363501906395 16622.04128945619 1239.607569135725 7073.709327511489 0 10.91885585337877 138.7391336038709 221.8277818709612 46.36981429904699 2044.686806969345 61.72081810235977 634.2018065154552 314.961091093719 194.379068814218 52.32382233440876 1.277456417679787 15.350979141891 1.851303346455097 1.663051031529903 2.101763255894184 59.61554611474276 0.3231995403766632 9.285308100283146 234.348885640502 25.10889952629805 132.0718391090631 26.18073302507401 0.3932770192623138 10.78436842560768 0.3214656114578247 22.15587001293898 0 5.653898619115353 0.6527069211006165 0 0 26.33764556795359 4.858777612447739 7.000839941203594 7.138911135494709 328.0335019007325 0.2647703886032104 0.9015633165836334 18.22383270412683 233.3940463364124 7.824281297624111 14.91206073760986 0 0.6278976649045944 0.5924790129065514 3.109722994267941 6.474367037415504 92.93639169633389 2.208607465028763 16.85216680914164 3.264240056276321 60.13768669217825 0.5092735067009926 0.3234131708741188 0.8064312040805817
1473.628882780671 1.448646560311317 201.5046218782663 35.45366489887238 69.91090952605009 5515.420138046145 3968.852705881 5892.679761976004 15.45992373675108 2199.919368125498 21.83958779275417 861.1323097571731 1.132029265165329 5503.719008438289 47.76786984503269 1.985275484621525 73.47288333624601 3.913674041628838 19.40451427549124 171.029498681426 99.21255157887936 5.330853372812271 224.8000727146864 151.3539664521813 0.6326935738325119 60.73133528232574 80.18658513575792 538.7021739408374 1610.517863273621 1914.768028438091 0.1053521782159805 950.7621359676123 22.88367391377687 342.1167117133737 17.50352481752634 412.9311241954565 24.01444982737303 585.9708186015487 241.2927465885878 589.4786527380347 156.4224616885185 7.503782980144024 12.23979436606169 1.036020681262016 0.1154005229473114 0.5420341938734055 6.778197333216667 0.1053116023540497 0.6447001546621323 52.60140230506659 7.309148855507374 18.36882899701595 2.071730762720108 0.5252198874950409 0.1840860396623611 0 3.861266613006592 0.1878174096345901 5.430726811289787 0.7126279398798943 0 0.1349516361951828 5.036907203495502 5.746327839791775 1.939287193119526 2.806129619479179 86.64104146510363 0 0.582663968205452 7.993262141942978 48.36429096013308 4.383913949131966 7.231860175728798 0 0.1089303642511368 0 3.342087306082249 2.598237670958042 25.27034731209278 2.130396261811256 3.006298013031483 3.990878224372864 9.824160121381283 0.4907834380865097 0.631569117307663 0.9815390408039093
1.535118535161018 568.6426648721099 0.9807175993919373 874.6454948410392 79.06048195064068 39.03819271922112 283.8956070393324 15.45992373675108 598.6995930671692 285.5825240314007 19.11754383891821 220.6570907235146 44.69492836296558 11.58916811645031 423.4958564043045 10.03691825270653 0.5573169514536858 1.67584827542305 3.215743310749531 886.7864252477884 3.487073309719563 1897.748915553093 3.996652081608772 7695.459782250226 213.5788936391473 26.26065837591887 109.58845577389 774.3805963695049 14.28237166255713 17.9621400386095 0.8184624537825584 1.771224029362202 3.397670082747936 16.88284488022327 0.3089577257633209 78.32717350870371 2.767735727131367 19.58981954306364 6.37153621762991 350.6954059004784 4.612443998456001 8.268610000610352 0 3.17612086981535 16.36565091460943 7.775024101138115 153.5057002305984 0.2260509729385376 6.779618427157402 189.9461256861687 16.30685556679964 225.3704226016998 44.1168115735054 0.2432282865047455 46.29307579994202 0.5255097895860672 11.85966910421848 2.310712829232216 83.39446969330311 1.559382036328316 0 0.4336305409669876 92.34436245262623 28.27168143540621 133.4764481037855 29.75592529773712 745.532847173512 1.693149223923683 4.592868886888027 57.97570709884167 284.9491529539227 8.436840169131756 12.19893883168697 0.08167432993650436 0.7353917807340622 0.9331262186169624 3.609490938484669 1.40525396168232 30.79754168540239 1.21554097533226 9.684072732925415 2.003694497048855 29.31468819081783 0.5502902269363403 0.6124647110700607 0.151852548122406
72.58566150814295 0.5910657942295074 1.266784563660622 1663.741511024535 4.170527458190918 8064.499925486743 6721.005115456879 2199.919368125498 285.5825240314007 23274.16468314826 5.199872471392155 2190.094927892089 0.3138148412108421 1347.043103523552 15.16204845160246 0.3433889821171761 0.5029818713665009 0.5047421827912331 2.024590626358986 2321.34455896914 6.518194898962975 3.790094628930092 3.22627566754818 552.6788869127631 0.3064444437623024 1.849092192947865 10.37222962081432 2646.148724444211 504.8400907516479 26.26901452243328 0 18.39133679866791 17.45228656381369 137.6584835499525 18.70172633975744 1031.862194694579 25.06916154175997 384.7127129882574 120.5748936980963 468.8187517002225 88.16325759887695 1.517393611371517 25.52645815163851 0 0.2549518421292305 0 86.27683968096972 0.4307222366333008 3.760716058313847 107.8063644245267 11.9771646335721 120.5000326856971 35.98288961499929 0 29.78614661842585 0 7.264216415584087 1.119513906538486 0.391190379858017 0 0 0.09652091562747955 52.68660101294518 0 1.671841286122799 0 220.5280430838466 0 0 0.5798161029815674 130.2282733693719 1.499572090804577 3.612610161304474 0 0 0 0.7709652483463287 0.5365694016218185 38.48738535493612 0.3370174467563629 3.723465085029602 2.101771838963032 31.11437895894051 0 0.3116451799869537 0.2544876635074615
1.411803215742111 96.33015134930611 33.81198447942734 0.3648897036910057 12.61703509837389 23.46629019081593 3.235405169427395 21.83958779275417 19.11754383891821 5.199872471392155 8949.761897057295 4.116344831883907 2211.26272393018 22.26814866065979 1.004079878330231 4.96574679762125 529.381732493639 4458.653242722154 2077.604337729514 1.142582461237907 14.03408978879452 34.64452666044235 73.8469146117568 21.46369425952435 759.1219369247556 5790.75687918067 1484.776026032865 3.05629862844944 93.66267286986113 22.81837782263756 955.9109654724598 58.45787280797958 0.7020190805196762 4569.236555181444 3.251359380781651 432.9007586613297 3993.880731031299 4426.526688538492 648.1331729888916 8.711570471525192 75.33699712902308 949.3149810284376 3.570360355079174 0 6.376311384141445 0.4266647100448608 0 0 0.511867880821228 0.07884217798709869 0 0.8216976895928383 0 218.2991731390357 0 928.1428793594241 0 0 0.1864798218011856 0.5084543824195862 8.167227871716022 1.628057844936848 0 0 0 0.9879498332738876 0.3954888731241226 71.59151840209961 60.89388531446457 162.6284296512604 0.2475342452526093 0.1815850734710693 0 51.19964858144522 0 0 1.112372793257236 2.968693166971207 6.425186671316624 282.3448811545968 5.991815142333508 2.194904834032059 0.7819482386112213 0.4504185765981674 311.369443193078 0.1685774475336075
0.6688390225172043 0 0.07455615699291229 2687.939068488777 140.0436947494745 2262.17692682147 62.94986017793417 861.1323097571731 220.6570907235146 2190.094927892089 4.116344831883907 2627.90199957788 0.1240712851285934 385.166244879365 1095.015700034797 0 0.2554228082299232 0.3629090487957001 1.478575646877289 2911.790669299662 0.1078349277377129 1.290125086903572 0.2100391387939453 236.2313701361418 0.2772111594676971 0.7552487403154373 0.307603657245636 608.1822065487504 221.5344148427248 3.240441627800465 0 24.49521252512932 0.5277083739638329 90.86464781314135 2.532549761235714 544.4345354288816 6.640230722725391 169.550350509584 25.86115103214979 1509.007076814771 55.32811245322227 0.868925005197525 4.874141559004784 0 0 0 41.93468565493822 0 1.896645754575729 43.47685960680246 3.238701462745667 54.29480174183846 19.35626937448978 2.80781477689743 21.93447028845549 0 0 2.386417627334595 0 0.1931705921888351 0 0 38.20778781175613 1.963213175535202 0 0.573988676071167 58.14267298579216 0 0 0 43.11444869637489 1.60673613101244 3.089773148298264 0 0.2036049216985703 0 0.3352038115262985 0.2046839743852615 23.94917056709528 0 0.7216386049985886 0 47.75999989360571 0 0 0
0 396.3137782886624 2.941994346678257 0 0.539669007062912 0.6166546940803528 0.6085853204131126 1.132029265165329 44.69492836296558 0.3138148412108421 2211.26272393018 0.1240712851285934 2979.126131415367 0.7034478783607483 0.121240496635437 15.34560244530439 3.401969164609909 125.8800608590245 5.548840716481209 0 1.390087142586708 95.51592281460762 3.940152056515217 44.82395812869072 4549.842569410801 1437.8874880597 3588.135169737041 3.209522098302841 4.043088629841805 0.811474472284317 1184.750511094928 1.626733787357807 0 861.516917720437 0.8726312518119812 37.05408219248056 1522.028568960726 403.7556954696774 63.85804985463619 1.625199630856514 5.283138796687126 894.5463181361556 1.469466716051102 0 16.80914870649576 0.3668083474040031 0 0 0 0.1196886822581291 0 0.1374653279781342 0 405.7648940607905 0.07704673707485199 1821.692297637463 0 0 0.09538695961236954 0.6339317262172699 10.70458709448576 2.302890866994858 0 0 0.1362802535295486 0.07753141969442368 0.2635307312011719 222.5260284915566 119.1782955527306 367.7008064314723 0 0 0 124.8786197826266 0 0 0.7612635865807533 2.438376873731613 4.148826941847801 385.9576134905219 5.56606362760067 1.111225001513958 0.1150485500693321 1.302722930908203 503.1262610852718 0
5078.123732432723 4.128995977342129 97.6436008810997 34.61118358373642 9.44169408082962 1085.754228413105 7946.091422144324 5503.719008438289 11.58916811645031 1347.043103523552 22.26814866065979 385.166244879365 0.7034478783607483 9647.877219557762 24.36193263530731 3.795077562332153 41.0984443500638 3.551776632666588 17.34573466330767 96.25372778624296 55.0912377089262 7.118102677166462 103.0319037213922 116.7210610285401 0.5442691296339035 35.7053617015481 38.61082701385021 336.2893703281879 6799.558782611042 2077.233904346824 0.4305189922451973 560.830677382648 30.69221495091915 616.9128507748246 10.65336672961712 397.9230299666524 21.41519744694233 636.9870438203216 207.4640673100948 310.2115226462483 63.41928918659687 2.526155576109886 7.654467456042767 0.1148879900574684 0.4249212294816971 0.8435467481613159 2.074933029711246 0 3.128787606954575 29.24442268162966 3.98293861746788 14.96577878296375 0.9931291043758392 0.182981938123703 0.8447879254817963 0 4.017215304076672 0 2.681953713297844 0 0 0 1.104619786143303 5.325111694633961 1.362865477800369 1.632925882935524 70.3392543643713 0 1.20290419459343 2.259174793958664 42.0384778380394 4.497382245957851 4.050010919570923 0 0.4412676095962524 0.5511013269424438 2.113922670483589 0.9268992692232132 21.29478814452887 0.4768607467412949 2.990100219845772 2.2671779692173 9.108772203326225 0 0.1603259593248367 0
0 1.808804541826248 0.1412425190210342 22.92417800426483 1081.715925335884 1119.239829465747 12.66347516328096 47.76786984503269 423.4958564043045 15.16204845160246 1.004079878330231 1095.015700034797 0.121240496635437 24.36193263530731 536.1705519109964 0 0 0 0.2236863002181053 86.16441126167774 0 9.154397889971733 0.1162131428718567 406.8626320511103 1.662051051855087 0.3044795244932175 0.229204535484314 18.48860473930836 13.52755700796843 0.2186100631952286 0 70.51980834454298 0.1611341685056686 6.318162813782692 0 59.35470971465111 0 10.32536229491234 3.443744331598282 1496.577304810286 45.85077606141567 0 0.2105708420276642 1.300153732299805 0 0 2.186727672815323 0 0.3521219789981842 5.846489787101746 0 4.221492767333984 1.143705099821091 0 1.897515445947647 0 0.4222429692745209 0 0 0.1242311149835587 0 0 1.203930363059044 0.2493901252746582 0 0 4.210328102111816 0 0 0 3.530100420117378 0 0.9313010573387146 0 0 0 0 0 0.2227912694215775 0 0.5310285836458206 0 2.760999500751495 0.4070252180099487 0 0.3435218632221222
1.085466995835304 264.6777865588665 8.699148625135422 0 0 0.3490108698606491 9.505244009196758 1.985275484621525 10.03691825270653 0.3433889821171761 4.96574679762125 0 15.34560244530439 3.795077562332153 0 3764.278127878904 6.902056559920311 0.7306984812021255 3.868919037282467 0 1658.473154179752 3096.269790120423 3328.058143146336 1068.621440224349 53.13386239111423 14.31573652476072 2893.3005804196 1453.869261607528 15.57990998029709 19.8017495945096 0.6048607751727104 0.3320574834942818 2.453639343380928 70.75405275076628 53.49894768744707 1814.071955449879 460.1995944827795 381.0259784460068 717.4781358242035 47.04227527976036 2.290875934064388 8.826244100928307 5.508282765746117 7.728571407496929 14.19954992830753 14.73026178777218 0 0 0.2430960983037949 19.15165661275387 3.621239855885506 76.37371900677681 0 5.429118275642395 0.1186915785074234 0 11.12921154499054 0.1431650072336197 2145.162498146296 3.706685751676559 0 1.012564651668072 0 385.495563134551 987.7856966406107 991.8265425115824 249.9625737220049 0.7588377967476845 6.660900250077248 495.8153952211142 118.815562300384 19.44611959904432 30.64620604366064 0 0 5.605104252696037 9.851076923310757 8.909443341195583 578.9193254634738 13.4109248071909 29.92351239919662 14.08506026118994 8.692876927554607 0.7461386919021606 0 1.776769042015076
25.77185287326574 77.71191687881947 2048.216378137469 0.08448526263237 0.3229621425271034 10.5704378336668 10.15208423137665 73.47288333624601 0.5573169514536858 0.5029818713665009 529.381732493639 0.2554228082299232 3.401969164609909 41.0984443500638 0 6.902056559920311 1655.719405770302 193.4119540974498 4469.51517829299 0.3432564958930016 650.6369710490108 6.980516992509365 7713.323547787964 16.12882459908724 28.14269861578941 3108.408103398979 6251.394410960376 29.41468591243029 61.61825763434172 572.0046288222075 0.599724754691124 2.077035665512085 6.387183003127575 2793.884996362031 15.63219869881868 1021.958380848169 1741.169524982572 3037.085412710905 750.1154360622168 12.32313264906406 3.957233317196369 8.345607846975327 3.066131867468357 0.08967013657093048 104.6637074798346 70.56439230591059 0 0 0 0.798878513276577 0.1817641481757164 0.2769629955291748 0 2.419185817241669 0 1.646573849022388 0.1684621572494507 0 1.317397758364677 45.03480043262243 5.368911869823933 117.2308712974191 0 0.6797286868095398 3.15061429142952 2.211443170905113 1.665575616061687 7.260493531823158 740.7956453040242 873.3254688382149 1.737993739545345 0 0.7052084356546402 1.060093246400356 0 0 16.0718437731266 4.298240892589092 25.75029575824738 41.67310268431902 49.28682011365891 11.80075588077307 0.7725786194205284 0.08964730054140091 0.5329460799694061 1.288940533995628
0 10.22390589863062 9.611394017934799 0.1831440404057503 1.662292473018169 3.101613059639931 0.7328474074602127 3.913674041628838 1.67584827542305 0.5047421827912331 4458.653242722154 0.3629090487957001 125.8800608590245 3.551776632666588 0 0.7306984812021255 193.4119540974498 657.0909075513482 1517.277817338705 0.3468043357133865 3.739162221550941 3.267730720341206 27.60109839588404 2.183622792363167 46.0210357233882 3177.518972285092 591.6766054481268 0.31242985278368 10.52295421808958 6.702427953481674 65.10954827070236 7.822089597582817 0.191616415977478 672.4201354980469 2.096870504319668 313.5909985378385 1298.04055724293 1166.759482473135 211.7737249732018 3.463426530361176 4.951975055038929 27.97682779282331 0.569439597427845 0 2.668835394084454 0.212451197206974 0 0 0 0 0 0.3402961194515228 0 10.36838609725237 0 51.09850952774286 0 0 0 0.3169277459383011 16.31421206891537 6.760463573038578 0 0.2523057162761688 0.2104973345994949 0 0.3299650251865387 22.30537505447865 86.01509268581867 207.7932686805725 0 0 0 28.4700046107173 0.0926407054066658 0 0.293331615626812 0.4835756123065948 8.708029523491859 51.50601682066917 1.106313675642014 0.2984196096658707 0.9615517631173134 0 1.055266931653023 0
6.621646821498871 24.64185208827257 187.5732314139605 0.07133749127388 4.942987531423569 9.474760666489601 2.587865836918354 19.40451427549124 3.215743310749531 2.024590626358986 2077.604337729514 1.478575646877289 5.548840716481209 17.34573466330767 0.2236863002181053 3.868919037282467 4469.51517829299 1517.277817338705 2008.28776537627 0.4556038230657578 63.69417228549719 8.308798678219318 371.3436344340444 8.308461673557758 50.68252773582935 3628.342927232385 1147.870898589492 4.363816782832146 46.5187616571784 127.4161701649427 3.761406406760216 17.59201484918594 2.800691038370132 3719.682533457875 10.81527163088322 1342.602014690638 1764.502223081887 3170.067536488175 668.9488470852375 10.44923452287912 9.777750864624977 8.846703663468361 4.12027707695961 0 47.16540497541428 4.754813149571419 0 0 0 0.1551665812730789 0 0.4631592854857445 0.3056010603904724 4.410306431353092 0 13.796990044415 0 0 0.4748039767146111 3.736047901213169 31.94544051587582 46.89821784943342 0 0.08458559215068817 0.8704936951398849 0.6439056545495987 0.1133987382054329 39.74745193868876 370.7443234324455 612.5415284857154 0.5738586485385895 0 0 10.04960902780294 0 0 2.146202214062214 4.842244684696198 21.11407869309187 34.44266436249018 7.29158965498209 4.673412628471851 3.169432386755943 0 0.1571499556303024 0
1.697761610150337 0.2629022002220154 0.3698992878198624 1306.564242765307 4.816918060183525 319.2423355951905 118.3274618834257 171.029498681426 886.7864252477884 2321.34455896914 1.142582461237907 2911.790669299662 0 96.25372778624296 86.16441126167774 0 0.3432564958930016 0.3468043357133865 0.4556038230657578 321.3088694214821 0.1821113079786301 0.2337249219417572 0.4521643444895744 501.8398836627603 0 0.3767949715256691 0.1570766717195511 553.2886666506529 107.3036824092269 1.389100976288319 0 3.667842775583267 0.5232974886894226 30.27561635524035 3.889591403305531 310.7384877502918 4.081469461321831 91.27045709639788 23.47580552846193 836.8972594290972 23.09649993479252 1.986947774887085 6.256407752633095 0.5032910108566284 0 0 70.11712028831244 0.1280191391706467 2.611672058701515 57.59772185236216 3.045787803828716 101.0038961991668 25.30441299825907 0 25.84560934454203 0 4.25633080303669 0.6688489094376564 0.1980060636997223 0 0 0 43.99035532772541 0.468723863363266 0 0 110.0381154939532 0 0 0 79.85936792939901 1.351553469896317 0.4558628499507904 0 0.0981205552816391 0 0.5900662988424301 0.5760856419801712 13.45290537178516 0.316207081079483 2.701619908213615 0.1121701523661613 23.52256122231483 0 0 0.2126770317554474
37.97225104272366 17.82839113473892 604.7588055878878 0.4647580906748772 0.3897133395075798 26.04198169708252 150.4869140684605 99.21255157887936 3.487073309719563 6.518194898962975 14.03408978879452 0.1078349277377129 1.390087142586708 55.0912377089262 0 1658.473154179752 650.6369710490108 3.739162221550941 63.69417228549719 0.1821113079786301 9534.999640405178 87.62992490828037 14189.44305619597 181.8955669403076 7.209893696010113 84.95370769500732 2787.138737328351 2258.725880302489 215.3703425377607 11340.1219779551 0.3191761821508408 3.017431043088436 36.34118904918432 2102.196329802275 188.8412373885512 4586.679572671652 801.106519497931 4251.679208233953 3352.724316164851 76.90399273484945 10.14911685138941 2.315158940851688 13.63364446163177 2.828012049198151 0.3848306015133858 3.354463197290897 0 0 0 11.12141586840153 2.814020067453384 31.47160367667675 0 1.346262246370316 0 0.1320544928312302 8.608080752193928 0 233.7633515223861 0.9993083029985428 0 0.8881844505667686 0 158.10555370152 106.2034301459789 60.65004946291447 150.2495281025767 0 4.851906932890415 33.41514334082603 69.23976143449545 13.97337055951357 16.11554588377476 0 0 3.221606627106667 2.923631243407726 21.64268119633198 93.8111292347312 0.8332789838314056 8.629531517624855 7.499286577105522 3.343388915061951 0.5984442830085754 0 1.200160384178162
1.848299697041512 1782.081243753433 19.07712765038013 0.2604518905282021 0.2686535343527794 3.206960126757622 37.11676527559757 5.330853372812271 1897.748915553093 3.790094628930092 34.64452666044235 1.290125086903572 95.51592281460762 7.118102677166462 9.154397889971733 3096.269790120423 6.980516992509365 3.267730720341206 8.308798678219318 0.2337249219417572 87.62992490828037 874.006819948554 218.1028673201799 4600.135434627533 532.6848726794124 61.94308857619762 3239.931135006249 249.5491845533252 21.14085761457682 17.64220306277275 3.80681948363781 0.1713824719190598 0.2746471017599106 30.45332852751017 1.543336823582649 62.43228015303612 18.3527185767889 34.87420779466629 22.52195588499308 48.11904606223106 3.291437163949013 14.79254007339478 0.4712506532669067 1.648783661425114 181.5138704255223 78.65781687200069 0.2299285978078842 0.1329012364149094 0.5709873959422112 16.69580668210983 0.9701080992817879 72.2020256370306 0.3595405966043472 1.000963293015957 0.2700595557689667 2.863212637603283 4.890253975987434 0.5239244997501373 831.4678537920117 13.14937104284763 0.09540186077356339 4.125206209719181 0.7824053764343262 137.588499635458 517.533968642354 330.6846058964729 192.7061628401279 21.53322441875935 32.29769770801067 1256.515675060451 62.8460898026824 8.303196266293526 9.576226219534874 0.174492210149765 0 1.748851135373116 6.856356576085091 0 78.9035752415657 17.84819923341274 30.39272700995207 10.42350573092699 10.1651956140995 0 0.4328868538141251 0
81.12441263347864 25.43014304339886 11632.51206430793 0.2247980013489723 0.6964724585413933 38.77913253009319 143.6783486232162 224.8000727146864 3.996652081608772 3.22627566754818 73.8469146117568 0.2100391387939453 3.940152056515217 103.0319037213922 0.1162131428718567 3328.058143146336 7713.323547787964 27.60109839588404 371.3436344340444 0.4521643444895744 14189.44305619597 218.1028673201799 17430.3309610635 267.7627239301801 5.506777636706829 1905.318508893251 16023.1131791845 1319.38143504411 138.4789901226759 2547.610479854047 0.1364689767360687 7.249380506575108 18.89561131596565 3327.838703788817 197.1533042192459 6686.263104073703 6793.363638781011 8293.702786542475 6711.197220943868 113.7143891453743 23.79804917424917 10.37033334374428 24.67562286555767 1.526872992515564 31.94241986423731 209.8673684820533 0 0 0 15.75625406950712 0.8706109896302223 17.13082364201546 0.1027020663022995 2.296341150999069 0 0.0934346467256546 3.900715865194798 0.1486174166202545 939.2661267966032 30.75989000499249 0 7.652265205979347 0.3412362784147263 105.0082508996129 533.3672057911754 640.9063409119844 67.18498470634222 0.851597972214222 55.98990834504366 1266.470696479082 39.02366818487644 7.182697847485542 14.31235463172197 0 0 1.864938750863075 15.24729918688536 50.23364204913378 347.3695128783584 43.66748430579901 62.14318685233593 31.52133463323116 6.635726377367973 0.3658216297626495 1.186103373765945 3.772298887372017
31.51188607513905 799.4602234959602 47.32738053053617 1559.753390297294 17.99277015775442 128.6082990840077 3026.829783782363 151.3539664521813 7695.459782250226 552.6788869127631 21.46369425952435 236.2313701361418 44.82395812869072 116.7210610285401 406.8626320511103 1068.621440224349 16.12882459908724 2.183622792363167 8.308461673557758 501.8398836627603 181.8955669403076 4600.135434627533 267.7627239301801 7667.157183945179 218.1213996261358 50.93690191209316 2857.331095866859 12043.51160500944 386.2162080481648 1237.30871334672 2.697544738650322 2.320001244544983 90.68703512847424 173.5902778804302 48.27088073641062 2553.888606607914 89.81698068231344 457.1539952754974 275.2518718764186 934.3523727506399 26.44132073223591 13.99054924398661 12.00696961581707 20.50297659635544 12.04427380114794 19.69761011004448 276.9865796044469 0.601180762052536 42.05733071267605 1082.7035619542 115.8077048435807 1303.054245688021 124.169594489038 5.116344630718231 68.77866328507662 0.8132341131567955 105.9697906672955 2.922473214566708 345.4241976961493 3.445076115429401 0.102138914167881 1.275152027606964 147.6151650846004 369.6771223172545 218.0075325667858 88.34481731802225 2669.055125400424 0.9294030591845512 11.10260350257158 105.1310115754604 1367.621965587139 84.90278915315866 122.6782726570964 0.2904771044850349 5.155905082821846 14.60096010565758 26.96674278378487 9.997138701379299 385.339851334691 5.794378079473972 65.97424681484699 21.38469457626343 335.8496242836118 6.198250874876976 0.3259177729487419 4.362613968551159
0.2764958664774895 1341.310040414333 10.43609009683132 0 0 0.3566287383437157 1.866735994815826 0.6326935738325119 213.5788936391473 0.3064444437623024 759.1219369247556 0.2772111594676971 4549.842569410801 0.5442691296339035 1.662051051855087 53.13386239111423 28.14269861578941 46.0210357233882 50.68252773582935 0 7.209893696010113 532.6848726794124 5.506777636706829 218.1213996261358 787.9490643292665 772.1730296015739 5299.090134136379 9.89350675791502 1.418899953365326 2.444408357143402 213.033719971776 0.1343844830989838 0.4223944991827011 584.5260468199849 0.4120390117168427 18.35189144313335 168.7300971522927 78.26816744357347 6.676685713231564 2.615414425730705 1.055135384202003 366.6372416913509 0.1771005988121033 0 37.33004349470139 1.171518817543983 0 0 0 0.08979268372058868 0 0.3704403936862946 0 86.02533359080553 0 656.4495200589299 0 0 0.3554869294166565 2.248666144907475 7.433773875236511 9.978996910154819 0 0 1.761068105697632 1.049209080636501 0.6947457864880562 95.1050468236208 141.8047695159912 525.0898641869426 0.2542738020420074 0 0.1880980730056763 84.45469607412815 0 0 1.50007651746273 0 0.7192573547363281 23.00017718970776 2.598310098052025 0 0 0.2184854000806808 48.4437944740057 0
22.40714759379625 264.0088428035378 3157.136194758117 0 2.170719631016254 15.51999630779028 18.94518860429525 60.73133528232574 26.26065837591887 1.849092192947865 5790.75687918067 0.7552487403154373 1437.8874880597 35.7053617015481 0.3044795244932175 14.31573652476072 3108.408103398979 3177.518972285092 3628.342927232385 0.3767949715256691 84.95370769500732 61.94308857619762 1905.318508893251 50.93690191209316 772.1730296015739 31207.96727916598 20002.32645758241 26.35297551006079 54.52041846513748 264.1310674995184 767.8181915134192 10.56547605991364 4.221551053225994 871.1378042325377 13.12548552453518 1253.134826280177 3560.175125725567 2049.776989340782 546.5031743869185 12.63034981489182 8.522423885762691 72.26976774632931 2.895611584186554 0.1002465337514877 382.6923856660724 73.26501264423132 0 0 0.1263961344957352 0.9220640361309052 0.09916725754737854 1.38672649115324 0.09776139259338379 108.9508591368794 0 535.4514284208417 0.6176855862140656 0 1.005421668291092 84.22598769515753 246.0903062671423 302.477481096983 0 1.13116654753685 4.418554477393627 4.109639056026936 2.055178560316563 423.4242290258408 2060.922749586403 3957.64871314168 0.989137165248394 0.1084512248635292 1.406736887991428 188.0796015486121 0 0 27.30550145357847 5.616707429289818 47.85326910018921 449.7063494324684 73.54421722143888 21.62264920771122 3.338893055915833 0.1373869478702545 8.817995376884937 0.1704310029745102
18.47838363796473 3794.316516503692 11551.94060850143 0.3797330111265182 1.106435813009739 30.38796069473028 208.0363501906395 80.18658513575792 109.58845577389 10.37222962081432 1484.776026032865 0.307603657245636 3588.135169737041 38.61082701385021 0.229204535484314 2893.3005804196 6251.394410960376 591.6766054481268 1147.870898589492 0.1570766717195511 2787.138737328351 3239.931135006249 16023.1131791845 2857.331095866859 5299.090134136379 20002.32645758241 30229.78795319796 1674.552706897259 114.1702880635858 295.7652908489108 917.2018598839641 2.113879591226578 18.5521854236722 1122.128684468567 106.3974858745933 4476.963151752949 4530.230208657682 5094.949626602232 3464.773567803204 102.7997225522995 21.00515381246805 45.87923625856638 15.46975519508123 1.455927811563015 3211.962860554457 1618.843624681234 0.08305367827415466 0 0.3928672224283218 22.17784973978996 2.925451152026653 25.04249244183302 0.2799724638462067 87.16576550155878 0.1051753088831902 327.2074360474944 7.964046210050583 0.3444889783859253 443.8963887020946 417.8149399235845 132.5897789075971 524.8388898447156 0 39.33591201901436 1429.445984199643 581.6246880143881 96.05628360807896 623.8652457669377 3840.698687948287 10962.65526638925 41.67651304602623 4.659465298056602 15.22768572717905 147.4132910221815 0.6431027576327324 0.268160343170166 112.0244138613343 27.68971830606461 292.8921376541257 672.0212558656931 450.3850690498948 117.7001824751496 9.63280463218689 2.297612130641937 11.27057810872793 0.7367530316114426
106.6337946429849 42.79116640985012 129.424745939672 2492.092947758734 1.607054263353348 492.7085699513555 16622.04128945619 538.7021739408374 774.3805963695049 2646.148724444211 3.05629862844944 608.1822065487504 3.209522098302841 336.2893703281879 18.48860473930836 1453.869261607528 29.41468591243029 0.31242985278368 4.363816782832146 553.2886666506529 2258.725880302489 249.5491845533252 1319.38143504411 12043.51160500944 9.89350675791502 26.35297551006079 1674.552706897259 21602.56343912333 496.9939781725407 9744.155784875154 0.09122829884290695 4.059183105826378 115.4566468074918 318.4425534754992 88.18002071976662 3671.349815286696 133.325392909348 1098.541729666293 747.8292199969292 328.2293528169394 46.70388270914555 6.957590311765671 30.46079099923372 8.653950795531273 1.760330267250538 7.595566101372242 132.1286955550313 0.5323113352060318 12.80071527510881 439.4674060568213 48.30350130051374 360.3189626261592 64.68187517672777 2.741539008915424 45.51625648885965 0 53.90247152000666 1.768180832266808 209.4630636647344 1.201720915734768 0.2452924698591232 0.9166582077741623 78.47947354614735 215.6790704354644 100.8432872742414 42.82186365127563 1022.162086986005 0 2.610952310264111 32.68881542235613 577.2356559187174 51.08501985669136 57.91729623824358 0 1.254334673285484 5.111418940126896 14.82136607915163 10.23444653302431 195.3082849532366 3.844175383448601 31.95202301442623 13.01919210702181 123.0609827935696 2.683285102248192 0.136145681142807 3.221893690526485
3045.898298546672 14.15974214673042 116.6779130771756 80.67575468868017 94.0398560538888 910.2454369813204 1239.607569135725 1610.517863273621 14.28237166255713 504.8400907516479 93.66267286986113 221.5344148427248 4.043088629841805 6799.558782611042 13.52755700796843 15.57990998029709 61.61825763434172 10.52295421808958 46.5187616571784 107.3036824092269 215.3703425377607 21.14085761457682 138.4789901226759 386.2162080481648 1.418899953365326 54.52041846513748 114.1702880635858 496.9939781725407 21679.96187752858 6482.385621529073 0.4096649214625359 2211.424971915781 2990.033295936882 3708.142105400562 48.81388442218304 1236.209815099835 63.33818124234676 2775.745132945478 977.1630277447402 324.1936049088836 182.1113358512521 16.99570248275995 16.04537385702133 0.1217971220612526 2.009871728718281 0.2221460193395615 2.642307102680206 0 2.544242456555367 41.09799879044294 3.538133554160595 24.23080722987652 1.447783537209034 1.657446846365929 1.862085491418839 0 2.821592666208744 0.2239658236503601 10.54678755253553 0.2692244797945023 0 0.07367613166570663 2.821110770106316 14.79277215898037 5.256776697933674 3.994372732937336 94.25491292029619 0 0.3485693037509918 5.790860049426556 68.82427370548248 4.303391739726067 5.938627846539021 0 0.06853892654180527 0 0 8.015002720057964 59.23722970485687 2.863555677235126 6.060426011681557 2.397519320249557 17.54629560559988 0 0.8150753825902939 0
