1875.215459667146 0 273.3693861812353 7.516153953969479 1.105618983507156 27.72726815193892 4778.871985323727 1084.442526996136 1.890306241810322 60.96135121583939 3.381546124815941 4.365990839898586 0.5919199436903 7267.707856856287 0.1169081032276154 0.4365939348936081 150.8342655077577 4.999622404575348 21.67504543811083 7.312934949994087 56.78083828836679 0.6417871043086052 195.4917578399181 47.29105193167925 0.09898865967988968 196.5733875483274 52.92653109133244 114.0013164877892 3736.927344366908 2887.230326138437 5.527619905769825 18.99613813310862 6.663798741996288 46.46914096921682 1.83019445091486 21.25009124726057 8.242165744304657 17.49803578853607 8.60281828045845 3.447881437838078 1.358146578073502 0.1151713654398918 0 0 0.1032944098114967 0.4651999622583389 0 0 0 0.3630141615867615 0 0.8988738358020782 0.4224798232316971 0 0 0 0 0 0.2739581018686295 0.1208761408925056 0 0.09156591445207596 0 0.1953209266066551 0.2710383608937263 0 3.116148345172405 0 0.2349412888288498 2.065738081932068 1.635213702917099 0.9286838620901108 0.8575060293078423 0 0 0 0.1946556270122528 0.1419044137001038 2.241165988147259 0 0.1406155973672867 0 2.181237608194351 0 1.263524532318115 0
0 278.1359268724918 42.917829439044 1.487375117838383 0.3314273655414581 0.5100409835577011 8.154387004673481 1.139402575790882 823.9961010292172 0.9563837125897408 424.1345191001892 4.256216213107109 1184.903370864689 1.290305025875568 9.017622128129005 35.07680578529835 39.71476191282272 15.60971700400114 50.36861306428909 1.078171417117119 2.60533295571804 2014.782694742084 9.648810811340809 1773.827431194484 1821.024488277733 560.140177115798 9780.648564398289 58.30141450464725 3.710251182317734 2.210416913032532 202.0919193029404 0.9775535985827446 0 149.2946785762906 0.4388804733753204 37.62220007926226 83.24824377894402 91.19908516854048 21.07462195307016 14.98166105896235 0 24.55592960119247 0 0 50.53813499212265 160.5623334646225 0 0 0 0.2432620376348495 0 3.453651659190655 0 4.011190786957741 0 15.98519401997328 0.5891793444752693 0 14.04619508981705 44.1169668585062 2.862630315124989 19.45158398896456 0.2727718353271484 0.3940883129835129 19.57264714688063 10.08525569736958 7.35082670301199 24.49739643931389 351.2632419615984 1896.455288611352 1.941289037466049 0.1458493322134018 0.9368908107280731 6.31342501938343 0 0 6.867386788129807 0.5484191179275513 38.45316574722528 34.28540549427271 24.96611272543669 13.54090229421854 0.4106023907661438 0 0.5176154375076294 0
273.3693861812353 42.917829439044 4137.686208985746 4.859792217612267 0.6149180606007576 60.16772352904081 1222.75169120729 804.347456254065 27.24199192225933 9.543774269521236 14.98650869727135 1.364311993122101 2.557379223406315 871.4079856202006 0.3497658222913742 11.16035157442093 5180.76418608427 4.222425550222397 37.68196117132902 1.021730989217758 867.624147221446 115.2182440161705 7944.820408545434 57.16688907146454 8.085671059787273 7142.684282787144 13566.36558031291 492.6079898551106 246.5082039758563 2857.948015026748 25.34419395029545 3.504168570041656 21.33600676804781 85.19040820002556 22.52307280153036 1401.105961076915 3481.712051488459 641.4562108516693 266.713785842061 57.52365175634623 11.57592011988163 1.302208863198757 3.793777212500572 1.657670132815838 141.1971261203289 818.4861615374684 0.1645777225494385 0 0.1381622105836868 6.585039563477039 4.018621601164341 5.924428179860115 0.5544935017824173 3.782364048063755 0 8.558421432971954 3.547666914761066 0 87.31044606119394 70.32347305119038 0.7634202241897583 8.390205927193165 0 17.49905141443014 58.71270410716534 275.619727447629 46.37634030729532 0.8924561589956284 19.33075743913651 2196.860382720828 34.44855238497257 4.833050526678562 40.49186550080776 0.5507876574993134 0 0 16.33971793949604 6.398952186107635 131.4378533661366 63.0739299505949 40.44132967293262 32.0372015312314 2.372514888644218 4.098849892616272 1.770334959030151 0.3247232735157013
7.516153953969479 1.487375117838383 4.859792217612267 3808.437217578292 1.119019284844398 164.0352956876159 229.2007809579372 58.47425376623869 1010.107416927814 2730.285138554871 5.25082141906023 2684.028626210988 1.104223318397999 52.85774893313646 53.64504334330559 1.626902386546135 0.7578524276614189 0.7960812374949455 1.487349912524223 5111.299989759922 1.606027908623219 1.246380239725113 2.127187460660934 1361.357198111713 1.040870442986488 0.9845867529511452 7.711620561778545 4557.635988473892 81.19842184334993 3.987056866288185 0.1758086681365967 2.548131436109543 7.773051083087921 28.2445125579834 1.406740710139275 400.15441159904 5.359660118818283 97.369614161551 33.86531264334917 144.2759874686599 10.90386565029621 0 2.048258051276207 0 0 0 101.9371294751763 0 4.09024266153574 13.74582777917385 0.5917452573776245 228.6833300888538 32.53255821764469 0.5464106798171997 119.907446116209 0 3.610979221761227 1.162705361843109 0 0.5572913885116577 0 0 76.25483816117048 0 0 0.2433656305074692 217.2060006931424 0 0 0.1912351846694946 136.5580129921436 1.691304162144661 0.3577972799539566 0 0 0 0.981950655579567 0.4146644473075867 150.671054199338 0.1502966284751892 7.966233178973198 1.092132166028023 143.1375147551298 0.4410029798746109 0 0
1.105618983507156 0.3314273655414581 0.6149180606007576 1.119019284844398 9.123829036951065 741.2462592869997 18.7577980235219 8.731024645268917 66.98817813396454 25.82992784678936 33.2692351564765 167.0736091211438 4.987904109060764 2.825195163488388 1162.514220423996 0 0.2148311510682106 2.897626012563705 1.350152589380741 9.367689110338688 0.1106147989630699 0 0.5221403017640114 35.4422235712409 3.919969953596592 2.723978236317635 2.65906223654747 13.51538544148207 160.826098755002 1.443381085991859 0.2488312795758247 17.64601981639862 0 455.8534586280584 1.446449279785156 92.64764949679375 19.50415421277285 396.5227777585387 74.55499026924372 3845.376099586487 1056.99089897424 4.515432879328728 4.833992972970009 0 0 0 0 0 0 0 0 0.2372535094618797 0 0.1687726825475693 0 0.1154557317495346 0 0 0.5990861654281616 0 0 0 0 0.09858959913253784 0 0 0.9788623005151749 0 0.1347488760948181 0.1356121748685837 0.6219891756772995 0 0 0 0 0 0 0.3138368427753448 1.566819861531258 0.1384570598602295 0 0 0.3548474013805389 0 0 0
27.72726815193892 0.5100409835577011 60.16772352904081 164.0352956876159 741.2462592869997 14988.50237333775 5692.637602217495 4812.604746371508 148.5176789313555 7502.503173232079 60.73580328375101 5912.296722754836 10.28279738128185 762.8197507038713 982.1555258184671 1.466245569288731 11.86187360435724 10.64056308567524 10.15726314485073 481.5539427027106 12.45164216309786 1.051525473594666 32.03661595284939 731.4618507996202 11.28423446416855 33.77339005470276 36.56728953123093 2475.653307899833 280.722596116364 66.10613468289375 0.9052743166685104 81.27897230535746 5.393091589212418 243.6217051893473 13.95725390315056 614.5877183526754 43.59564524888992 465.7957582697272 145.1525117978454 1824.792972005904 490.9777673408389 5.892371237277985 8.918599285185337 0 0.5836564227938652 0.1961094588041306 7.818109966814518 0 0.745554231107235 3.343952000141144 0.3364258110523224 23.26972722262144 2.061271518468857 0.4101948216557503 11.0365786254406 0.2184343039989471 1.198622651398182 0 1.387535363435745 0.1276071667671204 0 0 7.793006658554077 1.419485673308372 0.7242791280150414 1.004268616437912 55.55387172102928 0.3043758124113083 0 2.187328040599823 39.5262019559741 1.073913872241974 4.314329378306866 0 0 0 1.205410979688168 1.435710787773132 46.26920881122351 0.335840567946434 1.019112251698971 1.156994573771954 21.16759765893221 0 0 0.2206279933452606
4778.871985323727 8.154387004673481 1222.75169120729 229.2007809579372 18.7577980235219 5692.637602217495 10859.19557862729 6424.086486600339 250.2193495407701 8945.736892811954 50.68615513294935 238.1225799843669 7.911886475980282 10628.53474565968 80.40492608398199 22.33197506517172 66.38140325248241 16.13753309100866 22.75536689162254 38.33280829340219 421.5980019718409 36.43195395171642 781.6300382167101 3666.638187170029 16.25603196769953 276.2401953563094 505.5669427067041 26479.80502349138 2214.271740920842 4764.778156809509 3.084274746477604 30.83744996041059 196.4767339155078 348.1925704032183 126.1696028113365 3643.080381199718 156.4800752550364 1070.583184622228 832.772287838161 319.239509306848 127.2984457761049 5.891845196485519 30.54366654902697 6.045522183179855 1.803712964057922 5.396564498543739 9.960796065628529 0 1.690664857625961 27.39034906029701 2.804641537368298 37.72934628278017 1.618686839938164 0.5065312087535858 4.140209466218948 9.295083254575729 2.984996519982815 0 23.03358338028193 3.382075123488903 0 0.4379185810685158 6.420090951025486 11.18608655035496 12.19830669462681 15.87141534686089 302.3619651645422 0 2.65656691044569 27.295863263309 173.2934333458543 13.45037364214659 63.91963355243206 0 0.1526481658220291 0.08668850362300873 5.577741920948029 21.27391611784697 152.1743628829718 1.559092089533806 28.02302911132574 8.17888917773962 38.41813749074936 0.3725558519363403 3.067028880119324 0.3493014872074127
1084.442526996136 1.139402575790882 804.347456254065 58.47425376623869 8.731024645268917 4812.604746371508 6424.086486600339 10019.11473344266 23.26003912091255 3149.46468564868 74.11508433520794 823.8938975855708 18.3792540282011 9173.929821871221 12.32972607016563 1.390148349106312 234.6003088504076 23.07146047800779 50.87554511427879 240.2525330483913 134.4411188736558 2.481860682368279 370.6281318068504 240.0791002884507 12.68648768216372 456.5291219428182 215.6312029659748 705.1628549471498 1368.413370970637 1321.351601108909 11.41640319675207 95.18275162577629 6.990229144692421 282.2438995912671 7.128943629562855 370.506777562201 70.23750173300505 381.7986441329122 145.6496436968446 371.6243475452065 260.9499829337001 11.74696602672338 7.565379343926907 0.2493002712726593 0.1572926640510559 1.129223220050335 1.317316576838493 0 0.3783546984195709 3.334779098629951 0 3.982515744864941 1.090635724365711 0.6242241635918617 1.875612109899521 0.08752031624317169 0.333210788667202 0 2.169878497719765 0.4538643062114716 0 0 1.176819533109665 0.4712086766958237 0.6526550874114037 2.35575395822525 34.47241853177547 0.1317408680915833 0.4599755257368088 6.920818910002708 21.03703211992979 1.88991491496563 6.607493117451668 0 0 0 0.7237834930419922 0.7500300109386444 14.29975865781307 0.9335763901472092 1.527193546295166 0.1381399482488632 1.078944623470306 0 0 0
1.890306241810322 823.9961010292172 27.24199192225933 1010.107416927814 66.98817813396454 148.5176789313555 250.2193495407701 23.26003912091255 887.6304129287601 454.5209352001548 27.35272598266602 903.3216090127826 60.30149462074041 30.20633070170879 1037.674186974764 303.9939961209893 11.92428521066904 4.048506557941437 6.37566214799881 877.939637362957 215.9647809192538 3745.776769399643 59.38905520737171 16166.16395885497 261.3925908952951 62.68186519294977 953.2147695943713 2732.276840999722 45.36127331852913 183.9926244318485 31.6613797545433 3.245896391570568 9.930317863821983 20.69927360117435 7.626814424991608 427.1754968464375 21.49578319489956 79.61414629220963 50.69961819052696 662.4437467008829 12.80918315798044 0.1628535538911819 2.066819503903389 10.50720841437578 0.3084435015916824 8.332220479846001 151.6931165456772 0.7113222479820251 13.53124837577343 99.637266241014 12.1463158428669 324.2641410306096 62.90470949560404 1.479020640254021 47.01410412043333 0.3424459099769592 21.9204319268465 3.778226375579834 546.1639835909009 10.80531882494688 0.349301278591156 2.628287807106972 117.1055089756846 223.3337588235736 17.33246706426144 145.8511466756463 1735.810101285577 0 3.891590543091297 29.64628846943378 746.0388107150793 47.88233514130116 496.3983971327543 0 1.09678541123867 2.901406861841679 26.26352075487375 7.359539091587067 267.967272631824 8.151480630040169 83.88488952815533 33.07046289741993 127.3431886807084 3.051549784839153 0.5050230622291565 1.328009009361267
60.96135121583939 0.9563837125897408 9.543774269521236 2730.285138554871 25.82992784678936 7502.503173232079 8945.736892811954 3149.46468564868 454.5209352001548 23687.49214634299 112.8011498525739 5304.680392205715 13.21550802141428 1436.827738277614 100.9095983579755 0.7074323371052742 9.809053972363472 29.84744557738304 36.05282688140869 4081.625990010798 4.908968091011047 2.544547386467457 9.951599307358265 1381.914275020361 14.10861495137215 31.61943010240793 36.26678905636072 5293.617425240576 980.1760597154498 18.35794515907764 2.091503776609898 46.41061750799417 28.2213196605444 343.5498400181532 8.852611355483532 1657.668504782021 77.16175897419453 875.1202451959252 155.9278789386153 291.2930201366544 96.11179625242949 4.989642508327961 15.91627176851034 0 0.0790267288684845 0 69.3437627106905 0.4407108724117279 6.274222202599049 11.52223566919565 2.737232133746147 177.04613019526 33.00527764856815 0.4530609026551247 56.92476965487003 0.463095135986805 1.693956904113293 0.3952620625495911 0.4665563106536865 0 0 0.0916704460978508 52.4696808308363 0.2555081844329834 0.1627648174762726 0 231.4847774803638 0.0841134712100029 1.005856119096279 2.549163304269314 127.6817497313023 2.386006072163582 2.337639257311821 0 0 0 1.368378758430481 4.894743263721466 132.1531213521957 0.9478528127074242 9.427726916968822 2.034848973155022 105.1510461047292 0 0.1144387051463127 0.2914336323738098
3.381546124815941 424.1345191001892 14.98650869727135 5.25082141906023 33.2692351564765 60.73580328375101 50.68615513294935 74.11508433520794 27.35272598266602 112.8011498525739 11030.16215078533 56.60384164005518 2755.181019082665 105.7166491523385 0 2.383090183138847 348.3135616853833 3631.998024307191 1404.160436622798 27.22448199987411 33.21719716489315 66.04817974567413 123.6592009216547 54.62742119282484 4228.502266153693 2878.62460078299 2426.299592100084 37.76458712667227 548.0082577541471 37.36198604851961 615.2367638796568 180.9379999786615 9.390508972108364 8551.152315311134 7.297025993466377 582.6342090964317 3836.091302342713 4449.50401801616 785.3484385609627 57.16690534353256 51.76212096214294 767.8095625787973 3.852109782397747 0 25.11120976507664 1.312135994434357 0 0 0 0 0.1414979696273804 0.4802102446556091 0 490.9145301580429 0.1878783255815506 833.3073187693954 1.405961506068707 0 1.150515645742416 0 35.0097466930747 10.6070686802268 0 0 3.088141538202763 0.2175492793321609 2.942284412682056 195.4542734026909 228.3122795298696 427.8484433367848 3.689293026924133 0.8630243390798569 0.664748027920723 68.67404478788376 0.4479221478104591 0 4.088664412498474 0.9976473599672318 14.16356579959393 495.4332441240549 40.34355521947145 1.637745380401611 0.5892019718885422 1.637415409088135 90.58593881130219 0
4.365990839898586 4.256216213107109 1.364311993122101 2684.028626210988 167.0736091211438 5912.296722754836 238.1225799843669 823.8938975855708 903.3216090127826 5304.680392205715 56.60384164005518 7558.707006774843 8.835522219538689 416.0181867331266 1078.128263242543 0 3.202096909284592 14.61425180733204 12.55733177065849 4267.626987628639 0.9637496694922447 6.10737706720829 1.261282972991467 679.1149445697665 9.812029153108597 10.2987087443471 21.36905873566866 745.5430008620024 337.1482770442963 2.349170185625553 1.402535744011402 57.82698915153742 0.7708632871508598 124.6105036959052 7.689671963453293 1103.258018575609 30.80798499286175 263.3983996063471 25.1910455301404 1052.892942741513 22.01211129128933 1.619969844818115 6.307707242667675 0 0 0 19.47802560031414 0 7.317215323448181 3.307104676961899 1.609874524176121 75.81652435660362 11.25701275467873 0.1748441979289055 77.37919263541698 0 1.71647110581398 0.5180715918540955 0 0 0 0 38.46344584226608 0 0.539483368396759 0 68.98104987293482 0 0.1278306543827057 0.794599249958992 38.81466331332922 0.4933647885918617 2.170081913471222 0 0.09472359716892242 0 0.5091481804847717 0.2267029732465744 144.0764884799719 0.1097349300980568 2.102088287472725 0 123.3019359856844 1.101615786552429 3.253598690032959 0
0.5919199436903 1184.903370864689 2.557379223406315 1.104223318397999 4.987904109060764 10.28279738128185 7.911886475980282 18.3792540282011 60.30149462074041 13.21550802141428 2755.181019082665 8.835522219538689 2204.266410894692 20.05765097588301 0.2548762634396553 6.423250302672386 2.149164624512196 153.7419453263283 12.61539463698864 3.882900923490524 8.825273931026459 215.0845125392079 7.637007310986519 129.22020855546 6672.996727064252 884.7582605481148 2228.360582835972 10.24847109615803 78.49258290976286 3.314538091421127 634.1227839291096 32.34053055942059 0 1337.050458304584 0.5823181569576263 582.3154545649886 2670.533176131546 912.7952623441815 428.7074309960008 39.15147651731968 54.54704330861568 490.2358986288309 5.727259412407875 0 66.95408983528614 2.364698112010956 0 0 0 0.0934276208281517 0.2297296747565269 0.8694153279066086 0.08741448074579239 1159.547746106982 0.2817158102989197 2015.624104417861 1.253984540700912 0 4.423609606921673 0.7262941896915436 72.96262818574905 15.72088680416346 0 1.195863008499146 4.116006478667259 0.2879791557788849 1.900790274143219 614.6225450858474 575.3117161989212 1041.498385541141 0.127551794052124 1.791503675282001 0.5661819130182266 172.8987355232239 0.1091481372714043 0 9.131055824458599 3.86683464050293 76.02205845713615 903.9693829640746 70.02117928862572 2.42254363745451 2.111044958233833 0 222.3165932148695 0.3092447221279144
7267.707856856287 1.290305025875568 871.4079856202006 52.85774893313646 2.825195163488388 762.8197507038713 10628.53474565968 9173.929821871221 30.20633070170879 1436.827738277614 105.7166491523385 416.0181867331266 20.05765097588301 10651.86750265583 3.604687958955765 1.98564488440752 447.3053450509906 34.75620029866695 78.39895302802324 174.4824969545007 177.8807880282402 2.257313869893551 621.070739351213 246.1984119601548 12.72495371848345 610.4610874652863 230.8418458998203 726.8285531550646 5118.768385328352 3223.845815107226 10.82580843567848 73.22052995860577 43.88644916564226 450.5522916391492 17.60806247591972 404.0133828446269 69.21660304069519 471.9168953895569 174.8089629933238 149.1039872542024 115.0920220986009 7.881164535880089 7.139440216124058 0 0.2390142977237701 2.83806636929512 1.408726066350937 0 0 1.29604934155941 0.5367055535316467 3.261116772890091 0.8508136719465256 0.4450194984674454 2.22088922560215 2.107940725982189 0 0 2.594643548130989 0.5182512402534485 0 0.2343679293990135 0.9120820611715317 1.132696963846684 1.04356224834919 1.979901380836964 27.595464207232 0.2574866935610771 2.32259850949049 8.280076280236244 15.64013785123825 0.5704599022865295 3.701802872121334 0 0 0 0.3657472208142281 0.3154911994934082 9.4447101354599 0.9349840208888054 2.133854508399963 0.6593836545944214 2.444175988435745 0 0 0
0.1169081032276154 9.017622128129005 0.3497658222913742 53.64504334330559 1162.514220423996 982.1555258184671 80.40492608398199 12.32972607016563 1037.674186974764 100.9095983579755 0 1078.128263242543 0.2548762634396553 3.604687958955765 160.4603963941336 0 0 0 0 100.026165343821 0.195872887969017 7.664198085665703 0.1447200030088425 840.7074893638492 1.787866145372391 0 10.91560193151236 69.42440974712372 30.78418210148811 0.5817482173442841 0 71.17551711946726 0.1367096304893494 0.1127394735813141 0 16.94842734187841 0.1360736191272736 2.137557506561279 0.6942931860685349 567.5431629568338 29.15779767930508 0 0 0 0 0 0.6163343638181686 0 0 0.2618356347084045 0 4.226469218730927 0.1944322437047958 0 0.7274418771266937 5.857296466827393 0.1611651033163071 0 0 0 0 0 0.6672100573778152 0 0.1458197683095932 0 7.116973429918289 0 0.1785600334405899 0 3.977312877774239 0.3558620810508728 0.1408363431692123 0 0 0 0 0 0 0 0.1456250548362732 0 5.095644980669022 0 0 0
0.4365939348936081 35.07680578529835 11.16035157442093 1.626902386546135 0 1.466245569288731 22.33197506517172 1.390148349106312 303.9939961209893 0.7074323371052742 2.383090183138847 0 6.423250302672386 1.98564488440752 0 3232.334142491221 9.416043482720852 0.1320294290781021 2.007235400378704 0.2675527483224869 2370.689031459391 6539.36262241751 5189.647344358265 3534.851492278278 100.411720380187 18.2849740460515 5541.62465967983 1619.440218910575 1.686335638165474 8.464197486639023 1.691954776644707 0 0.1165452748537064 46.05593160539865 54.79557460546494 2329.22800231725 1036.508441448212 329.7528758198023 449.1960944905877 89.23256072402 3.589006930589676 28.59809640049934 10.75205373764038 2.956867173314095 5.702615171670914 11.63598427921534 1.152749419212341 0 0 8.370985180139542 1.426699824631214 21.3786503225565 0 4.228604957461357 0 81.55396790802479 4.000389523804188 0.8227421790361404 2178.290477350354 5.727816022932529 0.1764135509729385 3.96761541813612 0 283.6375143676996 879.9842325076461 919.0560952797532 125.5570980608463 1.556709438562393 7.280496686697006 386.5685773342848 139.814421236515 9.388601988554001 320.1536143943667 0.1515419185161591 0 0.334502249956131 8.679611437022686 7.895660251379013 167.9412581920624 8.893374592065811 22.29981233924627 9.000418558716774 34.64499817788601 0.6217577308416367 71.28604456782341 5.293881714344025
150.8342655077577 39.71476191282272 5180.76418608427 0.7578524276614189 0.2148311510682106 11.86187360435724 66.38140325248241 234.6003088504076 11.92428521066904 9.809053972363472 348.3135616853833 3.202096909284592 2.149164624512196 447.3053450509906 0 9.416043482720852 1996.774608187377 136.1121952310205 2119.671404510736 2.95782732963562 547.1372654214501 25.85240548104048 1700.278105936944 21.00167007744312 2.815381333231926 2315.001926876605 5738.518684983253 99.5318620428443 755.6409549564123 1795.350495256484 18.91574198752642 6.750014558434486 113.9993600100279 3817.298371419311 39.14716282486916 1862.727018915117 6719.539839595556 4584.682898461819 662.5026983842254 42.42124616354704 7.770337253808975 17.00871719419956 6.508872903883457 0 61.48540518432856 293.3359261155128 0 0 0 0.9973803609609604 0.3260064721107483 0.8565514087677002 0 1.860242769122124 0.1627499461174011 1.656988427042961 1.726767271757126 0 15.53026270866394 64.78500882536173 0.3713919520378113 18.09900616854429 0 1.712726391851902 11.80083771795034 46.42763816565275 6.661031439900398 0.6507067084312439 144.6784008964896 904.4076261967421 4.441640362143517 0.5340475663542747 1.308021523058414 1.446908913552761 0 0 8.664480417966843 9.19768550992012 106.8400380313396 66.33789825439453 28.79106394201517 15.18395160883665 2.177074551582336 0 0.3789781332015991 0
4.999622404575348 15.60971700400114 4.222425550222397 0.7960812374949455 2.897626012563705 10.64056308567524 16.13753309100866 23.07146047800779 4.048506557941437 29.84744557738304 3631.998024307191 14.61425180733204 153.7419453263283 34.75620029866695 0 0.1320294290781021 136.1121952310205 343.7644710093737 1004.170471251011 5.750566259026527 11.40973825007677 6.516447812318802 30.1860663741827 9.955815218389034 66.95505066215992 1099.901490949094 244.6290542408824 11.54775845259428 110.0334359556437 21.12681023776531 252.6573613509536 20.72527565062046 9.072611086070538 1472.791003979743 9.153016716241837 235.6252506375313 1020.529374450445 1886.528269991279 331.6790781319141 9.567366234958172 8.290305532515049 204.8785391673446 1.991135202348232 0 6.491337671875954 0.4063950181007385 0 0 0 0 0 0.1003670245409012 0 60.38586504012346 0 76.65830734372139 0.3471524566411972 0 0.610249251127243 0 12.16397037357092 3.998357884585857 0 0 0.8214698061347008 0 1.269970998167992 15.66338506340981 147.3799417838454 188.8989799320698 0.2497443482279778 0 0 27.33927743136883 0 0 0.3859148025512695 0.6553127318620682 4.808825716376305 63.66096382588148 2.261544555425644 0 0 0 2.148966021835804 0
21.67504543811083 50.36861306428909 37.68196117132902 1.487349912524223 1.350152589380741 10.15726314485073 22.75536689162254 50.87554511427879 6.37566214799881 36.05282688140869 1404.160436622798 12.55733177065849 12.61539463698864 78.39895302802324 0 2.007235400378704 2119.671404510736 1004.170471251011 1040.787936411798 7.354675464332104 66.81128567457199 14.9630668386817 281.7335734367371 14.8962569758296 28.95014995336533 3081.318276569247 1468.67968712002 17.63706990331411 241.6015260070562 181.9255858808756 83.67823196947575 16.26307625323534 45.24230363965034 3991.381172820926 27.8221545740962 1091.157485350966 1761.537547394633 3589.53532166779 477.5430224910378 21.77643339335918 4.254158869385719 71.00195824354887 4.079242721199989 0 26.3394506201148 28.34687660634518 0 0 0.1152045130729675 0.1160745471715927 0 1.341318398714066 0 15.09504443407059 0 17.85227992385626 0 0 2.042948976159096 25.96251485496759 3.523963108658791 41.54999673366547 0 0.5893122553825378 4.156129620969296 2.940908096730709 2.955029629170895 9.352810308337212 414.5629095882177 480.6888069212437 1.440476037561893 0.5968904346227646 0 11.01025518029928 0 0 4.837867766618729 4.560845345258713 52.72724759578705 65.28876212239265 13.49208064377308 6.866242989897728 1.690894410014153 0 1.402282625436783 0
7.312934949994087 1.078171417117119 1.021730989217758 5111.299989759922 9.367689110338688 481.5539427027106 38.33280829340219 240.2525330483913 877.939637362957 4081.625990010798 27.22448199987411 4267.626987628639 3.882900923490524 174.4824969545007 100.026165343821 0.2675527483224869 2.95782732963562 5.750566259026527 7.354675464332104 546.6306482553482 0.249651163816452 0.2557525038719177 0.9127990752458572 522.9173730164766 3.777927793562412 7.370316967368126 8.09182496368885 3748.612681999803 200.5000240281224 0.8194030076265335 0.3524729162454605 14.67188905179501 4.481765598058701 76.26135260611773 1.268996715545654 543.025275722146 15.6706657782197 188.0167937204242 29.07530602067709 245.0646950826049 21.44881933927536 1.149047486484051 4.500208154320717 0 0 0 35.17698707431555 0 3.507179826498032 11.93969036638737 0.348630428314209 123.1516101285815 23.17462655156851 0 85.73909060657024 0 2.162197209894657 0 0.1534449905157089 0 0.07498353719711304 0 37.72099465876818 0.171144425868988 0 0.967587947845459 119.4526851251721 0 0 0.8340638428926468 74.3127154931426 1.317157112061977 0.4538960456848145 0.08105643838644028 0 0 1.435732811689377 2.246358007192612 102.6055092439055 0.08349884301424026 5.055088430643082 0.8075383901596069 87.18767781555653 0 0 0
56.78083828836679 2.60533295571804 867.624147221446 1.606027908623219 0.1106147989630699 12.45164216309786 421.5980019718409 134.4411188736558 215.9647809192538 4.908968091011047 33.21719716489315 0.9637496694922447 8.825273931026459 177.8807880282402 0.195872887969017 2370.689031459391 547.1372654214501 11.40973825007677 66.81128567457199 0.249651163816452 17719.43225177377 413.892036780715 9999.28215688467 521.6590628102422 52.08440265059471 90.14702474325895 1018.454200074077 3724.551407247782 320.0785488858819 11143.63339430839 2.433293081820011 1.843420602381229 92.64904326945543 3395.179453618824 245.5500378906727 7785.388054028153 1969.304685950279 6156.942786775529 3207.056681498885 213.4443686455488 33.55005361884832 9.83912406116724 23.21297436207533 3.518325820565224 1.23346520960331 4.164357982575893 0 0 0 16.96969118714333 2.797159932553768 20.30304699391127 0.4082518219947815 3.78875233232975 0.1413949429988861 49.00728824734688 8.286379553377628 0.8515943735837936 260.9971513599157 2.730660833418369 0 1.555581718683243 0 230.3385237976909 206.2215316742659 73.62999574095011 200.2168732956052 2.733084321022034 1.019655801355839 34.22747474163771 200.2575386017561 22.82530902326107 437.484777495265 0 0 0.3809233158826828 10.05825537443161 24.8693461343646 110.0240757241845 3.990699015557766 14.59926772862673 8.804639182984829 22.62756657600403 0.323805183172226 28.72763401269913 2.117875427007675
0.6417871043086052 2014.782694742084 115.2182440161705 1.246380239725113 0 1.051525473594666 36.43195395171642 2.481860682368279 3745.776769399643 2.544547386467457 66.04817974567413 6.10737706720829 215.0845125392079 2.257313869893551 7.664198085665703 6539.36262241751 25.85240548104048 6.516447812318802 14.9630668386817 0.2557525038719177 413.892036780715 1573.872848704457 610.144813016057 7692.229736253619 877.4350988790393 134.5168404206634 9050.488325446844 572.1270214021206 3.513638436794281 42.84522072970867 86.86020538210869 0.4809300824999809 0.300292119383812 33.64502734690905 1.798545107245445 69.35358489304781 64.7617885991931 46.4967192709446 17.48541440069675 22.61661813408136 0.2342611104249954 0.7866839915513992 0 0.6229070872068405 15.59012082964182 197.7362719997764 0.1780581921339035 0 0 3.282771311700344 0.8866623640060425 20.44321218878031 0 3.739529594779015 0 11.05230659246445 1.938091427087784 1.850706219673157 1446.326418600976 8.608587317168713 0 4.741898998618126 0 94.38919387757778 233.593734189868 498.9523497968912 83.48980204761028 3.535568073391914 27.22741558402777 1967.986852914095 46.69319494813681 4.834969766438007 124.0316483601928 0.8058163225650787 0 0 2.941212572157383 0.3956922441720963 50.78268806636333 7.934248238801956 13.80755364894867 10.67681117355824 8.505640864372253 0 6.712777137756348 0
195.4917578399181 9.648810811340809 7944.820408545434 2.127187460660934 0.5221403017640114 32.03661595284939 781.6300382167101 370.6281318068504 59.38905520737171 9.951599307358265 123.6592009216547 1.261282972991467 7.637007310986519 621.070739351213 0.1447200030088425 5189.647344358265 1700.278105936944 30.1860663741827 281.7335734367371 0.9127990752458572 9999.28215688467 610.144813016057 18476.31645014882 186.9802164882421 39.06526196748018 553.3088640123606 11997.07858215272 2287.713786065578 837.7142677605152 6418.725302539766 3.298270978033543 6.314301840960979 123.4098815992475 4321.101564116776 528.2440562471747 13372.29456427693 6029.284700736403 11192.94540179521 5117.389887392521 750.8982391357422 63.14825443923473 9.521965876221657 48.74240235239267 1.633092656731606 20.87343817204237 142.5802272036672 0 0 0 4.366202794015408 1.611833535134792 8.042375050485134 0 1.624368846416473 0 35.52016168087721 3.62860094755888 0.4817391186952591 1214.325743712485 10.26317109167576 0.2348264157772064 1.66707556694746 0 98.99106572568417 301.5183508172631 648.5742219612002 61.68059768527746 1.745687961578369 5.239705160260201 857.7771031185985 54.55771125853062 5.047064870595932 145.1210530400276 0 0 0 4.214023523032665 73.56806990504265 144.5342397093773 13.01868887990713 22.52143601328135 21.10457703471184 25.85880054533482 0 21.85149502754211 0
47.29105193167925 1773.827431194484 57.16688907146454 1361.357198111713 35.4422235712409 731.4618507996202 3666.638187170029 240.0791002884507 16166.16395885497 1381.914275020361 54.62742119282484 679.1149445697665 129.22020855546 246.1984119601548 840.7074893638492 3534.851492278278 21.00167007744312 9.955815218389034 14.8962569758296 522.9173730164766 521.6590628102422 7692.229736253619 186.9802164882421 21937.84625951946 564.6724355518818 120.4481405466795 3335.146275192499 13535.86379536241 696.886485863477 1466.736807063222 57.6442479416728 14.17128961533308 132.2697246745229 222.1984243169427 72.73589261621237 3009.974076092243 153.1969143822789 708.5195724889636 553.0479627996683 1290.281980365515 82.72084291279316 8.808890260756016 24.24132182449102 22.4576829969883 7.712229736149311 28.7479208484292 392.4916133731604 0.3847280442714691 44.59660305827856 350.6531351953745 47.26783785969019 1265.513430535793 175.8894015103579 3.792143806815147 129.9606632962823 33.65853874385357 50.77849984169006 5.659852094948292 205.5323033854365 26.39618438482285 0.8850652128458023 7.759117498993874 280.6418897509575 190.9895050674677 310.1972123607993 119.1904611885548 4262.311914339662 1.774269714951515 11.34658571332693 63.0336092337966 2578.91619656235 120.6150058209896 670.1895884126425 0.3920261189341545 2.427828170359135 2.957163415849209 70.88083053380251 17.96698680520058 1312.127484194934 11.63331542164087 287.1835564896464 78.3796633258462 556.5983676314354 11.52207324653864 25.60161226987839 5.492709062993526
0.09898865967988968 1821.024488277733 8.085671059787273 1.040870442986488 3.919969953596592 11.28423446416855 16.25603196769953 12.68648768216372 261.3925908952951 14.10861495137215 4228.502266153693 9.812029153108597 6672.996727064252 12.72495371848345 1.787866145372391 100.411720380187 2.815381333231926 66.95505066215992 28.95014995336533 3.777927793562412 52.08440265059471 877.4350988790393 39.06526196748018 564.6724355518818 739.9641107842326 439.7397556528449 3954.84586751461 80.20174289494753 64.52035956084728 7.912489049136639 669.428997695446 25.28433857113123 0.3272221758961678 1620.346905589104 4.870674967765808 1395.353712067008 1610.266410239041 1001.97649563849 323.9912162572145 163.9586578384042 202.9944465011358 365.2763541787863 33.82778470218182 0.1101882979273796 86.34771443903446 8.662256598472595 0 0 0.2281509339809418 0.2273783609271049 0 1.75435446947813 0.5806434452533722 356.6693843901157 0.2304745316505432 707.9780249893665 0.4956428706645966 0 11.64322931319475 1.674839541316032 12.6563304439187 10.10733179748058 0 6.594965294003487 4.83939940482378 11.48471429944038 2.234442070126534 160.0412995964289 269.6273588687181 628.2317264601588 5.189239740371704 1.232219539582729 3.412463843822479 56.71963719278574 0.2660597860813141 0 13.5615526586771 4.44524884223938 387.5071545615792 229.6268129125237 137.6820550486445 43.86056404560804 39.03341461718082 9.827276647090912 164.7026776373386 0.1324813216924667
196.5733875483274 560.140177115798 7142.684282787144 0.9845867529511452 2.723978236317635 33.77339005470276 276.2401953563094 456.5291219428182 62.68186519294977 31.61943010240793 2878.62460078299 10.2987087443471 884.7582605481148 610.4610874652863 0 18.2849740460515 2315.001926876605 1099.901490949094 3081.318276569247 7.370316967368126 90.14702474325895 134.5168404206634 553.3088640123606 120.4481405466795 439.7397556528449 23815.08406542987 19721.46431599557 163.1888540387154 499.1972840502858 693.6116340458393 1310.139173008502 16.89250721782446 45.61803998798132 1288.775346942246 40.92251025885344 1927.995149426162 5731.551647253335 4346.485900819302 764.9353617504239 51.22018050402403 16.07582042366266 246.0853570252657 9.329438731074333 0.2000318169593811 246.9843988269567 343.0028193891048 0 0 0 0.9904103353619576 0.2222006171941757 6.0343352034688 0.120135135948658 334.1027317270637 0.08501998335123062 477.2516778185964 1.700522869825363 0 27.52994748950005 190.4909733980894 83.32455871254206 245.9456747472286 0.2520207464694977 3.200353004038334 46.49512256681919 19.19759538769722 30.61919502913952 136.9799935296178 2869.070601150393 4466.657588288188 6.319145604968071 2.460551172494888 13.15721006691456 206.4415594935417 0.2235156744718552 0 24.58968060463667 7.403612099587917 165.0638179257512 568.6701953932643 104.7017005980015 34.28660776466131 4.693089365959167 0 6.069586046040058 0.274592250585556
52.92653109133244 9780.648564398289 13566.36558031291 7.711620561778545 2.65906223654747 36.56728953123093 505.5669427067041 215.6312029659748 953.2147695943713 36.26678905636072 2426.299592100084 21.36905873566866 2228.360582835972 230.8418458998203 10.91560193151236 5541.62465967983 5738.518684983253 244.6290542408824 1468.67968712002 8.09182496368885 1018.454200074077 9050.488325446844 11997.07858215272 3335.146275192499 3954.84586751461 19721.46431599557 32281.16977247596 1899.29753344506 171.9318854138255 224.267293844372 1025.056363917887 16.18136128038168 16.96210686117411 1866.08791551739 264.3332858681679 8084.556236810982 8906.083547383547 9601.673724584281 2273.431329526007 346.8644581139088 35.301698371768 124.9705740585923 31.28048565983772 2.094459198415279 2144.48481079936 2285.366245321929 0.3668703436851501 0 0.6476219519972801 17.17387590557337 10.52300392836332 24.31227758526802 0.6491336524486542 238.1551731526852 0.3026829361915588 343.8754572495818 14.0995179489255 0.3531544655561447 1624.696348689497 566.8185994774103 71.18880236893892 483.5699530318379 0.1122326329350471 39.68341112881899 814.1441588625312 1371.985082507133 96.95173895359039 329.1476035863161 5582.36519780755 17124.14110764116 36.60115694999695 7.739253200590611 41.718072488904 231.913516946137 0.2244236767292023 0.6247922033071518 73.36696710437536 41.92361150681973 635.0143785104156 784.9373964220285 321.6745921000838 179.516015894711 21.33848860114813 0.5220983177423477 13.77130164206028 2.237250007688999
114.0013164877892 58.30141450464725 492.6079898551106 4557.635988473892 13.51538544148207 2475.653307899833 26479.80502349138 705.1628549471498 2732.276840999722 5293.617425240576 37.76458712667227 745.5430008620024 10.24847109615803 726.8285531550646 69.42440974712372 1619.440218910575 99.5318620428443 11.54775845259428 17.63706990331411 3748.612681999803 3724.551407247782 572.1270214021206 2287.713786065578 13535.86379536241 80.20174289494753 163.1888540387154 1899.29753344506 28473.10700144619 874.7339516803622 11507.93066881597 6.000899314880371 18.4764601662755 156.3706955760717 536.1535489633679 192.1011620312929 5746.827888935804 392.3049887567759 1979.086374484003 1591.208397127688 369.261681266129 113.0988294035196 16.67906031757593 41.81474061310291 25.70777039974928 2.011295005679131 20.39168874174356 191.2739339619875 0.3031816184520721 23.0885047763586 259.2385820448399 25.76648195832968 590.8372644931078 103.2385382503271 11.79562617093325 88.32036698609591 44.2279871404171 57.05301555246115 2.563324771821499 212.0090598389506 23.67288029938936 0.1888593211770058 7.702148921787739 156.4890605807304 227.3934383690357 190.9824580401182 126.9252609536052 2840.503835313022 1.669505976140499 2.563348740339279 55.81238149851561 1672.579983599484 133.4853121638298 909.4962576851249 0 2.018085412681103 1.463653899729252 68.85047405958176 30.64717778563499 1029.277028568089 9.10221791267395 203.8571927472949 65.16946186125278 370.4790844321251 7.17212575674057 43.78093691170216 5.595277652144432
3736.927344366908 3.710251182317734 246.5082039758563 81.19842184334993 160.826098755002 280.722596116364 2214.271740920842 1368.413370970637 45.36127331852913 980.1760597154498 548.0082577541471 337.1482770442963 78.49258290976286 5118.768385328352 30.78418210148811 1.686335638165474 755.6409549564123 110.0334359556437 241.6015260070562 200.5000240281224 320.0785488858819 3.513638436794281 837.7142677605152 696.886485863477 64.52035956084728 499.1972840502858 171.9318854138255 874.7339516803622 17958.37820208818 5525.873016685247 20.41989651322365 483.2253336682916 2553.071599967778 3616.703233294189 52.91599241644144 1169.270463548601 199.0778647586703 2191.665720939636 546.4332609251142 383.2410872653127 1289.408739879727 21.93522842973471 24.05976501852274 1.077914357185364 0.4614359587430954 0.9045060947537422 1.387504912912846 0 0 3.385976232588291 0.2511698305606842 5.690381608903408 0.4469749182462692 1.603586561977863 1.391893640160561 0.584619976580143 0.4495815932750702 0 0.7664176002144814 0.6924051716923714 0 0.419772133231163 0.4457723200321198 1.627958700060844 0.5204308480024338 1.660560056567192 30.90021003782749 0.452776737511158 5.077254198491573 7.245808273553848 24.57056297361851 1.430247694253922 4.570528671145439 0.3687642514705658 0 0 0.5454175546765327 9.337013125419617 20.91549659520388 2.528200797736645 3.12103983014822 1.203277125954628 4.522070273756981 0.1660132259130478 0.9797979667782784 0
