1272.670241743326 0 112.8343077078462 11.89509933441877 0.208789125084877 6.818945527076721 2604.659868303686 574.0569368340075 3.322511792182922 38.60431829094887 1.375544622540474 1.437018841505051 0.1148165464401245 7033.972434774041 0 0.3321649134159088 109.0652709305286 0.8111067563295364 16.59468220174313 8.927389219403267 57.84358782321215 0.1069997623562813 43.28452828526497 75.89915065467358 0.1316566318273544 35.03960662335157 30.21252427250147 158.2521900907159 2191.50594099611 2824.664285987616 0.3047347292304039 0.09148235619068146 30.61675514280796 85.13192381709814 2.78041598200798 42.75498218089342 3.941763177514076 58.50377264618874 20.06968723982573 2.191093876957893 0.1543723344802856 0.2380416095256805 0.7067937552928925 0 0 0.1134353801608086 1.830412037670612 0 0 0.5785001292824745 0.1108296662569046 1.953366361558437 0.2921377867460251 0 0 0 0.5953121930360794 0 1.811909630894661 0.144181489944458 0 0 0.328873336315155 0.2507763206958771 0.320485532283783 0.09391032159328461 23.37464898079634 0 0.1414983123540878 1.42963482439518 9.278889551758766 0.9563558548688889 0.1995063722133636 0 0 0 0 0 5.749879896640778 0.3893379122018814 3.18303394317627 0.4506906121969223 4.109468817710876 0 0 0
0 207.8465078622103 72.57991249114275 0 0.2855469286441803 0.372392863035202 0.3163457214832306 0.5179229378700256 626.730628952384 0.1141390949487686 19.96010433882475 0.1478933990001678 755.819066748023 0.689718522131443 18.96490249037743 66.82655954360962 131.9566851854324 3.210723765194416 28.29242169857025 0 3.647016085684299 2047.876532927155 3.314679160714149 907.5929521769285 2243.87956687808 713.8157396614552 6229.010438121855 11.48309394717216 0.785937063395977 1.067764565348625 23.19548592716455 0.1887311711907387 0 44.59544357657433 0.7146016657352448 128.8159385994077 81.88813366740942 111.1678614616394 56.39596412330866 11.34208754450083 0.4424144774675369 363.6303614750504 1.35048708319664 0 51.61961256712675 60.52751806378365 0 0 0 0 0 10.17776323109865 0 8.641913235187531 0 27.34406704455614 0.1430219560861588 0 6.597891874611378 12.96324823796749 1.017370097339153 12.68900445103645 0 0.4100136309862137 18.64089175313711 2.483635306358337 2.562158964574337 57.40624697506428 250.1500792875886 1601.56126820296 0.262540228664875 0.1304620057344437 0.1246063038706779 11.01053226739168 0 0 4.00008537620306 0.5667692273855209 16.23599288612604 35.09569101035595 16.8405177295208 3.081545948982239 0.1628202348947525 0 4.121871843934059 0.1553062200546265
112.8343077078462 72.57991249114275 3708.980883814394 0.6554221957921982 0.108889989554882 32.1479702219367 1321.721311450005 232.2587360590696 6.493210092186928 5.149376697838306 3.726143188774586 4.496706910431385 2.309857167303562 410.4452080652118 2.276770733296871 29.93406711518764 2134.412195235491 1.728775724768639 46.2471209987998 0.7467046305537224 5196.248377248645 70.34599785506725 11334.42656008154 329.2083139792085 0.2355369254946709 1898.615591339767 12336.47917985916 566.2724541127682 231.8572763539851 990.4116771072149 0.3995525687932968 0.366157628595829 11.66497322916985 334.9357694536448 23.28856061398983 1321.079009197652 1961.45683889091 1249.954441428185 1040.389365613461 101.5017369240522 4.065168142318726 3.290785491466522 10.99349234998226 0.0986625924706459 66.17369323223829 522.0622788891196 0.8371156677603722 0 0 1.988311342895031 0.3491693288087845 2.641328394412994 0.09614510834217072 0.1323864459991455 0 0 1.719322107732296 0 36.50255709886551 116.9901227504015 0.1230949983000755 5.940435811877251 0.4954265952110291 5.754819311201572 68.3633391186595 51.87592744827271 43.28542967885733 0 259.3875195682049 2193.429859131575 24.25953878462315 0.9408460110425949 7.537513911724091 0.1018439680337906 0 0 14.01531917601824 0.3803227096796036 65.22362756729126 717.8776539862156 51.1212279945612 29.36479581147432 3.41605057567358 0.09281060099601746 0 0.5607016533613205
11.89509933441877 0 0.6554221957921982 3138.669327259064 0.683931440114975 135.4000931978226 158.9510039165616 126.7357743009925 1389.493204712868 1430.123623155057 8.179734602570534 5525.742857247591 47.456233471632 146.191002830863 12.17319869995117 0 0.8005871325731277 2.420869387686253 1.577512428164482 5187.879623234272 0.1420782208442688 0.3119128048419952 0.2342512831091881 2779.643177859485 1.438100874423981 3.347783327102661 2.324980355799198 5008.641923420131 170.1438929960132 3.671529874205589 0.1761488020420074 2.586704023182392 1.96202602237463 40.66605118662119 9.153520680963993 332.881684012711 11.28110188990831 167.0815337449312 49.33390480279922 267.3707518428564 13.01516821235418 11.5395402610302 8.116795808076859 1.216670006513596 0 0.7928869724273682 648.5788483098149 0.1201016530394554 10.18453502655029 12.98765830695629 8.292902655899525 284.6552149802446 158.7275790795684 2.517500668764114 114.2257086187601 0 12.01266019046307 23.33509970456362 0 0 0 0 275.7393608465791 0 0.438297413289547 0 482.2187338024378 0 0 0.6354195326566696 247.0945647954941 15.9114887714386 0.3909557610750198 0 0 0.8189736679196358 5.535509862005711 4.512366145849228 132.4923800081015 4.677685171365738 38.30506233125925 14.05136977881193 77.34923712164164 10.82968760281801 31.87599885463715 4.411314979195595
0.208789125084877 0.2855469286441803 0.108889989554882 0.683931440114975 18.32804200053215 487.7864652872086 6.358223676681519 179.7181388959289 128.7041895985603 7.747469812631607 96.20495099574327 95.02938581258059 57.31783849745989 2.772116728127003 1458.969318449497 0 0.3887047842144966 9.218125216662884 9.450393073260784 1.869604609906673 0 0 0 4.519743144512177 1.693194538354874 14.27467641979456 3.823107309639454 1.292144626379013 58.11054372787476 0.4913413301110268 0.5874112918972969 28.99229647219181 0 912.6957630962133 1.297416627407074 18.67339871823788 7.709414437413216 234.3256724998355 190.7091017588973 1661.555849716067 206.9952652007341 9.697374179959297 8.455675587058067 0 0 0 2.548258721828461 0.1562744379043579 0.2073615342378616 0 0 0.6936870366334915 0.09874852001667023 0 0.8552191257476807 0 0 0 0 0 0 0 0.1722126752138138 0 0 0 1.547558695077896 0 0 0 1.8663389980793 0 0 0 0 0 0 0 0.650577574968338 0.2998996078968048 0.4177608639001846 0.6474414765834808 2.995817720890045 0.5032442212104797 2.07084821164608 0.210565984249115
6.818945527076721 0.372392863035202 32.1479702219367 135.4000931978226 487.7864652872086 10452.42262747884 3740.859298128635 5682.344218797982 41.43624652177095 9889.825890898705 139.5223337635398 4166.863061539829 107.8394378125668 1164.250274702907 397.4353526309133 2.514349222183228 5.798525616526604 18.28393390029669 14.1038474291563 618.8452086374164 9.465290926396847 0 5.000021882355213 81.42028344422579 2.072377182543278 32.11705123633146 10.30885754525661 852.8090172111988 270.7460494711995 61.49452237784863 1.527642875909805 400.1817835345864 1.266464158892632 258.2883446589112 16.76277948915958 266.0898844525218 50.63644831627607 549.713560834527 517.3173817321658 1036.845169872046 316.1486720591784 19.09035812318325 22.73433379083872 0.2753117084503174 0 0 12.75136925280094 0 2.980481714010239 3.037735760211945 0.241943895816803 7.177740201354027 5.467079609632492 1.466356553137302 2.167978458106518 0.1972592025995255 2.960199050605297 0 0.2800513207912445 0 0 0 8.299506455659866 0.2260078191757202 0 0 40.31622865796089 0 0 0.2168590277433395 14.72175531834364 0.7783190011978149 2.730261504650116 0 0 0 0.5099558234214783 1.270900219678879 9.486014477908611 1.889424219727516 8.64361697435379 6.348359145224094 4.082821607589722 2.43155574798584 6.250537618994713 0.2788352966308594
2604.659868303686 0.3163457214832306 1321.721311450005 158.9510039165616 6.358223676681519 3740.859298128635 10570.01513692737 4484.532715931535 147.2067250683904 10416.53074163198 29.19801443070173 131.2239186242223 11.03413274139166 9718.126453951001 13.74260732531548 0.7207324802875519 134.9941220134497 9.018507860600948 30.17882093787193 85.85458675026894 442.9848096519709 0.3411267399787903 160.7509536594152 1940.203115116805 0.42829929292202 152.2007857188582 94.77325362339616 16454.66210619733 2153.324506860226 7818.535451695323 1.198296405375004 14.90064641088247 61.93530290573835 307.0144450366497 81.00798478722572 1144.718782410026 81.11270301043987 980.0299899429083 364.1972335800529 232.0544200837612 56.92468041926622 1.651602178812027 24.02689346671104 3.23652296513319 0.1562732607126236 0.4721401110291481 83.81765684485435 0 6.846473589539528 10.26656432449818 3.290678635239601 77.07739577442408 21.78858315199614 0.08715137839317322 18.25577853620052 0 7.910799406468868 2.098577201366425 2.391869395971298 0.3005224093794823 0 0 51.43310327082872 1.034759268164635 0.1053309291601181 1.38875575363636 305.2102292627096 0 0.3272624015808105 5.357638217508793 113.9722380116582 19.30329822748899 6.397811330854893 0.1241682767868042 0 1.34261716157198 5.124703355133533 6.451003596186638 64.32043787837029 1.938655160367489 29.11369558423758 8.054707601666451 19.14262997359037 3.710166499018669 1.680498450994492 1.64043353497982
574.0569368340075 0.5179229378700256 232.2587360590696 126.7357743009925 179.7181388959289 5682.344218797982 4484.532715931535 6511.675579600036 21.50647814571857 1907.674953628331 645.9189054369926 1238.760834738612 157.1548642814159 8284.256258487701 248.6364120841026 0.834536999464035 127.0074747651815 127.7229555621743 153.1207010298967 479.6512004584074 67.83849535882473 0.2011546865105629 57.55504240095615 89.68787667900324 6.055074065923691 252.0661595910788 96.95106011629105 331.5739738717675 715.3257802687585 1049.508952073753 10.75736130774021 625.4966362565756 5.84120436757803 798.2065418884158 68.43245992809534 660.7776699587703 72.8915198892355 1551.662125978619 810.1093375384808 2134.567922592163 173.6894730776548 33.88422675430775 27.05600743740797 0.5470573678612709 0.1017234995961189 0.096131831407547 18.44112672656775 0 0.8450338467955589 2.272926077246666 1.997721545398235 8.234169110655785 6.458036333322525 2.624011784791946 2.806428529322147 0.6404265239834785 1.134640038013458 0 0.6803019046783447 0.117585577070713 0.09987985342741013 0 12.30034570395947 0.1526671499013901 0 0 59.40426208078861 0 1.133289866149426 3.600560531020164 26.24084055423737 2.87209078669548 1.769035287201405 0.1076167076826096 0 0 1.84046645462513 6.902793854475021 15.64634031057358 2.942995019257069 8.476646214723587 7.274285450577736 5.172280237078667 2.425082139670849 11.06801348924637 0.7545210123062134
3.322511792182922 626.730628952384 6.493210092186928 1389.493204712868 128.7041895985603 41.43624652177095 147.2067250683904 21.50647814571857 384.8521203547716 194.6887814700603 3.48616611212492 212.9838111773133 65.25206384807825 16.51544036716223 1489.793452888727 61.35198441892862 4.537399090826511 0.9878835827112198 0.9742844179272652 522.9168789535761 40.84944090247154 1528.082402080297 1.754405677318573 12948.54756762832 318.9464217349887 22.83429081737995 714.7682061344385 1316.807769671082 77.97959001362324 86.01575591415167 6.75407113134861 2.728170409798622 6.633075498044491 23.39607068896294 9.784582704305649 192.6159255206585 17.95790176838636 79.52149193733931 38.56913872808218 688.9163697957993 9.863686867058277 16.44055219739676 3.817936599254608 7.830938830971718 1.7753836363554 0.7490258514881134 262.9806135073304 0 9.079646274447441 20.1267708465457 5.550680547952652 185.5705252289772 48.82809498906136 0.9654005393385887 54.75048211961985 2.20509197562933 17.74099615216255 28.59063889086246 93.09585628658533 0.2062274962663651 0.6810219436883926 0.463982380926609 117.8752300739288 33.16970190405846 16.13232370465994 2.21177576482296 1324.465049751103 0.9715471118688583 5.235803090035915 9.761151909828186 254.7213882729411 35.65466167777777 38.96014302223921 2.813470110297203 0.1249711066484451 2.294951744377613 8.667062811553478 4.92564994841814 78.54465913027525 0.8772746622562408 36.11086283624172 10.30307646095753 72.7181750908494 8.008193016052246 16.25692775845528 1.276657193899155
38.60431829094887 0.1141390949487686 5.149376697838306 1430.123623155057 7.747469812631607 9889.825890898705 10416.53074163198 1907.674953628331 194.6887814700603 29000.32089215517 42.32735064253211 3620.315303407609 28.88396316021681 1394.467622119933 26.82026778161526 0.1332516372203827 2.155384667217731 12.12607835233212 13.64161211252213 2472.805965609848 2.354689374566078 0 2.146194577217102 156.5368102788925 0.3967844098806381 22.99415396153927 8.533633597195148 2789.159050509334 759.6881925575435 13.13571690022945 1.786723665893078 19.64568773657084 4.712527893483639 167.2671207040548 26.79751563817263 874.457318328321 59.26845336705446 753.8222452700138 208.1352611854672 253.8123649060726 56.78910183906555 5.042209088802338 18.47207751870155 1.72417688369751 0 0 449.3213503882289 0 12.8610233515501 13.32998127490282 9.267928712069988 102.0204330086708 109.2957635000348 1.148259252309799 53.70388896763325 0 13.69369970262051 9.813621461391449 0.08627306669950485 0 0 0.671776294708252 182.3180178999901 0 0.1602334976196289 0 353.3448555916548 0 0.1125604808330536 0.2023642063140869 200.0008373856544 15.92630396038294 1.790097802877426 0 0 0.2543716505169868 3.56466518342495 3.177504830062389 79.11066596210003 1.350466802716255 39.12332222610712 11.78646793961525 48.42693446576595 10.70488303154707 14.6492567434907 0.4285529255867004
1.375544622540474 19.96010433882475 3.726143188774586 8.179734602570534 96.20495099574327 139.5223337635398 29.19801443070173 645.9189054369926 3.48616611212492 42.32735064253211 5411.953120745718 50.63099118322134 1835.008902095258 346.8694273680449 5.188264526426792 0.5137315541505814 113.6034265607595 3616.852287359536 958.7696518301964 24.86768805980682 7.120740659534931 7.487663120031357 10.99900272488594 10.25995920598507 397.2730899378657 3216.952645927668 710.8879792764783 14.35172548890114 647.4302270635962 8.156684562563896 708.6582437828183 336.9748754501343 4.490370862185955 6635.22338026762 3.215430706739426 351.3329738676548 4486.86191996932 3825.228419266641 787.7524718567729 52.69837585091591 63.56244582682848 1028.671501204371 3.80671901255846 0 5.731848604977131 0.3955071046948433 2.481596082448959 0 0.1541337966918945 0.8275439888238907 0.1247994676232338 1.079664692282677 0.8899309635162354 246.2646102011204 0.1977649331092834 650.0360914096236 0.4412388429045677 0 0 0 14.02312419563532 2.156094945967197 0.2852588295936584 0 0.3718908652663231 0 6.066278025507927 207.0659071132541 145.4296344444156 175.7425889149308 2.221139162778854 0.8350071087479591 0 169.3409935086966 0 0 2.199530653655529 1.58844518661499 6.941600754857063 267.0966714471579 12.75661073625088 9.289532907307148 0.4862107783555984 1.101463139057159 183.3096610605717 3.240646347403526
1.437018841505051 0.1478933990001678 4.496706910431385 5525.742857247591 95.02938581258059 4166.863061539829 131.2239186242223 1238.760834738612 212.9838111773133 3620.315303407609 50.63099118322134 8361.935029171407 28.32042641937733 600.2249873951077 469.863207668066 2.691741168498993 0.9558157473802567 13.55018828809261 11.25223738700151 6768.688651174307 7.273412309587002 0.3137777000665665 5.151028253138065 135.0250083804131 0.9658873751759529 27.35041732341051 10.26597087830305 700.3701520785689 216.7031968012452 20.93861074000597 1.394347660243511 31.54731156677008 0.4573669731616974 101.6677779480815 6.926974438130856 366.8156334012747 122.0225206613541 494.3468224555254 125.0058902278543 1004.939903520048 30.47861808538437 6.615658856928349 3.752633303403854 0 0 0 103.5776146128774 0 1.004881680011749 2.809431523084641 3.569021314382553 59.75062929838896 16.7028728723526 0.12039515376091 68.53337390720844 0 1.567740470170975 5.476495638489723 0.7973770052194595 0 0 0 38.50605563819408 0 0 0 95.35242097079754 0.1256425231695175 0 0.1021917834877968 44.43689759075642 1.778322875499725 1.788260459899902 0 0 1.525005102157593 2.880217164754868 0 33.32852356880903 0.1966917514801025 14.63250568509102 1.439399570226669 32.85436071455479 0.9096378982067108 9.372862666845322 0.6647455096244812
0.1148165464401245 755.819066748023 2.309857167303562 47.456233471632 57.31783849745989 107.8394378125668 11.03413274139166 157.1548642814159 65.25206384807825 28.88396316021681 1835.008902095258 28.32042641937733 3718.548961631954 42.47859287261963 9.342653393745422 1.471386320888996 2.917564690113068 26.87061904370785 9.387779645621777 22.2677524164319 4.052264496684074 167.1300687193871 6.697460725903511 71.73331724107265 5146.941965825856 669.7783509790897 2540.857952751219 34.08435885608196 66.79691331833601 4.987663976848125 1583.028407715261 157.8111713677645 0 688.590757586062 18.70563757419586 1823.251787878573 3885.903286375105 3521.025176458061 783.8151196613908 323.9782364442945 184.3098400384188 838.565719589591 16.93428348749876 0 24.01848947256804 0 0.8394160717725754 0 0.751712828874588 0.2244665175676346 1.54890189319849 0.1584394425153732 0.112333320081234 744.7492263913155 0.991619274020195 1639.048856116831 3.47582645714283 2.797387480735779 3.185712158679962 0 27.11944621801376 3.822063602507114 0.7884779870510101 3.431534081697464 1.344174914062023 0.273545891046524 4.023467719554901 1190.906557001173 379.6225729361176 467.4404766187072 6.341916240751743 1.318400107324123 3.87300968170166 356.0847448855639 0.1394658833742142 0 15.69720963388681 2.57932060956955 240.2394063472748 890.3533937633038 264.7470658794045 93.91602645814419 16.92318341135979 80.52425560355186 543.8120361045003 4.26091904938221
7033.972434774041 0.689718522131443 410.4452080652118 146.191002830863 2.772116728127003 1164.250274702907 9718.126453951001 8284.256258487701 16.51544036716223 1394.467622119933 346.8694273680449 600.2249873951077 42.47859287261963 8719.068222120404 25.81772297620773 0.4761066287755966 295.5863799378276 92.397036857903 171.3558506220579 413.9243259429932 130.4819138497114 1.012789957225323 105.6931720674038 200.9135383591056 1.825109258294106 281.7221397608519 140.2260845676064 581.7955280691385 3952.13618741557 3058.06643845886 7.531434804201126 9.658171854913235 20.6074892282486 975.0329761728644 32.10848746448755 447.7454714998603 49.16726995259523 1301.809647943825 274.4955063089728 374.446597263217 31.57539346814156 8.095653623342514 10.85878895223141 0.934130497276783 0.09736967831850052 0.800891637802124 24.192662127316 0 0.6095701456069946 2.420828133821487 1.262126713991165 16.26440782099962 8.573764964938164 0.9060550332069397 5.462969221174717 0 2.592643827199936 2.852965876460075 2.106941066682339 0.07508586347103119 0 0 15.73994798958302 0.2808654084801674 0 0.1307778209447861 83.50644367933273 0 1.183453939855099 4.003276415169239 36.41193301230669 3.182588972151279 3.740096382796764 0.09846426546573639 0 0.1634364277124405 2.356556668877602 3.065383598208427 22.58234722167253 1.15330096334219 9.421582244336605 2.496834196150303 4.137573324143887 0.1907059326767921 2.526676975190639 0.1065030097961426
0 18.96490249037743 2.276770733296871 12.17319869995117 1458.969318449497 397.4353526309133 13.74260732531548 248.6364120841026 1489.793452888727 26.82026778161526 5.188264526426792 469.863207668066 9.342653393745422 25.81772297620773 668.828132674098 0 0.2118160724639893 0.4456844329833984 0.6265171319246292 26.68987531960011 0 25.80494056642056 1.54799747467041 235.0915391072631 4.935260027647018 2.786791674792767 20.75731386989355 28.65627088397741 9.763276875019073 4.486113898456097 0 100.7838007807732 0 50.55967722833157 2.166543960571289 254.3996866717935 31.66863338649273 34.00666806101799 16.52464789152145 1273.237702727318 72.23793382942677 1.221273422241211 2.634066790342331 0 0 0 25.61543959379196 0 0.8595406711101532 0.1739591658115387 0.6920654773712158 27.24033802747726 7.294101566076279 0.5685622096061707 9.794883668422699 0 0 2.153375029563904 0.1289276927709579 0 0.1166631355881691 0 19.34204088151455 0 0 0 41.14112094044685 0 0.3301965147256851 0.2071841359138489 13.27178270369768 0.4570329189300537 0 0 0 0 1.353542789816856 0 11.36313959956169 0.1394143253564835 4.20220610499382 0.3199869394302368 24.2299996316433 0.1450580209493637 6.423238530755043 0
0.3321649134159088 66.82655954360962 29.93406711518764 0 0 2.514349222183228 0.7207324802875519 0.834536999464035 61.35198441892862 0.1332516372203827 0.5137315541505814 2.691741168498993 1.471386320888996 0.4761066287755966 0 3009.191553711891 14.20528335869312 0.2862732708454132 0.2668863087892532 0 3214.500646151602 2454.598803721368 5457.060090966523 1647.690555296838 10.48907220363617 5.732492730021477 5683.110916249454 834.4618765488267 30.0468907803297 11.74843697249889 0.3291575610637665 0.2079703658819199 7.890648983418941 40.73295671492815 49.1052496060729 1828.585678324103 887.5010681077838 433.8399439379573 719.5857424214482 53.58878629654646 0.502093032002449 0.4846727550029755 14.66851841658354 3.534114696085453 2.594754822552204 49.43298337608576 0.3699163496494293 0 0.1066970899701118 3.824978820979595 0.9588802233338356 29.5867882296443 0 0 0 0 3.21843683719635 0 4133.257455997169 3.596790939569473 0 0.6915061324834824 0 493.3190755322576 924.1216245219111 2190.339501611888 407.7468323931098 0 2.848778687417507 470.6546774730086 245.073212146759 15.95909172296524 50.86667434871197 0 0 1.866133242845535 2.751357451081276 3.458342388272285 351.9486477226019 12.66739458590746 6.929443210363388 9.674439132213593 5.46762477606535 0.2708714306354523 0.1126091256737709 0
109.0652709305286 131.9566851854324 2134.412195235491 0.8005871325731277 0.3887047842144966 5.798525616526604 134.9941220134497 127.0074747651815 4.537399090826511 2.155384667217731 113.6034265607595 0.9558157473802567 2.917564690113068 295.5863799378276 0.2118160724639893 14.20528335869312 1532.108644515276 58.27327667921782 2135.986479997635 0.6463254913687706 690.1376133188605 23.32991488277912 1773.773699685931 54.85685312747955 0.408363550901413 5577.431898005307 6329.717394530773 86.44107251241803 551.0083777010441 1508.664933003485 1.204747088253498 0.7429122254252434 52.38050155341625 2862.126759439707 19.58551403880119 1270.836653083563 1640.711794815958 1710.225432723761 783.2711941674352 86.85277164727449 1.204927869141102 0.1875674724578857 6.106104291975498 0 71.88532938808203 109.0366220101714 0 0 0 0.3435378670692444 0 1.602685153484344 0 0.2443423420190811 0 0.4295766055583954 0.5173594355583191 0 4.543756738305092 31.07579823583364 0.3546484932303429 13.23451520502567 0 0.2369082421064377 8.083130441606045 4.10431507229805 8.977615095674992 0.573016069829464 283.8775197714567 810.6487049311399 3.149487495422363 0.1126574352383614 0.2048447504639626 0.1301666647195816 0 0 4.345214813947678 1.318091034889221 24.88601145893335 397.0665705054998 22.96776215732098 5.838310346007347 1.021900475025177 0 0.1545713692903519 0
0.8111067563295364 3.210723765194416 1.728775724768639 2.420869387686253 9.218125216662884 18.28393390029669 9.018507860600948 127.7229555621743 0.9878835827112198 12.12607835233212 3616.852287359536 13.55018828809261 26.87061904370785 92.397036857903 0.4456844329833984 0.2862732708454132 58.27327667921782 248.9006589129567 1020.101513341069 7.126029223203659 1.61442768573761 0.2261944338679314 6.615500420331955 3.108968496322632 3.731274232268333 1697.936388887465 158.849898763001 5.952011100947857 148.7013022191823 6.203261770308018 44.85499457269907 50.65314865112305 0.8947087228298187 855.7279236316681 3.060616172850132 370.8486638516188 869.8852334544063 1316.931399151683 350.2578871548176 13.77731422334909 3.364703677594662 9.334072142839432 3.230582013726234 0 4.379920721054077 0 0.4162356033921242 0 0 0 0 0.4827984943985939 0 16.37446595728397 0 72.18765506148338 0.1088631004095078 0 0 0 10.6588319838047 5.212541311979294 0 0 0.3399296402931213 0.1332344859838486 1.706086404621601 6.021340720355511 139.152502015233 150.6652044206858 0.1246299222111702 0.2384592518210411 0 45.95307423174381 0 0 0.6587637960910797 0.8563463985919952 2.498161248862743 19.76474602520466 3.447638086974621 0.5581663697957993 0 0.1406036466360092 1.456833072006702 0.2120923101902008
16.59468220174313 28.29242169857025 46.2471209987998 1.577512428164482 9.450393073260784 14.1038474291563 30.17882093787193 153.1207010298967 0.9742844179272652 13.64161211252213 958.7696518301964 11.25223738700151 9.387779645621777 171.3558506220579 0.6265171319246292 0.2668863087892532 2135.986479997635 1020.101513341069 2575.608539804816 6.860148951411247 37.64583367854357 1.022460475564003 209.5214815661311 7.254341118037701 1.926791936159134 7969.736074529588 1261.454635955393 12.13648306578398 361.9444222971797 135.1963099241257 15.29520863294601 39.97815269231796 24.59744024276733 4244.165100678802 5.010421730577946 607.2196889445186 840.9258298650384 2687.498768813908 540.3594571277499 20.64103808999062 2.190645895898342 0.986939862370491 1.901505120098591 0 21.62224844098091 3.061708651483059 0 0 0 0.246842160820961 0 1.803784437477589 0 1.651261381804943 0 7.104280963540077 0.3231921643018723 0 0 3.104995921254158 1.76503924280405 14.86164150387049 0 0 1.162664785981178 0 1.173836402595043 0.9750423431396484 168.3322273492813 223.6860073059797 0.1302949637174606 0 0 7.813238754868507 0 0 1.771784529089928 2.06735423207283 6.267482973635197 162.5558851435781 14.0590231642127 3.225055992603302 0.3918070495128632 0 0.3191345930099487 0
8.927389219403267 0 0.7467046305537224 5187.879623234272 1.869604609906673 618.8452086374164 85.85458675026894 479.6512004584074 522.9168789535761 2472.805965609848 24.86768805980682 6768.688651174307 22.2677524164319 413.9243259429932 26.68987531960011 0 0.6463254913687706 7.126029223203659 6.860148951411247 699.1957300081849 0.1845768317580223 0.2161329984664917 1.216299623250961 385.0233462378383 0.1845081746578217 11.85178830474615 3.317231148481369 1284.712126106024 247.370546028018 2.720648057758808 0.693353071808815 8.612262696027756 0.891103133559227 71.02276900410652 10.36491326242685 392.9775628745556 20.02940786629915 350.1061330512166 85.9633627384901 509.4159831851721 22.39734644442797 10.31806346774101 7.042398542165756 3.444162353873253 0 0 339.640689112246 0 4.670387156307697 10.03569157421589 5.212963901460171 100.0390462055802 82.331070356071 1.407841384410858 57.06893476098776 0 9.497673086822033 16.51635913550854 0 0 0 0 165.336308375001 0 0 0.1130283698439598 299.8182492032647 0 0 0.1745649874210358 163.0634913146496 12.31051000207663 2.496890902519226 0 0 0.6716279089450836 2.874839305877686 1.728861033916473 96.94926790893078 0.6781602427363396 33.37318624556065 8.456158861517906 62.17875342816114 6.670270040631294 4.966447129845619 0
57.84358782321215 3.647016085684299 5196.248377248645 0.1420782208442688 0 9.465290926396847 442.9848096519709 67.83849535882473 40.84944090247154 2.354689374566078 7.120740659534931 7.273412309587002 4.052264496684074 130.4819138497114 0 3214.500646151602 690.1376133188605 1.61442768573761 37.64583367854357 0.1845768317580223 10741.20322800428 57.92540861666203 16973.64639823884 655.8891440853477 0.0860062763094902 138.7520580813289 1412.126367390156 3168.507523998618 466.273256495595 9759.473615057766 0.1842950135469437 0.07690634578466415 67.84253456443548 2179.892284601927 286.9367547258735 5985.975380852818 1182.639420188963 5272.581861674786 3364.884517207742 133.3828017413616 5.090503104031086 0.5707479417324066 65.01474426686764 3.290425710380077 0.5138953924179077 11.79598709195852 0.4378900453448296 0 0.2497487962245941 5.968691386282444 0.6573705673217773 12.96689162403345 1.109624147415161 0 0 0 3.577832877635956 0 553.3657147735357 2.101671516895294 0 0 0 212.0819497704506 112.7662336826324 102.1164573207498 432.9235312342644 0 2.178110137581825 60.7144492790103 218.7112517654896 20.82238063961267 91.50510839372873 0 0 1.2447459846735 1.794811174273491 25.08782196044922 119.1015082895756 8.311676509678364 7.865924462676048 10.65804653614759 12.45958494395018 1.209791958332062 0.1318317204713821 1.100375860929489
0.1069997623562813 2047.876532927155 70.34599785506725 0.3119128048419952 0 0 0.3411267399787903 0.2011546865105629 1528.082402080297 0 7.487663120031357 0.3137777000665665 167.1300687193871 1.012789957225323 25.80494056642056 2454.598803721368 23.32991488277912 0.2261944338679314 1.022460475564003 0.2161329984664917 57.92540861666203 1303.477287396789 137.2003571093082 6674.038718886673 1058.695426933467 62.25383084267378 5394.580585755408 70.88869398832321 0.9783807173371315 1.689991399645805 11.86687340587378 0 0.1337559521198273 7.523491285741329 0.2435224205255508 21.92509639263153 14.3219188451767 22.15887767076492 8.423023827373981 9.07653371989727 0.1684273034334183 44.61662662774324 0.8335910439491272 0.3788192868232727 3.703546851873398 77.6746364608407 0.1813298016786575 0 0 0.2210300043225288 0.4270114749670029 64.42262989282608 0 1.339153818786144 0 2.90426167845726 0.8113038539886475 0 1242.961826443672 12.60040833055973 0.3420890420675278 1.055198274552822 0 98.2857793495059 78.72608749568462 428.3116339147091 58.02995041757822 5.321823544800282 17.45476374030113 1121.808390833437 26.98412448167801 1.019013248383999 2.449420295655727 1.316930204629898 0 0 5.698605485260487 0.4919109791517258 28.28219737112522 10.91802182048559 10.07914867252111 9.108645536005497 1.539582721889019 0.1885883063077927 0.9291429221630096 0
43.28452828526497 3.314679160714149 11334.42656008154 0.2342512831091881 0 5.000021882355213 160.7509536594152 57.55504240095615 1.754405677318573 2.146194577217102 10.99900272488594 5.151028253138065 6.697460725903511 105.6931720674038 1.54799747467041 5457.060090966523 1773.773699685931 6.615500420331955 209.5214815661311 1.216299623250961 16973.64639823884 137.2003571093082 13278.16764773428 334.1057679578662 0.688539557158947 927.1221833974123 11652.19268245995 563.3535998240113 163.7940502986312 3157.755497641861 1.983553759753704 1.092009447515011 16.43891979753971 2876.947873361409 193.1833784580231 7973.386916309595 4907.782150052488 7641.217282511294 7944.486371174455 449.2940143942833 7.761781260371208 10.52979473769665 56.13281483203173 0 0.6313595995306969 421.6680250763893 0 0 0.1934156492352486 4.011006735265255 0.4942106977105141 5.043152526021004 0.9161914139986038 0.2326661869883537 0 0 1.273896910250187 0 1629.297848276794 51.46521074324846 0 0.3539330884814262 0.4044228494167328 71.30729303508997 233.9519509151578 1397.629933960736 36.88403183221817 0 6.680339090526104 1408.442360453308 35.22108492255211 0.6878523081541061 6.35686057806015 0 0 0.1100253164768219 4.954356707632542 16.85875375568867 115.9975681900978 178.5397288352251 31.65420320630074 39.86547043174505 6.591155983507633 0.8544364273548126 1.02152556180954 1.162445262074471
75.89915065467358 907.5929521769285 329.2083139792085 2779.643177859485 4.519743144512177 81.42028344422579 1940.203115116805 89.68787667900324 12948.54756762832 156.5368102788925 10.25995920598507 135.0250083804131 71.73331724107265 200.9135383591056 235.0915391072631 1647.690555296838 54.85685312747955 3.108968496322632 7.254341118037701 385.0233462378383 655.8891440853477 6674.038718886673 334.1057679578662 10294.25348609686 328.3724609985948 39.44717241078615 2445.31322683394 7687.238819636405 1216.564866483212 1665.45822045207 5.849007643759251 3.666477337479591 150.1230201497674 331.8712687715888 153.0251447483897 2360.305588081479 301.7424190044403 954.8181120082736 427.639329880476 410.8257309272885 59.49551775306463 17.47293550521135 39.14821168780327 36.68199921399355 3.433311194181442 9.293278574943542 763.6564424186945 0.1029938235878944 45.38647469133139 129.4486686810851 34.57732808589935 1803.634697087109 230.942052192986 2.842295706272125 130.6379900276661 2.130349963903427 96.01060738414526 48.70478363335133 728.4594959616661 3.634304895997047 1.414328835904598 1.664642035961151 400.7618550434709 268.8400329351425 270.2861909344792 62.66331139951944 5747.377314090729 1.657143071293831 8.192490540444851 51.206906683743 1909.969311021268 213.2208895459771 353.9968994408846 1.647522047162056 1.440345868468285 15.48214637488127 50.23218192905188 30.05799297988415 735.2667194455862 12.63000326603651 279.4349257797003 56.5604712292552 226.1059652492404 43.30113542079926 20.82970204204321 9.186549790203571
0.1316566318273544 2243.87956687808 0.2355369254946709 1.438100874423981 1.693194538354874 2.072377182543278 0.42829929292202 6.055074065923691 318.9464217349887 0.3967844098806381 397.2730899378657 0.9658873751759529 5146.941965825856 1.825109258294106 4.935260027647018 10.48907220363617 0.408363550901413 3.731274232268333 1.926791936159134 0.1845081746578217 0.0860062763094902 1058.695426933467 0.688539557158947 328.3724609985948 372.0267937034369 378.3803731799126 4148.743582755327 2.570966929197311 3.365805298089981 0.09562099725008011 372.5580702796578 2.022597879171371 0 136.1062437817454 0 48.33035758137703 157.4943681359291 602.5962620973587 80.83602245151997 7.121808543801308 7.741304695606232 499.5708317756653 3.878703892230988 0 23.00444465875626 0 0 0 0 0 0 0.7160167619585991 0 122.2806437686086 0 634.3562488406897 0 0 0 0.395446315407753 7.065489880740643 2.068685330450535 0 0 1.525274932384491 0 0.5454901233315468 284.0982537567616 177.1977847069502 476.9721907451749 0 0 0 141.7498380541801 0 0 2.676972530782223 0.1692094951868057 0.6592091098427773 104.1294015794992 4.86074536293745 5.253559067845345 0 0.713222324848175 51.64299556612968 0
35.03960662335157 713.8157396614552 1898.615591339767 3.347783327102661 14.27467641979456 32.11705123633146 152.2007857188582 252.0661595910788 22.83429081737995 22.99415396153927 3216.952645927668 27.35041732341051 669.7783509790897 281.7221397608519 2.786791674792767 5.732492730021477 5577.431898005307 1697.936388887465 7969.736074529588 11.85178830474615 138.7520580813289 62.25383084267378 927.1221833974123 39.44717241078615 378.3803731799126 21546.21564971656 15646.54925279319 41.147565074265 457.4648356586695 239.8929663449526 693.2273305132985 66.6122627183795 26.54662470519543 2527.682838872075 29.63580429553986 3959.292313203216 6108.07038795948 4977.501484423876 1779.910186879337 151.2803973630071 8.577574260532856 15.21193216741085 21.26207783073187 0 619.4807868823409 154.8446437269449 0.7573780566453934 0 0 0.9751155748963356 0 9.404593251645565 0 161.3850115463138 0 866.0537368282676 2.314485363662243 0.1553729623556137 5.138278119266033 85.32578115165234 132.2165021300316 278.7576354295015 0.6641278862953186 0.5656288266181946 29.63053885102272 2.966054998338223 14.32101652771235 173.9183811619878 3490.983072176576 5919.507318720222 2.071245059370995 1.232877299189568 1.583128437399864 436.301103785634 0.1028394401073456 0 29.54558300226927 7.590892493724823 107.3396115228534 1784.786381952465 165.29438649863 22.43766809254885 2.747720949351788 1.010527893900871 7.266052849590778 0.9614455997943878
30.21252427250147 6229.010438121855 12336.47917985916 2.324980355799198 3.823107309639454 10.30885754525661 94.77325362339616 96.95106011629105 714.7682061344385 8.533633597195148 710.8879792764783 10.26597087830305 2540.857952751219 140.2260845676064 20.75731386989355 5683.110916249454 6329.717394530773 158.849898763001 1261.454635955393 3.317231148481369 1412.126367390156 5394.580585755408 11652.19268245995 2445.31322683394 4148.743582755327 15646.54925279319 20160.29169534892 716.4882075190544 216.8701964877546 231.9544440731406 1215.138918280602 12.52666897326708 19.88226875662804 2889.8799463287 99.00694739818573 7339.787270925939 3386.029868781567 7219.150011375546 4656.36629152298 414.5176251381636 11.17041289061308 18.94970005750656 42.81492231041193 0.1247219666838646 2651.03296367079 1845.751298218966 0.2467460632324219 0 0.4947462230920792 10.43916667252779 1.473172344267368 23.53909586369991 0.512482725083828 125.2285125479102 0.1039159223437309 654.6433584019542 5.697500452399254 0.2890273109078407 1375.154707811773 394.9831115752459 94.37342211604118 330.5175299867988 0.1718906313180923 31.05882134288549 795.0113573670387 1229.955265648663 44.69137774407864 304.745634585619 4883.714739076793 17279.79631861299 42.27966417372227 1.529809795320034 7.372322171926498 384.2613844946027 0 0.3132745027542114 77.54202879965305 12.93644289672375 376.8368301764131 2526.107178971171 351.6940696239471 140.8812043443322 21.58570225536823 1.603691056370735 7.430368416011333 1.704357609152794
158.2521900907159 11.48309394717216 566.2724541127682 5008.641923420131 1.292144626379013 852.8090172111988 16454.66210619733 331.5739738717675 1316.807769671082 2789.159050509334 14.35172548890114 700.3701520785689 34.08435885608196 581.7955280691385 28.65627088397741 834.4618765488267 86.44107251241803 5.952011100947857 12.13648306578398 1284.712126106024 3168.507523998618 70.88869398832321 563.3535998240113 7687.238819636405 2.570966929197311 41.147565074265 716.4882075190544 21931.20767785236 2005.968188330531 12103.79324204475 0.7830551266670227 7.379755862057209 155.9462874308228 530.438217073679 198.5065572783351 3603.096820041537 451.2390617206693 1602.996549323201 727.799145065248 459.8670599162579 65.95154654234648 7.828229300677776 59.21916006505489 13.56851527094841 0.5411869436502457 6.239806704223156 785.3146398961544 0.1478364616632462 21.62153522670269 68.03614994138479 18.47430444508791 528.7862700149417 192.1532282456756 1.188413180410862 99.53165680915117 1.636311590671539 43.52022019773722 25.70685474574566 320.2091939374804 2.178240351378918 0.2005202174186707 0.7910075858235359 354.6093311905861 136.489231325686 73.87833590060472 25.42959656566381 2325.346870742738 0.1034857556223869 0.7888478264212608 21.91578345000744 935.8917248398066 91.20681484788656 224.6690335869789 0 0 5.665642388164997 21.42493887990713 25.97109108418226 355.3142508268356 5.884037904441357 117.9995722025633 32.32350212335587 142.3286672383547 24.01361312717199 15.10967848449945 2.544625885784626
2191.50594099611 0.785937063395977 231.8572763539851 170.1438929960132 58.11054372787476 270.7460494711995 2153.324506860226 715.3257802687585 77.97959001362324 759.6881925575435 647.4302270635962 216.7031968012452 66.79691331833601 3952.13618741557 9.763276875019073 30.0468907803297 551.0083777010441 148.7013022191823 361.9444222971797 247.370546028018 466.273256495595 0.9783807173371315 163.7940502986312 1216.564866483212 3.365805298089981 457.4648356586695 216.8701964877546 2005.968188330531 16606.1852899529 6781.030642293394 11.92017579823732 1248.370045438409 3719.751240953803 4762.207191798836 42.22096032649279 472.8609408512712 84.57434230297804 3026.039472267032 353.4854552745819 197.4295419082046 62.55915084481239 9.207982532680035 14.40628450363874 1.562217012047768 0.8183470442891121 0.3296434357762337 27.6075144931674 0.1607904732227325 2.068373531103134 7.100014097988605 4.211497597396374 37.22084088623524 12.48129989951849 0.5445457622408867 4.474978692829609 0.4377929717302322 8.524622224271297 1.815095379948616 12.86802318692207 0.2654925137758255 0.2638144269585609 0.3074229955673218 16.20002099871635 3.184367135167122 0.8172014728188515 0.668487474322319 256.1180198043585 0 2.324333883821964 6.974870696663857 107.0496743693948 14.03606873005629 14.52748697251081 0.3640530854463577 0 0.3636181652545929 2.370831467211246 2.233741365373135 61.87263499200344 1.714917078614235 25.14429899305105 4.382941633462906 14.51687500625849 2.814225673675537 1.422060169279575 1.136489793658257
