828.9868315085769 0 21.67525111883879 4.800730973482132 1.172117829322815 13.58869668096304 3021.858196929097 1166.399269960821 0.943446584045887 10.77726550400257 20.61721532791853 0.7499229162931442 0.8385802954435349 3752.550656616688 0.1098091676831245 1.052679866552353 281.7702100872993 8.610948614776134 36.32913529127836 3.13011147454381 63.24995652586222 1.679012402892113 236.9955219104886 33.09571093320847 0.1396108865737915 46.87527180463076 32.63685880601406 99.89311939477921 4443.452632039785 3340.047724582255 0.7418050169944763 16.50457566976547 46.53141625970602 295.1630217507482 1.500671684741974 58.65348674356937 16.95031303912401 262.2466201409698 38.06567417830229 5.381126038730145 2.012987524271011 0.8156059235334396 0.2555988952517509 0 0.2302462682127953 0.6907450705766678 0 0 0 1.001020461320877 0 0.3989188447594643 0.5914344191551208 0 0 0 0 0 0.2872375845909119 0.09769076853990555 0 0 0 0.366943471133709 0 0.1462372392416 1.570970721542835 0 0.4091034680604935 1.483450412750244 3.048857674002647 0 0 0 0 0 0.3555001020431519 0 0.8926371932029724 0.1107830330729485 0.5279214307665825 0 0 0 0.09734018892049789 0
0 94.5540329143405 54.91482174396515 0 0.2053464576601982 0 0.2963828146457672 0.6448765993118286 578.1039751619101 0 13.88047733902931 0.469486266374588 715.3456846103072 0.3450652435421944 1.395183846354485 79.29147557169199 23.58748491108418 4.15252435952425 18.00167801976204 0.3262080773711205 3.421231865882874 2642.823769547045 19.4011802226305 649.4090572148561 2416.441118188202 265.4592939838767 6645.310267902911 2.840429790318012 0.9415339604020119 1.366138979792595 45.60500661283731 0.1095825657248497 0.7418415099382401 71.43129885941744 0 36.49921254813671 192.3854422792792 92.29541897773743 11.60440149903297 5.761433094739914 0.2553677409887314 267.8439926803112 0.1255128085613251 0.2211373299360275 79.97903678566217 156.1167487725616 0 0 0 0.3107856661081314 0.09829320013523102 0.3278387933969498 0.4051518142223358 2.362845398485661 1.093075178563595 13.83757203072309 0.5161774531006813 0 2.543440438807011 15.19663022458553 0.6307035535573959 7.798460461199284 0 0.4087038710713387 58.22059597074986 6.410716071724892 1.049798041582108 12.15369150042534 142.903347812593 1425.6184932217 1.100644379854202 0.09683568775653839 0 5.349146470427513 0 0 5.086208745837212 0 8.932519137859344 32.96429044008255 17.56116523593664 2.390425808727741 0 0 0.5590632706880569 0
21.67525111883879 54.91482174396515 5307.468620657921 0.2942318320274353 0.1267492324113846 2.54311316460371 34.95997641980648 69.46145162731409 40.40791189670563 0.7291530072689056 18.29753561317921 0.4214927405118942 1.959054566919804 74.82364589720964 2.831948578357697 28.25495407730341 4987.342718705535 9.381372809410095 141.4572956413031 0.1733081415295601 139.6323763802648 70.17748096585274 8182.068500719965 172.685851700604 0.8263475596904755 7889.217367947102 8104.141381122172 14.22467213869095 62.23863815516233 157.4975790828466 0.7436260282993317 0.8544671535491943 11.67278938740492 582.9994486644864 21.02490164339542 1423.836135670543 4041.859349004924 2089.141649723053 614.3544662818313 51.18912008404732 19.85251902043819 6.059139296412468 4.443234488368034 1.1511594876647 306.7198636829853 1612.669328548014 0 0 0 6.387623220682144 2.74364247918129 1.325392574071884 0.1350943446159363 0.08122272044420242 0.4689571410417557 0.2227753475308418 5.449492014944553 0 79.65440322458744 41.684888869524 0.343685619533062 3.360774040222168 0 19.78133913129568 400.3489216938615 526.3115900531411 5.218202233314514 1.005974285304546 51.22075808048248 3362.625033438206 6.838602378964424 1.281070373952389 2.670921005308628 0.3253927156329155 0 0 17.6619995906949 6.391907319426537 68.46655347943306 214.0922951251268 76.98067717254162 21.621353559196 1.188250429928303 0.2705493867397308 0 0
4.800730973482132 0 0.2942318320274353 1483.513586625457 19.31855311989784 147.1751059666276 275.3118980675936 110.9452022463083 939.9288929030299 1854.895739085972 1.58711139112711 410.9199223443866 0.2697706893086433 89.66964560747147 357.7515285238624 0 0.2549755200743675 0.5290459468960762 1.568284623324871 3322.245821259916 0.9183197245001793 1.548366025090218 6.16637410223484 1888.522006496787 0 2.737183555960655 2.165302723646164 4165.247508645058 83.43768140301108 4.600287660956383 0.0844968780875206 2.70185112953186 5.352926269173622 62.44121128320694 6.926756948232651 333.3331515863538 2.717001616954803 128.2736065909266 61.51862914115191 458.3551956042647 4.575786478817463 0.2166528850793839 1.870495118200779 0.2226166576147079 0 0 79.39021988213062 0.4405999481678009 33.53556019812822 111.8805917873979 33.8933237940073 87.12652184814215 319.6761798560619 0.7475856393575668 39.72448735684156 0 15.17559941112995 8.35593643784523 0.1261865794658661 0 0.7785435691475868 0.1159526780247688 101.5922773778439 0.116925872862339 0 0.2501797378063202 333.6971036717296 0 0.9569195434451103 1.312257453799248 450.7439200729132 3.650430053472519 0.383710004389286 0 0.2574888169765472 0 3.873529195785522 0.6184898018836975 82.54306084662676 0 27.75528229773045 3.352919109165668 70.45699779689312 1.540441945195198 0 0.4884312599897385
1.172117829322815 0.2053464576601982 0.1267492324113846 19.31855311989784 0 56.85049810260534 1.659128688275814 23.780238263309 51.39491632580757 6.236788898706436 4.775714606046677 83.98728676885366 0 10.64907512813807 768.5438427254558 0.1327647417783737 0.4550465121865273 0.784403532743454 1.765640154480934 11.64691184461117 0 0.2414973750710487 0.1396953612565994 56.43376098573208 0 1.067006729543209 0.6261706724762917 7.962032459676266 5.769834794104099 0.2098366096615791 0 0.5891221165657043 0 41.24867850542068 0 7.977700755000114 0.7416321039199829 39.18456657230854 10.99630750715733 1975.677574619651 1.158682942390442 1.255519390106201 0 0 0 0 0 0 0 0.1226949319243431 0 0 0.2363926321268082 0 0.1810235232114792 0 0 0.1340839862823486 0 0 0 0 0.2203713580965996 0 0 0 0.1087918132543564 0 0 0 0 0 0 0 0 0 0 0 2.078967809677124 0 0 0 0.3416610211133957 0 0 0
13.58869668096304 0 2.54311316460371 147.1751059666276 56.85049810260534 5809.659506671131 2046.080644886941 5037.496913835406 244.5648921132088 9282.412622280419 33.71623029559851 3691.959560103714 2.171270698308945 340.309821728617 581.2414472699165 0.1989423707127571 5.177754119038582 9.703103356063366 7.18002163618803 1459.152975462377 8.256071634590626 0.1577979624271393 16.09817366302013 386.9035302326083 4.854790866374969 25.29981818795204 11.10369104892015 971.9452256262302 199.1075426898897 35.5154484808445 0.2842385470867157 176.3591691926122 2.335522904992104 470.09276650846 0.8336053639650345 640.9723358303308 15.10185419023037 438.7173336148262 221.2317849546671 2081.416253097355 109.1848696172237 17.69803155958652 2.551974333822727 0 0 0.1547189354896545 11.42789962887764 0 6.033220857381821 45.38981603831053 5.094958320260048 11.70809786021709 41.9592772051692 0 16.0762715190649 0 6.2463713362813 3.471550680696964 0 0 0 0.1122376918792725 17.63579922914505 0.618585467338562 0 0 56.8853562772274 0 0 1.219883978366852 122.883081227541 2.503021687269211 0.1328116208314896 0 0.1176169812679291 0 1.071105495095253 0 69.12784197926521 0 11.29274645447731 0.8534641936421394 46.70569072663784 0.9598864912986755 5.203812092542648 0.2931199371814728
3021.858196929097 0.2963828146457672 34.95997641980648 275.3118980675936 1.659128688275814 2046.080644886941 11406.46647181362 5106.498188383877 241.374787285924 3979.039220042527 27.58962219208479 11.33997140824795 2.197158843278885 7708.66698449105 15.14564111828804 15.44493752717972 73.2356059551239 11.43390198796988 12.83401190489531 41.27814402058721 314.0700664445758 4.449288673698902 919.5684490278363 1125.799667291343 0.3224553242325783 43.66177913546562 32.40327819809318 13909.42412638292 2031.657032243907 4989.450133159757 0.890085868537426 25.3301495090127 101.0935498103499 700.0338384434581 54.42422404885292 1480.479126557708 37.36891264468431 1254.248506262898 582.1609365716577 175.0171608328819 43.43189834058285 3.154237367212772 14.41566013544798 1.504081778228283 0.5645558089017868 0.1422118544578552 13.03579419106245 0.127082034945488 9.024714142084122 141.0828701406717 32.63125007599592 114.2865916118026 37.55946407467127 1.089034825563431 8.188124015927315 0.1951488330960274 26.75953762233257 6.867347881197929 2.517026521265507 0 0.6677848994731903 0.4575001746416092 11.14114809036255 8.561090625822544 2.903752163052559 2.160022869706154 287.0963464826345 0.1862929463386536 1.502976335585117 1.942960016429424 483.2536871433258 12.90450897812843 4.454593673348427 0 0.09040757268667221 0.1844811961054802 5.257455758750439 2.064840048551559 76.89137088507414 0.9548670426011086 41.93400663137436 11.69977372139692 30.49631298333406 3.488655529916286 0.2253633365035057 1.343000821769238
1166.399269960821 0.6448765993118286 69.46145162731409 110.9452022463083 23.780238263309 5037.496913835406 5106.498188383877 5728.877539493144 53.44154970347881 1786.90389675647 305.3915426954627 430.5280703306198 15.12549417465925 6783.760116204619 50.53703987598419 5.463043078780174 331.0402003601193 78.98549222201109 108.9980786666274 284.406424049288 126.1501776278019 1.107803255319595 366.6587761566043 450.5554700046778 2.806690521538258 260.9924504309893 103.2447758838534 1267.760631658137 862.5707934312522 1141.524354167283 7.770909450948238 514.5742192864418 9.132599122822285 2029.265712149441 6.189867943525314 593.6682899817824 59.19851239025593 1255.934475548565 371.3191667497158 1093.558023966849 314.0456188991666 38.17080128192902 6.725666202604771 0.09235111624002457 0.1340405941009521 1.711211524903774 9.993568792939186 0 6.499607391655445 61.14167546480894 8.626145794987679 12.25915586948395 21.82596726715565 0.3445586264133453 2.70477756857872 0.1849768161773682 9.883918650448322 3.101111620664597 0.6165524274110794 0.1366726905107498 0.1041076853871346 0.375347338616848 8.704948969185352 0.1353242695331573 0.9719173610210419 0.2420287802815437 54.84931978583336 0.1983240246772766 1.259784825146198 6.306213565170765 138.8445478826761 2.689750596880913 0.09412599354982376 0.2786265164613724 0 0.1914490610361099 1.406940422952175 0 26.116086833179 0.5280866026878357 14.58583406358957 3.057307496666908 12.39376311004162 2.764498814940453 5.325069822371006 1.070542395114899
0.943446584045887 578.1039751619101 40.40791189670563 939.9288929030299 51.39491632580757 244.5648921132088 241.374787285924 53.44154970347881 742.6704368814826 159.8542800173163 1.760273315012455 260.0386940985918 30.09609381854534 15.76631323993206 706.0487335920334 97.32096274197102 3.656912215054035 0.8780097663402557 0.8201304823160172 292.8051616698503 16.05924019217491 2536.693776257336 23.89403039962053 3974.622394703329 153.7320389077067 14.31164292991161 854.459099277854 612.1865264028311 18.27579116076231 35.80205632001162 2.698745913803577 18.7145920842886 3.618385903537273 28.16179675608873 4.343256160616875 505.0669989138842 16.91169422864914 80.98443233221769 41.46520633995533 297.8033350929618 4.72311432659626 6.354380376636982 3.396167099475861 2.670166485011578 5.852315209805965 2.354068957269192 50.27526761591434 0 20.47021303325891 201.9542112275958 48.3082385212183 219.0568565577269 107.1248288601637 1.402107462286949 19.9882500693202 0.698998786509037 38.76365768909454 13.97142247855663 173.3056889399886 0.08758752793073654 0.4598314836621284 0.491797000169754 42.24014972150326 109.2887186482549 173.1272895261645 71.61703296005726 1435.977395169437 2.389875821769238 1.743012838065624 35.60743271559477 1032.518506065011 16.42629678547382 59.21421755105257 0.3965133801102638 0.4448731020092964 1.412270322442055 14.73677217960358 2.329118281602859 147.3355317413807 1.473736934363842 66.31651441752911 24.21376280486584 58.17058501392603 7.526785761117935 0 3.411757566034794
10.77726550400257 0 0.7291530072689056 1854.895739085972 6.236788898706436 9282.412622280419 3979.039220042527 1786.90389675647 159.8542800173163 16481.25803244114 38.6922944560647 1624.609042461962 3.355652838945389 561.2704053297639 53.79132944345474 0.6753373146057129 2.510426133871078 16.62569392472506 10.87065970525146 3811.872553806752 1.747433356940746 0.1023096889257431 3.255551911890507 153.6731866002083 0.5979902073740959 50.43075480312109 20.14960647374392 3423.377025477588 397.0709997825325 6.088810630142689 1.928245984017849 34.50454471632838 5.663502305746078 525.8499097488821 9.998145014047623 704.3751339539886 26.44719749689102 957.789284337312 207.6647580042481 216.6156383827329 28.44716960191727 2.788201279938221 6.774385303258896 0.5961842983961105 0 0.1407794058322906 52.46443628519773 0.3212232142686844 30.24199397861958 119.2320854961872 30.91279345005751 43.43168358504772 190.6101961508393 1.24809954315424 26.33302766829729 0 18.65387803316116 8.936700977385044 0.2891019508242607 0 1.076192453503609 0.6351054608821869 76.8089217171073 0.3162017911672592 0.1490358710289001 0 255.6104242056608 0 0.5756898745894432 0.5941187292337418 388.5580231919885 5.855967506766319 0.6123657375574112 0 0.7387243509292603 0.1956845596432686 4.902810595929623 0.1573645919561386 137.6205067336559 0.07959040254354477 29.85996746271849 4.916497364640236 66.21343748271465 1.56546027213335 0.5027256235480309 0.8213240057229996
20.61721532791853 13.88047733902931 18.29753561317921 1.58711139112711 4.775714606046677 33.71623029559851 27.58962219208479 305.3915426954627 1.760273315012455 38.6922944560647 6164.206156253815 17.55010271072388 1450.894352473319 312.8966104611754 0.2866557613015175 2.299412205815315 172.8368658274412 2416.875492669642 1320.098352849483 15.82783149182796 26.83671904355288 4.019385427236557 76.44951342046261 15.16935683041811 284.4555013105273 2909.302524834871 323.6860282868147 15.5229158103466 442.1711429655552 13.42130397260189 488.8854580000043 180.8841182589531 2.392477795481682 8084.787808507681 0.4300240129232407 121.7355851009488 3112.112720265985 3308.596458233893 414.0900413244963 7.04632605612278 8.397439926862717 533.5032410621643 3.863255858421326 0 3.165229447185993 0.9672498553991318 0 0 0 1.676652908325195 0.6437811255455017 0 0.1331716924905777 95.82522777467966 0 448.2392109036446 1.357170730829239 0 0 1.233731605112553 5.011027909815311 7.933255486190319 0 0 0.1169253140687943 0 1.031931549310684 158.2496955022216 61.33597059547901 180.8501191958785 3.879053473472595 0.07873589545488358 0.680371880531311 72.05861534923315 0 0 0.7486920356750488 0 4.525391161441803 408.9697190225124 14.81612878292799 0.7825565859675407 0.07620170712471008 0.298126757144928 136.0862400531769 0.09556110203266144
0.7499229162931442 0.469486266374588 0.4214927405118942 410.9199223443866 83.98728676885366 3691.959560103714 11.33997140824795 430.5280703306198 260.0386940985918 1624.609042461962 17.55010271072388 5520.391514267772 1.470442473888397 125.6066879741848 729.716236948967 0 0.3844986334443092 8.801804132759571 4.323714971542358 2199.489911656827 0.09241234511137009 2.740683607757092 3.025000140070915 400.080359429121 0.5401460602879524 22.36854256689548 7.64418163895607 160.7840745933354 73.18729452043772 1.553110368549824 0.3202873021364212 22.35341827571392 0 183.1487140208483 1.253550000488758 818.5127994641662 7.528190754354 248.9905691221356 47.96561916172504 660.1659375280142 7.977996923029423 1.558806285262108 1.404890015721321 0 0 0.1212291941046715 26.03479521721601 0.346237376332283 18.13298720866442 30.98575486242771 4.391960002481937 20.4488737359643 118.4751064702868 0.5940570831298828 107.0530054196715 0 3.092201821506023 8.460505224764347 0.4630191028118134 0.09712951630353928 0 0 46.71144809573889 1.012800097465515 0.5194603800773621 0 80.99681824445724 0 0.1168907135725021 0.105939082801342 120.2615387290716 1.219469323754311 0 0 0 0 1.203147485852242 0 133.6337066590786 0.08807309716939926 12.11474706232548 1.235288716852665 88.63388396799564 0.631455197930336 0.2090822011232376 0.106827549636364
0.8385802954435349 715.3456846103072 1.959054566919804 0.2697706893086433 0 2.171270698308945 2.197158843278885 15.12549417465925 30.09609381854534 3.355652838945389 1450.894352473319 1.470442473888397 1270.861618123949 10.99698520451784 0.3118411898612976 7.32236985117197 2.272348061203957 96.23639050871134 18.97873932123184 1.783398024737835 1.469607427716255 141.660206861794 4.266443505883217 32.15871541202068 2211.657562159002 370.4500499144197 2826.114307269454 2.035585999488831 9.519784167408943 0.1570862904191017 822.8405530899763 7.239912740886211 0 1383.377446979284 1.173354387283325 197.6104864627123 2928.873426705599 1555.100342690945 292.720477886498 11.90753184258938 39.02557031810284 454.3263964504004 2.301325082778931 0.08923152834177017 32.90720400959253 0.9169632792472839 0 0 0 0.1293872743844986 0.09833454340696335 0.2823038026690483 0 265.2447569668293 0 1917.349625438452 1.081958681344986 0 0 3.91523502022028 24.99900837242603 20.05441136658192 0.1019307151436806 0 1.594568595290184 0.6001436859369278 0.8996343612670898 813.143765874207 321.7701207175851 791.0572211891413 0.2718129977583885 0.6037278696894646 0.3509728610515594 431.3115473538637 0 0 5.078517735004425 4.425309956073761 29.28563605993986 730.6979557275772 28.87929581105709 3.201368600130081 0 1.11909881234169 147.582601249218 1.610436797142029
3752.550656616688 0.3450652435421944 74.82364589720964 89.66964560747147 10.64907512813807 340.309821728617 7708.66698449105 6783.760116204619 15.76631323993206 561.2704053297639 312.8966104611754 125.6066879741848 10.99698520451784 9450.176723100245 5.925538703799248 4.996622145175934 560.5146952942014 78.19501570612192 141.50508877635 135.7899461016059 122.2891436219215 3.098695337772369 449.6775989234447 347.7856427431107 1.504062637686729 299.3606478907168 136.5783163830638 969.9421620965004 4841.983416631818 2112.207203261554 5.66399285197258 126.2105245813727 30.82027996331453 1564.796550836414 1.985383853316307 227.7520002946258 54.88149047642946 1227.549009621143 115.2983145564795 88.01240409910679 14.06185456365347 4.946661926805973 2.181362889707088 0.8067738711833954 0.342778742313385 1.320861130952835 3.714854329824448 0 1.817745804786682 17.59720507264137 1.891032844781876 4.063992723822594 7.375831358134747 0.09520230442285538 1.443898774683475 0.601302795112133 2.336320541799068 0.09769609570503235 0.3074816465377808 0.1104828119277954 0 0.1658076047897339 1.64392226934433 0.5218305662274361 0.2260376587510109 1.051276311278343 27.53492317348719 0.1026080623269081 1.793558165431023 5.636851899325848 48.86146879196167 0.841204397380352 0.7501524165272713 0.3023759499192238 0 0 1.300810553133488 0.3972268104553223 12.15253510326147 0.320971705019474 4.256856143474579 1.442742332816124 3.27419351041317 0.6876442283391953 0.111046738922596 0.6230490282177925
0.1098091676831245 1.395183846354485 2.831948578357697 357.7515285238624 768.5438427254558 581.2414472699165 15.14564111828804 50.53703987598419 706.0487335920334 53.79132944345474 0.2866557613015175 729.716236948967 0.3118411898612976 5.925538703799248 335.9632620364428 0.1957193613052368 0 0.5034590661525726 0 197.777617841959 0.3389927297830582 13.5372157394886 1.804760336875916 1457.514137975872 0.1575451195240021 0.596495658159256 7.854452103376389 106.8555758148432 3.60201196372509 1.813103973865509 0 45.04219529032707 0 15.30065621435642 0 167.2509483322501 1.05445484817028 18.2501587420702 4.460062004625797 1200.16034989804 15.38046250492334 0 0.1430896520614624 0.7675485014915466 0 0 2.753391705453396 0 1.334711492061615 5.190926484763622 0 0.2670270577073097 4.625268630683422 0 10.01499210298061 0 0.100821390748024 0.1550360769033432 0.5513998493552208 0.4964528679847717 0 0 2.449583269655704 0 0.6750379800796509 0 2.393599070608616 0 0 0.3764955401420593 10.88673825562 0.1943544894456863 0 0 0 0 0 0 15.04493553936481 0 0.2685136497020721 0 8.096811667084694 0 0 0
1.052679866552353 79.29147557169199 28.25495407730341 0 0.1327647417783737 0.1989423707127571 15.44493752717972 5.463043078780174 97.32096274197102 0.6753373146057129 2.299412205815315 0 7.32236985117197 4.996622145175934 0.1957193613052368 3227.817553676665 18.67157387733459 1.143949173390865 6.185115084052086 0.269844762980938 2747.490837223828 2302.661285974085 2749.033880144358 2737.076571941376 31.52676784992218 27.57182489335537 3657.908211417496 1297.357861295342 9.915659129619598 224.8194909840822 0.4761494472622871 0 4.447894126176834 64.85384486615658 27.01478362828493 1862.988214589655 495.8384174630046 457.6686603426933 550.8769047036767 52.59921361505985 8.77839844673872 2.485810294747353 11.22795562446117 0.815823495388031 6.660737931728363 19.49445963650942 0.971722885966301 0 0 10.24915321171284 2.319533362984657 34.48070180416107 0.4245981276035309 0 0.3748998194932938 0 2.091366916894913 0.6741539165377617 1738.663168102503 0.8572208434343338 0 0.2019276916980743 0.4781853556632996 325.7991542071104 642.8352273851633 987.2841693013906 238.6708859875798 0.2123929858207703 1.933646559715271 588.2773637324572 177.9851279705763 4.18377809971571 150.8276110067964 0.1244351714849472 0 0.2360459938645363 2.426529318094254 2.40197017788887 237.8522497266531 11.92379088699818 14.22392609715462 17.13374986499548 20.37893265485764 2.415170520544052 8.54341197013855 0.2468286007642746
281.7702100872993 23.58748491108418 4987.342718705535 0.2549755200743675 0.4550465121865273 5.177754119038582 73.2356059551239 331.0402003601193 3.656912215054035 2.510426133871078 172.8368658274412 0.3844986334443092 2.272348061203957 560.5146952942014 0 18.67157387733459 2001.86993496865 72.8615006506443 4705.269344009459 0.6635947227478027 1857.458687506616 10.25832731276751 6184.251669928432 17.66213668137789 5.073151789605618 4299.790815941989 5164.05321483314 227.1268908828497 595.1318037286401 2032.534771770239 0.7967602387070656 1.721124783158302 25.33321166783571 735.4047190919518 1.675512924790382 331.7947167754173 3053.259838178754 410.5661357045174 106.7684982046485 7.326700083911419 0.2057877331972122 6.123219527304173 1.384819969534874 0.2264024838805199 41.52264454960823 333.9523108005524 0 0 0 0.6527898907661438 0.4288592860102654 0 0 0.1357864886522293 0.2811691239476204 0.5369761735200882 0.6415577381849289 0 3.410698853433132 55.89714151620865 0.3317660018801689 7.667752183973789 0 1.633933566510677 9.669992409646511 19.93683601915836 0.4212218672037125 0.3702195286750793 166.668054535985 623.3507155478001 1.681871622800827 0.08948066830635071 1.111647099256516 0 0 0 9.919290907680988 0.428409218788147 22.50148756802082 228.6158762276173 42.99178332835436 6.575635187327862 0 0 0 0
8.610948614776134 4.15252435952425 9.381372809410095 0.5290459468960762 0.784403532743454 9.703103356063366 11.43390198796988 78.98549222201109 0.8780097663402557 16.62569392472506 2416.875492669642 8.801804132759571 96.23639050871134 78.19501570612192 0.5034590661525726 1.143949173390865 72.8615006506443 314.6624242961407 1508.621284715831 6.11739394813776 7.941678695380688 0.7765628844499588 22.70904889702797 4.47678168118 17.46904422342777 3091.939917452633 776.2708053961396 6.854586809873581 86.73359949141741 5.45452943444252 280.0418843477964 26.79944042116404 0.8113523796200752 1703.748902529478 0.7379575818777084 150.2935278564692 710.4687663242221 712.2728383466601 125.5804871693254 4.546682104468346 0.3460579961538315 4.451109662652016 0.1386332958936691 0 2.065923132002354 0.3346625715494156 0 0 0 0.9358763620257378 0.1004139259457588 0.1760777682065964 0 1.444032408297062 0 37.66371457278728 0 0 0.3789509460330009 1.740575946867466 2.015866011381149 4.957640446722507 0 0 0 0.4266939014196396 0.7901897877454758 18.38488367944956 51.59652725607157 122.8635429367423 0.8952160254120827 0.08059675246477127 0 16.94061760604382 0 0 0.6229362264275551 0.1727049946784973 1.134267844259739 6.764231152832508 1.700420148670673 0.5628751516342163 0 0 0 0
36.32913529127836 18.00167801976204 141.4572956413031 1.568284623324871 1.765640154480934 7.18002163618803 12.83401190489531 108.9980786666274 0.8201304823160172 10.87065970525146 1320.098352849483 4.323714971542358 18.97873932123184 141.50508877635 0 6.185115084052086 4705.269344009459 1508.621284715831 939.378375954926 5.225229524075985 142.2428933605552 0.8381767049431801 722.6680027768016 8.751841172575951 20.61168406158686 8006.209993839264 889.5293928310275 17.71740388125181 162.5315311104059 117.5663146227598 10.44448561966419 15.58280691504478 7.121521331369877 2539.491182900965 0 100.3452758193016 1120.397277399898 523.3696156740189 68.91843050718307 5.506319314241409 0 9.289145305752754 0.1209202036261559 0.1787110045552254 57.08091476559639 29.64602426439524 0 0 0 0.594378687441349 0.1691882610321045 0.1126045808196068 0 0.9172830358147621 0 12.70579149574041 0.4326503425836563 0 1.700285583734512 39.96237813681364 3.344948031008244 48.15706391632557 0 0.2128808200359344 0.8319678753614426 1.55582931637764 0.4069503024220467 24.38880428671837 538.3791299238801 618.3640981242061 0.7967170476913452 0.334151566028595 0.8705713972449303 5.988589376211166 0 0 15.45576598495245 0 17.90452770888805 186.7113693729043 36.51490128785372 8.712697632610798 0 0 0.9337539672851562 0
3.13011147454381 0.3262080773711205 0.1733081415295601 3322.245821259916 11.64691184461117 1459.152975462377 41.27814402058721 284.406424049288 292.8051616698503 3811.872553806752 15.82783149182796 2199.489911656827 1.783398024737835 135.7899461016059 197.777617841959 0.269844762980938 0.6635947227478027 6.11739394813776 5.225229524075985 911.0856682397425 0.1505610644817352 0.2913533449172974 1.2598000690341 258.9229069650173 0.07875367254018784 23.35977402329445 8.911893896758556 3782.964591410011 121.9615614339709 1.259319350123405 0.5817752182483673 20.32573499158025 0.8218765631318092 159.6565575227141 4.245388463139534 493.3617598265409 13.75487665086985 305.1419084966183 70.13196960091591 346.2376916408539 8.895183399319649 1.045547038316727 1.917451195418835 0 0 0.07179293036460876 62.83091869950294 0.4633324891328812 33.06286063790321 99.12689814716578 26.61443956196308 40.45918782055378 216.350798740983 1.182196542620659 32.02338553965092 0 9.553466029465199 9.945197738707066 0.1324593126773834 0 0.614887498319149 0 88.23431783914566 0.1809756904840469 0.1042359918355942 0.1342283636331558 205.2742075920105 0 0.6302246600389481 0.287645012140274 328.2163642272353 4.059227094054222 0.13737453520298 0.3583439290523529 0.1359895318746567 0.1128841862082481 3.947925180196762 0.1358903050422668 171.2892420291901 0.07836765050888062 29.04492171108723 4.887459397315979 95.37963547557592 2.879978753626347 0.09192730486392975 1.479690007865429
63.24995652586222 3.421231865882874 139.6323763802648 0.9183197245001793 0 8.256071634590626 314.0700664445758 126.1501776278019 16.05924019217491 1.747433356940746 26.83671904355288 0.09241234511137009 1.469607427716255 122.2891436219215 0.3389927297830582 2747.490837223828 1857.458687506616 7.941678695380688 142.2428933605552 0.1505610644817352 6230.463883772492 231.6420749053359 14430.40679795295 266.2749481126666 6.826566189527512 97.27865736186504 1214.669708654284 3929.930911749601 145.8629593849182 8859.194682359695 0.2573633342981339 0.8922941535711288 24.4650137796998 1996.122253641486 73.55841503292322 4337.800789743662 1134.656142443419 2889.580560564995 2192.483216680586 122.9457541108131 15.22274224460125 2.877742238342762 29.1818115785718 0.194481261074543 0.9747325256466866 12.54105622321367 0 0 0 16.38790135085583 1.664881631731987 29.79467175900936 1.293525904417038 0.7869735509157181 0 2.23802375793457 0.4575615599751472 0.3249285519123077 261.6742287650704 1.185697130858898 0 0.3619092702865601 0 241.975500062108 98.84069671481848 173.7604823857546 231.8814202770591 0.1853623688220978 1.861938662827015 64.28743252158165 182.0244432762265 4.604251191020012 160.2171906679869 0 0 0.8417708203196526 5.702334471046925 8.103794723749161 217.9125666543841 4.706713259220123 18.26444370299578 14.13424526900053 34.27432875335217 5.225963890552521 14.40550633519888 1.330692231655121
1.679012402892113 2642.823769547045 70.17748096585274 1.548366025090218 0.2414973750710487 0.1577979624271393 4.449288673698902 1.107803255319595 2536.693776257336 0.1023096889257431 4.019385427236557 2.740683607757092 141.660206861794 3.098695337772369 13.5372157394886 2302.661285974085 10.25832731276751 0.7765628844499588 0.8381767049431801 0.2913533449172974 231.6420749053359 753.0696272104979 699.0781897678971 4433.644511714578 911.4487909451127 23.99684040993452 6416.192409850657 108.6414147987962 36.08206637948751 73.40284834802151 8.781853459775448 0 12.00043402612209 58.92036039382219 6.644934266805649 786.4084271192551 125.6176524758339 152.3081396967173 150.011219188571 89.18555940687656 0.5515199899673462 26.90338104218245 3.193858861923218 0.4819839298725128 41.31110029667616 135.0533610731363 0 0.1162662878632545 0 5.01007767021656 1.938968941569328 48.42388650029898 0 0.9194290339946747 3.566197037696838 4.827095203101635 0.5999044701457024 0.9332301467657089 1063.885754726827 3.16896104067564 0 1.080309934914112 0 152.3639963790774 669.9113098159432 361.0591011121869 189.933680690825 4.470328770577908 7.552040688693523 1948.760016135871 95.17075975239277 0.9594875276088715 69.07205674797297 1.240823395550251 0 0.4434165880084038 1.772073276340961 2.378387451171875 95.08353269100189 9.098416343331337 23.94968345761299 15.57174251228571 4.860489070415497 0 0 0.3108953535556793
236.9955219104886 19.4011802226305 8182.068500719965 6.16637410223484 0.1396953612565994 16.09817366302013 919.5684490278363 366.6587761566043 23.89403039962053 3.255551911890507 76.44951342046261 3.025000140070915 4.266443505883217 449.6775989234447 1.804760336875916 2749.033880144358 6184.251669928432 22.70904889702797 722.6680027768016 1.2598000690341 14430.40679795295 699.0781897678971 12466.82468739897 627.4974162578583 7.599891550838947 1238.197666466236 8589.202598758042 2477.449108429253 357.8224372118711 7471.819781981409 0.5918819755315781 2.808794125914574 36.05883219838142 1820.869316078722 205.6357473060489 10351.25732991099 4769.079673580825 6568.60136435926 5651.190981410444 359.1950135305524 66.30127819627523 18.70705994218588 86.19236963242292 0.4294922202825546 18.96213512867689 273.5913415253162 0 0 0.178378626704216 9.780395172536373 2.59214660525322 21.02387244999409 0.3974065035581589 0 0.6458348631858826 0.1056315824389458 2.815598249435425 0.4242884442210197 1770.473805993795 1.901537425816059 0.2521802186965942 2.345999740064144 0 275.2653936743736 454.8813047260046 1563.16620220989 163.0923292413354 0.3885912224650383 5.245748311281204 1349.997210100293 129.2897508963943 3.126854114234447 138.0641791671515 0.1334413588047028 0 1.06982558965683 3.733970649540424 26.88182021677494 365.9106084480882 17.72460845112801 33.63487224280834 33.35377609729767 32.40921153128147 1.238564133644104 14.99652674794197 2.055346682667732
33.09571093320847 649.4090572148561 172.685851700604 1888.522006496787 56.43376098573208 386.9035302326083 1125.799667291343 450.5554700046778 3974.622394703329 153.6731866002083 15.16935683041811 400.080359429121 32.15871541202068 347.7856427431107 1457.514137975872 2737.076571941376 17.66213668137789 4.47678168118 8.751841172575951 258.9229069650173 266.2749481126666 4433.644511714578 627.4974162578583 8224.243884332478 199.2262179926038 53.11014494299889 2503.365727357566 6711.425827488303 772.9757309854031 532.8101348504424 3.464311152696609 18.52819956094027 150.0685806646943 521.5953223928809 101.8973822966218 3788.834643796086 96.58934585005045 1455.623033061624 981.2601845860481 1558.014479346573 56.22035816311836 8.073553740978241 23.98572782427073 7.121537029743195 8.39049769192934 8.872422412037849 68.65452587604523 0 77.96886173635721 781.4540533646941 148.0584844648838 913.2797116786242 198.2835833579302 4.547980703413486 56.72073493152857 1.899782508611679 119.0338437184691 38.67407837510109 324.1925875246525 1.270260185003281 3.247592136263847 1.599404722452164 79.07454609870911 375.7005541995168 236.2840661481023 142.682086199522 2219.980164855719 2.167637974023819 7.723749563097954 58.92753729224205 2887.972763933241 60.86063918471336 213.3953039869666 1.344577610492706 2.400981366634369 6.568750910460949 36.17193150520325 5.592470161616802 789.0203605815768 11.16613008826971 250.1470605880022 85.01960868388414 252.2182485312223 10.92331090569496 19.2965741455555 7.705411091446877
0.1396108865737915 2416.441118188202 0.8263475596904755 0 0 4.854790866374969 0.3224553242325783 2.806690521538258 153.7320389077067 0.5979902073740959 284.4555013105273 0.5401460602879524 2211.657562159002 1.504062637686729 0.1575451195240021 31.52676784992218 5.073151789605618 17.46904422342777 20.61168406158686 0.07875367254018784 6.826566189527512 911.4487909451127 7.599891550838947 199.2262179926038 851.9316105917096 484.8533714190125 4780.398046642542 2.119688466191292 1.177322141826153 0.9819260463118553 311.1407186537981 0.376004695892334 0.3291410356760025 710.7982309684157 20.28390988707542 355.7541929706931 881.3107439875603 825.4814818426967 216.3287791311741 18.2079396545887 62.68599542975426 848.9584509432316 24.04556977748871 0.2067899256944656 183.5801499634981 5.785442300140858 0 0 0 0.1234102845191956 0.3131600022315979 0 0.08043753355741501 71.89197950065136 0.3394219875335693 533.1198486611247 0.2864900305867195 0 0.2914687991142273 11.3148572742939 14.80973539501429 33.59826155751944 0 0 5.203807972371578 0.5414551347494125 0 245.9433094635606 520.472781650722 1080.510463163257 0.2246404513716698 0.4845523163676262 0 85.36448461562395 0.562004566192627 0 8.137726008892059 6.550880014896393 80.69052901864052 161.6983248218894 28.77579856663942 6.816529326140881 3.181889533996582 1.920434594154358 37.4674816429615 0.3972848653793335
46.87527180463076 265.4592939838767 7889.217367947102 2.737183555960655 1.067006729543209 25.29981818795204 43.66177913546562 260.9924504309893 14.31164292991161 50.43075480312109 2909.302524834871 22.36854256689548 370.4500499144197 299.3606478907168 0.596495658159256 27.57182489335537 4299.790815941989 3091.939917452633 8006.209993839264 23.35977402329445 97.27865736186504 23.99684040993452 1238.197666466236 53.11014494299889 484.8533714190125 15535.87775817513 7529.274122461677 27.66513279825449 293.0795345529914 87.14293835312128 755.7693746387959 51.58710067719221 10.33319386839867 4202.188674353063 10.0082349255681 1781.615933820605 5361.419204488397 5189.024097293615 889.5553117915988 47.01372501254082 5.411007314920425 35.53191659599543 6.14667471498251 0.8381363227963448 484.2261386960745 573.8005175068974 0.09403209388256073 0 0.1180537343025208 2.559767507016659 1.401156723499298 2.065649472177029 0.2919335812330246 28.43014724552631 0.1699212715029716 677.7432030811906 3.984781175851822 0 4.601798065006733 266.9839676469564 41.9612286016345 261.6326019242406 0 2.425365447998047 10.25749453157187 17.53661653399467 5.39792275428772 374.766713783145 2379.18054972589 4976.826477058232 3.521697290241718 1.48010166734457 2.657465562224388 252.1461955830455 0 0 71.28243190795183 5.219351574778557 126.3444810211658 736.1237901672721 192.3523529991508 37.1183742210269 0.5275734066963196 0 2.29563070088625 0.6805000156164169
32.63685880601406 6645.310267902911 8104.141381122172 2.165302723646164 0.6261706724762917 11.10369104892015 32.40327819809318 103.2447758838534 854.459099277854 20.14960647374392 323.6860282868147 7.64418163895607 2826.114307269454 136.5783163830638 7.854452103376389 3657.908211417496 5164.05321483314 776.2708053961396 889.5293928310275 8.911893896758556 1214.669708654284 6416.192409850657 8589.202598758042 2503.365727357566 4780.398046642542 7529.274122461677 25923.97660343349 298.4866019710898 142.6427095755935 240.9595558196306 521.4576083943248 15.44960037618876 11.24629788100719 2804.650334231555 110.5659500807524 8274.82490298152 5763.028449773788 9630.837111912668 2775.435332290828 225.6405331492424 58.59710041433573 39.44300837814808 53.57980360835791 5.367423124611378 2910.216383807361 2841.888428270817 0 0 0.2209300994873047 12.67933747917414 6.121382534503937 5.656625099480152 0.09874369949102402 26.36899822950363 2.643270872533321 591.2477184981108 11.63523475080729 0.1940478980541229 1279.67730718106 283.4599157124758 65.82491234689951 307.7792968079448 0.3891507238149643 85.23918914049864 1887.984512537718 1668.637218102813 41.50017317384481 681.1071829944849 3195.269021444023 15675.49028348923 32.82118888199329 1.308596782386303 20.06876139342785 268.4683132991195 0 0.3398869782686234 103.8937987014651 19.84555851668119 322.2895113825798 808.1947824954987 356.5408894568682 93.39279024302959 4.238279923796654 0 9.020759910345078 0.8353367298841476
99.89311939477921 2.840429790318012 14.22467213869095 4165.247508645058 7.962032459676266 971.9452256262302 13909.42412638292 1267.760631658137 612.1865264028311 3423.377025477588 15.5229158103466 160.7840745933354 2.035585999488831 969.9421620965004 106.8555758148432 1297.357861295342 227.1268908828497 6.854586809873581 17.71740388125181 3782.964591410011 3929.930911749601 108.6414147987962 2477.449108429253 6711.425827488303 2.119688466191292 27.66513279825449 298.4866019710898 13129.0641046688 1164.175192371011 10278.77516780049 0.6646977961063385 17.04791899770498 196.5955122485757 769.8183223977685 123.9116016700864 3778.061767034233 125.3571908846498 1932.291127234697 1315.720229506493 471.8119484856725 45.22206933051348 3.584479160606861 33.70050817728043 2.125308722257614 0.5120269432663918 4.010695420205593 72.08943952620029 0.6542237550020218 36.85788670182228 321.6001831367612 60.27616675198078 249.514019690454 220.1129813715816 1.928438760340214 40.25306928157806 1.470568895339966 43.07676593959332 15.85784904658794 139.7472989559174 0.9790273234248161 0.9743995442986488 0.8305064141750336 95.59328493475914 228.0024417564273 89.1851963326335 65.84383836388588 1012.175668664277 0.9391177371144295 1.875464148819447 9.916586138308048 1185.611274138093 20.75063349306583 148.2395128458738 0 0.1027992069721222 2.259562022984028 16.90936626493931 5.875882625579834 365.7144891247153 4.456261560320854 94.12639563530684 28.86536578834057 133.7703573778272 6.704140074551105 16.66775278747082 4.861363708972931
4443.452632039785 0.9415339604020119 62.23863815516233 83.43768140301108 5.769834794104099 199.1075426898897 2031.657032243907 862.5707934312522 18.27579116076231 397.0709997825325 442.1711429655552 73.18729452043772 9.519784167408943 4841.983416631818 3.60201196372509 9.915659129619598 595.1318037286401 86.73359949141741 162.5315311104059 121.9615614339709 145.8629593849182 36.08206637948751 357.8224372118711 772.9757309854031 1.177322141826153 293.0795345529914 142.6427095755935 1164.175192371011 18516.26313572749 4811.635768629611 6.074608154594898 192.8730435073376 2148.427024319768 2606.087177429348 3.232862159609795 243.4497908428311 65.52247755974531 1317.723189525306 200.3324947729707 117.0031783804297 20.21261053532362 1.716417662799358 1.831052742898464 0 0.3429152593016624 1.155485615134239 1.051423281431198 0 1.305617831647396 16.84848850220442 2.284578271210194 5.522263824939728 5.014674469828606 0 1.064080014824867 0.5357219055294991 1.006441973149776 0.8425107300281525 1.473793789744377 0.3055024668574333 0 0.5111955478787422 1.030981101095676 2.771797627210617 0.6665439382195473 0.5557367652654648 30.9311210885644 0.09931819140911102 1.316106759011745 4.939651295542717 50.76880154013634 0.7950536236166954 1.167324863374233 0.1974816247820854 0 0 1.333196870982647 0.5128594189882278 11.48581337928772 0.1123089268803596 4.006607800722122 1.424317091703415 3.006952866911888 0.2303811237215996 0.4657127112150192 0.2025799453258514
