1319.753121607006 0.09405423700809479 102.8647609576583 4.913463763892651 1.293231084942818 19.4503835812211 1660.710186049342 1522.291752032936 3.870110645890236 59.42269989103079 24.69697742164135 2.967102326452732 1.266891278326511 6670.352365329862 0.1487784087657928 4.969986870884895 162.9381516203284 5.546741135418415 43.64314743876457 8.780209936201572 54.92402802407742 8.847262047231197 78.63347586989403 39.14827121049166 1.185389146208763 80.89005642384291 28.81552014499903 110.7514960244298 3284.58854509145 2341.69934591651 0.5579124018549919 14.46759118884802 287.4987848550081 447.5989893525839 6.735483705997467 144.8000307753682 16.81337090581656 267.5226918384433 77.97510876506567 15.65132413804531 12.78325726091862 0.1986649334430695 7.545549772679806 1.506414741277695 0 0 0.1143853217363358 0 0 3.487663969397545 0.7088151127099991 0.7275620996952057 0 0 0 0 0.2621031701564789 0 9.387850195169449 0 0.1404653638601303 0 0 6.919283166527748 3.975458063185215 3.666060343384743 17.39072488993406 0 0.1396547853946686 1.108470879495144 9.338459491729736 0.7094007134437561 4.189766556024551 0 0 0.326538547873497 0.750379741191864 0 14.49833483994007 0.2490220963954926 2.182509928941727 0.2776692658662796 0.6526216268539429 0 1.423897922039032 0
0.09405423700809479 101.5833163335919 39.39691995829344 0.1347306072711945 1.148630760610104 0.09110545367002487 7.804782941937447 0.8898581638932228 754.1713352352381 0.4551031365990639 20.38211407512426 7.360159173607826 419.4748260080814 0.3952315375208855 45.2499595656991 243.3201132714748 5.595607444643974 0.4199163913726807 1.084444940090179 0 9.018069423735142 1248.659109048545 11.56582876294851 420.3237755149603 1063.227539271116 84.21219417452812 5369.317624367774 33.45770557969809 1.483840316534042 3.989071041345596 20.89215245097876 0.1296558529138565 0 80.41949461400509 0.2810173183679581 10.9740025177598 143.820387981832 33.03811747580767 13.85968586802483 61.5274468511343 0 209.3120206743479 0 0.1023263707756996 26.5796357691288 9.872014231979847 0 0 0.1369655579328537 0.9565633982419968 0 1.268713712692261 0 7.490509890019894 0 23.8381195962429 0.08160737901926041 0 0.5658475309610367 0.8516380339860916 0.8661546930670738 0.6945119351148605 0 0.1025701984763145 22.58841183781624 4.597159221768379 2.085805401206017 40.55522628873587 121.9657765030861 636.9499967545271 1.737166963517666 0 0 1.24979916960001 0 0 0.4446388110518456 0 2.501677140593529 23.88407515734434 2.959851287305355 0.7008829712867737 0.1723936498165131 0 3.689499616622925 0
102.8647609576583 39.39691995829344 4813.650584936142 0.2857722491025925 0.4128692075610161 34.7060212045908 528.2750909179449 502.7158801555634 2.524291932582855 13.86589171737432 23.63022927939892 0.9914892315864563 0.9973782375454903 394.196920491755 0.7150589898228645 6.915484391152859 4432.633921332657 26.45737436413765 228.702066488564 1.438438013195992 1048.862495318055 17.87914310395718 8678.709013342857 11.5682203695178 0.3654437512159348 3772.084684818983 7223.321471661329 467.4779835641384 115.6748436838388 2078.217009700835 0.3594017326831818 3.257660172879696 3.522636219859123 975.8671172112226 54.65387566387653 2047.470848463476 4298.489858701825 1510.616779379547 810.4047338962555 124.1062061563134 11.14100997149944 3.579922825098038 14.34320934861898 0.6507938876748085 143.0963497459888 436.197034612298 0.1003870889544487 0 0.07677752524614334 12.25335711240768 1.30153638869524 3.577125586569309 0.1244988292455673 1.138240791857243 0 2.660932123661041 3.89084680378437 0.1792789101600647 6.628263056278229 22.35995501279831 0.839560255408287 5.745455391705036 0 3.788488976657391 28.0239245891571 124.4677569419146 6.550910092890263 5.107017412781715 409.1427226886153 2706.21854826808 6.201295547187328 0.8460291773080826 1.24664331972599 0.4073490425944328 0.07849178463220596 0 15.46162243932486 7.837585464119911 45.03060258179903 856.5929875224829 31.46535778045654 15.65980070084333 1.014107994735241 0 2.405626714229584 0
4.913463763892651 0.1347306072711945 0.2857722491025925 1648.107030019164 0.3866823762655258 49.46283981949091 798.9709373861551 18.14103558659554 256.393251106143 1981.849169433117 0.3228971064090729 615.4483224228024 0 17.55969291180372 31.15606833994389 1.283556774258614 0.1218066588044167 0.07566848397254944 0.5144327580928802 1894.861626073718 1.497622817754745 1.049900352954865 0.5362082347273827 1104.517640352249 0.8176496028900146 0.7283661067485809 5.234747610986233 3036.041323199868 49.74516754597425 1.964593261480331 0 0.5735511630773544 4.241520568728447 27.80414146184921 6.301756322383881 448.9835495501757 7.521240465342999 52.29845334589481 52.34947453439236 158.642383210361 7.434672951698303 0.9747273027896881 5.294376149773598 0.1183533146977425 0 0 41.46336232125759 0 4.24244237691164 111.8518498539925 7.208911381661892 25.38107667863369 143.6468885913491 0.2233382984995842 77.9364404976368 0 4.70084522664547 1.718407034873962 0.9014294147491455 0 0.1024013608694077 0 66.03911639750004 1.00092476606369 0.09715142101049423 1.801391661167145 253.7318705767393 0 0.1744269132614136 0.1398996561765671 208.3161364197731 4.582459419965744 6.393334299325943 0 0.1356147676706314 0 1.581817157566547 0 151.7303103879094 1.47205913066864 6.266679994761944 0.460954487323761 101.4586136043072 0 0.1843741834163666 0
1.293231084942818 1.148630760610104 0.4128692075610161 0.3866823762655258 27.09528666734695 490.6698257625103 4.422767169773579 58.30370695143938 25.18169745802879 8.255217880010605 7.82787362486124 62.59801762551069 0.1372950971126556 93.75777253508568 538.6583252251148 0.2856145724654198 0.1920277178287506 0.1069475933909416 0.08745539933443069 5.46117227524519 0.2732890695333481 2.350440785288811 0.975947842001915 18.46495634317398 0.1186207607388496 1.114043779671192 1.171335525810719 2.285574473440647 835.7490647509694 1.894579529762268 0.131825715303421 444.3613220602274 2.278664410114288 82.50211299210787 0.3937998414039612 24.99355421960354 1.421082407236099 161.1770198792219 47.62435278296471 691.0672776550055 5.912531182169914 0.9676890969276428 1.670009508728981 0 0 0 0 0 0 0.6023241877555847 0 0.3421274721622467 0 0 0 0 0 0 0 0 0 0 0 0 0 0 1.804031111299992 0 0 0 0.811578094959259 0 0 0 0 0 0 20.2763432264328 1.230956077575684 0 0.1532258689403534 0 0.3312988877296448 0 0 0
19.4503835812211 0.09110545367002487 34.7060212045908 49.46283981949091 490.6698257625103 7097.972639776766 2747.584236457944 6726.499615117908 65.0733965113759 4106.713119961321 153.5614534467459 3336.025492310524 17.81176537275314 858.0002097189426 1558.507790252566 1.376338072121143 8.824544169008732 27.08752077072859 18.22418648004532 355.4891439303756 17.21199164539576 8.047317832708359 11.83086971193552 236.0847207605839 4.251375630497932 67.24048575013876 34.52284853160381 520.9503748193383 877.1978369951248 62.66856323927641 2.819365240633488 642.9792908802629 5.147721715271473 765.2168979197741 9.662207998335361 686.6166868582368 38.48033411800861 806.6609554290771 284.6391446664929 1353.000150196254 233.6383907347918 21.31725122779608 21.00035528093576 0 0.1053021922707558 0 3.25819056481123 0 1.772074818611145 28.04080098122358 5.510333716869354 12.63106066733599 7.879986152052879 0.1986149847507477 14.4602949693799 0.1986403092741966 0.8709620833396912 0 3.092227458953857 0 0 0 2.960450954735279 1.051985040307045 0.3795862644910812 2.432718582451344 77.87032257765532 0 0.2322723492980003 0.9924850389361382 60.72157077491283 1.041321933269501 12.40438148379326 0 0 0.1742767840623856 3.072983264923096 0 39.56043293327093 0 3.502253368496895 2.06496462225914 8.913465276360512 0 0.1404465287923813 0
1660.710186049342 7.804782941937447 528.2750909179449 798.9709373861551 4.422767169773579 2747.584236457944 17410.57060738653 3941.70163744688 171.0876846984029 14072.03358118236 19.819335244596 33.82611377537251 2.773938123136759 5589.031504645944 8.695004642009735 60.51517785340548 47.93980565667152 4.392779596149921 9.743980199098587 348.5741737186909 661.4760914966464 48.81685008853674 389.3937640339136 1304.277205899358 4.88660541921854 65.26397074013948 881.902949206531 14327.37326192111 890.5610056743026 6407.505013592541 0.5787354484200478 21.1879940032959 62.71373980492353 340.5600610151887 52.29226440936327 1285.539162069559 82.16437587887049 488.0112332478166 336.1199102848768 122.4796893447638 50.5815589427948 8.725414603948593 25.88447016477585 1.578024424612522 2.135087408125401 11.80426180362701 18.78515372425318 0 6.217769466340542 134.7238306030631 10.87655928730965 73.46971905976534 31.23244236409664 4.592213064432144 8.906912416219711 0 13.85743020474911 0.6071639358997345 94.46038085222244 0.2802658379077911 0.4141635745763779 0 15.94355960935354 45.85361878573895 29.76511722803116 35.39902897179127 442.6829578503966 0 2.483422949910164 48.9258916079998 333.1031988933682 14.87285953015089 93.06086929887533 0 0.136798620223999 2.948578678071499 8.552656352519989 4.131892278790474 100.2181571722031 5.380686156451702 27.34346604347229 8.160579927265644 70.92808069288731 0 4.207560539245605 0
1522.291752032936 0.8898581638932228 502.7158801555634 18.14103558659554 58.30370695143938 6726.499615117908 3941.70163744688 6602.096442759037 107.378083512187 2657.639825582504 180.2623262032866 1116.142450064421 13.74746920913458 7181.440176166594 331.9105794727802 6.452241718769073 208.7350944131613 22.39259933680296 62.28317518532276 341.1970551535487 217.8103453740478 47.5374861061573 247.8777844682336 346.4281213134527 3.383703581988811 198.3207131549716 89.06160385906696 504.9547131955624 1721.510466191918 1814.039029255509 2.268633387982845 1005.289284862578 6.726651526987553 1037.921770423651 8.985287696123123 584.7977333515882 59.45733891427517 568.0645625442266 202.9472434520721 651.6029847040772 109.7120383307338 15.70093377679586 18.41260546445847 2.126638844609261 0.1157427951693535 2.508415192365646 3.383679680526257 0.2777917981147766 2.219402372837067 111.8858434185386 12.35797403752804 84.25898709148169 10.82371162623167 0.5934114307165146 1.587296098470688 0.1282306015491486 11.0685962587595 0 36.26935840398073 0.4682736992835999 0 0.4950549900531769 0.9613153636455536 29.54668663442135 10.40502482652664 8.755976736545563 375.4963584542274 0 3.240858718752861 11.35052777826786 277.3363706097007 14.67022208869457 113.4862601310015 0 0.4483369290828705 0.6075611487030983 6.51827796548605 0.6339113116264343 65.2810423374176 6.135283567011356 17.90530946105719 3.242556698620319 38.84702759981155 0 1.356588840484619 0
3.870110645890236 754.1713352352381 2.524291932582855 256.393251106143 25.18169745802879 65.0733965113759 171.0876846984029 107.378083512187 742.9854298457503 93.65046002715826 4.884529493749142 321.1301719546318 60.4679311439395 43.1861109957099 1410.898241318762 22.59436731040478 1.041080288589001 0.5935179516673088 0.4039537608623505 250.1137281432748 8.199140794575214 2554.828956268728 8.714023664593697 5736.13180822134 407.5316377803683 14.14834672212601 351.8502504974604 883.0106019973755 15.23538929969072 75.62581092119217 6.241828694939613 4.355232760310173 0.7369800955057144 17.33361689001322 0.6463043689727783 129.3628892078996 8.405725657939911 35.82336907088757 8.297133415937424 744.1518017500639 4.144975081086159 6.298865385353565 0.1932221204042435 2.740978464484215 1.852243207395077 1.120703905820847 80.54096609354019 0.2256575524806976 7.811802349984646 76.29208895564079 9.292966105043888 40.66943547129631 61.99517378211021 0.350094698369503 139.9145501255989 0.1181860193610191 5.781879171729088 6.552269756793976 210.4263137057424 0.7205400913953781 0 0 76.47728843986988 57.42786204069853 110.5403551086783 45.47585050016642 1024.15449410677 2.609000399708748 0.9811438173055649 9.353831723332405 394.0684421136975 9.583721958100796 44.48668429255486 0 0.4971349239349365 3.65446475893259 4.953528985381126 1.172616183757782 83.77302147448063 0.6464524418115616 15.53576662391424 2.391770921647549 176.2884633392096 0.9242853224277496 0 0
59.42269989103079 0.4551031365990639 13.86589171737432 1981.849169433117 8.255217880010605 4106.713119961321 14072.03358118236 2657.639825582504 93.65046002715826 29103.97661133111 57.29701795428991 2552.323049642146 7.683277480304241 577.2516953833401 23.77569665014744 4.947849541902542 1.869462929666042 13.05783623084426 12.81343603134155 3997.69325131923 16.1730630248785 1.320527948439121 11.45220217108727 862.1212291866541 3.71929195523262 36.73616098240018 31.87633030861616 4599.223497629166 630.14105938375 28.09157538414001 1.26359161734581 53.46859256178141 10.41705033183098 468.5658233463764 31.87065023928881 1650.175704844296 41.43264219909906 795.501082085073 366.6022263914347 270.442780777812 91.47964037954807 6.120414488017559 55.9813574552536 0.2382364571094513 0.1187982708215714 0.2582240998744965 53.90864100307226 0.08958515524864197 3.395721405744553 102.1334357857704 4.612395539879799 23.64742844551802 30.37859970331192 0.2662399113178253 24.18621465563774 0.4341584369540215 4.670482963323593 0 2.908912487328053 0 0 0 18.21271996200085 0.23171017318964 0.7422090843319893 1.054798685014248 217.0799103975296 0 0.1126137375831604 1.728034175932407 150.2950568050146 2.261500105261803 19.94141276180744 0 0.2830180525779724 0.5369213223457336 1.240905314683914 2.524839028716087 58.04488847404718 0.2894178777933121 6.246193341910839 0.2817666530609131 24.2368161380291 0.1884265393018723 1.182070590555668 0.391682356595993
24.69697742164135 20.38211407512426 23.63022927939892 0.3228971064090729 7.82787362486124 153.5614534467459 19.819335244596 180.2623262032866 4.884529493749142 57.29701795428991 9014.944785967469 80.4970255792141 2370.800809383392 151.3724321201444 4.277455881237984 4.519573360681534 120.941570430994 3174.795812658966 1160.665982723236 27.99088025838137 25.09670581668615 4.500446103513241 34.98209580034018 6.982570193707943 974.677150182426 3223.994264319539 608.6079227551818 8.948539808392525 115.9565302953124 39.0794855505228 357.2604018822312 37.51794256269932 4.355587266385555 5234.649776890874 7.705478131771088 496.5830402895808 3148.538170084357 2175.793217130005 524.2050810009241 23.7626496553421 16.57112667709589 1186.401600033045 4.934950612485409 0.0998406782746315 1.062092810869217 0 0.07779478281736374 0 0 2.874082364141941 0 1.233095027506351 0 152.0989787429571 0 499.6414094045758 0.9730527922511101 0 0.88314189016819 0.1657340973615646 13.76853390783072 0.5537134557962418 0 0.7868116050958633 0.09594035893678665 0 6.869734331965446 18.1001565605402 36.74769137054682 65.16245775669813 9.046323843300343 0.4613760188221931 2.933604329824448 46.43745441734791 0.1281792670488358 0 1.523701071739197 1.771023571491241 8.374733157455921 212.9857915490866 3.297173388302326 0.525072917342186 0.4880551248788834 0 74.75636485219002 0.1714698374271393
2.967102326452732 7.360159173607826 0.9914892315864563 615.4483224228024 62.59801762551069 3336.025492310524 33.82611377537251 1116.142450064421 321.1301719546318 2552.323049642146 80.4970255792141 4365.975545726717 9.829871445894241 171.7190627753735 1439.010714486241 0.2928101718425751 0.5760356113314629 13.84183146804571 11.83137711882591 2367.982580780983 1.031797349452972 44.797179505229 2.559180468320847 960.0393467694521 7.024166166782379 39.47088397294283 22.31722799688578 253.1238829568028 221.0886358618736 1.818950675427914 1.506376713514328 73.18120088428259 0.4385285377502441 447.0050726234913 9.737319156527519 1537.012949235737 33.78486873209476 620.3494117334485 126.2388040944934 1853.507646679878 81.5063336789608 5.98836375027895 20.80325928330421 0.247471421957016 0 0 19.24533474445343 0.6562075018882751 1.600771203637123 27.37206682562828 3.315956741571426 7.027817219495773 29.72268863022327 1.179501414299011 56.32067392766476 0.1630485951900482 2.350316032767296 0.9396806657314301 2.014481902122498 0 0 0 28.14402225613594 1.06068604439497 1.464210912585258 2.007219180464745 103.1185097247362 0 0 0.8924635797739029 63.88051304221153 1.640775561332703 4.361609868705273 0 0 0 1.999550223350525 0.543485701084137 239.7412851676345 0.1062391996383667 1.280991315841675 0 131.6066690385342 0 0 0
1.266891278326511 419.4748260080814 0.9973782375454903 0 0.1372950971126556 17.81176537275314 2.773938123136759 13.74746920913458 60.4679311439395 7.683277480304241 2370.800809383392 9.829871445894241 1190.590464092791 10.98509393632412 2.975406460464001 24.58584504574537 0.8106856793165207 50.87995134294033 4.512218102812767 4.378570631146431 0.8336750343441963 79.30071722716093 1.644102513790131 39.9520320519805 3566.80587311089 871.821927331388 2151.171805731952 4.627824015915394 4.549362361431122 1.606935642659664 359.0020422264934 4.056412108242512 0 1303.245531231165 0.8212071657180786 70.03473544120789 1976.12432193011 649.1406799033284 76.07973393797874 8.004658460617065 23.57585951685905 935.6160883307457 5.474996574223042 0 9.647650361061096 0 0 0 0 0.5114938318729401 0.5694568678736687 0.2645799145102501 0.07714057713747025 474.5882612615824 0 1732.661960601807 0.08321060985326767 0 0.1048047095537186 0 57.4193000420928 2.908399239182472 0 0 0.3559961169958115 0 0.7027450278401375 164.421945258975 201.8915955796838 417.5871249586344 1.196462467312813 0.1765778139233589 0 211.0195620581508 0 0 2.949032910168171 0.2696110904216766 1.954145006835461 432.3832878544927 8.700838908553123 1.20172993093729 0 0 186.5192312374711 0
6670.352365329862 0.3952315375208855 394.196920491755 17.55969291180372 93.75777253508568 858.0002097189426 5589.031504645944 7181.440176166594 43.1861109957099 577.2516953833401 151.3724321201444 171.7190627753735 10.98509393632412 10573.28839216381 46.44364023208618 8.438767999410629 221.9548560455441 22.3064538910985 64.48774886876345 97.20434043556452 179.3772001340985 13.23796035349369 191.7916187047958 148.6096344590187 1.770159929990768 177.693411692977 95.68752855062485 354.5552056208253 4781.177881009877 2505.219808489084 1.688959263265133 123.2613334655762 36.13290429115295 1128.045774050057 14.19580164551735 574.195078805089 55.82597260177135 610.2253989726305 143.8433367460966 224.547210521996 49.74010699987411 3.510121323168278 18.85752358287573 0.279524952173233 0.7415552362799644 1.542542025446892 1.340096235275269 0 0.5702769309282303 34.46222437173128 2.088160522282124 17.54817226529121 2.930622354149818 1.24729098379612 0.6905146241188049 0.2378646433353424 1.822661429643631 0 25.10255964845419 0.1241923272609711 0.2212578356266022 0 0.5952333211898804 13.11037499457598 9.133136488497257 8.279822893440723 99.03122282028198 0.1292262822389603 0.596705436706543 6.85541495680809 92.81165762990713 1.670665554702282 21.2116711884737 0 0.399152934551239 0.6589252352714539 0.6031719446182251 2.871703863143921 40.4921156167984 2.254094041883945 9.117466241121292 2.910387441515923 18.36955269426107 0 1.751640170812607 1.903527140617371
0.1487784087657928 45.2499595656991 0.7150589898228645 31.15606833994389 538.6583252251148 1558.507790252566 8.695004642009735 331.9105794727802 1410.898241318762 23.77569665014744 4.277455881237984 1439.010714486241 2.975406460464001 46.44364023208618 256.4066538959742 0.8525028005242348 0 0 0.1709287464618683 171.9287382662296 0 231.8055873587728 0.158748671412468 984.7781752124429 28.01505152881145 1.679309323430061 26.95818836987019 42.97240570187569 16.4877842143178 1.183711133897305 0.1384152621030807 567.9219940379262 0 21.52020639181137 0.474094957113266 228.9277900755405 4.360599301755428 33.18997128307819 13.88708999752998 983.1765385717154 48.41941657662392 2.307072430849075 4.002730071544647 0 0.2240526676177979 0.3390215188264847 1.847575768828392 0.1247610971331596 0.9489775598049164 5.582146197557449 0 7.892639070749283 3.644629463553429 1.881118297576904 5.449401006102562 0 0.2302579283714294 0 13.98650668561459 0 0 0 3.955164715647697 3.094044916331768 8.581269904971123 2.820635050535202 23.3675222992897 0 0 0.2688648328185081 17.1975929364562 1.631516210734844 2.875262662768364 0 0 0 0 0 32.71207845211029 0 0.6025848090648651 0 15.43745237588882 0 0 0
4.969986870884895 243.3201132714748 6.915484391152859 1.283556774258614 0.2856145724654198 1.376338072121143 60.51517785340548 6.452241718769073 22.59436731040478 4.947849541902542 4.519573360681534 0.2928101718425751 24.58584504574537 8.438767999410629 0.8525028005242348 2389.885099865496 17.03878289461136 1.000869646668434 8.019327327609062 1.156887903809547 1884.588960312307 2402.397480025887 2466.615377731621 1705.496050134301 146.499206379056 16.60108875483274 4411.705556035042 1474.932679571211 37.9870832040906 634.2454004660249 2.120335303246975 0.1384530812501907 6.10783913731575 237.0656249001622 128.142227910459 2157.725821405649 251.9965709745884 571.6760305538774 615.3515308797359 98.31782656908035 5.004187881946564 24.77827389538288 20.873071141541 3.464965179562569 1.741315968334675 10.30975355952978 0.4787559062242508 0 0.2817914038896561 14.51943621784449 2.089477978646755 10.50030768662691 0.4770725667476654 9.189157091081142 0 0.5824412703514099 1.719062492251396 0 2303.747445002198 1.51533567905426 0.09235656261444092 0 0.5528970956802368 279.3065355792642 580.2448533251882 1720.660070464015 203.8533115908504 1.024374298751354 3.113229848444462 845.319739729166 111.477560415864 9.424481362104416 59.60201325267553 0 0 3.14460301399231 8.234965890645981 8.355858825147152 232.233306221664 10.10784197598696 23.44022557884455 12.4043902978301 24.2365357875824 2.705156981945038 11.33089166879654 1.270926117897034
162.9381516203284 5.595607444643974 4432.633921332657 0.1218066588044167 0.1920277178287506 8.824544169008732 47.93980565667152 208.7350944131613 1.041080288589001 1.869462929666042 120.941570430994 0.5760356113314629 0.8106856793165207 221.9548560455441 0 17.03878289461136 1044.122113250196 122.7982985377312 2005.493231698871 0.7763423398137093 351.2997938022017 2.253865025937557 3963.882701233029 11.21887833625078 0.9476753771305084 4338.200046740472 4651.554181270301 35.29289247095585 390.8828695937991 1318.200066760182 0.618583545088768 1.71516802161932 22.32163356989622 1197.790795877576 11.02166453748941 370.4436848014593 222.1964520215988 413.1135158166289 161.3908970654011 8.751724444329739 1.241786889731884 1.08149217069149 1.593517877161503 0 3.015445075929165 1.986404538154602 0 0 0 0.4086423739790916 0 0.09433399885892868 0 0.1597410291433334 0 0 0 0 1.792426213622093 0 0 0.1066230982542038 0 0.6898054406046867 0.5236958041787148 1.228117093443871 2.416984677314758 0.1139599680900574 11.50725995004177 33.95884687453508 2.935956440865993 0 0.202770933508873 0.1196636408567429 0 0 0.198860228061676 0 2.456695824861526 12.43496765941381 0.09913546591997147 0 0 0 0 0
5.546741135418415 0.4199163913726807 26.45737436413765 0.07566848397254944 0.1069475933909416 27.08752077072859 4.392779596149921 22.39259933680296 0.5935179516673088 13.05783623084426 3174.795812658966 13.84183146804571 50.87995134294033 22.3064538910985 0 1.000869646668434 122.7982985377312 731.6576179265976 1195.412928439677 6.515066638588905 4.372032158076763 0 18.00367845594883 2.438388764858246 5.540436930954456 2243.942562505603 564.4785350859165 3.342247486114502 14.29195164144039 14.98808385431767 110.1643173992634 1.771594919264317 0.3348158076405525 955.7710884734988 5.326315008103848 377.06715105474 851.6628180742264 1116.38965370506 225.90679679811 8.928756564855576 2.401600860059261 10.7151492536068 1.296014159917831 0 0.5191153585910797 0 0 0 0 0.7942419871687889 0 0.878586933016777 0 6.517785720527172 0 27.70192664116621 0 0 0 0 4.832606047391891 0.9038250967860222 0 0.09298175573348999 0 0 2.262827813625336 2.12687911093235 25.53071298450232 43.56276296824217 1.905720055103302 0 0.4301093518733978 7.610655568540096 0 0 0.2014143019914627 0.8235922157764435 4.703289210796356 15.06025248020887 1.53628071397543 0 0 0 0 0
43.64314743876457 1.084444940090179 228.702066488564 0.5144327580928802 0.08745539933443069 18.22418648004532 9.743980199098587 62.28317518532276 0.4039537608623505 12.81343603134155 1160.665982723236 11.83137711882591 4.512218102812767 64.48774886876345 0.1709287464618683 8.019327327609062 2005.493231698871 1195.412928439677 1124.303886219859 5.114778775721788 48.64257220178843 0.577843077480793 309.6045511737466 3.312271773815155 0.4558571800589561 2655.204084716737 644.0645497664809 9.132988356053829 128.0491909906268 192.2199920192361 3.06729868799448 1.280161134898663 8.170436061918736 2354.57655287534 3.205420598387718 347.4624285623431 487.8322954028845 1475.420625537634 252.0209711417556 5.045731455087662 0.4552746713161469 8.188058011233807 1.636683009564877 0 0.6097455993294716 0.1168168932199478 0 0 0 0.365376278758049 0 0.2326428070664406 0 0.356601394712925 0 1.81410975754261 0 0 0.4112059250473976 0 0.4959079399704933 0.8425719812512398 0 0.2571905553340912 0.199486643075943 0.7877406254410744 2.25699906796217 1.714096210896969 17.84435833245516 24.38320487737656 1.008554928004742 0 0.762719988822937 1.139683537185192 0 0 0 1.684849739074707 2.798565439879894 5.487923204898834 0 0 0.1412609219551086 0 0 0
8.780209936201572 0 1.438438013195992 1894.861626073718 5.46117227524519 355.4891439303756 348.5741737186909 341.1970551535487 250.1137281432748 3997.69325131923 27.99088025838137 2367.982580780983 4.378570631146431 97.20434043556452 171.9287382662296 1.156887903809547 0.7763423398137093 6.515066638588905 5.114778775721788 429.7423917427659 1.274117834866047 1.93092192709446 3.615503489971161 746.4284349530935 0.8826123028993607 16.14224669709802 9.257303949445486 1778.557182714343 185.9726572409272 3.263382598757744 0.3708908408880234 22.11710244417191 2.61626935005188 173.5517158731818 7.387957312166691 927.2603092715144 24.68042251467705 326.0775971412659 128.0049915835261 539.2976379618049 37.6127877086401 3.244619436562061 17.55699086934328 0.4264523983001709 0 0 25.94093586504459 0.2081514000892639 6.254428967833519 93.11837968230247 4.72435499727726 15.32652197778225 44.3536918759346 0.3267652690410614 49.74848914146423 0.06670287996530533 1.165302850306034 1.73170904815197 0.421241894364357 0 0 0.0873810350894928 29.33664470911026 0.6575926169753075 0.5986934453248978 0.2146994173526764 205.0442349612713 0 0 0.5205721780657768 166.8625789433718 0.815093994140625 10.0655769854784 0 0.1053770408034325 0.1228778958320618 2.633480906486511 1.134151116013527 132.0449158623815 0.7638319805264473 5.12223419547081 0.4162778556346893 87.25141048431396 0.3332832157611847 0.1622831225395203 0.2209080010652542
54.92402802407742 9.018069423735142 1048.862495318055 1.497622817754745 0.2732890695333481 17.21199164539576 661.4760914966464 217.8103453740478 8.199140794575214 16.1730630248785 25.09670581668615 1.031797349452972 0.8336750343441963 179.3772001340985 0 1884.588960312307 351.2997938022017 4.372032158076763 48.64257220178843 1.274117834866047 11120.54486739635 43.47499439120293 13681.92770650238 427.9331999644637 10.26167606562376 75.53520300239325 296.0560223907232 6474.100120425224 242.1252079680562 10724.21591565758 0 2.628853373229504 56.9377134591341 1814.425289355218 253.2131182476878 2806.86450240761 238.7456471994519 2082.066245995462 1448.805964954197 105.22877266258 11.80122116953135 12.45258178561926 32.36265866458416 1.267758034169674 0 1.717705108225346 0 0 0.2456248104572296 6.075379028916359 0.3697391599416733 6.327390782535076 0.2208108305931091 2.52939710021019 0 0 2.328206963837147 0 218.6061918735504 0.215270422399044 0 0 0 69.03108525276184 43.68937226384878 141.3152482658625 89.03066137433052 0 0.7986195534467697 67.36709932237864 61.61709161102772 7.164932370185852 36.24686045944691 0 0 1.277031116187572 2.940674856305122 12.57899176329374 90.83659069985151 6.626221284270287 7.334905952215195 4.665383249521255 11.92992225289345 0.1734386533498764 3.673713177442551 1.753563344478607
8.847262047231197 1248.659109048545 17.87914310395718 1.049900352954865 2.350440785288811 8.047317832708359 48.81685008853674 47.5374861061573 2554.828956268728 1.320527948439121 4.500446103513241 44.797179505229 79.30071722716093 13.23796035349369 231.8055873587728 2402.397480025887 2.253865025937557 0 0.577843077480793 1.93092192709446 43.47499439120293 633.4152348041534 107.0432113558054 4890.987726189196 587.9650540277362 19.84018292278051 3293.058057114482 256.4687909409404 19.90520748496056 130.9418130144477 7.285946048796177 1.450148403644562 3.122497983276844 16.13530545681715 2.533828064799309 112.9167223721743 22.82158858329058 22.97781290858984 14.99596195667982 412.5192765966058 2.317137345671654 13.78479409962893 0.8948349356651306 0.9499368444085121 9.154553085565567 23.03344425559044 0.2936109900474548 0 0.09552017599344254 10.07640434801579 0.6765397936105728 24.6126766204834 0.5076224505901337 0.4228411912918091 0 2.577666595578194 1.517351567745209 0 686.299002751708 3.765861377120018 0.3596776649355888 0.1272604167461395 0.3056658655405045 55.58224753290415 74.55410025268793 241.6473037600517 136.6867205426097 9.578174576163292 32.86169043183327 1129.468034692109 71.87185031920671 3.361158065497875 17.71684097498655 0 0 0.3534106612205505 3.596451804041862 0.9517542123794556 27.70407649874687 5.78706406056881 9.161175094544888 2.477762743830681 5.889617770910263 0.2474366724491119 0.8172941207885742 0
78.63347586989403 11.56582876294851 8678.709013342857 0.5362082347273827 0.975947842001915 11.83086971193552 389.3937640339136 247.8777844682336 8.714023664593697 11.45220217108727 34.98209580034018 2.559180468320847 1.644102513790131 191.7916187047958 0.158748671412468 2466.615377731621 3963.882701233029 18.00367845594883 309.6045511737466 3.615503489971161 13681.92770650238 107.0432113558054 11983.13408955932 300.9768243059516 9.508711531758308 1128.834620408714 6359.294556863606 3007.702084951103 175.2838955894113 5539.642277777195 0.1928445175290108 3.463437378406525 16.08496077358723 2862.138940781355 421.0353587940335 7586.620793156326 3942.22143419832 5355.89371419698 4684.092869669199 563.9344954043627 30.05924954265356 18.82368166744709 77.44318581372499 1.352845214307308 2.547449305653572 38.62750277668238 0 0 0.4270242527127266 18.20115030556917 1.967744581401348 4.789268255233765 0.4668879359960556 0.1309118568897247 0.169464036822319 0.5028752684593201 3.355466119945049 0 736.097109079361 1.422376923263073 0 0.4019972383975983 0 59.58666006475687 101.415887825191 824.5985092893243 46.41266056150198 0.1253122836351395 7.873396426439285 777.7892277389765 23.61800023168325 3.460956156253815 17.73077548295259 0 0 1.488937519490719 3.096309520304203 29.39322897046804 103.8381978645921 22.73445256054401 10.72704157233238 5.798811748623848 6.996288254857063 0 3.984920591115952 0.2468456774950027
39.14827121049166 420.3237755149603 11.5682203695178 1104.517640352249 18.46495634317398 236.0847207605839 1304.277205899358 346.4281213134527 5736.13180822134 862.1212291866541 6.982570193707943 960.0393467694521 39.9520320519805 148.6096344590187 984.7781752124429 1705.496050134301 11.21887833625078 2.438388764858246 3.312271773815155 746.4284349530935 427.9331999644637 4890.987726189196 300.9768243059516 13251.90156000108 247.3204741999507 16.2277207672596 1817.676781147718 11386.82770506293 282.8925360590219 848.8807142823935 4.437687814235687 7.239711463451385 37.90387194603682 186.6564930081367 55.53673565387726 1860.63411423564 84.84265606850386 300.789803661406 241.305157981813 964.1532483696938 23.72746201604605 20.88290249556303 19.38283099234104 9.752573393285275 1.538806967437267 7.561411485075951 197.1395916715264 3.238407857716084 24.73280668258667 652.1313790604472 54.79126486927271 568.9451595470309 244.9457746148109 5.546104915440083 176.501967035234 0.3504544645547867 48.79090180248022 4.420805849134922 431.6634058058262 0.8001598715782166 0.4736493676900864 0.4108117669820786 189.3457587510347 193.4410886317492 263.1466781869531 140.607365347445 2695.972059771419 2.022090040147305 2.82332194596529 46.35225294530392 1976.794380635023 53.13685586303473 312.6796657517552 0.1105607226490974 2.241771437227726 10.14417925477028 25.49613097310066 8.202232100069523 624.3243521600962 7.355709299445152 86.27434706687927 18.99787625670433 469.3629161193967 3.136939778923988 6.862233281135559 3.438161090016365
1.185389146208763 1063.227539271116 0.3654437512159348 0.8176496028900146 0.1186207607388496 4.251375630497932 4.88660541921854 3.383703581988811 407.5316377803683 3.71929195523262 974.677150182426 7.024166166782379 3566.80587311089 1.770159929990768 28.01505152881145 146.499206379056 0.9476753771305084 5.540436930954456 0.4558571800589561 0.8826123028993607 10.26167606562376 587.9650540277362 9.508711531758308 247.3204741999507 573.0067204684019 170.525536313653 2219.802065245807 27.66601122170687 4.341796010732651 12.635348983109 197.9867718592286 1.657731093466282 1.43824291229248 749.2138582468033 14.10803556442261 394.7316724583507 384.8269161358476 878.2358345612884 277.8113835379481 94.36616490036249 115.8631898164749 367.7373008877039 24.16161811351776 0 54.91080446541309 0 0 0 0 0.4704656377434731 0.6608333587646484 0.4326590299606323 0.1094908565282822 156.7059209346771 0 685.2725565209985 0.2366438508033752 0 1.585638858377934 0 13.74296201765537 0.4459938257932663 0 0.4803569316864014 1.215591304004192 0.178124763071537 2.55682011693716 94.00877797603607 133.4609584584832 528.0831982567906 3.619645714759827 0.103407047688961 3.431462168693542 71.15281212329865 0 0 0.3913727253675461 8.468697518110275 165.1340440139174 107.0100690349936 19.06640616804361 10.26851821690798 8.509426355361938 1.082467913627625 61.08911915123463 6.968097686767578
80.89005642384291 84.21219417452812 3772.084684818983 0.7283661067485809 1.114043779671192 67.24048575013876 65.26397074013948 198.3207131549716 14.14834672212601 36.73616098240018 3223.994264319539 39.47088397294283 871.821927331388 177.693411692977 1.679309323430061 16.60108875483274 4338.200046740472 2243.942562505603 2655.204084716737 16.14224669709802 75.53520300239325 19.84018292278051 1128.834620408714 16.2277207672596 170.525536313653 14284.96167536825 7583.830615669489 41.50065864622593 194.2690998837352 398.0220140740275 1036.475708372891 5.849804267287254 8.0464041903615 2386.230777516961 35.32043189555407 2873.15130995959 6370.533609956503 5187.730860814452 1349.116807259619 72.92895778268576 10.5065916031599 84.84474091231823 11.13829921931028 0.2736529260873795 238.1444321349263 14.95751824975014 0.06300333887338638 0 0.089131198823452 1.395820431411266 0 2.914802879095078 0.07363888621330261 118.5282518863678 0.08280564844608307 553.2222572565079 0.6747903451323509 0 3.189702555537224 4.16227800399065 94.26777984201908 63.68955949693918 0 0 7.682111844420433 1.97446946054697 9.686493061482906 141.55826497823 1912.648689866066 3525.220463074744 3.716228343546391 0.6670360341668129 1.017336957156658 171.3449491113424 0 0 2.75566540658474 7.879731014370918 34.4426316767931 1016.687051549554 16.04335332661867 5.173526428639889 2.861156404018402 0.114036463201046 8.936715722084045 0
28.81552014499903 5369.317624367774 7223.321471661329 5.234747610986233 1.171335525810719 34.52284853160381 881.902949206531 89.06160385906696 351.8502504974604 31.87633030861616 608.6079227551818 22.31722799688578 2151.171805731952 95.68752855062485 26.95818836987019 4411.705556035042 4651.554181270301 564.4785350859165 644.0645497664809 9.257303949445486 296.0560223907232 3293.058057114482 6359.294556863606 1817.676781147718 2219.802065245807 7583.830615669489 26065.98558299243 1565.675789706409 74.23405612260103 395.8891028612852 590.8049870282412 4.100173585116863 6.480779424309731 2999.925822369754 142.6353686153889 6659.988354496658 5493.218905039132 5681.590294703841 2096.571993991733 353.1748307347298 20.62199751287699 62.87610563635826 33.05404323339462 3.586539030075073 1801.280248403549 970.0496301054955 0.6808862537145615 0.1344705075025558 1.044043995440006 66.60801038891077 11.6461379379034 17.81599986553192 3.00341734290123 163.5177873000503 0.8388762697577477 711.0713952034712 18.59777317941189 0.2083974778652191 366.3651913627982 61.0708736255765 134.7731089070439 73.85346933454275 0.4655954539775848 18.8879985883832 1169.869164809585 1042.381259985268 80.56948767602444 462.3543718680739 3578.782381139696 15904.27447974682 53.01899430900812 3.817454934120178 20.85554049164057 256.447784781456 0.2851684391498566 0.2507247850298882 33.7907547429204 16.52695009112358 179.1595516502857 1821.968893781304 142.4704463407397 47.55467119067907 10.36232285946608 0.2651480436325073 21.86402654647827 0.5487411022186279
110.7514960244298 33.45770557969809 467.4779835641384 3036.041323199868 2.285574473440647 520.9503748193383 14327.37326192111 504.9547131955624 883.0106019973755 4599.223497629166 8.948539808392525 253.1238829568028 4.627824015915394 354.5552056208253 42.97240570187569 1474.932679571211 35.29289247095585 3.342247486114502 9.132988356053829 1778.557182714343 6474.100120425224 256.4687909409404 3007.702084951103 11386.82770506293 27.66601122170687 41.50065864622593 1565.675789706409 19273.59096595645 758.3484597280622 8173.296000689268 0.8567858934402466 8.231027945876122 113.100253649056 715.4259176924825 233.3224701806903 4108.47275288403 237.8354733139277 1247.869312681258 1013.324349246919 237.3251536861062 55.18749707192183 23.51051069796085 40.2700899168849 9.974589951336384 2.351547084748745 9.852431990206242 86.55471945554018 1.491355359554291 17.97406473010778 501.1564812734723 48.9722706079483 311.2794498354197 125.7963646948338 6.623057961463928 59.69687737524509 0.09435885399580002 39.64633413404226 2.500854551792145 221.2883764505386 0.9419568255543709 0.8686369806528091 0.5556391552090645 72.56182808429003 135.8811553865671 102.6766441091895 66.25220081955194 1788.274469830096 0.1871120855212212 2.640592902898788 64.03442346304655 1354.800132356584 47.94092200696468 380.0818004608154 0.08657323569059372 0.9197668358683586 9.029248803853989 20.32409265637398 17.47343765199184 401.5745599940419 8.07839772850275 75.62459026277065 21.79375997185707 236.69523794204 2.986474193632603 14.55856643617153 2.815978273749352
3284.58854509145 1.483840316534042 115.6748436838388 49.74516754597425 835.7490647509694 877.1978369951248 890.5610056743026 1721.510466191918 15.23538929969072 630.14105938375 115.9565302953124 221.0886358618736 4.549362361431122 4781.177881009877 16.4877842143178 37.9870832040906 390.8828695937991 14.29195164144039 128.0491909906268 185.9726572409272 242.1252079680562 19.90520748496056 175.2838955894113 282.8925360590219 4.341796010732651 194.2690998837352 74.23405612260103 758.3484597280622 11749.63911738247 2607.530438542366 0.4049170911312103 647.7177006155252 3178.072690799832 2670.671951957047 33.53158301115036 531.1492783725262 75.33015678077936 1470.183651678264 531.9415546283126 140.2137221172452 92.6066272482276 5.35119241476059 16.12245580554008 1.427475020289421 0 1.471297681331635 1.728789232671261 0 0.7440745234489441 19.81039693206549 0.5197252705693245 12.05469606816769 0.2330843508243561 2.853385761380196 0.8676854521036148 0 2.347228586673737 0 57.09649237990379 0 0 0 0.4808818399906158 39.25330778211355 16.13471885770559 15.18789167702198 88.94947642832994 0 0.672565758228302 3.266183510422707 73.98307012021542 5.477787643671036 37.99189249426126 0 0.1418579518795013 2.015956565737724 3.135805577039719 7.418139725923538 58.26384627074003 2.336881324648857 6.919438265264034 4.555841758847237 19.10443204641342 0.6696935296058655 3.901447534561157 0
