943.0462818071246 0.127206102013588 90.87293473631144 0.7620921730995178 0 3.85411774367094 2175.493896886706 100.0209743753076 0 8.634593307971954 38.76243487745523 0.4346520453691483 0.5515367835760117 2682.287553504109 0 2.488301783800125 138.5203671082854 67.20179091393948 125.588421754539 1.204230457544327 56.48995332419872 3.719254434108734 93.44718904048204 4.766987398266792 0 167.2068297937512 116.0598123967648 55.38064046949148 3459.41218034178 2698.129893429577 0.09176842868328094 2.348122395575047 61.59716377407312 160.8066710010171 0.5439033806324005 49.74843964725733 7.692580997943878 113.4638423398137 31.96526908874512 0.2790434807538986 0.5360421761870384 0.2736554741859436 0 0 0 1.032410442829132 0.1160571500658989 0 0 0 0.191314309835434 1.224104642868042 0 0 0 0.08136459439992905 0 0 1.579941004514694 0 0 0 0 1.014315843582153 0.6656442284584045 0 2.345314398407936 0 0.1620036214590073 5.718389466404915 1.346772953867912 0 0 0 0 0 0 0.6718782484531403 0.6277250647544861 0 0 0 0 0 0 0
0.127206102013588 72.75472927093506 5.818657100200653 0.4984651729464531 0.8859108462929726 0.2385252714157104 0.3688471615314484 0.5050214380025864 489.1556643843651 0.3400077074766159 145.7623872682452 4.142076626420021 1157.886387065053 0.698752649128437 5.168281778693199 94.30962903052568 2.293340921401978 2.22705864906311 1.639057643711567 0 4.558665782213211 1983.35000705719 3.142387211322784 1195.51185798645 1310.919190511107 64.78970296680927 6218.7770710513 69.16345632821321 0.7841467782855034 0.5602910220623016 5.138967573642731 0.6177664771676064 0 21.96444231271744 0 7.986938327550888 23.1541615575552 15.17709974944592 2.838046170771122 9.588061414659023 0 215.1621362268925 0 0 24.14076974987984 80.04208365082741 0.2594399079680443 0 0 0.3125716745853424 0.5203883200883865 0.8538719862699509 0.6360604465007782 6.128700450062752 0 25.80450389534235 0.2458861693739891 0 16.53421278297901 5.702504217624664 1.307473294436932 9.768369920551777 0 0 14.26483988016844 6.301921561360359 8.989113919436932 11.97621682286263 99.07067181169987 2380.474684484303 1.951357543468475 0.2560969740152359 0 4.06233236938715 0.2084680050611496 0 1.389813810586929 0 9.69609122723341 10.35918005555868 8.332660928368568 2.53269200026989 0.5333184450864792 0 1.129274800419807 0.2176322266459465
90.87293473631144 5.818657100200653 9025.346488110721 0.3927225843071938 0 108.71611584723 1072.488008573651 496.8967056199908 0.41429403424263 97.13958388566971 14.09919445961714 0.6569055467844009 4.13390139490366 382.0814836546779 0.09210246801376343 2.427272133529186 5808.656515039504 172.0215134322643 270.0141541287303 0.4835927039384842 410.9588356465101 3.306155264377594 11458.36545517296 19.21091912686825 0 7657.519072078168 8237.797991327941 538.3575463667512 91.32787232846022 379.1696911901236 0.1473577171564102 2.693650409579277 4.100694097578526 800.019247956574 21.316541492939 1913.228294476867 1322.139241360128 1501.124096803367 721.8457729145885 70.1796055585146 1.051840014755726 4.222835063934326 3.859147921204567 0 27.26913626492023 324.7514328360558 0.2182581424713135 0 0 0.13319993019104 1.254805356264114 0.3184731602668762 0.5929967761039734 0.3359028100967407 0 2.50221911072731 0 0 7.693425729870796 9.359415240585804 0 2.663409046828747 0 0.2917584180831909 49.19482147693634 34.9207359701395 3.65466433763504 0.8641360849142075 40.28742033988237 1100.633015066385 1.462901301681995 0.5707387924194336 0 0 0 0 1.032446712255478 14.06165359914303 17.28157935291529 1.527436137199402 17.87849663197994 5.879589736461639 0 0 0 0
0.7620921730995178 0.4984651729464531 0.3927225843071938 2862.092840097845 27.39368186891079 147.7896824777126 65.46335662901402 161.8722424060106 1011.199509300292 2233.32408708334 15.10529966652393 6391.738187730312 15.39369083195925 195.0290568694472 153.0974504426122 0.7292776703834534 0.7940205484628677 11.05159682035446 3.087737552821636 3811.421130955219 0.1270043253898621 0.3308512717485428 1.207769237458706 2180.322241701186 0.342365063726902 15.6378136202693 11.46633499115705 2825.508581988513 239.2047680318356 2.501605913043022 0.1712441220879555 34.71713295578957 2.627528503537178 88.24540551751852 4.978121012449265 565.0145417526364 12.30896231532097 316.7894262224436 79.47011686861515 565.3436255455017 23.79019793123007 5.807120531797409 8.629015259444714 0.1147063672542572 0 0.6919317841529846 393.4385622739792 1.483002677559853 16.43391736596823 37.34164418280125 8.902201123535633 269.9495313838124 138.7031892389059 0.8259823620319366 219.1295660585165 6.745028756558895 7.894024595618248 98.35676750540733 0 0 0.2515031471848488 0 206.3497346192598 0 1.157323986291885 1.503181099891663 516.7427388131618 0.3475686684250832 0.3269504010677338 2.837332427501678 542.6707172766328 13.59228768199682 2.997551202774048 0 3.141460329294205 0.2492966949939728 5.549780145287514 1.787541329860687 53.51706322282553 0.6579844206571579 37.17135574668646 6.993070974946022 194.602309897542 5.071817047894001 0.1140486225485802 1.48893515765667
0 0.8859108462929726 0 27.39368186891079 63.01770908385515 308.1027259603143 2.547121830284595 23.61862418055534 267.810215421021 12.42419788986444 39.1532233953476 199.2272873520851 22.18202929198742 1.950897410511971 1012.747251048684 0 0 3.692480027675629 0.8570091277360916 35.15243926644325 0 1.984209142625332 0 53.85950779914856 0.3934455364942551 5.487947523593903 2.466829635202885 14.96880104392767 26.71291472017765 0.195572704076767 0.1157302260398865 32.45064013451338 0 164.1639883667231 0.5989443063735962 48.62910044193268 3.549480229616165 220.3206945210695 31.00989603996277 2729.960745848715 35.50012707710266 10.10875582695007 1.607061579823494 0 0 0 2.273178085684776 0 0.3824450820684433 0 0.360677570104599 3.65980352461338 0 0 5.39778408408165 0.1303822845220566 0 4.14863894879818 0.135591134428978 0 0 0 2.023496940732002 0 0.3589445650577545 0 0.3872368186712265 0 0 0 1.92983228713274 0.1327445209026337 0 0 0 0 0 0 0.3202749341726303 0 3.515299320220947 0 14.2930891290307 0 0 0
3.85411774367094 0.2385252714157104 108.71611584723 147.7896824777126 308.1027259603143 9978.9152354002 3708.680309206247 5095.585066594183 56.24367056041956 6123.634632959962 46.90398504585028 4433.513694286346 34.1366683319211 462.959986038506 969.647603392601 1.441366106271744 39.18596529215574 31.14497228711843 13.71765344589949 472.8681540563703 35.73630294948816 1.673437029123306 37.26701979339123 43.52072342485189 1.083138510584831 135.1893879473209 56.26373333483934 1015.698744341731 319.4958140254021 17.24607617408037 0.9046102538704872 814.210660636425 3.585479542613029 215.2912368923426 2.721646554768085 288.8124038726091 29.91854244470596 417.4635732397437 83.06114488095045 1804.849644303322 58.52376788109541 14.87428656965494 7.170880004763603 0 0 2.424764156341553 12.73154442757368 0 1.449254423379898 5.783065728843212 0.1269114315509796 13.84033763408661 9.148133978247643 0.292268842458725 25.99752003699541 0.2515677958726883 2.306882902979851 7.718870833516121 2.350513339042664 0 0.1286670416593552 0.3009236380457878 6.924608618021011 0.5718067288398743 0.6610456854104996 0.357286125421524 55.68594469875097 0.1109097003936768 0.8406944870948792 9.740373454988003 38.1557330712676 0.3587732091546059 0 0 0 0 0.7648977637290955 0.9023371189832687 8.346128970384598 2.663987882435322 1.251302689313889 0.6863627359271049 29.35816507041454 0 0.1315275579690933 0
2175.493896886706 0.3688471615314484 1072.488008573651 65.46335662901402 2.547121830284595 3708.680309206247 15766.64873736352 6828.786437764764 98.80616252869368 13099.33809319884 31.30004362016916 133.0836991369724 16.83432390540838 8259.811404265463 9.032084032893181 34.81341303884983 389.9948111250997 74.71041810512543 120.8104255199432 29.37648311257362 1172.013867296278 9.232737645506859 776.6407915279269 357.6911646127701 0.4848695695400238 700.3296409472823 358.6644964069128 16196.04683656991 1981.1320162341 2814.132169432938 0.09219131618738174 38.27573038637638 142.330316029489 466.7748401015997 28.25062983483076 2244.48743674159 118.5158851593733 1557.135621704161 840.1182929202914 211.4903726503253 64.94827691465616 3.53314533829689 32.30229313671589 0 1.390208527445793 8.559436559677124 50.6473046168685 0 1.916571035981178 25.35461588948965 1.675543390214443 43.12717691808939 28.46854232251644 0 6.032419838011265 0 2.126415632665157 2.356761246919632 14.10424720495939 0.3707901835441589 0 0.2407328635454178 26.12739105522633 0.6667196154594421 8.07217201590538 12.64680391550064 171.8776066526771 0 1.255908295512199 65.08033913373947 164.1521267965436 4.082922980189323 0.548674464225769 0.4940862357616425 0.2281738519668579 0.3859225511550903 2.176706470549107 17.66972613334656 27.32302584499121 0.4909528344869614 11.31007493287325 2.609649330377579 2.420272558927536 1.25413304567337 0.1940346509218216 0.3404699116945267
100.0209743753076 0.5050214380025864 496.8967056199908 161.8722424060106 23.61862418055534 5095.585066594183 6828.786437764764 9757.126106671989 3.710949473083019 3130.155809000134 244.4718264192343 704.5832520127296 102.2654918730259 5880.933548949659 171.725026614964 12.28752938657999 218.4536672905087 139.481138497591 122.9314863830805 360.826784722507 131.7672140523791 12.96579452604055 230.6271705701947 40.0539523884654 3.78274954110384 586.0123185366392 285.7643681690097 655.8604622855783 592.3535767197609 445.8359760344028 2.966392427682877 769.68238312006 8.08520994335413 460.6949483603239 1.451439760625362 659.8226444870234 87.44637109339237 755.6090750396252 188.41149944067 762.1012227162719 80.49533995985985 41.78030364215374 18.44150770455599 0.09860550612211227 2.24169547855854 8.109254986047745 3.616412706673145 0 0.9212163686752319 3.858212225139141 0.1281205117702484 8.687747076153755 3.673388227820396 0.4840913265943527 2.990696921944618 2.262856222689152 0 0.1319065243005753 10.23149666190147 0.7195633053779602 0.1442266851663589 0.2378439009189606 0.7567655146121979 4.216616079211235 1.702294960618019 2.400795415043831 25.9915971159935 0.1520875543355942 1.276428923010826 41.66069459915161 29.75326114147902 0.6270992457866669 0.9478277564048767 0 0 0 0.5207175016403198 0.5801122188568115 9.341269358992577 0.459655188024044 2.490345247089863 0.7783264517784119 1.223690241575241 0 0.7678328603506088 0
0 489.1556643843651 0.41429403424263 1011.199509300292 267.810215421021 56.24367056041956 98.80616252869368 3.710949473083019 770.534407146275 193.7108226194978 11.5333870947361 732.1982913687825 75.35789352655411 6.623228937387466 1047.073178507388 42.97139647603035 0 0.2101410776376724 0.6944035887718201 332.7625258415937 14.18731409311295 1989.967232227325 0.8047648668289185 7742.338853172958 79.71184984594584 2.401717036962509 176.2685267403722 1710.466835275292 7.843712456524372 1.014827996492386 0.2923306077718735 1.56652158498764 1.110253691673279 3.624748520553112 0.5390070676803589 53.9482919126749 2.658679112792015 18.19336584210396 6.105201683938503 372.709452830255 2.366130575537682 3.946501322090626 2.008070230484009 1.675108596682549 2.812059707939625 0.6936478614807129 371.3493936657906 3.591569021344185 23.96737238764763 80.86120109260082 9.168874502182007 121.8210587650537 78.94579134136438 1.661481849849224 219.5094853714108 1.764910697937012 9.095636896789074 139.2389435917139 38.65708656609058 0 0.3803786933422089 0.4562278464436531 169.7833844199777 6.227554455399513 27.13346181809902 1.451935037970543 1301.934656277299 1.991996064782143 0.6845276206731796 10.09352537989616 692.8167005702853 20.56647178530693 1.918895959854126 0.8068462014198303 1.667792983353138 2.926887661218643 8.812255568802357 3.037430316209793 68.07593531161547 0.5631474107503891 36.48950760066509 10.12524948269129 165.4280941337347 2.439638629555702 0.1887596100568771 0.3281300514936447
8.634593307971954 0.3400077074766159 97.13958388566971 2233.32408708334 12.42419788986444 6123.634632959962 13099.33809319884 3130.155809000134 193.7108226194978 34682.84240461141 61.97511050850153 4243.555191889405 49.83814313262701 1359.084249138832 49.03163519501686 3.58467011153698 22.88542179763317 44.71873950958252 15.39497746527195 1269.937974967062 47.92145273834467 3.276536218822002 38.75531104207039 559.2088661342859 1.04682569205761 129.3689697012305 93.54049600660801 7682.704582698643 1328.12617225945 21.11437762528658 1.273059874773026 101.2441347017884 16.90775689482689 396.1894438713789 6.584300100803375 1727.363289214671 66.00639475882053 1428.701908648014 305.7408636361361 424.6043900176883 127.7753256335855 15.39540984481573 46.55088871717453 0.6240580379962921 0.4412093460559845 2.340071648359299 183.9122223034501 0.3690558969974518 13.49480200558901 47.30569888651371 6.982282347977161 94.18439023941755 124.6607904061675 0.9094246998429298 99.71267495304346 0.4006895646452904 6.357477694749832 22.89816103130579 2.332393169403076 0 0.5749471038579941 0 110.1570007205009 0 3.929017059504986 1.096912026405334 404.568653576076 0.2875770330429077 0 6.922701723873615 434.0952389761806 9.258771896362305 0.8818550109863281 0 1.615690775215626 0.2294528782367706 7.059520915150642 5.329042017459869 50.24951879680157 1.036186195909977 30.89862993359566 4.259318143129349 50.32620888203382 3.15036116540432 1.664557568728924 0.4771859645843506
38.76243487745523 145.7623872682452 14.09919445961714 15.10529966652393 39.1532233953476 46.90398504585028 31.30004362016916 244.4718264192343 11.5333870947361 61.97511050850153 8554.842764385045 54.2869885340333 2939.294451966882 384.5913324952126 3.235271841287613 0.8308990970253944 234.1912046968937 3307.194614134729 720.4505974948406 34.15626177936792 53.71648331731558 53.00046208500862 113.4526525884867 23.81634470075369 494.1405988112092 2921.055234141648 1875.287094734609 38.15026784688234 311.0359195843339 82.7269646525383 267.8468729108572 550.0331552326679 23.46552503854036 5031.800096154213 6.931489162147045 320.0447426512837 1495.159634850919 2078.415542759001 284.4141965061426 74.67503319680691 19.49888402968645 1294.038683705032 2.205892868340015 0 11.4687731936574 0.5926354825496674 0 0 0 0 0 0.874640516936779 0.1906000673770905 42.97524052113295 0.2422989457845688 610.1954149752855 0 0.09740065783262253 0 0 4.381025888025761 1.404798112809658 0 0 1.265873521566391 0 1.75857201218605 173.9622579440475 41.32998701930046 459.3171876817942 2.368746846914291 0 0 52.97269573062658 0 0 0.8551451191306114 3.606865391135216 11.50713042169809 216.8630281016231 4.87416809797287 0.4540803283452988 0.09225498139858246 0 96.65708857029676 0
0.4346520453691483 4.142076626420021 0.6569055467844009 6391.738187730312 199.2272873520851 4433.513694286346 133.0836991369724 704.5832520127296 732.1982913687825 4243.555191889405 54.2869885340333 8801.414833195508 33.89552467316389 461.6533869579434 1237.179633066058 0 0.5851257517933846 30.58812240511179 7.127205237746239 4129.986465916038 0.4563506096601486 14.84068351984024 0.9546446353197098 843.6039455831051 1.0434665158391 40.14975901693106 21.65638290345669 893.2540957480669 434.6727282032371 2.51273050904274 1.124567173421383 201.7750468701124 0.7005575597286224 170.9071564525366 0.8381331637501717 446.7041372731328 14.07094541937113 478.2763734832406 35.9738737642765 1565.57639208436 39.83249650150537 12.09950175881386 7.253260008990765 0 0 0 177.4506691098213 0.118676021695137 28.70877685397863 8.608339756727219 6.801356568932533 121.3849715143442 34.02450985461473 0.1017659232020378 442.8884992748499 0.2404097318649292 3.788685999810696 82.15550667792559 0 0.1177100986242294 0.639044813811779 0.1514799147844315 84.32977464795113 0 0 0 104.8686659932137 0 0.7028607130050659 0.5281564891338348 76.44910053908825 3.265230625867844 0 0.1939913034439087 0.9531440138816833 0 4.039409972727299 0.4761471152305603 10.60592649132013 0.7433496341109276 11.00130747258663 0 221.243035659194 2.184127986431122 0 0
0.5515367835760117 1157.886387065053 4.13390139490366 15.39369083195925 22.18202929198742 34.1366683319211 16.83432390540838 102.2654918730259 75.35789352655411 49.83814313262701 2939.294451966882 33.89552467316389 4544.146979220212 84.257244579494 9.13448379188776 10.03852375596762 5.252811014652252 89.35875173658133 9.771175846457481 22.46584581583738 5.349552527070045 368.9162415489554 21.36459215730429 132.4299490973353 6834.864818096161 1324.356095477939 5758.278873287141 53.98787186294794 74.51933030039072 5.161941431462765 732.3524186313152 182.4641955196857 0.4374600276350975 1187.762729734182 40.14935586601496 2833.665658354759 4834.112382210791 6089.892787083983 814.1410172581673 393.2466176226735 176.8647467643023 1549.261304579675 23.24622807651758 0 81.27436812222004 1.65570393204689 0 0 0 0.3928608372807503 0.1711024641990662 2.886885121464729 0 136.7693402022123 0 2029.591587111354 2.34584616869688 0 0.1192714273929596 1.040523037314415 27.87743774801493 4.918235018849373 0 0.6149550154805183 4.69656652957201 2.979080989956856 2.870761960744858 1054.330757416785 198.4632006436586 2558.23230715096 2.562548153102398 2.051219187676907 0 209.0008475333452 0.1859134584665298 0 9.782750748097897 20.92610880732536 339.8824026659131 527.3703582957387 46.29235456138849 17.71897654980421 3.166359975934029 6.617580473423004 106.6352943852544 1.041513085365295
2682.287553504109 0.698752649128437 382.0814836546779 195.0290568694472 1.950897410511971 462.959986038506 8259.811404265463 5880.933548949659 6.623228937387466 1359.084249138832 384.5913324952126 461.6533869579434 84.257244579494 9952.356217324734 26.54221124947071 12.02460857480764 276.3816547244787 281.2310233414173 293.8828594982624 378.1367934793234 133.2388215661049 14.28407626599073 236.9246591255069 128.5189011767507 4.157115183770657 775.2008518502116 565.3913033530116 860.9368704408407 5999.668363913894 2210.976123966277 3.646023213863373 154.0156484171748 36.03737679123878 1441.863456897438 2.062463663518429 575.7760026752949 91.78323458880186 1749.468511112034 138.2821468263865 508.5402119010687 26.36518350988626 21.76429682224989 9.082020409405231 0 1.92893935739994 4.308364778757095 1.565069414675236 0 0.347137339413166 3.660503521561623 0.5237311720848083 8.392794013023376 2.222423821687698 0.7190970778465271 4.201754368841648 1.262078240513802 0 0 12.72282373160124 0 0 0.1283490508794785 1.471069544553757 3.393865570425987 3.273917578160763 1.634427130222321 36.93411020189524 0.2754666358232498 1.165158338844776 30.77007614076138 44.93821873515844 0.8319365754723549 0.649682879447937 0.2015622407197952 0 0 0 3.905690997838974 10.8616716787219 0.3867651894688606 2.115339413285255 1.241623997688293 0 0 0.5180546492338181 0.2285951972007751
0 5.168281778693199 0.09210246801376343 153.0974504426122 1012.747251048684 969.647603392601 9.032084032893181 171.725026614964 1047.073178507388 49.03163519501686 3.235271841287613 1237.179633066058 9.13448379188776 26.54221124947071 295.2577665448189 0 0 1.320952527225018 0.2315766736865044 188.4431181252003 0 24.02240289002657 0 399.2930186539888 1.212575227022171 2.232445187866688 3.377067171037197 82.81607259064913 11.97208447009325 0 0.1136912852525711 256.2437808439136 0 18.10938992351294 2.78552134335041 140.3134750649333 18.1941342279315 57.38433034718037 2.868297785520554 1608.176367342472 36.16248868405819 2.628743335604668 0.8356794565916061 0 0 0 14.50157478451729 0.1663781404495239 4.962828680872917 1.544735431671143 3.245810613036156 32.62713092565536 3.029352322220802 0 54.81441208720207 0.2464132383465767 0.5484381169080734 25.77112796902657 0.1854500025510788 0 0 0 9.608106508851051 0 0.170361116528511 0 23.15480241179466 0 0 0 6.849681429564953 0 0 0 0.4114772379398346 0 0 0 2.275899961590767 0 1.087308868765831 0 109.7541324943304 0.1413348317146301 0 0
2.488301783800125 94.30962903052568 2.427272133529186 0.7292776703834534 0 1.441366106271744 34.81341303884983 12.28752938657999 42.97139647603035 3.58467011153698 0.8308990970253944 0 10.03852375596762 12.02460857480764 0 5608.415313437581 10.57301016896963 0.66280497610569 2.483710691332817 0 4792.816274389625 1356.0237910375 4906.824531361461 2416.545965477824 7.702700637280941 16.92410861700773 3353.710291877389 2752.956189706922 16.44220913946629 71.04840063303709 0 0.129319429397583 8.739908657968044 50.18636506050825 24.49469470977783 1823.630784735084 793.4427357763052 355.6099878549576 538.2194513231516 50.33472765982151 0.9656474739313126 0.535021185874939 7.131352126598358 2.999547302722931 1.953450307250023 7.375101134181023 1.712464809417725 0 0.6836686730384827 25.63999839127064 1.241977900266647 205.7290982976556 2.095406711101532 0 0.5146419405937195 2.676282539963722 6.345435425639153 0 4454.985251486301 0.1506098955869675 0.5048874840140343 0.1909101903438568 1.363190323114395 447.1278170719743 1640.330344632268 702.5426064431667 851.1517288759351 0 1.429354652762413 598.9663430899382 564.0091154426336 17.76636409759521 88.43188884854317 0 0 4.404631271958351 16.33958329260349 23.1567384749651 214.2836387827992 12.57412329316139 32.54944548755884 23.2238564863801 6.246977120637894 1.798966348171234 0 1.30816113948822
138.5203671082854 2.293340921401978 5808.656515039504 0.7940205484628677 0 39.18596529215574 389.9948111250997 218.4536672905087 0 22.88542179763317 234.1912046968937 0.5851257517933846 5.252811014652252 276.3816547244787 0 10.57301016896963 921.5233474299312 828.2068552970886 2654.079084761441 0.4232043251395226 1758.617248445749 1.370521694421768 3521.360648520291 11.2511927112937 0.8838765025138855 5237.998720951378 8332.251013755798 243.5771391317248 126.3644247800112 1386.860051721334 0.2664899230003357 2.270393386483192 8.448595598340034 1401.642138890922 6.968575783073902 331.5768603757024 668.3624297827482 957.6635241284966 346.8871308267117 12.33484888076782 0.7487258166074753 2.781716614961624 1.427744098007679 0 3.784777700901031 30.4254647642374 0 0 0 0 0 0 0 1.083554983139038 0 0.9753995835781097 0.4676772505044937 0 1.301411703228951 8.219683848321438 0.1605567038059235 3.978296920657158 0 0 3.776632823050022 2.061727598309517 0.5629731416702271 0.1318971812725067 46.35805166512728 158.0506485551596 0.7200421839952469 0 0 0 0 0 0.6895879805088043 3.760396108031273 3.622127391397953 0.4822959527373314 5.011773996055126 1.544959381222725 0.1870723068714142 0 0 0
67.20179091393948 2.22705864906311 172.0215134322643 11.05159682035446 3.692480027675629 31.14497228711843 74.71041810512543 139.481138497591 0.2101410776376724 44.71873950958252 3307.194614134729 30.58812240511179 89.35875173658133 281.2310233414173 1.320952527225018 0.66280497610569 828.2068552970886 175.5711443498731 1050.542878948152 24.36288930475712 41.52657725661993 0.1705622375011444 221.9503811001778 6.89801075309515 53.30449103564024 3302.053187258542 1095.833515994251 35.84047240018845 192.144971318543 91.39131741970778 34.77859629690647 139.2382794097066 17.63016621023417 1213.394152760506 12.69510605931282 579.4170160219073 606.199939198792 1364.044535912573 394.8060480505228 34.7339371368289 4.820511050522327 10.60448344796896 2.074495501816273 0 1.647040568292141 1.207515478134155 0 0 0 0.470138892531395 0.2368100583553314 0.1581773608922958 0 3.439062111079693 0.2611237838864326 19.09649921953678 0 0 0.5282431691884995 1.156750023365021 3.169730246067047 5.342322081327438 0.2381865382194519 0 0.3801884353160858 0 1.101226709783077 14.03375653922558 49.98401443660259 155.9041381403804 1.73688267916441 0 0.253665417432785 8.750455439090729 0 0 0.5582431629300117 8.719965726137161 14.36584950238466 13.3253476396203 2.502211146056652 0.4999361336231232 0.1531425565481186 0.09800159186124802 0 0
125.588421754539 1.639057643711567 270.0141541287303 3.087737552821636 0.8570091277360916 13.71765344589949 120.8104255199432 122.9314863830805 0.6944035887718201 15.39497746527195 720.4505974948406 7.127205237746239 9.771175846457481 293.8828594982624 0.2315766736865044 2.483710691332817 2654.079084761441 1050.542878948152 1502.783420465887 5.693127684295177 164.483490459621 1.452630653977394 352.4963721558452 3.206845313310623 5.557595960795879 5061.82185485214 2364.079991601408 62.19770715385675 211.6613858863711 293.8213483095169 1.133842803537846 38.12069761008024 24.30538854748011 2244.426587365568 0.4094125851988792 171.4560440704226 782.7906904742122 371.8945993259549 57.85291267931461 8.430729098618031 0.7961762249469757 0.1138652786612511 0.2785863727331161 0 1.146355703473091 1.728719621896744 0 0 0 0 0.1086337715387344 0 0 1.116295576095581 0.08775651454925537 8.830859653651714 0 0 0.7398446798324585 2.317756958305836 1.468171842396259 3.973854757845402 0 0.1389991939067841 0.1690134108066559 0 0.9381431043148041 2.91863963752985 56.87186516076326 105.4649729132652 0.5379629731178284 0 0 4.809474110603333 0 0 0.1990980803966522 0.8635620325803757 5.797521725296974 2.90894990414381 4.03720486164093 1.393955424427986 0 0 0 0
1.204230457544327 0 0.4835927039384842 3811.421130955219 35.15243926644325 472.8681540563703 29.37648311257362 360.826784722507 332.7625258415937 1269.937974967062 34.15626177936792 4129.986465916038 22.46584581583738 378.1367934793234 188.4431181252003 0 0.4232043251395226 24.36288930475712 5.693127684295177 419.6041973680258 0.4805205538868904 0.3783249855041504 1.118944317102432 426.2147282287478 0.8117222264409065 34.84646984189749 21.94165405631065 1468.92150221765 416.6878716349602 3.157531708478928 0.6195020228624344 63.73534535616636 1.442166619002819 131.4105424210429 1.297820694744587 468.576099164784 15.88368103653193 443.9031202048063 43.99390005320311 603.3025335446 28.5145244076848 9.664026260375977 6.921169750392437 0 0 1.029694318771362 81.06023167073727 0.6859339773654938 6.313434049487114 19.63124756515026 2.845795027911663 62.02044306695461 32.86402186751366 0 81.74146977066994 5.888354182243347 4.885625496506691 46.27302596718073 0 0 0.09606990963220596 0.3159728050231934 63.62506165355444 0.6455421447753906 0 0 159.5489178970456 0.2025239020586014 1.592600233852863 2.340211018919945 187.2585992962122 5.678298726677895 4.258815884590149 0.1124316304922104 0.3929986581206322 0.4634287059307098 3.140236631035805 1.284764856100082 20.76538496464491 0 10.50663582980633 1.929096713662148 114.7275506854057 1.395398713648319 0 0
56.48995332419872 4.558665782213211 410.9588356465101 0.1270043253898621 0 35.73630294948816 1172.013867296278 131.7672140523791 14.18731409311295 47.92145273834467 53.71648331731558 0.4563506096601486 5.349552527070045 133.2388215661049 0 4792.816274389625 1758.617248445749 41.52657725661993 164.483490459621 0.4805205538868904 12969.72787583619 96.92935831844807 15523.42841499299 65.85689122974873 0 133.7919868156314 393.6698803678155 7509.804410487413 214.146348670125 7592.742771811783 0 1.200942531228065 111.6598669141531 3559.454990625381 92.33579966425896 5289.05973854661 1015.654731296003 4814.664013519883 3171.576249174774 239.4358471035957 7.242354236543179 4.411628663539886 36.72274768352509 0.8298367559909821 0 0.5702107697725296 0 0 0 16.12323313951492 0.387560248374939 84.77431106567383 0 0.1577240377664566 0 0.1394512802362442 1.404415026307106 0 424.3927690237761 0 0.1611740440130234 0 0 106.8523766472936 92.68228276073933 17.6936277449131 382.1420688033104 0.1587357670068741 0.1509770601987839 24.20834919810295 271.0824403911829 9.687609970569611 28.15456162393093 0 0 0.4859294593334198 3.199657440185547 97.35999970138073 84.16227547824383 2.646044805645943 13.52936285734177 11.66696440428495 3.697681188583374 0 0 0
3.719254434108734 1983.35000705719 3.306155264377594 0.3308512717485428 1.984209142625332 1.673437029123306 9.232737645506859 12.96579452604055 1989.967232227325 3.276536218822002 53.00046208500862 14.84068351984024 368.9162415489554 14.28407626599073 24.02240289002657 1356.0237910375 1.370521694421768 0.1705622375011444 1.452630653977394 0.3783249855041504 96.92935831844807 1641.065992809832 86.36346411705017 4654.641829274595 464.0814615860581 24.19813920557499 2902.223995514214 300.8702142685652 20.33168105781078 20.13357922434807 1.101713120937347 1.188366308808327 8.715771988034248 17.8406378030777 0.7830697596073151 342.251801148057 35.60968321561813 49.56375381350517 48.20374170690775 86.26982849836349 0.4577938765287399 33.35508522391319 1.236921727657318 0 6.831682495772839 23.01646912097931 1.390505641698837 0 0 2.983181461691856 0 45.84169823676348 0 0 0.2731820046901703 4.69647479057312 0.9977873563766479 0 1433.036366514862 0.7248213440179825 0.1722810864448547 0 1.224914640188217 102.3371192663908 222.7830304205418 236.5344903171062 211.8288710936904 4.930834546685219 3.049807608127594 918.4082648232579 88.63954797387123 6.463595226407051 10.41912008821964 1.189786851406097 0 1.196625769138336 1.578987166285515 0.2012185901403427 48.5418958067894 6.258548438549042 10.01081696152687 8.55953848361969 4.508151158690453 1.202109694480896 0.1272915154695511 0
93.44718904048204 3.142387211322784 11458.36545517296 1.207769237458706 0 37.26701979339123 776.6407915279269 230.6271705701947 0.8047648668289185 38.75531104207039 113.4526525884867 0.9546446353197098 21.36459215730429 236.9246591255069 0 4906.824531361461 3521.360648520291 221.9503811001778 352.4963721558452 1.118944317102432 15523.42841499299 86.36346411705017 19123.89894457906 445.4603654444218 0.1586471050977707 3432.522648349404 13744.72687125951 4105.572204247117 87.8384206071496 4315.25479478389 0 2.977734252810478 18.9381305128336 3297.385777406394 241.6358728930354 11180.26676364243 4873.328887850046 8153.502311058342 7784.393317051232 644.9189863651991 12.12591527402401 30.61291836947203 69.98723211139441 0.429067462682724 7.207536339759827 322.6230882406235 0 0 0 3.645120844244957 0 4.95037304610014 0 0 0 1.446687586605549 0.2344499230384827 0 1431.669302217662 2.08211512118578 0 1.121691450476646 0 94.24573949724436 449.0057274326682 412.643455773592 87.85461315512657 0.2283244729042053 8.803253032267094 1451.210116967559 52.73337215185165 8.515832006931305 12.65181878209114 0.3221136629581451 0 1.183053195476532 1.807756081223488 201.3313311636448 119.7422832772136 4.517689868807793 12.54998536407948 19.53630775213242 0.4033342897891998 0.1576686948537827 0.338267058134079 1.391549646854401
4.766987398266792 1195.51185798645 19.21091912686825 2180.322241701186 53.85950779914856 43.52072342485189 357.6911646127701 40.0539523884654 7742.338853172958 559.2088661342859 23.81634470075369 843.6039455831051 132.4299490973353 128.5189011767507 399.2930186539888 2416.545965477824 11.2511927112937 6.89801075309515 3.206845313310623 426.2147282287478 65.85689122974873 4654.641829274595 445.4603654444218 7134.568390384316 144.2599992156029 43.98698902875185 2054.491130016744 6303.824714779854 360.3598265945911 40.45613630861044 0.3936806321144104 7.114088974893093 83.70299073308706 143.8289475739002 16.22063793241978 1972.35596807301 63.81648490577936 548.1791156157851 312.5408474057913 756.9513907656074 46.98538985848427 15.47747176885605 28.13846660405397 1.294188924133778 12.54589536786079 7.549246810376644 607.0763058587909 1.250245347619057 29.17460531741381 260.6031265854836 16.76002736389637 1144.936436474323 266.0469186976552 5.897795759141445 235.5606981813908 9.747617982327938 33.47374310344458 109.8744268938899 172.3133576363325 0.9906444922089577 1.97812420129776 1.288438379764557 298.3976984545588 41.80682580173016 118.8012088984251 27.37125285714865 2958.597271390259 1.046566963195801 5.551849231123924 104.6634797602892 2600.516403198242 57.07142373174429 25.20418570935726 0.804157942533493 4.379526123404503 3.091494858264923 24.12246393412352 11.65042781829834 292.6601562723517 1.700043730437756 148.5271744355559 34.00233422219753 207.8546065166593 5.780597999691963 0 4.461739629507065
0 1310.919190511107 0 0.342365063726902 0.3934455364942551 1.083138510584831 0.4848695695400238 3.78274954110384 79.71184984594584 1.04682569205761 494.1405988112092 1.0434665158391 6834.864818096161 4.157115183770657 1.212575227022171 7.702700637280941 0.8838765025138855 53.30449103564024 5.557595960795879 0.8117222264409065 0 464.0814615860581 0.1586471050977707 144.2599992156029 390.4873511120677 204.9635799974203 3179.57207223773 8.914584286510944 4.491410121321678 0 138.2621536254883 6.133846521377563 0 247.0176590010524 0 37.39634745568037 227.8117804899812 246.3693752586842 19.4608962610364 5.137726977467537 2.654687017202377 681.5117540210485 0 0 64.680490270257 1.172360986471176 0.09463916718959808 0 0 0.193418875336647 0 3.368322744965553 0 33.08042280375957 0 613.5643617808819 0.3212044909596443 0 0.4468305259943008 0.318990170955658 7.753596656024456 5.707349665462971 0 0 4.96138896048069 0 1.897087901830673 113.5649722069502 157.8833213225007 2000.177993185818 0.1978925615549088 0 0 68.92905697971582 0.134186789393425 0 1.403235331177711 0.3560506105422974 4.241555079817772 58.92233450710773 10.48020559549332 2.345581620931625 0.6599546670913696 0 12.55108404159546 0
167.2068297937512 64.78970296680927 7657.519072078168 15.6378136202693 5.487947523593903 135.1893879473209 700.3296409472823 586.0123185366392 2.401717036962509 129.3689697012305 2921.055234141648 40.14975901693106 1324.356095477939 775.2008518502116 2.232445187866688 16.92410861700773 5237.998720951378 3302.053187258542 5061.82185485214 34.84646984189749 133.7919868156314 24.19813920557499 3432.522648349404 43.98698902875185 204.9635799974203 22556.40949039161 9953.536499813199 233.1638284102082 325.0402428880334 321.0390076264739 656.4005497023463 160.3819077461958 21.57006007432938 2667.959239520133 56.08313022553921 4206.730596914887 8246.859519295394 5603.320489063859 1550.409506119788 110.2198765203357 11.39768628776073 80.86073126643896 9.694182321429253 0.3558622300624847 161.2462813779712 107.9930529892445 0.4517039954662323 0 0.08602257817983627 1.590561181306839 2.604099661111832 0.1999470368027687 1.837214559316635 67.17332801222801 0.4191005751490593 460.6068748310208 4.194242358207703 0 2.97043614089489 105.1231625601649 55.90508463978767 206.6652254909277 0.6777375340461731 0.1437037587165833 6.757769152522087 5.744591780006886 3.745780013501644 240.3693302571774 1739.437224119902 4455.319292068481 3.184747591614723 2.593937017023563 2.869291678071022 86.50109276175499 0.1141903847455978 0 28.50665263086557 32.74199975281954 118.1937348991632 197.6238503009081 137.1810789108276 24.97154917567968 0.6259799972176552 0 5.52251049131155 0.4849748015403748
116.0598123967648 6218.7770710513 8237.797991327941 11.46633499115705 2.466829635202885 56.26373333483934 358.6644964069128 285.7643681690097 176.2685267403722 93.54049600660801 1875.287094734609 21.65638290345669 5758.278873287141 565.3913033530116 3.377067171037197 3353.710291877389 8332.251013755798 1095.833515994251 2364.079991601408 21.94165405631065 393.6698803678155 2902.223995514214 13744.72687125951 2054.491130016744 3179.57207223773 9953.536499813199 30754.01735590398 1372.87749838829 247.6301187351346 136.0490713566542 482.0243503898382 101.5381326004863 17.19775780290365 4598.832550622523 206.4929948598146 12471.01604454219 7413.793417692184 10452.96732372791 5329.007907889783 518.092503964901 12.05861315131187 77.10637450218201 44.36055514216423 4.111815989017487 3481.749223195016 2817.075092308223 0.2813358157873154 0.1512447595596313 3.352190665900707 17.86686042696238 14.26982796192169 2.015763811767101 5.319131247699261 161.4937135130167 1.889442138373852 642.3714183866978 13.28320144861937 0 1861.043860673904 325.5081612318754 105.1870447173715 354.7971701398492 0.6698318868875504 28.37102717161179 2377.714307710528 1460.354040712118 52.19452042132616 644.1335342004895 4109.967627190053 30329.88599544764 26.80753652751446 5.387171760201454 11.41255062818527 181.1174620166421 0.4644910618662834 0 88.58200810849667 143.9046597033739 371.5564343333244 368.0194723010063 403.0366752296686 112.7017562910914 4.556891836225986 0.4251009225845337 8.041928507387638 1.518745355308056
55.38064046949148 69.16345632821321 538.3575463667512 2825.508581988513 14.96880104392767 1015.698744341731 16196.04683656991 655.8604622855783 1710.466835275292 7682.704582698643 38.15026784688234 893.2540957480669 53.98787186294794 860.9368704408407 82.81607259064913 2752.956189706922 243.5771391317248 35.84047240018845 62.19770715385675 1468.92150221765 7509.804410487413 300.8702142685652 4105.572204247117 6303.824714779854 8.914584286510944 233.1638284102082 1372.87749838829 16904.1206824258 2012.290003031492 6103.929825805128 0.5265151411294937 43.85445868223906 604.1838191151619 1110.000973500311 98.39560835808516 8004.371064804494 334.5792647153139 3382.350610248744 1914.578750498593 1208.494279690087 167.9980295747519 21.54158520698547 102.0634073466063 4.394306279718876 1.58028356730938 9.647202998399734 759.1109812632203 1.241033732891083 24.21296595036983 382.278118044138 23.8059298619628 763.7860938236117 389.3541162535548 6.344346724450588 197.4336417913437 1.764055959880352 48.28875903040171 75.50248494744301 258.5671987012029 0.3485617935657501 2.434806294739246 1.17319867759943 388.5991496890783 76.58870156109333 74.28960224241018 25.75153407454491 3214.766470663249 1.089630976319313 2.563825502991676 81.74510146677494 3203.73170877248 66.53614263236523 60.40808971226215 0.3415859788656235 3.57911904156208 4.906482979655266 38.12031602859497 57.00591134279966 312.3504754900932 3.850237555801868 159.5412934422493 35.78357265144587 158.3280365169048 11.01363023370504 0.5332682281732559 2.584928467869759
3459.41218034178 0.7841467782855034 91.32787232846022 239.2047680318356 26.71291472017765 319.4958140254021 1981.1320162341 592.3535767197609 7.843712456524372 1328.12617225945 311.0359195843339 434.6727282032371 74.51933030039072 5999.668363913894 11.97208447009325 16.44220913946629 126.3644247800112 192.144971318543 211.6613858863711 416.6878716349602 214.146348670125 20.33168105781078 87.8384206071496 360.3598265945911 4.491410121321678 325.0402428880334 247.6301187351346 2012.290003031492 14660.03062748164 4137.403638876975 1.989251725375652 384.3335795029998 2254.507112026215 2198.391425684094 1.770321726799011 542.9133224114776 39.17602635920048 1521.514027819037 167.165036521852 468.0820230543613 33.33254639059305 14.52497623860836 13.21816954761744 0 0.1106270998716354 3.366950832307339 3.171216830611229 0 0.1321645230054855 5.463926449418068 1.216506123542786 13.4377383813262 3.08921754360199 0 3.925198167562485 1.60096338391304 0.8122658729553223 0.1166360527276993 12.60481127351522 0.1325234025716782 0.133163258433342 0 2.725379914045334 3.404075786471367 3.038781553506851 0 56.07010073959827 0.08160758018493652 0.622843474149704 8.768655180931091 53.37735316157341 0.9804998263716698 1.158900380134583 0.08679722249507904 0 0.5856930315494537 1.214623846113682 2.58466911315918 14.11941390484571 0.2383325546979904 2.715907335281372 1.549716681241989 0.993001788854599 0 0 0
