1348.657271020114 0.109231561422348 150.4492948278785 2.302829831838608 0 17.67850027233362 1679.535020209849 339.8102571591735 13.22927512973547 142.1981300860643 17.26858595758677 1.796399407088757 1.360008984804153 7169.940273083746 1.265295498073101 0.2177179753780365 562.1823516786098 5.22683496773243 70.5852323397994 21.3117259517312 74.67607555538416 0 179.2939782440662 28.51579060405493 0.1803821474313736 46.01218497008085 33.04507701098919 161.313846424222 4741.689064510167 2304.835564702749 0.5128539949655533 0.9398611783981323 56.81451478600502 264.6179610863328 4.245553098618984 59.07851678133011 8.822670243680477 143.9618862718344 22.76913557946682 2.629889979958534 1.589860551059246 0.1709841042757034 0.8218272477388382 0 0 0 0.1174097061157227 0 0 3.551536604762077 0 1.826218247413635 0.3601922020316124 0 0.3482169210910797 0 0 0 0.2611486539244652 0 0 0 0 0.2252564281225204 0 0.4507342278957367 5.489026047289371 0 0 0.6492910459637642 8.354503445327282 0.08209451287984848 1.718456111848354 0 0 0.3081490397453308 0 0 3.498100653290749 0 0.1047772541642189 0.07278238981962204 0.3234003484249115 0 0 0
0.109231561422348 85.33873935043812 37.57757246494293 0 0.4224346578121185 0.3391225561499596 5.495129354298115 0.8736162632703781 544.5189675986767 0.3741274029016495 43.74665179103613 1.320834957063198 1252.68151293695 0.3089258819818497 13.69736984372139 56.87300454080105 9.791585758328438 2.492692150175571 18.68383461236954 0.4951525256037712 4.805603489279747 1507.740921132267 5.180088467895985 579.8372349515557 2023.050459749997 335.4410652816296 10826.08860334009 73.4329072907567 0.8784283176064491 1.049850337207317 68.58681532740593 0 0.2569096833467484 5.599809102714062 0.1234226524829865 24.32039152085781 224.481424100697 44.2985614836216 12.33122399449348 9.719576478004456 0 229.322305008769 0.2035931050777435 0 40.66509225964546 112.7796980291605 0.1886966973543167 0 0 1.495095685124397 0.4017644599080086 2.088098965585232 0 3.143663100898266 0 6.287341617047787 1.15656378865242 0.9091247916221619 1.944393798708916 7.254980951547623 0.8549483120441437 8.590823240578175 0 0.4324088841676712 4.747365429997444 2.771433211863041 5.626836001873016 6.558157585561275 180.4259891808033 1218.704616978765 3.02604241669178 0.3479417786002159 0.8623917624354362 4.89542069286108 0 0 1.076338425278664 0 6.288833983242512 40.12449785321951 4.388461090624332 1.154552906751633 0 0 0.2789545655250549 0
150.4492948278785 37.57757246494293 4051.283845461905 1.467187754809856 0 126.8453387841582 791.9771459251642 806.0926910638809 2.236412242054939 146.6224458143115 16.973891697824 1.218571543693542 4.348945319652557 618.7899200357497 0.3541212528944016 16.87299495190382 8628.878350105137 15.62886922061443 331.4622487574816 3.597872093319893 1901.103844322264 14.4352105781436 8732.399406537414 58.37759727239609 0.9593601003289223 3708.579250529408 7528.924274489284 1012.456775315106 131.9803793914616 477.4350601509213 2.390086583793163 0.4074388518929482 8.052034601569176 860.9406962543726 68.93498516827822 4047.414187029004 4400.114370957017 2258.198483347893 1024.776731349528 112.3186993002892 5.060254864394665 12.32375922054052 13.17310030013323 3.012842983007431 140.3330017700791 1038.172927297652 0 0 0.6931751370429993 18.79330632090569 7.88011135160923 1.447819694876671 0.1735798865556717 0.1541400998830795 0.09148762375116348 0.2625525146722794 12.41061282902956 0 64.97548176348209 24.29098735004663 0.09847304224967957 1.428525604307652 0 7.132764473557472 75.98495080322027 459.6535434871912 19.42133144289255 0.3696469664573669 32.58575131744146 2268.699014618993 9.586763836443424 1.66798485070467 12.69099605083466 0.2178517058491707 0.1016357094049454 0 5.510188587009907 8.969919972121716 58.16836746037006 369.2655027210712 26.42452841997147 15.14972022920847 1.274800419807434 0 0.8748920261859894 0
2.302829831838608 0 1.467187754809856 1254.063829749823 2.939963564276695 88.95726325362921 258.4800447374582 25.3150881677866 496.8191378340125 3288.244588829577 6.673380926251411 451.2607538551092 0.4352389052510262 60.22068076208234 135.2989849820733 0.2814118266105652 0.3718911409378052 2.008227087557316 2.933884307742119 4620.749450989068 0.1384936720132828 0.1096234396100044 1.283837556838989 1737.94674436003 0.1986049860715866 1.759461231529713 2.573113523423672 3365.438368074596 54.75013799220324 0.5743171274662018 0.4319373518228531 1.080224946141243 0.6601353138685226 25.63841634988785 4.286158688366413 588.9189479202032 1.02210708707571 99.98051235824823 13.56655894219875 604.1539264172316 7.421476311981678 2.717436388134956 3.639962397515774 0.2952176332473755 0 0 37.40447281301022 0 9.853789456188679 57.51605233550072 2.577074699103832 15.28475833684206 8.939361646771431 0.3609954863786697 2.260137811303139 0 1.400264590978622 0.1099440902471542 0.520258367061615 0.0970299169421196 0 0 29.15673825144768 0.1520015597343445 0.1846956312656403 0 107.9945935830474 0 0 0.2119743824005127 133.4384882971644 1.614067725837231 3.446001648902893 0 0.2888109385967255 0.1166249364614487 0.2114852219820023 0 166.3766056597233 0.1507284045219421 4.418545752763748 0 66.12677229195833 0.521136537194252 0 0.1314567476511002
0 0.4224346578121185 0 2.939963564276695 10.53618311882019 200.1166568621993 6.075885958969593 172.9138562977314 44.46234710514545 3.370995752513409 77.69577867537737 25.25611294060946 9.461782619357109 24.90773779153824 1070.087386131287 0 0.5565895736217499 4.160008423030376 5.588647574186325 6.172970093786716 0.2682933360338211 0.2724411338567734 0.3961221650242805 8.031821377575397 1.575152508914471 2.926841452717781 3.345353431999683 7.075842961668968 179.3422142714262 0.650133416056633 0.8311343044042587 224.0643992722034 0.8934159278869629 395.0215842723846 0.1473791003227234 23.97775638103485 2.33150315284729 425.0046089589596 109.7019924968481 1328.217743873596 277.3278478682041 15.3658062517643 3.186409145593643 0 0 0 0.1460681408643723 0 0 0.1078865975141525 0 0 0 0 0 0 0 0 0 0 0 0 0 0 0 0 0.446763388812542 0 0 0 0.5127990320324898 0 0.2588919997215271 0.1214204356074333 0 0 0 0 0.1551818549633026 0 0.2666504085063934 0 0 0 0 0
17.67850027233362 0.3391225561499596 126.8453387841582 88.95726325362921 200.1166568621993 10909.46086275578 5095.755968950689 5361.534670230001 161.5282405242324 7396.852929405868 110.9873229563236 3505.514118030667 26.14956093579531 882.1239746883512 855.1537503376603 1.680555194616318 31.60363418236375 20.59051666408777 38.10052978992462 1249.603427372873 21.69581790268421 0.5635569840669632 46.19364706426859 245.2571633756161 2.381982035934925 49.91358152776957 42.60388512909412 529.386696793139 751.3712009862065 45.22280217707157 4.875558353960514 338.5677643343806 6.455547772347927 237.7918979674578 17.39180226624012 606.6694205328822 18.28619702160358 551.2710211202502 118.9161108061671 490.947577431798 176.5420465841889 24.25845175236464 18.18584708124399 0.6623417586088181 0 0.4101654142141342 18.5162001401186 0 6.586333051323891 68.13768136501312 3.122733399271965 32.6572054028511 8.691143214702606 0.2942402958869934 10.16217960417271 0.1609234884381294 2.655364066362381 0 0.7402997240424156 0 0 0.1008153259754181 21.14989730715752 0.09209255129098892 0.2472192794084549 0.7144189476966858 121.7816843315959 0 0.1135993450880051 0.977688767015934 137.4048565402627 1.013748489320278 2.053227230906487 0 0 0.5423051863908768 0.945137046277523 0.5704230964183807 106.9101135358214 0.5071559846401215 2.960490852594376 0.9695533066987991 42.08855700492859 0 0.4473455846309662 0
1679.535020209849 5.495129354298115 791.9771459251642 258.4800447374582 6.075885958969593 5095.755968950689 21475.8351194486 4599.010222442448 1071.896884024143 14336.9442243576 49.23391420394182 172.3948662057519 11.10946378111839 6341.719524428248 169.3673087656498 15.17196705937386 153.8805078938603 13.77334363758564 49.96018593758345 139.4522169977427 377.1953953579068 25.15677462518215 625.4595495611429 3316.925014592707 1.637726858258247 144.6271311864257 239.9924386441708 12916.98411244527 2248.0688332133 3373.80524880439 4.972727261483669 12.06899252533913 244.1237709671259 599.638765245676 153.6301885470748 3373.178714878857 74.80506829917431 1572.279028069228 580.5845529064536 289.3897514268756 123.3949809595942 9.420391879975796 40.22365376353264 1.683978565037251 0.4404411911964417 4.007430195808411 54.88765789568424 0 21.02485412359238 334.473932236433 14.48218677937984 242.1545735523105 25.36768896132708 1.044153928756714 2.944973990321159 0.2943144664168358 7.796683311462402 1.467011503875256 10.40353016555309 0.7089213505387306 0.1443580985069275 0.5049551427364349 57.12509010732174 12.72572273015976 2.421571873128414 7.953305222094059 720.9662156552076 0 1.282977499067783 10.08777510374784 781.4655096307397 16.62327051907778 61.55323638021946 0.0967576801776886 0.7781441062688828 3.274240732192993 4.389677122235298 3.222595393657684 327.9631169214845 3.373274557292461 18.22951020300388 5.187613047659397 86.34856077283621 2.437947571277618 0.5093039497733116 0.3393018245697021
339.8102571591735 0.8736162632703781 806.0926910638809 25.3150881677866 172.9138562977314 5361.534670230001 4599.010222442448 11710.79147752002 67.63193063437939 1748.747117567807 233.1262127943337 906.0390802323818 50.33701218664646 5689.505957327783 255.0497504770756 1.52829248458147 625.732032045722 33.87792608886957 147.5826200768352 613.1112163849175 252.7088921144605 1.056117229163647 352.6910517625511 147.137419693172 3.046971380710602 270.1483271494508 80.74244835600257 570.7508791051805 603.8831156082451 1048.749271530658 8.348578996956348 844.5970146916807 6.291133083403111 554.4167960509658 14.14956582337618 461.8400083556771 44.31973367929459 938.389194201678 234.9289431497455 635.2837902903557 718.0330523997545 44.71583209186792 16.19638937711716 0.1110857501626015 0.3984551876783371 1.451697811484337 4.664884351193905 0 3.44304558634758 49.26335837692022 1.304792083799839 28.82995247095823 3.158177465200424 0 5.015239886939526 0.1837897896766663 0.5421588271856308 0 1.051687486469746 0.244724415242672 0.2471746206283569 0 4.73041544854641 0.535714827477932 0.216690793633461 0.8101086392998695 88.17222242802382 0 1.112167023122311 6.934444576501846 105.9263180047274 1.127302750945091 5.862735591828823 0 0 0 0.236201174557209 1.137455940246582 48.44791902601719 1.707194648683071 2.150638423860073 2.045152835547924 8.524218536913395 0 0 0
13.22927512973547 544.5189675986767 2.236412242054939 496.8191378340125 44.46234710514545 161.5282405242324 1071.896884024143 67.63193063437939 694.8712375685573 297.2305399253964 6.222948163747787 129.8975454866886 67.53381042927504 47.74263061583042 852.6213015168905 84.97993154078722 2.307252548635006 0.5867915600538254 3.200251623988152 370.8679833561182 44.79478401690722 2835.330587767065 7.108542881906033 9554.216133616865 94.71797116845846 38.43016735464334 1037.598213754594 2492.088473558426 71.87781942635775 32.3704254925251 10.8767993375659 0.6510109677910805 7.121785558760166 23.462138004601 5.447537861764431 191.0653282701969 15.46067664027214 66.828144736588 20.04466532915831 307.8749505952001 4.177367277443409 4.288617126643658 2.445996820926666 4.557265624403954 1.647610105574131 1.997826881706715 111.269214682281 0 25.21899721771479 247.4688477739692 10.9109865128994 86.05070322751999 38.72957107424736 1.896522462368011 9.14599547535181 0.1890873238444328 9.181102730333805 0.776300922036171 163.1225534304976 0.8940382599830627 0.3897605538368225 0.3943193182349205 116.5377502664924 100.2603628635406 23.97387684136629 18.0214174464345 1366.072220832109 0.3195157200098038 4.798370189964771 18.31130459159613 892.0110948681831 29.26315254718065 129.9999146312475 0.3157708421349525 0.08233428746461868 5.707472652196884 5.453263700008392 1.081295892596245 107.0582136437297 4.206923961639404 18.96162607520819 6.521145783364773 145.7231173068285 2.022450104355812 0.2451312243938446 0.9634515196084976
142.1981300860643 0.3741274029016495 146.6224458143115 3288.244588829577 3.370995752513409 7396.852929405868 14336.9442243576 1748.747117567807 297.2305399253964 39107.13348925859 67.07545224577188 2499.147331237793 14.08276959508657 1384.44502864778 48.48487313091755 3.084342032670975 19.55733663216233 20.11988788098097 42.21285885572433 12743.8856151998 25.96091246604919 0.5101468339562416 78.67032005637884 542.1832382231951 0.9820768237113953 53.27502679079771 57.83315156400204 2477.460741437972 818.4457284212112 58.3941578567028 5.284565664827824 13.16565701365471 9.832095764577389 269.700891315937 41.46955659240484 1192.380779035389 24.72309045493603 844.3923532143235 122.5463277772069 193.8476394340396 59.16981576383114 7.269004330039024 20.05373753607273 0.2129300162196159 0 0.8788272812962532 117.1845313310623 0 9.098754048347473 93.09461193531752 3.405971840023994 41.42435821145773 13.6800714507699 0.1540654003620148 7.467798292636871 0 2.701078422367573 0.5807225257158279 0.8269253075122833 0 0 0 34.50125754624605 0.9966169446706772 0 1.396091185510159 166.8118524476886 0.1900149285793304 0.09031206369400024 2.586636886000633 176.6158799827099 0.6782131642103195 3.666503109037876 0 0 0.1164762824773788 0.5991915166378021 0.5335782319307327 179.5914210230112 2.307330973446369 5.67546321451664 0.5060062557458878 67.06871696561575 1.088584661483765 0.4554158449172974 0.7478767931461334
17.26858595758677 43.74665179103613 16.973891697824 6.673380926251411 77.69577867537737 110.9873229563236 49.23391420394182 233.1262127943337 6.222948163747787 67.07545224577188 11164.36139668524 152.0405254736543 1810.757616497576 452.4537141472101 13.84627732634544 0.8049501702189445 438.7343246415257 3325.547107294202 1141.327052690089 131.4560669139028 6.765600018203259 12.44862382858992 62.22022446990013 12.76062753051519 331.2965443506837 1160.229483798146 697.7004436999559 14.23512684553862 818.4118232354522 26.3430719897151 620.5333561822772 228.1144859343767 9.185000211000443 8445.575414985418 19.70396133512259 790.7721716985106 4415.171435326338 4530.518492311239 1073.850948013365 58.00417511165142 59.11988599598408 653.9473905339837 5.279589399695396 0 27.3138098269701 0.1235165074467659 0.136399120092392 0 0.1411329954862595 2.016036927700043 0.07430275529623032 2.157243728637695 0.2683815062046051 34.62983901798725 0.3545170649886131 278.9013052880764 0.1355613619089127 0 0.8104030340909958 0 2.724852673709393 1.063087910413742 0.1434284746646881 0 1.918737962841988 0 4.050189524888992 167.933429390192 26.48182657361031 172.7586955726147 3.397317506372929 0.3135445863008499 0.4042749851942062 43.32163152098656 0 0 0.5249058455228806 16.92287357151508 19.6991798132658 190.0534541904926 1.458451919257641 0 1.437097020447254 0 200.809118680656 0
1.796399407088757 1.320834957063198 1.218571543693542 451.2607538551092 25.25611294060946 3505.514118030667 172.3948662057519 906.0390802323818 129.8975454866886 2499.147331237793 152.0405254736543 8800.723934717476 25.03468066453934 686.6328221224248 1306.930301249027 0 4.621128231287003 34.68009699136019 51.81026104837656 5289.991169653833 0.4115712344646454 7.474334642291069 1.186426408588886 422.5672310516238 0.6268245503306389 31.16038534045219 18.84709794819355 260.760614991188 391.9051057323813 2.529951125383377 10.57838800549507 32.71011439710855 0.3829111605882645 181.2085530534387 10.23744428157806 459.8563381582499 11.63049000501633 626.0389342010021 44.03454381227493 856.8988389968872 41.88161560893059 11.02218009531498 5.41503744572401 0 0.1028621345758438 0 7.409657627344131 0 8.331011094152927 26.64326273649931 3.047800026834011 14.41204646229744 22.10483556985855 0.3812567889690399 115.3065223693848 0.5508001446723938 2.773900926113129 0.2399269789457321 0 0 0.1661613285541534 0.2894206941127777 24.27335193753242 0 0 0.2789943814277649 41.47255523502827 0 0.3414392247796059 0.8427403643727303 46.00132759660482 2.121832072734833 0.07310330122709274 0 0 0 0.6945198178291321 0.164498895406723 56.65549744665623 0 4.222199149429798 0.339496411383152 18.06645152717829 0.7885058373212814 0 0
1.360008984804153 1252.68151293695 4.348945319652557 0.4352389052510262 9.461782619357109 26.14956093579531 11.10946378111839 50.33701218664646 67.53381042927504 14.08276959508657 1810.757616497576 25.03468066453934 3245.072961516678 44.29650963842869 3.364619366824627 11.32025837898254 3.650618329644203 81.82578540593386 12.79721911251545 22.27573676407337 8.093115270137787 362.0675007402897 21.2905060723424 80.10546237230301 3248.128856912255 116.7177651301026 5732.742398589849 19.4593148753047 68.05272749066353 7.15574287623167 823.9142270535231 20.62997479736805 0 988.4060977175832 129.5673480033875 1734.731727711856 6388.802371315658 4456.355774581432 705.0096378326416 70.0348349288106 103.8841343596578 998.6764166206121 12.95231680572033 0 156.6377244517207 1.064272999763489 0.1048528626561165 0 0.2803998589515686 0.3673029616475105 0.387976735830307 4.877902269363403 0 207.3565138429403 0.2150478065013885 1166.820938497782 0.6999461948871613 0 2.022661566734314 0.8365901336073875 13.64957761764526 5.435230694711208 0.4097764939069748 0.2147789672017097 9.883590593934059 0.7992610931396484 6.411546498537064 1583.660886019468 158.5690267235041 895.5444546118379 0.9184427484869957 1.18782652169466 1.581628754734993 199.1344765648246 0.4756697863340378 0 4.228464171290398 60.63637638092041 84.57896329462528 678.8841636627913 91.15475015342236 31.37778665870428 4.155739068984985 13.52797105908394 801.7276319041848 0.7339460253715515
7169.940273083746 0.3089258819818497 618.7899200357497 60.22068076208234 24.90773779153824 882.1239746883512 6341.719524428248 5689.505957327783 47.74263061583042 1384.44502864778 452.4537141472101 686.6328221224248 44.29650963842869 11603.22106868029 64.13848816603422 1.065733462572098 1068.413253489882 85.2397260889411 290.7587891668081 1009.331037901342 197.4089159145951 0.5628007650375366 384.3381337374449 124.4496063515544 1.746619209647179 248.6017630212009 108.0089905336499 445.8102513775229 3866.276800684631 1937.225901391357 17.62100700289011 183.8479812815785 19.902553409338 1089.813613358885 16.0849786028266 527.8981445804238 52.19017416238785 1298.469080965966 119.3784593306482 236.926944732666 187.5382505506277 19.02595818787813 14.5042966902256 0.2411889135837555 0.1242114454507828 0.2194130048155785 4.447048202157021 0 1.684263855218887 28.1183093264699 1.170442417263985 18.36233033239841 2.060120768845081 0 3.546191848814487 0.4316934570670128 0 0.1655930429697037 0.5871891304850578 0 0 0.1320917904376984 4.232291892170906 0.960235059261322 0.2696977630257607 0.4884076118469238 53.12420189380646 0.1197479888796806 0.5143222436308861 3.450828544795513 72.6351116001606 0.339201346039772 3.601838625967503 0.09995845705270767 0 0.5741920545697212 0.1751239448785782 0.195549950003624 37.23822236061096 1.797641165554523 1.587542712688446 1.063351951539516 7.881597675383091 0.5620160102844238 0.2037877887487411 0
1.265295498073101 13.69736984372139 0.3541212528944016 135.2989849820733 1070.087386131287 855.1537503376603 169.3673087656498 255.0497504770756 852.6213015168905 48.48487313091755 13.84627732634544 1306.930301249027 3.364619366824627 64.13848816603422 520.8189623951912 0 0.3937383443117142 1.214514017105103 2.25180946290493 335.9775118753314 0 45.85688997805119 0 511.0880115330219 1.200248032808304 2.031716123223305 33.95641524344683 207.7174699902534 61.93895500153303 0.2869468927383423 0.4411163106560707 54.3613061234355 0.3179266899824142 26.36550423502922 1.134723618626595 138.596246689558 2.436681561172009 57.54671862721443 8.978427015244961 1174.793375849724 83.55768752843142 4.032696321606636 1.564031839370728 0 0 0.139105811715126 2.048664718866348 0 0.7686650156974792 4.087198428809643 0 3.81708650290966 0.6654623448848724 0 1.362132929265499 0 0 0 0.6675801500678062 0 0 0 1.250359028577805 0.2285197600722313 0 0.1262311786413193 8.438553653657436 0 0 0.2421388477087021 7.418530583381653 0 0 0 0 0 0 0 12.3742151260376 0.115559883415699 0.1240435913205147 0 3.513156563043594 0 0 0
0.2177179753780365 56.87300454080105 16.87299495190382 0.2814118266105652 0 1.680555194616318 15.17196705937386 1.52829248458147 84.97993154078722 3.084342032670975 0.8049501702189445 0 11.32025837898254 1.065733462572098 0 2644.758318074048 6.94165650755167 0 0.8002467155456543 0 1437.31594299525 2290.808692961931 3789.768594928086 2123.457419015467 8.696892723441124 3.417079828679562 4154.774230130017 1102.643647573888 3.988467633724213 23.68909878283739 0.3202878683805466 0.1127816140651703 0.8671272322535515 41.73397303372622 16.82810112088919 1040.459009163082 647.7619991898537 192.6915559917688 290.0768697410822 37.28083750605583 0.6858041137456894 12.13626513630152 6.02388521283865 0 2.940699055790901 17.62844434380531 0 0 0.1031987741589546 10.48807506263256 1.455015026032925 32.49188192933798 0.385165236890316 2.321549773216248 0 0 0.6347006857395172 0 2358.675746239722 2.265843912959099 0 0.2048405110836029 0 530.9280900284648 786.296406134963 1818.452787987888 237.8894883319736 0 1.710220977663994 328.3054691627622 161.5824304744601 0.9748374447226524 52.83176515996456 0 0 0.5720610320568085 3.365426175296307 0.3921852260828018 554.9547257274389 15.33439114689827 11.94325586408377 6.353103242814541 5.070887684822083 3.752077341079712 3.996061682701111 0
562.1823516786098 9.791585758328438 8628.878350105137 0.3718911409378052 0.5565895736217499 31.60363418236375 153.8805078938603 625.732032045722 2.307252548635006 19.55733663216233 438.7343246415257 4.621128231287003 3.650618329644203 1068.413253489882 0.3937383443117142 6.94165650755167 1805.680183056742 49.25844347476959 2412.095155864954 7.18730503320694 941.5641468241811 4.531012408435345 4047.100436829031 13.5300115570426 1.369597926735878 2921.340438075364 4242.259896419942 204.9900489524007 1086.324184399098 2006.142740555108 1.042803332209587 2.315265476703644 120.9641685262322 3790.505148138851 11.57943991571665 452.9937496334314 1361.58920622617 1959.055093877017 339.7261779904366 16.70469249039888 4.894755408167839 2.309660568833351 1.3391168192029 0 6.197537943720818 27.73446805775166 0 0 0 0.9963735416531563 0.1420485377311707 0.2652172297239304 0 0.1484230160713196 0 0.3443530276417732 0 0 1.030247583985329 2.926303036510944 0 2.275722429156303 0 0.24184250831604 0.8604615032672882 1.900955900549889 2.076699770987034 0.2984073162078857 22.71538588404655 106.9548781663179 1.627189189195633 0 0.2094174772500992 0.1653105169534683 0 0.1455133408308029 0.1346767097711563 1.784391313791275 2.801156923174858 53.64564269036055 1.031018249690533 0.1358162611722946 0 0 0.1165709048509598 0
5.22683496773243 2.492692150175571 15.62886922061443 2.008227087557316 4.160008423030376 20.59051666408777 13.77334363758564 33.87792608886957 0.5867915600538254 20.11988788098097 3325.547107294202 34.68009699136019 81.82578540593386 85.2397260889411 1.214514017105103 0 49.25844347476959 491.9818610399961 387.3685385212302 29.20131900906563 1.926567904651165 1.774953186511993 13.68955507874489 1.526047736406326 3.846240140497684 1986.827824063599 445.2717607319355 4.715152204036713 124.9572647958994 5.930847980082035 353.6025857329369 26.38494829833508 0.8523443341255188 847.3737857416272 4.484938487410545 444.5829137936234 1112.884648770094 1302.326070293784 307.8191645666957 9.586886689066887 1.861457973718643 10.93310226500034 2.344597786664963 0 5.324511379003525 1.066709242761135 0.09515038877725601 0 0 0.7048833891749382 0.199866347014904 0 0 8.986398510634899 0.175620824098587 39.50398686528206 0.09817501157522202 0 0 0 8.711871609091759 1.671241402626038 0 0 0.5455518215894699 0 1.689081616699696 9.488990366458893 54.54412673413754 143.4847415089607 0.3462144806981087 0.2094959318637848 0 25.8420792594552 0 0 0.3954198956489563 0.3043966293334961 4.135736115276814 49.50984618067741 1.172325402498245 0.1818291321396828 0.3740997910499573 0 0.1048858612775803 0
70.5852323397994 18.68383461236954 331.4622487574816 2.933884307742119 5.588647574186325 38.10052978992462 49.96018593758345 147.5826200768352 3.200251623988152 42.21285885572433 1141.327052690089 51.81026104837656 12.79721911251545 290.7587891668081 2.25180946290493 0.8002467155456543 2412.095155864954 387.3685385212302 4368.555593848228 62.10492021590471 42.18516030907631 5.287156440317631 283.8510437756777 8.354567781090736 8.815456092357635 2689.794929563999 2093.862390391529 23.47163639217615 383.7918689399958 162.7865816578269 11.87850899994373 30.72355026751757 21.21901497989893 3936.091211892664 9.290317468345165 1178.041077338159 2326.656271755695 2764.237306155264 488.5281717628241 19.01679815351963 4.077375493943691 5.457826048135757 3.6761304885149 0 10.94474966078997 9.080542787909508 0 0 0 0.5039103776216507 0 0.8164917975664139 0 1.65523175150156 0.4721497371792793 6.138687543570995 0 0 0.1467954218387604 3.981521740555763 1.79726354777813 6.911464609205723 0 0 1.18067591637373 0.1073037087917328 2.646184176206589 2.471593081951141 115.1005156934261 201.5746371820569 2.029813967645168 0 0 9.357022248208523 0 0 0 2.326592043042183 6.125742167234421 81.14703674614429 1.954972967505455 0.9820105582475662 1.062002137303352 0 0 0
21.3117259517312 0.4951525256037712 3.597872093319893 4620.749450989068 6.172970093786716 1249.603427372873 139.4522169977427 613.1112163849175 370.8679833561182 12743.8856151998 131.4560669139028 5289.991169653833 22.27573676407337 1009.331037901342 335.9775118753314 0 7.18730503320694 29.20131900906563 62.10492021590471 1497.454399645329 1.215954504907131 0.3513840734958649 2.477791354060173 498.1690968424082 0.7186224907636642 35.89870449155569 16.1028803512454 2398.397485353053 750.254867516458 7.138912722468376 9.122661270201206 21.62768093496561 1.595873899757862 317.5020270869136 34.57245413959026 2023.105020612478 28.67019607126713 1130.775867268443 95.27952134609222 908.8801691383123 71.2324605435133 12.37480606138706 31.27138026803732 0.6923599690198898 0 0 70.89447382837534 0.1585285514593124 13.13548609614372 101.7610205486417 3.481899738311768 27.57723686099052 14.93453934788704 0.3056417405605316 5.833739429712296 0.1571514159440994 0.8364857584238052 0.4908039420843124 0.4903982430696487 0 0 0.1154735535383224 39.31061498075724 0.6538009345531464 0 0.6911511123180389 173.2573315054178 0 0.1363151967525482 0 176.3805666863918 1.849791340529919 1.368605837225914 0 0 0 0.4798306971788406 0.3810739070177078 282.5751182883978 0.08002658933401108 6.460634797811508 0.4614139050245285 114.1983047947288 1.203741058707237 0 0.2830343097448349
74.67607555538416 4.805603489279747 1901.103844322264 0.1384936720132828 0.2682933360338211 21.69581790268421 377.1953953579068 252.7088921144605 44.79478401690722 25.96091246604919 6.765600018203259 0.4115712344646454 8.093115270137787 197.4089159145951 0 1437.31594299525 941.5641468241811 1.926567904651165 42.18516030907631 1.215954504907131 11301.78129050881 119.0381058901548 15141.16615064442 96.19391730427742 5.621449008584023 174.8758986666799 1519.687252707779 4720.86161082983 136.912574402988 9037.241651639342 0.4926067888736725 1.618099227547646 18.5290242806077 2331.839978575706 111.9274418801069 6148.337171636522 1549.320435062051 4508.518645785749 2940.406742408872 280.3076824322343 19.59095687419176 9.091981716454029 23.81721273809671 0 0.4047954380512238 4.822128944098949 0.1045525670051575 0 0.3227806687355042 6.685924150049686 0.1059472635388374 21.36655638366938 0 1.465192794799805 0 1.186829924583435 0.1158924326300621 0 531.5065759122372 2.121130801737309 0.2033462896943092 0.1085352078080177 0 371.998977445066 97.66475557535887 205.4017906188965 160.4577762782574 1.74103045463562 0.764766737818718 22.62013993412256 99.71499283611774 1.123631469905376 47.40100731700659 0 0 0 0.9843959510326385 1.869143664836884 177.7330909967422 4.609990350902081 6.045484893023968 3.181479886174202 5.766452178359032 0 10.40116742253304 0.2507330179214478
0 1507.740921132267 14.4352105781436 0.1096234396100044 0.2724411338567734 0.5635569840669632 25.15677462518215 1.056117229163647 2835.330587767065 0.5101468339562416 12.44862382858992 7.474334642291069 362.0675007402897 0.5628007650375366 45.85688997805119 2290.808692961931 4.531012408435345 1.774953186511993 5.287156440317631 0.3513840734958649 119.0381058901548 1636.239497311413 372.0652440115809 5275.864479832351 524.1828249841928 95.96631632745266 6006.784621864557 538.1322688534856 2.368419595062733 6.921422690153122 41.19371426105499 0 0.4694450125098228 2.115360960364342 0 20.40855913609266 47.93887323886156 12.70175698399544 2.243999652564526 27.11862105876207 0.1172629147768021 32.26985842734575 0 0.5710089951753616 9.840678200125694 135.5185481607914 0.9520858228206635 0 0.7241107374429703 8.763940453529358 1.066858731210232 25.3262889161706 0.3008061349391937 0.7073039412498474 0 0.9237990453839302 1.538023799657822 0.1801319718360901 555.4638327434659 2.322386458516121 0 0.4447116255760193 0 75.17575998604298 43.146937482059 297.0400155708194 95.93254094570875 2.450503513216972 12.20988435298204 727.0949302762747 45.63169181346893 1.276063732802868 11.76938427239656 1.323244415223598 0 0.424900233745575 0.7872832044959068 0 25.14556166529655 9.84481992572546 6.448180474340916 4.509322315454483 2.529303804039955 0 0 0
179.2939782440662 5.180088467895985 8732.399406537414 1.283837556838989 0.3961221650242805 46.19364706426859 625.4595495611429 352.6910517625511 7.108542881906033 78.67032005637884 62.22022446990013 1.186426408588886 21.2905060723424 384.3381337374449 0 3789.768594928086 4047.100436829031 13.68955507874489 283.8510437756777 2.477791354060173 15141.16615064442 372.0652440115809 15458.48079631478 340.7788835167885 6.441913194954395 708.3906093686819 5693.753719232976 3182.547740243375 367.8095190674067 4107.184495992959 1.640421792864799 2.747678890824318 32.96556455641985 3680.695691607893 214.6115941926837 10957.96911494434 6809.840478532016 7003.788284860551 6094.057526491582 503.4965825527906 25.48872584104538 34.12380382418633 38.33745940774679 0.8281373977661133 2.124100334942341 88.30061232298613 0 0 0.3393477201461792 11.60189896821976 1.808599330484867 3.350526466965675 1.062422886490822 2.429012179374695 0 0 2.70496017485857 0 1940.569482333958 2.551185429096222 0 0.6406941786408424 0 252.2878920286894 421.1554762348533 2057.079867273569 92.9154469370842 0 1.659634880721569 657.2528327703476 50.99010844528675 1.177798375487328 25.12016987800598 0.08057966828346252 0 0 0.8939070701599121 14.74495488405228 614.2075092718005 24.72609402239323 14.97111272066832 12.11029586195946 9.096582338213921 1.427412793040276 5.031965538859367 0.2535322606563568
28.51579060405493 579.8372349515557 58.37759727239609 1737.94674436003 8.031821377575397 245.2571633756161 3316.925014592707 147.137419693172 9554.216133616865 542.1832382231951 12.76062753051519 422.5672310516238 80.10546237230301 124.4496063515544 511.0880115330219 2123.457419015467 13.5300115570426 1.526047736406326 8.354567781090736 498.1690968424082 96.19391730427742 5275.864479832351 340.7788835167885 8113.344448499382 93.3733573704958 31.3008302077651 3978.395192101598 12067.01344256103 264.7651581466198 262.2563611418009 10.19488594681025 1.201555266976357 41.87108638882637 123.6431514397264 31.4207898825407 1370.420110955834 121.1390541791916 331.4871984943748 159.9036695435643 638.8179170042276 19.55121580511332 16.44528202712536 11.76041595637798 9.226267762482166 6.013352930545807 14.37629301100969 61.36094059050083 0 24.82215885818005 372.3534476161003 13.04600994288921 612.3074753060937 22.14445951581001 3.807184919714928 2.230973899364471 0.2603175640106201 12.71283649653196 2.483219794929028 499.5103943198919 3.940659448504448 0.1813168898224831 0.8499557375907898 27.47990903258324 434.9638459011912 107.2920939326286 144.2899424880743 1666.040603972971 0 5.220025345683098 75.8839705362916 1500.873780317605 65.36108162999153 410.4461001306772 0.1217653527855873 0.3717232719063759 10.63777098059654 12.38827738910913 4.517573833465576 526.1911357939243 10.42607706040144 47.15068952739239 16.2325539290905 87.53535894304514 2.800618253648281 1.911845132708549 0.6202700883150101
0.1803821474313736 2023.050459749997 0.9593601003289223 0.1986049860715866 1.575152508914471 2.381982035934925 1.637726858258247 3.046971380710602 94.71797116845846 0.9820768237113953 331.2965443506837 0.6268245503306389 3248.128856912255 1.746619209647179 1.200248032808304 8.696892723441124 1.369597926735878 3.846240140497684 8.815456092357635 0.7186224907636642 5.621449008584023 524.1828249841928 6.441913194954395 93.3733573704958 641.0176592096686 73.08027732372284 2007.499847635627 14.74653024226427 3.276518240571022 1.394913204014301 206.5730125308037 0.492581382393837 0 91.54929358512163 2.81239065527916 439.8095244914293 625.2826052010059 733.3424077033997 211.0988339781761 25.73372133821249 109.3136974871159 518.5044583380222 2.974055886268616 0 42.76311657577753 0.7082980647683144 0 0 0.08569546043872833 0 0 0.9232110902667046 0 30.76456528902054 0.1989786699414253 266.2542773932219 0 0 0.7518075108528137 0.1213695555925369 6.00430154800415 4.511625401675701 0.1729643195867538 2.48799341917038 0.6385298669338226 0 1.078474596142769 103.3024309203029 133.1999783217907 567.0139501169324 0.9980372115969658 0 2.652373299002647 48.25859347730875 0 0 0.2305596619844437 2.866049289703369 115.9392787888646 75.8958585113287 3.78996279835701 0.193636417388916 4.622852325439453 0 55.42019803822041 0
46.01218497008085 335.4410652816296 3708.579250529408 1.759461231529713 2.926841452717781 49.91358152776957 144.6271311864257 270.1483271494508 38.43016735464334 53.27502679079771 1160.229483798146 31.16038534045219 116.7177651301026 248.6017630212009 2.031716123223305 3.417079828679562 2921.340438075364 1986.827824063599 2689.794929563999 35.89870449155569 174.8758986666799 95.96631632745266 708.3906093686819 31.3008302077651 73.08027732372284 25317.44500558823 15653.57018976659 56.3304497897625 177.5209037289023 72.62206019461155 1317.571512550116 16.35935494303703 7.267084024846554 1382.97002338618 36.77511271089315 4072.058240070939 8835.1074019894 3445.989528417587 766.6606890037656 84.6558123677969 5.199533760547638 31.90265648066998 8.632239229977131 0.5826325789093971 371.128292106092 438.5490912646055 0 0 0.2407438158988953 1.80459538847208 1.438453294336796 2.783532284200191 0 50.34036769717932 0.1972050964832306 155.6948316544294 1.08096544444561 0 3.199621543288231 86.15094079822302 45.50227316468954 127.3081948310137 0.1417015194892883 0.5202247723937035 12.77128387242556 9.21391461789608 10.48803659528494 99.16051086038351 1879.292373664677 4709.671518824995 2.493808187544346 1.078175656497478 1.668545797467232 140.7534479424357 0 0 4.705312699079514 5.423188373446465 31.68618249893188 1429.008524030447 26.35216403007507 6.082812316715717 1.967268668115139 0 2.761283591389656 0.657072901725769
33.04507701098919 10826.08860334009 7528.924274489284 2.573113523423672 3.345353431999683 42.60388512909412 239.9924386441708 80.74244835600257 1037.598213754594 57.83315156400204 697.7004436999559 18.84709794819355 5732.742398589849 108.0089905336499 33.95641524344683 4154.774230130017 4242.259896419942 445.2717607319355 2093.862390391529 16.1028803512454 1519.687252707779 6006.784621864557 5693.753719232976 3978.395192101598 2007.499847635627 15653.57018976659 26201.61984384805 3325.79278870672 103.2505367174745 76.09673387557268 2117.01545740664 7.24664494395256 5.495745226740837 1869.168280296028 123.1515927389264 7566.12670442462 6010.098809614778 5231.535180434585 2092.198763102293 251.7606359794736 11.27076250314713 50.48352330178022 23.25029896944761 5.221712335944176 2339.312392629683 3259.683450818062 0.8719184994697571 0 2.026500687003136 71.23655688017607 24.75594742596149 9.289908088743687 0.6812994331121445 92.81123725324869 0.1905886232852936 465.3382760062814 42.93909982591867 0.2902580797672272 1288.585308656096 191.7273613959551 100.040729187429 153.3691488951445 0.1933495998382568 19.25224221497774 1247.817716658115 3006.086458399892 90.9498733356595 453.9462304487824 3149.021751917899 17593.43766374886 52.41110564768314 3.030361376702785 27.88914352655411 314.8406784906983 0.3697047531604767 0.4090906456112862 17.188959158957 24.40455469489098 362.8483546376228 2265.136318095028 135.6683022975922 69.79334657639265 5.565768621861935 1.836407542228699 20.77723535895348 2.09331588447094
161.313846424222 73.4329072907567 1012.456775315106 3365.438368074596 7.075842961668968 529.386696793139 12916.98411244527 570.7508791051805 2492.088473558426 2477.460741437972 14.23512684553862 260.760614991188 19.4593148753047 445.8102513775229 207.7174699902534 1102.643647573888 204.9900489524007 4.715152204036713 23.47163639217615 2398.397485353053 4720.86161082983 538.1322688534856 3182.547740243375 12067.01344256103 14.74653024226427 56.3304497897625 3325.79278870672 14516.82889870554 989.2154705449939 8441.569281175733 2.173218220472336 3.950924232602119 199.5628096982837 725.4153406172991 174.4459939226508 5081.856539003551 395.3004395887256 1544.50252302736 944.3907564356923 614.3581433817744 62.78048188984394 25.00969708710909 40.18828688561916 13.73608328402042 4.046916380524635 15.17229156196117 81.53557217121124 0 45.8538381382823 654.3535308241844 24.36943533271551 565.0358048304915 42.94254093617201 1.327080018818378 16.774254091084 1.842862956225872 20.03003226965666 3.328515782952309 576.4784983098507 6.413156285881996 0.510384626686573 0.2933980599045753 77.18488200753927 511.146885111928 78.28194655478001 188.2281632944942 2258.24106670171 0 2.739863052964211 85.10171272605658 2188.017761319876 83.97250284254551 623.3519725874066 0.1130425557494164 0.3270253166556358 13.93000568449497 17.8612629622221 7.149659305810928 924.0264294296503 8.456257656216621 56.98104477673769 18.00122313946486 198.6032292246819 4.39286981523037 4.05545512586832 3.643965445458889
4741.689064510167 0.8784283176064491 131.9803793914616 54.75013799220324 179.3422142714262 751.3712009862065 2248.0688332133 603.8831156082451 71.87781942635775 818.4457284212112 818.4118232354522 391.9051057323813 68.05272749066353 3866.276800684631 61.93895500153303 3.988467633724213 1086.324184399098 124.9572647958994 383.7918689399958 750.254867516458 136.912574402988 2.368419595062733 367.8095190674067 264.7651581466198 3.276518240571022 177.5209037289023 103.2505367174745 989.2154705449939 17101.40792499855 3924.446402341127 28.0722763761878 1003.134565971792 2202.885447390378 4836.720926467329 54.93091136962175 824.9902981370687 56.85201375931501 2623.062001794577 416.1567233130336 336.0028938055038 731.3366604968905 30.23976454883814 32.64510308951139 0.2945056036114693 0 0.6335229799151421 3.034418657422066 0 1.384012408554554 32.09159630537033 0.3056942597031593 21.72804211080074 1.084064923226833 1.561199650168419 2.291777566075325 0.2878938317298889 0.3047397658228874 0.423782080411911 1.549281381070614 0 0 0 2.922205917537212 2.650702513754368 0.3257733136415482 0.5399821698665619 73.11632245033979 0 0.3752846196293831 1.776176027953625 77.46355576813221 2.446681328117847 12.3612118512392 0 0 0.5503757521510124 0.183233842253685 1.195952460169792 49.62052851170301 0.8919624537229538 2.768473602831364 0.5638091415166855 7.961373187601566 0.2930853068828583 0.1848688423633575 0.1451485604047775
