525.5625520423055 0.4005361720919609 12.32745179533958 4.188954800367355 0 3.556576922535896 805.7634774819016 155.098906069994 19.11324132233858 21.34977468848228 2.711648859083652 0.2168163470923901 0.2317381054162979 2851.520804420114 0 1.060844868421555 127.5771258547902 0.2589113786816597 8.896665368229151 2.134118676185608 55.58175183832645 7.028292596340179 104.9817080125213 78.4047676473856 0.2140730693936348 20.10608526319265 15.21811862289906 76.13150682300329 3495.301122222096 2482.948116965592 0 2.76147199422121 42.0201430618763 132.345384247601 0.7310763224959373 14.66516649723053 1.472975663840771 106.8955496996641 43.76928496360779 0.2496176809072495 0.4093819707632065 0 0 0.3302377760410309 0 0 1.343464136123657 0 0 2.162793800234795 0.4940874502062798 2.488704107701778 0.5803793221712112 0 0.2525231540203094 0.2019575089216232 0.4944001138210297 0 2.243048958480358 0 0 0 0 3.047680489718914 1.756118185818195 0.5768335461616516 5.908325895667076 0 0 0.2352710068225861 7.55689775198698 1.94224514067173 1.269604980945587 0 0 0.08295154571533203 1.221253886818886 0 19.5021478459239 0 5.738764002919197 2.469732545316219 3.756075859069824 1.350816458463669 0 0.1790984123945236
0.4005361720919609 421.3337825611234 43.78782942146063 0.5051063895225525 0.2996729835867882 0.4462523460388184 4.00021268427372 1.791694454848766 384.4162599146366 0.6303443610668182 25.96499960869551 2.820415273308754 873.5856991559267 2.817841082811356 7.943827770650387 238.5199668183923 161.1819367110729 12.75367523729801 64.96797267347574 0.574009120464325 65.36298389732838 3434.447219148278 45.32966753840446 732.2728786692023 2349.623733252287 725.2233607545495 6413.174129158258 48.9714068248868 5.485830344259739 24.4711661785841 31.06048331409693 0.285183846950531 0.2124687880277634 61.31274480372667 2.338042907416821 84.19008849561214 177.7959795370698 220.6690608933568 47.86139359325171 20.10433689504862 0.7885515168309212 124.6533338204026 0.28270573168993 0.07585548609495163 39.76447815448046 97.65859282761812 0 0 0 0.1863578632473946 0.2137321829795837 3.640859164297581 0.4281879886984825 2.157197594642639 0.09762074798345566 56.17585025727749 0.2831358909606934 0 0.7572184875607491 48.7554959282279 4.33098516613245 41.80178733170033 0 3.03029277920723 20.75417366623878 25.75540187209845 1.252789698541164 127.5199097543955 431.7154977172613 1710.837236642838 0.2169658020138741 0.09751672297716141 0.7866053506731987 2.786942273378372 0 0.1917555183172226 13.0145702958107 0.4491242468357086 50.60401856154203 37.71045538783073 51.583704829216 34.95376725494862 1.310315795242786 0.3485834300518036 2.414521992206573 0
12.32745179533958 43.78782942146063 4782.906997740269 0.08028566837310791 0 5.168615132570267 214.0581069216132 51.11525079607964 5.77316552400589 14.7132033854723 9.637158460915089 0.746111698448658 11.32827036082745 36.46565320715308 0.1027034446597099 31.69333879649639 5503.371919251978 5.884122088551521 97.07995078712702 0.2475202232599258 705.4333838671446 85.92518792301416 18611.81691266596 16.55685289949179 2.15761324763298 4584.550720334053 3471.138137578964 223.2603180520236 23.76694868505001 332.6721136420965 4.199403874576092 1.481366038322449 1.191231712698936 466.1684662401676 18.34305704385042 951.8597190380096 446.4241831153631 952.8009537383914 784.4749404489994 26.89544565230608 3.690212175250053 4.002661153674126 4.616546623408794 0.3268898874521255 14.61084900796413 259.9766855612397 0 0 0 0.7346262782812119 0 0.2925930321216583 0.2287776321172714 0 0 1.668087258934975 0 0 12.82583773136139 16.68830607831478 2.085365235805511 1.244443863630295 0 1.960679277777672 160.5322933793068 197.3739402219653 3.630115069448948 1.131920792162418 24.71804748475552 1538.66596236825 1.719567582011223 0 2.499958775937557 0 0 0.396256148815155 11.06811121106148 3.235675849020481 82.28165538609028 32.48747131228447 57.10097463428974 45.40541934967041 0.761490523815155 0.08474882692098618 0 0.1670971065759659
4.188954800367355 0.5051063895225525 0.08028566837310791 2147.50013038516 7.243914701044559 109.1099384315312 53.16081763058901 82.50366250798106 244.9980440735817 3936.34426722303 9.249620027840137 4020.458773363382 2.959810178726912 89.63254043459892 81.79041238874197 0.3550056144595146 0.5047317072749138 0.8216977193951607 1.584905304014683 3150.986163184047 0.2775006145238876 0.6200975775718689 0.3174526803195477 2068.260189048946 0.3892235606908798 1.183159369975328 2.31717037409544 3803.334052063525 111.7291889153421 1.672212198376656 0.5639330446720123 15.20513174682856 1.127167224884033 55.61107259243727 11.65721297264099 259.2640784904361 4.642729178071022 115.8087977021933 25.04765268415213 210.7162398025393 20.3801576718688 0.687303364276886 3.422933459281921 2.054936967790127 0 0 57.64285863190889 0.3978091925382614 2.879475429654121 16.33353634178638 12.63842146098614 56.15644279122353 81.60899297893047 0 95.81240934878588 0 3.675752319395542 9.043334126472473 0 0 0 0 31.89250300824642 0 0 0.2700103223323822 130.6258796751499 0 0 0 23.43395449221134 6.375698290765285 0 0 0 0.07229716330766678 1.958413742482662 1.270436525344849 25.0450556576252 0 9.094161845743656 2.847813673317432 40.02362679690123 2.179328478872776 0 0.9188514053821564
0 0.2996729835867882 0 7.243914701044559 47.11943671107292 240.743884973228 1.115314617753029 9.994808487594128 65.294223934412 5.029064908623695 7.687689624726772 221.2522061988711 0.8226609826087952 0.6487074196338654 1060.773813121021 0 0.3442590087652206 0.9656970724463463 0.9426993206143379 9.776084333658218 0 0.8625555410981178 0.1957536265254021 23.0699383020401 0.1801649332046509 0.2157168909907341 0.1026323288679123 0.422750748693943 88.56380039453506 0.1775438562035561 0 66.14365039020777 0 127.7099792510271 0 16.46505930274725 0 40.14702973514795 0.07935988157987595 1504.654255703092 27.94301578402519 0 0 0 0 0 0.4918058142066002 0 0 0 0 0.2376121208071709 0.2207345515489578 0 0.5692064240574837 0 0 0.1279737800359726 0.09311079233884811 0 0 0 0.2239438444375992 0 0 0 0.802913561463356 0 0 0.3471744656562805 0.3100681975483894 0 0 0 0 0 0 0 0.2750977128744125 0 0 0 0.374845877289772 0 0 0
3.556576922535896 0.4462523460388184 5.168615132570267 109.1099384315312 240.743884973228 10875.00702956319 1898.956301327795 2863.247475914657 31.02054109424353 7337.701597381383 73.4980840831995 2415.976511027664 20.22887338325381 448.240809570998 1142.607142992318 0.3982683792710304 20.14224468544126 11.05608841404319 8.960636775940657 231.5714797973633 4.146703291684389 1.896551735699177 15.4841643832624 147.0355202965438 3.725938037037849 10.34053560346365 11.39385225623846 183.9993831291795 474.6550870686769 35.15972938016057 2.751059390604496 433.3040025122464 0.8197063431143761 319.8887646384537 13.36029710620642 243.6266727298498 11.20063115283847 300.1849109120667 41.07880682498217 1480.636517882347 48.80195213854313 4.327982820570469 6.078860737383366 0.1862946450710297 0 0 2.807291150093079 0 0 4.989464521408081 0 6.096188567578793 4.367343254387379 0.2576777338981628 12.68400409072638 0.1181223094463348 0.565238356590271 3.366640657186508 1.183662362396717 0 0 0 4.469001948833466 0.5852775126695633 0 0 9.782998949289322 0 0 0.7869076952338219 5.297271981835365 0.1113947927951813 0.1149940863251686 0 0 0 0.3460007756948471 0.1736758649349213 8.541198641061783 0 0 0.1516200453042984 3.738566361367702 0 0 0
805.7634774819016 4.00021268427372 214.0581069216132 53.16081763058901 1.115314617753029 1898.956301327795 6571.87210123986 4977.917084828019 140.4360691048205 7053.556738317013 36.35624785721302 23.26492474228144 12.18892719596624 5403.993996880949 6.053788997232914 8.962386041879654 361.9797707982361 6.431605990976095 17.49872998148203 50.96820502355695 323.5012920945883 46.22565858066082 704.7922391593456 2548.062919262797 2.568520445376635 58.71357548981905 362.3590069115162 15430.03088701516 676.5091296695173 4313.435367565602 1.030904181301594 41.95685205236077 10.29946387559175 332.2820033095777 38.70777305215597 726.7413692101836 95.74081425368786 749.5434896424413 589.0680485330522 58.86023145914078 52.89735808223486 2.175431996583939 12.78016497194767 2.095389202237129 0 2.01003423333168 25.03622985631227 0.8842029571533203 0.9774734377861023 17.29899140447378 11.04374957084656 33.08695566654205 39.36404902487993 0 20.32931238412857 1.602212980389595 7.187473110854626 0.5654716715216637 29.94031847268343 0 0 0 17.27094797790051 6.525083407759666 4.308877654373646 16.7645952552557 109.704866297543 0.1926281303167343 0.6065871864557266 14.49364052712917 44.65066165477037 10.84276273101568 2.266489587724209 0 0 2.195622302591801 5.185744546353817 5.554610133171082 112.282067745924 0.4463232159614563 20.95445263385773 11.39574510604143 16.97427067160606 8.768395118415356 0.8286290317773819 0.6620406210422516
155.098906069994 1.791694454848766 51.11525079607964 82.50366250798106 9.994808487594128 2863.247475914657 4977.917084828019 11306.69649879634 78.85841213911772 3134.065209753811 52.22889511659741 488.9958362951875 12.9178805090487 4182.988688915968 25.79445376247168 1.241304360330105 320.4575869366527 5.994930982589722 21.3449555337429 141.9434634037316 62.32726446539164 9.867859847843647 238.9078021198511 306.7697463557124 3.81577080488205 56.81306749209762 50.37919827178121 395.6275709718466 648.6242086961865 1129.714386947453 1.360571052879095 102.5757589563727 3.080183982849121 216.1565645076334 8.751145638525486 325.7888662479818 28.61237534880638 423.3020550869405 239.9105881676078 478.2287438064814 45.26258411258459 3.812725841999054 6.145923376083374 1.985596932470798 0 0 2.357349388301373 0 0 5.05680350959301 1.422961957752705 9.338397711515427 5.752155557274818 0 1.532718077301979 0.4364346191287041 1.439353469759226 0.9330007433891296 8.989828944206238 0 0 0 2.273883864283562 4.748339302837849 1.288577482104301 1.936090067028999 42.27267195284367 0 0 2.323449119925499 21.89909940958023 8.956896893680096 2.5461580529809 0 0 0.6220802292227745 4.633038081228733 0.9756188243627548 50.98421783745289 0.1958687677979469 10.78251245617867 9.384491734206676 7.467835053801537 3.266644105315208 0.09892503172159195 0.5273514464497566
19.11324132233858 384.4162599146366 5.77316552400589 244.9980440735817 65.294223934412 31.02054109424353 140.4360691048205 78.85841213911772 352.4838727265596 305.1203360706568 3.693650387227535 209.8177284300327 24.27450153231621 83.72126374021173 704.3109890669584 99.08409161120653 6.175678074359894 1.243764653801918 2.705742403864861 274.6075918525457 45.2686180472374 2602.084633469582 14.24870880693197 7433.466527208686 74.09365225583315 18.41714809089899 171.6348827630281 645.1908511668444 186.6963963657618 396.1051187850535 1.338854126632214 4.559840455651283 23.03612790256739 70.57145328819752 46.94108449667692 943.0566135123372 58.55007494240999 225.775113850832 151.3273289501667 779.9686968848109 42.37547516077757 1.927353478968143 21.84988490492105 17.78496799618006 0.1821084022521973 0 138.5940153151751 1.568813189864159 9.4900803565979 124.2854134738445 44.15079361200333 127.9551548361778 203.1024028882384 3.122143149375916 367.4139548614621 1.296410650014877 28.73004182055593 41.04844636470079 48.49890775233507 0 0.2743980213999748 0.1616973876953125 99.8365118727088 17.61882848292589 28.34466407448053 0.627857081592083 978.7861259877682 0.1047003418207169 0.4893742278218269 2.343531012535095 219.7669915035367 94.13446791470051 29.70000953227282 0 1.873344495892525 17.17772754281759 34.39883119612932 9.915904201567173 521.6854584217072 5.064560756087303 129.368805911392 77.76888730376959 159.1997532844543 45.59341385215521 0.1202632859349251 12.02871190756559
21.34977468848228 0.6303443610668182 14.7132033854723 3936.34426722303 5.029064908623695 7337.701597381383 7053.556738317013 3134.065209753811 305.1203360706568 34634.89514660463 99.78988271579146 2441.057640921324 21.37134193256497 1081.252290695906 53.92234353721142 1.324346050620079 37.5799704939127 14.52660428732634 16.77640004828572 2896.785627793521 18.12993591278791 6.213338643312454 41.23020448535681 2278.726251609623 4.160403221845627 21.30424733832479 41.12420120835304 6669.273492366076 836.6008120961487 74.44575993344188 3.785100169479847 129.1589382216334 2.225029222667217 505.7818865329027 49.69276942312717 1276.385077238083 39.78016741573811 846.6068031266332 163.4426186084747 316.4584310501814 132.6340570524335 10.62443551421165 31.19271580129862 1.497487679123878 0 0 78.96097314357758 0.6632368564605713 2.467143274843693 51.51854754239321 18.57794393599033 89.55882134288549 154.2071647942066 0.4202835857868195 114.1446816399693 2.962815098464489 6.232502840459347 13.17985262721777 3.199298188090324 0 0 0 54.98136042058468 1.786652252078056 0.6477678716182709 3.870288841426373 288.4293498545885 0 0 2.589469581842422 63.90474081784487 13.96509859710932 1.180932760238647 0 0 1.55612213909626 4.195501893758774 1.752627581357956 95.09630177170038 2.142987608909607 22.28756627440453 9.761678330600262 48.52191812545061 10.52748572826385 0 5.497149676084518
2.711648859083652 25.96499960869551 9.637158460915089 9.249620027840137 7.687689624726772 73.4980840831995 36.35624785721302 52.22889511659741 3.693650387227535 99.78988271579146 7720.253530010581 77.69108026847243 2279.794737845659 164.8674211651087 0 1.519475370645523 464.1825722083449 3739.527086436749 918.2698031067848 21.66290445625782 15.76607428491116 1.960966996848583 30.95248240977526 14.76780521124601 606.0017005428672 2270.980055049062 679.4498846754432 16.55519859865308 319.7633207887411 13.18851064890623 1001.350985921919 166.5425631329417 1.493119746446609 4317.795845389366 11.48451013863087 454.8623079508543 1686.383618786931 5315.769313193858 796.5805905237794 47.96133342385292 143.4413914307952 1185.589736752212 4.268258132040501 0 2.004693366587162 0.1871435344219208 0 0 0 0 0 0.296580471098423 0.7178618311882019 15.08480659127235 0 284.348602026701 0 0 0 0.3017838001251221 3.151591964066029 3.554851166903973 0 0.4262060821056366 0.535598412156105 0 0.9946683347225189 77.9960832670331 48.17841348052025 102.7489765286446 1.111549407243729 0.1898210644721985 0 34.69813062250614 0 0 0 3.453567653894424 3.355775624513626 43.81894531846046 0.8967570215463638 0.6357090249657631 0.6056658029556274 0 14.99181319773197 0
0.2168163470923901 2.820415273308754 0.746111698448658 4020.458773363382 221.2522061988711 2415.976511027664 23.26492474228144 488.9958362951875 209.8177284300327 2441.057640921324 77.69108026847243 8377.574214808643 14.08339340984821 382.8806201703846 1750.891241498291 0 2.630490638315678 9.054906956851482 11.96819925680757 4839.659635085613 0.9238562285900116 12.9283095896244 1.072684783488512 1075.297018185258 3.936396397650242 9.964100137352943 9.835282668471336 129.1486336067319 282.4111901856959 2.453851353377104 1.80971609801054 134.5274458117783 0 260.9475200325251 12.97821359336376 538.2456023395061 7.115192055702209 358.3827110901475 13.2663221731782 1527.554553709924 54.24843389540911 8.481379047036171 3.497703976929188 0.81452876329422 0 0 19.20148461312056 0 0.6553274244070053 8.419528245925903 2.912584275007248 17.86700302362442 21.74266356229782 0.4382170438766479 143.6763214170933 0 0.2786881700158119 3.148857489228249 0.5445553213357925 0 0 0 27.95364214479923 0 0.1282883882522583 0 40.65780545026064 0 0.08347209542989731 0.217165932059288 11.80759075284004 2.48369599878788 0.2173362374305725 0 0 0.1056534796953201 0 0.4221364855766296 20.22926340997219 0 2.022776275873184 2.6905183121562 39.37335259467363 3.366600535809994 0 1.138550639152527
0.2317381054162979 873.5856991559267 11.32827036082745 2.959810178726912 0.8226609826087952 20.22887338325381 12.18892719596624 12.9178805090487 24.27450153231621 21.37134193256497 2279.794737845659 14.08339340984821 2624.787845209241 25.02494042366743 0.1023706123232841 11.8612372726202 20.9528683796525 180.4546377286315 57.18404244631529 5.55142767727375 19.02979887276888 124.1080396026373 43.16302341967821 45.63360793143511 4418.205281294882 1148.871537193656 4303.513558380306 17.89084533601999 22.64955133199692 5.712462157011032 1832.12193248421 33.03324427455664 0 517.7881991490722 171.2764007896185 3147.573560811579 3860.639885380864 6038.48715082556 1330.274064421654 161.4205285981297 320.0082178935409 1741.086959086359 54.82645929604769 0.1390510052442551 8.316431753337383 0.4956345409154892 0 0 0 1.017613999545574 0 1.509779088199139 0.7028087973594666 59.8878243714571 0 1292.913269594312 0 0.2582564055919647 0.9586716964840889 1.051688738167286 13.61505214124918 7.795095980167389 0 0.1482482701539993 1.169931381940842 0.4528006911277771 3.386657290160656 439.645111605525 193.0638565719128 469.5127567648888 2.034648090600967 0.1832176446914673 0.5158817172050476 126.6177451312542 0 0 1.031424500048161 38.17523398995399 29.55263337492943 283.5028553977609 14.56854476034641 7.190705120563507 0.2367794960737228 0.125660628080368 115.6935212165117 0.1545709520578384
2851.520804420114 2.817841082811356 36.46565320715308 89.63254043459892 0.6487074196338654 448.240809570998 5403.993996880949 4182.988688915968 83.72126374021173 1081.252290695906 164.8674211651087 382.8806201703846 25.02494042366743 6323.141500882804 4.419792652130127 2.282931238412857 294.6285906881094 21.23665765672922 37.82760247588158 135.3859924674034 77.78174586221576 14.35363276302814 215.2984816245735 350.4505835957825 5.969180420041084 65.23159449547529 44.15631468966603 331.0084438920021 3661.814717248082 2321.352322146297 3.792929612100124 74.73952480778098 7.672740668058395 592.5229374244809 15.0624016597867 399.8987625166774 24.40265271067619 627.7107790932059 142.750115532428 254.3284191116691 60.45984796062112 5.218307472765446 5.549209155142307 2.111974515020847 0 0 2.941739074885845 0 1.244917646050453 6.172443196177483 1.379597872495651 7.724116995930672 12.83600685745478 0.3091736137866974 1.3072489798069 0.3018036857247353 1.361703030765057 0 8.881052456796169 0.0736880898475647 0 0 3.038003206253052 4.690860725939274 3.082250118255615 2.325914427638054 37.59963339567184 0 0 2.326067186892033 26.24278431385756 10.34563413262367 3.088870786130428 0 0.5303524732589722 2.11910916864872 2.11882384121418 1.016251623630524 55.78685245662928 0.6743972152471542 12.89130960404873 7.563089028000832 11.9438798353076 3.644020587205887 0 0.8113265782594681
0 7.943827770650387 0.1027034446597099 81.79041238874197 1060.773813121021 1142.607142992318 6.053788997232914 25.79445376247168 704.3109890669584 53.92234353721142 0 1750.891241498291 0.1023706123232841 4.419792652130127 259.4990260452032 0 0 0 0 265.6699476614594 0 24.78642164170742 0 369.8727858737111 1.329026736319065 0.3161635994911194 3.608105041086674 8.414901539683342 0.8751314952969551 0.6459295749664307 0 143.4901058003306 0 1.595008917152882 0 161.0868914276361 0 1.399877190589905 0.137379914522171 927.177126288414 127.5041280388832 0 0 0.1385164856910706 0 0 3.380106262862682 0 0 1.548229798674583 0 2.954508870840073 4.557077378034592 0 14.42752975970507 0 0 1.067662134766579 0.2494706735014915 0 0 0 8.49164392054081 0.2585811018943787 0.3333060592412949 0 8.455519467592239 0 0 0 1.722926162183285 0.3027122616767883 0.1663436889648438 0 0 0 0 0 3.083010576665401 0 0.1079755276441574 0.329678900539875 11.11545553803444 0 0 0
1.060844868421555 238.5199668183923 31.69333879649639 0.3550056144595146 0 0.3982683792710304 8.962386041879654 1.241304360330105 99.08409161120653 1.324346050620079 1.519475370645523 0 11.8612372726202 2.282931238412857 0 3934.423172190785 31.434192083776 0.8434155061841011 4.078988626599312 0 2829.59473720938 4200.794199258089 2979.567937962711 1527.922084368765 25.09194335341454 18.58412834256887 2632.848254032433 1180.907012373209 8.997432090342045 128.4320073798299 0.5917240902781487 0 5.549013905227184 71.34372758120298 71.90306702256203 2921.516356699169 611.9711260423064 515.8530166149139 1399.070727646351 46.28460991382599 3.388971500098705 2.964366793632507 30.67106903344393 8.243984550237656 1.006073713302612 4.08115291595459 0 0.1778033226728439 0 7.88605734705925 2.535912223160267 44.61556939035654 0.4121606051921844 0.8897180929780006 1.325536519289017 0.499773770570755 2.889055132865906 1.527521103620529 1368.164067298174 0.8027886897325516 0.1025291904807091 0.2138230055570602 1.102575823664665 109.4681663885713 273.2575703039765 417.7297478914261 178.786293104291 0 2.096492923796177 115.4160114228725 128.9383677914739 17.38126115873456 86.27789957821369 0 0 1.922153368592262 3.774335764348507 8.59920322149992 279.6155687570572 5.922871358692646 27.12091234326363 27.17980179935694 14.620480440557 4.800298079848289 0.2333260625600815 1.466140314936638
127.5771258547902 161.1819367110729 5503.371919251978 0.5047317072749138 0.3442590087652206 20.14224468544126 361.9797707982361 320.4575869366527 6.175678074359894 37.5799704939127 464.1825722083449 2.630490638315678 20.9528683796525 294.6285906881094 0 31.434192083776 3746.586209826171 191.0215826407075 1853.291126258671 1.096301481127739 663.7356969937682 28.23729792237282 5006.78655346483 22.41065323352814 10.41001927852631 7015.98433496058 6412.46514313668 87.08742199093103 298.2498710043728 1115.497149325907 17.24502690881491 4.264784667640924 25.71760414540768 1879.73329090327 7.429961912333965 258.1275725215673 167.4499604105949 1233.804435379803 427.3427321724594 7.395220585167408 5.611813336610794 1.504636391997337 1.780782170593739 0 7.405006110668182 66.65741282701492 0 0 0 0 0.1477928310632706 0.527013435959816 0 2.014281064271927 0 7.033727422356606 0 0 1.272473566234112 13.39366432279348 1.228888712823391 6.169884085655212 0 2.162496969103813 1.754492722451687 10.11203085631132 0.9854751303792 5.560808569192886 149.1500070542097 474.2443966940045 1.014679878950119 0.0814514234662056 0.6121858060359955 1.817305006086826 0 0.2961833998560905 8.887807868421078 1.420313134789467 21.85512766987085 14.68540440499783 15.81038039922714 8.422161363065243 1.504718869924545 0.5484101548790932 0.5681041777133942 0
0.2589113786816597 12.75367523729801 5.884122088551521 0.8216977193951607 0.9656970724463463 11.05608841404319 6.431605990976095 5.994930982589722 1.243764653801918 14.52660428732634 3739.527086436749 9.054906956851482 180.4546377286315 21.23665765672922 0 0.8434155061841011 191.0215826407075 258.1914373338223 1889.332541704178 2.23714853823185 5.666206046938896 2.194979265332222 10.75463902577758 4.061180274933577 61.22565353661776 2604.534327939153 341.1266535073519 3.192728616297245 35.52722401544452 4.746240109205246 316.7493282705545 15.43669221177697 0.1257608681917191 714.7359046936035 5.699335999786854 316.5389294698834 645.7047800794244 1548.559320602566 316.2918018624187 4.636343792080879 2.666485443711281 25.02416165918112 3.08552397787571 0 0.960447184741497 0 0 0 0 0 0 0.2195667326450348 0 13.87500928342342 0.1043727993965149 163.6710553318262 0 0 0 0.7311883196234703 10.592679053545 7.258021414279938 0 0.1546914428472519 0.1590954065322876 0 0.263241708278656 64.94834323227406 136.0887959226966 252.0203675404191 0.8808002471923828 0 0 47.67367263883352 0 0 0.2289928495883942 1.154601506888866 2.278532944619656 5.177910424768925 4.408404596149921 2.264113791286945 0 0 0.4305913150310516 0
8.896665368229151 64.96797267347574 97.07995078712702 1.584905304014683 0.9426993206143379 8.960636775940657 17.49872998148203 21.3449555337429 2.705742403864861 16.77640004828572 918.2698031067848 11.96819925680757 57.18404244631529 37.82760247588158 0 4.078988626599312 1853.291126258671 1889.332541704178 2196.235603109002 3.683216728270054 28.38699810951948 12.72214806079865 105.1552760601044 8.111641950905323 62.4538199454546 7119.835173070431 2273.420076549053 6.376049861311913 84.08235162496567 44.51566660404205 97.6616397574544 15.8162080347538 1.466982908546925 1836.568553134799 10.54820439219475 483.1112344861031 391.0364317670465 1805.750027127564 502.8310529664159 6.221137195825577 2.519386969506741 5.062291070818901 3.550787031650543 0.1052548661828041 12.61235118657351 7.89412634074688 0 0 0 0.4104109704494476 0 0.4357840120792389 0 5.629842087626457 0 69.55027367919683 0.1374882087111473 0 0.2394483014941216 6.458089120686054 10.65105161070824 24.83888986706734 0 0 0.631865993142128 1.427555099129677 0.1987121775746346 24.69094981998205 388.4444469884038 653.3325472474098 0.3557987287640572 0 0.2878799140453339 27.00341249257326 0 0 2.439620390534401 4.453917987644672 13.1425372287631 10.97050777077675 20.89188528805971 10.7946058511734 0.2667937278747559 0 0.3437012434005737 0
2.134118676185608 0.574009120464325 0.2475202232599258 3150.986163184047 9.776084333658218 231.5714797973633 50.96820502355695 141.9434634037316 274.6075918525457 2896.785627793521 21.66290445625782 4839.659635085613 5.55142767727375 135.3859924674034 265.6699476614594 0 1.096301481127739 2.23714853823185 3.683216728270054 832.9923142120242 0.5774029791355133 0.9669371098279953 0.8179931342601776 1403.683607138693 1.572532750666142 2.691440261900425 2.20454628765583 1394.800289340317 144.0482753925025 2.121082954108715 1.239908635616302 34.69928634911776 0.4594549462199211 93.22101885080338 8.584380105137825 357.3162208423018 4.908697262406349 147.1849118620157 19.68387123942375 357.9495532438159 23.46164803206921 0.6958727687597275 4.999685667455196 0.3840294033288956 0 0 48.82124412804842 0.1353779286146164 3.748720698058605 14.28221241384745 7.500312879681587 51.0082970932126 67.80441076308489 0.1114851385354996 96.45781686902046 1.405249118804932 5.200522921979427 7.681222945451736 0 0 0 0 35.97868762910366 0 0 0 117.5219972878695 0 0 0 26.52276543527842 5.175773300230503 0 0 0 0.09907263517379761 1.169803373515606 0.3340003192424774 30.79035277664661 1.419968724250793 7.173542201519012 8.11589690297842 37.10906881839037 7.012694090604782 2.073764085769653 0
55.58175183832645 65.36298389732838 705.4333838671446 0.2775006145238876 0 4.146703291684389 323.5012920945883 62.32726446539164 45.2686180472374 18.12993591278791 15.76607428491116 0.9238562285900116 19.02979887276888 77.78174586221576 0 2829.59473720938 663.7356969937682 5.666206046938896 28.38699810951948 0.5774029791355133 9808.730748184025 714.6015379503369 16624.91590527445 265.4862197041512 13.58031854778528 76.94539683312178 975.856629692018 1671.407285556197 191.2318547852337 9101.760270014405 0.8027688041329384 1.351795852184296 129.4787892699242 3306.354345969856 221.3564600273967 5150.696249544621 412.4975833445787 4689.452435821295 3371.372814528644 68.98840013891459 17.17234092950821 7.268532887101173 62.43135021626949 16.71604433655739 0.1250136941671371 1.11660073697567 0 0.4004595130681992 0 11.20052570849657 1.815864607691765 38.99167960137129 1.399612046778202 0.1762275174260139 4.015570908784866 0.2558736056089401 4.193836189806461 2.433780089020729 403.5161235556006 0.1116482838988304 0 0 0 136.4585818722844 123.1860782057047 40.51056088507175 126.57466173172 0 1.237894520163536 7.261777296662331 144.9457080513239 27.67441919445992 75.15098609775305 0 0 4.632005162537098 6.228847645223141 24.03019749373198 207.4768040925264 0.9027294963598251 22.30127584934235 17.90864174067974 17.31103149801493 3.858908034861088 0.5607116520404816 1.398358233273029
7.028292596340179 3434.447219148278 85.92518792301416 0.6200975775718689 0.8625555410981178 1.896551735699177 46.22565858066082 9.867859847843647 2602.084633469582 6.213338643312454 1.960966996848583 12.9283095896244 124.1080396026373 14.35363276302814 24.78642164170742 4200.794199258089 28.23729792237282 2.194979265332222 12.72214806079865 0.9669371098279953 714.6015379503369 1803.430724918842 628.487002722919 7101.45608586818 485.7885682359338 85.67410584539175 3335.188248880208 577.8928993940353 30.25132139027119 246.4698626324534 5.656200118362904 0.7139022573828697 4.451411210000515 23.33049495890737 10.44839185476303 338.8515236154199 69.37244927883148 78.68826275318861 79.53654055297375 99.23738260567188 2.750566005706787 7.065587908029556 1.994712151587009 14.72981461137533 522.5921323299408 7.392598122358322 0.1446753591299057 0.1374817788600922 0 11.40964859724045 1.76375987380743 91.0483356192708 1.578407160937786 0.2051184251904488 12.24861294031143 0.7179392129182816 3.633767187595367 13.55092456936836 1791.572476185858 0.4368096143007278 0 0.10750962048769 0.5123516321182251 120.2353726625443 459.1759524345398 933.6090146750212 285.6121467798948 55.47944969683886 7.545645117759705 636.64925968647 128.9000624269247 23.88046799600124 110.6974830776453 0.1106481775641441 0.6531912684440613 4.477740108966827 6.602129958570004 2.835239127278328 292.2956834435463 17.37083530426025 34.08122204989195 40.5024296939373 22.15638273954391 2.387114398181438 0 1.411798626184464
104.9817080125213 45.32966753840446 18611.81691266596 0.3174526803195477 0.1957536265254021 15.4841643832624 704.7922391593456 238.9078021198511 14.24870880693197 41.23020448535681 30.95248240977526 1.072684783488512 43.16302341967821 215.2984816245735 0 2979.567937962711 5006.78655346483 10.75463902577758 105.1552760601044 0.8179931342601776 16624.91590527445 628.487002722919 16672.29668297246 357.0366360992193 6.322805974632502 801.5953621417284 13080.82927006111 3630.985365930945 160.6922516673803 4334.305263824761 2.978672057390213 2.559144422411919 11.22583174705505 2357.719712082297 189.0968940258026 7234.447137132287 2149.546771235764 6565.64339157939 8273.450002405792 176.249721288681 21.26148892939091 18.63081722706556 79.29951041191816 2.875755839049816 0.1115603297948837 12.35886669903994 0 0 0 3.193584442138672 0.5610025972127914 6.912215307354927 0.2204914316534996 1.226438075304031 0.4697939157485962 1.093439511954784 0.9102195426821709 0.8178011253476143 535.0963857248425 0.7807215675711632 0.1002532169222832 0.5128462761640549 0 29.89898854494095 108.5132999122143 182.341771364212 52.59713676571846 0.1618796586990356 1.924597531557083 123.2193061709404 24.93438300490379 6.030560098588467 26.28382828831673 0.08303131908178329 0 0.6036892831325531 0.8776950091123581 32.40550094842911 97.03192658722401 5.534799009561539 8.801112577319145 25.78421139717102 3.872052900493145 2.341008625924587 1.577636107802391 1.343789950013161
78.4047676473856 732.2728786692023 16.55685289949179 2068.260189048946 23.0699383020401 147.0355202965438 2548.062919262797 306.7697463557124 7433.466527208686 2278.726251609623 14.76780521124601 1075.297018185258 45.63360793143511 350.4505835957825 369.8727858737111 1527.922084368765 22.41065323352814 4.061180274933577 8.111641950905323 1403.683607138693 265.4862197041512 7101.45608586818 357.0366360992193 8518.850658357143 138.4187349155545 30.51002105697989 878.372231297195 9778.296406570822 956.560666821897 1035.990076065063 1.918571382761002 22.19894195720553 105.7749978378415 327.9733230471611 150.6735192015767 2965.464960947633 140.9158191755414 883.4348420873284 552.2765305265784 879.9460112713277 128.318110242486 17.46708166599274 42.91990604251623 21.68641882389784 0 0.1560653448104858 318.2882680892944 0.3231029808521271 24.03409195691347 188.2285812720656 63.3350408449769 581.2933359369636 472.419436044991 4.03557426482439 503.9167191311717 0.7262943387031555 46.29925142601132 76.68818053603172 174.9974059611559 0.2542472779750824 0 0.2377496138215065 219.8518066927791 53.54330064356327 58.23433900624514 24.90589191392064 1253.968105681241 0 1.513899527490139 11.91959819942713 364.4458926692605 127.9623566418886 41.32803491503 0.1341175138950348 3.614553779363632 16.26179770380259 45.16768392920494 16.28569736331701 708.4079404696822 8.147059194743633 170.7615794539452 97.88334049284458 268.6057113036513 69.87514690309763 0.6741136312484741 12.67993270605803
0.2140730693936348 2349.623733252287 2.15761324763298 0.3892235606908798 0.1801649332046509 3.725938037037849 2.568520445376635 3.81577080488205 74.09365225583315 4.160403221845627 606.0017005428672 3.936396397650242 4418.205281294882 5.969180420041084 1.329026736319065 25.09194335341454 10.41001927852631 61.22565353661776 62.4538199454546 1.572532750666142 13.58031854778528 485.7885682359338 6.322805974632502 138.4187349155545 1657.119632594287 350.3428309336305 6296.031716302037 12.90946104377508 8.646050460636616 5.597176693379879 326.2456047907472 4.53871413320303 0 304.5376137644053 4.724573358893394 494.3428398743272 669.0808033496141 1751.818688459694 303.9339765608311 15.37424128502607 107.3902315050364 763.4454775750637 20.88713246583939 0.09918175637722015 37.18848656117916 9.521059483289719 0 0 0 0 0 0.6330879926681519 0 46.0074275508523 0 1442.799297459424 0 0 0.3432443886995316 6.079501919448376 17.66614919900894 15.83388447761536 0 0.0926193967461586 3.585183456540108 2.079361446201801 1.087876871228218 208.0658613592386 315.6443911418319 799.5619495734572 1.094918176531792 0.09293933212757111 0 68.44809903204441 0 0 2.000796385109425 2.781753078103065 7.851700454950333 210.6157077178359 25.38633877784014 9.778634771704674 0.1885654777288437 1.531640410423279 119.3729536309838 0
20.10608526319265 725.2233607545495 4584.550720334053 1.183159369975328 0.2157168909907341 10.34053560346365 58.71357548981905 56.81306749209762 18.41714809089899 21.30424733832479 2270.980055049062 9.964100137352943 1148.871537193656 65.23159449547529 0.3161635994911194 18.58412834256887 7015.98433496058 2604.534327939153 7119.835173070431 2.691440261900425 76.94539683312178 85.67410584539175 801.5953621417284 30.51002105697989 350.3428309336305 22957.58119936287 10219.75205039978 30.27399645745754 76.14314572885633 111.031368419528 2207.424953885376 12.97436824813485 3.90185471624136 770.2758220732212 42.26274318993092 2106.721385397017 2336.632360614836 2943.152091093361 1215.28344938159 35.13290430605412 10.10447204113007 52.87821782380342 13.08517310768366 0 70.8227898478508 205.0482803285122 0 0 0 0.7634051367640495 0.4756270572543144 2.819491386413574 0 19.96598896384239 0.8124715909361839 403.7805707603693 0.1883879825472832 0 1.260767668485641 73.89809085428715 33.92603130638599 83.26236686855555 0 3.681928843259811 9.731682114303112 25.09000708907843 1.6415711119771 192.6071233004332 1492.275557748973 3494.085187584162 0.968917042016983 0.1086716651916504 2.616872899234295 99.44772519916296 0 0 21.2462705001235 10.35722652077675 114.1587770953774 87.51454827189445 110.8390985801816 57.15371330827475 1.800835527479649 0 4.65845662355423 0.2460137754678726
15.21811862289906 6413.174129158258 3471.138137578964 2.31717037409544 0.1026323288679123 11.39385225623846 362.3590069115162 50.37919827178121 171.6348827630281 41.12420120835304 679.4498846754432 9.835282668471336 4303.513558380306 44.15631468966603 3.608105041086674 2632.848254032433 6412.46514313668 341.1266535073519 2273.420076549053 2.20454628765583 975.856629692018 3335.188248880208 13080.82927006111 878.372231297195 6296.031716302037 10219.75205039978 23970.40331812948 1417.685707572848 61.26667096838355 286.7832089439034 2762.200651787221 9.72748551517725 4.432405464351177 2296.639226704836 129.0235619097948 7928.121851921082 4674.145756617188 7748.700175628066 5199.110924474895 223.2821167707443 25.39724086225033 73.56918377429247 49.42599003016949 0.7549720704555511 172.5604494512081 1049.14900136739 0 0 0 2.834432177245617 0.9053523018956184 7.39250960201025 0.2775658071041107 29.02233497798443 0.2191633358597755 523.0716095268726 1.474900536239147 0 419.8283650577068 172.7273174375296 50.71377959102392 158.1089842915535 0 27.13553604483604 484.1789977401495 1098.709256514907 21.21003936976194 367.5229175537825 2337.477488309145 9268.539571776986 12.19477860629559 1.26422206312418 7.935522183775902 148.1684690341353 0 0.09324117004871368 68.72448444366455 27.15524137765169 435.9983656927943 268.3965390324593 319.5563448518515 254.6604942902923 4.863692447543144 1.994856089353561 9.644717432558537 1.692502319812775
76.13150682300329 48.9714068248868 223.2603180520236 3803.334052063525 0.422750748693943 183.9993831291795 15430.03088701516 395.6275709718466 645.1908511668444 6669.273492366076 16.55519859865308 129.1486336067319 17.89084533601999 331.0084438920021 8.414901539683342 1180.907012373209 87.08742199093103 3.192728616297245 6.376049861311913 1394.800289340317 1671.407285556197 577.8928993940353 3630.985365930945 9778.296406570822 12.90946104377508 30.27399645745754 1417.685707572848 19952.88308255747 1048.491454537958 7144.772485055029 1.278620645403862 19.14278214797378 340.4420853331685 710.9377184510231 165.6133503988385 2368.647895365953 152.6794198006392 1567.335417352617 968.3537263199687 123.1676532775164 107.9558045864105 7.869745515286922 37.98409482836723 18.76935964822769 0.1089677065610886 1.533804029226303 86.81056595593691 0 5.914867155253887 67.22497901692986 24.87465582787991 146.3269074857235 163.3159146681428 2.098426647484303 99.62550695240498 0.8985333889722824 22.46771421656013 8.192424356937408 186.8770021423697 0 0 0.1840754002332687 51.75363831222057 71.14741868525743 48.33891632407904 44.68120241165161 440.887692604214 0 0.7631963044404984 27.83425131440163 246.2911327257752 72.59548191726208 41.51020233333111 0 1.349686294794083 10.0512228384614 28.80139344185591 13.92711819708347 488.4766688793898 4.904728382825851 100.9617876857519 59.49822305142879 95.93491258472204 34.23717921227217 0.6353191733360291 7.200303666293621
3495.301122222096 5.485830344259739 23.76694868505001 111.7291889153421 88.56380039453506 474.6550870686769 676.5091296695173 648.6242086961865 186.6963963657618 836.6008120961487 319.7633207887411 282.4111901856959 22.64955133199692 3661.814717248082 0.8751314952969551 8.997432090342045 298.2498710043728 35.52722401544452 84.08235162496567 144.0482753925025 191.2318547852337 30.25132139027119 160.6922516673803 956.560666821897 8.646050460636616 76.14314572885633 61.26667096838355 1048.491454537958 14097.70199625939 3078.690861117095 7.075061798095703 2134.443788405508 2552.406876482069 1792.117667630315 24.58377616852522 314.3004645034671 14.60330069810152 1359.029764320701 200.1709954850376 82.7905445843935 84.49429319798946 3.355010747909546 8.895505495369434 5.44334414601326 0 0.1275665462017059 4.246240183711052 0 2.408380955457687 13.06991023570299 2.889068774878979 17.9635456725955 27.4588051661849 1.088920429348946 3.95527420938015 0.8375708386301994 4.086830034852028 0 15.17386818677187 0 0 0.08587269484996796 5.054285891354084 9.117414638400078 5.131077371537685 0.5093638002872467 89.52629493176937 0 0.1475916057825089 2.524257659912109 44.61739926040173 19.99170223623514 3.626981899142265 0 0.3369437754154205 1.582036443054676 8.044295940548182 1.057974457740784 124.0587309747934 0.326178215444088 23.10032241046429 21.61934819072485 17.967783652246 9.195299379527569 0 2.486437700688839
