1417.548770584166 0 66.99255535006523 1.236251994967461 0 4.497905194759369 2734.253802150488 570.723649032414 1.531593181192875 42.73444645851851 1.078324601054192 2.312969230115414 0.831619918346405 3881.697533793747 0 2.280231192708015 342.0953562557697 8.837603844702244 34.09720973670483 2.891319423913956 78.23687152564526 0.2898967266082764 170.0776962935925 15.20199997723103 0 41.23133534938097 37.92323464155197 25.70453899353743 3789.774969138205 2440.84537871927 0 0 83.56408413499594 134.3081825599074 0.292851448059082 22.66774614900351 3.594086594879627 52.00853441655636 18.5019449070096 1.708380408585072 0.2986598834395409 0 0.09827649593353271 0.1119640097022057 0.209675207734108 0.3398179486393929 0 0 0 0.5717493742704391 0 0.3680824935436249 0 0 0 0 0 0 2.193517714738846 0 0 0 0 2.239907048642635 0.9234680011868477 0 6.319857567548752 0 0.6166777536273003 1.992010526359081 9.30554111301899 0.5371019244194031 0.3835383057594299 0 0 0 0.2255031764507294 0 2.756464205682278 0.08916839957237244 0.3919440656900406 0 0.6103716939687729 0 0 0
0 37.93587003648281 15.6470472663641 0.1322616338729858 0.2819424271583557 0.1182230710983276 0.5913770124316216 0.2896319106221199 488.1684070453048 0.3902300000190735 7.950919263064861 2.385626547038555 753.58937266469 0 12.92299226671457 65.79878341406584 5.661845147609711 0.961275540292263 0.9467466399073601 0 7.62644174695015 1388.690029270947 5.394673846662045 407.7554498687387 1505.58647006005 110.5597207173705 4849.194283425808 41.91087061911821 0.2565905377268791 0.4970158264040947 26.27236939221621 0 0 4.842040181159973 0 5.712367303669453 11.82414470613003 15.71933777630329 1.281751118600368 5.192751288414001 0 180.6333337426186 0 0.07287698984146118 14.34840753674507 28.11985898762941 0 0 0 0.5985147804021835 0.1783523485064507 0.5261415615677834 0.1501780599355698 6.461537949740887 0 57.31024334579706 0.2400898635387421 0 0.4450607895851135 1.487385138869286 1.102663040161133 10.49510410428047 0 0.1524143218994141 4.024762332439423 0.7290421426296234 2.518758833408356 25.89083852618933 130.6480929479003 1327.414809897542 2.375843621790409 0.09874167293310165 0.1574723273515701 12.81690860539675 0.1594705283641815 0 3.262118645012379 0 6.023833103477955 13.52484066039324 5.739727601408958 1.722889229655266 0.194269984960556 0 30.98164054751396 0
66.99255535006523 15.6470472663641 3114.253352284431 2.499973490834236 0 8.488185904920101 1180.59254899621 200.6661143824458 4.000571943819523 25.90878400206566 36.16511875391006 0.4134652316570282 13.46904247254133 277.5820297449827 0.1220503151416779 4.195319429039955 8342.215376518667 65.93653655052185 387.06171220541 1.238289147615433 1177.665170863271 34.61047350615263 9637.335844092071 63.79577634483576 0.2562147900462151 8846.514077842236 3182.472179554403 389.7386794388294 68.50325727462769 764.3574545010924 6.791275583207607 0.1803458333015442 7.831200048327446 1843.790364332497 40.72278900444508 2587.527744613588 3832.436178684235 2243.915461026132 799.1104314476252 170.5564198791981 2.954395890235901 9.444483518600464 7.913848794996738 1.188802540302277 78.55999637395144 459.9878681004047 0 0 0.1871243566274643 12.09342551976442 1.178396143019199 3.549000680446625 0.1209245696663857 0.37138831615448 0 0.6041608154773712 2.861694380640984 0 11.15795872360468 16.80854117125273 0 2.482781603932381 0 7.460417658090591 64.83486657589674 54.22858478873968 14.26272288709879 0.4771432131528854 174.4884455278516 2550.490139216185 20.62261564284563 1.685305453836918 6.388620436191559 0 0.1689193248748779 0 6.3891546651721 10.98301434516907 21.00203346461058 159.249142870307 13.49960017204285 7.796321585774422 0.4096428751945496 0 0 0
1.236251994967461 0.1322616338729858 2.499973490834236 1841.476433411241 1.027407743036747 64.80821685492992 107.8392575606704 65.4723019823432 488.8004920184612 3366.94541554898 0.7049105688929558 2714.256407596171 3.586984694004059 41.29694052785635 72.26159007847309 0.3063178658485413 0.2892137691378593 0.4871453791856766 0.7089585289359093 1622.94464558363 1.984537973999977 0.6150653213262558 0.8844692707061768 1136.824960321188 2.599842548370361 1.238539710640907 1.802479431033134 2835.200852796435 72.34373286366463 0.3048020750284195 0 1.080093786120415 4.368566259741783 52.24073842167854 0.5583670288324356 119.2466821148992 2.264809712767601 67.01800223439932 22.56246014684439 100.0883156731725 5.383227556943893 1.19472074508667 1.36911553144455 0 0.2723700702190399 0 92.36876091361046 1.731576025485992 4.714846536517143 79.77369710057974 1.268643043935299 32.02970498800278 121.4273667633533 0.1195038706064224 46.1944874599576 1.047110319137573 0.8429688066244125 12.18420082330704 0.7088157385587692 0 0 0 58.46445373445749 0.9323627948760986 1.155187174677849 0 127.7526135370135 0 0.092182457447052 0.2292847409844398 263.1351237371564 2.395051926374435 0.4812706112861633 0 0.2400722205638885 0 1.057516358792782 0 14.99102244526148 0.3877768442034721 2.408926613628864 2.715875595808029 130.1410280019045 0 7.75868034362793 0
0 0.2819424271583557 0 1.027407743036747 78.61932645738125 386.4720057398081 3.025442004203796 24.00390990078449 47.28272442519665 7.813525959849358 18.2683025971055 70.68454272300005 0.1525881886482239 21.83118224143982 889.438825391233 0 0.1008168682456017 3.459395617246628 0.6414867043495178 6.015745535492897 0.5130445957183838 0.8190955966711044 1.702729739248753 11.01368141174316 0 3.549195162951946 1.493416137993336 3.455715373158455 423.6115572229028 0.396059550344944 0.2075507342815399 670.3275514990091 0 82.84152355790138 0.9294870495796204 50.81560795009136 7.656246796250343 230.0842711851001 144.561884701252 1248.084996581078 55.60890851914883 1.453203827142715 0.4276827126741409 0 0 0 0 0 0 0 0 0 0.1157343834638596 0 0 0 0 0 0 0 0 0 0 0 0 0 0 0 0 0 0.8168610110878944 0 0.3456847369670868 0 0 0 0 4.119803786277771 1.14770270138979 0 0 0 0 0 0.7199298739433289 0
4.497905194759369 0.1182230710983276 8.488185904920101 64.80821685492992 386.4720057398081 7656.548340350389 2385.921795979142 4089.488783270121 97.85936534404755 6966.191979359835 94.10970769822598 2350.895064346492 6.918618462979794 642.5796659886837 1660.073086448014 0 8.398928727954626 27.90402203053236 14.46532709896564 232.8512912020087 10.7076616063714 0.2247457504272461 5.795706421136856 75.10441004484892 0.9593951404094696 30.30172181874514 9.158183194696903 338.1928818300366 1208.487641561776 7.119233712553978 0.5690145939588547 411.5963334441185 3.999555915594101 386.1011892408133 4.161080680787563 358.5890835896134 35.46353147923946 740.9034963101149 216.6218693852425 2723.042186044157 327.9631546512246 10.9778583496809 1.856868505477905 0.3469721972942352 0 0 6.460687719285488 0.9335142374038696 0 6.877428486943245 0.1164206266403198 1.404470510780811 13.46813828498125 0 4.192406259477139 0 0 0.8034611344337463 0.5840257853269577 0 0 0 4.044591292738914 0.1204201281070709 0.1835035979747772 0.2015086337924004 14.91037287563086 0 0.1194595918059349 0.5421110391616821 29.29219020158052 0.7045226991176605 0.1694745570421219 0 0 0 0.2594271004199982 0 11.01439272612333 0.4510505944490433 0.4289998263120651 0.9633049517869949 32.37481087446213 0 0.6888885647058487 0
2734.253802150488 0.5913770124316216 1180.59254899621 107.8392575606704 3.025442004203796 2385.921795979142 10808.68342909217 5166.32480443269 94.02530596405268 6384.264080151916 11.1199487298727 39.98149570822716 16.56438025832176 7532.319293856621 13.10955441743135 21.24141393601894 325.9548415318131 17.38073439896107 42.50696922838688 70.92009761929512 1956.863082185388 7.279246047139168 1148.228575386107 840.5506014749408 1.717536702752113 169.5158912017941 274.1050717607141 12433.25853008777 2481.071303285658 4087.899343244731 0.3458677232265472 8.083437696099281 332.5181901529431 1124.185351938009 36.45738501101732 2602.179385147989 109.8122553527355 1471.755348347127 658.6205552369356 171.7115557640791 47.98094999045134 4.940858021378517 19.14789294451475 0.6061796694993973 0.270680271089077 7.108461208641529 63.69159974902868 0 2.390853598713875 202.7568537965417 3.636750981211662 55.99043621122837 58.35772220045328 0.4637427479028702 10.92192716151476 1.411200493574142 3.528513446450233 4.075017593801022 30.31892465800047 0 0.08112706243991852 0.2794985249638557 28.37681722640991 10.83548000454903 13.10352201759815 23.21228953450918 458.020510867238 0.1058845669031143 3.461293935775757 39.74305760115385 630.1902074962854 8.122945874929428 24.62345232069492 0 0.5159701257944107 0.7100355550646782 7.481819473206997 4.9090526252985 79.01450972259045 0.7834990993142128 15.78491815924644 8.667358465492725 35.31056493520737 2.644796222448349 5.625382304191589 0
570.723649032414 0.2896319106221199 200.6661143824458 65.4723019823432 24.00390990078449 4089.488783270121 5166.32480443269 8991.578321374953 15.88848891854286 4121.485440582037 79.99624652415514 1084.488371916115 2.875926993787289 5964.018272593617 87.72023010253906 1.238870471715927 434.5904060825706 44.93441437184811 91.69013713300228 353.2457259744406 194.9271546900272 0.5293347537517548 220.8737256601453 143.3069569393992 0.4067173153162003 126.9531837105751 90.8201642408967 259.2724895700812 574.6832835450768 688.7857549488544 0.4446430206298828 94.53469610214233 16.212940774858 470.9237652793527 4.961856983602047 393.2442427426577 44.38780852407217 693.2648514583707 186.382621563971 589.795343130827 122.2590156719089 3.700353838503361 2.344228208065033 0.5048356130719185 0.09543938189744949 0.3228608593344688 4.784416653215885 0.08842001110315323 0.2294123247265816 34.02428574115038 0.3940250724554062 10.70876114070415 6.966648012399673 0.1295335292816162 1.863258972764015 0 0.9769075736403465 0.1567058861255646 4.399990119040012 0.1295638382434845 0 0.1410123407840729 2.095585264265537 3.110875897109509 2.301491670310497 1.648413054645061 104.969857648015 0 0.8919540271162987 5.691261075437069 122.3577094078064 2.359801754355431 7.871422439813614 0 0.1864970177412033 0.1839678063988686 1.430232912302017 1.111434936523438 16.01736688613892 0.6892393529415131 4.095192864537239 3.235683657228947 2.112711504101753 0.1341766268014908 0.6954889893531799 0.1027533710002899
1.531593181192875 488.1684070453048 4.000571943819523 488.8004920184612 47.28272442519665 97.85936534404755 94.02530596405268 15.88848891854286 877.9546553492546 494.9827987998724 0.1071468442678452 550.1248716488481 37.75057714432478 11.13024684041739 833.6558478325605 59.82821494340897 0.4331480413675308 0.1160073131322861 0.1423757672309875 718.6575158089399 36.71919123083353 2259.091304816306 12.76653522998095 7881.860772281885 122.9204029887915 3.127535864710808 357.9068599045277 1350.074311211705 14.57095798105001 27.68889321386814 1.310981169342995 0.8161031901836395 3.046510227024555 12.36597799509764 0 183.3288067579269 26.1926416233182 19.78818048536777 7.004322364926338 290.8004655465484 3.656829416751862 3.16954755038023 0.1765554994344711 2.79220312088728 0.2488928958773613 0.6019681766629219 127.941418454051 0.4283967018127441 4.649999730288982 108.6903159618378 3.730311676859856 70.74960520863533 126.4757395833731 0.6144927591085434 59.51382303237915 2.420869216322899 3.203904412686825 13.85663868486881 165.7137763872743 0.4009018391370773 0.3058998733758926 0.1220628395676613 86.0604732632637 65.17902321368456 74.25990337878466 2.961946360766888 1255.099824883044 1.135576501488686 0.8803724572062492 5.675642758607864 824.6029620692134 22.33958138525486 93.3563247397542 0.5877156406641006 0 1.945570021867752 7.795596547424793 1.521033056080341 55.36884607374668 4.855162486433983 13.19504630565643 8.016428001224995 54.14520579576492 0.2777230590581894 0 0.9851712211966515
42.73444645851851 0.3902300000190735 25.90878400206566 3366.94541554898 7.813525959849358 6966.191979359835 6384.264080151916 4121.485440582037 494.9827987998724 22743.90377542004 18.4720106497407 3377.587480723858 20.61365231871605 1440.70428070426 77.92433027923107 0.4551693946123123 6.665525384247303 12.17987348511815 10.44892452657223 2493.704149134457 40.00849868357182 1.128359287977219 13.49936750531197 695.3141353875399 1.782509088516235 20.15186522156 13.27122446149588 2341.543913789093 1399.726398937404 5.389297343790531 0.9649046212434769 20.37534852325916 32.64053179323673 698.5212380215526 4.970055349171162 933.795348636806 39.52382722496986 816.2595131248236 148.3480835482478 258.1238420754671 55.64032731205225 2.383217200636864 7.083146758377552 0.07925756275653839 0.2950261831283569 0 177.6295824944973 2.278180301189423 9.254139445722103 172.9320475235581 3.91202162951231 44.80914819985628 207.9295493215322 0 105.2928994745016 0 2.312436677515507 19.80335462838411 2.208377070724964 0 0 0 104.7267629504204 2.533912569284439 1.459747225046158 0.2396623268723488 282.4530426561832 0 0.1056285724043846 1.419729888439178 559.6211862415075 4.629723839461803 4.347458630800247 0 0.6073773354291916 0.5972901210188866 1.769990019500256 2.163522183895111 32.76949430257082 0.1793117970228195 8.575296573340893 4.238136500120163 182.5388732254505 1.407390028238297 5.287987232208252 1.932985410094261
1.078324601054192 7.950919263064861 36.16511875391006 0.7049105688929558 18.2683025971055 94.10970769822598 11.1199487298727 79.99624652415514 0.1071468442678452 18.4720106497407 4830.940183408558 19.12336786836386 1513.382331050932 30.6122433245182 0.7668405696749687 0.8049022555351257 244.0324868559837 2696.082442045212 395.8141448199749 7.01718881726265 10.72589308023453 0.8405100926756859 39.23075795918703 2.130960270762444 125.7532066702843 2564.764777436852 348.2430095151067 4.557442680001259 154.4646353125572 3.304822966456413 136.1268730983138 44.69224338978529 0.2970407009124756 4191.959521628916 15.03735926002264 731.6940419822931 3981.061587832868 5181.869820035994 888.2162513658404 60.23976631462574 40.28709165751934 732.1730061471462 8.532137751579285 0 1.201017208397388 0 0 0.2572697103023529 0.425122857093811 0.1350934356451035 1.118490681052208 0.6673751175403595 0.1073479577898979 139.4109453707933 0.2109268978238106 652.0040218010545 0.1453511863946915 0 0.1311602741479874 0 7.727233305573463 2.126387305557728 0 0.2234597951173782 0.8845235705375671 1.015318900346756 2.397488474845886 54.25103429704905 40.74075230956078 130.7467017397285 0.7928407341241837 0.252787746489048 0.8844905123114586 131.4558074623346 0.5910131484270096 0 0.1086675375699997 17.04768288135529 20.57231248915195 262.4138788282871 48.30759540200233 62.89340210705996 2.311720699071884 13.35877500474453 72.86657772213221 1.504314005374908
2.312969230115414 2.385626547038555 0.4134652316570282 2714.256407596171 70.68454272300005 2350.895064346492 39.98149570822716 1084.488371916115 550.1248716488481 3377.587480723858 19.12336786836386 3812.730537340045 1.286827102303505 417.4149310290813 1142.659805156291 0 1.644971966743469 10.52134396135807 5.702758021652699 2285.347401708364 0.4142810553312302 15.20524954795837 0.7256192341446877 526.8882033079863 3.120086543262005 12.68357985839248 6.396169103682041 1091.674850709736 599.2780113592744 1.58080231398344 0.08748183399438858 20.6882139146328 1.030760116875172 241.6865467950702 1.601506277918816 316.3024941906333 12.26636042445898 281.3284776508808 25.92111273109913 1270.19912777096 31.40430206805468 0.9589723944664001 0.4126588329672813 0.09798555821180344 0 0.1336731016635895 46.40946059674025 0.1270796656608582 0.4559563547372818 28.6446155756712 1.725026160478592 14.59542421996593 85.64784877002239 0.07533708214759827 63.99172562360764 0 1.084528394043446 19.4950790554285 0.4137989282608032 0 0 0 65.38611942529678 0 0.9171525239944458 0 32.73742988705635 0 0.1711091995239258 0.1728812903165817 85.01368267089128 1.13232085108757 0 0 0.3360322192311287 0 0.8126687929034233 0 33.66530759632587 0.1330353915691376 1.76423230022192 0.3213499784469604 198.7540367916226 0.5760918259620667 3.829259037971497 0
0.831619918346405 753.58937266469 13.46904247254133 3.586984694004059 0.1525881886482239 6.918618462979794 16.56438025832176 2.875926993787289 37.75057714432478 20.61365231871605 1513.382331050932 1.286827102303505 2346.652060233057 2.380594097077847 7.867469556629658 12.3961723446846 1.721926435828209 135.2725583985448 9.245324075222015 7.326049469411373 18.29503734409809 110.3567445352674 25.71051163971424 54.39150638878345 1863.404191076756 1298.395111382008 3810.71989056468 51.62660839408636 7.877763569355011 18.31931264698505 726.8132931292057 1.502559632062912 0 408.4372024461627 57.47909964621067 1905.3697508201 4108.310952201486 3845.179400734603 460.7974662706256 343.1190580353141 94.93194376677275 992.788592197001 11.88303212821484 0 8.467524625360966 0.5267040729522705 1.517099164426327 0.9731550663709641 0.3100452125072479 1.631193831562996 2.722304351627827 0.9400391802191734 0 493.034836307168 0.2643467411398888 2483.150535650551 0.2709643989801407 0 1.438109934329987 0 26.94742579013109 21.14766325056553 0 2.21512496471405 0.7478954195976257 1.005941018462181 3.530818164348602 405.2800511568785 216.9191216304898 661.3525735810399 6.736422039568424 0.771512970328331 5.094719290733337 394.2442587614059 1.083321392536163 0 4.945278443396091 38.48367488384247 607.1686452999711 1194.720640443265 143.385146997869 114.6656377539039 102.0691602379084 42.60435703396797 325.5264943763614 3.009291261434555
3881.697533793747 0 277.5820297449827 41.29694052785635 21.83118224143982 642.5796659886837 7532.319293856621 5964.018272593617 11.13024684041739 1440.70428070426 30.6122433245182 417.4149310290813 2.380594097077847 8126.911052986979 14.99215042591095 3.194450981914997 860.3827212825418 38.9857439622283 118.976731531322 198.8504818677902 230.217647396028 1.224590748548508 445.6879474446177 85.42407944053411 0 157.2291454300284 133.2558020725846 196.2795264422894 4882.306990474463 2055.401875220239 0 67.42881271988153 28.10939119011164 567.1639402136207 2.78750217705965 320.0309087485075 37.03679540753365 396.8845955878496 122.4402269646525 135.3875233307481 27.78451736271381 0.661129042506218 1.856685742735863 0 0 0.7180276438593864 1.814922876656055 0 0 14.02108356356621 0.2180627211928368 7.318923227488995 2.171808049082756 0.2115038931369781 0.224341481924057 0 0.2934901490807533 0 4.679687783122063 0.158048078417778 0 0.5400183722376823 0.1209028661251068 4.37135561555624 5.460180155932903 0.8714288175106049 48.94961176812649 0 1.233662813901901 4.794924452900887 59.92704360187054 2.203906364738941 7.641944296658039 0 0 0.08656870573759079 0.8673338666558266 0.4666229486465454 10.03276532888412 0.1982091516256332 3.121126569807529 1.00666107237339 1.535454645752907 0 0 0
0 12.92299226671457 0.1220503151416779 72.26159007847309 889.438825391233 1660.073086448014 13.10955441743135 87.72023010253906 833.6558478325605 77.92433027923107 0.7668405696749687 1142.659805156291 7.867469556629658 14.99215042591095 392.5367619842291 1.297572314739227 0.2135663703083992 0.2815599963068962 0 169.1289345473051 3.924797177314758 67.56784719228745 3.478841930627823 698.7205404117703 6.58207818120718 0 13.83365681022406 108.7617755755782 87.55184546858072 2.166613921523094 0.1102179363369942 135.017522379756 0 18.37421088665724 5.869629546999931 170.1838077753782 3.757822915911674 11.74509716778994 64.65578150749207 1366.555504918098 19.31804566830397 0.1774870008230209 0 0 0 0 4.206683434545994 0 0 2.990363746881485 0.3143480718135834 4.004702165722847 5.976121008396149 0 6.05548232793808 0 0 3.27680766582489 0.1390994042158127 0 0 0 3.323453456163406 0 0.221906840801239 0 3.954161271452904 0 0 0.1711273491382599 12.53120014816523 0 0 0 0 0 0 165.1975396424532 15.5909913405776 0 3.366531848907471 2.590047121047974 47.23731091618538 0 0 0
2.280231192708015 65.79878341406584 4.195319429039955 0.3063178658485413 0 0 21.24141393601894 1.238870471715927 59.82821494340897 0.4551693946123123 0.8049022555351257 0 12.3961723446846 3.194450981914997 1.297572314739227 2594.181147687137 6.559985212981701 0.102561816573143 0.6842458471655846 0 4200.000539511442 2287.796656981111 3823.071169756353 1753.53180526942 16.27346038073301 2.064918123185635 4068.850432984531 1337.795428298414 19.1872232183814 326.0228998437524 0 0 6.632671318948269 106.4339148178697 27.75000619143248 963.2742009684443 251.0055884644389 271.9878476336598 289.2266053631902 52.97634625434875 0.8805333524942398 7.952261544764042 3.338045500218868 2.45861878991127 0.4441778212785721 28.43207459896803 0.4539855569601059 0 0.633386991918087 17.67514768987894 0.2963735982775688 15.85177797824144 0.2911749556660652 0.4185054078698158 0 0.3062029853463173 1.455767296254635 0 2377.453368850052 0.887935072183609 0.370818629860878 0.7125790864229202 0.2515460327267647 525.9788906499743 1278.445624858141 1423.367069661617 116.2990600541234 0 2.175614409148693 621.0318027809262 221.9214667156339 11.20735612511635 119.8341403454542 0.1379087418317795 0 1.042584247887135 15.03039760142565 6.969628982245922 117.6559064984322 8.825204208493233 39.09638245403767 27.71848714351654 3.202412217855453 0.1124145686626434 1.024993643164635 1.35161254554987
342.0953562557697 5.661845147609711 8342.215376518667 0.2892137691378593 0.1008168682456017 8.398928727954626 325.9548415318131 434.5904060825706 0.4331480413675308 6.665525384247303 244.0324868559837 1.644971966743469 1.721926435828209 860.3827212825418 0.2135663703083992 6.559985212981701 598.0906390957534 178.8221206329763 3338.908882275224 0.6512533575296402 639.4204859063029 1.331807196140289 5813.980222836137 11.33764179050922 0.2145382016897202 2002.77394426614 5753.074512556195 45.123699888587 1017.405747406185 1070.241672895849 0.7669590264558792 0.723181389272213 124.7779849842191 2286.936709605157 4.931756943464279 344.2772215977311 764.3132148757577 1635.51139409095 200.6326472312212 9.350547626614571 1.301471970975399 0.8412627577781677 1.553787343204021 0 5.895582862198353 19.50151217728853 0 0 0 0.3142917975783348 0.1732001751661301 0.1962245851755142 0 0.103611595928669 0 0 0.08355169743299484 0 4.200667798519135 1.423468001186848 0.1208847016096115 1.263453796505928 0 3.934669114649296 2.353249162435532 0.62972641736269 3.432541526854038 0.1246500238776207 122.5150194019079 253.921620324254 5.039578013122082 0.2015631571412086 2.448303788900375 0 0 0 0.7939047589898109 2.18349002301693 3.642088256776333 24.47978561371565 2.881883025169373 0.2945955023169518 0 0 0.3709513545036316 0
8.837603844702244 0.961275540292263 65.93653655052185 0.4871453791856766 3.459395617246628 27.90402203053236 17.38073439896107 44.93441437184811 0.1160073131322861 12.17987348511815 2696.082442045212 10.52134396135807 135.2725583985448 38.9857439622283 0.2815599963068962 0.102561816573143 178.8221206329763 28.34188255667686 1078.768161438406 2.828093074262142 14.31175045669079 0.2594611197710037 91.27994223684072 1.340727157890797 3.476970285177231 2716.231551162899 545.7293497025967 2.480194285511971 81.31506821513176 14.98980275541544 13.90594772994518 14.95406419783831 1.961636051535606 1442.044992052019 6.379145257174969 617.8281193301082 1291.81488661468 1640.610802099109 479.0564897656441 12.74412925541401 6.88544973731041 25.1129992082715 1.430712811648846 0 0.4399577677249908 0.1187694296240807 0 0 0 0 0 0 0 1.668841399252415 0 4.595554038882256 0 0 0 0.1290279179811478 2.444830469787121 1.912073493003845 0 0 0.1867354214191437 0 0.5715409517288208 0.6883205771446228 17.14190500229597 37.12637904286385 0.1971798911690712 0 0 3.630449056625366 0 0 0.2325952500104904 1.368070527911186 3.633404776453972 2.920712873339653 0.1115706413984299 0.6414136290550232 0 0 1.228644020855427 0
34.09720973670483 0.9467466399073601 387.06171220541 0.7089585289359093 0.6414867043495178 14.46532709896564 42.50696922838688 91.69013713300228 0.1423757672309875 10.44892452657223 395.8141448199749 5.702758021652699 9.245324075222015 118.976731531322 0 0.6842458471655846 3338.908882275224 1078.768161438406 1982.878300584853 2.025262422859669 41.32847914844751 0.1830290406942368 346.2369926720858 1.754931434988976 0.8784943744540215 3029.787512764335 685.921949788928 5.019346073269844 136.2979242578149 73.23153775930405 2.775648400187492 7.051957711577415 10.59894613176584 2526.571417793632 2.521438851952553 583.7139799445868 855.1144142895937 1903.945678658783 346.380443751812 10.54171125590801 0.7307449951767921 10.33305352926254 1.24400694668293 0 0.4551357328891754 1.257245346903801 0 0 0 0.2199191749095917 0 0 0 0.119453452527523 0 2.223096743226051 0 0 0.1923279091715813 0.7619028687477112 4.825313933193684 13.48430658876896 0 0 0.8826488181948662 0.1042764186859131 0.6263295039534569 1.588863089680672 89.86378218233585 94.48277950286865 0.8579178899526596 0.09714923799037933 0.09719524532556534 0 0 0 1.465497530996799 2.783923164010048 2.72870172560215 5.673344030976295 2.070023573935032 0.5622405633330345 0 0 0 0
2.891319423913956 0 1.238289147615433 1622.94464558363 6.015745535492897 232.8512912020087 70.92009761929512 353.2457259744406 718.6575158089399 2493.704149134457 7.01718881726265 2285.347401708364 7.326049469411373 198.8504818677902 169.1289345473051 0 0.6512533575296402 2.828093074262142 2.025262422859669 196.1217713430524 1.040633752942085 1.038133159279823 0.3317627906799316 444.3039706274867 0.6128661036491394 3.351494029164314 2.654512010514736 1923.814731016755 263.1027662530541 1.097365394234657 0.1569528207182884 6.327250517904758 2.266354292631149 143.9227352365851 0.834845632314682 210.3219521045685 4.243980549275875 161.6792391240597 30.34587680548429 347.9517262130976 13.359090693295 0.1410565823316574 2.700172483921051 0.2951123267412186 0 0 97.39800004661083 0.257874459028244 4.203419893980026 73.79198486357927 2.013489216566086 29.69249483942986 108.4526263400912 3.026036500930786 63.65702241659164 0 0.4963417425751686 26.74723643064499 2.5641028881073 0 0 0 59.79825304448605 0 0.623984083533287 0.1302528530359268 111.9527045711875 0 0.2332551032304764 0.1018691435456276 250.0689671486616 0.250489816069603 0.84776371717453 0 0.08133328706026077 0.9329057037830353 0.7510127648711205 0.1046208590269089 14.00449407100677 0 2.22576530277729 0.4299787357449532 165.9147213101387 0 0.5628692507743835 0
78.23687152564526 7.62644174695015 1177.665170863271 1.984537973999977 0.5130445957183838 10.7076616063714 1956.863082185388 194.9271546900272 36.71919123083353 40.00849868357182 10.72589308023453 0.4142810553312302 18.29503734409809 230.217647396028 3.924797177314758 4200.000539511442 639.4204859063029 14.31175045669079 41.32847914844751 1.040633752942085 10586.40848280489 256.1753656938672 10454.90582187474 76.82871040701866 2.937560684978962 101.6751756072044 561.1569769978523 3084.580555550754 351.6037611067295 11126.13291483372 1.217880606651306 0.09175766259431839 74.47061377763748 3796.589006684721 137.7853454053402 4558.864056572318 878.2095641046762 3816.534859016538 2167.026396468282 268.6335514858365 7.38293344527483 10.25578007102013 23.24500731378794 2.243048802018166 0 3.8971102014184 0.3168335929512978 0 0 9.43569777905941 0.09200470149517059 5.682798519730568 1.544327020645142 0.8875555992126465 0 0.1353338658809662 1.214189492166042 0 526.5724164545536 1.046363830566406 0.2748896852135658 0.2866031751036644 0.3069089353084564 432.0756325423717 221.4661363437772 136.6635727733374 70.73012292385101 0.2212026193737984 2.171128109097481 36.151640586555 176.7720079496503 16.23748838156462 131.0820020362735 0.1034581065177917 0 2.057496398687363 7.467639774084091 25.70899782329798 165.9807262867689 5.516604989767075 16.19927480071783 20.63831197470427 2.715430527925491 0 5.252256080508232 1.613007768988609
0.2898967266082764 1388.690029270947 34.61047350615263 0.6150653213262558 0.8190955966711044 0.2247457504272461 7.279246047139168 0.5293347537517548 2259.091304816306 1.128359287977219 0.8405100926756859 15.20524954795837 110.3567445352674 1.224590748548508 67.56784719228745 2287.796656981111 1.331807196140289 0.2594611197710037 0.1830290406942368 1.038133159279823 256.1753656938672 485.476158387959 364.9968802556396 4885.689365528524 436.4977253675461 6.679406151175499 3407.874511495233 389.8774490132928 1.943816736340523 14.499486528337 4.890716657042503 0 0.5688531398773193 10.52933234721422 0.5652661472558975 21.7205987945199 3.381387442350388 12.73770849406719 3.686550930142403 22.7442421913147 0.2174308300018311 8.334835261106491 0.6231539249420166 0.2830104827880859 4.905365258455276 39.3813576772809 0.09143748879432678 0 0.1263258308172226 5.849323563277721 0 4.221149243414402 0.1060700342059135 0.8154650405049324 0 7.245514363050461 0.9417026415467262 0 746.8730830028653 0.6518569365143776 0.1005423590540886 0.12485571205616 0.308588445186615 126.2868329510093 60.25112718343735 246.5965420678258 41.96413511782885 1.623821966350079 3.548549644649029 953.4663338959217 55.08292599767447 2.660357609391212 25.69272178411484 2.052913375198841 0 0.3328658789396286 3.240026623010635 1.638094872236252 11.11115078628063 4.981687434017658 6.913029536604881 3.731810659170151 0.1693912446498871 0 0.1382434219121933 0.3173523619771004
170.0776962935925 5.394673846662045 9637.335844092071 0.8844692707061768 1.702729739248753 5.795706421136856 1148.228575386107 220.8737256601453 12.76653522998095 13.49936750531197 39.23075795918703 0.7256192341446877 25.71051163971424 445.6879474446177 3.478841930627823 3823.071169756353 5813.980222836137 91.27994223684072 346.2369926720858 0.3317627906799316 10454.90582187474 364.9968802556396 11922.29270507395 584.284971691668 1.505300141870975 1394.621613249183 7828.541496872902 4799.97330352664 237.6626753136516 4208.081509888172 1.10225460678339 0.3588748723268509 32.12401279807091 4309.764470294118 279.8479278311133 8583.572614274919 4965.217904098332 6931.417174503207 5511.563656367362 505.5886416509748 20.52875999361277 31.51373663544655 44.57044340670109 1.493995815515518 6.323399566113949 430.0059091001749 0 0 0 24.06748362630606 0.842399850487709 7.239065371453762 0 2.019470661878586 0 0.4058514833450317 3.787743076682091 0 1891.630789592862 6.377652242779732 0.3015978783369064 0.3936659395694733 0.4676675796508789 184.4178696274757 611.947917021811 2133.514788404107 61.31839755177498 0.1018632724881172 7.442012920975685 2193.377400845289 77.00635947287083 3.531780138611794 31.2136537656188 0 0.484117865562439 0 19.94745238870382 42.06940476596355 269.6539058163762 20.83237565308809 96.0044991672039 88.47781126201153 4.311662971973419 1.777697265148163 2.913961380720139 3.710067108273506
15.20199997723103 407.7554498687387 63.79577634483576 1136.824960321188 11.01368141174316 75.10441004484892 840.5506014749408 143.3069569393992 7881.860772281885 695.3141353875399 2.130960270762444 526.8882033079863 54.39150638878345 85.42407944053411 698.7205404117703 1753.53180526942 11.33764179050922 1.340727157890797 1.754931434988976 444.3039706274867 76.82871040701866 4885.689365528524 584.284971691668 7839.181288585067 112.1098853871226 10.0918600410223 3119.132138252258 8448.926308035851 349.0932934209704 271.4117317646742 1.584579654037952 2.706577964127064 76.53035660088062 310.1052658483386 19.24617098271847 1801.115525402129 102.6767128184438 508.8902535662055 270.5116211622953 399.5899954065681 20.15824618190527 6.978481523692608 8.535718187689781 9.051921211183071 0.5930204465985298 6.637373730540276 300.9302778691053 1.082681193947792 10.7655056938529 587.4937179833651 12.89517205953598 856.8016717433929 380.4016474187374 3.199598804116249 95.54285648465157 2.008320279419422 15.80449061095715 23.78755538910627 255.827886454761 0.2058833390474319 1.746807456016541 0.9947113320231438 181.1137533858418 131.0110459774733 177.951605387032 35.6205655708909 2649.255843386054 1.699237480759621 4.696141801774502 49.3427586555481 2728.803497470915 61.83692569285631 191.2169880047441 0.6737865060567856 2.863536760210991 7.663110844790936 34.20486044883728 4.785821326076984 223.1476619169116 4.498319007456303 72.8318941667676 44.96285094320774 181.5108649134636 6.890810415148735 3.54077123105526 3.691165030002594
0 1505.58647006005 0.2562147900462151 2.599842548370361 0 0.9593951404094696 1.717536702752113 0.4067173153162003 122.9204029887915 1.782509088516235 125.7532066702843 3.120086543262005 1863.404191076756 0 6.58207818120718 16.27346038073301 0.2145382016897202 3.476970285177231 0.8784943744540215 0.6128661036491394 2.937560684978962 436.4977253675461 1.505300141870975 112.1098853871226 140.2583504915237 348.7421801313758 3007.182646661997 21.27385400235653 0.2156053557991982 7.860396072268486 512.6018245965242 0 0.07216838002204895 21.95339374989271 0 213.3884043693542 101.7460070103407 135.7922911792994 27.81839033961296 50.65603888034821 16.87135004997253 282.724011130631 2.882123470306396 0 8.100180089473724 0.6184322610497475 0 0 0 0 0 0.1945497840642929 0.155427560210228 194.5310827642679 0 1271.037003234029 0 1.973264694213867 2.120486915111542 0 7.28833220154047 6.155098453164101 0 0 0.213321641087532 0.1063539534807205 2.300406143069267 68.42330973595381 112.4216763302684 765.9273064956069 2.200028747320175 0 0 139.4163619950414 0 0 7.625442825257778 2.310355216264725 139.0775422975421 79.58032405376434 45.32345729321241 1.890215016901493 24.12575668096542 0 146.8677830845118 0.1248167008161545
41.23133534938097 110.5597207173705 8846.514077842236 1.238539710640907 3.549195162951946 30.30172181874514 169.5158912017941 126.9531837105751 3.127535864710808 20.15186522156 2564.764777436852 12.68357985839248 1298.395111382008 157.2291454300284 0 2.064918123185635 2002.77394426614 2716.231551162899 3029.787512764335 3.351494029164314 101.6751756072044 6.679406151175499 1394.621613249183 10.0918600410223 348.7421801313758 14381.82767053694 8181.017762325704 24.19611138105392 144.4450613483787 118.7506933361292 663.519623324275 15.17390891909599 5.902672126889229 2579.344307459891 23.27612990140915 3005.430315896869 7579.20030914247 4600.900298729539 1200.17486140132 49.94759001582861 9.664323754608631 200.8006439208984 6.274838425219059 0.5721248388290405 110.0701714903116 51.4693638831377 0 0 0.1113549619913101 1.723373182117939 0.199898898601532 1.946282558143139 0.1413232833147049 100.5462594255805 0 764.6572227627039 0.4876024648547173 0.1829570829868317 1.213627845048904 11.33906084299088 167.990419395268 448.8903647959232 0 1.644006244838238 6.224961176514626 2.739997625350952 4.769396938383579 201.6253080815077 2532.032931469381 4874.178246878088 2.501669093966484 1.386708714067936 1.798337951302528 232.4704351052642 0.5709956586360931 0 25.21295957267284 13.0741935968399 57.46747499704361 256.1204029992223 59.77536344528198 13.97077330201864 2.131867714226246 0.1953747496008873 13.663653858006 5.006314530968666
37.92323464155197 4849.194283425808 3182.472179554403 1.802479431033134 1.493416137993336 9.158183194696903 274.1050717607141 90.8201642408967 357.9068599045277 13.27122446149588 348.2430095151067 6.396169103682041 3810.71989056468 133.2558020725846 13.83365681022406 4068.850432984531 5753.074512556195 545.7293497025967 685.921949788928 2.654512010514736 561.1569769978523 3407.874511495233 7828.541496872902 3119.132138252258 3007.182646661997 8181.017762325704 24934.4611768648 2097.216527551413 101.9123485311866 153.0726261213422 1105.04889883101 3.487536810338497 8.277056112885475 3927.037398643792 115.701110213995 5999.325781449676 4340.945216536522 5633.988615125418 2414.039627738297 362.7491814419627 12.16741262376308 71.19027964770794 36.57328020036221 3.515262991189957 1510.215360447764 2039.234138205647 1.20263510197401 0 0.2562360987067223 75.9687165170908 6.401971593499184 11.95955695211887 1.529077969491482 85.56638291478157 0.2623841613531113 614.4037295281887 12.19300461560488 0.2677608504891396 537.6653503030539 70.92409525811672 171.9569243565202 485.1759125292301 0.4126545861363411 19.46881160140038 1141.445909254253 1092.120984338224 66.50754383951426 696.6596646979451 4796.409883439541 24153.05899764597 78.36661610752344 4.496965929865837 17.3372842296958 149.4895480647683 0.7520018070936203 0.4694242179393768 83.79956589639187 37.35358063876629 201.1768876090646 735.7253073081374 237.6855339929461 81.48876517266035 8.680897541344166 0.2712728232145309 14.14840890467167 4.066379934549332
25.70453899353743 41.91087061911821 389.7386794388294 2835.200852796435 3.455715373158455 338.1928818300366 12433.25853008777 259.2724895700812 1350.074311211705 2341.543913789093 4.557442680001259 1091.674850709736 51.62660839408636 196.2795264422894 108.7617755755782 1337.795428298414 45.123699888587 2.480194285511971 5.019346073269844 1923.814731016755 3084.580555550754 389.8774490132928 4799.97330352664 8448.926308035851 21.27385400235653 24.19611138105392 2097.216527551413 17534.36893509328 701.1307569220662 5366.168396301568 0.2734924703836441 2.650952227413654 255.2374070957303 876.0691519975662 77.72596484422684 3723.716651745141 276.231406211853 1501.734817281365 815.4374565407634 295.8603274598718 26.99962168186903 9.514594249427319 22.81026559323072 9.762960098683834 0.3153218254446983 8.501144997775555 244.1350670531392 1.317404821515083 7.225443609058857 602.6963492631912 11.81155177950859 427.275998570025 267.8262520581484 3.181290738284588 89.37687873095274 2.855116009712219 16.43976893648505 16.91593830287457 334.6009519845247 0.3189528957009315 1.181071318686008 0.6261391639709473 133.1638524606824 221.4167111515999 198.2740217298269 62.03602835536003 2165.669942617416 0.6327451020479202 5.540273942053318 51.4524946808815 2480.316495016217 66.59236305207014 336.8736369907856 0.3477967530488968 2.197974756360054 7.701027616858482 36.76096972078085 17.31361732631922 291.3851674869657 8.658447735011578 69.63005469739437 38.75145486742258 203.4312682002783 5.634945847094059 21.56548917293549 9.865783333778381
3789.774969138205 0.2565905377268791 68.50325727462769 72.34373286366463 423.6115572229028 1208.487641561776 2481.071303285658 574.6832835450768 14.57095798105001 1399.726398937404 154.4646353125572 599.2780113592744 7.877763569355011 4882.306990474463 87.55184546858072 19.1872232183814 1017.405747406185 81.31506821513176 136.2979242578149 263.1027662530541 351.6037611067295 1.943816736340523 237.6626753136516 349.0932934209704 0.2156053557991982 144.4450613483787 101.9123485311866 701.1307569220662 17048.48459850997 4492.640011034906 0.9555106610059738 485.9959331080317 1710.185003109276 3061.431834131479 5.720842823386192 996.2490126490593 150.0756869390607 1582.796035625041 313.1938143819571 483.0369181707501 331.6013461649418 3.71239560842514 10.74172016233206 0.9993994832038879 0.120225802063942 0.1889961212873459 1.730282470583916 0 0.1114999130368233 23.05492071807384 0.5537106841802597 13.83283726125956 1.293153680860996 0.4102832153439522 0.4959151074290276 0 0.9308203831315041 0 26.41253334283829 0 0 0 0.6260547339916229 23.00491108745337 12.95778822898865 2.732700429856777 97.5841780975461 0 1.366199754178524 3.444379471242428 104.1447800844908 4.393035791814327 26.18027160316706 0 0 0.1951857432723045 2.081748828291893 1.973967120051384 37.04501032084227 1.501042634248734 4.911452956497669 1.222766183316708 3.309976227581501 0.2171984016895294 1.090358018875122 0.2350236251950264
