2035.231490857899 0 38.78983380645514 4.807595998048782 0.3671179711818695 23.76581534743309 1120.48850478977 532.1559843868017 0.5311054959893227 87.3404755666852 2.229176536202431 0.6161151081323624 0.1800993159413338 5495.799340561032 0 0.4969377368688583 65.51120874285698 2.714405953884125 10.66408871859312 4.739816181361675 15.70553890615702 0.570208951830864 78.21562410145998 10.35999079048634 0 15.58632693439722 7.814376495778561 35.3921073153615 5370.456213787198 3358.039421729743 0 8.161844722926617 5.324928306043148 17.75264797359705 0.7398768365383148 12.26825088262558 2.539039567112923 11.2175850123167 3.599537618458271 0.7631315886974335 0.5416346192359924 0 0 0 0 0.1722791492938995 0 0 0 0 0 0.337828204035759 0 0 0 0 0 0 0 0 0 0 0 0 0 0 0.5581227391958237 0 0.1454004943370819 0.42673010379076 1.108059115707874 0 0 0 0 0 0 0 0.5742587149143219 0 0 0 0 0 0 0
0 255.9489335566759 4.894354812800884 0.3325527980923653 1.288713350892067 0.3442423194646835 0.9835254102945328 0 953.6782218590379 0.4121553376317024 126.8991056159139 10.18595737218857 1637.097831957042 0 34.32767102867365 27.76043978333473 2.442459255456924 2.738100379705429 5.104059815406799 1.289376072585583 2.424645110964775 1762.761445209384 2.423798620700836 645.2336473837495 2650.285089373589 51.4769943729043 5052.304103687406 10.63471692055464 0.8595025166869164 0.2097723633050919 54.33258019387722 0.3494474366307259 0 19.0141731351614 0.1252451688051224 10.86335687339306 69.45412230491638 54.96508849412203 5.214164085686207 6.004850581288338 0.6272290945053101 354.8503541201353 0 0 135.2837067991495 14.8638509362936 0 0 0 0.5827696397900581 0.1308072358369827 1.229655407369137 0 8.254694797098637 0 32.82567702978849 0 0 1.540010951459408 2.956660464406013 0.5733584612607956 3.128790184855461 0 0 8.284720949828625 1.633356973528862 3.6910006031394 9.380093619227409 86.83371474593878 620.0777203440666 0.6897930055856705 0 0.1443066298961639 5.674812391400337 0 0 0.2600207775831223 0.2642028331756592 2.373515531420708 8.169280707836151 2.846790321171284 0.7196605950593948 0 0 6.029939591884613 0
38.78983380645514 4.894354812800884 4880.872345127165 15.15673802047968 1.835658900439739 192.1942422315478 367.1609782651067 597.1188912317157 17.78669632971287 40.5296747982502 28.11114568263292 0.6276612356305122 10.14311183989048 479.4120219126344 2.013287231326103 6.060757383704185 7967.747215114534 67.78491225838661 393.9776253253222 2.10991994291544 300.7172770351171 9.642942033708096 9012.186187788844 95.72928602993488 3.913435310125351 5531.016073465347 6831.756530418992 206.0782883390784 198.731817856431 837.3479602783918 1.171949744224548 16.73363928496838 23.42459496110678 375.2248351350427 49.23682964593172 2673.05089957267 3183.578426487744 2528.927320197225 1394.917456746101 74.27390123158693 6.27235309034586 15.86603613197803 15.9159887060523 0.9046497344970703 53.37135209143162 514.8414594680071 0 0 0.1566901206970215 32.31577797979116 2.89007381349802 13.63388372212648 0.9661487638950348 0.3539789021015167 0.113569587469101 0.140262246131897 4.121030390262604 0 40.656245008111 30.50190311670303 0.3106980621814728 1.371183007955551 0 9.669854894280434 41.01199978590012 207.2524470239878 52.31887774169445 0 141.1875787749887 2377.088680334389 57.54372032731771 0.7391720414161682 14.45900077372789 0 0 0 6.841561183333397 20.14983695745468 63.56081826239824 6.225637868046761 38.14782493561506 18.32949755340815 0.5024309158325195 0.2341898530721664 0 0.2489923536777496
4.807595998048782 0.3325527980923653 15.15673802047968 1889.536604776978 18.0676991045475 62.95712016522884 90.7638158723712 29.97647444158792 1041.517259806395 2398.700928546488 7.183791734278202 4733.96037350595 4.266022369265556 44.06738376617432 252.6933705434203 0.8880545869469643 3.357779808342457 0.6153106912970543 1.35197551548481 6649.87791582942 11.85428547114134 0.4728184789419174 22.99331020563841 2248.783368356526 0.1972340196371078 4.491239294409752 8.643259547650814 3025.223474234343 121.0625275075436 20.60445894300938 0.7617958784103394 17.24295572936535 10.13775785267353 54.23496830463409 11.38420376181602 506.9192539304495 6.978515513241291 151.2605102881789 44.01572129130363 285.8696238175035 18.54103488475084 1.646816581487656 3.052942588925362 0.2444572746753693 0 0.2968740165233612 135.7849450111389 0.304331362247467 8.219729661941528 69.93237127363682 3.935986630618572 314.1227755993605 130.4683116748929 0.1795180439949036 56.97982388734818 0 1.869092680513859 2.607192382216454 0.4010860025882721 0 0 0 153.6801918894053 0 0.9599435180425644 0.5476713851094246 526.5964796543121 0 1.133040428161621 1.026617676019669 257.0492200031877 1.23640002310276 0.2830957174301147 0 0.1923921853303909 0 2.432622015476227 1.030945688486099 196.8405454158783 2.948174953460693 5.300215743482113 2.076690554618835 84.64293794333935 0.5109990686178207 0 0.1660523116588593
0.3671179711818695 1.288713350892067 1.835658900439739 18.0676991045475 171.3861638307571 1192.050433777273 30.85786893963814 56.16607817262411 76.8001796901226 73.31938000768423 78.23410289734602 185.4255043715239 36.19319237023592 12.08188292384148 2022.193123325706 0.1850606203079224 5.650817185640335 3.37366110086441 4.877913482487202 25.70856740325689 3.253861419856548 2.727236829698086 4.85357242077589 58.67208914458752 0.9075179696083069 13.48028660565615 9.356944121420383 17.66024136543274 228.2195419296622 14.40861865878105 1.878403663635254 204.4275985136628 3.285304859280586 1036.568568371236 8.173628970980644 276.9074017331004 27.91118554770947 636.7633716538548 82.78575876355171 3015.151354841888 295.6904003620148 21.42414224147797 15.39914324879646 0 0 0 1.06889408826828 0 0 0 0 1.32419365644455 1.11932872235775 0 0.3605968952178955 0.1377377659082413 0 0.3350669741630554 0 0 0 0 2.382477939128876 0 0 0 3.984861209988594 0 0.152963861823082 0.2012424618005753 1.699399426579475 0 0 0.1101695597171783 0 0 0 1.854486688971519 4.505708903074265 0 0 0 0.3976634740829468 0 0 0
23.76581534743309 0.3442423194646835 192.1942422315478 62.95712016522884 1192.050433777273 17562.45308776945 6100.688811674714 9436.9864442572 36.62346636503935 10139.09274223819 123.7490094527602 5044.71859600395 56.55657894909382 1177.718803703785 1559.012737669051 0.5239533260464668 107.1659972518682 11.39992365986109 22.14771822094917 223.0720617026091 50.37355567514896 0.6279337108135223 155.5843222439289 45.20702597498894 2.957356594502926 86.03154646605253 26.86247012019157 1222.746995724738 663.9564227648079 468.3572020605206 4.263960085809231 817.3804449513555 9.185636229813099 594.2227602675557 13.87489943951368 613.2720473557711 42.87104898691177 633.4467366784811 104.9343685433269 2963.74999884516 222.5981365665793 26.4441704750061 18.85477264970541 0 0 0.5507687851786613 0.3270987793803215 0 0 2.13653838634491 0.1260085999965668 0.7883383333683014 0.5860562920570374 0 10.12224651873112 0.1025708913803101 0 0 2.611245729029179 0.1025822386145592 0 0 0 0 0.3810813426971436 1.311592273414135 6.635899320244789 0 0.1043011099100113 3.086679816246033 1.911118760704994 0 0 0.3465692326426506 0 0 0.3804979026317596 1.091051906347275 5.69512977451086 0.1438114941120148 0.1190811097621918 0 0.5162316560745239 0 0 0.3292171955108643
1120.48850478977 0.9835254102945328 367.1609782651067 90.7638158723712 30.85786893963814 6100.688811674714 25676.22971121967 5182.277751646936 286.9785018861294 9461.159541890025 86.18463225662708 43.92158202826977 32.35319754481316 6522.996165148914 26.19345799088478 13.79702203720808 78.14710038155317 15.04941829293966 20.41662434488535 15.71827331930399 336.6194050610065 4.471850082278252 730.0164338052273 3073.364497214556 3.610855512320995 107.5563554987311 144.3076763302088 18732.82329537719 2111.600530698895 7248.664632506669 2.540135204792023 181.4088258966804 222.730308778584 748.144704580307 148.2675250470638 3202.010163538158 107.9398504421115 1602.064085401595 538.6306876763701 232.3809009492397 114.1425653398037 16.34707462787628 53.69935910403728 1.710681974887848 0.239523857831955 0.9503518417477608 28.6591979265213 0 9.631139390170574 248.6329572051764 5.853138469159603 288.844049833715 24.34089491516352 0.2194960415363312 10.17770965397358 0.08839999884366989 6.344301924109459 1.601862877607346 15.56820336729288 0.1219323873519897 0 0 11.09726352989674 0.8184725046157837 4.12844955176115 15.82447296380997 1000.773711465299 0 0.7600591704249382 19.46993569284678 802.2094930633903 17.33592987805605 11.04594937711954 0 0.1019177585840225 1.65802787989378 12.64689961820841 19.72908070683479 302.9191373288631 0.2238659113645554 18.37201782315969 4.625064462423325 46.43674030900002 1.773835882544518 4.621698275208473 3.529602855443954
532.1559843868017 0 597.1188912317157 29.97647444158792 56.16607817262411 9436.9864442572 5182.277751646936 11827.66564234346 2.809172689914703 3093.479679841548 77.92559806257486 389.3220243528485 34.49165053665638 14834.40567193925 43.0927220582962 0.7204796895384789 519.1620951667428 27.36492236703634 90.93226803839207 112.3116606101394 140.5810788348317 0.2988217175006866 609.9695052206516 44.74667936563492 1.534545011818409 216.2332975193858 58.92141650617123 509.0332003086805 1525.879248276353 3009.351287893951 1.947950601577759 189.3246336765587 12.65712866932154 348.4726981110871 8.42472680658102 525.3322537019849 55.47698464989662 342.7991469949484 89.40332995355129 540.4789433404803 62.61107049137354 19.47684379667044 8.674241043627262 0 0.1113805323839188 0.8300837501883507 0 0 0.09722241759300232 0.4248942583799362 0.1062191650271416 1.45986757427454 0.5658168196678162 0 0.5713023394346237 0 0 0 2.372496321797371 0.1049437299370766 0 0 0.1032042279839516 0.2248432189226151 0.8235071748495102 3.901702508330345 2.395802766084671 0 0.6369896233081818 12.71257129311562 3.576803185045719 0 0.8437916338443756 0.1934027075767517 0 0 0 1.5558160841465 2.21343932300806 0.1019731238484383 0.1932840794324875 0 0 0 0 0
0.5311054959893227 953.6782218590379 17.78669632971287 1041.517259806395 76.8001796901226 36.62346636503935 286.9785018861294 2.809172689914703 777.2454101517797 374.342035010457 9.553730614483356 279.9481146782637 97.88775099813938 4.768546186387539 663.6280069947243 62.1022441983223 6.199525572359562 0.8988131657242775 1.922827690839767 537.0940120667219 90.23047549277544 3518.091541074216 38.13264007121325 12239.50630101562 210.041704185307 14.54940254241228 1423.633215241134 1304.918758898973 21.95206656306982 107.4900500252843 5.263918228447437 3.501976408064365 3.661119408905506 14.16040890663862 8.515911296010017 150.3141013234854 16.97853787243366 49.48701693862677 10.63025300949812 232.974762186408 5.264600217342377 11.93176002800465 1.219190493226051 0.7565101310610771 4.00240471214056 2.380394496023655 119.9808318093419 0.8945199698209763 9.636308088898659 105.1604207828641 6.16333232074976 46.7601615190506 112.8490068390965 1.109217457473278 36.31287845224142 3.964515455067158 4.696026422083378 2.423021748661995 32.64019973576069 1.01094601303339 0.1723408550024033 0 88.3169529736042 16.49752540141344 3.245066113770008 8.161590248346329 1189.983821079135 0.6681944727897644 5.900944828987122 41.3973311111331 671.7586690559983 5.75972144305706 46.83680785447359 1.719357185065746 0.2593441233038902 1.269812032580376 1.962291516363621 3.362936094403267 71.1742747053504 2.090066581964493 12.71354810893536 3.586465306580067 28.02069897949696 0.7944235950708389 0.1218759939074516 0
87.3404755666852 0.4121553376317024 40.5296747982502 2398.700928546488 73.31938000768423 10139.09274223819 9461.159541890025 3093.479679841548 374.342035010457 58165.94583552703 224.5255393087864 3816.153030477464 71.58940371125937 1823.892143338919 85.58044324815273 0.9575938358902931 26.26683495938778 30.63148178905249 31.19611746072769 4334.713665939867 25.95009567588568 0 58.77371191233397 581.6609952449799 1.743066117167473 98.07788200676441 40.72364594787359 5493.365353703499 1216.098751567304 51.25938430428505 6.813956908881664 399.5386229157448 41.39179329574108 889.8100822493434 102.3316628709435 2616.833730645478 77.3262891843915 2189.044791705906 355.9889781996608 388.4363020062447 252.2190779596567 18.46740534156561 42.33859996497631 0.1181047484278679 0 0 78.21913427114487 0.4782574772834778 10.23067141324282 52.20308034867048 0.5780028104782104 228.0313107147813 74.39019497483969 0 79.67766930162907 0.214367002248764 3.343470089137554 1.367397248744965 1.895377941429615 0 0 0 77.071771889925 0.4449047446250916 0.5265710949897766 0.5064550936222076 425.7150935605168 0 0.09325271844863892 1.954446591436863 234.8000582158566 2.433754168450832 1.595471411943436 0 0.1113386899232864 0.2845658361911774 1.448582753539085 12.0853154361248 100.8503443971276 4.594023354351521 6.801485247910023 0.140946239233017 42.96642876416445 1.448668450117111 0.2671301066875458 0
2.229176536202431 126.8991056159139 28.11114568263292 7.183791734278202 78.23410289734602 123.7490094527602 86.18463225662708 77.92559806257486 9.553730614483356 224.5255393087864 15459.53145641834 69.02679609507322 2470.695453897119 113.8801268562675 0.315746858716011 0.2948147505521774 708.1293678060174 4286.340266980231 1210.31671102345 27.32895374298096 17.3574048653245 43.68575756251812 59.32132545113564 19.38683441281319 257.9299664795399 3119.299170948565 548.6689252853394 30.15758183598518 146.892519056797 57.49771849811077 460.4669709503651 323.6176341250539 14.11647678911686 7257.764236278832 8.667725324630737 585.1750340908766 4662.059139795601 4551.283691510558 743.7355418354273 37.09993281215429 18.01958001405001 613.7391258329153 7.252641431987286 0 10.78626102209091 0.3223917931318283 0 0.1283972710371017 0 0.2987458407878876 0.100582592189312 1.614940419793129 0.1126948222517967 174.7073545232415 0.09428351372480392 827.7626206204295 0.243136964738369 0 0.1309336125850677 0 0.6173568740487099 0 0 0 0.2277590334415436 0.164734736084938 1.436418674886227 152.5477944090962 36.02639845013618 119.4531859382987 0.1011151298880577 0.9459802508354187 0 114.156305976212 0.8007832914590836 0 7.681519955396652 6.432621970772743 5.89451839774847 249.8960195556283 13.33805620670319 0.3128040730953217 0 0.1738761067390442 119.6612239480019 0
0.6161151081323624 10.18595737218857 0.6276612356305122 4733.96037350595 185.4255043715239 5044.71859600395 43.92158202826977 389.3220243528485 279.9481146782637 3816.153030477464 69.02679609507322 8763.664683133364 25.32651552557945 243.8370737060905 1638.725103065372 0.3367595374584198 4.375155113637447 6.595880880951881 6.576065309345722 9732.370965324342 0.5412092506885529 24.14050541818142 1.01010400056839 566.4871927425265 2.348966702818871 18.83121780306101 24.56822991371155 937.0694275200367 112.0097877308726 1.924861170351505 3.16972179710865 168.382036074996 0.4610593318939209 202.1418796107173 14.65920242667198 419.7030014619231 24.07864341884851 339.2029830366373 32.36838054656982 2392.798056721687 46.44901993125677 7.626886762678623 4.777274772524834 0 0.2257550954818726 0 14.84762981534004 0 0.5962751507759094 5.317491441965103 0.7173516526818275 39.1918913424015 31.05804361402988 0 51.86992049217224 0 0 0 0.1981954127550125 0 0 0 49.31217865645885 0 0 0.2006410658359528 48.60679645836353 0 0.3299311101436615 0.7412108778953552 23.09295827895403 0 1.356653332710266 0 0 0 2.016517639160156 0.425033301115036 41.10677279531956 0 0 0.436842292547226 11.17272132635117 0.626107394695282 0 0
0.1800993159413338 1637.097831957042 10.14311183989048 4.266022369265556 36.19319237023592 56.55657894909382 32.35319754481316 34.49165053665638 97.88775099813938 71.58940371125937 2470.695453897119 25.32651552557945 4602.439562812448 28.28429342806339 2.567116156220436 13.49551109969616 11.45510295033455 33.0580138117075 13.86214653402567 11.32086343318224 40.26380892843008 332.328453540802 17.33453098684549 86.87904869765043 3335.957371115685 228.6376611143351 2672.182727515697 48.43032336235046 27.623245626688 18.72619535773993 795.1066346764565 124.7838822826743 1.526827707886696 1578.48791860044 114.090424105525 2077.713039137423 5141.555326774716 3912.190608218312 389.0690397471189 204.0475559532642 122.292124800384 2013.88430877775 14.75826049596071 0 42.00870893895626 0.3797327503561974 0.3806566894054413 0.09367495775222778 0.1428570002317429 0.4735694602131844 1.568903490900993 1.602066554129124 0.5625459030270576 664.2532898411155 0.5986956804990768 3186.571808435023 3.615365877747536 0 3.452324271202087 0.5187709182500839 3.106417745351791 2.574045203626156 0.2245345264673233 0.7173430919647217 3.159621261060238 1.228017032146454 10.28325805068016 656.0707231536508 215.4843108579516 786.1516108512878 7.656697869300842 1.181432403624058 4.186130218207836 377.8206289187074 1.248478569090366 0 45.10437825322151 67.04870310425758 568.8737871348858 657.5099348723888 67.1807921603322 1.723306126892567 36.99299826472998 1.870105683803558 514.8863505348563 6.370997726917267
5495.799340561032 0 479.4120219126344 44.06738376617432 12.08188292384148 1177.718803703785 6522.996165148914 14834.40567193925 4.768546186387539 1823.892143338919 113.8801268562675 243.8370737060905 28.28429342806339 17988.60394435376 2.459745243191719 1.136994168162346 581.5122296661139 30.30202995985746 102.2618178203702 107.5248106494546 145.7899764403701 1.815682962536812 727.7047898545861 67.41488388925791 0.3517309427261353 188.9419610500336 60.92060751467943 401.0723039060831 10121.59090530872 7748.241283722222 2.490363255143166 435.1381167918444 62.71000777184963 541.6399300172925 6.360308565199375 245.8511257022619 51.51265525072813 325.5280457958579 52.00624772906303 105.5147085785866 15.91845052689314 11.00795825570822 2.277579948306084 0 0.1096656024456024 0.4871155321598053 0 0 0 1.440431207418442 0.09721454977989197 1.819841109216213 0.6104946434497833 0 1.334377653896809 0 0.08101261407136917 0 2.698221147060394 0 0 0 0.2543717473745346 0.3012538403272629 0.1103822588920593 2.295088775455952 4.802710808813572 0 1.074880495667458 8.925081007182598 5.807457342743874 0 0 0 0 0 0 1.219177544116974 2.674185335636139 0.204387255012989 0.1949282437562943 0 0.8675936609506607 0.2610474824905396 0 0
0 34.32767102867365 2.013287231326103 252.6933705434203 2022.193123325706 1559.012737669051 26.19345799088478 43.0927220582962 663.6280069947243 85.58044324815273 0.315746858716011 1638.725103065372 2.567116156220436 2.459745243191719 263.5583366379142 0.928447499871254 0.3826375678181648 0 0.08850019425153732 282.6760328859091 0.2253877148032188 104.66593644768 0.6913411170244217 1396.808697260916 4.584095202386379 0.846793994307518 72.43712355941534 81.14722720533609 229.4388061910868 3.395094744861126 0.2204541563987732 281.2247170954943 0 97.81914470344782 6.335477977991104 249.4662402272224 1.850524388253689 1.854341506958008 0.2877760380506516 1031.591694578528 136.3790746480227 1.161718934774399 1.238899230957031 0 0.5529941767454147 0 6.792260617017746 0 1.433611989021301 2.938759624958038 0 17.25625295937061 6.06880085170269 0 8.297505289316177 0 0 0 0.2684673070907593 0 0 0 5.712394669651985 0 0.2576036155223846 0 15.69986067712307 0 0.3801247477531433 2.432172454893589 10.01108390837908 0 0 0 0 0 0 5.046760827302933 33.71251061558723 0 0 0 16.03899499773979 0 0 0
0.4969377368688583 27.76043978333473 6.060757383704185 0.8880545869469643 0.1850606203079224 0.5239533260464668 13.79702203720808 0.7204796895384789 62.1022441983223 0.9575938358902931 0.2948147505521774 0.3367595374584198 13.49551109969616 1.136994168162346 0.928447499871254 2172.425942994654 10.86467224359512 0.1179995685815811 2.146594330668449 0.1052195951342583 4378.460220187902 4132.705162085593 5667.727590955794 3791.616175636649 6.705310843884945 4.76342511922121 5747.204497538507 1638.496303983033 0.5556506589055061 43.40940820425749 0 0.0948333814740181 0.2584252804517746 18.72445330768824 24.07048303633928 1156.547116741538 524.2011048197746 280.2714058309793 395.1085135862231 61.53795848041773 1.316419899463654 8.581373572349548 8.113760493695736 0 11.62199077010155 12.12998329102993 0.1914430111646652 0 0.5501286536455154 34.49225348234177 1.111750908195972 27.38180065155029 1.870026648044586 0.1408816874027252 0 0 1.037706300616264 0 2805.505111455917 2.867532700300217 0 0.6855569630861282 0 323.1625504046679 970.7097959443927 1040.851735778153 332.2337995320559 0.6088053584098816 10.10646969825029 555.7276052460074 347.1452800706029 1.568776980042458 102.6326800137758 0 0 0.3136001378297806 4.989711716771126 2.115143172442913 64.00018187612295 6.200078539550304 9.777557753026485 5.061461210250854 2.043053843080997 0.1468396335840225 0 0.138616606593132
65.51120874285698 2.442459255456924 7967.747215114534 3.357779808342457 5.650817185640335 107.1659972518682 78.14710038155317 519.1620951667428 6.199525572359562 26.26683495938778 708.1293678060174 4.375155113637447 11.45510295033455 581.5122296661139 0.3826375678181648 10.86467224359512 1101.734463378787 603.4626491367817 7054.645404562354 1.313830815255642 855.6852973252535 10.18621703982353 4549.274708427489 39.5229636579752 1.919162794947624 3871.090223103762 4923.50852971524 90.72318858653307 920.3708945140243 1906.346681125462 1.16369865834713 31.06658975034952 151.1966504827142 5935.027077510953 28.63983947038651 1022.941712997854 2503.456381797791 3660.619226813316 719.1599519401789 27.87873306125402 8.181243509054184 9.802958220243454 4.753465048968792 0 11.46976754814386 108.9147374480963 0 0 0.1792331635951996 2.534956783056259 0.1243305951356888 3.697557151317596 0 0 0 0.712964154779911 0.4793190658092499 0 6.516883030533791 21.60189638286829 1.318632870912552 4.825113348662853 0 0.8941630870103836 7.351962968707085 13.83858360350132 10.08841459453106 0.1343514919281006 205.167335473001 514.6813945844769 8.932900696992874 0.293073445558548 1.810959666967392 0 0 0 3.219183877110481 5.740430369973183 17.86203415691853 2.037622399628162 10.97724930197001 4.141763843595982 2.509023010730743 0.423778772354126 0 0.9155957102775574
2.714405953884125 2.738100379705429 67.78491225838661 0.6153106912970543 3.37366110086441 11.39992365986109 15.04941829293966 27.36492236703634 0.8988131657242775 30.63148178905249 4286.340266980231 6.595880880951881 33.0580138117075 30.30202995985746 0 0.1179995685815811 603.4626491367817 1051.016861192882 4938.085211828351 4.471314132213593 13.2122186422348 1.209681637585163 44.62665754556656 3.048446357250214 5.646575391292572 5759.25485727936 679.095720872283 5.040461003780365 60.40212152153254 50.3818816319108 48.13276961445808 28.71803117543459 13.99125612527132 1117.589237727225 8.652392938733101 580.9695310816169 652.5026084035635 1333.819462187588 476.3315616324544 8.506968788802624 2.900306276977062 6.952007047832012 3.332775436341763 0 0.3653204068541527 1.154380485415459 0 0 0 0 0 0.1112460494041443 0 0.3898723646998405 0 8.131614096462727 0 0 0.2849468141794205 0 0 0.1417345851659775 0 0 0 0.4608432352542877 0.3654216900467873 1.433818593621254 8.246739223599434 29.15128513425589 0.2516683638095856 0 0 4.886281237006187 0 0 0.1172898635268211 4.941622778773308 2.434526816010475 0.8674095273017883 0.2459534257650375 0 0 0 0 0
10.66408871859312 5.104059815406799 393.9776253253222 1.35197551548481 4.877913482487202 22.14771822094917 20.41662434488535 90.93226803839207 1.922827690839767 31.19611746072769 1210.31671102345 6.576065309345722 13.86214653402567 102.2618178203702 0.08850019425153732 2.146594330668449 7054.645404562354 4938.085211828351 3085.681353732944 4.938024632632732 48.23407915234566 2.339223682880402 286.133114144206 8.254441328346729 4.994489639997482 5568.536620125175 2089.471238814294 14.39265270531178 192.2484228089452 234.6557656154037 2.623520337045193 24.09520535171032 36.111930295825 3186.749689899385 14.16098789870739 845.0407335236669 383.6321949884295 2228.078628793359 695.7289928346872 11.42133053392172 3.586722277104855 3.954206824302673 4.390546359121799 0 2.923635095357895 4.907193399965763 0 0 0 0.3002767711877823 0 0.2389010563492775 0 0.1124116852879524 0.1072602197527885 4.016886651515961 0 0 0.1561845690011978 6.384326137602329 0.3471483290195465 2.182348422706127 0 0.1079403385519981 0.5160264447331429 0.5479543507099152 1.360414572060108 0.3701034784317017 31.97240205854177 71.32819475978613 0.7537745460867882 0 0 1.454431906342506 0 0 0 9.858983561396599 4.73202108591795 0.5160156860947609 1.729742117226124 0.8565540909767151 0 0 0 0
4.739816181361675 1.289376072585583 2.10991994291544 6649.87791582942 25.70856740325689 223.0720617026091 15.71827331930399 112.3116606101394 537.0940120667219 4334.713665939867 27.32895374298096 9732.370965324342 11.32086343318224 107.5248106494546 282.6760328859091 0.1052195951342583 1.313830815255642 4.471314132213593 4.938024632632732 1926.876662895083 2.80602815747261 1.252573952078819 2.284484177827835 275.5750655531883 0.5602162033319473 7.37312475591898 5.27631913125515 2779.540737994015 95.11374125629663 3.140484057366848 1.281729616224766 48.37877220660448 2.99910207092762 104.7331200093031 24.21239588409662 467.0081392079592 8.638230860233307 255.2744418382645 46.19364047050476 424.1512413993478 36.31006138771772 4.47154688835144 8.013299599289894 0 0 0 83.385248221457 0.4762754142284393 6.659866623580456 24.26621241867542 3.233085244894028 201.3774461597204 84.85499879717827 0 69.82767629623413 0 1.076945960521698 0.3113245964050293 1.698068976402283 0 0 0 70.07268902659416 0 0 0 256.3295711278915 0 0 0.1199993938207626 123.8565152361989 0.3539726734161377 0 0 0 0 0.2346374541521072 0.2364627420902252 121.254656046629 0 2.723103359341621 0.6087270975112915 49.50903955101967 0 0 0
15.70553890615702 2.424645110964775 300.7172770351171 11.85428547114134 3.253861419856548 50.37355567514896 336.6194050610065 140.5810788348317 90.23047549277544 25.95009567588568 17.3574048653245 0.5412092506885529 40.26380892843008 145.7899764403701 0.2253877148032188 4378.460220187902 855.6852973252535 13.2122186422348 48.23407915234566 2.80602815747261 12038.66062808037 730.529049910605 13212.85283420235 672.8807170689106 3.640410393476486 36.14916834980249 551.0355871617794 4504.727534666657 150.6411025226116 11273.76741483063 0.2885425165295601 11.56610613316298 25.18300829827785 3639.566549964249 162.008890286088 7150.10903351754 1194.779641613364 5833.38684219867 3244.231842726469 338.888770930469 17.39452122151852 17.80227632820606 47.98588542640209 0 0.1312608569860458 1.319843664765358 0.2809115648269653 0 0 21.29893647134304 0.3981285095214844 90.05932939052582 1.951754227280617 0 0 0 1.117241635918617 0 530.4209856763482 0.3673498928546906 0.6614808887243271 0.4484708160161972 0 294.4740465804935 344.733789794147 96.76098687201738 577.374397970736 0 0.7630563899874687 27.81779067218304 672.9408612772822 1.240733779966831 183.9612895175815 0.2109289094805717 0 0.1105191484093666 18.287637129426 14.3559935092926 137.2807313427329 5.127632632851601 6.660243645310402 3.381458595395088 7.592767290771008 1.412265777587891 4.403851181268692 0
0.570208951830864 1762.761445209384 9.642942033708096 0.4728184789419174 2.727236829698086 0.6279337108135223 4.471850082278252 0.2988217175006866 3518.091541074216 0 43.68575756251812 24.14050541818142 332.328453540802 1.815682962536812 104.66593644768 4132.705162085593 10.18621703982353 1.209681637585163 2.339223682880402 1.252573952078819 730.529049910605 1211.224455364048 544.2690784111619 8237.308917708695 632.2301566153765 24.12351474910975 6365.815403312445 343.6018659174442 7.272199757397175 34.30173735320568 15.99854552745819 0.3844892457127571 2.977391004562378 9.255441211163998 1.732892222702503 58.24137896299362 36.89172361046076 31.42798061668873 19.10797481238842 19.56274702399969 1.185387350618839 57.99629770964384 1.244894742965698 0 26.08482141047716 33.19476468116045 0.1648233234882355 0 0.8584433048963547 23.64890906214714 1.127506583929062 10.73003306984901 0.2623385637998581 1.954333953559399 0 9.944232605397701 0.3083273023366928 0 1923.315350495279 3.973267197608948 0 0.6171453669667244 0 215.4698351994157 368.3474762290716 549.3642178177834 310.1803233101964 1.105317503213882 19.45781143754721 1337.005580641329 251.8777010366321 0.5701902955770493 100.741289652884 2.622654527425766 0 0.3374663963913918 1.061060838401318 0.2337175458669662 17.75669380277395 5.58048053085804 7.813481323421001 3.869328387081623 3.086447209119797 0 0.7578365802764893 0.3350625336170197
78.21562410145998 2.423798620700836 9012.186187788844 22.99331020563841 4.85357242077589 155.5843222439289 730.0164338052273 609.9695052206516 38.13264007121325 58.77371191233397 59.32132545113564 1.01010400056839 17.33453098684549 727.7047898545861 0.6913411170244217 5667.727590955794 4549.274708427489 44.62665754556656 286.133114144206 2.284484177827835 13212.85283420235 544.2690784111619 16974.82777968049 1007.511343352497 1.302041672170162 1124.82598850131 10703.99993984401 4175.981450386345 524.462986715138 7559.630763173103 2.109934106469154 27.72646908462048 56.95239739120007 5015.23570099473 275.9208832234144 10549.2168013975 4756.834566421807 11652.95895227045 8194.65985801816 660.2685036808252 29.89259596914053 24.28619446605444 67.95492680370808 0.1035199016332626 3.469506628811359 57.62413498014212 0.1414052844047546 0 0.3953990787267685 49.35021480917931 1.868227317929268 36.91896995157003 0.6729566752910614 0 0.1428688317537308 0.1345194727182388 1.566408254206181 0 1800.32573556155 2.083255842328072 0 0.447987288236618 0 161.0571069270372 488.4050362929702 1026.876317925751 283.3432790488005 0 7.285361856222153 1071.922146290541 218.543426990509 0.3410718813538551 56.44384318590164 0 0 0.1602435857057571 8.756328821182251 55.80398436635733 116.5595244318247 6.433584734797478 15.61600182205439 21.33479999005795 2.22998583316803 0 0.5216066837310791 1.47969776391983
10.35999079048634 645.2336473837495 95.72928602993488 2248.783368356526 58.67208914458752 45.20702597498894 3073.364497214556 44.74667936563492 12239.50630101562 581.6609952449799 19.38683441281319 566.4871927425265 86.87904869765043 67.41488388925791 1396.808697260916 3791.616175636649 39.5229636579752 3.048446357250214 8.254441328346729 275.5750655531883 672.8807170689106 8237.308917708695 1007.511343352497 18666.52877817303 120.8440010547638 38.06576739251614 3691.404061995447 9358.0202113837 357.6081526950002 1157.501002401114 1.970374241471291 25.37842190265656 94.6952218785882 262.2157341912389 84.6916631385684 2271.104440443218 125.9153169840574 677.5427576079965 315.8315715864301 572.2698723897338 62.05776130408049 37.75049647688866 28.55409751087427 6.050644747912884 11.32646951079369 17.22152201831341 191.4654631242156 1.474162310361862 28.0740647315979 508.2006340771914 15.91632907837629 1723.376411654055 196.5423827543855 1.150612540543079 64.18212313205004 2.559911012649536 25.41853074729443 6.502783440053463 355.7965188398957 2.725198835134506 0.5644641816616058 0.766926109790802 125.7898026332259 112.7027580067515 189.7298247441649 126.5795810222626 3741.921815983951 0.1483297944068909 6.980079814791679 183.8238080441952 3063.008242368698 46.08485240489244 127.6143156513572 0.2708595022559166 0.229960098862648 4.834439523518085 38.77574639767408 14.54259822517633 741.1095597073436 5.902858428657055 63.84887021034956 17.7400396168232 155.8026961609721 3.157900668680668 1.547462664544582 3.137736395001411
0 2650.285089373589 3.913435310125351 0.1972340196371078 0.9075179696083069 2.957356594502926 3.610855512320995 1.534545011818409 210.041704185307 1.743066117167473 257.9299664795399 2.348966702818871 3335.957371115685 0.3517309427261353 4.584095202386379 6.705310843884945 1.919162794947624 5.646575391292572 4.994489639997482 0.5602162033319473 3.640410393476486 632.2301566153765 1.302041672170162 120.8440010547638 1368.872626677155 38.63967955857515 3176.820365235209 8.81082234531641 0.5305715948343277 1.441429257392883 82.82437884062529 2.541769228875637 0 154.4099145680666 3.747672438621521 301.3245356976986 588.3960867524147 589.2735889181495 41.33544364571571 34.21039797365665 42.56786382198334 782.1359339356422 0 0 186.5127267986536 1.203941449522972 0 0 0 0 0.5552080273628235 0.5590770840644836 2.925175875425339 194.5542761459947 0 796.8403569087386 0.3478202819824219 0 0.8037670850753784 0.8458525687456131 0.8709162771701813 1.720517352223396 0 0 3.663869827985764 0.7077644094824791 5.118204832077026 154.4987074881792 190.2162358760834 797.4301761984825 0 0.974162682890892 0.1358961313962936 54.94229910522699 0.4879343807697296 0 21.12298934161663 7.410319149494171 118.8855731263757 220.5713748037815 32.2874146848917 0.2778313755989075 0 0.6567484438419342 94.23887315392494 0.1671661734580994
15.58632693439722 51.4769943729043 5531.016073465347 4.491239294409752 13.48028660565615 86.03154646605253 107.5563554987311 216.2332975193858 14.54940254241228 98.07788200676441 3119.299170948565 18.83121780306101 228.6376611143351 188.9419610500336 0.846793994307518 4.76342511922121 3871.090223103762 5759.25485727936 5568.536620125175 7.37312475591898 36.14916834980249 24.12351474910975 1124.82598850131 38.06576739251614 38.63967955857515 36117.86373457313 11069.89192920178 43.54702251404524 196.0192128941417 173.4356906712055 327.0269811674953 72.23611609637737 24.79084687680006 2136.705619670451 63.22200611233711 5437.874642297626 9787.814688816667 6000.201231010258 2304.983304224908 99.6830396130681 17.9515277966857 111.2644587084651 19.69430289417505 0 151.8561571314931 163.3364482671022 0 0 0.3410902172327042 4.77934230864048 0.3307657912373543 3.76974032074213 0.2933155596256256 23.49029472470284 0 806.3034558445215 0.7511581629514694 0 7.593592166900635 185.2712956294417 24.01664838194847 122.891358435154 0 1.892975509166718 17.10944572091103 11.98355405032635 14.18270070105791 493.4267058596015 2744.381064094603 5808.998315982521 11.00618890672922 0.3429103866219521 3.121588386595249 374.5528406202793 0 0 10.43264708667994 38.07130777835846 89.89099191874266 93.61091069877148 62.33052118867636 18.14786123484373 2.359383352100849 0 2.319397173821926 0.1138081923127174
7.814376495778561 5052.304103687406 6831.756530418992 8.643259547650814 9.356944121420383 26.86247012019157 144.3076763302088 58.92141650617123 1423.633215241134 40.72364594787359 548.6689252853394 24.56822991371155 2672.182727515697 60.92060751467943 72.43712355941534 5747.204497538507 4923.50852971524 679.095720872283 2089.471238814294 5.27631913125515 551.0355871617794 6365.815403312445 10703.99993984401 3691.404061995447 3176.820365235209 11069.89192920178 36106.4313827455 1574.766768470407 85.19609741866589 154.340356297791 649.6539046689868 28.55122055858374 13.48580805957317 1642.209242135286 161.642922654748 9138.193423524499 5923.678879953921 9022.275147780776 4922.253497064114 320.5822782218456 14.31374305486679 90.44011991471052 42.26852186769247 1.007315300405025 3197.34957125783 1901.668434746563 1.12613121420145 0.2890602052211761 4.379651263356209 188.5897627919912 14.4806642383337 39.13050148636103 6.04231795668602 42.39384131133556 0.552463173866272 1036.058608271182 19.70211006700993 0.4502393454313278 1551.99186450243 406.8511418998241 42.48245242983103 256.7633801028132 0.1464682072401047 87.50909756869078 1435.228485353291 1748.065907336771 276.393141888082 749.7461266964674 5810.610391817987 30968.05556868017 206.2100183591247 3.471421994268894 49.22456469386816 544.3606044054031 0.3426002413034439 0.869814895093441 46.45628791302443 78.61036048084497 345.8308173194528 185.0742267370224 305.2006016746163 109.5719213187695 7.346131004393101 2.496928036212921 6.10617058724165 2.488983869552612
35.3921073153615 10.63471692055464 206.0782883390784 3025.223474234343 17.66024136543274 1222.746995724738 18732.82329537719 509.0332003086805 1304.918758898973 5493.365353703499 30.15758183598518 937.0694275200367 48.43032336235046 401.0723039060831 81.14722720533609 1638.496303983033 90.72318858653307 5.040461003780365 14.39265270531178 2779.540737994015 4504.727534666657 343.6018659174442 4175.981450386345 9358.0202113837 8.81082234531641 43.54702251404524 1574.766768470407 30710.38113892823 688.320647507906 8226.230338826776 0.5968409776687622 61.99361711740494 113.276158452034 508.2693722397089 134.3363290801644 3600.407633543015 175.053761921823 1257.373395450413 592.9450232386589 177.7661905959249 73.96290012449026 14.89338807761669 41.62968239188194 4.377383731305599 0.4986320212483406 3.487742088735104 91.38837037235498 0.3118240982294083 13.32843794673681 240.2963718101382 6.302299879491329 663.4651660993695 87.86216173321009 0.2893442139029503 28.6553023532033 0 11.40050081163645 1.956335365772247 179.782786488533 0.6090943068265915 0.6437327861785889 0.2465166002511978 66.74417632818222 70.66959951817989 75.27797812223434 42.02853908389807 1966.266308479011 0 1.593920320272446 75.16400112211704 1649.903510935605 15.04783066362143 139.5780893564224 0 0.2777068912982941 1.805770084261894 24.58919851481915 13.54962358623743 342.8330859988928 5.592813104391098 20.0427950322628 9.050740465521812 50.82064641267061 2.276651382446289 4.516510702669621 0.7594400569796562
5370.456213787198 0.8595025166869164 198.731817856431 121.0625275075436 228.2195419296622 663.9564227648079 2111.600530698895 1525.879248276353 21.95206656306982 1216.098751567304 146.892519056797 112.0097877308726 27.623245626688 10121.59090530872 229.4388061910868 0.5556506589055061 920.3708945140243 60.40212152153254 192.2484228089452 95.11374125629663 150.6411025226116 7.272199757397175 524.462986715138 357.6081526950002 0.5305715948343277 196.0192128941417 85.19609741866589 688.320647507906 21422.10281641036 10004.67170376331 2.923418872058392 2339.827114783227 2169.98095612973 2200.548605903983 7.186549000442028 238.4501432180405 45.85816026479006 717.6106254160404 69.70507180690765 297.1587017774582 162.7367160394788 6.311372704803944 4.044351294636726 0 0.1520469337701797 1.652919828891754 0.3550523966550827 0 0 4.663549102842808 0 4.427895858883858 0.1619801819324493 0 0.4799520224332809 0.3228000700473785 0.09274264425039291 0 0.2140282392501831 0 0 0 0.5713062286376953 0 0.7757142931222916 0.1295141577720642 12.40049104392529 0 1.262991771101952 8.182695470750332 12.93249444663525 0.1165583729743958 0 0.09829925000667572 0 0 0 1.22498145699501 4.578182116150856 0 0.5333914756774902 0 0.08418042957782745 0 0 0
3358.039421729743 0.2097723633050919 837.3479602783918 20.60445894300938 14.40861865878105 468.3572020605206 7248.664632506669 3009.351287893951 107.4900500252843 51.25938430428505 57.49771849811077 1.924861170351505 18.72619535773993 7748.241283722222 3.395094744861126 43.40940820425749 1906.346681125462 50.3818816319108 234.6557656154037 3.140484057366848 11273.76741483063 34.30173735320568 7559.630763173103 1157.501002401114 1.441429257392883 173.4356906712055 154.340356297791 8226.230338826776 10004.67170376331 12053.45426173508 1.449117615818977 102.3174516558647 1029.37656596303 4513.594879098237 313.760757625103 5720.192930802703 266.7254509776831 4332.8013138026 1735.189169086516 137.0338747426867 35.47850342839956 6.9620171636343 65.37826896458864 0.1214101016521454 0.3141946196556091 0.9192573353648186 0.5758858099579811 0 0.6838317513465881 38.21642774343491 1.805388353765011 65.75667443871498 3.483297124505043 0 0.328431099653244 0.4242896437644958 0.6299173608422279 0.1672824025154114 28.69951098412275 0 0 0 0.5950474143028259 15.9559873342514 25.67173134535551 9.241929247975349 273.9049259722233 0 3.999030224978924 18.85231100767851 273.6307953745127 1.35775950551033 12.42451873421669 0 0 0.1710381209850311 7.765771239995956 23.16958926618099 139.7139706760645 4.131541095674038 6.287680551409721 3.349587008357048 2.974505789577961 0.6336081773042679 0 0.4231639504432678
