2628.498264051974 0.3678433522582054 43.56724026799202 2.115805983543396 0.09894751757383347 34.01417019963264 858.3427900746465 747.2877996712923 1.921317771077156 46.68068004399538 17.91141247749329 1.633829742670059 1.10586865991354 6588.729994744062 0 1.305615417659283 8.801801159977913 4.544297456741333 14.97100806236267 1.372567318379879 36.00331313163042 0.9217369332909584 70.43218893557787 41.37014970183372 0 6.060366950929165 36.78807200491428 76.34341330081224 4121.764564022422 2960.889450311661 0.6155025139451027 20.98048487305641 64.71219873428345 158.8839458525181 0.4676296263933182 83.81912647932768 6.914980664849281 206.9018311053514 39.36508389562368 4.531769916415215 2.568480715155602 0.2723790407180786 0.2159222587943077 0 0.3361906409263611 0.7658443599939346 0.1356018930673599 0 0 0.5253830254077911 0 2.921629182994366 0.2709347307682037 0 0 0 0.597634345293045 0 4.269386447966099 0.1402888745069504 0 0 0 6.828417412936687 0.5186785534024239 1.119803555309772 10.07563223689795 0 0.2356327325105667 2.517014257609844 12.04957176744938 1.278385952115059 0.8327267467975616 0 0 0.4053696095943451 0 0 2.129862882196903 0.1002402678132057 0.7525870874524117 0 0 0.3169106841087341 0 0
0.3678433522582054 315.990764118731 312.1907267123461 0.3289086818695068 0.3967522606253624 0.6489876210689545 5.302624098956585 0.1090757474303246 632.7662407904863 1.434994250535965 18.44923809170723 6.752554312348366 1723.900228515267 1.028219521045685 18.47634771466255 72.51206229627132 50.93489024788141 19.74855123460293 56.92219906300306 0.8532940894365311 18.61975055932999 3591.758716419339 32.75633121281862 714.553179346025 4371.362822875381 343.9639141112566 8082.822803400457 15.00893840193748 0.9002967700362206 1.944948494434357 24.19578604400158 0.1847998276352882 0 59.47699321061373 1.704217523336411 86.85975631326437 63.58902311325073 96.81877955794334 52.52734926342964 35.12457979470491 0 99.22331155836582 0 0.2499128133058548 363.1242046877742 112.579923979938 0 0 0.1299602538347244 0.3868311941623688 0 1.50353180617094 0 2.13718144595623 0 15.32062350213528 0 0 0.6501188278198242 75.64593257755041 0.8435674905776978 34.38760704547167 0 0.9232567474246025 30.82927542924881 7.561217419803143 3.413547433912754 27.12527397274971 203.0614933744073 712.4767636880279 1.721357457339764 0.1218608617782593 0.745217002928257 1.058921009302139 0 0 11.59663224220276 1.778821185231209 50.31492123752832 10.24497718364 38.64900959283113 18.31086537241936 1.306701630353928 0 1.763500094413757 0.7667692303657532
43.56724026799202 312.1907267123461 15517.10186289251 0.5603178143501282 0 24.58474913984537 1090.346162378788 62.87254003435373 9.119787596166134 38.36502739042044 35.60880848765373 0.236691065132618 23.3043921738863 155.3484402373433 0.3570499569177628 30.78982795029879 5672.365912608802 27.47711781412363 774.2863652259111 0.104910284280777 1716.590060129762 54.33369328826666 23892.19840946048 118.1410373747349 1.295095309615135 11134.85156374425 16711.89239721 610.4332375079393 64.91944041848183 1939.998596638441 26.41138734668493 1.554754726588726 6.191406071186066 894.498799495399 38.12097270041704 3916.965503893793 6066.200266771019 3466.039804585278 2804.369544744492 99.32998000830412 3.352650292217731 117.5245822519064 8.100342646241188 0.4348730370402336 1509.590045556426 1790.404055535793 0 0 0.3570611551403999 13.62366250157356 2.03844477981329 2.624008797109127 0.5795624405145645 4.95506240427494 0 3.852358058094978 4.973855815827847 0 11.10606894642115 753.0135280936956 2.214943677186966 126.6123755127192 0 17.52533796429634 678.2649784833193 161.9270275458694 10.40476854890585 6.706599421799183 962.1633428782225 4323.864740088582 10.72066978365183 1.729902058839798 11.70016498863697 0 0 0 91.93165042996407 13.99136380851269 505.9141763746738 61.45426749438047 388.6214571818709 146.308624021709 14.77156846225262 1.025064289569855 0.3507682532072067 1.067493498325348
2.115805983543396 0.3289086818695068 0.5603178143501282 2196.63016320765 0.8169632852077484 75.2846242710948 294.6693595424294 55.07455837726593 956.8436508700252 3686.428068853915 3.194450527429581 5072.153770118952 3.692067660391331 26.8405427634716 53.52419616281986 0 0.3976508677005768 0.8158760368824005 0.870775580406189 3698.832797303796 0 2.806115299463272 0.3564840257167816 2931.223130226135 0 0.5429516956210136 3.519573658704758 3387.557030774653 31.66506205499172 0.9131442755460739 0.1940044835209846 6.463902249932289 1.820374928414822 26.42604847997427 0.3962729573249817 499.3412141948938 1.519630059599876 59.5591939240694 10.56511162221432 647.7160523533821 8.868665546178818 0 0 0 0 0 123.6284896954894 0 16.93580912798643 62.53883983939886 21.75264938175678 72.18654552847147 73.11031931638718 1.223360493779182 37.81421822309494 0 11.49672625213861 0 0 0.09549224376678467 0.3500815331935883 0 43.32140830159187 0.2372990697622299 1.094857215881348 0 363.8811521306634 0 0 0.1293973326683044 197.2804180383682 6.71847578138113 1.060116991400719 0 0.9103813245892525 0.5776519924402237 9.993629693984985 0 41.77924456447363 0 12.92672330886126 0.5107837915420532 110.9036459922791 0 0 0.1845722943544388
0.09894751757383347 0.3967522606253624 0 0.8169632852077484 11.66111755371094 66.88821859657764 1.574023000895977 1.021664679050446 30.14607888460159 2.485665537416935 8.993200249969959 19.31651788204908 1.397969350218773 0.5826229825615883 649.6934354454279 0 0 0.6380501314997673 0.3135804682970047 0.9793321192264557 0 2.00959886610508 0.1602802723646164 7.754909418523312 0 0.2323343679308891 0.1565713733434677 1.938669554889202 0 0.3110949993133545 0 19.39523484557867 0 102.2928434535861 0 6.879073515534401 0.7979540824890137 78.23449413478374 3.938897430896759 2038.679839365184 47.86046107113361 0.8275787681341171 1.344554424285889 0 0 0 0 0 0 0.5088711380958557 0 0 0 0 0 0 0 0 0 0 0 0 0 0 0 0 0.2927105575799942 0 0.3826195895671844 0 1.074200987815857 0 0 0 0 0 0 0 0.1124948933720589 0 0 0 0 0 0 0
34.01417019963264 0.6489876210689545 24.58474913984537 75.2846242710948 66.88821859657764 17934.27150546014 5201.028822645545 8214.42690461874 37.9453055113554 12024.50857070088 136.9444279447198 2671.796203657985 44.65835644304752 1056.941890321672 391.8687831163406 0.4827550202608109 3.799711331725121 16.60539544373751 25.70740678161383 252.0758534371853 27.17135408520699 2.808889962732792 28.14655267447233 335.7023790553212 0.2044271230697632 11.87912590056658 27.06684844940901 1124.203647531569 335.1590816900134 260.0217192992568 4.329704426229 598.8993582502007 19.88330648094416 705.0649058744311 5.488761052489281 463.3959506973624 21.53086335211992 641.3891468495131 60.57918994128704 2175.395569317043 465.1505535542965 13.08589451014996 15.36601477116346 0.1582301557064056 0.5266008451581001 1.60484229773283 19.03341687470675 0 6.298191606998444 45.46060570329428 11.64002622663975 21.94857716560364 17.93408151715994 0.1903549581766129 3.795040249824524 0.104401022195816 11.59248122572899 0 4.433552622795105 0 0 0.1111233904957771 6.797655671834946 4.482135877013206 2.162263818085194 0.7375742569565773 206.6708657220006 0 0.9222284108400345 3.188327215611935 144.8364846631885 10.95601683855057 3.662216410040855 0.2450045198202133 0.2238994687795639 0.2033166438341141 7.75781611353159 0.5724159181118011 30.66706919670105 0.8846078217029572 14.46245359629393 0.8630562871694565 7.20863164961338 1.299821689724922 0.427768811583519 0
858.3427900746465 5.302624098956585 1090.346162378788 294.6693595424294 1.574023000895977 5201.028822645545 17878.83516579121 2272.964216433465 246.424791187048 14214.98075707257 83.65526562184095 42.90740772336721 10.9691583737731 7408.847419463098 47.92596916854382 18.24610829353333 19.21360763907433 16.29245490580797 31.69021639972925 379.5514920577407 1435.545354060829 79.40651665627956 1150.807475306094 2266.847170375288 0.7484387531876564 38.78085689246655 544.1428468599916 24759.52591773868 1693.308655507863 5582.375323019922 2.811308369040489 86.65568495541811 263.677665412426 792.0740459337831 21.76038964092731 3580.645662628114 122.4873951822519 2080.592425920069 481.8289213702083 222.3450195416808 148.4213505089283 3.97209195047617 13.01640578359365 3.104595802724361 2.048081062734127 18.80184070020914 120.0018455609679 1.571936771273613 47.19245812296867 337.6986568719149 79.72568387538195 149.0341290384531 164.7488435134292 11.33884520083666 20.39749035984278 0.3379874527454376 96.43180797249079 4.225641660392284 48.33268081396818 2.206374011933804 1.363816261291504 0.6358771175146103 65.52259746193886 54.63149669766426 32.04119305312634 16.93845268338919 1341.537467934191 0.2646392285823822 3.559172831475735 50.93195775896311 963.3570344746113 69.54067374765873 33.8671784773469 0 5.567794889211655 1.962747104465961 36.94261609762907 14.67980065196753 215.8513268306851 3.838595815002918 82.85645906627178 7.873591311275959 33.09984546899796 5.596355386078358 0.3922240883111954 0.3677299171686172
747.2877996712923 0.1090757474303246 62.87254003435373 55.07455837726593 1.021664679050446 8214.42690461874 2272.964216433465 11635.9089030996 33.32472156733274 2013.964753977954 65.99291755259037 736.0341322943568 10.10727287828922 8013.434469997883 271.5716547593474 1.508846737444401 9.761188596487045 8.760330349206924 19.48078293353319 138.9535617679358 53.24877055734396 1.320506535470486 98.65809334814548 392.596702940762 0.2220320701599121 8.480018936097622 37.74611227214336 545.0631230697036 1450.311280123889 1675.272572577 2.462283879518509 688.6972922161222 32.22516602277756 328.3637660369277 0.7273762449622154 203.6275003403425 15.30560223758221 328.7674784362316 54.30757554620504 608.8055970817804 57.88815736025572 2.074697390198708 0.6862326338887215 0.6823887377977371 0.1326082497835159 0.8182601183652878 7.356414437294006 0 4.141168542206287 45.5536772981286 14.18326769024134 19.15462686121464 10.21288701146841 0.386308029294014 0.6368585973978043 0 8.226459681987762 0.6405724585056305 9.048534974455833 0.1092950254678726 0 0.2394914403557777 4.210359081625938 10.19007293134928 3.967792004346848 1.665415912866592 183.5304684638977 0 0.2580772042274475 2.358028993010521 147.246914498508 14.91713346540928 9.919236898422241 0 0.3331504166126251 0 7.794583812355995 0.3041600286960602 31.93124890327454 0.3387733995914459 10.33005432039499 0.7756974846124649 8.299890510737896 0.4699486345052719 0.5462110340595245 0.3249852955341339
1.921317771077156 632.7662407904863 9.119787596166134 956.8436508700252 30.14607888460159 37.9453055113554 246.424791187048 33.32472156733274 1297.276334919035 483.7498348727822 4.889444187283516 239.8320703357458 18.74353024363518 18.65500546246767 556.0325050204992 130.9343887716532 2.601232156157494 0.8911793604493141 3.092568680644035 465.9637091755867 100.4239452257752 4098.558528199792 23.40413696318865 14535.71355787665 91.97131645679474 14.21280216425657 439.4895722568035 1018.818884342909 36.73734835535288 40.95269490033388 0.7828669473528862 3.443262211978436 10.78278471529484 26.48852474987507 0.5135307013988495 67.44380294531584 4.148688077926636 34.16196607798338 6.97846332192421 470.6512173265219 0.9392869770526886 0.4767041876912117 0 1.285660594701767 1.436578139662743 2.793864823877811 80.4496434032917 0 13.5130555331707 142.2793828770518 19.82398401945829 115.3313439562917 60.7317533493042 1.4181904271245 19.59321570396423 0.234977662563324 18.82956043630838 1.167032718658447 190.5484684705734 0.9559012278914452 0.3111967295408249 0.7133561819791794 24.24918401241302 108.6723529845476 33.29415845125914 19.05047798901796 1610.091431036592 0 3.398333549499512 9.131503410637379 580.5102128610015 28.00630494207144 9.203784793615341 0.1918983310461044 0.837816134095192 1.320559777319431 9.181867830455303 0.7549863085150719 60.17616505920887 0.6715039610862732 20.97849957644939 2.112779997289181 87.79539224505424 2.119679972529411 0.186833918094635 0
46.68068004399538 1.434994250535965 38.36502739042044 3686.428068853915 2.485665537416935 12024.50857070088 14214.98075707257 2013.964753977954 483.7498348727822 37876.5555556044 183.9605615511537 7687.545975476503 28.72179573774338 1343.5846221596 52.023870408535 1.377421513199806 12.49866942316294 43.19208697229624 73.31787798553705 3251.122806861997 30.77149149775505 5.692477710545063 46.2880317568779 1609.767426595092 0.230219878256321 28.28445729613304 79.14356426894665 6728.892376989126 1244.600496962667 70.07514227181673 7.644419193267822 168.6225041747093 33.98953246325254 891.8644381612539 9.929665192961693 2270.417686469853 53.02847377210855 1966.177611015737 181.4287483617663 496.2680173814297 179.3977257981896 6.74103507399559 15.00666882097721 1.109977178275585 0.2213790193200111 0.716185100376606 177.3677026927471 0 38.81037402898073 204.8517927080393 44.98970464617014 95.87907884269953 201.5951661765575 4.695359073579311 50.6970708668232 0 48.24731758236885 5.025532811880112 2.864756606519222 0 0 0.21598731726408 84.70681723952293 8.662229806184769 2.857265114784241 2.032838821411133 877.2339906096458 0.1053800359368324 0.9622499644756317 3.067211374640465 527.5386167094111 27.1224814504385 7.851756222546101 0 2.297690510749817 0.9446240067481995 15.36602111905813 4.346244275569916 76.20168590545654 2.118913866579533 36.50900644809008 4.984314315021038 113.7798754647374 2.824537247419357 0.1060589030385017 0.3146122694015503
17.91141247749329 18.44923809170723 35.60880848765373 3.194450527429581 8.993200249969959 136.9444279447198 83.65526562184095 65.99291755259037 4.889444187283516 183.9605615511537 18024.71609199047 59.22128007560968 1931.102362394333 182.9670272767544 15.26541707664728 0.2465972751379013 1072.915860250592 8102.066922985017 3502.706040948629 18.60455488413572 23.10867669433355 2.759228967130184 188.1526877209544 65.39866452664137 65.04001043736935 1899.932347685099 415.9642009362578 99.37361651659012 244.079416193068 101.7941405251622 380.6989647597075 156.1698655188084 1.550138972699642 9141.880786910653 11.26765123009682 816.1905382573605 6292.385887816548 5828.543196566403 1232.242937013507 214.8764734193683 7.482247076928616 1330.461561799049 3.004677593708038 0.5210466310381889 13.1589323580265 1.003436714410782 0 0.267178863286972 0.2752781957387924 3.38912695646286 0.2391188144683838 4.341184884309769 0.6100532114505768 372.3664970844984 0 1114.469922371209 1.175576195120811 0 0.5434989482164383 0.5905357003211975 7.836426466703415 5.019923701882362 0.989019051194191 0.4638988077640533 4.974098809063435 0.5109257847070694 27.99129011482 116.5006271824241 168.392230398953 232.2929310426116 19.75703148543835 1.656404316425323 0.9394363835453987 72.44527672231197 0.7173353135585785 0.1237469539046288 81.80005842447281 0 14.57918696850538 245.8572381138802 17.32437951117754 2.291171625256538 0 0 212.3926719352603 0
1.633829742670059 6.752554312348366 0.236691065132618 5072.153770118952 19.31651788204908 2671.796203657985 42.90740772336721 736.0341322943568 239.8320703357458 7687.545975476503 59.22128007560968 7803.853714443743 5.043560497462749 144.7961174324155 922.6076248660684 0 2.486474215984344 12.62209522724152 17.2835363522172 5919.238789513707 0.1100532859563828 29.08481667935848 0.5073279589414597 314.2666845545173 0.9480263367295265 6.057923927903175 14.26686511933804 1136.157927893102 146.0776729881763 5.321784399449825 2.144691362977028 88.46625605970621 0.0720270499587059 206.851849399507 0 306.9259080588818 5.971985414624214 196.2525902241468 4.40696258097887 1779.828106865287 11.95985642820597 1.13484100997448 0.617904931306839 0 0.201762467622757 0 85.67465298622847 0 9.641804412007332 4.434874229133129 3.895564675331116 12.00628632307053 68.3894000351429 0.4358770772814751 350.469295412302 0 3.652973704040051 1.065266981720924 0 0 0 0.4803657382726669 52.83722791075706 0.1129323616623878 0.1652550995349884 0 25.67293146252632 0 0.4204488322138786 0.1429861485958099 30.52645464241505 0.566766157746315 0 0 0.1018214002251625 0 0.6628796458244324 0 9.653575450181961 0.1064165234565735 2.465346597135067 0.1408457159996033 28.20762803405523 0 0 0
1.10586865991354 1723.900228515267 23.3043921738863 3.692067660391331 1.397969350218773 44.65835644304752 10.9691583737731 10.10727287828922 18.74353024363518 28.72179573774338 1931.102362394333 5.043560497462749 7479.585327640176 7.71985425055027 4.780877746641636 2.407855182886124 3.383257009088993 66.25900338590145 19.87678144872189 2.224695049226284 4.732207879424095 237.402777723968 12.22475459426641 39.11093937605619 6639.157342016697 125.6181805804372 3456.168289713562 29.16741267591715 10.69480081647635 5.544908590614796 1128.715120963752 21.22180578112602 0.1739791035652161 1656.481531910598 19.92262297868729 2408.892618514597 5624.639306813478 3600.710466191173 447.9396343752742 189.3045867085457 303.2252402678132 2823.230018973351 12.08667344599962 0.3647234290838242 123.2368241772056 0.6170545816421509 5.569229982793331 0 0.7633920907974243 4.615291230380535 1.621176548302174 3.067032590508461 4.67169551551342 1790.210066705942 6.625503249466419 6845.253034837544 2.436579465866089 0 0 5.08720637857914 52.634312748909 78.0621392801404 0.1581213027238846 0 24.34524276852608 0.3851401656866074 18.18731576949358 1586.078508853912 1006.455174826086 2177.079403884709 6.670685231685638 1.446652561426163 0.09417401254177094 458.7503302171826 1.496069140732288 0 450.6229088455439 1.141338914632797 269.5624859705567 888.3733780384064 154.8946260884404 18.39735952019691 67.75745533406734 3.776236668229103 694.7953657284379 0
6588.729994744062 1.028219521045685 155.3484402373433 26.8405427634716 0.5826229825615883 1056.941890321672 7408.847419463098 8013.434469997883 18.65500546246767 1343.5846221596 182.9670272767544 144.7961174324155 7.71985425055027 16206.38003641367 14.16138222068548 5.383369326591492 39.97595597803593 27.18637301027775 79.96419180184603 64.84965577721596 131.9259646609426 2.83211825042963 265.6788821667433 347.6086852326989 0.3799762278795242 30.95312989503145 122.9488139674067 537.8013292327523 9965.802608698606 5429.04591896385 6.42376583814621 680.1176995038986 69.5414252653718 1009.892396591604 0.9811005666851997 363.1583023890853 32.80698494613171 699.2415850833058 124.7336070761085 79.50058639794588 15.91301540285349 0.5627731382846832 1.282951444387436 0 1.040352337062359 4.118660315871239 9.526003062725067 0.6108311414718628 3.674430437386036 26.07220970839262 8.238655582070351 17.97955154627562 7.976252526044846 0.4125989228487015 0.4907075613737106 0 5.275415889918804 0 14.38444928079844 0.5477659702301025 0 0.6379712894558907 2.813542857766151 23.2358683347702 5.230150796473026 3.894829250872135 146.2690471932292 0 1.622228600084782 8.311169609427452 118.9505883976817 10.64051026850939 9.910188965499401 0 0.1220186874270439 0.315442368388176 3.063895598053932 0.4137591421604156 29.98106244206429 0.2519168257713318 10.62393274158239 1.519098550081253 2.482353754341602 0.8493942320346832 0 0
0 18.47634771466255 0.3570499569177628 53.52419616281986 649.6934354454279 391.8687831163406 47.92596916854382 271.5716547593474 556.0325050204992 52.023870408535 15.26541707664728 922.6076248660684 4.780877746641636 14.16138222068548 278.1434913426638 0 0.2550989240407944 0.990250825881958 3.80127777159214 69.73626761138439 0.3168264329433441 92.98226245492697 0 637.3336009308696 1.557923495769501 1.329298436641693 18.1879141703248 128.1530076339841 30.46829782426357 55.81313519179821 0.2808246314525604 79.28900504112244 0.08634962886571884 67.39006060361862 0 12.16394619643688 2.106736160814762 48.10434654355049 2.547015689313412 773.7054054662585 12.47533658146858 0 0.1500936895608902 0 0.2650936469435692 0 0 0 1.423229426145554 5.832647919654846 1.457200929522514 7.650337740778923 0.130755141377449 0 0 0 1.300087869167328 0.1821805238723755 1.999721817672253 0 0 0 0 0.921798050403595 0.3515790551900864 0 41.12154502421618 0 0 0.7305309846997261 26.41884945333004 2.975202463567257 0.6004427671432495 0 0 0 0.1715541183948517 0 8.220864243805408 0 1.798589482903481 0 4.753037184476852 0 0 0
1.305615417659283 72.51206229627132 30.78982795029879 0 0 0.4827550202608109 18.24610829353333 1.508846737444401 130.9343887716532 1.377421513199806 0.2465972751379013 0 2.407855182886124 5.383369326591492 0 5247.605336263776 5.38774111866951 0.3628351613879204 1.015875793993473 0 4340.030627757311 5397.606286339462 5308.841458164155 3429.865820713341 6.736380949616432 6.815718069672585 3501.908276282251 1315.529585145414 37.61250582337379 83.24741629511118 0 0 17.13736031204462 31.10942400991917 14.67836461216211 2753.278814792633 781.3999262675643 245.5371952578425 310.3418853059411 24.88296853005886 0 3.262661591172218 10.97200052440166 0.9969437047839165 3.106146857142448 56.3392933011055 0 0 0.2038648426532745 7.59403583407402 1.473130203783512 63.69921075552702 0.1593098789453506 0 0 0 3.712003648281097 0.1230688691139221 3976.675872184336 4.106325812637806 0 0.869672529399395 0 607.5283547341824 2376.51044806093 1890.860863789916 222.1053346917033 0 2.129927337169647 913.32008638978 235.6352283582091 20.8014010861516 25.04423462599516 0 0 1.006254136562347 10.77791117876768 2.251695886254311 192.5617636889219 34.1666522398591 63.37602813541889 39.52992409467697 10.49621623754501 0.8285911157727242 0.9704824090003967 0.8391020596027374
8.801801159977913 50.93489024788141 5672.365912608802 0.3976508677005768 0 3.799711331725121 19.21360763907433 9.761188596487045 2.601232156157494 12.49866942316294 1072.915860250592 2.486474215984344 3.383257009088993 39.97595597803593 0.2550989240407944 5.38774111866951 2094.472867280245 110.5305694267154 4187.104576691985 1.339081302285194 737.0570780411363 17.61727825552225 5338.020032003522 12.36333806067705 2.313973292708397 4896.56773442775 7078.704148814082 19.57641959190369 39.75363766402006 498.9172062948346 5.930711284279823 1.981707841157913 2.545886531472206 3785.156913399696 5.872548013925552 750.1290440559387 1955.996315427125 1074.894280605018 419.8059126213193 8.580156102776527 0.1379384249448776 18.13375994563103 2.935873344540596 0 199.1220838427544 116.0827003344893 0 0 0 0 0 0.400637149810791 0 0.6904318109154701 0 1.262332513928413 0 0 1.348498128354549 143.1056443676353 1.860848277807236 111.6544850096107 0.1984431445598602 0.2440072223544121 14.19083425402641 2.842213861644268 0.9042547643184662 4.093661293387413 586.5622824952006 816.889914393425 1.353781789541245 0 0.5072780400514603 0.6618701815605164 0 0 9.075788296759129 2.002211198210716 69.04653182625771 14.01825547218323 47.17740984261036 15.9737683236599 1.200945794582367 0 0 0.1743777543306351
4.544297456741333 19.74855123460293 27.47711781412363 0.8158760368824005 0.6380501314997673 16.60539544373751 16.29245490580797 8.760330349206924 0.8911793604493141 43.19208697229624 8102.066922985017 12.62209522724152 66.25900338590145 27.18637301027775 0.990250825881958 0.3628351613879204 110.5305694267154 219.4375373274088 1659.213002637029 4.60974432528019 6.484642267227173 5.942754946649075 39.23378776758909 12.63320001214743 106.6819868460298 4141.544011101127 761.125125810504 18.02797419577837 24.348055370152 15.4254147708416 199.7114835381508 15.45378443598747 0.2757320255041122 524.7886803671718 7.002394296228886 656.9013381972909 1074.253067202866 1494.732967853546 527.4602601230145 32.36936771869659 1.193714454770088 8.113175615668297 1.029570892453194 0 13.49225857853889 0.3148621618747711 0 0 0 0.1139938831329346 0 0.1349988579750061 0 41.02799265831709 0 165.7160757407546 0 0 0.1042508706450462 1.897339634597301 19.6432173922658 37.29543482512236 0 0.409085750579834 1.55381216108799 0.1325736790895462 2.05923206359148 18.07060503959656 352.3758914172649 498.1645531281829 1.786228604614735 0 0 35.68731290102005 0 0 5.331022150814533 0 6.48259774595499 51.45407328009605 18.18778273463249 1.250452883541584 0.1644288301467896 0 0 0
14.97100806236267 56.92219906300306 774.2863652259111 0.870775580406189 0.3135804682970047 25.70740678161383 31.69021639972925 19.48078293353319 3.092568680644035 73.31787798553705 3502.706040948629 17.2835363522172 19.87678144872189 79.96419180184603 3.80127777159214 1.015875793993473 4187.104576691985 1659.213002637029 2157.898827172816 6.983767881989479 69.47346196323633 15.65849832445383 786.7025059834123 20.72530055046082 53.24945939332247 4426.183381155133 1342.634690307081 34.65147363394499 75.96538678184152 154.3932095915079 32.35415614396334 19.74391573667526 1.960130341351032 4578.800360552967 18.2114620283246 1442.710861288011 1260.730339750648 2645.886827733368 736.4766561761498 41.24616051465273 1.818331174552441 10.23170480877161 2.631359905004501 0 105.4204214736819 3.922527760267258 0 0 0 0.6154783293604851 0.408133365213871 1.13563884049654 0.2450165972113609 22.30900596827269 0.1125970706343651 84.13694116473198 0.2329993844032288 0 0.8805812299251556 14.66331265121698 22.36243546009064 161.6975305899978 0 0.5452201142907143 3.029544182121754 0.7724069505929947 7.531185440719128 26.79716619104147 754.5104627758265 938.7817493975163 3.732522048056126 0.4167261570692062 0.5332427769899368 21.32570237666368 0.1593457758426666 0 12.55243741720915 0.7987781763076782 26.16461788117886 45.71994235366583 33.1341692879796 4.186966970562935 0.9104011058807373 0 0.4982440769672394 0.1206960529088974
1.372567318379879 0.8532940894365311 0.104910284280777 3698.832797303796 0.9793321192264557 252.0758534371853 379.5514920577407 138.9535617679358 465.9637091755867 3251.122806861997 18.60455488413572 5919.238789513707 2.224695049226284 64.84965577721596 69.73626761138439 0 1.339081302285194 4.60974432528019 6.983767881989479 772.4392092004418 0.4384432733058929 2.336166210472584 0.5387061014771461 563.9658111259341 0.09555023163557053 3.150902904570103 5.400157205760479 1506.063439011574 83.39302816987038 4.010222241282463 0.5760253891348839 14.14637792110443 0.6707663536071777 81.9111495912075 0.1562748402357101 486.8766517415643 7.261221148073673 157.72956443578 11.57002126425505 722.4899170771241 19.91358779370785 3.564843781292439 2.403613820672035 0 0 0 61.41496530175209 0 11.35716194659472 32.40757418423891 7.943044528365135 28.82376712560654 42.68089126050472 0.1184999197721481 9.837713748216629 0.1772396713495255 8.64897882938385 0 0 0 0 0 11.83746938407421 0.9466167092323303 0 0.4380378723144531 170.3284563347697 0 0.1356519609689713 0.8563378974795341 106.0075903534889 1.185738861560822 0 0 0.2996597588062286 0 4.006714515388012 1.192093431949615 18.29877416789532 0 7.120518296957016 0.1909154653549194 41.44077599048615 0.6645901203155518 0 0
36.00331313163042 18.61975055932999 1716.590060129762 0 0 27.17135408520699 1435.545354060829 53.24877055734396 100.4239452257752 30.77149149775505 23.10867669433355 0.1100532859563828 4.732207879424095 131.9259646609426 0.3168264329433441 4340.030627757311 737.0570780411363 6.484642267227173 69.47346196323633 0.4384432733058929 21335.20533592999 377.5078541338444 21521.73239307851 528.7804336622357 2.080139391124249 48.36127795279026 1495.007112555206 7691.278413496912 302.4060742855072 17121.87503341585 1.192030884325504 0.9210458099842072 42.637959420681 3684.539079703391 47.98962016403675 10258.81051755697 572.884210281074 6697.875307060778 2423.58211889863 60.99091036617756 7.620564453303814 15.74867806583643 30.40325565636158 1.723916478455067 2.817156977951527 20.27935706079006 0.4240082204341888 0 1.164574056863785 5.108806692063808 0.5445112138986588 53.71487165987492 1.091695480048656 0.4155051037669182 0 0 1.817067474126816 0.136552557349205 756.9038788750768 3.295039393007755 0.2149116098880768 0.7183250412344933 0 596.7300163283944 246.0107475146651 198.9531155973673 293.0913468152285 0 6.174578830599785 69.27159774303436 317.8129269704223 36.39623034000397 45.92682878673077 0 0.4923007190227509 1.991879194974899 12.46667774021626 3.746844410896301 35.90776366740465 2.152175568044186 12.66201257705688 2.56778109818697 1.435061074793339 0.5162685513496399 0 0.4576394259929657
0.9217369332909584 3591.758716419339 54.33369328826666 2.806115299463272 2.00959886610508 2.808889962732792 79.40651665627956 1.320506535470486 4098.558528199792 5.692477710545063 2.759228967130184 29.08481667935848 237.402777723968 2.83211825042963 92.98226245492697 5397.606286339462 17.61727825552225 5.942754946649075 15.65849832445383 2.336166210472584 377.5078541338444 3833.317444749177 683.3653777465224 7598.921034343541 958.5335465669632 109.5930914655328 9591.250283882022 213.6746727973223 9.53588230162859 24.28247585892677 9.741740047931671 0 0.492419995367527 20.2977432385087 0 51.1621817201376 30.50390174984932 36.05877949297428 17.20285151153803 180.5525104105473 0.1266206204891205 4.093111842870712 0 0.8120116293430328 23.80268736928701 183.8188544809818 0.6106494665145874 0.1639493703842163 0.8705576211214066 16.72865367680788 3.038251027464867 61.67487230151892 0.7650780156254768 0.3731748163700104 0 1.375166788697243 8.13361531496048 0 1337.198923461139 17.20737125724554 1.276787281036377 6.662664473056793 0 153.5049648955464 634.8548911213875 641.518539391458 127.5024005845189 2.848986998200417 21.43947783112526 1949.409175269306 83.20813962817192 8.180998235940933 17.65297243744135 0 0 0 13.82066336274147 1.24992735683918 155.5537783652544 30.29157702624798 83.61825957149267 47.16379325836897 8.541102096438408 1.106836698949337 0 0.4786344021558762
70.43218893557787 32.75633121281862 23892.19840946048 0.3564840257167816 0.1602802723646164 28.14655267447233 1150.807475306094 98.65809334814548 23.40413696318865 46.2880317568779 188.1526877209544 0.5073279589414597 12.22475459426641 265.6788821667433 0 5308.841458164155 5338.020032003522 39.23378776758909 786.7025059834123 0.5387061014771461 21521.73239307851 683.3653777465224 34019.90224339813 736.4029987826943 0.9855281785130501 694.1682166084647 19288.05229847133 3184.899766989052 177.2903990671039 5890.621262423694 5.340897001326084 2.292066395282745 22.55651045590639 4029.0177770257 91.31847573816776 15911.86199370027 6932.138596661389 7949.15365640074 6734.649590335786 354.2696953639388 10.67709954082966 33.83826047182083 67.61869140714407 0.4151338487863541 101.5446230769157 356.4112608283758 0 0 0.1531046628952026 17.28879423439503 1.932682707905769 3.565485715866089 0.6433271914720535 0.3932614177465439 0 0.2765918523073196 4.238331891596317 0.1269978135824203 1807.658731177449 60.71801613271236 0.5404801368713379 10.36552665382624 0.440915584564209 230.8919279798865 1157.244351960719 1119.265976861119 62.25447050482035 0.8545626550912857 75.36644144356251 1625.720424242318 56.87265441566706 5.071657299995422 17.0372597053647 0.2269514054059982 0 0.1824452131986618 16.20261646807194 13.19422340393066 206.333198338747 36.62554413080215 106.9203471019864 58.72683525830507 9.190468139946461 1.66251502931118 0 0.9888395816087723
41.37014970183372 714.553179346025 118.1410373747349 2931.223130226135 7.754909418523312 335.7023790553212 2266.847170375288 392.596702940762 14535.71355787665 1609.767426595092 65.39866452664137 314.2666845545173 39.11093937605619 347.6086852326989 637.3336009308696 3429.865820713341 12.36333806067705 12.63320001214743 20.72530055046082 563.9658111259341 528.7804336622357 7598.921034343541 736.4029987826943 19545.2809747979 89.72194772213697 26.16208770871162 3025.026351206005 13873.86622629315 745.4393272325397 516.4483285993338 2.564499162137508 53.64134555310011 163.7537473887205 379.662029132247 11.71460904181004 2765.696894273162 99.57912486046553 746.3235046267509 197.3237192332745 814.0003667324781 27.48404717445374 2.622063115239143 7.584914207458496 15.53106907755136 9.832333035767078 47.72788456827402 547.7479418814182 2.404955543577671 163.1682163774967 1181.539450161159 256.8151300698519 1993.708814278245 554.2080000564456 24.66659972816706 98.87379538267851 1.029557913541794 263.1555033624172 12.01830315589905 585.2366861402988 6.335895709693432 3.845009550452232 6.00034411251545 215.938828125596 471.4786237850785 293.4627415463328 115.8558558821678 7766.083097100258 1.378222890198231 11.73349298536777 102.3864765688777 4304.005249366164 300.0323571637273 171.6926456093788 0.218416228890419 12.23572599887848 8.729502998292446 105.517599478364 2.542918905615807 678.6454214900732 21.69712306559086 286.6572473049164 17.60314402729273 327.9422816485167 17.29476863890886 5.731082059442997 1.996277816593647
0 4371.362822875381 1.295095309615135 0 0 0.2044271230697632 0.7484387531876564 0.2220320701599121 91.97131645679474 0.230219878256321 65.04001043736935 0.9480263367295265 6639.157342016697 0.3799762278795242 1.557923495769501 6.736380949616432 2.313973292708397 106.6819868460298 53.24945939332247 0.09555023163557053 2.080139391124249 958.5335465669632 0.9855281785130501 89.72194772213697 536.0329337418079 171.0988138914108 7057.797473266721 1.781924210488796 0.1034933626651764 0.2784750461578369 256.0760403648019 0.2514625489711761 0 35.74083369225264 0.7917574346065521 93.2342702075839 42.72947328537703 50.33691476285458 15.25436566770077 3.805103816092014 0 134.0794982910156 0.1975358426570892 0 190.8153710663319 1.089952036738396 0 0 0.2253645285964012 0 0 1.556986816227436 0.1829502731561661 199.4619158580899 0 1579.601650252938 0.8337529897689819 0 0.09944134205579758 6.594746492803097 24.01086927950382 90.28649605065584 0 0.6617285907268524 6.852467693388462 0.5189025551080704 1.032679356634617 343.4028632640839 339.0308261662722 1196.145455077291 0.1720290258526802 0.1547511219978333 0.4788023009896278 45.41777601838112 0.5686494112014771 0 47.61971025913954 0.4420409202575684 18.00651213526726 57.60792063176632 49.77970451116562 5.950719431042671 0.1856899559497833 0 29.97831612825394 0
6.060366950929165 343.9639141112566 11134.85156374425 0.5429516956210136 0.2323343679308891 11.87912590056658 38.78085689246655 8.480018936097622 14.21280216425657 28.28445729613304 1899.932347685099 6.057923927903175 125.6181805804372 30.95312989503145 1.329298436641693 6.815718069672585 4896.56773442775 4141.544011101127 4426.183381155133 3.150902904570103 48.36127795279026 109.5930914655328 694.1682166084647 26.16208770871162 171.0988138914108 41550.72105401754 22935.58564419299 25.10050334781408 27.45191574841738 90.17506289482117 528.6579213663936 7.677922539412975 0.8283363431692123 913.4708690494299 25.68305130302906 3855.931072734296 5332.922556884587 2373.145151339471 1306.333635017276 51.70386855304241 2.734480321407318 67.55647611618042 6.834149450063705 0.590839758515358 1145.083209916949 234.675939694047 0 0 0.5033283531665802 0.3197212517261505 0.3832532539963722 1.290827468037605 0.2337458804249763 108.4572794139385 0.1385339945554733 357.5524482801557 1.645780920982361 0 0.5079845190048218 493.6020057052374 62.36326541006565 931.7555738538504 0.2695858776569366 1.68475628644228 23.46590029448271 10.61384619772434 2.687561050057411 124.4523964747787 4376.613277278841 5820.06118517369 2.560579217970371 1.507003419101238 2.457682877779007 68.77015022933483 0.5222137421369553 0 69.72700784355402 5.714076340198517 232.7866044342518 179.7397359311581 237.6952461227775 58.73647956550121 4.85461837053299 1.185998141765594 1.951533675193787 0.5100497752428055
36.78807200491428 8082.822803400457 16711.89239721 3.519573658704758 0.1565713733434677 27.06684844940901 544.1428468599916 37.74611227214336 439.4895722568035 79.14356426894665 415.9642009362578 14.26686511933804 3456.168289713562 122.9488139674067 18.1879141703248 3501.908276282251 7078.704148814082 761.125125810504 1342.634690307081 5.400157205760479 1495.007112555206 9591.250283882022 19288.05229847133 3025.026351206005 7057.797473266721 22935.58564419299 43831.60837747902 1059.704039983451 116.7729279473424 697.6742611527443 465.7202525809407 10.46516919136047 10.08866292983294 3258.028111413121 120.583887912333 11106.08280232549 6481.754875347018 8879.888112127781 7005.939993217587 301.2627999931574 6.893327064812183 58.61086545139551 33.1335517168045 5.263915970921516 4067.283385388553 3027.487116716802 0.9858268946409225 0.1712914854288101 3.206920079886913 90.76728860288858 16.4262565895915 8.186574585735798 4.098622493445873 226.0050944834948 0.1479006111621857 1005.385143809021 40.08566537499428 0 519.7003339082003 1124.257529363036 112.5912031754851 1231.456721052527 1.919096276164055 103.0386096686125 4939.851394504309 1552.060597442091 41.15211664140224 337.5432308763266 6110.941884502769 20494.94949949533 28.79012836515903 7.173245020210743 82.04108067601919 163.3679300025105 1.205745920538902 0.6713634729385376 236.164056353271 26.98853470385075 1324.763428226113 523.1584843620658 1133.599812477827 425.9718996137381 49.74246314913034 6.375374242663383 4.055918082594872 5.021219223737717
76.34341330081224 15.00893840193748 610.4332375079393 3387.557030774653 1.938669554889202 1124.203647531569 24759.52591773868 545.0631230697036 1018.818884342909 6728.892376989126 99.37361651659012 1136.157927893102 29.16741267591715 537.8013292327523 128.1530076339841 1315.529585145414 19.57641959190369 18.02797419577837 34.65147363394499 1506.063439011574 7691.278413496912 213.6746727973223 3184.899766989052 13873.86622629315 1.781924210488796 25.10050334781408 1059.704039983451 29930.07716973126 1775.292102187872 11388.46047380567 2.524064168334007 90.14711960405111 897.2446894198656 1505.496297575533 33.58355014026165 6645.83322211355 210.5159116908908 2629.748278290033 714.1070105433464 389.5419901683927 64.84573175013065 7.96391823887825 17.68108043819666 11.27557681500912 2.555011786520481 30.5279963389039 261.7883921861649 1.332770027220249 71.35916679352522 581.8997681289911 136.444463647902 463.1196718141437 277.4021257460117 15.09160801023245 45.34024035185575 0.1846480071544647 140.2410888373852 6.147553808987141 261.5909572914243 2.261894814670086 1.955994479358196 1.896852485835552 126.443048402667 269.2153138369322 102.5791024118662 54.90806414186954 3127.285294249654 0.2815847769379616 3.253718994557858 55.66839700192213 1990.292650647461 188.9972136616707 116.2761992663145 0 9.217802688479424 6.96451760828495 62.52584017813206 10.99001049250364 394.8766874969006 8.959869407117367 150.2456347867846 14.16946462541819 109.9603595435619 9.661871321499348 10.48842963576317 1.871718510985374
4121.764564022422 0.9002967700362206 64.91944041848183 31.66506205499172 0 335.1590816900134 1693.308655507863 1450.311280123889 36.73734835535288 1244.600496962667 244.079416193068 146.0776729881763 10.69480081647635 9965.802608698606 30.46829782426357 37.61250582337379 39.75363766402006 24.348055370152 75.96538678184152 83.39302816987038 302.4060742855072 9.53588230162859 177.2903990671039 745.4393272325397 0.1034933626651764 27.45191574841738 116.7729279473424 1775.292102187872 28334.21579995751 5411.882145695388 5.207827724516392 947.5080643817782 2964.806832075119 2189.80029797554 1.396405406296253 315.3751892820001 97.13970449566841 1274.431061379611 146.1634660512209 159.7359368801117 15.59338610619307 0.9046284928917885 1.043777987360954 1.489432975649834 0.7945285513997078 7.798145435750484 4.902328439056873 0 1.351192101836205 26.62917889654636 3.917577132582664 34.7394949272275 2.369466058909893 0.2262490838766098 0.1436802893877029 0 3.960926316678524 0 109.0531083196402 0.7205689996480942 0 0.6432584524154663 1.23227184265852 133.2157840281725 26.74606743454933 23.75083086639643 215.8573696985841 0 1.857491441071033 6.266516856849194 189.1535628661513 19.19783421605825 15.78059310466051 0 0 0.4651953876018524 4.057514116168022 0.6570527404546738 37.93697342276573 0.9851521402597427 10.6498244702816 1.379157423973083 3.485901191830635 0.3607306480407715 0 0
