1919.221703514457 0.815088614821434 969.6044199168682 3.371484383940697 2.62626188993454 61.57226157933474 4690.117138296366 1220.729037463665 13.67575842142105 17.89860470592976 36.6284531801939 0.460352435708046 2.878887034952641 6946.657621242106 0 0.7789369523525238 704.6054635345936 44.34885464608669 125.6788685545325 0 373.1611763015389 2.547258906066418 550.5558694005013 62.60019783675671 0.09129977971315384 415.525885142386 155.9958201870322 181.4464103728533 3845.711526311934 3062.264415331185 1.375590860843658 21.29842790216208 32.35034946352243 206.0565354004502 0.6783710122108459 95.09232848882675 100.4790434613824 241.5516910478473 42.4091409817338 5.535384029150009 3.632221274077892 2.530749462544918 0 0 0.3970088735222816 6.205028705298901 1.626526594161987 0 0.2785157263278961 5.972941175103188 1.303803682327271 2.429871201515198 0.1699819266796112 0.558772087097168 0 0.1823539137840271 1.455997481942177 0 7.492179982364178 1.114103332161903 0.1220483854413033 0.1191281080245972 0 3.995166063308716 4.18615248054266 3.704400420188904 30.81530041992664 0.09416783601045609 2.46110911667347 30.07859451323748 35.33869175612926 1.386083632707596 10.18179975450039 0.1219859197735786 0 0 1.831633567810059 0 18.03223051130772 0.7241230234503746 7.260309189558029 0.2229463160037994 2.177890479564667 0.1380597352981567 0 0
0.815088614821434 281.960135884583 25.46160367131233 1.945734784007072 0.9350379705429077 1.602686315774918 10.66316100955009 2.049107424914837 677.460634753108 4.663059249520302 45.60757645964622 2.236448690295219 810.8374503627419 1.238973051309586 10.73638709634542 157.235016964376 51.19761514663696 6.381219699978828 47.55834854394197 1.609301805496216 8.543666124343872 2947.905551753938 31.49376000463963 1178.902707442641 3610.139704219997 193.3600187897682 3914.311733387411 22.60766317695379 4.268835715949535 8.310429386794567 24.75446094572544 0.737542986869812 0.7792104035615921 59.53866569697857 1.182755216956139 57.85078231245279 126.3825454115868 124.9789932891726 23.50824204087257 11.49495879560709 1.894929423928261 263.4490914046764 2.308753691613674 0 73.96872276067734 34.15378863364458 3.049341276288033 0.104628212749958 0 0.8334585875272751 0 2.439008235931396 0.2216989398002625 7.313313439488411 0 37.22693635523319 0.3846545740962029 0 6.038737609982491 33.36444284021854 0.7008796483278275 31.80177482962608 0 0.8957763016223907 22.59719666838646 3.397705793380737 9.831070244312286 21.94616228342056 195.6017544344068 1121.087586432695 2.63439654558897 0.1649329364299774 0 10.02056980133057 0 0 15.09521575272083 0 34.46571657061577 41.89795477688313 33.53061463683844 9.264492988586426 0.647256001830101 0 13.51884779334068 0.2079720944166183
969.6044199168682 25.46160367131233 4487.395497247577 0.2623154520988464 0.63523980230093 91.43902267515659 500.112792275846 637.02854064852 0.7874225527048111 26.24554774165154 58.2556639611721 1.636625252664089 9.049508221447468 1478.422072209418 0.4575469493865967 3.51528500020504 6399.241464652121 114.6434036940336 325.1909967884421 0.3578909188508987 2006.551175609231 5.54886083304882 10593.65222218633 8.495641469955444 2.846352644264698 7601.633982606232 6889.15446536243 39.30823355168104 366.1200405284762 1321.39283567667 4.966304540634155 6.416593916714191 7.072047859430313 512.8090957328677 7.931206688284874 1188.246915861964 4390.88193603605 1841.631278261542 416.0937320441008 61.47570657730103 5.172280676662922 8.934153616428375 3.683426037430763 0 38.48574527353048 561.1448981761932 0 0 0.1480868309736252 5.657578758895397 1.01165983080864 0.6947658061981201 0.8791856169700623 2.175780415534973 0 0.7055289596319199 0.6921546161174774 0 50.28621128201485 96.18569235503674 0.7526743412017822 15.77374291419983 0 25.94143378734589 43.03647711873055 74.13800405710936 48.79594917595387 1.923672877252102 87.76788923144341 2024.334932036698 20.53906288743019 1.159128084778786 9.429536581039429 0.8044640645384789 0 0 20.64360874891281 0.2368142455816269 103.6125043407083 141.9750347435474 84.68481996655464 20.19949890673161 2.989611819386482 1.112108260393143 0 0.4622628390789032
3.371484383940697 1.945734784007072 0.2623154520988464 5053.550185501575 1.590874671936035 51.91911967098713 630.4613067358732 9.919586814939976 1664.619266189635 4035.88655346632 0.8657857477664948 2600.177022449672 0.3770833984017372 28.19578954577446 56.12957372516394 2.168363109230995 2.669979676604271 0.1846957951784134 0.68901477009058 3996.211893729866 7.91107439994812 11.83892387151718 10.67053485661745 1547.235000744462 0.7659138962626457 2.2585084810853 58.11760184168816 4279.530678905547 30.96511392295361 3.979945138096809 0 0.7303453236818314 4.251701936125755 13.24174621701241 2.822045296430588 109.7367729097605 2.800666034221649 53.85089006274939 30.11181636154652 92.83112572133541 3.976582244038582 0 0.9266549795866013 0.9003432393074036 0.3833185732364655 3.423565097153187 438.5105658248067 0.5089729577302933 14.36733017861843 191.6284341588616 5.634186208248138 173.2108863890171 356.9396584779024 3.642403870820999 115.7820363864303 0 4.76078662276268 7.573579482734203 7.684041485190392 0 0.1259258240461349 0.4450874030590057 166.5653668791056 3.255182832479477 1.938031598925591 3.767180092632771 479.2188145071268 0 0.5084788799285889 6.139485388994217 392.6024864315987 2.349627174437046 2.150617226958275 0 0.1386386305093765 0 1.90693674236536 0.499133974313736 87.20372688770294 0.2578576654195786 9.169538795948029 1.9785261079669 77.07300935685635 0.1167066767811775 0.798397958278656 0
2.62626188993454 0.9350379705429077 0.63523980230093 1.590874671936035 23.21878576278687 204.7242722958326 14.67589352279902 54.06512141227722 131.927354991436 21.50397267192602 23.12228994816542 62.13574919104576 4.348577745258808 10.07018100470304 456.8670326694846 0.4220247566699982 3.206778459250927 2.960327640175819 3.272132150828838 4.966189093887806 0.6404088139533997 1.851414903998375 0.8999613076448441 21.97308702766895 0.6261664554476738 5.288050450384617 2.094943478703499 3.327832661569118 2.417198739945889 4.039884738624096 1.791738890111446 51.67422686517239 0 77.71983399242163 2.271949216723442 184.3260183259845 8.151173986494541 174.1032053604722 32.60934530198574 1442.596818611026 38.4232622012496 0.5451055318117142 1.118796564638615 0 0 0 0.4785206466913223 0 0 0 0 0.1454502940177917 0.183661088347435 0.1042174994945526 0.6143943443894386 0.0934518501162529 0.7761710286140442 0 0.1338163763284683 0 0 0 0 0 0 0.1846496313810349 2.589760676026344 0 0 0.2880157381296158 2.513092435896397 0.112111359834671 0 0 0 0 0 0 1.172930642962456 0.181465819478035 0.2394866794347763 0.1868482977151871 1.292767599225044 0 0 0
61.57226157933474 1.602686315774918 91.43902267515659 51.91911967098713 204.7242722958326 14703.59522365779 2236.593863591552 5577.381903268397 42.88872850686312 6623.748705558479 175.2511733099818 4558.547720395029 28.19197665899992 744.2476918101311 1717.159590244293 4.168954581022263 108.5343545675278 35.87353507429361 64.46353635936975 146.3103422597051 157.9292220547795 4.181542359292507 119.9706700444221 194.3027543351054 0.5251737907528877 121.3930787444115 170.1510135531425 622.4825770705938 560.4929697662592 54.16373130679131 12.7506790459156 493.5280465334654 11.79567012190819 354.5928559228778 9.209827825427055 1254.285868935287 84.70120515674353 1095.576547265053 223.5545210018754 4035.919749483466 215.1130628064275 10.40870200097561 7.9438112154603 0.921776607632637 0.763211153447628 6.088536813855171 50.90395890921354 0 5.326283268630505 62.34075035154819 2.012493446469307 20.07358955591917 53.70778835564852 2.853334784507751 31.65177716314793 0.3795983344316483 2.209617778658867 4.617806263267994 9.354837685823441 0.1143329218029976 0 0 23.86186008900404 2.262929275631905 3.183164536952972 6.757846280932426 109.4366358965635 0.1384420990943909 3.490029998123646 22.27649157494307 99.43759672343731 2.9157944470644 5.672308951616287 0.3904644623398781 0 0 1.738005757331848 0.9464631378650665 90.33062122762203 0.5136516541242599 4.881932593882084 0.5816129595041275 89.58127853274345 0 0 0
4690.117138296366 10.66316100955009 500.112792275846 630.4613067358732 14.67589352279902 2236.593863591552 20747.91301251203 3123.027245871723 219.5152308940887 12437.60520651191 68.74693451821804 35.81806074827909 13.64835437387228 8730.90774551034 13.6348624676466 70.42110918462276 202.8422814011574 18.70608208328485 43.74157023429871 181.7385117933154 1914.638415411115 42.33893792331219 1053.604936420918 1856.287578679621 4.421940729022026 263.7101596593857 970.6869811043143 17585.51829842478 2206.840528443456 6191.894774645567 5.30760582536459 77.36671312153339 213.3450421318412 711.491605989635 66.10071642696857 4106.957344710827 129.3008068278432 2853.01498118788 1242.67348177731 385.9712149947882 178.8999045044184 16.65608429908752 26.14003259688616 6.841036774218082 3.43672288954258 23.824238948524 111.469747312367 1.075918436050415 14.66828695684671 974.3088420405984 64.92535113543272 141.1222655624151 191.6876756101847 28.90975657850504 11.61743707954884 0.3021900951862335 69.184833727777 2.753961436450481 104.776871047914 4.421002447605133 4.297016978263855 1.670467182993889 35.82404364645481 72.70368561148643 30.26477923989296 54.61818737536669 2224.200762942433 0.1406793892383575 10.28659192472696 108.0886918827891 1878.839471951127 64.97856945544481 154.7286280542612 0.2181568965315819 3.899908602237701 1.324556387960911 44.77260908484459 5.031682774424553 527.9676786214113 6.591500699520111 186.6002891138196 38.814383238554 132.7109414041042 5.780810445547104 8.108026623725891 1.168207138776779
1220.729037463665 2.049107424914837 637.02854064852 9.919586814939976 54.06512141227722 5577.381903268397 3123.027245871723 17484.23285406083 15.54515748471022 1440.176468662918 299.0049258768559 532.3993109688163 28.33433140069246 8602.459253527224 19.35841132700443 4.055511198937893 1100.754733361304 124.4938180074096 348.3467831760645 53.27971253544092 225.8961343318224 3.688859187066555 454.9955943599343 149.2843729332089 2.12493646889925 523.6263976544142 338.6442582309246 447.0962407514453 1821.255087777972 460.6959900557995 15.57795456796885 276.0839783996344 9.479571357369423 518.8361463025212 2.437077432870865 489.9555120617151 166.0633159056306 870.9399024173617 130.8273416310549 470.4822181761265 49.9811542853713 5.541947387158871 3.622570879757404 0 1.130884416401386 8.051595143973827 2.281421266496181 0 0 19.75855904817581 1.33542089164257 5.644237846136093 4.784746028482914 0.9104392901062965 0.8442535996437073 0.4044607728719711 0.6337398439645767 0.09940515458583832 6.540259093046188 0.2402692064642906 0.216407984495163 1.716550976037979 0.2435669526457787 7.075762718915939 4.022833853960037 6.27131013572216 61.67721930146217 0.1058498024940491 6.663118042051792 49.62045558542013 61.55662371218204 4.4943857640028 13.4181421995163 0.4585338830947876 0 0 2.889083996415138 0 18.35911501944065 1.73076756298542 5.637339219450951 1.77601745724678 3.923486419022083 0.3110225796699524 0 0
13.67575842142105 677.460634753108 0.7874225527048111 1664.619266189635 131.927354991436 42.88872850686312 219.5152308940887 15.54515748471022 622.2006083652377 613.4562273770571 8.017650298774242 456.3764412552118 76.54891886562109 22.05508399009705 1121.685333177447 15.08150443434715 1.84378968924284 0.6186890751123428 1.15641587972641 1451.009585440159 13.63296057283878 3318.249139092863 4.660057105123997 8932.494855605066 351.7423946708441 2.783380344510078 256.7039790078998 1037.134567730129 89.38996890932322 93.19045530259609 4.553566172719002 3.553251512348652 12.49359984695911 20.42934704571962 7.748963594436646 273.8017920032144 11.39887388795614 94.77356401085854 56.95861074328423 582.8670874461532 4.970590889453888 8.404061019420624 1.1358562707901 3.613129019737244 4.064390070736408 2.887871310114861 241.3569000810385 0.7864902690052986 7.459390945732594 187.9541941285133 9.715527795255184 208.1681684926152 160.4035319462419 4.83136373758316 60.01804576069117 3.805884227156639 12.7520322278142 6.559510104358196 248.1303372383118 0.8109874129295349 0.4366732835769653 0.9636348858475685 85.89694920927286 38.78088556975126 153.5237821191549 36.49875845015049 2142.671967200935 1.299660012125969 5.597110033035278 21.49034091085196 742.9241092205048 26.5634751021862 39.48357704281807 1.799891047179699 0.4284152090549469 0.832226037979126 9.271574936807156 0.3229120969772339 96.35023861378431 1.308640599250793 33.3173475638032 8.004695184528828 41.2238889336586 0.8773858547210693 1.033076271414757 0.1377321779727936
17.89860470592976 4.663059249520302 26.24554774165154 4035.88655346632 21.50397267192602 6623.748705558479 12437.60520651191 1440.176468662918 613.4562273770571 53314.41107304394 103.4325927719474 3112.333720728755 14.89821445196867 2039.618058159947 36.5927906036377 10.21487350016832 49.93709345906973 30.09680189192295 66.21871080994606 3829.970080979168 138.1605505347252 15.5984139367938 126.2220445498824 1390.7638053298 1.813979402184486 74.13655038177967 349.8369114622474 6673.70327771455 1009.132686525583 13.96202504634857 5.938325509428978 96.76758517324924 30.55145148932934 490.9202596470714 29.42919108271599 1361.11225669831 55.675268240273 2193.55935395509 739.8499550670385 255.64355699718 200.2358202412724 4.895041033625603 26.6268530189991 0.1416212320327759 0.5157053768634796 10.45287929475307 638.8798347115517 1.633937984704971 36.35244570672512 606.3559070676565 18.95814942568541 189.3732985034585 741.0042983666062 4.838008850812912 142.2577050924301 0.09690681844949722 17.04356522113085 20.0121176764369 17.76136686652899 1.036229699850082 0.3907970786094666 0.9927837774157524 237.0555785819888 13.6151350736618 10.2935247272253 16.50032424926758 1066.162974663079 0.1509816944599152 4.388696700334549 36.86861000210047 886.9900373071432 10.42548917979002 12.92841329425573 0.118925504386425 1.222295895218849 0.2295079976320267 7.559523120522499 0.3163088858127594 343.4254060685635 1.331508249044418 37.26482817530632 4.107446245849133 255.7731092870235 1.265730798244476 1.431384325027466 0
36.6284531801939 45.60757645964622 58.2556639611721 0.8657857477664948 23.12228994816542 175.2511733099818 68.74693451821804 299.0049258768559 8.017650298774242 103.4325927719474 14058.5285160616 97.77504470944405 3657.647997178137 190.7246611341834 0.646692119538784 4.122867271304131 811.5677472129464 7307.192429572344 1998.488695062697 9.119664117693901 23.80435098707676 16.99663347005844 112.3793872967362 22.81799843907356 288.9270143732429 2580.887184686959 1885.073799014091 22.20431049913168 516.0322892218828 43.47341610491276 578.0777849256992 578.0855126082897 19.5377355068922 5377.691384784877 10.27372202277184 784.0015295520425 5851.665755413473 3465.857514329255 543.3201016038656 17.65331257879734 187.3922437354922 1505.645778775215 20.60846422612667 0 11.92207867652178 1.905278280377388 0.1102189570665359 0 0.7251383662223816 1.240986473858356 0 1.33395579457283 0.1628702133893967 264.0537360757589 0 1118.067811921239 0 0 1.423223689198494 1.856448814272881 10.16776484251022 8.632440283894539 0 1.021178431808949 1.584204912185669 0.119379386305809 11.61268025636673 189.9146374091506 298.2447236031294 459.6444154083729 13.14086052775383 0.5334123224020004 2.845597542822361 395.8117397576571 0.12023014575243 0 0.9722678661346436 3.821399241685867 69.14399602264166 300.9756500050426 26.03521592915058 4.717774756252766 1.059191852807999 0 217.3449590057135 0.4230963885784149
0.460352435708046 2.236448690295219 1.636625252664089 2600.177022449672 62.13574919104576 4558.547720395029 35.81806074827909 532.3993109688163 456.3764412552118 3112.333720728755 97.77504470944405 7705.024111017585 13.08651504665613 132.2993766367435 1068.976912304759 0.1368844211101532 9.111235409975052 22.43038161844015 42.9413754940033 4973.32937849313 0.4186097532510757 5.850471928715706 1.905671827495098 107.4982955604792 0.9438324645161629 33.71916919201612 37.12841141223907 175.4801239296794 372.6687952131033 0.5199993997812271 5.732540391385555 108.1332676783204 0.3067749738693237 225.5409944057465 0.4105987250804901 550.80275670439 21.69894973933697 868.7773800194263 89.02548985183239 1681.638007685542 75.57186651229858 1.507799886167049 7.20207454264164 0 0.3814464658498764 0.2122856825590134 371.8388861715794 2.797107324004173 28.21600003540516 46.62736217677593 2.725755929946899 128.5658690780401 297.1102682650089 0.3618414252996445 243.2299177497625 0.3123625218868256 1.460545942187309 33.69019894301891 0.5732000172138214 0 0.270885594189167 0.2707087770104408 192.4949261173606 0.3048496693372726 0.1775692850351334 0.3986363857984543 223.2910148352385 0 1.820052795112133 5.013020671904087 186.6675737947226 0.8805522173643112 0 0.08809854835271835 0.1304892897605896 0 0.4429565072059631 0 261.3431894853711 0.121938519179821 4.724852174520493 0.3670606836676598 406.1127780899405 0.3055128455162048 0 0
2.878887034952641 810.8374503627419 9.049508221447468 0.3770833984017372 4.348577745258808 28.19197665899992 13.64835437387228 28.33433140069246 76.54891886562109 14.89821445196867 3657.647997178137 13.08651504665613 3266.838728174567 14.1209330484271 5.348718002438545 24.07878468930721 5.36174301803112 46.63125606626272 14.64064164459705 1.491399526596069 10.08172332495451 227.1438473016024 34.71927957236767 151.1849878057837 2795.652958661318 524.0834153816104 4027.947693042457 13.43207601457834 30.24185352027416 25.42420115321875 472.3741825222969 49.96009988337755 0.6116878390312195 563.9573764503002 40.45995908975601 2487.680535696447 4994.798176914454 4095.131947644055 405.9110067933798 66.99164649099112 201.7608763277531 1592.677187636495 35.1160124540329 0.1102363616228104 32.25910107046366 4.210280984640121 0.3489863872528076 0 0 3.159537717700005 2.270529985427856 1.648486837744713 0 440.2698836773634 0 2379.222847908735 1.428256452083588 0 2.724178329110146 0.5774875730276108 21.97995413094759 14.76979401707649 0 4.137399196624756 2.8122918009758 1.036923706531525 8.439197055995464 708.198248423636 629.3235936537385 894.0167700201273 13.94018696248531 0 4.259213306009769 858.6173841357231 0.2037771046161652 0 0.9843713268637657 1.688492238521576 394.0941931083798 548.8336378484964 24.56792083382607 1.380378030240536 23.45082512497902 2.550899505615234 304.18182939291 0
6946.657621242106 1.238973051309586 1478.422072209418 28.19578954577446 10.07018100470304 744.2476918101311 8730.90774551034 8602.459253527224 22.05508399009705 2039.618058159947 190.7246611341834 132.2993766367435 14.1209330484271 12650.3303110972 2.856850504875183 5.732960112392902 1575.686882197857 125.3611637055874 411.9193060323596 28.08811473101377 792.9263768047094 4.498741522431374 931.4542546495795 243.4758822545409 1.251442335546017 900.4511664733291 452.3490894511342 710.6330401450396 6555.89019960165 1662.163380272686 8.26507930457592 136.830840729177 32.79364438354969 1034.615449815989 14.01305805146694 547.5395514294505 239.7708244696259 1258.717259198427 308.0637952834368 52.08841908723116 45.6358872577548 0.5061065405607224 8.96230061352253 0.3270999789237976 1.534989677369595 16.05710441619158 4.448818027973175 0 0 42.02490731328726 0.262970969080925 7.082589477300644 7.257741093635559 0.4661144092679024 0.8524074107408524 0.643634207546711 1.176309376955032 0.1684029847383499 26.2929742783308 1.705768749117851 0.1199013441801071 0.5078200101852417 2.072678953409195 16.01015072315931 8.773120313882828 19.79311262816191 99.47935272008181 0.1552874743938446 10.40510619431734 91.1306166946888 101.914566360414 2.075851634144783 16.80007041245699 0.9537326693534851 0 0.2116519063711166 2.404684022068977 0.682854637503624 36.0894827619195 3.204619109630585 11.01543142646551 2.143748588860035 3.943168491125107 0.2256968170404434 0 0
0 10.73638709634542 0.4575469493865967 56.12957372516394 456.8670326694846 1717.159590244293 13.6348624676466 19.35841132700443 1121.685333177447 36.5927906036377 0.646692119538784 1068.976912304759 5.348718002438545 2.856850504875183 218.9137781262398 0 0 0 0.6873975992202759 122.6875278428197 0.2396517544984818 42.42749910056591 0.4694171696901321 822.9308958724141 9.291127860546112 0.8993916064500809 6.673906028270721 29.10303489863873 6.206054925918579 0.8109583854675293 0 164.6268893331289 0.7913590893149376 3.384545750916004 0.2314968854188919 273.7363105043769 2.34916715323925 11.47042182087898 1.717611953616142 921.6989206820726 27.81509935110807 8.577110663056374 0 0 0 0 5.883598059415817 0.3462060391902924 0.3737993240356445 7.637923382222652 0 6.66414986550808 12.85893156379461 1.166712760925293 9.173138439655304 0 0 1.299358129501343 3.39694456756115 0 0 0 4.329599291086197 0.4725684970617294 2.565784454345703 1.291247710585594 19.63088112324476 0 0.4087388664484024 0.3978160917758942 9.226365350186825 0.1388601958751678 1.729465126991272 0 0 0 0 0 44.28071868419647 0 2.064018487930298 0.121508352458477 27.2880834788084 0 0 0
0.7789369523525238 157.235016964376 3.51528500020504 2.168363109230995 0.4220247566699982 4.168954581022263 70.42110918462276 4.055511198937893 15.08150443434715 10.21487350016832 4.122867271304131 0.1368844211101532 24.07878468930721 5.732960112392902 0 1223.657880216837 13.12758802622557 0.9337339773774147 4.90702123939991 0 3390.536304600537 765.0388935357332 2507.20733845979 2968.817803993821 133.938538685441 7.905124753713608 3575.291051805019 998.5106746032834 17.01980368793011 186.4844391867518 1.305485554039478 0.3875537663698196 2.217260204255581 38.00464776158333 22.385344222188 1285.406279020011 342.6079748347402 333.7011169940233 400.2776882350445 23.2567295730114 0.6807863861322403 4.666857197880745 9.154665231704712 1.005575448274612 4.905115514993668 70.40815480053425 0.7457505315542221 0 0.1817666888237 21.39557011425495 2.361761473119259 13.68621028959751 5.98574236035347 1.139140769839287 0.3088277578353882 1.115556485950947 4.412697210907936 0.3916074186563492 3665.767234019935 7.990114971995354 0.547791063785553 1.697422713041306 0.2367492169141769 455.2959034368396 967.1941146925092 2000.151339747012 290.4134834036231 0.3040688335895538 16.73216803371906 683.8552374988794 194.7212763652205 10.56148456782103 82.24621498584747 1.063281521201134 0 0.9018867984414101 12.37328697741032 3.51074193418026 169.0398260504007 17.44164720922709 32.41435591876507 19.2033524364233 4.525775596499443 0.2264645546674728 0 0.6651452779769897
704.6054635345936 51.19761514663696 6399.241464652121 2.669979676604271 3.206778459250927 108.5343545675278 202.8422814011574 1100.754733361304 1.84378968924284 49.93709345906973 811.5677472129464 9.111235409975052 5.36174301803112 1575.686882197857 0 13.12758802622557 1858.935520529747 340.6443604528904 4120.988299012184 1.445779196918011 1191.958939597011 11.48148065060377 7824.032122723758 44.15268401801586 1.255589261651039 3677.347772121429 6109.175037093461 58.00887954980135 1298.186384499073 1590.845877893269 4.344524823129177 22.29559130221605 91.69037203490734 3642.597585394979 7.562276259064674 695.0893229171634 1813.347046419978 1487.236734740436 246.3060611188412 15.15738424658775 2.946246102452278 5.099961958825588 3.744146034121513 0.4607573971152306 63.52840477973223 156.6415241509676 0.2666723728179932 0.1870532482862473 0 2.096063539385796 0.1962951719760895 0.5913528352975845 0.1299118399620056 3.309150502085686 0 0.8710348010063171 0.6679073944687843 0 11.81374386698008 74.70141167193651 2.72556109726429 83.96772785484791 0 6.515228517353535 14.83700732141733 11.07560125738382 15.23096859455109 2.407756298780441 406.5687899366021 1038.795825242996 7.049128353595734 1.760824531316757 4.506286486983299 0.2364612519741058 0 0 18.31563583761454 0.5574256330728531 47.39473529160023 213.9503475427628 83.00095131248236 13.83790035545826 0.1637949645519257 0.1380233019590378 0 0
44.34885464608669 6.381219699978828 114.6434036940336 0.1846957951784134 2.960327640175819 35.87353507429361 18.70608208328485 124.4938180074096 0.6186890751123428 30.09680189192295 7307.192429572344 22.43038161844015 46.63125606626272 125.3611637055874 0 0.9337339773774147 340.6443604528904 234.8799434155226 1774.400847248733 2.536267809569836 13.21608712524176 0.4705606251955032 134.6465135291219 3.007921442389488 19.88768038153648 3736.503927886486 588.9859071224928 4.694493696093559 153.2766328006983 42.20557530224323 185.8177412897348 57.10607776790857 12.37439571321011 866.5597191825509 8.387953527271748 521.6639590337873 502.9615085497499 1152.815609566867 249.8045084998012 4.619956783950329 11.77018314599991 17.66773195564747 2.599319621920586 0 6.207413539290428 1.53200963139534 0 0 0 0.8927902802824974 0 0.1356618404388428 0 5.063529402017593 0 10.60560981929302 0 0 0.46514942497015 0.7827931344509125 6.137357771396637 11.01595489680767 0 0.2704462707042694 0.341840848326683 0 1.783298596739769 12.70714493095875 104.7666845172644 115.3570726141334 1.843328706920147 0.1100585386157036 0.3353494852781296 33.48585698753595 0 0 0 0.5534922480583191 5.452320657670498 16.69531135261059 3.532504588365555 0.157088428735733 0 0 0.230302482843399 0
125.6788685545325 47.55834854394197 325.1909967884421 0.68901477009058 3.272132150828838 64.46353635936975 43.74157023429871 348.3467831760645 1.15641587972641 66.21871080994606 1998.488695062697 42.9413754940033 14.64064164459705 411.9193060323596 0.6873975992202759 4.90702123939991 4120.988299012184 1774.400847248733 1857.591647237539 5.755453400313854 76.41041190177202 2.440740242600441 513.7631804347038 12.61143677681684 44.04166388511658 2852.354665525258 1580.176273442805 16.02756154537201 592.257980838418 202.8641890436411 25.6434633731842 64.95211271941662 56.89249166101217 3567.810362830758 8.361279740929604 927.7230942994356 560.6493447721004 2156.22432038933 409.1444124951959 11.64036005735397 7.669072896242142 3.978803709149361 4.23628057539463 0 48.89492455124855 10.057179056108 0 0 0 2.361702010035515 0.1332108080387115 0.7090838328003883 0 1.307992056012154 0 5.696449935436249 0.6307559609413147 0 2.863593578338623 3.941705584526062 9.693582206964493 51.68086403608322 0 0.4545670822262764 5.18775899708271 1.747629381716251 9.132025219500065 8.998228557407856 388.8551452383399 663.2984278202057 6.51935850828886 0.7554755657911301 0.9817294180393219 14.17266362905502 0 0 4.096670255064964 0 11.00690216571093 81.54051027446985 24.68666622042656 5.905966609716415 0 0 0.6173571944236755 0
0 1.609301805496216 0.3578909188508987 3996.211893729866 4.966189093887806 146.3103422597051 181.7385117933154 53.27971253544092 1451.009585440159 3829.970080979168 9.119664117693901 4973.32937849313 1.491399526596069 28.08811473101377 122.6875278428197 0 1.445779196918011 2.536267809569836 5.755453400313854 999.1774348467588 0.9834792837500572 4.882171645760536 0.7536544427275658 383.5222586318851 1.598896950483322 3.861231595277786 8.008096508681774 1379.188795626163 62.36805807054043 0.528240978717804 0.3489419594407082 9.381695978343487 0.888449490070343 39.60104159265757 0.6348915249109268 170.1160730570555 3.262787662446499 183.0587181672454 60.07591338455677 281.5779283344746 17.67910026758909 0 2.892891332507133 0.1168386191129684 0.1549363881349564 2.34987673163414 547.0824547410011 2.565480262041092 30.25312353670597 215.2811395823956 7.637221209704876 207.934037707746 541.5723547190428 0.7813496738672256 152.1514893621206 0.133097842335701 6.586155332624912 22.33290222287178 1.288250729441643 0.2283337041735649 0.2188453674316406 0 214.0074322298169 1.375416852533817 0.1543976664543152 1.243954122066498 564.4857290014625 0 0.6581538394093513 3.052487745881081 463.8643891885877 2.151376239955425 1.898277103900909 0 0.6695122420787811 0 2.250993497669697 0.2890139818191528 180.3671543896198 0.2601500153541565 11.39332062751055 1.800325721502304 229.1811522841454 1.229790076613426 0 0
373.1611763015389 8.543666124343872 2006.551175609231 7.91107439994812 0.6404088139533997 157.9292220547795 1914.638415411115 225.8961343318224 13.63296057283878 138.1605505347252 23.80435098707676 0.4186097532510757 10.08172332495451 792.9263768047094 0.2396517544984818 3390.536304600537 1191.958939597011 13.21608712524176 76.41041190177202 0.9834792837500572 17378.0895428583 82.77133836597204 19625.7496984154 415.2290141656995 8.267411179840565 173.6336478218436 2432.854616686702 1868.766269691288 456.4189566895366 13373.11351889372 0.7216537371277809 4.446046859025955 123.6719947233796 3802.08533603698 133.1658709794283 7193.89509357512 944.6260792613029 5787.083083219826 3331.546200230718 88.10181966423988 16.14088281989098 17.11289621889591 64.55353012681007 1.474815055727959 2.04230460524559 15.03595161437988 0.6714130118489265 0.1628733277320862 0 10.74999818205833 1.229793719947338 16.25294114649296 0.6894221007823944 3.197969250380993 0 1.808659017086029 2.12167339771986 0.3479991257190704 1321.515003040433 5.564315728843212 0.226930096745491 2.588054545223713 0 691.884728603065 138.5170380622149 413.8458398059011 299.0006001517177 2.58602025359869 4.882720306515694 86.38427683711052 261.8874528110027 21.7796503379941 198.8462025299668 0.4641945511102676 0.1434471756219864 1.001642912626266 11.64996375888586 7.312892124056816 212.7029472962022 7.63476824760437 17.50120018422604 8.633395135402679 9.575677387416363 0 4.612006634473801 0.4614924937486649
2.547258906066418 2947.905551753938 5.54886083304882 11.83892387151718 1.851414903998375 4.181542359292507 42.33893792331219 3.688859187066555 3318.249139092863 15.5984139367938 16.99663347005844 5.850471928715706 227.1438473016024 4.498741522431374 42.42749910056591 765.0388935357332 11.48148065060377 0.4705606251955032 2.440740242600441 4.882171645760536 82.77133836597204 1598.065561212599 112.1205933541059 7859.068038038909 1295.371438451111 11.67586572468281 2768.294076606631 138.6906333938241 10.95974790304899 34.54772652685642 10.25194728374481 0 1.149040251970291 17.97026444226503 0.8258119374513626 60.79572802782059 36.41167462617159 56.03797489404678 14.99637794494629 61.17997713387012 1.358451962471008 39.90898424386978 0 0.1426040083169937 35.81034578382969 28.05783657729626 12.23482105135918 0 0.1239365339279175 2.979911863803864 1.024564772844315 27.66146944463253 0.5873959958553314 1.179597593843937 0 9.689729854464531 1.087941087782383 1.366651713848114 1578.88229469955 4.698603115975857 0.79270900785923 5.099179185926914 0.1527246087789536 109.7159379869699 275.9654341638088 328.3864137530327 192.3172563761473 2.354393891990185 34.96568175405264 759.0840416625142 78.38156995177269 1.513379290699959 20.63487294316292 4.510265611112118 0 0.8753424286842346 5.270074024796486 0.2017949372529984 39.14645034074783 13.41004350781441 15.6016446352005 8.778730243444443 1.228937119245529 0 0.8094497174024582 0.3435964584350586
550.5558694005013 31.49376000463963 10593.65222218633 10.67053485661745 0.8999613076448441 119.9706700444221 1053.604936420918 454.9955943599343 4.660057105123997 126.2220445498824 112.3793872967362 1.905671827495098 34.71927957236767 931.4542546495795 0.4694171696901321 2507.20733845979 7824.032122723758 134.6465135291219 513.7631804347038 0.7536544427275658 19625.7496984154 112.1205933541059 21206.52840724587 335.5175961777568 28.73303620517254 2040.030333131552 11640.56295899302 1355.116825513542 751.5694275051355 6704.607875533402 5.345338121056557 14.20873846113682 38.16288615763187 3602.640424899757 148.160900361836 9703.69349040091 5568.442844301462 9325.136335939169 6176.175061605871 345.8352241441607 17.65369492769241 23.51403201371431 73.29655481874943 1.43456356972456 6.887292176485062 388.9640621095896 2.217533186078072 0 0.1342066675424576 28.96027747541666 3.959702603518963 6.975348800420761 3.614217877388 0.688249945640564 0.450814425945282 0.46744105219841 6.370230451226234 0.2565082311630249 2345.234476946294 24.48189536482096 0.7017335519194603 3.722963914275169 0 286.3056887835264 408.4507543593645 1714.132206946611 184.724499464035 0.2539404556155205 27.24525557458401 1566.609836876392 145.7138935178518 3.479954734444618 58.2250838726759 0.7451528161764145 0 0 9.75904306024313 6.013118073344231 159.4244283884764 30.01161176711321 61.52460097521544 20.64435624331236 6.251710422337055 0.3766806125640869 0.9835153222084045 1.606738969683647
62.60019783675671 1178.902707442641 8.495641469955444 1547.235000744462 21.97308702766895 194.3027543351054 1856.287578679621 149.2843729332089 8932.494855605066 1390.7638053298 22.81799843907356 107.4982955604792 151.1849878057837 243.4758822545409 822.9308958724141 2968.817803993821 44.15268401801586 3.007921442389488 12.61143677681684 383.5222586318851 415.2290141656995 7859.068038038909 335.5175961777568 11023.26067888737 623.8221127167344 39.58298838883638 6050.157684825361 6811.418740071356 447.9213375151157 463.9766310453415 11.26040953397751 16.4454187899828 65.46580060571432 157.5356538072228 31.11034541577101 1529.9926334396 113.8774512782693 682.8399643823504 341.9197152629495 806.6730540171266 31.53583154827356 18.24177294224501 10.33912729471922 18.10351133346558 23.68437526375055 44.47420926392078 298.8467873781919 0.5309005454182625 17.30118101835251 1035.399895951152 61.65080644935369 1094.673822455108 376.7503596022725 23.24184085428715 32.43321868777275 6.450777977705002 94.89820469170809 5.48850167542696 1267.919733501971 8.110088512301445 3.238290369510651 8.19465471804142 87.02789372205734 511.1523161008954 471.5643704235554 300.7054087817669 5012.616370856762 3.30548981577158 45.81311804801226 342.1204327493906 3118.606214098632 136.3443009853363 360.7181969732046 3.53691627830267 4.536629483103752 6.657395839691162 70.18387729674578 8.507237583398819 569.9092535376549 17.70516277849674 225.2495042532682 60.0670158714056 111.4777628779411 10.25716100633144 7.982192501425743 2.19772469997406
0.09129977971315384 3610.139704219997 2.846352644264698 0.7659138962626457 0.6261664554476738 0.5251737907528877 4.421940729022026 2.12493646889925 351.7423946708441 1.813979402184486 288.9270143732429 0.9438324645161629 2795.652958661318 1.251442335546017 9.291127860546112 133.938538685441 1.255589261651039 19.88768038153648 44.04166388511658 1.598896950483322 8.267411179840565 1295.371438451111 28.73303620517254 623.8221127167344 799.9472451508045 104.1208679378033 3529.675740517676 7.56682363897562 1.840077251195908 4.156147673726082 263.4390977621078 1.229296997189522 0.1225836798548698 24.85633985698223 1.224115774035454 83.51517297327518 232.4788559451699 486.920325987041 41.37012527137995 10.34600365906954 20.30627043545246 486.9142906591296 8.273487240076065 0 137.1771403998137 4.45140415430069 3.222752265632153 0 0 0 0 0.5236222296953201 0 50.30217228084803 0 303.1417714878917 0 0 0.4675271809101105 3.284424215555191 4.049984507262707 17.25946325063705 0 0.276156485080719 1.999128490686417 0 4.18922097235918 81.22607853263617 268.921781629324 599.0417543053627 2.371726378798485 0 0.1193114966154099 123.8168319240212 0.1652532368898392 0 2.360266923904419 1.509505033493042 46.7524933218956 28.6761766821146 12.31467895209789 0.8203797936439514 0.3552435636520386 0 99.90664709359407 4.450805187225342
415.525885142386 193.3600187897682 7601.633982606232 2.2585084810853 5.288050450384617 121.3930787444115 263.7101596593857 523.6263976544142 2.783380344510078 74.13655038177967 2580.887184686959 33.71916919201612 524.0834153816104 900.4511664733291 0.8993916064500809 7.905124753713608 3677.347772121429 3736.503927886486 2852.354665525258 3.861231595277786 173.6336478218436 11.67586572468281 2040.030333131552 39.58298838883638 104.1208679378033 41840.33547534049 19887.5421224609 35.77377289533615 344.53667678684 223.4329963028431 839.961085088551 87.24052106589079 15.2761165574193 1219.371241949499 27.85972594469786 1922.223879352212 4287.232687532902 2956.078940719366 723.6150539815426 27.73997404426336 23.2314815595746 52.36860299855471 6.644399039447308 0.211284264922142 293.4815567731857 307.682051859796 0 0 0 4.455521106719971 0.8225430175662041 3.016316756606102 1.484821461141109 51.62841583788395 0.1234383061528206 175.7924706041813 2.930345550179482 0.135712519288063 22.56096294522285 202.6208978667855 66.31585022807121 282.7713601663709 0.133873462677002 9.168419897556305 23.4287084043026 14.89374941587448 35.70372492820024 49.09749322384596 1870.051531031728 3775.170553736389 10.17596551030874 1.818750582635403 8.473644182085991 301.6558144316077 0 0.137975886464119 53.34578185528517 2.268685191869736 126.4062504246831 635.6624334529042 192.4411854892969 35.11138994991779 1.218475103378296 0 3.144787207245827 0
155.9958201870322 3914.311733387411 6889.15446536243 58.11760184168816 2.094943478703499 170.1510135531425 970.6869811043143 338.6442582309246 256.7039790078998 349.8369114622474 1885.073799014091 37.12841141223907 4027.947693042457 452.3490894511342 6.673906028270721 3575.291051805019 6109.175037093461 588.9859071224928 1580.176273442805 8.008096508681774 2432.854616686702 2768.294076606631 11640.56295899302 6050.157684825361 3529.675740517676 19887.5421224609 42018.73818698525 2260.96882238239 309.403779797256 355.5875463634729 2407.421675309539 57.4524052888155 20.53697616606951 3208.297860711813 141.8675209507346 8210.613397933543 6997.24714808166 10686.59053371847 3603.381190232933 481.1597946807742 52.19514144212008 109.591490060091 52.02570223063231 2.574569039046764 2195.486780263484 2206.488931648433 7.133830495178699 0 0.4767058342695236 59.64966508001089 8.019049115478992 22.52478193491697 13.0004745721817 104.2281631305814 1.462801925837994 382.3854335322976 10.11178919672966 0.2466254085302353 1508.972438320518 557.8678615242243 194.4391531869769 628.8702720180154 1.193490639328957 71.35848589241505 1403.256309866905 1356.614550322294 411.3463088795543 347.080851316452 5639.415515527129 21681.77868337184 171.5929235070944 9.330332465469837 27.82635292410851 612.8609442040324 0 0.3188659846782684 141.1756345778704 19.92417776584625 619.6448696777225 1216.444546334445 630.9832160174847 150.706408791244 12.62948220968246 0.1958359330892563 14.00539755821228 4.179398998618126
181.4464103728533 22.60766317695379 39.30823355168104 4279.530678905547 3.327832661569118 622.4825770705938 17585.51829842478 447.0962407514453 1037.134567730129 6673.70327771455 22.20431049913168 175.4801239296794 13.43207601457834 710.6330401450396 29.10303489863873 998.5106746032834 58.00887954980135 4.694493696093559 16.02756154537201 1379.188795626163 1868.766269691288 138.6906333938241 1355.116825513542 6811.418740071356 7.56682363897562 35.77377289533615 2260.96882238239 18792.21489731222 891.6389161273837 10368.81019765884 1.739933356642723 23.8774751201272 212.5585835874081 749.0435256361961 95.62469623237848 4001.323647432029 129.6359860897064 2239.730809122324 1228.593783244491 190.8421179056168 48.29204621165991 5.866441756486893 27.17796209454536 12.56277508288622 1.702718280255795 20.91610559076071 222.1324401646852 0 17.62064252048731 751.8541805669665 47.55943620949984 324.0820726528764 343.2247329875827 23.83340410888195 53.73591115325689 0.9986420869827271 70.94532846659422 3.669010281562805 313.893556535244 3.219601660966873 3.885929986834526 3.157457530498505 84.75083733350039 202.3037061467767 73.71782188862562 60.68198799341917 2566.788137435913 0.1025623232126236 9.794990062713623 97.07829669862986 1923.762098535895 92.98263920098543 277.8576839491725 0.09967570006847382 4.325308084487915 2.368868492543697 40.88079021126032 6.310878500342369 410.2149426415563 6.172749474644661 154.3493319153786 35.34717759490013 90.92734625935555 6.995363309979439 4.583527982234955 2.500323206186295
