1288.86357716471 0 19.95685292035341 2.695852756500244 0 10.48757846653461 1009.163907192647 376.7562575414777 0.5514915138483047 34.53646694123745 1.591784112155437 0.4346174523234367 0.2263308688998222 5896.962868273258 0 0 44.83955669403076 1.404439561069012 3.293460756540298 1.363690450787544 4.955853745341301 0.08756572008132935 34.20126068592072 10.45770199596882 0 12.16016644984484 8.881400614976883 23.10849472880363 3878.746323995292 2657.25839048624 0.190409243106842 1.570524513721466 59.43956149369478 20.5832627415657 0.7606895714998245 7.752770937979221 0.9359912127256393 17.15623603016138 2.546838395297527 1.508994892239571 0.2565212100744247 0 0.1176876798272133 0 0 0 0 0 0 0.1400319039821625 0.1010963767766953 0.3926243707537651 0 0 0 0 0 0 0 0 0 0 0 0 0 0 0.3839033246040344 0 0 0 0.7647536918520927 0 0 0 0 0 0 0 0.3342278599739075 0 0 0 0 0 0 0
0 248.7528884336352 5.624503277242184 0.6369994580745697 0.4837973117828369 0 0.6341475993394852 0.3168993890285492 1060.873052053154 0.4061498194932938 77.62280497699976 1.826955080032349 1092.310655996203 0.1380656957626343 7.048751428723335 77.99369597434998 4.803537294268608 1.273020647466183 0.9071623906493187 0 10.3187033161521 2272.873872689903 4.394031681120396 726.1265451312065 1600.821141041815 53.81374127417803 3987.593831337988 6.659768007695675 0.08437330275774002 0.5881940573453903 61.67060797661543 0.1367286592721939 0 82.61474356800318 0.143773078918457 7.46861170977354 44.46191003918648 84.06404957175255 2.878919571638107 17.89667717367411 0.8166823387145996 388.8444286882877 0 0 135.6559204161167 25.96630017459393 0 0 0 1.063736625015736 0 0.2797173261642456 0 1.732910841703415 0 27.14571872353554 0 0.1687150597572327 3.073331668972969 1.88099716603756 0.3773315101861954 2.118852123618126 0 0 13.02967795729637 1.086008816957474 1.892835162580013 22.76086786389351 82.86924120038748 672.1582258865237 0.8190412893891335 0 0.2632460743188858 6.715557903051376 0 0 0.5085638016462326 0 3.159319661557674 8.427735939621925 1.884043417870998 0.9203350245952606 0 0 4.168590635061264 0
19.95685292035341 5.624503277242184 6697.329264491796 22.35429985821247 0.5001898407936096 190.1345276683569 851.7562908530235 514.2962788045406 16.02636835724115 61.12243152409792 18.03401046991348 0.1112917140126228 1.888774439692497 404.2863313853741 0.5169797316193581 2.242061048746109 7809.531100921333 50.36053131520748 357.6701311022043 3.462576001882553 498.1704391092062 8.042398482561111 9454.517881080508 118.0414722040296 0.1485051214694977 6511.231313586235 7470.265811301768 360.8100417107344 116.0965100675821 1030.335343368351 1.307717613875866 4.691318839788437 14.35512412339449 347.8121651783586 39.6990387737751 2108.330466881394 2275.159477703273 2475.432614952326 881.428599268198 165.7651788517833 3.313326001167297 9.774691715836525 12.78750679641962 0.1922217011451721 34.78551378846169 537.6217327266932 0.9108162447810173 0 0.13477922976017 11.94505762308836 0.5512270480394363 3.98221156001091 0.7406893074512482 0.119196705520153 0 0.3832816779613495 1.462619006633759 0 39.63917797803879 7.379786938428879 0.2569983899593353 4.417679227888584 0 9.445197701454163 174.5720594450831 135.6526539325714 71.89865656197071 0.7107330709695816 117.220990806818 2851.90644185245 61.66801878064871 0.8284501880407333 23.88821975886822 0.1406137645244598 0 0 3.404689028859138 5.15114937722683 52.15206311643124 10.15126002579927 24.27464308589697 14.37433031201363 1.836462303996086 0.8049975335597992 0 0
2.695852756500244 0.6369994580745697 22.35429985821247 3140.809005171061 12.24307579547167 49.94825492054224 198.1245384812355 26.1488469466567 835.4634975939989 2670.822316989303 3.985549278557301 4431.217603519559 0.1174046918749809 33.96168923377991 76.15203706920147 0.1727266162633896 7.144734047353268 0.6949845477938652 0.5312814861536026 6755.535511299968 3.735374137759209 0.9360649436712265 15.84487147629261 2995.521582648158 0 7.877553254365921 10.38989365845919 3584.705511182547 66.35041393339634 9.131236173212528 0.2178295850753784 4.693824797868729 2.25718154758215 27.76205861568451 11.25424213707447 326.7998760119081 8.04064554721117 101.7172056213021 17.52374633401632 329.9003928229213 6.45169348269701 2.28861528635025 4.785162910819054 0.4342173933982849 0 0 159.5847049728036 0.6302404403686523 5.686787091195583 66.3197863176465 1.707566022872925 248.1890418753028 133.9542129188776 0 66.78017881512642 0 0.8457626104354858 2.475912220776081 3.227830454707146 0 0 0 63.14412111788988 0.6823679804801941 0.2292122840881348 2.428489565849304 371.1646772772074 0 0 2.843440622091293 166.5548818260431 0.8383281230926514 1.314942479133606 0 0.4652043879032135 0 1.005137622356415 0.5307307243347168 214.1558844298124 0.6446966230869293 2.134937047958374 0 152.1376941204071 0 0 0.195745125412941
0 0.4837973117828369 0.5001898407936096 12.24307579547167 278.4432746320963 579.4071578830481 8.860213220119476 61.32884940505028 214.1321703642607 18.06517074257135 9.244920656085014 336.0219252184033 0.3642196953296661 6.609195917844772 2389.669394031167 0 1.55154013633728 1.288576126098633 0.3136105239391327 19.20587312430143 0.1423825323581696 1.615927025675774 0.8890973776578903 55.42160215973854 0.9310622215270996 0.8103145435452461 2.786765553057194 4.139018140733242 4.466865949332714 2.189488932490349 0.2717861235141754 1018.097060143948 0.4244866073131561 477.1704898178577 0.6444337964057922 13.94470889866352 1.784384608268738 215.7288337871432 9.404001951217651 1813.594509571791 12.64079648256302 0 1.878984391689301 0 0 0 0.2829084992408752 0 0 0 0 0 0 0 0 0 0 0 0 0 0 0 0 0 0 0 2.326569989323616 0 0 0 0 0 0 0.1405899375677109 0 0 0 0 0.1803137063980103 0 0 0 1.973146453499794 0 0 0
10.48757846653461 0 190.1345276683569 49.94825492054224 579.4071578830481 15708.64149730653 5646.183645673096 8226.854019302875 18.04926025122404 10028.86603651196 60.47097562998533 3988.830006234348 13.29477469623089 855.322767816484 2606.109754197299 0.2170932367444038 98.08744341135025 10.73239607363939 13.91740872710943 200.6823350414634 19.2134680300951 0.661455512046814 107.5254415199161 69.40531986951828 2.043930239975452 77.67086967080832 31.62918009608984 889.6146197319031 380.1309790015221 463.7520288899541 3.775318041443825 768.0205020308495 3.202955178916454 494.1226596012712 22.03343541175127 285.6760787218809 26.12231196463108 608.551217392087 109.3978369534016 2425.310051858425 119.6959215924144 5.097089171409607 16.62011737376451 0 0 0 0.6563909500837326 0 0 1.669765144586563 0 2.241550661623478 0.1987654715776443 0 12.24739423394203 0 0 0 1.106676995754242 0 0 0 0.3025385439395905 0 0.251257598400116 2.704735681414604 5.746464267373085 0.153726726770401 0 2.635752663016319 4.4569251537323 0.1581291854381561 0 0.1276423037052155 0 0 0 0.1681289970874786 2.228620082139969 0.2076770961284637 0.08866073936223984 0.3067485094070435 0.0931449756026268 0 0.1140393987298012 0
1009.163907192647 0.6341475993394852 851.7562908530235 198.1245384812355 8.860213220119476 5646.183645673096 24658.03608824313 5355.298966813833 321.405898809433 12059.8044911772 61.37373347580433 51.04993477463722 9.697121299803257 7081.357174746692 20.74790946394205 14.86163251847029 166.3734583556652 14.70872393995523 22.39205365628004 23.91456715762615 255.5266954302788 8.198515489697456 873.6010182127357 4754.051026023924 0.7202663123607635 204.047766007483 248.1789324134588 23289.74325121194 1971.721337147057 8787.727047033608 4.315684363245964 59.23740267753601 97.46193893253803 525.9277761727571 181.920619957149 2883.434392303228 92.61094960570335 1495.843158498406 285.595495775342 348.2795015349984 54.34341590851545 2.659390538930893 47.23904613405466 1.108180284500122 0.6654112637042999 2.111729770898819 34.28165558725595 0 5.181866250932217 141.8623349145055 1.507129058241844 234.0182627588511 48.96828720718622 0.6800794005393982 8.837281182408333 0.7607380896806717 4.146111905574799 0.3187382072210312 19.08559130132198 0.8055489659309387 0 0.1461328268051147 18.3082947358489 2.745968893170357 5.798342406749725 21.35199397802353 760.5688787847757 0.1628946661949158 1.037972435355186 26.90788723528385 490.8685557022691 8.15131164342165 33.35640975832939 0.09064537286758423 0.2428262829780579 0.7198172062635422 2.279200330376625 12.52548488229513 221.1081865727901 0.8309224843978882 7.308417342603207 1.722526773810387 26.36313069611788 0.9180097579956055 0.4085103273391724 0
376.7562575414777 0.3168993890285492 514.2962788045406 26.1488469466567 61.32884940505028 8226.854019302875 5355.298966813833 11991.0025087893 2.936221987009048 3903.209849715233 48.39086171239614 443.0324060916901 5.714989602565765 11420.60919390246 230.8899630457163 0.3636843711137772 588.535300463438 17.86788108199835 83.3255567625165 149.3485969826579 86.61274573206902 0.248208574950695 472.7103661000729 56.73380184173584 0.6075798571109772 221.8261179476976 115.2921120524406 267.015123821795 1358.885468497872 4587.024097494781 1.722400479018688 158.2112142592669 7.836872458457947 402.5368456691504 19.68537153303623 483.237085275352 35.57214910537004 442.6912874951959 73.76892553269863 771.2990403994918 41.65195468813181 6.558914721012115 14.40028720349073 0 0.1072740703821182 0.7531225383281708 1.147112749516964 0 0 1.549492329359055 0 2.086260661482811 0 0 0.1127441450953484 0 0 0 1.836692005395889 0 0 0 0.4616791307926178 0 0.3784170746803284 0.3486986607313156 3.937559746205807 0 0.3733936175704002 5.994913570582867 4.477411456406116 0 0.5078987181186676 0 0 0 0 0.4577759802341461 2.991604700684547 0 0 0 0.2832197248935699 0 0 0
0.5514915138483047 1060.873052053154 16.02636835724115 835.4634975939989 214.1321703642607 18.04926025122404 321.405898809433 2.936221987009048 1019.275116838515 454.6365540847182 15.9581356793642 485.7204843014479 131.5199271216989 6.93173173815012 371.9744086414576 96.73601470887661 2.814322285354137 0.5076925083994865 0.897001750767231 536.2997887954116 123.18355704844 3290.08270676434 31.81841097027063 13757.47475755215 193.8294742330909 25.37826708704233 1011.890382222831 920.1835638284683 23.61422061175108 95.56054196506739 19.27356661111116 4.895684495568275 3.709955722093582 18.54172694683075 8.414630889892578 701.9118401929736 35.10344196856022 70.77528569102287 8.731449358165264 332.6147043555975 6.150842785835266 15.07205981016159 4.094578042626381 0.2747205048799515 3.020478747785091 2.431450709700584 136.7436085790396 0.1283003836870193 6.072492018342018 65.59833005070686 2.187253877520561 40.20683932304382 166.3011541441083 0.639203779399395 53.5248526185751 3.206254109740257 2.71344942599535 0.7999401539564133 44.85758213698864 0.3458195626735687 0 0.2550583779811859 77.80135250091553 34.16582109034061 28.07450304925442 8.416290476918221 1147.982239976525 1.028589606285095 9.183386646211147 23.69413402676582 461.9544925913215 4.210601016879082 74.30544672161341 1.467321015894413 0 0.1147294417023659 1.055732771754265 0 76.80668111145496 0.6468948945403099 4.367506355047226 1.274608567357063 54.4009185731411 0.3032693266868591 0.2428461238741875 0.174248069524765
34.53646694123745 0.4061498194932938 61.12243152409792 2670.822316989303 18.06517074257135 10028.86603651196 12059.8044911772 3903.209849715233 454.6365540847182 49548.01310837269 165.2438285499811 3054.803276203573 25.38922054320574 2230.704704917967 93.39163671433926 0.3528396934270859 32.32717560231686 30.04967992007732 27.14080264419317 4795.516341783106 11.7140377163887 0.3277185410261154 30.67145635187626 931.3090302944183 3.551792874932289 79.28208789229393 43.43745574355125 5385.362199351192 1443.810297518969 58.31525530666113 11.4010156467557 132.9921642243862 9.508547008037567 830.6413847059011 152.8919153660536 2417.60940438509 88.62130845338106 2333.802782468498 299.2422894015908 869.9202046394348 108.8207946270704 12.17518516629934 67.34532583504915 0 0.5885516554117203 1.497379660606384 171.3976479619741 0.5432768166065216 3.803254663944244 83.71611073613167 1.814616218209267 269.3550643622875 132.0570509657264 0.3840048760175705 57.53125794231892 0 0.5263485163450241 1.607612162828445 3.227152854204178 0 0 0 65.25218906998634 0.460375040769577 1.110524624586105 2.067618548870087 579.6345562413335 0 0 3.938233941793442 223.6898111626506 3.055809587240219 9.689697608351707 0 0.3318076878786087 0.6444286704063416 0.3735652267932892 6.693869575858116 214.4044244214892 1.388484045863152 1.245315738022327 0.4784307479858398 120.0819686427712 0 0.3770101070404053 0
1.591784112155437 77.62280497699976 18.03401046991348 3.985549278557301 9.244920656085014 60.47097562998533 61.37373347580433 48.39086171239614 15.9581356793642 165.2438285499811 15848.64973734319 41.63969919830561 2205.952604830265 47.59363160282373 0 3.108916662633419 643.0189661160111 3049.090485557914 889.8802485913038 24.29674123972654 16.9498291015625 20.9619372189045 60.95338021218777 25.63852402567863 467.3386835902929 3071.717926949263 856.5385829880834 19.98251536488533 228.6410688757896 43.40389444679022 926.1181898787618 99.35380448400974 10.21023013442755 6545.759440585971 14.23449455201626 608.3370045349002 4676.635645106435 5301.286474876106 899.0610223338008 20.80540477484465 36.10591271519661 865.9639160707593 23.27692989259958 0 4.602111101150513 0.4926765561103821 0.3521852493286133 0 0.1686937808990479 0.3399471789598465 0.1631817519664764 1.070366695523262 0.09026893228292465 173.5443819016218 0.1370264440774918 789.1683386042714 0.1957430243492126 0 0 0.1576595604419708 3.11656715720892 0.8007748499512672 0 0 0.395075149834156 0.1883449926972389 0.6111617535352707 178.3928928896785 63.82399199157953 164.8958342969418 2.582758128643036 0.6294407248497009 0 100.5787243545055 0.3339727520942688 0 8.842959672212601 3.14045786857605 29.55485346913338 248.3325981348753 16.45623014867306 2.054407507181168 0.6536928117275238 0.7133748531341553 218.6198518052697 0.08561979234218597
0.4346174523234367 1.826955080032349 0.1112917140126228 4431.217603519559 336.0219252184033 3988.830006234348 51.04993477463722 443.0324060916901 485.7204843014479 3054.803276203573 41.63969919830561 6977.83431185782 8.310055613517761 275.1624796614051 1755.851845122874 0.5946455001831055 2.211130313575268 5.426959291100502 3.13994612544775 8965.753106839955 0.3886841982603073 9.45791183412075 0.2641882076859474 1093.010596141219 0.6747121661901474 10.27592466026545 10.89640779048204 1041.336341299117 216.7653022259474 3.571514926850796 2.866164341568947 49.04204279184341 0 217.4773586019874 7.963787421584129 580.2518777251244 21.82613430917263 332.6662682518363 34.81186309456825 2698.811502270401 38.95327566564083 2.881198860704899 6.268416315317154 0 0 0 111.2467529624701 0.4053481817245483 5.2786003947258 7.624266244471073 0.9499120190739632 51.01945973932743 121.2407145947218 0.2674929052591324 162.6112225949764 0.2543414756655693 1.033625721931458 1.266372077167034 0.1780062615871429 0 0.1077605709433556 0 42.94302506744862 0 0 0.4052461683750153 89.00514605641365 0.3396951332688332 0.2995523437857628 0.3811524659395218 25.00717157125473 3.57337824255228 2.430967807769775 0 0.1423522233963013 0 0 0 134.9088782519102 0.5452971458435059 3.454266980290413 0.2038414627313614 83.73338805884123 3.063710585236549 0 0.3414225578308105
0.2263308688998222 1092.310655996203 1.888774439692497 0.1174046918749809 0.3642196953296661 13.29477469623089 9.697121299803257 5.714989602565765 131.5199271216989 25.38922054320574 2205.952604830265 8.310055613517761 3828.296684592962 6.199881546199322 0.3929427266120911 7.702870905399323 6.276930660009384 28.95819010585546 12.60414254665375 2.438492693006992 3.006302393972874 316.3279634043574 6.991947546601295 88.61686360090971 4861.464103251696 191.407637372613 3549.752672478557 5.536080054938793 19.38909995555878 5.325473628938198 1493.01120556891 11.16421096026897 0.5269005075097084 778.5746373310685 7.937823407351971 311.7826491817832 5049.213527835906 2572.229619495571 138.0306188762188 10.33795783668756 32.5414882004261 2442.863719537854 43.86876444518566 0 36.51683895289898 0 0 0 0.08655299991369247 0.3778271079063416 0.7085043266415596 0.2911293134093285 0.3996647745370865 644.0415839925408 0 3156.00989420712 0.576727494597435 0 0.2583152949810028 0 6.451645001769066 1.89780180901289 0 0.08687300980091095 9.095494225621223 0.1435498148202896 2.132029511034489 985.8517734855413 327.3421738445759 930.360923178494 3.741948500275612 2.786526419222355 3.134231567382812 385.9058351740241 0.4437863603234291 0 15.65580412000418 3.837070286273956 41.15463684499264 657.1520875319839 40.69261974841356 4.636844128370285 1.311784163117409 6.409632742404938 603.2560739219189 0
5896.962868273258 0.1380656957626343 404.2863313853741 33.96168923377991 6.609195917844772 855.322767816484 7081.357174746692 11420.60919390246 6.93173173815012 2230.704704917967 47.59363160282373 275.1624796614051 6.199881546199322 17218.98707699031 14.27196695655584 0.3034744784235954 670.7771995067596 19.32021123170853 86.94781697541475 155.5871387720108 82.69450999796391 0.3943353146314621 495.6149840578437 91.71803709119558 0.5572988986968994 198.9353764727712 125.3761110082269 324.8211716711521 11712.69228195399 9214.158174015582 1.959235534071922 252.1619195640087 46.88970628380775 421.3474316671491 15.67455872893333 442.6035871654749 32.32164650410414 352.8711166977882 38.62780849635601 248.0770937651396 14.94011570513248 2.932256400585175 7.273143947124481 0 0 0.3687066584825516 0.5496716052293777 0 0 0.8428373038768768 0 1.532674141228199 0.8496042042970657 0.2918901741504669 0.6484545469284058 0.3960373997688293 0.2477801218628883 0 1.796106077730656 0 0 0 0 0.4617831110954285 0.8532492816448212 0.7729217559099197 6.524264387786388 0 0 5.632093675434589 6.468960255384445 0.2384286150336266 0 0 0 0 0 1.596258789300919 3.321389265358448 0 0.09537281841039658 0 0.1438052207231522 0 0 0
0 7.048751428723335 0.5169797316193581 76.15203706920147 2389.669394031167 2606.109754197299 20.74790946394205 230.8899630457163 371.9744086414576 93.39163671433926 0 1755.851845122874 0.3929427266120911 14.27196695655584 432.4769955724478 0 0.7211720421910286 0 0 129.7803654968739 0 17.90724065899849 0.6713817715644836 545.0368587002158 1.815126582980156 0.3603523150086403 12.02982719987631 32.13988623023033 1.550470247864723 0.7569092810153961 0 1162.160004988313 0.07838129997253418 0.1715254113078117 0 135.7903528437018 2.603775188326836 0.946945384144783 0.3559326902031898 1204.069089688361 88.56389288604259 0 0 0 0 0 1.984293222427368 0 0.3566756844520569 0 0 5.805575415492058 4.877827167510986 0 2.613432735204697 0 0 0 0 0 0 0 1.530113905668259 0 0 0 7.601233005523682 0 0 0 0.9622348248958588 0 0 0 0 0 0 0 16.53721737861633 0 0 0 10.35685336589813 0 0 0
0 77.99369597434998 2.242061048746109 0.1727266162633896 0 0.2170932367444038 14.86163251847029 0.3636843711137772 96.73601470887661 0.3528396934270859 3.108916662633419 0.5946455001831055 7.702870905399323 0.3034744784235954 0 4430.180215269327 8.050742216408253 0.7284837514162064 2.002127565443516 0 3463.153162576258 3514.460684962571 5015.089663624763 3406.841693468392 13.51952435076237 11.75695985555649 5469.238551229239 1687.194063276052 0 33.56940320134163 0.7196400910615921 0 0 10.13190411031246 37.1211971193552 1258.587843231857 392.3116135746241 252.7793783545494 268.2409235462546 30.4455779120326 0.7985740751028061 9.370005860924721 11.25243145227432 0 8.304245844483376 13.75582597404718 0.3089134842157364 0 0.3958196565508842 21.39097633957863 0.3844262659549713 4.647552251815796 2.949105471372604 2.287539482116699 0 0.1229157596826553 0.5825817435979843 0 2702.397282719612 4.467624746263027 0.3404144495725632 0.7553107887506485 0 498.8672916591167 979.3581641167402 1325.014560118318 545.4999766349792 0 11.20519481599331 583.9814490899444 393.9009286239743 0.3862776234745979 84.01588870584965 0.4223765879869461 0 0 1.221416249871254 3.047590404748917 44.64211208373308 5.435049965977669 4.972184970974922 4.340788930654526 7.158640772104263 0.3555563688278198 0 0
44.83955669403076 4.803537294268608 7809.531100921333 7.144734047353268 1.55154013633728 98.08744341135025 166.3734583556652 588.535300463438 2.814322285354137 32.32717560231686 643.0189661160111 2.211130313575268 6.276930660009384 670.7771995067596 0.7211720421910286 8.050742216408253 1203.715421810746 664.3316028118134 8067.824937149882 2.611383005976677 581.7844314351678 8.469998970627785 5574.911549910903 52.21475809067488 1.619348384439945 5563.997262358665 7110.657795131207 73.18903052806854 776.0327904336154 1804.535818614066 6.578436367213726 14.89695270359516 127.3526637405157 4540.667737677693 42.51274082064629 1080.44732311368 872.6497812196612 3743.604799740016 473.2125151157379 63.71041468530893 8.416789084672928 9.087169498205185 10.05070886015892 0 11.3354640007019 30.1852762401104 0.5557966232299805 0 0 0.1646487265825272 0 0.6616713106632233 0 0 0 0.9291665405035019 0.2046342790126801 0 3.054676607251167 2.931237868964672 0.1303288340568542 1.699291035532951 0 0.2993353605270386 7.035689488053322 2.904747202992439 8.247532069683075 1.479144245386124 65.38741886615753 264.9653250128031 6.977296575903893 0 0.6676255166530609 0.3628479242324829 0 0 0.2122035324573517 1.709788076579571 5.570270016789436 1.212642006576061 1.505425110459328 0.4264331758022308 0 0 0.1138617023825645 0
1.404439561069012 1.273020647466183 50.36053131520748 0.6949845477938652 1.288576126098633 10.73239607363939 14.70872393995523 17.86788108199835 0.5076925083994865 30.04967992007732 3049.090485557914 5.426959291100502 28.95819010585546 19.32021123170853 0 0.7284837514162064 664.3316028118134 1309.164014950395 3416.094922609627 3.672150135040283 7.246119804680347 1.715463437139988 40.27916235476732 4.678303055465221 5.080292388796806 6931.42668055743 742.406853698194 2.783261604607105 43.84202256798744 28.55806817859411 190.3775263950229 10.50951961427927 3.36114739626646 1143.337359085679 4.549216158688068 661.5458285138011 976.5431438833475 1743.613787323236 542.4693154841661 9.76634381711483 5.973599046468735 19.02145785093307 3.386836223304272 0 0.9594749212265015 0 0 0 0 0 0 0 0 4.521203152835369 0 44.77958967536688 0 0 0 0 1.221695803105831 0.4191028624773026 0 0 0.2651882246136665 0 0.8550839126110077 15.01153062283993 42.51599219441414 91.05487249046564 0.128517359495163 0 0 36.23249278962612 0 0 0 2.559299990534782 15.68907652795315 21.94298364967108 0.636158175766468 0.4249632060527802 0 0 1.625798523426056 0
3.293460756540298 0.9071623906493187 357.6701311022043 0.5312814861536026 0.3136105239391327 13.91740872710943 22.39205365628004 83.3255567625165 0.897001750767231 27.14080264419317 889.8802485913038 3.13994612544775 12.60414254665375 86.94781697541475 0 2.002127565443516 8067.824937149882 3416.094922609627 2812.319629438221 4.824055805802345 42.53245659917593 4.126226402819157 286.3739926293492 7.788596160709858 4.408926956355572 9300.358833745122 1973.392945751548 7.888011120259762 104.4963412955403 204.4250088706613 25.8386581838131 9.735888548195362 13.51013465225697 3080.642873771489 9.603800766170025 748.9884938746691 536.6254240050912 2972.226183123887 585.7233772650361 26.23789013177156 3.580292038619518 11.64443050324917 3.237419717013836 0 7.217456869781017 0.8623393774032593 0 0 0 0 0 0.1318530291318893 0 0.5371585786342621 0 6.347334638237953 0 0 0 0.3197335824370384 0 0.375866062939167 0 0 0.5245306268334389 0.09931720048189163 0.2721661031246185 0.9146261066198349 56.76518001407385 115.0746878907084 0 0 0 8.063923694193363 0 0 0.2813625931739807 3.257176429033279 6.699672289192677 1.928862944245338 0.5634418129920959 0.2147762924432755 0.2884270846843719 0 0.2711163759231567 0
1.363690450787544 0 3.462576001882553 6755.535511299968 19.20587312430143 200.6823350414634 23.91456715762615 149.3485969826579 536.2997887954116 4795.516341783106 24.29674123972654 8965.753106839955 2.438492693006992 155.5871387720108 129.7803654968739 0 2.611383005976677 3.672150135040283 4.824055805802345 1970.074862167239 0.7305468171834946 0.1543799340724945 1.087394222617149 411.9697197899222 0 9.456334143877029 4.296993263065815 3482.908609189093 163.8418437242508 1.926506362855434 2.243218950927258 17.55396150797606 0 124.4381963387132 18.32702800631523 385.543077327311 9.244407340884209 319.1610485836864 24.64677421748638 541.3434254229069 21.36186273396015 3.211861953139305 8.480471760034561 0.1899110674858093 0.1843607127666473 0.9752225875854492 147.9143703505397 0 1.993768408894539 25.23200513422489 0.690979540348053 143.1394873559475 77.08059135079384 0.1503574997186661 90.49764792621136 0 0 0.8198421448469162 0 0 0 0 46.57847893983126 2.107862770557404 0 1.256089091300964 230.7043412327766 0 0 0.1354281455278397 100.8982676118612 0.4006661176681519 2.971942067146301 0 0 0 0.4436217546463013 2.645186305046082 184.4423942416906 0 1.461103215813637 0.7221083641052246 117.8524568229914 0.2235864698886871 0 0
4.955853745341301 10.3187033161521 498.1704391092062 3.735374137759209 0.1423825323581696 19.2134680300951 255.5266954302788 86.61274573206902 123.18355704844 11.7140377163887 16.9498291015625 0.3886841982603073 3.006302393972874 82.69450999796391 0 3463.153162576258 581.7844314351678 7.246119804680347 42.53245659917593 0.7305468171834946 10749.04094941169 574.8276742994785 14810.6091657877 623.3870234265924 3.225658781826496 74.29858031123877 921.2870821878314 3960.836154855788 84.82580217719078 14861.15211297572 0.6156051829457283 3.012317277491093 24.71638161689043 2806.071210831404 391.4091793596745 6962.6213600263 378.4383366778493 6994.21938341856 2212.518398195505 222.3153989613056 27.39942342787981 12.06872496008873 64.34809186309576 0 0.4206438213586807 5.899425655603409 1.490611217916012 0 0 9.534892737865448 0.2957124710083008 10.96885069459677 0.2173903435468674 6.978736773133278 0 1.73817253112793 0 0 515.7375840321183 3.463270306587219 0.2720625102519989 0 0 525.0833946242929 115.3230708539486 124.1978925913572 846.1430429369211 0.2504585087299347 4.103423975408077 54.63950574398041 726.6894940510392 0.4087264984846115 247.9260486811399 0 0 0.1317877024412155 0.2561516836285591 29.65916249155998 63.67592096328735 4.292742714285851 3.679046936333179 4.447187528014183 15.67010600864887 0 0 0.2005906105041504
0.08756572008132935 2272.873872689903 8.042398482561111 0.9360649436712265 1.615927025675774 0.661455512046814 8.198515489697456 0.248208574950695 3290.08270676434 0.3277185410261154 20.9619372189045 9.45791183412075 316.3279634043574 0.3943353146314621 17.90724065899849 3514.460684962571 8.469998970627785 1.715463437139988 4.126226402819157 0.1543799340724945 574.8276742994785 949.5564744919538 387.0526833683252 8023.879215434194 583.5440216809511 30.99466878175735 8009.499482154846 171.8057214617729 0.3938532471656799 8.402798712253571 30.35686011612415 0.161938488483429 0 24.2137837857008 0 31.06387761235237 20.54702193289995 43.54675178974867 7.170314759016037 50.46268569678068 0 54.99042528122663 0 0 18.06769242137671 36.65070406347513 0 0 0.2408821731805801 8.837355151772499 0.2360366880893707 7.043909639120102 0.3674860298633575 1.516698338091373 0 5.365754052996635 0 0 1120.300990089774 2.549136593937874 0.3850401043891907 0.4130779802799225 0 122.8514993935823 401.4673077315092 466.2645702660084 230.9548962116241 4.232728369534016 24.45279805362225 1112.08607301116 94.78042733669281 0.2838457971811295 15.35944865643978 4.520563863217831 0 0.1585053652524948 0.6575487777590752 0 19.63129637390375 4.958044089376926 7.66712974011898 4.009022995829582 0.7201149463653564 0 0.8501659408211708 0
34.20126068592072 4.394031681120396 9454.517881080508 15.84487147629261 0.8890973776578903 107.5254415199161 873.6010182127357 472.7103661000729 31.81841097027063 30.67145635187626 60.95338021218777 0.2641882076859474 6.991947546601295 495.6149840578437 0.6713817715644836 5015.089663624763 5574.911549910903 40.27916235476732 286.3739926293492 1.087394222617149 14810.6091657877 387.0526833683252 13275.28238651156 1065.395414561033 1.272850394248962 1401.798978075385 11956.68795795739 4509.268643558025 225.6815893426538 6226.543609790504 3.322024896740913 3.334500424563885 31.98682890087366 4098.534585081041 423.242697738111 10871.10958144814 4710.541968330741 12784.44788227975 7164.198637351394 497.7132983356714 31.88333789259195 30.95228080451488 106.0617626532912 0.4595178961753845 2.729906618595123 87.7956546023488 0.1335290372371674 0 0.6017485857009888 18.93574403971434 0.1598322242498398 8.54313950240612 0.8362344652414322 1.185670465230942 0.4912720918655396 0.1022604182362556 0.6260241717100143 0 1494.357114993036 1.428508467972279 0.237480953335762 0.3020811229944229 0 174.6006115078926 451.1842088326812 821.4264372214675 274.5447957217693 0.1997831016778946 5.162274107336998 1205.618023268878 159.8187370598316 0.1984645277261734 48.57416032254696 0.628571018576622 0 0 0.176228255033493 43.22686180472374 58.110371991992 5.687045253813267 11.15437229722738 10.26598440855742 1.192013174295425 0.6550294756889343 0.3696485757827759 0.4123021364212036
10.45770199596882 726.1265451312065 118.0414722040296 2995.521582648158 55.42160215973854 69.40531986951828 4754.051026023924 56.73380184173584 13757.47475755215 931.3090302944183 25.63852402567863 1093.010596141219 88.61686360090971 91.71803709119558 545.0368587002158 3406.841693468392 52.21475809067488 4.678303055465221 7.788596160709858 411.9697197899222 623.3870234265924 8023.879215434194 1065.395414561033 19615.52115684748 122.3663740307093 58.54236280173063 4292.759990505874 12022.26162087917 286.9338078349829 631.6174283847213 12.61613249778748 10.01395284384489 48.53428101539612 170.9902174845338 137.9341224431992 2475.631286807358 80.21425577998161 708.6610424220562 148.4787218570709 1301.80307174474 33.32816993445158 19.61127166450024 33.88647291064262 2.930851168930531 15.22065372020006 13.01048567891121 256.7646047696471 0.928540900349617 22.89308077841997 497.8164996802807 10.00863090902567 1613.932226344943 338.4631469994783 9.564675249159336 88.012211330235 3.381949067115784 13.71868700534105 11.71561739593744 387.197275467217 8.801598027348518 2.186443343758583 1.70655731856823 129.6487394943833 197.1049130856991 166.2466600835323 187.9467003941536 4671.437696844339 1.077270239591599 15.39411334693432 177.8310440406203 3381.409644447267 29.99502024054527 608.2001246139407 0.6149941310286522 1.319287493824959 1.69792627543211 9.925454139709473 15.44010677933693 786.8734906166792 6.757749035954475 32.8897348716855 12.51411016285419 286.0667646303773 4.0989920347929 0.6956249997019768 1.322295926511288
0 1600.821141041815 0.1485051214694977 0 0.9310622215270996 2.043930239975452 0.7202663123607635 0.6075798571109772 193.8294742330909 3.551792874932289 467.3386835902929 0.6747121661901474 4861.464103251696 0.5572988986968994 1.815126582980156 13.51952435076237 1.619348384439945 5.080292388796806 4.408926956355572 0 3.225658781826496 583.5440216809511 1.272850394248962 122.3663740307093 698.1116602420807 97.10596898198128 2696.863418124616 1.551362849771976 3.035223245620728 0.1153439283370972 171.3737640455365 0.588269829750061 0 557.8944502472878 2.139010667800903 70.92780935764313 575.8135208562016 638.6093272119761 45.14977163821459 6.953860372304916 11.82292497903109 715.4064895659685 7.789927959442139 0 167.5617810040712 0.9596952944993973 0 0 0 0.09103550761938095 0 0.1466151773929596 0 60.01750399917364 0.209663137793541 610.8069966733456 0 0 0 0.1459925323724747 2.722291171550751 2.596403881907463 0 0 34.89728917181492 0.1377912908792496 0.5918937921524048 428.6836833208799 399.3658257052302 1152.296523302794 0 0 0.2178012877702713 155.2001943141222 0 0 2.780047215521336 0 2.643603838980198 77.58111763000488 6.42811394482851 2.116917476058006 0 0 40.39102052152157 0
12.16016644984484 53.81374127417803 6511.231313586235 7.877553254365921 0.8103145435452461 77.67086967080832 204.047766007483 221.8261179476976 25.37826708704233 79.28208789229393 3071.717926949263 10.27592466026545 191.407637372613 198.9353764727712 0.3603523150086403 11.75695985555649 5563.997262358665 6931.42668055743 9300.358833745122 9.456334143877029 74.29858031123877 30.99466878175735 1401.798978075385 58.54236280173063 97.10596898198128 39487.17844575644 14958.2173037678 68.71962661296129 205.8194308802485 257.8632882237434 422.9224018156528 21.88386206328869 22.5543774664402 1862.057506941259 49.26423948258162 5539.945986285806 7399.855671815574 6736.054138764739 2184.240113973618 243.5153058096766 16.34400503337383 199.9454930275679 12.2637959420681 0 152.0066062361002 125.3291261941195 0 0 0.2404978722333908 3.351630218327045 0 3.167998485267162 0.1238718181848526 72.73674911260605 0.4926683977246284 717.8129406943917 0.9213414341211319 0 5.236448630690575 26.28396219015121 14.99487901479006 24.73596024513245 0 0.2483763098716736 17.03907361626625 6.142343729734421 19.33100629597902 458.9346106871963 2413.365386217833 5279.246865309775 6.811060771346092 0.3335149064660072 1.45951171964407 343.5184315592051 0.3242684379220009 0 7.651146702468395 9.804292365908623 73.64470043778419 179.1084479540586 31.70343837887049 7.720070987939835 0.1813605576753616 0.1217025443911552 32.75893969088793 0.560718797147274
8.881400614976883 3987.593831337988 7470.265811301768 10.38989365845919 2.786765553057194 31.62918009608984 248.1789324134588 115.2921120524406 1011.890382222831 43.43745574355125 856.5385829880834 10.89640779048204 3549.752672478557 125.3761110082269 12.02982719987631 5469.238551229239 7110.657795131207 742.406853698194 1973.392945751548 4.296993263065815 921.2870821878314 8009.499482154846 11956.68795795739 4292.759990505874 2696.863418124616 14958.2173037678 38543.61664324254 1522.763250738382 148.1906782463193 233.0592020079494 1345.550373449922 12.35084263235331 20.76447077840567 1850.978217735887 169.9467848092318 10090.67224746197 4589.656578890979 10994.50486563146 4389.5318601951 764.8533086404204 18.30154748260975 162.6734521090984 45.89493147283792 0.5580826848745346 4296.116525918245 2016.383601211011 0.858525924384594 0.420990951359272 1.097069896757603 80.40176229178905 4.49983299523592 17.54337859898806 8.706461243331432 81.76089917868376 0.6478184834122658 728.5335393995047 4.431498751044273 0.818097323179245 1564.673526018858 115.8821478337049 24.60058730095625 129.3923621252179 0 62.01879668235779 2708.806796006858 1408.410496897995 306.8954423516989 725.4229816198349 6499.803104296327 31617.18994025141 182.0971453934908 2.996641986072063 40.84371676295996 409.2532798051834 0.4498143494129181 0.869470551609993 36.16790664941072 37.54677053540945 306.3811680972576 308.3353634700179 216.1803707629442 80.56810559332371 5.679311230778694 1.296230740845203 35.01131316274405 1.129040367901325
23.10849472880363 6.659768007695675 360.8100417107344 3584.705511182547 4.139018140733242 889.6146197319031 23289.74325121194 267.015123821795 920.1835638284683 5385.362199351192 19.98251536488533 1041.336341299117 5.536080054938793 324.8211716711521 32.13988623023033 1687.194063276052 73.18903052806854 2.783261604607105 7.888011120259762 3482.908609189093 3960.836154855788 171.8057214617729 4509.268643558025 12022.26162087917 1.551362849771976 68.71962661296129 1522.763250738382 29165.30459048599 451.9821514189243 9699.869477003813 1.510957725346088 18.27074982970953 31.88078749924898 295.5861813873053 152.4833018034697 2724.781273305416 64.90821287035942 1052.55908703804 243.369746863842 287.6918499693274 28.39633835107088 12.75110427290201 48.37394440919161 1.099247872829437 0.4894095808267593 6.170499905943871 157.1705939695239 0.2240224033594131 6.619557112455368 168.2788898870349 4.253840804100037 420.1578309684992 174.1096725538373 0.4010295495390892 46.86147046089172 0.09963914006948471 6.214241988956928 2.275021210312843 134.3280348032713 4.902478285133839 0.1269471645355225 0.2779125869274139 70.82480508089066 132.2835483253002 30.04490042477846 38.14250010997057 1833.769733466208 0 4.448695369064808 50.9131346270442 1503.605860613286 8.919367544353008 471.3566628694534 0 0.1017456352710724 0.2484342902898788 5.107872985303402 12.02594870328903 300.3956127688289 3.152762681245804 7.154294535517693 5.706143416464329 98.85071671009064 0.4913242757320404 0.4346318244934082 0.809613898396492
3878.746323995292 0.08437330275774002 116.0965100675821 66.35041393339634 4.466865949332714 380.1309790015221 1971.721337147057 1358.885468497872 23.61422061175108 1443.810297518969 228.6410688757896 216.7653022259474 19.38909995555878 11712.69228195399 1.550470247864723 0 776.0327904336154 43.84202256798744 104.4963412955403 163.8418437242508 84.82580217719078 0.3938532471656799 225.6815893426538 286.9338078349829 3.035223245620728 205.8194308802485 148.1906782463193 451.9821514189243 22611.14408168197 9113.557625740767 10.46094609051943 1416.245211169124 2448.391529999673 3133.484138630331 54.10594269633293 687.9832046329975 50.83080815523863 2479.771716184914 172.0771773904562 468.2296221405268 111.5300667583942 4.937019824981689 21.33850772678852 0 0 0 0.2381097972393036 0 0.1119162514805794 4.802440464496613 0.1256211251020432 9.008884415030479 0.3045426309108734 0.125359445810318 0.1207036450505257 0.1028890982270241 0 0 0.1637042164802551 0 0 0 0 0 0.2133316695690155 0.2153670787811279 27.69243140518665 0.1478627473115921 1.067081600427628 2.643931724131107 15.11870728433132 0.1007939279079437 1.496457383036613 0.09024477005004883 0 0 0 4.098291680216789 9.433607645332813 0 0.531159020960331 1.84378245472908 0.651642769575119 0 0.7584484815597534 0
2657.25839048624 0.5881940573453903 1030.335343368351 9.131236173212528 2.189488932490349 463.7520288899541 8787.727047033608 4587.024097494781 95.56054196506739 58.31525530666113 43.40389444679022 3.571514926850796 5.325473628938198 9214.158174015582 0.7569092810153961 33.56940320134163 1804.535818614066 28.55806817859411 204.4250088706613 1.926506362855434 14861.15211297572 8.402798712253571 6226.543609790504 631.6174283847213 0.1153439283370972 257.8632882237434 233.0592020079494 9699.869477003813 9113.557625740767 10076.99606204778 2.377318613231182 33.86994250118732 1252.73083524406 3319.484053164721 602.602634742856 7136.898254990578 118.1790900677443 4889.259696923196 836.29952929914 382.2848575934768 40.03240437060595 4.90784016251564 90.95912010222673 0.1334716081619263 0.3912521302700043 1.900634348392487 1.54858273267746 0 0.4586473852396011 24.34566423296928 0.5891516730189323 41.22516384720802 2.716040834784508 0.1855549365282059 0.1897057443857193 1.115251183509827 0.8899536654353142 0 24.60658606886864 0.9874997437000275 0.1267865151166916 0.5207176804542542 0.162203460931778 31.24087241292 3.85762594640255 5.662802338600159 309.8984209150076 0 1.908822104334831 12.25491186976433 310.3722012862563 1.911291383206844 86.13364170491695 0 0 0 0.5443470031023026 35.08563454449177 90.845927529037 1.821925774216652 3.23038724809885 1.115229427814484 12.21753957867622 0 0.5565119385719299 0.4689428508281708
