1121.126508817077 0.4242920652031898 26.07528584450483 11.62485363334417 0.8554448708891869 16.57179163396358 2344.631823152304 395.353029422462 0.3750077188014984 55.36077924072742 11.39692029356956 1.032565765082836 0.4002622216939926 7404.085797600448 0 0.2606491446495056 113.6654840707779 8.0588468760252 27.87023044377565 5.239787086844444 54.73828317224979 0.125379666686058 63.328329898417 38.9441184848547 0.3689296394586563 62.99011295288801 20.75328819453716 112.5731680467725 2865.853894546628 2402.598721623421 0.3949931338429451 21.17843851447105 23.12916501611471 145.6685258224607 0 48.91592516750097 6.422266557812691 90.66796964406967 20.86512289196253 4.778140991926193 0.8325756639242172 0.1205021739006042 0.522851474583149 0 0 0.3117928802967072 0 0 0 0 0 0.9159512966871262 0 0 0 0 0 0 0.5124108195304871 0 0 0.5753629729151726 0 1.10817813873291 0 0.140489399433136 4.868856936693192 0 0.5838413834571838 1.217262446880341 2.130253575742245 0 0.8387399017810822 0 0 0 0.1375814080238342 0 1.403410941362381 0.3019765019416809 0 0.1982936561107635 0.2074467986822128 0 0 0
0.4242920652031898 128.1225994974375 63.40497547388077 0 0.496181309223175 0.1836767867207527 4.156006745994091 0.07905779778957367 703.3142841905355 0.4528497382998466 134.4408547580242 0.3866562619805336 442.5950129181147 0.5217829793691635 5.255318030714989 189.6126263812184 110.2266494482756 6.546925328671932 31.14211439341307 0.6330537647008896 4.806995034217834 2650.972572930157 12.3995506465435 863.080079048872 2245.227101050317 1329.122460305691 11363.79697525501 68.1016244366765 2.044592395424843 3.659977205097675 52.21792485564947 0 0.28024922311306 27.52501381933689 0 65.41928396373987 35.23451985418797 70.44972867518663 18.32482066750526 18.32656566053629 0.4304112195968628 47.90450267493725 0.9663355350494385 0 22.7313974276185 169.3987367674708 0.3292951285839081 0 0 1.103696070611477 0.4057576954364777 1.211954183876514 0 2.198517687618732 0 9.455898620188236 0.2342689484357834 0 13.57507321238518 88.00267145037651 12.38094212114811 168.6134568229318 0 1.058113999664783 33.33386252820492 17.79435635358095 5.928682744503021 16.67632383853197 455.7863455116749 1321.276160292327 4.360009677708149 0.5229492336511612 1.832533910870552 8.50645736604929 0 0 17.04330669343472 0 114.2049009427428 52.46253557503223 78.00120053440332 31.63361805677414 1.521732002496719 0.4224530607461929 0.9862257540225983 0.5191362202167511
26.07528584450483 63.40497547388077 7353.701209172606 1.375319197773933 0.1129723563790321 6.456261307001114 368.7592537552118 99.49868750572205 1.578861802816391 3.201491370797157 11.83133494108915 0 7.931719362735748 75.41546526551247 0 35.62848041206598 2894.309119433165 62.28652357310057 268.7736286297441 0.7223333492875099 1488.455832101405 10.22023668885231 17742.43559059501 79.52963101118803 0.3015061467885971 11238.87462753057 8729.609637714922 504.0198584869504 98.57575894892216 427.1345880627632 4.594100289046764 2.45666241645813 13.77316101640463 335.0299835056067 10.3554559648037 1894.939135462046 1609.622221693397 1240.500302121043 565.3920228332281 38.70767933875322 4.065038003027439 5.970459640026093 8.284678667783737 0.3170328140258789 149.3391094654799 1282.45318569243 0 0 0.4900527074933052 16.13496113568544 3.081126242876053 0 0.4505576193332672 0.9847357273101807 0 0 4.026288047432899 0 69.50337546318769 289.9575930908322 5.719211488962173 49.69542129337788 0 14.47227285802364 206.5739352181554 306.7856245189905 35.50617355108261 0.1267816424369812 349.2112004682422 2739.232564009726 11.68347088992596 2.544708922505379 6.688340313732624 0.6097892597317696 0.134585440158844 0 22.5238841548562 2.960811361670494 352.73985337466 70.28181693702936 189.0216310694814 111.5315637663007 4.636309571564198 0.4898216873407364 0.3650083839893341 1.78552308678627
11.62485363334417 0 1.375319197773933 4017.98275513202 5.703952357172966 95.05278726667166 37.52308339625597 85.50778098404408 828.4780947864056 4901.931473374367 7.371020302176476 3052.376613460481 5.042547136545181 52.4985316991806 46.12186617404222 0.320127934217453 0.5359438508749008 4.146181464195251 4.443302549421787 7353.309423975646 0.2961083501577377 0.165463924407959 0.5721439123153687 2293.805253617465 0.09746177494525909 9.949409678578377 7.058883048593998 3249.582767531276 159.3799472600222 4.755967989563942 0.4754445403814316 10.6544521227479 24.96772056818008 138.0140700638294 5.88227179646492 491.1842923089862 4.767703697085381 209.9826120957732 59.00770942121744 256.2697696313262 29.37649938464165 2.56634084880352 9.98623625934124 0 0.2082994803786278 0.1109503731131554 133.6985723823309 0.7319434285163879 8.253074645996094 42.53776579350233 2.845535136759281 170.6290948092937 67.12900806963444 5.27970752120018 52.95837379992008 0 8.275217585265636 14.5288575142622 1.946277931332588 0 0 0 48.7475394308567 0 0 1.875650465488434 508.4667573049664 0 0.4956600069999695 0.160408154129982 453.0751625075936 11.6223002821207 3.910864144563675 0 0 0.2438479512929916 15.22860985249281 1.461042001843452 43.9092834815383 0.4137213528156281 44.4977593049407 22.45555093884468 90.83375981450081 10.81657582521439 0 0
0.8554448708891869 0.496181309223175 0.1129723563790321 5.703952357172966 7.286209128797054 393.7365831434727 2.766930811107159 35.3976292386651 207.8674901202321 12.3631726205349 0 345.2837226614356 0 9.850536204874516 1059.393720008433 0 0.185314878821373 0 0 48.74518366903067 0.09561681002378464 2.827785350382328 0 59.24221933633089 0.2117509320378304 0.4937645718455315 1.03975010663271 5.465682163834572 0.2739799618721008 0.9812627509236336 0 17.4826505407691 0 3.100778669118881 0 26.97690066695213 0.5054504871368408 25.51560597866774 6.779917813837528 1537.247418545187 63.61883252859116 0.104739174246788 3.13320255279541 0 0 0 0.7244034707546234 0 0 0 0 0.9074151515960693 0 0 1.568211421370506 0 0 0.9108612537384033 0 0 0 0 0 0 0 0 2.856940731406212 0 0 0 0.550410121679306 0 0 0 0 0 0.1685004085302353 0 0 0 0 0 3.372281432151794 0 0 0
16.57179163396358 0.1836767867207527 6.456261307001114 95.05278726667166 393.7365831434727 13522.79627855867 1983.298990540206 5403.141264542937 22.03438757359982 11130.13171887398 26.71945081651211 5544.151362195611 3.509165093302727 421.8282347917557 1564.636879518628 0.7341366931796074 9.711834974586964 15.50219395011663 16.72787487506866 813.4944811910391 11.07223579287529 0.5617550313472748 9.516423426568508 195.3946843370795 0.08568642288446426 34.77713257074356 19.64957844465971 793.2676723450422 182.3726826757193 44.29625498503447 1.856346026062965 273.6415056139231 7.933343783020973 344.2833071127534 4.066557809710503 498.9499503746629 7.29644675552845 347.3977119699121 86.61024811118841 2786.954821318388 163.0816256329417 1.377054147422314 15.28860404342413 0 0 0 5.609973885118961 0 0 1.637959212064743 0 6.948844999074936 1.159633815288544 0 9.54949264228344 0 0.2808462083339691 1.752866595983505 0.198838010430336 0.1068578362464905 0 0 0.6384022533893585 0.2346639782190323 0 0 27.58030816912651 0 0.195543147623539 0.2487251311540604 19.70870096236467 0.2061412334442139 0.8798840641975403 0 0 0 1.562066286802292 0 4.152561269700527 0 2.898061096668243 0 9.712136849761009 0.6008934378623962 0 0
2344.631823152304 4.156006745994091 368.7592537552118 37.52308339625597 2.766930811107159 1983.298990540206 10759.52393262088 5028.264815747738 100.7810332253575 5868.062966309488 48.16853174567223 25.97429013997316 13.28836009651423 5130.51845793426 4.014654852449894 8.596998281776905 158.0514268055558 32.36342752724886 50.76430311799049 28.94834132492542 1018.052098482847 9.220356658101082 421.3544983938336 1177.571743823588 0.7046370953321457 705.1217902675271 330.8561387583613 14761.43244566023 2091.934017963707 8455.748806476593 3.131860926747322 52.09159258008003 327.3543676882982 872.5955949649215 38.87509765475988 2141.552033364773 48.6965142339468 1370.021505109966 453.4395371079445 295.4127316996455 91.16191027313471 12.96334545314312 41.98296689242125 0.2913909554481506 1.970181010663509 6.280516758561134 21.11668825894594 0 0.579854816198349 28.86313863098621 2.537833958864212 46.82339479029179 31.73132390528917 1.284111738204956 5.227255433797836 0 1.403428643941879 1.962760165333748 18.49320037662983 0.9498680904507637 0.1141368001699448 0.1602947860956192 13.58522282540798 3.572078809142113 4.873378828167915 7.277843967080116 217.5353259220719 0.09368966519832611 2.092180378735065 20.93498146533966 178.1170352771878 5.705964162945747 8.730163127183914 0 0.5648149251937866 0.5609340369701385 7.432483650743961 2.734270662069321 41.83012928813696 0.4753375351428986 33.0384341776371 2.899675503373146 11.67237827181816 9.603438764810562 0 0.9215622693300247
395.353029422462 0.07905779778957367 99.49868750572205 85.50778098404408 35.3976292386651 5403.141264542937 5028.264815747738 9132.634499497712 5.866245150566101 4240.974078796804 16.21382909268141 786.1436939164996 2.721946515142918 10295.66561629996 128.2662953138351 1.328427001833916 222.475776001811 9.190050780773163 33.41743979603052 449.3522938266397 159.081540979445 0 203.9051761180162 217.4918487742543 0 204.4966012090445 43.18544253706932 687.8470653891563 275.3292707055807 1143.062372244895 0.5542159751057625 138.7882383838296 14.35045835375786 371.5855515450239 4.95635150372982 397.480303645134 12.63712577521801 289.4049238860607 84.80812651664019 1052.28728877008 90.6753950342536 1.552316106855869 7.388040721416473 0 0.3322758898139 3.95860605686903 3.617511294782162 0 0.08837314695119858 2.149666503071785 0 2.82614529132843 0.1767270416021347 0 3.210486866533756 0 3.034633204340935 0 2.022381380200386 0.2581218928098679 0 0.2230721116065979 0 0.2632733732461929 1.320217400789261 1.227887116372585 29.86497120559216 0 0.7481167688965797 5.299244932830334 30.37203948944807 4.010996378958225 2.051063016057014 0 0 0 1.73678520321846 0 5.52660807967186 0.08654454350471497 3.554209962487221 0.6628164947032928 1.815902173519135 0 0 0
0.3750077188014984 703.3142841905355 1.578861802816391 828.4780947864056 207.8674901202321 22.03438757359982 100.7810332253575 5.866245150566101 814.0199651941657 105.2777563780546 5.799641408026218 372.5572939068079 15.08117219060659 3.830572180449963 669.3955135419965 6.747526168823242 22.28513880819082 0.9094275459647179 1.650316447019577 211.0081480890512 0.2544039711356163 3390.678959876299 1.067779429256916 8811.400151312351 130.4004334583879 46.10682786256075 750.9667554199696 794.6532513797283 10.0168741568923 36.83807120472193 1.34636002779007 1.28622767329216 1.43533231317997 13.25526227802038 0 85.33634995669127 1.865766823291779 23.93869154900312 10.21191477030516 686.3116520941257 0.2856010496616364 0.8662716671824455 0.9514629244804382 1.11695995926857 0.769162192940712 1.046244367957115 46.29426936805248 0.1427176147699356 2.838976435363293 36.00377951562405 2.546921446919441 68.04782076179981 32.02661879360676 1.466543361544609 31.22805500030518 0 9.997713342308998 7.903886675834656 22.72605935484171 0.6172853484749794 0.6496914923191071 0.7682427540421486 21.6154363900423 17.62534065544605 13.69305215775967 0.6483383327722549 1756.053403221071 0.5118054896593094 3.038188405334949 6.316509932279587 604.412569694221 21.18080773204565 31.53533375263214 0.3473503664135933 0.9106970727443695 1.983881875872612 26.35793195664883 2.974691405892372 140.836589962244 0 65.26555751264095 20.38758712261915 48.74409550428391 25.034488260746 0 2.832781165838242
55.36077924072742 0.4528497382998466 3.201491370797157 4901.931473374367 12.3631726205349 11130.13171887398 5868.062966309488 4240.974078796804 105.2777563780546 25129.38175388426 71.85105773061514 5199.368358388543 25.32624725997448 988.0104789286852 37.56478649377823 0.2752524167299271 4.617006160318851 48.99184589087963 61.6274813041091 8915.942516170442 8.70452207326889 0.6992212682962418 4.711000002920628 793.247419603169 2.116692043840885 77.26623959094286 58.97617983818054 3776.542726777494 927.8077354952693 25.97451379150152 6.787330731749535 104.0356814563274 49.94134202599525 798.8401445522904 32.34592141956091 1813.97047945112 30.10103271901608 1376.577062517405 286.6985784098506 314.0198998600245 168.5890740007162 14.81624609231949 30.14165298640728 0.131533294916153 0.1765691936016083 0.5614855289459229 100.6407509222627 0.8040032237768173 2.498823910951614 51.57670091837645 3.01508641988039 66.63717347383499 42.8180059120059 1.296813018620014 33.25110356509686 0 5.170443199574947 9.651495888829231 0.9761017635464668 0.2702475786209106 0 0 24.73742324113846 0.4733530431985855 0 0.8416070193052292 345.4041409343481 0 0.2222282439470291 0.6427443251013756 301.0493913441896 5.123607262969017 9.515963226556778 0 1.462959349155426 0.2086075842380524 9.530813455581665 0.35360948741436 45.33910165727139 1.030580744147301 30.22163084149361 6.024947106838226 50.41706547141075 9.535287663340569 0 0.1580978184938431
11.39692029356956 134.4408547580242 11.83133494108915 7.371020302176476 0 26.71945081651211 48.16853174567223 16.21382909268141 5.799641408026218 71.85105773061514 9822.544741749763 42.62939891219139 3548.585559420288 70.72191569954157 0.7904696762561798 1.033724099397659 474.871628023684 2487.634026147425 4260.261236399412 42.16317331045866 11.12614792585373 20.0194733068347 33.97391460835934 30.56266658008099 648.5229321718216 1550.695002496243 661.7993326708674 25.02226472645998 143.7531802877784 56.11509773880243 440.069101318717 49.63806361705065 4.193941012024879 5143.514894358814 13.55320217460394 433.7857211828232 4938.38741543144 3065.865618057549 749.3689130321145 23.86052566021681 3.196664795279503 1258.047731436789 2.542308978736401 0 12.31237316131592 0.401739090681076 0 0 0 0.2100468426942825 0 0.4480415433645248 0 115.1252787858248 0.1801118478178978 596.1693584546447 0 0 0 0.5807684063911438 108.5164717212319 20.60204581171274 0 0.1950923949480057 0.3106232136487961 0.373541846871376 1.45771287381649 630.9413230568171 83.09600817412138 158.123303219676 5.155867829918861 0.2779982388019562 0.988786444067955 178.8007787466049 0.1014581918716431 0 1.007452942430973 0.2509941458702087 14.74180689454079 507.4442598596215 10.75559252500534 1.548065274953842 1.096528276801109 0 71.75745695829391 0
1.032565765082836 0.3866562619805336 0 3052.376613460481 345.2837226614356 5544.151362195611 25.97429013997316 786.1436939164996 372.5572939068079 5199.368358388543 42.62939891219139 10276.99805319309 8.140415288507938 306.2148223221302 1616.158482536674 0 1.401711292564869 26.97671847045422 26.3904298171401 7895.490607194602 0.8089285865426064 2.725796826183796 0.3544767498970032 1199.607830494642 0.8358286842703819 40.68643943220377 26.78821044415236 961.7265782654285 240.6013384908438 2.570858404040337 3.50966677069664 90.65698890388012 1.384887114167213 406.6523281335831 3.750116020441055 826.49945089221 7.057803779840469 332.6108724474907 32.53409330546856 2933.044547013938 50.47742841392756 9.831454955041409 5.706558778882027 0 0 0 78.21881213784218 0 4.545910477638245 11.68098148703575 3.458229631185532 109.144004881382 51.16493140161037 5.986389115452766 97.0679566860199 0 6.771075166761875 14.26890690624714 0 0 0 0 62.60169887542725 1.271931290626526 0 0 296.4684753939509 0 0 0.9041167125105858 193.1315786615014 8.526293449103832 3.506398677825928 0 0.4624758362770081 0.4887230396270752 9.846432708203793 0.7868513464927673 35.1156188249588 0.1225871741771698 33.73763853311539 4.398288756608963 135.695006147027 9.635250210762024 2.229625076055527 0.6014770269393921
0.4002622216939926 442.5950129181147 7.931719362735748 5.042547136545181 0 3.509165093302727 13.28836009651423 2.721946515142918 15.08117219060659 25.32624725997448 3548.585559420288 8.140415288507938 3703.302122496068 3.887469567358494 0.1513359546661377 7.514433138072491 8.818799361586571 45.07457756251097 13.98790671676397 15.0030731856823 6.543298080563545 44.89499910920858 27.10693746805191 32.0170239135623 4086.92771025002 109.790510520339 3668.617306753993 23.16653329133987 10.94587372988462 9.911497667431831 767.6446861997247 2.678104639053345 0.2090649753808975 1481.114219754934 61.26073701679707 1968.028719186783 5374.982280902565 5654.58406804502 1460.221330977976 187.635466389358 47.38593143224716 2687.251765698195 13.24382437765598 0 27.64838790148497 1.097696721553802 0.2821221947669983 0 0 0.2582499384880066 0 0.5150014460086823 0.8354774937033653 220.8329528346658 0 1137.487032070756 0.3471217676997185 0 0.5725192427635193 1.211530908942223 162.6467042565346 28.87788159400225 0 0 1.83378828316927 0.2106305062770844 4.05162438005209 1753.573722176254 177.5541651770473 354.383579313755 0.3758033215999603 0.2504111677408218 0 474.306954190135 0.1800836622714996 0 3.627088472247124 0 127.1135375499725 771.6986733451486 18.31271191686392 2.032186642289162 6.874561816453934 0 87.08653807640076 0
7404.085797600448 0.5217829793691635 75.41546526551247 52.4985316991806 9.850536204874516 421.8282347917557 5130.51845793426 10295.66561629996 3.830572180449963 988.0104789286852 70.72191569954157 306.2148223221302 3.887469567358494 14671.62514204532 3.229003623127937 0.8128841742873192 268.3572746962309 39.33816899359226 71.0878135189414 235.3410011455417 140.9163684919477 1.379359863698483 167.7126912176609 177.4816787987947 0.1031844094395638 180.748007774353 60.56213124841452 246.8795583620667 6412.477474786341 3042.4515722543 4.487785086035728 289.4584973305464 12.22529082000256 781.040470354259 4.180858261883259 504.3590958788991 18.81058087944984 494.6926536932588 83.34850139170885 367.5213980525732 33.69357922673225 1.676659591495991 10.06576157361269 0 0.5459348484873772 2.890202112495899 0.4703999757766724 0 0.4548303782939911 3.089247860014439 0.7555986046791077 0.4096905440092087 1.714902475476265 0 0.7412140071392059 0 0 0 1.210321128368378 0.1153530552983284 0 0.1222609281539917 0.9741357564926147 1.054622307419777 0.4724662154912949 0.4616539403796196 28.65385020524263 0 0.464230477809906 5.150903522968292 26.57706793397665 2.195940852165222 1.387557223439217 0 0 0.353015273809433 2.558674782514572 0 5.639599300920963 0 2.497281581163406 0.9126715064048767 2.087050229310989 0.4770032167434692 0 0.1886381953954697
0 5.255318030714989 0 46.12186617404222 1059.393720008433 1564.636879518628 4.014654852449894 128.2662953138351 669.3955135419965 37.56478649377823 0.7904696762561798 1616.158482536674 0.1513359546661377 3.229003623127937 202.4532595127821 0 0.4120480194687843 0 0 322.7571587115526 0 34.92410752177238 0 669.1772385984659 1.122443579137325 0.839681051671505 7.567902833223343 39.45325216650963 0.8925608396530151 0 0 114.6435257047415 0 1.039821997284889 0 33.35000490397215 0.1458099186420441 0.6167302951216698 0.7100958228111267 736.1769046932459 3.683793842792511 0 0.2927209436893463 0 0 0 1.079482913017273 0 0.1260745078325272 0 0 8.630082681775093 1.680036693811417 0 3.812356799840927 0 0 0.8768295645713806 0.244540199637413 0 0 0 2.335264801979065 0 0 0 11.222506031394 0.3471077382564545 0 0.1375779062509537 6.02303521335125 0 0 0 0 0 0 0 0.1592253148555756 0 0.4550784230232239 0 9.060018077492714 1.40606415271759 0 0
0.2606491446495056 189.6126263812184 35.62848041206598 0.320127934217453 0 0.7341366931796074 8.596998281776905 1.328427001833916 6.747526168823242 0.2752524167299271 1.033724099397659 0 7.514433138072491 0.8128841742873192 0 1674.256747834384 50.29664485156536 0.3506852239370346 5.67518112808466 0.08700067549943924 963.0877081826329 2644.643972702324 4009.593231290579 2005.275978572667 11.05833720415831 59.01708719134331 7231.739860154688 1888.335364244878 4.464637346565723 196.9904165267944 1.063170418143272 0.2376974448561668 3.56106848269701 80.27356263250113 30.89039997756481 4631.634988710284 704.403184145689 750.3858000040054 1030.567999906838 128.4914583191276 4.830077454447746 1.22317972779274 47.77275128662586 0 12.49171641469002 29.51549715548754 0 0 0.09708588570356369 8.146507248282433 0.2688551768660545 35.09667225927114 0.296028845012188 0.1029156148433685 0 0.3726155310869217 0.9336408823728561 0 4496.945222645998 13.45274595916271 0.728346049785614 6.469522066414356 0.9084067940711975 525.338879801333 860.061261087656 727.447900608182 949.7596763372421 0 15.5831611379981 303.5668617039919 389.2600284069777 4.835018306970596 49.81049072742462 0.2697316259145737 0 0.8684786111116409 3.635831259191036 0.5347950756549835 89.59260964393616 10.84690540283918 19.13230499625206 12.57807700335979 1.10215625166893 3.941165715456009 0.8427507877349854 0.803305983543396
113.6654840707779 110.2266494482756 2894.309119433165 0.5359438508749008 0.185314878821373 9.711834974586964 158.0514268055558 222.475776001811 22.28513880819082 4.617006160318851 474.871628023684 1.401711292564869 8.818799361586571 268.3572746962309 0.4120480194687843 50.29664485156536 1106.850119352341 375.8551181256771 3488.523974761367 1.563704259693623 3166.579396799207 62.26242573559284 4131.224314324558 97.95589739084244 2.970086663961411 2502.303503639996 6947.055559039116 222.0147416368127 848.899167522788 2564.569119133055 4.422475278377533 5.988768383860588 69.6713003963232 1206.249297231436 4.047713406383991 668.7879111766815 1754.669973261654 1479.571533150971 213.2396148964763 12.75183068215847 2.483007878065109 24.11103990674019 2.427769348025322 0 116.2832239866257 166.2476100698113 0 0 0 1.833992421627045 0.232951782643795 0.2701834440231323 0 1.030121773481369 0 1.58368793129921 0.5250257849693298 0 9.834109164774418 246.5856217369437 8.227171175181866 247.0324424207211 0 1.139820545911789 14.07340227067471 19.7772324681282 5.607548244297504 1.391670055687428 746.6782812476158 903.0216451063752 3.974762111902237 0.6552989408373833 4.934723682701588 3.987141333520412 0 0.3507578372955322 24.9895039126277 0.7925206422805786 200.0657102018595 54.45778860151768 153.2520742416382 47.77136867493391 1.553722321987152 0.3655254989862442 0 0.8577037900686264
8.0588468760252 6.546925328671932 62.28652357310057 4.146181464195251 0 15.50219395011663 32.36342752724886 9.190050780773163 0.9094275459647179 48.99184589087963 2487.634026147425 26.97671847045422 45.07457756251097 39.33816899359226 0 0.3506852239370346 375.8551181256771 197.2997756674886 1537.205161802471 26.43178246170282 9.920966103672981 2.3351129591465 29.03461625427008 17.45772361755371 5.860735081136227 2134.560848668218 846.8927092552185 18.58536238223314 70.55088455975056 34.03547896444798 191.487505197525 19.4254242554307 2.011084444820881 1251.463657788932 5.516450569033623 525.2594699785113 1014.109377749264 1349.557709097862 415.4751121923327 11.20813106745481 2.521421402692795 6.210413321852684 1.875723406672478 0 8.160615354776382 1.134726919233799 0 0 0 0.1318368762731552 0 0.2731843590736389 0 8.03734714537859 0.3815480470657349 35.8164619654417 0 0 0.1420902907848358 3.092721536755562 65.97335149347782 75.40082384645939 0 0 0.6254014670848846 1.055313989520073 4.031156063079834 21.03948503732681 106.9733697250485 158.1109000146389 2.570696875452995 0 0.1451184004545212 38.73713596910238 0 0 2.240759365260601 0 6.553916171193123 24.70825683325529 10.6313529536128 1.428669363260269 0.3016338497400284 0 0.2017443552613258 0
27.87023044377565 31.14211439341307 268.7736286297441 4.443302549421787 0 16.72787487506866 50.76430311799049 33.41743979603052 1.650316447019577 61.6274813041091 4260.261236399412 26.3904298171401 13.98790671676397 71.0878135189414 0 5.67518112808466 3488.523974761367 1537.205161802471 2200.033202476799 32.11404570192099 200.3521775007248 6.948929876089096 354.4110079780221 21.63564591109753 4.12494295835495 3973.555055342615 2009.384109757841 41.08535522222519 212.7887554243207 247.1449061110616 32.72962989658117 24.81861609965563 12.95645625889301 5031.775332942605 2.747127436101437 1519.254510760307 2009.611525580287 3670.139745272696 507.7368784025311 13.41152773797512 2.475398018956184 81.87125238776207 2.347495630383492 0.3051721751689911 74.13159968703985 8.829934410750866 0 0 0 0.9095870777964592 0 0 0 5.636425569653511 0 15.55362518876791 0.2334667593240738 0 1.599852718412876 36.68767423182726 47.21227000653744 332.1787265613675 0 0.3976824805140495 0.9809088930487633 5.410602942109108 2.062729798257351 11.58115322142839 438.0204999148846 464.8575819954276 1.014542058110237 0.8099983632564545 4.589046999812126 21.5696288049221 0 0 15.01541138440371 0.9654387384653091 64.83469700813293 51.57724663615227 64.60539125651121 22.09566351771355 1.31926117837429 0 0 0.1574454605579376
5.239787086844444 0.6330537647008896 0.7223333492875099 7353.309423975646 48.74518366903067 813.4944811910391 28.94834132492542 449.3522938266397 211.0081480890512 8915.942516170442 42.16317331045866 7895.490607194602 15.0030731856823 235.3410011455417 322.7571587115526 0.08700067549943924 1.563704259693623 26.43178246170282 32.11404570192099 1165.263287112117 0.7607714161276817 0 0.1721314415335655 743.1782303750515 0.1695541068911552 37.19422837346792 26.27030860632658 2227.607029214501 303.4997884556651 4.05783025175333 4.963001988828182 58.24698084592819 3.443514935672283 404.9594202786684 11.43475840985775 879.3510044664145 15.2281246855855 545.3516711071134 80.72804217785597 934.999762378633 82.2646099627018 8.423563040792942 12.43464335054159 0 0 0 53.55816750228405 0 1.510296672582626 25.26316592097282 1.441955089569092 57.22611455619335 26.43421955406666 3.748946309089661 27.22593185305595 0 5.552984297275543 5.78799869120121 1.117729187011719 0 0 1.034008383750916 19.7718397974968 1.318384110927582 0 0 246.3158731609583 0 0 0.2910141944885254 196.084508381784 8.601803779602051 8.589131772518158 0 0.9345776438713074 0 5.396409183740616 2.151141881942749 37.08665220439434 0 32.62954788655043 8.199776887893677 59.08581228554249 9.032738029956818 0 0
54.73828317224979 4.806995034217834 1488.455832101405 0.2961083501577377 0.09561681002378464 11.07223579287529 1018.052098482847 159.081540979445 0.2544039711356163 8.70452207326889 11.12614792585373 0.8089285865426064 6.543298080563545 140.9163684919477 0 963.0877081826329 3166.579396799207 9.920966103672981 200.3521775007248 0.7607714161276817 13522.91090536118 99.91856073588133 18393.74911069125 176.2124446630478 0.5524887368083 835.3994221165776 715.4476754739881 6722.976103417575 277.410614207387 11725.3358373642 0.8479440063238144 2.136771142482758 43.17706982791424 3891.872392244637 26.3540867343545 5156.713284090161 626.8054189383984 6603.225100703537 2817.210186429322 208.0754504352808 11.57789138704538 7.270541042089462 58.18992806971073 0 1.46327793598175 25.12757802009583 0.1265372335910797 0 0.4303192719817162 6.467199712991714 0.2876661643385887 14.90530034899712 0.7251249253749847 0.105710931122303 0 0.6304184794425964 0.6194617822766304 0 449.5689228922129 2.986494161188602 0.3687156513333321 2.744378365576267 0 250.9656665995717 82.06751131266356 96.98136948794127 450.1942604258657 0 6.534344978630543 91.27437055110931 276.6813135445118 3.188444636762142 50.06009536981583 0.1088936030864716 0 2.253733485937119 3.832625269889832 0.8593833446502686 86.40767325460911 3.615891933441162 13.65278510004282 8.409727551043034 1.152726292610168 0.9277667999267578 5.757672026753426 0
0.125379666686058 2650.972572930157 10.22023668885231 0.165463924407959 2.827785350382328 0.5617550313472748 9.220356658101082 0 3390.678959876299 0.6992212682962418 20.0194733068347 2.725796826183796 44.89499910920858 1.379359863698483 34.92410752177238 2644.643972702324 62.26242573559284 2.3351129591465 6.948929876089096 0 99.91856073588133 1368.29445169121 288.4234593063593 7882.470450654626 525.1838278025389 140.1050404980779 6071.634840428829 336.0491588935256 2.740885704755783 41.68655978888273 3.7204674705863 0.4918725490570068 1.2770154774189 16.73399384319782 0.7444858774542809 564.8399363458157 87.76767820119858 110.9881324619055 79.2301876693964 142.2459421232343 0.6959853172302246 2.284706182777882 2.403041660785675 0.3655024170875549 17.58056256175041 111.0866613835096 0 0 0.2652710750699043 3.955757521092892 1.188064485788345 19.56970836222172 0 0.1356161236763 0.3322354853153229 0.8313214927911758 0.3622248694300652 0 1791.630860231817 15.1458568572998 1.191602095961571 5.183107405900955 0 94.5640007853508 320.3986624777317 272.3815806210041 390.2177436128259 2.178749650716782 21.16235715150833 869.6704162210226 94.20291280001402 0.3161228224635124 7.038548573851585 1.019832834601402 0 0 1.411895222961903 0 71.75256276130676 16.28870010375977 14.43631601333618 16.59340973943472 3.601215749979019 0.4537479281425476 0 1.09831528365612
63.328329898417 12.3995506465435 17742.43559059501 0.5721439123153687 0 9.516423426568508 421.3544983938336 203.9051761180162 1.067779429256916 4.711000002920628 33.97391460835934 0.3544767498970032 27.10693746805191 167.7126912176609 0 4009.593231290579 4131.224314324558 29.03461625427008 354.4110079780221 0.1721314415335655 18393.74911069125 288.4234593063593 20251.2677988559 421.4501725956798 0.4645873010158539 3044.680530823767 11728.91514433175 3603.793049395084 379.3650679960847 3712.775442674756 1.515059590339661 2.122705981135368 32.55210952460766 2510.775321938097 59.09898073971272 11259.81601724029 4995.635051950812 7426.638534799218 5949.297610670328 401.3168913796544 16.39909461140633 35.04515723139048 132.5591984912753 0.2360385805368423 15.58990164846182 533.8273736014962 0 0 0 8.659206822514534 1.324651330709457 3.627372749149799 0.1716178506612778 0.3603901192545891 0 0.213125079870224 1.163713365793228 0 2548.67998085916 27.96674556285143 2.128622636198997 8.544098116457462 0 117.2263869345188 462.8663638755679 1643.982218749821 264.3644192889333 0.2167888730764389 28.79421740025282 2236.436472989619 86.26601139456034 1.003852903842926 14.40821740031242 0.7945724725723267 0 0.2485814988613129 3.808581292629242 1.859115168452263 234.0607030317187 68.04568013548851 53.33905082941055 77.17130824178457 3.74114066362381 0.6635807007551193 0 1.14217434823513
38.9441184848547 863.080079048872 79.52963101118803 2293.805253617465 59.24221933633089 195.3946843370795 1177.571743823588 217.4918487742543 8811.400151312351 793.247419603169 30.56266658008099 1199.607830494642 32.0170239135623 177.4816787987947 669.1772385984659 2005.275978572667 97.95589739084244 17.45772361755371 21.63564591109753 743.1782303750515 176.2124446630478 7882.470450654626 421.4501725956798 11311.75914992392 120.0681793019176 162.567788220942 4368.565680518746 5668.278787560761 825.2577643766999 847.5633259490132 3.328263401985168 31.1566503494978 319.7658402100205 797.5916559919715 52.37932050228119 4645.176331035793 119.0450689196587 1343.354821071029 609.2326197773218 2315.173441633582 124.8310187533498 8.662551641464233 48.74703227728605 2.145450100302696 13.12776931375265 32.25192310661077 303.5125764384866 0.2618150860071182 19.97265636175871 281.8147065043449 27.3125354424119 1090.916850082576 200.5711809843779 7.054207429289818 97.86149131506681 0.6290594786405563 30.61237692832947 25.5045213997364 517.834529966116 10.74404188245535 0.5741368755698204 4.211533010005951 126.9219821542501 183.893198557198 138.3311575874686 95.31844756007195 4241.458464950323 2.411515347659588 14.45498374849558 141.8372475504875 2593.96936416626 121.4315849393606 285.4310291334987 0.8234225586056709 10.80298367142677 15.06409030407667 103.326114371419 18.95800679922104 591.9471570178866 6.469761528074741 351.5816207081079 83.24395602196455 161.5153529271483 85.45530746132135 7.544757768511772 8.138970375061035
0.3689296394586563 2245.227101050317 0.3015061467885971 0.09746177494525909 0.2117509320378304 0.08568642288446426 0.7046370953321457 0 130.4004334583879 2.116692043840885 648.5229321718216 0.8358286842703819 4086.92771025002 0.1031844094395638 1.122443579137325 11.05833720415831 2.970086663961411 5.860735081136227 4.12494295835495 0.1695541068911552 0.5524887368083 525.1838278025389 0.4645873010158539 120.0681793019176 483.1033232435584 487.4153822883964 6431.635188914835 4.178155116736889 1.392934732139111 0.9818481728434563 372.0617901608348 0.4355926662683487 0 175.4098520949483 2.248698472976685 100.2745054289699 953.6830336824059 1065.446482270956 210.0181914791465 8.755593053996563 17.70378860831261 410.5761144161224 1.039455413818359 0 60.22593013942242 3.164652973413467 0 0 0 0.2778947800397873 0 0.2538464218378067 0.09022186696529388 140.1872149035335 0 875.3593683391809 0 0 0 2.542159646749496 111.3816589415073 56.62205322831869 0 0 11.8903324753046 0.5154505521059036 0.1762482523918152 269.9955326765776 247.9731362685561 616.7717004567385 0.7073100358247757 0 0.6111653819680214 268.005410246551 0 0 3.316898696124554 0 12.2366528660059 232.6334645599127 24.29014643281698 3.96308034658432 0 0 51.79699976742268 0
62.99011295288801 1329.122460305691 11238.87462753057 9.949409678578377 0.4937645718455315 34.77713257074356 705.1217902675271 204.4966012090445 46.10682786256075 77.26623959094286 1550.695002496243 40.68643943220377 109.790510520339 180.748007774353 0.839681051671505 59.01708719134331 2502.303503639996 2134.560848668218 3973.555055342615 37.19422837346792 835.3994221165776 140.1050404980779 3044.680530823767 162.567788220942 487.4153822883964 24464.77448030561 15422.09898667037 238.9263677150011 326.4147654622793 456.9471426978707 669.9936670809984 27.63787771761417 19.09391869604588 1876.883801840246 10.06224922835827 2371.99554219842 5677.155750907958 5255.919837422669 1157.207638345659 30.14002861082554 7.626692190766335 135.6600008830428 5.358161941170692 1.018826238811016 670.739173732698 129.1748396083713 0.2194061428308487 0 0 6.067640922963619 0.922692134976387 1.603249855339527 0.2461661845445633 112.4754690900445 0.3278963565826416 478.525727532804 2.208815060555935 0.2432294487953186 15.18672993779182 287.1190484985709 656.5868920534849 1521.768263615668 0 6.853746399283409 13.41525679081678 26.26538471132517 9.704464949667454 440.0233850926161 2622.990697421134 3440.568500690162 6.558980010449886 2.808636873960495 13.55624577403069 478.7590165063739 0.6649789735674858 0 62.84692540019751 1.160963520407677 359.3430729433894 389.1498041898012 370.6805858165026 100.3512857556343 4.166000880300999 0.5465490520000458 1.115767195820808 0.7408508956432343
20.75328819453716 11363.79697525501 8729.609637714922 7.058883048593998 1.03975010663271 19.64957844465971 330.8561387583613 43.18544253706932 750.9667554199696 58.97617983818054 661.7993326708674 26.78821044415236 3668.617306753993 60.56213124841452 7.567902833223343 7231.739860154688 6947.055559039116 846.8927092552185 2009.384109757841 26.27030860632658 715.4476754739881 6071.634840428829 11728.91514433175 4368.565680518746 6431.635188914835 15422.09898667037 33397.53393337131 3509.629063159227 146.5987697169185 282.5572264119983 1645.022391609848 18.5341674759984 19.49631550163031 2589.293346688151 73.40929117798805 11668.07294388115 3464.020888864994 10584.85770602524 3945.659619636834 239.6079535633326 15.77272031456232 148.9707535356283 59.25454331934452 1.281332962214947 2539.525049321353 2326.183027930558 1.653805710375309 0 1.345916166901588 38.49744630604982 7.691213399171829 7.626385807991028 0.4218478351831436 129.7749049440026 0.1440629959106445 655.7104359641671 10.19916158914566 0 2772.956415399909 813.7878685444593 712.1272223219275 1843.217521622777 0 64.27791830897331 2081.642847873271 2348.50982876122 227.8045654520392 1484.079132862389 4142.338263839483 14420.68632670492 61.33862926065922 5.561818271875381 32.81925514340401 671.3855347037315 0.2138621360063553 0.2620493769645691 132.682695671916 10.05477469414473 1339.348968289793 691.3283851519227 853.6777984723449 398.2987880110741 14.08293890953064 2.665796533226967 5.668094821274281 8.563296712934971
112.5731680467725 68.1016244366765 504.0198584869504 3249.582767531276 5.465682163834572 793.2676723450422 14761.43244566023 687.8470653891563 794.6532513797283 3776.542726777494 25.02226472645998 961.7265782654285 23.16653329133987 246.8795583620667 39.45325216650963 1888.335364244878 222.0147416368127 18.58536238223314 41.08535522222519 2227.607029214501 6722.976103417575 336.0491588935256 3603.793049395084 5668.278787560761 4.178155116736889 238.9263677150011 3509.629063159227 19608.41737351567 1472.400197669864 10276.01256535202 3.081433191895485 26.62390998005867 656.3460419103503 1674.424543716013 86.92829769849777 5940.064522713423 215.5062648430467 2988.239237904549 1429.544562287629 612.1929248347878 103.187360920012 14.19812511652708 77.09323389828205 1.660094954073429 4.942593730986118 23.64177081733942 196.5727043971419 0.5259734988212585 8.162752285599709 154.7340644821525 13.98469495773315 394.4623351171613 107.4621225818992 6.993901327252388 61.55224416404963 0 19.79350988566875 20.01288788020611 378.1637322977185 5.421251520514488 0.4511812478303909 2.048847071826458 73.00425896793604 191.4804850816727 86.01691352576017 95.23797359317541 2258.267450876534 0.2547517269849777 9.17039966583252 148.6366736218333 1526.75713852793 53.1295187920332 221.0671917200089 0.2590039819478989 2.630391135811806 6.117862470448017 44.54731043428183 5.038881585001945 285.9530758559704 1.478347331285477 140.6817801371217 45.94661580771208 108.1707072556019 35.91254483908415 5.582791835069656 2.932754531502724
2865.853894546628 2.044592395424843 98.57575894892216 159.3799472600222 0.2739799618721008 182.3726826757193 2091.934017963707 275.3292707055807 10.0168741568923 927.8077354952693 143.7531802877784 240.6013384908438 10.94587372988462 6412.477474786341 0.8925608396530151 4.464637346565723 848.899167522788 70.55088455975056 212.7887554243207 303.4997884556651 277.410614207387 2.740885704755783 379.3650679960847 825.2577643766999 1.392934732139111 326.4147654622793 146.5987697169185 1472.400197669864 21038.45079419762 6758.933150522411 7.445874698460102 415.3129464313388 2949.262943968177 4050.137301612645 19.3682240024209 1040.650276787579 49.98291848599911 2034.558502353728 338.1868452057242 555.4055862948298 569.9495867118239 3.960465326905251 25.56932736933231 0 1.45196758210659 3.203743562102318 6.418723158538342 0 0 4.620021164417267 0.3935879468917847 4.669602103531361 1.419177621603012 0 1.259357325732708 0.1476696729660034 0 0.4088933765888214 4.003627672791481 0.4106797128915787 0.2212857007980347 1.438864327967167 3.507668063044548 3.5328389108181 0.2364837005734444 1.872602060437202 52.83751413226128 0 3.836118690669537 13.92025743424892 55.89014949649572 2.611411675810814 7.472557038068771 0 0 0.1694977879524231 0.8079193308949471 0.2863759100437164 15.88937133550644 0 9.474665232002735 2.929770603775978 2.516950823366642 4.255837500095367 0 0
