1458.030713893473 3.108327724039555 80.6782643571496 6.929021097719669 0.9299099445343018 29.40894675254822 4883.657202549279 988.7054153457284 5.992939330637455 77.63712278753519 8.98725326359272 4.860716193914413 2.195711463689804 5804.604843687266 0.334844209253788 0.3180283904075623 174.5364066325128 6.424653694033623 32.97919879853725 2.263132646679878 137.8426592200994 2.268843807280064 200.9388888627291 52.05608373880386 0.7871871888637543 106.9187240041792 32.35122820734978 123.9640428088605 2775.390267472714 3049.575238734484 0 18.2660980373621 21.08561351895332 148.7112365141511 3.246108256280422 125.8832479342818 7.900661259889603 91.17858251929283 19.31585536897182 4.235120855271816 2.322524815797806 0.8712011203169823 0.8210059627890587 0.09039296954870224 0 1.315183632075787 0 0 0 2.785812072455883 0.5710233151912689 2.161480277776718 0.2041820660233498 1.122102379798889 0.09204722940921783 0 1.878768250346184 0 1.783238358795643 0.3033953160047531 0 0 0 1.644621625542641 0.5495987683534622 0.7918552234768867 8.523269586265087 0 0.699521116912365 1.920760333538055 26.96680384874344 1.826013579964638 8.678405188024044 0.08410051465034485 0.1452191025018692 0.09712390601634979 0.2996819689869881 0.833961047232151 3.980969190597534 0 0.8998057618737221 0 0.3748718500137329 0.1433184593915939 0 0
3.108327724039555 400.0291233584285 724.3120425194502 0.1282851696014404 1.087555103003979 0.8684055805206299 7.019257992506027 5.26227505505085 378.259395673871 2.5366420596838 64.22484208643436 1.121015973389149 193.7512792497873 13.20909324288368 7.527749337255955 87.16219552606344 686.127259761095 13.6076403260231 47.97926241159439 0.4602793827652931 10.21791638433933 1952.114504620433 46.6779950261116 309.7449662163854 2221.281253956258 2325.888943739235 11021.58562853932 12.12937945127487 5.192846871912479 5.009659685194492 50.87946476787329 1.081362694501877 1.192626357078552 347.7591334730387 3.049561932682991 359.0962883755565 190.4768038019538 385.285516127944 94.80344498902559 6.781687907874584 1.422831282019615 3.38859036564827 0.4443565905094147 0 90.68914987891912 429.8967115581036 0 0 0 2.755084678530693 0 1.062167592346668 0.2506196573376656 10.66727505624294 0 34.7473513931036 0.6786725744605064 0 1.024574637413025 154.4948425740004 5.391201019287109 56.62282319366932 0.1314499229192734 0.5488409847021103 9.731133602559566 26.34673970937729 4.044949069619179 122.9957087337971 603.852465890348 1894.485589928925 3.675196401774883 0.3484166488051414 0.464999757707119 6.886525593698025 0 0 19.36838843673468 5.218620717525482 82.61081326007843 41.24240356683731 62.26436754316092 18.51314524561167 0.9545643702149391 0 1.083863690495491 0.193636491894722
80.6782643571496 724.3120425194502 8750.715175397694 30.47882264107466 0.4484748914837837 33.51207534596324 1389.872063994408 137.0134583115578 33.75145044922829 55.1371006295085 6.358681865036488 1.537637427449226 2.475230634212494 257.3937235735357 0.6778592690825462 26.25318940728903 2502.690742619336 11.1702673882246 50.61355605721474 1.693859912455082 1643.91667303443 139.6277675926685 13442.01500270516 131.9150556102395 3.695114187896252 6353.139060564339 16122.24584396183 1568.257938086987 96.18344276770949 320.3610370010138 1.57179020345211 2.120600700378418 2.681485533714294 508.267506133765 7.338405035436153 934.9288727864623 3951.552568353713 912.6761882379651 166.6813778579235 18.26684284955263 1.622090443968773 25.64489766955376 0.9337754845619202 0.2671582847833633 60.4957569539547 1497.172618068755 0.9536846131086349 0 0.1760985553264618 22.78633117675781 3.249032698571682 4.546907119452953 0.9608800336718559 2.044573195278645 0.1337544173002243 7.494851760566235 2.140587210655212 0 9.060058824717999 248.1365792006254 5.297474652528763 57.51049561798573 0 13.64812285453081 55.80072591453791 291.2661147490144 10.78566766530275 1.992381893098354 423.6529665142298 3206.496896669269 24.48575483262539 2.197271771728992 12.99630530923605 3.0716747418046 0.9288018345832825 0 36.48684210330248 4.969613149762154 179.7750309258699 54.02505996078253 144.6757212802768 38.41248014569283 5.529489494860172 0 0.5139228403568268 0.9618188589811325
6.929021097719669 0.1282851696014404 30.47882264107466 1340.980427861214 3.913246653974056 132.4247672334313 304.5971705168486 60.11534462869167 793.7506695911288 3753.126877710223 3.910525605082512 1654.986142970622 1.514938853681087 48.66082041710615 127.9354872182012 0 2.746341109275818 0.7878227159380913 1.420650750398636 2112.275317683816 0.5148699656128883 0.415574349462986 4.068773522973061 881.1341015323997 0 5.404717080295086 15.8295956030488 4531.34479123354 70.43775727599859 3.259088218212128 0 3.131478942930698 1.561978749930859 22.70314218848944 2.703183740377426 133.2465625032783 2.863682359457016 60.09084652364254 25.8351296633482 118.6877238452435 11.07859206944704 0.1540215611457825 4.327619582414627 0.4238306358456612 0 0.6888912990689278 160.3780527710915 0 3.641029104590416 136.0504882782698 14.47496458142996 213.2601698115468 262.3257659599185 0.4392879977822304 95.948830537498 0 10.53347376734018 7.653414532542229 0 0.3933349326252937 0.09319292008876801 0 112.4486896693707 0.1345271319150925 0.3694840967655182 0.862661674618721 195.72476144135 0 0.8529960140585899 0.2062199711799622 373.8449153825641 2.457440435886383 1.565295547246933 0.0956571102142334 0.2753757983446121 0.123205840587616 2.625412583351135 0.7282886058092117 13.05529172718525 0.1822173595428467 12.88315066695213 2.381796598434448 41.65355945378542 1.491539180278778 0.1593571603298187 0.4878399670124054
0.9299099445343018 1.087555103003979 0.4484748914837837 3.913246653974056 24.74027472734451 848.0755328685045 8.358308792114258 201.171056561172 71.84346121549606 16.41487641632557 23.99850489199162 100.7135656401515 31.85658346861601 38.8947910964489 690.4727878719568 0 0.6050454452633858 1.839892588555813 0.4173895642161369 9.389133557677269 0 2.611766755580902 0.1927121728658676 40.87088519334793 8.512205816805363 3.574421525001526 1.651065185666084 11.84091631323099 1494.605815954506 3.315197981894016 0.2000938057899475 303.0706042647362 0.3241201043128967 1038.066412873566 5.03866371512413 73.9802767559886 7.964748747646809 193.058791898191 151.8972030580044 1810.521833963692 619.313328973949 14.10598470270634 12.15757066011429 0 0 0 0.24283567070961 0 0 0.2115624696016312 0.2376774251461029 0 2.587813518941402 0 1.550638914108276 0 0 0 0 0.1272906959056854 0 0 1.065330386161804 0.07582844793796539 0 0 0.5128672271966934 0 0 0.1350513398647308 0.2119655460119247 0 1.36560982465744 0 0 0 0 1.109055161476135 0.5385636538267136 0.1756612360477448 0 0.3106601983308792 0 0 0 0
29.40894675254822 0.8684055805206299 33.51207534596324 132.4247672334313 848.0755328685045 10326.72557050735 2178.613767802715 10729.02996759862 112.1980814412236 5484.560429826379 128.5835529491305 3704.655012629926 77.47340285032988 1256.954983413219 2448.846490487456 0.1248711124062538 18.39054667577147 25.72668549418449 22.70813981443644 300.2545180916786 3.522945091128349 5.393408767879009 10.68662254139781 71.95861572772264 17.06948973983526 57.22320803254843 17.66482127457857 632.5283672437072 458.4239094853401 26.20605940371752 1.058240115642548 1232.657389253378 0.3307729735970497 766.0278093740344 21.60853007435799 447.050941362977 50.54765667021275 565.5194417051971 290.8045577034354 3134.267206713557 730.0188773348927 38.5960836187005 28.69483365863562 0.3817069828510284 0.2359296679496765 0.4820195659995079 10.67480158805847 0 0.1079763323068619 9.803345166146755 2.153030686080456 10.44363576173782 20.63366221636534 0.3807215690612793 4.824146002531052 0.61707603931427 1.210351228713989 2.441551178693771 0 0 0 0 9.633951276540756 0.2896388843655586 0 0.2363675236701965 10.56209372729063 0.08798232674598694 2.349657073616982 3.089170768857002 24.53693564236164 0.572003573179245 1.54552361369133 0.1713748276233673 0 0 0 2.3655846118927 4.386589631438255 0.5337045267224312 1.711962781846523 0.1921703368425369 23.19094569981098 0.1689297556877136 0 0
4883.657202549279 7.019257992506027 1389.872063994408 304.5971705168486 8.358308792114258 2178.613767802715 12095.95930309221 3205.112680137157 268.4521852657199 7406.830298356712 55.15655602514744 47.0923957824707 27.05210287123919 10012.61353768036 59.54753823578358 4.593005426228046 427.1444825381041 22.38098861277103 77.23720747232437 57.73015478998423 212.6909148171544 9.144700765609741 394.1908034197986 1593.780191652477 11.76309172064066 454.2799547277391 231.6000911742449 13705.20346952975 3144.773720145226 6251.988624121994 0.5409689545631409 50.47720067575574 25.45648340880871 601.857007317245 57.31386440992355 1920.028586663306 97.06050325185061 1238.386506058276 496.0743578150868 255.6540638431907 126.4837486743927 11.65914712101221 48.81712175905704 5.69799530506134 0.4653081595897675 10.12035814672709 83.49721691757441 0 7.186467856168747 933.5789694190025 120.4197280853987 193.700210981071 153.6235351189971 10.59075916558504 18.3760736733675 25.54491008073092 124.9416984766722 3.099985599517822 3.976361460983753 1.392994947731495 2.992340482771397 0.5155197083950043 37.03050268441439 3.429563716053963 3.071693755686283 10.33042707294226 488.0567460842431 0.08606686443090439 14.45239037275314 35.29079377651215 1228.872555039823 50.98071831464767 85.04223680496216 0.7762642651796341 1.137123294174671 1.679610453546047 21.90658377110958 15.86891129612923 200.1696740165353 1.760987631976604 171.2071161791682 17.91341425478458 121.5388412252069 15.60118647664785 4.969428226351738 2.348530761897564
988.7054153457284 5.26227505505085 137.0134583115578 60.11534462869167 201.171056561172 10729.02996759862 3205.112680137157 9347.437705211341 46.83145698159933 3816.286083266139 173.9629747495055 2180.06027726084 53.08993928134441 8266.623626295477 284.8714668005705 1.516023620963097 162.2617161348462 36.26675562560558 69.75229277461767 405.0097407922149 60.16926607489586 17.54847092181444 118.2895325645804 244.9606086835265 7.875845082104206 185.0572522655129 59.36657648161054 441.7567041665316 584.4636114314198 706.4811511337757 1.185619905591011 496.6410652697086 3.053818844258785 690.1825451180339 9.708403661847115 403.110377587378 64.25149257481098 411.3032882884145 154.8968328163028 1231.918987900019 224.2336536571383 21.6023245677352 17.49709578603506 1.483402289450169 0 1.69323194026947 2.785894349217415 0 0.9591714143753052 83.72021600604057 6.408829301595688 22.74137955904007 6.568690456449986 1.699177227914333 2.095567211508751 4.804741412401199 14.11106313765049 0 1.529330931603909 0.3783125653862953 0.4143756404519081 1.527688413858414 1.115865170955658 4.238506354391575 1.003512106835842 1.113487988710403 54.91499615460634 0.4084869921207428 3.632271185517311 7.294251538813114 123.2593132629991 11.83137635886669 46.60324715822935 0.1088337451219559 0.4620620012283325 0.1266931444406509 2.700350612401962 2.448364585638046 22.75146558135748 1.028470799326897 13.9273639395833 1.61089500784874 12.5441435649991 1.939488351345062 0.1609371602535248 0.1425653994083405
5.992939330637455 378.259395673871 33.75145044922829 793.7506695911288 71.84346121549606 112.1980814412236 268.4521852657199 46.83145698159933 1846.200285457075 705.6848786175251 4.523489646613598 944.532300196588 4.877239532768726 42.84416741132736 659.7962081730366 268.4101144745946 22.15036632865667 1.421064756810665 2.573214717209339 1091.754537127912 176.3304271325469 3954.365347832441 29.43381685018539 12908.62167873979 80.96897729486227 118.974535278976 654.3562003597617 1690.106695875525 86.27227218449116 126.3389431759715 1.386145986616611 5.831344321370125 3.716938935220242 31.34721066057682 4.419635161757469 157.0797391533852 13.13536635786295 87.16842214763165 29.80858144164085 343.9032200649381 8.796347305178642 0.5416960194706917 2.148836180567741 7.074345290660858 3.528976738452911 4.205444425344467 212.0093268454075 0.7861128747463226 9.584197968244553 207.3282727003098 35.26605380326509 146.7560395300388 300.8589781746268 2.141814664006233 129.1163745298982 0.5165837854146957 66.45721877366304 49.80921343713999 249.5481459274888 1.322300709784031 2.589840471744537 0.9586425200104713 144.1780072376132 247.6662522703409 39.44709919393063 54.43061774224043 1314.560917429626 0.5360465571284294 6.036778509616852 15.53098465502262 1062.07498921454 53.95911914110184 190.6913430243731 0 0.7043596729636192 3.297979064285755 13.11730428040028 4.468955531716347 72.95329684019089 1.735053695738316 51.78587251156569 9.278857514262199 139.8899741768837 3.922558784484863 0.1487637013196945 0.4710266143083572
77.63712278753519 2.5366420596838 55.1371006295085 3753.126877710223 16.41487641632557 5484.560429826379 7406.830298356712 3816.286083266139 705.6848786175251 23820.95979499072 95.63185300678015 4589.816463716328 30.46450651437044 1818.855910658836 81.062923155725 0.9298355579376221 21.80041547119617 21.16801009327173 30.70169635862112 4965.612660303712 3.9228370860219 0.4422443062067032 11.18191127479076 711.3715594261885 8.996815949678421 66.74744848906994 30.7398971542716 4327.315221339464 813.5601624399424 23.0745619609952 0.4470818862318993 64.4547383710742 1.890094228088856 418.8850458264351 16.30206164717674 1051.077904015779 51.4245108962059 1032.169670432806 287.4312898591161 344.6990744918585 173.3132112324238 11.54321110993624 57.05107638984919 0.2025759667158127 0.4070092216134071 2.156203798949718 336.3655526265502 0.5778363943099976 10.01239764690399 598.542765237391 47.82027544081211 375.3908041194081 657.9158452823758 1.099498815834522 116.2817915603518 0.9481910392642021 35.08003602176905 22.11473821848631 0.5985353738069534 0.3874541148543358 0.8707571476697922 0.1851703822612762 221.0045858919621 0.2811363041400909 1.948019057512283 0.9481904357671738 545.088873103261 0 2.191039763391018 6.892803393304348 1110.675946787 7.652847021818161 6.219751544296741 0.08336927741765976 0.5208983719348907 0 10.54531224817038 5.265613466501236 60.09257245063782 2.193233862519264 61.24580762535334 8.623097881674767 139.6774842962623 5.327626198530197 0.5480514243245125 3.037780195474625
8.98725326359272 64.22484208643436 6.358681865036488 3.910525605082512 23.99850489199162 128.5835529491305 55.15655602514744 173.9629747495055 4.523489646613598 95.63185300678015 9354.52659394592 121.7764589115977 3659.802772469819 367.8819084912539 2.711466640233994 0.285913348197937 487.0789884775877 4493.745095312595 2455.993241194636 24.18703825026751 6.338822975754738 6.676253423094749 45.01549979299307 18.78442441672087 1112.612736783922 3172.023492775857 927.8058720640838 34.60886410623789 127.8614140376449 24.41890767216682 275.107625156641 87.81166314333677 2.806638367474079 6596.616169638932 13.25031930953264 382.751891694963 4961.238009080291 3582.51303692162 1061.951572619379 21.87360804527998 18.88322381675243 1101.225000970066 3.316869683563709 0.3282470405101776 80.27363535761833 3.098152130842209 0 0 0.1188729256391525 7.685924179852009 1.184781424701214 3.231476739048958 0.09556891769170761 340.5978332236409 0.2617340311408043 1596.838485389948 2.889630042016506 0.1095129102468491 0 1.90227323025465 15.76574399322271 14.81621632725 0.5629197135567665 0.4204338863492012 5.333573997020721 0.7903623431921005 5.76622661948204 845.6302643865347 253.7283071801066 548.287067592144 10.17426610738039 1.386303573846817 5.387163907289505 109.2855399250984 0 0 9.243199236690998 3.67113833129406 25.44162107259035 471.664403013885 39.73228976130486 2.706034511327744 1.487005770206451 1.3796666264534 138.1881204396486 0
4.860716193914413 1.121015973389149 1.537637427449226 1654.986142970622 100.7135656401515 3704.655012629926 47.0923957824707 2180.06027726084 944.532300196588 4589.816463716328 121.7764589115977 6016.280702114105 55.43023292720318 640.1667482480407 882.9118318632245 0.3004344403743744 8.541940294206142 27.42474275827408 24.85694919526577 4708.253334850073 1.151039905846119 3.785032153129578 2.420525535941124 391.6979689896107 12.7352913916111 44.99159054458141 19.28894326090813 540.2813969254494 133.0130376368761 6.811923265457153 0.9584338665008545 104.3248232007027 0 264.1882911995053 2.346064418554306 300.9158657863736 50.53094377368689 500.9276430606842 101.8354923054576 1321.91318129003 134.4712637737393 23.7012972086668 7.899539515376091 0.2974255383014679 0.2084743604063988 0.3520984873175621 67.15464564412832 0.5395640432834625 2.157185912132263 22.39553494006395 1.634012199938297 60.93200922012329 128.77343980968 0.09878591448068619 57.14610110223293 0.3018232360482216 1.371750101447105 15.41119930893183 0 0.1860178038477898 0 0.3605314716696739 59.40874540805817 0 0.3025155365467072 0.1331805437803268 51.86675357818604 0.2127779126167297 0.9422598481178284 1.419849313795567 98.87527484446764 0.8154411017894745 0.1246147826313972 0.1470826864242554 0 0 0.5292101800441742 1.30919685959816 6.542094863951206 0.2361714914441109 2.687262259423733 1.138146616518497 70.72856996953487 0 0.2435686215758324 0.2107230126857758
2.195711463689804 193.7512792497873 2.475230634212494 1.514938853681087 31.85658346861601 77.47340285032988 27.05210287123919 53.08993928134441 4.877239532768726 30.46450651437044 3659.802772469819 55.43023292720318 3676.296245366335 71.73885303735733 0.8678557425737381 6.10694931447506 4.379166252911091 81.51393841207027 6.047042496502399 6.492550224065781 13.51119717955589 10.50841590762138 21.20235115289688 8.346677988767624 4305.261839531362 558.6908819898963 4141.375105038285 23.64920115470886 31.98920303583145 12.92544413357973 406.1657878011465 43.31318745017052 0 611.9348638951778 118.1164673268795 1752.918733671308 2874.645853184164 3504.856939412653 847.1450467705727 153.4769953116775 72.37602148205042 1178.536314040422 8.374768689274788 0 56.73102647066116 1.316570781171322 0 0 0.5512049347162247 0.8278576880693436 2.56623412668705 1.851082608103752 0.2791011855006218 299.1907666027546 0.6399209573864937 1133.905376382172 2.751041516661644 0.2229621410369873 1.16419991850853 1.225410744547844 15.40718709677458 8.016536444425583 0.09029312431812286 0.7962040901184082 1.933372303843498 0.6442068815231323 7.029742032289505 894.0382625684142 228.5934011861682 444.6264922097325 7.717007875442505 0.9385140091180801 3.138602025806904 81.20210200548172 1.561480447649956 0 14.52604627609253 59.80312320590019 149.6635667905211 334.1000429466367 111.9064857587218 57.61672388762236 13.09617295861244 29.31669916212559 166.8939285576344 6.785142004489899
5804.604843687266 13.20909324288368 257.3937235735357 48.66082041710615 38.8947910964489 1256.954983413219 10012.61353768036 8266.623626295477 42.84416741132736 1818.855910658836 367.8819084912539 640.1667482480407 71.73885303735733 11867.7129381597 41.87505230307579 2.333463303744793 412.2991109788418 99.40933192521334 194.7058405317366 135.9133815467358 173.9054894372821 24.66739728301764 318.9640663191676 264.4845594242215 13.46021394431591 453.6851113848388 170.9838638268411 647.415447704494 9104.22836400196 2676.536701824516 1.664824262261391 592.6095224991441 23.61749895662069 1973.780191719532 10.46370530873537 2005.281283244491 155.4717197492719 1483.269574075937 235.122277572751 779.9434515237808 178.7801823318005 32.02892259508371 43.66877821832895 1.389406517148018 0.7830889448523521 4.305357843637466 3.939812213182449 0 0.08113282918930054 56.81917671859264 7.121400788426399 18.12855412811041 2.885342888534069 1.794976115226746 0.08048670738935471 2.945055335760117 11.33363871276379 0 2.958068281412125 1.865134842693806 0.440353624522686 2.145963296294212 0.7707071602344513 5.500618204474449 0.6784058511257172 1.671438463032246 62.18411649763584 0 10.56787101179361 15.35391753166914 134.0742657780647 11.6367157921195 44.99846064299345 0.1018369346857071 0.2201901823282242 0.2887278497219086 3.050623260438442 3.301176160573959 42.97014831006527 1.440406210720539 14.78614807873964 2.347034431993961 7.438809305429459 0.5761754214763641 1.919986188411713 0
0.334844209253788 7.527749337255955 0.6778592690825462 127.9354872182012 690.4727878719568 2448.846490487456 59.54753823578358 284.8714668005705 659.7962081730366 81.062923155725 2.711466640233994 882.9118318632245 0.8678557425737381 41.87505230307579 304.6875573843718 0.7148835361003876 0.602016419172287 0.7746960744261742 0.2261447384953499 178.8440538272262 9.907141894102097 66.66000349074602 9.457814007997513 1145.727248586714 2.707535058259964 3.57763859629631 18.06408386677504 185.0588973164558 17.54001794010401 11.4898044988513 0 694.405848056078 0.1052747219800949 20.83231717348099 3.5073162317276 106.4822078794241 4.672467224299908 99.51948973536491 161.488439925015 1388.231189630926 105.8061943054199 0.869713768362999 0 0 0 0 7.684410825371742 0 0 10.48952669650316 1.164234757423401 4.578680396080017 19.48063261806965 0 5.721795111894608 0 0.1092477291822433 5.158901691436768 0.1309009790420532 0 0 0 8.703219726681709 0.1196663379669189 0.3777609169483185 0 6.424690216779709 0 0 0.1001370847225189 11.22253955155611 0 0.2107368856668472 0 0 0 0 33.49185079336166 1.418057784438133 0.1617243885993958 0.6821669489145279 1.038751125335693 12.59243929386139 0 0 0
0.3180283904075623 87.16219552606344 26.25318940728903 0 0 0.1248711124062538 4.593005426228046 1.516023620963097 268.4101144745946 0.9298355579376221 0.285913348197937 0.3004344403743744 6.10694931447506 2.333463303744793 0.7148835361003876 3790.837446413934 39.50621083378792 0.4074145257472992 1.573807761073112 0 1415.783460147679 4818.638196825981 2824.100973330438 2438.559837274253 24.08874902874231 29.60237184166908 4104.055142253637 3012.348946064711 4.395825073122978 66.68742024898529 0 0 0.4572364762425423 80.04616745561361 43.62933845072985 1680.485301658511 403.7664542123675 364.1832815185189 312.0141230225563 27.3442559465766 2.887362763285637 12.69816982746124 9.418126687407494 1.101409964263439 7.222327999770641 62.4944643676281 1.745594523847103 0.07842007279396057 0.4233578220009804 38.64378257840872 2.195991538465023 24.54421693831682 4.326855979859829 6.193069808185101 0.1487607359886169 15.93470057845116 4.256134793162346 0.1152197793126106 2323.319961510599 7.541451461613178 0.9128953590989113 3.51546186208725 0 726.0616180896759 1393.364078849554 2656.124253116548 172.6762264147401 0 14.81700291484594 600.6933146044612 287.6802831962705 15.89770197123289 353.1067789718509 0 0.1457968503236771 3.580092288553715 6.112404964864254 6.454058222472668 69.35205499082804 2.782890953123569 20.78444635123014 11.07609667629004 5.618941470980644 2.339683473110199 4.418359041213989 0
174.5364066325128 686.127259761095 2502.690742619336 2.746341109275818 0.6050454452633858 18.39054667577147 427.1444825381041 162.2617161348462 22.15036632865667 21.80041547119617 487.0789884775877 8.541940294206142 4.379166252911091 412.2991109788418 0.602016419172287 39.50621083378792 2845.643768310547 75.62471286952496 3669.252830177546 1.80040281265974 729.1497292071581 132.4746621474624 1616.815263830125 76.05487069487572 8.518051125109196 4141.900187782943 6379.416265532374 202.992425635457 310.5164271257818 568.0950267165899 0.432951420545578 6.345454454421997 20.73030676692724 3357.560370907187 17.97636218369007 1767.229066073895 2068.01562166959 2779.706602677703 842.7719589173794 21.04238247871399 4.64131785184145 17.94348386675119 5.350314617156982 0 40.56499720364809 343.6746500506997 0.6526342779397964 0 0.08175672590732574 6.001189418137074 0.4386121854186058 1.214448742568493 0.09371881186962128 5.457961887121201 0.1686709672212601 16.2030955851078 1.543818332254887 0 2.469952613115311 184.9979305043817 14.63940070569515 67.641969576478 0.09176448732614517 3.309708088636398 7.132338538765907 35.20688658207655 5.934345595538616 5.996199555695057 614.561367623508 1041.705480709672 10.91072207689285 0.9511017501354218 6.489607229828835 6.572159670293331 0 0 20.06884288787842 12.63514183461666 94.03701665252447 40.27600426226854 62.76946450769901 14.9993574693799 2.017690695822239 0 1.209654867649078 0.3370135277509689
6.424653694033623 13.6076403260231 11.1702673882246 0.7878227159380913 1.839892588555813 25.72668549418449 22.38098861277103 36.26675562560558 1.421064756810665 21.16801009327173 4493.745095312595 27.42474275827408 81.51393841207027 99.40933192521334 0.7746960744261742 0.4074145257472992 75.62471286952496 82.23388459533453 628.4509087204933 5.155387878417969 4.823777295649052 2.769324846565723 8.314638752490282 3.894826337695122 144.1285497173667 3251.365372814238 1189.515554264188 10.82772405445576 35.35033657029271 6.640574395656586 71.97536310553551 14.28797723352909 0.4078758880496025 1231.02985534817 3.848282195627689 340.8260319456458 993.459048204124 1066.852752953768 612.821364313364 4.091715708374977 0.7094424813985825 13.66731259226799 2.545947447419167 0 9.138955496251583 1.692422606050968 0 0 0 2.040667742490768 0.2500743716955185 0.6631887927651405 0.191008135676384 14.10307803750038 0 87.46280711144209 0.3921063989400864 0 0.2176081985235214 2.162677943706512 12.14145321398973 9.36351827532053 0 0 0.6712652817368507 0.5306193009018898 1.697189293801785 21.12723214179277 160.6342846751213 201.6201179102063 2.657977476716042 0.2738533541560173 1.002943627536297 24.53562734276056 0 0 2.462963126599789 2.750878497958183 28.99422074109316 29.17954837530851 6.5395792350173 0.7614621892571449 0.1685011237859726 0 0.6274531036615372 0
32.97919879853725 47.97926241159439 50.61355605721474 1.420650750398636 0.4173895642161369 22.70813981443644 77.23720747232437 69.75229277461767 2.573214717209339 30.70169635862112 2455.993241194636 24.85694919526577 6.047042496502399 194.7058405317366 0.2261447384953499 1.573807761073112 3669.252830177546 628.4509087204933 2022.981175921857 5.058272689580917 28.04170472919941 5.990769915282726 96.4430496096611 6.496916837990284 24.28733023256063 3737.985808327794 777.7345656231046 27.95211778581142 91.48472619056702 35.98747329413891 1.232545681297779 12.71783450990915 2.207058399915695 4772.303449079394 6.807778410613537 713.478872820735 1019.750120908022 1591.893007129431 618.5589966103435 5.275866135954857 0.663108229637146 4.043309822678566 2.160538993775845 0.286159448325634 8.003247104585171 13.94206240028143 0 0 0 1.092637725174427 0.4750117734074593 0.2828127220273018 0 8.902542158961296 0 35.92999569326639 0.2075546085834503 0 0.6074718311429024 9.52652246505022 12.2374482229352 23.37882321327925 0 0.1035811603069305 1.139565333724022 1.401048384606838 1.472024723887444 11.03261295706034 239.431418068707 242.0191730186343 3.210592314600945 0 0.218639075756073 14.46690464019775 0 0 2.74829974770546 3.958897605538368 27.17492170631886 15.12806612998247 14.48285238444805 1.334341689944267 0 0 0.9916971027851105 0
2.263132646679878 0.4602793827652931 1.693859912455082 2112.275317683816 9.389133557677269 300.2545180916786 57.73015478998423 405.0097407922149 1091.754537127912 4965.612660303712 24.18703825026751 4708.253334850073 6.492550224065781 135.9133815467358 178.8440538272262 0 1.80040281265974 5.155387878417969 5.058272689580917 1260.710682787001 0.07917611300945282 0 0.9371558949351311 198.2480225935578 1.420645736157894 8.99620895832777 5.12076061964035 2162.58303591609 46.21221014857292 0.981890007853508 0.2200243175029755 19.36681543290615 0.1229056045413017 55.85416796058416 0.9333442747592926 97.29659658670425 7.986402288079262 122.5529609918594 24.67956595122814 442.1706080362201 22.64415060728788 3.554462015628815 2.591265879571438 0.8701922297477722 0 1.106156453490257 151.0316944643855 0.1104587092995644 10.93743747472763 149.0962935760617 14.66401071101427 134.8390711396933 283.1198868453503 0 94.84608774632215 0.1016672402620316 7.096089392900467 18.53102523833513 0 0.1776696965098381 0.5183603167533875 0.07891761511564255 104.710985943675 0 0 0.3346206173300743 148.2364010289311 0.1354601234197617 0.272099569439888 0.2501157745718956 301.8133220002055 2.097917430102825 1.643902622163296 0 0 0 0.7580072283744812 0.3233547657728195 13.21045526862144 0 13.4343486353755 1.169533953070641 85.03184106945992 0.195833146572113 0.1197505071759224 6.524641439318657
137.8426592200994 10.21791638433933 1643.91667303443 0.5148699656128883 0 3.522945091128349 212.6909148171544 60.16926607489586 176.3304271325469 3.9228370860219 6.338822975754738 1.151039905846119 13.51119717955589 173.9054894372821 9.907141894102097 1415.783460147679 729.1497292071581 4.823777295649052 28.04170472919941 0.07917611300945282 12021.77131033689 194.9133837595582 17630.54447422922 206.8845191523433 14.93778375536203 267.4062944725156 456.2609526962042 9205.890445180237 348.3475810438395 9939.545615598559 0.206721343100071 1.686678916215897 51.76442055404186 2925.849595442414 308.6667066067457 8547.711529664695 1341.867669634521 4994.018495567143 2871.489346668124 212.4801659956574 8.073881149291992 9.585723459720612 50.14463557302952 1.405003741383553 0.592024490237236 13.94683654606342 1.145928062498569 0 0.4948818385601044 22.13792764395475 0.9899744912981987 32.807128213346 2.081535212695599 6.177591778337955 0 12.97659662365913 11.09656371921301 0.370870016515255 324.5004598125815 5.315060824155807 2.303476706147194 4.378309674561024 0.4623358249664307 473.3790647760034 175.9831421896815 139.6032490953803 163.4849595054984 0 9.980680964887142 45.18152748793364 381.2841119244695 36.74129777401686 415.9207304492593 0 0 6.215471066534519 6.41886679828167 90.30881930142641 75.64262419939041 1.886568918824196 14.46047660708427 5.082388542592525 6.090569451451302 2.949931442737579 9.625128328800201 1.258237719535828
2.268843807280064 1952.114504620433 139.6277675926685 0.415574349462986 2.611766755580902 5.393408767879009 9.144700765609741 17.54847092181444 3954.365347832441 0.4422443062067032 6.676253423094749 3.785032153129578 10.50841590762138 24.66739728301764 66.66000349074602 4818.638196825981 132.4746621474624 2.769324846565723 5.990769915282726 0 194.9133837595582 2734.015038661659 438.9034972265363 4678.481545321643 521.1758746281266 323.8749159350991 6535.573750376701 136.7320059537888 25.04454147070646 65.38271906226873 4.731293365359306 0.4031026884913445 0.2557090818881989 130.9550062194467 1.866557210683823 239.7100819200277 33.94208694249392 203.1199504435062 44.74912744015455 48.17542918771505 2.937078326940536 0.4001615196466446 0.7874413281679153 0.2180035263299942 12.12886826694012 154.2289670109749 1.401806600391865 0 0.2370588481426239 14.98084748536348 1.828523531556129 25.21574787795544 2.127811342477798 0.1300083696842194 0.1273285448551178 1.504455268383026 1.853010147809982 0.1327496021986008 838.8166716918349 3.285650685429573 0.6482825800776482 2.572737462818623 0.1275779157876968 144.7911512702703 489.796828597784 715.0913312733173 122.7695813551545 3.559838779270649 14.61300998181105 1353.237146735191 71.87341959029436 2.971924237906933 40.70236880332232 0.2041018903255463 0 0.1762585937976837 5.145339794456959 4.669693857431412 42.26206767559052 3.635884389281273 17.98045261949301 11.41423867642879 5.028561405837536 0 0 0.4611584395170212
200.9388888627291 46.6779950261116 13442.01500270516 4.068773522973061 0.1927121728658676 10.68662254139781 394.1908034197986 118.2895325645804 29.43381685018539 11.18191127479076 45.01549979299307 2.420525535941124 21.20235115289688 318.9640663191676 9.457814007997513 2824.100973330438 1616.815263830125 8.314638752490282 96.4430496096611 0.9371558949351311 17630.54447422922 438.9034972265363 18206.65325179696 633.5895578637719 4.070133455097675 839.7166434079409 13611.053995803 3236.673519030213 359.4006830491126 3592.484065622091 0 2.717803634703159 31.47103460878134 4064.013298265636 449.4621059447527 12544.28968157619 5302.624805472791 8888.843466743827 5540.221419878304 498.187807418406 20.04405423998833 19.23824492841959 102.0271627232432 0.6834870427846909 10.10088428109884 304.5469462051988 2.059882432222366 0 0.1857865750789642 43.61480733007193 2.033188335597515 4.177149936556816 2.015294998884201 2.823798783123493 0.5608333796262741 2.792416825890541 3.853407882153988 0 1328.084652110934 7.423765808343887 1.186889410018921 3.869862727820873 0.1239572614431381 348.3664808347821 564.2844730392098 1832.375303611159 60.86261776834726 1.141539007425308 17.4219746440649 1063.473529309034 102.8838351145387 8.072918348014355 126.0489016324282 0.1211416348814964 0 0.6829943954944611 7.563264064490795 168.0131754502654 109.2674496248364 11.98350463807583 22.39738235622644 15.30330183357 5.459849298000336 3.100419834256172 5.395932003855705 1.131508156657219
52.05608373880386 309.7449662163854 131.9150556102395 881.1341015323997 40.87088519334793 71.95861572772264 1593.780191652477 244.9606086835265 12908.62167873979 711.3715594261885 18.78442441672087 391.6979689896107 8.346677988767624 264.4845594242215 1145.727248586714 2438.559837274253 76.05487069487572 3.894826337695122 6.496916837990284 198.2480225935578 206.8845191523433 4678.481545321643 633.5895578637719 11007.3125657104 52.0731959939003 106.900734603405 2177.862506456673 9362.596212469041 702.8564811125398 1224.055247329175 0.4109238460659981 20.07225786149502 39.28383791446686 267.3089749962091 54.01241067796946 1641.597659774125 86.30579105764627 616.3640418946743 225.6504504308105 469.4559844657779 48.51506749540567 7.898071356117725 16.82257284224033 21.13000281155109 6.363935552537441 35.29769103974104 197.9698363393545 0.4960837885737419 12.05914786458015 878.4310451969504 126.8446324691176 1522.872332319617 297.9249838739634 13.00502891838551 64.29096712917089 8.128620438277721 196.4934861287475 16.42910710722208 256.0980659276247 5.964216314256191 5.45035844296217 3.621934205293655 110.5491970255971 266.7201820909977 234.2717388793826 143.8735190480947 2083.205636844039 0.7843733429908752 16.90564876794815 126.1499309539795 2963.386987581849 187.2770598679781 608.4274069741368 1.504011765122414 2.13703078776598 7.733865417540073 43.91835996508598 12.22977832704782 300.2929623052478 6.511104308068752 215.2569728121161 29.44735863059759 167.4387651979923 13.64872735738754 1.897422909736633 1.830297738313675
0.7871871888637543 2221.281253956258 3.695114187896252 0 8.512205816805363 17.06948973983526 11.76309172064066 7.875845082104206 80.96897729486227 8.996815949678421 1112.612736783922 12.7352913916111 4305.261839531362 13.46021394431591 2.707535058259964 24.08874902874231 8.518051125109196 144.1285497173667 24.28733023256063 1.420645736157894 14.93778375536203 521.1758746281266 4.070133455097675 52.0731959939003 624.4608749821782 944.4386267736554 8838.430249609053 28.24370708316565 9.22669892758131 29.61829119175673 409.241570442915 12.13461075723171 0 255.6652881801128 2.119496583938599 621.1492489352822 482.9096389189363 1114.269911125302 281.4452632665634 168.0867559984326 280.9100997447968 296.4795992970467 0.1556944698095322 0 125.8195219635963 8.961594089865685 0.3318692222237587 0 1.414459504187107 7.171814560890198 2.283384695649147 2.427921809256077 1.948369018733501 177.3516429811716 0.4381531476974487 732.525399364531 1.956323489546776 0 0.8953098654747009 6.260675102472305 17.02879782766104 25.99289430677891 0 4.385893493890762 2.126310929656029 2.211830571293831 3.668794825673103 426.2561323344707 525.1062012687325 910.4976964369416 4.067104876041412 0.3145844042301178 13.08100274950266 24.81632655113935 0.8924956321716309 0 20.5287473872304 0.2089024484157562 88.62532365322113 87.4961212426424 101.9268399849534 23.41097041219473 21.1005510315299 30.38903820514679 57.21991276741028 0
106.9187240041792 2325.888943739235 6353.139060564339 5.404717080295086 3.574421525001526 57.22320803254843 454.2799547277391 185.0572522655129 118.974535278976 66.74744848906994 3172.023492775857 44.99159054458141 558.6908819898963 453.6851113848388 3.57763859629631 29.60237184166908 4141.900187782943 3251.365372814238 3737.985808327794 8.99620895832777 267.4062944725156 323.8749159350991 839.7166434079409 106.900734603405 944.4386267736554 27607.41165884212 20908.78088212758 235.2105520926416 204.6686878949404 204.3839880302548 965.2985165342689 25.42714498564601 3.296911329030991 2784.059114381671 24.00673675537109 3012.755827538669 6018.722740702331 3942.037751022726 1753.865737862885 22.64619287103415 4.004282467067242 79.29963576793671 9.52880447357893 0 295.4629502519965 524.2537669688463 0.3644454926252365 0.1422207653522491 0.1672495752573013 11.09658613055944 3.49382720887661 5.280263021588326 1.051073051989079 171.1356154382229 0.2824265360832214 1001.264420934021 2.887435987591743 0 5.098528482019901 455.7852153107524 192.5481101199985 447.846430554986 0.09849288314580917 5.32290007174015 11.62761127203703 37.69514245539904 10.64491071552038 435.0345473587513 4874.776964366436 5756.564825303853 14.01208849996328 1.899521417915821 9.29553647339344 277.3090584278107 0.4502751529216766 0 101.810268342495 17.28018715977669 276.4797122702003 347.2250851243734 263.2709100022912 50.07664335519075 4.0638272985816 0.587742917239666 6.604452230036259 0.8918397426605225
32.35122820734978 11021.58562853932 16122.24584396183 15.8295956030488 1.651065185666084 17.66482127457857 231.6000911742449 59.36657648161054 654.3562003597617 30.7398971542716 927.8058720640838 19.28894326090813 4141.375105038285 170.9838638268411 18.06408386677504 4104.055142253637 6379.416265532374 1189.515554264188 777.7345656231046 5.12076061964035 456.2609526962042 6535.573750376701 13611.053995803 2177.862506456673 8838.430249609053 20908.78088212758 37758.03296498954 1785.703624390066 88.96914030611515 112.6051472201943 1513.600297793746 10.02330449223518 1.520498894155025 4610.916261717677 94.20011038333178 7089.111790522933 4141.775323145092 6912.366116240621 1778.055049352348 147.3870767056942 12.99925171583891 42.67865811288357 31.54367525875568 0.4693102985620499 770.8651906400919 3405.45048815757 3.74509609490633 0 0.9451047405600548 87.87353484332561 8.68343424052 10.37507486343384 7.165526650846004 98.81889759004116 0.9033126980066299 368.8649703487754 12.28513930737972 0.08839300274848938 595.7768375873566 599.4850117042661 114.212751172483 390.6676520556211 0.6148270517587662 56.17375557124615 1215.804706975818 1891.672817870975 55.58574920892715 454.902162283659 4156.688790686429 13362.50206534564 93.20383977890015 5.717857219278812 28.63878504186869 134.3320328593254 0.1859662011265755 0.1898991912603378 144.5498798117042 43.35326525568962 591.7310656905174 291.7254822924733 441.0013854876161 105.9071433022618 7.797727830708027 0.6302064582705498 7.567238584160805 1.816126681864262
