579.823060952127 0.5826685726642609 152.0968530699611 20.63933263719082 0.5861656442284584 29.76849367469549 2229.470206432045 1246.907098375261 24.93615357577801 159.7758817523718 10.0874634757638 6.791046783328056 4.990363337099552 5628.206404156983 0.2640147805213928 9.644690856337547 59.35241424292326 3.575194776058197 27.35435645282269 21.53185945749283 78.10433266311884 5.424853280186653 102.3606773540378 197.4439250379801 0.5103027299046516 59.68110989034176 62.38963676989079 264.7925930321217 2475.870485648513 3808.225898995996 0.8961294665932655 7.179009608924389 17.84600735455751 92.44214732199907 3.066599257290363 94.3837811127305 7.318503491580486 80.66922108829021 27.32774379849434 9.213448382914066 5.450062148272991 1.255918465554714 0.7462338879704475 0.5317002013325691 0 0.4497923403978348 0.8835868313908577 0 0.9741444140672684 10.60114162415266 1.252331241965294 7.563050530850887 3.506552390754223 0.1091996133327484 1.063964106142521 0 1.312512241303921 0.3769336044788361 3.237693071365356 0.2520994916558266 0 0.3377931639552116 0.582398384809494 0.7367096841335297 1.866873502731323 0.5145195201039314 19.64022190868855 0 0.8108828291296959 3.725945509970188 13.07249408215284 4.60768648982048 2.840836003422737 0 0 0.7751293480396271 0.1405173987150192 1.283827230334282 4.752738125622272 0.3803730905056 3.307762749493122 0.3541249632835388 1.442665934562683 0.1257322132587433 0 0
0.5826685726642609 85.01483865082264 872.9157559946179 0.5180555656552315 0.5943335592746735 6.789565980434418 7.676029160618782 2.624219596385956 993.2163034304976 2.414420895278454 56.32101523131132 14.76187836378813 1432.471833966672 6.103258863091469 25.71059748530388 138.7316965535283 359.1788571700454 25.00632648169994 159.8385048508644 0.9920688569545746 17.16864691674709 2406.961559347808 34.2113753631711 926.6023859158158 1658.443984478712 219.7978937849402 8753.032961212099 41.0984203517437 15.14293257147074 19.82023755460978 37.32364569604397 0.2406417056918144 2.504686340689659 153.6154189184308 3.354759186506271 235.3390144705772 200.1223948150873 291.4973883032799 112.4472993761301 7.602884970605373 4.424690373241901 361.1164994984865 0.7647482231259346 0 64.16381187736988 16.3478535041213 0.1708618998527527 0 0 2.877722948789597 0.6685590669512749 1.643287323415279 0.09208861738443375 17.65075719356537 0 38.25378010421991 1.751250021159649 0.13887719810009 4.858356803655624 141.5429007634521 13.59800919145346 154.4761535301805 0 2.487759783864021 41.24435969442129 11.33415930718184 6.989155568182468 117.9956079795957 694.7139324322343 1635.103785328567 2.114206060767174 5.004035815596581 9.739485487341881 11.54472444206476 0 0.7582651227712631 60.85908524692059 4.903942540287971 133.1669915542006 68.92321442812681 184.037880256772 45.63215702027082 1.836464792490005 0 4.554542705416679 0.6812766045331955
152.0968530699611 872.9157559946179 6003.946070030332 2.035937406122684 0.2296066582202911 108.3414623066783 481.68508785218 235.1121189966798 6.605325937271118 57.86532688885927 12.28144686669111 1.354032807052135 4.201034262776375 475.8074541240931 0.1245305612683296 19.25529529154301 3481.968097664416 36.43527233600616 304.0405035540462 0.6052561849355698 1437.098381325603 462.2364198192954 8179.730825096369 32.08670208603144 0.8658083081245422 8611.041058428586 11052.5426582396 162.8351730629802 163.8118363618851 2056.189604006708 1.338434942066669 1.939326591789722 14.68755419552326 787.9236215651035 10.33213195204735 1084.485438026488 1170.834045670927 1246.880867108703 559.273844756186 18.60523484647274 3.62584924697876 0.8929367139935493 1.62081390619278 1.15790332108736 48.23133569955826 228.6521961241961 0 0 0 0.5785175561904907 0.9327042549848557 1.411790855228901 0.5002481937408447 6.626966759562492 0.2303485870361328 3.083797045052052 1.894976727664471 0 35.28776007890701 473.8286871314049 4.193621143698692 216.5404172688723 0 11.78129868209362 301.4563503190875 63.26087416708469 17.99507907032967 5.958864644169807 915.5244432762265 2718.367298610508 5.210220322012901 4.686747938394547 12.08119986206293 1.181508675217628 0 3.4600630402565 141.5686241611838 3.649575486779213 318.9574614390731 110.8011433184147 380.532739251852 113.8919704556465 2.578488826751709 1.12095607817173 0.122504711151123 1.170182511210442
20.63933263719082 0.5180555656552315 2.035937406122684 937.7316242605448 0.8212763443589211 264.0656906887889 170.5604973956943 273.506013661623 400.9890770986676 3201.481885112822 14.29120077192783 3402.91940677911 8.277212753891945 215.5336624383926 9.13810857385397 0.2842699438333511 0.4543049409985542 2.459836192429066 0.9838128238916397 2198.784452237189 1.46713699400425 1.26621125638485 1.92679388076067 1662.868232399225 0.3276968747377396 2.820676304399967 3.146289944648743 3890.111439704895 184.1079445704818 19.61620170623064 0.8666750490665436 15.99535860866308 10.02385752648115 71.22285291552544 3.475254163146019 323.0100232288241 8.490226686000824 120.1623446568847 23.40513703227043 84.04882200807333 26.29460166394711 1.769853182137012 8.536489360034466 0.3957308530807495 0 0.3174404799938202 60.84873349964619 0 8.945982441306114 26.88775113224983 6.611883729696274 50.28777296841145 123.898240827024 0 45.89010202139616 0 4.916526578366756 9.39309249818325 0 0 0 0 26.17604106664658 0.1768209487199783 0 0.6304860860109329 139.5529377236962 0 0 0 69.42414321750402 1.661029428243637 2.006025075912476 0 0 0 1.790480226278305 1.317772716283798 12.76091880351305 0.3862543478608131 6.130369290709496 1.196184605360031 88.51226726174355 0.6330276727676392 0.0849607065320015 0
0.5861656442284584 0.5943335592746735 0.2296066582202911 0.8212763443589211 4.311521530151367 119.0888845100999 0.9499906376004219 38.18849674612284 72.37946930527687 4.597154282033443 12.77615767717361 24.46912606060505 18.07457432150841 9.532157473266125 791.7013705149293 0.1180679872632027 0 1.028691440820694 0 1.458997130393982 0.3595757782459259 0.7118569165468216 0 3.055329285562038 1.220077484846115 0.1216525882482529 1.606440216302872 2.273403838276863 53.34484456479549 1.652387872338295 0.09418854862451553 35.56427726894617 0 87.84070914983749 0.1572315245866776 24.63758969306946 1.754484854638577 123.9840420559049 10.75261580199003 980.4249484091997 15.33984012901783 6.753983557224274 4.988557487726212 0 0 0 0 0 0.7249372601509094 0.6385138630867004 0 1.431797467172146 0.4039437174797058 0 0.3227947875857353 0 0 1.404473647475243 0 0 0 0 0 0 0 0 1.76803395152092 0 0 0 0.7562985718250275 0 0 0 0 0 0 0 0 0 0 0 9.361090302467346 0 0 0
29.76849367469549 6.789565980434418 108.3414623066783 264.0656906887889 119.0888845100999 10737.75424212962 2199.77779379487 6959.763920716941 1225.067219913006 9654.62651669234 43.34402772784233 6228.340597510338 35.11338127404451 1031.085274487734 1601.744675591588 13.5746985077858 36.67661501467228 4.260245136916637 4.842134654521942 544.3624515086412 138.1267967894673 27.67358437180519 39.81650750339031 873.3985148221254 2.98449794203043 34.34120576828718 116.6237680837512 859.4447396248579 513.8752075433731 123.8478749021888 1.783235870301723 657.8387208580971 7.305847361683846 294.2195051759481 5.854105740785599 170.3261866569519 15.52092995494604 211.0542312264442 27.40474644303322 2372.280829757452 355.917700663209 7.454129159450531 6.390435092151165 1.531455166637897 0 0.4577766507863998 50.92867643386126 0 17.92694935947657 63.76422625780106 9.953758083283901 85.18618056178093 61.0286979675293 1.933449119329453 56.16130752116442 0.4059041142463684 12.09157269448042 23.03604988008738 1.391118362545967 0.4746635854244232 0 0.1103956624865532 33.76894054561853 0.1004422307014465 0.6343264579772949 0.3056416809558868 244.7075560763478 0.1173747032880783 0.8343711569905281 3.830732367932796 90.35449961572886 11.83548197895288 4.047037780284882 0 0 0.3281831368803978 4.767603300511837 1.569412834942341 34.29676311463118 0.5272839516401291 11.29431585222483 2.738386660814285 172.3197639733553 0.8192620500922203 0.1165188625454903 0
2229.470206432045 7.676029160618782 481.68508785218 170.5604973956943 0.9499906376004219 2199.77779379487 24386.7372366786 1534.829810753465 319.6903235390782 8356.079061374068 8.96479643881321 34.9286440089345 4.668002299964428 4633.950177960098 7.205575689673424 181.7690930962563 137.0851022899151 3.311622641980648 15.16059378534555 47.94815852493048 1050.559051640332 21.83164010941982 327.4515816271305 4106.05221311003 1.0990986302495 104.5350752621889 981.3167994245887 20949.44995166361 933.5509017705917 8402.759461417794 0.4475433081388474 11.46241960674524 21.02457559108734 89.22834718227386 5.216407559812069 273.6454510763288 16.11743854731321 150.4289020374417 54.26257294416428 43.86460872739553 16.49162299185991 0.3095177114009857 4.66443645209074 1.607802301645279 0.3424880355596542 4.138929158449173 20.03397605568171 0 14.58955989032984 81.7325796559453 20.60785650461912 65.67948807030916 49.03816464543343 0.1996916830539703 19.34021504223347 0.1222051903605461 17.02245745062828 1.172083497047424 11.73121363669634 1.869714185595512 0 1.066680990159512 15.97863192111254 2.229807160794735 6.835191376507282 4.223812818527222 191.569381646812 0 4.083506509661674 20.76761841028929 107.0864856243134 16.87833631783724 10.51319712400436 0.09583115577697754 0 0.5424301028251648 10.64316997677088 3.107621878385544 43.4668083563447 0.2739698216319084 25.13935524225235 9.335857294499874 21.54157926887274 1.731436595320702 0 0.4730895161628723
1246.907098375261 2.624219596385956 235.1121189966798 273.506013661623 38.18849674612284 6959.763920716941 1534.829810753465 6351.850922703743 148.613518461585 2053.242622435093 44.51628288626671 1193.026058569551 27.97172266989946 8486.920526921749 217.6379310935736 17.50368264317513 73.91620666533709 6.787507675588131 20.86469618231058 429.8968108817935 203.422664731741 12.33635192364454 108.044634796679 512.3992524892092 3.689463086426258 71.21025850623846 128.5263218507171 809.0188948214054 665.7613448947668 957.454396866262 1.411447249352932 440.102259375155 25.91470868140459 203.7438572794199 7.217433147132397 273.7937330380082 19.93076614290476 180.9699340686202 45.227265663445 731.4142282158136 93.82144716382027 6.002586059272289 3.133569367229939 1.045658521354198 0 0.8127793669700623 11.76785038411617 0 1.975148268043995 23.19510123133659 3.676673509180546 20.87663649022579 11.88893952220678 0 10.12981306761503 0 4.60116146504879 3.421687722206116 5.256849989295006 0.7942062318325043 0 0 4.199601955711842 1.301857508718967 1.88017426431179 1.856897488236427 68.72240284085274 0 1.580620288848877 5.165755972266197 29.33176236599684 4.803489714860916 4.694501802325249 0 0 0 1.140252090990543 1.155492708086967 11.92019790410995 0.4472665190696716 9.901013925671577 1.048524834215641 17.56391763687134 0.7494661808013916 0 0
24.93615357577801 993.2163034304976 6.605325937271118 400.9890770986676 72.37946930527687 1225.067219913006 319.6903235390782 148.613518461585 1536.050421282649 389.1405512690544 13.14263162761927 1190.06256942451 122.6603925079107 170.186728477478 2867.240125916898 129.9489502161741 8.667818121612072 2.317654564976692 5.13951288163662 419.175300501287 17.10393595695496 3022.779220461845 14.14445268362761 10590.55263472348 206.4378000795841 13.68251901865005 409.1942981556058 1004.446997150779 387.7487874254584 191.7679775729775 6.572874210774899 16.6752645149827 55.26929765939713 83.45372465252876 12.47470206022263 1109.929884627461 46.59854653477669 152.1946922168136 77.33757250010967 1208.073775790632 25.28623951226473 9.077974483370781 7.796745523810387 19.90467315912247 0.7740964889526367 9.272718407213688 135.3958160057664 1.347702831029892 38.5613709539175 234.2650706619024 39.53774211555719 145.6264233291149 117.7540398985147 0.9596195667982101 309.8442506790161 1.301773637533188 55.43284080177546 123.1472386717796 386.6207472383976 2.027584746479988 0.4075948968529701 1.51062285900116 121.3747649639845 83.11609906703234 58.15645228326321 67.32603622227907 1422.820911772549 0.5463388040661812 3.950977832078934 29.74500995129347 471.8354447260499 98.0313992574811 167.1750461682677 0.6249874457716942 0 9.170850023627281 38.43270073086023 10.86377376317978 227.7226747870445 5.752947621047497 78.30602897703648 19.15840070694685 448.4700918346643 6.633014775812626 0.8711480125784874 2.015602625906467
159.7758817523718 2.414420895278454 57.86532688885927 3201.481885112822 4.597154282033443 9654.62651669234 8356.079061374068 2053.242622435093 389.1405512690544 44158.26656872779 79.79069344699383 5430.760977447033 42.20745059847832 1444.34490454942 27.89984548091888 13.89340773224831 20.05087911337614 11.83313085883856 5.767520576715469 4062.920908898115 80.81553816795349 8.254411213099957 28.84041725099087 1400.03163690865 2.532408252358437 27.54848864674568 88.23587065190077 5414.323217600584 729.4087013304234 192.4216895997524 5.273739688098431 73.64317973703146 32.7438662648201 237.3958137109876 12.31354305893183 963.8592091947794 37.66955329477787 421.7048700526357 70.70407270640135 283.1021874770522 88.79053044319153 8.661574922502041 34.30696545541286 0.8316326662898064 0 0 74.85234561562538 0 21.91400379687548 67.91306371241808 10.51839112490416 67.32213052362204 51.2558324560523 0.4905024841427803 51.94235870987177 0.168988324701786 10.93282268196344 10.12756994366646 0.7189722061157227 0.6786545962095261 0.4873789250850677 0.5913202986121178 29.1310915723443 0.6605822592973709 0.7963374927639961 0.4370497241616249 219.4733829051256 0 0.7705357596278191 2.280599936842918 100.6562271565199 13.60567483305931 4.439811669290066 0 0 0.9320313781499863 7.03628146648407 4.561764225363731 35.27187657356262 0.1437493115663528 14.9975867792964 6.112692907452583 59.76952039450407 2.296937018632889 0.123267762362957 0.1894540339708328
10.0874634757638 56.32101523131132 12.28144686669111 14.29120077192783 12.77615767717361 43.34402772784233 8.96479643881321 44.51628288626671 13.14263162761927 79.79069344699383 14531.8293338269 69.70685514807701 3294.733574904501 204.8720871508121 5.197464771568775 4.267622023820877 372.741611301899 5032.824626147747 1036.235743768513 28.74511469900608 55.24599653482437 13.90869266539812 101.2366756126285 25.55511611327529 1075.421919412911 3436.058027751744 1941.940413206816 23.62556711956859 328.9320917576551 81.79992397874594 1322.307145006955 159.5708359256387 4.769443355500698 5179.312100499868 4.995923794806004 772.674526616931 3208.261235162616 4745.79550845921 883.3797145783901 110.5265367254615 25.91005624830723 1349.949275523424 10.98302698880434 0 1.224750719964504 0 0.2541039884090424 0 0.2913670688867569 1.380965121090412 0.3195945024490356 2.373844154179096 0.3917810320854187 186.2475211396813 0.6260753870010376 327.1105176061392 0.4799348562955856 0.4157958626747131 0.5044745355844498 1.073404014110565 8.210283271968365 7.1732292547822 0.3743886798620224 0.1939040124416351 1.387041538953781 0 6.134049475193024 118.5738516226411 51.48675198853016 61.67657981812954 2.548443399369717 1.254049859941006 1.084993958473206 43.0722628608346 0.4420971497893333 0 8.883748471736908 1.936410427093506 6.600997895002365 233.7991236075759 14.55994322150946 2.737929470837116 1.042374819517136 0.7466934770345688 66.01988513767719 0
6.791046783328056 14.76187836378813 1.354032807052135 3402.91940677911 24.46912606060505 6228.340597510338 34.9286440089345 1193.026058569551 1190.06256942451 5430.760977447033 69.70685514807701 6372.884411133826 35.01990129798651 517.9603493362665 621.1638358682394 0.7063538730144501 0.9529155045747757 5.527366727590561 1.183012835681438 3648.097031973302 2.446143135428429 78.0078084692359 1.215631648898125 958.0070362091064 10.63718148320913 6.772416427731514 15.9114607796073 572.3908735141158 210.1551069840789 8.431993469595909 3.914067909121513 135.6834464818239 3.414029225707054 216.0155271813273 3.156853377819061 347.9986931830645 16.80613451451063 241.4610156789422 29.23983485996723 389.842053219676 77.53244758397341 8.213028639554977 6.798709042370319 0 0 0 102.0181059539318 1.298629507422447 9.67666383087635 10.86671376228333 5.289261117577553 52.32386630773544 39.72361420840025 0 119.4837493672967 0.3742408826947212 1.296226873993874 29.9596506357193 1.302628263831139 0.1850086003541946 0.1275951564311981 0 25.88593962043524 0.6577506363391876 2.098357409238815 1.224041178822517 88.08612611144781 0.1316987723112106 0.1763269305229187 0.4788061007857323 28.31635129451752 1.934456937015057 1.473446875810623 0.2543368563055992 0 0.1551907658576965 1.732339352369308 0.1288097053766251 12.56167716532946 0.07280667126178741 3.461895495653152 1.039251446723938 194.3288211897016 1.914979308843613 0 0
4.990363337099552 1432.471833966672 4.201034262776375 8.277212753891945 18.07457432150841 35.11338127404451 4.668002299964428 27.97172266989946 122.6603925079107 42.20745059847832 3294.733574904501 35.01990129798651 5260.938836731017 72.61701260507107 3.989973105490208 13.3067921474576 8.807679802179337 43.30795447528362 34.26544315367937 17.80756909400225 4.879642896354198 379.1622747257352 19.86471980810165 102.4257681295276 5828.176095470786 109.5942421257496 4877.839553982019 18.95513439550996 93.8918958902359 14.67443571984768 1085.57369223237 102.5263367965817 1.258933544158936 1139.761222027242 18.69883961230516 2251.717498846352 5365.818828992546 3944.516782239079 735.0545578375459 225.1874862536788 130.0251050144434 1194.197821483016 20.01567950099707 0 12.03006096184254 0 0.2088837772607803 0 0.5778772234916687 2.37640817463398 1.289726451039314 1.031908065080643 0.4532332941889763 752.9139814674854 0.4411683976650238 1580.826643921435 1.228348761796951 0.2172457277774811 0.7270972728729248 0.3680808544158936 23.27630585432053 5.026464574038982 0.1038934886455536 0.7392246052622795 6.202935196459293 0.4149451553821564 1.985481172800064 474.538695782423 189.0819690749049 300.4497720748186 0.9316147193312645 1.662780910730362 0.5992617309093475 192.7670986056328 0.709534764289856 0 16.3220908716321 28.61480155587196 78.42350106686354 607.9172556698322 25.16171503812075 5.043235652148724 1.032046683132648 0.3326261565089226 120.1587607115507 0
5628.206404156983 6.103258863091469 475.8074541240931 215.5336624383926 9.532157473266125 1031.085274487734 4633.950177960098 8486.920526921749 170.186728477478 1444.34490454942 204.8720871508121 517.9603493362665 72.61701260507107 9063.272584617138 61.56398832052946 32.51279414445162 160.606408521533 26.8809252679348 79.48406940698624 292.9050675407052 321.378206461668 22.90905947238207 272.2466089874506 866.1748540140688 6.307161778211594 184.296355959028 224.5728517696261 1160.361887957901 8569.151015512645 4409.365113139153 7.901699781417847 388.6246042773128 79.28637538105249 1275.622676774859 9.529122821986675 878.1181891784072 59.16040650755167 749.5689557343721 134.8058212250471 589.0892551317811 173.9186889976263 12.5045725479722 17.46930276602507 1.152431666851044 0.1053275838494301 2.217432029545307 11.88771932572126 0 3.168570913374424 45.64342306554317 6.925756804645061 36.57427387684584 14.41182079911232 0.3229812830686569 3.930074773728848 0.6460512578487396 9.940905593335629 1.003118097782135 16.18453687429428 0.8742293938994408 0 0.2938962876796722 4.114749737083912 2.764124780893326 4.985556527972221 3.1149982213974 114.5378723442554 0.08512102067470551 3.755139611661434 12.72871357947588 54.56603942811489 15.57274062931538 13.32964837551117 0.336313970386982 0 1.056499809026718 4.652932658791542 4.11390496045351 36.0518226698041 0.4528348743915558 12.58192399889231 1.645931765437126 10.81899326294661 1.225393712520599 0.707848995923996 0.3125369772315025
0.2640147805213928 25.71059748530388 0.1245305612683296 9.13810857385397 791.7013705149293 1601.744675591588 7.205575689673424 217.6379310935736 2867.240125916898 27.89984548091888 5.197464771568775 621.1638358682394 3.989973105490208 61.56398832052946 621.3611281663179 0.3233596459031105 0.1223989576101303 0.8207530975341797 0.4025675654411316 14.13374342769384 0.3551085144281387 97.55461529642344 0.1481233090162277 294.9480179175735 9.789960421621799 0.8409989103674889 11.23042368888855 11.96113602072001 10.66022395342588 0.2681159526109695 0.1467980742454529 333.8558287620544 0 21.89529141038656 0 114.6343975439668 1.401917226612568 11.72417320311069 1.456259779632092 1690.419057846069 20.94984009861946 0.7059329152107239 0.5244966298341751 0 0 0 25.219513066113 0.6551626622676849 4.826899118721485 8.078966364264488 2.812684699892998 69.43918941915035 22.68229158222675 0 91.15410229563713 0.1691684275865555 2.163022309541702 35.54341605305672 1.95423424243927 0 0 0 25.07638682425022 0.3280218243598938 2.622970625758171 0.7562235444784164 83.18751710653305 0 0.7326773405075073 0.1083327084779739 22.86650014668703 1.960711896419525 0 0 0 0 0.487595796585083 0 37.10156688094139 0 1.24994657933712 0.1443524956703186 411.4100202172995 0 0 0
9.644690856337547 138.7316965535283 19.25529529154301 0.2842699438333511 0.1180679872632027 13.5746985077858 181.7690930962563 17.50368264317513 129.9489502161741 13.89340773224831 4.267622023820877 0.7063538730144501 13.3067921474576 32.51279414445162 0.3233596459031105 4529.929250575602 37.37967163324356 2.175723977386951 9.831467986106873 0.6519289389252663 3024.640104882419 5049.106242597103 5334.979192093015 6440.260446332395 13.32216534018517 5.584263883531094 4651.458829246461 2847.557223014534 87.1763366125524 438.3708614334464 0.5715268105268478 0.5750821456313133 74.58326856791973 406.7982509806752 74.15147116035223 3487.614255025983 840.8830223977566 1039.51207921654 998.1353862136602 60.07517596334219 7.860446959733963 3.015513367950916 13.59456136077642 1.882672138512135 0.2812944948673248 199.9524547159672 0.6861058622598648 0 0.2168007642030716 10.28122086077929 4.778830729424953 24.93974690884352 1.959271542727947 0.1419686377048492 0 0.09532618522644043 5.105434209108353 0 1570.774566531181 6.237107418477535 0 1.6575528383255 0 140.5947098135948 919.2231479734182 1011.749238461256 131.1637598872185 0 10.76417870074511 841.2901279628277 135.9491310045123 8.597160972654819 69.03908582776785 0 0 0.8333988785743713 13.88484849780798 29.18855689466 120.691788867116 10.51639007776976 34.59907809644938 38.10448978096247 3.60510616004467 0 0 1.438173294067383
59.35241424292326 359.1788571700454 3481.968097664416 0.4543049409985542 0 36.67661501467228 137.0851022899151 73.91620666533709 8.667818121612072 20.05087911337614 372.741611301899 0.9529155045747757 8.807679802179337 160.606408521533 0.1223989576101303 37.37967163324356 2675.909298449755 289.8343108445406 2352.589446090162 0.7646026760339737 2426.010640308261 49.55567583441734 4272.662695735693 34.49937447160482 7.772394567728043 2952.91791280359 9863.828408636153 39.07068968564272 129.7593564167619 1549.822685725987 5.71451149135828 1.03241029381752 13.33457173407078 1693.068840868771 6.848853588104248 494.1035365685821 105.1708966046572 701.6139067858458 409.8882451206446 6.808538541197777 1.673853829503059 0.5149888098239899 1.399284191429615 0.3769970387220383 23.37639836221933 5.811890810728073 0 0 0.4901354908943176 1.8366569429636 0 1.92849700152874 0 12.09857068955898 0.1734989583492279 4.120880499482155 1.635825842618942 0 6.303675822913647 51.7655306905508 15.26547093689442 201.8477281033993 0 1.201571606099606 16.91233659535646 5.215891122817993 4.237058453261852 7.645638272166252 786.6435815468431 731.8779612258077 2.042654260993004 3.813688904047012 7.6817891523242 4.052072517573833 0 0.2615868896245956 22.42710243910551 1.849822878837585 78.82248811423779 32.20967429131269 120.4738783016801 28.34872556477785 0.3975859582424164 0.6279156804084778 0.1275473088026047 0.1456286162137985
3.575194776058197 25.00632648169994 36.43527233600616 2.459836192429066 1.028691440820694 4.260245136916637 3.311622641980648 6.787507675588131 2.317654564976692 11.83313085883856 5032.824626147747 5.527366727590561 43.30795447528362 26.8809252679348 0.8207530975341797 2.175723977386951 289.8343108445406 1336.905740655959 1712.087735965848 3.410719580948353 38.26758158951998 5.811350367963314 82.68631035089493 7.074828997254372 30.86751265823841 5160.997956298292 1287.07039155066 4.264394119381905 43.36355545371771 69.57641983032227 299.9060721620917 7.024786539375782 1.320515416562557 1157.645811483264 4.233773425221443 516.15974714607 722.9985297247767 1571.394645087421 537.0899773240089 9.54436818510294 1.890975564718246 3.842991419136524 0.9588311836123466 0 2.766929991543293 0.3735182285308838 0.1809902861714363 0 0 0.7233280688524246 0.144300565123558 0.3392165079712868 0 66.96892017871141 0.2338575720787048 222.602493815124 0 0 0.09268148988485336 0 33.80293785780668 15.74472934007645 0 0 0.5740886479616165 0 2.492088712751865 53.47344191372395 156.3090013191104 218.8219986632466 0.124729797244072 1.271502919495106 0.2915058806538582 83.54126869142056 0 0 2.348580203950405 3.112375125288963 2.764029137790203 84.19855809211731 4.312075115740299 1.857902705669403 0 0 1.948560923337936 0
27.35435645282269 159.8385048508644 304.0405035540462 0.9838128238916397 0 4.842134654521942 15.16059378534555 20.86469618231058 5.13951288163662 5.767520576715469 1036.235743768513 1.183012835681438 34.26544315367937 79.48406940698624 0.4025675654411316 9.831467986106873 2352.589446090162 1712.087735965848 1678.244543038309 1.2250846773386 309.6864731535316 11.45680467039347 668.4735862314701 16.00364685058594 30.24084014445543 10458.59338147193 5188.72683814168 12.13794459402561 86.22170723974705 461.9165071621537 65.89577519148588 2.012687921524048 8.95656631141901 1743.888278611004 3.622570216655731 394.5233685895801 337.1953056901693 769.3649374619126 255.4382318332791 2.692548513412476 2.064792133867741 1.874180145561695 1.064644917845726 0.2216358333826065 19.22239974141121 0.8378828540444374 0 0 0 0.4253376871347427 0.4951928704977036 0.9244865477085114 0 52.49502429366112 0.4055773168802261 146.8799623847008 0.273878425359726 0 1.138366207480431 8.615799650549889 80.41296052932739 133.5625551342964 0 0.5973344892263412 4.83568611741066 1.206931561231613 1.982089377939701 83.15348007529974 510.2742094323039 760.2192674428225 0.4751192405819893 1.060431331396103 1.506378427147865 72.24084874987602 0 0.1251338124275208 13.06778032332659 0.2516643106937408 31.17853286117315 43.7548151165247 37.90665819495916 5.151199400424957 2.207850433886051 0 2.763886064291 0.1467150449752808
21.53185945749283 0.9920688569545746 0.6052561849355698 2198.784452237189 1.458997130393982 544.3624515086412 47.94815852493048 429.8968108817935 419.175300501287 4062.920908898115 28.74511469900608 3648.097031973302 17.80756909400225 292.9050675407052 14.13374342769384 0.6519289389252663 0.7646026760339737 3.410719580948353 1.2250846773386 597.7852592840791 1.137331932783127 2.064765445888042 1.167906112968922 565.0688966140151 0.7371834814548492 3.439630649983883 3.470713332295418 1813.019862413406 204.4445146992803 12.81274948269129 2.219930358231068 31.75072415173054 8.701517194509506 98.02516136318445 4.875666297972202 352.7096923664212 12.67511005699635 162.7888937219977 27.13960364460945 103.4093019142747 38.82828664779663 2.000935979187489 9.610504359006882 1.150084167718887 0 0 24.71794466674328 0 9.350115709006786 24.72539497166872 3.027970887720585 43.38660339266062 27.33676115423441 0.4340440332889557 32.38911961764097 1.050360202789307 5.305086180567741 14.96537092328072 0 0 0 0.2206713855266571 18.52980852127075 0 0.171517126262188 0.1363396346569061 114.3044638931751 0 0 0.5813052877783775 45.79015895724297 2.597681805491447 0.9904238358139992 0 0.5755941867828369 0 4.479730665683746 2.247248202562332 11.98837040364742 0 7.558345414698124 0.7559487819671631 86.80561140924692 1.390533745288849 0 0
78.10433266311884 17.16864691674709 1437.098381325603 1.46713699400425 0.3595757782459259 138.1267967894673 1050.559051640332 203.422664731741 17.10393595695496 80.81553816795349 55.24599653482437 2.446143135428429 4.879642896354198 321.378206461668 0.3551085144281387 3024.640104882419 2426.010640308261 38.26758158951998 309.6864731535316 1.137331932783127 18117.93618231267 176.2350820451975 16853.06746116281 384.4096675291657 0.689351424574852 361.6282633319497 2054.39784463495 4090.290693730116 151.8013308048248 8203.582628138363 1.173539668321609 1.352775417268276 43.60220755636692 5323.627968989313 79.20219031721354 4207.112228132784 548.7154864668846 4136.489567048848 1497.44626969099 57.49566458165646 13.11220051348209 2.152612589299679 15.62195819616318 1.184479236602783 0.2797777354717255 4.776121482253075 0 0 0 1.762514546513557 0.6355118006467819 3.047803588211536 0.2893008887767792 0.3770656362175941 0 0.1143719106912613 0.5853467583656311 0 223.8159646242857 2.584073215723038 0.4680107235908508 6.884419292211533 0 27.40150217711926 99.96964140981436 107.3259130567312 28.21512261778116 0.5000773146748543 19.7618455439806 64.07713333517313 31.83154338598251 2.665864929556847 9.123830452561378 0.2619894072413445 0 0.2765142917633057 2.838371112942696 35.89626558870077 27.76666227728128 2.010155767202377 11.03757443279028 8.059342280030251 0.50154709815979 0 0 0.3222957998514175
5.424853280186653 2406.961559347808 462.2364198192954 1.26621125638485 0.7118569165468216 27.67358437180519 21.83164010941982 12.33635192364454 3022.779220461845 8.254411213099957 13.90869266539812 78.0078084692359 379.1622747257352 22.90905947238207 97.55461529642344 5049.106242597103 49.55567583441734 5.811350367963314 11.45680467039347 2.064765445888042 176.2350820451975 1419.278997182846 809.6444873511791 6970.218494191766 765.0609594210982 27.34841297566891 5888.849111869931 336.9346287846565 139.7753950059414 218.5818514898419 18.39222576096654 1.81718523055315 63.79150652140379 109.9084364399314 12.48929383605719 548.2106909304857 129.6368423178792 193.6427904814482 133.0541353002191 32.12001992017031 4.280233196914196 29.16796627640724 2.027397572994232 0.162534773349762 6.083911299705505 86.60396344959736 0 0 0.2755642831325531 3.825553461909294 0.7903133556246758 7.721983551979065 1.927145719528198 2.473344676196575 0 1.55146685987711 1.64543853700161 0 1134.621267683804 24.81333148479462 0.1838898509740829 4.296740844845772 0 39.36642521619797 174.3257955089211 667.1418063417077 32.87190715968609 1.004774652421474 40.63326790928841 910.8005736544728 20.12185895442963 2.184132747352123 7.213851697742939 0.7046649381518364 0 0 9.713010616600513 1.291332647204399 46.50438813120127 11.24630650132895 30.37744878232479 13.06145966053009 0.589373379945755 0.2437435984611511 1.358294866979122 0
102.3606773540378 34.2113753631711 8179.730825096369 1.92679388076067 0 39.81650750339031 327.4515816271305 108.044634796679 14.14445268362761 28.84041725099087 101.2366756126285 1.215631648898125 19.86471980810165 272.2466089874506 0.1481233090162277 5334.979192093015 4272.662695735693 82.68631035089493 668.4735862314701 1.167906112968922 16853.06746116281 809.6444873511791 24200.20587680489 561.2311343923211 3.594978265464306 1836.802264280617 15213.62096591294 1678.857696518302 162.5269282907248 4732.957612365484 2.50897915661335 2.055541485548019 28.42369831353426 3791.430306389928 210.5326731726527 6949.467741444707 1466.680178575218 6779.021572366357 4505.977380685508 173.8786212354898 22.15595273673534 7.845653921365738 32.82240061461926 1.021482214331627 1.815283551812172 373.1935897916555 0.1322931051254272 0 0.3902290090918541 7.090883329510689 3.782695800065994 3.917274050414562 0.6351001039147377 0.9245833531022072 0 1.120879821479321 4.043559536337852 0 824.4280388504267 24.31571302562952 1.485018752515316 12.82527209818363 0 24.24337550252676 632.1639357581735 707.3084928244352 45.42355763167143 1.392611652612686 58.18028166890144 1653.501393705606 26.83016898483038 3.340438850224018 13.11391454190016 0.1610157191753387 0 0.6808491945266724 20.32180351763964 58.67012524604797 139.0346582978964 16.77433120459318 78.12468700110912 55.48927559703588 0.7134979069232941 0.8817925304174423 0 0.7722821533679962
197.4439250379801 926.6023859158158 32.08670208603144 1662.868232399225 3.055329285562038 873.3985148221254 4106.05221311003 512.3992524892092 10590.55263472348 1400.03163690865 25.55511611327529 958.0070362091064 102.4257681295276 866.1748540140688 294.9480179175735 6440.260446332395 34.49937447160482 7.074828997254372 16.00364685058594 565.0688966140151 384.4096675291657 6970.218494191766 561.2311343923211 12198.32741313428 150.8325291201472 27.2161035425961 1991.724748946726 10059.93915201724 1807.033931978047 2415.37842129916 5.535428564995527 21.1550409719348 268.7389958128333 471.2706450000405 73.23472589999437 3443.019810087979 114.0310035049915 885.1445537060499 463.0539927408099 347.3577093482018 92.87701565772295 7.345843754708767 41.63000524789095 20.45370206236839 0.5895430445671082 12.10975355654955 134.6298847049475 0.4139769971370697 64.20724280923605 339.6811581924558 56.44460156559944 528.6610146909952 174.5322126746178 1.865780502557755 149.5246400535107 1.105032525956631 81.49022477865219 43.65474166721106 379.8710422664881 4.349018342792988 1.33708418905735 2.271856755018234 97.75976219028234 72.45225843042135 181.1984286233783 69.32070786505938 1196.097865089774 0.09287894517183304 6.488262355327606 40.57701403647661 565.3906605616212 124.5398414731026 147.9992794841528 0.125005230307579 0.07597392797470093 3.506367884576321 41.48906350880861 29.97022432088852 286.4478207528591 6.500922106206417 109.3641710504889 31.62915784865618 344.0833564251661 7.889826111495495 0.3284096270799637 0.1840701550245285
0.5103027299046516 1658.443984478712 0.8658083081245422 0.3276968747377396 1.220077484846115 2.98449794203043 1.0990986302495 3.689463086426258 206.4378000795841 2.532408252358437 1075.421919412911 10.63718148320913 5828.176095470786 6.307161778211594 9.789960421621799 13.32216534018517 7.772394567728043 30.86751265823841 30.24084014445543 0.7371834814548492 0.689351424574852 765.0609594210982 3.594978265464306 150.8325291201472 468.5055360868573 111.3709206655622 3005.59809550643 5.889743275940418 6.041477456688881 2.157498106360435 170.9815534502268 7.747422806918621 0.5791676566004753 376.4440168812871 0.1109007522463799 795.3759987428784 663.7360743880272 921.7507785856724 101.7819233983755 176.385302118957 129.1926902979612 310.6870783567429 4.62557128071785 0 20.02168025076389 0 5.771800093352795 0 0 0.1927177309989929 0.7229852080345154 0.6848199591040611 0.1146683543920517 342.9183657690883 2.364275328814983 1328.955472536385 0.6189007014036179 0 0.2374254018068314 0.3348312228918076 52.01420283317566 18.21457485854626 0.9972188472747803 0 16.75755645334721 0 8.083543464541435 465.8091331794858 274.7027805298567 935.8415378928185 0.3862653449177742 0.9208274334669113 0.1623508930206299 147.9037504121661 0.4788196682929993 0 37.24556331336498 0.2664220333099365 91.07480232417583 50.80589164048433 33.19508966803551 2.834716767072678 29.17778588831425 5.44769711047411 42.62419863790274 0
59.68110989034176 219.7978937849402 8611.041058428586 2.820676304399967 0.1216525882482529 34.34120576828718 104.5350752621889 71.21025850623846 13.68251901865005 27.54848864674568 3436.058027751744 6.772416427731514 109.5942421257496 184.296355959028 0.8409989103674889 5.584263883531094 2952.91791280359 5160.997956298292 10458.59338147193 3.439630649983883 361.6282633319497 27.34841297566891 1836.802264280617 27.2161035425961 111.3709206655622 32171.27423212677 17338.80247221142 22.42164548486471 110.2290560603142 713.8037026971579 401.4115846902132 9.901928901672363 7.678486257791519 1239.555263452232 7.785605974495411 1245.781971730292 1500.269721217453 2004.981290176511 802.5708509981632 11.32768917828798 3.979458779096603 15.95986837893724 2.139071621000767 0.1520069390535355 19.82324777543545 1.961326785385609 0.2089433446526527 0.1486465334892273 0 0.9176362603902817 0.4211250618100166 1.117494575679302 0.1083953008055687 137.5302293673158 0 465.4821266159415 0.9718722477555275 0 3.820463284850121 18.18004013597965 79.2560848519206 137.9875047281384 0 1.655403181910515 6.362396314740181 1.769094094634056 3.363943167030811 128.7067131027579 779.6910329982638 817.4698365032673 1.724449791014194 2.464437514543533 3.036434449255466 159.4898310303688 0 0 19.80156523734331 4.082314044237137 36.03619679063559 174.8297888413072 77.91024351865053 20.16812547296286 0.2199161127209663 0.5136728584766388 7.622134633362293 0.2104609608650208
62.38963676989079 8753.032961212099 11052.5426582396 3.146289944648743 1.606440216302872 116.6237680837512 981.3167994245887 128.5263218507171 409.1942981556058 88.23587065190077 1941.940413206816 15.9114607796073 4877.839553982019 224.5728517696261 11.23042368888855 4651.458829246461 9863.828408636153 1287.07039155066 5188.72683814168 3.470713332295418 2054.39784463495 5888.849111869931 15213.62096591294 1991.724748946726 3005.59809550643 17338.80247221142 38049.68714313954 1330.58452282846 193.2837102711201 1289.535251185298 1108.259109713137 9.276491180062294 27.26356199383736 5895.589888259768 146.0607752278447 9538.050952777267 6290.851454652846 10577.94018737227 5744.236468307674 140.8615930601954 23.24275220930576 73.75990577042103 21.04321160912514 3.067382678389549 158.3455947637558 359.0961618423462 0.4967748373746872 0 0.2856549397110939 8.438211269676685 4.148687943816185 13.46492201089859 0.6244828775525093 429.9878589585423 0.5355168953537941 1082.266575470567 6.594430632889271 0 281.80710593611 354.4596079364419 260.5666150450706 882.3340119048953 0 25.26611661911011 849.8664186373353 224.5507580414414 66.40721379220486 468.8275270536542 3572.039431646466 7488.531611613929 42.56311688572168 15.48934213072062 39.49355536699295 454.5697753503919 0 1.140335768461227 196.9614195227623 45.28884110599756 457.9083472341299 488.3363744467497 608.406400449574 160.2462059855461 3.995540887117386 3.769969463348389 18.12481901794672 2.593748435378075
264.7925930321217 41.0984203517437 162.8351730629802 3890.111439704895 2.273403838276863 859.4447396248579 20949.44995166361 809.0188948214054 1004.446997150779 5414.323217600584 23.62556711956859 572.3908735141158 18.95513439550996 1160.361887957901 11.96113602072001 2847.557223014534 39.07068968564272 4.264394119381905 12.13794459402561 1813.019862413406 4090.290693730116 336.9346287846565 1678.857696518302 10059.93915201724 5.889743275940418 22.42164548486471 1330.58452282846 19273.36551397666 1100.575008876622 14676.88788077235 1.326581872999668 19.50293279439211 155.4841423407197 835.1078116968274 56.72249776870012 2246.474090650678 97.90556987375021 1042.664747290313 427.3850286304951 196.8887389153242 63.9687746539712 3.25512832403183 33.9483023956418 8.423045948147774 0.1549738496541977 18.40713691711426 59.78645404428244 0.3495406657457352 29.1246692314744 188.5661071613431 38.56740956008434 216.1627335548401 71.73319336026907 0.5389547944068909 46.54148311167955 0.1842342093586922 51.52068722248077 9.870993554592133 283.5311086252332 1.179962284862995 0.3646846115589142 1.334717340767384 41.14671747386456 57.44275300204754 83.56665440648794 56.87954878807068 728.3255541399121 0 5.878201626241207 30.36180154979229 352.3329701274633 99.11625928431749 138.8605213910341 0 0 7.159859925508499 27.54319137334824 27.08263793587685 183.8617435619235 2.455644674599171 78.19838823378086 22.41262046247721 97.3187909796834 0.5300830751657486 0.2956003472208977 0.6873205900192261
