1119.474808737636 0.2299834638834 143.306178830564 1.821606382727623 0.479047067463398 14.57715610414743 1831.451464243233 1261.467256389558 15.82555515319109 12.95115751028061 32.58759137988091 0.8304349556565285 0.5376643165946007 3566.614118032157 0 0.2493830323219299 314.7040170878172 23.08773873001337 72.82482269406319 1.1811338737607 58.58606845885515 0.1448890566825867 91.67580928653479 73.22351078689098 0 75.00799086689949 81.12628100812435 184.8666847720742 2778.499670878053 3459.522396288812 2.106583900749683 11.20093262195587 31.74318868666887 226.0908526703715 1.412946760654449 315.4996824711561 66.86217496544123 96.01399015635252 39.64057058095932 3.547504678368568 3.058519251644611 0.1733066141605377 0.4735930785536766 0.1007025241851807 0.8130367696285248 3.79377019405365 0.8412900269031525 0 0.2179291695356369 3.066895194351673 1.698363125324249 8.932782724499702 0.9577998071908951 0.5232457369565964 0.1728736162185669 0 1.937330901622772 0 4.058737836778164 0.5524987950921059 0 0.1925495862960815 0 6.846694603562355 0.3522597104310989 0.8224519193172455 17.58243151754141 0 0.9749988839030266 6.830138929188251 15.09080306440592 1.226912811398506 6.062146462500095 0 0 0 0.1304963380098343 0 6.482489034533501 0.5990161672234535 3.92096271365881 0.7341205626726151 4.442535221576691 0 0 0
0.2299834638834 113.7010431140661 48.28253678977489 0.4800191223621368 2.466469034552574 0.2482519894838333 4.226692989468575 0.983161136507988 935.6723783239722 0.4722164273262024 30.01492200791836 1.493277177214622 1522.294979035854 0.5400640740990639 9.686592042446136 58.23487251251936 9.678279258310795 1.534098535776138 1.337861552834511 0.2177949249744415 9.249540351331234 2476.085303217173 5.296000324189663 1275.546034410596 2291.4434562549 110.5384530946612 4363.770234271884 35.38847231864929 0.9065536856651306 0.8077859506011009 5.372933462262154 0.2344919294118881 0.2364105433225632 25.6841114461422 0.2403654158115387 16.65733570605516 140.4725689515471 123.041771158576 17.48991268873215 14.14860320091248 0.3649736344814301 274.2616626173258 0 0.1257544606924057 757.3051380962133 82.85973343998194 0.1176323071122169 0 0 1.480191871523857 2.235374301671982 17.98028074204922 0.5570431351661682 7.945335134863853 0.3670877814292908 95.99943535774946 1.442963428795338 0.216328427195549 15.82296082377434 85.28202793747187 0.4057027548551559 12.46460388600826 0 0.5616882964968681 86.05809085816145 16.53278797864914 29.11027450114489 57.59847627580166 166.3389753699303 1992.517601534724 5.693353071808815 1.340659990906715 2.751836366951466 11.57492183893919 0 0 22.63765845447779 1.118097320199013 89.56882485747337 98.95755071938038 90.17029588669538 21.94654656201601 2.22382578253746 0.8827422857284546 9.980977088212967 0
143.306178830564 48.28253678977489 3112.58069165796 0.8715805038809776 0.4055890664458275 371.7591601014137 2159.393106780946 816.2584194466472 2.605463780462742 90.94149244576693 35.68769607692957 2.068715967237949 3.922266311943531 1116.010681323707 0 11.80565825849771 6822.6982652843 75.65519607812166 682.7124567553401 0.7434350997209549 1687.532757751644 12.20697213709354 8752.323920443654 26.43433170765638 0.8943565338850021 6100.58187687397 10224.58108566701 217.0686222761869 167.9378745183349 1741.556342497468 6.685729160904884 4.27856270968914 5.359869748353958 658.0656288266182 10.16559528559446 3270.268990896642 5369.245038121939 2681.187066078186 808.0837610438466 65.26248186826706 1.844359762966633 1.716015264391899 12.76008735597134 3.120551899075508 367.6677265316248 1784.258170604706 0 0 3.591929495334625 54.69205120205879 19.68765868991613 5.401376962661743 8.589553035795689 2.377434596419334 0.1151342019438744 1.181795090436935 21.91655542701483 0.2081179618835449 58.55727859586477 184.9072554185987 1.924441769719124 11.24349919706583 0 19.12302527576685 93.52627124637365 518.7250364199281 36.83153327554464 0.9840287864208221 177.6130876988173 4734.562759138644 21.42337165772915 3.694075688719749 12.71302694827318 0.4107894748449326 0.1495213061571121 0.6715934202075005 19.13264975696802 1.869537711143494 177.0801153033972 226.8778429999948 142.3859527260065 44.381287291646 3.068259388208389 0.1172655448317528 0.8715044558048248 0
1.821606382727623 0.4800191223621368 0.8715805038809776 2690.204338297248 26.39002922922373 193.9191191717982 43.75139376521111 49.96074132621288 1110.189162120223 7142.056893840432 31.19292965531349 7684.589297875762 8.238610967993736 33.10723179578781 199.6534873396158 0 0.6092441231012344 9.355803869664669 6.765464678406715 4728.313305281103 0.2677080631256104 0.4159990698099136 0.5310157090425491 1258.204262830317 0.3574294298887253 6.9020926207304 3.625205889344215 5482.680171400309 95.85059063881636 0.6986583843827248 2.258506618440151 12.9156346693635 2.668849468231201 63.63098573684692 0.3514226973056793 311.875737734139 2.814330942928791 105.0972768142819 32.41225231438875 428.7929594963789 16.32929148525 1.853573620319366 2.657192453742027 2.880815654993057 0 0.4611186236143112 357.0873148217797 0 10.63446287810802 128.7512609958649 4.526843890547752 139.6461755111814 370.3417348638177 11.21411933004856 226.0643631741405 0.2046778202056885 8.874388970434666 1.743108496069908 0.1586553603410721 0 0.9307228773832321 0.4587135314941406 262.9850231707096 0.3174193799495697 4.965487539768219 0.3883776664733887 570.4303891584277 1.088549569249153 1.31274002045393 1.119569957256317 627.4961930513382 13.34718488156796 17.1724049448967 0.1506003588438034 0.1546695977449417 0.1341587603092194 5.80722638964653 0 38.9565128237009 0.9056492894887924 43.71324857324362 7.397172302007675 130.5174792855978 5.393168702721596 0.4241360723972321 0
0.479047067463398 2.466469034552574 0.4055890664458275 26.39002922922373 12.7935307174921 251.5236028209329 2.61664991825819 22.92067252844572 179.1901785284281 8.343808241188526 15.15025768429041 291.8624677956104 9.505342222750187 8.564933083951473 1239.579311177135 0 0.1151920780539513 1.081475257873535 0.3760568350553513 32.7491322606802 0.2259965017437935 2.597426049411297 0.118890069425106 100.1687125861645 0.7948881611227989 0.4266470298171043 2.95577160269022 19.28137323260307 125.8369916975498 0.4052368551492691 0.6340250074863434 169.2812003791332 0 35.82732597738504 0.755135715007782 19.95775407552719 1.305637344717979 58.53028754144907 26.29143657535315 946.6949776187539 4.020077630877495 0 0 0 0 0 1.284960247576237 0 0 0 0 0.3377845734357834 0.1189187541604042 0 0.419746533036232 0.2351161241531372 0 0 0 0 0 0 0.5068169832229614 0 0.1146100610494614 0 1.885833293199539 0 0 0.1500754505395889 1.220058903098106 0.2772056311368942 0.6119691133499146 0 0 0 0 0 0.2966497242450714 0 0 0 1.059481427073479 0 0 0
14.57715610414743 0.2482519894838333 371.7591601014137 193.9191191717982 251.5236028209329 11110.03804273903 3950.493379049003 5580.75946944952 103.0660601556301 12032.76270088553 403.331065505743 3555.802831061184 67.01756349951029 795.7679450809956 1881.949228338897 1.177922084927559 115.3888086304069 92.26950366050005 80.95580147206783 302.1620343178511 75.95863796025515 1.323566973209381 103.62471421808 146.5971427410841 0.4693630635738373 136.9179840311408 92.9485801756382 1726.680042289197 966.6204873472452 82.89046645909548 15.68090285360813 777.934627443552 13.34122399240732 726.3377622440457 5.204567804932594 917.4519208595157 76.09867125749588 511.7842385470867 169.9597805812955 2461.50605404377 274.6638724952936 11.60836055874825 6.102140069007874 0.7625520527362823 0.1857468336820602 4.632272370159626 28.90160761773586 0.2092724442481995 0.1635391414165497 12.37032172828913 1.751268103718758 20.27329311519861 35.62770613282919 3.085067041218281 34.56925294548273 0.2676263749599457 5.08018734306097 2.47404682636261 1.62777404487133 0.319050133228302 0 0.2551373541355133 31.43269073963165 2.116748243570328 1.878675170242786 1.553656131029129 71.69616659730673 1.75680136680603 1.500618025660515 8.041574381291866 78.63780549913645 7.845018304884434 17.8689378798008 0.6066767349839211 0.2902217209339142 0.7761396765708923 0.9770651087164879 0 27.6128154695034 1.357502311468124 13.62225060909986 1.990606069564819 52.81310306489468 0 1.411591559648514 0
1831.451464243233 4.226692989468575 2159.393106780946 43.75139376521111 2.61664991825819 3950.493379049003 6544.550060465932 3218.435483790934 144.5712076574564 4475.931005112827 56.52618217468262 42.47650225460529 11.36562293022871 6882.924813970923 15.31621589511633 54.46828551590443 243.7583001926541 31.08098451793194 74.83197451382875 9.991968885064125 3402.637092500925 7.08399160951376 1154.712951608002 556.825988702476 0.3946553468704224 388.9642398953438 702.8821790963411 19849.63607084751 1878.291718944907 4118.093929097056 3.515836842358112 27.32716642320156 133.5780179724097 448.2148814201355 35.92179354280233 3843.573995500803 116.6469354555011 1116.844468981028 831.3404876664281 102.8645759299397 73.46355408430099 4.117960602045059 35.88791161775589 6.43385311216116 5.064507231116295 26.01773101091385 41.31984361261129 0.3650864064693451 2.385273411870003 122.9880480468273 9.961406335234642 138.7326320409775 97.54521035403013 13.46752358227968 14.75776715576649 0.1766356974840164 23.68564760684967 1.507093191146851 25.10633420199156 3.322208896279335 1.063589110970497 0.4414981827139854 26.70266637951136 26.51660843938589 7.43354070186615 14.35188411176205 462.3664656504989 0.3097946345806122 5.542552195489407 59.66339092701674 474.0561496913433 36.89100117981434 83.01043056696653 0.1398948431015015 0.9621168375015259 2.142040923237801 12.56719153374434 0.7990282773971558 100.8403449133039 5.689627885818481 54.51353931427002 13.74882519990206 67.37189185619354 3.254012331366539 1.35213902592659 0.4435282945632935
1261.467256389558 0.983161136507988 816.2584194466472 49.96074132621288 22.92067252844572 5580.75946944952 3218.435483790934 8488.958728671074 72.19948168098927 1326.826694279909 1019.650763317943 663.5679363161325 61.853012137115 6747.970841683447 177.013900719583 1.54632431268692 679.5298451781273 192.8918883651495 243.0913547426462 140.9905808568001 141.6909316554666 1.354428440332413 247.2759006395936 206.9941776320338 0.4823432117700577 339.0004406571388 260.1674406006932 618.4292725399137 755.9027693346143 1083.758880965412 26.43790862709284 536.3676800429821 21.24240925908089 1544.456906378269 11.28939379751682 1536.59898711741 228.5706058293581 584.5636267215014 191.1414055973291 1152.551311604679 148.9063493683934 2.517020158469677 9.904337659478188 6.266835309565067 1.502598240971565 11.89966206252575 6.685677126049995 0 0.1400222033262253 33.52507415413857 6.751606866717339 67.67116555571556 10.64596918225288 1.77180027961731 4.23926143348217 0.5409087240695953 11.87417303770781 0 9.828819029033184 1.235222004354 0.4177945852279663 0.1311677843332291 7.676175236701965 15.19708929955959 1.779619440436363 2.884242467582226 150.3591591641307 0.2356325685977936 4.212516367435455 32.29465048015118 135.4006834551692 17.7850843667984 41.24379920214415 0.1339111477136612 0 0.8833227455615997 5.321179635822773 0.1832039803266525 36.32105241715908 4.787371978163719 18.09270431101322 4.087477967143059 18.87769229710102 1.150112748146057 2.928837060928345 0.6317197680473328
15.82555515319109 935.6723783239722 2.605463780462742 1110.189162120223 179.1901785284281 103.0660601556301 144.5712076574564 72.19948168098927 664.5294758975506 213.2736565098166 5.891524568200111 506.4369451999664 337.4985006079078 41.90585190057755 539.9170779213309 17.99821409583092 2.314843557775021 0.800830066204071 1.362964004278183 582.3892081081867 12.84852651506662 2091.53423845768 4.569375097751617 10869.4773876071 452.1436179056764 17.71188602596521 1104.182007335126 1505.358575195074 82.9797784537077 47.69678490608931 1.717117600142956 10.52463275939226 15.61353402584791 18.25632251799107 2.344030901789665 203.8666592165828 25.6522317007184 42.3410379961133 36.68305454403162 368.604829877615 29.92766018211842 10.49094268679619 0.1512362211942673 13.56566090881824 5.132876083254814 3.014421604573727 115.0475096479058 0 5.273688271641731 78.57067559659481 11.14861849695444 100.7053781822324 84.11048458516598 5.15415807813406 87.39507476985455 7.589188747107983 34.24189253896475 3.078702747821808 74.87066403031349 1.03395126760006 0.6167332679033279 1.489141531288624 71.50369044393301 53.49045727401972 22.49829936027527 4.648152105510235 1003.796132646501 1.018965348601341 5.104541949927807 21.23862912505865 418.3099701106548 36.10580746084452 71.50577466189861 2.414193697273731 0 4.153817266225815 5.173066034913063 0.6041507124900818 67.39919440448284 7.016184702515602 28.20758610218763 12.92155059427023 57.08827041089535 2.133777163922787 1.733173012733459 0.4742867648601532
12.95115751028061 0.4722164273262024 90.94149244576693 7142.056893840432 8.343808241188526 12032.76270088553 4475.931005112827 1326.826694279909 213.2736565098166 24760.79047048837 189.1779259741306 6891.622533209622 36.02676616609097 811.6697886586189 45.29431660473347 1.616314277052879 14.55651658773422 69.78335351496935 58.28216264396906 3610.82228282094 64.7894424200058 0.3045282959938049 35.43361914902925 351.6882019713521 0.4003342986106873 58.37444398552179 62.6945256665349 5779.275099419057 1436.330367386341 26.32882561534643 8.066380828619003 86.66126767545938 23.34447872638702 617.8334284499288 15.70786035060883 2672.793513953686 58.23027524352074 1160.707813687623 413.2286247462034 259.8129832595587 125.5035222247243 5.404705494642258 29.16664795577526 8.626104444265366 0.8238681256771088 2.112719289958477 306.8413501605392 1.176177024841309 13.91114892810583 251.6846851781011 11.72252441942692 114.9252758696675 459.4404847621918 27.50423459708691 142.6384194269776 0 25.46274326741695 2.263213932514191 1.780454374849796 0.4812046363949776 1.745192460715771 1.511958293616772 215.3913830891252 2.912708036601543 1.150921300053596 2.343461856245995 757.2954270169139 0 4.062919311225414 4.563389390707016 923.2594714164734 32.90571836382151 57.86220286786556 0.1400123089551926 2.916683718562126 1.066226422786713 19.95757081359625 1.144214659929276 134.4409156218171 1.87572368234396 101.1453704610467 17.47029559314251 174.3843509554863 7.846620589494705 0 0
32.58759137988091 30.01492200791836 35.68769607692957 31.19292965531349 15.15025768429041 403.331065505743 56.52618217468262 1019.650763317943 5.891524568200111 189.1779259741306 3737.803890898824 339.0301253795624 1187.69861086458 871.4195086732507 1.265211030840874 1.075683251023293 202.6621793136001 2151.344616189599 279.7233133390546 70.86973103135824 29.30494748800993 5.670556835830212 42.81973993033171 11.73670615255833 91.92360866814852 1030.09934411943 966.0707418173552 51.21421088278294 511.6111270710826 50.64743132889271 479.9500216469169 618.6126440539956 13.17929854243994 9228.580647692084 36.1640457212925 720.0509347990155 3842.57658765465 5386.050933435559 1221.73385964334 132.2639886587858 27.52584639936686 693.7160310596228 10.09235991537571 0.271443247795105 20.39040590077639 4.212513439357281 2.160140141844749 0 0.1274188458919525 5.148852527141571 1.285228505730629 6.512328065931797 3.73211969435215 70.84258657693863 0.7516065910458565 412.4402592107654 3.189308755099773 0 1.564271166920662 2.678804159164429 35.22986484318972 45.27773956954479 0.7587462738156319 1.523577727377415 2.830600038170815 0.1698311865329742 33.95724892616272 130.7812977731228 309.0520523115993 326.224637798965 24.23693347722292 2.348396316170692 7.130380406975746 198.4581894353032 0.8055798783898354 0 1.139857321977615 3.275046274065971 12.51444364339113 628.7963729947805 44.73884323984385 2.722112819552422 3.926683828234673 0.328048437833786 126.1443052813411 0
0.8304349556565285 1.493277177214622 2.068715967237949 7684.589297875762 291.8624677956104 3555.802831061184 42.47650225460529 663.5679363161325 506.4369451999664 6891.622533209622 339.0301253795624 9168.092520020902 77.43030816316605 290.9887293204665 1747.877088263631 0 7.84013095498085 100.9949543997645 82.66899398714304 6346.197244264185 0.09449616819620132 2.17919072508812 1.136026695370674 630.2409453392029 0.621405616402626 68.41511389613152 30.91746155917645 899.7151976600289 593.4480746909976 1.005972720682621 17.81178852915764 166.5037545263767 0.2549187242984772 528.6978029981256 0.7988221198320389 808.3959405273199 50.62011923640966 815.4467842504382 115.432615198195 2186.973883122206 116.6431373804808 15.16969294846058 3.812389217317104 1.213686719536781 0 1.103375427424908 216.7582006379962 0.9173726215958595 21.68442410230637 28.71713770925999 6.039830952882767 43.76007547974586 261.1473146826029 8.199050799012184 406.9158627390862 0.1007498875260353 7.243906512856483 11.55467504262924 0.3227238655090332 0 0.8854021728038788 0 222.6852250695229 1.85205914080143 0 0.9135104566812515 213.4638902842999 0 1.374389685690403 0.905901737511158 188.4710438102484 6.477498099207878 14.55699717998505 0 0.6203755438327789 0 3.744342289865017 0 49.43060103803873 2.716932870447636 23.90417514741421 3.381324969232082 220.715443558991 1.525209710001945 2.258909463882446 0
0.5376643165946007 1522.294979035854 3.922266311943531 8.238610967993736 9.505342222750187 67.01756349951029 11.36562293022871 61.853012137115 337.4985006079078 36.02676616609097 1187.69861086458 77.43030816316605 3657.811491698027 15.92863578349352 20.01926322281361 4.873169027268887 5.349902719259262 35.5190197378397 5.276836656033993 15.77317664027214 10.5862088277936 597.9051299914718 33.95551865547895 306.2886832281947 3608.026826545596 96.42764130234718 4380.732874207199 24.75405985862017 16.1176970154047 7.906741075217724 882.3308561965823 44.92295452952385 1.672403290867805 858.2799519747496 124.8187371343374 2427.321568734944 7709.871044144034 3333.805569261312 838.714247815311 196.6518232896924 73.98344706743956 1627.977317295969 40.74932647496462 0.4701204299926758 157.6147975176573 5.777596801519394 0.3805806487798691 0.1656573712825775 0.8175298348069191 4.782144345343113 2.70064889639616 12.7009673640132 3.733797937631607 392.3466145992279 1.643614329397678 2748.644856497645 2.301463924348354 0.9457361400127411 3.233882755041122 5.451026782393456 61.30882956832647 64.35723569989204 0 0.8043102249503136 40.18858709931374 1.609334364533424 34.53892158716917 854.5971489772201 1032.11478844285 1422.560867972672 14.83044485002756 2.750496096909046 7.734402485191822 941.2091794610023 3.731931060552597 0.8034064173698425 5.442203432321548 82.5361765474081 184.1902331635356 2656.049328655005 230.0555928051472 75.04554904252291 26.17858375608921 24.30637699365616 540.1793717965484 0
3566.614118032157 0.5400640740990639 1116.010681323707 33.10723179578781 8.564933083951473 795.7679450809956 6882.924813970923 6747.970841683447 41.90585190057755 811.6697886586189 871.4195086732507 290.9887293204665 15.92863578349352 9718.918898679316 9.583167247474194 4.601900339126587 1027.469998627901 269.8127733469009 408.5177620276809 83.78534084558487 162.9905273839831 0.1659666746854782 461.8837393149734 191.2728285938501 0.2334756031632423 434.6178542003036 327.364750251174 643.883115619421 4495.291264943779 3979.845377452672 28.19829577952623 280.1139856278896 27.5552406385541 1683.553420618176 8.550253286957741 980.197188436985 245.1126808524132 621.6315968111157 147.8432473018765 146.0150142014027 29.00883148610592 2.652593933045864 5.204171732068062 1.961470484733582 0.8310434222221375 13.95254650712013 1.13430380821228 0 0 17.3525535389781 3.150924041867256 29.117246940732 10.96829294413328 1.521547302603722 1.626561656594276 0.1082872152328491 8.056779384613037 0 9.657901115715504 1.650332197546959 0.3667323365807533 0.1293701082468033 2.774786725640297 14.89626830071211 1.920991264283657 4.31305555999279 87.51075129956007 0.1461048722267151 5.314552277326584 28.25936480611563 89.04269880056381 9.298686437308788 29.31862184405327 0.4460959285497665 0 0.9223308339715004 2.067613929510117 0.9926142692565918 26.88488477468491 3.952011175453663 16.00540924817324 4.050102189183235 5.530366942286491 0 0 0.1875532865524292
0 9.686592042446136 0 199.6534873396158 1239.579311177135 1881.949228338897 15.31621589511633 177.013900719583 539.9170779213309 45.29431660473347 1.265211030840874 1747.877088263631 20.01926322281361 9.583167247474194 118.3939316123724 0 0.6931604146957397 0.1565095782279968 0.2745129019021988 250.4795548319817 0 17.08376692980528 0 909.2968331649899 5.800302729010582 0.4452406167984009 24.27001110464334 135.4661569595337 215.5739937350154 1.685461424291134 0 726.5627659857273 0.237338051199913 67.48464903235435 3.373066037893295 243.1433866918087 21.6457211971283 13.9213787317276 5.184613846242428 942.575682759285 335.8010131642222 23.90909370779991 6.281846702098846 0 0 0 4.280039742588997 0 1.18694806098938 0.5333191007375717 0 3.279083922505379 8.4154152572155 0.1683597713708878 8.317638203501701 0.1378742605447769 0.3297576904296875 0 0.09744959324598312 0 0 0 8.746907621622086 0 0 0.5820327401161194 10.38567469269037 0 0 0.428202286362648 7.744981028139591 0 1.254490830004215 0 0 0 0 19.95928165316582 5.218165993690491 0.2727514207363129 0.2231819778680801 0 10.64834997057915 0.3645411729812622 1.20932200551033 0
0.2493830323219299 58.23487251251936 11.80565825849771 0 0 1.177922084927559 54.46828551590443 1.54632431268692 17.99821409583092 1.616314277052879 1.075683251023293 0 4.873169027268887 4.601900339126587 0 6020.377945765853 8.737127184867859 0.9438469186425209 2.637977138161659 0.1844718605279922 2614.624317571521 1658.060611262918 3193.11863386631 2626.622109860182 14.53882132470608 8.856405213475227 4271.782785624266 2826.401274040341 5.511400006711483 78.95520546287298 0.3476369380950928 0.1072250455617905 2.911667689681053 16.55535424500704 6.444679468870163 829.6287136897445 389.9427658244967 213.6330470219254 229.096696190536 12.1248290091753 1.193468868732452 1.160489022731781 3.78687259554863 2.141813471913338 8.518141344189644 18.65281303226948 0 0 0.1781339347362518 7.566205091774464 3.996332861483097 4.534159719944 0.1061962097883224 0.4796564653515816 0.1444745063781738 0.2435623407363892 9.73635233938694 0 4926.913692131639 3.298033557832241 0 0 0 536.5054356828332 1321.783444210887 1936.520160242915 136.7029448822141 0 4.226870723068714 548.0239991396666 117.8978762179613 16.93522375077009 91.47762279212475 0 0.2594021856784821 4.614453740417957 6.510143406689167 0 250.2961472198367 5.770865648984909 16.3490179553628 9.570050209760666 0.7379606366157532 0.5885342955589294 0.3602889180183411 1.61393915116787
314.7040170878172 9.678279258310795 6822.6982652843 0.6092441231012344 0.1151920780539513 115.3888086304069 243.7583001926541 679.5298451781273 2.314843557775021 14.55651658773422 202.6621793136001 7.84013095498085 5.349902719259262 1027.469998627901 0.6931604146957397 8.737127184867859 1254.906524814665 527.3552953526378 5289.887766934931 2.656708404421806 1315.159691534936 2.591529548168182 2802.697335936129 17.78176787495613 1.783847659826279 2700.318927980959 6262.670607917011 75.10716880112886 721.4502675011754 2379.690118640661 3.551187701523304 3.584138803184032 27.0233104005456 1863.659610018134 4.128401532769203 840.2245291098952 2675.486688479781 1164.649477504194 166.7429931983352 8.108528807759285 0.1694264560937881 1.874651372432709 2.083970591425896 0.5449174642562866 59.60980004072189 299.6095721423626 0 0 0 3.470888376235962 1.072010912001133 1.443667933344841 0.1289917379617691 0.2916328385472298 0.7752004265785217 0.4124740436673164 0.7724240720272064 0 4.973610416054726 68.91655945032835 0.667028397321701 6.981777608394623 0 4.173316277563572 7.468951612710953 19.12763076275587 6.404475308954716 0.4653057903051376 133.3802171722054 497.9837795346975 2.623863652348518 0.6708956956863403 2.592836320400238 1.489332564175129 0 0.1346026211977005 6.735749289393425 0.449658215045929 46.39612444490194 108.3549678251147 41.6713143363595 7.945929527282715 1.816976577043533 0 0.1524076461791992 0
23.08773873001337 1.534098535776138 75.65519607812166 9.355803869664669 1.081475257873535 92.26950366050005 31.08098451793194 192.8918883651495 0.800830066204071 69.78335351496935 2151.344616189599 100.9949543997645 35.5190197378397 269.8127733469009 0.1565095782279968 0.9438469186425209 527.3552953526378 710.6451516076922 1873.906830921769 21.70666512846947 23.42268471419811 0.8157549276947975 53.11796932667494 5.234233483672142 1.583253383636475 2003.818655520678 830.5799479931593 19.1503948122263 136.9293934851885 67.97318765521049 160.4200404062867 53.57173950225115 10.93238537758589 1689.679144136608 14.85299043357372 1093.029980577528 2239.807595312595 2667.706927597523 553.1411217823625 23.81990825384855 0.8010489046573639 14.08830255270004 5.581970691680908 0 8.48532260209322 5.520949594676495 0 0 0.4099896475672722 2.039814345538616 0 2.044741086661816 0.6332162767648697 3.068000420928001 0.4674658328294754 6.550440557301044 0.6309198439121246 0 1.030280232429504 8.752055518329144 5.181721203029156 35.98049621284008 0.2520641088485718 0.2368442267179489 0.9547067359089851 0.6364316195249557 8.900008521974087 21.26387779414654 123.098155580461 139.3666201457381 8.684645116329193 0.8040965497493744 1.415413044393063 17.68824988603592 0 0 1.710060946643353 2.246930837631226 10.52579919993877 9.895994380116463 4.540341831743717 1.156607106328011 1.41461569070816 0 0.1339171379804611 0.3731674551963806
72.82482269406319 1.337861552834511 682.7124567553401 6.765464678406715 0.3760568350553513 80.95580147206783 74.83197451382875 243.0913547426462 1.362964004278183 58.28216264396906 279.7233133390546 82.66899398714304 5.276836656033993 408.5177620276809 0.2745129019021988 2.637977138161659 5289.887766934931 1873.906830921769 1537.632944002748 17.36405788362026 116.6761626452208 2.155650816857815 429.6185996085405 5.932770863175392 0.4818208292126656 3164.287842087448 2141.00948420912 26.5722837895155 292.436805151403 319.6380807682872 9.236594744026661 21.71591558307409 28.52229507267475 2546.377415753901 9.720054104924202 1847.769175894558 2053.281835243106 3483.730714134872 600.8722087219357 26.5917986035347 2.254095688462257 2.11133599281311 6.246591031551361 0.6743979752063751 36.51848846673965 59.5906770825386 0.253891795873642 0 0 2.229990966618061 1.574997022747993 0.96065603941679 1.935235142707825 0.6349667385220528 0 1.306321978569031 0.4029112607240677 0 2.019367933273315 45.0823703110218 2.471546694636345 40.6742520108819 0 0.9224869459867477 2.870925143361092 2.067372389137745 8.42520035803318 6.617981731891632 237.0337062329054 228.8065355867147 9.11678159236908 0.7150945663452148 5.034153997898102 1.287343353033066 0 0.2957277595996857 2.937312550842762 1.94604603946209 26.24906981736422 44.57360772788525 23.1197854205966 3.127035811543465 1.817573472857475 0 0.1551110297441483 0
1.1811338737607 0.2177949249744415 0.7434350997209549 4728.313305281103 32.7491322606802 302.1620343178511 9.991968885064125 140.9905808568001 582.3892081081867 3610.82228282094 70.86973103135824 6346.197244264185 15.77317664027214 83.78534084558487 250.4795548319817 0.1844718605279922 2.656708404421806 21.70666512846947 17.36405788362026 1385.674570634961 0.1189505904912949 0.1233158111572266 0.4600223898887634 582.8996241092682 0.5034072250127792 12.75034704059362 10.42684672772884 1425.541222020984 256.295320302248 1.091137856245041 4.351480200886726 29.92448335140944 1.560162499547005 154.3102005422115 0.8032284528017044 514.7674509435892 14.23946016281843 270.5856294929981 63.75467460602522 694.8797697797418 30.25125403702259 3.194203771650791 4.335764512419701 2.324574291706085 1.106708168983459 0 292.0593506470323 0.3901260495185852 6.599815666675568 120.5697208493948 7.790902629494667 84.37739330530167 343.0844991281629 8.19564663618803 217.111626394093 0.2303953319787979 9.538381181657314 4.654345363378525 0.6584728360176086 0.5234385132789612 0.6508443206548691 1.77419426292181 223.0751895904541 1.04413914680481 1.973459392786026 0 486.7832990586758 0 1.676129408180714 0.2192474603652954 493.6452459171414 11.34795988351107 26.05644844472408 0.4224215745925903 1.030091688036919 0.1582034826278687 6.611751385033131 0.7847713232040405 71.31324502825737 0.1443030089139938 54.03809329122305 6.750244900584221 174.7246325910091 3.546767204999924 0.5758758783340454 0
58.58606845885515 9.249540351331234 1687.532757751644 0.2677080631256104 0.2259965017437935 75.95863796025515 3402.637092500925 141.6909316554666 12.84852651506662 64.7894424200058 29.30494748800993 0.09449616819620132 10.5862088277936 162.9905273839831 0 2614.624317571521 1315.159691534936 23.42268471419811 116.6761626452208 0.1189505904912949 11111.24859523773 189.8848149105906 22704.40471602976 199.9040316939354 2.464212961494923 114.4543139114976 893.7506134137511 4297.796811752021 403.4957378655672 10805.60442216694 0.8980535566806793 0.8654545918107033 121.8044616654515 3945.34483871609 119.5669087097049 8477.745367787778 1240.343033850193 6967.81359808147 3762.448405474424 115.1129884943366 13.50602012127638 9.67747651040554 32.36353703588247 19.48168926686049 2.510908305644989 38.65789709240198 0.4115347862243652 0.1074705198407173 0.09746430814266205 30.59893672168255 12.61780717968941 11.43920744210482 1.988758854568005 2.41912018507719 0.3631644695997238 0 34.33106742799282 0.4147993326187134 1064.376890361309 3.570982351899147 0.1834027990698814 0.3469449281692505 1.303740173578262 912.1544013023376 233.2349177226424 261.114956766367 299.207009293139 0 3.508454017341137 42.10542573034763 269.6631247997284 60.71604553610086 247.4207433387637 0.1275923401117325 0 13.16291137039661 13.37472052127123 8.169555321335793 253.953078687191 6.211211174726486 41.80289902538061 19.63556765019894 11.20869860053062 0.7448404431343079 3.61472649872303 0.4194455742835999
0.1448890566825867 2476.085303217173 12.20697213709354 0.4159990698099136 2.597426049411297 1.323566973209381 7.08399160951376 1.354428440332413 2091.53423845768 0.3045282959938049 5.670556835830212 2.17919072508812 597.9051299914718 0.1659666746854782 17.08376692980528 1658.060611262918 2.591529548168182 0.8157549276947975 2.155650816857815 0.1233158111572266 189.8848149105906 902.8784307688475 296.4118204563856 6119.324802361429 809.4628615006804 19.34659413248301 2883.382601238787 260.4726940989494 1.721251778304577 79.69590009748936 3.640107981860638 0 0 6.260297626256943 1.014548659324646 60.65484961867332 29.04820075631142 31.79245712608099 10.11089736968279 36.27112838625908 0 26.73037018626928 1.444438278675079 0.6728352159261703 6.641522407531738 11.13893362879753 0 0 0 1.112982273101807 0.1343153715133667 16.23584152013063 0.9225084781646729 2.956747703254223 0.131221666932106 17.08929471671581 0.910104364156723 0 1277.743942804635 1.962138034403324 0.28943932056427 0.5315824598073959 0.2070478498935699 83.76006647199392 210.8117074817419 246.5325036048889 76.97965087741613 5.922195188701153 6.040548928081989 684.8528946861625 39.90512403100729 6.226206429302692 20.4575227946043 4.322098061442375 0 0.6491067558526993 1.742810048162937 0 22.91327401250601 16.99582653492689 10.96453037112951 6.608728565275669 0 0 2.32661284506321 0
91.67580928653479 5.296000324189663 8752.323920443654 0.5310157090425491 0.118890069425106 103.62471421808 1154.712951608002 247.2759006395936 4.569375097751617 35.43361914902925 42.81973993033171 1.136026695370674 33.95551865547895 461.8837393149734 0 3193.11863386631 2802.697335936129 53.11796932667494 429.6185996085405 0.4600223898887634 22704.40471602976 296.4118204563856 17156.02599073201 191.1477484405041 1.749543532729149 595.8616286441684 7936.516788162291 1301.337484568357 223.9328821599483 5474.927122570574 3.407244294881821 1.09874165058136 25.29274617135525 2638.526583641768 216.8629326969385 15691.25071178377 13451.4277755022 11521.21359977126 7612.037481881678 351.1025324910879 31.50170745700598 19.38808889687061 90.94374953210354 2.820424169301987 14.63158972561359 563.5592774450779 0.5270768254995346 0 1.137104213237762 13.50568627566099 3.282084703445435 1.417820282280445 2.489011526107788 0 0 0.1360984891653061 10.11596272140741 0 3957.847062535584 11.78160395473242 0.3814259618520737 2.247541464865208 0 413.1459098905325 704.4723607823253 3088.289697125554 65.64668498933315 0 10.73351334035397 3665.013283915818 62.56376460194588 8.102320283651352 60.41590945422649 0 0 1.544198304414749 6.077068112790585 29.48016712069511 447.358109600842 40.7466028034687 45.8357342928648 34.70375879853964 6.422481492161751 0.2679114043712616 2.591660499572754 2.677363157272339
73.22351078689098 1275.546034410596 26.43433170765638 1258.204262830317 100.1687125861645 146.5971427410841 556.825988702476 206.9941776320338 10869.4773876071 351.6882019713521 11.73670615255833 630.2409453392029 306.2886832281947 191.2728285938501 909.2968331649899 2626.622109860182 17.78176787495613 5.234233483672142 5.932770863175392 582.8996241092682 199.9040316939354 6119.324802361429 191.1477484405041 9705.264140032232 567.7714410498738 47.5065947920084 4117.28203548491 4844.37550342083 478.8333380669355 459.432361677289 3.437425374984741 9.383582308888435 111.0422056764364 87.45850227028131 14.15146305412054 1038.560454636812 65.01812329143286 271.6986092701554 242.7371890470386 722.0236268565059 29.48019678145647 10.73884611576796 8.281733259558678 57.9106012955308 20.41630049049854 40.02144301682711 448.6535682454705 0.1010104268789291 15.90938662737608 562.3642253801227 70.00991383939981 1816.645072184503 530.7250300943851 48.63260916620493 177.4934924691916 8.519060954451561 163.1954014897346 4.767636895179749 713.1929789632559 6.225084476172924 4.495857857167721 3.147095255553722 280.0922508835793 533.9796881750226 311.0865354463458 130.5983686521649 3979.711473450065 3.268551543354988 17.38370183110237 120.5095364302397 2903.255305737257 231.0655598714948 543.4674121290445 2.615143790841103 4.331719517707825 21.22102991491556 47.37350757420063 2.316529288887978 460.403732329607 12.45917231589556 245.1434051170945 74.67842793464661 271.8775602579117 13.22338674217463 3.156210251152515 3.301826342940331
0 2291.4434562549 0.8943565338850021 0.3574294298887253 0.7948881611227989 0.4693630635738373 0.3946553468704224 0.4823432117700577 452.1436179056764 0.4003342986106873 91.92360866814852 0.621405616402626 3608.026826545596 0.2334756031632423 5.800302729010582 14.53882132470608 1.783847659826279 1.583253383636475 0.4818208292126656 0.5034072250127792 2.464212961494923 809.4628615006804 1.749543532729149 567.7714410498738 484.1267453730106 60.78646409511566 5350.518934473395 13.55875716358423 0.9434202536940575 0.3227171748876572 246.575163282454 0 0.1354306787252426 80.71768341958523 5.39335823059082 37.7861902564764 297.8957100883126 312.8757258504629 57.02011972665787 6.118480056524277 0 556.7855263501406 5.668087303638458 0 203.8556416258216 3.232868574559689 0 0 0 0.5503266602754593 0.1076660603284836 11.18720777332783 0.1009963005781174 77.43692061305046 0.578823521733284 803.2825496271253 0.6698644831776619 0.1674431413412094 3.771235346794128 2.698904111981392 6.627079293131828 13.53291875869036 0 0.2399010360240936 32.2099197357893 1.62229336053133 17.35010858625174 326.8092307373881 176.4628231301904 1318.095166757703 4.413023613393307 0.3998745381832123 0.5273159891366959 126.0381758734584 0 0 2.208861336112022 2.953499615192413 27.11300004273653 193.092676050961 44.1838940680027 3.839747972786427 3.098035573959351 0 77.29990050196648 0
75.00799086689949 110.5384530946612 6100.58187687397 6.9020926207304 0.4266470298171043 136.9179840311408 388.9642398953438 339.0004406571388 17.71188602596521 58.37444398552179 1030.09934411943 68.41511389613152 96.42764130234718 434.6178542003036 0.4452406167984009 8.856405213475227 2700.318927980959 2003.818655520678 3164.287842087448 12.75034704059362 114.4543139114976 19.34659413248301 595.8616286441684 47.5065947920084 60.78646409511566 18683.76336897165 6313.291164889932 57.21868385374546 183.7003924250603 325.4944981634617 59.15039347857237 41.38804705440998 12.89700855314732 909.1487576216459 23.47583565115929 3293.242013581097 8001.00425196439 3187.050962284207 718.9414195045829 41.52387125045061 3.044797398149967 35.71553929150105 9.105296425521374 2.321031168103218 1094.9361776039 1015.81268530339 0.2340802550315857 0 1.532397590577602 26.11909749358892 3.49826342612505 11.02903287112713 2.246901206672192 26.60816407203674 0.3401941061019897 161.4683707505465 9.181699171662331 0.5434401407837868 13.16750682890415 692.1225077807903 146.9011565670371 861.7656939327717 0.1369686722755432 6.98763570189476 42.0513184145093 31.64015910029411 42.56103598326445 342.9931415691972 4753.273739591241 6033.917868621647 11.87635142356157 2.552221313118935 26.16674553602934 288.4683758988976 0.4455680921673775 0.4255356043577194 75.74948093295097 7.222604587674141 404.1978373229504 657.3870795145631 364.9461622089148 77.6801286265254 8.452264167368412 0.3450911343097687 3.286035858094692 1.089576691389084
81.12628100812435 4363.770234271884 10224.58108566701 3.625205889344215 2.95577160269022 92.9485801756382 702.8821790963411 260.1674406006932 1104.182007335126 62.6945256665349 966.0707418173552 30.91746155917645 4380.732874207199 327.364750251174 24.27001110464334 4271.782785624266 6262.670607917011 830.5799479931593 2141.00948420912 10.42684672772884 893.7506134137511 2883.382601238787 7936.516788162291 4117.28203548491 5350.518934473395 6313.291164889932 39981.20832815021 2313.550085574389 214.5323375836015 241.9569300860167 1659.791776061058 9.319133006036282 24.27587224543095 2887.1924001351 91.39965426176786 10821.33173531294 4349.392488397658 9912.698023512959 3108.806865096092 271.2364296615124 17.14819303900003 31.97901251912117 42.8896484747529 3.960862301290035 4414.324817977846 3113.594282105565 1.863404005765915 0.1428437829017639 6.041317097842693 108.5326097384095 27.70325929671526 37.63245218247175 14.49516300857067 72.53104384988546 1.539639517664909 555.9256609752774 36.19401284307241 0.9346722885966301 2259.621243357658 912.0396582186222 121.8197377994657 754.3513644859195 0.6569691151380539 40.88259156793356 1981.41424176842 3123.35174126178 172.086577758193 509.870756983757 5685.032837599516 26698.24964996427 54.29906997829676 9.374602951109409 34.52923984080553 602.5369995981455 0.5646747723221779 0.5346538871526718 158.7830306813121 29.96398335695267 947.7159525454044 931.4825834780931 764.9670546650887 215.3153215050697 13.67213390022516 0.1094891056418419 14.69841304421425 3.686475068330765
