2089.210394278169 1.075539812445641 84.43818168342113 2.146746225655079 0.1784379035234451 24.54320840537548 1446.165147073567 888.8182357251644 10.36513255536556 28.81282407045364 22.24173468351364 2.058767206966877 1.065547458827496 8654.220230340958 0.9041433483362198 0.7635645270347595 46.86886099725962 7.218685284256935 51.01447118073702 8.382312245666981 23.15596058964729 6.41977322101593 73.68396663665771 43.52738054096699 0 80.46124962717295 34.06356041133404 77.36341487616301 3755.708577163517 1896.358269870281 0.1466458365321159 7.854363590478897 257.8812613338232 457.0334849879146 2.517534732818604 64.35663904249668 29.85175034403801 413.892992593348 90.65293655544519 20.75589838624001 16.32818882167339 0.2550496384501457 3.399858832359314 1.406886503100395 0 2.483218401670456 0.5812017917633057 0 0.2814472690224648 15.02890768647194 0.2565511167049408 7.676119044423103 1.343970373272896 0.3889220356941223 0 0 1.715818770229816 0 1.582656912505627 0.3041068017482758 0 0.1315237432718277 0.8768147975206375 1.98087153583765 0.9381929412484169 1.638740040361881 14.16070379316807 0 0.78199452906847 5.4823974147439 38.36354816704988 2.320590317249298 21.99178302288055 0.09520893543958664 0.3236839175224304 0.1152422502636909 0.190100260078907 0.1416454613208771 1.963687777519226 0.4102573618292809 1.21479020267725 1.26962161809206 1.132721118628979 1.251099824905396 0 0
1.075539812445641 445.9915860369802 57.33248822391033 0.09313499927520752 0.1473024189472198 0.5208209976553917 3.100583665072918 3.30373440682888 393.181412152946 0 103.7606088519096 1.462818659842014 664.2470838204026 2.239292576909065 2.380043923854828 128.6873484551907 17.75337230414152 0.1485783010721207 3.457672625780106 0.109848715364933 23.52902586758137 2163.987288832664 16.38361562788486 574.1151034533978 1367.430527158082 254.8448586165905 10253.14137431234 105.8212711587548 3.365373812615871 1.752209901809692 16.92272572219372 0.1935936510562897 0.8866987004876137 173.3383646756411 0 60.55137363821268 182.5600735917687 88.00840976834297 13.35204270482063 12.44578032940626 1.172702357172966 188.2644135579467 0.1366009414196014 0.1150282025337219 52.75489392131567 19.92792844027281 0.72956433147192 0 0 1.800049684941769 0.0922333225607872 0.3695596233010292 0.07624835520982742 7.039255283772945 0 29.02213337272406 0.1021700724959373 0 2.989006146788597 5.502894535660744 1.784354440867901 2.557707473635674 0 0.6378903537988663 5.783471301198006 2.366702936589718 2.620029024779797 40.77164454013109 166.9605913460255 1406.568228073418 3.258752688765526 0.09098025411367416 0.5488564297556877 4.483085036277771 0 0 2.466428697109222 0.2834127098321915 3.193798400461674 9.044494837522507 6.593744084239006 1.363298051059246 0.1833450794219971 0 4.645796962082386 0
84.43818168342113 57.33248822391033 5275.304708644748 2.476763814687729 0 61.6988465487957 1066.718977101147 330.7476464137435 1.783794328570366 85.44188892841339 42.25953032821417 2.790777869522572 1.381773740053177 327.9671926051378 0.1555798053741455 9.200942680239677 4056.525858990848 44.26571972668171 256.8659581914544 10.25344609469175 932.885454133153 90.80420932918787 11102.66469079256 58.25232351571321 0.5930527672171593 5934.320016719401 5248.523959010839 948.9528329446912 161.9131651520729 1497.609142608941 0.254692330956459 2.832997441291809 21.44735757261515 1147.34921759367 22.67554242908955 3370.571217440069 4307.372920975089 2324.691540151834 388.9019878655672 87.09641087800264 5.337154060602188 5.972549721598625 12.26269236207008 0.4892184212803841 191.3418832719326 812.1084033921361 0.2752139121294022 0 0.7104152143001556 26.00912235677242 3.940411455929279 1.438234984874725 0.9836592152714729 1.422369621694088 0 0.9814462885260582 4.546431347727776 0 24.95696966350079 78.32471936941147 1.136714868247509 14.79407742619514 1.274160087108612 6.134339444339275 103.0639728307724 140.8643976524472 8.595361933112144 1.871107712388039 627.6245040819049 3102.928804300725 18.802360445261 0.7271215915679932 6.972520276904106 0.8289259225130081 0.1641097962856293 0.2716540694236755 17.29166978597641 4.245558276772499 78.23862107098103 323.6010432690382 71.71894083172083 13.74504292011261 3.384924672544003 0 0.6376896351575851 0.8473259136080742
2.146746225655079 0.09313499927520752 2.476763814687729 2355.178475290537 0 114.6365531235933 64.07524874806404 12.4908797070384 512.6327375918627 2962.687370821834 0.5195513889193535 677.1253800243139 0 13.86078244447708 3.464715778827667 0 0 0.1108454093337059 0.4714906066656113 2667.762330144644 0.25430978089571 0 0.7594592422246933 784.2922895699739 0 0.7272733598947525 2.528934098780155 4922.349193841219 26.92955572158098 2.608861573040485 0.079731784760952 0.2843401730060577 7.134463898837566 12.18367250263691 0.8074863255023956 74.76883281767368 2.28936393558979 26.00898839533329 10.01198744028807 38.72442033141851 4.020750656723976 0.2506585866212845 1.528063654899597 0.3654731810092926 0 0.3731111884117126 68.30168958753347 0 3.640796147286892 66.28571557998657 5.564314663410187 100.7196408361197 63.48272609710693 0.369574561715126 14.48618738353252 0 3.960586920380592 0.7197317481040955 0.2976334765553474 0 0.09910844266414642 0 197.8278617933393 0 0.3468895107507706 0.2045984119176865 130.7892442718148 0 0.116069920361042 0.4331385716795921 133.6225941777229 3.101896859705448 3.419969379901886 0 0 0.2904259413480759 1.413574479520321 0 5.729346260428429 0.3697221726179123 7.580683805048466 1.617059804499149 7.980979099869728 1.073323726654053 0 0
0.1784379035234451 0.1473024189472198 0 0 8.153508424758911 291.2956585511565 0.1154420375823975 26.96919242292643 18.97761729359627 0.5978055894374847 18.67283201217651 10.66754589229822 0 0.2610180377960205 1429.849701210856 0 0 1.347549512982368 3.436916254460812 0 0 0 0.282395988702774 0 0 0.8898987099528313 0.4366372972726822 0.3580367267131805 0 0 0.1205935776233673 25.61474704742432 0 167.630437284708 0 0.1850321441888809 0.5162331908941269 20.41182938218117 11.02962881326675 1533.520922228694 9.347425669431686 0.6762861609458923 0 0 0 0 0 0 0 0 0 0 0 0.317966490983963 0 0 0 0 0 0 0 0 0 0 0 0.3083479702472687 0 0 0 0 0 0 0 0 0 0 0.6177136898040771 4.895670816302299 0.4256765246391296 0 13.28737208247185 11.02592676877975 4.789434611797333 0 0 0
24.54320840537548 0.5208209976553917 61.6988465487957 114.6365531235933 291.2956585511565 11636.00906024128 3941.973079100251 5955.065511718392 131.0572144165635 8805.807384885848 268.905395925045 4407.300958409905 16.82418241351843 1351.628964304924 1519.390919320285 0.4569774121046066 9.188760817050934 55.5693616643548 73.16054809838533 1104.400577515364 12.06979038566351 2.933948650956154 20.97133091837168 104.4167209714651 0.9728738442063332 96.15766401961446 55.06866440176964 1411.963039219379 954.3595216348767 90.56034781038761 4.612003467977047 372.3084213286638 41.88946602493525 1101.5092163831 8.640752539038658 520.1160734295845 42.77930801361799 1422.971507072449 330.440624460578 1871.492430254817 434.4091284796596 42.17022296786308 25.5874178558588 0.8374053835868835 0.2515648528933525 1.008929498493671 12.52075277268887 0 1.170538008213043 48.73645415902138 6.117196448147297 33.04610402882099 17.27520483732224 0 5.718193918466568 1.641762793064117 4.896004639565945 0 1.15730194747448 0.4645668864250183 0.2613677158951759 0 59.51759965717793 0.1360663622617722 0.5347070246934891 0.6251319050788879 49.02211071550846 0 1.930773705244064 5.215890049934387 59.35645701736212 1.910776741802692 10.05809555202723 0.07974094152450562 0 0.354537695646286 0.8895967677235603 4.878663256764412 24.23510633409023 0.1162062585353851 3.756344228982925 1.423530057072639 10.08667521178722 1.926020011305809 0.1095047369599342 0
1446.165147073567 3.100583665072918 1066.718977101147 64.07524874806404 0.1154420375823975 3941.973079100251 19619.03191625327 2685.340535022318 178.7457054033875 9310.279424741864 18.19487097114325 64.77061558514833 1.079944372177124 7104.296034678817 9.980701394379139 9.791104905307293 41.45913866907358 8.376289516687393 17.98730492591858 300.4628331959248 911.867861263454 33.54763872176409 687.9126452058554 815.6021744608879 0.1629950255155563 116.7060612887144 499.3952961675823 16708.13950419426 1078.939827151597 6369.407156415284 0.3005944043397903 6.926455333828926 391.0765362530947 404.0489201545715 35.14027694612741 3078.55006942898 305.5617596060038 685.0679792389274 526.3718475624919 266.0278641209006 76.80742870271206 1.516832008957863 60.60366463661194 19.0152935385704 0.9286474138498306 16.26129301637411 16.35033306479454 0 9.093895509839058 489.8807857111096 48.90703317523003 96.93476161360741 66.12986339628696 5.548083662986755 6.81438173353672 0.3737053275108337 39.66696821898222 0.2412701398134232 28.17611360549927 2.43770033121109 2.220893733203411 1.759355671703815 97.42140382528305 11.335350073874 12.90045017749071 27.80930226296186 229.5820954665542 0 13.30152533948421 55.95878160744905 497.4118127077818 30.05722169578075 298.4223672896624 0 0.3581857234239578 2.477847576141357 11.68945696204901 22.38082161545753 89.22650457918644 4.423850357532501 38.66956592351198 12.30984491854906 53.60022395849228 6.598055258393288 0 1.34201392531395
888.8182357251644 3.30373440682888 330.7476464137435 12.4908797070384 26.96919242292643 5955.065511718392 2685.340535022318 10612.5210345313 73.11972929537296 1303.969089515507 124.5841128379107 384.9335523843765 9.266988709568977 7221.377965629101 440.632256411016 0.2060669735074043 102.6014143079519 28.31323114782572 105.7141463682055 190.8775201886892 50.82601529359818 27.68092269450426 191.5143062472343 113.5004227384925 0.7019784227013588 195.7164667136967 85.32389226928353 176.0981727540493 1347.151440247893 1815.050662346184 1.351732958108187 234.3419562056661 44.11309608072042 590.8499997332692 9.147942297160625 357.8172332644463 123.9491782560945 668.1784278005362 154.4129534959793 611.0238951891661 203.7507899031043 10.12040188163519 11.16198807954788 3.888045638799667 0 7.555688448250294 4.675027549266815 0 3.209643021225929 145.2894747331738 10.76252029836178 25.41380631923676 13.83601357042789 1.1641700938344 2.14478588104248 0.08316267281770706 8.368939034640789 0 2.102697812020779 0.7861945033073425 0.2024143785238266 0.2304162830114365 37.0818293094635 1.248922631144524 1.519046440720558 2.572930552065372 64.71257188916206 0 5.426894158124924 20.27008107304573 132.8346050903201 6.642144225537777 68.88222231715918 0 0.2469126284122467 0.2590601742267609 2.736587651073933 5.997541904449463 10.05582431703806 1.393714286386967 8.866779334843159 1.313780054450035 11.20260624587536 0 0 0.3254346549510956
10.36513255536556 393.181412152946 1.783794328570366 512.6327375918627 18.97761729359627 131.0572144165635 178.7457054033875 73.11972929537296 520.108141310513 234.134201079607 3.684217981994152 728.8507086485624 17.52430354058743 32.37223651260138 1138.135512411594 81.07523035258055 2.795179277658463 0.272418774664402 0.6477479711174965 835.462998278439 50.78483745455742 2691.994701124728 9.356197774410248 7735.159770384431 63.55824619531631 9.812409698963165 881.6625489592552 2946.524952530861 41.23761758208275 22.43255389481783 0.2749975621700287 0.2074759751558304 11.68920492380857 18.11549603939056 0.202782154083252 139.8039446696639 10.5747733861208 54.19094473868608 17.62421094626188 752.0534693747759 7.500950209796429 1.279125064611435 8.011047281324863 11.14136992394924 3.309805765748024 4.097759611904621 163.0822482183576 0 14.43495117872953 334.8425112590194 43.93377670645714 208.6057337522507 136.4149566665292 2.933781199157238 51.59165391325951 2.230297297239304 36.46866641938686 0.1491464227437973 145.8463797196746 1.382514357566833 0.649303063750267 1.552604809403419 361.5986734628677 114.5156768858433 29.67789123952389 15.17908442765474 1080.887442342937 0.2789099216461182 6.029548108577728 15.30694366246462 1047.853421732783 35.78099566698074 131.7892926260829 0.1725912168622017 0.106826975941658 7.24430587887764 9.66521292924881 1.855058290064335 47.42698062211275 1.959092512726784 23.26785328984261 9.889468863606453 74.46682237833738 2.610047861933708 0.1163900941610336 0.6595818102359772
28.81282407045364 0 85.44188892841339 2962.687370821834 0.5978055894374847 8805.807384885848 9310.279424741864 1303.969089515507 234.134201079607 23506.3846635744 32.29007687419653 2789.475613422692 1.782247330993414 715.9919423088431 18.8590759858489 1.074665859341621 5.185827232897282 10.40942644700408 18.96541077643633 6998.716154314578 16.2196397036314 1.251413315534592 34.86022740602493 253.2236112728715 0.09869921952486038 28.00953399389982 54.0632750429213 4222.569259025156 780.3207642659545 100.5016771182418 0.6726318337023258 16.49262992292643 92.92029155045748 478.7467335984111 23.72066877037287 978.189584761858 35.78621456772089 845.6162989065051 320.0402133762836 605.2857381999493 135.8877455219626 2.785925902426243 70.51237619668245 1.490468703210354 0 2.316709220409393 59.75381506234407 0 7.461470007896423 193.3763064220548 26.25581363588572 114.0856138169765 89.53549759835005 0.9173555076122284 12.17417701333761 0 19.30341994017363 0.5251006335020065 0.3537067770957947 0.864521823823452 0.6106133386492729 0.2753514051437378 287.4730237051845 0.1131444722414017 2.246377132833004 3.15401902794838 179.4984168559313 0 1.616028837859631 6.857297316193581 250.1084064692259 7.281748414039612 25.69397235661745 0 0 1.137653388082981 2.22669605910778 9.838820889592171 25.51854632049799 2.371634230017662 9.998142041265965 4.227694809436798 16.5304784104228 1.488484159111977 0 0
22.24173468351364 103.7606088519096 42.25953032821417 0.5195513889193535 18.67283201217651 268.905395925045 18.19487097114325 124.5841128379107 3.684217981994152 32.29007687419653 8838.173288136721 80.51624922454357 1974.508891440928 216.9875959940255 9.376812949776649 0.6453522890806198 685.2692152038217 3176.353293605149 1304.280579447746 19.90795668587089 33.3160722926259 16.01204917579889 159.7981078401208 7.389706030488014 552.0385304540396 2960.748961754143 548.9932414516807 4.439072504639626 653.8602892160416 57.38638380169868 264.5291835591197 323.9813153967261 9.074325934052467 9612.113847829401 14.03855539858341 345.7543799653649 2465.072680346668 3109.245373696089 320.8727620840073 55.48605565726757 124.6394284442067 732.4276506826282 10.94126342982054 0.446169912815094 29.66519890725613 0.08118885010480881 0.1030547097325325 0 0.07506903260946274 2.864895939826965 0.4065149873495102 1.73673440515995 0.4174078330397606 374.184104822576 0.2582076862454414 1574.394491739571 1.266238957643509 0 0 0.326620876789093 14.91086769104004 1.156536519527435 0.3511409983038902 0 4.00821153819561 0.2682247906923294 4.14623337239027 159.6113245859742 77.12923253327608 186.5055918470025 3.75041526556015 0.5402650237083435 1.005908109247684 88.25548705458641 0.5106701403856277 0 10.75591721385717 11.55442830920219 23.21846090257168 199.1632552444935 63.64657036215067 4.683098502457142 0.6004741191864014 0 258.1809944957495 0.175704151391983
2.058767206966877 1.462818659842014 2.790777869522572 677.1253800243139 10.66754589229822 4407.300958409905 64.77061558514833 384.9335523843765 728.8507086485624 2789.475613422692 80.51624922454357 7059.105268068612 4.055311471223831 419.4237292408943 903.2257685363293 0 0.6852857172489166 21.5896702259779 33.48818190395832 5039.541514217854 0.1483390778303146 6.35645005851984 1.280765891075134 534.5752313882113 0.2659297436475754 32.71427059918642 14.63115163147449 243.5081954449415 381.0501502901316 2.359988041222095 1.780513137578964 34.66615878045559 3.177060395479202 457.7861231416464 5.024622470140457 890.0162973329425 10.92601016163826 1156.883538335562 214.0040331929922 3002.23671001941 115.9206737726927 5.80036536604166 42.10627213120461 0.1121077388525009 0 0 254.9986559450626 0 10.84891816228628 78.64430808275938 11.83429709821939 203.3337139189243 200.8934540748596 0.2895781919360161 132.6405351012945 2.354442626237869 7.431496918201447 9.430466860532761 0 0 0.07098806649446487 0.1376424431800842 412.2723662555218 0 0.6454830467700958 0.2616318762302399 213.4903184324503 0.3339009582996368 0.6418224573135376 0.6188029646873474 143.6171512380242 2.615782178938389 7.597122132778168 0.1099216639995575 0 0.1594735085964203 1.664137125015259 3.636815026402473 58.03729540109634 0 10.18415641784668 2.45267029106617 88.05484239012003 0.9647112935781479 0 0
1.065547458827496 664.2470838204026 1.381773740053177 0 0 16.82418241351843 1.079944372177124 9.266988709568977 17.52430354058743 1.782247330993414 1974.508891440928 4.055311471223831 3167.064847461879 8.396150078624487 1.48904836922884 2.547583699226379 1.472734086215496 23.8698023930192 5.382463112473488 1.276060961186886 0.7332333028316498 76.57430817186832 2.027942478656769 17.03143388032913 2806.135659903288 943.9944367781281 4077.923957787454 4.70747298002243 22.17209719121456 0.9737628772854805 1407.28853520751 13.66656172275543 0.1266333162784576 2230.3441561535 6.864672347903252 138.6637462750077 2073.133284687996 804.1899572610855 134.2936928719282 11.05660627782345 83.59260333329439 451.25442840904 3.561749264597893 0 53.30889185518026 0.09166295826435089 0 0 0.1541765555739403 0.1760089993476868 1.01068402081728 0.1455509960651398 0.07545682042837143 434.6017189174891 0 1919.645430929959 0.7858525440096855 0 0.1279261112213135 0.1037554293870926 29.70029965043068 1.272978916764259 0 0.2636597752571106 1.613060966134071 0 0.8965238928794861 226.5563417747617 169.19318151474 394.4750838130713 0.2041906416416168 1.063474245369434 0.1883698105812073 147.1807934194803 1.335780270397663 0 8.851672761142254 5.644142687320709 12.68422444909811 196.8849270418286 70.43345063924789 6.494553364813328 0.3700648546218872 0 339.0055325552821 0.4108975231647491
8654.220230340958 2.239292576909065 327.9671926051378 13.86078244447708 0.2610180377960205 1351.628964304924 7104.296034678817 7221.377965629101 32.37223651260138 715.9919423088431 216.9875959940255 419.4237292408943 8.396150078624487 12199.58498571068 116.4069538339972 0.5185254067182541 109.4450806230307 51.79320096224546 142.388416133821 223.4813580289483 60.61363939195871 23.14328247308731 197.9102995619178 109.1116045713425 0.5010143369436264 226.8984188176692 105.4184818677604 177.3677114918828 6803.384439103305 2569.264829806983 3.108489334583282 293.7730623930693 95.76672753691673 977.9906926527619 8.129738122224808 745.8723167404532 119.6921046227217 1043.716401286423 201.0232473276556 591.5643911585212 86.67473950237036 12.08589671552181 13.43275212496519 1.734254620969296 0.3956658318638802 8.020346932113171 2.461934551596642 0 2.126724056899548 65.63891468197107 6.723818384110928 18.01841949671507 7.14215499907732 1.303799718618393 0.2094317972660065 0.1249499171972275 5.694609075784683 0 3.31394250690937 1.172728590667248 0.2691828235983849 0.3932215347886086 12.54189340025187 2.06902115046978 2.223863989114761 2.699920877814293 38.09075307101011 0.08985525369644165 2.435992397367954 19.82227102667093 108.2982196509838 3.746285825967789 46.12372507154942 0 0 1.154857508838177 2.779176607728004 3.098006248474121 15.01610027998686 1.101872205734253 5.373237751424313 4.272590115666389 4.654478698968887 0.5245349705219269 0 0
0.9041433483362198 2.380043923854828 0.1555798053741455 3.464715778827667 1429.849701210856 1519.390919320285 9.980701394379139 440.632256411016 1138.135512411594 18.8590759858489 9.376812949776649 903.2257685363293 1.48904836922884 116.4069538339972 400.0849973857403 0 0.2151548936963081 3.51761569082737 2.960884265601635 35.75823286920786 0 23.60489607602358 0.1125223487615585 150.2511973679066 0.4863967448472977 4.114328846335411 8.014907687902451 34.7019023001194 19.86542155593634 0.7505056262016296 0.6068432107567787 96.51673145592213 0.139216274023056 63.96469460427761 0.1866835206747055 169.9178767353296 9.553668722510338 158.9716572165489 34.80642208456993 1580.316020518541 87.81882467865944 4.198187127709389 1.755721390247345 0 0 0 6.634858801960945 0 0.3984045088291168 0 0 14.68866612017155 2.90350204706192 0.5423786044120789 3.412034660577774 0 0 2.439327001571655 0.1169014275074005 0 0 0 26.17248159646988 0 0 0 17.96384574472904 0 0.1149666756391525 0.2235454618930817 6.081118568778038 0.2366884350776672 0.6771079301834106 0 0 0 0 0.1580743193626404 19.54339461028576 0.2102340459823608 0.1621675044298172 0 5.654842257499695 0 0 0
0.7635645270347595 128.6873484551907 9.200942680239677 0 0 0.4569774121046066 9.791104905307293 0.2060669735074043 81.07523035258055 1.074665859341621 0.6453522890806198 0 2.547583699226379 0.5185254067182541 0 3673.023303627968 5.548663601279259 0 0.1952000185847282 0.4891884624958038 2291.278311990201 4548.500827640295 4263.444422729313 1559.974231861532 9.279322199523449 3.642846919596195 5007.313553348184 1412.488600723445 5.208778485655785 21.60203970223665 0.2012095749378204 0 5.230948254466057 22.52078750729561 10.06242753565311 814.2051488310099 443.2036185488105 156.4488597214222 140.5191578418016 22.5130952373147 0.8181111663579941 1.574373796582222 3.59063845127821 7.350610338151455 5.386678121984005 44.90597192198038 0.1319726705551147 0 1.07137756049633 37.92720536142588 3.108013466000557 21.42007533460855 3.329047352075577 0.1648940443992615 0.8372214138507843 0.2988510578870773 4.051459647715092 0 1382.911026909947 1.332532294094563 0 0.3219188824295998 0.551683284342289 438.6584736555815 608.8625753298402 809.6210171207786 174.7744051143527 0.08587749302387238 8.596672527492046 380.0563359931111 333.8787562325597 21.28311105072498 77.69905142486095 0 0 4.950439214706421 5.589402720332146 6.083359107375145 30.3788343667984 6.323551274836063 11.24657693505287 6.216582678258419 1.629539832472801 0 0.103277824819088 0
46.86886099725962 17.75337230414152 4056.525858990848 0 0 9.188760817050934 41.45913866907358 102.6014143079519 2.795179277658463 5.185827232897282 685.2692152038217 0.6852857172489166 1.472734086215496 109.4450806230307 0.2151548936963081 5.548663601279259 468.0339231342077 183.1384542956948 3894.70750169456 1.463722288608551 382.6856836304069 7.548037894070148 4429.598715826869 8.851797930896282 1.32564377784729 1772.050005689263 4481.442443042994 26.2353925332427 186.3387985005975 642.7614453881979 0.1468911617994308 2.455674380064011 20.1734531596303 1165.026330798864 1.453765101730824 320.473078712821 2070.952659837902 586.7045936286449 85.43899860233068 14.34947855770588 1.401034988462925 21.83668646216393 0.5546108558773994 0 23.15505038946867 11.06798654794693 0 0 0 0.3661493510007858 0 0.1305201947689056 0 0 0 1.326726526021957 0.08977646380662918 0 0.8926486745476723 5.450677558779716 0.2302256003022194 7.546883128583431 0 0.1113050803542137 1.218008972704411 1.180294059216976 0.8465482294559479 0.7305688410997391 200.6381356939673 331.3411292657256 2.151946045458317 0.1134866178035736 0.5367485657334328 0.5444603860378265 0 0 1.735969536006451 0.5051531344652176 4.60288393497467 32.20996383577585 5.426624640822411 0.4675382524728775 0.217792421579361 0 0.2041166573762894 0
7.218685284256935 0.1485783010721207 44.26571972668171 0.1108454093337059 1.347549512982368 55.5693616643548 8.376289516687393 28.31323114782572 0.272418774664402 10.40942644700408 3176.353293605149 21.5896702259779 23.8698023930192 51.79320096224546 3.51761569082737 0 183.1384542956948 207.1424938291311 628.5146419107914 5.460336223244667 8.360236331820488 0.2754978761076927 64.96401841193438 0.7511804178357124 1.595801718533039 1638.908825054765 137.4995123967528 2.051764242351055 114.1129448115826 22.11263186484575 5.339629895985126 32.5459213629365 3.077370390295982 848.5699943527579 3.612574838101864 309.2124237120152 866.4986869469285 1338.768902756274 246.1536692231894 17.30513772368431 6.417852632701397 47.57484844326973 1.887941516935825 0 2.102292343974113 0.08822033554315567 0 0 0 0.3255319446325302 0.1829769611358643 0.1003195196390152 0 33.81021898239851 0 86.89885960519314 0 0 0.1099425181746483 0.1900027096271515 14.73810184746981 0.7613720148801804 0 0 0 0 0.2580951526761055 8.546832278370857 83.05677523463964 110.3682289198041 0.6659646332263947 0.07362186908721924 0.2538866400718689 21.83281356841326 0 0 0.406911738216877 2.412286221981049 16.80143405497074 40.08874028921127 5.232416547834873 0.3109776824712753 0.7549426257610321 0 5.820701345801353 0.1064591184258461
51.01447118073702 3.457672625780106 256.8659581914544 0.4714906066656113 3.436916254460812 73.16054809838533 17.98730492591858 105.7141463682055 0.6477479711174965 18.96541077643633 1304.280579447746 33.48818190395832 5.382463112473488 142.388416133821 2.960884265601635 0.1952000185847282 3894.70750169456 628.5146419107914 1134.475193992257 8.019873790442944 65.86719413846731 1.240414559841156 866.0921857059002 1.32316879183054 0.8329411298036575 2230.099593281746 610.0244678929448 5.13501887768507 360.9390528127551 202.9335966333747 0.7423191592097282 48.56923995167017 30.21880996227264 2273.935381963849 7.862789057195187 719.6524244770408 1344.93496824801 2209.65428738296 548.0519344732165 32.38734406232834 7.014869883656502 23.33146786689758 3.884570501744747 0 6.843634270131588 0.4802547991275787 0 0 0.1490263342857361 0.9008584693074226 0 0.2947336435317993 0.0866081714630127 7.092884458601475 0 19.99024430662394 0 0 0.203124113380909 0.5336321964859962 7.579003274440765 4.108101293444633 0 0 0.286167711019516 0.6240929365158081 0.8686078488826752 7.560752108693123 138.0860747620463 196.8624910712242 1.221133805811405 0 0.5575096160173416 5.608662493526936 0 0 0.4160726964473724 3.715917721390724 25.79265783727169 19.20911722630262 3.339661650359631 0.4149928689002991 0.1432611346244812 0 0 0
8.382312245666981 0.109848715364933 10.25344609469175 2667.762330144644 0 1104.400577515364 300.4628331959248 190.8775201886892 835.462998278439 6998.716154314578 19.90795668587089 5039.541514217854 1.276060961186886 223.4813580289483 35.75823286920786 0.4891884624958038 1.463722288608551 5.460336223244667 8.019873790442944 881.9503924250603 3.354583770036697 1.461356922984123 5.123447842895985 586.9650679007173 0 10.15862160176039 6.155371643602848 4155.949740804732 421.5031236931682 12.74506571888924 0.4118334427475929 7.694308325648308 43.10599180310965 343.9150011688471 19.8922898247838 1092.52308191359 14.39088312536478 646.1696725860238 239.9154290780425 919.9446913972497 132.3084800541401 2.739261411130428 78.29824662208557 2.306312553584576 0.6007903516292572 1.687965698540211 142.5119022205472 0 16.51960369944572 403.2247829288244 43.01991620659828 249.2562109678984 218.52127841115 1.26222175359726 40.831568390131 0 30.67774500697851 1.584596037864685 0.5109767615795135 0.5785141438245773 0.8901261761784554 0.6147985979914665 590.849274083972 0.1592814922332764 1.138727992773056 2.076464727520943 366.7624084278941 0.2356134653091431 1.662579283118248 2.956483922898769 466.9772499650717 12.66768526285887 40.64400853216648 0.1714826375246048 0 0.7625791877508163 2.908990085124969 6.471517264842987 55.72373834252357 1.001550413668156 17.24179058521986 8.39883516728878 29.40173041075468 4.099484026432037 0 1.14593842625618
23.15596058964729 23.52902586758137 932.885454133153 0.25430978089571 0 12.06979038566351 911.867861263454 50.82601529359818 50.78483745455742 16.2196397036314 33.3160722926259 0.1483390778303146 0.7332333028316498 60.61363939195871 0 2291.278311990201 382.6856836304069 8.360236331820488 65.86719413846731 3.354583770036697 11482.46923757344 461.1274045333266 14689.96449354291 866.3896674886346 2.747249871492386 103.483456261456 845.0937895327806 6399.986828923225 96.2722183316946 6952.508086949587 0.08663248270750046 0.2711587026715279 32.55153162777424 3062.967782720923 91.22363445907831 5921.178789168596 879.9062046855688 4224.750074975193 2117.996315062046 204.9806269258261 14.68512483686209 4.473113037645817 34.21603770554066 14.78392698615789 2.823283217847347 19.00363494455814 0.1792867630720139 0 0.5033542439341545 42.85978842526674 1.608844377100468 19.91892352700233 3.105119235813618 0.1812408268451691 0 0.3912296146154404 8.910269483923912 0 463.2065490037203 1.094352789223194 0 1.597366854548454 1.467159867286682 415.0953639298677 179.0683690458536 110.5830668956041 185.2559795454144 0 5.460422575473785 64.94644186645746 367.9248258247972 38.86004954576492 124.2837603986263 0 0 6.847544729709625 4.955685287714005 73.16886964440346 84.45217123627663 5.054455488920212 13.48651356250048 16.49467443674803 5.942432969808578 0.6298021078109741 0.3194817900657654 0.5771355256438255
6.41977322101593 2163.987288832664 90.80420932918787 0 0 2.933948650956154 33.54763872176409 27.68092269450426 2691.994701124728 1.251413315534592 16.01204917579889 6.35645005851984 76.57430817186832 23.14328247308731 23.60489607602358 4548.500827640295 7.548037894070148 0.2754978761076927 1.240414559841156 1.461356922984123 461.1274045333266 1590.268240734935 1269.789758943021 5953.129699505866 297.0387983247638 29.22825004905462 7098.885441191494 836.9666947573423 17.68262309581041 33.99293467402458 3.661969400942326 0.1841240674257278 2.694461449980736 26.55077858269215 0.7975448966026306 56.70538572221994 26.15454015880823 23.4098946750164 9.676798582077026 98.41879191249609 0.2466942891478539 14.22743265330791 0.7613089308142662 2.115833044052124 15.27005222439766 120.4689741134644 8.625881493091583 0 0.1873525604605675 18.87610203772783 2.129435412585735 9.986313000321388 1.214898876845837 1.746968455612659 0.1528107225894928 6.96622771769762 2.536295562982559 0.09354343265295029 1441.632574439049 3.953629210591316 0.1332553029060364 0.5627082735300064 0.7112910598516464 174.1540661007166 198.7350046262145 766.3458280488849 97.75945046544075 0.8109791651368141 30.21107601374388 1331.908967941999 142.5694853365421 5.263287797570229 18.6786475777626 0.7783940881490707 0 1.948423102498055 4.221999786794186 0.4321633279323578 19.42027368396521 9.063818991184235 12.84180744737387 3.822471208870411 2.325227752327919 0.1374178826808929 1.039530336856842 0
73.68396663665771 16.38361562788486 11102.66469079256 0.7594592422246933 0.282395988702774 20.97133091837168 687.9126452058554 191.5143062472343 9.356197774410248 34.86022740602493 159.7981078401208 1.280765891075134 2.027942478656769 197.9102995619178 0.1125223487615585 4263.444422729313 4429.598715826869 64.96401841193438 866.0921857059002 5.123447842895985 14689.96449354291 1269.789758943021 12328.01556029171 370.8237818852067 2.070850871503353 1797.276667386293 9579.93077455461 2285.693658091128 203.6418887376785 4848.416027322412 0.6502307057380676 1.634741745889187 31.37383259832859 3048.767472788692 227.0610763654113 10292.33220909536 6715.235279589891 7663.479388445616 3479.648084878922 260.2256791368127 24.43542093038559 11.62683373689651 40.66038979589939 1.240373015403748 9.240603081882 441.2287188470364 0 0 0.5902008861303329 27.26210741698742 2.258175618946552 3.169322155416012 3.246871046721935 0.1819508671760559 0.4644325077533722 0.799536295235157 2.993441089987755 0 2050.682263202965 9.164010398089886 0.2212930098176003 1.35937861353159 0.6993022561073303 326.1326067373157 738.7753206342459 1589.170795820653 94.7093289270997 0.6840752810239792 48.22989612817764 1736.698360651731 174.9839555323124 5.76045885682106 31.26051965355873 0 0 3.206715419888496 7.311348557472229 131.1337827369571 140.179658330977 39.07015400379896 38.19676852971315 31.01645255833864 2.530711121857166 0 0.1474503725767136 0.884158581495285
43.52738054096699 574.1151034533978 58.25232351571321 784.2922895699739 0 104.4167209714651 815.6021744608879 113.5004227384925 7735.159770384431 253.2236112728715 7.389706030488014 534.5752313882113 17.03143388032913 109.1116045713425 150.2511973679066 1559.974231861532 8.851797930896282 0.7511804178357124 1.32316879183054 586.9650679007173 866.3896674886346 5953.129699505866 370.8237818852067 11579.57116282731 72.56677087396383 19.93836584687233 2193.727209486067 8851.781735822558 258.4600572139025 36.12348280847073 0.9374370127916336 1.125061936676502 118.8080919906497 97.77675303816795 12.12815279513597 1415.210903100669 110.2955718040466 192.5515254661441 165.1652901992202 517.1525303125381 21.09847828745842 1.954826302826405 21.55984681844711 35.70285172760487 6.697589583694935 20.60229372233152 215.8384006023407 0 15.63684099167585 593.3900461792946 65.42547780275345 700.6136535331607 168.7278491184115 4.191696438938379 38.38864748924971 1.664300315082073 71.05651330202818 0.8238706961274147 228.2375994324684 3.999362714588642 2.461693234741688 2.880264688283205 418.4273488819599 144.4671272709966 101.4470118284225 78.07100367546082 1121.395564176142 0.07418281584978104 17.29955016076565 89.95897167921066 1655.660417072475 60.2197338193655 433.4050541073084 0.4514230713248253 0.2945906966924667 5.890098333358765 20.22188477963209 11.90274794399738 94.07638649642467 7.140971772372723 51.53334058076143 15.06650422513485 63.97764782607555 9.707447282969952 0.2924536839127541 0.3593066930770874
0 1367.430527158082 0.5930527672171593 0 0 0.9728738442063332 0.1629950255155563 0.7019784227013588 63.55824619531631 0.09869921952486038 552.0385304540396 0.2659297436475754 2806.135659903288 0.5010143369436264 0.4863967448472977 9.279322199523449 1.32564377784729 1.595801718533039 0.8329411298036575 0 2.747249871492386 297.0387983247638 2.070850871503353 72.56677087396383 492.2125337570906 244.0339045971632 5165.740121178329 14.11570190638304 1.082553423941135 0.3767353668808937 264.9343552738428 0.2055373191833496 0 829.998371720314 0 32.85899446904659 435.548855021596 416.1451705545187 52.77601519972086 3.315242171287537 7.236500553786755 620.0632957816124 0.1904555112123489 0 86.35353600978851 0.6981150507926941 0 0 0 0.2027060315012932 0.2088242843747139 0.1841763332486153 0 96.09000228345394 0 333.9410967975855 0.5092765837907791 0 0.1726898849010468 0.1139638647437096 6.239235319197178 1.746257767081261 0 0.1375743597745895 2.549441382288933 0.2231445834040642 0.8327037170529366 102.6894164383411 192.4883909747005 890.3167233765125 0.6385236009955406 0.1302011013031006 0.1031035333871841 24.76661013811827 0.2889432907104492 0 5.038372293114662 0 3.434399925172329 35.7938018143177 23.74145596474409 1.617781437933445 0 0.2036974728107452 28.4883781298995 0
80.46124962717295 254.8448586165905 5934.320016719401 0.7272733598947525 0.8898987099528313 96.15766401961446 116.7060612887144 195.7164667136967 9.812409698963165 28.00953399389982 2960.748961754143 32.71427059918642 943.9944367781281 226.8984188176692 4.114328846335411 3.642846919596195 1772.050005689263 1638.908825054765 2230.099593281746 10.15862160176039 103.483456261456 29.22825004905462 1797.276667386293 19.93836584687233 244.0339045971632 23175.07210346311 12568.95170917362 67.59865291416645 357.3810517117381 367.9471906945109 544.6148268058896 55.24552612751722 31.88510148227215 2513.780733682215 18.06152665615082 2936.674678578973 8590.732923015952 4599.664440978318 1227.325708754361 96.09266690164804 17.02671325206757 284.4970528036356 11.12725329399109 0.6052665039896965 395.6790238246322 13.44892725348473 0 0 0.3968374207615852 2.932158567011356 1.559646271169186 1.173257134854794 0.4020144939422607 358.3491709306836 0.3467236682772636 1244.033922314644 2.179566815495491 0.1105053126811981 1.406015321612358 15.29164908081293 214.106258712709 66.73039850592613 0 0.4924322515726089 8.078625723719597 2.104836232960224 3.303214564919472 412.9227908998728 2743.073432520032 5494.019787207246 4.371380910277367 1.548992238938808 4.801222741603851 277.5276929959655 1.021977074444294 0 12.63434888422489 10.52940767258406 81.8652375638485 429.9420599639416 88.97268049418926 9.068426102399826 2.146071568131447 0 55.66217418015003 0.2189268991351128
34.06356041133404 10253.14137431234 5248.523959010839 2.528934098780155 0.4366372972726822 55.06866440176964 499.3952961675823 85.32389226928353 881.6625489592552 54.0632750429213 548.9932414516807 14.63115163147449 4077.923957787454 105.4184818677604 8.014907687902451 5007.313553348184 4481.442443042994 137.4995123967528 610.0244678929448 6.155371643602848 845.0937895327806 7098.885441191494 9579.93077455461 2193.727209486067 5165.740121178329 12568.95170917362 29718.97071449459 1490.920053824782 159.8056765645742 293.4944169484079 1534.173532091081 11.52550785243511 21.15913171321154 2386.490069873631 47.32750015705824 6182.327737987041 5384.371602021158 5220.213629584759 1187.683182455599 189.4144236072898 9.821590326726437 116.6287290528417 22.5817604213953 3.495698876678944 2447.921319894493 1477.159339740872 1.52479425817728 0 1.541646733880043 49.94693193584681 5.607661992311478 8.38795530796051 1.313709020614624 229.4118059426546 0.3381580486893654 973.9515059962869 12.10863894224167 0 353.5713153406978 152.5611066445708 206.2384367436171 92.97817312180996 1.420142665505409 49.89896083623171 670.7242803275585 645.1377269327641 49.4885756149888 842.288711220026 4463.115264691412 16111.90979029983 79.60822207480669 5.657578431069851 18.6160434409976 252.5258285403252 0.4153356179594994 0.8388601019978523 51.84787768125534 25.27360103279352 199.6563884317875 693.7180323973298 250.8105175569654 37.14130064845085 2.944301158189774 0.1493500024080276 29.52186612039804 0.9543348401784897
77.36341487616301 105.8212711587548 948.9528329446912 4922.349193841219 0.3580367267131805 1411.963039219379 16708.13950419426 176.0981727540493 2946.524952530861 4222.569259025156 4.439072504639626 243.5081954449415 4.70747298002243 177.3677114918828 34.7019023001194 1412.488600723445 26.2353925332427 2.051764242351055 5.13501887768507 4155.949740804732 6399.986828923225 836.9666947573423 2285.693658091128 8851.781735822558 14.11570190638304 67.59865291416645 1490.920053824782 20079.53499653935 474.9344324246049 2743.204991787672 0.2738635316491127 1.997513353824615 253.0951913446188 363.31019346416 38.22629647701979 3776.899001806974 389.479881182313 733.1033131629229 670.1406031474471 279.6177251562476 35.63033122569323 1.671680524945259 34.60378212481737 90.79094038903713 4.796411149203777 37.90412987023592 188.1958162114024 0.5496506094932556 37.60242466628551 1319.004673287272 126.8757414147258 767.5607196241617 286.6903302744031 10.09574741125107 40.53735234588385 1.051240794360638 154.0562861934304 2.342129722237587 285.8011954948306 9.150685682892799 4.998335167765617 6.418670229613781 560.0443676263094 225.933063544333 108.9895004853606 86.66159291565418 1589.195962272584 0 27.11514354497194 101.8408394157887 2497.140400260687 152.6107442751527 1086.371636107564 0.3798268884420395 1.442014180123806 13.27464696019888 43.57564330846071 28.11475546658039 182.2348538711667 11.28093298524618 106.4465322941542 29.2362714111805 116.7132061943412 11.39109771698713 0.9819992482662201 3.964108005166054
