292.0178731381893 0.3346865326166153 34.33430314809084 1.063780188560486 0.2566922754049301 2.186024114489555 1145.93977355212 153.6698048710823 2.575908027589321 1.845148287713528 18.43706572055817 0.2820193022489548 2.939882092177868 4842.668216042221 0 1.362952716648579 68.75021254271269 7.057815290987492 78.13494075834751 0.4015420973300934 12.44560968130827 0.2767249345779419 36.12441368401051 21.16090843826532 0 20.07379057258368 9.591188259422779 33.50586223602295 2090.641637146473 707.2093154713511 0.445642925798893 0.7052448838949203 8.867625333368778 83.109190531075 0.1896453201770782 10.84944575279951 4.803158842027187 30.27745833992958 5.59440290927887 0 0.2579624056816101 0 0 0.6627625524997711 0.1352880448102951 0.5032100155949593 0.10797019302845 0 0 0.7037566751241684 0 1.076075956225395 0 0 0 0 0.5251582339406013 0 1.017963387072086 0.1223930791020393 0 0.1714199930429459 0 5.606029763817787 2.122126847505569 0.116772472858429 10.12982345372438 0 0.6118858605623245 1.492843933403492 4.714288793504238 2.102020055055618 1.407916128635406 0 0 0.1706117689609528 1.202252566814423 0 5.772227793931961 0 0.7444510459899902 0 1.096307635307312 0.3255695104598999 0 0
0.3346865326166153 350.8888222575188 39.0447224676609 5.377804979681969 1.003458335995674 0.2244900315999985 5.827553443610668 0.9223588109016418 572.9957063943148 1.121573768556118 60.40615825355053 3.204028502106667 1099.518931739032 0.9884962663054466 21.78777589648962 54.08403337001801 33.87650988250971 33.67990058660507 182.3702282086015 0.3186492323875427 5.114390134811401 2579.790649615228 8.767614394426346 1642.597056135535 3391.843863092363 825.5925188064575 8100.154197499156 26.29744621366262 2.456702180206776 4.738295838236809 17.99181328713894 0.407962255179882 0.7776477634906769 130.6308865472674 1.043343484401703 77.32006995379925 85.33025330305099 116.1999433860183 28.15332865715027 47.37567821145058 0.6412172764539719 386.8287749141455 0.80708247423172 0.1354536116123199 94.60842610895634 146.665589608252 1.588082194328308 0 0.1142180487513542 1.567138642072678 0.1559323519468307 9.763816684484482 1.098213851451874 1.813148140907288 0.5270786583423615 12.31233301758766 0.9454627931118011 0 10.10297459363937 42.85638253390789 4.685103997588158 59.55167053639889 1.847613051533699 1.916141852736473 40.8412057608366 18.70066229254007 19.85955412685871 13.4077880308032 610.7705925256014 1876.21641651541 6.155131407082081 0.54079619795084 1.659646645188332 3.704428277909756 0.1192496716976166 0 15.89274689555168 0.6681525856256485 77.75027694553137 27.42836265265942 59.9781983345747 21.63601284474134 2.449277594685555 0.1169299706816673 0 0
34.33430314809084 39.0447224676609 5030.904971085489 3.898099504411221 5.095815688371658 199.633004501462 997.4575665891171 1954.788969963789 5.342381455004215 270.4320546612144 84.11864752322435 1.463857792317867 7.526422701776028 557.2908413335681 1.3253019079566 13.37936864048243 8637.318184502423 187.4852069839835 581.5367270931602 0.9722584635019302 209.1337750926614 30.2369322925806 7619.570056326687 76.40679892152548 1.229034662246704 7048.27808329463 8393.157363817096 303.6532637625933 270.6120157539845 1227.588681012392 28.51169019192457 4.463373072445393 5.996533535420895 422.9180689007044 24.28372390568256 3689.913979500532 2079.633027650416 2029.834713734686 1803.268046453595 119.5257005617023 5.139417260885239 5.786047056317329 9.887629255652428 0.5726262629032135 356.0625277683139 2992.904398575425 0.4507530927658081 0 0 18.68774177879095 4.313882663846016 4.069888770580292 4.077161960303783 4.303060829639435 0 1.973610952496529 4.563975602388382 0.3455464541912079 18.02051959186792 225.0009756311774 7.865981757640839 26.63771620392799 0.3430119156837463 14.67912895232439 124.1266173422337 392.5133882761002 45.48805865645409 2.502454817295074 635.7414046525955 3651.950173482299 11.44123864173889 3.846728481352329 7.545115157961845 4.221764378249645 0.1687707453966141 0 27.0798359811306 37.9604430347681 225.8339545279741 37.52035887539387 85.7511143758893 62.5271092876792 5.871752500534058 0.8150815367698669 1.630853891372681 2.15819077193737
1.063780188560486 5.377804979681969 3.898099504411221 3959.977428719401 32.10724460333586 73.10245754569769 438.5753727853298 25.47819177806377 1201.937802881002 1408.712934076786 2.386733800172806 2716.64772067219 19.74564735591412 65.11213939636946 279.2476080060005 8.335243329405785 0.835016556084156 0 0.330352783203125 4816.366509348154 2.073135629296303 28.97747831046581 3.849322393536568 3646.242396481335 7.973993390798569 3.9724480509758 51.92903430759907 3311.854294151068 204.3665545508265 4.731536284089088 0.3369409143924713 1.404260814189911 10.46862675249577 67.25162288546562 7.998255640268326 1276.777562104166 15.37914435565472 168.142097838223 121.6209291368723 689.8642635568976 13.76559517532587 1.020870432257652 6.181376188993454 2.06650798022747 0.3059948980808258 2.095798827707767 502.0792024806142 0.4049780368804932 5.50147208571434 66.58186016976833 15.62107525765896 362.3253332972527 56.82999160140753 1.658253908157349 265.9396042078733 1.444809436798096 4.589681327342987 3.839195907115936 4.623520419001579 0 0.5153499841690063 0 367.2935873270035 7.360833935439587 8.995116032660007 2.346635147929192 837.1577151045203 0 0.1412342488765717 6.741341657936573 605.9745693802834 11.40827342122793 9.813765943050385 0 0.8768857717514038 0.2235438525676727 5.832950383424759 0.9746159464120865 489.0204079151154 0 18.13529361784458 3.46300220489502 415.0860917568207 0.9146436452865601 1.839227259159088 0
0.2566922754049301 1.003458335995674 5.095815688371658 32.10724460333586 83.24967560917139 592.7564441859722 10.848977021873 57.07804244756699 115.6742296814919 54.10276558995247 27.01151879131794 382.4742096215487 2.748186200857162 6.759648896753788 2241.94068878144 0 1.029856286942959 2.009551972150803 2.821966342628002 22.61695481836796 0.8126252889633179 2.09100080281496 3.407626681029797 75.13342877477407 0.5577809065580368 2.101702392101288 3.679641880095005 20.23088736832142 27.36590957641602 1.973325543105602 0.08359603583812714 35.21914276480675 0.1793366223573685 225.2861347198486 1.588562786579132 54.42201399058104 1.303570933640003 243.8941357880831 40.1742661818862 4124.475425265729 355.1456536799669 1.840854182839394 3.1471778601408 0 0 0.1185822337865829 2.947747781872749 0 0 0 0 1.218115776777267 0 0 0.6081653907895088 0 0 0 0 0 0 0 1.597564503550529 0 0 0 1.415858536958694 0 0 0.1471517235040665 2.032439768314362 0.170423686504364 0 0 0 0 0 0 2.522663742303848 0.0973355621099472 0 0 1.003707639873028 0 0 0
2.186024114489555 0.2244900315999985 199.633004501462 73.10245754569769 592.7564441859722 11442.09679407626 1374.943634755909 5360.468835547566 43.80980864912271 11833.44674678147 28.15435443818569 6129.408193059266 3.384512864053249 334.0844655036926 2155.314284957945 2.523631706833839 29.850301168859 4.473345384001732 11.63555632531643 211.8084766641259 33.42794235795736 3.338433623313904 148.5387120246887 120.4394615739584 0.09724251180887222 33.46231123805046 25.57728164643049 1068.244158253074 249.5539279952645 43.72822239995003 0.5101511478424072 58.63559165596962 8.137535497546196 174.0925019904971 2.793617278337479 175.2334915548563 9.549105882644653 301.8933830037713 84.66795828938484 2338.361380040646 277.6407689675689 4.019735775887966 3.722157254815102 0 0 2.670826077461243 13.48129160702229 0 0 6.565461829304695 0 15.15697973966599 2.933604046702385 0 2.658677883446217 0.1301436871290207 0 0 1.856202490627766 0 0 0.07898404449224472 10.89884997159243 2.385592497885227 1.566945269703865 0.9579359814524651 74.41008776426315 0 1.032408148050308 4.711524829268456 48.22105527669191 3.24376617372036 0.6027462035417557 0.1146140396595001 0 0 0.4115032106637955 0 6.096033811569214 0.1359932273626328 3.697735279798508 0 4.596546202898026 0 0 0
1145.93977355212 5.827553443610668 997.4575665891171 438.5753727853298 10.848977021873 1374.943634755909 12822.45033992827 6215.09499990195 277.0930021554232 14462.11716029793 24.82846815139055 44.51731476932764 8.097059324383736 7585.130429260433 25.74980146437883 56.23768342286348 199.0344407111406 14.05328264832497 52.81618008762598 23.16496735066175 471.9390643164515 46.820023201406 1039.701055005193 1308.603098914027 0.6809823662042618 275.4331177473068 674.2066703513265 21232.05943951011 2443.652800738811 5064.398055657744 5.658342406153679 14.13400821387768 123.1036617234349 576.9620723202825 35.33034697175026 2219.684672340751 81.10109020769596 1282.357293337584 658.1876465678215 126.740953989327 50.54715549945831 4.633578650653362 26.47534743696451 3.585121020674706 2.195137269794941 13.54078935831785 139.7118240892887 0 3.959835693240166 65.84713970124722 6.402519501745701 160.4893954470754 27.34046040475368 0 20.67386953532696 0 8.259626947343349 0.156226858496666 14.28451746702194 1.016353867948055 0 0 86.70133776217699 18.36807712167501 22.39196299761534 10.79047831147909 760.4638420715928 0 4.279485076665878 28.82890620082617 462.1589185521007 37.9900351241231 19.64188566058874 0 1.435031116008759 3.589897058904171 7.974635995924473 3.630567729473114 120.5248299539089 0.3988196551799774 30.57501169294119 9.301354438066483 81.68213397264481 6.377772212028503 0.122979573905468 0.1794032901525497
153.6698048710823 0.9223588109016418 1954.788969963789 25.47819177806377 57.07804244756699 5360.468835547566 6215.09499990195 17537.96862287819 20.2663821130991 5197.099917933345 260.6205759942532 905.2249053493142 14.28916622698307 5617.344684362411 158.2149078324437 3.891839370131493 894.9101761803031 81.2192949205637 447.7018400877714 236.227800257504 124.9744540378451 1.346690557897091 1708.142012342811 218.0444052442908 0.8407906219363213 327.2669804617763 154.6946376785636 611.8058475255966 569.0536224022508 2399.522970177233 5.505970299243927 95.3732937052846 10.1316497400403 748.0385402292013 8.604499667882919 458.2961584702134 73.53400496393442 1108.406833842397 231.9330611675978 1083.8311271891 152.561290577054 19.31232690066099 6.488057538866997 0.1045590937137604 2.067601107060909 18.7531480640173 10.10050659626722 0 0.8097264766693115 10.10836402326822 0.7055639624595642 10.43212892115116 4.189287506043911 0.196259930729866 2.784026369452477 1.772243902087212 0.4524480551481247 0.2899223566055298 6.250483959913254 1.124918453395367 0 1.457639262080193 9.69511741399765 15.37369346618652 7.848167411983013 1.948749929666519 137.6336859986186 0.4564351588487625 7.899356178939342 20.85846713930368 106.635938026011 5.965893425047398 5.141343303024769 0 0.1404058039188385 0.5717261433601379 2.027814954519272 0.2347512543201447 12.39949236810207 0.1081784442067146 2.591451801359653 0.4666869640350342 7.478689029812813 0 1.974310591816902 0
2.575908027589321 572.9957063943148 5.342381455004215 1201.937802881002 115.6742296814919 43.80980864912271 277.0930021554232 20.2663821130991 1581.286234527826 86.91864976286888 5.371956206858158 158.7937163263559 71.11962995678186 16.19753957539797 1275.067605540156 149.3298333734274 1.363986968994141 6.598742410540581 2.920669592916965 226.3024871200323 57.08525419235229 4155.388615593314 11.02350854873657 6021.133711785078 282.8505634590983 45.51353036612272 952.0923299267888 989.8170804381371 33.17619084566832 95.53134385496378 3.70895641297102 3.31766589730978 1.292206600308418 28.68195134401321 0.6126972138881683 312.3763580322266 53.93162296712399 61.91404437273741 17.49856384843588 666.6012200787663 11.22950145602226 11.45219513773918 2.053714156150818 5.861693158745766 4.728357180953026 3.56343038380146 248.3857001289725 0.4306178241968155 4.489813886582851 67.90042215585709 13.46280989050865 535.82842849195 39.64787021279335 1.176424063742161 68.81407059729099 0.6410386860370636 9.971351966261864 3.579102158546448 86.30403614789248 0.1503446102142334 0 0.267875611782074 150.2320624664426 36.860445484519 90.60464322566986 10.29523101449013 2144.688240423799 1.416631251573563 4.17673184722662 19.22054150700569 552.3815949335694 37.5153786316514 28.32098174095154 0.5579413175582886 0.7800564169883728 6.743673920631409 13.55240623652935 1.831123888492584 66.83231067657471 1.492439746856689 47.4842077344656 13.14268209040165 141.5237973630428 3.981115832924843 0 0.1158761456608772
1.845148287713528 1.121573768556118 270.4320546612144 1408.712934076786 54.10276558995247 11833.44674678147 14462.11716029793 5197.099917933345 86.91864976286888 32875.72575816512 62.1586662530899 5373.86382189393 10.45125103741884 1538.280114658177 191.4318284466863 7.60961577296257 34.0996700823307 9.286085344851017 22.79695133119822 2916.188851326704 55.32410725206137 5.783482417464256 303.9814791604877 361.5883610993624 0.8515932708978653 55.69861706346273 70.58088944107294 5141.029384061694 1248.252034671605 207.0145259872079 2.172297798097134 47.52879592776299 12.385882422328 565.1610668301582 20.71204424649477 2347.308342367411 70.82708476483822 1490.518204070628 492.0060032382607 643.0478034690022 116.2369465604424 14.29317709803581 34.7309790328145 0.7151108384132385 0.655270092189312 1.981270924210548 157.3183322846889 0 3.041196793317795 46.59752884507179 10.94657158851624 76.58386512100697 22.26264351606369 0 64.22585218399763 0.321571983397007 2.840266607701778 0.2329545319080353 3.456781819462776 0.2574850246310234 0.1093311533331871 0.2138231545686722 121.5875776857138 4.74160447716713 4.687832295894623 1.884216003119946 445.3928649425507 0 1.203672483563423 8.829758860170841 351.1283621042967 6.279374353587627 6.049169227480888 0 0.4741776287555695 0.5698215961456299 6.342822559177876 1.346657648682594 151.7142765969038 0.08896355330944061 12.81007146835327 1.289019480347633 98.91699633002281 6.446840643882751 0.874335765838623 0
18.43706572055817 60.40615825355053 84.11864752322435 2.386733800172806 27.01151879131794 28.15435443818569 24.82846815139055 260.6205759942532 5.371956206858158 62.1586662530899 11368.07591135055 53.45139811187983 1351.771774955094 218.9128380939364 1.128629431128502 1.510002553462982 295.3523304834962 4049.404680721462 2256.437245637178 17.23170159012079 55.12812458723783 11.42560859769583 140.4636155217886 16.79548933357 233.8613293021917 871.9855579137802 554.8136060535908 23.31072513759136 544.3239592760801 90.52670273184776 271.1318510249257 222.0686368942261 8.652382224798203 10821.82789045572 13.16610734909773 1325.215899959207 8103.21652405709 13572.08851628751 1515.609438963234 100.4173086360097 52.58318845182657 1159.816339336336 17.01218980550766 0 12.74513639509678 2.90896825492382 0.1386629492044449 0 0 0.9490459561347961 0.6783648729324341 1.541432186961174 0 44.3254908323288 0.1543781906366348 679.1440560445189 0 0 0.2440620511770248 3.167629644274712 18.7285675406456 14.92606395483017 0 1.556716933846474 5.017030023038387 0 10.96584677696228 192.7246137037873 205.5478593409061 479.5547870621085 4.612334206700325 0 0.1400346755981445 103.2733967974782 0 0.2394318729639053 2.989793494343758 13.5719400793314 18.73028022050858 50.11691356450319 12.4218787252903 3.450604245066643 1.393681153655052 0 39.66281516849995 0.09713630378246307
0.2820193022489548 3.204028502106667 1.463857792317867 2716.64772067219 382.4742096215487 6129.408193059266 44.51731476932764 905.2249053493142 158.7937163263559 5373.86382189393 53.45139811187983 9982.769421763718 18.77911887317896 663.7609746232629 3151.92228667438 0.5446142554283142 0.3849546983838081 5.077783040702343 10.67877791076899 4529.39909427613 1.122715257108212 4.112215302884579 0.8602026328444481 444.8543982878327 2.038124665617943 8.256414026021957 15.36437365412712 990.3310077488422 470.805579431355 0.9970601052045822 0.5157158449292183 46.13966559618711 0 302.2129075154662 3.259213373064995 1648.226361989975 27.23690161108971 647.1806407123804 96.37528475373983 3722.998435296118 42.69139406830072 15.53924266248941 4.509018108248711 0 0 0 94.77213981747627 0.1440831422805786 2.274982944130898 11.84034484624863 0 41.8997892588377 11.51786461472511 0 86.84116905927658 7.72860449552536 0 1.59608867764473 0 0 0 0 65.24030649662018 2.141859501600266 0 0 121.6252177655697 0 0.7557466551661491 1.513076640665531 109.8542102575302 1.101287499070168 1.545189410448074 0 0 0 1.610684156417847 0.8439723253250122 121.2051568329334 0 4.26328057050705 0.1361287236213684 98.89684334397316 0 4.939836978912354 0
2.939882092177868 1099.518931739032 7.526422701776028 19.74564735591412 2.748186200857162 3.384512864053249 8.097059324383736 14.28916622698307 71.11962995678186 10.45125103741884 1351.771774955094 18.77911887317896 3491.913138359785 4.151460222899914 3.866214372217655 29.11048751324415 8.970730945467949 37.21775961667299 3.515914782881737 16.76776079088449 84.70574404299259 219.3320060446858 33.02329394221306 166.9265616238117 4972.104310013354 72.41895762085915 3656.642292648554 41.1202793866396 22.55049970000982 57.45074594765902 1077.698022983968 9.375696420669556 2.725332021713257 990.9064835608006 33.80499829351902 2174.479764588177 7281.051942206919 4493.893171645701 622.7973682358861 274.7848572134972 88.56493639945984 1771.027633063495 13.07708792388439 0 63.61199690401554 2.405990988016129 0 0 0.1389411240816116 0.718360424041748 0.08658698946237564 6.517291605472565 0 300.1827540770173 4.242665767669678 4164.280153915286 1.027237877249718 0 19.71915547549725 0.6326072439551353 41.17291666567326 8.255566030740738 0.1170200929045677 16.68743014335632 20.67496407032013 6.299454241991043 21.50286094099283 2555.477434702218 448.0922546833754 1758.702317401767 3.942240089178085 0.2265143096446991 6.137307643890381 422.9128189831972 0.08501449972391129 0 7.814603015780449 7.834065154194832 323.0284462347627 433.6270578429103 55.25505285710096 13.57322240620852 81.16190530359745 8.773778669536114 454.8708532601595 0.1289032548666
4842.668216042221 0.9884962663054466 557.2908413335681 65.11213939636946 6.759648896753788 334.0844655036926 7585.130429260433 5617.344684362411 16.19753957539797 1538.280114658177 218.9128380939364 663.7609746232629 4.151460222899914 7709.211486667395 5.588454872369766 7.949049927294254 490.0625732764602 60.95317236334085 418.5835685878992 246.5001176595688 76.8148947134614 2.555810429155827 453.5960122644901 216.3345575556159 1.844385325908661 166.4943578988314 92.94603618979454 601.5636332780123 3539.288273975253 3173.145039208233 3.061872713267803 57.16512812674046 6.089749231934547 643.9489183351398 5.356107801198959 466.3326947614551 49.27274875342846 790.9252250939608 90.31741413474083 277.0485135242343 20.70622704178095 3.979954808950424 2.596796035766602 0.9358551129698753 1.361630000174046 6.278147637844086 4.630959406495094 0 0.110273465514183 8.012164890766144 0 12.13675531744957 3.476028196513653 0 0.1984814330935478 1.126984618604183 7.587149247527122 0.1638879477977753 9.212796859443188 0.7497805580496788 0.2077630609273911 0.6453225091099739 3.286649286746979 22.0970437079668 11.95545738935471 3.416590176522732 134.0344675257802 0.2661104649305344 6.202239349484444 10.75157451629639 60.31453073769808 15.90310871601105 10.56487321853638 0.1154160276055336 0 1.778662763535976 2.568148382008076 0 15.60147306323051 0.08965498208999634 8.399520434439182 1.971114382147789 15.18900161981583 0 0 0.2124643623828888
0 21.78777589648962 1.3253019079566 279.2476080060005 2241.94068878144 2155.314284957945 25.74980146437883 158.2149078324437 1275.067605540156 191.4318284466863 1.128629431128502 3151.92228667438 3.866214372217655 5.588454872369766 446.8367734476924 0.325435146689415 0.1201765686273575 0.07741212844848633 0.3253148645162582 241.0139615312219 0.1920179799199104 55.61526560783386 0.7494577616453171 1047.758289642632 10.22440002858639 3.214893400669098 58.87584990262985 144.6658488661051 4.929293856024742 0.160712718963623 0 120.7949309572577 0.1012617126107216 3.48370323330164 0 221.5489800944924 0.8366915509104729 6.30095586180687 1.005792379379272 2165.500579714775 39.15741281956434 0.453019767999649 0.1522933691740036 0 0.1752729415893555 0 10.90446422249079 0 0.2824757695198059 1.725740224123001 1.177438259124756 9.59335133433342 0.4634380042552948 0 6.714235246181488 0 0 0 0.1138541400432587 0 0 0 8.924089953303337 0.1432821154594421 0.3222377896308899 0 14.51762689650059 0 0.1495874673128128 0.8439294397830963 9.833288095891476 0 0 0 0 0 0 9.982962042093277 31.57723903656006 0 0 0 21.54873336851597 0 0 0
1.362952716648579 54.08403337001801 13.37936864048243 8.335243329405785 0 2.523631706833839 56.23768342286348 3.891839370131493 149.3298333734274 7.60961577296257 1.510002553462982 0.5446142554283142 29.11048751324415 7.949049927294254 0.325435146689415 2409.013809025288 7.678499646484852 1.289305575191975 4.380634747445583 0.2737710922956467 2497.007649637759 3625.914822630584 3110.9038400352 1761.95200612396 11.61175086349249 19.60241258889437 4584.917354241014 734.9057137444615 32.20902205258608 76.14515987038612 0 0 4.178709417581558 32.290990665555 26.9870343208313 1989.707572080195 287.1628585085273 408.3276110962033 519.7064701020718 46.41060081124306 2.718421474099159 6.563453480601311 12.1202292740345 3.646439403295517 4.670855395495892 18.39771948754787 8.585748843848705 1.204188473522663 1.426325887441635 19.10659721493721 3.98497512191534 118.2319564372301 6.891031824052334 0.8892237544059753 2.52002315223217 7.196945168077946 7.838631764054298 2.481535628437996 3772.99920462817 0.5516393259167671 0.1762048602104187 0.5085936486721039 3.623028367757797 733.2647774815559 2010.275531962514 1838.9648713395 776.9055994451046 0.2455104067921638 1.73041857779026 756.6292300745845 173.4914655610919 69.89435534924269 79.52182582765818 0 0.2335772663354874 15.46756103634834 16.68730991333723 9.606665998697281 216.7353007644415 24.20345931500196 49.06394872814417 47.09524917602539 35.89257417619228 0 7.764106154441833 2.804144293069839
68.75021254271269 33.87650988250971 8637.318184502423 0.835016556084156 1.029856286942959 29.850301168859 199.0344407111406 894.9101761803031 1.363986968994141 34.0996700823307 295.3523304834962 0.3849546983838081 8.970730945467949 490.0625732764602 0.1201765686273575 7.678499646484852 1401.64767061919 388.1770335882902 5552.646169543266 0.1314227879047394 347.2305513396859 6.165126591920853 3213.048609003425 20.02594058215618 4.0743687748909 2124.72497844696 6083.923383183777 62.52291284501553 578.0395134612918 1443.84289175272 5.079608999192715 4.076536945998669 7.655720204114914 3001.710355646908 5.861736819148064 598.7654060199857 1224.588191598654 1501.707536809146 469.386365160346 11.73465574532747 0 4.932406082749367 2.800650477409363 0 27.75241649895906 206.501686014235 0.2672547399997711 0 0 1.296635024249554 0.7921854108572006 0.1140403151512146 0 2.380039252340794 0 0.1645182222127914 0.4774427339434624 0 2.142439462244511 42.3644640520215 3.310480698943138 21.7242988422513 0 1.094385057687759 3.446217924356461 12.09737640619278 5.361698091030121 0.7610533908009529 196.2488394081593 276.7848937958479 1.189396493136883 1.045046031475067 0.2974113374948502 0.762736089527607 0 0.2641952335834503 5.703110888600349 1.476003333926201 19.40953300148249 4.016581185162067 15.60349268466234 3.858664192259312 0 0 0 0
7.057815290987492 33.67990058660507 187.4852069839835 0 2.009551972150803 4.473345384001732 14.05328264832497 81.2192949205637 6.598742410540581 9.286085344851017 4049.404680721462 5.077783040702343 37.21775961667299 60.95317236334085 0.07741212844848633 1.289305575191975 388.1770335882902 516.0740891322494 1969.347574658692 1.149497278034687 4.642204135656357 8.199246689677238 54.14406210929155 9.833244830369949 26.275520645082 2663.31898996979 845.2778946533799 4.576688133180141 110.0454255566001 45.05439958721399 220.6679881587625 18.3963610008359 1.238983944058418 559.7612338140607 2.012721851468086 744.7300479710102 1193.384159758687 1472.103778615594 196.3384419456124 12.44396444410086 0.2901710718870163 13.98220856487751 1.766476675868034 0.09988539665937424 12.80665022134781 2.588134616613388 0 0 0 0 0 0 0 2.62014052271843 0 42.07325997203588 0.1193705275654793 0 0.1749882996082306 6.533477015793324 17.94331743568182 53.72305957227945 0 0 0.6065953075885773 0.4357944428920746 1.450432233512402 34.57321229577065 351.7407659590244 514.2108882665634 0 0.3937011286616325 0.3538812771439552 14.07973726838827 0 0 4.925276383757591 2.745641574263573 15.25863008201122 10.74265079200268 23.79152358323336 3.19829323142767 0.1257579475641251 0 0 0.1220163479447365
78.13494075834751 182.3702282086015 581.5367270931602 0.330352783203125 2.821966342628002 11.63555632531643 52.81618008762598 447.7018400877714 2.920669592916965 22.79695133119822 2256.437245637178 10.67877791076899 3.515914782881737 418.5835685878992 0.3253148645162582 4.380634747445583 5552.646169543266 1969.347574658692 3113.532889910042 3.226476266980171 87.89814936369658 8.224757872521877 392.747537791729 10.28390505164862 14.40828481316566 1902.93043705821 1569.690350025892 21.22789178043604 865.7005262002349 574.739794395864 13.09290011227131 33.90095942467451 17.51656589657068 3792.012206621468 7.107745356857777 1617.146972715855 1295.972118154168 2690.23049159348 494.5651068985462 39.55466547608376 1.4369747787714 17.39493979513645 5.510826610028744 0 31.46153946220875 19.14598923176527 1.277822755277157 0 0 1.358062498271465 0.5214051157236099 0.1226618960499763 0 5.427376247942448 0.1096179857850075 11.95614833384752 0.8450617492198944 0 0.4799589887261391 94.40067899227142 14.72825371474028 275.8763455525041 0 1.746373042464256 2.763268753886223 4.865577459335327 3.376484446227551 16.75073542445898 831.8509685918689 715.584755025804 1.537532910704613 0.4582209140062332 2.618681214749813 6.589555218815804 0.1116711869835854 0 13.45685981959105 12.66447062790394 53.53272475302219 16.52688805013895 41.11899652332067 9.931224815547466 0.9270480945706367 0.1920758783817291 0.2451650053262711 0.4144621193408966
0.4015420973300934 0.3186492323875427 0.9722584635019302 4816.366509348154 22.61695481836796 211.8084766641259 23.16496735066175 236.227800257504 226.3024871200323 2916.188851326704 17.23170159012079 4529.39909427613 16.76776079088449 246.5001176595688 241.0139615312219 0.2737710922956467 0.1314227879047394 1.149497278034687 3.226476266980171 1018.387552917004 0.9050452262163162 0 2.605001412332058 492.7737613841891 1.247268609702587 4.351608671247959 6.434496834874153 3081.368726141751 247.3316429629922 0.8304502442479134 0.2330795899033546 13.3041614741087 0.6196611449122429 175.6062356829643 6.571489125490189 1719.027194827795 36.04570998996496 475.9790603667498 164.5826721340418 817.378125615418 53.27232885360718 7.770118542015553 21.34385880082846 0 0.1314694285392761 1.9381383061409 216.0641854628921 0 3.809701979160309 55.27083392441273 11.25177124142647 104.2332677692175 34.23676700890064 0.392219603061676 82.5387118011713 5.096479892730713 5.251694977283478 2.081621423363686 4.125288665294647 0 0 0 168.876616075635 5.951625719666481 1.379692733287811 0 492.8799785673618 0 0 4.517693638801575 431.927126981318 6.617194138467312 12.36945684254169 0 2.458827912807465 0.8534737825393677 2.733925014734268 0.4226113110780716 298.2841640561819 0 12.84989157319069 3.301818206906319 186.0650615096092 2.423538148403168 0 1.213441848754883
12.44560968130827 5.114390134811401 209.1337750926614 2.073135629296303 0.8126252889633179 33.42794235795736 471.9390643164515 124.9744540378451 57.08525419235229 55.32410725206137 55.12812458723783 1.122715257108212 84.70574404299259 76.8148947134614 0.1920179799199104 2497.007649637759 347.2305513396859 4.642204135656357 87.89814936369658 0.9050452262163162 13935.22576222569 242.2514710873365 14137.20211609453 254.8663572594523 18.19114071130753 66.07577545195818 1001.666763730347 1385.361941672862 319.0036511942744 9698.940981447697 0.4638716652989388 4.362847313284874 59.35749781131744 3206.261650837958 142.3740846663713 9278.595689408481 562.6328393146396 7049.333929799497 3609.192779116333 160.19254232198 9.932286851108074 31.13487382978201 58.27727518975735 7.006101429462433 0.595352828502655 7.192133493721485 6.876848235726357 0.3767514377832413 2.677839457988739 22.16442996263504 4.642225854098797 79.64362679421902 6.996819145977497 0.2933988943696022 3.909693039953709 37.63196298480034 11.26742934435606 3.157375872135162 737.3314466625452 1.098765634000301 0.1480031162500381 0.3063260465860367 1.369322001934052 808.511475160718 409.5235819146037 189.5510969310999 836.4529914259911 0.1836307048797607 0.7501207739114761 47.84623052924871 194.0331819429994 123.7064097523689 136.4465147033334 0 0.8590061888098717 21.9105514138937 32.25925885140896 20.01161757856607 153.9165046140552 8.585721522569656 55.08395480364561 24.89374312013388 56.90553849190474 4.396928079426289 22.70614314079285 2.094677299261093
0.2767249345779419 2579.790649615228 30.2369322925806 28.97747831046581 2.09100080281496 3.338433623313904 46.820023201406 1.346690557897091 4155.388615593314 5.783482417464256 11.42560859769583 4.112215302884579 219.3320060446858 2.555810429155827 55.61526560783386 3625.914822630584 6.165126591920853 8.199246689677238 8.224757872521877 0 242.2514710873365 2021.27873134613 461.4432736858726 7064.331309787929 919.413269340992 87.70271069556475 3813.595645830035 158.8643156439066 11.38822674751282 23.75894918292761 6.771315433084965 0.1297431588172913 0.4342118501663208 18.87648908793926 0.7253437042236328 259.2047237828374 53.83638355880976 62.96385563164949 81.51559609919786 182.0191289931536 0.6553730964660645 47.37499091774225 0.4403637945652008 2.406635671854019 16.57518175244331 109.1128705888987 5.310246080160141 0 1.01958929002285 17.1406619772315 2.015863664448261 232.5174932032824 3.228256590664387 0.2344879284501076 0.6324331760406494 1.079109415411949 5.693081125617027 1.027554899454117 1204.968465432525 2.453983001410961 0.2671059370040894 0.7574648708105087 2.339144058525562 156.2465725615621 554.312643148005 522.9012760296464 442.6927439495921 2.164286866784096 5.10605189204216 1376.023476600647 89.72927366942167 33.28319802135229 24.51255214214325 0.4923292770981789 0 4.405534721910954 7.226252250373363 2.395864918828011 108.2999174892902 10.32458405196667 37.16489050537348 38.7646277397871 17.02140915393829 0.882382944226265 1.641020268201828 3.178228497505188
36.12441368401051 8.767614394426346 7619.570056326687 3.849322393536568 3.407626681029797 148.5387120246887 1039.701055005193 1708.142012342811 11.02350854873657 303.9814791604877 140.4636155217886 0.8602026328444481 33.02329394221306 453.5960122644901 0.7494577616453171 3110.9038400352 3213.048609003425 54.14406210929155 392.747537791729 2.605001412332058 14137.20211609453 461.4432736858726 22720.90931534022 239.2990506663918 7.53478641808033 583.5328101813793 11288.9436750859 1185.106696367264 361.8079518675804 6967.351485967636 9.111948065459728 6.191589087247849 19.00881151109934 3650.699660725892 192.9228753000498 13462.70026337355 7397.969067446887 14602.25805033743 10240.16201042384 398.9152272492647 27.8947124928236 49.55446849763393 90.81065845489502 0.4597074240446091 12.40457566082478 471.451792255044 2.005646675825119 0 0.5710344165563583 18.91102964431047 0.624024361371994 16.59068339318037 4.976428270339966 1.064692437648773 0.7939091324806213 3.516380414366722 2.883842639625072 0.8415253013372421 2157.218254521489 9.911112949252129 0.5981183350086212 2.092357069253922 0.2768267840147018 247.8771220371127 699.607000939548 1677.895247675478 198.8570503517985 0.8944433256983757 18.21994141489267 1781.221132680774 48.54291784018278 11.53055288642645 27.41585490852594 0.1629869937896729 0 2.605950608849525 9.348601564764977 111.3806756585836 297.7129062190652 24.84585897624493 59.44426447898149 70.91593729704618 15.16802710294724 2.707068726420403 4.835952281951904 3.237668097019196
21.16090843826532 1642.597056135535 76.40679892152548 3646.242396481335 75.13342877477407 120.4394615739584 1308.603098914027 218.0444052442908 6021.133711785078 361.5883610993624 16.79548933357 444.8543982878327 166.9265616238117 216.3345575556159 1047.758289642632 1761.95200612396 20.02594058215618 9.833244830369949 10.28390505164862 492.7737613841891 254.8663572594523 7064.331309787929 239.2990506663918 15184.84238801897 578.466393314302 155.5047984868288 4713.208360485733 4535.46518906951 659.1302972882986 666.9719941392541 6.734240189194679 5.891771852970123 146.3930158764124 263.3900509551167 43.80939567834139 2453.495041310787 126.7314596548676 783.9877730533481 527.7069125249982 1822.271364301443 25.58765714615583 28.14847468584776 13.8710820376873 28.37257654964924 16.14889662712812 28.37798245251179 491.5689347088337 3.700443401932716 19.38328228145838 317.8335230425 100.6103748455644 1658.267064571381 127.4729589447379 6.234093472361565 125.5358922556043 7.459935143589973 70.52893082797527 3.083412729203701 333.2532724887133 1.226925365626812 1.313790053129196 0.7267899289727211 297.6830033361912 272.1013480052352 488.2626646757126 129.8787473142147 5541.797884657979 3.467037662863731 7.620683439075947 148.4920087456703 2152.639950700104 278.9215344712138 156.1055931821465 1.194600738584995 12.30991841107607 29.16529235243797 63.62464984506369 5.22386309504509 431.5689714327455 3.327390007674694 262.5003244802356 57.13387313485146 415.9704403057694 34.12841003388166 5.329202622175217 2.900780774652958
0 3391.843863092363 1.229034662246704 7.973993390798569 0.5577809065580368 0.09724251180887222 0.6809823662042618 0.8407906219363213 282.8505634590983 0.8515932708978653 233.8613293021917 2.038124665617943 4972.104310013354 1.844385325908661 10.22440002858639 11.61175086349249 4.0743687748909 26.275520645082 14.40828481316566 1.247268609702587 18.19114071130753 919.413269340992 7.53478641808033 578.466393314302 338.017142996192 100.7301552668214 2072.971926644444 16.26078414916992 3.900694034993649 3.890700101852417 95.1432433873415 0.6703378930687904 0.7369801998138428 448.8538781106472 2.875150680541992 378.5547172650695 765.8871948421001 906.6060971394181 111.0427510589361 78.74973591417074 6.37844505906105 1051.186706990004 1.090202182531357 0 152.1937361210585 3.752794519066811 1.514690048992634 0 0 0.4519150406122208 0.3567958623170853 4.488766737282276 0 81.40644631534815 0.5993286520242691 945.1572957485914 0.2778706103563309 0 1.326046034693718 6.752741113305092 21.70257659256458 59.04667019098997 1.433269761502743 3.397480927407742 3.327111288905144 4.834633260965347 6.597265377640724 337.1922584176064 609.5863878726959 1283.184828974307 3.976934470236301 0.9804009795188904 3.595286056399345 41.74319136142731 0 0 16.79961329698563 0.7792606949806213 96.9458841085434 54.73741236329079 70.37170542776585 14.84994507580996 25.79390117526054 0 33.06499767303467 0
20.07379057258368 825.5925188064575 7048.27808329463 3.9724480509758 2.101702392101288 33.46231123805046 275.4331177473068 327.2669804617763 45.51353036612272 55.69861706346273 871.9855579137802 8.256414026021957 72.41895762085915 166.4943578988314 3.214893400669098 19.60241258889437 2124.72497844696 2663.31898996979 1902.93043705821 4.351608671247959 66.07577545195818 87.70271069556475 583.5328101813793 155.5047984868288 100.7301552668214 16199.82544649392 12993.65946318209 153.849215477705 259.2950572147965 222.9899204596877 744.2089288905263 24.54568476974964 15.5434635579586 1392.209970109165 34.50309497117996 5615.234393820167 4497.518650010228 4091.094716459513 1496.181976385415 122.490990974009 2.950555704534054 34.7325539290905 22.02116329967976 0.2440826818346977 438.4155168160796 177.5161232054234 0.7910562828183174 0.1201563626527786 0.5432477667927742 12.59351331740618 2.383297577500343 3.364723309874535 0.7450780794024467 23.77497443556786 0.3578507378697395 232.5166008621454 2.801832504570484 0 4.24363711476326 427.750510327518 69.96999152749777 986.3182470202446 0 7.480693720281124 19.10901033133268 14.75354152172804 12.52614086121321 231.6642175316811 3882.644959464669 4126.47508495301 5.624724633991718 2.365008346736431 11.3516649082303 79.84762869030237 0.2010814771056175 0.6376344785094261 59.15801145881414 36.07993440330029 250.2734614163637 110.9138619750738 182.8164745420218 58.71580617874861 4.033478662371635 0.1505329459905624 3.169911153614521 0.7005235254764557
9.591188259422779 8100.154197499156 8393.157363817096 51.92903430759907 3.679641880095005 25.57728164643049 674.2066703513265 154.6946376785636 952.0923299267888 70.58088944107294 554.8136060535908 15.36437365412712 3656.642292648554 92.94603618979454 58.87584990262985 4584.917354241014 6083.923383183777 845.2778946533799 1569.690350025892 6.434496834874153 1001.666763730347 3813.595645830035 11288.9436750859 4713.208360485733 2072.971926644444 12993.65946318209 31104.52706693858 2320.179279029369 182.7036530375481 225.2383457347751 1037.575649112463 19.65556539595127 14.74864895641804 1565.644488111138 109.7718706354499 8951.926813691854 3191.991638623178 7055.955296680331 4369.997091509402 380.7274398207664 9.56836199760437 25.16647080332041 47.09303189069033 0.6900611370801926 3678.480749301612 4596.653656154871 14.38959587365389 1.389941945672035 0.8840629532933235 55.45366398245096 12.52610736340284 47.90510687977076 9.437240362167358 48.19395430386066 2.316380396485329 464.3099204823375 13.91170469671488 0.3717649132013321 725.727329723537 612.5608788132668 105.9506535083055 922.6704507470131 7.655324451625347 100.4274021312594 1933.260251998901 2040.466533996165 206.7495758533478 847.122998341918 6083.167820207775 19127.0233803764 69.99611084908247 8.606127485632896 24.15368617326021 140.7624031826854 1.269919469952583 0.807219073176384 148.0829508304596 87.35893715173006 880.3905098438263 247.6484825983644 541.1838539093733 281.6679541245103 29.63458545506001 1.80217333137989 4.251896932721138 4.38919822126627
33.50586223602295 26.29744621366262 303.6532637625933 3311.854294151068 20.23088736832142 1068.244158253074 21232.05943951011 611.8058475255966 989.8170804381371 5141.029384061694 23.31072513759136 990.3310077488422 41.1202793866396 601.5636332780123 144.6658488661051 734.9057137444615 62.52291284501553 4.576688133180141 21.22789178043604 3081.368726141751 1385.361941672862 158.8643156439066 1185.106696367264 4535.46518906951 16.26078414916992 153.849215477705 2320.179279029369 16770.65279132128 2159.843483038247 14338.57483895123 3.307436309754848 10.54438180476427 629.2228423580527 1025.509465925395 109.9795337691903 5329.133199721575 223.3688109889627 2488.594438768923 1601.273338764906 481.8909565657377 60.67198249697685 18.91081494092941 38.25465753674507 13.00520867109299 4.504329971969128 10.94424349069595 501.6759238690138 2.099943198263645 17.44091479480267 217.896699860692 55.15994293987751 641.2698390111327 97.51460480690002 4.2092514783144 160.6004660949111 8.719725146889687 35.93237534165382 2.493791811168194 139.0248276144266 0.7874758169054985 0 0.1312234103679657 357.2428052797914 195.0169624015689 155.7785238325596 51.6755435988307 2839.211653240025 1.5775251314044 2.430795967578888 56.74531038850546 1476.694891437888 166.4808838739991 116.4786926656961 0.4321034550666809 7.046016424894333 21.32854940742254 26.82422456145287 18.66322092711926 437.4894097447395 6.935904785990715 117.4839239791036 25.55962583422661 329.3200465217233 17.4739855825901 11.40691435337067 0.7457781434059143
