2617.072397328913 0.2142504751682281 39.1070543602109 11.30506410449743 0.2533676698803902 21.0458567366004 3742.754579372704 1389.653578970581 3.538382105529308 184.6718470826745 26.86163521558046 9.113484509289265 1.376863390207291 6644.26897957176 0.08842374384403229 0.9441471993923187 199.1050291284919 13.79750826954842 111.1240112222731 26.86784540861845 38.65252452343702 0.2664273604750633 44.08905173093081 89.95541395992041 0.6207771226763725 76.84983400255442 59.50783403217793 104.0067295357585 7085.764053121209 4371.042353823781 0.1721585318446159 5.428864471614361 183.0347895398736 307.6643754169345 4.392515622079372 55.23273407667875 6.594272866845131 153.9298040419817 37.64108358323574 4.982435204088688 3.558033108711243 0.7530992180109024 1.250904031097889 0 0.08671797066926956 0 0.2610316574573517 0 0.4848203137516975 1.700869344174862 0 2.141400694847107 0 0 0.1425541490316391 0 0 0 3.931857496500015 0.1020714342594147 0 0.110910028219223 0.1293297410011292 1.784539900720119 1.625936411321163 0.2254652306437492 7.933615371584892 0 0 0.6198905184864998 9.684570915997028 0.3976912721991539 1.995148196816444 0 0 0 0.1941683292388916 0.5835186764597893 1.687102526426315 0.2660201042890549 0.7106573730707169 0 1.139200896024704 0.1913500055670738 0 0
0.2142504751682281 157.9043199121952 136.6243839114904 0.5406506806612015 0.4492883086204529 0 1.696913734078407 0.8359557241201401 717.4861530736089 0 44.19339244067669 5.114055350422859 456.2039691507816 0.395486518740654 14.42933105677366 103.4673405811191 23.26062568277121 1.366446040570736 7.892571315169334 0.4281925559043884 9.190999157726765 1852.154015868902 9.551488600671291 557.7527618780732 2306.474695436656 316.2047415524721 8565.75214150548 13.16036154329777 0.4419822841882706 0.8147495687007904 35.77667977660894 0 0 11.00357662141323 0.3425402492284775 16.33641092479229 47.296411909163 32.65956941246986 3.124044381082058 8.708720058202744 0 40.82588243484497 0 0 593.5356062427163 172.3946348205209 0 0 0 2.927201762795448 0 0.4389447867870331 0.2937040030956268 9.455438211560249 0.07376620918512344 40.52107691764832 0 0 8.36793926358223 14.90074950456619 7.234345905482769 10.9240363240242 0.2821329534053802 0.6367384791374207 74.2626678943634 4.098832406103611 5.094525091350079 150.4930890873075 279.9832548871636 1962.745738044381 2.565112970769405 0.3605717271566391 1.193459883332253 7.423483930528164 0.08249600231647491 0 2.146816588938236 0 7.576063215732574 35.59042252600193 9.808509655296803 3.279910944402218 0.2488741427659988 0 1.668624177575111 0.1435079574584961
39.1070543602109 136.6243839114904 5874.115598887205 16.37587036937475 0.1327880769968033 24.52132879942656 1088.211228534579 109.4933655709028 7.3305334597826 45.90379233658314 28.58949086070061 1.004716314375401 3.278709627687931 193.1252809539437 0 15.23861625790596 2437.081482380629 60.87927730381489 157.287720605731 2.399260476231575 1589.23782517761 74.39145545661449 11456.5724414289 103.367004096508 1.0385852009058 4348.629199676216 4292.74812220037 403.121956884861 53.84278990328312 626.4937420114875 0.6865618973970413 2.302028849720955 5.347026869654655 578.9199102297425 38.18037810921669 1356.721007689834 5030.09509896487 1667.386145077646 301.159084148705 92.32613261044025 4.667144611477852 5.760876461863518 4.635887801647186 0 90.42758024483919 471.4111017882824 1.251034595072269 0 0.3107857182621956 7.883222244679928 0.565758004784584 0.5471339672803879 0.735854759812355 0.3203126415610313 0 0.7974230125546455 0.2287523224949837 0 18.52878737449646 10.68428339809179 2.665763206779957 4.702070608735085 0 2.271213464438915 134.7970691174269 30.38683883100748 12.45472129434347 3.280076786875725 69.40068333595991 1719.891129516065 12.82737346738577 0.8102452903985977 2.993227876722813 1.001073755323887 0 0 2.168541371822357 8.282621778547764 18.90787225961685 446.9821867197752 3.602847389876842 5.656733430922031 0 0.102078340947628 0 0
11.30506410449743 0.5406506806612015 16.37587036937475 3356.158328101039 0.9580257683992386 31.22556117922068 63.77799798548222 33.50114022195339 487.9217233285308 2381.422857269645 2.244990855455399 313.1918787062168 0.08635025471448898 29.85225327312946 46.19341231882572 1.892083048820496 6.689026564359665 3.083522267639637 5.532146789133549 5563.02175745368 17.16315104067326 1.026707589626312 4.741936028003693 1865.848385535181 0 18.41230799257755 10.52568519860506 3153.256928443909 56.28543320298195 1.544619522988796 0 1.163214400410652 6.428383320569992 21.90798979997635 3.065424613654613 162.2599890083075 14.22037243843079 66.77124297618866 41.51250369101763 95.20040416717529 10.83458075672388 0 3.599932104349136 0.164182260632515 0.4763512760400772 0.1814982295036316 66.49310383200645 0.7673445791006088 12.06744475662708 50.8468017950654 3.708314478397369 96.84341338276863 74.22169541567564 0 93.68425042182207 0 1.136474020779133 9.638869486749172 0.747972346842289 0 0 0 99.54733075201511 0.1173113361001015 0.2659123539924622 0.2214391678571701 207.9274060353637 0 0 0.5978348627686501 116.9215733930469 1.683296076953411 0.4674977362155914 0 0.6019990295171738 0 0.6262960582971573 0.1961621195077896 62.85819752514362 0.1159999221563339 4.184091925621033 2.136348150670528 97.77764964848757 1.919882014393806 0 0
0.2533676698803902 0.4492883086204529 0.1327880769968033 0.9580257683992386 187.155980989337 392.6290078833699 1.688454084098339 314.7700565978885 25.60725599527359 2.9528913423419 38.05008767545223 56.70533949881792 11.35781920701265 5.291246846318245 1283.55875120312 0 0.1872201934456825 2.091652996838093 2.146002598106861 6.803607530891895 0 0.9230629503726959 0.3429499417543411 9.676525287330151 1.329116970300674 1.570927709341049 1.352155029773712 0.550883561372757 32.11187162995338 0.4198682680726051 0.4784320071339607 634.3596358448267 0 525.2335228919983 0.1863671541213989 25.63431678712368 1.055300533771515 73.15153850615025 32.81258125603199 1574.492564894259 189.6076082885265 1.556695029139519 1.899950504302979 0 0 0 0.2010619193315506 0 0 0 0 0.3434924185276031 0 0 0.6313754916191101 0 0 0 0 0 0 0 0.9405125677585602 0 0 0 0.2704911231994629 0 0 0 0.1161539927124977 0 0 0 0 0 0 0 0.8573940247297287 0 0.2423775345087051 0 0 0 0 0
21.0458567366004 0 24.52132879942656 31.22556117922068 392.6290078833699 11722.42103081197 3913.167692527175 8734.549693521112 71.86449667066336 6046.260956518352 131.7637575492263 4210.011176966131 36.21181677281857 1236.611936852336 712.8173309639096 0.7357728257775307 13.11576537042856 17.67105734348297 31.70716757327318 291.594165250659 30.00532640516758 0.2643616497516632 7.957945741713047 96.77070163190365 5.541663497686386 37.61504339426756 12.50848554074764 580.6838472783566 461.9782377704978 26.16260311380029 2.277564831078053 720.2608830705285 4.534516982734203 403.423870459199 4.454465076327324 360.7043727710843 22.71123614162207 364.0637548491359 188.0867403671145 1765.934982195497 239.5992890819907 8.981206066906452 13.6494098380208 0 0.2126484960317612 0 3.106768876314163 0 0.09693559259176254 3.675809741020203 0.389202207326889 4.148356236517429 2.583038851618767 0 6.141495525836945 0 0 1.464205950498581 0.1421536058187485 0 0 0 4.78074573725462 0 0 0.1826797425746918 15.57065116614103 0 0 0.8294777050614357 12.02683179825544 0.5405029281973839 0.3918919265270233 0 0 0 0.8520034998655319 0.09979166835546494 11.79762841761112 0.4435058832168579 0.2085505276918411 0.1445710510015488 8.962941288948059 0.3104986250400543 0.1097260490059853 0
3742.754579372704 1.696913734078407 1088.211228534579 63.77799798548222 1.688454084098339 3913.167692527175 20299.27656694502 3533.076864175498 85.22221218049526 11999.27433305234 57.64579396694899 98.82040270417929 7.763932317495346 7868.708056967705 1.927877217531204 49.0396803021431 358.4840743169188 60.33523286506534 202.351458221674 167.0002490952611 1899.354651890695 8.286697052419186 549.9562538340688 1125.654662325978 1.811153508722782 741.2023062333465 222.9820000007749 10251.81870552152 1925.375881679356 9782.349403645843 1.615260921418667 18.71965103596449 153.2075792998075 546.836416862905 62.06192541122437 1846.291904486716 230.8511313274503 1214.279816709459 651.6619209125638 260.3541943728924 100.650818169117 2.581417083740234 31.59596351534128 0.7260797843337059 1.047332480549812 2.427269741892815 18.74761255085468 0.2591562867164612 6.229940496385098 63.0747379809618 6.127932503819466 44.85125160217285 26.33196767419577 0.2116929590702057 5.430642507970333 0.3589547276496887 2.395658440887928 2.546629212796688 14.67945792526007 0.08358841389417648 0 0 33.15018621087074 2.378096252679825 8.104168944060802 2.127025790512562 172.6233231499791 0 2.984498798847198 22.28029730916023 166.310305967927 5.56018490344286 8.906502291560173 0 0.1118151620030403 0 3.020515657961369 7.469065450131893 37.20297213643789 6.293226078152657 8.576118752360344 2.294785760343075 26.01391918957233 2.277085930109024 0 0
1389.653578970581 0.8359557241201401 109.4933655709028 33.50114022195339 314.7700565978885 8734.549693521112 3533.076864175498 15342.214905072 19.44895479083061 2324.460712395608 149.0402210243046 581.0248926393688 38.30481342226267 11072.78636176512 335.0615119114518 0.5111129209399223 195.4279641658068 36.87773561477661 135.7832304947078 198.8669328354299 102.8152008727193 0.4252163618803024 57.26780287176371 161.6426409855485 4.140506640076637 147.7021634727716 61.82202074676752 211.1707267947495 1588.028659395874 1074.795755006373 2.338238269090652 617.7999199330807 10.77694016322494 482.4209993369877 11.31701926887035 405.2321149781346 31.73440325260162 363.2668162025511 235.2670293077826 949.5592030510306 207.0702385231853 12.62399262189865 16.09368765354156 0.2865581586956978 0 0.6048196628689766 6.055698715150356 0 3.411197692155838 25.60204170644283 2.326385922729969 14.3773882612586 9.994266197085381 0 5.127442955970764 0 0.9083275347948074 0 0.328645184636116 0 0 0 7.614954613149166 0.1927857846021652 0.3320672586560249 0 72.39967335760593 0.1280383169651031 0.3872967138886452 0.8839210346341133 74.47847451269627 1.444505885243416 9.836709909141064 0 0 0.131647065281868 1.061118356883526 0.5862358212471008 16.5860805362463 0.2641644179821014 2.181422352790833 0.6903874054551125 8.997855514287949 1.690010569989681 0.2541328147053719 0.2484584301710129
3.538382105529308 717.4861530736089 7.3305334597826 487.9217233285308 25.60725599527359 71.86449667066336 85.22221218049526 19.44895479083061 828.6112626791 198.6547605320811 2.653987169265747 800.577644340694 17.71244302392006 6.810831233859062 862.1281711906195 120.2797826305032 2.567073628306389 0.4166876301169395 1.771283142268658 596.7501577809453 37.93195699155331 1947.864724934101 38.95904984325171 9657.853607960045 109.5200991109014 24.87734121084213 669.1882603988051 753.3086439967155 27.99497359991074 18.34157903492451 2.411728031933308 0.720005638897419 4.442312404513359 9.20408122241497 2.079517118632793 419.4837991818786 113.6582426726818 27.51511285454035 12.01298135519028 319.6819092333317 7.338079951703548 1.888612784445286 2.628142416477203 1.994699142873287 1.389707781374454 0.4951142892241478 93.69108145684004 0.6736023724079132 14.81874517351389 136.0948072299361 10.39299862831831 122.1066125184298 74.22575838118792 1.091555811464787 25.06247930973768 0.7567682191729546 6.712834343314171 10.69236595928669 218.8025573864579 0.1869274452328682 0.6650581061840057 0.329803854227066 118.5721291452646 61.80756343156099 58.68749897181988 6.337262459099293 1090.726641014218 0.4052732512354851 4.35951029509306 17.41356158256531 592.2979623749852 13.14050883799791 81.16915011405945 0.2612486183643341 0.2317978367209435 0.6569217517971992 10.18153994530439 1.379401490092278 95.58549729734659 5.642494335770607 23.29462035745382 17.27258218079805 38.7220341488719 8.482262991368771 0 0.1242469102144241
184.6718470826745 0 45.90379233658314 2381.422857269645 2.9528913423419 6046.260956518352 11999.27433305234 2324.460712395608 198.6547605320811 24067.9308302477 138.1025256551802 2781.276994667947 18.18468084186316 1325.628377493471 19.80266248434782 2.393856681883335 22.6643750295043 35.94765834882855 91.89281322062016 4808.045694135129 74.35437096655369 0.6309650614857674 20.12310184538364 767.6281268075109 4.382522001862526 86.87411633133888 29.75736321508884 4307.917736373842 1126.394986409694 24.30983428657055 2.772783409804106 43.65194892138243 36.67477309703827 724.1381245031953 17.08789503574371 1032.459370158613 74.53700643777847 1202.903477877378 316.4817521944642 295.1542609855533 124.0751052200794 6.536060623824596 23.95207247138023 0.7788584530353546 0.1255064457654953 0.1069900617003441 99.56344482302666 0 16.36864379048347 95.22387728095055 9.022780731320381 101.7079975008965 75.20863231271505 0.08294203877449036 114.0897363945842 0.07984282821416855 4.255772039294243 8.52154728770256 0.9166668727993965 0 0.1929627433419228 0 108.1578904390335 0.3684872761368752 1.085302121937275 0.3195872008800507 289.4051144048572 0.1170815527439117 0.08091533929109573 0.5541898608207703 198.4408204257488 4.182434778660536 6.551121026277542 0 0.186706617474556 0 1.154488801956177 2.156037658452988 48.84856263548136 0.8407014980912209 4.304153352975845 1.442906737327576 70.81290221214294 1.821734726428986 0 0
26.86163521558046 44.19339244067669 28.58949086070061 2.244990855455399 38.05008767545223 131.7637575492263 57.64579396694899 149.0402210243046 2.653987169265747 138.1025256551802 8372.210942059755 103.855173073709 3973.42137978971 202.3568393327296 14.31718324869871 1.354112960398197 393.0661282017827 3467.587196465582 2576.751453101635 47.34049730747938 17.38996860384941 8.93951827287674 26.26142796128988 18.88389333337545 1215.307071298361 1438.150664143264 811.1521657258272 16.10490868240595 641.0345073193312 32.93814129382372 501.3302521035075 196.0475041642785 4.681050449609756 3752.34530570358 5.666095152497292 469.8965469077229 3111.742106541991 5429.182933341712 890.8043119162321 69.54541660100222 117.4585374966264 1355.541759096086 3.425022013485432 0 17.24955422431231 0.2971405237913132 0 0 0 0.7344435900449753 0.09422701597213745 1.881765693426132 0.1029100194573402 323.8040312677622 0.2100676000118256 1003.787006467581 0 0.1707896888256073 0.7842958644032478 0.06961692124605179 33.26181904226542 1.136159360408783 0 0.514868400990963 2.780851356685162 0.2517230734229088 3.159664742648602 179.2665576860309 94.78700866550207 115.2799931913614 2.571413971483707 0.3011825829744339 0.5480531975626945 72.22321234643459 0.1775843352079391 0 32.25030766427517 1.319891601800919 28.22792065143585 301.153206974268 20.27786257117987 1.800564117729664 0.3268461897969246 0 149.5082205012441 0.2221279814839363
9.113484509289265 5.114055350422859 1.004716314375401 313.1918787062168 56.70533949881792 4210.011176966131 98.82040270417929 581.0248926393688 800.577644340694 2781.276994667947 103.855173073709 8811.084365129471 14.0817466378212 533.3089912869036 1501.57857042551 0 1.645371161401272 21.31312095373869 33.98844272643328 3952.730790622532 1.362892866134644 21.60991688072681 3.183574184775352 311.781957231462 3.327108219265938 18.68854473903775 15.05409425497055 327.2497292757034 349.7120060734451 3.774928383529186 2.351758547127247 45.16502095013857 0.9823640733957291 305.4630993902683 3.971427977085114 921.1738053113222 31.34683961421251 350.1759606450796 92.73418841511011 1446.05575671792 43.25868388265371 5.357483871281147 5.369276322424412 0 0 0.1726397573947906 53.33283390104771 0.3542657345533371 13.08514443784952 19.72339433431625 3.864697977900505 77.0148244574666 50.93100728094578 0.2808970212936401 173.4216707572341 0.08634090423583984 2.213100083172321 20.84116838872433 0 0 0.09748042374849319 0 99.67009737342596 0 0 0 95.3395434692502 0 0.2493055313825607 0.314007580280304 43.82569897919893 0.6829215213656425 1.928470849990845 0 0.6004959717392921 0 0.5209941491484642 0.2874296605587006 87.37295293062925 0.1916148960590363 1.59453222155571 0 177.9219893291593 0.2995758131146431 0.1104706227779388 0.1071861013770103
1.376863390207291 456.2039691507816 3.278709627687931 0.08635025471448898 11.35781920701265 36.21181677281857 7.763932317495346 38.30481342226267 17.71244302392006 18.18468084186316 3973.42137978971 14.0817466378212 4028.286919862032 38.7108918428421 6.60213515162468 3.068549916148186 2.839394561946392 94.09754827618599 14.31230016797781 7.447379052639008 6.190637499094009 52.19924104213715 15.85982932150364 15.05461238324642 4530.059552520514 612.1566924080253 2404.459206998348 2.047352902591228 116.6499877646565 4.738972738385201 853.1425075232983 57.48734448105097 0.4195596128702164 721.4231866747141 27.53019586205482 1254.91464523226 3129.614658370614 3520.007449172437 510.2855373993516 129.5624297335744 370.8793647885323 933.3199188634753 16.06855437159538 0 34.92697582393885 0.8415137305855751 0 0 0 0.1585476398468018 0.6687264367938042 0.7900660708546638 0.07839848101139069 277.9144903048873 0 970.9762144610286 0.1351499557495117 0 0 0 47.6306214556098 2.32334066182375 0 0.5585512518882751 2.683971531689167 0 1.238766387104988 191.6163200363517 126.0973218679428 136.3486301377416 0.1636839359998703 0.2885280698537827 0 70.73496875166893 0 0 22.65977587550879 65.39606907963753 91.62860958278179 310.2063089609146 27.41631399095058 7.655563205480576 11.75647616386414 0 228.0609557330608 0
6644.26897957176 0.395486518740654 193.1252809539437 29.85225327312946 5.291246846318245 1236.611936852336 7868.708056967705 11072.78636176512 6.810831233859062 1325.628377493471 202.3568393327296 533.3089912869036 38.7108918428421 8521.914920646697 70.28416275978088 1.865832395851612 348.1346288211644 50.27789602056146 216.0950394757092 266.0022263638675 178.2213610857725 0.534323014318943 117.9601906165481 135.4179078713059 6.346642345190048 239.2344981692731 91.94030321761966 223.8292283415794 6480.225382003933 2428.950019109994 2.893376611173153 39.96446574851871 27.5604265332222 763.8364977948368 11.79895935207605 397.6400191411376 39.01252848654985 497.6818573661149 221.2365625239909 292.2829861417413 110.6262870356441 11.25915587693453 10.95421800762415 0.1957543790340424 0.3773356974124908 0.1321491897106171 3.416450932621956 0 1.838649466633797 11.9878804013133 0.5188262835144997 7.847963735461235 4.046905100345612 0 0.8870957344770432 0.1310966610908508 0.9414990693330765 0 1.515002615749836 0 0.09258564561605453 0 6.120073840022087 0.1213273927569389 1.005269207060337 0.1753357350826263 31.87897443771362 0.1156642809510231 0 1.008913435041904 39.45619585365057 1.021829791367054 3.237373985350132 0 0 0.08629553765058517 0.8970120772719383 3.324267894029617 10.95577874034643 0.3453112244606018 2.560220949351788 0.7541873976588249 4.960573844611645 0.3417608737945557 0 0
0.08842374384403229 14.42933105677366 0 46.19341231882572 1283.55875120312 712.8173309639096 1.927877217531204 335.0615119114518 862.1281711906195 19.80266248434782 14.31718324869871 1501.57857042551 6.60213515162468 70.28416275978088 547.2291751205921 0.2787782847881317 0.08191290497779846 1.171983785927296 0.9899682849645615 167.2237027585506 0 62.13069203495979 0.3605557158589363 834.6228269487619 4.612973436713219 2.290936768054962 29.39088171720505 22.0649487003684 56.75282588601112 0.4805590361356735 0.1757414788007736 469.4499177932739 0.08926571160554886 46.29712081700563 8.975920110940933 134.6178896278143 1.654238909482956 27.15763533860445 40.69470737874508 1368.463922224939 141.0205640494823 1.376684412360191 0.8031774312257767 0 0.2251301780343056 0.1058016195893288 6.072451509535313 0 0.8049206286668777 2.74187533557415 0 13.86324962228537 4.969716668128967 0 11.67154677212238 0 0 19.90816724300385 0.5917152911424637 0 0 0 14.20394030213356 0 0.1976085305213928 0 15.55818574130535 0 0 0.4963875263929367 7.41229273378849 0 0 0 0.1038256585597992 0 0.08929865807294846 339.5351908057928 15.34636755287647 0 0.1164573356509209 6.089507341384888 29.49310103058815 0 0 0
0.9441471993923187 103.4673405811191 15.23861625790596 1.892083048820496 0 0.7357728257775307 49.0396803021431 0.5111129209399223 120.2797826305032 2.393856681883335 1.354112960398197 0 3.068549916148186 1.865832395851612 0.2787782847881317 2472.14449352771 10.14618126302958 0.8395090997219086 2.281145341694355 0.7735011577606201 3204.614522255957 1683.165464326739 5648.788835898042 1833.981779076159 16.14927729219198 30.73658056557178 4230.02993670851 1137.512195803225 5.874210841953754 27.77339120954275 0.710358053445816 0.1005998700857162 2.867276176810265 53.1418222039938 80.33827909827232 1894.54228528589 1050.23229137063 388.2945144400001 425.9235151708126 199.2080390825868 6.096881568431854 1.829455494880676 18.28000101447105 1.038668535649776 4.300385698676109 12.60895423591137 1.861848950386047 0 0.9267139434814453 27.43393028527498 2.029498353600502 33.17945840954781 3.291609317064285 0.2995136380195618 0.4344479143619537 0.3011842370033264 0.2000097632408142 1.133558228611946 3383.529333144426 2.68626281619072 0.5989116877317429 0.781795397400856 0 516.3807499036193 1418.47434066236 718.3062038049102 304.6552603319287 0.2007678300142288 1.989467293024063 577.2756565958261 293.1102467104793 7.276116833090782 97.0615518912673 0.1076944544911385 0 0.9527424722909927 5.517730489373207 16.91134592890739 355.6128027290106 11.2241228967905 21.21527657657862 19.48079797625542 21.97022588551044 1.48176633566618 0 0.5587446987628937
199.1050291284919 23.26062568277121 2437.081482380629 6.689026564359665 0.1872201934456825 13.11576537042856 358.4840743169188 195.4279641658068 2.567073628306389 22.6643750295043 393.0661282017827 1.645371161401272 2.839394561946392 348.1346288211644 0.08191290497779846 10.14618126302958 1622.949890136719 127.7873957678676 3520.155018404126 1.034985974431038 1188.380150467157 15.80586234480143 3806.869423761964 62.6563848555088 3.905128747224808 4488.706271886826 5326.806962624192 95.01555424183607 301.0059701092541 1230.075002767146 1.38662426918745 1.612328708171844 28.33446469157934 2212.252912841737 12.97793667018414 375.2505615651608 251.9384533241391 979.8136202394962 232.808624021709 17.45762700587511 4.151821330189705 2.582774847745895 1.79125502705574 0 15.88627733290195 9.571342922747135 0 0 0 1.632699713110924 0 0.6173004508018494 0 0 0 0.683915339410305 0.08244119584560394 0 4.215028218924999 1.190137334167957 0.9352999851107597 0.6551847234368324 0 0.7046665698289871 3.576015837490559 0.197431705892086 1.734194621443748 2.846028782427311 12.65758460760117 45.81835771352053 2.881943598389626 0 1.65085643529892 0.1688548400998116 0 0 0 2.821657180786133 4.192850679159164 7.741759456694126 0.7599037140607834 0.9550241827964783 0 0 0.09340761601924896 0
13.79750826954842 1.366446040570736 60.87927730381489 3.083522267639637 2.091652996838093 17.67105734348297 60.33523286506534 36.87773561477661 0.4166876301169395 35.94765834882855 3467.587196465582 21.31312095373869 94.09754827618599 50.27789602056146 1.171983785927296 0.8395090997219086 127.7873957678676 329.1644468158484 1500.729341037571 11.36047207564116 30.51676417142153 0.306767500936985 76.00976532697678 8.909476183354855 9.674618609249592 2707.910878024995 205.6531989648938 15.3059309720993 79.13725373148918 24.49195251613855 53.73093254864216 12.03536999225616 2.676763169467449 580.3199859187007 5.113980248570442 368.4294888228178 813.3673056736588 1356.277230910957 359.950627066195 13.28011267632246 5.494179733097553 21.74902438372374 1.471269190311432 0 3.012319497764111 0.1671542823314667 0 0 0 0 0 0.3893761187791824 0 6.613341435790062 0.2435942143201828 19.2783415094018 0.06789753586053848 0 0.3406317532062531 0.2312134131789207 6.263248972594738 0 0 0 0 0 0.2831687033176422 18.8087423145771 24.84265148639679 23.42114925384521 0.2903313413262367 0 0 3.416790932416916 0 0 0.2558522820472717 1.182234913110733 18.29126112908125 8.084880210459232 0.7057251706719398 0 0.3209554851055145 0 0.9801320433616638 0.0933653935790062
111.1240112222731 7.892571315169334 157.287720605731 5.532146789133549 2.146002598106861 31.70716757327318 202.351458221674 135.7832304947078 1.771283142268658 91.89281322062016 2576.751453101635 33.98844272643328 14.31230016797781 216.0950394757092 0.9899682849645615 2.281145341694355 3520.155018404126 1500.729341037571 1649.475854963064 23.41560292989016 183.0599278435111 1.980610653758049 327.0733894854784 27.0896840468049 10.55209065228701 2666.186822302639 1211.820189841092 39.20758295804262 284.5642437338829 241.2168127894402 5.320875383913517 13.94255355373025 19.59365722537041 3731.65415546298 7.423224225640297 826.5501906499267 836.7594227045774 2817.329659778625 635.7366147041321 29.07612565159798 3.811840042471886 7.012660071253777 3.945935800671577 0 6.5415428429842 0.7181811779737473 0.3589710593223572 0 0 0.6832342445850372 0 0.4112939462065697 0 0.6354878172278404 0.09758375585079193 4.522752605378628 0 0 0.970132865011692 0.1952546685934067 5.253687657415867 0.1220832094550133 0 0.684040792286396 0.1849890723824501 0.104042649269104 2.052786208689213 13.3501168191433 40.94056964665651 44.6686762496829 1.604738302528858 0 0.09775155037641525 1.231087528169155 0 0 0.4975324273109436 1.020163744688034 27.96988295018673 1.129856631159782 0.2913695722818375 0.5318776220083237 0 0 0 0.3198781162500381
26.86784540861845 0.4281925559043884 2.399260476231575 5563.02175745368 6.803607530891895 291.594165250659 167.0002490952611 198.8669328354299 596.7501577809453 4808.045694135129 47.34049730747938 3952.730790622532 7.447379052639008 266.0022263638675 167.2237027585506 0.7735011577606201 1.034985974431038 11.36047207564116 23.41560292989016 1068.866607695818 3.433334313333035 0.8343179374933243 2.094673365354538 595.2663359194994 0.5552477389574051 17.70204480737448 4.800994887948036 2206.581077829003 280.1857087984681 3.002817042171955 0.8576694056391716 17.5710776001215 6.019793108105659 237.7584181725979 4.988661251962185 431.6187502294779 16.33958583325148 410.6499542668462 103.4379310011864 349.7467223256826 42.03554430603981 2.037303350865841 11.36113020777702 0 0 0 105.9937457814813 0.3940806686878204 11.67315124720335 74.31595028191805 6.348304823040962 119.6093927696347 79.02307454496622 0 99.18591728806496 0 2.96365212649107 16.06303435564041 0.1400970965623856 0 0 0 133.6797567680478 0 0.1677593290805817 0.2636215165257454 259.8669974207878 0.08679461479187012 0.1149417832493782 0.9061742126941681 154.6157841086388 1.643935173749924 1.355934903025627 0 0.1598925292491913 0 1.411844857037067 0 61.98919247835875 0.8866334706544876 1.855504728853703 1.149642311036587 124.6396902874112 0.3162837326526642 0.08643562346696854 0
38.65252452343702 9.190999157726765 1589.23782517761 17.16315104067326 0 30.00532640516758 1899.354651890695 102.8152008727193 37.93195699155331 74.35437096655369 17.38996860384941 1.362892866134644 6.190637499094009 178.2213610857725 0 3204.614522255957 1188.380150467157 30.51676417142153 183.0599278435111 3.433334313333035 13681.95935409516 149.1534945145249 14498.3247628063 289.6831721737981 2.213913902640343 485.2588055804372 830.998757712543 4047.252295911312 68.18427259474993 9042.622352622449 0.1570686921477318 1.926396243274212 12.5725993514061 1572.452476046979 359.3178787380457 4630.466791383922 715.0392931029201 3785.010468661785 1966.129875294864 534.3374708518386 10.65240480750799 5.249186486005783 46.48797915875912 0 1.288991868495941 1.9858024045825 0.8728920519351959 0 0.8430010974407196 12.73230881989002 0.1979152113199234 10.83453876525164 1.103553749620914 0.09535366296768188 0.2809325754642487 0 1.387178510427475 0.1389494091272354 320.4835105016828 0.1186779588460922 0 0.09453511983156204 0 157.3321044892073 92.85938952118158 33.89849407970905 122.0154718980193 0.2409848421812057 3.358783647418022 36.82693072408438 106.4691883698106 3.763607203960419 36.46416551619768 0 0 0.648027777671814 3.821370922029018 64.301264539361 119.2573672086 7.274102382361889 8.387897707521915 9.551570802927017 7.918166816234589 0.9886960834264755 0 0
0.2664273604750633 1852.154015868902 74.39145545661449 1.026707589626312 0.9230629503726959 0.2643616497516632 8.286697052419186 0.4252163618803024 1947.864724934101 0.6309650614857674 8.93951827287674 21.60991688072681 52.19924104213715 0.534323014318943 62.13069203495979 1683.165464326739 15.80586234480143 0.306767500936985 1.980610653758049 0.8343179374933243 149.1534945145249 1230.431542865932 400.984008140862 5351.226147010922 390.5062095522881 51.61383231729269 4806.190993569791 121.7368886694312 2.219073012471199 12.67760998010635 10.77583010494709 0 0.4533552974462509 7.400548458099365 1.267958708107471 27.32508283853531 32.91726487874985 32.71148941665888 6.08975426107645 40.89692004024982 0 3.061066918075085 0.115853063762188 0 11.974245429039 60.39419254660606 0 0 0 6.700468748807907 0.1891114413738251 7.73428899794817 1.024835556745529 2.066959396004677 0.6413860321044922 3.437569811940193 0 0.6489982753992081 1357.482277475297 3.275137417018414 1.058550968766212 0.552858404815197 0 121.8849462047219 879.3689867183566 304.3822656199336 74.40785992145538 2.501977995038033 12.96512166410685 1049.544052943587 37.18552748858929 0.5815006494522095 7.365707702934742 0.6332687512040138 0 0.4427231401205063 2.080355979502201 0.4480972588062286 51.65546590089798 15.8431123867631 6.320735014975071 5.487712323665619 4.049819588661194 0.6486183702945709 0.4260135442018509 0.3144670426845551
44.08905173093081 9.551488600671291 11456.5724414289 4.741936028003693 0.3429499417543411 7.957945741713047 549.9562538340688 57.26780287176371 38.95904984325171 20.12310184538364 26.26142796128988 3.183574184775352 15.85982932150364 117.9601906165481 0.3605557158589363 5648.788835898042 3806.869423761964 76.00976532697678 327.0733894854784 2.094673365354538 14498.3247628063 400.984008140862 14361.52285195887 702.7387705370784 0.6778799593448639 2162.954062618315 9009.218248300254 3713.364547647536 63.61524932086468 2970.467084623873 0.6577923074364662 3.481403321027756 13.29832834005356 2271.314995236695 491.0853797644377 8262.176091954112 7187.574269153178 6966.757722422481 5040.799692332745 1108.257577337325 39.38091117888689 10.23987603187561 86.49864914268255 0.1552067995071411 11.95536568015814 83.79357948899269 1.559237256646156 0 0.4542543813586235 12.27821199595928 0 6.20404002815485 0.7328384071588516 0 0 0.5313281640410423 0.9378673285245895 0.158731684088707 1340.46170553565 3.245857797563076 0 0.8467576280236244 0 100.6164314299822 997.5732735395432 379.388125769794 54.64000573009253 1.234250098466873 9.132097005844116 1046.816518552601 54.22999253123999 0.5400797575712204 13.38335566967726 0.2097052410244942 0 0.2228837013244629 1.52343986928463 157.5566619709134 215.2557652369142 36.53636910766363 12.1647739559412 22.29912050068378 8.319974690675735 0.5038624554872513 1.875906974077225 0.2362340986728668
89.95541395992041 557.7527618780732 103.367004096508 1865.848385535181 9.676525287330151 96.77070163190365 1125.654662325978 161.6426409855485 9657.853607960045 767.6281268075109 18.88389333337545 311.781957231462 15.05461238324642 135.4179078713059 834.6228269487619 1833.981779076159 62.6563848555088 8.909476183354855 27.0896840468049 595.2663359194994 289.6831721737981 5351.226147010922 702.7387705370784 11776.6265969649 97.14096623659134 174.1572489142418 2894.129149846733 11259.33129214495 594.9973297119141 39.51547522842884 3.091935977339745 5.436183571815491 150.8087694421411 353.5953577160835 81.47012864053249 2267.54330740869 183.0956091061234 840.4589263275266 504.1175359934568 614.5985216721892 67.62334775924683 0.7926293909549713 36.37154796719551 6.066529341042042 7.024566605687141 9.827216185629368 270.8505318462849 1.351015649735928 64.92919240146875 542.9060377702117 41.58020880073309 925.0816311836243 296.2545791268349 2.349107950925827 83.54955676943064 5.060717366635799 23.49744404107332 17.52497751265764 290.8964396938682 1.187288202345371 0.8814702033996582 0.2893980517983437 378.1755358502269 104.8487135693431 156.8402477875352 23.58716578781605 2332.637425117195 0.4723592773079872 6.772214114665985 99.87532014399767 2083.807939022779 55.38225715607405 278.0938430055976 0.5797834172844887 0.9549641087651253 4.143647842109203 34.967279702425 10.8064327314496 352.9289727434516 14.78973069787025 90.62629616260529 49.84960084408522 292.9187838435173 28.02590062469244 0.08583514392375946 1.934956252574921
0.6207771226763725 2306.474695436656 1.0385852009058 0 1.329116970300674 5.541663497686386 1.811153508722782 4.140506640076637 109.5200991109014 4.382522001862526 1215.307071298361 3.327108219265938 4530.059552520514 6.346642345190048 4.612973436713219 16.14927729219198 3.905128747224808 9.674618609249592 10.55209065228701 0.5552477389574051 2.213913902640343 390.5062095522881 0.6778799593448639 97.14096623659134 649.0458856672049 514.2796290144324 6754.508868992329 2.890949286520481 17.0762677192688 0.8023065030574799 644.1482824832201 5.775108113884926 0.203439012169838 253.6804517135024 0.7614312171936035 36.75301809608936 165.480844669044 780.0781964287162 107.1151776015759 6.774440631270409 23.43741369992495 159.0320458710194 0.2531039118766785 0.08520036935806274 90.16897873580456 1.60390917211771 0 0 0.08421977609395981 0.1784145310521126 0.5721963569521904 1.716851234436035 0 296.3229969441891 0.07903426885604858 2021.233172334731 0.1018870621919632 0 0.1616910845041275 1.043562613427639 89.6022457703948 2.226208753883839 0 0.286151610314846 11.40220580250025 0.09159590303897858 1.006598904728889 590.2187957391143 362.8349153399467 444.7098964527249 0.2885669693350792 0.1789842993021011 0 125.8666249588132 0 0 85.71458768099546 0.7785309553146362 2.930289521813393 76.50148726254702 67.45708107203245 3.48899795114994 0 4.970804452896118 241.6608770191669 0
76.84983400255442 316.2047415524721 4348.629199676216 18.41230799257755 1.570927709341049 37.61504339426756 741.2023062333465 147.7021634727716 24.87734121084213 86.87411633133888 1438.150664143264 18.68854473903775 612.1566924080253 239.2344981692731 2.290936768054962 30.73658056557178 4488.706271886826 2707.910878024995 2666.186822302639 17.70204480737448 485.2588055804372 51.61383231729269 2162.954062618315 174.1572489142418 514.2796290144324 24829.37553471327 11355.54987329245 220.6143067255616 189.5674091801047 240.9560110643506 292.3630748689175 11.50179567933083 19.6533930003643 1057.114699646831 27.24944795668125 2648.960592277348 8224.661135114729 3438.878847926855 833.3318272233009 60.40801192075014 7.046492144465446 102.5011800378561 7.214219853281975 0.4355676621198654 919.1719493865967 149.9498701766133 0.1123687103390694 0 0.1162567436695099 7.794768244028091 0.5626430958509445 1.5680241137743 0 180.2664947360754 0.07571963965892792 652.7133650481701 0.4626907929778099 0 7.684469863772392 42.23483516275883 189.1783817857504 49.31400893628597 0 3.108225166797638 16.33226569741964 7.238691106438637 10.21157463639975 964.833288744092 1682.162852816284 2588.361334457994 8.698612399399281 0.964532159268856 5.904711544513702 129.5499479919672 0 0 7.92690471559763 7.486866980791092 82.58608056604862 465.4465617015958 30.40944197028875 8.696940407156944 0.2226188853383064 0.6597786545753479 5.635267578065395 0.2087091282010078
59.50783403217793 8565.75214150548 4292.74812220037 10.52568519860506 1.352155029773712 12.50848554074764 222.9820000007749 61.82202074676752 669.1882603988051 29.75736321508884 811.1521657258272 15.05409425497055 2404.459206998348 91.94030321761966 29.39088171720505 4230.02993670851 5326.806962624192 205.6531989648938 1211.820189841092 4.800994887948036 830.998757712543 4806.190993569791 9009.218248300254 2894.129149846733 6754.508868992329 11355.54987329245 30748.75233885646 1017.793842643499 155.7207818627357 107.9187839776278 1416.568893879652 6.639431528747082 15.80179869383574 2087.725071907043 136.5900203734636 4690.174155727029 5502.447351299226 5795.908122166991 1521.488455332816 329.8547541499138 15.52778221666813 50.30443101376295 20.55085143446922 0.8196183741092682 2646.089045390487 1624.169304281473 0.4531132131814957 0.07412780821323395 0.9195434898138046 35.59479057043791 1.980503924190998 4.878169596195221 1.501063108444214 236.5430023446679 0.09024842083454132 776.4095545858145 2.794260084629059 0 493.9030849039555 126.417242333293 422.169004894793 88.3623139411211 0.1486432105302811 20.30892270803452 1559.558645151556 300.964925609529 45.16400467604399 1355.502340607345 3226.751582317054 11350.23358105123 32.79450279474258 2.378640189766884 16.87254270166159 208.3857247903943 0.1830368191003799 0.1839953809976578 18.2736723870039 29.83715637773275 134.0342322513461 1671.344542406499 92.85439936071634 27.90220232307911 4.017707206308842 0.2864942997694016 8.42091279476881 0.6543985232710838
104.0067295357585 13.16036154329777 403.121956884861 3153.256928443909 0.550883561372757 580.6838472783566 10251.81870552152 211.1707267947495 753.3086439967155 4307.917736373842 16.10490868240595 327.2497292757034 2.047352902591228 223.8292283415794 22.0649487003684 1137.512195803225 95.01555424183607 15.3059309720993 39.20758295804262 2206.581077829003 4047.252295911312 121.7368886694312 3713.364547647536 11259.33129214495 2.890949286520481 220.6143067255616 1017.793842643499 18277.97652502358 594.1248414218426 2656.254834219813 0.3636916950345039 5.569797001779079 166.1178483739495 631.9386079385877 171.7103761807084 3394.344967767596 211.2296813130379 1501.761320561171 882.2928265556693 347.9457334280014 64.40010322630405 1.889716312289238 42.0683281570673 2.414743669331074 2.134541742503643 4.365281626582146 100.225236736238 0.5686182305216789 29.78746012598276 300.7404904738069 24.0450589209795 304.0973604694009 108.5599338263273 0.4590286612510681 120.1735117956996 0 16.53320989757776 8.159758470952511 251.6119057908654 0.5838305130600929 0.41263647377491 0 136.4944931715727 108.1961395293474 105.0568510219455 18.45824215561152 1105.195707671344 0.4927214533090591 2.242246761918068 53.37446746975183 1194.901827849448 31.97208885103464 198.9487667605281 0.07734077423810959 0.7861276715993881 3.280778840184212 22.16467189788818 19.92424337565899 223.6999150663614 7.990579202771187 45.40933385491371 31.68630782514811 132.227174565196 19.62404847890139 0.7281748801469803 1.116585627198219
7085.764053121209 0.4419822841882706 53.84278990328312 56.28543320298195 32.11187162995338 461.9782377704978 1925.375881679356 1588.028659395874 27.99497359991074 1126.394986409694 641.0345073193312 349.7120060734451 116.6499877646565 6480.225382003933 56.75282588601112 5.874210841953754 301.0059701092541 79.13725373148918 284.5642437338829 280.1857087984681 68.18427259474993 2.219073012471199 63.61524932086468 594.9973297119141 17.0762677192688 189.5674091801047 155.7207818627357 594.1248414218426 16441.34160961211 5022.657162822783 7.542555838823318 664.4589643478394 3122.951002441347 4529.481072075665 29.36366959661245 874.3823011368513 73.1258669346571 2131.062241163105 713.6221720501781 402.7692107185721 485.3679753467441 30.40733829140663 25.03784468770027 0.5356511920690536 0.4226422980427742 0.2726767286658287 2.218652904033661 0 0.4507535025477409 11.16073427349329 0.3029298037290573 12.61461226642132 2.347352236509323 0.4937214255332947 0.9204322025179863 0.1671493351459503 0.5441858246922493 0.3621059358119965 24.37095414102077 0.2231812179088593 0 0 1.119660377502441 10.254075974226 6.740821003913879 0.6574013084173203 55.55801419168711 0.4065644443035126 0.3226246535778046 2.143802464008331 65.64175470918417 1.31038311123848 9.095712304115295 0.1590165197849274 0 0.905431404709816 0.9151521176099777 4.924736693501472 26.05844872444868 1.080741040408611 3.26728593558073 1.759309373795986 2.398332394659519 1.691947117447853 0.2959562987089157 0.4725462198257446
