1253.02464620769 0.1195305585861206 47.94936267286539 93.58505404740572 2.507542006671429 35.38255505263805 1895.909379728138 482.9185112416744 4.146133847534657 291.8035599291325 6.433864548802376 5.03878477960825 0.579499863088131 8143.534666903317 0.4575157761573792 2.177076011896133 263.8398085385561 9.137729473412037 35.40297593176365 35.90051933377981 63.61505674570799 0.5476767867803574 141.1739590838552 189.7609614059329 1.073508881032467 119.2017778307199 49.86868420988321 498.2000893875957 3305.865161754191 2404.847840830684 0 2.68632534891367 118.0503219217062 100.0741502121091 2.130205318331718 44.24974639713764 12.16297191381454 54.84031699597836 9.986458629369736 4.330183237791061 2.066282697021961 0 0.1568045169115067 0.8479757905006409 0.2821178287267685 0.3848450556397438 1.101806715130806 0 0.2133938372135162 9.579049028456211 1.150126628577709 5.004790544509888 1.310887835919857 0.3130503594875336 0 0.1296820789575577 4.43433503061533 0 0.8730844706296921 0.3754512965679169 0.1810459867119789 0.1312874406576157 0.1430626511573792 0.4564213082194328 0.2400703802704811 0.3257322609424591 22.88826370984316 0.1392268389463425 1.011522971093655 1.849255196750164 35.47516649961472 3.733419366180897 3.565557047724724 0 0.1588782072067261 0.5265336036682129 1.050028689205647 0.6949390769004822 9.788806512951851 0.6219221949577332 4.611880168318748 1.861302733421326 0.6271720305085182 0.5128979310393333 0 0.3363751024007797
0.1195305585861206 184.4639951139688 9.059434071183205 0 0.8741408437490463 1.664002053439617 0.8355268239974976 2.40943543612957 385.3239360824227 2.551843598484993 224.2340235933661 2.905928306281567 1856.683061249554 4.532429806888103 7.094737410545349 34.232611104846 24.96967331320047 33.16667591035366 86.17529173195362 0 1.357992567121983 2017.878558531404 2.890163816511631 825.3303496912122 1369.918622262776 941.360024087131 2868.285403102636 7.059660740196705 9.411551780998707 0.8247900605201721 78.69669552892447 1.87743929028511 0 109.1999296918511 0.3267330229282379 77.90039225667715 123.4209506586194 240.1627387553453 89.01526404172182 15.88933052867651 0.3627243041992188 72.72960539907217 0.4194728285074234 0.3101094961166382 49.77798786759377 40.15758222341537 0 0 0 1.374090000987053 0.1228857487440109 0 0.3647222965955734 10.96841152012348 0 24.72890884429216 0.9582454711198807 0 1.688110202550888 6.931648537516594 1.758551806211472 22.31124883145094 0 0.2475376278162003 3.822285681962967 2.971972480416298 1.271606683731079 19.24687048792839 177.6301900371909 524.3661568462849 0.7852622270584106 0.3613548427820206 1.095583461225033 6.32292452454567 0 0.1336002945899963 8.333849847316742 0 15.47029763460159 17.22925408184528 24.77013029158115 7.746746882796288 0.3195745944976807 0 0.9675147831439972 0
47.94936267286539 9.059434071183205 5283.377472154796 131.0124187096953 1.75938867777586 424.3899204209447 2456.383383139968 1671.476070769131 18.19913347810507 683.459273993969 25.05636911839247 6.468493141233921 6.826942272484303 693.4284889027476 2.376402959227562 23.64536502957344 3706.5646693483 21.19531533867121 109.6673537939787 6.434893287718296 1227.159274727106 19.84239559620619 15124.53838650882 620.2030491456389 2.028203047811985 13937.51500371844 3924.050646573305 2022.263134039938 159.6816354170442 629.4387348666787 7.028217360377312 1.854053050279617 14.36135892570019 790.2922273948789 19.63099614530802 1565.695901826024 5033.756697840989 1659.476345196366 585.0561871007085 72.38322354108095 6.697547063231468 10.17018739879131 14.72236970812082 7.462181411683559 304.6143570244312 1835.648498475552 0.5204206705093384 0 3.294460415840149 59.08697634190321 13.23310139030218 2.850965484976768 11.98883704096079 0.9635568559169769 0.3178666010499001 0.374205157160759 20.68283551186323 0 25.08428529649973 57.82894173264503 1.005237109959126 11.51553968340158 0 14.8461085408926 10.23811792582273 133.2359617948532 45.43626786023378 0.7098293304443359 225.4903831779957 2619.753182128072 78.25729569792747 11.83218351006508 32.60424289107323 0.1431609839200974 0 1.571807995438576 28.71882873773575 4.841331720352173 101.5027417466044 34.64358985424042 118.953126847744 30.29237864911556 4.078060336410999 2.182969249784946 0 1.751395091414452
93.58505404740572 0 131.0124187096953 2786.90862518549 10.56512197107077 311.7565933763981 198.6534686461091 195.9366087988019 2400.486584708095 2830.912760309875 10.45695602148771 7116.971018172801 1.770146355032921 169.343895316124 173.0607834011316 0.7708466574549675 8.913789242506027 7.676141865551472 5.908567167818546 6617.00675649941 16.56705468893051 1.325164712965488 28.49929546564817 2805.825454652309 1.110654197633266 52.10360566526651 7.898059047758579 2307.30119985342 374.1044886484742 20.45992836356163 0.5459409281611443 5.993302442133427 2.784221343696117 69.76917356997728 4.030710026621819 217.0840645879507 17.68604362010956 287.1925177127123 84.90362604707479 482.3317803889513 22.72399782389402 0.1454100608825684 4.275760278105736 2.687565766274929 0.09196428209543228 2.701554767787457 236.9150936901569 0 16.30306010693312 344.8759362399578 4.667093567550182 504.7149450108409 272.6526169776917 0.7685492336750031 72.9327871799469 7.529884420335293 9.464864753186703 3.950588643550873 0 0.9043159931898117 0.3857730105519295 0.1047396957874298 109.0435050502419 0 0.4007900506258011 1.179441750049591 471.3787575811148 0 0.7418088167905807 3.852915316820145 478.3431290909648 13.24582184106112 2.15044467151165 0.3195728361606598 0 0.207913264632225 2.698570355772972 1.01826973259449 17.57110217958689 0.8790037259459496 29.47523939609528 14.22026755660772 10.09549608081579 4.969351597130299 0.8886829912662506 0.6098357886075974
2.507542006671429 0.8741408437490463 1.75938867777586 10.56512197107077 159.0328982397914 628.0726998075843 7.498884953558445 600.2689747437835 137.4250956475735 29.92711088806391 121.9806630089879 72.54613737761974 19.36052143573761 56.37511229515076 1118.306805349886 0.1907729655504227 2.913862839341164 28.52450832724571 11.2446626201272 8.067189589142799 0.8269219323992729 0.7594616189599037 2.273440524935722 40.32470266520977 3.3879384547472 30.84007842093706 8.618717730045319 16.22478596121073 227.3895569592714 4.165159843862057 1.893003575503826 53.1421884894371 1.323825158178806 1533.301986835897 0.8152780532836914 54.22663097083569 19.2789805456996 493.6793718785048 110.3412278741598 1568.546689741313 601.4530030488968 8.181121915578842 1.835760191082954 0 0.5942208766937256 0 1.793241530656815 0 0 2.386013381183147 0.1124460846185684 7.761356227099895 2.876989006996155 1.548453710973263 0.4411367774009705 2.946705400943756 0.1231271773576736 0 0 0 0.8324640914797783 0.3035932779312134 0.3541035652160645 0 0 0 1.571138828992844 1.276214048266411 2.372054606676102 2.282470464706421 1.892629139125347 0.1046065613627434 0.1246910840272903 0.7216084897518158 0 0.1892095059156418 0 0 2.452696822583675 0.3916757106781006 0.6736185103654861 0.7830112501978874 0 0 0.6148134917020798 0
35.38255505263805 1.664002053439617 424.3899204209447 311.7565933763981 628.0726998075843 14031.00302156061 2191.715797804296 9451.511695683002 530.9038745090365 13268.78685475141 162.5197008922696 6207.581288941205 26.51527702063322 1062.265924014151 2526.432617001235 0.4566159099340439 89.31645545363426 92.97832291573286 52.84177090972662 890.274564884603 72.60003262013197 1.53390696644783 141.5431437194347 107.4811124801636 12.01809127628803 283.7115054577589 63.60217015445232 1108.57529783994 668.8798953965306 154.7874775752425 2.376976870000362 191.5123977288604 2.465107016265392 677.132136002183 6.300384029746056 366.6687791347504 69.70402362942696 949.6687015965581 202.7114328667521 2765.197735078633 504.0138047412038 8.591436736285686 8.510606065392494 0.1947743818163872 0.7122573927044868 1.973810113966465 35.33513866364956 0 5.729696959257126 51.5900506824255 1.602444425225258 77.68306129425764 32.19805347174406 1.429841078817844 14.14045599102974 5.802846662700176 1.336760304868221 2.799592733383179 0 0 2.556029096245766 0.3208819627761841 18.32051129639149 0 0 0.1881185919046402 33.22254480421543 3.006696760654449 8.544526986777782 10.59413158148527 39.40549056231976 1.473035603761673 0.3294916823506355 1.586182869970798 0 0 0.1766104996204376 0.5212036371231079 3.469985023140907 2.071940384805202 1.888374023139477 2.472822763025761 5.067204706370831 2.098566800355911 0.3080593049526215 0
1895.909379728138 0.8355268239974976 2456.383383139968 198.6534686461091 7.498884953558445 2191.715797804296 17429.23391467333 5228.356512583792 95.92665378004313 10255.25481367111 24.26271161437035 46.33265134692192 5.708789393305779 9424.078715436161 10.26704409718513 3.540257543325424 539.1657622531056 23.80064357817173 30.30584439635277 41.04099441319704 839.9341898486018 1.487058214843273 1661.775368355215 1835.528750382364 2.601920031011105 607.7536063864827 160.8039445951581 18524.5369445011 1513.389131002128 9513.031874626875 0.9018888771533966 12.9253184646368 29.1538410410285 211.2564665675163 16.53463692218065 854.3800356090069 84.52614502608776 827.6434249132872 275.2144610509276 275.1704573631287 73.62838000804186 2.248339489102364 15.2747917547822 14.1489068493247 0.8328038677573204 12.16074196994305 38.04114180058241 0 6.420006804168224 319.3307356014848 22.56798106431961 73.83622312545776 64.04660929739475 1.108515202999115 7.185691393911839 5.131854496896267 63.61188067495823 0.6588563323020935 2.939987733960152 1.497262500226498 0.2588284835219383 0.6817165389657021 12.86680509150028 1.007050685584545 1.042122192680836 3.790475480258465 332.6146836951375 0.332135446369648 8.079247176647186 18.36043109744787 766.155812419951 47.17542868107557 36.68733474612236 1.016829647123814 0.4961675256490707 3.868479989469051 9.19928952306509 9.080654039978981 205.6447546258569 1.970156691968441 94.47569206357002 52.93648386746645 39.75708190351725 32.7697382196784 0.2763357162475586 5.748406410217285
482.9185112416744 2.40943543612957 1671.476070769131 195.9366087988019 600.2689747437835 9451.511695683002 5228.356512583792 13716.84592409432 40.60564690828323 5391.325392432511 213.1384453102946 598.8587084785104 46.46293476969004 9251.692121572793 1281.655791506171 3.196158669888973 1414.795192167163 102.2711677923799 136.5489191114902 190.5073139071465 239.9453130885959 0.9045405238866806 880.998167924583 374.8102591633797 7.901738487184048 1568.080137491226 481.4528031945229 1130.36442039907 3411.966967381537 2143.958357900381 5.956726856529713 608.5220847427845 13.97665967047215 935.4688552096486 13.35801710188389 414.1168344244361 123.6594490930438 866.0014101713896 292.216289639473 1542.299101777375 594.4245295375586 21.09122948348522 16.92430877685547 3.246534258127213 2.147687636315823 3.54230523109436 3.837405763566494 0 0.3415798246860504 43.99875222146511 2.697613477706909 14.08180353790522 8.097667820751667 2.182921886444092 1.492316298186779 7.53031051158905 8.472867093980312 0 1.305002957582474 0.3538017719984055 1.676791355013847 0.8079299032688141 1.217744074761868 1.049779549241066 0 0.8040442243218422 58.77151709794998 2.70363212376833 10.48582641780376 13.83060589432716 113.6593476906419 8.66773746907711 10.43754814565182 0.9039044976234436 0 0.3810272514820099 1.051284223794937 0.5323911011219025 18.37513125687838 4.103446811437607 8.017172038555145 5.98598899692297 1.359115906059742 2.496411897242069 2.575890108942986 1.348802670836449
4.146133847534657 385.3239360824227 18.19913347810507 2400.486584708095 137.4250956475735 530.9038745090365 95.92665378004313 40.60564690828323 1645.321536049247 674.2528362572193 16.50744303315878 1234.707157865167 208.6027257218957 23.24015741050243 1458.711068660021 21.59743295609951 49.94957188516855 3.781220555305481 20.06745626032352 806.4093090519309 24.56513059139252 2509.268710143864 6.355734504759312 8235.282749734819 140.0336090698838 184.9842883870006 799.1712087914348 1320.24472220242 83.80123429000378 79.6410129442811 15.74408710002899 1.350250937044621 11.37355709075928 50.83092305809259 2.688453897833824 155.2882577031851 40.72575457394123 109.1699547618628 30.12051266431808 1286.225618161261 9.50330837816 3.301386505365372 0.4410856068134308 30.02115701138973 6.825965754687786 10.69568044692278 304.5228367075324 0 24.80448365211487 375.6451962739229 19.78047701716423 63.6185120344162 235.8090346902609 1.82127932459116 123.1544085592031 3.067736528813839 64.87411593645811 9.751148596405983 109.4675262495875 0.3886762112379074 0.873470164835453 1.21590343862772 146.6854030042887 33.6062984764576 10.15057449042797 3.084050141274929 1497.758255407214 1.534249506890774 9.778503015637398 21.56446309387684 961.9131779000163 91.0227342620492 127.7049980759621 0.7157678827643394 0.4106072783470154 8.707269378006458 12.71957144886255 10.19733053445816 163.7354401871562 4.719239503145218 62.18258580565453 37.46342323720455 28.44847970455885 11.67949079722166 0 3.109825745224953
291.8035599291325 2.551843598484993 683.459273993969 2830.912760309875 29.92711088806391 13268.78685475141 10255.25481367111 5391.325392432511 674.2528362572193 43323.98685353249 102.0006499662995 4732.488441430032 14.89232110977173 2594.289078019559 78.11713314801455 0.8638020530343056 91.27093133330345 94.18728796392679 65.59889877587557 3767.535359360278 161.9148182421923 0.9958784878253937 263.0950700044632 839.2144778743386 11.51018948853016 303.5535884872079 77.39912711828947 10667.50844418257 1456.323003076017 322.3074904456735 2.70857347548008 43.91804143041372 3.744264774024487 462.1976207941771 16.39822591841221 1384.680944509804 119.2159338966012 1790.800607740879 360.7401949465275 670.8235071524978 198.1237253770232 6.818108141422272 34.13136957585812 3.999892145395279 1.423121735453606 4.9317826628685 270.2196517512202 0 29.0275641232729 630.5659223198891 5.832737505435944 367.9095141515136 352.7569210827351 2.700975552201271 141.8654491603374 10.77868419140577 12.89694850891829 7.052686631679535 0.3454893603920937 0.4668695777654648 2.688548915088177 0.9459035024046898 143.1980580836535 0 1.500343486666679 0.7697405815124512 576.1007030159235 1.680030837655067 10.91902874410152 15.11257346719503 653.7139841914177 19.66296080499887 0.2792760580778122 0.6510407403111458 0 0.7021070644259453 3.487152487039566 3.930666700005531 33.79608538746834 1.48201397061348 24.30982641875744 18.49336300045252 15.4395689368248 6.563973255455494 0.2383667156100273 4.451738618314266
6.433864548802376 224.2340235933661 25.05636911839247 10.45695602148771 121.9806630089879 162.5197008922696 24.26271161437035 213.1384453102946 16.50744303315878 102.0006499662995 12740.02428444475 91.8220619559288 2828.865693442523 352.4636433944106 8.99521678686142 6.646731846034527 1047.086876928806 3427.21992919594 2189.245126023889 28.02564477175474 38.67248035222292 63.07845762372017 83.61919809132814 30.72569248080254 1762.987783551216 3385.698617145419 832.087045930326 35.18632500618696 775.3407182767987 18.99770461022854 412.9279944300652 277.3005809783936 9.202749863266945 6387.883179910481 3.820815578103065 449.8990603908896 4807.605598062277 2618.692581810057 882.602752700448 126.9116200655699 25.66544330120087 2336.775044746697 11.17535340040922 0 51.90979061275721 4.251433409750462 0.2235665619373322 0 0 2.117006860673428 0.547090083360672 0.6496162638068199 0.652428887784481 497.3268602341413 0 1296.852010898292 1.107136406004429 0 2.336074963212013 1.640725441277027 116.64485257864 15.96119160205126 0 0.8000156879425049 0.1833967864513397 0.3633246123790741 3.285384476184845 609.3643529117107 327.5819658488035 423.5777433663607 3.586439162492752 1.233617581427097 0.3787328153848648 129.7432942911983 0.2596635296940804 0.1127423867583275 5.416949085891247 6.975649058818817 22.76130007207394 805.0792556479573 29.65128837525845 14.01218587905169 0 0.6933609247207642 124.2673607617617 0.1611825227737427
5.03878477960825 2.905928306281567 6.468493141233921 7116.971018172801 72.54613737761974 6207.581288941205 46.33265134692192 598.8587084785104 1234.707157865167 4732.488441430032 91.8220619559288 9562.937476851046 12.29133317619562 478.2812844961882 1421.733914770186 0 3.989191561937332 63.68434498459101 36.51373191177845 7117.300756551325 1.852511301636696 5.511954165995121 2.493581220507622 616.8453337028623 5.950047977268696 65.43366692215204 23.48866939544678 1994.458330020308 227.5256902426481 5.483094125986099 2.845397494733334 20.93508161604404 0.4626154005527496 208.1883810609579 17.0835040807724 285.8934407308698 41.74001704156399 673.3908321931958 95.35796535760164 2539.927160844207 83.28168810904026 3.962676174938679 8.866368472576141 0.7965249419212341 0.7104645892977715 0 122.9289388954639 0 8.973320484161377 120.2141652479768 2.175327897071838 263.5248534604907 174.6727617532015 1.276550486683846 41.54087534546852 7.820991553366184 0.9855647310614586 0.7587973177433014 0 0.1123170778155327 2.2598632350564 0.4702388718724251 57.93140351772308 0 0.2663918808102608 0 124.5149197727442 1.36351914703846 6.649692960083485 5.56181351095438 113.0474726781249 2.349450379610062 0.07822199165821075 1.109822243452072 0 0 0.374803751707077 3.224228233098984 4.870125405490398 6.302832320332527 4.057825975120068 2.996621444821358 9.240290179848671 0.8628987073898315 0.1120260879397392 0
0.579499863088131 1856.683061249554 6.826942272484303 1.770146355032921 19.36052143573761 26.51527702063322 5.708789393305779 46.46293476969004 208.6027257218957 14.89232110977173 2828.865693442523 12.29133317619562 5419.822323217988 36.8239738419652 15.02058842033148 3.889510847628117 3.536973893642426 46.62092491239309 6.159419775009155 6.562415733933449 5.030815362930298 593.0373664945364 22.1441787853837 230.7441583871841 4690.721250385046 680.9623539820313 5435.59965647012 12.44738581031561 54.28378906846046 2.216324962675571 2765.348648622632 30.83934815227985 0.142655149102211 932.4555929154158 24.4284405708313 1572.89576164633 4078.159095957875 3184.290390759706 401.0449672713876 200.6330458819866 72.04875732958317 2914.038203254342 11.34139305353165 0.3792483061552048 155.9923731684685 2.851650647819042 0 0.8549803495407104 0.2296104580163956 12.42054246366024 1.298024654388428 0.4180634766817093 1.966033808887005 503.1625620424747 0.2437326014041901 1265.448730185628 0.8500377908349037 0 0.1129819452762604 3.088770061731339 70.08296681940556 11.72744981199503 0 0.3185261189937592 0.2637704312801361 0.1450638920068741 1.432586342096329 803.8253456801176 245.4972682595253 334.8742887079716 4.649092972278595 0.8556927591562271 3.662563011050224 121.3098673149943 0.4953236505389214 0 9.652258612215519 24.87842608988285 505.7383860275149 788.5659079998732 60.79659666866064 55.10018388181925 6.576836794614792 7.554772555828094 182.478513777256 1.836236745119095
8143.534666903317 4.532429806888103 693.4284889027476 169.343895316124 56.37511229515076 1062.265924014151 9424.078715436161 9251.692121572793 23.24015741050243 2594.289078019559 352.4636433944106 478.2812844961882 36.8239738419652 15440.34971385449 52.45535476505756 5.308081969618797 1190.454078488052 197.5726769864559 199.7784424349666 204.5989482849836 198.9957025796175 2.524346932768822 724.982155546546 473.4222888797522 19.83142596483231 946.891248986125 347.4960702434182 983.0659700259566 8399.730554111302 5575.577419444919 7.317693270742893 423.5496005192399 31.27216249704361 1270.654014781117 7.521344438195229 555.6269020438194 141.1242047250271 1095.056468226016 188.9810177311301 450.2034056186676 158.809752702713 14.66216271370649 14.81346549093723 3.826395332813263 1.632369346916676 1.279311381280422 2.9149239808321 0 0.4234832525253296 48.46454033255577 2.569371394813061 19.2749744579196 6.097597479820251 3.743083626031876 2.672149397432804 7.611500360071659 13.59231294691563 0.287516325712204 1.858806699514389 0.3460034281015396 2.676370784640312 1.216309733688831 0.9409845173358917 1.891515977680683 1.108092948794365 0.4782644137740135 68.70089676976204 3.912946857511997 19.33706758916378 17.63037509471178 132.6684850752354 15.8367528244853 11.01295318454504 2.226424753665924 0.09491321444511414 1.161166988313198 2.899394914507866 0.9498329609632492 24.78860874474049 3.925692155957222 14.21374662220478 9.779127031564713 3.201160505414009 2.452597707509995 0.974285900592804 0.5484426617622375
0.4575157761573792 7.094737410545349 2.376402959227562 173.0607834011316 1118.306805349886 2526.432617001235 10.26704409718513 1281.655791506171 1458.711068660021 78.11713314801455 8.99521678686142 1421.733914770186 15.02058842033148 52.45535476505756 625.5027494952083 0 2.867573939263821 4.759856633841991 2.247786022722721 130.375006377697 0.4976413324475288 31.8027371764183 0.2378088310360909 917.5841025710106 2.576376833021641 8.852124623954296 23.19490146636963 85.1534888073802 14.47211718559265 0.7085579261183739 0.323333203792572 66.88247358798981 0 20.32471130043268 0.1490153819322586 251.731751717627 3.402463540434837 45.82087199389935 6.618742354214191 2212.280567452312 64.23203431069851 6.402617804706097 0 0 0 0.1242329478263855 46.89054636657238 0 1.22334848344326 48.71918539702892 0.6301531195640564 109.124141074717 57.96604710817337 0 31.51208311319351 9.091538600623608 0.5786432474851608 3.166940420866013 0 0.1321059614419937 0.2142759785056114 0 28.25327563285828 0 0 0 35.02905225753784 0.1161029264330864 0.9287624135613441 1.449795357882977 47.29316239058971 0.1981616914272308 0 0 0 0 0 0 0.6591726914048195 0.428023524582386 1.007686257362366 1.551704078912735 3.702077269554138 1.360936760902405 0.1456366181373596 0
2.177076011896133 34.232611104846 23.64536502957344 0.7708466574549675 0.1907729655504227 0.4566159099340439 3.540257543325424 3.196158669888973 21.59743295609951 0.8638020530343056 6.646731846034527 0 3.889510847628117 5.308081969618797 0 3569.322669140995 76.50955201685429 4.116152748465538 26.71072955429554 0.09904733300209045 3666.163119845092 1279.664400063455 5157.076985612512 2210.563071426004 1.437685862183571 48.1517588943243 2840.620072424412 1858.438996352255 15.51456005126238 454.1207931190729 0.3102616295218468 0.1368740797042847 8.52888461202383 165.0738974958658 27.21914380788803 1448.437273815274 215.479492969811 484.1414589807391 437.8061105310917 83.81819115579128 2.960368916392326 1.104769885540009 12.36284270137548 11.98762883245945 7.19807492941618 41.4876621440053 0.09255383163690567 0 1.663162492215633 19.83296925574541 3.571085773408413 7.978272579610348 4.320093028247356 0.3055056482553482 0.7261752188205719 0.136661171913147 14.29947289824486 0.1212111264467239 3776.776301786304 3.745938502252102 0.1646519973874092 1.903957605361938 0 515.655023984611 1114.673498138785 2144.691685155034 190.1585908085108 0 4.268332920968533 1274.941279277205 293.3907672464848 33.1987886056304 168.7836365699768 0 0 2.828861720860004 6.688943348824978 14.57470410317183 345.7774924039841 13.4706726372242 65.96363952755928 47.99898007512093 15.76795749366283 0.5446944385766983 0.224011018872261 3.512826226651669
263.8398085385561 24.96967331320047 3706.5646693483 8.913789242506027 2.913862839341164 89.31645545363426 539.1657622531056 1414.795192167163 49.94957188516855 91.27093133330345 1047.086876928806 3.989191561937332 3.536973893642426 1190.454078488052 2.867573939263821 76.50955201685429 3432.902788378298 441.6521660611033 3047.996579296887 1.410253934562206 607.6586292609572 52.96995215117931 4503.817548081279 319.6946366578341 3.488652653992176 5045.156962290406 10011.42033901811 210.4814109280705 967.0401398912072 1156.615356020629 1.383506506681442 3.492682814598083 130.5121700018644 1878.700211204588 6.182001940906048 1181.545211821795 1810.438944414258 1321.764668226242 403.1362246870995 30.6822030544281 1.415776751935482 1.965093746781349 8.845945879817009 1.39395198225975 58.96988184005022 133.5812525525689 0 0 0 8.559557043015957 0.7809119001030922 1.460152953863144 1.13601391017437 1.874453216791153 0.1183943152427673 0.1436255872249603 2.247231423854828 0 18.74049583077431 41.50147910416126 3.095392823219299 20.37368567287922 0 9.683146379888058 2.637297965586185 6.601881623268127 7.442458480596542 0.738940954208374 261.4493514224887 366.0059964731336 11.1520084887743 1.672519542276859 9.264730200171471 0 0 0.1646864712238312 20.53733637183905 0.4615358412265778 37.99685407429934 11.15039453655481 54.28843627125025 13.63092461973429 0.7992933541536331 0 0 0
9.137729473412037 33.16667591035366 21.19531533867121 7.676141865551472 28.52450832724571 92.97832291573286 23.80064357817173 102.2711677923799 3.781220555305481 94.18728796392679 3427.21992919594 63.68434498459101 46.62092491239309 197.5726769864559 4.759856633841991 4.116152748465538 441.6521660611033 726.5299314484 2604.177501752973 23.08745002746582 21.89448180049658 10.08989328145981 36.55411051958799 14.04531670361757 137.2091021686792 1127.085900224745 636.4681422263384 31.43753245472908 278.3528704494238 17.87388999015093 8.913988217711449 78.43503522127867 6.268692150712013 1412.711175151169 11.19463918358088 752.4304393827915 1662.144279040396 1511.617186821997 1151.505626946688 75.36515744030476 3.844981975853443 30.84617292881012 5.620233967900276 0.2575260028243065 41.67943625152111 2.081795796751976 0.404994823038578 0 0.147341176867485 3.227604754269123 0.2144748419523239 0.4320985898375511 0.1210912764072418 23.37784738838673 0.0960824266076088 35.03482088446617 0.3957801386713982 0 0.6423797234892845 0.6569835543632507 41.39463632553816 29.47104266285896 0.3099890053272247 0.767106831073761 0.2139496952295303 0.3708287179470062 2.035096541047096 41.11442080885172 216.6319490000606 241.2147166803479 4.397984243929386 0.2025700509548187 0.4355375692248344 6.517907507717609 0 0.1263395100831985 3.333510749042034 2.975417762994766 30.88135864585638 40.73396971076727 12.58298961818218 4.388454332947731 0.5577584952116013 0 1.13246551156044 0.841759979724884
35.40297593176365 86.17529173195362 109.6673537939787 5.908567167818546 11.2446626201272 52.84177090972662 30.30584439635277 136.5489191114902 20.06745626032352 65.59889877587557 2189.245126023889 36.51373191177845 6.159419775009155 199.7784424349666 2.247786022722721 26.71072955429554 3047.996579296887 2604.177501752973 2054.063864015043 13.380864366889 148.5028182864189 44.57285373657942 539.5245526432991 53.68523488938808 119.0952962115407 3912.20359582454 2447.038340307772 51.23587387800217 318.7628831043839 130.2904725149274 1.884425088763237 32.52390571683645 36.14182561635971 5855.644850164652 4.692583009600639 696.5441345050931 1064.14583761245 2212.549514725804 786.5213827341795 35.87257521599531 2.81460864841938 4.141167566180229 4.915412373840809 0.3514403626322746 82.8107995390892 15.06496749073267 0 0 0 2.072417840361595 0.2477633208036423 0.4134821742773056 0.1082374900579453 9.179525747895241 0.2775860503315926 5.320779643952847 0.4937650561332703 0 7.968822054564953 7.357013128697872 31.01364228874445 44.91549617797136 0.4445869401097298 3.034655809402466 1.056087106466293 2.946029119193554 3.296561181545258 23.43225704133511 400.7092167511582 416.241096816957 5.760574117302895 1.334908045828342 3.413941018283367 1.717803820967674 0 0.09997491538524628 7.283158704638481 0.6223279908299446 28.1543009057641 27.83161030709743 38.89790088683367 8.836109392344952 0.2383515685796738 0 0 0.376366026699543
35.90051933377981 0 6.434893287718296 6617.00675649941 8.067189589142799 890.274564884603 41.04099441319704 190.5073139071465 806.4093090519309 3767.535359360278 28.02564477175474 7117.300756551325 6.562415733933449 204.5989482849836 130.375006377697 0.09904733300209045 1.410253934562206 23.08745002746582 13.380864366889 1136.849759273231 2.414681486785412 0.3614878728985786 2.19677322357893 671.6253398954868 2.515522927045822 25.39221177250147 9.987387455999851 2211.311522118747 232.2436854913831 3.673670135438442 0.5952581688761711 8.518922969698906 0.7322760075330734 84.54154469817877 4.452295556664467 271.3857541456819 22.70436491817236 380.4138719514012 72.07734955847263 557.6178409308195 49.87152816355228 1.757223516702652 6.581053018569946 4.21465877443552 0.4859775379300117 1.157997205853462 171.0187583193183 0 15.18948335945606 324.5238765478134 1.442369841039181 259.3291258439422 192.5628300234675 0.378117598593235 54.07563191652298 1.148385651409626 3.845540918409824 4.237858042120934 0.1348910331726074 0.1287791579961777 0.5723022148013115 0.1104922518134117 86.72867589443922 0 0.1297640204429626 0.2639501392841339 291.4357493966818 0.7721994817256927 2.58463092893362 3.175604037940502 301.5490997955203 7.577824093401432 0.1109443753957748 0.5852952152490616 0 0.2708157598972321 1.145061522722244 0.3519524931907654 7.734922856092453 0.6090639308094978 11.00176775455475 8.35967243462801 8.742095641791821 3.282803684473038 0 0.743918776512146
63.61505674570799 1.357992567121983 1227.159274727106 16.56705468893051 0.8269219323992729 72.60003262013197 839.9341898486018 239.9453130885959 24.56513059139252 161.9148182421923 38.67248035222292 1.852511301636696 5.030815362930298 198.9957025796175 0.4976413324475288 3666.163119845092 607.6586292609572 21.89448180049658 148.5028182864189 2.414681486785412 19216.00640548766 290.3635380491614 24354.63684784621 958.5282972678542 0.4614397883415222 131.3044828176498 397.9180288910866 5729.895417802036 940.1476027071476 16409.36662457883 0.1235170662403107 2.189844600856304 329.22898555547 5145.785549588501 100.3865661770105 7885.01103105396 950.2949976325035 6688.79949362576 3321.020137242973 465.1343818083405 29.72109863907099 3.265299871563911 102.7054531350732 23.60919269174337 1.085258230566978 11.4112242013216 0.9807695671916008 0 1.511702559888363 32.78951900452375 8.947762966156006 10.70434786379337 9.172939456999302 0.4815520197153091 1.017509639263153 0.9994404837489128 37.50884253531694 0.1116803288459778 1168.412555471063 2.159901611506939 0.0773051530122757 2.122420720756054 0.4683808982372284 515.9107291698456 102.2607742100954 280.5151743516326 311.0177358686924 0 5.846523277461529 34.7566836848855 488.8640071675181 59.3111919388175 315.1065660789609 0.1151133105158806 0 5.551565587520599 10.58218836039305 12.32121622562408 339.8327803909779 2.197152376174927 64.85593374073505 39.48309702426195 7.333130888640881 1.877407357096672 0.4456895962357521 3.259225219488144
0.5476767867803574 2017.878558531404 19.84239559620619 1.325164712965488 0.7594616189599037 1.53390696644783 1.487058214843273 0.9045405238866806 2509.268710143864 0.9958784878253937 63.07845762372017 5.511954165995121 593.0373664945364 2.524346932768822 31.8027371764183 1279.664400063455 52.96995215117931 10.08989328145981 44.57285373657942 0.3614878728985786 290.3635380491614 1986.868830561638 322.505312256515 4250.786803588271 450.3345149606466 389.9874841496348 3443.607016660273 78.47726804763079 38.05297458916903 239.1773209944367 36.25795315951109 0.3626783043146133 25.51418136060238 78.46861608326435 9.822647109627724 395.7720064967871 122.0877095162868 131.1237295866013 62.09497383981943 74.30041953921318 0.1421275585889816 22.23204901814461 1.781137064099312 4.804196134209633 36.39611859619617 87.69894821196795 0.1725571155548096 0 1.127885282039642 7.690166726708412 0.7817351594567299 10.36230520904064 2.074282385408878 4.004489928483963 1.20717690885067 9.386731021106243 3.500291533768177 0 1161.584093272686 2.855498284101486 0.6898160353302956 1.115216180682182 0 185.4868664368987 226.0974296033382 372.8182734251022 130.170351266861 5.267175942659378 21.83500284701586 1160.145789727569 146.1814328506589 8.209027096629143 69.32305005192757 1.851558193564415 0 0.8116315081715584 3.822990715503693 3.401679307222366 135.9448772594333 8.363848678767681 30.30477520823479 21.76899236440659 3.99430138617754 0.3366094082593918 0.4748566746711731 1.18522010743618
141.1739590838552 2.890163816511631 15124.53838650882 28.49929546564817 2.273440524935722 141.5431437194347 1661.775368355215 880.998167924583 6.355734504759312 263.0950700044632 83.61919809132814 2.493581220507622 22.1441787853837 724.982155546546 0.2378088310360909 5157.076985612512 4503.817548081279 36.55411051958799 539.5245526432991 2.19677322357893 24354.63684784621 322.505312256515 22021.96280367672 1175.270458623767 0.4964062869548798 1778.319564789534 13585.86261054128 3562.823557712138 733.0015066564083 5323.647378586233 1.183962151408195 3.022862158715725 148.9676166027784 4601.842184878886 201.0074916929007 12625.74730145186 4105.785364456475 9981.466636367142 8453.671706154943 903.3803987726569 13.5561248883605 7.233329057693481 123.6839084625244 4.98311872780323 20.68918609619141 378.0875650718808 1.006396383047104 0 1.033508732914925 31.13431096822023 2.741559021174908 3.574201859533787 3.206725224852562 0.1047929376363754 0.1315819770097733 0 5.467764161527157 0.09015274047851562 2978.685747683048 4.484942220151424 0.12347761541605 0.9775629341602325 0.1696328520774841 304.2679096981883 530.3367200642824 3289.733411349356 54.83618111163378 0.2147823721170425 14.91989677399397 2487.931401528418 143.3355234116316 8.098652422428131 54.74478186666965 0 0 1.667535237967968 4.140898145735264 30.98054594546556 294.6652705445886 18.46372139453888 52.62244584411383 66.20016323029995 11.27031265199184 3.582329154014587 0.2318820059299469 3.256819508969784
189.7609614059329 825.3303496912122 620.2030491456389 2805.825454652309 40.32470266520977 107.4811124801636 1835.528750382364 374.8102591633797 8235.282749734819 839.2144778743386 30.72569248080254 616.8453337028623 230.7441583871841 473.4222888797522 917.5841025710106 2210.563071426004 319.6946366578341 14.04531670361757 53.68523488938808 671.6253398954868 958.5282972678542 4250.786803588271 1175.270458623767 10871.47895394638 169.1844334304333 563.5147466212511 3571.551774293184 10520.8318643868 2354.038915358484 1481.607010990381 16.59930535405874 12.42964795231819 291.9179225414991 681.0969497784972 77.41045964509249 3250.466583222151 444.4309216812253 1871.442496985197 710.2496113330126 1316.322938933969 140.4591056928039 7.004353433847427 50.04459683597088 163.6004391238093 30.83605877310038 104.7396029084921 297.6230840906501 0 68.49050416052341 1527.653890006244 141.2722748443484 1694.8061709553 495.5606979057193 8.468974463641644 79.50738944113255 17.65273576229811 448.8652750849724 3.68418376147747 314.4637941420078 9.085117816925049 3.622017085552216 4.222344048321247 126.2477168962359 169.6281567513943 150.9724902883172 45.96123392879963 3032.044168554246 1.185714527964592 35.28343477845192 153.5502200871706 4283.617267854512 472.9024195596576 619.1868476644158 1.879414908587933 3.420596018433571 38.74024753272533 81.80037209391594 45.65477426350117 1041.749138124287 16.24569360911846 497.6336391419172 278.6008536294103 141.8808178901672 120.9488148465753 2.505055792629719 33.15096056461334
1.073508881032467 1369.918622262776 2.028203047811985 1.110654197633266 3.3879384547472 12.01809127628803 2.601920031011105 7.901738487184048 140.0336090698838 11.51018948853016 1762.987783551216 5.950047977268696 4690.721250385046 19.83142596483231 2.576376833021641 1.437685862183571 3.488652653992176 137.2091021686792 119.0952962115407 2.515522927045822 0.4614397883415222 450.3345149606466 0.4964062869548798 169.1844334304333 564.4080071151257 1006.847238346934 7050.578258052468 10.56862570345402 34.63308452814817 0.4760333597660065 660.6871142983437 9.967781938612461 1.274864435195923 542.1256710216403 1.356422305107117 313.3655935451388 1253.579658396542 1300.684031806886 397.9531212821603 51.1813063248992 4.694983288645744 412.9220048189163 0.2030143141746521 0.2754883617162704 136.298481464386 2.998025432229042 0 0 0 1.284816361963749 0 0.1811671406030655 0.09458117932081223 46.54090821743011 0 125.729249805212 0.6356544196605682 0 0 5.412458568811417 18.89131584763527 31.33602620661259 0 0.2344734370708466 0.3211289942264557 0.203832820057869 0.5012012422084808 73.88780628144741 261.0828626230359 256.9296737760305 0.49407097697258 0.9424566924571991 0.7063681185245514 7.95760265737772 0 0 3.589901849627495 1.583542466163635 141.2118258178234 82.49876141548157 27.58489456027746 9.634245827794075 5.74509334564209 0.2306914031505585 10.88428181409836 0
119.2017778307199 941.360024087131 13937.51500371844 52.10360566526651 30.84007842093706 283.7115054577589 607.7536063864827 1568.080137491226 184.9842883870006 303.5535884872079 3385.698617145419 65.43366692215204 680.9623539820313 946.891248986125 8.852124623954296 48.1517588943243 5045.156962290406 1127.085900224745 3912.20359582454 25.39221177250147 131.3044828176498 389.9874841496348 1778.319564789534 563.5147466212511 1006.847238346934 29393.37741992623 26651.67261884362 493.857454508543 582.2019162923098 215.0094911381602 1502.041452787817 71.2577358931303 25.60456304997206 2205.784383684397 25.0405615568161 3065.45265918225 13449.09637852758 3777.108630530536 2004.855260111392 132.3712302595377 8.095416367053986 257.0981638729572 15.93022806942463 5.747379258275032 1290.603755839169 655.839137904346 1.004991233348846 0.1292942017316818 1.069422230124474 41.40614563971758 5.163373850286007 3.816154927015305 6.050053603947163 538.5586569681764 1.634173095226288 924.3961618617177 13.40224122256041 0 13.48898207396269 346.4226817190647 657.1529621481895 616.7666353136301 0.2622791305184364 13.85095839202404 10.31573474407196 28.40241996198893 30.43070478737354 856.5745531246066 6108.833869583905 6965.651784807444 19.08679905533791 14.41771144419909 48.90112406015396 149.2188159227371 0.4992608278989792 2.183521144092083 205.0405078530312 15.52938970178366 499.6785119175911 627.0695813670754 732.6993780955672 161.5002920031548 9.693317338824272 0.5385831519961357 8.679252192378044 2.731896609067917
49.86868420988321 2868.285403102636 3924.050646573305 7.898059047758579 8.618717730045319 63.60217015445232 160.8039445951581 481.4528031945229 799.1712087914348 77.39912711828947 832.087045930326 23.48866939544678 5435.59965647012 347.4960702434182 23.19490146636963 2840.620072424412 10011.42033901811 636.4681422263384 2447.038340307772 9.987387455999851 397.9180288910866 3443.607016660273 13585.86261054128 3571.551774293184 7050.578258052468 26651.67261884362 32682.60615576804 826.3362198770046 234.1529271006584 164.0240621715784 1659.004839837551 14.4273299574852 19.99802739173174 3873.861788772047 112.4378643631935 8104.673003226519 6319.989393591881 8474.547908343375 3397.014892175794 357.2877805680037 8.997051455080509 64.46834627538919 47.46219524741173 4.828866429626942 4388.594071060419 5184.314173296094 0.8909133821725845 0 6.186483144760132 126.5508091077209 17.57788595557213 3.07915873080492 24.13696608692408 192.7898434400558 0.6931546404957771 375.8129278123379 27.88036517053843 0 762.6945343911648 422.1458358168602 321.543293133378 385.4854536056519 1.013616949319839 98.14720065146685 983.578561373055 2146.011526614428 58.38932241499424 832.3553229346871 4603.724192842841 17686.15860229731 91.89365937560797 11.24076398462057 49.57037188112736 75.38119946420193 0.5634894594550133 1.788898594677448 231.5194644704461 27.37740708887577 681.6992114260793 328.6874829083681 887.494521714747 250.6871367245913 15.18647560477257 3.033501602709293 4.679788514971733 4.055389791727066
