1371.577057398856 0.6327051892876625 376.7890930846334 1.321510493755341 0 13.48524986952543 3290.31020192802 830.3777443766594 1.844386249780655 43.50004363805056 5.394086487591267 4.890750773251057 0 5572.852918721735 0.8500475734472275 0.7746775597333908 254.6309791505337 2.039743967354298 27.02467009425163 4.523121237754822 163.3304844424129 8.128151908516884 133.2057806998491 15.23540662229061 0 106.8114788681269 74.80767556279898 42.12503391504288 2581.822291970253 2677.307144634426 0 1.633258379995823 158.9709214791656 125.3414100334048 3.399937145411968 71.84850332885981 14.75908064842224 117.9224987402558 32.31541503965855 5.454146459698677 1.970380343496799 0.1063576564192772 1.433641105890274 0 0 0 0.5319621562957764 0 0.5111598968505859 2.270051307976246 1.063388057053089 0.1464805603027344 0 0 0 0 0.995442159473896 0 2.541287034749985 0 0 0 0 4.019987635314465 1.019952982664108 0.4252440258860588 2.489812187850475 2.096230804920197 1.061706364154816 3.351510547101498 4.064010806381702 0 0.6889274567365646 0 0 0 0.1115916445851326 0.6161633133888245 3.583470553159714 0.3098883256316185 0.6775726601481438 0.2441928833723068 0.352667361497879 0.1074299737811089 0 0
0.6327051892876625 333.2098143026233 124.1815028935671 0.5208329707384109 1.105651803314686 0.6174718141555786 2.203011244535446 1.966478362679482 517.2882683351636 0.5558521896600723 31.64551062881947 5.203484110534191 742.2278222739697 1.820660710334778 34.84136528521776 141.5851619765162 26.10401206463575 3.461529634892941 2.937748938798904 0.08017372339963913 12.21178997308016 2385.90296009928 11.16213292628527 942.1904171928763 1186.512571945786 46.9220772087574 6129.999877810478 31.57515460252762 0.9362644702196121 0.4086182713508606 21.64513640850782 0.08011014014482498 0.1239733099937439 13.30118345469236 0 22.55631641298532 30.07108488678932 36.32790949195623 2.528323009610176 33.45022039115429 0.1401768624782562 72.68796201050282 0.2981069535017014 0.2189968302845955 19.22529023140669 0 0 0 0 3.01630974560976 0.4137148931622505 1.033578470349312 0 6.614539943635464 0 12.06666373461485 1.180141255259514 0 7.759100697934628 6.400818794965744 1.792237214744091 10.4930520132184 0 0.4638439565896988 32.42718586325645 0.6677152588963509 2.265673868358135 20.16999766230583 165.2002903297544 1101.883523523808 0.6886128783226013 0.3101827874779701 0.561305895447731 2.802735462784767 0.09708176553249359 0 4.612599305808544 1.011269718408585 21.66693031787872 20.95623794198036 13.75778126716614 1.724510759115219 0.2360670566558838 0 4.182617381215096 0
376.7890930846334 124.1815028935671 7031.225806258619 15.21325741708279 0.1241849064826965 55.48356176167727 1031.451891809702 629.9846290498972 1.246918454766273 108.1768124774098 19.63768464326859 1.804880946874619 1.327242895960808 1071.83253403008 1.56766215711832 14.80773144215345 3805.940347634256 40.38313217461109 348.6452953219414 2.669547453522682 2015.356923155487 166.4132125228643 10900.14550764114 124.3164599761367 1.265977576375008 6506.606926225126 4575.953406915069 447.3567736595869 374.4811803176999 911.4917735755444 0.5502360239624977 1.973066292703152 63.5798607468605 856.8685118928552 32.10149559378624 1764.542754143476 3265.597199261189 1499.009648062289 276.4325315058231 37.63566856831312 6.05445059388876 15.07055035978556 7.52372607588768 0.8178451731801033 39.93611935526133 41.54731807857752 0.7455689311027527 0 0.2660658657550812 13.65069022029638 1.329503424465656 0.4543368816375732 0.9072204753756523 1.939955145120621 0 0.9863225519657135 7.246552713215351 0 38.5514432862401 29.29343149065971 1.304603412747383 17.48199683427811 0 19.38835258036852 3.532376155257225 32.56784737110138 8.410665303468704 6.282594591379166 519.8250091820955 2254.743871472776 7.936873905360699 0.6856356561183929 7.507647335529327 0.5145862102508545 0.1031134650111198 0 8.81297691911459 12.0585402995348 75.00860002636909 58.10800651460886 32.6036686822772 10.94832797348499 2.059031635522842 0 0.2287556603550911 0.3191278278827667
1.321510493755341 0.5208329707384109 15.21325741708279 1999.26096316427 3.337084084749222 74.74817422032356 330.7979731485248 90.96618676185608 1184.671226084232 3238.844970226288 1.735342115163803 3700.092561498284 0 55.23985715955496 179.6823680773377 0.8233107998967171 3.349864207208157 0.7671415209770203 1.360617585480213 2814.164485141635 4.521270044147968 1.786294788122177 4.634850934147835 2272.007818073034 0.09109929203987122 7.296493545174599 16.4944434016943 2480.167384274304 50.68025139719248 2.33901235461235 0.1023648306727409 1.920782364904881 8.594094917178154 24.74125742167234 4.027642838656902 255.7759224846959 4.699785828590393 80.65832884609699 31.91402704268694 121.43682641536 6.737492740154266 0.9963491261005402 1.489590242505074 0 0.2484240755438805 1.408583655953407 36.05217427760363 1.234796136617661 20.47494387626648 154.8880825862288 114.8014409914613 158.7691725492477 203.0365310013294 0.444162093102932 80.87427025288343 0.1906556189060211 43.99244177341461 34.67895951867104 19.72882325947285 0.2296154201030731 0.4443651363253593 0 37.31858202069998 21.45953463017941 3.502619192004204 4.726948156952858 582.0299820303917 1.629564866423607 1.112698450684547 5.926015004515648 478.8827194646001 5.254786483943462 10.8890784829855 0 1.035213716328144 0.1256921738386154 3.065443441271782 0.3622199296951294 129.100829012692 0 13.96265928447247 2.341569103300571 226.8047841787338 1.153566837310791 1.025471195578575 0
0 1.105651803314686 0.1241849064826965 3.337084084749222 29.27228131890297 438.0945502668619 2.583264604210854 52.83987207710743 22.54459384083748 7.17498230189085 67.17833396792412 88.66204483062029 2.497375845909119 5.918485462665558 766.9977929890156 0 0.3360554203391075 10.28966177999973 4.218347311019897 11.29335068166256 0.1638930290937424 2.51357926428318 0.2470006793737411 21.42577365785837 0.1578692495822906 10.03729800879955 3.099368907511234 3.415782585740089 50.92168571799994 3.17301319539547 0.8259436935186386 340.9644213244319 0 193.3591249510646 1.222735866904259 95.28212185204029 12.66408088058233 159.7611243277788 103.0222559645772 2142.910044521093 51.69457891583443 8.75489342212677 4.546361014246941 0 0 0 0 0 0 0 0 0.1741316467523575 0 0.4051499515771866 0.2037730515003204 0 0 1.340991735458374 0 0 0 0 0 0.1074162200093269 0 0 0.3715138733386993 0 0.1164514645934105 0.2732722014188766 0.938869297504425 0 0 0 0 0 0 3.239175498485565 1.542063504457474 0.147181823849678 0.3259539604187012 0.6327565759420395 0.5690793991088867 0.3626059591770172 1.903407633304596 0
13.48524986952543 0.6174718141555786 55.48356176167727 74.74817422032356 438.0945502668619 9896.81085691601 1627.883520357311 7560.610742993653 95.20450484752655 3993.142528049648 152.0870787724853 3192.43599627912 9.16759967058897 816.4302458316088 2723.588125728071 1.175732582807541 12.65033080428839 29.55908970534801 22.71092487126589 299.9401560649276 40.30228286236525 3.688108913600445 18.84210983663797 220.822629660368 0.4760158434510231 49.70625375211239 29.52690660208464 341.9508902207017 419.2207667976618 63.56671997904778 1.654497161507607 447.0098574757576 10.80176996439695 534.8285376355052 18.76431480050087 802.4863635227084 39.35084836930037 648.1386915668845 343.043378546834 2727.652821600437 296.4537858963013 46.28245390206575 36.95949641615152 0 0 0.670621819794178 1.531798370182514 0 3.678829096257687 65.26093050837517 40.75020088255405 23.99535413086414 38.58968463540077 2.952385745942593 9.702511861920357 0.7922661602497101 22.89603195339441 2.438145786523819 19.05179274827242 0.1151116266846657 0.690488837659359 0.2564094364643097 7.652481749653816 24.21196652948856 6.024927534162998 3.840165384113789 82.22081508487463 0.6012940257787704 1.711982451379299 5.221506394445896 105.8062058910728 3.67689786106348 10.14511925727129 0.3186927959322929 0.2199679166078568 0 1.633561603724957 3.247553832828999 36.54429173469543 0.3816744387149811 10.95053938776255 4.124387681484222 41.8758487701416 3.043002441525459 8.799580000340939 0
3290.31020192802 2.203011244535446 1031.451891809702 330.7979731485248 2.583264604210854 1627.883520357311 16151.93823281676 4450.677777089179 295.3013289123774 10388.45351338387 17.35592459887266 40.57997561246157 1.657371312379837 6893.894333094358 31.67439039796591 11.68317823857069 143.2032790631056 9.510765753686428 31.94152241945267 159.9627863317728 1183.419483780861 16.18664633482695 467.947615198791 912.7258803918958 0.2167913094162941 282.7611153125763 371.4961441755295 11121.8716629222 1140.096728265285 4589.903195694089 0.1969683840870857 13.24711135029793 228.8124261498451 359.8092759773135 54.27940437197685 2150.412841811776 69.46023927628994 931.3047817349434 375.3984638974071 121.0295075327158 49.8121604770422 7.58121981471777 23.95768865942955 1.242791891098022 2.24500960111618 2.055350206792355 9.973200932145119 1.011739954352379 15.27349066734314 210.5082589685917 144.9030350074172 71.21944884955883 110.4469422772527 2.846788212656975 12.18048506975174 0.1384089291095734 62.97347128391266 1.315084993839264 118.7822012528777 1.303717128932476 0.8988354727625847 0.09637574106454849 11.45835734903812 102.9769021049142 16.41841003298759 32.26325169950724 251.8408303335309 3.555761516094208 14.18640034645796 46.88217885047197 346.4898006692529 12.2425515204668 38.78773804008961 0.1513632535934448 2.651181541383266 0.4325470849871635 8.870598308742046 8.407893255352974 119.12700817734 1.851357281208038 28.24685287475586 5.580285541713238 79.40781430900097 1.784993797540665 0.6858790889382362 0.2329482734203339
830.3777443766594 1.966478362679482 629.9846290498972 90.96618676185608 52.83987207710743 7560.610742993653 4450.677777089179 12579.18177060038 254.542925350368 4207.565088629723 254.950125977397 893.729237742722 13.76074198633432 7867.123395785689 362.4278527796268 3.652549512684345 230.1331304684281 57.98005832731724 78.26093125343323 460.8877647742629 336.7100070267916 12.54115837067366 142.4291350692511 561.3811718672514 1.049226783216 308.4971623718739 144.9369314834476 888.982852011919 2276.226000934839 1113.309044644237 2.71742344647646 178.9943083301187 37.06434823572636 470.3678429573774 18.582913197577 1301.216369636357 100.2278498783708 879.2050098404288 343.5264394059777 1219.914220608771 131.1304560527205 56.73494819551706 31.14198172837496 3.310148164629936 0.7322810739278793 3.497814640402794 4.819075629115105 0.5844829231500626 15.03966747969389 225.4248007759452 123.5486374422908 38.51859030127525 86.47807949781418 5.198984645307064 7.377743534743786 1.141331933438778 78.34257704764605 1.959276765584946 167.0108703300357 0.98919478058815 0.1827633008360863 0.2306962534785271 6.031765937805176 172.3097286224365 25.20409496128559 30.60204642266035 225.5790902748704 5.527961879968643 5.349087215960026 18.60139090567827 342.3673991039395 12.35012878477573 85.55735991150141 0.263247512280941 3.347116775810719 0.09223099797964096 9.388050891458988 4.124385178089142 143.5145417451859 2.722365468740463 37.13541580736637 11.16285708546638 74.35582136362791 8.238469190895557 11.79267379641533 0.4435441493988037
1.844386249780655 517.2882683351636 1.246918454766273 1184.671226084232 22.54459384083748 95.20450484752655 295.3013289123774 254.542925350368 670.7668498829007 252.3209201395512 5.024272449314594 588.2690634280443 56.01459811627865 76.88230835646391 1152.529556915164 34.77266004681587 1.171469137072563 0.7727706283330917 1.030513688921928 634.9023964032531 6.49038964509964 2148.819463327527 5.813410423696041 5621.184070333838 135.253239274025 9.069905817508698 267.44679967314 1223.517089441419 16.27902212738991 15.59302085638046 2.701051950454712 1.872667372226715 0.4938495680689812 6.210301250219345 0.6577358245849609 351.2317399159074 38.74799071252346 24.66853983700275 3.492473430931568 429.5982625484467 2.684296905994415 11.59086579829454 6.381141424179077 3.940447561442852 4.190158396959305 3.555635511875153 22.60737922042608 1.33049213886261 27.83249490708113 230.031071357429 127.690330453217 114.6400076374412 113.5379725769162 2.140168271958828 36.2411499992013 1.678420156240463 69.34147077053785 21.2378339022398 572.8268138617277 0.2671018093824387 0.1961427479982376 0.6842383369803429 8.092257380485535 168.6499723643064 82.7387408465147 85.89539764821529 853.1323160305619 14.71415340900421 3.709798343479633 60.41413331031799 639.2699785754085 10.14657735079527 37.25065732747316 0.3409707620739937 2.36433856934309 1.412199065089226 5.510413579642773 2.445926338434219 49.52747365832329 0.7099507078528404 20.50188650935888 5.924142926931381 94.9204124584794 2.019030369818211 3.759615778923035 0.6141952872276306
43.50004363805056 0.5558521896600723 108.1768124774098 3238.844970226288 7.17498230189085 3993.142528049648 10388.45351338387 4207.565088629723 252.3209201395512 23393.2077075392 30.75115523487329 4480.21729683131 0.7178058996796608 1930.301981776953 114.1343799680471 3.116577096283436 20.40007300674915 13.24291548132896 15.02588865906 4583.57254229486 74.01929934322834 4.281645447015762 32.58460013568401 541.5112622603774 0.2963845208287239 56.06573957949877 77.1974141895771 3805.942843832076 803.2892658039927 34.48727579414845 0.6214632019400597 31.07242462784052 58.23473180830479 325.7642431631684 32.81502861529589 1759.791786596179 37.39971835166216 1058.491436585784 326.476173736155 229.6887218952179 86.64520841091871 7.619551584124565 29.46281626075506 0.4364808276295662 0.9921080768108368 1.370072200894356 18.86127462983131 0.3743066340684891 24.96888001263142 252.0441516041756 162.7894497588277 79.92126478254795 185.1430351212621 0.8037884831428528 81.32301160693169 0.2318640947341919 77.05182986706495 16.69233007729053 51.89491447806358 0.6282425820827484 0.7033566758036613 0 19.26169995963573 58.20149198174477 7.310750097036362 10.8531991392374 386.1894258186221 4.045527532696724 3.541935317218304 11.54336881637573 434.4348862692714 9.822052665054798 25.50474953651428 0.126222550868988 3.367792084813118 0.2337474897503853 6.364935867488384 6.065609142184258 148.6868074163795 0.6167837604880333 18.92775639146566 5.658162601292133 146.6432580277324 1.252051502466202 2.677177548408508 0.162944108247757
5.394086487591267 31.64551062881947 19.63768464326859 1.735342115163803 67.17833396792412 152.0870787724853 17.35592459887266 254.950125977397 5.024272449314594 30.75115523487329 10737.27165124565 19.50319248437881 2070.679977633059 287.1522684618831 0.7479527220129967 0.3508909419178963 617.8452267795801 2240.945796847343 1023.127128019929 12.76174966990948 25.77784775942564 13.19503419846296 42.76475686579943 12.16698279231787 442.7818064391613 3002.430319480598 1131.858489483595 13.99734254926443 269.1994535028934 29.52094332128763 438.7277670875192 453.4971794635057 8.685350961983204 4694.030652806163 20.36449490487576 1042.583668708801 6543.719353325665 5081.585049763322 900.1932353451848 42.0411768257618 206.2676590979099 2536.973290108144 27.80470770597458 0.2768822610378265 1.348084792494774 0.8546071648597717 0 0 0.1131178289651871 3.021037809550762 1.242655649781227 0 0.7376705706119537 196.9364242106676 0 849.7427814006805 0.881784126162529 0 2.701407931745052 0.2162093967199326 32.40786974877119 1.840407840907574 0 4.268076382577419 0.7731598615646362 0.6183794513344765 1.754074163734913 97.33884751796722 155.4031054973602 175.7209758609533 2.304902277886868 0.2576806843280792 1.737116150557995 108.8497415184975 0.08680007606744766 0 4.800221934914589 7.660861521959305 28.58322991430759 429.5574684664607 16.37475452572107 4.141933798789978 0.4623996019363403 2.971714571118355 141.8234783411026 0
4.890750773251057 5.203484110534191 1.804880946874619 3700.092561498284 88.66204483062029 3192.43599627912 40.57997561246157 893.729237742722 588.2690634280443 4480.21729683131 19.50319248437881 5061.950760148466 2.007328756153584 336.6064153462648 2793.043253466487 0 0.9183083176612854 6.90601871162653 4.018150448799133 3561.135749347508 1.833412863314152 19.08098386973143 0.876932866871357 499.6650170087814 1.170791424810886 8.534240230917931 9.116908267140388 843.583324842155 201.3075153306127 5.032355509698391 0.4008236974477768 23.06022594124079 1.361336201429367 53.02407817542553 12.19048038125038 504.797243103385 9.049707189202309 210.9944495856762 39.65361132472754 1694.27300670743 14.16612303256989 4.20548090338707 3.110369026660919 0 0 0 8.054125122725964 0 8.111747458577156 18.18800979852676 18.29467779397964 34.71962139755487 47.8273001909256 0.09989721328020096 201.1543109416962 0.08468133956193924 3.986674942076206 22.48164816200733 3.876220881938934 0 0 0 3.915420562028885 3.630318827927113 2.312290519475937 3.138959348201752 120.1438253298402 4.336365699768066 0.282644122838974 0.6601382195949554 77.28397111594677 0.4345072358846664 2.693346373736858 0 0.4822360351681709 0 0.6747980937361717 4.864141955971718 111.1639820933342 0.108606643974781 1.216778367757797 0.7219533398747444 170.8475692644715 0 1.777577996253967 0
0 742.2278222739697 1.327242895960808 0 2.497375845909119 9.16759967058897 1.657371312379837 13.76074198633432 56.01459811627865 0.7178058996796608 2070.679977633059 2.007328756153584 4293.844663396478 8.205599166452885 5.450064770877361 7.338493838906288 0.2188950553536415 44.11669604480267 3.940230421721935 0.08176141232252121 0.7481603622436523 181.4580632522702 0.5463304296135902 60.0271484926343 4211.693956412375 912.7247971147299 4043.91067622602 2.28855836391449 7.537465907633305 0.2302652969956398 649.6084254160523 12.14259016513824 1.581218779087067 165.5725496932864 9.231003314256668 99.75634663552046 2035.679234370589 958.8262984454632 114.1254740208387 7.508688494563103 96.37074863165617 1619.493701636791 14.36835195124149 0 13.08812722563744 0 0 0 0 0.08774758875370026 0.4144893363118172 0.1255156844854355 0 449.8008518666029 0 1804.281889513135 0.367224782705307 0 0.1174159422516823 0 47.27739699929953 1.947693064808846 0 0.1295139640569687 0.1408261805772781 0.5296631008386612 0.3354846090078354 351.2730750367045 197.9874748066068 269.3594885542989 0.5504386350512505 0.08965831995010376 0.2686489075422287 163.1332323178649 0.8126410841941833 0 7.260064832866192 4.306557834148407 8.648402519524097 1186.790213942528 43.83571044355631 2.354595273733139 0.2199069261550903 1.136403948068619 417.4725807383657 0
5572.852918721735 1.820660710334778 1071.83253403008 55.23985715955496 5.918485462665558 816.4302458316088 6893.894333094358 7867.123395785689 76.88230835646391 1930.301981776953 287.1522684618831 336.6064153462648 8.205599166452885 13028.79650387168 20.69248017668724 9.301985032856464 645.9791032671928 85.65179296582937 156.2321979925036 266.5063585564494 415.815564468503 33.07494445890188 251.650896422565 295.6661196276546 0.3190695270895958 475.3411697596312 284.9558715596795 662.5981916040182 5835.595784544945 2763.405962847173 2.764661408960819 77.40301824361086 172.8509887158871 764.2656354606152 30.35631157457829 1382.155682444572 125.7993142679334 1529.960092239082 435.8598267883062 447.2028663679957 79.81078665703535 30.53213950991631 26.20325285941362 1.345380038022995 0.4913050308823586 1.083634056150913 1.235862702131271 0 6.442433528602123 65.10983330011368 38.92303442209959 10.23060824722052 23.31412836909294 2.48265078663826 1.116735823452473 0 26.62388643622398 0.4463370516896248 87.27065684646368 0.8351704254746437 0.5972191393375397 0.1882397904992104 3.069261074066162 86.25543925911188 10.18354035168886 17.69391947239637 71.21891979128122 4.676857709884644 5.122462265193462 20.83433005958796 121.6890530735254 4.676152728497982 35.80830802768469 0.5362498387694359 1.081236287951469 0.1158777475357056 6.153960347175598 4.264223963022232 77.09127961844206 0.525542326271534 14.55819138884544 4.153023786842823 38.30434167385101 3.815632902085781 5.400795668363571 0.1670567989349365
0.8500475734472275 34.84136528521776 1.56766215711832 179.6823680773377 766.9977929890156 2723.588125728071 31.67439039796591 362.4278527796268 1152.529556915164 114.1343799680471 0.7479527220129967 2793.043253466487 5.450064770877361 20.69248017668724 380.7620615065098 0 0.3703292235732079 0.2601887360215187 0.146062970161438 392.074419029057 0.695663295686245 130.7479515969753 0.7733232602477074 1514.051145300269 9.331397943198681 2.166860461235046 26.55291373282671 121.8322024047375 19.24446177482605 8.617572732269764 0.5288918316364288 504.208875566721 0.09361464530229568 6.347868077456951 0 235.5133289247751 5.012553542852402 39.04715664684772 7.838231429457664 2198.247097872198 61.48418192565441 5.720107540488243 0.5279810875654221 0 0 0.1427572071552277 1.212592095136642 0.7427314519882202 1.375336885452271 1.520762637257576 0.7202348411083221 0.6870775669813156 1.806022837758064 0 13.68637847900391 0 1.073782920837402 4.095722138881683 4.682396478950977 0 0 0 0 3.01516193151474 3.06186917424202 5.448607668280602 14.14246442168951 2.553832769393921 0.1230521872639656 3.25668166577816 9.077665776014328 0.36813023686409 0.8183732628822327 0 0 0 0 7.126853376626968 29.44027228653431 0 1.101953394711018 0.1929530203342438 23.06866417080164 0 1.076843470335007 0
0.7746775597333908 141.5851619765162 14.80773144215345 0.8233107998967171 0 1.175732582807541 11.68317823857069 3.652549512684345 34.77266004681587 3.116577096283436 0.3508909419178963 0 7.338493838906288 9.301985032856464 0 1718.913304075599 5.6802793815732 0.1585987210273743 1.19360339641571 0.302258163690567 2213.548938162625 1338.447585918009 4521.036026075482 1590.574377462268 17.93080783635378 5.197855912148952 3918.929943099618 1176.01264628768 14.76218812167645 99.06129109114408 0.2211248278617859 0.5155199840664864 7.231903359293938 46.91930063068867 20.21358093619347 1207.161359839141 311.1038614585996 196.8371329754591 138.646496668458 41.47414562106133 3.9246826171875 8.290609210729599 8.445934742689133 1.581089645624161 12.82588898390532 65.95647787302732 0 0.5115719437599182 0.3349344059824944 11.46088738739491 1.304790861904621 41.70430798083544 0.7915585488080978 1.470300793647766 0.325304701924324 0 6.132325202226639 3.071255765855312 375.6130574047565 5.445476993918419 1.633245341479778 2.03976920992136 0.1678613573312759 142.0104391723871 254.9813155680895 729.9007455259562 65.04300945997238 18.48751364648342 12.64248546212912 2801.078156217933 30.96145451068878 7.162190571427345 30.87985373288393 0.09013323485851288 0.3192002475261688 2.347371056675911 9.07854775339365 12.86189077794552 183.075865752995 6.960645869374275 14.12260220944881 3.666382856667042 17.42009564489126 2.786070466041565 4.024619996547699 0.2065967917442322
254.6309791505337 26.10401206463575 3805.940347634256 3.349864207208157 0.3360554203391075 12.65033080428839 143.2032790631056 230.1331304684281 1.171469137072563 20.40007300674915 617.8452267795801 0.9183083176612854 0.2188950553536415 645.9791032671928 0.3703292235732079 5.6802793815732 1239.502793103456 338.7438204884529 4625.613072745502 1.302946716547012 1013.882183693349 7.750984475016594 4513.080608487129 27.21196538209915 2.05950129032135 1746.260234624147 4247.854791171849 48.30898376554251 793.2667890787125 1157.15982042253 0 5.625958062708378 123.7769683822989 1459.307686105371 3.97028636187315 253.5317234545946 1043.740015238523 601.466032192111 94.93026689440012 4.024234123528004 3.150294311344624 6.629400625824928 1.428229130804539 0 12.91676415503025 1.670800514519215 0 0 0.1102054938673973 0.6866400390863419 0.1577078551054001 0.100827269256115 0 0.2531862258911133 0 0.1316342502832413 1.165144920349121 0 1.781205631792545 3.957665212452412 1.469917394220829 8.759028106927872 0 1.604376822710037 0.3556269854307175 2.367753967642784 0.592706635594368 1.32586707174778 139.178282238543 272.1700938493013 0.7400449365377426 0.1025175079703331 0.5339331030845642 0.1917916759848595 0 0.09260441362857819 2.89262343943119 0.8757433816790581 13.67933917790651 18.68772825598717 8.137489505112171 1.335230454802513 0.1433960497379303 0 0 0
2.039743967354298 3.461529634892941 40.38313217461109 0.7671415209770203 10.28966177999973 29.55908970534801 9.510765753686428 57.98005832731724 0.7727706283330917 13.24291548132896 2240.945796847343 6.90601871162653 44.11669604480267 85.65179296582937 0.2601887360215187 0.1585987210273743 338.7438204884529 367.7779393717647 2778.63650264591 3.857722498476505 3.771576918661594 0.7648389488458633 13.988839186728 2.950887702405453 32.34703104197979 2869.401467129588 701.9942409396172 6.442858003079891 72.48168927431107 7.199446097016335 13.10385043174028 86.72118424624205 2.302516162395477 863.727458409965 5.330908238887787 787.1103057265282 1671.135565087199 1593.138960197568 360.9634089246392 14.546615190804 16.06474845856428 62.40726521611214 4.098649874329567 0 1.474938690662384 0.09605318307876587 0 0 0 0.9077140390872955 0.3199697211384773 0 0 6.827195949852467 0 52.40081375092268 0.1466964781284332 0.1547264456748962 1.149515092372894 0.1254322975873947 11.91696886718273 3.219998925924301 0 0.9174146875739098 0 0.1139257699251175 0.6786356270313263 9.521520517766476 119.8884462863207 154.2609083876014 2.16230197250843 0.2197516858577728 0.8054613694548607 21.78343597054482 0 0 0.5400588139891624 2.479681499302387 19.98140600323677 10.16703455150127 3.116595670580864 0.9741787239909172 0.1390775740146637 0.3893608152866364 0.4805654138326645 0
27.02467009425163 2.937748938798904 348.6452953219414 1.360617585480213 4.218347311019897 22.71092487126589 31.94152241945267 78.26093125343323 1.030513688921928 15.02588865906 1023.127128019929 4.018150448799133 3.940230421721935 156.2321979925036 0.146062970161438 1.19360339641571 4625.613072745502 2778.63650264591 2106.844073206186 2.84328730404377 36.13467247784138 0.3562846034765244 195.7780027315021 6.671521253883839 3.513468496501446 3898.787784688175 909.8457787930965 7.964807249605656 155.2020213529468 53.97401805222034 1.222783997654915 59.24430991709232 20.00211326032877 2463.217156551778 2.203801870346069 632.588271252811 1488.644506298006 1710.083815060556 313.0631113797426 9.548872299492359 15.11666915565729 40.57823327183723 0.7236009687185287 0 4.431475661695004 0.1109992042183876 0 0 0 0.888840340077877 0.8744768798351288 0.1472476720809937 0 1.24745611846447 0 2.761178515851498 0.5365753546357155 0 0.5229010134935379 1.34474903345108 7.925381280481815 12.72060061991215 0 1.071108274161816 0.1652211844921112 0.3233042433857918 0.9942272901535034 6.4992501065135 321.6186814233661 348.4903691932559 1.087254695594311 0.5330408066511154 0.3961733356118202 3.120236791670322 0 0 3.932432986795902 1.305691912770271 20.1887232363224 13.7246371358633 12.02565021812916 0.8367949575185776 0.7163115590810776 0 0 0
4.523121237754822 0.08017372339963913 2.669547453522682 2814.164485141635 11.29335068166256 299.9401560649276 159.9627863317728 460.8877647742629 634.9023964032531 4583.57254229486 12.76174966990948 3561.135749347508 0.08176141232252121 266.5063585564494 392.074419029057 0.302258163690567 1.302946716547012 3.857722498476505 2.84328730404377 908.8239574432373 1.315097384154797 0.3807390332221985 2.169132396578789 360.1687997207046 0 6.188466615974903 2.911677733063698 1221.298681728542 162.8606195822358 7.038248270750046 0 8.716042287647724 3.540653996169567 59.84014965593815 5.597718745470047 400.0491100698709 7.925338603556156 212.9440784603357 55.94297002255917 375.2379779368639 15.45966821163893 3.113972470164299 4.117528408765793 0 0 0.7030852138996124 8.810618616640568 0.1506250500679016 13.26796275377274 98.86494115740061 51.14145416021347 53.20630408078432 95.95658890157938 1.257395602762699 91.75348763167858 0 26.39475905150175 18.1465964615345 17.52613238245249 0.249456487596035 0.1572643220424652 0 11.96215948462486 20.80207811295986 1.818083353340626 2.063624948263168 211.9780773818493 0.6160695552825928 0.7648248896002769 1.357019379734993 196.6401113495231 2.183396197855473 12.35421676188707 0 0.8154217377305031 0 2.247003443539143 0.8808860778808594 100.3031626716256 0.4730024933815002 8.957561537623405 0.756044901907444 145.7234279513359 0.7298643589019775 0.7439920157194138 0
163.3304844424129 12.21178997308016 2015.356923155487 4.521270044147968 0.1638930290937424 40.30228286236525 1183.419483780861 336.7100070267916 6.49038964509964 74.01929934322834 25.77784775942564 1.833412863314152 0.7481603622436523 415.815564468503 0.695663295686245 2213.548938162625 1013.882183693349 3.771576918661594 36.13467247784138 1.315097384154797 11412.08086396009 144.268851339817 17206.00118277222 484.4295468479395 1.943834692239761 135.5593290030956 1174.021323017776 5143.081776596606 311.2677085027099 11387.79285243154 0 3.286760874092579 135.1212754920125 2475.266334220767 150.7754376381636 5009.67892793566 358.5523623451591 3126.992591232061 1519.00552662462 220.0295580476522 12.08289968967438 6.483175277709961 43.03410527855158 2.478531375527382 0.5044532492756844 4.764085024595261 0 0 0.4126389175653458 9.548841290175915 0.9960149005055428 7.789185874164104 0.5629521757364273 1.072810500860214 0.1405751407146454 0 9.289082072675228 0.4250632673501968 206.0162634924054 3.281468145549297 0.09489104896783829 1.919996336102486 0 117.9107970967889 33.57219558954239 427.3011368811131 30.25499171763659 12.7895280867815 14.20498870313168 326.1945719942451 20.54211569577456 9.807820796966553 30.35352718085051 0.6556291580200195 0.2067988216876984 1.890178039669991 3.817274369299412 47.97637319564819 146.4951862767339 5.033844314515591 9.315305352210999 6.128968097269535 16.14198123663664 0 3.945972375571728 3.469054311513901
8.128151908516884 2385.90296009928 166.4132125228643 1.786294788122177 2.51357926428318 3.688108913600445 16.18664633482695 12.54115837067366 2148.819463327527 4.281645447015762 13.19503419846296 19.08098386973143 181.4580632522702 33.07494445890188 130.7479515969753 1338.447585918009 7.750984475016594 0.7648389488458633 0.3562846034765244 0.3807390332221985 144.268851339817 1240.35219168663 430.7740235030651 5043.742982432246 449.5229106545448 21.76899042725563 4106.857784979045 268.1621800810099 48.35687126964331 64.98516349494457 7.757953502237797 0.09109721332788467 22.84447198361158 32.54765527695417 2.613535895943642 346.1809325069189 76.33233921229839 110.0719237774611 19.02890530973673 115.9176165908575 1.926845669746399 13.39298065751791 0.4436745047569275 1.291079081594944 120.3604280427098 111.2639375552535 0 0.1485094130039215 1.063996188342571 36.00751764327288 3.137198507785797 82.08491878211498 3.798241443932056 1.257222414016724 0.2869905382394791 4.105314038693905 3.862465880811214 3.36788097769022 515.4013142883778 7.654353231191635 0.1132670342922211 4.158947601914406 0.2110726833343506 76.76511293649673 219.6873398572206 318.910509839654 120.3137133419514 9.775823719799519 131.5301991552114 5589.450987845659 36.91431120038033 6.494552664458752 9.882996112108231 0.4454410374164581 0.1353886872529984 0.5445044636726379 4.930007249116898 1.771855190396309 80.68210290372372 11.46117084473372 14.87948228418827 7.072070434689522 21.41614150255919 0.1839299649000168 0.4967713132500648 0.1359874308109283
133.2057806998491 11.16213292628527 10900.14550764114 4.634850934147835 0.2470006793737411 18.84210983663797 467.947615198791 142.4291350692511 5.813410423696041 32.58460013568401 42.76475686579943 0.876932866871357 0.5463304296135902 251.650896422565 0.7733232602477074 4521.036026075482 4513.080608487129 13.988839186728 195.7780027315021 2.169132396578789 17206.00118277222 430.7740235030651 17215.79815119505 722.5551513507962 1.343377262353897 1505.13600871712 8805.212329104543 2273.428177937865 247.9743515178561 3203.059996753931 0.1075265556573868 1.711545921862125 62.64334020763636 2821.46528044343 316.1104919016361 10120.95512621105 4763.954718977213 5519.337673798203 3168.753190375865 421.1156628727913 16.88044445961714 8.384914256632328 78.67139779776335 0.5443632155656815 18.16550080478191 100.1066365092993 0.4066759943962097 0 0.1087682321667671 11.14587343484163 1.147743880748749 15.38191270828247 1.261017605662346 0.2095385193824768 0.1241056546568871 0.2616882622241974 3.251285798847675 0.6338430643081665 111.6489961221814 1.97286519408226 0.2152601629495621 0.75987608730793 0.4121901392936707 41.6830252930522 85.78501814603806 174.3743322864175 20.10847818106413 0.3341478109359741 40.1747677847743 2356.043530471623 13.26128040254116 1.148957513272762 11.0713939294219 0 0 1.221552014350891 1.020025566220284 133.795421294868 205.8875669240952 3.92164184898138 9.969821892678738 4.481929428875446 5.175547942519188 1.509735867381096 4.387401536107063 0.3293477594852448
15.23540662229061 942.1904171928763 124.3164599761367 2272.007818073034 21.42577365785837 220.822629660368 912.7258803918958 561.3811718672514 5621.184070333838 541.5112622603774 12.16698279231787 499.6650170087814 60.0271484926343 295.6661196276546 1514.051145300269 1590.574377462268 27.21196538209915 2.950887702405453 6.671521253883839 360.1687997207046 484.4295468479395 5043.742982432246 722.5551513507962 5520.136477455497 177.8395038172603 64.05648010224104 2209.673718631268 6095.553965806961 241.6691746488214 91.05030892789364 2.668392211198807 4.828041322529316 64.98560975492001 117.444663643837 23.69962775707245 1114.850105434656 70.72927712649107 359.1835288628936 129.711727462709 500.8727213069797 12.30341709405184 13.22116061300039 8.885087989270687 10.10813560336828 4.986917585134506 18.03695859760046 29.04609924554825 2.1630789488554 36.95572482794523 398.4872279241681 238.9934088364244 306.8196681663394 209.8737415894866 8.104230254888535 72.36730628460646 2.248254038393497 137.817063473165 28.84623009711504 1150.80156198889 4.505157090723515 2.509543523192406 1.949528083205223 23.08619944751263 735.3018229827285 270.6369807198644 607.8503433838487 1048.433087728918 21.00864613056183 25.67749766260386 593.8670486211777 989.1945814862847 38.0767804980278 197.8942594751716 1.827505744993687 6.392257459461689 3.957754381000996 22.76648950576782 7.447454988956451 261.5699955299497 4.795061372220516 73.77904358506203 16.55873749405146 235.5372617691755 7.745447650551796 9.048109285533428 3.027850061655045
0 1186.512571945786 1.265977576375008 0.09109929203987122 0.1578692495822906 0.4760158434510231 0.2167913094162941 1.049226783216 135.253239274025 0.2963845208287239 442.7818064391613 1.170791424810886 4211.693956412375 0.3190695270895958 9.331397943198681 17.93080783635378 2.05950129032135 32.34703104197979 3.513468496501446 0 1.943834692239761 449.5229106545448 1.343377262353897 177.8395038172603 187.2544548287988 332.6258198097348 5057.432786233723 6.473110526800156 0.5290467068552971 0 266.6080904975533 0.2739809453487396 0 7.872127391397953 2.402851670980453 10.87193711102009 133.9420009925961 82.84622968733311 12.54505758732557 9.192008480429649 5.538498565554619 229.6423673704267 0.7720232009887695 0 19.92687704414129 0 0 0 0 0.321767657995224 0 0 0 84.67096595466137 0 413.6652360334992 0.2705025300383568 0.2990502417087555 0 0.5784515142440796 8.932484023272991 3.037649475038052 0 0.1813478618860245 0.4697283953428268 0 0.09216297417879105 77.46658280491829 189.0306897982955 582.9067012891173 0.1116603910923004 0.1508941054344177 0.2578937634825706 40.94303395599127 0 0 5.487478315830231 0.489955797791481 6.777679912745953 65.81853859126568 13.77610711753368 1.206545695662498 0 0 58.77514296025038 0.1271263062953949
106.8114788681269 46.9220772087574 6506.606926225126 7.296493545174599 10.03729800879955 49.70625375211239 282.7611153125763 308.4971623718739 9.069905817508698 56.06573957949877 3002.430319480598 8.534240230917931 912.7247971147299 475.3411697596312 2.166860461235046 5.197855912148952 1746.260234624147 2869.401467129588 3898.787784688175 6.188466615974903 135.5593290030956 21.76899042725563 1505.13600871712 64.05648010224104 332.6258198097348 20871.30483774096 8686.553748652339 101.105767019093 258.8859773427248 150.7849636748433 555.1196983084083 89.12909578531981 29.0122387856245 1833.79177968204 16.31888475269079 3054.19386292249 8130.636591292918 4190.183873802423 796.044415153563 47.37048511207104 23.36474806070328 244.1184374243021 9.189175367355347 0.6324463784694672 68.16177476197481 1.455352492630482 0 0 0.1087769642472267 7.861826524138451 1.110975511372089 0.2294069454073906 0.5705212131142616 103.8431082069874 0 717.1334656178951 3.689297959208488 0 6.165494099259377 13.90348268300295 126.3316733464599 84.21958736330271 0.575348898768425 2.849624827504158 1.893706403672695 5.148944847285748 2.033026285469532 197.3240280598402 1658.243868201971 2595.267193853855 3.166801109910011 1.257367745041847 4.565630175173283 187.481373347342 0.203172393143177 0.1285945773124695 21.14429003000259 9.071660593152046 124.444931127131 162.7458852156997 73.33185237646103 7.621378362178802 0.8403260335326195 0.3206469267606735 5.290647983551025 0.1126486584544182
74.80767556279898 6129.999877810478 4575.953406915069 16.4944434016943 3.099368907511234 29.52690660208464 371.4961441755295 144.9369314834476 267.44679967314 77.1974141895771 1131.858489483595 9.116908267140388 4043.91067622602 284.9558715596795 26.55291373282671 3918.929943099618 4247.854791171849 701.9942409396172 909.8457787930965 2.911677733063698 1174.021323017776 4106.857784979045 8805.212329104543 2209.673718631268 5057.432786233723 8686.553748652339 28723.253619425 1325.774225220084 309.7499755173922 205.5840817093849 711.6551579684019 38.65080318599939 58.32714752852917 2958.989717595279 92.57060919702053 6424.272133350372 5288.399986766279 6653.613431192935 1056.911810547113 153.9302257373929 9.970472954213619 134.6686381474137 18.64049969613552 4.403114557266235 1132.327511325479 295.9062938466668 0.3476849794387817 0 1.526044368743896 73.8481821641326 12.56988362967968 4.123913168907166 3.243121236562729 117.3226940706372 0.4137203171849251 731.9028786569834 24.05222705006599 0.7335590198636055 137.271164894104 102.7381620630622 164.4230901524425 284.9921827837825 0 33.04922412335873 45.20813883841038 65.27726332098246 36.76223812252283 672.536328278482 5371.287701629102 16249.31845635921 30.3726502507925 6.968370787799358 13.5275122076273 251.9574734792113 0.4326537922024727 0.8529439568519592 100.9886599108577 50.74680982530117 531.5125517100096 509.1177821457386 328.5409326851368 45.79114155471325 11.04698521643877 1.391587950289249 11.67352441698313 1.14089198410511
42.12503391504288 31.57515460252762 447.3567736595869 2480.167384274304 3.415782585740089 341.9508902207017 11121.8716629222 888.982852011919 1223.517089441419 3805.942843832076 13.99734254926443 843.583324842155 2.28855836391449 662.5981916040182 121.8322024047375 1176.01264628768 48.30898376554251 6.442858003079891 7.964807249605656 1221.298681728542 5143.081776596606 268.1621800810099 2273.428177937865 6095.553965806961 6.473110526800156 101.105767019093 1325.774225220084 15903.66292633116 559.6765288859606 6310.944807432592 0.2012539431452751 10.8115406408906 246.1446664109826 327.6873429939151 86.74308574944735 3317.975701443851 105.2902860343456 1049.983305737376 520.6314721554518 308.7977294400334 33.96149417757988 14.59310453385115 25.12213014066219 12.87016917765141 2.235923685133457 13.74012666940689 39.73391775786877 2.110391579568386 39.84197593480349 462.1288575381041 276.4978873878717 212.5256621614099 299.128542676568 10.89161406457424 59.67027244716883 3.230436392128468 175.4996290355921 27.75389824807644 997.5727145895362 4.919475950300694 3.28427105396986 3.102098897099495 44.02804332226515 787.6478643938899 138.0569417625666 623.2051452621818 938.5744531527162 34.94870980083942 15.2029782012105 397.2151326835155 1009.116190828383 44.53836742788553 271.3260240256786 0.8636867851018906 10.95669742673635 6.278795763850212 22.27517043799162 21.00150835514069 444.6903564855456 10.45345189422369 80.46126510947943 22.85480038821697 337.9690201506019 9.118631891906261 12.00956483185291 5.711522839963436
