222.30352845788 0.2793014198541641 349.3332320079207 0.7882424220442772 0.3950780928134918 4.661930918693542 2191.774666070938 270.56646245718 2.856145419180393 34.95634631067514 5.751143559813499 0.3889345675706863 3.239378400146961 3645.79468858242 0 2.499266751110554 224.2605014443398 7.364064298570156 72.50741443037987 0.3282118663191795 54.13216692954302 7.787142395973206 78.30032459646463 127.0976034253836 0 114.3660075291991 48.7844282835722 77.53476086258888 3332.510149113834 1562.000325500965 0.4374886304140091 28.46511470526457 95.57258109748363 92.75695767998695 0.3359392583370209 23.04247751832008 16.83467704802752 35.02752143889666 5.042086988687515 1.386632911860943 1.495209828019142 1.166930794715881 0.1169353947043419 0.2378783673048019 0.3589005395770073 0.5115742981433868 0.7432449609041214 0 0.09998221695423126 14.08301873505116 0.2758944034576416 1.701087690889835 0.4597438424825668 1.276445627212524 0 2.583207845687866 1.319178998470306 0 2.527882814407349 0 0 0 0.13254314661026 3.848217681050301 0.2779667377471924 1.867289640009403 19.53449030220509 0 0.08079448342323303 3.525377131998539 17.20602276921272 0.9869702979922295 5.559094622731209 0 0.5425868332386017 0.1114326417446136 0.5253043994307518 0 5.26771368086338 0.3286774456501007 2.528206892311573 0.914771780371666 0.6568735539913177 0.2243579477071762 1.277548670768738 0
0.2793014198541641 48.32612765580416 306.6143356338143 2.330913715064526 2.054015755653381 0.9231629148125648 24.35297455638647 1.594070129096508 801.0134779959917 2.067191697657108 112.6733147501945 4.381566494703293 717.7082710489631 3.431835763156414 29.70151374489069 529.0506170392036 402.4887348711491 0.9271598532795906 6.757286347448826 2.391313873231411 44.30295681208372 2211.192340068519 51.96751026064157 1106.603843718767 1486.993272714317 783.9567999020219 8198.024655804038 62.0464648976922 3.868552267551422 10.94089794903994 42.05912608653307 0.3078931719064713 0.5008684769272804 42.51037154346704 4.822133965790272 482.9375939145684 600.1562486290932 193.6102596521378 112.4004941657186 89.48617523163557 0.9152189642190933 174.0335491746664 0.7970485687255859 0.09564714133739471 35.30048667639494 98.19068495184183 0.1083002164959908 0 0 0.7071075588464737 0.1632734686136246 4.184659577906132 0 3.582133837044239 1.36058896034956 20.4891547113657 0.5319152772426605 0 8.966411635279655 14.32895790040493 0.7838434725999832 6.887166053056717 0.1987342685461044 1.010348841547966 22.82526448369026 6.999002628028393 7.404724337160587 13.20977531373501 125.5382489189506 1431.052926361561 2.341149784624577 0.2683225721120834 2.233003437519073 0.8482361063361168 0 0 0.2932168841362 1.254454240202904 5.112189240753651 9.244165807962418 4.934541791677475 2.516915671527386 0.3225293010473251 0 11.62646760046482 0
349.3332320079207 306.6143356338143 2960.539774395525 0.8586023673415184 0.2409606724977493 19.86635752022266 3197.08062749356 420.0767325460911 0.6912178918719292 79.86957639455795 16.79881327599287 0.1684900671243668 17.24274714291096 1376.50560317561 0 17.92915292084217 7309.576467558742 31.29745279997587 188.931155346334 0.1728156730532646 970.7507894560695 86.86625974625349 9710.702864319086 186.782165825367 1.383536487817764 5374.10068154335 6960.296078920364 289.698020644486 296.7303013876081 1079.662398017943 1.587882362306118 11.71748974919319 34.69223205000162 630.1803239360452 32.1078729480505 1713.436982192099 1241.263487055898 2050.609911613166 1192.83063980937 146.5950091481209 10.65865261852741 12.63893447071314 13.075295381248 0.7225492671132088 217.1636883839965 465.5562138780951 0.462497279047966 0 0.2214634940028191 18.32556556910276 5.768280558288097 2.566074006259441 2.149663552641869 2.976699613034725 0 1.186973184347153 8.904777660965919 0 57.90245799720287 33.44765344262123 0.1037618741393089 5.039606139063835 0.09649605304002762 32.80823650956154 192.3938678950071 107.3091899603605 43.45236299932003 2.631479077041149 47.33900467306376 3361.734352581203 30.43181642889977 2.596076533198357 16.83190761506557 0.2228393033146858 0.5099051520228386 0 3.28782557696104 5.107196539640427 18.04302907735109 13.16937812417746 21.44693664461374 8.657611958682537 4.191088415682316 0.6426278948783875 0 0.3381371200084686
0.7882424220442772 2.330913715064526 0.8586023673415184 1036.926443606615 9.485210441052914 221.371717363596 11.46238184720278 28.26165905594826 1020.429793313146 1492.689049132168 6.043367654085159 5357.523272573948 4.506238117814064 29.88664201647043 216.9509701505303 0 0 0.6397496834397316 1.494470223784447 1470.956296995282 0 6.721604563295841 0.1837743148207664 482.364349372685 0 2.209894895553589 2.733574062585831 2716.169671177864 42.41605150699615 0.1927756816148758 0 18.83105529844761 2.527282014489174 40.23731732368469 1.343901306390762 203.4590644091368 2.117177233099937 53.69373151659966 16.44650281220675 525.0382354035974 15.40459044277668 3.965061627328396 5.30371717363596 0 0 0 178.2569997981191 0 5.388723343610764 88.32260554283857 1.438875652849674 99.77348808944225 176.0147391334176 8.246642008423805 173.8407581746578 0 1.40580815076828 1.824431866407394 0 0 0 0 135.7109590247273 0 0 0.09359322488307953 205.7460522279143 0 0 0.2824167013168335 284.6523582786322 0.7354842126369476 0.5460017174482346 0 0 0 0.2798841372132301 0.4629180729389191 10.493184030056 0 4.243888385593891 1.59727580845356 40.66574195027351 0.1649340838193893 0 0
0.3950780928134918 2.054015755653381 0.2409606724977493 9.485210441052914 2.211590446531773 369.923062518239 3.68804294615984 50.87824594974518 98.92492896318436 35.65779861807823 72.78016375005245 200.4183290153742 8.737468026578426 2.916934259235859 1911.719041749835 0 0.6258241683244705 2.644132427871227 5.530112765729427 21.97823096066713 0 2.145165286958218 0 24.86329603940248 0 3.449683383107185 1.519819743931293 7.965875148773193 0.3592464476823807 0.09352127462625504 0 0.2138158529996872 0 83.16911015659571 0 12.138318374753 0.6214461773633957 131.7335192635655 30.97710988670588 1556.982881255448 8.257474854588509 0.2168925404548645 0 0 0 0 0 0 0 0.5530567169189453 0 0 0.3592532575130463 0 0 0 0 0 0.1275888383388519 0 0 0 0.2451807111501694 0 0 0 1.157772444188595 0 0 0 0.5262003168463707 0 0.09497304260730743 0 0 0 0 0 0 0 0 0 0 0 0 0
4.661930918693542 0.9231629148125648 19.86635752022266 221.371717363596 369.923062518239 5769.946405664086 2863.851390950382 5901.558354973793 73.6982898414135 8052.038729071617 121.651926137507 2647.839846372604 27.20734129846096 366.9003230854869 1580.028795845807 0.6706538945436478 6.733968764543533 10.39347047358751 25.02523394674063 828.9937967509031 4.876524105668068 1.565168008208275 2.576161280274391 49.14884420484304 1.501402266323566 23.10609302669764 5.774079382419586 228.1296444609761 221.4682554975152 5.649919807910919 0.7690328434109688 950.0201191976666 1.109139434993267 384.6007469967008 2.810098931193352 285.1243431121111 7.003231257200241 468.60694219172 45.06393897533417 2332.598834000528 171.8987515494227 2.820711970329285 5.068614237010479 0 0.1791220307350159 0 7.748442411422729 0 0.2368758991360664 11.10746744275093 0.7688289433717728 4.391387894749641 7.93006656318903 0.1965012848377228 9.910130053758621 0 0.7351731583476067 0.2657725512981415 0.279566615819931 0 0 0 9.521308645606041 0.5240212082862854 0 0 15.96023511886597 0 0.2236418202519417 0.4550983607769012 20.45118308067322 0.08349191397428513 1.476316228508949 0 0 0 0.5319311171770096 0.3445882201194763 4.882902391254902 0.360075056552887 0.8950456008315086 0.764985978603363 3.794867068529129 0 3.376776456832886 0
2191.774666070938 24.35297455638647 3197.08062749356 11.46238184720278 3.68804294615984 2863.851390950382 10688.95942305773 3366.909328207374 319.0972497463226 5485.275307156146 28.62676548212767 52.70131111890078 54.05604067444801 8099.339105159044 31.9560953527689 71.8058021068573 130.6427436992526 4.812294229865074 21.82408303767443 11.14726651459932 3453.668594203889 65.91862060874701 1560.590510092676 2810.343176729977 1.394629158079624 100.8716509714723 919.6235100105405 8594.694308377802 1293.026044823229 2247.459067195654 0.6251241713762283 66.91531431674957 230.9274372458458 570.5632069259882 60.83751258999109 1462.948169186711 80.39959166198969 878.551675029099 449.8416435569525 108.8812548294663 131.9571324363351 24.24918505549431 33.57953369617462 2.796370670199394 3.656981371343136 5.145701728761196 98.5508578941226 0.724160723388195 9.219975039362907 922.990601323545 36.73273466527462 291.2841517552733 187.7111942395568 18.67254424095154 49.42647295445204 12.72509478777647 37.49565959721804 5.385255634784698 27.11052031815052 0.9509659484028816 1.309233427047729 0.1151115074753761 62.18462976068258 45.096615254879 8.183471769094467 18.84394674003124 994.7930422499776 0.09151314944028854 1.786306388676167 50.53721550107002 932.7686921283603 26.27391914278269 88.17236898094416 0.1030969321727753 3.903036333620548 1.229536980390549 18.14198541641235 6.405199341475964 154.6926606222987 4.680040702223778 109.372034072876 34.06216281652451 100.0842540413141 20.38189937919378 13.88922768831253 1.550345733761787
270.56646245718 1.594070129096508 420.0767325460911 28.26165905594826 50.87824594974518 5901.558354973793 3366.909328207374 13235.30162190646 21.17696929723024 3934.605892904103 178.8061207905412 90.95769106596708 37.62051495909691 6349.957492537796 21.44183122366667 6.856656596064568 124.0528593659401 21.36973728984594 93.65064359456301 70.69996926188469 115.3030752763152 18.10026299953461 71.0577167160809 651.0591909587383 1.736347138881683 130.6053274869919 67.59090239554644 282.9752972945571 645.1639474928379 186.6878828331828 2.013136252760887 723.6424025893211 12.55010218918324 605.4166213646531 5.056330807507038 205.8139813095331 54.66720509529114 402.3728981763124 48.63332081586123 346.9857513159513 127.783021017909 7.054838053882122 5.023663453757763 0.4698622226715088 0.5206578448414803 1.175032787024975 9.013238653540611 0 0.9229434281587601 127.2483254000545 4.543891713023186 21.30860376358032 14.95016508549452 1.397403657436371 4.802430517971516 3.20515388250351 6.612575195729733 0.889026515185833 5.494579322636127 0 0.5481006130576134 0 6.083456106483936 14.5485992282629 1.39589461684227 4.724420204758644 130.5062701702118 0.1424953490495682 0.6267724484205246 7.406276054680347 122.7097141891718 2.244660727679729 31.00537859648466 0 0.3392296433448792 0 2.395565554499626 0.8567603826522827 27.89893905818462 0.9739101380109787 10.87054091691971 6.310994118452072 14.88141689449549 1.866646319627762 4.5476985424757 0.115043081343174
2.856145419180393 801.0134779959917 0.6912178918719292 1020.429793313146 98.92492896318436 73.6982898414135 319.0972497463226 21.17696929723024 696.330993950367 376.3273766487837 0.47380231320858 296.9806900024414 15.20009502023458 31.18193109333515 914.045713044703 13.58915397524834 1.427641198039055 0 0.2047301083803177 529.9416992142797 4.386350110173225 1551.417748644948 2.580906175076962 3748.865133196115 87.53497231006622 38.02691054344177 427.9723212197423 1650.687273494899 16.17056073993444 55.24863309413195 0.9920675233006477 0.9225135371088982 4.646566189825535 6.501510940492153 1.422240301966667 45.14918749034405 4.337347842752934 10.74555411189795 6.191281840205193 652.2676987797022 4.286549925804138 1.21958988904953 0 3.107127323746681 0.6310304254293442 1.354390256106853 82.99305317550898 1.006035551428795 1.76133705675602 226.7362750098109 15.10073577612638 105.504094645381 90.38820160925388 1.311852842569351 37.0148316770792 0.1846206709742546 18.79498733580112 8.198560029268265 8.647795401513577 0.508798360824585 0.08136756718158722 0.3119640275835991 54.51913438737392 19.45588754862547 5.517836280167103 3.133349806070328 788.8108173012733 0 0.5990557447075844 2.269304804503918 386.5934249907732 13.47714262455702 69.69424879550934 0.08168680220842361 0.5689510926604271 0.6374833732843399 3.845319755375385 1.585275739431381 35.88668270409107 3.161652497947216 17.55582709610462 6.042598627507687 74.38514289259911 1.193705804646015 0.136450469493866 0.1116474941372871
34.95634631067514 2.067191697657108 79.86957639455795 1492.689049132168 35.65779861807823 8052.038729071617 5485.275307156146 3934.605892904103 376.3273766487837 13928.85145556182 104.80010817945 4606.226222768426 52.80790840834379 2184.898236989975 401.4711315780878 1.101468622684479 5.25889889895916 14.12609588354826 27.98916575312614 1831.888425752521 36.24708124250174 3.803568676114082 19.1291359513998 498.5335677936673 2.86799218505621 33.00579945743084 28.12338221073151 2286.453240811825 1127.392380639911 7.04559314250946 1.697014912962914 286.5966863632202 33.88378259539604 1065.026863269508 59.25862942636013 2463.209354676306 32.44332295656204 1494.849393054843 341.2500252872705 1104.79053901881 422.3225778192282 19.12761832773685 54.92027471214533 0 0 0.08921881765127182 229.2479766011238 0 11.68393016606569 252.9917221441865 5.801797918975353 106.833190433681 263.5663756653666 0.8513662070035934 145.3930920809507 3.9572434425354 4.951480895280838 1.035874724388123 1.359945453703403 0 0.3930980563163757 0.105339802801609 163.0794920772314 3.200669974088669 0.5860820785164833 1.086621761322021 313.9639613851905 0.1384664326906204 0.09419066458940506 1.007062114775181 455.0607317984104 2.20883621275425 7.803151592612267 0 0.55136738717556 0 3.090564131736755 2.683710694313049 66.429701782763 0.5230628475546837 17.16732707619667 8.716963939368725 89.71002092957497 2.962310194969177 3.429868802428246 2.087273634970188
5.751143559813499 112.6733147501945 16.79881327599287 6.043367654085159 72.78016375005245 121.651926137507 28.62676548212767 178.8061207905412 0.47380231320858 104.80010817945 7639.928113177419 15.61656742542982 1147.533687017858 38.53410939872265 0.1018995717167854 1.528990522027016 199.8125952258706 3024.134412825108 3693.607119888067 16.62574361264706 29.76061137020588 8.661523744463921 49.60594279319048 16.16696597635746 441.1681870445609 1415.916744552553 171.2927484884858 12.8529670573771 453.820656105876 30.01431701332331 300.0059846416116 898.9969321191311 13.10045750439167 5912.548095211387 0.5343409106135368 93.64494971930981 1525.311738431454 4717.784881815314 264.1855563446879 83.05780927091837 21.5560856461525 276.8191703334451 4.009631156921387 0 17.17158699035645 0.1078239604830742 0.2838369309902191 0 0 0.8711610287427902 0 0.7524564936757088 0.2656126022338867 74.09914248436689 0 327.5247041583061 0.1524951905012131 0 0.2086958885192871 0 7.885125912725925 1.682230792939663 0 0.2897278070449829 1.638515681028366 0 0.9205823913216591 62.21713075041771 59.89331746101379 81.17947317659855 1.457023397088051 0 0.3370683491230011 42.39671179652214 0 0.1078706085681915 0.4430803954601288 0 6.497615449130535 126.4294230267406 5.51426524668932 0 0 0 96.50011183321476 0
0.3889345675706863 4.381566494703293 0.1684900671243668 5357.523272573948 200.4183290153742 2647.839846372604 52.70131111890078 90.95769106596708 296.9806900024414 4606.226222768426 15.61656742542982 5896.576909355819 26.41449451446533 62.26953550428152 1532.359777718782 0 0.4176860228180885 1.554041296243668 3.107645846903324 3436.929022140801 0 14.80427167564631 0.2977548837661743 164.3010552302003 0.8583198115229607 3.541539303958416 2.192867241799831 2879.731779120862 90.25775880366564 0.3309460133314133 0.1803418472409248 69.83653801679611 0 79.86456155776978 0.1562200039625168 498.023911871016 0.9533273726701736 86.68841111660004 6.303038761019707 966.4310843870044 24.17907029390335 5.766526088118553 0.5604872107505798 0 0 0 161.5585504770279 0.1526434421539307 8.599575579166412 14.70015700906515 2.218700625002384 18.7351476252079 151.7686405256391 8.141475506126881 222.4599590301514 0.1917973160743713 0.567638635635376 5.605220079421997 0.1562584489583969 0 0.09513247013092041 0.1210306137800217 138.1830874681473 0.1571237295866013 0 0 60.08282382041216 0 0.1900374069809914 0 130.0228294953704 1.394899018108845 2.116597712039948 0 0.1973766833543777 0 1.68865804374218 0 6.747219882905483 0 7.867123991250992 3.058697313070297 41.79219877719879 0.9549915790557861 6.050005912780762 0.5354663133621216
3.239378400146961 717.7082710489631 17.24274714291096 4.506238117814064 8.737468026578426 27.20734129846096 54.05604067444801 37.62051495909691 15.20009502023458 52.80790840834379 1147.533687017858 26.41449451446533 3019.358482383192 15.8317949026823 0.1473004370927811 22.60734053701162 6.846453592181206 31.5865879803896 23.15994787961245 5.133318476378918 38.83625909686089 64.62122523784637 88.45153126120567 35.01061358302832 2656.983098097146 166.4349213093519 1005.91545137018 39.67299994081259 17.93790460377932 63.07253605127335 503.4503055289388 55.42847001552582 4.190658092498779 694.9891922399402 139.7556889206171 2839.632862620056 5192.205340906978 5290.538238942623 931.6471791937947 406.4747823774815 34.16877526789904 1657.36523874104 18.52305044233799 0 128.5161118656397 1.279086381196976 0 0 0 2.692221395671368 0.1058690547943115 5.460378885269165 5.351870149374008 193.6100097000599 0 1030.134370937943 0 0.0745074525475502 2.476757742464542 0 20.317432500422 18.91883710771799 0.2841331958770752 8.200431525707245 0.7586242258548737 3.363126575946808 6.08540290594101 343.0601765885949 289.5665888115764 394.0201781764627 5.525212995707989 0 8.650154367089272 144.9990551769733 0 0 4.131084129214287 28.0314707159996 438.0023468881845 399.4627741873264 14.00958062708378 17.73956990242004 80.51013574004173 2.701624631881714 337.7939792945981 0
3645.79468858242 3.431835763156414 1376.50560317561 29.88664201647043 2.916934259235859 366.9003230854869 8099.339105159044 6349.957492537796 31.18193109333515 2184.898236989975 38.53410939872265 62.26953550428152 15.8317949026823 11709.52005667239 0.3060488775372505 16.25551710277796 604.9434016570449 26.7980100363493 231.399424161762 62.85988402366638 267.9710217192769 31.52975918352604 252.0194964706898 999.1273692250252 0.243780180811882 356.3994316011667 215.6059019416571 573.8506360650063 3849.908688340336 1642.741321973503 0.3699591532349586 426.8350053653121 31.37505071610212 256.5718218311667 3.421091645956039 246.0704827681184 92.04598038643599 162.3083325251937 46.25048314779997 47.9416536167264 16.32564491778612 8.126375988125801 10.18493835628033 2.846796438097954 0.9404652193188667 5.47805405408144 8.95914700627327 0 0.7525811493396759 134.7210139855742 8.476642645895481 24.42332779616117 14.20166257768869 1.8163226172328 6.302879109978676 4.359337270259857 10.88208639621735 0.2002041786909103 11.9778086617589 0.3263301104307175 0.2810530290007591 0.1570344567298889 5.499301642179489 33.51606998592615 3.583363644778728 9.001630298793316 159.9961137250066 0 0.710124135017395 16.73206981271505 162.4181970655918 4.099982008337975 34.96602722257376 0 0 0.4284456521272659 3.706157952547073 0.8405706882476807 37.95468381792307 1.476592056453228 18.80240440368652 6.898673996329308 16.37955907732248 3.031365402042866 5.277639150619507 0
0 29.70151374489069 0 216.9509701505303 1911.719041749835 1580.028795845807 31.9560953527689 21.44183122366667 914.045713044703 401.4711315780878 0.1018995717167854 1532.359777718782 0.1473004370927811 0.3060488775372505 147.1667524725199 0.1149947345256805 0 0 0.1048645600676537 373.6692525371909 0 61.27247207611799 0.0852438285946846 706.1764396652579 2.250981144607067 0.9293732270598412 13.19366116076708 155.4965488165617 3.73626870661974 0 0.2343496978282928 184.3064430654049 0 0.2195477187633514 0 19.52857772260904 0 0.4671100750565529 0.09634053707122803 506.6240937262774 63.08536502718925 0 0 0 0 0 1.666759103536606 0 0 1.239693999290466 0 2.248810157179832 1.019582808017731 0 0.6028562933206558 0 0.150663360953331 0 0.2904033660888672 0 0 0 3.913801267743111 0.4796931222081184 0 0 1.854417018592358 0 0 0 4.199756868183613 0.1325234621763229 0.8287109881639481 0 0 0 0 0 0 0 0.3416813760995865 0 3.384014189243317 0 0 0
2.499266751110554 529.0506170392036 17.92915292084217 0 0 0.6706538945436478 71.8058021068573 6.856656596064568 13.58915397524834 1.101468622684479 1.528990522027016 0 22.60734053701162 16.25551710277796 0.1149947345256805 4770.435483857989 2.694333910942078 0.3726571649312973 1.300524786114693 0 3277.748285576701 3584.150879047811 3430.664883010089 2090.545919246972 21.11851093918085 11.16990441083908 3040.550320893526 1726.676588326693 21.84023036807775 151.460968747735 0.3048255145549774 0.1863071247935295 9.121010549366474 77.06625901907682 25.91659450531006 1726.142561525106 735.7273631766438 391.6490223109722 962.1529515534639 25.27727808058262 5.109549559652805 12.74426227807999 12.61438054591417 2.328066870570183 0.8287180736660957 10.00411472469568 1.549475453794003 0 0.7252875939011574 31.20309587568045 9.086403921246529 28.17661127448082 1.365039207041264 6.005787901580334 1.646961711347103 8.354952849447727 14.96940569579601 0 1913.766889162362 0.3436762243509293 0.1830120757222176 0.3931435197591782 0.6194254159927368 280.4173922911286 502.4479248300195 988.2778353467584 334.6818206161261 0 2.108071908354759 285.8815870210528 195.1448535844684 10.04472735524178 63.48045406490564 0 0.812236025929451 0.1146942675113678 4.177956409752369 3.283498086035252 40.84795301407576 8.92270740121603 10.90033075213432 12.72153477370739 11.19750165194273 3.419254958629608 2.184230118989944 0.1324670314788818
224.2605014443398 402.4887348711491 7309.576467558742 0 0.6258241683244705 6.733968764543533 130.6427436992526 124.0528593659401 1.427641198039055 5.25889889895916 199.8125952258706 0.4176860228180885 6.846453592181206 604.9434016570449 0 2.694333910942078 1950.885372720659 276.8137153238058 3992.870813339949 0.8273943439126015 1206.314709290862 2.39380832016468 1692.114259764552 8.220388561487198 1.012938261032104 1756.023769915104 4813.825012207031 8.398125007748604 694.2880740761757 3380.302827343345 1.254006542265415 22.53940261155367 74.27619234472513 2939.934864997864 1.473629131913185 143.5516756474972 694.1166054457426 1117.836623974144 96.70486894249916 5.4892712906003 1.50861170142889 8.203496813774109 0.9973584786057472 0 15.04360058903694 16.60235224664211 0 0 0 0.1288628876209259 0 0.2109568044543266 0 0 0 0.5975859463214874 0 0 0.7605924010276794 1.450630851089954 0 1.166676253080368 0 0.6555530801415443 2.082127712666988 1.564052671194077 1.305973194539547 0.5043620094656944 33.48609171807766 111.2895479649305 0.625862829387188 0.2616143226623535 0.2831527218222618 0.7506201192736626 0 0 0.09805415570735931 2.068438768386841 0.1334162652492523 1.833655893802643 0.6992729678750038 0 0 0 0 0
7.364064298570156 0.9271598532795906 31.29745279997587 0.6397496834397316 2.644132427871227 10.39347047358751 4.812294229865074 21.36973728984594 0 14.12609588354826 3024.134412825108 1.554041296243668 31.5865879803896 26.7980100363493 0 0.3726571649312973 276.8137153238058 127.0253204107285 2306.202977158129 1.936522208154202 6.602988623082638 0 24.92687800526619 1.459083780646324 10.3882379680872 439.9633870124817 103.9601080417633 2.724313601851463 76.43547554314137 25.13588913530111 15.98546229302883 82.02288436517119 7.408879861235619 636.263224132359 1.03805086016655 78.14456068724394 329.9279998987913 1100.431384548545 113.4146664366126 9.345736309885979 1.337060570716858 4.682708047330379 0.3833137899637222 0 1.326337456703186 0.3667661249637604 0 0 0 0.4338728114962578 0 0.07204026728868484 0 0.9090307354927063 0 13.94105982780457 0 0 0 0 2.189703434705734 1.692100837826729 0 0.07624328881502151 0 0.1115214452147484 0 3.764967657625675 22.33865355700254 30.89240655303001 0.5376108810305595 0 0 4.398115217685699 0 0 0 0.4235271513462067 1.168802425265312 3.816156983375549 0.2940760552883148 0 0 0 0.284771591424942 0
72.50741443037987 6.757286347448826 188.931155346334 1.494470223784447 5.530112765729427 25.02523394674063 21.82408303767443 93.65064359456301 0.2047301083803177 27.98916575312614 3693.607119888067 3.107645846903324 23.15994787961245 231.399424161762 0.1048645600676537 1.300524786114693 3992.870813339949 2306.202977158129 2644.49885519594 4.112049624323845 78.01154106110334 0.3725052401423454 289.0873660743237 4.472295038402081 34.26301231235266 2404.707151211798 491.005304813385 6.436581335961819 515.6560437269509 312.1598182246089 7.674913488328457 194.5648955591023 71.54522896558046 4657.703402452171 1.679706394672394 296.7273288294673 608.3833359703422 2919.896776735783 264.3547964990139 21.96710025519133 1.801089897751808 5.830203607678413 0.7874109297990799 0 22.50178356468678 2.51350474357605 0.1749599277973175 0 0 0.2912740185856819 0 0 0 1.128139644861221 0 5.052729591727257 0 0 0.08178022503852844 0.3235769718885422 1.606416061520576 16.29887714236975 0 0.3872607722878456 0.5511135756969452 0.1098625212907791 0.4294208660721779 7.891661755740643 120.5553100705147 186.8149925842881 0.7064745649695396 0 0.1405867338180542 1.46840888261795 0 0 0 0.418256402015686 1.997221939265728 2.020803213119507 0.5356868505477905 0.8573894128203392 0 0 0 0
0.3282118663191795 2.391313873231411 0.1728156730532646 1470.956296995282 21.97823096066713 828.9937967509031 11.14726651459932 70.69996926188469 529.9416992142797 1831.888425752521 16.62574361264706 3436.929022140801 5.133318476378918 62.85988402366638 373.6692525371909 0 0.8273943439126015 1.936522208154202 4.112049624323845 163.2415969446301 0.07974250614643097 4.230773754417896 0.4462038576602936 141.5766542851925 0.1012191846966743 3.167862057685852 1.916346743702888 1091.010252311826 94.48242703825235 0.09452304244041443 0.1665549650788307 53.31318005919456 0.6286531835794449 82.15334703028202 1.525455102324486 233.4824345931411 3.311811313033104 106.6490167379379 15.06982960551977 609.7931010723114 30.88259509205818 6.568357363343239 2.276885256171227 0 0 0 70.27861074358225 0 1.389550805091858 32.74536691606045 0.6953957974910736 35.88177779316902 71.80188077688217 0 41.45681200921535 0 0.2103906720876694 1.869140207767487 0 0 0 0 53.9927076920867 0 0 0 70.70041487365961 0.1089009642601013 0.1082725003361702 0 100.4825446531177 0.1455944776535034 0 0 0 0 0.09222691506147385 0 8.254687733948231 0 5.062605068087578 0.437309056520462 18.99816265702248 1.392509207129478 0 0
54.13216692954302 44.30295681208372 970.7507894560695 0 0 4.876524105668068 3453.668594203889 115.3030752763152 4.386350110173225 36.24708124250174 29.76061137020588 0 38.83625909686089 267.9710217192769 0 3277.748285576701 1206.314709290862 6.602988623082638 78.01154106110334 0.07974250614643097 6623.038904875517 597.8169556707144 12073.04782595485 503.5439055338502 3.163042955100536 50.81082905828953 334.188039906323 4560.216768078506 564.0162855684757 9185.625272601843 0.08152306079864502 3.1745480671525 109.8572845384479 3522.084111951292 82.45806960761547 2961.070812612772 475.8203212693334 4004.193649724126 2629.387413844466 29.88465644419193 10.27728945016861 14.18965179473162 26.9228727966547 5.201241537928581 0.2766960188746452 8.910365596413612 1.167294979095459 0 0.7433433905243874 39.04715257138014 15.81679344177246 25.08744215220213 2.690232366323471 5.603148065507412 0.8280437961220741 12.92923563718796 22.26328932493925 0.09724661707878113 288.6210265681148 0.6313640773296356 0 0 0.8390883803367615 278.3355426043272 54.66030480712652 179.4027463197708 313.5599127039313 0 1.090541362762451 12.46396335214376 197.853778898716 15.10522519797087 90.67061407119036 0 0.4410474300384521 0.3601902425289154 4.84689274430275 4.579755797982216 52.05534824728966 4.313234515488148 13.73354980349541 12.141048386693 20.15181148052216 0.7191350609064102 2.669836647808552 0.1026032194495201
7.787142395973206 2211.192340068519 86.86625974625349 6.721604563295841 2.145165286958218 1.565168008208275 65.91862060874701 18.10026299953461 1551.417748644948 3.803568676114082 8.661523744463921 14.80427167564631 64.62122523784637 31.52975918352604 61.27247207611799 3584.150879047811 2.39380832016468 0 0.3725052401423454 4.230773754417896 597.8169556707144 1346.776246778667 810.1061619892716 4338.648703888059 378.9826587960124 91.19587071985006 4139.4663310498 247.757896527648 34.32304472476244 149.0636303946376 5.007141642272472 0.878842405974865 7.652537308633327 13.32404699921608 2.309012606739998 139.8067074418068 102.2786943465471 37.66618803888559 33.98202513903379 162.4850772693753 1.442597284913063 6.670691765844822 0.3221112191677094 2.188100658357143 1.297680243849754 20.47350689023733 1.070313408970833 0 0.4675369113683701 12.02933134883642 4.897859990596771 9.040822505950928 0.3181934207677841 0.7436498180031776 0.5000544115900993 1.5712680965662 11.6275263056159 0.2065533250570297 911.683774523437 1.704939194023609 0.2261469215154648 0 1.344368249177933 137.2824748903513 123.4061546623707 241.3814446553588 251.1703800484538 0.878136120736599 1.715345412492752 697.7968170717359 102.0677059963346 6.676501765847206 42.15953972190619 0 0.1176516860723495 0.5057483240962029 1.720554955303669 1.553042054176331 22.28082574158907 3.602942898869514 6.104965731501579 6.396943792700768 1.941143155097961 0.3360803574323654 0.3510572165250778 0
78.30032459646463 51.96751026064157 9710.702864319086 0.1837743148207664 0 2.576161280274391 1560.590510092676 71.0577167160809 2.580906175076962 19.1291359513998 49.60594279319048 0.2977548837661743 88.45153126120567 252.0194964706898 0.0852438285946846 3430.664883010089 1692.114259764552 24.92687800526619 289.0873660743237 0.4462038576602936 12073.04782595485 810.1061619892716 13298.86016060412 614.9922338873148 4.817473709583282 792.805749617517 8352.326827093959 1910.646271474659 128.7113881856203 3827.085516728461 1.362538479268551 3.270477190613747 23.30890209972858 3999.993827097118 118.8562926948071 7359.764309391379 4444.432339198887 8846.044074133039 8673.123171135783 337.8498486056924 43.62905901670456 43.95204961299896 65.53734713047743 1.879138231277466 7.07614690810442 121.2571435794234 1.089777052402496 0 0.9194556474685669 20.59017837047577 4.521424129605293 7.003865219652653 4.137983322143555 3.820572257041931 0.2548672333359718 5.47065269947052 11.2605497688055 0.1234342679381371 2844.343582868576 2.965072020888329 0 0.1914773136377335 0.3905240297317505 234.1741107851267 564.5167244449258 1696.58212903887 216.9495492875576 0.1791872680187225 2.724000588059425 1658.641044780612 130.6822610795498 5.768637143075466 44.80564577877522 0.1011663898825645 0 0.1180730015039444 3.060650147497654 7.635923817753792 70.32776314020157 20.92062851041555 12.13119162619114 18.05283777415752 5.78085133433342 0.2097846940159798 10.88411826640368 0.3029240071773529
127.0976034253836 1106.603843718767 186.782165825367 482.364349372685 24.86329603940248 49.14884420484304 2810.343176729977 651.0591909587383 3748.865133196115 498.5335677936673 16.16696597635746 164.3010552302003 35.01061358302832 999.1273692250252 706.1764396652579 2090.545919246972 8.220388561487198 1.459083780646324 4.472295038402081 141.5766542851925 503.5439055338502 4338.648703888059 614.9922338873148 4351.162021361291 79.7665748000145 41.0185599476099 2288.834331899881 7571.025034897029 964.7881171666086 1039.275766029954 1.43796943128109 36.81320258229971 278.6561453863978 468.6537654995918 86.36018164455891 2445.897918365896 214.5400341823697 920.6690064445138 564.0585321858525 801.1681615412235 120.1928340867162 11.67972026020288 33.70142508298159 5.085892416536808 3.757694520056248 7.20161134749651 242.1739735901356 1.008765138685703 10.80947905778885 750.3921828716993 26.24305811524391 678.7661453485489 310.608622379601 2.029925242066383 130.3661709502339 7.021909393370152 35.04089064151049 8.11803612858057 60.63856799155474 0.09016679227352142 0.07019850611686707 0.4166836366057396 165.8344143107533 65.32989929616451 34.29511249065399 34.48011214286089 1520.269514635205 0.2839722484350204 3.022316038608551 79.5323529317975 1208.161390982568 24.05387737974524 112.043203137815 0 2.047780118882656 1.075458355247974 13.55633993446827 6.276135995984077 121.7761699929833 4.643592789769173 63.13230345398188 28.45838701725006 100.4568149670959 11.33958391845226 3.113596335053444 0.2249035313725471
0 1486.993272714317 1.383536487817764 0 0 1.501402266323566 1.394629158079624 1.736347138881683 87.53497231006622 2.86799218505621 441.1681870445609 0.8583198115229607 2656.983098097146 0.243780180811882 2.250981144607067 21.11851093918085 1.012938261032104 10.3882379680872 34.26301231235266 0.1012191846966743 3.163042955100536 378.9826587960124 4.817473709583282 79.7665748000145 80.11847025156021 389.356625854969 1667.910587653518 3.867663949728012 0.8899881094694138 3.211417637765408 315.7861855328083 2.317072682082653 0.1204581335186958 134.2864479124546 3.061207056045532 67.69624756276608 419.6430892273784 437.6841927692294 67.75333827733994 9.248387470841408 4.415805473923683 424.5323992446065 5.823066234588623 0 633.6867041736841 0.4876677095890045 0 0 0 0 0 0.3819508999586105 0.0918208509683609 87.88287447392941 2.107940673828125 452.7410653829575 0 0 0 0 10.75172407925129 32.16879931092262 0 0.217251367866993 0.6759504377841949 0.2325881496071815 0.3954524919390678 175.30483379215 353.6958170458674 637.2620032727718 0 0 1.138575911521912 40.05681949108839 0 0 3.834140986204147 0 8.157342180609703 63.1403653472662 9.633531019091606 0.1342857182025909 0 0.3244965076446533 89.23353403806686 0
114.3660075291991 783.9567999020219 5374.10068154335 2.209894895553589 3.449683383107185 23.10609302669764 100.8716509714723 130.6053274869919 38.02691054344177 33.00579945743084 1415.916744552553 3.541539303958416 166.4349213093519 356.3994316011667 0.9293732270598412 11.16990441083908 1756.023769915104 439.9633870124817 2404.707151211798 3.167862057685852 50.81082905828953 91.19587071985006 792.805749617517 41.0185599476099 389.356625854969 15585.4766157642 11728.05431187153 10.47565777599812 369.682698532939 173.9779247716069 282.9457668364048 147.0245017930865 48.60443902015686 1959.207387462258 18.84522922337055 1879.219336785376 4026.419040441513 5743.036232300103 1220.320363692939 75.72586239874363 7.596421398222446 79.17626285552979 3.967705905437469 0.1072302833199501 628.5279166027904 224.3164032921195 0.116962656378746 0 0.09366434812545776 3.406523570418358 0.8412790820002556 0.2964387536048889 0 47.30455163866282 0 628.170503936708 1.36169970035553 0 4.510216504335403 37.9091527685523 88.29735692590475 251.6212860569358 0 1.362042792141438 12.47129684686661 4.054337047040462 4.377379447221756 421.9422412514687 1896.589156985283 3548.248170726001 2.061711363494396 0.572559155523777 3.223200634121895 165.087488591671 0.2116530537605286 0.1900235414505005 1.906918853521347 4.27778884768486 12.67173559218645 100.6681200489402 13.87529893964529 7.017551332712173 0.7508131563663483 0 7.902836725115776 0
48.7844282835722 8198.024655804038 6960.296078920364 2.733574062585831 1.519819743931293 5.774079382419586 919.6235100105405 67.59090239554644 427.9723212197423 28.12338221073151 171.2927484884858 2.192867241799831 1005.91545137018 215.6059019416571 13.19366116076708 3040.550320893526 4813.825012207031 103.9601080417633 491.005304813385 1.916346743702888 334.188039906323 4139.4663310498 8352.326827093959 2288.834331899881 1667.910587653518 11728.05431187153 20570.09205461293 1027.0929915905 133.041223756969 197.9662683084607 1376.863542459905 23.49679453670979 34.27498760819435 1641.933951169252 92.40832951664925 7263.022739514709 5448.847674638033 7200.552968278527 4474.312283493578 598.2397520765662 30.48991507291794 65.19485764205456 53.44781301915646 0.3954974189400673 2781.716487839818 918.4181771278381 0.1122469380497932 0 0.4949940070509911 19.77306503802538 6.060378909111023 5.013768166303635 1.49655669182539 45.97422536462545 1.192516185343266 558.1410687863827 9.173547267913818 0.2161885872483253 1268.296794161201 79.8024974539876 117.0618779137731 383.472871132195 0.6796153783798218 44.37424287199974 1105.212659612298 724.8555126860738 71.9195948317647 691.685869127512 3155.168309822679 13189.76306726784 36.79794066399336 3.593943394720554 15.68854515999556 168.7759412154555 0.08312972635030746 0 8.093947902321815 21.64000897109509 63.64957311749458 134.2242492064834 45.64848133921623 37.53005616366863 3.702968522906303 0.225133515894413 8.844419091939926 0
77.53476086258888 62.0464648976922 289.698020644486 2716.169671177864 7.965875148773193 228.1296444609761 8594.694308377802 282.9752972945571 1650.687273494899 2286.453240811825 12.8529670573771 2879.731779120862 39.67299994081259 573.8506360650063 155.4965488165617 1726.676588326693 8.398125007748604 2.724313601851463 6.436581335961819 1091.010252311826 4560.216768078506 247.757896527648 1910.646271474659 7571.025034897029 3.867663949728012 10.47565777599812 1027.0929915905 9509.053641065955 1101.732558935881 4279.423476450145 0.1673820912837982 39.33107901737094 403.5601555407047 788.4131075888872 102.682372815907 2333.677446015179 183.7010305523872 1339.066195473075 761.3732660710812 493.6036436781287 136.5122130215168 13.65732152014971 37.63826999813318 4.604015156626701 0.2261119037866592 3.265239186584949 514.7958170101047 0.598415769636631 25.76461455225945 1007.785560451448 36.70769472420216 572.4147783666849 661.6237985044718 10.54715920984745 321.073183760047 21.92232105880976 45.35341972857714 6.548312962055206 48.55017644166946 0.4617797508835793 0.4526794999837875 0.2962113469839096 356.400793723762 76.95002188533545 18.86387602239847 31.32242159545422 1569.132781028748 0.09493507444858551 1.398220203816891 26.9638808593154 1542.653336413205 33.42006289958954 126.6705549284816 0 2.673199810087681 1.173843055963516 17.09393504261971 7.350571811199188 157.1503322795033 4.352945886552334 81.47361333668232 40.82919223606586 183.8057418093085 15.37847831845284 5.281627759337425 1.094018802046776
3332.510149113834 3.868552267551422 296.7303013876081 42.41605150699615 0.3592464476823807 221.4682554975152 1293.026044823229 645.1639474928379 16.17056073993444 1127.392380639911 453.820656105876 90.25775880366564 17.93790460377932 3849.908688340336 3.73626870661974 21.84023036807775 694.2880740761757 76.43547554314137 515.6560437269509 94.48242703825235 564.0162855684757 34.32304472476244 128.7113881856203 964.7881171666086 0.8899881094694138 369.682698532939 133.041223756969 1101.732558935881 17336.72961647809 2696.163735769689 2.953672513365746 289.2585851475596 3297.900534108281 2289.575922630727 1.571213930845261 221.6531944274902 52.75276241451502 933.9030066952109 61.26501362025738 189.9492241665721 42.08412045240402 3.810056462883949 7.174078285694122 0.5295534804463387 0 2.153711549937725 2.474760681390762 0.09498081356287003 0.6963708326220512 60.69580091536045 4.207055076956749 15.57862781733274 6.504968211054802 4.923273116350174 2.14569965749979 4.735968947410583 6.87937767803669 0.08952661603689194 9.251211196184158 0.1114529222249985 0 0.3389872685074806 3.096938103437424 21.33124773204327 1.220311746001244 8.858128428459167 93.56796380132437 0.2101626843214035 0.7393678203225136 1.964841946959496 82.01921177655458 5.035564847290516 19.89673240482807 0.1747965812683105 0.3875394612550735 0 2.416378036141396 0.09774856269359589 27.35279742628336 0.6378219574689865 10.89219900965691 5.77637080103159 5.158434741199017 1.137586444616318 0 0.5386253595352173
