1493.871608123183 0.1858367770910263 138.2678859531879 1.583223573863506 0.2620991766452789 3.293272085487843 1218.644618593156 297.9397506602108 7.312543019652367 17.01308238506317 1.110539428889751 0.7179410308599472 0 4466.340683318675 0 0.7610416114330292 172.1031318753958 2.029499493539333 19.99568691849709 0.9324359595775604 118.3475741818547 0.6954944133758545 432.9273970276117 35.32048075646162 0 34.71042264997959 11.11208762228489 138.0580797642469 2335.619997143745 4171.231574118137 0 0.5009033903479576 19.37969255447388 80.04176858067513 0.2493488267064095 9.605884648859501 4.404626548290253 32.72139994800091 4.739202909171581 1.230837538838387 0 0 0.1090966910123825 0 0.08015132695436478 0.2939298897981644 0 0 0 1.840313762426376 0.2805202603340149 2.056063815951347 0 0 0 0 0.2707981392741203 0 1.075760670006275 0.1165751069784164 0 0 0 2.180587895214558 0 0.6895980834960938 7.745958723127842 0 1.044867344200611 1.159063130617142 8.230818554759026 0.6913571283221245 2.126316092908382 0 0 0 0 0 3.388588584959507 0.4074947312474251 0 0.1956311613321304 1.575874149799347 0 0 0
0.1858367770910263 170.7877699881792 81.84087403863668 0 0.1511056572198868 1.005854777991772 1.272959060966969 1.05832377821207 1015.780987232924 0.3552346378564835 52.16607279330492 0.6073363348841667 620.6156919747591 1.134109430015087 12.79018262028694 266.5184803530574 37.73504455387592 16.9678533449769 51.49642026424408 0 7.346062816679478 1602.575521081686 21.71293570846319 672.7205588594079 1277.924983598292 1299.913374908268 9146.541825927794 37.82432337105274 1.534171015024185 0.3813013657927513 65.13100408017635 0.1079215779900551 0.08308065682649612 109.5054527819157 0.3927276730537415 26.57252029329538 176.1462249010801 50.07094354182482 9.205076098442078 13.35711484402418 0.4462341368198395 410.1954630315304 2.03997728228569 0.384969100356102 55.13008239865303 51.78191740810871 0 0 0 1.280868485569954 0.2926209270954132 0.8192018568515778 0 3.056934922933578 0 15.12392127513885 0.5459270551800728 0 0.880293071269989 6.411545045673847 5.167648188769817 10.3118104711175 0 0.2405475080013275 12.34504318237305 4.191444076597691 2.430046834051609 17.30519177019596 411.0386148318648 1459.074945256114 1.465718314051628 0.1203352957963943 0.3223327696323395 7.879423245787621 0 0 2.077689148485661 0.9315090179443359 8.642490163445473 30.19843175262213 7.273944318294525 1.500436723232269 0.1177313551306725 0 4.462365806102753 0
138.2678859531879 81.84087403863668 4290.828958496451 4.654522962868214 0.3072107285261154 13.60815235972404 1189.607543759048 1557.699524365366 5.620788373053074 96.61293432116508 13.03864828497171 1.404082126915455 1.100894764065742 1176.20577506721 0 16.36926668137312 4306.794872507453 28.04530488699675 274.7703478932381 3.042462863028049 208.8312051296234 35.8139899969101 7577.296066172421 69.58384620770812 1.487460799515247 5367.401569936424 6516.340493917465 398.2178994566202 169.5445331186056 397.8891093954444 4.900731988251209 0.7219490334391594 11.61341088265181 689.4931379929185 14.07417450100183 1614.167222052813 4060.895227752626 1642.407526321709 646.9057759344578 33.69691494852304 4.109163098037243 1.810755699872971 3.293032735586166 1.988925062119961 145.2843349054456 643.2536435797811 0 0 0 12.48061358183622 3.868035085499287 1.309237293899059 0.5453469380736351 1.670338831841946 0.1008765548467636 1.819521173834801 7.438070707023144 0 19.43643503636122 75.9096278399229 6.898771159350872 16.49993602931499 0 5.299950659275055 63.96617205440998 153.657436080277 23.0057907178998 1.013205535709858 461.0874423235655 2592.205613233149 13.1231814622879 2.430261075496674 8.60353995859623 2.940502479672432 0 0.1096567586064339 16.81656263768673 24.10437066107988 87.45086778700352 536.0384148806334 52.05960752815008 16.15578402578831 1.115126594901085 0.1108961999416351 0.3320480436086655 0
1.583223573863506 0 4.654522962868214 1553.115587100387 0.5448438003659248 84.24867518991232 98.12555798143148 39.28141609579325 707.1444874927402 2084.094638295472 1.110638655722141 2711.020939067006 0.1701410934329033 38.29840766638517 26.7598679959774 0.1530648618936539 0.1470129936933517 0.8672407940030098 0.7275309488177299 2022.65889942646 0.6583745405077934 0.252564400434494 4.721822269260883 2212.070297017694 0 1.390025548636913 3.046101156622171 2855.670387856662 49.49562089145184 0.8692699149250984 0.08729854226112366 0.554539367556572 0.4881880730390549 24.26269581913948 3.356374174356461 118.581269659102 2.595406480133533 39.52189345657825 13.71802832186222 51.48002239316702 7.000821001827717 0.1308540552854538 0.2945829182863235 0.1491563320159912 0 0 100.0793277770281 0 10.31322115659714 53.2857850342989 3.652114346623421 53.43652164936066 194.4110572263598 0.2448823526501656 69.81506980210543 0 3.247703798115253 8.577132754027843 0.3963131681084633 0 0.2941041588783264 0 96.09233383834362 0.09264790266752243 0.9501319155097008 0.1069616749882698 197.2568578496575 0.08580122143030167 0.4544366523623466 0.2609067037701607 231.8779160603881 3.642325289547443 1.023115828633308 0 0.095852330327034 0 1.63528124243021 1.386614620685577 48.26406357437372 0.09553298354148865 7.557982191443443 0.07769022136926651 100.0218260586262 0.2699641138315201 0 0.9139930084347725
0.2620991766452789 0.1511056572198868 0.3072107285261154 0.5448438003659248 368.0355349630117 868.9374919980764 1.225543901324272 92.04126418381929 70.50521416962147 2.743980668485165 18.08750706911087 38.5269626006484 2.114949278533459 147.1719223037362 1370.509405583143 0 0 3.389530085027218 2.357057340443134 1.145648248493671 0.1350898891687393 0 0.1580177247524261 24.5054547265172 0.2020488679409027 4.344646982848644 1.449757419526577 2.712009519338608 720.2442251071334 0.21202352643013 0.555010661482811 821.3445422053337 0 232.8465499430895 1.267235070466995 23.51373741030693 7.984568804502487 145.751688413322 57.12366558611393 1690.646798878908 408.6456283479929 3.123554587364197 4.178141891956329 0 0 0 0.8121732175350189 0 0 0 0 0 0.4443962126970291 0.2708615362644196 0 0 0 0 0 0 0 0 0.1158106848597527 0 0 0 0.5549843013286591 0 0.1968845948576927 0 0.7729373127222061 0 0 0 0 0 0.1267257332801819 0 0.6375981867313385 0 0.1694838255643845 0.5616135597229004 0.7820553779602051 0.1979777663946152 0 0
3.293272085487843 1.005854777991772 13.60815235972404 84.24867518991232 868.9374919980764 8578.47139512375 2780.406216647476 6944.970303609967 317.7116668745875 6413.502867929637 151.7149269804358 3764.49345748499 22.92104326933622 1084.983795128763 2294.560737811029 0.2719235271215439 5.961423449218273 49.71830835938454 43.75536630302668 162.4188768826425 3.671711258590221 1.18941055983305 21.72597770765424 167.1725426986814 2.317752912640572 52.63588860630989 12.58566096425056 1175.676161777228 898.7729239985347 9.729932460933924 6.052105657756329 364.5191809386015 0.7671518251299858 588.8552080541849 14.00224673748016 282.1145666390657 80.01712331175804 1081.997128203511 318.0073127448559 3085.916182182729 481.8866721615195 39.32292430847883 22.05581360310316 0 0.07306404411792755 0 5.723990455269814 0 1.195980668067932 9.280564360320568 0.4588638618588448 1.749387286603451 4.49436329305172 2.143547847867012 2.881352096796036 0.2271163761615753 0.3487353473901749 0.4383724480867386 0.2748900502920151 0 0 0 1.898499719798565 0 0.4191871508955956 0.2545546069741249 22.99573790282011 0.1583480983972549 0.4005046933889389 1.047085165977478 15.46590361744165 0.09959075599908829 0.2848328500986099 0 0 0 0.605703316628933 3.335732087492943 9.165801435709 1.386158280074596 2.985041961073875 2.462469950318336 9.808315247297287 3.040321744978428 0.7431073486804962 0.3135403394699097
1218.644618593156 1.272959060966969 1189.607543759048 98.12555798143148 1.225543901324272 2780.406216647476 14538.33471181616 4422.801971592009 99.02577817440033 8879.892979700118 11.43803901225328 325.6157795637846 0.8137358352541924 5425.951796218753 7.395202003419399 5.359008729457855 46.18841142952442 7.681987918913364 16.9320884719491 40.13236071169376 708.1307094395161 4.81356330960989 1931.175759479403 382.4066961444914 0 137.2266027852893 338.4353459328413 13410.00643528625 1386.04763745144 6158.945957757533 0.3931623324751854 6.990263737738132 43.3290684223175 349.4311316311359 32.00570852309465 1347.561954088509 41.05869354307652 568.99265743047 247.5972497314215 67.98048328608274 88.81471089273691 2.568838320672512 14.22132091224194 1.368631422519684 2.084439642727375 5.02892105281353 10.99211706966162 0.1874908059835434 1.773211039602757 68.41605641692877 3.827747970819473 32.83768699318171 11.55128901451826 0 6.631895050406456 0.5016228556632996 4.5945735424757 0.4843058884143829 3.795999839901924 0.2289995104074478 0.1281568855047226 0.3824388608336449 6.262754641473293 1.363862819969654 2.288837373256683 6.108439765870571 141.5469669625163 0 3.617666512727737 18.22354550659657 125.2494980767369 3.502632156014442 15.75946082174778 0.1870394200086594 0 0.2572585046291351 3.052988655865192 8.14258935302496 101.8733424171805 3.872450351715088 16.66079237312078 2.121545165777206 44.05517968535423 5.466118589043617 0 0
297.9397506602108 1.05832377821207 1557.699524365366 39.28141609579325 92.04126418381929 6944.970303609967 4422.801971592009 10019.35200125724 32.43664532899857 4421.442410193384 320.0083887353539 522.7025958709419 36.79056169092655 6106.810389187187 218.3135630264878 0.9996124878525734 461.7384314984083 93.62572820484638 115.91524162516 240.6598410829902 524.5211124047637 1.961390867829323 1907.128848798573 164.6527522057295 4.082816913723946 296.837866935879 124.632439289242 1303.006032641977 1374.872849620879 1459.390421070158 10.20514640212059 55.33558570593596 3.066843457520008 772.2800646163523 19.82420105487108 539.0462695583701 136.0243143364787 1404.991211552173 396.9607645235956 1341.282326303422 343.6616730242968 41.58142304420471 31.43633538484573 0.2946027815341949 0.6393413618206978 2.154331147670746 3.973012939095497 0.116646520793438 0.8320404514670372 23.20273473113775 0.899700865149498 10.62960773706436 4.30663788318634 3.344072088599205 2.246200449764729 0.2720779553055763 0.615456722676754 0.215384379029274 0.9773901626467705 0 0.07524006813764572 0.07203293591737747 1.528558447957039 2.012952893972397 2.061480470001698 0.9976946488022804 57.79034470021725 0.110537476837635 4.391998566687107 11.91782224923372 45.43263003230095 1.911790907382965 6.219919353723526 0.1060394123196602 0.2164466008543968 0 0.9953593984246254 5.415636077523232 17.0530544295907 4.113122694194317 7.723971627652645 4.401337392628193 5.205678872764111 4.31322518736124 1.120558224618435 0
7.312543019652367 1015.780987232924 5.620788373053074 707.1444874927402 70.50521416962147 317.7116668745875 99.02577817440033 32.43664532899857 390.7145132049918 569.666502431035 13.83845656365156 1211.980950519443 137.3260574042797 22.10926686227322 1027.65035392344 41.43164040148258 3.303101859986782 3.55144439637661 6.527189038693905 531.6386755555868 28.95296758413315 2305.546976715326 21.28702848404646 12197.59787815809 564.2790542319417 134.1587922871113 771.7770358324051 1951.053824551404 44.08142292499542 157.0945192575455 25.17280676215887 1.883144490420818 5.878216862678528 29.91793574392796 2.117277085781097 413.5383257493377 84.57428172230721 47.89157522469759 19.04619689285755 801.600629016757 7.987061634659767 55.9016405120492 1.744563847780228 1.332838766276836 2.551229752600193 2.497822701931 298.126601561904 0.2222931385040283 22.38278359174728 134.9310416653752 11.32883821427822 127.1806208118796 206.6943178921938 0.9113349616527557 302.5320867151022 2.158942006528378 13.99503775686026 55.04966076463461 98.02434206008911 0.7630081474781036 0.611172191798687 0.400875024497509 214.1564891710877 90.16830668598413 68.4436821192503 24.89915330708027 1638.95088237524 1.916826069355011 8.684475503861904 19.82065541297197 782.9708548784256 22.0543374568224 91.35842180252075 0.8255971744656563 0.3711769580841064 1.803201399743557 8.781529918313026 2.805821359157562 65.63375219702721 4.225361101329327 20.31470861285925 6.996853202581406 188.5746798664331 2.882631503045559 0.4053951054811478 0.9599792137742043
17.01308238506317 0.3552346378564835 96.61293432116508 2084.094638295472 2.743980668485165 6413.502867929637 8879.892979700118 4421.442410193384 569.666502431035 20424.75448314101 29.87127925828099 7622.946433845907 3.312538497149944 905.6234040185809 38.15922421962023 0.4675056487321854 7.398550324141979 14.25392676889896 24.15267529338598 1690.196533754468 28.32242541015148 0.5670138075947762 83.65183009579778 791.1813380718231 0.6674568057060242 28.22830458730459 21.35170730948448 4358.890961725265 609.4377629905939 15.89885740727186 1.066240400075912 11.81447360664606 1.941215269267559 267.2483324036002 17.53848049044609 787.5275764688849 24.79225163906813 558.7852139919996 166.0085453540087 218.842690974474 72.35592876374722 2.751488454639912 11.18312700837851 0 0.09042549878358841 0.7861848473548889 127.4863414764404 0 17.83947890996933 123.4954613745213 10.45935991406441 73.37707498669624 166.3506238535047 0.9450216665863991 85.1208229586482 0 6.455540999770164 10.82496335357428 0.2769074738025665 0 0 0.3572054579854012 128.131914101541 0.5572858601808548 1.035200096666813 0.1883843615651131 336.8063887953758 0.1373089849948883 0.5629799887537956 3.323051452636719 304.2116339951754 6.030303001403809 3.027061179280281 0 0.4835936650633812 0 3.276790484786034 3.655730322003365 75.31938076019287 0.6873545870184898 13.4132726714015 2.377936981618404 167.1728125736117 2.414727069437504 0 0.4446762278676033
1.110539428889751 52.16607279330492 13.03864828497171 1.110638655722141 18.08750706911087 151.7149269804358 11.43803901225328 320.0083887353539 13.83845656365156 29.87127925828099 8395.303982034326 15.14910064637661 1133.575734309852 142.7310153208673 0.4750912636518478 2.055369950830936 217.3846787288785 4070.311733596027 2022.024142220616 7.494410797953606 4.354747734963894 10.52450238913298 32.21631996333599 6.681584797799587 392.4472587555647 3713.034832812846 1008.490917608142 17.06580419838428 309.1892594248056 4.992455087602139 558.8198829367757 111.3950609490275 4.468165636062622 7266.691131822765 2.670162722468376 218.0236613750458 3764.671310685575 2869.842568032444 442.7618317902088 29.08409912139177 106.794994585216 1248.125741563737 11.91908419132233 0 5.824919693171978 0.1483869999647141 0.4069762602448463 0.216458261013031 0.4208484962582588 0.9056070297956467 0.6165151745080948 0.9043724313378334 0.171271950006485 40.62093440443277 0.2389543652534485 179.5993669480085 0.2960922792553902 0 0.09937787055969238 0.2025131806731224 8.664250731468201 1.441934987902641 0 0 1.351947844028473 0 2.315331816673279 96.42732169479132 54.59549983590841 114.5275582820177 1.362507291138172 0.5214652717113495 0 75.37360899150372 0 0 1.511036977171898 10.22261077165604 5.062550596892834 190.227609038353 7.096399366855621 0.3622812032699585 0.08217907696962357 2.049214012920856 17.77043735980988 0
0.7179410308599472 0.6073363348841667 1.404082126915455 2711.020939067006 38.5269626006484 3764.49345748499 325.6157795637846 522.7025958709419 1211.980950519443 7622.946433845907 15.14910064637661 5840.09892205894 1.279472298920155 275.1742726862431 707.3001783415675 0 1.901795458048582 7.558083489537239 9.541293680667877 3495.972455549985 0.9833867996931076 3.246545419096947 2.523669648915529 390.2380802035332 1.201035596430302 9.999612860381603 3.020924225449562 504.4574636109173 173.8410613536835 1.987524524331093 0.14834064245224 7.498604029417038 0.08352021872997284 88.22704143822193 60.52683674544096 258.9023203626275 15.72421599179506 232.6651853322983 44.82824803888798 1299.998257763684 15.40901703387499 5.312858127057552 1.364477828145027 0 0 0 29.90412690490484 0.4311875700950623 4.277410045266151 12.06399015337229 1.052962206304073 15.99173152446747 47.43843701481819 2.372786402702332 36.86471930146217 0.2380386739969254 2.268852569162846 11.82148420810699 0 0 0 0 35.6086902320385 0.5275028645992279 0 0.09837400168180466 33.41660852730274 0 0.0913570448756218 0.3079851269721985 38.71474858373404 0.6573804691433907 0.08928307890892029 0.08012141287326813 0.09800577163696289 0 0.476051390171051 0.7111897319555283 38.17791030555964 0.2724165618419647 7.735681504011154 4.569258973002434 96.82226148992777 3.027988910675049 2.778482034802437 0
0 620.6156919747591 1.100894764065742 0.1701410934329033 2.114949278533459 22.92104326933622 0.8137358352541924 36.79056169092655 137.3260574042797 3.312538497149944 1133.575734309852 1.279472298920155 1828.717372767627 9.856541827321053 1.692648716270924 4.770347625017166 0.3903250396251678 23.01329530030489 3.966473333537579 0.9417979121208191 0.5396241173148155 119.3401020616293 1.100351944565773 35.51148033887148 2517.004281550646 411.3150193691254 4432.092303805053 3.576392225921154 20.06199082732201 1.011383630335331 1411.008221074939 11.75336316227913 0.1222814917564392 2207.882065504789 4.982647031545639 92.13871192187071 2359.192707709968 1197.930857941508 110.5346012189984 9.314891926944256 81.1891480833292 1237.170205391943 10.52114943414927 0 18.55012048780918 0.4930732399225235 0 0 0.7445997670292854 0 0.76539396494627 0.8926663026213646 0.1093066334724426 87.25876457989216 0.1648237779736519 500.0037773922086 0.2218087613582611 0 0.1630936861038208 0.5475338026881218 18.40194319188595 4.410750694572926 0 0 2.430898599326611 0.1065407544374466 0.3023549616336823 450.8735380172729 155.3477306365967 339.1204890310764 0.310573548078537 1.093651719391346 0 195.1711231991649 0.2215214818716049 0 4.390472248196602 3.099904760718346 5.355670884251595 514.9143198132515 24.42065431922674 6.718513034284115 0.5420576110482216 2.658528871834278 80.0577345341444 0
4466.340683318675 1.134109430015087 1176.20577506721 38.29840766638517 147.1719223037362 1084.983795128763 5425.951796218753 6106.810389187187 22.10926686227322 905.6234040185809 142.7310153208673 275.1742726862431 9.856541827321053 8821.633739881217 27.57378049939871 1.107061736285686 548.1740667782724 53.05499717593193 107.7293164655566 158.0556197911501 490.5109437555075 0.5514802783727646 1935.804801169783 172.0564021989703 1.851792424917221 231.6361646912992 80.79570657014847 1035.153953425586 4418.731691140682 3835.136256333441 4.095486238598824 228.7327873855829 4.060644835233688 480.9816529601812 15.17129370570183 449.5053383111954 73.0326226875186 660.4727079495788 149.616544585675 382.2608121335506 50.03824459388852 12.79312414675951 14.53541674464941 0.1417747884988785 0.2767788842320442 1.57799069583416 1.496000103652477 0 0.2058300599455833 20.62785198539495 0.7927102670073509 7.633073143661022 3.934358730912209 0.903484582901001 0.496487483382225 0.7216614857316017 0.6731022149324417 0 1.216580308973789 0.3597724661231041 0.09156154096126556 0 2.240570411086082 1.149052873253822 0.6173932552337646 2.607111357152462 49.29460916668177 0 4.762770771980286 11.24076624959707 35.96574662253261 1.965728275477886 6.267602227628231 0.08228925615549088 0 0.1734321862459183 1.77549983561039 2.184441469609737 16.97465878725052 1.863473154604435 4.053128398954868 0.5340032875537872 4.937950640916824 0.7040688022971153 0.4819522127509117 0
0 12.79018262028694 0 26.7598679959774 1370.509405583143 2294.560737811029 7.395202003419399 218.3135630264878 1027.65035392344 38.15922421962023 0.4750912636518478 707.3001783415675 1.692648716270924 27.57378049939871 221.787511318922 0.4090297073125839 0.2401453778147697 0.3371079638600349 0.4451402500271797 52.51521886140108 1.568842321634293 27.3388989418745 1.283711403608322 1170.123444773257 10.56595119088888 3.547798790037632 15.40211318433285 40.74733608216047 27.79850554466248 4.654601067304611 0.7530790492892265 564.1069263964891 0 43.49842046201229 12.38260178267956 366.0910478830338 7.19207289069891 40.59460637718439 3.181114532053471 1238.789653852582 238.7391607314348 1.132215492427349 0 0 0 0 18.21336334198713 0 2.800788760185242 12.68284456431866 0.4489004015922546 8.560682624578476 21.62109830975533 0.07224158942699432 24.76262481510639 0 0 5.524039044976234 0.4909035265445709 0 0 0 21.87268912792206 0 0 0 16.28838044404984 0 0 0.2536406069993973 18.55927129089832 0.669675886631012 0 0 0 0 0 2.252628743648529 43.48579099774361 0.09360112994909286 0.6617113500833511 0 95.7957883477211 0.6881869435310364 0 0
0.7610416114330292 266.5184803530574 16.36926668137312 0.1530648618936539 0 0.2719235271215439 5.359008729457855 0.9996124878525734 41.43164040148258 0.4675056487321854 2.055369950830936 0 4.770347625017166 1.107061736285686 0.4090297073125839 2624.163570940495 26.86224296689034 0.9811115115880966 8.930182948708534 0 2040.990257404745 2959.453398838639 2857.783184826374 2738.160547330976 24.73862431943417 23.63252482563257 4260.434146314859 1318.624863564968 10.59505622833967 139.7138604149222 1.272406756877899 0 3.625063292682171 112.9442371353507 31.17348182201385 1460.850246854126 188.4342186078429 206.1202791780233 216.1787524521351 37.62074591964483 2.701691061258316 9.946580246090889 4.454263478517532 0.1304827928543091 2.578774273395538 33.0903926640749 0 0 0.394856296479702 10.57749304175377 0.5316553041338921 3.4328328743577 0.2366188764572144 0 0 2.626286268234253 2.187010906636715 0 1294.12061946094 1.198906876146793 0.1113109588623047 0.7502870634198189 0 202.6021695286036 578.1418988183141 1259.515005797148 105.4563047885895 0.5490669384598732 4.339863561093807 548.3871762305498 115.543411552906 4.426176957786083 58.92232722789049 0.08481903374195099 0 0.6790085211396217 3.068478725850582 32.49412756413221 333.8559882566333 11.05305966734886 10.25354643911123 8.930625095963478 20.61472208797932 1.696049764752388 0.2008188962936401 0.4164918959140778
172.1031318753958 37.73504455387592 4306.794872507453 0.1470129936933517 0 5.961423449218273 46.18841142952442 461.7384314984083 3.303101859986782 7.398550324141979 217.3846787288785 1.901795458048582 0.3903250396251678 548.1740667782724 0.2401453778147697 26.86224296689034 941.3210735097528 222.6654002591968 3031.696933075786 0.9871319942176342 95.21820528060198 10.01947083324194 2401.729610253125 11.29850674420595 0.6642268374562263 2827.126250468194 2717.796246528625 41.00779765844345 575.1537511274219 214.311975710094 0.7278332412242889 2.786623828113079 114.2671980410814 2912.15888223052 6.724732860922813 744.881138600409 1452.85043566674 1158.63536658138 432.4800184592605 14.87575467675924 2.978119783103466 0.1911240518093109 3.077727481722832 0 48.24872609972954 74.27657188475132 0 0 0 0.344808042049408 0.5326660498976707 0.1554651707410812 0 0.2055472582578659 0 0.4459887966513634 0.9930103197693825 0 3.94343301653862 16.1268974468112 2.952618658542633 7.306258775293827 0 1.646853029727936 4.491401642560959 10.56396535784006 5.361495576798916 0.5241627395153046 219.2558660581708 487.597949706018 4.19516871124506 0.08598722517490387 1.055525861680508 1.108564078807831 0 0 2.105528712272644 7.118656411767006 15.72513514757156 131.116378262639 7.49320924282074 1.501905612647533 0 0 0.1321827620267868 0
2.029499493539333 16.9678533449769 28.04530488699675 0.8672407940030098 3.389530085027218 49.71830835938454 7.681987918913364 93.62572820484638 3.55144439637661 14.25392676889896 4070.311733596027 7.558083489537239 23.01329530030489 53.05499717593193 0.3371079638600349 0.9811115115880966 222.6654002591968 111.3051021695137 1632.345820583403 3.616060994565487 2.082703769207001 2.940567418932915 24.38069789111614 3.461937986314297 19.75749143958092 2975.603936776519 620.5220693349838 9.543857045471668 104.9402316212654 5.20229010283947 85.05215563625097 29.34328237921 2.536058180034161 1122.215589046478 3.924417205154896 311.1881596669555 1805.650193527341 1702.294692970812 472.439442999661 11.24642291665077 14.94608653336763 42.84446897357702 3.738441340625286 0.07480809837579727 6.805308900773525 1.150865592062473 0 0 0 0.4548429101705551 0.1943978369235992 0.3700135126709938 0.07151658833026886 16.31059111654758 0 45.23958538472652 0.3204432278871536 0 0 0.3591227605938911 20.50000896304846 7.756586812436581 0 0.1246851831674576 0.5531378537416458 0.1140732690691948 1.123823404312134 23.66028595715761 148.614827722311 235.7310332357883 1.282495826482773 0.1723207384347916 0.1179458647966385 52.97250393033028 0.09803452342748642 0 0.7800883427262306 5.758213609457016 5.823316596448421 64.16032012552023 1.705979235470295 0.6080367416143417 0 0.3459301739931107 0 0
19.99568691849709 51.49642026424408 274.7703478932381 0.7275309488177299 2.357057340443134 43.75536630302668 16.9320884719491 115.91524162516 6.527189038693905 24.15267529338598 2022.024142220616 9.541293680667877 3.966473333537579 107.7293164655566 0.4451402500271797 8.930182948708534 3031.696933075786 1632.345820583403 1916.156811267138 5.89452039450407 35.21075697988272 5.540720216929913 397.275993257761 6.666957855224609 12.55477663874626 2916.233338139951 477.1901881955564 23.42627334594727 201.3128120526671 38.50679422169924 4.161483585834503 17.53807751834393 27.161676466465 4956.048821337521 8.268423937261105 854.6253144815564 2028.832235589623 2694.706345774233 946.4208078309894 25.76456686854362 6.066771112382412 2.290315464138985 2.881028190255165 0.1121377423405647 23.09832677990198 9.313551306724548 0 0 0 0.5508718341588974 0.1348795592784882 0.901280477643013 0.1710492372512817 0.9103696793317795 0 3.595466367900372 0.1039608120918274 0 1.278406336903572 2.347522392868996 5.12402830272913 7.828733086585999 0 0.866120420396328 0.779159240424633 1.44394376128912 1.558440946042538 3.906936772167683 288.4303370267153 325.9278107136488 1.252361558377743 0.1081761196255684 0 5.314575932919979 0 0 0.5495640859007835 11.73932115733624 9.685593821108341 34.05794486403465 2.195250503718853 0.3020437657833099 0.3703570365905762 0 0.4364794567227364 0
0.9324359595775604 0 3.042462863028049 2022.65889942646 1.145648248493671 162.4188768826425 40.13236071169376 240.6598410829902 531.6386755555868 1690.196533754468 7.494410797953606 3495.972455549985 0.9417979121208191 158.0556197911501 52.51521886140108 0 0.9871319942176342 3.616060994565487 5.89452039450407 514.2496680021286 1.169045172631741 0 3.007863007485867 655.3191148862243 0 5.688215516507626 1.588263042271137 1674.800621561706 133.727064460516 1.696024436503649 0.1440687254071236 2.498944297432899 0.2421613782644272 61.17901968210936 16.55533463507891 168.2948275357485 7.577662229537964 150.7560362443328 36.72416758537292 201.7227270528674 13.06933458149433 0.5150635987520218 3.280867546796799 0 0.1224463880062103 0.09918583929538727 65.6246512234211 0 10.01206443458796 49.33611621707678 4.49523051828146 31.49053277075291 94.70454411953688 0.267733208835125 50.27726852148771 0 2.982141502201557 8.973012939095497 0.1046938225626945 0 0.2464682012796402 0.09749957174062729 60.97131039202213 0 0.5821113958954811 0.4573996514081955 145.0739413946867 0 0 0 147.7942725867033 1.556105680763721 1.620611310005188 0 0.1443847715854645 0 1.28476270288229 2.335533373057842 50.93629808723927 0 7.187774285674095 3.092476233839989 102.3837378099561 1.459728099405766 0 0
118.3475741818547 7.346062816679478 208.8312051296234 0.6583745405077934 0.1350898891687393 3.671711258590221 708.1307094395161 524.5211124047637 28.95296758413315 28.32242541015148 4.354747734963894 0.9833867996931076 0.5396241173148155 490.5109437555075 1.568842321634293 2040.990257404745 95.21820528060198 2.082703769207001 35.21075697988272 1.169045172631741 9287.270454496145 119.4329896718264 9263.673833832145 703.7072237282991 2.190742008388042 23.74601612985134 607.8025386631489 1950.871246822178 359.3976953476667 9511.177898310125 0 0.6853105500340462 52.53461777418852 3149.739158526063 137.8459343090653 3545.866739958525 277.7638579308987 3260.976501874626 1666.318638697267 75.33148305118084 15.7309163287282 4.085853070020676 13.53610914945602 0.1985130608081818 0.2143175229430199 7.399183236062527 0.1217926442623138 0 0.2714941874146461 5.263666741549969 0.6042761579155922 5.009851351380348 0.1153051257133484 1.916858673095703 0 1.819467663764954 1.440018489956856 0 159.1686783507466 1.345114186406136 0.2160364240407944 0.193814143538475 0 120.263433791697 96.81951705366373 77.75136886537075 99.49565029889345 0.1053384244441986 0.8382538855075836 48.48922517895699 136.1524420529604 3.746937952935696 61.02833849936724 0 0 0.8006688356399536 2.006461940705776 141.7363072782755 117.2014976143837 2.285104617476463 10.31936657428741 5.81836061924696 12.3833120688796 0.1692540794610977 0 0.4235082492232323
0.6954944133758545 1602.575521081686 35.8139899969101 0.252564400434494 0 1.18941055983305 4.81356330960989 1.961390867829323 2305.546976715326 0.5670138075947762 10.52450238913298 3.246545419096947 119.3401020616293 0.5514802783727646 27.3388989418745 2959.453398838639 10.01947083324194 2.940567418932915 5.540720216929913 0 119.4329896718264 515.1004219502211 480.5368082970381 3971.635660760105 594.3563954308629 133.1475133299828 7015.58015666157 290.151953317225 3.233424372971058 23.91225612163544 22.83908659219742 0.1648484468460083 2.080943547189236 27.13926042616367 0.7250520288944244 77.81358404457569 46.18857768177986 23.91253437101841 17.06571537256241 29.20159796625376 0.3632658943533897 65.48665010929108 0.3094590604305267 0 8.688725054264069 45.15065050125122 0 0 0.156055361032486 6.331918150186539 0.1956807374954224 1.15430299192667 0.4719730019569397 2.48418715596199 0 1.906622402369976 0.8712472394108772 0 723.6405446082354 0.9625946655869484 0.2972979322075844 0.4680846035480499 0 86.12627182155848 134.8520619347692 501.9321477338672 76.08883482962847 1.136862650513649 11.50066567212343 761.1284638345242 60.28388700634241 2.198752619326115 31.72389820218086 1.323576420545578 0 0.4627763777971268 1.4916837438941 5.381188258528709 44.82457959651947 10.56928899139166 7.476528115570545 4.64467529207468 7.976486667990685 0 0.1682570278644562 0.1843717694282532
432.9273970276117 21.71293570846319 7577.296066172421 4.721822269260883 0.1580177247524261 21.72597770765424 1931.175759479403 1907.128848798573 21.28702848404646 83.65183009579778 32.21631996333599 2.523669648915529 1.100351944565773 1935.804801169783 1.283711403608322 2857.783184826374 2401.729610253125 24.38069789111614 397.275993257761 3.007863007485867 9263.673833832145 480.5368082970381 15524.83082839102 902.1271928325295 1.799026235938072 640.5917327143252 10239.24791526049 3558.140955857933 1055.567444495857 4844.081688076258 0.8987024798989296 0.9587866142392159 181.9808708950877 4539.442946277559 314.2072545364499 10783.59431257099 3833.95212764293 6890.262875072658 4525.635359860957 373.1045841798186 32.93910926580429 8.447199925780296 31.65797412395477 1.374384969472885 21.44075094908476 390.61180947721 0.915888600051403 0 0.4655610173940659 25.7729686871171 4.523966863751411 3.349984921514988 1.434017993509769 1.908740237355232 0.3197549432516098 5.188796252012253 4.433809272944927 0 873.0548704713583 15.28612464666367 1.428767293691635 2.046505481004715 0.1272505074739456 103.6703328415751 336.4514385610819 1214.144353985786 91.62728259712458 0.8614559322595596 45.98721536248922 1738.17051974684 101.7387475669384 3.553098596632481 36.02483844012022 0.5059027150273323 0 0.2522245794534683 10.05681353062391 393.1224716752768 291.9663231000304 100.4867509379983 34.39275177568197 32.4199462980032 15.66053484380245 1.755269899964333 2.466124475002289 0.5180502831935883
35.32048075646162 672.7205588594079 69.58384620770812 2212.070297017694 24.5054547265172 167.1725426986814 382.4066961444914 164.6527522057295 12197.59787815809 791.1813380718231 6.681584797799587 390.2380802035332 35.51148033887148 172.0564021989703 1170.123444773257 2738.160547330976 11.29850674420595 3.461937986314297 6.666957855224609 655.3191148862243 703.7072237282991 3971.635660760105 902.1271928325295 9373.914896555245 179.5763036087155 110.0169400274754 2339.174479156733 6145.813336282969 547.9833928234875 510.9245984219015 6.223408378660679 3.514106869697571 57.93082489818335 225.264890216291 48.41555992513895 1886.797487422824 77.15504466742277 418.2002371773124 221.6111340224743 857.0956141352654 59.83501377701759 14.97311624139547 16.1608881354332 7.927547067403793 3.324726983904839 15.16313693672419 204.2682542428374 0 44.06731630116701 618.7944307029247 40.14400289207697 760.3209595605731 240.6597428172827 1.290821507573128 116.9450890272856 4.081926926970482 55.12307196855545 22.99934878945351 245.6400426924229 1.961707875132561 1.23224226385355 1.629243530333042 166.1551192253828 200.1617542132735 240.4565380066633 126.603640973568 2555.771206468344 0.7891758382320404 8.378247499465942 102.1626659631729 1952.139857985079 85.16195403784513 247.1227338537574 1.103649616241455 1.531241476535797 5.534488186240196 28.6992381811142 21.70145977288485 464.0277813076973 7.365550249814987 112.2025488093495 29.97193741053343 299.3248311206698 15.89054252207279 0.8416471108794212 3.25904592871666
0 1277.924983598292 1.487460799515247 0 0.2020488679409027 2.317752912640572 0 4.082816913723946 564.2790542319417 0.6674568057060242 392.4472587555647 1.201035596430302 2517.004281550646 1.851792424917221 10.56595119088888 24.73862431943417 0.6642268374562263 19.75749143958092 12.55477663874626 0 2.190742008388042 594.3563954308629 1.799026235938072 179.5763036087155 773.5048408731818 656.8069395422935 6480.861147001386 7.448904111981392 1.957899369299412 0 578.6930127292871 2.254093058407307 0 917.9945867881179 5.882924795150757 49.35573223233223 300.56546869874 773.494189620018 112.2482329830527 10.74003347754478 22.32238309085369 875.6586785241961 3.723066389560699 0 53.89415168017149 1.012287020683289 0.133166491985321 0 0 0 0.08191370218992233 0.397253692150116 0.08424428105354309 53.1888527944684 0 448.6248960569501 0.2237137779593468 0 0 0.8637580499053001 12.50952602922916 9.074948966503143 0 0 5.599516302347183 0.3926264122128487 1.240092672407627 271.8853368088603 237.5789361298084 843.6222226172686 0 0.4335987642407417 0 94.344850435853 0 0 4.28835965692997 1.40739119797945 2.625935532152653 142.5799328759313 19.83392431586981 4.06948072463274 0.5252887904644012 1.440953373908997 34.0154173001647 0
34.71042264997959 1299.913374908268 5367.401569936424 1.390025548636913 4.344646982848644 52.63588860630989 137.2266027852893 296.837866935879 134.1587922871113 28.22830458730459 3713.034832812846 9.999612860381603 411.3150193691254 231.6361646912992 3.547798790037632 23.63252482563257 2827.126250468194 2975.603936776519 2916.233338139951 5.688215516507626 23.74601612985134 133.1475133299828 640.5917327143252 110.0169400274754 656.8069395422935 28824.62290028483 12935.83199559152 57.65927807241678 213.3742025457323 47.26277079433203 905.7660077139735 22.92242063581944 20.85649461299181 1733.065749667585 16.67819895595312 2209.665888145566 6971.405280575156 3537.584179721773 1256.43718546629 47.73955550044775 13.53586941957474 177.2232929319143 7.326383657753468 1.00488668680191 499.9810275062919 154.1857797503471 0 0 0.3617273718118668 2.566721610724926 1.915092393755913 2.268755465745926 0.1841797009110451 142.0156600475311 0.1731541007757187 462.0112866014242 2.462047092616558 0 4.581725433468819 63.54477179795504 182.1810633540154 137.5892069190741 0 1.396896712481976 15.87800061702728 12.71497672796249 5.942665591835976 304.8736711665988 4167.765349403024 5877.90802436322 4.546446718275547 2.163828052580357 3.248293995857239 372.1605355739594 0.5029852464795113 0.08756422251462936 16.36481160670519 26.71336532384157 56.76713989675045 812.4330754205585 51.02346439659595 7.136982761323452 0.8574488833546638 0.4779719039797783 5.798860237002373 0
11.11208762228489 9146.541825927794 6516.340493917465 3.046101156622171 1.449757419526577 12.58566096425056 338.4353459328413 124.632439289242 771.7770358324051 21.35170730948448 1008.490917608142 3.020924225449562 4432.092303805053 80.79570657014847 15.40211318433285 4260.434146314859 2717.796246528625 620.5220693349838 477.1901881955564 1.588263042271137 607.8025386631489 7015.58015666157 10239.24791526049 2339.174479156733 6480.861147001386 12935.83199559152 26054.94703490287 1243.107006199658 54.55946584045887 55.2353770211339 839.0780541375279 3.523838333785534 7.663452476263046 1410.906675249338 48.14228988438845 4230.450764276087 3202.890215918422 3428.961188748479 1486.445088557899 105.6984262093902 9.245096929371357 114.798149548471 9.919155336916447 1.899350605905056 1269.091999001801 1678.898346096277 0.3060413748025894 0 1.374991647899151 50.32756069302559 8.811637230217457 5.287040740251541 1.259044677019119 118.0751528590918 0.4015456587076187 323.4171108528972 23.27161244302988 0 408.9112758338451 135.259894117713 153.1559625938535 125.3701452687383 0.1183738484978676 40.22876916080713 843.8299934193492 1382.288746111095 94.18271552026272 434.3321880698204 3962.629351720214 13405.90981966257 68.80326939374208 4.843920648097992 25.61647591739893 359.5878871530294 0.5700497552752495 0.3411730825901031 59.81249561160803 86.02075033634901 387.7515295520425 988.8130989074707 166.3955782204866 84.46483409404755 11.79177110642195 1.2285191193223 6.944652937352657 0.8960998803377151
138.0580797642469 37.82432337105274 398.2178994566202 2855.670387856662 2.712009519338608 1175.676161777228 13410.00643528625 1303.006032641977 1951.053824551404 4358.890961725265 17.06580419838428 504.4574636109173 3.576392225921154 1035.153953425586 40.74733608216047 1318.624863564968 41.00779765844345 9.543857045471668 23.42627334594727 1674.800621561706 1950.871246822178 290.151953317225 3558.140955857933 6145.813336282969 7.448904111981392 57.65927807241678 1243.107006199658 15190.25930655375 2234.920126125216 11112.99840348959 0.6353923827409744 10.95678562670946 237.9567802622914 979.1130293831229 158.6412004604936 5230.23726388067 182.7716682106256 1648.277682006359 860.2458499521017 264.5499756410718 158.7047582417727 9.259443685412407 34.7792472243309 7.012162305414677 2.021686017513275 13.13296342641115 168.2853396832943 1.150622576475143 32.33579959720373 547.7550731599331 37.33488260954618 339.3404088020325 204.681539542973 2.720755256712437 79.15494863688946 2.080363593995571 42.22097066417336 15.26279857754707 184.4952354282141 3.131888784468174 0.6714393347501755 0.9457412362098694 139.792352758348 183.4634244516492 147.9531792402267 87.39998859912157 1781.478920251131 1.083773888647556 2.325087793171406 76.58792378008366 1504.379998758435 73.06863516941667 253.8578042164445 0.3611056059598923 1.119911126792431 5.144744992256165 22.54486839473248 67.92585317790508 436.1034330129623 5.370353825390339 85.37248055636883 25.99091410636902 245.0145757496357 9.903966873884201 3.606762446463108 2.285890318453312
