1268.818673849106 2.294585905969143 75.00462497025728 48.59116314351559 0.3108953163027763 31.70044578611851 1397.610904805362 414.5355874747038 44.90602146089077 132.5062425509095 17.99249248951674 6.137619644403458 2.506613358855247 7341.347824372351 0.8010215312242508 1.245122626423836 312.000921793282 12.38877248764038 51.21419371664524 13.569375872612 29.26679383218288 12.02734159678221 140.7625524997711 215.6692592799664 1.201789133250713 47.81805843859911 99.49176412820816 171.127827912569 4769.295064486563 2801.778483323753 0.333040677011013 5.693622209131718 42.49421388655901 219.3510896787047 1.187825411558151 37.5579549074173 4.294579856097698 150.3867745995522 31.47054019570351 2.290172293782234 2.940203107893467 1.076516501605511 1.30728404968977 0.9164392426609993 0.1048507764935493 1.531805470585823 0.4999504685401917 0 0.1644180566072464 13.80692454427481 0.6019612699747086 13.49061299115419 4.227879777550697 0.2549179494380951 1.056980490684509 0.8694810271263123 3.18212454020977 0 4.095675207674503 0.4407680332660675 0.0937204509973526 0.6155455335974693 1.471913829445839 3.805839098989964 3.830687515437603 0.5876854956150055 23.32612831890583 0 1.241863295435905 4.550618857145309 32.3533239364624 4.917642809450626 25.81204315274954 0.1079844459891319 0 0.7215641364455223 2.030287586152554 0.9115963280200958 23.11659656465054 0.256961315870285 8.795486144721508 2.756159700453281 5.549836955964565 0.7377382069826126 0 0
2.294585905969143 261.4836722612381 252.9795664399862 0.09750332683324814 0.6152562648057938 1.602911211550236 26.537327863276 3.405271738767624 667.1390528976917 1.694578558206558 39.5573702454567 7.038852587342262 566.0762861743569 5.99682229757309 21.8484358638525 30.42922342568636 101.3400888592005 24.12285707890987 84.29888472706079 1.016964018344879 13.2275295779109 1678.498769111931 26.99161280691624 764.7001330778003 2459.351658686996 1113.424468383193 11224.52396580577 52.19180198758841 17.85153095424175 30.49513137340546 19.23469117283821 0.8657156899571419 2.344485752284527 88.96615973114967 2.026750132441521 149.6111411973834 218.3521532714367 259.9363323971629 72.55001825839281 18.85579478740692 0.5458704903721809 243.7227469310164 0 0 52.87078038603067 66.1696000918746 0.0780993327498436 0 0 2.211212880909443 0.2569648623466492 0.8577869534492493 0 1.795341737568378 0 24.91440963745117 0.3883812427520752 0 4.252879828214645 26.2184246852994 4.653969176113605 52.81099121272564 0 0.3535462245345116 13.82765898108482 5.055973947048187 3.799422204494476 32.85629119724035 222.3755128309131 694.5047675967216 2.446200229227543 0.6811100989580154 0.3172590732574463 2.384053945541382 0 0.09942735731601715 12.11196752637625 1.175158649682999 28.6730180233717 23.76272540539503 33.75294879823923 9.353817977011204 0.2759767919778824 0 2.353171125054359 0.3300727903842926
75.00462497025728 252.9795664399862 5398.966123200953 11.46576951444149 0.1178996860980988 91.76024443656206 1297.192047677934 931.4300930425525 22.01561777293682 65.52286175638437 35.2446670383215 2.357494339346886 2.921192221343517 758.5059319734573 0 13.5354315340519 5316.117837235332 66.82083446532488 331.6714932471514 2.317725583910942 282.9819259941578 177.8486250340939 11291.06254246831 31.01436968147755 0.3855410516262054 9479.961666114628 14961.10821210593 104.8058106005192 84.29513696581125 422.2574460878968 0.7184068411588669 1.09702205657959 2.407629832625389 637.0171218886971 19.25154075026512 1068.535273097456 832.4559019953012 1604.379437558353 599.710944853723 22.95540811866522 1.24192650616169 1.888445176184177 4.786439463496208 0.9590949714183807 99.06581447273493 1032.295632585883 0 0 0.2924448549747467 14.32629568129778 1.297194734215736 0.4914540871977806 1.524473905563354 0.4017828404903412 0.1363295912742615 0.343475453555584 6.659680046141148 0 47.39484829455614 77.54260845482349 0.7176528796553612 21.81222718954086 0 18.610994592309 77.56934527307749 251.5108856782317 13.76855834573507 1.223435834050179 100.8085389435291 2975.111322708428 11.01010052114725 3.221037842333317 19.42755383998156 0.2371116951107979 0 0.1153144612908363 24.6494727358222 3.450414389371872 101.790389560163 32.17147120088339 107.6453001871705 28.82852973043919 2.470201432704926 0.3216805756092072 0 0.1549306511878967
48.59116314351559 0.09750332683324814 11.46576951444149 1959.521315604448 0.9845856204628944 60.38860921561718 390.6614636108279 54.33409690111876 835.3344127386808 5852.041023813188 5.867730222642422 1392.304180897772 2.60957644879818 90.95765977352858 34.32285962998867 3.406662136316299 1.552131973206997 0.9055155515670776 1.701884508132935 3079.452139794827 9.060801148414612 6.60912124812603 8.629553511738777 1939.151560217142 1.106778658926487 2.858025901019573 15.59998352080584 6241.192677132785 277.7690364718437 3.501473389565945 0.2692326307296753 5.373596593737602 28.71172840893269 73.33138480037451 12.2497578933835 329.9032195881009 5.847526080906391 207.3099723532796 73.76810391992331 59.22243519127369 9.189676180481911 2.065782278776169 4.463458143174648 1.69476205855608 0.2113979458808899 0.4073773473501205 230.2565235048532 0.5811520218849182 29.80285184085369 156.5547571256757 15.29960829764605 339.9236693009734 429.2065397202969 1.43105860054493 175.2490905299783 3.595478057861328 11.94978668540716 17.76121392846107 1.538295619189739 0 0 0 307.1563628315926 0.2634816467761993 1.848603837192059 1.134283810853958 399.5379906445742 0 0.09338990598917007 2.658880278468132 232.1844280958176 7.888641066849232 3.004300460219383 0.1120432689785957 0 0.1324695497751236 2.196838058531284 1.418208479881287 14.56722949445248 0 20.99051504582167 5.226260729134083 62.54130506515503 1.243839532136917 2.12602312117815 0
0.3108953163027763 0.6152562648057938 0.1178996860980988 0.9845856204628944 0 201.1414205878973 2.196311719715595 25.60061733424664 88.57596458494663 8.915690682828426 72.17508982121944 42.55312944203615 49.39977910369635 16.16882438212633 2253.085756018758 0 0.3399951532483101 3.387868829071522 1.628083020448685 6.123390525579453 0 2.257385149598122 0.1846872568130493 13.24617858231068 1.921225048601627 3.351722247898579 2.693006105720997 4.066745422780514 6.403535030782223 1.948278374969959 0.4932406917214394 187.1178107336164 0.120570182800293 931.1383857652545 0.176726371049881 66.14509560167789 6.211296118795872 274.9657087400556 29.27988094091415 1074.454888261855 595.2590770572424 15.3637058287859 5.107112884521484 0 0 0 0 0 0.3604366779327393 2.467910431325436 0 1.392801031470299 0 0 1.08591639995575 0 0.4619574025273323 0 0 0 0 0 0.1916565895080566 0 0 0 1.079486571252346 0 0 0.2365724891424179 1.838458031415939 0 0.1070732399821281 0 0 0 0 0 0.1853182166814804 0 2.05224221944809 0 2.228282868862152 0 0 0
31.70044578611851 1.602911211550236 91.76024443656206 60.38860921561718 201.1414205878973 13182.50472954661 3284.169336736202 11857.29900545627 661.7815616652369 7044.064446263015 163.540033750236 6735.605854660273 61.60283616557717 1086.678106404841 953.2473019957542 0.230618417263031 23.2843009904027 20.11908613890409 20.39115060120821 400.8156055733562 128.9445507749915 5.575889699161053 66.18857651948929 89.28738998621702 5.061068676412106 36.01080548390746 42.39852334931493 568.4080324918032 940.4576077461243 21.84875523298979 2.649051912128925 345.0758453011513 8.95729773491621 670.9728392139077 5.510633029043674 356.8254559934139 21.56088079512119 540.2633534446359 89.72099635750055 2319.727354489267 521.1621649861336 16.36794865131378 5.971994712948799 0.223181463778019 0.08518028259277344 0.5246742889285088 10.80373652279377 0 8.008081763982773 19.50108883529902 4.145571574568748 16.52808825671673 35.67035008966923 3.373299837112427 42.73481270670891 0 1.735524654388428 14.59185020625591 0.8914396166801453 0.4150961712002754 0.09150142967700958 0.1047292649745941 35.51701107621193 0.743879958987236 0 1.137251563370228 35.60310851037502 0 1.55115869641304 4.035931304097176 21.43941295892 3.514972783625126 4.895212091505527 0 0.8592815399169922 0.6361032128334045 0.2195623070001602 0 5.790723115205765 1.257492676377296 6.261694647371769 2.159020096063614 48.16285991668701 0.7350006699562073 0 0.5459325313568115
1397.610904805362 26.537327863276 1297.192047677934 390.6614636108279 2.196311719715595 3284.169336736202 21337.71193788946 4348.034432157874 1072.043037429452 11400.77455551177 30.02685286849737 138.9896121695638 17.67375833541155 7976.980498671532 32.97252018004656 41.50220347940922 228.6615763455629 10.4259514734149 29.09683389216661 57.54092722386122 2799.598939985037 131.7562075257301 2169.322161614895 4003.686881691217 6.138783842325211 95.21397326141596 443.3169674649835 18775.10847054422 1441.039106503129 5368.459865830839 0.7142962142825127 19.41833763569593 248.250632584095 467.4570092558861 83.93405796587467 1812.448507010937 51.22261103987694 1199.364603415132 496.5081695839763 154.3813845813274 49.41945922374725 10.04733448475599 19.46821761131287 19.68456871062517 1.372595563530922 11.9511938393116 69.93396859616041 0.4891341626644135 32.82737481594086 797.6068742126226 79.62165281176567 278.7869505658746 244.1304360851645 21.22004664689302 59.87156344950199 0.6441268026828766 102.9199440330267 0.9762818142771721 43.16905934363604 0.4310000762343407 5.253513909876347 1.157578319311142 97.90559083968401 13.11285156011581 22.07708673924208 63.53586561232805 732.6110038384795 0 5.376678146421909 78.60502800345421 912.7287195324898 106.7651739493012 174.5378839969635 0.7501630708575249 8.542592145502567 13.75010368973017 73.3459500297904 19.28795740753412 307.7687275707722 5.522725693881512 357.9479271322489 65.44571308046579 152.9542313069105 25.19241122156382 5.151074647903442 0.3358309715986252
414.5355874747038 3.405271738767624 931.4300930425525 54.33409690111876 25.60061733424664 11857.29900545627 4348.034432157874 18370.04974263906 84.75184338539839 2334.708956792951 240.4110253825784 928.3001234829426 111.8606537207961 7119.889275349677 94.77549108862877 0.8680583760142326 549.4546921476722 36.13992770016193 101.3138166889548 262.5244966000319 772.3648117110133 15.76519329100847 746.8781873881817 272.4338276535273 5.430917233228683 162.5939575731754 357.3028655089438 198.2270738333464 1630.935083664954 687.0246414244175 3.286647759377956 371.1762404069304 14.58573267608881 525.9657708182931 6.530361525714397 570.1289380267262 43.98561914265156 641.7187229171395 208.8642526268959 1376.376466438174 324.2626159861684 33.64755264669657 9.83531292527914 2.879674285650253 0.293073445558548 5.15128855407238 2.380298420786858 0 0.6253080368041992 70.5241557136178 0.3852677941322327 18.29792288690805 11.51073971390724 0.9969454035162926 5.320346407592297 0.9266156777739525 7.248063705861568 0 4.310829848051071 0.4888049140572548 0 0.5341885536909103 3.81169593334198 4.671915985643864 1.869729913771152 4.467805661261082 74.3021774739027 0 1.690256454050541 31.20283611118793 81.17536150664091 9.913617886602879 32.44738021492958 0.09994575381278992 0.4482402354478836 1.841823846101761 2.279508106410503 2.001176699995995 25.83409579098225 0 21.25388234108686 5.372303798794746 5.876439556479454 0 2.245690852403641 0
44.90602146089077 667.1390528976917 22.01561777293682 835.3344127386808 88.57596458494663 661.7815616652369 1072.043037429452 84.75184338539839 1737.730452634394 238.5508240237832 12.95096322149038 1439.185312882066 13.58138252049685 134.7561247497797 1301.460340745747 154.9622609913349 11.57768077403307 2.630540579557419 9.865775056183338 992.8896411210299 119.7067386582494 2996.143312178552 75.71538079530001 8631.017799578607 137.6686357036233 44.64046263694763 976.8921687752008 1271.738085798919 322.5913545563817 398.4203311428428 0.9728820398449898 5.005298234522343 47.23566593974829 111.8210432827473 26.01344521343708 550.3708768188953 36.75014369934797 267.3850803524256 97.2719596400857 1289.042884945869 13.20537237823009 2.86101222038269 4.008977524936199 21.92656380683184 2.182133123278618 2.922165937721729 236.7839898392558 6.458520367741585 96.47642294317484 467.9616985544562 82.66312290728092 89.76757946610451 323.1225210949779 10.64243746548891 343.2770345956087 1.136612869799137 83.43371752649546 150.4141359254718 475.8758112639189 1.664219975471497 3.226857349276543 1.582642287015915 363.4151147753 389.8578766584396 31.32099068164825 130.662739276886 1356.667993195355 1.480622589588165 4.9954764097929 30.6831646412611 753.7813942208886 132.6283636689186 405.7712324634194 0.5299212858080864 3.068432584404945 17.89633478224277 46.18741128593683 14.1827899068594 287.3076734766364 19.58390521258116 164.3642171695828 48.60251527279615 609.0742738246918 12.39173593372107 1.524313136935234 2.213837340474129
132.5062425509095 1.694578558206558 65.52286175638437 5852.041023813188 8.915690682828426 7044.064446263015 11400.77455551177 2334.708956792951 238.5508240237832 36421.6951264739 79.87279365956783 6331.222000271082 34.42760626226664 1426.21501622349 15.87359670549631 0.7192032411694527 15.97071542590857 21.35977067798376 20.60640630871058 5239.179960370064 78.01950719952583 6.457033708691597 46.62921157479286 407.5564240887761 10.14682424813509 38.58947136998177 47.72374306619167 2822.683343753219 1563.44772785157 21.07989343255758 1.82479140162468 49.2235714122653 41.14982038736343 689.3395324870944 43.65873326361179 1492.28870934248 33.3337579369545 1511.00994861871 323.1514795422554 169.0477890148759 97.77471489459276 13.85262886434793 23.72654574364424 0.8358122110366821 0.09696698188781738 0.769568108022213 210.4133849442005 2.011364459991455 34.12697114050388 308.6196316555142 24.56071197986603 139.9269713461399 510.5262685716152 0.9118723720312119 185.5088473036885 2.841140300035477 15.95069241523743 12.14237625896931 2.584421895444393 0.2002158388495445 0.6418179571628571 0.6149998605251312 282.2058805525303 1.32378114759922 0.7941120117902756 6.810797214508057 443.6395323872566 0 0.658362902700901 4.854133956134319 326.9421688318253 13.6473770737648 9.022565148770809 0 0.9802854657173157 0.9949937239289284 4.817642532289028 1.799518525600433 21.69792998582125 0 33.17815057933331 11.62071114033461 29.69202470779419 4.253566816449165 0 0
17.99249248951674 39.5573702454567 35.2446670383215 5.867730222642422 72.17508982121944 163.540033750236 30.02685286849737 240.4110253825784 12.95096322149038 79.87279365956783 12033.31648225337 141.640056271106 2424.148026660085 801.5070467218757 4.973830632865429 0.3336738720536232 611.7223865315318 2281.218215331435 1099.285019360483 41.07595030963421 17.6358428299427 4.173666678369045 83.59274670481682 37.86773802340031 527.5606145709753 3077.981001958251 1555.641670785844 25.41982664912939 483.7947052568197 38.18821407854557 553.3924608677626 603.3514707386494 10.12779754400253 5948.835181042552 2.700332671403885 413.7941349744797 3239.49159629643 4373.264803640544 619.1654967591166 55.37078381329775 105.3141597807407 603.4306166619062 7.651885606348515 0.5578680783510208 25.87790708243847 2.646836012601852 0.5441732853651047 0 0.4234310388565063 19.62466905266047 0.7300069704651833 4.45420478284359 1.821410864591599 113.5105196535587 1.166274189949036 897.1799349337816 0.9027890413999557 0 0.4417209625244141 2.235767357051373 26.34565848112106 13.44057095050812 0 0.2970378324389458 0.3206376954913139 0.6514875739812851 19.07853648811579 273.5200347527862 139.7151748389006 377.2365121841431 22.93613636493683 1.337783269584179 2.812747351825237 73.87560775130987 0 0.1787778735160828 3.992969267070293 0.6721840500831604 6.522145435214043 244.2752922773361 13.84691554307938 2.050886690616608 3.970628313720226 0.8762594684958458 201.1871831044555 0
6.137619644403458 7.038852587342262 2.357494339346886 1392.304180897772 42.55312944203615 6735.605854660273 138.9896121695638 928.3001234829426 1439.185312882066 6331.222000271082 141.640056271106 5904.525369994342 58.4167932793498 647.4470988959074 531.6357979699969 0.2857696563005447 6.709734529256821 27.5861087962985 24.07593829929829 4108.335243016481 2.17999304831028 22.77273616939783 3.316305540502071 506.5916204228997 4.086842365562916 42.84655664861202 41.7059430629015 271.6006571799517 772.3692141398787 3.815466023981571 3.696757785975933 59.64194713532925 2.062177002429962 389.1113799884915 3.202975302934647 336.7880497127771 20.70525748282671 627.0393377095461 59.77592197805643 1012.137315064669 56.76801724731922 28.00172284990549 5.444952733814716 0.09729307889938354 0 0.9458984136581421 77.47192999720573 1.815805584192276 30.38690757006407 22.69007809460163 10.26720882952213 125.9980032071471 163.5597144290805 0.4319292977452278 283.6220179200172 6.244015619158745 4.270875535905361 25.84497876465321 0 0 0.08805330097675323 0 124.8395805209875 0.0929073765873909 0.8792551308870316 0 111.4825938642025 0.3613281175494194 1.173824533820152 1.301141411066055 30.23905446380377 1.558884270489216 1.375065162777901 0.07721531391143799 0.7058613300323486 0 1.860716052353382 0 11.78605142980814 4.571009650826454 5.176234148442745 6.456727609038353 146.5014089643955 8.291129991412163 0.1142567321658134 0
2.506613358855247 566.0762861743569 2.921192221343517 2.60957644879818 49.39977910369635 61.60283616557717 17.67375833541155 111.8606537207961 13.58138252049685 34.42760626226664 2424.148026660085 58.4167932793498 3134.647796690464 174.9325391277671 1.610780395567417 0.983364038169384 10.59103655815125 18.7201643884182 21.77563931047916 16.99293544888496 3.414739288389683 34.55988752096891 9.626223854720592 38.87629655003548 3430.178420498967 240.0525137558579 5065.308974407613 14.77600259333849 61.51046334207058 5.510877288877964 706.2098923549056 176.7712649926543 0.7709373608231544 1611.72647447139 27.92386272549629 1468.265895538032 5920.440613105893 4776.888420820236 696.8887985572219 130.3528731316328 482.0237272679806 951.628193706274 47.75148698687553 0.09029167890548706 61.49897550046444 0.4519975036382675 0.3836239874362946 0 0 11.92801202833652 0.9965718537569046 3.36980663985014 2.276728667318821 258.1564128100872 0.3662758320569992 2003.878628224134 1.005432993173599 0 0 1.118921771645546 28.17389906197786 11.12904636561871 0.6337790265679359 0.1605184823274612 1.548313848674297 0 9.005385302007198 886.6231546029449 171.3070351332426 516.6029204055667 9.736074365675449 0.852336972951889 0.7662490457296371 112.0765763446689 0.07657434791326523 0 3.37277664989233 7.25851246714592 66.3640318363905 841.7547164931893 118.4918470159173 14.13825894892216 13.11498236656189 2.224076330661774 862.2389926016331 4.013149738311768
7341.347824372351 5.99682229757309 758.5059319734573 90.95765977352858 16.16882438212633 1086.678106404841 7976.980498671532 7119.889275349677 134.7561247497797 1426.21501622349 801.5070467218757 647.4470988959074 174.9325391277671 16666.62978402525 23.89199761301279 2.357035137712955 952.7098252698779 132.2877227962017 235.3838685750961 268.8807958140969 496.7728617340326 23.71371487528086 815.8238517567515 483.7125122845173 9.180310398340225 332.3049209266901 515.7770765125751 301.8075620010495 8368.436981827021 3078.2278970927 11.69399243593216 95.52772615849972 55.27053639292717 1572.196562111378 20.44862557202578 1048.900397330523 80.08170172572136 1218.235224790871 232.6083564981818 509.4581044539809 160.6522291153669 41.37029632180929 13.64518788456917 3.205338180065155 1.48939111828804 5.574688255786896 8.169506050646305 0 0 168.5582394599915 14.97723058611155 35.88632526248693 17.96283587813377 1.747780859470367 4.589262083172798 0.5575331002473831 13.73840366303921 0 8.865663021802902 1.805312655866146 0.2172841355204582 1.228678777813911 6.859981805086136 6.35751423984766 7.287660658359528 3.39379895478487 137.1680272147059 1.294025436043739 5.812700621783733 28.97521364688873 169.1985580325127 23.13620365411043 47.43413700163364 0.3074163198471069 0.406532883644104 1.818061269819736 7.486300751566887 0.5896261483430862 44.86502067744732 1.354182347655296 42.19525565952063 9.50627988576889 19.26121631264687 3.741251170635223 0.5774299502372742 0
0.8010215312242508 21.8484358638525 0 34.32285962998867 2253.085756018758 953.2473019957542 32.97252018004656 94.77549108862877 1301.460340745747 15.87359670549631 4.973830632865429 531.6357979699969 1.610780395567417 23.89199761301279 426.5653576254845 1.586122952401638 0.4327016174793243 0.4119307771325111 0.29933100938797 79.99317298829556 0 84.71485690772533 2.130677923560143 411.4928254261613 4.393684469163418 1.102970257401466 35.86395311355591 50.98465510457754 35.66256255656481 3.782220289111137 0.3673378005623817 35.38864751160145 2.14348229765892 10.19036140292883 59.20704986155033 184.6230211555958 1.437813833355904 21.46070823073387 28.03968517482281 1328.328231006861 16.50068693608046 2.648694470524788 0.1282031089067459 0 0 0 4.782188847661018 0 5.808425098657608 1.875051289796829 0 4.233077503740788 7.374122560024261 0 11.0752530246973 5.628817558288574 0 3.527971208095551 0.1161694303154945 0 0 0 6.929222032427788 0.1573252230882645 0.9517148211598396 0.1070471927523613 8.774156458675861 0 0 0.2702490240335464 5.335384383797646 0.1236565932631493 0.5388379022479057 0 0.2937061786651611 0 0 14.9028288424015 5.831311739981174 0 1.779294192790985 0.1859806329011917 37.8661535680294 0 8.28476619720459 0
1.245122626423836 30.42922342568636 13.5354315340519 3.406662136316299 0 0.230618417263031 41.50220347940922 0.8680583760142326 154.9622609913349 0.7192032411694527 0.3336738720536232 0.2857696563005447 0.983364038169384 2.357035137712955 1.586122952401638 2377.364603072405 15.26612120121717 0.3891203477978706 2.216678358614445 0.4161257296800613 1807.129470564425 4585.953985117376 3257.527059331536 2491.549731053412 5.94253958016634 3.584359154105186 3744.915880203247 1374.661541618407 15.46153306216002 383.3112666606903 0 0.2137118205428123 7.209924228489399 79.84594953805208 42.10765615105629 1699.166221342981 535.4660992696881 517.066018126905 911.3604299277067 20.35336240381002 2.321820229291916 1.410167045891285 12.78249948471785 2.244697943329811 1.555578410625458 7.09183282405138 0.1847416311502457 0 1.471953272819519 10.71027979254723 0.6735660880804062 8.483176425099373 0.651855006814003 0.2198104038834572 0.324810653924942 0.1585156470537186 1.727131962776184 0.1809949427843094 1174.357333645225 2.986433826386929 0 0.605814091861248 0 466.2207388654351 290.7470649406314 861.2966069430113 91.88957028836012 0 1.228263281285763 267.1917918622494 100.3167325034738 17.45307902246714 318.2887679561973 0 0 5.325962096452713 11.14976539462805 8.67263450473547 200.3147522434592 22.78458631038666 57.07058203965425 37.9637812525034 8.366305664181709 1.164718955755234 0 0.4347289130091667
312.000921793282 101.3400888592005 5316.117837235332 1.552131973206997 0.3399951532483101 23.2843009904027 228.6615763455629 549.4546921476722 11.57768077403307 15.97071542590857 611.7223865315318 6.709734529256821 10.59103655815125 952.7098252698779 0.4327016174793243 15.26612120121717 1397.973013222218 272.5470758751035 4021.010960556567 3.088344559073448 675.9293661415577 31.52813731878996 5715.344099633396 32.09055733680725 2.025880962610245 1490.877878546715 6904.876621298492 58.02667906880379 806.0428646579385 2105.808069527149 1.131520234048367 3.828836672008038 32.510498277843 2625.622201278806 3.484323218464851 177.2494421452284 531.4782818630338 1486.561182193458 254.5623739510775 5.782154597342014 0.6751596108078957 18.15499689429998 0.3934681788086891 0.3025738075375557 56.35623373091221 183.5340011417866 0.1263523995876312 0 0.1428156495094299 3.428489148616791 0.9718400835990906 1.399041242897511 0.8484480977058411 0.4800786674022675 0 1.560283899307251 0.8433447629213333 0 9.22285407781601 62.41557372361422 1.809416934847832 38.77795125544071 0 10.48856543749571 8.765102550387383 7.337263368070126 6.606655925512314 5.753399550914764 167.0358106642962 532.4975416734815 4.013942435383797 0.5690098106861115 11.72693961113691 0.242281936109066 0 0.3857088983058929 16.74450921267271 1.721715144813061 41.67744679749012 16.29057436436415 53.04054660350084 10.41847917437553 1.361366532742977 0 0 0.3057395592331886
12.38877248764038 24.12285707890987 66.82083446532488 0.9055155515670776 3.387868829071522 20.11908613890409 10.4259514734149 36.13992770016193 2.630540579557419 21.35977067798376 2281.218215331435 27.5861087962985 18.7201643884182 132.2877227962017 0.4119307771325111 0.3891203477978706 272.5470758751035 766.6522828936577 1411.279739245772 7.359804093837738 6.198112159967422 4.607111945748329 57.0620983839035 7.005586601793766 120.0157842487097 1716.736111588776 958.5583034008741 4.486010953783989 84.68710468709469 26.27860116958618 17.58240412175655 39.05474460870028 2.825572557747364 1022.432489231229 4.724578723311424 395.200317889452 793.5893697962165 1303.074164509773 416.2595659270883 7.196025848388672 1.549817100167274 5.761568166315556 1.037782460451126 0 25.30910231918097 2.655473038554192 0.1864497512578964 0 0 4.414593242108822 0.1138030588626862 0.5869399607181549 0.8826358467340469 36.65199407935143 0.09521812200546265 251.6212414577603 0.2039447426795959 0 0.168569028377533 3.482388533651829 51.50630306452513 32.75016690045595 0 0.2836962342262268 0.9726589173078537 0.3910345882177353 3.854710027575493 114.9894398897886 299.1746243163943 572.6516933590174 3.222474999725819 0.3582144156098366 0.6928700879216194 43.57676441222429 0 0 2.63670352846384 0.3328108787536621 6.982531651854515 23.80425480753183 9.727435901761055 1.969885915517807 0 0 0.4936427026987076 0
51.21419371664524 84.29888472706079 331.6714932471514 1.701884508132935 1.628083020448685 20.39115060120821 29.09683389216661 101.3138166889548 9.865775056183338 20.60640630871058 1099.285019360483 24.07593829929829 21.77563931047916 235.3838685750961 0.29933100938797 2.216678358614445 4021.010960556567 1411.279739245772 3657.743740640581 8.877698749303818 45.41929116845131 14.19477470964193 685.81007463485 16.13560330867767 28.68100007623434 4588.141948707402 2317.907000645995 11.61255571991205 194.1593108773232 194.6360801011324 8.755788899958134 26.59625789523125 8.33065427094698 3249.971445828676 5.709808394312859 548.9920704439282 895.536677390337 1644.490462824702 368.1429973989725 6.521718643605709 1.309178732335567 32.0839713588357 2.647731103003025 0.0965290442109108 52.9155310690403 35.34168881177902 0.1719606220722198 0 0 4.690534584224224 0.874780684709549 0.4865135848522186 0 5.731205634772778 0.5718483775854111 17.41784396022558 0.3491868376731873 0.08915909379720688 1.72272065281868 49.35908556729555 11.51549252867699 136.1618207842112 0 1.442327380180359 2.529074110090733 2.163214504718781 4.533446133136749 13.18431788682938 432.3800137415528 635.3361935392022 5.542214281857014 0.5408087223768234 3.661366611719131 5.421994656324387 0 0 15.74572080373764 1.037806764245033 46.43174087256193 32.01530333608389 63.34519099444151 14.51424024999142 1.153896078467369 0 0.9439491033554077 0
13.569375872612 1.016964018344879 2.317725583910942 3079.452139794827 6.123390525579453 400.8156055733562 57.54092722386122 262.5244966000319 992.8896411210299 5239.179960370064 41.07595030963421 4108.335243016481 16.99293544888496 268.8807958140969 79.99317298829556 0.4161257296800613 3.088344559073448 7.359804093837738 8.877698749303818 701.0561638176441 2.995514012873173 3.400220543146133 2.428049653768539 629.8586767688394 0.6642995700240135 13.11313684284687 15.42045272886753 2115.649271160364 331.5552425682545 3.396909356117249 0.7709845080971718 18.06462542712688 5.42906591296196 169.1684639155865 5.974143102765083 279.3115647807717 6.509315311908722 359.0781625881791 54.95903593301773 216.0532596483827 29.54216255992651 2.973607152700424 2.640632756054401 0 0 0.5820359289646149 160.1026921570301 0.6944756209850311 25.54325357079506 94.09477362036705 8.488291889429092 239.3827226534486 317.8323617726564 6.619626849889755 161.6376986205578 3.040208339691162 7.094626665115356 21.98237578570843 0.2369989007711411 0 0 0.2692923545837402 238.4807537719607 0 1.058942176401615 0 276.456075720489 0 0.9239438027143478 0.7762385979294777 143.7963694185019 3.785776771605015 2.580360196530819 0 0 0.6061620563268661 1.704752326011658 1.229457244277 9.674234978854656 0 12.03488842397928 2.984879583120346 70.62957933545113 1.742061883211136 0.08548151701688766 2.295554399490356
29.26679383218288 13.2275295779109 282.9819259941578 9.060801148414612 0 128.9445507749915 2799.598939985037 772.3648117110133 119.7067386582494 78.01950719952583 17.6358428299427 2.17999304831028 3.414739288389683 496.7728617340326 0 1807.129470564425 675.9293661415577 6.198112159967422 45.41929116845131 2.995514012873173 11092.56217855215 597.1295206397772 15243.30081421882 593.505163192749 2.838524505496025 23.85649224370718 841.655414506793 3253.498315155506 113.9895524680614 9204.872659817338 0.3738535717129707 4.726749323308468 21.46390479803085 3238.054369457066 149.0825729444623 3670.984986595809 531.9987087771297 4868.53015615046 2634.061058938503 31.86581804603338 7.570375822484493 4.938246354460716 43.23870041966438 4.377008020877838 0.2560678049921989 4.12391896545887 0.1554753631353378 0 0 14.89465688169003 3.745406150817871 6.343734875321388 3.03338099271059 0.1017051413655281 0 0 4.598387964069843 0.0926302969455719 365.5243757367134 1.371923767030239 0 0.9445741027593613 0 410.803090505302 96.74608077853918 159.6002453044057 84.64924641698599 0 1.020569302141666 23.95987690240145 105.6694273352623 24.87222501635551 410.8558092415333 0.3621252477169037 0.3738788589835167 10.23002096265554 11.87059658765793 7.569191858172417 141.6503514945507 10.58888060599566 36.77751740813255 12.68674001842737 6.678954377770424 1.815082468092442 0 0.7318585962057114
12.02734159678221 1678.498769111931 177.8486250340939 6.60912124812603 2.257385149598122 5.575889699161053 131.7562075257301 15.76519329100847 2996.143312178552 6.457033708691597 4.173666678369045 22.77273616939783 34.55988752096891 23.71371487528086 84.71485690772533 4585.953985117376 31.52813731878996 4.607111945748329 14.19477470964193 3.400220543146133 597.1295206397772 1933.141934022307 908.7163830623031 7393.449182346463 466.5474458932877 101.0525955855846 6081.599152028561 377.2025260776281 81.97275661677122 521.7817518115044 1.738334782421589 0.2199524194002151 20.61933272331953 85.28056798130274 15.30464255809784 680.8861886933446 243.8007210716605 247.6251470372081 175.7083506435156 77.54287592321634 0.8016143143177032 4.889320746064186 5.695227481424809 0.3223831653594971 44.5504459887743 157.2965802922845 1.463958479464054 0.190254807472229 0.3773068487644196 14.09718059003353 1.676699921488762 19.4541953727603 0.3567069470882416 0.9696006700396538 0.1098697483539581 3.116806320846081 3.237845405936241 0.6419453024864197 1300.652344547212 10.3307287171483 0.355295792222023 6.356467373669147 0.1314006149768829 189.6575545221567 117.184157513082 932.707798011601 86.71998024731874 1.310421511530876 16.38006448000669 2179.114862315357 43.45233038812876 4.286271184682846 64.63715390861034 0 0 0.806598387658596 7.745756678283215 4.718762755393982 120.1218687146902 27.26693293452263 45.89153975993395 45.67022880911827 3.089171908795834 0.3726361095905304 0.3455729484558105 0.1798153817653656
140.7625524997711 26.99161280691624 11291.06254246831 8.629553511738777 0.1846872568130493 66.18857651948929 2169.322161614895 746.8781873881817 75.71538079530001 46.62921157479286 83.59274670481682 3.316305540502071 9.626223854720592 815.8238517567515 2.130677923560143 3257.527059331536 5715.344099633396 57.0620983839035 685.81007463485 2.428049653768539 15243.30081421882 908.7163830623031 19158.25730476528 718.493420548737 3.056947141885757 1449.58454310894 9334.719643317163 3255.0834158957 278.7860602661967 6835.8060381338 0.8974084481596947 3.181084372103214 26.97455798834562 3246.52097517997 188.208985388279 7057.998925626278 1945.143969893456 8816.606528736651 8018.421081922948 119.0427037253976 14.9108619838953 12.11179100722075 50.90144395083189 2.320145398378372 5.381414078176022 142.4437012150884 0.2624218165874481 0 0 15.27410762757063 2.244203560054302 13.67717944830656 6.005772277712822 1.582628637552261 0.1083333715796471 0.3383784890174866 4.362066745758057 0 1016.706036418676 10.95714988559484 0.5229423269629478 5.062430560588837 0 329.1473725736141 208.3309955149889 1131.572889775038 65.9717817902565 0.2353799045085907 11.92687118798494 973.1427774652839 73.20571488887072 14.40249422192574 200.0799171477556 0 0.1164932698011398 5.122283756732941 15.16078218817711 15.78894240409136 180.5764024928212 30.97441434115171 58.60108269751072 57.48649964481592 7.944517783820629 1.188253775238991 0 0.5928058549761772
215.6692592799664 764.7001330778003 31.01436968147755 1939.151560217142 13.24617858231068 89.28738998621702 4003.686881691217 272.4338276535273 8631.017799578607 407.5564240887761 37.86773802340031 506.5916204228997 38.87629655003548 483.7125122845173 411.4928254261613 2491.549731053412 32.09055733680725 7.005586601793766 16.13560330867767 629.8586767688394 593.505163192749 7393.449182346463 718.493420548737 12796.0375199914 156.8729903921485 45.10268161445856 2689.823320940137 9704.638031035662 1805.701505213976 1344.441192343831 1.776412785053253 28.82343617081642 412.6038413122296 675.7068778276443 181.3360988497734 3188.590711861849 138.837984316051 1573.3659844473 689.9193679243326 493.2100720629096 64.27558705955744 7.973775580525398 28.94481907039881 19.65295917540789 3.37560323625803 4.848124548792839 96.94321481138468 0.1495417356491089 14.77252944558859 341.5964614152908 32.78215413540602 531.0108439996839 157.3850340545177 11.98631521314383 58.17234160006046 0.9286929294466972 69.63164016604424 9.094440370798111 166.8204921409488 2.143396325409412 3.210525996983051 1.71646673977375 114.2335011959076 136.4875140711665 107.7325001209974 61.1895040422678 932.9362325370312 0.1031517535448074 8.77737583220005 61.02182020246983 705.8465432077646 107.5753504484892 431.5225391462445 0.7285526171326637 3.176968984305859 21.61675909161568 46.25862956792116 22.97391960769892 310.3213184699416 8.922426201403141 180.4476711079478 51.65755874663591 95.33157954365015 9.910946287214756 0.8531830534338951 1.156725734472275
1.201789133250713 2459.351658686996 0.3855410516262054 1.106778658926487 1.921225048601627 5.061068676412106 6.138783842325211 5.430917233228683 137.6686357036233 10.14682424813509 527.5606145709753 4.086842365562916 3430.178420498967 9.180310398340225 4.393684469163418 5.94253958016634 2.025880962610245 120.0157842487097 28.68100007623434 0.6642995700240135 2.838524505496025 466.5474458932877 3.056947141885757 156.8729903921485 557.6474507078528 548.16017922014 6087.180317543447 13.04844931513071 10.13585171103477 7.841780953109264 199.8407123982906 6.851302564144135 0.6637033447623253 142.7772591263056 0.4905121475458145 977.8376108780503 868.007759295404 1010.726060323417 313.6692245304585 155.1346379071474 269.6750790476799 301.6395181491971 42.30890625715256 2.272278070449829 190.8646348789334 0.339473694562912 0 0 0 11.25764620304108 0 0.2848100438714027 5.306704998016357 87.16367115080357 6.243720419704914 799.4301324412227 0.1054700165987015 0 0.08469270914793015 4.226971037685871 27.51656626164913 28.19186224788427 0 1.364851474761963 0.7320964336395264 0.1291050761938095 2.026514805853367 309.4182788804173 268.3334276750684 571.8315929397941 5.512401513755322 0 0 34.66541241854429 0.3124696016311646 0 4.681797370314598 1.595355033874512 206.024216927588 160.861276820302 67.32474265247583 7.88485749065876 18.24067743122578 19.37188637256622 116.383651137352 0
47.81805843859911 1113.424468383193 9479.961666114628 2.858025901019573 3.351722247898579 36.01080548390746 95.21397326141596 162.5939575731754 44.64046263694763 38.58947136998177 3077.981001958251 42.84655664861202 240.0525137558579 332.3049209266901 1.102970257401466 3.584359154105186 1490.877878546715 1716.736111588776 4588.141948707402 13.11313684284687 23.85649224370718 101.0525955855846 1449.58454310894 45.10268161445856 548.16017922014 26496.78729221225 19305.62816148251 20.04529196023941 143.3843249753118 148.5631648898125 934.1839018836617 52.81353534013033 3.973823383450508 1393.5658255741 18.01293313503265 1973.519480347633 3210.719903513789 3597.804858200252 1101.917247258127 29.08362879604101 3.090233325958252 27.34920053184032 4.95240530371666 0.5276305601000786 499.3189221769571 320.2219696193933 0.1522917747497559 0 0 11.18744342029095 0.7647737860679626 2.298335865139961 1.290783494710922 77.881128937006 1.125007957220078 593.1187597066164 3.248143270611763 0 9.55164210498333 246.9584560096264 119.0212223678827 530.2307786941528 0 2.012849062681198 13.90197543799877 12.79681593924761 10.00779075175524 348.7585937082767 2197.815873272717 4042.890044748783 6.773175120353699 1.682707704603672 6.112473323941231 99.94045680761337 0.312604084610939 0 73.2501427307725 7.961955353617668 179.2575080767274 164.7625890672207 245.5994201600552 68.05429646372795 4.501724191009998 0 4.319078728556633 0.7533824443817139
99.49176412820816 11224.52396580577 14961.10821210593 15.59998352080584 2.693006105720997 42.39852334931493 443.3169674649835 357.3028655089438 976.8921687752008 47.72374306619167 1555.641670785844 41.7059430629015 5065.308974407613 515.7770765125751 35.86395311355591 3744.915880203247 6904.876621298492 958.5583034008741 2317.907000645995 15.42045272886753 841.655414506793 6081.599152028561 9334.719643317163 2689.823320940137 6087.180317543447 19305.62816148251 28257.74655691534 899.8936098143458 275.6686879470944 575.989368416369 1825.939270548522 28.93602535873652 27.29819975048304 3662.866730488837 165.5332155749202 9142.067967124283 5855.109732054174 11114.90330047905 5599.719425901771 208.2864662185311 17.40409726649523 62.24038041383028 28.3333897665143 4.871184043586254 1838.049816265702 2196.667087562382 0.9016820415854454 0 0.3893964439630508 42.887511074543 5.995379440486431 15.54004944860935 5.092456586658955 155.7052200809121 0.09847570955753326 945.4230412989855 16.0204810872674 0.2218941226601601 920.1779386475682 559.3243686035275 219.6560711413622 859.549053542316 1.848620593547821 116.976027905941 692.4438256025314 1693.983829140663 100.7667739018798 738.6163075268269 3871.607217252254 14275.53722829372 63.10639084875584 10.13615277409554 77.79983887076378 156.9319345355034 0.7281524315476418 2.993098445236683 187.7636590376496 28.2494757771492 565.6982352882624 373.0494049265981 648.2048831805587 204.0575311928988 21.05319050699472 2.392830088734627 20.97171385586262 2.217343971133232
