488.9654580578208 0 44.40189365297556 1.524856336414814 0.2804886251688004 4.351502545177937 1092.492551989853 488.794029712677 1.314614422619343 10.08190862089396 8.205578275024891 1.710395961999893 0.3355376049876213 5092.170837618411 0 0.3576634377241135 48.46196496486664 3.736870899796486 27.74991758912802 1.45879453420639 68.65327423065901 0 101.0638708174229 18.4832861572504 0 13.23022322356701 9.966562360525131 79.22197916358709 3044.67159922421 2394.057247370481 0.1828879415988922 2.388518795371056 27.92100404947996 173.1050426140428 1.924210101366043 48.89311473071575 2.62559550255537 80.2709511294961 15.58817934989929 0.8380897864699364 0.2819987535476685 0.1826092749834061 0 0 0 0 0.3745408952236176 0 0.8499375581741333 0.9662655964493752 0 0.5663919299840927 0 0 0 0 0 0 0.4489047974348068 0 0 0.08117789030075073 0 0.1408230811357498 0.6522607207298279 0 5.811860390007496 0 0 0.1060326620936394 6.214516311883926 0 0.2665472775697708 0 0 0 0.2473502308130264 0.6973584890365601 2.074486419558525 0 1.531818196177483 0.1317006796598434 0 0 0.4616299271583557 0
0 33.19115532189608 95.96931505948305 0 0.9924744516611099 0.5037179216742516 0.2300170361995697 0.1029681786894798 654.7236873209476 0.6848139539361 93.76809474080801 5.383168786764145 566.3310319185257 0.2119002938270569 25.8385892957449 121.3560752272606 5.181434847414494 4.077164523303509 2.408921658992767 0 1.806241266429424 1448.984646558762 10.5788626074791 875.8595381304622 1035.554388478398 379.0250398665667 7077.741045735776 26.8903980255127 0.4242208451032639 2.359108120203018 80.40634929388762 0.1363428831100464 0 29.90246000140905 0 15.24844437092543 43.27079174667597 89.02501434832811 16.02645453065634 55.32132601737976 0 153.7935620099306 0 0 32.99193906784058 25.43209195137024 0 0.1130628660321236 0 0.1316812932491302 0 0.1105266734957695 0 5.377283602952957 0 29.07308316975832 0 0 0.7499989867210388 4.453797727823257 2.865711681544781 3.928584136068821 0.1161193996667862 0.2539339661598206 16.39598754793406 7.562570050358772 2.374053545296192 14.77227914333344 88.4521077349782 794.6816464364529 0.5516473054885864 0 0 3.472581654787064 0 0 2.053148277103901 0 9.836544372141361 17.32501549273729 7.777661919593811 2.868596956133842 0 0 1.675423607230186 0
44.40189365297556 95.96931505948305 4193.562126025558 2.174665562808514 0.09389734268188477 48.19867347925901 786.1277558803558 744.6978545486927 3.3781678378582 43.68310025334358 87.30062261968851 4.604608654975891 4.66880390048027 596.6808362230659 0.3232946544885635 8.225593321025372 6820.855578996241 99.73587736487389 915.082649320364 3.406366124749184 199.8352387398481 13.86972882598639 5961.124140620232 80.25351513922215 0.5378204435110092 6428.692258819938 3544.012979649007 430.2350013330579 193.066592335701 134.019562676549 0.4955826252698898 5.002188131213188 8.135356709361076 1725.413028553128 19.13895399868488 1474.863404087722 1288.097773358226 2229.170170024037 570.7793138027191 55.35802724212408 6.109574697911739 1.860152512788773 6.985061779618263 0.2059330642223358 131.6598697602749 588.1596108675003 0.2358714267611504 0 0 4.108509115874767 0.3367604687809944 0.6689101159572601 0.3687136322259903 0.9080339297652245 0.1459808498620987 1.545715048909187 0.6370129212737083 0 18.38985739648342 54.9629277586937 2.123223483562469 10.32660179585218 0.4319946467876434 3.711717754602432 55.91333541274071 345.8705953583121 15.35159916430712 1.21357698738575 225.7791941910982 2248.43193411082 11.59539508074522 0 2.152375213801861 0.9064928591251373 0.1280428171157837 0 18.40553818643093 6.448800399899483 94.17334850132465 213.0505148544908 55.09901498258114 27.24924705922604 6.630832709372044 0 0.2115286886692047 0.2656246721744537
1.524856336414814 0 2.174665562808514 2410.801272541285 4.818757191300392 47.90687324106693 21.52017334103584 23.284164249897 423.8338027372956 1288.076435081661 2.318273171782494 5518.734558276832 0.7799312546849251 21.69635169953108 97.05828151851892 0 0 1.277689717710018 0.9172750785946846 1844.438247457147 0.66001957654953 0.4442429021000862 8.158597022294998 869.7284726575017 0.3067823350429535 2.504136957228184 3.685633555054665 2116.178710795939 83.99602021276951 2.615740485489368 0.2624116167426109 1.919419728219509 6.073911383748055 46.90663832426071 4.458835989236832 257.9579624980688 2.743986502289772 87.53679942339659 36.13729394227266 274.536627329886 9.096909031271935 0 0.8613762855529785 0 0 0 48.4071321412921 0 2.225966595113277 68.542735286057 1.526271268725395 140.952289685607 283.0482265949249 0.3752148896455765 50.94581056386232 0.09105736017227173 2.133266106247902 0.6078923642635345 0.1389010846614838 0 0.1294498145580292 0 47.47939532995224 0 0 0.1268994212150574 86.95562759041786 0 0 0.5270115286111832 177.2380874156952 0.8625040948390961 0 0 0 0 2.021667629480362 0.1693459302186966 43.69284996390343 0 7.472332820296288 1.998286508023739 44.10692580789328 0 0 0
0.2804886251688004 0.9924744516611099 0.09389734268188477 4.818757191300392 108.6017023772001 423.3943917229772 2.946198172867298 77.08888418972492 41.51912336796522 7.072066612541676 17.13667295128107 126.070742815733 13.94388954341412 1.549338825047016 1429.684699483216 0.4526239931583405 0.09249390661716461 0.6626688241958618 0.3977536857128143 10.8807499781251 0.264375239610672 2.927529208362103 0.5042090490460396 25.38472609221935 0.1115821897983551 1.824832707643509 2.635369256138802 6.967621237039566 12.28250022232533 0.6923289597034454 0.1591142565011978 364.4838970154524 0.6449465751647949 148.6451988816261 118.888790294528 33.94056750833988 1.164289750158787 78.86569495499134 103.7926270216703 2272.110024936497 61.37913203239441 0.1692091375589371 0.2274180054664612 0 0 0 0 0 0 0 0 1.102691650390625 0 0 0 0 0 0 0 0 0 0 0 0 0 0 0.2346845790743828 0 0 0 0.5548854321241379 0 0 0 0 0 0 1.970170274376869 0 0 0 0 0 0 0.2992420792579651 0
4.351502545177937 0.5037179216742516 48.19867347925901 47.90687324106693 423.3943917229772 8326.536697126925 2256.54597492516 7256.541513055563 17.18472606688738 4478.358485490084 89.9087957367301 3448.682839542627 31.691391967237 366.3430418670177 1835.050742521882 0.1174393892288208 15.59224163740873 24.28120467811823 26.84436648339033 109.3681489303708 13.9580442160368 0.6605639904737473 75.38793187588453 67.86529967188835 1.140804216265678 45.00574754178524 33.38794339448214 610.1089014485478 446.9383510649204 36.16743344813585 2.082910642027855 733.7249071747065 12.95890645682812 400.062699817121 3.169968478381634 269.7075147777796 9.693564459681511 464.198487021029 134.6565908119082 2631.268001653254 160.8543007969856 5.763281561434269 8.487414143979549 0 0.2013543993234634 0.4405084252357483 0.4940890520811081 0 0.7217980623245239 9.896398335695267 0.2327731549739838 5.973620817065239 6.33694152534008 0 0.817806214094162 0.1132996752858162 0.4564185738563538 0 0.321317657828331 0 0.09415727853775024 0 1.617041721940041 0.2835447266697884 0.5434075593948364 0.9782941043376923 9.304312199354172 0 0.1078992262482643 1.237875312566757 14.33352982252836 0.2111242413520813 0.2052852213382721 0 0 0 0 0.1094771102070808 3.799948044121265 0.3503559455275536 0.5397773906588554 1.509007200598717 5.175355613231659 0 0 0
1092.492551989853 0.2300170361995697 786.1277558803558 21.52017334103584 2.946198172867298 2256.54597492516 15463.28416065872 5499.16208268702 195.5526922419667 7294.163431361318 23.66919601708651 71.87054350227118 7.692417323589325 8579.710581064224 20.19853422045708 6.888803772628307 98.56970019638538 10.85291041433811 32.05551026761532 36.33676907420158 639.9534853994846 6.34978312253952 1584.672259181738 625.1717105582356 1.264604791998863 132.6372134685516 202.9691540151834 10632.9865205586 1835.220867305994 4098.181126005948 0.4533178433775902 18.30736049264669 335.3301405161619 727.8827359974384 55.4964898750186 1416.416392318904 37.0229633897543 1067.773767516017 453.9271201565862 164.6686476543546 35.40299798548222 1.450431674718857 18.22403897345066 0.3866771385073662 0.1406681537628174 2.552033774554729 10.61217778921127 0 5.047555275261402 216.9726207852364 3.276472136378288 125.0087345391512 57.24322508275509 1.226425744593143 7.700435429811478 0.1194326803088188 4.853188522160053 1.959057226777077 5.855221696197987 1.519837506115437 0.2540359050035477 0 7.453911192715168 6.883925184607506 5.318162709474564 9.462258562445641 359.3935196176171 0 0.652548186480999 19.01882249116898 480.1959097236395 8.325858235359192 21.29460339993238 0 0 1.251987837255001 5.881804041564465 5.95330473780632 164.8588582500815 1.25529919564724 37.66024854779243 12.53161647170782 56.83272571861744 2.55798701941967 1.769655957818031 0.1675726771354675
488.794029712677 0.1029681786894798 744.6978545486927 23.284164249897 77.08888418972492 7256.541513055563 5499.16208268702 11578.24082031846 8.747228018939495 3265.538980014622 233.8694818764925 1429.82656159997 99.03486630320549 6917.303622215986 75.85448163747787 1.702899783849716 426.1850573644042 64.65216012299061 234.7122785747051 173.9448564276099 356.7676699757576 0.4958520159125328 1112.81054289639 56.41661024838686 3.594445422291756 206.5238434672356 101.331530585885 303.3861868083477 1547.278231278062 1059.91844727844 5.92492350935936 1039.62793482095 35.56252462416887 891.9277395829558 17.38188503682613 735.2437689602375 48.49601640552282 941.0824911743402 364.2213719934225 1290.032263107598 106.4418352097273 14.15452013909817 16.03389510512352 0 0 2.690709285438061 0.7560596093535423 0 0 12.82744482159615 0.6104167699813843 8.665226057171822 4.706133782863617 0.5241343602538109 0.6263415366411209 0.0891943946480751 0 0 0.7500125467777252 0.09519767016172409 0.4858243092894554 0.245326466858387 1.006929337978363 1.251088172197342 0.5131231769919395 1.986047334969044 19.17404735088348 0 1.138895891606808 10.62810751050711 27.08786256611347 0.6490838751196861 0.1153093129396439 0.1173408478498459 0 0.3509996831417084 0.08879806101322174 2.733227342367172 14.65009696036577 2.381241984665394 3.896469667553902 0.7625671327114105 6.333533391356468 0 0.9336055964231491 0.7514792084693909
1.314614422619343 654.7236873209476 3.3781678378582 423.8338027372956 41.51912336796522 17.18472606688738 195.5526922419667 8.747228018939495 237.2895157858729 323.8451200425625 9.244203716516495 151.7840459048748 34.86577900499105 7.201234720647335 526.2439112663269 85.56922371685505 0.8204979747533798 0.1908705607056618 0.5975860059261322 435.1422831565142 69.05283275991678 1824.744346618652 14.42578934878111 6211.212811954319 92.14829771965742 23.2884271517396 800.2914058417082 1776.484765186906 31.04915576428175 152.3175182417035 7.03390259295702 2.441881164908409 7.716912344098091 26.32287295907736 3.671885594725609 131.0546074584126 9.850183539092541 39.77349420636892 20.12645749747753 216.3975308537483 1.519972383975983 5.145716242492199 0 0.2120098322629929 0.6785833984613419 1.338971048593521 118.2636083289981 0 3.284390106797218 164.3858673945069 2.10744384676218 96.91306336969137 424.8849451243877 1.574663780629635 64.50711048394442 1.964081525802612 3.298263184726238 12.86683204770088 60.63659635931253 0.6012695953249931 1.029864825308323 0.209102600812912 73.89953980594873 49.82957956939936 50.67007114738226 7.304347164928913 1135.533322691917 0.5438599735498428 2.784368567168713 8.013771414756775 855.4609671384096 12.38695764541626 76.44464603811502 0.2199890241026878 0.464669868350029 1.752752929925919 9.141684137284756 2.329487472772598 52.43382970243692 3.243024550378323 24.38243875652552 13.67002003639936 28.43868450820446 1.775392144918442 0.3487942144274712 0.2919413149356842
10.08190862089396 0.6848139539361 43.68310025334358 1288.076435081661 7.072066612541676 4478.358485490084 7294.163431361318 3265.538980014622 323.8451200425625 22039.28839977086 66.85039343684912 4985.463975593448 9.49070855230093 1155.498983517289 59.49325553327799 0.2798455357551575 8.188696682453156 24.17069087922573 32.32241760194302 1823.768738098443 11.78635346144438 1.635788083076477 100.1276455745101 533.2083308845758 1.132985770702362 54.60134276002645 65.78759751468897 8859.388524062932 1125.978655822575 48.86855358630419 2.313996113836765 38.02301657944918 38.29143568873405 763.4909930229187 37.42358213663101 1109.918433152139 32.86632378399372 1226.631319142878 250.9553631171584 427.3209609016776 52.1708515137434 1.526942178606987 19.9005965217948 0 0.3475444167852402 1.191382355988026 125.8406379818916 0 10.8829438611865 270.3243621066213 4.039022073149681 273.181582801044 646.3438512310386 2.823509350419044 99.96855528652668 0 6.075148142874241 3.373032063245773 1.18194217979908 0 0.8259942531585693 0.09308481961488724 118.8991164490581 1.275195121765137 1.803390018641949 1.67021569609642 285.5843483582139 0 0.3061773553490639 5.094580888748169 572.1514770388603 7.076531499624252 1.176614202558994 0.1444213837385178 0.9208873510360718 0.5986976251006126 7.162702165544033 4.096091389656067 161.3959749117494 0.4165911376476288 25.3158959671855 4.481039948761463 159.3721191436052 0.9106898754835129 0 0.1568993479013443
8.205578275024891 93.76809474080801 87.30062261968851 2.318273171782494 17.13667295128107 89.9087957367301 23.66919601708651 233.8694818764925 9.244203716516495 66.85039343684912 7189.157299898565 98.22857531160116 1519.661143556237 248.8128567039967 0.5783108845353127 2.920853957533836 231.5757575035095 1765.056993484497 507.3088690787554 15.82674907147884 24.10545403510332 22.82554591447115 107.0432314872742 14.76561292260885 819.0644288361073 1972.474330887198 447.4461612477899 20.85601662099361 395.9140172153711 20.02972041070461 146.7987999022007 163.5499522909522 0.820643350481987 5130.751994222403 7.373265393078327 528.5036153644323 4013.84798489511 4041.425972498953 938.6626316681504 61.41384682059288 15.27931796014309 836.939999833703 5.786611393094063 0 4.849418550729752 0.3531122356653214 0.2743320763111115 0 0 1.563787631690502 0.5197205170989037 0.8758373260498047 0.4354477375745773 253.7018123194575 0.204141192138195 837.1075878441334 0.648627832531929 0 0 0.4480139091610909 49.34801385551691 2.772062666714191 0 0 0.2602278292179108 0.716613695025444 4.364695832133293 139.9807373657823 63.0282444357872 45.42928969115019 3.122658237814903 0.8971691504120827 0 138.1469083055854 0.4755540192127228 0 4.904501333832741 7.867108292877674 18.16898082941771 355.9032767042518 36.70033973455429 4.175127580761909 0.1405525803565979 0.4320234358310699 159.5624016523361 0
1.710395961999893 5.383168786764145 4.604608654975891 5518.734558276832 126.070742815733 3448.682839542627 71.87054350227118 1429.82656159997 151.7840459048748 4985.463975593448 98.22857531160116 6955.591597922146 8.645977847278118 555.3515390604734 1635.387186646461 0.1155397444963455 1.056582272052765 35.68144977092743 36.66912150382996 4168.134603597224 0.8296840935945511 10.71670180559158 2.339575551450253 1068.533837191761 3.030276924371719 58.79064441472292 41.58137257397175 1008.705315880477 493.4165609329939 2.643981508910656 3.230061784386635 52.55569578707218 1.104472361505032 411.1146051436663 4.79387404024601 549.0479038357735 10.01634695380926 672.8106197714806 69.24407780915499 2277.942820772529 13.13076993823051 1.685939952731133 2.933190658688545 0 0 0 71.55291617661715 0 1.514350287616253 52.65827169269323 0 73.4396602883935 248.7929410338402 0.6203817874193192 79.48921610414982 0.1698940023779869 0.2683718800544739 1.570093207061291 0 0 0 0 72.71847058087587 0 0.1870870292186737 0.1304557621479034 47.86238139867783 0.3148070797324181 0.2975868433713913 0.5016065835952759 125.7655033990741 1.836263820528984 2.323119848966599 0 0.3030811846256256 0 0.5872005969285965 1.13634467124939 82.45651262998581 0.1390017420053482 2.465408012270927 1.2282540127635 77.86257329583168 0 0 0
0.3355376049876213 566.3310319185257 4.66880390048027 0.7799312546849251 13.94388954341412 31.691391967237 7.692417323589325 99.03486630320549 34.86577900499105 9.49070855230093 1519.661143556237 8.645977847278118 1263.440936177969 24.96937965601683 2.72444111853838 5.535427235066891 3.646480657160282 107.3009718209505 17.82223948091269 2.131893247365952 23.79053764790297 122.3015043139458 19.80549273639917 40.43902781605721 2841.574539095163 256.1940488293767 2370.050670236349 21.14143344014883 29.92124243825674 20.60775793343782 185.9770244508982 84.94902504980564 0 1149.548314981163 218.0964570939541 3414.466732397676 4689.419748939574 3732.164542295039 858.6025400832295 199.011366404593 55.73593351989985 755.131168089807 15.60008433461189 0.1007444635033607 19.81173203885555 0.4593756794929504 0 0 0.1053942143917084 1.666679792106152 0.9217960014939308 0.203727200627327 0.1614956259727478 366.7602111026645 0.06716086715459824 1326.530302330852 0.8354850858449936 0 2.097551077604294 0.211363360285759 84.18305247277021 3.935720235109329 0 0 0.8301521167159081 0.8170082867145538 3.924437999725342 475.8067641854286 132.6791386976838 74.72107510268688 6.974194742739201 0.4478218704462051 1.390170454978943 226.7817596793175 0.2902176305651665 0 6.250401295721531 76.16226154565811 389.2413296625018 418.4052852541208 149.6214903816581 128.1589783653617 11.2357153147459 0 232.3082207962871 2.713332891464233
5092.170837618411 0.2119002938270569 596.6808362230659 21.69635169953108 1.549338825047016 366.3430418670177 8579.710581064224 6917.303622215986 7.201234720647335 1155.498983517289 248.8128567039967 555.3515390604734 24.96937965601683 9515.719756618142 2.270697012543678 1.23763182759285 389.9547963514924 74.18876931071281 238.7004220187664 96.99347663670778 445.0011875107884 0.669422835111618 963.1118321940303 82.254419259727 1.760246209800243 215.3636983558536 110.9500498995185 279.1845397874713 5402.788330070674 3419.787470430136 5.361613109707832 47.31104897707701 20.04820424318314 1091.700324952602 7.453681968152523 609.3563085794449 33.49518465995789 766.3314894512296 158.6726854294538 247.5775647088885 54.8495814576745 4.723395310342312 5.047924511134624 0 0 1.578270480036736 0.4273628890514374 0 0.1094321757555008 20.2507462054491 0 4.494644232094288 5.058564618229866 0.3394965082406998 0.3719428181648254 0.0993824303150177 0 0.1087765246629715 0.5210258886218071 0 0.1108787804841995 0.2781899720430374 1.396561250090599 1.848530746996403 0.7383722513914108 2.603299185633659 23.63143394142389 0 1.475776486098766 7.238573826849461 29.7606164291501 0.7895183935761452 1.443237453699112 0.1879898235201836 0 0 0.1102067083120346 0.9589586853981018 10.8737989589572 0.8565050363540649 2.523009106516838 0.8827634826302528 3.967559278011322 0 2.444026708602905 0
0 25.8385892957449 0.3232946544885635 97.05828151851892 1429.684699483216 1835.050742521882 20.19853422045708 75.85448163747787 526.2439112663269 59.49325553327799 0.5783108845353127 1635.387186646461 2.72444111853838 2.270697012543678 461.1743704751134 0.6003900468349457 0.2113366946578026 0 0 194.6459671854973 0.7164870053529739 56.22372268140316 0.9448267444968224 716.5099621042609 4.415658533573151 1.07473361492157 52.9135787114501 97.45473118126392 0.4531815871596336 1.933561645448208 0.3581236526370049 416.5212801471353 0 19.88482633978128 8.178493514657021 80.58760590106249 7.442029684782028 24.43644944578409 193.3305014371872 1358.916174300015 106.8971099704504 2.98646005988121 0 0 0 0 0 0 0 0.4988050758838654 0 0.3441567718982697 0.4009602665901184 0.09358110278844833 0.1162105649709702 0 0 0 0.3748797178268433 0 0 0 0.6497709602117538 0 0.1753399521112442 0.2436997592449188 0.846371240913868 0 0.1039172112941742 0.3743532672524452 0.4501994922757149 0 0.6729366183280945 0 0 0 0 5.366867780685425 1.150609821081161 3.306657135486603 0 1.2824547290802 0 0 0 0
0.3576634377241135 121.3560752272606 8.225593321025372 0 0.4526239931583405 0.1174393892288208 6.888803772628307 1.702899783849716 85.56922371685505 0.2798455357551575 2.920853957533836 0.1155397444963455 5.535427235066891 1.23763182759285 0.6003900468349457 1530.701117374003 23.72097948938608 0.4981584250926971 7.789550915360451 0 2257.578099988401 1743.378216825426 4101.863789707422 730.3885414451361 15.94519174098969 3.812778040766716 3384.019455567002 1063.537184581161 6.723236918449402 163.5220785439014 0.2815796136856079 0 4.531781286001205 123.3291141241789 33.46122854948044 1135.358541622758 248.0515506789088 433.5800965130329 417.4308212921023 56.99093770980835 1.405323654413223 12.49117784202099 6.626415342092514 1.092046976089478 1.902052357792854 7.876692108809948 1.856833472847939 0 0.09166796505451202 5.01186753064394 1.316571086645126 32.44306765496731 0.2365411445498466 1.116205833852291 0.4466963708400726 0 0.09302226454019547 0.6599457263946533 1642.919273786247 1.43220491707325 0.1028194352984428 1.202184066176414 0.5391508787870407 447.1276340261102 713.940322034061 1068.27657699585 300.3830242082477 0 1.149992406368256 424.603104904294 287.6632245182991 1.556301213800907 73.09642194211483 0 0 0.5597131699323654 10.49220610409975 10.39920185506344 206.5105538070202 9.724607408046722 34.34598924219608 40.96104230731726 6.392326280474663 0 12.19300046563148 1.455791607499123
48.46196496486664 5.181434847414494 6820.855578996241 0 0.09249390661716461 15.59224163740873 98.56970019638538 426.1850573644042 0.8204979747533798 8.188696682453156 231.5757575035095 1.056582272052765 3.646480657160282 389.9547963514924 0.2113366946578026 23.72097948938608 902.6543973535299 51.31007269769907 4093.910148538649 0.2974360510706902 726.3787996917963 1.421506211161613 2929.939198404551 18.88483998179436 1.237751096487045 1958.093845658004 2892.436712689698 122.5222121104598 313.8277685716748 446.3481572419405 0.2429798319935799 2.433978542685509 14.30889520794153 1133.779506660998 2.405073441565037 224.5504968389869 1056.268778495491 427.2133247256279 172.0056394338608 12.29164876043797 0.6026654317975044 1.084231331944466 0.3985849320888519 0.1235253438353539 17.47333559393883 68.8993428722024 0 0 0 0.3928032368421555 0 0.1965630799531937 0 0.885379359126091 0 0.4735352247953415 0.2353946715593338 0 3.05417162925005 28.79721987247467 2.368729330599308 15.93115676939487 0 3.940428428351879 2.882396683096886 7.137717366218567 4.122251890599728 0.4654686897993088 266.9746026992798 499.7862720414996 3.062233969569206 0 1.833390429615974 0.1126305460929871 0.09883850067853928 0 10.1710718870163 0 19.38315977156162 231.2291421443224 22.35445398837328 4.865312851965427 0.9613897055387497 0 0.1958181411027908 0.4308417737483978
3.736870899796486 4.077164523303509 99.73587736487389 1.277689717710018 0.6626688241958618 24.28120467811823 10.85291041433811 64.65216012299061 0.1908705607056618 24.17069087922573 1765.056993484497 35.68144977092743 107.3009718209505 74.18876931071281 0 0.4981584250926971 51.31007269769907 132.0455064848065 318.4336420074105 4.516353860497475 3.244980901479721 0.7921158894896507 31.66195975989103 3.80575405061245 25.99417888373137 3541.269175209105 897.4390653446317 9.002852812409401 107.3779491856694 5.462042443454266 72.73798061907291 29.4654862433672 0.1892794296145439 760.783195964992 8.378296598792076 560.5698224678636 1414.218793131411 1437.226813405752 494.6395128145814 23.65529561042786 2.417691752314568 68.37962391972542 1.394387930631638 0 2.267787933349609 0.6532944589853287 0 0 0 0.3168039321899414 0 0.2902160584926605 0.681481659412384 70.81261157989502 0 129.7754580900073 0.09534919261932373 0 0.1047584116458893 0.6720082834362984 80.57198042422533 18.20287205278873 0 0 0.1959992423653603 0.4757658839225769 0.6263939291238785 10.77882037311792 122.3406891152263 73.47239197790623 0.5155132561922073 0.1884842067956924 0 69.58315940946341 0 0 1.229544632136822 2.885662734508514 8.618344031274319 181.0210820734501 2.745206363499165 0.8737723454833031 0.3995334357023239 0 0.5787916034460068 0
27.74991758912802 2.408921658992767 915.082649320364 0.9172750785946846 0.3977536857128143 26.84436648339033 32.05551026761532 234.7122785747051 0.5975860059261322 32.32241760194302 507.3088690787554 36.66912150382996 17.82223948091269 238.7004220187664 0 7.789550915360451 4093.910148538649 318.4336420074105 1932.160081855953 5.282042935490608 87.25256641954184 1.801259577274323 603.7768170312047 4.9006472453475 9.135749012231827 2746.569074764848 972.0285135656595 26.10712695121765 254.0053462535143 100.7575398162007 7.728045091032982 20.00809986144304 8.25654898583889 3145.110018931329 8.003010749816895 798.4518885836005 1519.34263869375 1411.419380553067 580.8050932809711 30.67768221348524 1.347950369119644 25.49714389443398 1.513814032077789 0 16.13698929548264 4.62469144910574 0 0 0 0.9610718190670013 0 1.069628849625587 0 7.189768224954605 0 18.66863851994276 0 0 0.5167718157172203 9.102196797728539 30.58596885949373 58.0151739642024 0 1.487441845238209 0.7520259022712708 0.9980885088443756 1.830726236104965 2.944320991635323 379.6005628556013 372.6556658372283 1.50798188149929 0 0.9967789053916931 7.144157342612743 0 0 4.713173545897007 6.405423924326897 26.76047482341528 270.5728782117367 9.865844756364822 1.012815050780773 1.014954417943954 0 0.567325159907341 0
1.45879453420639 0 3.406366124749184 1844.438247457147 10.8807499781251 109.3681489303708 36.33676907420158 173.9448564276099 435.1422831565142 1823.768738098443 15.82674907147884 4168.134603597224 2.131893247365952 96.99347663670778 194.6459671854973 0 0.2974360510706902 4.516353860497475 5.282042935490608 538.6181496530771 0.5793467313051224 0.4807783737778664 1.754430837929249 362.7183642908931 0 11.83402898162603 7.410721108317375 1669.146773710847 158.6396084800363 1.055503316223621 0.3580723106861115 6.840992592275143 3.797511056065559 106.4119049832225 6.120602875947952 365.3845697566867 6.421916551887989 196.4896569028497 36.56846567988396 528.8605254739523 9.807329453527927 0.5672315657138824 2.799197405576706 0 0 0 96.71181543171406 0 4.829312704503536 117.7027317360044 0.9750349223613739 207.6173251569271 471.7503481209278 0.4791754335165024 86.79008876532316 0.2239175140857697 2.513477049767971 2.51432853192091 0 0 0.1721402704715729 0.2379087656736374 81.88590600341558 0.8445858061313629 0.7548995316028595 1.13026736676693 143.3978751972318 0 0.1155472248792648 0.747851774096489 307.9167899265885 4.984127536416054 0.2496013641357422 0 0 0 2.616863995790482 1.006524085998535 74.93537454307079 0 8.677439257502556 2.384877108037472 83.43890891969204 1.886812448501587 0 0
68.65327423065901 1.806241266429424 199.8352387398481 0.66001957654953 0.264375239610672 13.9580442160368 639.9534853994846 356.7676699757576 69.05283275991678 11.78635346144438 24.10545403510332 0.8296840935945511 23.79053764790297 445.0011875107884 0.7164870053529739 2257.578099988401 726.3787996917963 3.244980901479721 87.25256641954184 0.5793467313051224 12705.70362298936 315.7636423781514 7759.122864119709 159.2141730114818 38.97205120325089 29.90609662979841 707.7011752724648 3275.180033758283 445.2891326844692 5037.201930843294 0.2050248831510544 3.460940331220627 38.6605130136013 2953.07826127857 150.2203441858292 5278.66138510406 881.6591952219605 3962.028670929372 2253.301580712199 248.3696126043797 11.95074371993542 14.26176945865154 26.62292183935642 0 0 5.137585856020451 1.217086978256702 0 0 6.533238671720028 0.3624617010354996 12.68430047482252 0 0.2502220943570137 0 0 0 1.357229210436344 537.2023232579231 4.890272863209248 0 0.8655380383133888 0.8746760040521622 486.6213543266058 177.3991725891829 125.3869630843401 269.9603843837976 0 3.239606410264969 29.07682660222054 277.4937283992767 0.7263305559754372 95.53081376105547 0.3162945806980133 0 0 9.132975876331329 20.35011430829763 276.3633995354176 8.023860894143581 21.25667431205511 14.38157936930656 10.32740540057421 0 14.99101826548576 6.446767263114452
0 1448.984646558762 13.86972882598639 0.4442429021000862 2.927529208362103 0.6605639904737473 6.34978312253952 0.4958520159125328 1824.744346618652 1.635788083076477 22.82554591447115 10.71670180559158 122.3015043139458 0.669422835111618 56.22372268140316 1743.378216825426 1.421506211161613 0.7921158894896507 1.801259577274323 0.4807783737778664 315.7636423781514 564.4297433197498 736.929409109056 4820.202331528068 413.2412623167038 49.18917115777731 4077.002400353551 324.8878993317485 2.092078775167465 26.51892707496881 30.72893901914358 0 2.972640760242939 15.25485748052597 1.437773108482361 180.5273950323462 20.18559049069881 105.3245788365602 119.4488056525588 130.7600765749812 1.257754430174828 18.56756344437599 4.079034358263016 0 9.931416600942612 31.5492851883173 0.2756394818425179 0 0.09152915328741074 3.904634326696396 0.26170264929533 4.956057749688625 1.351321756839752 1.44706467539072 0.2420292347669601 7.329063467681408 0.141043022274971 1.853006690740585 952.3214373141527 1.730753712356091 0.4614594727754593 0.7177621424198151 0.5599410831928253 189.3734967559576 178.8636661395431 380.2983126267791 131.2010785862803 1.350467748939991 3.728631757199764 1236.193893030286 96.77920144051313 0 18.42344167083502 1.357691496610641 0 0 3.312169767916203 2.695576012134552 73.02609965205193 11.35955115407705 28.44973514229059 36.40421495586634 4.845030501484871 0 2.847301706671715 1.102093383669853
101.0638708174229 10.5788626074791 5961.124140620232 8.158597022294998 0.5042090490460396 75.38793187588453 1584.672259181738 1112.81054289639 14.42578934878111 100.1276455745101 107.0432314872742 2.339575551450253 19.80549273639917 963.1118321940303 0.9448267444968224 4101.863789707422 2929.939198404551 31.66195975989103 603.7768170312047 1.754430837929249 7759.122864119709 736.929409109056 12384.71658195555 650.1561272740364 4.148934468626976 824.096602678299 7365.414755545557 3517.822384387255 494.1396201476455 3122.322912447155 0.2868323102593422 7.01028548181057 30.03330720216036 3397.43616809696 219.0009648948908 7211.556984759867 4247.439624652267 7970.289228841662 5910.036645591259 632.6773329004645 20.02065923810005 14.74510760605335 81.08179668337107 0.09182240068912506 8.762046709656715 211.3813370987773 0.7682555243372917 0 0.5139330476522446 14.33455442637205 0.7832286357879639 4.931987732648849 2.006317742168903 0.5829222947359085 0.2292129769921303 0.5112467408180237 0.2104480266571045 0.5738743543624878 1892.611165821552 3.22917028516531 0.7811649516224861 1.617457926273346 0.1497578471899033 224.0967726334929 571.7800922989845 2401.202363468707 132.9197558835149 0.5792160779237747 8.566411279141903 1937.850711330771 126.8275475725532 0.6583053916692734 16.0107768252492 0.1298941373825073 0.2613225877285004 0.1199305430054665 15.97595681995153 26.90045626461506 265.8033919557929 18.9082011282444 128.4322762563825 133.3952138125896 13.37092044949532 0 4.791875518858433 2.759511440992355
18.4832861572504 875.8595381304622 80.25351513922215 869.7284726575017 25.38472609221935 67.86529967188835 625.1717105582356 56.41661024838686 6211.212811954319 533.2083308845758 14.76561292260885 1068.533837191761 40.43902781605721 82.254419259727 716.5099621042609 730.3885414451361 18.88483998179436 3.80575405061245 4.9006472453475 362.7183642908931 159.2141730114818 4820.202331528068 650.1561272740364 6514.419213630259 100.8025650382042 37.4222316890955 3154.31789188832 6025.414824470878 352.8572788462043 799.9883254766464 8.575922027230263 4.936742827296257 82.0717811062932 317.9742589965463 35.1313296481967 1457.868422724307 59.62775079905987 669.341428861022 311.7170203179121 702.7161592766643 25.77053992450237 9.92028845846653 14.46017046272755 2.267471395432949 3.72287043184042 13.83523336797953 117.4910239577293 0 14.00504481047392 665.2344835326076 12.95513255894184 1071.72624079138 542.5336526408792 5.670388698577881 82.25605167448521 2.290601775050163 17.62221197783947 11.55748826265335 121.4920961111784 4.822678722441196 1.999013692140579 2.346858091652393 85.96891272068024 97.05846044421196 100.5925388410687 54.11594029515982 1564.353774376214 0.4621374979615211 6.277224086225033 78.06832443922758 1879.829367399216 38.96221961081028 107.7874612137675 0.4169033691287041 2.620647758245468 3.886811956763268 39.01887822896242 11.98699010163546 313.5897778049111 4.637641057372093 119.1518926694989 46.8369876742363 217.9168588221073 12.95298214256763 3.880607582628727 4.013022758066654
0 1035.554388478398 0.5378204435110092 0.3067823350429535 0.1115821897983551 1.140804216265678 1.264604791998863 3.594445422291756 92.14829771965742 1.132985770702362 819.0644288361073 3.030276924371719 2841.574539095163 1.760246209800243 4.415658533573151 15.94519174098969 1.237751096487045 25.99417888373137 9.135749012231827 0 38.97205120325089 413.2412623167038 4.148934468626976 100.8025650382042 319.4819291830063 335.8740123435855 5131.257002800703 14.60554628074169 4.162817820906639 31.75852342694998 375.5268521755934 3.073085062205791 0 288.7102301716805 5.100983530282974 684.3840671181679 601.4120622053742 1387.202605217695 217.1818240210414 155.3230176791549 43.71105700731277 1126.485708281398 15.89837890863419 0 42.05806460976601 0.4547798782587051 0 0 0 3.839679189026356 0.1118029057979584 0.9956885129213333 0.2334195002913475 113.9460124596953 0 697.7206844091415 0.3472618982195854 0 0 0.6446296870708466 78.27904456853867 41.92966049909592 0 0.8696961402893066 5.626531258225441 0.4125893414020538 2.818915963172913 94.49324328452349 286.9459098652005 224.5803836062551 10.32720214128494 0.8654908239841461 4.589080795645714 77.63453548401594 0 0 7.622270077466965 1.652829989790916 327.0095461308956 135.3200342953205 85.04942825436592 17.21524523198605 14.4730771780014 0 72.97354915738106 1.896836876869202
13.23022322356701 379.0250398665667 6428.692258819938 2.504136957228184 1.824832707643509 45.00574754178524 132.6372134685516 206.5238434672356 23.2884271517396 54.60134276002645 1972.474330887198 58.79064441472292 256.1940488293767 215.3636983558536 1.07473361492157 3.812778040766716 1958.093845658004 3541.269175209105 2746.569074764848 11.83402898162603 29.90609662979841 49.18917115777731 824.096602678299 37.4222316890955 335.8740123435855 22872.59739476442 9548.069358579814 74.63589956611395 194.1492083594203 26.99858248233795 599.5060084834695 28.99404522776604 2.469286009669304 3254.196225628257 30.06195323914289 3137.669126734138 6004.841570869088 4902.588382303715 1624.229112029076 78.95482624322176 7.453943990170956 167.6594341024756 5.378131024539471 0.43158258497715 476.0393509864807 129.5564001500607 0.1469100266695023 0 0.07087364047765732 2.771580182015896 0.1360408812761307 1.527453556656837 0.7089446559548378 313.4627439081669 0.1385079622268677 791.6798772513866 1.146438121795654 0.1993464976549149 1.990516051650047 100.5396704897285 620.4758028015494 487.061390593648 0 2.295160695910454 7.626404091715813 10.41898936033249 4.408473297953606 173.5576443076134 2835.30581086874 3784.247092805803 4.269946068525314 1.704381987452507 4.453699357807636 345.1663065701723 0 0.1382572948932648 39.66890562325716 13.4758907854557 165.9080286175013 1355.132574468851 102.1058468222618 23.55559732019901 7.94700089097023 0.7519599795341492 6.649022676050663 0.6504111588001251
9.966562360525131 7077.741045735776 3544.012979649007 3.685633555054665 2.635369256138802 33.38794339448214 202.9691540151834 101.331530585885 800.2914058417082 65.78759751468897 447.4461612477899 41.58137257397175 2370.050670236349 110.9500498995185 52.9135787114501 3384.019455567002 2892.436712689698 897.4390653446317 972.0285135656595 7.410721108317375 707.7011752724648 4077.002400353551 7365.414755545557 3154.31789188832 5131.257002800703 9548.069358579814 18630.35799860954 1785.107444778085 124.5920997038484 72.12767154723406 2197.581208199263 12.93159026652575 5.770254530012608 3449.036189891398 64.90797781199217 4816.151217386127 3520.040299892426 6997.452378548682 2478.690715529025 298.2725395485759 20.18993556499481 78.12524371594191 29.08392900973558 0.5271529853343964 3078.168963685632 1825.222749888897 1.262236289680004 0 0.6522403359413147 17.83736120909452 2.386707648634911 6.484817683696747 2.229177363216877 288.2576173990965 0.5002654120326042 744.344124250114 2.811514303088188 0.2915402799844742 485.4782395660877 238.8933334648609 745.3084553480148 567.1549124270678 0.8551085740327835 20.81297558546066 948.984582029283 1795.653635181487 106.3698237538338 474.1601919010282 4315.880527101457 15888.68954805285 66.17012958973646 2.073596596717834 11.75165343284607 382.5002187266946 0.9417345821857452 0 99.99328372627497 19.8876174390316 453.3299898952246 1215.639717198908 346.2550885155797 155.7396146580577 24.07620254158974 0.6917096078395844 14.3677659407258 1.937727734446526
79.22197916358709 26.8903980255127 430.2350013330579 2116.178710795939 6.967621237039566 610.1089014485478 10632.9865205586 303.3861868083477 1776.484765186906 8859.388524062932 20.85601662099361 1008.705315880477 21.14143344014883 279.1845397874713 97.45473118126392 1063.537184581161 122.5222121104598 9.002852812409401 26.10712695121765 1669.146773710847 3275.180033758283 324.8878993317485 3517.822384387255 6025.414824470878 14.60554628074169 74.63589956611395 1785.107444778085 14771.33681328595 1581.699362643063 10939.81001392007 0.483424037694931 7.685419961810112 523.2351667582989 1358.954911388457 161.303378097713 4047.381384000182 190.9187761992216 2472.267080895603 1214.670778729022 462.6429120823741 59.72087872028351 13.81827157735825 32.02102742344141 1.695346787571907 1.749106429517269 16.82863949239254 108.1526391357183 0 11.08663006871939 659.810226470232 16.60722491145134 668.1646214574575 455.0102425590158 6.353029862046242 59.18574611842632 0.5970188975334167 16.30879916250706 11.41015074402094 186.9319898635149 9.453273311257362 1.894728951156139 2.526552248746157 69.58430184423923 202.5428914874792 110.5592622309923 54.43292324244976 1691.120644308627 0.3749615848064423 5.721711255609989 70.76664394140244 2023.627948731184 36.96378596872091 231.8304395154119 0 1.205088153481483 4.486593425273895 41.87068900465965 26.8068371117115 388.1727481558919 3.86839996278286 105.1894605234265 39.25058195739985 161.7745929062366 9.437181815505028 14.31492254137993 4.529771223664284
3044.67159922421 0.4242208451032639 193.066592335701 83.99602021276951 12.28250022232533 446.9383510649204 1835.220867305994 1547.278231278062 31.04915576428175 1125.978655822575 395.9140172153711 493.4165609329939 29.92124243825674 5402.788330070674 0.4531815871596336 6.723236918449402 313.8277685716748 107.3779491856694 254.0053462535143 158.6396084800363 445.2891326844692 2.092078775167465 494.1396201476455 352.8572788462043 4.162817820906639 194.1492083594203 124.5920997038484 1581.699362643063 15583.79019375145 3767.023142185062 8.120826624333858 220.1788829863071 2481.783913686872 2799.770627982914 14.42379239946604 863.4185400158167 47.11325582116842 1492.271123424172 318.512094154954 270.8453377112746 43.70469446480274 7.576399333775043 7.64783538877964 0 0 1.426563590764999 1.222304552793503 0 0.2195635512471199 33.04198995232582 0.7124956697225571 25.02940948307514 4.149204656481743 0.7929583042860031 1.973790973424911 0.1880868151783943 1.559842340648174 0.8019249439239502 9.192282013595104 0.4509202390909195 0.09414398670196533 0.5103090554475784 0.6531666442751884 11.69396030902863 5.898165099322796 2.506550572812557 88.7282847315073 0 1.548723921179771 2.967703700065613 109.401406981051 2.939706057310104 16.95449620485306 0.283159151673317 0.1888311058282852 0.2960654199123383 1.931125216186047 3.019805490970612 45.00818396359682 0.9786014184355736 9.110275037586689 3.424582652747631 13.4632104486227 0 1.564407169818878 1.019702762365341
