1061.131310105324 2.841852866113186 13.21856022626162 1.116068005561829 3.129705920815468 72.36692724376917 1281.313946403563 799.0155000425875 33.38495717197657 68.50204249471426 28.22430190816522 4.334371350705624 6.440368913114071 4353.188233662397 0 11.10622020065784 98.43697576969862 27.11799223721027 56.93244891613722 1.589625038206577 64.32072038203478 29.4349140226841 35.32049525529146 43.37993209809065 0.6604763716459274 36.53679167106748 31.23608387261629 64.95466454699636 4362.902351081371 2717.430724032223 2.290693439543247 23.74014078080654 102.826877579093 229.5701133683324 1.34811620414257 97.37496732920408 7.557587750256062 272.8719372600317 61.18798103928566 19.26603168994188 23.42925043404102 1.542218931019306 3.333205759525299 0.2514854669570923 0.7266923636198044 0 0 0 0 4.279732838273048 0 3.206469252705574 0.7589632719755173 0 0 0 0.4002436697483063 0 13.7578988969326 0 0 0.2580203041434288 0 2.571259029209614 4.971543155610561 0.2698296383023262 16.65096076577902 0.09924758970737457 0.3050490021705627 3.646419651806355 15.09299952536821 2.036971271038055 3.555216751992702 0 0 0 0.2867605090141296 0.1187151819467545 16.00015888363123 0 2.77410726249218 1.548224292695522 1.503909841179848 1.232370585203171 0 0
2.841852866113186 213.1057795807719 97.71426520496607 0.4307407736778259 0 3.202477514743805 63.92944484949112 3.977323558181524 143.2451750189066 4.650982640683651 309.1296210810542 4.416688829660416 782.7923268824816 8.793964549899101 10.50395164638758 81.15554661303759 360.7052735984325 31.10444191098213 298.9089178293943 0.5360777378082275 20.49246235191822 2004.342640787363 65.90222898870707 405.0035914182663 1216.637623496354 585.8544441536069 7713.89602804929 105.1185536682606 8.534264177083969 26.65456961840391 41.34690532833338 1.384773328900337 0.8566583544015884 128.5952486097813 3.347201630473137 398.680758446455 196.5782804712653 506.1915601193905 118.8671404570341 12.07897596806288 1.145701318979263 72.18253421783447 0.7862033024430275 0 27.92706993967295 40.87547086179256 0.2022192925214767 0 0 1.52113401144743 0.1045878753066063 1.003716967999935 0.3682186231017113 1.217855148017406 0 18.06558417528868 0 0 1.476033806800842 23.72044926136732 4.651553563773632 97.53142543882132 0 1.128654137253761 6.108635857701302 10.50693610310555 2.114041209220886 28.34119542688131 470.4896205961704 1725.601585820317 1.221987336874008 2.049986034631729 0.5633376836776733 1.191660486161709 0 0 2.194303005933762 5.833334125578403 14.82320845872164 10.49891172349453 21.78098298609257 9.188444502651691 0.45560322701931 0.09966400265693665 0.4778265058994293 0
13.21856022626162 97.71426520496607 2299.997730359435 2.077367514371872 0 4.965127266943455 120.8868144154549 7.865508250892162 1.035488858819008 6.116193413734436 22.10240890085697 0.4650910869240761 4.585525438189507 20.37161711603403 0 2.499332159757614 3978.359024748206 156.4192208573222 317.3637200817466 0 579.971114218235 6.051690921187401 7642.647138036788 11.68626023828983 1.056215323507786 5341.521694637835 5719.155492961407 91.00534942001104 9.034647695720196 291.5376417636871 38.31657043099403 0.291812963783741 0.5809787064790726 532.3387912288308 5.44369599968195 233.2673568427563 10.15088313817978 1240.889860138297 231.6286735311151 9.386287830770016 2.289843201637268 0.3390277326107025 0.3346524238586426 0 67.76093173027039 191.3019203543663 0.1361403912305832 0 0 0 0 0 0 1.304561257362366 0 0.08290699869394302 0.09548695385456085 0 3.172173991799355 11.53032454848289 0 2.50755363702774 0 0 5.686027526855469 6.37238772213459 0 0.7661367207765579 18.16018618643284 560.4678071141243 0 0 0 0.2897244319319725 0 0 0 6.108073875308037 4.118974238634109 3.827306970953941 4.796422332525253 1.661271333694458 0 0.4522429406642914 0 0
1.116068005561829 0.4307407736778259 2.077367514371872 1695.344789177179 0 7.795821771025658 34.98156122118235 6.724807597696781 577.2681760117412 1113.804270260036 0.2948338240385056 4395.249272607267 0 5.053536385297775 6.943133324384689 0.5088881030678749 0.2170521318912506 0.1565219387412071 0.1861319243907928 2654.487708672881 4.45931152254343 8.595544122159481 1.69463787227869 789.1316374912858 0 0.1797883361577988 1.947499960660934 3563.051716499031 11.70594239234924 3.30590645968914 0.06436803191900253 0.1899783462285995 1.063148356974125 5.88901624083519 0.5026420429348946 17.74232389032841 0.2226494774222374 16.23288697749376 6.104987107217312 6.902516648173332 3.551524370908737 0.1226668953895569 0.3409285992383957 0 0 0 50.9335892945528 0.1711590439081192 16.12191842496395 141.5633604303002 10.68961820006371 63.50765587389469 106.0562419146299 0.2662621214985847 172.7454264387488 0 5.71050513535738 3.084275126457214 0.225726380944252 0 0.1635248810052872 0.2069100365042686 225.0289060845971 0.3573304116725922 0 0 138.7620384469628 0 0.1890902817249298 1.620309412479401 89.95704199373722 3.43293671309948 0.4775830134749413 0 0 0.1046004667878151 1.573982894420624 0 6.38861870765686 0 8.387417040765285 1.728223770856857 0.3242250978946686 0.3670961707830429 0 0
3.129705920815468 0 0 0 69.22373920679092 505.8027116134763 6.341459795832634 54.30025714635849 3.603702023625374 8.476837389171124 10.78361529111862 26.30944438278675 2.33280137181282 48.2510966360569 711.9708811864257 0.07507194578647614 0.3431055769324303 0.8947988227009773 0.3579661101102829 1.206140264868736 0.2107593864202499 0.4386037364602089 0.195418581366539 6.690286882221699 0 0.08604298532009125 0.7997464686632156 1.324558645486832 25.24576356261969 1.410405449569225 0.3196219950914383 66.99243697524071 0.06846886873245239 34.31749149411917 1.672849103808403 22.52380825579166 1.01708672940731 103.5368845388293 16.39741917699575 734.3603318482637 23.73608224093914 0 0.8946332633495331 0 0 0 0.1079521402716637 0 0 0.3739075511693954 0 0 0 0 0 0 0 0 0 0 0 0 0 0 0 0 0.7757867053151131 0 0 0 0 0 0 0 0 0 0 0 0.8863011598587036 0 0 0 0 0 0 0
72.36692724376917 3.202477514743805 4.965127266943455 7.795821771025658 505.8027116134763 11644.55080839247 3034.278514269739 5211.444248996675 482.9693727679551 6262.175992224365 184.3722815588117 4120.887786194682 68.47338454797864 899.9387457258999 537.4435019642115 5.197267353534698 9.558957897126675 27.33844387158751 14.02101186290383 150.0503269061446 47.04385197162628 20.46307846531272 13.24465255439281 210.8230075165629 4.725520879030228 19.00122695416212 28.94020159542561 219.6032444834709 392.4332479722798 92.83674728125334 9.001478981226683 606.8889031782746 8.829326711595058 563.6795872561634 1.840743020176888 415.9150659888983 70.09513588994741 730.2738671340048 180.6139477901161 1715.915081262589 428.2235583141446 36.70082526654005 9.668406464159489 0.3647714778780937 0.5740210190415382 0.3887709826231003 18.2386667355895 0 3.379425466060638 185.1493772789836 12.35779164731503 56.01654175668955 44.98437973856926 0.1731484234333038 50.91724768280983 0.3075578808784485 14.59943173825741 0 10.82312040030956 0.1947046965360641 0.2095548883080482 0.4568026289343834 93.08787678182125 2.625002846121788 1.092688120901585 1.58248408138752 155.445346031338 0.07723038643598557 0.6296930313110352 2.078053742647171 152.1370126232505 5.975133411586285 5.618463464081287 0 0.1936859041452408 0.8598712533712387 7.866181291639805 0.09114041179418564 35.3247417062521 1.561899125576019 12.02451895177364 5.297735795378685 1.291503295302391 0 1.903363347053528 0.5749128460884094
1281.313946403563 63.92944484949112 120.8868144154549 34.98156122118235 6.341459795832634 3034.278514269739 16015.00138162076 1586.002624452114 747.5485251024365 9055.074744962156 40.94459719210863 169.5844414830208 14.08921238034964 4356.372478283942 16.99666162580252 165.9527944028378 135.1560555174947 33.79435915127397 63.34756256267428 58.81377205252647 1743.223013848066 453.9523744508624 521.1856181994081 1221.994857385755 4.547908179461956 75.45127528905869 419.9248108193278 15131.19053448737 910.5178007595241 6423.436287738383 4.236231919378042 34.13346325978637 55.89370334893465 422.1157920174301 13.84848185628653 919.1880299597979 47.071129668504 1000.839388281107 402.6513605341315 149.070329785347 143.1317776180804 7.460494220256805 24.42754775285721 2.759176015853882 1.717346042394638 0.5629686564207077 29.02289789915085 0 9.190933257341385 628.5766299217939 57.08134786039591 108.9325963258743 71.11888156831264 1.058965653181076 3.651537120342255 0.4405574351549149 74.76315125077963 0.342951588332653 88.94469583779573 2.371145837008953 2.345051229000092 1.253128752112389 85.08953777700663 20.72691314667463 22.26080513745546 17.46831424534321 782.2730766460299 0.1008030772209167 2.53433745354414 25.9322762414813 687.1582470461726 43.78216952830553 31.37722178548574 0.1138623207807541 3.835204035043716 1.511724546551704 21.31707344204187 0.3869126513600349 253.2152254283428 0.8361102566123009 72.03089563548565 59.57440729439259 21.67866659164429 4.41836766153574 0.5627798438072205 1.146387919783592
799.0155000425875 3.977323558181524 7.865508250892162 6.724807597696781 54.30025714635849 5211.444248996675 1586.002624452114 7334.624756764621 136.7784321755171 1113.436866309494 166.7682584226131 705.7333525009453 39.39985106512904 6642.370851803571 10.70171374827623 17.67354932427406 62.39590218663216 39.17832735925913 43.75805362313986 56.75351162999868 73.04004122316837 42.91978212445974 38.39325633645058 229.3820692375302 2.239430703222752 33.60628466308117 41.45743774622679 182.7054062597454 725.5904552973807 702.9639469720423 7.343023359775543 324.2821577489376 24.04734712839127 331.1435719579458 4.045157484710217 249.1892186440527 28.0462793558836 495.7267493195832 112.1827170588076 248.0191566199064 58.03902414441109 8.10153766721487 2.931873172521591 1.106450095772743 0.3693574890494347 0.1634356528520584 1.446510747075081 0 0.5830216407775879 106.327938310802 11.16685649752617 20.82153058797121 9.302307166159153 0.09476657211780548 2.257917553186417 0.2446625232696533 16.11966362595558 0 26.70644169300795 0.1679191663861275 0.1579204946756363 0.1164373531937599 17.60413669794798 8.796064667403698 3.632004424929619 4.648483626544476 135.6590669229627 0 1.469796478748322 1.480563290417194 108.9043737798929 5.362155161798 10.2794232442975 0 0.5451304018497467 2.29575452953577 5.333553582429886 0.0895979106426239 40.65831597149372 0 11.69718350470066 7.945289470255375 0.4650788158178329 1.524787798523903 0 0.1845737099647522
33.38495717197657 143.2451750189066 1.035488858819008 577.2681760117412 3.603702023625374 482.9693727679551 747.5485251024365 136.7784321755171 1045.892601691186 569.3363221660256 4.830065257847309 1026.593235805631 5.383157171308994 161.4934143908322 553.1255964264274 128.5082858204842 2.327374219894409 1.239086486399174 3.579715549945831 781.1624222546816 136.4844086617231 2320.455947242677 30.8194160759449 5257.513495154679 16.16601157933474 3.389439553022385 133.4989807978272 1362.843670733273 134.8590598776937 248.0180652216077 0.5151109769940376 2.927027516067028 22.11028352379799 80.63957586884499 9.270831488072872 587.7646303623915 35.74378492683172 212.4461227804422 134.2224916517735 362.2139589264989 34.63071402162313 1.232057064771652 7.098760515451431 8.465116247534752 1.506442248821259 0.9369576498866081 151.3137167692184 0.236334890127182 74.05332023650408 200.1819634586573 11.84100417047739 218.1680982112885 135.1220809817314 0.6812934204936028 785.055111899972 0.4596044719219208 23.07210608571768 13.01479411125183 459.5065879151225 0.5285258442163467 0.3198948726058006 0.4646744653582573 608.1838549077511 68.81124968826771 55.06768675893545 10.58591214567423 1246.18822196871 0.3578864112496376 4.067915864288807 22.32370707392693 440.3221531584859 49.51826509088278 35.10943248867989 0.1069573014974594 0.5527446642518044 4.948201820254326 33.02186056226492 3.817410111427307 303.1111236810684 2.784961506724358 48.83108668774366 41.28721658140421 24.45030172914267 5.091631308197975 0.7544980049133301 0.9514653235673904
68.50204249471426 4.650982640683651 6.116193413734436 1113.804270260036 8.476837389171124 6262.175992224365 9055.074744962156 1113.436866309494 569.3363221660256 34444.46362120658 49.5711916424334 4171.949052210897 19.74189046025276 908.2301053255796 13.42852740734816 7.807157211005688 10.66926497220993 12.31284938380122 10.1635372787714 2025.990537337959 71.72667796909809 36.54382164776325 19.15915495157242 1004.549890685827 0.5789590552449226 10.73473981767893 28.06488332152367 5260.029133059084 639.0452786758542 108.9738680943847 2.693038150668144 51.33778101205826 13.8972739726305 387.1846258938313 4.776203684508801 678.8065969496965 31.55579633265734 928.0831758826971 276.1789281740785 256.3615009188652 259.6950168907642 10.7806263640523 28.5822919011116 0.4238407090306282 0.3491756692528725 0.212837740778923 84.84597180783749 0 11.42829520255327 472.4045490324497 29.63369683176279 69.12133161723614 205.4429374039173 1.084455162286758 76.21363089978695 0.0788530632853508 23.2571267709136 0.6259633302688599 9.050949275493622 0.616306409239769 0.544957123696804 0.08122573047876358 350.8895249515772 1.771052017807961 0.8915030583739281 0.889145165681839 360.8283190727234 0.1071041822433472 0.6603519469499588 2.559288494288921 293.725926078856 11.86602589488029 3.589541830122471 0 0.9958299696445465 0.4288019090890884 10.02969111502171 1.526368454098701 36.03868349641562 0.1734860092401505 15.68847645819187 13.00157154351473 3.03458047658205 1.148986019194126 0.8773115277290344 0
28.22430190816522 309.1296210810542 22.10240890085697 0.2948338240385056 10.78361529111862 184.3722815588117 40.94459719210863 166.7682584226131 4.830065257847309 49.5711916424334 7142.997013762593 86.23838417977095 3205.254911798984 174.1691807061434 1.45159724354744 1.221625614911318 276.7787257283926 3191.876576710492 823.615483365953 5.95999551191926 18.3008042126894 55.89144587889314 48.20279769599438 10.19210029020905 1199.450089409947 1092.868190973997 1151.896791052073 7.764847192913294 303.3633390069008 114.1916145421565 376.4454012475908 271.2922412604094 1.784034356474876 5274.036186262965 15.24241219460964 679.6632011681795 2523.12046148628 3295.935117240995 469.479753009975 78.3292176425457 33.19464942067862 730.9599294066429 3.055985130369663 0 13.52480414509773 0 0 0 0 0.6151647791266441 0.9558723866939545 2.220032848417759 0 596.8537883684039 0.4184978753328323 1409.672665111721 0 0 0.7436166703701019 0 119.339531570673 17.24561502784491 0.6062352210283279 0.0757833793759346 3.948444500565529 0 2.74381797760725 247.0921134501696 184.2494072467089 168.4647461175919 2.895694568753242 0.3011454641819 0.1816787719726562 186.9072124436498 0.2728045284748077 0 28.17351185530424 8.906479626893997 83.74771158397198 369.2015856727958 30.84839516878128 5.634568430483341 0.9245868250727654 1.6104451790452 478.5749962255359 0
4.334371350705624 4.416688829660416 0.4650910869240761 4395.249272607267 26.30944438278675 4120.887786194682 169.5844414830208 705.7333525009453 1026.593235805631 4171.949052210897 86.23838417977095 4980.218127891421 30.81327341869473 281.2987433075905 541.0628163963556 0.1067578718066216 1.117105185985565 14.57414932176471 8.417337596416473 3226.218586482108 0.4511752724647522 40.73971372097731 0.7193908467888832 510.1982142701745 24.21775931119919 10.32791530713439 14.67091447114944 423.7734497115016 426.5226682797074 3.564906612038612 5.972537096589804 100.597433783114 0.8426823019981384 432.4341404736042 0.5710712075233459 125.7146090790629 21.73030725866556 660.9471546411514 68.30335889011621 954.7766062766314 218.1888772845268 18.51114581525326 6.343170672655106 0 0 0 59.11584036052227 0 41.24673710018396 81.64599996060133 3.733342699706554 440.5149870216846 90.89626354724169 0.6386019140481949 901.4379438385367 12.54389740526676 2.252883240580559 7.328509613871574 0.618118979036808 0 0.0932062640786171 0 352.8486390709877 0 0 0 126.5022731348872 0 0.3234679996967316 0.4802547991275787 66.12918022274971 1.30470622330904 0.3374619483947754 0 0.2545768544077873 0 24.60014985501766 0.5196395516395569 150.1982880160213 0 3.294631712138653 2.368321686983109 3.350580036640167 3.742860913276672 20.41808497905731 0
6.440368913114071 782.7923268824816 4.585525438189507 0 2.33280137181282 68.47338454797864 14.08921238034964 39.39985106512904 5.383157171308994 19.74189046025276 3205.254911798984 30.81327341869473 884.5357392318547 40.38144066929817 0.7760811150074005 1.354170046746731 2.737816024571657 146.1195123270154 32.54559671878815 2.051233008503914 2.850819833576679 139.3616723939776 5.271088741719723 15.65901028364897 3381.468150854111 154.3116756230593 1213.369139958173 5.799280159175396 38.68716071918607 6.208353232592344 109.6437391452491 48.4716129899025 0.2081834003329277 956.832504324615 15.90442843735218 468.0450966283679 1583.466431759298 2894.21003003791 373.8658959530294 36.07121352851391 58.31926850229502 456.5388620942831 0.7127312570810318 0 19.0134781897068 0 0 0 0 0.3542079403996468 0.3733935952186584 1.127020992338657 0 476.2295543178916 0 1753.556201450527 0.09117463231086731 0 0 0.1436526775360107 112.5395069345832 10.31450245529413 0 0 5.187554940581322 0 1.583239421248436 589.9107637107372 200.486152164638 260.7825416848063 0.8776786252856255 0 0.08124412596225739 252.4059066846967 0.6171861886978149 0 6.443189196288586 7.314220696687698 58.47962316125631 223.8483195379376 10.52529358118773 2.030763283371925 0.1183180958032608 0.1716553270816803 77.2700581625104 0
4353.188233662397 8.793964549899101 20.37161711603403 5.053536385297775 48.2510966360569 899.9387457258999 4356.372478283942 6642.370851803571 161.4934143908322 908.2301053255796 174.1691807061434 281.2987433075905 40.38144066929817 7553.428981926292 4.569824568927288 35.28131145238876 170.923316385597 75.37000565603375 102.4338313788176 31.86153679341078 144.5608314722776 77.29154852777719 77.31329467147589 261.3575847819448 1.023271858692169 87.65444596856833 93.8949578627944 277.9470513351262 6272.979387525469 2159.884243939072 14.4769085906446 577.4303945973516 46.9188175573945 718.6832677274942 3.565587379038334 298.602377384901 24.16104762256145 852.6639100462198 158.9587730914354 103.920409142971 89.37246584892273 6.02417104691267 5.607858151197433 0.4055214896798134 0.1479072719812393 1.110911197960377 1.010619521141052 0 0.3147196844220161 69.18571493774652 4.972017660737038 20.57157906144857 8.860580898821354 0 0.9238349348306656 0 9.610326394438744 0 49.55168146640062 0.5372973829507828 0.3078300207853317 0.7501290887594223 9.486715972423553 10.91519381850958 7.127140581607819 1.612891532480717 133.9738804250956 0.4778980687260628 2.04892123490572 7.520476512610912 117.8092146143317 9.400853991508484 9.12454217672348 0.09188467264175415 0 1.269759073853493 2.906733348965645 2.423437252640724 66.02013891935349 0.2961169481277466 18.44642275571823 11.90439085662365 2.572467520833015 3.32637295126915 0 0.1072882562875748
0 10.50395164638758 0 6.943133324384689 711.9708811864257 537.4435019642115 16.99666162580252 10.70171374827623 553.1255964264274 13.42852740734816 1.45159724354744 541.0628163963556 0.7760811150074005 4.569824568927288 586.7028573155403 0.1751343905925751 0.116716243326664 0 0.081395223736763 20.00115457177162 0 141.1366862803698 0.1032984927296638 311.0606527253985 0.588061735033989 0.3410346955060959 7.420940682291985 31.40256304293871 2.920540705323219 0.2416711077094078 0.2439540177583694 108.1071267798543 0.1077384278178215 2.121487483382225 0 4.236701987683773 0 3.218371406197548 1.734660871326923 1006.687211617827 24.98282711207867 0 0 0 0 0 0.1815849542617798 0 0 0.4860512167215347 0 2.842084378004074 0 0 3.455824568867683 0 0 0 0 0 0 0 0.1416486501693726 0 0 0 2.160865299403667 0 0 0 0.3873904347419739 0 0 0 0 0 0 0 0.3950388059020042 0 0.9155270755290985 0 0 0 0 0
11.10622020065784 81.15554661303759 2.499332159757614 0.5088881030678749 0.07507194578647614 5.197267353534698 165.9527944028378 17.67354932427406 128.5082858204842 7.807157211005688 1.221625614911318 0.1067578718066216 1.354170046746731 35.28131145238876 0.1751343905925751 1986.414499618113 4.381372824311256 0.7168954908847809 1.560958549380302 0.9771045967936516 2027.849290139973 2265.818319998682 2367.614331446588 780.3879698589444 2.67302094399929 2.52208136767149 3130.251536004245 1029.185544274747 56.64373114705086 245.6849560514092 0.07145135849714279 0.5987597033381462 8.096347771584988 85.49571207165718 28.13677708804607 1835.445314452052 768.8699912056327 362.421537950635 440.8130054324865 59.73615271598101 6.229877196252346 1.164346307516098 5.2836749330163 1.168330758810043 4.842920415103436 4.667722091078758 0.8855437040328979 0 0 3.31482557207346 0.3813476115465164 31.17095062881708 0.3069383502006531 0.5183071494102478 0 0 0.1372681707143784 0 1231.730323538184 1.875824987888336 0.1801299303770065 0.1084321215748787 0 105.0081446394324 1449.062976397574 639.5321232974529 85.76366209983826 0 1.445076666772366 358.2545267418027 55.9635344222188 10.52840046584606 19.30097731947899 0 0 2.120086617767811 4.757544822990894 7.003479138016701 146.8553383797407 4.732762351632118 15.54204399138689 29.37015914171934 5.954008609056473 1.061410024762154 0.2187795639038086 0.5869242697954178
98.43697576969862 360.7052735984325 3978.359024748206 0.2170521318912506 0.3431055769324303 9.558957897126675 135.1560555174947 62.39590218663216 2.327374219894409 10.66926497220993 276.7787257283926 1.117105185985565 2.737816024571657 170.923316385597 0.116716243326664 4.381372824311256 1471.624502375722 405.2089894637465 3499.607796132565 0.2180907651782036 1712.124979451299 9.728765211999416 5578.156033970416 6.550403289496899 4.217997439205647 1203.629631765187 4686.573225259781 23.63445882499218 177.387634228915 2241.482103914022 3.703031912446022 4.268933825194836 11.42045004665852 2290.795025851578 0.3145118653774261 82.59007821977139 24.51988755911589 604.1992109194398 60.27085539698601 2.543483532965183 1.401150032877922 0.5107871517539024 0 0 192.4371834397316 43.61291549354792 0 0 0 0.4067151993513107 0 0.7924016416072845 0 0.9019966572523117 0 2.258881442248821 0 0 4.159847885370255 81.72633338719606 2.879771701991558 97.92748951911926 0 1.678506426513195 1.703143365681171 3.308687254786491 1.930450931191444 7.576794259250164 364.995098516345 1107.560886085033 1.100192561745644 0 0.3787312358617783 0.4765869826078415 0 0.1621152460575104 7.78268526494503 0.4198747724294662 15.93157064914703 7.887910015881062 36.72076863795519 7.386122584342957 0 0 0 0
27.11799223721027 31.10444191098213 156.4192208573222 0.1565219387412071 0.8947988227009773 27.33844387158751 33.79435915127397 39.17832735925913 1.239086486399174 12.31284938380122 3191.876576710492 14.57414932176471 146.1195123270154 75.37000565603375 0 0.7168954908847809 405.2089894637465 184.0216957107186 952.4295958094299 0.623935766518116 58.68680067360401 3.602505251765251 143.5459950193763 3.259209372103214 88.45736134797335 2828.431897513568 1463.72409774363 3.573315382003784 97.76080230250955 282.1700180061162 374.8233002051711 40.94221180677414 5.315125152468681 1371.523540094495 4.220777258276939 414.87627723068 272.2401518747211 1211.089353106916 198.5763227269053 11.17794623970985 1.990142159163952 1.185583367943764 0.6606083735823631 0.06906360387802124 11.18839875608683 0.1078651547431946 0 0 0 0.2785216793417931 0 0.07356926053762436 0.2233542278409004 105.4158697351813 0.1852007657289505 383.0272432938218 0.1364814341068268 0 0.2209778130054474 1.254139363765717 143.9521379768848 62.91608186066151 0.1243645772337914 0.08618773519992828 0.6918212473392487 0.8520683497190475 0.4950377717614174 63.88325095176697 412.4958439990878 330.7659698724747 0.2737396359443665 0.08988027274608612 0.09451442211866379 164.6358209475875 0.1969511210918427 0 2.557243056595325 2.281771309673786 18.66274551302195 18.20101665705442 4.023712210357189 1.245201051235199 0.1189422756433487 0 1.009457349777222 0
56.93244891613722 298.9089178293943 317.3637200817466 0.1861319243907928 0.3579661101102829 14.02101186290383 63.34756256267428 43.75805362313986 3.579715549945831 10.1635372787714 823.615483365953 8.417337596416473 32.54559671878815 102.4338313788176 0.081395223736763 1.560958549380302 3499.607796132565 952.4295958094299 2026.939613983035 0.8660694882273674 180.4268546923995 27.73342987149954 449.9130558744073 8.065421536564827 34.26858264952898 3170.63131813705 3125.257143184543 8.53368704020977 138.1103950627148 642.0101772248745 141.7415237650275 13.39306566864252 7.007046177983284 2569.238616928458 3.040659040212631 408.6148331910372 138.1546673029661 1450.193547472358 199.5049540475011 5.238189980387688 3.566681116819382 0.5069156512618065 0.1211035326123238 0.1217547357082367 130.524357907474 1.239598609507084 0 0 0 0.4271072223782539 0.2586772069334984 0.8993534818291664 0 6.392474792897701 0 28.10011019557714 0.2650474309921265 0 1.788254722952843 20.08096299320459 33.25198276340961 202.0381085947156 0 1.198418289422989 2.321190610527992 1.28931749612093 0.7969802990555763 38.11001863330603 724.7056000754237 859.043474458158 0.7935025244951248 0.1665542498230934 0.601255789399147 25.86977680027485 0.1566739827394485 0 2.491463243961334 2.671841152012348 15.38402085006237 10.72612258791924 13.06985823065042 6.916502684354782 1.244070947170258 0 0 0
1.589625038206577 0.5360777378082275 0 2654.487708672881 1.206140264868736 150.0503269061446 58.81377205252647 56.75351162999868 781.1624222546816 2025.990537337959 5.95999551191926 3226.218586482108 2.051233008503914 31.86153679341078 20.00115457177162 0.9771045967936516 0.2180907651782036 0.623935766518116 0.8660694882273674 205.5730398893356 2.61684013158083 3.814547449350357 0.3263676762580872 384.4569016844034 0 0.6311185136437416 1.032145075500011 3321.218973435462 51.42343972623348 2.978676371276379 0 3.666917726397514 0.751775287091732 53.35429592430592 1.468313038349152 42.08839513361454 1.956514373421669 79.21893449872732 17.26564954221249 64.34705091267824 20.21134711056948 0.5330747961997986 1.764529228210449 0 0 0 83.24599511176348 0 20.17171627283096 96.67468640208244 6.334721781313419 115.9338809624314 61.45928452908993 0 283.7913358062506 0 4.326012954115868 5.298206895589828 0 0.1412360072135925 0 0.08824414014816284 207.49536049366 0.09619366377592087 0.7954360842704773 0 123.2224854081869 0 0.09992129355669022 0.2338008657097816 68.92619520425797 1.113981835544109 0.07422403246164322 0 0.3103796020150185 0 0.6718996912240982 0 17.87128224223852 0.1492750197649002 1.000059090554714 0.7120364457368851 5.110008642077446 0.08582573384046555 0.1277718544006348 0
64.32072038203478 20.49246235191822 579.971114218235 4.45931152254343 0.2107593864202499 47.04385197162628 1743.223013848066 73.04004122316837 136.4844086617231 71.72667796909809 18.3008042126894 0.4511752724647522 2.850819833576679 144.5608314722776 0 2027.849290139973 1712.124979451299 58.68680067360401 180.4268546923995 2.61684013158083 13040.58112898469 656.0707997530699 13902.1566824466 417.4479738548398 0.5451086387038231 254.2965233623981 1787.762960143387 5312.730004511774 114.6423128172755 11400.21591360867 2.237329296767712 1.699667550623417 39.34037222713232 3475.156744465232 25.54958996921778 1856.856694467366 234.6612545102835 3715.016280658543 1467.881759248674 99.48971814662218 9.839643158018589 2.406624093651772 11.78080062568188 0.8934412077069283 1.212414905428886 6.948694944381714 0.4772959873080254 0 0 2.363164141774178 0.1308012306690216 11.3996989056468 0.3477868139743805 0 0 0.2682127058506012 0.9790857955813408 0 195.6912848204374 1.093091443181038 0 2.158289149403572 0.2854655981063843 55.25906047970057 125.1852582320571 47.75538173317909 45.0489716604352 0 4.002776481211185 61.01861817389727 29.73945634812117 5.059989683330059 10.66702307760715 0.1291221678256989 0 0.5084075480699539 3.492776043713093 7.379777058959007 78.52151262015104 1.403654620051384 6.900795958936214 9.883667252957821 1.315070509910583 1.364185124635696 0 1.089102864265442
29.4349140226841 2004.342640787363 6.051690921187401 8.595544122159481 0.4386037364602089 20.46307846531272 453.9523744508624 42.91978212445974 2320.455947242677 36.54382164776325 55.89144587889314 40.73971372097731 139.3616723939776 77.29154852777719 141.1366862803698 2265.818319998682 9.728765211999416 3.602505251765251 27.73342987149954 3.814547449350357 656.0707997530699 1233.379634954035 775.3306512981653 5135.35411272943 323.0448762625456 55.95713566243649 2347.461598977447 1168.983773931861 125.7595067769289 312.6773920580745 11.81907233595848 1.426775671541691 14.19363055378199 76.06592991948128 11.63561806082726 1295.56091683358 281.2465987950563 299.4305734187365 236.9327077120543 136.3309767916799 16.77210192382336 4.90686096996069 3.563825100660324 0.7178993076086044 34.41062405705452 185.2994000017643 4.010720334947109 0 0 8.221203550696373 1.495974287390709 17.69761241227388 1.225534401834011 0.7569275423884392 0 1.004950806498528 1.511217586696148 0 2308.689663074911 10.45196560770273 0.1353354454040527 1.572230435907841 0.872445672750473 265.4958430156112 243.3053760752082 1238.624157696962 90.5948750898242 1.727066874504089 6.747566893696785 2042.636640161276 71.29326016455889 7.561834096908569 74.37186051905155 0.2202234864234924 0.444215439260006 1.478136166930199 7.842929817736149 1.816847234964371 224.6498962417245 46.09481061995029 25.22507569938898 31.16484557837248 5.512021869421005 0.5816933065652847 0.5383304506540298 0.3971368670463562
35.32049525529146 65.90222898870707 7642.647138036788 1.69463787227869 0.195418581366539 13.24465255439281 521.1856181994081 38.39325633645058 30.8194160759449 19.15915495157242 48.20279769599438 0.7193908467888832 5.271088741719723 77.31329467147589 0.1032984927296638 2367.614331446588 5578.156033970416 143.5459950193763 449.9130558744073 0.3263676762580872 13902.1566824466 775.3306512981653 10440.41333858669 259.2702119350433 1.059711664915085 1008.867630586028 8818.242821663618 3583.00363830477 66.40135964751244 2999.507547240704 10.54852320253849 1.518669314682484 9.023723289370537 3365.450178563595 126.6117243170738 5266.060229316354 1117.666361801326 6275.293510638177 3734.675227984786 249.3660257831216 16.63422945141792 10.1449193879962 27.56818716973066 0 32.05589389055967 99.23186640441418 0.2702621743083 0 0 2.006352476775646 0 2.208914272487164 0.1873352825641632 0 0 0.2907838821411133 0.2793428003787994 0 609.654029071331 8.72417888790369 0 5.73869439214468 0 34.05157170444727 678.6109556779265 529.9740459769964 27.17217088490725 0.2301634699106216 11.34385814517736 754.8304048851132 15.56221030652523 2.324578069150448 3.729282386600971 0 0 0.2238990813493729 1.240463867783546 45.38308096677065 65.43563328683376 11.52973656356335 10.1665121987462 14.53519216179848 1.734616160392761 0 0 0.6545684337615967
43.37993209809065 405.0035914182663 11.68626023828983 789.1316374912858 6.690286882221699 210.8230075165629 1221.994857385755 229.3820692375302 5257.513495154679 1004.549890685827 10.19210029020905 510.1982142701745 15.65901028364897 261.3575847819448 311.0606527253985 780.3879698589444 6.550403289496899 3.259209372103214 8.065421536564827 384.4569016844034 417.4479738548398 5135.35411272943 259.2702119350433 6675.901837907732 25.97863531112671 10.57259897887707 764.8132828995585 8936.123678669333 341.5721807479858 311.4502695053816 2.018107838928699 4.369495511054993 79.83677316457033 199.9859170094132 20.07456162571907 1441.262904152274 50.8094540387392 684.2501825988293 399.2103537991643 264.4844632074237 69.84176036715508 3.002383574843407 25.55478354543447 5.12567650526762 1.477028757333755 1.688270181417465 177.4595406726003 0 8.565646611154079 492.983566455543 42.93149390816689 290.05694873631 131.3358681723475 1.982312887907028 73.37912923842669 0.08346732705831528 60.26483352482319 0.1877210140228271 115.5148342326283 2.034733332693577 1.565182387828827 0.7385168969631195 320.8743591830134 17.86886774003506 25.08041603863239 9.606615096330643 1284.120074912906 0 2.681131817400455 17.70942665636539 667.7997919023037 43.04962532222271 35.22397619485855 0.09529750049114227 2.006292745471001 2.365464620292187 20.79595835506916 2.371057525277138 233.5383936688304 1.449972316622734 84.99613989889622 55.64897888898849 11.84634965658188 6.377041772007942 0.556725412607193 2.328657507896423
0.6604763716459274 1216.637623496354 1.056215323507786 0 0 4.725520879030228 4.547908179461956 2.239430703222752 16.16601157933474 0.5789590552449226 1199.450089409947 24.21775931119919 3381.468150854111 1.023271858692169 0.588061735033989 2.67302094399929 4.217997439205647 88.45736134797335 34.26858264952898 0 0.5451086387038231 323.0448762625456 1.059711664915085 25.97863531112671 695.8603346124291 411.3465842455626 4381.676657915115 7.659736163914204 1.604717075824738 0.5892535671591759 205.150988586247 1.462851300835609 0 565.1302918493748 7.36731381714344 262.0147159770131 702.3563432618976 1035.320866331458 168.1643719226122 36.28014349192381 102.6427577733994 391.7194165736437 7.614038646221161 0 27.71309787780046 0 0 0 0 0.2707865685224533 1.120153948664665 1.673215806484222 0 182.2376059442759 0.1072092950344086 1196.193533748388 0 0 0 0.5406544208526611 23.13715122640133 31.71204790472984 1.161682605743408 0.1962293535470963 7.274728961288929 0.1141838505864143 0.7248024418950081 166.5022695437074 291.9285294115543 396.9143851399422 0.2751031219959259 0.09970150142908096 0.1421059817075729 85.95304545015097 0.1720823645591736 0 23.16681002825499 4.509361505508423 144.3248334527016 15.09438825398684 29.2190121486783 5.35687430202961 0 2.793098449707031 16.85735745728016 0
36.53679167106748 585.8544441536069 5341.521694637835 0.1797883361577988 0.08604298532009125 19.00122695416212 75.45127528905869 33.60628466308117 3.389439553022385 10.73473981767893 1092.868190973997 10.32791530713439 154.3116756230593 87.65444596856833 0.3410346955060959 2.52208136767149 1203.629631765187 2828.431897513568 3170.63131813705 0.6311185136437416 254.2965233623981 55.95713566243649 1008.867630586028 10.57259897887707 411.3465842455626 17601.33413571864 15921.58006118238 11.83808159083128 73.61980498954654 392.5140897333622 717.7842022776604 16.18240395188332 3.021604478359222 708.7940814346075 7.212296858429909 854.2529920116067 577.1561553031206 1804.223114848137 366.4541415385902 11.01561196148396 3.602033063769341 4.136467114090919 2.763778023421764 0.08870947360992432 251.0887566804886 4.251727879047394 0 0 0.06810871511697769 0.7181346490979195 0.09250328689813614 1.248458974063396 0.07843495160341263 66.40994323790073 0 405.5405997484922 0.3826244622468948 0 0.7378705143928528 43.84943821281195 188.6344858855009 397.6305223628879 0 0.9952664226293564 5.202148713171482 1.775534950196743 2.508354283869267 338.0473249927163 2138.917481943965 2158.348032109439 0.8152229934930801 0.3509489074349403 1.22700072824955 240.7800233215094 0 0.0773678794503212 4.753720305860043 5.456737443804741 44.43226382881403 19.04853384941816 36.30118864029646 9.629741139709949 0.1676024496555328 0.4671653583645821 0 0
31.23608387261629 7713.89602804929 5719.155492961407 1.947499960660934 0.7997464686632156 28.94020159542561 419.9248108193278 41.45743774622679 133.4989807978272 28.06488332152367 1151.896791052073 14.67091447114944 1213.369139958173 93.8949578627944 7.420940682291985 3130.251536004245 4686.573225259781 1463.72409774363 3125.257143184543 1.032145075500011 1787.762960143387 2347.461598977447 8818.242821663618 764.8132828995585 4381.676657915115 15921.58006118238 21834.28753399104 1586.185236349702 113.0677578002214 635.5818611830473 969.3947254046798 19.59645065665245 9.924808010458946 2776.062612719834 200.5342596769333 10340.11212520301 4278.587390553206 11743.51545273513 4413.271406069398 288.4875844940543 27.89665038883686 25.3446507230401 26.60456020385027 0.8731075152754784 1188.890180274844 477.531927138567 0.5199341177940369 0 0.07901376485824585 4.779655434191227 0.1872440055012703 9.24730184674263 0.6893858909606934 28.65468914061785 0.369461253285408 202.6587599366903 1.682616971433163 1.997073858976364 308.0451844632626 133.956113293767 50.05495074391365 337.6696686148643 0.2925142198801041 18.10888127982616 450.8525090664625 646.7676004469395 30.12114469707012 349.5537883192301 1533.578650899231 5439.163403533399 16.99842145293951 2.36195582151413 5.94082360714674 102.5651817172766 0 0.2750098407268524 12.52372102439404 147.2404129430652 223.1902112215757 65.38971871137619 107.198070153594 65.24354139715433 1.951024293899536 2.083623945713043 1.854165732860565 1.658334791660309
64.95466454699636 105.1185536682606 91.00534942001104 3563.051716499031 1.324558645486832 219.6032444834709 15131.19053448737 182.7054062597454 1362.843670733273 5260.029133059084 7.764847192913294 423.7734497115016 5.799280159175396 277.9470513351262 31.40256304293871 1029.185544274747 23.63445882499218 3.573315382003784 8.53368704020977 3321.218973435462 5312.730004511774 1168.983773931861 3583.00363830477 8936.123678669333 7.659736163914204 11.83808159083128 1586.185236349702 16625.73893913627 445.4393640980124 5001.892793364823 1.338911604136229 5.142265312373638 136.112670622766 647.0936936512589 30.05549860745668 2171.64866156131 132.3675719797611 1528.77443729341 838.9987304210663 167.5591674074531 62.55762825906277 2.891537547111511 16.88781146705151 6.801735989749432 0.5859327018260956 3.830218471586704 97.00129043310881 0 7.137577898800373 453.4305287748575 32.93165428936481 170.0048718824983 107.5449006557465 1.235675390809774 58.94467266649008 0.2789278104901314 45.40754906833172 1.681960240006447 275.77111890167 3.099808037281036 0.9167328849434853 0.8392483294010162 269.7146975919604 65.60725976526737 75.39173976331949 32.3416380956769 803.4587678313255 0 0.8547649160027504 38.77318029105663 567.2212015539408 43.61461710184813 39.48774415999651 0 1.178959749639034 3.059217132627964 24.0863006785512 4.239311695098877 257.4701632335782 2.070936910808086 71.62149062007666 48.92494998127222 16.12667293846607 4.899798095226288 2.061537608504295 3.864611640572548
4362.902351081371 8.534264177083969 9.034647695720196 11.70594239234924 25.24576356261969 392.4332479722798 910.5178007595241 725.5904552973807 134.8590598776937 639.0452786758542 303.3633390069008 426.5226682797074 38.68716071918607 6272.979387525469 2.920540705323219 56.64373114705086 177.387634228915 97.76080230250955 138.1103950627148 51.42343972623348 114.6423128172755 125.7595067769289 66.40135964751244 341.5721807479858 1.604717075824738 73.61980498954654 113.0677578002214 445.4393640980124 14990.43665789068 4856.768042527139 15.1317816413939 289.6964894793928 1650.707397677004 2734.346327599138 1.314187243580818 139.816452883184 33.09813007712364 2019.368539281189 146.7370160333812 78.26456780731678 40.02287875860929 2.438930012285709 1.911528900265694 2.585740551352501 0.8632924854755402 0.1810568869113922 1.456027701497078 0 1.08990466594696 26.30107742547989 3.440417304635048 12.53019034862518 0.8235488459467888 0.08068231493234634 1.829954497516155 0.1410582065582275 7.066187515854836 0 51.85753230750561 0.3204875439405441 0.215343602001667 0.4087428078055382 1.4857432320714 14.90056928247213 10.39413091540337 1.128491386771202 93.07901272177696 0.1642092168331146 1.380759231746197 6.21835321187973 67.27770038694143 8.051028311252594 7.436565928161144 0.1202290505170822 0.07229925692081451 0.372094139456749 2.364221394062042 0.9156684279441833 51.90896593034267 0.3081905096769333 13.79929760843515 8.826034292578697 2.266410738229752 0.5456908717751503 0 0.4059943854808807
