1351.370804905891 0.2093983814120293 230.008575104177 0.5039033070206642 0.1153451725840569 7.925615966320038 1087.25853317976 251.9374595582485 0.3359235823154449 24.07700214534998 3.144488304853439 0.5090137496590614 0.1682600006461143 3513.964072398841 0 0.1349012702703476 170.363831140101 1.683370552957058 4.770971208810806 1.152645774185658 131.9430629089475 0.3335550129413605 233.7163729518652 51.20502300560474 0.1579647660255432 27.17332702130079 31.4865900054574 99.36736986786127 4230.766111545265 2903.905384831131 0.1681416034698486 3.641033500432968 125.4650094360113 153.9862789660692 2.832332752645016 12.75626461952925 1.155842781066895 74.12404070794582 12.06842836737633 0.9299614578485489 0.5041572228074074 0 0.1285607218742371 0 0.1159638836979866 0.4201498106122017 0 0 0 0.08851656317710876 0 0.1637862175703049 0 0 0 0 0 0 1.355142466723919 0.09480351954698563 0 0.2094423547387123 0 0 0.1355889588594437 0.7474633529782295 0.8646775856614113 0 0.3691078871488571 2.387637384235859 1.162591308355331 0.911871001124382 0.1235497742891312 0 0 0 0.1178988143801689 0.5739437341690063 0.9674483984708786 0 1.06106199324131 0.3586582690477371 0 0 0 0
0.2093983814120293 563.7559881061316 63.6415231525898 0.5796433687210083 0.8431216180324554 1.650695726275444 3.346538089215755 3.147444419562817 676.47932985425 1.22458590567112 208.8583877235651 11.48223342001438 1493.564058296382 0.6752004101872444 7.917549841105938 180.0721426680684 34.25019970536232 86.76730415225029 96.17119597643614 0.09963265061378479 23.77286000549793 1847.391511827707 7.115445747971535 673.0522759743035 2206.295832626522 909.6256422251463 7546.135880455375 67.20048376917839 2.34386307746172 0.4932849705219269 116.8659688681364 0.6160023659467697 0.3440055623650551 58.5366119146347 0.5423582643270493 103.1920996904373 642.4239934161305 165.7582652121782 39.16663762927055 41.98573248833418 0.1318953186273575 319.674846380949 3.815565653145313 0.3187432438135147 179.6742344945669 84.8551452755928 0.241718702018261 0 0 0.6294186860322952 0.1319121122360229 1.455047458410263 0.7029311805963516 16.47899524122477 0.9245766401290894 33.05442400276661 0.5230415239930153 0 7.147962547838688 34.6702895462513 17.36485116183758 57.64220672100782 0 0 34.0424979776144 12.18623350560665 6.355987124145031 24.41377774626017 434.5094256401062 1125.451598592103 2.459097884595394 0.4796669706702232 0.3372949250042439 3.944426320493221 0.207395002245903 0.1788073629140854 15.37942500412464 0 36.63723720610142 43.7135151475668 47.7595748603344 10.05488675832748 0.5632425621151924 0.5697502493858337 11.60247999429703 0
230.008575104177 63.6415231525898 6140.208917498589 0.3976263403892517 0.09195385873317719 16.11002597212791 661.9499053061008 968.4804313704371 12.91645487397909 43.05916603654623 26.45417519658804 0.5663074553012848 0.3910795748233795 847.76307977736 0 14.75848916918039 7329.223681859672 35.6457844004035 211.8941102996469 0.7306714132428169 954.8327633515 20.43507568538189 9976.047916404903 51.60928574949503 1.438063226640224 6554.458385184407 5258.16328047961 136.6631555333734 397.5466044470668 360.845629170537 0.3677952960133553 2.872869394719601 59.18049260228872 912.5334320366383 53.4522485807538 1755.683329164982 444.8086333349347 1784.48308994621 437.8300592601299 143.6346106752753 2.744734838604927 3.478764310479164 8.688938423991203 1.985188364982605 142.7014598697424 1013.78851941973 0 0 0 6.118694171309471 0.2552529945969582 5.168088518083096 0 0.9798963740468025 0 0.4690159931778908 1.983233094215393 0 60.38324372470379 138.0568055659533 2.286700285971165 24.9338418841362 0 18.97292844951153 124.7928932532668 152.0324910357594 23.16912996768951 1.289651706814766 290.0740324780345 1928.454055853188 30.50957221537828 4.449371919035912 15.81488297879696 0.09024298936128616 0 1.399422161281109 54.35423767566681 3.809130601584911 149.3618513792753 28.20981030911207 158.7520619854331 40.97333913296461 2.633273512125015 0.2240291982889175 1.942458763718605 1.560480922460556
0.5039033070206642 0.5796433687210083 0.3976263403892517 1683.998430997133 2.512259535491467 92.49298542737961 39.68912422657013 12.77641627937555 318.8066513687372 1969.328949391842 0.9135297536849976 3749.020256280899 0.07386528700590134 12.81315434724092 60.9503516331315 0.1736742407083511 0.1731089800596237 0.3943179622292519 0.3273762762546539 2510.378531597555 0.7059301361441612 0.6210840418934822 0.926238089799881 937.0512516051531 0 0.1027968600392342 0.7916114628314972 6210.932864837348 18.1036566272378 0 0.08842120319604874 1.332438915967941 0.7944754138588905 12.99542066454887 1.414484947919846 110.1837638542056 0.9016541391611099 23.79147355258465 11.57019164413214 171.6396669670939 2.942104771733284 0.1369672417640686 1.582068979740143 0 0 0 37.82811395078897 0 1.146234691143036 9.6789331138134 4.201852083206177 20.19531446695328 38.73080043494701 0 9.229466706514359 0 0.388902485370636 4.684333756566048 0 0 0 0 11.71886236965656 0 0.1485831737518311 0 170.8002060428262 0 1.166104674339294 0.5334222838282585 117.0437753200531 1.367351219058037 0.3152817785739899 0 0 0 0.7117942795157433 0 9.449410565197468 0 4.259599566459656 0 48.40637934207916 0 1.374095439910889 0
0.1153451725840569 0.8431216180324554 0.09195385873317719 2.512259535491467 120.9974573105574 1068.4211814031 3.033399276435375 312.5545588731766 40.18852131813765 5.456830866634846 1.676629155874252 79.1141119748354 2.614764809608459 6.341446682810783 1294.676582664251 0 0.5027410164475441 0 0.3513633087277412 4.967096723616123 0 1.547718606889248 0.2382722795009613 30.89878621697426 0.4188360422849655 0.5541007071733475 0.6029918491840363 3.010237708687782 13.75512009114027 0.4166222438216209 0.1038229092955589 122.1430148333311 0 100.8738137558103 0 83.56977029144764 2.725303635001183 171.8289956375957 182.7866610810161 1934.285166814923 209.6823337972164 5.942326501011848 19.49965946376324 0 0 0 0 0 0 0 0 0 0 0 0 0 0 0 0.1039484739303589 0 0 0 0 0 0 0 0.1777439266443253 0 0 0 0 0 0 0 0 0 0 0.3759174048900604 1.372291743755341 0.1776885390281677 0.8327237814664841 0.2537216246128082 1.623103857040405 0.1837180554866791 0 0
7.925615966320038 1.650695726275444 16.11002597212791 92.49298542737961 1068.4211814031 10938.0160767138 3035.924307450652 5198.4914245978 18.75320997089148 7954.329324476421 111.358143761754 3085.688905984163 14.64295414835215 625.5196849256754 2303.006033279002 1.530010424554348 5.263258650898933 27.12156077474356 14.33092945069075 605.3949978724122 13.7148280441761 1.074797064065933 16.65358725190163 177.3655670806766 2.407453656196594 50.13728597760201 29.68298322707415 1342.046537540853 887.3775395527482 12.23872654885054 3.63870558142662 907.8552494198084 2.010383382439613 736.2100812271237 12.36523959040642 595.2870135679841 22.47577588260174 1033.680548854172 470.453960493207 4063.037239961326 285.2270411774516 31.68192104995251 43.06278664618731 0.1231771260499954 0.5205201432108879 0.1315021514892578 2.079324401915073 0 0 1.051889710128307 0.2176987528800964 3.496872134506702 1.169056162238121 0.2140717357397079 25.00889115035534 0.1917400136590004 0.3619915843009949 0 0.3676280081272125 0 0.1110814288258553 0.2077196165919304 0.1370750963687897 0.09205120056867599 0.5706150829792023 0.3614899963140488 14.33205124735832 0.2921597138047218 2.155665725469589 2.054519638419151 15.74455988407135 0.4221565276384354 0 0.1742528006434441 0 0.4716052040457726 0 0.2473160326480865 7.43610955029726 0.7335570156574249 1.248894423246384 1.212017014622688 0.1047772392630577 0 0.3199239373207092 0.1638397425413132
1087.25853317976 3.346538089215755 661.9499053061008 39.68912422657013 3.033399276435375 3035.924307450652 16223.33906311542 6513.886025764048 77.67980439215899 7212.664972864091 16.755724824965 16.97577367722988 2.04291158914566 6710.365467466414 4.05316361784935 31.51481975615025 95.92866536974907 6.869615808129311 6.840237759053707 62.38597644120455 769.6006457954645 5.405026108026505 877.8893349468708 1568.655311487615 0.7454235777258873 45.56285971403122 140.4402182996273 17828.74089105427 1417.268377907574 5665.959606409073 0.7470958232879639 23.34059762954712 52.88912016153336 425.1344288140535 99.47607155889273 1550.086951747537 28.37100464105606 670.5465828850865 318.529815107584 117.8560203313828 62.73260925710201 5.074271745979786 32.34412065893412 5.599715292453766 0.8122370019555092 5.812518768012524 24.48358931392431 0 2.005309343338013 49.8276474326849 12.80242555588484 51.12528019398451 26.32898938655853 0.4791591838002205 1.024077475070953 0.1662700027227402 7.514288075268269 0.881075344979763 7.881037257611752 0.4576165899634361 0 0.1916443482041359 3.443648636341095 1.362065389752388 4.156668663024902 7.747329451143742 384.3249080553651 0 1.07413300126791 18.95082952827215 365.5628205612302 18.98528662323952 8.090734057128429 0 0.4497016668319702 3.047550916671753 13.08837443590164 4.265617772936821 78.90179568529129 2.292953908443451 39.44441813975573 4.034979566931725 9.97966855019331 4.541315503418446 0.2228523567318916 0.4459841251373291
251.9374595582485 3.147444419562817 968.4804313704371 12.77641627937555 312.5545588731766 5198.4914245978 6513.886025764048 12922.25955270976 63.53859453648329 2076.550373502076 122.819839399308 278.6546696051955 15.06616777926683 6552.936956219375 51.97959219664335 6.901650220155716 265.7977101206779 28.12742911279202 26.64864807575941 108.6983748972416 573.5618147701025 3.349183984100819 702.6239024102688 1105.005242273211 3.801372319459915 158.7638311907649 138.1812810301781 1562.969503059983 2598.165134072304 1243.655069321394 4.028688825666904 1167.804399728775 19.99476980417967 874.5836073979735 15.29644090682268 670.0321020260453 34.35827518999577 960.60634149611 453.001352250576 1029.37921949476 159.8718342557549 30.2315419241786 34.7801106274128 5.972810223698616 1.867391549050808 2.838976144790649 17.08519777655602 0 0.7694285959005356 43.74176476895809 8.225842043757439 47.86490973085165 17.58653575927019 0.9018010646104813 2.495131567120552 0.09151792526245117 11.12312427908182 0 7.410188652575016 0.5024215206503868 0.2370993942022324 0.7928701192140579 2.288547024130821 2.176652066409588 2.125246375799179 6.677416384220123 370.1914686262608 0 2.965569026768208 17.94983111321926 324.6483717560768 21.94333043694496 6.908537864685059 0.1740397810935974 0.1063360646367073 4.82920391112566 7.563017047941685 2.419473178684711 81.59279973059893 2.253100462257862 26.98697184771299 5.053435005247593 8.328903287649155 2.145528301596642 1.239189580082893 2.513225398957729
0.3359235823154449 676.47932985425 12.91645487397909 318.8066513687372 40.18852131813765 18.75320997089148 77.67980439215899 63.53859453648329 802.7248342707753 84.47211301326752 11.16510707139969 495.5964133143425 74.86065702140331 6.450759992003441 614.8781035467982 35.19671043753624 3.560177162289619 12.58566573262215 6.820226401090622 239.9061873704195 12.27736116945744 2537.155073530972 11.04161202162504 10455.58647915721 154.9510456547141 137.8704344704747 1053.944465510547 1415.475690022111 14.04142262786627 33.20754384994507 13.625562697649 1.977099105715752 1.386128924787045 15.82028322666883 4.178695529699326 189.7830782607198 76.99570734798908 39.00814605504274 15.61168953031301 706.0419547334313 10.23399306833744 6.11002954095602 0.6126500815153122 13.97053517401218 4.564406767487526 3.469045557081699 111.6116202995181 0 1.349712997674942 41.35242001712322 15.15969444066286 75.27540547400713 95.48088523000479 0.937221385538578 22.62890220433474 1.985172748565674 12.41327861696482 15.57567765563726 92.86930473148823 1.285006582736969 0.6598131582140923 0.2412440553307533 42.78337845206261 33.85049476474524 27.31019765883684 16.73391623049974 1107.917222745717 0.1268170475959778 7.396602310240269 17.16305162757635 533.703310392797 55.62795380502939 48.73101988434792 0.5199220702052116 0.119569219648838 11.37695400416851 26.03727040439844 5.871649608016014 156.671450085938 5.111200138926506 53.15841536968946 10.57404529303312 133.0348821207881 3.312286853790283 0 2.333365246653557
24.07700214534998 1.22458590567112 43.05916603654623 1969.328949391842 5.456830866634846 7954.329324476421 7212.664972864091 2076.550373502076 84.47211301326752 21056.68657755852 68.20428992807865 2611.010665901005 6.20670522749424 888.3655569553375 11.16236377507448 5.096549078822136 5.433179624378681 23.817681632936 14.08341283351183 2918.089144416153 45.22233474999666 1.2679138854146 45.71489673852921 639.3969922214746 1.301452316343784 44.95622134208679 40.66842831671238 6385.665853962302 1089.572021044791 25.09300065040588 2.855332978069782 59.99593017995358 8.074762016534805 655.0044994056225 92.743597432971 1947.475616775453 38.4905923679471 1429.655438289046 465.8217917792499 352.2933249697089 128.542124427855 8.095004476606846 47.85518591105938 2.015194185078144 0.1899913251399994 0 14.27354827523232 0 0.1209311187267303 17.04730688780546 6.707472689449787 27.46760156750679 27.10780071467161 0 75.05739717185497 0.07164830714464188 1.400863416492939 3.095227897167206 1.58854416012764 0.1161927729845047 0.3864198327064514 0.07899706065654755 8.644563145935535 0 1.605977579951286 0.8775637820363045 245.1857964619994 0 1.268948659300804 3.645908780395985 187.1746196746826 3.150080308318138 0.4406934231519699 0 0 0.8416997045278549 1.35020087659359 2.644608274102211 18.38334886729717 0.3436252102255821 5.208937801420689 0.7555251717567444 37.57783350348473 0.3963194489479065 0 0
3.144488304853439 208.8583877235651 26.45417519658804 0.9135297536849976 1.676629155874252 111.358143761754 16.755724824965 122.819839399308 11.16510707139969 68.20428992807865 11234.43779158592 29.95215211808681 2788.173639155924 118.442705065012 0.2454480826854706 2.680342048406601 1607.938179403543 2490.195362761617 1555.62679272145 13.30045019835234 3.860673375427723 36.45952440053225 55.21089976280928 13.36489611119032 1176.425915673375 3404.002276390791 684.6300255954266 17.66714287549257 195.6455448530614 4.586417071521282 513.2949168980122 36.56821707636118 6.183797866106033 8373.080609738827 18.71736474335194 1006.40802257508 5282.355181507766 4031.509675659239 1268.169210858643 56.37580358237028 69.60540949553251 1396.095033049583 36.21951246261597 0 58.14520235359669 0.6850188001990318 0 0.4770776927471161 1.540842659771442 0.1657193973660469 4.271749638020992 0.3047095686197281 0.2623881846666336 472.0137749388814 2.757846429944038 1355.963862262666 1.896303184330463 0 0.2955156415700912 7.846991010010242 32.73506180942059 14.20658124983311 0 0 1.95976160466671 0.2881456464529037 3.703736744821072 163.81723934412 248.4383258372545 326.2189385518432 1.156959697604179 3.116589464247227 0 132.0711716115475 4.072300374507904 0 48.02733452618122 8.834522940218449 38.85701882094145 298.4569910317659 91.63875692337751 4.202537529170513 0.2917924523353577 1.998465172946453 272.9317320287228 0.1895132809877396
0.5090137496590614 11.48223342001438 0.5663074553012848 3749.020256280899 79.1141119748354 3085.688905984163 16.97577367722988 278.6546696051955 495.5964133143425 2611.010665901005 29.95215211808681 6736.593005985022 3.657242506742477 138.7188021019101 1442.511570446193 0.5257710292935371 1.121991142630577 11.97775078564882 5.972904056310654 4238.927660234272 0.4467140212655067 40.35170787572861 0.3615447506308556 991.7835863083601 2.938533119857311 18.36847677826881 26.07790496945381 715.3118128404021 255.760408449918 1.066265150904655 1.168974697589874 38.75757773965597 0.2145094871520996 184.9334638491273 3.868952602148056 392.2663157358766 5.024771757423878 372.522758282721 76.24451001733541 1380.747794009745 19.5088841766119 2.406696975231171 7.293188683688641 0 0.08596758544445038 0 36.52656131982803 0 0 4.474061444401741 0.08196233958005905 29.66100513935089 19.21229146420956 0 109.6653832197189 0.09068656712770462 0 8.9482801258564 0.5672796815633774 0 0.1095171347260475 0 7.109713196754456 0.1056789755821228 0.1727012544870377 0 67.19827620685101 0 0.8079709261655807 0.4378357157111168 37.92752015590668 0 0 0.08681612461805344 0 0 0.09128342568874359 0 5.340857364237309 0.1529978811740875 0.09370648860931396 0.10035190731287 123.3205537050962 0 0 0
0.1682600006461143 1493.564058296382 0.3910795748233795 0.07386528700590134 2.614764809608459 14.64295414835215 2.04291158914566 15.06616777926683 74.86065702140331 6.20670522749424 2788.173639155924 3.657242506742477 4401.860122732818 8.115411572158337 0.7288361042737961 4.502335399389267 1.327250383794308 61.29174154996872 23.03546348214149 1.397414542734623 1.44964425265789 230.6055573001504 1.819244347512722 50.45390051603317 6932.806115269661 1000.574768058956 3491.836501710117 7.81263193488121 12.71630898118019 0.4379334524273872 1649.46334643662 9.453434355556965 0.6224274039268494 973.3571867495775 3.537522234022617 685.427370749414 5052.511390402913 4302.188879087567 633.0772720128298 89.24111248552799 72.04189712554216 1206.348902098835 19.11492146551609 0 186.0471229404211 0.5983911678195 0 0 0.9718611314892769 0.405543141067028 2.679866775870323 0.5646024644374847 0.5995847210288048 605.1591180190444 1.297542035579681 1724.379020467401 1.727766573429108 0.2251287698745728 0.5458313897252083 2.224062398076057 52.43036279082298 18.5206713154912 0 0.1979036778211594 2.701493248343468 0.6096123233437538 0.5925541520118713 303.8649457916617 470.3447175696492 510.7368983849883 1.739417664706707 2.850485630333424 0 214.8136892095208 4.168990023434162 0.1001029461622238 43.99974768608809 1.359667867422104 153.8590517044067 379.8027187809348 107.4764306843281 6.023094952106476 2.290853291749954 5.859710395336151 224.3794680684805 0.530631422996521
3513.964072398841 0.6752004101872444 847.76307977736 12.81315434724092 6.341446682810783 625.5196849256754 6710.365467466414 6552.936956219375 6.450759992003441 888.3655569553375 118.442705065012 138.7188021019101 8.115411572158337 11835.96832650155 1.184756264090538 2.12962656468153 473.3498795181513 32.56220093369484 32.51081357896328 102.5830688104033 436.3668423295021 0.8293111100792885 710.9639773890376 344.7383084222674 2.388733960688114 151.3981536477804 136.7445018142462 872.4774255231023 6750.250834926963 3081.231276609004 3.058624230325222 509.8757434859872 63.08179558813572 829.950006082654 4.013862609863281 185.7486981004477 16.72909650951624 767.7359731607139 133.6706355363131 104.5439994186163 15.88104832917452 5.431234829127789 5.798155628144741 1.450623631477356 1.184824854135513 3.601335965096951 1.805896237492561 0 0 1.294009208679199 1.247070580720901 6.318110950291157 0.2049437761306763 0.0897287055850029 0.4521443694829941 0.5788349136710167 0.3995357155799866 0 2.164557218551636 0.480240985751152 0.1053973808884621 0.09389606118202209 0 1.378593422472477 1.247014261782169 2.577613614499569 39.47811098396778 0.1012792810797691 2.654246143996716 11.87227060645819 28.10765618830919 1.942151337862015 0.8693789094686508 0.2663663476705551 0 0.2493244633078575 1.824455305933952 0.1277253180742264 11.27484659850597 0.633314810693264 6.072287805378437 2.622889921069145 0.09417107701301575 0 0.08666819334030151 1.038431763648987
0 7.917549841105938 0 60.9503516331315 1294.676582664251 2303.006033279002 4.05316361784935 51.97959219664335 614.8781035467982 11.16236377507448 0.2454480826854706 1442.511570446193 0.7288361042737961 1.184756264090538 342.8172395303845 0.39251908659935 0 0.09557250887155533 0 144.320275619626 0 33.21785174310207 0 1018.036219663918 2.416645757853985 1.326367266476154 15.37734323740005 59.77363446354866 2.402475878596306 0 0 144.5680665746331 0 2.293517731130123 0 37.34172641485929 0.1406303644180298 2.006789565086365 2.222456328570843 1381.654847249389 19.76606892049313 0.1604163646697998 0.3796364665031433 0 0.1432451456785202 0 5.807045668363571 0 0 0.2920627295970917 0 8.8852394297719 3.034136235713959 0 1.142167821526527 0 0 0.8863678127527237 0.2514529228210449 0 0 0 1.237681746482849 0 0.1972599029541016 0 19.26352611929178 0 0.1812339872121811 0.112340435385704 9.288607582449913 0 0 0 0 0 0 0 1.538321256637573 0 0.2736999988555908 0 40.33249051868916 0 0 0
0.1349012702703476 180.0721426680684 14.75848916918039 0.1736742407083511 0 1.530010424554348 31.51481975615025 6.901650220155716 35.19671043753624 5.096549078822136 2.680342048406601 0.5257710292935371 4.502335399389267 2.12962656468153 0.39251908659935 5277.364015266299 26.08117111772299 1.847936816513538 1.693405978381634 0.0873970165848732 3045.536211162806 2520.266731522977 4375.424699604511 2988.344032794237 12.73388897627592 21.19116467982531 5492.416992425919 2818.657410442829 7.006879143416882 8.367071352899075 1.255638852715492 0 3.628225758671761 144.2284040823579 59.65641235560179 2461.129022322595 752.4699049070477 592.6437283307314 491.714788466692 93.7065896242857 1.284681893885136 0.1131448224186897 8.925983101129532 4.367412082850933 9.551860228180885 60.76486863940954 0.1228461861610413 0 0.08683671802282333 8.625374652445316 0.3560459911823273 32.52481216192245 0 0.2686681598424911 0 0 2.574886687099934 0 2740.827520728111 5.731310777366161 0 0.9962729513645172 0 391.4251191094518 1500.67606626451 1317.066204383969 140.9600487947464 0.1909238696098328 4.620398990809917 456.3179493248463 242.3175544068217 13.84057876467705 86.64757972210646 0.09787608683109283 0 2.226138435304165 10.47876093536615 1.9129818379879 86.20019713789225 6.343399181962013 23.699692055583 10.22263015061617 1.218732640147209 0.2891165092587471 0.2961225211620331 0.1020783111453056
170.363831140101 34.25019970536232 7329.223681859672 0.1731089800596237 0.5027410164475441 5.263258650898933 95.92866536974907 265.7977101206779 3.560177162289619 5.433179624378681 1607.938179403543 1.121991142630577 1.327250383794308 473.3498795181513 0 26.08117111772299 3361.868903830647 385.6823652088642 3936.138205252588 0.5739176571369171 759.2168676778674 11.29720512032509 2565.707591742277 29.91806991398335 3.632287986576557 3537.715184420347 5054.766488328576 41.68059373646975 575.9144464656711 676.2821858525276 1.298519611358643 3.22443987429142 173.2736714333296 2830.677201472223 9.516116328537464 148.8354613333941 72.80641161650419 736.5273154452443 89.60206330567598 6.410413384437561 1.952933326363564 0.1671100854873657 1.98356980830431 0.3873508647084236 61.6751761958003 60.16539089381695 0 0 0 0.5521398037672043 0 0.2075170576572418 0 0.6691741794347763 0 0.4822579324245453 0.5559402108192444 0 2.918338589370251 49.9995191693306 1.971577197313309 24.2054313570261 0 1.152096033096313 5.215740129351616 6.931497037410736 2.640202544629574 0.5457827150821686 186.7178087905049 275.3790345489979 1.693783350288868 0.6760572046041489 0.3545245006680489 0.3068574666976929 0 0.1062089055776596 8.791643902659416 0.6203663498163223 24.88876195997 11.80882655829191 29.33361853659153 4.311974503099918 0.2916826009750366 0 0.2516498267650604 0.3029274344444275
1.683370552957058 86.76730415225029 35.6457844004035 0.3943179622292519 0 27.12156077474356 6.869615808129311 28.12742911279202 12.58566573262215 23.817681632936 2490.195362761617 11.97775078564882 61.29174154996872 32.56220093369484 0.09557250887155533 1.847936816513538 385.6823652088642 744.9349820464849 1306.205175884068 4.929698519408703 0.6739944219589233 26.38269313424826 13.43420225381851 10.42623532563448 314.1740221828222 5252.967917665839 789.9989185556769 4.007952082902193 42.22812388092279 0.9814087525010109 109.2264745533466 5.215586133301258 1.231512606143951 1148.125748716295 8.230325788259506 672.8300721868873 773.5788305178285 1294.773815244436 417.2969214171171 14.67976242303848 3.401916898787022 7.226534098386765 6.388102278113365 0.1056168973445892 46.65432292222977 0.7645147144794464 0 0 0 0.1037004590034485 0.08462285995483398 0 0 31.86892391741276 0.1674964278936386 96.26568352431059 0.102288119494915 0 0 3.693193897604942 51.04007107019424 28.23092951625586 0 0.1847717389464378 0.3286497741937637 0.1869998648762703 0.733191192150116 23.50638164579868 390.0093856602907 293.2593780457973 0 0.167422279715538 0 51.86891838908195 0 0.1831515803933144 3.490639984607697 1.117750220000744 7.809462264180183 45.33299389481544 15.13294927030802 3.285756073892117 0.3625809103250504 0 1.047921024262905 0
4.770971208810806 96.17119597643614 211.8941102996469 0.3273762762546539 0.3513633087277412 14.33092945069075 6.840237759053707 26.64864807575941 6.820226401090622 14.08341283351183 1555.62679272145 5.972904056310654 23.03546348214149 32.51081357896328 0 1.693405978381634 3936.138205252588 1306.205175884068 1569.974615879357 2.357966363430023 5.222877413034439 12.37680569291115 193.9912068322301 7.768784329295158 154.7738961204886 3680.149499304593 1300.557964675128 3.788703538477421 48.85597116872668 6.882037460803986 20.78525550663471 4.995451293885708 7.176461398601532 1941.520250275731 6.099089786410332 432.2856277301908 373.5733950734138 1247.74490955472 248.0394415408373 11.68153155595064 1.056319802999496 1.229559898376465 2.356884762644768 0.3421579450368881 70.98436039686203 4.046095713973045 0 0 0 0.6528647243976593 0 0.1164101883769035 0 10.29437897354364 0.1111475974321365 26.35392338037491 0.07871957868337631 0 0.1581920981407166 55.29395794123411 27.56414969265461 74.22461450845003 0 0 1.674117028713226 0.8212922364473343 0.4421690106391907 7.490216627717018 444.0299929082394 404.9991706758738 0.2465045899152756 0.4603614136576653 0.3590499311685562 16.17313434183598 0.1086079180240631 0.2751349806785583 6.873440973460674 0 17.69117386639118 58.67463775724173 30.50848547369242 3.629529476165771 0.3453589826822281 0.3266777396202087 0.1994919255375862 0.1763892024755478
1.152645774185658 0.09963265061378479 0.7306714132428169 2510.378531597555 4.967096723616123 605.3949978724122 62.38597644120455 108.6983748972416 239.9061873704195 2918.089144416153 13.30045019835234 4238.927660234272 1.397414542734623 102.5830688104033 144.320275619626 0.0873970165848732 0.5739176571369171 4.929698519408703 2.357966363430023 395.8170316815376 0.2627524212002754 0.3032630234956741 0.9781337827444077 309.8864348679781 0.119376964867115 8.633674062788486 4.219597235321999 1196.025982536376 161.1414322778583 0.89120764285326 0.6310918480157852 8.80529448390007 0.2996197491884232 104.1988433897495 14.12646705657244 315.1931991800666 5.434252344071865 256.6371835097671 65.55832993984222 312.3025431856513 21.51684287935495 1.797675207257271 8.356313981115818 0 0 0 14.05476797372103 0 0.2072574943304062 5.868177965283394 1.359444200992584 10.14733679592609 14.35306370258331 0.07275775074958801 39.6639241874218 0 0 2.203971102833748 0.1499815881252289 0 0 0 8.638201460242271 0 0 0 85.48000499606133 0 0.4693033173680305 0.3244597911834717 54.02479051053524 0 0.5249229520559311 0 0 0 0 0 8.942033261060715 0.608220100402832 0 0.1576047241687775 28.81880487501621 0 0 0
131.9430629089475 23.77286000549793 954.8327633515 0.7059301361441612 0 13.7148280441761 769.6006457954645 573.5618147701025 12.27736116945744 45.22233474999666 3.860673375427723 0.4467140212655067 1.44964425265789 436.3668423295021 0 3045.536211162806 759.2168676778674 0.6739944219589233 5.222877413034439 0.2627524212002754 12773.36693650484 135.6028751283884 12954.43273197114 198.4338042587042 2.032456584274769 37.89560067653656 440.2916874364018 3191.44079785049 304.8352898061275 9628.568343631923 0.3414254635572433 2.159149669110775 76.97494998574257 2629.071386501193 220.8792962506413 7114.028829537332 825.5508483573794 2887.724659904838 1734.110888898373 194.210056245327 9.510131262242794 2.15537516027689 32.40820814669132 5.935252405703068 2.373160265386105 17.42249239981174 0 0 0.2207967862486839 14.3608715608716 0.7522793039679527 40.3147969096899 0 0.2819129228591919 0 0 3.625393807888031 0 743.0651007443666 2.39255552738905 0.6271233707666397 1.283886969089508 0 365.3670249134302 221.791116386652 91.49572966992855 132.1300270184875 0 1.415016502141953 28.96617384254932 326.7880447357893 31.80546808242798 139.5324309021235 0 0.08524063974618912 5.837705247104168 17.19300898909569 5.764633677899837 217.223884999752 6.541165702044964 25.4889802262187 11.38909439742565 2.311397694051266 0.149057999253273 0.927720308303833 0.6181203275918961
0.3335550129413605 1847.391511827707 20.43507568538189 0.6210840418934822 1.547718606889248 1.074797064065933 5.405026108026505 3.349183984100819 2537.155073530972 1.2679138854146 36.45952440053225 40.35170787572861 230.6055573001504 0.8293111100792885 33.21785174310207 2520.266731522977 11.29720512032509 26.38269313424826 12.37680569291115 0.3032630234956741 135.6028751283884 932.8342236950994 254.9179743155837 4533.201683342457 430.318369962275 251.8566644713283 4939.317547775805 249.4028961285949 3.738568961620331 2.492632038891315 32.30217381566763 0.3187243789434433 0.3636501431465149 19.20290809124708 1.495402112603188 71.91565944254398 28.91084488481283 37.52276808023453 13.40004768967628 113.1264753639698 0.6127335131168365 19.81444923579693 0.186909094452858 0.2358166351914406 19.76765145361423 94.80711098760366 0.5928054377436638 0 0 1.593254394829273 0.6445578411221504 9.089172929525375 0.3825971782207489 2.392108403146267 0 5.702742613852024 0.6809957474470139 0.2971132397651672 920.1047625020146 9.801958113908768 1.064765334129333 4.814809083938599 0 81.21785705536604 78.81212386488914 356.3079029917717 46.48017720878124 2.001340605318546 12.57251615822315 771.6667426452041 53.3270985558629 1.87002332508564 17.52687619626522 1.041709750890732 0 0.9692795723676682 7.937580846250057 0.3129813969135284 30.41006277501583 6.411024510860443 23.68450938910246 10.97177082300186 0.1290011703968048 0.185924768447876 0.5747023299336433 0.7117892801761627
233.7163729518652 7.115445747971535 9976.047916404903 0.926238089799881 0.2382722795009613 16.65358725190163 877.8893349468708 702.6239024102688 11.04161202162504 45.71489673852921 55.21089976280928 0.3615447506308556 1.819244347512722 710.9639773890376 0 4375.424699604511 2565.707591742277 13.43420225381851 193.9912068322301 0.9781337827444077 12954.43273197114 254.9179743155837 19406.94883799553 653.960458740592 1.677068382501602 763.1772014349699 8757.774283632636 2955.305642820895 537.3608223646879 2663.76530162245 0.8510837554931641 1.936800502240658 186.2913007959723 4137.122183583677 368.533933788538 7781.440411821008 2624.143720477819 5363.815376840532 3293.23107599467 437.667158856988 10.60502104461193 3.353389792144299 50.62366493046284 1.616796210408211 6.203195631504059 187.6895687654614 0 0 0 6.465026400983334 0.4069448262453079 13.18856020271778 0.3490293771028519 0.9700280502438545 0 0.09224970638751984 2.37518635392189 0 1556.295604817569 9.034835010766983 0.4346060752868652 3.272970668971539 0.1701961606740952 83.70614995062351 614.2764847129583 1326.081402696669 69.41474352031946 0.1066001430153847 10.05798257887363 976.8675043284893 92.928093329072 4.744507573544979 25.78779947757721 0 0 1.919995255768299 14.23448537290096 14.83197662234306 136.7016525045037 11.16659666597843 49.65203942358494 32.84799525141716 1.078432217240334 2.427999317646027 3.547743275761604 0.524326890707016
51.20502300560474 673.0522759743035 51.60928574949503 937.0512516051531 30.89878621697426 177.3655670806766 1568.655311487615 1105.005242273211 10455.58647915721 639.3969922214746 13.36489611119032 991.7835863083601 50.45390051603317 344.7383084222674 1018.036219663918 2988.344032794237 29.91806991398335 10.42623532563448 7.768784329295158 309.8864348679781 198.4338042587042 4533.201683342457 653.960458740592 9510.803281255066 107.7495312988758 79.23765909299254 2600.415150627494 12041.15766908973 850.3642523735762 237.0206197723746 9.333081021904945 10.28113330900669 149.0928027257323 394.4901609569788 148.1968849152327 3605.943685002625 124.3972962461412 858.6678684838116 414.2012865878642 1824.187977440655 79.70641895383596 14.99624039977789 49.30692375451326 36.3728444725275 11.13799320161343 48.21849814802408 303.0943622365594 0.5852905362844467 7.460443891584873 189.2986737266183 46.97461797297001 1114.645359583199 311.6653049737215 2.180007062852383 41.50245171785355 1.562097258865833 45.69484289735556 21.77354008704424 397.4791812226176 9.10871409624815 0.9153557792305946 3.157422438263893 99.44017948955297 195.5636653602123 166.7246199175715 80.51531947404146 2963.778269458562 0.1897687911987305 11.35813155025244 113.4786026254296 2241.599192731082 141.0232837125659 163.6377879530191 0.7637167796492577 0.1803849041461945 30.34141888469458 66.83386342972517 14.62183333188295 466.4426585957408 15.6242041438818 163.4952084049582 35.76620294898748 412.4471402689815 6.472053930163383 4.780799806118011 3.623429827392101
0.1579647660255432 2206.295832626522 1.438063226640224 0 0.4188360422849655 2.407453656196594 0.7454235777258873 3.801372319459915 154.9510456547141 1.301452316343784 1176.425915673375 2.938533119857311 6932.806115269661 2.388733960688114 2.416645757853985 12.73388897627592 3.632287986576557 314.1740221828222 154.7738961204886 0.119376964867115 2.032456584274769 430.318369962275 1.677068382501602 107.7495312988758 1128.297300130129 1763.360330730677 4389.038190174848 10.6619995161891 5.164587236940861 0.0967114195227623 324.6792383864522 1.166731834411621 0 357.8704049140215 0.3849906846880913 281.4508976489305 847.1902105212212 755.2302742302418 126.5150755792856 20.49573764950037 14.62747417390347 1019.389456324279 19.91677643358707 0.1169531494379044 228.7892517149448 1.164348751306534 0 0.1229270249605179 0.2409058213233948 0 1.470658950507641 0.2730434909462929 0.2122070342302322 284.3294369056821 3.55733086168766 611.6030384227633 0.5275721922516823 0.1575254201889038 0.1377214044332504 2.082499943673611 21.1380265429616 22.94039254635572 0 0.1145026907324791 2.429356828331947 0 0.4164242669939995 141.9383796676993 238.7343374937773 287.7043063491583 1.771259680390358 1.513808056712151 0.1841640621423721 30.86858995258808 3.45464675873518 0.1220873147249222 36.45146283507347 0 75.0776559188962 134.9040032252669 86.15629051625729 1.494871258735657 9.613040901720524 0 208.0804110020399 0.3420580327510834
27.17332702130079 909.6256422251463 6554.458385184407 0.1027968600392342 0.5541007071733475 50.13728597760201 45.56285971403122 158.7638311907649 137.8704344704747 44.95622134208679 3404.002276390791 18.36847677826881 1000.574768058956 151.3981536477804 1.326367266476154 21.19116467982531 3537.715184420347 5252.967917665839 3680.149499304593 8.633674062788486 37.89560067653656 251.8566644713283 763.1772014349699 79.23765909299254 1763.360330730677 32650.5227509439 17114.81002485007 19.02607018873096 142.5958094149828 18.47739495337009 1226.773414738476 13.13224770873785 17.14685920625925 2712.228852294385 34.93124461919069 3044.313390783966 3661.978265285492 5136.694301649928 1352.737842433155 78.95332406461239 6.975977301597595 55.95189232379198 15.95379325002432 1.347833760082722 863.9178096503019 163.7510393261909 0 0 0.3735363930463791 2.557205870747566 1.97288104146719 3.280564442276955 0.2054203972220421 163.8328718170524 1.013584457337856 634.4469746425748 3.615184485912323 0 2.71686752140522 416.2231374233961 268.7671498805285 544.5313609316945 0.1810628771781921 1.426785387098789 19.35196886211634 14.59423042833805 4.076344929635525 148.8963912129402 3733.843622937799 3719.947300314903 2.598637484014034 3.565219812095165 2.057617254555225 278.4847756251693 0.2549133896827698 0.344526544213295 59.44893448799849 4.698217041790485 154.4976742565632 374.8117867261171 257.472926415503 40.19313436001539 2.584939293563366 1.085030853748322 2.887057036161423 0.5161349773406982
31.4865900054574 7546.135880455375 5258.16328047961 0.7916114628314972 0.6029918491840363 29.68298322707415 140.4402182996273 138.1812810301781 1053.944465510547 40.66842831671238 684.6300255954266 26.07790496945381 3491.836501710117 136.7445018142462 15.37734323740005 5492.416992425919 5054.766488328576 789.9989185556769 1300.557964675128 4.219597235321999 440.2916874364018 4939.317547775805 8757.774283632636 2600.415150627494 4389.038190174848 17114.81002485007 33806.08157706633 1467.09905666858 141.8125886023045 86.28763698041439 1305.886797331274 6.700018398463726 27.73508832603693 3539.635575048625 195.6040655076504 9436.423352114856 3806.899671338499 8306.223883129656 2184.811672203243 791.6786719486117 7.601289100944996 47.04474222660065 43.52928221225739 4.291005067527294 3046.690234974027 2131.661384813488 1.155161805450916 0.2816493660211563 0.6349171996116638 21.1155836507678 4.05747526884079 14.86134437471628 0.5712846666574478 125.9613215103745 0.5937889963388443 391.6345697492361 6.451079986989498 0.1863801926374435 837.727177284658 613.6819419711828 222.319774620235 651.1730737239122 0.1892585158348083 38.78766522556543 1489.050571888685 1253.070333816111 68.00343964993954 145.8303522467613 4254.803814731538 10740.80456760526 60.11553587764502 6.44894465059042 9.785465255379677 180.6487242951989 0.336028054356575 1.600593686103821 158.1798535212874 14.65255547314882 507.0360533520579 388.3738737776875 617.7653490900993 147.8776616901159 9.661305412650108 3.506806261837482 8.615994781255722 1.45803003013134
99.36736986786127 67.20048376917839 136.6631555333734 6210.932864837348 3.010237708687782 1342.046537540853 17828.74089105427 1562.969503059983 1415.475690022111 6385.665853962302 17.66714287549257 715.3118128404021 7.81263193488121 872.4774255231023 59.77363446354866 2818.657410442829 41.68059373646975 4.007952082902193 3.788703538477421 1196.025982536376 3191.44079785049 249.4028961285949 2955.305642820895 12041.15766908973 10.6619995161891 19.02607018873096 1467.09905666858 26325.2543848604 1657.383682392538 9431.942407205701 1.309577282518148 18.64955585449934 385.4260237589478 883.9142019115388 236.9933626353741 4410.836182247847 182.3519686162472 1464.277560867369 749.852469958365 380.1558025181293 84.1014798656106 5.861581280827522 56.73126139491796 52.78180913627148 5.162354201078415 37.11928839981556 212.6297358497977 0 6.951387703418732 215.5349848270416 46.02274321764708 599.5498498752713 198.9047543108463 2.948452308773994 16.44369792938232 0.2719074860215187 57.94996292889118 4.739652037620544 422.6776201426983 7.072346970438957 0.4422791972756386 2.605878092348576 62.43696653842926 227.0670286118984 119.7096690088511 97.05772136151791 2697.194260917604 2.424231961369514 5.966765962541103 92.19710494577885 2253.207327850163 202.8241927623749 236.6918777897954 0.152618519961834 0.746054470539093 41.35317558050156 88.75065778940916 20.35230252146721 547.4830209538341 25.92769594490528 198.5033418238163 49.1963671669364 173.1248956173658 6.058236323297024 7.479276403784752 3.693210422992706
