2339.882915809751 0 105.4004947096109 2.638568468391895 0 9.164997719228268 1727.878507770598 660.3273150399327 4.012004226446152 34.74480945616961 8.717873387038708 3.663675360381603 0.2454655095934868 4251.324738293886 0.076092928647995 0 350.3613276928663 4.354141749441624 130.9760745242238 0.7389214411377907 55.27832791209221 1.708967037498951 370.8305435106158 5.507742002606392 0.2144308835268021 81.06655062735081 47.55775466561317 26.37684752047062 9533.246913321316 3000.372069828212 0 0.09458593279123306 354.4600970223546 200.3245412111282 0.609946496784687 22.93514564633369 7.742854848504066 70.70549719035625 14.95806139707565 2.251398965716362 1.81290577352047 0.2384827136993408 0.5634946599602699 0 0.09909241646528244 0 0 0 0 0.1403921842575073 0 0 0 0 0 0 0.1742360591888428 0 7.117180183529854 0 0.1956768929958344 0.1571964025497437 0 1.945729732513428 2.040190488100052 8.14875616133213 11.90074649453163 0 0.3963093906641006 2.033044256269932 4.448642238974571 0.1029368788003922 0 0 0 0 0 0 5.942480757832527 0 0 0 0.1428468376398087 0.1368888914585114 0 0
0 122.3630709424615 34.97096459567547 0.1881569921970367 0 0 2.683579720556736 0.4904231429100037 443.6627673357725 0.788194552063942 6.865322589874268 4.3819600045681 509.1800190284848 0.4519821554422379 3.892687082290649 231.6486823484302 7.228932671248913 1.726871863007545 1.901029944419861 0.3358707427978516 37.09768113493919 2328.944071359932 14.942019328475 779.7767503410578 2234.443095840514 107.9577142968774 10392.98963674903 52.56999249756336 0 1.000962987542152 7.804188802838326 0 0 9.837642312049866 0.1563875377178192 20.34919922798872 23.85219460725784 19.23379486054182 3.336666144430637 14.51140813529491 0 6.99256743490696 0 0 153.1870316565037 5.820009753108025 0 0 0.1323612183332443 10.13975888490677 0.9343444406986237 3.96483851224184 0 1.492432288825512 0 5.245964020490646 1.084058374166489 0 12.30881151556969 8.958134159445763 4.834827445447445 22.98620660603046 0 1.597891911864281 11.74557430297136 3.68934828042984 14.05880756676197 52.16272678971291 271.2181129008532 1612.047294564545 3.082644656300545 0 0.8149722516536713 0.7176583707332611 0 0 16.72414228320122 0 23.65126723051071 17.20599862933159 16.78891834616661 4.21843147277832 0.2384820431470871 0 0.415256142616272 0
105.4004947096109 34.97096459567547 4428.271688573062 4.941488780081272 0 31.28821022808552 2485.034727349877 274.4160575568676 0.8669644072651863 43.76951692998409 76.95488846302032 0.7367741763591766 3.04131056368351 763.1387386322021 0.5109429284930229 6.743225209414959 4429.614434286952 120.5839241966605 1010.201572954655 0.2363691180944443 764.0495866164565 6.324231028556824 10407.06025837362 44.12122337520123 0.3960351273417473 6833.536765575409 6798.100265964866 905.9569178894162 187.9259374365211 987.9475887268782 8.604872941970825 0.2418034374713898 22.76659025251865 1644.558309525251 18.0912219658494 1690.458331622183 4310.18643591553 2772.514073230326 338.5930433869362 31.72981248050928 1.992137081921101 1.942008681595325 3.321546331048012 0.1794790029525757 255.2120457962155 59.36999140679836 0.4999553710222244 0 0.4473603144288063 22.05258692800999 2.721406534314156 5.068198442459106 0.7262234762310982 0.4772096425294876 0.3858710452914238 2.332089357078075 1.587580971419811 0 24.42910694330931 30.70619809627533 1.709331847727299 18.39370726794004 0 4.505688115954399 9.301975399255753 11.40187269449234 13.78310533612967 7.942088037729263 465.5507868900895 1958.421103909612 7.06012012809515 1.722560793161392 1.25893360376358 0.2513530775904655 0 0 12.5327191054821 2.548228442668915 50.17204391211271 253.2004329711199 20.14685182273388 3.957930378615856 0.3169406056404114 0.1050108969211578 0 0
2.638568468391895 0.1881569921970367 4.941488780081272 2628.530658662319 0 138.7951561287045 243.012911118567 99.37575224786997 791.8669585287571 5111.210671342909 2.325366757810116 3022.305091142654 0.5836751312017441 70.26066482067108 39.49187815189362 1.021227061748505 1.899846218526363 1.636053532361984 0.9794324412941933 4193.614889346063 0 2.744880184531212 2.25061858445406 2042.270987451077 0 1.972467929124832 10.11373987048864 3401.569557905197 63.05813873559237 1.573172852396965 0.1659538969397545 0.7603218406438828 3.64605937153101 56.89734778553247 2.416397586464882 360.7520949542522 2.113930277526379 110.9754397571087 49.47538026422262 297.348997682333 5.923729300498962 0 2.33312039077282 0 0 0 70.48993249982595 0 2.701785132288933 20.50515604019165 3.679758161306381 66.94977261871099 111.9754908531904 0 45.80190878361464 0.0965130627155304 1.211617283523083 0 1.248094782233238 0 0 0 18.85210330039263 0.6802934855222702 0.571507602930069 0.7903227806091309 331.2976155281067 0 0 1.875000730156898 102.6228122264147 1.114877082407475 0 0 0.1676899492740631 0 1.106542706489563 0 46.19069132208824 0 3.185609839856625 1.979452483355999 104.4686244428158 0 0 0
0 0 0 0 169.6456914097071 1125.183147490025 0 103.2302543073893 3.551715567708015 0.3212709873914719 2.934385240077972 3.780399441719055 0.6082426980137825 40.1855366230011 1261.166275665164 0 0 0.2145404890179634 0 0 0 0 0 0.8433312922716141 0 0 0.1708517372608185 0.3244422599673271 21.24187771975994 0 0 291.8170792907476 0 98.33679041266441 0.2874316871166229 2.484395638108253 1.310710221529007 6.660515442490578 8.496764793992043 2401.258183851838 67.93164385855198 1.58861868083477 0 0 0 0 0 0 0 0 0 0 0 0 0 0 0 0 0 0 0 0 0 0 0 0 0 0 0 0 0 0 0 0 0 0 0 0 0 0 0 0.2458125948905945 0 0 0 0
9.164997719228268 0 31.28821022808552 138.7951561287045 1125.183147490025 16680.2178760916 1594.648130089045 7396.558115720749 58.87003088742495 19564.41195974499 70.94137971103191 4174.753643661737 16.33774130791426 705.7905421257019 1232.366959638894 0.299372710287571 22.88701549172401 26.57924491912127 21.98703084141016 433.9074521288276 3.398285202682018 0.8611461892724037 19.45226296037436 71.09949336200953 2.376676835119724 39.15421469509602 32.42043029516935 535.7480856031179 286.8883905187249 44.78737262636423 2.299173578619957 330.1559440717101 3.921297654509544 339.0269538238645 55.19815114885569 531.3354605287313 63.74731463193893 573.4952355474234 368.9102461710572 1647.774407118559 221.915806658566 24.61622449755669 9.609312258660793 0 0.109462596476078 0 5.954369992017746 0 0 2.392469204962254 0 2.340881615877151 2.553685963153839 0.1830396428704262 2.336802460253239 1.007768608629704 0.1576358824968338 0 1.718690417706966 0 0 0 0.4563101083040237 0 0.3319721072912216 0.6411363333463669 52.3232167288661 0 0.3066983222961426 0.7225533798336983 21.36908946931362 0 0.09464139491319656 0 0 0 0.8324424028396606 2.049434125423431 5.513421081006527 0.49969831854105 1.003092043101788 1.56100345402956 1.984478563070297 0.1580086797475815 0.7830558121204376 0
1727.878507770598 2.683579720556736 2485.034727349877 243.012911118567 0 1594.648130089045 19795.41143929213 5721.964544154704 187.263396397233 7097.866979934275 35.04236974567175 47.87494026869535 2.550969704985619 10464.19998838753 24.57764609903097 22.75510358065367 493.3708567619324 45.94958463311195 172.9383507072926 11.54017449170351 586.4093934968114 26.53638838231564 1214.026801988482 1037.080222666264 2.6920420601964 712.1547459661961 1057.825977467 11093.84470110387 3721.280862875283 8366.509324356914 2.432273373007774 2.747392423450947 611.5259426906705 1594.287390343845 49.41922140866518 2490.500254355371 128.1000083088875 2707.227691538632 1029.384877040982 185.4708723202348 88.36249142885208 2.857082851231098 44.61326489597559 0.3336533904075623 4.944574996829033 8.315541759133339 39.58143471926451 0 2.948116570711136 70.94167744368315 7.921021282672882 43.70031421631575 30.46759245544672 0.8100805431604385 5.560605227947235 0.705714076757431 9.284301422536373 0.1983192414045334 59.94823864847422 0 0.1678524687886238 0.8153785839676857 13.33816296607256 34.81987719982862 23.10750221461058 32.08175527304411 1048.370860271156 0.1683170944452286 8.775553211569786 111.4799818471074 549.1282842382789 7.67830815911293 1.072411566972733 0 0.133357360959053 0 3.694487921893597 1.461135007441044 179.2151492387056 3.820296384394169 14.61653444170952 9.721990935504436 60.04288525134325 3.987788148224354 1.007077097892761 0
660.3273150399327 0.4904231429100037 274.4160575568676 99.37575224786997 103.2302543073893 7396.558115720749 5721.964544154704 10581.46555156261 53.5527493134141 6456.349138133228 296.5690379887819 1051.115333050489 51.07038533687592 6370.587835539132 1061.317958846688 0.1877378523349762 342.8582869656384 86.3417991772294 159.6308728046715 277.1685344204307 32.99116136133671 1.554044634103775 261.053358964622 101.2406857535243 14.10539275407791 219.6937160044909 136.4266505353153 359.0808530971408 857.6496790796518 785.185022175312 5.788507595658302 19.84921965748072 25.32243221998215 1169.336952283978 22.30995844304562 931.4755487367511 184.6248182952404 980.9623717218637 501.2057554125786 1474.72256487608 274.6569529175758 77.82928270101547 27.98789982497692 0 0.0846092700958252 0.1943623274564743 7.82864810526371 0 0.3227260336279869 9.592705197632313 1.889109253883362 6.814918950200081 4.102186754345894 1.394698984920979 2.495767243206501 3.067376613616943 1.111283048987389 0 9.640875332057476 0 0.4420094564557076 0.2637966349720955 1.553825110197067 5.915514744818211 2.262185879051685 8.379761047661304 143.8385801538825 0 1.091394610702991 4.960102342069149 83.26344787329435 0.5790003389120102 0.3351647183299065 0.09998185932636261 0 0 1.841950297355652 2.579130619764328 25.80190708488226 2.252831131219864 3.520276598632336 2.402821570634842 9.725242681801319 0.6619598865509033 1.209052376449108 0
4.012004226446152 443.6627673357725 0.8669644072651863 791.8669585287571 3.551715567708015 58.87003088742495 187.263396397233 53.5527493134141 1310.571617893875 1139.722272396088 0.9942282736301422 714.2528101056814 34.95627401024103 55.50393959879875 865.1362080723047 4.519701577723026 0.3416110798716545 0.3618806079030037 0.6656947135925293 592.0809819921851 7.63179823756218 2764.02409029752 4.856277920305729 14827.92771690339 192.4687700867653 9.174036145210266 362.7086518704891 1796.710983358324 30.10661125928164 55.38365983963013 0.7296237349510193 1.850673645734787 6.980617485940456 14.27963520586491 1.452989742159843 105.3249269276857 11.16567751020193 27.92064032703638 19.38427326828241 521.1979205161333 1.481999754905701 0 1.062496200203896 1.058548085391521 0.866535097360611 0.2555280551314354 101.0077859535813 0 2.024348571896553 38.74216075986624 5.902100026607513 129.9177181571722 70.9475137591362 0.3648011162877083 70.69783795624971 0.1432345807552338 3.367928937077522 1.860957711935043 100.1847865134478 0.1200914978981018 0.1723941639065742 0 43.5170186534524 25.71174699068069 65.60745687037706 32.2431472837925 1548.635783977807 0.4447065591812134 1.973595902323723 10.82040368765593 305.2269231528044 4.276384025812149 0.3865247517824173 0 0 0.1382126361131668 1.045053690671921 0 14.59935078024864 0 5.993669085204601 4.417370483279228 93.55497857928276 0.844418078660965 0 0.1200380846858025
34.74480945616961 0.788194552063942 43.76951692998409 5111.210671342909 0.3212709873914719 19564.41195974499 7097.866979934275 6456.349138133228 1139.722272396088 40566.49889787287 62.93747190386057 7949.691800363362 8.81207948923111 2727.321053519845 120.1948433145881 2.208806663751602 16.3544067889452 32.79199010133743 29.46012074500322 3243.469280198216 1.996608078479767 4.955269046127796 14.91265990585089 1931.244916819036 1.385389104485512 62.93208864331245 69.85574121773243 3446.647002719343 1663.063093930483 21.73341789841652 1.724207848310471 5.785683318972588 21.91302414238453 950.9999160096049 60.82767631113529 2255.627826042473 70.62180322408676 1604.027969215065 596.4349826723337 647.0653407424688 68.63626078516245 7.430533118546009 56.08258417993784 0.6528170704841614 0 0.7001639828085899 150.4032743945718 0 5.47673399746418 57.51710490882397 3.900540314614773 136.3279653787613 133.8116496652365 0.1303689479827881 70.91964691877365 0.3911732658743858 5.031919091939926 0.3703755736351013 4.408884450793266 0 0 0 52.06634405255318 6.512048557400703 1.764993481338024 3.590648010373116 842.1253770962358 0.1055731102824211 0.8370468094944954 2.499149672687054 305.4835419282317 0.8419250324368477 0 0 0 0 1.194219574332237 0.4613628685474396 129.6610241010785 0.2035761624574661 5.963357023894787 2.879633232951164 192.9166016504169 1.192820876836777 0.1097413003444672 0
8.717873387038708 6.865322589874268 76.95488846302032 2.325366757810116 2.934385240077972 70.94137971103191 35.04236974567175 296.5690379887819 0.9942282736301422 62.93747190386057 11173.27089183778 23.92571345716715 1631.233603902161 424.245016798377 4.817021057009697 1.265158012509346 903.7128595858812 2751.106886483729 2264.016230002046 8.696035511791706 34.68988759815693 2.358723253011703 114.1943084523082 3.078150875866413 525.9447405859828 3151.186574541032 2432.026946812868 13.44027446210384 501.6631442457438 14.66709072142839 837.1223048642278 165.3779851347208 5.87561459839344 8360.438761778176 4.470916107296944 1230.031459257007 3989.859538756311 3569.94576779753 2130.549545072019 20.06857089698315 69.69924127310514 1239.726107574999 12.80575048923492 0 1.828686483204365 0 0.5307770892977715 0 0 0.4266791641712189 0.2776500433683395 0.109624981880188 0.132394403219223 228.560668669641 0.1261880099773407 840.909358382225 0.9444086998701096 0 0.217249408364296 0 19.65197934955359 3.517881862819195 0.1351005136966705 0 0.7197161763906479 0.1336821466684341 2.860417008399963 187.9300528764725 108.5882716625929 88.08203408122063 1.504427663981915 0.5146899074316025 0 34.77628247439861 0.17476786673069 0 52.24867620319128 5.674685165286064 43.33579174429178 319.7887325808406 30.49067988991737 6.866410724818707 0.3611694425344467 4.585964478552341 219.6158077046275 1.211439490318298
3.663675360381603 4.3819600045681 0.7367741763591766 3022.305091142654 3.780399441719055 4174.753643661737 47.87494026869535 1051.115333050489 714.2528101056814 7949.691800363362 23.92571345716715 10344.41081944853 3.64661581069231 387.4886259809136 1115.926610805094 0 1.012194961309433 13.33522970229387 9.725457720458508 5284.751665242016 0.2248978540301323 12.13566079735756 0.3839976638555527 837.9669864699244 2.014308407902718 14.40693276375532 11.7548810839653 369.8769676014781 264.7307461500168 1.464980378746986 0.1754002496600151 1.717436634004116 0.2260359227657318 149.3648722022772 8.414503216743469 539.8013371005654 15.24712952971458 298.3150778636336 92.8160292506218 1259.718495689332 17.34804009646177 4.772733137011528 6.847061529755592 0 0 0 22.8488503023982 0 2.381199434399605 1.896810919046402 0.1391431093215942 6.020350001752377 6.942719459533691 0 69.11061124503613 0.2226963937282562 0.5203860774636269 0 0.137127086520195 0 0 0 34.88975904881954 0 0 0 25.75445453077555 0 0 0 7.911725245416164 0.3562404215335846 0 0 0 0 0.1381319016218185 0.3233018517494202 5.363068290054798 0 0.7532030194997787 0.2574346736073494 42.11290948092937 0 0 0
0.2454655095934868 509.1800190284848 3.04131056368351 0.5836751312017441 0.6082426980137825 16.33774130791426 2.550969704985619 51.07038533687592 34.95627401024103 8.81207948923111 1631.233603902161 3.64661581069231 1548.935211405158 47.91625399142504 1.835794173181057 13.10286924242973 0.8500908464193344 37.0263244882226 8.990088388323784 0.9045999273657799 4.901668444275856 163.367634922266 4.307042986154556 64.17235124111176 4077.541612550616 227.9293898046017 3018.816220454872 6.47720842808485 41.40118894726038 0.9268407598137856 234.9233686178923 21.43926177173853 0 2186.040454775095 1.359245851635933 556.5303615927696 3911.999357506633 1043.954178228974 450.4271975979209 5.900463849306107 21.73285710811615 1722.64709213376 2.251300938427448 0.264500766992569 16.50951711833477 0.3369665741920471 0 0.0996960774064064 0.3929350674152374 0.7644503116607666 0.7167713865637779 0.4494430795311928 0.4331817403435707 428.5465027838945 0.1704709529876709 1739.884454861283 0.4674701914191246 0 0.3538602665066719 0 79.31593602150679 18.19931470602751 0 0.9040922373533249 0.2370928302407265 0 1.995073221623898 783.8069677725434 598.3118382394314 570.1714233830571 0.07734110951423645 1.685804612934589 0.394251748919487 149.5546093955636 0.7987208142876625 0 49.95838425308466 0.7653927206993103 42.71546539664268 477.4093459546566 52.54288946837187 15.48772643506527 0.2381066903471947 1.294622413814068 287.0411859899759 0.178633525967598
4251.324738293886 0.4519821554422379 763.1387386322021 70.26066482067108 40.1855366230011 705.7905421257019 10464.19998838753 6370.587835539132 55.50393959879875 2727.321053519845 424.245016798377 387.4886259809136 47.91625399142504 13375.64830502868 94.0162002146244 0.6377210095524788 932.7453508228064 164.3352161049843 441.3665340691805 157.8360216319561 107.1850226148963 3.960351683199406 860.2530078962445 113.4312233775854 6.883049175143242 557.3002463132143 361.4186200127006 383.5584474131465 6728.21043862775 3557.648176193237 8.189136371016502 253.9994725137949 65.43326973170042 2348.938015107065 13.87326429784298 897.7858837321401 192.2815490886569 1445.613504461944 333.3726216033101 301.5771520882845 38.65008091926575 33.66621884703636 21.54414954036474 0 0.4622692540287971 0.5248929262161255 4.197907038033009 0 0.6019130647182465 14.57169112563133 0.2020664140582085 7.447068527340889 4.709053993225098 1.07196918129921 1.180496789515018 2.486813440918922 2.034066200256348 0 20.09026814252138 0 0.08129888027906418 0.1493234187364578 1.310155183076859 12.12151478230953 5.019367851316929 18.53710635751486 189.741473659873 0.4747747927904129 3.72773452103138 12.29558766633272 101.4069849550724 0.6082568764686584 0.1087497025728226 0.4338788315653801 0 0 1.185723230242729 1.378741547465324 38.49814477562904 2.817900329828262 3.737184226512909 4.031124643981457 2.157399393618107 0.3029112219810486 1.290616691112518 0
0.076092928647995 3.892687082290649 0.5109429284930229 39.49187815189362 1261.166275665164 1232.366959638894 24.57764609903097 1061.317958846688 865.1362080723047 120.1948433145881 4.817021057009697 1115.926610805094 1.835794173181057 94.0162002146244 1234.394208475947 0 0 2.385009974241257 1.769967503845692 117.6913222819567 0 19.34719304740429 0 425.6468843668699 1.746931314468384 2.415302395820618 7.973908446729183 35.7531290948391 37.8890315592289 1.817134886980057 0 207.1841491609812 0 315.0329365432262 0.8030472993850708 257.1882442310452 3.73147801309824 98.6506806910038 23.20365846157074 1794.98280775547 64.49786487221718 3.135196834802628 0.2466485947370529 0 0 0 0.55633544921875 0 0 0.6199623048305511 0 0.9833224415779114 0.2318696975708008 0.1088129058480263 0.8149141669273376 0.07411450892686844 0 0 0 0 0 0 0.8010846972465515 0 0 0 7.379238903522491 0 0 0 3.163389682769775 0 0 0 0 0 0 0 0 0 0 0 0.7691996693611145 0 0 0
0 231.6486823484302 6.743225209414959 1.021227061748505 0 0.299372710287571 22.75510358065367 0.1877378523349762 4.519701577723026 2.208806663751602 1.265158012509346 0 13.10286924242973 0.6377210095524788 0 4168.387957409024 14.22235373407602 0.3997913748025894 2.686857916414738 0 4685.766735583544 2992.779458530247 2928.168128654361 1105.220274530351 53.97243468463421 9.32902680337429 5853.910282924771 2534.805668458343 3.143613815307617 95.41429536044598 0 0 1.144373171031475 53.44759716838598 8.279341712594032 1595.002241268754 538.4439896717668 433.8748521879315 420.7857007458806 21.34064091742039 0 0 10.04107858240604 0.1125309690833092 31.19456366449594 172.872769780457 0 0 0.3869742900133133 11.48979267477989 1.281768500804901 6.045537516474724 0.1170860752463341 0 0 0.220291905105114 2.432375699281693 0 234.0684126466513 13.43142287433147 0.3725867867469788 0.7534422501921654 0 24.34897422045469 758.7769895046949 244.8822578638792 122.0934323221445 0.7478459998965263 12.02195489406586 5246.186877004802 14.9233395382762 0.9686718136072159 0 0.0861353799700737 0.1055917367339134 0 1.336403056979179 2.75011670589447 109.6175060495734 11.07297199964523 3.020232491195202 3.603046789765358 0 0 0 0
350.3613276928663 7.228932671248913 4429.614434286952 1.899846218526363 0 22.88701549172401 493.3708567619324 342.8582869656384 0.3416110798716545 16.3544067889452 903.7128595858812 1.012194961309433 0.8500908464193344 932.7453508228064 0 14.22235373407602 1943.349050655961 123.120892830193 3488.304583869874 0.6580007299780846 934.6286825463176 6.090019881725311 2596.633336551487 18.18876262754202 1.62598866969347 3315.755411967635 6957.298757776618 159.7000188082457 954.4451435394585 1591.26615934819 1.820732370018959 0.9645148143172264 99.91052807867527 3435.896192125976 3.222851224243641 436.7541651129723 907.8092699423432 1322.290775790811 241.5743544176221 5.558130003511906 0.7518818378448486 0.8377611637115479 0.9277801364660263 0 6.39967268705368 0.4022811055183411 0 0 0 0.5152261257171631 0.293451189994812 0.1413517892360687 0 0.1054604351520538 0.08792190998792648 0.2572527825832367 0 0 0.2576510459184647 0.7201645746827126 1.359532289206982 4.666596412658691 0 0.2870464026927948 0.8061907142400742 1.375227868556976 0.6338644847273827 1.004711553454399 53.57581678032875 79.81342857331038 0.573220506310463 0.3481410443782806 0 0.5586404576897621 0 0 0.9151996597647667 0.7173711955547333 9.756123967468739 7.299124374985695 3.463720604777336 0.3187960982322693 0.142830565571785 0 0 0
4.354141749441624 1.726871863007545 120.5839241966605 1.636053532361984 0.2145404890179634 26.57924491912127 45.94958463311195 86.3417991772294 0.3618806079030037 32.79199010133743 2751.106886483729 13.33522970229387 37.0263244882226 164.3352161049843 2.385009974241257 0.3997913748025894 123.120892830193 65.2917201295495 1789.2171722278 3.413201496005058 9.476995758712292 1.220595203340054 73.40882530063391 1.322889380156994 20.05430419743061 1664.302004471421 728.7460945248604 11.66562889516354 201.3850245736539 7.186551295220852 39.65938900411129 36.98773520439863 1.884969428181648 1158.271305583417 2.144138894975185 1095.230854853988 908.2815704867244 1320.155681930482 667.6580673754215 9.374566130340099 4.255579277873039 17.99608255177736 3.361290104687214 0 0.2541280835866928 0 0 0 0 0.3927579298615456 0 0 0 17.92977241426706 0 69.11262609064579 0 0 0.2178312540054321 0.4826284050941467 35.88060658425093 12.0697977617383 0.09616658091545105 0 0.1059032455086708 0 0.4736200347542763 19.32741811126471 163.5181817486882 116.958466693759 0.1613959819078445 0.1363174319267273 0 20.85446064919233 0 0 2.41122655570507 0.6260825991630554 12.94017363339663 43.61641668528318 8.017651796340942 1.163643062114716 0.07825955748558044 0 6.071424230933189 0
130.9760745242238 1.901029944419861 1010.201572954655 0.9794324412941933 0 21.98703084141016 172.9383507072926 159.6308728046715 0.6656947135925293 29.46012074500322 2264.016230002046 9.725457720458508 8.990088388323784 441.3665340691805 1.769967503845692 2.686857916414738 3488.304583869874 1789.2171722278 1563.070702634752 3.765932813286781 96.02855259180069 1.317155182361603 751.0280256643891 4.664755679666996 5.671967893838882 5471.523487009108 2732.984482213855 44.7427231669426 537.2432162463665 237.4466544762254 7.126575618982315 15.7512991130352 48.96856548637152 3722.807883761823 7.26833451539278 1326.844781368971 1637.142836339772 2019.1391075477 651.4004108086228 14.88586301356554 1.901037558913231 3.418273910880089 3.870758682489395 0 7.416683852672577 0.7224563807249069 0 0 0 0.6826615110039711 0 0.2480581849813461 0 4.190809994935989 0 9.784294448792934 0.1170308664441109 0 0.8247088044881821 1.398625068366528 29.1608522310853 46.46783385425806 0 0 0.7359226197004318 0.8653155416250229 1.655370101332664 10.42716782540083 184.9022093266249 190.8147484511137 0.3608335182070732 0 0.1927403807640076 4.272868223488331 0 0 9.864842675626278 2.038355797529221 20.7325306609273 57.59770417958498 26.12509446591139 2.642481788992882 0.2822149246931076 0 3.874480724334717 0
0.7389214411377907 0.3358707427978516 0.2363691180944443 4193.614889346063 0 433.9074521288276 11.54017449170351 277.1685344204307 592.0809819921851 3243.469280198216 8.696035511791706 5284.751665242016 0.9045999273657799 157.8360216319561 117.6913222819567 0 0.6580007299780846 3.413201496005058 3.765932813286781 962.7891485691071 0.2423490807414055 3.095018938183784 0.2990602403879166 236.3347393125296 0.4513101130723953 6.312210381031036 3.962617002427578 1664.118694528937 172.5758400782943 0.7799482643604279 0.3713384717702866 0.3942859619855881 0.3985722064971924 96.76908856630325 4.39597661793232 265.04274328053 5.968811556696892 155.9146011099219 59.28827767074108 558.9635502621531 6.370252430438995 0.9903583824634552 4.661985829472542 0 0 0 25.19235599786043 0 0.161954790353775 0.5055938959121704 0 9.336540475487709 25.65070322155952 0.09293060004711151 19.71907767653465 0.08873267471790314 0.4531964659690857 0 0 0 0 0 3.227005928754807 0.250796914100647 0 0 66.85793046653271 0 0 0 11.73091321438551 0 0 0 0 0 0 0 6.361160077154636 0.1084576100111008 0.3825997412204742 0.1210482940077782 24.77293559908867 0 0 0
55.27832791209221 37.09768113493919 764.0495866164565 0 0 3.398285202682018 586.4093934968114 32.99116136133671 7.63179823756218 1.996608078479767 34.68988759815693 0.2248978540301323 4.901668444275856 107.1850226148963 0 4685.766735583544 934.6286825463176 9.476995758712292 96.02855259180069 0.2423490807414055 13923.41402729601 557.4619812816381 11864.52722290158 119.2684081494808 12.64266628026962 88.97724638134241 2521.666474215686 5389.463030792773 341.0600454360247 11791.71233596653 0.263676218688488 0.2748769819736481 52.77125625312328 5178.401880271733 45.45017589628696 6792.610489010811 1594.711134403944 8221.480388641357 2429.642673350871 114.6308746486902 2.810516588389874 1.219769559800625 43.59160833805799 0 5.508772239089012 15.24258528649807 0.2014450877904892 0 0.1208475977182388 4.517330832779408 0.6734482645988464 5.825140789151192 0 0 0 0.7376146093010902 2.277521282434464 0 201.3499138653278 0.3131851106882095 0 0.08771990239620209 0 28.25101767480373 210.4717763662338 294.1222709044814 115.3676122426987 0.1226548105478287 4.090091437101364 1045.138158306479 16.42351362854242 1.15366768091917 0.2566565200686455 0 0 0.429932028055191 0 4.487810492515564 123.3584125116467 14.85193607956171 1.520595386624336 1.317789241671562 1.459138959646225 0 0 0
1.708967037498951 2328.944071359932 6.324231028556824 2.744880184531212 0 0.8611461892724037 26.53638838231564 1.554044634103775 2764.02409029752 4.955269046127796 2.358723253011703 12.13566079735756 163.367634922266 3.960351683199406 19.34719304740429 2992.779458530247 6.090019881725311 1.220595203340054 1.317155182361603 3.095018938183784 557.4619812816381 3212.842219516635 196.0798949152231 9327.950110770762 1079.170558825135 23.03768461197615 5166.577906370163 837.547597527504 20.63606918603182 72.79942832142115 3.503337189555168 0 5.333936624228954 8.643069945275784 0.7532629817724228 101.4100360497832 43.87843859195709 20.77782992273569 13.11153972893953 74.56949263811111 0 0.9176925420761108 0.5328149944543839 1.121955662965775 106.5708741694689 54.83101400732994 1.93912960588932 0 0.4483478963375092 19.29192309826612 2.973033621907234 67.42905039340258 0.9513440132141113 0.315478689968586 0.8066577911376953 1.358388639986515 3.98729145526886 0 434.6867081895471 4.004203855991364 0.7422231510281563 0.6660991460084915 0 42.06072877347469 349.7393359169364 335.9691176041961 370.8779622167349 5.551748655736446 29.61872155219316 3282.493719495833 48.57996888458729 6.335969045758247 1.949556156992912 0.689464807510376 0 0 1.577987685799599 0.9807906448841095 44.61466889083385 12.84306178987026 4.143316611647606 3.753163293004036 0.7196843922138214 0 0 0
370.8305435106158 14.942019328475 10407.06025837362 2.25061858445406 0 19.45226296037436 1214.026801988482 261.053358964622 4.856277920305729 14.91265990585089 114.1943084523082 0.3839976638555527 4.307042986154556 860.2530078962445 0 2928.168128654361 2596.633336551487 73.40882530063391 751.0280256643891 0.2990602403879166 11864.52722290158 196.0798949152231 18130.90162071586 222.8288270607591 4.984149418771267 2152.964403226972 11408.63005357981 3288.125399619341 1066.969129249454 6841.660125859082 3.683480568230152 0.4072472900152206 84.00890642404556 4365.494364619255 103.1785736680031 9329.106683470309 7581.870767995715 11264.03292103857 4581.7270443663 332.1669451072812 3.525324061512947 0.8631588369607925 70.74021614342928 0 63.68266288936138 379.0470617115498 0 0 0.7446133345365524 36.47584082186222 2.247669212520123 1.388238400220871 1.122885569930077 0.1093708947300911 0.3707649409770966 0.1158266663551331 3.360293790698051 0.1528047621250153 151.3910061717033 18.29743391275406 0.475083976984024 2.026824906468391 0 17.46616742014885 209.6495081409812 71.53699126839638 56.68316930532455 1.253225207328796 134.0382724180818 4439.573112025857 20.1328087747097 1.859893560409546 0 0.09119776636362076 0 0 0.5550025925040245 5.671816289424896 42.45262256264687 59.63978783041239 6.803284123539925 6.671427793800831 1.191942751407623 0.498950719833374 0.07834444940090179 0
5.507742002606392 779.7767503410578 44.12122337520123 2042.270987451077 0.8433312922716141 71.09949336200953 1037.080222666264 101.2406857535243 14827.92771690339 1931.244916819036 3.078150875866413 837.9669864699244 64.17235124111176 113.4312233775854 425.6468843668699 1105.220274530351 18.18876262754202 1.322889380156994 4.664755679666996 236.3347393125296 119.2684081494808 9327.950110770762 222.8288270607591 11513.21373209357 332.3820419460535 35.51283138990402 2415.286051541567 11006.98095427454 107.2315651550889 60.19183756411076 0.5326744914054871 0.4860173687338829 29.46208548545837 157.7241765931249 12.48013764619827 1608.734335973859 67.89546182006598 445.0734759196639 241.4777287915349 888.5128373801708 11.25046788901091 6.590197779238224 5.870564676821232 4.322440750896931 18.32156021147966 9.705159924924374 328.2738611102104 0 14.59340763837099 279.60215177387 38.24881575256586 607.8835410252213 224.3236132338643 3.23426716029644 105.3645995110273 3.079212240874767 38.46816557645798 2.375328898429871 936.2312068417668 0.8004496246576309 0.8547361120581627 0.3202020823955536 86.18713400512934 360.687707953155 426.3994476571679 671.4632982388139 5799.688124887645 2.479858405888081 7.961330734193325 643.1237049251795 2169.595842264593 32.81447989493608 6.597659200429916 0.1038957983255386 0.5753790661692619 0.7464043498039246 14.24180191010237 8.307808823883533 674.3663678094745 17.37689370661974 54.72028392553329 43.00092858821154 404.3741133958101 11.66533006727695 2.409686386585236 3.051695339381695
0.2144308835268021 2234.443095840514 0.3960351273417473 0 0 2.376676835119724 2.6920420601964 14.10539275407791 192.4687700867653 1.385389104485512 525.9447405859828 2.014308407902718 4077.541612550616 6.883049175143242 1.746931314468384 53.97243468463421 1.62598866969347 20.05430419743061 5.671967893838882 0.4513101130723953 12.64266628026962 1079.170558825135 4.984149418771267 332.3820419460535 634.8125662133098 243.1034944280982 3435.084829509258 32.5663605928421 4.068787090480328 2.844846196472645 97.6283908188343 3.878512218594551 0.1235134303569794 910.8026121631265 0 626.8111282289028 979.6416432783008 925.4639601558447 138.8732123225927 24.39825307577848 27.54165622591972 599.9997481256723 0 0 54.9464918076992 0.7380345314741135 0.2005722671747208 0.1924808472394943 0 1.944321863353252 1.216749429702759 0.537345677614212 0.2319454848766327 341.9628014862537 0.1354584991931915 1813.50998993963 1.499544501304626 0 0.8566532954573631 0.4153603762388229 30.27034489810467 18.47011563926935 0.1317658573389053 2.452357590198517 1.327791906893253 2.414277076721191 5.698106668889523 346.1192783564329 372.7468595281243 608.2516125142574 3.953242979943752 0.907384991645813 0.1508806794881821 67.67315176874399 0.6240316182374954 0 93.41582247614861 2.876928508281708 194.6005517989397 168.423769377172 87.37802821397781 19.81294977664948 9.981186985969543 6.660656064748764 129.2205320745707 0
81.06655062735081 107.9577142968774 6833.536765575409 1.972467929124832 0 39.15421469509602 712.1547459661961 219.6937160044909 9.174036145210266 62.93208864331245 3151.186574541032 14.40693276375532 227.9293898046017 557.3002463132143 2.415302395820618 9.32902680337429 3315.755411967635 1664.302004471421 5471.523487009108 6.312210381031036 88.97724638134241 23.03768461197615 2152.964403226972 35.51283138990402 243.1034944280982 26145.81640379131 18219.432558164 182.9685737490654 347.5631811842322 161.5039888471365 655.5778072997928 27.1825687661767 17.90704803913832 2729.000667192042 27.97806106507778 5549.10132393986 10433.33115381002 5047.005367204547 1689.625368796289 38.53341638296843 5.21759620308876 53.19951200485229 14.03504381328821 0.4905960932374001 237.3483118936419 5.18317998945713 0 0 0 11.29045946896076 1.57742041349411 2.123248122632504 0.6613839492201805 119.8739943727851 0.3233575969934464 388.9794343486428 2.026191614568233 0 6.656460106372833 21.87718150764704 429.7995641976595 607.9725615531206 0.1095006465911865 3.297662690281868 7.268026128411293 6.83699756115675 9.832044392824173 308.8532001003623 3500.890078552067 3915.169319473207 4.110366746783257 1.338001847267151 8.669835045933723 99.94440428167582 0 0.3332966864109039 112.4045659080148 10.73693686723709 197.8727571815252 641.0703611373901 297.4337846338749 28.88209825009108 2.443682163953781 0.7497114539146423 58.24449076503515 0.1747619360685349
47.55775466561317 10392.98963674903 6798.100265964866 10.11373987048864 0.1708517372608185 32.42043029516935 1057.825977467 136.4266505353153 362.7086518704891 69.85574121773243 2432.026946812868 11.7548810839653 3018.816220454872 361.4186200127006 7.973908446729183 5853.910282924771 6957.298757776618 728.7460945248604 2732.984482213855 3.962617002427578 2521.666474215686 5166.577906370163 11408.63005357981 2415.286051541567 3435.084829509258 18219.432558164 29039.49054662883 3142.967199616134 264.5105908289552 161.9856900945306 1819.768341906369 14.74261824786663 16.20176304876804 5077.126158975065 87.70547866821289 8821.701107285917 7075.097721658647 9581.090100847185 2366.109137460589 160.0055810362101 4.453334309160709 49.33422607928514 40.7432617098093 2.816260561347008 4550.245137676597 617.3479946181178 0.7836675271391869 0 2.071379698812962 173.6751689091325 12.99804858863354 18.49944462627172 5.193605020642281 135.8903415352106 0.6748541817069054 487.4924269467592 19.39472171664238 0.1592944115400314 359.1544304341078 154.282511241734 633.1611906811595 1039.479822225869 0.3945000022649765 55.57725917547941 494.3135590925813 100.4881799146533 145.292339541018 1369.549410566688 8165.442217431962 21797.03809027374 68.49151184409857 5.303366810083389 16.04683667421341 130.8754032701254 0 0.6569543182849884 266.0086386948824 25.74097193777561 448.7655940204859 1429.183222234249 685.7118030413985 83.56183398514986 8.882015317678452 1.276954270899296 39.58852472156286 2.600210189819336
26.37684752047062 52.56999249756336 905.9569178894162 3401.569557905197 0.3244422599673271 535.7480856031179 11093.84470110387 359.0808530971408 1796.710983358324 3446.647002719343 13.44027446210384 369.8769676014781 6.47720842808485 383.5584474131465 35.7531290948391 2534.805668458343 159.7000188082457 11.66562889516354 44.7427231669426 1664.118694528937 5389.463030792773 837.547597527504 3288.125399619341 11006.98095427454 32.5663605928421 182.9685737490654 3142.967199616134 20401.77361938357 690.486179061234 7584.678225800395 0.4142516851425171 0.9985283464193344 361.3419291004539 1641.128812685609 48.78222731500864 5244.70502653718 224.6888678148389 3579.420306615531 1373.328274056315 218.2900672480464 59.73475031554699 8.675655268132687 30.44065557420254 4.344026677310467 9.917561091482639 15.00278808176517 113.2733428776264 0 6.793787077069283 220.3307589069009 25.1983420625329 210.2794138863683 106.0202420502901 2.107299484312534 30.01993825286627 3.029954820871353 34.20310532301664 1.935757957398891 863.7807485759258 1.128037884831429 0 0.7031701132655144 28.17518295347691 387.6196778863668 294.1503604575992 604.0479409471154 4042.221441313624 0.7295684739947319 9.015088871121407 576.9363062828779 1852.175334006548 37.59278126806021 9.715235784649849 0 0.4117429926991463 0.8818701654672623 13.36774733662605 6.85856381803751 732.4331596195698 20.84573110193014 48.29769129306078 39.0967138633132 155.0951441526413 7.887860029935837 1.33990752696991 1.721119970083237
9533.246913321316 0 187.9259374365211 63.05813873559237 21.24187771975994 286.8883905187249 3721.280862875283 857.6496790796518 30.10661125928164 1663.063093930483 501.6631442457438 264.7307461500168 41.40118894726038 6728.21043862775 37.8890315592289 3.143613815307617 954.4451435394585 201.3850245736539 537.2432162463665 172.5758400782943 341.0600454360247 20.63606918603182 1066.969129249454 107.2315651550889 4.068787090480328 347.5631811842322 264.5105908289552 690.486179061234 21139.67208017036 7394.260974243283 10.95858389139175 972.662820070982 5097.293497867882 5900.001624114811 11.40923926234245 789.6637931838632 143.1744450032711 1999.899956215173 300.421161480248 204.0254046618938 51.41008684039116 21.09860713779926 15.09366106241941 0.3111066147685051 0.5240954011678696 0 2.537962526082993 0 0 7.61160671710968 1.054988339543343 3.86041533946991 0.7087379321455956 1.538021624088287 0.9409749507904053 2.527259565889835 0.6637708470225334 0 56.98927067965269 0 0.220238097012043 0.5142704024910927 0.8749754652380943 30.70602347701788 18.03219293057919 68.51224706321955 125.3957716524601 0 1.33677214384079 25.31926091760397 63.54733353108168 1.195695698261261 0.6618168726563454 0.6824236139655113 0 0.426782637834549 0.1979973912239075 0.8846007511019707 49.99589333683252 2.517524935305119 3.550397396087646 0.9160734638571739 1.705095805227757 0.2059672996401787 0.6676451414823532 0.2588009834289551
3000.372069828212 1.000962987542152 987.9475887268782 1.573172852396965 0 44.78737262636423 8366.509324356914 785.185022175312 55.38365983963013 21.73341789841652 14.66709072142839 1.464980378746986 0.9268407598137856 3557.648176193237 1.817134886980057 95.41429536044598 1591.26615934819 7.186551295220852 237.4466544762254 0.7799482643604279 11791.71233596653 72.79942832142115 6841.660125859082 60.19183756411076 2.844846196472645 161.5039888471365 161.9856900945306 7584.678225800395 7394.260974243283 19718.4062922895 0.8043161034584045 1.191425740718842 1027.100475288928 3123.228085592389 24.8079162016511 3328.289823070168 315.260267868638 3320.705927737057 907.209055788815 43.23660637438297 22.5464773029089 3.078465834259987 15.39535968750715 0.5461977794766426 0.9168504476547241 1.158109918236732 0 0 0 9.13647772371769 1.301503606140614 3.817279204726219 0.5840682685375214 0.08442410081624985 0 0.7840685844421387 2.594408288598061 0 162.0597689822316 0 0.4479415714740753 0.3471847474575043 0 75.69153700768948 69.557213306427 147.7331062108278 236.7195295467973 0 2.539473362267017 132.8343617245555 119.0216806977987 2.440271370112896 1.622990623116493 0 0 0 2.119880601763725 2.649494618177414 170.4035029858351 4.608281001448631 3.359329417347908 1.887533016502857 3.208029568195343 0.538657546043396 0.5312581062316895 0
