855.5293789729476 0.09077452123165131 44.19221394509077 1.338267080485821 0.1418503820896149 6.895272821187973 2421.721641913056 516.1046400889754 3.360235005617142 17.24897051602602 4.73056073486805 1.097737543284893 0.421822115778923 4291.565545059741 0 0.1661733537912369 149.4366730675101 2.533054105937481 26.31569974124432 5.043407335877419 22.40489541739225 3.3943065777421 60.86198325455189 11.9301363453269 0.1014531925320625 40.03840283304453 4.898922123014927 16.77661466598511 3918.244954451919 1426.740862734616 0 3.612986706197262 82.51998417824507 163.7923903763294 5.517325773835182 55.19234023988247 2.228341810405254 104.6912428736687 34.79012271761894 6.110380940139294 5.096487157046795 0.2092718780040741 2.257601343095303 0.09649976342916489 0.2956865131855011 0 0 0 0 0.8810284957289696 0 0.4660984575748444 0 0 1.110367894172668 0 0 0 0.9865664839744568 0 0 0 0 2.710980318486691 0.8524375557899475 0.1398302763700485 2.529995054006577 0 0 0.3425509333610535 1.378422595560551 0 0.2866544350981712 0 0 0 0 0 0.5472787395119667 0 0.3665420189499855 0 0.6734899878501892 0 0.3440362215042114 0
0.09077452123165131 88.28749679028988 26.106709882617 0 0.1321342587471008 0 0.735166534781456 0.4129613861441612 393.8151046186686 0 94.32542907446623 1.430822052061558 723.1738999187946 0.6717982068657875 4.430475130677223 126.1541751548648 18.5356096252799 4.372732020914555 5.007563926279545 0 5.128835372626781 1704.609111830592 3.724136836826801 396.3313533812761 1618.666544429958 189.0818367004395 7817.028975397348 22.65837170183659 1.448758713901043 1.791323594748974 42.9610848352313 0 0.5640550628304482 5.536463804543018 0.1219512596726418 12.42170061171055 49.61791726201773 23.51565062999725 2.959458664059639 5.031892210245132 0.9562757387757301 116.1624003648758 0 0 191.8409253358841 50.08731043338776 0 0 0 0.2606732845306396 0 8.810666784644127 0 0.7438603788614273 0.09908151626586914 11.78835842758417 0.3331218734383583 0 0.9363193139433861 1.852634690701962 2.110893048346043 8.079879522323608 0 0.1697830632328987 60.8635414019227 0.6103959977626801 14.70398739725351 9.68737930804491 68.08871611207724 674.1506174951792 0.2353697642683983 0.3143537938594818 0.2014661580324173 0.8015283048152924 0 0 0.3912448287010193 0 1.964706167578697 4.169362179934978 3.485441468656063 0.8628857284784317 0.2731805443763733 0 2.479376688599586 0
44.19221394509077 26.106709882617 4858.179364778101 4.800170853734016 0 136.2247005067766 1301.44274944067 753.4673403054476 0.8371114879846573 73.52100646495819 42.03181641921401 2.995469741523266 1.034370854496956 427.7414599955082 0.09566004574298859 7.242833279073238 8690.424972288311 31.95361107587814 158.4763497337699 2.813214093446732 1006.99031715095 67.53840160369873 10277.80456407368 10.69541856646538 0.3057488575577736 4309.188843481243 4470.348056063056 109.2834797278047 76.52906176447868 181.1563200578094 0.7482993900775909 4.806032914668322 8.998591996729374 1844.866396017373 83.8526506870985 2158.038905344903 2968.924976713955 3693.602832339704 758.3150357753038 86.50974451750517 4.677501253783703 5.016255356371403 8.405278868973255 0.2581956312060356 182.3448209315538 297.9496736228466 0 0 0.3563854917883873 2.299006536602974 0.1152740940451622 0 0 0 0 0 0.6696034893393517 0 11.21125799417496 9.854927472770214 0 1.735929287970066 0 5.156653508543968 173.183254852891 15.08029194921255 9.192894734442234 0.24728062748909 27.75448834896088 1001.339686781168 3.140726245939732 0.8487275764346123 4.356630690395832 0 0.183153510093689 0 2.182362444698811 10.41982823610306 11.23888603597879 7.281447649002075 9.257500477135181 4.153922289609909 1.344176024198532 0 0 0
1.338267080485821 0 4.800170853734016 1361.402441583574 1.708584830164909 469.2151051051915 473.3367058485746 79.52462875843048 669.1438918411732 4452.942441791296 1.47752745449543 384.2542431056499 0.934790164232254 69.47220408543944 20.78285615891218 4.866221845149994 0.3344867452979088 0.6645227000117302 0.9817244708538055 2007.892596893013 0.4783358499407768 0.9965878129005432 2.159787952899933 1739.219495326281 0 1.471889227628708 1.88496520370245 2340.92806982249 108.8527086153626 0.423498623073101 0 6.155316948890686 2.362930409610271 18.86512308567762 12.77116680145264 254.8088478147984 4.960626512765884 118.8565105497837 38.27398050576448 82.63670659810305 21.19326151907444 1.580132305622101 6.990082010626793 0.7325237095355988 0.08866586536169052 0 99.02429102361202 0 10.91468255221844 87.58446796238422 5.669215254485607 52.06572729349136 19.05604115128517 0.4839140921831131 126.608015075326 0 7.175755254924297 14.77291648089886 4.272928357124329 0 0 0 42.17160715162754 3.976380333304405 0.4290713965892792 0.7878646105527878 238.9769960343838 0 0.3289361447095871 0.6093277633190155 193.6325428411365 6.307255536317825 9.178136110305786 0 0.185844250023365 0.4766708016395569 0.8546513319015503 1.478166431188583 45.35385485738516 0 9.649263277649879 4.266741491854191 163.3482577428222 1.594005107879639 0 0
0.1418503820896149 0.1321342587471008 0 1.708584830164909 5.154860973358154 259.5962403416634 1.914646960794926 199.3794798180461 101.3386509269476 1.37191666662693 31.49003401398659 98.57318598777056 1.343968078494072 130.5129601955414 636.765377342701 0 0 3.810120359063148 0.3033046424388885 2.769142493605614 0.1639087796211243 2.330637745559216 0 16.5618294775486 0.4374545514583588 1.478999719023705 0.6460736691951752 4.783788777887821 139.0050260946155 1.087455749511719 0.2116107791662216 173.2290219664574 0 215.2722527161241 1.478084772825241 19.38344282656908 9.450831145048141 290.5115853324533 36.91378048062325 1574.534666754305 165.853974044323 1.81603929400444 0 0 0 0 0 0 0.2442468851804733 1.169798254966736 0 1.691727519035339 0 0 1.678528904914856 0 0 0.1272546648979187 0.3272834345698357 0 0 0 0.6356344670057297 0.3354845941066742 0.1749752014875412 0 1.682154253125191 0 0 0 1.394760385155678 0 0 0 0 0 0 0 1.0746179074049 0 0.6028503775596619 0 3.474511861801147 0.1253703236579895 0 0
6.895272821187973 0 136.2247005067766 469.2151051051915 259.5962403416634 10680.69495979697 3799.915272723883 3265.261120729148 80.97912596911192 4940.307184491307 116.3872268311679 5630.7931394279 7.989666905254126 953.0979285016656 783.1291123479605 1.096960306167603 42.24900943785906 24.73283615708351 35.59270237386227 753.6713424287736 6.701229475438595 1.032490082085133 75.9560257345438 302.1170336231589 0.4092349037528038 50.56842681393027 16.24823192507029 1549.235626503825 603.6648743934929 20.88925584405661 1.51324401050806 681.3371941819787 1.850710198283195 421.3131063655019 8.715110808610916 271.2029731348157 38.63128185272217 541.6092129908502 86.61635255813599 1214.676745787263 299.8992492556572 7.290926299989223 5.267111666500568 0.3656516596674919 0 1.461355999112129 12.92297148704529 0 1.425308622419834 15.75972079485655 1.309733554720879 10.56217884272337 3.743716008961201 0 27.46074215322733 0.09796688705682755 1.2389817237854 4.387760877609253 2.934911459684372 0 0 0 8.31765852868557 1.234936743974686 0.9242583066225052 0 50.35667322576046 0.1083487197756767 0 1.250158004462719 42.08678332716227 0.7942368686199188 3.672861993312836 0.08836496621370316 0 0.1819278448820114 0.1238133534789085 0 21.47426384687424 0.1789243817329407 2.905079200863838 0.7113500609993935 37.54928483814001 0 0.6903915256261826 0
2421.721641913056 0.735166534781456 1301.44274944067 473.3367058485746 1.914646960794926 3799.915272723883 4781.103471413255 5434.226322323084 256.0528827905655 6484.20366345346 19.26051729917526 122.3756442144513 3.69140737503767 5914.240845434368 7.065289296209812 28.38885430246592 437.9484040439129 11.88374814391136 40.86586121469736 88.89884525537491 581.9515650570393 24.68025400489569 2487.657678164542 2206.822638653219 0.2886127755045891 125.9600125551224 270.4540439397097 19205.95913204551 1631.601592395455 4068.960428021848 0.4081335216760635 48.22745197638869 80.27109982073307 315.2698732614517 82.63262851536274 1829.132215514779 85.49292039871216 1028.134312544018 497.2861262708902 340.467499576509 114.4079874157906 2.561023555696011 28.43453491479158 5.332177117466927 0.1074105352163315 4.01959328353405 53.20509722083807 1.001568794250488 4.335442282259464 149.9426835104823 11.80537963658571 61.87586814165115 11.98114540427923 0.8729422613978386 38.22595445811749 0 13.05475754290819 4.161567404866219 17.77740899473429 0.07542584091424942 0.8089735433459282 0.09589309990406036 26.59257122129202 15.68825942277908 9.650233089923859 1.842596799135208 380.4162777587771 0 0.3597807437181473 15.51468694955111 278.4756663516164 13.82728046923876 25.9314581900835 0.1039233505725861 0.6155928075313568 0.6470311880111694 4.797452248632908 3.787313275039196 69.70089080929756 0.7875796258449554 25.26763361692429 5.824119716882706 95.90109217911959 2.651647083461285 0.2997285425662994 0.6916331723332405
516.1046400889754 0.4129613861441612 753.4673403054476 79.52462875843048 199.3794798180461 3265.261120729148 5434.226322323084 8305.689835209399 28.41072733700275 2551.35434634611 141.8619856834412 793.620922524482 6.692143760621548 7388.66076830402 53.63939003646374 1.252251744270325 741.5824367366731 48.60747036337852 254.6846726797521 422.6727224290371 49.81760841608047 14.36859448999166 534.9256293997169 134.3917102478445 0.1103169247508049 402.3324251435697 62.54268582910299 393.2482272200286 465.0683880113065 729.994950093329 1.690638989210129 203.422998663038 3.767414920032024 632.3987024277449 7.20830487459898 140.4377154409885 47.91415675729513 508.5535114817321 146.9235354959965 438.7326986044645 12.79024373739958 2.055145934224129 2.593198284506798 1.279351882636547 0 1.080320999026299 1.769180908799171 0 0.3997566252946854 8.610596209764481 1.431175574660301 2.650545910000801 0.6636824607849121 0 0.9276731610298157 0 1.396932825446129 0.1310223042964935 4.757329516112804 0.1086522042751312 0 0 1.022328816354275 6.816796109080315 3.812660552561283 0.4673676639795303 24.92949320375919 0 0.3077545613050461 5.210960075259209 14.6491821706295 1.346979051828384 4.299869202077389 0.09676048159599304 0 0.6692627519369125 0.08548545837402344 0.2689812183380127 8.647106602787971 0.1077831462025642 1.551527373492718 1.432143174111843 4.586604095995426 0 0 0
3.360235005617142 393.8151046186686 0.8371114879846573 669.1438918411732 101.3386509269476 80.97912596911192 256.0528827905655 28.41072733700275 728.2970779240131 118.466521948576 25.05234052240849 1162.825328826904 114.181616216898 70.98040003329515 1329.01904605329 14.84245516359806 1.284164860844612 0.6791687905788422 1.727367289364338 915.2126666754484 0.7157056033611298 3102.282845497131 1.182278171181679 6648.95397054404 284.5140821412206 9.640274345874786 189.0598605722189 1059.148491244763 117.9812512397766 46.85096721351147 9.381991378962994 10.34474669396877 14.67168666422367 42.48687586188316 18.92736551165581 454.6260046139359 13.32205361127853 172.9322749003768 74.55796694010496 778.6949040517211 43.48320243507624 4.225848078727722 14.34957601130009 5.350864179432392 1.318319275975227 0.7843607217073441 189.1595003828406 0.8520227000117302 17.41652972996235 140.4824177920818 11.05787011235952 267.6742443442345 44.70174007862806 1.219251170754433 259.791003473103 1.840322993695736 22.92457918077707 58.85972233116627 51.75579065829515 0.4319625496864319 0.3097219690680504 0.5095608681440353 127.0452765002847 46.48593983054161 87.65437816083431 5.084338136017323 947.2862062752247 0.8878791779279709 0.9456740617752075 4.423305027186871 395.9151152223349 20.26925154030323 43.45003379881382 0.3172769397497177 0.4602841138839722 0.8281121850013733 5.341599345207214 0.9097983539104462 78.65838152170181 1.117125786840916 18.17559126764536 8.42461846023798 245.0261111110449 2.101425364613533 0.4053850173950195 1.046866327524185
17.24897051602602 0 73.52100646495819 4452.942441791296 1.37191666662693 4940.307184491307 6484.20366345346 2551.35434634611 118.466521948576 32190.07875953615 25.61861775815487 7308.925965003669 2.045742847025394 1139.1420686692 5.490634374320507 1.038927905261517 5.770712487399578 9.483335413038731 16.97953605651855 9349.93082729727 8.677839688956738 0.5803408101201057 43.95091596245766 478.4343339242041 0 13.2053524106741 22.33324129134417 6308.865183107555 589.4219409450889 5.546187698841095 0.4390246570110321 50.8493432328105 3.995039619505405 118.36702683568 14.79767061769962 497.0100429579616 31.70684669911861 527.9417484179139 131.0936011597514 190.8492900840938 54.90875296294689 2.108507700264454 21.70033907145262 0.3734190762042999 0 0 69.43964268267155 0 1.716427825391293 46.95152854174376 4.685631342232227 14.12362761050463 10.62225293368101 1.545491397380829 34.6578808799386 0 4.046868838369846 5.362551860511303 2.545971356332302 0 0 0 20.22860500961542 2.817911565303802 0.3188811540603638 0 109.2540430799127 0 0 1.001032292842865 89.59846553951502 3.081326775252819 5.791693076491356 0 0.3873091191053391 0.2336483299732208 2.660144053399563 0.8433032035827637 15.96159794181585 0.3658099770545959 2.915579929947853 1.557340025901794 48.62788064032793 0.4795962870121002 0.1247992590069771 0
4.73056073486805 94.32542907446623 42.03181641921401 1.47752745449543 31.49003401398659 116.3872268311679 19.26051729917526 141.8619856834412 25.05234052240849 25.61861775815487 6011.451719015837 65.74663647264242 1144.605409488082 203.9955929592252 0.9404266551136971 9.97041492164135 270.6277886852622 2585.873319253325 1980.393386092037 20.84153498709202 16.92712833732367 84.55740769207478 49.81467749923468 33.17792887985706 885.7479616776109 1361.051982782781 607.215726532042 9.853202350437641 243.8329286053777 9.224415376782417 298.9722381979227 380.03028434515 6.880306698381901 7127.59357187897 7.373342230916023 486.3567368686199 4038.232692189515 6317.899134270847 889.8190119490027 255.8738243207335 205.2052876502275 946.251935981214 7.715997204184532 0 7.761499300599098 0.2645168304443359 0.2051800042390823 0 0 0.7360007762908936 0.1759883835911751 0.8966503143310547 0.2269990891218185 296.4831612706184 0.1207804158329964 1883.788189850748 0.8353730365633965 0 0.1162020266056061 0.1526665240526199 11.65198727697134 1.33541464805603 0 0.08663865178823471 0.5762949958443642 0 2.243745729327202 81.79744777828455 246.7722250148654 320.4280409812927 2.044507175683975 0.5785891711711884 0.5391796082258224 311.3638557940722 0 0 5.272139996290207 10.30237156152725 6.836964830756187 409.9805676192045 24.59518434107304 1.533944018185139 1.079871580004692 2.038544267416 287.0265786498785 0
1.097737543284893 1.430822052061558 2.995469741523266 384.2542431056499 98.57318598777056 5630.7931394279 122.3756442144513 793.620922524482 1162.825328826904 7308.925965003669 65.74663647264242 7026.771874304861 6.601480327546597 1011.121788408607 770.6215931773186 0 3.264795005321503 27.32725480943918 30.84610493481159 4907.889139983803 0.4604528024792671 35.22001752257347 1.80980321764946 889.5959815531969 1.765816144645214 19.80055940151215 4.640225000679493 283.240272577852 460.9044780060649 1.448067873716354 1.291548140347004 170.72362646088 0.9784443229436874 152.2405402883887 3.758582048118114 827.8592119887471 27.92938919365406 644.4895738065243 85.74602517485619 1494.325432706624 70.20583143085241 3.230890400707722 19.84585434943438 0.4129271805286407 0.1415354907512665 0.964686393737793 53.96893269568682 0 4.530609324574471 48.97390916198492 3.600872695446014 49.98522870987654 15.48718820512295 0 169.9319509491324 0 5.753319539129734 30.45821709185839 6.928659304976463 0 0 0 51.53397875279188 6.268156997859478 2.043658435344696 0 167.4720071479678 0 0 0.2782975435256958 119.194390386343 4.132534235715866 4.492631390690804 0 0 0 2.98353698849678 0 97.73916232585907 0 5.827755801379681 1.197226256132126 266.833594404161 0.3979558944702148 3.70847225189209 0.6785222887992859
0.421822115778923 723.1738999187946 1.034370854496956 0.934790164232254 1.343968078494072 7.989666905254126 3.69140737503767 6.692143760621548 114.181616216898 2.045742847025394 1144.605409488082 6.601480327546597 1023.016379363835 7.260469533503056 1.874087557196617 51.11622957885265 1.356240496039391 46.59366415441036 6.616100206971169 2.88796578347683 8.656259477138519 382.43192178756 15.84541016072035 115.9699224531651 3474.255557015538 244.2806638404727 3798.689294435084 11.34745460003614 5.354021191596985 1.898967631161213 1383.16175083071 17.04950498789549 1.195277526974678 317.7048612162471 12.72148559987545 1613.355490230024 2365.771246634424 1741.024456828833 457.2281671091914 216.7106745094061 443.6465550363064 466.1631896346807 50.86632529646158 0 13.39448165148497 2.416521444916725 0 0 0 0.538398802280426 0.07749355584383011 0.3418080285191536 0 396.3508441373706 0.1638619750738144 2719.052664361894 0.2017418891191483 1.23721969127655 1.316512040793896 0.1621778756380081 30.80491690337658 1.763675905764103 0 1.166390337049961 4.76406529545784 0.2596111297607422 2.421184666454792 218.0315451622009 453.7060979232192 581.2220619991422 0.7150450274348259 0.2586925029754639 0.7426308393478394 405.2175914645195 0.2555902525782585 0 6.721504852175713 19.84509146213531 506.8270476162434 500.7367498800159 50.81242829561234 2.204243175685406 14.2310029193759 6.913468778133392 437.2868330776691 0
4291.565545059741 0.6717982068657875 427.7414599955082 69.47220408543944 130.5129601955414 953.0979285016656 5914.240845434368 7388.66076830402 70.98040003329515 1139.1420686692 203.9955929592252 1011.121788408607 7.260469533503056 6304.837574467063 25.013009801507 0.9419132694602013 756.5983298644423 68.66766231507063 256.8671085573733 572.4439627081156 59.87870941311121 21.14839395135641 384.3379182033241 214.7498787492514 0.4223531112074852 319.0287915468216 43.59449188411236 372.8641158118844 4152.645924031734 1566.178604185581 1.283291339874268 384.6947622932494 33.15146904438734 1219.112570859492 7.167238958179951 213.9460905045271 46.31873246282339 662.7682765312493 88.58477582037449 531.6514305211604 28.60773961991072 2.82525023072958 3.719947747886181 1.523688144981861 0.127493292093277 0.7781856805086136 1.245462417602539 0 0.6050072461366653 20.44435738772154 1.561963342130184 8.126133888959885 0.392795518040657 0.1052775308489799 0.640680193901062 0 2.912734411656857 0.3133558109402657 16.91465236991644 0.2048348039388657 0 0.09696184098720551 2.071077808737755 15.89449099451303 6.790446743369102 2.346284151077271 69.16229645162821 0 0.4145677611231804 2.293300598859787 42.20479924231768 6.441160880029202 10.80934563279152 0 0.09350354969501495 1.758389130234718 1.769578948616982 0.5444038286805153 21.54643280059099 0 5.81655977666378 1.569672614336014 12.20855175703764 1.455843016505241 0 0.2810017764568329
0 4.430475130677223 0.09566004574298859 20.78285615891218 636.765377342701 783.1291123479605 7.065289296209812 53.63939003646374 1329.01904605329 5.490634374320507 0.9404266551136971 770.6215931773186 1.874087557196617 25.013009801507 180.7248415276408 0.8596678078174591 0.08137360960245132 0.08761091530323029 0 33.63625521212816 0 85.90630041062832 0 467.4349528253078 4.654384844005108 0.5243863090872765 3.921382814645767 37.2281066775322 37.89733484387398 0 0.1367468237876892 208.7160480543971 0 16.93084663897753 0 361.1203771531582 1.403166599571705 2.87025623768568 0.2849649041891098 859.5887076929212 27.2768862247467 0 0 0.281375877559185 0 0 9.954607978463173 0 1.463832154870033 10.22258231043816 0.6122715994715691 22.18076506257057 2.892888270318508 0.1923617348074913 54.81843800097704 0 1.626761958003044 7.602652996778488 5.724882401525974 0 0 0 8.723035305738449 4.268809571862221 6.79559314250946 0 37.20276388525963 0 0 0 28.16827311366796 0.5832521393895149 3.212049342691898 0 0.1596329659223557 0.2022981345653534 0.1616627722978592 0 43.32760343700647 0.3160725086927414 0.8490594327449799 1.398292779922485 90.98367914557457 0 0.3065206110477448 0.4928895235061646
0.1661733537912369 126.1541751548648 7.242833279073238 4.866221845149994 0 1.096960306167603 28.38885430246592 1.252251744270325 14.84245516359806 1.038927905261517 9.97041492164135 0 51.11622957885265 0.9419132694602013 0.8596678078174591 2917.32093411684 11.19506884366274 0.1943887621164322 1.099097348749638 0.3278192579746246 1817.112191647291 3829.901369348168 5098.485017552972 2005.362113453448 101.1744996681809 6.038702592253685 3622.076622650027 1709.019987478852 14.76313295960426 154.310026049614 5.134634897112846 0 10.32248335331678 54.56082756072283 49.98270660638809 1233.051767095923 428.5362242460251 219.3392058610916 341.0336438268423 53.75564797967672 9.251080051064491 4.505211383104324 10.22438193112612 11.14823081344366 2.11704333871603 30.28856116533279 0.8321516960859299 0 0.09703757613897324 18.2391212657094 4.782096587121487 10.49766413122416 1.008221879601479 0.1938017457723618 0.6039197891950607 0.3346715942025185 14.0200686827302 0.6316264271736145 1856.196727439761 2.48216637223959 0.06857158243656158 0.409513808786869 0 429.0076415836811 1246.479507118464 475.9724023863673 127.6691298484802 0 1.193962574005127 315.0740214139223 73.75202786922455 24.9899550974369 176.517290070653 0.1171689257025719 0 2.036059089004993 10.52447650581598 6.394009932875633 423.7152524068952 5.13484401255846 17.69625493884087 10.4048879519105 15.46719827502966 1.22524581104517 7.619531765580177 0.1339019536972046
149.4366730675101 18.5356096252799 8690.424972288311 0.3344867452979088 0 42.24900943785906 437.9484040439129 741.5824367366731 1.284164860844612 5.770712487399578 270.6277886852622 3.264795005321503 1.356240496039391 756.5983298644423 0.08137360960245132 11.19506884366274 1557.379868172109 188.8676756843925 1465.632226258516 0.7442483454942703 531.057629160583 4.018706075847149 3349.187672711909 11.57185436040163 0.1310060322284698 1602.611508287489 5548.473732069135 35.50154098123312 373.9238407164812 1286.332791917026 0.4902236610651016 3.636572752147913 28.111412987113 1888.154026567936 7.639375604689121 258.6003190949559 1442.626212634146 1224.107029143721 220.2214905917645 9.832902602851391 2.383350014686584 2.969061076641083 0.8275637328624725 0.124616339802742 108.4188580140471 27.4910708591342 0 0 0 0.7826607152819633 0.1134742572903633 0.2011370956897736 0 0 0 0.2757195830345154 0.6018587350845337 0 2.019297271966934 9.31568581610918 0.1904896944761276 16.54717604070902 0 0.4247900024056435 3.593576855957508 1.134230852127075 4.483877085149288 0.413016751408577 131.5823186710477 375.4478854909539 0.8405461758375168 0.2500349879264832 1.260641612112522 0 0 0.1054878011345863 0.2249497845768929 0.6280474066734314 4.481605999171734 11.31445548683405 6.043847478926182 0.1431188881397247 0 0 0.1360441893339157 0
2.533054105937481 4.372732020914555 31.95361107587814 0.6645227000117302 3.810120359063148 24.73283615708351 11.88374814391136 48.60747036337852 0.6791687905788422 9.483335413038731 2585.873319253325 27.32725480943918 46.59366415441036 68.66766231507063 0.08761091530323029 0.1943887621164322 188.8676756843925 56.1957833096385 1249.372895538807 9.929697625339031 5.8436229377985 1.414868652820587 36.16249149292707 3.333637803792953 19.29222949594259 1325.541499208659 466.2048504948616 3.359131142497063 60.06137027963996 7.590277969837189 89.66439342498779 67.10252683609724 0.7526821717619896 1180.897523745894 6.369105227291584 476.0358859598637 1161.691389523447 1946.600103311241 525.2834634482861 70.78058526664972 16.71988151967525 15.41436062753201 1.922875791788101 0 4.286281332373619 0.7327829524874687 0 0 0 0 0.1027735322713852 0.2362948507070541 0 11.68613488972187 0.2837097346782684 44.79626299440861 0 0 0 0 15.1966896802187 8.222082182765007 0 0.1759398803114891 0.8263427689671516 0 1.627130895853043 12.88824839890003 145.7788681313396 287.0187586024404 0.9183720201253891 0 0.6836660727858543 46.98004295676947 0 0 0.09998138248920441 3.444757558405399 7.705392330884933 50.53929674625397 2.014482729136944 0.7402792423963547 0.9197743013501167 0.1130834966897964 0.6778922379016876 0
26.31569974124432 5.007563926279545 158.4763497337699 0.9817244708538055 0.3033046424388885 35.59270237386227 40.86586121469736 254.6846726797521 1.727367289364338 16.97953605651855 1980.393386092037 30.84610493481159 6.616100206971169 256.8671085573733 0 1.099097348749638 1465.632226258516 1249.372895538807 2487.438295777887 11.24878274649382 56.65507435798645 0.5725948289036751 282.1629603803158 5.298053979873657 3.386089690029621 1678.433817021549 376.5267937779427 8.739573240280151 216.4005742743611 49.10479766130447 3.564221449196339 26.64109074324369 12.00878692418337 3534.258726626635 9.426426582038403 866.2972395718098 1223.293439790606 3736.651461169124 837.2228870913386 45.89891687035561 2.85948234051466 6.031729817390442 1.467809855937958 0 19.39427340775728 1.097823679447174 0 0 0 0.5747886598110199 0 0.6407376080751419 0 0.3654932826757431 0 3.739204950630665 0.300160638988018 0 0.1791282519698143 2.932094633579254 3.875525206327438 13.5837466865778 0 0.382268525660038 1.439997419714928 0 3.306315064430237 6.403592020273209 85.48058675229549 223.8495574444532 1.226722590625286 0 0.3516823053359985 3.845532789826393 0 0 0.2421413511037827 1.648216709494591 5.112933367490768 14.10884625464678 1.456106439232826 0.3955821692943573 0.1196796596050262 0 0 0
5.043407335877419 0 2.813214093446732 2007.892596893013 2.769142493605614 753.6713424287736 88.89884525537491 422.6727224290371 915.2126666754484 9349.93082729727 20.84153498709202 4907.889139983803 2.88796578347683 572.4439627081156 33.63625521212816 0.3278192579746246 0.7442483454942703 9.929697625339031 11.24878274649382 1031.424896351993 0.5813066884875298 3.040418595075607 2.190871238708496 1593.102748051286 0 8.090856038033962 2.317151419818401 1922.966344341636 526.7026820480824 3.514818333089352 0.337705634534359 48.50295441225171 2.607484459877014 114.5258894190192 24.44224809110165 902.2580421417952 28.90723765641451 606.0767890885472 159.6038785725832 492.3214716091752 92.76825175434351 3.371191158890724 41.7856128141284 4.911552757024765 0 1.143703393638134 144.9845947474241 0.3173428475856781 11.63391019403934 146.1711364462972 7.676882795989513 73.3183840289712 25.57554790377617 2.297771528363228 188.9656838998199 0 16.1036149263382 25.34156285971403 9.94815719127655 0.1028979048132896 0 0 62.69492797553539 12.70722173154354 0.1384395360946655 1.403499960899353 372.5359492599964 0 0 0.6772537380456924 299.8455611094832 12.86048137396574 28.01506838947535 0 0.1947470977902412 0.4274266064167023 5.105951391160488 1.140754088759422 80.91940880566835 1.734330341219902 14.17262703180313 6.552098952233791 229.4648596122861 3.08135649561882 0 1.162515059113503
22.40489541739225 5.128835372626781 1006.99031715095 0.4783358499407768 0.1639087796211243 6.701229475438595 581.9515650570393 49.81760841608047 0.7157056033611298 8.677839688956738 16.92712833732367 0.4604528024792671 8.656259477138519 59.87870941311121 0 1817.112191647291 531.057629160583 5.8436229377985 56.65507435798645 0.5813066884875298 7922.627009056509 168.204264588654 11370.7110613808 377.2885653749108 4.486837089061737 86.63544854521751 764.3851853236556 1936.331472173333 111.0085806399584 6152.628842525184 0.09847672283649445 1.08362191170454 33.31351044774055 2951.605306580663 374.4480142295361 5024.2358051911 635.7720616906881 3672.224656544626 3370.531374126673 280.2683021575212 40.51191256940365 7.650200560688972 62.91416285932064 2.392722643911839 0 7.627109192311764 0 0 0 7.550068326294422 4.296118289232254 0.7948991060256958 1.769990205764771 0.3684043660759926 0.405940055847168 0.1333357393741608 7.192816108465195 0 267.4782442599535 0.4724757224321365 0 0.1062042191624641 0 182.3661537840962 141.3384445756674 50.74510302394629 45.94519126415253 0 1.209352657198906 34.03074925392866 24.62697231024504 12.57439067959785 84.29748703539371 0 0.1866823434829712 1.910934381186962 4.435877308249474 21.96261072158813 46.34949150681496 0.9117147549986839 6.461803488433361 3.065523646771908 6.560122400522232 0.4599705040454865 1.611794620752335 0.1154129058122635
3.3943065777421 1704.609111830592 67.53840160369873 0.9965878129005432 2.330637745559216 1.032490082085133 24.68025400489569 14.36859448999166 3102.282845497131 0.5803408101201057 84.55740769207478 35.22001752257347 382.43192178756 21.14839395135641 85.90630041062832 3829.901369348168 4.018706075847149 1.414868652820587 0.5725948289036751 3.040418595075607 168.204264588654 1313.136230431497 567.5429460182786 5819.567732781172 1340.912685789168 25.87528205662966 7488.484512239695 662.8478986918926 57.29674929380417 99.30560414493084 25.30984529852867 1.962130919098854 9.74792468547821 19.99289546906948 11.70148149877787 239.8964426890016 37.90291721373796 57.12333909422159 28.80308716744184 114.8192916810513 5.381461896002293 10.97545958310366 1.951632976531982 13.54597223550081 21.31572051346302 59.55373527109623 3.660542160272598 0 0.4774689823389053 67.04350034147501 8.297586023807526 23.94183928519487 2.73221942782402 1.799189932644367 3.928614713251591 4.469142407178879 18.63396129012108 1.376227885484695 980.7281110808253 1.540828973054886 0.09351339936256409 0.9696692153811455 3.055330261588097 217.5294417217374 335.1022493168712 220.3870337679982 420.892531581223 0.7738901376724243 6.879081130027771 606.8159434050322 117.9196782931685 37.54982145130634 121.3772748038173 1.388965331017971 0.1325714141130447 2.337184190750122 9.764402687549591 2.568306215107441 98.21335352957249 2.673637367784977 26.77299476414919 13.64419315755367 37.86315219849348 4.80267670750618 0.6216622442007065 0.2735085487365723
60.86198325455189 3.724136836826801 10277.80456407368 2.159787952899933 0 75.9560257345438 2487.657678164542 534.9256293997169 1.182278171181679 43.95091596245766 49.81467749923468 1.80980321764946 15.84541016072035 384.3379182033241 0 5098.485017552972 3349.187672711909 36.16249149292707 282.1629603803158 2.190871238708496 11370.7110613808 567.5429460182786 10166.7638091892 165.5530748814344 3.823731474578381 1553.013845607638 6362.651075236499 2038.277426786721 128.8726847916842 2688.656815059483 0.4937939941883087 3.665019936859608 24.76711641252041 3415.041639752686 473.1023318916559 9284.613749146461 5435.55820517987 6920.826326467097 6370.177279062569 540.6609306260943 74.54737877845764 18.78075063228607 83.7806560844183 2.190111257135868 3.383435592055321 128.5939710587263 0 0 0 3.348575182259083 0.4469286501407623 1.506247833371162 1.406693696975708 0 0 0 1.143816590309143 0 1132.101452991366 0.5952761396765709 0 0 0 85.23246076703072 839.0237466171384 277.0537549555302 23.55202635377645 0.1072043403983116 2.150767952203751 814.3240050598979 12.90590749680996 4.072125256061554 36.99492888152599 0 0 0.3399631083011627 2.341036215424538 39.31532453000546 217.2202366888523 2.717796415090561 7.164307065308094 5.098660342395306 3.345860302448273 0.2395506203174591 1.077128529548645 0
11.9301363453269 396.3313533812761 10.69541856646538 1739.219495326281 16.5618294775486 302.1170336231589 2206.822638653219 134.3917102478445 6648.95397054404 478.4343339242041 33.17792887985706 889.5959815531969 115.9699224531651 214.7498787492514 467.4349528253078 2005.362113453448 11.57185436040163 3.333637803792953 5.298053979873657 1593.102748051286 377.2885653749108 5819.567732781172 165.5530748814344 8565.61277603358 318.4204940199852 15.92395462840796 1892.589981101453 7575.853782262653 621.8016508743167 509.8175731226802 10.32054052501917 22.11603017151356 156.9261389449239 188.099596478045 104.2521463185549 1952.121160238981 107.0792028456926 649.3244002759457 353.1809906810522 719.0657095834613 104.5462984293699 3.683505557477474 38.037014760077 32.3176122829318 2.474885508418083 15.42930287122726 235.589309617877 0.7748397067189217 16.81493934988976 549.2557476013899 60.03993522375822 506.3327134549618 66.67209737747908 8.605545535683632 257.4029672294855 1.91986732929945 92.67854961007833 40.87368693202734 381.9351881891489 2.135837875306606 2.210865147411823 2.428847968578339 135.0820488706231 312.9134919345379 280.9354122057557 44.789012350142 2085.855930231512 1.205471090972424 3.161506429314613 74.37074050307274 1138.904845815152 117.1243507489562 273.1555573791265 0.5712243691086769 1.008475355803967 7.453261651098728 33.23057193309069 14.73792019486427 401.3253820315003 6.771664775907993 123.9055995866656 49.21865017712116 509.053333029151 18.24255521595478 2.6490193977952 2.684262797236443
0.1014531925320625 1618.666544429958 0.3057488575577736 0 0.4374545514583588 0.4092349037528038 0.2886127755045891 0.1103169247508049 284.5140821412206 0 885.7479616776109 1.765816144645214 3474.255557015538 0.4223531112074852 4.654384844005108 101.1744996681809 0.1310060322284698 19.29222949594259 3.386089690029621 0 4.486837089061737 1340.912685789168 3.823731474578381 318.4204940199852 227.4295292720199 437.3406964093447 3235.775837756693 20.83172104507685 2.027471944689751 2.628184348344803 440.6806856021285 0.11575648188591 0.2089553698897362 78.65939286351204 0.5461586117744446 29.80462537705898 62.04085994511843 135.4611391499639 6.334545880556107 13.54444506019354 21.87709347903728 324.1817828267813 14.99473489820957 0 11.37322795391083 0.6438982039690018 0 0.3072014153003693 0 0 0 0.09907473623752594 0 104.7341467812657 0.3170436173677444 651.3684974685311 0 0 0.5265816375613213 0.2299426198005676 5.016533963382244 2.574824146926403 0 0.2568789795041084 0.4404352009296417 0 1.251890316605568 51.8357552215457 84.84596208482981 280.1989013105631 0.1725038662552834 0 0.1360168009996414 68.7536197155714 0 0 2.203495644032955 0 0.4593517109751701 12.52273019403219 19.71697742491961 1.376797772943974 0.1130358651280403 0.1987027823925018 7.503211937844753 0
40.03840283304453 189.0818367004395 4309.188843481243 1.471889227628708 1.478999719023705 50.56842681393027 125.9600125551224 402.3324251435697 9.640274345874786 13.2053524106741 1361.051982782781 19.80055940151215 244.2806638404727 319.0287915468216 0.5243863090872765 6.038702592253685 1602.611508287489 1325.541499208659 1678.433817021549 8.090856038033962 86.63544854521751 25.87528205662966 1553.013845607638 15.92395462840796 437.3406964093447 18139.04104752839 13863.42470032722 8.237788945436478 158.2685825936496 69.07834918051958 700.5825283229351 41.07612660527229 7.629775263369083 1204.405377618968 28.42587435990572 2307.161192148924 7332.481284588575 4490.768432177603 1056.315087668598 79.96335587650537 18.35851899534464 42.04640480130911 5.101050041615963 0.1911513134837151 553.6585820987821 138.4559573158622 0 0 0.3395991772413254 2.529824532568455 0.2131743654608727 3.055186398327351 0 76.9729276150465 0.2176976352930069 397.0668979734182 1.005592927336693 0 1.857734635472298 38.75030423700809 137.9389503672719 252.3060517013073 0.09054194390773773 1.030347779393196 19.22076915204525 2.533025950193405 15.69611188024282 301.5424510315061 1811.441309951246 4907.739412009716 0.7675110921263695 0.4438194036483765 2.479369901120663 307.3322925493121 0.1424073129892349 0 4.337754875421524 5.202954098582268 26.99418450146914 389.6818883344531 30.25276979058981 9.251362942159176 0.5731306970119476 0 6.042916566133499 0
4.898922123014927 7817.028975397348 4470.348056063056 1.88496520370245 0.6460736691951752 16.24823192507029 270.4540439397097 62.54268582910299 189.0598605722189 22.33324129134417 607.215726532042 4.640225000679493 3798.689294435084 43.59449188411236 3.921382814645767 3622.076622650027 5548.473732069135 466.2048504948616 376.5267937779427 2.317151419818401 764.3851853236556 7488.484512239695 6362.651075236499 1892.589981101453 3235.775837756693 13863.42470032722 23562.84737634659 1124.015452481806 55.32082606852055 54.62578008323908 1813.555093295872 3.902430631220341 26.02689942717552 2436.792169734836 145.3870234712958 5329.791511997581 10214.49824015051 6682.967137120664 1685.608649991453 196.0413765311241 13.69872702658176 24.64783089607954 16.47945625334978 1.150760628283024 3753.773437418044 2532.436312220991 0.1538107693195343 0 0.414297953248024 17.24439246952534 3.073591381311417 8.295506931841373 0.07989431172609329 54.05413657426834 0.2262483015656471 358.5227426961064 6.006255954504013 0.1469072550535202 719.2916706874967 130.9070127531886 143.7256717607379 407.376031242311 0 19.92208903282881 2174.297336556017 304.0798374935985 59.87155548483133 989.3402785658836 3165.876739613712 19064.66776462644 12.35770561546087 4.102279298007488 11.73069274425507 253.5304676294327 0 0.5314303487539291 11.04555189609528 13.32853043079376 154.4088208153844 416.5955809280276 148.3613276183605 36.33868253976107 4.891822338104248 0.4966505467891693 7.496068507432938 0
16.77661466598511 22.65837170183659 109.2834797278047 2340.92806982249 4.783788777887821 1549.235626503825 19205.95913204551 393.2482272200286 1059.148491244763 6308.865183107555 9.853202350437641 283.240272577852 11.34745460003614 372.8641158118844 37.2281066775322 1709.019987478852 35.50154098123312 3.359131142497063 8.739573240280151 1922.966344341636 1936.331472173333 662.8478986918926 2038.277426786721 7575.853782262653 20.83172104507685 8.237788945436478 1124.015452481806 11160.25629218668 1046.818520367146 6016.341373667121 1.351595312356949 33.67918442189693 303.5440041571856 608.7590404674411 213.6893106475472 3140.727767683566 236.3442523479462 1248.328654661775 864.5859916955233 335.1914454177022 97.12725299596786 3.548600032925606 47.54092828929424 46.53141708672047 1.348674692213535 17.61078045517206 143.8364927023649 0.2210985720157623 15.29503218829632 405.4931965842843 43.96755255758762 189.5543899983168 50.48807663470507 5.345918349921703 144.7086168080568 0.1175955086946487 102.6861709840596 23.5630552098155 466.6448733583093 3.090544059872627 1.405906021595001 1.409909889101982 68.17797540873289 450.1835721507668 198.6568236872554 53.54938050359488 1369.045891627669 0.409644141793251 2.060580685734749 44.36490379273891 861.9112027287483 129.2570001110435 358.6138294190168 0 0.6488268226385117 10.01460328698158 34.21764820814133 17.4571418017149 381.7629564926028 5.858243428170681 100.0670582652092 41.90477102994919 320.6822646409273 11.14165233075619 4.36998987197876 1.012193560600281
3918.244954451919 1.448758713901043 76.52906176447868 108.8527086153626 139.0050260946155 603.6648743934929 1631.601592395455 465.0683880113065 117.9812512397766 589.4219409450889 243.8329286053777 460.9044780060649 5.354021191596985 4152.645924031734 37.89733484387398 14.76313295960426 373.9238407164812 60.06137027963996 216.4005742743611 526.7026820480824 111.0085806399584 57.29674929380417 128.8726847916842 621.8016508743167 2.027471944689751 158.2685825936496 55.32082606852055 1046.818520367146 11409.44774803147 4390.400396741927 3.647760085761547 375.5821272209287 3101.215664625168 3537.397872313857 23.0787807777524 721.1273004189134 113.8473625928164 1792.950327154249 246.7814025059342 594.3512022420764 61.5125752389431 3.940033830702305 15.11899416148663 2.939213179051876 0 0.9433763772249222 3.801786549389362 0 1.829564146697521 32.94668824970722 3.173029564321041 17.94984923303127 1.057697854936123 0.4524964466691017 4.008490703999996 0.1472000479698181 7.565689757466316 0.1919263377785683 47.97475811839104 0 0.08575081825256348 0.1712791100144386 1.749874919652939 49.79453010857105 19.65510536730289 6.003139764070511 131.9248776100576 0 0.1878137588500977 1.259887620806694 82.98247843980789 14.68023029714823 30.53915403038263 0 0 1.159046277403831 3.086751192808151 4.161986164748669 38.90508997440338 0.3730584681034088 12.38343958556652 3.870358444750309 19.94830999523401 1.42132493108511 1.659026473760605 1.264369778335094
