544.9915624260902 0 257.8727310448885 3.153862401843071 0 7.009146705269814 3481.28256316483 167.3415854461491 3.3639295399189 32.56131845340133 2.040596589446068 3.107721768319607 0 4123.463063813746 0 6.376791298389435 254.0389182381332 2.510534629225731 26.41113135963678 6.351731985807419 298.3508188202977 0.6399009972810745 602.7821454964578 36.20116616785526 0 52.93736629188061 81.97601870447397 153.1764091551304 3713.441404525191 2817.643451742828 0 4.945702776312828 66.23850225657225 138.0590104460716 2.370325572788715 58.8800540342927 4.787107266485691 92.54492229968309 23.02382212132215 4.977498218417168 1.164586819708347 0 0.8962929993867874 0 0 0.2163817062973976 1.345084831118584 0 0.1896081194281578 1.286625191569328 0.3566069602966309 0.9506885185837746 0 0 0 0 0.2878382802009583 0 1.012664295732975 0 0 0 0 0.60951828956604 0.415899932384491 0.184274360537529 8.455924332141876 0 0 1.554648205637932 5.268028028309345 0.3482679650187492 0.444391056895256 0 0 0 0.417940728366375 0 2.656873650848866 0 0.6237929686903954 0.0881408229470253 0.3022681474685669 0.2012508511543274 0.08453479409217834 0
0 651.8152512535453 13.36895224452019 0.4096919074654579 0 0.2816027104854584 2.154538191854954 0.3634853661060333 681.4588985219598 0.3276756182312965 32.8680025935173 0.5855070427060127 327.4816087260842 0.3055387958884239 4.34871069341898 332.3972100168467 32.89932010322809 9.359722793102264 25.99228920787573 0 12.07478357106447 2915.778829142451 26.68085368722677 703.9930803924799 2443.771009974182 383.5537304207683 12394.50559286773 70.64914056658745 2.074576303362846 3.164239168167114 12.24011008441448 0.2180134579539299 0 6.335503362119198 0.8506764322519302 37.07099480181932 48.34550146013498 37.94672530144453 6.466004155576229 5.903210029006004 0 52.87039721012115 0.3177948445081711 0.07621007412672043 42.58006071299314 120.629885211587 0 0 0 0 0 2.041436165571213 0 5.996499933302402 0.6304884552955627 14.65485443919897 0.4302623644471169 0 9.662979766726494 12.10127488523722 4.16898437589407 23.94323940575123 0 0.8099312633275986 9.254489079117775 5.799180582165718 1.449460089206696 27.86921374499798 276.9195303320885 1698.346232175827 1.640394739806652 0 0.6081126406788826 1.334807612001896 0 0.1254297643899918 8.286049783229828 0.3467004895210266 16.30193106085062 9.770294167101383 26.3385962843895 6.981220796704292 0 0 0.8753854483366013 0.4883215427398682
257.8727310448885 13.36895224452019 4465.737737167627 0.1968397721648216 0 2.66579644382 586.6345502845943 371.9832156971097 0.3370087668299675 11.42452567070723 3.094798766076565 1.265129506587982 0.1924586147069931 657.5203798338771 0 6.072470597922802 3343.172826819122 7.137562789022923 148.8495430238545 0.7764935307204723 858.2294874712825 6.44766715914011 9255.397347897291 7.123838670551777 0 4055.119162999094 11147.5666376166 96.12493156641722 156.3915742896497 359.8080955222249 1.017706245183945 2.227361857891083 13.00842508673668 457.1315061226487 20.6643677726388 1893.730760879815 3003.395068280399 970.4300425834954 428.9635838493705 47.50641153007746 4.088199973106384 5.220277957618237 7.67019110172987 0.6006049513816833 55.01556617766619 412.7700064182281 0 0 0 0.2589409053325653 0.3450391218066216 0.3385737985372543 0 1.218714684247971 0 0.07399690896272659 0.3354554772377014 0 17.58156780153513 34.92166978120804 0 14.18600389361382 0 1.977629147469997 28.41297347843647 31.21304675191641 3.828570682555437 0 72.1583051905036 1441.691880650818 2.56287731975317 0.6550475656986237 0.9601723849773407 0.1380173712968826 0 0 5.990573100745678 5.266386404633522 40.13659357279539 7.621670871973038 23.69238559901714 17.19472730904818 0.8347823768854141 0 0 0.677605152130127
3.153862401843071 0.4096919074654579 0.1968397721648216 3059.587113276124 0.7134355753660202 40.35102487355471 203.7667943015695 115.5560499951243 470.1203016415238 5637.925619728863 2.373015649616718 1010.466687738895 3.94827127456665 102.5166449099779 40.02914841473103 0 0.07833895832300186 1.169561393558979 0.6718788966536522 6466.511635400355 0.09087912738323212 0.4130539000034332 0.6530519798398018 3486.062425076962 0 0.927807480096817 0.6341819316148758 6934.15041872859 97.69030825048685 0.8342919498682022 0.1600828543305397 3.442318007349968 2.18121200799942 59.01401621848345 2.004816487431526 145.8712128251791 1.898768834769726 105.1873849928379 6.56322043389082 117.3517938032746 17.7887594923377 0 9.182364329695702 1.411692641675472 0 0 186.1782697066665 0.3117581605911255 13.75666427612305 127.2932813987136 16.60161974281073 85.99020417034626 57.13435040414333 0.4595361053943634 95.45498432964087 0 13.92476858198643 5.478452280163765 0 0 0.3561918288469315 0.4139712825417519 178.5200412347913 0 0.1740512251853943 0 504.9204113855958 0 0.08102177828550339 0.280584529042244 383.3144981712103 13.68869245052338 1.598870135843754 0.09326401352882385 0.8087253868579865 0.5770512372255325 11.2078623175621 0.2666555643081665 66.3116854056716 0.5039360225200653 23.06054781377316 3.664136424660683 120.2623515948653 4.542339503765106 0.7294665947556496 0.8787260353565216
0 0 0 0.7134355753660202 3.606293678283691 292.0971843972802 0.347050741314888 49.17866262793541 25.93981562554836 4.612592779099941 33.39803234487772 64.90135525912046 0.1727327257394791 58.12718989700079 673.8037992417812 0 1.049124509096146 8.777112059295177 12.20781755447388 1.58376781642437 0 0.7046822309494019 0.553441695868969 4.834322810173035 0 4.511051692068577 2.409502774477005 2.501347109675407 2.645361267030239 0 0.1487528830766678 26.1518987044692 0 511.0614578798413 1.648951709270477 11.54999931901693 4.680068418383598 114.4912471026182 6.62702003121376 1487.24426548183 64.73961347341537 7.215488478541374 1.887299090623856 0 0 0 0 0 0 0.2229378074407578 0 0.2187669575214386 0 0 0 0 0 0 0 0 0.2426908612251282 0 0.1597837954759598 0 0 0 0.1742025911808014 0 0.2844955772161484 0 0.4325387477874756 0.1558915078639984 0 0 0 0 0 0 0 0 0 0 0 0 0 0
7.009146705269814 0.2816027104854584 2.66579644382 40.35102487355471 292.0971843972802 9606.044532407075 311.7010097503662 6641.840863369405 89.5330954939127 9785.643138606101 69.29377675056458 3940.470097742975 6.387041747570038 878.093198325485 799.0768244713545 0.1136549338698387 4.157022170722485 39.92424543201923 23.03911279141903 370.9955768026412 3.506550967693329 0.5227212309837341 3.399642564356327 65.5396341457963 0.1821778863668442 28.43436435610056 12.57604020833969 126.3750273399055 419.6865924410522 2.975696355104446 1.844155319035053 1515.856262333691 10.62455014139414 478.372217990458 4.944093592464924 231.4841318167746 9.295442819595337 426.9819481745362 31.24608316272497 2060.601954646409 160.2732370197773 19.98363234102726 19.26315157860518 0 0 0 6.69953116774559 0 0.4542434588074684 8.842507496476173 1.833197370171547 3.29158154129982 2.459752313792706 0.4747580513358116 8.768444582819939 1.045563995838165 1.997647903859615 1.420508727431297 0 0 0.3615085110068321 0.1822391599416733 5.394019767642021 0 0 0 34.83725918829441 0.08622874319553375 1.268601693212986 1.087488755583763 28.20020987465978 1.635041899979115 0 0.2713778093457222 0 0 0.3570450767874718 0.2827826738357544 10.43422734737396 0.3511775135993958 1.095159240067005 0.2556725442409515 8.889719896018505 0 0 0.1199670359492302
3481.28256316483 2.154538191854954 586.6345502845943 203.7667943015695 0.347050741314888 311.7010097503662 16468.12350910529 6098.980080295354 154.9193715825677 11234.4391149953 17.12618473544717 53.74923811480403 0.7307312190532684 10905.47732738033 8.026155337691307 14.49083112180233 147.3161033317447 8.997317392379045 20.96260738372803 93.25295621901751 2818.181713081896 8.649826928973198 705.7779805921018 1894.268661793321 0.7583759501576424 76.70622064173222 86.45635270699859 24585.32195211574 2736.11134179309 5033.404256902635 0.07930487394332886 25.79491707310081 346.7673082873225 985.4219742007554 54.19589427858591 3470.285768192261 39.2874927893281 1727.92767284438 164.5627728030086 633.0305529758334 182.512999035418 2.227096915245056 72.48371893912554 2.782799534499645 0.0937197208404541 0.1269218772649765 31.19425338506699 0 4.911775544285774 104.6850938200951 13.11059577763081 39.37926775962114 16.45760187506676 0.1903893128037453 4.317157253623009 0.2923510298132896 15.4884046241641 0.1276316940784454 7.440937541425228 0.1369667053222656 1.14604651927948 0.2455079108476639 19.09508118778467 2.745085701346397 2.546347893774509 2.722896322607994 315.7899866476655 0 0.5077380985021591 8.240666680037975 214.118907622993 17.1303103864193 6.922258786857128 0 0.4223581776022911 2.478545874357224 11.23139060288668 1.433585740625858 75.17636901885271 1.496084809303284 22.65605190396309 6.641109220683575 26.71446761488914 5.581794366240501 0.4544335231184959 1.010409243404865
167.3415854461491 0.3634853661060333 371.9832156971097 115.5560499951243 49.17866262793541 6641.840863369405 6098.980080295354 12378.30712123215 24.16870509833097 5767.175804201514 195.9603830054402 701.3386686444283 15.83296751230955 6224.209082003683 44.4613763615489 7.760709337890148 137.9608824104071 102.5688945874572 74.0156874768436 412.5468478240073 479.8311583958566 1.131497159600258 285.2068926692009 195.7699818089604 0.9823048338294029 116.0605848580599 119.4347117878497 775.2581248581409 413.4170702397823 342.9906009621918 3.324355900287628 1036.205026406795 20.3810309022665 839.4031707458198 17.60961398482323 527.6312864944339 42.02166650444269 1000.42219215259 91.00067335367203 990.3624228313565 326.0630347579718 79.59810687601566 95.93729738891125 0.5609391704201698 0.255870521068573 0.1767011880874634 11.86499471962452 0 0.8071008697152138 26.9407985880971 4.031880050897598 8.458978407084942 5.697945825755596 1.250558264553547 5.803153663873672 2.007247552275658 2.565607443451881 0.2794650197029114 9.671250216662884 0 0.7454193904995918 0.07303807884454727 6.38063071668148 2.413510270416737 1.222309947013855 1.119539894163609 82.93972513079643 0.2819146141409874 3.135039821267128 5.831334121525288 54.03649964183569 2.870889000594616 1.842413924634457 0.4933001771569252 0 0.2769994810223579 1.928208313882351 0.5025800317525864 19.46066126972437 0.1925092414021492 7.297803565859795 2.716781571507454 4.985949881374836 1.617892146110535 0.7771320790052414 0.5235529690980911
3.3639295399189 681.4588985219598 0.3370087668299675 470.1203016415238 25.93981562554836 89.5330954939127 154.9193715825677 24.16870509833097 1335.778249107301 136.5406014174223 11.89559384435415 617.6596660614014 85.39058066159487 27.60451172292233 689.0150785297155 145.3828801289201 0.5818083435297012 1.247934401035309 1.330500908195972 502.4013126343489 42.37655479460955 3507.793307930231 19.99787829071283 8516.750463813543 428.2370815724134 15.52297895401716 334.7903125062585 1465.558131344616 46.25951585918665 27.39770518988371 1.581462688744068 1.561958432197571 5.448085002601147 27.82619859278202 1.200241431593895 144.2702616453171 3.010022707283497 54.73207882791758 4.61332343518734 381.3970756754279 8.174695633351803 6.17907178401947 4.093781538307667 10.65019904077053 7.067003779113293 1.967794731259346 135.186441577971 0.633314460515976 11.81385581940413 126.5359090641141 16.84724807739258 106.5737538561225 31.89078319817781 1.157302670180798 78.55081282556057 0.9678491726517677 26.37960584461689 7.185795687139034 299.619805008173 0.4928585588932037 0.2454468309879303 0.617642804980278 78.99433479458094 51.24795649200678 50.52625332772732 49.07827930897474 2000.998290657997 1.607520148158073 2.262893751263618 12.88967352360487 713.8261500447989 54.96595425158739 39.04607464373112 0.08998285233974457 0.629985474050045 7.610966511070728 25.29025480896235 0.8014210984110832 177.88003603369 8.753259748220444 52.53201222419739 11.8697842285037 57.84956394135952 6.158741600811481 0.797165535390377 2.996118612587452
32.56131845340133 0.3276756182312965 11.42452567070723 5637.925619728863 4.612592779099941 9785.643138606101 11234.4391149953 5767.175804201514 136.5406014174223 36150.64215522632 34.6364454254508 8404.301882009953 1.59961074590683 2029.933887440711 56.49205139279366 0.779098317027092 5.257127426564693 27.85577864199877 15.79983179271221 8070.58627724275 37.52684418857098 0.3312924653291702 6.780017733573914 611.5955879017711 0.1938324049115181 13.62390792742372 8.998280540108681 5100.640646331012 919.2576049715281 11.50127230584621 0.7269811630249023 81.03937119990587 12.4873132109642 415.0006500929594 4.960494689643383 628.0234063565731 11.82756359130144 615.3858552612364 51.43479460477829 355.5910028368235 74.79692309349775 3.375582285225391 34.94252489507198 0.813849575817585 0.1243375539779663 0 87.79994574934244 0 7.948082365095615 103.0690051242709 14.82632111012936 32.71299390494823 29.71454931795597 0.4017907753586769 44.71753956377506 0.1570586487650871 11.32022286206484 3.658401526510715 0.7254693731665611 0 0.6210687309503555 0.1209263503551483 162.3373893275857 0.2646711468696594 0.2102562710642815 0.3506842702627182 291.4950931072235 0 0.6958339810371399 0.4139571934938431 256.2507323995233 8.835727110505104 1.809256985783577 0.1013742387294769 0.4000274688005447 0.2621787190437317 10.18411603569984 1.03309204429388 57.91613371670246 0.1791354045271873 21.15587333589792 4.110196851193905 49.09582440555096 3.002153337001801 0.7921693995594978 0.6249165460467339
2.040596589446068 32.8680025935173 3.094798766076565 2.373015649616718 33.39803234487772 69.29377675056458 17.12618473544717 195.9603830054402 11.89559384435415 34.6364454254508 10964.11871895194 34.87647321075201 1974.952840574086 132.0640610978007 1.794574439525604 0.9051197171211243 327.7712050303817 5426.137628294528 1554.794161848724 14.56079858541489 2.747119627892971 19.10671032220125 20.62437648326159 20.75637298077345 1575.727140754461 1559.47479172796 1277.091127052903 12.53619821369648 174.7580511793494 1.352175503969193 331.4096241667867 204.4531023800373 0.7009428441524506 5156.347475886345 13.59954904019833 643.32848020643 5960.541466660798 6761.002374172211 993.6854606121778 68.77593674510717 214.8706218227744 3022.46106518805 61.07738383859396 0 9.338130265474319 0.6358352601528168 0.1130717247724533 0 0.2442869544029236 0.5222319215536118 0 0.5392150431871414 0.2969395220279694 782.7753834277391 0.8830371424555779 1634.834809534252 0.3538422957062721 0 0 1.109998613595963 468.1867031008005 40.04724618792534 0.07454964518547058 0 1.108170129358768 0 2.880421712994576 355.6521040275693 1655.357472263277 947.9661168828607 2.184080496430397 0.340976171195507 0.4682545363903046 477.7340493872762 0 0.0972084179520607 9.794032253324986 7.004724651575089 10.02172796428204 778.532923027873 20.17907617241144 2.853323303163052 0.2571180984377861 0.6947152018547058 647.0128272920847 0.1853950321674347
3.107721768319607 0.5855070427060127 1.265129506587982 1010.466687738895 64.90135525912046 3940.470097742975 53.74923811480403 701.3386686444283 617.6596660614014 8404.301882009953 34.87647321075201 9951.676890406758 1.641715690493584 672.2536750137806 827.710135743022 0.1049754470586777 1.882082846015692 27.86860509961843 12.43208491057158 6941.873039551079 1.127933386713266 4.282563254237175 1.922016020864248 405.4980275556445 1.013980567455292 15.22506687417626 7.142998389899731 375.2828886285424 512.654173143208 0.991051621735096 1.125406913459301 89.37392853200436 0.9004078730940819 327.8568766489625 2.938388638198376 595.6634742766619 7.039664104580879 422.9421855546534 33.12166648358107 2133.29165750742 52.0258802101016 5.917606338858604 17.16851206123829 0.6521997377276421 0.07885250449180603 0.1579277813434601 73.07451057434082 0.8324494957923889 14.04928309470415 17.58881141617894 2.947338983416557 18.99676368385553 31.88736256957054 0 175.6325098201632 0.1165785640478134 2.001797422766685 13.61168430745602 0 0 0.2330268174409866 0 61.10905157029629 0 0.09316471964120865 0 149.6132233962417 0.08892500400543213 0.8112823665142059 0.4728342890739441 88.97192618995905 3.133921302855015 0 0 0 0.1231794580817223 1.412883572280407 0 67.11793317645788 0.08689136803150177 4.380903758108616 1.619480215013027 164.1340769529343 0.1813091486692429 0.2063535377383232 0.1794600933790207
0 327.4816087260842 0.1924586147069931 3.94827127456665 0.1727327257394791 6.387041747570038 0.7307312190532684 15.83296751230955 85.39058066159487 1.59961074590683 1974.952840574086 1.641715690493584 4069.813775986433 8.198893360793591 2.255857855081558 6.842652767896652 0.7129046097397804 34.01158122718334 5.861063532531261 0 1.771551206707954 181.8897864595056 0.4436594396829605 77.43438604474068 5714.985241562128 216.766639649868 6024.547209210694 10.68223422765732 5.798150658607483 2.164930664002895 982.4371218308806 9.901110582053661 0 290.1403719261289 4.924942836165428 1181.996231943369 2082.822245597839 1526.437447480857 97.43315888941288 32.74331267178059 94.48880357295275 1762.948751077056 29.12801972031593 0 4.990037813782692 0.2463655695319176 0 0 0.08809850364923477 0.2237080633640289 0 0.1492942869663239 0 614.0956652835011 0.3511218205094337 1377.235500603914 0 0 0.74132189899683 0 138.4534967988729 14.12893227487803 0 0 0.2407025247812271 0.7530000805854797 1.010458700358868 592.14038746804 624.9010603651404 487.0352852866054 0 0.1346454918384552 0 247.33938305825 0 0 11.71589531749487 3.165205255150795 391.3760524764657 851.744684047997 50.32494400441647 10.86288514733315 6.395454555749893 8.27340492606163 739.3197304829955 6.320642709732056
4123.463063813746 0.3055387958884239 657.5203798338771 102.5166449099779 58.12718989700079 878.093198325485 10905.47732738033 6224.209082003683 27.60451172292233 2029.933887440711 132.0640610978007 672.2536750137806 8.198893360793591 19221.51694435254 10.06939481943846 12.918695949018 421.2026616074145 92.38169491291046 107.4952612966299 431.0061169192195 618.0944357402623 1.278232805430889 851.663557857275 257.7970863208175 1.100031942129135 150.5662259608507 229.4045438095927 771.5970718860626 3902.590324297547 1227.060746349394 2.171361483633518 107.6754605025053 16.26345274969935 1123.884200356901 8.148906968533993 352.1477655693889 25.30073352903128 909.4149888381362 84.66383029893041 285.7647414058447 102.6587380617857 23.49425338953733 34.46606064587831 0.0783085823059082 0.1058625429868698 0.5688458681106567 10.40623394399881 0 1.622660771012306 24.91617856174707 4.287573233246803 9.656011521816254 3.985167421400547 0.1792953684926033 1.760425128042698 0.4908040165901184 4.055390298366547 0 6.725937597453594 0.3552971705794334 0.1864485070109367 0.09353210031986237 7.421269156038761 2.506192930042744 2.359161905944347 1.043162755668163 90.96489945799112 0 3.08464939147234 6.553867235779762 61.21928502619267 5.415960945188999 3.020008429884911 0.9086770787835121 0 0.6601283028721809 2.471161812543869 0.3803268820047379 21.55047085881233 0.2293789833784103 8.689835250377655 1.459607228636742 6.618920922279358 1.131045989692211 0.5642410814762115 0.4349316731095314
0 4.34871069341898 0 40.02914841473103 673.8037992417812 799.0768244713545 8.026155337691307 44.4613763615489 689.0150785297155 56.49205139279366 1.794574439525604 827.710135743022 2.255857855081558 10.06939481943846 233.6373041719198 0 0 0.3626484647393227 0 88.92187927663326 0.08255816996097565 42.5333771109581 0 397.6249286234379 6.120854578912258 0.4486119747161865 5.698985137045383 127.0613535270095 11.06982054561377 0.1112026646733284 0.1290753185749054 186.0392428040504 0.2475591376423836 9.77760087698698 0.2068812698125839 30.13240527361631 0.4663019999861717 7.818289436399937 0.6390252113342285 1851.403185717762 55.7471801713109 0.1178673654794693 0.2673459649085999 0 0 0 8.338272005319595 0 1.737045399844646 1.047564163804054 0.08115814626216888 5.342664197087288 1.568721957504749 0 9.565684258937836 0 0 0.1950778663158417 0 0 0 0 3.694985523819923 0 0.7330167293548584 0 11.74825466424227 0 0.2454899251461029 0.4901547431945801 5.435128413140774 0.1961512789130211 0.2862859517335892 0 0 0 0 0 6.915071435272694 0 0.1951232254505157 0 10.94356766343117 0 0 0
6.376791298389435 332.3972100168467 6.072470597922802 0 0 0.1136549338698387 14.49083112180233 7.760709337890148 145.3828801289201 0.779098317027092 0.9051197171211243 0.1049754470586777 6.842652767896652 12.918695949018 0 4571.654848486185 23.53567391633987 0.2502399757504463 3.093761816620827 0 3383.559723742306 3556.111773729324 6923.115737564862 2765.525876641273 40.52800939977169 8.409211605787277 5649.986104220152 1800.51915512234 50.07551869750023 328.6124153584242 0.1195745766162872 0.1243619993329048 4.914829060435295 155.0900706276298 38.6561086550355 2909.487148091197 1036.416802369058 399.8128526210785 357.182573877275 50.10528576374054 2.644605308771133 1.228729873895645 8.754965573549271 2.678890027105808 6.35318149626255 34.27593594044447 0 0 0 1.871867090463638 1.354212820529938 56.62522204220295 0 0.1543892025947571 0 0.1065704673528671 2.680729761719704 0 2940.214573509991 2.479741811752319 0 0.332045242190361 0.07781679928302765 268.6308705359697 875.3680847510695 1359.278928935528 518.4314166456461 0.1300331950187683 1.903753250837326 958.6658445000648 299.2999149337411 21.70687513053417 40.09844627231359 0 0 8.318507924675941 25.10038995742798 6.881154529750347 449.0529465898871 67.82765328884125 93.51500939577818 92.6129267141223 2.811108604073524 0.9971887618303299 2.784155502915382 2.142047435045242
254.0389182381332 32.89932010322809 3343.172826819122 0.07833895832300186 1.049124509096146 4.157022170722485 147.3161033317447 137.9608824104071 0.5818083435297012 5.257127426564693 327.7712050303817 1.882082846015692 0.7129046097397804 421.2026616074145 0 23.53567391633987 1107.528167422861 211.7667545191944 2891.349032219499 1.27314767986536 820.5353571996093 4.438609428703785 4514.31795912236 9.589176774024963 0.1377914249897003 1806.83492236957 7705.813865993172 51.07157897204161 445.3546127974987 692.1137293763459 0.2049982473254204 22.40408778190613 78.71435182541609 5676.261916533113 42.61933023482561 1879.910961590707 1661.617564179003 4726.60466177389 906.6134860962629 27.95006895810366 7.568842701613903 4.149569764733315 8.459528364241123 0.2121011018753052 53.09353093802929 248.2330625206232 0 0 0 0.4442113637924194 0 0.126317948102951 0 0 0 0.08591675013303757 0.2370329648256302 0 3.341677367687225 23.27734368294477 0.105707548558712 16.88245512545109 0 0.09004423767328262 3.268406145274639 4.011859126389027 2.135843560099602 0 83.90749125182629 720.9602680802345 1.025380171835423 0.2122623398900032 0.9173691794276237 0 0 0 2.195700570940971 9.893771976232529 20.69707906246185 3.46151714771986 14.80649773776531 8.013917356729507 0.1433981508016586 0 0 0.3974169492721558
2.510534629225731 9.359722793102264 7.137562789022923 1.169561393558979 8.777112059295177 39.92424543201923 8.997317392379045 102.5688945874572 1.247934401035309 27.85577864199877 5426.137628294528 27.86860509961843 34.01158122718334 92.38169491291046 0.3626484647393227 0.2502399757504463 211.7667545191944 1194.309704296291 1904.852983683348 10.12383350729942 2.988610565662384 1.329918548464775 14.90935207903385 8.630563460290432 55.08733533322811 2186.145365864038 808.5838842391968 9.061353627592325 105.5745489299297 3.957773067057133 36.88845801353455 86.41572649031878 0.4308928251266479 1465.713748022914 16.66172692924738 754.0605280324817 2132.739552415907 3141.108806192875 950.6853104010224 35.48717254400253 46.60198205709457 140.6988613456488 8.735385753214359 0 7.207405239343643 1.134742975234985 0 0 0.1226459145545959 0.3633774220943451 0.1206700280308723 0 0 19.76527378708124 0.3179575353860855 47.41790623217821 0.3125878572463989 0 0 0.8872222676873207 140.1265224590898 31.11444941163063 0.1334363222122192 0.7016229182481766 0.4854399114847183 0.08065862953662872 3.19084071367979 35.87303590029478 541.2354906052351 562.6625503897667 1.367258220911026 0.3231438919901848 0.134849026799202 26.52762264758348 0.1006906926631927 0 2.523723691701889 4.950932435691357 3.591657795011997 4.732028916478157 8.647134475409985 1.599991917610168 0.5375562906265259 0 0.4019822180271149 0
26.41113135963678 25.99228920787573 148.8495430238545 0.6718788966536522 12.20781755447388 23.03911279141903 20.96260738372803 74.0156874768436 1.330500908195972 15.79983179271221 1554.794161848724 12.43208491057158 5.861063532531261 107.4952612966299 0 3.093761816620827 2891.349032219499 1904.852983683348 1697.591303385794 5.187594026327133 53.83479305356741 2.735005989670753 294.8762040957808 5.841993995010853 6.593675665557384 5744.429182499647 2098.473435379565 13.04152617976069 159.1746372580528 46.73278490453959 4.071783177554607 84.43379095941782 11.57337357848883 4468.494059853256 22.23593733459711 1779.850287877023 1874.08610291779 4018.388971515 742.5939489156008 27.9435823187232 13.0801275074482 15.20711635798216 8.695717670023441 0 32.82883802056313 32.72957433760166 0 0 0 0.2088097929954529 0.1601682305335999 0.7603864967823029 0 2.446313336491585 0 2.135690435767174 0.0902232900261879 0 0.5217932462692261 7.293870903551579 13.00204579532146 99.13124463707209 0 0.4658090323209763 1.106358796358109 0.696161225438118 1.95297422260046 3.756768405437469 452.1869100928307 487.5693181157112 0.411954827606678 0.1139508709311485 0.2671995088458061 0.0973365381360054 0.09866692125797272 0 8.200340874493122 9.692654184997082 10.03532041609287 3.459321074187756 21.65088425576687 5.148330390453339 0 0 0 0.8649068474769592
6.351731985807419 0 0.7764935307204723 6466.511635400355 1.58376781642437 370.9955768026412 93.25295621901751 412.5468478240073 502.4013126343489 8070.58627724275 14.56079858541489 6941.873039551079 0 431.0061169192195 88.92187927663326 0 1.27314767986536 10.12383350729942 5.187594026327133 1675.878409214318 1.054508950561285 0 0.9499276503920555 1139.142677918077 0.3146844506263733 5.254594229161739 3.863549143075943 3215.768184583634 354.5396251305938 1.931501470506191 0.1666724309325218 26.1167419552803 1.505719073116779 204.9190126508474 2.258588023483753 377.4579919353127 3.918554455041885 334.1375426352024 22.29117226973176 630.7652282342315 48.91127526015043 2.174694888293743 22.86798796802759 0.9432016015052795 0 0.1008039340376854 112.2206326797605 0 11.09538662433624 94.1853766143322 12.58765479922295 39.09018185734749 31.47411023825407 0.3867236971855164 68.55048537254333 0.08344517648220062 8.632300108671188 4.30277344584465 0.1038418710231781 0 0.6038038730621338 0 92.71025197207928 0 0 0 278.7018026709557 0.08117466419935226 0.7304788678884506 0.0908697172999382 218.900945790112 11.05960218608379 0.2356888055801392 0.0738614946603775 0.9703331664204597 0.08232376724481583 7.447124503552914 0.3586036264896393 55.76577522605658 0.4517879486083984 15.53680713474751 4.143666870892048 99.96878076344728 3.558978207409382 0 0.3438498079776764
298.3508188202977 12.07478357106447 858.2294874712825 0.09087912738323212 0 3.506550967693329 2818.181713081896 479.8311583958566 42.37655479460955 37.52684418857098 2.747119627892971 1.127933386713266 1.771551206707954 618.0944357402623 0.08255816996097565 3383.559723742306 820.5353571996093 2.988610565662384 53.83479305356741 1.054508950561285 19459.1457676366 156.5286640524864 12285.84294871986 447.5677419826388 4.406776912510395 52.75176386535168 220.4780044332147 6620.924343347549 413.1379067227244 13245.58534320816 0.4364906847476959 1.988936554640532 63.45870001614094 4383.082322116941 129.6994275376201 8483.590944532305 557.4486663788557 5542.48266858235 2461.644504897296 163.0508969798684 8.71664422750473 2.681616015732288 33.58971359580755 3.744212478399277 0.9385533481836319 1.980776242911816 0.2115034684538841 0 1.248196214437485 2.105414800345898 0.3515160456299782 31.00277439504862 0.2032520920038223 0.3066671192646027 0 0 3.615718863904476 0 317.8762678876519 0.1106639206409454 0.2057681828737259 0 0.08297065645456314 91.27449099719524 79.35972678661346 52.4029298350215 383.3591333404183 0 0.4554693847894669 10.96650464087725 185.999016739428 19.70479847490788 28.45249193161726 0 0 7.02249801158905 12.75271607935429 5.562432177364826 95.52245350927114 4.493739008903503 21.68640636652708 12.02223317325115 2.797865584492683 1.56920750439167 0.4584432691335678 0.566290095448494
0.6399009972810745 2915.778829142451 6.44766715914011 0.4130539000034332 0.7046822309494019 0.5227212309837341 8.649826928973198 1.131497159600258 3507.793307930231 0.3312924653291702 19.10671032220125 4.282563254237175 181.8897864595056 1.278232805430889 42.5333771109581 3556.111773729324 4.438609428703785 1.329918548464775 2.735005989670753 0 156.5286640524864 1495.123940728605 341.6345954090357 6778.452924288809 1287.729712449014 30.70451639592648 4380.252630315721 529.8195936456323 4.897513441741467 11.31334094703197 4.088433310389519 0.7020137906074524 0.3916127160191536 5.378369472920895 0.9582190215587616 34.10017868876457 68.56620553135872 12.3082053437829 1.954853720963001 30.45980989933014 0.2575420066714287 22.03543964028358 0.2346662133932114 0.6294401213526726 252.8720550611615 111.3439446538687 0.1096398010849953 0 0 1.695544056594372 0.4699052423238754 7.662797652184963 0.1240059658885002 0.4047246426343918 2.921370416879654 3.431495651602745 1.676019549369812 0 1339.117814965546 4.699142873287201 0 3.296923384070396 0 71.29221558570862 133.4967294037342 651.1630805507302 143.274028673768 113.8766299188137 27.67413073778152 2785.783823795617 60.87352910637856 2.333687499165535 10.04628107696772 0.3995817899703979 0 1.181696847081184 11.50384530425072 4.468878872692585 213.5334290862083 48.16119374334812 54.37532861530781 56.82836621254683 2.151371419429779 0.3895512074232101 0.7597684562206268 2.192512363195419
602.7821454964578 26.68085368722677 9255.397347897291 0.6530519798398018 0.553441695868969 3.399642564356327 705.7779805921018 285.2068926692009 19.99787829071283 6.780017733573914 20.62437648326159 1.922016020864248 0.4436594396829605 851.663557857275 0 6923.115737564862 4514.31795912236 14.90935207903385 294.8762040957808 0.9499276503920555 12285.84294871986 341.6345954090357 18086.53564102948 861.0053252577782 1.783809542655945 1514.723786450922 16617.69494375214 2585.068116486073 699.4939192086458 2816.266910493374 0.3671396151185036 5.215264420956373 101.2938401028514 4235.038811899722 343.6856738775969 16336.13918972388 6101.622378066182 8653.08823036775 5426.853876817971 370.8421541154385 18.68846841901541 7.017202481627464 73.86851730197668 0.7769714817404747 3.922599889338017 41.95655177533627 0 0 0 1.178342744708061 0.4539269059896469 12.66169426590204 0 0.1426585167646408 0 0 0.860006682574749 0 1243.989617288113 0.8301957994699478 0 0.5077172443270683 0 87.47822567820549 294.1706950068474 619.4036254957318 142.2394323945045 0 4.510039858520031 620.591898880899 76.52245256304741 4.943369150161743 14.20474899560213 0 0 2.141026318073273 11.07180641591549 38.80273123085499 197.8008765950799 44.80989836156368 35.50245138257742 50.65181884914637 0.4797884523868561 0.2230919152498245 2.546975679695606 2.335441961884499
36.20116616785526 703.9930803924799 7.123838670551777 3486.062425076962 4.834322810173035 65.5396341457963 1894.268661793321 195.7699818089604 8516.750463813543 611.5955879017711 20.75637298077345 405.4980275556445 77.43438604474068 257.7970863208175 397.6249286234379 2765.525876641273 9.589176774024963 8.630563460290432 5.841993995010853 1139.142677918077 447.5677419826388 6778.452924288809 861.0053252577782 16098.71196565032 379.9512708038092 19.4038794785738 1634.158631749451 11519.02283334732 541.8463361784816 863.9180611819029 1.307830184698105 13.56906698644161 89.91217632591724 420.575084939599 34.90149717777967 2650.424884468317 96.1981238052249 848.6911399960518 142.4209551364183 751.1132599413395 89.95177584141493 10.57289347052574 44.03583062440157 31.78442592918873 7.321502268314362 10.06188108026981 293.7413764744997 1.146007642149925 34.1117116138339 465.6149737462401 76.77434682101011 749.0385147705674 84.19649969041348 4.784392185509205 142.32041926682 1.00699207931757 101.2210379615426 8.141648717224598 412.5112339258194 0.8545335903763771 3.576561778783798 2.396550431847572 164.6672019660473 89.42250436544418 179.0368018448353 130.4321590140462 3891.262583978474 2.553314164280891 4.415714800357819 108.5951026678085 1897.042462587357 178.8486453965306 100.9281842261553 0.1031840443611145 4.526514358818531 18.34222848713398 98.75811452418566 5.331912815570831 725.7171841412783 14.28989677876234 239.9143025875092 54.95624379813671 275.6978467851877 42.31206767261028 9.477060660719872 10.30155530571938
0 2443.771009974182 0 0 0 0.1821778863668442 0.7583759501576424 0.9823048338294029 428.2370815724134 0.1938324049115181 1575.727140754461 1.013980567455292 5714.985241562128 1.100031942129135 6.120854578912258 40.52800939977169 0.1377914249897003 55.08733533322811 6.593675665557384 0.3146844506263733 4.406776912510395 1287.729712449014 1.783809542655945 379.9512708038092 2180.676213413477 666.6181727871299 7054.079249098897 35.93702608346939 2.154876537621021 1.555621303617954 594.2476196214557 0.1023413687944412 0.09570252150297165 40.72556310147047 1.445693500339985 33.33139796555042 83.14170474559069 175.248262822628 7.779990650713444 6.411631189286709 3.673508137464523 741.3755348324776 9.096128508448601 0 11.73621411621571 1.171865083277225 0 0 0 0.1019245162606239 0 0.3473076820373535 0 47.93644015491009 0.6219822764396667 221.4642696678638 0.1276634633541107 0 0.2753911092877388 0.1623365581035614 36.60176165401936 7.077558144927025 0 0 0.3348726034164429 0.1727701872587204 0.7670849561691284 366.213185288012 245.5225887969136 587.5758097395301 0.474038653075695 0 0 30.53266539424658 0 0 6.463078685104847 0 6.031957104802132 95.04660077393055 3.437872186303139 0.2485892102122307 0 0 66.86460754275322 0
52.93736629188061 383.5537304207683 4055.119162999094 0.927807480096817 4.511051692068577 28.43436435610056 76.70622064173222 116.0605848580599 15.52297895401716 13.62390792742372 1559.47479172796 15.22506687417626 216.766639649868 150.5662259608507 0.4486119747161865 8.409211605787277 1806.83492236957 2186.145365864038 5744.429182499647 5.254594229161739 52.75176386535168 30.70451639592648 1514.723786450922 19.4038794785738 666.6181727871299 38738.1512138471 21113.77021450549 29.63358617573977 113.3536282107234 52.44468987733126 569.6831403374672 54.67721582204103 6.402890346944332 1093.535522457212 42.4517190977931 2691.837563470006 6260.589069873095 3514.524722889066 1160.827791042626 51.50542071461678 37.79513929784298 246.6720786616206 18.32897696644068 0.2871147766709328 274.1549314036965 300.2020506337285 0 0 0.2328051030635834 1.233717791736126 0.8998987898230553 1.333794258534908 0 75.23008104413748 0.1883236244320869 232.2713069841266 2.343982346355915 0.1029713675379753 4.604786619544029 72.61873380094767 337.4623165950179 503.0728485882282 0 1.666805982589722 13.66307628154755 5.731888487935066 5.508919633924961 282.1366472169757 3568.800528824329 5004.597526825964 1.850700654089451 2.942245230078697 1.951728977262974 113.7561741322279 0.7672945708036423 0.1417499333620071 48.70618166774511 11.83140107244253 54.46757371723652 31.84413431584835 142.0462324693799 24.82431235909462 0.4111928343772888 0.1427628099918365 4.114364117383957 0.8048742711544037
81.97601870447397 12394.50559286773 11147.5666376166 0.6341819316148758 2.409502774477005 12.57604020833969 86.45635270699859 119.4347117878497 334.7903125062585 8.998280540108681 1277.091127052903 7.142998389899731 6024.547209210694 229.4045438095927 5.698985137045383 5649.986104220152 7705.813865993172 808.5838842391968 2098.473435379565 3.863549143075943 220.4780044332147 4380.252630315721 16617.69494375214 1634.158631749451 7054.079249098897 21113.77021450549 37231.09144682437 629.4706705547869 159.2353719100356 62.86671980470419 1378.709772132337 26.49070456624031 25.49418649822474 2679.328439295292 210.1644295975566 9170.194201331586 5743.244949020445 6224.870918188244 2707.861269362271 243.3865449875593 29.05010246485472 69.71102266013622 48.38745298981667 3.18756415694952 2114.093738511205 2663.160041384399 0 0.184077650308609 0.3714361637830734 11.5153575912118 2.827702760696411 8.374196954071522 0.2765176445245743 62.69740425795317 0.5369972810149193 136.2411572635174 10.21849113702774 0.5675912499427795 647.9870491996408 239.8012454286218 287.717780508101 722.0983782038093 0.1665343344211578 26.59078790992498 811.36535885185 1082.11093878001 27.59143131971359 573.3419489637017 5571.213831178844 21519.47928373516 12.67614098638296 6.563253909349442 21.61723345518112 72.27892205119133 0.440602995455265 0.695726752281189 119.0131933316588 52.6786043047905 635.4927131310105 127.0759845599532 564.4924714490771 256.203797057271 6.268153257668018 0.478819265961647 6.411836549639702 6.081503666937351
153.1764091551304 70.64914056658745 96.12493156641722 6934.15041872859 2.501347109675407 126.3750273399055 24585.32195211574 775.2581248581409 1465.558131344616 5100.640646331012 12.53619821369648 375.2828886285424 10.68223422765732 771.5970718860626 127.0613535270095 1800.51915512234 51.07157897204161 9.061353627592325 13.04152617976069 3215.768184583634 6620.924343347549 529.8195936456323 2585.068116486073 11519.02283334732 35.93702608346939 29.63358617573977 629.4706705547869 21814.41886924207 1160.725356388837 9459.514878060669 0.6842339485883713 17.07725880667567 298.7294467464089 1071.920731727034 106.2461597844958 5571.070026777685 144.1124032959342 2163.002054754645 487.6659483611584 691.2980187907815 126.1496453285217 6.845983564853668 67.89917016774416 29.3867512345314 1.499626770615578 3.431736543774605 316.373593993485 0.08245629072189331 35.36857972294092 505.3530408293009 74.35005208849907 388.5541465878487 103.3991667404771 3.55541817098856 93.53652623295784 0.6109583601355553 95.10555490106344 6.99867894500494 233.4561039730906 0.6777960360050201 2.398151963949203 1.375937804579735 201.9537655487657 63.90812550485134 72.66423426568508 63.65430998802185 3072.464430905879 0.7658239305019379 2.771852590143681 52.16056524217129 1713.261784233153 159.7130247466266 85.36135334521532 0.1114132478833199 3.379321597516537 13.44857926666737 76.36416611820459 6.175235576927662 533.9106175750494 10.17547298967838 190.5788958147168 33.59859151393175 209.6452793478966 27.35324332118034 3.247208893299103 8.068686902523041
3713.441404525191 2.074576303362846 156.3915742896497 97.69030825048685 2.645361267030239 419.6865924410522 2736.11134179309 413.4170702397823 46.25951585918665 919.2576049715281 174.7580511793494 512.654173143208 5.798150658607483 3902.590324297547 11.06982054561377 50.07551869750023 445.3546127974987 105.5745489299297 159.1746372580528 354.5396251305938 413.1379067227244 4.897513441741467 699.4939192086458 541.8463361784816 2.154876537621021 113.3536282107234 159.2353719100356 1160.725356388837 21375.96667658538 4654.657140374184 3.166538238525391 741.7894493602216 2966.483395516872 4094.711975965649 10.08501869440079 497.4811762683094 27.56925093382597 2243.736414663494 288.3097013942897 202.2943202778697 147.9346456751227 14.13057820498943 22.66468054801226 1.251390971243382 0.2226745933294296 0.1009160801768303 9.754261143505573 0 1.609870694577694 34.58170747756958 6.062206894159317 17.37359526008368 3.21519622951746 0.6919872388243675 3.250141724944115 0.6755279526114464 5.095463760197163 0 7.999257147312164 0 0.636864110827446 0.3445239588618279 7.755880318582058 2.444759838283062 2.668635547161102 0.628875307738781 145.5744265541434 0 3.6324397996068 4.543817594647408 91.41862513497472 6.663823246955872 3.154418185353279 0.2103040665388107 0 0.6457017138600349 4.412267126142979 0.9194866418838501 30.28217129409313 0.3095078617334366 12.14796336740255 2.297453366219997 8.997794114053249 2.00157505273819 1.123377829790115 0.8752851933240891
