1309.437679216266 0.1200549900531769 203.0707591027021 19.8894804790616 0 38.27424316853285 3267.648490026593 629.5474456101656 7.811105705797672 113.4718756005168 6.717133566737175 38.46608755737543 0.3139765188097954 7140.427088528872 0.2379457056522369 1.313489265739918 163.406545124948 0.6942926794290543 21.53042916953564 65.71588939428329 119.6540223136544 0.8730933368206024 261.2323428839445 144.3421026095748 0.09848137199878693 108.5045780465007 13.92417633533478 166.7691623568535 3890.596665106714 3398.093162953854 0.4050548076629639 6.763747125864029 24.50759096443653 81.23573203384876 0 47.38110008090734 43.3706551194191 21.02179828286171 5.735123239457607 6.046847105026245 1.248891830444336 0.1789683699607849 1.355628281831741 0.6634118854999542 0 0 0.6129194796085358 0 0.1103003621101379 3.242757506668568 0.4138683527708054 0.4357998296618462 1.049192108213902 1.142458915710449 0 0.3100119829177856 0.9037826061248779 0 7.226581059396267 0.5181249380111694 0.1684107929468155 0.351374089717865 0 11.85938320308924 0.5120561346411705 3.549773916602135 9.511017799377441 0 1.860084667801857 4.134299784898758 9.886502429842949 4.042607180774212 5.16543410718441 0.2905339375138283 0.2485394775867462 0.2975164577364922 2.025073312222958 0 6.075079061090946 5.872278288006783 5.440197303891182 1.359847523272038 5.350931450724602 0.2553391456604004 0.416648805141449 0
0.1200549900531769 52.30351993441582 3.237128347158432 0.4403122067451477 0.7374975010752678 3.796554692089558 4.771181240677834 0.3238458186388016 597.0329918786883 0.3684049174189568 25.64953545480967 5.731273926794529 1036.732541307807 1.107903122901917 16.08068658411503 223.8849244117737 2.874135218560696 13.99871228635311 7.391305908560753 0 5.021418586373329 2084.831336967647 4.471547998487949 739.9925979301333 1570.189058989286 88.6527147591114 3529.231043435633 18.89555884152651 2.252174809575081 2.678311720490456 208.2250521555543 0.342256173491478 0.6037776172161102 155.926245585084 0.1905553191900253 7.156174458563328 54.11747148633003 40.50903745740652 7.667422294616699 32.77562561631203 0 61.57151041924953 0 0.3449452593922615 46.24396432936192 25.81075467169285 0.09845632314682007 0 0 0.1940703690052032 0.4174597859382629 6.013993039727211 0.1026383712887764 2.479834973812103 0 47.08160309493542 0 0.2228299826383591 0.4827053472399712 19.79117182642221 2.189979955554008 8.857433661818504 0 1.097539365291595 32.00131987780333 12.15585006773472 2.904560625553131 40.95300906896591 82.60163703560829 2111.044521279633 0.8373954445123672 0.4716714397072792 0.9201503917574883 6.017348118126392 0.2146352380514145 0.1052464321255684 5.858326658606529 0.2503976821899414 31.40923675894737 20.28769056499004 25.74176163971424 14.10578924417496 3.631914913654327 0.766294538974762 3.976399764418602 0.3541125655174255
203.0707591027021 3.237128347158432 7572.758116982877 13.9641777575016 0.6600506454706192 59.4464328289032 963.7142285555601 407.9095425754786 4.618815563619137 47.27203007042408 31.17422093451023 2.467354312539101 1.354687556624413 605.1658232361078 0 7.867967903614044 7311.53274346143 14.56780599802732 401.2470538914204 6.341695375740528 829.6615797504783 3.401430800557137 6925.658241458237 110.886742644012 1.318166643381119 10357.70750083029 3217.364173486829 805.3047959581017 215.8039921522141 645.0273802950978 1.549609914422035 1.978268191218376 10.82348085194826 2027.787701182067 91.26925472915173 3489.608289636672 3798.488578848541 2909.772949941456 1878.464322082698 129.6333082914352 13.36551455408335 26.15828553587198 26.08930716663599 1.430067680776119 23.1544766575098 280.1120263487101 0 0 0.2437219396233559 8.782459914684296 3.17452222853899 1.174014337360859 1.737760044634342 7.341903768479824 0.1441017389297485 18.58900698274374 2.410822078585625 0 16.38676910847425 140.2708484902978 10.60851451009512 40.08574064075947 0 19.6869897171855 7.072858095169067 125.6863342449069 9.146735996007919 9.134280994534492 312.5967860892415 1917.091356299818 9.478913463652134 4.437465250492096 10.86869916319847 6.64898244291544 0 2.096310749650002 34.51592694967985 26.03010665625334 238.7735812738538 240.4329704344273 120.8083195313811 106.6999275460839 14.63257889449596 1.593641936779022 14.27874557673931 0.8951030820608139
19.8894804790616 0.4403122067451477 13.9641777575016 3426.918277300894 2.152482010424137 50.19328106194735 270.8424761593342 39.53752361238003 1581.56950699538 8148.843412645161 0.8223628476262093 1044.197419390082 0.4027397334575653 92.128472417593 128.840887606144 2.289382487535477 2.438772298395634 0 0.554511658847332 6317.271816894412 9.446757145226002 0.6739066690206528 10.20716340839863 2968.329419307411 0 8.4230862185359 21.28354896605015 5067.534627191722 169.1847732067108 29.40025564283133 0 2.112880676984787 13.27445706725121 58.89195095002651 3.454946711659431 358.9188889116049 5.799731567502022 74.83493380993605 34.56238051503897 186.2107203230262 15.64953191578388 1.634769357740879 3.886601306498051 1.569304086267948 0.4500120133161545 0 305.5492473393679 2.186491444706917 12.24341966956854 99.53955644369125 39.16625583916903 264.2447773143649 167.9401003867388 1.497362494468689 153.2954252809286 1.291660405695438 19.18932656943798 20.25748560577631 5.533659934997559 0.7753233909606934 0.3787111714482307 0.9204222410917282 161.9522400051355 10.48312283307314 1.027559548616409 3.187956944108009 427.3077148869634 0 3.603649199008942 5.8551279976964 446.2177996560931 16.55863719433546 6.137234084308147 0.7890582531690598 1.336348310112953 0.1801037639379501 7.043875686824322 0.5501371622085571 89.5741449072957 8.045389458537102 28.97330665588379 4.5160311460495 172.2121096402407 3.415788874030113 2.755691826343536 0.1520076096057892
0 0.7374975010752678 0.6600506454706192 2.152482010424137 72.71072149276733 875.8100454285741 3.019099406898022 37.64678796380758 47.28440803289413 1.753356173634529 24.48808142542839 87.68691205233335 2.855642430484295 2.020945958793163 1151.371683359146 0 0 1.382946595549583 2.958880089223385 2.411624118685722 0 2.395591914653778 0.1524533182382584 21.15391854941845 0 4.867667056620121 1.398023180663586 2.922485917806625 7.337567739188671 0 1.453308030962944 102.9532060101628 0 289.9384256973863 0 17.07037778198719 1.37274831533432 141.3321114331484 52.49298442900181 2079.446632742882 103.8842373639345 3.342192709445953 0.2204910814762115 0 0 0 0 0 0 0 0 0 0.2425755858421326 0 0.2554783076047897 0.2579163610935211 0 0 0 0 0 0 0 0.1318425983190536 0 0 0.4077455252408981 0 0 0 0.1247506737709045 0 0 0 0 0 0.1891119778156281 0 1.511166304349899 0 0 0 0.2154973149299622 0.1969603151082993 0 0
38.27424316853285 3.796554692089558 59.4464328289032 50.19328106194735 875.8100454285741 12581.21318399906 4214.671474173665 8487.643970750272 269.9667010679841 5895.592773042619 113.683066546917 5442.128742739558 19.5903639793396 2350.142320625484 2669.506428182125 0.8977579027414322 9.867926917970181 9.071738347411156 14.5648770108819 196.8729273304343 66.72517877072096 17.44305419921875 62.53400913625956 230.2548043206334 3.288576208055019 64.40574883669615 58.31360667198896 318.8093230351806 440.5314456745982 81.96907564997673 7.898103527724743 1355.542288295925 20.1820430457592 604.7933509722352 27.23623606562614 645.7988292872906 16.33448699861765 585.7199535816908 185.7873202711344 5668.702223092318 260.3433335870504 16.38062158226967 11.61051896214485 0.6079739853739738 0.1018101423978806 1.035830296576023 53.70015884935856 0.3677521347999573 2.97852686047554 54.88009691983461 5.977155044674873 28.31976523250341 37.51608695089817 0.3825938105583191 19.4783910214901 1.066374287009239 6.085262410342693 2.778798401355743 3.090023830533028 1.190761715173721 0 0 24.48885011672974 6.840526051819324 0.5915893018245697 1.899208128452301 86.21087440103292 0.3911711573600769 3.995769947767258 9.840098284184933 110.5003266260028 6.928971856832504 7.932483538985252 0.8501076996326447 0.5866674482822418 0.1122991293668747 2.825774408876896 3.63797390460968 37.89478670805693 3.916098535060883 16.07739206403494 3.966153167188168 46.76582327485085 1.224477708339691 2.055725321173668 0
3267.648490026593 4.771181240677834 963.7142285555601 270.8424761593342 3.019099406898022 4214.671474173665 26498.27009451389 3910.017877727747 243.9695939868689 12140.6606349349 11.44848790019751 122.0463304743171 3.748298078775406 8420.099071696401 29.53911281377077 27.20330469310284 113.7978051826358 2.233007498085499 11.49747258424759 150.2307786568999 1669.821550481021 11.54367825388908 1260.146425880492 1154.175027944148 3.695035584270954 479.7210513427854 729.470080666244 25159.54072342068 1654.33995860815 7367.075351901352 1.982123762369156 23.79107860475779 197.9855883568525 590.3176314905286 38.24796872586012 2414.557968631387 136.9318802282214 753.20297062397 321.0974062383175 380.055883795023 98.47784034907818 11.16558300703764 33.65594928711653 12.30139319598675 2.635139130055904 3.361029140651226 57.49121381342411 3.026843577623367 8.533586405217648 287.0294342786074 60.28566944599152 32.36348959803581 51.13460566848516 4.505846738815308 16.61181525886059 4.746298544108868 49.05717691034079 3.014369964599609 63.71508871763945 10.24738828837872 2.696561299264431 8.284510068595409 32.62117222696543 151.0012827515602 4.779707610607147 33.44534263759851 324.7476052641869 2.242968656122684 31.0330762565136 103.6934036910534 446.5177173614502 76.07619892060757 71.21924461424351 1.782813921570778 4.129756584763527 4.388657055795193 43.99282401800156 7.026648640632629 241.9660447090864 41.39423631876707 123.9957048967481 21.58329437673092 234.0116198733449 23.54865012317896 12.98349621146917 7.314478315412998
629.5474456101656 0.3238458186388016 407.9095425754786 39.53752361238003 37.64678796380758 8487.643970750272 3910.017877727747 11144.96499621123 183.8077877834439 762.6405310854316 327.4536085128784 1691.456661470234 59.07018176466227 10816.91064100713 60.24150339514017 7.172872066497803 183.9382461607456 31.1894983202219 75.92973618209362 313.1703942343593 246.0880443528295 4.088054284453392 505.5090975686908 768.6588044315577 3.827268078923225 305.920916646719 90.27404675632715 702.566827237606 816.8735979646444 1724.647897303104 21.77503557503223 1209.72314248234 16.22463208436966 1169.96096932888 8.741285309195518 684.6430901288986 95.23737583309412 984.6021464392543 443.0843341499567 1953.48589361459 344.7076881304383 57.73706687986851 32.62042843550444 6.663260519504547 0.529482513666153 2.024981930851936 48.05459680408239 0.6926911473274231 6.188732743263245 244.2660840824246 36.64171006530523 22.13077484071255 29.96996849775314 4.506005510687828 12.92654167860746 3.886536732316017 28.55738586187363 2.605246350169182 25.49135285615921 3.037460930645466 2.872569061815739 2.22145726531744 25.48763358592987 64.25699358433485 1.138761751353741 8.894391275942326 200.6657308414578 1.393395587801933 11.40146178752184 21.9309438765049 294.8698522597551 40.35029921680689 33.15264311432838 0.9997842684388161 2.530686922371387 0.6125673428177834 11.28615257889032 1.210690319538116 86.68407359719276 12.8654645010829 66.08173639327288 14.00677340477705 78.49937405437231 5.030295088887215 9.647343814373016 0.7239281982183456
7.811105705797672 597.0329918786883 4.618815563619137 1581.56950699538 47.28440803289413 269.9667010679841 243.9695939868689 183.8077877834439 1028.571592025459 56.48585066944361 2.899376817047596 677.6421193554997 21.89859762042761 60.11137788742781 938.0985447615385 127.5712255761027 3.374005697667599 1.471162997186184 1.88432565331459 373.3486112505198 72.3237598836422 2265.16865927726 64.12028855830431 8054.133090019226 104.8147903755307 11.10621786862612 1196.807214997709 1222.837885290384 76.01511786133051 124.6289506927133 8.744644068181515 2.476759858429432 8.838796146214008 37.74367178976536 4.272802725434303 209.7877473607659 21.70039925724268 72.1879840940237 18.21516142040491 977.3650202900171 14.15125176310539 1.138829305768013 2.51445958763361 48.02442505210638 3.585811264812946 4.268109396100044 88.87489205598831 1.031200237572193 8.438177458941936 423.0084984302521 81.66660261899233 222.4137035384774 75.83634620159864 3.299809344112873 34.70425701141357 2.621150471270084 78.17962676286697 7.031716555356979 411.230709604919 4.109486192464828 3.261327520012856 3.186430960893631 43.61663953959942 196.8547302633524 66.43320831656456 109.5270922705531 1702.950980909169 0.6064136475324631 12.55385380238295 91.13624796271324 780.186555095017 186.3311463072896 227.2496903911233 1.237941317260265 4.551390446722507 16.10821000486612 34.9463584125042 13.57985898852348 255.7834191545844 9.28853540122509 160.310572527349 44.92425269633532 208.991808667779 15.04091063141823 2.708407655358315 6.737692259252071
113.4718756005168 0.3684049174189568 47.27203007042408 8148.843412645161 1.753356173634529 5895.592773042619 12140.6606349349 762.6405310854316 56.48585066944361 42759.2426296398 15.00319739431143 4907.108787238598 3.984730839729309 1694.566964223981 31.46390967816114 1.989275202155113 8.877467587590218 1.33628786355257 3.943786628544331 12881.91843791306 40.64999012649059 1.197915889322758 49.41361485421658 462.1284534409642 0.1595782786607742 40.16327396035194 47.73926396667957 7340.180776335299 749.124021358788 115.1737324818969 0.9374374970793724 22.23139517009258 30.59614057093859 253.7777853906155 10.50239869207144 907.1809655353427 20.21034736186266 362.9238227680326 140.8289160206914 173.386490419507 60.06204256415367 2.90771996229887 14.52633754909039 2.040607936680317 0 0.5055723860859871 91.83109049499035 0.5164359956979752 4.513464219868183 69.68417254835367 20.62871409952641 44.04675732553005 55.88726052641869 1.155952244997025 47.19603074342012 0.6450769901275635 11.1235815808177 6.860761478543282 2.886652119457722 0.1367377191781998 0.3458031266927719 0 34.97508443892002 11.57009646296501 0.3776534199714661 1.643464885652065 161.5067103132606 0.2034633308649063 1.76278080791235 8.332963347434998 177.4471516385674 10.79427607357502 4.803461514413357 0.5550363063812256 2.128632374107838 0.4107336550951004 3.712210536003113 1.000888645648956 42.33951165527105 1.230538375675678 22.50129994750023 3.438223212957382 56.14514230191708 2.101508721709251 3.052218973636627 0.9048478901386261
6.717133566737175 25.64953545480967 31.17422093451023 0.8223628476262093 24.48808142542839 113.683066546917 11.44848790019751 327.4536085128784 2.899376817047596 15.00319739431143 8415.710725195706 72.0552116855979 2295.538858227432 206.4691057950258 0.2552522122859955 0.1275051236152649 251.5651708245277 3575.738496698439 1854.315644390881 14.6477777287364 8.912751853466034 4.610689610242844 39.76508486270905 9.06842527538538 222.7724987566471 3888.088023558259 453.0157439932227 9.129143208265305 446.8371466174722 28.31459217518568 821.4968725293875 425.1849856078625 6.592920988798141 4520.637484848499 16.76841381192207 917.8428417518735 4646.057841993868 5957.486856460571 1337.662164434791 125.5497990474105 10.29060139507055 382.0590578764677 3.140952721238136 0.2562651932239532 6.975703813135624 0.463503822684288 0.1876590996980667 0 0 0.6910097450017929 0.3576774001121521 0.1312526911497116 0 32.57659610360861 0 375.0689518749714 0.2914431989192963 0.4409342408180237 0.668120764195919 0.3771461397409439 7.596549719572067 0.1535268574953079 0.7632405459880829 2.196537330746651 0.5433905646204948 0.1251109540462494 2.010770082473755 62.46965041011572 48.03127086907625 88.62684500217438 2.33683230727911 0.4625735059380531 0.7377555966377258 55.58134649693966 0 0 5.382419094443321 3.809229835867882 28.14746434986591 51.96500010043383 11.17372545599937 10.82465746998787 0.5699214041233063 1.082938194274902 68.59498462826014 0
38.46608755737543 5.731273926794529 2.467354312539101 1044.197419390082 87.68691205233335 5442.128742739558 122.0463304743171 1691.456661470234 677.6421193554997 4907.108787238598 72.0552116855979 10556.27009749413 22.1201568171382 1640.307461969554 1777.381747089326 3.7282629981637 2.569663263857365 7.25039579719305 13.59875693917274 4924.527521457523 2.450251638889313 25.6478483825922 6.159176014363766 573.3583019152284 1.492073379456997 26.42634703963995 26.86430932581425 501.2832377254963 1105.573889866471 19.44575245678425 6.920944474637508 99.57717523723841 6.62153222411871 493.9064176976681 9.516597889363766 2637.366739921272 23.42787083238363 814.6106022372842 149.4193280041218 3179.549207270145 76.32511170953512 10.29817429184914 11.1353874206543 3.501468598842621 0 0.2293181568384171 183.9013436809182 1.166753873229027 8.437076009809971 155.8671099245548 21.14751269668341 186.2420739158988 86.67177402228117 2.277000024914742 225.5756288021803 4.126129895448685 22.10479317605495 29.52142267674208 7.730088323354721 3.820434540510178 0.4527591392397881 3.205905355513096 118.5314431861043 30.72630617767572 0.5352868586778641 7.680502340197563 278.4804627001286 1.466821745038033 8.169033050537109 16.83175993710756 296.4443863853812 17.00338846445084 17.41993080079556 0.7021956443786621 1.779518350958824 1.075825378298759 10.44721744209528 1.208386823534966 233.1840037629008 21.45156415551901 29.66249337792397 9.428860060870647 346.3208549693227 3.903103768825531 8.130725488066673 0.9850035607814789
0.3139765188097954 1036.732541307807 1.354687556624413 0.4027397334575653 2.855642430484295 19.5903639793396 3.748298078775406 59.07018176466227 21.89859762042761 3.984730839729309 2295.538858227432 22.1201568171382 1123.494545929134 25.33747363090515 0.318541131913662 3.12513305991888 1.485767304897308 69.79671475291252 11.48409865796566 4.057417921721935 2.503753498196602 96.30437152087688 4.005862802267075 21.50470481812954 3087.839656688273 86.60106880962849 3332.272195070982 4.364785857498646 42.73568930476904 2.030631445348263 509.5610995069146 55.83149413764477 0.5292823910713196 2628.936306886375 0.5838176012039185 236.0737688690424 5063.682247169316 1803.905437357724 345.14977722615 28.48021744191647 5.832019701600075 1353.575418815017 7.268756955862045 0 163.3964391723275 0.2550299167633057 0.4357114881277084 0 0.238485723733902 0.2309484630823135 0.3795499205589294 0.3150958567857742 0.2871926575899124 265.647523239255 0.2203469425439835 3535.709374062717 0.8787752687931061 0.1196357309818268 0.3746338486671448 1.115064010024071 50.4771446287632 8.300474844872952 2.001550197601318 1.207076951861382 1.557654850184917 0 1.302100576460361 962.1933227553964 504.7308319211006 996.4521458670497 0.6960145011544228 0.8286571651697159 0.7822831496596336 517.6522432640195 0.1397853344678879 0 61.86143052577972 2.004012167453766 27.50491206347942 325.3730158284307 27.95465663075447 6.704946905374527 1.620486989617348 3.839568376541138 511.8341013938189 0.6133536100387573
7140.427088528872 1.107903122901917 605.1658232361078 92.128472417593 2.020945958793163 2350.142320625484 8420.099071696401 10816.91064100713 60.11137788742781 1694.566964223981 206.4691057950258 1640.307461969554 25.33747363090515 7444.002981498837 14.32227095961571 5.903320960700512 440.990112632513 26.38928642868996 105.3516771942377 584.8042631521821 381.7031010165811 4.491669952869415 703.2276205271482 530.7063110098243 2.105741091072559 406.1204119548202 83.22076349705458 624.6934664770961 6582.790578506887 3881.699014276266 10.08090169727802 110.5138904675841 37.66115941107273 744.6679511219263 4.844086900353432 402.6828716620803 146.2024567872286 682.4712982699275 131.2672771736979 349.8735039234161 61.14832808822393 9.365182250738144 6.430539570748806 4.175653837621212 0.2219712063670158 2.143345430493355 13.03970512747765 0 2.21859909594059 61.56041666865349 10.69646362960339 3.524693682789803 10.22939500212669 2.050784572958946 3.656498409807682 1.758129745721817 7.6637789234519 0.4907066226005554 20.97733242809772 1.627437941730022 0.5290045514702797 1.796897560358047 4.717850014567375 42.36966740339994 1.67401297390461 10.46282712370157 75.38777334243059 0.56413184851408 6.602607771754265 24.42313411831856 106.9759109094739 23.91200049221516 21.37976399064064 0.1967302411794662 0.09305154532194138 1.052899070084095 6.382875069975853 1.450724422931671 45.64577899128199 10.08026444911957 29.93580961227417 5.626754768192768 36.68203686177731 3.679978638887405 3.60535441339016 0.3145497143268585
0.2379457056522369 16.08068658411503 0 128.840887606144 1151.371683359146 2669.506428182125 29.53911281377077 60.24150339514017 938.0985447615385 31.46390967816114 0.2552522122859955 1777.381747089326 0.318541131913662 14.32227095961571 332.7302982509136 0.5524175837635994 0 0 0 35.53378259390593 0.387216605246067 82.30292300879955 0.7789487242698669 707.7243092954159 2.186867423355579 1.591800063848495 33.33241240680218 61.56284480541945 6.010070122778416 1.179070226848125 0.1034180670976639 352.4527886509895 0.3585190176963806 4.079766862094402 0 60.31045232713223 0.5890272930264473 7.427968442440033 1.148042157292366 1250.972058035433 157.9264429062605 0 0 0 0.1117441058158875 0 2.252956479787827 0 0 1.169929459691048 0.3956295549869537 5.369423538446426 3.791943565011024 0 1.386997178196907 0 0.1062983945012093 1.121854588389397 1.097295850515366 0 0 0 1.070587068796158 0.3491493761539459 0.8255816549062729 0.6369913145899773 5.930270865559578 0 0.1388911008834839 1.60194569081068 4.56828985363245 0.1331590265035629 0.8741112053394318 0.1210297644138336 0 0 0 0 8.010235384106636 1.206950940191746 0.4253519997000694 0.1326310783624649 9.523382917046547 0 1.186062335968018 0
1.313489265739918 223.8849244117737 7.867967903614044 2.289382487535477 0 0.8977579027414322 27.20330469310284 7.172872066497803 127.5712255761027 1.989275202155113 0.1275051236152649 3.7282629981637 3.12513305991888 5.903320960700512 0.5524175837635994 1256.299693435431 15.0303096845746 0.6094865202903748 3.007417544722557 1.642010018229485 3852.604871146381 1817.214688271284 2648.80899631232 2652.646039925516 11.83806981891394 4.828419245779514 3582.274656064808 1218.085323125124 25.10591603070498 147.5107689648867 0.8891000747680664 0.4038572907447815 6.41891784965992 65.63278667628765 28.92701995372772 2357.55377214402 638.3088600859046 306.9871075451374 421.2078817859292 134.8313577026129 0.5381352975964546 3.187866270542145 9.728771686553955 7.415902055799961 5.691333018243313 257.4762573614717 0.1248626783490181 0.1497071832418442 0.1170842424035072 20.2057833224535 2.720434762537479 23.20332545787096 2.429850772023201 0.2248555198311806 0.3502686321735382 1.29545583575964 10.46887364983559 0.8067551329731941 636.1220418810844 5.098068363964558 0.5711579546332359 2.322539202868938 0.9525656774640083 349.3731776922941 643.7361046075821 1106.688240230083 157.6277468577027 0.4866705536842346 20.5952065885067 3084.030923657119 42.64115350693464 66.68976221978664 237.1612823531032 0.6889288797974586 0.6608976796269417 20.58298332989216 29.35005807876587 16.77365207672119 400.017963051796 36.73520168662071 104.4213851317763 78.36182077229023 21.8336988016963 2.364076636731625 1.605202183127403 5.043081440031528
163.406545124948 2.874135218560696 7311.53274346143 2.438772298395634 0 9.867926917970181 113.7978051826358 183.9382461607456 3.374005697667599 8.877467587590218 251.5651708245277 2.569663263857365 1.485767304897308 440.990112632513 0 15.0303096845746 1214.13814932853 174.885757535696 3325.463322795928 3.532139390707016 458.7162729129195 3.765226982533932 4155.201135069132 55.18455327302217 0.78889200091362 3825.934922687709 4403.552353017032 92.28226906061172 1035.923204816878 2757.501037336886 0.9033078923821449 3.93279979377985 78.33259215205908 3035.333857081831 7.006194740533829 567.2289375066757 1918.108000658453 2159.629067279398 1020.094144999981 22.32941909879446 3.256734944880009 10.747788451612 2.65175948292017 0.5809405222535133 8.817558124661446 3.748988777399063 0.1778314411640167 0 0.09800788760185242 0.9804214835166931 0.4160156697034836 0.5388935059309006 0.4244677275419235 5.712107144296169 0 34.73060028254986 0.9737077131867409 0 12.53523320704699 13.84271423518658 13.80841665714979 23.93653920292854 0 18.03590162843466 1.899537228047848 16.7962212190032 8.062120974063873 9.229879140853882 168.6762150153518 255.9910115152597 3.025275759398937 3.526592925190926 9.6698252633214 24.21558639407158 0 1.558664694428444 6.859547853469849 2.380839258432388 27.86320625245571 72.31333019584417 16.36536549031734 7.724248863756657 1.481565669178963 0.197759285569191 4.849955193698406 0
0.6942926794290543 13.99871228635311 14.56780599802732 0 1.382946595549583 9.071738347411156 2.233007498085499 31.1894983202219 1.471162997186184 1.33628786355257 3575.738496698439 7.25039579719305 69.79671475291252 26.38928642868996 0 0.6094865202903748 174.885757535696 193.1199683099985 2703.009796082973 1.431926585733891 1.100355602800846 3.346419356763363 8.464938297867775 1.616740114986897 7.578852877020836 2405.007251627743 1029.157355979085 1.77306305617094 50.47525329142809 6.862555250525475 166.3292033746839 35.39180142432451 0.3257671147584915 493.1917633414268 7.925011992454529 486.5063428133726 735.5626620203257 1062.501234471798 222.1535501554608 16.90451888740063 0.3831923305988312 23.03286473453045 1.309347689151764 0 5.846412658691406 0.1865259259939194 0 0 0 0 0 0 0 15.09121873229742 0 109.8597347661853 0.1479106098413467 0 0.1216840147972107 0.2883904576301575 15.56856105476618 2.524434201419353 0 0 0.454749807715416 0.138097956776619 0.3243665993213654 14.55345775187016 105.4662904143333 120.1595940366387 0.417355552315712 0.1530275344848633 0.13333360850811 45.70774754881859 0 0 1.422894597053528 0.7484245449304581 11.83462885022163 46.97321578860283 3.55140283703804 2.106204316020012 0.1319075524806976 0 7.125589653849602 0
21.53042916953564 7.391305908560753 401.2470538914204 0.554511658847332 2.958880089223385 14.5648770108819 11.49747258424759 75.92973618209362 1.88432565331459 3.943786628544331 1854.315644390881 13.59875693917274 11.48409865796566 105.3516771942377 0 3.007417544722557 3325.463322795928 2703.009796082973 3059.455194838345 2.924030549824238 17.52938863635063 3.45829950273037 223.6371689587831 7.980108082294464 4.575772702693939 6773.408299982548 1882.472615629435 21.39932765811682 286.6331642046571 184.2463073134422 47.98858063668013 61.96122267097235 23.34658943116665 4456.634252540767 27.60593555867672 1454.42681954056 1289.591719530523 2980.704462222755 746.5663603842258 39.32077983021736 1.371151149272919 1.686796396970749 6.166687615215778 0 11.63361350446939 1.205530494451523 0 0 0 1.116243809461594 0.2809064984321594 0.2194268703460693 0 23.62689146399498 0 163.957448258996 0.4228797405958176 0 1.308976009488106 2.059797063469887 30.66178724914789 15.13430150598288 0 1.942928031086922 0.277656763792038 1.274960957467556 0.8163710534572601 23.61206316202879 243.8085196688771 286.2246965616941 0.6256381049752235 0.8140484988689423 1.341232649981976 71.8596131876111 0.8310907483100891 0 2.630931444466114 4.577695086598396 43.40430314838886 92.04055831581354 15.03932306170464 5.763766780495644 1.841873310506344 0 8.478518560528755 0
65.71588939428329 0 6.341695375740528 6317.271816894412 2.411624118685722 196.8729273304343 150.2307786568999 313.1703942343593 373.3486112505198 12881.91843791306 14.6477777287364 4924.527521457523 4.057417921721935 584.8042631521821 35.53378259390593 1.642010018229485 3.532139390707016 1.431926585733891 2.924030549824238 1531.263925939798 7.447574123740196 0.7348552644252777 9.754714153707027 730.1338484361768 1.074938580393791 10.33065548539162 12.04948162287474 4326.546415865421 646.1649945750833 52.77724697440863 1.239005535840988 22.3126015663147 22.24380838871002 234.992910310626 9.330929204821587 1040.741273656487 17.80195967853069 363.404040530324 128.6154441684484 258.6907775178552 63.97055039554834 5.266159452497959 12.35327140986919 2.90672617405653 0 1.160988472402096 243.3182748109102 0.9747927486896515 13.26993099600077 194.2567665576935 39.72728285193443 133.4660661518574 137.7921339944005 1.717317253351212 129.8691479042172 4.140672579407692 31.98495610803366 24.52564185857773 9.146856889128685 2.081065312027931 0.1408454179763794 1.107990518212318 142.333317540586 27.0249435454607 0 3.628203429281712 377.2769208475947 0.4269441366195679 3.667360335588455 9.911435328423977 461.6243539005518 28.31119436770678 10.84326652437449 0 2.193414434790611 1.571272894740105 12.91124026477337 2.165998116135597 129.0646882653236 8.729998558759689 44.11183087527752 13.32164116948843 223.3785411193967 5.119721055030823 5.002927511930466 1.350610435009003
119.6540223136544 5.021418586373329 829.6615797504783 9.446757145226002 0 66.72517877072096 1669.821550481021 246.0880443528295 72.3237598836422 40.64999012649059 8.912751853466034 2.450251638889313 2.503753498196602 381.7031010165811 0.387216605246067 3852.604871146381 458.7162729129195 1.100355602800846 17.52938863635063 7.447574123740196 12698.33983120322 115.737725071609 11218.18738915026 626.5067641586065 1.715254604816437 204.6564301475883 524.2140057832003 7343.392694689333 164.1336041912436 8096.118325658143 0.5989303961396217 2.88691820204258 11.98816706985235 2842.465356051922 108.1734360381961 7457.809254221618 1457.338712722063 4004.218801803887 2786.644107595086 421.3325665518641 4.114495396614075 7.433962002396584 32.05984476208687 10.78888148069382 0.3718137592077255 5.401883646845818 2.770607277750969 0.5623065978288651 0.6906925216317177 20.33095900714397 4.57616002112627 9.633105255663395 4.352387443184853 0.6648962646722794 0.6534323319792747 3.244067713618279 9.347751453518867 0.581560418009758 489.6451459974051 4.58067736774683 1.929626315832138 2.594577848911285 0.1497674584388733 386.1893088668585 101.889392323792 807.8915140852332 126.332385994494 2.128947868943214 10.94008155167103 338.2017450705171 43.53196866810322 104.4247550070286 261.0995393320918 0.4172280058264732 0.326080285012722 32.1008226275444 39.29634873569012 19.34103947132826 305.0740537121892 32.64874082803726 76.35679382830858 43.77662819623947 23.16193794459105 3.303353510797024 6.674939908087254 2.298525981605053
0.8730933368206024 2084.831336967647 3.401430800557137 0.6739066690206528 2.395591914653778 17.44305419921875 11.54367825388908 4.088054284453392 2265.16865927726 1.197915889322758 4.610689610242844 25.6478483825922 96.30437152087688 4.491669952869415 82.30292300879955 1817.214688271284 3.765226982533932 3.346419356763363 3.45829950273037 0.7348552644252777 115.737725071609 1060.876375287771 265.6824596002698 4181.050762630999 436.8285935223103 18.39385014772415 4170.163891151547 278.5600081458688 22.42864049971104 27.34746556729078 31.05577919632196 0.1785164475440979 1.881292015314102 21.30906504392624 3.747949838638306 78.45633002370596 24.7218946442008 27.45123145729303 12.76345191150904 230.0271342918277 0 4.473169170320034 0.1232889890670776 1.844769045710564 18.15338748693466 77.73206599056721 0.6775548607110977 0 0 2.923337854444981 0.6066443771123886 20.60683128237724 0.6408062651753426 0.6570395305752754 0.2074812054634094 4.220313407480717 0.9586593210697174 0.5462995544075966 160.6410067230463 4.146288804709911 1.600916780531406 2.094425976276398 0 47.35487116128206 46.63813370466232 245.4008827880025 44.35509559512138 4.732938766479492 21.0171637609601 1450.144765324891 8.325376659631729 10.57668800652027 36.78721936792135 2.549995705485344 0 4.008295126259327 4.691269569098949 2.074087336659431 85.06978592276573 12.95847853273153 19.43109132349491 21.28318828344345 9.47237566113472 1.302814036607742 0.3785069063305855 1.641393929719925
261.2323428839445 4.471547998487949 6925.658241458237 10.20716340839863 0.1524533182382584 62.53400913625956 1260.146425880492 505.5090975686908 64.12028855830431 49.41361485421658 39.76508486270905 6.159176014363766 4.005862802267075 703.2276205271482 0.7789487242698669 2648.80899631232 4155.201135069132 8.464938297867775 223.6371689587831 9.754714153707027 11218.18738915026 265.6824596002698 22844.67585338652 648.9114993885159 0.8425631150603294 1833.24490044266 5493.161025263369 6235.964196242392 368.2991738766432 6595.086601361632 2.075015000998974 6.716665528714657 18.15370023995638 4053.352904990315 292.3599712625146 14529.74724700302 8177.852109253407 7983.695165291429 6904.313089340925 981.1215604767203 23.18094507604837 23.59705373644829 120.2921386212111 4.564644120633602 4.844961546361446 816.3272385671735 0 0 0.1125130355358124 15.64762626588345 2.747539639472961 7.853019304573536 1.350774690508842 2.357297971844673 0.2063474655151367 4.743917979300022 5.403382897377014 0.7861406952142715 314.227905459702 21.70558310300112 2.636802837252617 9.207833655178547 1.651220172643661 167.264640852809 243.2556517645717 857.2832608222961 50.8258568495512 0.5621654912829399 58.05957422405481 4323.644166514277 20.93324548006058 35.83229833841324 123.3003971427679 1.729808911681175 0 13.6620886772871 33.36078262329102 105.2222154587507 433.7557626664639 85.59725107997656 114.8271773532033 152.8449571430683 28.6493323892355 2.291480392217636 16.3282563239336 2.918915644288063
144.3421026095748 739.9925979301333 110.886742644012 2968.329419307411 21.15391854941845 230.2548043206334 1154.175027944148 768.6588044315577 8054.133090019226 462.1284534409642 9.06842527538538 573.3583019152284 21.50470481812954 530.7063110098243 707.7243092954159 2652.646039925516 55.18455327302217 1.616740114986897 7.980108082294464 730.1338484361768 626.5067641586065 4181.050762630999 648.9114993885159 13062.26247994602 110.9248632416129 70.67852856218815 3821.033139817417 10092.3567080535 1485.323400788009 1936.04277522862 8.844412975013256 13.73916404694319 367.6916264742613 553.7662665843964 60.31507980078459 3321.681406989694 124.0067540705204 677.3055911362171 370.5889344215393 835.4830937981606 66.12740810215473 7.774519272148609 29.24539211392403 70.79418285191059 8.203292705118656 19.33788277208805 425.6451953426003 2.299487508833408 32.21629106253386 948.4970504119992 207.1220143958926 661.1098172217607 284.9086666479707 14.10866861045361 126.6713107153773 7.786427482962608 209.2056336849928 21.44788151234388 758.9438487514853 11.49690199643373 8.690554283559322 10.1032422631979 241.3250595107675 736.0289873033762 179.0442053899169 296.7321835234761 2553.020662389696 2.924250744283199 39.89008588343859 281.4174350127578 2175.003735482693 386.0052166134119 399.1290868073702 2.5191810131073 12.4831478446722 40.86402796953917 88.04732398688793 25.18626108765602 713.2879407182336 43.93219894915819 430.6363183483481 104.0638781040907 631.1220385357738 49.47342550754547 14.87843113392591 13.94535438716412
0.09848137199878693 1570.189058989286 1.318166643381119 0 0 3.288576208055019 3.695035584270954 3.827268078923225 104.8147903755307 0.1595782786607742 222.7724987566471 1.492073379456997 3087.839656688273 2.105741091072559 2.186867423355579 11.83806981891394 0.78889200091362 7.578852877020836 4.575772702693939 1.074938580393791 1.715254604816437 436.8285935223103 0.8425631150603294 110.9248632416129 227.2191022634506 44.35868862271309 1920.876467838883 12.47022304683924 2.210027158260345 2.29448764026165 274.0369302928448 4.984907247126102 1.106754533946514 1311.953137770295 4.294764906167984 235.3543940708041 507.6959402263165 403.8501645028591 194.4121923446655 27.16468576341867 4.447037935256958 592.2220567464828 19.83114418387413 0 229.7750815749168 0.5472701340913773 0 0 0.4771965891122818 0.1251534521579742 0 0.208524078130722 0.2357082664966583 96.12009005248547 0.2319496348500252 1151.463711939752 0.3686388731002808 0 0.2166876271367073 2.372865617275238 28.80185081809759 18.34439919888973 0.1202354058623314 1.125620692968369 2.349208787083626 0.1821781396865845 0.6361474469304085 197.8667892962694 537.964408993721 1365.981606937945 0.2212873995304108 0.6114692091941833 0.1571220457553864 196.9603053703904 0.1860088109970093 0.09122577309608459 23.97995660454035 1.989505350589752 84.31143645942211 134.8745269924402 27.58804063498974 11.93932639062405 6.510890327394009 1.200808644294739 185.0355243980885 0
108.5045780465007 88.6527147591114 10357.70750083029 8.4230862185359 4.867667056620121 64.40574883669615 479.7210513427854 305.920916646719 11.10621786862612 40.16327396035194 3888.088023558259 26.42634703963995 86.60106880962849 406.1204119548202 1.591800063848495 4.828419245779514 3825.934922687709 2405.007251627743 6773.408299982548 10.33065548539162 204.6564301475883 18.39385014772415 1833.24490044266 70.67852856218815 44.35868862271309 32389.29359933734 13380.81184649467 176.3987577930093 247.7095304057002 262.7129651978612 510.4813470318913 91.16875656694174 9.48851502686739 1773.129716269672 38.94685747474432 3478.731240011752 8882.670204080641 4040.762943230569 1122.633863523602 106.8480385765433 3.245941422879696 212.0561759844422 11.7921944335103 0.4552220553159714 165.4119335636497 7.310837417840958 1.912494719028473 0 0.6047350466251373 4.240464806556702 1.440379738807678 2.490918703377247 1.78960882127285 230.2198655679822 2.764794819056988 1716.673572845757 6.821326270699501 0.1441503316164017 8.576640158891678 87.04591747373343 299.9228061661124 248.8112100362778 0.4330045133829117 8.462657727301121 9.856742382049561 9.482276357710361 6.714644528925419 267.5268962532282 2606.587515182793 3731.526821315289 3.6540123000741 5.217072606086731 5.357807546854019 635.5434664040804 0 0.4682544320821762 50.59738201647997 10.17047007381916 236.4430736675858 1093.096345432103 177.2381114810705 53.65343779325485 16.82684108614922 1.175139665603638 112.4793942794204 0.2225652635097504
13.92417633533478 3529.231043435633 3217.364173486829 21.28354896605015 1.398023180663586 58.31360667198896 729.470080666244 90.27404675632715 1196.807214997709 47.73926396667957 453.0157439932227 26.86430932581425 3332.272195070982 83.22076349705458 33.33241240680218 3582.274656064808 4403.552353017032 1029.157355979085 1882.472615629435 12.04948162287474 524.2140057832003 4170.163891151547 5493.161025263369 3821.033139817417 1920.876467838883 13380.81184649467 23573.75397713482 1890.625548459589 109.6500411182642 173.6798756122589 1768.471672669053 30.55446431785822 10.86777511239052 3494.110035702586 150.8971330970526 7561.410097822547 6182.578046791255 6028.514046378434 2720.761461436749 356.8323326855898 15.49453094601631 110.8218080475926 42.53601950407028 3.303207911550999 2596.617045499384 1738.757819190621 3.666837878525257 0 2.704214558005333 41.5463438257575 22.03489585220814 23.33791666477919 8.366854749619961 277.3174972832203 2.603775054216385 2003.584663569927 18.72427667677402 0.5502295345067978 119.0672711506486 748.0451397448778 438.6438018381596 644.1196981072426 3.244801364839077 60.3410773947835 519.8715381324291 697.3750750496984 63.88656278699636 692.6301831901073 5947.703217893839 25756.34671666473 49.1271101012826 17.79040569067001 49.39158568531275 866.1998099982738 1.890826769173145 2.012090437114239 238.5180134922266 58.18860806524754 1314.127915278077 1774.165870845318 757.1627189591527 599.7402053251863 75.6486359462142 8.160913199186325 150.5328167304397 6.882186353206635
