928.0641301497817 0.4879712164402008 31.83704005181789 2.549862273037434 0.5151840299367905 26.89710391312838 1278.698081128299 1195.004255481064 10.16376974433661 15.28371414542198 30.83237141370773 5.276652298867702 3.396561175584793 6318.338634900749 0.1383470147848129 0.2567774578928947 127.8683055713773 14.62788987904787 28.82883328944445 0.8796056061983109 5.557084105908871 0.4374533221125603 38.46152074635029 24.78212402760983 0.1027175486087799 39.74555680155754 26.49377690255642 41.71947256475687 2864.662881650031 2749.862008936703 0.792692206799984 12.26960422843695 70.09041798114777 171.3522456437349 0.3809716105461121 8.602940805256367 1.265889286994934 76.18332282453775 7.164275750517845 1.48503278195858 1.515474282205105 0.124465711414814 0.3514048159122467 0 0.1542230099439621 0 0.4639529436826706 0 1.271095417439938 1.098102703690529 0.09338939934968948 1.212244756519794 0 0 0 0 0.3500711917877197 0 0.6063956469297409 0.1057691648602486 0 0 0.1207146346569061 0.7210504412651062 0 0 8.25383111089468 0.1213148310780525 1.120573773980141 2.710570797324181 5.099818706512451 0.1256782710552216 0 0 0 0 0 0.2239190191030502 2.551300823688507 0 1.271681129932404 0 0.434312105178833 0 0 0
0.4879712164402008 212.7990555986762 253.1649332642555 0.891855888068676 2.05134192109108 4.267888933420181 7.940069511532784 3.532657019793987 798.4551639705896 1.441893227398396 325.6681183353066 6.944782443344593 904.263747356832 2.169991113245487 40.78308503329754 304.7598142847419 291.5521814376116 3.273361183702946 30.34013521671295 0.1247466206550598 24.90007804334164 3046.393051281571 40.04663263261318 1207.092419706285 1393.66007810086 273.5692893341184 6939.227905064821 27.53733312338591 4.483345940709114 7.992564350366592 8.24474174529314 1.755080468952656 0.6063812151551247 232.8563000112772 4.404803439974785 358.7762235924602 378.0758390799165 639.1390244141221 189.3330037817359 30.97770803421736 0 107.884660884738 0.1308401226997375 0 53.37119191884995 30.13142128288746 0 0 0.2210841998457909 0.6034289598464966 0.09883489459753036 1.38455419242382 0.1105265542864799 7.930913381278515 0 35.43201174587011 0 0.2130017578601837 3.338949128985405 40.225072234869 0.5986120402812958 15.44524781405926 0 1.372784234583378 18.12309867143631 5.41252251714468 17.07836974412203 26.7759694904089 117.7427135109901 1530.715313240886 2.03209475427866 0.1053573042154312 0.9063683450222015 4.253423124551773 0 0.1195538714528084 9.997714757919312 7.549856066703796 40.05824293196201 71.99272848665714 41.90621911734343 11.27799849957228 1.856963694095612 0 6.65469679236412 0
31.83704005181789 253.1649332642555 7252.085833147168 35.94261353462934 0.4045380651950836 462.6458636969328 1145.183936052024 511.4011825546622 1.371064528822899 90.53863684087992 29.16222517937422 7.584944292902946 1.109816275537014 347.1302746906877 0.2359405308961868 8.374884940683842 5197.198868885636 36.37443735450506 138.2745672911406 3.440546095371246 2263.07149861753 90.96860544383526 11445.38745428622 29.52723314613104 0.8290237337350845 5797.681584008038 4510.947941504419 385.3807186409831 118.7531886547804 469.3366781398654 0.9046172574162483 9.435099177062511 15.4208288192749 484.6278242170811 29.11315877735615 1163.076231457293 1127.812722757459 1819.890584103763 796.2365860641003 23.59894736111164 5.848471723496914 0.1196011602878571 7.187891870737076 0.1134521141648293 228.6269036754966 728.4052392020822 0 0 0.5512242987751961 3.786130145192146 2.326412059366703 0.9336741715669632 1.739446580410004 0.6516015753149986 0 0.3742667734622955 1.937262147665024 0 36.36704848706722 243.0075403600931 0.1719952672719955 24.90569635480642 0 15.70501523464918 96.52966658771038 127.3460246622562 17.09795587509871 1.669791787862778 271.9954879581928 2316.364517778158 12.51341315358877 0.5073082223534584 3.739049047231674 0.5043846517801285 0.2379317879676819 0 45.71263547986746 32.07613857090473 225.6581034809351 167.9761964455247 226.0265475809574 71.97531045973301 4.707592204213142 0.5295592099428177 0.565904825925827 0.9549210667610168
2.549862273037434 0.891855888068676 35.94261353462934 3995.47992246598 1.610539004206657 586.7361008897424 335.5921569988132 36.24600163847208 1147.93174790591 9766.245442926884 12.43940800428391 2890.555770739913 0.624218761920929 28.73846288770437 41.97611556947231 9.875880144536495 5.745292149484158 5.313133053481579 8.495003663003445 4958.04937941581 17.00306472182274 6.328691683709621 11.21374461054802 2913.294017657638 0.1309192031621933 19.54381299763918 46.68916168063879 1980.274905502796 58.39441576600075 4.31107459962368 0.1099229082465172 5.34745991230011 8.177330799400806 44.03408641368151 15.74815233051777 572.7513786777854 19.79837053269148 194.0310454964638 59.741993278265 126.0424393713474 27.75816577672958 0 18.63399387896061 0 0.1299103796482086 1.396817602217197 282.7816120684147 0.7703646123409271 58.631805293262 165.654113791883 15.82259596884251 275.8447923883796 59.1966664865613 0.4713126197457314 186.805347725749 0 2.997001022100449 26.65344131737947 6.300783582031727 0.109650582075119 0.2849081605672836 0.2645541206002235 222.9226257428527 3.95964939147234 1.548658236861229 4.704981938004494 564.4996236786246 0.1201590299606323 0.5034327954053879 6.362441048026085 294.3683448433876 5.297079592943192 5.063058108091354 0 1.076292037963867 0.3930605053901672 1.474905699491501 3.311645567417145 119.665646597743 0.9491273164749146 9.808469474315643 5.413096129894257 116.1346368640661 0.5548459887504578 0 0
0.5151840299367905 2.05134192109108 0.4045380651950836 1.610539004206657 0.4610171914100647 63.36994153261185 3.055657938122749 3.569855704903603 165.7020474672318 8.444751396775246 33.29760263860226 44.97754608094692 3.79988981038332 0.3740827739238739 642.8154069185257 0.2323390543460846 0.5815061926841736 3.953225433826447 1.364526405930519 1.049883887171745 0 2.829816214740276 0.4733747094869614 20.36706908047199 0.7232820838689804 3.865717321634293 3.17591717094183 2.577356271445751 64.27418242394924 1.194182604551315 0.6612342521548271 0.7946833372116089 0.8512504696846008 440.7198201715946 0.7508344650268555 31.89823360741138 4.600555539131165 167.9216095656157 40.3277957290411 2138.781013712287 101.0312504321337 4.784551203250885 1.698829412460327 0 0 0 0 0 0 0 0 0.8015249371528625 0 0 0 0 0 0 0.1375843584537506 0 0 0 0 0 0 0.3382757902145386 0 0 0 0.2101621776819229 0 0 0 0 0 0 0 0 1.148840546607971 0 0.1442053914070129 0 0 0 0 0
26.89710391312838 4.267888933420181 462.6458636969328 586.7361008897424 63.36994153261185 13300.83252076805 6963.965400636196 8616.855676367879 281.100714482367 9615.113480038941 270.0927830412984 3426.834099061787 60.07395070791245 984.5880890935659 1656.2355767712 14.61949479579926 167.4417708516121 99.06314330548048 75.38995067030191 317.4938952475786 101.8897415101528 14.81447117775679 165.3606112450361 377.9378229007125 4.913269117474556 216.241201557219 201.3980565443635 1570.85359749198 776.0539682507515 139.250570088625 7.088586494326591 264.7613071277738 17.81377448886633 1973.779827527702 24.11943547427654 1471.561427816749 84.4139167368412 1714.124073028564 500.1418651938438 1935.364188633859 1084.788305170834 31.95582065731287 46.62056656181812 0.2789552211761475 0.2351846471428871 1.427065916359425 11.29183837026358 0 7.757516115903854 24.51511546224356 0.7266802787780762 13.2713365405798 1.804778628051281 0.1213657930493355 8.035600781440735 0.6025746092200279 1.061939664185047 1.020541191101074 8.950628869235516 0.4317028746008873 0 0 5.53464375436306 2.48367989808321 3.945040069520473 4.927546791732311 62.4349107593298 0.1988190189003944 1.815490014851093 16.42801753431559 55.47289895266294 2.29797226190567 0.7761653959751129 0 0 0 0 5.407161548733711 19.19683890789747 0.9202845469117165 8.516887858510017 5.143367983400822 10.00795915722847 0 0.541711837053299 0
1278.698081128299 7.940069511532784 1145.183936052024 335.5921569988132 3.055657938122749 6963.965400636196 15619.77573889494 4667.524043127894 254.3161038532853 8556.618825644255 110.3340951576829 131.2493272796273 12.07450843602419 6759.767598807812 46.61557318270206 99.4230430200696 425.545400261879 75.06951192766428 86.06252770125866 47.86037328094244 1002.896422795951 35.73417452722788 743.5968524068594 1142.777749873698 1.365966096520424 340.6877555623651 570.3102608919144 13410.52947059274 1345.410001538694 5265.782224275172 3.317068852484226 41.30356733500957 126.8110023885965 551.6372123286128 84.73360735177994 1871.040688812733 81.06051271408796 1343.509366877377 526.725133061409 370.3757794052362 111.3355915248394 3.702803425490856 50.45057255029678 0.2574319541454315 1.248890481889248 5.270415119826794 34.87224270403385 0.1465933620929718 50.06834656745195 146.5679542198777 15.3810067102313 99.47828827798367 13.95128834247589 0 2.023254126310349 0.5317529737949371 4.723227672278881 1.08340847492218 30.46476121991873 1.407428413629532 0.09256087243556976 0.6749265938997269 34.81588995456696 12.58420398831367 13.51692218333483 28.38494428247213 439.718121625483 0 4.785982213914394 73.89983680099249 332.7840900346637 6.810180865228176 6.225507512688637 0 0 1.719973377883434 3.828617163002491 16.35057127475739 114.0050681903958 3.052756451070309 26.55281075835228 9.038810551166534 24.61577697098255 0.4002076461911201 0 2.212022572755814
1195.004255481064 3.532657019793987 511.4011825546622 36.24600163847208 3.569855704903603 8616.855676367879 4667.524043127894 9357.709169894457 63.7533280774951 2738.370591528714 161.708776012063 905.5657405853271 26.04102698713541 6460.214061707258 253.2346674129367 2.819978475570679 561.9941459521651 60.45217518508434 77.3859883621335 110.3401024118066 58.36228311061859 2.217033587396145 322.2795509546995 80.65522819757462 1.500659011304379 261.7877748012543 144.7924088984728 169.440298192203 1573.609293229878 1602.71752538532 4.844611681997776 198.7104254812002 12.86918188631535 769.1480110660195 14.4316028803587 367.9442604631186 39.63841252774 681.8251130282879 182.7632344216108 273.8379488512874 132.0491621717811 14.31830800324678 4.939734391868114 0 1.136504612863064 0.8895930796861649 3.030415654182434 0 1.053113169968128 4.319414764642715 1.5854397341609 4.57648391276598 0.6240289360284805 0.1412589848041534 1.213618457317352 0.4219821915030479 0.7636564150452614 0.219179779291153 2.324551023542881 0.7416112273931503 0 0.6307998597621918 0 1.627446740865707 1.663372404873371 1.145125865936279 41.04257824271917 0.1051872745156288 5.675614655017853 18.66410101205111 25.51698049157858 1.115901716053486 0.8072753548622131 0 0 0.8899435475468636 0.6646232008934021 0.816146045923233 11.67596179991961 1.217214733362198 3.93385574221611 2.661406792700291 2.751093044877052 0 0 1.794135093688965
10.16376974433661 798.4551639705896 1.371064528822899 1147.93174790591 165.7020474672318 281.100714482367 254.3161038532853 63.7533280774951 684.1279185563326 36.13285485655069 86.05490353703499 615.8916867598891 235.0799260213971 32.03363616019487 1446.746469989419 96.44408046454191 5.970288217067719 1.938321597874165 4.573258064687252 465.7839175611734 71.57977340370417 2751.90246694535 18.04993022978306 9515.57928301394 247.7461154907942 16.44073865562677 860.4338486641645 821.3101824298501 73.72456203401089 292.6441258564591 3.674160480499268 6.641024082899094 20.33031196892262 61.7416448071599 14.01213857531548 584.6360590085387 42.49192011356354 102.6093355715275 65.45386236160994 607.2239770889282 16.02377954125404 12.45413564890623 9.242298662662506 2.867501251399517 77.97519432008266 1.766165092587471 290.1350627616048 0.6505529135465622 79.50043871253729 193.307706899941 14.38783943653107 75.78138352930546 25.22247740626335 2.739644326269627 110.1127589270473 9.920385897159576 7.482334688305855 43.99042480438948 332.1149367466569 0 0.2923562228679657 0.5361975505948067 300.995196595788 79.78080003708601 47.45629519224167 53.03056524693966 1247.013128481805 1.822835423052311 7.418598666787148 16.71209885925055 413.343400657177 15.29455741494894 15.1335469186306 0.9423182308673859 0.9240148663520813 4.713450752198696 7.745905116200447 7.861079275608063 162.3161894530058 2.442493379116058 25.32656191289425 9.69322707504034 156.1311619728804 1.595606997609138 0.6110431104898453 1.605274960398674
15.28371414542198 1.441893227398396 90.53863684087992 9766.245442926884 8.444751396775246 9615.113480038941 8556.618825644255 2738.370591528714 36.13285485655069 39184.19587191939 147.1458270549774 4354.541148580611 19.37663694471121 747.2993789836764 7.910000532865524 13.60985384881496 27.85893459618092 75.08870411664248 83.82553744316101 6629.032847344875 40.53025664389133 6.348550856113434 33.77545503526926 383.373583689332 1.44065760076046 105.4951538592577 88.92509046196938 7090.607878059149 370.6881763413548 32.2253343462944 4.222148232161999 58.39682344347239 10.90741265565157 394.3481652587652 27.0499382019043 1431.456112340093 52.02952017635107 1286.557643681765 123.0895368084311 645.6813009306788 202.2858132943511 2.783616401255131 80.14561675488949 0 0 0.6105664148926735 128.5838496088982 0 5.147302597761154 9.140014812350273 1.235703483223915 8.581562340259552 0.525660514831543 0 11.58442759513855 0 0.1947775781154633 0 3.009892329573631 0.2281003519892693 0.3111998587846756 0 1.784424133598804 1.125933244824409 1.319975942373276 2.298543989658356 31.06121470779181 0 0.767674133181572 9.409194782376289 21.18401239067316 0.7912643998861313 0.7102121859788895 0 0 0 0.1240610778331757 3.017856776714325 7.748319312930107 0.5964409708976746 1.107325792312622 1.437020495533943 1.384230732917786 3.948816537857056 0 0.9489815831184387
30.83237141370773 325.6681183353066 29.16222517937422 12.43940800428391 33.29760263860226 270.0927830412984 110.3340951576829 161.708776012063 86.05490353703499 147.1458270549774 11422.74686311185 257.5766647085547 2896.544008426368 84.15547598898411 6.943191669881344 6.348632156848907 641.3498035669327 4822.87176900357 3214.832101941109 32.20918686687946 36.8833734318614 128.5032749027014 34.49047025293112 78.37742647528648 713.5326232165098 1826.460454963148 213.9854053556919 30.89373733103275 509.5931982547045 112.5109933689237 257.1969926729798 239.8237708956003 41.32945716381073 4815.894029572606 1.248579144477844 284.7455648034811 2509.454360596836 2203.979998476803 224.4748669862747 16.73972960561514 40.04690601676702 598.0780208483338 5.469340749084949 0 31.29605788737535 0.5848964154720306 0.1119682639837265 0 0 0.6960226595401764 0 8.660960927605629 0 290.7855062484741 0.9107994139194489 1121.907519325614 0.1492833644151688 0.6833678707480431 0.8591072708368301 0.951454371213913 3.161103822290897 2.273314543068409 0 0 8.759221263229847 0.1107345670461655 12.13146362453699 99.27913757413626 45.71837297827005 143.7031530812383 3.242650434374809 0.08785413950681686 0.1003330051898956 119.1203049123287 0.1129112392663956 0 12.46087838709354 0.7628337442874908 8.951093606650829 127.2854567691684 22.68925950676203 3.607566744089127 0.3600973188877106 0.2246148288249969 86.75747911632061 0
5.276652298867702 6.944782443344593 7.584944292902946 2890.555770739913 44.97754608094692 3426.834099061787 131.2493272796273 905.5657405853271 615.8916867598891 4354.541148580611 257.5766647085547 8845.208700269461 46.3920589312911 545.0820310488343 1382.187580600381 1.436686038970947 9.468515485525131 109.4735933020711 84.96146979928017 7397.179800063372 3.659297190606594 10.52342548966408 3.960876874625683 850.8597088158131 3.941897355020046 101.4732701852918 37.09989626705647 351.5021197348833 393.9351886361837 7.655635036528111 9.092273816466331 122.4649289697409 3.47919836640358 657.4738694652915 46.54073736071587 631.5240032672882 25.69074429571629 1300.312597513199 102.5438805893064 1525.315092951059 134.0210295915604 11.90942821651697 29.36536726355553 0 0.2155011370778084 0.1422977149486542 118.9734942242503 0.2358938604593277 5.010875999927521 22.49133674800396 0.3852095603942871 100.1378395557404 28.67457655072212 0 263.4026430100203 0.4789775833487511 0.896471694111824 47.50656704604626 0.8411936610937119 0.1986445039510727 0.08939690887928009 0.1782471537590027 93.80063676834106 0.1260574609041214 0 0 158.380369707942 0.09755884110927582 0.625508725643158 1.195929154753685 59.67137505859137 0.6600717306137085 0 0.1273262500762939 0 0 0.5761783123016357 15.08880326151848 145.4130310118198 0.4086181670427322 9.411637723445892 0 192.2875463664532 0.9938121438026428 6.223905563354492 0.6942470669746399
3.396561175584793 904.263747356832 1.109816275537014 0.624218761920929 3.79988981038332 60.07395070791245 12.07450843602419 26.04102698713541 235.0799260213971 19.37663694471121 2896.544008426368 46.3920589312911 2851.009495303035 10.90453519672155 11.74119545519352 17.76500214636326 3.163580425083637 35.50023590028286 7.767543189227581 5.46495870500803 4.873701848089695 394.0440729260445 2.534789018332958 231.2755607739091 3136.675533011556 118.6183366030455 1091.603284582496 5.583868362009525 51.96002770960331 8.516866594552994 421.6974898278713 38.89998150616884 0.6688411682844162 1552.592082485557 4.490770816802979 364.5789214447141 1777.267940737307 1423.13891864568 100.6694971844554 29.72740430384874 74.54843166470528 719.6147216334939 2.387295752763748 0 60.12391052395105 0.1540462821722031 0 0 0.1274047195911407 0.112625353038311 0.4855921566486359 16.1150990575552 0 609.7194941043854 2.870267741382122 2619.082272283733 1.083092451095581 0.9656453281641006 1.143488019704819 0.3916836529970169 10.93482895195484 1.422869004309177 0 0 16.71274587512016 0.6220765113830566 14.07544676959515 283.3707290515304 105.7433869019151 355.9328925162554 0.2480010911822319 0 0 327.0222979187965 0.09214259684085846 0 19.45088290423155 3.062229216098785 39.55527443438768 197.8941872864962 38.93922919780016 19.78763426840305 6.97886261343956 0 124.1774106547236 0.3786112368106842
6318.338634900749 2.169991113245487 347.1302746906877 28.73846288770437 0.3740827739238739 984.5880890935659 6759.767598807812 6460.214061707258 32.03363616019487 747.2993789836764 84.15547598898411 545.0820310488343 10.90453519672155 9221.889842174947 22.63153648376465 1.92098743468523 662.250003054738 42.0680603608489 81.18115071207285 67.62107539921999 54.10264712572098 0.8339301943778992 333.8724885955453 71.05332840979099 1.186387903988361 224.6896293312311 115.3176881074905 157.7393909022212 9528.189216427505 3542.72601441294 1.634636759757996 125.046479716897 123.1354865133762 505.1161522492766 4.035708785057068 213.3081693872809 14.79594345390797 296.2806445211172 42.47837714105844 91.53236989676952 24.88053859770298 2.700621873140335 1.973573975265026 0 0.8923233523964882 0.5809980109333992 0.4165900051593781 0 0.8630018010735512 3.340617150068283 0.3548477292060852 3.903136603534222 0.3766668140888214 0.1587169617414474 0.2567276358604431 0.1559259593486786 1.499080173671246 0.2640113830566406 2.087480522692204 1.454333588480949 0 0.8332554921507835 0.6724554300308228 1.162957847118378 0.2419964671134949 0.5999140739440918 27.27283772081137 0.1257994025945663 5.337169110774994 17.85273510217667 20.73579463362694 1.825098253786564 0.4801171496510506 0 0 0.1236535757780075 0.3070548698306084 0 11.58971355110407 2.311953715980053 2.617804475128651 0.5340122953057289 0.4812673628330231 0 0 0
0.1383470147848129 40.78308503329754 0.2359405308961868 41.97611556947231 642.8154069185257 1656.2355767712 46.61557318270206 253.2346674129367 1446.746469989419 7.910000532865524 6.943191669881344 1382.187580600381 11.74119545519352 22.63153648376465 437.6951255947351 0.3317017108201981 0.7620325237512589 0.4713624119758606 0.4046795815229416 69.89885270595551 0.2910048514604568 79.36491884291172 0.6321186125278473 841.0314040184021 15.28182670474052 1.6798325330019 70.75182002037764 70.46104770153761 12.93562418222427 13.9385191872716 0.1361504793167114 80.53598167002201 1.605408675968647 32.45737631618977 0.4585080444812775 101.8452055826783 1.040650382637978 17.19092021882534 9.343844324350357 721.6651745736599 20.36311981081963 0.3347922638058662 0.4421661496162415 1.243712544441223 0 0 4.655511662364006 0 0 0.4669751226902008 0 22.58138631284237 0.2261615097522736 0 20.53966023027897 0.3629658818244934 0 7.910187214612961 0.7561028674244881 0 0.2889077365398407 0 10.73685911297798 0.3626227378845215 0.5577869117259979 0 19.53017562627792 0.2099251002073288 0.3519914299249649 0.3196607381105423 9.2873325496912 0 0 0 0 0 0 0.7797763347625732 35.38305333256721 0 0.100998729467392 0.5230737924575806 47.34200266003609 0 0 0
0.2567774578928947 304.7598142847419 8.374884940683842 9.875880144536495 0.2323390543460846 14.61949479579926 99.4230430200696 2.819978475570679 96.44408046454191 13.60985384881496 6.348632156848907 1.436686038970947 17.76500214636326 1.92098743468523 0.3317017108201981 564.173776447773 5.993653826415539 0.8462859243154526 1.019644550979137 0 2320.957577221096 2531.746377572417 4842.936196051538 2522.981408901513 26.21964147686958 8.631967440247536 5355.509659521282 2278.972082264721 7.497253514826298 17.53581626713276 0.2206193059682846 0.5107694044709206 3.60814256966114 35.87704136967659 45.1551501750946 3016.200594305992 882.4421133100986 463.7057304307818 886.2088671699166 69.73448593914509 3.301495149731636 1.442225709557533 11.45394811779261 0.4843239635229111 2.778707951307297 12.09438324719667 0.6438376307487488 0 3.082684323191643 9.643607430160046 2.594547338783741 3.950720563530922 2.722695104777813 0.1073725521564484 0 0.9094072058796883 2.017589651048183 0 3335.733753025532 1.637975230813026 0.1135538145899773 0.3428684398531914 0.7035549283027649 298.22107090801 753.6176496520638 1354.268366314471 212.8667210787535 0.3747183680534363 4.095563918352127 743.3477702587843 126.3862290382385 5.028068318963051 24.7993112206459 0 0 1.63744044303894 2.999268241226673 15.69449096918106 193.4368060156703 35.26708090305328 41.66514977067709 65.35219213366508 12.7004843428731 0 0 0.6573936343193054
127.8683055713773 291.5521814376116 5197.198868885636 5.745292149484158 0.5815061926841736 167.4417708516121 425.545400261879 561.9941459521651 5.970288217067719 27.85893459618092 641.3498035669327 9.468515485525131 3.163580425083637 662.250003054738 0.7620325237512589 5.993653826415539 3471.923698395491 479.383611664176 3452.181062564254 2.658295713365078 1573.922033160925 18.92691752314568 3432.957463912666 17.12966572493315 7.584450088441372 4550.863649711013 4220.819526769221 95.02885608375072 527.4886678084731 4200.105726696551 3.759270183742046 10.63606809079647 56.8585381731391 3545.984678909183 15.11075994372368 527.3523242771626 233.6981129869819 2807.932781629264 640.833526827395 12.65143924206495 6.57617761939764 1.533151835203171 2.815763846039772 0.3467341363430023 93.52460295706987 76.95579037070274 0 0 0.1430198699235916 1.206173777580261 0.1176337525248528 0.397106908261776 0.1019058972597122 0.7554285228252411 0 1.522395208477974 1.099975682795048 0 2.748796381056309 113.6370613202453 2.553625866770744 94.19424193352461 0 4.004094533622265 5.337311998009682 7.678698107600212 6.086015567183495 8.806696899235249 411.2708574458957 991.6883392632008 5.75008387863636 0.3870195746421814 1.721948072314262 2.423920981585979 0 0.6441844999790192 17.08881533145905 6.185296475887299 85.82566419988871 113.0233992263675 89.65126790106297 21.48314548283815 1.959704264998436 0 1.046808540821075 0.250566840171814
14.62788987904787 3.273361183702946 36.37443735450506 5.313133053481579 3.953225433826447 99.06314330548048 75.06951192766428 60.45217518508434 1.938321597874165 75.08870411664248 4822.87176900357 109.4735933020711 35.50023590028286 42.0680603608489 0.4713624119758606 0.8462859243154526 479.383611664176 345.8476730510592 2155.536943748593 16.56835843622684 7.861793369054794 0.9012747034430504 20.98353473842144 5.609178148210049 6.966397546231747 5209.595294162631 569.7888316214085 15.48915124684572 130.5204199627042 64.29498346149921 79.31106024980545 45.46182460337877 9.404588207602501 1081.608584366739 3.243379436433315 439.6350314617157 551.9365986511111 1931.777426332235 482.3102688640356 5.005250155925751 8.673328317701817 33.25738027691841 2.808514751493931 0 2.785697109997272 0.1564646810293198 0 0 0 0 0 0.4618199467658997 0 7.369229018688202 0 77.77726673334837 0 0 0.1375353932380676 0.3758963122963905 9.364726394414902 4.470651596784592 0 0.114401251077652 0.2944869101047516 0.1222785487771034 1.794546477496624 6.581668302416801 54.97012279182673 85.4083309546113 1.425434559583664 0 0 36.46903978288174 0 0 0.1924072206020355 4.048464015126228 12.14761253446341 4.740917205810547 3.495778374373913 2.920713782310486 0.1267098039388657 0 0.5372188538312912 0
28.82883328944445 30.34013521671295 138.2745672911406 8.495003663003445 1.364526405930519 75.38995067030191 86.06252770125866 77.3859883621335 4.573258064687252 83.82553744316101 3214.832101941109 84.96146979928017 7.767543189227581 81.18115071207285 0.4046795815229416 1.019644550979137 3452.181062564254 2155.536943748593 1938.456407815218 15.5020355284214 49.06021932512522 2.242998078465462 107.4533182382584 9.357835963368416 40.8919009193778 4876.919319324195 1193.552469611168 27.53347892314196 199.2103625759482 268.0130221620202 11.82713256776333 25.61569448560476 25.81825659424067 3874.139118731022 5.656481191515923 461.3767560124397 365.7885826453567 3546.983092442155 489.595569588244 5.661945275962353 3.123822771012783 4.442448154091835 1.552587606012821 0 18.29714657366276 6.437892615795135 0 0 0 0.3700300455093384 0.4359515309333801 1.056027077138424 0 1.972612783312798 0.1199826076626778 7.957698993384838 0.1443044394254684 0 0.2306025549769402 17.80297042429447 15.57759449630976 112.2580251172185 0 0.5578862875699997 1.196640610694885 0.4940397068858147 2.888298064470291 40.05426374077797 569.5486031100154 754.7993965297937 2.26024928689003 0.16526760160923 0.6014584228396416 18.97354366630316 0 0 2.647775307297707 6.396020740270615 24.71631197631359 56.98707673698664 33.81296097487211 5.430737167596817 0 0 0 0
0.8796056061983109 0.1247466206550598 3.440546095371246 4958.04937941581 1.049883887171745 317.4938952475786 47.86037328094244 110.3401024118066 465.7839175611734 6629.032847344875 32.20918686687946 7397.179800063372 5.46495870500803 67.62107539921999 69.89885270595551 0 2.658295713365078 16.56835843622684 15.5020355284214 693.4526676088572 0.8645912706851959 1.234127283096313 2.937258027493954 619.6864973679185 0.4468651115894318 14.1623992472887 9.404841765761375 925.8722887858748 76.88636395335197 1.809229202568531 1.024441093206406 13.42299174517393 3.03125686943531 91.45372152328491 6.882109463214874 332.9813831746578 11.06678378582001 301.6676657572389 31.00145713984966 231.4569182693958 46.89578691124916 0.2837757021188736 21.48465976119041 0 0 0.1335262656211853 86.87562876939774 0 15.89410163462162 31.65221934020519 0.07645735889673233 70.98461656272411 4.818599447607994 0 75.61541810631752 0.1083071082830429 0.2611109912395477 5.677303582429886 0 0 0.09885858744382858 0 54.58838404715061 0 0 0.5191385895013809 143.7236411198974 0 0.6476290374994278 0.4515469148755074 58.80971174687147 0.1695611625909805 0 0 0 0.2781440913677216 0 0.9498981833457947 28.98224426805973 0 3.69718661904335 0.1935439854860306 42.04270033538342 0.7311914563179016 0 0.7185656428337097
5.557084105908871 24.90007804334164 2263.07149861753 17.00306472182274 0 101.8897415101528 1002.896422795951 58.36228311061859 71.57977340370417 40.53025664389133 36.8833734318614 3.659297190606594 4.873701848089695 54.10264712572098 0.2910048514604568 2320.957577221096 1573.922033160925 7.861793369054794 49.06021932512522 0.8645912706851959 13480.25043759495 181.9300437569618 17962.35312537104 451.4606419503689 6.246067397296429 224.5537926107645 746.0449500009418 3746.674171499908 78.08557692170143 9263.332495674491 0.7131049111485481 7.153692938387394 18.00937417894602 2886.651018060744 163.0986327081919 6877.876089334488 690.3960707709193 6765.556643486023 4044.96916589886 192.3832902684808 14.56537728011608 7.047786138951778 50.57972002029419 1.377832621335983 1.416561186313629 6.309860818088055 0.2060391753911972 0 3.32828464359045 7.831427559256554 5.529023855924606 8.536846145987511 1.60107995569706 0.1784819215536118 0.2452023699879646 0 3.694276243448257 0 719.2626612260938 2.361826650798321 0.2056915387511253 2.080982074141502 0 331.5499563515186 102.9367428719997 156.6154658421874 146.4895521625876 0 4.429020546376705 58.94596000015736 160.2448601350188 13.78450048714876 29.74672074615955 0 0.1830533742904663 2.538606874644756 5.683173686265945 58.32370878756046 136.1573665961623 3.204059541225433 15.31140798330307 9.279178112745285 2.069661244750023 1.147186696529388 0 0.3778870701789856
0.4374533221125603 3046.393051281571 90.96860544383526 6.328691683709621 2.829816214740276 14.81447117775679 35.73417452722788 2.217033587396145 2751.90246694535 6.348550856113434 128.5032749027014 10.52342548966408 394.0440729260445 0.8339301943778992 79.36491884291172 2531.746377572417 18.92691752314568 0.9012747034430504 2.242998078465462 1.234127283096313 181.9300437569618 851.55837225914 384.4971432238817 6568.761960230768 548.1433493569493 12.43853461742401 2056.111840456724 115.4158023297787 5.513022013008595 16.4725943878293 3.464982181787491 0.3942070305347443 1.922854028642178 77.13026160001755 4.169358596205711 162.8604700639844 92.79910827428102 176.0096644684672 67.51610205322504 47.97506681084633 0.2251268029212952 28.42233872413635 1.920879185199738 0 38.09226331114769 82.65433877706528 0.2754938751459122 0 1.242509618401527 4.134029991924763 0.4271587431430817 11.3614884391427 0.9003243744373322 3.200059585273266 0.2179914861917496 16.05388318002224 0.3587880507111549 0.1906464099884033 1385.653273411095 3.928139746189117 0.1197731271386147 2.946574844419956 0 51.57040044665337 169.0135957598686 575.478707998991 152.4570856764913 2.558765657246113 8.073630623519421 1445.140096955001 41.62170207500458 0.2296764403581619 1.702996522188187 2.418391913175583 0 0.1333689540624619 2.177182957530022 6.389358818531036 119.8641922771931 26.84587037563324 40.76500795036554 44.47850017994642 9.739932656288147 0 0 0.2245678007602692
38.46152074635029 40.04663263261318 11445.38745428622 11.21374461054802 0.4733747094869614 165.3606112450361 743.5968524068594 322.2795509546995 18.04993022978306 33.77545503526926 34.49047025293112 3.960876874625683 2.534789018332958 333.8724885955453 0.6321186125278473 4842.936196051538 3432.957463912666 20.98353473842144 107.4533182382584 2.937258027493954 17962.35312537104 384.4971432238817 18605.91704374552 235.1041852608323 1.043653301894665 1473.524137847126 13717.01774763316 1730.078923858702 148.5416145548224 4450.395703084767 0.1873621046543121 5.846502177417278 19.30343822389841 1502.800099380314 157.519181586802 8974.393804855645 4048.659051164985 8635.924360625446 8416.845987014472 244.8864861950278 32.67887001484632 5.100200533866882 35.29084922373295 0.285312294960022 25.11426522582769 328.2558563277125 0.1956279724836349 0.4588586986064911 2.961658664047718 9.412375256419182 1.832937017083168 2.925257004797459 3.076357208192348 0.1207843348383904 0 0 0.9173260629177094 0 1106.623680576682 16.9614315778017 0 1.494795337319374 0.4796591997146606 56.35358544439077 364.1507592350245 854.2863606065512 125.8843137100339 0.1900278329849243 13.51040960103273 1857.917212247849 53.34176703542471 2.980468243360519 4.755319610238075 0.1124196127057076 0.1260506808757782 0.5995413288474083 9.495020590722561 79.99979960918427 186.1028013154864 48.29035116732121 99.77930549532175 80.45047271996737 16.67025846242905 0 0 0.2980780303478241
24.78212402760983 1207.092419706285 29.52723314613104 2913.294017657638 20.36706908047199 377.9378229007125 1142.777749873698 80.65522819757462 9515.57928301394 383.373583689332 78.37742647528648 850.8597088158131 231.2755607739091 71.05332840979099 841.0314040184021 2522.981408901513 17.12966572493315 5.609178148210049 9.357835963368416 619.6864973679185 451.4606419503689 6568.761960230768 235.1041852608323 10152.73348999768 298.3311824649572 37.71533526480198 2683.375532619655 8139.501726932824 286.7935065552592 661.7680285051465 4.718089334666729 5.920903407037258 104.1297210007906 222.0438581854105 83.14214539527893 2694.566647239029 84.12609783560038 586.5927647948265 446.0034629032016 901.0668175071478 29.30897273868322 11.9811525195837 38.87490652501583 11.34016024321318 8.39089947193861 5.569466851651669 268.9246269762516 1.51843036711216 163.7198489829898 439.9798403531313 74.41268765926361 709.8733802363276 55.67572797089815 2.684239655733109 79.32973241060972 7.802560344338417 44.15217639505863 21.94347185641527 700.5305857509375 4.202318608760834 0.9461347758769989 2.644595317542553 301.5440522953868 420.5572375580668 248.9241702854633 155.9163576737046 2779.210866585374 4.046873360872269 14.30733861029148 149.4414249137044 1659.977952904999 89.41296510398388 85.8553050532937 1.146099150180817 1.890538066625595 10.78708385676146 30.0192761272192 29.95618779957294 879.95966719836 5.934768378734589 129.3417898789048 56.80078738927841 157.5121596455574 5.32267852127552 10.09768250584602 6.123315900564194
0.1027175486087799 1393.66007810086 0.8290237337350845 0.1309192031621933 0.7232820838689804 4.913269117474556 1.365966096520424 1.500659011304379 247.7461154907942 1.44065760076046 713.5326232165098 3.941897355020046 3136.675533011556 1.186387903988361 15.28182670474052 26.21964147686958 7.584450088441372 6.966397546231747 40.8919009193778 0.4468651115894318 6.246067397296429 548.1433493569493 1.043653301894665 298.3311824649572 1047.495651997626 504.9546550512314 6364.898169413209 3.937329314649105 3.546734824776649 1.235746450722218 418.9057758376002 2.529214724898338 0.237423799932003 629.3821692615747 0.6535972207784653 49.82274901866913 94.06529485434294 345.6340424343944 31.10193008184433 16.74806902557611 10.64619109779596 450.7647241353989 4.838912650942802 0.1252578794956207 62.9482843130827 0.1558180451393127 0 0 0.4602398127317429 0.4900036230683327 0.2606697380542755 11.19025631994009 0.1369963139295578 126.4722654595971 0.5532848238945007 1027.379862204194 0.7476303800940514 0.9023515731096268 2.679363563656807 1.027099259197712 23.58884328603745 9.90327363461256 0 0.09394948184490204 16.08241638541222 0.5021983981132507 15.59743517637253 212.2406958341599 363.6543736234307 1220.677185036242 0.8937885910272598 0 0.1194666847586632 93.60184114426374 0.1797052621841431 0 21.66685834527016 0.1407247483730316 4.940917059779167 42.32826508581638 38.33140990883112 7.987880930304527 0.4037504196166992 0 32.18885235488415 0
39.74555680155754 273.5692893341184 5797.681584008038 19.54381299763918 3.865717321634293 216.241201557219 340.6877555623651 261.7877748012543 16.44073865562677 105.4951538592577 1826.460454963148 101.4732701852918 118.6183366030455 224.6896293312311 1.6798325330019 8.631967440247536 4550.863649711013 5209.595294162631 4876.919319324195 14.1623992472887 224.5537926107645 12.43853461742401 1473.524137847126 37.71533526480198 504.9546550512314 26092.85325739533 8366.045005857944 113.9257690906525 246.558880649507 243.8057965487242 412.4438145384192 37.9002447873354 24.18175883591175 1448.611983723938 24.69563227146864 2404.49525976181 3663.651149459183 6600.684369958937 1928.337566435337 21.72231090068817 8.958858713507652 51.54444582760334 9.288815125823021 0.2547268345952034 149.3813389241695 29.29102098941803 0.1713350862264633 0 0.4558269083499908 4.243724815547466 0.3251497447490692 7.775404207408428 0.2042963206768036 90.67172419279814 0.1286874860525131 1250.862416595221 2.063470609486103 0 8.087801441550255 182.1821540668607 232.3923073485494 393.4500668644905 0 5.319249056279659 9.850796155631542 13.5190616324544 12.1810904070735 345.0166206210852 2562.255801893771 4409.817627742887 3.838336579501629 0.4532038122415543 5.083982706069946 613.3197699040174 0.7169192135334015 0.2446834295988083 16.28025639802217 29.77724947035313 152.7644723057747 307.2983193024993 162.8391308784485 45.61611972004175 2.323312297463417 0.1466430127620697 2.233800858259201 0.503375455737114
26.49377690255642 6939.227905064821 4510.947941504419 46.68916168063879 3.17591717094183 201.3980565443635 570.3102608919144 144.7924088984728 860.4338486641645 88.92509046196938 213.9854053556919 37.09989626705647 1091.603284582496 115.3176881074905 70.75182002037764 5355.509659521282 4220.819526769221 569.7888316214085 1193.552469611168 9.404841765761375 746.0449500009418 2056.111840456724 13717.01774763316 2683.375532619655 6364.898169413209 8366.045005857944 27914.14720691741 1359.311435744166 154.526479177177 212.1226119697094 627.0056580305099 13.03994456678629 23.46474246680737 1810.802072100341 129.2467056661844 7963.346651487052 4723.06257943064 8971.474888518453 4986.889650307596 147.4080236852169 13.01605612784624 30.66005969047546 32.50490704923868 1.214475266635418 1898.934167437255 1652.177300728858 0.7848999500274658 0 4.06797107309103 22.40872776508331 6.820939742028713 11.51520086824894 5.393351316452026 38.98861454427242 1.180825151503086 738.2037756666541 7.139969147741795 1.443410664796829 346.0421482920647 709.3394993245602 218.8113703578711 479.1497919559479 0.4532376900315285 54.62634072452784 684.9936109557748 776.5666921883821 140.3369968086481 875.1629672646523 3470.712098501623 15163.10518360138 77.79035908728838 6.939252950251102 18.7718458622694 442.0079858750105 0.5651493817567825 1.014391005039215 158.7648807018995 125.303788356483 862.7746672555804 753.0383857935667 844.5888088196516 305.8088268190622 24.83196379244328 0.6024845242500305 4.845977202057838 3.784108012914658
41.71947256475687 27.53733312338591 385.3807186409831 1980.274905502796 2.577356271445751 1570.85359749198 13410.52947059274 169.440298192203 821.3101824298501 7090.607878059149 30.89373733103275 351.5021197348833 5.583868362009525 157.7393909022212 70.46104770153761 2278.972082264721 95.02885608375072 15.48915124684572 27.53347892314196 925.8722887858748 3746.674171499908 115.4158023297787 1730.078923858702 8139.501726932824 3.937329314649105 113.9257690906525 1359.311435744166 17746.98897121847 683.626793384552 9362.617188982666 1.11271071434021 13.01640159636736 328.6268327906728 709.7119650095701 161.2287459596992 3949.975471369922 113.6146589890122 1554.785465799272 974.618713632226 410.2607008889318 72.36739912629128 1.090988919138908 70.65592638403177 5.527085028588772 2.76752345263958 6.409267149865627 116.9265051558614 0 98.20941592007875 259.3998468220234 41.66699492931366 239.2038495615125 29.38772550970316 1.147416435182095 30.62155555188656 0.1134659424424171 28.91413731873035 9.023389346897602 266.8742350935936 1.662399008870125 0.8965442925691605 1.553289689123631 106.4095457494259 160.2638739719987 50.80845385044813 63.76647131890059 1379.008627228439 0.2817976549267769 3.749017529189587 95.48785693198442 979.0287508144975 67.86038316786289 37.73832654953003 0.1260297447443008 1.918278880417347 6.243914172053337 17.58315028995275 37.09011323750019 435.9254004061222 7.415275037288666 81.43722829222679 33.43868616968393 78.74624966830015 5.376932978630066 0 9.076242655515671
