334.4621301814914 0.3141941130161285 222.8741684481502 13.43553492426872 0.8732061237096786 2.842281237244606 1475.797348715365 251.2636309117079 47.38015399128199 28.62098991125822 10.25516926497221 0.5510198026895523 3.349322780966759 2238.350980110466 1.210466772317886 0.894671618938446 36.3284417539835 16.01093884557486 23.23015770316124 1.213571958243847 67.03592813760042 1.299812182784081 174.5054882839322 184.805000923574 0.4100998416543007 88.87486137449741 63.00780299305916 175.0874829292297 2356.88017385453 3468.854313381016 0.7243227884173393 4.993450097739697 104.311672590673 254.3899628669024 0.8661819845438004 133.9150055572391 20.30347441881895 222.8100205287337 48.61848564445972 10.388019554317 3.661128751933575 0 1.023028418421745 0.4362433552742004 0.2937585264444351 0.802245132625103 0.9612864330410957 0 0.1188958138227463 22.57083441317081 4.453358039259911 12.34855327755213 1.460873380303383 0.6654840558767319 0 0 3.688610099256039 0.9015423357486725 1.226284898817539 0 0.1054034605622292 0.2257581204175949 0.9957184791564941 0.532319962978363 0.1418958157300949 0.4759053885936737 45.59639755636454 0 0.1966299489140511 2.548479534685612 28.51461357623339 1.59987760335207 1.450499549508095 0 0.2435381636023521 0 1.18626594543457 0.6068534478545189 6.456297129392624 0.1126203536987305 2.89127903431654 0.1371424347162247 1.577962249517441 0.748977392911911 0.3159928321838379 0.1958935856819153
0.3141941130161285 44.87318815290928 48.08240106701851 0.2902868986129761 0.2163052037358284 0.302509605884552 14.83388800173998 0.5393465682864189 203.8184426501393 0.8860010281205177 15.74735109508038 0.07449700683355331 292.3813065141439 1.634848929941654 2.439725875854492 392.861915230751 50.89132888615131 0.1432223469018936 8.826988086104393 0.3114730045199394 37.25055706501007 2007.220295570791 126.0730017200112 841.2143606096506 1713.100949518383 118.2192251011729 7482.600229486823 53.49613105505705 1.854677729308605 5.971013762056828 2.828830182552338 0.1070557460188866 0.1034285575151443 72.5667632445693 0.3926904201507568 54.77378357946873 146.2796659469604 137.5001872330904 26.5969669893384 5.828305818140507 1.062110841274261 34.99192169308662 0.3088331520557404 0 860.8928708210588 68.56955659389496 0 0 0 1.708773232996464 0.1194035261869431 2.702553912997246 0 5.176598638296127 0 11.08173368871212 0.4101159498095512 0 23.06409783661366 22.27970092743635 6.715316154062748 28.4812201410532 0 3.355032175779343 100.1212663650513 41.53041569888592 6.697471141815186 49.0566590949893 146.7940246760845 1289.674532979727 3.232726342976093 0.1066654399037361 2.802494406700134 7.460547208786011 0 0 14.67164060473442 0 26.93798973411322 36.99447354674339 41.82980323582888 9.871897265315056 0 0 2.541684791445732 0.1104852333664894
222.8741684481502 48.08240106701851 2222.366692103446 2.771738678216934 0.1435663849115372 8.767806172370911 300.3197991028428 295.0516813248396 11.92046688497066 4.747027516365051 7.977225132286549 1.090116396546364 2.15686509013176 542.2661269307137 0.3332872837781906 5.045196667313576 5158.02128893882 27.00374565273523 111.6094164326787 0.9187444299459457 1394.244452878833 24.64839568734169 6812.628655835986 67.43138810992241 0.3043118938803673 4478.390229284763 9353.704962961376 436.0677535906434 285.7530767396092 678.7209645956755 0.1735119670629501 1.668493337929249 31.24952934682369 1513.739219561219 13.65543211996555 1537.062633708119 3337.469506539404 2707.674505122006 467.7608605474234 33.21118105947971 3.88055993616581 4.571205303072929 3.915362015366554 2.09640596061945 223.7856471687555 462.0520852580667 0.2808370739221573 0 0.8745628073811531 18.18325778096914 1.464629702270031 3.626280672848225 1.146419122815132 1.655221775174141 0 0.7211353182792664 7.444533564150333 0 65.3673750013113 60.16268943995237 0.21067975461483 5.480871632695198 0 12.72214163094759 152.1312445253134 365.8080909773707 36.1481402143836 0.5994535684585571 159.6223666220903 1885.803725704551 32.17237037420273 1.079844273626804 16.88190577924252 0.4573234468698502 0 0.106478787958622 40.06773830205202 1.558553740382195 131.6729839220643 89.74955388903618 133.4745395481586 40.32980711013079 0.8198059499263763 0.8798152953386307 0.7447407245635986 0.9308100342750549
13.43553492426872 0.2902868986129761 2.771738678216934 1645.209839843214 17.03508915752172 63.78168491274118 1176.678890638053 63.62817928195 2049.137136593461 5138.583730101585 2.056224063038826 2395.966779924929 0.6307452693581581 64.78797736763954 361.439013928175 0.422634482383728 0.5268020033836365 0.6056075543165207 0.7322409600019455 2319.688366279006 4.520129904150963 1.681121319532394 1.407777979969978 1236.867706291378 0 2.883109748363495 2.868150651454926 2393.273822233081 75.07903299480677 8.920908242464066 0.2292082607746124 3.632710963487625 16.67123933136463 33.93125201016665 2.947949826717377 490.4389756694436 7.228141888976097 60.56559357792139 46.40232641994953 527.2803056612611 5.711342170834541 0.3883964866399765 0.9283287227153778 0.3849913999438286 0.121739387512207 0.3127144277095795 366.8759752213955 0.2788472771644592 5.427975125610828 121.5938473045826 13.76748626679182 328.3974395468831 271.3991911038756 0.2614478468894958 220.0641893669963 0.1772415339946747 9.831818901002407 16.94486312568188 0.1038890182971954 0 0.2151367738842964 0 359.016606323421 0.6113600879907608 1.142572298645973 1.415477305650711 391.8004663586617 0.2153434008359909 0.2256642282009125 0.3853089883923531 182.8975403681397 2.41282282024622 0.1960011124610901 0 0.3265884444117546 0 2.574193790555 0 8.004947274923325 0 5.095358937978745 0.9845932349562645 26.13434989750385 0.6446376740932465 3.361004009842873 0
0.8732061237096786 0.2163052037358284 0.1435663849115372 17.03508915752172 31.58915393054485 328.4895706400275 16.05386903136969 72.94515922665596 147.3769078478217 14.89392568916082 0.8246952667832375 98.67993021011353 0.2717822417616844 24.68157829344273 930.3588184043765 0 0 0.2520339414477348 0.119776576757431 14.81663555651903 0 0.6857361346483231 0.3395801186561584 44.70682598650455 0 0.9893606603145599 0.6045067459344864 8.915393233299255 123.0311998873949 1.596034362912178 0 202.6020991504192 0 413.7373176366091 6.383790552616119 71.93308900296688 1.235526785254478 90.74958632141352 84.15468350052834 1810.507508397102 115.8114734441042 1.599592387676239 4.678885936737061 0 0 0 1.091964833438396 0 0 1.863096423447132 0.6759418547153473 1.447136618196964 0.8019406422972679 0 3.549236081540585 0 0.1782552599906921 0.6946032643318176 0 0 0 0 1.61241539567709 0 0.110284224152565 0 3.038787446916103 0 0 0 3.469673320651054 0.2758871614933014 0 0 0 0 0 0 0.5118014961481094 0 0 0 2.044514805078506 0 0 0
2.842281237244606 0.302509605884552 8.767806172370911 63.78168491274118 328.4895706400275 10810.37513117492 1597.237600676715 6156.643202908337 383.4221567735076 6592.682611770928 12.20212315022945 5442.703380659223 6.956785432994366 1138.731854707003 2085.965702161193 0.255958653986454 0.5634705200791359 2.772469036281109 1.249928362667561 626.7892635837197 4.574502103030682 0.6824965476989746 7.446221381425858 151.0536734238267 0 10.0492430254817 8.413086079061031 545.4346671178937 344.6831436231732 35.74155567586422 0.4109063148498535 1078.743859030306 1.651721261441708 691.0352672487497 13.18767207115889 180.9315603077412 12.16634559631348 156.524011939764 125.55988535285 3610.105707921088 209.3317770138383 9.465712055563927 4.088920541107655 0.1277382224798203 0.1054199486970901 0.5094258189201355 51.70524428039789 6.369294360280037 10.25286535918713 57.8858308494091 10.49890717864037 80.61837253719568 57.38036762923002 0.2692120671272278 213.2882923260331 0 7.74995531141758 76.52301616966724 0.1013593897223473 0 0.1178838610649109 0 145.6858439818025 0.6220491230487823 0.1275592297315598 0.2843687534332275 89.19491820782423 0 0.08283514529466629 0.2429033443331718 57.80733083933592 1.621529504656792 0 0 0.6507624387741089 0 0.9102389216423035 0.2443031072616577 9.358692109584808 0 5.115964457392693 1.268211521208286 181.8383700549603 0.7618805170059204 3.96398663520813 0
1475.797348715365 14.83388800173998 300.3197991028428 1176.678890638053 16.05386903136969 1597.237600676715 13986.88676656038 5884.971934817731 500.2670864984393 5764.532905366272 29.20393956452608 52.30285596847534 8.96508115530014 5861.160820789635 24.24999161064625 18.25541573017836 10.82234969735146 13.68808430433273 11.76992493867874 44.20271510630846 209.1622482016683 79.39296437054873 331.5753669366241 3285.193069577217 3.603431336581707 97.84119040518999 224.703002601862 19794.00192116201 1921.037550278008 5809.197731912136 2.442477576434612 54.14897898584604 301.0329872518778 672.5928808227181 26.42234601080418 4259.18022557348 154.1696584373713 1124.120331838727 646.6838571503758 663.8334039896727 95.62326240539551 7.708481974899769 20.78896486759186 14.30622705072165 1.642932631075382 4.467273660004139 216.2891964912415 0.3790368437767029 53.1374924108386 1324.48882202059 210.2968861162663 326.8114239871502 253.3475173413754 11.95760835707188 122.4455076605082 0 196.9976580440998 8.141875505447388 10.01501504331827 0.3658314794301987 3.132461227476597 1.564893782138824 268.5998595431447 26.76905554533005 14.46139045059681 34.18300259113312 1571.30113004148 0 5.734724462032318 10.5262058749795 1083.452976822853 60.10980597138405 74.57573248445988 0.8116326853632927 4.628849573433399 3.137828446924686 35.83057176321745 3.4777762144804 224.9181895852089 4.080430202186108 93.77148614823818 25.50289791077375 80.44301041215658 24.97210928797722 11.24583629518747 2.25346826761961
251.2636309117079 0.5393465682864189 295.0516813248396 63.62817928195 72.94515922665596 6156.643202908337 5884.971934817731 11058.38928718865 102.0556719452143 5072.335670091212 27.17336609959602 1073.162930287421 5.145754173398018 7814.259440690279 178.0497567802668 3.923475503921509 22.88657455146313 12.44981832802296 17.76486124098301 342.0669372975826 91.99233859032393 4.310539171099663 227.005870141089 465.0749966800213 2.00686115026474 101.2045579776168 108.9077137708664 1103.784911058843 703.6593868583441 1119.352253913879 0.7966095581650734 1078.595479547977 6.065212920308113 832.7139290124178 3.47209856659174 326.4188250005245 19.07442120462656 216.8639728501439 137.8892177566886 575.4386908188462 112.7999319583178 6.508288852870464 4.113364897668362 0.1167673543095589 0.2194492965936661 1.540802642703056 15.20061159133911 0.2815715223550797 6.548012308776379 162.4619741216302 24.82432004064322 51.30094709247351 22.98054142296314 1.41798935085535 18.87018954008818 0.9025766849517822 26.5418199300766 3.842332996428013 3.639148369431496 0.2784617617726326 0.114952988922596 0.7748268097639084 20.25849280506372 5.390006564557552 2.441964395344257 8.454680681228638 199.7939803302288 0 1.062534190714359 5.344992958009243 124.886438652873 4.869257815182209 2.590718977153301 0 0.9884308949112892 0.2605080902576447 5.922798290848732 0 17.201765447855 0.7626587152481079 11.87320074439049 4.683183744549751 16.19075367599726 3.330284886062145 1.956740707159042 0
47.38015399128199 203.8184426501393 11.92046688497066 2049.137136593461 147.3769078478217 383.4221567735076 500.2670864984393 102.0556719452143 1093.71320912987 704.6368957459927 2.124558322131634 424.2478778958321 3.874215334653854 140.5606316179037 994.0645712912083 76.34757922589779 1.915739096701145 0.5668080672621727 1.166647456586361 668.0235615596175 83.35819984972477 1810.41226516664 38.71928426623344 8029.259176842868 32.36027461290359 7.119438052177429 125.9021091833711 1559.712622448802 126.0649769976735 135.6842646226287 0.2764618843793869 8.807783178985119 20.0530516281724 40.18510387837887 3.245023407042027 261.5184370353818 10.07851515710354 60.71586643159389 34.07237686216831 365.4207042977214 27.00965113192797 0.6236391514539719 1.450679048895836 5.677764438092709 0.9312298372387886 2.794025093317032 253.5191247612238 2.546844273805618 7.297824516892433 195.6324381306767 31.94397214800119 173.9212835356593 92.57510267943144 1.186075583100319 169.9527760371566 0.3587409853935242 43.88145168125629 26.28430397063494 79.81963036954403 0.3566743433475494 1.172313503921032 0.1484341025352478 190.585306674242 63.04619435966015 93.84629321098328 16.57021048665047 1826.230317689478 0.7193921506404877 1.6820108294487 3.510518208146095 520.1979163214564 19.48207246512175 33.04189225286245 0 1.532996125519276 1.549242600798607 10.53106630593538 1.732020802795887 49.22336743026972 2.0330860465765 17.38749670237303 5.826667301356792 31.88503193855286 1.246641539037228 2.395840406417847 0.7372298613190651
28.62098991125822 0.8860010281205177 4.747027516365051 5138.583730101585 14.89392568916082 6592.682611770928 5764.532905366272 5072.335670091212 704.6368957459927 35062.83843495697 48.72397410869598 7422.134686686099 13.94238656014204 1656.971943825483 92.82828080654144 1.459348410367966 1.491802431643009 16.7670369297266 14.25835468620062 3553.27469368279 8.40492882579565 1.403268255293369 7.636690013110638 497.7634104639292 1.419087216258049 55.12277725338936 36.15549419075251 3431.822206348181 591.5069746151567 21.44089736044407 4.13475676625967 44.39574585109949 42.14340971410275 470.3290003538132 13.626359552145 2272.837966360152 62.40864076465368 835.0198079049587 383.1875962987542 498.3685364574194 71.40903824567795 6.505891889333725 13.46923768520355 1.569766014814377 0.4182616323232651 0 495.6013826578856 1.841362468898296 11.52106146514416 311.493188470602 24.5344956740737 349.3056451529264 419.2548872306943 2.627698123455048 369.165358863771 0 24.998555123806 34.49752256274223 0.1264977753162384 0.1118542924523354 0.3385928571224213 0.4904537871479988 625.5399265810847 2.946558721363544 1.173212803900242 2.646519362926483 639.6228931099176 0 1.307852432131767 1.756298966705799 341.2039056047797 4.022642947733402 1.109429426491261 0.1822416260838509 0.3971099257469177 0 3.420742049813271 0.3954541385173798 29.45449926704168 0.6414278894662857 10.4863908290863 2.108122140169144 56.06581914424896 1.893594905734062 4.083535045385361 0.4216566681861877
10.25516926497221 15.74735109508038 7.977225132286549 2.056224063038826 0.8246952667832375 12.20212315022945 29.20393956452608 27.17336609959602 2.124558322131634 48.72397410869598 7618.723642230034 14.07517419755459 1948.590152062476 75.2016993612051 1.021416887640953 1.588822543621063 51.44622351974249 3475.644921928644 1155.984226733446 7.501484945416451 29.76155640929937 1.375690601766109 30.21239078789949 10.40236762911081 459.7985407561064 3482.321608379483 826.80730561167 10.64931378513575 55.85626894980669 22.71374254673719 483.9088572859764 6.844548754394054 4.82292252779007 3715.974849782884 8.118526414036751 303.7239679694176 3345.162093535066 2191.13685850054 666.3501812964678 42.09478442370892 89.18882913887501 872.0230438932776 15.83290237188339 0 9.218522980809212 0.2168006002902985 0.528400219976902 0 0.1912450790405273 2.906362392008305 0.545567125082016 1.42571733891964 0.5059099942445755 183.7383304983377 1.078671425580978 433.1751869916916 0.1928412169218063 0 0 0.336058996617794 10.372882373631 5.253572084009647 0.2117291837930679 0.6705266833305359 0.9316143244504929 0 5.52584083378315 30.06209044903517 117.2750882506371 119.2034088745713 4.02684560418129 0 0 113.7608163133264 0 0 0.7370909005403519 1.391305536031723 9.419249445199966 221.6957499608397 10.93886620551348 0.8110470101237297 0 0.3615226447582245 259.8934568539262 0
0.5510198026895523 0.07449700683355331 1.090116396546364 2395.966779924929 98.67993021011353 5442.703380659223 52.30285596847534 1073.162930287421 424.2478778958321 7422.134686686099 14.07517419755459 10619.63306545466 5.469229258596897 330.2564782500267 1076.358755409718 0 0.09491731971502304 5.282310277223587 4.775079019367695 4711.299858175218 0.2228936776518822 0.6569288074970245 0.7553837671875954 215.0474884063005 0.1846810653805733 18.86211867630482 9.900111824274063 733.4029479920864 146.6827201992273 4.266755968332291 1.304226353764534 66.13142958283424 0 267.1003603041172 49.65830899775028 328.511988453567 9.066344395279884 179.8547383993864 78.06068335473537 1244.09945563972 61.69855334609747 3.788059011101723 2.472023598849773 0 0 0 177.7022371888161 5.266803190112114 8.875273302197456 20.61176355928183 1.5361592695117 98.49066017568111 76.12679181993008 0 283.1310603320599 0 1.611836053431034 69.19108925014734 0 0 0 0 207.7095581665635 0 0 0.805117279291153 59.34490194916725 0 0.2713018357753754 0.5538193061947823 31.16935764253139 1.187715888023376 0 0 0 0 0.4788634181022644 4.531913608312607 7.56213303655386 0 0.802580937743187 0.2117473632097244 147.791705571115 0 4.642455101013184 0.507157564163208
3.349322780966759 292.3813065141439 2.15686509013176 0.6307452693581581 0.2717822417616844 6.956785432994366 8.96508115530014 5.145754173398018 3.874215334653854 13.94238656014204 1948.590152062476 5.469229258596897 2749.375423431396 15.46736435592175 0.5660947263240814 1.298683732748032 0.7318984419107437 18.77278102934361 15.19825764000416 2.313278786838055 1.292709499597549 25.58812112361193 2.223346911370754 9.341449469327927 4365.644579701126 198.4397796988487 1621.212410993874 2.573323711752892 7.063101388514042 2.356313735246658 564.7862523719668 0.3467448204755783 0.9329245612025261 1655.960297837853 18.04514662921429 230.3243873119354 3700.792115271091 1560.090566627681 469.3394915089011 18.01979995518923 99.72546918690205 1777.155349038541 24.27121510356665 0 37.46217429637909 0 0.2015435323119164 0 0.1823299527168274 1.25078608840704 0 0.7652538567781448 0 703.2642002552748 0.1602823436260223 1779.651852652431 0 0 0.2696809619665146 0.2697255909442902 57.58167518675327 7.539365813136101 0.09271298348903656 0 1.232945054769516 0.4468228816986084 2.159264825284481 266.1629440188408 596.4638491347432 583.1925654560328 0.7992901131510735 0 0 698.249667301774 0.1480876430869102 0 1.405129306018353 3.109086811542511 10.67119809985161 518.0520262867212 17.29112759977579 2.716316245496273 0.236965611577034 0 434.3665293902159 0.1123680621385574
2238.350980110466 1.634848929941654 542.2661269307137 64.78797736763954 24.68157829344273 1138.731854707003 5861.160820789635 7814.259440690279 140.5606316179037 1656.971943825483 75.2016993612051 330.2564782500267 15.46736435592175 11647.36354289949 46.68210827559233 2.964684061706066 65.59380707889795 50.85901150107384 68.7988792732358 147.0760140791535 136.074519328773 4.288139842450619 424.7509658262134 565.5121120885015 1.582112401723862 283.9706319347024 206.9246633425355 786.6344095990062 8247.836637459695 4212.028201259673 4.973979763686657 203.494229182601 43.99334305524826 2206.046897985041 4.132261782884598 545.003461830318 52.74853261560202 776.1073835417628 174.4701420888305 268.2716854214668 57.85763388127089 3.424264311790466 5.612148933112621 1.665501892566681 2.132441908121109 2.04153922945261 9.977826878428459 0 4.418607898056507 173.4845904186368 27.73257801681757 57.04377613961697 14.1901336684823 2.787278339266777 10.15593907982111 0.204156719148159 26.98918292671442 1.202703550457954 2.288169704377651 0.6110064536333084 0.1348041594028473 0.4411609619855881 12.55605286359787 3.135400034487247 1.537706039845943 6.410098157823086 229.4578446373343 0 4.799947947263718 11.26440082490444 152.7253276705742 7.956861138343811 5.425462916493416 0.1908811256289482 0.5166062340140343 0.6181701421737671 5.631234534084797 0.9148654341697693 36.89326796680689 0.8826626688241959 13.02353741973639 4.343526735901833 11.45644756406546 2.856697961688042 0.9686541259288788 0
1.210466772317886 2.439725875854492 0.3332872837781906 361.439013928175 930.3588184043765 2085.965702161193 24.24999161064625 178.0497567802668 994.0645712912083 92.82828080654144 1.021416887640953 1076.358755409718 0.5660947263240814 46.68210827559233 530.637350089848 0 0 0 0 215.5683006644249 0 20.04408249258995 0.1171814352273941 896.3420700207353 0.141690731048584 0.265051431953907 0.9229370728135109 108.681472375989 8.526031970977783 2.834438353776932 0.1030495464801788 641.2430237084627 0.6767891272902489 35.21278873085976 14.29869756102562 35.66418932378292 1.217091873288155 9.226535215973854 3.367326639592648 1287.982256740332 200.0012637376785 4.006370842456818 0.1759146749973297 0 0.1179486513137817 0 13.3639120683074 1.777149870991707 3.670132651925087 4.309847451746464 0.7083801925182343 27.75275829434395 16.92824870347977 0 105.82217951864 0 0.1454648822546005 43.17675566673279 0 0 0 0 55.03742291033268 0.1543229669332504 0 0 12.98062863945961 0 0 0 8.235110893845558 0 0 0 0 0 0 0 18.79509714245796 0 0 4.007773876190186 130.8466362059116 0 8.058709383010864 0
0.894671618938446 392.861915230751 5.045196667313576 0.422634482383728 0 0.255958653986454 18.25541573017836 3.923475503921509 76.34757922589779 1.459348410367966 1.588822543621063 0 1.298683732748032 2.964684061706066 0 2007.426516070962 2.091911748051643 0.3335280492901802 0.8817730620503426 0 3389.98682230711 3169.903385736048 3045.109648890793 2475.413074076176 24.29974711686373 0.8813489973545074 3623.809254072607 1467.121888674796 2.407379612326622 21.20775189995766 0 0 1.371765129268169 37.56156075745821 6.543894693255424 437.7185185030103 114.6945867389441 138.8646763712168 111.2466264590621 5.319387599825859 1.435490772128105 0.2045261114835739 1.267998084425926 5.332210369408131 1.137484923005104 26.21283213794231 0.4818507134914398 0 1.239307999610901 11.94035022705793 2.109203182160854 16.56500331312418 0.5493684485554695 0.2575075030326843 0 0.3256107270717621 3.64447258412838 0.2075023800134659 1476.08149291575 0.11965262144804 0.09214441478252411 0 0 361.6106285080314 1059.46388258785 1153.462009385228 350.0032356530428 0 1.602041818201542 122.1065265983343 234.8657937645912 12.02254602313042 54.75268381088972 0 0 4.421797998249531 6.974085055291653 0.5189443677663803 41.15976946055889 2.642908044159412 14.25266824662685 11.66367661207914 1.36925134062767 0.1551962196826935 0 0.1561853289604187
36.3284417539835 50.89132888615131 5158.02128893882 0.5268020033836365 0 0.5634705200791359 10.82234969735146 22.88657455146313 1.915739096701145 1.491802431643009 51.44622351974249 0.09491731971502304 0.7318984419107437 65.59380707889795 0 2.091911748051643 1624.883284963667 160.9510767385364 2015.342630505562 0.1566365957260132 1250.814303159714 11.64562541246414 3339.747194968164 8.692700624465942 0.8003107234835625 5142.847779840231 5347.096751309931 40.92011888325214 76.98560604453087 652.6976458504796 0.5387023761868477 0 5.349936351180077 1046.891907311976 1.919486418366432 473.5389267802238 1504.763729132712 1523.074278779328 309.1876339912415 7.488263390958309 1.562630772590637 1.974245250225067 1.129063650965691 0.1622299998998642 217.7594009786844 105.1808973997831 0 0 0.3673829436302185 1.386073485016823 0 0.7122053503990173 0.4032101333141327 0.7261595577001572 0 0.3704623356461525 0.5150040537118912 0 3.127602741122246 55.23386359214783 3.213938571512699 52.92040757834911 0 1.597402557730675 34.10853429883718 18.51377490162849 4.335247352719307 1.495002903044224 249.9614304825664 797.167481943965 2.227513678371906 0 0.7819423377513885 0.3883302435278893 0 0.08961854875087738 18.19024438410997 2.231773182749748 35.58775211125612 67.75747625529766 62.52928935736418 11.59756576269865 0.2781248539686203 0 0.7025344371795654 0.2773603498935699
16.01093884557486 0.1432223469018936 27.00374565273523 0.6056075543165207 0.2520339414477348 2.772469036281109 13.68808430433273 12.44981832802296 0.5668080672621727 16.7670369297266 3475.644921928644 5.282310277223587 18.77278102934361 50.85901150107384 0 0.3335280492901802 160.9510767385364 208.6304648891091 1102.623418681324 2.650087878108025 48.64799880981445 0 55.53264183551073 4.5719840452075 1.195717185735703 2394.431494168937 240.3323307484388 6.176027476787567 59.11622604727745 55.43869644403458 102.5928677171469 1.773010529577732 6.26818036288023 1011.155686512589 3.793401002883911 234.92048586905 921.7931156009436 688.9260431975126 248.8351685479283 3.749967642128468 4.158619448542595 16.2812667787075 1.882568456232548 0 3.538428783416748 0.09163122624158859 0.09423734247684479 0 0 1.361422292888165 0 0.5795563161373138 0.3291332349181175 7.021796204149723 0 11.18697618693113 0 0 0 0.564026452600956 17.91599472612143 6.500970296561718 0 0.1426876485347748 0.1934875100851059 0 1.450995579361916 5.31729144603014 108.1699156686664 67.42689237743616 1.412243381142616 0 0 24.85130323469639 0 0 0 0 6.704185582697392 73.70611289143562 3.550252079963684 0.3707474768161774 0 0 6.403214827179909 0.2851134240627289
23.23015770316124 8.826988086104393 111.6094164326787 0.7322409600019455 0.119776576757431 1.249928362667561 11.76992493867874 17.76486124098301 1.166647456586361 14.25835468620062 1155.984226733446 4.775079019367695 15.19825764000416 68.7988792732358 0 0.8817730620503426 2015.342630505562 1102.623418681324 1854.618119679391 1.766232363879681 138.1733157858253 1.443732716143131 198.0581982731819 7.644460819661617 6.074688926339149 5624.250119306147 1063.538728952408 10.72713457047939 93.9642890393734 154.1857769936323 7.096256718039513 1.715838097035885 11.18209970742464 2647.334090739489 0.4917566329240799 319.6895311623812 1217.565379299223 741.6123323142529 185.4735865965486 5.441863894462585 2.791027911007404 32.91589065641165 1.624728843569756 0.1865329593420029 89.07512758672237 7.245699159801006 0.08753682672977448 0 0 1.649468682706356 0 0.6193217113614082 0 1.322366259992123 0.0840991735458374 1.80886647850275 0.6024105176329613 0 0.09896932542324066 32.73074463754892 11.10510581731796 130.1575588136911 0 0.587418220937252 2.822575815021992 0.2178117632865906 2.160915032029152 3.233943767845631 319.685457393527 366.9405939951539 1.440032035112381 0.1727791875600815 0.3760887831449509 4.915166571736336 0 0 12.10821773856878 0.3905185908079147 22.4290452376008 97.29194179177284 36.03657978773117 6.752874955534935 0 0 4.302386797964573 0
1.213571958243847 0.3114730045199394 0.9187444299459457 2319.688366279006 14.81663555651903 626.7892635837197 44.20271510630846 342.0669372975826 668.0235615596175 3553.27469368279 7.501484945416451 4711.299858175218 2.313278786838055 147.0760140791535 215.5683006644249 0 0.1566365957260132 2.650087878108025 1.766232363879681 523.4847948476672 0.6056167632341385 0 0.4572772979736328 313.7282802984118 0 9.436138041317463 6.453031569719315 1708.10795391351 78.7741668894887 2.407230086624622 0.6892650127410889 12.9739501029253 2.285163797438145 101.0852637812495 31.53510006517172 278.2843509986997 8.572423867881298 114.2968467399478 44.15749707818031 549.453013472259 14.02996129542589 1.149604961276054 1.139815039932728 0 0 0 209.4034880399704 0.2905602008104324 4.447257108986378 51.94218653440475 3.536334872245789 168.0107333883643 120.3920322433114 0.3613118678331375 234.3162260055542 0 1.782127045094967 25.84096037596464 0 0 0.1619909554719925 0 260.68236297369 1.149419993162155 0 0.9262691140174866 149.8640055283904 0 0.2588376179337502 0.2928698435425758 72.44403826445341 0.244956836104393 0 0.1068961843848228 0 0.1137794554233551 0.8450352400541306 0 4.337013520300388 0 0.9298486858606339 1.117328718304634 36.33945009112358 0.6409716904163361 4.200211524963379 0
67.03592813760042 37.25055706501007 1394.244452878833 4.520129904150963 0 4.574502103030682 209.1622482016683 91.99233859032393 83.35819984972477 8.40492882579565 29.76155640929937 0.2228936776518822 1.292709499597549 136.074519328773 0 3389.98682230711 1250.814303159714 48.64799880981445 138.1733157858253 0.6056167632341385 13569.31662920117 265.9846607446671 10887.97735714912 569.7809971868992 10.01408106833696 276.2506954520941 721.4179975241423 2949.426233664155 146.5077937021852 6609.308035366237 0.7822858467698097 0.3564859330654144 21.12124256044626 3197.421698376536 87.33402509242296 6476.797738067806 1463.27998097986 4480.890027716756 2370.05445010215 68.75581216067076 12.92857737839222 3.098143562674522 20.20241261273623 31.34649520367384 5.147333465516567 22.69588918238878 0 0 1.000280097126961 62.58361715078354 10.85864448547363 60.03616457432508 1.621307924389839 0.4419186115264893 0.961157500743866 0.09711871296167374 25.62349545955658 0 449.401444748044 2.645362138748169 0 0.104820653796196 3.179396688938141 514.1764168664813 346.8767191693187 214.2311579883099 913.7072004750371 0.3392085507512093 6.512984819710255 35.92603235691786 673.9079953506589 83.23203735798597 280.9274184480309 0.08970033377408981 0 21.74030173569918 13.01031357795 3.240236967802048 114.4938236102462 4.811660043895245 25.54886341840029 11.23033820837736 2.161510303616524 0.4483169168233871 0.1804457604885101 1.484862416982651
1.299812182784081 2007.220295570791 24.64839568734169 1.681121319532394 0.6857361346483231 0.6824965476989746 79.39296437054873 4.310539171099663 1810.41226516664 1.403268255293369 1.375690601766109 0.6569288074970245 25.58812112361193 4.288139842450619 20.04408249258995 3169.903385736048 11.64562541246414 0 1.443732716143131 0 265.9846607446671 1231.480309166014 406.0434676483274 7038.113926015794 444.2598872706294 13.21970215439796 3835.876729488373 365.4302015006542 6.069685406982899 12.06501274555922 0 0 0.6716070175170898 9.530951894819736 2.601001292467117 27.00840852409601 10.15837641060352 17.55810041725636 5.554440870881081 36.6313593313098 0.3467392772436142 1.970831304788589 0 0.7002411484718323 29.98246313631535 82.25110607594252 0.1025928780436516 0 0.4188502430915833 12.39884488284588 1.470804922282696 26.20897962152958 0.1533524990081787 0.3303555846214294 0.9786632880568504 0.2960956618189812 5.95333431661129 0 928.7756379172206 3.762043282389641 0.376185730099678 1.409257598221302 0.8797539472579956 122.5659684464335 341.2891851365566 585.7115411236882 264.4072044789791 2.240309119224548 19.70464757084846 1165.209656342864 116.2739529311657 4.00626565515995 16.99527526646852 0.2403334230184555 0.1005170792341232 0.5501006692647934 15.84289246797562 1.943746209144592 69.759550742805 14.6040308997035 50.56769368797541 43.12692090123892 1.504379265010357 2.060864523053169 0.3338472545146942 0.5813814848661423
174.5054882839322 126.0730017200112 6812.628655835986 1.407777979969978 0.3395801186561584 7.446221381425858 331.5753669366241 227.005870141089 38.71928426623344 7.636690013110638 30.21239078789949 0.7553837671875954 2.223346911370754 424.7509658262134 0.1171814352273941 3045.109648890793 3339.747194968164 55.53264183551073 198.0581982731819 0.4572772979736328 10887.97735714912 406.0434676483274 16171.00359503925 852.3184665814042 4.250465221703053 1616.72521840781 10942.44810625166 3825.861437186599 162.4182221591473 2946.461989529431 0 1.556651033461094 13.33549398183823 2289.869490228593 114.3928394541144 7478.097682200372 3970.094999685884 7840.87702010572 3713.384744815528 147.3695183694363 24.93540120869875 8.221186459064484 29.76783106476068 4.192601390182972 10.58585657924414 111.0676965713501 0.09412705898284912 0 1.418464004993439 27.25469200313091 3.808473743498325 20.35505295544863 0.8354940935969353 0.2653505355119705 1.564526915550232 0.1528332978487015 11.2421363517642 0.3963248878717422 1924.872901089489 5.546030454337597 0.1289156973361969 0.3721333891153336 0.4834127426147461 476.6189177110791 750.961838401854 2114.473376408219 357.0384162217379 0.131402388215065 14.77421720325947 550.1918249353766 214.5588161200285 12.88569296896458 62.44728064537048 0.4678420275449753 0 0.7717709168791771 11.84861767292023 20.91644479334354 155.4947213009 8.891639649868011 55.73900941759348 60.11030142009258 4.168774396181107 1.420362010598183 0.8330698013305664 0
184.805000923574 841.2143606096506 67.43138810992241 1236.867706291378 44.70682598650455 151.0536734238267 3285.193069577217 465.0749966800213 8029.259176842868 497.7634104639292 10.40236762911081 215.0474884063005 9.341449469327927 565.5121120885015 896.3420700207353 2475.413074076176 8.692700624465942 4.5719840452075 7.644460819661617 313.7282802984118 569.7809971868992 7038.113926015794 852.3184665814042 8528.057019785047 123.6779430508614 33.41587060689926 1448.664722308517 7760.452716462314 665.8350151479244 1129.237857475877 1.030266724526882 17.10207920521498 148.5914502665401 274.9476267322898 16.32830236107111 2051.608158551157 127.239495024085 443.7821175828576 256.0841490998864 845.3879713118076 37.02488010376692 2.799675919115543 8.483719795942307 37.02492845803499 1.964648924767971 10.2617771923542 183.9875948429108 0 32.4918762370944 996.6620970666409 120.6226775050163 1391.225915230811 161.0453687384725 9.27662443369627 76.40426548570395 0.8478538319468498 144.152879551053 3.996729090809822 207.5574830546975 1.29708182066679 3.586298890411854 1.385951027274132 169.3308104872704 161.2301154062152 363.7590074986219 111.6950350180268 3709.499041616917 0.3624353930354118 6.531435675919056 22.52776316553354 2075.505069792271 95.63290630280972 228.7438545897603 1.647496104240417 3.696120239794254 8.881953537464142 39.76295431703329 2.208926938474178 256.4093032330275 4.752027422189713 98.55278703570366 30.20755317807198 65.33821322768927 19.04076348990202 2.169844076037407 1.867239058017731
0.4100998416543007 1713.100949518383 0.3043118938803673 0 0 0 3.603431336581707 2.00686115026474 32.36027461290359 1.419087216258049 459.7985407561064 0.1846810653805733 4365.644579701126 1.582112401723862 0.141690731048584 24.29974711686373 0.8003107234835625 1.195717185735703 6.074688926339149 0 10.01408106833696 444.2598872706294 4.250465221703053 123.6779430508614 610.4893452376127 123.8068403378129 3485.816895954311 4.922463156282902 0.4938409179449081 0.6266506910324097 267.0438622832298 0 0.2193139344453812 744.7828029543161 1.079906702041626 52.47244816273451 614.4713769257069 436.4963575601578 115.9526057168841 4.769139751791954 30.80109617114067 940.6052380204201 0 0 166.09835909307 0.7508339136838913 0 0 0 0.348442554473877 0 1.129078522324562 0 243.4603462144732 0.09563935548067093 1195.645662046969 0.464691735804081 0 1.867551185190678 0.6036561354994774 74.43504806607962 15.31407059729099 0.1256071776151657 0.3307676315307617 4.324066363275051 2.244695425033569 0.2649733424186707 144.8719429373741 726.4928170144558 1293.198780670762 0.4235992655158043 0.3230860829353333 0.5753819346427917 319.0787092447281 0 0 8.052848927676678 1.055225819349289 13.17554790526628 162.1875952109694 26.27347087860107 5.312806747853756 0 0 38.97460933029652 0
88.87486137449741 118.2192251011729 4478.390229284763 2.883109748363495 0.9893606603145599 10.0492430254817 97.84119040518999 101.2045579776168 7.119438052177429 55.12277725338936 3482.321608379483 18.86211867630482 198.4397796988487 283.9706319347024 0.265051431953907 0.8813489973545074 5142.847779840231 2394.431494168937 5624.250119306147 9.436138041317463 276.2506954520941 13.21970215439796 1616.72521840781 33.41587060689926 123.8068403378129 23391.81683050841 11844.78497925401 89.53450481593609 243.1037977039814 285.7378502637148 1307.817499920726 6.0350596383214 20.77788477391005 3748.47106500715 12.78368496149778 1825.802438206971 5694.841300740838 3813.787951409817 1076.586885131896 34.10457970201969 13.12775202840567 87.42720214277506 5.083768039941788 0.9303673282265663 916.4129661843181 143.5229569450021 0.4174761325120926 0 0.7168859615921974 9.662214741110802 1.873847901821136 3.290423862636089 1.086209461092949 72.54118170589209 0.285050630569458 170.8969210609794 2.972238048911095 0.8276020586490631 1.858692847192287 173.9683545827866 213.4478259533644 608.4269025847316 0.8473728895187378 1.839159190654755 30.74947169423103 11.74106289446354 16.54678401350975 108.5953377336264 2315.311483502388 3527.891879498959 11.2984616458416 1.912116542458534 3.924651317298412 189.4306928515434 0.2085593491792679 0.2814407497644424 70.41759914159775 3.066737875342369 138.3978861048818 726.0665508434176 227.6346028670669 40.08482395857573 1.469225481152534 0.1468676775693893 56.70695323497057 0.4409708231687546
63.00780299305916 7482.600229486823 9353.704962961376 2.868150651454926 0.6045067459344864 8.413086079061031 224.703002601862 108.9077137708664 125.9021091833711 36.15549419075251 826.80730561167 9.900111824274063 1621.212410993874 206.9246633425355 0.9229370728135109 3623.809254072607 5347.096751309931 240.3323307484388 1063.538728952408 6.453031569719315 721.4179975241423 3835.876729488373 10942.44810625166 1448.664722308517 3485.816895954311 11844.78497925401 21696.4132001847 627.6032217666507 181.5559022352099 182.3911114782095 1578.0194196105 4.486931852996349 18.53949984163046 3956.584126904607 48.62881859391928 4820.86994227767 6334.064095050097 7525.904695823789 1737.927533358335 89.81227044761181 16.00303906202316 100.2722388282418 22.40011287480593 6.109993875026703 3971.139692395926 1362.747976586223 0.08340433984994888 0 0.7152746319770813 29.94768218696117 10.33672910928726 16.96287704259157 0.9212494492530823 131.9087464213371 0.4318805932998657 316.8737793937325 38.56319016963243 0.1196823045611382 1428.715581044555 319.2906448692083 445.0227022394538 832.6780404448509 0.2281534373760223 147.9494652375579 2129.702943958342 2774.196932479739 124.2343496307731 344.3345184475183 4561.385050408542 14495.32966431975 76.15976862609386 7.210048913955688 48.26854971796274 390.1486021205783 0.525946669280529 0.5684954226016998 228.1461053565145 19.66356737911701 656.9480402991176 1185.657942287624 723.8269020318985 241.7471611872315 6.598088964819908 2.157152533531189 79.76602277159691 2.994749642908573
175.0874829292297 53.49613105505705 436.0677535906434 2393.273822233081 8.915393233299255 545.4346671178937 19794.00192116201 1103.784911058843 1559.712622448802 3431.822206348181 10.64931378513575 733.4029479920864 2.573323711752892 786.6344095990062 108.681472375989 1467.121888674796 40.92011888325214 6.176027476787567 10.72713457047939 1708.10795391351 2949.426233664155 365.4302015006542 3825.861437186599 7760.452716462314 4.922463156282902 89.53450481593609 627.6032217666507 14791.3547333926 853.3948996812105 6896.997554719448 1.264593690633774 14.31918539106846 272.3133435472846 770.633059091866 47.13633631169796 4351.470771551132 332.4741836488247 1243.019657410681 664.3783223852515 432.7227857410908 40.89994644373655 5.739849887788296 13.09435600787401 45.37990349531174 1.263462729752064 6.261950761079788 284.7586102932692 0.3106392472982407 36.27794989198446 1057.053162120283 128.5052748247981 612.2582480534911 260.1202807351947 8.735272236168385 146.1816335171461 0 148.0298570096493 8.902421601116657 114.2074750512838 1.68163013458252 1.376436956226826 1.297665603458881 318.0987057983875 126.5687040761113 137.9876820072532 77.32569413632154 2620.310143716633 0.4087829515337944 6.564335040748119 18.8016249909997 1749.080398902297 131.2559596225619 346.1733704432845 0.3243093863129616 3.973506115376949 15.66561912745237 36.68617040663958 2.235699325799942 253.5227848887444 4.678036600351334 95.06655342131853 30.11750458180904 67.16084132343531 18.1921751499176 4.365582644939423 2.300728440284729
