727.6986175179482 0.09588155895471573 114.08291888237 1.726765096187592 3.048291809856892 22.98464437574148 1545.0489352718 736.5307819470763 1.148358516395092 23.11116806417704 26.41792415827513 0.5961308479309082 0.5387689918279648 5563.253892935812 0 0.1319412887096405 287.9394806846976 6.043032586574554 123.0874641463161 3.089880526065826 27.09517960250378 0.6279586777091026 78.62763337045908 15.00903123617172 0.1121336743235588 43.78010522574186 24.4187209457159 51.76104552298784 2609.195524342358 2367.847292266786 0.5003770142793655 21.81147576123476 4.654583983123302 126.4677923023701 0.1960865259170532 30.19862353056669 5.928373903036118 44.10734856873751 11.71895623207092 1.971025437116623 0.7914023026823997 0 0 0 0.2595226317644119 0.5555257052183151 0 0 0 0.8590031117200851 0 0.1124448925256729 0 0 0 0 0 0 1.30596374720335 0.2018389999866486 0.2538078129291534 0.2073574587702751 0 0.3144554197788239 0.5311206579208374 0.5563110932707787 2.314559087157249 0 0.5844611823558807 4.748913198709488 4.680230617523193 0.8432870209217072 2.151796936988831 0.1093938425183296 0 0 0.2382621914148331 0 0.3232217058539391 0 0.2902655303478241 0.2673852145671844 0 0 0 0
0.09588155895471573 272.9892570152879 395.2577920183539 0 0.1700125634670258 1.666037082672119 12.19114641845226 1.221689090132713 423.0195929929614 0.3008236587047577 274.8627102375031 0.5627357289195061 749.465946353972 2.057985506951809 8.322399646043777 216.1520429849625 182.0758477821946 66.6950993090868 145.8438165485859 0.3004259094595909 15.00279504805803 2079.498458884656 16.7655473947525 1032.078214339912 1918.297754876316 1551.223348915577 10912.52091174573 73.61556574702263 1.206233941018581 2.738077282905579 90.00899668037891 0.7320597171783447 0.134201854467392 88.44806333631277 1.687039941549301 94.05805743485689 149.2219067588449 163.3074228018522 46.29061970114708 8.769860327243805 0.6986470222473145 190.5308994948864 1.713421016931534 0.1440637558698654 27.18024562299252 80.0297384262085 0 0 0 0.5914717018604279 0.1926109045743942 1.382669284939766 0 17.58215045183897 0 62.83181848376989 0.3725109845399857 0 2.564107961952686 37.72313963621855 38.68537401407957 118.1223195120692 0 0.1807494312524796 7.176033988595009 4.353377789258957 4.778623215854168 29.93656204640865 498.1555830165744 1319.478366501629 2.671474568545818 0.7919789701700211 1.190687596797943 6.193512707948685 0 0 12.91857521235943 1.516612246632576 32.95015544444323 31.13730788975954 59.03069796413183 12.3851331025362 0.8707202598452568 0 1.832931935787201 0
114.08291888237 395.2577920183539 4831.133550085127 0.9824845865368843 3.479175433516502 101.8302406296134 2884.049274303019 1396.010106027126 15.5196020975709 28.77045715600252 119.2155508548021 3.13130459934473 5.063182920217514 1175.827040284872 2.150555483996868 150.2054553329945 5021.684905208647 77.05851466208696 918.441590115428 3.932552687823772 1790.084652028978 404.2018584609032 9947.340032197535 256.738324701786 6.834386207163334 10246.25318347663 9855.855543449521 647.413878172636 129.2137877717614 1610.939382731915 12.31352923065424 16.71067366749048 4.851131901144981 640.8683658242226 49.12270365655422 1282.802554599941 920.8219577521086 1958.861095286906 739.427382402122 54.62663212418556 8.845468230545521 2.454564675688744 8.487957403063774 2.703127779066563 287.4928844124079 585.2698451206088 0 0 0.1086682751774788 17.25692696124315 3.659895747900009 4.674740843474865 0.2744404599070549 4.701926372945309 0.260769858956337 0.764383003115654 8.457022659480572 0 25.52822645753622 456.6962344646454 26.18360135704279 172.4626882299781 0 6.805728800594807 60.0246374681592 85.86094501614571 42.09461788833141 0.1758307814598083 1161.969702415168 2469.162143953145 31.67705970257521 10.42097423225641 29.92782210558653 1.190599411725998 0 1.887930952012539 52.62887394428253 20.38872596621513 156.9957443550229 37.56343267858028 152.5051224306226 60.06824656575918 2.211888924241066 0.8239402174949646 0.2779392302036285 1.396378099918365
1.726765096187592 0 0.9824845865368843 1689.657597452402 2.533060014247894 68.85611893236637 75.73068338632584 37.73831313848495 644.3867137134075 2896.836130172014 3.522514775395393 2101.952881447971 1.012949369847775 22.63287992030382 65.51542568206787 0 0.186846986413002 0.4600797668099403 0.8238172084093094 3757.570201843977 0 0 0.4363679587841034 1466.860185205936 0 1.162138432264328 0.926012396812439 3616.558025658131 33.00071065872908 0.6274228692054749 0.1077675148844719 7.292431131005287 1.075104542076588 23.83487574011087 2.432901963591576 87.72932156920433 2.622980929911137 51.78506316244602 14.03356657922268 107.2723490893841 19.44171404093504 0.2113845199346542 1.372618302702904 0.6067278683185577 0 0.1063866317272186 145.7087841778994 1.170042298734188 10.80202218145132 56.01578590273857 23.49992049485445 72.27828592061996 32.34803707152605 0.9657130837440491 59.81708178669214 0 16.33321222662926 8.05634568631649 0.1184066161513329 0 0.293342337012291 0 46.46218729764223 0.1153634488582611 0.1497637927532196 0.5016817152500153 353.4546254649758 0 0 0.1085037589073181 323.7250035777688 7.89729418605566 6.680809147655964 0 0.7692665457725525 0 1.773751132190228 0.614618331193924 39.9843178242445 0.3156883046030998 10.9928342923522 3.360782317817211 114.9991197288036 2.974204987287521 0.1091972589492798 0.2863567322492599
3.048291809856892 0.1700125634670258 3.479175433516502 2.533060014247894 141.8411568701267 781.2308613583446 32.2875164821744 641.1402676925063 119.3460086882114 53.25873748958111 69.7238632068038 120.6456506624818 10.34328981488943 190.3689518794417 1272.71038813144 0 4.328282065689564 2.770909637212753 4.528723858296871 26.97119066119194 0.3043246939778328 1.142383590340614 0.6968825682997704 34.62348223477602 5.132383204996586 2.975219532847404 2.089625678956509 12.75263373553753 869.1353790834546 7.349925428628922 0.1205776780843735 595.8538633882999 0 540.2222106158733 2.313586160540581 234.9561375752091 7.29840999096632 304.5000073388219 184.0751408487558 1701.773326419294 680.5607521086931 12.55711802840233 6.801127411425114 0 0 0 0 0 0 1.855531975626945 0 0 0 0.2410032451152802 0.2223782390356064 0 0 0.2687299251556396 0 0 0 0 0 0 0 0 2.503337070345879 0 0 0 2.113271035254002 0.1642909497022629 0.1835972219705582 0 0.164375513792038 0 0.4924070537090302 0.3541006445884705 1.927777968347073 0 0.3310469835996628 0.2771669030189514 0 0 0 0.2425002902746201
22.98464437574148 1.666037082672119 101.8302406296134 68.85611893236637 781.2308613583446 16252.28306919336 3423.608238950372 6531.023120783269 123.6523521989584 11852.8189246133 255.5790993124247 6464.752955496311 27.70304483175278 320.9954082667828 4637.949997670949 0.4934932589530945 52.23815742880106 25.42257598787546 39.5399958267808 729.1795949563384 9.282621338963509 0.5169275999069214 19.19716567546129 69.44908863306046 11.13304977118969 46.72775570303202 25.25869269669056 335.8437246456742 188.0599388033152 51.45983401685953 2.771491900086403 908.4284654855728 1.831337191164494 658.886577501893 12.47745554149151 756.5981321409345 26.94372230023146 451.0009956434369 252.370565764606 4402.355166852474 488.6901720240712 15.18176710605621 15.89372926205397 0.1974377259612083 0.2605612426996231 0.5256150737404823 3.512297220528126 1.342930197715759 0.6839613914489746 7.509463988244534 2.230788886547089 3.826031386852264 0.9066442400217056 0.1800349503755569 22.28710239380598 0.1041511595249176 0.9175306335091591 1.024639338254929 0.4811644330620766 0.110175296664238 0 0.2769565284252167 2.39611604809761 0 0.5802887082099915 0.3971443474292755 27.9673629924655 0 1.260815180838108 4.439839370548725 20.60661319643259 1.914072215557098 4.996649377048016 0 0.1238762885332108 0 0.2188428193330765 1.729451715946198 9.234719529747963 0 2.967089042067528 1.108321756124496 11.68169738352299 0 0.4874116033315659 0.1365958750247955
1545.0489352718 12.19114641845226 2884.049274303019 75.73068338632584 32.2875164821744 3423.608238950372 19417.70073456317 6006.953597158194 306.5162926316261 5258.503633350134 127.5078223198652 59.08510860055685 12.86592557281256 12969.9564082399 43.70044481754303 19.98665530979633 308.0916054919362 25.45689749717712 137.7787679433823 97.41918422281742 646.3491724580526 28.87616945803165 1375.268115006387 2732.342911921442 8.754790581762791 308.8170427978039 703.297835573554 27655.87330836803 1758.667040422559 6877.209989920259 2.582044035196304 146.7373817935586 88.94793416559696 727.2793750017881 226.2304257228971 2949.927576251328 149.3232751712203 1894.789249517024 778.0202212780714 300.1485849171877 249.4525147974491 9.455343872308731 62.34719870984554 13.93610090017319 2.921070888638496 22.44201143831015 46.83006400614977 0 8.435597851872444 296.0874668285251 60.54476429522038 79.6152169033885 10.79411153495312 1.456062451004982 18.51773557811975 0.2040488868951797 56.67618710547686 0 35.99385783076286 5.355832770466805 0.5902535021305084 2.376742795109749 15.43277282267809 10.0714999884367 21.12813872098923 37.02048322558403 790.3743415027857 0 11.5328171402216 126.145101621747 816.7440870255232 84.21319214254618 231.8449982479215 0 1.838858254253864 9.210211627185345 16.90143115073442 37.65918715298176 214.5055439546704 3.045583985745907 79.72402959316969 25.62397037446499 92.13032121956348 7.319510921835899 0 0.7120132595300674
736.5307819470763 1.221689090132713 1396.010106027126 37.73831313848495 641.1402676925063 6531.023120783269 6006.953597158194 20792.95478460193 18.08720441907644 3716.212780542672 151.4770973101258 774.7987509742379 10.22594728320837 9004.977276183665 167.4874185621738 1.235980831086636 1012.940572194755 27.64502830803394 417.1800908520818 665.2944526448846 77.11176325380802 1.204932607710361 329.2265374213457 92.85411319881678 3.967510804533958 383.6650903820992 146.4854861795902 454.0234396085143 860.7156331017613 1639.925337515771 3.311659574508667 1052.859686404467 8.712880991399288 545.4137208089232 8.6167878434062 340.3993440940976 28.97804769128561 349.445445343852 145.4947872459888 302.7977151870728 93.55293484777212 7.14737457036972 5.330590166151524 0.1369917094707489 0.9188917279243469 3.406203754246235 2.137360468506813 0 0.9961222410202026 28.33036516606808 5.965133890509605 8.841501541435719 1.104650244116783 0.6251323148608208 4.986827731132507 0.1011669933795929 4.34616781026125 0 3.887507267296314 1.490608900785446 0 1.402279868721962 0.1094110682606697 0.6507235467433929 1.525721587240696 2.81758338958025 74.33753547817469 0 5.734671823680401 26.90152354538441 61.43873782455921 7.528612025082111 20.05417323112488 0 0.4634311497211456 0.7306994274258614 1.065936185419559 2.454213172197342 15.59964472055435 0.1437813639640808 5.667202197015285 5.108416475355625 1.681802801787853 0 0.7571470737457275 0
1.148358516395092 423.0195929929614 15.5196020975709 644.3867137134075 119.3460086882114 123.6523521989584 306.5162926316261 18.08720441907644 903.8245899602771 308.7497601509094 25.63873977214098 564.0850538164377 56.04399551451206 18.2316932156682 1097.876025617123 32.62702459841967 9.445234872400761 12.96062231063843 18.19823675602674 788.1523511856794 14.41352893412113 2180.21265668422 3.644080847501755 11804.63562677056 156.5154030323029 134.1810180544853 568.4328125938773 1849.184829354286 87.58407950401306 49.16539862006903 16.73895289748907 3.668580144643784 10.83257763832808 35.61658310890198 22.25965660810471 229.9607266560197 25.38615725189447 95.91072196513414 33.48858745396137 707.0125126242638 13.84371031820774 6.175179526209831 1.354013755917549 12.08386275172234 4.051505602896214 1.739627964794636 159.2387207299471 0 13.83336479216814 135.0232187211514 28.39155298471451 98.43901504576206 44.2416850104928 2.718452394008636 92.7959001660347 0.9075073897838593 41.77159629762173 14.78616437315941 203.4144798517227 1.370377369225025 0.727622926235199 1.040831670165062 53.21215852349997 32.28582216054201 26.66381662338972 8.919416412711143 1654.059464484453 0.2574971318244934 4.185810387134552 8.606314770877361 708.4801858887076 85.26259849220514 211.6526147797704 0.1600805819034576 0.3036952316761017 10.18777152150869 9.769749633967876 4.858495160937309 109.8963794112206 1.100266829133034 38.12209539860487 10.09983793646097 164.0631456077099 1.037263639271259 0.3031739592552185 0.9298581779003143
23.11116806417704 0.3008236587047577 28.77045715600252 2896.836130172014 53.25873748958111 11852.8189246133 5258.503633350134 3716.212780542672 308.7497601509094 32948.01895458251 220.765294983983 3941.78401710093 14.17910473048687 769.7910942882299 114.0718320012093 0.4224249273538589 10.40920253098011 31.87723115831614 37.119887560606 3706.684974327683 1.381505399942398 0.6615941524505615 8.922645702958107 666.4531047344208 6.316994309425354 28.56989788264036 22.52942836284637 4339.704850174487 736.0451830178499 23.74627315998077 3.398671820759773 263.3058372959495 6.064221747219563 632.9019657745957 32.96372555941343 1019.174576602876 46.14973878860474 969.3683357462287 167.1706526875496 370.8189920857549 288.3098345324397 4.608873300254345 38.47555332630873 0.8998172655701637 0 0.4480881839990616 116.4957927912474 0.9775350689888 8.822226516902447 122.0371018573642 42.99753009527922 60.53529254347086 27.06558082252741 1.400773130357265 57.81559981405735 0.09692542999982834 23.90891808271408 5.757375717163086 0.2554438412189484 0 0.5337743163108826 0 37.13793367892504 0 1.122247397899628 0.2829230427742004 503.8422036468983 0 0.5079514235258102 1.95607490837574 477.3106661811471 23.79576986283064 14.61072200536728 0 1.484931744635105 1.062987446784973 5.000317238271236 7.220178827643394 58.37669824063778 1.612868718802929 20.14469327777624 6.639933541417122 133.4345654398203 1.933829203248024 0.3867118954658508 0.2138561755418777
26.41792415827513 274.8627102375031 119.2155508548021 3.522514775395393 69.7238632068038 255.5790993124247 127.5078223198652 151.4770973101258 25.63873977214098 220.765294983983 14074.11879900843 167.860584102571 3202.034683018923 118.3479640111327 16.56570386886597 5.877725772559643 287.717936232686 2250.440662108362 1839.107564754784 87.87048536539078 58.02901580184698 68.83013920485973 131.4174061864614 58.69013338536024 2149.655777826905 1885.958895809948 2718.387949027121 47.5949243158102 297.2642872929573 101.8953147679567 1234.451123386621 386.9375356659293 37.25698778033257 8833.90184751153 23.96368204802275 1322.432043947279 6067.661119379103 7549.266801901162 1867.157461993396 85.85134598612785 47.8788695037365 1389.071217283607 14.39698124676943 0.1467695832252502 23.4912343621254 1.90452478826046 0 0 0 2.957590736448765 0.3770256638526917 0.2621820941567421 0 472.7473713234067 1.02588777244091 1166.543260172009 0.6712868735194206 0 0.4691850244998932 5.003552570939064 79.296391941607 18.0087837651372 0 0.2389871925115585 1.999177202582359 0.1114213541150093 8.485064879059792 72.35540607571602 291.227625079453 334.5805604457855 4.990181870758533 1.271799460053444 5.790878839790821 147.3763720914721 0 0 8.302003368735313 11.02400425076485 31.26769714802504 230.4408132582903 39.41981396079063 10.80946549028158 2.205926835536957 1.670793235301971 197.6535942703485 0
0.5961308479309082 0.5627357289195061 3.13130459934473 2101.952881447971 120.6456506624818 6464.752955496311 59.08510860055685 774.7987509742379 564.0850538164377 3941.78401710093 167.860584102571 10446.69337119907 9.858612552285194 122.7495248168707 1668.574357591569 0 3.392649687826633 18.9378506988287 20.95804210007191 4852.208097882569 0.2142094895243645 4.304625272750854 0.7007932439446449 382.8573050349951 4.080549873411655 14.23126416653395 4.920300148427486 695.1324521750212 161.5727598965168 5.2422184497118 3.432058766484261 232.4308675974607 0.4206070080399513 420.6404304727912 2.944722175598145 544.5623765438795 13.20837966352701 328.9928591698408 41.1184456050396 1892.015197105706 131.1311724856496 3.911457166075706 10.65564069896936 0.277858167886734 0 0 70.50158713757992 0.3145724534988403 10.50314854830503 16.84883653372526 7.223790429532528 42.64958457648754 19.80466176569462 0.446753554046154 133.8466634005308 0 5.968489781022072 8.988249942660332 0.1814430505037308 0 0.2234750539064407 0 27.25623274594545 0.2663762271404266 0 0 155.4476833790541 0 0.09876980632543564 0.4379299581050873 103.146059833467 3.476371042430401 0 0.096601203083992 0.8085017651319504 0 0.6434653103351593 0.4440418481826782 37.69334392249584 0.1009549871087074 3.015054941177368 1.427113562822342 158.5276612862945 0 0 0.1404062956571579
0.5387689918279648 749.465946353972 5.063182920217514 1.012949369847775 10.34328981488943 27.70304483175278 12.86592557281256 10.22594728320837 56.04399551451206 14.17910473048687 3202.034683018923 9.858612552285194 3631.251883864403 4.807601921260357 2.3866081610322 5.09312941133976 2.328117601573467 31.78556150197983 18.99638744443655 6.806674435734749 1.923079304397106 161.7464409843087 4.780367471277714 81.47543140500784 7327.360170319676 165.9464674144983 5949.106946535408 8.348058514297009 6.159000910818577 2.907963961362839 1140.373374402523 25.71533817052841 0.1272471249103546 916.0739845857024 33.98025420308113 1538.561523199081 4376.552672170103 1821.255665943027 291.86792075634 68.42016910016537 90.16741300374269 1249.005177639425 12.5501723587513 0 22.58028085529804 0 0 0.2885567843914032 0.1658636033535004 2.126798816025257 0.9184334054589272 0.1301789879798889 0 733.191137701273 0 1626.506738908589 1.128525003790855 0.1220289617776871 1.612551271915436 0.5107954740524292 58.34838461875916 3.368414781987667 0.1616018712520599 0 1.915279865264893 0 3.443688504397869 146.0745173618197 193.9776637405157 227.0332228168845 2.502190083265305 3.025162607431412 1.607058644294739 125.9816524684429 0.288046270608902 0.6120423674583435 19.05663852393627 18.50028671324253 94.94885997474194 441.12495521456 100.5883006751537 46.96169186383486 34.21076154708862 8.859865248203278 450.3563256412745 0
5563.253892935812 2.057985506951809 1175.827040284872 22.63287992030382 190.3689518794417 320.9954082667828 12969.9564082399 9004.977276183665 18.2316932156682 769.7910942882299 118.3479640111327 122.7495248168707 4.807601921260357 10430.23322092742 8.40434143692255 1.586674682796001 953.9089129939675 22.54908037930727 410.0240407064557 189.4071472734213 111.9109128266573 1.019572921097279 380.3778944090009 96.6574853733182 1.022575594484806 285.1079446002841 115.7719685658813 441.1612334698439 5058.118296802044 3756.2290584445 1.531536526978016 496.6177608594298 12.35661787539721 505.8534449189901 13.81080926954746 223.706324800849 25.90285436809063 253.7172702327371 64.77757344394922 33.67676631361246 24.00602097809315 1.762570559978485 4.05735806375742 0.2402969747781754 1.179455541074276 3.199436224997044 0.7491390854120255 0 0.3541194647550583 14.66788361221552 3.297908395528793 6.433178819715977 0 0.6901799440383911 2.674145773053169 0.3212818503379822 3.391171976923943 0.1217580810189247 5.949938893318176 2.046331450343132 0.157575786113739 0.5989881902933121 0.08802562206983566 2.076297245919704 1.481196157634258 3.800787836313248 47.45561823993921 0 4.516321294009686 24.75247088074684 47.01045972853899 3.093729816377163 13.30928631126881 0 0.2939828932285309 0.701483428478241 0.8508812785148621 1.86288720369339 11.6472831889987 0.2673184350132942 5.79192878305912 1.632280007004738 3.179723247885704 0 0 0
0 8.322399646043777 2.150555483996868 65.51542568206787 1272.71038813144 4637.949997670949 43.70044481754303 167.4874185621738 1097.876025617123 114.0718320012093 16.56570386886597 1668.574357591569 2.3866081610322 8.40434143692255 518.2425726503134 0 0.4382020309567451 1.241669304668903 1.204138912260532 204.2363231182098 0.1628878712654114 28.91421027481556 0.09836409240961075 990.1239477470517 6.287468649446964 5.538637451827526 15.18769996613264 127.8995984792709 11.7137052193284 0.7857690453529358 0.1292990893125534 189.3403250277042 0.8787042498588562 91.70805989205837 61.37702120840549 468.9269354864955 3.045606091618538 32.6123021543026 7.678499415516853 1578.453190386295 208.8089148029685 1.278364464640617 0.3093601912260056 0 0 0 17.97798955440521 0.6739922165870667 0.2139075547456741 6.845866709947586 2.070507764816284 10.88689814507961 3.393097922205925 0.100082240998745 27.46123223006725 0 2.119017697870731 6.710010975599289 0.426636777818203 0 0 0 12.44352796673775 0.3341678529977798 0.9566809237003326 0 33.90255609154701 0 0 0.7061604857444763 25.70783142000437 0.3646507933735847 0.4269935786724091 0 0 0 0 21.70144970715046 18.11440781503916 0 1.488614141941071 0.6832442879676819 45.52786707878113 0 0 0
0.1319412887096405 216.1520429849625 150.2054553329945 0 0 0.4934932589530945 19.98665530979633 1.235980831086636 32.62702459841967 0.4224249273538589 5.877725772559643 0 5.09312941133976 1.586674682796001 0 2851.017769284546 44.21584099531174 2.149507381021976 10.30252531915903 0 3104.704363808036 2202.220083072782 2055.601602494717 2254.679663665593 20.12006954103708 57.13422418385744 3000.233828365803 2082.863071374595 1.283979795873165 83.16336317360401 0.9439752548933029 0 0.171023428440094 44.6782459244132 57.4906801879406 1487.094963289797 947.7516208738089 522.2800158113241 669.1586466282606 53.00763964653015 3.827835589647293 1.329659067094326 15.37953029572964 0.8308528661727905 7.648824974894524 45.54601237177849 0 0 0.3058404922485352 15.77995228767395 1.46732022613287 0.9357261806726456 0.1462041139602661 0.4308599382638931 0 0.5348815694451332 3.049461394548416 0 4352.648131251335 7.142536826431751 0.4178609400987625 1.701712019741535 0 284.4845133945346 1001.473984584212 1869.131135091186 226.1505376398563 0 18.46404641121626 870.8506116122007 245.0976093783975 10.40116623789072 87.86896488070488 0 0.1643470078706741 3.984288349747658 5.088340900838375 15.52011080086231 115.4788650199771 35.96719355136156 29.59418238699436 52.20752181857824 1.563042476773262 0.310341402888298 0 0.1334931701421738
287.9394806846976 182.0758477821946 5021.684905208647 0.186846986413002 4.328282065689564 52.23815742880106 308.0916054919362 1012.940572194755 9.445234872400761 10.40920253098011 287.717936232686 3.392649687826633 2.328117601573467 953.9089129939675 0.4382020309567451 44.21584099531174 1133.350600302219 91.49863211810589 5533.414156317711 4.227447226643562 453.9355300143361 90.20798894017935 3234.248102076352 98.42754761874676 4.861330389976501 2132.731632642448 6525.462448552251 182.3881834447384 1007.963840633631 2110.011401578784 2.095569908618927 20.90701403468847 47.36640194803476 2322.782874360681 27.23045520484447 822.7314343228936 752.578315384686 2390.905051261187 604.8385914564133 27.66934063285589 8.15336000919342 0.7904028370976448 4.229037806391716 1.173681631684303 140.0019695162773 153.7892100661993 0 0 0.2395701855421066 3.412611357867718 0.8083955124020576 1.873195581138134 0 4.528804704546928 0 1.648266524076462 1.369961023330688 0 9.457705549895763 206.411239117384 12.67070149630308 143.5618726611137 0 1.558558985590935 10.85458750277758 23.39395701885223 10.2292882874608 0 879.4529740214348 823.2937921434641 8.084014289081097 1.427374623715878 7.384483739733696 0 0 0.1129362508654594 13.97854142636061 7.585786059498787 52.46095804125071 13.85669136792421 60.9806430414319 21.50766509771347 1.452375650405884 0 0 0.3518387824296951
6.043032586574554 66.6950993090868 77.05851466208696 0.4600797668099403 2.770909637212753 25.42257598787546 25.45689749717712 27.64502830803394 12.96062231063843 31.87723115831614 2250.440662108362 18.9378506988287 31.78556150197983 22.54908037930727 1.241669304668903 2.149507381021976 91.49863211810589 196.2558833733201 1437.076170794666 16.27621845155954 6.723993204534054 24.37887740880251 30.44559765607119 21.19021075963974 260.7639085873961 1767.637640111148 1316.139585919678 10.46131982654333 43.10424180328846 29.16531927138567 60.40003937482834 25.60990728437901 1.507871322333813 667.4823774695396 15.68221025913954 676.3869375362992 1072.588093668222 2425.367190219462 760.3189287856221 13.28320673108101 1.60213378816843 4.641025394201279 2.382622897624969 0 13.85189939290285 0.6560384035110474 0 0 0 0.5393441841006279 0.1190521568059921 0.4806230664253235 0 77.25025810301304 0 252.6860434487462 0.09635993093252182 0 0.2604955807328224 1.084373250603676 106.6088690906763 32.6843568533659 0 0 1.717414222657681 0 1.549353905022144 14.78963311761618 454.0204758197069 429.133488535881 1.154130019247532 0.4082245603203773 0.2684688568115234 118.9205176979303 0 0 2.241020053625107 9.471923843026161 16.44659461081028 9.292616836726665 10.63889405876398 1.573608472943306 1.19963014125824 0.5036429762840271 1.160780683159828 0
123.0874641463161 145.8438165485859 918.441590115428 0.8238172084093094 4.528723858296871 39.5399958267808 137.7787679433823 417.1800908520818 18.19823675602674 37.119887560606 1839.107564754784 20.95804210007191 18.99638744443655 410.0240407064557 1.204138912260532 10.30252531915903 5533.414156317711 1437.076170794666 2064.368168130517 16.97029378265142 157.6703586727381 34.32660324126482 724.8022355660796 53.47023966163397 78.41969905048609 5809.708070635796 2871.439880944788 59.35959897190332 586.4166557341814 720.5770225524902 23.38405498862267 26.05763804167509 42.66350267082453 3537.4813323915 35.45939233154058 1922.352890580893 1669.914017364383 5987.207275100052 1529.167140543461 41.01950531452894 5.774150833487511 0.9958940297365189 5.55147809535265 0.4841727167367935 80.11902854591608 11.78121940046549 0.5729135274887085 0 0 1.727415159344673 0 0.4163717776536942 0 16.14055849611759 0.1872687861323357 51.69249993562698 0.6773082390427589 0 2.584803104400635 28.99893829226494 103.0721169114113 207.232899390161 0 1.136768840253353 4.073598101735115 2.812681153416634 6.258938640356064 10.46812973916531 776.3236768618226 929.4402960240841 3.66726291924715 1.037667162716389 1.492136649787426 27.80479051172733 0 0.3395342528820038 7.523639857769012 17.96437488496304 28.80534557253122 28.82555416971445 35.55239522457123 10.2528323456645 0.4971216171979904 0 0 0
3.089880526065826 0.3004259094595909 3.932552687823772 3757.570201843977 26.97119066119194 729.1795949563384 97.41918422281742 665.2944526448846 788.1523511856794 3706.684974327683 87.87048536539078 4852.208097882569 6.806674435734749 189.4071472734213 204.2363231182098 0 4.227447226643562 16.27621845155954 16.97029378265142 803.6419445648789 0 0.122685544192791 1.52166473120451 667.9328820407391 2.180242747068405 10.38677006214857 5.234525009989738 3141.125440083444 238.1391982585192 6.317270740866661 1.379166565835476 119.1175549253821 1.893810093402863 279.9226156324148 11.06858811527491 445.4797939360142 15.79798701405525 368.8294399157166 49.73216360062361 372.9128885045648 121.3045624867082 1.186577640473843 15.88976856321096 0.4286437779664993 0 0.138542503118515 129.8900033459067 0.8534678816795349 13.14860248565674 99.05661058425903 31.54089234024286 80.13010000437498 34.00934109836817 1.05909338593483 102.8889916539192 0.15909044444561 20.87700878828764 8.70829139649868 0.3931085169315338 0 0.1137956455349922 0 44.43764148652554 0 0.8043054491281509 0.4086668491363525 491.742836587131 0 0.4360857680439949 0.5579336956143379 413.9210602119565 14.21252005547285 14.02246835082769 0 1.138382740318775 0.4339115470647812 3.176803164184093 1.968167409300804 56.75577177852392 0.283983439207077 23.7484969496727 4.746406249701977 231.2367078363895 2.736422553658485 0 0
27.09517960250378 15.00279504805803 1790.084652028978 0 0.3043246939778328 9.282621338963509 646.3491724580526 77.11176325380802 14.41352893412113 1.381505399942398 58.02901580184698 0.2142094895243645 1.923079304397106 111.9109128266573 0.1628878712654114 3104.704363808036 453.9355300143361 6.723993204534054 157.6703586727381 0 14449.3363000378 125.7824246585369 11389.31907761842 222.3259964585304 2.347882881760597 78.9615428224206 1469.764116726816 1718.320111319423 195.3479695022106 10510.46101269126 0.5672577694058418 2.876632057130337 40.86928305029869 4024.559344045818 293.9846260845661 6341.506269529462 820.0266231819987 6856.866365320981 4368.10059209913 231.4280467033386 10.79888547956944 2.670464225113392 95.06820223480463 1.182013288140297 1.644156791269779 5.955234676599503 0 0 0 8.841974459588528 0.5840675011277199 1.984469562768936 0.1330259293317795 0 0 0 3.3975735232234 0 839.9236312657595 1.457699634134769 0 0.7132857516407967 0 159.9456325247884 117.0058287456632 222.8985641524196 132.0393481329083 0 6.789566889405251 94.18738394975662 164.4009237736464 13.78077103942633 103.5338726714253 0 0 8.40288207679987 1.969810009002686 45.02143660187721 47.83727477490902 4.050898402929306 13.07827465981245 9.174750499427319 0.9075374901294708 0 0 0
0.6279586777091026 2079.498458884656 404.2018584609032 0 1.142383590340614 0.5169275999069214 28.87616945803165 1.204932607710361 2180.21265668422 0.6615941524505615 68.83013920485973 4.304625272750854 161.7464409843087 1.019572921097279 28.91421027481556 2202.220083072782 90.20798894017935 24.37887740880251 34.32660324126482 0.122685544192791 125.7824246585369 1353.94727177918 252.8076613992453 7566.242850840092 543.108393445611 327.7525718435645 4183.191934064031 335.7226246222854 2.725127689540386 27.06169871985912 32.27087996900082 0.1116041988134384 0.2307582646608353 34.43702232837677 3.39336521923542 85.0301101654768 90.21363662928343 89.04529344290495 46.07280499488115 29.31535920500755 0.8542061150074005 24.3210503757 1.260761126875877 1.074586495757103 16.6790756136179 76.15632428228855 0 0 0.1117827370762825 9.070720314979553 1.943944752216339 7.659618049860001 0 1.389038845896721 0 3.435761496424675 2.336053103208542 0 841.2533074244857 18.46129106730223 0.4890226647257805 8.049068920314312 0 36.27644426375628 127.7776076048613 326.2637706398964 73.17381472140551 0 61.29073418676853 1070.351570978761 56.73244546353817 2.773160606622696 21.24115408211946 1.088389962911606 0.2891837954521179 2.361451387405396 5.626626029610634 0.5820668190717697 43.94784455001354 16.96451614797115 23.15478943288326 17.73524995148182 1.019380763173103 0 0.5441863983869553 0
78.62763337045908 16.7655473947525 9947.340032197535 0.4363679587841034 0.6968825682997704 19.19716567546129 1375.268115006387 329.2265374213457 3.644080847501755 8.922645702958107 131.4174061864614 0.7007932439446449 4.780367471277714 380.3778944090009 0.09836409240961075 2055.601602494717 3234.248102076352 30.44559765607119 724.8022355660796 1.52166473120451 11389.31907761842 252.8076613992453 13393.53872282803 191.2902488857508 2.437226936221123 1415.115000031888 10503.55152978748 5921.58653754741 169.3051742315292 5856.511804662645 2.239399813115597 7.313166372478008 10.17186440527439 3530.89211743325 326.5530589446425 7802.267036274076 3524.569265328348 9138.4069795385 6034.492695078254 411.4510458856821 13.6877476349473 4.185055494308472 118.1639285981655 5.421371176838875 52.6100139990449 511.9434611573815 0 0 0.9554666951298714 34.70540371537209 5.9267747849226 1.42849750071764 0 0.6640582829713821 0 0 11.5933200865984 0 1579.210041299462 83.18715590238571 2.60684560239315 13.00698883086443 0 69.0964288637042 541.9010922238231 1364.718387596309 105.2111591398716 0 80.89124776422977 3202.295175172389 93.99998700618744 5.912903599441051 37.42170817404985 0.4165054261684418 0 1.566034033894539 29.41511653363705 82.39797079563141 172.2587268054485 71.95890129357576 141.0108932107687 83.35229457169771 1.502621784806252 0 0.8250573873519897 0.129802018404007
15.00903123617172 1032.078214339912 256.738324701786 1466.860185205936 34.62348223477602 69.44908863306046 2732.342911921442 92.85411319881678 11804.63562677056 666.4531047344208 58.69013338536024 382.8573050349951 81.47543140500784 96.6574853733182 990.1239477470517 2254.679663665593 98.42754761874676 21.19021075963974 53.47023966163397 667.9328820407391 222.3259964585304 7566.242850840092 191.2902488857508 8887.474334895611 250.5994891449809 306.5683121457696 3894.673665590584 6792.326779998839 565.8055278211832 611.3048153594136 26.16795934736729 9.979333274066448 88.13216965645552 239.7085573151708 143.069095633924 1654.205253049731 209.6712078973651 752.1637528091669 389.0091662108898 845.8467154800892 67.40621136128902 19.03133084625006 29.74727465212345 67.55007582902908 13.55548001080751 20.96320293098688 261.0957216694951 3.682570032775402 31.75799660384655 848.2295565456152 162.1593827828765 1135.631413906813 65.37613134086132 7.100004471838474 111.689872674644 2.909534506499767 223.2079385146499 15.11678887158632 887.4719273373485 10.69673759490252 3.761816933751106 6.886065006256104 72.47695736587048 289.5699995681643 349.2706510871649 118.1312283426523 4554.910100080073 0.9554390907287598 35.03971157968044 105.5426682680845 3437.408801086247 495.8096532225609 1383.987484939396 0.6746712625026703 6.218473374843597 65.84958166629076 64.95625928044319 32.44716654717922 647.2557035386562 14.21537657827139 239.4785829484463 96.73664193600416 324.5005489289761 15.68590439856052 2.000453621149063 5.790919244289398
0.1121336743235588 1918.297754876316 6.834386207163334 0 5.132383204996586 11.13304977118969 8.754790581762791 3.967510804533958 156.5154030323029 6.316994309425354 2149.655777826905 4.080549873411655 7327.360170319676 1.022575594484806 6.287468649446964 20.12006954103708 4.861330389976501 260.7639085873961 78.41969905048609 2.180242747068405 2.347882881760597 543.108393445611 2.437226936221123 250.5994891449809 908.4932779297233 1086.822523482144 5937.161971539259 27.58463751524687 2.874141357839108 11.96026812493801 646.5768497139215 10.42035304009914 0 732.6384196206927 1.317557498812675 1051.540233410895 1136.796156316996 1357.995035015047 217.8805441334844 56.65452022850513 284.678148239851 1164.827072620392 21.26419076323509 0 63.18439523875713 0.3716493844985962 0.8020375967025757 0 0 2.66935396194458 0 1.101146534085274 0.8649840950965881 412.0960271805525 0.09425747394561768 2759.062974587083 4.112534634768963 0 4.277182921767235 1.922210887074471 59.03904994577169 14.51875127851963 0.2339045256376266 0.1098116487264633 7.354927346110344 0 15.1728678047657 246.7308903113008 380.4950951486826 1197.681823648512 15.35419076681137 5.755029141902924 20.83606255054474 179.9961779788136 0.6037950068712234 0 12.55455598980188 0.4937771260738373 290.6308497413993 115.3641122952104 30.93941702693701 5.392842665314674 62.76307293772697 5.806265532970428 109.2033726423979 3.556473255157471
43.78010522574186 1551.223348915577 10246.25318347663 1.162138432264328 2.975219532847404 46.72775570303202 308.8170427978039 383.6650903820992 134.1810180544853 28.56989788264036 1885.958895809948 14.23126416653395 165.9464674144983 285.1079446002841 5.538637451827526 57.13422418385744 2132.731632642448 1767.637640111148 5809.708070635796 10.38677006214857 78.9615428224206 327.7525718435645 1415.115000031888 306.5683121457696 1086.822523482144 36621.53594127297 22672.7522540763 67.86191007494926 102.7701985314488 197.7007556781173 827.8707559034228 22.21414295583963 2.768913477659225 882.5231628939509 62.08393397182226 2375.413770318031 2664.841557882726 3500.792027875781 1409.223334625363 59.15047167986631 3.668480604887009 26.61353842914104 9.797343224287033 0.1770073473453522 543.1751062050462 81.88824252784252 0 0 0.1973482519388199 2.010787285864353 0.09364341199398041 2.966817490756512 0.0940333679318428 198.9567675068974 0.1769134178757668 797.1952738836408 3.298276036977768 0.09985312074422836 5.242213204503059 198.4378737956285 505.4670950695872 1008.486982360482 0.09149429202079773 2.551340416073799 15.26634040474892 9.060383409261703 14.45938002318144 98.9908719882369 4328.014172412455 4816.415013201535 5.7774837911129 1.616024531424046 5.610894173383713 282.9075664207339 0.1442319750785828 0.09134727716445923 44.1386292129755 24.74667703360319 122.2368435636163 124.2973774299026 166.3789511248469 47.33797038346529 2.79348274320364 0.6928188055753708 5.597608186304569 0.779999241232872
24.4187209457159 10912.52091174573 9855.855543449521 0.926012396812439 2.089625678956509 25.25869269669056 703.297835573554 146.4854861795902 568.4328125938773 22.52942836284637 2718.387949027121 4.920300148427486 5949.106946535408 115.7719685658813 15.18769996613264 3000.233828365803 6525.462448552251 1316.139585919678 2871.439880944788 5.234525009989738 1469.764116726816 4183.191934064031 10503.55152978748 3894.673665590584 5937.161971539259 22672.7522540763 33231.63177604228 5351.24051630497 77.50978624075651 198.5837183967233 2141.228842481971 13.53262354433537 4.357971049845219 2192.905983842909 263.1702861487865 7001.017303794622 5003.793672196567 8286.992413796484 4223.336913645267 301.5456502065063 14.19239864498377 95.57767955958843 48.56379809975624 7.025557197630405 1547.952148452401 1150.857832573354 0 0.1361548006534576 0.4566626250743866 51.92471300810575 11.81702283769846 9.049425400793552 0.3022148013114929 279.6280625835061 0.4301232695579529 864.8586846590042 23.90676428377628 0.1289039701223373 487.753847181797 629.6572283878922 576.2300999686122 1065.967596903443 0.2184900566935539 27.56274942308664 765.865383811295 875.9893471598625 107.5497292950749 156.652396030724 5228.955741800368 10995.85079374909 72.83553206920624 11.50584730505943 35.70226289331913 287.5117032825947 0.5046118944883347 1.386405408382416 111.4184963405132 104.9281351938844 394.8240367844701 306.9823599606752 460.9106379449368 185.305772125721 6.327306240797043 0.9039492160081863 22.02279428392649 1.067662671208382
51.76104552298784 73.61556574702263 647.413878172636 3616.558025658131 12.75263373553753 335.8437246456742 27655.87330836803 454.0234396085143 1849.184829354286 4339.704850174487 47.5949243158102 695.1324521750212 8.348058514297009 441.1612334698439 127.8995984792709 2082.863071374595 182.3881834447384 10.46131982654333 59.35959897190332 3141.125440083444 1718.320111319423 335.7226246222854 5921.58653754741 6792.326779998839 27.58463751524687 67.86191007494926 5351.24051630497 20116.39743445069 1098.341850951314 10372.65050850809 1.79681371897459 37.04261749982834 173.7489562407136 1078.941104263067 322.4811626598239 4614.304507918656 360.8097072988749 2868.713380500674 1414.438133202493 399.0777630731463 144.4279223382473 12.01059038937092 74.64192094653845 63.08642743527889 12.02035628259182 27.96417890489101 208.1973557323217 2.103947006165981 31.77357133477926 804.526125587523 154.8910413831472 391.5897255986929 60.55922082066536 4.594876743853092 96.13847799599171 0.7070803940296173 207.5471706911922 8.162142291665077 752.3193059563637 10.90862517803907 1.813109785318375 3.720785371959209 74.59665764868259 284.0722596272826 150.2266072034836 112.339383199811 3155.758659414947 0.346695251762867 18.63476268947124 164.9910567253828 2838.507747016847 464.1705055013299 1418.759524472058 0.1305706053972244 3.015259303152561 65.08698056638241 56.72389549762011 55.51715753227472 596.799062050879 10.66561103612185 208.0249074995518 85.13390637934208 284.2271316796541 12.69716150313616 12.76031036674976 5.00498915463686
