1672.033323012292 0 93.90180291980505 6.73826614767313 0.1231757178902626 23.3001836836338 1158.29661334306 1239.210069708526 3.923061303794384 85.84734418988228 1.918491668999195 5.902915380895138 0.5856521874666214 6761.475200429559 0 0.1126939952373505 192.211422033608 1.594139702618122 18.37508865445852 5.591669984161854 28.97028093039989 1.067692488431931 116.7174413502216 47.72556316107512 0 26.93560945987701 30.95790484547615 66.94774457812309 2572.10969260335 3138.464998111129 0 11.18051201850176 3.455891735851765 45.38271720707417 1.508190080523491 62.36465075612068 7.322366796433926 26.56090155243874 6.814726948738098 2.076177731156349 1.650045126676559 0.6580228060483932 0.2965687811374664 0.3167591169476509 0 2.366800397634506 0 0 0.6009860038757324 2.858468875288963 0.1144173815846443 1.456093072891235 1.638384804129601 0 0.7494705319404602 0 0.247247226536274 0 0.6112691834568977 0.2016615271568298 0 0 0 0.5422661453485489 1.422102443873882 1.587157256901264 6.762052059173584 0 0.2460108548402786 4.695190206170082 4.80003297328949 1.088908821344376 0.1184630990028381 0 0 0 0.2140228077769279 0 2.811102323234081 0.1213089376688004 1.487531892955303 0.5033640116453171 0.3119034767150879 0 0 0
0 356.5842167809606 65.09571150690317 0.6767100691795349 0.1954664885997772 0.6022703126072884 1.175241634249687 1.458609312772751 300.7788680493832 0.1120568886399269 35.05469923466444 0.6983544528484344 1293.432385280728 1.138670541346073 6.136693738400936 137.5535616800189 78.71101256459951 1.970515489578247 17.95689408481121 0.176775723695755 5.970146246254444 2131.928396545351 27.74450070410967 758.8225463777781 2185.438567653298 633.763506539166 7945.945568300784 21.20019552856684 2.984322905540466 4.842750042676926 66.10472567379475 0.273606151342392 0.2782011777162552 64.38993872702122 0.4538276195526123 50.38163523375988 84.8551776483655 101.9457697942853 15.92831309139729 8.56577505171299 0.9909435957670212 389.3869483321905 0 0.7184279188513756 71.57594322413206 200.8343864530325 0 0 0.179382711648941 2.546951465308666 0.5096682161092758 1.629327915608883 0.2677688300609589 12.27809876948595 0 51.37888760119677 1.318925179541111 0 6.595160879194736 55.13285160809755 4.5829261764884 65.66092655807734 0 2.336451955139637 12.27250744402409 20.80645221471786 10.12556844204664 60.03848937898874 239.3869678899646 1803.218384258449 4.119942851364613 0.3125057369470596 2.994395583868027 8.519076615571976 0.08408741652965546 0 12.17666776478291 0.9934720546007156 44.62233573198318 23.93963629752398 38.64849594980478 10.5804603099823 0.1409023553133011 0.220915861427784 3.026095278561115 0.3620330095291138
93.90180291980505 65.09571150690317 5209.782944656909 16.51577628403902 0.09821765869855881 30.59630558639765 1174.69582747668 278.6871353834867 2.216843135654926 118.1049292758107 22.19132553786039 1.413714803755283 1.73392378538847 330.8412905037403 0 5.783570639789104 5473.130607359111 18.46818307042122 200.5297682508826 3.295173063874245 822.7289699465036 37.31065026670694 15949.41088763624 50.03572550415993 1.780981495976448 7525.643419846892 5270.647569708526 223.7151677533984 159.0482441410422 1019.554884515703 0.1265287101268768 1.922316834330559 6.792248114943504 692.7129460349679 28.47734449803829 1655.363571710885 2377.192569606006 1583.542028732598 744.2830922827125 40.63859710842371 3.844550907611847 6.682832211256027 11.86815112829208 3.6342433989048 147.2840521708131 1221.428713694215 0 0 0 21.23989748954773 4.19597540050745 1.602439567446709 0.825821228325367 1.776973888278008 0.1873516440391541 0.7742265909910202 8.52912962436676 0 27.34728434681892 253.375186316669 3.753753922879696 32.34247898310423 0.1555933356285095 15.83938503265381 53.70451494306326 343.6696566641331 20.51234859228134 0.7076246067881584 161.2429964318871 1618.70944494009 12.42123259603977 5.090259253978729 20.97838399559259 0.5828362256288528 0.1689460277557373 0 53.48975813388824 0.6341442093253136 221.7239035815001 100.4491740316153 198.6104807108641 46.02493292838335 2.953674927353859 0 0.4685233980417252 0.3661093264818192
6.73826614767313 0.6767100691795349 16.51577628403902 2320.626688450575 2.239244662225246 65.53768569976091 238.1443177014589 56.91528664529324 1173.348528429866 3356.338884726167 1.422438129782677 2876.243127942085 0 55.44635225832462 53.36685489118099 0.6701024323701859 2.003103666007519 0.332400307059288 0.7391657382249832 2219.037481382489 11.67456866800785 1.322302982211113 7.035041458904743 1747.569632254541 1.082350641489029 3.951826423406601 2.720495775341988 2961.986748129129 96.8225843757391 9.939522266387939 0 3.011896513402462 1.998637199401855 26.13313142955303 3.322533905506134 150.546906247735 2.123796015977859 44.55842380970716 13.45800026506186 180.9344000145793 2.366148918867111 0.2039384096860886 1.749329268932343 1.67022705078125 0 0.2279886156320572 237.9698916375637 0.5459892600774765 23.70133504271507 92.95323722064495 10.91134194284678 166.1026161015034 302.0465020239353 0.1844803094863892 251.6061489135027 0 12.19958341866732 15.6687703281641 0.9924765080213547 0.1409061700105667 0.09484821557998657 0 174.7325320467353 1.055645570158958 0.1261267960071564 1.936622902750969 176.3672541901469 0 0.1300438493490219 2.386980786919594 295.6574658453465 10.49726955592632 0.1834216862916946 0 0.1435413211584091 1.684939362108707 3.134773172438145 0 44.87663211673498 0 14.21649893373251 4.34358261525631 75.77560191601515 2.263473346829414 0 0
0.1231757178902626 0.1954664885997772 0.09821765869855881 2.239244662225246 180.5925932973623 825.9879850298166 2.564277797937393 21.29421043395996 108.573081895709 10.16506458073854 3.647007562220097 157.4281669706106 1.57278199493885 2.317463852465153 2027.786960780621 0 0 0.1066808998584747 0.1530406028032303 6.821858644485474 0 2.571125537157059 0 22.11347898095846 0.8325843214988708 0 0.3269373774528503 5.737430669367313 14.44147203862667 0.1607286930084229 0.1108515560626984 376.6827043890953 0 60.39899544417858 1.317147091031075 100.2391595244408 2.615034610033035 86.28132186084986 22.54234220087528 2019.680706389248 190.077873699367 6.544144332408905 4.365881308913231 0 0 0 0 0 0 0 0.2756723165512085 1.103235200047493 0 0 0.1538651287555695 0 0 0 0 0 0 0 0 0 0 0 0.9224274605512619 0 0 0 1.852175503969193 0 0 0 0 0 0 0 0.2868896424770355 0 0.446560263633728 1.53513477742672 0 0 0 0
23.3001836836338 0.6022703126072884 30.59630558639765 65.53768569976091 825.9879850298166 13776.58051279932 2367.336429335177 6412.277821429074 118.4781638234854 7407.612896464765 71.31182931363583 4390.956283792853 19.66704080998898 963.1673197075725 1717.46073769778 0.3616667240858078 14.7386233061552 12.53863123059273 9.175438866019249 588.1409732624888 13.05318237096071 3.297160990536213 17.57867877930403 410.9484224095941 8.363739460706711 13.97233151644468 6.117096222937107 362.8895143866539 627.8256905451417 133.0608727112412 0.4951422661542892 1096.911501057446 1.05930045992136 473.3681490048766 8.658902041614056 847.9553958550096 30.03461937606335 538.0374967679381 166.6347717642784 3298.090337380767 469.7947383671999 50.0366969332099 14.11701937764883 5.24080964922905 0.7946989014744759 0.4599525332450867 12.00306409597397 0.3674383163452148 12.35748691856861 180.7879400551319 38.36510881781578 100.9968874454498 69.55256632715464 1.418058484792709 40.87322503328323 0.1035919338464737 26.85487865656614 3.915805041790009 0.1179899275302887 0.8816317617893219 0.2491714879870415 0.1146726086735725 21.37484690546989 4.181915119290352 0.218888446688652 0.9258882477879524 163.5496662929654 0 0 2.534988917410374 185.4454182311893 25.64878588914871 12.93941573798656 0.09345851838588715 0 0.6562868356704712 13.31958459317684 0.5641453266143799 68.46403852105141 2.037514254450798 28.26686565577984 17.71771781891584 61.45790511369705 4.046592608094215 0.09171995520591736 0.2795098721981049
1158.29661334306 1.175241634249687 1174.69582747668 238.1443177014589 2.564277797937393 2367.336429335177 18595.03108029068 3547.071231335402 147.698036044836 10104.65175251663 23.03589198738337 47.48905554413795 4.139815300703049 4727.55450835824 12.44156569987535 20.26356139779091 176.5491436868906 5.631954737007618 20.19940681755543 140.2305533885956 1755.97780802846 14.30300033837557 1476.920109421015 1162.880502261221 0.7657530531287193 208.0157765299082 265.3471961989999 16005.27265711129 944.2063127607107 8484.180301129818 0.303473211824894 34.66125649213791 16.85791045427322 302.8454500958323 47.42337533831596 1408.014118358493 69.42055045068264 611.1026920676231 195.831153512001 110.7249141037464 36.02010414749384 6.648965880274773 27.11988808214664 6.716815650463104 1.325824894011021 15.50036063790321 30.80652981251478 0.817375659942627 20.99973832070827 201.9138163998723 56.77252842485905 84.66195482760668 128.4414702504873 1.488257378339767 47.13539066910744 0.1759662926197052 37.66442685574293 3.352974623441696 18.04443150758743 1.768464490771294 0.9486368373036385 1.276387579739094 38.51790284365416 4.131976135075092 18.465611115098 67.81397879868746 228.3056614398956 0 2.796054027974606 75.38857637345791 290.7489257901907 36.17798946797848 10.8865052908659 0 1.611272767186165 2.466967731714249 20.71717540919781 1.054728135466576 93.96191190183163 2.472339235246181 55.83262085914612 18.82707381993532 41.98717130720615 5.581202745437622 0 0
1239.210069708526 1.458609312772751 278.6871353834867 56.91528664529324 21.29421043395996 6412.277821429074 3547.071231335402 4490.942469269037 167.1536974832416 2707.995472580194 36.21418529003859 1182.903044596314 8.010725043714046 7662.019511990249 47.1894743964076 1.638866104185581 355.004464328289 8.182843573391438 37.87639711797237 315.6239497065544 74.51799400895834 7.509518980979919 225.3260482028127 838.6163714826107 5.392661660909653 86.55200318992138 73.50195518136024 902.1988283768296 967.0141676664352 1832.786363042891 0.2092764303088188 1164.50958417356 8.946437619626522 220.9736979082227 10.30394580215216 617.8186748847365 48.01746975630522 305.4564458727837 98.30495197325945 890.0085482522845 90.25047244876623 30.14166908711195 9.938939586281776 9.532265648245811 0.7676381021738052 6.037139043211937 4.232268564403057 0.5884557515382767 21.36582006514072 207.0226294994354 50.41972229629755 160.6767568662763 45.11650125682354 2.992587745189667 21.62266280502081 0.2304195910692215 42.24904853105545 1.767892867326736 2.477868989109993 0.6696160435676575 0 0.6512227132916451 6.49224054813385 5.272844202816486 1.945119343698025 6.704883061349392 320.179687641561 0.5525728464126587 1.200992278754711 13.76411516964436 254.433850236237 39.70483957231045 21.39396917819977 0 1.411652699112892 2.405413083732128 19.68194726854563 0.9322900623083115 75.59465274959803 2.636276684701443 49.04344860464334 18.72828587889671 54.74254305660725 7.024425655603409 1.465458437800407 0.1059703826904297
3.923061303794384 300.7788680493832 2.216843135654926 1173.348528429866 108.573081895709 118.4781638234854 147.698036044836 167.1536974832416 1263.182151220739 351.3514557406306 6.101483009755611 425.22991386801 27.71627018600702 54.7423922047019 947.7628385722637 23.0654309913516 2.420268803834915 1.147946111857891 0.7744142040610313 725.6844617724419 10.83639168739319 2586.027847595513 4.852374725043774 8290.343504361808 76.76334874331951 23.39742644131184 233.9632076993585 1389.513501249254 47.10863666236401 33.22945164889097 2.587688967585564 7.345156714320183 1.154862284660339 35.56210520118475 3.188796386122704 184.0088134407997 6.626585885882378 62.4781164303422 13.87911830842495 651.5320036411285 8.348808541893959 3.34911747276783 0.9140340387821198 17.21112518757582 0.4279885590076447 1.460650525987148 193.7172426134348 1.459056183695793 21.37968815863132 174.8727761283517 52.6351775303483 235.0562261864543 215.7867688834667 1.630531013011932 155.1317490413785 1.585698708891869 45.03471221774817 28.40842619538307 148.1582195088267 0.4859798401594162 0.5391181111335754 0.9620023518800735 152.1883983314037 76.31936463713646 57.3771587908268 23.09605068713427 1345.86839222908 0.5301334336400032 1.597109571099281 7.355703987181187 697.8362020924687 90.44367306679487 72.89965287595987 0.2284300476312637 0.3903762027621269 7.19625648856163 27.2858896702528 3.535520553588867 122.1423044204712 1.614393293857574 64.81953912973404 20.53508953005075 62.28698612004519 10.27002741396427 0.2826720476150513 1.148543134331703
85.84734418988228 0.1120568886399269 118.1049292758107 3356.338884726167 10.16506458073854 7407.612896464765 10104.65175251663 2707.995472580194 351.3514557406306 35464.49875682592 62.31347046047449 4718.031335301697 7.665899872779846 1666.939074359834 69.7528447508812 1.117610335350037 30.04424132406712 15.12456066161394 14.0873884037137 3598.987106479704 70.29002635926008 3.02210134267807 68.86375714838505 783.5771319791675 2.885900855064392 38.46164432913065 19.57547265291214 3193.998926825821 1039.249130710959 273.1169153004885 0.449226014316082 85.38372766971588 9.27387510985136 454.4106230288744 38.83177503943443 1196.311312928796 33.2188810929656 821.9543881565332 146.4608532637358 278.4251993000507 72.55736228078604 10.83535216003656 19.36433320492506 14.62280435115099 1.169259883463383 4.334563598036766 336.1421212926507 0.4330392554402351 75.06894804537296 821.5903125777841 118.5016339421272 191.0681327134371 839.5129370093346 5.693500176072121 480.4555724933743 0.3835320025682449 103.4886940941215 26.99301616102457 2.940840497612953 0.2467532008886337 0.3220148086547852 0 338.2057410925627 8.720579110085964 2.294039435684681 9.972308620810509 588.4070325121284 0 0.132048487663269 7.056097276508808 995.4121557623148 94.30625835806131 6.770338162779808 0 1.382663741707802 9.198140375316143 35.91150273382664 4.332025527954102 181.8414899259806 2.312836542725563 93.31253817677498 25.99588926881552 176.069549523294 14.39123222976923 1.112427651882172 0.9701868891716003
1.918491668999195 35.05469923466444 22.19132553786039 1.422438129782677 3.647007562220097 71.31182931363583 23.03589198738337 36.21418529003859 6.101483009755611 62.31347046047449 10360.48201645166 36.14336407929659 1988.330749042332 62.89783880114555 0.1893249750137329 0.6058793365955353 633.3076236620545 5529.074601843953 2027.4865527004 12.46396809071302 13.06655805557966 5.246708631515503 45.72018613666296 29.40495658665895 445.3055069074035 2033.506549842656 225.170527510345 33.20054820179939 204.0127300545573 24.52450762689114 198.9153621643782 59.84316282719374 5.923729702830315 6919.491748936474 12.56309373676777 647.3613515868783 5694.597014628351 5379.483776450157 940.6842861026525 25.82270778715611 134.3927696943283 1210.572266601026 9.115996956825256 0.1104595959186554 10.3625081256032 4.758551701903343 0 0 1.286278054118156 5.65897911041975 0.7587558776140213 4.841268725693226 0 451.8841673955321 0.2754196226596832 1960.114837549627 0.8965384662151337 0 0.5849316716194153 0.6217147782444954 16.76375471055508 10.67014621198177 0 0 0.2501302659511566 1.803250692784786 11.91060616821051 431.5593760609627 76.28374824672937 438.4477199539542 10.26600418239832 1.654689952731133 0.9939704239368439 105.2710117548704 0.2020604088902473 0 42.22204487770796 2.189170241355896 11.3412751480937 432.1894979700446 26.69422171264887 24.47500829398632 1.956219419836998 2.567600518465042 154.8759412541986 0
5.902915380895138 0.6983544528484344 1.413714803755283 2876.243127942085 157.4281669706106 4390.956283792853 47.48905554413795 1182.903044596314 425.22991386801 4718.031335301697 36.14336407929659 8239.770662993193 4.060993775725365 406.9920294433832 1024.197324931622 0 1.546835198998451 7.307349540293217 5.568172849714756 4965.878146126866 0.3501569926738739 15.76985362172127 0.7034457623958588 833.6919191107154 1.36832819879055 4.335604898631573 1.141264155507088 1651.212018534541 178.3748412504792 7.180823750793934 0.6157281473278999 73.84454142302275 0.3670704290270805 166.3851776868105 0.3969962000846863 577.4534821137786 8.762662999331951 241.6771639361978 31.54554169625044 1981.470259845257 24.04384031891823 7.145000211894512 1.721089407801628 0.9205969274044037 0 0 322.2241410762072 1.207636699080467 70.83701606839895 88.15287990123034 25.47751147300005 222.5641583204269 220.6051060855389 0 450.8527035936713 0.1297901272773743 14.57424341142178 42.91563822329044 0.2863770872354507 0 0 0 318.0431109517813 0.3411500006914139 0.1545881479978561 0.2635123729705811 55.50233540683985 0 0.5024531781673431 0 115.7914826571941 11.29752987623215 0 0 0.2418789118528366 0.5299432724714279 5.870970018208027 0.9318295270204544 84.94724320620298 0.4031335115432739 17.8790406063199 4.190042227506638 156.4133202061057 1.654582843184471 0.1107821688055992 0
0.5856521874666214 1293.432385280728 1.73392378538847 0 1.57278199493885 19.66704080998898 4.139815300703049 8.010725043714046 27.71627018600702 7.665899872779846 1988.330749042332 4.060993775725365 3755.198024883866 9.293119974434376 0.162414163351059 8.865420289337635 7.456728346645832 25.6233913525939 2.365043222904205 1.179720103740692 4.79368369281292 158.3025617823005 9.013165786862373 63.19572702050209 4718.195119403303 246.1167920902371 3141.279285930097 7.909072607755661 12.93544902652502 4.066161826252937 1629.057980783284 17.60751104354858 0 1510.510042399168 37.53083315491676 877.6895572543144 3991.233751036227 2776.153239548206 440.8350123092532 86.48305586725473 224.3607001528144 1010.003773488104 27.29600796848536 0 70.70999592542648 1.0664421916008 0 0.3587611317634583 0.6159978657960892 1.122267529368401 1.447764366865158 0.8968089520931244 0.09121733158826828 758.9657609015703 0 3352.432010799646 1.431969486176968 0 0.4014242216944695 0.7953848838806152 14.9344967007637 17.22558501362801 0 0.682377777993679 0.385866180062294 0.2048925310373306 1.933091923594475 1523.63456839323 113.164871968329 647.0227105170488 0.8892073854804039 0.4724289998412132 0.1061135157942772 177.5126055628061 0.2545511871576309 0 69.31323616206646 7.778966680169106 169.1611976474524 578.832783959806 69.69619661569595 118.7860779985785 10.85548974573612 14.05219256877899 360.1805206090212 0
6761.475200429559 1.138670541346073 330.8412905037403 55.44635225832462 2.317463852465153 963.1673197075725 4727.55450835824 7662.019511990249 54.7423922047019 1666.939074359834 62.89783880114555 406.9920294433832 9.293119974434376 9048.912719666958 5.732270538806915 1.750135391950607 541.7167850360274 18.54558400064707 60.0058206692338 138.1631834506989 90.58413325250149 3.078705154359341 305.9499370157719 536.85723195225 2.513369612395763 120.8451204821467 99.51016705483198 610.2991957366467 6956.801641307771 3983.805102556944 0.3961833789944649 597.453812636435 23.9212928339839 435.1945206448436 14.94557751715183 674.4564225003123 51.21707110852003 395.4401862844825 81.70181399583817 196.0391835942864 44.05261377245188 19.05617864429951 6.250347539782524 3.799019433557987 0.4196995571255684 3.795295611023903 0.6597412824630737 0 6.225465625524521 92.54673962295055 24.63333260267973 53.98203687369823 19.25780779123306 0.5194888859987259 7.041305758059025 0.5996251031756401 13.10686909407377 0.6880266815423965 2.405285201966763 0.7978255674242973 0.09618934243917465 0.1313226521015167 3.777281045913696 3.554744005203247 2.565744571387768 8.944439589977264 127.3511266708374 0 1.511756286025047 12.77447714656591 114.0525910928845 20.31570106744766 9.33933524787426 0 0.4415735304355621 1.836770504713058 9.974709503352642 0.861024335026741 40.83828321099281 2.232521921396255 22.14102464914322 11.02390533685684 26.32568693161011 2.083493016660213 0.5206287801265717 0
0 6.136693738400936 0 53.36685489118099 2027.786960780621 1717.46073769778 12.44156569987535 47.1894743964076 947.7628385722637 69.7528447508812 0.1893249750137329 1024.197324931622 0.162414163351059 5.732270538806915 257.937698751688 0 0.1177427545189857 0 0 95.83542925864458 0 58.79408118128777 0 699.5115125328302 0.707172304391861 0.7213194519281387 5.120969988405704 66.09071198105812 3.656921781599522 0.1350998133420944 0 336.8233161866665 0 7.783375412225723 0 5.356731697916985 0 5.375644281506538 0.2881052047014236 996.8057129085064 49.49702695012093 0.1529244184494019 0 0 0 0.1037689968943596 1.220227688550949 0 0.1535052508115768 0 0.2448888272047043 6.848542734980583 1.387347161769867 0 2.308401301503181 0 0 0.4544384926557541 0.8061352968215942 0 0 0 1.14284959435463 0.4078769087791443 0.774463027715683 0.2895477414131165 4.00518723577261 0 0 0 1.699362084269524 0.2719753086566925 0 0 0 0 0.2444606870412827 0 2.246938526630402 0 0.3146118074655533 0 1.538986578583717 0 0 0
0.1126939952373505 137.5535616800189 5.783570639789104 0.6701024323701859 0 0.3616667240858078 20.26356139779091 1.638866104185581 23.0654309913516 1.117610335350037 0.6058793365955353 0 8.865420289337635 1.750135391950607 0 5029.034427635372 20.92927934229374 0.236480601131916 2.178908921778202 0.3139472007751465 2515.480961412191 2616.769446477294 8456.888091027737 3244.80968554318 27.17116946727037 24.19385430216789 5806.828205890954 1205.043213188648 31.76297146826982 94.70473645627499 0.9545997157692909 0.09485328942537308 23.56513174623251 111.7693625465035 28.78955760598183 1682.104825921357 260.8479212149978 304.4208869189024 289.5216347575188 103.1378834098577 3.341211684048176 2.400513514876366 15.81774044781923 17.85499908030033 4.289224416017532 15.77428021281958 0 0 0.5049465894699097 34.5212848931551 5.350294835865498 10.13177790492773 1.699866279959679 0.2147733345627785 0 0.5055682957172394 11.63452062755823 0 2948.03254622221 9.766380749642849 0.2157805189490318 1.849172346293926 0 576.0554948225617 1501.519169405103 2274.797059595585 429.782598093152 0.4507660716772079 5.166973158717155 856.8065219148993 144.0207204446197 105.3143725320697 273.4583124667406 0 0.1239364743232727 15.30111404508352 28.362689062953 2.833765096962452 238.5441008880734 28.74755305796862 61.72554089874029 82.06479781866074 9.739703848958015 0.8444693312048912 0.4523541927337646 0.5536055043339729
192.211422033608 78.71101256459951 5473.130607359111 2.003103666007519 0 14.7386233061552 176.5491436868906 355.004464328289 2.420268803834915 30.04424132406712 633.3076236620545 1.546835198998451 7.456728346645832 541.7167850360274 0.1177427545189857 20.92927934229374 6325.082062795758 681.4896034523845 4565.041882477701 1.217776939272881 719.6278882473707 47.0585110783577 3815.135555490851 33.85280039161444 4.665513575077057 7346.302823059261 7901.738046608865 76.97142995148897 1140.354509755969 2321.908719055355 0.7751400917768478 5.960283167660236 74.21243799477816 2488.28014998883 19.70800464600325 667.0888684540987 2138.289887875319 1173.937935657799 353.8627293631434 27.82756776362658 3.648979052901268 9.028325513005257 3.510501436889172 0.8886843398213387 89.66155980527401 392.7674796283245 0 0 0 6.095245309174061 1.372758805751801 0.6360244005918503 0.3998953253030777 5.001630462706089 0 14.78264059126377 4.146918050944805 0 10.31838445365429 123.4725304171443 14.29851690679789 206.3597530573606 0 5.076964378356934 19.27524465322495 82.07305866479874 14.48739800602198 10.32860850542784 383.4054995700717 1118.284663401544 7.603430166840553 1.216039024293423 8.547676734626293 8.369085863232613 0 0 24.8048934340477 0.3881011009216309 74.14784675836563 156.6740274429321 90.5049209818244 20.79940004646778 1.341669723391533 0 0.1113600879907608 0
1.594139702618122 1.970515489578247 18.46818307042122 0.332400307059288 0.1066808998584747 12.53863123059273 5.631954737007618 8.182843573391438 1.147946111857891 15.12456066161394 5529.074601843953 7.307349540293217 25.6233913525939 18.54558400064707 0 0.236480601131916 681.4896034523845 1123.417648166418 3566.373004108667 2.38609466701746 5.393750622868538 0.09601644426584244 21.50327292084694 4.177861429750919 20.87233047187328 1459.014184840024 429.3347624540329 9.303015664219856 47.26590779423714 14.94778919965029 22.79937542974949 7.648478947579861 3.577761389315128 1187.727025434375 10.90095042437315 788.1566435471177 1200.665729485452 2105.184071049094 594.8098645806313 6.936066091060638 12.48392526805401 59.65359766036272 2.894569054245949 0 8.076640523970127 1.658726409077644 0.1344158798456192 0 0 0.8251688480377197 0 1.223476313054562 0 12.82278767973185 0 123.1655317246914 0.3957604169845581 0 0.2589511871337891 1.26235020160675 7.466924987733364 7.813186176121235 0 0 0.1172010526061058 0.08812816441059113 1.697836585342884 49.41205322742462 51.67062249779701 236.3304896876216 1.944142483174801 0.2076882272958755 0.4745604023337364 24.58176425844431 0 0 0.526147335767746 1.192627593874931 1.915561936795712 10.04509355127811 1.205258466303349 0.8443019539117813 0.2654204368591309 0 0 0
18.37508865445852 17.95689408481121 200.5297682508826 0.7391657382249832 0.1530406028032303 9.175438866019249 20.19940681755543 37.87639711797237 0.7744142040610313 14.0873884037137 2027.4865527004 5.568172849714756 2.365043222904205 60.0058206692338 0 2.178908921778202 4565.041882477701 3566.373004108667 2223.03677970916 1.745024010539055 32.08227372169495 5.402190148830414 126.8495300263166 9.923879757523537 9.282059244811535 6338.183787658811 1041.373642034829 15.36853072047234 200.8460177108645 98.59039108455181 3.472454972565174 6.818865016102791 19.90843430906534 4153.006640508771 7.861715577542782 876.3820473849773 573.7619156315923 2399.401294887066 511.7044940516353 4.693793997168541 9.30618067085743 6.119614861905575 4.46387841552496 0.08398658037185669 45.78733042627573 13.39801754802465 0 0 0 0.3287829682230949 0.1726734042167664 0.9962439388036728 0 6.248671174049377 0 39.65669424086809 0 0 0.4269842207431793 8.494147218763828 13.49188947677612 77.13851145654917 0 0.2326196432113647 1.189550369977951 1.98305582255125 4.064244881272316 26.55081932991743 205.3864012509584 495.4960640445352 0.4624679759144783 0.09390562027692795 1.185041077435017 16.8576093390584 0.07992132008075714 0 2.367635071277618 0.9823961555957794 6.489505626261234 37.26525860279799 7.65149337053299 2.822367683053017 0.3474571108818054 0.2014238387346268 0 0
5.591669984161854 0.176775723695755 3.295173063874245 2219.037481382489 6.821858644485474 588.1409732624888 140.2305533885956 315.6239497065544 725.6844617724419 3598.987106479704 12.46396809071302 4965.878146126866 1.179720103740692 138.1631834506989 95.83542925864458 0.3139472007751465 1.217776939272881 2.38609466701746 1.745024010539055 349.4498897790909 0.849862203001976 1.36233289539814 0.6294356882572174 513.9570887610316 0.2170138135552406 1.882159374654293 1.796416819095612 1887.028922058642 94.14144146442413 4.278937675058842 0 14.1909514516592 0.4619684740900993 55.09020759165287 3.534235000610352 194.953413978219 2.400995723903179 107.4249411895871 18.14719468355179 547.6957396864891 9.438959613442421 1.92926649749279 1.579115644097328 0.9978744685649872 0 0 110.7117852792144 0.3130001574754715 19.37318859249353 125.2813441455364 18.68618734180927 141.8625215440989 197.4094356223941 0.2073108553886414 161.1082970201969 0 15.75311231613159 9.590918615460396 0 0 0 0 120.4414310902357 1.017661541700363 0 0 114.5715322941542 0 0 0.5366014838218689 239.498803935945 15.58280023187399 0.2975804507732391 0.09566423296928406 0.2012397646903992 1.05579636991024 6.72233647108078 0 65.3135110065341 0 19.98091627657413 0.8716265112161636 89.82763098180294 3.582813143730164 0.2147368043661118 0
28.97028093039989 5.970146246254444 822.7289699465036 11.67456866800785 0 13.05318237096071 1755.97780802846 74.51799400895834 10.83639168739319 70.29002635926008 13.06655805557966 0.3501569926738739 4.79368369281292 90.58413325250149 0 2515.480961412191 719.6278882473707 5.393750622868538 32.08227372169495 0.849862203001976 15313.39663069695 52.21795153617859 19259.15016710013 1694.305758774281 3.232816249132156 82.55747344344854 826.4746327474713 3233.565700046718 259.2503096535802 12176.94292423874 0.2148500606417656 1.765775226056576 77.62315408885479 5132.047506734729 199.5189882069826 9128.779857963324 1886.465778648853 5307.852531477809 2659.286130674183 842.2858902364969 16.16375447064638 9.576990559697151 93.69057340919971 13.10209529101849 0.6649125292897224 9.90418815612793 0.2402015626430511 0 0 30.85398993641138 6.194179639220238 5.743454530835152 1.451385006308556 0 0.1289881765842438 0 15.3646000996232 0 444.3557069823146 3.784115247428417 0.1007988080382347 2.499373473227024 0 321.7051295936108 94.23715253174305 219.1193073689938 242.9045309498906 0 0.7589719444513321 86.05068327486515 116.3107058107853 102.7206937000155 214.1380428373814 0 0.1106872409582138 12.89323949813843 24.21565013378859 6.674342557787895 111.5622022300959 3.766789838671684 37.4331002831459 16.15173528343439 10.79920782148838 1.574343837797642 0.1172404959797859 0
1.067692488431931 2131.928396545351 37.31065026670694 1.322302982211113 2.571125537157059 3.297160990536213 14.30300033837557 7.509518980979919 2586.027847595513 3.02210134267807 5.246708631515503 15.76985362172127 158.3025617823005 3.078705154359341 58.79408118128777 2616.769446477294 47.0585110783577 0.09601644426584244 5.402190148830414 1.36233289539814 52.21795153617859 2070.492422662675 328.8858854472637 5714.52150401473 503.4872311502695 118.3045329973102 4607.995647735894 168.2513732910156 17.61079374700785 35.10474789887667 15.37161289900541 0.8088956326246262 0.96295116096735 26.87896066904068 1.433292582631111 95.79103774577379 44.64056152850389 53.93994737416506 23.56338907778263 75.4840575158596 0.8582970798015594 21.1862480789423 0.1861267238855362 1.310062915086746 31.4895429238677 151.4030938223004 0.6508182734251022 0 0.4159804582595825 6.153534345328808 0.7874629721045494 14.98954816907644 1.224834680557251 2.302880175411701 0.1209259107708931 7.299726970493793 1.464729979634285 0.1808192729949951 1210.307309538126 31.75729755312204 0.5096936225891113 5.848236419260502 0.3422350436449051 100.4549563378096 391.3244471177459 687.0984345003963 137.3941034525633 3.985791020095348 16.58040077239275 989.4242000877857 25.74041786044836 3.365092523396015 40.14485273510218 0.5804517716169357 0 1.544904947280884 16.85519746690989 1.12189008295536 102.1173324361444 14.07441928982735 53.56897733360529 40.13783878833055 3.223448865115643 0.2686005383729935 0.5740281045436859 0.4196969121694565
116.7174413502216 27.74450070410967 15949.41088763624 7.035041458904743 0 17.57867877930403 1476.920109421015 225.3260482028127 4.852374725043774 68.86375714838505 45.72018613666296 0.7034457623958588 9.013165786862373 305.9499370157719 0 8456.888091027737 3815.135555490851 21.50327292084694 126.8495300263166 0.6294356882572174 19259.15016710013 328.8858854472637 18586.97999302298 598.3109875842929 1.807886987924576 974.8356957733631 12892.88875506073 1702.303376860917 490.0150567442179 7524.932735547423 0.7529445514082909 3.805638544261456 73.45166996121407 3705.256859362125 243.9303605929017 11912.78082532436 6572.776169635355 6220.428367711604 4976.040135100484 780.792895257473 41.57829192280769 22.34877935796976 151.6957108527422 4.396796353161335 29.28037411719561 425.5568788647652 0.6528095602989197 0 1.071224965155125 25.0412205979228 4.70521230250597 4.301127135753632 1.886368580162525 0.3038373813033104 0 0.3742290884256363 9.418264150619507 0 2593.949395999312 53.47754056751728 0.3552825450897217 6.547740682959557 0.9393055588006973 407.1233444884419 1029.236277543008 3880.877222754061 162.5208956673741 0 18.05295635014772 2412.095944911242 70.12014326453209 48.10825485736132 172.0188258811831 0 0 7.016581073403358 58.71169207245111 14.45950384438038 435.5425632894039 59.47705960273743 260.8924694955349 216.022698096931 6.964838832616806 2.028464794158936 0.1751324832439423 1.992096915841103
47.72556316107512 758.8225463777781 50.03572550415993 1747.569632254541 22.11347898095846 410.9484224095941 1162.880502261221 838.6163714826107 8290.343504361808 783.5771319791675 29.40495658665895 833.6919191107154 63.19572702050209 536.85723195225 699.5115125328302 3244.80968554318 33.85280039161444 4.177861429750919 9.923879757523537 513.9570887610316 1694.305758774281 5714.52150401473 598.3109875842929 11112.11448174715 194.4697078838944 77.85762801021338 2455.515445873141 11082.02969195694 1172.467808879912 390.3217624723911 6.616651795804501 44.35188567638397 81.69959040731192 395.5371018722653 97.18871270120144 3085.858130775392 86.50394799560308 737.5039803534746 225.8372073173523 701.7311070039868 45.15427239239216 14.3598258420825 23.67218800634146 90.54917420446873 6.284002609550953 14.66358613967896 135.9093735143542 2.834836550056934 85.15092919766903 849.795421846211 221.3072245493531 1648.548116095364 326.8586060702801 5.363433510065079 149.0195449367166 3.66482251137495 221.6885075941682 23.94612478464842 835.2823017239571 9.754186365753412 1.406263060867786 3.213260918855667 125.7749220579863 486.4452301710844 441.1982142478228 254.8607477769256 3080.184678122401 1.72161278873682 5.833594761788845 114.5694983378053 1650.161136239767 418.8526567444205 444.3514009714127 0.417753167450428 3.120081141591072 33.60878448188305 104.7701399698853 12.79542141407728 515.8245347961783 10.07302898168564 236.5393042713404 95.01729469746351 317.920871168375 35.43871065229177 2.829491935670376 1.450866430997849
0 2185.438567653298 1.780981495976448 1.082350641489029 0.8325843214988708 8.363739460706711 0.7657530531287193 5.392661660909653 76.76334874331951 2.885900855064392 445.3055069074035 1.36832819879055 4718.195119403303 2.513369612395763 0.707172304391861 27.17116946727037 4.665513575077057 20.87233047187328 9.282059244811535 0.2170138135552406 3.232816249132156 503.4872311502695 1.807886987924576 194.4697078838944 491.7569539099932 734.1833574324846 3686.08277399838 9.47608544677496 4.592922821640968 2.654719650745392 455.6451550424099 9.699074029922485 0 375.567558079958 10.99142715334892 437.620131701231 462.3091504573822 907.0973966419697 193.6693388298154 57.56670381128788 241.8618879765272 484.5884537249804 15.8178718239069 0 151.346873126924 1.59779354929924 0 0.3423345685005188 0 0.1853711679577827 0 1.489342421293259 0 99.98419899493456 0.3551470041275024 537.8690898641944 0.07904140651226044 0 0 1.958497263491154 5.859757050871849 24.95638141036034 0 0.3272221609950066 0.6412749066948891 0.4236751645803452 1.308467291295528 264.0729780197144 113.7711153626442 908.1500037014484 1.089908368885517 0.1840943917632103 0.1083363890647888 32.51642802357674 0 0 34.76313917338848 4.867309436202049 147.0192895978689 81.44458317011595 31.0948858782649 10.66225256025791 11.67687904834747 0.6702159643173218 50.72277781367302 0
26.93560945987701 633.763506539166 7525.643419846892 3.951826423406601 0 13.97233151644468 208.0157765299082 86.55200318992138 23.39742644131184 38.46164432913065 2033.506549842656 4.335604898631573 246.1167920902371 120.8451204821467 0.7213194519281387 24.19385430216789 7346.302823059261 1459.014184840024 6338.183787658811 1.882159374654293 82.55747344344854 118.3045329973102 974.8356957733631 77.85762801021338 734.1833574324846 24400.549846448 13000.45517113805 56.67711606621742 113.7814624458551 173.039377078414 1251.573114588857 6.035561017692089 6.501841507852077 1784.156346067786 33.14789176732302 5046.508880451322 6778.122455514967 3497.80859079957 1295.833738811314 33.1434393748641 15.28971566259861 108.3674775287509 12.25904107838869 2.790402866899967 641.7493499964476 535.3658291399479 0 0 0 8.107900567352772 2.705351337790489 2.596692405641079 0.5968410447239876 109.2184582129121 0 1123.227261029184 4.107404731214046 0 6.377081625163555 251.8187167197466 122.2690222114325 794.6828204467893 0 4.477251321077347 11.01804430782795 23.85226000845432 12.35957291722298 660.2208518907428 1968.824949018657 6079.183811172843 4.427379101514816 4.865247212350368 11.11455639451742 229.1215555071831 0.07846114784479141 0.130700096487999 54.50721515715122 4.988921746611595 116.5570143386722 518.5402265936136 131.6341271325946 23.4907528758049 1.449843242764473 0.1981103122234344 0.8353550806641579 0
30.95790484547615 7945.945568300784 5270.647569708526 2.720495775341988 0.3269373774528503 6.117096222937107 265.3471961989999 73.50195518136024 233.9632076993585 19.57547265291214 225.170527510345 1.141264155507088 3141.279285930097 99.51016705483198 5.120969988405704 5806.828205890954 7901.738046608865 429.3347624540329 1041.373642034829 1.796416819095612 826.4746327474713 4607.995647735894 12892.88875506073 2455.515445873141 3686.08277399838 13000.45517113805 35909.2991425246 1451.995687708259 131.5738757476211 319.8151178061962 2003.530468843877 1.074704021215439 12.78813912719488 2607.991121679544 102.8760312721133 7031.500781424344 3309.189861990511 4714.143173411489 2221.421090967953 148.976023003459 14.45764467865229 25.34812534600496 42.41746746003628 11.16644361615181 2496.90111656487 3275.387495711446 1.589979037642479 0 0.2585415467619896 75.56007101386786 17.13642410188913 13.64296687394381 5.532675735652447 86.86990559846163 0.5366210341453552 692.6986501961946 33.08233217895031 0 827.3595839515328 773.4125148877501 118.4271503090858 772.8209202066064 0.552452027797699 125.6612619757652 1463.515882439911 2929.475248515606 155.8243595957756 666.1167075708508 2402.124944128096 14144.12223307043 67.11636233329773 31.9922109991312 108.7230933085084 151.5208381414413 0.7202269956469536 3.241770386695862 232.7630308121443 12.64372181147337 865.7980333566666 491.7339735999703 845.3975521102548 287.4553929716349 8.200150318443775 1.556895539164543 3.051853373646736 1.598804496228695
66.94774457812309 21.20019552856684 223.7151677533984 2961.986748129129 5.737430669367313 362.8895143866539 16005.27265711129 902.1988283768296 1389.513501249254 3193.998926825821 33.20054820179939 1651.212018534541 7.909072607755661 610.2991957366467 66.09071198105812 1205.043213188648 76.97142995148897 9.303015664219856 15.36853072047234 1887.028922058642 3233.565700046718 168.2513732910156 1702.303376860917 11082.02969195694 9.47608544677496 56.67711606621742 1451.995687708259 21153.46585789323 1642.591216124594 14814.94972500205 0.1957560703158379 54.92020929604769 220.2831796109676 1033.195915684104 185.283861681819 6215.045067243278 162.867638617754 1504.198901966214 551.6860534474254 543.3414110764861 63.45367747545242 11.77914045006037 44.58375014364719 80.29610428959131 1.783355236053467 11.82132339477539 253.7389817088842 2.727907240390778 98.9428838044405 1157.815140537918 236.6585310325027 803.9006128162146 574.7535751536489 8.165073052048683 265.5699217692018 2.065548434853554 229.8642377182841 22.10847947001457 233.0585298910737 6.228475145995617 1.854474030435085 2.651119515299797 227.2704882994294 182.6688134670258 100.0759499669075 86.31942886859179 2178.644537217915 0.4351349323987961 3.832704909145832 48.05261099338531 1687.804694019258 372.5852556303144 333.6851939484477 0.2911554574966431 4.00795504450798 26.65575478225946 90.5435463860631 11.88231211900711 457.6215508654714 5.364857204258442 226.3870307728648 83.65951810777187 381.4599530398846 36.28290348500013 1.09810271859169 1.34381839632988
