687.6688355952501 0.09542199969291687 390.4659883603454 22.32522331178188 1.129484824836254 20.38469290733337 1994.498053275049 696.3368287831545 24.13159166276455 147.364985331893 19.42478597164154 5.67399450391531 1.428747393190861 3435.661663845181 0.7786895558238029 6.061533980071545 639.0894983410835 7.446201421320438 81.23019729554653 38.5290846824646 82.56351053714752 2.816895127296448 98.88143058866262 114.2848519384861 0.3275212645530701 110.7119830995798 109.2746040523052 192.2820100039244 3721.28032142669 5477.898281060159 0.9582530334591866 11.40982665866613 27.21614719927311 149.1886241212487 2.025492236018181 57.74430428445339 26.69239573925734 113.5257966816425 41.89635238796473 5.865506820380688 6.443839929997921 1.488269239664078 1.47815565019846 0 0.1778537929058075 0.1930619776248932 0.2640490084886551 0 0.08568698167800903 1.227905876934528 0.5159806236624718 1.643098950386047 0 0 0.1455325037240982 0 0.2495964840054512 0.100401297211647 8.908385455608368 0 0 0.1120849847793579 0.1084545627236366 5.500411793589592 1.033526912331581 1.457041941583157 20.69626427441835 0 1.002738043665886 1.924975864589214 22.26772901415825 0.9917308166623116 1.290552385151386 0 0 0 0.4331207796931267 1.870010018348694 5.879400067031384 0 0.576591931283474 0 0.9559308439493179 0 1.38869047164917 0
0.09542199969291687 381.9605291634798 37.75492882728577 0.09808200597763062 2.184258960187435 1.042047999799252 17.06262338161469 1.121746763586998 1162.857107333839 2.516032360494137 75.24370660632849 2.521156221628189 1071.263186261058 0.5147807151079178 36.38912031054497 477.8292069137096 22.21577797830105 2.728361621499062 28.29195538908243 0.1815348714590073 53.67388961464167 2460.164505064487 34.77445533126593 987.0831466242671 2694.199672393501 223.2567691281438 6990.245940357447 64.46938104182482 2.05689711868763 14.10825063288212 18.65283463895321 0.1000397354364395 0 29.62245760858059 1.152282908558846 64.15662974864244 75.08552032709122 74.92362655699253 28.50238498300314 73.01834171265364 0 209.2522487789392 0.9413867890834808 0.1398238986730576 322.7946118563414 51.49848003685474 0 0 0 0.1133376806974411 0 1.806012220680714 0 2.622958689928055 1.920465290546417 21.24137753248215 0.9634450152516365 0 14.01274452358484 3.935074731707573 3.572703786194324 11.16711644083261 0.1152125597000122 0.7991032898426056 27.99200137704611 6.457441911101341 4.225068256258965 37.26600766181946 170.0496933162212 2843.790611594915 0.6129084676504135 0.134875163435936 1.036835238337517 7.965589493513107 0 0 0.7215643376111984 0.7247687429189682 8.05255201458931 13.49594301730394 4.377666585147381 0.3783612996339798 0.4741801023483276 0 0.2465225011110306 0
390.4659883603454 37.75492882728577 9250.420800201595 4.469649657607079 0.8620772734284401 58.5399246737361 1987.509139634669 1061.090709216893 8.200886659324169 194.0758969187737 17.03088046610355 5.211634919047356 2.397963270545006 1119.728713452816 1.220146849751472 11.50728960335255 9580.247749276459 26.34460102021694 203.6580261215568 8.474361017346382 557.2496490627527 11.060646019876 16371.18114006519 21.59568659216166 2.34679950773716 9593.059959314764 8097.446682848036 229.6051418557763 205.1223836317658 2084.383473172784 19.11005543172359 4.810431331396103 15.37995860725641 670.1686495915055 69.70795786380768 3917.456412240863 3493.411274917424 2035.993206217885 739.0562939271331 121.9408285692334 20.39780725538731 9.748022027313709 19.08451066166162 0.4431242942810059 77.44154407829046 259.3228310495615 0.1758414506912231 0 0.3449666798114777 1.289916172623634 0.9631375670433044 0.5620384812355042 0 0.2607572749257088 0 13.74464808404446 0.7641471326351166 0.1154231652617455 58.24171266704798 8.145567238330841 1.820339098572731 2.024230509996414 0 19.11583810299635 86.13154040277004 160.3787998259068 21.68669617921114 1.403922736644745 17.97245851904154 2541.330221682787 20.41367095708847 0.5852911025285721 4.624465458095074 0.4383268728852272 0 0 1.802292883396149 26.30863584578037 43.87380187213421 5.261848390102386 9.413683786988258 6.360439240932465 4.303984232246876 0 14.75513106584549 0
22.32522331178188 0.09808200597763062 4.469649657607079 5323.621994607151 6.078544303774834 62.45610316842794 189.2466794475913 77.85918828845024 1625.040832147002 3925.068461365998 7.070507742464542 1645.13049338758 0.5559370219707489 88.22877243161201 71.66173059493303 0 0.7892117872834206 1.124946653842926 1.843684539198875 8906.121948204935 4.863035216927528 2.271133735775948 0.8720290809869766 3515.845968045294 1.23312509059906 1.449175700545311 2.182380601763725 4853.348852053285 157.3165941461921 1.691074885427952 0.1844245791435242 6.313086614012718 5.209918268024921 54.35369985550642 12.26143518090248 432.6973774209619 1.39914108812809 67.93963633477688 39.86018672585487 168.0356628969312 39.1356498003006 2.735703282058239 6.327958725392818 0 0.1239932030439377 3.220697551965714 240.6284488961101 1.728440463542938 11.56284733116627 116.1473009139299 17.67209958285093 156.62973023206 219.1070485115051 2.73578730225563 193.093272253871 5.796715617179871 6.450091511011124 24.00571829080582 1.541917100548744 0 0.1063388735055923 0 104.4691452085972 2.623529270291328 0.495876133441925 3.359035775065422 437.5323664546013 0 0.4568537548184395 3.446426019072533 413.228919878602 3.723803706467152 3.906571596860886 0 0.1143918409943581 0.2840956300497055 0.7236097306013107 0 38.93039625883102 0.1316556334495544 9.469536326825619 3.285703420639038 254.8076346591115 3.645310923457146 0 0.4855422377586365
1.129484824836254 2.184258960187435 0.8620772734284401 6.078544303774834 487.7849549055099 519.6380510628223 17.08079329878092 111.1934333816171 64.83070700615644 36.33894176781178 122.1009398773313 219.6848224774003 6.299786455929279 9.084105409681797 1724.605203941464 0 0.3018780797719955 5.329769015312195 3.201382026076317 17.97887843102217 0.3988269120454788 4.019138239324093 0.3442934900522232 15.87121748924255 0.155662015080452 5.618518464267254 3.060787566006184 8.920535117387772 542.180665999651 0.776001900434494 1.230788379907608 124.2983771935105 0.09728758782148361 1241.449090324342 5.977889627218246 78.27889034897089 4.840102687478065 502.2351767793298 113.4361093863845 4960.114452846348 978.1250876933336 18.05346269905567 13.00486712157726 0 0 0 1.149901449680328 0 0 0.8548288866877556 0 3.404553771018982 0.3487273752689362 1.09374712407589 0.6433216631412506 0.8898460268974304 0.1286830455064774 0.2888511717319489 0 0 0 0 0.2531799376010895 0 0 0 3.260182552039623 0 0 0.08823646605014801 3.947060085833073 0 0.8720841407775879 0.1102486997842789 0 0 0.2823744118213654 0 2.741251081228256 0.9711257368326187 5.369522109627724 4.497053474187851 6.188244611024857 3.935045152902603 2.670764446258545 0.1574534028768539
20.38469290733337 1.042047999799252 58.5399246737361 62.45610316842794 519.6380510628223 13571.80051857233 2073.245764344931 6850.044503390789 97.48004670441151 6145.428436994553 226.2168520838022 4710.516433209181 13.48950212448835 469.2101272717118 2070.142456710339 0.4304707795381546 6.262878783047199 29.25501015037298 22.69992370158434 550.5390480011702 55.36880633234978 4.14261319488287 20.4832650795579 155.8035883530974 0.4201693534851074 41.61935982853174 23.21260080486536 417.0960947573185 371.1315207406878 9.329075269401073 4.542859606444836 359.5227263718843 1.34655100107193 508.9534505531192 23.41568745672703 634.3551234975457 18.32845664024353 453.7518661171198 103.6678433641791 3199.787401035428 208.2765067145228 12.94265297055244 21.83352084457874 0 0.1385745257139206 0 11.87054757028818 0.1205876395106316 2.495166085660458 12.73675049841404 3.005648910999298 30.03779947757721 6.2723368704319 0.6701126992702484 20.72765645384789 2.283628821372986 0.692935898900032 3.401587173342705 2.622262671589851 0 0 0 6.481125541031361 0.4317372143268585 0 1.942260444164276 48.8144957497716 0 0 3.768305093050003 46.90764058381319 2.946390010416508 2.265924453735352 0 0 0 0.2376670017838478 0.8970007747411728 9.328921906650066 0.1172165349125862 4.997724920511246 3.47436835616827 58.17105367779732 3.585880495607853 1.865295380353928 0.2275191396474838
1994.498053275049 17.06262338161469 1987.509139634669 189.2466794475913 17.08079329878092 2073.245764344931 19014.07343824208 4989.131988398731 571.9791529327631 10499.047059156 73.61694951355457 98.77797804027796 4.144769616425037 6295.069865584373 56.53613708913326 33.81069409102201 270.3759214803576 16.55698668211699 28.65792214125395 69.22825717180967 3505.742018349469 119.2833054512739 1274.634212248027 2406.172103531659 1.636524625122547 245.1483841910958 647.2795851156116 17790.38270089775 651.6190741211176 6329.923990786076 2.210999555885792 63.31311029195786 16.08487220853567 309.1390834897757 44.33103090524673 1605.959351502359 120.784566372633 448.1902048289776 186.3935196176171 312.2939623966813 140.6097221672535 3.566716276109219 32.30211628973484 0.3832640051841736 4.304617263376713 8.104391664266586 53.29207575321198 0 4.422220908105373 87.53725681453943 12.46139375865459 69.20330476015806 30.99156568199396 0.9921322762966156 10.3878965601325 0.4720333516597748 7.641015134751797 0.747332289814949 64.09420504420996 0.8467152416706085 0.1450922638177872 0 18.82498137652874 3.068926021456718 19.16962514817715 41.37308837473392 372.8387036398053 0 0.5539933294057846 78.13742145895958 358.854844763875 5.680232837796211 8.282263591885567 0 1.563915766775608 0.7054380029439926 4.213007621467113 2.586016356945038 49.42032969743013 1.531048536300659 11.05051310360432 5.904371418058872 46.02928380668163 5.086057037115097 0.7140512466430664 0.2361159175634384
696.3368287831545 1.121746763586998 1061.090709216893 77.85918828845024 111.1934333816171 6850.044503390789 4989.131988398731 16002.92027023435 97.55629295855761 5349.947499424219 219.5347643047571 966.7597500234842 13.3132586106658 12013.07702318951 320.0919783040881 3.026481010019779 722.0030733421445 29.86140760034323 99.14947617799044 574.9007108509541 310.9722766429186 6.264003865420818 173.1160984709859 313.6462853178382 0.9064639806747437 334.9219162240624 151.5563632547855 452.8696127906442 968.8441000133753 912.7979890480638 4.414208330214024 646.6524010971189 5.263278007507324 560.2619470134377 31.69581726938486 460.0611767619848 60.94831592589617 443.8902297019958 121.9730358570814 1090.608253672719 135.9691132456064 16.63785745203495 26.45110163837671 0.1236642003059387 0.2935553193092346 1.545275837182999 11.05387836694717 0 2.015422277152538 48.76795373111963 10.70753394812346 12.2281815558672 6.695007130503654 1.312117740511894 9.090560168027878 0.8111973777413368 2.804267659783363 1.268038392066956 10.86064698547125 0.1587264239788055 0.2283237129449844 0 2.46269441395998 4.359452039003372 1.988410286605358 6.667921468615532 192.0553884878755 0.1434381008148193 0.5453729405999184 10.08070330321789 173.0384416207671 4.870189413428307 6.23026530444622 0 1.141134083271027 0 1.911789298057556 0 30.20111905038357 0.7008320465683937 9.481779091060162 2.395338796079159 13.75322036445141 4.865503862500191 1.963762074708939 0
24.13159166276455 1162.857107333839 8.200886659324169 1625.040832147002 64.83070700615644 97.48004670441151 571.9791529327631 97.55629295855761 636.7876113653183 377.6797796040773 12.99199201911688 485.1446247845888 28.20911198109388 77.23777220398188 875.9375637993217 79.13733148574829 4.993141062557697 1.311939775943756 3.611499883234501 873.2246686518192 70.19022988528013 3912.034520283341 16.85163522511721 11358.59574561566 165.1708835586905 11.9295951128006 422.708876259625 2570.045703582466 219.8041801676154 403.2810258120298 0.4522351920604706 10.59318845719099 25.3778240904212 54.87979716807604 23.3689891025424 819.7123751044273 15.33720082044601 97.84400787949562 59.81187389791012 732.2061630710959 33.68401639163494 7.00696961581707 8.331966504454613 4.457738175988197 4.603296086192131 7.323813326656818 327.7544858977199 2.454735040664673 13.52105597406626 123.595373801887 21.1213761344552 115.6089129000902 116.4085918739438 1.34874414652586 159.0171941444278 5.480497032403946 21.83887552469969 32.70973046123981 391.5272078216076 1.158497586846352 0.255588710308075 0.7453826665878296 99.07959550619125 116.3599491193891 78.94937071949244 22.39036028832197 2531.133783839643 1.185505211353302 1.331219755113125 28.46679655462503 1120.000022664666 20.70488002896309 56.37335554510355 0.4785742163658142 1.802660331130028 1.377210795879364 10.79909734427929 0 116.886153191328 1.460991472005844 18.56263653934002 5.307072922587395 141.5959361046553 10.77528193593025 1.360694527626038 1.045833855867386
147.364985331893 2.516032360494137 194.0758969187737 3925.068461365998 36.33894176781178 6145.428436994553 10499.047059156 5349.947499424219 377.6797796040773 43493.68733352423 183.6451885253191 4665.922146983445 11.41915655136108 1469.338380001485 126.5974852070212 1.06929836422205 22.43470249325037 36.09486448764801 39.21108805388212 6339.302428074181 166.764604113996 10.70958039164543 54.54974515736103 1036.712833844125 0.3814400359988213 68.57078237086535 50.06720057874918 6895.953865937889 1113.167481988668 35.0584697201848 5.851090244948864 143.562400482595 8.659981228411198 621.5690833255649 74.26446064561605 2320.76657216996 28.92217673361301 799.8630074635148 195.1157490834594 506.5307624042034 294.1818807274103 5.035995684564114 65.85851172357798 0.2916218042373657 0.3823574632406235 4.430181667208672 148.9319224730134 0.4133516103029251 13.81047113239765 167.7157556563616 28.63504616171122 87.21599357575178 94.52097108960152 1.856672011315823 146.0665960162878 0.4439765736460686 8.359294772148132 13.54966294765472 12.20680988579988 0.4649642258882523 0 0 61.72213273495436 5.003198616206646 3.972060807049274 9.090291947126389 532.0896107405424 0 0.2237444072961807 13.43603081256151 514.2941685989499 3.764560587704182 3.019494071602821 0 1.658470809459686 0.3756121769547462 7.051089391112328 1.556831024587154 43.4048839583993 1.179500102996826 5.656493797898293 3.437368385493755 131.2262124270201 5.824081517755985 0.9399764463305473 1.176185876131058
19.42478597164154 75.24370660632849 17.03088046610355 7.070507742464542 122.1009398773313 226.2168520838022 73.61694951355457 219.5347643047571 12.99199201911688 183.6451885253191 14224.18985213339 207.9144425243139 3643.25686763972 185.1280071884394 0.921612560749054 1.527108639478683 139.0590869784355 5515.510565958917 3820.445613652468 94.91862582415342 11.23677887767553 7.049232989549637 32.44222123175859 21.06300740689039 550.0325962007046 3043.274772830307 1006.061803564429 33.45956253260374 600.2150878757238 21.46680373698473 353.5135236084461 494.2498179376125 5.736406236886978 7458.883713841438 5.979173474013805 395.5712529122829 3277.06999219954 4878.519110895693 922.1508090868592 82.31995932757854 53.91522780805826 1402.104162909091 24.53499040007591 0.1059341952204704 10.086525388062 0.8205192536115646 0 0 0 3.901704430580139 0.1472206115722656 1.480148389935493 0.3823297023773193 204.3674351796508 0.6929075643420219 588.7689185217023 0.7886080145835876 0 0.4452536478638649 0 11.91332688182592 0.1284374594688416 0 0.3197465240955353 0.294694758951664 0.4944868981838226 13.81736716628075 128.8229845836759 69.01592154800892 104.5566558539867 11.89603073894978 0 1.27419650554657 79.14852403849363 0 0 1.04566764831543 1.801085084676743 12.00343223661184 416.8930235058069 18.85921587795019 7.235778585076332 0.6196679696440697 8.435692384839058 122.9845314770937 0
5.67399450391531 2.521156221628189 5.211634919047356 1645.13049338758 219.6848224774003 4710.516433209181 98.77797804027796 966.7597500234842 485.1446247845888 4665.922146983445 207.9144425243139 9841.606602430344 12.37049186229706 321.1456592828035 1917.334729328752 0.197977751493454 2.257109627127647 29.55554367601871 28.71277351677418 8518.854398153722 2.925066530704498 3.542796015739441 2.010110728442669 665.3717754930258 0.7135810777544975 34.77299778163433 11.38242326676846 462.1296612396836 367.9601903557777 2.489148341119289 4.086313433945179 185.6821945160627 0.2596761733293533 463.4617642611265 26.09359923750162 1590.486935466528 8.93049044162035 496.8121792525053 68.61032854020596 2642.422985434532 164.8657137826085 6.289344727993011 35.09854584187269 0.11904626339674 0.08944631367921829 4.088138192892075 104.1030354276299 1.627054914832115 50.59476827085018 49.84492611885071 25.87096161395311 191.1467769965529 98.06321847438812 4.478101186454296 723.5737432464957 1.617645032703876 19.75246416032314 43.98886046558619 1.29181881248951 0 0.5906218960881233 0.4105174392461777 225.0963224694133 0.8877049684524536 0 0.5447715520858765 200.4737608879805 0.1105353087186813 0.9855547696352005 1.565414592623711 197.2161921113729 8.455386824905872 0.1008499190211296 0.1158220618963242 1.087609015405178 0 11.1252234429121 0.6194006279110909 46.60472884774208 0.745787151157856 16.73179445415735 3.54395218193531 375.119349732995 6.209851630032063 0.40610321611166 2.740202933549881
1.428747393190861 1071.263186261058 2.397963270545006 0.5559370219707489 6.299786455929279 13.48950212448835 4.144769616425037 13.3132586106658 28.20911198109388 11.41915655136108 3643.25686763972 12.37049186229706 4344.574346423149 9.644059851765633 1.192326225340366 4.888741612434387 2.677207514643669 47.71920088678598 9.892322175204754 4.674641966819763 2.065509147942066 91.58006523549557 3.759145900607109 18.40849605947733 3994.409161232412 268.1082580387592 4685.867322683334 8.245464578270912 22.50225152820349 3.511513784527779 851.3550381436944 27.32447686046362 0 881.8547428101301 4.894938714802265 194.8274671509862 3636.726236507297 2889.605681784451 451.2234501317143 14.55967286974192 26.08872785419226 1072.08950496465 20.07144594192505 0 56.85135932266712 0.2687846645712852 0 0 0 0.113439716398716 0.6262379288673401 0.9393611550331116 0.1449875235557556 802.7142463102937 0.3437904119491577 2444.324429295957 0.7972490787506104 0 0.2279435843229294 0 41.53695886582136 5.071389950811863 0 0 2.602905973792076 0 1.657683178782463 893.2725838348269 319.5538161545992 435.8675546199083 0.2283554598689079 0.102959893643856 0.08959265053272247 383.8034634068608 0.2280352786183357 0 2.354827709496021 0.1384506225585938 35.09068254381418 1123.977370351553 41.61498132348061 17.71710576117039 6.298154234886169 14.25217744708061 248.0962191596627 1.777141407132149
3435.661663845181 0.5147807151079178 1119.728713452816 88.22877243161201 9.084105409681797 469.2101272717118 6295.069865584373 12013.07702318951 77.23777220398188 1469.338380001485 185.1280071884394 321.1456592828035 9.644059851765633 12405.197988756 3.797571308910847 7.739292711019516 1054.411969430745 30.62113491818309 145.3843869939446 441.6827381178737 224.5961523354053 6.74542410671711 174.3401920348406 288.8715958967805 0.6494856625795364 348.2399026080966 216.7879902645946 497.7858757153153 5117.708947245032 3122.286016665399 5.061348877847195 1181.840248383582 11.09465919435024 750.1200730130076 23.65411246567965 286.4706680327654 80.00815120339394 359.4740764424205 80.6429193764925 202.3554093018174 61.87268091738224 6.736169368028641 15.96706364303827 0.1176474541425705 0.2155356556177139 0.9136591404676437 0.8430035263299942 0 0 10.27238058298826 1.066615708172321 6.260329268872738 3.345148853957653 0.5441471338272095 4.044510260224342 1.004611119627953 1.292122542858124 0.1978202760219574 11.26999441534281 0 0 0 0.5766185820102692 4.447553902864456 1.699897758662701 4.433114036917686 70.87418995797634 0 0.4523076266050339 7.613401800394058 73.03784397989511 0.6784337386488914 5.60230877995491 0 0 0 0.2181057631969452 2.716242596507072 12.13240423798561 0.7517829537391663 2.769733034074306 1.409556731581688 7.289675533771515 1.57931187748909 0.4502258226275444 0
0.7786895558238029 36.38912031054497 1.220146849751472 71.66173059493303 1724.605203941464 2070.142456710339 56.53613708913326 320.0919783040881 875.9375637993217 126.5974852070212 0.921612560749054 1917.334729328752 1.192326225340366 3.797571308910847 345.5453934371471 0.6862651407718658 0 0 0.1004105284810066 87.42406290024519 0.8961361795663834 58.42709977179766 0.1032858565449715 349.5436977818608 6.292351521551609 0.3449457585811615 22.16220999509096 76.66200435906649 6.738721191883087 2.694338150322437 0 124.3521082401276 0.125018447637558 3.699846059083939 1.264479637145996 209.8193783089519 0.7843186631798744 3.745892785489559 1.869023703038692 1335.500121146441 21.89015725255013 1.596806287765503 0.1400290429592133 0 0.3765684068202972 0.1105600520968437 8.074607327580452 0.4726147130131721 0.1112180203199387 0.9720255434513092 0 25.73158463090658 3.389477878808975 0 12.24103834480047 1.932412505149841 0 3.495189897716045 0.817205972969532 0 0 0 1.764545127749443 1.273851335048676 0.4558436125516891 0.5588297247886658 14.07106687128544 0 0 1.536745563149452 9.477979987859726 0.6970530152320862 0 0 0 0 0 0 28.46592682600021 0 0 0 44.22809393703938 0 0 1.380674839019775
6.061533980071545 477.8292069137096 11.50728960335255 0 0 0.4304707795381546 33.81069409102201 3.026481010019779 79.13733148574829 1.06929836422205 1.527108639478683 0.197977751493454 4.888741612434387 7.739292711019516 0.6862651407718658 5052.535800240934 22.86780373007059 0.2484560832381248 4.596477821469307 0.1971373856067657 3342.213303476572 3207.807042039931 5197.993202112615 1377.782280765474 40.25435105711222 6.435533724725246 5381.348308108747 2115.004292041063 73.42967990785837 149.6490598917007 0.3035094738006592 0.176121711730957 27.50972136855125 55.62493946403265 47.64416610449553 3313.99804481864 1129.4472213462 375.1177255436778 415.0854171961546 178.94767190516 9.141184762120247 7.765189081430435 19.04756811261177 1.295955017209053 13.32644489407539 9.220102205872536 0 0 0.1286344528198242 4.866864338517189 0.6365608423948288 3.545795738697052 1.161909349262714 0 0.1325664222240448 1.777571737766266 2.690558455884457 0 3536.036909490824 1.375006228685379 0 0.2628003507852554 0 347.9565239399672 786.9204494059086 1300.122552804649 149.2692482918501 0 1.126670509576797 678.7456044927239 196.6475773379207 4.392533533275127 34.61426860839128 0.214847557246685 0 0.8702596127986908 1.563824519515038 6.452789545059204 159.2185727134347 21.03860077261925 14.17939475923777 7.854241281747818 3.862358070909977 2.619674354791641 1.909603238105774 1.051747828722
639.0894983410835 22.21577797830105 9580.247749276459 0.7892117872834206 0.3018780797719955 6.262878783047199 270.3759214803576 722.0030733421445 4.993141062557697 22.43470249325037 139.0590869784355 2.257109627127647 2.677207514643669 1054.411969430745 0 22.86780373007059 4429.890798524022 122.2734626978636 2963.246304653585 3.120312288403511 1671.597943529487 7.20038265734911 4417.536615952849 14.228196144104 8.749428302049637 2464.031244195998 6866.203589059412 49.92807552218437 1042.911574341357 2642.7979176566 3.728744238615036 3.836558505892754 146.5209605023265 2796.325543567538 24.03324288129807 476.8672901242971 1026.926422804594 2427.700638622046 587.5552057847381 16.20944599807262 8.961026757955551 4.328497380018234 3.527049727737904 0 21.0184238255024 55.90185470879078 0 0 0 0 0 0.6509821265935898 0 0 0 1.271904803812504 0 0.1565126329660416 9.472328044474125 6.848761238157749 0.2964780256152153 3.341699346899986 0 3.080925829708576 3.014518924057484 1.774292461574078 6.869593247771263 0.2599832266569138 44.79799721390009 518.3868863657117 5.825906448066235 0 2.979655116796494 1.345710352063179 0 0 0.6856683790683746 1.678143113851547 5.072515942156315 1.915264070034027 3.446853488683701 0 0.2940849959850311 0 1.715920448303223 0
7.446201421320438 2.728361621499062 26.34460102021694 1.124946653842926 5.329769015312195 29.25501015037298 16.55698668211699 29.86140760034323 1.311939775943756 36.09486448764801 5515.510565958917 29.55554367601871 47.71920088678598 30.62113491818309 0 0.2484560832381248 122.2734626978636 1152.480037845671 4226.926944322884 18.62963864952326 7.91493909060955 0.6952273547649384 22.99978025257587 4.054590046405792 26.96536266058683 1434.869841895998 377.2634916231036 6.876896277070045 57.0243469402194 10.79860519617796 79.31833916157484 32.58900295943022 2.652640074491501 950.5099236667156 8.307981513440609 485.5961423069239 777.2652244791389 1645.816691912711 871.9204381853342 7.765965826809406 6.286292739212513 25.07227919250727 2.757073923945427 0 8.839661344885826 0.7455488964915276 0 0 0 0.2383795082569122 0 0.2998847514390945 0 9.562141664326191 0 41.69549450278282 0 0 0.5146054029464722 0.3321848958730698 11.1371858343482 3.641936756670475 0 0 0.2386011481285095 0 0.8406318873167038 6.22379482537508 97.24446909874678 126.7522950768471 1.369811050593853 0 0 24.69663678854704 0 0 0 2.232970580458641 4.811481118202209 5.972991183400154 1.102004706859589 0.1397340893745422 0 0.2783438265323639 0.2219603210687637 0
81.23019729554653 28.29195538908243 203.6580261215568 1.843684539198875 3.201382026076317 22.69992370158434 28.65792214125395 99.14947617799044 3.611499883234501 39.21108805388212 3820.445613652468 28.71277351677418 9.892322175204754 145.3843869939446 0.1004105284810066 4.596477821469307 2963.246304653585 4226.926944322884 4339.803893439472 16.4174540117383 91.7978448048234 1.383677490055561 386.6495903208852 5.625249400734901 96.29379868507385 7057.371413335204 2235.73397821188 10.05640603601933 229.8419353067875 218.6463043987751 32.85081943124533 21.66392692178488 38.2923816293478 4579.034145824611 11.03158451616764 821.5591446384788 696.210289850831 2819.826076611876 1190.503066286445 9.305489405989647 6.116984210908413 6.669344961643219 2.761883944272995 0 44.50166527181864 13.72726396471262 0 0 0 0.1799744069576263 0 0.4741671159863472 0 3.361409150063992 0.3851535022258759 18.63846022635698 0.1884194314479828 0 1.001971378922462 0.7569611966609955 10.9959621578455 12.28539924323559 0 0.107786662876606 0 0.2124694585800171 1.633270472288132 5.725055426359177 208.727709338069 405.2583122029901 1.311717376112938 0 0.1307307928800583 19.16377591341734 0 0 0 5.182729944586754 8.207373209297657 5.399809397757053 2.123732328414917 1.231132939457893 0 0 0.19977205991745 0.369547113776207
38.5290846824646 0.1815348714590073 8.474361017346382 8906.121948204935 17.97887843102217 550.5390480011702 69.22825717180967 574.9007108509541 873.2246686518192 6339.302428074181 94.91862582415342 8518.854398153722 4.674641966819763 441.6827381178737 87.42406290024519 0.1971373856067657 3.120312288403511 18.62963864952326 16.4174540117383 1999.41667149961 3.522600054740906 1.792169079184532 2.07933846116066 1234.058167874813 0.1190434023737907 19.67673552781343 10.95634410530329 3378.630690738559 412.7028552666306 8.211423344910145 2.688290029764175 74.31977754086256 1.499596923589706 291.3717929497361 39.97395897656679 1477.326699145138 10.06647506356239 392.3759660795331 86.83146337419748 453.6202621534467 172.0459605827928 7.182204067707062 36.24314815551043 0.1061789244413376 0.4975613057613373 11.53751291334629 253.5396633669734 0.8467229604721069 19.50333477556705 246.0489377006888 39.27597775310278 145.5185395330191 132.6259358972311 5.787846319377422 169.531164675951 4.486899197101593 19.39527389407158 29.27874337881804 1.403047055006027 0.3071624934673309 0.1862800270318985 0 94.81699669361115 2.715540587902069 0.1277190297842026 1.598357312381268 646.3886564001441 0.3005512952804565 0.1632427126169205 4.486752815544605 717.631735317409 6.665633976459503 12.62213298678398 0.518339991569519 1.828972950577736 0.6502400934696198 11.56221280246973 0.7473230361938477 73.4751360937953 0.4088944941759109 20.74095920473337 3.126038447022438 330.385699018836 3.967667944729328 0.2308304011821747 0.8381337523460388
82.56351053714752 53.67388961464167 557.2496490627527 4.863035216927528 0.3988269120454788 55.36880633234978 3505.742018349469 310.9722766429186 70.19022988528013 166.764604113996 11.23677887767553 2.925066530704498 2.065509147942066 224.5961523354053 0.8961361795663834 3342.213303476572 1671.597943529487 7.91493909060955 91.7978448048234 3.522600054740906 21200.40789742023 341.1606287434697 13046.77101039141 1283.060552716255 5.615765430033207 24.7923818230629 312.2759570926428 6272.864644482732 398.600304171443 13366.25824201107 0.5504577159881592 2.960037104785442 169.2139738127589 2761.472635000944 236.4063230380416 9749.348473384976 601.9173743054271 4449.157617978752 3025.768158532679 593.0611565560102 48.95866245031357 12.81537012755871 88.49126525223255 1.542755678296089 1.300789095461369 2.391473241150379 0 0 0 4.383608005940914 1.106788195669651 5.231484279036522 0.6696629226207733 0.3816609680652618 0.4479587823152542 9.950547844171524 1.334176309406757 0.1334180533885956 867.8544936776161 0.1240934804081917 0 0 0 347.0399084836245 113.9769231677055 152.5962456390262 181.9203992858529 0 0.833891361951828 12.63976792991161 261.8796523585916 10.50788101553917 53.7966561242938 0 0 1.873172000050545 2.135461322963238 29.31220845133066 163.8981507793069 1.245672672986984 6.829802960157394 7.025698594748974 5.152526132762432 0.4192453697323799 6.087036713957787 0.2247245013713837
2.816895127296448 2460.164505064487 11.060646019876 2.271133735775948 4.019138239324093 4.14261319488287 119.2833054512739 6.264003865420818 3912.034520283341 10.70958039164543 7.049232989549637 3.542796015739441 91.58006523549557 6.74542410671711 58.42709977179766 3207.807042039931 7.20038265734911 0.6952273547649384 1.383677490055561 1.792169079184532 341.1606287434697 1753.253850191832 332.8404771387577 6904.198777399957 465.7369358316064 19.24241252988577 3300.67889508605 688.6576476469636 11.54961388558149 84.83856354653835 2.280649788677692 0 0.5305935442447662 13.33176676928997 1.571224525570869 200.3515041843057 81.08406396210194 77.77901855111122 28.25223659723997 133.723192229867 2.361016571521759 16.5390646904707 2.527506113052368 1.141877315938473 17.64589893817902 34.62830883264542 0.398047536611557 0 0.1308843493461609 3.777240045368671 0.4730074554681778 17.48436608165503 0.3524635657668114 0.2413309812545776 4.84711067378521 1.014322035014629 0.8057205528020859 0 2385.395985677838 0.5182365700602531 0 0.1613760590553284 0 167.1699706017971 510.8777193129063 845.1235941275954 111.2583537772298 0.2230509668588638 6.977884061634541 2394.591918610036 103.2935902327299 1.356214500963688 15.25337798893452 0.4793669134378433 0 0.6639997512102127 2.21012282371521 1.902796894311905 110.0296326056123 32.537572927773 20.90451475977898 20.21345300972462 3.761333405971527 0.2206873595714569 3.666330933570862 1.1850845515728
98.88143058866262 34.77445533126593 16371.18114006519 0.8720290809869766 0.3442934900522232 20.4832650795579 1274.634212248027 173.1160984709859 16.85163522511721 54.54974515736103 32.44222123175859 2.010110728442669 3.759145900607109 174.3401920348406 0.1032858565449715 5197.993202112615 4417.536615952849 22.99978025257587 386.6495903208852 2.07933846116066 13046.77101039141 332.8404771387577 19532.52473287284 431.1988346651196 3.289240449666977 892.9895496368408 10175.55138190836 2893.599202886224 182.3773211240768 4691.487984634936 4.140125252306461 2.478079400956631 53.94869010895491 3170.245732963085 316.1452661678195 16759.56504273415 5778.642883390188 8419.186476185918 6014.913754597306 1181.84408865124 99.88555896282196 16.95175915211439 117.6454065516591 0.4706285819411278 1.301612868905067 10.90694933384657 0 0 0.4675990492105484 3.677619948983192 1.03918844461441 2.150322966277599 0.8569530993700027 0.5156910419464111 0 3.792746320366859 0.3113421201705933 0 1839.993173189461 0 0.1444479376077652 0.1570989787578583 0 140.0745021551847 306.0759949982166 760.3769094273448 76.28766851127148 0.8365594744682312 4.106399968266487 682.5924460813403 82.13065632432699 2.764553986489773 19.19443690776825 0 0 0.5500962138175964 2.391258865594864 65.112254537642 205.7190965786576 22.02426414191723 11.03876078873873 16.53441855311394 4.901016414165497 1.601772338151932 0.1146828234195709 1.361168071627617
114.2848519384861 987.0831466242671 21.59568659216166 3515.845968045294 15.87121748924255 155.8035883530974 2406.172103531659 313.6462853178382 11358.59574561566 1036.712833844125 21.06300740689039 665.3717754930258 18.40849605947733 288.8715958967805 349.5436977818608 1377.782280765474 14.228196144104 4.054590046405792 5.625249400734901 1234.058167874813 1283.060552716255 6904.198777399957 431.1988346651196 11214.29829011112 98.30630794912577 11.77652412652969 1820.241242602468 11774.44040553272 936.1742334067822 717.4746889993548 1.13639409840107 19.38307517766953 119.4097132012248 220.9850020781159 96.75123749673367 2888.073851138353 69.06786093115807 352.9431210979819 268.0061546489596 660.5992244109511 112.6274323537946 20.18722251802683 36.54795361310244 5.153937995433807 10.5576576218009 15.65419170260429 211.6026350259781 1.64369510114193 17.3784531056881 292.278857909143 43.98052980005741 392.8173263072968 100.7126089558005 9.873127318918705 124.9712327867746 11.03770446032286 35.28147786855698 25.45407072454691 489.7473566755652 3.956006437540054 0.2131146043539047 0.8952619731426239 54.70512135326862 178.3375142887235 143.7611592188478 116.7720655202866 2208.028571508825 1.032766193151474 7.476882062852383 130.8943946063519 1707.76698385179 36.71968942135572 119.2702506184578 0.08759913593530655 4.588856130838394 3.971539050340652 19.87200939655304 2.513213545084 277.4911018535495 3.821590155363083 31.94667258858681 11.77976056188345 324.694506905973 15.8488924652338 16.92733711004257 2.0977563560009
0.3275212645530701 2694.199672393501 2.34679950773716 1.23312509059906 0.155662015080452 0.4201693534851074 1.636524625122547 0.9064639806747437 165.1708835586905 0.3814400359988213 550.0325962007046 0.7135810777544975 3994.409161232412 0.6494856625795364 6.292351521551609 40.25435105711222 8.749428302049637 26.96536266058683 96.29379868507385 0.1190434023737907 5.615765430033207 465.7369358316064 3.289240449666977 98.30630794912577 1513.163026437163 295.2075465023518 7761.776382565498 9.751312613487244 0.7252646759152412 1.215080089867115 286.7263317704201 0.5750804394483566 0 127.6730341762304 0.9863267838954926 90.13915861397982 413.6150238066912 528.8359376490116 127.034966416657 7.803680114448071 9.533499285578728 677.2060047388077 16.43397882580757 0 580.5322666913271 5.507498815655708 0 0.1146663576364517 0 0.2857452630996704 0 0.8533020615577698 0 332.8843768909574 0.3537552952766418 1624.975303642452 0.2161270976066589 0.1503691971302032 0.2824625298380852 0.6519074067473412 30.16467235982418 14.44609177857637 0.1579164862632751 0 2.53865547478199 0.1552718132734299 0.668549045920372 383.9038230925798 397.137427598238 941.3917310982943 1.209219917654991 0.1321080029010773 0.2983362078666687 211.7847940847278 0.3593955710530281 0 2.439860202372074 0.1391909569501877 26.52642695605755 211.5895193219185 33.47768813371658 6.706104308366776 0.1416308879852295 8.653565883636475 76.98880805075169 3.52912163734436
110.7119830995798 223.2567691281438 9593.059959314764 1.449175700545311 5.618518464267254 41.61935982853174 245.1483841910958 334.9219162240624 11.9295951128006 68.57078237086535 3043.274772830307 34.77299778163433 268.1082580387592 348.2399026080966 0.3449457585811615 6.435533724725246 2464.031244195998 1434.869841895998 7057.371413335204 19.67673552781343 24.7923818230629 19.24241252988577 892.9895496368408 11.77652412652969 295.2075465023518 32618.2020239681 12990.59201169014 21.09437188506126 144.5545565336943 155.9737606868148 1074.939645290375 31.37327717989683 8.124322593212128 1511.938034012914 62.09377866238356 4231.066359005868 7799.293673761189 4295.24984370172 2884.532886661589 50.08272621035576 16.04295568168163 132.8229008316994 19.30108348280191 0.1312314122915268 516.2942791208625 196.1577070653439 0 0 0 0.6195672899484634 1.264943704009056 0.9240047037601471 0.09210710972547531 118.083114862442 0.2054044976830482 592.8289940208197 1.657090827822685 0 17.44890502840281 48.19442930817604 158.8530009388924 116.7441555336118 0 2.144716411828995 10.55417591333389 4.265595778822899 4.121422238647938 179.9924227073789 1577.125464633107 5602.537227526307 5.849801652133465 1.336860910058022 1.607503108680248 272.1796249300241 0 0 7.411350913345814 17.66564603149891 76.04799902439117 82.80857085436583 41.21334843337536 8.383855596184731 0.1084148958325386 0.5458187088370323 3.073652893304825 0.1575522571802139
109.2746040523052 6990.245940357447 8097.446682848036 2.182380601763725 3.060787566006184 23.21260080486536 647.2795851156116 151.5563632547855 422.708876259625 50.06720057874918 1006.061803564429 11.38242326676846 4685.867322683334 216.7879902645946 22.16220999509096 5381.348308108747 6866.203589059412 377.2634916231036 2235.73397821188 10.95634410530329 312.2759570926428 3300.67889508605 10175.55138190836 1820.241242602468 7761.776382565498 12990.59201169014 46847.67417439073 1471.318129345775 150.9252265095711 365.1147922128439 2261.023941941559 7.807275451719761 22.29858655482531 2988.327621549368 316.3605963736773 15251.79927489907 8855.308380253613 9864.690074630082 4933.708075851202 701.7633485719562 73.67820077389479 104.2131098210812 79.81066710501909 0.9082998782396317 3619.352189823985 1224.457381293178 1.069061703979969 0 0.3079551681876183 13.28977302461863 1.594311438500881 4.563809603452682 1.730326652526855 218.1633830443025 0.9776108041405678 1344.079216584563 6.410920210182667 0 1100.812225751579 102.0253605395555 319.1172752007842 248.8619700372219 0.9069115146994591 33.15000662207603 1509.55137899518 1440.544846385717 118.2319671809673 560.0870778784156 3749.425901666284 28198.70388067514 58.39205042272806 3.11825954914093 6.864018030464649 700.4765306860209 0 0.3659177124500275 25.46576537191868 113.4195428192616 388.9842702373862 251.3273877203465 170.8104405105114 57.28385985642672 14.92466175556183 3.173018097877502 22.52420216053724 2.604249715805054
192.2820100039244 64.46938104182482 229.6051418557763 4853.348852053285 8.920535117387772 417.0960947573185 17790.38270089775 452.8696127906442 2570.045703582466 6895.953865937889 33.45956253260374 462.1296612396836 8.245464578270912 497.7858757153153 76.66200435906649 2115.004292041063 49.92807552218437 6.876896277070045 10.05640603601933 3378.630690738559 6272.864644482732 688.6576476469636 2893.599202886224 11774.44040553272 9.751312613487244 21.09437188506126 1471.318129345775 25049.82694676518 1412.737485446036 12512.27802816778 1.168088413774967 31.18695365637541 259.0136725306511 482.8924804404378 254.980197571218 6631.51869033277 97.49027502536774 820.1902665793896 749.0696433335543 455.3932507112622 170.9071110710502 27.05386907607317 83.63462675362825 6.860759034752846 2.361150927841663 16.09015996754169 158.2582369446754 1.473123781383038 13.6096386089921 308.5547698363662 51.85284555703402 235.0422932505608 76.28197920322418 10.78561356663704 54.87591183930635 17.18589662015438 51.00271142274141 11.54310231655836 514.7842081412673 9.805510707199574 0.1134534478187561 1.331065729260445 46.17150417715311 235.727662846446 106.2515848428011 63.44151613861322 2209.389582321048 1.300536118447781 2.385891072452068 63.00514449179173 1872.770351924002 43.59074562042952 205.6529350727797 0 0.8470405489206314 4.778939768671989 21.89596202969551 14.67942914366722 332.8659327626228 3.564039021730423 49.09117709100246 16.63400709629059 190.6917282044888 16.08886314928532 16.52662244439125 3.028402760624886
