1795.279360942543 0.1771823689341545 229.6996796801686 8.930707260966301 0 34.84935438632965 4405.458126805723 860.4054175615311 4.769452147185802 72.01472748070955 0.7183222025632858 7.813983224332333 0 5924.788121215999 0.2706930115818977 0.2174936905503273 47.07438614219427 0.6853760331869125 3.372714839875698 22.50385281443596 217.7880180552602 0.5974887683987617 334.9223568737507 15.7684528902173 0 15.2495738491416 21.10381019860506 96.52878004312515 2336.465539216995 2071.474212579429 0 1.007777661085129 15.84630608558655 53.39787694811821 3.641263246536255 97.26052144169807 9.742121756076813 35.92236246168613 13.38322275876999 6.124293707311153 0.477100633084774 0 1.26451350748539 0 0.1023288294672966 1.344047375023365 0.2014920338988304 0 0.5714941322803497 0.9960653558373451 0.2899602353572845 1.456599146127701 0.104204460978508 0 0 0 0.2136298567056656 0 0 0 0 0 0 0.6657417714595795 0.6324283182621002 0.5562688559293747 7.058009244501591 0 0.2797169163823128 1.258271388709545 5.895071901381016 0.7468414083123207 1.736560471355915 0 0 0.4173160493373871 0 0 1.642724134027958 0 0.8561935052275658 0 1.105427093803883 0 0 0
0.1771823689341545 1802.526853062212 32.65002916008234 0 0.3323694914579391 0.4870435073971748 1.392435602843761 1.116443239152431 531.9013772383332 0.4668625444173813 194.1146529912949 0.6139556691050529 1314.902134791017 2.202209480106831 2.912628129124641 106.8729285150766 444.6450685113668 22.51648582518101 1084.958214312792 0.1749724373221397 5.655652701854706 2350.26976852864 6.672229915857315 354.3545511290431 3760.727948874235 1189.553417392075 9997.886112198234 38.60204765945673 6.527521185576916 1.03289020806551 104.0382745862007 0.3800619170069695 0.5619975104928017 262.1898417249322 3.767718344926834 324.5416140183806 439.0271574482322 288.5655622184277 65.95600067079067 8.446882650256157 0.1928313970565796 290.6742704361677 0.9950996786355972 0.1056020930409431 436.8740147948265 247.5970406159759 0 0 0.09366468340158463 2.238620862364769 0.2420890107750893 0.8667550384998322 0.1460503041744232 3.562796786427498 0 20.58164472877979 0.5405075252056122 0 10.33981346338987 39.00494287163019 5.393612407147884 65.5049746260047 0 0.9287536963820457 35.46942302584648 8.432086862623692 4.464558072388172 17.98808676749468 447.1749266833067 1668.174340799451 2.556169353425503 0.09314439445734024 0.5089739412069321 5.076864928007126 0 0.1267845630645752 16.34812019020319 0.5277414470911026 43.61705043166876 35.71066302061081 45.70312540978193 10.51930279284716 2.355789847671986 0 0.4328794926404953 0
229.6996796801686 32.65002916008234 9487.320353254676 3.100187942385674 0.4657888114452362 40.40898720920086 299.9680169150233 416.0733535736799 6.938156694173813 20.94992342591286 28.6166130527854 1.686085656285286 1.532672926783562 674.9696917980909 0.8188647627830505 20.96655941009521 5527.422347046435 63.35494572669268 469.8354582265019 2.689435958862305 525.2064297646284 17.3688048273325 9436.497803039849 138.5590999424458 0.3389051258563995 7948.005667120218 13165.06609466672 243.9660429060459 448.4682950004935 1008.977480880916 1.770522624254227 1.765722587704659 18.7877082824707 1200.496238045394 43.82979790866375 2677.845154225826 4515.581323377788 1512.113470897079 359.5314549952745 108.7421588152647 6.069036528468132 10.9736412614584 8.642693005502224 2.514302514493465 61.00267930328846 1516.191929981112 0 0 0.1681681051850319 47.27722270041704 3.768728516995907 2.766544118523598 0.4986354783177376 1.362098313868046 0 0.4384022206068039 8.392021872103214 0 52.638363532722 121.8712244406343 3.18961788713932 30.31686244159937 0.2532542049884796 29.58011110126972 43.13529442250729 134.9889339357615 33.67729187756777 0.9041410237550735 264.41318577528 1734.897866971791 26.81958125531673 5.25559663772583 13.38557041436434 0.7630239278078079 0.0828026682138443 0.4629718512296677 53.03978448361158 12.19456078112125 129.2339270710945 54.88891299068928 90.75164356082678 21.18025514483452 4.12490202486515 0 0 0.7668868452310562
8.930707260966301 0 3.100187942385674 1828.703648723662 0.9272244721651077 529.8264313489199 84.55761776119471 134.9405815452337 606.7982983887196 2607.630103804171 1.656896360218525 1896.066548079252 0 132.7006670981646 22.37815158069134 0 0.4962825402617455 0.9943847358226776 0.5638392940163612 3020.422370173037 1.537585780024529 0.2374531328678131 2.574079059064388 1075.944771938026 0.09943472594022751 0.7174842283129692 0.2815587967634201 5458.279447197914 81.39282324910164 4.145027175545692 0 2.099657602608204 1.014597915112972 49.95590145885944 2.07771074026823 149.6342855393887 2.365457631647587 52.45044187456369 12.29259602725506 83.87977430969477 2.96057291328907 0 1.681209109723568 0 0.1158407032489777 0 198.7768638506532 0 3.694440416991711 46.14243593066931 6.389914870262146 157.3071505278349 75.50779614597559 0 105.3721771687269 0 3.053893826901913 5.614072471857071 0.1340587735176086 0 0 0 75.06363727897406 2.670190505683422 0.1582354605197906 0.1090535372495651 137.9750383421779 0 0 0.2369852513074875 209.0326563790441 0.8181638866662979 0.1218029335141182 0 0 0 0.3279386758804321 0.1623858511447906 40.36093851178885 0 4.180944554507732 1.497946359217167 82.6420401930809 0 0 0
0 0.3323694914579391 0.4657888114452362 0.9272244721651077 119.4236645102501 645.4509684592485 3.797086469829082 236.147973805666 55.41204358637333 4.214302912354469 22.02074036747217 64.58300391584635 1.850311972200871 562.8404725268483 1657.744948506355 0 0 3.379927687346935 1.788234688341618 5.480143293738365 0.4377487823367119 0.4065480828285217 0.6549208462238312 6.524362340569496 0.2689593732357025 2.357006058096886 0.1170653477311134 2.804232187569141 93.63689412176609 0.5013928413391113 0 279.5129197835922 0.6210439056158066 251.8444274961948 1.693349957466125 32.57973793894053 5.064946323633194 459.074963748455 195.065459728241 2117.482279807329 124.3052312880754 11.31070610880852 3.167262643575668 0 0 0 0 0 0 0.1283473074436188 0.4275734424591064 0.2141069769859314 0 0 0.7147225737571716 0.1003181710839272 0 1.232280254364014 0 0 0 0 0 0 0 0 0.2789516746997833 0 0 0 2.080740839242935 0 0 0 0 0 0 0 0 0 0 0 1.445925772190094 0 0 0
34.84935438632965 0.4870435073971748 40.40898720920086 529.8264313489199 645.4509684592485 9408.96752512455 3613.73647864908 8282.009016476572 229.9546547010541 9829.913932465017 74.79559731483459 5224.930593900383 5.948641002178192 3127.051710605621 2370.386682197452 0.1770506948232651 4.732255235314369 19.4264560341835 14.32291119545698 1346.590637855232 37.18555641919374 1.393164321780205 47.97704587131739 179.5293701142073 0.2194171845912933 18.8148547410965 9.871202945709229 667.3709443584085 2944.341897629201 55.38631608709693 0.1962565332651138 550.2975395098329 4.501882068812847 828.7914329990745 21.4189071804285 532.5310154929757 30.51256795972586 1079.423372507095 605.1309074833989 3727.395224481821 226.618289642036 35.67805641144514 19.54040705412626 0.1008494943380356 0 0 23.12445952743292 0 2.051815263926983 31.73796972632408 1.953283831477165 44.67746715992689 13.93015193939209 0 29.54422354698181 0 3.418934009969234 0.4049175381660461 0.392477847635746 0 0 0 12.47764679044485 0 0.1178883835673332 0.9684359952807426 47.81582200527191 0 0 0.6938740760087967 96.29915418475866 2.45677924901247 2.683662891387939 0 0 0 0.824994370341301 1.30633732676506 14.42711991071701 0 3.147405669093132 2.317011460661888 16.46194821596146 0 1.623119831085205 0
4405.458126805723 1.392435602843761 299.9680169150233 84.55761776119471 3.797086469829082 3613.73647864908 25753.62364007533 4412.678148068488 262.4080697745085 12863.14673363417 9.791260957717896 165.2474152669311 0.4750047028064728 8984.248651701957 48.88210309296846 22.20381515473127 20.49210444092751 3.962569542229176 5.315909743309021 164.1082405336201 1177.422514200211 9.339115679264069 777.9969321489334 2990.891951777041 0.1863011717796326 12.53689508885145 112.4120824411511 19256.7816191949 2910.142827808857 9260.046103574336 0.0785418376326561 16.6386853531003 172.5856633558869 728.5578320100904 83.2546928524971 3209.401863344014 42.03996776044369 914.4307233095169 336.1045078486204 627.2422363460064 51.46307661384344 2.045792572200298 35.07418446242809 3.216588728129864 0.3059036433696747 7.029850751161575 47.25067763030529 0.5516654253005981 5.384893856942654 130.7751902937889 14.61408733576536 133.5592010095716 44.94569610059261 0.197493240237236 11.15731054544449 0 7.388860374689102 1.672097355127335 3.492398656904697 0.6889186426997185 0 0.1026173233985901 31.16039782762527 9.94233912974596 1.847011089324951 6.608244948089123 245.8380514979362 0 0.8868163079023361 10.44050947576761 338.6232945546508 18.52790498733521 19.9215856269002 0 0.294954314827919 0.762183390557766 3.958111874759197 13.21733780950308 55.22028408944607 0.2951871752738953 19.79692742228508 4.579188741743565 40.35227067023516 0 1.145979523658752 0.4951006919145584
860.4054175615311 1.116443239152431 416.0733535736799 134.9405815452337 236.147973805666 8282.009016476572 4412.678148068488 11638.20470884815 161.8687709495425 2524.902859635651 56.42534454166889 967.3445235192776 2.687929660081863 10298.01151270792 417.9289772734046 0.4860639795660973 66.61518365889788 15.49212910979986 18.64884324744344 696.0430084243417 408.3869298547506 3.697076231241226 509.7469423189759 196.5791973024607 0.3736644089221954 37.08527020737529 35.78482410311699 568.3848539590836 3721.730593558401 824.6729993186891 0.3011407926678658 596.3650788068771 16.22713816910982 439.7392157539725 13.23374037444592 339.6867437548935 30.38393534719944 547.5001006573439 282.7958506196737 1259.044637568295 39.15696062147617 19.40576949715614 9.739374309778214 0.3460210263729095 0.08202046155929565 2.129349537193775 37.25226435810328 0.2813654243946075 7.07146267592907 111.9609277769923 9.398218601942062 88.90061092376709 35.58906300365925 0.09508636593818665 12.48812069743872 0 7.452489890158176 4.733300194144249 1.571368187665939 0.3869659006595612 0 0.2205110043287277 28.2092215642333 1.815363802015781 1.595318712294102 1.738478854298592 169.3622068464756 0 0.5295221731066704 2.815536811947823 257.6039585098624 8.99195209145546 6.071187071502209 0 0.4004458412528038 0.2221399396657944 4.143977120518684 1.484585143625736 34.42436438053846 0.4615830183029175 11.78281941264868 3.932476758956909 27.02316879481077 0.2117952853441238 1.390518605709076 0.2274794429540634
4.769452147185802 531.9013772383332 6.938156694173813 606.7982983887196 55.41204358637333 229.9546547010541 262.4080697745085 161.8687709495425 1353.19957819581 211.839673422277 7.524473398923874 691.3941240310669 37.68892518430948 113.7259483784437 1344.284307911992 92.79101800918579 2.935147374868393 1.328188695013523 1.392835088074207 423.5853307023644 45.99130948632956 2417.115891329944 30.16894484311342 16589.32811070979 114.0188192278147 45.28088819235563 844.7201108410954 2408.639329783618 124.2174121960998 38.48313017934561 4.839747592806816 3.302136532962322 7.152026243507862 49.08656561374664 2.031526044011116 232.8066019490361 4.947520524263382 60.06967674940825 15.55691810697317 641.4375408291817 4.39916168153286 3.722900718450546 2.753664001822472 6.177817344665527 7.664441600441933 11.47830195724964 103.9593109488487 0 9.453140534460545 119.7389362975955 15.62912925332785 157.8108313009143 65.63178169727325 1.106483101844788 68.34896539151669 0.5675547197461128 17.42346835136414 15.87339474260807 167.7389451861382 1.82918418943882 0.091875821352005 1.310510829091072 64.62643507868052 196.4980740398169 38.03912021964788 51.28589405864477 1005.037837944925 0.8592543601989746 5.978632479906082 32.29594296962023 630.163487419486 42.12026979029179 66.27018260955811 0.1206839233636856 0.4307173117995262 2.665203727781773 11.45530910044909 3.093460440635681 70.89006349444389 2.00926149636507 24.45670521259308 9.721560679376125 128.0152876228094 0.1865908652544022 0 1.436823427677155
72.01472748070955 0.4668625444173813 20.94992342591286 2607.630103804171 4.214302912354469 9829.913932465017 12863.14673363417 2524.902859635651 211.839673422277 29596.25250652432 13.11170548200607 2197.591728940606 0.5923816487193108 1500.967537365854 60.59146135300398 0.7613629326224327 2.654850162565708 6.522696644067764 6.366085566580296 4921.455749023706 29.19102767854929 0.3807582855224609 34.06739012151957 204.5650787949562 0 9.338645845651627 5.981422424316406 4962.3908874318 553.5966489166021 28.90031373128295 0 18.26005680114031 6.631248593330383 358.4119252189994 15.97880810499191 789.0832868888974 13.9787564650178 342.0162502899766 84.4457143843174 346.3796368315816 18.45583037286997 1.523800559341908 11.17394581437111 0 0 0.4670145958662033 85.50915628671646 0.840590238571167 4.755205780267715 90.72489686310291 5.013509802520275 110.9565836638212 59.63230074197054 0 61.21273254603148 0 3.788330733776093 7.144380688667297 1.627797529101372 0.3715452551841736 0 0 48.77894757688046 0.545648992061615 1.339615017175674 1.12905715405941 173.5359332412481 0 0.1930197104811668 1.068184077739716 266.8724631071091 4.186721928417683 3.37150264531374 0 0.1410603225231171 0.1726278513669968 1.664777681231499 1.086349740624428 37.45910654217005 0 5.352426320314407 2.969243660569191 66.42630783468485 0.2434136122465134 0.2347890734672546 0
0.7183222025632858 194.1146529912949 28.6166130527854 1.656896360218525 22.02074036747217 74.79559731483459 9.791260957717896 56.42534454166889 7.524473398923874 13.11170548200607 10232.23440242559 8.855055555701256 1427.633282974362 75.49923597276211 11.57033704966307 0.9026447087526321 471.72774156183 2667.756029009819 1009.840957738459 7.658144041895866 2.238108240067959 30.79921263456345 11.88087755441666 6.462998650968075 733.0541321262717 2505.015595465899 589.510000564158 4.654669657349586 231.5448544174433 7.82817629724741 169.6955571621656 101.0293155089021 1.905440613627434 5878.214245200157 8.6921556442976 1133.204793088138 9954.202611722052 5491.364157117903 1546.395297273993 103.0139856040478 44.70512165874243 2121.390175886452 6.712468221783638 0 24.50623750686646 3.06117295473814 0 0 0.07978259772062302 0.2022073715925217 0.1194590479135513 1.241216354072094 0 596.4751678928733 0.09010249376296997 1644.175536751747 0.2956703826785088 0 0.167695552110672 0.3437004163861275 12.92103908956051 5.684336893260479 0 0.1516788899898529 1.47713266313076 0.1126417964696884 1.672498695552349 191.5355396419764 166.4759791791439 629.1586565896869 1.158100247383118 0.7843530774116516 0 122.5127024948597 1.052337378263474 0.1621429622173309 24.31183344870806 8.132594354450703 42.8555149063468 689.7418225929141 50.40914974361658 3.71895968914032 0.1596179008483887 0 314.1340526863933 0
7.813983224332333 0.6139556691050529 1.686085656285286 1896.066548079252 64.58300391584635 5224.930593900383 165.2474152669311 967.3445235192776 691.3941240310669 2197.591728940606 8.855055555701256 7770.156729765236 0.1875489056110382 392.9207491651177 973.2097081691027 0.270778477191925 0.5000911876559258 3.306947380304337 3.498819403350353 5645.239380896091 1.329652886837721 2.886756114661694 2.674908496439457 800.3718980103731 0 4.052401565015316 2.527127854526043 1159.911214739084 137.7964966595173 5.581089600920677 0 10.93995925784111 0.4320326521992683 150.0818993225694 2.442275777459145 476.1198803111911 4.357088156044483 115.7250088453293 30.3307471871376 1420.154744103551 4.522011883556843 5.333989232778549 3.258179917931557 0 0 0 41.516835026443 1.309662699699402 1.870430588722229 10.96423578262329 1.591783754527569 55.75678724050522 18.81281347572803 0 121.379995405674 3.274691581726074 0.8205533027648926 5.02508407831192 0.2545408606529236 0 0 0 50.53449712693691 0.1654016971588135 0.4665208160877228 0.8607954978942871 42.81082873046398 0 0 0.2440055906772614 60.4167381003499 0.6949350386857986 0.473311185836792 0 0 0 4.581495761871338 0 62.05629725754261 0 2.008565559983253 0.1479559987783432 136.0051060318947 0 0 0
0 1314.902134791017 1.532672926783562 0 1.850311972200871 5.948641002178192 0.4750047028064728 2.687929660081863 37.68892518430948 0.5923816487193108 1427.633282974362 0.1875489056110382 2579.035771973431 2.526722393929958 0.1123113632202148 1.028237298130989 0.8271051570773125 43.74655675143003 11.44023352116346 0 0.2057632058858871 182.0661270990968 0 24.52812011539936 4015.139503568411 758.7769875451922 4731.40480030328 2.944667473435402 8.549765735864639 0.2318233251571655 1222.094415709376 2.266425408422947 0.6896922588348389 581.4003504291177 0.6307108923792839 99.04253027588129 2129.201360233128 2295.237624183297 100.7900402992964 6.083667621016502 13.11673689633608 799.6012800186872 0.1672811210155487 0 95.43608178943396 3.180742017924786 0 0 0 0 0 0.129707396030426 0 319.2233671396971 0 1419.39818841964 0.1023862734436989 0 0.4399199038743973 1.057221114635468 16.18896343559027 9.563786804676056 0 0 1.603591576218605 0 0.4852176383137703 226.3537391871214 316.2305730879307 872.2306511774659 0 0.4603320509195328 0 168.326294220984 0.2904016152024269 0 6.751467265188694 0.3930038064718246 11.55872060358524 451.1382908895612 26.38504387438297 3.441073454916477 0.2557742223143578 0 128.5461132004857 0
5924.788121215999 2.202209480106831 674.9696917980909 132.7006670981646 562.8404725268483 3127.051710605621 8984.248651701957 10298.01151270792 113.7259483784437 1500.967537365854 75.49923597276211 392.9207491651177 2.526722393929958 12701.5922120586 137.1821649968624 1.5361303165555 194.345231872052 27.31717815995216 36.29850333184004 533.6401386708021 556.1715824827552 12.66244776546955 834.8484086915851 308.0681548714638 0.7822282239794731 71.84092602133751 99.45043756812811 840.656200543046 10266.03624274954 2485.333605531603 0.311552420258522 581.7803697362542 160.3217238560319 1243.384893402457 17.98909719288349 584.7838687449694 61.08777177333832 699.1624626815319 254.5779291540384 711.6005083918571 41.58097582310438 7.537348806858063 7.509675189852715 0.7947970330715179 0.3242442160844803 4.125629261136055 16.91660756617785 0 3.397339284420013 52.6598571613431 5.648141101002693 54.82279158383608 13.75706814229488 0 4.577729724347591 0 6.55257348716259 1.67742070555687 4.142239138484001 0.4099011197686195 0 0 12.83439453691244 6.663646958768368 2.682670027017593 4.65332854539156 135.62730948627 0 0.8461607694625854 4.806140504777431 160.5955822840333 8.698579892516136 10.49956677109003 0 0.1844014674425125 0.8765473887324333 2.887941621243954 1.262718185782433 19.13578942418098 0.4560577794909477 10.20182395726442 5.734344556927681 13.9420628324151 0.3316249251365662 0.3820877373218536 0.3518934771418571
0.2706930115818977 2.912628129124641 0.8188647627830505 22.37815158069134 1657.744948506355 2370.386682197452 48.88210309296846 417.9289772734046 1344.284307911992 60.59146135300398 11.57033704966307 973.2097081691027 0.1123113632202148 137.1821649968624 755.6466342508793 0.5095314830541611 0.4156906753778458 2.64272203296423 3.40443479269743 84.99944481998682 0.4804155379533768 22.14200883358717 2.441101230680943 360.1476964876056 0.5786401927471161 6.531727433204651 5.981141284108162 54.69726376235485 109.6204665973783 2.850115388631821 0 214.0221659690142 0.1083996072411537 143.6900140047073 4.33773136138916 307.5330316722393 6.499684877693653 112.6833844333887 51.25114187598228 2255.070774614811 71.45483775436878 3.390199646353722 2.855202674865723 0 0 0 5.751555308699608 0 0.3438242673873901 0.8040375262498856 0 32.35991905629635 4.750222891569138 0 12.04890984296799 0 0 1.23739767074585 0 0 0 0 7.468590706586838 1.136092767119408 0.2477130889892578 0.1882187277078629 12.52941557019949 0 0 0.331697553396225 17.2843939140439 0.6570167243480682 0 0 0 0 0 0 14.49436232447624 0 0.09678582847118378 0 26.10529583692551 0 0 0
0.2174936905503273 106.8729285150766 20.96655941009521 0 0 0.1770506948232651 22.20381515473127 0.4860639795660973 92.79101800918579 0.7613629326224327 0.9026447087526321 0.270778477191925 1.028237298130989 1.5361303165555 0.5095314830541611 4295.215925253928 35.58619894832373 0.3624432682991028 1.182936079800129 0 3405.278468392789 3103.620684325695 5712.647501036525 2171.175668388605 4.591036915779114 9.356983840465546 5982.008105255663 1929.535114198923 9.738737151026726 161.3599418476224 0.4033109396696091 0 7.40493106096983 125.1596100777388 37.45487315952778 1953.613668300211 645.1179151535034 348.6974143832922 349.2105117663741 75.52104736864567 2.41796886920929 1.171603187918663 9.476833507418633 0.8982591554522514 13.07582131028175 145.1864912286401 0 0 0 9.103517316281796 0.5442004650831223 24.29280340671539 0.6663231924176216 0 0.1329023689031601 0 1.800105668604374 0.2148911654949188 2671.897314414382 4.905879311263561 0.3007612973451614 2.232950776815414 0.2247948795557022 555.4482208043337 713.5756104961038 2941.525985747576 275.6958667188883 0.4372749030590057 8.363788172602654 1332.166718989611 257.7927666977048 9.951821193099022 62.91848437488079 0 0 0.6562398448586464 6.023866325616837 8.501905620098114 36.83916682749987 8.863819234073162 12.42021624743938 6.696588322520256 4.572664193809032 0 0 0.1724324226379395
47.07438614219427 444.6450685113668 5527.422347046435 0.4962825402617455 0 4.732255235314369 20.49210444092751 66.61518365889788 2.935147374868393 2.654850162565708 471.72774156183 0.5000911876559258 0.8271051570773125 194.345231872052 0.4156906753778458 35.58619894832373 2571.95628221333 160.8321112990379 5239.735168077052 1.404525876045227 877.1374517157674 23.5375792235136 5403.395849242806 31.45183485373855 3.876866146922112 2583.096416898072 6922.840968124568 86.85515304654837 614.5297067686915 1140.662856914103 0.5514481142163277 0.7748409509658813 54.2118065059185 2764.057088829577 16.6393618285656 358.6234586387873 736.4067571312189 818.1463530510664 125.7465788498521 17.67578549683094 0.7405048906803131 3.101814240217209 2.580808319151402 0.121748574078083 29.09415301680565 172.2363877445459 0 0 0 1.658249542117119 0.08081236481666565 0.6975254714488983 0 0.2582535445690155 0 0.1203676834702492 0.3457233905792236 0 6.510540060698986 23.01216901838779 1.131970748305321 13.63395062088966 0 5.195050068199635 5.347862057387829 8.375444747507572 6.052181355655193 1.090400412678719 131.9535731077194 326.0816235542297 6.824690029025078 0.6571193486452103 3.531045608222485 0.2815957516431808 0 0.6672269701957703 8.504012428224087 2.254286572337151 21.39231558889151 14.68633656948805 21.16648653149605 4.579633504152298 0.5825897455215454 0 0 0.1935427784919739
0.6853760331869125 22.51648582518101 63.35494572669268 0.9943847358226776 3.379927687346935 19.4264560341835 3.962569542229176 15.49212910979986 1.328188695013523 6.522696644067764 2667.756029009819 3.306947380304337 43.74655675143003 27.31717815995216 2.64272203296423 0.3624432682991028 160.8321112990379 1328.413470827043 2537.870357267559 4.110384702682495 1.033717654645443 2.215963542461395 15.8244169279933 2.002825848758221 31.64330742508173 4609.039109945297 643.4258999973536 3.297311872243881 73.64140103757381 5.528449282050133 18.02308059483767 20.35934455692768 2.11379000544548 1852.777388744056 5.07883533090353 1097.165923833847 1450.14368724823 1736.173948176205 702.8702210709453 32.32335660606623 10.81032780557871 41.28998677432537 2.349859490990639 0 4.871330879628658 3.866486094892025 0 0 0 0 0 0.3278275579214096 0 3.53022575378418 0 20.50025122612715 0 0 0.3403325453400612 0.5907857939600945 5.001723304390907 6.033015891909599 0 0 0.2510306537151337 0.2197337374091148 0.2144797369837761 14.85187613219023 91.1057551279664 172.9411249384284 0.2423214167356491 0 0 15.14164464920759 0 0 1.403983354568481 2.199065163731575 23.89725993573666 21.88188015669584 3.020416423678398 0.546074278652668 0 0 0.480017215013504 0
3.372714839875698 1084.958214312792 469.8354582265019 0.5638392940163612 1.788234688341618 14.32291119545698 5.315909743309021 18.64884324744344 1.392835088074207 6.366085566580296 1009.840957738459 3.498819403350353 11.44023352116346 36.29850333184004 3.40443479269743 1.182936079800129 5239.735168077052 2537.870357267559 3108.354642234743 2.912957854568958 16.9642067477107 5.855817392468452 287.6894101798534 3.441412702202797 36.24151127040386 5581.319328144193 1568.860338650644 6.154888354241848 111.1802613660693 44.20896185934544 3.178209222853184 8.746751479804516 7.072913706302643 4129.497286789119 6.802800476551056 900.8403161615133 936.7421102672815 1318.094634719193 410.1647180914879 34.19253138452768 2.942326217889786 14.02583613991737 1.425607614219189 0 10.44183824211359 17.01298620551825 0 0 0 0.3377475738525391 0 0.2023691758513451 0 0.6002201959490776 0 1.907286874949932 0 0 0.5960353538393974 4.095924519002438 2.266054883599281 14.88783664256334 0 0.3435225486755371 0.9981928393244743 0.467222735285759 0.2420159056782722 3.986789286136627 95.4484486579895 124.2108578756452 0.5514563173055649 0 0.318887785077095 2.787186063826084 0 0 2.103965476155281 1.360437333583832 11.87772358208895 8.329156339168549 8.495071262121201 1.364388972520828 0.3900253102183342 0 0 0.09824953228235245
22.50385281443596 0.1749724373221397 2.689435958862305 3020.422370173037 5.480143293738365 1346.590637855232 164.1082405336201 696.0430084243417 423.5853307023644 4921.455749023706 7.658144041895866 5645.239380896091 0 533.6401386708021 84.99944481998682 0 1.404525876045227 4.110384702682495 2.912957854568958 961.2312141433358 1.914765685796738 0.5690184906125069 4.21651241928339 365.6519333645701 0 4.607647739350796 2.098541595041752 3873.806135058403 213.168780721724 11.86014205217361 0 7.203686147928238 1.798293747007847 138.6696412414312 5.016343213617802 300.9209871739149 6.103684023022652 148.1558539420366 30.34183596819639 359.1264925077558 7.494604349136353 0.743478998541832 4.267804034054279 0.1178690269589424 0.1050116866827011 0 127.4542541801929 0.2024144977331161 1.916534207761288 31.73902347683907 4.9846101552248 72.61966539919376 26.80465739965439 0 30.57716100662947 0 2.594805330038071 9.836126759648323 0 0 0 0 32.85482407361269 0 0.1053466647863388 0.2903745472431183 92.6951052993536 0 0 0.7379070073366165 129.7022545933723 0.1077538803219795 1.685330711305141 0 0 0.1253535747528076 0.8087881505489349 0 27.49573793262243 0 4.750007390975952 1.185815677046776 46.4166399911046 0 0 0.1892933398485184
217.7880180552602 5.655652701854706 525.2064297646284 1.537585780024529 0.4377487823367119 37.18555641919374 1177.422514200211 408.3869298547506 45.99130948632956 29.19102767854929 2.238108240067959 1.329652886837721 0.2057632058858871 556.1715824827552 0.4804155379533768 3405.278468392789 877.1374517157674 1.033717654645443 16.9642067477107 1.914765685796738 15640.55971333385 122.3607013598084 15528.22670977563 664.8739972189069 0.5252855569124222 22.09138279408216 457.4431339651346 7302.231760665774 184.294741615653 14205.27936611325 0 1.186909772455692 28.08694467693567 3699.081750199199 160.9241618290544 5683.070818454027 665.0438110157847 3926.207152150571 2109.211880676448 173.4042950794101 14.52108948677778 4.916399173438549 50.11088642477989 2.875824227929115 0.8426425755023956 10.43245059996843 2.376680344343185 0.1087705418467522 0.4494086876511574 14.93364940583706 1.562779158353806 32.8210426568985 1.101522587239742 0 0.2430357709527016 0 2.273110970854759 0.1203247606754303 376.7750057056546 0.8416555970907211 0 0.1437871903181076 0.9969387203454971 504.4954022243619 76.34698605537415 214.9585026800632 255.3395134881139 0 1.18961925059557 24.66161172091961 223.5437356978655 25.74588673561811 83.55145657807589 0 0 2.550290808081627 6.572331264615059 19.46792478114367 35.72351105511189 2.362630143761635 13.0932963937521 6.047857061028481 6.96558989584446 0 1.075361758470535 0.750503271818161
0.5974887683987617 2350.26976852864 17.3688048273325 0.2374531328678131 0.4065480828285217 1.393164321780205 9.339115679264069 3.697076231241226 2417.115891329944 0.3807582855224609 30.79921263456345 2.886756114661694 182.0661270990968 12.66244776546955 22.14200883358717 3103.620684325695 23.5375792235136 2.215963542461395 5.855817392468452 0.5690184906125069 122.3607013598084 1938.753696516156 201.72918176651 5432.395635932684 616.3559363335371 164.6539072841406 5317.767912141979 412.5449255630374 27.00422151386738 67.68005868792534 18.57849961519241 0.08623678982257843 5.761791847646236 56.38126700371504 0.6251808553934097 237.8306676521897 53.68524025380611 43.23538218438625 10.08357771486044 25.17674511671066 0.5112755447626114 21.730175152421 1.016256593167782 0.2002240046858788 48.89712901413441 160.0777860060334 0.1219073459506035 0 0 5.923751533031464 0.3998133614659309 38.06274788826704 0.1138312593102455 0.509262926876545 0 3.092105083167553 0.5307986810803413 0.6097871214151382 981.8187697529793 9.293118603527546 0.9017338082194328 3.119118057191372 0.4826076030731201 159.0455186888576 206.9462239816785 613.129184640944 134.763208694756 1.556222438812256 21.73631969839334 1075.724157616496 85.13162530958652 0.9232572242617607 12.28716773539782 1.015757285058498 0 0.2227830588817596 8.168037869036198 0.8225740343332291 19.91481868177652 5.182525031268597 8.104732878506184 2.747307009994984 0.5576406270265579 0 0 0.147539421916008
334.9223568737507 6.672229915857315 9436.497803039849 2.574079059064388 0.6549208462238312 47.97704587131739 777.9969321489334 509.7469423189759 30.16894484311342 34.06739012151957 11.88087755441666 2.674908496439457 0 834.8484086915851 2.441101230680943 5712.647501036525 5403.395849242806 15.8244169279933 287.6894101798534 4.21651241928339 15528.22670977563 201.72918176651 21664.92018198222 675.0025820732117 0 594.2761764004827 8229.703052252531 2391.364780925214 619.5014031901956 6130.825635716319 0 3.396985329687595 56.93154710531235 4010.783905439079 269.6412430480123 11399.95108356327 4659.698951929808 6077.470513358712 3789.100792020559 595.2122159153223 36.7424541413784 17.27274087071419 78.94462139159441 1.490114361047745 4.812873691320419 413.8304506465793 0 0 0.5342544093728065 10.05964883416891 2.828285045921803 15.06608431041241 0.8070601224899292 0.1526058912277222 0 0.1264377236366272 2.803814604878426 0 1696.870494008064 9.9855597615242 0.1189035996794701 1.948373779654503 0 301.0111853927374 273.4299553930759 2101.955003425479 172.5171286612749 0.307779535651207 5.769514612853527 1598.684270143509 168.0883944034576 13.32521122694016 51.65425579249859 0 0.2544285356998444 1.497906051576138 7.331800132989883 62.39981608837843 71.83042834699154 6.423937849700451 20.69121781736612 15.69432517141104 8.23959494382143 0.2132513374090195 1.047314122319221 1.077253133058548
15.7684528902173 354.3545511290431 138.5590999424458 1075.944771938026 6.524362340569496 179.5293701142073 2990.891951777041 196.5791973024607 16589.32811070979 204.5650787949562 6.462998650968075 800.3718980103731 24.52812011539936 308.0681548714638 360.1476964876056 2171.175668388605 31.45183485373855 2.002825848758221 3.441412702202797 365.6519333645701 664.8739972189069 5432.395635932684 675.0025820732117 14872.80734769255 67.67532800883055 38.28954996913671 1816.316153228283 11862.8407869637 602.8975798636675 196.7332763969898 3.586360797286034 4.531568244099617 71.54914291203022 320.9665660634637 57.94397666305304 2245.841682568192 67.82995232194662 414.3562760800123 187.1898108571768 551.6819163188338 23.16622774302959 2.506631404161453 19.2363376095891 17.5808952152729 11.03973881900311 79.34794921427965 263.3048687949777 0.5106620639562607 28.9118377789855 464.4568791165948 45.67331843078136 1312.332981489599 208.2484594285488 0.4646983444690704 122.6141806095839 0.1263394057750702 55.14884658902884 24.66969538480043 225.8233759924769 7.07797322422266 0.3445686176419258 2.331520318984985 166.9340490996838 379.4848032742739 185.0287319421768 142.0935804918408 2008.409480333328 0.4921342208981514 11.25607949495316 138.7949577718973 1876.550529830158 127.4746672734618 176.3210474252701 0 0.6107117608189583 9.468331359326839 31.34132894128561 13.48784709721804 292.0898732841015 6.296401657164097 103.8127261549234 34.95344910770655 299.6264717951417 2.711598686873913 3.246406435966492 2.612280651926994
0 3760.727948874235 0.3389051258563995 0.09943472594022751 0.2689593732357025 0.2194171845912933 0.1863011717796326 0.3736644089221954 114.0188192278147 0 733.0541321262717 0 4015.139503568411 0.7822282239794731 0.5786401927471161 4.591036915779114 3.876866146922112 31.64330742508173 36.24151127040386 0 0.5252855569124222 616.3559363335371 0 67.67532800883055 964.2737664431334 987.4149786606431 3190.476913116872 9.042860068380833 1.812107317149639 0.091554194688797 293.3369975239038 0.4458498805761337 0 270.3247286751866 0.2127128541469574 19.21447835862637 103.9427896663547 328.2456899061799 23.65934444218874 2.052649356424809 0 354.7385104522109 0 0 173.5573464930058 7.953135147690773 0 0 0 0.09933096170425415 0.1106564328074455 0.1027220487594604 0 73.58956807106733 0 209.4792589172721 0 0 0.3144270181655884 1.287945047020912 3.700338333845139 7.020825281739235 0 0.09737809747457504 1.901015527546406 0.2702107056975365 0.4887867197394371 168.2098751664162 126.1819698289037 321.597114302218 0.223360151052475 0 0 12.69796747714281 0 0 11.8397154957056 0 3.274905569851398 23.36189348250628 11.9862652271986 0.8973901942372322 0 0 7.97752108424902 0
15.2495738491416 1189.553417392075 7948.005667120218 0.7174842283129692 2.357006058096886 18.8148547410965 12.53689508885145 37.08527020737529 45.28088819235563 9.338645845651627 2505.015595465899 4.052401565015316 758.7769875451922 71.84092602133751 6.531727433204651 9.356983840465546 2583.096416898072 4609.039109945297 5581.319328144193 4.607647739350796 22.09138279408216 164.6539072841406 594.2761764004827 38.28954996913671 987.4149786606431 37599.98262424022 17268.75980240852 17.62705864757299 177.2639422267675 82.28027425706387 696.2317091673613 16.41308254748583 9.583679758012295 2883.430528447032 24.58123871684074 4227.658146612346 6655.300860218704 3154.5212431252 1165.985228262842 94.17264937609434 6.455324307084084 247.5287590622902 6.625677995383739 0.1891288906335831 376.8020473569632 310.7723228856921 0 0 0 5.095190428197384 0.4096484147012234 2.912371329963207 0 80.95043033361435 0 576.8236860260367 0.8850645497441292 0.1019444167613983 4.799207746982574 101.0376418679953 110.0490307658911 339.0490801930428 0 2.225200019776821 12.30638088285923 7.698242761194706 5.979851298034191 347.2480363696814 2731.018406547606 4780.38562092185 2.663171544671059 1.970384739339352 2.538677632808685 258.0388668403029 0.3783779069781303 0.08536843210458755 48.14682456851006 8.626995712518692 157.2588044255972 396.933802343905 157.5077968388796 32.68372479081154 4.912792563438416 0 11.53182085603476 0.6783333867788315
21.10381019860506 9997.886112198234 13165.06609466672 0.2815587967634201 0.1170653477311134 9.871202945709229 112.4120824411511 35.78482410311699 844.7201108410954 5.981422424316406 589.510000564158 2.527127854526043 4731.40480030328 99.45043756812811 5.981141284108162 5982.008105255663 6922.840968124568 643.4258999973536 1568.860338650644 2.098541595041752 457.4431339651346 5317.767912141979 8229.703052252531 1816.316153228283 3190.476913116872 17268.75980240852 39464.65916054696 1185.300297193229 194.9376426711679 306.1548854857683 2140.904358111322 2.150012664496899 14.63735644519329 4992.653362311423 193.0385379493237 10165.76121778786 4103.305074892938 6282.36429899931 1716.577077142894 348.4485021233559 18.15518027544022 62.25313524156809 28.28566846251488 7.23884753882885 2287.583756640553 4884.029301695526 1.421157985925674 0 1.246840342879295 128.1170804798603 10.27559166401625 15.43557808548212 0.9567310214042664 51.00332237035036 1.383853912353516 256.735233694315 26.29752471297979 0.11574337631464 899.3769269436598 466.0642537251115 114.7373718544841 562.0888058468699 1.82705295085907 201.4209831878543 1348.493764720857 1350.163377411664 215.2521299347281 431.5634849518538 4209.53668692708 16748.34975162148 170.0683786720037 21.69000103324652 57.49288769066334 155.2599675506353 1.154940761625767 0.9771794602274895 213.8175807669759 64.56288021802902 620.7151487395167 405.4509548917413 488.4797986969352 132.2749544382095 29.35571468621492 0 9.046394430100918 2.51384411752224
96.52878004312515 38.60204765945673 243.9660429060459 5458.279447197914 2.804232187569141 667.3709443584085 19256.7816191949 568.3848539590836 2408.639329783618 4962.3908874318 4.654669657349586 1159.911214739084 2.944667473435402 840.656200543046 54.69726376235485 1929.535114198923 86.85515304654837 3.297311872243881 6.154888354241848 3873.806135058403 7302.231760665774 412.5449255630374 2391.364780925214 11862.8407869637 9.042860068380833 17.62705864757299 1185.300297193229 23358.16665283591 991.4942499548197 8148.441468052566 0.4625096693634987 7.367767743766308 149.1023194938898 724.5730555802584 117.1704304665327 3760.655860945582 79.51860386133194 832.4453516155481 419.2572365179658 400.2683828920126 35.06809891015291 4.04026110470295 34.91196778416634 31.15020577609539 3.939150430262089 56.00815420597792 255.618632376194 2.324173547327518 27.35472512990236 516.9293525293469 55.29278930276632 906.5585127472878 208.7803512662649 1.020691469311714 125.9525645598769 2.067119359970093 62.06011203676462 18.84763502329588 239.8884910345078 6.529531374573708 0.3069836273789406 3.936351902782917 172.5219632089138 554.6611683443189 129.9333208799362 164.2145497873425 1948.252246573567 0.6441774740815163 4.344656504690647 68.76442400366068 1982.900780066848 220.6275645047426 306.1757523715496 0.07097946852445602 1.85667259991169 17.47948257625103 35.72286442667246 20.80390676110983 304.8812922462821 5.479192554950714 102.6056874766946 37.32491730153561 282.700972057879 1.584370031952858 4.426209419965744 6.547426030039787
2336.465539216995 6.527521185576916 448.4682950004935 81.39282324910164 93.63689412176609 2944.341897629201 2910.142827808857 3721.730593558401 124.2174121960998 553.5966489166021 231.5448544174433 137.7964966595173 8.549765735864639 10266.03624274954 109.6204665973783 9.738737151026726 614.5297067686915 73.64140103757381 111.1802613660693 213.168780721724 184.294741615653 27.00422151386738 619.5014031901956 602.8975798636675 1.812107317149639 177.2639422267675 194.9376426711679 991.4942499548197 23439.7826314792 9157.332865636796 0.8096576258540154 478.8324458152056 3725.124130703509 5493.412904523313 53.20952463150024 1262.299652703106 211.8991971090436 2260.792457170784 688.7891330122948 724.7915764451027 227.6714672073722 21.24653939157724 26.64997190237045 3.579433262348175 0.643248587846756 11.93038245290518 4.006023086607456 0 0.8211317732930183 44.24193874746561 4.264016710221767 72.21696712821722 6.629257261753082 0.2403415441513062 0.8734783977270126 0.1110158637166023 6.310743309557438 0.1690498739480972 18.64960451424122 0.8074555248022079 0.1790814027190208 0.6755130887031555 5.153070166707039 71.7335896268487 18.54865822196007 17.42478800565004 232.7098012119532 0 2.937482379376888 7.240690886974335 220.2988545373082 28.45849441736937 34.79758045822382 0.1219050511717796 0.09818902611732483 2.637721411883831 8.564064517617226 4.721770167350769 58.67545913904905 0.3147949948906898 21.25219418108463 6.872965164482594 15.24694588780403 0 0 0.3560363277792931
