1081.552274875343 0.1031075119972229 28.11084935069084 12.73470503091812 0.5037067010998726 5.966432645916939 1789.596184670925 633.4688419103622 1.417065985500813 54.73571692407131 6.599698320031166 3.481747381389141 0.1351788640022278 6208.908326223493 0.1218446642160416 0.4760116636753082 22.41830158233643 3.196000516414642 8.064803205430508 5.128750905394554 2.893124297261238 0 6.717947326600552 30.7109722495079 0 11.32415723055601 25.20863203704357 85.35716670006514 2942.950547710061 3280.082631111145 0 9.080788180232048 71.39543750137091 82.39756994694471 1.623269945383072 85.89902603626251 5.976910829544067 96.6131466627121 36.12699671834707 1.256553158164024 0.340133860707283 0 1.085876442492008 0 0.09251599013805389 0 0.3499209582805634 0 0 0.3412735611200333 0 0 0 0 0 0 0 0 1.206399977207184 0 0 0 0 0.1143828704953194 0 0.1186379790306091 1.495224319398403 0 0.262029841542244 0.6778894513845444 0.731043167412281 0 0.228559136390686 0 0 0 0.08353924751281738 0.5759723782539368 0.09397664666175842 0 0.1049781888723373 0 0 0 0 0
0.1031075119972229 99.03805730491877 93.09992947429419 0 0.2497442364692688 0 3.548375770449638 0.2823577970266342 614.8665443882346 0.1486860364675522 60.04501735419035 4.451523631811142 358.8016014024615 0.08844553679227829 17.71214327216148 159.6819145530462 21.83190779387951 2.02029187977314 15.27704334259033 0 7.667747661471367 2584.407861217856 8.54119211435318 439.4426833838224 1996.531884074211 502.7709471955895 8461.213755972683 19.5611060783267 0.6362981349229813 1.076752886176109 36.83630988001823 0 0 10.58088468760252 0 25.31839054077864 85.06177990138531 39.85884326696396 7.273268766701221 16.59750197082758 0 108.7972148135304 0 0 101.0236690342426 43.78253623098135 0 0 0 0 0 1.511594608426094 0 3.009729988873005 1.008666574954987 17.60786867141724 0 0 3.323701985180378 2.729732900857925 0.587931901216507 4.467464670538902 0 0.4005987346172333 18.54788866639137 4.66433597356081 1.61200362443924 252.4752913415432 91.21446520090103 941.443869329989 1.460807003080845 0 0.1196422874927521 1.765936285257339 0 0 1.113813772797585 0 2.086438491940498 26.50540097057819 1.509878441691399 1.207241758704185 0.2499796152114868 0 4.574097082018852 0
28.11084935069084 93.09992947429419 9982.65939514339 4.671316042542458 1.409757576882839 4.707969352602959 1569.927598677576 278.1261349618435 7.865696378052235 84.78323615342379 66.58982219547033 0.9749845117330551 2.821159645915031 299.7238347232342 0 19.13419335335493 3337.951873026788 138.3337362930179 538.8078212440014 1.339340917766094 1172.412623047829 21.21902473270893 15124.05034656078 160.8265537694097 2.763684339821339 9582.433779247105 10953.08909359574 519.1256354227662 61.23561745136976 894.2794857695699 1.70827804505825 12.12259444594383 5.755408398807049 1286.045772023499 24.77320104837418 2218.205681793392 3587.46941293031 3614.311994276941 968.6441088393331 93.73974668234587 6.078441597521305 29.34294763952494 15.19153981655836 0.3864096626639366 136.3246361985803 614.585205450654 0 0 0 5.02509855479002 0.9491898790001869 2.389920279383659 0 1.221134588122368 0 7.297433964908123 0.5440632104873657 0 16.78063178807497 34.04241041094065 0.9481388628482819 26.10939702391624 0 3.617226526141167 66.94168183207512 73.93950969725847 14.07437862455845 27.64278177917004 391.3934339284897 3470.695045478642 12.89251773804426 0.6140095964074135 6.028780452907085 1.080602422356606 0 0 7.298977896571159 3.007715411484241 28.42317914962769 469.9416060298681 20.46395295113325 11.79139734059572 1.227309674024582 1.466960653662682 1.742727652192116 1.229473188519478
12.73470503091812 0 4.671316042542458 3363.375001624227 0.9278805702924728 141.7874949574471 284.6791047826409 77.37023600935936 320.3204114064574 2667.916391253471 4.015194918960333 5173.362460397184 0.7098598480224609 97.41026708483696 22.00749427825212 0.3308210372924805 0.3296381756663322 0.4704214632511139 0.1003230437636375 3446.751590631902 2.661224119365215 0.493872344493866 1.695507690310478 2042.425399899483 0 0.8614711314439774 2.190497569739819 4560.268038488925 131.2517458274961 11.99598630517721 0 5.163165055215359 5.788617998361588 43.34284324198961 65.17901729047298 326.918332003057 1.737133666872978 135.8996834978461 87.61136700958014 129.9002930149436 18.86793624609709 0.7073724269866943 4.054062105715275 0 0.2399972900748253 0.1369556933641434 23.34167174994946 0 0.8065532520413399 55.4489426240325 11.21520099043846 31.29185861349106 17.74594239145517 0.2983370721340179 55.92972488701344 0.2319484502077103 9.201802633702755 3.763222984969616 0.7494828924536705 0.2390072494745255 0 0 10.07352256029844 1.86315306276083 0 0.5685543566942215 164.9492793679237 0 0 1.677133396267891 206.7105708643794 5.757886469364166 10.09642829746008 0 0.1230599284172058 0.9715665280818939 1.257764294743538 0.1587702482938766 83.86214641481638 0 5.876522593200207 0.3226717934012413 52.98499547690153 0.6639651954174042 0 0.1278098821640015
0.5037067010998726 0.2497442364692688 1.409757576882839 0.9278805702924728 44.19043411314487 431.6479768529534 2.918214432895184 68.34949899464846 55.39091235399246 15.18567696213722 105.027838639915 80.92436292767525 2.140350945293903 8.709718927741051 1311.32004313916 0.2865511626005173 1.292424768209457 1.793651044368744 1.930550247430801 7.733924098312855 0.1043291613459587 3.064374431967735 1.512034706771374 23.77519339323044 0.9895993545651436 3.260127581655979 4.423832841217518 10.28371102362871 122.1122271791101 4.374297700822353 0.441827155649662 73.89856851100922 0 612.3588703796268 0.2640203535556793 48.02388282865286 17.78834453970194 666.9198868200183 215.0133762434125 2096.829199634492 177.5233114361763 16.18441611528397 26.2945626527071 0 0 0 0 0 0 0.7478747069835663 0 0 0 0 0.3727563917636871 0 0.2290305197238922 0 0.6766277775168419 0 0 0 0.3041250109672546 0 0.3712696731090546 0.1132466346025467 2.08872552216053 0 0 0.2619274333119392 1.144186943769455 1.338513910770416 0 0 0 0 0 0 3.210005268454552 0 0 0 0.754075899720192 0 0 0
5.966432645916939 0 4.707969352602959 141.7874949574471 431.6479768529534 11741.35213629156 1838.897899515927 5763.261783450842 36.52286615222692 9855.046769864857 43.73156910389662 7817.55619905889 0.7681837677955627 404.8532310351729 1463.963592201471 0.4074336290359497 1.414203569293022 1.218961238861084 0.9209681004285812 905.6476387679577 2.110204704105854 0.8652519583702087 3.432443104684353 48.42638879269361 0.1791305392980576 3.477586351335049 3.106922969222069 325.7797782719135 514.9888656586409 18.12769443541765 0.1980031281709671 438.6797295063734 0.7833475694060326 190.315899245441 15.79125589132309 108.5664728805423 8.506936989724636 267.5983888283372 52.82276067137718 1986.946318991482 52.27101507782936 0.6950006932020187 2.618961349129677 0 0 0 0.4009849429130554 0 0 1.392434403300285 0.8014409989118576 1.397398412227631 0.3926187008619308 0 11.47072114050388 0.1315787434577942 0.2873227596282959 0.9361682161688805 0.4542875587940216 0 0 0 0.6774793267250061 0 0 0 5.288747049868107 0 0 0.5094292461872101 8.896872401237488 0 0.9959235191345215 0 0 0 0 0 15.95131853222847 0 0.4354048371315002 0 6.010228872299194 0 0 0
1789.596184670925 3.548375770449638 1569.927598677576 284.6791047826409 2.918214432895184 1838.897899515927 13462.51274528354 5289.442329414189 319.5391839444637 7647.836785368621 38.09499203413725 27.15489643067122 0.3394732102751732 6219.950412452221 13.26386217772961 34.35407025367022 268.8799182251096 24.50624591857195 71.18836834281683 95.62940635532141 938.7875392511487 10.85307903587818 1451.010563187301 1373.888199985027 1.610936425626278 214.4645293876529 349.0830644965172 19418.38239634782 1600.532816901803 6008.309752419591 0.2562972232699394 24.18240524828434 71.70676344633102 335.4149488657713 44.29523098468781 2130.809319086373 134.2468712851405 825.481166087091 535.8780282884836 61.38863594830036 30.58003242313862 1.337019965052605 17.57195541262627 7.09796530008316 1.468752861022949 8.541186861693859 21.88845507800579 0.1032635197043419 2.190776012837887 150.2291502058506 19.60407414287329 66.13619469851255 9.553138226270676 0.273665763437748 4.04618551582098 0.4818419814109802 17.59213391691446 0.5028248801827431 34.07179819792509 0.9949888661503792 0.116287998855114 0.6677111908793449 5.659296289086342 36.13046819716692 12.93041021376848 19.21764934062958 293.7718746289611 0.2958307340741158 2.077276341617107 55.46999464184046 425.3382545113564 25.16253086924553 110.6689445078373 0.162761777639389 0.259375736117363 3.154707826673985 8.84367735683918 2.433402836322784 179.2759160250425 2.048102274537086 23.63794399797916 5.41557565331459 53.66597796976566 5.287073142826557 0 0.2359410226345062
633.4688419103622 0.2823577970266342 278.1261349618435 77.37023600935936 68.34949899464846 5763.261783450842 5289.442329414189 12919.44165732712 47.93073449283838 3818.490191057324 118.4425824657083 960.7296594232321 1.917541570961475 6093.074287287891 505.7932079583406 1.549313470721245 138.2250478193164 20.07751204818487 47.67188164591789 343.548784814775 47.03617935627699 1.925452351570129 116.467355646193 129.5058574452996 0 89.07684502005577 137.0266391932964 392.081830561161 2545.347988627851 2289.886792436242 0.3054370507597923 609.5118965134025 58.5580288618803 515.1061006188393 8.082520380616188 468.0619328990579 48.8369247764349 726.2076947167516 208.5335410535336 989.2562864497304 47.82723099738359 3.494377993047237 10.39518800377846 0.6483034193515778 0.1259942054748535 1.599218502640724 3.066493168473244 0 0.3112068772315979 40.46733370423317 2.07034370303154 7.54516714066267 1.801328778266907 0 3.489399127662182 0 1.908180922269821 0.3822613060474396 2.067497588694096 0.420270174741745 0 0 1.227218270301819 6.045749567449093 0.3526051193475723 0.8890192359685898 49.2798819988966 0 0.3943468704819679 8.883804358541965 64.5601470246911 2.91088255494833 15.88984860479832 0 0.2149176597595215 0.9968000650405884 1.209654748439789 0.6389458179473877 14.24909953773022 0.2401084899902344 3.624595701694489 0.6526654660701752 9.980124913156033 0 0 0
1.417065985500813 614.8665443882346 7.865696378052235 320.3204114064574 55.39091235399246 36.52286615222692 319.5391839444637 47.93073449283838 623.6358390375972 177.7640726789832 17.33844961971045 336.8149975389242 70.63602486252785 25.56411761790514 942.5278464257717 154.6825233027339 0.4448372423648834 1.177542485296726 0.3812640011310577 141.6337646394968 57.18957678973675 3564.427192464471 31.06768298894167 10261.44212645292 344.8165719881654 51.67480254173279 215.0389637425542 1462.920240208507 37.77955333888531 121.0811707377434 7.561508916318417 2.046157345175743 7.391882359981537 17.34148979187012 5.135009497404099 159.0268353000283 22.28290121257305 82.11406353861094 33.18629639595747 411.5931173488498 8.595898181200027 23.29450072348118 2.928845323622227 4.9471550360322 48.00178422033787 15.23287732154131 78.88366018980742 0.4477864354848862 3.391035482287407 133.7902128323913 18.63010296970606 39.02581676095724 24.26240421831608 1.215968042612076 56.39813211560249 3.552525669336319 17.20073071867228 27.43040267378092 256.576042316854 1.106789983808994 0.3039988353848457 0.1003638431429863 28.68728892505169 154.1631835103035 177.9286925792694 85.18937887996435 766.6285752505064 3.407276578247547 4.963261649012566 170.1947038918734 593.8737632855773 26.7518966794014 93.55083471536636 0.3625452741980553 0.4090739861130714 2.815229758620262 5.871572591364384 0.2501493990421295 83.74495576322079 2.712974272668362 18.72756011784077 2.471950851380825 142.1658805459738 1.096481591463089 0.3243984282016754 0.3246630281209946
54.73571692407131 0.1486860364675522 84.78323615342379 2667.916391253471 15.18567696213722 9855.046769864857 7647.836785368621 3818.490191057324 177.7640726789832 39380.87096111476 91.96266616135836 5968.167812108994 1.522866003215313 1755.297536209226 21.6499520689249 1.198959141969681 21.66870672255754 5.59860372543335 6.6689837500453 4645.321800015867 24.03807259351015 0.6286786198616028 52.09803307056427 1132.760445021093 0.338615395128727 19.95210029184818 27.38921440392733 8163.429077170789 946.4395190179348 145.1449630111456 0.1011531352996826 124.6955735906959 15.7322878614068 466.0201770290732 27.06649470329285 804.2400250658393 24.51595113426447 1217.789964683354 436.438068754971 313.1131156608462 169.7582744881511 1.628206841647625 24.33975223451853 1.787133440375328 0 0.4465825408697128 38.48133029788733 0 2.983090154826641 64.07415264099836 10.71233650296926 34.61740782111883 27.1877891048789 0.3695287257432938 26.57838948071003 0 6.467349000275135 2.777771323919296 2.142942704260349 0.1119342669844627 0 0.1086212396621704 14.53861819952726 1.604566231369972 0.9136284366250038 0.6263361424207687 173.4224693849683 0 0.6740888059139252 2.296986028552055 201.8675798550248 3.723327696323395 20.57400910556316 0 0.3231382071971893 0.3513803780078888 3.62732021510601 2.451292812824249 70.2913663610816 0.1509103924036026 7.880869813263416 0.8772817552089691 43.55275990068913 1.281266719102859 1.336338043212891 0.9535668641328812
6.599698320031166 60.04501735419035 66.58982219547033 4.015194918960333 105.027838639915 43.73156910389662 38.09499203413725 118.4425824657083 17.33844961971045 91.96266616135836 14573.58955842257 35.35867468267679 3107.650995954871 98.24285991489887 0.8592263162136078 1.749336935579777 320.6411096602678 3180.167458929121 1312.977752715349 22.03013060241938 26.58611982315779 53.41329401731491 154.994645357132 26.14167582243681 1346.739716820419 3014.242936484516 1469.451772376895 27.28453954309225 221.2478904575109 123.7435396611691 428.8605795204639 328.3824606835842 4.725224070250988 6326.17626708746 4.278758950531483 834.8508464992046 6803.45224955678 6748.951486095786 1028.942264825106 56.91412679851055 102.8819033205509 1674.705437608063 26.44492095708847 0.3494493365287781 9.336526587605476 0.7029085904359818 0.6572214961051941 0 0 1.662236392498016 0.8874483704566956 0.8496581017971039 0 375.6136527657509 0.1341277360916138 1369.879450693727 0 0 0.1096942946314812 0.3588082194328308 37.7712589725852 3.241742148995399 0 0.1114039942622185 0.6757387518882751 0.1782956272363663 6.053475551307201 214.164256580174 312.1853434368968 433.7671215832233 6.730583369731903 0.6224296092987061 1.537039458751678 280.8221754208207 0 0 0.1806619912385941 2.952884584665298 14.30756068974733 739.4534738063812 5.531381502747536 0.541387066245079 0 0.3167090713977814 89.84953343868256 0
3.481747381389141 4.451523631811142 0.9749845117330551 5173.362460397184 80.92436292767525 7817.55619905889 27.15489643067122 960.7296594232321 336.8149975389242 5968.167812108994 35.35867468267679 7217.838815413415 2.790667623281479 399.4145475029945 1024.969973221421 0.5667149573564529 0.4048745781183243 0.5964863523840904 0.6316908374428749 3489.019319564104 0.4490026086568832 50.65847860276699 0 1099.56496912241 4.524929076433182 3.365709505975246 5.316445507109165 1107.133611857891 174.5605417639017 6.217410273849964 0.5497817024588585 63.9012345969677 0.3219714313745499 146.5355748608708 51.27269923686981 951.0584181919694 6.37248707562685 226.6172446236014 27.68577446788549 1117.982908703387 18.50408638268709 1.545036144554615 2.116425946354866 0 0.4410760998725891 0.240237221121788 27.8117893114686 0.133874699473381 7.73105601221323 12.4753290116787 2.523388221859932 18.86933790147305 12.93638728559017 0.3500481843948364 123.240413852036 0 0.9385198429226875 11.38139207661152 2.164221696555614 0 0 0 12.31226516515017 1.73294423520565 3.674702629446983 1.820858009159565 97.97199723869562 0.1926385313272476 0 2.329278096556664 48.11019093543291 0.3835688233375549 1.955582864582539 0 0.2863080129027367 0 0 0 194.4348476454616 0.186101108789444 1.872591212391853 0 137.6846076399088 0.4845807701349258 0 0.1875916123390198
0.1351788640022278 358.8016014024615 2.821159645915031 0.7098598480224609 2.140350945293903 0.7681837677955627 0.3394732102751732 1.917541570961475 70.63602486252785 1.522866003215313 3107.650995954871 2.790667623281479 5692.893248140812 1.288572870194912 3.819798961281776 8.184551291167736 3.440224327147007 123.9994164407253 31.50123495608568 0.6375906839966774 1.276826292276382 258.2229045778513 7.835289843380451 70.34804884344339 7924.542311944067 872.8876211941242 5768.979364298284 1.463848195970058 2.98102281242609 1.504223048686981 671.8093789890409 6.805775806307793 0.1081697717308998 244.0511790812016 0.3273343741893768 163.9064823836088 2999.882707178593 1488.854050949216 190.3068901225924 4.210531823337078 24.1124047935009 1034.801981657743 4.066613525152206 0 18.44368574768305 0.3134929835796356 0 0 0.1252429485321045 0.2048435434699059 0.08849512785673141 0.587867483496666 0 558.8035092875361 0.1361909806728363 1844.893912427127 0 0 0.0955357700586319 0.1285759806632996 48.07188788801432 1.444452315568924 0 0 1.309629127383232 0.2320549190044403 1.544511809945107 321.4208409562707 409.1134108453989 544.6593583598733 0.2929238826036453 0.11477280408144 0.08856994658708572 380.4870166033506 0.1110651716589928 0 0.7035290971398354 0 4.071782596409321 1098.436631642282 13.87773476541042 2.32295823097229 0 0.1652986854314804 114.3216167092323 0.1137881278991699
6208.908326223493 0.08844553679227829 299.7238347232342 97.41026708483696 8.709718927741051 404.8532310351729 6219.950412452221 6093.074287287891 25.56411761790514 1755.297536209226 98.24285991489887 399.4145475029945 1.288572870194912 7199.450904853642 5.862392142415047 1.513545885682106 160.1941148713231 24.01191212981939 55.31561110168695 302.5168675631285 35.111881069839 0.2974777221679688 122.4797795414925 155.3638412207365 0.5017913803458214 89.20852780342102 150.9518099799752 427.9408085793257 6229.538429066539 4993.34673910588 0.7147375494241714 171.3089219853282 64.26023606956005 565.5122612863779 10.55410098284483 617.9947110936046 54.71845939010382 634.7628151848912 188.8381616026163 164.2773194536567 24.7543880045414 2.649548098444939 8.45463040471077 0.3004350364208221 0.3305254578590393 1.498021095991135 0.3583668768405914 0 0.7120944261550903 14.90995727479458 2.123642429709435 4.427709005773067 0 0 0.5944555699825287 0 2.215253092348576 0 2.313808597624302 0 0 0.08974744379520416 0 0.6964397504925728 0.3328388333320618 1.559543810784817 21.88090135157108 0 0.2339481264352798 8.363412536680698 44.07584708184004 1.716662436723709 11.31055667251348 0 0 0 0 0.1899851709604263 18.86321371793747 0.8469376266002655 4.758205525577068 0 8.849118404090405 0.7332572489976883 0 0
0.1218446642160416 17.71214327216148 0 22.00749427825212 1311.32004313916 1463.963592201471 13.26386217772961 505.7932079583406 942.5278464257717 21.6499520689249 0.8592263162136078 1024.969973221421 3.819798961281776 5.862392142415047 502.8427386432886 0.7479920089244843 0 0 0 93.13004723191261 0 145.4594865888357 0 657.8251430019736 17.83974452316761 2.427832923829556 10.31035127490759 98.29676353931427 1.984528414905071 0.8470932841300964 0.6591843962669373 121.8299017623067 0.3011332005262375 1.319350555539131 0 248.0508188828826 0.752080574631691 1.002463676035404 0.9582139030098915 1328.628267124295 49.65618097782135 0.7631463557481766 0 0 1.485459864139557 1.295699894428253 3.929889589548111 0 0.1201658472418785 1.258645422756672 0.42694391310215 1.723402179777622 0.5326499193906784 0 3.15981125831604 0 0 1.69486191123724 7.018617570400238 0 0 0.4712763428688049 1.935602679848671 1.889325007796288 11.95592349767685 4.1774827465415 16.31713976711035 0.1992470473051071 0 10.57555512338877 10.07233875244856 0 0.5428007245063782 0.4000949859619141 0 0 0.1300275921821594 0 47.86021906137466 0 0 0.211888462305069 32.00583280622959 0 0.1562739759683609 0
0.4760116636753082 159.6819145530462 19.13419335335493 0.3308210372924805 0.2865511626005173 0.4074336290359497 34.35407025367022 1.549313470721245 154.6825233027339 1.198959141969681 1.749336935579777 0.5667149573564529 8.184551291167736 1.513545885682106 0.7479920089244843 3308.460616916418 13.11856719106436 0.788749024271965 2.875128462910652 1.046785563230515 3881.496491789818 3044.258108586073 7761.679497890174 3724.42182598263 40.52141344547272 17.89938264340162 5415.201930619776 2795.082751147449 15.34359362721443 57.74984191358089 1.45217452943325 0.4318754971027374 10.56410349905491 42.94659764319658 14.71071155369282 2389.871130011976 656.8850629925728 254.6992701888084 468.9728491902351 26.75870971381664 2.623005025088787 17.27641164511442 18.44345443695784 1.784016072750092 11.69963483512402 34.51322323828936 0.224536120891571 0 0.3029632419347763 22.50809363275766 1.910984762012959 11.038948148489 0.7325314283370972 2.777616500854492 0.09945421665906906 7.271080143749714 2.599278956651688 0.1065681949257851 2156.252155214548 3.251266278326511 0 0.8007060065865517 0.1387562304735184 632.5578752756119 1058.303167536855 1478.09738124162 130.2581151649356 0.1298815160989761 6.336268737912178 1245.378806471825 247.1022222340107 14.39085905253887 92.90698079764843 0 0 4.116231493651867 2.927790999412537 1.535091876983643 227.902195699513 10.43992540240288 17.57050030678511 7.966629721224308 12.65625453740358 3.747662916779518 7.425213754177094 1.228756085038185
22.41830158233643 21.83190779387951 3337.951873026788 0.3296381756663322 1.292424768209457 1.414203569293022 268.8799182251096 138.2250478193164 0.4448372423648834 21.66870672255754 320.6411096602678 0.4048745781183243 3.440224327147007 160.1941148713231 0 13.11856719106436 3140.922279968858 349.2299677431583 3316.672901138663 1.213354997336864 432.9238019287586 16.15404631942511 7793.744815938175 25.3004112392664 4.785711854696274 4277.38546936214 4607.465641960502 40.08499335497618 73.56382586807013 1363.605738386512 1.624028034508228 11.78203354775906 6.670059181749821 1939.628178648651 4.014203295111656 541.6680650115013 511.7345896884799 2086.757654108107 270.8027641922235 12.04427301883698 0.9336493089795113 2.604182958602905 1.327110975980759 0.1201904267072678 26.01959593594074 20.02636791020632 0 0 0 0.6684847921133041 0 0.368882030248642 0 0.343085378408432 0 2.051446735858917 0.1065128222107887 0 1.576191656291485 2.551392421126366 0.5686713606119156 10.26708998531103 0 1.562678463757038 3.020041719079018 1.266923852264881 0.9860327541828156 7.669180385768414 153.8699739426374 284.6553242728114 0.4494674727320671 0.1227218061685562 0 1.474221304059029 0 0 0.3000030368566513 0.1455335766077042 1.475402176380157 81.07779272645712 2.092593014240265 0 0 0.1478943079710007 0.5733830034732819 0.1426574438810349
3.196000516414642 2.02029187977314 138.3337362930179 0.4704214632511139 1.793651044368744 1.218961238861084 24.50624591857195 20.07751204818487 1.177542485296726 5.59860372543335 3180.167458929121 0.5964863523840904 123.9994164407253 24.01191212981939 0 0.788749024271965 349.2299677431583 803.7374224886298 2279.481265455484 0.8433454558253288 12.83370824158192 2.555826105177402 240.5939682871103 2.209816694259644 36.4828097820282 3101.583881214261 856.2901201173663 3.265483438968658 13.59061019122601 66.76625492423773 73.1755290850997 4.591114237904549 1.002272069454193 999.0682041272521 2.730929642915726 546.4628902301192 730.2080217674375 1348.2349781394 321.6796826943755 7.231660380959511 2.288022473454475 5.317640289664268 1.836644664406776 0 0.7464199364185333 0.5548762679100037 0 0 0 0 0 0.13302181661129 0 4.071948528289795 0 25.57492879033089 0 0 0 0.6429602950811386 4.980786979198456 1.934771701693535 0 0 0.1398549377918243 0 0.393028736114502 9.820443943142891 71.41821705549955 93.86964163929224 0.2171432226896286 0 0 19.57460431009531 0 0 0 0.1144770830869675 1.465931326150894 6.854509547352791 0.5441562533378601 0.117631807923317 0 0 0.5680382549762726 0
8.064803205430508 15.27704334259033 538.8078212440014 0.1003230437636375 1.930550247430801 0.9209681004285812 71.18836834281683 47.67188164591789 0.3812640011310577 6.6689837500453 1312.977752715349 0.6316908374428749 31.50123495608568 55.31561110168695 0 2.875128462910652 3316.672901138663 2279.481265455484 2702.420109629631 0.6350160166621208 51.91783113032579 7.238439351320267 967.1064787730575 5.706318899989128 21.53753717988729 6612.681454770267 2688.065740250051 8.609317190945148 30.15846046060324 251.2318395227194 20.652318790555 5.632524684071541 3.785871922969818 1834.599037237465 4.014704965054989 653.476064376533 315.1971102505922 1928.252605848014 296.0266553759575 7.95225402712822 1.667385295033455 0.9275871366262436 2.603901520371437 0 14.22814533114433 6.851889982819557 0 0 0 0.1312965899705887 0 0.5282677412033081 0 2.173272974789143 0 10.91590343415737 0.1614656895399094 0 0.2265194952487946 1.271502904593945 4.398215055465698 7.851703010499477 0 0 1.431779347360134 0.5744844973087311 0.2877976447343826 12.06296702474356 236.3764376342297 309.0706270709634 0.2851301282644272 0 0.1069080010056496 9.582124769687653 0 0 0 0 1.383877590298653 41.57814534008503 1.312395967543125 0.6772780939936638 0 0 0.1885601729154587 0
5.128750905394554 0 1.339340917766094 3446.751590631902 7.733924098312855 905.6476387679577 95.62940635532141 343.548784814775 141.6337646394968 4645.321800015867 22.03013060241938 3489.019319564104 0.6375906839966774 302.5168675631285 93.13004723191261 1.046785563230515 1.213354997336864 0.8433454558253288 0.6350160166621208 413.1016722097993 0 1.03432260453701 0.3087309896945953 658.1625035330653 0.1123766154050827 1.804522514343262 2.510411933064461 2230.776218704879 197.7971060499549 6.207851447165012 0.3266137465834618 31.2821492254734 1.123809300363064 128.1623026356101 17.9089126214385 306.1151675879955 3.980086416006088 327.1563863754272 105.0216741934419 376.4918714612722 48.19685891270638 0.2803563177585602 9.036350563168526 0 0 0 11.02846209704876 0 0 16.85137007385492 4.470837086439133 13.65322181582451 4.333001710474491 0.2465520054101944 24.13801054656506 0.1770149171352386 3.834521070122719 1.752728343009949 0 0.349815309047699 0 0.1433902382850647 3.884777262806892 0.760336697101593 0.1091484203934669 0 56.29892804473639 0 0.2885509729385376 0 81.47145077586174 0.7862324118614197 7.336078830063343 0 0 0.1348482072353363 0.7466951012611389 0 55.85586170107126 0 2.835128262639046 0.1848650127649307 31.18704881519079 0.3607598543167114 0 0.2994598150253296
2.893124297261238 7.667747661471367 1172.412623047829 2.661224119365215 0.1043291613459587 2.110204704105854 938.7875392511487 47.03617935627699 57.18957678973675 24.03807259351015 26.58611982315779 0.4490026086568832 1.276826292276382 35.111881069839 0 3881.496491789818 432.9238019287586 12.83370824158192 51.91783113032579 0 12266.99728208035 155.2867756783962 12583.88053386658 991.9448033720255 1.479802593588829 91.11682019382715 360.9203313291073 9166.348234042525 70.35705176740885 6316.644388735294 0.1679731607437134 3.398764923214912 19.39056975394487 2971.325657270849 104.2895184010267 8886.658067323267 932.8520347625017 5530.812000833452 4280.661273300648 87.81455607712269 27.87014989554882 8.681890405714512 47.66843862086535 0.8275576382875443 0.09293287992477417 5.365770123898983 0 0 0.1979181915521622 4.800827726721764 0.2037671953439713 10.0865416303277 0.4723504930734634 0 0 4.956448420882225 2.943975798785686 0.1192131638526917 469.8248272612691 0.1179056763648987 0 0.107537180185318 0 391.6382253542542 195.5944214314222 201.7280133739114 92.46761491894722 0 1.599986843764782 48.21540452539921 200.0931333228946 14.65790389478207 80.51200789958239 0 0 5.379569068551064 4.000097841024399 6.686874717473984 106.5584131106734 5.388925835490227 12.46461027115583 10.89104021340609 15.41178932785988 6.977846667170525 5.512700848281384 1.01578077673912
0 2584.407861217856 21.21902473270893 0.493872344493866 3.064374431967735 0.8652519583702087 10.85307903587818 1.925452351570129 3564.427192464471 0.6286786198616028 53.41329401731491 50.65847860276699 258.2229045778513 0.2974777221679688 145.4594865888357 3044.258108586073 16.15404631942511 2.555826105177402 7.238439351320267 1.03432260453701 155.2867756783962 1522.646283179522 456.1284621283412 6292.336298294365 1481.845965765417 172.8583983331919 5529.443860076368 174.8774572238326 2.37777990847826 22.07833361625671 42.18526703119278 0 0.9649870544672012 14.73790761083364 0 36.22008473426104 74.51372444629669 50.38213257491589 10.22143726795912 143.5224013328552 1.065230011940002 88.14616983383894 0 0.6524513438344002 222.005853831768 49.74305614829063 0 0 0.3414023295044899 4.997503615915775 0.2309734299778938 15.86079619824886 0 2.912970334291458 6.770166203379631 10.33216762542725 0.7244707569479942 0 752.2829946577549 2.386490575969219 0.2312429919838905 0.6562915444374084 0 108.7812955155969 272.0843893885612 410.7249606475234 23.07328729331493 100.33283624053 25.66707830876112 1199.636911220849 36.06563695520163 3.04533576965332 17.97535856813192 1.271338760852814 0 0.5803058594465256 0.6085845753550529 0 28.3890295997262 22.18141728639603 6.584507539868355 2.305482871830463 5.149543903768063 0.6498462706804276 1.56162516772747 0
6.717947326600552 8.54119211435318 15124.05034656078 1.695507690310478 1.512034706771374 3.432443104684353 1451.010563187301 116.467355646193 31.06768298894167 52.09803307056427 154.994645357132 0 7.835289843380451 122.4797795414925 0 7761.679497890174 7793.744815938175 240.5939682871103 967.1064787730575 0.3087309896945953 12583.88053386658 456.1284621283412 20024.54605227709 1099.875945471227 3.408603817224503 3080.503921717405 10357.40920157731 4953.944236181676 37.8859521895647 3676.02671521157 0.9513187929987907 6.572877436876297 5.028171844780445 2809.613573953509 111.7447910830379 13308.70523042977 6051.353218071163 7808.937923945487 7064.517463058233 342.9846066758037 39.83601952344179 29.71813200414181 65.09690415859222 0.451923780143261 7.894507229328156 166.6428897231817 0 0 0.1019041687250137 27.36800166964531 2.662293337285519 3.549960672855377 0.5075079351663589 2.12971218675375 0 16.41913943737745 1.466540656983852 0 1261.971145376563 5.074632190167904 0 1.124091848731041 0 237.826142385602 468.5632844567299 1074.897151373327 35.26285766810179 0.493393637239933 14.07427963614464 1997.029309920967 77.39318391680717 5.412965811789036 29.02475227415562 0.1280617415904999 0 1.312164820730686 2.928392648696899 14.37845712155104 177.5216768756509 24.66709285974503 21.02406331896782 24.76053890585899 5.972022734582424 12.5580120831728 5.607662245631218 5.456399500370026
30.7109722495079 439.4426833838224 160.8265537694097 2042.425399899483 23.77519339323044 48.42638879269361 1373.888199985027 129.5058574452996 10261.44212645292 1132.760445021093 26.14167582243681 1099.56496912241 70.34804884344339 155.3638412207365 657.8251430019736 3724.42182598263 25.3004112392664 2.209816694259644 5.706318899989128 658.1625035330653 991.9448033720255 6292.336298294365 1099.875945471227 14132.28463190794 294.006698705256 78.94229744374752 2542.23348698765 8493.610041230917 370.5540119037032 758.6691946685314 9.672622531652451 14.07111298292875 71.83102010190487 176.9066833257675 41.78546202927828 2287.197367787361 107.5968293249607 630.5595562681556 391.8581877425313 775.5435886308551 86.71905861794949 26.70774978399277 16.64316400140524 19.29445120692253 34.52925568819046 33.06746707111597 246.6299987956882 1.101280719041824 20.60562081634998 493.5031190887094 85.34943979978561 512.0136087760329 107.0828276351094 5.998202636837959 133.5551194772124 6.015814125537872 65.04835965484381 38.5334090217948 596.5538581758738 3.698231026530266 0.174638494849205 1.264996610581875 91.5686187967658 506.6010475978255 591.1651975512505 204.3478194624186 1958.859352342784 4.280816815793514 11.50465455651283 300.1113625094295 2097.94644767046 120.710939951241 391.5489806458354 0.3767163306474686 2.00965192168951 11.07287953048944 22.18525457382202 2.661956280469894 868.134040415287 9.933335617184639 79.9193788766861 13.03293080627918 529.7717027813196 12.56965561956167 0.192119762301445 2.484496966004372
0 1996.531884074211 2.763684339821339 0 0.9895993545651436 0.1791305392980576 1.610936425626278 0 344.8165719881654 0.338615395128727 1346.739716820419 4.524929076433182 7924.542311944067 0.5017913803458214 17.83974452316761 40.52141344547272 4.785711854696274 36.4828097820282 21.53753717988729 0.1123766154050827 1.479802593588829 1481.845965765417 3.408603817224503 294.006698705256 1097.467832960188 1434.988568648696 6080.559294953942 5.382748618721962 0.4876730963587761 2.59241446852684 633.9378480017185 1.060450188815594 0 77.55681578814983 0.177561953663826 46.95170912146568 743.2468120753765 393.2269349843264 57.65568640828133 12.2023518383503 2.513510644435883 788.3823845237494 9.549702882766724 0 38.6570248156786 1.244561605155468 0 0 0 0 0 0.52738256752491 0 114.7397392019629 0.4092383533716202 748.5857207551599 0 0 1.14151418954134 0.6232506632804871 10.11019362509251 3.248523615300655 0 0.08543026447296143 4.812608659267426 0.1148932129144669 0.685843214392662 297.9998145252466 360.7372260838747 886.9969660490751 0.3440860211849213 0 0.2285812199115753 121.2344174087048 0.1793013513088226 0 0 0.3863125443458557 10.15585094690323 311.0601727291942 24.06029912829399 3.499357223510742 0 0 68.28573252260685 0
11.32415723055601 502.7709471955895 9582.433779247105 0.8614711314439774 3.260127581655979 3.477586351335049 214.4645293876529 89.07684502005577 51.67480254173279 19.95210029184818 3014.242936484516 3.365709505975246 872.8876211941242 89.20852780342102 2.427832923829556 17.89938264340162 4277.38546936214 3101.583881214261 6612.681454770267 1.804522514343262 91.11682019382715 172.8583983331919 3080.503921717405 78.94229744374752 1434.988568648696 31250.48848792166 17241.93711514026 51.42176204919815 40.89226401597261 214.1187018454075 898.4591882675886 19.76284749805927 5.245146229863167 1777.605290465057 19.54690405726433 3257.509929582477 4212.102243170142 4269.209026411176 1012.953546270728 46.57170216739178 6.464158996939659 74.89883950352669 11.19122844934464 0.09333568811416626 342.2516822367907 92.37985395640135 0 0 0 0.9743528068065643 0 2.462155111134052 0.138284295797348 175.7757187634706 0 836.0085488334298 0.2198625057935715 0 2.582124352455139 42.58624551445246 116.096408881247 150.9739477038383 0 1.060077175498009 17.35567030310631 7.260221906006336 6.151577934622765 470.2277501523495 3303.927028290927 5573.940210238099 3.341288074851036 0.09821242839097977 1.236602671444416 454.5481043457985 0 0 4.461956165730953 1.425608813762665 22.16529642790556 663.4496464282274 26.40439986437559 5.279138535261154 0.09532897919416428 1.118848130106926 14.83953234553337 0.6754890084266663
25.20863203704357 8461.213755972683 10953.08909359574 2.190497569739819 4.423832841217518 3.106922969222069 349.0830644965172 137.0266391932964 215.0389637425542 27.38921440392733 1469.451772376895 5.316445507109165 5768.979364298284 150.9518099799752 10.31035127490759 5415.201930619776 4607.465641960502 856.2901201173663 2688.065740250051 2.510411933064461 360.9203313291073 5529.443860076368 10357.40920157731 2542.23348698765 6080.559294953942 17241.93711514026 47016.89902623743 1404.452646411955 80.84603475034237 358.2798087596893 1404.818573199213 27.74343935400248 12.20320737361908 3306.279822044075 82.77258432656527 8493.089104227722 3251.221327595413 9378.528873495758 3065.42852461338 346.668083190918 24.93467839062214 49.48880602419376 38.23237233608961 0.7627339884638786 2229.030893750489 1868.642315424979 0 0 0.2113312780857086 33.9718479514122 5.058533243834972 9.223220080137253 0.9406326487660408 141.6131129860878 0.3009411692619324 640.4357174038887 5.211080782115459 0.3000225275754929 446.0568138360977 111.8500881195068 100.8521346002817 182.9035723209381 0 23.39200713485479 1116.916567780077 762.6104396879673 77.14705996215343 985.9236783385277 4676.22809869796 21288.00214930624 58.157809227705 2.95358119904995 13.39071720838547 404.035861723125 0.09036210924386978 0.1307210922241211 20.3119068145752 14.61166942119598 126.9050117060542 1380.255726143718 122.4646813869476 55.17765090614557 3.161638118326664 8.242145746946335 35.90403090417385 2.808455295860767
85.35716670006514 19.5611060783267 519.1256354227662 4560.268038488925 10.28371102362871 325.7797782719135 19418.38239634782 392.081830561161 1462.920240208507 8163.429077170789 27.28453954309225 1107.133611857891 1.463848195970058 427.9408085793257 98.29676353931427 2795.082751147449 40.08499335497618 3.265483438968658 8.609317190945148 2230.776218704879 9166.348234042525 174.8774572238326 4953.944236181676 8493.610041230917 5.382748618721962 51.42176204919815 1404.452646411955 20537.13085319847 882.2123046368361 5894.873153813183 0.3931784555315971 21.15026534348726 139.9450349882245 539.8953336924314 94.91923756897449 4138.075057864189 185.4004528149962 1288.756670072675 885.367710582912 228.8912650048733 70.09076257050037 7.453230403363705 35.42371018975973 22.68328142166138 4.803297430276871 20.36809735000134 74.43399792909622 0.4694920033216476 10.9675921574235 353.8165750056505 51.06102774292231 227.7587033882737 35.67672979086637 2.308522552251816 39.36406081914902 3.386304870247841 44.38842335343361 9.802729241549969 357.2451826259494 3.341184124350548 0 1.759821854531765 28.63274075090885 438.2867586910725 208.9694584086537 99.92390944063663 1108.093859143555 0.4153677150607109 5.620769694447517 89.93548387289047 1494.395483933389 107.5323862507939 380.8310559019446 0 2.719985596835613 11.29626581817865 20.30242022126913 2.704009175300598 498.2423620149493 5.301504231989384 58.25759433954954 17.34878948330879 214.6926777511835 9.984052784740925 3.632587194442749 1.689482867717743
2942.950547710061 0.6362981349229813 61.23561745136976 131.2517458274961 122.1122271791101 514.9888656586409 1600.532816901803 2545.347988627851 37.77955333888531 946.4395190179348 221.2478904575109 174.5605417639017 2.98102281242609 6229.538429066539 1.984528414905071 15.34359362721443 73.56382586807013 13.59061019122601 30.15846046060324 197.7971060499549 70.35705176740885 2.37777990847826 37.8859521895647 370.5540119037032 0.4876730963587761 40.89226401597261 80.84603475034237 882.2123046368361 20974.24151127785 7673.893685214221 1.210814937949181 2494.698734201491 2806.600680910051 2921.228032052517 17.96450443565845 630.6375729814172 86.98237279057503 1758.190017081797 357.7260177582502 102.2146646976471 43.33599170297384 4.407764419913292 10.37711406499147 0.3256143033504486 0 0.2977242469787598 0.3089312016963959 0 0.09478089958429337 17.59912294149399 1.987779155373573 6.991046883165836 0.6989088803529739 0.4783374667167664 0.9829431846737862 0.255943089723587 1.596105791628361 0 6.331763789057732 0 0 0 0.1109045818448067 5.185403347015381 3.046542085707188 1.707420937716961 30.8378691598773 0.2621164619922638 0.6242143288254738 3.219334825873375 48.42028436809778 3.575262032449245 13.81619208306074 0 0 0.09003737568855286 0.102504700422287 3.075111605226994 10.54361665248871 0.3687713742256165 2.599038422107697 0.3457540795207024 4.583757504820824 0.1280635446310043 0 0
