1588.904330313206 0.4323715716600418 157.7830174937844 21.88923237472773 1.050726264715195 27.61166936159134 2623.242942661047 832.2154270857573 2.516510665416718 86.6518265530467 3.524304665625095 5.428920842707157 2.33012268692255 3067.828730918467 0.1114040091633797 2.153870612382889 245.2683469131589 0.7877521142363548 2.975058652460575 9.606972977519035 37.514185808599 0.7672756314277649 215.1042146012187 55.57789676636457 0.2221309244632721 24.5115570127964 38.6546448841691 377.6980395689607 3521.849666565657 1629.144972994924 0.174037754535675 1.849067181348801 101.728447496891 315.1394096836448 1.648788496851921 137.1525021418929 28.31465769559145 170.8339240327477 86.60330064594746 7.729976378381252 12.68014724552631 0.142431229352951 1.360262960195541 0 0 0.8002922981977463 0.6928520277142525 0 0 2.580675408244133 0 2.085527271032333 0 0 0 0 0.3146882057189941 0 3.639467015862465 0 0 0 0 0.6021618694067001 2.181314170360565 6.678095556795597 23.68825249373913 0 0.7812233343720436 9.476698264479637 23.42506138980389 0.4128150194883347 3.101304300129414 0 0 0.5133776515722275 1.618582367897034 2.017527341842651 9.618131808936596 0.1966071873903275 1.184590324759483 0.9817309230566025 0.7021378874778748 0.5090829730033875 0 0
0.4323715716600418 458.1016146168113 170.0135282576084 5.922905661165714 0.6427430659532547 1.022988364100456 2.306619733572006 1.514179639518261 630.2194899842143 0.4106999561190605 340.0829693228006 6.023062191903591 1033.755620099604 1.922946646809578 14.78398779034615 75.25017157196999 213.7939627021551 13.20785082131624 188.8757007271051 1.289163239300251 13.79533004015684 2676.75556807965 18.12257530540228 985.9179548919201 2021.178713582456 1280.738605998456 7873.614960238338 36.85799027979374 3.500936180353165 1.261155776679516 108.2726893275976 0.6092007011175156 0 287.7684817165136 3.543624103069305 347.3100600242615 229.2146607339382 462.0583164095879 85.05894578248262 51.52629528194666 1.734086275100708 18.46332095563412 1.172122716903687 0 32.37343732267618 17.31867369264364 0.1094657182693481 0 0 0.3017336428165436 0 5.230299770832062 0 3.398430190980434 0 10.22252975404263 0.1626677960157394 0 6.095951534807682 31.56294644623995 1.122066162526608 47.71390719711781 0 0.1147185042500496 36.0744745656848 2.304181538522243 5.863587968051434 6.771241568028927 200.202274248004 609.0350793898106 0.9040376543998718 0 0.6954122483730316 5.425242140889168 0 0 2.494026362895966 0 15.01691773533821 16.20043636113405 7.456455118954182 0.6530470848083496 0 0 0.5117061734199524 0
157.7830174937844 170.0135282576084 7521.45960739255 2.496660515666008 0.1449017077684402 6.515400409698486 523.3899849355221 179.4348442927003 9.915634036064148 3.387829072773457 32.76205835491419 1.516460113227367 7.71195875108242 292.3897864371538 0 27.48585807532072 7466.655863910913 26.57004448771477 416.6988226100802 1.000098176300526 887.1781263127923 89.27788236737251 9060.756155446172 28.25052867084742 6.089496776461601 4220.037297554314 6837.902317978442 421.6199295669794 127.4211744293571 685.7346920147538 2.941495262086391 0.2856017500162125 3.09819695353508 727.4186247959733 23.94250103831291 1627.014532253146 1079.964246951044 1288.803331978619 680.4898510724306 65.95390689373016 3.343154266476631 6.139949046075344 9.668421752750874 0 173.5027942284942 363.3469128832221 0 0 0 8.170218728482723 0.243629515171051 47.74009989947081 0 1.264642916619778 0.3614757657051086 2.233852498233318 0.250379391014576 0 105.9120150953531 160.3701112046838 1.661262400448322 49.49764603376389 0 3.595086209475994 165.2625995948911 286.9494314864278 87.51209599524736 3.438127808272839 122.839243248105 1726.242955900729 13.12990981340408 1.103596061468124 1.279986508190632 0.9165477603673935 0.157360628247261 0 24.64255605638027 4.364980943500996 97.36661712825298 50.89588396251202 57.5142884850502 17.13371649384499 3.69137941300869 0 0 0.9403930455446243
21.88923237472773 5.922905661165714 2.496660515666008 2258.664683014154 2.395411290228367 137.3829683214426 60.92271789163351 46.75903046131134 1799.193613760173 2779.414075538516 0.646053671836853 837.8366616740823 1.639740452170372 24.05470503121614 68.88362205028534 1.199492901563644 2.610313802957535 0.2072822824120522 0.364333838224411 4307.001848965883 0.9203642606735229 8.575076542794704 4.027523346245289 4004.853571914136 0.1790002286434174 1.956690691411495 6.238549090921879 1829.840986534953 254.4393666982651 8.565293349325657 0.3174790516495705 1.608728289604187 75.35520903021097 79.17908798158169 6.922975063323975 475.1509188041091 8.457340449094772 100.0365641117096 69.21349998563528 335.58680100739 20.28712689131498 0 3.358237035572529 0.7679492235183716 0 1.739581435918808 234.1428961381316 0 20.60819459706545 94.11333508789539 4.855582445859909 316.8519849330187 179.0302184522152 0.8828622102737427 98.24458383023739 0 4.89896035939455 15.73594024777412 1.474102437496185 0.6709750443696976 0.4962966740131378 0.1710502207279205 137.980569422245 0 0.1857525706291199 0.9320953339338303 694.9249209389091 0 0.1612966954708099 1.112511411309242 517.4133419468999 8.183240659534931 34.44115199148655 0 0.2660318315029144 0.4223282933235168 7.128377795219421 2.990605622529984 74.9510363265872 0.2360237240791321 11.11356896162033 3.43677943199873 101.8733053356409 1.095190405845642 1.314422726631165 0.7692389935255051
1.050726264715195 0.6427430659532547 0.1449017077684402 2.395411290228367 0.1474394500255585 533.5003380104899 3.891629107296467 48.33597683906555 69.99629880487919 12.11180022358894 43.34539844840765 125.6700154691935 26.96222328394651 107.6788364425302 1605.351349174976 0 0.5970032513141632 1.330065041780472 3.015534676611423 8.564587257802486 0.574943408370018 0.6844791918992996 0.8499338179826736 14.96329769492149 2.196971505880356 5.642799109220505 1.329784698784351 5.471864193677902 30.6633191332221 1.879700869321823 1.230131864547729 0 0.9149932265281677 253.0782364234328 0.9201158881187439 59.18518358469009 13.69989886879921 554.6592087820172 102.0181303545833 1949.641568183899 131.0892832130194 13.24187533557415 4.118745252490044 0 0 0 0 0 0 0 0 0.3999726474285126 1.433249726891518 0 0.1468416452407837 0.164500817656517 0 0 0 0 0 0.314681850373745 0 0 0.08322330564260483 0 1.269080936908722 0 0.450004868209362 0.1145239323377609 3.299361363053322 0 0 0 0 0 0 0 2.19494017213583 0.3478765934705734 0.6139361560344696 0.1411279290914536 0 0 0 0
27.61166936159134 1.022988364100456 6.515400409698486 137.3829683214426 533.5003380104899 11367.4359523803 1158.456321880221 3121.785467781126 46.48325522243977 10060.47393970191 52.76060308516026 1519.363829493523 20.52131672948599 313.0602167323232 871.8422977030277 2.859992936253548 11.96257111430168 3.585638485848904 6.077333487570286 222.4673549830914 4.411371327936649 1.859130918979645 13.57467242330313 250.8913579210639 1.251748591661453 13.72320636361837 7.756589122116566 1910.956818319857 600.305674187839 16.71531934291124 1.585803687572479 744.550450541079 22.21669138222933 406.1705973818898 2.830260679125786 370.697539627552 20.2946125343442 561.1522444710135 160.240933008492 1466.540374159813 211.9327508583665 16.35098960995674 4.812586419284344 0 0.1123675927519798 0 13.74736624956131 0.1612669676542282 2.77043467015028 3.13810059428215 0.6124317422509193 18.09873275458813 6.538755685091019 0 16.47161047905684 0.09372891485691071 0.1140685081481934 8.629864111542702 1.007779002189636 0.3207152858376503 0 0 16.04818131029606 0.4687453359365463 0.3244237899780273 2.188616693019867 31.13756716996431 0.1115784421563148 0.9455877617001534 1.7796960324049 28.54646088927984 0.1916259527206421 2.933730848133564 0 0.6078988611698151 0 1.140256471931934 2.481326252222061 24.08219339698553 1.336243152618408 0.5528691112995148 0.3456322252750397 31.59620700031519 0 3.945088878273964 0.9982036352157593
2623.242942661047 2.306619733572006 523.3899849355221 60.92271789163351 3.891629107296467 1158.456321880221 8363.330568134785 3624.35299872607 140.5280923321843 1499.746276170015 12.65535272657871 19.36739457398653 3.282753836363554 4156.899657137692 8.607602670788765 88.31852343678474 339.9797209352255 3.184476442635059 10.76956883817911 8.222160950303078 693.1145462617278 26.46156696975231 1031.548054479063 957.1647012680769 0.6576320007443428 77.52632571011782 246.5145994573832 12753.10818844289 2756.513860739768 5234.514766737819 1.303968518972397 12.65156874805689 533.9801735430956 740.620306789875 40.25688740611076 1715.252666674554 184.0110232457519 998.7293747141957 657.54789172858 72.54196529835463 70.390340924263 5.015804447233677 19.36254300922155 2.637659147381783 2.068330720067024 7.882619254291058 32.3709631934762 0 4.056151516735554 116.2739755213261 0.5584137961268425 53.86641620099545 19.60574235022068 0.4215707778930664 2.816098608076572 0 5.831901036202908 2.639558792114258 62.12162361294031 1.751911476254463 0 0.902003176510334 14.08844692260027 8.425781518220901 14.11435766518116 108.7532197758555 492.3456704393029 0 0.8426284268498421 83.39526718854904 384.9447281509638 16.70556702464819 90.43032221496105 0 1.951433449983597 1.234410375356674 14.07240354269743 18.59695021808147 149.2900267913938 2.702813476324081 20.43609832972288 9.382153913378716 49.00756411999464 3.108475029468536 0.3486186414957047 1.754501551389694
832.2154270857573 1.514179639518261 179.4348442927003 46.75903046131134 48.33597683906555 3121.785467781126 3624.35299872607 6170.938465587795 12.963891685009 2156.767145439982 103.9257974103093 281.7063149884343 31.24111095070839 7230.24680223316 65.14411196112633 8.394557058811188 423.8055409416556 11.05119282752275 25.93952258676291 77.424280770123 54.09456621855497 2.69423671066761 301.9265794977546 188.5655956864357 2.996481545269489 51.6915694475174 64.68901260197163 794.6625638902187 2063.289797276258 574.4647479131818 4.193996116518974 354.4016607925296 44.0204946026206 819.2014602646232 2.757953144609928 479.6316690519452 79.88032402098179 811.0990047901869 229.0688974261284 364.7061024680734 92.30585952103138 16.28475295007229 11.68324419856071 0.1657215356826782 0.4395871460437775 0.7933981418609619 4.201369382441044 0 0.133172407746315 6.273758225142956 0.182307057082653 5.175385780632496 1.625358007848263 0.3560380041599274 0.1188888624310493 0.3286666199564934 0.3166189640760422 0 7.912179984152317 0.4271306395530701 0 0.569455973803997 1.861129626631737 0.783514030277729 1.150766603648663 12.69574668258429 40.18739871680737 0 1.420657224953175 15.13470258563757 43.31323349475861 2.784822180867195 9.28784117847681 0.2117419987916946 0 0 1.165634304285049 5.082794159650803 19.14585087448359 0.8344890475273132 1.653861500322819 0.7820352613925934 4.114463046193123 0 0.893669068813324 0
2.516510665416718 630.2194899842143 9.915634036064148 1799.193613760173 69.99629880487919 46.48325522243977 140.5280923321843 12.963891685009 671.0326278731227 173.1369540020823 8.22680789232254 631.756270185113 28.60220058262348 9.138690508902073 827.9612202644348 22.7581070587039 12.48819113522768 1.206230878829956 4.38971634209156 587.2541689053178 62.60176689177752 1853.320340722799 12.46732239425182 9877.622083552182 101.7374241948128 85.26062894612551 490.5303603410721 1161.499255187809 21.46063205599785 56.42790322750807 3.934757150709629 0.8367927148938179 9.098951958119869 11.18426843732595 0.7428081035614014 97.73894425481558 11.0819783732295 25.91136100888252 8.750787436962128 499.6889384165406 6.318795338273048 0.2969144880771637 0.6238079071044922 6.595242843031883 0.9604131728410721 1.247290939092636 153.6281744614244 0 11.86615017801523 78.90517351031303 1.610843002796173 48.86185001581907 79.24095770716667 0.2715200334787369 44.84699945151806 0.2168076783418655 5.286874324083328 4.839156478643417 201.2301150038838 1.494016520678997 0 0.832741990685463 84.8520185649395 92.75247210264206 114.4815353378654 12.88560701161623 1076.252383001149 0.7682211324572563 1.782437153160572 10.46831449121237 546.2173419222236 39.55092750489712 105.8147515133023 0.2019892483949661 0.8503867462277412 9.375968188047409 14.25272630900145 2.34307299554348 96.93485563248396 2.550586275756359 6.253470495343208 5.902474664151669 29.19045685231686 1.257998943328857 0 1.05016040802002
86.6518265530467 0.4106999561190605 3.387829072773457 2779.414075538516 12.11180022358894 10060.47393970191 1499.746276170015 2156.767145439982 173.1369540020823 22224.77432679385 34.62526259571314 6115.006073731929 8.49987581372261 850.1062282249331 62.75077522546053 3.382843263447285 4.328924752771854 3.37453968077898 5.884967587888241 6165.473233647645 1.162560872733593 1.824776716530323 11.66654825210571 492.8401990607381 2.360831648111343 9.03402440994978 8.215998068451881 8516.35603954643 1500.966485001147 11.97220209985971 2.320123098790646 42.09929800778627 108.6768984124064 566.2486612573266 18.26668278872967 1212.824540443718 22.32479405403137 729.1082443371415 298.8199382051826 289.7561588212848 108.2653388679028 5.447379574179649 16.71372678875923 0.4068557769060135 0.104290708899498 1.376204341650009 127.0893100500107 0.1116583719849586 12.57987312227488 65.32176484167576 5.148180469870567 92.30009916424751 115.5497502088547 0.4418802335858345 42.31198316812515 0.07742881774902344 1.071834400296211 10.17886969447136 0.8583029434084892 0.09665878862142563 0 0.3956738337874413 67.10283070802689 0.4501296877861023 0 0.7674896940588951 369.2813793346286 0.1474248468875885 0.2676605060696602 1.793144695460796 274.1901313811541 3.828473135828972 23.07723122090101 0 0 0.5225785151124001 2.371045365929604 6.321641579270363 62.11237674951553 0.7081456109881401 2.986951023340225 1.293043419718742 69.45276176184416 0 0.5084595084190369 0.348151296377182
3.524304665625095 340.0829693228006 32.76205835491419 0.646053671836853 43.34539844840765 52.76060308516026 12.65535272657871 103.9257974103093 8.22680789232254 34.62526259571314 9640.921858176589 52.85258599370718 4803.612475670874 118.4732420966029 0.9917706102132797 2.405011877417564 390.5296970903873 3048.132333822548 2269.536670550704 9.490963526070118 15.22043998539448 40.87601510435343 33.124357894063 13.21039137989283 1728.866069339216 3816.08446021378 542.2227599024773 9.847009338438511 423.3078333213925 8.076653800904751 1145.944068737328 145.9646625965834 0.1923137158155441 6317.345214992762 8.938414804637432 759.1047369539738 4151.531582847238 4126.019304968417 938.1974150165915 39.25518957525492 9.342171989381313 684.6567980498075 1.828171819448471 0 33.86062813550234 3.982957921922207 0 0 0.1953568533062935 0.5630675926804543 0.2761229425668716 1.157909989356995 0.07922756671905518 271.8871391788125 0 620.4019788727164 0.618856705725193 0 0.3108064234256744 9.14069077372551 6.839277356863022 17.53018165379763 0 0 1.30848789960146 0.2780886590480804 1.931588590145111 218.0152441188693 107.3215149566531 189.386194743216 0.3332154154777527 0 0.225912868976593 33.6942505389452 0.348640039563179 0 11.96209394931793 0.455344557762146 22.41290708631277 208.9072163254023 56.19360191375017 6.278122320771217 0 0 47.18671684712172 0
5.428920842707157 6.023062191903591 1.516460113227367 837.8366616740823 125.6700154691935 1519.363829493523 19.36739457398653 281.7063149884343 631.756270185113 6115.006073731929 52.85258599370718 12243.74554225802 31.52453380078077 214.250249452889 2290.449012689292 0.5946637466549873 2.865469068288803 4.43179639428854 9.5724773183465 4589.586634293199 1.40208538621664 10.70880873501301 4.042951330542564 344.6442468389869 6.864648453891277 10.89355062693357 9.677678026258945 565.5862023681402 838.8417638987303 4.645845547318459 2.707913026213646 129.6057456284761 3.812299221754074 407.1381714195013 9.441814810037613 973.6762767508626 33.58780711889267 713.3064929321408 189.5648906826973 2513.188739001751 95.14712116122246 33.57553311437368 6.795530058443546 0 0.2131181657314301 0 118.5216440334916 1.118186041712761 28.78541489690542 13.23755402863026 3.766643971204758 195.5035602152348 91.20829372107983 0.9447346106171608 336.905057951808 0.2192523404955864 2.009470641613007 50.38189981877804 0.8092660307884216 0.6332676187157631 0.2939627766609192 0.3612449541687965 155.004542991519 0 0 0 118.423496440053 0 1.52874705940485 0.7697635740041733 153.4467336535454 0.3833062350749969 3.092817917466164 0 0.1783567070960999 0 3.636181332170963 2.161724552512169 65.15185233205557 8.378715343773365 7.14862197637558 3.632455721497536 191.1241398900747 0 5.242752410471439 0
2.33012268692255 1033.755620099604 7.71195875108242 1.639740452170372 26.96222328394651 20.52131672948599 3.282753836363554 31.24111095070839 28.60220058262348 8.49987581372261 4803.612475670874 31.52453380078077 1816.160846583545 23.97359730303288 2.893831036984921 4.108756966888905 9.633378461003304 225.0704647302628 55.36758313328028 3.355468153953552 5.898360088467598 146.2620257288218 11.80563064664602 48.01480446010828 5153.561001755297 830.344319537282 1619.271980442107 19.52691665291786 94.40889237821102 16.45645318180323 1114.680239379406 35.05207684636116 0 1444.32475450635 50.50701187551022 1316.988287702203 5005.490954235196 2200.664468899369 638.9660671725869 122.6886646002531 54.9392933472991 1147.397437907755 6.602641195058823 0.0873338058590889 81.71218697726727 9.379602707922459 0 0 0.1080704182386398 1.299783870577812 0.2912006080150604 0.3334525525569916 0.3056322932243347 1080.563151806593 0.2344523966312408 2644.728790305555 1.033063188195229 4.463964462280273 5.619721680879593 23.87145187705755 29.74106785655022 41.92595229297876 0.1151732802391052 1.240756914019585 10.4207976013422 2.06239977478981 3.582665801048279 1234.38058899343 357.4966129511595 619.6580819934607 2.346226409077644 0.4401499480009079 0.2484463155269623 156.2141041383147 0.3631156533956528 0 57.07235397398472 13.60125766694546 574.76638520509 741.5673193335533 262.8810183927417 46.02997606992722 15.0383648276329 0.8514106273651123 192.1449754163623 0
3067.828730918467 1.922946646809578 292.3897864371538 24.05470503121614 107.6788364425302 313.0602167323232 4156.899657137692 7230.24680223316 9.138690508902073 850.1062282249331 118.4732420966029 214.250249452889 23.97359730303288 6130.500359326601 3.310430400073528 7.194220304489136 610.0831946730614 10.19645813852549 28.52310808748007 76.08346440643072 63.7147469073534 0.8650883063673973 483.3671655282378 120.6814945489168 2.26107919216156 67.00801310688257 86.54806174337864 528.9193244501948 5880.979215562344 1355.931962132454 4.031392358243465 509.5613587424159 64.44900581240654 1096.563922785223 9.512275263667107 395.3913686722517 89.6761489585042 849.3112014085054 220.0050584822893 80.74662516266108 89.11222665011883 10.49298045784235 7.001723974943161 0 0.5099763572216034 1.305923394858837 1.95903729647398 0 0.1303588598966599 4.051007278263569 0 4.19571852684021 1.700011640787125 0.4430307000875473 0 0.335248626768589 0 0 9.086138539016247 0.6448602750897408 0 0.6862538382411003 0.3247091025114059 1.735754430294037 2.509276561439037 13.16526613384485 38.28084511309862 0 1.39017690718174 20.7047260850668 43.09950767457485 0.9785558059811592 8.544773243367672 0 0.1164843216538429 0.2793989777565002 2.433422110974789 3.799466699361801 18.38528821617365 2.422754287719727 1.630288071930408 1.070216909050941 3.87614394724369 0 0.814194843173027 0
0.1114040091633797 14.78398779034615 0 68.88362205028534 1605.351349174976 871.8422977030277 8.607602670788765 65.14411196112633 827.9612202644348 62.75077522546053 0.9917706102132797 2290.449012689292 2.893831036984921 3.310430400073528 197.6124131828547 0 0.4709150195121765 0 0 156.3430022746325 0 32.54834871739149 0.4054189473390579 568.0348716974258 1.244359783828259 2.050796262919903 11.16934722661972 31.46578117460012 16.65484702587128 0.135733425617218 0.1125717088580132 468.5460069552064 0.2742027267813683 11.04470600932837 0 96.28179533779621 1.159516602754593 4.329523809254169 2.837470501661301 863.9902613684535 78.93448048084974 0.1844404637813568 0 0 0.3985614478588104 0 5.666934937238693 0 1.615052819252014 2.281432777643204 0 11.34244751930237 6.834792271256447 0 9.46027909964323 0 0 5.815961286425591 0 0 0 0.2424706295132637 5.87384869158268 0 0 0 6.92893535643816 0 0 0.1409813314676285 8.970428235828876 0 0.1228796392679214 0 0 0 0.1262212246656418 0 7.021829128265381 0 0 0.1265784054994583 24.87653888761997 0 0 0
2.153870612382889 75.25017157196999 27.48585807532072 1.199492901563644 0 2.859992936253548 88.31852343678474 8.394557058811188 22.7581070587039 3.382843263447285 2.405011877417564 0.5946637466549873 4.108756966888905 7.194220304489136 0 3086.348261684179 92.17270955443382 0.4460534825921059 4.665805511176586 0 2452.768431924284 2936.142067402601 2503.805341690779 1578.911553986371 4.517885096371174 31.61510968208313 4278.825838379562 3074.832456678152 17.07145258039236 40.85844730585814 1.231521539390087 0.3627854734659195 6.41365147382021 156.647935308516 14.92516134679317 1783.988206341863 1179.383112937212 713.8533629179001 705.5178833082318 21.44420376420021 2.465992793440819 4.525155574083328 13.58182951807976 0.7453568875789642 4.406746745109558 26.0468435883522 0.5581328719854355 0 0 2.633477255702019 0 23.08958624303341 0.2815497815608978 0 0 0.140488788485527 0.4196775853633881 0.2659393548965454 2288.600979484618 3.675789132714272 0.09908493608236313 1.76911012083292 0.4450413286685944 354.7851507738233 1009.141023278236 2339.297083996236 207.6694147512317 0 4.757207810878754 556.8120862320065 332.6380160748959 5.474730171263218 46.86565290391445 0.1316504776477814 0 3.132160484790802 8.997523672878742 3.205119982361794 63.50916384160519 17.99519006162882 8.605921164155006 12.1632110401988 4.529964163899422 2.047450125217438 22.76498134434223 1.835201859474182
245.2683469131589 213.7939627021551 7466.655863910913 2.610313802957535 0.5970032513141632 11.96257111430168 339.9797209352255 423.8055409416556 12.48819113522768 4.328924752771854 390.5296970903873 2.865469068288803 9.633378461003304 610.0831946730614 0.4709150195121765 92.17270955443382 1260.666342869401 423.4889276027679 6445.282457731664 1.099256582558155 710.1995811164379 70.23275025188923 4340.555229671299 37.98442471772432 33.86453778296709 4002.934230931103 4451.33363969624 242.2143885716796 614.5287660583854 1769.991379313171 5.23577743768692 2.774560630321503 14.00089889019728 1895.607149079442 4.923272997140884 757.7239144444466 3248.357192471623 919.7991938143969 220.0699402391911 24.34242498874664 1.388167299330235 10.10749188065529 2.68207923322916 0.2755138054490089 156.5572034791112 336.0549136772752 0 0 0 4.554197423160076 0.08591332286596298 17.94032426178455 0 1.509324103593826 0 19.65291678160429 0 0 23.95635063946247 274.7257932126522 3.771541148424149 170.8326555788517 0 2.225225359201431 45.0166222974658 45.32568930089474 39.4036637544632 8.893250726163387 364.4421358555555 1380.078831076622 5.832835324108601 0.1817466020584106 0.9341861456632614 7.164693765342236 0 0 33.12955453246832 1.493001788854599 102.3665757626295 126.507241949439 69.84690560400486 15.24415448307991 3.242164872586727 0.7343197464942932 0.2151849791407585 0.4424314647912979
0.7877521142363548 13.20785082131624 26.57004448771477 0.2072822824120522 1.330065041780472 3.585638485848904 3.184476442635059 11.05119282752275 1.206230878829956 3.37453968077898 3048.132333822548 4.43179639428854 225.0704647302628 10.19645813852549 0 0.4460534825921059 423.4889276027679 732.3256933316588 1991.111229926348 1.61313620954752 3.535963080823421 2.21237675845623 15.6592558696866 0.8823251277208328 58.53003454208374 1794.936069600284 183.7920609638095 1.668222069740295 28.41902986168861 3.39322143048048 308.4932956323028 8.489731587469578 0 700.240437336266 1.369059935212135 462.1519639790058 708.8729992434382 1027.626061879098 171.4511701986194 10.37295290082693 1.280681468546391 11.47529400140047 0.3996977955102921 0 5.052220225334167 1.675217568874359 0 0 0 0.1352523863315582 0 0 0 14.10329030454159 0 170.9363782331347 0 0 0.2006615251302719 4.319196820259094 3.871024608612061 5.203393034636974 0 0 0.6801006272435188 0.3803930133581161 0.273192897439003 73.08525260537863 45.30206446349621 99.32457809150219 0 0 0.1295589357614517 22.8137456253171 0 0 0.686232402920723 0.5781762301921844 6.600205391645432 6.49888101965189 1.768664076924324 0.2957962155342102 0 0 0.6222590804100037 0
2.975058652460575 188.8757007271051 416.6988226100802 0.364333838224411 3.015534676611423 6.077333487570286 10.76956883817911 25.93952258676291 4.38971634209156 5.884967587888241 2269.536670550704 9.5724773183465 55.36758313328028 28.52310808748007 0 4.665805511176586 6445.282457731664 1991.111229926348 4075.461439244449 1.878558702766895 21.20034296810627 15.82529030740261 108.3015329986811 6.582784965634346 172.7474556788802 5076.040431581438 850.0470516756177 8.633181713521481 58.25733798742294 23.31751085817814 73.97651964426041 14.92429737001657 0.2681141570210457 2143.767904400826 2.142052911221981 886.7130418643355 2380.946882478893 2018.194518201053 246.1366427913308 22.26560305058956 0.4799636900424957 10.44340750575066 1.725772745907307 0.09013422578573227 118.4369182139635 36.84391404688358 0 0 0 0.5376394242048264 0.08775863796472549 1.540967039763927 0 13.98867204785347 0 211.9117700904608 0.5296207368373871 0 0.7336546927690506 192.4366135895252 12.86610328406096 319.7528737261891 0 0.5048839747905731 4.92400112003088 2.676534317433834 2.53400918841362 75.70849885046482 840.436446107924 1314.068073384464 1.140883713960648 0 0.6166305840015411 54.1134218275547 0.2924155294895172 0.1883006542921066 24.23869569599628 1.129626423120499 33.81285140663385 144.5869468078017 38.56110511720181 4.687718831002712 0.7705330103635788 0 2.066263616085052 0.1414351910352707
9.606972977519035 1.289163239300251 1.000098176300526 4307.001848965883 8.564587257802486 222.4673549830914 8.222160950303078 77.424280770123 587.2541689053178 6165.473233647645 9.490963526070118 4589.586634293199 3.355468153953552 76.08346440643072 156.3430022746325 0 1.099256582558155 1.61313620954752 1.878558702766895 782.7598867863417 0.2476311698555946 2.055872045457363 0.6540290415287018 219.8253132998943 2.629117675125599 3.313149467110634 3.449426017701626 2313.787097595632 479.4197447001934 1.04867334663868 0.4305021166801453 18.72973121702671 20.44493529200554 237.9073878079653 5.993775516748428 752.9120638668537 12.65112695097923 331.4494281187654 133.2440459728241 505.1167840436101 67.64738903194666 4.709989354014397 7.861450709402561 0.2297772914171219 0 0.5089831128716469 224.3209798932076 0 26.11007569730282 88.04458562284708 3.20956801623106 218.9375999420881 163.1624149978161 0.1015511229634285 125.2147483602166 0 1.52586629986763 33.71932033449411 0.8223420381546021 0.09990512579679489 0.1056386902928352 0.2930032908916473 173.4846951812506 0 0 0 500.3173776194453 0 0.2153824716806412 0.779251754283905 400.100812882185 2.500116407871246 21.2056867852807 0 0.5273097455501556 0 2.698438420891762 2.639057338237762 96.66056097298861 0.5083244442939758 9.081916287541389 2.366105586290359 183.9296514466405 1.703932464122772 1.425326347351074 0.8917729407548904
37.514185808599 13.79533004015684 887.1781263127923 0.9203642606735229 0.574943408370018 4.411371327936649 693.1145462617278 54.09456621855497 62.60176689177752 1.162560872733593 15.22043998539448 1.40208538621664 5.898360088467598 63.7147469073534 0 2452.768431924284 710.1995811164379 3.535963080823421 21.20034296810627 0.2476311698555946 13083.30441357195 365.4397808387876 15998.57286182791 343.9018117263913 4.60661980509758 82.73756374418736 487.0093520507216 5368.696545310318 127.7961788848042 7445.547859475017 1.76355516910553 1.463422983884811 21.93469968438148 2614.090140849352 68.74727690219879 5832.932158365846 1273.679665230215 4650.706387430429 3720.287221416831 61.97851573675871 12.41453623771667 12.88646683841944 42.99908731132746 1.786196857690811 2.523366004228592 5.778657861053944 1.735298991203308 0.4917674362659454 0 4.67007427662611 0 6.103989623486996 0 0.9383541345596313 0 1.183162927627563 0.9288867861032486 0 378.8921961560845 3.745633661746979 0.1049205586314201 1.077444858849049 0 231.519684240222 203.6127865314484 140.034628354013 234.9542476013303 1.50117290019989 3.646786727011204 62.57637196034193 385.1716061607003 13.50486446171999 71.0565457046032 0 0 3.655920505523682 10.34987741708755 28.32282039523125 77.09287144988775 17.21147459000349 6.088651165366173 17.86834339797497 4.379953995347023 0 13.54641436040401 7.027481377124786
0.7672756314277649 2676.75556807965 89.27788236737251 8.575076542794704 0.6844791918992996 1.859130918979645 26.46156696975231 2.69423671066761 1853.320340722799 1.824776716530323 40.87601510435343 10.70880873501301 146.2620257288218 0.8650883063673973 32.54834871739149 2936.142067402601 70.23275025188923 2.21237675845623 15.82529030740261 2.055872045457363 365.4397808387876 1960.786315366626 754.1301833614707 5647.324085235596 581.6398182362318 311.9418986439705 5481.089479319751 328.2409202679992 7.303988143801689 13.44305151700974 21.6832453161478 0.1073103547096252 0.8863714262843132 37.52893343567848 0.3646034598350525 131.3202056214213 147.376838311553 86.47547640651464 34.88102645426989 84.94338190555573 0.4207071661949158 6.222381398081779 0.1996856927871704 0 13.05782728642225 47.46977023035288 0.1431564539670944 0 0 2.339524865150452 0 87.30805420875549 0.816613182425499 0.4994773790240288 0 4.379874058067799 0.157546728849411 0.4006467014551163 665.5264284834266 28.54387935996056 0.197290450334549 8.394759602844715 0 81.93459255993366 288.9044779315591 461.7365240305662 136.274029545486 3.363982871174812 18.1558963060379 933.1538297832012 96.07274457067251 2.686547175049782 13.25073550641537 0.510435126721859 0 0.7341647446155548 7.196165964007378 1.521709337830544 50.5923178344965 21.68652261793613 16.59211080521345 7.679342746734619 1.463435769081116 0 0 0
215.1042146012187 18.12257530540228 9060.756155446172 4.027523346245289 0.8499338179826736 13.57467242330313 1031.548054479063 301.9265794977546 12.46732239425182 11.66654825210571 33.124357894063 4.042951330542564 11.80563064664602 483.3671655282378 0.4054189473390579 2503.805341690779 4340.555229671299 15.6592558696866 108.3015329986811 0.6540290415287018 15998.57286182791 754.1301833614707 17296.2270745039 482.6119975298643 5.039894588291645 913.986346334219 5820.022294849157 4745.139888375998 491.5193216204643 5911.202362000942 5.114627234637737 1.400062583386898 19.15784681588411 2923.964314654469 105.5371945053339 7771.399457782507 4580.911246411502 5748.058073028922 4470.366757087409 169.3679688498378 14.7922473475337 19.48869648575783 46.3333053663373 0 10.74113234877586 75.23683712631464 0.5192591771483421 0 0 5.10057694464922 0 39.00087170302868 0.3307103514671326 0.1740636229515076 0 2.299490235745907 0.3151128441095352 0 2450.392477951944 13.25199318677187 0.4270868226885796 5.912151277065277 0.1134407594799995 310.1554084271193 727.0368686020374 3004.212263979018 206.727930136025 0.6592327654361725 15.70025415718555 1248.876241467893 238.456176802516 3.355443648993969 49.87458697706461 0 0 1.083478689193726 6.07476469874382 46.8948917761445 110.207320690155 29.56530133634806 29.39956705272198 49.46925152093172 3.041811436414719 0 16.32092413306236 4.346419721841812
55.57789676636457 985.9179548919201 28.25052867084742 4004.853571914136 14.96329769492149 250.8913579210639 957.1647012680769 188.5655956864357 9877.622083552182 492.8401990607381 13.21039137989283 344.6442468389869 48.01480446010828 120.6814945489168 568.0348716974258 1578.911553986371 37.98442471772432 0.8823251277208328 6.582784965634346 219.8253132998943 343.9018117263913 5647.324085235596 482.6119975298643 7971.551960796118 148.6849638596177 119.9157059490681 1789.538157857955 5273.064228802919 665.3049623593688 465.4457504972816 8.168477728962898 6.730511501431465 241.928458750248 288.6313175782561 30.10261788964272 2370.527236193419 215.2298611626029 487.5958932712674 372.7824826166034 872.142761439085 87.07319751381874 18.13373956829309 19.20577459782362 19.80888257175684 15.04774753004313 12.01416651904583 370.656026519835 0 31.01446114480495 394.1336290314794 10.61409429460764 790.1712137684226 200.5290425419807 1.445932179689407 101.1403262764215 0.5526224672794342 17.93965926021338 34.61957897245884 389.5078225508332 5.046811044216156 0.7238200008869171 3.11112105101347 212.6931438669562 172.2969221845269 257.0803490057588 165.8563382849097 2969.692658528686 1.12066350877285 4.917114704847336 94.92094521224499 2141.118753053248 85.17938897758722 337.3527785167098 0 3.653796061873436 9.579728677868843 35.8602242320776 16.39691779017448 456.7736399173737 13.00365474075079 62.92664306610823 28.52610171586275 207.5267533361912 7.18102204054594 18.99224510788918 7.720619924366474
0.2221309244632721 2021.178713582456 6.089496776461601 0.1790002286434174 2.196971505880356 1.251748591661453 0.6576320007443428 2.996481545269489 101.7374241948128 2.360831648111343 1728.866069339216 6.864648453891277 5153.561001755297 2.26107919216156 1.244359783828259 4.517885096371174 33.86453778296709 58.53003454208374 172.7474556788802 2.629117675125599 4.60661980509758 581.6398182362318 5.039894588291645 148.6849638596177 298.1150044873357 1067.819642782211 5873.854788422585 14.18102093040943 17.01810240745544 10.35327012836933 701.618820592761 5.622254997491837 0.1423317044973373 490.7152465060353 0.2406313568353653 536.6196839883924 860.607683904469 682.6802323162556 160.9372957572341 54.08409191668034 27.82623672485352 194.6726242676377 2.648277759552002 0.08290816098451614 112.864034190774 14.68669810146093 0 0 0.7302291393280029 0.09914014488458633 0 1.438937827944756 0 328.7858450263739 0 1013.810307100415 0.3283118680119514 0 2.093278050422668 24.57912664860487 13.29107921570539 46.27873614430428 0 1.058017328381538 27.0916413590312 2.120768740773201 1.737385742366314 309.9958984926343 320.7352093160152 881.5865308195353 0.8977192342281342 0 0.09268620610237122 80.63454309850931 0 0 21.44978839159012 0 205.3801280111074 44.37705393135548 35.00174879282713 5.25060872733593 19.49673646688461 0 11.36592702567577 0
24.5115570127964 1280.738605998456 4220.037297554314 1.956690691411495 5.642799109220505 13.72320636361837 77.52632571011782 51.6915694475174 85.26062894612551 9.03402440994978 3816.08446021378 10.89355062693357 830.344319537282 67.00801310688257 2.050796262919903 31.61510968208313 4002.934230931103 1794.936069600284 5076.040431581438 3.313149467110634 82.73756374418736 311.9418986439705 913.986346334219 119.9157059490681 1067.819642782211 21507.32713306695 14447.62967135757 48.37906836718321 86.31485187262297 97.75566770881414 1364.338066510856 17.60623148828745 0.9001805707812309 2339.781775183976 7.876670524477959 2008.136258870363 4468.195281878114 2979.191726773977 639.6974670141935 59.35719189047813 2.065392479300499 42.02786686271429 2.945632703602314 0 510.5659892708063 389.949400305748 0 0 0.1489564329385757 3.464074850082397 0.2911993414163589 21.10619070380926 0 96.27267368882895 0.2405343279242516 1078.903233289719 0.7135605588555336 0 9.323636397719383 531.2857848852873 46.4648095741868 664.7889482006431 0.08140742033720016 1.799329653382301 58.05824094265699 21.01647047698498 39.15625143051147 490.4451249614358 1830.321733042598 4214.026664271951 5.875881627202034 0.4579920619726181 2.566287435591221 186.2561443895102 0.5556282997131348 0 61.99428308010101 7.873102322220802 166.5185770094395 319.4584376364946 125.3600430041552 19.97801906615496 6.254505500197411 0 2.931893661618233 0.252019464969635
38.6546448841691 7873.614960238338 6837.902317978442 6.238549090921879 1.329784698784351 7.756589122116566 246.5145994573832 64.68901260197163 490.5303603410721 8.215998068451881 542.2227599024773 9.677678026258945 1619.271980442107 86.54806174337864 11.16934722661972 4278.825838379562 4451.33363969624 183.7920609638095 850.0470516756177 3.449426017701626 487.0093520507216 5481.089479319751 5820.022294849157 1789.538157857955 5873.854788422585 14447.62967135757 28165.32150998712 1250.448251858354 68.59671634435654 125.3618890345097 618.533289924264 4.159375220537186 5.314392477273941 2002.605674445629 51.48374877870083 5143.517443716526 3821.849041454494 3748.080593034625 1527.225035451353 215.5987077504396 4.03399446606636 11.34047196060419 18.09038373082876 0.7535580322146416 1842.974518299103 1363.536891222 0.3526359796524048 0 0.08417585492134094 34.70480964332819 0.2639374732971191 253.3960892930627 0.3594672381877899 57.6453709974885 0.1741796731948853 632.239102371037 1.425232633948326 0.7931393906474113 744.936909198761 918.9215853363276 37.65287535637617 819.3316283747554 0 32.35510506480932 1358.874275311828 1591.159130051732 455.48969219625 566.916467808187 2328.032390609384 11763.63310724497 72.87618104368448 2.951621167361736 12.40556047856808 127.2869347706437 0.09899047017097473 0.9029397740960121 143.9463147670031 18.60425907373428 486.4800239875913 364.2749657407403 275.5408436357975 76.06925210356712 15.92686304450035 0 2.436024121940136 1.352696850895882
377.6980395689607 36.85799027979374 421.6199295669794 1829.840986534953 5.471864193677902 1910.956818319857 12753.10818844289 794.6625638902187 1161.499255187809 8516.35603954643 9.847009338438511 565.5862023681402 19.52691665291786 528.9193244501948 31.46578117460012 3074.832456678152 242.2143885716796 1.668222069740295 8.633181713521481 2313.787097595632 5368.696545310318 328.2409202679992 4745.139888375998 5273.064228802919 14.18102093040943 48.37906836718321 1250.448251858354 9409.841377876699 1995.610768511891 8279.522473491728 1.943222232162952 16.73637237399817 822.2601313367486 1481.825313903391 102.4879325404763 5801.447524912655 484.3976168036461 2075.321996457875 1800.455065526068 253.1459425017238 116.5795085355639 15.7732647061348 41.43687868118286 14.57625502347946 3.781172186136246 13.42497013509274 230.1533218696713 0.1385517865419388 15.83755289018154 322.6163478344679 7.424724459648132 336.1169917732477 117.1405649632215 0.1653867959976196 51.5040118843317 0.9029721021652222 15.07222144305706 8.73098161816597 330.2585185989738 3.126801013946533 0.5551558956503868 2.763028807938099 108.7083173170686 138.082061752677 150.1697552576661 174.5684027448297 2219.089654490352 0 2.813725739717484 102.8050509095192 1710.781720846891 90.91076438874006 337.0850705802441 0.122763603925705 1.880511745810509 9.163057014346123 28.61336989700794 50.10561392456293 415.2740598022938 15.38365223258734 56.96517011523247 29.70624294877052 145.1691580489278 7.053392112255096 33.97134003043175 8.119248725473881
