771.4724157527089 0.6505836769938469 139.5849823132157 2.534967966377735 3.125151000916958 15.52960456907749 811.3607811331749 176.4105149954557 60.80268537253141 33.6268335133791 13.62981390208006 3.351128965616226 1.048360779881477 2069.47337025404 0 0 86.66471246629953 14.24449418485165 38.31482625752687 5.246877819299698 181.2120231762528 18.09378346800804 96.29364618659019 64.23499587923288 0.6437444314360619 188.4220283925533 28.63789944350719 227.60922177881 4393.728755354881 1560.5783989802 0 4.667081564664841 19.50963605940342 82.06188420206308 0 56.24024162441492 6.154802948236465 40.79959622770548 6.527498997747898 1.701070740818977 0.5771908611059189 0.3801828175783157 0 0.1155572012066841 0 1.281296864151955 0 0 0.3812840431928635 10.09092178195715 1.025046065449715 8.506737098097801 1.208060935139656 0.404181219637394 0 0.1329594254493713 2.308588653802872 0 4.070812501013279 0 0 0 1.352050080895424 4.006431549787521 2.248634919524193 2.101408712565899 11.51944395899773 0 1.064048811793327 1.332838080823421 19.08114422112703 1.555922582745552 5.575266443192959 0 0 0.7081522047519684 1.233940705657005 0 10.80465254932642 0.9938247725367546 6.832365922629833 2.263401195406914 1.66993872821331 0 0.104428693652153 0
0.6505836769938469 743.1402369588614 16.76411016285419 0 0 0.1540798991918564 13.09337022900581 1.621181175112724 391.2211920171976 0.1037041619420052 13.00551800429821 17.04192508012056 666.3265673816204 2.230309799313545 0.5294334590435028 233.2785972878337 164.0708932504058 2.20421826094389 11.46052568405867 0 40.29080012440681 3069.888827219605 39.61855046451092 210.2575967311859 2787.912824958563 228.7701948732138 4017.059512667358 65.90239876508713 11.3401871919632 25.6630904302001 6.899845167994499 0 19.09938815236092 27.16583093255758 0.7989858984947205 68.54581953585148 115.6339417621493 104.044095672667 36.1140730381012 3.530372031033039 0 52.651208370924 0.4983261227607727 0.7154666185379028 123.8309864774346 66.05754682421684 0 0 0 0.8884473592042923 0 4.706289276480675 0.1952495276927948 6.074630238115788 0 21.65292577445507 0 0 6.806222997605801 22.88037995994091 0.7645183950662613 3.106891833245754 0 1.381274841725826 19.70850536227226 7.85363145917654 1.660629339516163 51.84633678942919 101.8217458575964 1235.429340772331 0.9864954128861427 0.3402726501226425 1.812845028936863 1.468782559037209 0 0.3363955914974213 5.123939372599125 0.1338569819927216 19.94544333964586 23.45340209454298 18.84380352497101 5.425413757562637 0.3549541532993317 0 2.28345575928688 0.1675724238157272
139.5849823132157 16.76411016285419 6871.682598173618 0.7699337676167488 0.5909607857465744 12.85245461016893 1280.816379763186 161.0177173167467 5.252882212400436 24.74809841811657 10.12224461883307 4.705417059361935 9.302925825119019 493.4405411779881 0 15.26629201322794 717.6878191754222 40.57614587247372 88.0412215963006 0.5185577347874641 212.4372972026467 24.74534705281258 12508.25771582127 100.2068218886852 4.23091071844101 4007.959416560829 9641.987932123244 834.6814585328102 277.5906385928392 334.9086864963174 2.42147671431303 0.4606024473905563 6.098881483078003 183.9922326654196 17.08831962943077 1063.74491070956 3382.244966976345 554.261581748724 343.2892934903502 13.36521835625172 0 11.03291800618172 3.532041430473328 0.7412033230066299 81.11140780895948 517.323622122407 0 0 0 8.371188580989838 0.1061818152666092 1.416384555399418 0.8336362242698669 1.89977154135704 0 2.409365512430668 2.223206259310246 0 46.07263015210629 62.29619292169809 1.32429862767458 3.093658372759819 0.7592886984348297 25.54780633747578 33.89421582221985 72.24843116849661 12.72923292964697 0.7901639491319656 92.01327422261238 1414.44963439554 12.76992916315794 2.534417428076267 22.52437841147184 0.6133399456739426 0 0.6803512126207352 13.41473300755024 0.6883009895682335 93.56487059593201 154.5138374790549 46.87828905135393 33.73300445079803 0.9743835479021072 0.3325740694999695 0.6976875066757202 0
2.534967966377735 0 0.7699337676167488 2372.457023084164 0.7775763645768166 15.95447336137295 31.48483040183783 9.350015409290791 314.6822959706187 1231.43763730675 0.1750170812010765 219.8986680656672 1.443214759230614 15.65559870004654 1.165070056915283 0 0.134477362036705 0.1091399043798447 0 2587.807364210486 0.7738827764987946 1.125933088362217 1.586059063673019 2598.103069357574 2.488415598869324 0.3631255179643631 1.215970277786255 1800.445227138698 64.75769229978323 0.3682411909103394 0 0.5791003480553627 3.008864477276802 23.81404440850019 0 103.701251603663 0.9851111099123955 40.96266402304173 17.18153144419193 3.361720159649849 1.041212141513824 2.261484622955322 0.8838188797235489 0.3155566304922104 0 0.48058021068573 26.33984680473804 0 5.636098600924015 46.39008513092995 8.631884582340717 37.15143892914057 63.72854375094175 0.1016481667757034 105.2775009125471 0 10.47408218681812 0.09729847311973572 0.8762650638818741 0 0 0 104.8988918736577 0.5405741631984711 0.6297867894172668 0.571618415415287 397.5722619220614 0 0 0.1187220960855484 126.1770028173923 2.672014020383358 5.397617399692535 0 0.1551594287157059 1.11119481921196 2.750849016010761 0 25.23857893049717 0.2177429050207138 13.78553688526154 2.305031798779964 14.15560436993837 0.2369556203484535 0.5060205459594727 0
3.125151000916958 0 0.5909607857465744 0.7775763645768166 145.9723449200392 232.9277821034193 18.04281384497881 253.9299994185567 5.118366427719593 33.14544076472521 130.3575971201062 10.80619688332081 41.12943281233311 76.67157089710236 611.2856508344412 0 0.4935133829712868 18.61185571551323 7.60137040168047 9.510168194770813 1.293089099228382 0 1.185833342373371 3.017792589962482 0.8072564527392387 19.86042709648609 3.441134475171566 8.900647647678852 254.9508310109377 2.392246834933758 1.354737848043442 29.52931141853333 0.3523492813110352 790.5222591385245 0 146.0556950941682 18.27928531169891 1389.385154336691 237.8002562075853 1320.201194360852 90.02571801841259 20.50529580563307 6.279102951288223 0 0 0 0 0 0.6362394094467163 1.887025997042656 0.2464458644390106 0.3737235739827156 0.3635732978582382 0 0 0 0 0 0.1736120581626892 0 0 0 0.1073551997542381 0 0.3820028305053711 0 2.506509758532047 0 0.1979415640234947 0.1909436285495758 2.350786067545414 0.1049916446208954 0.2810737490653992 0 0 0 0 0 2.193084210157394 0.1395881921052933 0.2367501929402351 1.244351841509342 0 0.1110094785690308 0.751092866063118 0
15.52960456907749 0.1540798991918564 12.85245461016893 15.95447336137295 232.9277821034193 12461.99045056105 811.8497141525149 5530.675907373428 78.62495735287666 3169.072379983962 115.5727631598711 1157.628944724798 36.92723761498928 569.3432230725884 866.3933114632964 0 1.189216449856758 18.84924910962582 7.733391970396042 439.5994562059641 9.585909239947796 0.8256075531244278 3.173671066761017 281.0623235404491 1.620173044502735 28.44870580732822 4.533151090145111 60.18388094753027 444.9182865098119 13.31535246968269 0.8655896186828613 119.23017783463 2.218284294009209 512.3430395573378 0 956.3347546383739 22.41061124950647 2103.776680096984 481.5759593173862 1665.459400691092 74.8964319974184 19.93854107707739 11.62290306389332 0.2227722629904747 0 0 0.1868977248668671 0 2.614425405859947 18.3890645429492 2.667089596390724 10.36953014880419 7.33608803153038 0.2966374680399895 4.161404326558113 0 2.393612742424011 0 1.19448821246624 0 0 0 11.90487331151962 0.9908762127161026 0.3050985038280487 0.1884399652481079 50.71153858304024 0.09437248855829239 0.2037336826324463 1.259592354297638 29.25978874415159 1.228947177529335 3.770485058426857 0 0 0.2579961121082306 1.083268418908119 0 21.23534766584635 0.9888041317462921 6.116600953042507 2.244417667388916 3.124672278761864 0.3208067268133163 3.393836319446564 0.4644203931093216
811.3607811331749 13.09337022900581 1280.816379763186 31.48483040183783 18.04281384497881 811.8497141525149 16833.83637402207 1940.370229236782 1053.034321978688 9721.988780908287 14.83077348768711 1004.42971599102 7.738255590200424 3478.963894896209 5.023699887096882 13.74362310767174 79.88533215224743 12.39846076071262 26.93551068753004 180.0559211075306 2105.579076528549 54.74008110165596 737.7043954953551 408.8585033789277 1.096969999372959 322.7679016888142 495.2459748163819 11697.47532489151 2914.247309982777 6335.365998066962 0.2536601349711418 21.22955381125212 159.0896393656731 495.2844235897064 1.679623000323772 966.5303153991699 131.2060024514794 680.4439621940255 241.8614512905478 47.09882790595293 2.596891656517982 2.550543315708637 8.569622807204723 2.787753522396088 5.589618764817715 23.21419634670019 4.508824862539768 0 5.357245087623596 101.4191776514053 22.75757917761803 99.32385642081499 49.73878995329142 1.045686274766922 8.214107617735863 0.0726497545838356 28.0995822250843 0.3408101201057434 11.61527711898088 1.857710659503937 0 0.1077589020133018 40.60023338347673 4.943232253193855 8.141198635101318 15.61952951550484 294.6546756103635 0 2.329373270273209 67.63725859671831 272.809860534966 7.909828305244446 16.53669472038746 0 0 1.477476343512535 7.970340594649315 0.114711120724678 26.82440716028214 5.135249003767967 35.89079664647579 9.853090591728687 5.023088976740837 1.082680225372314 3.79789511859417 0.8378707617521286
176.4105149954557 1.621181175112724 161.0177173167467 9.350015409290791 253.9299994185567 5530.675907373428 1940.370229236782 9986.754758909345 434.3293504193425 2261.594230920076 170.5892568826675 210.4843459129333 39.53260041028261 5469.283328093588 72.33499740809202 0.7763613387942314 45.09737072885036 35.03674906492233 34.54675870388746 208.2874303609133 169.9597734734416 36.90585235506296 76.69664447009563 253.2037828937173 1.619259104132652 165.6342113390565 29.06958893686533 364.9972949698567 1305.458339221776 198.1326586008072 1.33291420340538 197.5624036192894 4.673628963530064 859.856139972806 0.1898004040122032 251.1779840067029 26.42928323894739 1446.041957490146 183.3678759559989 472.0094004869461 46.1982891485095 12.9915619045496 2.968840509653091 1.922887243330479 0.6115356981754303 2.598470024764538 0.7748975977301598 0.2580413520336151 0.9055406674742699 81.08976244926453 18.10727462917566 60.91988325119019 19.4885191321373 1.373112484812737 0.8563093170523643 0.07899211347103119 23.94740249961615 0.1703217476606369 8.601086616516113 0.2957026660442352 0 0 14.49318318068981 5.483392678201199 6.655938252806664 2.096148021519184 95.38017681241035 0 0.3302066400647163 4.456857562065125 139.182731166482 9.955885045230389 28.87635879218578 0.08119560033082962 0 1.915221616625786 8.821464113891125 0 37.00652034580708 2.923729561269283 33.57938384264708 9.662528343498707 5.308001235127449 0.6006155610084534 2.686394974589348 0.5874143242835999
60.80268537253141 391.2211920171976 5.252882212400436 314.6822959706187 5.118366427719593 78.62495735287666 1053.034321978688 434.3293504193425 315.7121022120118 211.6342806145549 4.632506668567657 791.6403110027313 29.74536778777838 303.081902384758 110.7247475981712 88.67108067125082 8.368629358708858 0.9703376889228821 1.257701136171818 471.5275014638901 34.90816501528025 3065.275637604296 25.03914538025856 7656.703474894166 92.23058777302504 13.44768869131804 198.1863463893533 5340.178691200912 280.9204177856445 255.3532620817423 0.2579365223646164 5.230055570602417 39.74270936101675 89.5303156748414 0.7146230936050415 1095.016221277416 36.48702397942543 299.0925851240754 101.6121709644794 107.8273088485003 2.770909667015076 3.942877225577831 6.198916956782341 11.48504582792521 1.671724006533623 15.20209257304668 6.810194574296474 0 13.87791458517313 282.6059891805053 48.6728588566184 77.66601534187794 65.57654848694801 3.917926087975502 53.0902601853013 0.1479277312755585 67.90112619847059 0 173.7941425666213 0.5299735069274902 0.4500643834471703 0.6770521402359009 94.5391686335206 76.56238821148872 27.10047015547752 24.02655802667141 1549.290691271424 0 1.248470090329647 11.55663297325373 760.2666589468718 34.62025320529938 159.4079552218318 0.06666179001331329 1.1543133482337 13.3436089232564 31.24017611891031 0 151.6321858167648 6.823584847152233 115.1308118253946 35.35763285309076 16.18106985092163 6.441687516868114 2.158346697688103 3.046867378056049
33.6268335133791 0.1037041619420052 24.74809841811657 1231.43763730675 33.14544076472521 3169.072379983962 9721.988780908287 2261.594230920076 211.6342806145549 13042.5887780562 27.8037866204977 2508.646855294704 5.004495240747929 1006.338971801102 27.22866293042898 0.2536939382553101 1.858463376760483 7.427462682127953 6.490511305630207 4306.779931642115 28.37913239747286 1.026334494352341 9.77948584407568 1018.676249593496 2.5870570987463 12.77256974577904 9.449238754808903 4238.103023797274 1441.885698214173 7.904128849506378 0.08713905513286591 33.97456038743258 32.09677048027515 493.4076195135713 1.087059661746025 817.188990265131 21.77121149748564 937.2428436055779 212.2133025377989 109.7788415774703 9.272429004311562 2.78374332934618 10.93609510362148 0.6151354014873505 0.3157072365283966 2.089668080210686 4.280959405004978 0 7.549918510019779 53.96452497690916 14.37071216106415 26.13529753684998 57.43730965256691 0.7072262018918991 23.91147614270449 0 15.99425583332777 0.2218189537525177 1.253514014184475 0.9242736846208572 0 0 69.09313802421093 1.457213163375854 0.769074909389019 0.3758963197469711 286.7446366026998 0 0.2051895707845688 1.682642243802547 153.3946328237653 4.607330791652203 5.729881778359413 0 0.07776904106140137 0.7054507881402969 4.060607746243477 0 30.18097399920225 1.667598247528076 16.02307081967592 4.742364257574081 17.26834433525801 0.4410655722022057 1.539359591901302 0.141496866941452
13.62981390208006 13.00551800429821 10.12224461883307 0.1750170812010765 130.3575971201062 115.5727631598711 14.83077348768711 170.5892568826675 4.632506668567657 27.8037866204977 9157.34548484534 11.35530231893063 2322.859496921301 65.39089799672365 3.699232198297977 1.141093984246254 113.4944846704602 3082.320377372205 1039.992940321565 4.678660653531551 8.90218985080719 8.571020103991032 35.71630620956421 2.261736944317818 828.7369146719575 1071.303246423602 188.0001001209021 3.706866934895515 208.162748426199 47.69866485148668 200.3285585716367 74.53657196462154 3.436934970319271 6534.784660503268 3.728460550308228 547.4704079478979 4113.069010265172 4462.688870847225 710.6456332504749 21.06519076228142 93.14576329290867 1245.229978762567 1.472103901207447 0.1010700315237045 37.46802650392056 0.4304269179701805 0 0 0.6777298152446747 0.2695685252547264 2.245514146983624 0.7502083629369736 0.1915546655654907 680.3274285197258 0.08396714925765991 963.7935312241316 1.068229049444199 0 1.040222391486168 0.2167128846049309 18.58866758644581 4.506868056952953 0.20859095454216 0.4308607578277588 8.918340168893337 0.1618503779172897 1.78974174708128 373.2959248051047 299.3296134397388 107.2367737963796 0.8594220355153084 0.1381853967905045 0.1677591279149055 140.1027666926384 0.6571632623672485 0 9.01268681883812 0.9545218870043755 24.44347207248211 270.0129746198654 60.96950101107359 9.771499425172806 0.1625071913003922 0.2344195917248726 130.9189809039235 0
3.351128965616226 17.04192508012056 4.705417059361935 219.8986680656672 10.80619688332081 1157.628944724798 1004.42971599102 210.4843459129333 791.6403110027313 2508.646855294704 11.35530231893063 3150.170339666307 4.53841444849968 104.4540901854634 1271.743672654033 0.8443731963634491 0.2044161111116409 1.988279052078724 0.6507523581385612 2402.221525028348 5.379988990724087 169.1638241931796 2.060254700481892 1591.181743271649 6.766697898507118 4.616148769855499 9.783930778503418 261.9338932856917 263.9995969757438 1.751585274934769 0.1557420492172241 9.750002533197403 2.955589547753334 123.5209203436971 0 486.7895725741982 5.309416078031063 501.9605760201812 93.68679894506931 1089.970905378461 4.617784902453423 4.016601905226707 4.216296061873436 0.09164904803037643 0 0.1709899306297302 22.72262828052044 0 9.963522620499134 19.59665493667126 8.030882641673088 135.126411408186 83.85378123819828 1.08610063791275 120.0512228757143 0 5.644337400794029 0 0.1917209625244141 0.209492415189743 0 0 153.7979302853346 0.3846778571605682 5.827934242784977 0.7136870846152306 553.4628177732229 0.2771570682525635 0 0.8302744552493095 55.94254157692194 2.26490830630064 5.338569976389408 0.4246803820133209 0 0.6691980138421059 1.031522326171398 0 94.22087746858597 5.606251187622547 6.26838718354702 2.89181037992239 58.37911357730627 0 1.141013234853745 1.092971935868263
1.048360779881477 666.3265673816204 9.302925825119019 1.443214759230614 41.12943281233311 36.92723761498928 7.738255590200424 39.53260041028261 29.74536778777838 5.004495240747929 2322.859496921301 4.53841444849968 3623.521928846836 8.175918035209179 1.170707136392593 14.2542055696249 13.88366652280092 77.04731387645006 26.55140445381403 9.071944490075111 8.747344709932804 332.7292016744614 22.32851511985064 27.66151174157858 6514.028349608183 1151.45068051666 3635.352152258158 22.55308144539595 27.40544354915619 25.68340717256069 530.708249360323 17.016836181283 0.9973545968532562 918.9100263789296 21.16779996454716 1260.276697590947 4918.05497481674 3939.851991027594 583.5652538910508 118.643711514771 130.1613998040557 996.4072144925594 6.385115757584572 0.1089215204119682 45.43915269523859 1.810041978955269 0 0 2.400627762079239 5.165741614997387 3.311969712376595 0.4864983707666397 1.136115059256554 867.3962751924992 1.388385742902756 964.5795288905501 0.913114994764328 0 8.267610654234886 1.177900180220604 22.55117857456207 7.236138261854649 0.6790148615837097 7.187352702021599 3.357028409838676 3.274779960513115 5.007110580801964 851.1665537878871 414.2705939635634 308.2645199671388 3.197721175849438 0.4807548448443413 11.63409823179245 118.2180943638086 0.2539191544055939 2.553876899182796 18.65719493478537 21.22131092846394 277.600381590426 330.5481583103538 99.57191063463688 59.4570184648037 20.91379481554031 3.892202496528625 152.0078038349748 2.004274725914001
2069.47337025404 2.230309799313545 493.4405411779881 15.65559870004654 76.67157089710236 569.3432230725884 3478.963894896209 5469.283328093588 303.081902384758 1006.338971801102 65.39089799672365 104.4540901854634 8.175918035209179 6139.699907310307 17.67483127862215 1.684359908103943 145.2386384159327 31.72945762425661 65.96539277583361 125.6867272332311 618.0423770844936 53.71511965245008 286.5319815129042 199.2141631320119 1.24245111644268 447.1394441053271 74.8406181037426 595.0183626115322 4660.929789789021 1367.053475111723 0.7035507559776306 121.9353925213218 8.652346722781658 437.7884418107569 0.2303040251135826 120.9606230854988 28.33462726324797 397.3962632864714 34.20868155360222 42.8284118399024 8.894074395298958 1.621634483337402 0.5833114236593246 2.014999628067017 0.5135902985930443 3.599006250500679 1.274432964622974 0 1.578974239528179 52.34148331731558 9.740284010767937 44.57517122477293 10.47644434124231 0.1504604369401932 1.837554506957531 0 10.5386697947979 0 9.865186542272568 0.4135665819048882 0 0 8.209120362997055 6.026440538465977 6.710614256560802 2.389573931694031 62.91707023233175 0 0.5181339308619499 7.828305438160896 95.08163710683584 6.560705058276653 22.2627904266119 0 0.3298164010047913 1.071823365986347 5.072361819446087 0 24.6950863674283 1.841507636010647 24.48041168600321 5.109883606433868 2.456916175782681 1.951728187501431 1.38747076690197 0
0 0.5294334590435028 0 1.165070056915283 611.2856508344412 866.3933114632964 5.023699887096882 72.33499740809202 110.7247475981712 27.22866293042898 3.699232198297977 1271.743672654033 1.170707136392593 17.67483127862215 176.7662272155285 0 0 0.2005143836140633 0.1193001866340637 21.36332929134369 0.1770904362201691 3.816955581307411 1.228928595781326 122.5199671685696 0.1801559329032898 0.2377447113394737 0.8238217234611511 1.399946644902229 1.48133235424757 2.32578419148922 0 53.65272699296474 0 79.16705913841724 4.410120487213135 275.2066541984677 0.2030135840177536 84.81950981914997 24.53327788412571 521.8657868281007 30.45583149790764 0 0 0 0 0 0 0 0 0 0 0.2249113768339157 0 0 0 0 0 0 0 0 0 0 0 0 0 0 0.1976852118968964 0 0 0.6464841961860657 0.5846763551235199 0 0 0 0 0 0 45.20463243126869 0.2999253273010254 0 0 8.016704797744751 1.966771721839905 0 0 0
0 233.2785972878337 15.26629201322794 0 0 0 13.74362310767174 0.7763613387942314 88.67108067125082 0.2536939382553101 1.141093984246254 0.8443731963634491 14.2542055696249 1.684359908103943 0 2879.901945516467 12.53326603770256 0.413716159760952 0.8009658008813858 0.1656827703118324 1421.305545389652 2166.627096869051 6189.357125334442 1636.610114045441 20.66108048707247 12.14618606865406 4083.045565024018 447.0286773517728 3.561615794897079 20.56707298755646 0 0 2.396366231143475 32.20537637919188 21.5619770437479 2380.021220013499 560.3922783657908 230.3298632726073 330.5781646221876 19.36673885583878 0 5.918974190950394 15.82693386822939 3.660994485020638 2.322171621024609 77.41280334442854 0.9532579183578491 0 1.43108806014061 24.6422246620059 3.333973705768585 6.528954394161701 1.939336970448494 2.646780349314213 0.860763818025589 0 5.451705291867256 0 2743.226852975786 2.070188082754612 1.009739071130753 1.694395005702972 3.686332851648331 384.4932003542781 796.1243958249688 1277.869084939361 146.2151531651616 0 3.316107973456383 350.8295947909355 121.0846868902445 13.69499927014112 161.9609902277589 0 0 10.92649022489786 19.80548402667046 0.8817168027162552 416.5720670819283 8.5049002841115 32.97535703331232 15.83917140960693 14.88455474376678 0.1210145726799965 2.714647352695465 1.385031402111053
86.66471246629953 164.0708932504058 717.6878191754222 0.134477362036705 0.4935133829712868 1.189216449856758 79.88533215224743 45.09737072885036 8.368629358708858 1.858463376760483 113.4944846704602 0.2044161111116409 13.88366652280092 145.2386384159327 0 12.53326603770256 1692.671331234276 109.5493246018887 4370.748637035489 0.17812380194664 329.6234364882112 57.73882234841585 4860.161309607327 30.65750727802515 9.217683143913746 3110.207729317248 3517.167610958219 36.73892665654421 429.9413960203528 779.7706175744534 0.1259510815143585 0.5582133084535599 25.39955036342144 606.3317951485515 2.436163291335106 514.7506365701556 2063.884897895157 807.7498404458165 253.9603932201862 2.5913270637393 0.2163539230823517 22.6223418712616 0.877291277050972 0 60.82186601310968 31.90553712099791 0 0 0 1.627715513110161 0 1.294567182660103 0 0.8036107048392296 0 2.455068111419678 0.2659276127815247 0 3.742228038609028 16.60926499217749 0.5934756025671959 2.081335052847862 0 3.888511478900909 3.379759252071381 4.51811633259058 3.454998314380646 2.368847578763962 63.27829835563898 278.6863959357142 2.89111640304327 0.4882871359586716 2.670156635344028 0.1546239703893661 0 1.031091138720512 2.629905916750431 1.129969149827957 17.9163541868329 32.43367377668619 6.750577196478844 3.921354547142982 0 0 0 0
14.24449418485165 2.20421826094389 40.57614587247372 0.1091399043798447 18.61185571551323 18.84924910962582 12.39846076071262 35.03674906492233 0.9703376889228821 7.427462682127953 3082.320377372205 1.988279052078724 77.04731387645006 31.72945762425661 0.2005143836140633 0.413716159760952 109.5493246018887 219.2535415142775 1436.237433344126 0.9842342138290405 3.863877359777689 0.5393311008810997 63.76348050683737 1.74293265491724 12.71533513069153 2527.131622359157 235.6543563827872 1.728960521519184 87.18527963757515 36.53289894014597 5.192830719053745 14.25442010909319 2.620016358792782 883.3976762294769 4.807865604758263 569.8825744390488 470.8231971040368 1494.869042113423 422.7201774194837 6.131084777414799 3.631916113197803 72.10008266568184 1.117830879986286 0 1.454206928610802 0.4711137786507607 0 0 0 0.1867603585124016 0.126823827624321 0.1425036191940308 0 14.61101774126291 0 23.38721418380737 0.1468339562416077 0 0.1793138012290001 0.2160339131951332 6.631116636097431 2.700973257422447 0.1154987663030624 0 0.5244118720293045 0.3902208358049393 0.395236611366272 4.167408332228661 46.28693060576916 42.60150826722383 0.2503795027732849 0.1027229726314545 0.3008942529559135 8.845826700329781 0 0 0.1307063698768616 0.4525461420416832 5.947144009172916 3.02296506613493 1.049611568450928 0.4958710968494415 0 0 0.447614386677742 0
38.31482625752687 11.46052568405867 88.0412215963006 0 7.60137040168047 7.733391970396042 26.93551068753004 34.54675870388746 1.257701136171818 6.490511305630207 1039.992940321565 0.6507523581385612 26.55140445381403 65.96539277583361 0.1193001866340637 0.8009658008813858 4370.748637035489 1436.237433344126 1527.477093927562 0.5624422580003738 18.17474707216024 3.790261313319206 349.1122774481773 2.375510692596436 10.80451568961143 6632.067152172327 525.9718356356025 4.811972975730896 225.5316306352615 156.0682105943561 2.854357518255711 6.994671210646629 10.1600866317749 1666.96786249429 5.053992010653019 844.6146575435996 1012.670044094324 2121.621747426689 600.2699805274606 4.258638650178909 1.777940385043621 25.85044904798269 2.154207803308964 0 7.506053984165192 1.324970401823521 0 0 0 0.1526487320661545 0 0 0.1500478088855743 2.054912567138672 0 10.34911068528891 0 0 1.553566634654999 0.7369325533509254 8.45726689696312 7.617487490177155 0.1733238399028778 0.9765352085232735 0.5974805951118469 1.024146221578121 0.61985082924366 8.264012724161148 92.47076342999935 192.6078730300069 1.344965972006321 0.1060512959957123 1.132427468895912 2.516975611448288 0 0 0.6885033249855042 0 5.187897324562073 6.295315660536289 0.4923224672675133 0.7423246130347252 0 0 0.87434221804142 0
5.246877819299698 0 0.5185577347874641 2587.807364210486 9.510168194770813 439.5994562059641 180.0559211075306 208.2874303609133 471.5275014638901 4306.779931642115 4.678660653531551 2402.221525028348 9.071944490075111 125.6867272332311 21.36332929134369 0.1656827703118324 0.17812380194664 0.9842342138290405 0.5624422580003738 1126.65120985359 0.9807529151439667 0.1473424583673477 0.4360162913799286 1085.242811910808 0.2458939328789711 2.23248578608036 1.185532189905643 1509.055364668369 416.7008896246552 1.399884961545467 0.09555117785930634 9.120805785059929 11.70390790700912 183.8702608719468 1.139241836965084 678.6079218089581 11.95193400233984 421.7781579941511 123.0827859342098 137.4374950602651 2.882644422352314 9.787263169884682 4.959439978003502 1.567756317555904 0.10245181620121 0.9676403999328613 12.82155680656433 0 16.20329818874598 81.63963457196951 20.45044927299023 90.80178742110729 125.2438800707459 0 71.94089543819427 0 19.59526889771223 0 1.709760412573814 0.07471895962953568 0.2271220982074738 0 195.0068517103791 1.711360551416874 2.308955147862434 1.482611015439034 860.2604695186019 0.1086759939789772 0 0.6656521633267403 197.2859891057014 7.335850954055786 14.24627177417278 0 0 1.416970364749432 4.924596980214119 0.2357983589172363 70.65594199299812 2.712756782770157 21.18770872801542 5.099173702299595 38.7221984565258 1.240451768040657 2.401824198663235 0.6744677126407623
181.2120231762528 40.29080012440681 212.4372972026467 0.7738827764987946 1.293089099228382 9.585909239947796 2105.579076528549 169.9597734734416 34.90816501528025 28.37913239747286 8.90218985080719 5.379988990724087 8.747344709932804 618.0423770844936 0.1770904362201691 1421.305545389652 329.6234364882112 3.863877359777689 18.17474707216024 0.9807529151439667 8601.746953979135 328.8938319906592 9889.358384817839 767.9808335006237 6.355280697345734 48.25909379124641 398.4303809776902 7157.123075716197 573.284307256341 11329.5187233761 0.5909590721130371 0.9410652741789818 127.8560149520636 2323.378532670438 29.84481438994408 4788.355843983591 369.2350080013275 3193.696260631084 1834.004000976682 91.58251633495092 0.8213059604167938 7.070671170949936 32.32518042623997 1.702100276947021 0.5503015145659447 17.73406689614058 0 0 0.7312647104263306 14.40546347200871 3.186510547995567 4.329606182873249 2.492919288575649 0.4555313959717751 0.4371706545352936 0 3.854596562683582 0 206.5164909958839 1.139270424842834 0.3378146663308144 0.3895095512270927 2.828507654368877 143.5481301024556 70.46733874082565 93.33303862810135 60.86796498298645 0 1.225246638059616 15.69764909148216 60.46038646250963 8.680184215307236 83.23716596513987 0 0 9.222728908061981 9.962483987212181 0.3430819287896156 89.59617037326097 7.574453823268414 16.12407670915127 9.113634034991264 6.717409253120422 1.680328220129013 1.083906263113022 0.1368066370487213
18.09378346800804 3069.888827219605 24.74534705281258 1.125933088362217 0 0.8256075531244278 54.74008110165596 36.90585235506296 3065.275637604296 1.026334494352341 8.571020103991032 169.1638241931796 332.7292016744614 53.71511965245008 3.816955581307411 2166.627096869051 57.73882234841585 0.5393311008810997 3.790261313319206 0.1473424583673477 328.8938319906592 2634.49455319345 322.934411726892 5250.841956309974 1070.892955958843 54.9038673043251 4087.468709930778 810.4402377679944 133.2899504378438 299.3819755166769 1.265876583755016 0.3828947320580482 75.09822726994753 44.27883239090443 0.6959300339221954 252.5158103406429 78.24950815737247 108.349413856864 44.37751411646605 32.63768794387579 0.2161606848239899 15.03699266910553 1.884947508573532 1.067763149738312 544.6831647232175 203.8538434058428 0 0 0 11.70542366057634 0.8762248605489731 33.43568759411573 0.3771228417754173 3.648326396942139 0.3419953882694244 0.8730655983090401 2.514193519949913 0 1197.12892588973 13.82808443158865 0.3352929353713989 0.9103600233793259 0.9398059025406837 144.3414096534252 229.873880982399 411.3157083317637 92.99979476630688 30.56800872087479 26.44539561867714 1612.316819801927 51.77513514459133 5.887851946055889 66.41436555981636 0.1531012803316116 0 5.400567926466465 10.62519679963589 1.125605851411819 75.75653887540102 14.21450903266668 27.53456967324018 17.99434303492308 1.45658353716135 0.4824329614639282 2.120364770293236 0.2449455708265305
96.29364618659019 39.61855046451092 12508.25771582127 1.586059063673019 1.185833342373371 3.173671066761017 737.7043954953551 76.69664447009563 25.03914538025856 9.77948584407568 35.71630620956421 2.060254700481892 22.32851511985064 286.5319815129042 1.228928595781326 6189.357125334442 4860.161309607327 63.76348050683737 349.1122774481773 0.4360162913799286 9889.358384817839 322.934411726892 12911.23339281976 832.6688928157091 8.37823199480772 1599.018332719803 9793.132571719587 2399.555223338306 276.5096623450518 3003.213153064251 0.2129531726241112 1.236159265041351 26.55081181973219 1689.498376898468 176.7587336227298 12288.92301467061 4782.04858212173 6262.009827412665 4819.982537150383 147.1322396174073 0.6567100286483765 25.74450684338808 96.9480301886797 1.066298171877861 15.53448946028948 223.4176837578416 0.1365667432546616 0 0 11.74503562599421 0.8847490400075912 4.745066784322262 1.427110850811005 0.6919970661401749 0.4890303015708923 0.1246172115206718 2.886634103953838 0 1001.403657160699 15.93666964024305 0.4710312262177467 0.6057224497199059 0.1049748808145523 154.5922495424747 198.6199318170547 520.7683382928371 62.19353310763836 0 9.308664970099926 635.1844440922141 45.2716737985611 4.914118029177189 64.05888216197491 0.08718181401491165 0 4.648089393973351 12.65876185148954 2.898894548416138 250.0435404404998 42.13207834213972 27.54455875605345 23.28782972693443 4.605907395482063 0 0.9904417619109154 0.6093643456697464
64.23499587923288 210.2575967311859 100.2068218886852 2598.103069357574 3.017792589962482 281.0623235404491 408.8585033789277 253.2037828937173 7656.703474894166 1018.676249593496 2.261736944317818 1591.181743271649 27.66151174157858 199.2141631320119 122.5199671685696 1636.610114045441 30.65750727802515 1.74293265491724 2.375510692596436 1085.242811910808 767.9808335006237 5250.841956309974 832.6688928157091 10808.26061970741 21.51551193743944 30.74227354675531 2766.727247491479 8278.163056991994 817.9188721328974 158.88602963835 0 4.388268522918224 204.8077421188354 323.1306941434741 5.49548751860857 2032.239221647382 105.0630541592836 680.5172507315874 331.6101653948426 215.183108523488 3.767837837338448 13.17764428257942 16.43935514241457 6.509792484343052 6.297969065606594 37.30216417461634 36.08583229780197 0 52.72452060133219 256.2290165275335 58.95244087278843 687.1954659745097 345.4827866330743 2.42371429502964 227.5198947787285 0.8000294417142868 62.52091910690069 0.8275088220834732 148.1497536301613 2.606004759669304 0.3625977262854576 0.5197645872831345 581.1320879384875 93.05878821760416 139.3293361887336 61.58656564354897 4130.925460599363 0.3908592388033867 3.112585835158825 87.68562626093626 789.3184735998511 34.38559159636497 141.9562090262771 0.08380533009767532 0.6039001941680908 14.12284807115793 26.30027882009745 0.5064888298511505 254.0729914680123 10.17239039391279 104.8310038149357 31.35156356543303 90.74328631162643 5.752790048718452 11.33015266805887 1.962089516222477
0.6437444314360619 2787.912824958563 4.23091071844101 2.488415598869324 0.8072564527392387 1.620173044502735 1.096969999372959 1.619259104132652 92.23058777302504 2.5870570987463 828.7369146719575 6.766697898507118 6514.028349608183 1.24245111644268 0.1801559329032898 20.66108048707247 9.217683143913746 12.71533513069153 10.80451568961143 0.2458939328789711 6.355280697345734 1070.892955958843 8.37823199480772 21.51551193743944 558.1091095358133 1153.432092577219 5196.374758541584 13.85515392571688 3.156078346073627 13.03549544513226 593.1971488595009 0.1141741946339607 1.55775973200798 81.51082565635443 6.555676236748695 279.2530210241675 489.7826853320003 455.159132130444 117.948748268187 11.27306239306927 18.71820499002934 274.9216336905956 0.9220145121216774 0.109600618481636 86.49087699502707 1.817077167332172 0 0 0.177472710609436 2.177029609680176 0.7259068638086319 0.8724381625652313 0 195.5298014134169 0 467.5487285628915 0 0 4.313678562641144 1.202641732990742 4.835777081549168 2.973551400005817 0.671223521232605 0.8170965313911438 1.338163524866104 2.483703464269638 2.316965401172638 73.92445038259029 258.2754970937967 511.7666408568621 3.220704287290573 1.705556124448776 4.453303039073944 48.85845400393009 0 0 3.503745853900909 2.1043860912323 88.21132600307465 74.26653394848108 60.79721897095442 5.802512437105179 7.850787878036499 3.461667835712433 66.4892223328352 0
188.4220283925533 228.7701948732138 4007.959416560829 0.3631255179643631 19.86042709648609 28.44870580732822 322.7679016888142 165.6342113390565 13.44768869131804 12.77256974577904 1071.303246423602 4.616148769855499 1151.45068051666 447.1394441053271 0.2377447113394737 12.14618606865406 3110.207729317248 2527.131622359157 6632.067152172327 2.23248578608036 48.25909379124641 54.9038673043251 1599.018332719803 30.74227354675531 1153.432092577219 24427.51129322499 9389.751646623015 126.7555867806077 588.0092133507133 312.7291569188237 237.6137660592794 16.47976911813021 16.38704590499401 1147.025717072189 21.28444272279739 2633.421472691 7810.683183960617 3975.527567356825 1489.926279343665 12.78567752987146 7.10539798438549 332.2264282852411 6.600020006299019 0.3362548351287842 189.5366814285517 33.20943357795477 0 0 0 1.369794771075249 0.1067711859941483 0.6066779792308807 0 354.9388122260571 0 912.4663475379348 0.3087420836091042 0 10.86602926999331 38.85244459658861 112.0603679120541 101.8045929521322 0 7.343408390879631 5.736464947462082 4.926066823303699 3.301582925021648 423.7161203101277 1754.271910503507 3366.997563563287 3.317008428275585 0.4592153653502464 7.29100526124239 232.5731305703521 0 0.3329413831233978 9.892400719225407 0.4621562212705612 44.27369572967291 134.1170356050134 36.89701591432095 14.10304167121649 1.060356974601746 0 9.756715975701809 0
28.63789944350719 4017.059512667358 9641.987932123244 1.215970277786255 3.441134475171566 4.533151090145111 495.2459748163819 29.06958893686533 198.1863463893533 9.449238754808903 188.0001001209021 9.783930778503418 3635.352152258158 74.8406181037426 0.8238217234611511 4083.045565024018 3517.167610958219 235.6543563827872 525.9718356356025 1.185532189905643 398.4303809776902 4087.468709930778 9793.132571719587 2766.727247491479 5196.374758541584 9389.751646623015 30731.72795154899 1300.172943606973 126.5154654979706 267.3210907876492 490.4563066735864 1.628485657274723 29.18622970581055 1138.034069180489 104.8964012265205 5537.693976029754 5684.400231584907 4518.614497438073 2545.891402766109 38.13186213374138 1.350978761911392 53.15856020152569 34.95871505141258 2.113034531474113 1525.062576822937 1732.413268171251 0 0.104019358754158 0.2246974408626556 29.79913237690926 0.430815577507019 6.897371619939804 1.031837679445744 204.2266363278031 0.1650617271661758 720.7870274707675 4.767804153263569 0 821.7709530442953 222.586387142539 151.0111686661839 139.1004107668996 1.144829228520393 33.80868965387344 764.5715889185667 701.4231790751219 50.25589432567358 467.4948218911886 2948.048467129469 13319.63454443216 24.56679521501064 2.978748559951782 36.33245844393969 164.556688606739 0.08144620060920715 1.625103242695332 44.05225059390068 8.534862361848354 348.2440664693713 458.6131375655532 201.7913688421249 115.509387254715 1.435751520097256 0.4107448533177376 7.67311767488718 1.103201672434807
227.60922177881 65.90239876508713 834.6814585328102 1800.445227138698 8.900647647678852 60.18388094753027 11697.47532489151 364.9972949698567 5340.178691200912 4238.103023797274 3.706866934895515 261.9338932856917 22.55308144539595 595.0183626115322 1.399946644902229 447.0286773517728 36.73892665654421 1.728960521519184 4.811972975730896 1509.055364668369 7157.123075716197 810.4402377679944 2399.555223338306 8278.163056991994 13.85515392571688 126.7555867806077 1300.172943606973 17156.92435188591 1892.789422348142 3862.835691094398 0.2798407673835754 6.107841119170189 425.3792083635926 703.4834644347429 13.30668337643147 2833.664009340107 202.879734672606 1182.541361950338 616.6563182473183 89.57890043407679 5.014152154326439 18.13185019046068 29.05456452816725 13.95697876065969 3.374416254460812 52.3500407487154 18.41316881030798 1.158626645803452 22.85427958518267 433.2185819372535 97.6049912571907 413.2506372630596 176.0119560286403 4.636929385364056 27.52998229116201 0.4036852568387985 104.4146769344807 0.711336076259613 176.9786276370287 5.401155471801758 0.7528618723154068 1.303173661231995 156.1568256467581 110.3001523390412 119.3971583545208 64.55876494199038 1191.065387479961 0 3.219456546008587 92.48527289927006 1080.984991021454 57.69537006318569 229.7238995283842 0.0650651678442955 1.026339031755924 26.90122131258249 46.46770304441452 6.24751340597868 254.6568212658167 18.24362754076719 184.0816192030907 51.48698940128088 33.88169396668673 8.323675580322742 11.09587472677231 2.919852115213871
