1341.593955293298 0 130.0570273995399 3.89985778182745 0 6.099392347037792 2856.59935516119 162.5370293483138 6.553258433938026 14.56557692587376 6.153332591056824 0.4545419216156006 0 6159.353327162564 0 0.1575765013694763 143.8618877306581 2.086509682238102 66.45093294978142 0 51.61299619823694 0.1751548945903778 170.2188320457935 39.56172227859497 0 60.9306516200304 11.53458242118359 115.4260985031724 5233.320041373372 2926.306368179619 0.1451814621686935 3.27077566832304 20.14322757720947 44.2250702381134 0.2131535857915878 6.842474728822708 3.232247658073902 50.9271707162261 4.176819644868374 1.117813721299171 0 0 0 0 0 0.5928051173686981 0.2113447487354279 0 0 0 0.6448785811662674 0.2455660104751587 0 0 0.2118264138698578 0 0 0 0.2613912224769592 0 0 0 0.1926575899124146 0.998442530632019 0.2927792966365814 0 8.356235213577747 0 0.8601315319538116 3.058019168674946 6.346302270889282 0 0 0 0 0.7210575342178345 0.3779236078262329 0 5.557210966944695 0.5922441482543945 0.8201157450675964 0 0 0.2940992414951324 0 0
0 190.8014287650585 152.4403099939227 0.8644769787788391 1.634231723845005 2.409528702497482 2.527559131383896 0.5916229784488678 655.4799844250083 1.811121419072151 174.9782673716545 3.400281772017479 1243.469097867608 5.135155260562897 4.328945703804493 22.91088034212589 57.15357419848442 27.14263135194778 364.2722686603665 0.5952776297926903 3.289146214723587 2627.183882497251 9.283254913985729 542.6910690441728 1833.93200687319 707.9139276146889 10549.5943845287 14.1767428740859 5.072201207280159 2.027835614979267 6.419353112578392 0.1714388728141785 0.2899850159883499 62.37575317174196 0.9961223602294922 165.8408534452319 714.2165337949991 272.4964934885502 75.3089102357626 13.40265098959208 0 241.8144355863333 0.3133613765239716 0 69.9659538269043 160.4482731223106 1.238504156470299 0 1.185564264655113 5.961003318428993 0.7061073184013367 11.52720780670643 3.273835375905037 1.899256959557533 1.030637085437775 7.00449313223362 0.3863556310534477 0 20.15290246903896 16.688386708498 5.239509746432304 35.97973835468292 0 0.7387494444847107 59.09696578979492 4.842503845691681 25.12544591724873 7.650220550596714 354.1381797492504 2899.905873164535 3.925630383193493 0.1122733503580093 0.4966591596603394 1.317789703607559 0 0 5.613390788435936 0.2035002857446671 62.93936514854431 27.10210268944502 72.10894867777824 21.33283345401287 0 0 1.083077490329742 0.5092007517814636
130.0570273995399 152.4403099939227 4802.851740479469 15.44275864958763 0.2990436628460884 412.9047977626324 1885.213149338961 1707.798129275441 7.027798183262348 257.3972443044186 51.82084602117538 5.093190543353558 5.029150791466236 1840.526118680835 0.3605934977531433 24.18871405720711 16592.86063488573 32.1996882557869 934.0737670436502 3.832789741456509 1131.867190174758 31.42986143380404 15756.00929185003 90.28496278077364 0.4989470168948174 10921.94801791757 4915.232861079276 1829.973668396473 458.0353084728122 741.5768826752901 0.86818977445364 23.45030523836613 33.65058293193579 1190.896755993366 54.25001348555088 3944.747953660786 3421.23180026561 5139.544520586729 1180.597651973367 96.30182265490294 3.840471543371677 3.696859180927277 20.22021515667439 0.1521838456392288 55.70615668594837 1402.052986480296 0.1406357437372208 0 5.198407739400864 34.31367062032223 22.36991991102695 11.26824672520161 11.91960051655769 1.201942801475525 0.209208220243454 0.5156625360250473 8.501822762191296 0 66.42289470136166 119.508928462863 2.705165803432465 26.29843924939632 0 15.44376350939274 60.52176390588284 163.7913113087416 72.0132208392024 1.670364432036877 203.5781230255961 3263.856190033257 40.6211799159646 2.515774071216583 1.73376427590847 0 0 0.8784980177879333 18.20787429064512 8.79438853263855 201.4526941925287 89.33382435142994 154.0061883926392 44.34812799096107 3.709929972887039 1.207272827625275 0.6809108853340149 0.9794582724571228
3.89985778182745 0.8644769787788391 15.44275864958763 5303.737688049674 18.16420146822929 397.1486911103129 139.0769869759679 75.34139162302017 1629.905028253794 4891.425614014268 5.362456254661083 4031.483010865748 10.69245218485594 109.251420751214 124.8209024295211 0.1591717451810837 3.300040677189827 1.208724409341812 2.248620539903641 11418.32156866789 1.690381161868572 8.213927045464516 3.819281466305256 3780.297134004533 1.317296624183655 6.360436178743839 18.41014815866947 4024.162717171013 215.5242535024881 6.018454626202583 0.6137108951807022 7.495811305940151 13.04051554948092 47.55777624249458 13.85878920555115 423.1784022375941 66.14655583351851 376.7068511098623 92.325030811131 414.0321764498949 16.35522845387459 8.114994734525681 9.029688596725464 1.561033576726913 6.757525444030762 0.8960129022598267 823.3071973696351 3.708248004317284 214.0210298150778 64.39113619178534 56.41286513954401 270.3876337707043 599.8707317113876 3.600284948945045 707.7208159565926 1.377859130501747 32.21175222843885 45.19507043063641 4.230524152517319 0 0.838664174079895 0.7676740288734436 615.782063126564 2.111980408430099 13.83365872502327 3.250428274273872 758.2249239385128 1.799634143710136 0.6670543998479843 8.145461052656174 813.9062910676003 26.278135612607 0 0.11569894105196 6.601249441504478 0.8143569380044937 15.17422321438789 2.563035368919373 146.5054304599762 6.179662346839905 180.3019719645381 35.65167257189751 179.6042052507401 23.70251625776291 12.67507153749466 0.9189041256904602
0 1.634231723845005 0.2990436628460884 18.16420146822929 48.84667751193047 281.0200880616903 3.416225701570511 21.38893932104111 379.5268695652485 10.26259337365627 17.7302723377943 94.26504594832659 8.131417721509933 1.299861699342728 1959.136306673288 0 0.1500985473394394 1.83945819735527 2.037879846990108 7.559715621173382 0.5785985589027405 3.656432524323463 0.8157683610916138 48.44992682337761 0.2422764003276825 5.598494365811348 7.270042188465595 16.59907158464193 33.03425653278828 1.174136683344841 0.3368228077888489 5.770133137702942 0.1125688254833221 238.9345527291298 7.858167052268982 257.7551657557487 5.744972854852676 222.4090458601713 112.0653317719698 1217.954933136702 316.9950429350138 11.61373826861382 12.1680184006691 0 0 0 0.1593189090490341 0 0 0 0 0 0 0 0.8874491453170776 0 1.100821018218994 0.4986627697944641 0 0 0 0 0.9612681567668915 0 0 0 2.254185974597931 0 0.1848807334899902 0.1605221927165985 2.241444453597069 0.5830610394477844 0 0 0 0 0 0 0.32340207695961 0.2978243231773376 1.318035483360291 0 0.1917401403188705 0 0 0
6.099392347037792 2.409528702497482 412.9047977626324 397.1486911103129 281.0200880616903 24480.96562679112 5267.674466855824 5075.526288680732 571.7597293406725 13320.66972465068 104.3800454363227 5170.821787923574 23.48751194775105 804.5614617839456 2816.588977657259 1.171230293810368 55.16776417940855 24.80995367467403 41.30687196552753 272.5778599902987 20.61443017423153 5.770222686231136 71.25179872661829 709.7740221694112 1.331787846982479 150.1051787883043 102.6585701182485 3123.820760764182 461.3780635073781 17.67239996790886 8.782548703253269 944.6401470005512 12.46399156749249 600.320607624948 27.09113377332687 680.5819962844253 53.02895955741405 1262.28669501096 156.3166792020202 4951.617990836501 52.38844704627991 12.96075202524662 8.180358588695526 0 0.8421242833137512 4.702606566250324 151.7422944828868 0.5712581276893616 120.0646650791168 63.67759057879448 68.19426736235619 95.26685942709446 247.0540108308196 3.13670426607132 190.2114690542221 0.7994215935468674 51.69043429940939 15.07830634713173 3.276662357151508 0.6909276843070984 1.996714480221272 0.3014886528253555 279.6419849991798 1.078277342021465 7.786785468459129 9.551128819584846 330.4663588479161 0.340205654501915 3.864233434200287 18.56006565690041 352.9063206389546 29.81575117260218 0.501047670841217 0.7611047625541687 2.461817920207977 1.811123847961426 20.08199465274811 4.676548525691032 153.6193393319845 4.099416524171829 125.9852989017963 28.12963946163654 136.8044435307384 16.28420540690422 2.563571929931641 3.420618295669556
2856.59935516119 2.527559131383896 1885.213149338961 139.0769869759679 3.416225701570511 5267.674466855824 17386.86544708163 5299.808463729918 66.8269350156188 14424.13388613611 31.85017512738705 124.46190033108 5.504816435277462 13558.3600057438 14.50263445824385 6.35716050863266 156.0686125159264 13.31755899637938 36.28027898073196 113.4898486807942 516.2539858967066 12.33785878866911 1325.302447132766 976.2739551663399 0.6706299260258675 243.4999361038208 359.0684194341302 26890.27384956926 1551.245668791234 4764.924829393625 1.613571040332317 55.42421375215054 63.12198098003864 239.8812745735049 27.5957987755537 1275.164584137499 52.88751321285963 1376.629164449871 258.8720648512244 134.2432614564896 41.74418956786394 1.799773074686527 9.474701762199402 0.5974329710006714 1.552949696779251 21.95254011452198 28.30548770725727 1.544570803642273 14.13994410634041 115.0013023018837 10.86389312148094 17.80235983431339 27.24861469864845 1.059877753257751 13.93570703268051 0 5.437625274062157 0.272561103105545 18.13124477863312 3.220595508813858 0.6607024371623993 1.311933100223541 30.31925477087498 8.233533903956413 8.938915982842445 21.57346105575562 201.9769824147224 0 4.703308559954166 81.2213761433959 269.365850225091 13.75383187830448 22.34648540616035 0 1.03515437245369 1.886227115988731 5.870122790336609 2.02635894715786 260.8267198503017 1.903849244117737 56.69260975718498 18.9729450494051 16.99435898661613 6.220228523015976 0.8880901336669922 2.217833518981934
162.5370293483138 0.5916229784488678 1707.798129275441 75.34139162302017 21.38893932104111 5075.526288680732 5299.808463729918 16525.57908789068 46.31651086360216 5591.979085661471 65.58108739554882 741.5108670890331 8.101448968052864 8868.700471043587 71.96667598187923 0.7687772512435913 429.2824132665992 14.7111109495163 217.0921797305346 221.4603293091059 242.9814397841692 2.111578792333603 748.132173165679 195.7132339626551 0.9319245293736458 478.4089402481914 97.68331360071898 1155.944229461253 472.7421059906483 555.9386940672994 3.54936920851469 1117.129876464605 9.66990539431572 491.858505807817 30.732804864645 477.8084045797586 39.41824179887772 575.2498439624906 86.17709972709417 448.839553155005 14.52355868369341 7.652586348354816 4.932226628065109 0 0.9687614664435387 8.634935922920704 12.65951276570559 0 12.45493541657925 23.95435026288033 10.86799429357052 29.33234399557114 24.04228296875954 1.387018322944641 11.07355768978596 0 7.112054973840714 0.3588055372238159 2.928649060428143 1.301633387804031 0.1889180392026901 1.312404185533524 24.81682276725769 0.5174071192741394 3.604799062013626 4.64363394677639 91.34721350669861 0.1457226425409317 6.106184720993042 34.94850592315197 84.47454241663218 4.739091143012047 1.078487321734428 0 1.313985258340836 0.6066585183143616 4.967128112912178 0.3669092655181885 35.8837808072567 1.849940970540047 29.98054999113083 11.50845251977444 12.49639892578125 0.9285793602466583 0.201476514339447 0
6.553258433938026 655.4799844250083 7.027798183262348 1629.905028253794 379.5268695652485 571.7597293406725 66.8269350156188 46.31651086360216 1523.271376244724 286.8171888589859 25.27238500863314 1581.448845289648 122.296988107264 63.88954478502274 1148.255776584148 6.211633414030075 9.648471646010876 9.990636467933655 40.66141904145479 545.1371429413557 13.54567390680313 3834.313376754522 15.07878169417381 13022.28704793006 219.4375148788095 109.2214999273419 1698.992420591414 1420.248492144048 229.1309318095446 305.8761622533202 1.782565459609032 12.56664399057627 37.54649730026722 88.69500622153282 27.99891772866249 1123.377445816994 75.39835235476494 539.5226317644119 135.1858870908618 2041.05082976073 20.80701324343681 4.186977818608284 7.656802922487259 1.772854834794998 17.39302137494087 2.841105937957764 305.8218442052603 5.0807164311409 127.5084777325392 73.10899291932583 40.77831061929464 170.2883011102676 214.7704626470804 3.496598228812218 552.0303087681532 4.366384208202362 36.84573349356651 70.46678812801838 43.97199714183807 1.057968735694885 2.128612607717514 3.862166956067085 215.0948057174683 21.86358596384525 164.858952537179 8.180165499448776 2281.067467622459 4.26167169213295 12.14949065446854 54.84087187051773 854.7239562869072 75.48231237381697 56.62307034432888 0.6687284409999847 5.767966657876968 11.36769852042198 30.66215202212334 4.59039343893528 337.9140078425407 5.080824509263039 128.1446960046887 47.28626877069473 316.3668895065784 13.03297504782677 1.763080105185509 2.110918283462524
14.56557692587376 1.811121419072151 257.3972443044186 4891.425614014268 10.26259337365627 13320.66972465068 14424.13388613611 5591.979085661471 286.8171888589859 64350.63227635622 98.02543603628874 4366.433067254722 21.50246974825859 2804.018797658384 45.25440818816423 0.7329433858394623 29.16707427799702 35.93635977804661 50.57567266374826 7387.63884691149 30.16827920824289 4.370286136865616 85.56773684173822 420.623265363276 3.92248473316431 135.0543748885393 133.2513672932982 9596.224389441311 1672.670887850225 19.63747207820415 7.559206366539001 155.3692758381367 26.64870651066303 424.1747948378325 52.64857931435108 1783.242484919727 118.3588650599122 3428.703757926822 510.1689426079392 192.2024657949805 112.5252256467938 17.98227694630623 25.34981985390186 0 1.254565685987473 1.660074941813946 514.4300249516964 1.010918602347374 246.9506115913391 110.6323462724686 116.364350438118 124.8353221267462 625.0103341788054 4.72198136895895 686.9589910656214 3.58273820579052 72.38702937960625 31.47925038635731 0.2823526263237 0.4690081179141998 2.242504276335239 1.668064177036285 549.1886707693338 0.7194182276725769 7.662789463996887 3.968791171908379 517.1313287615776 1.653497323393822 5.041123792529106 24.23555310070515 683.9411183595657 39.77617374807596 1.775293052196503 2.688674926757812 7.183283537626266 0.7088529467582703 20.85241305828094 15.26642534136772 274.4740358293056 10.73627823591232 271.7997968122363 53.73397678881884 173.6332572847605 35.84241479635239 20.19467559456825 9.989007174968719
6.153332591056824 174.9782673716545 51.82084602117538 5.362456254661083 17.7302723377943 104.3800454363227 31.85017512738705 65.58108739554882 25.27238500863314 98.02543603628874 11577.32411389798 125.0090329498053 3523.109112195671 565.4414170309901 0.667383223772049 12.07745999097824 716.9235164523125 1858.288399353623 878.6726619452238 17.10238553583622 42.05298397690058 64.1548767387867 57.36421458423138 42.92930008471012 720.4254195392132 4256.95288836211 2216.930115230381 42.97392900288105 661.3170321285725 53.28440699726343 1260.586027890444 255.4149774312973 11.84447747468948 8695.364028230309 8.327724233269691 534.7995616421103 3185.2451537624 4376.020697429776 540.6645981520414 12.33725990355015 52.54579697549343 593.6482145860791 7.366722136735916 0.1148422360420227 12.34868963062763 1.80508254468441 0.9312394931912422 0.1337015777826309 0 3.172979950904846 0.4196154847741127 2.320985168218613 1.892195180058479 29.7867384031415 2.281113624572754 273.4888865351677 0.2890539988875389 0 4.484059929847717 3.740860372781754 148.4349949732423 91.75947220623493 0.1940545439720154 1.727589190006256 3.627885028719902 0.3107282519340515 24.94740781188011 28.81933164596558 184.9428488314152 527.1823836639524 24.84115079045296 1.424923151731491 2.290545552968979 45.99163027107716 0.3963681757450104 0 1.954947374761105 11.93413703143597 24.10013692826033 81.15160168707371 18.69021542370319 7.866558685898781 0.7950091958045959 0 60.17407731711864 0
0.4545419216156006 3.400281772017479 5.093190543353558 4031.483010865748 94.26504594832659 5170.821787923574 124.46190033108 741.5108670890331 1581.448845289648 4366.433067254722 125.0090329498053 16266.56306539476 32.03485095500946 506.6437383964658 1973.978165224195 0.3219070583581924 3.26324500143528 35.28290995210409 30.43795826286077 6391.732981286943 1.123547084629536 8.978795111179352 2.936996273696423 1427.854615829885 3.221760243177414 83.03206503391266 93.91486709564924 940.2124315202236 518.3055020794272 2.849377691745758 10.23161114007235 246.3029100000858 1.750701919198036 505.699122145772 5.279185920953751 396.0772441402078 87.19578190147877 1959.1211957708 174.590542152524 2985.752984464169 82.70595764368773 34.79259575903416 1.917620107531548 0.1694103330373764 0.2518209964036942 0.160185307264328 390.8855313062668 7.963015183806419 193.4221232011914 48.83784006536007 53.91578458994627 92.27420118451118 285.9215921759605 4.592217542231083 948.4180272519588 0.2496172413229942 29.29741723835468 154.2821737527847 0.1549637168645859 0.2890745103359222 2.290934771299362 1.467618018388748 394.4313226640224 0 0.9011221379041672 3.20741331577301 326.775490373373 0.1112062931060791 6.554164372384548 9.491069436073303 368.4473416507244 20.02230514585972 0 1.568222850561142 5.786167174577713 0.7440317273139954 15.03223057091236 0 185.2497430890799 1.739781811833382 207.5103050619364 25.9019141793251 815.3448822796345 40.54867815971375 2.090457499027252 0
0 1243.469097867608 5.029150791466236 10.69245218485594 8.131417721509933 23.48751194775105 5.504816435277462 8.101448968052864 122.296988107264 21.50246974825859 3523.109112195671 32.03485095500946 3473.374368026853 22.63183258473873 2.612519025802612 0.7410314083099365 1.423934601247311 75.26162223517895 5.004724219441414 7.836932644248009 2.377792447805405 405.6783312261105 5.409614466130733 86.21213927865028 6842.709232345223 300.1421602964401 3602.073190271854 13.68324475735426 24.686533652246 1.178416863083839 718.8020545989275 29.26009256392717 0 861.2583327144384 48.48280319571495 722.1335482522845 7857.513191454113 3866.739223703742 466.9427687451243 66.82583259046078 299.3790699988604 1132.549136303365 36.11172579228878 0 10.99898719787598 0 2.315812304615974 0 0.3108486235141754 20.60077178478241 0.8554685115814209 1.94904699921608 0.1389505863189697 119.4758796840906 11.74468818306923 1270.766786620021 2.92513719201088 0 0.1499163806438446 0.7627019509673119 330.7597604095936 104.1560757011175 4.628546878695488 0 3.067253991961479 0.8909009397029877 6.445706874132156 106.0697328224778 339.0054533034563 1276.076126873493 9.590824112296104 0.8138377442955971 0 219.6847117692232 0.4800576940178871 0 6.88222174346447 50.73001553118229 217.5068860054016 591.5171474441886 64.82505710422993 45.4063419252634 0 9.654030933976173 488.5002065896988 0.9846586883068085
6159.353327162564 5.135155260562897 1840.526118680835 109.251420751214 1.299861699342728 804.5614617839456 13558.3600057438 8868.700471043587 63.88954478502274 2804.018797658384 565.4414170309901 506.6437383964658 22.63183258473873 13705.71306093782 2.634571745991707 0.6786327064037323 1019.447875738144 104.0761343464255 554.6353792920709 202.3538505956531 356.9199313297868 2.411448083817959 1312.869291655719 288.8230754956603 7.945131041109562 854.2705273106694 254.1319626793265 1417.37007778883 7594.006060138345 3881.650651179254 16.5908158197999 225.475773409009 13.42558481544256 1848.235910698771 18.67304591834545 1013.802056610584 43.00685987621546 1139.123754665256 44.97411822527647 70.07689639925957 5.282903432846069 1.858268082141876 9.5456902384758 0 1.696069657802582 6.532242767512798 8.434422187507153 0 2.401125550270081 34.61496387422085 4.278059855103493 9.2295927926898 8.460440911352634 0.1794327944517136 11.28332163393497 0.3027657568454742 4.095323339104652 0 1.206376694142818 0.7008915394544601 1.805421158671379 4.645634166896343 5.339835271239281 2.696762256324291 1.460380464792252 2.705172963440418 121.5050325840712 1.048424392938614 14.41119082272053 43.36485925316811 107.9821512177587 6.561797842383385 1.42857737839222 0 0.2249867171049118 1.174513876438141 2.53148490190506 0.2507002949714661 53.15964094549417 1.732467412948608 21.89936063438654 7.796083986759186 6.869235903024673 5.383484810590744 0 0.2539162039756775
0 4.328945703804493 0.3605934977531433 124.8209024295211 1959.136306673288 2816.588977657259 14.50263445824385 71.96667598187923 1148.255776584148 45.25440818816423 0.667383223772049 1973.978165224195 2.612519025802612 2.634571745991707 159.983972042799 0 0.41572605073452 0 0.7086274176836014 84.70312973856926 0 22.52466912567616 0 335.3111654371023 2.67130883783102 2.578459307551384 37.77716130018234 66.17123758047819 8.130388252437115 2.264073222875595 0 73.760094165802 0.6714747175574303 8.973690912127495 0.2978189289569855 15.47166212648153 0.5219397395849228 16.24148638546467 3.835127621889114 2196.635787308216 36.96578198671341 0 0 0 0 0 6.222252890467644 0 4.556461185216904 0 0.3830438852310181 2.6814284324646 3.79695588350296 0.4340595006942749 15.07308658957481 0 0 4.134217917919159 0 0.486827552318573 0 0 7.22666223347187 0 0.1724970638751984 0 3.020464107394218 0 0.3384621739387512 0.7579629346728325 2.837559938430786 0 0 0 1.347994804382324 0 0.1698383241891861 0 4.04151839017868 0 2.090526565909386 0.3934073448181152 30.27436804771423 0 0 0
0.1575765013694763 22.91088034212589 24.18871405720711 0.1591717451810837 0 1.171230293810368 6.35716050863266 0.7687772512435913 6.211633414030075 0.7329433858394623 12.07745999097824 0.3219070583581924 0.7410314083099365 0.6786327064037323 0 4819.573800355196 74.70965138822794 2.072796195745468 30.65498130023479 0 3194.47535251081 2910.230000965297 6708.40747410804 2598.56806717068 0.3877299278974533 25.56038440018892 4550.11166216433 1655.118173517287 4.398087546229362 133.4573198780417 0 0 1.056288883090019 83.91342893242836 45.72565972805023 3121.986164301634 815.9285617023706 576.9916410073638 660.0892379954457 201.936320990324 3.804057747125626 0.8549233078956604 33.64936704933643 0 5.01006230711937 153.1515734642744 0.9306101053953171 0 1.838191330432892 23.8071643859148 5.123570218682289 7.643305167555809 3.507646143436432 0.2434899732470512 0 0.1297365128993988 1.159823685884476 0.1591155678033829 3389.715076342225 11.87842245399952 0.3604171276092529 1.808490335941315 0 426.2027197778225 928.3612271398306 2509.20763233304 178.8247061371803 0.3011541366577148 4.042425371706486 1838.289698034525 73.41127198189497 2.242886081337929 7.106805622577667 0 0 0.8651888221502304 2.660347044467926 1.94732803106308 90.41367936879396 23.71090042591095 16.75598184019327 11.87085716426373 1.161308065056801 0 0 0.6504112482070923
143.8618877306581 57.15357419848442 16592.86063488573 3.300040677189827 0.1500985473394394 55.16776417940855 156.0686125159264 429.2824132665992 9.648471646010876 29.16707427799702 716.9235164523125 3.26324500143528 1.423934601247311 1019.447875738144 0.41572605073452 74.70965138822794 568.0330981314182 189.7913468256593 3624.229400902987 0.9104171320796013 850.5295612439513 23.56352856010199 2687.828754760325 114.7328122332692 4.08280536532402 2492.577387094498 8485.724113367498 437.1427006348968 1394.553555645049 2235.469499997795 0.4686444625258446 11.25368036329746 89.37223516404629 1657.947769373655 4.82881598174572 291.8552204146981 1056.833633027971 615.0619549229741 95.52835534512997 7.24376255273819 1.372751772403717 1.502468317747116 0.3562562167644501 0 36.67308529466391 206.7070777714252 0 0 1.276619106531143 5.741283968091011 3.663698852062225 2.634365141391754 1.11456510424614 4.019969671964645 0 0.2569842934608459 1.240389250218868 0 30.49836269021034 43.70094875246286 3.76177491247654 50.77188859879971 0 34.45780016481876 27.20865918695927 20.48491732776165 40.86439284682274 0.6586746498942375 228.1278808042407 789.6697674617171 27.31160920858383 0.4766416475176811 6.47619503736496 0 0 1.153764337301254 10.17472018301487 1.415440022945404 80.52355021983385 14.72376105189323 72.52050493657589 16.41793751716614 1.995727121829987 0.1998525261878967 0 0.2823774814605713
2.086509682238102 27.14263135194778 32.1996882557869 1.208724409341812 1.83945819735527 24.80995367467403 13.31755899637938 14.7111109495163 9.990636467933655 35.93635977804661 1858.288399353623 35.28290995210409 75.26162223517895 104.0761343464255 0 2.072796195745468 189.7913468256593 176.705307662487 259.2866261601448 5.922197483479977 11.04201124608517 10.95962253957987 16.65022225677967 13.1495410874486 120.1542930528522 5217.045890159905 2514.015171080828 19.30409764498472 121.0097958818078 14.08931467682123 161.0883238166571 15.82083804905415 2.241276070475578 774.0307794734836 10.93867339193821 895.8713344484568 935.290829859674 1317.042360290885 341.1107275262475 3.09509351849556 0.7769671678543091 1.726504772901535 5.446434333920479 0 10.40663474798203 1.048240773379803 0.161849781870842 0 0 0.09864722937345505 0.217110350728035 0.6456166803836823 0.2485899701714516 27.64960091561079 0 87.91902232170105 1.487038351595402 0.3169320821762085 2.198414027690887 12.47070974111557 228.929034486413 252.3197914063931 0 0.8311653584241867 4.377734988927841 1.485577791929245 13.15874732285738 57.41679436713457 553.0818360671401 930.3339980095625 4.55068975687027 0.9159363508224487 1.695626571774483 35.74829656630754 0.3950266465544701 0 6.658558540046215 1.059510365128517 26.31599815934896 19.25168009102345 55.63456703722477 11.63999816775322 0 0.1512017548084259 0.1972502917051315 0
66.45093294978142 364.2722686603665 934.0737670436502 2.248620539903641 2.037879846990108 41.30687196552753 36.28027898073196 217.0921797305346 40.66141904145479 50.57567266374826 878.6726619452238 30.43795826286077 5.004724219441414 554.6353792920709 0.7086274176836014 30.65498130023479 3624.229400902987 259.2866261601448 2215.319221220911 9.350792616605759 132.7060425281525 47.94540704041719 269.8149312213063 82.11197653412819 40.55099944025278 4566.184816762805 3543.324712656438 87.35480400919914 893.6304903104901 280.9557678177953 3.862235836684704 18.86445555835962 61.0146446749568 2716.226381152868 6.581999257206917 978.3902198523283 988.8586471304297 1841.152062609792 378.4170095399022 10.01756214350462 0.637500062584877 4.488705545663834 2.869033575057983 0.382619746029377 144.0326155722141 29.56148602813482 0 0 0.7470689564943314 2.546919211745262 0.8805290460586548 1.803861916065216 2.520567551255226 13.41910990327597 0.4740368574857712 6.971551492810249 3.02631052583456 0.436685249209404 18.15101463347673 47.7726313918829 91.70439501851797 357.422267511487 0 11.34139220416546 27.51096063107252 4.633699178695679 27.54214967787266 45.48114354163408 1208.389340251684 1566.960950396955 11.82101864367723 1.14566658437252 6.231377124786377 1.081032983958721 0.1682461947202682 0.727437824010849 17.82192492485046 2.982441172003746 123.3653398901224 46.64898889511824 161.4574404135346 48.19597026705742 1.424164853990078 0 0.5884113907814026 2.344692677259445
0 0.5952776297926903 3.832789741456509 11418.32156866789 7.559715621173382 272.5778599902987 113.4898486807942 221.4603293091059 545.1371429413557 7387.63884691149 17.10238553583622 6391.732981286943 7.836932644248009 202.3538505956531 84.70312973856926 0 0.9104171320796013 5.922197483479977 9.350792616605759 907.1769720166922 4.271472968161106 1.548389032483101 2.287677556276321 474.8586049824953 0.3947316184639931 17.66239187121391 18.79597501456738 2320.501054771245 243.6140146031976 1.494067892432213 2.106855750083923 35.86035312712193 4.350628435611725 78.13809411227703 8.818173855543137 396.3994319289923 103.5742609128356 655.9070533514023 123.9594995304942 385.3066601902246 34.61445355415344 15.03348332643509 7.649165719747543 2.188419878482819 1.178359091281891 1.236092120409012 438.9173551499844 2.388503268361092 176.8224405348301 116.8453524857759 78.03025100380182 75.38512596487999 410.5505226552486 4.44668935239315 580.6904335021973 0.4163966178894043 38.05110907554626 70.82132482528687 0 0.1694738417863846 4.495875924825668 1.492543339729309 457.7035786658525 0 3.503849178552628 0 412.8215797096491 0 2.376136846840382 2.534479722380638 560.9505326002836 26.02643664181232 1.161378622055054 0.6887931227684021 11.85066974163055 0 24.162712931633 4.055849254131317 253.3463543951511 1.38355615735054 231.7618391960859 44.60336303710938 254.4391303062439 29.26358005404472 6.699653401970863 1.185463637113571
51.61299619823694 3.289146214723587 1131.867190174758 1.690381161868572 0.5785985589027405 20.61443017423153 516.2539858967066 242.9814397841692 13.54567390680313 30.16827920824289 42.05298397690058 1.123547084629536 2.377792447805405 356.9199313297868 0 3194.47535251081 850.5295612439513 11.04201124608517 132.7060425281525 4.271472968161106 18906.69830368459 112.4970835894346 19431.57026451826 714.2615650445223 0.2126379907131195 52.37537829577923 613.6601637229323 6126.583691678941 737.7560506537557 15794.16793712229 0.271312415599823 7.373839899897575 74.03341960161924 4169.614796593785 212.5345271676779 9337.006883203983 1703.637991458178 7491.382934898138 3362.044868715107 719.1455441564322 21.07102860510349 0.7215457260608673 138.9429827034473 0 0.2977138757705688 19.93600396811962 0.5634243488311768 0.4296831786632538 0 3.359550729393959 1.110960640013218 9.853539779782295 0 0.6841370463371277 0.1173905804753304 0 0 0.4698646068572998 811.0381463468075 7.732421144843102 0.6891250163316727 1.952719584107399 0 729.6607491001487 265.9413044303656 274.6178410276771 211.4060823321342 0.1354727298021317 3.764507219195366 82.23267342150211 107.9919226244092 2.984444633126259 37.79530717432499 0.1330022811889648 0.4824786186218262 1.428641051054001 5.534197822213173 6.266671851277351 175.6596418172121 18.99382553994656 20.14939396083355 5.972625255584717 0.9737731143832207 0 0 1.118937492370605
0.1751548945903778 2627.183882497251 31.42986143380404 8.213927045464516 3.656432524323463 5.770222686231136 12.33785878866911 2.111578792333603 3834.313376754522 4.370286136865616 64.1548767387867 8.978795111179352 405.6783312261105 2.411448083817959 22.52466912567616 2910.230000965297 23.56352856010199 10.95962253957987 47.94540704041719 1.548389032483101 112.4970835894346 936.8283348158002 310.9494315162301 6464.815708450973 984.4016336426139 129.1641775146127 6822.869428880513 214.2502256259322 6.084166422486305 11.95406965911388 2.227994650602341 0.1491305530071259 0 34.62276120483875 2.821252837777138 184.4316160976887 646.7154887095094 147.5686089023948 47.86589021980762 96.2180365845561 0.4598343372344971 28.14517185091972 1.315167605876923 0 31.43588024377823 202.4734090194106 2.543807834386826 0.197963073849678 3.601715698838234 13.26816801726818 4.101367175579071 28.35113234817982 9.359740987420082 0 2.199722856283188 1.007722869515419 1.519157320261002 0.2557305693626404 2416.738400518894 10.50418268144131 1.055040791630745 3.145696915686131 2.303775370121002 198.8288050144911 291.4163327664137 736.172389164567 189.0886779353023 0.9282926321029663 22.56716328114271 2168.337822809815 59.24610444903374 0.3500992059707642 7.386443316936493 0.3694310039281845 0 0.2520174086093903 1.936500355601311 0.7102135419845581 80.8345140516758 40.52151730656624 26.60398107767105 10.82497653365135 3.553258121013641 0.7793182134628296 0 0
170.2188320457935 9.283254913985729 15756.00929185003 3.819281466305256 0.8157683610916138 71.25179872661829 1325.302447132766 748.132173165679 15.07878169417381 85.56773684173822 57.36421458423138 2.936996273696423 5.409614466130733 1312.869291655719 0 6708.40747410804 2687.828754760325 16.65022225677967 269.8149312213063 2.287677556276321 19431.57026451826 310.9494315162301 29976.32610266656 537.6870340257883 0 1316.255738303065 11246.8747593835 4612.396787084639 962.8092111945152 7700.448875650764 0.4945952445268631 9.984203867614269 52.2947600632906 3369.516759485006 362.680544950068 15636.01929080486 3675.88012085855 12034.26936532557 7939.881768092513 1772.079576827586 29.21013320982456 9.252959385514259 269.5939512997866 1.027769908308983 3.372742384672165 488.5373523086309 0.2179358601570129 0 4.85722853988409 47.80348719656467 17.81194495409727 3.330595821142197 7.884283930063248 0.3490323126316071 0 0.1355967074632645 4.663310617208481 0 2017.708261907101 9.980646975338459 0.7377062514424324 2.618756867945194 0 141.9845240116119 371.7568529397249 2268.421577267349 124.5469518378377 0.1239231750369072 15.91722728312016 2461.370774619281 78.0364985615015 5.22766549885273 9.246830642223358 0 0.2196421474218369 3.299921214580536 5.139009170234203 37.69018498063087 101.6614784896374 29.58346320688725 33.92084968090057 27.37676751613617 2.406914055347443 0 0 0.7234510183334351
39.56172227859497 542.6910690441728 90.28496278077364 3780.297134004533 48.44992682337761 709.7740221694112 976.2739551663399 195.7132339626551 13022.28704793006 420.623265363276 42.92930008471012 1427.854615829885 86.21213927865028 288.8230754956603 335.3111654371023 2598.56806717068 114.7328122332692 13.1495410874486 82.11197653412819 474.8586049824953 714.2615650445223 6464.815708450973 537.6870340257883 9544.467049725354 141.1134389489889 161.0540141239762 5578.089976340532 3750.566691465676 1281.572486542165 1660.093705147505 3.697380654513836 48.85951270163059 272.6507573202252 486.3065503910184 164.7835418954492 5036.783979870379 399.0740684047341 2845.856081344187 799.883389800787 1126.515959374607 115.4944134503603 21.18763788789511 50.07440468668938 2.801428943872452 27.0831141397357 87.87868446856737 330.6859223097563 4.015634708106518 107.980509608984 351.0667233541608 71.58000035583973 1004.965508945286 251.398203805089 5.446414642035961 226.2390406727791 1.542612880468369 60.03848473727703 17.69190928339958 1565.271797180176 16.08687642216682 3.855377331376076 7.459947638213634 253.2495439052582 1210.469712607563 1185.033069394529 505.7320988699794 4415.954756036401 2.778961822390556 24.39804220944643 564.0902041196823 2328.949747599661 193.3287724778056 222.4177389666438 1.797327354550362 9.420309126377106 30.62106892466545 74.68903709948063 12.08421383053064 1659.030912317336 58.91041591018438 364.8117177858949 151.3764508143067 171.0481127649546 54.36886158585548 7.795681312680244 8.320642158389091
0 1833.93200687319 0.4989470168948174 1.317296624183655 0.2422764003276825 1.331787846982479 0.6706299260258675 0.9319245293736458 219.4375148788095 3.92248473316431 720.4254195392132 3.221760243177414 6842.709232345223 7.945131041109562 2.67130883783102 0.3877299278974533 4.08280536532402 120.1542930528522 40.55099944025278 0.3947316184639931 0.2126379907131195 984.4016336426139 0 141.1134389489889 728.0134854912758 618.6079214066267 5671.701813697815 2.897953994572163 4.956194721162319 0.1260219514369965 334.2291529029608 1.132809102535248 0.1024909913539886 137.6842597350478 12.54884985089302 129.0999712720513 346.9394640028477 599.1803218051791 170.5348907187581 41.71573586016893 219.8676090240479 377.6500603705645 42.53679227828979 0 3.587140098214149 0.1432473808526993 0.3741417229175568 0 0.1474934816360474 0.4521095901727676 0.1489323079586029 0.4786854386329651 0.1967810988426208 59.22442664206028 0.1359815001487732 1447.511535912752 0.2946659326553345 0 0.4812118709087372 0.3901538699865341 41.69275746494532 11.94566233456135 7.726760387420654 0 1.011797711253166 0 2.78308393061161 29.66924053430557 70.88199600577354 686.9392816722393 0.23342265188694 0 0 64.78447677195072 0.2767981886863708 0 6.186398074030876 1.071147546172142 58.59617284685373 62.75555564463139 32.15500614792109 9.693086564540863 0.734890341758728 11.28392362594604 28.05515514314175 0
60.9306516200304 707.9139276146889 10921.94801791757 6.360436178743839 5.598494365811348 150.1051787883043 243.4999361038208 478.4089402481914 109.2214999273419 135.0543748885393 4256.95288836211 83.03206503391266 300.1421602964401 854.2705273106694 2.578459307551384 25.56038440018892 2492.577387094498 5217.045890159905 4566.184816762805 17.66239187121391 52.37537829577923 129.1641775146127 1316.255738303065 161.0540141239762 618.6079214066267 30858.84270292521 21203.18300630152 232.6772767975926 548.613216586411 142.3438531979918 354.4839042127132 58.72168103605509 16.18001138418913 2162.252149969339 36.97329764813185 3497.993013225496 5218.909796744585 5044.745679043233 1268.740459345281 35.19526107609272 4.437927521765232 30.62782837450504 10.67180170118809 1.243265457451344 551.9070925191045 352.4094204306602 0.2625262215733528 0 2.99063865095377 21.26567297428846 6.658692643046379 15.10823126137257 6.647880040109158 62.03214289993048 1.419225066900253 221.1895627677441 8.931251399219036 1.361024126410484 40.16669169068336 220.5374133065343 483.9752562120557 1186.788828231394 0 7.796864554286003 85.2949495613575 13.05104280263186 73.06422636657953 256.1441155970097 3747.563332661986 6655.021422833204 27.30097508430481 5.248437345027924 10.26186436414719 71.59196471422911 1.877733334898949 0 77.18196789175272 14.67647577822208 439.6960409507155 156.5812643617392 585.342630147934 174.6094858273864 5.269357621669769 0.7091909050941467 1.311855867505074 2.919283255934715
11.53458242118359 10549.5943845287 4915.232861079276 18.41014815866947 7.270042188465595 102.6585701182485 359.0684194341302 97.68331360071898 1698.992420591414 133.2513672932982 2216.930115230381 93.91486709564924 3602.073190271854 254.1319626793265 37.77716130018234 4550.11166216433 8485.724113367498 2514.015171080828 3543.324712656438 18.79597501456738 613.6601637229323 6822.869428880513 11246.8747593835 5578.089976340532 5671.701813697815 21203.18300630152 31876.10714113712 2195.294250078499 295.4809478148818 77.77318836003542 1505.768850944936 30.15986802428961 18.20905002206564 3325.455720983446 163.7702672928572 11219.8682532385 6952.112712003291 13114.72218754888 3851.396672271192 370.883837737143 10.48935052752495 60.48075291514397 77.93414801359177 3.653610564768314 2010.367777876556 3669.335856340826 5.881371349096298 0.1154660433530807 22.14169643819332 128.6734885647893 85.10476556420326 53.22200982272625 39.08054329454899 105.1241524145007 1.609112575650215 395.6033694371581 34.5414370149374 2.248494014143944 752.7855508103967 384.3770903274417 589.6064869835973 843.9928755313158 3.144948378205299 41.03911329805851 809.5520000532269 1039.076078176498 350.7795239090919 648.2829352840781 3690.975694961846 22441.33015801013 151.5356801524758 14.15898801386356 11.37383842468262 134.5277027636766 2.147881478071213 0.8483861535787582 106.4040454998612 39.04392194747925 829.1012279242277 415.8319438993931 825.9256427660584 262.6005422994494 12.6326407790184 2.618286460638046 5.152672424912453 4.702543884515762
115.4260985031724 14.1767428740859 1829.973668396473 4024.162717171013 16.59907158464193 3123.820760764182 26890.27384956926 1155.944229461253 1420.248492144048 9596.224389441311 42.97392900288105 940.2124315202236 13.68324475735426 1417.37007778883 66.17123758047819 1655.118173517287 437.1427006348968 19.30409764498472 87.35480400919914 2320.501054771245 6126.583691678941 214.2502256259322 4612.396787084639 3750.566691465676 2.897953994572163 232.6772767975926 2195.294250078499 19863.46942144632 3216.515351317823 15318.64614871144 2.796992726624012 67.58982061594725 1164.178996875882 2015.330770760775 332.3319658637047 7978.381387367845 410.5848262682557 6114.614169605076 1843.349376760423 638.1924403905869 84.89113082736731 9.123444676399231 98.23968394845724 4.341538578271866 8.51738515496254 66.41098907589912 529.0976790264249 2.36603906750679 192.2944654747844 418.1298423409462 54.04036046564579 392.4002338051796 475.6400776728988 9.018675953149796 362.5595778152347 2.534979097545147 53.74988789856434 17.6803887411952 571.8099827840924 10.71440674364567 4.325655393302441 3.359381899237633 399.3944917321205 648.6918058097363 392.0643038824201 223.2009356170893 3155.499416477978 0.7039075940847397 8.44842217117548 352.5675114095211 2162.328771278262 229.9773319587111 303.8079845681787 0.7151784896850586 10.76461220532656 54.8121547549963 101.3033931553364 22.22987495362759 1606.920193426311 41.91339430212975 317.2733162939548 128.0559696182609 132.1544196605682 23.98081271350384 9.827256456017494 8.190605849027634
