1299.025455504656 0.6664191037416458 15.83668588101864 4.972089245915413 2.723303891718388 61.86269429326057 4889.882931292057 720.3200681656599 0 32.21383281052113 43.10560843348503 0.7674118801951408 6.97884239256382 5149.17787976563 0.1589258015155792 0.1157843470573425 65.88579389452934 16.96363592147827 25.82032110542059 1.794965982437134 84.69589648395777 0.7969420626759529 139.4253459200263 5.268402509391308 0.1654773503541946 73.32164342701435 33.27226928621531 32.41872644424438 6327.847768828273 2995.996288135648 0.489110104739666 42.39440390467644 74.42235337942839 336.213312484324 0 44.37926840037107 10.99781081825495 197.0609592720866 17.53232412040234 6.612946450710297 8.305986031889915 0.7526140809059143 1.01994152367115 0 0.7896287739276886 2.532651282846928 0 0 0 0.1112392693758011 0 0.1881589889526367 0 0 0 0 0 0 0.6155576556921005 0 0 0.1327603906393051 0.07802031934261322 0.1459240615367889 0 0 0.8368680328130722 0 1.338921941816807 2.961517952382565 2.592778846621513 0 0.08620073646306992 0 0 0 0 0 2.96076712012291 0 0.3640450835227966 0 0.5098421573638916 0 0 0.3320454359054565
0.6664191037416458 786.7455075979233 383.0243952199817 0 0.195519357919693 0.4144987091422081 8.236137934029102 5.590869411826134 490.6316639631987 0.3832984566688538 66.62288308143616 0 749.1230862140656 5.698979005217552 2.910624481737614 273.6532468944788 122.0397025421262 6.322406202554703 35.60583631694317 0 19.29459484666586 2829.542987972498 109.5017727389932 799.2080130800605 2170.553403586149 529.064454600215 9585.836354285479 114.6173720881343 4.5065833106637 9.271124191582203 9.181554444134235 0.168985903263092 1.703176692128181 76.97261475026608 0.3112848401069641 532.7095486819744 820.983755685389 381.4713647961617 80.34026250243187 7.408639349043369 0 107.5507417321205 1.718758180737495 0 101.8963863700628 135.6828692108393 0 0 0.09056951850652695 1.812699891626835 0.7459042370319366 2.951776847243309 0.1154483035206795 10.47340609133244 0 35.52018918097019 1.272382698953152 0.08596181124448776 10.81196975708008 172.7712525129318 4.327604502439499 100.1647728383541 0 4.30488570779562 48.89640923589468 30.79844369739294 5.0343152359128 58.19546034932137 709.1131287813187 1803.624669991434 2.251913450658321 0.6577180773019791 3.888203009963036 5.230339154601097 0.1931455582380295 0 16.03200833499432 2.21407476067543 85.52093663066626 71.48702864348888 67.14054104685783 19.39684429764748 0.1628101915121078 0.2291360646486282 1.243531838059425 0
15.83668588101864 383.0243952199817 9853.310192868114 0.9508629590272903 0.273385263979435 12.73893976956606 587.314870916307 219.9685310870409 13.65363620966673 14.32515618950129 16.22204972803593 0 10.6731112152338 161.0573713034391 0.4856979846954346 40.40529202669859 895.5270208269358 23.56619670242071 96.72867345809937 0 715.1320606768131 190.453155502677 16732.64393479377 352.168486379087 28.0905756354332 6443.481946602464 11547.98210819066 925.4689970836043 50.15176309645176 249.2700806483626 3.156382888555527 1.743323422968388 6.260691620409489 273.3726771697402 15.38659918308258 1159.37534622103 2786.577647402883 1142.457294970751 553.5664717927575 22.45031329244375 1.109144568443298 1.739362150430679 8.792757004499435 0.9917438477277756 382.2437073141336 1694.806509539485 0 0 0.803588479757309 21.9932970777154 7.257955595850945 3.279707863926888 0.3235054314136505 0.6478715837001801 0.1161857098340988 0.4976721405982971 6.126612521708012 0 86.55194138735533 321.837438352406 1.188603788614273 48.5776035040617 0.1015135869383812 23.03218674659729 176.5099073573947 396.5765942186117 14.16816285997629 1.042562738060951 569.9356834292412 3210.506320856512 16.63786086440086 1.260142743587494 18.36687102168798 0.1484411209821701 0.1026577949523926 0 28.99535141885281 10.62038362026215 279.1667976155877 371.9820228368044 160.5176398307085 61.43624528497458 3.30977675318718 0.1994820684194565 0 1.180317461490631
4.972089245915413 0 0.9508629590272903 3126.266876742244 10.53648920357227 284.7304151132703 484.5682534351945 91.6844032779336 1006.627012439072 6113.498094446957 6.669344313442707 2495.118557401001 3.101304717361927 46.19150470942259 86.00770899653435 0.165321558713913 0.3234522566199303 2.957140348851681 2.441484250128269 5144.675315260887 1.575187705457211 0.3324210345745087 0.8450110554695129 2273.184611730278 0.3054265081882477 4.005073465406895 2.121364764869213 4337.392615683377 73.98610334843397 2.313973590731621 0.1734804660081863 6.568263009190559 9.938946858048439 53.55310858041048 1.758194729685783 357.647866897285 1.403844058513641 127.7797577008605 17.76629927754402 156.798398219049 15.0500061288476 0.330775573849678 5.055431015789509 0 0 0.435411125421524 90.71031089127064 0.1390192210674286 38.02886793017387 137.6370997130871 33.14692639559507 118.6480153053999 239.0325531512499 0 225.3766582757235 0 3.440767854452133 5.388132810592651 0.159114345908165 0 0 0 213.8316185846925 0.12023064494133 0.1936300843954086 0 339.5483049526811 0 0 0.3961318731307983 249.8907499238849 1.88527649641037 0.3669869974255562 0 0 0.2834267690777779 0.5372288823127747 0 77.54385683685541 0.1293931752443314 7.15863398462534 0.4104387611150742 72.72533345967531 0.2578157037496567 0 0
2.723303891718388 0.195519357919693 0.273385263979435 10.53648920357227 241.2970475703478 435.8939145132899 18.63667556643486 35.16175106167793 69.91056538373232 34.40794859826565 20.6091606169939 195.8158160150051 95.85287281125784 15.83384480327368 1937.258629359305 0.3745537400245667 0 2.832733176648617 1.96269253641367 28.3655788898468 0 0.1231934204697609 0.5559492856264114 32.86159175634384 0.657844141125679 2.409874387085438 0.5315406918525696 10.43248964846134 89.0111974850297 1.682915918529034 0.275700107216835 308.1475618109107 0.07634328305721283 606.5821636095643 0.2722935676574707 525.4281621053815 11.22832550108433 253.9549183622003 73.22629328072071 2641.445022620261 300.232739970088 13.30248428881168 15.62142935395241 0 0 0 0 0 0 0.6897876411676407 0 0 0 0 0 0 0 0 0.1592011451721191 0 0 0 0 0 0 0 0.4158210232853889 0 0 0 2.9034378901124 0 0 0 0 0 0.2324765920639038 0 5.57311275601387 1.55170151591301 2.074557349085808 2.692284762859344 0 0 0 0
61.86269429326057 0.4144987091422081 12.73893976956606 284.7304151132703 435.8939145132899 15029.78784906864 4573.521087348461 5459.849501885474 154.8891078457236 17086.87689065933 154.8446064889431 4137.145698733628 179.536145426333 710.4626712501049 1432.952507585287 0.6193384155631065 11.666509591043 38.47697252780199 26.73767086863518 704.202636167407 23.25494044274092 0.2127952799201012 19.51863943785429 65.61870539933443 4.776682376861572 55.37710753083229 15.6369321718812 1174.4250132218 546.6207291632891 39.77030953019857 1.781409800052643 601.6989274322987 33.37524475902319 797.203509144485 2.903158985078335 1145.102901056409 31.44350451976061 871.3204214274883 224.575747795403 3184.660535939038 253.947665065527 34.66540256887674 18.88358793407679 0.1261201053857803 0.1024103388190269 0.1239414662122726 6.461965583264828 0 6.513922244310379 37.54672802984715 6.364631585776806 6.350396543741226 24.39391101896763 1.802885994315147 23.35293827950954 0.2944753170013428 2.339883290231228 0.9041353240609169 2.172957479953766 0 0 0 21.55716143548489 0.1755852252244949 0.8644373863935471 0.942368745803833 51.13289640843868 0.1263861209154129 0.6791798770427704 1.388197667896748 51.35198687762022 1.351645797491074 5.029656521975994 0 0 0.4609465301036835 0.4704065546393394 0.5005349814891815 30.76485173404217 0.7157993167638779 6.586160086095333 10.70972700417042 15.31598234921694 0.6308763027191162 0.986383892595768 0.6392161622643471
4889.882931292057 8.236137934029102 587.314870916307 484.5682534351945 18.63667556643486 4573.521087348461 19172.38470009714 7393.480464711785 410.6039195358753 9359.886819794774 84.11960152536631 23.28913217782974 34.63373328000307 12580.31038282067 22.40177596360445 5.282210402190685 195.3270735964179 37.69903599470854 58.61212976276875 31.17034843564034 3105.742754042149 35.27322488278151 1204.282837845385 467.0723452195525 6.704380169510841 472.1726577952504 178.1106393784285 20537.52500034124 2698.456529989839 7712.433234713972 1.309100516140461 77.90090058743954 635.9493079856038 1034.17659971118 27.04419884830713 2991.497675597668 69.65046676248312 1544.575117960572 385.7924911603332 235.011433981359 101.2615977674723 6.433549128472805 67.36511664837599 2.554811127483845 2.675098113715649 14.04498957842588 19.29245125502348 0 29.40994857251644 354.8770811483264 105.779667750001 155.0981929600239 71.0066335350275 0.831679530441761 18.24400835484266 0.1794060841202736 25.48510757088661 2.537153646349907 15.24426171183586 0.7205448299646378 0.3591555431485176 0 33.64286635071039 11.87886529415846 8.6492765173316 9.250014394521713 725.1928822174668 0.2959301844239235 1.540822312235832 26.21057694405317 565.4531029611826 12.93150460720062 37.40492503345013 0 1.277105063199997 1.67609815299511 10.24028497934341 3.715168938040733 186.1462354958057 2.413489073514938 41.53950002789497 7.121530443429947 23.74069136381149 5.791888892650604 0.1756568998098373 1.984561786055565
720.3200681656599 5.590869411826134 219.9685310870409 91.6844032779336 35.16175106167793 5459.849501885474 7393.480464711785 12358.54477030784 21.8430027961731 3062.434568829834 229.4893276020885 228.2413452193141 147.9395623281598 8906.200444035232 47.7664038091898 0.5304862409830093 287.7456296607852 60.08089053630829 113.3020283803344 141.2860654368997 404.9115992188454 3.55440054833889 429.797615237534 94.80283907055855 7.204177550971508 540.3138480037451 180.6171094924212 548.7073184996843 1225.73501612246 1028.112563319504 2.233595080673695 840.1200319454074 25.61077752709389 1097.486117385328 2.042189963161945 546.4179665967822 77.23171843588352 782.5357565581799 173.2678133100271 556.9809159711003 151.9793041497469 24.71218268573284 14.50029408186674 0 2.039910294115543 10.14773795008659 1.513511449098587 0 8.393582634627819 61.92583230137825 11.36054633557796 13.22378558665514 4.522948302328587 0.9579846262931824 2.993078894913197 0.1696042418479919 5.578025221824646 0 3.120969168841839 1.042796164751053 0 0.5688078999519348 2.8612100481987 2.715537905693054 1.900202855467796 2.364643231034279 83.06480164825916 0.6234024316072464 3.759420670568943 19.85434874892235 85.06582672148943 2.150162160396576 11.38662476837635 0 0 0 0 0.2960685193538666 27.69274112582207 3.167003750801086 7.281827554106712 7.548200815916061 0.5068403780460358 0.2067079693078995 0.811672255396843 0
0 490.6316639631987 13.65363620966673 1006.627012439072 69.91056538373232 154.8891078457236 410.6039195358753 21.8430027961731 1472.323153473437 634.6023970618844 5.624678790569305 1171.563734523952 22.59412762522697 20.31546731293201 454.6370374560356 97.66396149247885 14.23491089791059 1.281043112277985 1.32146892696619 581.4509471133351 26.72599473595619 3061.279818035662 10.82152996212244 12955.39715567231 112.5571932941675 47.67658072710037 578.6982126310468 2826.312121167779 6.798311568796635 101.3575782552361 0.7884849533438683 3.65218622982502 2.366461701691151 13.92061334103346 1.056731782853603 63.20545825362206 12.73543833941221 37.52595219016075 8.29784256964922 82.81733002513647 4.2915168851614 2.063112072646618 1.869585961103439 0.4516386985778809 5.932799987494946 5.716670647263527 59.3490237146616 0 26.00027681142092 123.1733974814415 20.75956193357706 99.92369089275599 137.5902618393302 0.7055009007453918 68.58502617478371 1.58561847358942 6.01053187251091 4.40917830914259 234.87482958287 0.7520675808191299 0.1201041787862778 1.180589154362679 106.149980135262 93.95416213572025 116.8254364877939 87.29041773825884 886.5381212905049 0.4897366389632225 5.776704080402851 13.22939909249544 372.5135136842728 7.339224591851234 29.10671103000641 0.09681445360183716 0 1.057263672351837 2.559000290930271 0.8964166045188904 33.70731961727142 2.103813864290714 10.49137418717146 1.974599659442902 8.348682433366776 1.523976817727089 0 0
32.21383281052113 0.3832984566688538 14.32515618950129 6113.498094446957 34.40794859826565 17086.87689065933 9359.886819794774 3062.434568829834 634.6023970618844 41942.08761666715 111.3759489580989 3465.587227366865 45.70484716445208 921.8983013704419 128.957798242569 0 7.928308129310608 44.69358047842979 40.82219590246677 3664.728104509413 53.54453872144222 0.1062806770205498 22.81737208366394 314.3047571852803 1.247770428657532 57.20524885505438 18.00077342987061 4602.348914302886 789.8974765539169 15.71804038435221 2.018075376749039 101.5324907228351 46.53152700513601 720.8608060702682 14.49477854371071 1945.326968125999 26.3077684044838 1489.515635825694 155.7804556488991 427.7332267388701 127.2027875110507 5.801000751554966 46.11112958192825 0.252959631383419 0.1795092672109604 0.3108848184347153 96.2437676563859 0.2412680983543396 86.07312869280577 359.9647067785263 84.94487061351538 138.3217617496848 413.482378937304 0.5172780007123947 224.5569451376796 0.1135596856474876 16.94827382266521 8.190688706934452 0.0975651815533638 0 0 0 289.6866464316845 1.575712919235229 0.6287433505058289 0.1358864456415176 662.8238897696137 0.1865284740924835 0.2397533804178238 0.7519041448831558 537.9188232123852 5.646521203219891 1.512858517467976 0.1181753054261208 0.19660384953022 0.3590619564056396 4.612939864397049 0 166.8098744079471 0.9188350364565849 14.17402659356594 2.190429985523224 99.57772067189217 3.817772269248962 0.2328957468271255 0
43.10560843348503 66.62288308143616 16.22204972803593 6.669344313442707 20.6091606169939 154.8446064889431 84.11960152536631 229.4893276020885 5.624678790569305 111.3759489580989 12516.71013209224 31.97515544295311 3411.71592374891 382.0818044245243 4.271531090140343 1.799623370170593 676.4183251932263 3620.943050637841 2318.685401648283 18.21769379079342 17.39024406671524 18.36296943575144 40.89442025870085 6.691060185432434 539.7507453560829 3945.831002809107 564.1584760546684 23.44551542401314 159.4380258470774 23.33506596088409 360.3826866745949 280.2871376350522 3.840699888765812 8641.130044788122 2.852234378457069 423.666018396616 3990.81742515415 3891.202357217669 836.3899518921971 16.75882504880428 8.333045572042465 1211.472578324378 4.690395347774029 0 32.90730854123831 0.9392021745443344 0.3236647546291351 0 1.110805697739124 1.029337719082832 1.099581450223923 1.845924876630306 0.378751315176487 346.4538820534945 1.100365124642849 717.0960633382201 1.457472153007984 0.09559263288974762 0.1337611526250839 2.955246180295944 25.49741464108229 8.104401707649231 0.1206629723310471 0.6704229861497879 10.16273648291826 0.2951186448335648 5.92567378282547 304.2417464628816 146.9389288425446 252.1944476217031 1.433193080127239 1.590007737278938 0.7803065627813339 63.35361632704735 0.8654891029000282 0 12.64695586264133 0.3781576529145241 26.03617671877146 162.2889457419515 30.82229291647673 20.45359493046999 1.28535658121109 0.8282812237739563 80.46085684001446 0
0.7674118801951408 0 0 2495.118557401001 195.8158160150051 4137.145698733628 23.28913217782974 228.2413452193141 1171.563734523952 3465.587227366865 31.97515544295311 11015.44972583652 16.00560615211725 58.48647259920835 2225.26286098361 0 0.8906916752457619 10.99075032025576 6.340915709733963 7942.773189663887 0.1740747094154358 0 0.4130388349294662 157.5605640336871 0.1294185817241669 8.50993537157774 3.004441604018211 532.5011834874749 46.71278367191553 0.0955793559551239 0.4569979682564735 47.2059084624052 0.973553441464901 131.9489486441016 2.301258847117424 983.7836917042732 2.025154545903206 253.9570216760039 27.16362969577312 1831.761318288743 45.57281544059515 3.444460481405258 1.609864339232445 0 0 0 60.99420140683651 0.9274077713489532 20.61051774770021 44.45460068434477 10.26667443662882 50.2173300459981 115.0513292774558 0.181203618645668 192.0064570084214 0 1.63738601654768 11.45435474067926 0 0 0 0 106.6128145679832 0.8370879888534546 0 0 90.19164957851171 0 0 0 95.02921069413424 0.1269900351762772 0 0.08648537844419479 0.2587332129478455 0 0.4976783692836761 0 55.33574379235506 0 1.875656917691231 0.491481602191925 63.44831493496895 0.2270095646381378 0.3919005393981934 0.3654999136924744
6.97884239256382 749.1230862140656 10.6731112152338 3.101304717361927 95.85287281125784 179.536145426333 34.63373328000307 147.9395623281598 22.59412762522697 45.70484716445208 3411.71592374891 16.00560615211725 3777.605832666159 78.89046993851662 5.83379553258419 12.06822109222412 33.23610800504684 114.7496435344219 63.46938769519329 10.68149875849485 15.89403614401817 190.0090796425939 31.83824612945318 41.46595095098019 7055.64762288332 1055.478403888643 5640.032671496272 23.05511087179184 37.16250409930944 32.25111818313599 1742.475906215608 108.5224776491523 1.458949469029903 1475.850673109293 177.7439194619656 2022.962340965867 9000.212722063065 4461.495045244694 922.1046156361699 111.1759149879217 320.3659378215671 1393.490420766175 33.65147745609283 0.1642465740442276 152.6131992936134 6.61810114979744 0 0.1569048464298248 2.611954875290394 1.264616809785366 5.257650315761566 3.086845226585865 0.7379661053419113 1059.895952470601 1.092908509075642 3255.764369785786 3.85326299071312 0.1176375970244408 2.401093244552612 6.441369228065014 66.65417936444283 14.40256674587727 0.09734772145748138 3.334852315485477 23.20430742204189 2.204936176538467 5.436999768018723 1092.888692326844 501.7498934939504 672.9060249850154 3.529451705515385 3.641531750559807 2.921337999403477 277.2518621236086 1.95554193854332 0 41.96478323638439 106.5115331858397 316.2455148175359 531.3297597169876 161.7208652570844 67.7042625322938 9.845350801944733 17.36176493018866 101.1067669764161 1.217830777168274
5149.17787976563 5.698979005217552 161.0573713034391 46.19150470942259 15.83384480327368 710.4626712501049 12580.31038282067 8906.200444035232 20.31546731293201 921.8983013704419 382.0818044245243 58.48647259920835 78.89046993851662 11151.22960511595 11.78969360888004 1.115251734852791 327.9958333596587 83.92207284271717 137.763472571969 43.65184938162565 428.709409289062 1.750513426959515 556.2019653767347 34.76976610720158 4.013588316738605 545.4812004417181 206.4677847325802 246.4538658186793 8096.71286700666 2049.336717180908 3.308369785547256 214.2444442659616 44.35718411952257 1877.127576872706 1.946170419454575 241.7541559711099 92.97307591885328 692.1414865851402 83.55112260580063 71.62474158406258 50.89839036762714 8.062254816293716 4.905295580625534 0 2.2967214807868 10.32871336489916 1.762824438512325 0 2.165744200348854 38.03374915570021 7.614403814077377 10.09511077404022 6.613510176539421 0.6017456650733948 2.554447963833809 0.724404513835907 1.602890118956566 1.85988861322403 3.593906074762344 1.847061738371849 0 0.3194790035486221 1.788544148206711 2.213549517095089 1.709011480212212 3.551835313439369 44.47317486256361 0.5053411871194839 10.35783118754625 17.06110510230064 47.66880468279123 1.661268174648285 5.457694739103317 0 0 0 1.811889365315437 0 26.20454631000757 2.200258322060108 4.427412264049053 2.325892277061939 0.5462076514959335 0 0 0
0.1589258015155792 2.910624481737614 0.4856979846954346 86.00770899653435 1937.258629359305 1432.952507585287 22.40177596360445 47.7664038091898 454.6370374560356 128.957798242569 4.271531090140343 2225.26286098361 5.83379553258419 11.78969360888004 771.0563454180956 0.8005834966897964 0.1674421429634094 1.199513114988804 0.305278554558754 326.9952002465725 0.356350414454937 13.32856389135122 0.2400481104850769 760.2002279609442 0.5478605404496193 2.057774633169174 3.592398799955845 76.38074998557568 8.004663191735744 0 0.2860357761383057 500.1874756589532 0.3452554121613503 31.99972137063742 0 38.6066382303834 0.4116553440690041 44.51072167605162 9.832660898566246 1418.851689778268 88.57289316505194 2.882643923163414 0 0 0 0 0 0 0 0.08125223964452744 0 0.2890581339597702 0.4752826765179634 0 0.5733867287635803 0 0 0 0.3298937380313873 0 0 0 0.8100565746426582 0.2351609542965889 0.2383486479520798 0.09737677872180939 0.7953481078147888 0 0 0 0.9445168375968933 0 0 0 0 0 0 0 0.4629424810409546 0 0.2186751216650009 0.6165008693933487 0 0 0 0
0.1157843470573425 273.6532468944788 40.40529202669859 0.165321558713913 0.3745537400245667 0.6193384155631065 5.282210402190685 0.5304862409830093 97.66396149247885 0 1.799623370170593 0 12.06822109222412 1.115251734852791 0.8005834966897964 6028.734014421701 40.47831498086452 0.9023473635315895 2.126395843923092 0 3661.922114893794 3085.053700335324 10128.22747930884 4143.673125989735 38.88431031256914 61.86877804249525 5859.774724915624 1701.475926987827 3.842128984630108 97.79770758748055 0 0.1479586213827133 1.706412881612778 35.20065629482269 10.4532839730382 1165.414520159364 960.7709810659289 213.6095393672585 222.9446832686663 26.21210201084614 0.4114018678665161 0.5893440097570419 11.28758800029755 0.5893322080373764 14.09140036255121 88.33290769904852 0.143003523349762 0 0.4395929798483849 15.68523880839348 1.079186856746674 41.27105598151684 0.4641934707760811 0.4373279884457588 0 0.9408151358366013 2.647096075117588 1.449562512338161 1990.814424060285 6.588866859674454 0 1.312062457203865 0.3958916366100311 379.6752288192511 706.2731523215771 1591.913891777396 277.6259180232882 0.170714795589447 13.93220589309931 640.3078994080424 181.0758345499635 5.877839758992195 97.9497063010931 0 0 2.967691481113434 3.614136181771755 2.378036603331566 314.2854949310422 9.517650805413723 16.00488054007292 7.055775493383408 2.850479319691658 0.2930992841720581 0 0.2909723222255707
65.88579389452934 122.0397025421262 895.5270208269358 0.3234522566199303 0 11.666509591043 195.3270735964179 287.7456296607852 14.23491089791059 7.928308129310608 676.4183251932263 0.8906916752457619 33.23610800504684 327.9958333596587 0.1674421429634094 40.47831498086452 3065.575691312551 583.3219453990459 5599.576357156038 1.180147260427475 1734.598521977663 48.22782851755619 7144.456988871098 55.60788051784039 5.591281712055206 5129.460843250155 4260.027068905532 96.09272826462984 239.0594753697515 1234.20931647718 7.47240411490202 3.852507621049881 8.622090347111225 1828.472713239491 2.064622312784195 253.7022241353989 4948.959255389869 897.6258164197206 197.2586553096771 5.578026786446571 0.5510007739067078 21.17209073901176 1.694949135184288 1.010673955082893 87.14322453737259 310.0717752277851 0 0 0.2389829754829407 5.4325170814991 0.6776551455259323 0.1919505745172501 0.1406638920307159 2.404638737440109 0 3.635959044098854 1.808916017413139 0 6.076276548206806 201.934071354568 4.558156386017799 97.3848918825388 0 4.263562768697739 6.971834763884544 31.5049462467432 2.40133947879076 2.642480924725533 738.0032577440143 495.6873706877232 3.861398614943027 0.3334307223558426 5.630016699433327 0.389802873134613 0 0 10.50996147096157 0.5616641044616699 84.61046914756298 170.4680593386292 82.14970169961452 21.03299795091152 0.4224820733070374 0 0 0.1756694912910461
16.96363592147827 6.322406202554703 23.56619670242071 2.957140348851681 2.832733176648617 38.47697252780199 37.69903599470854 60.08089053630829 1.281043112277985 44.69358047842979 3620.943050637841 10.99075032025576 114.7496435344219 83.92207284271717 1.199513114988804 0.9023473635315895 583.3219453990459 809.6021037101746 1377.236465811729 5.848184488713741 14.06398448348045 1.364672869443893 55.71243245899677 3.774111188948154 16.98164744675159 4449.834024749696 469.3888453096151 8.91631793230772 45.54330831766129 22.3179267346859 23.1952747926116 33.09136059135199 1.827691428363323 1411.13570702076 3.476119078695774 627.2043308541179 867.6503442451358 1895.138754881918 568.2804788202047 9.716977544128895 1.18263141810894 32.32798083126545 2.595774427056313 0 6.889689922332764 1.782705649733543 0 0 0 0 0.097796231508255 0.1039102375507355 0 33.46973595023155 0.09543158113956451 51.78347013145685 0.4419613480567932 0 0.1475876718759537 3.960946135222912 17.6890981644392 14.91918978840113 0 0 0.210909940302372 0.7087974101305008 1.476971030235291 112.6437160596251 90.8374033421278 184.9515573456883 0.9501344710588455 0.5709984675049782 0.2799443677067757 12.80489198118448 0 0 1.40749853104353 0.4709363579750061 8.445034980773926 5.880111686885357 2.266217350959778 0.9172862395644188 0 0 1.265780054032803 0
25.82032110542059 35.60583631694317 96.72867345809937 2.441484250128269 1.96269253641367 26.73767086863518 58.61212976276875 113.3020283803344 1.32146892696619 40.82219590246677 2318.685401648283 6.340915709733963 63.46938769519329 137.763472571969 0.305278554558754 2.126395843923092 5599.576357156038 1377.236465811729 2314.588491402566 6.493001498281956 65.67219513654709 7.766156665980816 297.4349353983998 9.518711268901825 10.5752973780036 8108.168573960662 1467.884530320764 19.88673657178879 94.88185619562864 101.2806139588356 15.15355504304171 27.53014987707138 3.393386892974377 4440.833528921008 3.29317120462656 507.3377676233649 861.8879097178578 2394.953972488642 495.7798574119806 7.610063031315804 0.623963363468647 13.58394141495228 1.507066786289215 0 24.31988801062107 12.87822639197111 0 0 0 0.6945815980434418 0 0.3430923223495483 0 4.951622277498245 0 7.756099447607994 0 0 0.7588788643479347 25.26993197202682 6.541409380733967 34.79786832630634 0 0.6397354751825333 0.4319472312927246 1.195860996842384 0.821531280875206 23.0779103115201 257.3402310013771 184.7083360105753 1.222807534039021 0 0.9711259305477142 2.750207856297493 0 0 5.254395931959152 1.210305154323578 9.838495142757893 27.79865498095751 9.713898375630379 1.612203359603882 0 0 0.4522155821323395 0.1815935373306274
1.794965982437134 0 0 5144.675315260887 28.3655788898468 704.202636167407 31.17034843564034 141.2860654368997 581.4509471133351 3664.728104509413 18.21769379079342 7942.773189663887 10.68149875849485 43.65184938162565 326.9952002465725 0 1.180147260427475 5.848184488713741 6.493001498281956 580.9419304281473 0.5022706985473633 0 0.6203445568680763 310.7925556600094 0.4365834295749664 6.388512350618839 1.964399442076683 3905.483880400658 71.13489440083504 0.4582686498761177 0.3995205461978912 19.0163321569562 1.083994127810001 84.97916957736015 2.725215010344982 294.0943032130599 4.613461725413799 173.4866769313812 19.01089371740818 422.1644022986293 18.77055224776268 2.497385673224926 4.595348253846169 0 0 0.293609619140625 48.03792460262775 0.3660381734371185 20.02627199143171 65.04465944319963 16.22424006462097 44.24569837003946 119.433960236609 0.3555576279759407 119.0310954004526 0 1.288947559893131 4.169072814285755 0 0 0 0 89.31772702932358 0 0 0.1303907781839371 127.5887111574411 0 0 0 109.2594786882401 0.4799573123455048 0.290947824716568 0 0 0 0.2060068622231483 0 35.93365324288607 0.284733347594738 0.9348331764340401 0.3249309360980988 38.29736769944429 0.2457699850201607 0 0
84.69589648395777 19.29459484666586 715.1320606768131 1.575187705457211 0 23.25494044274092 3105.742754042149 404.9115992188454 26.72599473595619 53.54453872144222 17.39024406671524 0.1740747094154358 15.89403614401817 428.709409289062 0.356350414454937 3661.922114893794 1734.598521977663 14.06398448348045 65.67219513654709 0.5022706985473633 13257.78760649264 138.0587027594447 22055.55461330712 700.9048254042864 8.635053478181362 226.7559432461858 1485.684807352722 6475.782497905195 264.3050467073917 17705.65748658031 0.1619766056537628 2.061443902552128 52.4495122730732 2790.190189689398 25.96666925400496 4150.939664557576 1319.028027400374 3313.665328271687 1867.336186602712 196.2596911042929 8.49549225717783 6.382786132395267 56.20828131586313 2.384129002690315 6.90071228146553 69.47327908873558 0.3582815825939178 0 0.4255230277776718 24.82144203037024 6.748407833278179 43.74837695807219 1.930615022778511 0.1541031450033188 0.1210201531648636 0 4.161128759384155 0.3740016967058182 471.5264300778508 4.243596062064171 0.1162277013063431 1.132357642054558 0.7286109328269958 296.8493622913957 129.0659140571952 291.4178982451558 226.1446662098169 0.129354402422905 8.370076030492783 133.441425293684 169.716883957386 16.96654586493969 140.1063273474574 0 0 1.445444591343403 4.376379162073135 4.165440574288368 127.3617322295904 7.37706783413887 16.62696500867605 8.687161587178707 2.185277238488197 0 0.1234964355826378 0.1581732034683228
0.7969420626759529 2829.542987972498 190.453155502677 0.3324210345745087 0.1231934204697609 0.2127952799201012 35.27322488278151 3.55440054833889 3061.279818035662 0.1062806770205498 18.36296943575144 0 190.0090796425939 1.750513426959515 13.32856389135122 3085.053700335324 48.22782851755619 1.364672869443893 7.766156665980816 0 138.0587027594447 2545.722665086389 431.0756938457489 6928.30457573384 726.9537010937929 182.8260041475296 7386.704876825213 631.1024851053953 2.527670480310917 29.94221419841051 3.232109069824219 0 0.4444317370653152 36.67555253207684 0.7360363453626633 159.2278436273336 246.7780143469572 124.7481625005603 48.95476361364126 7.992546401917934 0 19.26827315986156 1.370293512940407 0.3456181362271309 20.53486074507236 183.9301988556981 0.1451946198940277 0 0.155425027012825 5.804026819765568 0.6743240505456924 25.29430182278156 0.2773428112268448 2.618140086531639 0 11.0419789776206 0.4768469259142876 0.3725034222006798 871.1080958172679 8.070506796240807 0.8948893621563911 1.410851925611496 0.08895798027515411 73.72536493092775 108.4099854379892 453.5072111263871 94.46704187989235 0.9853092133998871 27.17110292613506 1347.216933712363 38.2435718998313 0.1199926808476448 10.54416354000568 1.370057836174965 0 0.356780931353569 2.316229894757271 0.213893786072731 41.64468044042587 13.69066391885281 15.60644653439522 8.07539413869381 0.5026214793324471 1.415460184216499 0.1568711549043655 0.2869119942188263
139.4253459200263 109.5017727389932 16732.64393479377 0.8450110554695129 0.5559492856264114 19.51863943785429 1204.282837845385 429.797615237534 10.82152996212244 22.81737208366394 40.89442025870085 0.4130388349294662 31.83824612945318 556.2019653767347 0.2400481104850769 10128.22747930884 7144.456988871098 55.71243245899677 297.4349353983998 0.6203445568680763 22055.55461330712 431.0756938457489 19990.51833389699 641.4641618654132 13.18829169124365 4346.278153881431 14102.30196468532 2709.443751789629 246.7333258092403 4929.126355484128 0.6568731963634491 2.108074985444546 23.09807649254799 2086.89738766849 141.7825240567327 12865.84919438511 6494.335483953357 6486.250146612525 5447.754175640643 566.1736742332578 17.41152979433537 21.54816073179245 170.5597808510065 0.3474333584308624 68.6554651260376 936.8578303679824 0 0 0.8438891619443893 20.48271127045155 3.708064556121826 24.69440738856792 0.7587256282567978 0.3355217799544334 0 0 4.370679318904877 0.3884335905313492 2270.003454938531 31.72484370321035 0.1551112234592438 3.728124037384987 0 314.7554758638144 499.7330719456077 2141.784508168697 200.4340571537614 0.2128485292196274 50.33679881691933 2378.002597682178 115.8893412053585 5.299622796475887 85.24594608694315 0 0 0.6486366987228394 11.88629616051912 38.94650527834892 491.8319823890924 120.1010308861732 58.18953400850296 26.84442816674709 5.582564890384674 1.210206270217896 0 0.7039517760276794
5.268402509391308 799.2080130800605 352.168486379087 2273.184611730278 32.86159175634384 65.61870539933443 467.0723452195525 94.80283907055855 12955.39715567231 314.3047571852803 6.691060185432434 157.5605640336871 41.46595095098019 34.76976610720158 760.2002279609442 4143.673125989735 55.60788051784039 3.774111188948154 9.518711268901825 310.7925556600094 700.9048254042864 6928.30457573384 641.4641618654132 14987.62554588914 173.0471894592047 244.8671916052699 3170.878651693463 9421.89917062223 211.2072811797261 121.7718800157309 1.063131734728813 5.469535544514656 131.9788945242763 265.9084689468145 14.97861536592245 2488.356990642846 489.2693208679557 597.2902643680573 307.027460552752 346.7750320062041 19.16868376731873 5.533142320811749 46.9997259452939 6.75652090460062 28.49155560880899 91.23309210687876 179.61520627141 0.2557651624083519 149.4079850316048 1226.059806779027 299.9066713154316 1004.435821786523 596.8501813337207 3.320814400911331 233.7767521515489 2.696432344615459 81.20687149465084 14.18716395646334 588.2957031279802 12.54005835950375 1.246734492480755 3.270939640700817 405.2231525182724 358.5633016228676 406.5134029835463 336.313555508852 3550.545151874423 1.911821857094765 23.68475553393364 174.0846859663725 2469.975698791444 63.92591032385826 298.3854030445218 0.4234063029289246 0.7896178066730499 8.734269335865974 38.03218613564968 3.51200844347477 735.2494322136045 15.86265610903502 146.6363474577665 29.80225279182196 141.3087289482355 29.86159779876471 0 2.284571759402752
0.1654773503541946 2170.553403586149 28.0905756354332 0.3054265081882477 0.657844141125679 4.776682376861572 6.704380169510841 7.204177550971508 112.5571932941675 1.247770428657532 539.7507453560829 0.1294185817241669 7055.64762288332 4.013588316738605 0.5478605404496193 38.88431031256914 5.591281712055206 16.98164744675159 10.5752973780036 0.4365834295749664 8.635053478181362 726.9537010937929 13.18829169124365 173.0471894592047 994.1486065834761 506.0134125128388 6684.051363661885 35.63029237836599 5.3853929489851 20.36212084442377 121.6573182120919 2.713307306170464 0 308.7389187738299 4.562500551342964 976.5359129980206 1936.16099884361 685.3312217965722 185.5201635956764 52.47201777994633 65.30752108991146 925.0143859162927 12.54079523682594 0.2222557961940765 194.9548181071877 9.424908667802811 0 0 0.4939731284976006 0 0.2526903599500656 0.5123314335942268 0.5128816291689873 385.7010821700096 0.3285448849201202 2084.805606149137 1.310661032795906 0.1540651619434357 9.855121031403542 6.702184855937958 36.58937245607376 11.68956892192364 0 5.063051015138626 28.29826435446739 7.397593133151531 2.833382204174995 792.5171268954873 478.2581432759762 872.8609302341938 2.485839307308197 0.3546187356114388 2.535724639892578 126.1631122380495 0.3718536123633385 0 13.18309891968966 1.314621120691299 293.4983369931579 189.6655386537313 24.80104690790176 4.20451232790947 11.02252358198166 1.84417001157999 40.32328291237354 2.129820346832275
73.32164342701435 529.064454600215 6443.481946602464 4.005073465406895 2.409874387085438 55.37710753083229 472.1726577952504 540.3138480037451 47.67658072710037 57.20524885505438 3945.831002809107 8.50993537157774 1055.478403888643 545.4812004417181 2.057774633169174 61.86877804249525 5129.460843250155 4449.834024749696 8108.168573960662 6.388512350618839 226.7559432461858 182.8260041475296 4346.278153881431 244.8671916052699 506.0134125128388 33950.90303660929 16742.21985102445 383.5904264897108 251.4177659377456 383.6381986364722 621.2750360071659 40.31062065809965 20.33369734883308 2375.501720920205 19.65134783834219 3360.414215825498 5776.134383611381 5318.201584920287 1648.751422896981 39.74461470544338 2.520001590251923 159.8729689568281 10.8633007183671 0.5070843547582626 432.1439029723406 152.7831076830626 0 0 1.314504042267799 3.730632446706295 2.867352023720741 1.325364328920841 0.6512714549899101 332.887127533555 0.4826064929366112 736.0722589343786 5.538605064153671 0 5.929589807987213 435.3440283685923 170.8980526924133 470.8418479561806 0 4.275009140372276 10.68721063435078 21.01192583143711 5.812742240726948 1356.87429985404 3730.211782813072 3808.659973300993 5.216938249766827 3.944527380168438 15.4489443525672 162.3178874999285 0.5897192656993866 0.6688890159130096 53.07442189753056 9.875675976276398 149.2050369158387 376.0859734341502 140.6829301565886 28.91988920420408 0.9734665974974632 1.041102714836597 11.24781408160925 0.2660886943340302
33.27226928621531 9585.836354285479 11547.98210819066 2.121364764869213 0.5315406918525696 15.6369321718812 178.1106393784285 180.6171094924212 578.6982126310468 18.00077342987061 564.1584760546684 3.004441604018211 5640.032671496272 206.4677847325802 3.592398799955845 5859.774724915624 4260.027068905532 469.3888453096151 1467.884530320764 1.964399442076683 1485.684807352722 7386.704876825213 14102.30196468532 3170.878651693463 6684.051363661885 16742.21985102445 44230.43168467283 2160.330655388534 171.7309993132949 296.256888255477 681.9217071682215 10.90894410759211 17.02327511459589 2409.863052405417 118.9508903622627 11211.05373243243 5428.538386695087 9300.631326787174 4191.470608755946 200.417274646461 8.366087362170219 77.36235526204109 60.64597691595554 2.906335026025772 3051.84661398828 2676.109497129917 0 0.1163660362362862 2.485853478312492 34.51277700066566 11.44623721390963 12.08512616157532 0.9445630386471748 294.6603483706713 0.08965005725622177 917.9424404874444 15.657092705369 0.1874085962772369 637.8899115622044 928.9636669158936 242.4296197071671 580.7197685390711 0.1084018126130104 56.82589136064053 1394.354783795774 1163.419282995164 50.55678025633097 1811.773264810443 6589.101230584085 14096.33670011163 42.32858271151781 5.248222395777702 47.53687623143196 225.4042362645268 0.4539948031306267 0.5656407028436661 94.12260096520185 90.58261217176914 644.6188083291054 745.9221325814724 443.0974357500672 136.6939197778702 8.682339087128639 1.383693568408489 14.71273950487375 2.520803853869438
32.41872644424438 114.6173720881343 925.4689970836043 4337.392615683377 10.43248964846134 1174.4250132218 20537.52500034124 548.7073184996843 2826.312121167779 4602.348914302886 23.44551542401314 532.5011834874749 23.05511087179184 246.4538658186793 76.38074998557568 1701.475926987827 96.09272826462984 8.91631793230772 19.88673657178879 3905.483880400658 6475.782497905195 631.1024851053953 2709.443751789629 9421.89917062223 35.63029237836599 383.5904264897108 2160.330655388534 28162.06249668449 957.097956314683 13139.5901273787 1.153505697846413 18.07045536488295 598.1358994171023 890.7363418340683 52.08535119146109 5211.525303967297 548.0199601128697 1703.552723877132 801.9198259711266 355.898703686893 74.92283408343792 6.942069433629513 86.63324709236622 8.897233389317989 8.845236957073212 79.10834033042192 165.2182071059942 0.2125417813658714 152.2609978020191 1197.335783854127 251.6983544006944 713.6369460895658 557.2858729735017 6.170613072812557 252.6743747964501 0.6096962690353394 85.58636897057295 18.4102947562933 530.386258944869 14.3592948243022 1.663217425346375 2.201715268194675 396.6322275027633 408.6238255798817 188.7591995149851 223.409212872386 2988.708066962659 0.2035221680998802 11.2244635373354 110.4905974641442 2188.203624293208 96.9393854290247 484.4854313135147 0 1.075712405145168 7.374624758958817 32.38839833438396 8.309079721570015 679.3781708925962 14.37309443205595 126.8248480409384 23.70630557835102 149.2348540052772 17.97764636576176 1.760767936706543 3.049771502614021
