469.8988761976361 0.2411890402436256 5.011457778513432 3.813088066875935 7.451758459210396 13.11840265244246 1408.021326288581 430.7200953364372 10.64011193811893 18.16587138921022 255.6118411496282 0.3145457953214645 13.67693205922842 3543.059820771217 0.1255718171596527 2.441239424049854 129.7846156358719 45.744509100914 59.88574303686619 2.335070185363293 28.49758430570364 1.666829600930214 9.707510098814964 93.04363206028938 2.992030642926693 33.88612030446529 38.95319024473429 61.46142158657312 3840.522792831063 1198.572456941009 2.12980717420578 75.18739661574364 127.3342633545399 884.7354594394565 3.640040636062622 33.15810491889715 20.42719568312168 908.4583091065288 59.62822708487511 6.911559790372849 14.14257084578276 4.494031466543674 3.153847306966782 0 0.2030503675341606 0 1.153908491134644 0 0 0.4296168088912964 0.2867042422294617 0.4357788115739822 0 0 0 0.1005113199353218 0 0 4.967564426362514 0.1207626461982727 0 0 0.6016479134559631 5.572581447660923 0.9039226174354553 1.358298555016518 7.455246903002262 0.1077963188290596 1.129593104124069 1.231910280883312 3.176735393702984 0 1.713943839073181 0 0 0 0.3785136044025421 0.1771951019763947 4.534301653504372 0.6399573534727097 1.286240637302399 0 0 0 0 0.1550145447254181
0.2411890402436256 301.6376086622477 22.32412749528885 0.1231877505779266 0.103887215256691 0.4369205757975578 2.161071635782719 2.721030078828335 669.2656456530094 0.2615770697593689 55.05984482169151 1.60089535266161 789.8698711246252 2.375201515853405 7.318128049373627 98.95769423246384 47.82275699079037 9.028068870306015 18.76142621040344 0.2497031986713409 13.69250763952732 3503.328818045557 15.37750099599361 1711.792361781001 2309.226974844933 507.7240336835384 11857.60165221989 22.92879059165716 2.510407231748104 5.158303692936897 17.76139964163303 0.3817279785871506 0 38.06415650248528 0.5460603535175323 46.42856812477112 63.12483581900597 70.4730216562748 13.38450942188501 13.66594682633877 0.1960253268480301 191.7209665030241 0.1517068296670914 0.5551242008805275 325.3541935011744 30.13113105297089 0.2431585714221001 0 0 3.121818967163563 1.160108260810375 0.4853761717677116 0.4044773280620575 2.007857017219067 0 14.45030923187733 1.797350712120533 0 1.894495010375977 11.89033053070307 0.9521502628922462 7.981576949357986 0.3636252582073212 0.6010944172739983 41.61739568412304 2.416343994438648 3.478857152163982 47.8160844296217 295.3156429752707 988.2188929915428 2.033813029527664 0.6682339161634445 0.2480132728815079 7.067005187273026 0 0 2.883771896362305 0 24.63764447718859 22.33173093944788 21.75804183632135 6.534978568553925 0 0 2.61774854362011 0
5.011457778513432 22.32412749528885 5029.349976740777 2.738754391670227 0 11.55113218724728 654.841459043324 35.06367293745279 1.831980109214783 53.2904691696167 19.75758977234364 0.1278339326381683 3.162182308733463 27.79029525071383 0.3065574765205383 7.634200185537338 5627.111786797643 17.25387430936098 350.094915188849 0.6627924218773842 1178.19702514261 78.09583812952042 12506.46279030293 65.71797851473093 14.40622074902058 9925.972637400031 6529.869424603879 1024.532399468124 11.40207831561565 418.2666431292892 6.873130038380623 1.519848369061947 0.4195273220539093 358.546041816473 14.69192473590374 2402.033447526395 5092.794624663889 2314.663403950632 1369.846973419189 78.44943331182003 3.326862975955009 10.47216755896807 43.16383640468121 0.09393297135829926 277.040266983211 855.89385817945 0 0 0 1.750415399670601 0.4823459908366203 0.5221139416098595 0 0.1217924281954765 0 2.357173815369606 1.01799401640892 0 21.75217976421118 28.49748583883047 0 5.316493213176727 0 6.17910273373127 86.70107455551624 53.22673501819372 14.23995557427406 1.053582549095154 118.4169408604503 2256.419353306293 11.24118500202894 0.2350927442312241 0.5025660842657089 0.3660200387239456 0 0 5.495858140289783 0.2869468927383423 122.7413336485624 123.1261862665415 32.50461783260107 19.95505209267139 2.865920320153236 0 11.65353235602379 0
3.813088066875935 0.1231877505779266 2.738754391670227 3352.563507467508 5.874058097600937 113.4282207936049 81.28390955924988 93.53317703306675 1394.897335395217 2426.404714137316 13.45882289111614 3232.510969042778 1.051905892789364 44.6118398681283 88.19175353646278 0 4.822054915130138 2.341381348669529 0.4155857190489769 5621.643482461572 2.607797563076019 0.5047947466373444 0.1530987024307251 3138.306582197547 0.6260739341378212 6.796001054346561 2.524042874574661 1663.579020641744 74.7086678519845 7.724071271717548 0 21.43054427951574 10.2804456949234 56.35993991047144 23.69914180040359 568.6823478862643 6.283641934394836 220.3109796792269 44.69033268839121 351.3743165582418 64.92473891377449 3.578560151159763 12.41095455735922 0 0.5262684971094131 0.3836026191711426 131.3221594169736 0 9.660387389361858 14.50172717869282 5.078575886785984 31.0261652469635 99.88111766427755 1.639725141227245 81.90337394922972 0.5355841815471649 4.678647972643375 11.99683152139187 2.380905583500862 0 0.08300205320119858 0 111.5959818288684 3.941129624843597 0.6059018522500992 0.2009792625904083 438.265911526978 0 0.5167050361633301 0 275.1683109849691 4.036732763051987 0.1326705366373062 0 0.9655657112598419 0 2.502259656786919 0 204.3585226014256 0 11.73238404095173 2.449187353253365 204.4144574850798 3.328877381980419 0 0.5358844995498657
7.451758459210396 0.103887215256691 0 5.874058097600937 9.671961337327957 1219.947938412428 9.162004187703133 60.6704084649682 66.49824204295874 47.71621363610029 69.4214665517211 123.3170892968774 8.271896347403526 33.21282149851322 1396.089836768806 0 0.5954977720975876 2.750407569110394 0.4943849295377731 26.43327352404594 0.14131860435009 0.4229811131954193 0.1660019010305405 18.32266976684332 1.181452214717865 1.541175566613674 0.4600097760558128 8.710709251463413 243.7505532205105 0.4867252558469772 0.5650879368185997 187.4079595133662 0 231.5504385530949 0 105.8435248509049 3.205252774059772 214.5722382292151 41.92528481781483 2852.402623221278 45.28386537730694 19.73888536542654 0.2877693176269531 0 0 0 1.369312085211277 0 0 0 0 0 0.5229179561138153 0 0.4792831093072891 0 0 0 0.1267702132463455 0 0 0 0.5826384574174881 0.1467581242322922 0 0 1.517926506698132 0 0 0 1.093417540192604 0 0 0 0 0 0 0 3.155118390917778 0 0 1.078369855880737 0.9547163248062134 0 0 0
13.11840265244246 0.4369205757975578 11.55113218724728 113.4282207936049 1219.947938412428 9551.689589902759 879.3970183432102 2297.666972272098 49.10353621095419 11946.01863094419 153.5736402049661 4721.431700579822 14.67338734120131 178.4366374984384 1347.558501251042 0.1988354474306107 41.23241785913706 8.840457357466221 14.35774563997984 1585.389575511217 7.467980444431305 0.1641820967197418 3.264157131314278 82.37875912338495 3.209867045283318 32.57699862122536 12.15628945082426 534.7902646437287 434.1945689171553 33.20923771709204 0.9196719154715538 2916.137789905071 4.804702319204807 448.0514129698277 4.880614288151264 205.1772484257817 17.26754759252071 366.2799886912107 90.19754505902529 1866.193857118487 148.7872973307967 38.13976010680199 4.167903333902359 0 0 0 2.412005841732025 0 0.2263821810483932 0.9213656634092331 0.4894604533910751 0.5962639003992081 3.594549044966698 0 12.03546391427517 0 0.4011343121528625 0.6754248589277267 1.54189832508564 0 0 0 0.6801995038986206 1.734041765332222 0.555570937693119 0.1188451871275902 15.32945419847965 0 0.130557581782341 1.314503118395805 8.06723640114069 0 0 0 0 0 0 0.3424062728881836 9.16806823015213 0.1744021624326706 0.7165943086147308 0 5.015296503901482 0 0 0
1408.021326288581 2.161071635782719 654.841459043324 81.28390955924988 9.162004187703133 879.3970183432102 13887.45881220698 5283.3568944484 197.2369818538427 6396.019030995667 111.6860186085105 26.90668347477913 7.430601291358471 6465.889798037708 7.502367474138737 1.834862932562828 1924.004744775593 44.8067861571908 347.6653838381171 22.99099710583687 421.7500762715936 3.243495792150497 388.7468547895551 1506.516743063927 5.38909137994051 835.9443489909172 185.1994653567672 14384.57020138949 1129.725336015224 8598.35709784925 1.600105039775372 98.31402966380119 160.6367371082306 669.3690958768129 68.01547001302242 1963.803845152259 213.3444375321269 1592.531383872032 444.0958278030157 272.0005329549313 168.4356530681252 14.18212330341339 75.60375951975584 0.1986998170614243 0.3514988049864769 2.274885982275009 44.98895793408155 0.8271702229976654 4.397217899560928 18.12636135518551 12.76291669905186 34.04528421163559 38.92617732286453 2.355297908186913 12.15869581699371 0 2.951707184314728 2.223981320858002 44.34796965867281 0.8797973096370697 1.193959325551987 0.3217742443084717 42.55371624976397 24.59652677923441 3.870466843247414 8.252179302275181 442.019906014204 0 5.212289027869701 12.12532130628824 371.8019744679332 9.785764865577221 9.930322661995888 0.1118019819259644 1.982576549053192 0.8017159253358841 4.947156399488449 1.237055212259293 108.4535835683346 1.995494239032269 16.28259103745222 4.856411024928093 89.19255794584751 7.773857474327087 1.027131825685501 0.4512515366077423
430.7200953364372 2.721030078828335 35.06367293745279 93.53317703306675 60.6704084649682 2297.666972272098 5283.3568944484 5975.45150218159 88.26295807957649 5091.834408409894 217.3315644264221 714.4601115062833 13.13826914876699 4635.516363926232 160.4951470792294 4.239436395466328 394.3657758310437 50.1133563965559 143.7966701835394 654.0975244641304 49.82089091092348 11.48274041712284 26.88949383050203 549.0317020565271 3.319885969161987 123.3699465990067 100.5911639854312 550.7283176705241 708.0055572837591 686.6486154645681 1.404068924486637 2130.738728106022 19.38727552443743 851.2578324303031 5.704393096268177 247.1705247983336 58.2997145652771 635.7609116733074 142.8229540660977 261.9793555662036 101.9475583285093 19.78449615836143 7.188705131411552 0 0.1896331459283829 0 3.441864013671875 0 1.010499358177185 0 0.6428418159484863 7.843296013772488 4.64212954044342 0 2.835461683571339 0 0 0.136514350771904 22.96529037505388 0 0 0.2017638757824898 2.496680617332458 19.38714038580656 4.069447040557861 3.459580175578594 102.2879766747355 0 2.113189160823822 3.892943829298019 75.55318468809128 2.147189423441887 1.747369065880775 0 1.150825381278992 0 1.144987136125565 0 19.3377550393343 1.994660280644894 3.022414237260818 1.022174030542374 14.09916169196367 0.1257375180721283 1.174823522567749 0
10.64011193811893 669.2656456530094 1.831980109214783 1394.897335395217 66.49824204295874 49.10353621095419 197.2369818538427 88.26295807957649 1540.851831279695 362.0158941149712 11.65296607464552 364.6817196756601 126.1103461161256 70.508793592453 1022.389422520995 176.7425278574228 1.92738189548254 1.555061794817448 0.6238090768456459 1040.379229836166 98.90762173384428 2658.673828989267 52.11717844009399 10863.23222083598 251.2109251990914 17.95111194998026 416.2432830482721 1040.939048066735 48.69790824502707 191.4725232720375 7.098368667066097 12.42155230045319 1.994572587311268 12.93908431380987 3.165058970451355 236.2558900937438 8.610220618546009 47.19345627725124 11.20262651145458 300.3032820820808 16.29327256977558 16.83154055476189 6.61122490465641 1.11674452573061 1.634438805282116 1.638401061296463 84.02324804663658 0.2932280153036118 8.326368026435375 31.92601481825113 22.80334500968456 28.67129648476839 53.48963511735201 3.151140309870243 25.70128013193607 0.2683275863528252 10.71966341137886 10.27827041596174 598.5913151651621 0.4276871904730797 1.862155400216579 0.7819096744060516 53.00069124996662 187.8128353357315 35.00781029462814 165.7285873964429 1698.90567920357 0.7097620218992233 3.79172732681036 14.58661976456642 634.7354905605316 14.59994576126337 36.19153107702732 0.4762756377458572 3.184375181794167 0.3533195704221725 6.16729436814785 0 116.3769067600369 0.6175639554858208 34.21227307617664 8.936774767935276 208.3791959732771 11.84362284094095 0 1.036740660667419
18.16587138921022 0.2615770697593689 53.2904691696167 2426.404714137316 47.71621363610029 11946.01863094419 6396.019030995667 5091.834408409894 362.0158941149712 30666.75312833488 307.4608331993222 3512.4336790815 26.75207087397575 925.8825930356979 139.225224994123 0.7195689827203751 151.6434362977743 28.93759470432997 44.36411546170712 4124.8996906057 22.26129274815321 0.1245103403925896 13.58037611097097 1016.827087715268 6.69663729518652 106.7605787888169 36.91124650090933 8683.989503130317 749.7265966162086 91.895707026124 2.238179326057434 370.9684054479003 34.18996571749449 717.46181704849 40.13009122014046 1802.259113065898 77.96649510413408 2142.52405641228 277.623809710145 729.6240606829524 407.4132452085614 53.57491573691368 71.1856295466423 0.3492153882980347 0.3664348125457764 1.418499976396561 98.62753274291754 0.2815413177013397 4.645235359668732 19.49010275304317 4.961175434291363 26.11694328486919 48.83708497881889 1.585298329591751 52.80960251390934 0 1.958993509411812 14.76741355657578 6.955577492713928 0 0 0 54.53980462998152 4.575193680822849 0.4405151009559631 0.9747192859649658 349.0017682090402 0 0.7890398502349854 1.708913937211037 213.4391826018691 2.564770936965942 5.25528210401535 0 0.9929601699113846 0.3084335029125214 3.776616759598255 0.2734513878822327 103.6019383221865 0 5.771128766238689 1.517558358609676 138.1816275715828 1.32894903421402 0 0
255.6118411496282 55.05984482169151 19.75758977234364 13.45882289111614 69.4214665517211 153.5736402049661 111.6860186085105 217.3315644264221 11.65296607464552 307.4608331993222 5018.65800589323 103.7994468733668 1562.768979102373 478.2402490898967 15.43391546607018 1.58343955129385 151.1156144663692 3849.870173074305 557.2781163305044 95.63834360986948 53.22803194820881 20.53895042836666 77.91029737144709 46.3281010761857 787.1834664866328 749.8740805834532 346.9063973352313 51.24148366600275 602.7154237404466 65.61920765787363 149.3483390063047 283.3878055661917 6.650584071874619 9189.198224261403 4.323122352361679 524.7704649344087 5175.094707049429 9885.905722171068 722.8908142447472 22.84508706629276 125.4459219351411 1093.346218444407 17.81138844043016 0 2.004668265581131 0 0.45756995677948 0 0 0.2426828444004059 0 0.9518762826919556 0 151.1257398352027 0.6349285766482353 601.3241652026772 0 0 2.170106671750546 0.1884481757879257 21.01951014995575 0.5988965928554535 0 0.4989727512001991 0.7758835554122925 0.1035982668399811 3.073117032647133 34.33924716711044 116.7810961604118 145.651382945478 2.80057006329298 0 0.1538505405187607 80.20733885467052 0 0 0.4155658185482025 0 9.773437485098839 247.3706930726767 2.29175391793251 0.4891946613788605 0.718033105134964 0 71.43011551350355 0
0.3145457953214645 1.60089535266161 0.1278339326381683 3232.510969042778 123.3170892968774 4721.431700579822 26.90668347477913 714.4601115062833 364.6817196756601 3512.4336790815 103.7994468733668 6887.63132737577 11.63143800199032 34.69155027717352 1380.092578656971 0 0.5977451056241989 7.165743015706539 1.438872933387756 6197.97704116255 0 4.0094855427742 0.2603565156459808 480.0767472162843 4.144887581467628 3.128812693059444 1.660377778112888 1207.01260022819 113.3165179118514 0.8716933578252792 0.5701226890087128 245.6758092567325 0.236139789223671 267.2937675341964 27.38419592380524 540.5962891504169 2.026357501745224 388.9851371347904 35.96940641850233 1435.50406550616 96.97826496511698 19.33311539143324 4.272821024060249 0 0 0 36.11781258136034 0.198451891541481 0.891907662153244 1.936320006847382 1.326353877782822 5.715378612279892 20.12165682017803 0 53.59888015687466 0 0.4296107292175293 10.15082444250584 2.082901984453201 0 0 0 27.18819955736399 0.1626649498939514 0.5912318974733353 0.1887471228837967 117.0726082101464 0 0 0 56.41276869177818 0 0 0 0 0 0.9290679693222046 0 116.6094350665808 0 1.41384083032608 0 155.4070993363857 0.9524122476577759 0 0
13.67693205922842 789.8698711246252 3.162182308733463 1.051905892789364 8.271896347403526 14.67338734120131 7.430601291358471 13.13826914876699 126.1103461161256 26.75207087397575 1562.768979102373 11.63143800199032 2936.254882760346 20.24485360831022 3.016203254461288 23.93571301549673 2.094191201031208 56.83653718233109 9.47555136680603 10.73805696517229 10.06271973252296 320.9220106676221 14.19514729827642 298.8492234870791 6965.155388571322 288.3224946856499 3662.469195298851 9.98277223110199 16.89570286870003 4.428916700184345 439.5867736265063 29.43817396461964 0.1198433488607407 1156.959988459945 0.8194934278726578 541.1335689947009 4337.903200037777 5283.60038164258 488.823163472116 17.04471609741449 76.85135467350483 1699.157680295408 25.01258090883493 0 22.98456022888422 0 0 0 0 0.1418080478906631 0 2.032817736268044 0 601.9948896914721 0 2789.15634201467 0.2724377810955048 0 0.3396220505237579 0.1776448637247086 58.24541971087456 4.523175686597824 0 0.2069870680570602 10.52588076889515 0 1.049620367586613 311.8752615824342 453.1546559780836 686.3931891843677 0 0.123882919549942 0 255.210808545351 0 0.1344102025032043 0.2506094500422478 0 70.10961609333754 944.7733228951693 8.63395519554615 2.757969751954079 0.6694121956825256 0 653.4787395521998 4.120863556861877
3543.059820771217 2.375201515853405 27.79029525071383 44.6118398681283 33.21282149851322 178.4366374984384 6465.889798037708 4635.516363926232 70.508793592453 925.8825930356979 478.2402490898967 34.69155027717352 20.24485360831022 11436.91056831181 6.278908118605614 6.718674398958683 412.8870809525251 90.08648947626352 154.0003147497773 50.10387237370014 75.95640219002962 11.70770648121834 30.67580179870129 469.6505317911506 2.581964753568172 102.083373978734 112.407592639327 404.8745282888412 5367.00382605195 1372.011088512838 4.246625766158104 1430.420357108116 19.58072727173567 1414.530739046633 3.189238876104355 138.0197317674756 56.27143739908934 920.3488913625479 105.1685960143805 22.33668293058872 40.62499345093966 7.355840243399143 5.049512051045895 0 0.1196714341640472 0.2817821726202965 0.8304562568664551 0 0 0.7740725874900818 1.201097577810287 5.605989463627338 1.457419008016586 0 0.4695201888680458 0.2787089049816132 1.046773612499237 0 33.71869611740112 0 0 0.2141239419579506 1.417552590370178 22.3053108677268 3.852949805557728 3.613492839038372 37.61667260527611 0.112847201526165 3.637603849172592 5.316541440784931 31.63052640855312 1.261599212884903 3.31095777451992 0 0 0 0.2115930318832397 0 16.95088341087103 0.6510475352406502 0.196492463350296 0.9589308723807335 3.714964836835861 0 0 0
0.1255718171596527 7.318128049373627 0.3065574765205383 88.19175353646278 1396.089836768806 1347.558501251042 7.502367474138737 160.4951470792294 1022.389422520995 139.225224994123 15.43391546607018 1380.092578656971 3.016203254461288 6.278908118605614 312.7722629532218 0 0.4409800469875336 0.3343724608421326 0.3279162496328354 234.8388130515814 0 15.89022329449654 0 497.8795391395688 2.645336471498013 0.4438639730215073 7.18851675093174 41.0430908575654 22.89542983472347 0.6068744659423828 0.5573110282421112 537.5604673549533 0.5991900414228439 51.56006502360106 0 638.2918429523706 0.5027815252542496 43.09076961874962 5.067034587264061 1554.053795672953 132.0164331272244 3.155067399144173 0.1384880244731903 0 0 0 10.30998787283897 0 0 0 0 2.476159021258354 8.098160296678543 0 10.57508492469788 0 0 1.894165620207787 3.371222317218781 0 0 0 11.0219846367836 1.160269260406494 0.6786880791187286 0.578253448009491 33.24676814675331 0 0 0 10.62375898659229 0 0 0 0 0 0 0 57.94945746660233 0 0.2710544466972351 0.1347310096025467 67.48641014099121 0.5074519515037537 0 0
2.441239424049854 98.95769423246384 7.634200185537338 0 0 0.1988354474306107 1.834862932562828 4.239436395466328 176.7425278574228 0.7195689827203751 1.58343955129385 0 23.93571301549673 6.718674398958683 0 5054.57252804935 5.591513380408287 0.3428637161850929 1.105323597788811 0 4262.417889848351 2678.492628574371 4653.780817985535 3244.494744442403 56.77031169086695 9.128456823527813 6201.622655436397 1283.374768421054 7.395016975700855 74.74903239309788 1.29017923027277 0.890845999121666 0.1407772749662399 14.89875008165836 12.02134715020657 1660.725353822112 676.0182294696569 180.0814881250262 172.5223924443126 60.66088841855526 2.653473190963268 13.44457717239857 23.3888888284564 0.2629669606685638 3.070033892989159 44.58667756617069 1.329247266054153 0 0 1.944448977708817 0.4571172297000885 6.106842622160912 0 0 0 0.1340258866548538 0.7196195125579834 0 2506.524244606495 0.1928417980670929 0 0.9089911431074142 0 239.4181788265705 1104.559659600258 1809.200422033668 71.58059799671173 0 3.26488821208477 1643.028238736093 78.07559721916914 1.218209259212017 24.34829883277416 0 0 0.08926212787628174 0.1579556465148926 0 476.7360828965902 11.01826573163271 6.342731952667236 5.591848038136959 11.48256874084473 1.671709060668945 15.92965459823608 9.686876237392426
129.7846156358719 47.82275699079037 5627.111786797643 4.822054915130138 0.5954977720975876 41.23241785913706 1924.004744775593 394.3657758310437 1.92738189548254 151.6434362977743 151.1156144663692 0.5977451056241989 2.094191201031208 412.8870809525251 0.4409800469875336 5.591513380408287 1266.60780017823 144.8299244865775 2027.222565948963 0.7962762266397476 1767.303269021213 3.637355409562588 5104.757498793304 25.90324724465609 2.503173545002937 1705.632781326771 5020.251329258084 437.4436385780573 271.667275801301 3893.078877858818 2.209008410573006 12.50789091736078 12.15246748924255 2023.197384171188 6.62944657355547 975.6842333003879 3219.866894803941 1249.143908083439 308.4918112531304 33.92368596792221 3.217126734554768 5.730964973568916 6.787823341786861 0.09404531866312027 70.60609688609838 23.16245332360268 0 0 0 3.292922012507915 0.3758219927549362 0.4155751764774323 0.439608633518219 0.5144588053226471 0 0.7831727117300034 0.5772771313786507 0 4.657435826957226 21.8578217253089 1.324775226414204 21.14217039942741 0 2.008482098579407 2.397958248853683 2.980989009141922 3.082171283662319 1.261604949831963 280.5745038539171 412.8930728510022 4.974750563502312 0.6256283149123192 1.346686370670795 1.844951651990414 0 0 1.362181559205055 0 18.41675169020891 172.7311268523335 18.29544378817081 8.683534286916256 0.1566983610391617 0 0 0.6294778883457184
45.744509100914 9.028068870306015 17.25387430936098 2.341381348669529 2.750407569110394 8.840457357466221 44.8067861571908 50.1133563965559 1.555061794817448 28.93759470432997 3849.870173074305 7.165743015706539 56.83653718233109 90.08648947626352 0.3343724608421326 0.3428637161850929 144.8299244865775 1093.802605643868 1029.765952378511 7.903268113732338 46.72957789152861 2.471918299794197 52.4021347463131 7.461758941411972 191.8233294636011 1708.692816905677 139.0176056399941 9.923198290169239 95.62233036011457 50.8576348721981 77.55035776644945 14.15512930601835 2.92353080958128 1442.377965167165 7.945625483989716 668.0496693775058 1280.715976826847 3560.429058358073 476.5795669108629 11.22254935652018 1.788512475788593 39.51551167666912 8.001328885555267 0 2.080244489014149 0.2803289443254471 0 0 0 0 0 0.1371888965368271 0 57.15170493721962 0 192.8424230068922 0 0 0.1173543259501457 0.1211298853158951 17.21128781139851 2.871532499790192 0 0 0 0 0.6869276389479637 31.40518899261951 209.3553301393986 212.5869894474745 0.4600278362631798 0 0 76.60837759822607 0 0 0 0 1.956136994063854 31.92864400148392 2.298547901213169 0.8911706805229187 0 0 1.201242178678513 0
59.88574303686619 18.76142621040344 350.094915188849 0.4155857190489769 0.4943849295377731 14.35774563997984 347.6653838381171 143.7966701835394 0.6238090768456459 44.36411546170712 557.2781163305044 1.438872933387756 9.47555136680603 154.0003147497773 0.3279162496328354 1.105323597788811 2027.222565948963 1029.765952378511 3069.905717410147 1.447009116411209 177.962714061141 1.206896141171455 431.3198738023639 6.505884453654289 6.514225527644157 3161.749006800354 1219.633925944567 68.35160421580076 149.2083882316947 361.3232353031635 19.25699789822102 5.526852585375309 5.875079981982708 2295.839926384389 9.088354989886284 1545.331336677074 3046.254160687327 3056.852290280163 465.6298815757036 24.79860067367554 2.996357873082161 11.53757672011852 9.017672307789326 0 22.05132292956114 3.243997745215893 0 0 0 1.469268329441547 0.1524461954832077 0 0.1281604915857315 9.354491606354713 0 35.10253296792507 0.08579692989587784 0 0.5696341544389725 10.09177999943495 10.06084578484297 37.63141628354788 0 1.079967655241489 0.2533547803759575 0.3026953190565109 0.7997315973043442 6.726999416947365 467.2331835329533 621.2277826666832 1.010539516806602 0.1024011597037315 0.2616921365261078 21.3628936111927 0 0 1.454706847667694 0 9.111961424350739 180.7677825465798 12.84404938668013 5.106563806533813 0 0 1.147576399147511 0
2.335070185363293 0.2497031986713409 0.6627924218773842 5621.643482461572 26.43327352404594 1585.389575511217 22.99099710583687 654.0975244641304 1040.379229836166 4124.8996906057 95.63834360986948 6197.97704116255 10.73805696517229 50.10387237370014 234.8388130515814 0 0.7962762266397476 7.903268113732338 1.447009116411209 889.5703230127692 0.375215008854866 0.3649345189332962 0.6982680857181549 1245.964689567685 1.664304092526436 4.023889005184174 1.856627784669399 1128.026778124273 163.2081638723612 2.463942170143127 0.2185484617948532 140.4137086346745 3.089092053472996 235.0172069147229 17.51297482848167 1048.688747629523 9.725320287048817 767.3777729868889 79.53683630377054 881.0554365292192 198.8879644498229 17.98042003810406 40.76119139790535 0.61097651720047 0.2098741829395294 0 130.1841287463903 1.670644849538803 2.311834663152695 10.26660051941872 3.933725342154503 26.95504957437515 58.33879414200783 2.487056285142899 53.80452983081341 0 2.780000507831573 13.56951080262661 3.527993738651276 0 1.173789173364639 0 70.95931526273489 1.242844462394714 0.2570603489875793 0.5916259288787842 342.1708243489265 0 0.1303446590900421 0.9370928406715393 197.8521070927382 2.848072350025177 0.9898789525032043 0 1.034143537282944 0 0 0 179.4933642074466 0 4.730168551206589 0 215.8641233146191 1.041751205921173 0 0
28.49758430570364 13.69250763952732 1178.19702514261 2.607797563076019 0.14131860435009 7.467980444431305 421.7500762715936 49.82089091092348 98.90762173384428 22.26129274815321 53.22803194820881 0 10.06271973252296 75.95640219002962 0 4262.417889848351 1767.303269021213 46.72957789152861 177.962714061141 0.375215008854866 12356.49899078161 198.6166380345821 14208.16764392704 1673.388240106404 22.07959470152855 477.9669574871659 936.7766842022538 6472.708554640412 148.0987260714173 9803.147734187543 1.267512664198875 3.604156076908112 44.28958664834499 2710.630790539086 74.84728659689426 8551.479683592916 589.7652260363102 5759.191106744111 2693.842140309513 363.3824121281505 21.23593552410603 18.78272099792957 135.3933684527874 0 1.876077562570572 8.436830773949623 3.363364338874817 0 1.170957550406456 4.72168043255806 2.233336985111237 9.009225085377693 0.5810624361038208 0.1221973523497581 0.3785141110420227 0 3.069870136678219 0 598.7681822702289 1.372370637953281 0 1.240112483501434 1.059486851096153 268.75311216712 92.91680847853422 259.3418587520719 144.6770053729415 0.1280544400215149 3.270397633314133 54.40445969253778 132.374469421804 2.399610318243504 30.95391053706408 0 0.7468915283679962 0 2.478074312210083 0.390261173248291 95.12388830631971 5.714799322187901 4.470057547092438 4.094436384737492 16.2077888250351 1.314325630664825 6.788654506206512 5.33294290304184
1.666829600930214 3503.328818045557 78.09583812952042 0.5047947466373444 0.4229811131954193 0.1641820967197418 3.243495792150497 11.48274041712284 2658.673828989267 0.1245103403925896 20.53895042836666 4.0094855427742 320.9220106676221 11.70770648121834 15.89022329449654 2678.492628574371 3.637355409562588 2.471918299794197 1.206896141171455 0.3649345189332962 198.6166380345821 1468.735576145351 534.5546426996589 8355.24675142765 1079.229566507041 37.70010977238417 7557.963587827981 175.9857359752059 7.784723922610283 32.93524672091007 10.93148735910654 0.3158559650182724 0.2900741398334503 7.307387374341488 0.8064448237419128 41.43593196570873 20.46095234155655 15.28795732557774 2.478127479553223 37.43598242849112 0 41.16113338619471 4.082835406064987 0 80.14238810539246 150.8402223885059 0 0 0 1.430895864963531 0 1.061191692948341 0.268860399723053 0.3167998641729355 0 2.13137923181057 0.205125480890274 0 978.6848122403026 3.813919216394424 0 0.6249734163284302 0 47.25855565816164 156.5928642377257 549.4348960891366 29.63903629779816 32.90795102715492 17.00055921077728 1587.311156183481 19.69877761602402 0.3129983767867088 3.787714183330536 0.3424783125519753 0.845001220703125 0 0 0.177750900387764 18.40124268084764 7.656519010663033 3.828375272452831 1.190075188875198 2.730195790529251 0 2.691089853644371 0
9.707510098814964 15.37750099599361 12506.46279030293 0.1530987024307251 0.1660019010305405 3.264157131314278 388.7468547895551 26.88949383050203 52.11717844009399 13.58037611097097 77.91029737144709 0.2603565156459808 14.19514729827642 30.67580179870129 0 4653.780817985535 5104.757498793304 52.4021347463131 431.3198738023639 0.6982680857181549 14208.16764392704 534.5546426996589 15927.80672761798 644.7970328107476 18.27800488471985 2670.216047234833 13889.60998603702 2510.740526102483 33.1191688477993 3648.586394153535 3.263452135026455 1.429165728390217 3.572737380862236 2309.328806370497 167.6849251836538 19418.57556284219 9086.872499130666 8984.086017251015 5470.127473928034 1285.830086931586 36.17533341050148 42.12141932547092 451.6680054590106 0.1008151918649673 9.708803877234459 133.9402891695499 0 0 0 1.372034400701523 0.2526977732777596 1.580677852034569 0.2824510037899017 0.5960064977407455 0 0.696593388915062 0 0 1637.801677912474 1.769953355193138 0.528907909989357 0.6513004302978516 0 87.31240493804216 518.5335743054748 1267.240255579352 25.64515640586615 0 8.212932132184505 1317.496700972319 32.28844754397869 0.2040494680404663 5.193849354982376 0 0 0 0.178373321890831 2.74230033159256 423.5457608923316 26.86812961101532 20.52132460474968 39.33864909410477 3.725005030632019 2.722715556621552 16.34023715555668 5.556739389896393
93.04363206028938 1711.792361781001 65.71797851473093 3138.306582197547 18.32266976684332 82.37875912338495 1506.516743063927 549.0317020565271 10863.23222083598 1016.827087715268 46.3281010761857 480.0767472162843 298.8492234870791 469.6505317911506 497.8795391395688 3244.494744442403 25.90324724465609 7.461758941411972 6.505884453654289 1245.964689567685 1673.388240106404 8355.24675142765 644.7970328107476 15937.46784157306 706.9473657310009 70.05172073841095 4526.343159429729 8305.412035353482 575.2937781363726 647.9983801916242 16.4814775660634 43.97533308714628 127.5488080829382 153.2437406256795 101.0087133124471 3570.366392046213 148.1624047532678 1002.178129248321 393.4486149251461 717.6693183779716 107.6751368418336 44.54766608029604 80.14524853974581 5.574595123529434 3.839430809020996 24.15679436922073 304.6681391224265 2.555126331746578 19.95140928030014 110.1157136335969 70.41772945225239 434.9962418824434 178.1407200694084 11.16935755312443 90.87836676836014 1.612312264740467 40.90886723995209 18.08775975555182 1122.121358335018 2.435228995978832 2.543428398668766 2.925457775592804 192.4073549211025 527.7117459699512 292.4523649215698 345.4368374571204 3659.568551614881 0.8483345508575439 15.65839605778456 148.9322481155396 2240.903300195932 54.8275603428483 117.8222405537963 0 7.751729182898998 3.294998668134212 30.70117202401161 0.7818986773490906 581.5920596346259 9.524932138621807 97.59407121688128 28.84501043707132 476.1259146034718 23.21878942847252 16.0820656567812 5.436427928507328
2.992030642926693 2309.226974844933 14.40622074902058 0.6260739341378212 1.181452214717865 3.209867045283318 5.38909137994051 3.319885969161987 251.2109251990914 6.69663729518652 787.1834664866328 4.144887581467628 6965.155388571322 2.581964753568172 2.645336471498013 56.77031169086695 2.503173545002937 191.8233294636011 6.514225527644157 1.664304092526436 22.07959470152855 1079.229566507041 18.27800488471985 706.9473657310009 637.1095735952258 317.3910897821188 4040.625385083258 19.4440715610981 2.837886922061443 21.11578080058098 193.7341653704643 5.328413248062134 0 412.0579562559724 7.243608951568604 1660.385941118002 728.4185483753681 2468.499850302935 337.0313406735659 65.18425335735083 56.08527825772762 1079.197928130627 26.37403403222561 0 18.11940547823906 2.572847858071327 0 0 0.4559000730514526 0.3027869760990143 0 0.3445000573992729 0.09343244135379791 86.89803802967072 0 733.2641528397799 0 0 5.862020753324032 0 9.078177213668823 1.224479451775551 0.8228691220283508 4.341076344251633 10.9023217484355 4.502663478255272 3.54316783696413 140.8872089534998 178.7683160603046 591.871896378696 5.08051423728466 0.861327588558197 2.408473022282124 42.13534574210644 0 0 0.2065735906362534 0 662.1145023405552 79.20397099852562 13.01955372095108 6.60003075003624 24.61469715833664 0 75.01935635507107 4.091529846191406
33.88612030446529 507.7240336835384 9925.972637400031 6.796001054346561 1.541175566613674 32.57699862122536 835.9443489909172 123.3699465990067 17.95111194998026 106.7605787888169 749.8740805834532 3.128812693059444 288.3224946856499 102.083373978734 0.4438639730215073 9.128456823527813 1705.632781326771 1708.692816905677 3161.749006800354 4.023889005184174 477.9669574871659 37.70010977238417 2670.216047234833 70.05172073841095 317.3910897821188 25349.74221330136 16561.2003036961 480.7409398257732 84.70799546688795 379.0517160221934 1201.96179305017 7.675105608999729 2.280392117798328 1123.476789526641 21.98143384605646 3364.120203115046 8104.841940052807 3920.83793669194 938.2842194586992 59.10782472789288 4.898062080144882 52.50401975959539 22.26507798582315 0.6846724450588226 456.4731310233474 87.33365380764008 0 0 0.1927561610937119 14.5353576540947 2.130985990166664 0.9480308815836906 0.2641212642192841 165.4284466132522 0.3692654818296432 643.5801758915186 4.990195207297802 0 3.634439311921597 122.3687234148383 114.1598451882601 195.7591018602252 0.3788065165281296 4.38736630231142 9.750890634953976 6.515303954482079 8.320565976202488 224.1558599919081 3710.401587188244 5177.057326897979 7.113910309970379 0.7623467594385147 2.447714872658253 275.4227671772242 0 0 13.21303652226925 1.509427972137928 111.0412126258016 1247.739412710071 121.7891607284546 45.29183451086283 1.237408041954041 0.80508092045784 3.108033657073975 0.4882345944643021
38.95319024473429 11857.60165221989 6529.869424603879 2.524042874574661 0.4600097760558128 12.15628945082426 185.1994653567672 100.5911639854312 416.2432830482721 36.91124650090933 346.9063973352313 1.660377778112888 3662.469195298851 112.407592639327 7.18851675093174 6201.622655436397 5020.251329258084 139.0176056399941 1219.633925944567 1.856627784669399 936.7766842022538 7557.963587827981 13889.60998603702 4526.343159429729 4040.625385083258 16561.2003036961 41450.89908015728 2421.858785733581 96.73004994541407 146.1746967583895 2053.270528435707 4.796852082014084 4.840717978775501 1553.33247012645 99.69085180014372 10891.55122090131 7613.518448919058 9213.248197063804 4290.445188224316 480.6990721821785 12.37685546278954 49.46450864523649 162.1470470279455 2.01417226344347 2235.231659881771 3278.880341030657 0.3558731824159622 0 0.3374663442373276 25.76506738364697 5.536145389080048 4.531705766916275 1.264803677797318 200.7725911214948 0.2830386906862259 831.6187073215842 5.770806670188904 0.1593421399593353 700.0652934685349 256.6587736830115 135.988408818841 266.2595001012087 0.1409242451190948 34.79663763940334 1251.864871881902 661.2700750902295 77.56862378120422 560.1613499745727 5428.199779264629 21870.13830538094 37.39373508840799 2.490765087306499 4.153125680983067 316.6134895831347 0.1310321986675262 0 26.60014937072992 2.323785364627838 755.3826826736331 1686.066344447434 296.6001425012946 150.3476642370224 2.364544235169888 2.215286664664745 46.11762959510088 3.103597886860371
61.46142158657312 22.92879059165716 1024.532399468124 1663.579020641744 8.710709251463413 534.7902646437287 14384.57020138949 550.7283176705241 1040.939048066735 8683.989503130317 51.24148366600275 1207.01260022819 9.98277223110199 404.8745282888412 41.0430908575654 1283.374768421054 437.4436385780573 9.923198290169239 68.35160421580076 1128.026778124273 6472.708554640412 175.9857359752059 2510.740526102483 8305.412035353482 19.4440715610981 480.7409398257732 2421.858785733581 17564.20317710191 768.1875486150384 10187.96019459516 2.171690106391907 62.58493768423796 312.0958146080375 425.9227495715022 183.2886836603284 5201.118366330862 353.0271940305829 2661.158975295722 977.0306036472321 487.0886717960238 176.8367895781994 18.94872150570154 134.9481804966927 1.936763256788254 3.174482114613056 15.35643728077412 166.3349498137832 1.214950531721115 11.34867766499519 62.45167541503906 28.43354839831591 137.2106377407908 108.2265775352716 6.117744408547878 41.16757050901651 0 19.62853306531906 10.86901067197323 329.2240801528096 1.570618540048599 1.401399172842503 0.5670184046030045 111.5066300779581 186.182967543602 50.69382648169994 82.97443599998951 1691.063875831664 2.130695044994354 4.372691512107849 105.2581402510405 1101.645913034678 28.90016992390156 50.84093540906906 0 5.583331480622292 0.311166986823082 15.27289762347937 2.022522300481796 326.3216397538781 5.868422716856003 44.57131490856409 17.61845526099205 303.6578498631716 13.28336008638144 8.020003616809845 1.358177497982979
3840.522792831063 2.510407231748104 11.40207831561565 74.7086678519845 243.7505532205105 434.1945689171553 1129.725336015224 708.0055572837591 48.69790824502707 749.7265966162086 602.7154237404466 113.3165179118514 16.89570286870003 5367.00382605195 22.89542983472347 7.395016975700855 271.667275801301 95.62233036011457 149.2083882316947 163.2081638723612 148.0987260714173 7.784723922610283 33.1191688477993 575.2937781363726 2.837886922061443 84.70799546688795 96.73004994541407 768.1875486150384 24784.21532693505 3620.646390594542 3.061178952455521 746.5354182198644 2054.067324943841 5151.053342878819 4.998596653342247 194.6847286894917 66.10074121505022 3521.5750105232 240.0257281661034 79.57916530221701 115.510949447751 17.11217587441206 8.972174748778343 0 0.2794571369886398 0 1.257868371903896 0 0 0 0 3.575302809476852 2.307348370552063 0.2334380596876144 0.9241195842623711 0.2258860468864441 0.7155970633029938 0 24.65815933793783 0.08784209191799164 0 0 1.74348621070385 16.8933447226882 2.964908517897129 6.717825561761856 40.31338762491941 0.1408235877752304 2.1107082888484 4.478819750249386 30.96753883361816 0.4925843477249146 0.4010747820138931 0 0.1894870847463608 0 0.7805334627628326 0 11.27548269182444 0.7339852750301361 0.4477906823158264 0.5617939829826355 3.423442997038364 0.9628684669733047 1.75863790512085 0
