899.8835226744413 1.728688322007656 115.0222585499287 4.868644304573536 0 27.28180634230375 2640.015695661306 939.1370991393924 5.689107194542885 148.7989207953215 16.54596287757158 13.11317005753517 2.410832993686199 3478.305915549397 0.5524928569793701 0 158.4586123377085 10.70898545533419 90.90040305256844 25.02822278439999 22.0987973511219 11.04587521404028 48.2397543862462 35.08530979603529 0.2788120955228806 74.98254843056202 45.67049545794725 80.08240769058466 3006.876675955951 1912.477223493159 0.2021163403987885 7.79154922068119 90.69514671713114 197.8312027230859 2.090911567211151 78.63428685814142 16.45511514693499 141.0227668210864 35.59835736453533 4.748633936047554 3.104491151869297 0.7466608658432961 1.209673799574375 1.08897340297699 0.4009431675076485 1.202746547758579 0.3048015087842941 0 0.4519191980361938 7.916275978088379 1.841757990419865 2.05987224727869 1.151310965418816 0 1.571580305695534 0.112948440015316 0.8304231017827988 0.1036290377378464 3.04896903783083 0.3977679684758186 0 0.4589560925960541 1.668398395180702 1.849975690245628 4.130267143249512 0.1235762536525726 18.26426389813423 0.2196875885128975 2.88908838480711 2.701882481575012 21.51200266182423 1.976024635136127 5.829718999564648 0 0.3806941583752632 0.3947508782148361 0.5706139355897903 3.166810050606728 3.022234067320824 0.6674980595707893 2.231012776494026 0.8347772210836411 2.898055091500282 0.3377271294593811 0 0
1.728688322007656 29.86515789479017 19.7718793451786 0.1349786520004272 0 0.5959095656871796 5.379275172948837 2.314160086214542 246.3203883469105 0.1266127228736877 45.7081308811903 1.225243300199509 279.0707216411829 3.230852767825127 4.807904459536076 370.4490210264921 12.05843665450811 0.27472223341465 5.459978230297565 0.0846133753657341 11.0048858448863 1391.656114429235 28.6536412909627 608.3725339919329 715.2288423702121 96.45868572592735 3390.582272931933 76.59226369857788 8.795645162463188 5.17220051586628 7.230832189321518 0.4503885060548782 0.2072227373719215 10.80600643157959 0 7.582089699804783 24.10415445268154 27.94892552495003 3.242125064134598 15.74442862719297 0.111486904323101 37.09328526258469 0 0.09787655621767044 59.71796200424433 22.44920206069946 0.2164974063634872 0 0 0.4803738817572594 0.08761543780565262 1.104329869151115 0 1.540950633585453 0.1296647787094116 6.714669324457645 0.08728180825710297 0 1.037796176970005 8.018523804843426 0 2.990986242890358 0 0.1639508903026581 9.279181502759457 1.443390011787415 2.397647976875305 28.03263890743256 63.75545405596495 198.0335784628987 1.435453318059444 0.1177714467048645 0.9699786230921745 0.1318572759628296 0 0 3.778077647089958 0 6.713208891451359 4.683175534009933 7.531850658357143 2.446431085467339 0.1246995106339455 0 0.5758776664733887 0
115.0222585499287 19.7718793451786 1901.721699997783 0.759052999317646 0 7.500371426343918 739.5782829225063 114.4244040697813 0.9421310648322105 15.71824102848768 21.31330550462008 0.5618558302521706 3.230124264955521 180.5498709008098 0.07605070620775223 4.882110178470612 3097.964907050133 42.61120054870844 283.216930642724 1.701684355735779 608.4942229911685 1.632359758019447 6162.234513871372 17.85250049829483 14.11989574879408 4059.911600980908 5734.877216935158 241.8051333501935 72.08014252781868 1089.436947926879 0.5674181208014488 0.4146592691540718 7.217973850667477 389.138517729938 10.1645442917943 555.1678342223167 2342.698404990137 902.2178071439266 265.935512855649 11.15176479518414 3.948667734861374 5.177982531487942 2.213822148740292 0.5838508382439613 362.8206459283829 184.4838350340724 0 0 0.1188031435012817 2.416180357336998 0 0.2126020193099976 0 1.215432904660702 0 2.257023103535175 0.4252233430743217 0 4.508488282561302 244.0856887772679 0.8041289374232292 59.63424149900675 0.08749949932098389 3.210867203772068 11.41926961392164 20.68769612163305 5.159693360328674 4.502983413636684 629.8451085314155 1349.215270064771 7.114932745695114 0.6474811881780624 3.156848609447479 0 0 0.2829622104763985 81.9537431076169 14.20352770388126 93.8146646246314 224.1918721050024 195.4022799730301 25.37703979760408 1.376893021166325 0 0.2022533863782883 0
4.868644304573536 0.1349786520004272 0.759052999317646 1040.081176228821 0 53.88528528809547 457.1362845897675 50.53146074712276 857.4668026193976 5126.150119177997 0.8731960728764534 354.4997428581119 1.399378478527069 29.02314763516188 108.3411261588335 0 0.2823198437690735 0 0.8382473513484001 1328.614287272096 0.22771255671978 0 0.7275129482150078 1573.537024624646 0 0.8998798802495003 0.7700139805674553 4921.694994144142 49.35424999147654 1.495233103632927 0.08642438799142838 0.9865854233503342 6.501976549625397 32.15607427805662 1.699006736278534 171.0820870995522 4.299826256930828 64.63888131827116 33.28313107788563 287.0418213680387 6.910557456314564 3.205337524414062 1.84173247218132 0.7331506237387657 1.019172936677933 0.1076217293739319 104.1094345971942 0.3441810309886932 48.92354705929756 72.52393952012062 43.91410492360592 158.8280175700784 83.45127169042826 0.4074271619319916 131.9312205016613 0.08700187504291534 13.3394443243742 4.163899146020412 0.09486532211303711 0.4901003390550613 0.2923140525817871 0.1639719754457474 140.2556820586324 0.3155744075775146 4.60098373144865 0 229.6824512407184 0.4820837303996086 1.615911584347486 0.9163426905870438 229.1215335577726 5.762326054275036 2.723282895982265 0.07377319037914276 2.853126846253872 0.09176729619503021 8.115719676017761 1.319938004016876 9.903569966554642 1.787155896425247 12.48837812244892 1.841112025082111 71.16549392044544 2.039040639996529 0.08330124616622925 0.09208502620458603
0 0 0 0 2.967927932739258 133.7287490367889 1.255161166191101 29.4162128791213 7.281195729970932 1.170867785811424 11.25029061734676 23.24787457287312 4.745261758565903 1.229094237089157 411.2259265929461 0 0 0.3107127547264099 0 0.3634970188140869 0 0.3545132279396057 0.1911722868680954 1.966083616018295 0 0.689314141869545 0 0.6700450628995895 22.02856928110123 0.9344981163740158 0.2825985848903656 55.28444847464561 0 35.57431221008301 0 13.38000402599573 2.320713475346565 62.85485432296991 22.28553043305874 551.5661965683103 16.32884506881237 0.6492050439119339 0.1449984610080719 0.3087259232997894 0 0 0.3704327642917633 0 0 0.6270654946565628 0 0.421410471200943 0 0 0 0 0 0 0 0 0 0 0 0 0 0 0.8937069401144981 0 0 0 0.5453058034181595 0 0.672358512878418 0 0 0 0.2027531713247299 0 0 0 0 0.387077659368515 0 0 0 0
27.28180634230375 0.5959095656871796 7.500371426343918 53.88528528809547 133.7287490367889 6449.326234817505 3453.90684812516 3307.930664028972 57.59258879721165 6310.337072558701 85.45356725528836 3471.025180384517 40.13524505496025 615.9311453029513 1727.253728635609 0 2.973572976887226 8.242090411484241 5.654956519603729 387.6252394840121 5.534640580415726 2.707612074911594 3.995956584811211 284.6892037987709 1.04500050842762 13.63279276713729 8.666445836424828 525.3417575806379 838.3609614446759 20.74331881850958 1.999525599181652 911.1835936456919 6.558532126247883 491.2551541104913 1.550311051309109 341.736297801137 27.68230944871902 398.6799077764153 157.8856152817607 1908.486167788506 285.2312323972583 17.96589125692844 6.88991791754961 2.228581175208092 0.3636061623692513 0.3685722202062607 20.07966550439596 0.7960199415683746 26.07374034076929 85.4257658906281 30.30300594121218 20.46764236688614 20.90800750255585 0.7042799443006516 61.44671109318733 0.2026553750038147 11.98976931720972 5.877422675490379 0.8063564896583557 0.1917231231927872 0.189715638756752 0.2752878218889236 28.67654801905155 0.6964352652430534 0.9808746352791786 0 86.93678072839975 0.1165542528033257 1.336306355893612 0.3767599835991859 120.1481856778264 12.12566670775414 13.7154568657279 0 4.100510582327843 0.6241328120231628 8.286582224071026 1.737775161862373 15.36026377230883 1.710605815052986 15.08695375174284 1.954430066049099 27.93319233506918 2.597502462565899 2.068660512566566 0.561596155166626
2640.015695661306 5.379275172948837 739.5782829225063 457.1362845897675 1.255161166191101 3453.90684812516 10382.27553126961 3200.923742450774 307.4457134902477 6767.665292505175 37.11541951075196 166.3952355459332 18.94990596547723 4228.22991348803 33.08253931999207 3.774718075990677 188.1327697485685 23.12120214104652 72.77132119238377 550.461121045053 905.431231662631 51.49045576900244 473.9771504998207 1599.958473496139 4.400221355259418 266.0570860393345 181.5351255536079 11461.23076693714 1826.038739353418 3516.380457013845 0.3714849166572094 36.24302299320698 209.0425929129124 645.8097035810351 26.93186149001122 2427.817757837474 131.0117742493749 1210.768981523812 614.0506147071719 162.7138227298856 118.6325710266829 7.714351274073124 33.6785247400403 13.48880995064974 2.767225921154022 4.79079607874155 47.19660649448633 1.410777062177658 85.80880542099476 378.0921845808625 116.7263354435563 160.184882350266 60.89023058488965 3.828336030244827 101.0947135463357 1.277388170361519 55.85183544456959 13.22971585392952 13.96268032491207 1.893286935985088 1.830326288938522 1.753443710505962 64.93498311936855 4.056925252079964 21.64872320741415 8.736359305679798 498.6305988952518 0.612278513610363 12.58157547563314 29.31948813050985 592.0585410445929 46.65848164260387 96.90481147915125 0.3703959435224533 14.84720935672522 2.054901577532291 34.54689674079418 41.28748698532581 78.88632719218731 3.332879479974508 59.11436164006591 13.16141360998154 92.13002482056618 16.33622673153877 1.765883818268776 1.613373890519142
939.1370991393924 2.314160086214542 114.4244040697813 50.53146074712276 29.4162128791213 3307.930664028972 3200.923742450774 7706.56667175144 109.1636863276362 1266.272626623511 187.8601801693439 922.3417084217072 70.8861028701067 5555.129093229771 203.557216219604 0.3339866250753403 110.9268017224967 20.90961606055498 64.70395535230637 194.2610068097711 25.38615597039461 24.57645353674889 44.90603825449944 427.3749496042728 2.466309659183025 77.76710706949234 45.63065125048161 608.9236864447594 1708.217277266085 593.3047180175781 4.904262728989124 1103.511165589094 18.12309443950653 530.8363774567842 3.544999048113823 663.077090471983 58.09161169081926 649.605794519186 237.3288191184402 947.954309694469 297.9577753692865 32.57632008939981 7.920208014547825 5.9933697655797 0.8927778825163841 0.783754013478756 50.262047983706 1.548695355653763 70.38404230773449 296.8214164488018 95.14335019886494 97.82794637978077 65.38999780267477 3.703394949436188 141.7751105353236 0.6119921430945396 39.74697565287352 15.09583951532841 2.759118124842644 0.06912405043840408 1.63227641955018 1.390960521996021 80.68293062597513 1.508317589759827 9.778696812689304 0.387239895761013 330.2315133810043 0.6587945967912674 5.128856427967548 4.621158748865128 423.9262188225985 33.88651452213526 59.87493140250444 0.3271171003580093 10.79391878098249 3.142372384667397 26.98358864337206 3.258356690406799 38.23333910852671 3.804264388978481 55.65287474542856 9.723808243870735 81.37393303960562 8.744164481759071 3.328752100467682 0.7819118201732635
5.689107194542885 246.3203883469105 0.9421310648322105 857.4668026193976 7.281195729970932 57.59258879721165 307.4457134902477 109.1636863276362 512.4682471975684 48.86308069527149 7.444592885673046 248.0016170889139 19.70049192756414 54.40838192403316 825.3203335925937 11.83354500681162 0.2863300740718842 0.6213903054594994 0.4198309779167175 612.390749566257 14.47067053616047 1572.553156763315 1.668137192726135 5813.371305800974 67.01456318050623 6.794173792004585 141.1428772509098 1131.556986607611 32.75596248358488 24.9417639747262 1.320452883839607 3.325910493731499 2.519926510751247 15.29848448932171 0.7123295068740845 49.04865571111441 3.848549842834473 41.19997403025627 6.470596566796303 568.9008320644498 4.363350063562393 4.269475512206554 0.1723145693540573 5.783845387399197 29.09056908637285 4.235895201563835 99.33363002538681 1.663920819759369 39.46533497422934 141.9345408417284 41.07755605131388 163.2893535196781 67.27525316923857 2.313977666199207 83.87033544108272 0.7708825096487999 18.85270962864161 7.879854112863541 106.7248753383756 2.256421662867069 0.9188765659928322 1.677531160414219 109.2713035494089 35.20637471973896 92.06380488723516 45.16157972812653 860.8898006603122 4.256770923733711 7.591674782335758 27.70864440500736 628.68739502877 24.80667678266764 52.58460967987776 0.3179255500435829 3.648075141012669 1.407083936035633 10.32502327859402 0.6145473718643188 16.96510917693377 1.841380409896374 19.65888362377882 3.539292775094509 43.51222547143698 2.691874168813229 0.5869265794754028 2.34289725124836
148.7989207953215 0.1266127228736877 15.71824102848768 5126.150119177997 1.170867785811424 6310.337072558701 6767.665292505175 1266.272626623511 48.86308069527149 23017.03860934079 38.41140914335847 7066.915185179561 16.16043029725552 1061.826967030764 11.91157683730125 0 6.437704935669899 5.955135673284531 6.14880908280611 13549.76724291593 11.19200829416513 2.067985460162163 8.438781313598156 296.513141669333 0.2444664016366005 12.3717474937439 9.331696093082428 2964.386341959238 561.533721446991 37.12833470106125 1.5567318610847 33.73133519291878 17.66491781920195 296.7159877344966 3.346877619624138 435.0392091721296 36.1970027834177 556.5289335995913 178.4093955531716 89.28510884195566 68.98044310510159 3.775936394929886 12.56431455910206 0.8950764015316963 0.5435525253415108 0.07889862358570099 22.67386073619127 0.5071915835142136 16.42021034657955 37.38053460419178 18.46389138698578 25.22008850425482 22.83862192928791 0.9684786796569824 33.01208151876926 0 5.345663361251354 1.00994236022234 0.5887944176793098 0 0.2446260079741478 0.195301353931427 29.17329158633947 0 0.6344587057828903 0.2555143237113953 56.01230631023645 0.1937729343771935 0.7828657403588295 0.9602196216583252 73.96116331964731 3.794103138148785 3.038897410035133 0 1.015499912202358 0.08932217955589294 4.64928837865591 2.900218158960342 8.727127850055695 0.545459657907486 6.748297221958637 0.9124340638518333 15.84682396054268 2.229120999574661 1.094304524362087 0.114140585064888
16.54596287757158 45.7081308811903 21.31330550462008 0.8731960728764534 11.25029061734676 85.45356725528836 37.11541951075196 187.8601801693439 7.444592885673046 38.41140914335847 7722.293185070157 62.5678298547864 2395.984903089702 281.6142053157091 2.726636968553066 3.467778861522675 104.9611024856567 2336.480649039149 1273.301451578736 14.13363464921713 27.36034725606441 22.08078084886074 38.89652236551046 20.04876947402954 616.0816125422716 2212.567061789334 823.6395066604018 22.8589726164937 365.1978059634566 46.57394045963883 320.1459129303694 199.8742163777351 7.269835025072098 3428.971005514264 9.428404442965984 858.9579496905208 4943.256771534681 3837.484873943031 546.748362980783 60.46722140163183 67.81338915228844 1652.264732904732 6.645771101117134 0.3333423212170601 4.283623725175858 0.373640775680542 1.669265791773796 0 2.06570015847683 11.31808795779943 2.210580624639988 3.792069278657436 1.559377245604992 145.5081954076886 2.054274126887321 405.7760235443711 2.180273659527302 0.4324538558721542 0.9679522216320038 0.7559179291129112 1.243242278695107 2.111811488866806 1.720882333815098 0.3221683576703072 1.671932138502598 0.1225332766771317 14.01513656228781 94.56249248236418 65.62974469363689 50.81285277754068 14.90811683982611 0.3379179760813713 3.17972170561552 26.3913546577096 0.5538668036460876 0.1019069701433182 18.91882289946079 8.131468430161476 27.35726023465395 389.0834562852979 42.82286971062422 7.208382040262222 4.214921534061432 0.7467846795916557 244.6789631471038 0
13.11317005753517 1.225243300199509 0.5618558302521706 354.4997428581119 23.24787457287312 3471.025180384517 166.3952355459332 922.3417084217072 248.0016170889139 7066.915185179561 62.5678298547864 3826.407271225005 32.57447010651231 478.402151376009 994.394948117435 0.3349595665931702 0.7183707654476166 7.845070198178291 7.387198731303215 2519.637960582972 0.3504721149802208 6.851535245776176 1.911609001457691 246.4126581251621 4.318035550415516 10.17668756842613 4.633028987795115 117.5447280853987 394.4511557258666 6.182757094502449 0.97657161206007 82.09676595777273 0.8717569783329964 212.9827110022306 0.6864452958106995 216.6852893084288 16.59190806746483 394.2658634409308 56.45248793810606 1387.331713564694 31.80123411864042 8.387991212308407 2.73769710958004 1.564057663083076 0.7724642530083656 0 58.48168707638979 0.1804425865411758 43.79198959469795 55.44550013542175 26.73534571379423 70.53094642609358 91.43993175029755 0.3444504216313362 185.4638922810555 1.514111816883087 10.46782648563385 6.229508116841316 0.1329531669616699 0.09777764230966568 0 0.2736310139298439 103.2596462294459 0.4130107462406158 1.424530334770679 0.6150489896535873 113.5911464095116 0.1071372032165527 0.8070917129516602 0.5077017284929752 105.3320268914104 5.72756227850914 3.98695982247591 0 2.992781981825829 0 4.799147449433804 0 52.28002924472094 0.07466457784175873 10.57357966899872 2.366329982876778 152.6299669891596 2.650308310985565 0.5490181446075439 0.1045882701873779
2.410832993686199 279.0707216411829 3.230124264955521 1.399378478527069 4.745261758565903 40.13524505496025 18.94990596547723 70.8861028701067 19.70049192756414 16.16043029725552 2395.984903089702 32.57447010651231 3437.51398987323 51.40411673486233 1.496515169739723 20.75053425878286 3.738275170326233 272.9322131946683 39.52434711158276 10.92142182588577 11.88367285579443 126.2859109714627 25.3357824459672 43.770033814013 1618.283665336668 999.0423313006759 3151.844499342144 21.17177510261536 71.25288949906826 13.37544202804565 911.4752228334546 72.05803066492081 2.281496196985245 723.2131154462695 101.7573845088482 2396.05017953366 4799.810169994831 1862.620828464627 496.1492353230715 161.0315787270665 92.28989382833242 530.4738385081291 19.19504952430725 0.3024218082427979 6.318003542721272 0.4642042145133018 0 0.3588613420724869 1.694572888314724 2.973454065620899 1.575411468744278 2.090627148747444 0.3751809895038605 336.3251328244805 2.60006058961153 1066.681917019188 0.8575741350650787 0.4454981237649918 0.1333595216274261 0.1725593656301498 2.295518316328526 2.282973997294903 0.5204099416732788 0.1045479401946068 3.074722871184349 0 4.813121892511845 436.2510135248303 137.4165939465165 132.3118057549 5.046673279255629 0.9511440992355347 1.907957717776299 80.05097088217735 3.661746442317963 0 35.62368584424257 88.74657160043716 339.5288013592362 744.2850400879979 151.5317144542933 44.09677539020777 18.20232889801264 29.13520355522633 322.0540506243706 1.246964067220688
3478.305915549397 3.230852767825127 180.5498709008098 29.02314763516188 1.229094237089157 615.9311453029513 4228.22991348803 5555.129093229771 54.40838192403316 1061.826967030764 281.6142053157091 478.402151376009 51.40411673486233 6390.404469527304 14.30253498256207 1.466226734220982 188.9557718187571 38.42993184924126 131.411762997508 218.197043441236 40.00326323509216 26.18263597041368 77.76626786589622 213.0542454794049 2.965369738638401 148.2661501169205 77.57384961843491 425.3196027055383 5709.63140078634 1339.53155259788 7.917755290865898 135.6874724701047 66.91351339966059 1012.821498520672 3.881630040705204 649.4479217082262 81.51824164390564 873.4465824142098 174.8897510021925 188.5049892812967 40.73721097409725 15.81270334869623 7.504825629293919 4.752972729504108 0.5893357768654823 1.063233770430088 15.08722942322493 0.1044245287775993 27.28662161529064 124.3790362179279 38.93871770054102 45.62895235419273 18.51931396126747 0.7366132661700249 42.87401606142521 0 19.00119114667177 5.495981112122536 6.211783833801746 0.4942310303449631 0.2912691310048103 0.5873065739870071 27.21738051623106 4.068512581288815 10.18153692781925 3.123450361192226 163.2750024870038 0.400383435189724 5.900777548551559 7.015582233667374 203.3248151168227 16.62531559169292 34.94975423812866 0.2461392432451248 5.003838039934635 1.051876164972782 17.61630326509476 4.10932482779026 28.27802054584026 0.9465719312429428 22.42392029613256 7.694232821464539 37.21189351379871 3.431677237153053 2.259340181946754 0.661565437912941
0.5524928569793701 4.807904459536076 0.07605070620775223 108.3411261588335 411.2259265929461 1727.253728635609 33.08253931999207 203.557216219604 825.3203335925937 11.91157683730125 2.726636968553066 994.394948117435 1.496515169739723 14.30253498256207 382.8454404175282 0 0 0.1854108199477196 0.1092280820012093 89.15650103986263 0 47.74002732336521 0.09683205932378769 612.6556949317455 0.7914668768644333 0.07307380437850952 4.089806653559208 29.26036690175533 15.68872805684805 0.1599368676543236 0.1884638369083405 713.0117649361491 0 30.24227235466242 27.32784515619278 34.15627291798592 1.148701518774033 8.114292994141579 2.132266156375408 820.0790892988443 44.08834157139063 0.1754193902015686 0 1.606168538331985 0.8614010885357857 0 5.928486086428165 0 4.356340259313583 6.465283609926701 2.102951377630234 6.564741626381874 4.099331200122833 0 20.12712830305099 0 0.6724663376808167 0 0.5405999794602394 0 0 0 2.32011441886425 0.9424640089273453 3.085346572101116 1.259930223226547 15.93548492342234 0 0 0.4531233012676239 9.188248947262764 1.214940920472145 1.164830803871155 0 0 0 0.7327908426523209 110.5694203525782 3.077520504593849 0.2899202555418015 1.563749834895134 17.97132061421871 20.04945810139179 0.2665313482284546 0.1203543841838837 0
0 370.4490210264921 4.882110178470612 0 0 0 3.774718075990677 0.3339866250753403 11.83354500681162 0 3.467778861522675 0.3349595665931702 20.75053425878286 1.466226734220982 0 2161.564580351114 2.784842111170292 0.3431259095668793 0.7274832203984261 0 1581.092790342867 1719.765943303704 1419.31050709635 1406.040762268007 65.34119117259979 4.439178183674812 3864.470800809562 1426.090977914631 6.021496891975403 80.1536026224494 0.4445292726159096 0.08925861120223999 3.807532206177711 36.5696232765913 21.47428651154041 1097.316023685038 528.6938598752022 278.1413673013449 288.5932304933667 30.83207908272743 2.112187474966049 3.171778284013271 9.09437857568264 1.448558561503887 31.89919828623533 27.1619635373354 0.247031956911087 0 0 5.412072546780109 0.421160489320755 1.796097755432129 0.3455811738967896 0.6988736838102341 0 0.2239173874258995 1.532280370593071 0.1051118150353432 1171.721624091268 2.383439749479294 0.1223877593874931 2.323012262582779 0.4969718158245087 222.7177916839719 845.4296344295144 1036.351525314152 85.54228901863098 1.463417001068592 7.939095266163349 334.0429036989808 158.238318040967 6.064354345202446 39.30392334610224 0.08987601101398468 0 0.7404593303799629 4.925843872129917 22.86424617469311 28.06404561549425 9.21184328943491 9.194849364459515 5.260339364409447 1.618738539516926 0 0 0.3411394953727722
158.4586123377085 12.05843665450811 3097.964907050133 0.2823198437690735 0 2.973572976887226 188.1327697485685 110.9268017224967 0.2863300740718842 6.437704935669899 104.9611024856567 0.7183707654476166 3.738275170326233 188.9557718187571 0 2.784842111170292 917.7523911371827 88.2692945599556 2281.417590357363 0.7911655902862549 753.6691364571452 1.095657758414745 3196.690259456635 7.498851403594017 10.9043577387929 1894.250622846186 5603.612481482327 31.88441939651966 286.500501666218 1773.819714352489 0.8797804489731789 0.8831318765878677 30.98156493157148 980.0341086387634 2.085483267903328 174.2753549143672 929.2596249505877 518.610148742795 129.9025844559073 5.803140863776207 2.056192494928837 3.170102909207344 0.8130123987793922 0 76.25252363830805 9.896985195577145 0 0 0 0.3962290436029434 0 0.09097889810800552 0 0.6095908880233765 0 1.663287743926048 0.08334515243768692 0 0.4308221787214279 57.77378799021244 1.309594087302685 50.69851135462523 0 0.6765685006976128 1.172024182975292 0.7327796295285225 1.354557804763317 7.783995531499386 379.6258114352822 324.3114832416177 1.912341505289078 0.2206078842282295 0.6839464530348778 0.1952503472566605 0 0 21.07173906266689 13.05367957055569 25.25434512645006 50.69829667359591 51.09133820980787 10.02053193002939 0.4382099658250809 0 0.5233899876475334 0.1032379195094109
10.70898545533419 0.27472223341465 42.61120054870844 0 0.3107127547264099 8.242090411484241 23.12120214104652 20.90961606055498 0.6213903054594994 5.955135673284531 2336.480649039149 7.845070198178291 272.9322131946683 38.42993184924126 0.1854108199477196 0.3431259095668793 88.2692945599556 85.13715600222349 714.9644592106342 2.686305038630962 7.558800339698792 0.5560308918356895 39.16190651059151 1.443616569042206 12.83506061136723 2579.51038236171 570.5955436602235 6.466742686927319 50.84387046098709 37.02939880639315 124.9825691357255 13.80002078413963 1.189951665699482 551.1076347008348 4.064234688878059 461.5823580697179 1042.573543407023 911.8916780874133 174.9577346742153 9.421643331646919 5.213966436684132 25.2057666182518 3.022711664438248 0 1.312513001263142 0.1097851172089577 0.3667482063174248 0 0.2569981515407562 1.025739639997482 0.6670375913381577 0.3560368418693542 0.06864882260560989 8.656671226024628 0.3260733336210251 51.71685688942671 0.1859887093305588 0 0.2104775607585907 0.3226417526602745 3.156033180654049 2.729167699813843 0.1849084794521332 0.26768559217453 0.162982851266861 0 1.662250645458698 18.80980064719915 80.2840229421854 65.91651460528374 1.166485764086246 0.2465868145227432 0.4553625732660294 14.12948593497276 0.6937861144542694 0 1.086883954703808 10.64626704156399 6.275765292346478 51.44163288921118 3.518546372652054 1.192386776208878 0.1013396233320236 0 0.2829021140933037 0
90.90040305256844 5.459978230297565 283.216930642724 0.8382473513484001 0 5.654956519603729 72.77132119238377 64.70395535230637 0.4198309779167175 6.14880908280611 1273.301451578736 7.387198731303215 39.52434711158276 131.411762997508 0.1092280820012093 0.7274832203984261 2281.417590357363 714.9644592106342 1128.880652472377 1.269345059990883 87.27440792322159 0.4195371493697166 335.915862120688 2.294244736433029 116.7651366516948 4071.534432627261 1395.752864859998 10.73858914524317 206.7252321206033 326.6280296519399 22.40060286968946 4.838085561990738 19.61898349970579 3069.35341051966 3.160504244267941 567.8609667941928 831.87661857903 1551.899835787714 303.8586615994573 9.590901918709278 2.128366932272911 9.287926591932774 2.680210322141647 0 44.68819689750671 0.8121844381093979 0 0 0.2602387592196465 0.9577231407165527 0 0.163751944899559 0.3711568564176559 4.635022148489952 0 25.56363203376532 0 0 0.3793939203023911 4.728602305054665 8.91228111833334 55.63897222280502 0.2859418168663979 0.3163869678974152 0.9184379726648331 0.4864306673407555 1.503046259284019 58.99770956486464 559.7939019650221 501.1730196774006 1.659081734716892 0.5903647243976593 0.7901847884058952 9.325578026473522 0.09886609017848969 0 7.063538521528244 5.048637099564075 16.48801603913307 56.40428533405066 23.62758708000183 4.847403235733509 0.1851935461163521 0.3276998102664948 1.050311893224716 0
25.02822278439999 0.0846133753657341 1.701684355735779 1328.614287272096 0.3634970188140869 387.6252394840121 550.461121045053 194.2610068097711 612.390749566257 13549.76724291593 14.13363464921713 2519.637960582972 10.92142182588577 218.197043441236 89.15650103986263 0 0.7911655902862549 2.686305038630962 1.269345059990883 893.4935532659292 2.081891663372517 0.2257559522986412 1.537327766418457 666.2649761661887 0.7785647362470627 4.367072343826294 3.303340435028076 3856.038030877709 254.0257924720645 4.721626847982407 0.6723844930529594 14.42006071656942 11.4833285883069 177.4461473152041 2.482637897133827 575.1946968734264 28.77575811743736 380.87301184237 142.8348181247711 379.2256684452295 72.4579282104969 3.164768986403942 17.6254073381424 1.270395196974277 1.841285385191441 0.1198740303516388 138.814039722085 0.1960820779204369 77.07289797067642 110.3652154579759 62.37397489696741 171.8025952130556 122.6732983291149 1.283399600535631 218.0742920190096 0.06625384837388992 18.91002736240625 7.779097147285938 0.1319787353277206 0.2018049284815788 0.4782947152853012 0.2883796878159046 191.1447560042143 0 5.003704816102982 0.1227893382310867 274.5423286259174 0.5852144733071327 1.576485559344292 1.121064517647028 307.0149829275906 7.657999478280544 4.937096677720547 0 5.169864274561405 0 10.45442596822977 5.229494571685791 19.49981967359781 0.4872859790921211 15.05409459024668 1.846411928534508 113.2694935500622 3.342630371451378 0.6611027419567108 0
22.0987973511219 11.0048858448863 608.4942229911685 0.22771255671978 0 5.534640580415726 905.431231662631 25.38615597039461 14.47067053616047 11.19200829416513 27.36034725606441 0.3504721149802208 11.88367285579443 40.00326323509216 0 1581.092790342867 753.6691364571452 7.558800339698792 87.27440792322159 2.081891663372517 8395.268465258181 134.551220163703 7850.947871699929 610.9742985367775 4.078465320169926 72.30128739774227 1036.273746699095 5228.312879100442 73.87361549586058 8750.082588545978 0.1781547144055367 2.180965669453144 24.78327199071646 2584.005741886795 82.25051672756672 4091.557194463909 1112.814991503954 4263.6578566432 1968.015768267214 118.5920729860663 17.35537055879831 10.20739319175482 29.96637186408043 4.440458372235298 1.968289077281952 5.172571316361427 0.4235276579856873 0 0.09581565856933594 9.071151994168758 0.4755611717700958 5.166200190782547 0.4670615643262863 0.4474795013666153 0.1312433779239655 0.1453589797019958 5.163954317569733 0.1160973832011223 400.5422720387578 2.171297580003738 0.3592381030321121 1.627641141414642 0 244.9988430142403 214.129202708602 152.1914496868849 140.7973890826106 0.3892157673835754 7.091161996126175 26.85611505806446 260.3202488422394 23.60256177932024 89.14170486479998 0.3222704827785492 0.8308053910732269 1.896956354379654 6.762975245714188 133.9529192149639 84.45496580004692 4.77991796284914 10.04356976598501 8.276053458452225 5.977287642657757 0.3077778816223145 2.289140209555626 1.747068643569946
11.04587521404028 1391.656114429235 1.632359758019447 0 0.3545132279396057 2.707612074911594 51.49045576900244 24.57645353674889 1572.553156763315 2.067985460162163 22.08078084886074 6.851535245776176 126.2859109714627 26.18263597041368 47.74002732336521 1719.765943303704 1.095657758414745 0.5560308918356895 0.4195371493697166 0.2257559522986412 134.551220163703 797.677433617413 220.518012419343 4354.218977555633 443.5400403887033 9.23663404583931 1348.000676013529 516.2896747142076 88.965560734272 96.15408259630203 3.352330297231674 2.339316964149475 16.28470619767904 24.07321029156446 0.6182138323783875 50.90845969319344 10.50460200756788 50.72200786322355 15.09365797787905 203.7533717826009 6.905668437480927 13.28141698986292 0 0.7462187707424164 185.1020735949278 46.91682474315166 0.8939103782176971 0 0 5.419160105288029 0.4807178601622581 12.17496478557587 0.2807769253849983 1.512991577386856 0 2.507852450013161 1.363268807530403 0 777.6166004389524 6.701879195868969 0.3252427875995636 1.476200483739376 0.3141752183437347 168.1486063450575 101.5012394860387 446.4829019382596 99.21419071406126 14.58775158971548 28.02215864509344 495.3969024419785 149.7989656850696 5.846352390944958 25.99696011841297 0 0 0.3858167305588722 6.082221776247025 0.1693471968173981 11.0248471274972 4.411503292620182 12.89413340389729 4.216673493385315 2.244612842798233 0 0.1110812574625015 0
48.2397543862462 28.6536412909627 6162.234513871372 0.7275129482150078 0.1911722868680954 3.995956584811211 473.9771504998207 44.90603825449944 1.668137192726135 8.438781313598156 38.89652236551046 1.911609001457691 25.3357824459672 77.76626786589622 0.09683205932378769 1419.31050709635 3196.690259456635 39.16190651059151 335.915862120688 1.537327766418457 7850.947871699929 220.518012419343 11109.795979321 119.5625538229942 12.51881761103868 1039.604665383697 7558.661996386945 820.2466042041779 72.97368586063385 3272.610501356423 0.3808629438281059 1.303813628852367 12.69558740407228 2155.107082016766 156.2173918560147 5396.188852205873 6431.218192070723 5991.202952876687 2856.845688760281 264.0672683268785 18.13925575464964 23.82906766980886 63.79457591474056 0.4860996454954147 19.32445607334375 348.6092968136072 0 0 0.2488184943795204 4.128250367939472 0.304671935737133 0.5690439566969872 0.4889970272779465 1.266831278800964 0 0.9147564545273781 0.3106687515974045 0.1130368188023567 860.0343125760555 28.67793755978346 0.2371093779802322 2.99043083190918 0.1957321316003799 98.72267290204763 488.9322242960334 927.3625524565578 33.46952088177204 0.869303934276104 26.19002724438906 1514.600097581744 65.96605844795704 3.034838929772377 14.72708581387997 0.1569540351629257 0 0.460269421339035 28.89718958735466 232.10448589921 167.9206900596619 113.7700211182237 91.73676532506943 32.8906225040555 2.756531119346619 2.18377597630024 1.224499925971031 0.260530561208725
35.08530979603529 608.3725339919329 17.85250049829483 1573.537024624646 1.966083616018295 284.6892037987709 1599.958473496139 427.3749496042728 5813.371305800974 296.513141669333 20.04876947402954 246.4126581251621 43.770033814013 213.0542454794049 612.6556949317455 1406.040762268007 7.498851403594017 1.443616569042206 2.294244736433029 666.2649761661887 610.9742985367775 4354.218977555633 119.5625538229942 7404.179232142866 136.1936850249767 14.29018515348434 2113.21010992676 7219.051794424653 318.0605956241488 107.7636150568724 2.230597943067551 13.36843694746494 65.88492853939533 159.5915549322963 8.527949020266533 877.7043656781316 73.04602207988501 409.2326120138168 205.1232050359249 819.7456137090921 30.6071198657155 9.024036131799221 6.338288992643356 28.32046893239021 49.1470985263586 16.28096055239439 172.5792549476027 1.266302138566971 112.8233676701784 444.846286393702 117.4351965337992 777.1191758140922 157.5313202887774 4.108108341693878 277.4044596888125 2.803351648151875 71.07181421667337 18.56596147269011 309.5905525237322 6.507796980440617 1.979371190071106 6.542355962097645 224.429175876081 153.5213393047452 421.5840982943773 95.63572674244642 1463.879506908357 3.907439529895782 21.91636573523283 103.1055731847882 1515.12869784981 92.90989052131772 259.2788834571838 0.2703968062996864 13.68161391094327 10.25950811803341 52.26689443737268 17.79673524945974 86.94108855724335 5.831092700362206 82.92327799648046 20.46050518751144 209.4463270381093 17.64247289299965 0.9360859543085098 1.605007492005825
0.2788120955228806 715.2288423702121 14.11989574879408 0 0 1.04500050842762 4.400221355259418 2.466309659183025 67.01456318050623 0.2444664016366005 616.0816125422716 4.318035550415516 1618.283665336668 2.965369738638401 0.7914668768644333 65.34119117259979 10.9043577387929 12.83506061136723 116.7651366516948 0.7785647362470627 4.078465320169926 443.5400403887033 12.51881761103868 136.1936850249767 112.8502792492509 582.1739707961679 4358.853274352849 18.0757872313261 4.732200048863888 3.268628299236298 88.17237300425768 0.805258572101593 0.2319177091121674 115.7311181724072 3.249616771936417 271.6349606737494 173.6623664051294 289.6025514528155 69.26708230376244 31.18939016014338 66.06668740510941 133.9171923995018 5.372150659561157 0 15.77161867171526 0.4409339353442192 0 0 0 0.3380887508392334 0 0.560572974383831 0 132.1800709068775 0.08178138732910156 406.5537841916084 0.4511286616325378 0 0 1.17287153750658 1.414532974362373 2.807473160326481 0 0.09847867488861084 2.889402464032173 0.2949803471565247 0.2171958386898041 62.69771988689899 58.7248866930604 72.85695811361074 0.7387784570455551 0.194488950073719 0 21.59369483590126 0 0 24.49491807818413 9.314218878746033 50.37888654321432 44.59909547120333 50.54720016568899 0.6080157458782196 5.008170008659363 0 44.07004610449076 0
74.98254843056202 96.45868572592735 4059.911600980908 0.8998798802495003 0.689314141869545 13.63279276713729 266.0570860393345 77.76710706949234 6.794173792004585 12.3717474937439 2212.567061789334 10.17668756842613 999.0423313006759 148.2661501169205 0.07307380437850952 4.439178183674812 1894.250622846186 2579.51038236171 4071.534432627261 4.367072343826294 72.30128739774227 9.23663404583931 1039.604665383697 14.29018515348434 582.1739707961679 20159.24563468248 10730.0938206166 79.24493046849966 126.7376020029187 372.0642195567489 896.8450334593654 14.47614395618439 6.744315601885319 1707.245509691536 14.48686634749174 1681.871148452163 4805.687361881137 2900.883462399244 717.9091429039836 22.45728822052479 4.913188517093658 112.5145016014576 8.989049561321735 0.5827151909470558 270.1191258057952 5.262686915695667 0.07936140149831772 0 0.1645343527197838 2.306358188390732 0.7454179525375366 1.2044308334589 0.3118542432785034 68.67720522731543 0.8798040598630905 381.900286488235 0.9559324532747269 0.1792007237672806 0.7333982661366463 59.60265656560659 32.82110066711903 187.7312973514199 0.2452539801597595 0.7910737097263336 3.673479840159416 1.497458957135677 3.913697324693203 357.7197094038129 1983.427963256836 1763.461246043444 3.569600962102413 1.195142149925232 3.115139313042164 93.68193180114031 0.5790493860840797 0.1755121201276779 35.86623568087816 17.34608063101768 52.20012865960598 344.9065337702632 97.03035618364811 22.6188413053751 1.033545807003975 0.651308611035347 5.641190238296986 0.09012854844331741
45.67049545794725 3390.582272931933 5734.877216935158 0.7700139805674553 0 8.666445836424828 181.5351255536079 45.63065125048161 141.1428772509098 9.331696093082428 823.6395066604018 4.633028987795115 3151.844499342144 77.57384961843491 4.089806653559208 3864.470800809562 5603.612481482327 570.5955436602235 1395.752864859998 3.303340435028076 1036.273746699095 1348.000676013529 7558.661996386945 2113.21010992676 4358.853274352849 10730.0938206166 20748.11236219108 1176.584441632032 88.08436267822981 335.9073553830385 422.1940480619669 6.340100675821304 9.995967492461205 3134.419641181827 100.1528866365552 5724.947784341872 6453.396609544754 8139.844902895391 2533.821745917201 196.9553728401661 27.81827066838741 143.256209179759 39.84126397967339 1.004801481962204 3173.23441093415 802.0456889644265 0.4551311656832695 0 0.1860817223787308 8.241474032402039 1.452450029551983 2.540728814899921 1.054142769426107 165.1819156482816 0.5926828682422638 900.1765267476439 1.93857841193676 0.3095199763774872 313.3398179784417 404.2318218573928 56.18545203655958 329.0594265162945 0.09383899718523026 10.10924219340086 1102.644222341478 569.1279102340341 8.733846053481102 1873.251646853983 4764.228371031582 9213.847076639533 16.1651411652565 2.113336808979511 9.212033979594707 229.4039729237556 1.601693652570248 0 181.9545399323106 155.7774027958512 307.3528236225247 816.5201128795743 505.4137500822544 123.4009264484048 4.50320441275835 0.9286722913384438 22.25208488851786 2.421352237462997
