777.0207693949342 0.4928477928042412 66.43696870654821 6.332747779786587 1.011441573500633 10.68226926028728 1769.844079889357 307.3212806507945 58.36312551796436 21.11054331064224 20.57449145615101 1.067454792559147 0.1929860711097717 5938.980108983815 0.3818092718720436 1.407669275999069 444.2662413045764 15.74131547659636 128.5810941457748 2.01624459028244 73.85784571617842 1.614235609769821 98.65750671923161 77.1623919531703 0.1715584099292755 64.72612295299768 75.10808999836445 208.2184826284647 4469.379405945539 1955.935701705515 0.1058925241231918 4.823127597570419 280.9736980423331 277.8598196581006 1.483748614788055 47.86696025729179 21.64877779781818 62.0846951380372 14.90431977808475 1.469785884022713 0.9809310883283615 0.1039769127964973 0.1977530866861343 0.8266770765185356 0 0.7560170888900757 0.4012938514351845 0 0 5.020725883543491 0.4172258153557777 6.027794905006886 0.4781676009297371 0.09157396107912064 0.2792154103517532 0 0.6069160252809525 0.2171984612941742 3.049326524138451 0.2669881284236908 0.1233100146055222 0 0 3.023600913584232 0.6423853486776352 0.7522551864385605 42.35078635811806 0 1.323672965168953 5.257503636181355 22.35184997320175 7.840241469442844 13.8464554771781 0.151892825961113 0 0.7960274517536163 1.153319582343102 0 9.911604046821594 0.4100417345762253 3.865478724241257 2.136103004217148 1.05538247525692 0.1877505034208298 0.2225655168294907 0.3263337910175323
0.4928477928042412 221.1622134968638 25.09291649609804 0.5837171226739883 0.9330503344535828 1.00445881485939 4.737549990415573 1.00190095603466 604.2502519115806 0.5953247547149658 22.29151662439108 0.9375277012586594 1117.394991904497 1.105331689119339 23.54867734760046 134.3237108290195 16.03298237174749 10.06827116757631 18.01140506565571 0.1267741024494171 11.1312430948019 2637.533874861896 9.227058611810207 1089.93564067781 2081.54924223572 242.8387619331479 2827.710829086602 18.18388359993696 2.173551104962826 5.680086694657803 25.40958935022354 0 0.8579029142856598 28.89041172713041 0 44.81631281226873 168.3542953953147 61.02902636677027 22.74959249049425 21.43762542307377 0.2865011096000671 162.2586837261915 0.382676362991333 0 68.74325181543827 43.66088327765465 0 0 0.1151829063892365 0.1629981845617294 0 2.556981265544891 0.1433089226484299 22.59976848214865 0 72.80986349284649 0.1323405802249908 0.2472559660673141 38.03422968834639 17.38766022026539 7.854785911738873 11.33578471839428 0 0.4563187658786774 24.43339406698942 26.20513136684895 9.883330605924129 105.6922450065613 161.8483093976974 1535.42576020211 1.875910751521587 0 0.1037859618663788 15.50094184279442 0 0 8.692680731415749 0 37.85396389663219 30.00171283632517 26.01304525136948 16.47201129794121 0.6896752417087555 0 15.45280558615923 0
66.43696870654821 25.09291649609804 4418.418070599437 3.205379456281662 0.2577428221702576 253.5887669995427 2202.280302852392 667.5836646556854 7.817848585546017 192.8963465169072 19.39970009028912 2.271264851093292 2.680667072534561 594.3082453161478 0.1972590535879135 9.281478226184845 6174.958246432245 11.97517193108797 231.241663441062 0.6764630675315857 983.0358905419707 57.74457466602325 8421.376534171402 14.62703641504049 1.072014063596725 2470.834926575422 10273.96779141575 274.2293130978942 98.38978999108076 189.4782689064741 2.296128064393997 3.789624258875847 4.051669277250767 702.6185940206051 9.811126932501793 1482.167030394077 4263.319675222039 1567.197023078799 1041.065409056842 58.95940401405096 3.489513881504536 20.88372567296028 4.423393234610558 0.3007115945219994 35.55522454530001 1250.270638138056 0.2020252645015717 0 0.2173481285572052 6.558719925582409 3.092849358916283 2.037323862314224 0.1931003630161285 0.401717334985733 0 2.486731007695198 1.986188232898712 0 62.93368647247553 156.9615832418203 1.48748254776001 22.72995419055223 0 8.131518505513668 20.27373054623604 223.3041842952371 31.20349858701229 2.620532602071762 442.4492830485106 2901.965036317706 13.621925778687 1.977942816913128 3.317288808524609 0.387718603014946 0.1036228537559509 0 42.85209515690804 3.468359440565109 198.9517829790711 89.5344458296895 151.551893889904 101.1565544381738 1.99302040040493 1.109572947025299 0 0.4290906488895416
6.332747779786587 0.5837171226739883 3.205379456281662 3564.981951594353 7.383104518055916 138.0514694005251 212.9846402853727 82.10356745123863 1290.779417201877 3214.035362109542 9.014238744974136 6614.655084997416 1.190825998783112 61.37249852716923 166.50671543926 0.8209223747253418 0.482511430978775 3.258771732449532 3.371437609195709 7609.867723211646 0.1271151602268219 2.285558752715588 0.1736362129449844 2196.498957045376 0.1903409063816071 2.139534369111061 1.520978018641472 3664.567824594676 115.286223821342 1.942460380494595 0.1240455135703087 9.635011099278927 6.08486445993185 95.83370994031429 11.66942296922207 1211.276776432991 6.770989410579205 235.3112433031201 84.85330363363028 626.7221848368645 55.3409813567996 2.376159250736237 12.70207312703133 0.6663958728313446 0 0.4302988573908806 339.1840621083975 0 3.6430544257164 73.06695052236319 3.427940480411053 60.5209174528718 255.3221507519484 0.1484382301568985 124.3716665506363 0 3.336327701807022 1.348507396876812 0.990420863032341 0 0 0.1249938234686852 198.3821282461286 0.3059575855731964 0 0.1796199828386307 560.1572230309248 0 0.7374386936426163 0 368.8669752925634 11.67529059201479 4.436922401189804 0.1124559789896011 1.537525683641434 0.4623866379261017 6.329701393842697 1.497234463691711 71.40602450817823 0 14.8948243111372 5.16668426990509 138.6339035779238 4.50772051513195 0 0.6622277945280075
1.011441573500633 0.9330503344535828 0.2577428221702576 7.383104518055916 9.964567393064499 220.6689596623182 7.187358796596527 19.78273592144251 54.78660427778959 14.07423310726881 61.73604153096676 106.0434259027243 4.32535307854414 5.428876467049122 1971.17352181673 0.1600757092237473 1.033324703574181 12.4223515316844 7.144409887492657 19.72920292615891 0.1353384107351303 1.978399641811848 0 25.5697867423296 0.3962463065981865 3.465681999921799 5.100930787622929 5.324379034340382 196.7220892459154 0.123853825032711 0.5866342335939407 153.3010149970651 0 301.4980467110872 1.433834254741669 49.7359434813261 7.237945847213268 101.2375491708517 77.99869766831398 681.1765496060252 98.95395192503929 13.20903676748276 5.412883192300797 0 0 0 0.175614595413208 0 0.1886802017688751 0 0.3790561407804489 0.1192170977592468 0.115117534995079 0 0.1511952430009842 0 0 0 0 0 0 0 0.2862927988171577 0 0 0 1.274058684706688 0 0.3528897911310196 0.3942249417304993 1.038413763046265 0.1633674651384354 0.1988198161125183 0 0.3653436005115509 0 0.2130525857210159 0 0.1559395790100098 0.4556381404399872 2.154030531644821 0.4450394064188004 1.320987284183502 0.6436601430177689 1.774393498897552 1.78687784075737
10.68226926028728 1.00445881485939 253.5887669995427 138.0514694005251 220.6689596623182 11445.63112653792 3404.604031540453 5543.731539338827 57.48539644479752 8705.017693541944 171.7139047309756 6358.546286717057 19.54596649110317 859.016652405262 1122.247374117374 4.453926146030426 134.8046643361449 51.26071698218584 59.99353637546301 602.2378093376756 9.574891820549965 1.110922783613205 72.33278108388186 39.81414944678545 6.962718844413757 128.507854603231 63.12719974666834 377.1382374987006 973.1707568764687 83.37534907460213 3.974285960197449 1375.871406212449 6.706243000924587 925.3693956211209 30.53751689195633 590.0731831341982 63.87618469446898 867.1781165748835 381.8405003398657 2093.7627973333 606.7026026472449 84.35514019429684 49.55016697198153 0.3381345868110657 0 3.593893632292747 13.41311685740948 0 0.1299121230840683 7.770755112171173 1.368439987301826 3.656536340713501 7.020029813051224 0.9671688675880432 9.360976725816727 0.3089833632111549 0 0 1.111504577100277 0.210348978638649 0.2233954519033432 0 5.733813911676407 1.09201543033123 0 4.754855170845985 39.25518459826708 0.3178358972072601 2.870432436466217 14.36592729389668 28.15705814957619 1.907934136688709 2.742401897907257 0.2063045352697372 0.3511850237846375 0 2.858563348650932 2.906547844409943 12.507403627038 1.220683008432388 6.88665433973074 8.459618397057056 4.548898279666901 2.201504923403263 8.64835674315691 9.218835763633251
1769.844079889357 4.737549990415573 2202.280302852392 212.9846402853727 7.187358796596527 3404.604031540453 15284.93890717626 3028.692498274148 758.5711735486984 8222.135535977781 51.20546068996191 245.3703422397375 5.885418824851513 8899.057673953474 41.95063717663288 185.0308940634131 1112.254230700433 30.55525273829699 116.9082473143935 43.73466347903013 1416.648173123598 22.94800489395857 3190.91015522927 1412.405514977872 2.971577227115631 593.1917538121343 1483.187699921429 17839.32651019841 3103.695795364678 4573.618941172957 3.737388797104359 56.73921900242567 349.4060427993536 1121.413195632398 132.7342545688152 3388.365422300994 363.0341603532434 2244.89233288914 1175.816933602095 603.1204480826855 323.2653502300382 16.77252907305956 76.89846985787153 17.5141913369298 1.167934149503708 45.76841379702091 90.13263075053692 0.1215374544262886 3.192784741520882 428.3926716521382 10.48608727008104 138.331134930253 79.47010762989521 1.066412501037121 9.693388774991035 0.8194443061947823 19.59898265451193 2.161210335791111 51.74755679816008 4.666246168315411 1.514814414083958 2.28946927934885 53.19240598380566 41.9989311248064 11.19175015389919 85.78421006351709 1424.714373357594 0.1438607573509216 9.45013065636158 180.9808883368969 892.2460732012987 155.4273242950439 223.1356167122722 0 1.859370812773705 21.84964916855097 38.17221975326538 10.88526909053326 327.9041075184941 5.750420570373535 117.3600899651647 55.50060085952282 109.6403262242675 18.72839568555355 13.76190267503262 2.045340441167355
307.3212806507945 1.00190095603466 667.5836646556854 82.10356745123863 19.78273592144251 5543.731539338827 3028.692498274148 10947.76091326028 50.16387701779604 3091.056752167642 170.1940466240048 1175.974957704544 15.77097138762474 5033.172794997692 239.8021002337337 3.291825979948044 972.6567302197218 70.94554427266121 277.2751345783472 420.867630250752 45.32247354090214 1.353485599160194 237.9374005645514 105.7250416502357 3.962673209607601 402.8329445049167 214.1182591319084 401.298822298646 1090.476948425174 867.9573162049055 3.233680672943592 275.9451444968581 6.798301264643669 803.7763638272882 27.6362903341651 472.7187995314598 110.9738306030631 655.8486192375422 326.688522271812 613.3192023560405 288.196829713881 74.05979322642088 40.06110613048077 0.5194954574108124 0.2499389797449112 8.130985341966152 7.762610964477062 0 0.4490763247013092 18.1073307543993 1.266869068145752 4.911171674728394 3.673391573131084 0 6.983370684087276 0.2890596389770508 1.20957600325346 0 1.577023543417454 0.5523523911833763 0 0.1279445737600327 2.712634392082691 2.391313210129738 0.1345081627368927 7.368646264076233 73.48201471567154 0 5.683582805097103 30.59378737956285 37.08785603940487 9.35906146466732 10.12487855553627 0.3186917901039124 0 1.002348549664021 5.174897141754627 1.374843001365662 17.80080492049456 1.646866381168365 14.08761688321829 7.398420214653015 4.802018910646439 3.866980865597725 9.954337053000927 8.626939088106155
58.36312551796436 604.2502519115806 7.817848585546017 1290.779417201877 54.78660427778959 57.48539644479752 758.5711735486984 50.16387701779604 756.3962375447154 554.3400677442551 8.255548752844334 384.982569038868 118.2397713586688 104.3857792913914 941.9784056097269 22.43496736139059 16.19231056421995 5.282424248754978 6.332360066473484 901.7627449557185 62.81608207523823 3087.796392805874 18.04691737890244 9261.982965633273 269.049136467278 33.43942853808403 641.1899729520082 2372.361541315913 376.3821374103427 510.0881329402328 11.43083481490612 6.573288030922413 65.45584068447351 99.64206752926111 20.76015722751617 555.0403122901917 61.7292360663414 195.3436095789075 125.5871765986085 592.757685162127 19.09886673092842 13.55123148858547 11.22056191414595 18.24857717007399 2.819551147520542 4.562722958624363 226.4564432278275 0.8233180046081543 1.231845512986183 197.8165173903108 7.454424038529396 98.78172012418509 115.5756251290441 1.582235507667065 31.72531264275312 4.187031321227551 20.35855293273926 16.26683913171291 138.5271692425013 1.216418661177158 1.023118451237679 0.836904488503933 102.1958064809442 84.9865383580327 44.07216544449329 13.45603153854609 2016.303943291306 0.6949132159352303 8.020293176174164 36.5235650613904 629.6803617998958 175.2726390808821 310.7505895867944 1.724814750254154 0.5730223953723907 24.79436104744673 32.71760526299477 4.575472265481949 214.7834880650043 7.776001214981079 82.60301840305328 46.61042251437902 74.59146510064602 12.98190607130527 3.784462422132492 5.633455596864223
21.11054331064224 0.5953247547149658 192.8963465169072 3214.035362109542 14.07423310726881 8705.017693541944 8222.135535977781 3091.056752167642 554.3400677442551 24413.34179659188 127.8459835350513 8305.354713387787 10.93865307420492 1516.188704483211 105.1374140977859 5.818216040730476 64.61844325810671 46.25831065326929 59.9112791121006 2696.11202570051 10.84510681033134 2.739222541451454 66.09926540404558 233.6235001385212 1.336093328893185 105.9564843550324 81.99191248416901 2976.872019410133 1269.6396946311 41.57909195125103 3.357062928378582 120.8927525952458 17.8777563944459 1159.41846229881 87.97487577795982 3189.3056518659 84.45309929549694 2437.841722860932 434.5215443298221 1219.270952701569 430.4433765262365 17.72408499568701 88.08935280144215 2.005958430469036 0 3.027596548199654 346.9200509190559 0 2.950400367379189 111.4714760929346 3.239382736384869 65.29523835331202 239.2370079606771 0 77.91294511407614 0.7275061830878258 3.177232876420021 1.189385004341602 3.667651504278183 0.7582102417945862 0.2902803495526314 0 204.9329208806157 0.4365912973880768 0.5470097586512566 9.787822991609573 794.4301044493914 0 2.717437013983727 12.33674412220716 520.7833577170968 18.92822059243917 16.59309004992247 0.2761649414896965 0.9198907017707825 2.188475891947746 7.501819394528866 8.729068569839001 110.1785204559565 0.4907311201095581 19.40014613419771 12.71797062456608 185.2379891723394 4.689762964844704 1.946982607245445 2.295699737966061
20.57449145615101 22.29151662439108 19.39970009028912 9.014238744974136 61.73604153096676 171.7139047309756 51.20546068996191 170.1940466240048 8.255548752844334 127.8459835350513 7691.421514831483 126.0832504853606 1182.888670049608 161.2283915504813 26.83893311023712 1.267206430435181 555.8154989033937 3189.611365139484 1857.109329454601 57.39312954992056 17.40591607242823 9.62351830303669 26.72821375727654 9.638792932033539 306.0410939231515 763.0397899821401 386.103769607842 18.20895199477673 498.6042956709862 33.63159760087729 222.5880457088351 243.8154079914093 17.62492944300175 8448.275925569236 32.74702877551317 933.1446271166205 3574.973612561822 7168.713245332241 1709.956329770386 117.699108093977 71.98670937120914 438.4154157489538 2.237101018428802 0 6.663113795220852 0.9384755641222 0.8269276171922684 0.1562733352184296 0 0.8348821699619293 0.2095925956964493 0.9493558704853058 0.9968263357877731 443.8392021805048 0.4081832766532898 728.8852402195334 0 0 0 0.6085759699344635 31.51311191916466 5.732759773731232 0.1606597602367401 0 1.89342400431633 1.07458820939064 3.110152989625931 39.48540471494198 156.5943039432168 262.4297124147415 1.881257779896259 0.09532398730516434 0.5422362610697746 151.190223544836 0 0 18.47959636151791 2.947781339287758 6.197416871786118 221.4895712509751 20.31886273622513 4.710168406367302 0.893560916185379 0.2475015223026276 63.66517803072929 0.4773086607456207
1.067454792559147 0.9375277012586594 2.271264851093292 6614.655084997416 106.0434259027243 6358.546286717057 245.3703422397375 1175.974957704544 384.982569038868 8305.354713387787 126.0832504853606 12975.85671699792 10.12010941654444 397.7756709754467 1257.419237323105 0.3241231739521027 5.994149908423424 46.07431621849537 49.81191867589951 7012.749703608453 0.6397053524851799 6.894482620060444 1.591740116477013 427.3092252835631 1.46080220490694 17.56629751622677 16.98122412711382 878.8017557114363 381.9466979727149 1.499745786190033 3.223758906126022 119.3192302361131 1.144533202052116 525.8533647283912 7.763893380761147 678.2822712287307 14.58015255630016 809.4379057660699 90.47906652092934 2593.248306654394 123.1370705887675 18.89205975830555 8.537846751511097 0.1407770067453384 0.12891985476017 0 174.1974739134312 0 5.375735431909561 7.071229889988899 1.319303840398788 4.786369308829308 92.31992411613464 0.3086431622505188 137.0682629570365 0.6846268475055695 0.7438648790121078 2.393643498420715 0.1177417635917664 0.1535804569721222 0.1268817037343979 0.1649144291877747 39.03287820518017 0 0.224708154797554 0.2619951367378235 78.17644458264112 0.114109106361866 0.8661991432309151 1.851674787700176 73.53832652419806 2.531895108520985 0.6142343655228615 0.3194122910499573 0.1818666458129883 0 1.441243149340153 1.106700897216797 15.80408442765474 0.9713656008243561 5.416984997689724 5.026096984744072 34.53257019072771 0.6348989307880402 1.78584897518158 1.966333627700806
0.1929860711097717 1117.394991904497 2.680667072534561 1.190825998783112 4.32535307854414 19.54596649110317 5.885418824851513 15.77097138762474 118.2397713586688 10.93865307420492 1182.888670049608 10.12010941654444 2385.711863517761 5.58826220780611 9.957746267318726 3.360941886901855 4.18795707821846 36.45985483378172 8.981226950883865 3.687923483550549 5.602934375405312 392.8291348293424 4.841127991676331 138.280633687973 4600.680477336049 87.56754481047392 5033.141212061048 5.321860544383526 11.71977192163467 2.875500701367855 158.391065068543 9.166438028216362 0.9390429258346558 1725.213021717966 34.34798382222652 826.1601531282067 5777.191478952765 3187.195602282882 543.5848394632339 38.88355385512114 71.28160500526428 2733.410303980112 7.979347936809063 0 36.11221540719271 1.358628749847412 0 0 0.2785707414150238 0.1391138732433319 1.145927004516125 0.4561202898621559 0.5376986637711525 1560.759324543178 0.4345663487911224 2506.071728341281 1.728822454810143 0 0.6306825280189514 1.295065321028233 68.12075334042311 8.045425817370415 0.1853594183921814 0.2012811303138733 2.749616235494614 3.576514393091202 1.766556710004807 355.9178577214479 420.186315715313 892.0713363811374 0.1791218519210815 0.1523197591304779 0.07565466314554214 397.4264578819275 0.4549152031540871 0 104.9960868060589 0.5361161082983017 24.95851271599531 949.837841399014 129.6647275239229 25.80835177004337 3.262112006545067 3.823164030909538 674.4405285790563 9.431988745927811
5938.980108983815 1.105331689119339 594.3082453161478 61.37249852716923 5.428876467049122 859.016652405262 8899.057673953474 5033.172794997692 104.3857792913914 1516.188704483211 161.2283915504813 397.7756709754467 5.58826220780611 9510.513803757727 41.84179688990116 4.655280701816082 1629.298614926636 73.65716954320669 434.3192114830017 181.2344014570117 117.2559056431055 3.698180355131626 359.6611597761512 193.2675615698099 0.8269399628043175 396.8558261319995 318.7860425189137 657.9182388409972 6236.288911782205 2950.974265962839 1.547299638390541 76.94643589109182 21.15334670245647 1041.38021414727 6.640202865004539 226.9552683532238 107.0618234425783 612.2436131387949 106.2197388485074 157.1813640147448 55.06560302525759 12.64322546124458 7.218789860606194 1.80040081590414 0.2668350636959076 9.279118232429028 4.915264025330544 0 0 24.50697275996208 0.2975771501660347 14.33698231726885 2.047764159739017 0.1701228618621826 2.0026451125741 0.5065635219216347 2.168097458779812 0.1029959917068481 3.561215125024319 1.082651376724243 0.613881915807724 0.2536519840359688 1.930304326117039 8.280683115124702 1.543259739875793 6.021450333297253 96.88792694360018 0.182466596364975 6.491164200007915 32.14320734888315 56.72024205327034 14.76042629033327 18.67238442599773 0.0972929447889328 0 1.369234085083008 3.375136598944664 0.9121612310409546 24.9071578681469 1.464047528803349 10.25317021459341 5.081736028194427 2.713081762194633 0.4873465299606323 0.7307584285736084 1.319524154067039
0.3818092718720436 23.54867734760046 0.1972590535879135 166.50671543926 1971.17352181673 1122.247374117374 41.95063717663288 239.8021002337337 941.9784056097269 105.1374140977859 26.83893311023712 1257.419237323105 9.957746267318726 41.84179688990116 486.0813234895468 0.9421019852161407 1.629659593105316 9.144247472286224 6.157638125121593 317.309875741601 0.1314417719841003 101.4886381179094 0.6634398698806763 784.2435967698693 10.15201053023338 5.430127561092377 44.11575794965029 127.4018637835979 65.04964967817068 0 0.7854198813438416 924.2956712916493 1.004923224449158 219.1860243454576 3.949363484978676 321.8658584430814 5.704907387495041 133.9409248158336 40.76006177067757 2202.070034116507 349.4033056348562 10.57862582802773 2.168913617730141 0.1050164178013802 0.1573172211647034 0 4.829471960663795 0 0 0.5253714919090271 0 0.2985566556453705 3.853865206241608 0 2.743791073560715 0.1612401902675629 0 0 1.650634184479713 0 0 0 2.757204174995422 0.7629021406173706 1.456501767039299 0.3242335170507431 10.47168500721455 0 0.1527741402387619 1.894002586603165 6.718397721648216 0.1868917495012283 1.596102483570576 0.1602413207292557 0 0.8241073489189148 0.3581853061914444 0 5.831528440117836 0 3.688977293670177 0.1260339915752411 6.252885818481445 0.3756611049175262 0.6070009469985962 0
1.407669275999069 134.3237108290195 9.281478226184845 0.8209223747253418 0.1600757092237473 4.453926146030426 185.0308940634131 3.291825979948044 22.43496736139059 5.818216040730476 1.267206430435181 0.3241231739521027 3.360941886901855 4.655280701816082 0.9421019852161407 4241.421982750297 17.1949807330966 1.521022409200668 1.815279856324196 0 4914.175871342421 2416.905059792101 4657.331579960883 2516.384292438626 11.70037467032671 8.312267757952213 4242.525101527572 1728.782425299287 11.99174980074167 346.9819865822792 0.2903060615062714 0.7421445250511169 4.640668138861656 133.6957150101662 18.11983545124531 2216.905104137957 665.236773788929 749.2280151247978 817.4393722862005 70.71336597204208 3.824405938386917 2.436590597033501 19.32699394226074 0.2519761919975281 4.404276266694069 62.93176452070475 0 0.1022349819540977 0.4813336431980133 20.95645868778229 0.4439140483736992 7.665249645709991 0.1349352896213531 1.27618795633316 0 0 0.8323384076356888 1.13395231962204 4059.200567215681 4.776558190584183 0.2492775768041611 2.625285938382149 0.3494890630245209 445.2898500338197 181.1864155381918 2776.229164995253 135.4004809483886 0.2793301418423653 9.993191085755825 1329.553368143737 76.52717214822769 9.738120310008526 73.67844416201115 0.3139320909976959 0 1.981315962970257 21.61097431927919 2.837301999330521 377.5740518793464 30.42795665562153 105.8879864662886 54.49013727158308 2.887609459459782 0 1.684289515018463 1.499527990818024
444.2662413045764 16.03298237174749 6174.958246432245 0.482511430978775 1.033324703574181 134.8046643361449 1112.254230700433 972.6567302197218 16.19231056421995 64.61844325810671 555.8154989033937 5.994149908423424 4.18795707821846 1629.298614926636 1.629659593105316 17.1949807330966 1310.713507018983 221.0541310086846 3358.810812115669 2.283955730497837 608.9633466824889 23.35378088057041 6501.726748257875 49.4218792617321 5.014561384916306 2811.889730624855 5479.555274672806 120.669695109129 924.2649192512035 2163.380590759218 1.316278159618378 10.68004309386015 52.69286900758743 2608.186964012682 3.997151911258698 680.5529042482376 3149.472571618855 2890.191403008997 599.5837342664599 29.38929004967213 3.972167663276196 23.63420794904232 5.439935490489006 0.08442392200231552 14.62672562152147 173.735315091908 0.2020851671695709 0 0 4.571036629378796 0.8491011336445808 3.21599292755127 0 0.1413466036319733 0 1.724043689668179 0.5804028362035751 0.3674001172184944 21.80135411769152 58.55020485818386 2.865757383406162 23.24421114474535 0 6.643268287181854 9.000473953783512 29.01744831353426 21.02856320887804 1.571654260158539 391.0960034653544 727.3073554933071 10.33268233388662 3.51893263310194 7.37844792753458 0.7022202089428902 0 0.3247829452157021 5.125459566712379 0 46.7606949955225 26.79585122317076 30.30561149865389 28.17717610299587 0.2599578052759171 0 0 0.50578872859478
15.74131547659636 10.06827116757631 11.97517193108797 3.258771732449532 12.4223515316844 51.26071698218584 30.55525273829699 70.94554427266121 5.282424248754978 46.25831065326929 3189.611365139484 46.07431621849537 36.45985483378172 73.65716954320669 9.144247472286224 1.521022409200668 221.0541310086846 653.1802045032382 1132.152449548244 19.09779450297356 7.738311104476452 7.10391192138195 17.66185593605042 7.89450628310442 39.60947146266699 4524.749994181097 810.8204468265176 7.521042846143246 151.1083852276206 12.44474328309298 69.67735877633095 65.24579487740993 4.020049005746841 1324.164196461439 12.17761825025082 806.3362445682287 1361.314141407609 2397.045897707343 652.1594516187906 45.14332664757967 4.034997664391994 24.78228063881397 2.866699993610382 0 3.481519728899002 0.1376243978738785 0.2387129962444305 0 0 0 0.2250890955328941 0.2322168126702309 0 52.89043672382832 0.2392771542072296 108.1238823011518 0.2940560877323151 0 0.1926089823246002 1.194919526576996 39.32710459828377 12.12616103887558 0 0.2652535066008568 0.5098566263914108 0.1336377859115601 1.718747064471245 10.02499604225159 210.8856609687209 272.838748626411 0.1676729619503021 0.1898521408438683 0.5140926986932755 103.7130794525146 0 0 0.8363393396139145 0.9560011029243469 4.527455165982246 14.90584772825241 4.629927508533001 3.196567624807358 0.1326030492782593 0 0.1600698679685593 0.3363309502601624
128.5810941457748 18.01140506565571 231.241663441062 3.371437609195709 7.144409887492657 59.99353637546301 116.9082473143935 277.2751345783472 6.332360066473484 59.9112791121006 1857.109329454601 49.81191867589951 8.981226950883865 434.3192114830017 6.157638125121593 1.815279856324196 3358.810812115669 1132.152449548244 1873.125588819385 20.40757809579372 45.88808880746365 7.811509184539318 206.2444190979004 12.59958635270596 30.74342373758554 4488.498975262046 1838.519552119076 16.80463500320911 518.429591499269 144.895290017128 3.851593665778637 52.65982600301504 46.5157543644309 3167.863094553351 17.86891581863165 1265.68844807148 1595.607054196298 4484.676546946168 934.2733074501157 60.67471592128277 3.365369439125061 11.19666427373886 7.916693612933159 0.1289055645465851 9.78832446038723 13.67183594405651 0.5132184997200966 0 0 0.6421893388032913 0.3324913829565048 1.202503219246864 0.1104255169630051 6.343589536845684 0.1248783469200134 16.61664840579033 0.3607109859585762 0.3011033236980438 2.749433495104313 17.67740967869759 33.14038882404566 46.133355230093 0.1622237414121628 0.4378505423665047 3.832826986908913 2.076360613107681 4.102299213409424 8.872709147632122 556.7983091622591 669.4327629208565 1.363748304545879 0.3393622636795044 0.1907904297113419 27.08521944284439 0 0 1.927707053720951 2.590808212757111 10.63616238534451 17.56054112315178 12.50816670060158 9.069602355360985 0.4767075702548027 0 0.9675838649272919 0.2331399470567703
2.01624459028244 0.1267741024494171 0.6764630675315857 7609.867723211646 19.72920292615891 602.2378093376756 43.73466347903013 420.867630250752 901.7627449557185 2696.11202570051 57.39312954992056 7012.749703608453 3.687923483550549 181.2344014570117 317.309875741601 0 2.283955730497837 19.09779450297356 20.40757809579372 1874.419249929488 0.3652079254388809 0.5434649288654327 0.3035683929920197 635.2326530143619 3.581682905554771 10.74376731365919 6.270498044788837 1740.538901798427 244.4254419729114 1.612058825790882 0.8144052028656006 44.59111689031124 1.50771276652813 271.4421793147922 10.54696249961853 1203.379158690572 15.28524774312973 564.9275705590844 80.6628834977746 1137.023290149868 88.8731242120266 6.852471709251404 17.19508471339941 0.2388333231210709 0 0.2909485697746277 235.7685659825802 0 1.289845824241638 36.86569202691317 2.08317980915308 35.03026031702757 140.3686515465379 0 81.9217596873641 0 1.549813464283943 2.061008267104626 0 0.3925930336117744 0 0 127.0672071576118 0.99296835064888 0 1.113089457154274 392.1414016187191 0.1067235320806503 0.2598743587732315 0.7970497459173203 262.4613070935011 6.017470799386501 5.569598898291588 0.1091219708323479 0 1.071639284491539 1.679037868976593 0.4962190985679626 51.14967297762632 0 11.69584486633539 1.523343786597252 104.1626854836941 0.5939829051494598 1.870850741863251 0.6506985947489738
73.85784571617842 11.1312430948019 983.0358905419707 0.1271151602268219 0.1353384107351303 9.574891820549965 1416.648173123598 45.32247354090214 62.81608207523823 10.84510681033134 17.40591607242823 0.6397053524851799 5.602934375405312 117.2559056431055 0.1314417719841003 4914.175871342421 608.9633466824889 7.738311104476452 45.88808880746365 0.3652079254388809 14413.78809012473 625.3370985984802 16970.21237166226 210.9373725876212 5.949515677988529 108.2827440351248 1331.49246314168 3025.120489537716 501.3150591701269 13764.84273286164 1.298380985856056 1.700626716017723 104.2646576091647 2965.579890705645 92.37368260324001 8721.651118628681 1739.790670692921 7073.781136214733 4291.034287959337 190.5676615387201 16.14980883896351 12.63986511528492 76.65911266207695 2.292082436382771 1.801783576607704 14.86684293299913 0 0.2259839475154877 0 6.897840179502964 0.8980808407068253 19.21759654581547 0.1406295299530029 0.1530366986989975 0.2208579108119011 0 2.775327116250992 1.84838854521513 1399.32388908416 4.236971288919449 0.1672705411911011 2.324527591466904 0 795.6506381034851 115.345978744328 523.86265925318 262.4769138470292 0 7.342717118561268 116.3113927841187 130.8880045562983 41.60120619088411 220.2452044487 0.2032965421676636 0 7.560409419238567 28.76348073035479 17.42997610569 262.431595787406 29.22706291079521 75.39643701910973 30.38667114078999 8.656461574137211 0.5688528418540955 3.143691539764404 0.7808969765901566
1.614235609769821 2637.533874861896 57.74457466602325 2.285558752715588 1.978399641811848 1.110922783613205 22.94800489395857 1.353485599160194 3087.796392805874 2.739222541451454 9.62351830303669 6.894482620060444 392.8291348293424 3.698180355131626 101.4886381179094 2416.905059792101 23.35378088057041 7.10391192138195 7.811509184539318 0.5434649288654327 625.3370985984802 821.7009254470468 308.8634803071618 7209.428885050118 866.3239329606295 48.71860808134079 1946.925038956106 204.4138616919518 13.84574224799871 133.5447074100375 21.6974052041769 0.263022780418396 7.435293287038803 53.83476506173611 3.785000652074814 249.9177009090781 92.06579052656889 163.5079971179366 116.4829081445932 111.1787927895784 1.85245381295681 33.58965065330267 1.839870125055313 0.930078849196434 65.05904292315245 71.71121253073215 0 0 0.1362284421920776 3.123543597757816 0.9660943523049355 12.33882277458906 0.1798951327800751 7.054442085325718 0 10.90515515208244 0.4493787735700607 2.33102735877037 1934.910921305418 5.52537414431572 1.871950298547745 4.907321281731129 0 168.1262818723917 177.2954901605844 486.3259078413248 140.6577874571085 10.03634064644575 23.3628980666399 1948.245460636914 41.14358261227608 9.02134644985199 56.37034552544355 4.87390273809433 0 5.147360511124134 21.79147350043058 0 98.03574313223362 22.87482346594334 65.58676240593195 39.44572058320045 2.982149206101894 0.533646285533905 3.63640520721674 0
98.65750671923161 9.227058611810207 8421.376534171402 0.1736362129449844 0 72.33278108388186 3190.91015522927 237.9374005645514 18.04691737890244 66.09926540404558 26.72821375727654 1.591740116477013 4.841127991676331 359.6611597761512 0.6634398698806763 4657.331579960883 6501.726748257875 17.66185593605042 206.2444190979004 0.3035683929920197 16970.21237166226 308.8634803071618 21819.51999664307 700.7071659341455 0.9528372585773468 1248.860529839993 15607.95314650238 3205.979137226939 257.7019571661949 5704.405453376472 2.340356968343258 1.843376576900482 15.93346280604601 2030.884119778872 112.5021756887436 11379.38656060398 13571.49742878973 9580.528658099473 8514.025246620178 613.9871447458863 32.51334956288338 25.46977965533733 117.8302694112062 0.4546685293316841 9.350529909133911 496.2707069739699 0.907026082277298 0 0 28.26565977185965 0.8720257952809334 2.379722833633423 0.916021004319191 1.5814528465271 0.1860129088163376 0.1344203650951385 0.6686586514115334 0.487984411418438 2589.939194880426 12.89286349713802 0.2310240343213081 3.164026871323586 0 177.2155106067657 45.04129952937365 3245.902907811105 71.66988384723663 0.3942584097385406 33.05687478929758 2292.240956529975 59.40542711317539 5.284406244754791 21.33667957782745 0.3820347189903259 0 1.254374802112579 36.80606997013092 35.29834197461605 463.9166491702199 49.10850913077593 206.7272712439299 122.9317361116409 1.485985442996025 2.231364190578461 0.3928063809871674 0.6679292619228363
77.1623919531703 1089.93564067781 14.62703641504049 2196.498957045376 25.5697867423296 39.81414944678545 1412.405514977872 105.7250416502357 9261.982965633273 233.6235001385212 9.638792932033539 427.3092252835631 138.280633687973 193.2675615698099 784.2435967698693 2516.384292438626 49.4218792617321 7.89450628310442 12.59958635270596 635.2326530143619 210.9373725876212 7209.428885050118 700.7071659341455 7524.221907667816 382.3882630318403 52.61816202104092 3424.502105005085 6747.189872689545 613.7928923219442 792.5287725478411 9.888333611190319 2.897684171795845 151.4434581175447 222.7088153958321 37.38739165663719 1578.578461267054 81.98165778815746 561.8117236196995 354.7884801924229 620.5994396209717 49.18166935443878 9.262513317167759 14.92379622161388 46.41011869162321 10.03351980447769 40.24183281511068 434.1653904989362 1.146640807390213 3.860756598412991 696.2023089453578 20.6531200632453 653.7707562446594 296.101469039917 4.518108233809471 62.0093507617712 4.32957661896944 52.69772159308195 12.01708848029375 629.0064770355821 6.470678314566612 2.474139139056206 4.43286144733429 240.2913232967257 426.2664607018232 175.9994838088751 239.9962067753077 4000.244019366801 0.9723870530724525 18.79309894144535 301.6597203016281 1958.048131607473 408.8523582294583 725.4606781676412 5.231317713856697 1.949392981827259 64.05429639667273 96.23705213516951 4.553479060530663 637.9840129464865 20.27090919017792 273.2507040575147 116.3674278706312 168.1339195147157 30.30879499018192 4.334402695298195 4.791646830737591
0.1715584099292755 2081.54924223572 1.072014063596725 0.1903409063816071 0.3962463065981865 6.962718844413757 2.971577227115631 3.962673209607601 269.049136467278 1.336093328893185 306.0410939231515 1.46080220490694 4600.680477336049 0.8269399628043175 10.15201053023338 11.70037467032671 5.014561384916306 39.60947146266699 30.74342373758554 3.581682905554771 5.949515677988529 866.3239329606295 0.9528372585773468 382.3882630318403 555.4807175770402 163.8574383035302 3023.534737586975 8.026871956884861 1.713733896613121 3.598902925848961 199.7759347334504 2.144327253103256 0.5874311774969101 690.3056765645742 24.5672699213028 414.4995385929942 1095.996912643313 1131.94288764894 237.0622439607978 37.50944543629885 87.04080757498741 988.3185295313597 18.83366872370243 0 46.0080109089613 0.8294239491224289 0 0.2068485617637634 0 0 0.2706341445446014 1.384756051003933 1.130122043192387 469.9596689492464 0.1852201074361801 1222.98044552654 0.1962500512599945 0 1.798992447555065 1.376819655299187 45.47500978410244 9.091739654541016 0 0.1143414080142975 6.075525522232056 1.815839610993862 0.801613837480545 110.6182848364115 307.7706525176764 1011.758083999157 0.105514794588089 0 0.2333197519183159 174.4628609195352 0.1780644506216049 0 48.09908880293369 0 46.12659433484077 156.845018453896 43.66090960800648 5.271780982613564 4.948060393333435 0 129.023819476366 0
64.72612295299768 242.8387619331479 2470.834926575422 2.139534369111061 3.465681999921799 128.507854603231 593.1917538121343 402.8329445049167 33.43942853808403 105.9564843550324 763.0397899821401 17.56629751622677 87.56754481047392 396.8558261319995 5.430127561092377 8.312267757952213 2811.889730624855 4524.749994181097 4488.498975262046 10.74376731365919 108.2827440351248 48.71860808134079 1248.860529839993 52.61816202104092 163.8574383035302 24991.70070059597 14629.46573659033 56.25686203688383 144.8836988285184 60.914330907166 99.09835683554411 22.11515930294991 8.719129785895348 665.7159167826176 17.23485495895147 1816.689770154655 4993.805826202035 3144.209259800613 1119.659566156566 73.14219452440739 5.037380792200565 49.01484380662441 6.871635943651199 0.476218618452549 157.0578540116549 262.9212895259261 0.3580586686730385 0.1882545799016953 0.7608474269509315 3.703958816826344 3.286395490169525 14.36555361002684 0.6394366174936295 208.70692858845 1.650781393051147 546.1121922433376 3.008555628359318 1.501936681568623 23.07375913858414 231.9326123297215 241.7638116180897 270.5430989861488 0.4631041288375854 1.705881282687187 35.53043884783983 17.25291084498167 24.20972560346127 136.8141741082072 4408.814009256661 6118.2788259238 3.913270652294159 2.759517669677734 2.16552546620369 390.6767656356096 0.5027531087398529 0.1057194471359253 25.54549852013588 4.623901262879372 142.5531348586082 175.3869445845485 125.8135363385081 80.36383773386478 4.078400790691376 0.4497788101434708 4.60307377576828 0.2888964712619781
75.10808999836445 2827.710829086602 10273.96779141575 1.520978018641472 5.100930787622929 63.12719974666834 1483.187699921429 214.1182591319084 641.1899729520082 81.99191248416901 386.103769607842 16.98122412711382 5033.141212061048 318.7860425189137 44.11575794965029 4242.525101527572 5479.555274672806 810.8204468265176 1838.519552119076 6.270498044788837 1331.49246314168 1946.925038956106 15607.95314650238 3424.502105005085 3023.534737586975 14629.46573659033 30858.64331430197 2002.240376643836 250.085965052247 267.9958586990833 1022.908824793994 17.84040017426014 24.63682017475367 3264.062593743205 103.7000784799457 8166.952936522663 5283.911825992167 8861.479163043201 6249.826964184642 454.2762013450265 23.6634156703949 54.28937213867903 56.97061490267515 1.453072220087051 1358.214089661837 3185.485687412322 0.1566954702138901 0.2540368437767029 1.975609049201012 50.62223222106695 10.66736541688442 39.28034950047731 2.166708260774612 294.7613727152348 1.901993073523045 1018.203562557697 7.932992190122604 1.385346718132496 2097.129848636687 539.6456741914153 381.3623355552554 351.0396509841084 0.9553852677345276 90.19118944555521 736.2617280781269 3738.059231221676 229.1627199277282 648.2355659976602 6403.93548823148 26570.96218056977 100.5307614207268 4.71947268396616 12.64496469497681 771.0156014636159 1.108779087662697 0.8881339952349663 201.2265607565641 28.92221327126026 951.9732690379024 519.0694830715656 912.374674603343 573.1111759915948 15.97455095499754 1.781459823250771 11.75694357603788 1.240519478917122
