367.5454737693071 0.3921880424022675 50.30466203391552 7.118226669728756 0.08333155512809753 14.00497424602509 852.8164422884583 258.0523320883512 4.187781356275082 24.25249100476503 2.279736243188381 3.328976057469845 2.926784917712212 3258.912076637149 0 3.063323862850666 165.3582912832499 0.8953415229916573 4.367463797330856 7.109852187335491 12.00737520307302 2.156283833086491 57.90558409690857 31.41267720609903 0 13.68749624490738 16.62336710840464 86.37814794108272 2402.553260665387 743.6982055455446 0 3.120103269815445 46.9162834584713 158.8131667152047 2.157577387988567 63.80305115133524 5.922250531613827 34.84334043413401 16.05391993373632 1.23929638415575 1.740575477480888 0 0.8800922557711601 0 0.1685516983270645 0 0.08375772088766098 0 0 0.6137784868478775 0 0.4356923401355743 0 0 0 0 0 0 9.316527016460896 0 0 0 0 4.82065699249506 5.080062709748745 0.7219607532024384 1.330325655639172 0 0 0.5854554772377014 5.935054279863834 0 2.455823197960854 0 0 0 0 0 3.543795272707939 0 0 0 0.6127131581306458 0 0 0
0.3921880424022675 353.5423584580421 87.49504433572292 0.1041345372796059 0.6313277408480644 0.3555364534258842 1.589401245117188 0.9789457619190216 489.5235096737742 0.2217898070812225 95.61473635584116 0.751526802778244 764.44700114429 0.9255243539810181 10.60258746147156 315.9203025698662 637.7052236944437 8.296138681471348 19.75772542506456 0.2446686774492264 9.231865108013153 2484.849952936172 53.85971381515265 503.8167333379388 967.778243035078 1087.710779674351 11836.61105718464 27.9431482180953 2.435535125434399 1.658609047532082 36.32718442380428 0.2126900106668472 0.4601637870073318 57.25269990414381 0.2318280190229416 255.0748134329915 122.7411537468433 161.8962743729353 47.99622485786676 26.30975544452667 0 127.191874101758 1.119278222322464 0 258.387675665319 108.0169343799353 0 0 0 1.325680166482925 0.1124793216586113 1.096710652112961 0.4150088727474213 0.2751984894275665 0.2759174853563309 10.04238230735064 0 0 11.71535864472389 6.575460687279701 1.054224140942097 7.236701011657715 0 0.5843895077705383 45.07411554455757 22.42805700004101 2.67625492811203 6.452324852347374 326.7604557275772 1442.150953426957 1.212850585579872 0 0.2538067251443863 2.58616104722023 0 0 2.806798674166203 0 12.19147854298353 32.03495062887669 9.379971913993359 4.549024812877178 0.2461785674095154 0 1.104423701763153 0
50.30466203391552 87.49504433572292 3317.236801490188 2.569210149347782 0.06854797899723053 172.5174038931727 1284.426370926201 670.2526808008552 2.294841684401035 118.6395648121834 12.5244782269001 3.680704824626446 8.476591162383556 254.4997238330543 0 8.710546731948853 6473.164657689631 16.28777629137039 34.18372149765491 4.231517121195793 358.8187853768468 45.79720178991556 10969.1207967177 90.85767119005322 0.2616792172193527 6292.34352299571 4400.939213454723 267.6958142518997 212.6218729577959 628.0056531727314 0 2.21880092099309 11.89620553702116 1170.651718959212 66.43790424615145 3160.53544370085 1959.994671672583 2383.20592867583 1436.070036113262 130.6685840860009 7.830991961061954 8.427810050547123 30.5705206990242 0.5921879410743713 277.2549714148045 430.1902668476105 0.1494773030281067 0 0 7.533435925841331 0.7544148564338684 1.390783458948135 0.6133458092808723 0.1568850427865982 0 0.1293558180332184 1.164535976946354 0 18.48033756017685 28.31823357194662 0.2421252131462097 15.43253492563963 0.09687604755163193 2.747193053364754 81.00642625242472 152.884268425405 4.814672999083996 0 331.2503461539745 1857.364111490548 6.057062089443207 0.3286246806383133 6.453882716596127 0 0 0 7.895245619118214 32.12414385378361 124.39117179811 290.4180263504386 37.37408899515867 28.67260840535164 1.950792714953423 0.2379162982106209 0.4626269489526749 0.3762482106685638
7.118226669728756 0.1041345372796059 2.569210149347782 2867.070216543972 4.486971348524094 246.1247031800449 283.8829075694084 40.33973126113415 805.2079585418105 4552.197819344699 0.9693098664283752 692.2268644720316 0 35.53537669032812 97.00600539892912 0.6498263999819756 0.802368275821209 0 0.0976639911532402 3891.88471929729 0.6492710113525391 0.8090029805898666 1.627912223339081 2091.853320017457 0 0.958330325782299 1.026248767971992 2890.774107888341 79.39719335734844 2.12435357272625 0 1.28943907469511 5.030238650739193 40.28949148207903 7.193676091730595 662.0751047730446 7.794435888528824 68.97223774343729 37.88827340304852 234.9567118808627 12.2112895399332 0 6.945646747946739 0.1146281287074089 0.1255460679531097 1.804973803460598 220.43832398206 0.1404681950807571 6.10142769664526 118.328914642334 41.69435169547796 77.7627726867795 67.82811311632395 1.209147170186043 124.4951584935188 0 8.361782036721706 7.825222201645374 0.8786397948861122 0 0.1278547197580338 0 222.4597372412682 0.402597114443779 0.2547609582543373 0.6237230747938156 463.0537930876017 0 0.2071360796689987 0.3119267448782921 245.8010926172137 5.729505270719528 12.03981351852417 0.5858001708984375 0.2039904817938805 0.3975311666727066 2.474783904850483 0.8389744162559509 87.21823383122683 0.1535170525312424 14.26252979040146 0.8660783991217613 175.9785659611225 0.8828820139169693 0.4384074509143829 0.1294233500957489
0.08333155512809753 0.6313277408480644 0.06854797899723053 4.486971348524094 245.2511916458607 632.8621163666248 1.887876532971859 21.44050020352006 88.16851341724396 4.211572580039501 29.38569603860378 151.284826874733 13.56669261306524 1.222053654491901 1118.406453661621 0.1668038815259933 0 0.8519816398620605 0.6602940186858177 7.111881084740162 0.1707917898893356 2.077953785657883 0.2778107225894928 12.01040868461132 0.1487569361925125 1.22453872859478 0.9925778284668922 2.578053362667561 13.48968897014856 0.2518313005566597 0 283.1841709166765 0 121.2887916713953 1.640077888965607 49.37068250030279 3.03311013430357 72.06585958600044 19.56704527139664 1212.345315918326 179.422626785934 1.535433009266853 5.28464849293232 0 0 0 0.989484429359436 0 0 0 0 0.7412432879209518 0 0 0.1654380112886429 0 0 0 0 0 0 0 0.4651984721422195 0 0 0 1.740866243839264 0 0 0 0.3865063413977623 0 0 0 0 0 0 0 3.661905080080032 0.2082193940877914 0.1138861104846001 0 2.63109016418457 0 0 0
14.00497424602509 0.3555364534258842 172.5174038931727 246.1247031800449 632.8621163666248 10550.75431893021 2124.475118875504 7822.497353967279 30.93852110952139 10706.54289504513 67.69115116074681 2490.204336252064 58.28096552193165 356.6720266230404 1807.855740964413 4.256164737045765 115.9700249396265 8.606473427265882 10.64951723814011 470.4886087663472 46.527622833848 2.301704980432987 97.99986051023006 148.8370501548052 0.0960841029882431 34.86656399071217 21.54666569456458 560.3417807072401 249.1231116838753 56.23197493702173 1.186596736311913 372.3014857396483 4.329269401729107 258.7381842210889 101.0270736739039 479.6125503852963 25.68932417035103 402.0905283167958 78.04437857121229 2906.341099075973 499.2789632380009 9.137584701180458 16.94223120063543 0 0 0.7096610069274902 7.294216148555279 0 0 6.964316979050636 2.444072142243385 2.993851363658905 0.5793945044279099 1.985249578952789 2.328772336244583 0 0 0.1308688968420029 11.63298220187426 0 0 0.09480361640453339 6.293001651763916 6.691207274794579 5.449502937495708 3.111172668635845 21.19511562585831 0 0.5283935368061066 3.475254490971565 23.78762745112181 0.3954404294490814 5.76605211943388 0 0 0.1886497735977173 0 1.38032990694046 23.81351693719625 0.9940285086631775 2.236435152590275 0.6635800004005432 5.849896907806396 0 0 0
852.8164422884583 1.589401245117188 1284.426370926201 283.8829075694084 1.887876532971859 2124.475118875504 9842.978719543666 6829.256038110703 625.6454357132316 12869.19876212627 6.471531048417091 36.0981213748455 10.38040425628424 5100.832429371774 17.33840237557888 9.1411462277174 276.1720377504826 1.86936766654253 3.119932502508163 79.02915380522609 1171.812667049468 18.83616333454847 1211.195466309786 2854.598900102079 0.2152301222085953 68.40926515311003 153.4298429116607 14947.961985901 1220.380657151341 1879.504363507032 0.1530091166496277 11.50521515309811 60.5188909098506 287.0547461137176 41.66485938429832 1861.540037572384 60.51243464648724 437.9813065454364 278.9987344518304 127.616641305387 35.23765068501234 0.4977501258254051 27.88422019034624 5.33778578042984 1.569540679454803 6.737171702086926 56.8781009837985 0.7382163405418396 4.512606300413609 233.2004540264606 57.79273350536823 196.2947849109769 29.92789455503225 2.201051197946072 8.880057968199253 0.4646317660808563 27.45078464597464 0.5463592410087585 57.92131783813238 0.9364777505397797 0.7111306041479111 0.2049268409609795 58.83675607293844 31.5607800334692 30.05841078609228 14.99884641170502 525.6217944175005 0 1.851626820862293 24.20647287368774 560.7491252794862 15.78681796789169 97.26955311000347 0.1096330806612968 1.462290294468403 1.336221590638161 6.818843491375446 3.239882417023182 157.0533122867346 5.423267111182213 39.45264269411564 9.822916187345982 28.91441814601421 3.43758700042963 1.391698569059372 0.8371828272938728
258.0523320883512 0.9789457619190216 670.2526808008552 40.33973126113415 21.44050020352006 7822.497353967279 6829.256038110703 8616.690819341689 13.66999237984419 3058.471565987915 99.43959417939186 1024.72331392765 70.58052363991737 6499.992679215968 95.83780551701784 8.95299968868494 806.8292587772012 16.06492046266794 26.10741897672415 383.4996873810887 186.6200817003846 8.720734603703022 487.1886668764055 119.1279941499233 0.4270853251218796 106.6751812472939 104.5665544308722 329.2989606671035 751.6222389042377 832.3444815203547 1.799758568406105 304.6890917271376 8.902646265923977 330.0671634972095 9.343347042798996 759.4521501138806 59.10125315189362 423.0251532644033 114.2019304260612 1169.738421790302 189.769583798945 9.271749265491962 19.41357401013374 0.5950350910425186 1.123634181916714 2.849532283842564 3.042622193694115 0 0 14.20838084816933 2.307728938758373 5.309893384575844 1.799656987190247 0.5676254034042358 1.593489304184914 0 0.1391778439283371 0 34.05878847837448 0.4573422893881798 0 0 1.446949832141399 19.7756429836154 16.80537854135036 5.824488095939159 37.98681648075581 0 1.222587808966637 7.867819368839264 39.59536171704531 1.36829899251461 14.10144532471895 0 0 0.1183133497834206 1.505478963255882 1.240758001804352 38.70847304165363 0.6921395435929298 4.709346070885658 1.92473416030407 7.091696918010712 0.0893099382519722 0.229026272892952 0.6914830803871155
4.187781356275082 489.5235096737742 2.294841684401035 805.2079585418105 88.16851341724396 30.93852110952139 625.6454357132316 13.66999237984419 903.2143665403128 77.56267617642879 2.941179849207401 99.79159487038851 19.3050035610795 13.42324022203684 460.2066184282303 118.686587318778 1.374659731984138 0.5637596026062965 0.4936529472470284 539.0557054802775 23.3044056147337 2271.84876858443 16.95699872076511 6994.220847301185 73.30254969000816 29.12462060898542 472.308716148138 1127.696593761444 42.00639275461435 127.5065751895308 1.46080756932497 1.335167773067951 5.783639959990978 13.32903101295233 1.145363554358482 102.7690352648497 2.375368073582649 33.01354303210974 11.92868384718895 469.6578170955181 2.588438041508198 1.650342680513859 2.605956949293613 6.921566896140575 1.784077256917953 1.189784340560436 277.6941779330373 0.5118426010012627 4.681485794484615 166.7146006599069 49.23719066381454 87.69349691271782 62.46236136555672 0.6906310319900513 97.92482200264931 0.5638492405414581 24.70882239192724 11.67368613183498 409.2164085432887 2.472705692052841 0.22597686201334 0.5812946036458015 260.4643197134137 112.0245720893145 57.20832907408476 67.85429194569588 1312.835564427078 0.1189679875969887 1.004716418683529 30.67643595486879 561.4816502407193 17.90096562355757 101.9953930452466 0.1127208843827248 0.8597973808646202 2.432137072086334 6.221313662827015 0.9374887347221375 70.70855501294136 1.060924500226974 24.9705676138401 3.54834970086813 65.33233235776424 2.059563733637333 0 1.139200434088707
24.25249100476503 0.2217898070812225 118.6395648121834 4552.197819344699 4.211572580039501 10706.54289504513 12869.19876212627 3058.471565987915 77.56267617642879 31086.622642681 23.77374724671245 6877.124491199851 10.0535361841321 695.1841524653137 38.38042691349983 1.821213148534298 31.52147413045168 4.983334735035896 10.12798143178225 6828.762478336692 43.46591880172491 1.954113617539406 78.61894631385803 362.579451367259 0.1218698248267174 19.57701468467712 15.06159772723913 3258.631796680391 565.1509883478284 20.70849147439003 0.8382686823606491 27.99611562117934 8.659164801239967 341.0730768591166 51.81556271761656 1488.767218537629 30.55628847330809 473.0897338241339 153.4455623626709 216.097124658525 79.82351613044739 2.026101477444172 26.28075677156448 1.270745150744915 0.1041924804449081 1.34790900349617 99.87739622592926 0.2174300849437714 3.592609561979771 78.94195698946714 23.40059185773134 24.78734726458788 18.39389994740486 0.8659286499023438 56.97752293199301 0.2069577276706696 4.669351406395435 1.710455782711506 5.187945477664471 0.1204132363200188 0 0.08697035908699036 64.66050014644861 2.65603044629097 2.175778560340405 1.51080596446991 187.7100391238928 0 0 2.040184684097767 124.4396815747023 2.874722383916378 12.15549688786268 0 0.9609777331352234 0.2559476792812347 1.386231623589993 0.4901798218488693 58.71710472553968 0.5496944412589073 8.843156732618809 2.11762411147356 34.60892488062382 0.2659050822257996 0.6941208839416504 0.3343586251139641
2.279736243188381 95.61473635584116 12.5244782269001 0.9693098664283752 29.38569603860378 67.69115116074681 6.471531048417091 99.43959417939186 2.941179849207401 23.77374724671245 8965.886954687536 36.06436587125063 4018.040239043534 130.6496344432235 0 0.9260108694434166 675.5791817978024 3827.433708824217 1900.241891659796 13.47646086663008 4.279891759157181 19.60204164683819 10.84181456267834 8.503267794847488 658.0651463791728 4034.049667797983 911.5675476118922 4.791451379656792 636.9862330332398 3.865472853183746 1176.304269842803 358.655552893877 0.9420895054936409 3633.490563929081 3.240408524870872 209.8837004378438 4746.870945893228 4180.382217921317 458.0366719663143 55.56014364957809 125.85412671417 1100.521848663688 1.5784507766366 0.07862699031829834 14.62474838644266 0 0 0 0 0.9449379444122314 0 0 0 84.86013057082891 0 745.680552765727 0 0 0.3987940549850464 0 2.599540069699287 1.055646233260632 0 0.1927347183227539 2.051632694900036 0 1.150609269738197 211.4574213549495 68.91684555262327 206.6524793580174 2.135975271463394 0.09720277041196823 0 120.1235510632396 0 0 0.2891912087798119 2.203714326024055 34.84673894196749 312.9752203002572 2.975039213895798 0.6680385544896126 0.1358783543109894 1.738364905118942 78.25568071752787 0
3.328976057469845 0.751526802778244 3.680704824626446 692.2268644720316 151.284826874733 2490.204336252064 36.0981213748455 1024.72331392765 99.79159487038851 6877.124491199851 36.06436587125063 4992.209527611732 16.29270376265049 431.4950774386525 1708.307029537857 0.253637969493866 5.061923153698444 6.597613893449306 11.24023095518351 3282.551825106144 2.741980329155922 7.475035473704338 4.920864194631577 200.9056460782886 0 17.51923612132668 5.439539048820734 203.7532246410847 345.9438055679202 5.027982145547867 1.185160785913467 75.84850552678108 0.1640855297446251 244.8959764018655 17.79578226059675 1556.861781470478 34.34131650626659 527.9334021136165 63.28630350530148 2956.592180587351 60.05865035951138 9.175021447241306 10.19942943006754 0.777906596660614 0.09379925578832626 0 145.358394369483 0.7801980376243591 5.145021520555019 30.25030037015676 9.486144661903381 41.23443187773228 22.93752765655518 0.2426484376192093 102.7426884025335 0.08782237023115158 2.073555082082748 11.99072507023811 1.876900888979435 0 0 0 158.7935982644558 0.3988838791847229 0.2185673713684082 0.2442675977945328 180.0328902751207 0 0.6238239258527756 0.5333093032240868 59.66399423032999 2.873472914099693 4.414953403174877 0 0 0 0.5270493775606155 1.225570693612099 120.1066236943007 1.737841784954071 2.547213837504387 0.4834467619657516 290.6528368890285 1.037176415324211 0.6913650035858154 0
2.926784917712212 764.44700114429 8.476591162383556 0 13.56669261306524 58.28096552193165 10.38040425628424 70.58052363991737 19.3050035610795 10.0535361841321 4018.040239043534 16.29270376265049 4037.753482483327 41.21414761245251 0.7294878214597702 38.87697165459394 3.93268071860075 105.2482310011983 19.03629914671183 5.432287015020847 20.73297598212957 146.0631418153644 30.40349744260311 43.53411814570427 5898.125922560692 1587.32608781755 3803.684753894806 23.12546753883362 131.938275821507 30.57878862321377 1610.630766652524 133.6312036216259 0 273.4122038707137 30.77932672202587 1647.250906810164 6308.518465012312 3904.630800761282 494.3905330896378 255.7903280705214 250.3351850956678 1506.813433803618 31.89117469638586 0 54.30520498752594 0 0.1598006635904312 0 0 1.26613561809063 0 2.018855690956116 0.5575767606496811 232.3861331492662 0 1902.417377471924 0.3654860332608223 0 1.520374983549118 0 8.405954048037529 1.006920352578163 0.4807236939668655 0.9244403168559074 1.486935958266258 1.151916533708572 1.53130117058754 1108.467121243477 181.3747198432684 551.6927737146616 0.3762382715940475 0.1408906131982803 0.1758302599191666 292.8785608485341 0 0 2.823059722781181 21.17282895743847 708.5473445355892 648.6770337224007 15.03359653055668 11.65848018229008 15.06508944928646 2.229088947176933 159.5937259346247 3.273676067590714
3258.912076637149 0.9255243539810181 254.4997238330543 35.53537669032812 1.222053654491901 356.6720266230404 5100.832429371774 6499.992679215968 13.42324022203684 695.1841524653137 130.6496344432235 431.4950774386525 41.21414761245251 9402.075593482703 3.84184055775404 5.220263339579105 528.0330885127187 25.04280857741833 46.37123893201351 281.7307998239994 63.35012646764517 2.803405694663525 247.6115068607032 163.9742533713579 0.2852979451417923 87.27992659434676 59.82312393933535 287.0184580162168 4735.101665005088 1420.109708119184 3.456436336040497 189.9129847064614 25.97466949000955 737.17555347085 9.698113776743412 535.5603212788701 35.1276243776083 734.9251561686397 117.6980545707047 202.3712871223688 56.35810823738575 5.02275887876749 10.2238779515028 0.08384425193071365 0.1879279017448425 1.311223991215229 1.267761871218681 0 0 11.68931514024734 2.493337377905846 7.661679796874523 0.9088084101676941 0.8592210412025452 1.137534685432911 0.107322596013546 1.715295374393463 0 20.89300942420959 0 0 0 1.042179197072983 8.134397648274899 9.985455349087715 4.161801658570766 27.89038413763046 0 0.7036274671554565 4.099294312298298 39.4752219170332 1.159271746873856 6.555326752364635 0 0.1025983318686485 0 0.426377110183239 0.757815420627594 20.37657709419727 0.8847367987036705 0.1095273345708847 1.255703128874302 1.078666031360626 0 0 0.314030647277832
0 10.60258746147156 0 97.00600539892912 1118.406453661621 1807.855740964413 17.33840237557888 95.83780551701784 460.2066184282303 38.38042691349983 0 1708.307029537857 0.7294878214597702 3.84184055775404 141.9914889335632 0.9193659573793411 0 0 0.06881268322467804 147.4606705307961 0 83.08635607361794 0 511.8018831461668 1.254672542214394 0.7650508135557175 11.32184174656868 65.95098130404949 12.77411971986294 0.2943565398454666 0.162306547164917 329.3949930518866 0 0.290958046913147 0.4880651533603668 608.6359195262194 0.2180047854781151 0.9420099854469299 0 1236.59889767319 43.7141078710556 0 0 0 0 0 18.23657963424921 0 0.2945346534252167 6.955081507563591 2.683247715234756 9.119051426649094 3.239908546209335 0 15.38018628954887 0 0.5555012822151184 3.563893243670464 0.7386664599180222 0 0 0 26.7298671156168 0.1259595453739166 0.6722472012042999 0.2753331959247589 24.63199116289616 0 0 0 10.72674851119518 0.4814583659172058 4.024378508329391 0 0.3509761393070221 0 0.4390405416488647 0 35.16947185993195 0 1.080632835626602 0 62.08992570638657 0.1595927625894547 0 0
3.063323862850666 315.9203025698662 8.710546731948853 0.6498263999819756 0.1668038815259933 4.256164737045765 9.1411462277174 8.95299968868494 118.686587318778 1.821213148534298 0.9260108694434166 0.253637969493866 38.87697165459394 5.220263339579105 0.9193659573793411 1985.928219214082 2.097242072224617 0 0.3637237623333931 0.2464775145053864 1775.975715219975 3377.715815648437 2046.201489560306 1614.985887363553 17.312405154109 6.372316092252731 3924.06292001158 663.0476578623056 14.83597023785114 13.87666241824627 0.3314677551388741 0.09591765701770782 0.6785119697451591 67.85863187164068 33.10586377233267 1724.914790898561 559.5196220502257 255.6640611663461 423.0026873126626 68.78102380782366 6.121444873511791 5.36852853000164 11.90047762542963 1.627637267112732 5.710637308657169 7.918032832443714 0 0 0 7.39936513453722 3.858977980911732 12.8969414383173 0.813483253121376 7.897239997982979 0 3.049844540655613 4.754120111465454 0 1978.144869834185 2.001637794077396 0 0.195495642721653 0.5994702577590942 248.1569472849369 1286.473838716745 937.6504800692201 111.1443532034755 0.2586958780884743 1.678449735045433 344.5338449254632 126.9402009174228 5.155630953609943 57.86451971530914 0 0 0.8211889937520027 1.395470589399338 2.508643135428429 267.8342164307833 2.3292346149683 6.981459714472294 3.214371271431446 5.862900003790855 0.6352500170469284 3.836421266198158 0.4035258889198303
165.3582912832499 637.7052236944437 6473.164657689631 0.802368275821209 0 115.9700249396265 276.1720377504826 806.8292587772012 1.374659731984138 31.52147413045168 675.5791817978024 5.061923153698444 3.93268071860075 528.0330885127187 0 2.097242072224617 2442.455562934279 310.9740803092718 3037.088244244456 2.394782386720181 914.6057753562927 12.05391051620245 3747.177782662213 7.364445932209492 0.7659965008497238 1840.982735574245 3762.25166894868 19.88547886162996 984.9803923070431 1648.398249417543 1.767865151166916 6.317814104259014 71.08012455701828 3626.709961980581 4.425625495612621 478.4927674010396 1436.867460526526 1270.410418264568 270.7658554837108 12.18702431023121 3.873201243579388 3.337873563170433 3.127773217856884 0 25.97245751321316 17.65942768752575 0 0 0 0.5366714596748352 0 0.1236922740936279 0 0 0 0.3330369591712952 0 0 0.5604662522673607 2.334643542766571 0 8.446351081132889 0 0.3271414190530777 2.437077164649963 1.076150335371494 1.599770858883858 0.731450580060482 90.93523371219635 164.9912637099624 1.298689931631088 0 0.4013926982879639 0.08036427944898605 0 0 0.3524770438671112 0.1992357075214386 28.54172945022583 74.48060768097639 2.504559613764286 0.9291663318872452 0.5971744135022163 0 0 0
0.8953415229916573 8.296138681471348 16.28777629137039 0 0.8519816398620605 8.606473427265882 1.86936766654253 16.06492046266794 0.5637596026062965 4.983334735035896 3827.433708824217 6.597613893449306 105.2482310011983 25.04280857741833 0 0 310.9740803092718 913.2881222590804 1597.684810906649 3.403401352465153 1.587255023419857 1.361462280154228 4.087859310209751 1.2739582285285 129.9031046703458 2974.889542862773 432.6133802086115 1.632957518100739 86.47799491137266 2.729983627796173 126.8109021931887 28.30455650389194 0.9696498438715935 866.3139896392822 3.649077899754047 312.5618492737412 866.747285284102 1457.40677215904 400.6179680079222 7.620892070233822 4.031453669071198 17.68694274872541 1.613049693405628 0 7.149913839995861 0 0 0 0 0 0 0 0 2.640897162258625 0 40.13161368668079 0 0 0 0.1139171421527863 3.207874365150928 2.424532227218151 0 0 0.2082519307732582 0 0 12.35661458224058 91.05315508693457 154.9618821591139 0.5160953775048256 0 0 19.2994526475668 0 0 0 1.073710411787033 28.27404598146677 5.112267255783081 0.6845210492610931 0.6396743953227997 0 0 0.1028616428375244 0
4.367463797330856 19.75772542506456 34.18372149765491 0.0976639911532402 0.6602940186858177 10.64951723814011 3.119932502508163 26.10741897672415 0.4936529472470284 10.12798143178225 1900.241891659796 11.24023095518351 19.03629914671183 46.37123893201351 0.06881268322467804 0.3637237623333931 3037.088244244456 1597.684810906649 3803.58241122961 4.399036444723606 10.62785896658897 1.880443200469017 22.08652943372726 1.81591834127903 55.59685160219669 2492.265933513641 627.7466499134898 3.228119127452374 138.3014405667782 15.19718567281961 9.563618026673794 24.79397456347942 6.241937160491943 3618.369168452919 2.809741280972958 675.0784986540675 1082.198398679495 2607.287907645106 681.4182107299566 13.29815997928381 3.240357555449009 4.914197474718094 2.539556451141834 0 20.92504857480526 0.7987498939037323 0 0 0 0.6284601986408234 0.08715301752090454 0 0 0.5816821679472923 0 5.532935567200184 0.09736942499876022 0 0 0.8955991044640541 1.481872402131557 12.03852929919958 0 0 0 0.1073952987790108 0.4073542505502701 3.741020523011684 155.3824258670211 187.937473796308 0.6039073616266251 0 0.8276050612330437 4.174191646277905 0 0 0.6147955358028412 2.341187626123428 44.62430655956268 30.31290842592716 1.488583035767078 0.3148225098848343 0.09736789017915726 0 0.09467556327581406 0
7.109852187335491 0.2446686774492264 4.231517121195793 3891.88471929729 7.111881084740162 470.4886087663472 79.02915380522609 383.4996873810887 539.0557054802775 6828.762478336692 13.47646086663008 3282.551825106144 5.432287015020847 281.7307998239994 147.4606705307961 0.2464775145053864 2.394782386720181 3.403401352465153 4.399036444723606 1189.659706607461 2.867313764989376 1.173563987016678 4.312503889203072 532.4905638620257 0.1605348363518715 9.376908905804157 4.254137311130762 1719.50366550684 341.2173927687109 5.270177938044071 0.4971702769398689 21.48849099874496 4.247867941856384 268.3729354962707 22.19899623095989 2704.302140638232 44.88807933777571 419.3901273682714 126.8600456491113 731.8711494579911 75.4970987290144 2.212289795279503 44.79617911577225 3.469160869717598 0 1.748227953910828 382.1690758988261 0.180246002972126 12.05079687386751 294.2516341656446 95.35188130289316 126.3292225599289 110.693137139082 1.932801060378551 125.4425282403827 2.75677216053009 32.66502030193806 13.99151848256588 1.104032009840012 0 0.1065315678715706 0 376.5449265614152 1.511713847517967 0.3909108489751816 3.455223895609379 814.7369055151939 0 1.009998098015785 1.06683024764061 496.8382516130805 9.102197207510471 32.25564572960138 0.2392992824316025 1.719402521848679 1.573158159852028 7.738795317709446 4.060621961951256 263.3734034374356 2.31687331199646 33.66860803961754 4.844595603644848 303.1325706541538 4.742698237299919 3.50450336933136 0.1472268253564835
12.00737520307302 9.231865108013153 358.8187853768468 0.6492710113525391 0.1707917898893356 46.527622833848 1171.812667049468 186.6200817003846 23.3044056147337 43.46591880172491 4.279891759157181 2.741980329155922 20.73297598212957 63.35012646764517 0 1775.975715219975 914.6057753562927 1.587255023419857 10.62785896658897 2.867313764989376 7909.86448481679 181.8074102476239 7794.264804154634 333.5372437536716 0.2341408953070641 14.27740044891834 725.1058829650283 2276.050307936966 117.2537370808423 7779.402652442455 0.1107591614127159 2.485283255577087 35.92957480996847 3371.963954165578 145.3253772035241 4487.391235664487 190.1192627176642 3827.303453087807 3729.948294058442 223.4771502390504 19.44777601212263 3.023614898324013 52.07433175295591 1.826292000710964 0.2481933459639549 1.502377070486546 0 0 0 5.919896021485329 1.173516862094402 2.02095914632082 0.60819411277771 0.5320985913276672 0 2.00829142332077 1.657889291644096 0 297.4378053247929 1.067342519760132 0 0.1049221828579903 0 73.88162731379271 147.4607820212841 49.53094579279423 35.52821810543537 0 0.08909374475479126 26.17327430844307 59.5761952996254 1.716164618730545 24.474748454988 0 0 0 1.069195181131363 20.5542167276144 174.5185501947999 2.101043052971363 3.089429378509521 7.165571361780167 0.7277401685714722 0.4797040224075317 2.345409646630287 0
2.156283833086491 2484.849952936172 45.79720178991556 0.8090029805898666 2.077953785657883 2.301704980432987 18.83616333454847 8.720734603703022 2271.84876858443 1.954113617539406 19.60204164683819 7.475035473704338 146.0631418153644 2.803405694663525 83.08635607361794 3377.715815648437 12.05391051620245 1.361462280154228 1.880443200469017 1.173563987016678 181.8074102476239 1159.423158168793 610.4794222488999 5678.09740036726 503.5683090016246 142.0475500449538 7011.720523707569 300.1207036077976 13.42528776824474 11.17063392698765 13.27253493666649 0.1242643222212791 0.7980015128850937 6.117100208997726 0.5304798185825348 33.96694430708885 18.85814728587866 17.21769496053457 8.931225992739201 193.3747702687979 0 14.19330073148012 0 0 18.21617972105742 56.4475636407733 2.291305914521217 0 0 10.70834164321423 2.093068338930607 39.85453391820192 0.5317813381552696 1.012622624635696 5.790259003639221 1.167829804122448 2.625431761145592 0 788.4618453606963 3.734902963042259 0.09365016222000122 0.4013628512620926 1.615784645080566 37.98092763870955 150.2036338746548 505.5374499037862 37.15449778735638 0.4721665158867836 11.7753501906991 766.4901175051928 55.13619929552078 1.134389713406563 16.24968310445547 0.4490047693252563 0 0.105991467833519 1.926943674683571 0 21.76382828503847 2.511519342660904 9.044550344347954 6.649459630250931 2.278321802616119 0.2960582375526428 0 0
57.90558409690857 53.85971381515265 10969.1207967177 1.627912223339081 0.2778107225894928 97.99986051023006 1211.195466309786 487.1886668764055 16.95699872076511 78.61894631385803 10.84181456267834 4.920864194631577 30.40349744260311 247.6115068607032 0 2046.201489560306 3747.177782662213 4.087859310209751 22.08652943372726 4.312503889203072 7794.264804154634 610.4794222488999 8890.823661386967 1295.447523318231 1.851841002702713 739.4438799545169 6395.551855057478 3337.7916110605 280.5336971133947 5696.031205818057 0.07795558869838715 2.477792426943779 19.62355795502663 3915.217948205769 304.6372098624706 9293.073962859809 5858.158222436905 5812.745580717921 5954.438488185406 544.2172851637006 19.63499528169632 10.83445685356855 92.24042774736881 5.444272011518478 24.6383638381958 213.7170547023416 0 0 0 6.945387326180935 1.019493952393532 1.50830066204071 0.4797906875610352 2.943508967757225 0 2.249026775360107 7.208739668130875 0 1286.928735524416 3.459788806736469 0 0.6062220633029938 0 43.03188004344702 777.1103944331408 1346.778353348374 24.39614702016115 0 12.12837316840887 1323.889786742628 24.28517310321331 4.600073523819447 15.501494333148 0.2277307361364365 0 0.6783451735973358 6.750825315713882 68.03460922837257 337.2433369681239 15.92487011104822 29.04425796121359 31.25765239447355 1.720729827880859 0.5315345227718353 6.384342759847641 0.7261564657092094
31.41267720609903 503.8167333379388 90.85767119005322 2091.853320017457 12.01040868461132 148.8370501548052 2854.598900102079 119.1279941499233 6994.220847301185 362.579451367259 8.503267794847488 200.9056460782886 43.53411814570427 163.9742533713579 511.8018831461668 1614.985887363553 7.364445932209492 1.2739582285285 1.81591834127903 532.4905638620257 333.5372437536716 5678.09740036726 1295.447523318231 9650.96086896956 70.7392800077796 22.37183846533298 2261.714657060802 8511.210387542844 508.5558379739523 688.6757601425052 1.818848825991154 6.377837166190147 95.03375399857759 229.0815244987607 37.51575982570648 2365.942597962916 67.73198624700308 464.6255533844233 418.0812916979194 743.604073189199 34.14260126650333 5.235185116529465 23.95002941042185 20.28786788880825 3.58498203009367 10.98305061459541 194.0691832378507 0.5980178490281105 8.796193018555641 549.8252671211958 125.3251761645079 871.2246755510569 71.08065269142389 7.497700989246368 79.16400974988937 0.4167870283126831 68.99694112688303 6.075657047331333 466.7836683019996 2.579214379191399 1.30136376619339 1.208441093564034 192.761682651937 234.8197706788778 323.7420718297362 58.32212852686644 1822.824330382049 0 3.633614048361778 71.97971251606941 1857.375111781061 52.46729939430952 433.5709021165967 0.1621591597795486 2.042680010199547 8.105726078152657 22.47178934514523 6.387980423867702 432.7857454568148 6.681001573801041 88.02148117870092 20.65202024579048 163.4962495490909 8.142067477107048 6.937671512365341 1.757986851036549
0 967.778243035078 0.2616792172193527 0 0.1487569361925125 0.0960841029882431 0.2152301222085953 0.4270853251218796 73.30254969000816 0.1218698248267174 658.0651463791728 0 5898.125922560692 0.2852979451417923 1.254672542214394 17.312405154109 0.7659965008497238 129.9031046703458 55.59685160219669 0.1605348363518715 0.2341408953070641 503.5683090016246 1.851841002702713 70.7392800077796 300.7491280138493 1070.711935341358 4142.841694898903 3.651664450764656 1.460325822234154 0.1004848778247833 682.7839314714074 0.373355358839035 0.1724816858768463 8.594572603702545 0 11.47251027822495 595.5866987630725 391.5414180606604 46.48996895551682 3.940423272550106 2.370334312319756 772.3610298633575 3.623319417238235 0 199.7057990580797 0 0 0 0 0.07693254947662354 0 0.5539188981056213 0 53.42029998451471 0 390.2054618373513 0.09601116925477982 0 0 0 9.654804438352585 2.472087249159813 0 0.09446815401315689 0.4535770416259766 0 0 303.7502584159374 376.9609266296029 693.767434425652 0.3455835804343224 0.104317769408226 0.08713375777006149 87.56591938436031 0 0 0.8989996463060379 2.088103532791138 12.98036172986031 59.41589092463255 4.04731348156929 1.566404074430466 0 0 18.38120205700397 0
13.68749624490738 1087.710779674351 6292.34352299571 0.958330325782299 1.22453872859478 34.86656399071217 68.40926515311003 106.6751812472939 29.12462060898542 19.57701468467712 4034.049667797983 17.51923612132668 1587.32608781755 87.27992659434676 0.7650508135557175 6.372316092252731 1840.982735574245 2974.889542862773 2492.265933513641 9.376908905804157 14.27740044891834 142.0475500449538 739.4438799545169 22.37183846533298 1070.711935341358 22934.97159859538 7669.856570795178 10.65295215696096 229.4648732915521 52.65314589440823 522.9633317440748 48.16038937866688 7.708850368857384 2245.935067497194 11.70778106153011 3186.596049532294 8773.546618260443 5318.844132393599 1776.14555131644 59.13494382053614 10.54509615153074 115.6080040633678 14.52715919911861 0.7833516150712967 923.7393744885921 24.38554013520479 0 0 0 1.026581667363644 0.3478966653347015 2.420252822339535 0 36.66987304389477 0 613.0112283155322 0.73431096971035 0 0.335774227976799 20.01398407667875 59.09853473305702 194.2296312823892 0 0.3952492848038673 6.242227636277676 2.698877885937691 1.149197176098824 344.7896571755409 3657.258549444377 5610.535363845527 0.6852686032652855 0.3007451146841049 1.496949017047882 248.6878823265433 0 0.120941698551178 9.152809135615826 5.362479351460934 210.9822149500251 612.5736380070448 36.26584303379059 16.09819819033146 2.439711235463619 0.1826156601309776 7.033306792378426 0.776322640478611
16.62336710840464 11836.61105718464 4400.939213454723 1.026248767971992 0.9925778284668922 21.54666569456458 153.4298429116607 104.5665544308722 472.308716148138 15.06159772723913 911.5675476118922 5.439539048820734 3803.684753894806 59.82312393933535 11.32184174656868 3924.06292001158 3762.25166894868 432.6133802086115 627.7466499134898 4.254137311130762 725.1058829650283 7011.720523707569 6395.551855057478 2261.714657060802 4142.841694898903 7669.856570795178 18852.95695906878 1024.017763264477 129.4331868179142 104.1492475271225 1133.70435217768 9.189762495458126 7.752528980374336 1695.679382950068 109.9796899482608 5540.819126993418 5711.178374372423 4138.415992282331 2171.778722777963 269.4626300409436 7.586843095719814 54.60178048163652 41.9287971034646 4.520305201411247 4277.81318179518 1626.529226332903 0.2684928625822067 0.1486388891935349 0.1505825817584991 26.35115136951208 4.148280799388885 2.394915044307709 0 24.02292164415121 0.4912260770797729 440.3065291196108 5.890421360731125 0 658.1193652302027 108.1560728102922 44.86648234724998 181.8328074514866 0.2150240689516068 8.615654058754444 1328.422346681356 1493.739330753684 12.25574337691069 394.5259546339512 4221.130026385188 13265.16660618037 18.02241216599941 5.276991993188858 21.44025462865829 221.5201077312231 0 0.9933685064315796 47.93934008479118 42.15194106847048 350.15982170403 896.6739102005959 169.7955314293504 98.40051490813494 7.695219747722149 0.6382202133536339 6.826810643076897 1.210663110017776
86.37814794108272 27.9431482180953 267.6958142518997 2890.774107888341 2.578053362667561 560.3417807072401 14947.961985901 329.2989606671035 1127.696593761444 3258.631796680391 4.791451379656792 203.7532246410847 23.12546753883362 287.0184580162168 65.95098130404949 663.0476578623056 19.88547886162996 1.632957518100739 3.228119127452374 1719.50366550684 2276.050307936966 300.1207036077976 3337.7916110605 8511.210387542844 3.651664450764656 10.65295215696096 1024.017763264477 15739.87728572637 1428.993024278432 4472.165539994836 0.3949216976761818 6.620938509702682 427.1999620869756 935.4835577309132 116.5611477419734 4634.751101434231 103.4195832684636 1375.049863405526 1524.027600161731 294.0970408767462 52.25196221470833 4.45228435844183 72.02476494014263 20.25065897405148 2.567285753786564 5.833265095949173 157.0039351806045 0.2267130464315414 7.857979461550713 435.0434476584196 93.57754223793745 293.7054665386677 56.5990419536829 4.487860687077045 32.80078914761543 1.760358452796936 52.37758137285709 2.710425414144993 305.6237861663103 2.653007134795189 1.080824017524719 0.413519524037838 148.7073090448976 145.5471628308296 163.9847134202719 45.54054860770702 1143.683662973344 0 1.339635781943798 47.85069613158703 1149.748335197568 39.4406918361783 302.2059066221118 0.08157843351364136 2.515498884022236 4.523357830941677 16.08869353681803 10.99029596149921 343.4112356305122 9.075830653309822 58.28870150446892 13.26076037436724 104.2533500269055 4.852060824632645 8.739117965102196 2.421667873859406
2402.553260665387 2.435535125434399 212.6218729577959 79.39719335734844 13.48968897014856 249.1231116838753 1220.380657151341 751.6222389042377 42.00639275461435 565.1509883478284 636.9862330332398 345.9438055679202 131.938275821507 4735.101665005088 12.77411971986294 14.83597023785114 984.9803923070431 86.47799491137266 138.3014405667782 341.2173927687109 117.2537370808423 13.42528776824474 280.5336971133947 508.5558379739523 1.460325822234154 229.4648732915521 129.4331868179142 1428.993024278432 13108.05572236702 3478.066328406334 13.21495013684034 208.3196325451136 1592.698094576597 4511.765409782529 34.27631175518036 1171.717679567635 80.10129790008068 2313.067696876824 540.2053167819977 444.9987517222762 531.379634514451 21.22501792013645 31.95920299738646 0.1102378964424133 0.08153472095727921 0.3171691298484802 2.866068951785564 0 0.3694076985120773 20.06269228458405 1.639981471002102 13.54185909032822 1.067719161510468 2.996256664395332 2.179185256361961 1.936385877430439 1.392016895115376 0 32.08381263166666 0.1432641595602036 0 0.1920075342059135 5.005181014537811 16.77573315799236 16.70099487155676 6.273689687252045 42.69627833366394 0.2380649372935295 1.430664837360382 4.760286003351212 50.94612883776426 1.91576674580574 13.57354436069727 0.1359684467315674 0 0.2407427355647087 0.505574494600296 3.518429920077324 57.38506899774075 1.695225976407528 2.051725909113884 2.805805735290051 1.05672524869442 0.339017242193222 0 0.4282279014587402
