1970.500636458397 0.1297769099473953 61.13969673961401 12.52519506961107 0.2877954095602036 40.30771940946579 3528.681147828698 1728.049739904702 10.73047137260437 123.6512649431825 9.091348759829998 27.09046766906977 0.5907988101243973 8475.727188162506 0.09485192596912384 0.7605938091874123 264.5056931301951 6.919293314218521 50.1837360560894 24.23382245749235 15.34387444704771 0.5325550436973572 96.69575601816177 52.89294975996017 0.1317419111728668 60.20763462781906 12.09553027153015 83.76061321794987 5520.001759707928 3966.583112642169 0.09722860902547836 3.71473141014576 156.344996958971 209.0965993404388 1.454035386443138 112.5994740203023 6.422187842428684 143.1632658392191 36.85143800079823 15.30477491021156 1.711843907833099 0.8897396847605705 0.3981370255351067 0.9963180422782898 0.2683874219655991 1.22780517488718 0.3070742934942245 0 0.9205462485551834 14.57557538896799 2.206643685698509 6.335643120110035 1.97090432792902 0 0.1552577316761017 0 3.157649137079716 0 2.770236924290657 0.09165053814649582 0.0930413231253624 0.1457127928733826 0.09511488676071167 5.875676617026329 1.772501073777676 1.25254899263382 26.96527943760157 0 1.501713469624519 2.515949130058289 41.57206251472235 2.491818726062775 7.427249163389206 0 0 0.1322068721055984 1.299031920731068 0 10.08033788204193 0.3626361563801765 4.448340736329556 0.5813930034637451 5.56621153652668 0 0.264911413192749 0
0.1297769099473953 152.5131711214781 131.4833897873759 1.977126508951187 0 1.165550298988819 1.48685659468174 2.251420639455318 576.3728737384081 0.1868806704878807 150.6427944004536 16.07046009600163 697.2137817144394 0.7276837378740311 25.17127251625061 82.87856006622314 97.05265133827925 14.90974798053503 51.1135615631938 0.178374707698822 5.158046409487724 2004.175980813801 16.11645386368036 1317.723937645555 1123.225378766656 1242.78825493902 8189.067955933511 36.95330276340246 2.040616132318974 1.241688825190067 60.57850584387779 0 0.09782590717077255 131.448532640934 3.563603118062019 118.4383817911148 95.06745087355375 89.23707473278046 54.10526864975691 28.98439867794514 0 166.7995163053274 0 0.5124758556485176 121.8993207514286 188.5336436107755 0 0 0 3.911600820720196 0.9008461982011795 7.410113610327244 0.2406913340091705 3.335780784487724 1.59648834913969 14.32200947403908 1.172435998916626 0 35.45220359414816 45.96111357212067 5.750770874321461 61.19841307401657 0 4.312625885009766 29.33705603331327 12.73425297439098 16.80445322394371 24.43857108056545 598.8367870524526 1735.24012118578 7.319313243031502 0.6332211419939995 3.594651162624359 5.102496758103371 0 1.032893747091293 23.79185929894447 0.8171900510787964 41.90174303203821 35.64245483279228 47.83588095754385 10.4734897762537 1.818620085716248 0 1.806439258158207 0
61.13969673961401 131.4833897873759 8107.052152097225 27.42752499878407 0 21.14620789140463 1541.244485512376 228.2121029496193 44.78801127523184 75.73737953603268 21.77587056159973 2.631874546408653 1.327929690480232 208.9124218150973 1.253477096557617 13.80246453732252 3808.017579972744 29.62373144924641 434.3014867901802 3.637644022703171 425.1433709040284 13.68183249980211 10666.24149057269 254.7462355941534 2.196075581014156 9379.221738956869 6928.250483483076 757.2870062962174 92.53838342428207 655.6088567823172 0.3389843553304672 0.5367775931954384 14.11565837264061 261.786420725286 19.37416322529316 553.8958983644843 2989.186503320932 769.4246039092541 404.3587342649698 9.548583492636681 3.171822249889374 3.921616539359093 1.368362039327621 1.646255888044834 232.8007853701711 2434.725954353809 0 0 0.724315457046032 80.15272735059261 5.85485365986824 7.487612001597881 1.220411539077759 0.984936848282814 0.1380566358566284 1.839858375489712 7.59203428030014 0 108.977340400219 135.80539894104 2.374511942267418 49.12179069966078 0.1024916097521782 22.58392914384604 188.7872408851981 270.3579499647021 69.68699946254492 2.529901400208473 527.5310659706593 3096.792208999395 51.9319424778223 4.203254491090775 18.03545300662518 1.158250212669373 0.09059986472129822 0.4014410227537155 41.1176110804081 7.615682795643806 106.557973369956 436.4255831539631 118.5688016191125 23.61588024348021 3.150962874293327 0.303024560213089 0 0.4120323956012726
12.52519506961107 1.977126508951187 27.42752499878407 2353.745435871184 0.5523136854171753 144.0900476500392 498.5230483114719 101.5358358025551 605.5744380801916 9157.468556299806 3.032792866230011 3733.21806012094 0.1059921383857727 84.70088233053684 55.41629459708929 1.024573087692261 11.48389188945293 1.050255507230759 1.896794877946377 5864.415822297335 1.562669955193996 4.797739684581757 14.45903886854649 2607.230262666941 0.08862766623497009 10.59524155408144 23.30842867493629 6103.879494018853 155.1691103577614 15.51689023524523 0 1.976208455860615 23.96996520459652 61.53719503432512 3.255389600992203 301.4119523540139 7.126361854374409 144.8316201195121 45.3538077250123 110.2344880700111 16.68912261724472 0.7833882495760918 3.540613375604153 2.584174633026123 0.663080096244812 3.086718432605267 203.8807332068682 0 16.7312590405345 182.738237477839 14.10126423835754 117.5638181641698 348.3739998117089 0.6422611251473427 121.2494381740689 0 9.534150131046772 8.998277612030506 0.9772412180900574 0.09726530313491821 0.5188915356993675 0.335662804543972 118.6119291633368 0.7003000006079674 1.031762383878231 2.753016851842403 403.8927517682314 0.1939640939235687 0.8679846748709679 5.578721411526203 432.0642166659236 10.30778384208679 6.927581384778023 0.108875073492527 0.5119284614920616 0.6650264635682106 4.54010259360075 1.170551247894764 109.8813460171223 2.288307175040245 18.0455611795187 3.128060109913349 186.0891773477197 2.622754909098148 0.7222893461585045 0.1330514401197433
0.2877954095602036 0 0 0.5523136854171753 9.83389712870121 196.5019310936332 2.232813857495785 38.05308495461941 18.79217532277107 2.991178527474403 6.614184141159058 13.81632947921753 0.3067171424627304 64.0520977973938 1030.889359600842 0 0.1757926866412163 0.8869906216859818 0 0.8370970040559769 0 0.1984438747167587 0.182507798075676 4.050140500068665 0 0.5573150366544724 0.1403722167015076 1.017757013440132 62.99577306956053 0.5883560925722122 0 517.8395132273436 0 90.23599199205637 0.2628837823867798 16.14569912105799 2.289387628436089 175.7190143093467 33.79005007445812 2072.170267127454 100.5048776119947 10.01732304692268 0 0 0 0 0 0 0 0 0 0 0 0.3092733025550842 0 0 0 0 0 0 0 0 0 0 0 0 0.08755501359701157 0 0 0 0.522076427936554 0 0 0 0 0 0 0 0.1252696514129639 1.0833959877491 1.498081713914871 0.3426281213760376 0 0.6621418595314026 0.819549173116684 0
40.30771940946579 1.165550298988819 21.14620789140463 144.0900476500392 196.5019310936332 14174.48941852152 2165.100683443248 7223.690408684313 162.1310718804598 4897.401361897588 59.98658472299576 3710.16516931355 4.338646322488785 670.2680108174682 1101.606766484678 0.09042838960886002 16.81088558584452 13.43933895975351 8.055877089500427 454.4988109469414 2.230715095996857 1.239673629403114 10.79417912662029 204.0712066665292 1.530869387090206 34.95296007394791 8.231221236288548 654.734288059175 489.7135183736682 32.89643759280443 0.3452137932181358 390.0399390533566 14.95340725779533 356.8716510161757 6.38174906373024 446.1486537903547 27.53784000128508 533.6557146757841 156.4065942168236 2222.679102376103 381.3134005442262 34.26294095814228 3.168378680944443 0.3357427716255188 0 0.7878349870443344 17.8970719575882 0 3.540285013616085 45.24580620229244 2.232124805450439 18.2357634305954 44.16026001423597 2.602312743663788 18.70291382074356 0.5901664420962334 2.918890506029129 0.3734487444162369 0.5392961129546165 0.133266881108284 0 0 14.52897529304028 0.272728405892849 0.6538132801651955 0.3545087426900864 63.87154266238213 0 0.6014295890927315 1.658027857542038 85.3605280816555 2.837581790983677 6.795187495648861 0.08807451277971268 0.1077944412827492 0.720761738717556 0.9618063643574715 1.224855899810791 30.69462116062641 3.261866055428982 11.55548015236855 4.356120645999908 70.75818827003241 1.385599456727505 3.35758026689291 0.1186904311180115
3528.681147828698 1.48685659468174 1541.244485512376 498.5230483114719 2.232813857495785 2165.100683443248 26559.88476449251 3324.106800623238 198.0062925964594 13038.98313103616 19.21917478740215 117.2583671808243 0.3670110404491425 5071.894077651203 13.74780226498842 7.27656465023756 653.8241166397929 13.04082217812538 83.79869796335697 100.4145227298141 227.1675059497356 3.689730025827885 1198.949950821698 1096.70341975987 0.5654956251382828 365.246204726398 198.3850672319531 17748.37585082278 2335.443624615669 8909.304400444031 0.2753301411867142 16.65259173512459 252.1552755273879 502.9060255363584 43.13641104102135 1580.361543491483 115.3882254511118 1138.221510954201 467.4784653782845 85.17695872485638 83.24678606539965 3.702377684414387 15.21889246255159 18.7834992185235 2.063830107450485 45.49695958942175 32.58622072637081 0.7717406302690506 16.14338029175997 425.4166092351079 41.94353268295527 93.25754844397306 93.70579654723406 4.552529118955135 8.007580876350403 2.23921862244606 36.65666476637125 1.970082938671112 13.60786545276642 3.264118023216724 0.5223431140184402 3.910981610417366 22.81533151865005 9.166917353868484 7.402524173259735 14.68406301736832 405.3782225698233 0 9.434863828122616 53.89581578224897 576.8550928607583 39.26853317767382 91.99103480577469 0.535767987370491 1.249231398105621 3.981652393937111 21.10412882268429 10.56562781333923 162.3536746427417 11.46709951758385 69.8103955462575 13.03520618379116 100.0711398124695 8.397226065397263 0.2484997138381004 2.086841709911823
1728.049739904702 2.251420639455318 228.2121029496193 101.5358358025551 38.05308495461941 7223.690408684313 3324.106800623238 12114.54482403398 94.26973216980696 2707.29022025317 51.3276285007596 1040.147504463792 2.89464995265007 9251.098688594997 249.6923086419702 1.693276047706604 597.550836071372 19.07152737677097 104.2352146357298 403.2089724987745 21.02526770532131 3.516991794109344 208.9027499258518 574.4387374892831 0.6857382878661156 170.4316294714808 31.52184965461493 459.8939073160291 1352.740983713418 1424.849927969277 0.5132079869508743 146.8080345019698 34.70210272073746 342.0596270933747 8.128762878477573 790.1247906908393 35.10094290971756 520.1884597763419 229.9770943447948 1246.201916359365 239.2903166785836 40.6853636726737 15.95192024856806 11.99527590721846 1.376724727451801 3.140984125435352 12.12092074751854 0 13.66117439419031 239.8448554202914 22.79703406989574 50.30590159446001 52.29854902625084 2.244110837578773 5.188157141208649 1.051345512270927 24.96483667194843 0.6407662630081177 4.897017560899258 0.5791992768645287 1.278057977557182 0.6207693666219711 15.50346981734037 7.47253892570734 2.516508474946022 1.368168227374554 215.8494662642479 0.6638634949922562 4.095197223126888 5.745385028421879 353.6982207968831 31.49880976229906 55.96517215669155 0.1062249392271042 0.8476151674985886 2.040008947253227 14.28854840993881 2.841440059244633 79.14407040923834 5.442207224667072 47.43014999479055 8.94930511713028 56.78650821000338 4.411401711404324 4.561089903116226 0.4563630819320679
10.73047137260437 576.3728737384081 44.78801127523184 605.5744380801916 18.79217532277107 162.1310718804598 198.0062925964594 94.26973216980696 650.8640204966068 166.903517074883 9.476449385285378 738.6716147512197 30.28810254484415 53.31923519074917 1008.506642147899 214.800934150815 26.39666297286749 2.884171098470688 6.037215895950794 458.7667580544949 58.47587645798922 2409.112469002604 53.25404744595289 4802.787642128766 49.99211805313826 77.97879330068827 911.130083091557 943.5853024572134 54.35049472004175 95.74349729716778 5.259242050349712 0.9759412780404091 6.659960992634296 34.12719288468361 1.870213769376278 334.5445721969008 46.76434852182865 69.15209770947695 25.04979693889618 458.1293125897646 4.932589337229729 3.00635389983654 1.900898575782776 11.31642805039883 2.867540597915649 8.640636324882507 90.45605153590441 0.4368988424539566 15.18360810726881 187.9715859442949 20.76261600852013 123.6908167675138 157.1144754514098 2.247044958174229 81.53439156711102 1.387604378163815 21.32067023962736 5.545735135674477 251.5796358212829 2.129024930298328 0.6324882358312607 1.341782219707966 80.68404196202755 84.5269797667861 24.01805691421032 88.06334239244461 1334.460873149335 1.409720614552498 7.734631314873695 24.85532775521278 790.6075256168842 33.09795597940683 54.02152170985937 0.5206917747855186 0.4445416033267975 3.182868652045727 9.284368805587292 3.420904867351055 68.15552161633968 6.885549187660217 29.94142945855856 10.46959940344095 76.25394583493471 2.105125933885574 1.103248134255409 1.789777547121048
123.6512649431825 0.1868806704878807 75.73737953603268 9157.468556299806 2.991178527474403 4897.401361897588 13038.98313103616 2707.29022025317 166.903517074883 30791.68663745746 42.9842733591795 4271.692141771317 1.674197532236576 1191.952165912837 48.77384012192488 0.9337165728211403 50.32092267274857 16.26104205846786 12.20384607464075 6164.343259517103 5.458088949322701 1.343039803206921 47.76619654893875 594.9509432762861 1.894677370786667 49.08618529886007 17.39661684632301 9075.172063369304 995.7176107391715 77.89083271473646 0.6350659132003784 27.86796457320452 58.21336112171412 405.53951061517 16.46211805194616 897.5722886696458 40.89451900869608 791.8334242329001 179.3509501218796 209.9312631040812 64.31824762374163 9.370373338460922 11.61150411516428 3.462827518582344 0.236036591231823 2.376730538904667 127.855865560472 0 16.17904062569141 175.0303883701563 18.26635829359293 46.54308829456568 199.6711352467537 2.45279449224472 126.0038568675518 0 9.222026497125626 2.296859934926033 0.7444753795862198 0.2358707115054131 0.5645321533083916 0.3164227530360222 74.93013023585081 0.7346116900444031 0.7285053357481956 2.822066627442837 254.3453489094973 0 0.8905233219265938 2.595790341496468 323.6099583432078 8.427364736795425 9.104114070534706 0.1299229711294174 0.5021513700485229 0.09801702201366425 6.961615413427353 1.616127021610737 99.42530834674835 2.885727800428867 18.16766264289618 3.327043384313583 131.8043656125665 1.295218363404274 1.05710157752037 1.848152376711369
9.091348759829998 150.6427944004536 21.77587056159973 3.032792866230011 6.614184141159058 59.98658472299576 19.21917478740215 51.3276285007596 9.476449385285378 42.9842733591795 12555.86647194624 57.60902440547943 2811.455571442842 76.50892096757889 4.067811451852322 0.256215900182724 959.8854500800371 4685.180320613086 1563.26169654727 20.00990219414234 8.30198959261179 26.04337839782238 53.64927566051483 17.59063320606947 2184.285590164363 4016.385542221367 1123.605428904295 11.31816922128201 430.6938297078013 14.36306588351727 357.6139230206609 64.89435529708862 1.13227179646492 7020.848660826683 9.764029204845428 459.279367364943 3925.858865588903 3441.305193409324 893.0495317354798 89.77221491932869 35.51551103591919 1494.667203977704 5.103172838687897 0 10.13758441060781 2.032882854342461 0 0 0 3.383547976613045 1.051120415329933 1.659191831946373 1.026010267436504 307.2562673911452 0.2700521945953369 1420.353610001504 0.3556550145149231 0 0.4525818601250648 0.6141291484236717 45.05596704035997 3.886357985436916 0 0 0.4664866179227829 0.2928460761904716 3.674227826297283 277.583023943007 135.9377745687962 116.3467059880495 7.499913796782494 0.8967185914516449 1.085706040263176 223.6233041062951 0.533937856554985 0.2519178092479706 6.240545928478241 3.837069548666477 10.45643878728151 328.3343735709786 17.51322891563177 3.390112802386284 0.8223732113838196 2.529614239931107 195.8880443796515 0
27.09046766906977 16.07046009600163 2.631874546408653 3733.21806012094 13.81632947921753 3710.16516931355 117.2583671808243 1040.147504463792 738.6716147512197 4271.692141771317 57.60902440547943 6852.866352707148 3.009453982114792 518.9395595192909 811.5640541389585 0.4974119439721107 4.833684049546719 15.80833184719086 8.015112161636353 5364.578097075224 0.5385315790772438 45.03884123265743 2.297349840402603 1138.010557331145 7.217909350991249 31.8342869579792 31.92489666491747 592.1880736500025 427.6458556130528 10.56611206382513 0.6915491372346878 47.48255080729723 2.855723977088928 299.7892214655876 1.568018928170204 439.2517672032118 18.82161884009838 500.3335185572505 72.02776549011469 1408.024596825242 64.76474893093109 22.23513711988926 2.827895246446133 0 0.7385228797793388 0.3049441426992416 42.82183967530727 0 9.983824551105499 23.80348844826221 5.046215422451496 82.18832399696112 98.72759816050529 0.4786190092563629 226.5200580433011 0.2901871204376221 2.229726694524288 3.755870088934898 0 0.2867226898670197 0 0.211505688726902 64.46450440585613 0 0.2137345671653748 0.2573873400688171 102.4053395465016 0.1000100374221802 0.7362729087471962 1.180768311023712 70.80725706368685 1.689874611794949 3.420390576124191 0.1144028455018997 0.2496444806456566 0 0.3342767432332039 0.9001649767160416 52.35078925639391 1.187831453979015 5.356133282184601 2.420765586197376 160.6961913853884 2.108676306903362 0.5419218838214874 0
0.5907988101243973 697.2137817144394 1.327929690480232 0.1059921383857727 0.3067171424627304 4.338646322488785 0.3670110404491425 2.89464995265007 30.28810254484415 1.674197532236576 2811.455571442842 3.009453982114792 2992.414018601179 4.180434606969357 1.116266131401062 0.8669579699635506 3.155676290392876 58.02268794924021 17.16251417249441 1.231631554663181 0.234067015349865 132.8649024218321 1.331332288682461 40.01099783182144 5732.378505341709 919.5251080915332 4738.437278456986 1.805401086807251 17.90652472525835 0.9204510003328323 1257.325162366033 3.247987434267998 0 779.0456443056464 1.480956494808197 82.59739097207785 1171.695627838373 864.8222900256515 79.7489171102643 7.283566154539585 24.95928454399109 635.5135813653469 8.493658341467381 0.09645293653011322 23.17588853091002 0.9765728861093521 0 0 0.2492973804473877 0.6882417947053909 0.4033473432064056 0.1959234550595284 0 225.6004421785474 0.5944070816040039 1173.607191361487 0.7728261426091194 0 0 0.5806745290756226 48.45508199930191 2.546702772378922 0 0.3466436788439751 0.4932442307472229 0.2233995720744133 0.240766778588295 322.1222132742405 158.809194073081 131.1619075015187 0.5892547219991684 1.243647120893002 0.1169478222727776 207.2768400609493 0.3736338540911674 0 8.75594137609005 0 12.68771017342806 250.0836868211627 10.30596264451742 4.810178607702255 0 2.271314024925232 82.90043467283249 0.596537172794342
8475.727188162506 0.7276837378740311 208.9124218150973 84.70088233053684 64.0520977973938 670.2680108174682 5071.894077651203 9251.098688594997 53.31923519074917 1191.952165912837 76.50892096757889 518.9395595192909 4.180434606969357 12598.36678579822 37.83649288117886 0.3238230720162392 624.9378726184368 21.21519768238068 108.7481044828892 329.1836666576564 23.30105382949114 3.203890830278397 244.2164586931467 273.4691761061549 1.464699685573578 178.7249245867133 31.76248022913933 315.525177590549 5774.259428933263 3031.189848035574 0.9288321807980537 351.9395127147436 50.54952202737331 667.6484511271119 11.48369839787483 1067.566142939031 44.93678133189678 727.7657867819071 235.6705181002617 524.8273370862007 383.1214900538325 38.53661930561066 12.3222600966692 5.79157292842865 0.5875042378902435 2.310589365661144 7.342946961522102 0 3.430559866130352 92.6133685708046 12.04062779992819 22.58294698596001 18.62345082312822 1.728911340236664 2.369601540267467 0.5180316418409348 10.79869493842125 0.09806341677904129 4.481990985572338 0.08804327994585037 0.7599335610866547 0.2093763798475266 5.063409924507141 11.8011307567358 3.157469168305397 1.515002459287643 125.3894292861223 0 5.511580288410187 4.816917330026627 195.408524364233 15.77354288846254 30.55826840549707 0.09651114046573639 0.9194001108407974 0.7388111874461174 5.832526750862598 4.665060386061668 66.55582032352686 3.539908349514008 27.45952992141247 6.772118590772152 26.57688897103071 4.377521954476833 2.809853002429008 0.8040042221546173
0.09485192596912384 25.17127251625061 1.253477096557617 55.41629459708929 1030.889359600842 1101.606766484678 13.74780226498842 249.6923086419702 1008.506642147899 48.77384012192488 4.067811451852322 811.5640541389585 1.116266131401062 37.83649288117886 133.7293521761894 0 1.800460383296013 0.4008221477270126 0.09748483449220657 108.4640458673239 0 56.81539449095726 0.4971398860216141 950.3110455647111 1.489894643425941 3.82021339982748 44.52973378449678 62.77080012857914 31.02756868302822 0.2752272933721542 0 362.9930713027716 0.1040900275111198 28.38173773139715 9.858956545591354 176.9734343439341 3.280642122030258 26.47624881565571 7.543501518666744 1255.031421095133 27.14615380764008 2.720347985625267 0 0 0.4327288866043091 0.4855135828256607 2.025276511907578 0 0 0.3403268903493881 0 2.18660032749176 0.1231919229030609 0 0.7850021719932556 0 0 0 0.1644879430532455 0 0 0 0.3502435684204102 0 1.127328515052795 0 1.165954306721687 0.104068398475647 0.3687891066074371 0.1852257698774338 1.083673238754272 0 0.428211435675621 0 0 0 0 6.828727424144745 4.349960505962372 0 6.513764128088951 2.968519568443298 7.34293794631958 0.3507663607597351 0 0
0.7605938091874123 82.87856006622314 13.80246453732252 1.024573087692261 0 0.09042838960886002 7.27656465023756 1.693276047706604 214.800934150815 0.9337165728211403 0.256215900182724 0.4974119439721107 0.8669579699635506 0.3238230720162392 0 2272.300168193877 26.38830613344908 0.2271023169159889 3.21598232537508 0.1793344616889954 2840.675094671547 1972.470075413585 1393.471975974739 2642.606007546186 0.9584307819604874 22.68082204461098 4963.650609880686 2097.32119910419 7.548836320638657 61.15939981490374 0.3885187655687332 0.1468442380428314 2.219667054712772 99.92572158575058 36.16724468767643 810.0433702766895 362.6325505748391 341.5775947794318 305.565844707191 12.97474294900894 0.6441480070352554 0.9208555221557617 3.971103876829147 2.122015535831451 7.379045739769936 65.34214882552624 0.150926411151886 0 0.1060172393918037 12.02221367508173 2.184831388294697 31.41703031212091 2.337070934474468 0.1103566586971283 0.1033167913556099 1.683122113347054 2.329617105424404 0.108334131538868 2106.29359832406 7.823087602853775 0.1280724406242371 2.22712817043066 0 412.032735131681 819.8517664149404 1618.722527548671 267.2481770887971 0.8345983922481537 10.35084536671638 454.2723391130567 228.6779087558389 8.059940740466118 57.88253211975098 0 0 1.556536793708801 6.928233489394188 5.770938336849213 50.55668056756258 14.06246857345104 15.84384320676327 9.057310096919537 13.98905865848064 0.2474660351872444 0.7397615909576416 0
264.5056931301951 97.05265133827925 3808.017579972744 11.48389188945293 0.1757926866412163 16.81088558584452 653.8241166397929 597.550836071372 26.39666297286749 50.32092267274857 959.8854500800371 4.833684049546719 3.155676290392876 624.9378726184368 1.800460383296013 26.38830613344908 3606.177938245237 510.8772453144193 4273.569408640265 4.199646174907684 606.398356795311 24.4722652733326 5682.076257035136 154.5631946921349 7.323766693472862 2660.036499366164 4791.368010468781 142.0255849659443 1010.038636118174 2123.083566747606 2.529340602457523 2.476364247500896 104.8253920152783 3296.463040225208 13.75066698342562 701.9739523380995 2891.42619946599 1403.450174674392 530.5635806396604 8.072793014347553 1.488630414009094 13.79295000433922 2.065590396523476 1.064076654613018 82.14582607150078 192.7335180193186 0 0 0 6.047643229365349 0.07795809209346771 2.815431118011475 0.2010507434606552 1.045609794557095 0.1429595351219177 1.567932642996311 0.5603088811039925 0 9.771613642573357 44.95164577662945 1.682799860835075 50.88905446976423 0 8.475718133151531 4.652006894350052 9.501591399312019 13.64191512018442 6.05986624956131 478.3743493780494 518.4760396182537 19.00322819501162 2.306669294834137 7.637258879840374 3.810551501810551 0 0 9.739041909575462 9.200302645564079 27.89531165361404 112.1732592359185 27.59755602478981 4.504871599376202 1.544363498687744 0 0 0
6.919293314218521 14.90974798053503 29.62373144924641 1.050255507230759 0.8869906216859818 13.43933895975351 13.04082217812538 19.07152737677097 2.884171098470688 16.26104205846786 4685.180320613086 15.80833184719086 58.02268794924021 21.21519768238068 0.4008221477270126 0.2271023169159889 510.8772453144193 1793.311135590076 2619.537665575743 8.033115044236183 4.871043741703033 4.679494261741638 20.60203460603952 6.355585172772408 131.3222848773003 2109.183431863785 494.6217133626342 5.505134418606758 92.25652353465557 16.11794696003199 30.45584824681282 10.6260324344039 0.8112267255783081 1495.636251933873 10.45587226003408 556.7122033312917 918.0395065099001 1218.407939843833 562.366158425808 17.53142612427473 3.676139667630196 18.78297811746597 4.711534060537815 0 10.21048783510923 3.763867996633053 0 0 0 0.4851992502808571 0.1989238187670708 0.1546589583158493 0 14.74777559936047 0 92.08488535135984 0 0 0.323772519826889 0.6696029826998711 30.12747754901648 7.536231726408005 0 0.1869458928704262 0.4157801866531372 0 0.8916856348514557 42.20892724394798 190.2729098945856 165.9336665794253 1.637426950037479 0.129937618970871 0.3222617357969284 35.95909013599157 0.228521853685379 0 0.8473959714174271 5.43990284204483 4.827243015170097 22.42530723661184 1.335450008511543 0.5376212522387505 0.3040432929992676 0.2791678011417389 0.3765707165002823 0
50.1837360560894 51.1135615631938 434.3014867901802 1.896794877946377 0 8.055877089500427 83.79869796335697 104.2352146357298 6.037215895950794 12.20384607464075 1563.26169654727 8.015112161636353 17.16251417249441 108.7481044828892 0.09748483449220657 3.21598232537508 4273.569408640265 2619.537665575743 2360.430417709053 3.045591287314892 27.2919784411788 11.80973167717457 254.4665240496397 20.58619346469641 62.14004848152399 6063.56471400708 1486.536933615804 20.94319485127926 211.5631125867367 184.5183062553406 7.506691753864288 1.870035365223885 12.14104369282722 1931.593625001609 11.09152060747147 595.1245214864612 971.5827838853002 1129.151282131672 486.1029400080442 6.901954144239426 1.926120080053806 5.774565875530243 1.902610890567303 0 72.00499064475298 20.98403339087963 0 0 0 1.535693123936653 0.5413358509540558 1.406026475131512 0.1307996064424515 5.933048978447914 0 37.01727470755577 0.5251396894454956 0 1.141547180712223 11.89479402452707 25.0508064776659 41.24275823682547 0 1.566702015697956 0.769260510802269 2.1324657574296 1.84368222951889 47.13027376681566 617.1991366297007 571.6885729283094 1.608776599168777 0.2472332119941711 2.459822632372379 20.37082733213902 0.1216011345386505 0 6.141275271773338 7.19438049197197 10.91635182499886 49.61359828710556 15.99528225511312 3.036667734384537 0.1798655688762665 0 0.437901958823204 0.2239786386489868
24.23382245749235 0.178374707698822 3.637644022703171 5864.415822297335 0.8370970040559769 454.4988109469414 100.4145227298141 403.2089724987745 458.7667580544949 6164.343259517103 20.00990219414234 5364.578097075224 1.231631554663181 329.1836666576564 108.4640458673239 0.1793344616889954 4.199646174907684 8.033115044236183 3.045591287314892 1136.19779638201 1.236598528921604 2.191913887858391 4.016090229153633 610.444895580411 0.8492785319685936 13.80389020591974 3.833216905593872 3694.412695229053 344.9176810085773 10.34142500907183 0.2549311518669128 12.5751671269536 13.49185591191053 164.2742399200797 4.501669190824032 406.3525543510914 15.19322648644447 325.2457936629653 61.81341596692801 358.0985495224595 26.29080802202225 6.573108427226543 5.777301289141178 1.902884639799595 0.2007659897208214 0.5388695225119591 98.19361589103937 0 17.36378402262926 131.1422549188137 14.14619725942612 82.34107708930969 208.3604526072741 0.3129383996129036 89.87288414686918 0.1364323645830154 6.692355684936047 2.962613970041275 0.2736062631011009 0.3203321695327759 0 0 84.70001966506243 0.5178777277469635 0.3987364992499352 0.6476629376411438 252.7213551178575 0.07799932360649109 0.3974737524986267 1.27140786498785 291.0130786523223 4.214250430464745 5.327590003609657 0.2917378842830658 1.02458743751049 0.5405660271644592 3.26081145554781 1.511941596865654 102.9412792176008 3.233689449727535 11.53423652052879 2.894388198852539 199.5328918918967 0.6417594477534294 0 0
15.34387444704771 5.158046409487724 425.1433709040284 1.562669955193996 0 2.230715095996857 227.1675059497356 21.02526770532131 58.47587645798922 5.458088949322701 8.30198959261179 0.5385315790772438 0.234067015349865 23.30105382949114 0 2840.675094671547 606.398356795311 4.871043741703033 27.2919784411788 1.236598528921604 13226.24046701938 139.3912880644202 14388.21512445807 347.1410892903805 0.1098613068461418 43.94192150980234 1255.42239625752 4704.425838775933 130.6365934759378 12454.07086984813 0.1086209788918495 1.306607566773891 30.83211469650269 4124.061700746417 208.8994357064366 5239.220869645476 685.5491510480642 5461.928958810866 3228.20396181196 97.15737073868513 15.46085814386606 2.103597357869148 28.17053306102753 4.064323633909225 1.441295310854912 20.49681605398655 0 0 0.3225230500102043 20.28634678572416 6.037904195487499 36.42421148717403 4.541782394051552 0 0.2422779649496078 0.493141233921051 6.093591667711735 0.2117691785097122 455.6413495540619 6.722883820533752 0 1.716961480677128 0.5748578906059265 402.0130569562316 173.6007294505835 250.8343026041985 279.202325604856 0.1633639633655548 5.036335296928883 49.77021127939224 293.2648659795523 17.38242242485285 110.7105687484145 0 0.1038943007588387 2.952016837894917 8.235618315637112 40.04355008155107 127.5922169089317 7.806034669280052 19.49782718718052 12.16830461472273 27.98164220154285 0.8691746145486832 0.2701148241758347 0.2829732596874237
0.5325550436973572 2004.175980813801 13.68183249980211 4.797739684581757 0.1984438747167587 1.239673629403114 3.689730025827885 3.516991794109344 2409.112469002604 1.343039803206921 26.04337839782238 45.03884123265743 132.8649024218321 3.203890830278397 56.81539449095726 1972.470075413585 24.4722652733326 4.679494261741638 11.80973167717457 2.191913887858391 139.3912880644202 971.4398498609662 178.2078290805221 6337.680413044989 286.4999836832285 164.0902418792248 3824.037468194962 215.5727877616882 7.780821971595287 55.75909376889467 14.99352571368217 0 0.3996153026819229 18.77731494605541 1.352967232465744 31.57358705997467 21.47163946926594 26.11566603183746 13.04423547536135 81.44466768205166 0.9397183954715729 16.80472739040852 0.4481621235609055 0.4393807351589203 45.79423266649246 173.9634402766824 0 0 0.08182132989168167 8.184332646429539 0.3218089118599892 28.9543829113245 0.3586771860718727 0.7692777439951897 7.616381369531155 4.124020829796791 0.5535672754049301 0 685.5420869737864 10.2126392647624 0.9435124769806862 2.96569512784481 0.3114435523748398 49.4300429224968 356.010504424572 298.0242019817233 97.91238609701395 5.922647200524807 19.66457708179951 1306.823613531888 46.80531675368547 1.64900679141283 6.607741594314575 1.122032530605793 0.1447176933288574 0.3196218684315681 9.263899609446526 0.8530923277139664 24.04375360906124 8.617767430841923 31.11572360247374 10.22666065394878 1.686513289809227 0.450869545340538 0.666659027338028 0
96.69575601816177 16.11645386368036 10666.24149057269 14.45903886854649 0.182507798075676 10.79417912662029 1198.949950821698 208.9027499258518 53.25404744595289 47.76619654893875 53.64927566051483 2.297349840402603 1.331332288682461 244.2164586931467 0.4971398860216141 1393.471975974739 5682.076257035136 20.60203460603952 254.4665240496397 4.016090229153633 14388.21512445807 178.2078290805221 18848.15130545199 780.5901414453983 3.127059407532215 1078.631262846291 12459.69378151 2948.915325760841 184.5175994038582 8509.532380200922 0.8531100004911423 2.935022965073586 34.61527370661497 4260.276858590543 283.3435276076198 8553.558975562453 8487.280469588935 8238.501598864794 5100.180191889405 207.640261746943 18.53434506058693 6.513382390141487 24.75553608685732 1.816118679940701 19.35141602903605 634.575085952878 0 0 0.4970698654651642 31.80566664040089 3.561278581619263 7.024530477821827 0.4936990439891815 0.6210758984088898 0 2.181479245424271 4.185191914439201 0 1878.212576404214 12.98591490089893 0.5780829936265945 4.140874408185482 0.09284720569849014 205.8890747800469 362.4234388396144 1790.027818202972 135.8837615847588 0.2051934525370598 36.38165289163589 1541.94541747123 111.0111731812358 9.236759945750237 34.62104065716267 0.8793444484472275 0 0.8359622359275818 9.8143016025424 81.94411055743694 132.1939510405064 44.22892531007528 39.88591223955154 15.26515325903893 6.880335375666618 0 1.390001058578491 0.4743512570858002
52.89294975996017 1317.723937645555 254.7462355941534 2607.230262666941 4.050140500068665 204.0712066665292 1096.70341975987 574.4387374892831 4802.787642128766 594.9509432762861 17.59063320606947 1138.010557331145 40.01099783182144 273.4691761061549 950.3110455647111 2642.606007546186 154.5631946921349 6.355585172772408 20.58619346469641 610.444895580411 347.1410892903805 6337.680413044989 780.5901414453983 13793.35863428563 78.09914588928223 199.9503196552396 5294.087638646364 9630.377230912447 502.5732289999723 188.2597815021873 7.659139044582844 7.520171836018562 130.4144631922245 416.511916950345 48.78347694128752 1444.695667356253 97.73790095001459 901.5138064101338 395.6123704835773 571.4670403972268 46.98916406184435 7.936937168240547 9.565435089170933 74.81368687748909 15.73938246816397 81.35115907341242 168.6079674437642 0 47.07051034271717 880.9989974722266 123.2030836567283 1022.534233309329 371.0409971773624 9.693112440407276 133.8702430427074 4.568301647901535 146.5571451187134 11.58165194094181 317.4035833254457 13.90309903025627 3.761694721877575 9.90678334236145 148.8865189552307 314.8596565127373 233.4520392343402 140.1729357466102 2601.397483244538 1.300215534865856 35.56271070241928 183.0066219344735 2739.001752331853 207.1864358410239 360.3009986281395 1.296267688274384 4.552208118140697 19.30322267860174 56.84830426424742 18.46109583973885 454.5811001285911 27.41766709834337 202.310736708343 48.09139754623175 390.0009122937918 13.17765121161938 1.165616981685162 3.609200924634933
0.1317419111728668 1123.225378766656 2.196075581014156 0.08862766623497009 0 1.530869387090206 0.5654956251382828 0.6857382878661156 49.99211805313826 1.894677370786667 2184.285590164363 7.217909350991249 5732.378505341709 1.464699685573578 1.489894643425941 0.9584307819604874 7.323766693472862 131.3222848773003 62.14004848152399 0.8492785319685936 0.1098613068461418 286.4999836832285 3.127059407532215 78.09914588928223 1436.443122677505 1972.778705902398 5432.331584870815 5.424721695482731 6.217430755496025 0.5496294647455215 626.8980893567204 0.3790199458599091 0 772.5907924696803 3.405485048890114 148.6472475528717 771.9932389706373 691.8728197589517 165.5778415501118 15.56770221143961 14.63920541107655 984.5288690701127 4.241778284311295 0.3792364001274109 24.39530140906572 0.5886527895927429 0 0 0.2555748969316483 1.050912819802761 0.9571812450885773 0 2.475723400712013 147.5523725748062 0 889.2540539205074 0.3025508522987366 0 1.669887527823448 0.3575057685375214 39.1065631210804 3.715887255966663 0 1.051009207963943 0.130709245800972 1.886082984507084 0.2524399384856224 106.5452607870102 288.210668951273 394.5094909444451 2.927759282290936 2.597044087946415 0.1006691008806229 108.7899487912655 0.3866536989808083 0 4.84453783929348 4.32404650747776 152.5189403519034 137.3091998398304 81.04514285176992 6.131082192063332 42.54898610711098 14.59937459230423 24.772082939744 3.200652718544006
60.20763462781906 1242.78825493902 9379.221738956869 10.59524155408144 0.5573150366544724 34.95296007394791 365.246204726398 170.4316294714808 77.97879330068827 49.08618529886007 4016.385542221367 31.8342869579792 919.5251080915332 178.7249245867133 3.82021339982748 22.68082204461098 2660.036499366164 2109.183431863785 6063.56471400708 13.80389020591974 43.94192150980234 164.0902418792248 1078.631262846291 199.9503196552396 1972.778705902398 35671.31022836268 20298.89779425412 131.7283240407705 249.686783798039 242.2028714194894 729.2120616063476 18.99240437150002 9.82905999571085 2465.273369111121 61.44266797602177 3112.935870319605 7816.846591621637 3649.944712735713 1847.894360110164 40.25259467959404 10.25097227841616 175.3408692702651 10.065179862082 1.967357508838177 851.5625165775418 269.8215827345848 0.1107888221740723 0 0.4572815299034119 14.75004508346319 2.70290432870388 3.292874440550804 0.2943152710795403 214.2443763688207 0.1935148909687996 1446.088935874403 3.585051864385605 0 10.77199868857861 152.0614025518298 410.8296098038554 379.9776654168963 0.09505617618560791 8.949947386980057 7.481677271425724 20.24183458834887 13.02550707012415 620.4748180583119 4830.203542649746 4636.930375158787 14.01478660106659 4.423876829445362 17.1161472350359 537.8292255997658 0.7510455697774887 0.2446679100394249 65.51171868294477 25.52029284834862 114.3612687811255 729.4634889364243 153.5960201472044 26.59565059840679 1.788126967847347 0.8524381369352341 4.809210143983364 1.454197734594345
12.09553027153015 8189.067955933511 6928.250483483076 23.30842867493629 0.1403722167015076 8.231221236288548 198.3850672319531 31.52184965461493 911.130083091557 17.39661684632301 1123.605428904295 31.92489666491747 4738.437278456986 31.76248022913933 44.52973378449678 4963.650609880686 4791.368010468781 494.6217133626342 1486.536933615804 3.833216905593872 1255.42239625752 3824.037468194962 12459.69378151 5294.087638646364 5432.331584870815 20298.89779425412 39714.49881865829 2107.439317382872 61.19425674527884 130.6912671029568 1299.802841715515 2.926348656415939 6.305575460195541 3090.377220384777 158.0491352304816 6293.806910470128 4219.756510712206 5905.196160256863 3324.399101361632 141.8871027976274 10.44669992476702 31.41006371378899 19.45391665399075 3.816846504807472 2274.642199203372 3204.722951501608 0.09880401194095612 0 1.493066743016243 93.64461063593626 8.33351331949234 20.45354990661144 2.632325001060963 68.47141551226377 2.323786556720734 447.763502702117 8.193339616060257 0.2783894836902618 1459.047750234604 328.059475928545 157.9369666799903 426.2004158273339 0.1051913425326347 69.50799585133791 1349.883433364332 1383.140813603997 162.4719449877739 492.1020065695047 4827.395787976682 11791.72534111887 108.4399396106601 9.673326201736927 39.62264846265316 189.0289486646652 0.1330181360244751 1.525969371199608 136.9937800690532 84.1436453089118 325.9635811597109 850.9958891645074 363.7766176611185 81.04680317640305 8.627970352768898 0.3508460074663162 3.295260474085808 2.645805329084396
