621.7190944105387 0 19.11570757627487 0.7377999871969223 0.2658785730600357 22.66563257575035 1653.55235619843 715.4540650062263 3.201399847865105 6.837564706802368 4.477886334061623 0.07242676615715027 0.1695817336440086 4188.809527754784 0 0.3464900255203247 13.74347503483295 0.4670152738690376 3.952033318579197 0.4076408892869949 3.645855009555817 0 7.97471359372139 20.74836533516645 0 12.39106057584286 6.241179995238781 46.98188195377588 3557.341041073203 1227.8108972013 0.1353443413972855 9.703943684697151 122.3714286983013 410.318465963006 1.874905161559582 46.03520093113184 5.022444166243076 55.23576261103153 9.20336689800024 33.85449700057507 2.91933735460043 0 2.939471669495106 0.2514972388744354 0 0 0 0 0 3.320276193320751 0 0.7005726099014282 0 0 0 0 0.09093820303678513 0 0.2495697736740112 0 0 0 0 0.5069955289363861 0 0.4944999366998672 5.551252946257591 0 0 0.2623584941029549 10.19628238677979 0.2668693065643311 2.49313186109066 0 0 0 0 0 0.5645555853843689 0 0 0 0 0 0 0
0 221.9559116885066 3.989460214972496 0 0 0.1152301952242851 2.761303655803204 0 596.6180812567472 0.1143778637051582 144.9103838577867 0.5207773000001907 402.2442438453436 0 3.34013244509697 101.6578957140446 5.388297580182552 5.277690306305885 4.423900693655014 0 0.7884501367807388 2393.398054160178 3.524828240275383 649.8220044374466 941.8425993397832 87.14867972582579 2051.587376572192 8.979190617799759 0 0.08781451731920242 9.096123039722443 0.1143558770418167 0 34.67553230375051 0.2054431438446045 2.554829880595207 46.36894817650318 62.91843397915363 7.964211605489254 19.11614979058504 0.958636499941349 88.2309163287282 0 0 225.4422731995583 98.49846903979778 0 0 0 0.3099408820271492 0.4314344003796577 37.99325579404831 0.0957016795873642 4.114131398499012 0 20.0563730597496 0 1.323402494192123 21.08892316371202 0.9105996116995811 1.432761959731579 0.4069710969924927 0 0.6527707129716873 178.6275214999914 6.920770570635796 14.69533133506775 111.0313867405057 135.1880233511329 1373.107378646731 1.229408442974091 0 0.1851528733968735 2.94076757133007 0 0 0.7798063531517982 0 3.468895010650158 7.685503326356411 5.288964092731476 1.430443629622459 2.459525763988495 0 2.262730076909065 0
19.11570757627487 3.989460214972496 5766.496240831912 0.1058606058359146 0 63.68077393248677 1088.355010211468 193.932757280767 15.42853487282991 11.72972810268402 13.65073852986097 0.505878284573555 1.093749433755875 79.13738175109029 0.3089759051799774 11.0000100210309 1000.454704478383 8.39770832657814 190.7466088719666 0.124585248529911 377.4335226267576 2.148629531264305 5041.866233885288 40.83863847702742 0.2735763639211655 6834.767969742417 6683.425690114498 277.4714995026588 42.94371821731329 1102.439058214426 0.5895670652389526 3.64886936545372 4.046734109520912 476.2824228964746 2.668723821640015 521.1973627880216 5113.694962911308 963.2957797273993 203.4581750780344 77.71153266727924 4.489595137536526 2.105050519108772 3.41588194668293 2.0304781422019 61.80311448872089 69.78109288215637 0 0 0 8.528191931545734 0.5413381531834602 5.846898831427097 0 0 0 0.286374494433403 1.056805044412613 0 10.4163548797369 1.254896581172943 0.08725757151842117 0.3364367485046387 0 2.699981741607189 18.95674298703671 0.8908123373985291 30.64565186202526 0.7736330181360245 11.49767579883337 670.2509850561619 19.71119402348995 1.33696461468935 3.979115627706051 0 0 0 0.2269282341003418 0 1.903777688741684 1.960013642907143 0.6507766917347908 0.377436637878418 0.2022603154182434 0 0 0
0.7377999871969223 0 0.1058606058359146 1739.834477454424 0.5424553900957108 60.31658254563808 27.23083632439375 21.98285122215748 823.3224780708551 2158.355967998505 1.708431139588356 1782.182816326618 0 14.96270058304071 16.61256424337626 0.1545492857694626 0.08561606705188751 0.3146631494164467 0.07640466839075089 1762.434953033924 0 0.4456332623958588 0.6703189983963966 1134.794877812266 0.09739913791418076 0.6706518009305 3.420830771327019 2727.852029643953 41.44674744457006 0.2788263112306595 0 1.923672705888748 1.38131183385849 30.03773259371519 2.926179602742195 177.8826353698969 0.6736155524849892 40.00621119886637 10.82969035953283 248.3170076608658 5.898375794291496 0 9.569557584822178 0 0 0 72.07734470814466 0 4.662432342767715 20.0703091993928 7.254062965512276 52.54591592401266 100.1367478743196 0.2465668469667435 12.61104540526867 0 2.730785250663757 0.2371113151311874 0.6488916873931885 0 0 0 51.98611275851727 0.1954854279756546 0 0 98.75336971133947 0 0 0 120.7988933771849 3.382084108889103 0.20036481320858 0 0.967191755771637 0 0.8319717049598694 0 11.46393729746342 0 0.681386686861515 0.2167233228683472 22.53197592496872 0.5292589664459229 0 0
0.2658785730600357 0 0 0.5424553900957108 32.96107478439808 490.3459725677967 0.452461451292038 12.8776563256979 23.43521046638489 4.730728603899479 3.047543957829475 45.91884584724903 0 1.49539577960968 776.5532646030188 0 0.0897216871380806 0 0 1.192219600081444 0 0 0 1.726649090647697 0 0 0 0.7641621083021164 3.986682131886482 0 0 440.7709746062756 0 29.67399469017982 0 0 0 18.49887754023075 1.160478852689266 848.3860377818346 4.356891274452209 0 0 0 0 0 0 0 0 0 0 0 0 0 0 0 0 0 0 0 0 0 0 0 0 0 0 0 0 0 0 0 0 0 0 0 0 0 0 0 0 0 0 0 0 0
22.66563257575035 0.1152301952242851 63.68077393248677 60.31658254563808 490.3459725677967 7545.984925147146 2221.709916558117 3021.049261182547 86.30700478702784 4872.333372954279 95.09154864028096 2258.122573066503 3.363201625645161 435.6239425390959 942.1750044003129 0.1938328817486763 33.93380793556571 5.130370706319809 13.59661549702287 189.9054191038013 4.261926397681236 0 31.37702340632677 210.4523326829076 1.719973728060722 45.41974090412259 46.22217993438244 898.1420447304845 371.0905513428152 123.1178943477571 1.764979109168053 549.548337213695 5.459622502326965 580.5803012512624 3.699784129858017 109.3010443374515 19.68052786961198 133.5733575001359 19.28194861486554 2566.455351788551 156.0832845419645 2.007091760635376 8.522942401468754 0 0 0 10.52486004680395 0 1.414342395961285 31.38566736131907 5.151254415512085 30.86080330610275 40.71617136895657 0.1664972454309464 5.995544224977493 0.8742280229926109 1.467031747102737 1.484710074961185 0 0 0 0 13.1233327165246 0.2999960631132126 0 0 107.358643040061 0.08125007152557373 0 1.344654716551304 64.5854265242815 3.956781812012196 0.8641938418149948 0 0 0 1.244730994105339 0.3039872646331787 14.47482018172741 0 0.4968772083520889 0 29.17638851702213 0 0 0
1653.55235619843 2.761303655803204 1088.355010211468 27.23083632439375 0.452461451292038 2221.709916558117 12754.5813357681 4008.951684746891 516.9879872873425 3644.177718859166 42.44921283423901 45.03355536609888 3.950456641614437 3228.780933510512 4.363904491066933 10.45099127292633 210.5762292817235 4.446383394300938 46.83126786351204 8.651866421103477 237.2501597777009 7.468585066497326 986.5798769369721 2029.873885892332 0.7311255037784576 310.9515757970512 833.9364253021777 11918.70150233805 1416.00359704718 3515.423624649644 0.8152560442686081 54.76084426417947 73.17492753267288 876.1286229044199 48.89291304349899 1600.791458338499 255.9189191311598 936.6820950694382 271.1961991563439 1316.850331880152 117.9583869203925 4.054684519767761 99.40223202109337 3.779236145317554 0.1738984286785126 6.16049974411726 12.92358395457268 0 5.632809728384018 288.6566592380404 28.80080827325583 65.95216893404722 57.38377846032381 0.454015888273716 5.769681341946125 0.07712166011333466 11.18224192410707 0.5910437107086182 5.309340931475163 0.1795230135321617 0 0.3852939605712891 30.49242779612541 7.128718852996826 0.9253383427858353 4.769463062286377 550.9593899026513 0.1971456110477448 0.4659445509314537 14.99575593322515 413.9320974573493 20.2493042498827 41.96595261245966 0 0.757304385304451 0.2971823289990425 8.940508052706718 4.772072650492191 55.84765151888132 1.061918377876282 6.279944963753223 1.308569625020027 76.67693129181862 2.426983900368214 0.6252795457839966 0.2161345928907394
715.4540650062263 0 193.932757280767 21.98285122215748 12.8776563256979 3021.049261182547 4008.951684746891 7398.165550887585 11.81533256918192 1740.41002125293 35.50028183311224 383.2170502394438 1.33558501303196 4382.543168887496 35.08248188346624 1.184801995754242 131.4665561951697 2.260912511497736 47.20083318278193 51.44521484896541 17.97385932505131 0 61.1280150488019 154.2703510671854 0.3912924379110336 122.4696064591408 97.56035067886114 273.2317204400897 697.1874159276485 1115.9243427068 0.7170324623584747 111.9653020352125 14.87967271357775 639.4870697855949 2.900249004364014 74.72414069622755 44.54199717193842 147.124679479748 39.31196997314692 458.9674404151738 115.1285127624869 0.4908909723162651 4.410864569246769 0.7715117633342743 0 0 0.1954292729496956 0 0 32.77255956828594 2.485470943152905 2.767779469490051 1.896647594869137 0.07585103064775467 0.2396451532840729 0.2445880994200706 0.61122727394104 0 0.3626461923122406 0 0 0 0.2046289294958115 0.4430442228913307 0 0.2481159865856171 65.1846724152565 0 0.06369808316230774 0.1054468750953674 46.98116970807314 0.6740091443061829 2.646375752985477 0 0 0.6504809856414795 0 0.3337820768356323 2.889578141272068 0.5907807648181915 0.7874643579125404 0.3766562342643738 5.706333696842194 0.2565741240978241 0 0
3.201399847865105 596.6180812567472 15.42853487282991 823.3224780708551 23.43521046638489 86.30700478702784 516.9879872873425 11.81533256918192 858.9960983172059 767.2734559848905 35.8235937282443 153.2079244554043 65.10547302663326 3.144163280725479 282.9885257035494 7.555440284311771 2.977443166077137 0.7098432779312134 0.4818954989314079 655.738650560379 5.839452460408211 1421.117614306509 19.41557615250349 5834.494023501873 209.5557866469026 11.51468426734209 552.4121554642916 1539.700156733394 26.16201668232679 57.10192966088653 2.936114728450775 0.2386173903942108 6.098458267748356 20.89062607288361 2.090228132903576 85.90733739733696 13.07928068190813 45.18406166881323 15.573397397995 392.7676447927952 1.829694285988808 7.899959109723568 2.746364191174507 0.8097482398152351 11.60198673605919 0.9775247871875763 36.90261440724134 0 7.050766751170158 41.29328055679798 7.875026553869247 62.54378670454025 161.9282836616039 0.3355483561754227 21.13290173560381 1.073061987757683 5.750260926783085 0.2736006826162338 59.01706811785698 0 0 0 91.72248056530952 55.22449278831482 96.58037003129721 4.689922146499157 632.7890671491623 2.90585570037365 1.151610121130943 56.27477648109198 282.5377813577652 6.493308857083321 11.0079904794693 0 0 0 2.025279805064201 0.8617137968540192 6.251822896301746 0.5255614072084427 1.294249318540096 0.09579961746931076 17.71120403707027 0.2317587733268738 0.09884326159954071 0
6.837564706802368 0.1143778637051582 11.72972810268402 2158.355967998505 4.730728603899479 4872.333372954279 3644.177718859166 1740.41002125293 767.2734559848905 14665.85920253769 69.27358167991042 2743.861731782556 2.645395874977112 837.2764332070947 86.37877412885427 0.1547455340623856 2.754523307085037 7.603699915111065 5.486669234931469 3328.602681800723 0.6486747562885284 0 9.626249447464943 712.7409525811672 1.256950423121452 16.68026806041598 18.01196023076773 4322.797826945782 750.8833560161293 14.07832917943597 1.587620750069618 83.95696501433849 5.25749484449625 607.678858526051 10.79423654824495 764.8500298038125 10.52995675057173 563.4494450092316 62.16314990445971 2174.499986544251 137.7371431663632 3.285424567759037 105.5682807788253 0 0.1576618403196335 0 52.54139914363623 0 7.006455853581429 52.66616027057171 10.30596767365932 99.57330424338579 155.5276332199574 0.4645360708236694 32.04617419093847 0.4196195602416992 1.766621559858322 0.927345335483551 0 0 0.234845831990242 0 86.2392762452364 1.09982630610466 0 0.1970019489526749 213.5290498062968 0 0 0.3763054236769676 192.0860323235393 5.05075204372406 1.644314296543598 0 0 0 0.8937287926673889 0.7865074276924133 20.20632866024971 0.2858857661485672 1.442608401179314 0 66.5504133105278 0.2790887951850891 0.2839762717485428 0
4.477886334061623 144.9103838577867 13.65073852986097 1.708431139588356 3.047543957829475 95.09154864028096 42.44921283423901 35.50028183311224 35.8235937282443 69.27358167991042 4853.597760587931 20.45117122679949 1249.293733380735 26.12457904592156 0.7642543464899063 0.4377121403813362 62.14162860438228 930.4901451840997 1606.115371305496 4.85569329932332 4.609255157411098 59.63365411758423 12.10599763691425 15.80685029178858 1505.99442088604 1739.57212086767 1108.47217958048 15.84602100774646 76.54170443490148 18.76498853415251 612.3276111409068 67.90327383577824 1.116870410740376 5978.11780340597 16.29152008891106 383.7378642447293 2874.578105967492 5853.671966888011 1350.875420473516 350.549811270088 101.0757127255201 882.8666294962168 13.42034438252449 0 9.338412597775459 0.4923060387372971 0 0 0 0.262882798910141 0 0.6672644913196564 0.1459988653659821 867.601182885468 0 1586.950119748712 0 0 0.09605501592159271 0.6268204748630524 74.35460687428713 2.657120905816555 0 0 1.653921276330948 0 2.791159056127071 387.0251709967852 276.8941350206733 275.1756964474916 0.5012499392032623 0 0.08033705502748489 189.1222345679998 0 0 12.24170589447021 0.311743900179863 9.681022703647614 134.0622135922313 17.9403520449996 1.260123454034328 0 0 202.0789002105594 0
0.07242676615715027 0.5207773000001907 0.505878284573555 1782.182816326618 45.91884584724903 2258.122573066503 45.03355536609888 383.2170502394438 153.2079244554043 2743.861731782556 20.45117122679949 5818.626578710973 0.7464995011687279 78.52350974828005 868.2017776370049 0 0.08671841025352478 1.374278411269188 1.479932855814695 4800.22006072849 0 0.6337319314479828 0 252.5780098959804 0.1803089082241058 3.401918072253466 0.7981170490384102 718.0412415489554 131.4076406359673 0.9928696006536484 0.2186884060502052 29.03581644967198 0 124.6315351873636 2.193279281258583 221.6026959940791 0.9633164703845978 71.41462039202452 5.119686268270016 2348.275648832321 25.49057196825743 0.2091127038002014 8.705652676522732 0 0 0 11.42942796647549 0 2.190532371401787 3.38343258202076 2.416668802499771 11.02968718856573 37.99663577228785 0.0980440229177475 44.7002577111125 0.1711878329515457 0.1698720157146454 0 0 0 0 0 21.82874799519777 0.1443175077438354 0 0 18.9834316521883 0 0 0.08973237127065659 31.67819834500551 0.1473937481641769 0.2580032050609589 0 0.1366188079118729 0 0.09985624998807907 0.7384892255067825 6.723272748291492 0.1211448833346367 0.1084640994668007 0 17.90283210575581 0 0 0
0.1695817336440086 402.2442438453436 1.093749433755875 0 0 3.363201625645161 3.950456641614437 1.33558501303196 65.10547302663326 2.645395874977112 1249.293733380735 0.7464995011687279 4068.123106949031 0.569823645055294 0.962083712220192 0.6515924111008644 2.040079310536385 8.761195257306099 7.687806457281113 0.221617192029953 0.3967758417129517 99.62239899486303 1.038799032568932 20.19296019524336 4404.35249684006 168.5584769323468 2664.324473910034 5.412973456084728 1.803249917924404 4.020051226019859 547.386843547225 1.11812587082386 0 440.9199109151959 73.05808585137129 823.9846368953586 1320.954516634345 1005.902378737926 269.1331307813525 70.8628421574831 76.66628838330507 445.7305547073483 18.84704466164112 0 16.28419002145529 0.3648166358470917 0 0 0 0.2420612648129463 0 0.2749833986163139 0 437.8048604428768 0 669.7416100427508 0.08306749910116196 0 0 0.2421829923987389 42.93982804566622 1.226441733539104 0 0.07464798539876938 1.026402413845062 0 0.1638567745685577 272.4987102970481 172.2589801922441 207.9281246513128 0 0 0 107.5698246210814 0.5730405449867249 0 18.23224122822285 6.665067061781883 256.2362051308155 103.8498886972666 44.38283460587263 11.92713288217783 12.40531063079834 33.3913327306509 136.7672473043203 14.64927792549133
4188.809527754784 0 79.13738175109029 14.96270058304071 1.49539577960968 435.6239425390959 3228.780933510512 4382.543168887496 3.144163280725479 837.2764332070947 26.12457904592156 78.52350974828005 0.569823645055294 5150.388763610274 0.5531164109706879 0.5197394415736198 59.83937583118677 1.647423475980759 20.45780521258712 22.16509765386581 7.565354242920876 0 20.72575372084975 26.84434271976352 1.300766661763191 58.9577124491334 40.03816811740398 125.1013477295637 2866.790954276919 1232.404592748731 0.5208985731005669 69.1299117654562 44.57014289498329 688.9339786022902 1.93835011869669 51.05091447755694 19.28592865541577 146.9472929313779 26.3982486538589 334.0278349891305 158.9667123369873 0.6593612059950829 6.565841749310493 0 0 0.09128176420927048 0.3339524865150452 0 0 7.965205699205399 0.6664725840091705 1.235771454870701 0.1522031277418137 0.075967937707901 0 0.1114043369889259 0 0 0.1976817324757576 0 0 0.08954396098852158 0 0.8470702469348907 0 0 12.62305080145597 0 0 0.4507898017764091 12.0485518425703 0.1865912228822708 2.728253185749054 0.1767367720603943 0.2675894200801849 0 0 0.6176717355847359 1.303136140108109 0 0.349866658449173 0.1496472805738449 0 0 0 0
0 3.34013244509697 0.3089759051799774 16.61256424337626 776.5532646030188 942.1750044003129 4.363904491066933 35.08248188346624 282.9885257035494 86.37877412885427 0.7642543464899063 868.2017776370049 0.962083712220192 0.5531164109706879 414.2947443425655 0 0 0 0 180.4304612800479 0 9.015621468424797 0.1639946401119232 87.12777553498745 1.497922077775002 0 5.84073381125927 20.99416086822748 0.6217372715473175 0 0 142.0919232815504 0.2561482489109039 1.0152927339077 0 1.317032262682915 2.225128710269928 6.007953189313412 0.1823232918977737 917.8126274198294 14.60640136897564 1.402024924755096 0 0 0 0 0 0 0 0 0 0 0 0 1.274030596017838 0 0 0 0 0 0 0 0.09504826366901398 0 0 0 0.219601646065712 0 0 0.2883452177047729 0.3154270946979523 0 0 0 0 0 0 0 0 0 0 0 0 0 0 0
0.3464900255203247 101.6578957140446 11.0000100210309 0.1545492857694626 0 0.1938328817486763 10.45099127292633 1.184801995754242 7.555440284311771 0.1547455340623856 0.4377121403813362 0 0.6515924111008644 0.5197394415736198 0 2118.518146306276 21.08612854778767 0.09544169902801514 2.436918586492538 0 1395.404253214598 721.5552981942892 7433.484299771488 1036.716584637761 3.627683080732822 5.93973758071661 3603.443675234914 505.4676045849919 0.3623244762420654 30.51200491935015 0 0 0.1239517256617546 94.40083230286837 12.89811944961548 1829.40651037544 816.1458799168468 268.6583709195256 576.5824742093682 70.189303599298 2.149325765669346 0.859253041446209 14.20686925947666 1.715147398412228 3.476225763559341 12.56380592286587 0 0 0 7.263762205839157 0.4049793034791946 36.92139881104231 0.7177894413471222 0 0 0 0.8136806637048721 0 2682.459346927702 0.1694231182336807 0 0.4335338920354843 0 371.9153429046273 876.9981080666184 414.6827110946178 293.8666626736522 0 1.005313232541084 527.999440126121 109.2329030781984 8.383761800825596 36.36852755397558 0 0 1.083151966333389 0.4143148958683014 0.532126247882843 11.5629807561636 1.973965793848038 1.095071405172348 1.481676653027534 0 0 0 0
13.74347503483295 5.388297580182552 1000.454704478383 0.08561606705188751 0.0897216871380806 33.93380793556571 210.5762292817235 131.4665561951697 2.977443166077137 2.754523307085037 62.14162860438228 0.08671841025352478 2.040079310536385 59.83937583118677 0 21.08612854778767 1392.876868955791 30.94599021226168 2355.455639552325 0.1179926246404648 441.0827093198895 2.787939138710499 3453.589561752975 29.3584606423974 2.568109065294266 1969.131141703576 3510.049386650324 36.27697738260031 40.03619399666786 839.058442465961 1.028940044343472 1.325724638998508 3.268215484917164 1053.812502123415 2.227936759591103 284.776112921536 1953.484490551054 1098.07923206687 212.3364726603031 45.53513786941767 2.782965019345284 3.377078652381897 1.426209710538387 0 2.121397346258163 6.05629089474678 0 0 0 1.88042526692152 0 0 0 0 0 0.1169511750340462 0.1830358952283859 0 0.347407266497612 0.250115841627121 0.09735822677612305 0 0 0 2.768849276006222 0.4417973011732101 1.820260420441628 0.9451110512018204 4.544810362160206 39.09443990886211 2.678604066371918 0.1358081102371216 0.4692275449633598 0 0 0 0 0 0.6825489774346352 0 0.07962308824062347 0 0.8093255162239075 0 0 0
0.4670152738690376 5.277690306305885 8.39770832657814 0.3146631494164467 0 5.130370706319809 4.446383394300938 2.260912511497736 0.7098432779312134 7.603699915111065 930.4901451840997 1.374278411269188 8.761195257306099 1.647423475980759 0 0.09544169902801514 30.94599021226168 60.10504385083914 1185.972731545568 0.8115525245666504 1.633640058338642 0.9876468330621719 5.951655872166157 0.7303240597248077 16.08645158261061 982.7675906345248 289.2162124738097 2.281415693461895 7.275176074355841 2.69224251806736 17.93207452446222 3.006586454808712 0 597.7064971700311 0.7365751191973686 90.44876204058528 264.6565647609532 1397.02826937288 210.9846736527979 25.81418112665415 3.827242761850357 4.242176346480846 0.4074258655309677 0 1.592669554054737 0.8798785209655762 0 0 0 0 0 0 0 17.36200525611639 0 23.50714902579784 0 0 0 0.3203404471278191 9.767357274889946 0.2796483933925629 0 0 0.8075250387191772 0 0.1597722545266151 5.710003450512886 53.12828191369772 54.42080724239349 0.2578315436840057 0 0 10.66829884797335 0 0 0.4206923171877861 0 0.5629976391792297 2.328824117779732 0.4105365574359894 0 0 0 0 0
3.952033318579197 4.423900693655014 190.7466088719666 0.07640466839075089 0 13.59661549702287 46.83126786351204 47.20083318278193 0.4818954989314079 5.486669234931469 1606.115371305496 1.479932855814695 7.687806457281113 20.45780521258712 0 2.436918586492538 2355.455639552325 1185.972731545568 1942.42015914619 0.2230671271681786 54.02005661278963 0.8022237792611122 306.1050457209349 2.886450462043285 15.80174430459738 5038.654920019209 1678.404502246529 8.984142653644085 20.56242780014873 91.14293597638607 3.244902342557907 2.039614900946617 0.8097025826573372 1540.46178521961 2.442131415009499 459.2590519376099 483.6917160376906 3442.960011333227 446.4349701739848 59.11245065554976 3.160291746258736 1.930947810411453 1.542997568845749 0 2.892895445227623 1.924131572246552 0 0 0 0.5071315914392471 0 0 0 3.051950111985207 0 5.706270813941956 0 0 0.4079001247882843 0.2382612302899361 2.513127624988556 0.4954253360629082 0 0 0.4537305161356926 0 0.9307522848248482 6.871110655367374 56.10433708131313 89.09005988389254 0.6740662381052971 0 0 1.030344136059284 0 0 0.1995884850621223 0.2184988483786583 0.08626078069210052 1.100735828280449 1.188691399991512 0.5768861696124077 0 0 0.09909029304981232 0
0.4076408892869949 0 0.124585248529911 1762.434953033924 1.192219600081444 189.9054191038013 8.651866421103477 51.44521484896541 655.738650560379 3328.602681800723 4.85569329932332 4800.22006072849 0.221617192029953 22.16509765386581 180.4304612800479 0 0.1179926246404648 0.8115525245666504 0.2230671271681786 399.768732689321 0 0 0 633.8204740062356 0 0.8214901611208916 1.563381060957909 3014.148498393595 45.29826464504004 0.6040765643119812 0 4.001808926463127 1.230675518512726 36.79850574582815 2.282314106822014 204.0537823438644 0.7790088281035423 40.25094395875931 7.502634115517139 910.1756863668561 9.426491737365723 0 6.752376869320869 0 0 0.1852485537528992 52.0445439890027 0 2.600693359971046 16.35076574236155 5.575630724430084 39.37604596465826 69.57639493793249 0.3175332695245743 24.47792886942625 0 1.142681419849396 0.08788084238767624 0.3957360982894897 0 0 0 42.00495959073305 0 0 0.4674057364463806 82.10213502496481 0 0 0 76.27198075503111 1.058444544672966 0.1039628386497498 0.0676766037940979 0 0 0 0.7432899698615074 7.554410517215729 0.1538061201572418 0.3597593978047371 0.2172644063830376 32.22796981781721 0.4442495107650757 0 0
3.645855009555817 0.7884501367807388 377.4335226267576 0 0 4.261926397681236 237.2501597777009 17.97385932505131 5.839452460408211 0.6486747562885284 4.609255157411098 0 0.3967758417129517 7.565354242920876 0 1395.404253214598 441.0827093198895 1.633640058338642 54.02005661278963 0 9029.862090937793 50.32061392068863 10510.90313827991 514.8627242445946 0.4419312179088593 57.78592810034752 1072.072320617735 2255.323100633919 8.995166324079037 4263.228400453925 0.08226216584444046 0.8759661838412285 1.276610769331455 1754.350588843226 87.42320097237825 5666.498316645622 505.2032798230648 2753.074572175741 3058.80680219084 193.1990091130137 14.72617524117231 4.771506369113922 58.47228641808033 2.779639035463333 0.4511381983757019 1.4414127394557 0 0 0 17.97630766779184 0.1080959513783455 14.91777091473341 0.7339692562818527 0.1338789314031601 0 0.1638409197330475 2.80295442789793 0 307.3223983198404 0 0 0 0 289.0524852573872 38.53531059622765 28.68071497231722 218.5529404804111 0 0 17.58342856913805 147.9334783628583 17.59547446668148 72.89354813843966 0 0 0.4562998712062836 0.3365123867988586 5.59038820117712 6.044476948678493 0 1.507238440215588 0.09593487530946732 1.3653344810009 0 0 0
0 2393.398054160178 2.148629531264305 0.4456332623958588 0 0 7.468585066497326 0 1421.117614306509 0 59.63365411758423 0.6337319314479828 99.62239899486303 0 9.015621468424797 721.5552981942892 2.787939138710499 0.9876468330621719 0.8022237792611122 0 50.32061392068863 1687.928218752146 16.45233753323555 4335.059881739318 382.5447217822075 14.41506977379322 1197.012834623456 95.94396781921387 1.197665572166443 4.357386112213135 4.329191021621227 0 0 14.74345710873604 0 6.272654809057713 21.35687790066004 27.19460690766573 5.782861411571503 29.71330437809229 0.5429221391677856 24.07628419995308 0 0 554.9171172678471 44.18492007255554 0 0 0 2.213261760771275 0 58.39125746488571 0.2227828651666641 11.06613021343946 0 35.81370762735605 0.09920860081911087 0 1927.181756153703 0.3508842512965202 0.1028781905770302 0.3865130245685577 0.4954291135072708 75.57947282493114 935.0128876268864 314.785034134984 171.4601046964526 299.7407634556293 9.802920617163181 1558.493819385767 35.55418786406517 0.4457079768180847 3.812482781708241 3.06190587580204 0.2557734251022339 0 1.982024163007736 0 7.18155537545681 5.312134087085724 2.820766761898994 1.285916276276112 0.1149379536509514 0 3.911187216639519 0
7.97471359372139 3.524828240275383 5041.866233885288 0.6703189983963966 0 31.37702340632677 986.5798769369721 61.1280150488019 19.41557615250349 9.626249447464943 12.10599763691425 0 1.038799032568932 20.72575372084975 0.1639946401119232 7433.484299771488 3453.589561752975 5.951655872166157 306.1050457209349 0 10510.90313827991 16.45233753323555 10883.38278074563 700.054939031601 2.788518376648426 1532.523160368204 10435.737536937 3008.788564294577 22.27507136762142 3834.636409811676 0 1.995270930230618 4.972334362566471 1710.582548551261 53.4845859259367 5924.651556618512 5997.759778097272 4448.370367977768 4503.10879740119 491.2485013306141 21.80186121165752 11.82106266915798 81.09759926795959 1.240910261869431 2.267044335603714 1.481875330209732 0 0 0.8856013864278793 16.92191155254841 0.640884056687355 6.561604201793671 0.2254651188850403 0 0 0 0.998359352350235 0 317.7567032426596 0.1673140674829483 0.121439591050148 0.1156636998057365 0 14.54266394674778 96.44585642963648 41.49988827854395 72.61287073791027 0.1000884026288986 0.3773098587989807 190.5101307332516 50.44973354786634 4.493457339704037 12.67357487231493 0 0 0 0.3547638133168221 1.716393522918224 4.058839537203312 0.6116204261779785 1.055456802248955 0.08462471514940262 2.781825639307499 0 0 0
20.74836533516645 649.8220044374466 40.83863847702742 1134.794877812266 1.726649090647697 210.4523326829076 2029.873885892332 154.2703510671854 5834.494023501873 712.7409525811672 15.80685029178858 252.5780098959804 20.19296019524336 26.84434271976352 87.12777553498745 1036.716584637761 29.3584606423974 0.7303240597248077 2.886450462043285 633.8204740062356 514.8627242445946 4335.059881739318 700.054939031601 3027.191492773592 71.95769614726305 17.33334356546402 2942.684874139726 7520.556356702 163.6021074280143 118.1889916062355 1.224021084606647 3.361044764518738 23.58792448788881 166.7606490328908 23.43808112293482 1321.558004543185 110.7880004346371 278.11708881706 163.3369161784649 913.8262864723802 19.72895929217339 3.433590091764927 27.02156607061625 38.17640620470047 8.32249166816473 17.3515180721879 56.90706925839186 0 21.32695409655571 690.9993833526969 66.78178931772709 748.0838164836168 164.3465758562088 1.470488786697388 34.68702096492052 0.9525654464960098 41.26075375080109 1.988477110862732 446.2440171018243 2.190615959465504 0.5129813402891159 0.6788528189063072 89.20267106592655 563.2709470391273 163.3144927769899 64.50139264762402 3027.929458416998 0.5881426557898521 3.295481733977795 123.6893605962396 2024.899430178106 101.0797718390822 392.9540609493852 0 3.011239618062973 2.75044347345829 25.07432851195335 2.60788431763649 103.3248123079538 3.788812950253487 23.02092829346657 4.581088349223137 134.6977037638426 6.409563161432743 0.9464226141571999 0.8902431726455688
0 941.8425993397832 0.2735763639211655 0.09739913791418076 0 1.719973728060722 0.7311255037784576 0.3912924379110336 209.5557866469026 1.256950423121452 1505.99442088604 0.1803089082241058 4404.35249684006 1.300766661763191 1.497922077775002 3.627683080732822 2.568109065294266 16.08645158261061 15.80174430459738 0 0.4419312179088593 382.5447217822075 2.788518376648426 71.95769614726305 438.2153364792466 356.3882964923978 3090.960930764675 1.071887992322445 1.747694954276085 0.09829913824796677 389.5420823022723 1.148419335484505 0 559.7447913512588 8.613849319517612 87.25360054522753 391.2557545229793 608.5309240818024 77.89112479239702 14.90195643901825 16.03311596810818 520.7324215620756 8.063841938972473 0 112.6150275021791 3.056204549968243 0 0 0 0.1157372891902924 0 2.469325587153435 0 400.8247860595584 0 1430.309376873076 0 0 0.2698737978935242 1.395572550594807 33.78959661722183 3.492010891437531 0 0 8.051782846450806 0.3971981853246689 1.445512294769287 218.3469610512257 387.9154705777764 1130.986741520464 0 0 0 116.2263502106071 0 0 26.56236028671265 0.1422159075737 15.91889495402575 57.74442159384489 28.16068913042545 4.617250375449657 0 0 50.7307311296463 0
12.39106057584286 87.14867972582579 6834.767969742417 0.6706518009305 0 45.41974090412259 310.9515757970512 122.4696064591408 11.51468426734209 16.68026806041598 1739.57212086767 3.401918072253466 168.5584769323468 58.9577124491334 0 5.93973758071661 1969.131141703576 982.7675906345248 5038.654920019209 0.8214901611208916 57.78592810034752 14.41506977379322 1532.523160368204 17.33334356546402 356.3882964923978 24055.52916520089 12423.09680728614 38.75969181954861 43.33238661661744 232.6612688936293 280.6722768247128 6.610509645193815 2.979427091777325 770.2539487853646 7.697125852108002 1746.003781918436 4955.024914205074 4783.588167972863 1004.296709395945 224.0832123756409 11.69394060224295 55.40293338894844 7.7415871322155 0 152.2645622342825 26.36306934058666 0 0 0 1.832054629921913 0.196816548705101 2.437674820423126 0 199.1333505511284 0.1064723581075668 468.2713930383325 0.2321067377924919 0 5.034196764230728 7.736087806522846 159.8598125502467 22.63595156371593 0.1178420558571815 0.07937824726104736 13.21483803540468 0.6744299754500389 11.05240481346846 267.0874211788177 1579.30493003875 2034.44271055609 3.593285143375397 0 1.330579087138176 160.7460943460464 0 0 6.753683179616928 0.4921550750732422 15.96151330322027 39.49077846854925 27.92584396153688 11.76693466305733 0.8754308298230171 0 2.138792924582958 0.4172883331775665
6.241179995238781 2051.587376572192 6683.425690114498 3.420830771327019 0 46.22217993438244 833.9364253021777 97.56035067886114 552.4121554642916 18.01196023076773 1108.47217958048 0.7981170490384102 2664.324473910034 40.03816811740398 5.84073381125927 3603.443675234914 3510.049386650324 289.2162124738097 1678.404502246529 1.563381060957909 1072.072320617735 1197.012834623456 10435.737536937 2942.684874139726 3090.960930764675 12423.09680728614 34517.47895585746 1749.09280911833 28.87917415052652 236.1670663803816 511.8175159618258 3.3623958081007 2.229917116463184 2037.758080758154 27.38997265696526 3486.615389510989 4079.224382862449 6779.862197622657 1289.998624995351 595.7090947143734 8.745427958667278 42.88115385919809 25.86066314578056 0.9093652665615082 1485.586555808783 762.6400073617697 0 0 0.7880529314279556 33.93891776353121 3.986113555729389 48.38285159319639 1.911574520170689 221.7542028352618 0 549.3539214283228 2.240912564098835 0.1319681257009506 638.7303973510861 25.47069147974253 174.5663161873817 47.88604635745287 0 25.3121003061533 923.0389252230525 280.0827461108565 139.7299114987254 831.4232485070825 3414.725178457797 13548.57942967862 67.5303156003356 1.715202353894711 11.06501277536154 161.4847010299563 0.08179164677858353 0 18.02097243070602 3.357509896159172 61.62844910472631 102.2885596305132 75.66646356880665 32.47580840438604 3.453880056738853 0.1619596779346466 6.610985204577446 0.3521803990006447
46.98188195377588 8.979190617799759 277.4714995026588 2727.852029643953 0.7641621083021164 898.1420447304845 11918.70150233805 273.2317204400897 1539.700156733394 4322.797826945782 15.84602100774646 718.0412415489554 5.412973456084728 125.1013477295637 20.99416086822748 505.4676045849919 36.27697738260031 2.281415693461895 8.984142653644085 3014.148498393595 2255.323100633919 95.94396781921387 3008.788564294577 7520.556356702 1.071887992322445 38.75969181954861 1749.09280911833 10146.64733089507 474.4790249019861 5554.545735642314 0.1875187829136848 14.23262994736433 49.94873773306608 563.786513954401 60.97519322484732 2887.983060836792 159.7369183525443 828.6952443867922 501.147457882762 982.3210516273975 63.50650879740715 6.120607934892178 76.71199131011963 22.13866195827723 2.101534985005856 13.65077265352011 71.60471969097853 0 26.55026116222143 645.4845701605082 53.99025116115808 280.0616101026535 190.7752283066511 1.900088414549828 37.36960076540709 0.4463128075003624 36.73109101504087 0.6102406159043312 131.1184635013342 2.049851074814796 0.2860361784696579 0.6216504648327827 120.5186044946313 260.2873103991151 26.29700669646263 29.53159589320421 1848.743141412735 0 0.721495047211647 37.75116745382547 1577.779495365918 79.28293730318546 300.0642284154892 0.07567303627729416 0.9449201598763466 1.513076022267342 13.3987532556057 6.836600780487061 100.7482587322593 2.245531246066093 16.98178227990866 4.221226759254932 130.1974774971604 6.73436015099287 0 2.262331016361713
3557.341041073203 0 42.94371821731329 41.44674744457006 3.986682131886482 371.0905513428152 1416.00359704718 697.1874159276485 26.16201668232679 750.8833560161293 76.54170443490148 131.4076406359673 1.803249917924404 2866.790954276919 0.6217372715473175 0.3623244762420654 40.03619399666786 7.275176074355841 20.56242780014873 45.29826464504004 8.995166324079037 1.197665572166443 22.27507136762142 163.6021074280143 1.747694954276085 43.33238661661744 28.87917415052652 474.4790249019861 12239.61718925461 1914.826684918255 0.9109106212854385 703.8379956036806 2613.651778638363 3702.026389133185 13.80617908388376 331.373799264431 34.70587715506554 1266.796692825854 171.0113939493895 535.3624028526247 105.7366950660944 0.438965693116188 26.99783585220575 0.500910572707653 0 0.8337982371449471 0.5119073837995529 0 0.3602067902684212 18.18172957003117 0.5031689628958702 6.362052090466022 1.098801270127296 0.07254264503717422 0.2120168209075928 0.08782948553562164 1.479437664151192 0 3.202340826392174 0 0 0.1107132509350777 0.3620991632342339 6.382642358541489 0 0.4145639166235924 57.52708787471056 0 0.1898531168699265 0.2804779335856438 43.18488176167011 0.3767511397600174 10.76468595117331 0 0 0 0.08162213861942291 0.8823464661836624 4.512659177184105 0 0.7394477128982544 0.0660741776227951 6.619296699762344 0 0 0
1227.8108972013 0.08781451731920242 1102.439058214426 0.2788263112306595 0 123.1178943477571 3515.423624649644 1115.9243427068 57.10192966088653 14.07832917943597 18.76498853415251 0.9928696006536484 4.020051226019859 1232.404592748731 0 30.51200491935015 839.058442465961 2.69224251806736 91.14293597638607 0.6040765643119812 4263.228400453925 4.357386112213135 3834.636409811676 118.1889916062355 0.09829913824796677 232.6612688936293 236.1670663803816 5554.545735642314 1914.826684918255 8987.916703466326 0.2713326886296272 25.08753891289234 454.4110503941774 1956.487923868001 133.6428586989641 3938.609277695417 243.2829734236002 1744.806616909802 1169.647704303265 421.4806639105082 42.90399430319667 3.286952935159206 63.60983291268349 4.910987868905067 0.1095100417733192 2.196016490459442 0.4185033440589905 0 0.1731674298644066 88.96544528752565 2.739362113177776 12.37755838036537 0.2778726816177368 0.3435441255569458 0 0.07182608544826508 7.880188621580601 0.7904278486967087 34.42684014886618 0.5781536847352982 0 0 1.776966869831085 55.45178738236427 5.508634187281132 3.120196498930454 189.2460088953376 0 0.2464799657464027 1.794802591204643 211.7811006456614 11.54509105533361 56.65374937653542 0 0 0.9415543749928474 2.681591592729092 8.278913088142872 18.42160646617413 0.2620834186673164 1.942037239670753 0.3994518667459488 4.511440731585026 1.656952790915966 0 0
0.1353443413972855 9.096123039722443 0.5895670652389526 0 0 1.764979109168053 0.8152560442686081 0.7170324623584747 2.936114728450775 1.587620750069618 612.3276111409068 0.2186884060502052 547.386843547225 0.5208985731005669 0 0 1.028940044343472 17.93207452446222 3.244902342557907 0 0.08226216584444046 4.329191021621227 0 1.224021084606647 389.5420823022723 280.6722768247128 511.8175159618258 0.1875187829136848 0.9109106212854385 0.2713326886296272 81.86157377809286 0.6747879832983017 0 56.06027515977621 0 10.26450504362583 112.818768389523 138.7288828641176 27.0583099424839 5.47936899214983 1.368436098098755 12.97764530777931 0 0 0.7033269628882408 0 0 0 0 0 0.07866130024194717 0.0844540148973465 0 86.00746414065361 0 169.0046910941601 0 0 0 0.07300129532814026 28.45415998250246 1.614069864153862 0 0 0.5718504562973976 0 0.2464530691504478 60.3303789421916 98.85503017902374 99.5196051672101 0.1128329560160637 0 0 51.83803871273994 0 0 0.4362800493836403 0 0.5048591196537018 8.427488252520561 1.518656358122826 0.2094700485467911 0 0 0.696453221142292 0
9.703943684697151 0.1143558770418167 3.64886936545372 1.923672705888748 440.7709746062756 549.548337213695 54.76084426417947 111.9653020352125 0.2386173903942108 83.95696501433849 67.90327383577824 29.03581644967198 1.11812587082386 69.1299117654562 142.0919232815504 0 1.325724638998508 3.006586454808712 2.039614900946617 4.001808926463127 0.8759661838412285 0 1.995270930230618 3.361044764518738 1.148419335484505 6.610509645193815 3.3623958081007 14.23262994736433 703.8379956036806 25.08753891289234 0.6747879832983017 34.71665190160275 2.621454283595085 2186.021584462374 1.205642908811569 11.08573829382658 3.604815520346165 361.0830345563591 72.05266778916121 775.7887063473463 874.2751246169209 0.5176992416381836 2.143614761531353 0 0 0 0 0 0 2.640539608895779 0 0.5208708643913269 0 0.1075489893555641 0 0 0 0 0 0 0 0 0 0.1329405307769775 0 0 3.522758968174458 0 0 0 2.487016424536705 0 0 0 0 0 0 0 0 0 0 0 0.3689470291137695 0 0 0
122.3714286983013 0 4.046734109520912 1.38131183385849 0 5.459622502326965 73.17492753267288 14.87967271357775 6.098458267748356 5.25749484449625 1.116870410740376 0 0 44.57014289498329 0.2561482489109039 0.1239517256617546 3.268215484917164 0 0.8097025826573372 1.230675518512726 1.276610769331455 0 4.972334362566471 23.58792448788881 0 2.979427091777325 2.229917116463184 49.94873773306608 2613.651778638363 454.4110503941774 0 2.621454283595085 313.7991640716791 533.4960546866059 0 10.97507833689451 1.197525799274445 122.1901378780603 14.26968193054199 2.210741013288498 0.806647852063179 0 0.2197705656290054 0 0 0 0 0 0 1.681977391242981 0 0.3830577656626701 0 0 0 0 0 0 0.1041697412729263 0 0 0 0 0.1362247467041016 0 0.4590281546115875 3.067413158714771 0 0 0 2.367094688117504 0.1313502639532089 0 0 0 0 0 0 0 0 0 0 0 0 0 0
