1161.695414021611 0 31.43777193874121 1.278221972286701 0.4558249413967133 8.090068899095058 2454.101483792067 80.15760766714811 0.9856128320097923 42.83846187591553 6.11013001203537 0.2453427389264107 0.3489492386579514 2980.397719681263 0 0.7656718268990517 214.7029403299093 4.088829830288887 31.76993447542191 0.1538126021623611 31.99514983594418 0 93.41290221363306 42.00875032693148 0 48.81058496236801 49.7967391461134 107.8461250513792 5273.609210185707 2295.139458172023 0.09290090203285217 7.638222575187683 71.55230573564768 105.8209627047181 0 7.477588303387165 6.361408844590187 44.61083864420652 5.90624725073576 0.6281371638178825 0.4388190507888794 0 0.1145031452178955 0 0 0.6424313485622406 0.1065536290407181 0 0 0 0 0 0 0 0 0 0.1013521999120712 0 0.2170805335044861 0 0 0 0 0 0 0 1.766721859574318 0 0.1116592884063721 1.223054364323616 2.061232075095177 0 0.5335817933082581 0 0 0 0 0 0.8288353532552719 0 0 0 0 0.134552076458931 0 0
0 718.7156075239182 5.595469444990158 1.067514635622501 0.4172325506806374 0.9720757603645325 3.408233538269997 0.2360345646739006 575.9758587926626 1.872711069881916 17.59554237127304 2.483778536319733 666.0956832095981 0.6400208249688148 33.80535494536161 130.3663360476494 228.0174543261528 2.232309892773628 85.0929296463728 0.4310362637042999 5.618529997766018 2412.388529285789 7.102848805487156 918.7183111011982 1192.624126948416 250.4825245961547 6082.696892730892 18.73549826443195 2.394752249121666 0.3490555584430695 14.51487843692303 0.1570753455162048 0 23.67179168760777 1.012141585350037 108.1781959980726 102.1115349531174 94.58602836728096 27.00699160993099 20.16765370965004 2.038567572832108 53.72252686321735 0 0 452.5472826063633 64.13283414393663 0.2511789500713348 0 0 0.6755696013569832 0 15.29403296113014 0.6987025737762451 2.393948845565319 0 5.841022774577141 0 0 5.752194717526436 3.67857052385807 2.872560061514378 13.10227333009243 0 0.2273207902908325 24.02030804753304 3.642802253365517 10.88178035616875 7.059278003871441 283.6359896883368 1488.620553344488 1.901486456394196 0 0.7351159080862999 1.528951719403267 0 0 5.327750407159328 0 7.947173297405243 85.18005435913801 9.569879800081253 2.476921439170837 0.2494844496250153 0 0 0
31.43777193874121 5.595469444990158 7300.211004331708 31.26074557006359 1.924829818308353 151.3628355488181 2057.850869260728 731.2738816067576 1.730187371373177 524.3029693737626 12.01621794700623 1.16636011749506 4.10676696896553 569.2975732013583 0.7454963997006416 9.154712185263634 5799.470236621797 13.41691479831934 241.1402359455824 1.472272828221321 1954.345473080873 2.334239028394222 5305.328725226223 42.25912547111511 2.018532335758209 5108.069196783006 11403.45583259314 1396.909350275993 134.6529830023646 1526.819849513471 0.2903000712394714 5.764186322689056 10.88445796072483 375.8567014634609 20.29945493489504 1274.241843663156 5908.437982574105 1305.193917632103 503.9306835755706 51.59290607273579 3.71419258415699 6.941811218857765 2.785241492092609 0.1064714342355728 78.63347391784191 676.856760121882 0.4499211311340332 0 0 13.8786213696003 0.7230107039213181 2.629889950156212 0.7380737215280533 0.8306667655706406 0 1.245925232768059 1.766138397157192 0 8.694575302302837 26.43361301720142 1.95617737621069 8.511354692280293 0 4.14515694975853 19.34766906499863 147.9805890768766 26.80342738330364 1.745669923722744 198.2391669154167 2832.722016148269 23.18346824496984 0.8054016754031181 4.744969993829727 0.2395086288452148 0 0 3.690800562500954 4.998406991362572 27.11825484037399 223.6070279553533 21.08757911622524 12.32398356497288 0.1121403127908707 0.1460640132427216 0 0.1679520606994629
1.278221972286701 1.067514635622501 31.26074557006359 2665.154872924089 4.511817038059235 32.4617557451129 243.2493164613843 34.82756340503693 2322.922338284552 3439.01756683737 4.190435029566288 3385.641729287803 0.6019084006547928 49.61860958486795 335.5332795158029 0.5501617342233658 2.594598695635796 1.229947820305824 1.478380262851715 6079.59901329875 0.1900447979569435 7.42181933671236 7.317349225282669 1791.071454867721 0 10.51614078134298 8.785924904048443 4288.80469468236 68.98144765198231 1.264859296381474 0.1136889010667801 5.61267976462841 4.225411459803581 36.56418988108635 1.43290139734745 285.8762252554297 3.098570242524147 59.72271759808064 32.34557200223207 318.4777864143252 6.803899928927422 0.4661617800593376 1.511386685073376 0.8522389978170395 0.5934772938489914 0.6192515790462494 433.1982417553663 1.243265941739082 21.39243566244841 134.094145514071 9.031877264380455 669.8792375475168 394.073621250689 1.623762771487236 225.4893569946289 0 4.022450350224972 23.83214270323515 0.6982716917991638 0 0 0 272.3553670570254 0 2.332355089485645 1.555301532149315 645.1747650206089 0.2108040004968643 0.09975428134202957 2.800624527037144 882.8265433907509 3.398845091462135 0.3205465227365494 0.1012864634394646 2.708429455757141 0.119423970580101 2.703790187835693 0.1853315383195877 48.57206064462662 0.3703824803233147 10.39949882030487 2.769556626677513 153.9611805230379 2.354315020143986 0 0
0.4558249413967133 0.4172325506806374 1.924829818308353 4.511817038059235 248.070679038763 977.9458995312452 19.16870839893818 174.619218789041 22.73781177401543 30.15149742364883 43.07104901224375 36.42656983435154 6.281673520803452 28.12976019084454 1384.206416428089 0 1.572484105825424 4.382083632051945 0.7096764519810677 9.951867699623108 0.2215648517012596 2.462447620928288 0.4046720489859581 18.97386472672224 0.8116122633218765 4.195721887052059 1.606672585010529 12.82083470374346 17.36407957226038 2.610439658164978 0.429284580051899 337.0566891133785 0 446.2209087237716 1.530023045837879 134.5505345761776 4.634201645851135 313.637632265687 96.22651184350252 1823.65787293762 512.722071133554 10.66945613920689 9.84591780602932 0 0 0 0 0 0 1.755570769309998 0.1123049184679985 0 0.4890076816082001 1.129655867815018 0.153064951300621 0.4232088327407837 0 0 0 0 0 0 0 0 0 0 1.262418739497662 0 0 0 1.795635186135769 0.1184303909540176 0 0 0.113258071243763 0 0.1229289397597313 0.2568351328372955 1.017356403172016 0.9707253277301788 4.103030890226364 4.191573105752468 0.3181656301021576 0.8042953684926033 1.25677701830864 0.2267390340566635
8.090068899095058 0.9720757603645325 151.3628355488181 32.4617557451129 977.9458995312452 13312.7686945051 2026.131820619106 8348.950062632561 81.09887489676476 8480.705650992692 108.5651651769876 3734.184553146362 12.42953027784824 843.5610800161958 1880.131494283676 0.4471594020724297 31.83652005344629 28.40900857001543 14.74689118564129 496.6955134570599 1.523702919483185 0.4186305925250053 29.52906520664692 87.94140277802944 0.8917084708809853 76.31587395817041 37.17382540553808 282.4379334077239 395.9708698093891 45.6267900839448 1.367776408791542 394.5516147986054 4.387901283800602 352.8074652925134 5.285860784351826 664.8044521436095 26.9000915363431 432.9039690122008 164.0220620408654 2877.95583049953 386.1379647254944 16.42709295451641 14.33622355014086 0 0 1.703821301460266 9.427513889968395 0.2916702628135681 0.2426633015275002 14.83407204598188 1.028929024934769 18.30180005729198 10.07586269080639 1.6577128469944 14.12085362523794 1.424375727772713 0.07886233180761337 4.316604375839233 0.859274335205555 0 0 0 12.22581361234188 0.2377160266041756 0.5822777301073074 1.831405833363533 27.67099575698376 0.1159729659557343 0.4043659865856171 10.02615559846163 48.15286888182163 0.8546549528837204 0 0.0851193442940712 0.2971803098917007 0 0.3811632096767426 2.426488414406776 24.51711985468864 7.285709328949451 10.25777155160904 12.21481356024742 25.53436633944511 2.577576495707035 0.8923726826906204 0.5260244384407997
2454.101483792067 3.408233538269997 2057.850869260728 243.2493164613843 19.16870839893818 2026.131820619106 21606.70480984449 5072.027385897934 110.3371852040291 12460.32706128806 82.98568461835384 25.98163605481386 11.46271026879549 9179.94970946759 7.878620952367783 2.160789526998997 236.2672091647983 37.50105524808168 40.60221557319164 61.34975407272577 80.87771650403738 9.589571915566921 823.1419758349657 908.8188365027308 0.3449883311986923 508.9453807026148 325.3449655771255 18744.24621710926 2511.085192628205 2143.73441754654 1.71504557877779 93.43901275098324 223.4267411008477 811.7174777984619 51.9310465157032 3696.299923874438 152.0071479082108 1350.099040932953 709.3248833417892 756.8706892281771 106.4418143033981 7.898777201771736 25.51408998668194 2.156552687287331 1.68527140468359 15.47165997326374 40.02132352441549 0 9.079572930932045 256.6763240769506 12.6310952231288 69.73662580549717 55.98472390323877 2.743308112025261 30.31279076635838 0.6115999966859818 9.954421147704124 3.266061067581177 29.49753071367741 0 0.2374589592218399 0.2418798431754112 48.46435966342688 11.28082582354546 7.652279861271381 9.146121814846992 473.5524424761534 0 6.666051298379898 89.10332536697388 767.2001325562596 15.37155709415674 21.2916656062007 0 1.743505910038948 0.5722533389925957 12.79675173014402 4.023075595498085 124.7581138536334 9.512296453118324 36.56970114260912 13.69259975850582 33.35359098017216 6.997711524367332 0.2203204557299614 0.3273129463195801
80.15760766714811 0.2360345646739006 731.2738816067576 34.82756340503693 174.619218789041 8348.950062632561 5072.027385897934 14766.18550774455 6.39726085960865 6074.456079803407 103.699956946075 509.8294529095292 14.70086541026831 9708.784836079925 208.7802124097943 0.143636092543602 607.9167418256402 33.50995827466249 126.9788050204515 280.8626995906234 25.03867660462856 0.2802302464842796 202.9749570786953 134.6342274174094 0.3623838275671005 545.6674952879548 207.4493053779006 434.8216078430414 911.1466449834406 906.0408500134945 1.065717898309231 337.6678901091218 6.395168796181679 290.3041424304247 4.699482724070549 476.0385077595711 59.78540393710136 349.5960304364562 144.0422630310059 1543.708568193018 87.98716259747744 13.85480061173439 16.26212759315968 0.1465440094470978 0.1243304386734962 2.759938396513462 2.799755960702896 0 0.164700984954834 19.07900793105364 1.12863352894783 5.836962386965752 2.249811805784702 1.135222978889942 3.030847579240799 0.3526479750871658 0.7882289886474609 0 1.679650910198689 0 0 0 1.944844588637352 0.7072809338569641 0.4729956910014153 1.152902401983738 42.50247767567635 0 2.063001379370689 12.79475277662277 45.49615900963545 1.823825255036354 2.262070640921593 0 0.1878893375396729 0 0.8816997706890106 2.047199919819832 5.468781389296055 3.365585133433342 7.743841134011745 9.50239073485136 2.873998880386353 2.235735416412354 2.56457657366991 0
0.9856128320097923 575.9758587926626 1.730187371373177 2322.922338284552 22.73781177401543 81.09887489676476 110.3371852040291 6.39726085960865 580.9647434949875 155.4266346022487 2.464596815407276 489.752012103796 24.79239220172167 3.718801684677601 918.3201751559973 5.75721587240696 2.016012027859688 0.2259078174829483 1.125228941440582 625.1073041409254 1.5993712246418 2073.817611843348 2.1789860278368 10274.59954246134 107.9670907631516 23.67540145665407 431.7540238574147 1484.104619860649 13.1389849036932 13.6003016680479 0.663079597055912 1.650172986090183 0.2852792888879776 4.421979606151581 0.3245156705379486 51.13319843262434 3.537025518715382 12.041444696486 2.842575944960117 260.8767285197973 0.6191236227750778 1.169108048081398 0 2.743518963456154 1.938972920179367 0.728993758559227 100.2694487497211 0.1407830417156219 6.512536764144897 89.78811284154654 5.847150884568691 43.08243515342474 62.12307960540056 0.7186868265271187 84.94744937121868 0.4533566832542419 10.7465276196599 14.56169658899307 295.0407099351287 0.2721284329891205 0 0 57.40021902322769 12.3879095390439 48.49102498590946 2.830276377499104 1354.417358525097 1.340670131146908 1.844012275338173 8.627994932234287 715.5676676854491 16.86787017434835 9.860198155045509 0 0.8273086100816727 0.8692799732089043 7.503039114177227 2.127668663859367 54.78141565620899 2.022909209132195 17.86841343343258 7.360906071960926 48.48604256659746 2.788029029965401 0 0.2950296103954315
42.83846187591553 1.872711069881916 524.3029693737626 3439.01756683737 30.15149742364883 8480.705650992692 12460.32706128806 6074.456079803407 155.4266346022487 44059.77991884947 143.702056452632 6869.343121692538 12.83552259206772 1582.567716486752 50.75112508237362 2.4111632630229 89.5801610648632 65.13606002181768 43.00248720496893 5773.296628803015 8.325135998427868 2.660222500562668 119.614260405302 700.9180820584297 0.2054687440395355 224.3184960223734 121.7112307921052 5518.344676785171 1191.305649016052 88.78641832619905 2.447236448526382 124.7873004078865 19.3868855535984 466.8550789952278 9.506396047770977 2056.427091300488 67.22142029553652 953.1462356746197 337.1898169592023 367.7582649812102 89.72015412896872 10.18651501834393 19.19444490224123 1.263292193412781 0.5583067014813423 5.133014097809792 236.3705030977726 0.7800159603357315 16.10009230673313 134.4733149185777 10.3164030238986 143.7318063229322 236.6385644972324 0.5599106997251511 120.5430081859231 2.614202260971069 4.729578278958797 10.85043488442898 2.126149520277977 0.2772136628627777 0.2843072414398193 0 142.1789060160518 0.6283781975507736 1.472965836524963 3.264382503926754 356.327641390264 0.6984014958143234 1.581349566578865 28.86599785834551 483.493796505034 6.328886538743973 0.8127756491303444 0 1.41700105369091 0.7627871185541153 2.695606783032417 1.824744284152985 31.71331271529198 2.052714683115482 13.12292853742838 8.560584641993046 46.98596186190844 0.8483574390411377 1.466239228844643 0.120228536427021
6.11013001203537 17.59554237127304 12.01621794700623 4.190435029566288 43.07104901224375 108.5651651769876 82.98568461835384 103.699956946075 2.464596815407276 143.702056452632 6899.164439819753 94.50221368670464 2050.381586037576 209.1618274897337 2.756585530936718 0.8117850571870804 194.1052303016186 4804.526015423238 1169.169870890677 49.32270878553391 7.781671307981014 11.99660758674145 29.87829249352217 25.51011379063129 272.5048697963357 1748.274297095835 235.0050682127476 42.20049671083689 616.9878019541502 15.66645194590092 246.7952865287662 388.0907095447183 2.723263964056969 6320.491336636245 8.071511670947075 786.5305334255099 5587.33072052151 4066.055184282362 1323.25761821121 56.17607243359089 62.5392796844244 1249.277981176972 15.24750357866287 0 4.019743531942368 0.6465294659137726 0.2420836612582207 0 0.1679598540067673 2.083292506635189 0 0.8834259659051895 0.4533150196075439 243.0759797692299 0.3615356311202049 598.8902920782566 0 0 0.6490414142608643 0 0.1543065160512924 0.7770223021507263 1.068617224693298 0 0 0 8.190017007291317 114.5346053391695 23.32487699389458 117.2539107427001 12.15749143064022 0.08802026510238647 0.1247357800602913 66.03473941981792 0.1982715725898743 0 1.592160008847713 6.87533675134182 6.208709701895714 315.3832540810108 33.90154841542244 5.851990148425102 0.8115570545196533 0 201.8210078254342 0
0.2453427389264107 2.483778536319733 1.16636011749506 3385.641729287803 36.42656983435154 3734.184553146362 25.98163605481386 509.8294529095292 489.752012103796 6869.343121692538 94.50221368670464 8491.966709680855 5.763924360275269 302.7703614160419 1530.355889074504 0 0.8328897729516029 32.77043953537941 13.11421824991703 5004.64783012867 0 16.95266962051392 0.3963021636009216 309.4296579658985 1.041057549417019 26.32881160080433 4.803657561540604 671.4318064749241 364.6960381940007 0.5479226782917976 2.110550962388515 83.50524444133043 0.07678741961717606 199.5270098596811 0.9102383106946945 553.6127080470324 10.02373646944761 298.1380420029163 74.133056178689 1950.313119918108 34.81488950550556 5.17902547866106 3.047376528382301 0 0.2845602929592133 0 102.8442164435983 0.344203844666481 3.046864189207554 12.50985296070576 2.532019674777985 77.75043750554323 37.80222091823816 1.042710028588772 193.8741143196821 0.2677244991064072 0.9877874180674553 16.04496017098427 0.2155677825212479 0 0.120959185063839 0 44.32894181460142 0 0 0 64.94764785468578 0 0 0 79.1591822206974 1.644120872020721 0 0 0.3083199039101601 0 1.171765483915806 0.2622371912002563 33.60253074765205 1.11426243185997 3.636284403502941 3.831395462155342 127.4615812674165 0.1998864263296127 0.5051769763231277 0
0.3489492386579514 666.0956832095981 4.10676696896553 0.6019084006547928 6.281673520803452 12.42953027784824 11.46271026879549 14.70086541026831 24.79239220172167 12.83552259206772 2050.381586037576 5.763924360275269 4490.095357254148 15.94879868626595 5.074769839644432 4.087321229279041 2.300023354589939 31.24090818315744 0.6921368464827538 4.447821736335754 3.14934766292572 251.0376395583153 4.384665317833424 35.9911744967103 4687.902739718556 623.5920078009367 2181.515696555376 8.725959241390228 33.11689008027315 4.419335283339024 1473.478045217693 33.49247797578573 0.4204474985599518 1139.070826403797 129.6831542402506 2076.209440626204 5112.401040956378 2302.698329083622 392.7605223581195 65.65868605673313 101.5594484955072 1014.369861602783 23.73719754815102 0.09061764180660248 74.41061271727085 0.4136846363544464 0 0 0 0.1929242163896561 0.4977811574935913 3.562825202941895 0.07575776427984238 745.9750667512417 0 1992.60045325011 0 0.2179727554321289 3.778680056333542 0.2148794829845428 0.562219575047493 0.6308706402778625 0 2.123864054679871 3.410990424454212 0 1.723878718912601 711.4752013906837 90.58575008809566 515.8827685639262 4.602571576833725 0.9415624663233757 0 219.9393426850438 0.1168726086616516 0 5.931093938648701 64.65864376723766 269.6606065481901 810.9279909133911 83.08526290953159 22.79749055206776 22.03637996315956 2.040320426225662 418.1495742425323 0
2980.397719681263 0.6400208249688148 569.2975732013583 49.61860958486795 28.12976019084454 843.5610800161958 9179.94970946759 9708.784836079925 3.718801684677601 1582.567716486752 209.1618274897337 302.7703614160419 15.94879868626595 13712.01949471235 11.08493380248547 0.5945611298084259 1210.47001208365 74.23238573223352 242.501058422029 183.5006741583347 97.14768878370523 1.354184046387672 391.2559380456805 220.6463586613536 1.272047363221645 551.9542870484293 312.8643999397755 668.7716621980071 4038.392311528325 3636.795923620462 1.537232115864754 466.3848410174251 6.961521185934544 787.7040860578418 3.612854145467281 353.4108594730496 70.05309166014194 482.2294114306569 102.8599690124393 248.4488341882825 56.30028197914362 11.6390835493803 8.094937190413475 0 0.08246740698814392 1.896146260201931 4.055821195244789 0 0.9097978472709656 11.20162896811962 0.7669129148125648 2.39292598515749 0.09901507198810577 1.020908117294312 2.133977636694908 1.27741502225399 1.120307326316833 0 0.935647152364254 0 0 0.1143377497792244 2.28263383358717 0.4976834282279015 0.1041553243994713 0.4969656839966774 27.00744656473398 0 1.213580928742886 9.415641866624355 34.04110971093178 1.913498193025589 0.9689976945519447 0 0.08954378962516785 0 0.6500980854034424 0.2229326218366623 6.399256303906441 2.321662485599518 6.781669721007347 4.493915989995003 1.345128618180752 0.8012436926364899 1.207813449203968 0
0 33.80535494536161 0.7454963997006416 335.5332795158029 1384.206416428089 1880.131494283676 7.878620952367783 208.7802124097943 918.3201751559973 50.75112508237362 2.756585530936718 1530.355889074504 5.074769839644432 11.08493380248547 752.2528405785561 0.3114819824695587 0.2786048352718353 0.5192950069904327 0.3603850454092026 314.9934444725513 0 136.3377707526088 0.9310032874345779 1462.088159024715 4.020252414047718 2.03993671387434 25.09663356095552 126.0461354032159 16.06076787412167 0.4398262947797775 0 346.8263727352023 0.1019645556807518 11.68604390323162 0 50.9085293635726 2.607556268572807 16.6433295533061 2.474363498389721 1647.232733607292 14.5267631560564 8.515019461512566 1.307106763124466 0 0 0 1.066767960786819 0 0.1960232108831406 0.6855600476264954 0 3.122721388936043 0.5924282670021057 0 0.6254585385322571 0.6156973838806152 0 0 0.7477477788925171 0 0 0 0 0 0.5686479359865189 0 2.23210683465004 0 0.1399875730276108 1.299077026546001 2.995900563895702 0.1748503595590591 0 0 0.164067268371582 0 0.5075874328613281 0.1396463811397552 1.563743114471436 0.1053993850946426 3.263282939791679 2.184379488229752 0 0.2107029855251312 2.37706857919693 0
0.7656718268990517 130.3663360476494 9.154712185263634 0.5501617342233658 0 0.4471594020724297 2.160789526998997 0.143636092543602 5.75721587240696 2.4111632630229 0.8117850571870804 0 4.087321229279041 0.5945611298084259 0.3114819824695587 5250.048131726682 7.871453240513802 0.1035097613930702 2.885239012539387 0 4440.13694216311 2382.491780050099 5212.074695259333 2471.819178506732 11.69171855598688 22.85428465157747 5389.558217577636 3030.48320453614 5.291813187301159 81.45193587243557 0 0 1.645861446857452 47.70680596679449 37.35621767491102 1534.766381621361 315.7298245877028 251.0119709223509 492.1380980312824 22.75662741065025 3.163917854428291 0.159748375415802 3.810412056744099 1.319672577083111 4.988771386444569 14.2240534350276 1.565171211957932 0 0 19.40244192630053 0 8.880611650645733 1.061724096536636 0 0 0 1.159212544560432 0.7257037758827209 3111.387982025743 1.625862494111061 0.08054765313863754 0.1518743634223938 0.6858875751495361 654.8324621617794 1034.363933943212 1639.743740871549 275.2795127406716 0.778304785490036 5.628196157515049 826.5997920259833 551.836540736258 4.647423624992371 72.52446822822094 0 0 0.230103112757206 0.6452052444219589 8.845998682081699 105.8708282485604 7.908324398100376 5.564674086868763 10.83447600156069 22.29669096320868 0 0 0
214.7029403299093 228.0174543261528 5799.470236621797 2.594598695635796 1.572484105825424 31.83652005344629 236.2672091647983 607.9167418256402 2.016012027859688 89.5801610648632 194.1052303016186 0.8328897729516029 2.300023354589939 1210.47001208365 0.2786048352718353 7.871453240513802 2168.469548717141 107.5615017861128 2492.031930498779 0.5285745114088058 285.0502959936857 12.49372328072786 2944.547993279994 16.93034118413925 2.453136116266251 3172.25218243897 5320.853776104748 168.603906519711 770.5584449246526 1283.013087436557 0 7.113092243671417 105.1730867698789 2756.935041099787 1.742224059998989 143.9369639977813 854.982775695622 965.6317487582564 150.1435297429562 5.565214939415455 1.634459115564823 2.777031652629375 0.8076748847961426 0 6.979421451687813 26.93282088637352 0 0 0 0.3700563609600067 0 0 0 0 0 0.5357492864131927 0 0 0 0.6251887157559395 0.2451549842953682 0.9409729912877083 0 0 0.6451763212680817 3.471430197358131 1.063986085355282 0.9944300279021263 21.50652577728033 135.2678182721138 1.66041549295187 0 0.152553603053093 0 0 0 0.1676938682794571 0.7214123606681824 1.80688451975584 13.83068647235632 0.8845211118459702 0.1246207728981972 0 0 0 0
4.088829830288887 2.232309892773628 13.41691479831934 1.229947820305824 4.382083632051945 28.40900857001543 37.50105524808168 33.50995827466249 0.2259078174829483 65.13606002181768 4804.526015423238 32.77043953537941 31.24090818315744 74.23238573223352 0.5192950069904327 0.1035097613930702 107.5615017861128 1451.757841452956 1235.182541102171 20.40288832038641 2.423904225230217 0.1699312329292297 16.81641035526991 7.464030027389526 6.998950429260731 2326.457815825939 326.9122121110559 18.57031252980232 113.3905399888754 10.81716929376125 35.57081307470798 51.59576684236526 2.962948657572269 1296.937203533947 3.359609313309193 766.4993953704834 1350.629786096513 2071.785340171307 599.6175063028932 15.9616602435708 5.494688004255295 14.22918850928545 3.349647767841816 0 0.8006970584392548 0 0 0 0 0.609093926846981 0 0.1818720400333405 0 5.944246016442776 0 42.80978687852621 0 0 0.1145960688591003 0 0 0.2050916403532028 0.2249643802642822 0 0 0 1.663444712758064 5.546886347234249 4.776014283299446 26.51806972175837 3.66336628049612 0 0 5.104140296578407 0 0 0.1188503280282021 1.700670845806599 2.149912111461163 9.884599737823009 0.8203784227371216 0.7126837968826294 0 0 2.555527172982693 0.1099601984024048
31.76993447542191 85.0929296463728 241.1402359455824 1.478380262851715 0.7096764519810677 14.74689118564129 40.60221557319164 126.9788050204515 1.125228941440582 43.00248720496893 1169.169870890677 13.11421824991703 0.6921368464827538 242.501058422029 0.3603850454092026 2.885239012539387 2492.031930498779 1235.182541102171 1367.971119880676 8.555642709136009 33.79352642595768 5.926940560340881 186.5960207656026 10.06787209957838 2.976663678884506 2662.83289578557 1323.502961665392 19.14086823910475 235.868623226881 88.9835237711668 2.089542157948017 10.12950944900513 34.88979879766703 4075.420907013118 8.850179225206375 1057.963797323406 625.5984769463539 2226.010407365859 577.9098230227828 9.265914984047413 1.023432746529579 1.559526681900024 3.307612374424934 0 4.197034060955048 2.112436100840569 0 0 0 0.8897231221199036 0 0 0 0 0 0.8624756038188934 0 0 0.1730145663022995 0.1276110261678696 0.3463321998715401 0 0 0 0 0.2713621854782104 1.092481419444084 0.3048767447471619 8.126831956207752 37.12372704595327 0.8667632937431335 0 0.1200211569666862 0.2336362153291702 0 0 0.110863208770752 3.945980668067932 2.45777103304863 2.441098183393478 0.8391430228948593 0.3690407276153564 0 0 0.1349529623985291 0
0.1538126021623611 0.4310362637042999 1.472272828221321 6079.59901329875 9.951867699623108 496.6955134570599 61.34975407272577 280.8626995906234 625.1073041409254 5773.296628803015 49.32270878553391 5004.64783012867 4.447821736335754 183.5006741583347 314.9934444725513 0 0.5285745114088058 20.40288832038641 8.555642709136009 689.1498993635178 0.266811303794384 0.1349431574344635 0.8050963953137398 374.6768251806498 0.1271294355392456 14.97590544819832 1.549324072897434 3834.257497809827 256.4886358380318 1.068664945662022 1.015673495829105 43.15750291198492 0.4508358016610146 124.0736718475819 0.9294624030590057 473.0383140221238 11.46887397766113 223.7153666764498 66.62158601731062 731.862962462008 25.28132574260235 2.341635011136532 4.797175690531731 0 0 0 131.0027651041746 1.594364583492279 6.051664218306541 49.30339449644089 2.207337737083435 132.2299824506044 74.90071953833103 0.1972747519612312 83.18549893796444 0 0.8115890026092529 20.57648442685604 0 0 0 0 81.64820405840874 0 0.6873621940612793 0 194.8173482343554 0.2254107147455215 0 1.165562987327576 227.4774222448468 2.889025151729584 0 0 0.1098383888602257 0 1.568560749292374 0.2242970764636993 32.08430247008801 2.865176178514957 2.255668208003044 1.3359285145998 96.8442173153162 2.17626541852951 0.688426099717617 0
31.99514983594418 5.618529997766018 1954.345473080873 0.1900447979569435 0.2215648517012596 1.523702919483185 80.87771650403738 25.03867660462856 1.5993712246418 8.325135998427868 7.781671307981014 0 3.14934766292572 97.14768878370523 0 4440.13694216311 285.0502959936857 2.423904225230217 33.79352642595768 0.266811303794384 14328.75980894268 160.7374071106315 13227.26543563604 414.5716781169176 0.4411371946334839 91.5543479770422 1132.146887928247 4585.520892061293 152.0379599705338 9219.599879130721 0 1.856597781181335 10.24721275269985 4039.517983056605 235.4377830028534 6914.375157162547 929.2801073864102 3708.886308640242 3673.15968619287 100.0716549083591 11.03657372295856 1.58250043541193 29.33701519668102 0.8909976780414581 0.1227587386965752 4.671002872288227 0 0 0 8.687650859355927 0 2.86213181167841 0 0 0.2720647156238556 1.606181502342224 1.305804431438446 0 764.6170736476779 0.4527285918593407 0.1752848774194717 0.2799777388572693 0 321.9072096571326 149.9043886810541 168.2299112454057 94.32340327650309 0 1.223155431449413 76.84554970264435 301.9243411496282 2.129448562860489 44.75830595195293 0 0 0.238676019012928 0.4294163584709167 27.96409729123116 117.9158418029547 1.689174249768257 2.745145857334137 11.72975664585829 13.9242799282074 0.1070953980088234 0.2617872729897499 0.1258669346570969
0 2412.388529285789 2.334239028394222 7.42181933671236 2.462447620928288 0.4186305925250053 9.589571915566921 0.2802302464842796 2073.817611843348 2.660222500562668 11.99660758674145 16.95266962051392 251.0376395583153 1.354184046387672 136.3377707526088 2382.491780050099 12.49372328072786 0.1699312329292297 5.926940560340881 0.1349431574344635 160.7374071106315 2093.540410496294 200.5989494547248 8579.02051769197 1099.853040724993 113.9535704553127 2902.734979994595 359.6802584379911 2.416394002735615 22.68944641947746 8.115490719676018 0.3499832078814507 0.1352645307779312 4.699384272098541 0.1848018914461136 27.53183050453663 26.94837090373039 36.17277884483337 10.73387460410595 54.51349167525768 0.2020798921585083 28.33594731986523 0.3451539576053619 0.1280009001493454 16.67041315883398 9.692260138690472 0.4693119674921036 0 0.1532120108604431 9.037688627839088 0 84.61949045211077 0 0.3659722805023193 0 1.919721037149429 0.4117478504776955 0 2167.140385061502 0.5970421880483627 0 0.2520700395107269 0 267.8603175729513 787.8034315407276 909.3971939459443 236.5663023516536 2.953271113336086 8.657956309616566 1785.095515429974 307.5462056472898 2.15483733266592 15.9519550204277 0 0 0.2555645108222961 0.738946869969368 1.359388470649719 24.83701176941395 9.320516474545002 2.101243674755096 1.925979189574718 1.624297559261322 0.4376611262559891 0.6847191900014877 0
93.41290221363306 7.102848805487156 5305.328725226223 7.317349225282669 0.4046720489859581 29.52906520664692 823.1419758349657 202.9749570786953 2.1789860278368 119.614260405302 29.87829249352217 0.3963021636009216 4.384665317833424 391.2559380456805 0.9310032874345779 5212.074695259333 2944.547993279994 16.81641035526991 186.5960207656026 0.8050963953137398 13227.26543563604 200.5989494547248 23912.10560361296 168.2230913043022 0.5284451246261597 380.1307027637959 10056.10519625992 3717.81755040586 353.969127215445 2795.814826376736 0.1030184254050255 3.608299538493156 33.96787882596254 4694.520270645618 240.2288344502449 10569.31940172613 6130.65566623956 7981.896036997437 7288.7531061396 323.5855703651905 19.2379977107048 10.17192612588406 36.27769146114588 0.1980266720056534 4.864463798701763 117.5249528363347 0.5313103497028351 0 0.8599352911114693 32.50911591947079 0.4198178425431252 0.7959807962179184 2.148592293262482 0 0 1.873051285743713 0 0 1659.944984234869 4.705741301178932 0.5438535436987877 0.1509976387023926 0 301.2783166840672 406.7986482232809 1725.92495059222 109.1820492446423 1.026551872491837 6.723815329372883 2644.949487216771 135.9025478437543 0.9107131659984589 26.76360715925694 0 0 0 0.3344408422708511 55.49365534633398 110.8432656601071 10.48358986526728 16.30248609930277 27.60300236195326 6.741442799568176 1.253000855445862 0.1140269413590431 0
42.00875032693148 918.7183111011982 42.25912547111511 1791.071454867721 18.97386472672224 87.94140277802944 908.8188365027308 134.6342274174094 10274.59954246134 700.9180820584297 25.51011379063129 309.4296579658985 35.9911744967103 220.6463586613536 1462.088159024715 2471.819178506732 16.93034118413925 7.464030027389526 10.06787209957838 374.6768251806498 414.5716781169176 8579.02051769197 168.2230913043022 15399.78250595182 140.3987653255463 80.68652125447989 2054.629398927093 8418.717628754675 612.8156152963638 505.3067819476128 1.843141101300716 26.2397373393178 147.3796005770564 333.7969694808125 45.44850836694241 2020.146865814924 98.90389619767666 483.1243966445327 339.342621602118 835.7050998210907 32.41335312277079 8.564099162817001 11.18464893102646 8.8680370002985 7.502656608819962 20.13923446089029 386.6577235162258 1.351416736841202 47.34579982608557 882.7093395516276 44.2929767370224 1633.280210711062 356.809047691524 6.440162137150764 178.824005804956 9.464525856077671 47.58124032616615 14.86842330545187 1129.482468321919 1.635994024574757 0.5035813376307487 0.4209860861301422 313.1753949299455 255.8379914313555 284.860217705369 134.5861477330327 4512.534623488784 0.8160800933837891 14.42539381235838 162.4519955143332 4913.484170533717 79.44745134562254 141.8695119768381 0.1436669677495956 3.530662409961224 4.591538138687611 49.43798168003559 13.4241838157177 388.8093156740069 18.58384627848864 131.154810205102 46.59471432864666 131.7519189789891 16.39466544240713 4.085479252040386 3.541681706905365
0 1192.624126948416 2.018532335758209 0 0.8116122633218765 0.8917084708809853 0.3449883311986923 0.3623838275671005 107.9670907631516 0.2054687440395355 272.5048697963357 1.041057549417019 4687.902739718556 1.272047363221645 4.020252414047718 11.69171855598688 2.453136116266251 6.998950429260731 2.976663678884506 0.1271294355392456 0.4411371946334839 1099.853040724993 0.5284451246261597 140.3987653255463 645.7213411480188 415.041274651885 4211.353131942451 3.559101320803165 0.1345643103122711 0 245.6427194625139 1.231189653277397 0 103.827386662364 9.208796858787537 146.4725714027882 692.4460518658161 581.4791665896773 88.89692533016205 8.356148719787598 28.89241766929626 488.0581602752209 6.380475714802742 0 294.0700971335173 3.773376151919365 0.1485588550567627 0 0 0.2686147093772888 0.2129438370466232 4.467543415725231 0 217.627011269331 0 359.1937791034579 0 0 0.5167133808135986 0.9371168613433838 1.041790723800659 3.922816619277 0.1882522702217102 0 3.024575889110565 1.083559222519398 1.523091480135918 101.8273902237415 197.5494905933738 841.873950175941 0.3480330407619476 0.2629105597734451 0.150042399764061 37.31310823559761 0 0 2.655592270195484 3.350618362426758 16.83296307176352 158.5452027991414 46.35242068767548 7.258362919092178 0.1847931891679764 0.9180073142051697 60.530458137393 0
48.81058496236801 250.4825245961547 5108.069196783006 10.51614078134298 4.195721887052059 76.31587395817041 508.9453807026148 545.6674952879548 23.67540145665407 224.3184960223734 1748.274297095835 26.32881160080433 623.5920078009367 551.9542870484293 2.03993671387434 22.85428465157747 3172.25218243897 2326.457815825939 2662.83289578557 14.97590544819832 91.5543479770422 113.9535704553127 380.1307027637959 80.68652125447989 415.041274651885 26938.47956960648 14736.33405159414 169.4354730062187 296.3506503775716 269.4727005064487 575.5372826680541 36.08390933275223 40.9076831638813 1524.494511209428 38.42599803209305 4330.25588722527 11745.33769568801 3777.462015412748 1390.036255687475 67.28069676458836 9.695024535059929 64.26374341547489 16.88410479575396 0.2115788012742996 339.8599339351058 96.9429592564702 0.1207850128412247 0 0.4138622954487801 4.222045481204987 0 2.910937316715717 0 97.46647705882788 0.1166358515620232 1009.744416445494 1.064700730144978 0 3.405984178185463 16.82828515768051 34.85157600790262 146.1627391502261 0 0.8567154705524445 4.915878109633923 8.056722037494183 6.360985532402992 457.8277969807386 1875.458495907485 5885.671403862536 4.945543013513088 0.7918895483016968 2.855198405683041 196.6274782344699 0.1192987933754921 0 17.9954289495945 18.69621083885431 53.56095436215401 702.2974650412798 54.73173806071281 8.497694231569767 1.338746219873428 0.1500483453273773 10.04944144189358 0.7439912557601929
49.7967391461134 6082.696892730892 11403.45583259314 8.785924904048443 1.606672585010529 37.17382540553808 325.3449655771255 207.4493053779006 431.7540238574147 121.7112307921052 235.0050682127476 4.803657561540604 2181.515696555376 312.8643999397755 25.09663356095552 5389.558217577636 5320.853776104748 326.9122121110559 1323.502961665392 1.549324072897434 1132.146887928247 2902.734979994595 10056.10519625992 2054.629398927093 4211.353131942451 14736.33405159414 38256.05993958563 1331.278534986079 264.9941588193178 233.0607843026519 535.8823407441378 6.973014280200005 49.54780194163322 2129.396795652807 127.0169948637486 8948.92508854717 6567.992950998247 7423.551696278155 2896.148247100413 314.5137406438589 9.69547301530838 46.62251651287079 30.33401937037706 0.9274928718805313 2421.584205046296 2027.058849334717 0.137590691447258 0 2.928119093179703 84.51801329851151 5.912718959152699 23.99584612995386 6.109809309244156 69.01476421952248 0.1004346683621407 644.4292484149337 5.856946006417274 0.4498425424098969 640.2117410451174 89.36073634773493 42.68862538784742 212.0687403604388 0.1143459379673004 57.61105085164309 1847.536183163524 1903.353759735823 175.1750797256827 604.082165107131 3383.255349636078 28678.3034164384 63.02998515963554 1.046596601605415 11.66691421717405 124.6298466548324 0.2003297060728073 0.3824155256152153 41.1188048273325 41.55131559073925 183.8110952824354 1145.794909819961 152.240651614964 59.97145064920187 4.899982079863548 0.3335101902484894 7.546124473214149 0.5443381369113922
107.8461250513792 18.73549826443195 1396.909350275993 4288.80469468236 12.82083470374346 282.4379334077239 18744.24621710926 434.8216078430414 1484.104619860649 5518.344676785171 42.20049671083689 671.4318064749241 8.725959241390228 668.7716621980071 126.0461354032159 3030.48320453614 168.603906519711 18.57031252980232 19.14086823910475 3834.257497809827 4585.520892061293 359.6802584379911 3717.81755040586 8418.717628754675 3.559101320803165 169.4354730062187 1331.278534986079 22463.64485823363 1756.902160145342 9250.882703177631 1.084280967712402 47.26569660753012 592.5734520107508 2219.300983950496 196.1763580739498 6107.838810823858 304.5932755544782 2057.289786830544 1766.116329751909 697.1732911840081 78.39172634482384 14.08195001631975 29.68532654643059 8.70185112208128 2.779379308223724 11.36005378514528 409.7925935536623 0.4328222274780273 45.49164195358753 842.6805943250656 41.32265673577785 743.6941203698516 356.0318335518241 4.186565518379211 165.1295812353492 8.679009564220905 35.03324989229441 25.08813668787479 919.0734037160873 1.334366448223591 0.4982205927371979 0.8234706893563271 302.7644659727812 309.6952729299664 156.4960949793458 88.44796070456505 2717.247364714742 0.1247499883174896 14.30435854941607 112.6912193521857 3806.53385937959 63.32439544051886 185.9540816619992 0.2820852920413017 3.102999970316887 3.472682103514671 35.72621006518602 28.8702776953578 392.5512400195003 21.23879891633987 98.70017173886299 32.75558052212 127.7431758344173 15.47884927690029 4.072575263679028 7.585513696074486
5273.609210185707 2.394752249121666 134.6529830023646 68.98144765198231 17.36407957226038 395.9708698093891 2511.085192628205 911.1466449834406 13.1389849036932 1191.305649016052 616.9878019541502 364.6960381940007 33.11689008027315 4038.392311528325 16.06076787412167 5.291813187301159 770.5584449246526 113.3905399888754 235.868623226881 256.4886358380318 152.0379599705338 2.416394002735615 353.969127215445 612.8156152963638 0.1345643103122711 296.3506503775716 264.9941588193178 1756.902160145342 19646.21536474675 4504.23972325027 4.607367813587189 764.1384917646646 1778.739206328988 3049.097701691091 5.362492859363556 392.6406028941274 72.28307916224003 1071.76208486408 181.7728992849588 213.7921533286572 133.4136791974306 16.29356004297733 11.38915922492743 0 0.1015229672193527 0.3402828350663185 1.749425403773785 0 0.1452210545539856 21.84476489573717 2.183572001755238 6.875313133001328 1.504293948411942 1.662247739732265 1.851762786507607 1.986578397452831 0.9231415390968323 0.20337775349617 8.574431635439396 0 0 0 1.997783720493317 2.013999231159687 0.3417922705411911 0.8482785001397133 49.98254282027483 0 0.5545180216431618 5.412142395973206 83.56653839349747 1.225413389503956 1.46071819961071 0 0 0 1.060451067984104 0 10.44946073740721 1.94721070677042 8.540313549339771 6.403044462203979 1.706732288002968 0.5327218100428581 1.336950927972794 0
