442.3360293060541 0 16.69910707324743 1.607342757284641 0.07171116024255753 8.26799737662077 1816.014599092305 467.6690854355693 1.038829170167446 14.99826176837087 2.384040527045727 0.1977182030677795 0.0876711905002594 3834.56893453747 0.4227604866027832 0.1157304644584656 75.90826717764139 3.419063970446587 21.78604920208454 0.5548343509435654 26.14829475432634 0 20.89600140601397 29.16578908264637 0 22.03439875692129 19.24018134176731 27.03205705434084 4185.920783013105 1680.991181731224 0.0851442888379097 12.73382470011711 99.95428977906704 98.09708505123854 1.93470773845911 67.4211300611496 16.31752194464207 105.7227396294475 22.91433803737164 11.09491050243378 4.146748460829258 0 0.4035223871469498 0 0 0.1820280849933624 0 0 0 4.453660257160664 0 1.067314505577087 0.09826329350471497 0 0 0 0.14475417137146 0 0.9990166127681732 0.101984404027462 0 0 0 1.995222575962543 0.2675021588802338 0.2270839288830757 6.419060908257961 0 0 0.5611485615372658 11.51044660806656 1.135495163500309 3.359550729393959 0 0 0 0 0 0.7547322958707809 0 0.5391002669930458 0.0887867659330368 0 0 0 0
0 152.0562344640493 118.806114166975 0 2.756471030414104 0.2359576970338821 0.7271817475557327 0.09540347754955292 800.6693144664168 0.4916776418685913 150.5610008761287 0.4890444427728653 660.5273519679904 0.6523744463920593 28.10270696133375 79.67069293558598 73.31462151557207 0.2195998579263687 6.583589501678944 0 7.622211597859859 2596.444830954075 6.234864607453346 1121.83128644526 1815.299742430449 168.5304487124085 5287.583275057375 27.37366805225611 0.2876445725560188 0.8025915026664734 5.375433400273323 0.09559971839189529 0 11.11441484838724 0 22.1158405020833 39.95690470188856 34.95857693254948 3.715587764978409 59.14556128531694 0 159.2072907686234 0 0 38.17860900610685 171.5787647366524 0.9466850832104683 0 0.1008161455392838 2.551840513944626 0.7708047702908516 1.397874973714352 0.1455393880605698 2.351291298866272 0 23.53524644672871 0.7722564414143562 0 16.01854439079762 20.72455946356058 1.28684800863266 8.305217586457729 0.175559788942337 0.9783540740609169 138.1588515043259 8.816843703389168 14.06249512732029 20.00060874223709 243.5475820526481 2190.272956348956 5.315784730017185 0.2247159332036972 0.2548475787043571 3.59926164150238 0 0.09877795726060867 0.6801853403449059 0.3059663772583008 8.619863912463188 11.54868309944868 4.297462001442909 2.704167909920216 0.2990218922495842 0 3.795039251446724 0.3070878684520721
16.69910707324743 118.806114166975 5561.212592348456 2.439069338142872 0.1123082861304283 131.6905981004238 1356.632555522025 209.879055634141 7.756483435630798 45.6141984090209 8.489950023591518 0.2094941735267639 1.080410987138748 123.4084027484059 1.938992850482464 8.113946326076984 662.9440418630838 37.95521664619446 123.7346375584602 0.3325346559286118 356.1162170469761 5.758545763790607 6993.121387146413 90.79452581703663 0.9248136430978775 3796.094122327864 9450.696958005428 340.0100993663073 76.3641430772841 1640.63191871345 0.537349596619606 8.162782281637192 4.870189778506756 74.36048706620932 5.448116064071655 468.9144691079855 2546.958439037204 333.1930955201387 121.9192596226931 20.77385058999062 1.58005640655756 1.058383263647556 2.983310230076313 2.694753907620907 131.5040331929922 1598.235730208457 0.2582396864891052 0 1.436618089675903 44.29498433321714 3.305653937160969 1.025136597454548 3.428523980081081 0.427688330411911 0 0.1742727756500244 9.385991379618645 0 84.6348228007555 15.37954010814428 0.9701230376958847 4.677188381552696 0.7543683648109436 14.50154559314251 29.50606495141983 308.674168124795 65.07424882054329 2.153174310922623 108.071225322783 3988.21861025691 57.96782870590687 4.081993989646435 11.49040535092354 0 0.1915143355727196 0.1374650597572327 1.362541534006596 0 17.82453145086765 4.516902968287468 9.539593726396561 4.551508650183678 0.9078249037265778 0 0 0
1.607342757284641 0 2.439069338142872 3619.713611066341 8.407224148511887 63.08768217265606 32.5364573597908 21.07674197107553 707.9249831140041 4346.771969929338 1.857794553041458 4125.424771487713 0.4209199696779251 21.66398055106401 110.6040469408035 0 0.2470427304506302 0.7360808849334717 0.9002915024757385 3761.463460817933 0.2476130574941635 0.244529977440834 0.3593970835208893 1822.497330762446 0 1.394838586449623 0.6429338455200195 5272.374843589962 76.59421905502677 1.626800268888474 0 5.777561567723751 1.829900003969669 29.53307557106018 12.73378986865282 254.595875903964 4.526206336915493 80.84038972854614 26.19751624017954 322.0958974808455 7.335241369903088 0.1534283757209778 4.7876301035285 0.1478973627090454 0 0 357.5766461789608 0.7081366181373596 13.84202854335308 59.47132580727339 14.01464211195707 108.6293082684278 393.9100378528237 0.9735740944743156 117.9244633689523 0 6.277629636228085 2.028928458690643 0 0.1188057661056519 0.6398444920778275 0.09235350042581558 157.4817216694355 0 0.5085780918598175 0.3087931871414185 198.3804455026984 0.1532818228006363 0.6670155078172684 0 243.1122081801295 5.661178722977638 1.342870712280273 0.1087318956851959 1.200014501810074 0 6.27532447129488 0.2403553426265717 7.69863622635603 0.3134874105453491 5.998749785125256 0.8824021592736244 43.44452738016844 2.071215018630028 0.3360889554023743 0
0.07171116024255753 2.756471030414104 0.1123082861304283 8.407224148511887 43.8330015540123 547.8625248521566 7.599679604172707 13.46812942996621 127.1504539847374 10.41199320554733 0.1013916060328484 200.5424159541726 0 2.43969064950943 1596.201785422862 0 0 0 0 13.96320580691099 0 3.386221319437027 0 31.80622483789921 0.2080782204866409 0.1331660449504852 4.087886713445187 15.56302061676979 0.7447438836097717 0.5028328374028206 0 114.2024508491158 0.1172520816326141 2.203889392316341 0.1192823648452759 4.001182600855827 0 8.771493412554264 3.975509971380234 1277.738103508949 0 0.4825449734926224 1.964308738708496 0 0 0 0.627837173640728 0 0 0.5310142636299133 0 0.2310976311564445 0.1240939795970917 0 0.2283941805362701 0 0 0 0 0 0 0 0 0 0 0 0.1823087707161903 0 0 0 0.7241566628217697 0.1201689466834068 0 0 0 0 0 0 0 0 0 0 0 0 0 0
8.26799737662077 0.2359576970338821 131.6905981004238 63.08768217265606 547.8625248521566 10768.41518732905 3915.554126296192 4318.342620275915 78.60221263021231 8107.10598545894 27.03120210766792 4270.471181847155 6.181313246488571 581.2451612129807 1807.194845847785 0.1203539296984673 45.7723231986165 6.295679181814194 12.87587761506438 326.1499559804797 4.933149293065071 0.8734951466321945 35.94820078462362 209.5421517416835 1.093013644218445 59.5851343460381 29.90536020696163 583.8817894607782 359.5947159677744 166.8655656911433 1.409480795264244 726.2587633430958 3.894334085285664 441.4659972973168 6.103275187313557 256.088788844645 13.49587911367416 329.4605710506439 101.3249518871307 2451.916644059122 69.71701817214489 6.108766824007034 21.07037411630154 1.473344840109348 0 0.7664904147386551 36.6396264731884 0 4.830981738865376 105.684692658484 11.8707162886858 10.76221044361591 62.14327321201563 0.6782621443271637 18.88949730247259 0.1753074005246162 7.768068514764309 1.60640424489975 1.034100018441677 0.06227569282054901 0.2196822613477707 0.1219981387257576 21.90297055244446 1.443343639373779 0.4616978988051414 1.244870245456696 68.82041896134615 0.715420126914978 0.4264763221144676 5.993187800049782 96.39404859393835 6.75917786359787 4.437143720686436 0.1691512018442154 0.7610596269369125 0.3861123025417328 3.96009936183691 0 9.404786117374897 0.4542407169938087 6.119155578315258 0.8748587518930435 33.94401953369379 1.354578033089638 0.2779768779873848 0.1029246002435684
1816.014599092305 0.7271817475557327 1356.632555522025 32.5364573597908 7.599679604172707 3915.554126296192 12218.45195133984 4639.932822778821 426.959193482995 4165.08463646844 50.79834192991257 132.8734638988972 28.96250452846289 5783.155745755881 42.38313753902912 6.498740002512932 252.5942610800266 17.04636173695326 52.9260520413518 16.34634555876255 192.5477390289307 2.967148810625076 1103.838587284088 1337.248042911291 0 382.4873065054417 475.0321613326669 13728.83677959442 2016.565860535949 4495.72639971599 1.287599630653858 130.4351562857628 61.8525969311595 853.9060677066445 138.4116555154324 2696.910219088197 161.3976951614022 1673.007557839155 474.7605549022555 729.7701347619295 151.2822096645832 37.47572021186352 56.45236559212208 15.94374705851078 0.9073998779058456 20.34510729461908 86.56775382906199 0 26.2765007764101 864.8510205671191 100.2264952138066 46.56301017105579 339.2642339169979 8.070617668330669 27.45814675092697 0.5350891873240471 82.50878267735243 2.072363078594208 24.4256696626544 2.563451424241066 3.930605798959732 0.2839634642004967 85.06200367212296 17.70595341175795 5.029471725225449 26.56807816773653 738.2478759288788 0.5540765300393105 4.545355573296547 49.96693559736013 921.9689528644085 69.39040443301201 77.33577598631382 0.6644647195935249 14.72151785343885 0.7793653905391693 55.08594693988562 3.181436069309711 92.42186834663153 5.613886311650276 67.65684277564287 12.90599942952394 105.172797113657 19.16465096175671 7.317804336547852 1.041226029396057
467.6690854355693 0.09540347754955292 209.879055634141 21.07674197107553 13.46812942996621 4318.342620275915 4639.932822778821 12065.7436385341 11.94471551477909 2060.910529568791 16.18167811259627 388.6467784270644 3.140332460403442 7336.511963561177 138.5561758130789 0.7105131968855858 212.425371479243 12.38245969638228 54.02830640599132 80.57781758904457 34.2746697217226 0.08122522383928299 72.0004598647356 70.57411623746157 0 132.4401270225644 86.00312082469463 138.6542281657457 504.6381363272667 1048.982693139464 0.470629870891571 382.606269929558 5.793934017419815 963.627270180732 10.12465820461512 184.492688704282 19.33708442002535 268.9165520481765 93.17186634987593 478.940648548305 19.90101380646229 4.903066202998161 14.23960573971272 1.633938238024712 0.09569448232650757 1.872960977256298 3.442442655563354 0 2.451814532279968 36.96992833912373 4.085920289158821 2.088592916727066 5.024316191673279 0.7602661848068237 1.001426994800568 0 1.726162366569042 0 1.85514323413372 0 0.7613872513175011 0 4.39590772986412 3.132036611437798 0.4273134171962738 0.5992544144392014 25.12813471257687 0 0 4.320135466754436 41.95534835755825 3.126882515847683 4.848530270159245 0 0 0.1338149458169937 1.1583406701684 1.074078917503357 2.699942119419575 0 1.14668296277523 0.8343542367219925 4.288192085921764 0 0 0
1.038829170167446 800.6693144664168 7.756483435630798 707.9249831140041 127.1504539847374 78.60221263021231 426.959193482995 11.94471551477909 825.0205363035202 625.5341090261936 12.91335149854422 366.8053130358458 28.20121551305056 13.862059853971 519.7947483882308 10.61127282679081 1.636884748935699 0.2884291112422943 1.149307690560818 562.9648918807507 49.08095270395279 2171.436934791505 12.01221629232168 7463.692230269313 158.5710891187191 9.91179621219635 648.1366839781404 1988.724779628217 47.98309849202633 45.90342933684587 0.2659092992544174 10.12901937961578 0.7194622382521629 29.79584554582834 1.37196572124958 401.9913208708167 28.5133763551712 42.07195211201906 9.047642685472965 669.3915220201015 3.088905617594719 3.211692310869694 0.8933648243546486 2.832905970513821 8.100121855735779 4.332643158733845 94.15292496234179 0 8.639331161975861 124.1236109435558 17.51236271113157 31.83993934839964 120.7267183512449 1.355760671198368 19.7867493480444 0.6328980475664139 12.95804374665022 0.341657891869545 108.3109594658017 0.7939356565475464 0.7435400038957596 0.3287579342722893 46.61519947648048 67.18953404575586 26.63331649452448 3.394310027360916 781.7777280285954 0 3.530000865459442 18.90844587981701 448.0829169303179 18.00761198997498 26.17455767840147 0.5008039996027946 1.749476209282875 0.9443160519003868 7.266548722982407 0.3070001304149628 11.53618122637272 0.2368548959493637 11.61524251103401 1.161339707672596 6.874888256192207 2.390675842761993 0.6870710700750351 0.1425155401229858
14.99826176837087 0.4916776418685913 45.6141984090209 4346.771969929338 10.41199320554733 8107.10598545894 4165.08463646844 2060.910529568791 625.5341090261936 31225.49377535284 58.86988676339388 6061.563415318727 14.67356040328741 1110.967685349286 91.77062247693539 0.4592616111040115 15.97316710650921 15.417086802423 9.676605395972729 3480.594728954136 3.453693702816963 0 26.43422467261553 583.0370597913861 0.5422043204307556 37.84624736756086 23.16917745769024 5117.229968376458 1454.220078323036 32.53630017861724 1.766955181956291 143.3339830562472 12.50523313134909 621.538143068552 83.91424655169249 1636.823749482632 30.62404439598322 1398.608499065042 235.6592172756791 1027.986262492836 183.1470006778836 11.6188630759716 52.87475799769163 2.054843932390213 0 0.9032260701060295 337.4003358855844 3.560143828392029 50.6668192371726 256.8093707635999 45.02046233415604 175.4734249711037 824.5680576190352 2.459905408322811 132.7334385961294 0.471515491604805 31.03688244521618 2.690795540809631 1.492525674402714 0.4715443551540375 2.075101062655449 0.1170544475317001 249.4993527233601 1.990121372044086 1.579439043998718 1.330324031412601 419.9360931143165 0.1427554339170456 1.237814635038376 5.385526515543461 507.4830883741379 20.32928511500359 6.873484745621681 0 2.668820612132549 0.4709551632404327 21.4500604569912 1.831782907247543 22.53596793115139 0.1967927515506744 22.64573577046394 8.339604690670967 110.5615411251783 2.334508135914803 3.810487829148769 0.5002513527870178
2.384040527045727 150.5610008761287 8.489950023591518 1.857794553041458 0.1013916060328484 27.03120210766792 50.79834192991257 16.18167811259627 12.91335149854422 58.86988676339388 9379.052967347205 34.28416251391172 2356.408899433911 10.07574223726988 3.754759475588799 0.7807265073060989 196.8690647557378 3273.968882828951 1121.970286175609 8.776556730270386 13.45056681334972 25.45589267462492 37.72469134628773 19.83969646692276 478.5704173073173 2613.59323631227 509.7713516280055 14.9996175095439 29.17629183456302 32.02835036814213 244.6410208269954 4.349671263247728 4.481713846325874 7702.289439111948 28.91064374893904 781.8465199284256 3773.504938267171 5051.006292335689 1029.231091104448 54.79045390337706 25.37651269137859 1144.151713356376 5.987949520349503 0.08356396853923798 2.913710571825504 0.819072350859642 0.5563904419541359 0 0.256838746368885 5.007394626736641 0.4928897321224213 0.2269305288791656 0 301.6112145483494 0 1501.410269610584 0.2334761321544647 0 0.4640184342861176 0.9865283370018005 22.36052986979485 2.722877517342567 0 0 0.3078008592128754 0 4.48096688836813 99.2548248693347 192.1381516009569 251.4972181543708 6.764960125088692 0.644258975982666 0.9075635075569153 141.9070988968015 0 0 2.070272654294968 2.865013010799885 36.58370163291693 256.8370887935162 23.70729177445173 5.32269960641861 7.004359245300293 0.3443613648414612 165.5563177913427 1.08090078830719
0.1977182030677795 0.4890444427728653 0.2094941735267639 4125.424771487713 200.5424159541726 4270.471181847155 132.8734638988972 388.6467784270644 366.8053130358458 6061.563415318727 34.28416251391172 8032.50359390676 3.811071082949638 281.4567890837789 1920.1393648386 0 0.2927562221884727 8.592331610620022 3.948567599058151 4983.976858884096 0.09178812056779861 0.3428871333599091 0.2054646834731102 394.504605203867 0.1440925300121307 13.85650483518839 2.647199742496014 1279.520058043301 437.5483392998576 1.269518829882145 1.121573656797409 146.8795120120049 0.3094779998064041 475.0800850838423 4.597734272480011 499.4356732144952 10.05569753795862 445.8275027796626 62.19801396876574 3370.914988428354 44.42198476195335 11.324068762362 8.855165414512157 0 0.208461731672287 0.1273861676454544 501.2526009306312 0.5054193735122681 22.79290544986725 31.78760189563036 9.474987082183361 108.0194070637226 361.620473921299 0.6311559677124023 754.3643696531653 1.203241661190987 4.776685655117035 12.85429403185844 0 0 0.1738166883587837 0 274.3531369715929 0.1167256608605385 0.1332405507564545 0 133.5201992616057 0 1.084532260894775 0.1430556029081345 160.0246231108904 3.321560181677341 1.773353211581707 0 0.4338358491659164 0 2.414551854133606 0.4031041711568832 17.15447564423084 0 4.129367478191853 1.718760721385479 114.295612886548 0.6874115988612175 1.704252764582634 0
0.0876711905002594 660.5273519679904 1.080410987138748 0.4209199696779251 0 6.181313246488571 28.96250452846289 3.140332460403442 28.20121551305056 14.67356040328741 2356.408899433911 3.811071082949638 6140.081389851868 3.797966040670872 12.26991227269173 1.706355482339859 0.4880825877189636 42.34287638962269 5.509341657161713 2.65344212949276 2.604024462401867 64.39473441243172 13.30122485756874 28.44215821102262 4400.910839281976 350.5406013131142 4286.264057584107 14.37555543333292 5.619640380144119 4.900925271213055 713.4647713750601 6.816707111895084 0 712.0500923469663 93.47854000329971 1226.867959246039 3146.365087844431 2240.529761604965 816.4114798530936 154.531028829515 177.7457682788372 2089.014693781734 29.78164703398943 0 15.26141986250877 1.545208647847176 0 0 0 0.8845862448215485 2.012863382697105 0.5841756165027618 1.971435904502869 646.2332898378372 0.1206940189003944 2576.468892432749 0.5020395517349243 0 0.283669650554657 1.844241462647915 49.28332971036434 4.272278137505054 0 0 0.7338986843824387 0.1508239656686783 1.140252269804478 420.4441402629018 509.4946104884148 578.6140420436859 2.77207525074482 0.6709260642528534 0 332.5085816979408 1.112483978271484 0 11.1713345721364 44.79112219810486 147.5330721437931 492.6728900298476 78.63748517632484 35.84641877561808 0.3365289866924286 10.57498507201672 466.8588508814573 2.195884928107262
3834.56893453747 0.6523744463920593 123.4084027484059 21.66398055106401 2.43969064950943 581.2451612129807 5783.155745755881 7336.511963561177 13.862059853971 1110.967685349286 10.07574223726988 281.4567890837789 3.797966040670872 9417.364696517587 37.9340907484293 0.5377852991223335 247.347027271986 11.29608124867082 72.82445127889514 67.04133032262325 51.62362938374281 0 62.4254472181201 93.84070213884115 0 118.4467722512782 99.66573814302683 153.308469042182 2885.075871504843 1803.425601024181 0.07656501233577728 103.7613107189536 62.61686523258686 283.9330520257354 10.26819961518049 225.8379851467907 17.76233544945717 312.4633262939751 65.28623381257057 291.7567475512624 9.649211965501308 3.768853530287743 11.54443449527025 1.075207278132439 0.2540558353066444 0.7268122732639313 2.120847411453724 0 1.227276980876923 32.39792032539845 2.18359037488699 0.8811433017253876 3.999280847609043 0.3698373436927795 0.3538764715194702 0 2.885676320642233 0 0.8272176012396812 0.06817802041769028 0 0 0.7139722853899002 3.354797631502151 0.09580998867750168 0.3514766171574593 31.01800262182951 0 0.2378101646900177 3.06835038214922 51.18187898024917 5.10673289000988 12.43957875669003 0 0.2672640979290009 0 1.867283686995506 0 2.481817997992039 1.054924041032791 3.632244393229485 0.7961933128535748 1.570079401135445 0.8757494539022446 0 1.073505535721779
0.4227604866027832 28.10270696133375 1.938992850482464 110.6040469408035 1596.201785422862 1807.194845847785 42.38313753902912 138.5561758130789 519.7947483882308 91.77062247693539 3.754759475588799 1920.1393648386 12.26991227269173 37.9340907484293 324.7181589230895 0 0.4424160495400429 0.6455375179648399 0.3930337354540825 227.7032546177506 0.1515032798051834 41.63670388609171 0.5625419542193413 467.0467415228486 6.456520199775696 1.401786029338837 33.02146408706903 205.8060768172145 18.78867162764072 2.312746673822403 0.1963611394166946 872.0244714170694 0 102.6772137507796 2.134145498275757 57.80602411925793 8.973864793777466 28.29527981579304 12.20302060991526 1265.228465184569 12.70085634291172 21.93563549220562 3.399216905236244 0 0 0.1394249796867371 2.464685536921024 0 0.3028247356414795 2.508756294846535 0 1.688949435949326 2.647807084023952 0 4.111701585352421 0.1065516695380211 0 0 0.4916965439915657 0 0 0 1.086836457252502 1.348574802279472 0 0.1552309989929199 3.011913381516933 0 0.3878592625260353 1.156396381556988 2.716459050774574 0 0.1673001199960709 0 0 0 0 0 4.921029806137085 1.289786815643311 0.4072690010070801 0 0.5193271040916443 0 1.004910409450531 0
0.1157304644584656 79.67069293558598 8.113946326076984 0 0 0.1203539296984673 6.498740002512932 0.7105131968855858 10.61127282679081 0.4592616111040115 0.7807265073060989 0 1.706355482339859 0.5377852991223335 0 1140.340854503214 11.06234863400459 0.2075240537524223 1.007011435925961 0 1568.790573455393 2038.010364316404 6787.104345679283 929.1213226988912 6.095260076224804 6.126193724572659 4527.358090050519 612.8408106118441 1.226271830499172 3.495494708418846 0 0 0 13.5397327169776 16.05192921310663 1519.405235737562 460.7028382569551 175.4450441375375 337.8738084435463 34.60271733999252 0.1639182269573212 0.6219471842050552 11.24936510622501 1.765742085874081 4.173706099390984 16.48112557083368 0.1559121906757355 0 0.3307975232601166 14.08622972667217 0.6574413180351257 3.040230356156826 0.7365185171365738 0 0 0.306922972202301 1.703010052442551 0 3900.633704684675 1.444636277854443 0 0.2546732351183891 0 655.517914660275 1093.547572381794 2116.325540617108 203.599969252944 0.4269444271922112 1.44154292345047 458.8960293009877 121.9190982356668 11.15947186946869 111.9192364215851 0 0 1.240663394331932 1.033622488379478 0.6120260059833527 19.39983374625444 2.368074595928192 5.13715972006321 3.146890036761761 0.4025849923491478 0.4958690702915192 0 0.3929821103811264
75.90826717764139 73.31462151557207 662.9440418630838 0.2470427304506302 0 45.7723231986165 252.5942610800266 212.425371479243 1.636884748935699 15.97316710650921 196.8690647557378 0.2927562221884727 0.4880825877189636 247.347027271986 0.4424160495400429 11.06234863400459 850.3709728717804 106.7627316713333 2705.784075804055 1.001875601708889 712.2006642520428 2.793103352189064 4408.326040513813 60.46795336902142 0.3136582672595978 840.8289128169417 3288.289093412459 77.44297476857901 393.9415632672608 2288.825339339674 0.4872944727540016 10.32271687686443 39.94826403260231 3566.059032700956 13.63140246272087 1026.298828564584 1041.814132496715 2402.990710839629 424.840929120779 25.36393486708403 3.837604641914368 0.8166417926549911 2.790991902351379 0.3267729207873344 37.8388359323144 261.232198767364 0.1189808622002602 0 0.4102622866630554 9.960735268890858 1.934537321329117 1.062823578715324 0.5474255532026291 0 0 0.541558712720871 1.720741331577301 0 9.207408152520657 12.63813331723213 0.6483713164925575 4.40714617818594 0 2.141840122640133 6.399090796709061 8.28768514841795 16.39047982543707 0.4893693327903748 102.2670317590237 743.96272713691 15.06786719709635 1.294292286038399 1.566429622471333 0.2666262984275818 0.1586902737617493 0 0.5212850049138069 0 8.676413610577583 1.680443689227104 4.443631634116173 1.94641949981451 0.1399697065353394 0 0 0
3.419063970446587 0.2195998579263687 37.95521664619446 0.7360808849334717 0 6.295679181814194 17.04636173695326 12.38245969638228 0.2884291112422943 15.417086802423 3273.968882828951 8.592331610620022 42.34287638962269 11.29608124867082 0.6455375179648399 0.2075240537524223 106.7627316713333 550.4318533614278 1589.398710511625 1.966194249689579 10.83136922121048 0 65.56376014649868 2.677264869213104 7.513130888342857 1395.176776122302 334.6196965947747 4.572422422468662 17.24059864506125 32.7947671636939 12.00799409300089 0.8948289714753628 2.022023983299732 1170.63894777745 5.954586394131184 513.2309515252709 923.6682585477829 1921.946281958371 376.2523046955466 17.61255574226379 0.8270019367337227 32.52077458053827 2.02783378213644 0 0.2964234352111816 2.8017443343997 0.09389331936836243 0 0 0.7956554070115089 0 0.09016072005033493 0 17.5850702598691 0 76.70752651244402 0.1525506526231766 0 0 1.087820425629616 18.8659325838089 4.394169710576534 0 0.1465773284435272 0 0.2427817434072495 1.911953218281269 8.525172933936119 151.0839234143496 102.611835077405 2.073649555444717 0.5945041477680206 0.1601198017597198 26.87744858115911 0 0 0.2342835515737534 0.1608281582593918 6.570865355432034 6.259171552956104 0.7955807223916054 0.1181903928518295 0 0 0 0
21.78604920208454 6.583589501678944 123.7346375584602 0.9002915024757385 0 12.87587761506438 52.9260520413518 54.02830640599132 1.149307690560818 9.676605395972729 1121.970286175609 3.948567599058151 5.509341657161713 72.82445127889514 0.3930337354540825 1.007011435925961 2705.784075804055 1589.398710511625 1857.629242815077 0.8880974873900414 124.4614534899592 1.073553554713726 815.2771629542112 13.50095464289188 2.82744125276804 4645.333093259484 1708.070839073509 14.98239702731371 132.115763027221 381.2219068557024 2.942654356360435 2.731067299842834 15.95232919603586 2832.106009051204 14.52576588839293 1500.903933763504 1137.811671428382 3752.891155272722 672.7827270403504 28.43701805174351 2.192470282316208 2.099452316761017 4.651195950806141 0.5631250366568565 3.306202106177807 15.94492158293724 0 0 0 1.419692106544971 0.366357609629631 0.3526060879230499 0 2.413081750273705 0 4.050894901156425 0.2546093165874481 0 0.7329473495483398 14.56724469363689 3.187964297831059 9.12121020257473 0 0.1891532763838768 0.4614559561014175 0.2579806596040726 2.647054858505726 1.626125283539295 170.1045463830233 172.6714464575052 2.352431982755661 0.6750649511814117 0.747181124985218 3.214651919901371 0 0 0.5271116718649864 1.389277398586273 13.13027033954859 7.827351726591587 1.380657561123371 0.2788123786449432 0 0.1241553723812103 0 0
0.5548343509435654 0 0.3325346559286118 3761.463460817933 13.96320580691099 326.1499559804797 16.34634555876255 80.57781758904457 562.9648918807507 3480.594728954136 8.776556730270386 4983.976858884096 2.65344212949276 67.04133032262325 227.7032546177506 0 1.001875601708889 1.966194249689579 0.8880974873900414 493.8685992062092 0 0 0.1531924903392792 736.2306174486876 0.1019086092710495 4.429311193525791 0.8698494359850883 2751.617166861892 138.9509206339717 0.7838297113776207 0.4043427482247353 24.2528425231576 0.7118531763553619 92.96103422343731 3.514311403036118 286.7939092516899 3.201702915132046 143.3375005722046 26.20136570185423 894.5323052927852 16.42489151656628 6.961513072252274 4.523958101868629 0 0 0.2428110837936401 156.1611416041851 0 19.62067832052708 71.04032525420189 15.6105002835393 109.4840449616313 318.9544348269701 1.675553500652313 111.4789945706725 0.7700338438153267 5.863350257277489 6.719683140516281 0 0.1191798746585846 0.3156457394361496 0 121.510578751564 0 0.3725492805242538 0 163.7013386115432 0.2961914166808128 0.184362530708313 0 206.9471483454108 8.033744350075722 2.411000847816467 0 0.5642982572317123 0 4.668216273188591 0 12.45454235374928 0.2345890551805496 7.69761161506176 0.4359545633196831 72.5044194534421 0.5788000822067261 0.5877577662467957 0
26.14829475432634 7.622211597859859 356.1162170469761 0.2476130574941635 0 4.933149293065071 192.5477390289307 34.2746697217226 49.08095270395279 3.453693702816963 13.45056681334972 0.09178812056779861 2.604024462401867 51.62362938374281 0.1515032798051834 1568.790573455393 712.2006642520428 10.83136922121048 124.4614534899592 0 8972.555986233056 179.7733292803168 11774.32473953813 171.9163683950901 0.6412062421441078 44.91893365979195 1423.78746689111 2333.146532215178 133.960416868329 8861.668024197221 0.2826495915651321 1.524543829262257 23.39316176623106 2075.913235329092 160.2902480140328 8892.254919916391 919.6075343862176 4033.993090286851 3208.484997309744 239.9498233124614 6.980352155864239 4.424308367073536 67.65478148311377 9.224342785775661 1.51569252461195 11.12199050933123 0 0 0.2445772811770439 49.55665323883295 0.2364378720521927 8.145350776612759 0.4713207855820656 0 0 0 2.902426145970821 0 1170.366498067975 2.030001483857632 0.2088515609502792 0.2031319811940193 0 1165.725112549961 162.334903433919 372.8327032253146 337.0883257314563 0 0.7158501073718071 52.66294402629137 391.5354962944984 60.79477116465569 439.3543819263577 0 0.1459451094269753 8.703735955059528 2.05816925317049 6.114326417446136 50.80575866997242 1.914398856461048 6.155689857900143 3.216766536235809 0.2058044299483299 0.2863330841064453 1.571393460035324 0.841058075428009
0 2596.444830954075 5.758545763790607 0.244529977440834 3.386221319437027 0.8734951466321945 2.967148810625076 0.08122522383928299 2171.436934791505 0 25.45589267462492 0.3428871333599091 64.39473441243172 0 41.63670388609171 2038.010364316404 2.793103352189064 0 1.073553554713726 0 179.7733292803168 697.5793029665947 293.9706285297871 5850.64893193543 386.76605014503 10.35577802360058 1610.921044811606 187.7026874274015 0 1.66737525165081 1.106737658381462 0 0 2.162620931863785 0 6.234353668987751 13.84285051375628 4.63795755058527 2.529181711375713 102.6563763990998 0 6.888695895671844 0 0.2692103683948517 86.67114321142435 85.37722882628441 3.880992919206619 0 0.1483051478862762 3.990075692534447 0.6383923441171646 3.068512380123138 0.1239953488111496 0.8668583929538727 0 1.571649268269539 0.4175800606608391 0 744.7907696515322 0.4083900973200798 0.120660811662674 0.4165548756718636 0 96.17248510569334 135.1369144320488 263.7450668811798 96.19756647199392 3.64682899415493 5.907472714781761 983.2973687797785 42.41352801769972 2.766265958547592 11.59008058160543 0 0 0 0.173977717757225 0.1793869584798813 3.858715116977692 0.295451819896698 1.451802343130112 0.7180385291576385 0.4117580503225327 0 0.6220807731151581 0.1096493154764175
20.89600140601397 6.234864607453346 6993.121387146413 0.3593970835208893 0 35.94820078462362 1103.838587284088 72.0004598647356 12.01221629232168 26.43422467261553 37.72469134628773 0.2054646834731102 13.30122485756874 62.4254472181201 0.5625419542193413 6787.104345679283 4408.326040513813 65.56376014649868 815.2771629542112 0.1531924903392792 11774.32473953813 293.9706285297871 9350.228648610413 755.2615553662181 0.7022058442234993 2656.35561466217 12150.21911223978 3954.782353587449 93.79409789294004 6962.863424576819 0.08786845952272415 2.089208170771599 14.29039485007524 1664.23617117852 213.1679631918669 12339.94618759304 6367.030977107584 5968.352108590305 5745.614573851228 517.2453235834837 21.67418510466814 8.512954875826836 141.1804469898343 3.783680871129036 2.579782523214817 142.824002161622 0 0.1613823622465134 0.6378651112318039 54.38126883655787 2.631226114928722 5.271695256233215 1.664743930101395 0.09999459236860275 0 0.2801892831921577 6.921244330704212 0 2564.605028770864 4.384502999484539 0.2570785880088806 0.4126058518886566 0.135824978351593 353.5500463992357 462.7857480943203 1917.477763108909 144.9032775759697 0.2282715067267418 7.324878372251987 1095.756282411516 130.4928361102939 14.78987314552069 62.54961473494768 0.1214825138449669 0.2795741409063339 2.097104802727699 1.696867488324642 6.762080572545528 52.35116785764694 2.65939000248909 5.219279892742634 6.21642791479826 0.2688749432563782 0 0.4495551586151123 1.811885520815849
29.16578908264637 1121.83128644526 90.79452581703663 1822.497330762446 31.80622483789921 209.5421517416835 1337.248042911291 70.57411623746157 7463.692230269313 583.0370597913861 19.83969646692276 394.504605203867 28.44215821102262 93.84070213884115 467.0467415228486 929.1213226988912 60.46795336902142 2.677264869213104 13.50095464289188 736.2306174486876 171.9163683950901 5850.64893193543 755.2615553662181 6350.552249379456 162.4433451294899 63.81560536473989 4819.79122197628 9523.297242127359 429.8013836666942 245.8704407215118 0.62279212474823 19.66299484670162 29.26294504106045 162.9368555545807 46.66957730054855 1653.068435177207 135.878576926887 399.808752655983 191.6393249258399 817.9098225831985 24.56274862587452 12.02420069277287 13.95744792371988 35.09603618830442 10.6731785312295 53.5619220584631 139.7617698535323 0.1662527918815613 19.58065357804298 787.4692752733827 59.25449704378843 334.0028265714645 275.5112544447184 8.825209647417068 37.12146820127964 2.307186514139175 66.23934130370617 0.649362787604332 554.9806601181626 5.588141828775406 2.293331794440746 1.141855716705322 84.65287189930677 566.0262927636504 188.9637308344245 107.6265068277717 2197.756540983915 1.791064769029617 10.91982025653124 201.072892844677 1986.688329547644 137.270086824894 370.4237622469664 0.996996782720089 7.577696554362774 4.349458061158657 42.3338962867856 1.403494134545326 83.94830410927534 4.411817625164986 54.47629071772099 16.81340035051107 57.60724692046642 13.76370490342379 4.734650790691376 2.543149128556252
0 1815.299742430449 0.9248136430978775 0 0.2080782204866409 1.093013644218445 0 0 158.5710891187191 0.5422043204307556 478.5704173073173 0.1440925300121307 4400.910839281976 0 6.456520199775696 6.095260076224804 0.3136582672595978 7.513130888342857 2.82744125276804 0.1019086092710495 0.6412062421441078 386.76605014503 0.7022058442234993 162.4433451294899 654.2102339044213 193.1826299205422 4516.234204001725 3.844943158328533 0.08379485458135605 0 408.0719829797745 0.09391272813081741 0 76.46442741900682 0.9790884107351303 95.34028258174658 191.2758731693029 360.3699746876955 99.16316167265177 21.76416559517384 12.18346193432808 304.0551778972149 0 0 20.18960629403591 4.032868966460228 0.2554047927260399 0 0 0 0 0.2158742770552635 0 44.97588206827641 0 436.8000718355179 0 0 0.263401985168457 0.5774307399988174 10.45667235553265 1.881305441260338 0 0.2418780028820038 1.286073543131351 0.1082012206315994 1.187372826039791 146.0309644788504 309.460263505578 655.3689399212599 1.703108131885529 0 0 80.44931358844042 0 0 0.4091928228735924 1.172349601984024 19.33263555914164 47.44411088526249 5.240583628416061 4.453292489051819 0.1064027473330498 0 49.25149127840996 0
22.03439875692129 168.5304487124085 3796.094122327864 1.394838586449623 0.1331660449504852 59.5851343460381 382.4873065054417 132.4401270225644 9.91179621219635 37.84624736756086 2613.59323631227 13.85650483518839 350.5406013131142 118.4467722512782 1.401786029338837 6.126193724572659 840.8289128169417 1395.176776122302 4645.333093259484 4.429311193525791 44.91893365979195 10.35577802360058 2656.35561466217 63.81560536473989 193.1826299205422 23649.80072373152 15740.45841698349 82.76665985584259 120.6441063843668 427.0061269439757 213.8439086079597 6.648546494543552 8.882138557732105 1401.015369910747 29.04888665676117 3325.491090834141 4894.432374544442 4225.898763418198 1150.946003526449 68.99798148870468 5.088156871497631 67.79913121461868 11.22930081933737 0.3454948589205742 139.5360233932734 525.7293713316321 0.1277260035276413 0 0.5466193631291389 17.08275216072798 1.774515263736248 4.849217623472214 2.421042494475842 92.15096816420555 0 624.9053002968431 4.380383633077145 0.9088381081819534 18.0089898109436 129.5258842930198 100.9608434736729 161.4515892639756 0.1338486969470978 3.811501987278461 14.71336477994919 10.63809968531132 32.85805060714483 147.8978872522712 3254.083977676928 4541.682722002268 23.35217245668173 4.224139802157879 3.122675016522408 169.6274974346161 0.08469924330711365 1.347645699977875 4.134013943374157 2.162884250283241 96.63142888247967 123.7520737424493 36.35669277608395 13.7522661536932 1.818388871848583 0.5492531806230545 0.5231473594903946 0.2620647549629211
19.24018134176731 5287.583275057375 9450.696958005428 0.6429338455200195 4.087886713445187 29.90536020696163 475.0321613326669 86.00312082469463 648.1366839781404 23.16917745769024 509.7713516280055 2.647199742496014 4286.264057584107 99.66573814302683 33.02146408706903 4527.358090050519 3288.289093412459 334.6196965947747 1708.070839073509 0.8698494359850883 1423.78746689111 1610.921044811606 12150.21911223978 4819.79122197628 4516.234204001725 15740.45841698349 31538.07918293774 2609.323054693639 118.6827995032072 503.303067907691 565.6045473068953 4.338938295841217 9.187117144465446 1219.110866054893 107.600128442049 7503.149215191603 4773.145397491753 4738.193459823728 2166.056860990822 304.7654508426785 27.03395033627748 45.50294259190559 44.26576964557171 5.791665747761726 1443.473554596305 2707.504183635116 1.505801163613796 0 1.615867137908936 99.87396809458733 10.63034232705832 14.01348321139812 6.280582152307034 123.6344002783298 0.3533018529415131 701.5220491141081 23.19863978773355 0.7995751798152924 1130.716709181666 286.9802198335528 134.7855757176876 264.943244792521 1.860057964920998 66.83515225350857 596.2102916613221 1821.453975886106 221.1913552954793 974.7958650812507 6106.194064773619 18780.75560627878 157.6167592182755 12.63149301707745 26.53611943125725 247.8330527171493 0.3684268668293953 1.552813671529293 11.61296600848436 4.371569663286209 192.4257011637092 200.188612177968 82.06937140971422 39.24717729538679 5.491316296160221 1.151325277984142 2.918467566370964 2.009917087852955
27.03205705434084 27.37366805225611 340.0100993663073 5272.374843589962 15.56302061676979 583.8817894607782 13728.83677959442 138.6542281657457 1988.724779628217 5117.229968376458 14.9996175095439 1279.520058043301 14.37555543333292 153.308469042182 205.8060768172145 612.8408106118441 77.44297476857901 4.572422422468662 14.98239702731371 2751.617166861892 2333.146532215178 187.7026874274015 3954.782353587449 9523.297242127359 3.844943158328533 82.76665985584259 2609.323054693639 15652.78748068959 778.1300224885345 5035.906041279435 0.2080292552709579 27.91561745852232 42.82315327972174 404.6687684059143 151.9190580174327 4339.562047578394 167.2680096626282 1206.923709474504 564.2641196250916 702.2204227223992 63.49553910642862 20.51715779304504 45.42452975362539 74.52512746304274 5.354451067745686 31.5773351341486 262.5238664671779 0 47.38844185695052 1227.695806264877 106.3596677742898 321.9396278038621 720.2069156840444 15.95852948725224 92.92664191871881 4.153555855154991 135.1303090080619 7.447415582835674 503.982781842351 7.774395257234573 4.184548687189817 0.9844935461878777 232.8435083031654 660.6523000597954 92.53260201960802 100.5863904207945 2313.940830379725 1.903110697865486 6.3077372610569 113.4382596537471 2851.459628485143 279.1320572420955 676.4175955429673 0.4618511721491814 8.981071479618549 10.86127363145351 65.54888109862804 4.385480806231499 136.9654841423035 6.136816240847111 96.8536429926753 23.34376376122236 113.8092883601785 13.77419444173574 15.52572084963322 1.684749498963356
4185.920783013105 0.2876445725560188 76.3641430772841 76.59421905502677 0.7447438836097717 359.5947159677744 2016.565860535949 504.6381363272667 47.98309849202633 1454.220078323036 29.17629183456302 437.5483392998576 5.619640380144119 2885.075871504843 18.78867162764072 1.226271830499172 393.9415632672608 17.24059864506125 132.115763027221 138.9509206339717 133.960416868329 0 93.79409789294004 429.8013836666942 0.08379485458135605 120.6441063843668 118.6827995032072 778.1300224885345 15021.57992389053 3603.796797607094 0.6644700169563293 1043.883684631437 2925.654818020761 1901.934123985469 36.48029954731464 637.7175429388881 272.0435209088027 1521.804605081677 242.57899543643 307.4462876915932 43.1339847818017 1.242303229868412 21.68185938149691 5.000389091670513 0.08239730447530746 2.331144832074642 7.000794187188148 0 0.2730725109577179 95.36876349896193 7.779692694544792 5.168531700968742 8.682514354586601 0.5245263203978539 2.332697413861752 0 8.870513722300529 0 5.283450849354267 0.1224025413393974 0 0 1.171570673584938 12.84584195539355 0.7390827089548111 0.7179088145494461 94.31009672954679 0 0.374669648706913 2.125577054917812 155.3418970070779 15.68221850693226 29.52982815727592 0 0.9342449307441711 0 4.019924245774746 0.1091064065694809 11.1363582983613 0 7.259015288203955 2.019027560949326 3.01091842353344 0.5983382910490036 1.790886640548706 2.178879022598267
