2092.703372061253 0 243.8337924852967 0.3238319680094719 0 4.93619030714035 2740.899734780192 766.492411069572 0.8249435722827911 44.88021095842123 1.740939080715179 1.18030297011137 0.07484276592731476 4020.389175325632 0 0.4606927707791328 155.0350046381354 3.072503432631493 9.158382840454578 0.56119754165411 56.95583395659924 0.09012974053621292 281.1101355105639 6.477106355130672 0 24.12497793883085 36.29414527863264 42.16163612157106 3337.539920933545 4144.035381838679 0 1.607674956321716 48.6000439375639 60.60662036389112 1.971224941313267 32.2355644479394 13.30259931832552 41.8303369358182 9.962448269128799 0.4820554926991463 0.5068534463644028 0.1687297075986862 0.3685043007135391 0 0.2952618822455406 0.8859339356422424 0 0 0 0.5589722692966461 0 0.1465883553028107 0 0 0 0 0 0 0.1225475370883942 0 0 0 0 0.2533656433224678 0 0.2004280313849449 3.042689137160778 0 0.12635637819767 1.705303497612476 4.526633858680725 0.1002820879220963 1.406917363405228 0.1227982416749001 0 0 0 0 0.9493580460548401 0.4059662595391273 0.8909142762422562 0 0 0 0 0
0 73.98997897654772 39.9720805361867 2.228100456297398 0.1184924989938736 0.5790002048015594 1.985825017094612 0.7977535352110863 377.4713596925139 1.716262228786945 135.2412521913648 4.956545673310757 967.3423561751842 0.6851164996623993 6.31841729581356 92.08523387461901 22.2255250364542 5.159457392990589 18.94384495168924 2.803881637752056 2.755293600261211 1572.783895291388 8.093809843063354 628.0773214772344 1633.928256370127 50.46044792234898 3601.410158954561 22.07645751535892 0.8616562932729721 0.533643513917923 49.84422558546066 0.2341466918587685 0.211105689406395 57.97239378839731 0.4293201267719269 11.12636294960976 56.78826899081469 30.54231361299753 4.049053825438023 7.566907696425915 0.2091551274061203 225.3550058305264 2.289218425750732 0 134.4297638684511 26.57331459224224 0 0 0 0.9465443640947342 0.1225777417421341 1.517037615180016 0.1754524558782578 22.57855347543955 0 141.5579326823354 0.2373326942324638 0 5.008961491286755 2.141247630119324 5.591238938271999 1.698043659329414 0 0.5987443551421165 21.95667809247971 2.614150650799274 5.972130343317986 316.0960851088166 109.4754104018211 846.4530481994152 3.333240993320942 0.2727350890636444 0.6763695776462555 11.824358060956 0.7224385887384415 0 2.329699292778969 0 3.470051921904087 69.7493499442935 15.07455924898386 1.186509653925896 1.160793475806713 0 121.8086963444948 0.3553058356046677
243.8337924852967 39.9720805361867 8499.086661010981 6.469605155289173 0.7844150736927986 98.65279611945152 364.1573344841599 1489.665421903133 4.732363700866699 46.97837913781404 42.42556089907885 1.503263466060162 2.752581931650639 1088.338196635246 0.1128754168748856 17.61157429218292 6545.491657078266 186.6617723554373 476.4301011040807 2.702457003295422 271.4447071701288 16.60912527889013 9993.861936762929 51.36739802360535 2.004155121743679 4551.343484528363 10670.90221491456 540.3573473393917 176.1542454436421 2152.976763308048 7.023361220955849 4.09446693956852 12.44845155626535 1406.910426229239 52.34338322281837 1954.595408990979 5370.849728256464 2680.615920558572 774.5226106792688 29.13173113763332 7.564663343131542 105.9911579340696 6.509618498384953 1.70439899712801 119.8029574081302 823.9381288662553 0.2431317567825317 0 0.3652335032820702 13.96773574501276 11.32507555931807 2.444715157151222 1.978370904922485 0.5120901390910149 0.1822479292750359 2.155874907970428 14.81244415789843 0 91.43531705439091 22.46632346510887 3.166623324155807 4.527137875556946 0 8.811092339456081 113.7623389810324 169.1196054071188 19.50510431826115 16.41494384407997 99.25179172307253 3048.224702104926 22.19640024006367 2.670410089194775 12.62124363332987 0.3706459105014801 0.08657253533601761 0 6.458609953522682 16.97543939948082 58.35930933058262 520.6110763475299 21.57026439905167 8.790128283202648 4.769708678126335 0.1189594641327858 0.603868156671524 0.2063504010438919
0.3238319680094719 2.228100456297398 6.469605155289173 1646.196760959923 2.399707198143005 42.88694661855698 205.5551123172045 22.19038543850183 942.7492616027594 1826.729980118573 1.760733403265476 2466.876437701285 0.478909082710743 35.44233816117048 52.49575915187597 2.216424226760864 0.7713199779391289 0.6731517761945724 0.5353507027029991 3446.564978338778 5.528894372284412 19.55580979585648 3.708955265581608 1975.347739078104 1.774040453135967 2.837359368801117 12.85576452314854 2555.087884791195 54.09757430106401 0.8923070579767227 0.1946713104844093 2.696677632629871 6.304518193006516 29.26407547295094 7.311610043048859 188.6201078295708 4.666451081633568 64.56707684695721 14.61108557134867 157.9570394158363 9.663345202803612 0.7363481894135475 3.045640215277672 0.09981542825698853 0 0.1278200745582581 76.13114247471094 0.1495178788900375 6.901454351842403 79.43968477845192 7.352173343300819 34.78433878719807 188.395196415484 0.3186145946383476 87.87287406623363 0.3281219229102135 4.259227223694324 14.60898971557617 1.024530708789825 0 0 0.1334660351276398 45.38142481446266 1.263206630945206 1.017420463263988 2.157656729221344 113.201186478138 0 0.08143667131662369 1.879731215536594 134.9277809858322 2.248398393392563 2.031521633267403 0 0.250327080488205 0 1.889018163084984 1.445427089929581 105.2825721949339 0.553070530295372 7.975864604115486 1.527143247425556 171.7518497109413 0.122603639960289 0 0
0 0.1184924989938736 0.7844150736927986 2.399707198143005 132.4586612284184 276.6295600533485 2.851740144193172 20.88880430907011 63.46110309660435 3.481830082833767 37.19368559867144 79.21163423359394 0.7919145822525024 27.12529817968607 1068.163722969592 0.2366644367575645 2.592140875756741 6.896109081804752 7.708269007503986 7.121874026954174 0.5933024734258652 1.551298543810844 2.241639152169228 20.16616709530354 0 7.626046687364578 4.951618030667305 4.016906850039959 451.9755874499679 0.5493563860654831 0.6925341784954071 163.3757348954678 0 739.6982534825802 0.528060257434845 51.14265674352646 7.591800689697266 180.1503757461905 53.42487631738186 3450.373982563615 407.339287802577 8.764638155698776 3.529620215296745 0 0 0 0.1397779732942581 0 0 0.4383525252342224 0 0 0.9934936165809631 0 0 0.2356732711195946 0 0.2223752737045288 0.1314932405948639 0 0.2698861658573151 0 0.5444543361663818 0 0 0 0 0 0 0.4912806823849678 0.5085178017616272 0 0 0 0 0 0 0 0.8662073612213135 1.610000893473625 0 0 0.5229996740818024 0 0.5539860725402832 0.4775476306676865
4.93619030714035 0.5790002048015594 98.65279611945152 42.88694661855698 276.6295600533485 13050.11481827497 2369.839914157987 6494.254598930478 95.26037858426571 4703.660976976156 90.46478685736656 4084.883952140808 3.691651403903961 702.7275783270597 2497.355858959258 6.784479074180126 25.77708980441093 24.90304493159056 29.12703536450863 593.6776957139373 43.64104691892862 3.896845653653145 44.21627280116081 282.8217901065946 0.4771264865994453 47.92413786053658 51.71636871248484 893.8550070300698 540.5057636871934 54.47765971720219 2.63860097527504 286.5179782286286 13.65885770320892 500.378285124898 107.9109859466553 547.4525957331061 54.84955742955208 524.1014075949788 160.6112064272165 3268.135871961713 160.3566390573978 29.77967260032892 22.64568617939949 0.2026951462030411 0.4299147203564644 1.174236632883549 6.655049093067646 0 1.145967647433281 19.33021081238985 2.761545225977898 10.19621568918228 15.90101602673531 0.9009908139705658 7.777889229357243 0.28764808177948 1.413007818162441 4.785989284515381 2.514731980860233 0.095074363052845 0 0 5.717912644147873 1.161867134273052 0.6490259915590286 3.140153035521507 31.84872744977474 0.1080457121133804 0.2108078226447105 4.899875231087208 39.4746982306242 0.4335338249802589 3.87763985991478 0 0.2290970683097839 0 0.4962090402841568 3.063648998737335 53.99994900077581 5.854939736425877 4.358531773090363 2.378506898880005 49.63205568492413 1.876123040914536 2.885402418673038 0.0931088775396347
2740.899734780192 1.985825017094612 364.1573344841599 205.5551123172045 2.851740144193172 2369.839914157987 18117.99789226055 5141.390232928097 41.43891909718513 9133.872428037226 28.12062166631222 38.47748095542192 1.726258240640163 6219.319884501398 4.951512135565281 110.0594274476171 24.85447035729885 12.04095531255007 14.96545057743788 170.1326880306005 552.906837746501 21.81425162404776 383.9320874661207 2546.139758318663 1.032772041857243 72.60107677429914 339.8640905767679 17036.92975100875 1303.891164310277 6088.642994299531 0.7188972011208534 28.20527798682451 216.2768061161041 556.2585760504007 170.0722543671727 1684.899387918413 162.3404549509287 1157.325905747712 383.4593469798565 219.389692440629 131.2171414196491 8.184431523084641 37.18651121109724 1.864465281367302 1.388426475226879 7.383416593074799 5.650049805641174 0.5379966497421265 0.8086765855550766 36.09624120593071 5.613330513238907 20.80260603874922 11.20854753255844 0.4734342619776726 3.87154421210289 0 5.791783273220062 0.9922322928905487 26.57044948637486 0 0 0.1118693500757217 2.596848011016846 11.33831173181534 10.25715933740139 26.77715575695038 101.3160328939557 0.1664483249187469 0.84063620865345 33.75461693108082 118.2549418136477 7.216543078422546 16.93349603563547 0.1069687753915787 0 0.5131710097193718 2.864277645945549 30.71260026842356 58.65585213899612 6.809752225875854 13.65267300605774 5.644397102296352 33.37713354825974 1.98403337597847 0.5502614080905914 0.388470858335495
766.492411069572 0.7977535352110863 1489.665421903133 22.19038543850183 20.88880430907011 6494.254598930478 5141.390232928097 13683.96086407453 26.12305129319429 3739.588787093759 54.77883599698544 706.2979430481791 1.687565855681896 6674.596508070827 145.4475696012378 10.67496133595705 903.9283642545342 37.58914846926928 94.59334474802017 229.3738196343184 283.4281730353832 5.252057783305645 889.6077955588698 192.0933770611882 0.1807302460074425 209.2117617875338 344.8135834783316 575.2832020297647 1244.185672096908 2135.676059007645 3.024593077600002 333.7880131825805 24.94729963690042 571.0796065330505 35.55238434672356 605.8233786523342 157.1044087335467 452.8142925575376 166.2187777087092 803.0513301342726 127.781037054956 16.36972741037607 12.82222862541676 2.34518027305603 0.5845396518707275 8.215303659439087 1.177650362253189 0 0.6928205192089081 29.26285284757614 2.98117358982563 15.2758521810174 2.772344261407852 1.23512290418148 0.4805064499378204 0.1108505204319954 4.770597741007805 1.108683809638023 8.886137187480927 0.5644796788692474 0.09344994276762009 0.1263582110404968 0.2867367416620255 6.466603942215443 2.647001147270203 8.935339987277985 94.77718350291252 0.4437645524740219 1.615162573754787 28.07959748059511 96.97782641649246 7.450433313846588 15.17828340828419 0.1552439779043198 0.8644051104784012 0.1468538492918015 3.51040555536747 5.953850224614143 27.47721930593252 8.773135080933571 7.957504704594612 3.043971203267574 17.9014463275671 1.648100987076759 2.245802670717239 2.915177173912525
0.8249435722827911 377.4713596925139 4.732363700866699 942.7492616027594 63.46110309660435 95.26037858426571 41.43891909718513 26.12305129319429 1567.044755876064 356.5697808042169 24.150112003088 677.7649793624878 88.98813900351524 16.83052431046963 996.4472279325128 67.77979257702827 1.550933785736561 1.258215397596359 1.515700601041317 999.0474465191364 25.07751017063856 2655.716084875166 22.0551638379693 14537.35006076097 205.6692355945706 14.72895149886608 542.9932552874088 987.4842368662357 18.53194211423397 16.24380569159985 12.45686285942793 1.563845865428448 1.177432335913181 22.06314196437597 7.063272729516029 255.5338175073266 23.7261403799057 38.97689901292324 16.36450028419495 463.940882012248 15.12121072411537 4.878012113273144 8.568095371127129 8.679390765726566 1.179344817996025 4.221082583069801 161.6779105812311 2.27605727314949 14.60661255568266 305.434369854629 28.12433011829853 270.8322533592582 393.0774574875832 2.400675967335701 132.2069738060236 2.475189939141273 30.86352110654116 44.80861074477434 167.8796243816614 0.2838173434138298 0.7758615091443062 0.1415180563926697 135.9549023509026 88.08051200211048 119.6185973659158 76.21146733313799 1322.565581999719 0.7875843569636345 3.459131337702274 47.82726269215345 826.2039226517081 35.84516185522079 78.71497552841902 0.2234605699777603 4.79931928217411 2.204840764403343 16.26757902652025 4.337019741535187 154.7532842680812 9.630960777401924 42.55307044833899 11.47253375500441 251.1934784203768 6.696302384138107 1.005364522337914 0.2669771015644073
44.88021095842123 1.716262228786945 46.97837913781404 1826.729980118573 3.481830082833767 4703.660976976156 9133.872428037226 3739.588787093759 356.5697808042169 34532.49711714685 72.83698400855064 2279.808405980468 2.822497360408306 1549.604462325573 44.39215103536844 11.32566875219345 12.55100710690022 23.91237299889326 27.26773236691952 4210.542904682457 42.15118598937988 9.057470738887787 30.262729562819 1114.180155858397 1.457396626472473 46.07105849310756 59.59436792135239 6467.892764046788 767.1955579668283 31.4011002779007 2.099498189985752 56.89329794794321 32.4770527780056 452.3505953922868 94.45492796599865 769.5047762542963 50.2014265358448 944.0858242660761 190.0821273326874 268.2216431200504 116.268712028861 7.801585994660854 42.78923096507788 0 0.2297291457653046 3.411175176501274 55.07865090668201 3.224588662385941 4.372395023703575 106.0894569605589 6.342137269675732 34.05171486735344 125.8842548280954 0.7714340463280678 40.47876133769751 0.08937104046344757 6.413441382348537 15.93902753293514 2.804690986871719 0.09446951001882553 0.09515973925590515 0.1180986538529396 39.25042508542538 2.944727875292301 1.963305495679379 4.065013609826565 164.7633186578751 0 0.2514845579862595 4.52143757045269 169.1159639209509 4.355085253715515 3.956253826618195 0.0995597168803215 1.100156374275684 0 1.976556271314621 12.6555398479104 88.36852204799652 3.088663697242737 8.658677913248539 2.841980054974556 125.1528518870473 2.077936068177223 0.7827994897961617 0.09256184101104736
1.740939080715179 135.2412521913648 42.42556089907885 1.760733403265476 37.19368559867144 90.46478685736656 28.12062166631222 54.77883599698544 24.150112003088 72.83698400855064 9744.704712882638 55.52675577998161 2350.042867593467 120.0523414313793 1.139392592012882 4.02708987146616 413.8233378604054 4927.502768538892 1783.935531407595 22.13961421698332 7.615476205945015 74.29661095887423 23.32779637724161 43.58397468924522 662.5184081792831 3798.336174108088 1042.440935790539 36.41748347878456 325.3793603107333 13.31133022159338 667.6462765336037 142.5690273120999 5.079816669225693 5424.739734582603 19.32993996888399 712.7244719788432 5233.62420450896 4142.000889964402 815.539957344532 36.61235770583153 21.12527099996805 1715.32444486022 19.02955055236816 0 21.74728240072727 1.166537515819073 0.5658252984285355 0.1418703645467758 0.3830768689513206 1.833799183368683 0.571719728410244 0.2417237758636475 0.7709111124277115 168.5078415125608 0.08806237578392029 712.9412624165416 0.4737624973058701 0 0.6906072795391083 0.4277039840817451 42.96537233144045 2.823110528290272 0 0.1170911714434624 2.437155641615391 0.6305836513638496 4.566911265254021 246.5692670717835 147.1977483406663 342.9007624462247 7.125525608658791 2.307189017534256 0.2790436819195747 125.024205327034 0.6567199900746346 0 3.86964538693428 5.204085052013397 14.66160940378904 347.2818164825439 51.58505464345217 6.128694474697113 1.123973049223423 1.30588398873806 265.2393813207746 2.487877555191517
1.18030297011137 4.956545673310757 1.503263466060162 2466.876437701285 79.21163423359394 4084.883952140808 38.47748095542192 706.2979430481791 677.7649793624878 2279.808405980468 55.52675577998161 5402.019153684378 3.598896957933903 397.69771143049 1597.153021432459 0.2572086453437805 3.876000605523586 16.01222252845764 14.98455605655909 5277.771785579622 0.9365401118993759 32.49542792141438 1.335244171321392 1057.973813630641 2.198585949838161 22.07128822803497 24.96715274453163 570.1253120154142 303.5164598301053 1.677617721259594 1.772850729525089 81.52943064272404 1.184987522661686 352.569029673934 26.24494246393442 540.7344817593694 24.72589284181595 438.6532767266035 83.99150013178587 1879.801259338856 57.44016086310148 11.00407394766808 9.559831082820892 0 0.1373494416475296 0.2586784958839417 25.87448392808437 0.5082821398973465 5.325803123414516 38.75832427293062 2.663990899920464 17.0554329007864 113.8470072448254 0.2046713903546333 70.91276241093874 0 0.8866991624236107 20.09082448482513 0.3654156476259232 0 0 0 32.92804329842329 0.5700284540653229 0.5146230161190033 0.5108957439661026 44.72068075090647 0.117075577378273 0 1.710612423717976 49.19841419905424 0.7580548375844955 1.113933175802231 0.08869326114654541 0.3076313436031342 0.3395400792360306 0.4084657728672028 1.140453144907951 143.8889854177833 1.58583952486515 3.543817140161991 0.359597273170948 158.043126091361 0.4317504093050957 0.5200946554541588 0.1301862299442291
0.07484276592731476 967.3423561751842 2.752581931650639 0.478909082710743 0.7919145822525024 3.691651403903961 1.726258240640163 1.687565855681896 88.98813900351524 2.822497360408306 2350.042867593467 3.598896957933903 4037.40050008893 3.760585591197014 1.397560030221939 16.62175352871418 2.166286490857601 57.06028501689434 9.064751394093037 1.77621515840292 3.126755386590958 421.7154168188572 2.475461065769196 122.4315735176206 4543.932877369225 481.5065562203526 3694.424050204456 8.098074056208134 9.102892942726612 1.304683856666088 1297.854175150394 3.070087388157845 0.227051667869091 549.1827454343438 1.347200661897659 64.55331636220217 1976.123536139727 768.2817817404866 44.22044929116964 2.99829488992691 1.678633935749531 700.4762199372053 1.957274436950684 0 65.30822996050119 0.7150259613990784 0 0.1173803210258484 0.2521136626601219 0.1686496287584305 0.3639980629086494 0.3509467840194702 0 345.5995461642742 0.07725365459918976 1697.763411790133 0.5036584362387657 0.1106790974736214 0.6131577044725418 0.5722273141145706 84.99523375183344 4.260033689439297 0 0.3802321329712868 3.612212844192982 0.4983962029218674 2.564650326967239 697.4652260616422 235.7289938777685 661.4857580214739 0.7110929042100906 0.4936315566301346 0 269.3560041040182 0.9020159542560577 0 10.13253672420979 0 4.745025292038918 472.1825983151793 75.91468016058207 8.743427626788616 0 0.478627473115921 410.1950483471155 0.411809891462326
4020.389175325632 0.6851164996623993 1088.338196635246 35.44233816117048 27.12529817968607 702.7275783270597 6219.319884501398 6674.596508070827 16.83052431046963 1549.604462325573 120.0523414313793 397.69771143049 3.760585591197014 7561.916334718466 13.8012907281518 6.985960856080055 1022.830714516342 55.50703247636557 105.8639597520232 215.0065133646131 252.0218517258763 3.368841081857681 984.4678430482745 214.7122351303697 0.878220833837986 192.6970555782318 345.839673012495 685.7218904793262 6005.846513360739 3773.021250031888 3.894767373800278 103.8890140131116 55.93409056216478 1077.471896447241 19.55289776623249 475.2921858876944 129.4334826096892 736.4957732856274 148.1153273433447 254.6392160207033 124.0240664482117 12.89328190684319 12.11753068119287 0.6015301793813705 1.244708180427551 3.958355769515038 0.1634636223316193 0 0.4445957541465759 15.79657652229071 3.797408983111382 10.02009183168411 1.499320842325687 0.1828156262636185 0.09029643982648849 0 3.551704503595829 0 6.378648042678833 0.2647951170802116 0 0 2.242642529308796 6.734651274979115 5.929463610053062 7.299981229007244 54.39876772463322 0 0.7771876230835915 20.33960377424955 80.8702976629138 2.237559631466866 10.89302897453308 0.09809625148773193 0 0.7939381003379822 3.53245472162962 5.549864113330841 30.69964446127415 5.580963462591171 7.160554073750973 2.682008743286133 13.87972322851419 0.8780148774385452 4.000543370842934 0.6318316012620926
0 6.31841729581356 0.1128754168748856 52.49575915187597 1068.163722969592 2497.355858959258 4.951512135565281 145.4475696012378 996.4472279325128 44.39215103536844 1.139392592012882 1597.153021432459 1.397560030221939 13.8012907281518 319.311366520822 0.8687305897474289 0 0.0917339101433754 0.5049113780260086 207.9410716071725 0 62.57039406895638 0.1222210898995399 964.5443689376116 3.118338756263256 0.5833398103713989 14.06444488465786 33.75152243673801 6.120509296655655 0 0.2925833687186241 129.5893400162458 0 22.49362140148878 3.468999639153481 299.4747229963541 3.208753481507301 7.498192556202412 3.352049089968204 1481.230392865837 29.52320994436741 1.051206417381763 1.283011078834534 0 0 0 4.202556788921356 0.1554714739322662 2.433700516819954 12.27269670367241 2.108142793178558 6.297730758786201 17.00682757794857 0.1355526596307755 15.08196403086185 0 1.041671901941299 5.338265180587769 1.004781313240528 0 0 0 8.807520225644112 1.185015946626663 1.10375402867794 0.5611075162887573 17.05725418031216 0 0.2289676368236542 1.066525839269161 18.91554061323404 0.8921860158443451 0 0 0.6720651984214783 0 0 0 65.79745478928089 0.1524373292922974 0.6566166579723358 0.7812349796295166 56.32214139401913 0 0 0.1466846764087677
0.4606927707791328 92.08523387461901 17.61157429218292 2.216424226760864 0.2366644367575645 6.784479074180126 110.0594274476171 10.67496133595705 67.77979257702827 11.32566875219345 4.02708987146616 0.2572086453437805 16.62175352871418 6.985960856080055 0.8687305897474289 3846.910212635994 21.35545434802771 0.8451723754405975 3.740280278027058 0.4411001354455948 1927.810138605535 1821.074627645314 2953.740461543202 3119.593672767282 36.01532431691885 8.248774491250515 5476.696225762367 1909.808714613318 10.78289952874184 154.7091597989202 2.44559220969677 0.1663296967744827 3.058689899742603 110.3164627328515 90.39751797169447 1329.47746501863 690.7569888234138 475.8960470035672 469.0173680856824 30.30610129237175 9.825247064232826 11.3781196475029 16.1015692204237 4.474567264318466 8.242897644639015 62.71352554112673 0.8518043756484985 0.363319456577301 0.5259652361273766 38.15824647992849 7.285940989851952 35.87607296556234 2.672145642340183 2.406935766339302 0.7709130793809891 1.603807330131531 15.10570851713419 0.8992976024746895 1548.742664992809 5.883577167987823 0.2004563808441162 1.138950832188129 0 295.8187351822853 539.8466160297394 1640.088037632406 215.416727758944 1.550992973148823 8.906222805380821 604.6921130642295 230.4014481976628 16.46616312116385 67.67616367340088 0.9602697491645813 0.6872069388628006 0.815685823559761 10.03186086565256 18.12754064798355 192.2716258317232 43.18192906677723 31.00584100931883 20.78310022503138 23.21449495106936 3.109391175210476 5.352704837918282 3.775548748672009
155.0350046381354 22.2255250364542 6545.491657078266 0.7713199779391289 2.592140875756741 25.77708980441093 24.85447035729885 903.9283642545342 1.550933785736561 12.55100710690022 413.8233378604054 3.876000605523586 2.166286490857601 1022.830714516342 0 21.35545434802771 2134.524318993092 349.5238121300936 4394.090366005898 2.694167762994766 867.0891282185912 17.40668504685163 3649.309949755669 19.09936544299126 3.238937795162201 2616.595411173999 6846.333419956267 30.26185995340347 981.2054837718606 1386.42204028368 4.545290105044842 9.059221372008324 123.7086479365826 2767.875639170408 9.182337306439877 363.0541829839349 281.3383391425014 1548.463753670454 364.2683755010366 5.61122602969408 2.475394733250141 2.435083985328674 2.085927926003933 0.1191433593630791 8.469583548605442 20.21930988878012 0 0 0 0.8779060989618301 0.137636661529541 0.1938674747943878 0 0.1383215934038162 0 1.124203816056252 0.6564178392291069 0 4.976330392062664 1.687994405627251 0.9706513583660126 0.9215270802378654 0 1.898630447685719 5.312058821320534 3.907172486186028 2.142211399972439 4.92258957028389 30.28936553746462 148.8089294806123 4.001184657216072 0.112622544169426 0 0.5203386917710304 0 0 0.4072614163160324 1.786969356238842 6.830169230699539 35.14199540019035 2.10297042876482 0.3344918936491013 0 0 0.5741655230522156 0
3.072503432631493 5.159457392990589 186.6617723554373 0.6731517761945724 6.896109081804752 24.90304493159056 12.04095531255007 37.58914846926928 1.258215397596359 23.91237299889326 4927.502768538892 16.01222252845764 57.06028501689434 55.50703247636557 0.0917339101433754 0.8451723754405975 349.5238121300936 666.3728578090668 2433.58462587744 7.381901904940605 5.105343967676163 4.841914333403111 64.19419488310814 7.328541323542595 15.90634746104479 4712.403441056609 1331.557531140745 17.24687975645065 92.7239021062851 26.19419661909342 109.9190807938576 25.98034974932671 3.207010045647621 1257.074275486171 10.76416840404272 531.7634120881557 1170.647825755179 1304.356802731752 434.0862039327621 9.613814428448677 7.394457541406155 55.24063351005316 6.540114350616932 0.1123305633664131 13.86076277494431 1.031303875148296 0 0 0 0.3348142206668854 0 0.5602176189422607 0 8.143332451581955 0.09490206837654114 46.38510049134493 0 0 0.3510336503386497 0.1157070398330688 22.56737688928843 3.242503471672535 0 0 1.021340385079384 0.7883938923478127 2.060043275356293 38.60366503149271 135.5093745365739 261.6768351867795 1.406350560486317 0.1812715828418732 0.1313235461711884 18.31359749287367 0 0 1.743304990231991 2.852446898818016 8.270082496106625 34.83956289291382 7.426351234316826 2.37795378267765 0.1608318090438843 0.4155970066785812 4.630376696586609 0.2047119289636612
9.158382840454578 18.94384495168924 476.4301011040807 0.5353507027029991 7.708269007503986 29.12703536450863 14.96545057743788 94.59334474802017 1.515700601041317 27.26773236691952 1783.935531407595 14.98455605655909 9.064751394093037 105.8639597520232 0.5049113780260086 3.740280278027058 4394.090366005898 2433.58462587744 3238.191161543131 6.885249800980091 29.49335363507271 10.06897181272507 232.4347259700298 13.67143980413675 16.17998360842466 6971.054621957242 2741.589591160417 14.45628386735916 196.5571216195822 68.03533716499805 9.700679995119572 33.54848918318748 14.4241548627615 3296.029716953635 8.971328802406788 623.0879516601562 499.1448989287019 1536.315694689751 414.6559376567602 8.08435183018446 6.086171358823776 4.967423863708973 4.056371189653873 0 11.20279987156391 4.200585514307022 0 0 0 1.275202341377735 0.1999695003032684 0.9760560840368271 0 0.9159101694822311 0 3.756408907473087 0 0 0.2199591994285583 1.372650779783726 2.237392723560333 1.691952340304852 0 0 1.913538694381714 0.4800946190953255 2.08732932060957 8.817318521440029 72.06818001717329 153.5022618919611 2.065801486372948 0 0.3306180834770203 1.483221508562565 0 0 0.1068453565239906 2.137780100107193 6.243739038705826 25.8200952783227 1.975059427320957 0.6243995502591133 0 0.1552610248327255 2.060758113861084 0.3552362620830536
0.56119754165411 2.803881637752056 2.702457003295422 3446.564978338778 7.121874026954174 593.6776957139373 170.1326880306005 229.3738196343184 999.0474465191364 4210.542904682457 22.13961421698332 5277.771785579622 1.77621515840292 215.0065133646131 207.9410716071725 0.4411001354455948 2.694167762994766 7.381901904940605 6.885249800980091 863.0674208700657 1.726937919855118 22.0274154022336 2.36144020408392 896.4561014324427 1.432991616427898 9.526718854904175 14.57892002165318 2977.550851903856 175.2917020022869 2.24752639234066 1.035787969827652 16.1587613299489 4.024277150630951 132.6449545323849 6.430156730115414 279.6961758360267 8.379465028643608 269.7910671904683 53.99441456049681 506.5034386739135 35.6920018941164 3.647851102054119 12.40474253892899 0 0.4027067422866821 0.5564341694116592 56.50153984129429 0.3014125823974609 4.263111583888531 81.8469043597579 5.962532751262188 42.99868244677782 122.7027602642775 0.7295083850622177 55.73699475079775 0 3.368155106902122 26.64628610759974 0.4799070283770561 0 0 0 43.42205945402384 1.206682950258255 2.121102064847946 1.269015111029148 98.15639828145504 0.1964631974697113 0 1.026698812842369 109.0194605588913 2.027406699955463 0.1524757444858551 0 0.1352565437555313 0 2.180135674774647 1.477438986301422 113.1521118879318 0.8312750607728958 7.137277312576771 0.5331786200404167 171.7898960709572 1.776181496679783 0 0.156618744134903
56.95583395659924 2.755293600261211 271.4447071701288 5.528894372284412 0.5933024734258652 43.64104691892862 552.906837746501 283.4281730353832 25.07751017063856 42.15118598937988 7.615476205945015 0.9365401118993759 3.126755386590958 252.0218517258763 0 1927.810138605535 867.0891282185912 5.105343967676163 29.49335363507271 1.726937919855118 14872.12095118314 35.29511395096779 8864.455393716693 652.9347135424614 0.7199965268373489 26.95824018865824 386.6911871805787 5863.479011014104 156.1887624561787 12926.39838717878 0.1471496522426605 3.320578262209892 42.67359893023968 2984.61137200892 380.1662511974573 3161.155183248222 1268.501304700971 4943.549632675946 2591.526424705982 67.48708968609571 33.59697308391333 5.891362391412258 30.97782954573631 4.133002892136574 0.2356492057442665 4.825441308319569 0.201998695731163 0 0.1521933227777481 25.12982340157032 2.969743460416794 17.04106570780277 1.491125673055649 1.021240927278996 0.6232162788510323 0.1250239908695221 13.43090809881687 0.408236637711525 228.5966303125024 0.7773360535502434 0.3154370039701462 0 0.1444069743156433 146.2044775485992 75.68553980439901 185.0393283069134 126.9308721572161 0 2.229466907680035 38.33373960852623 143.4457272365689 21.82178216427565 79.05226591229439 0.124913401901722 0.1982214450836182 0.9414742141962051 6.667794980108738 87.30397645384073 157.1901586577296 14.85511104762554 18.59523485600948 14.04204615950584 18.09837328642607 5.262038379907608 3.445157304406166 1.508256569504738
0.09012974053621292 1572.783895291388 16.60912527889013 19.55580979585648 1.551298543810844 3.896845653653145 21.81425162404776 5.252057783305645 2655.716084875166 9.057470738887787 74.29661095887423 32.49542792141438 421.7154168188572 3.368841081857681 62.57039406895638 1821.074627645314 17.40668504685163 4.841914333403111 10.06897181272507 22.0274154022336 35.29511395096779 3086.044892475009 138.211726218462 6006.476745069027 1052.077016688883 35.75806723535061 6202.757213756442 215.0889937877655 2.790634825825691 4.883770145475864 45.86481377482414 0.2480814084410667 0.7329514175653458 20.54186994582415 0.9355212822556496 37.00434776395559 23.75508588552475 26.86857300251722 7.443224258720875 57.31509683281183 0.9651794657111168 24.3052197098732 1.379337191581726 1.602189615368843 60.04571042954922 42.63787017017603 0.3453485295176506 0 0.243741974234581 7.226772345602512 1.947325848042965 27.83124689757824 0.9340049847960472 1.805769369006157 0.6373681277036667 7.196575656533241 4.226724445819855 0 517.059344612062 1.839588202536106 1.575423069298267 0.7565821334719658 0.4302894771099091 52.58316442370415 203.9140867292881 271.3727363571525 119.3143113180995 8.129242226481438 21.78808882832527 1191.79289509356 72.64857015013695 3.936399847269058 12.25190395116806 2.57857009023428 0 0.6993047893047333 3.135734036564827 2.798303484916687 20.28352829068899 18.99695661664009 10.20674565434456 3.570633575320244 4.130640171468258 0.5191431641578674 5.91604521125555 0
281.1101355105639 8.093809843063354 9993.861936762929 3.708955265581608 2.241639152169228 44.21627280116081 383.9320874661207 889.6077955588698 22.0551638379693 30.262729562819 23.32779637724161 1.335244171321392 2.475461065769196 984.4678430482745 0.1222210898995399 2953.740461543202 3649.309949755669 64.19419488310814 232.4347259700298 2.36144020408392 8864.455393716693 138.211726218462 12588.20262798667 1123.562605462968 3.058925792574883 642.2062955126166 7000.123030796647 4823.562611065805 394.2460281327367 6375.870259575546 2.308196328580379 6.710021868348122 29.86922866851091 3475.675492033362 609.9237743765116 7077.628452524543 4689.932831965387 7457.519316136837 4976.634105727077 166.5034999996424 55.80521323531866 44.60960721224546 54.66096888482571 3.731633335351944 9.737167343497276 131.9929608926177 1.328610956668854 0 0.9334098026156425 38.00916903465986 7.45792730897665 25.09242121875286 2.220747999846935 0.5968357771635056 0.2217592746019363 0.9570954889059067 16.04157095402479 1.031881093978882 1167.433321774006 5.9206228479743 0.4492383226752281 1.288177341222763 0.5065149813890457 191.0532290861011 238.2554040551186 1482.006121039391 141.0993925854564 0.2534297481179237 11.14760975539684 692.0979600548744 164.6621043607593 16.31377471238375 53.58400382101536 0.1161715239286423 0 2.227156966924667 8.615888386964798 124.4255411922932 293.0968631356955 61.28398030251265 37.71244728565216 34.54118528962135 17.03241434693336 5.66754275560379 6.728729367256165 1.655255809426308
6.477106355130672 628.0773214772344 51.36739802360535 1975.347739078104 20.16616709530354 282.8217901065946 2546.139758318663 192.0933770611882 14537.35006076097 1114.180155858397 43.58397468924522 1057.973813630641 122.4315735176206 214.7122351303697 964.5443689376116 3119.593672767282 19.09936544299126 7.328541323542595 13.67143980413675 896.4561014324427 652.9347135424614 6006.476745069027 1123.562605462968 16136.16877951473 272.0268054455519 40.88773579150438 3379.781721100211 14069.09332361072 375.226922288537 237.5434174016118 19.22660183906555 19.4972762465477 71.20576550811529 348.5829605609179 132.8671040982008 2290.971492156386 270.1818555817008 811.8121307790279 308.5431363135576 783.284177981317 108.2940471991897 15.1157034188509 50.84140531718731 20.9234334975481 4.097259126603603 18.10778288543224 187.4428500384092 2.871862731873989 35.10947268456221 1045.824801146984 111.9121051132679 770.5854750350118 380.6857915595174 12.92902398109436 99.68970040231943 3.771686166524887 145.2173867300153 42.35884349048138 463.4509606510401 3.714833289384842 2.479858420789242 2.086378201842308 102.7341222986579 304.4696290791035 379.2045522779226 321.85620264709 3191.325021959841 3.17338677495718 10.84182478487492 156.048459969461 3166.751657098532 134.664834074676 264.5756525918841 1.100864343345165 21.12247093766928 10.98951555788517 66.56839725375175 36.14460092782974 734.3754631057382 40.64255083352327 210.8505140766501 56.94035919010639 704.8388668894768 34.19915562868118 19.89750245958567 2.744918696582317
0 1633.928256370127 2.004155121743679 1.774040453135967 0 0.4771264865994453 1.032772041857243 0.1807302460074425 205.6692355945706 1.457396626472473 662.5184081792831 2.198585949838161 4543.932877369225 0.878220833837986 3.118338756263256 36.01532431691885 3.238937795162201 15.90634746104479 16.17998360842466 1.432991616427898 0.7199965268373489 1052.077016688883 3.058925792574883 272.0268054455519 1394.357588633895 214.2239848822355 4213.202451646328 10.3476856648922 1.134578235447407 0.3476826399564743 425.337123349309 1.852566070854664 0 375.3550823032856 0.2045049369335175 26.89187880605459 458.340606033802 175.6473209634423 10.7973527982831 3.26310458779335 0.5663442611694336 266.4793297797441 0.1732383966445923 0 137.6137934401631 3.425696544349194 0 0.2887053191661835 0.08951995521783829 0 0.4299009144306183 0.3053248301148415 0.08800981938838959 140.0164570584893 0 563.1572432219982 0 0 0 0.565637931227684 42.98487523943186 3.974750272929668 0 0.2947560250759125 4.343666039407253 0.3691597655415535 2.623483747243881 316.2764504253864 243.5774016752839 642.959004431963 1.751827523112297 0.4292329698801041 0.2537163868546486 76.35583154857159 0.09835339337587357 0 3.760241828858852 0 4.522331781685352 139.22163438797 74.77319771796465 4.651915997266769 0 0.5465818643569946 163.4392837807536 0
24.12497793883085 50.46044792234898 4551.343484528363 2.837359368801117 7.626046687364578 47.92413786053658 72.60107677429914 209.2117617875338 14.72895149886608 46.07105849310756 3798.336174108088 22.07128822803497 481.5065562203526 192.6970555782318 0.5833398103713989 8.248774491250515 2616.595411173999 4712.403441056609 6971.054621957242 9.526718854904175 26.95824018865824 35.75806723535061 642.2062955126166 40.88773579150438 214.2239848822355 25794.29018244892 12890.89125049114 82.64380073547363 188.6035073250532 187.332058660686 932.6185677275062 35.48832460492849 8.432494677603245 2327.970459766686 37.55459409207106 2371.591670826077 4834.008680962026 3377.601813651621 1090.004614599049 28.41689103841782 10.74658297747374 164.2313632667065 18.68153055012226 0.2887834906578064 273.3755819573998 99.06146065145731 0 0 0.3294039443135262 1.587033271789551 0.9923703446984291 1.688492357730865 0.279177151620388 61.15786093473434 0.2214327678084373 357.838297739625 2.12928980588913 0.2402877062559128 9.853066757321358 16.76030521094799 120.1047291830182 33.37805131822824 0 1.908937633037567 24.52500294148922 7.357772625982761 8.854664817452431 333.9901338517666 1524.39947719872 3413.033833630383 6.812218502163887 0.4407383650541306 2.597077488899231 124.7165185287595 0.7529196888208389 0 12.31689689308405 12.8979282900691 76.24247540533543 1029.27244104445 59.88090465217829 15.93438655883074 2.479389451444149 0.1859320402145386 53.05711927264929 0.211466372013092
36.29414527863264 3601.410158954561 10670.90221491456 12.85576452314854 4.951618030667305 51.71636871248484 339.8640905767679 344.8135834783316 542.9932552874088 59.59436792135239 1042.440935790539 24.96715274453163 3694.424050204456 345.839673012495 14.06444488465786 5476.696225762367 6846.333419956267 1331.557531140745 2741.589591160417 14.57892002165318 386.6911871805787 6202.757213756442 7000.123030796647 3379.781721100211 4213.202451646328 12890.89125049114 31574.48920721561 1912.483349770308 325.0042307302356 282.6853265166283 1445.277713418007 26.1869999691844 31.76664970815182 4451.225893102586 195.3122743070126 6976.748516254127 6732.969995230436 8494.096835285425 2862.285751618445 117.4211186096072 33.93346188217402 184.347485691309 40.702343121171 5.249737456440926 1673.775144569576 2020.736257791519 0.7959338277578354 0.1167336329817772 2.531066119670868 79.05401319265366 40.3047333881259 24.50237203389406 8.190548315644264 174.8367930427194 0.5304682776331902 883.7180492803454 53.56678400188684 0.1010037288069725 1230.843295529485 95.69711484014988 300.2951109558344 70.93256524950266 0.3964418545365334 55.69192907214165 1655.782146550715 1416.249706409872 179.5456759333611 1326.437492050231 3599.621598362923 21426.99834316969 178.9036525562406 8.252001948654652 42.8965799510479 257.9901908785105 2.084093421697617 0.4847074672579765 58.15704441815615 51.26498807966709 299.456827968359 2051.848237641156 237.8224777504802 83.65724514424801 17.8817104101181 4.124004632234573 184.1815113052726 2.835717521607876
