673.3479691669345 1.396809227764606 34.47074294090271 1.261487998068333 0.2633169889450073 1.353331856429577 1229.455239340663 30.41670689731836 4.24272208660841 6.095658153295517 3.042256407439709 0.1844809651374817 0.1528112292289734 1365.919098518789 0 0.135975182056427 209.0029489174485 4.028039656579494 35.97276470065117 0.3085403144359589 83.616440333426 0.4887049198150635 51.02825655043125 39.93179623037577 0.09436074644327164 96.97689311951399 18.93725029379129 117.4240197911859 4129.144580759108 2489.538111612201 0 0 143.9179835990071 290.9140167459846 0.7600077390670776 45.1293121650815 7.745788678526878 90.53050388395786 14.06554264575243 2.783141925930977 2.659401804208755 0.1826222538948059 0 0 0.09834243357181549 0.9853765517473221 0 0 0.09601163864135742 4.533226914703846 0.4771565347909927 2.73368014395237 0.1136734485626221 0 0 0 0.3297710344195366 0 0.4295426085591316 0 0 0 0 0.9931031242012978 0.1237036660313606 0.9421831369400024 11.42780545353889 0 1.612248227000237 1.568040862679482 12.25375892966986 0 2.507753223180771 0 0 0 0 0.148336261510849 3.158641815185547 0 0.4627955630421638 0.1256996989250183 1.634571105241776 0 0 0
1.396809227764606 1288.469135016203 132.8606303632259 0.3940599635243416 0 1.187423922121525 9.325075469911098 1.543752662837505 684.0039914473891 0.6871583983302116 240.1380247175694 1.86284988373518 1417.798686750233 3.131220176815987 10.07306246459484 188.2433110773563 299.521659694612 7.292445689439774 22.17293436825275 0.192422091960907 13.01129844039679 1996.065061248839 30.34243042767048 877.7365721911192 3562.131869517267 925.8174764588475 9104.075634479523 33.20238772034645 5.961337216198444 4.583257421851158 50.59390625357628 0.5739340409636497 0.5976865887641907 127.2922763600945 5.849380865693092 219.9642343223095 515.4994933530688 268.2997705936432 65.68764843791723 31.96537359803915 0.20047327876091 397.9885931015015 2.546230062842369 0.562746025621891 462.4985743239522 600.4025074094534 0 0 0 5.119514375925064 0.1007314845919609 4.70202761888504 0 5.494828566908836 0 52.22647131979465 0.316651850938797 0 3.199186936020851 48.36433882266283 2.04534412920475 11.20225228369236 0 6.930468939244747 45.75443063676357 24.97074045240879 10.59719804674387 146.2118969708681 616.8446041718125 3573.695021741092 4.235870026051998 0.3408484235405922 3.520476832985878 27.2769865244627 0 0.476913183927536 12.96193121373653 0.2135904431343079 73.96895501762629 84.36212432384491 53.24396669864655 15.11501133441925 2.648270040750504 0 4.150917991995811 3.353286311030388
34.47074294090271 132.8606303632259 9885.627485103905 3.604428246617317 0 25.02576746046543 2315.153563693166 259.4049478843808 3.709655292332172 64.59969513863325 11.65324713289738 1.003873214125633 5.831451743841171 447.6327417120337 0.3651154041290283 12.1855676472187 4055.34478315711 16.81439021974802 129.5852123275399 1.912223219871521 750.6175025850534 96.65667011588812 14105.00010445714 23.06107732653618 2.866121292114258 10517.84342152625 9442.143099449575 470.4824953228235 74.28109595924616 885.1323435530066 7.678467728197575 0.3744422569870949 9.29542925208807 1013.770678237081 26.57050850987434 2133.115978226066 4403.10205180943 2803.204566985369 702.9627663567662 127.3851406350732 2.954049363732338 17.74950388073921 16.3454647809267 0.6825581789016724 90.29789596796036 1792.522031754255 0.1198016256093979 0 0 56.48095066100359 0.2720766365528107 0.6165274456143379 1.854234859347343 0.7926430106163025 0.6655455827713013 9.595220237970352 5.250119909644127 0 59.65386442095041 50.43330866098404 0.4202313721179962 4.052419506013393 0.7641965746879578 63.18198516964912 129.2802447974682 1249.329695343971 26.82307357341051 1.871342033147812 149.2983495369554 3456.963595226407 40.46416161954403 0.2243945896625519 20.28600639849901 0 0 0 13.68776623159647 1.375766098499298 152.2251013219357 289.9829436019063 58.9347320497036 27.13437772542238 5.15120791643858 0.1481994539499283 30.26045906543732 0.1414064466953278
1.261487998068333 0.3940599635243416 3.604428246617317 1802.297632694244 1.197538904845715 137.6568592861295 159.1125504299998 80.39210214465857 472.9156821891665 4544.955415606499 7.065103597939014 1428.601955518126 1.015703596174717 103.5526488646865 104.5464560091496 0.4909747540950775 0.4467684775590897 1.053105592727661 1.214862048625946 4318.116830840707 1.989866018295288 0.5092141777276993 0.5597199201583862 1983.027278974652 0 3.518781311810017 7.265727080404758 3246.239521853626 76.28242594748735 2.245726339519024 0 2.047122485935688 7.725003801286221 49.88888954371214 1.466722384095192 332.0241662487388 8.47359187155962 82.68971855193377 52.83217340707779 335.1275499016047 9.358904890716076 6.025119379162788 4.246242165565491 1.218512281775475 0.1221036165952682 0.5373227745294571 123.6762988045812 0.5210279226303101 7.697796352207661 95.3359407633543 2.933209471404552 50.42779993265867 115.6133135855198 0.1085352003574371 101.0264065787196 0 8.63686016201973 5.663004517555237 0.6779984459280968 0 0 0 79.51099703460932 3.327798590064049 0.7844923585653305 0.4304660707712173 262.7995310500264 0 0.4717405065894127 0.7476792186498642 142.2948452234268 3.472069092094898 5.987172290682793 0 0.1965891569852829 0 3.68548321723938 0.3693668246269226 148.0593830049038 0 6.082984566688538 1.047743506729603 82.53466403484344 1.913131065666676 0.1626245230436325 0
0.2633169889450073 0 0 1.197538904845715 55.01536217331886 349.7773618102074 2.528144642710686 62.30974406003952 21.63479846715927 3.3030886054039 34.43767863512039 37.89966046065092 2.895937971770763 23.95783881098032 1999.987846434116 0 0.4692004397511482 3.24254909157753 8.127703242003918 2.679949067533016 0 0.5547773391008377 0 7.86427329480648 1.412922382354736 4.856327831745148 3.845037877559662 2.665604799985886 136.5028902292252 0 0.236197829246521 253.7577957585454 0 190.2909275591373 0.1735615283250809 21.35034796595573 0.7057158350944519 120.4652379304171 39.64750064909458 2074.094876423478 25.51834280788898 3.373011976480484 2.425242647528648 0 0 0 0 0 0 0 0 0.1102689951658249 0.5004211068153381 0 0 0 0 0 0 0 0 0 0.1381203830242157 0 0 0 0.637901782989502 0 0 0.330121822655201 0.3522980362176895 0 0 0 0 0 0.2547061145305634 0 0.9605012089014053 0.1193452775478363 0.1407210379838943 0.1633186787366867 0 0 0 0
1.353331856429577 1.187423922121525 25.02576746046543 137.6568592861295 349.7773618102074 11699.76903805882 2518.280338943005 6461.586885653436 197.341178484261 6042.131364896894 164.3188596963882 3887.765000529587 14.35978652536869 1014.949711419642 2844.912467777729 1.187995187938213 3.496400743722916 24.68262591958046 24.54456489533186 543.7473901808262 5.20266504585743 4.183944799005985 9.527125783264637 217.5687092617154 1.692560866475105 41.76981860399246 40.18282087147236 1228.566029977053 659.1699177473783 4.104961574077606 2.620609886944294 1304.49194598943 7.247447140514851 517.2474368810654 5.096966147422791 451.6607725471258 19.80708672851324 394.8237415701151 183.112401470542 3301.551829271019 178.2413114458323 10.94480162858963 14.78150491416454 0.1086166128516197 0.1017935797572136 0.3789773136377335 11.73391941934824 0 1.340079106390476 24.40797010064125 1.899238646030426 6.964343152940273 14.38154297322035 0 12.6343996822834 0 1.444876581430435 0.5629243850708008 2.883592993021011 0 0 0 8.153804637491703 3.415351182222366 0.757993295788765 3.067357286810875 41.8081798106432 0 2.762243740260601 3.994733653962612 31.8312821239233 0.5179227069020271 1.955448493361473 0 0 0.5267018675804138 0.9148076623678207 1.342559918761253 17.79251611232758 1.86874520778656 2.758934743702412 0.8050756976008415 8.364783346652985 0.259517028927803 0.8595061525702477 0
1229.455239340663 9.325075469911098 2315.153563693166 159.1125504299998 2.528144642710686 2518.280338943005 22931.66330723464 4825.138760924339 164.9411734715104 8240.523771941662 60.77094691246748 67.85918695479631 2.722512446343899 11170.61481519789 23.36714322119951 23.17979421466589 608.8591901063919 15.4106802791357 57.81597653031349 87.29702241718769 1236.950565576553 43.45543282479048 1048.070972658694 762.8165457546711 1.976599976420403 1047.383938781917 575.3581566214561 13302.38160197437 1696.561901152134 8859.726312279701 1.642971724271774 16.04064168781042 224.8051275387406 592.2546285241842 42.93150575459003 2105.153784170747 146.7702444046736 1064.778822891414 595.3382674828172 283.2818081304431 58.85931745916605 9.363141432404518 45.99217021465302 8.308387413620949 1.829869396984577 25.75438136607409 88.00897417962551 0 11.17581798881292 578.3189253285527 18.56607512384653 79.17194347083569 134.2442525848746 1.326500840485096 53.44847166538239 0.2135457098484039 38.81851789355278 2.934145018458366 34.26181588321924 0.7497279047966003 0.1089427247643471 0.2362350970506668 82.24303805828094 44.26345352828503 21.56783313304186 49.70883958786726 710.7448203936219 0 4.346234664320946 60.96258857101202 776.9070347771049 26.8153447508812 104.286792062223 0 0.2422445490956306 1.531289733946323 11.83966809511185 5.859251290559769 161.9659013301134 6.173763804137707 29.06717146933079 7.546802505850792 48.1370062828064 3.591783829033375 1.463914565742016 1.854254826903343
30.41670689731836 1.543752662837505 259.4049478843808 80.39210214465857 62.30974406003952 6461.586885653436 4825.138760924339 10813.56955510378 29.87811473757029 3397.788078077137 287.0984962880611 597.9704219996929 30.23399669677019 6412.806952819228 763.6544089093804 1.190807782113552 179.0284229442477 37.82238490134478 54.39381667971611 229.7709566578269 51.79336276650429 2.718174248933792 66.0555873811245 126.402780726552 1.486309736967087 267.5540878400207 56.33174528181553 478.0123620182276 689.4962995573878 452.5181265696883 4.035195916891098 1330.560049176216 6.500384405255318 732.863013766706 7.548371382057667 565.878037802875 55.57996065169573 695.3877488970757 495.662172421813 2131.508965611458 326.6449211016297 62.26388844847679 35.91706923395395 0.4496361613273621 0.113588385283947 3.485946200788021 10.61696467548609 0.1189135834574699 1.986485861241817 27.21982076764107 1.4544398188591 2.991648115217686 12.13911467790604 0 9.248971417546272 0 1.120947182178497 0.1058463379740715 1.846078306436539 0.4182858690619469 0 0 5.772609665989876 4.626511245965958 1.032864846289158 3.472092941403389 42.02604549378157 0.174082025885582 1.96735592931509 8.414021506905556 41.93381775915623 1.659244872629642 6.347590729594231 0.1107957661151886 0.3610213994979858 0 3.242602944374084 2.579963639378548 23.96145634353161 4.915570795536041 4.366886459290981 5.307654365897179 3.177844248712063 1.050571374595165 4.380498126149178 0.128916934132576
4.24272208660841 684.0039914473891 3.709655292332172 472.9156821891665 21.63479846715927 197.341178484261 164.9411734715104 29.87811473757029 1478.496996335685 169.0180815085769 5.296376749873161 320.9465809687972 49.67166998237371 33.44068600982428 878.098400130868 54.19601192325354 3.145073905587196 0.9576044157147408 1.326156131923199 333.0900794416666 37.60298874229193 2978.176653064787 17.98635134845972 11160.7887082845 209.3814832940698 26.15826783329248 553.6483862027526 1534.325659118593 54.5036007463932 205.8333060964942 4.202054962515831 4.66836766153574 17.3720960393548 30.57088956236839 2.956314414739609 217.8548560291529 11.7995435744524 64.02114390581846 30.16182175278664 523.8083462789655 1.255759567022324 1.987594828009605 2.279057770967484 3.33907525241375 4.993149615824223 2.845912262797356 103.0985588058829 1.434744641184807 8.364250212907791 409.5446378514171 9.315255016088486 79.29841289669275 89.69118217378855 0.3028471916913986 93.54697571694851 0.2827596962451935 20.51075364649296 5.043298415839672 135.8609228879213 0.1446836441755295 0.3344469964504242 0 84.65377154946327 100.0066490471363 52.32405940443277 42.89404126256704 2593.326765753329 0.6992045342922211 3.712062194943428 16.96578324586153 1142.853669151664 19.96702299267054 87.22943784296513 0 0.4040804207324982 1.554252743721008 3.517351254820824 0.4283527508378029 48.60444281250238 0.7790421098470688 9.608929604291916 4.975745387375355 55.70464028418064 1.681261338293552 0.3636035174131393 0.1073631048202515
6.095658153295517 0.6871583983302116 64.59969513863325 4544.955415606499 3.3030886054039 6042.131364896894 8240.523771941662 3397.788078077137 169.0180815085769 28712.82364417613 128.8769245743752 3546.707519710064 8.491990506649017 1544.262584611773 62.14296197146177 2.38827583193779 12.19768492132425 29.4976951777935 28.80370796471834 4832.840486884117 10.80261811614037 6.049539916217327 17.15642017871141 467.1380014121532 2.491305492818356 62.58409184217453 45.52218987047672 6198.036497756839 1140.255858421326 13.88407360762358 1.829761475324631 33.66484051197767 28.01503229141235 537.1530424952507 27.14677969366312 1823.169710040092 58.8207858428359 911.3584413528442 399.7060065343976 402.9910615161061 104.6875502467155 8.253097876906395 56.38714297115803 1.364165425300598 0.2310593798756599 0.786818265914917 141.3733866736293 0.554428294301033 8.669684007763863 156.0583581477404 6.766391105949879 40.86822816729546 125.8407838642597 0.1342585831880569 236.2537569254637 0 10.32067390531301 3.140714064240456 2.442873276770115 0 0 0 92.54494738578796 4.952140763401985 2.290136881172657 2.72135503590107 289.321714989841 0 0.5870137587189674 2.867430612444878 194.66152523458 5.000386252999306 13.3199747055769 0 0 0 2.404187239706516 6.90780021250248 157.8597720488906 0.4857656881213188 8.935783430933952 3.445899598300457 72.27416087687016 2.135822482407093 0.8752875477075577 0
3.042256407439709 240.1380247175694 11.65324713289738 7.065103597939014 34.43767863512039 164.3188596963882 60.77094691246748 287.0984962880611 5.296376749873161 128.8769245743752 7729.740387178957 125.7975711002946 1099.621461935341 364.2962416931987 25.96426355838776 1.537771217525005 262.0439593046904 3516.629207089543 1430.514695547521 54.50239638984203 18.91387236118317 9.68936737626791 39.40299137681723 19.86203718185425 617.7580034136772 1708.396619178355 882.1771113649011 43.06989067792892 712.6151200756431 13.70587083697319 362.2065642625093 197.881744146347 4.777266778051853 7302.450872503221 19.95870633423328 535.5606141537428 6446.175218053162 5530.164621077478 1337.788379952312 224.3314470201731 175.5711347907782 1771.793436713517 71.24218208342791 0 9.973135508596897 1.042675353586674 1.432811535894871 0 0.1985826343297958 5.103622227907181 0.2297429591417313 1.233458824455738 2.783872358500957 167.3134296536446 4.289866536855698 581.8154524043202 1.010643489658833 0.1582351624965668 0.5139750242233276 0.9511707276105881 16.20836511999369 11.62004463374615 1.021855384111404 2.136488050222397 0.8333935439586639 0.8158503547310829 7.935512952506542 106.5978859886527 300.1583809107542 474.9991474300623 6.401610866189003 1.1445247605443 1.209214925765991 121.0954940989614 0.1769795566797256 0.1418236345052719 37.04452758282423 12.16001595556736 68.93237383663654 764.9826474785805 58.98058298230171 5.97958679497242 2.582196816802025 0.8214141428470612 155.955525688827 0.4967002272605896
0.1844809651374817 1.86284988373518 1.003873214125633 1428.601955518126 37.89966046065092 3887.765000529587 67.85918695479631 597.9704219996929 320.9465809687972 3546.707519710064 125.7975711002946 6642.662531256676 9.171132706105709 472.1256020069122 2013.31684884429 0 1.915238618850708 24.64426615834236 26.30383663624525 3340.9636310637 0 2.737594358623028 0.386816143989563 1110.787144936621 2.326484248042107 30.98886958509684 13.96918281167746 1116.469796217978 426.3198315277696 1.403614901006222 2.800215356051922 48.89824161678553 0.08822211623191833 279.4492027089 2.449651926755905 948.259025298059 20.88336525857449 330.7727047652006 93.87717974185944 2361.602723486722 40.9053596034646 19.89412707090378 15.07183454930782 0.1312736421823502 0.2377094626426697 0.1384957432746887 33.48197744786739 0 3.486115753650665 36.34272717684507 2.026974633336067 10.17009285092354 38.18279714882374 0 185.4129404574633 2.13264012336731 1.079110279679298 1.184165850281715 0.378955751657486 0.1746497005224228 0 0 30.36762604862452 3.38300709426403 0 0.5455674082040787 96.27277871221304 0 2.285832725465298 0.6907272562384605 48.06734581291676 0.230812631547451 2.892164260149002 0 0 0 0.2289546132087708 1.877721279859543 166.6840072646737 3.125431932508945 4.815768599510193 1.672675564885139 54.98006477952003 0.7709765434265137 0.3942244797945023 0
0.1528112292289734 1417.798686750233 5.831451743841171 1.015703596174717 2.895937971770763 14.35978652536869 2.722512446343899 30.23399669677019 49.67166998237371 8.491990506649017 1099.621461935341 9.171132706105709 3370.476962782443 18.51768577843904 0.9202396869659424 7.772613435983658 0.566955491900444 20.92255105823278 5.688225515186787 3.006066165864468 1.041212908923626 113.6854337900877 2.893891341984272 49.41709659993649 5974.591155640781 405.4890752136707 3947.513101153076 4.686572641134262 21.86516182869673 1.347681060433388 1441.746348641813 14.73846706002951 0 395.160300694406 24.11784796416759 323.4249184131622 4039.451776660979 1739.593819119036 318.5454113334417 58.45710915327072 123.3404764160514 1971.902528144419 51.37570418417454 0.1952420175075531 74.92049736529589 3.060578629374504 0 0 0 3.284864090383053 0.136536493897438 0.3615689352154732 0.342773862183094 262.3019323125482 0.2376651614904404 1149.542509034276 1.346735134720802 0.2388803213834763 1.006396412849426 1.325036145746708 26.06475625187159 13.06322626024485 0.7450591921806335 0.8951947838068008 2.568984597921371 0.4398175105452538 1.709866173565388 231.4159193187952 609.0757203251123 929.7182608097792 1.344735160470009 1.820728644728661 2.946629196405411 268.2370530664921 1.069634675979614 0 43.0610811188817 9.338495820760727 145.3443616852164 991.1731759682298 81.32567764818668 8.099412851035595 3.279763221740723 0.5604281425476074 214.7515470534563 0.5124936103820801
1365.919098518789 3.131220176815987 447.6327417120337 103.5526488646865 23.95783881098032 1014.949711419642 11170.61481519789 6412.806952819228 33.44068600982428 1544.262584611773 364.2962416931987 472.1256020069122 18.51768577843904 11300.0480619669 124.7567149177194 1.444893345236778 914.5137292891741 72.10391463339329 201.6415397822857 259.8144084215164 193.252591624856 4.91531078517437 198.0087231174111 315.27539460361 1.965558834373951 677.9763343706727 148.3128943741322 1195.66783028096 7505.26553080976 3528.195069380105 6.046867430210114 121.2837396413088 26.57777721434832 1280.241514287889 4.207162968814373 562.2579123899341 79.09575256705284 918.6453402191401 369.0666016563773 648.0187515839934 185.2790286615491 34.34564934670925 25.58972399681807 0.7650533691048622 1.287868797779083 7.86573488265276 5.73159871250391 0 1.081130906939507 52.85876242816448 2.897382937371731 9.395927585661411 9.412594482302666 0 4.315368838608265 0.09846480935811996 4.45503344386816 0 3.807038098573685 0 0 0.1129092499613762 8.157113254070282 7.349104009568691 2.962844841182232 7.415442913770676 87.5713212415576 0 4.587338581681252 16.80529845505953 98.03175658732653 3.708483807742596 22.36882550269365 0 0.09879066050052643 0.3642602935433388 2.45600637793541 4.897372141480446 25.54654459655285 2.634748674929142 5.572418667376041 5.963499903678894 3.584529414772987 1.61388087272644 4.465644508600235 0.2574432790279388
0 10.07306246459484 0.3651154041290283 104.5464560091496 1999.987846434116 2844.912467777729 23.36714322119951 763.6544089093804 878.098400130868 62.14296197146177 25.96426355838776 2013.31684884429 0.9202396869659424 124.7567149177194 380.0943962410092 0 0.2128730863332748 4.311162516474724 1.769928425550461 178.9166769459844 0.1750896796584129 30.81723710894585 0 1314.660579673946 5.362837754189968 5.186346560716629 14.14432913064957 196.25466080755 61.97041476517916 3.370744809508324 0.2187273427844048 469.3156170099974 0.124547615647316 54.14295360445976 0 202.1087662950158 1.53216765075922 36.07702525705099 15.08654487878084 1959.166237309575 101.2742374539375 4.617421850562096 8.594079434871674 0 0.2296729758381844 0.1276218742132187 1.413568288087845 0 0 6.475669056177139 0 1.884341061115265 0.9784671664237976 0 32.31189061701298 0 0 0 0.4598123952746391 0 0 0 1.701905637979507 2.168844103813171 0.1623376756906509 0 9.77241600304842 0 0 0 8.915522359311581 0.223295733332634 1.733839571475983 0 0 0 0 0 21.63023817539215 1.768227443099022 0.6781027317047119 0.1011088863015175 4.416343301534653 0 0 0
0.135975182056427 188.2433110773563 12.1855676472187 0.4909747540950775 0 1.187995187938213 23.17979421466589 1.190807782113552 54.19601192325354 2.38827583193779 1.537771217525005 0 7.772613435983658 1.444893345236778 0 2017.880033962429 8.143419377505779 0.9233814254403114 3.198133870959282 0.9323296248912811 1484.865704596043 3273.637903898954 2538.247786812484 1561.383655808866 43.0983487740159 30.021568775177 3347.746235653758 943.8860873579979 3.110015742480755 131.1373076438904 1.614351257681847 0 1.136828951537609 82.71835389733315 22.63280435651541 1425.934637308121 690.7120437696576 568.508128978312 512.1278486996889 113.0354921966791 0.7569492012262344 1.266520105302334 10.39753016084433 1.622872233390808 3.405116677284241 11.89882539957762 0.2833540737628937 0.330963060259819 0.4726580902934074 16.1668511852622 0.7258409038186073 23.41389334946871 1.069568604230881 0 0.9885220229625702 0.1284589618444443 3.492862112820148 1.374946460127831 3297.432263098657 1.914466567337513 0.264858141541481 0.2890550941228867 0.7473467141389847 490.3826015293598 982.0951752737164 2859.098576381803 462.601346090436 0.2118746340274811 5.971484199166298 452.923986621201 261.3517156839371 4.470574378967285 132.1033862605691 0 0 0.7988062351942062 8.276910595595837 4.571883231401443 520.5275863558054 4.165500402450562 8.560225307941437 6.930791661143303 13.95691156387329 0.3164896219968796 0.9819563031196594 1.414966329932213
209.0029489174485 299.521659694612 4055.34478315711 0.4467684775590897 0.4692004397511482 3.496400743722916 608.8591901063919 179.0284229442477 3.145073905587196 12.19768492132425 262.0439593046904 1.915238618850708 0.566955491900444 914.5137292891741 0.2128730863332748 8.143419377505779 1343.737522654235 132.9307824745774 2873.599339470267 0.7855796739459038 478.8757072165608 28.66063880175352 4151.487040527165 15.63108114153147 0.9575066864490509 4710.546581305563 3587.347556442022 80.71739778667688 626.491347014904 1384.963235966861 2.739416040480137 2.500415436923504 55.10744582116604 2258.80340526998 3.432331249117851 661.209098033607 1207.60625667125 593.9982310459018 175.0674510523677 28.51333082467318 0.5634722113609314 19.58973558247089 3.569115601480007 0 106.6888133659959 191.2290581166744 0 0 0 0.9974297359585762 0.242852471768856 0.9019162431359291 0 0 0 0.7681636810302734 0.3173657730221748 0 0.6190148517489433 23.74737819284201 0.3599128052592278 4.21187400072813 0 2.106361925601959 5.257242254912853 14.43357422202826 3.840764291584492 1.129680499434471 242.5606622621417 473.1428348198533 3.813154682517052 0.2665579840540886 1.682801581919193 0.1192416995763779 0 0 6.232404328882694 0.4167847335338593 37.94478143006563 41.69592697918415 11.23487098515034 2.966265387833118 1.502564430236816 0 2.868380390107632 0
4.028039656579494 7.292445689439774 16.81439021974802 1.053105592727661 3.24254909157753 24.68262591958046 15.4106802791357 37.82238490134478 0.9576044157147408 29.4976951777935 3516.629207089543 24.64426615834236 20.92255105823278 72.10391463339329 4.311162516474724 0.9233814254403114 132.9307824745774 176.7999523207545 1083.856624670327 10.46575717628002 9.177069552242756 0.6985934898257256 25.75887280702591 3.056265324354172 24.52899763733149 2499.153252668679 233.712082400918 11.51024951040745 117.0647097751498 12.47166609764099 77.9923013150692 25.68344927579165 2.219389088451862 1346.332770690322 7.210125952959061 439.8523887842894 1073.844344943762 1500.847889110446 520.7376654520631 34.15578992664814 8.126592300832272 24.60927613079548 5.920989282429218 0 3.101842813193798 1.831877805292606 0.2218570485711098 0 0 1.34842861443758 0 0.1276836842298508 0 3.908803798258305 0 31.08130989223719 0 0 0 0.9480944275856018 3.007660150527954 3.780095010995865 0.1718455106019974 0.3985287249088287 0.1486977785825729 0.4890628606081009 1.141576632857323 12.33536853641272 130.963000819087 202.1303858757019 0.8094386234879494 0 0.5498938858509064 20.77576673775911 0 0 2.577604845166206 0.9390300810337067 11.38192471116781 17.57738679647446 8.134787492454052 0.8864157199859619 0 0 0.2602871060371399 0
35.97276470065117 22.17293436825275 129.5852123275399 1.214862048625946 8.127703242003918 24.54456489533186 57.81597653031349 54.39381667971611 1.326156131923199 28.80370796471834 1430.514695547521 26.30383663624525 5.688225515186787 201.6415397822857 1.769928425550461 3.198133870959282 2873.599339470267 1083.856624670327 2497.464531376958 11.28522379696369 86.23066133260727 3.828258343040943 529.2353268265724 4.575995832681656 6.685304269194603 4315.588682129979 896.2960303127766 16.24066767841578 277.0070481449366 129.6229112520814 15.80668102949858 31.48547623306513 20.2553348839283 5107.459356680512 6.771088153123856 826.0050951167941 1060.944688022137 2108.355753131211 553.0658894777298 39.63381036370993 7.643522322177887 13.21244312822819 4.709438152611256 0 13.60223214328289 12.06936202943325 0.1478719264268875 0 0 1.569468192756176 0 0.2522473409771919 0 0.1669390648603439 0.5658436566591263 8.340536534786224 0 0 0.713045209646225 3.804396457970142 0.2602163553237915 3.548825733363628 0 0.2163385152816772 0.20262111723423 0.5704100206494331 2.63924252986908 3.726389721035957 134.1527620404959 183.9030931666493 1.580604061484337 0 0.41871727257967 3.537666454911232 0 0 2.771640837192535 0 25.02307594567537 22.64265681058168 3.271694093942642 0.6569605842232704 1.636043950915337 0 0.756318598985672 0
0.3085403144359589 0.192422091960907 1.912223219871521 4318.116830840707 2.679949067533016 543.7473901808262 87.29702241718769 229.7709566578269 333.0900794416666 4832.840486884117 54.50239638984203 3340.9636310637 3.006066165864468 259.8144084215164 178.9166769459844 0.9323296248912811 0.7855796739459038 10.46575717628002 11.28522379696369 686.2903342172503 0.5792218670248985 0.4146447479724884 1.326943568885326 562.1899746879935 1.017134360969067 11.87174481153488 8.064331710338593 2326.557643465698 290.5327304005623 1.350756168365479 0.7577421143651009 14.69213423877954 3.696052320301533 180.0270252525806 3.330653019249439 964.8581072613597 24.57675622403622 317.6267595365644 140.5123062506318 707.2723450735211 45.09641666710377 9.511286400258541 38.36617129296064 0.3943482041358948 0 2.626746997237206 134.1798229217529 0.4823497235774994 2.244425609707832 137.3541404157877 4.189579501748085 46.19003501534462 98.3719407171011 0.4714206159114838 100.5598911941051 0 3.410065449774265 3.905986130237579 2.055783689022064 0 0 0 68.90773298591375 6.116532720625401 0.1690416038036346 1.748548626899719 284.1486332267523 0 0.5449471846222878 0.2032177299261093 172.1004208251834 2.255667194724083 12.43472996354103 0 0 0.433692991733551 1.946567818522453 4.659577071666718 185.7515429854393 0 6.360243961215019 2.525076098740101 100.9472875744104 0.8529178500175476 1.045074552297592 1.921812057495117
83.616440333426 13.01129844039679 750.6175025850534 1.989866018295288 0 5.20266504585743 1236.950565576553 51.79336276650429 37.60298874229193 10.80261811614037 18.91387236118317 0 1.041212908923626 193.252591624856 0.1750896796584129 1484.865704596043 478.8757072165608 9.177069552242756 86.23066133260727 0.5792218670248985 9807.040787898004 136.9771354943514 12161.50417773426 206.5004068464041 2.211311124265194 183.3756217584014 900.6132461726665 5022.39012132585 326.992091409862 14021.75618137419 1.513008639216423 0.7537147253751755 55.57323175668716 4208.322623446584 83.06429485231638 5737.992171317339 1632.792180992663 5238.008720986545 2004.519825994968 340.3075639083982 5.586202308535576 6.153153970837593 61.17467381060123 2.337549462914467 1.028085865080357 6.603283151984215 3.876694701611996 0 0.09446047246456146 24.60526034981012 0.7825998142361641 22.05183044075966 9.347966015338898 0.1468021273612976 3.549302399158478 0 7.704755038022995 1.73473996669054 337.0656774863601 1.441708892583847 0.2545826882123947 0.5343102216720581 1.953457772731781 406.1174349114299 233.3128573969007 188.9788754805923 406.0859946459532 0 1.786125548183918 29.81654712557793 300.7451802566648 15.14881227165461 213.6295299306512 0 0 1.251096598803997 8.879752181470394 4.556171610951424 162.0581075325608 4.622508972883224 6.844244390726089 1.981945365667343 14.72668308019638 0.5827049612998962 1.097999095916748 0
0.4887049198150635 1996.065061248839 96.65667011588812 0.5092141777276993 0.5547773391008377 4.183944799005985 43.45543282479048 2.718174248933792 2978.176653064787 6.049539916217327 9.68936737626791 2.737594358623028 113.6854337900877 4.91531078517437 30.81723710894585 3273.637903898954 28.66063880175352 0.6985934898257256 3.828258343040943 0.4146447479724884 136.9771354943514 2322.461416900158 299.6618535667658 6940.997186161578 512.6185912340879 61.97321230173111 6035.424943737686 297.8277040943503 5.73860988765955 9.121286377310753 9.105284564197063 0.1011962816119194 1.9917953312397 23.45134364813566 0.8454848825931549 173.5481222942472 65.87814547121525 55.03817027062178 25.53066275268793 76.38634865731001 0.5169102624058723 3.806984111666679 0.3025623559951782 0.2274025157094002 14.91071107983589 123.8819117471576 0 0 0 11.67194293439388 0.4803114458918571 16.64157835394144 0.5996536016464233 0.1284710764884949 0.3340384364128113 1.278986185789108 0.7509668171405792 0.9373117908835411 1161.141421057284 1.248391017317772 0.1268324255943298 0.2741495817899704 0 109.0836708769202 259.4215610474348 857.1124993637204 169.5886392742395 0.9113441407680511 10.17284867912531 1897.898697681725 83.94184813648462 1.131220906972885 22.80900907516479 0.3843091875314713 0 0.6147339344024658 3.062621288001537 3.537227481603622 50.20476302504539 12.88901850581169 14.46656811982393 16.80286312103271 2.631280466914177 0.3120317161083221 0.2042331844568253 0.430807814002037
51.02825655043125 30.34243042767048 14105.00010445714 0.5597199201583862 0 9.527125783264637 1048.070972658694 66.0555873811245 17.98635134845972 17.15642017871141 39.40299137681723 0.386816143989563 2.893891341984272 198.0087231174111 0 2538.247786812484 4151.487040527165 25.75887280702591 529.2353268265724 1.326943568885326 12161.50417773426 299.6618535667658 17899.52914448828 391.0394386276603 3.360608793795109 1573.17308729142 8735.078102111816 2366.23013946414 157.5799329802394 3267.687341943383 5.661712676286697 3.111822865903378 21.88549488037825 3467.977274574339 175.4556082487106 9905.12077293545 8762.76004730165 8324.369689442217 5362.75061339885 830.0983871147037 14.33350086212158 8.655307218432426 105.7915531545877 0.3251235783100128 5.788848027586937 69.15454965084791 1.102464020252228 0.4356466680765152 0 15.96690640598536 0.5999395549297333 8.68360397964716 0.8353187441825867 0.9758951663970947 1.061257719993591 1.154786124825478 1.895727761089802 0.3071321994066238 2015.239181064069 4.144081220030785 0 0.2495920360088348 0.4621337354183197 244.1145436093211 336.5039223954082 2714.002230405807 220.8011257499456 0 8.839499562978745 951.0598814040422 139.5828396305442 2.724230088293552 72.81793714314699 0 0 2.230854853987694 7.193592324852943 25.43166364729404 454.1629894599319 22.64656291157007 10.30042418837547 13.59780120104551 4.116391882300377 1.271892219781876 0.5630648285150528 0
39.93179623037577 877.7365721911192 23.06107732653618 1983.027278974652 7.86427329480648 217.5687092617154 762.8165457546711 126.402780726552 11160.7887082845 467.1380014121532 19.86203718185425 1110.787144936621 49.41709659993649 315.27539460361 1314.660579673946 1561.383655808866 15.63108114153147 3.056265324354172 4.575995832681656 562.1899746879935 206.5004068464041 6940.997186161578 391.0394386276603 10845.10122988373 219.8347437381744 43.617620870471 2698.920080803335 9446.674742676318 570.9844856634736 1165.735067762434 5.536753423511982 5.232658416032791 194.7828519940376 256.3839267119765 34.93750809878111 1961.210817322135 154.923271112144 577.8890671133995 347.620422616601 1417.811854273081 28.61615668982267 10.2492860108614 22.5956901833415 17.06881529837847 5.781195744872093 12.0448234975338 202.1950320824981 0.8880269080400467 19.02552579343319 1066.484325520694 34.78918875008821 865.8645450472832 244.0370192155242 2.99250540882349 146.0120934396982 0.9463437721133232 75.18204536288977 6.728911146521568 472.3587263226509 0.7786790132522583 0.2015553712844849 1.975177146494389 184.2121817916632 502.6477015987039 595.4213206470013 304.3702379986644 3640.427626252174 0.386438675224781 12.07547189295292 106.5025475621223 2531.470531247556 72.23574379086494 454.5309262797236 0.1474269479513168 1.378839693963528 9.374682120978832 25.31564229726791 5.493871204555035 444.3738505989313 4.692505538463593 58.18417651951313 24.28999138623476 204.865612462163 8.724263317883015 1.572537750005722 1.626708924770355
0.09436074644327164 3562.131869517267 2.866121292114258 0 1.412922382354736 1.692560866475105 1.976599976420403 1.486309736967087 209.3814832940698 2.491305492818356 617.7580034136772 2.326484248042107 5974.591155640781 1.965558834373951 5.362837754189968 43.0983487740159 0.9575066864490509 24.52899763733149 6.685304269194603 1.017134360969067 2.211311124265194 512.6185912340879 3.360608793795109 219.8347437381744 277.3377835080028 455.3631394654512 5049.117996521294 10.00354532897472 2.999706745147705 1.958137571811676 447.9173252508044 1.190652549266815 0 260.4728904515505 4.528652273118496 148.558614179492 576.5304783806205 660.5777122527361 157.6836505383253 19.49602840095758 33.39876511693001 1034.068259492517 49.41460806131363 0 424.6762303337455 8.15431921929121 0 0 0 0.1677287220954895 0 1.297958478331566 0 419.9832137748599 0 1856.219022855163 0.4099914580583572 0 1.146940901875496 1.726191021502018 11.6530869603157 10.0310822725296 0.4417956620454788 2.866136118769646 7.360889174044132 2.139182135462761 3.707705974578857 487.276815623045 500.9981201440096 1369.808988533914 1.282971613109112 0.857699990272522 0.6351862996816635 139.8859386518598 1.249915555119514 0 203.17115380615 1.859289318323135 184.5006541460752 549.1105057001114 117.8040230050683 11.80395293235779 4.306834101676941 0.6421109437942505 508.2919193059206 0
96.97689311951399 925.8174764588475 10517.84342152625 3.518781311810017 4.856327831745148 41.76981860399246 1047.383938781917 267.5540878400207 26.15826783329248 62.58409184217453 1708.396619178355 30.98886958509684 405.4890752136707 677.9763343706727 5.186346560716629 30.021568775177 4710.546581305563 2499.153252668679 4315.588682129979 11.87174481153488 183.3756217584014 61.97321230173111 1573.17308729142 43.617620870471 455.3631394654512 28127.63795163482 9355.972921460867 151.2428965419531 406.9760476201773 511.1415905728936 881.9783826842904 34.15783291310072 30.36332599073648 2577.4309348315 39.6164558082819 4668.341976858675 9128.993482790887 4607.159721851349 1802.65189499408 203.2980061769485 10.98650797456503 173.3609042987227 25.36486626416445 0.3282340839505196 689.4230516254902 1214.034178301692 0.09202850610017776 0 0.2480180040001869 18.04731164127588 1.324094377458096 4.161655828356743 0.8962169289588928 34.9216313958168 3.69188266992569 300.5777980685234 1.716068513691425 0.4559592232108116 3.403461560606956 154.2227214276791 29.49239553511143 96.08694382756948 1.332565069198608 17.55913219600916 19.5892930328846 52.97966353595257 16.62912153452635 194.7004434615374 2780.851809501648 5665.977954924107 16.1056665033102 1.840349614620209 14.0918063223362 141.6784106120467 0 0.1317868530750275 53.23173724859953 4.585929177701473 301.4272943288088 330.2337882146239 126.1013047918677 25.47285385429859 18.25931429862976 1.293127670884132 15.30127624422312 3.179915651679039
18.93725029379129 9104.075634479523 9442.143099449575 7.265727080404758 3.845037877559662 40.18282087147236 575.3581566214561 56.33174528181553 553.6483862027526 45.52218987047672 882.1771113649011 13.96918281167746 3947.513101153076 148.3128943741322 14.14432913064957 3347.746235653758 3587.347556442022 233.712082400918 896.2960303127766 8.064331710338593 900.6132461726665 6035.424943737686 8735.078102111816 2698.920080803335 5049.117996521294 9355.972921460867 32868.91951674968 1419.255562871695 157.6649894788861 169.2608375698328 1377.907553121448 16.26117454469204 21.43266744166613 3775.705454684794 100.8800375834107 7805.432933606207 7547.536293759942 8202.771123856306 2577.355388663709 496.1956835985184 9.017432428896427 155.8116291761398 56.26325264573097 0.2345268130302429 2492.629233911633 3376.396805427969 2.740954875946045 0 0.5411123335361481 93.15955217927694 1.647203624248505 9.348349764943123 4.003266632556915 85.18588407337666 1.519209735095501 608.9147199168801 6.393295906484127 0.4569867923855782 1218.29211819917 230.1690869256854 36.47696205973625 117.717836804688 1.193440653383732 135.2356253266335 1259.752732813358 4307.691553615034 148.262148283422 372.8530479818583 4515.542007565498 18976.24076540023 145.5362728908658 2.259680084884167 47.03194078803062 308.4289102479815 0.3975470140576363 0.2634507268667221 81.31095834076405 13.95998205244541 683.6693097949028 736.5882526710629 274.7351449131966 122.4681471064687 22.07866083830595 1.416098244488239 33.28781347721815 2.933196976780891
117.4240197911859 33.20238772034645 470.4824953228235 3246.239521853626 2.665604799985886 1228.566029977053 13302.38160197437 478.0123620182276 1534.325659118593 6198.036497756839 43.06989067792892 1116.469796217978 4.686572641134262 1195.66783028096 196.25466080755 943.8860873579979 80.71739778667688 11.51024951040745 16.24066767841578 2326.557643465698 5022.39012132585 297.8277040943503 2366.23013946414 9446.674742676318 10.00354532897472 151.2428965419531 1419.255562871695 20994.44920050353 1758.907954253256 9857.217861518264 1.91592463850975 11.00355384498835 759.4599359706044 1166.414184741676 102.8919915109873 4771.007612004876 417.2841915413737 2296.654714748263 1146.344142414629 671.5083167329431 59.61556930094957 17.68393930792809 79.95056661218405 20.96508578956127 1.139166139066219 9.621518075466156 313.8935297131538 0.3919737562537193 21.96823044121265 1055.917845793068 37.0070078894496 380.5177690982819 294.3634962365031 1.839679040014744 157.8129720240831 1.232032582163811 90.61420620232821 7.553776629269123 222.2737323045731 0.8423123806715012 0.4553684741258621 0.7860873267054558 209.6954450756311 402.6411920785904 203.2638707906008 132.1684793233871 2626.504310786724 0.09937968850135803 5.586156852543354 69.34653267264366 2007.664221949875 101.0261321216822 504.1153833121061 0.4228810891509056 0.374918706715107 13.4258731380105 26.74666528403759 14.42316477000713 394.2512880563736 3.848031774163246 49.63570383936167 21.11472379416227 165.7074344456196 7.07552108168602 5.796532727777958 0.9917845129966736
