803.3973118513823 0.3399011790752411 72.58352514356375 2.76426899433136 0 8.062887080013752 852.6723282858729 505.4468370005488 0.7411008551716805 474.4013136923313 4.823577776551247 1.780636481940746 0 5446.723650224507 0 0.2016352564096451 103.5521636754274 6.093164302408695 63.95750772207975 1.733487732708454 21.52555033564568 0 84.13192121684551 42.5739955380559 0 138.8314675018191 33.76142586022615 41.50911913067102 4267.996163368225 2501.97037538141 0.546007826924324 0.8143690004944801 76.82729747146368 101.3551493138075 0.7787520885467529 29.41201236844063 6.189240172505379 67.32478257268667 13.92275802046061 2.108838833868504 0.1049417331814766 0.2120309770107269 0.6403853222727776 0.1102251783013344 0 0.4771527498960495 0 0 0 8.206657722592354 0 0 0 0 0 0 0 0 0 0.7422289550304413 0 0 0 0.4288265630602837 0 0.9073460102081299 6.15376515686512 0 1.47994115203619 3.698213890194893 9.886935785412788 0.6281341463327408 9.841364726424217 0 0 0 0.2584385871887207 0 2.368036150932312 0 0.2413078844547272 0.6655598878860474 0 0 0 0
0.3399011790752411 207.5673840939999 75.81129741668701 0.279397189617157 0.1276576370000839 1.33137696236372 9.347234569489956 2.336690708994865 901.2579793259501 1.891110233962536 109.0145104080439 0.39408940076828 805.868412964046 2.089494720101357 1.829962961375713 126.1410484313965 15.27387039363384 3.467045813798904 6.46517077088356 0 10.53594842553139 2623.988687872887 4.154201120138168 833.4014033675194 1415.284181922674 290.2188128679991 6819.791263520718 9.715633064508438 3.364809885621071 1.08832012116909 48.14929875731468 0.1156431585550308 0 14.35374245792627 0.6588359028100967 46.70502948760986 99.51923312246799 55.36975800246 14.17392301559448 5.813127353787422 0.9032439589500427 163.269342571497 0.1467942148447037 0.4212619289755821 76.65026363730431 123.9361099153757 0.3529960215091705 0 0 3.179764859378338 0.2873179167509079 3.697231911122799 0.1185405775904655 6.0712715908885 0 25.32835099846125 0.6555001735687256 0 7.334559366106987 33.32331607490778 3.652098372578621 26.92256413400173 0 0.7980544865131378 31.42180339992046 7.732578083872795 10.03812532126904 29.06157343834639 410.7849703580141 1820.37722260505 2.712295591831207 0.2396569475531578 0.3931494802236557 5.86144894361496 0 0.1129470840096474 2.181530505418777 0.1434541195631027 14.55485521256924 16.12805518507957 8.388991169631481 2.039336711168289 0 0 0.7602125555276871 0
72.58352514356375 75.81129741668701 9235.171961046755 12.77357722073793 0 121.7004002481699 3018.901575393975 1171.994251295924 5.221601009368896 205.295392639935 15.14058344066143 1.6512211561203 2.622643850743771 820.325868152082 0.8386552855372429 10.6411140486598 5975.293761655688 23.41358844190836 313.6417147666216 5.042559362947941 1195.670335836709 23.72362552583218 11267.86914014816 77.55508972704411 1.822680614888668 6302.267173469067 8022.037635959685 755.0482490956783 139.0651181712747 463.4754596278071 5.904726624488831 0.8955229595303535 11.17004543542862 555.2402735576034 34.90691801905632 3860.182614274323 1351.14460542053 1765.330503053963 633.3156200125813 50.66287607699633 0.1785460710525513 6.9914480894804 11.62049904465675 2.375495351850986 244.7982059642673 1526.30306751281 0.3579130172729492 0 0.6651506051421165 30.65026108175516 3.298145346343517 6.044907063245773 0 0.4662344455718994 0 5.808278150856495 6.795742630958557 0.1444024294614792 20.43765513598919 196.7322010174394 2.743218444287777 96.43318214267492 0 6.656159356236458 46.54446760565042 317.9883868247271 24.54497195780277 5.539789326488972 899.4613159745932 3722.310436405241 10.81825016438961 1.277494601905346 9.681916922330856 1.767730623483658 0.1171448975801468 0 3.478814981877804 12.6191263794899 38.53553856164217 23.89028109610081 31.93213446438313 11.09325082600117 0.8652316480875015 0 0.110967293381691 0.1301526129245758
2.76426899433136 0.279397189617157 12.77357722073793 4436.426634207368 5.388322301208973 185.463280595839 216.8344708755612 66.31198636442423 1155.667288511992 4432.99613122642 5.088793598115444 3990.852388441563 0 48.570795096457 155.7911866903305 6.228736117482185 1.569069355726242 0.9181911572813988 0.7631261646747589 4661.521014124155 6.254446759819984 4.221013724803925 35.12393029779196 1460.400933675468 0 4.810727499425411 86.10185052454472 4065.585134871304 92.73851097375154 2.108816966414452 0 0.7780183404684067 7.902384094893932 51.92428562790155 4.361700043082237 378.9082099944353 3.895148634910583 115.5386386141181 21.05738591402769 380.9286613613367 2.859982319176197 0 4.234590217471123 1.089024439454079 0.6650184988975525 0.3523706495761871 242.83647172153 0 18.14423678070307 161.2387458831072 4.178456604480743 62.81267560273409 327.7059722468257 0.7742427587509155 163.5623530521989 0 6.008016109466553 9.414980813860893 1.208649851381779 0.1300076544284821 0 0.4588049873709679 211.5384075120091 2.594325020909309 0.7704052627086639 2.140229269862175 521.5657594054937 0 1.30251170694828 3.197971880435944 414.2871384844184 3.671134896576405 11.70971341431141 0 0 0 2.131876453757286 0.2274358719587326 30.06081941723824 0.458720862865448 4.810025162994862 3.282291263341904 89.95989023149014 0 0 0
0 0.1276576370000839 0 5.388322301208973 1.50493198633194 48.18385978043079 0.8930518701672554 3.444617785513401 69.78547235578299 2.910053387284279 16.55628859996796 102.3832121938467 0 0.6495166197419167 1574.828022778034 0 0 0 0 7.434275560081005 0 0.4385274350643158 0 17.84259973466396 0.1362076699733734 0 0.1303488314151764 3.293127603828907 31.35968494415283 0 0 30.62548944354057 0 51.14550718665123 0 4.293118834495544 0.2559024393558502 56.99162350594997 16.11737434566021 1014.689115010202 100.1910891234875 0.8142668306827545 0 0 0 0 0 0 0 0 0 0 0 0 0 0 0 0 0 0 0 0 0 0 0 0 0 0 0 0 1.212597250938416 0 0 0 0 0 0 0 0 0 0 0 0 0 0 0
8.062887080013752 1.33137696236372 121.7004002481699 185.463280595839 48.18385978043079 12615.29644563049 3042.479741252959 6961.486226767302 108.8088896870613 5631.909933179617 253.5711462050676 4920.441784121096 18.62595168501139 1416.742192976177 1134.486244022846 1.150580860674381 14.28972045332193 15.92966005951166 20.86846000701189 459.2939554527402 13.48587142676115 1.153058975934982 32.93301033228636 251.922916226089 2.15643323212862 80.18937076628208 124.9779758676887 993.7141563221812 965.4297986030579 21.98956747353077 3.550890251994133 239.4924093782902 18.39809437096119 482.1825558915734 9.305321790277958 550.0349640101194 27.98881720751524 811.6128958165646 232.0126939862967 2142.580789521337 768.0933640748262 36.29648368805647 28.55758190900087 0.1410992294549942 0.280484527349472 1.124243095517159 19.21264699846506 0 1.661549389362335 124.6228855028749 2.928395800292492 6.895171634852886 24.99336829036474 0 29.03048681467772 0 2.234350472688675 2.817391738295555 2.738045625388622 2.113746270537376 0 0 28.3119310438633 1.891453638672829 1.094846874475479 2.463272698223591 161.9774233326316 0 2.027424909174442 9.966405861079693 133.3600919693708 2.877897642552853 29.48324958235025 0.1011465266346931 0 0.6558134630322456 1.447267577052116 0 14.99916680157185 1.92322626709938 5.609315514564514 2.722345381975174 18.6124824732542 0.3151777237653732 0 0
852.6723282858729 9.347234569489956 3018.901575393975 216.8344708755612 0.8930518701672554 3042.479741252959 21517.58165105432 5810.354299932718 136.9202707335353 7855.605549603701 23.78144780546427 29.0338683873415 0.8660706058144569 6687.042573489249 10.22432713955641 7.256824322044849 195.7381094992161 13.69361796975136 66.18254271149635 56.20310720801353 983.0774518176913 5.08480229973793 1626.927758894861 732.0724353194237 0.2209820374846458 678.2946613654494 813.4110347703099 18243.08710420877 941.6690918803215 7242.685887753963 1.711916565895081 4.789130948483944 150.7824886366725 399.03187199682 62.77498621493578 1524.402800373733 59.99581333249807 1120.188728891313 343.21203225106 147.5369679108262 8.142359845340252 0.7058317586779594 30.9261466562748 0.2598763853311539 5.665674895048141 21.47170717269182 25.44740711897612 0 7.857456557452679 386.4232051223516 4.564650446176529 39.17535074055195 41.7178495824337 0.5461298450827599 6.079881653189659 0.3001241385936737 6.749638147652149 0.1281306445598602 22.48814591765404 3.282900542020798 0.1155443042516708 2.858472377061844 22.52240701019764 11.69346238672733 10.53723652660847 28.05629738420248 402.0643814280629 0.2305133640766144 31.4705627784133 119.0593006908894 379.8496521264315 9.549814537167549 70.27795423567295 0.2429987341165543 0.8770040944218636 1.475706778466702 4.330351136624813 3.889389395713806 39.82612901926041 0.374114103615284 11.96544787287712 4.610850252211094 3.200122632086277 0.8395970463752747 0 0
505.4468370005488 2.336690708994865 1171.994251295924 66.31198636442423 3.444617785513401 6961.486226767302 5810.354299932718 13985.88076239079 45.80039980262518 3564.124363176525 212.6893038898706 513.9850004091859 17.31036406755447 7110.764733985066 465.7678443044424 2.174430996179581 352.3825406879187 29.14277782291174 211.9603916183114 183.3534029051661 65.76582336425781 1.926208592951298 414.7964370921254 609.0470651984215 5.660410799086094 918.0021521449089 287.2502435222268 562.7990427911282 958.5586714744568 1231.539410322905 3.967166781425476 595.6085217446089 24.20838075131178 299.3880971819162 9.566422089934349 351.5536740496755 46.63814888894558 602.8371123224497 203.4692489132285 1314.633774720132 251.0141807347536 27.09032008051872 19.37759090960026 1.176413290202618 3.190448082983494 12.88258437812328 8.094114691019058 0 3.782520569860935 418.0629985257983 3.861206740140915 28.12062735855579 15.3973054587841 0.5185497254133224 0.4924639984965324 0.2408640831708908 3.721050456166267 0 4.25617554038763 3.135056294500828 0.6062357276678085 2.21328017860651 6.359877727925777 12.14925111085176 0.8222667574882507 6.755433171987534 364.8887219876051 0.4250749796628952 14.360988676548 51.00437740981579 345.6087389439344 9.983904644846916 156.540897987783 0.1817635595798492 0.2745130211114883 1.287579119205475 7.322079062461853 1.75754851102829 40.00885479152203 1.010824009776115 13.04656863212585 8.521642357110977 2.813318073749542 0.2708278000354767 2.648608207702637 0.4318764507770538
0.7411008551716805 901.2579793259501 5.221601009368896 1155.667288511992 69.78547235578299 108.8088896870613 136.9202707335353 45.80039980262518 973.146025583148 592.2678696364164 6.285644479095936 816.1604679152369 45.54463630914688 15.34650227427483 538.0594670921564 7.46113071590662 0.7365248873829842 0.544564850628376 1.229090608656406 656.7165574356914 5.223485991358757 3327.081017836928 7.570381470024586 12838.16658128053 174.2953519895673 25.03098829835653 831.507964193821 1434.438980430365 25.3531958386302 16.65965665131807 8.263149574398994 0.9843320548534393 2.236734047532082 12.31372524797916 2.350701123476028 83.350980065763 5.105181701481342 38.37766721099615 9.491729013621807 577.3374863564968 4.224925652146339 2.473203577101231 1.412137053906918 1.704794950783253 2.357873752713203 1.590107373893261 311.9791264757514 0.6277119144797325 12.11217228323221 327.6374097466469 8.10717511177063 94.48425131291151 322.660367064178 1.147439010441303 414.6669559925795 0.6125596612691879 9.082951880991459 35.68239893019199 41.26786658167839 2.285365574061871 0.1492678821086884 1.82434119284153 315.7846844047308 51.71380164474249 26.17825266718864 13.46733808517456 2089.771869063377 0.3941072225570679 5.203546978533268 23.06575179100037 940.0907770097256 31.94146721810102 170.5756987333298 0.09703711420297623 0.8623376712203026 5.890776820480824 12.82986878603697 3.277165025472641 81.07677128911018 0.6613865494728088 25.21912980079651 13.60213098675013 89.63950391113758 0.1294997930526733 0.1388648599386215 1.500821828842163
474.4013136923313 1.891110233962536 205.295392639935 4432.99613122642 2.910053387284279 5631.909933179617 7855.605549603701 3564.124363176525 592.2678696364164 43651.09421207756 110.2416540160775 4045.572080083191 6.827475056052208 1881.896736174822 74.14920293539762 1.661171786487103 14.68658227473497 14.82559525221586 29.22440391033888 5312.955187372863 32.0532740727067 2.416862532496452 65.29531566053629 1261.102283284068 0.9645378515124321 102.0871732160449 245.328364007175 6862.756666362286 1720.61514697969 35.30575580894947 2.896479189395905 22.827820725739 51.56494732201099 926.2184851169586 27.61830779910088 1364.543536759913 32.71160826086998 1587.795582033694 228.040775641799 636.7131626084447 23.79247210919857 3.412758022546768 26.10848090052605 0.4671081602573395 2.515269890427589 2.827907457947731 262.3216579034925 0.1333685666322708 25.40884416550398 539.0491293296218 8.39989085495472 81.11889847368002 300.8710764423013 1.143057703971863 151.8404514566064 0.1039210930466652 8.449590988457203 9.372137367725372 4.272346094250679 0.8967956602573395 0 0 214.3261707648635 5.195486158132553 1.99091961979866 5.86920739710331 926.5098360776901 0.1001154109835625 6.154043465852737 18.62992110103369 739.3005010485649 9.418901219964027 35.83132173120975 0 1.07270410656929 0.6702389866113663 5.736954785883427 1.331053212285042 44.20095852762461 0 13.35822696238756 10.07650655508041 105.661045268178 0 0 0
4.823577776551247 109.0145104080439 15.14058344066143 5.088793598115444 16.55628859996796 253.5711462050676 23.78144780546427 212.6893038898706 6.285644479095936 110.2416540160775 10676.14175777882 62.91819763928652 2003.049426011741 185.0822327360511 62.76775062829256 1.553860783576965 353.1284789890051 1705.043071456254 1170.781982704997 23.69784560799599 13.53264335542917 16.42135671526194 26.95621928572655 14.10237590223551 631.3423067629337 2688.040706805885 742.3290624320507 24.03024841099977 478.9961904212832 23.84911793470383 776.7751279398799 351.0439208969474 0.5705132782459259 7103.133579909801 391.9387798681855 3727.087050199509 7328.177903652191 10392.13283172995 2628.005502969027 677.4856145977974 198.3985753282905 1083.970960795879 118.4805439710617 0 8.57531726360321 1.500860244035721 0 0 0 1.064673684537411 0.1466478556394577 0.7609995827078819 0 198.3659590408206 0 1219.485420919955 0 0 0.2252335697412491 0.8265793770551682 28.48703916370869 6.787586838006973 0 1.040400862693787 0.1139452010393143 2.991585850715637 1.55989395827055 163.2376521751285 117.5308017209172 408.8377685248852 3.329470440745354 0.09772875159978867 2.879239231348038 140.2977857217193 0 0 0.1833091825246811 157.6940675824881 122.4617421254516 556.3532429113984 82.83911584317684 121.1878464668989 0.1499487012624741 0 136.6878605112433 0
1.780636481940746 0.39408940076828 1.6512211561203 3990.852388441563 102.3832121938467 4920.441784121096 29.0338683873415 513.9850004091859 816.1604679152369 4045.572080083191 62.91819763928652 10244.86440133303 2.340828627347946 450.2492051869631 1471.909405402839 0.1066051423549652 0.976665697991848 7.497260130941868 10.92060629278421 5184.972952701151 0.4772684648633003 0.6123919934034348 2.022459350526333 276.1681041494012 0.4660666212439537 8.730591788887978 5.348786354064941 1078.188373319805 517.0515537410975 3.735921114683151 1.759774431586266 24.04997865110636 0.2444364577531815 206.1321052536368 0.2938556224107742 838.1283423677087 11.67407767474651 294.8451695367694 31.74654948711395 2864.809869118035 16.99611328542233 3.211033247411251 4.455917701125145 0 0 0 166.2720511108637 1.35337221622467 3.392593428492546 14.32268255203962 0.4431780278682709 17.39466097950935 94.74736474454403 0 262.3165355175734 0 0 11.31295123696327 0 0 0 0 103.5623912885785 0 0 0 134.8790899589658 0.1059489026665688 0 0.3065346628427505 81.47175098955631 0.1451487392187119 0.4313912987709045 0 0.2480014115571976 0 0.1207807138562202 0 74.5959038361907 0 0.1922513991594315 0.1619118005037308 173.2630139440298 0 0 0
0 805.868412964046 2.622643850743771 0 0 18.62595168501139 0.8660706058144569 17.31036406755447 45.54463630914688 6.827475056052208 2003.049426011741 2.340828627347946 3049.20797881484 9.078557200729847 3.288291938602924 1.59744893014431 2.413404025137424 12.76483459025621 3.377099007368088 1.504074260592461 0.9969609826803207 119.1996809840202 1.66117762029171 32.21211852133274 3847.45098837465 155.6186186894774 2816.997532129288 11.01966838538647 24.12424989044666 0.2118627354502678 845.0826894119382 19.27664041519165 0.08787499368190765 463.0473949983716 76.59268330037594 1035.848189093173 3069.89552462101 4142.662478655577 700.5537701025605 31.58583281189203 129.4162937402725 1548.765437632799 61.62741056829691 0.1033773943781853 27.04944084584713 0.5530800744891167 0 0 0 0.2430012449622154 0.1316036731004715 1.113698467612267 0 472.1167041286826 0 2671.518150821328 0.1154298260807991 0 0.2705942690372467 1.366662241518497 48.85277575999498 9.33694926649332 0 0 2.009041219949722 0.3168553858995438 0.4970297366380692 512.3249678909779 263.9841813519597 968.3954125493765 0 0 0 461.0828521549702 0.1079335138201714 0 0.6904154941439629 9.868777692317963 57.0506808757782 819.7346834987402 30.40941426903009 5.808108575642109 0.1943365931510925 0 239.1826952025294 0
5446.723650224507 2.089494720101357 820.325868152082 48.570795096457 0.6495166197419167 1416.742192976177 6687.042573489249 7110.764733985066 15.34650227427483 1881.896736174822 185.0822327360511 450.2492051869631 9.078557200729847 9347.432214990258 268.7714129537344 0.6704660207033157 411.2710311226547 35.46998935192823 258.5276004634798 178.6819974482059 75.82510584592819 1.135244332253933 454.4036721289158 278.368469491601 1.711429104208946 793.1952608823776 167.0477908328176 337.2002854719758 2670.415511824191 3658.542688988149 5.107466071844101 6.797523699700832 30.80930855870247 407.1222727373242 4.80204401910305 258.6690316870809 40.43908564001322 415.7207349687815 92.80147514492273 404.5654810294509 25.3757237046957 11.18972052633762 6.646292708814144 0 2.27017866820097 5.956834688782692 0.645403154194355 0 0.5801031589508057 70.36429614573717 0 4.885057181119919 2.14901214838028 0.2564363479614258 0.3465194255113602 0 1.038220420479774 0 2.644200503826141 2.34872467815876 0 0.6183534860610962 1.544412866234779 4.146375380456448 0.5300606787204742 2.484114550054073 77.50651422142982 0.1144381016492844 11.06952791661024 27.5652933716774 92.07769279181957 3.323743566870689 59.72953107208014 0 0.1742622256278992 0.2633779495954514 1.419269517064095 0.2009740024805069 19.21415033191442 0 4.111321561038494 2.56440307199955 0.1282080709934235 0 0 0
0 1.829962961375713 0.8386552855372429 155.7911866903305 1574.828022778034 1134.486244022846 10.22432713955641 465.7678443044424 538.0594670921564 74.14920293539762 62.76775062829256 1471.909405402839 3.288291938602924 268.7714129537344 403.024618819356 0 0.4755928888916969 4.753803327679634 4.710110560059547 201.3179050013423 0 15.79037301242352 0.5306394100189209 654.4303327798843 1.150279529392719 4.890629194676876 5.169931150972843 88.40821317583323 236.3806057721376 0.5304561778903008 0.8983819708228111 150.3090807497501 0.1292196363210678 80.06005808711052 0 184.3361940607429 5.599367193877697 115.7764191180468 27.46081452816725 770.5673495531082 241.16188159585 4.239414647221565 1.747870847582817 0 0 0 1.792132645845413 0 0 1.130168713629246 0 0.1723001897335052 2.065577507019043 0.1018638163805008 18.79613892734051 0 0 0 0.3097517043352127 0 0 0 0.9845437705516815 0 0 0 3.967479228973389 0 0.1440621763467789 0 2.222260221838951 0.2601467967033386 0.1558900326490402 0 0 0 0 0 7.493790864944458 0 0.268302857875824 0.3835211098194122 3.747547149658203 0 0 0
0.2016352564096451 126.1410484313965 10.6411140486598 6.228736117482185 0 1.150580860674381 7.256824322044849 2.174430996179581 7.46113071590662 1.661171786487103 1.553860783576965 0.1066051423549652 1.59744893014431 0.6704660207033157 0 2127.671930089593 4.271312884986401 0.1874561160802841 0.2739148288965225 0 3575.703634127975 2207.297902531922 6014.986642450094 2105.652049735188 13.98682917654514 7.922407120466232 9506.313611015677 914.3925000503659 6.79683230817318 5.654883585870266 1.366535276174545 0 0.6900915503501892 24.84359239041805 33.94012798368931 3302.53949341923 553.1198649257421 234.9112966805696 416.7781249657273 132.3737275376916 0.09173549711704254 2.311019033193588 29.5146165266633 0.3326206505298615 5.822152093052864 36.04338604956865 0.2717345058917999 0 1.885667763650417 34.03934744745493 4.786067366600037 3.251008071005344 1.432180270552635 0.0911325141787529 0 0.4813774898648262 7.376025915145874 0 4229.508801691234 2.446702934801579 0.1446615308523178 1.238523811101913 0.2192049473524094 1023.608027048409 972.3320113867521 1446.171282678843 303.4281002432108 0 7.104692801833153 543.8937049731612 184.7136458531022 5.950031504034996 217.140009522438 0 0.09690868854522705 0.7546845078468323 4.966995365917683 1.55595663189888 37.95490588247776 3.171651422977448 15.9529896825552 8.913815073668957 0.5475477948784828 0 0 0
103.5521636754274 15.27387039363384 5975.293761655688 1.569069355726242 0 14.28972045332193 195.7381094992161 352.3825406879187 0.7365248873829842 14.68658227473497 353.1284789890051 0.976665697991848 2.413404025137424 411.2710311226547 0.4755928888916969 4.271312884986401 3906.061894401908 210.6415406838059 3954.221692480147 1.17773762345314 606.0161652117968 2.218354135751724 2842.881050661206 15.15147531032562 2.874234810471535 2597.592222385108 2509.903569422662 97.39051201939583 325.492954544723 1125.125787287951 2.301370218396187 0.4790134131908417 22.60921129584312 1626.557108089328 4.997904323041439 994.8988733589649 3657.037008091807 1280.318246595562 213.4523514360189 10.64886266738176 0.5236815139651299 0.8615111708641052 1.797410510480404 0.1467142999172211 101.2341451197863 167.0735893547535 0 0 0.331673264503479 4.025088712573051 0.9166092500090599 0.5205954983830452 0 1.299080342054367 0 2.571993686258793 1.755753621459007 0 2.348302483558655 124.7459015622735 6.782432340085506 102.810629747808 0 3.218220271170139 10.58240646123886 9.576009437441826 8.009989619255066 3.895422115921974 887.9404014572501 1141.295307978988 4.337802469730377 0.4849405586719513 5.92429868131876 5.437393315136433 0 0 5.959902942180634 1.520487070083618 15.05473170429468 9.612004294991493 16.77370727062225 3.600309982895851 0.7326108515262604 0 0 0.1276852786540985
6.093164302408695 3.467045813798904 23.41358844190836 0.9181911572813988 0 15.92966005951166 13.69361796975136 29.14277782291174 0.544564850628376 14.82559525221586 1705.043071456254 7.497260130941868 12.76483459025621 35.46998935192823 4.753803327679634 0.1874561160802841 210.6415406838059 180.4412918612361 1340.651816338301 4.342567980289459 6.601360887289047 1.516987845301628 26.60814398527145 2.01302020996809 19.17000399529934 1651.078823789954 328.7546336054802 4.225533954799175 68.8966503366828 21.86826255917549 83.98639137297869 13.09710101783276 2.721979387104511 796.9334006533027 3.785015195608139 396.4545911252499 1147.934217512608 1833.417311005294 657.4343443289399 18.50894394516945 2.73995865136385 9.1466009542346 5.831572011113167 0 7.967597380280495 0 0 0 0 0.2671274840831757 0 0.5103145390748978 0 12.62127172201872 0 49.47781156748533 0 0 0.2292090877890587 0.7708946317434311 21.56681510061026 11.68529117852449 0 0 0.6431005746126175 0 1.112014934420586 26.14601589739323 171.9870837032795 317.4278703331947 0.09776151180267334 0 0.08602645248174667 33.78390377014875 0 0 0.279421478509903 4.490483477711678 3.369856238365173 8.850017093122005 2.522960387170315 1.012282364070415 0 0 0 0
63.95750772207975 6.46517077088356 313.6417147666216 0.7631261646747589 0 20.86846000701189 66.18254271149635 211.9603916183114 1.229090608656406 29.22440391033888 1170.781982704997 10.92060629278421 3.377099007368088 258.5276004634798 4.710110560059547 0.2739148288965225 3954.221692480147 1340.651816338301 1592.838677197695 3.421975620090961 90.36945521831512 0.7542116343975067 513.5083891004324 5.071431323885918 9.410577774047852 3180.661118514836 415.3020095005631 14.5313873142004 325.8222714401782 266.6591562852263 18.96416445076466 8.380199879407883 15.74035207927227 2992.718128733337 13.23253510147333 1126.792414173484 1498.001213923097 3605.045607320964 929.8576006963849 16.96812422573566 0.1439876854419708 3.261076226830482 3.191460378468037 0 28.96041148155928 16.98290181905031 0 0 0 0.7269870340824127 0 0.1295198798179626 0 0.6190624684095383 0 5.45261063426733 0 0 0.8161756545305252 26.87814667075872 13.86779636144638 43.63705895841122 0 0.1548876762390137 1.696574509143829 2.190951094031334 0.8032081350684166 13.10678531229496 498.7752762287855 508.5408998504281 0.5912695154547691 0.396871417760849 1.198139883577824 12.27342481911182 0 0 0.1512318700551987 6.438190385699272 5.912963062524796 4.857447132468224 5.031297333538532 1.869778379797935 0.1757427006959915 0 0.1263902485370636 0
1.733487732708454 0 5.042559362947941 4661.521014124155 7.434275560081005 459.2939554527402 56.20310720801353 183.3534029051661 656.7165574356914 5312.955187372863 23.69784560799599 5184.972952701151 1.504074260592461 178.6819974482059 201.3179050013423 0 1.17773762345314 4.342567980289459 3.421975620090961 870.2300147935748 0.08571809530258179 0 2.086249753832817 464.822994992137 0.1188360974192619 5.113936595618725 4.903904683887959 1963.694681465626 271.4511206150055 2.376043103635311 0.6780551895499229 5.157518051564693 2.197811134159565 148.5791400372982 0.9832999408245087 347.3000686019659 7.637120112776756 219.0367271900177 27.40615531802177 679.1203697621822 4.599770091474056 4.148822285234928 2.252272225916386 0.6813964247703552 0.1703581362962723 0 121.0586944893003 0.1773750782012939 4.730813823640347 100.4215718284249 2.933248355984688 27.85073268413544 100.0876783803105 0 131.306270763278 0.1025422364473343 1.170618310570717 10.07269723713398 0.1953142732381821 0 0 0 94.11155094206333 0.1900764554738998 0 0 240.5247920900583 0.1338072568178177 0 1.067854471504688 173.2204852998257 2.884813837707043 3.998089820146561 0 0.3240400105714798 0.7397897839546204 1.30310520529747 0 30.85986919701099 0 2.251021340489388 1.66109961271286 58.83274428546429 0 0 0
21.52555033564568 10.53594842553139 1195.670335836709 6.254446759819984 0 13.48587142676115 983.0774518176913 65.76582336425781 5.223485991358757 32.0532740727067 13.53264335542917 0.4772684648633003 0.9969609826803207 75.82510584592819 0 3575.703634127975 606.0161652117968 6.601360887289047 90.36945521831512 0.08571809530258179 10970.93459661305 104.0015768408775 20447.1950410828 961.4874696657062 1.673969373106956 99.70481174439192 649.7272107377648 7133.998316526413 109.572874031961 6827.726632617414 0.8118105456233025 0.1943304389715195 13.45881565660238 3343.985989503562 196.5498057156801 9040.146108582616 699.0639106482267 7010.515319660306 3766.592400692403 485.4156849458814 4.502848267555237 2.394135773181915 90.80858535319567 2.291969478130341 0.8223112821578979 14.19037172943354 0 0 1.750489428639412 22.18059516698122 2.720183484256268 2.747205287218094 1.079270347952843 0.3648650720715523 0 0 6.967465698719025 0.1214711517095566 432.5226375386119 3.790239900350571 0.1358499526977539 1.259924530982971 0 419.9677675962448 116.3846829682589 98.47213826328516 219.8929315805435 0 9.364552445709705 65.51940270513296 145.2769677340984 8.298251919448376 193.6764046996832 0 0 3.020284801721573 3.368154779076576 7.174766629934311 29.52911802381277 1.912443414330482 9.618421494960785 4.692180685698986 0.2802361249923706 0 0 0.1447160243988037
0 2623.988687872887 23.72362552583218 4.221013724803925 0.4385274350643158 1.153058975934982 5.08480229973793 1.926208592951298 3327.081017836928 2.416862532496452 16.42135671526194 0.6123919934034348 119.1996809840202 1.135244332253933 15.79037301242352 2207.297902531922 2.218354135751724 1.516987845301628 0.7542116343975067 0 104.0015768408775 1003.682517677546 107.6111631095409 6350.488088428974 470.2937716171145 51.40557996183634 4433.232288509607 103.8644319325686 2.869626998901367 12.46839162707329 14.71792364120483 0 0.7429888769984245 5.102478124201298 0.8362621068954468 27.1803730353713 17.61118295043707 16.34609197825193 3.188684172928333 24.14426164329052 0.1715867221355438 7.351156175136566 0 0.4900891780853271 20.08632629364729 130.5555860847235 1.064437925815582 0 1.304976418614388 17.30501814186573 1.342023074626923 5.22315277159214 1.164183221757412 0.9397124797105789 0 2.582160785794258 3.206329606473446 0 1379.155308030546 1.357288792729378 0 1.107034161686897 0 341.4918691292405 107.6582151129842 353.1443629264832 257.3123693689704 1.185878060758114 17.29017000645399 1252.880032204092 105.1791435852647 1.617336228489876 72.08196150511503 0.8297176957130432 0 0 0.9594409987330437 0.2664175629615784 15.48472089320421 1.111674129962921 5.650157906115055 3.13740910589695 0.1050939634442329 0 0 0.2362495958805084
84.13192121684551 4.154201120138168 11267.86914014816 35.12393029779196 0 32.93301033228636 1626.927758894861 414.7964370921254 7.570381470024586 65.29531566053629 26.95621928572655 2.022459350526333 1.66117762029171 454.4036721289158 0.5306394100189209 6014.986642450094 2842.881050661206 26.60814398527145 513.5083891004324 2.086249753832817 20447.1950410828 107.6111631095409 21479.38508803397 935.1565038859844 1.384947493672371 1527.721273645759 8730.370599344373 3879.712344445288 173.3861088678241 6340.229477576911 2.632730677723885 0.6216943338513374 28.11385305225849 3071.139243319631 397.0221854150295 16980.30841974914 5503.53286087513 7486.143308520317 6700.824739798903 914.3662989065051 14.86270920932293 6.080322906374931 225.4782741591334 0 9.15013276040554 302.8308374509215 0.3083384037017822 0 1.136220507323742 33.66241475194693 2.022891469299793 1.922722414135933 0.8875221908092499 0.2972316443920135 0 0.4220715761184692 0.7203356847167015 0 2446.97896168381 10.42622934281826 0 4.340323083102703 0.4738304316997528 220.505929119885 273.5608814656734 1404.55785895139 93.32143484801054 0.1396389007568359 45.77022609859705 1748.388730868697 64.79649378359318 3.262962892651558 45.3012662678957 0 0.1532375812530518 0.1554189771413803 1.761823624372482 57.70010598003864 80.28282377868891 6.549505591392517 9.096041426062584 12.51627168059349 0.249929815530777 0 0 0
42.5739955380559 833.4014033675194 77.55508972704411 1460.400933675468 17.84259973466396 251.922916226089 732.0724353194237 609.0470651984215 12838.16658128053 1261.102283284068 14.10237590223551 276.1681041494012 32.21211852133274 278.368469491601 654.4303327798843 2105.652049735188 15.15147531032562 2.01302020996809 5.071431323885918 464.822994992137 961.4874696657062 6350.488088428974 935.1565038859844 12676.0486554876 132.1967436894774 75.29110100120306 6296.151081368327 7467.21713911742 812.5965079814196 166.2354792207479 5.510967150330544 1.503983944654465 216.472220569849 393.0087657645345 147.1381544843316 3278.504480719566 115.5045590177178 1120.46884509176 314.8456261828542 828.665665820241 10.95428374409676 11.49289046227932 40.42707988619804 11.58392606675625 12.51831280440092 46.41987440735102 386.549132309854 0.163548156619072 52.69984070956707 2289.792854852974 31.43735544383526 912.5851998403668 363.4181811138988 15.71498084068298 168.4461239427328 12.29507071524858 43.31506970524788 12.03073895722628 463.9797299131751 18.6929429769516 0.6775671169161797 7.202315732836723 269.0148028433323 431.5113554000854 413.7935072481632 202.784162953496 4847.371335528791 0.8875879570841789 23.88514304161072 228.3844958916306 3774.831273540854 139.600373454392 1526.922771863639 0.3929548040032387 4.009432062506676 22.17131937295198 45.31685785204172 12.27293134480715 389.641538657248 3.652880229055882 117.1337900161743 63.81600984185934 103.7403286099434 7.817981235682964 2.216248512268066 10.31303319334984
0 1415.284181922674 1.822680614888668 0 0.1362076699733734 2.15643323212862 0.2209820374846458 5.660410799086094 174.2953519895673 0.9645378515124321 631.3423067629337 0.4660666212439537 3847.45098837465 1.711429104208946 1.150279529392719 13.98682917654514 2.874234810471535 19.17000399529934 9.410577774047852 0.1188360974192619 1.673969373106956 470.2937716171145 1.384947493672371 132.1967436894774 571.7278056815267 372.3878019228578 4980.965016454458 2.98279794305563 2.481938153505325 9.134795591235161 495.813320979476 3.079742982983589 0 74.34875575453043 4.669537454843521 584.6384776383638 474.458288371563 1802.12720682472 319.4850486591458 25.41916617006063 77.01753222942352 536.5610351115465 53.71976429224014 0 90.57580783218145 1.415950119495392 0 0 0 0.2934900000691414 0.1877700835466385 2.103591397404671 0.09762486070394516 78.8032803684473 0.1022626683115959 575.8670716583729 0 0 0.1305750906467438 2.546717613935471 5.342079691588879 5.371633261442184 0 0.1054577305912971 7.081880614161491 0.1136653572320938 1.750742517411709 73.55014130473137 139.8254661783576 746.3152765780687 0.749064214527607 0.2561868950724602 0.08409350365400314 38.91788316518068 0 0 0.4725807905197144 0 111.0304782390594 51.37978364527225 17.52514035254717 7.159058712422848 0 0 29.94987757503986 0
138.8314675018191 290.2188128679991 6302.267173469067 4.810727499425411 0 80.18937076628208 678.2946613654494 918.0021521449089 25.03098829835653 102.0871732160449 2688.040706805885 8.730591788887978 155.6186186894774 793.1952608823776 4.890629194676876 7.922407120466232 2597.592222385108 1651.078823789954 3180.661118514836 5.113936595618725 99.70481174439192 51.40557996183634 1527.721273645759 75.29110100120306 372.3878019228578 19460.94774118811 13049.18718114495 141.080757163465 547.6309551969171 374.8652402758598 687.8941401839256 14.86666455864906 29.23894437402487 1547.289798513055 35.03164731711149 3998.56987053901 5473.832090944052 4267.27200101316 1462.42122001946 43.02398888021708 5.443428300321102 51.77264376729727 14.71916204690933 1.38106494396925 515.8414841070771 75.13564721494913 0 0 0 8.322650097310543 2.049433797597885 4.430906772613525 0.1205551475286484 80.43345189839602 0 391.9850375503302 2.386020116508007 0 2.893904618918896 256.0771345719695 163.0096321627498 405.3419336155057 0 0.9420452266931534 9.352140739560127 11.75648715347052 10.06910879164934 281.1844866350293 3626.217959016562 5518.424190796912 5.211737863719463 1.65288770198822 8.346585147082806 199.9323964193463 0.1019382029771805 0.7087296545505524 10.26143927127123 21.9076828956604 53.28037927299738 88.38893711566925 56.45147935301065 10.69259945303202 0.5486762821674347 0 3.553839407861233 0
33.76142586022615 6819.791263520718 8022.037635959685 86.10185052454472 0.1303488314151764 124.9779758676887 813.4110347703099 287.2502435222268 831.507964193821 245.328364007175 742.3290624320507 5.348786354064941 2816.997532129288 167.0477908328176 5.169931150972843 9506.313611015677 2509.903569422662 328.7546336054802 415.3020095005631 4.903904683887959 649.7272107377648 4433.232288509607 8730.370599344373 6296.151081368327 4980.965016454458 13049.18718114495 36327.06883096695 2844.263023339212 220.75070399791 83.74125902354717 1819.437976285815 6.152940206229687 14.82372286170721 1625.14973051846 196.3425918519497 13393.28860314935 4290.530259355903 6338.192834213376 2759.345814377069 247.9609508290887 9.932964697480202 48.34450248628855 60.80570625513792 4.015798047184944 2767.450324237347 3090.793534524739 1.68214974552393 0 2.670018188655376 104.3156067058444 10.9396957680583 19.92757658660412 2.160869881510735 163.3364740908146 1.649189412593842 614.3260831162333 23.44406271725893 0 1282.189636424184 323.2535014897585 184.3788541406393 388.7071473449469 0 33.64410619437695 879.434440664947 1609.411606095731 120.1261767968535 957.2957211658359 4966.601577185094 19413.68501824886 58.28376702964306 5.308295965194702 24.3848000317812 356.4799155145884 0.1166470348834991 0.5695181339979172 14.00473422557116 80.13583438098431 167.5818611159921 146.9447179064155 119.1858675926924 27.39856635034084 1.845004737377167 0.1261646747589111 3.885155081748962 0.4893848747014999
41.50911913067102 9.715633064508438 755.0482490956783 4065.585134871304 3.293127603828907 993.7141563221812 18243.08710420877 562.7990427911282 1434.438980430365 6862.756666362286 24.03024841099977 1078.188373319805 11.01966838538647 337.2002854719758 88.40821317583323 914.3925000503659 97.39051201939583 4.225533954799175 14.5313873142004 1963.694681465626 7133.998316526413 103.8644319325686 3879.712344445288 7467.21713911742 2.98279794305563 141.080757163465 2844.263023339212 34725.95053768158 1064.881045676768 5642.473480664194 1.112631753087044 2.993769377470016 322.6704340875149 919.1096776202321 275.8376000970602 5813.865682959557 200.6948691233993 2401.928734026849 798.5397528260946 371.2888338789344 16.23151273280382 5.764742940664291 90.91586385667324 5.603086657822132 4.269239261746407 23.28980439901352 287.7617915049195 0 37.89469836652279 1025.697841413319 13.39421762526035 261.0320851057768 273.8069889992476 5.229532070457935 125.4814520850778 4.533709846436977 14.53035972267389 4.625497110188007 161.9739087969065 15.5227137953043 0.5035866945981979 6.898466534912586 212.5988990217447 252.1039752215147 103.2038850039244 107.0651947334409 2231.305107817054 0.591095969080925 14.82556918263435 126.0809431150556 2115.796540811658 73.26635534316301 1333.992509327829 0 1.813465401530266 14.12551230192184 27.48533726483583 10.07687728852034 197.6958185732365 3.002580396831036 52.32541075348854 26.12384113669395 58.39966287463903 1.862253367900848 4.861972451210022 2.828040167689323
4267.996163368225 3.364809885621071 139.0651181712747 92.73851097375154 31.35968494415283 965.4297986030579 941.6690918803215 958.5586714744568 25.3531958386302 1720.61514697969 478.9961904212832 517.0515537410975 24.12424989044666 2670.415511824191 236.3806057721376 6.79683230817318 325.492954544723 68.8966503366828 325.8222714401782 271.4511206150055 109.572874031961 2.869626998901367 173.3861088678241 812.5965079814196 2.481938153505325 547.6309551969171 220.75070399791 1064.881045676768 17013.24567172676 6228.484294869006 9.434962838888168 120.7363893687725 3498.361093856394 2344.360922753811 24.1220673546195 1030.917007341981 65.18804047256708 1891.143258795142 245.7798758223653 703.6840422973037 55.41419160366058 22.36419087648392 19.46885095536709 0.4363475441932678 1.675368182361126 0.9837946370244026 0.9829639866948128 0 0.792656198143959 56.25666399300098 0.3746961057186127 8.312001265585423 1.097772397100925 0 0.4575129374861717 0.1757442355155945 0.8864802569150925 0 1.810891069471836 0.4908451661467552 0.1175381019711494 0.5069060921669006 1.087484262883663 6.363182403147221 2.289910495281219 4.404132358729839 76.30472225695848 0.2230678275227547 9.005534678697586 14.25858440250158 104.3689040839672 4.638152703642845 68.58414829522371 0.138087660074234 0 0.3585123941302299 1.273875325918198 0.473422959446907 27.52461442351341 0.303313784301281 3.702798619866371 1.913497112691402 0.1483658105134964 0 0 1.862369209527969
