366.9354565292597 3.807151198387146 9.408130802214146 0.9497154131531715 0.3358393013477325 8.312915854156017 1261.99285402149 199.6840262711048 18.23309111595154 7.575142182409763 20.95476924628019 0.516208104789257 2.949287310242653 2684.711648918688 0 0.6999715119600296 13.78300142288208 17.78983811289072 16.24245776236057 0.4647667109966278 6.241431027650833 3.730137556791306 10.17005798220634 45.05228599905968 1.142170801758766 76.62196214497089 29.42458624392748 82.49266465753317 3370.544050246477 1382.354678139091 1.750434294342995 5.292736858129501 160.8969655334949 290.7354997098446 10.0273831486702 74.95197320729494 6.972203001379967 216.2197540774941 52.61703877151012 9.643819570541382 9.228750608861446 0.5000639632344246 2.131974317133427 0 0.6069229766726494 0.1129573062062263 0 0 0 5.245658412575722 0.24248868227005 7.91855926066637 0 0.2466390952467918 0 0.1060276627540588 0 0 3.213198393583298 0.7312470674514771 0 0.8213321939110756 0.7026141285896301 7.262338683009148 1.738957390189171 0.5952791571617126 20.6296576410532 0.3376098796725273 2.592737026512623 3.233149841427803 41.56361985206604 0.2075840681791306 18.55058967322111 0 0 0.2049105986952782 1.01355592161417 1.319824010133743 23.68269996345043 0 3.914700366556644 0.6694986820220947 3.031366258859634 0 0 0.567401260137558
3.807151198387146 600.9373132288456 918.8553399071097 0.1097473278641701 0.1031064614653587 0.6823362559080124 16.95642547309399 6.564722180366516 1100.600070372224 1.700158536434174 49.31309475749731 2.734539054334164 347.4366097301245 9.786750480532646 5.260649293661118 137.1987828314304 1704.509400203824 7.574764803051949 273.2186225950718 0.3483147770166397 37.02475257962942 3809.771770067513 150.4272314682603 1215.903369374573 2026.375565208495 1811.517570439726 4726.557439059019 66.9358843639493 16.74214578419924 56.45354595035315 23.02449711412191 0.1988293156027794 3.448334336280823 397.2813643664122 12.91464235633612 802.5897733494639 326.8419746756554 800.0575571656227 210.2118396535516 25.85189072042704 0.6787355989217758 124.981503739953 4.475856453180313 0 212.5562588721514 111.0165817588568 0.1215409189462662 0 0.2600000202655792 1.253339797258377 0.1230282410979271 2.728215634822845 0.4018861278891563 3.972509458661079 0 14.5542863458395 0.2275670990347862 0 9.981660783290863 58.55570125579834 1.689359873533249 197.1597894132137 0.3192350417375565 1.288270883262157 32.48005580157042 15.78338693082333 5.416210629045963 7.838391646742821 623.8963042795658 1010.237137675285 4.483282051980495 0 1.75504344701767 2.548858806490898 0 0 7.435575619339943 2.241777092218399 103.1944718360901 43.40118472278118 61.70918083935976 22.06085820496082 1.532264277338982 0 1.157057777047157 0.3526790291070938
9.408130802214146 918.8553399071097 5014.749095223844 0.3358618021011353 0 4.133760824799538 793.5472651794553 65.30437560379505 3.530174635350704 6.23888037353754 7.026606135070324 0.2194156721234322 1.925919525325298 40.37365888804197 0.2063614577054977 30.99828515201807 4653.257133290172 27.7256403490901 34.5656953305006 0 1615.668215274811 103.7530746608973 12422.96362023056 108.3577352315187 3.724394947290421 7284.2240242064 10431.59887711704 327.123215354979 35.6934011131525 900.7854024469852 3.433651238679886 0.664979986846447 6.315824665129185 628.7008974850178 29.88405506312847 1323.822663545609 778.8298564851284 1561.977522559464 600.4680817574263 43.08994892239571 1.117470063269138 2.435220792889595 6.21634728461504 0 238.5746061503887 754.1482663974166 0 0 0 3.199770793318748 0.2318828776478767 5.767207272350788 0.1347912102937698 0.2544113397598267 0 0.2016581445932388 0.4866557642817497 0 23.11005549877882 142.9452186599374 0 25.6526754796505 0 10.25972398370504 72.84118831902742 71.95485317707062 9.857689075171947 0.5238729193806648 189.1017089635134 1365.70012884587 19.69964710623026 0.4600652530789375 6.38241171091795 0 0 0.1201325207948685 6.439206264913082 6.83739510923624 108.3205885067582 18.06748289614916 58.8035644069314 23.3772878870368 0.9784831032156944 0 0.6332863569259644 0.524576723575592
0.9497154131531715 0.1097473278641701 0.3358618021011353 2989.19720415771 2.620727576315403 214.1836045309901 199.1962108016014 79.4556208178401 826.0884574055672 4960.822688147426 15.29019851982594 3625.739670626819 10.76314653456211 26.85716009885073 65.32648202031851 0 0 2.924443624913692 2.523788310587406 9469.38824146986 0.342241071164608 0.3402210175991058 0.2323353663086891 2083.177520342171 0.3603198230266571 6.228337526321411 4.526376731693745 8160.195125058293 103.9122931882739 0.8897244855761528 1.577345952391624 9.984719954431057 5.256859838962555 74.48991730064154 12.4118218421936 259.9804589375854 4.634185329079628 206.7204578146338 41.70167177170515 181.6053736805916 56.12916351109743 3.376088418066502 8.50607106089592 0.2384941726922989 0 0 244.3761666342616 0.4197136461734772 35.6331185773015 177.3597261309624 22.69568087160587 178.3023434951901 184.9426106363535 1.668077275156975 129.6477196067572 0.08193329721689224 5.395120546221733 50.95857708156109 0 0.1353957653045654 0.4447857439517975 0 342.5232462957501 0 0.1218149214982986 0.1607577800750732 480.6451657637954 0 0.202628530561924 0.3559929952025414 435.8095928505063 5.01272177696228 0.7722196653485298 0 1.090413607656956 0.2800901755690575 3.235039241611958 0.569429337978363 14.03705675899982 4.597400456666946 27.91032029688358 1.841094292700291 50.69206643104553 5.007526181638241 1.562846660614014 2.804462492465973
0.3358393013477325 0.1031064614653587 0 2.620727576315403 37.44373472034931 607.9636347591877 8.760378330945969 91.25326431542635 58.0594140291214 30.44960083812475 72.06537070870399 94.090666256845 19.48975985497236 15.02429404109716 1461.235878571868 0 0 4.39566732198 2.912498518824577 6.135708756744862 0 0.0862109586596489 0 8.653236269950867 0.3767269849777222 14.39388395100832 3.354234017431736 4.542884528636932 22.33952941000462 0.6725675985217094 3.749071806669235 53.67579346895218 0.1082155779004097 372.9681726843119 0.1803935617208481 62.97609140723944 6.177462957799435 194.2269400507212 28.56234070658684 3349.345486134291 302.5217628255486 15.43241690099239 1.744367405772209 0 0 0 0.1431040167808533 0 0.4724694490432739 3.495677471160889 0 0.3217454999685287 0 0 0 0.08166665583848953 0.07420408725738525 0 0 0 0.1794020086526871 0 0.2714367508888245 0.2232523560523987 0 0 3.584120519459248 0 0.1140043064951897 0 9.41967686265707 0 1.132869973778725 0 0 0 0 0 3.411142975091934 0.1398676037788391 3.178500726819038 0.2133201956748962 0.2890420854091644 0 0.6906911134719849 0
8.312915854156017 0.6823362559080124 4.133760824799538 214.1836045309901 607.9636347591877 6786.287920497358 1507.874144360423 4180.771791301668 240.7656975910068 7599.876254267991 170.762891985476 3014.616609193385 40.86837588995695 265.2247007414699 1765.731878325343 0.5766692981123924 1.809814460575581 17.41396736353636 11.9458771944046 216.8412606939673 2.693070255219936 0.8918015286326408 2.799974098801613 129.092854551971 1.784255288541317 46.58154679834843 16.89477229118347 1015.690186701715 290.0010588467121 8.974859826266766 9.033139660954475 416.3356344625354 10.40446359664202 376.6101911887527 17.80273759365082 363.7002332285047 18.46100459992886 365.674845688045 93.86532048881054 3051.701615147293 214.924267321825 26.31623207777739 11.06072400510311 0.3913168832659721 0.09757965058088303 0.1682010442018509 30.52431701123714 0 12.42261458188295 119.3506239876151 24.85738521069288 26.14768262952566 34.72581277787685 0.6732698529958725 32.1535278186202 0.5967595651745796 5.126531332731247 10.49654582887888 0.4180175811052322 0 0.3662632703781128 0.1799430996179581 50.85183412581682 1.336882658302784 0.3666930794715881 0.9467759132385254 155.8455194830894 0.2398885115981102 1.358558602631092 1.654261067509651 155.7905085831881 4.954993925988674 11.19090002030134 0.3931749761104584 0.7026803269982338 0.5849199816584587 2.024136163294315 3.625341609120369 31.17630498856306 0.8962574899196625 19.41567146033049 4.868042133748531 17.61536604911089 0.6132269129157066 0.7500666156411171 0.8794216513633728
1261.99285402149 16.95642547309399 793.5472651794553 199.1962108016014 8.760378330945969 1507.874144360423 10051.30654468387 5280.941829502583 991.197972305119 3312.485221043229 52.26876068115234 54.7319467663765 22.94738430529833 7404.304141558707 22.54874073714018 55.05947334319353 153.5554215759039 25.09587328881025 21.06824342906475 37.60371346771717 705.4147213473916 83.0455022379756 584.5871130526066 3144.421431466937 4.783770509064198 303.1297257170081 276.334311209619 23838.3061530441 2145.933781608939 2870.11616781354 5.530537605285645 35.11293873935938 220.7629117965698 735.418847553432 182.52125428617 2268.047646999359 146.5583141744137 1856.898143045604 693.2955279201269 382.1799345090985 189.9408696144819 8.455739453434944 62.24537333846092 2.961819984018803 3.122969053685665 7.066706277430058 44.96334800124168 1.067691333591938 58.85602708160877 660.7357877269387 122.4817872792482 294.8766025230289 72.60961396247149 18.98503280431032 98.09980399906635 1.303051598370075 30.38603895902634 11.6641982793808 28.88282480090857 0.4534862488508224 3.36101009696722 2.477389574050903 105.8361913114786 32.49993766099215 15.83287064731121 19.72526712715626 978.2244265452027 0.4295906499028206 12.03266618400812 26.47130282968283 1141.190235614777 52.0534408763051 162.8780556246638 0.8341813459992409 7.163632355630398 4.79353953152895 37.00290230661631 35.87004793435335 395.6683439910412 2.519810043275356 238.8548281490803 21.70156805217266 92.32719341665506 43.14273848384619 4.011917613446712 4.678424827754498
199.6840262711048 6.564722180366516 65.30437560379505 79.4556208178401 91.25326431542635 4180.771791301668 5280.941829502583 11161.13575536758 165.9961218237877 3440.06171971187 427.7860944345593 978.0007898882031 85.74119042605162 6662.378599487245 74.02221295237541 2.09939844161272 26.27969019860029 70.31966147944331 62.05778566002846 182.2667627558112 39.19458378851414 9.725185565650463 46.33765795081854 255.2538639307022 5.796173334121704 266.0819458439946 93.97641658037901 354.8174696713686 2605.216944407672 387.7742976620793 27.23999855667353 703.3949960917234 62.11605575308204 996.3579367995262 32.33536495268345 666.3897927328944 67.2251802906394 671.120525829494 268.2778883054852 982.9759822711349 274.9328892603517 40.30450507253408 13.75512094050646 1.244025178253651 1.853580847382545 2.127625472843647 9.098720841109753 0.8183097019791603 15.56345052272081 188.2715063691139 30.13495049625635 65.72462455928326 14.54839021712542 7.014407530426979 15.37655756622553 2.264056608080864 11.31792989373207 2.11167286336422 6.55455856770277 0.8548394441604614 0.199217401444912 4.827004633843899 17.56202806532383 7.687301903963089 2.883243978023529 2.894142247736454 295.2486461848021 0.9303906708955765 9.85310161113739 14.33574759215117 472.1068145558238 17.6498411744833 111.8940657824278 0.2625478357076645 2.022601880133152 2.344975888729095 14.83589348196983 6.594946011900902 161.0212900936604 2.86616075783968 80.27281159907579 15.43344846367836 26.16349640488625 10.5471138805151 1.651542484760284 1.024389296770096
18.23309111595154 1100.600070372224 3.530174635350704 826.0884574055672 58.0594140291214 240.7656975910068 991.197972305119 165.9961218237877 1078.227836154401 407.3707697093487 12.64702227711678 1684.322949387133 36.32384593039751 81.64670066535473 808.758866161108 4.869770042598248 0.5784094631671906 1.988630346953869 0.7767248451709747 616.0482282415032 2.696162596344948 3151.840629436076 3.776121094822884 7334.475654222071 223.7352309674025 7.124677546322346 257.4794740900397 1162.710086926818 138.1139637678862 156.9290945455432 2.487477086484432 11.65678033232689 24.12244493514299 58.73192168027163 20.68122985959053 333.1501419097185 15.65216398984194 146.8845698535442 66.93625771254301 357.681898586452 29.49529528617859 10.60228214412928 8.133104637265205 0.916445404291153 1.607282042503357 0.1003406271338463 100.4970028921962 0.5638075470924377 10.6887001991272 116.702994287014 11.86658282577991 95.78750399500132 48.6457738801837 2.166289560496807 43.29809858649969 3.426591388881207 1.961793042719364 55.8554774671793 6.466494500637054 0.2285654842853546 0 0.7209577932953835 90.42712200433016 8.32124850153923 7.163252674043179 2.577464625239372 705.8537513241172 0.7505649626255035 2.932921208441257 3.702875532209873 519.5008582472801 13.78874850273132 109.3166423514485 0.5441282242536545 0.901716485619545 2.257408738136292 6.319871611893177 2.689812026917934 156.6668162941933 3.294586345553398 37.4430104419589 4.924892008304596 74.15969250351191 4.309695616364479 0.4482521414756775 1.566969245672226
7.575142182409763 1.700158536434174 6.23888037353754 4960.822688147426 30.44960083812475 7599.876254267991 3312.485221043229 3440.06171971187 407.3707697093487 22293.47926490754 171.5170988216996 2507.925542704761 53.19469695538282 728.7311388850212 119.1091803535819 1.298651553690434 1.415661215782166 33.85221436619759 33.77868919074535 3161.758124157786 5.128524444997311 1.487888589501381 3.927193120121956 438.1581053733826 3.939800500869751 93.34169968962669 48.31261223554611 5660.099505454302 977.9375870972872 8.320060759782791 16.95663664489985 110.1023743599653 15.1204080209136 618.4949912875891 46.18442079424858 1010.293451279402 29.40939274430275 1444.068787388504 213.4128566905856 650.6618049964309 334.2289105057716 28.15618520230055 39.89362709224224 0 0.09231708198785782 0 188.7660618126392 0.2293607294559479 45.8429031893611 235.3244029432535 39.19098629802465 105.4233614206314 142.3955238386989 1.647754594683647 116.9761403724551 0.5985515862703323 3.585806883871555 55.58942392468452 0.4615733101963997 0 0.1008392348885536 1.332579702138901 290.3888744786382 0.4715119227766991 0.1151689365506172 0.7681910544633865 423.0499341711402 1.05854245275259 3.472753003239632 5.28984846919775 394.4453767389059 8.19975558668375 3.831097967922688 0.2702895700931549 3.050420485436916 0.4660217240452766 5.329079978168011 6.627495735883713 29.25753424316645 0.9725046008825302 40.72802631556988 7.373670071363449 68.95630052685738 3.872342348098755 0.7475321665406227 0.7165734767913818
20.95476924628019 49.31309475749731 7.026606135070324 15.29019851982594 72.06537070870399 170.762891985476 52.26876068115234 427.7860944345593 12.64702227711678 171.5170988216996 8775.079267807305 127.4110243469477 2790.358844481409 343.3002775982022 1.663969032466412 1.536659680306911 413.9068003594875 2005.182679571211 725.4511957466602 29.98111180961132 65.22895963490009 9.150899894535542 85.4987630173564 21.50419672206044 641.0351861938834 2024.518985297531 749.4102094098926 22.38948740065098 620.2031492367387 156.2397013157606 614.0080993324518 295.374275021255 7.592119440436363 5644.685929849744 4.695834018290043 222.2112804874778 2725.324817806482 3827.757754601538 451.6188939884305 107.123320646584 141.4840414524078 516.4488389566541 6.42200393974781 0 10.29013457149267 0.9483678042888641 0 0 0.3505869358778 22.08830691128969 4.255436196923256 2.767526254057884 0.2439717352390289 395.1721131503582 0 895.4265491887927 1.160351999104023 0.3226894289255142 0.5420686453580856 0.2741196304559708 11.94688703119755 20.18752512335777 0.8538083285093307 1.643768943846226 0.8322664350271225 0.1431874185800552 26.64908407628536 178.5251965597272 78.43561208993196 149.1282140389085 53.39922136813402 1.314589619636536 11.04092641919851 47.47172276675701 0.8316822275519371 0 7.384803995490074 3.917085707187653 27.75839323550463 177.5248594656587 68.09739371389151 2.327947854995728 4.7364217415452 1.34567404538393 469.3439145684242 0.3616656064987183
0.516208104789257 2.734539054334164 0.2194156721234322 3625.739670626819 94.090666256845 3014.616609193385 54.7319467663765 978.0007898882031 1684.322949387133 2507.925542704761 127.4110243469477 9271.262254580855 65.44351348280907 114.4920306652784 1514.883857816458 0 0.1971163004636765 21.78436955064535 17.18404802680016 5088.591474600136 0.5035576075315475 6.743528068065643 0.400041252374649 644.7368395105004 5.245707973837852 58.66260325536132 21.99694631248713 988.8571989610791 304.2504741325974 1.383932866156101 11.47080014646053 106.5663130879402 0.6220053732395172 296.6840512007475 3.601824909448624 419.6439133286476 13.15636904537678 374.7146797776222 64.1834557056427 2491.909951969981 149.8459315374494 22.14848241209984 16.20605342835188 0 0.1676318645477295 0 190.4986374676228 0.9802649766206741 20.09259268641472 31.97034280747175 9.952022813260555 131.6805840805173 90.39853192865849 1.498738840222359 175.6965283155441 0.7198720350861549 2.116204217076302 168.0722178518772 0 0.1028106287121773 0.476404182612896 0.3034855425357819 188.4069504737854 0 0 0 117.8837641328573 0.2846175581216812 1.452902175486088 2.368685901165009 135.1381712257862 3.914526715874672 0.7033244892954826 0.2024863660335541 0.4339859113097191 0 2.858403779566288 0.4226180016994476 20.94316022843122 3.201968722045422 13.10138472169638 8.821578569710255 197.3630792051554 1.605636119842529 4.827104419469833 0.1768001466989517
2.949287310242653 347.4366097301245 1.925919525325298 10.76314653456211 19.48975985497236 40.86837588995695 22.94738430529833 85.74119042605162 36.32384593039751 53.19469695538282 2790.358844481409 65.44351348280907 5692.242740020156 41.00830765068531 4.412689827382565 3.923556625843048 2.3045444637537 25.83652393519878 8.817366190254688 12.54148740321398 6.880691841244698 81.32395225763321 13.65414403378963 39.72914460301399 6016.847796268761 186.2176401540637 2002.17381323874 21.2633792757988 43.55119281262159 6.404280051589012 1016.38705932349 48.29198083281517 0.4185746088624001 1328.41486402601 96.68117404729128 1997.342119649053 4269.84529607743 5462.932355772704 898.5875737667084 263.9626991972327 288.1818327531219 1634.463967643678 11.22620612382889 0.07656253129243851 21.57773437350988 0.3766546845436096 0 0.3192377090454102 0.4314699694514275 13.239032946527 4.262677252292633 2.082424499094486 0.3371028900146484 667.2330785915256 3.967066213488579 2307.45422410965 4.233401991426945 0 0.3452532067894936 0 72.4258014112711 53.13229385018349 0.3291695266962051 0.2046454474329948 0.7216481566429138 2.392329350113869 7.637999124825001 608.7394032180309 460.510701790452 907.881347283721 22.59732837975025 1.20249979197979 4.593754671514034 246.1335386186838 1.624270059168339 0 13.78897220641375 79.47472330927849 197.3752317875624 248.0517679154873 101.1028711795807 33.02280617505312 0.7550562173128128 4.211376056075096 413.0506119206548 0.4296236708760262
2684.711648918688 9.786750480532646 40.37365888804197 26.85716009885073 15.02429404109716 265.2247007414699 7404.304141558707 6662.378599487245 81.64670066535473 728.7311388850212 343.3002775982022 114.4920306652784 41.00830765068531 11837.08915717155 6.515196971595287 3.781166821718216 37.21659715473652 88.82764825969934 86.09366144984961 41.86067058146 23.5607592985034 13.72579605877399 39.36094238609076 178.8753686398268 6.267666809260845 325.7691244706511 124.7617010846734 275.6820455789566 7578.822389025241 1699.473997563124 28.6009898930788 459.2364374399185 90.5623889118433 1047.954918652773 24.32124249637127 295.3072259053588 40.48435749858618 688.7740880697966 178.3088156804442 68.75641069561243 44.99820163100958 11.28886330872774 4.166604727506638 0.5842996388673782 2.614210806787014 1.760934591293335 1.685380659997463 0.3880655765533447 1.870860658586025 52.37554514408112 8.996446564793587 37.1769317984581 3.561843223869801 1.217465199530125 3.525537259876728 1.807091638445854 1.061818286776543 0 8.375173710286617 0.6005590409040451 0.2467157766222954 3.142584875226021 1.661935485899448 17.45135581493378 2.352804712951183 1.622842468321323 104.211106672883 0.5168168023228645 10.70636576414108 16.4129741564393 191.9064373075962 2.628588892519474 72.45272135734558 0 0.3322264701128006 1.107699915766716 2.270657606422901 3.920292526483536 88.83500285446644 4.552861250936985 25.47942444682121 4.537614904344082 5.736357636749744 2.929834969341755 0.5943266898393631 0.679314449429512
0 5.260649293661118 0.2063614577054977 65.32648202031851 1461.235878571868 1765.731878325343 22.54874073714018 74.02221295237541 808.758866161108 119.1091803535819 1.663969032466412 1514.883857816458 4.412689827382565 6.515196971595287 604.7253670096397 0.6078903377056122 0.103044867515564 0.08128058165311813 0.1072183474898338 97.07035136222839 0.3504096269607544 8.046287529170513 0 501.6093201115727 1.28093820810318 1.007858492434025 1.700981758534908 62.20534508675337 4.290819026529789 1.538618296384811 0.180698961019516 240.7980716302991 0.07876770943403244 5.663160003721714 2.65328174829483 259.1318844780326 0.1089733839035034 14.3428707793355 3.961557202041149 1052.150244608521 163.9174494743347 0.1182739585638046 5.40095067024231 0 0 0 1.45075810700655 0 0.7983299419283867 2.508037388324738 0 1.622971229255199 0.6139677762985229 0 1.504592075943947 0.2336584776639938 0 6.197102904319763 0.2775551676750183 0 0 0 2.257654041051865 0.1962854564189911 0.09839113056659698 0 3.150280974805355 0 0 0 3.440812356770039 0 0.8127368092536926 0 0 0 0.11080202460289 5.46492338180542 0.6068718135356903 0 0.9226925373077393 0 6.027968138456345 0 0 0
0.6999715119600296 137.1987828314304 30.99828515201807 0 0 0.5766692981123924 55.05947334319353 2.09939844161272 4.869770042598248 1.298651553690434 1.536659680306911 0 3.923556625843048 3.781166821718216 0.6078903377056122 1945.963715091348 13.21065758913755 0.5365444421768188 0.8854009509086609 0 4277.267740741372 4810.471165679395 7865.950419746339 1915.055167540908 18.47450022399426 14.79699854552746 6969.210934400558 1948.689271450043 6.738160647451878 136.3889077305794 0.6440117657184601 0.113151840865612 1.868671305477619 42.79035800695419 67.98775688558817 2074.390123747289 581.7256125882268 393.3363985717297 733.1180526316166 107.4025391936302 1.746653571724892 2.014067754149437 24.46007204800844 0.104260191321373 2.05754067003727 6.172595612704754 0 0 0.6135819554328918 8.511582650244236 1.156218111515045 63.13589981198311 0.3902607560157776 0.6534219980239868 0.1612731516361237 0.333913616836071 0 0 1843.606230959296 5.177588008344173 0 0.9165127277374268 0 859.8658236935735 1145.321350224316 1376.126225501299 122.7885671108961 0 3.761935457587242 190.6263666078448 202.6464225128293 0.4570288807153702 317.4785342589021 0.1324224025011063 0 0 2.130914866924286 6.050389774143696 97.62444905936718 16.21503247320652 8.692695468664169 6.797478392720222 2.274543240666389 0.2799252867698669 0.2090161144733429 0.2604047358036041
13.78300142288208 1704.509400203824 4653.257133290172 0 0 1.809814460575581 153.5554215759039 26.27969019860029 0.5784094631671906 1.415661215782166 413.9068003594875 0.1971163004636765 2.3045444637537 37.21659715473652 0.103044867515564 13.21065758913755 1166.427728526294 446.8462884873152 1613.897349990904 0.09398937225341797 2319.402078405023 54.23526008427143 3817.689683541656 26.25190091878176 10.53635097295046 2530.032988838851 5822.337753422558 62.65834590047598 72.26562817394733 2973.808918103576 3.08190380781889 0.4338741078972816 13.22114463895559 574.9040884971619 5.67621885240078 183.2827993705869 1288.49166098237 308.5759310945868 126.4833345264196 8.396157920360565 0.5097899883985519 0.3064391240477562 0.830593653023243 0.6735867410898209 373.2326474040747 823.8931964039803 0 0 0 2.913563974201679 0 1.157573290169239 0 0.6860644221305847 0 1.832047753036022 0.5620716661214828 0 14.89684568345547 430.3544545024633 0.2398414388298988 468.081416875124 0 5.085621811449528 11.66216354072094 24.34993011504412 5.2011593952775 2.154865056276321 1163.975462332368 1899.523767448962 5.728708207607269 0.7604500204324722 5.593885883688927 0.3051686435937881 0 0 13.90073753893375 5.871680945158005 239.0708172768354 73.07899536937475 133.533046670258 45.16329175233841 6.122926205396652 0.172139585018158 0.1913288235664368 1.293418303132057
17.78983811289072 7.574764803051949 27.7256403490901 2.924443624913692 4.39566732198 17.41396736353636 25.09587328881025 70.31966147944331 1.988630346953869 33.85221436619759 2005.182679571211 21.78436955064535 25.83652393519878 88.82764825969934 0.08128058165311813 0.5365444421768188 446.8462884873152 696.5544683933258 3095.237306676805 4.746827624738216 57.44948999583721 0.2793141677975655 106.5482197478414 3.088138803839684 12.0909118950367 1694.457872264087 127.6997302994132 7.537266261875629 116.7820437029004 295.5575852096081 34.65849619358778 20.87856838107109 11.67561555653811 796.3782252296805 1.806724160909653 169.6956980898976 481.5480724275112 1283.640239097178 248.8440329059958 12.58669280260801 6.286425061523914 14.07994841784239 0.565642811357975 0 4.607453435659409 0.8876253217458725 0.09874139726161957 0 0 2.043219223618507 0 0.7959074303507805 0 7.437995634973049 0 23.74527946859598 0.1310703158378601 0 0.3476464748382568 0.7445902526378632 3.19287446141243 34.14542376995087 0.2949854135513306 0.4141460508108139 0.1308590620756149 0 5.209717184305191 7.975254893302917 53.84736137092113 88.78110770136118 8.132341980934143 0 2.563882403075695 5.367635056376457 0 0 1.476055815815926 0 7.96423377841711 8.834019631147385 8.261302269995213 1.940622232854366 0.2891931682825089 0 0.1906353682279587 0
16.24245776236057 273.2186225950718 34.5656953305006 2.523788310587406 2.912498518824577 11.9458771944046 21.06824342906475 62.05778566002846 0.7767248451709747 33.77868919074535 725.4511957466602 17.18404802680016 8.817366190254688 86.09366144984961 0.1072183474898338 0.8854009509086609 1613.897349990904 3095.237306676805 1099.003784164786 6.08440525084734 90.80249141901731 0.8095487132668495 162.4285790771246 4.847603537142277 163.9167246520519 1609.968228586018 1799.022943474352 7.631477825343609 132.9567858166993 344.2606181800365 23.10427203029394 13.08171214163303 11.38791599869728 1920.410411439836 1.463005505502224 329.150626629591 587.1285871788859 1492.294333271682 182.2987163215876 10.68365940451622 2.081308461725712 5.428752221167088 1.748421773314476 0.137125238776207 133.4866190105677 3.463282123208046 0 0.3570153117179871 0 5.026524648070335 0.3969432711601257 0.9947677776217461 0 9.487629450857639 0.5611256062984467 16.43815083801746 1.771462127566338 0 0.1972811818122864 18.6655293405056 5.48957447707653 535.0648704245687 0.2483581006526947 2.184484250843525 0.9583984762430191 2.632000990211964 6.004866048693657 31.32738284021616 755.9445167034864 772.494695968926 7.828413225710392 0.2518502771854401 2.534946106374264 5.376907289028168 0 0 14.12295807898045 2.157137021422386 53.2787367105484 65.95655797421932 81.33042627573013 20.73895968496799 1.174780569970608 0 2.790292739868164 0.342419296503067
0.4647667109966278 0.3483147770166397 0 9469.38824146986 6.135708756744862 216.8412606939673 37.60371346771717 182.2667627558112 616.0482282415032 3161.758124157786 29.98111180961132 5088.591474600136 12.54148740321398 41.86067058146 97.07035136222839 0 0.09398937225341797 4.746827624738216 6.08440525084734 693.7711940184236 0.4685543328523636 0.1239857822656631 0.1985913217067719 716.2883223295212 0.2859888672828674 15.69573620706797 8.166366927325726 2919.353432573378 156.5493796989322 1.398062340915203 3.456575758755207 23.58541981130838 2.729556150734425 124.3673647642136 10.9502190798521 304.3106699362397 5.87847512960434 302.9421040788293 42.98969180881977 358.9628337845206 85.41652367264032 6.716366976499557 9.40297607332468 0 0.09725881367921829 0 262.3016458451748 0.2793761491775513 23.88459977507591 108.4486907124519 17.16748701781034 80.74367310851812 109.3850942775607 0.4127849712967873 82.65219579637051 0.263218954205513 4.027884013950825 58.45669028162956 0 0 0.2562487572431564 0.09552697837352753 182.6084889397025 0 0 0 253.9001942425966 0 1.477865032851696 0.480465292930603 236.2143598645926 4.234541364014149 0 0.1623172760009766 0.6314631029963493 0 3.660852842032909 2.778798967599869 7.461762316524982 0.4676938056945801 21.38633887469769 2.871706500649452 66.37252466380596 1.077625460922718 8.459036350250244 3.893872395157814
6.241431027650833 37.02475257962942 1615.668215274811 0.342241071164608 0 2.693070255219936 705.4147213473916 39.19458378851414 2.696162596344948 5.128524444997311 65.22895963490009 0.5035576075315475 6.880691841244698 23.5607592985034 0.3504096269607544 4277.267740741372 2319.402078405023 57.44948999583721 90.80249141901731 0.4685543328523636 10517.33157917857 337.0890169814229 21205.83711931854 81.04297936707735 3.898184560239315 619.2366417422891 1234.82655416429 845.453960634768 66.36601942032576 8483.361843861639 2.575048334896564 0.762335941195488 22.11156280338764 2923.432917095721 128.9371199086308 3444.642522506416 757.3128222152591 3432.972466439009 2209.878610923886 205.0966401770711 7.042460739612579 4.460340984165668 45.56112017482519 0 5.481592141091824 17.87180612981319 0.1486319154500961 0 0.4773948714137077 5.416961364448071 0.2980862408876419 35.36941622942686 0.2434795349836349 0 0 0.1741097494959831 0.2167554423213005 0 652.2348647043109 5.667301706969738 0 6.403550885617733 0.1773413419723511 527.1017492413521 326.7671951055527 383.6275132372975 95.11313486844301 0.2870455235242844 19.9234688654542 93.39180202037096 173.676049053669 0.5291221588850021 315.3326749131083 0 0 0 0.2994081899523735 18.78647455573082 67.25960113108158 9.008798092603683 5.741110250353813 2.298292741179466 1.732148841023445 0.2475134506821632 0.2121963798999786 1.35277396440506
3.730137556791306 3809.771770067513 103.7530746608973 0.3402210175991058 0.0862109586596489 0.8918015286326408 83.0455022379756 9.725185565650463 3151.840629436076 1.487888589501381 9.150899894535542 6.743528068065643 81.32395225763321 13.72579605877399 8.046287529170513 4810.471165679395 54.23526008427143 0.2793141677975655 0.8095487132668495 0.1239857822656631 337.0890169814229 1057.108463265002 519.8843513503671 6372.25128929317 612.2540027648211 35.53322888165712 5128.875275991857 885.0701240450144 27.36506608128548 102.373820245266 6.437751866877079 0.3361244276165962 4.381374299526215 68.92526490241289 8.937510833144188 321.4589706212282 92.60153559595346 218.7490741610527 93.96544945240021 20.9090431407094 0.8122992441058159 24.57408575713634 4.024749085307121 0 7.416195228695869 67.67584343254566 0.3431719243526459 0 0.09950800985097885 10.41778818517923 0.2613879814743996 35.58452368527651 0.5127636939287186 3.836163565516472 0.4992055892944336 7.723956175148487 0.6231336370110512 0 894.5845198556781 13.23221497237682 0 1.507292218506336 0.2612022683024406 327.9401193484664 235.5604419112206 473.6251986250281 192.8969843015075 0.7353016436100006 25.93655554205179 751.3652403131127 188.0635312125087 1.647065192461014 180.7913419678807 1.109174996614456 0.379487045109272 0.2546677738428116 3.250199645757675 3.116280421614647 112.3992158398032 15.64154487848282 23.93799385428429 11.84119173139334 4.368566602468491 0.09828658401966095 0.1873831897974014 0.5150820165872574
10.17005798220634 150.4272314682603 12422.96362023056 0.2323353663086891 0 2.799974098801613 584.5871130526066 46.33765795081854 3.776121094822884 3.927193120121956 85.4987630173564 0.400041252374649 13.65414403378963 39.36094238609076 0 7865.950419746339 3817.689683541656 106.5482197478414 162.4285790771246 0.1985913217067719 21205.83711931854 519.8843513503671 16295.38151752204 178.4523690491915 4.83380788564682 3042.592116646469 20395.95487096161 2899.613729164004 47.56689350306988 5885.500618457794 7.807016059756279 0.6499158963561058 10.52688975632191 2416.801716648042 273.0056478530169 6635.633507736027 2673.74739382416 6452.539429634809 7051.672937825322 386.7518891319633 18.9365081936121 14.57938492298126 83.98434484004974 0 20.30129528790712 137.9275444597006 0 0 0.6914709359407425 8.70709303021431 1.238881826400757 3.723089851438999 0.5842068791389465 0.3652152568101883 0 0.7951086461544037 0.3834623247385025 0 1109.444315373898 11.31928310543299 0.1420770436525345 8.200639210641384 0 381.6639595851302 472.5780590474606 1348.522184580564 34.88390109688044 0.7895546555519104 33.23646004498005 754.955010868609 60.25315055251122 0.1264357566833496 79.77138859033585 0 0 0 2.041375264525414 34.08552606403828 109.2567055821419 34.94343133270741 26.9601414129138 18.59786903113127 5.331829629838467 0.588209867477417 0 0.4894814044237137
45.05228599905968 1215.903369374573 108.3577352315187 2083.177520342171 8.653236269950867 129.092854551971 3144.421431466937 255.2538639307022 7334.475654222071 438.1581053733826 21.50419672206044 644.7368395105004 39.72914460301399 178.8753686398268 501.6093201115727 1915.055167540908 26.25190091878176 3.088138803839684 4.847603537142277 716.2883223295212 81.04297936707735 6372.25128929317 178.4523690491915 13384.77107066661 241.8049571067095 42.17769196629524 2440.55484482646 5941.783389031887 365.5924331918359 606.2556109651923 4.871906153857708 11.24942284077406 76.43027238547802 193.0580388456583 77.214266076684 1260.744249872863 95.43321298062801 550.4598540216684 247.2626798376441 543.5751265734434 80.09768600016832 9.024147920310497 29.29927191138268 3.350387156009674 3.579433433711529 7.523143149912357 264.9149235263467 0.8852200359106064 73.73166640102863 559.6218965873122 73.9035724401474 1010.93889657408 213.6886197626591 8.622035928070545 153.6401805132627 5.741550274193287 14.41903774440289 55.53093357384205 162.451735265553 1.15200138092041 1.044753447175026 1.74218986928463 318.9148429334164 162.6881516724825 145.1320722475648 63.49276922643185 1741.716472283006 1.785518571734428 7.659601666033268 37.88231262564659 1672.243135549128 40.25004108250141 311.1162013486028 2.04982590675354 3.35738530009985 6.422465845942497 26.62503963708878 14.97531128674746 461.3076658397913 7.433819182217121 191.1826379001141 24.62106616050005 101.3583667129278 26.45121411979198 0.7024804353713989 4.913042761385441
1.142170801758766 2026.375565208495 3.724394947290421 0.3603198230266571 0.3767269849777222 1.784255288541317 4.783770509064198 5.796173334121704 223.7352309674025 3.939800500869751 641.0351861938834 5.245707973837852 6016.847796268761 6.267666809260845 1.28093820810318 18.47450022399426 10.53635097295046 12.0909118950367 163.9167246520519 0.2859888672828674 3.898184560239315 612.2540027648211 4.83380788564682 241.8049571067095 810.9748874604702 547.6950427666306 1998.559825636446 12.93624190986156 6.138608306646347 6.772521167993546 373.324025131762 3.401692673563957 0.5148093700408936 361.6598036885262 16.17116877436638 186.4248528853059 775.213620685041 926.7652145475149 58.96780331432819 5.564723953604698 57.30636215955019 1707.466927118599 3.247075207531452 0 257.7758182734251 0.7697159051895142 0 0 0 1.197232656180859 0.3452517241239548 0.7993403822183609 0.1023893058300018 332.8891789913177 0.3203147202730179 1244.835884384811 1.041243307292461 0 1.21719653904438 3.972281292080879 35.19266301393509 112.4912464544177 0.4310731068253517 0.4852478504180908 3.086400598287582 0.6873928308486938 1.327235236763954 396.6067037135363 560.862955071032 871.022941865027 0.8088070899248123 0.7981753721833229 0.476424865424633 131.8212824985385 0.4258171021938324 0 13.97989450395107 7.266750648617744 53.23540530353785 119.4744222089648 98.65440440922976 15.11455868184566 1.141331031918526 0.9934648126363754 104.3722197115421 0.5348886176943779
76.62196214497089 1811.517570439726 7284.2240242064 6.228337526321411 14.39388395100832 46.58154679834843 303.1297257170081 266.0819458439946 7.124677546322346 93.34169968962669 2024.518985297531 58.66260325536132 186.2176401540637 325.7691244706511 1.007858492434025 14.79699854552746 2530.032988838851 1694.457872264087 1609.968228586018 15.69573620706797 619.2366417422891 35.53322888165712 3042.592116646469 42.17769196629524 547.6950427666306 19348.9413580969 16030.51773732901 86.9638781324029 405.8301746882498 2125.918767511845 585.9322015419602 60.01643442735076 50.5134628713131 1633.643312118948 22.79789264500141 1545.025697700679 2009.62471293658 3739.492649141699 820.6735848560929 62.84741446375847 15.38861063867807 73.50762381404638 8.194422714412212 1.042125962674618 592.4021034538746 177.3773087188601 0.1157620400190353 0 0.3585793748497963 13.56418181210756 2.218130208551884 5.36568433791399 0.507557138800621 119.9299690946937 0.6849644929170609 443.811013944447 5.76387370377779 0.1053529977798462 7.213740907609463 230.8980046585202 57.04031427949667 1102.312487736344 0.6346070989966393 7.316651880741119 8.427084445953369 11.35735028982162 18.2620465606451 242.0280366763473 2823.110059373081 3401.560397416353 24.95324549823999 3.243632309138775 15.52534173429012 96.65679813921452 0.4825809895992279 0.1002055928111076 44.88697708398104 9.533668018877506 337.5987560078502 264.4356108605862 278.1056041419506 89.39247938990593 9.594876915216446 0 2.252471759915352 1.679704874753952
29.42458624392748 4726.557439059019 10431.59887711704 4.526376731693745 3.354234017431736 16.89477229118347 276.334311209619 93.97641658037901 257.4794740900397 48.31261223554611 749.4102094098926 21.99694631248713 2002.17381323874 124.7617010846734 1.700981758534908 6969.210934400558 5822.337753422558 127.6997302994132 1799.022943474352 8.166366927325726 1234.82655416429 5128.875275991857 20395.95487096161 2440.55484482646 1998.559825636446 16030.51773732901 30286.07240048051 3591.530157916248 168.3015217632055 589.8088759854436 1523.142984718084 18.01384572684765 19.45602586865425 2378.987594686449 147.0419671982527 7069.727178797126 8319.940564237535 7377.218673996627 3249.466077119112 259.2362323477864 12.17286820709705 101.5204611867666 46.16949313133955 1.640076078474522 2160.9341429919 2513.396622851491 0 0 1.742143474519253 38.28622175753117 4.277509249746799 13.96837937831879 3.006247356534004 165.8476092666388 1.692417897284031 667.6810002848506 9.641533590853214 0 1327.298878677189 640.0774030759931 122.036276884377 1847.668369203806 0.8401028662919998 156.0099920257926 2252.705919012427 2463.308517687023 84.36411157250404 672.7364703193307 4789.409804217517 14104.56142272055 119.6559999361634 6.621067643165588 26.4847601428628 187.5266589671373 2.432606466114521 0.1080521494150162 79.50554297864437 38.93128319829702 943.1963168904185 544.4767017588019 697.5421803668141 273.1609670743346 27.09282687306404 0.7236654311418533 7.93864443898201 8.587095089256763
82.49266465753317 66.9358843639493 327.123215354979 8160.195125058293 4.542884528636932 1015.690186701715 23838.3061530441 354.8174696713686 1162.710086926818 5660.099505454302 22.38948740065098 988.8571989610791 21.2633792757988 275.6820455789566 62.20534508675337 1948.689271450043 62.65834590047598 7.537266261875629 7.631477825343609 2919.353432573378 845.453960634768 885.0701240450144 2899.613729164004 5941.783389031887 12.93624190986156 86.9638781324029 3591.530157916248 22440.52554260194 736.1238493546844 8477.473114773631 2.055159360170364 14.95141384005547 177.4010106697679 528.4867857918143 193.90817386657 2871.23978934437 300.2542371526361 1424.436092160642 835.9112565666437 358.4459676295519 92.35638108849525 8.029726110398769 50.14287129789591 2.383053585886955 2.671681620180607 10.47260925918818 253.7091661393642 0.4876683503389359 79.56405007094145 530.3977343291044 97.38457565754652 433.1284270137548 199.2381538823247 8.254098825156689 165.7374460026622 0.754632979631424 13.77542846649885 44.81234066188335 319.7219428569078 2.748048193752766 1.58162622153759 1.520668126642704 363.9754015281796 372.8866115361452 176.5378060638905 95.73584872484207 1276.045569568872 0.11920415610075 8.506664291024208 65.82366365194321 1346.48961956054 28.87276236712933 442.3160611465573 0.096897192299366 4.025583766400814 4.570081457495689 18.6057203412056 19.95015981793404 313.6237101778388 6.767436847090721 148.9886109009385 19.64180659502745 86.11120023578405 20.89298857748508 0.8042050749063492 2.89423643052578
