1030.646664939821 2.726268641650677 239.4848707616329 8.824276275932789 1.695115253329277 56.36957718059421 1726.127449713647 722.3921933472157 58.757100276649 123.6564626023173 31.25490854680538 8.373571828007698 2.626515418291092 3749.658352717757 0 1.029052019119263 191.2531903684139 9.434405587613583 26.06437256187201 26.38327027112246 151.6387866362929 3.703278668224812 232.528876632452 94.57392447441816 0.1653326600790024 43.593540456146 27.14217223972082 156.6574921160936 3696.195345815271 3295.610062472522 1.339845448732376 34.62845230102539 40.7864363566041 226.1944138780236 11.17507047206163 274.591461494565 21.12058743834496 247.4828693941236 69.99147077649832 26.06866043806076 12.10825347900391 1.975603848695755 1.288035362958908 1.490056797862053 0 0.2057164832949638 1.285467080771923 0 0.09662648290395737 27.38487127423286 2.881202802062035 8.127635024487972 3.506844535470009 0 0.4517818689346313 0.1713635325431824 5.449743591248989 0 1.743439495563507 0.1176519617438316 0 0.08083534240722656 0.9427283480763435 1.387801870703697 0.1251699477434158 0.922868549823761 41.95968352258205 0 0.3972867876291275 2.793344147503376 41.14892590790987 6.986958190798759 8.804199680685997 0 0 0 2.228430464863777 0.7284658998250961 15.74965532869101 0.102430485188961 8.619184300303459 2.898448131978512 1.306857451796532 0.5630048140883446 0 0
2.726268641650677 235.6611450240016 301.7582294270396 0.3004482686519623 0 0.2024891078472137 50.57513035833836 1.790221437811852 468.65378562361 1.023260921239853 93.84957864880562 1.998374849557877 361.0978214740753 3.323201738297939 7.063890635967255 230.5597019791603 336.2799931690097 5.047184504568577 30.76529929786921 0.0804707407951355 21.33008229732513 2364.143752627075 24.39242223650217 701.3340435549617 2021.357184618711 808.849955573678 4557.507528960705 32.83578182011843 3.938088342547417 13.4501316845417 9.02152032405138 0.4000170528888702 1.121656492352486 94.48778547346592 2.408423706889153 158.1507490128279 87.86256758123636 209.125025652349 77.42895804345608 7.104890882968903 0.4621787965297699 103.1970705240965 0.3397323340177536 0 62.38193906843662 53.20664805918932 0 0 0 0.07757780700922012 0 0.5264649242162704 0 2.565133199095726 0 18.3151963353157 0.3161763101816177 0 7.33411356061697 14.01283679902554 3.387626990675926 19.15718815475702 0.07954851537942886 1.711022913455963 16.23263151943684 10.59788227826357 3.054835475981236 27.17747831344604 124.4958801493049 776.8845461085439 0.368573397397995 0.3080516755580902 0.4683941528201103 2.481130428612232 0 0 3.06407918035984 2.14854308962822 9.333505101501942 7.17720640450716 7.649484343826771 1.762114182114601 0.41668301820755 0 1.730114161968231 0.08852043747901917
239.4848707616329 301.7582294270396 9988.844381414354 2.222202628850937 0 20.83092510700226 1197.887685567141 251.5636743791401 8.641259223222733 49.57591763138771 10.99205534160137 0.4928273409605026 16.96036954969168 336.9685640707612 0.07587422430515289 10.43687974661589 5546.775927245617 54.9329991787672 113.4365391582251 1.263413108885288 980.4941367357969 16.50555851310492 15224.05075193197 28.76006021350622 5.032844014465809 8127.745390173048 11341.17873456329 575.7847062423825 136.895385414362 1171.380400389433 1.933954805135727 2.735157500952482 9.478711351752281 1165.207824632525 51.15163251757622 2015.182529583573 4446.298312105238 2091.559939347208 982.7488879561424 23.83787409961224 3.275909751653671 38.98262908309698 4.257469333708286 0.3589237332344055 181.551052339375 821.3627869486809 0.805144764482975 0 0 6.262814819812775 1.058455921709538 3.223891191184521 0.6085010170936584 1.18462660908699 0.181783065199852 2.077570542693138 0.4761209636926651 0 133.5026654228568 247.9258547201753 2.255962960422039 50.95772126317024 0.06948477029800415 8.852395422756672 73.92645825445652 327.0519005134702 12.62399849295616 4.648414075374603 439.197364449501 2870.760308541358 7.118172205984592 0.8928967639803886 1.821097411215305 0.7376598417758942 0 0 44.3837838768959 8.802645668387413 147.0988527238369 25.13014531880617 105.0131404548883 63.82511439919472 4.926360934972763 0.234315037727356 0.477266937494278 0.9407278448343277
8.824276275932789 0.3004482686519623 2.222202628850937 2598.24958794564 0.3215785846114159 52.74321024864912 231.6056365892291 27.57649005204439 761.8894598633051 4147.146876588464 1.43492304906249 1123.597304880619 4.391207993030548 25.1261817291379 14.88217136263847 0.3963574096560478 0.3223829120397568 0.7010226994752884 0.8136525005102158 8059.767436265945 0.8988712430000305 1.302777126431465 1.468458570539951 1881.098627924919 0.2121620029211044 0.770871140062809 1.989436648786068 4236.288151212037 32.46366695314646 5.070937342941761 0.1472309455275536 1.646707817912102 1.794371791183949 13.6614928394556 0.7708148956298828 119.2307490557432 1.668533265590668 51.6635791733861 17.59654477238655 36.08214197307825 7.907760053873062 0.999722421169281 1.647633768618107 1.754205785691738 0.1237845718860626 0 147.1795448362827 0.7632114365696907 18.57549295574427 115.4574848264456 26.88993486016989 177.3190556466579 137.6485365927219 0.4916640371084213 153.4172410368919 1.069309152662754 24.36046219617128 18.80471216142178 1.389140039682388 0.2919287905097008 0.1908604353666306 0 124.287074111402 1.555812411010265 0 1.237800158560276 281.8878460079432 0 0 0.2200345546007156 184.8461307138205 9.095102034509182 2.655724450945854 0 0.0785427987575531 0.07985445111989975 1.963166974484921 0.29039266705513 45.44316945970058 0 23.24643898755312 3.093401417136192 99.93417301028967 2.435679264366627 2.649779438972473 0.639631524682045
1.695115253329277 0 0 0.3215785846114159 12.10996282100677 85.39535009860992 2.137445107102394 23.14129374921322 18.78621232509613 2.153650604188442 7.906245477497578 46.49575798213482 2.605716079473495 39.94748296588659 648.0002822428942 0 0.2557718306779861 0.1363935023546219 0.9529843553900719 0.8971262723207474 0 0.1676677465438843 0 1.705819770693779 0 0.972117617726326 0.08252353221178055 0.5254841446876526 70.6249974668026 0.1930325105786324 0.4608780816197395 91.85616636276245 0 401.175872169435 0 16.58783568441868 4.543605506420135 91.20346446335316 28.71617430448532 807.9836037456989 429.8742014691234 3.902896970510483 0 0 0 0 0.3429694771766663 0 0 1.162445679306984 0 0 0 0 0 0 0 0 0.1175608038902283 0 0 0 0 0 0 0 0.3194486200809479 0 0 0 0.0914376825094223 0 0 0 0 0 0 0 0.6269783601164818 0 0 0 0.7127708792686462 0 0 0
56.36957718059421 0.2024891078472137 20.83092510700226 52.74321024864912 85.39535009860992 10123.36803232133 1482.806231543422 5400.129481296986 384.399747043848 6656.583936687559 145.3963718190789 3156.514938175678 37.33114157617092 1280.663471929729 738.3009511381388 0.7903142124414444 8.534621354192495 17.32253352552652 21.44268726557493 229.9379686638713 8.308343306183815 2.529695063829422 16.87526752799749 125.97914968431 0.7954461351037025 25.88157133758068 12.22711081802845 507.0847052708268 904.479934360832 49.32534895464778 3.672414727509022 796.131531521678 2.764468140900135 641.5090426653624 19.67496095597744 933.2601301372051 87.63728415966034 799.2031821236014 245.1148467957973 2443.894496448338 308.9025694429874 54.85254530608654 24.3331945464015 1.248703472316265 0 0.07706337422132492 10.93983385711908 0 7.198739230632782 21.81597477942705 7.952288135886192 19.09613360464573 15.40160240978003 2.136718675494194 23.02342001348734 0.9442661255598068 5.7346575781703 11.1332533210516 0.1594233512878418 0.07671169936656952 0.06753503531217575 0 17.81320089101791 0.4866357743740082 0.123091459274292 0.1602783799171448 49.38527464866638 0 0.2076712399721146 0.612199954688549 29.56747717410326 6.083063066005707 3.21770317107439 0 0 0 1.537208989262581 0.7851514220237732 24.2567498460412 1.346625156700611 5.735383868217468 1.027055956423283 56.55977173149586 0.4503785371780396 0.1937946528196335 0
1726.127449713647 50.57513035833836 1197.887685567141 231.6056365892291 2.137445107102394 1482.806231543422 13651.77298318222 3542.086806491017 716.0152705237269 6781.933548077941 27.00558330118656 38.69565379619598 5.410066120326519 5164.284015830606 16.37394879758358 88.79977797716856 139.9712316691875 7.233664754778147 16.03804661333561 140.2291336357594 652.2687883526087 85.39011998474598 1176.030694171786 2190.891035914421 2.740997344255447 106.4440147839487 457.1583328768611 19209.26183180511 1029.714273687452 4834.003909833729 1.286038272082806 29.17399651557207 58.2923953011632 298.1209127828479 36.3485971391201 1598.547094739974 104.3390108719468 879.2872926816344 358.9255622848868 232.2126606702805 81.19830534607172 2.978098951280117 13.86542206257582 14.10356868058443 7.108713023364544 10.90143028646708 66.61438229680061 0 7.430951721966267 291.7929681092501 51.28504174202681 174.6579811573029 84.20433559268713 0.4899170845746994 34.32152244448662 0.3457691371440887 79.8697502091527 3.035404391586781 13.79558359831572 5.194825023412704 0 1.946077011525631 46.54399784654379 8.175214737653732 4.578502580523491 16.92269196361303 400.5723164901137 0.1002117022871971 10.73941680043936 50.13002127408981 407.7278470098972 51.66042284667492 35.7769541144371 0 1.257671415805817 1.456553012132645 13.12813740968704 5.300179779529572 169.337778672576 3.089736618101597 88.61833279579878 20.33740708231926 29.07863857597113 11.77746807038784 0.149105429649353 1.496300995349884
722.3921933472157 1.790221437811852 251.5636743791401 27.57649005204439 23.14129374921322 5400.129481296986 3542.086806491017 5955.887811467052 68.44496119022369 1802.89012947306 113.2894700877368 566.684844776988 23.90651892125607 6964.622380398214 39.84245875477791 0.6390279531478882 111.4698597118258 12.82346098124981 23.83625631406903 278.3403149954975 96.52010567486286 3.403889775276184 171.7216199859977 123.6182535663247 0.4333999380469322 53.80288481339812 35.80927256122231 224.8559993579984 1033.196916617453 711.7335056625307 3.359483234584332 991.7202989161015 24.24370066076517 887.1527286022902 21.46883258968592 479.9504658430815 63.6324365735054 837.8155518621206 261.9149993956089 878.5795227363706 479.1438006088138 39.00917229056358 13.67008685320616 2.378755927085876 0.4452181831002235 0.2980736494064331 3.674108609557152 0 0.8344104439020157 30.42291418462992 3.764457494020462 11.90300061553717 6.418242998421192 0.1035305187106133 3.392480932176113 1.215102210640907 9.451615560799837 0 0.9396339803934097 0.6255745962262154 0 0 2.707354836165905 1.350484423339367 0.3641694262623787 0.1838791817426682 45.68886402249336 0 0.6818623542785645 3.16162271052599 50.61747693270445 6.530599925667048 5.90839459747076 0.1031812727451324 0 0.5247694104909897 2.568534757941961 0 18.81339425593615 0.5797471180558205 8.082450404763222 2.107547342777252 3.167710892856121 0.6376949548721313 0.2600774466991425 0
58.757100276649 468.65378562361 8.641259223222733 761.8894598633051 18.78621232509613 384.399747043848 716.0152705237269 68.44496119022369 488.2780056223273 253.9915699437261 17.36499641090631 1179.932746715844 26.47018803656101 94.64531563222408 1171.055969312787 129.1523347273469 5.303984872996807 2.919455841183662 4.107721030712128 625.5644345954061 141.2507381886244 2187.181001640856 44.61983156949282 8475.617377921939 236.3385808393359 25.48591218143702 186.810554087162 1623.577012307942 140.3491387963295 407.5494906306267 2.3757204413414 6.356844887137413 17.68069787323475 47.51718612760305 8.344352826476097 443.5691435039043 98.66646859049797 126.3121746405959 50.15261922031641 576.020628452301 13.86178234964609 9.308239124715328 3.725368529558182 20.95745844393969 6.58007625490427 3.443987801671028 187.514058612287 0.7618291527032852 19.38706789165735 284.0293734669685 48.73410399258137 132.0149467140436 145.6396677419543 0.377573162317276 132.563704714179 0.9528440535068512 76.44773951172829 26.17338293790817 130.4326670393348 2.105603203177452 0.2832531407475471 1.544810093939304 149.778324238956 92.72711734473705 40.67548887431622 23.92382033914328 1434.178226143122 0.5110341235995293 2.069040596485138 19.76352144032717 720.2565929070115 71.55700352787971 80.29925065487623 0.2710979357361794 0.9227225333452225 3.228733815252781 16.65813198685646 4.84819720685482 109.282215192914 4.269376687705517 59.4250653013587 15.96220897883177 94.83015357702971 5.9674913585186 0.4443434253334999 0.8959729373455048
123.6564626023173 1.023260921239853 49.57591763138771 4147.146876588464 2.153650604188442 6656.583936687559 6781.933548077941 1802.89012947306 253.9915699437261 28124.28634281829 51.41983935236931 5235.751936271787 8.246912479400635 1075.814218271524 26.56735578179359 1.696297608315945 11.94803543388844 9.760146476328373 16.51691715419292 5896.555149205029 18.24489892274141 5.546179100871086 32.38618982583284 619.7581880763173 0.1614236831665039 19.41072401031852 18.17027007043362 6389.171571955085 561.7368567697704 89.3260313719511 2.063642650842667 50.15239718928933 12.07130084186792 236.3773837685585 10.97707596421242 1213.410657744855 37.61803090944886 690.7350440099835 164.6542849913239 309.4268360510468 93.9240575581789 4.420029670000076 15.70595329254866 4.862557463347912 0 0.4422504305839539 92.3381499350071 0.8290859013795853 9.257310830056667 170.5537282526493 41.56973184645176 85.22721586376429 94.63518057018518 1.92706510424614 58.6190620213747 1.594741456210613 29.93414656817913 12.21666920930147 0.8368734195828438 0.1061279401183128 0 0.09587900340557098 85.21716286242008 1.862351924180984 0 1.790464319288731 232.6593254059553 0 0.2294985949993134 1.086483530700207 197.180898539722 12.0686519742012 6.383356086909771 0 0.3924829810857773 0.1040079817175865 2.764632366597652 3.063368648290634 57.20733205229044 1.054743222892284 30.38108199089766 4.733359232544899 54.95691364258528 3.817763730883598 0.3518891036510468 0.4096618220210075
31.25490854680538 93.84957864880562 10.99205534160137 1.43492304906249 7.906245477497578 145.3963718190789 27.00558330118656 113.2894700877368 17.36499641090631 51.41983935236931 8748.730004884303 55.98741594702005 1841.401223510504 40.98698868602514 0.6763938143849373 1.681752979755402 225.0794712044299 2582.384324707091 716.1688355132937 25.33550178259611 11.21181175857782 23.91429708898067 57.90066314488649 17.56257984042168 569.2714565992355 3223.683099493384 1085.320917718112 12.33489938825369 256.7299369424582 38.77418176084757 524.8035622835159 148.6966202184558 1.727075979113579 4724.206752389669 16.21898756921291 1498.868002973497 7261.570577226579 4179.732366241515 877.2452912032604 74.58761700242758 34.89354464411736 794.6807980984449 15.0140829756856 0 2.201079741120338 0 0.2670425772666931 0 0 4.271805763244629 0.5721919313073158 0.7635658457875252 0.171147495508194 426.3515225797892 0 1822.98246165365 1.827281087636948 0 0.08387929946184158 0.1306080371141434 34.63226228952408 0.4596583992242813 0.09192124009132385 0 0.18944001942873 0 5.470532052218914 59.69008385390043 119.6275555044413 137.2256130278111 4.173069298267365 0.7031974717974663 0.6933565735816956 241.9586053863168 0.115799181163311 0 6.336446665227413 8.046258538961411 23.18077777326107 529.2205764949322 15.9728985875845 1.955902755260468 0.5216060131788254 1.127081751823425 352.4006582349539 0
8.373571828007698 1.998374849557877 0.4928273409605026 1123.597304880619 46.49575798213482 3156.514938175678 38.69565379619598 566.684844776988 1179.932746715844 5235.751936271787 55.98741594702005 8827.722859196365 21.38212380558252 292.5840309858322 1480.285930767655 0.2555369213223457 2.205667413771152 9.519453972578049 11.81979251652956 3412.602161690593 0.4865335822105408 8.599265724420547 1.169136621057987 618.1507060900331 1.917035430669785 15.31124426424503 3.44793850928545 352.0874353274703 333.1228203959763 6.388523906469345 1.750129718333483 89.21314458921552 0.5854365080595016 181.7476201355457 2.059804871678352 856.9698941782117 19.88505616784096 381.2681392356753 46.21407496184111 1348.871434465051 56.49207892268896 7.208846397697926 5.376720428466797 0.8012882918119431 0.31345334649086 0 62.9993871897459 3.168616712093353 23.24051488935947 51.56114333868027 18.11243929713964 109.1744298785925 129.7321827635169 5.939497023820877 215.5637827590108 3.358018450438976 8.38696177303791 48.00866736471653 2.646750897169113 0 0 0 84.9839518815279 0.923851951956749 0.2191979587078094 1.330744326114655 161.7164643630385 0 0 0 69.76077067106962 3.370144248008728 4.075128465890884 0 0.1159780099987984 0 0.9495542049407959 0 51.64923953264952 0 6.569004565477371 1.97533193230629 266.9565433934331 0.9428162127733231 1.171557672321796 0
2.626515418291092 361.0978214740753 16.96036954969168 4.391207993030548 2.605716079473495 37.33114157617092 5.410066120326519 23.90651892125607 26.47018803656101 8.246912479400635 1841.401223510504 21.38212380558252 1599.214529581368 5.430180191993713 7.01577515900135 9.959733814001083 6.914610333740711 50.9001991674304 3.771209448575974 8.093588676303625 8.366476163268089 79.46864773333073 16.41903469711542 36.2630397900939 3015.981988675892 139.0034062191844 1932.696992978454 6.786579646170139 15.51875326782465 4.699385903775692 441.6131630241871 22.30923399329185 0.2470525056123734 787.6107319220901 4.870629698038101 1542.611358441412 3079.317318670452 1984.782534502447 240.4085913747549 159.6395693868399 381.5987663343549 637.7585980296135 5.412152945995331 0 4.796346448361874 0 0 0 0 1.545208752155304 1.43670254945755 0 0.7567020654678345 620.7921528667212 0 2797.664395213127 1.216707080602646 0 0 0.1153136044740677 64.3643090352416 0.111006535589695 0 0 0.1288120150566101 0 3.046595096588135 155.0578572377563 241.2458619624376 241.6162585020065 2.139295548200607 0.4489597827196121 0.2528538405895233 375.3949832841754 0.1619006842374802 0 9.181003883481026 7.10726398229599 338.7918805927038 599.3376253023744 48.78128273040056 1.166750185191631 5.812192559242249 8.239966839551926 484.8796228766441 0
3749.658352717757 3.323201738297939 336.9685640707612 25.1261817291379 39.94748296588659 1280.663471929729 5164.284015830606 6964.622380398214 94.64531563222408 1075.814218271524 40.98698868602514 292.5840309858322 5.430180191993713 6692.443566072732 10.38313435763121 2.714931793510914 193.5561270490289 8.664618663489819 24.94123515486717 221.6533482484519 152.5962429642677 6.220069356262684 269.58160892874 152.0837252512574 0.3201626688241959 56.35751999914646 41.08784345909953 280.9241226315498 4420.318646285683 1963.794415839016 0.9892456233501434 453.5127942822874 44.88740788400173 424.6574698910117 9.000055834650993 377.3957848101854 34.77109518647194 373.4849035218358 95.70253900438547 197.6202583760023 22.47937988489866 4.362430319190025 4.4144257158041 3.913520358502865 0.4874301329255104 0.9282293766736984 4.433025903999805 0 0.08906292915344238 40.25265445560217 4.368839956820011 12.44702548533678 6.16950485855341 0.8226158693432808 3.193441361188889 0.204188384115696 12.033556625247 0.09850619733333588 1.899662367999554 0.8178069666028023 0 0 2.937448531389236 1.329380810260773 0.3207819238305092 0.8301117792725563 68.09192364662886 0 0.6384463012218475 3.164519354701042 62.27026264742017 8.437450017780066 10.18842204660177 0 0.06727207452058792 0 3.374521009624004 0.5435295552015305 21.66997549682856 1.184245742857456 17.34123758226633 3.676298275589943 2.50740709900856 0.9888307377696037 0 0.1729311943054199
0 7.063890635967255 0.07587422430515289 14.88217136263847 648.0002822428942 738.3009511381388 16.37394879758358 39.84245875477791 1171.055969312787 26.56735578179359 0.6763938143849373 1480.285930767655 7.01577515900135 10.38313435763121 824.3560325652361 0 0 0.4334712252020836 0.4223283901810646 30.01085871458054 0 17.96346919238567 0 371.276590898633 3.0062460526824 0.4987983629107475 1.329842686653137 36.34298696368933 17.71291429549456 1.456849165260792 0 15.51733505725861 0 7.67115207016468 0 144.265171572566 1.778855793178082 7.820025853812695 0.9599327221512794 1370.608414746821 54.89869736135006 10.41938233375549 0 0 0 0 1.386278867721558 0 3.05730664730072 4.95385068655014 0.8918600082397461 7.464923724532127 4.697387844324112 2.368854284286499 6.546805381774902 8.24427330493927 0.5194796621799469 5.275928199291229 0.9555520713329315 0 0 0 6.982197821140289 0.3173044994473457 0.2256515473127365 0 28.08331325650215 0 0 0 4.700687490403652 0.6170558631420135 0.5373281240463257 0 0 0.09581587463617325 0.2000251859426498 0 10.00775004923344 0 1.828506410121918 0 47.62149074673653 0 0 0
1.029052019119263 230.5597019791603 10.43687974661589 0.3963574096560478 0 0.7903142124414444 88.79977797716856 0.6390279531478882 129.1523347273469 1.696297608315945 1.681752979755402 0.2555369213223457 9.959733814001083 2.714931793510914 0 2067.481805659831 6.307458832859993 0.3569939509034157 1.247303865849972 0 2430.075254656374 2557.599558450282 5209.787807293236 2435.9807382375 63.25323104858398 8.26557419449091 3038.121886245906 1370.393503539264 4.733411841094494 50.95829305797815 0.191728800535202 0.2241571769118309 2.400489956140518 66.18046610057354 32.29176538437605 1220.358243636787 447.1083690598607 233.7400548532605 309.293379098177 10.96333885192871 0.8824731111526489 6.452897638082504 1.523229129612446 4.215608522295952 5.915106542408466 16.04672370105982 0.5853466168045998 0 0 12.62463014572859 0.5877784788608551 31.11932924389839 0.4468328654766083 3.881381630897522 0 0.1186400800943375 5.270479641854763 0 3002.069476380944 8.217138782143593 0.229444220662117 1.51957380771637 0.127355083823204 723.6802545934916 437.5208675563335 1526.469982847571 156.7457049712539 0.1438770890235901 6.588547877967358 192.5644365474582 184.3874270096421 19.8724849075079 200.1419107019901 0.1622755974531174 0 1.78386402130127 22.22259487211704 6.113759510219097 53.01756116002798 4.129075020551682 27.78086534142494 22.55403421074152 1.499892234802246 0.444490909576416 0.1705706417560577 0.439097061753273
191.2531903684139 336.2799931690097 5546.775927245617 0.3223829120397568 0.2557718306779861 8.534621354192495 139.9712316691875 111.4698597118258 5.303984872996807 11.94803543388844 225.0794712044299 2.205667413771152 6.914610333740711 193.5561270490289 0 6.307458832859993 2615.923188276589 324.1724427565932 2522.328420966864 1.970854915678501 507.4146234467626 6.38479920476675 3647.024990722537 12.65526602417231 9.112375251948833 2902.55190384388 4944.66608504951 59.9446118324995 223.2718357145786 1434.199331827462 0.5439701452851295 5.802216850221157 17.96768333762884 2948.995397537947 16.81143519282341 655.7905337139964 1119.623895809054 2249.658102467656 487.4934610277414 10.87556863576174 1.495731145143509 16.64634944498539 1.30547396838665 0.4148787036538124 90.94175016134977 41.32221740484238 0.3121603429317474 0 0 1.572622552514076 0.2859524935483932 1.085557363927364 0.193821981549263 0 0 2.138331457972527 0.5667244903743267 0.1073106601834297 2.945809662342072 37.93242970854044 1.432796932756901 66.86854839324951 0 2.357941396534443 4.130965925753117 3.651841044425964 4.213081173598766 4.944126948714256 289.1537291258574 667.1766556948423 3.369310274720192 0.6504848152399063 1.609543778002262 0.1064659059047699 0 0 4.195301629602909 0.919572502374649 12.84919010847807 7.426402382552624 8.508451215922832 3.945520348846912 0.7279743030667305 0 0.2432829290628433 0
9.434405587613583 5.047184504568577 54.9329991787672 0.7010226994752884 0.1363935023546219 17.32253352552652 7.233664754778147 12.82346098124981 2.919455841183662 9.760146476328373 2582.384324707091 9.519453972578049 50.9001991674304 8.664618663489819 0.4334712252020836 0.3569939509034157 324.1724427565932 213.2967821806669 2359.619015976787 5.34102775156498 6.081972002983093 0.6532313525676727 43.24913736432791 1.68048645183444 4.574730351567268 2281.03312074393 694.2068117558956 4.78786738216877 43.49147119000554 38.8539670445025 47.00242017954588 13.26376952975988 0.6608943790197372 644.0188412219286 6.686593659222126 771.8687124326825 1210.363781064749 1261.045347034931 364.306708112359 12.03934285789728 2.597251713275909 5.282700330018997 1.676074609160423 0.180020734667778 2.458732597529888 0.6275383234024048 0 0 0 0.4309311211109161 0 0.241501159965992 0 11.23806876689196 0 38.91560315340757 0 0 0 0 15.29175639897585 4.286338463425636 0 0 0 0 1.194218039512634 5.952212803065777 79.51893112063408 88.46638926118612 0.4413337036967278 0.2404849454760551 0 25.20232253521681 0 0 0.1125583872199059 3.892978340387344 3.358589366078377 18.13165382295847 1.441425211727619 0.2751575335860252 0.3151629120111465 0 0.3328192830085754 0.09807369112968445
26.06437256187201 30.76529929786921 113.4365391582251 0.8136525005102158 0.9529843553900719 21.44268726557493 16.03804661333561 23.83625631406903 4.107721030712128 16.51691715419292 716.1688355132937 11.81979251652956 3.771209448575974 24.94123515486717 0.4223283901810646 1.247303865849972 2522.328420966864 2359.619015976787 2296.44681545347 8.306038610637188 30.3674181625247 1.163304761052132 242.6509578227997 3.874626405537128 4.714320883154869 3213.358521699905 736.7019884735346 7.502609245479107 76.02263952046633 147.516231611371 2.913393445312977 17.82567998766899 2.556425273418427 3143.352114655077 6.123672656714916 947.0396638587117 750.4416626095772 2529.5562524423 609.5574499890208 17.72202114760876 2.512217305600643 5.370189875364304 1.412921421229839 0 8.84654388576746 0.8571834415197372 0 0 0 0.7443052604794502 0 0.08451921492815018 0 0.7796599343419075 0 2.409406960010529 0 0 0.4753904938697815 1.949301525950432 2.895318016409874 15.5836837887764 0 0.1022731214761734 0 0.3834204971790314 0.6828199997544289 2.450931340456009 91.82119376212358 136.3808563575149 0.4536791071295738 0 0.2057817056775093 1.512583568692207 0 0 0.6098185330629349 1.952066272497177 4.757248610258102 2.229007102549076 1.783230848610401 0.07186952233314514 0.1118737831711769 0 0 0
26.38327027112246 0.0804707407951355 1.263413108885288 8059.767436265945 0.8971262723207474 229.9379686638713 140.2291336357594 278.3403149954975 625.5644345954061 5896.555149205029 25.33550178259611 3412.602161690593 8.093588676303625 221.6533482484519 30.01085871458054 0 1.970854915678501 5.34102775156498 8.306038610637188 1640.181931108236 1.047821193933487 0.136276051402092 2.449344396591187 1047.178572967649 0.1821150481700897 5.975901864469051 3.252255976200104 2057.383142955601 223.6146371513605 8.663642719388008 1.161653861403465 23.14992785826325 3.082101829349995 114.3998859673738 3.170760698616505 613.4887710511684 19.44133491069078 322.7861857041717 60.37124595046043 230.7747840285301 43.79792745411396 4.272008322179317 6.169777937233448 4.913668833673 0 1.04872290790081 168.480264686048 0.2554217651486397 24.71833015978336 233.0667609423399 63.38178899884224 193.4546125158668 197.7387264370918 13.67810758203268 161.1442251056433 3.463765382766724 44.31945449113846 32.11886311322451 1.097672551870346 0 0.2425333857536316 0.0832626074552536 192.0279583483934 1.154605865478516 0.527430534362793 3.372093833982944 416.0653630420566 0 0.188365750014782 0.3045356795191765 281.6247296184301 18.52891732007265 14.74013834446669 0 0.2390867918729782 0.2795196175575256 5.564468897879124 2.620137564837933 96.09979445487261 1.75173407047987 34.68772351741791 8.896091423928738 173.2817309647799 2.505265943706036 0.1055570691823959 0.7003884613513947
151.6387866362929 21.33008229732513 980.4941367357969 0.8988712430000305 0 8.308343306183815 652.2687883526087 96.52010567486286 141.2507381886244 18.24489892274141 11.21181175857782 0.4865335822105408 8.366476163268089 152.5962429642677 0 2430.075254656374 507.4146234467626 6.081972002983093 30.3674181625247 1.047821193933487 13496.09883462638 237.8097008988261 17286.20141101629 589.3074546679854 13.70846924930811 38.71960275620222 739.7506241649389 7179.624386169016 114.6533620879054 9788.210371747613 0.5790004879236221 1.854461327195168 16.02565783262253 3504.335354804993 263.3208674415946 6618.3763147071 1385.779265955091 5489.474643923342 3402.861322268844 51.38990561664104 20.28372968733311 3.383499398827553 12.64361470192671 7.909063331782818 1.487611584365368 12.72738828510046 0.3758957237005234 0 0 14.05662766098976 1.054375186562538 25.19340917468071 0 3.496086001396179 0.1243920996785164 1.382580272853374 8.616967014968395 0 779.0546812415123 6.385982550680637 0 2.212317809462547 0 679.0600520595908 226.1150567531586 138.4260205477476 235.5121388360858 0 2.553832471370697 19.23129842430353 246.6122938171029 39.68749738484621 259.9063443914056 0.09739555418491364 0 3.616649575531483 24.58577642589808 7.992434546351433 45.87059511244297 1.205854408442974 21.00700876861811 10.39561972767115 0 0.3596743047237396 1.098614692687988 0
3.703278668224812 2364.143752627075 16.50555851310492 1.302777126431465 0.1676677465438843 2.529695063829422 85.39011998474598 3.403889775276184 2187.181001640856 5.546179100871086 23.91429708898067 8.599265724420547 79.46864773333073 6.220069356262684 17.96346919238567 2557.599558450282 6.38479920476675 0.6532313525676727 1.163304761052132 0.136276051402092 237.8097008988261 1624.481334760785 443.2608414888382 6536.070214509964 898.4093055427074 50.43010505288839 3936.398352473974 219.7859683185816 9.499121695756912 31.5815642401576 5.320580832660198 0 1.789545342326164 9.754611499607563 0.5773136764764786 20.73425901681185 19.12441245466471 16.95776330679655 7.36685561388731 21.23475094139576 0.9464198276400566 17.28602340817451 0.1161918789148331 0.1407101452350616 43.7370880395174 34.66816829890013 0 0 0 2.06769847869873 0.3685610666871071 7.330369643867016 0 0.1151591837406158 0.09877090901136398 4.344500407576561 0.6140842288732529 0 777.6398885250092 6.760753497481346 0.2114118114113808 4.8454230427742 0 108.952825717628 63.85259862244129 274.5888465195894 48.20987493544817 6.034150019288063 27.29265342652798 399.1579377129674 24.98823218792677 0.9723063334822655 28.63752270489931 0.6782264858484268 0 0 4.603026695549488 0.707932710647583 11.42680034041405 2.030465587973595 7.970648787915707 6.977010808885098 1.308067321777344 0 0.2260685712099075 0
232.528876632452 24.39242223650217 15224.05075193197 1.468458570539951 0 16.87526752799749 1176.030694171786 171.7216199859977 44.61983156949282 32.38618982583284 57.90066314488649 1.169136621057987 16.41903469711542 269.58160892874 0 5209.787807293236 3647.024990722537 43.24913736432791 242.6509578227997 2.449344396591187 17286.20141101629 443.2608414888382 17295.40545798093 499.6031254604459 3.378913067281246 709.2612760812044 9763.142982792109 2615.915204375982 201.563131660223 4239.56275614351 0.705214761197567 4.269095346331596 16.75490239262581 3110.905131071806 334.2755631357431 9511.088420800865 7161.803866699338 7239.827758327127 5596.127620704472 88.16912387311459 21.53068267554045 28.14299041032791 15.16609719395638 0.6334673091769218 10.32744269818068 112.7353768125176 0.8296973556280136 0 0.6065313369035721 9.391551360487938 0.8125135526061058 2.1145314052701 0.4576023668050766 0.4344269633293152 0 0.2623630166053772 3.844467215240002 0 2267.687130630016 19.87142629921436 0 2.782099023461342 0 334.5755608081818 213.3122931346297 1475.029636904597 38.92126178741455 0 9.852775037288666 769.0057775899768 48.72418700158596 5.712892189621925 84.77742788940668 0 0 0.09642920643091202 24.66417713463306 19.08315628021955 82.26658911257982 8.022133029997349 50.94526406377554 56.95280905812979 2.699329346418381 0.1305359899997711 2.448571041226387 0.5922511368989944
94.57392447441816 701.3340435549617 28.76006021350622 1881.098627924919 1.705819770693779 125.97914968431 2190.891035914421 123.6182535663247 8475.617377921939 619.7581880763173 17.56257984042168 618.1507060900331 36.2630397900939 152.0837252512574 371.276590898633 2435.9807382375 12.65526602417231 1.68048645183444 3.874626405537128 1047.178572967649 589.3074546679854 6536.070214509964 499.6031254604459 9212.458930321038 290.1694726869464 25.66048787534237 1492.006036970764 8143.693444885314 354.2430606931448 865.1850689426064 1.477285139262676 10.32074059545994 66.2932428792119 169.3982116580009 42.7528637945652 1329.329982668161 58.64745326340199 443.5420266985893 234.2172882556915 519.603009544313 37.08933185786009 9.206684611737728 9.075343273580074 53.72885283082724 10.93982274085283 14.65135630965233 140.1623853668571 1.262284956872463 21.63751897960901 480.5541377812624 72.14030270278454 681.4681086242199 151.5785799250007 1.735654398798943 100.91411241889 3.41398099064827 151.6401978507638 21.3105296343565 376.6540682092309 11.86232393234968 0.6218904629349709 4.134419701993465 125.1188369989395 293.8359409049153 171.6222311258316 75.68185305595398 1851.767456486821 0.8673458099365234 7.996594466269016 57.03665556758642 1446.355281017721 172.0537995137274 302.8156512454152 0.5951508283615112 1.4544448107481 6.83282695710659 36.03143444657326 6.288869053125381 295.2075961008668 4.087787337601185 157.3132251426578 42.30412673950195 102.9336058050394 14.45563238859177 0.5459331199526787 1.308817431330681
0.1653326600790024 2021.357184618711 5.032844014465809 0.2121620029211044 0 0.7954461351037025 2.740997344255447 0.4333999380469322 236.3385808393359 0.1614236831665039 569.2714565992355 1.917035430669785 3015.981988675892 0.3201626688241959 3.0062460526824 63.25323104858398 9.112375251948833 4.574730351567268 4.714320883154869 0.1821150481700897 13.70846924930811 898.4093055427074 3.378913067281246 290.1694726869464 1284.151743017137 390.7854941114783 5972.943940155208 12.12196709960699 0.9438912644982338 3.161249816417694 222.045824021101 0.4904652982950211 0.1288854479789734 41.17599657177925 0.7191598415374756 21.82531633228064 158.6494599953294 90.52694946527481 7.334021687507629 2.689120210707188 2.186224490404129 406.5123506635427 0 0 31.77612982690334 0.128548339009285 0 0 0 0 0.1873132288455963 0 0 307.3107933402061 0 1637.472294539213 0.07712870836257935 0 0 0 40.06380943953991 0.8648116588592529 0 0.2323859035968781 0.7835655510425568 0.1696790009737015 0.5178491994738579 129.7915018871427 256.4780519902706 490.6258895471692 0 0.1703299880027771 0.101927861571312 339.7691884115338 0 0 6.467996343970299 0 2.078659355640411 104.4706112891436 20.2980518117547 3.622220754623413 0.2540783286094666 0 357.126051530242 0
43.593540456146 808.849955573678 8127.745390173048 0.770871140062809 0.972117617726326 25.88157133758068 106.4440147839487 53.80288481339812 25.48591218143702 19.41072401031852 3223.683099493384 15.31124426424503 139.0034062191844 56.35751999914646 0.4987983629107475 8.26557419449091 2902.55190384388 2281.03312074393 3213.358521699905 5.975901864469051 38.71960275620222 50.43010505288839 709.2612760812044 25.66048787534237 390.7854941114783 21594.5203274861 12312.96633723378 28.96037631481886 80.29858577996492 181.5071770958602 186.3653676882386 16.83340663462877 2.382728688418865 863.4403763115406 28.02273737639189 3068.259038411081 6394.369677644223 2485.130885750055 999.1820591315627 38.31226729601622 3.904003001749516 110.0318697616458 4.561206325888634 0.6132207661867142 361.5776037499309 35.31179511547089 0 0 0 1.972371108829975 0.522828720510006 2.408223226666451 0.2797479405999184 53.22526734322309 0 314.8861055970192 1.109312139451504 0.1039964780211449 0.244187243282795 78.72108677774668 158.9743884578347 433.2291984781623 0 1.834039948880672 10.65834234654903 4.491408593952656 7.651105917990208 269.2109273821115 2602.518559232354 4436.885192550719 2.46555845066905 0.1539070457220078 2.896459348499775 187.7582869455218 0 0 15.25686452537775 6.007007859647274 44.74846018105745 107.7529993280768 32.19800081849098 11.60540889203548 1.675038561224937 0 1.394160255789757 0.1230171844363213
27.14217223972082 4557.507528960705 11341.17873456329 1.989436648786068 0.08252353221178055 12.22711081802845 457.1583328768611 35.80927256122231 186.810554087162 18.17027007043362 1085.320917718112 3.44793850928545 1932.696992978454 41.08784345909953 1.329842686653137 3038.121886245906 4944.66608504951 694.2068117558956 736.7019884735346 3.252255976200104 739.7506241649389 3936.398352473974 9763.142982792109 1492.006036970764 5972.943940155208 12312.96633723378 32146.82172735035 979.75957454741 47.12061823904514 202.8864926323295 936.4394180029631 6.543063081800938 3.220509208738804 2407.692310877144 119.5993706732988 5106.53649289906 4217.899520888925 5168.558665581048 2340.821244969964 59.95340965688229 5.287022039294243 51.40615377575159 12.73835903406143 0.7421844378113747 1762.492952398956 1987.212967664003 0.1736984103918076 0 0.0741368904709816 16.36552356183529 1.443105332553387 10.64340133219957 1.271558053791523 107.7438352704048 0.1085024625062943 586.904454536736 4.850071884691715 0.1419864743947983 1308.997980870306 524.2522743195295 252.8648729324341 504.8116874247789 0.2893005311489105 49.64215966314077 968.6019647568464 1720.099256463349 42.81293579936028 693.2760551571846 4436.295839764178 15154.23001919687 21.78302310407162 1.970365315675735 10.95192947983742 375.5176280662417 0 0 139.6548906937242 29.30075056105852 436.7733403891325 192.9902598410845 303.3027748689055 181.2652863934636 11.80220992863178 1.570206880569458 4.802051320672035 1.580392926931381
156.6574921160936 32.83578182011843 575.7847062423825 4236.288151212037 0.5254841446876526 507.0847052708268 19209.26183180511 224.8559993579984 1623.577012307942 6389.171571955085 12.33489938825369 352.0874353274703 6.786579646170139 280.9241226315498 36.34298696368933 1370.393503539264 59.9446118324995 4.78786738216877 7.502609245479107 2057.383142955601 7179.624386169016 219.7859683185816 2615.915204375982 8143.693444885314 12.12196709960699 28.96037631481886 979.75957454741 19275.60023459047 659.8912469409406 6860.343972332776 0.9139565229415894 11.86175824701786 142.3834856972098 457.8066239282489 103.4182266667485 3014.757625184953 149.6081952378154 1064.885157652199 632.1235136911273 410.4340153113008 74.03847186267376 4.707702212035656 14.88912296295166 56.89624321460724 4.700774908065796 10.89141209423542 135.4629908651114 0.2573689445853233 16.67615979164839 509.7797122225165 76.34190175682306 370.1814049780369 157.1995697245002 2.96673209965229 85.47356206923723 7.030962407588959 149.0220276340842 11.78107450902462 283.8872182816267 11.27538655698299 0.605830617249012 2.89864444732666 121.8833286687732 252.4150022268295 80.06552971154451 56.37551651895046 1433.674588851631 0.2211725935339928 6.206615917384624 34.95735926926136 1340.044091664255 178.6572249531746 319.403371527791 0 1.871084064245224 9.138470567762852 48.6711585149169 10.6365979835391 297.3082077354193 5.056387461721897 151.91919952631 37.46556889265776 63.66484235972166 13.29170203208923 0.1767677664756775 1.597195133566856
