1347.989975258708 0.2279779762029648 19.87145790457726 14.35168691724539 0.1056617200374603 10.93236710876226 824.3182485923171 969.8260475173593 5.308834359049797 49.6793046221137 17.9322223290801 2.254858553409576 2.5596614331007 8050.787835113704 0.4173348248004913 0.1304351836442947 108.0820058658719 4.557967893779278 19.72039434313774 7.338241577148438 21.9141241684556 5.892054699361324 9.503299102187157 111.3716937974095 0.1416548788547516 49.69098740816116 38.62950304895639 207.8431650921702 2458.013606652617 4303.669906936586 0.3249095305800438 1.527013085782528 33.05598938465118 146.4394928887486 0.2736415416002274 17.33082401007414 8.928118862211704 65.59670206159353 10.70480392128229 4.384534135460854 1.087784379720688 0.8352246582508087 0 2.090439535677433 0.2873648405075073 0.1175366416573524 0 0 0 5.521406017243862 1.155771613121033 2.706592701375484 0.1360476166009903 0.1131279170513153 0 0.1412055194377899 2.43723239004612 0 0.4526705145835876 0 0.2861242890357971 0.5755563378334045 0.2655559554696083 3.096392579376698 0 0.4123222827911377 20.36469368636608 0.2321747466921806 1.058103404939175 3.231693126261234 50.65913873165846 3.343798197805882 5.292576387524605 0 0 0.1361623704433441 0.7927826195955276 0 3.100853264331818 0.2749367654323578 1.625587537884712 0.464743472635746 2.722131982445717 0.4521676450967789 0 0
0.2279779762029648 86.49264413118362 33.88990738987923 0 1.579354152083397 0.8107354417443275 1.826873287558556 0.4907545745372772 687.6784949675202 1.722074136137962 60.1899593770504 1.183381631970406 500.632829464972 1.010490663349628 10.06304765492678 624.8043190166354 14.55745276063681 8.336337745189667 4.688554093241692 0.8113162964582443 36.04080222547054 3219.51502212882 63.54010519385338 1728.168478049338 2052.954595811665 211.8047422915697 6588.122078001499 86.8497301414609 3.89467778801918 4.977378837764263 8.393196783959866 0.483800895512104 0.5853932127356529 16.85434184968472 0.1564479470252991 36.44399167597294 93.29281558841467 74.33680076152086 13.83070766925812 13.46633666008711 0 140.8974660485983 0 0.2717995941638947 287.9855704456568 72.51651859283447 0 0 0 4.951363585889339 0.3369662016630173 2.224283643066883 0 1.415376275777817 0 10.04278668761253 0.7719799876213074 0.1228123158216476 4.274413987994194 96.00287987291813 1.105927810072899 54.41305139660835 0 0.8531137630343437 8.702164269983768 3.876752980053425 12.52192825078964 76.11981371045113 239.1688899025321 1078.856937855482 3.873856984078884 0.1836668848991394 1.291599564254284 1.783553138375282 0 0 13.59619726240635 0.96070197224617 53.11828850954771 38.81884256005287 38.09872318059206 15.98820266872644 5.563932865858078 0 1.804584294557571 0
19.87145790457726 33.88990738987923 5761.563718140125 2.908453740179539 0.3750637471675873 8.345587760210037 1987.883348822594 156.311317525804 2.0280891507864 4.380784332752228 11.81119862943888 1.010949335992336 6.59498643130064 244.5241746529937 0.1290321350097656 17.48419013619423 5358.314337283373 8.950546883046627 228.2506484240294 0.5914222374558449 1523.625111304224 215.2851111590862 9448.544828303158 40.34597732871771 1.817546918988228 7688.209259703755 11107.85587793589 886.5168909579515 82.2578057423234 2401.117214560509 0.141594186425209 0.7275742962956429 5.579067140817642 802.7196186557412 36.19281482696533 1775.319119527936 4284.455830186605 2294.049604184926 1179.0982927531 36.10411600768566 1.638141453266144 8.083412125706673 3.928706035017967 0.2568984553217888 146.9137668386102 2424.02654825151 0 0 0 11.54264641553164 1.053127892315388 0.9717971682548523 0 1.702627569437027 0 0.8494622856378555 1.706191964447498 0 70.29885566979647 525.5524745807052 2.509544149041176 59.50226349383593 0 11.2752121090889 45.05207940936089 343.6207581460476 23.02250226587057 4.39636966586113 892.1573579758406 3750.998245410621 21.59121711552143 2.047437496483326 6.823095887899399 0.3921908587217331 0 0.7948700189590454 56.60399140417576 8.337618783116341 313.4398419111967 91.90961365401745 276.2079504877329 99.15331177413464 17.52712754160166 0 0.3459726274013519 1.186676561832428
14.35168691724539 0 2.908453740179539 4530.536645501852 17.25019264221191 321.1219073086977 714.2736219242215 261.6980005130172 2772.621443361044 5930.415722854435 26.33169417828321 3316.956689089537 14.47783990204334 177.5210509598255 234.879878744483 0.1421918421983719 0.5601430535316467 3.803942322731018 4.337923407554626 10667.03505964577 0.1495424062013626 0 0.8047357797622681 2166.499136961997 0.4167735800147057 7.318658031523228 6.105541951954365 5490.02238753438 276.1757255643606 5.987691283226013 1.597965501248837 6.643126405775547 6.688687287271023 106.1859657689929 6.037129908800125 419.8565285429358 10.61990179866552 220.1596342250705 115.0429503396153 590.0900405570865 41.74447320401669 2.214447028934956 7.352517262101173 2.638675719499588 0.2584658488631248 0 421.137877240777 0.1050115749239922 41.75122187286615 523.7897135466337 163.0054225325584 242.6508010402322 659.8445404320955 11.81115736812353 283.1545355990529 1.103351026773453 39.47082943469286 0.9377423897385597 0 0 2.845268219709396 0.7427716702222824 494.9996075034142 0.1723633706569672 0.8394749164581299 0 480.1176235824823 0 2.021236099302769 0.3366888463497162 617.0005095675588 11.46531940251589 5.052041485905647 0.1140759736299515 8.451562389731407 0.1207808405160904 32.77812978625298 2.096908509731293 45.81581801176071 2.603158295154572 102.8015551194549 5.627464167773724 277.5717471241951 2.66383484005928 0.4858254492282867 0.3567439317703247
0.1056617200374603 1.579354152083397 0.3750637471675873 17.25019264221191 3.269587479531765 909.572430677712 10.057591535151 130.2843954637647 133.8622688129544 18.55993081629276 25.1154348179698 103.8317217305303 31.31535194814205 10.99087572842836 2016.072396308184 0 0 2.442459128797054 0.452819250524044 18.29876554012299 0 2.32995992153883 0 58.28274085372686 1.022264286875725 2.916034266352654 1.870464153587818 20.22834464162588 57.19405973702669 3.394641302525997 0.7123496159911156 357.4527687802911 0 352.0997848659754 8.365001156926155 96.70955555140972 7.322243757545948 277.9693802893162 32.74234534054995 2030.148904211819 284.163819603622 14.24588257074356 11.90834701806307 0 0 0 0 0 0.1045622229576111 4.048081368207932 1.551543354988098 0.17674420773983 0.9098370671272278 0 0.1105106547474861 0 0 0 0 0 0 0 0.3257396817207336 1.524020552635193 0.3204851001501083 0 3.860604532063007 0 0.1562562584877014 0 7.393186502158642 0 2.485816985368729 0.136639878153801 0 0 0.7305534332990646 163.6622400730848 5.073007985949516 0.9634843021631241 8.786741986870766 27.0137742459774 0 0.557261049747467 1.364722579717636 0
10.93236710876226 0.8107354417443275 8.345587760210037 321.1219073086977 909.572430677712 10713.55830748379 3553.449529267848 8652.091425783932 277.2331239208579 8794.309800088406 49.5993994474411 6046.069070823491 44.78750038146973 627.4191039577127 2528.205616854131 0.2098538279533386 10.28652332723141 6.187713034451008 5.474798090755939 1212.330779761076 0.1386251151561737 1.151134744286537 3.578053690493107 321.7479171678424 1.59543914347887 12.66115819662809 8.685475252568722 2013.156556673348 279.7755960524082 93.87770789116621 1.214183457195759 369.5205244272947 3.182622462511063 202.159047074616 4.845753848552704 351.3493684828281 25.53353621810675 203.5419425740838 48.47515068948269 4410.654317066073 89.26710510253906 19.60150435566902 15.61869466304779 4.04747474193573 0 0 36.0001383498311 0.1671827882528305 5.687026239931583 111.8853490129113 21.30954250693321 39.17090798914433 34.89518374204636 3.783184289932251 15.69181410968304 0 15.18615760654211 0.7432456612586975 0.1485895365476608 0.4190625250339508 0.3584457039833069 0 19.51704517751932 0.3700202107429504 0.1480325311422348 0 114.8108514919877 0.1267295330762863 0.4882595464587212 1.130962178111076 151.1787615343928 7.375373139977455 12.61499087512493 0 1.258017152547836 0.8332971855998039 6.372214622795582 0.2493965029716492 15.97009821236134 1.184941880404949 23.80690189450979 4.703995041549206 57.54135796427727 0.4087891280651093 0.9846112504601479 0
824.3182485923171 1.826873287558556 1987.883348822594 714.2736219242215 10.057591535151 3553.449529267848 19346.2755087018 5150.969906553626 447.4682818129659 8370.438345655799 142.3612743243575 52.5289606526494 43.25985395908356 11187.41129747033 63.0350064560771 2.671699032187462 499.0474112331867 20.08881542086601 57.21844694763422 114.4948575422168 62.70910308510065 5.437750555574894 907.9674853757024 1657.404798038304 7.746065124869347 351.1816885918379 398.5472480431199 19838.54560853541 2958.992239058018 5935.549398086965 5.183863468468189 28.14310209453106 129.2629553824663 740.5183210223913 42.13395130634308 2128.198862560093 113.5732932835817 1597.277570016682 775.5659042000771 283.2686032354832 211.0361458212137 8.202114149928093 40.71715394407511 16.42239598929882 1.914400674402714 4.9238241314888 103.5477846637368 0.6445105075836182 17.53179675340652 560.4879189059138 135.4168760925531 376.6060470119119 56.86175565421581 10.82864195108414 5.405932262539864 2.613287821412086 62.22406287491322 5.08100376278162 9.960126847028732 2.480097770690918 4.90530302375555 1.992634527385235 35.96954965591431 5.046125575900078 1.653318285942078 10.55356471985579 700.7392264306545 0.6766828969120979 9.955058291554451 34.26888228207827 764.2379321977496 63.5608267635107 48.94670312851667 0.5499669909477234 5.301005944609642 5.746441163122654 31.87679883092642 4.468423381447792 47.20041427761316 3.140104591846466 77.81533080339432 12.40479378402233 155.2666386440396 4.227919980883598 4.699226096272469 1.377545103430748
969.8260475173593 0.4907545745372772 156.311317525804 261.6980005130172 130.2843954637647 8652.091425783932 5150.969906553626 14234.53424417228 94.5675775706768 3872.099516071379 206.3762076497078 817.4903159961104 66.36011181771755 8425.077348850667 138.0606692433357 0.4390382096171379 252.8983811438084 27.58754453808069 64.23031016439199 499.8995878398418 39.24304188787937 4.464989051222801 34.95284575223923 943.632657982409 3.734253063797951 167.6068189814687 85.18917470425367 1048.625453472137 1726.443810760975 2191.67802760005 6.078674726188183 591.0392010882497 41.20794803649187 625.9099510163069 1.840713500976562 234.1542523875833 33.40524328500032 312.7588012814522 57.65411271899939 1315.478171654046 73.60429951548576 22.0719857737422 9.766887217760086 21.03884928673506 0.2387491762638092 1.478815227746964 56.21180304139853 0 18.36020886898041 569.6086931675673 138.4202080741525 131.8464120253921 54.72883769124746 10.68626791238785 5.579392649233341 0.4649194478988647 61.78017825633287 2.114358961582184 0.102760449051857 0.1483054906129837 2.696365848183632 2.696505658328533 24.27164635062218 6.243787042796612 0.5784503519535065 0.1328500509262085 552.224788621068 0.4811827391386032 5.586259193718433 6.936562061309814 810.2657954543829 59.7041083574295 69.6251435354352 0.7424326166510582 11.81102231144905 4.774488136172295 38.98423728346825 0 58.26913063973188 1.861161880195141 111.5448895469308 12.05178859829903 215.2671907842159 5.276634953916073 2.376193627715111 0.1449507176876068
5.308834359049797 687.6784949675202 2.0280891507864 2772.621443361044 133.8622688129544 277.2331239208579 447.4682818129659 94.5675775706768 1009.623599663377 590.0891009271145 6.32563316822052 748.3809051066637 11.97751988470554 39.83681824803352 839.4370518177748 1.647184140980244 0.6871154457330704 0.7247595712542534 1.393294550478458 1091.900170259178 1.049823313951492 2502.025664679706 1.174753785133362 7251.759540140629 108.6511727273464 5.696281112730503 546.2613906785846 1764.209584258497 52.30794120579958 48.57261749356985 0.6063841953873634 4.198557257652283 3.95940001308918 21.49450968950987 1.937791079282761 104.5618390589952 10.24027440696955 49.93937766551971 9.463271595537663 839.8186643272638 5.638183496892452 1.297162458300591 0.613632932305336 9.879939489066601 2.36092235147953 0.6254163384437561 565.7549840137362 0.755822978913784 27.41895584762096 283.3463657647371 61.53785565495491 496.6522259488702 625.0694162324071 2.454400911927223 53.44496132433414 0.8878180459141731 27.37857525795698 7.713734865188599 56.03119356930256 1.233155764639378 1.020145811140537 0.9357732608914375 356.6288538724184 59.65174110233784 66.63909386098385 17.94456505775452 1600.694667138159 1.390085406601429 1.192612498998642 16.46670714020729 904.062570720911 50.26866095513105 46.42612864822149 0.5766428112983704 2.15383268892765 5.657787814736366 11.92139229923487 0.5603796541690826 37.69511248171329 3.304389037191868 32.14632587134838 6.754837013781071 98.04134609550238 3.066543355584145 0 0.120877742767334
49.6793046221137 1.722074136137962 4.380784332752228 5930.415722854435 18.55993081629276 8794.309800088406 8370.438345655799 3872.099516071379 590.0891009271145 27075.58315277845 293.3929321840405 2600.320846393704 79.41310925036669 1481.467726454139 36.24006831645966 0.14377062022686 4.32084272056818 41.85016728937626 48.7623572871089 8282.357497736812 0.8976189568638802 0.3495239466428757 4.122434370219707 442.128312766552 8.520773395895958 73.44624443352222 39.43511015921831 6590.761905260384 1207.9499957636 21.98377257585526 9.357783481478691 64.88779037445784 3.096098519861698 819.3285870924592 9.166555784642696 1353.671785794199 58.32286007702351 1313.966126419604 317.9746037945151 297.1983951404691 297.0372775793076 20.32586327940226 41.77261427789927 2.460863426327705 0.4652072787284851 1.089936390519142 416.1389496177435 0.426349863409996 68.76659370958805 787.2070437148213 237.2929398864508 255.1150317117572 589.7323221340775 15.97806216031313 85.59869883209467 2.037552356719971 68.86380124092102 2.248834624886513 0 0.09880335628986359 4.950025960803032 0.5425568222999573 361.0238249450922 0.1666054576635361 0 0.1071670055389404 638.239076167345 0.432819202542305 1.8075952231884 1.860702000558376 777.2498892694712 19.06337553262711 6.165623247623444 0.5999879315495491 11.16747282445431 0.6292134746909142 55.15729168057442 2.747844368219376 40.76989732682705 1.458487473428249 139.1442788392305 8.879585668444633 242.2646583020687 12.36824660003185 2.75140929967165 0.7440945729613304
17.9322223290801 60.1899593770504 11.81119862943888 26.33169417828321 25.1154348179698 49.5993994474411 142.3612743243575 206.3762076497078 6.32563316822052 293.3929321840405 13610.84479466081 148.4768188819289 3194.809585779905 368.8386351242661 6.265888772904873 0.1428514719009399 610.9637470319867 2763.121010623872 2527.920782901347 122.2999623119831 44.68008232861757 10.71407022327185 68.21130974590778 69.73649767786264 751.7869763970375 1802.62260980159 669.4102027192712 89.300741314888 434.3920418396592 195.5124638453126 226.0250366255641 149.8119890466332 17.0752771422267 8767.427882969379 18.63167934119701 690.0385912358761 3932.398767910898 5235.352049618959 1106.321132615209 70.75444822013378 203.838780336082 1616.21553646028 4.876112148165703 1.236266031861305 18.9272695183754 1.749387055635452 3.899124398827553 0 0.1559012532234192 27.68624304234982 2.918419443070889 2.945163391530514 0.6280629858374596 215.6920495852828 0.09325005114078522 1054.224091134965 4.598054148256779 0.5551332533359528 0 0.305371880531311 10.84007166326046 3.788699224591255 0.2207766026258469 0.3275193125009537 1.384623765945435 0.9675643593072891 40.47027704119682 373.2448246330023 94.44461460411549 90.33373702317476 52.30707458406687 5.206810645759106 8.898443154990673 60.05362336337566 0 0.2311344817280769 9.642876267433167 5.775335535407066 12.51752389967442 298.1007424741983 30.24078602343798 10.18756575137377 7.954977557063103 0.155083030462265 289.3420130833983 5.482379913330078
2.254858553409576 1.183381631970406 1.010949335992336 3316.956689089537 103.8317217305303 6046.069070823491 52.5289606526494 817.4903159961104 748.3809051066637 2600.320846393704 148.4768188819289 8314.202386915684 42.45417749881744 352.5153873041272 759.4268161952496 0 1.58078820258379 20.23051380366087 22.75434168428183 7670.385246455669 0.194286972284317 0.4285489395260811 1.004017926752567 404.830190256238 2.051535755395889 33.46280727535486 16.57089956849813 1494.586111105978 333.0456034392118 5.39259921759367 4.456781826913357 111.2819806411862 0 333.8154629617929 1.393842160701752 632.7786737754941 23.26355884224176 278.167866744101 40.8193409666419 1640.628987573087 71.42303377389908 9.129018619656563 9.712542347609997 0 0 0 123.7700543031096 0 16.15811336040497 122.5272581353784 45.57448296993971 22.23117224872112 325.3028462454677 3.942849077284336 160.4872381687164 0.09906887263059616 14.22331061959267 1.797384485602379 0.1623014509677887 0 0.4383993744850159 0.6368434131145477 199.7093047648668 0 0 0.1157625541090965 69.65982376784086 0.2163585275411606 1.125886335968971 0.827945701777935 123.4214815050364 6.39174846559763 0.8383099734783173 0.1026829108595848 2.018214330077171 0 10.0151029676199 0 75.75121058523655 0.451320618391037 31.16918797045946 3.472870275378227 210.8208928257227 1.707031220197678 14.35457946360111 0.9351593255996704
2.5596614331007 500.632829464972 6.59498643130064 14.47783990204334 31.31535194814205 44.78750038146973 43.25985395908356 66.36011181771755 11.97751988470554 79.41310925036669 3194.809585779905 42.45417749881744 4642.98587166518 55.42566609382629 3.630806341767311 4.168640896677971 4.079497121274471 74.91462442278862 7.497064083814621 36.14744383096695 5.719560898840427 45.04719653725624 14.21333803981543 47.8320202305913 4234.419169694185 341.9603538364172 2942.186874739826 41.78689863532782 90.08094554394484 32.22453559190035 512.8247030898929 115.2402238696814 0.4292063638567924 923.2727371901274 55.07036459445953 1702.898015663028 5802.448965214193 4009.774307988584 1290.697897560894 279.7809792459011 133.7170871123672 1502.882072173059 8.783950805664062 0.284490704536438 67.68664482235909 0 0.1716222763061523 0.1423220634460449 0.1879691034555435 20.21425827592611 4.708615332841873 2.945372298359871 2.039082907140255 750.796404697001 0.1019314154982567 4658.368212148547 1.534706197679043 0 0.1932252198457718 0.1538632810115814 18.71190685033798 9.970760345458984 0.2204777300357819 0 4.871354579925537 2.333606973290443 16.34551196545362 1800.47065924108 261.0166111886501 290.962394066155 40.05831779539585 0.3946081548929214 2.556494787335396 251.1053278818727 1.165438629686832 0 68.94173055142164 38.42067408561707 116.017585746944 899.9667867049575 155.079237356782 55.98952595889568 29.87736384570599 3.112949028611183 619.5756722018123 12.67900955677032
8050.787835113704 1.010490663349628 244.5241746529937 177.5210509598255 10.99087572842836 627.4191039577127 11187.41129747033 8425.077348850667 39.83681824803352 1481.467726454139 368.8386351242661 352.5153873041272 55.42566609382629 10624.273943685 34.46939767897129 0.9063403010368347 439.981646463275 59.83781491965055 118.3486136719584 366.9902840554714 57.88652293384075 12.02242283523083 48.78475660830736 548.1048253402114 6.108624272048473 285.4829449430108 170.7573431581259 1135.842885620892 6417.401090875268 6909.51633297652 12.08704027533531 73.3141430914402 163.3370073959231 1666.089655481279 1.095740482211113 187.0711472332478 46.00783812999725 438.8124366924167 59.97144410759211 334.0763942524791 32.10273873060942 17.51426842063665 5.158624053001404 8.481711015105247 1.07151010632515 1.034921504557133 15.79451566934586 0 5.288238003849983 143.1770625561476 29.28717228770256 36.47564306855202 5.685556657612324 2.090288832783699 2.460942573845387 0.4239841103553772 25.99152082949877 0.1500729918479919 1.51886048167944 0.8684694021940231 0.3380130976438522 2.458150304853916 10.88640150427818 11.0515054538846 0.3273957073688507 1.260766513645649 184.3224616795778 0.7691598832607269 8.027773395180702 12.7334173694253 342.0039745941758 31.5116450637579 41.92562182247639 0.1555335521697998 3.809256382286549 2.216650657355785 13.12258706986904 0.7878745198249817 28.71716273576021 1.489142186939716 31.13222114741802 2.942681275308132 52.53799372911453 0.5853644013404846 7.443255692720413 0.5266474559903145
0.4173348248004913 10.06304765492678 0.1290321350097656 234.879878744483 2016.072396308184 2528.205616854131 63.0350064560771 138.0606692433357 839.4370518177748 36.24006831645966 6.265888772904873 759.4268161952496 3.630806341767311 34.46939767897129 423.8838485330343 0 0 0.4249035716056824 0.3442183881998062 163.4050112292171 0 29.36942970007658 1.642769336700439 781.2044411450624 1.11703160405159 1.399467073380947 10.65745577216148 188.5684701055288 25.63974656909704 3.728734366595745 0.2952412888407707 79.36059542745352 0.3643896728754044 27.53953270614147 0.3838243037462234 22.7511381059885 4.308296509087086 16.26013904809952 13.57522167265415 1247.938621588051 28.40593487769365 1.206972941756248 0 0 0 0 0.5927547365427017 0 0 3.020619221031666 0.08171709626913071 9.996050134301186 0 0 3.096244759857655 0 0.747030645608902 0 1.822021894156933 0 0 0 0.7840361595153809 1.697558656334877 0.6600885689258575 0.3851204216480255 14.2679406106472 0 0.09676067531108856 0.4540957510471344 9.619355700910091 0.7480392903089523 0.2553484439849854 0 0 0 1.057028159499168 4.990763008594513 4.410218775272369 0 0.2682929635047913 0.1167661622166634 1.792632266879082 0 0.1110624074935913 0
0.1304351836442947 624.8043190166354 17.48419013619423 0.1421918421983719 0 0.2098538279533386 2.671699032187462 0.4390382096171379 1.647184140980244 0.14377062022686 0.1428514719009399 0 4.168640896677971 0.9063403010368347 0 5503.476455397904 7.34512984752655 0.3093768283724785 1.755475401878357 0 2383.482584312558 2502.081306420267 2823.767527528107 2204.905802249908 29.05719713121653 1.841738931834698 4207.542865514755 2142.616518490016 4.056617766618729 6.655019253492355 0.1264904290437698 0.1253475993871689 1.19694634526968 18.21538965404034 14.16286043822765 570.7375665307045 442.2487516775727 202.6008413359523 444.1084575727582 11.9162482470274 1.03986781835556 1.182792350649834 2.295251026749611 1.801795423030853 4.902870833873749 58.33178940415382 0 0 0.282211035490036 42.9570809006691 6.409170143306255 31.33431196212769 0 0 0 0 10.98369873315096 0.7255668416619301 3626.022672258317 5.89122324436903 0.2654363065958023 1.079286806285381 0 539.5897281095386 1495.399376280606 2558.07187063992 566.1013628467917 0.3631379306316376 3.601657152175903 1799.825837038457 211.2319824248552 14.82647985219955 101.6302017942071 0 0.225478820502758 0.669592447578907 3.158371083438396 5.350905194878578 103.6323913931847 41.44909827411175 49.22039765119553 93.34100916236639 5.527341857552528 0.1889753043651581 0.3309961557388306 0.2187206745147705
108.0820058658719 14.55745276063681 5358.314337283373 0.5601430535316467 0 10.28652332723141 499.0474112331867 252.8983811438084 0.6871154457330704 4.32084272056818 610.9637470319867 1.58078820258379 4.079497121274471 439.981646463275 0 7.34512984752655 3203.376414053142 249.0797945037484 5764.698020406067 2.391069911420345 1788.439904160798 44.5238830447197 4561.561219014227 17.17210177332163 1.702226683497429 6279.730522178113 7435.559628918767 111.2901545614004 501.9737566933036 5216.617965556681 0.693995513021946 1.106119938194752 45.45753845572472 2959.073277778924 4.398503489792347 241.5990964025259 1306.581538289785 1031.534417107701 233.7029897347093 8.089076012372971 1.076780594885349 7.588864780962467 0.4053657501935959 0.5015746131539345 79.88617109507322 250.1236236318946 0 0 0 8.463975556194782 0.6451288163661957 0.7866324186325073 0 3.07996279001236 0 2.997304677963257 3.681873224675655 0 2.020847037434578 165.4570773616433 7.981796242296696 166.3571681976318 0 2.5012486577034 5.392263576388359 21.65191821753979 7.653830215334892 19.60401570796967 599.1004995554686 964.4217885807157 10.08631857484579 1.293074689805508 4.253440745174885 1.650086671113968 0 0.1204115301370621 18.84827670454979 1.250389501452446 84.39482074230909 67.15803960710764 89.31585528701544 24.36359415948391 8.414049990475178 0.09924156218767166 0.2038760036230087 0.2943500876426697
4.557967893779278 8.336337745189667 8.950546883046627 3.803942322731018 2.442459128797054 6.187713034451008 20.08881542086601 27.58754453808069 0.7247595712542534 41.85016728937626 2763.121010623872 20.23051380366087 74.91462442278862 59.83781491965055 0.4249035716056824 0.3093768283724785 249.0797945037484 823.3489565998316 1422.7647806108 18.53613067418337 12.67097983509302 1.194756202399731 26.08649741858244 5.147298373281956 112.4687808007002 2635.056040324271 966.2867047786713 14.01166112720966 62.76557528972626 59.76589762419462 94.83028915524483 12.25040398538113 3.677840821444988 1102.343372449279 8.679511025547981 381.2256643995643 568.4259867966175 1178.507656291127 432.1423127353191 7.502287872135639 4.219912365078926 17.45548743009567 2.003144137561321 0.1111174821853638 6.328315928578377 0.272909477353096 0 0 0 3.114889413118362 0 0.946030005812645 0 7.225481748580933 0.09091361612081528 97.3029658049345 0 0 0 0.5097836330533028 7.822353318333626 14.22492769360542 0 0.138592004776001 0.1274486929178238 0 3.008568085730076 67.18513886630535 95.36120417714119 106.1812621206045 5.135562941431999 0.1269459575414658 0.1122281178832054 18.59735652804375 0 0.2528574168682098 0 0.528986856341362 2.693450726568699 2.43287867307663 1.718850858509541 0.2985035479068756 0.6508622318506241 0 0 0
19.72039434313774 4.688554093241692 228.2506484240294 4.337923407554626 0.452819250524044 5.474798090755939 57.21844694763422 64.23031016439199 1.393294550478458 48.7623572871089 2527.920782901347 22.75434168428183 7.497064083814621 118.3486136719584 0.3442183881998062 1.755475401878357 5764.698020406067 1422.7647806108 3999.103999294341 19.69143391400576 96.67187488824129 4.21110824495554 435.034772247076 8.811844006180763 13.51204662024975 5572.97462272644 1745.988820753992 25.55767251551151 166.488492153585 620.9177289009094 7.055803120136261 9.569605924189091 19.89368019998074 6031.780196681619 7.62654035538435 560.0345283523202 559.7054097875953 2538.873410128057 546.3468749970198 13.23130828887224 0.4961372464895248 2.971072837710381 0.1664710342884064 0.8288026079535484 94.06112661957741 16.1881153434515 0.1556228399276733 0 0 7.281763672828674 0.1012991741299629 1.717714808881283 0.2025517076253891 10.69130125641823 0.2025080099701881 82.56037171185017 1.228088468313217 0 0 31.78837414085865 26.52536632120609 383.9033608436584 0 3.151501342654228 0.8850439190864563 2.958448901772499 4.009895130991936 167.6345196515322 623.6648464649916 897.9847426041961 7.452629655599594 1.225655891001225 4.288052923977375 14.84324316680431 0 0 16.39209882169962 0.2358753383159637 43.92728850990534 48.10734215378761 44.72333150357008 11.57829192280769 4.675552755594254 0 0 0.3915247619152069
7.338241577148438 0.8113162964582443 0.5914222374558449 10667.03505964577 18.29876554012299 1212.330779761076 114.4948575422168 499.8995878398418 1091.900170259178 8282.357497736812 122.2999623119831 7670.385246455669 36.14744383096695 366.9902840554714 163.4050112292171 0 2.391069911420345 18.53613067418337 19.69143391400576 2728.355640269816 0.1953385248780251 0.3747124224901199 1.792509809136391 391.1787835806608 3.071729481220245 33.29466925561428 15.48740999400616 3602.215244531631 322.031465023756 6.268910147249699 5.070819854736328 36.43135061115026 0.3658065721392632 300.6176471114159 3.318451181054115 497.8767598345876 20.87742565572262 389.1999656260014 67.77445152401924 685.1078035980463 90.19684558361769 13.41776295006275 10.2930433601141 4.250095471739769 0 0 389.9052326902747 0 44.18328915536404 608.9269069433212 216.0832703188062 161.7981844544411 670.3926887959242 11.40371897816658 233.7869832515717 1.785424076020718 46.21578757464886 1.415437713265419 0 0 3.246876314282417 1.199679620563984 502.6439884752035 0 0.2040037512779236 0 416.3576400205493 0.1242769286036491 3.033739469945431 1.730614833533764 570.4662257730961 20.32888943701982 5.25383049249649 1.297660961747169 5.930705912411213 0 43.25341134518385 0.8207916617393494 55.04579071700573 0.3719157576560974 105.3726877421141 7.340696170926094 307.242762774229 5.674790844321251 1.559081554412842 0.3470623791217804
21.9141241684556 36.04080222547054 1523.625111304224 0.1495424062013626 0 0.1386251151561737 62.70910308510065 39.24304188787937 1.049823313951492 0.8976189568638802 44.68008232861757 0.194286972284317 5.719560898840427 57.88652293384075 0 2383.482584312558 1788.439904160798 12.67097983509302 96.67187488824129 0.1953385248780251 12687.69585193694 227.5373838692904 21243.90630469471 433.1150774359703 1.789882391691208 138.7503000944853 1168.642913870513 5119.408496402204 265.3908540084958 8086.294682838023 0.09657092392444611 0.2568155080080032 138.811601139605 3527.474348790944 204.5772288739681 6753.914430759847 1973.598500669003 5065.420269340277 4815.837677337229 74.19254573434591 11.13353241980076 5.389813967049122 44.41273273527622 12.40923065692186 2.218862071633339 12.87886667251587 0.2301700413227081 0 0.9030036777257919 86.295942902565 25.26653078198433 48.93902235478163 0.1234195157885551 0.6067182123661041 0 0 54.74175769090652 0.7945818901062012 542.8777848407626 2.647532135248184 0.6265412792563438 2.038581401109695 0 1103.725436344743 144.3310776874423 362.0141780376434 746.1928216516972 0.6816864758729935 5.147978849709034 93.19878623634577 487.2856160774827 60.59777627885342 400.0465858131647 0 0.1138517707586288 2.490753568708897 5.164494052529335 9.194187819957733 46.39692460745573 14.73235330730677 15.33719566464424 18.45186115801334 2.865646317601204 0.309745579957962 0 0.7250625640153885
5.892054699361324 3219.51502212882 215.2851111590862 0 2.32995992153883 1.151134744286537 5.437750555574894 4.464989051222801 2502.025664679706 0.3495239466428757 10.71407022327185 0.4285489395260811 45.04719653725624 12.02242283523083 29.36942970007658 2502.081306420267 44.5238830447197 1.194756202399731 4.21110824495554 0.3747124224901199 227.5373838692904 2752.007150292397 968.9043509885669 8034.537800453603 583.5724890977144 16.91910956054926 3377.855741240084 476.4698506072164 48.43417233973742 152.9087750092149 1.406024940311909 0 6.488213822245598 35.06364715844393 5.787380397319794 594.7517860606313 227.3100556656718 270.1859232261777 191.6695830598474 62.68195933103561 2.17939966917038 5.361927561461926 1.172841235995293 0.5952012985944748 11.30415444821119 95.47592568397522 0 0.3429111614823341 0 14.64612577855587 1.321457251906395 61.28113875538111 0 0 0 1.312015920877457 3.377703487873077 2.598626904189587 865.8660530894995 8.004188425838947 0 1.310840353369713 0 93.31662825495005 166.4998185709119 240.448587551713 307.6724223420024 1.652757883071899 8.125669255852699 883.4289172962308 114.6070183515549 1.965865336358547 26.9036513119936 0.2563129514455795 0 0.8387004360556602 1.322520323097706 0 23.4912938773632 8.478242143988609 18.35840450227261 18.28439644724131 6.233132526278496 0 0 0
9.503299102187157 63.54010519385338 9448.544828303158 0.8047357797622681 0 3.578053690493107 907.9674853757024 34.95284575223923 1.174753785133362 4.122434370219707 68.21130974590778 1.004017926752567 14.21333803981543 48.78475660830736 1.642769336700439 2823.767527528107 4561.561219014227 26.08649741858244 435.034772247076 1.792509809136391 21243.90630469471 968.9043509885669 19803.73241505027 468.4385609924793 2.441239684820175 545.1410392522812 13508.38012459129 2948.395864024758 79.00572507828474 5093.568060465157 0.6596952006220818 0.6392202898859978 34.94619809091091 3509.925941556692 166.1022872179747 7072.478932596743 7593.529337890446 9047.393184997141 9867.184337414801 263.8228339999914 13.93610708415508 10.53338389098644 57.88114826381207 1.006326653063297 11.33359511196613 440.940956659615 0 0 0.1202883496880531 37.92578648775816 4.309215866029263 3.005586519837379 0 1.461071118712425 0 0.9262377172708511 7.685259640216827 0 4121.845717377961 23.66703420132399 0.4120874926447868 6.65341055393219 0 479.7463901042938 942.5510548055172 4273.131207928061 321.6346881240606 0.9590343534946442 27.66868616640568 2921.474842444062 114.8044221252203 10.63269104063511 101.5890794843435 0 0 0.3174974918365479 14.20554023236036 21.04775582253933 198.5646292567253 71.45894031971693 132.9769853278995 164.2364918068051 8.740954145789146 0.5068677961826324 0.6640419512987137 1.466179773211479
111.3716937974095 1728.168478049338 40.34597732871771 2166.499136961997 58.28274085372686 321.7479171678424 1657.404798038304 943.632657982409 7251.759540140629 442.128312766552 69.73649767786264 404.830190256238 47.8320202305913 548.1048253402114 781.2044411450624 2204.905802249908 17.17210177332163 5.147298373281956 8.811844006180763 391.1787835806608 433.1150774359703 8034.537800453603 468.4385609924793 8058.619912028313 233.3003408759832 28.17797262221575 2156.382981702685 8397.77585349232 1143.606259591877 682.5004208087921 1.946647986769676 22.45764527469873 126.1478016078472 323.38777846843 24.06952536851168 1389.800571657717 104.1751629188657 688.0522404909134 278.2626805156469 1261.760792590678 113.3374586477876 17.32988286018372 13.94490730017424 103.7210479602218 3.593444623053074 6.411094307899475 263.6640348359942 0.8464578464627266 38.64449646323919 1204.485638573766 281.3843256607652 1943.112751446664 360.8824202865362 26.33800649642944 53.40775491297245 4.57227735966444 282.6519479379058 19.11119086295366 440.408889785409 3.193535871803761 8.770699881017208 3.026493802666664 199.3821649923921 603.3905470594764 278.3203155696392 256.1538446545601 3974.207048408687 0.7133565694093704 6.940544940531254 76.73730988800526 4303.711516134441 421.4225418716669 650.7228822410107 1.88566742092371 17.61120096594095 38.42655996978283 84.80587767809629 10.79043239355087 300.5148673057556 16.06718936562538 264.1594780161977 44.95823243260384 532.7198188751936 12.66476563364267 5.388661742210388 2.017111234366894
0.1416548788547516 2052.954595811665 1.817546918988228 0.4167735800147057 1.022264286875725 1.59543914347887 7.746065124869347 3.734253063797951 108.6511727273464 8.520773395895958 751.7869763970375 2.051535755395889 4234.419169694185 6.108624272048473 1.11703160405159 29.05719713121653 1.702226683497429 112.4687808007002 13.51204662024975 3.071729481220245 1.789882391691208 583.5724890977144 2.441239684820175 233.3003408759832 848.3469662517309 330.7508399784565 5723.352777935565 13.72990375012159 6.611564919352531 13.67367008328438 212.2080598026514 5.391848675906658 0 204.0003984794021 6.010697521269321 274.8830813840032 976.6916359215975 895.4346748739481 208.9611143991351 90.92824373394251 69.40581479668617 1288.70681014657 19.36887706816196 0.1726668477058411 77.01629802584648 0.1708346307277679 0 0 0 7.676300689578056 7.897725582122803 1.428573489189148 0 306.0855070054531 0.2726202458143234 1966.868432968855 2.319774821400642 0 0.2916469722986221 0 10.11622390151024 14.98076140880585 3.495256900787354 0 3.698441848158836 0 5.038178324699402 1006.796640142798 471.885286256671 755.8945148736238 12.03631635755301 0 7.959635742008686 102.7805843502283 0.2684644460678101 0 20.31115931272507 0 63.30531919002533 68.81060752272606 81.63300842046738 6.215542189776897 8.627642840147018 0 112.2522764354944 0
49.69098740816116 211.8047422915697 7688.209259703755 7.318658031523228 2.916034266352654 12.66115819662809 351.1816885918379 167.6068189814687 5.696281112730503 73.44624443352222 1802.62260980159 33.46280727535486 341.9603538364172 285.4829449430108 1.399467073380947 1.841738931834698 6279.730522178113 2635.056040324271 5572.97462272644 33.29466925561428 138.7503000944853 16.91910956054926 545.1410392522812 28.17797262221575 330.7508399784565 43056.08826714009 14660.85469248146 103.8036768734455 372.3582848384976 1105.369439944625 409.1117144972086 18.25096697360277 35.77562737464905 2014.320648871362 44.0018529817462 3064.889313206077 5199.324658215046 5023.591569446027 1849.654425852001 66.56722193211317 10.25386079400778 114.2862812131643 7.039875485002995 1.546213306486607 566.9245565384626 156.6613116115332 0 0.163240447640419 0 27.70803908258677 2.010715365409851 1.580272808670998 0.1190219074487686 110.6158485561609 0.1909536197781563 1530.187260098755 7.038877815008163 0 2.285482138395309 326.0017191395164 129.2849387824535 1073.083402432501 0.2299383729696274 6.751114539802074 5.495023138821125 14.82073341310024 14.3014170974493 1237.533810541034 3153.567516110837 4515.93002551049 19.86871878802776 3.672955267131329 12.49824755638838 241.8872675299644 0.3848845064640045 0.229322113096714 71.05464082956314 3.656085707247257 244.1815120056272 248.3944922238588 217.4399906694889 76.33100919425488 20.95932039618492 0.3866179287433624 4.798655688762665 0.2406182140111923
38.62950304895639 6588.122078001499 11107.85587793589 6.105541951954365 1.870464153587818 8.685475252568722 398.5472480431199 85.18917470425367 546.2613906785846 39.43511015921831 669.4102027192712 16.57089956849813 2942.186874739826 170.7573431581259 10.65745577216148 4207.542865514755 7435.559628918767 966.2867047786713 1745.988820753992 15.48740999400616 1168.642913870513 3377.855741240084 13508.38012459129 2156.382981702685 5723.352777935565 14660.85469248146 28652.66450306773 1799.658744260669 291.3649434819818 1062.10443752259 2315.197499141097 12.77603574842215 38.5762040540576 2733.324059538543 172.3797608315945 9270.437109209597 9257.538546316326 10227.04564607143 6197.277826584876 254.2419665828347 14.82068423181772 115.1948387101293 30.13892311602831 1.941209062933922 4141.604569993913 5289.303914405406 0.1512332856655121 0 0.3601255118846893 94.55313164740801 4.650230161845684 7.71975826472044 0.9343407452106476 175.9633588269353 0.5587087124586105 2562.979920804501 21.36959564685822 0.1094719767570496 1501.648819535971 1670.341921903193 251.8030128479004 1928.804664157331 0 50.65389253944159 1426.116615541279 1676.364254198968 125.1724032461643 2752.836793906987 8230.133990816772 28260.06871663779 75.19858927279711 6.747568272054195 29.68521558493376 363.6921677738428 0.5081929117441177 0.4597168266773224 251.0890640169382 25.2158629372716 1266.504557006061 777.9745685458183 1101.351730540395 453.4569069370627 90.46806066483259 1.6136844009161 9.513979829847813 4.989844739437103
207.8431650921702 86.8497301414609 886.5168909579515 5490.02238753438 20.22834464162588 2013.156556673348 19838.54560853541 1048.625453472137 1764.209584258497 6590.761905260384 89.300741314888 1494.586111105978 41.78689863532782 1135.842885620892 188.5684701055288 2142.616518490016 111.2901545614004 14.01166112720966 25.55767251551151 3602.215244531631 5119.408496402204 476.4698506072164 2948.395864024758 8397.77585349232 13.72990375012159 103.8036768734455 1799.658744260669 18774.3511653021 2999.278004691005 16536.72924599797 3.17094886302948 26.13541851192713 457.0472662821412 777.7498257979751 127.4300413280725 4213.034109137952 377.1960725933313 2292.64958653599 1237.228525049984 603.1051571071148 175.4038620591164 20.21565766632557 43.36862365156412 81.09575049579144 2.912678763270378 10.36165697127581 295.8957944437861 0.2695080265402794 39.38871427625418 1061.091959923506 254.8412058278918 842.8528785407543 342.2395977526903 20.24429427087307 89.12358491867781 3.864216469228268 270.9259449988604 11.97540614008904 295.427765481174 4.242673695087433 5.180983290076256 2.258894182741642 268.3725561499596 830.4537336528301 120.4307300671935 177.768362917006 2619.156163014472 0.261612743139267 9.555207774043083 68.01197034865618 3447.949776008725 380.9170904681087 821.8593791499734 0.7748512402176857 11.8411945477128 33.10120075196028 75.45932645350695 11.9398101568222 205.5768962055445 15.63410547375679 186.5603090077639 42.15665370225906 278.7364413663745 7.910063922405243 4.33933387696743 2.241840541362762
