1794.566953122616 0.1175827383995056 472.392236314714 6.159918732941151 0.7210920602083206 16.07080688327551 1806.57222097367 1224.071460388601 2.952714450657368 100.1642730385065 6.45428753644228 6.223886251449585 0.1196925267577171 4529.328865371644 0.3273262232542038 0.474599227309227 393.086068443954 3.935017220675945 31.01698729395866 38.62914452701807 39.94311904162169 0 243.9068851843476 23.24393013864756 0 141.2570744156837 24.82788196951151 103.089822627604 4379.137234918773 2346.158276945353 0 4.312714017927647 181.092568680644 180.7641441598535 1.465817525982857 70.72174822539091 34.17168034613132 111.6055697500706 16.70643003284931 5.694487884640694 1.530300930142403 0 0.2531046271324158 0.4240015894174576 0 1.284403622150421 0.1972191780805588 0 0.1480987966060638 3.126583144068718 0 0.941412091255188 1.566185019910336 0 0 0 0.4910949468612671 0 2.417834423482418 0.7831453680992126 0 0.09720098227262497 0 7.947917275130749 2.94380322098732 2.402793474495411 20.74834902584553 0 1.198336660861969 5.740834087133408 41.93920155614614 4.524486199021339 25.85348688811064 0 0 0.2140213251113892 0.3129285722970963 0 9.238084316253662 1.400337003171444 1.57591125369072 0.09374133497476578 4.936083480715752 0 0 0
0.1175827383995056 98.82974188774824 12.83448263257742 0.6499396413564682 0.9188913032412529 1.257418856024742 0.8703723251819611 0.5613560527563095 722.1624761000276 0 86.83860646933317 7.256814979016781 656.7279236316681 0.7198917269706726 20.98508883267641 277.1135193631053 4.266514405608177 26.90213984251022 7.266068838536739 0.3206901177763939 7.228221602737904 2537.776144370437 2.433382950723171 858.395444393158 1774.705342002213 217.3357988148928 5053.281431935728 7.346540421247482 0.6799116656184196 0 81.62443497031927 0.1411573886871338 0.09652077406644821 11.21843029558659 0.2051737904548645 15.89323465526104 65.21777777373791 24.3458659350872 6.315170809626579 38.38381164520979 0.1681497097015381 326.8562249243259 3.045920372009277 0 13.10854759067297 63.00272803753614 1.710635624825954 0 0 2.121339373290539 0.2337520271539688 0.8639890179038048 0 4.198869831860065 0 42.20863997936249 0.5732892751693726 0 14.36123088747263 6.396916776895523 2.678254418075085 2.549072429537773 0 2.367068022489548 13.39358043670654 17.61623392999172 7.70066599547863 48.38170926272869 142.5511433184147 1345.700166895986 5.006425909698009 0.123522087931633 1.883483469486237 7.930820599198341 0 0 4.206440292298794 0.1228003725409508 21.2878732830286 22.49196998029947 24.06570716202259 6.647475317120552 0.2653602957725525 0 10.5015736669302 0
472.392236314714 12.83448263257742 5468.197920084 12.90038756281137 0.3582144528627396 156.8246734663844 1028.731437526643 1814.609282046556 3.936141327023506 93.61597393453121 22.30083525180817 5.790886409580708 0.5007231682538986 1956.078487358987 0.8716447874903679 7.637776367366314 7539.514762684703 28.78140760213137 342.8058146461844 13.17176230996847 299.5407345667481 17.03806225210428 9797.835237130523 157.5978694781661 0.8915128484368324 6901.707935318351 4419.730283789337 1099.040739014745 519.9487983733416 1793.027325496078 0 7.030097849667072 29.37767481803894 889.7947970554233 33.57688395678997 2519.146504670382 6369.273631393909 1910.73753221333 290.3174539506435 103.9426787644625 2.804317474365234 6.48971500992775 3.791444182395935 2.556494884192944 50.93725390732288 1721.946891434491 0.648087352514267 0 1.573029279708862 23.32381228357553 11.09619858115911 3.22525667399168 1.647781059145927 0.5462042242288589 0.332099974155426 0.6151447221636772 15.93786575645208 0 15.59105328470469 113.9580470472574 1.563410736620426 8.820670560002327 0.8887221068143845 8.882567755877972 33.66119147092104 70.48483783006668 32.39996317774057 0.5238042771816254 212.8252886980772 2303.490258388221 37.7065509930253 4.569902800023556 12.9035711362958 1.76573570817709 0.2011321038007736 0.1435917168855667 5.847939871251583 8.656977161765099 66.65568182617426 865.2934091538191 34.38454658538103 9.542732812464237 2.930251404643059 0 0.1222618967294693 0.1938134878873825
6.159918732941151 0.6499396413564682 12.90038756281137 5448.907718420029 1.147496655583382 41.22083839029074 81.03792296350002 13.86523352563381 1646.565972268581 1982.372299581766 2.610856935381889 1250.759847231209 0 22.21447344869375 179.6666895896196 0.1530909687280655 1.436826303601265 0.8061366230249405 1.045214541256428 8133.13524453342 1.838009588420391 1.074305206537247 4.776347100734711 1815.648568838835 0 16.80507604777813 23.7378173917532 2505.258315548301 88.04173894226551 0.8103057667613029 0 0.9667365476489067 3.256700031459332 44.19642290472984 1.4469014108181 252.0893030613661 3.836616918444633 92.23262578248978 33.52278228849173 435.9926433563232 2.941537111997604 0 0.671950101852417 0.1920382976531982 0.9823246225714684 1.157674439251423 549.2024896964431 0 15.0994315892458 148.7580448612571 1.972145259380341 710.5102726370096 353.2410679906607 0 184.4741024374962 0 1.907792821526527 0.936577320098877 1.641877740621567 0 0 0 374.7281718254089 1.249391987919807 3.277032926678658 0.7516491115093231 458.7185125425458 0.1585297435522079 0.118026427924633 5.107626661658287 610.1101911589503 4.405817739665508 0 0 0 0.1839990019798279 0.9777089804410934 0 156.5071158707142 0.5755144953727722 5.499800838530064 2.665047533810139 178.7669778615236 0 0 0
0.7210920602083206 0.9188913032412529 0.3582144528627396 1.147496655583382 603.8919711410999 810.5484776049852 1.957061469554901 603.4336079806089 20.92016398906708 3.414069652557373 21.93268284201622 49.63437543064356 0.424680769443512 2.941307105123997 854.0079959481955 0 0 1.068011909723282 2.329549521207809 3.421606309711933 0 0.7907806038856506 0.2285242527723312 8.613073326647282 0.6746555715799332 1.806833930313587 1.957855969667435 2.060751765966415 667.166837669909 0.3858004286885262 0 295.8425869196653 0 411.2805551066995 0.3549386262893677 23.21964368969202 3.162393026053905 74.67078872025013 47.08798060566187 816.4076223373413 89.34966006875038 10.15255631506443 4.619107455015182 0 0 0 0 0 0 0.1325273960828781 0 0 0 0 0 0 0 0 0.171672448515892 0 0 0 0 0 0 0 0.1225668787956238 0 0 0 0 0 0 0 0 0 0.3954155445098877 0 1.202075645327568 0.2527080774307251 0 0 0.4635754972696304 0 0 0
16.07080688327551 1.257418856024742 156.8246734663844 41.22083839029074 810.5484776049852 10341.76788391918 3573.636449798942 7501.483020715415 105.7549168244004 11511.31599400938 185.4681733623147 5539.107989154756 5.408087193965912 1603.783846028149 2853.085486620665 0.7328309118747711 15.45305210351944 27.94814236462116 44.76584545522928 615.8902275413275 34.6065376624465 0.9071669057011604 28.36832784861326 73.19582293182611 3.061859741806984 113.3802583292127 82.88104679435492 555.230905264616 1369.728889785707 24.56360378861427 0.8840458020567894 417.0243371576071 2.002052880823612 478.6043223291636 8.199268318712711 833.7276480644941 48.18058650195599 347.4872804507613 276.444850243628 4390.59936389327 355.8150177299976 32.80440597981215 43.02213683724403 0 0 4.340715557336807 20.36907734721899 0 1.98394002020359 30.98475402593613 1.851568691432476 6.705893494188786 21.06856548786163 0.1104826703667641 35.06969667226076 0.3181145936250687 0.2828913107514381 0.1357292681932449 1.227032318711281 0.2478785142302513 0 0 19.43323610723019 0.9602986127138138 0.3681718483567238 1.747350692749023 57.51575423032045 0.3286859691143036 1.275649532675743 10.0072638168931 61.1487295255065 0.8766991198062897 4.729459352791309 0 0 0 0.1893021911382675 0.7146682292222977 31.78785192966461 2.222322799265385 3.186382234096527 1.27887237071991 32.22467492520809 0 1.267625287175179 0
1806.57222097367 0.8703723251819611 1028.731437526643 81.03792296350002 1.957061469554901 3573.636449798942 25674.31870530546 4157.279286712408 191.2719227224588 7551.292590811849 44.99041352421045 71.28395803272724 2.619418054819107 9973.831409424543 19.8486310094595 10.32581038028002 45.97057045996189 9.980647556483746 17.68875658512115 329.0228601396084 687.6396934315562 1.299576513469219 693.2675443738699 1508.952035926282 0.3695477172732353 349.14883569628 935.2662811353803 17829.66712598503 2082.489488504827 6478.745038174093 0.2249017283320427 20.21790231764317 213.6070521473885 817.9087181687355 57.11269331723452 3043.56583005935 123.2471926659346 1568.491339765489 383.6318688541651 397.1385470703244 67.14709560573101 4.04552386701107 25.38463813811541 4.206959322094917 0.895743303000927 17.25283782929182 82.60219061374664 0 12.33149695396423 360.1622161716223 9.103480510413647 107.4070158824325 94.4400027692318 1.876862913370132 16.61994327604771 0.116036482155323 8.987467594444752 0.3003265112638474 15.52530507743359 2.259412005543709 0 0.3770401105284691 79.69675630331039 18.96639869362116 5.691230714321136 14.33821921050549 700.9974238276482 0 3.825014255940914 54.4828107431531 818.5449703484774 24.02756658941507 230.5815840065479 0 0.1122081428766251 2.033484026789665 5.024631194770336 3.188208371400833 131.6811410337687 14.15500031411648 24.09228133410215 6.360506981611252 29.91674602776766 1.003441378474236 0.9523574709892273 0.8130102753639221
1224.071460388601 0.5613560527563095 1814.609282046556 13.86523352563381 603.4336079806089 7501.483020715415 4157.279286712408 15012.71211265773 19.28745903074741 3724.649295538664 183.4745975807309 746.342526704073 5.246359281241894 6696.167298182845 292.7038139626384 1.385182648897171 476.8259364590049 28.53593946248293 88.71741493791342 578.9431777745485 147.4538380727172 0.1127626150846481 317.2897483482957 156.397658854723 1.826463855803013 707.7333382368088 179.6639527603984 381.4332004785538 1337.301140107214 908.9251060336828 0.9482872933149338 1801.237695269287 5.804597482085228 703.9105461537838 9.822525560855865 797.1789357513189 159.1226647943258 418.8726796582341 370.0711507201195 1663.215629562736 224.9722165390849 39.26255340129137 51.02306783944368 1.625437214970589 0.6743851527571678 18.16344379633665 15.81568938493729 0 3.658772774040699 147.4301012158394 1.800725534558296 16.51802970468998 22.31918819248676 0.160237193107605 6.572275146842003 0.4076633453369141 3.493679784238338 0 4.208258628845215 1.685516335070133 0 0.09621021896600723 9.96587435901165 3.595016986131668 1.676093608140945 5.781388469040394 217.9834414646029 0 7.218232043087482 37.29115076363087 232.1591743081808 7.375352129340172 36.64072020351887 0 0 0.9004656076431274 1.983310624957085 1.028510347008705 32.32361380010843 12.48583467304707 11.26554251462221 3.749109528958797 8.99367443472147 0 0.4532387405633926 0
2.952714450657368 722.1624761000276 3.936141327023506 1646.565972268581 20.92016398906708 105.7549168244004 191.2719227224588 19.28745903074741 695.1186660006642 74.1553512737155 9.022626586258411 659.4484821408987 65.32927250117064 7.665500536561012 441.5569666922092 25.5272264033556 1.114235259592533 11.06557633727789 3.173796743154526 629.4082409366965 1.835414424538612 3343.573412947357 10.56188544631004 8659.275129780173 307.9030129536986 41.79056711494923 1005.235298737884 946.2404712215066 43.65551088005304 22.67792891710997 14.06029538065195 0.5408924221992493 15.59184309840202 23.81625829637051 2.249479785561562 142.4639181122184 14.36481583118439 54.75090085715055 14.5042754560709 298.2300262823701 3.180169582366943 6.307471998035908 0.5999661833047867 0.4398129731416702 2.543850377202034 2.079570204019547 211.8245234340429 0 4.952999755740166 102.584774941206 1.795994445681572 68.80813390761614 110.2837068140507 0.7658107727766037 60.67039874941111 3.853370487689972 3.12518186122179 0.563442274928093 62.99604976177216 1.157253250479698 0.5187835320830345 0 137.5468180924654 44.99211646616459 40.65961784869432 23.8156236037612 1298.769923627377 1.209717325866222 13.13598449528217 35.72554887831211 688.4173636958003 12.99888664484024 53.84168429672718 1.109217889606953 0 2.115611746907234 3.489686258137226 1.080616965889931 28.97145890444517 1.924483902752399 8.90798556804657 3.898087479174137 39.37685222178698 0.2497642338275909 0 0
100.1642730385065 0 93.61597393453121 1982.372299581766 3.414069652557373 11511.31599400938 7551.292590811849 3724.649295538664 74.1553512737155 44255.23544378579 85.35128479450941 9315.363115355372 2.722076758742332 1742.096332728863 22.00549583882093 1.489679768681526 8.758253894746304 16.74801580607891 27.29738112539053 8823.865358568728 35.07174853980541 0.5011313110589981 29.77932342141867 197.1164965704083 0.7874892055988312 72.07376806437969 94.26052057743073 5010.990187965333 1129.905347928405 17.73948220163584 0.8628482967615128 29.34726533293724 6.715250961482525 483.8181261494756 11.71188405901194 506.7913989275694 39.73631770163774 767.243587359786 181.2477887645364 272.4308561757207 62.99098120629787 1.301825344562531 11.67626146227121 0.2356246411800385 0.293841153383255 1.555838160216808 177.0933639481664 0 7.579867042601109 123.4849223941565 1.165485948324203 81.39208818972111 119.6365773007274 1.462102770805359 62.47769644856453 0 2.665090434253216 0.2117604464292526 0.9352462068200111 0.2514849603176117 0.1310442537069321 0 121.471904873848 1.020243287086487 1.837059319019318 1.140578344464302 214.7160477787256 0 1.328352235257626 6.852417275309563 302.3352005556226 5.563421100378036 5.744859203696251 0.1074176803231239 0.1056464612483978 0.2566741481423378 0.9412213712930679 0.9562874138355255 51.83505070954561 1.72756265848875 4.470343001186848 0.6077633425593376 34.93552399426699 0.1957550346851349 0.1484060883522034 0.1723345965147018
6.45428753644228 86.83860646933317 22.30083525180817 2.610856935381889 21.93268284201622 185.4681733623147 44.99041352421045 183.4745975807309 9.022626586258411 85.35128479450941 9486.009354025126 139.3139260783792 2134.154405280948 237.5133654102683 8.381521604955196 1.759739518165588 320.0541724860668 1748.267492674291 2577.201973378658 88.34990464895964 16.50474697351456 29.44913303107023 19.16966887563467 14.13457614928484 876.1467597261071 3814.980780057609 1301.113003730774 28.43312248587608 575.8752044513822 12.47389308363199 596.924289084971 145.3929342105985 1.58757234364748 4166.570550113916 50.62053027004004 1025.454613514245 6033.175065033138 4429.818696707487 1411.76828777045 125.9910403266549 46.95805617421865 1839.597614616156 46.49458911269903 0 23.51794777065516 1.528001196682453 0.4123023450374603 0 0.8947214633226395 4.078058138489723 0 2.497691467404366 1.210077032446861 196.2277851030231 0.1027933210134506 1136.055035822093 0.3734772279858589 0 0.1702684760093689 0.5101102441549301 4.188069887459278 1.442864708602428 0.7720550894737244 0 5.680308938026428 0.2015337944030762 8.570713639259338 162.2827342376113 77.39590674638748 161.0284259468317 8.745632246136665 0.3290960416197777 1.901148110628128 73.95141309499741 0.1905513256788254 0.4084191918373108 6.331731982529163 20.84988793730736 36.83415129780769 296.9364018142223 52.76324278861284 12.77420141547918 0.2356375828385353 0.6183637380599976 394.1900467202067 0
6.223886251449585 7.256814979016781 5.790886409580708 1250.759847231209 49.63437543064356 5539.107989154756 71.28395803272724 746.342526704073 659.4484821408987 9315.363115355372 139.3139260783792 7702.812555931509 4.622819766402245 638.9001071676612 1053.799422502518 0.2978279888629913 3.809758387506008 25.28522036224604 40.13362246751785 6791.258125960827 0.3600719049572945 20.43798898905516 1.379028491675854 269.215439915657 2.407511956989765 41.08352649211884 23.00919755548239 340.8961408510804 903.9987117573619 3.613722547888756 1.660414628684521 53.76922731846571 0 444.643588155508 3.717911466956139 859.191279090941 28.37205500155687 437.3665554895997 70.38491630554199 2740.476548962295 83.97451519221067 2.476401157677174 3.406025111675262 0 0.3189568817615509 0 158.1536347717047 0 6.512002632021904 27.42929523438215 2.015053875744343 73.72004166990519 111.7297830432653 0.3514189273118973 181.9627312421799 0.3147108554840088 1.263205088675022 2.605677396059036 0.4820741564035416 0 0 0 113.5694646835327 0.4333861768245697 0.3136130422353745 0.9846829026937485 74.18811253458261 0 1.014878153800964 1.441021002829075 101.7381180375814 1.326368801295757 0.5268851518630981 0.2848397791385651 0.274234339594841 0 0.7187846750020981 0.1314002573490143 152.1950168609619 0.1639630496501923 2.36150998622179 0.4296515136957169 178.1770592480898 0.1171203926205635 0 0
0.1196925267577171 656.7279236316681 0.5007231682538986 0 0.424680769443512 5.408087193965912 2.619418054819107 5.246359281241894 65.32927250117064 2.722076758742332 2134.154405280948 4.622819766402245 3229.58758969605 5.044803239405155 2.025434114038944 2.505384542047977 0.6267003566026688 28.32615073770285 16.16685780882835 4.000518850982189 0.5371710807085037 176.607291534543 0.5278833955526352 44.43637435883284 5006.979452870786 821.8252428621054 5605.654642798007 0.7220813930034637 7.261982224881649 0.1173322275280952 1423.503575161099 3.71791484951973 0 437.5101014748216 4.348195105791092 409.9907064810395 3004.18659131974 936.4565550833941 285.4641727656126 21.27443603426218 25.23178000748158 2217.708626613021 57.60415732860565 0 95.59072735905647 1.689775839447975 0 0.125027060508728 0 0 0.5631289556622505 4.188581742346287 0 327.7614385858178 0 3049.165120914578 0.09815402328968048 0 0.2306196838617325 0.6060953736305237 15.71976705640554 4.464272223412991 0 0 13.75285512953997 0.1298533529043198 2.935405820608139 681.709457591176 271.0141344889998 606.201930269599 0.4631835296750069 0.219581164419651 0.1068152561783791 277.4468456804752 0 0 9.314884640276432 6.680218160152435 21.05103146284819 473.5157373994589 41.71992114931345 5.406121991574764 2.342197015881538 0 495.9541813656688 0
4529.328865371644 0.7198917269706726 1956.078487358987 22.21447344869375 2.941307105123997 1603.783846028149 9973.831409424543 6696.167298182845 7.665500536561012 1742.096332728863 237.5133654102683 638.9001071676612 5.044803239405155 10362.4794347547 38.77726071327925 2.072707578539848 645.9011560827494 41.39376997202635 113.5071844607592 423.7559039592743 162.2881051525474 0.789509154856205 501.9938852936029 90.71672237664461 2.527102172374725 600.5495079830289 131.2707679718733 324.1384437903762 4115.45334533602 2290.513064213097 1.386125288903713 104.1651228517294 12.27588295936584 625.907438442111 12.13450412452221 432.7992881163955 158.5210709348321 378.248898036778 213.493563733995 415.9848641380668 74.74653021991253 19.56639528274536 20.72494857758284 0 0.9064309224486351 12.22709798812866 5.393898487091064 0 0.1112068593502045 52.10463106632233 0.7936536371707916 7.167421594262123 8.086744323372841 0.4211623966693878 1.17472779750824 0.1285843849182129 1.063508450984955 0.3453643023967743 4.248822875320911 1.150347389280796 0 0.09908081591129303 3.580142021179199 6.200607977807522 1.125386670231819 3.41774595528841 92.17745121568441 0 6.362452283501625 29.03766667097807 107.6589238792658 3.201074935495853 26.02487707138062 0.3547195717692375 0 0.318217009305954 1.362047098577023 0.6194491982460022 16.28313033282757 7.426699720323086 2.744725853204727 2.305681191384792 2.137342736124992 0 0.3020782768726349 0.1258579343557358
0.3273262232542038 20.98508883267641 0.8716447874903679 179.6666895896196 854.0079959481955 2853.085486620665 19.8486310094595 292.7038139626384 441.5569666922092 22.00549583882093 8.381521604955196 1053.799422502518 2.025434114038944 38.77726071327925 539.1135064959526 0.3074551075696945 0.1094095259904861 1.219878658652306 1.299070656299591 55.25287670642138 0 58.16324659436941 0.1522977650165558 870.6283890679479 6.441445022821426 2.481603816151619 33.2487168610096 62.89188355207443 48.05747256428003 0 0.4045896232128143 213.7474430575967 0.9866495281457901 40.15079490840435 0 235.9367359653115 1.027772016823292 20.67043032497168 7.635586105287075 1394.470874495804 111.7677518427372 0 0.2910471558570862 0 0 0 3.259256526827812 0 0 3.763260528445244 0 0.98260697722435 5.786118388175964 0 6.833743616938591 0.2852419391274452 0 0 0.8497770726680756 0 0 0 4.25984326004982 1.780587792396545 0.6456934213638306 1.28305871784687 1.668073654174805 0 0.4550747498869896 0.1118264496326447 9.06906371563673 0 0.5176955908536911 0 0 0 0 0 24.78513039648533 0 0 0.1441933065652847 19.33165699243546 0 0 0
0.474599227309227 277.1135193631053 7.637776367366314 0.1530909687280655 0 0.7328309118747711 10.32581038028002 1.385182648897171 25.5272264033556 1.489679768681526 1.759739518165588 0.2978279888629913 2.505384542047977 2.072707578539848 0.3074551075696945 3587.228525936604 5.031611867249012 0.3869945853948593 0.4038490802049637 0.3871143311262131 2672.479899428785 1709.768986999989 4443.276204928756 2465.835782960057 4.880012944340706 19.07664996385574 5216.601338170469 574.2843918502331 2.938287958502769 56.67883682996035 0.9361068680882454 0 1.095373243093491 34.20995572954416 28.05105275660753 975.0797928273678 577.0923066809773 262.4621011614799 213.8443264812231 46.04805452376604 0.7249049544334412 1.76452824473381 6.175627462565899 1.066296920180321 4.01139447838068 45.59492512047291 1.253796130418777 0 0.3359874114394188 14.35029085725546 0.9626246616244316 6.876882411539555 0.7007193118333817 1.728319376707077 0 0.522423654794693 2.292127430438995 0 2642.087174639106 2.714985601603985 0.1194243580102921 0.2629328221082687 0.6462560445070267 779.4704008623958 836.3555064201355 3087.399450391531 181.171875230968 0.4047940224409103 6.841079965233803 831.6600241884589 175.0029840990901 6.291072241961956 51.90911866724491 0.379665270447731 0.0849543958902359 1.847314760088921 2.341370813548565 2.434518694877625 250.4836679175496 72.41178890317678 15.07213374227285 8.474672295153141 0.9570096433162689 0 0 0
393.086068443954 4.266514405608177 7539.514762684703 1.436826303601265 0 15.45305210351944 45.97057045996189 476.8259364590049 1.114235259592533 8.758253894746304 320.0541724860668 3.809758387506008 0.6267003566026688 645.9011560827494 0.1094095259904861 5.031611867249012 973.9557662159204 236.838680267334 1725.840195812285 2.561726309359074 528.2860494852066 11.55175355821848 2723.302926331758 53.61189588904381 2.355417504906654 2172.065282225609 3701.646242164075 62.78932172805071 1200.681793801486 683.5043632984161 0 1.727043308317661 84.94661728292704 2811.302414789796 9.542652145028114 1000.797527678311 4254.432746700943 1676.369416259229 170.8763292729855 39.61766839772463 2.679178819060326 6.988752782344818 4.966165997087955 0.1240511909127235 10.48179011046886 89.16688964515924 0.1466196477413177 0 0.118546649813652 2.645342588424683 0.6303238123655319 0.5403161197900772 0 0.7517872974276543 0 1.513842083513737 2.076468288898468 0 4.015710666775703 21.47224149852991 1.390540294349194 5.206921778619289 0.9588635265827179 4.953939840197563 2.04043160378933 6.735823631286621 6.370868556201458 0.4633043855428696 146.9115818217397 303.632342800498 8.92592615634203 1.023481890559196 4.319725193083286 0.1205082312226295 0 0.145332083106041 1.954630360007286 0.8706340938806534 18.36965090036392 183.8413680195808 11.12162501364946 1.922829389572144 0 0 0 0
3.935017220675945 26.90213984251022 28.78140760213137 0.8061366230249405 1.068011909723282 27.94814236462116 9.980647556483746 28.53593946248293 11.06557633727789 16.74801580607891 1748.267492674291 25.28522036224604 28.32615073770285 41.39376997202635 1.219878658652306 0.3869945853948593 236.838680267334 82.1901181563735 1055.189287647605 17.4585273116827 6.281277753412724 19.81515482068062 7.261529818177223 10.7346450984478 20.47813261300325 3585.315434776247 521.7405263185501 11.07984353601933 67.2490560784936 2.515530169010162 60.23277682811022 7.838836781680584 0.8473697006702423 735.5840546861291 18.53953848779202 662.4244848117232 2192.878331571817 1513.488898403943 619.0247607752681 30.00113019347191 3.372624926269054 63.39562108367682 4.634044408798218 0.1137517541646957 12.22648714482784 0.74278424680233 0 0 0 0.8244978487491608 0 0.6471388041973114 0 11.61589453369379 0.08927015960216522 304.0449165180326 0.09490440785884857 0 0.2342939078807831 0.2292029112577438 12.62302613258362 1.796369567513466 0 0.4421180337667465 0.9754418134689331 0.2370359152555466 1.668941773474216 31.18043663352728 276.0759605467319 458.1752427592874 0.7433471381664276 0 0 69.84412722289562 0.1235482543706894 0 1.499992802739143 4.927007064223289 11.10926857590675 62.83296846598387 4.87710352241993 2.199756450951099 0.1378503143787384 0 2.308571964502335 0
31.01698729395866 7.266068838536739 342.8058146461844 1.045214541256428 2.329549521207809 44.76584545522928 17.68875658512115 88.71741493791342 3.173796743154526 27.29738112539053 2577.201973378658 40.13362246751785 16.16685780882835 113.5071844607592 1.299070656299591 0.4038490802049637 1725.840195812285 1055.189287647605 1425.758858285844 26.14597415179014 32.29438561201096 4.718242935836315 127.276686668396 7.316191330552101 3.195927977561951 4111.908822998405 618.6336838155985 14.29677584022284 186.1886134445667 25.77861402928829 3.1992327272892 8.72506008297205 6.040150053799152 2939.888985112309 15.57895719259977 1493.401553690434 2071.271836094558 3323.664102308452 654.5302012562752 59.92375434935093 3.058179460465908 17.86756065487862 4.916980907320976 0 12.64420713484287 2.042877584695816 0.0911577120423317 0 0 0.9559333398938179 0 0.4742963388562202 0 1.61662869155407 0.08810155838727951 31.87234880775213 0 0 0.8265644311904907 4.216142855584621 3.862645857036114 11.45563758909702 0.7048301100730896 0.1463228911161423 0.702890120446682 0 1.814793467521667 6.993254661560059 283.3901552855968 354.9252583757043 2.488718755543232 0 1.009859099984169 10.82723443210125 0 0 0.9205103367567062 5.120889648795128 13.65835627168417 81.30318716913462 6.824140697717667 0.9407788217067719 0 0 0 0
38.62914452701807 0.3206901177763939 13.17176230996847 8133.13524453342 3.421606309711933 615.8902275413275 329.0228601396084 578.9431777745485 629.4082409366965 8823.865358568728 88.34990464895964 6791.258125960827 4.000518850982189 423.7559039592743 55.25287670642138 0.3871143311262131 2.561726309359074 17.4585273116827 26.14597415179014 741.0839593932033 2.641325518488884 1.026485905051231 6.101264961063862 623.1288708001375 0.5473628118634224 27.64954513311386 20.54350749403238 2912.715483799577 945.2780784144998 4.903977014124393 0.5207707434892654 29.62976832687855 1.542990908026695 498.7763797789812 16.94715076684952 850.7224580347538 42.36992366611958 864.9440409317613 219.5385944619775 667.5551279038191 84.61771399527788 2.956238821148872 25.01300825178623 0.1458743512630463 0.6288420930504799 0.3091328740119934 483.4459119662642 0 29.90112889558077 542.7145746052265 12.76872064173222 338.2201766818762 474.2899150103331 1.517975702881813 179.7461540922523 0.5850085616111755 7.949782907962799 4.005475349724293 3.28804225474596 0 0.214297890663147 0 465.739422634244 4.847562864422798 3.06113563477993 2.461130484938622 784.5283395573497 0.5998255163431168 2.232228398323059 15.34666594862938 1103.950050599873 16.3349791765213 7.67750509083271 0 0.2204890847206116 2.080135598778725 6.345208533108234 0.9715505987405777 299.6186766549945 0.83970807492733 18.24753814190626 7.046012602746487 203.048735909164 0.2004741579294205 0 0.2654225826263428
39.94311904162169 7.228221602737904 299.5407345667481 1.838009588420391 0 34.6065376624465 687.6396934315562 147.4538380727172 1.835414424538612 35.07174853980541 16.50474697351456 0.3600719049572945 0.5371710807085037 162.2881051525474 0 2672.479899428785 528.2860494852066 6.281277753412724 32.29438561201096 2.641325518488884 15906.68691340089 106.574629843235 15996.82224813849 577.9077864438295 2.608979679644108 45.5469014570117 793.6166807189584 6315.972279861569 107.6849955990911 6956.050423108041 0.1019914522767067 0.414062611758709 22.36852437257767 1967.476999059319 225.8226280882955 8820.43244984746 2499.805540837348 7035.204386666417 3243.555559694767 439.6467270478606 9.4684157371521 2.466644152998924 51.98017960786819 1.453443631529808 0.2907573282718658 17.16908677667379 0 0 0.1342805624008179 11.25520237535238 0.2838988900184631 1.24635536968708 0.5779279768466949 0 0 0 1.554260805249214 0 732.0527894571424 1.658475205302238 0.08600202202796936 0.1243526861071587 1.105946838855743 899.5384013652802 73.28232112526894 884.246982678771 110.4750900566578 0.09903713315725327 2.365015655755997 59.18358416855335 180.9397839978337 6.273233607411385 81.2581840083003 0 0 0.6406811028718948 1.454400628805161 19.75596359372139 454.8937322050333 32.59126881510019 5.86963152140379 1.993168331682682 3.545371562242508 0 0 0
0 2537.776144370437 17.03806225210428 1.074305206537247 0.7907806038856506 0.9071669057011604 1.299576513469219 0.1127626150846481 3343.573412947357 0.5011313110589981 29.44913303107023 20.43798898905516 176.607291534543 0.789509154856205 58.16324659436941 1709.768986999989 11.55175355821848 19.81515482068062 4.718242935836315 1.026485905051231 106.574629843235 1886.478939682245 124.5350838378072 6423.515442833304 1027.321986660361 94.62637804448605 5507.439520828426 68.01525295525789 3.299008756875992 9.550605252385139 34.77650222182274 0.08376769721508026 2.336564689874649 13.42037576436996 0 38.46475878357887 31.01123817265034 35.41575753688812 5.901206269860268 142.6479470655322 0.3487116098403931 29.71864956617355 0 0.4406337589025497 5.594926878809929 74.99417700618505 5.877128377556801 0 0.1654821038246155 5.417142525315285 0.5122072845697403 9.599095024168491 1.049191609025002 1.019558250904083 0.53246009349823 8.767260789871216 0.3564547151327133 0.1805215179920197 1355.124684520066 1.613408878445625 0.60927764326334 0 0.1707800626754761 233.2958852276206 182.2602551430464 601.4473488777876 183.6233996972442 1.951295778155327 31.34434477239847 1157.906433016062 115.3834484219551 4.433653749525547 12.05132116377354 2.204998895525932 0 0 0.594336174428463 0.7487329840660095 9.429949894547462 11.75925204902887 5.970048755407333 3.225267224013805 1.082296907901764 0 0.6227728873491287 0
243.9068851843476 2.433382950723171 9797.835237130523 4.776347100734711 0.2285242527723312 28.36832784861326 693.2675443738699 317.2897483482957 10.56188544631004 29.77932342141867 19.16966887563467 1.379028491675854 0.5278833955526352 501.9938852936029 0.1522977650165558 4443.276204928756 2723.302926331758 7.261529818177223 127.276686668396 6.101264961063862 15996.82224813849 124.5350838378072 17290.65870647132 912.113441824913 0.799828864634037 843.4666048437357 9021.757524162531 3709.163026548922 383.3335646241903 5933.473094664514 0.1155233830213547 1.041457280516624 43.13782548159361 2848.703618787229 336.1539745852351 13760.47272738069 12309.41023033857 9596.263176195323 5621.314807660878 682.4725081920624 11.11092438548803 13.03816488385201 64.44002844393253 0.114382192492485 1.751714900135994 219.402801848948 0.8465544059872627 0 0.908707469701767 29.32881201803684 1.159381970763206 4.678171530365944 1.858597315847874 0 1.729144781827927 0.1030014455318451 1.935844272375107 0.3613364696502686 1930.687519535422 2.017273649573326 0.1282253265380859 0.170854315161705 1.029745370149612 286.5573059394956 263.6236118078232 2799.436321437359 75.8820643350482 0 6.020799413323402 1443.840644396842 91.35522628575563 4.146611735224724 20.13515578210354 0 0 0.4947295412421227 0.8824310824275017 58.68702605366707 289.7781486287713 263.8730782642961 10.22344984859228 6.873541787266731 1.271403416991234 0 0 0
23.24393013864756 858.395444393158 157.5978694781661 1815.648568838835 8.613073326647282 73.19582293182611 1508.952035926282 156.397658854723 8659.275129780173 197.1164965704083 14.13457614928484 269.215439915657 44.43637435883284 90.71672237664461 870.6283890679479 2465.835782960057 53.61189588904381 10.7346450984478 7.316191330552101 623.1288708001375 577.9077864438295 6423.515442833304 912.113441824913 13590.08894392103 208.8163458481431 333.274244196713 6433.429118253291 7642.07508572191 447.9335590228438 320.6780510097742 8.381879709661007 3.253310009837151 102.4181644767523 329.5104643553495 43.50583096593618 1726.979311093688 178.186675325036 801.0019076913595 256.0996876358986 809.4094492420554 14.20415439456701 8.190055340528488 15.69578178972006 24.2199591845274 9.97711443156004 63.94587405771017 394.4005351886153 0.2460762709379196 25.22108795493841 1047.693779066205 25.767254114151 1296.060203500092 347.9903441444039 6.271600216627121 85.10807269066572 4.062492355704308 39.02902636677027 3.681899972259998 726.9147420451045 7.976810842752457 0.9390947669744492 2.529410637915134 281.7416490092874 871.3917939513922 390.5004827901721 369.3362534344196 4669.23840329051 2.497807942330837 27.6437216848135 306.4630660414696 4170.47915353626 146.5202106386423 962.0929111689329 1.856595851480961 2.705010615289211 14.13900149613619 23.6531788110733 7.255336113274097 435.0688255727291 28.44528963416815 86.09812280535698 35.12980950623751 168.939552038908 3.87313786149025 0.2934607863426208 0.6625896766781807
0 1774.705342002213 0.8915128484368324 0 0.6746555715799332 3.061859741806984 0.3695477172732353 1.826463855803013 307.9030129536986 0.7874892055988312 876.1467597261071 2.407511956989765 5006.979452870786 2.527102172374725 6.441445022821426 4.880012944340706 2.355417504906654 20.47813261300325 3.195927977561951 0.5473628118634224 2.608979679644108 1027.321986660361 0.799828864634037 208.8163458481431 444.5278590917587 260.8825720101595 2163.443296693265 1.679096318781376 1.439162984490395 0.1454455554485321 475.7640525847673 3.855755716562271 0 120.4116067960858 3.6639773696661 94.40048165619373 340.7797646149993 419.8999830782413 134.7324925288558 22.79304718226194 25.75469309091568 624.9096979051828 27.30993020534515 0 149.0473736226559 0.4376925602555275 0.9953229874372482 0 0 0.2307440415024757 0 0.9340567663311958 0 111.1621568202972 0 437.9283101931214 0.1428090333938599 0 0 0 2.870070546865463 1.424113400280476 0 0.4257613718509674 1.683411553502083 0.2873532772064209 1.179232411086559 109.1771011427045 224.4477926194668 493.4974779486656 0.9498361349105835 0.2284624129533768 0 24.46452731639147 0 0 6.631792619824409 2.676315128803253 28.07126912474632 86.12930484861135 56.95874929428101 3.603300109505653 0 0 80.27761022746563 0
141.2570744156837 217.3357988148928 6901.707935318351 16.80507604777813 1.806833930313587 113.3802583292127 349.14883569628 707.7333382368088 41.79056711494923 72.07376806437969 3814.980780057609 41.08352649211884 821.8252428621054 600.5495079830289 2.481603816151619 19.07664996385574 2172.065282225609 3585.315434776247 4111.908822998405 27.64954513311386 45.5469014570117 94.62637804448605 843.4666048437357 333.274244196713 260.8825720101595 25558.18054804206 11896.91946706921 298.6024099066854 378.9498211666942 228.8312396109104 305.9017091393471 13.78020725399256 13.20213928818703 1643.320962972939 51.27911528199911 4143.63259433955 11457.34427800775 4704.785180941224 1115.41397754848 138.1219784468412 6.610586531460285 208.3937475159764 13.3565733730793 1.534041658043861 334.004818469286 229.7442124933004 0.5531988069415092 0 0.2278200089931488 14.53070854395628 3.248065859079361 6.169735312461853 2.024069532752037 63.86941005289555 0.2172189578413963 1625.22406771034 3.475191727280617 0.2693091332912445 5.347155429422855 131.4959867224097 62.3161042034626 102.9333093613386 0.5184773802757263 4.15345137566328 23.24013303220272 11.62832292169333 27.99512268602848 253.3470320776105 3333.901862896979 5679.388525888324 19.25193807482719 2.35397832095623 7.760587871074677 282.0758789032698 0.3413319662213326 0.4635030627250671 26.25977939367294 18.95011865347624 136.0489844605327 1154.082482174039 132.275134883821 20.40311966836452 1.387821957468987 0 9.56887824088335 0
24.82788196951151 5053.281431935728 4419.730283789337 23.7378173917532 1.957855969667435 82.88104679435492 935.2662811353803 179.6639527603984 1005.235298737884 94.26052057743073 1301.113003730774 23.00919755548239 5605.654642798007 131.2707679718733 33.2487168610096 5216.601338170469 3701.646242164075 521.7405263185501 618.6336838155985 20.54350749403238 793.6166807189584 5507.439520828426 9021.757524162531 6433.429118253291 2163.443296693265 11896.91946706921 28755.14361471683 1833.2869598791 110.5330828875303 170.3266909718513 255.0777377709746 3.44275926053524 7.147343508899212 2933.053083054721 128.0725631788373 8208.078299112618 6137.797386944294 7793.598067253828 1398.995790243149 346.8733933195472 6.221008129417896 61.00465600937605 26.62785765528679 4.814934879541397 2428.029326625168 4306.231868110597 8.350256867706776 0.1250181496143341 4.798175193369389 115.2252950742841 22.61851490288973 35.5739578679204 10.11568409204483 62.66167241334915 1.583770945668221 1273.819855310023 29.53605338931084 0.6554711759090424 1367.306356236339 263.0947287604213 72.81596466898918 136.6347260996699 5.18356004357338 57.56125313043594 1623.531390883029 1646.113837361336 299.6507856398821 493.3630159273744 5339.75906406343 23025.63205637038 258.3737413212657 13.77006949484348 62.98659573495388 303.8308520242572 0.3362164199352264 1.126319721341133 57.20643427968025 40.89074628055096 411.7279778197408 2276.600932918489 338.179065130651 73.4588453322649 8.014817006886005 1.391531094908714 9.726642765104771 0.7734659612178802
103.089822627604 7.346540421247482 1099.040739014745 2505.258315548301 2.060751765966415 555.230905264616 17829.66712598503 381.4332004785538 946.2404712215066 5010.990187965333 28.43312248587608 340.8961408510804 0.7220813930034637 324.1384437903762 62.89188355207443 574.2843918502331 62.78932172805071 11.07984353601933 14.29677584022284 2912.715483799577 6315.972279861569 68.01525295525789 3709.163026548922 7642.07508572191 1.679096318781376 298.6024099066854 1833.2869598791 24262.54465010762 1316.314075611532 10935.33511411399 0.3768502846360207 10.25287845730782 305.1175237968564 1488.328181251884 118.8336738198996 4364.10055463016 344.7930124029517 2877.829848133028 836.2788123935461 489.2626187428832 58.71198657155037 8.607727780938148 44.30376623570919 35.62957734614611 1.587289705872536 31.29109714925289 466.1755602285266 0.146038293838501 31.73775739967823 1191.024297341704 31.85516390949488 676.2588586807251 418.8726351931691 7.941202402114868 127.3758722096682 2.051467217504978 53.18619951605797 4.410301208496094 270.700040884316 7.31063898652792 0.8424607366323471 2.382305778563023 393.2623349875212 491.7351634204388 95.90566916763783 159.4102137461305 2895.516720309854 0.5628165900707245 9.893767274916172 123.2587007060647 3436.801971979439 181.13423833251 1357.558025829494 0.3138283714652061 2.429474517703056 14.09567772597075 17.92839747667313 7.952334761619568 518.0984444618225 11.82029967010021 71.3198794350028 31.76740131527185 192.2465148419142 2.807398840785027 0.6252533346414566 2.660339832305908
