619.1926574185491 0.9647823348641396 130.8408031985164 5.970686562359333 2.939434409141541 17.28480435907841 1649.280365668237 423.1370543017983 6.968466266989708 30.59099182486534 5.264975436031818 1.637064896523952 5.644542440772057 3160.133270360529 0.1219690442085266 1.315524235367775 92.10324894636869 4.405018232762814 16.73881689086556 22.01920706033707 100.9865513071418 2.748061992228031 333.6431776434183 49.11984318494797 0.4940000772476196 12.83556854724884 39.22899010777473 79.02529252320528 1852.318267963827 2181.871821053326 0.6777733713388443 13.32150452584028 8.055141665041447 179.2243157476187 6.281005516648293 42.22511138767004 1.875288292765617 284.8030049800873 70.13240540772676 2.60013885051012 2.164971970021725 0.4932165741920471 0.1293252557516098 0.4033841788768768 0 0 1.404537856578827 0 0 0.7725070416927338 1.470967352390289 2.084117487072945 0.206288605928421 0 0.6122420430183411 0 0.515670120716095 0 2.761078834533691 0 0 0 0 0 1.341732144355774 0 11.55334828794003 0 0.08193045854568481 1.505463913083076 2.895880520343781 0.4724668264389038 0 0 0 0 0 0.1245782077312469 2.075789034366608 1.599550604820251 1.60689502954483 0 0.9575971961021423 0 0 0
0.9647823348641396 223.8053587973118 22.85757812857628 5.003818392753601 0.8180893883109093 3.698895186185837 33.43493436276913 13.12447457760572 968.9446617141366 4.928179427981377 172.2625691145658 20.41467168927193 663.2041966915131 18.10987390577793 9.589650511741638 243.0884525254369 57.06283460557461 14.2895075827837 60.8626639470458 3.058647364377975 38.90195219218731 1912.623044267297 45.8496570289135 299.3542674258351 1588.618453472853 175.2280355393887 4148.333778373897 41.70006004720926 14.45793217420578 3.757559768855572 6.749337956309319 1.512972682714462 1.37837340682745 54.96904078125954 7.300913527607918 275.2589149922132 87.44649245589972 166.5924299284816 47.25142802298069 51.73102158308029 2.831562265753746 87.97380763292313 0.3299640268087387 0.5372514054179192 375.5135099887848 131.8648670986295 2.118353068828583 0 2.501793742179871 11.45496545732021 1.085447274148464 571.0667719990015 2.700414337217808 1.527002796530724 40.32745949178934 48.56195754557848 3.158399544656277 45.9506901204586 203.700138643384 12.94068190455437 11.74349297583103 86.39154837280512 0 0.3710316121578217 176.6427287608385 8.56705366820097 114.2571037262678 206.1068576723337 312.9350618869066 2483.343862399459 24.05610979348421 2.540294580161572 0.313133142888546 1.283804014325142 0 0 21.4444674924016 0.2915317416191101 66.09489531069994 54.11366204172373 113.0287286117673 41.43232810497284 85.15326803922653 0 8.46528035402298 0.2143730521202087
130.8408031985164 22.85757812857628 2651.17872389406 0.5887202024459839 0.2053387239575386 7.085498444736004 291.3457476459444 65.45020100474358 0.4732967615127563 1.782295614480972 3.951374806463718 0.719835139811039 8.439016401767731 238.9690330922604 0 1.291471228003502 4967.896221291274 42.82939825952053 267.0823807567358 0.4290814474225044 414.4301676601171 3.705686919391155 10514.62599457055 14.31810849905014 5.951033875346184 3930.794340252876 5457.04583517462 229.8655420318246 90.50838924199343 581.6076048091054 0.4479465410113335 2.664590932428837 1.758959755301476 457.7550515756011 21.78240559250116 302.4217454865575 15.28990823030472 758.3527829498053 427.3313376531005 15.11094190180302 1.92018686234951 1.071630716323853 0.3988389894366264 0 63.17277830839157 7.726929247379303 0 0 0 0 0 6.984704613685608 0 0 0 2.1249098777771 0 0 0.5009360909461975 17.20392769575119 0 28.40776669979095 0 0 2.198890715837479 0 4.170538038015366 12.84042716026306 147.7323242127895 769.6114099919796 0.2235997468233109 0.1323758214712143 0 0 0 0 5.556877613067627 5.011845096945763 29.64664327353239 16.68989673256874 40.11040829122066 19.22705797851086 0 0 0 0
5.970686562359333 5.003818392753601 0.5887202024459839 1782.29610619694 0.8138303011655807 45.66927272826433 376.8929187357426 75.98334239423275 954.5455020368099 3213.216571629047 5.408438190817833 571.4008373692632 19.22315836697817 132.7793134972453 5.328535452485085 26.14271154254675 0.3073518574237823 0 0.08241363614797592 1914.530042387545 3.057791337370872 57.65110012888908 2.705088123679161 1591.923126704991 0.4969396963715553 2.1867560967803 32.01365587860346 1756.929591469467 116.2571097165346 8.256599046289921 0.2877812385559082 4.293551675975323 16.69894506037235 52.27024577558041 34.00298144668341 251.4512404128909 6.697570472955704 120.9422902092338 50.83494297415018 143.5545421987772 13.10417815297842 0.4352086931467056 2.776352360844612 3.617545440793037 0 0.4723905622959137 93.42762495577335 0 3.948686748743057 96.28240971267223 20.8983356282115 4.58995646238327 76.80182398855686 0 27.50877165794373 0.09488102048635483 11.61080960929394 0 4.720859289169312 0 0 0 91.86973178386688 0 10.55084432661533 3.068393468856812 168.2931079119444 0 0.7160857692360878 2.829879283905029 198.9945098608732 7.20097853243351 0 0 0.2550708651542664 0.6334771513938904 5.300314694643021 3.211002498865128 14.33475290238857 0 13.08369702100754 5.451523408293724 1.106817007064819 0.9101057052612305 0 2.396425038576126
2.939434409141541 0.8180893883109093 0.2053387239575386 0.8138303011655807 115.5170033723116 500.3715908527374 6.080522373318672 46.66381212323904 18.66227231919765 30.7984497398138 125.4206797257066 30.92277882993221 366.8475109636784 45.52152525633574 1860.710528150201 0 0.7903081774711609 4.143869340419769 4.954097934067249 10.95318532735109 0.4357525631785393 0.7975805774331093 0.5820479393005371 16.5867857336998 2.085204005241394 34.84969209134579 23.28929821401834 6.981909386813641 82.34607453644276 1.743900127708912 6.701182685792446 29.1970439478755 0 680.2871013432741 0 138.7563412338495 9.144478365778923 577.7566804140806 66.01298531889915 2677.475194469094 203.1121755987406 19.7560983300209 0.1851087361574173 0 0 0 0 0 0 1.486516147851944 0 57.26801541447639 0 0 0 0.09900066256523132 0 0 0 0 0 0 0 0 0 0 2.616723328828812 0 0 0 0 0 0 0 0 0 0 0 0 0 0.8669797629117966 0 0 0 0 0
17.28480435907841 3.698895186185837 7.085498444736004 45.66927272826433 500.3715908527374 3548.607437409461 636.4767640903592 10930.32748813182 183.3742061257362 3446.775090113282 333.3671772032976 5159.703683525324 293.4266536980867 941.0779732465744 269.8137665838003 2.781382501125336 4.451545096933842 8.03186160326004 15.38727682083845 214.5764553397894 4.339667871594429 12.26663414388895 6.116863243281841 181.2516356185079 5.97006081789732 170.5314318314195 135.7110264226794 265.1989012211561 228.66424036026 10.71647481620312 28.36180095374584 246.9321046769619 0.9814976453781128 464.67992336303 89.73261003196239 364.9551301300526 28.96187252551317 755.9391239732504 41.17814265191555 1643.896459184587 43.8349242657423 39.12481684237719 1.754443772137165 0 0.1496579647064209 0 5.097897127270699 0 0 12.50195688009262 2.681542709469795 1.220281153917313 3.152452558279037 0 4.6120840087533 1.243465550243855 1.879651799798012 0 2.20287498831749 0 0.1292509287595749 0 3.549068808555603 0 0.3526542186737061 0 71.08328138291836 0.1568031013011932 0.5959840416908264 6.372050754725933 24.83299393951893 0.8350400924682617 0.96756511926651 0.1102400422096252 0 1.08241856098175 0.3198342770338058 1.368327513337135 10.95332455635071 0.2104774564504623 6.599374651908875 1.64098184555769 3.191713213920593 0 0 0
1649.280365668237 33.43493436276913 291.3457476459444 376.8929187357426 6.080522373318672 636.4767640903592 7107.056637786329 1805.280842624605 167.8176436722279 4602.555956482887 7.031488865613937 58.34305131435394 35.94382584840059 5380.150051385164 4.491660706698895 162.4874469041824 35.53815531730652 1.878511138260365 6.739420086145401 294.1316629648209 866.8075196743011 118.1763376817107 558.5466605573893 2453.155492581427 5.639737069606781 13.24250737577677 433.716984745115 16401.73501759768 1010.674453541636 4631.658438354731 1.40500208735466 8.227221235632896 70.24791742861271 236.4349182993174 35.10845612734556 620.8854521289468 24.31688921153545 555.7363762483001 224.3719185367227 42.15449830144644 33.95167168974876 2.835660621523857 8.63499803096056 5.623990841209888 1.899325773119926 0.7452270984649658 28.83879555761814 0 1.932579554617405 76.85730014741421 18.41181521117687 20.30600073933601 39.87958467751741 0.135251447558403 5.591954603791237 0 22.61696553230286 1.158000111579895 80.67653369903564 0.1219637542963028 0 0 22.85505831241608 0 37.2233360260725 6.347229808568954 378.6596060246229 0 1.101636745035648 77.62278213351965 144.1841291636229 13.97131954878569 2.783498883247375 0 0 0.3490407168865204 2.52641960978508 5.229150272905827 44.7680793851614 0 19.66834406554699 13.72990389913321 5.623598098754883 1.569939732551575 0.1176779493689537 0.8749126195907593
423.1370543017983 13.12447457760572 65.45020100474358 75.98334239423275 46.66381212323904 10930.32748813182 1805.280842624605 7545.00552354008 67.43671563267708 1058.710281305015 346.0009447187185 1037.746249720454 154.5681240037084 5133.620823785663 30.81498967856169 11.21564131975174 44.02417629212141 13.40521170198917 42.10312554985285 330.9662803411484 72.89467905461788 44.84883148223162 118.2314107641578 507.0229054018855 4.72688914090395 325.739563561976 373.0214682146907 467.8745301961899 1039.288984775543 264.4063977152109 41.44435063749552 762.4669647142291 8.240160219371319 1305.74103474617 15.69869285821915 208.1058373525739 30.3891926035285 1461.467022527009 50.54115533083677 502.9061588421464 43.79987949132919 17.24682552367449 1.048446640372276 1.738130249083042 0 0 7.495275981724262 0 0.5098699331283569 16.57820747047663 5.299963884055614 10.09348899126053 6.145488508045673 0.258540004491806 1.875683024525642 1.347069188952446 3.862393334507942 0 14.8706328868866 0.8544234409928322 0.1156807243824005 0 6.743319094181061 0.5631587505340576 10.42233440279961 6.079135060310364 124.6277460977435 0.829548142850399 1.447004735469818 16.19685453176498 38.04742603749037 4.747902318835258 3.598440133035183 0.1834605410695076 0 0.6842949837446213 2.750939473509789 0.6712633371353149 17.21722858399153 0.08394388854503632 12.99670615047216 3.721623688936234 1.440593630075455 0.8236216530203819 0 0
6.968466266989708 968.9446617141366 0.4732967615127563 954.5455020368099 18.66227231919765 183.3742061257362 167.8176436722279 67.43671563267708 615.2704572677612 81.80664703994989 24.10289251804352 237.2553609311581 76.4534035474062 72.20760054141283 306.1509191691875 110.5413973331451 3.361271038651466 7.586166739463806 38.81265760958195 919.5016459077597 7.622564747929573 2537.872604623437 3.33245225250721 5150.291118822992 153.3490413576365 60.54186360538006 1003.793802320957 562.0866978392005 79.15753240138292 20.35732234269381 0.9687775075435638 1.267968460917473 10.38736554980278 38.0858107432723 19.55121267586946 427.0171571969986 27.78499723225832 120.763234294951 47.9455077201128 388.3026140034199 11.96667857468128 5.521596536040306 4.212599664926529 0 43.47224660217762 0 60.63484370708466 0 1.10514110326767 31.44881527125835 5.614336706697941 23.47397649288177 17.90814009308815 0 24.6994856595993 0.1532640159130096 3.990872800350189 0 26.72777709364891 0.07845063507556915 0.1468612104654312 1.047667518258095 71.6140673160553 0 177.8572955578566 0 127.1047676801682 5.428598880767822 1.627807483077049 21.04865069687366 33.92321543395519 2.42467212677002 0 0 0 0.6923995614051819 0.7709194496273994 0.5712494477629662 8.093664541840553 0 2.71395068615675 0.5281553864479065 0 0 0 1.909186959266663
30.59099182486534 4.928179427981377 1.782295614480972 3213.216571629047 30.7984497398138 3446.775090113282 4602.555956482887 1058.710281305015 81.80664703994989 15661.98372712731 67.89891770109534 1808.638964749873 105.3650124892592 1262.775423005223 3.618881791830063 5.580944642424583 0.9600285515189171 19.26809969544411 9.175570175051689 3616.971319057047 2.049894876778126 28.96869377791882 1.931969426572323 1216.0532059744 1.411986447870731 62.76741854846478 56.77756635844707 6780.715995930135 845.773009955883 3.697806965559721 11.69109576195478 61.08693166077137 11.32418145984411 383.4608504101634 34.05770282447338 729.4350990056992 21.84459511190653 894.1992582120001 142.0197060257196 76.29189446568489 94.87619189172983 9.403500713407993 14.10609182715416 0.6535923480987549 2.227834075689316 0 38.29145129024982 0 2.303941801190376 72.37955196201801 21.48641914129257 5.48090597987175 40.80024536699057 0 22.38656334578991 0 9.526066772639751 0.1591428369283676 3.32402840256691 0.7289139032363892 0.4363698437809944 0 18.64171361923218 0 10.29296860098839 2.035504192113876 210.2584318518639 0 0.9889304712414742 4.247158989310265 147.7092503979802 8.667546145617962 0.6470158696174622 0.08707338571548462 0 0.6125668436288834 5.430992998182774 3.647402465343475 25.04942423850298 0.1899342834949493 20.61012799292803 4.641709804534912 6.372494593262672 0.5085019469261169 0.2968791723251343 0
5.264975436031818 172.2625691145658 3.951374806463718 5.408438190817833 125.4206797257066 333.3671772032976 7.031488865613937 346.0009447187185 24.10289251804352 67.89891770109534 6190.47812795639 64.97071447968483 3795.461824826896 73.87431597709656 2.590070724487305 5.115029573440552 9.032503247261047 1660.435441784561 414.1767501160502 20.56374031305313 20.56461555510759 33.35767506062984 10.43235675245523 21.85344583541155 727.9058986082673 4235.798081800342 1435.615928962827 15.7154124006629 134.2445690706372 27.17167767137289 581.1877362728119 204.8062821477652 4.894391074776649 3999.708614043891 2.061461575329304 227.6991069242358 2069.011060647666 1550.496894516051 319.7284452915192 20.78900418430567 32.40995376557112 443.9004108309746 0.1425719112157822 0 6.701042950153351 0 0 0 0.07029956579208374 0.09544581919908524 0.7412786781787872 0.6653878092765808 0.1123368740081787 124.4100846275687 2.250088021159172 364.5779571086168 0.6116027683019638 0.2827912867069244 2.22417163848877 0 13.66221234202385 3.675679787993431 0.1279040277004242 0 0 0 5.210841730237007 19.51157125085592 121.2192622199655 198.6208273023367 1.966874539852142 0.9358180090785027 0.1161124110221863 81.70801154524088 0.2157387435436249 0 4.682605363428593 0 3.135549433529377 26.43464267253876 26.26772260665894 1.271163657307625 0 0.1575147211551666 22.90835642814636 0
1.637064896523952 20.41467168927193 0.719835139811039 571.4008373692632 30.92277882993221 5159.703683525324 58.34305131435394 1037.746249720454 237.2553609311581 1808.638964749873 64.97071447968483 7714.666621312499 76.91917677223682 279.1826360151172 24.3739460259676 0.511668361723423 0.6239027343690395 1.562823660671711 4.960125908255577 2973.92302781716 0.5716593861579895 20.82227139174938 0.4017400592565536 2067.306008368731 1.703437864780426 50.597023550421 86.09087431803346 197.4900776967406 455.1899439021945 0.5177935510873795 11.68094445765018 56.76182939857244 1.165610685944557 253.3193729147315 377.3600343316793 283.8622823655605 10.70107751339674 607.371503546834 52.8978586345911 135.4287169128656 53.9385070130229 8.821311920881271 5.796085953712463 0 0 0 10.00865589082241 0 1.978210739791393 11.63756801187992 2.448170930147171 0 7.213314950466156 0.1158976927399635 104.3281086012721 0 0 0 0 0 0 0 20.49264347553253 0 0 0 25.95645704865456 0 0.385710597038269 1.242518894374371 7.275685533881187 0.9722913727164268 0 0 0 0 0 0.7259843349456787 0.148866206407547 0 1.482183046638966 0 0 0 0.2770783603191376 0
5.644542440772057 663.2041966915131 8.439016401767731 19.22315836697817 366.8475109636784 293.4266536980867 35.94382584840059 154.5681240037084 76.4534035474062 105.3650124892592 3795.461824826896 76.91917677223682 2632.500835187733 30.31855900585651 30.49524611979723 22.51753625273705 5.704414017498493 23.50960528105497 8.632444888353348 40.34290206432343 32.94224768877029 100.4088443741202 43.79029699414968 114.7227178886533 4153.707232184708 455.8609212860465 3597.204221867025 68.98742423951626 32.88070148229599 35.84831913560629 952.7452941536903 114.141174018383 0.3519229367375374 881.7692412212491 25.46186847239733 2691.154041588306 6959.647407375276 4538.998622715473 920.4548098221421 476.6096470355988 46.89428976923227 871.7776369303465 7.167202740907669 1.145172834396362 11.80921559035778 1.535332918167114 0.2801908627152443 0 0.6669179126620293 0.6550383940339088 5.135784342885017 10.68444763123989 2.011570110917091 1125.040757149458 1.486788585782051 2856.893887355924 2.452161051332951 3.072680681943893 8.020803213119507 0 45.50950472056866 2.718617871403694 0 0 5.084660410881042 1.878018856048584 10.79543322324753 210.9532399922609 527.2659088075161 643.198677405715 2.639625936746597 3.400281116366386 0 576.7768500745296 1.644756063818932 0 44.10624544322491 10.41444058716297 16.36853759735823 231.7098465785384 114.0334646776319 15.07710050791502 0.790792427957058 0.7663488909602165 276.1553874984384 2.512508273124695
3160.133270360529 18.10987390577793 238.9690330922604 132.7793134972453 45.52152525633574 941.0779732465744 5380.150051385164 5133.620823785663 72.20760054141283 1262.775423005223 73.87431597709656 279.1826360151172 30.31855900585651 4842.091866739094 0.3534414768218994 27.74656295031309 210.0937518142164 15.91220972687006 54.15817917883396 378.4787407517433 222.1933735460043 63.76836420595646 535.0888482183218 791.0194088444114 3.080732300877571 119.8912961557508 262.4103853330016 960.7034442350268 4777.695079348981 2249.94108145684 8.615375407040119 189.8734648600221 14.99307511001825 761.159527592361 17.97684955596924 177.5220827832818 13.28486697748303 917.1471716016531 154.3177205622196 52.72443923354149 9.781479805707932 3.094381496310234 1.86534046381712 3.866717025637627 1.173600912094116 0 7.26769731938839 0 0.929060697555542 24.69302581250668 10.34260215610266 9.844023033976555 9.061125680804253 0.09620220959186554 2.250159621238708 0.07897023856639862 7.042824521660805 0.3586495220661163 20.84372255206108 1.41340734064579 0 0 3.444369435310364 1.553504705429077 7.104258969426155 2.084539651870728 153.8687061220407 0.1214044913649559 1.751690328121185 16.34824500977993 52.79933165758848 5.372689813375473 0.5999634265899658 0 0 2.06146676838398 2.140406057238579 1.839496865868568 41.950065985322 0 21.6976800635457 3.644725024700165 2.294777736067772 0 0 0
0.1219690442085266 9.589650511741638 0 5.328535452485085 1860.710528150201 269.8137665838003 4.491660706698895 30.81498967856169 306.1509191691875 3.618881791830063 2.590070724487305 24.3739460259676 30.49524611979723 0.3534414768218994 588.9675545394421 3.372124642133713 0.1887858510017395 0 0 7.84844246506691 11.12039715051651 6.929977834224701 7.876669093966484 27.27337540686131 0 1.000474020838737 9.570451855659485 13.39996940642595 3.850757956504822 4.311544835567474 0.2532328814268112 20.10155545175076 0.3711714148521423 35.75793106853962 2.149936079978943 35.03439831733704 17.51952812075615 133.3822530657053 138.3703790307045 912.9682058691978 60.66273066401482 2.860775470733643 0 0 0 0 4.441454648971558 0 0 0 0 120.1915765106678 0 0 0 0 0 0 0 0 0 0 1.649087190628052 0 0 0 6.595258712768555 0 0.5835387706756592 0 0 0 0 0 0 0 0 0 1.014683365821838 0 0 0 0 0 0 0
1.315524235367775 243.0884525254369 1.291471228003502 26.14271154254675 0 2.781382501125336 162.4874469041824 11.21564131975174 110.5413973331451 5.580944642424583 5.115029573440552 0.511668361723423 22.51753625273705 27.74656295031309 3.372124642133713 1814.067080177367 4.983113892376423 0.3758637309074402 6.378976598381996 2.170659214258194 2005.841176964343 1295.392386168242 1850.939012482762 2259.982870742679 23.18590898811817 5.678736291825771 5041.686452277005 830.7913645580411 31.61303804814816 160.4311909154058 0.3898839801549911 0.9165387451648712 10.02651529014111 88.94502632319927 196.4654729887843 4310.293444961309 682.9023739919066 414.3449221029878 479.6072850897908 64.23996014147997 3.606476418673992 2.179211750626564 16.54933239519596 0 30.60095593333244 0.4286385774612427 0 0 0 0.6041874289512634 0.1658255308866501 9.60332864522934 0.1351313292980194 0 0 0 0 1.306797385215759 627.3705500364304 0.5312300324440002 0 0.7450134754180908 0 6.950420141220093 169.6129779219627 5.701002478599548 26.08590982109308 0 0.9076995998620987 205.1195324063301 2.605503886938095 0.6490949988365173 0.5208725333213806 0.1332203596830368 0 0 0 5.803465090692043 11.3743838518858 0 3.048395603895187 2.692025899887085 0 0.1555680632591248 0 0
92.10324894636869 57.06283460557461 4967.896221291274 0.3073518574237823 0.7903081774711609 4.451545096933842 35.53815531730652 44.02417629212141 3.361271038651466 0.9600285515189171 9.032503247261047 0.6239027343690395 5.704414017498493 210.0937518142164 0.1887858510017395 4.983113892376423 693.3980753645301 517.2619926147163 2223.534458700567 0.167371429502964 928.2936460822821 11.74131191521883 2645.560867533088 4.469858691096306 7.700224377214909 2912.386514358222 8165.386791206896 21.8408594802022 310.6593543812633 1199.082706961781 0.6935860142111778 5.237098172307014 21.95629640668631 390.9809895008802 2.403453856706619 82.86346285045147 70.01490338519216 256.5128428339958 47.21184218674898 3.792043477296829 1.817077726125717 0.5630469843745232 1.324117988348007 0 5.479201726615429 0 0 0 0 0 0 0.3921745121479034 0 0.5161143317818642 0 0.2377839386463165 0.09552618116140366 0 0.3175477460026741 1.217982485890388 0.1984681561589241 2.934492759406567 0 0 1.106909766793251 0 0.3033362030982971 1.01806677877903 14.81940114498138 107.4565051645041 0 0.08416423946619034 0 0 0 0 0.4347368255257607 0 2.896017648279667 2.03595408052206 6.365657620131969 2.536034628748894 0 0 0 0
4.405018232762814 14.2895075827837 42.82939825952053 0 4.143869340419769 8.03186160326004 1.878511138260365 13.40521170198917 7.586166739463806 19.26809969544411 1660.435441784561 1.562823660671711 23.50960528105497 15.91220972687006 0 0.3758637309074402 517.2619926147163 247.3239241540432 674.7493677809834 0.3033452406525612 15.69780641049147 3.276643842458725 13.48914206773043 0.5374436900019646 36.82437783479691 4727.618958130479 2046.560248717666 0.3241855949163437 25.05193421989679 50.54576683789492 30.48497353494167 7.717635430395603 1.706914640963078 899.5869811587036 0.2090028747916222 18.25974352657795 9.594565708190203 101.1597486063838 10.54721266031265 0 0.0937255322933197 0.8045584410429001 0 0 10.66228872537613 0 0 0 0 0.07197694480419159 0.1029269322752953 0.6720207333564758 0 5.323796264827251 0 27.62397024780512 0.2512383311986923 0 0 0 3.791984379291534 3.121656246483326 0 0.1058023869991302 0 0 0.9192871451377869 25.54274167120457 155.0000433325768 284.1825503110886 0 0.1818741783499718 0 10.24031252413988 0.2014240473508835 0 1.44454188644886 0 3.792608506977558 7.290943257510662 12.18275125324726 2.346638180315495 0 0 0 0
16.73881689086556 60.8626639470458 267.0823807567358 0.08241363614797592 4.954097934067249 15.38727682083845 6.739420086145401 42.10312554985285 38.81265760958195 9.175570175051689 414.1767501160502 4.960125908255577 8.632444888353348 54.15817917883396 0 6.378976598381996 2223.534458700567 674.7493677809834 1330.580304857343 1.002247259020805 54.00139005482197 25.50031829625368 114.0988320149481 5.578533612191677 10.91684801876545 2207.453845117241 2441.051615573466 4.52842453867197 79.46544033288956 183.8605902716517 3.473680026829243 32.22783233225346 3.969134949147701 1022.714610755444 1.802196376025677 100.5511266961694 18.17418759316206 427.9303209781647 53.02491178363562 4.399380743503571 0.6474797278642654 0 0 0 8.314633049070835 0 0 0 0 0.07201316207647324 0 0.54572993516922 0.1858459040522575 0.3556489273905754 0.07998142391443253 3.279889427125454 0.205633357167244 0 0.1324778646230698 0.1012024059891701 1.54534662514925 3.774757526814938 0 0.8793836236000061 0.1947085708379745 0 0 4.349308051168919 73.65420950204134 193.896037504077 0 0.194611668586731 0 1.857045263051987 0 0 2.527840010821819 0 4.895908631384373 3.82133200019598 12.02529307454824 3.742443822324276 0 0 0 0
22.01920706033707 3.058647364377975 0.4290814474225044 1914.530042387545 10.95318532735109 214.5764553397894 294.1316629648209 330.9662803411484 919.5016459077597 3616.971319057047 20.56374031305313 2973.92302781716 40.34290206432343 378.4787407517433 7.84844246506691 2.170659214258194 0.167371429502964 0.3033452406525612 1.002247259020805 497.3551059737802 0.3845778256654739 18.57783436030149 1.734497040510178 935.7347462102771 0.6731218248605728 24.77299449592829 16.62132891267538 2062.13436421752 372.7338693886995 0.6445564404129982 5.153561159968376 19.46769776195288 11.31170511245728 169.2317419797182 210.0088900998235 453.6131208315492 14.65791089832783 392.3845060355961 108.0426062121987 90.48863035440445 38.38349478691816 4.345431216061115 9.046761780977249 1.465791285037994 0 0 60.62730748951435 0 2.634861901402473 80.78841097652912 18.68558448553085 7.638743937015533 76.16916811466217 0.2898280248045921 14.63147383928299 0.4805323630571365 12.55010641366243 0.2366895973682404 9.348848193883896 0.1464425474405289 0.1825833320617676 0 47.74168667197227 0 8.289499402046204 4.90582275390625 251.4442016780376 0.09438545256853104 1.089553400874138 1.356118440628052 177.3418243676424 8.294221647083759 0.3989693522453308 0.2566459402441978 1.561317801475525 0.7371459007263184 5.177036628127098 1.512318283319473 21.70287564396858 0 21.43318244814873 2.943234488368034 1.842561766505241 0.9702979475259781 0 1.16348135471344
100.9865513071418 38.90195219218731 414.4301676601171 3.057791337370872 0.4357525631785393 4.339667871594429 866.8075196743011 72.89467905461788 7.622564747929573 2.049894876778126 20.56461555510759 0.5716593861579895 32.94224768877029 222.1933735460043 11.12039715051651 2005.841176964343 928.2936460822821 15.69780641049147 54.00139005482197 0.3845778256654739 9033.604181140661 131.5856555104256 12692.98915195465 872.712243065238 7.334248028695583 33.67502177506685 907.9817185848951 3335.512573599815 192.6812681332231 7110.832180283964 0.7015968188643456 2.999256789684296 29.2707005739212 2528.262177377939 344.9206046834588 2633.370955064893 40.461400590837 3121.951850578189 1052.475442267954 119.645411260426 5.512771375477314 2.365968510508537 21.07664705812931 0 11.37082648277283 1.456351757049561 1.275523602962494 0 0 1.642184853553772 0 0.5219595432281494 0 0 0 0 0.1920603215694427 0 87.57863622903824 0 0 0.5704713463783264 0 6.750096678733826 45.00389832258224 1.810998320579529 12.17661160230637 0 1.757280647754669 10.96335347741842 3.599597781896591 0.8910172581672668 0 0 0 0 0 9.628290995955467 7.60440269112587 0 0.4152491986751556 0.4443800151348114 0.3579145073890686 0 0.2757357656955719 0
2.748061992228031 1912.623044267297 3.705686919391155 57.65110012888908 0.7975805774331093 12.26663414388895 118.1763376817107 44.84883148223162 2537.872604623437 28.96869377791882 33.35767506062984 20.82227139174938 100.4088443741202 63.76836420595646 6.929977834224701 1295.392386168242 11.74131191521883 3.276643842458725 25.50031829625368 18.57783436030149 131.5856555104256 465.2149189263582 59.41066542267799 3601.31499799341 278.485371619463 40.3405591994524 2889.77372597158 127.3064908534288 61.02495983988047 36.60490592569113 0.4814825654029846 1.428355693817139 10.9276806935668 42.26131670176983 13.9700430855155 503.1310700327158 29.61207265406847 118.1503255292773 58.61218593269587 40.64048092067242 11.7344853579998 11.06496848165989 4.622670337557793 0 38.02467831969261 28.59867119789124 2.20255845785141 0 0 4.696601018309593 1.563699446618557 82.68396447598934 3.38078223913908 0 18.44964125752449 0 0.8377082794904709 12.36267606914043 420.7435748279095 0.2861290574073792 0.5783366560935974 2.656178414821625 7.796211093664169 5.930916547775269 83.84311109781265 8.840561777353287 116.6871172934771 2.102389097213745 7.371040314435959 268.0576230436563 13.57482600212097 0.9635517597198486 0 0 0 0.8974819183349609 1.342070035636425 0.8310410976409912 6.801041468977928 4.819838009774685 8.618383802473545 5.493637919425964 5.150423467159271 0 0 0
333.6431776434183 45.8496570289135 10514.62599457055 2.705088123679161 0.5820479393005371 6.116863243281841 558.5466605573893 118.2314107641578 3.33245225250721 1.931969426572323 10.43235675245523 0.4017400592565536 43.79029699414968 535.0888482183218 7.876669093966484 1850.939012482762 2645.560867533088 13.48914206773043 114.0988320149481 1.734497040510178 12692.98915195465 59.41066542267799 10932.61713530868 1219.192393876612 5.073875099420547 438.9843427464366 11232.09904585779 2654.023004755378 451.6300042569637 6561.978360958397 1.013733558356762 1.569649301469326 17.886379994452 868.4295268654823 457.1769689247012 5448.801456458867 376.8497503325343 3833.563273020089 2966.041670449078 115.7703651934862 3.302215084433556 6.21172558516264 28.9806867018342 0 14.40811066329479 8.539438933134079 0 0 0 0 0 6.191456377506256 0.8022932857275009 0 1.176897287368774 0 0 0 114.2350179702044 3.167941309511662 0 2.244419552385807 0 3.017309904098511 48.5015960931778 4.668218433856964 6.971725463867188 2.942602723836899 12.35448305308819 477.2074808329344 3.068396002054214 0.6387004852294922 0 0 0.1160982921719551 0 0.9949835538864136 13.31047611683607 29.9158044308424 7.494954109191895 10.74800073355436 12.29147423058748 0 0 0.3460512310266495 0.2401473075151443
49.11984318494797 299.3542674258351 14.31810849905014 1591.923126704991 16.5867857336998 181.2516356185079 2453.155492581427 507.0229054018855 5150.291118822992 1216.0532059744 21.85344583541155 2067.306008368731 114.7227178886533 791.0194088444114 27.27337540686131 2259.982870742679 4.469858691096306 0.5374436900019646 5.578533612191677 935.7347462102771 872.712243065238 3601.31499799341 1219.192393876612 6936.976204171777 51.95728155970573 16.46775411441922 1864.433636270463 5696.127113431692 971.1061604321003 769.7663697302341 2.911897152662277 17.13848288357258 226.4694510027766 437.1658881977201 350.8160247802734 3758.506184495986 79.04145299643278 1225.131965331733 536.4680626615882 407.9878199920058 113.5349155291915 13.4869394749403 55.69333237409592 4.436064392328262 9.409885913133621 0.1248367950320244 188.2525811642408 0 9.851786233484745 271.3791067004204 60.23640821874142 42.82556350529194 180.5611832663417 0.666518859565258 116.114192314446 0 61.9844664260745 1.501184046268463 99.42457444965839 1.49183277785778 0 0.1536996215581894 260.9822194129229 2.172291696071625 68.49045264720917 1.342888958752155 771.1837649866939 2.894893646240234 1.913632079958916 74.92366918176413 483.3362051174045 27.63496953248978 1.320223391056061 0.700109139084816 0.9986550807952881 5.846358828246593 7.732774652540684 13.32128185778856 83.3993277028203 0 55.33888273686171 21.51863524317741 9.671158820390701 6.42534202337265 0 2.574645400047302
0.4940000772476196 1588.618453472853 5.951033875346184 0.4969396963715553 2.085204005241394 5.97006081789732 5.639737069606781 4.72688914090395 153.3490413576365 1.411986447870731 727.9058986082673 1.703437864780426 4153.707232184708 3.080732300877571 0 23.18590898811817 7.700224377214909 36.82437783479691 10.91684801876545 0.6731218248605728 7.334248028695583 278.485371619463 5.073875099420547 51.95728155970573 173.3588582724333 143.5071750208735 4988.005495600402 5.652086734771729 1.986721210181713 1.188762851059437 511.3083023428917 2.06935527920723 0 71.95605304837227 2.292259022593498 798.9885997399688 307.3496719896793 414.0512432456017 56.8101547434926 30.99786496162415 2.027240499854088 290.5361201614141 0.4855351597070694 0 75.72377410531044 0 0.1205419301986694 0 0.6509216576814651 4.482343234121799 1.231887064874172 211.8153814524412 1.63281062245369 291.2906556650996 12.65200035274029 982.960842654109 1.337565451860428 10.88576281070709 22.79538685083389 0.405511349439621 15.99773150682449 9.817586049437523 0 0 40.87043210864067 0.7892645001411438 77.57919780164957 29.94505785405636 125.4524383023381 1104.079676523805 6.010963253676891 1.443739123642445 0 64.87639094889164 0.5012078583240509 0 17.96601268649101 0 22.29593632370234 18.02831238508224 50.92512759566307 7.624122828245163 26.29360099136829 0.3672363609075546 21.77134099602699 0
12.83556854724884 175.2280355393887 3930.794340252876 2.1867560967803 34.84969209134579 170.5314318314195 13.24250737577677 325.739563561976 60.54186360538006 62.76741854846478 4235.798081800342 50.597023550421 455.8609212860465 119.8912961557508 1.000474020838737 5.678736291825771 2912.386514358222 4727.618958130479 2207.453845117241 24.77299449592829 33.67502177506685 40.3405591994524 438.9843427464366 16.46775411441922 143.5071750208735 16542.40933983773 8975.354643523693 13.41983944922686 126.3752103224397 53.62436065077782 287.7893342450261 139.7592905387282 3.006835840642452 2555.450858004391 13.74151241034269 941.6532954201102 849.7444135472178 3296.681315116584 577.4084398671985 13.58348678797483 5.684070587158203 108.54627135396 1.446108534932137 0 93.2748574540019 0 0.123158723115921 0 0 0.8023856207728386 0.5395722687244415 5.982786238193512 0.2738336101174355 41.60635127127171 0 232.7380624786019 2.457566976547241 1.092517137527466 0.6627545952796936 2.062159448862076 41.96561926603317 48.10987953841686 0.2629598751664162 0 3.05586975812912 0 2.112418502569199 68.28209186345339 898.9061264693737 1432.334864996374 1.125985570251942 2.05313241481781 0 64.76956680417061 0.5347646027803421 0 9.642457105219364 3.591462850570679 28.67732471972704 55.25817135721445 107.5830465480685 27.13106428086758 0.193838357925415 0 0.8531748205423355 0.250596672296524
39.22899010777473 4148.333778373897 5457.04583517462 32.01365587860346 23.28929821401834 135.7110264226794 433.716984745115 373.0214682146907 1003.793802320957 56.77756635844707 1435.615928962827 86.09087431803346 3597.204221867025 262.4103853330016 9.570451855659485 5041.686452277005 8165.386791206896 2046.560248717666 2441.051615573466 16.62132891267538 907.9817185848951 2889.77372597158 11232.09904585779 1864.433636270463 4988.005495600402 8975.354643523693 18965.28006932139 1799.819320395589 206.273596804589 235.6170529164374 334.165926605463 136.5929278731346 15.39300921559334 5412.301318079233 468.3291575461626 14601.50177187473 4302.479126308113 12244.91307098046 6575.862636841834 257.851566798985 19.616156488657 89.06040996313095 28.61248941719532 0.2014196813106537 756.6253661513329 349.1665327996016 5.448892503976822 0 0.2582242637872696 10.69162808358669 5.604241169989109 120.4237166196108 4.811756633222103 89.21180319041014 26.50510666519403 503.531330935657 9.258809991180897 11.10136964917183 549.3324119970202 79.09741716831923 111.8552984669805 295.8750662282109 13.26363795995712 1.646045818924904 324.7961880043149 52.64788983762264 74.64873912185431 544.7611301094294 3275.9889344275 11945.81051216274 12.13448796421289 8.093195855617523 0.831983670592308 171.2082890570164 1.462225019931793 0 55.14581022411585 50.02378685772419 287.809728808701 256.9183432161808 557.9537013322115 224.6288715749979 38.98533110320568 0.7787454500794411 6.440292090177536 2.885260917246342
79.02529252320528 41.70006004720926 229.8655420318246 1756.929591469467 6.981909386813641 265.1989012211561 16401.73501759768 467.8745301961899 562.0866978392005 6780.715995930135 15.7154124006629 197.4900776967406 68.98742423951626 960.7034442350268 13.39996940642595 830.7913645580411 21.8408594802022 0.3241855949163437 4.52842453867197 2062.13436421752 3335.512573599815 127.3064908534288 2654.023004755378 5696.127113431692 5.652086734771729 13.41983944922686 1799.819320395589 16499.33469649404 783.3929755911231 10811.1039089486 1.967746376991272 10.33904180675745 224.4166795685887 616.241980932653 196.9942230731249 2461.157436236739 49.02719009667635 1299.773042678833 520.2548289299011 210.8589534908533 51.12181181460619 5.249982118606567 40.41545873135328 2.37080217897892 4.262440800666809 3.057050228118896 65.8830780684948 0 4.613240033388138 149.3887751773 28.46517626196146 10.94731840491295 88.50775370001793 0.3405020907521248 24.66377008706331 0.4730535224080086 32.71881601214409 1.78259551525116 64.97530807554722 1.015666112303734 0 0.6899078488349915 88.11814588308334 4.005147635936737 35.55137693881989 4.817038506269455 302.8261853829026 0 0.5858631953597069 93.07863152772188 237.5029202923179 12.88618318736553 0.4464829564094543 0 0 0 5.756803832948208 5.335565134882927 32.64788337051868 0 16.61481522768736 12.55780050158501 3.214978694915771 2.597550295293331 0.5860093832015991 0.653089702129364
1852.318267963827 14.45793217420578 90.50838924199343 116.2571097165346 82.34607453644276 228.66424036026 1010.674453541636 1039.288984775543 79.15753240138292 845.773009955883 134.2445690706372 455.1899439021945 32.88070148229599 4777.695079348981 3.850757956504822 31.61303804814816 310.6593543812633 25.05193421989679 79.46544033288956 372.7338693886995 192.6812681332231 61.02495983988047 451.6300042569637 971.1061604321003 1.986721210181713 126.3752103224397 206.273596804589 783.3929755911231 9385.357785753906 6940.03612421453 3.653771311044693 227.0562295094132 993.2952358350158 2860.073705047369 14.5481498464942 107.5601466298103 7.282870233058929 1142.987564109266 112.8140205293894 137.901713296771 6.605932995676994 1.557988680899143 0.5546419769525528 1.259474575519562 2.204631477594376 2.189311049878597 1.631471812725067 0 0.1320896297693253 14.77033291757107 1.766331389546394 6.602953687310219 5.100253261625767 0 1.964378952980042 0.1631093919277191 4.217727690935135 0 17.74473243951797 0 0 0 0.4012129604816437 0 6.856503188610077 0.3117001056671143 86.12338790297508 0 0.2860922664403915 13.20258241891861 22.02909196913242 4.465212345123291 0.8574527502059937 0.1407084167003632 0 0.7218100428581238 2.168351665139198 2.345363974571228 21.41023513674736 0 5.811447881162167 1.939536511898041 5.357798665761948 0.611477255821228 0 0
2181.871821053326 3.757559768855572 581.6076048091054 8.256599046289921 1.743900127708912 10.71647481620312 4631.658438354731 264.4063977152109 20.35732234269381 3.697806965559721 27.17167767137289 0.5177935510873795 35.84831913560629 2249.94108145684 4.311544835567474 160.4311909154058 1199.082706961781 50.54576683789492 183.8605902716517 0.6445564404129982 7110.832180283964 36.60490592569113 6561.978360958397 769.7663697302341 1.188762851059437 53.62436065077782 235.6170529164374 10811.1039089486 6940.03612421453 12228.03939094394 1.667597368359566 7.825601100921631 1150.189481064677 3187.93604080379 80.91962806880474 378.0947905555367 15.56500363349915 1749.786156944931 426.4169560670853 68.86685128509998 12.17946080863476 2.452124938368797 11.5941655933857 0 0 0 0.1403950303792953 0 0 1.423724949359894 0 3.88787317276001 0.7552596181631088 0 0 0 0.7615425288677216 0 16.64441847801208 0.1885148882865906 0 0 0 0 2.016911506652832 0 18.50379753857851 0 0.4600056037306786 13.37820246815681 4.16948626935482 1.389664471149445 0 0 0 0 0.3301301598548889 2.843623481690884 3.373198017477989 0 1.991480067372322 3.385522022843361 0 0 0 0
