1687.891880318522 0 85.63978772610426 6.272335954010487 0.4534230381250381 31.85905429720879 2491.906836554408 1256.023147828877 17.70380912721157 222.1757065504789 5.547072790563107 8.013453461229801 0.1849138140678406 8772.986419338733 0.1937783360481262 0.2676621377468109 237.0650462508202 8.716688252985477 29.12647123634815 20.81758576631546 53.45780947804451 0.7475737035274506 76.62469199299812 60.3285249248147 0 59.58729808777571 12.59612856060266 88.00664848089218 4505.570816256106 2900.346555896103 0.4582023471593857 6.14039945602417 114.4913041219115 184.1633480712771 4.579722233116627 59.6314052939415 7.959375247359276 77.74875245988369 17.92890733480453 8.11936105042696 2.151662297546864 0.1933353096246719 0.5545965433120728 0 0 0 0 0 0 1.937467992305756 0.7441998422145844 7.139471650123596 0.7421872317790985 0 0 0 0.7222044244408607 0.1325290352106094 14.60913958400488 0 0 0.273714080452919 0.6365886330604553 12.42929694801569 5.068501405417919 0.7083247005939484 17.60949585586786 0 0 1.28634886443615 32.37869287282228 1.258515581488609 5.822853088378906 0 0 0.1120999157428741 0.1499921083450317 0.6231560111045837 8.173865720629692 0.1206003576517105 0.6475209891796112 0 1.690056748688221 0.176520511507988 0 0
0 175.4256257787347 1.804480940103531 0 0.6654020994901657 0.6367480456829071 0.6663259267807007 0.3368667215108871 620.2776103168726 0.2619482129812241 87.15953131020069 2.884039968252182 782.2857841178775 0.5559262707829475 11.8292497843504 31.17012714594603 1.708400003612041 4.497916184365749 9.47996336966753 0 1.878899201750755 1918.268595315516 1.285562582314014 625.249471090734 1444.246631316841 143.627537496388 4817.348337225616 7.455142661929131 0.4505735784769058 0 36.63175000995398 0.09869795292615891 0.1694224700331688 5.360039852559566 0 6.509442754089832 29.46020729094744 16.01472175121307 2.127040393650532 4.215535372495651 0.133828341960907 138.2231467664242 0 0 102.0652532503009 26.00203865766525 0 0 0.3727761134505272 0.4763287454843521 0.2548167407512665 2.647983238101006 0 5.934197008609772 0 48.94897146522999 0.4384708032011986 0 2.827523663640022 3.782878018915653 4.118833050131798 10.75031010806561 0 0.7885737121105194 14.01410724967718 2.017994932830334 5.534883096814156 30.17648234963417 296.3609633892775 1227.775043688715 2.019809938967228 0.1427272707223892 0.5637898147106171 8.337827019393444 0 0 2.095033973455429 1.291140884160995 10.06122676283121 21.49348894506693 10.76576609909534 5.467971846461296 0.3649798929691315 0 1.260571554303169 0
85.63978772610426 1.804480940103531 6065.533654376864 7.303612649440765 0.3774565309286118 79.76970089226961 1967.170600570738 465.6436832472682 1.790297091007233 67.7280595600605 4.850178085267544 0.6370551437139511 3.701123788952827 411.4545434340835 0.3862081319093704 15.19924122095108 1916.889740373939 26.93414884060621 73.58783987909555 2.86770623922348 318.7577075511217 7.331714011728764 9092.793678082526 54.39107378572226 0.6793267354369164 4900.847837992013 4658.007998526096 646.2918660715222 63.54748491197824 411.4814466685057 0 1.408637456595898 10.79979752004147 390.0968987494707 20.98189153522253 1261.608124822378 3826.732069507241 1373.103035055101 376.7357579618692 32.75905658304691 1.507172264158726 9.106896698474884 3.758203066885471 0 217.8603897616267 300.4333144500852 0 0 0 1.925001367926598 0.3200215175747871 2.098839834332466 0.2249800264835358 0.2642532885074615 0.1992262452840805 0.4236167967319489 0.4498026818037033 0.3144916743040085 16.8648516535759 36.61732719838619 1.050353676080704 15.06890577077866 0 6.76576292514801 31.02501859515905 22.25319455564022 12.43489818274975 0 588.467463567853 1611.313279151917 9.573339067399502 0.1189972087740898 1.024049386382103 0.1398005932569504 0.2550795078277588 0 4.787376694381237 6.391207128763199 34.45030461251736 384.0753626450896 13.67577973008156 10.58813284337521 0.3543471246957779 0 0.6493490636348724 0
6.272335954010487 0 7.303612649440765 2214.927023112774 0.6046525239944458 92.02958128601313 234.1188401803374 21.97173074632883 609.0566816776991 5259.095861554146 2.431632526218891 1166.827478148043 2.827944844961166 32.54705205559731 47.41695946455002 0.3325822800397873 4.876824889332056 2.021600902080536 1.191015794873238 3895.05675894767 3.435005739331245 0.9186674058437347 1.200695596635342 2124.789660729468 0 7.221521712839603 3.055985741317272 4037.681270621717 55.86804646998644 2.072468340396881 0.2630692943930626 1.345663323998451 3.19135919213295 47.89887931197882 10.04222904145718 154.8625553697348 4.705466896295547 69.78763809800148 20.11506219208241 71.83099030703306 8.009462483227253 1.18734236061573 5.508960723876953 0.3444012328982353 0.6894589960575104 0.8582343608140945 53.45009028911591 0.6041773408651352 5.731266930699348 11.74934043735266 18.09084611386061 148.2497277408838 27.05208898335695 0.3662814646959305 47.41154795140028 0.1000483706593513 9.071374952793121 14.27652872353792 8.115954697132111 0 0 0.3584164902567863 29.43405358493328 0.3697913140058517 1.694287620484829 1.111571982502937 475.7475750744343 0.1621778011322021 0.3169598951935768 1.249322943389416 352.1146709769964 5.009779781103134 2.235197708010674 0 0.3448570892214775 0.5945692136883736 4.01068115234375 1.040769249200821 25.39588847756386 0.1342677175998688 6.598445855081081 2.675971850752831 58.27117552608252 2.142695851624012 0 0.5327027291059494
0.4534230381250381 0.6654020994901657 0.3774565309286118 0.6046525239944458 112.8700950592756 116.3148816376925 2.273430325090885 60.0597555488348 66.7320486754179 9.996586114168167 37.77458228170872 59.00267724692822 75.03706276416779 6.616694137454033 1852.171037130058 0 0.4858429357409477 5.875690452754498 1.580943129956722 4.292033351957798 0.2162719592452049 1.154908716678619 0.6862110197544098 15.89430640637875 0.5638791099190712 7.555452525615692 2.187917441129684 3.989386349916458 233.0058575049043 0.6399095952510834 2.610022753477097 171.7369680404663 0 535.3643894270062 2.072660624980927 29.3796593695879 8.542999915778637 277.1856209114194 124.414209663868 2281.013424709439 217.8904516547918 14.69427016377449 5.319258823990822 0 0 0 1.193990498781204 0 0 0 0 1.6197539716959 0 0 0.7264827489852905 0 0 0 0 0 0 0 0 0 0.3533364534378052 0 3.536192066967487 0 0.1336462497711182 0.1014810353517532 2.838374406099319 0 0 0 0 0 0 0 0.5818218737840652 0.1965761929750443 2.352973237633705 1.974578455090523 1.254932999610901 0.8510015085339546 0 0
31.85905429720879 0.6367480456829071 79.76970089226961 92.02958128601313 116.3148816376925 10883.59362073615 3512.796637050807 8850.494452193379 130.6296332329512 6832.312834646553 233.8774212524295 3745.363471191376 166.6750067770481 1360.201208785176 1722.024075597525 0.9317658469080925 59.01110638678074 90.27695150673389 40.62710123509169 245.0772352963686 31.71045960485935 1.752248786389828 28.55987244471908 253.0570397228003 3.596575126051903 132.8837863206863 39.80200455337763 1870.888742305338 866.097254678607 87.17636776715517 17.52616767585278 323.2801395580173 6.363655645400286 593.9948029965162 25.327587030828 400.3725081533194 58.2134590819478 718.5225697979331 334.3901652470231 1916.270600482821 141.4108233004808 47.47338054329157 35.03125009685755 0.8699773252010345 0.3179523497819901 0.3862064704298973 5.276551142334938 0.4535489082336426 1.423572093248367 4.737016037106514 6.206808038055897 28.9495428353548 5.600091680884361 0.1643835641443729 4.629726059734821 0.6415321454405785 4.240517564117908 2.137250877916813 6.097774386405945 0.210812620818615 0.09993680566549301 0 5.957295536994934 2.656792193651199 1.813615135848522 1.081612259149551 110.4886955693364 0 0.6907505989074707 2.995464950799942 122.3263321071863 4.017806768417358 1.456816852092743 0.1987767368555069 0.1548012495040894 0.099993996322155 5.546595260500908 1.484263554215431 17.27773828059435 4.095780253410339 7.358245514333248 5.439696528017521 26.60098367929459 4.93960665166378 1.798626974225044 0.2701278030872345
2491.906836554408 0.6663259267807007 1967.170600570738 234.1188401803374 2.273430325090885 3512.796637050807 15508.03594578803 5506.627550363541 135.3039539083838 5169.494087472558 39.70559946075082 226.9063041210175 5.357437774538994 6375.5949806422 8.067013241350651 39.30221705883741 563.3811809904873 37.75531180202961 64.35396365076303 32.37373658269644 2036.452927455306 16.60541351139545 1563.339456781745 1877.503636345267 0.1102321818470955 634.1897368244827 290.638327203691 19381.72657800466 1406.094135731459 6276.669781241566 1.981971696019173 22.69353410601616 158.3544464856386 824.9349482506514 159.7582029402256 2545.871664159 252.5066709518433 1062.224556066096 476.981868930161 404.6375755146146 81.52246862649918 3.049646854400635 35.88996156305075 0.6772858798503876 0.9697958528995514 14.83878107368946 14.67185769230127 0.4866563975811005 3.649140439927578 18.5637933164835 15.18422772735357 109.3039491996169 14.734131552279 1.169079080224037 4.452734224498272 0.2811945080757141 10.58063067495823 1.610255174338818 48.99310280382633 0.4215279445052147 0.3789615780115128 0.7803067415952682 6.293128736317158 13.48087934404612 23.98989987373352 40.80072024464607 299.8591221421957 0 5.072247579693794 93.64934621751308 325.5302575007081 6.831213094294071 12.00732908397913 0 0 0.9453592151403427 2.912028774619102 12.97764931619167 72.92401910573244 5.699585907161236 11.89393574744463 6.119458615779877 25.63413642346859 2.446245416998863 1.476281106472015 0.1269938200712204
1256.023147828877 0.3368667215108871 465.6436832472682 21.97173074632883 60.0597555488348 8850.494452193379 5506.627550363541 10998.68573602289 114.0570261329412 3907.153905026615 123.9303987622261 641.7427523732185 50.90499260276556 6034.245094060898 291.9017356038094 2.758583195507526 553.8608764521778 65.15513448789716 91.20553164556623 159.9615093879402 214.7717873305082 16.19755284488201 219.178848311305 447.2158358022571 1.04185226559639 352.9830100610852 60.35506027936935 493.3504427745938 2035.368370398879 1535.833009425551 7.530653979629278 678.0923490449786 27.07608976960182 416.4978708960116 27.15416623651981 388.6467200368643 49.54008947312832 406.1899088770151 163.814874663949 679.3179331943393 36.79294562339783 13.56942948698997 14.78783202171326 0.8614474311470985 0.4658635407686234 2.242861315608025 10.44027372449636 0 1.93659944832325 22.49163533747196 16.17997533082962 87.76304333657026 9.631846718490124 0.670790933072567 5.684324808418751 0 12.76380179077387 0.3616293966770172 25.68140739202499 0.3157531917095184 0.3409223034977913 0.2291882559657097 6.009600192308426 7.041211642324924 6.998772121965885 4.903415843844414 253.7239249721169 0.1679041534662247 2.739847227931023 7.274778611958027 340.0200798138976 6.266614273190498 12.0563126206398 0.1020643040537834 0.3987903147935867 1.26404282450676 6.618521675467491 1.723101146519184 35.00099325180054 2.316600814461708 10.15266837179661 5.838290065526962 28.80991973727942 4.144892111420631 0.1910871416330338 0.3196559175848961
17.70380912721157 620.2776103168726 1.790297091007233 609.0566816776991 66.7320486754179 130.6296332329512 135.3039539083838 114.0570261329412 618.6915413662791 312.5853985548019 10.10570664703846 888.3299150690436 51.23319045454264 55.88536182790995 1101.429213225842 197.9162630587816 2.38179524242878 1.781487926840782 2.948960356414318 576.5459120720625 49.84375141561031 2308.477651745081 15.47932106256485 8567.366867333651 125.5736050456762 29.02018221467733 1037.881390340626 1195.229395717382 84.516527146101 37.60387902706861 6.431635841727257 2.958358064293861 10.94183533638716 29.97140368819237 8.023385711014271 229.5403448790312 13.21786797046661 46.43609556555748 16.19008442014456 270.3198511451483 2.444120720028877 2.052000068128109 1.739149034023285 1.384666495025158 7.428075157105923 1.79971282184124 81.9150557667017 3.47417838871479 11.37593661993742 25.47201128304005 21.85782212764025 67.00637458264828 44.78243459761143 1.50409222394228 160.2877853885293 1.508849620819092 18.42604763060808 73.99609694629908 214.8425360843539 0.6262776926159859 0.7401332557201385 1.185333132743835 64.19645515829325 128.6319851279259 42.52972722798586 40.52875031530857 1262.793603725731 1.134176209568977 11.77226918190718 18.5517546236515 606.7970719337463 15.78007289767265 37.35184063762426 0.4543102532625198 0.08444375544786453 2.083342485129833 4.386764347553253 0.6335210651159286 55.60499952733517 2.438162453472614 12.67685886472464 6.220291629433632 131.7200724110007 3.595916718244553 0.0926702469587326 1.597692489624023
222.1757065504789 0.2619482129812241 67.7280595600605 5259.095861554146 9.996586114168167 6832.312834646553 5169.494087472558 3907.153905026615 312.5853985548019 27053.6378140673 99.27207715436816 3900.501711048186 16.7277320958674 2052.021410200745 94.84680955857038 1.653178587555885 33.26335026323795 67.82110925763845 46.66298995912075 3755.191007748246 30.02584444731474 2.463035568594933 27.30861005932093 1118.105519466102 0.514070987701416 100.5789616592228 33.19420466572046 7268.944532163441 950.7244806699455 35.6069863550365 6.55313378944993 50.72136805951595 17.62530423700809 654.1383615210652 48.24428772181273 1038.479495711625 53.43530790507793 960.4347963184118 177.1483567208052 606.8416677117348 108.4542497396469 4.888583779335022 42.14660998433828 0.8489290103316307 0.2865389585494995 0.5899652168154716 44.13450086116791 0.6317152231931686 5.375829428434372 22.87474805116653 20.61103513091803 117.8869899585843 25.95808639377356 0.5124071910977364 45.48391274362803 0.09502554684877396 12.38897164911032 13.6979528144002 9.118980266153812 0.1129695549607277 0.2006880864500999 0.3846391662955284 27.68916850537062 1.317362703382969 2.465178959071636 3.232839271426201 453.8282864019275 0.07494634389877319 1.000029824674129 7.353052489459515 410.7029839083552 6.315421260893345 3.056753508746624 0.08787340670824051 0.09481978416442871 0.2963936179876328 3.733746387064457 3.12180121243 46.53334245830774 1.551925897598267 11.40824341773987 4.280305102467537 46.31348426640034 1.43346830457449 0 0.6142623722553253
5.547072790563107 87.15953131020069 4.850178085267544 2.431632526218891 37.77458228170872 233.8774212524295 39.70559946075082 123.9303987622261 10.10570664703846 99.27207715436816 9703.921952970326 51.20936165750027 3241.264245927334 303.0730891227722 20.98165756464005 0.1166799142956734 179.3805132210255 2442.197404697537 703.164114959538 20.05737290531397 6.24702575057745 19.08480605483055 8.683045193552971 16.95944304019213 791.7677200436592 3579.061728894711 936.8753124549985 19.5171535462141 397.6597685851157 17.01599146425724 596.7068514749408 269.2360828518867 7.792077749967575 4095.449520111084 7.559112995862961 432.6002647951245 3786.618475534022 2646.23913693428 616.8765827268362 123.3578993082047 34.14679779112339 865.3990221992135 12.16249416023493 0 11.74952658265829 0.2842042371630669 0 0 0 0.2395888566970825 0.7546922713518143 1.215357773005962 0 369.9903043881059 0 1053.821228310466 0.2125044763088226 0 1.992234282195568 0.09602851420640945 21.30237593501806 1.62299682945013 0 0.2437240779399872 1.189741238951683 0 4.965557605028152 171.8721579611301 71.04085341840982 43.15547565370798 8.802350051701069 0.1112483963370323 0 34.20438054949045 0 0 11.29987572133541 4.203510507941246 10.09298786520958 290.1904208809137 29.35390102863312 3.339616537094116 0.6929272562265396 0 263.1195632368326 0.4241838455200195
8.013453461229801 2.884039968252182 0.6370551437139511 1166.827478148043 59.00267724692822 3745.363471191376 226.9063041210175 641.7427523732185 888.3299150690436 3900.501711048186 51.20936165750027 6652.997106127441 16.80819854140282 483.6344788260758 1018.777710407972 0.2016934007406235 3.146862342953682 34.09654766321182 18.68403241038322 4900.160905122757 0.9123670980334282 12.27717125415802 2.437941618263721 524.4714111536741 0.2204183712601662 27.46357851848006 16.26668348908424 644.9091136753559 223.7549323439598 5.94765742868185 3.943496935069561 40.16960681974888 0.1879184022545815 183.9077051095665 3.189519122242928 185.5037796571851 6.581607773900032 202.3369084969163 23.28602772206068 965.2566180750728 17.97401724010706 2.739059016108513 5.323754765093327 0 0.2648980244994164 0.2387107461690903 99.06802285462618 2.845422700047493 7.548877216875553 6.31656476855278 7.04749857634306 49.44771242141724 30.3472011089325 0.1852051615715027 230.4722088202834 0.1932943984866142 3.183084234595299 30.54332871735096 3.864075653254986 0 0.1295939981937408 0.2332731634378433 55.82741726189852 0.6806080639362335 3.196573257446289 1.248860836029053 322.7010088786483 0.6008108854293823 0.5081556141376495 1.190275058150291 180.1602843180299 1.595145791769028 1.110707752406597 0 0.1998852640390396 0.1032517105340958 1.674086406826973 0.4149479866027832 59.7602107077837 0.3697176054120064 3.303489796817303 2.54684092104435 139.6005770340562 1.996472746133804 0 0.1895365566015244
0.1849138140678406 782.2857841178775 3.701123788952827 2.827944844961166 75.03706276416779 166.6750067770481 5.357437774538994 50.90499260276556 51.23319045454264 16.7277320958674 3241.264245927334 16.80819854140282 4147.839659363031 45.70040656626225 14.13100183755159 16.52145140618086 7.259140834212303 56.35234345495701 10.43942519277334 3.777352385222912 20.72130264341831 157.0490099415183 30.69007784128189 40.2601350620389 5290.049730718136 623.2293476387858 3730.097329489887 27.34229578077793 41.79201301187277 16.48482406139374 503.7406161949039 131.8906852006912 1.236100524663925 466.9629393294454 69.68446524441242 2052.453825235367 4822.50890186429 3532.678311727941 294.7983617335558 203.9377412125468 171.1940567493439 697.1485034301877 12.61632364988327 0 26.6106358319521 0.2677885070443153 0.2739717364311218 0 0.08966699242591858 0.5189058631658554 0.6712387502193451 1.19585682451725 0.4012241959571838 380.4570084288716 0 1304.104618787766 0.2311327382922173 0 2.199261948466301 0 30.27732767164707 3.581795915961266 0.09895065426826477 3.944899320602417 3.106240540742874 1.258626326918602 2.600796394050121 313.0063071995974 177.0710723549128 130.4527485892177 1.071804001927376 0.16876520216465 0.3077515512704849 81.24705348163843 0.4818590581417084 0 19.02808047831059 76.15615232288837 547.5479636713862 268.5830787196755 69.70471197366714 35.5108440965414 2.609019234776497 6.776456817984581 163.2028671205044 3.237011909484863
8772.986419338733 0.5559262707829475 411.4545434340835 32.54705205559731 6.616694137454033 1360.201208785176 6375.5949806422 6034.245094060898 55.88536182790995 2052.021410200745 303.0730891227722 483.6344788260758 45.70040656626225 10484.09651597217 126.2811858132482 1.869694799184799 658.6888566873968 139.3622520789504 147.0940081551671 202.1395296826959 208.6152316629887 3.477405101060867 234.7711376175284 190.6976780667901 1.110310524702072 384.5305287204683 74.98072799295187 344.8911356851459 6098.69865142554 2678.4126489833 13.96539398282766 187.7528317570686 76.23526243120432 970.5056152530015 28.28588910400867 493.1091771684587 59.90581750869751 564.6581604927778 134.8134918883443 349.1153032630682 28.93477128446102 14.23796232789755 12.50156520307064 0.1716457605361938 0.2862371727824211 1.945916146039963 4.40652384608984 0 1.149517610669136 9.615270771086216 5.07923873513937 31.46099742501974 4.289079323410988 0.3860538974404335 1.746724285185337 0.1175327897071838 4.561294503509998 1.187312126159668 30.24343479424715 0.08596869558095932 0.5636859834194183 0.3156224936246872 2.051937617361546 11.65787093341351 8.457931637763977 3.076928995549679 118.8349180519581 0.122363805770874 1.890540137887001 7.6111741065979 161.8767362460494 4.202971927821636 10.76187963038683 0 0.1907697767019272 0.1910416930913925 1.966455310583115 2.334053173661232 19.47204244881868 1.784154452383518 7.22602641582489 1.265228122472763 10.84511562436819 0.7898031696677208 0.2997783198952675 1.201642483472824
0.1937783360481262 11.8292497843504 0.3862081319093704 47.41695946455002 1852.171037130058 1722.024075597525 8.067013241350651 291.9017356038094 1101.429213225842 94.84680955857038 20.98165756464005 1018.777710407972 14.13100183755159 126.2811858132482 253.0624948590994 0.1419321000576019 0.3127274736762047 7.077995523810387 3.245043560862541 121.2922422960401 0.1045181900262833 86.68289217352867 0 744.2907186672091 2.657605350017548 7.671292580664158 44.82460679113865 55.61208444833755 56.21919150650501 0.7506366521120071 1.904300652444363 178.2578902095556 1.112019680440426 73.50266882032156 2.223292380571365 113.2831733524799 4.550259992480278 60.47563522309065 16.95428760349751 1329.711957678199 75.16679441928864 1.95281595736742 2.253851905465126 0.3190519511699677 0.158571869134903 0 31.22502605617046 0.1965678334236145 2.612672127783298 1.244601100683212 2.892114639282227 27.61559811234474 16.4633399695158 0 58.35840956121683 0.2466812655329704 1.486212134361267 20.49247655272484 4.877788506448269 0 0 0 18.1579599827528 1.48078890144825 1.301338255405426 1.781016856431961 172.1490831002593 0.1200728565454483 0.3050053939223289 0.2128095775842667 88.91584784537554 0.8284650444984436 2.200345039367676 0 0 0 0 0 40.39015212655067 0.9248800128698349 2.361490517854691 2.84248423576355 107.4128437787294 0.1132039204239845 0.9511506855487823 0
0.2676621377468109 31.17012714594603 15.19924122095108 0.3325822800397873 0 0.9317658469080925 39.30221705883741 2.758583195507526 197.9162630587816 1.653178587555885 0.1166799142956734 0.2016934007406235 16.52145140618086 1.869694799184799 0.1419321000576019 3931.877162851393 4.174134656786919 0.1745948493480682 1.209277763962746 0.3718438372015953 3332.351264759898 3223.934708848596 4224.561192564666 2813.711402215064 2.045154593884945 4.768289402127266 3432.928430967033 1446.783196821809 2.919028505682945 3.791295096278191 0.3445397391915321 0.0961187481880188 1.279530227184296 45.08981405198574 15.06156753003597 813.7380753606558 275.0668451189995 171.6853586509824 179.4825606867671 4.813332244753838 1.775441825389862 5.050156444311142 2.926266215741634 0.2965982779860497 8.956787042319775 65.45687679201365 0.4015893936157227 0 0.3343897238373756 20.45454256981611 2.43060789257288 35.64414681494236 1.996076889336109 0.1563365161418915 0 0.1337569057941437 1.955724753439426 0.3436703383922577 1836.933525182307 4.289722539484501 0.7287166565656662 0.9308884590864182 0.1247118562459946 638.2541837692261 1395.960519716144 1965.190746411681 157.4243919700384 0.486216813325882 8.331607677042484 899.5375551879406 260.8588116839528 9.429473966360092 71.14752120524645 0.1813310533761978 0 1.964533142745495 9.868754602968693 1.162127956748009 272.8151570856571 32.09429115056992 11.97746670991182 8.238610111176968 5.657942302525043 0.5627207830548286 5.091384649276733 0
237.0650462508202 1.708400003612041 1916.889740373939 4.876824889332056 0.4858429357409477 59.01110638678074 563.3811809904873 553.8608764521778 2.38179524242878 33.26335026323795 179.3805132210255 3.146862342953682 7.259140834212303 658.6888566873968 0.3127274736762047 4.174134656786919 1063.184110734612 95.10646624490619 3071.835531596094 3.153568632900715 437.1847015544772 2.938683651387691 4921.940234705806 13.55325461179018 0.5011307448148727 645.8644372969866 2192.100076511502 91.83735819905996 696.9352079629898 1942.803381629288 0.4407481178641319 4.705766927450895 118.8095677495003 3395.322983626276 39.73060537874699 1668.729772500694 1734.968257971108 4248.4098341465 718.5607276335359 36.75107721239328 3.882070809602737 6.168884947896004 4.717937186360359 0 35.96584491431713 18.90400585532188 0 0 0 0.3603134825825691 0 1.462818257510662 0.1741329804062843 0.09456851333379745 0 0.7768298909068108 0.1804499477148056 0 4.940532803535461 4.33107266575098 1.44377913326025 12.89948885142803 0.3963610827922821 2.277906209230423 5.196203894913197 5.527654342353344 2.799016453325748 1.067408233880997 264.5603918135166 314.7939880266786 8.103448010981083 0.5441755428910255 1.681610211730003 0.5003713369369507 0 0 0.8288623988628387 5.994066253304482 7.171959735453129 102.3919161334634 1.722079016268253 2.558201551437378 0.3284163251519203 0 0.146822452545166 0
8.716688252985477 4.497916184365749 26.93414884060621 2.021600902080536 5.875690452754498 90.27695150673389 37.75531180202961 65.15513448789716 1.781487926840782 67.82110925763845 2442.197404697537 34.09654766321182 56.35234345495701 139.3622520789504 7.077995523810387 0.1745948493480682 95.10646624490619 1139.761297017336 761.227023422718 12.54941315948963 2.28830873221159 0.4523529559373856 11.20976191014051 8.936870880424976 47.8615491092205 3830.715778127313 790.6606420502067 13.52590373903513 163.2591105923057 17.6290834620595 76.31377007812262 67.44821743667126 3.088801577687263 1496.504951093346 4.016386680305004 534.7476362735033 2081.389267623425 1603.075637355447 637.9520097672939 42.16820212453604 5.559595912694931 16.98496640473604 3.750826835632324 0 4.359759539365768 0.213399313390255 0 0 0 0.2782036289572716 0.1167024150490761 0.6884030476212502 0 108.5567851290107 0.2030497416853905 397.0842547640204 0.4434094429016113 0 1.393352411687374 0.2179166302084923 56.79978823661804 7.625993467867374 0 0.1736310869455338 0.6021242365241051 0 4.117242403328419 50.38785693049431 191.9598532691598 129.5702401548624 6.362771555781364 0.111258789896965 0.4582304060459137 72.08945943415165 0 0.1202660351991653 0.6557852327823639 1.148117765784264 4.209713652729988 113.0132756382227 3.195496886968613 1.082907192409039 0.6021760255098343 0.1365300118923187 1.620422095060349 0
29.12647123634815 9.47996336966753 73.58783987909555 1.191015794873238 1.580943129956722 40.62710123509169 64.35396365076303 91.20553164556623 2.948960356414318 46.66298995912075 703.164114959538 18.68403241038322 10.43942519277334 147.0940081551671 3.245043560862541 1.209277763962746 3071.835531596094 761.227023422718 2599.487386420369 7.263934031128883 22.74865226447582 5.127150140702724 127.5980413779616 8.142650127410889 5.444626942276955 4442.098666630685 1583.118334077299 13.18513571470976 205.8840763606131 135.8304288312793 2.898522131145 22.82082699984312 15.8644090667367 3512.348733574152 8.634717188775539 866.3373534679413 1762.477905109525 4029.639079928398 911.4538949206471 20.82818312197924 0.3717411607503891 5.025696456432343 2.385444715619087 0 43.5373497158289 2.491868287324905 0 0 0.1903207898139954 0.303117960691452 0.5004681199789047 2.207737617194653 0 8.843538194894791 0 27.7060170173645 0 0 0.7857840433716774 1.306533440947533 9.730814054608345 21.72296267002821 0 0.4763813763856888 3.219148635864258 0.3594902232289314 3.193213902413845 10.58900230377913 271.0499465167522 248.8841875940561 3.289174936711788 0 0.08447829633951187 6.648289211094379 0.1043497174978256 0 0.749078243970871 1.871124491095543 4.176736325025558 97.05844710767269 1.760098449885845 1.098483525216579 0.4505151957273483 0 0.1679860800504684 0
20.81758576631546 0 2.86770623922348 3895.05675894767 4.292033351957798 245.0772352963686 32.37373658269644 159.9615093879402 576.5459120720625 3755.191007748246 20.05737290531397 4900.160905122757 3.777352385222912 202.1395296826959 121.2922422960401 0.3718438372015953 3.153568632900715 12.54941315948963 7.263934031128883 742.7500405460596 0.3969495445489883 1.84702605009079 1.524690367281437 789.6199603304267 0.0803862139582634 13.47006607055664 4.982566736638546 1866.502607621253 155.5715825036168 4.491111658513546 1.089238002896309 10.17098301649094 2.388042561709881 129.6812303736806 14.91121435910463 304.1241608411074 9.561461232602596 230.9393427148461 40.06926058232784 330.0699656158686 25.61790486425161 0.9290615096688271 8.978029288351536 0.5619040429592133 0.4148868396878242 0 33.59324163198471 0.3758405596017838 4.401533745229244 9.865926213562489 10.60165951400995 95.42914055287838 19.04177050292492 0.3744286149740219 41.96344492584467 0.2163646519184113 7.60801487416029 10.36388675123453 2.95278388261795 0.148052766919136 0.2200989723205566 0.3427381366491318 24.14774586260319 0.7210634425282478 0.6390607357025146 0.5093014016747475 369.9905507043004 0.2153663113713264 0.09796922653913498 1.467233844101429 265.9760640859604 4.280272349715233 2.800271771848202 0 0 0 2.039871595799923 1.501154661178589 32.92393306642771 0.125346764922142 2.526866145431995 2.226003497838974 56.35801765322685 2.202228471636772 0 0.1731841266155243
53.45780947804451 1.878899201750755 318.7577075511217 3.435005739331245 0.2162719592452049 31.71045960485935 2036.452927455306 214.7717873305082 49.84375141561031 30.02584444731474 6.24702575057745 0.9123670980334282 20.72130264341831 208.6152316629887 0.1045181900262833 3332.351264759898 437.1847015544772 2.28830873221159 22.74865226447582 0.3969495445489883 9686.977686561644 382.4872939586639 7619.11640393734 554.7895967513323 0.5082321166992188 31.81360334157944 825.2366358265281 6455.225816503167 116.8761368617415 7015.489254318178 0 1.497082389891148 43.90178732573986 2848.505404248834 242.6987359970808 6832.088053643703 1029.879752129316 4148.389905013144 2877.107261374593 54.40147135406733 7.988902598619461 19.87286538630724 19.60826642811298 0.7328337877988815 1.324590899050236 7.772092789411545 0 0 0.1245457530021667 8.927799932658672 0.991669662296772 3.367188364267349 0.4486701190471649 0.1673157066106796 0 0 1.120207771658897 0 754.9965763241053 2.243080966174603 0.7410410344600677 1.2367192953825 0 699.7424867227674 409.5536883026361 501.8264258280396 53.81225763261318 0 2.337390795350075 29.09584000706673 201.5643935501575 7.685317680239677 76.80245961993933 0 0 2.596365213394165 9.886910408735275 31.26345407962799 180.9535455256701 4.448349520564079 7.059681005775928 6.703774228692055 7.403647571802139 0.1836121827363968 4.591091766953468 0
0.7475737035274506 1918.268595315516 7.331714011728764 0.9186674058437347 1.154908716678619 1.752248786389828 16.60541351139545 16.19755284488201 2308.477651745081 2.463035568594933 19.08480605483055 12.27717125415802 157.0490099415183 3.477405101060867 86.68289217352867 3223.934708848596 2.938683651387691 0.4523529559373856 5.127150140702724 1.84702605009079 382.4872939586639 1168.211721464992 478.5658211186528 7084.805518738925 483.5268256887794 61.21792020648718 4422.854890041053 269.1055996343493 5.003776088356972 6.444940850138664 16.39500091969967 0 1.289439529180527 6.659294463694096 5.295642450451851 66.95129483193159 29.60941267758608 32.85178307443857 17.2310925424099 25.17630518972874 0 7.810262985527515 0 0 61.87417355179787 148.0592150837183 0.706811249256134 0 0 4.445015653967857 0.132203072309494 13.01133795082569 0 2.179832614958286 0 7.367905735969543 0.5988771244883537 0 749.8160378858447 3.079803675413132 0.872562974691391 1.296502880752087 0 173.1815517544746 401.623255610466 649.9194959625602 38.75960962474346 4.3753761947155 34.1495009958744 1632.042764611542 66.81852982193232 1.471488192677498 14.67168562114239 0.4923625662922859 0 0.1236172541975975 2.396232299506664 0 27.26965434104204 23.39286720752716 7.909289047122002 3.51664212346077 0.3925047889351845 0.5322806835174561 0 0
76.62469199299812 1.285562582314014 9092.793678082526 1.200695596635342 0.6862110197544098 28.55987244471908 1563.339456781745 219.178848311305 15.47932106256485 27.30861005932093 8.683045193552971 2.437941618263721 30.69007784128189 234.7711376175284 0 4224.561192564666 4921.940234705806 11.20976191014051 127.5980413779616 1.524690367281437 7619.11640393734 478.5658211186528 11495.42640739679 555.4819966629148 0.7323273718357086 889.4299617111683 8650.097181804478 2689.657481469214 123.0560185834765 4783.410755351186 0.1073815301060677 4.554837323725224 38.12514258176088 3007.224949195981 216.7108374759555 9563.326265662909 6271.992203690112 6228.724455714226 4969.423645153642 123.2502987831831 14.94448781758547 26.39306747168303 33.43669310212135 0.09395105391740799 33.52219419181347 369.4165414050221 0 0 0.8457673192024231 17.76164016127586 2.230036094784737 2.526020094752312 0.9297256097197533 0 0.2715218067169189 0 0.5020101517438889 0 1362.443418554962 6.325079783797264 0.1003137081861496 0.9195436462759972 0 150.9938613325357 709.1370595693588 1729.61358807236 21.05026929825544 0 23.35321410745382 1888.78170684725 75.25709626078606 2.194646134972572 7.135756999254227 0.1562856137752533 0 0 10.95164658129215 51.0844289958477 302.4072246998549 90.75857503712177 11.90518850833178 14.19326340407133 4.03224927932024 0.180707722902298 2.910152643918991 1.600541472434998
60.3285249248147 625.249471090734 54.39107378572226 2124.789660729468 15.89430640637875 253.0570397228003 1877.503636345267 447.2158358022571 8567.366867333651 1118.105519466102 16.95944304019213 524.4714111536741 40.2601350620389 190.6976780667901 744.2907186672091 2813.711402215064 13.55325461179018 8.936870880424976 8.142650127410889 789.6199603304267 554.7895967513323 7084.805518738925 555.4819966629148 13242.32701924443 88.31994647532701 41.41034967452288 2633.969836205244 10035.26414150745 604.3220548704267 44.57476659119129 3.628112860023975 5.489643141627312 146.2287396118045 331.9749459549785 104.2083937004209 1585.924122489989 91.88118126988411 455.982268601656 228.3449971973896 358.2657208666205 28.19566406309605 3.206002220511436 17.09990392625332 11.20319106429815 12.65500759333372 21.55916094779968 164.677157945931 2.124766983091831 36.80501572787762 140.7474453896284 136.8477066978812 1724.318164102733 100.5892117545009 5.140869103372097 86.98191161453724 1.972966842353344 87.90129774808884 43.25785829871893 488.1149643212557 2.20627149194479 1.312452971935272 3.596312522888184 91.25374130159616 229.6443386673927 305.8025153577328 100.9327856227756 3546.77123362571 1.582385152578354 19.23766674846411 172.346251308918 3261.695097401738 87.75560096651316 149.2430427372456 0.2294945940375328 2.063877984881401 7.932698234915733 33.50431052595377 7.169529810547829 325.486774995923 11.78947496414185 83.95740423351526 30.82541219890118 253.6079897731543 24.17052971571684 2.052910156548023 7.65599299967289
0 1444.246631316841 0.6793267354369164 0 0.5638791099190712 3.596575126051903 0.1102321818470955 1.04185226559639 125.5736050456762 0.514070987701416 791.7677200436592 0.2204183712601662 5290.049730718136 1.110310524702072 2.657605350017548 2.045154593884945 0.5011307448148727 47.8615491092205 5.444626942276955 0.0803862139582634 0.5082321166992188 483.5268256887794 0.7323273718357086 88.31994647532701 521.4270862266421 597.3597117140889 5825.211546458304 1.197213597595692 0.8825493231415749 0.09222836047410965 258.2036635354161 1.078140191733837 0 60.4357101842761 0 112.4270765930414 219.1202338114381 391.1348202303052 30.8790912181139 12.73385841399431 12.12903292477131 1005.423419803381 8.174968004226685 0 96.1632517427206 0.2682951614260674 0 0 0 0 0.1092494353652 2.209780186414719 0.08436388522386551 139.2788510024548 0 820.0451309382915 0.3035562857985497 0 0.2028689160943031 0.1172099336981773 18.72227693349123 8.974915131926537 0 0.3520752191543579 11.07966431975365 0.1300694197416306 2.060094244778156 200.6232668459415 186.4812249094248 483.1919417753816 0.1747123673558235 0.2375380173325539 0.101966381072998 49.37351021915674 0 0 30.82805625349283 0 14.35300900787115 46.57023341953754 31.4516821205616 2.740003652870655 0 0 25.51345293223858 6.20079517364502
59.58729808777571 143.627537496388 4900.847837992013 7.221521712839603 7.555452525615692 132.8837863206863 634.1897368244827 352.9830100610852 29.02018221467733 100.5789616592228 3579.061728894711 27.46357851848006 623.2293476387858 384.5305287204683 7.671292580664158 4.768289402127266 645.8644372969866 3830.715778127313 4442.098666630685 13.47006607055664 31.81360334157944 61.21792020648718 889.4299617111683 41.41034967452288 597.3597117140889 26981.25837858766 22160.29573080689 100.4004252552986 212.8438483029604 141.1442928314209 1553.644139692187 62.64878221601248 9.136046461760998 1339.068799618632 19.40019393712282 1993.22467558831 9711.555239602923 4164.348145052791 1336.124353840947 68.20106958597898 13.73000793904066 93.56767436116934 11.25565422326326 0.2180065587162971 400.4032049849629 18.91690741479397 0 0 0.6545923054218292 2.29381363093853 1.503915898501873 5.78384667634964 0.8860547319054604 425.1182768791914 0.3025563284754753 1852.116115860641 2.554695904254913 0.1433566957712173 3.246548861265182 15.51509460806847 422.3301710486412 304.2414989024401 0.5191150978207588 1.911197237670422 20.55083779990673 5.37477719783783 11.78474830836058 521.2783316671848 3901.781924135983 4220.295030795038 7.369434334337711 1.701768189668655 2.256747864186764 351.9897873997688 0.7604664862155914 0 18.85666804760695 2.649895876646042 21.82855392992496 1309.49379581213 42.6731279566884 10.97877117991447 1.776327565312386 1.060713708400726 3.634386941790581 0
12.59612856060266 4817.348337225616 4658.007998526096 3.055985741317272 2.187917441129684 39.80200455337763 290.638327203691 60.35506027936935 1037.881390340626 33.19420466572046 936.8753124549985 16.26668348908424 3730.097329489887 74.98072799295187 44.82460679113865 3432.928430967033 2192.100076511502 790.6606420502067 1583.118334077299 4.982566736638546 825.2366358265281 4422.854890041053 8650.097181804478 2633.969836205244 5825.211546458304 22160.29573080689 30650.9099085629 1591.850576892495 58.23771040886641 55.58808867633343 898.6377110630274 24.78643862903118 5.135620027780533 2082.865996167064 95.28319871425629 4959.803674243391 3621.544608913362 6642.08396191895 1958.567417956889 143.974121466279 14.5418017283082 66.3184137865901 23.33341809362173 0.8576093167066574 3465.021096043289 1602.411592438817 0.2209548130631447 0 1.104457266628742 18.38837628811598 1.809419803321362 15.35412362217903 1.039885982871056 278.7967223525047 0.7015892118215561 1454.183965295553 3.788121894001961 0.5422159805893898 407.6107834428549 110.3506544083357 326.3461671844125 297.6201713681221 0.2485702782869339 59.42559102922678 1322.835686095059 621.8071322143078 74.60452447831631 954.972817748785 6024.111448846757 15723.20544415712 92.11373399198055 2.720520325005054 12.30793505162001 334.8278824985027 0.5140665844082832 0.4032458066940308 36.33135039359331 19.34591219574213 166.4513272568583 1627.640612892807 112.8383243083954 53.81605044007301 4.604685641825199 0.5524774491786957 7.045550383627415 0.5120803713798523
88.00664848089218 7.455142661929131 646.2918660715222 4037.681270621717 3.989386349916458 1870.888742305338 19381.72657800466 493.3504427745938 1195.229395717382 7268.944532163441 19.5171535462141 644.9091136753559 27.34229578077793 344.8911356851459 55.61208444833755 1446.783196821809 91.83735819905996 13.52590373903513 13.18513571470976 1866.502607621253 6455.225816503167 269.1055996343493 2689.657481469214 10035.26414150745 1.197213597595692 100.4004252552986 1591.850576892495 29574.8274294287 918.2426868975163 4232.120604485273 0.8766006603837013 13.3452323526144 323.3720002919436 810.9496505856514 212.8360537141562 3899.009225681424 361.4683065339923 1125.415124900639 610.19837410748 377.686256699264 59.94040215760469 13.95723224431276 37.66614362597466 8.722222775220871 3.592441454529762 21.27479833364487 114.5633998736739 1.397908821702003 22.61291781067848 159.2419203519821 79.02497947216034 576.7553488388658 72.66822849959135 3.994368515908718 58.40818877518177 0.3399960994720459 54.294318549335 25.41484093666077 622.6378492489457 4.276943512260914 2.00041314214468 3.465850315988064 65.16125889122486 498.6282648220658 238.5947630777955 125.7357350960374 2030.3062550053 0.4648950546979904 5.627134241163731 120.2600344270468 2476.240155056119 74.36947342008352 243.8914447799325 0 1.255064226686954 12.67651153355837 36.87491764873266 15.9440433382988 348.7001752480865 10.71204402297735 69.92185424268246 27.37950996309519 186.527331545949 21.99928592145443 1.278769187629223 3.87473651021719
