2253.931433163583 0.7623596861958504 29.80023209005594 36.06662138551474 0.2186775654554367 30.48849714547396 2624.222299292684 418.2046212106943 31.8518895432353 120.9797249063849 113.3410783559084 4.992824167013168 0.08417893946170807 5640.740315422416 1.113916888833046 2.497193329036236 305.4883739948273 22.96107362210751 110.8999368026853 17.96900368481874 20.63477247953415 1.860975116491318 105.809560418129 203.7969399765134 0.4246890470385551 57.48044706135988 42.53533009439707 303.2432210370898 3705.939268831164 4711.818734303117 0.2841208204627037 6.270944256335497 88.972431845963 350.3620634637773 1.3190848082304 89.86576361209154 21.26804454624653 200.4764212220907 44.44431951642036 4.233921959996223 2.774869590997696 0 1.933780170977116 4.436012998223305 0.6374957710504532 1.03420689702034 0.1526292562484741 0 2.399299480021 3.246131964027882 5.138481423258781 9.724435292184353 0.1827561557292938 0.4632789567112923 0.1766680330038071 0 9.524685427546501 0 6.357254602015018 0.3100255206227303 0.1890418380498886 0.8112597540020943 1.099860675632954 6.881898574531078 0.6693558916449547 0.3177269846200943 67.68049813807011 0 2.869564205408096 5.390992067754269 54.46410861611366 10.18978537619114 6.138882555067539 0 0 0.3040992692112923 0.9956886172294617 0 25.75308218598366 2.488492749631405 9.785263262689114 3.150103040039539 3.355377517640591 1.986399978399277 0 0.154573917388916
0.7623596861958504 182.3723151832819 72.84767361730337 0 0.4087566584348679 0.258658230304718 1.400708824396133 1.011493764817715 494.655522800982 0.3101199045777321 75.74589769542217 2.42647147923708 744.7609700486064 1.562200978398323 8.339688122272491 151.6843232363462 85.07270646840334 13.27859634160995 21.89766668528318 0.5023687779903412 11.40314707159996 3284.984882988036 9.131226763129234 677.4274933412671 1321.270063683391 330.863364495337 6516.393126569688 11.13632943481207 2.387989901006222 2.656328983604908 17.83093939721584 0 0 16.0374900251627 0.1816031932830811 58.32674127072096 125.9249080866575 71.40770123153925 15.12716238200665 23.82348795235157 0.2698107957839966 58.52549910545349 0.9459174275398254 0.1761340945959091 30.8967482894659 69.91567242145538 0.9729401171207428 0 0.2028881907463074 0.1699422001838684 0.2592337131500244 2.020445100963116 0 12.90325087308884 0.1446648687124252 43.561548627913 0.2508235201239586 0 7.28106065094471 20.45404044538736 2.662754625082016 24.01502618193626 0 0.4555541947484016 5.126845300197601 4.320859357714653 4.854118712246418 177.9366603046656 322.7893318012357 1160.664792701602 1.873435355722904 0.3604094684123993 0.4289610311388969 1.099339008331299 0 0 12.7362957149744 0 12.94092796742916 18.71226350963116 22.55606019496918 3.000642955303192 0.2081544399261475 0 1.148483693599701 0
29.80023209005594 72.84767361730337 5967.026938907802 5.991239547729492 0.09209214150905609 251.3865898251534 1617.856829836965 459.8696487620473 3.758685767650604 130.680515550077 6.739873327314854 0.8575960621237755 5.837160706520081 334.8523806482553 0.2615694031119347 8.591768011450768 6073.418008483946 2.446638628840446 60.54062202572823 1.484719559550285 777.6809653788805 25.25185625255108 9855.134195908904 60.36915554106236 0.946597158908844 9969.349402919412 8335.886260338128 869.6208298802376 35.12339518964291 431.4825463369489 2.963290989398956 2.271715730428696 4.282685451209545 147.7028722241521 6.735238172113895 669.8635257259011 3367.206328079104 677.1671784371138 182.435717843473 9.603161737322807 1.727304048836231 1.873221889138222 2.51332850754261 0.807316280901432 292.0954675450921 1249.675825536251 0 0 0 3.291283294558525 2.273876838386059 3.753611288964748 0.8112292736768723 2.443648748099804 0.1800457090139389 3.099470034241676 1.700957641005516 0 17.61060835421085 303.6569899097085 1.659785516560078 65.11563220620155 0 9.772156320512295 61.71455102413893 102.5038109943271 26.02362170815468 3.880563795566559 964.5685698539019 2931.821290224791 14.59494073688984 2.865850940346718 7.567376881837845 0 0.2598081827163696 0.1218201369047165 70.1638915091753 0.3313460350036621 137.1783821284771 1082.433906763792 112.9519333168864 28.82850667834282 3.145966216921806 1.080026477575302 17.87705256044865 1.90554641187191
36.06662138551474 0 5.991239547729492 2696.061194166541 1.146537236869335 80.86971807479858 195.8910492658615 105.649669200182 1367.690988771617 5889.072825200856 6.577584832906723 3468.754577867687 2.385163031518459 163.1598281636834 35.22876945883036 0.2750632911920547 0.4448810294270515 2.786506853997707 3.168264530599117 5937.097324579954 0.3922582119703293 1.664281919598579 2.333092458546162 2286.781555578113 0.6718429028987885 1.990601304918528 4.316720217466354 3987.267194852233 187.0061929896474 4.219858199357986 0.1548634469509125 8.805381290614605 0.09758078306913376 81.32129210978746 11.25685406476259 377.4681375175714 6.206449523568153 282.1148124039173 66.08904679864645 146.8412835747004 49.39426689594984 0.5296667814254761 14.82094467431307 3.883557394146919 0 0 230.2755544036627 0.3238444924354553 65.03479737788439 68.99908671528101 59.04459550231695 112.3667230680585 118.7735561355948 0.7030318975448608 111.1945573911071 0.09645070135593414 22.52925722301006 4.64264402538538 0 0.5400068312883377 0 0.1053582206368446 128.3237885460258 0.2028735727071762 0 0.282331645488739 247.5190288424492 0 0.548930823802948 1.242735520005226 320.7138300910592 16.59040746092796 0.9911731779575348 0 0 0.3940292000770569 3.451917968690395 0.4071081578731537 73.14383529126644 0.2059303522109985 10.72770491242409 2.735148712992668 98.66759388893843 0.9836171418428421 0.4481369256973267 0
0.2186775654554367 0.4087566584348679 0.09209214150905609 1.146537236869335 10.69552853703499 162.3070341870189 0.5950474664568901 7.748944327235222 138.6019995212555 3.232244625687599 1.211176812648773 111.2283037155867 0 1.37924874573946 708.8951866775751 0 0 0.1708349883556366 0.1395830661058426 3.012987464666367 0 2.823537707328796 0 13.3609509691596 0 0 0.4992907792329788 0.6106233894824982 110.1215881034732 0.2721839174628258 0 99.96448589861393 0 116.976749509573 0 22.3368711322546 0 51.20287919044495 0.71968774497509 1198.577313475311 97.66729986667633 0 0 0 0 0 0.6596664786338806 0 0 0 0 0.3333120942115784 0 0 0 0 0 0 0 0 0 0 0 0 0.128564178943634 0 0.5762388855218887 0 0 0 0 0 0 0 0 0 0 0 0 0 0 0 0 0 0 0
30.48849714547396 0.258658230304718 251.3865898251534 80.86971807479858 162.3070341870189 11223.50134658813 2110.531245626509 5049.590659085661 127.80895870924 8392.825140785426 44.89525588974357 3173.038343925029 10.27540319412947 640.6284038722515 1691.619125053287 0.1353795826435089 82.29780016094446 12.95262316986918 16.07624370604753 217.6217879280448 9.133941002190113 0.388093963265419 60.98401138186455 331.8233658969402 4.347741886973381 88.70601773262024 38.93710783869028 481.4048563688993 355.0955078229308 131.7264593914151 1.712867118418217 471.2297013513744 0 388.6629697307944 3.36134472489357 208.4082964062691 20.24425449967384 318.7917636297643 33.64895629882812 1696.709644764662 165.6113333329558 3.26747453212738 4.725123018026352 2.598181739449501 0.7873858362436295 4.415873199701309 24.11572472751141 0 7.477338448166847 67.65246912837029 25.22520114481449 32.95968618243933 24.43265620619059 1.007244169712067 10.87669309228659 0.09163618087768555 17.80605138093233 0.3472833931446075 2.017806313931942 0.4955810606479645 0 0.1635012924671173 11.09374207258224 0.2373335957527161 0.7990012913942337 2.633982375264168 136.12134963274 0.09157072752714157 2.265337146818638 15.96778158098459 134.4687671810389 14.83880691975355 7.166733086109161 0 0 0.4495095014572144 0.8909852653741837 0 20.3063724860549 3.043664149940014 13.90286568552256 3.199768230319023 11.58565747737885 0 0.6857655644416809 0.7253677248954773
2624.222299292684 1.400708824396133 1617.856829836965 195.8910492658615 0.5950474664568901 2110.531245626509 11753.93003641814 3686.595109190792 262.7500331252813 3444.085965599865 20.90368536859751 22.19730714708567 1.391927510499954 8470.371483631432 10.28956405818462 7.56184308975935 409.5549452453852 8.253472432494164 23.88074159622192 25.51075261458755 252.0409328490496 4.871645107865334 890.8191646710038 3139.494919009507 2.17754452675581 217.5668886676431 372.6496359705925 24564.58918306977 983.5345071069896 6094.378206677735 0.7801190093159676 13.85772017389536 7.711948491632938 159.2183237224817 21.13220240920782 988.5777393728495 125.6704558357596 441.4540526196361 146.4291166141629 69.92644814401865 35.44151069223881 0.5374819934368134 12.93013532459736 12.49637596309185 2.018108621239662 24.5938992574811 27.68276080489159 0 24.45478826761246 103.7424882799387 55.33377670496702 90.54971358180046 19.26713871210814 0.4955259263515472 10.45117631554604 0.1791405379772186 54.03037542104721 0.3966455310583115 23.62853625416756 2.095173336565495 0.6017491742968559 1.076144814491272 15.15585154294968 7.317332573235035 9.39572086930275 41.11625335365534 355.895496301353 0.3456375598907471 7.689510159194469 145.4174237325788 289.2069349437952 43.86432978510857 21.54178674519062 0 0.1484455764293671 2.261443793773651 10.35877928882837 1.657609261572361 87.95456627756357 11.57167474925518 33.06777345389128 7.102669648826122 25.75802965462208 5.147095665335655 0.1904796361923218 2.002313651144505
418.2046212106943 1.011493764817715 459.8696487620473 105.649669200182 7.748944327235222 5049.590659085661 3686.595109190792 11835.72324442491 67.71758741885424 2823.885936781764 98.42985776439309 1705.105363402516 3.737281620502472 6658.989315792918 350.1894531697035 1.104005768895149 637.3128429949284 22.34330671280622 130.1830946356058 287.4988180696964 26.75269862264395 2.484769858419895 269.9096104502678 270.1843950226903 2.805182561278343 254.4522469416261 122.536531791091 324.2976123467088 382.3755785524845 1399.187336325645 1.686332747340202 192.4910803064704 1.130794055759907 470.4747499078512 3.015191793441772 212.8278250917792 51.47190165519714 228.3846308216453 30.75847570598125 675.7301759421825 120.0348318293691 1.242178589105606 2.742641352117062 8.327163405716419 2.387638382613659 8.296457104384899 7.576993323862553 0 6.703496806323528 31.77768179029226 14.74355685710907 25.80387544631958 9.604921668767929 1.518886044621468 8.951137661933899 0.3107087984681129 26.56637096405029 0.6384362578392029 3.012480601668358 1.225369684398174 0.101836197078228 1.011146284639835 4.758942849934101 2.618428893387318 0.3630869463086128 2.845551431179047 132.2170119732618 0.5636265128850937 9.454386495053768 21.56929179280996 108.8881365284324 26.64142237603664 10.75408110767603 0 0 1.620967164635658 6.125892467796803 1.208662681281567 31.52911522239447 5.337206408381462 7.227467961609364 5.418836586177349 9.636053442955017 5.967152826488018 0.1368649154901505 0
31.8518895432353 494.655522800982 3.758685767650604 1367.690988771617 138.6019995212555 127.80895870924 262.7500331252813 67.71758741885424 1053.124840073287 466.9233976304531 6.503471285104752 1018.323860004544 18.68945569545031 74.54934924095869 1151.780621573329 21.96644259989262 1.696969993412495 1.585544556379318 3.147521249949932 1255.076688207686 9.681033365428448 2606.823447018862 3.827308543026447 10268.88530682772 100.7247872203588 16.42257506400347 233.8250855654478 1278.011010229588 135.2190444692969 64.52125629037619 0.9034039974212646 4.424309656023979 19.41138102859259 34.55623196810484 6.985170908272266 318.0072926059365 11.06942562013865 103.5762630999088 48.73983372747898 711.5924613550305 11.6346240490675 2.210201904177666 8.050281509757042 30.60029363632202 5.374810047447681 0.4837401211261749 184.2986944541335 0.156667023897171 57.36548732221127 123.733692124486 89.02114197611809 62.28074415773153 71.37937500327826 2.831278309226036 136.1641542539001 0.6595894694328308 92.55561578273773 18.14866268634796 24.33861323446035 0.2209193781018257 0.5019945502281189 0.6131565049290657 121.5669142156839 15.99634359776974 9.961873553693295 1.967347554862499 1537.203200511634 2.860975533723831 1.815175637602806 6.060081712901592 633.7639159560204 113.410863570869 70.77586990594864 0 0.1734120547771454 6.278384320437908 13.42121397703886 3.614156387746334 165.9881517961621 2.963528394699097 68.42673128843307 14.28315997123718 167.9614686444402 6.610571384429932 0.1394361704587936 1.467355214059353
120.9797249063849 0.3101199045777321 130.680515550077 5889.072825200856 3.232244625687599 8392.825140785426 3444.085965599865 2823.885936781764 466.9233976304531 27185.24412301555 69.41568148881197 5456.428541667759 6.519049003720284 1247.833585266024 23.31591893732548 0.7106537893414497 25.82836695760489 28.90983983129263 23.70149239897728 4016.465155806392 7.582217797636986 0.5580869242548943 32.98661620169878 997.3088778480887 9.251714028418064 35.41269294917583 45.68327803909779 6448.434317164123 902.0230843834579 66.42123547941446 2.996930226683617 77.27811871469021 0.0899491161108017 487.0882220715284 40.38799296319485 923.4361504614353 38.21399566531181 1435.028580226004 163.7461187765002 193.3355343192816 213.9699499309063 3.143723294138908 53.85648124665022 5.127042911946774 0.6711024716496468 2.807872235774994 132.6915903538465 0 76.58463986217976 90.83710943162441 56.54475007206202 110.4013627544045 56.45774307101965 0.7836890146136284 103.1419088765979 0.5036158189177513 22.215596370399 3.88155509531498 1.818725995719433 0 0.08620502799749374 0.1767909824848175 96.44344578683376 1.058042615652084 0.7985402792692184 2.714738920331001 282.0268987268209 0 1.773967429995537 11.60248947143555 363.7178939878941 18.13098166882992 7.160435043275356 0 0.2712890207767487 0.1020753979682922 5.00183767080307 0.6277147382497787 66.81197656691074 2.0970264300704 30.44648446142673 4.446249544620514 69.77256494760513 2.363947995007038 1.647644877433777 0.9343006610870361
113.3410783559084 75.74589769542217 6.739873327314854 6.577584832906723 1.211176812648773 44.89525588974357 20.90368536859751 98.42985776439309 6.503471285104752 69.41568148881197 9779.336842291057 106.8588649779558 3829.406388312578 209.4545032978058 3.283177837729454 0.6003241688013077 262.0321336463094 4274.742677748203 1041.467985875905 27.49415460601449 38.8244406580925 14.84431514143944 62.34612795710564 13.16628421843052 1711.49695699662 2061.331754751503 2478.929546244442 14.38779075443745 387.4159292280674 123.6876123994589 1239.161492578685 15.79653217643499 32.20040600001812 5288.47828438133 27.96942694485188 1186.101183332503 7378.746845290065 9000.992990262806 1958.938883967698 16.68397396057844 27.83400858193636 1577.784237094223 11.65372090041637 0.08496572077274323 10.89290981739759 1.164645627140999 1.129004836082458 0 0 0 0 0.3838065639138222 0 351.8731936663389 0.08797784894704819 1021.306755796075 0.1139606237411499 0 0.7394523024559021 0.5567082986235619 166.3822681009769 9.58755648881197 0 0.2000009417533875 0 0.2537621259689331 2.977945864200592 160.3033674135804 315.2670151665807 341.176564656198 4.775738693773746 0.8410579934716225 0.7810124084353447 21.58754676580429 0 0 10.62901550531387 0.3646548390388489 37.88093299418688 625.434152148664 29.00097503513098 6.306265369057655 0 0 76.88209111988544 0
4.992824167013168 2.42647147923708 0.8575960621237755 3468.754577867687 111.2283037155867 3173.038343925029 22.19730714708567 1705.105363402516 1018.323860004544 5456.428541667759 106.8588649779558 10766.82545718551 18.99872798472643 693.6463597007096 1450.259249977767 0 1.143085181713104 37.49552772939205 22.43154976516962 5282.603398904204 0 12.67172804474831 0.4295907616615295 710.665037933737 12.36554082483053 16.88428021967411 19.35466630756855 1026.492835767567 617.6382904313505 3.563791438937187 3.439164832234383 210.809108838439 0.141592875123024 834.9788117334247 6.743582800030708 1015.705534718931 18.27659655362368 1069.308485262096 38.3015059530735 1299.628773197532 130.8947418555617 3.518351905047894 15.78194227814674 0.5977670326828957 0.5382155776023865 0.2537530213594437 134.3077333047986 0 43.23325401544571 22.8924527913332 21.24365662038326 21.55131981521845 111.5631877332926 1.487436443567276 382.3904800638556 0.09837140142917633 11.62473478168249 6.741167277097702 0.1308019459247589 0 0.1938302963972092 0.08204514533281326 135.1103591248393 0 0 0 48.79945999383926 0 0.6517868638038635 0.7942173033952713 79.99018260836601 9.665991373360157 0.7516642734408379 0 0.1010245978832245 0.1521720886230469 3.353127360343933 0.3831321001052856 41.43907867372036 0.1052532568573952 12.04327879846096 0.9932996705174446 66.76526979357004 0.195536270737648 0.3426796495914459 0
0.08417893946170807 744.7609700486064 5.837160706520081 2.385163031518459 0 10.27540319412947 1.391927510499954 3.737281620502472 18.68945569545031 6.519049003720284 3829.406388312578 18.99872798472643 3956.020157761872 4.821936227381229 1.183809623122215 3.963638752698898 3.209134168922901 40.58389005810022 11.01547830551863 2.941644780337811 4.914249524474144 109.184759862721 15.39907339215279 31.36047887057066 6060.406109891832 439.963059425354 3430.593937523663 6.823584623634815 2.704654015600681 8.684345342218876 772.9449432566762 4.068181186914444 0 556.1288537830114 156.8295837715268 1402.246668316424 7047.287230856717 4165.646666370332 350.6737533733249 76.92508701235056 161.3380213528872 2311.410295799375 19.59009696543217 0.1266824901103973 21.5275451540947 0 0.343706339597702 0 0.2755264043807983 0 1.386319845914841 0.4822670221328735 0 486.8747134059668 0 1680.86538054049 0.4313861429691315 0 1.28719662129879 0.1801318377256393 149.2594851255417 4.55735606700182 0 0.3180238902568817 0.870656818151474 1.000105112791061 2.392220959067345 410.3045033663511 257.3687730506063 360.2646795958281 1.321838960051537 0.3807462453842163 0 29.52192441374063 0.2007523477077484 0 54.34027636051178 8.405326366424561 281.9191200137138 708.5035002753139 63.60620604455471 43.36017327010632 2.766645535826683 20.86900165677071 441.9064207002521 1.295448780059814
5640.740315422416 1.562200978398323 334.8523806482553 163.1598281636834 1.37924874573946 640.6284038722515 8470.371483631432 6658.989315792918 74.54934924095869 1247.833585266024 209.4545032978058 693.6463597007096 4.821936227381229 8300.999223433435 35.53546492010355 1.294914580881596 693.6738898158073 49.07915715873241 191.2628463879228 249.4893781729043 38.27529732137918 1.462922245264053 292.977200768888 350.0035035461187 9.155219316482544 231.7327673360705 137.4511763900518 587.9703667908907 4585.437418859452 2781.256142694503 3.412565067410469 275.2096417322755 5.677361138164997 1202.598679322749 6.078142985701561 416.9544083625078 61.51209858059883 746.0183326788247 98.70611569285393 236.1315777078271 126.9018271230161 1.966226816177368 7.54763226211071 8.642528243362904 1.605736784636974 5.407834835350513 4.668285965919495 0 5.608590736985207 17.05549313127995 15.49715432524681 20.75195958465338 2.035401560366154 0.1075506657361984 2.68945637345314 0.6061640158295631 25.20769816637039 0.2351973205804825 3.905464388430119 1.868200451135635 0 0.4013856649398804 1.603595778346062 5.401992939412594 0.4706247225403786 1.868774868547916 142.6665042564273 1.072787642478943 7.73686058819294 17.97639015316963 107.9395549893379 26.24531353265047 21.94823048263788 0.1037288829684258 0 3.355890311300755 5.002623006701469 1.115052402019501 52.81557614356279 7.277208290994167 22.11221757531166 2.820767790079117 4.175011590123177 1.833499021828175 0.2825711965560913 0.5543541461229324
1.113916888833046 8.339688122272491 0.2615694031119347 35.22876945883036 708.8951866775751 1691.619125053287 10.28956405818462 350.1894531697035 1151.780621573329 23.31591893732548 3.283177837729454 1450.259249977767 1.183809623122215 35.53546492010355 298.3530825823545 0 0.2393774017691612 0.7842650264501572 0.1068335846066475 93.22182293236256 0.1144349724054337 42.31014159321785 0.1201015412807465 470.6454450562596 1.983145162463188 0.9108109772205353 3.050899408757687 24.49893389642239 24.13526048511267 0.5952438041567802 0.103735588490963 310.4906403794885 0.1189361214637756 38.91940133273602 0 294.0773339122534 0.4556374549865723 11.70053577423096 0.81399767100811 1198.091405302286 30.38855626434088 0.7733907699584961 0 0 0 0 3.332547664642334 0 4.249852418899536 1.806703925132751 4.394541554152966 2.719652324914932 0.5258810520172119 0 1.15633350610733 0.2547618448734283 0.4376770555973053 0.1923427134752274 0.2689231336116791 0 0 0 2.936695173382759 0.1789025068283081 0.1639741063117981 0 4.840086452662945 0.4493869841098785 0 0 14.13949181139469 0 0.1250855475664139 0 0 0 0 0 9.798801332712173 0 0 0 12.33586336672306 0 0 0.3078087270259857
2.497193329036236 151.6843232363462 8.591768011450768 0.2750632911920547 0 0.1353795826435089 7.56184308975935 1.104005768895149 21.96644259989262 0.7106537893414497 0.6003241688013077 0 3.963638752698898 1.294914580881596 0 2345.349011145532 18.86906236410141 1.269966401159763 1.646140739321709 0.1339341998100281 2431.978471368551 2530.866119801998 3843.026298396289 3645.668642610312 20.67758196592331 7.638445504009724 2636.298954635859 1909.22769357264 17.99409402161837 133.4488662406802 0.5124623253941536 0.1326489150524139 16.00363503396511 54.44949308782816 32.71132761240005 2122.964057125151 926.9933189302683 477.8890852108598 499.6663731783628 56.41582009941339 2.115795366466045 0.1758733540773392 19.9225719794631 10.59171961247921 6.631446987390518 20.78598356246948 0 0 0.3686849325895309 9.437013745307922 3.654871016740799 22.05872227996588 0.2888812124729156 0.222914457321167 0 0 18.92379825562239 0.1588949710130692 4206.393829114735 12.73849200457335 0 3.232869744300842 0 712.4588938206434 971.5062335655093 1979.80810149014 437.2429715767503 0.1593939960002899 9.794476985931396 589.994957767427 143.6518737152219 58.63836063444614 71.98761981725693 0 0 11.49401883035898 10.88485103845596 2.904280632734299 446.6621415168047 18.75079120695591 32.57272477447987 21.62586606293917 3.009204491972923 0.1085083484649658 0.134481281042099 1.318091452121735
305.4883739948273 85.07270646840334 6073.418008483946 0.4448810294270515 0 82.29780016094446 409.5549452453852 637.3128429949284 1.696969993412495 25.82836695760489 262.0321336463094 1.143085181713104 3.209134168922901 693.6738898158073 0.2393774017691612 18.86906236410141 1380.003214247525 70.53190567344427 1502.274907544255 0.6783758588135242 773.5650164708495 32.11525907367468 1866.409253746271 30.10875813663006 2.347997531294823 1589.438509508967 8578.531672090292 155.4316460713744 420.6417935714126 2719.19060973078 2.425055831670761 3.689025066792965 41.90825675427914 3386.089401118457 14.23867704719305 973.9130426123738 1782.902038998902 1959.474749751389 430.2419939935207 22.13325256109238 3.997679188847542 1.364260911941528 11.2430133447051 0 145.0786157250404 239.9390856176615 0 0 1.041172310709953 1.357160903513432 0.121293731033802 0.4125266671180725 0.1924058943986893 2.147963605821133 0 3.625814683735371 0.6396957486867905 0.1255175769329071 9.935376301407814 96.55909122526646 0.9321428239345551 65.54453986883163 0 2.186018198728561 8.57229770720005 14.95496293902397 5.677408240735531 9.92635902762413 532.1721758618951 884.0643294155598 1.943503260612488 1.177895545959473 1.950582958757877 0 0 0.09575409442186356 34.98801016062498 0.4653375148773193 50.4532258361578 391.7846264392138 43.55967515707016 7.649205505847931 1.028762772679329 2.461443364620209 4.994588777422905 0
22.96107362210751 13.27859634160995 2.446638628840446 2.786506853997707 0.1708349883556366 12.95262316986918 8.253472432494164 22.34330671280622 1.585544556379318 28.90983983129263 4274.742677748203 37.49552772939205 40.58389005810022 49.07915715873241 0.7842650264501572 1.269966401159763 70.53190567344427 398.6873250678182 483.5736381784081 9.499260358512402 4.6944879591465 5.044164881110191 10.43837224692106 3.938649065792561 81.25498598814011 2380.350284993649 897.8100667968392 6.076243080198765 80.9992593601346 22.63352669775486 43.16459799557924 3.940144218504429 5.916507586836815 1130.361560463905 7.291547678411007 672.0222556889057 1313.228224560618 2107.916716359556 414.664381891489 4.528290435671806 4.367855861783028 20.20848569273949 2.43672114610672 0 4.193492949008942 0.137781634926796 0 0 0.6860674619674683 0.5169907659292221 0.0880323201417923 0.2213117480278015 0 97.86109958589077 0 236.3533413037658 0 0 0.1350489258766174 0.2364261075854301 137.9259477481246 9.706196188926697 0 0 0.1015732064843178 0.227737195789814 1.550643898546696 38.04437723755836 319.3220941051841 319.740173868835 1.059962309896946 0 0.07906476408243179 16.5478279069066 0 0 0.296031579375267 0.1754640340805054 4.735456228256226 183.0391346812248 1.772562943398952 1.725059509277344 1.536565542221069 0 1.491603031754494 0
110.8999368026853 21.89766668528318 60.54062202572823 3.168264530599117 0.1395830661058426 16.07624370604753 23.88074159622192 130.1830946356058 3.147521249949932 23.70149239897728 1041.467985875905 22.43154976516962 11.01547830551863 191.2628463879228 0.1068335846066475 1.646140739321709 1502.274907544255 483.5736381784081 1848.768988423049 4.613063044846058 33.44593480974436 9.720447801053524 64.42535788565874 10.70801836997271 6.599487997591496 4156.684443958104 2961.256827294827 12.12514907121658 244.0462276265025 154.0344839394093 20.26810844242573 4.407294243574142 23.52974371612072 3875.191163159907 12.98723592609167 1526.564023688436 1199.204517126083 4016.896751262248 745.8531050607562 9.37998516112566 1.45517586171627 1.77066171169281 4.281949833035469 0.75786392390728 142.4752626121044 6.505215555429459 0 0 0.1350612044334412 0.2315243482589722 0.291390061378479 0.7152271941304207 0 22.84656365215778 0 43.02644298225641 0.6485798433423042 0 0.2790949195623398 18.65180812776089 45.93521127104759 81.41129986941814 0 0.256536528468132 1.792337208986282 1.343478105962276 1.675010271370411 27.518693767488 777.6285796910524 726.5614748001099 1.032024189829826 0.6210076808929443 1.372305870056152 3.638747684657574 0 0 16.29514605551958 0.4090344309806824 38.52271382510662 222.7008333727717 26.1711096689105 2.432344540953636 0.6930432766675949 0 6.087520569562912 0
17.96900368481874 0.5023687779903412 1.484719559550285 5937.097324579954 3.012987464666367 217.6217879280448 25.51075261458755 287.4988180696964 1255.076688207686 4016.465155806392 27.49415460601449 5282.603398904204 2.941644780337811 249.4893781729043 93.22182293236256 0.1339341998100281 0.6783758588135242 9.499260358512402 4.613063044846058 1038.524792559445 0.5431466922163963 1.417906373739243 0.3974255993962288 652.8548067286611 2.388277269899845 5.021169908344746 4.948589846491814 1596.505498021841 226.5453854501247 2.711415629833937 0.8243989497423172 32.77706001698971 0.1205594912171364 192.8823086135089 9.369355298578739 332.6099139079452 7.101594984531403 434.4833765439689 40.13875645399094 278.1779178678989 64.17122129350901 1.511296652257442 14.19705565273762 1.261531621217728 0 0 150.4675990790129 0 67.17367875576019 66.64834647625685 53.79163215309381 98.36716063320637 42.45147962868214 0.3311916068196297 102.2514913603663 0.08693859726190567 15.16603790968657 7.302503272891045 0 0 0.08619318902492523 0 105.5982528626919 0.7458486557006836 0 0 216.4920903369784 0 0.1888046115636826 0.6713328808546066 280.1738664731383 12.39466541260481 1.617523983120918 0 0 0.5745241641998291 3.295250371098518 0.2314801067113876 60.28852334618568 1.242231525480747 13.61814799904823 2.107192724943161 102.2607975825667 1.400543749332428 0 0
20.63477247953415 11.40314707159996 777.6809653788805 0.3922582119703293 0 9.133941002190113 252.0409328490496 26.75269862264395 9.681033365428448 7.582217797636986 38.8244406580925 0 4.914249524474144 38.27529732137918 0.1144349724054337 2431.978471368551 773.5650164708495 4.6944879591465 33.44593480974436 0.5431466922163963 14373.24336268008 129.8760990202427 12483.41254203767 224.4464989006519 3.151994086802006 37.34485396742821 1380.375177592039 2558.632333874702 137.8697221130133 7560.908379875124 0.219412237405777 0.5319981276988983 48.0858393535018 2637.361686803401 164.0714870467782 7816.095025718212 1339.641313962638 6355.93552146852 3136.760912686586 321.4922369644046 11.13162932544947 2.722663506865501 104.5041551068425 11.41834864765406 1.741518899798393 12.32452373206615 0 0 0 4.330472327768803 5.395617224276066 13.59064927697182 0.1658480167388916 0.1325323879718781 0.6617197841405869 0 22.45274788886309 0 683.6891943439841 7.597358658909798 0.4336503520607948 1.900892965495586 0 372.3023478910327 118.1269279569387 227.7711081951857 264.5837001353502 0 8.397129781544209 48.18917329609394 107.5652718469501 59.62676464766264 50.85249456763268 0.09392555803060532 0 12.7068770378828 7.544649533927441 3.392594836652279 155.1316788718104 12.88074415177107 23.67835653573275 19.27337634563446 1.407242760062218 1.647707365453243 0 0.9095493704080582
1.860975116491318 3284.984882988036 25.25185625255108 1.664281919598579 2.823537707328796 0.388093963265419 4.871645107865334 2.484769858419895 2606.823447018862 0.5580869242548943 14.84431514143944 12.67172804474831 109.184759862721 1.462922245264053 42.31014159321785 2530.866119801998 32.11525907367468 5.044164881110191 9.720447801053524 1.417906373739243 129.8760990202427 3125.632343187928 176.8741150647402 6703.107957050204 595.3671396523714 72.4566241055727 5385.847416222095 72.2193956002593 5.450412675738335 16.72631397843361 6.541058011353016 0.1893179714679718 2.842614091932774 11.60895051807165 0.3838704973459244 56.05658240616322 51.58301836252213 38.56041096895933 13.49054285138845 112.0146452784538 0 7.58298160135746 0.1918855160474777 5.318168446421623 28.26442749798298 140.5442834496498 4.381564617156982 0 0.332693874835968 8.047722138464451 6.393472857773304 35.97811958938837 0.3361334502696991 1.316189303994179 0.1103346645832062 2.590251937508583 8.37055715918541 0.1599245071411133 1341.746174357831 27.95058255642653 0.9924347177147865 4.746458053588867 0 168.544286057353 258.4495265036821 540.9687358960509 300.7845293879509 14.53190419077873 33.47390159219503 1459.366657577455 77.23215597122908 25.48520142585039 19.01555915921926 0.3434093296527863 0 2.435805931687355 9.025456361472607 1.353828646242619 79.25706324726343 15.76666048169136 33.85380249470472 16.92389032244682 1.636459097266197 0.1559502780437469 0.9228356629610062 0
105.809560418129 9.131226763129234 9855.134195908904 2.333092458546162 0 60.98401138186455 890.8191646710038 269.9096104502678 3.827308543026447 32.98661620169878 62.34612795710564 0.4295907616615295 15.39907339215279 292.977200768888 0.1201015412807465 3843.026298396289 1866.409253746271 10.43837224692106 64.42535788565874 0.3974255993962288 12483.41254203767 176.8741150647402 18434.40475600213 480.3815748244524 4.383535243570805 580.1033279895782 14941.93182170391 4908.203715413809 166.6285902634263 4318.653371721506 0.6829487830400467 0.9866145551204681 22.77483826875687 3551.678359679878 206.8571513742208 10022.28725077957 6988.512258581817 7915.050704807043 5213.164219379425 409.9547244310379 20.05397403985262 4.537936896085739 123.8194746077061 3.182396300137043 46.36359629034996 465.7005646526814 0.5243583917617798 0 4.210831671953201 30.00473576039076 4.797258637845516 2.495194382965565 2.711644008755684 1.108916044235229 0 0.1569226384162903 7.284088559448719 0 1979.103164978325 53.73192097991705 0.1051859334111214 3.280264265835285 0 186.4782530963421 370.1012410894036 1614.366075456142 99.52717357873917 0.5589810013771057 29.79862986505032 2688.707091867924 64.47154372185469 13.25539132207632 24.37503076344728 0 0 1.956688843667507 17.29409801959991 13.31713496893644 505.7283178642392 265.9677500426769 69.97109103947878 53.36920562386513 2.504624217748642 0.6814037188887596 0.502093717455864 1.868818327784538
203.7969399765134 677.4274933412671 60.36915554106236 2286.781555578113 13.3609509691596 331.8233658969402 3139.494919009507 270.1843950226903 10268.88530682772 997.3088778480887 13.16628421843052 710.665037933737 31.36047887057066 350.0035035461187 470.6454450562596 3645.668642610312 30.10875813663006 3.938649065792561 10.70801836997271 652.8548067286611 224.4464989006519 6703.107957050204 480.3815748244524 11107.09173264354 138.1426631733775 33.71536664664745 3114.171100459993 8745.564090408385 957.5665683820844 772.2208821550012 2.041878841817379 7.030854195356369 166.5673581585288 254.675229370594 90.41415753215551 2704.364223949611 80.97544798254967 894.3263305425644 409.8417057469487 825.3684602528811 65.2108995616436 4.614496231079102 48.02988588809967 157.6639262065291 9.798124670982361 10.88942919671535 250.0275212228298 0 123.7388440966606 242.1260427385569 267.4103239551187 901.7546453550458 86.21033689379692 10.14278293401003 99.55801921337843 1.705616220831871 361.5405974760652 7.667196378111839 564.2641907557845 6.609657809138298 1.251994043588638 3.451609134674072 102.0876303389668 385.0059601217508 231.9584003388882 110.0662039965391 3249.752400249243 3.231384128332138 8.556616820394993 97.50188760459423 1832.711207829416 523.279157191515 332.6742505282164 0.3072682619094849 1.224861793220043 37.63850820064545 60.97461274266243 15.07013474404812 729.7070627510548 22.21143429726362 255.0332638770342 63.64427405595779 168.3219728693366 25.94334424287081 1.05536051094532 7.754149161279202
0.4246890470385551 1321.270063683391 0.946597158908844 0.6718429028987885 0 4.347741886973381 2.17754452675581 2.805182561278343 100.7247872203588 9.251714028418064 1711.49695699662 12.36554082483053 6060.406109891832 9.155219316482544 1.983145162463188 20.67758196592331 2.347997531294823 81.25498598814011 6.599487997591496 2.388277269899845 3.151994086802006 595.3671396523714 4.383535243570805 138.1426631733775 473.2133800238371 277.9069503247738 3611.924258902669 3.969459734857082 9.609423875808716 1.403464518487453 207.8378472998738 1.165490724146366 0.1616513878107071 388.8926083594561 9.004814654588699 287.7714905142784 1199.852485492826 1368.146280176938 258.4456592351198 14.9872131049633 30.96276091039181 475.2269211858511 6.017936304211617 0 56.41943642497063 0.1871342360973358 0 0 0 0.1114061921834946 0.5165501236915588 0.2860031500458717 0 420.3824101984501 0 2150.531984686852 0.1236924082040787 0 0.281280443072319 0.5895849019289017 95.73087790608406 7.47244930267334 0 1.13121734559536 0.9783645868301392 0 0.8705953061580658 251.2712889760733 298.4470169320703 608.0238435566425 2.663711033761501 0.2516650334000587 0 34.67198960483074 0 0 21.76661317050457 0.1434793770313263 84.42211226373911 273.7458033710718 58.5864382982254 9.819408565759659 0 9.396121263504028 179.7457538545132 0.6188967227935791
57.48044706135988 330.863364495337 9969.349402919412 1.990601304918528 0 88.70601773262024 217.5668886676431 254.4522469416261 16.42257506400347 35.41269294917583 2061.331754751503 16.88428021967411 439.963059425354 231.7327673360705 0.9108109772205353 7.638445504009724 1589.438509508967 2380.350284993649 4156.684443958104 5.021169908344746 37.34485396742821 72.4566241055727 580.1033279895782 33.71536664664745 277.9069503247738 22688.20391250402 19941.85839854926 34.98659802228212 87.86380349099636 170.6391989588737 454.8400138169527 2.964817009866238 3.919190160930157 568.7445407658815 13.28642479330301 1283.568708106875 4585.187622316182 2134.473330691457 473.2347638979554 11.80559478700161 1.667853012681007 26.58015564829111 2.536119736731052 1.523605421185493 896.5042996779084 106.1283789277077 0 0 0.353579580783844 1.382282808423042 0.6302708983421326 1.310264423489571 0 245.6866032630205 0.3552086502313614 681.7651217132807 2.395861677825451 0 1.824954085052013 193.9819474890828 321.8290865346789 413.8740726560354 1.943434834480286 2.302509859204292 10.40745500475168 9.007754564285278 3.767314210534096 503.4697403758764 4583.490755945444 5141.631389789283 1.94810726493597 2.0182119384408 5.190761491656303 49.86038200557232 0 0.1264186203479767 109.0851733759046 1.351630479097366 198.2697793990374 1453.27790337801 152.3104265555739 15.90397144109011 2.644476741552353 0 30.58864166587591 1.443106383085251
42.53533009439707 6516.393126569688 8335.886260338128 4.316720217466354 0.4992907792329788 38.93710783869028 372.6496359705925 122.536531791091 233.8250855654478 45.68327803909779 2478.929546244442 19.35466630756855 3430.593937523663 137.4511763900518 3.050899408757687 2636.298954635859 8578.531672090292 897.8100667968392 2961.256827294827 4.948589846491814 1380.375177592039 5385.847416222095 14941.93182170391 3114.171100459993 3611.924258902669 19941.85839854926 40838.21367499977 2108.439477324486 98.47095311805606 241.1313097849488 696.6008543223143 2.350462593138218 9.631997019052505 2435.725040964782 96.71433775126934 7629.992422521114 6412.222219206393 8615.119905248284 2601.099187329412 143.3240653052926 12.95315203815699 72.29970082640648 49.78906658291817 3.231371961534023 2741.552826866508 2351.310467250645 0.1571323275566101 0 2.369305014610291 36.86655992269516 5.84294817596674 8.80924216657877 6.950699582695961 334.0984512642026 0.1244095787405968 989.8023858889937 7.434004902839661 0 1113.554685331881 445.9142398685217 404.5271554812789 297.9726146236062 0.8532784506678581 42.62462864816189 943.657645970583 1309.974454030395 62.70152085274458 1238.00811432302 3775.18479450047 13554.91415910423 62.66845843940973 4.515520572662354 18.58518615365028 69.35946056246758 0 0.2644568160176277 154.4142609909177 10.78035829216242 480.8199981600046 1508.299741595984 303.3348075300455 98.31860495358706 9.532960817217827 3.755662947893143 22.54824694246054 1.307390302419662
303.2432210370898 11.13632943481207 869.6208298802376 3987.267194852233 0.6106233894824982 481.4048563688993 24564.58918306977 324.2976123467088 1278.011010229588 6448.434317164123 14.38779075443745 1026.492835767567 6.823584623634815 587.9703667908907 24.49893389642239 1909.22769357264 155.4316460713744 6.076243080198765 12.12514907121658 1596.505498021841 2558.632333874702 72.2193956002593 4908.203715413809 8745.564090408385 3.969459734857082 34.98659802228212 2108.439477324486 17875.49082931131 1528.493301339447 12832.20376055688 0.3366116434335709 11.1376430131495 325.1104049310088 612.230242408812 143.8903713226318 4562.552611798048 144.9799348041415 2029.199513532221 877.5187061578035 301.7770576998591 91.0044073164463 3.611661188304424 82.52216625958681 105.581059768796 2.974240057170391 14.60482473671436 116.6963979005814 0.1206950917840004 102.4769955649972 221.3540392592549 189.6885884553194 307.0260680317879 62.70352598279715 6.11998999863863 77.08199927210808 0.3445194885134697 253.3121507614851 4.07080440223217 260.907412558794 5.492000259459019 0.2545912861824036 0.609079122543335 86.51214325428009 186.1600206494331 41.22292188555002 65.21306824684143 1651.943691685796 0 3.351610891520977 95.7955758869648 1187.976229600608 343.9045905768871 219.4642242491245 0 1.323549866676331 23.55370074510574 37.66241736710072 15.59643780440092 433.0946590304375 12.52921771258116 146.2835754007101 41.64171439409256 112.2170481383801 19.36526277661324 1.135403975844383 9.172248430550098
