1490.872201859951 0.1695204079151154 82.67802906781435 21.31342020630836 0.265039473772049 26.5589788928628 2558.366110354662 319.0363669246435 17.39232524484396 97.67822364717722 43.86739854514599 4.156641393899918 1.395264200866222 5790.483865916729 0.3138749301433563 0.7376032546162605 376.9870645478368 33.70033427327871 141.5995668694377 19.7681188210845 13.25046730041504 0.967617578804493 124.8512389883399 155.170356169343 0.6559559032320976 91.11128582805395 39.46618316322565 235.8782247304916 3270.189906254411 3215.054242774844 0 4.311569564044476 28.67054738104343 299.539800927043 1.137414462864399 36.13064731657505 17.49408001452684 176.7195535153151 30.21504230797291 0.7142065614461899 0.7547246515750885 0 0.2519285976886749 1.731767132878304 0.1627457737922668 0.8037636876106262 1.182844892144203 0 0.6409508660435677 2.591058813035488 2.874967373907566 5.740809626877308 0.3648184016346931 0 0.2375885546207428 0.08844629675149918 3.147477656602859 0 1.602013170719147 0.6060041412711143 0 0.3600306659936905 0.2947708070278168 3.664537578821182 0.2949260398745537 0.2464692369103432 40.61880480498075 0 1.388949505984783 2.158198915421963 22.64384082704782 7.488238126039505 7.523575223982334 0 0 0.2600812315940857 0.8798024132847786 0 12.39583037048578 0.3847056403756142 7.70840261131525 2.476460479199886 2.070465952157974 0 0 0.08791487663984299
0.1695204079151154 239.1466378346086 76.56421671062708 0 0 0.1515159159898758 0.6787311360239983 0.153565913438797 829.6241516396403 0.08992017805576324 105.4298583567142 3.85090646147728 673.2398219406605 1.138270191848278 11.4916385114193 230.4253227263689 38.78240869939327 20.00187870115042 63.42621031403542 0.2622095346450806 31.8977435529232 3063.558612607419 12.00638775527477 843.8141549304128 1007.047790318727 705.0028645321727 7704.183266073465 15.81657136231661 1.859034955501556 3.644233353435993 19.31529026478529 0 0.2617604434490204 38.62594385445118 0.3513398915529251 63.66111717373133 146.8046475350857 98.87664707005024 12.42426951229572 13.89432597160339 0.2861506044864655 118.9268822669983 0 0.5789152532815933 29.50046911090612 62.1114087253809 0 0 0.1294132173061371 0.3812113404273987 0 0.12883660197258 0 10.90119388699532 0 27.62305466085672 0.4820036739110947 0 7.942678302526474 27.07273291051388 3.942067056894302 24.35569175332785 0 0.280712716281414 12.41465952247381 5.479119226336479 2.050153940916061 26.45098650455475 148.4939282014966 797.2445556744933 0.9625890478491783 0.4608819037675858 0.222727507352829 2.810045972466469 0 0 2.579982802271843 0.1525652259588242 13.65904338657856 18.65859188139439 19.57441207021475 3.19400779157877 0.7761226743459702 0 3.371988251805305 0
82.67802906781435 76.56421671062708 5181.653428435326 1.955582663416862 0.11465173214674 218.8024291172624 1790.370749272406 782.6396135538816 1.039491012692451 209.1411392837763 11.82027382403612 1.822769962251186 1.355323910713196 756.9761201143265 0.5075925663113594 3.705781735479832 5595.448735587299 27.88664578646421 99.00567957013845 2.258426427841187 315.2296242937446 56.39322289079428 9427.037679545581 31.41024181991816 0.8136559426784515 7798.470314890146 10146.22035744786 445.9107742831111 74.8341408520937 772.2199498564005 1.1804518699646 2.196656435728073 3.760771527886391 607.9959031268954 11.38385003805161 1019.3120643273 4232.499463535845 981.7842653542757 223.5045389980078 33.30223030596972 0.8773553371429443 3.546648174524307 1.892761453986168 1.050115257501602 258.8431276902556 1102.039985664189 0 0 0.7582149058580399 5.486370079219341 3.517903998494148 0.6863697394728661 0 1.833295673131943 0 0.1403423547744751 4.69971826672554 0.1940331757068634 16.72632412612438 469.667995788157 1.546679794788361 63.30829767137766 0 5.467041239142418 88.80607602000237 96.04713331907988 18.83772816509008 1.093858510255814 439.548634916544 2635.73366047442 10.9688708409667 6.839022554457188 8.811589367687702 0 0 0.7860372960567474 51.82754391431808 0.8130929172039032 113.5270344018936 489.8888082578778 197.1544749140739 27.39232151210308 2.089832276105881 0 0 0.8237068951129913
21.31342020630836 0 1.955582663416862 1819.534719400108 1.177049286663532 56.87732195854187 161.7046433463693 102.9745567888021 807.0265114754438 4545.098631374538 13.6579430475831 2766.000418506563 3.387368530035019 174.8416110426188 51.46907851845026 0.1526496112346649 0.8706408888101578 3.669520825147629 2.897987231612206 4533.366845555604 0 0.5233560502529144 0.9701596200466156 1566.226596653461 1.366439342498779 2.448939688503742 2.275980472564697 3103.684219256043 139.8802945241332 3.527165710926056 0.3682521656155586 5.294000335037708 0.915430024266243 47.52336598187685 9.067219860851765 235.6438596323133 6.038922742009163 178.1888431087136 80.57556580007076 106.9178394526243 11.020826369524 0.8884841501712799 7.680773556232452 2.914786666631699 0 0 132.0372320562601 0.2781965509057045 53.34718737751245 80.08692965656519 31.28539622575045 167.9369755089283 108.9041627645493 1.197952032089233 72.04767893254757 0 15.07867021858692 6.213537715375423 0.132729634642601 0 0 0 84.7490968555212 0.9371467232704163 0 0.1778915822505951 331.7336546480656 0 0.08881474286317825 0.9405353963375092 315.3922755867243 12.43832609802485 6.684418350458145 0 1.403359115123749 0.5204012840986252 2.909191079437733 0.4690616577863693 57.79612116515636 0.6786029785871506 21.11927372962236 6.236662566661835 98.52637028694153 2.0931536257267 0 2.108510375022888
0.265039473772049 0 0.11465173214674 1.177049286663532 41.476138651371 374.3672874942422 1.657756879925728 31.17527716606855 122.4983157142997 5.811343714594841 16.52739853411913 69.28337127715349 6.490739040076733 13.65430811792612 1299.991503424942 0 0.2912924587726593 0.9999890178442001 1.172273844480515 3.870610073208809 0 0.8376161456108093 0 9.335294179618359 1.939187049865723 0.585180439054966 0.5234140753746033 4.186187222599983 13.12120469659567 0.5851075053215027 0.1558641791343689 111.7505141943693 0 243.0100592449307 0 35.13419443368912 3.36296609044075 98.75670127570629 23.57625348865986 1401.284889355302 72.96871341764927 1.057356268167496 0.6060377955436707 0 0 0 0.7022221684455872 0 0 0 0 0 0 0 0.1075735911726952 0 0 0 0 0 0 0 0 0 0 0 0 0 0 0 0.8848691880702972 0 0 0 0 0 0 0 0.7399516701698303 0 0 0 0 0 0.2228800058364868 0
26.5589788928628 0.1515159159898758 218.8024291172624 56.87732195854187 374.3672874942422 14219.38139422238 3718.898130580783 6404.275952450931 61.62282406538725 9161.74622682482 54.26228992640972 4075.718918867409 26.36269003897905 957.5536121055484 1398.138661637902 0 45.16797666996717 16.26765885949135 20.07398529350758 450.2071069553494 6.024999178946018 1.633030667901039 42.40536832809448 132.6119011715055 0.5770362690091133 54.06070713698864 30.48253413289785 392.3992760404944 703.2717298157513 73.70508091151714 0.7938956543803215 748.6844293698668 1.009964495897293 267.5109120383859 10.78420829027891 249.1666434183717 18.29500042647123 291.9271711856127 96.64366394281387 1437.925716072321 107.6970292776823 1.112025871872902 3.672575026750565 1.795566126704216 0.2668144106864929 0.7967990338802338 7.174479939043522 0 2.025458604097366 22.39203497767448 3.709690645337105 14.53107072412968 2.527344830334187 0.4561732038855553 8.101325690746307 0.1211266741156578 3.336510606110096 0 1.811148688197136 0.7532599493861198 0 0 3.674165166914463 0 0.1951108872890472 2.988301813602448 58.46247879415751 0 0.4745678305625916 9.30816812813282 39.29960797727108 3.665144272148609 2.327388398349285 0 0 0 0.1187950000166893 0 11.51418095827103 1.501865103840828 7.690313450992107 2.746878206729889 9.784773945808411 0.4430534243583679 0 0
2558.366110354662 0.6787311360239983 1790.370749272406 161.7046433463693 1.657756879925728 3718.898130580783 9978.239847540855 3998.843471318483 227.7451717555523 3234.242729179561 23.65794137120247 34.05058379471302 7.15477430075407 8405.40320340544 11.75236717611551 3.132898211479187 216.3563823252916 13.74957863986492 29.3450400531292 32.42447838187218 161.9894562214613 6.065453469753265 1025.926224976778 2471.193996675313 0.1489605605602264 189.7308921590447 460.1388420388103 21083.02835819125 987.1049527898431 4624.914106421173 0.3947403207421303 12.09370582550764 16.78168842941523 122.2728739827871 34.53516139090061 1159.098347730935 42.68061681091785 464.0126808062196 252.5217352434993 53.52064374834299 11.53894685208797 0.3758766651153564 8.677102372050285 6.006342083215714 1.245553582906723 11.3387158960104 23.91306477040052 0 21.57189459353685 130.9066829010844 20.11811515688896 125.3999944701791 17.25858804583549 0.5706919059157372 9.372914023697376 0.09414863586425781 28.87960728257895 0 11.96467162668705 2.6317358314991 0 0.5935931578278542 14.82450569421053 3.128521643579006 5.12461169064045 37.69990631192923 392.6996631026268 0.5483963266015053 0.4902571514248848 95.58508545905352 239.0113043412566 29.61500065028667 25.43527510762215 0 0.1892280653119087 2.247657172381878 2.900758847594261 2.378419630229473 107.6628162190318 7.949335612356663 39.14924938976765 12.33300720900297 34.90449323505163 1.940960809588432 0.2183793038129807 0.4457041323184967
319.0363669246435 0.153565913438797 782.6396135538816 102.9745567888021 31.17527716606855 6404.275952450931 3998.843471318483 11537.82410920411 39.50169952213764 2174.105578623712 60.9955996721983 1326.647824332118 36.9306350722909 5662.572176598012 230.3486677706242 0.2425917610526085 538.3328938484192 53.07578328996897 195.6442882567644 482.9153314903378 19.08653941750526 1.276432640850544 205.5353390276432 297.9699448943138 0.3558745980262756 357.1319912597537 108.7530293166637 380.622933588922 936.4465168640018 896.6512120440602 0.592285580933094 589.6743657514453 1.38155572861433 231.2970322370529 7.66868469119072 257.0854098200798 39.25715306401253 285.6323086470366 137.4196062907577 664.844649091363 72.7946096137166 3.493285104632378 3.232774749398232 6.155693061649799 0.3710377812385559 3.96980694681406 7.929566897451878 0 7.211391597986221 58.18614267557859 7.304446719586849 50.01163886487484 9.190354526042938 1.521829441189766 7.140301652252674 0.2602032721042633 12.85660874843597 0 1.717837296426296 1.306472308933735 0 0.5659508407115936 4.805213093757629 1.979854345321655 0.2436784356832504 4.722151018679142 155.2087948992848 0 2.588417083024979 17.36461345851421 98.47008566558361 16.45472073554993 15.48945516347885 0 2.089416183531284 1.363980837166309 0.624008871614933 1.50297087430954 27.97423860430717 4.412261247634888 12.32090062648058 5.023657418787479 11.44654123485088 1.315329611301422 0.1794009357690811 1.512711048126221
17.39232524484396 829.6241516396403 1.039491012692451 807.0265114754438 122.4983157142997 61.62282406538725 227.7451717555523 39.50169952213764 695.8664872348309 255.5127070248127 18.46709205955267 872.0768980011344 80.03675941377878 50.38343141973019 2077.132067650557 196.9179892018437 2.986929409205914 11.46247362345457 12.59610614180565 811.5146346613765 40.49717242270708 2083.936322130263 22.83227103203535 7917.937016561627 201.9787058159709 45.3204563036561 369.5493820086122 1091.65817001462 100.5341355800629 98.42729466408491 2.503163762390614 2.429343737661839 13.20715892314911 18.97620440274477 9.768384106457233 346.3187649548054 67.15759748965502 112.8538832366467 45.39387707412243 830.5024650916457 4.409768655896187 36.13404348492622 6.748363152146339 22.7713471353054 2.325447976589203 0.7197645455598831 132.3508023694158 0.8936445638537407 35.63974687457085 94.39841620624065 33.95901066064835 77.8635907843709 62.7757119461894 15.03031153976917 104.4463727474213 2.499496147036552 44.75628267973661 21.53355976939201 139.1051511093974 0.6723291277885437 0.2374292686581612 0.8701803237199783 91.77065779268742 57.80309493839741 9.455225758254528 44.26957110315561 1275.98341409117 3.077668130397797 2.70380075275898 4.764069467782974 423.0534135103226 70.2556971013546 77.65695181488991 0.3185046017169952 0.08595608919858932 5.294867843389511 7.135355144739151 1.628935612738132 111.4583019912243 9.883999705314636 46.52691838890314 20.95418056845665 166.8405027762055 5.683555565774441 15.53849080204964 0.5214462205767632
97.67822364717722 0.08992017805576324 209.1411392837763 4545.098631374538 5.811343714594841 9161.74622682482 3234.242729179561 2174.105578623712 255.5127070248127 29457.35536052287 86.80249878019094 6655.791238300502 20.84490329027176 1309.039707694203 12.57080464065075 0.36618971824646 19.12989270687103 25.73112769424915 22.79619814455509 4626.413738045841 10.6644020602107 1.414599731564522 49.05831541866064 624.4263798370957 1.29020681232214 49.62456811219454 38.89703796058893 5641.889375708997 698.387291636318 62.42678132653236 0.9788108915090561 38.49321690946817 3.12295413762331 274.9114502221346 38.52675528079271 851.3368965387344 44.42609149962664 1006.41669870913 373.4632029533386 203.1077884733677 65.69217959791422 2.142126932740211 26.7793193012476 5.166937083005905 0.5272538959980011 1.326914966106415 84.73977014422417 0.1135426089167595 51.24723546206951 123.3497036620975 31.25759819149971 132.6327114030719 67.76226525753736 2.464461117982864 73.77794867753983 0.07616042345762253 20.92309585958719 4.542693383991718 4.003378205001354 0.2245253100991249 0.1008751541376114 0 52.61590520292521 2.634261295199394 0.4288555383682251 3.734723642468452 430.1216614767909 0 0.4344995021820068 14.26182485371828 346.9738296419382 22.54334256798029 8.209106184542179 0 0.5218499153852463 0.2784863635897636 3.219208054244518 0.7513905912637711 78.05654275417328 1.05273250490427 33.06474477797747 10.75491771101952 70.75532210618258 3.362014785408974 0.7444688677787781 0.9673963189125061
43.86739854514599 105.4298583567142 11.82027382403612 13.6579430475831 16.52739853411913 54.26228992640972 23.65794137120247 60.9955996721983 18.46709205955267 86.80249878019094 10665.4104161635 150.4345351308584 3636.03738065064 142.0989504680037 1.679560899734497 3.1622374355793 288.0279484391212 3028.377242155373 1367.284286245704 71.01723285764456 22.27474151551723 36.28603825718164 39.17661446332932 27.72029211372137 1103.687074504793 2781.724578008056 1730.231474004686 28.46654016524553 521.8896674066782 52.2451583519578 476.3486498743296 105.3051392436028 18.37832892686129 7298.006754852831 24.28573551028967 919.5680477917194 5917.807697623968 4665.799459002912 1280.955402746797 17.92648098617792 36.05059398710728 1235.934148788452 6.520417228341103 0.4515726640820503 5.488450527191162 0.5020578503608704 0 0 0 2.669947385787964 0.7791714742779732 1.03357507288456 0 252.1103516444564 0.3398313596844673 772.9624843969941 1.044571436941624 0 0.2219343557953835 1.236625134944916 37.01326715946198 16.73789240419865 0 0 0.1236374452710152 0.0963079109787941 6.58721574395895 150.1409333273768 124.5567859560251 283.7814892530441 3.583016321063042 0.1015783548355103 1.444350332021713 115.2121382802725 0 0 0 12.89421880245209 37.04075967520475 689.237175039947 11.17714235186577 4.149365060031414 3.827727168798447 3.511016309261322 159.534830249846 2.51518252491951
4.156641393899918 3.85090646147728 1.822769962251186 2766.000418506563 69.28337127715349 4075.718918867409 34.05058379471302 1326.647824332118 872.0768980011344 6655.791238300502 150.4345351308584 8106.511291272938 51.05998761951923 750.971016600728 1085.621714800596 0.08918595314025879 1.764193490147591 32.59649529308081 17.69790109992027 5905.918450087309 0 6.315330028533936 1.192611560225487 560.6932979673147 6.586554653942585 18.59744726121426 11.91104836761951 1013.037852860987 657.5059158727527 2.260201536118984 1.520878456532955 162.6640662699938 0.3915140852332115 668.8255404382944 5.419278517365456 860.7702641412616 31.51853865385056 955.9499784633517 128.9891747683287 1352.729932934046 132.660757958889 1.138253517448902 4.443399704992771 0.2246231436729431 0 0 82.55119904875755 1.685258135199547 20.81639542430639 17.99905377626419 8.615418486297131 75.40601748973131 133.4224473387003 2.12354638427496 284.533196516335 0.4448206797242165 4.483020693063736 10.75631484389305 0 0 0 0 76.13007409125566 0.9539317488670349 0 0.1303937137126923 93.29235146194696 0.1131526380777359 0.2620332539081573 0.2705702930688858 103.6423211619258 2.535219803452492 1.166836708784103 0 0 0.1333797127008438 0.7530181407928467 2.67324797809124 48.24172522872686 0 6.91320264339447 1.251849204301834 109.5421611070633 0.3775344341993332 0.8138673081994057 0
1.395264200866222 673.2398219406605 1.355323910713196 3.387368530035019 6.490739040076733 26.36269003897905 7.15477430075407 36.9306350722909 80.03675941377878 20.84490329027176 3636.03738065064 51.05998761951923 4013.757695697248 40.6116663441062 2.108348809182644 22.92705471813679 2.581328235566616 89.62275612354279 17.48072833567858 19.24238687008619 13.37854488193989 128.7529810741544 27.03736867755651 62.50972175598145 5149.560398310423 248.5268647000194 4448.568903289735 19.55470510572195 97.77253683656454 5.947449319064617 458.5041380301118 65.586755014956 2.239422298967838 591.3377797976136 51.7347708940506 1263.448115438223 6265.054784819484 3066.419004537165 531.3721304312348 162.5138667374849 87.10689029097557 2019.45253649354 19.78158900141716 0.6702736616134644 12.68417393416166 0.1334534585475922 3.717031210660934 0 0.5587710440158844 0.5947852954268456 1.712927669286728 10.24189957976341 0 684.3670861497521 1.164088271558285 1978.429411359131 3.10649698227644 0 2.691746830940247 0.2009906768798828 57.49845889955759 11.37648005783558 0.3632776737213135 0.3820934668183327 0.6934727653861046 1.673743560910225 4.377187319099903 951.1742387413979 213.8542286083102 603.8629103004932 3.581817798316479 1.47358214110136 1.490392409265041 307.4682878777385 1.95259827375412 0 2.755151748657227 30.29049298167229 147.0126431286335 1275.6365461573 193.4078558385372 75.11246073246002 13.85654966533184 30.84433169662952 608.5493897944689 5.607211291790009
5790.483865916729 1.138270191848278 756.9761201143265 174.8416110426188 13.65430811792612 957.5536121055484 8405.40320340544 5662.572176598012 50.38343141973019 1309.039707694203 142.0989504680037 750.971016600728 40.6116663441062 8702.094641365111 14.51232913136482 0.8673243969678879 789.4533197060227 85.30465247482061 296.5296400934458 493.5094274133444 32.39182472229004 2.061102904379368 287.3872987180948 400.554762750864 1.544295214116573 347.9233959317207 137.8774709329009 736.0932431593537 4459.305310495198 2428.352472640574 1.552862375974655 819.3764071017504 11.1714838296175 753.2285290807486 14.54697131365538 493.6496089398861 62.33481931686401 674.7359177172184 189.1199774369597 130.7622286006808 72.10350085049868 4.274188935756683 6.06944428384304 6.353391371667385 1.065701119601727 3.782352522015572 2.564250901341438 0.1062339544296265 5.502418823540211 29.91475810855627 6.238758593797684 32.1637718975544 4.356040723621845 0.4657244235277176 3.535284504294395 0.189388282597065 12.77246398478746 0 4.420244880020618 2.036107853055 0 0.6179455295205116 3.012349791824818 3.466992951929569 1.868000112473965 3.407970815896988 139.6698780283332 0 3.475430868566036 17.54007460176945 87.12356593459845 19.29439854621887 20.06981378048658 0 0 1.055905357003212 1.506302170455456 0.1293634921312332 43.61890041083097 3.115169182419777 11.45285651087761 6.535681068897247 8.719005934894085 1.002834782004356 0.4207120984792709 1.505982279777527
0.3138749301433563 11.4916385114193 0.5075925663113594 51.46907851845026 1299.991503424942 1398.138661637902 11.75236717611551 230.3486677706242 2077.132067650557 12.57080464065075 1.679560899734497 1085.621714800596 2.108348809182644 14.51232913136482 858.4644563347101 0 0.105867937207222 0.6242601126432419 0.5657928287982941 112.8278505057096 0 32.7584028840065 0.526599332690239 1027.809715099633 2.716199144721031 0.9022909328341484 9.900169506669044 50.45771247148514 29.87992034852505 2.022105917334557 0.2135087996721268 435.1870883405209 0.2694243788719177 9.46602938324213 0.4316794499754906 334.1382735520601 1.97547721862793 10.66185636818409 4.699578925967216 1669.512094244361 7.664894670248032 0 0 0.09300842881202698 0 0 15.96109119057655 0 1.344752885401249 19.44021195173264 2.119876801967621 9.80907230079174 3.554016187787056 0 11.67293031513691 0 0.7163495719432831 1.382711946964264 0 0 0 0 12.10759723186493 0.1299786418676376 0.1765660345554352 0.2795087695121765 23.63334750384092 0 0 0.104172445833683 16.51725742220879 0.2824781909584999 0.1201935932040215 0 0 0 0 0 12.13116891682148 0.322587639093399 0.1392579078674316 0 22.98637965321541 0 0 0
0.7376032546162605 230.4253227263689 3.705781735479832 0.1526496112346649 0 0 3.132898211479187 0.2425917610526085 196.9179892018437 0.36618971824646 3.1622374355793 0.08918595314025879 22.92705471813679 0.8673243969678879 0 2274.335509479046 11.14512027055025 0.5568592771887779 2.297543093562126 0 3088.569084219635 2858.893394388258 4893.330718807876 4025.856992661953 45.04417499154806 8.525045335292816 3167.489323042333 1970.851164288819 7.071822188794613 159.1891532018781 0 0.1037120446562767 1.314939990639687 50.0944804251194 20.56192237883806 1372.462732560933 376.2582579255104 280.3477899804711 349.2908006384969 33.15554109215736 7.892099052667618 8.508817821741104 13.07287311553955 10.20902179926634 2.058339029550552 7.508455500006676 0 0 0 7.484549604356289 2.598417572677135 21.88807917386293 0.9829210191965103 7.787517003715038 0.9429837912321091 0.5120491310954094 15.52274227142334 0 3736.076976813376 4.625826671719551 0.09828522056341171 1.528136320412159 0 709.8627936989069 678.2438411414623 2342.571034319699 336.7080338671803 14.65480226278305 3.752976439893246 415.8234783634543 104.7507524937391 45.75246592611074 115.4479245319963 0 0 6.111387602984905 10.04408976435661 1.889935187995434 440.4307690933347 26.79812645167112 41.51518545299768 24.77956889569759 12.06357940286398 2.285067975521088 7.936508178710938 0.6048328652977943
376.9870645478368 38.78240869939327 5595.448735587299 0.8706408888101578 0.2912924587726593 45.16797666996717 216.3563823252916 538.3328938484192 2.986929409205914 19.12989270687103 288.0279484391212 1.764193490147591 2.581328235566616 789.4533197060227 0.105867937207222 11.14512027055025 714.5371631011367 70.27180800586939 1199.868864834309 1.3603251054883 742.6029198914766 20.97036282718182 2388.16783183068 29.62076949328184 3.485911719501019 582.0856400057673 6986.906642086804 196.9161910265684 718.1960267424583 2615.526328094304 0.8169368579983711 2.192293666303158 76.99745557457209 2330.374035790563 16.5316749215126 1005.317698933184 2474.981774017215 1775.387208789587 447.2902045473456 39.27525946497917 2.482110999524593 1.245806783437729 2.397100500762463 0.1004247888922691 93.24725695699453 192.3032604083419 0 0 0.5108586549758911 1.719974204897881 0.7026793956756592 0.2813857346773148 0.3818445280194283 0.4295447766780853 0 1.308449633419514 1.896199390292168 0 5.870785608887672 152.3952532336116 2.440295182168484 86.37238489836454 0 1.459091685712337 8.141457065939903 13.72084799408913 5.060426533222198 1.224313087761402 390.6192251443863 856.1744303181767 1.665628135204315 0.5800480768084526 1.590709790587425 0.2953057140111923 0 0.1082843765616417 11.38665310293436 0.8383586406707764 51.9751830175519 150.8690297454596 57.23827474564314 4.824363000690937 2.174151286482811 0 0.9891992807388306 0.2998494803905487
33.70033427327871 20.00187870115042 27.88664578646421 3.669520825147629 0.9999890178442001 16.26765885949135 13.74957863986492 53.07578328996897 11.46247362345457 25.73112769424915 3028.377242155373 32.59649529308081 89.62275612354279 85.30465247482061 0.6242601126432419 0.5568592771887779 70.27180800586939 377.8658780157566 1632.201383583248 20.79902246966958 6.258381329476833 15.59464474022388 26.22288636863232 10.61006581038237 66.83476986736059 2294.465827174485 859.4292705133557 8.857359625399113 129.5840844288468 32.08707685768604 44.34432075917721 14.33970235288143 7.889104686677456 1305.120281092823 8.442776970565319 664.1184181421995 1673.576173499227 2224.878884121776 280.1588440015912 8.2200076431036 2.648829266428947 21.68645601719618 0.7787828668951988 0.0907217413187027 5.148325487971306 0.4571764469146729 0 0 0 0.5009119510650635 0 0 0 33.9617807418108 0.09410272538661957 173.524669021368 0 0 0.145089715719223 0.7537850365042686 49.65730299055576 30.11848124116659 0.4043345749378204 0 0.2666607573628426 0.1146324425935745 3.117242448031902 72.05700794607401 201.3726314008236 417.4671431779861 1.322514079511166 0.3041626811027527 0.414189912378788 73.3559231236577 0 0 0.1055228859186172 3.082411125302315 14.43847277760506 130.4135858714581 0.5315333306789398 0.7293626368045807 0 0 2.36641501635313 0
141.5995668694377 63.42621031403542 99.00567957013845 2.897987231612206 1.172273844480515 20.07398529350758 29.3450400531292 195.6442882567644 12.59610614180565 22.79619814455509 1367.284286245704 17.69790109992027 17.48072833567858 296.5296400934458 0.5657928287982941 2.297543093562126 1199.868864834309 1632.201383583248 1957.718220539391 11.75288427993655 42.93415814638138 17.58088084310293 142.1748949214816 18.34151092171669 67.34666308015585 2964.88253287971 2311.159285344183 19.07306201756001 370.5223473832011 276.7776779234409 7.540964089334011 7.566718354821205 38.40242720395327 3706.757467985153 8.03098326176405 1212.007521234453 1328.2233248353 3199.033165313303 319.0207595229149 14.27313639968634 1.203438498079777 1.267702765762806 1.865482792258263 0 51.25911272317171 9.451897740364075 0 0 0 0.6374904736876488 0.1127220541238785 0.1722873151302338 0 2.778094753623009 0.0964556485414505 21.10957232117653 0 0 0.1860068887472153 28.66816793382168 31.67494563013315 201.7770085334778 0 0 1.08721186965704 1.381819896399975 1.211424253880978 67.38385220617056 595.8243755027652 1011.482524268329 1.104491628706455 0.6104029566049576 0.2007379159331322 13.45509891211987 0 0 2.313327744603157 2.847613669931889 37.99045395851135 66.16486499458551 9.379803337156773 1.206409156322479 1.998582035303116 0 0 0
19.7681188210845 0.2622095346450806 2.258426427841187 4533.366845555604 3.870610073208809 450.2071069553494 32.42447838187218 482.9153314903378 811.5146346613765 4626.413738045841 71.01723285764456 5905.918450087309 19.24238687008619 493.5094274133444 112.8278505057096 0 1.3603251054883 20.79902246966958 11.75288427993655 1362.766982745379 0.1808297038078308 0.7799373343586922 1.659934781491756 676.2121273949742 2.290821596980095 10.20771037787199 8.940878681838512 2165.94722174108 345.6504708640277 4.900127358734608 0.8886995986104012 43.76943837851286 1.178853221237659 255.4216285124421 16.06459499895573 474.4320008009672 22.65504514425993 616.3168521597981 160.6278048083186 381.146056599915 58.17961157858372 1.39415118843317 10.24615965038538 3.334581166505814 0 0.2690439969301224 116.729507394135 0.1249002888798714 47.92695573717356 109.8483836352825 26.03687442839146 159.7336483150721 46.98044902086258 1.146897435188293 98.74713645875454 0.1785271093249321 12.20595692843199 8.157553143799305 0 0.5121365040540695 0.09045085310935974 0.1708037108182907 71.32805468887091 0 0 0.6501429677009583 358.7177121341228 0.2727662399411201 0.09033410996198654 1.172907814383507 311.0046833083034 13.82358718663454 5.256953470408916 0 0.3226763606071472 0.3220342993736267 0.729911282658577 0.5036609172821045 66.64205347001553 2.305564403533936 20.71974574029446 3.788165301084518 103.7027676776052 0.3766844645142555 0.1123108491301537 0.6027724146842957
13.25046730041504 31.8977435529232 315.2296242937446 0 0 6.024999178946018 161.9894562214613 19.08653941750526 40.49717242270708 10.6644020602107 22.27474151551723 0 13.37854488193989 32.39182472229004 0 3088.569084219635 742.6029198914766 6.258381329476833 42.93415814638138 0.1808297038078308 15868.00683809072 219.8339429050684 8832.808921568096 603.0825678184628 6.694690085947514 28.40725236386061 746.1752085611224 2676.101796001196 65.24249864369631 7419.612980164587 0.1464195400476456 0.1110818684101105 25.34564229846001 3636.642772257328 125.6568843647838 7116.816129527986 1380.465560480952 5384.257729038596 3141.693406783044 230.01758094877 3.353902354836464 2.752093732357025 38.55367266386747 15.07393857836723 0.4731039702892303 4.614050902426243 0 0 0 6.914419017732143 3.521061070263386 20.29544498026371 0.2253097742795944 0.2426895424723625 0.08878170698881149 0 16.83650774508715 0 520.2566982358694 5.06830570846796 0 1.616002567112446 0 481.6946165338159 123.222298771143 182.4655152261257 365.6630942225456 0.9561651945114136 2.250164918601513 42.10101081430912 126.0509056672454 62.50457752496004 113.7723490595818 0.09530086815357208 0.4457011520862579 10.91951791197062 11.49541150778532 4.915527060627937 188.5472034588456 12.95228653401136 34.01916892081499 17.79554011672735 13.13508317619562 1.623002268373966 0.9813971817493439 0.951371967792511
0.967617578804493 3063.558612607419 56.39322289079428 0.5233560502529144 0.8376161456108093 1.633030667901039 6.065453469753265 1.276432640850544 2083.936322130263 1.414599731564522 36.28603825718164 6.315330028533936 128.7529810741544 2.061102904379368 32.7584028840065 2858.893394388258 20.97036282718182 15.59464474022388 17.58088084310293 0.7799373343586922 219.8339429050684 1984.691685557365 253.6256231740117 6333.993286937475 406.7150249034166 82.27789518237114 7599.094996921718 62.84074825793505 4.366116538643837 20.02755992859602 3.613220378756523 0 0.3141203373670578 25.66055196523666 2.202512115240097 74.27195443212986 66.8536758646369 72.77027174830437 21.5206685885787 36.5930969119072 0 23.59992836415768 0.1305976063013077 1.512440234422684 10.72526853531599 147.866779461503 0.4140127003192902 0 0.3300085216760635 3.394742131233215 0.608714796602726 21.66509138047695 0.2214624583721161 1.577037259936333 0 4.02408142387867 2.8952806442976 0 794.2929069548845 38.53386917710304 0 3.143850944936275 0 68.97375404089689 181.959354698658 371.2409282401204 76.4507769048214 3.605507582426071 17.07665064185858 1263.760900385678 18.02487239986658 6.004758827388287 15.17459438741207 1.244121387600899 0 0.4311417043209076 7.468343459069729 2.346692427992821 38.01838097721338 15.14486131072044 35.13835973292589 8.226842246949673 1.057338871061802 0 0.4232142716646194 0
124.8512389883399 12.00638775527477 9427.037679545581 0.9701596200466156 0 42.40536832809448 1025.926224976778 205.5353390276432 22.83227103203535 49.05831541866064 39.17661446332932 1.192611560225487 27.03736867755651 287.3872987180948 0.526599332690239 4893.330718807876 2388.16783183068 26.22288636863232 142.1748949214816 1.659934781491756 8832.808921568096 253.6256231740117 19167.07354503125 476.1477373018861 9.210577316582203 952.7885837778449 12747.30925771594 4345.090438835323 245.6139839589596 4199.949769817293 0.09294205158948898 1.811733432114124 26.82423608005047 3326.171999566257 229.9868433624506 10990.92944775522 5383.882416337729 7871.368132248521 6221.376375667751 623.8273122683167 18.02887436002493 20.20752169191837 60.79883287847042 3.27761023491621 18.30894729495049 339.5127461627126 0 0 3.44133485108614 40.74193006753922 6.381613962352276 5.726632542908192 10.35715395212173 6.665276184678078 0.09168970584869385 0 11.29991934448481 0 1950.876424998045 57.31952387094498 0.5112314969301224 3.33480828255415 0.1654375940561295 173.3749514892697 272.617348305881 1935.729628391564 88.74844390153885 7.475524842739105 17.77022234350443 2408.759233765304 37.19284068048 12.91436488926411 33.94083774834871 0 0 1.882439509034157 12.23989301174879 12.90448430925608 528.9333096295595 239.7476639151573 97.07800207287073 48.56834769248962 9.962402567267418 0.8175105154514313 5.2046008259058 3.264423206448555
155.170356169343 843.8141549304128 31.41024181991816 1566.226596653461 9.335294179618359 132.6119011715055 2471.193996675313 297.9699448943138 7917.937016561627 624.4263798370957 27.72029211372137 560.6932979673147 62.50972175598145 400.554762750864 1027.809715099633 4025.856992661953 29.62076949328184 10.61006581038237 18.34151092171669 676.2121273949742 603.0825678184628 6333.993286937475 476.1477373018861 11964.65590231866 145.132253549993 52.65930058062077 3397.810968831182 7561.588000848889 1079.654261700809 955.620164565742 3.078955046832561 5.148469030857086 188.5482236519456 254.8525004759431 111.9475474134088 2526.284908279777 117.7310538291931 994.2486853003502 544.0558668449521 806.1553864181042 16.95210761576891 10.94925330579281 21.76781474798918 188.9050090014935 4.334099560976028 10.14524037390947 179.5042913630605 1.77655940502882 89.55907613784075 506.6854306310415 147.6252893432975 1581.523485518992 100.6714284941554 21.05805548280478 111.3774127587676 3.619265824556351 360.4873414486647 16.23397170752287 328.9804698005319 12.88520430028439 1.286602452397346 5.187544241547585 129.6191603541374 409.9229252487421 189.0622910708189 98.12333879619837 4352.293235264719 2.438951909542084 5.846999958157539 86.5525089353323 2193.666902795434 626.9681400060654 663.9795074611902 0.7678819000720978 5.632440306246281 53.01962861418724 60.0703756660223 20.958386272192 880.4673852995038 18.29363136738539 360.2684548348188 155.0293761342764 413.5122976973653 26.48676334321499 1.137569174170494 15.62143366783857
0.6559559032320976 1007.047790318727 0.8136559426784515 1.366439342498779 1.939187049865723 0.5770362690091133 0.1489605605602264 0.3558745980262756 201.9787058159709 1.29020681232214 1103.687074504793 6.586554653942585 5149.560398310423 1.544295214116573 2.716199144721031 45.04417499154806 3.485911719501019 66.83476986736059 67.34666308015585 2.290821596980095 6.694690085947514 406.7150249034166 9.210577316582203 145.132253549993 420.3694262728095 357.0816653743386 2491.993290908635 6.293940082192421 2.618078343570232 1.206402696669102 117.578264772892 0 0 166.8858340010047 40.09688368439674 506.5593967214227 655.8665561676025 862.1520796269178 225.4331735223532 87.40462440252304 390.4291549623013 385.4312935620546 75.38359773159027 1.152903914451599 38.35270807147026 0.2631871402263641 0 0 0 0 0.1414248198270798 1.995607376098633 0 240.6097488477826 0.6765112057328224 1041.528750009835 0.1461965888738632 0 2.011537373065948 0.1243745237588882 25.22962491214275 21.97213424742222 0 0 1.077645510435104 0 1.448578715324402 190.4760918542743 148.7827408611774 674.9499835520983 0.4758897572755814 0 0.158517062664032 84.08488493412733 0.157393217086792 0 0 16.96156024932861 76.41367872059345 260.5027263015509 16.10980759561062 3.636462301015854 10.16825479269028 5.945854246616364 50.85207864642143 0
91.11128582805395 705.0028645321727 7798.470314890146 2.448939688503742 0.585180439054966 54.06070713698864 189.7308921590447 357.1319912597537 45.3204563036561 49.62456811219454 2781.724578008056 18.59744726121426 248.5268647000194 347.9233959317207 0.9022909328341484 8.525045335292816 582.0856400057673 2294.465827174485 2964.88253287971 10.20771037787199 28.40725236386061 82.27789518237114 952.7885837778449 52.65930058062077 357.0816653743386 20377.75339587778 20560.41757079214 24.39691892266273 146.5722181722522 125.7240811809897 110.5268938541412 7.237219922244549 7.135262578725815 838.353530280292 12.39627868682146 1249.652328111231 4091.705115474761 2339.008982956409 316.9142875596881 23.27411265671253 2.852211154997349 32.15629661083221 2.449649713933468 0.2136523500084877 606.3908204808831 133.6021618098021 0.1664381474256516 0 0 0.7739532366394997 0.8648106008768082 0.9006515890359879 0.5021135807037354 122.2003853619099 0.08643775433301926 874.6244277209044 1.754037790000439 0 1.656100071966648 328.042845480144 245.549589715898 918.9287862554193 0 1.564861498773098 4.858323983848095 2.999520182609558 2.847343683242798 628.7428154796362 3316.907491870224 6668.09722558409 1.46229600161314 0.5389751866459846 2.885736912488937 288.0803188383579 0 0 12.5625721141696 2.859613336622715 142.680629722774 565.3138175532222 111.9560041129589 16.63053930550814 1.823794424533844 0 3.38195189088583 0.271025151014328
39.46618316322565 7704.183266073465 10146.22035744786 2.275980472564697 0.5234140753746033 30.48253413289785 460.1388420388103 108.7530293166637 369.5493820086122 38.89703796058893 1730.231474004686 11.91104836761951 4448.568903289735 137.8774709329009 9.900169506669044 3167.489323042333 6986.906642086804 859.4292705133557 2311.159285344183 8.940878681838512 746.1752085611224 7599.094996921718 12747.30925771594 3397.810968831182 2491.993290908635 20560.41757079214 30086.01601870358 1976.75555343926 116.5082239285111 180.9356438294053 848.865286000073 6.471966408193111 16.44041670113802 3512.94530121237 114.9289947301149 6262.134669780731 5832.03449948132 7622.876920066774 1982.085514187813 247.0116182267666 11.21310218423605 53.08468522876501 20.75618637353182 3.054775081574917 2415.38691174984 2254.179189987481 0.2658547461032867 0 5.175105102360249 54.82036709040403 12.46912693232298 3.168266162276268 12.5237665399909 173.4314794465899 0.0979473888874054 925.246856495738 14.22777502983809 0.167206808924675 1656.682319186628 812.3527776449919 211.0864834487438 678.702864125371 0.3810153007507324 54.73337448388338 1223.401477001607 1914.374469876289 50.39036082476377 1166.668627157807 2738.612784385681 14800.66407304257 31.11630408465862 8.53099100291729 26.09955277293921 300.0036758556962 0.08963052928447723 0.4563461318612099 82.30928471684456 13.52441200613976 607.4331711530685 1049.991151213646 451.5390358865261 116.531420558691 15.84181244671345 4.039621129631996 9.805549263954163 1.182953879237175
235.8782247304916 15.81657136231661 445.9107742831111 3103.684219256043 4.186187222599983 392.3992760404944 21083.02835819125 380.622933588922 1091.65817001462 5641.889375708997 28.46654016524553 1013.037852860987 19.55470510572195 736.0932431593537 50.45771247148514 1970.851164288819 196.9161910265684 8.857359625399113 19.07306201756001 2165.94722174108 2676.101796001196 62.84074825793505 4345.090438835323 7561.588000848889 6.293940082192421 24.39691892266273 1976.75555343926 15521.52917267382 1605.692010968924 14926.24991361052 0.9771516472101212 10.7106496244669 330.8315592780709 665.7838764414191 159.3595211952925 4516.945517212152 238.5517704561353 1910.446163363755 1021.087982751429 201.4364819154143 31.57012443244457 5.384136863052845 36.5818008929491 106.7612529098988 0.6346268504858017 9.070117183029652 139.125785164535 0.7642835900187492 73.33498737961054 405.5366494581103 99.99163153767586 465.4163317382336 87.3421168923378 15.86622024327517 67.23436719924212 0 205.6388105228543 7.045940399169922 155.1200870350003 8.953634560108185 0.7811626940965652 4.413350559771061 84.12670546025038 254.478007376194 40.16367907077074 36.49180282652378 2182.891386389732 0 5.047735318541527 42.76229791343212 1320.212821014225 380.848665125668 399.035092510283 0 3.488797813653946 30.3740266263485 37.09666313976049 17.67911522090435 522.4921390861273 10.94831217080355 207.3171001598239 87.6931413859129 240.9495752155781 12.8827391192317 4.54049576818943 7.899424359202385
