1351.795789502561 0.50090591609478 92.2040546387434 11.49981027841568 0.3335227817296982 14.9680312499404 1539.709964260459 169.1445502713323 25.0759594887495 43.89803577959538 9.714979976415634 2.037573859095573 0 5502.311995081604 0.7465448081493378 0.6888075396418571 216.0589992031455 16.45080967247486 29.36449271440506 9.568553477525711 25.22681988030672 0.9491989687085152 74.8478040844202 167.0936894342303 0.1947352439165115 60.84341274946928 52.07772024720907 320.6871614530683 4885.812989480793 1916.044093959033 0.5796301066875458 2.377978898584843 43.84904649108648 183.7127951607108 1.712925940752029 61.03195090591908 14.36011011898518 112.4926473125815 21.08033663034439 6.353817030787468 0.5612057149410248 0 0.7097342610359192 4.933841496706009 0.1552334874868393 0.4326039478182793 1.848386593163013 0 0.4309061467647552 48.8099185153842 0.4289200231432915 9.216091312468052 2.69695121794939 1.663427516818047 0.1724236160516739 0.1393552422523499 7.282720439136028 0 1.539614886045456 0 0 0.1460957527160645 0.4291415065526962 0.6832427605986595 1.210767865180969 0.6415495350956917 62.4907089471817 0 0.6411355510354042 0.9212144836783409 66.96429058909416 21.19934885948896 15.02151963859797 0 0 1.226339623332024 4.383763037621975 0.8795661926269531 13.01197324693203 1.05737891048193 12.34082548320293 4.386278010904789 7.857362613081932 0.8740123063325882 0 0.3402602970600128
0.50090591609478 150.189439766109 140.7901268526912 0 1.562268950045109 1.021320626139641 3.313446819782257 1.569425590336323 744.7031206861138 0.2611511647701263 23.06936340779066 8.568179249763489 940.2280127704144 1.737132266163826 16.96321551501751 263.469975464046 120.3800747990608 7.758168250322342 100.8821917176247 0.6113943234086037 12.00953058898449 2713.789232484996 20.43283928930759 1350.092499949038 2717.733301393688 954.9152374044061 10464.55914936215 85.34977360069752 1.889221496880054 3.204673573374748 71.95116067677736 0.6901084780693054 0.136422261595726 90.77966849505901 1.369213446974754 148.6828750818968 253.4158488214016 273.1858159825206 33.90105161815882 34.54857315123081 0 63.79784738272429 0 0 157.7603418827057 207.3040400072932 2.325288258492947 0 0 2.649515964090824 0.9940881058573723 1.158478803932667 0.1226727142930031 2.622106827795506 0.302744448184967 31.02065242826939 1.715847328305244 0 9.515132747590542 127.9146701768041 9.326817467808723 108.3859144821763 0 2.743214413523674 28.12885907292366 19.79469820857048 6.313922077417374 51.28087045252323 577.6223126575351 2302.978566780686 6.459569253027439 1.986733928322792 2.888618722558022 13.35940814763308 0 0 15.75475577265024 1.018266260623932 151.9661468937993 65.41788019239902 81.06656417250633 22.1028218716383 3.424938559532166 0.4739343822002411 12.65337561070919 0
92.2040546387434 140.7901268526912 4672.963992752135 2.99907898157835 0.1264947056770325 107.664109133184 3069.793256096542 1213.159676559269 3.342777699232101 426.5854550227523 34.37894807010889 0.5123440250754356 7.74195896089077 1303.117459982634 0.9857564643025398 16.76248306781054 4039.684612140059 107.5846860036254 227.1265605464578 3.168167904019356 1267.801532074809 29.47650840878487 10054.59263221174 163.2594160959125 5.854004591703415 12004.49513494223 14768.05685611814 1034.076564796269 243.4931132793427 3004.633121527731 28.56561585515738 5.442425295710564 18.32520452141762 814.8546959832311 16.90836480259895 1688.832668200135 4411.758758999407 983.5804063603282 333.202540576458 68.98302817344666 4.297600127756596 3.421945974230766 8.114724926650524 1.642952725291252 310.5858167409897 1271.878547482193 0 0 0.2200121581554413 24.70977480709553 1.84876062721014 2.05770368874073 1.231207713484764 0.9848552197217941 0 1.081200785934925 3.556901916861534 0 38.48683509230614 313.0264406502247 5.294616125524044 51.52234665304422 0.3141104280948639 6.594873398542404 80.01042319834232 466.2731045559049 29.71844809502363 0.782485157251358 186.5643011555076 3195.241106055677 35.31980935484171 4.863681100308895 4.985955595970154 1.52992832660675 0 0.8481540381908417 36.008748434484 3.088215291500092 323.936114884913 605.1505512595177 147.7472597360611 71.76244751363993 15.29772314429283 0.8498496562242508 0 0.5611855834722519
11.49981027841568 0 2.99907898157835 4874.003092460334 10.99529333412647 52.01587533950806 229.4033126831055 81.18069914728403 2431.443197116256 5300.163627244532 4.11344413459301 1498.649446181953 0.8112646788358688 133.3215712830424 132.8738625720143 0 1.066167153418064 1.378168359398842 0.4043990969657898 6700.438872620463 0 1.345231220126152 0.8081700205802917 3324.82097479701 0.4654570519924164 1.537840358912945 1.399654231965542 6711.855941191316 157.9281301721931 3.567315958440304 0 8.470260381698608 0.9252119138836861 69.09253539890051 4.423667028546333 277.8797369897366 1.139943048357964 161.4269782304764 29.52353554964066 464.7970274686813 18.68723024427891 0 6.855766735970974 3.944420546293259 0.1510445177555084 0 405.3322215378284 2.106871262192726 31.39396689087152 167.3750381395221 7.102457448840141 215.9694640934467 224.430343426764 1.158077649772167 273.4911480173469 0.1312135457992554 22.36911030113697 71.80174758285284 0 0 0 0.472115159034729 156.6595059484243 0 1.847320318222046 0 830.1920847669244 0 0.2879152894020081 1.118789359927177 792.0396057888865 25.50624008476734 2.550877913832664 0 0 0.4755140319466591 9.680757857859135 0.2572580575942993 41.88243021816015 0.63615582883358 23.38823430985212 7.836285308003426 164.9204807579517 1.958844572305679 0 0.581945464015007
0.3335227817296982 1.562268950045109 0.1264947056770325 10.99529333412647 2.247203350067139 405.3625641167164 2.74304011464119 112.521618321538 117.8309918269515 7.907771311700344 2.283746190369129 119.2977770864964 2.287314690649509 8.099942788481712 921.5285552293062 0 0 0.1686802208423615 0 11.57631310075521 0 4.363156408071518 0 49.34162212908268 1.063356705009937 0.3549459129571915 3.006666131317616 5.553162291646004 104.9912589564919 0.7409026920795441 0.1094243600964546 296.2501334995031 0.1014066189527512 31.10052808374166 0 13.62536276131868 0 15.93024919182062 6.856170363724232 2016.851771757007 8.978630051016808 0 0 0 0 0 1.071045033633709 0 0 0.166250616312027 0 0.2466138452291489 0 0 0.7727469503879547 0 0 0.1768367439508438 0.1219807043671608 0 0 0 0 0.2007213681936264 0.264493927359581 0 1.341054916381836 0 0 0 4.47230289131403 0 0 0 0 0.1129309237003326 0 0 0.1846596747636795 0.1337717324495316 0.108647033572197 0.09282830357551575 1.405146956443787 0 0 0
14.9680312499404 1.021320626139641 107.664109133184 52.01587533950806 405.3625641167164 17306.64949733019 2328.548317030072 5668.234891071916 65.09443423897028 12750.05204883963 71.97541385143995 5922.076649144292 40.82000651955605 538.3583488166332 747.5593475773931 0 40.88991560041904 16.34113620966673 8.320951871573925 473.3502672612667 8.022288464009762 0.9697108268737793 13.67028254270554 96.04175896197557 0.962589368224144 55.36897226423025 19.01476618647575 280.4087496623397 452.0957400202751 48.37686529755592 0.9772967547178268 1325.34088562429 0.9353124424815178 503.2204026654363 6.639749810099602 349.7500610202551 12.0779048576951 437.4059254750609 190.0289618447423 1705.878880605102 513.0302728191018 4.685613304376602 11.67373926192522 1.414455212652683 0 0.1215312629938126 7.092060655355453 0 1.523231238126755 19.08649256080389 1.223768904805183 4.048599906265736 3.766426511108875 0 11.61064061522484 0.1735125184059143 3.604369439184666 4.807602778077126 0.7239717021584511 0.1089690998196602 0 0.3630754426121712 3.902372166514397 0.9207471460103989 0.383570060133934 0.315252885222435 31.36393264681101 0 0.1112819164991379 0.7353863418102264 32.25618407875299 3.972490862011909 2.061764590442181 0 0.4021174535155296 0 1.656252555549145 0 7.837941348552704 0.7694857120513916 4.210417106747627 1.083508417010307 17.40070162713528 0.4457391202449799 0 0.7264878153800964
1539.709964260459 3.313446819782257 3069.793256096542 229.4033126831055 2.74304011464119 2328.548317030072 19330.01859275997 5266.508751086891 229.6074729785323 15324.2428651005 33.64075570553541 56.5779194906354 16.12627888470888 11660.86778134853 13.21277702599764 4.057645320892334 269.2073485776782 26.87501207739115 24.16583881527185 251.5285131782293 351.4366541430354 4.823742158710957 797.1746656894684 2153.353645458817 0.7742504179477692 592.7042509540915 570.9767416715622 22126.01319795847 2729.019331216812 4258.159694679081 15.48762713372707 57.38386540859938 109.3896547630429 680.3503874391317 75.60116294771433 2609.643581427634 132.5378278642893 1307.536107212305 376.5949894636869 441.6594130694866 147.2824941202998 4.109276339411736 55.94512767344713 36.29946321994066 1.817464925348759 6.167342938482761 17.1830642297864 0.2345093339681625 8.231782667338848 371.4592694789171 7.091448336839676 64.55286294221878 38.25742132216692 4.176288835704327 3.813334062695503 0 53.84675513952971 2.240572288632393 20.73619056493044 3.511762984097004 0.7852517664432526 0.712895430624485 6.213636592030525 19.12591436505318 11.59285879135132 12.95924527943134 473.8741490989923 0.5170609503984451 2.588358506560326 36.63761073350906 521.151251450181 155.5234677866101 114.2055440992117 0.1117239817976952 0.3728537261486053 11.80856883525848 33.09649177640676 2.310250669717789 133.8874804750085 6.167892791330814 81.38378518819809 24.94733709841967 48.49220760166645 4.725463762879372 0.1327615529298782 4.453912571072578
169.1445502713323 1.569425590336323 1213.159676559269 81.18069914728403 112.521618321538 5668.234891071916 5266.508751086891 13230.89487480372 59.89688906818628 4418.679931640625 232.6633238941431 542.406977340579 129.8568588867784 9717.90996415168 108.2360599339008 0.6505344659090042 833.0979515314102 100.6343470439315 126.8329760953784 340.0023345276713 101.2278340831399 0.4396011158823967 253.5330293774605 343.7732306271791 5.551450595259666 594.8379754126072 179.2085592597723 782.3913866579533 646.0664305984974 1183.097324885428 6.555833518505096 1093.306301191449 14.9153720587492 1112.561445690691 23.77822680026293 603.5573000311852 67.74603202193975 1280.29711072892 477.4375119060278 814.7650900110602 488.6482787504792 9.956581935286522 23.62116620689631 5.696897402405739 0.7370138913393021 3.132089860737324 8.467627197504044 0.5530719757080078 3.217171974480152 128.6602872088552 2.227868102490902 13.10001361370087 13.84065662324429 1.287520617246628 3.398883014917374 0 17.26717077195644 0.1721185892820358 5.85435888916254 1.459268383681774 0 0.5469535365700722 0.6762544065713882 2.481799371540546 2.174627475440502 1.805524729192257 131.7939211726189 0 1.03676850348711 7.675431318581104 164.9332717806101 40.93954007327557 28.55677129328251 0 0.5828645080327988 2.541955403983593 7.975034058094025 0.5212262272834778 39.87256175279617 3.328625559806824 22.21966978162527 8.210405088961124 13.84686739742756 1.400754474103451 0.9012683629989624 0.6581640467047691
25.0759594887495 744.7031206861138 3.342777699232101 2431.443197116256 117.8309918269515 65.09443423897028 229.6074729785323 59.89688906818628 2629.407679356635 102.0447277724743 4.459460958838463 899.7249708473682 149.3804933950305 54.46035432070494 805.2728152126074 30.73218443244696 14.70051190257072 2.870647788047791 10.59919220209122 895.1641638204455 17.02088321745396 3483.019650302827 8.539023071527481 11768.59232962132 473.5581736937165 60.16864088922739 743.8313798904419 1284.882454760373 131.3364257737994 122.6641093268991 25.79456412792206 27.93742252141237 6.93273913115263 34.5099921002984 4.351900681853294 148.1486028954387 27.85581338405609 68.51058782637119 16.91719561815262 832.0102505907416 3.796751774847507 3.658338978886604 2.794197782874107 60.16264817863703 8.900557652115822 1.677947610616684 178.8285940513015 0.8649517893791199 7.177079118788242 293.4369552731514 6.49141476303339 86.09289306402206 56.38958749175072 4.008085064589977 106.8576580509543 3.676364473998547 83.00145137310028 19.15325465798378 245.3716898933053 3.391454257071018 1.062527269124985 2.077566407620907 29.98709270358086 112.6179788857698 88.42416203022003 21.59186227619648 2145.284868776798 5.54155970364809 10.26469354331493 21.0603408664465 932.1410004794598 234.0294020101428 138.9111866056919 1.282244071364403 0.3455203399062157 20.49210219830275 46.15954611450434 2.71787591278553 118.5800716429949 6.878539212048054 93.22639141976833 27.6231192946434 39.50307366997004 7.222633942961693 0.6048772484064102 3.506223529577255
43.89803577959538 0.2611511647701263 426.5854550227523 5300.163627244532 7.907771311700344 12750.05204883963 15324.2428651005 4418.679931640625 102.0447277724743 33286.54536239803 74.77381835132837 5120.385231971741 12.06038451194763 2112.611936293542 18.70718175917864 0.2015753239393234 49.06010399013758 26.84199141710997 9.75466226786375 5457.605038076639 18.42317678779364 0 61.53663697093725 385.589452393353 0.5536376461386681 142.4763036668301 51.68608544021845 7421.827124722302 1495.895945958793 46.00274538248777 3.711475439369678 106.3397222980857 8.407508477568626 538.7961150035262 20.51084453612566 1048.4328263551 33.79167744517326 1328.1038377285 168.1685871556401 320.2292595282197 126.463525146246 2.743748731911182 29.21771842241287 10.66257766634226 0 0.8161567896604538 94.38424252718687 0.2109891176223755 14.13780658692122 197.5383496880531 6.712894789874554 44.572120629251 65.6929994598031 0.7008683383464813 24.01282931864262 0.1130799427628517 19.06456639617682 13.445242382586 3.047331489622593 0.2172581851482391 0.2167232036590576 0.457560770213604 30.45463059842587 2.760549813508987 3.126939073204994 1.470387451350689 335.0085657387972 0 0.6330981254577637 3.202780105173588 386.4880501776934 31.86190240085125 15.13762629777193 0 0.1501995474100113 1.875583849847317 8.073912605643272 0.8705593645572662 48.92444831132889 1.855729997158051 38.57885378599167 8.770432233810425 76.43132297694683 0.2485614567995071 0.1388817876577377 1.227235719561577
9.714979976415634 23.06936340779066 34.37894807010889 4.11344413459301 2.283746190369129 71.97541385143995 33.64075570553541 232.6633238941431 4.459460958838463 74.77381835132837 10455.34854464978 103.2841766625643 3043.928296618164 228.409469589591 12.54300659894943 0.7499490529298782 951.9602754339576 2635.923117116094 558.3965288475156 40.99688540399075 20.41792902350426 7.51738066226244 70.02545554190874 18.34991280734539 553.3554613143206 1740.40392806381 534.962972022593 23.0835185945034 431.3899048268795 39.5525560900569 726.7325488254428 204.1385176628828 0.5223414748907089 10666.13417322934 6.484485983848572 750.8685254603624 6353.323383912444 8914.71062387526 1408.552711725235 146.5121704116464 128.8756403476 1497.052373602986 15.67235749959946 0 8.175963789224625 0.7156722098588943 1.023322343826294 0 0 1.835928812623024 0.2118249088525772 0.2584033608436584 0.7889694571495056 38.15532148629427 0 354.7376931533217 0.2828078791499138 0 0 1.110786855220795 10.68904028832912 3.786583185195923 0 0 1.349751837551594 0 5.082197725772858 129.229742616415 114.989773131907 164.7440908402205 5.049009099602699 1.162355855107307 0 56.06028547137976 0.1289946287870407 0 0.2818906605243683 0 14.5885669067502 153.2562737986445 3.810795366764069 1.705448552966118 0.1496704369783401 0 102.9929910376668 0
2.037573859095573 8.568179249763489 0.5123440250754356 1498.649446181953 119.2977770864964 5922.076649144292 56.5779194906354 542.406977340579 899.7249708473682 5120.385231971741 103.2841766625643 9744.067327164114 19.30906444787979 860.2461808770895 1391.741024747491 0 1.042925581336021 28.90553318709135 2.940577872097492 6181.259155981243 0.1202620789408684 33.7374087870121 0.6091357171535492 1381.100958481431 10.01972369104624 16.57684120535851 20.09215211868286 597.9967307671905 711.0726693198085 5.764836542308331 2.542854860424995 194.2827762290835 1.387095957994461 244.9419181495905 81.77293603122234 978.4790066257119 17.36694543808699 675.7333126738667 110.3362274393439 2509.112952448428 24.58957697451115 2.344833292067051 9.983827151358128 0.9288842678070068 0.5306384116411209 0 131.9046788588166 1.569789707660675 11.15108698606491 55.43177432566881 3.405814029276371 25.24318612366915 183.3110577240586 1.950944654643536 262.5312962606549 0.2127810418605804 9.298021666705608 63.44972455501556 2.195040196180344 0.1389067471027374 0 0.9550408720970154 52.7186566144228 2.73481459915638 1.071972921490669 0.712383046746254 203.6229274719954 0.130173921585083 0.9838932305574417 0.4032889753580093 199.5677082389593 6.895746886730194 0.9993808567523956 0 0.2811296582221985 0 2.431953623890877 1.143001466989517 39.71299840509892 1.011840954422951 8.076783880591393 2.705673709511757 165.5099481791258 0 0 0
0 940.2280127704144 7.74195896089077 0.8112646788358688 2.287314690649509 40.82000651955605 16.12627888470888 129.8568588867784 149.3804933950305 12.06038451194763 3043.928296618164 19.30906444787979 5104.418714046478 29.65679983049631 11.22031495720148 10.62827422469854 11.01015749573708 167.525002785027 14.64016638696194 9.613559484481812 3.86327051371336 295.8371816799045 7.333183988928795 226.7494711279869 5473.090872690082 873.5329639241099 5323.988327719271 19.45797611027956 68.06827875226736 7.166999101638794 1320.657532118261 111.8302389085293 0.8176975101232529 924.8010415285826 43.19360941648483 1480.909405566752 12992.83215259016 5641.890262700617 960.2270378693938 132.8091927692294 209.9877905100584 2557.884364962578 15.30866461992264 0.2633928209543228 92.81009623408318 0.9831915125250816 0.8135145828127861 0.1166685745120049 0 2.20388051867485 0 1.809419982135296 0.3723436668515205 282.2573898658156 0.4047965928912163 2624.824412547052 0.6694855391979218 0 0.1406842470169067 0.6617249995470047 54.82682758569717 15.14833655953407 0 0.1655347645282745 5.92566917091608 0.9728779643774033 4.647480897605419 1727.811221525073 555.0517658144236 935.9087173119187 2.532121181488037 0.9630442038178444 0.8580655455589294 322.4643103703856 0 0 8.097638219594955 0 97.19219876825809 1299.766298189759 62.57250561565161 39.26321244984865 7.504351869225502 1.964619278907776 685.1278980672359 0
5502.311995081604 1.737132266163826 1303.117459982634 133.3215712830424 8.099942788481712 538.3583488166332 11660.86778134853 9717.90996415168 54.46035432070494 2112.611936293542 228.409469589591 860.2461808770895 29.65679983049631 15380.79559767246 45.68013835698366 0.5283786132931709 1460.261224016547 140.2776471674442 188.306193575263 579.4822240993381 182.892257630825 1.767029903829098 499.2932252287865 435.5596634820104 3.035802900791168 602.1441968977451 318.1966742575169 1137.502330243587 4326.912919119 4228.405054226518 5.822485961019993 102.2467879354954 27.65602580457926 1430.872156202793 15.48697216808796 699.4357763454318 71.48736061900854 1578.935149326921 230.9289018437266 551.1430441215634 41.63089542835951 5.08930030465126 13.91773173213005 11.99315363168716 2.208331637084484 2.759317360818386 6.5662542283535 0 1.096479378640652 112.8338780924678 1.727536119520664 13.46865133196115 10.47864974290133 0.2795900478959084 3.53985720872879 0.1529958248138428 18.95811140537262 0.7337489202618599 4.145477846264839 0.8773305416107178 0 0.4135615527629852 5.013110503554344 2.513968512415886 1.033868156373501 2.55495585501194 159.7481339648366 0 1.71431726962328 7.610367223620415 167.7771519571543 44.79478791356087 30.30698870867491 0 0 3.706228367984295 8.175721555948257 0.555050402879715 35.14191452413797 3.150548510253429 28.93721977621317 5.159806102514267 13.71530745178461 1.557950787246227 0 0.5972690358757973
0.7465448081493378 16.96321551501751 0.9857564643025398 132.8738625720143 921.5285552293062 747.5593475773931 13.21277702599764 108.2360599339008 805.2728152126074 18.70718175917864 12.54300659894943 1391.741024747491 11.22031495720148 45.68013835698366 477.8807027861476 0.295597106218338 0.4779231324791908 2.107341013848782 0.7588988840579987 134.4159997403622 0 59.45752135664225 0 962.5031962841749 16.24571763724089 4.028733983635902 34.12762150168419 75.71969154477119 48.01624327898026 2.684771999716759 0.6546782553195953 1160.827845320106 0.2222973182797432 22.15572035312653 1.197418883442879 322.4709030911326 3.664477288722992 43.18145991116762 17.78350161761045 1319.836906820536 15.82560183107853 3.835846170783043 1.896883606910706 1.474869966506958 0 0 14.26462633907795 0.5355277061462402 0.479177862405777 8.815566435456276 0 3.578071676194668 7.18034053593874 3.680819034576416 22.39946958422661 0 0.8230132982134819 7.760335981845856 2.1426862180233 0 0 0 7.453980326652527 1.502305254340172 3.035268373787403 0 22.12701447308064 0 0.1448094695806503 0.1279390156269073 22.19770652800798 1.041190661489964 3.413816332817078 0 0 0 0.5902617573738098 0 14.72312556952238 0.1069088503718376 0 0.7296187281608582 30.30870378017426 0 0 0
0.6888075396418571 263.469975464046 16.76248306781054 0 0 0 4.057645320892334 0.6505344659090042 30.73218443244696 0.2015753239393234 0.7499490529298782 0 10.62827422469854 0.5283786132931709 0.295597106218338 4624.358022540808 33.8511173799634 2.940444722771645 12.38632548600435 0 1487.135737508535 2560.770785517991 6673.911473870277 3465.416200868785 41.2862444370985 33.59495201706886 5711.769174441695 1561.614357851446 3.70179945230484 148.5852497220039 1.873072639107704 0 0.3806021213531494 106.5167173072696 24.50404115021229 1165.381442852318 582.303184196353 215.4826251640916 279.6382266208529 40.25895166397095 0.4592515826225281 3.193637140095234 9.550464227795601 2.71959362924099 14.48556663095951 16.30118525773287 0 0 0 4.218486592173576 1.023989699780941 2.547042772173882 0.5075063854455948 0.1774349063634872 0 0.3056944310665131 4.382462874054909 0 3087.351391538978 6.052421756088734 0.1119346544146538 1.534814767539501 0 506.9511143788695 1093.795845881104 933.8709845170379 132.4635309278965 0.260290838778019 6.403712660074234 912.502241268754 246.2160202786326 25.23178445547819 127.4657928720117 0.3099396377801895 0.1951571702957153 5.244287684559822 8.076475709676743 0.204158291220665 385.3929506614804 10.72663466632366 11.67273739725351 3.8741405159235 4.286327540874481 0.2801969647407532 0.1540785431861877 0
216.0589992031455 120.3800747990608 4039.684612140059 1.066167153418064 0 40.88991560041904 269.2073485776782 833.0979515314102 14.70051190257072 49.06010399013758 951.9602754339576 1.042925581336021 11.01015749573708 1460.261224016547 0.4779231324791908 33.8511173799634 2069.09718438983 819.1635859459639 6512.672878533602 0.9914808049798012 1734.681908994913 26.20353879034519 3884.1702728495 88.95396646112204 4.623824402689934 3510.779692053795 10136.65317814052 100.5979636013508 833.0805924907327 3707.178268879652 7.886377513408661 6.010844603180885 32.58809906989336 3146.759019523859 8.655069254338741 897.0111243575811 1338.996413953602 1709.901813499629 277.9040461555123 32.64715640246868 2.076712124049664 0 3.590781733393669 0.6104725226759911 80.75936061888933 194.4312923252583 0 0 0 4.856673523783684 0 1.282722279429436 0.4672857820987701 0.1375487893819809 0 0.1061189845204353 0.8076224401593208 0 3.736478477716446 66.9859861060977 1.214268118143082 23.77736201137304 0 0.6250229626893997 7.669811561703682 29.05306182056665 10.0673666447401 1.401302553713322 104.2600766345859 440.49488825351 8.604275450110435 1.390977829694748 2.801919661462307 1.389684125781059 0 0.1206969544291496 9.092993564903736 0.4439484775066376 51.6887464672327 149.9714983031154 26.2526064440608 11.8447582423687 1.15627221763134 0 0.2627917230129242 0.1476004421710968
16.45080967247486 7.758168250322342 107.5846860036254 1.378168359398842 0.1686802208423615 16.34113620966673 26.87501207739115 100.6343470439315 2.870647788047791 26.84199141710997 2635.923117116094 28.90553318709135 167.525002785027 140.2776471674442 2.107341013848782 2.940444722771645 819.1635859459639 829.5735668540001 2012.251895077527 12.12365143746138 15.35168382525444 2.5630247220397 113.7411706447601 6.843498773872852 19.10892347991467 3571.402219608426 1055.156083092093 9.95570657402277 130.3876625150442 63.88262602686882 176.7917529195547 37.72059611231089 1.904185339808464 2547.557897984982 11.22984974086285 1098.723905108869 2213.465377509594 3261.041275791824 555.7277020290494 31.72595804929733 6.461866080760956 13.52908352762461 4.856366485357285 0 8.736594192683697 2.437286585569382 0 0 0 0.7918486446142197 0.1437114626169205 0.1422230303287506 0 4.20768465846777 0.1565767824649811 62.85191556066275 0.3977309837937355 0 0.1061981767416 1.519947312772274 20.01972200721502 10.30839751660824 0 0.08339213579893112 1.175537958741188 0.1155969202518463 2.582588359713554 40.22118328511715 176.8705500736833 217.8162083849311 1.164337143301964 0.339922621846199 0.1140451207756996 37.21812861412764 0 0 1.124959222972393 0 5.548916064202785 33.73079837113619 5.056400872766972 1.235855385661125 0 0.1402938961982727 0.7396689429879189 0
29.36449271440506 100.8821917176247 227.1265605464578 0.4043990969657898 0 8.320951871573925 24.16583881527185 126.8329760953784 10.59919220209122 9.75466226786375 558.3965288475156 2.940577872097492 14.64016638696194 188.306193575263 0.7588988840579987 12.38632548600435 6512.672878533602 2012.251895077527 4603.445440530777 1.680388331413269 62.13069158792496 16.94047079235315 345.74811398983 46.87672058492899 8.098962888121605 5930.217826277018 2783.090829774737 12.27738620340824 142.869501106441 148.4703922122717 16.01034633815289 5.198829919099808 4.204065456986427 2181.154223695397 2.087726444005966 694.9844536632299 1042.918551370502 1243.520762011409 145.7848918661475 25.18031077086926 1.35707126557827 0.2687014043331146 3.11264406889677 0.211080938577652 44.39081014692783 21.35521822422743 0.2249658703804016 0 0 1.591118514537811 0 0 0 0.1335734575986862 0 3.031162604689598 0.2151678875088692 0 0.1664133220911026 24.92211885750294 6.64681302011013 46.41274633258581 0 0 0.8180750012397766 2.537797436118126 3.112513467669487 3.774408154189587 233.7309233173728 281.4432886391878 0.8371566236019135 0 1.780962251126766 3.263610847294331 0 0 2.985141910612583 0 26.39466462284327 128.6401437073946 15.53907208144665 4.4217619150877 0.186170905828476 0 0.1367616504430771 0
9.568553477525711 0.6113943234086037 3.168167904019356 6700.438872620463 11.57631310075521 473.3502672612667 251.5285131782293 340.0023345276713 895.1641638204455 5457.605038076639 40.99688540399075 6181.259155981243 9.613559484481812 579.4822240993381 134.4159997403622 0 0.9914808049798012 12.12365143746138 1.680388331413269 1157.839469045401 0.4354618787765503 0.7418580502271652 1.530715078115463 409.3519066572189 0.4812780171632767 10.71211037039757 2.877464652061462 1908.947572365403 626.1733283400536 5.763920001685619 0.7427062094211578 41.51683164387941 1.159058175981045 231.5014896541834 8.864777699112892 770.0907438620925 15.74848238378763 587.311213336885 93.43620104342699 717.4520149901509 48.49836996197701 3.610106825828552 14.07041172683239 10.57548799365759 0.180187314748764 0.6467344760894775 360.6745715811849 2.628013789653778 41.07393678277731 451.4960704371333 11.00978341698647 112.7102631106973 208.1143716573715 2.322813868522644 231.5184084400535 0 32.5650308355689 95.66525232791901 0 0 0.3712627589702606 0.1418034732341766 110.262937001884 0 2.169574677944183 1.414386950433254 830.9377585500479 0.1641550958156586 0.8218315988779068 0.3533298671245575 979.5007232427597 46.45216900110245 14.31290083378553 0 1.380495950579643 1.04218078404665 18.48328656703234 0.7028492093086243 101.7470474541187 1.328778102993965 50.89680812507868 11.29763149470091 247.3529918864369 0.8134976923465729 3.454462647438049 1.761169612407684
25.22681988030672 12.00953058898449 1267.801532074809 0 0 8.022288464009762 351.4366541430354 101.2278340831399 17.02088321745396 18.42317678779364 20.41792902350426 0.1202620789408684 3.86327051371336 182.892257630825 0 1487.135737508535 1734.681908994913 15.35168382525444 62.13069158792496 0.4354618787765503 15617.44174848497 59.60813097655773 16758.01959262788 222.140488691628 5.470086105167866 95.03327012807131 1916.434507273138 3298.659195125103 198.339869260788 10544.63811203837 3.286060608923435 0.8390445038676262 60.65829892456532 4514.930938772857 288.789398021996 9435.657269947231 2393.286609470844 5989.827205061913 3719.496221266687 279.0474987775087 7.764639340341091 2.26378308236599 107.3708333671093 11.4334761723876 2.490150973200798 5.520166501402855 0 0 0.5716016888618469 23.61703009903431 2.236083596944809 6.012913197278976 0.8213118314743042 2.774333514273167 0 1.496999263763428 13.23238318413496 0 636.186866633594 5.194557495415211 0 2.368295200169086 0 612.4962234869599 133.3510329574347 141.5907185450196 269.6348036825657 0.1761224418878555 1.458427913486958 103.1246120929718 490.2829537689686 97.47760277986526 317.3472197428346 0.6159905195236206 0 13.77948252111673 15.53577388077974 4.209182530641556 93.93988135457039 7.424360804259777 17.39970778673887 4.950779497623444 18.25147048383951 1.150253534317017 0.2343521118164062 1.019377112388611
0.9491989687085152 2713.789232484996 29.47650840878487 1.345231220126152 4.363156408071518 0.9697108268737793 4.823742158710957 0.4396011158823967 3483.019650302827 0 7.51738066226244 33.7374087870121 295.8371816799045 1.767029903829098 59.45752135664225 2560.770785517991 26.20353879034519 2.5630247220397 16.94047079235315 0.7418580502271652 59.60813097655773 2118.647222518921 493.1273612380028 6665.339895486832 1139.020736314356 69.95728320628405 4156.191803894937 353.3201783671975 2.535773776471615 8.812926560640335 30.64157044142485 0.6542620956897736 1.692115895450115 25.91670375317335 0.5585201382637024 43.72341313958168 51.97726739943027 34.87252753227949 7.396177791059017 157.0283328816295 0 8.372907742857933 0 0.8938887119293213 13.02931100130081 67.55685314536095 6.514032728970051 0 0 5.354771472513676 0.3658093959093094 13.75449900329113 0.1158807352185249 1.417447216808796 1.273515909910202 6.409290477633476 1.417576789855957 0 1072.531966134906 11.85495720803738 1.26634057611227 1.282501794397831 0.2825133204460144 108.8933387100697 107.5212306678295 287.0892459452152 81.15774781256914 5.726601526141167 13.48065008223057 1191.33640345186 82.28311583399773 8.090835638344288 28.29895863682032 1.461767971515656 0 1.284704327583313 2.989618502557278 0.3594230115413666 27.5584756731987 10.50293096899986 13.07201004773378 7.795917168259621 3.428242340683937 0 0.8507056534290314 0
74.8478040844202 20.43283928930759 10054.59263221174 0.8081700205802917 0 13.67028254270554 797.1746656894684 253.5330293774605 8.539023071527481 61.53663697093725 70.02545554190874 0.6091357171535492 7.333183988928795 499.2932252287865 0 6673.911473870277 3884.1702728495 113.7411706447601 345.74811398983 1.530715078115463 16758.01959262788 493.1273612380028 15727.43371360749 1457.271365143359 14.08931178599596 984.5132304206491 13165.04616093636 2063.596516154706 415.9831083789468 8780.880891300738 8.281156733632088 2.285124063491821 25.67834185808897 3075.076241150498 206.8348968699574 13136.96878044307 9944.156084522605 7576.076475374401 7643.54413228482 576.0860926136374 17.36669206619263 5.368573114275932 93.49436553567648 0.3869071751832962 6.118773758411407 87.04866302013397 0 0 1.310055494308472 8.310790330171585 0 1.886948853731155 0.6464970707893372 0.6169301569461823 0 0.4695557355880737 2.653411984443665 0 2849.955980151892 6.035316556692123 0.1540505588054657 1.690877720713615 0 249.4123212695122 825.7904023081064 1163.961553670466 71.91072834283113 0.1175632178783417 6.251828648149967 2030.870159395039 108.4628348127007 6.88891664147377 52.92613602429628 0 0 0.6605801582336426 2.938177645206451 2.235456436872482 546.2843443974853 72.93155329674482 16.33729047328234 16.33444957435131 2.615298897027969 0.2749679088592529 0 0.3469682633876801
167.0936894342303 1350.092499949038 163.2594160959125 3324.82097479701 49.34162212908268 96.04175896197557 2153.353645458817 343.7732306271791 11768.59232962132 385.589452393353 18.34991280734539 1381.100958481431 226.7494711279869 435.5596634820104 962.5031962841749 3465.416200868785 88.95396646112204 6.843498773872852 46.87672058492899 409.3519066572189 222.140488691628 6665.339895486832 1457.271365143359 14172.21454397589 737.1334143653512 174.1203533038497 5127.491062708199 10446.37326058745 1135.249099083245 732.0754094198346 37.7011397331953 21.06624133884907 100.0284959003329 306.6081657931209 48.95016020536423 1820.088223092258 288.7306400984526 651.4762749895453 221.6182818263769 1179.450921751559 45.09399837255478 16.3747096285224 24.159025862813 186.7740921452641 29.30217472463846 20.36792536079884 453.3560968115926 1.546362221240997 50.06141831725836 1471.603041708469 50.18249211460352 1259.682026907802 283.1135801225901 17.027547724545 211.853813059628 6.91129494458437 326.4681399986148 49.84744544327259 1162.259836852551 17.71593506634235 4.907407872378826 7.620032630860806 93.88588328659534 820.1510247513652 660.1113634333014 218.5024155303836 4787.392019785941 9.915620900690556 20.62847650796175 134.8458377122879 4225.775700047612 913.0344452336431 895.6227411404252 1.823571242392063 2.64814942330122 89.16562164574862 165.2517482638359 15.95783960074186 546.7682280093431 26.58751810342073 413.451410241425 119.1523899510503 251.5981557145715 28.15458869189024 1.192479982972145 10.85502644628286
0.1947352439165115 2717.733301393688 5.854004591703415 0.4654570519924164 1.063356705009937 0.962589368224144 0.7742504179477692 5.551450595259666 473.5581736937165 0.5536376461386681 553.3554613143206 10.01972369104624 5473.090872690082 3.035802900791168 16.24571763724089 41.2862444370985 4.623824402689934 19.10892347991467 8.098962888121605 0.4812780171632767 5.470086105167866 1139.020736314356 14.08931178599596 737.1334143653512 1170.131800360978 435.2996694594622 4988.24930537492 36.74158027023077 5.323650851845741 3.110965445637703 409.5121154561639 4.529016420245171 1.190206289291382 299.8884958401322 4.053345143795013 796.7880987599492 2336.84254232794 1698.464683838189 233.6038857698441 52.45533586293459 51.43524897098541 603.6859575510025 18.40981963276863 0.187299869954586 199.3692755848169 1.629330158233643 0.885865330696106 0 0.2525565624237061 0.4307903051376343 0.2313684523105621 5.692845337092876 0.4295323491096497 86.26559825241566 0.2327234521508217 786.9357708916068 0.9656614363193512 0 0.6767029464244843 1.456653103232384 95.17979196459055 42.14835294336081 0 0 17.12284261733294 0.3408687263727188 10.66292285174131 486.6733113229275 972.9042581766844 1680.243130601943 1.272465206682682 0.4508848860859871 0.4224473088979721 258.7424486428499 0 0 6.924922600388527 0.1674047261476517 78.66707195341587 426.2367924675345 49.06478402763605 10.48182570934296 10.62375068664551 0 394.7005218714476 6.114581108093262
60.84341274946928 954.9152374044061 12004.49513494223 1.537840358912945 0.3549459129571915 55.36897226423025 592.7042509540915 594.8379754126072 60.16864088922739 142.4763036668301 1740.40392806381 16.57684120535851 873.5329639241099 602.1441968977451 4.028733983635902 33.59495201706886 3510.779692053795 3571.402219608426 5930.217826277018 10.71211037039757 95.03327012807131 69.95728320628405 984.5132304206491 174.1203533038497 435.2996694594622 28024.34614035487 16584.6904733628 146.8827109336853 251.329444937408 824.6785499826074 1437.5203756392 22.9255646020174 7.956537537276745 3155.741186499596 27.3440215960145 4955.828577078879 8173.783955842257 5939.224357113242 921.6608691811562 139.4197270199656 11.45210311561823 31.13902795314789 12.82087862491608 1.648758709430695 1387.768495604396 628.5876542627811 0.2677673995494843 0 0 11.86659330874681 2.785522051155567 4.870720185339451 1.329395465552807 40.21623763442039 0.3388897925615311 440.1012049689889 10.3118818551302 0 6.998973526060581 545.176435738802 199.7978506907821 747.7093445211649 0.09563359618186951 6.042436234652996 26.77369334548712 35.39684965461493 30.56345734000206 410.0979465246201 4739.951735891402 7002.168788835406 10.97775954008102 4.653593957424164 14.6775120049715 241.0959333777428 0.120896577835083 0 67.26671831309795 4.641257673501968 534.9910275042057 1784.634669177234 318.8494241610169 101.2977491021156 10.59271287173033 0.4389610439538956 3.885608769953251 0.4962193667888641
52.07772024720907 10464.55914936215 14768.05685611814 1.399654231965542 3.006666131317616 19.01476618647575 570.9767416715622 179.2085592597723 743.8313798904419 51.68608544021845 534.962972022593 20.09215211868286 5323.988327719271 318.1966742575169 34.12762150168419 5711.769174441695 10136.65317814052 1055.156083092093 2783.090829774737 2.877464652061462 1916.434507273138 4156.191803894937 13165.04616093636 5127.491062708199 4988.24930537492 16584.6904733628 47202.54209282994 2315.821018800139 225.4640503078699 452.1913844570518 2138.620163671672 7.972364790737629 16.1225636228919 4262.382192842662 110.0045555084944 11578.89823567122 6344.994187250733 8263.322445079684 2892.259890496731 480.7448750734329 19.58298755437136 88.82917287200689 42.87752005457878 5.080152466893196 3266.823571465909 2574.757614947855 2.447011969983578 0 0.2455040141940117 40.63861709833145 6.231860257685184 6.243423700332642 2.895792610943317 53.34179328382015 1.338781706988811 627.3032016456127 12.59222197532654 0 965.7192653566599 700.545555241406 208.7755045369267 626.3076480329037 0 39.99541148543358 1277.914011262357 1615.3690873757 113.3208906576037 757.5609063953161 4159.911903582513 15990.546855703 99.31875160336494 8.791165053844452 25.35261695086956 341.2066168189049 0.1261005103588104 1.36024048179388 97.39406952261925 6.196252875030041 1093.917856395245 1399.184206210077 477.8299551010132 184.6890842989087 28.61293496191502 0.3209888935089111 20.33664745092392 2.005816981196404
320.6871614530683 85.34977360069752 1034.076564796269 6711.855941191316 5.553162291646004 280.4087496623397 22126.01319795847 782.3913866579533 1284.882454760373 7421.827124722302 23.0835185945034 597.9967307671905 19.45797611027956 1137.502330243587 75.71969154477119 1561.614357851446 100.5979636013508 9.95570657402277 12.27738620340824 1908.947572365403 3298.659195125103 353.3201783671975 2063.596516154706 10446.37326058745 36.74158027023077 146.8827109336853 2315.821018800139 29149.43828380853 2546.09660577029 10478.90103304386 5.134076729416847 22.36925218254328 346.0848593264818 968.9725876450539 150.1927364468575 4523.518592745066 525.1618552282453 1665.188515253365 592.918738566339 471.8567266389728 120.8793796673417 19.08466449379921 73.52906106412411 151.7435070499778 5.893893353641033 13.50892901420593 260.8460702672601 1.0193882137537 42.47877674549818 1354.390015028417 36.15999176353216 415.0275759026408 238.898857831955 17.55957864224911 96.55521170794964 6.82857858389616 272.9323166385293 28.26328970491886 454.2624003589153 11.53790856152773 1.670310214161873 5.656257450580597 80.67888513207436 413.335498817265 179.9444056376815 99.13211037963629 2711.638134874403 2.043832384049892 6.895327098667622 102.7498203441501 2950.912978261709 744.5574458912015 791.1890229433775 0.4911706447601318 2.601926907896996 66.97530224174261 133.6395886093378 9.282995544373989 454.9825779050589 12.4067300260067 318.2679761722684 86.5857316032052 187.4964211881161 15.21822560578585 7.158538594841957 14.32515277713537
