1878.800217457116 0.3891579359769821 130.4720061272383 14.83630326390266 0.1794070079922676 44.85128503292799 924.9126939922571 538.9709155932069 9.487671084702015 91.31233594566584 13.30529279261827 1.142201244831085 0.3239898458123207 4742.476268552244 0.5803756788372993 2.242383420467377 178.3106637373567 51.18095777928829 144.7663360759616 7.536715820431709 42.74053782969713 2.766191817820072 220.8390635624528 156.0906001701951 0 108.0622511282563 46.92730604112148 257.3575280234218 4152.198962323368 2863.276935644448 1.52071250975132 3.928066127002239 26.51458986848593 166.8351441845298 5.528190344572067 115.7798459231853 22.17931831628084 92.29284328967333 26.72134450823069 5.147639997303486 0.9714227616786957 0 0.5151054114103317 1.775479048490524 0.1110504269599915 1.633694276213646 0 0 0.6065142750740051 5.641300410032272 1.346024811267853 3.170418329536915 0.09925658255815506 0 0.2541529834270477 0 2.136588498950005 0 5.988092608749866 0.5011175721883774 0 0.145885705947876 0 9.463229514658451 0.8949577659368515 1.818312607705593 28.68735425174236 0 1.225750930607319 2.130073018372059 21.26678837835789 10.24113883078098 10.62867883592844 0 0 0.4881575852632523 1.743943214416504 0 9.598969742655754 0.4774460792541504 3.588032156229019 1.754290029406548 1.640806451439857 0.127429723739624 0 0
0.3891579359769821 43.53880621492863 88.18780579417944 0 0.9419445618987083 0.3353652581572533 6.491575852036476 0.8552962690591812 659.1325851082802 2.427653655409813 23.62046834826469 0.1490765661001205 1237.769816674292 0.1220687925815582 8.482042014598846 53.79644145071507 14.38150478899479 1.058445498347282 5.741282135248184 0 15.15004945546389 1717.556409485638 5.102966383099556 1210.526267446578 1699.689895413816 50.3587709069252 3624.552718862891 40.86035694181919 2.977225489914417 3.646924026310444 41.32248222082853 0 0.2227997109293938 6.358733274042606 0 15.89512278139591 27.09593832492828 35.10359725356102 4.27717225253582 3.737919479608536 0 202.147652477026 0.1272734701633453 0.2433768063783646 33.25281144678593 107.3959877490997 0.1933482587337494 0 0.3036108911037445 1.045958325266838 0.6286224871873856 5.697300352156162 0.4368785545229912 4.328497007489204 0.1624626666307449 6.849656224250793 0.3504114076495171 0 6.247401297092438 10.27324934303761 0.5898466855287552 1.692672528326511 0.5146800726652145 0.753661684691906 21.55759289860725 7.445105321705341 7.245419397950172 4.142655923962593 71.62359733879566 721.6164766550064 2.902953833341599 0.27348443120718 0.5117159634828568 3.367382973432541 0 0 1.837015986442566 0 11.97046872228384 7.224762260913849 18.7149914726615 4.134317725896835 0 0 4.253710314631462 0.1683761179447174
130.4720061272383 88.18780579417944 2437.266715914011 0.3627857863903046 0 83.8511022105813 285.6107918098569 519.9894248098135 5.304025873541832 10.3215306699276 7.009836487472057 0.2142229378223419 1.129084452986717 289.1676278710365 0 1.091406747698784 2435.471619516611 18.47128228098154 102.7052835822105 0.2417920008301735 1511.326097406447 14.70878282189369 4178.372571468353 11.15366272628307 1.503072887659073 3464.666909992695 7268.600279591978 29.63212448358536 118.2831258103251 264.7705669775605 1.981479451060295 2.217250667512417 2.383725300431252 304.767213255167 6.782228231430054 564.3722680285573 1430.976580105722 570.6131038740277 141.7784196212888 25.82776319980621 1.813780501484871 0.2366332858800888 0.7663042396306992 0.7521759048104286 287.9853773713112 1512.380882769823 0 0 0.165487989783287 2.672797456383705 0.3255320563912392 1.127886518836021 0 0.3446660488843918 0 0.750730887055397 1.205845102667809 0 26.65712775290012 229.284012556076 1.382561527192593 16.53476075083017 0 12.46409972012043 30.96359053254128 63.34114520251751 21.07193218171597 0.3038454353809357 504.5552818402648 1972.702241145074 5.572390899062157 0.940850667655468 7.408270940184593 0.1240731477737427 0 0 16.51540231704712 0.3243525624275208 113.1428868174553 152.535270228982 117.9529877379537 31.36340546607971 1.259935110807419 0 0 0.3733337372541428
14.83630326390266 0 0.3627857863903046 1426.255614325404 18.85287187248468 60.66357262432575 44.49849472939968 25.19610181450844 1463.057532913983 997.5967567488551 2.037660047411919 817.8680204004049 0 38.13710597157478 381.6756847500801 0.6088178753852844 0.4663480594754219 0.3486084043979645 0.5070634037256241 2119.436631128192 0 5.123225413262844 0.131305992603302 1219.648207694292 0.1624856740236282 0.5296600684523582 2.552027262747288 2119.067154370248 171.5190155059099 1.119750283658504 0 2.678290955722332 7.230520680546761 46.12838110327721 8.018532708287239 162.0513748750091 4.104486726224422 106.0622313991189 39.27549640834332 171.9340725690126 6.813348956406116 0.6491295695304871 2.658544026315212 0.883655920624733 0.3715142011642456 0 178.8606423512101 0.3567084074020386 75.34875170141459 70.48198016732931 57.79791848361492 311.7911282405257 256.1315028071404 0.3154148235917091 150.5345358252525 0 8.183707989752293 25.21537432819605 0.401795893907547 0 0.2099495604634285 0 228.7494838610291 0.07912412285804749 5.305240608751774 0 189.9376571625471 0 0.09667778015136719 1.466039426624775 315.30740429461 7.00958464294672 0.6682650223374367 0 0.2937377914786339 0.89920873939991 3.041376680135727 0.2378473281860352 7.015400841832161 0 7.662111386656761 1.348000876605511 70.69666015356779 0.6122927069664001 8.919369101524353 0.1407608687877655
0.1794070079922676 0.9419445618987083 0 18.85287187248468 155.997935295105 164.202035792172 0.9820666089653969 9.686859019100666 97.75869578868151 6.497348643839359 0.3108294382691383 180.7620705664158 0.0984131395816803 1.282474204897881 1436.054679736495 0 0 0.09211476147174835 0 16.81555984169245 0 1.454997636377811 0.3559448346495628 28.68480250239372 0 0.08042109757661819 0.1263012886047363 15.49805672466755 0.4777700304985046 0.1260116249322891 0 47.87388586252928 0 24.91123276203871 0 36.55062426626682 0.237371414899826 60.7384954765439 30.67867995798588 2041.641880854964 50.17285563051701 2.887576818466187 1.143057614564896 0 0 0 0 0 0 2.68281714618206 0 0.9342315420508385 1.169925212860107 0 1.116232573986053 0 0.473814457654953 0 0 0 0 0 0 0 0 0 1.032770395278931 0 0 0 0.6981875896453857 0 0 0 0.3512540757656097 0 0 0 0 0 0 0 0.8977377861738205 0 2.559853792190552 0
44.85128503292799 0.3353652581572533 83.8511022105813 60.66357262432575 164.202035792172 9710.37616045773 3972.348124198616 4433.8486405164 214.146844163537 4650.05779222399 83.93566970527172 2361.540349684656 12.7492635846138 615.7904632762074 2273.216789864004 1.910554371774197 46.75926978141069 25.88357810676098 24.9509063065052 192.7706634774804 168.4607362225652 6.821938313543797 117.1836684197187 719.959814183414 4.014426179230213 64.87320455163717 109.9004008546472 1091.775248795748 623.0452595725656 149.8456845059991 3.91515077650547 239.020701251924 2.21670014411211 572.7727176398039 20.38863699883223 554.5171481221914 33.03538634628057 780.6705474480987 216.7785724848509 3576.63973390311 141.7711085304618 24.86276181042194 22.02131277322769 2.383474238216877 0.09839482605457306 3.805551916360855 63.94757904857397 0.1335181444883347 107.1443378776312 399.2205288335681 171.2901872843504 107.4667844623327 182.5583271235228 4.834027215838432 113.3851363807917 0 41.95208866894245 37.53691676259041 1.462410867214203 0.5628090500831604 0.6211748346686363 0.4382140934467316 141.7192174643278 2.770953841507435 0.1188229620456696 1.702490247786045 318.0226960927248 0 1.437769375741482 9.525631263852119 314.128269225359 25.88165038079023 3.400670781731606 0 3.457755826413631 0.880938433110714 17.32867567241192 0.854012742638588 34.98037256300449 4.606514468789101 39.32260558009148 11.0744751021266 179.4723793491721 6.414799511432648 15.86920773983002 0
924.9126939922571 6.491575852036476 285.6107918098569 44.49849472939968 0.9820666089653969 3972.348124198616 12539.07317380607 6700.412295512855 212.5553013384342 8848.099587187171 25.20692408084869 110.9177789911628 2.129619337618351 5778.154405586421 8.3880720064044 30.08114049583673 103.861963480711 9.876964151859283 17.91361226886511 62.61227895319462 904.3137814849615 87.75385526567698 903.5490690246224 1618.996659837663 0.4643316492438316 112.7318014502525 858.2744567021728 18256.76891499013 1275.789697915316 3828.40629516542 0.9713235720992088 23.37975040078163 105.8511699810624 455.7826465293765 40.5819991081953 1368.587301023304 72.98345262557268 872.1706484854221 336.8505141958594 494.9603452533484 42.54734376072884 2.901550300419331 12.44795081019402 17.60113879293203 0.3446501642465591 18.66812201589346 8.945659786462784 0 50.62788680195808 335.8298779353499 120.0647457763553 109.0723793283105 36.19595772773027 3.453231401741505 4.02931372821331 0 53.24194402992725 0.9453851878643036 17.37949901074171 1.382970377802849 0.8050941154360771 1.100947752594948 14.07681903988123 10.95457366853952 6.363918602466583 18.44612911343575 521.535807095468 0 2.60117357224226 53.34096677601337 439.3744007349014 98.11650284379721 51.81262639164925 0.1181913763284683 3.54375647008419 5.286666445434093 31.87419923394918 1.184955261647701 175.6937850937247 2.198927663266659 85.8876985758543 27.4304825514555 61.48812814801931 6.263827428221703 0 1.181417286396027
538.9709155932069 0.8552962690591812 519.9894248098135 25.19610181450844 9.686859019100666 4433.8486405164 6700.412295512855 10947.66155504435 120.7891203537583 881.7717365473509 68.58212895691395 442.1103919744492 3.360459536314011 4262.190924748778 116.656279630959 1.214035212993622 286.9605761915445 66.58190792798996 154.8479483649135 79.44530633836985 622.7927615046501 2.581442967057228 520.6381430625916 512.0086512714624 0.1153043657541275 266.6645061299205 259.5941463261843 914.5123489648104 1038.068135254085 1447.386505395174 2.59980808198452 1356.777661629021 2.730879694223404 391.7596088349819 4.615359306335449 247.5467755571008 61.7524429038167 329.1327176615596 100.0201358944178 787.7537632882595 30.05250012874603 10.14105685055256 3.073683939874172 3.302723288536072 0.7311495244503021 14.27154034376144 5.623697020113468 0 27.64569173753262 201.4988160654902 67.2584887072444 43.92290209978819 24.26717360317707 2.767917580902576 4.636646844446659 0 22.12517403811216 1.480651497840881 5.989075765013695 0.7469039037823677 0.2436637580394745 0.3112148120999336 9.416115030646324 5.218619138002396 0.5395825281739235 8.070724494755268 220.6317471563816 0.1128119826316833 2.788966909050941 26.36980318278074 171.1525952666998 23.37590949982405 11.50156396627426 0.1641321033239365 1.259441360831261 0.7915821820497513 17.13029597699642 1.79546120762825 33.8572842925787 1.088927738368511 26.58293534815311 7.838478587567806 30.23926337063313 3.57571816444397 0 1.196800231933594
9.487671084702015 659.1325851082802 5.304025873541832 1463.057532913983 97.75869578868151 214.146844163537 212.5553013384342 120.7891203537583 1015.729429550469 257.033485904336 3.435689605772495 477.0522742941976 126.1585562974215 26.39482489973307 617.752252496779 69.16095571964979 1.339482419192791 0.8612141758203506 0.3883184865117073 687.7106493636966 74.64095741510391 1581.412925615907 15.74945449084044 7406.094047389925 208.1872694045305 4.771023899316788 506.6432128548622 1236.225608661771 109.0387358441949 56.80758514255285 8.745499297976494 5.095362037420273 14.87017447501421 46.52634620666504 5.079177342355251 174.3013689443469 6.362718515098095 97.28685012459755 36.78709298372269 243.0877208933234 11.59974077343941 9.338313832879066 2.017012968659401 17.95365832746029 2.897758916020393 1.213038839399815 99.04828427731991 0.3228426575660706 56.39593873918056 234.9175575524569 106.5375976637006 152.1528100371361 86.95242004841566 1.906127788126469 50.02530231326818 0.8942104950547218 47.2791600972414 17.37053218483925 158.3045755252242 0.6616798415780067 0.454792246222496 0.3552834838628769 88.50774549692869 87.50611840188503 26.78612918406725 29.75361815094948 1329.299852848053 1.248882263898849 2.795730002224445 3.919141635298729 524.2718904465437 86.91880010068417 44.79452606290579 0.3215684592723846 2.938135281205177 6.931128993630409 18.82411640882492 1.142380207777023 59.09699529409409 2.246444337069988 44.34663572907448 14.68015378713608 57.36135321855545 0.7353025898337364 0 0.7348392307758331
91.31233594566584 2.427653655409813 10.3215306699276 997.5967567488551 6.497348643839359 4650.05779222399 8848.099587187171 881.7717365473509 257.033485904336 16626.41309747845 61.52047400176525 3054.732203066349 7.634438201785088 558.6070414036512 69.33105535060167 9.683982893824577 9.03101721405983 16.04689767956734 11.87894199043512 4660.570509798825 28.9566333219409 22.73605144023895 38.90836308151484 691.8945022150874 7.191135741770267 16.19796754419804 115.2353430166841 4546.74551269412 1191.535577006638 11.23847295343876 1.676752485334873 54.43332207202911 8.12184776365757 704.2213148400187 38.6172720938921 1241.831112667918 37.83231572061777 1408.154592551291 350.0715475454926 473.9372677579522 118.1412555351853 10.64802730083466 35.43365447968245 1.484365120530128 0.1594259291887283 1.449920833110809 186.2387919127941 0.3068949952721596 214.5638553574681 403.8783715963364 291.2729600891471 202.9894851446152 413.9329604282975 2.654087513685226 108.5365183502436 0 36.70557936280966 18.39228875935078 3.034897394478321 0.12186299264431 0.3909185007214546 0.2454469203948975 285.5852847024798 1.892720706760883 2.272271491587162 0.5135122463107109 363.7541346549988 0.1896111965179443 0.3956409245729446 4.879537627100945 605.2242302894592 27.88424073159695 1.090325698256493 0.09829206764698029 4.874016672372818 0.83749620616436 18.21123293787241 0.9310312867164612 33.10980112105608 1.062432214617729 37.78621976822615 12.31443737447262 86.94653721153736 4.670641660690308 2.057629212737083 0.1640625
13.30529279261827 23.62046834826469 7.009836487472057 2.037660047411919 0.3108294382691383 83.93566970527172 25.20692408084869 68.58212895691395 3.435689605772495 61.52047400176525 9278.758737452328 35.07810740917921 1903.309909671545 83.50034212321043 3.21739174425602 0.5589526072144508 601.4043081775308 3920.853081196547 583.2348360270262 8.531087130308151 28.27173077315092 7.666208438575268 56.43933657556772 18.97235338389874 221.2992741465569 1693.320791758597 749.8948962688446 21.25187779963017 87.5624989643693 27.52817046642303 362.1673718616366 36.90630900859833 5.143256835639477 5799.26756682992 3.435717396438122 358.4379229694605 3226.151719398797 3610.837722495198 322.1456311419606 89.23234663903713 26.04558773338795 568.9053444266319 8.773581869900227 0 3.646313928067684 0.1224888637661934 0.5440077930688858 0 0.5378263890743256 7.223512135446072 2.274814754724503 0.6735278367996216 1.641376279294491 202.3632271587849 0 583.2007253021002 0.3556825146079063 0 0.1330439746379852 0.5505152940750122 22.4980730637908 5.801464349031448 0.6413766145706177 0 0.7826374024152756 0.5066611394286156 7.462407469749451 8.747680313885212 195.748538300395 102.5551584735513 6.396909438073635 0.8618921786546707 0.561871200799942 97.97405519336462 0 0 4.461040608584881 0.4620064496994019 8.255700819194317 325.6622245833278 24.64514945447445 1.199387237429619 1.408833056688309 1.473637223243713 196.8828215897083 0.1127213165163994
1.142201244831085 0.1490765661001205 0.2142229378223419 817.8680204004049 180.7620705664158 2361.540349684656 110.9177789911628 442.1103919744492 477.0522742941976 3054.732203066349 35.07810740917921 8843.985803537071 9.126746386289597 123.6949790120125 1662.42966350913 0 1.229838661849499 8.277061998844147 5.143083795905113 2741.339173696935 0.8255952224135399 0.9544209092855453 0.2356855422258377 181.3906088918447 6.309860080480576 4.928107798099518 4.137942090630531 470.0936409384012 233.4000436067581 1.20350506901741 0.9040021896362305 33.83066579699516 0 237.5672004148364 2.956229001283646 221.3025336116552 8.400120966136456 348.3883410096169 53.99167905002832 1457.736447021365 32.65756326168776 37.32025061547756 12.89400562644005 1.07478666305542 0 0 228.6580953970551 0.6958842426538467 155.9142331779003 179.0996240973473 111.5859436690807 302.0412649065256 365.2978352308273 1.795137129724026 346.1923221722245 0 18.89362963289022 98.19088479876518 0 0 0.1933617740869522 0 336.9419567286968 0 0 0 134.2238004207611 0 0.2320744320750237 0.3747994378209114 309.6809129863977 10.20886156708002 2.047559440135956 0 2.478318333625793 1.685816794633865 4.825433045625687 0 23.57139091938734 0 15.23224133253098 4.32330422103405 403.6422032490373 2.829567976295948 8.512104511260986 8.115407824516296
0.3239898458123207 1237.769816674292 1.129084452986717 0 0.0984131395816803 12.7492635846138 2.129619337618351 3.360459536314011 126.1585562974215 7.634438201785088 1903.309909671545 9.126746386289597 1940.733088679612 5.186531782150269 1.397316157817841 1.716857433319092 5.255874618887901 180.0347000360489 4.361209206283092 0.8761597499251366 2.966046892106533 338.0410554409027 2.40815208107233 139.8637607842684 3969.607626900077 148.5592582002282 3301.522597104311 6.933149121701717 3.581835366785526 1.216200485825539 411.7019185870886 2.805106401443481 0 743.6994348242879 19.90259306132793 374.3725598677993 4485.273286767304 2782.791975080967 157.00129211694 36.65509222447872 41.15684704482555 1369.690750278533 13.20702464878559 0 12.27320732921362 0.3963568434119225 0.150942325592041 0 0.4406088590621948 0.3992350399494171 0.2605352252721786 1.395730271935463 0.3821550831198692 854.9114951640368 0.1443208754062653 2359.755588397384 0.09796985238790512 0 0 0.3104668855667114 52.17840788513422 18.0329609811306 0 0.09488364309072495 2.839811474084854 0 1.32325766980648 72.23788460344076 409.6304794922471 246.8446280583739 1.773025549948215 0.2502342164516449 0.6274536848068237 297.3915190026164 0.1659397631883621 0 27.62221347540617 1.024758338928223 36.58484628051519 1185.204651676118 53.23140790313482 0.1631441414356232 0 0 607.6547462567687 0
4742.476268552244 0.1220687925815582 289.1676278710365 38.13710597157478 1.282474204897881 615.7904632762074 5778.154405586421 4262.190924748778 26.39482489973307 558.6070414036512 83.50034212321043 123.6949790120125 5.186531782150269 10722.91488361359 23.76367545872927 2.864802248775959 264.5703335553408 99.15037415921688 234.7950680851936 56.60939267277718 176.5903720185161 3.936329290270805 335.8503881543875 327.6440949961543 0 195.1472211927176 117.3939549699426 583.3045299723744 5713.547606408596 2149.956908397377 3.290435083210468 133.4403046816587 8.668362319469452 550.4488889276981 9.918602883815765 288.6058790758252 38.69903419911861 395.899066619575 66.79388470202684 296.8960187733173 15.51346816122532 6.514122620224953 8.114379681646824 2.517077006399632 0.09594152122735977 7.067607507109642 1.407281212508678 0 1.855604089796543 34.62733564525843 9.311401017010212 11.04476380348206 6.102365009486675 0.225686639547348 1.212026253342628 0.1133125349879265 5.482425101101398 0.2166788876056671 12.9051773250103 1.082989230751991 0.2215794920921326 0.09159199893474579 3.53190927952528 15.25695060193539 2.46816149353981 4.822894178330898 67.88810678571463 0 2.060103759169579 9.870208501815796 50.28839219361544 14.99867159128189 12.35754162818193 0 0.1963749304413795 1.288426950573921 2.69318937510252 0 20.88900371640921 1.294024147093296 8.943583466112614 4.453091539442539 8.743267431855202 0.4708668291568756 0.2825968563556671 0.2886519134044647
0.5803756788372993 8.482042014598846 0 381.6756847500801 1436.054679736495 2273.216789864004 8.3880720064044 116.656279630959 617.752252496779 69.33105535060167 3.21739174425602 1662.42966350913 1.397316157817841 23.76367545872927 964.6243511512876 0.4890346527099609 0.112784631550312 0.3002603650093079 0.5222412273287773 240.2647027298808 0 23.44978857040405 0 624.2984766736627 2.96812055259943 1.217003159224987 11.69063219428062 202.792510099709 18.70251953601837 0.8887714743614197 0 186.9539411887527 0.5916501134634018 25.7651598751545 0 37.61669912934303 0.5419586002826691 23.19152245670557 3.916900053620338 1533.203212156892 177.3262519165874 0.1523173004388809 0 0 0 0 4.10654890537262 0 11.61361408233643 1.462171278893948 0 5.882878854870796 7.143008023500443 0 19.46121662855148 0 0.5075630992650986 2.816536724567413 0 0 0 0 15.44372515380383 0.129119023680687 0.6124737858772278 0 5.198340490460396 0 0 0 8.255753949284554 0.4696838855743408 0 0 0 0 0 0.2717873156070709 0.6717854142189026 0 0 0 33.40710338950157 4.444338321685791 0 0
2.242383420467377 53.79644145071507 1.091406747698784 0.6088178753852844 0 1.910554371774197 30.08114049583673 1.214035212993622 69.16095571964979 9.683982893824577 0.5589526072144508 0 1.716857433319092 2.864802248775959 0.4890346527099609 2724.034646481276 6.376459069550037 0.3459208309650421 0.856712281703949 0.2584236264228821 3729.257919311523 3031.985662862659 2022.601468905807 2179.619203798473 6.497733607888222 3.532036915421486 2350.918776713312 1576.554325826466 38.7273777499795 45.18207588791847 0 0 18.48761779069901 75.63169156759977 26.08950494974852 1611.372796945274 342.7780342847109 430.9587357789278 712.0880552530289 67.17829682677984 1.577597916126251 0.6682845056056976 14.86678849160671 1.093674339354038 1.552518978714943 95.65417835861444 0 0 0.5945165157318115 22.39680799096823 4.932116843760014 5.296951666474342 2.551344871520996 0 0 0 5.991830006241798 0.6961895972490311 3035.024726733565 1.89183134585619 0.2612585499882698 0.1917437091469765 0 409.0354016572237 1038.089018858969 2828.900383874774 146.6478090360761 0.09283106029033661 3.921046085655689 930.3243068233132 61.85080996155739 9.374206081032753 54.55123666673899 0 0 1.014455623924732 7.496531575918198 0.8149347007274628 192.7425503879786 4.292944550514221 25.11011257767677 19.34077563136816 2.170393966138363 0 0 0.7409219741821289
178.3106637373567 14.38150478899479 2435.471619516611 0.4663480594754219 0 46.75926978141069 103.861963480711 286.9605761915445 1.339482419192791 9.03101721405983 601.4043081775308 1.229838661849499 5.255874618887901 264.5703335553408 0.112784631550312 6.376459069550037 585.011521615088 478.5419929623604 4294.544202119112 0.2014292329549789 1113.123534917831 9.25818232446909 2265.645672120154 17.60526639968157 0.6174167990684509 2547.353049166501 4441.058280810714 18.41799327731133 330.523469619453 997.5216021239758 15.84202163666487 1.443180121481419 17.13339987397194 2223.888834379613 3.63316997885704 390.3839435949922 1635.616001449525 962.154145129025 85.82992642372847 20.26493413746357 0.2534439861774445 0 1.845114156603813 0 40.60354006290436 190.610979706049 0 0 0.1049426570534706 2.602741129696369 0.1022032275795937 0.69028639793396 0 0.5343428105115891 0 1.276768982410431 1.628454297780991 0 9.226379066705704 69.16639572381973 5.627513118088245 70.09124935418367 0.2684628963470459 2.893369078636169 7.698329791426659 9.963126562535763 8.89912686496973 0.4042651951313019 463.5293869674206 625.3279646486044 3.402947798371315 0.5786546096205711 5.208087250590324 0.2911494821310043 0 0 2.707098931074142 0 24.66442129015923 70.85161308944225 28.70191764086485 4.327809348702431 0 0 0 0
51.18095777928829 1.058445498347282 18.47128228098154 0.3486084043979645 0.09211476147174835 25.88357810676098 9.876964151859283 66.58190792798996 0.8612141758203506 16.04689767956734 3920.853081196547 8.277061998844147 180.0347000360489 99.15037415921688 0.3002603650093079 0.3459208309650421 478.5419929623604 611.8800493255258 1622.588990993798 2.829898409545422 59.07284772396088 0.6387684792280197 78.60868541896343 6.721891291439533 40.50637222081423 1843.821018815041 1116.475610867143 8.595887497067451 145.6950752064586 69.1605252623558 145.1839208900928 7.351842917501926 9.647930674254894 2082.191753134131 1.890051454305649 425.4332472756505 838.8799396082759 2439.384817294776 234.3125536367297 28.01172989606857 2.692006327211857 14.05804916471243 1.775970153510571 0 5.421297676861286 0.9888725951313972 0 0 0 1.057852543890476 0 0.6525818407535553 0 37.50857771933079 0 161.3758804947138 0 0 0.933386042714119 1.116479374468327 28.47142937034369 8.48128118366003 0 0.2017712071537971 1.200497791171074 0.837884359061718 2.140691012144089 7.75396203994751 283.3601597249508 215.7787112221122 2.370885707437992 0.09882596135139465 0 87.28409853577614 0 0 0.4874891936779022 0 5.939449220895767 19.58698435127735 2.291812300682068 0 0.1946244686841965 0 0 0
144.7663360759616 5.741282135248184 102.7052835822105 0.5070634037256241 0 24.9509063065052 17.91361226886511 154.8479483649135 0.3883184865117073 11.87894199043512 583.2348360270262 5.143083795905113 4.361209206283092 234.7950680851936 0.5222412273287773 0.856712281703949 4294.544202119112 1622.588990993798 413.4815954715014 1.75054619461298 270.6734226644039 0.6907542273402214 581.2582189589739 5.057900369167328 4.02401464432478 3628.008547216654 1011.219889819622 14.61884661018848 321.3903309330344 365.2216487079859 7.146271906793118 2.238550819456577 15.61760547012091 2571.128937393427 3.960432790219784 826.9663308858871 903.9786890149117 2150.39971113205 207.8981761708856 38.10124714672565 1.753806091845036 1.685643367469311 2.760843753814697 0 23.58608979731798 10.99458043277264 0.19948810338974 0 0.09795500338077545 1.425852999091148 0 0.1415014714002609 0.09033002704381943 2.684687703847885 0 21.34612161666155 0 0 1.899187989532948 8.494014240801334 24.66063771396875 81.04099793732166 0 1.741091124713421 1.275591723620892 3.116659738123417 3.640625156462193 7.694916382431984 587.7286106273532 568.2698770239949 1.685442127287388 0.4968535825610161 1.571158327162266 12.87102027237415 0 0.1076551973819733 0.5440621376037598 0 11.43256579339504 19.06150989979506 8.161103673279285 2.146579682826996 0 0 0 0
7.536715820431709 0 0.2417920008301735 2119.436631128192 16.81555984169245 192.7706634774804 62.61227895319462 79.44530633836985 687.7106493636966 4660.570509798825 8.531087130308151 2741.339173696935 0.8761597499251366 56.60939267277718 240.2647027298808 0.2584236264228821 0.2014292329549789 2.829898409545422 1.75054619461298 1163.291325129569 0.5270969271659851 0.1411401778459549 1.009229250252247 477.9078215956688 8.50763675570488 1.59600018709898 2.404114760458469 2708.478292763233 157.472691655159 0.2949373722076416 0 8.587678991258144 1.289452604949474 105.8058502450585 12.0408548116684 356.9260472431779 5.891652166843414 260.6678037196398 72.30678434669971 282.3191123083234 19.39935810863972 8.565284185111523 15.47247220575809 1.89976654946804 0 0.1585476994514465 320.5423341318965 0.5517273843288422 283.0482825040817 384.6787932664156 296.9421622380614 343.3073528259993 636.4446826353669 1.421751476824284 242.4942243769765 0.2699366509914398 33.51171233505011 47.73313836753368 0 0 0.6407862305641174 0.1008602604269981 505.0804118439555 0.4309021979570389 0.7027938067913055 0.4780352711677551 366.2374785840511 0 0.8862332329154015 0.7294676154851913 702.9140906482935 30.94458386301994 1.29465451836586 0 4.052661061286926 0.2330445051193237 17.2659659460187 0 34.31848482787609 1.429993204772472 31.64485156536102 12.72718118131161 177.5828730240464 1.840581886470318 11.44982004165649 0.2086939513683319
42.74053782969713 15.15004945546389 1511.326097406447 0 0 168.4607362225652 904.3137814849615 622.7927615046501 74.64095741510391 28.9566333219409 28.27173077315092 0.8255952224135399 2.966046892106533 176.5903720185161 0 3729.257919311523 1113.123534917831 59.07284772396088 270.6734226644039 0.5270969271659851 8185.768239736557 329.8998973667622 18752.23081178218 231.0198356583714 1.674185566604137 320.9777741953731 1178.259600654244 1911.031641930342 358.1522262021899 5716.861496031284 2.02588764578104 1.348827056586742 133.965813934803 4662.684143722057 131.3436140269041 5657.221432968974 972.0738409161568 4925.892184153199 2546.95164937526 275.4409998059273 10.64599880576134 4.77594143897295 45.53318770974874 9.110250733792782 2.072633072733879 52.45579679310322 0.1149984896183014 0.1644279956817627 0.4263378828763962 11.4205371811986 4.390596389770508 14.74224142730236 1.063184268772602 0 0 0.2494402080774307 8.753429494798183 0.1627114713191986 871.9025560766459 7.791787266731262 0.2065658569335938 1.431140929460526 0 705.7051131725311 160.7857178896666 524.9486255198717 252.1673483476043 0.1453537717461586 11.00495978444815 107.149556234479 136.7493632808328 44.63746803998947 178.9113746732473 0.1506470143795013 0.1998179107904434 3.385442152619362 9.602504178881645 3.318768963217735 92.48635426163673 7.346270263195038 29.96804754436016 14.35588638484478 2.96367359906435 0.08955807983875275 0.8273235708475113 0.561870664358139
2.766191817820072 1717.556409485638 14.70878282189369 5.123225413262844 1.454997636377811 6.821938313543797 87.75385526567698 2.581442967057228 1581.412925615907 22.73605144023895 7.666208438575268 0.9544209092855453 338.0410554409027 3.936329290270805 23.44978857040405 3031.985662862659 9.25818232446909 0.6387684792280197 0.6907542273402214 0.1411401778459549 329.8998973667622 1458.516079880297 500.4812438115478 7832.113769635558 632.8802634701133 11.77782879769802 3310.713987216353 629.6947357729077 15.89389946311712 44.30172394216061 17.32115874439478 0.1098662614822388 1.710189647972584 7.872427023947239 1.470001012086868 45.44415453076363 21.75273551046848 32.14597349613905 14.06033108383417 14.93936453014612 0 30.61089529842138 0 2.175968691706657 13.16013342142105 72.54454381763935 1.165631294250488 0 0.184412807226181 8.169420689344406 3.371258445084095 22.64463395625353 0.8035438805818558 0.9369103163480759 0.7633152455091476 1.49826330691576 2.823472023010254 0.6982917040586472 1056.730873301625 3.777305625379086 0.2476064562797546 1.100884616374969 0.8632124811410904 94.06807912141085 183.0601467862725 545.0252174884081 159.0875437259674 0.3118107840418816 8.677074737846851 981.0443836003542 42.63491422683001 9.729578338563442 13.08475887030363 0.5762145444750786 0.07274071872234344 0.839344784617424 1.837985903024673 0.2148175686597824 20.80355674028397 5.687070943415165 10.996461763978 4.953863732516766 0.9548677355051041 0 0.4276895076036453 0.1089601367712021
220.8390635624528 5.102966383099556 4178.372571468353 0.131305992603302 0.3559448346495628 117.1836684197187 903.5490690246224 520.6381430625916 15.74945449084044 38.90836308151484 56.43933657556772 0.2356855422258377 2.40815208107233 335.8503881543875 0 2022.601468905807 2265.645672120154 78.60868541896343 581.2582189589739 1.009229250252247 18752.23081178218 500.4812438115478 16862.31912010908 155.4517046883702 6.240790121257305 1799.04935760051 12846.53688434511 960.59914752841 401.879888817668 5954.636016532779 3.633746363222599 1.852380201220512 43.73939856886864 4140.70687200129 203.6402226760983 9354.82766918838 5628.488177374005 8087.460754930973 6666.692419625819 622.790822647512 47.57900838553905 22.22858680784702 92.74897806346416 3.012959264218807 15.10548155754805 877.1428011208773 0 0.1755525022745132 0.50448177754879 32.17064116150141 7.7788260653615 2.593797832727432 1.209588848054409 0 0 0.1299530267715454 7.74470366537571 0 2245.982429802418 18.64535652846098 0.1999559551477432 1.872088238596916 0 253.8937442526221 489.3358147740364 2787.108306616545 141.7861289456487 0 22.68372197449207 2092.579372271895 63.53966624289751 12.99762947112322 44.03348346799612 0 0 2.150164969265461 16.22477069497108 9.007602006196976 383.2124303653836 25.58491992205381 82.64269690215588 44.01273138076067 4.575383067131042 0.1393265426158905 0.5141442939639091 0.9534841775894165
156.0906001701951 1210.526267446578 11.15366272628307 1219.648207694292 28.68480250239372 719.959814183414 1618.996659837663 512.0086512714624 7406.094047389925 691.8945022150874 18.97235338389874 181.3906088918447 139.8637607842684 327.6440949961543 624.2984766736627 2179.619203798473 17.60526639968157 6.721891291439533 5.057900369167328 477.9078215956688 231.0198356583714 7832.113769635558 155.4517046883702 5531.881088644266 270.0046935304999 13.54478898644447 2420.440198712051 4794.707287289202 1572.980907835066 641.7545110955834 8.227412559092045 15.28240353614092 223.4071562662721 397.415128313005 75.43543770164251 1774.145786933601 85.74917277693748 939.7387904897332 374.1269235983491 517.9524087682366 27.81094019114971 13.29203701019287 22.84219466149807 65.75229578465223 7.895116351544857 17.36160669475794 110.1701028496027 0.5715473294258118 118.751511707902 634.2448100447655 246.2028933763504 985.5489521101117 198.2242000997066 7.97868824750185 63.91154789924622 0.8002395182847977 155.5749329999089 11.08862692862749 443.80685698241 7.406687140464783 3.344113446772099 4.270327903330326 138.80226328969 407.5680573061109 269.5154097676277 155.6220042556524 2767.757135175169 0.6910107880830765 15.24279652535915 50.55534218996763 1426.493839457631 359.0233250409365 268.2553518265486 0.2493284046649933 8.405748784542084 23.9887730628252 78.89418689906597 6.347481749951839 339.5075810849667 6.620723441243172 200.19749109447 72.98572131246328 131.0806614905596 10.56373254954815 6.238464564085007 4.926842793822289
0 1699.689895413816 1.503072887659073 0.1624856740236282 0 4.014426179230213 0.4643316492438316 0.1153043657541275 208.1872694045305 7.191135741770267 221.2992741465569 6.309860080480576 3969.607626900077 0 2.96812055259943 6.497733607888222 0.6174167990684509 40.50637222081423 4.02401464432478 8.50763675570488 1.674185566604137 632.8802634701133 6.240790121257305 270.0046935304999 145.8205114454031 121.8978369757533 2428.479046583176 9.181582383811474 0 0.1984367296099663 307.3838986903429 0.8319325745105743 0 46.33038452267647 23.09601339697838 356.3264672979712 179.6236651539803 833.9998929277062 172.8786734268069 127.5490589290857 154.9350573420525 1153.284608095884 33.38282465934753 0 34.77295577526093 0.6366959363222122 0 0 0.1151343509554863 0 1.6498803794384 2.527879059314728 0.219917893409729 182.8551405221224 0 1396.157521851361 0.1599076390266418 0 0.2145986407995224 0 9.052402630448341 3.336203038692474 0.1091198772192001 0.08430769294500351 3.679181776940823 0 1.488670192658901 81.96164667606354 195.9910933971405 470.7242963984609 0.3610414415597916 0 0 146.8413395136595 0 0 9.031609907746315 1.801231861114502 8.993532717227936 69.9971354752779 18.82232254743576 2.875008031725883 23.15736150741577 0 40.36414951086044 0
108.0622511282563 50.3587709069252 3464.666909992695 0.5296600684523582 0.08042109757661819 64.87320455163717 112.7318014502525 266.6645061299205 4.771023899316788 16.19796754419804 1693.320791758597 4.928107798099518 148.5592582002282 195.1472211927176 1.217003159224987 3.532036915421486 2547.353049166501 1843.821018815041 3628.008547216654 1.59600018709898 320.9777741953731 11.77782879769802 1799.04935760051 13.54478898644447 121.8978369757533 15528.1350839287 6220.49343624711 12.19337047636509 185.1298892125487 178.1294529214501 371.722417011857 5.577164433896542 4.561694100499153 1222.955968998373 8.949849635362625 1824.534705758095 4850.332354694605 3374.702889561653 456.5213433727622 105.9568409770727 7.958858259022236 41.46705489605665 8.708128534257412 0 365.8489446267486 337.4579647481441 0 0 0 2.428375199437141 1.022008061408997 2.50972892343998 0.1745721399784088 83.04332222789526 0 640.4013462215662 0.9878087788820267 0 13.20013476163149 172.1053072661161 139.2875063493848 393.2586147040129 0.2186178788542747 7.671972066164017 18.54359409958124 7.114963434636593 13.86205647140741 144.0126262754202 3427.892843693495 4216.599754102528 2.880085304379463 0.421497106552124 7.083198212087154 275.9568091705441 0 0.1731937825679779 11.3774900585413 0.3526059612631798 73.47797793149948 186.271489277482 83.06867256760597 15.30152382701635 1.090391978621483 0 0.6901313066482544 0.4538924396038055
46.92730604112148 3624.552718862891 7268.600279591978 2.552027262747288 0.1263012886047363 109.9004008546472 858.2744567021728 259.5941463261843 506.6432128548622 115.2353430166841 749.8948962688446 4.137942090630531 3301.522597104311 117.3939549699426 11.69063219428062 2350.918776713312 4441.058280810714 1116.475610867143 1011.219889819622 2.404114760458469 1178.259600654244 3310.713987216353 12846.53688434511 2420.440198712051 2428.479046583176 6220.49343624711 22446.5313976109 664.4925460442901 118.6189717873931 176.7464837059379 1353.726990304887 2.14884614944458 19.05290293693542 2537.918502241373 64.424107670784 6212.572605468333 3686.318678125739 6215.190101027489 1801.42372058332 382.1866191402078 37.28253079950809 26.07076335698366 27.28179086744785 3.908077202737331 3575.85136846453 3238.32407490164 0.4185507744550705 0 2.114284992218018 27.16924208402634 6.653138667345047 9.835954129695892 0.9709403365850449 187.4587467983365 0.1545834988355637 1321.290870696306 7.568448960781097 0.1042701005935669 917.9244496673346 311.8735325187445 164.1183989420533 358.9867283031344 0.4654847085475922 55.79074861854315 993.3319623395801 1331.688556112349 187.6339298635721 568.2606078311801 4736.523798651993 14482.12421158701 46.21086817234755 14.35019266605377 30.10254897922277 573.1663358584046 0.1133187487721443 1.165752202272415 43.3780607432127 5.02567096799612 416.1764264851809 318.9663192778826 325.8404920622706 102.0806994512677 2.541622847318649 0.6025069952011108 5.938285559415817 1.586371004581451
257.3575280234218 40.86035694181919 29.63212448358536 2119.067154370248 15.49805672466755 1091.775248795748 18256.76891499013 914.5123489648104 1236.225608661771 4546.74551269412 21.25187779963017 470.0936409384012 6.933149121701717 583.3045299723744 202.792510099709 1576.554325826466 18.41799327731133 8.595887497067451 14.61884661018848 2708.478292763233 1911.031641930342 629.6947357729077 960.59914752841 4794.707287289202 9.181582383811474 12.19337047636509 664.4925460442901 14150.29083751142 2385.817383244634 5066.790894642472 0.8723083212971687 22.11095894873142 486.1121685355902 1097.957957439125 154.1115285605192 3370.313995160162 172.6465014219284 2146.48066855967 836.3216379657388 639.0616891756654 50.42104833573103 11.41286081075668 38.48694325983524 76.97917613387108 0.8479942455887794 15.48902064561844 241.6377305090427 0.6969819664955139 200.9464511275291 890.5359356477857 350.2921897247434 582.7815453335643 429.2701615095139 9.104107744991779 119.3251872286201 0.2821156904101372 183.579316239804 17.90037430077791 313.7919572889805 6.50613260269165 3.381946660578251 3.551487147808075 326.0126001164317 401.6755588576198 87.34717135131359 115.1687546372414 2225.992105834186 0 5.662690997123718 24.73915990442038 1639.737524367869 358.5647394359112 325.9963229447603 0.08411132544279099 9.26117967069149 24.53536213189363 94.30016347765923 7.132606841623783 316.0040414631367 8.042965091764927 210.2769905552268 67.24561870098114 183.2928682416677 9.4038250669837 0.5146487951278687 5.842536062002182
