1553.169662609696 0.09017044305801392 140.9312269985676 3.525065720081329 2.252880148589611 14.17979078739882 2443.603823110461 1006.593869380653 2.986032530665398 102.1292552500963 25.46769738942385 5.139028795063496 4.679538547992706 6990.838929146528 0.2205935940146446 1.049128726124763 225.270972892642 17.40187581628561 62.5990928709507 14.99211406707764 32.20394534617662 0.7295537441968918 42.50591029971838 61.07063579559326 0 205.1232102811337 43.83624201267958 251.8092841431499 3315.248771332204 2536.557381004095 1.036753624677658 23.57629462331533 93.71566727012396 318.5769143998623 1.697538003325462 65.47548278421164 7.999133937060833 308.6666663736105 41.26224056631327 5.30512823164463 13.18565069884062 0.3728464543819427 2.041096113622189 0.1258977204561234 0.1603809148073196 0.3675865232944489 0.1017310470342636 0 0 0.2373818010091782 0.2650386244058609 0.3522085696458817 0.09933057427406311 0.08347061276435852 0 0 0.2286568433046341 0 1.68430794775486 0.3356543183326721 0.152170404791832 0.120086170732975 0.4279035329818726 0.3854236081242561 0.5251968428492546 0.1168212443590164 6.183476470410824 0 1.611718624830246 1.829055361449718 8.390099875628948 0 1.312305688858032 0 0 0 0.09769582748413086 0.4736205041408539 1.313065595924854 0 0.5414224416017532 0.08801358938217163 0 0 0 0
0.09017044305801392 140.2235055714846 221.9508014246821 0.2015760093927383 0.3273581564426422 0 1.26924055814743 0.494216300547123 246.1872647553682 0.2846194952726364 23.61465180665255 0.3855076804757118 448.2366119846702 0.5951658263802528 1.448455773293972 80.28493259102106 47.38830205053091 5.956907615065575 22.1880444958806 0 4.086450144648552 2735.241126649082 55.87930031865835 459.6831239163876 1045.154729902744 171.0736701264977 9545.501548700035 29.562031455338 1.444074332714081 1.776378840208054 52.45657827705145 0.6145053505897522 0 21.53126607090235 1.381108939647675 55.34133587777615 64.80282709002495 72.66587701439857 20.68839944154024 5.08508076518774 0 39.65503630042076 0.5913220047950745 0.9485393092036247 38.12164594233036 72.35555028170347 0 0 0.0691915825009346 7.198077127337456 0.6732067316770554 0.6432995945215225 0.07883013784885406 34.03041014820337 0 137.2395495250821 4.258088514208794 0.1125590950250626 6.061269327998161 38.22589644789696 13.22016906738281 36.93161817640066 0 0.6807936429977417 7.018397070467472 4.416858278214931 2.330982133746147 28.13998404890299 243.1858849599957 2199.34775108099 2.070218496024609 0.5371179282665253 0.3556596860289574 40.42349553108215 0.2022356986999512 0.08042234927415848 9.849537752568722 0.5537678599357605 53.60894723236561 14.55292265862226 43.39096993207932 15.18120546638966 1.029861204326153 0.1572395265102386 1.536056615412235 0.4195145070552826
140.9312269985676 221.9508014246821 6047.441222049296 0.2338854074478149 0.7760184183716774 16.3107321113348 1573.915146462619 468.1585995480418 4.9984160810709 50.12730114161968 11.16462922096252 1.73287046700716 4.661880299448967 633.5304043516517 0.5068553984165192 21.80975530296564 1732.493125155568 11.23883653432131 26.42826052010059 0.7685386687517166 1983.105143785477 34.1593959107995 14188.68281470239 35.40459916740656 0.1326567530632019 4600.059533916414 10991.52532330155 807.3682849481702 253.1941417306662 2029.362993061543 0.7206521108746529 7.252433285117149 8.120758503675461 366.0522599741817 7.348650388419628 1070.985527098179 6803.231663160026 1218.256293550134 392.804485462606 27.07234725356102 4.441116273403168 2.221525371074677 9.405506558716297 1.294891126453876 157.0097797587514 407.0673727616668 0 0 0.1814111024141312 10.73159973323345 2.084618911147118 0.7313753366470337 0.4452390074729919 9.926063217222691 0 10.36693496257067 6.810066387057304 0.1152278259396553 14.70172131061554 192.5536190420389 8.425773754715919 89.88446223735809 0 2.737678915262222 22.11020039021969 44.92875174432993 11.11745768785477 5.949425503611565 891.8036308139563 3127.757682308555 17.39605708420277 0.3801987841725349 3.94275026768446 6.95912629365921 0 0 40.12777883559465 4.148015901446342 213.7719016745687 114.0664054825902 184.648461394012 57.23095342516899 1.928630635142326 0.564469650387764 0.2224745154380798 0.9997655898332596
3.525065720081329 0.2015760093927383 0.2338854074478149 5336.382475025952 1.760422430932522 79.5743980333209 39.98049379885197 60.72641871497035 352.8530558496714 3512.374316699803 4.050497099757195 1690.453369475901 2.284709334373474 68.82642101868987 6.843618683516979 0.2209602743387222 0.7214552164077759 1.132568456232548 1.423991277813911 5463.943687714636 0 1.388550393283367 0 1380.759122475982 0 3.198929332196712 1.840880192816257 5836.827549040318 52.06459606438875 0.7326224446296692 0.4918984547257423 10.52072844281793 0.5562004595994949 19.48872455209494 1.110324174165726 60.9043944478035 2.655136033892632 112.0906253755093 17.74829299747944 66.27512775361538 23.37888638675213 0 1.326772391796112 0 0.14780093729496 0 98.59497903287411 0 10.98889565467834 31.94135239720345 7.657052725553513 43.26854298263788 108.195727147162 1.621962234377861 44.47207491844893 1.32746422290802 5.295544780790806 3.675741076469421 1.632325664162636 0 0.07848485559225082 0 89.39217852801085 0.1992749124765396 0 1.053246021270752 103.9090955778956 0 0.1024826765060425 0 175.4744748324156 2.677197091281414 0.8055992275476456 0.09065698832273483 0 0.3362917006015778 1.172122806310654 0 10.7869381532073 0.08089940249919891 7.237470149993896 1.740397445857525 50.01872112601995 0.5393176600337029 0 0
2.252880148589611 0.3273581564426422 0.7760184183716774 1.760422430932522 232.1494379490614 594.9440348148346 11.03318899869919 473.188414208591 82.05514095723629 32.30064740031958 127.3879049494863 176.5904086902738 59.46435566991568 22.03308378905058 1740.706045202911 0 1.449968330562115 15.64853621274233 6.711711958050728 18.39867786318064 0.2101763263344765 0.9263767078518867 0.5085837990045547 22.58326800167561 0.3560187369585037 27.59100559353828 9.142426930367947 8.566242091357708 236.0386270657182 1.324435383081436 5.010098800063133 305.3917489424348 1.567344099283218 644.56386038661 0.9428597092628479 74.81330606341362 10.3995613604784 424.2056832537055 50.36865204572678 3066.545003816485 168.1215969473124 4.919560894370079 1.571406297385693 0 0 0 0.1935610920190811 0 0 0 0 0.3381820172071457 0.5944306254386902 0.169705256819725 0.3704479932785034 0.1014637127518654 0 0 0 0 0 0 1.599795684218407 0 0 0 1.737896867096424 0 0.558204174041748 0 1.528704300522804 0 0 0 0 0 0 0 1.304281309247017 0 0 0.2461948841810226 2.930549427866936 0 0 0
14.17979078739882 0 16.3107321113348 79.5743980333209 594.9440348148346 12084.18046559393 784.0803122594953 6050.54721801728 50.56986550986767 10642.5295602493 148.1849253550172 3385.07589386031 50.13858889788389 452.3885531947017 1105.285596996546 0 4.244429863989353 26.56108446419239 7.768631137907505 1002.853200696409 0.7402991205453873 0.6441932916641235 2.414696417748928 37.2260674610734 0.4505841732025146 58.61153700202703 22.90194343030453 110.3136713728309 293.0797947533429 9.730291791260242 7.876788184046745 613.761815674603 1.082757383584976 276.3756073862314 0.3124841749668121 193.3977993801236 21.02565865218639 654.8771653175354 59.61299140006304 1635.091351412237 95.62745604664087 4.693615227937698 5.11347559094429 0 0 0 4.958207488059998 0 1.348951555788517 5.436008937656879 0.7390032112598419 3.592203058302402 7.452169746160507 0.5465522035956383 6.127157375216484 0.8025812655687332 1.058700017631054 0.9071979522705078 0.2554834336042404 0 0 0 7.063549235463142 0 0 0.2598245739936829 13.63092022389174 0 0.746323436498642 1.147836454212666 20.29874704778194 0.4350716024637222 0.235871247947216 0.2148712873458862 0 0 0.3104576766490936 0 5.404988758265972 0 0.8435173481702805 0.4704831689596176 17.94433613866568 0 0 0
2443.603823110461 1.26924055814743 1573.915146462619 39.98049379885197 11.03318899869919 784.0803122594953 11552.23304605484 4071.388999134302 485.2192678451538 6754.076691269875 29.9717997610569 33.4019868299365 19.40302494168282 7380.03139770031 7.085893422365189 35.42221727222204 103.7835372537374 12.91379258781672 11.232132576406 111.0970849655569 68.34462552517653 8.426661171019077 510.8868776261806 1339.377701215446 0.3142746761441231 628.8568660914898 430.203723654151 17094.10635569692 1419.972700491548 6580.074930161238 1.704587891697884 53.76457438617945 65.58102873712778 522.620317697525 55.73664961755276 1882.377034083009 72.49807297438383 1754.741045840085 578.8467660620809 238.8342746421695 224.7668408378959 3.736868768930435 29.61279381066561 7.911413684487343 0.8200752064585686 11.86187432706356 38.23074024915695 0 23.47959364950657 162.478083088994 32.71242897957563 101.1066062301397 105.6765897125006 8.340607594698668 24.4313295558095 1.693595223128796 34.35202620178461 1.127509370446205 27.1931934133172 1.212949924170971 0.71039729565382 0.7351803109049797 72.45466031134129 12.56719327718019 15.87280285358429 17.48698069155216 472.6030059158802 0.3296571373939514 4.856724813580513 62.81624207645655 585.67675267905 27.05295918509364 30.91540982574224 0.1842425689101219 0.08143313974142075 1.397569604218006 8.663347750902176 2.478140242397785 98.53231462091208 2.347286187112331 52.24597268551588 10.79676348716021 43.04244206100702 3.897318221628666 2.045419186353683 2.077937766909599
1006.593869380653 0.494216300547123 468.1585995480418 60.72641871497035 473.188414208591 6050.54721801728 4071.388999134302 17076.62046139687 26.58086246997118 4341.825907617807 288.0726210325956 815.1642895005643 52.96692749112844 7241.545555528253 202.5961475074291 1.344918854534626 214.4706351831555 71.08953361213207 73.02947840839624 575.5961310304701 18.37368246167898 0.9805867299437523 61.54928474128246 265.0458068996668 0.9008674174547195 588.0121012181044 122.5272325277328 483.2175915911794 934.2835406698287 777.6882318370044 12.71165882796049 848.9206206426024 5.823804005980492 487.8909597098827 2.367057979106903 327.0579646266997 39.02996456623077 758.280157007277 102.4938653558493 314.4736077561975 54.35340481996536 4.273353219032288 4.207018807530403 0.6363876163959503 0.1454243510961533 0.3221771866083145 5.014221653342247 0 3.095008194446564 20.19099608436227 2.496152430772781 7.379678808152676 7.663923226296902 1.633534632623196 2.931047052145004 0.6076319441199303 1.535075418651104 0.1284755766391754 4.565760806202888 0.09165102243423462 0.1886204034090042 0 7.956797800958157 0.6232634484767914 0.3977869674563408 0.1678765416145325 56.34296023845673 0 0.8994458019733429 4.79649656265974 65.34599851071835 3.163212217390537 6.091226063668728 0.1016213074326515 0 0.2729202657938004 1.18115508556366 0 12.99930550158024 0.1969038993120193 4.840896628797054 1.341151773929596 4.031310573220253 0.8910298943519592 0 0.3747102022171021
2.986032530665398 246.1872647553682 4.9984160810709 352.8530558496714 82.05514095723629 50.56986550986767 485.2192678451538 26.58086246997118 861.2829668223858 174.9709243252873 1.196737684309483 320.0928228199482 13.95940338820219 17.71076433360577 1260.051666781306 176.6644927561283 0.9553899094462395 0.324477531015873 0.1513446718454361 693.4247222468257 27.77389211952686 1847.763653159142 39.72516202181578 9375.117176428437 60.59516724944115 5.452276840806007 586.9492118060589 2721.828763537109 11.9700088724494 55.94865407049656 2.059610478579998 2.165312707424164 0.8547099381685257 6.819711163640022 0.9043944627046585 62.19141160696745 8.135939888656139 22.79763989895582 6.475649245083332 674.7187665551901 7.185401141643524 0.2068926244974136 2.291006505489349 4.53612008690834 0.341450035572052 0.2649746239185333 127.7387807890773 0.9621367603540421 28.40469575673342 140.9538508579135 32.28417820483446 70.11505606770515 150.5906513258815 6.962165106087923 70.59800498187542 0.3887092173099518 26.01562917977571 11.21422037482262 179.4345299005508 0 1.250238236039877 0.2213148549199104 147.0427834950387 30.93817343562841 28.63989286869764 17.92475466430187 1099.645679883659 0.09594868868589401 2.821629948914051 12.6299919039011 798.1073758453131 30.21245025098324 38.16485833376646 0.4412102401256561 0.6167967841029167 2.267010144889355 9.602699808776379 3.277085311710835 52.58444830030203 3.039012029767036 32.71652319282293 8.260710954666138 60.95484653115273 2.811344638466835 0.2250007688999176 0.6925615146756172
102.1292552500963 0.2846194952726364 50.12730114161968 3512.374316699803 32.30064740031958 10642.5295602493 6754.076691269875 4341.825907617807 174.9709243252873 18480.04049477726 67.27622613310814 4665.634840115905 33.33384098857641 2021.652284089476 28.00281317532063 1.402046129107475 8.606551103293896 21.57689278572798 11.98517319560051 4038.79598826915 1.971184521913528 0.199897512793541 7.923967890441418 301.4021872729063 0.1989530026912689 77.09657364338636 37.18040994554758 6556.351006120443 760.8318625576794 45.96014086902142 4.22299849241972 141.4410614110529 6.453795664012432 255.2006901726127 11.00559434294701 472.7815701216459 19.63452204316854 1331.460925072432 154.5878998711705 338.1071954891086 204.403614282608 3.65880074352026 15.91775783896446 2.809767916798592 0 0 92.09209086745977 0 10.31272388994694 76.46142406761646 16.21215669810772 35.54825805127621 82.724703297019 2.270501457154751 43.83994892239571 1.531319141387939 11.1957024782896 2.412531837821007 3.887394286692142 0 0.1545297652482986 0 80.38531132042408 0.64206213504076 0.1540948003530502 0.8897703140974045 159.1770362630486 0.1372119337320328 0.5188091695308685 1.632812209427357 243.9185934439301 5.853244364261627 4.004220075905323 0 0.1369051337242126 0.08304199576377869 2.195259056985378 0.8613358736038208 21.54680719226599 0.1078928038477898 13.0297212228179 0.8074712976813316 33.85298498719931 2.10396546125412 0 0.3603248298168182
25.46769738942385 23.61465180665255 11.16462922096252 4.050497099757195 127.3879049494863 148.1849253550172 29.9717997610569 288.0726210325956 1.196737684309483 67.27622613310814 9503.178476415575 48.91294284909964 2973.575743027031 235.1866679303348 4.098588675260544 1.03587294369936 278.8473699688911 2744.334687672555 641.1033939272165 31.02212126553059 13.93060628324747 6.972709514200687 26.86025197803974 9.119666084647179 500.9643945619464 2530.089514315128 520.9539634659886 15.00705446302891 430.8065690025687 28.88772540539503 425.526345834136 589.8899492770433 3.473705485463142 7211.768081910908 4.754670158028603 345.9697379767895 2661.84274751693 4197.364159844816 553.4637314230204 77.4706207960844 199.1464719772339 818.6111111715436 15.62215727567673 0.1129921153187752 1.764131277799606 0.8268991708755493 0.08966133743524551 0 0 0.3975382000207901 0.2742650806903839 0.2497048676013947 0.2593865022063255 331.8510915189981 0 88.73489540070295 0.09943035989999771 0 0.08830311149358749 0.1655140072107315 13.24726931750774 1.312620684504509 0.08407168835401535 0.1385332643985748 0.3577317669987679 0.4212874546647072 0.8997570276260376 3.214396506547928 27.64783737808466 11.52786126732826 1.089374542236328 0.1413635015487671 0 50.93211507797241 0 0 0 4.559250891208649 19.23269251734018 7.903087921440601 7.051893524825573 1.681565955281258 0.4478524178266525 0 28.6865222454071 0
5.139028795063496 0.3855076804757118 1.73287046700716 1690.453369475901 176.5904086902738 3385.07589386031 33.4019868299365 815.1642895005643 320.0928228199482 4665.634840115905 48.91294284909964 8147.968518875539 22.16448532789946 372.1953640729189 1567.345623552799 0 1.400448858737946 11.34732645750046 5.061114206910133 8660.475496679544 0.1220882833003998 2.870643466711044 0.476425938308239 301.407624527812 5.709438115358353 29.66599178314209 11.82305884361267 504.1756706163287 206.5522901974618 1.378743410110474 2.988851226866245 137.4566806070507 0.1181260049343109 87.91416514292359 1.767717301845551 318.77072352916 8.891676507890224 479.8308396413922 28.06791350990534 2209.091521650553 59.21578942239285 4.22447744756937 6.994275003671646 0.7083439603447914 0 0 91.74537640064955 2.239910751581192 26.45503085851669 22.79313958436251 7.769131608307362 61.19712049514055 97.80389012396336 2.560816332697868 319.4823514223099 4.403738647699356 4.191172361373901 28.14276089519262 1.075278840959072 0 0.1191572248935699 0 106.2420279458165 0.6683750748634338 0.504723072052002 0 110.0136791914701 0 0.2990783676505089 0.1368040442466736 135.0619949698448 1.62690856307745 1.202693849802017 0.2288063019514084 0.08471100777387619 0 0.2635653540492058 0.3707467019557953 27.59860251843929 0.1201849058270454 8.098244369029999 0.7790804803371429 234.2494553700089 0.4396649748086929 1.144386410713196 0
4.679538547992706 448.2366119846702 4.661880299448967 2.284709334373474 59.46435566991568 50.13858889788389 19.40302494168282 52.96692749112844 13.95940338820219 33.33384098857641 2973.575743027031 22.16448532789946 3404.950743295252 23.26391612738371 4.593866653740406 3.942746326327324 11.33076709508896 31.38366007059813 14.79795693606138 20.26269137114286 8.07763484120369 97.14760276675224 29.88095353543758 28.71631455421448 3344.388202786446 590.7425930723548 3726.290466599166 28.54675188660622 32.70448672026396 8.863434553146362 1290.769848436117 107.5508244335651 1.722374275326729 368.4505166336894 137.1239597201347 2492.777688771486 6440.348146289587 4982.24824937433 786.5103759467602 164.3029581606388 309.4901305362582 2259.040091700852 67.31586682796478 0 21.2785122692585 0.3238795250654221 1.600041031837463 0 0.4208114147186279 3.512296378612518 0.2147760465741158 3.177252441644669 0.1183358505368233 1325.321521833539 0 420.3554625958204 0.6660577580332756 0 0.6782415211200714 0 53.32945869117975 9.961223587393761 2.637351453304291 0.2615829035639763 7.63929133862257 0.2058938965201378 1.107054159045219 12.96959758549929 118.1465408876538 30.23735421895981 2.71905030310154 0.1071409061551094 0.5192153677344322 209.0222208946943 0.1530407220125198 0 3.651038862764835 96.26843151450157 419.1629957035184 44.84281358122826 27.53453218191862 7.289581149816513 11.97998543083668 1.00651803612709 105.3290295377374 4.041998863220215
6990.838929146528 0.5951658263802528 633.5304043516517 68.82642101868987 22.03308378905058 452.3885531947017 7380.03139770031 7241.545555528253 17.71076433360577 2021.652284089476 235.1866679303348 372.1953640729189 23.26391612738371 17404.00453358889 21.31143686920404 2.345874205231667 389.0714130029082 95.64113567024469 134.0193422287703 481.9836526811123 34.17936971783638 1.619006350636482 88.69485161453485 272.1778295338154 0.805400051176548 782.9893440231681 181.41528236866 603.8029757849872 6137.976906783879 2342.664152298123 9.575454518198967 482.0177011825144 14.07506153732538 736.1628474220634 4.313866630196571 424.1100272014737 41.79943395406008 1115.972403671592 132.770525958389 97.69990444928408 27.47641554474831 3.604760184884071 2.296587631106377 0.3791161254048347 0.6820572912693024 0.1590449064970016 3.057842120528221 0 0.7700981870293617 7.971371099352837 1.657999068498611 4.986696369946003 4.876213118433952 1.144058704376221 2.959841504693031 0.5458274781703949 2.231230370700359 0 2.350021027028561 0.3697331696748734 0.09052753448486328 0 2.823036126792431 1.53387113660574 1.058439090847969 0.2919817864894867 34.51698503643274 0.2490697726607323 1.9731525182724 5.738776050508022 44.42949062585831 1.705885343253613 4.157466039061546 0.2599019259214401 0.2137211263179779 0.476628877222538 1.232233136892319 0 11.9178164228797 0.6856298521161079 4.642796628177166 0.6705363988876343 5.891769833862782 0.5668922066688538 0 0
0.2205935940146446 1.448455773293972 0.5068553984165192 6.843618683516979 1740.706045202911 1105.285596996546 7.085893422365189 202.5961475074291 1260.051666781306 28.00281317532063 4.098588675260544 1567.345623552799 4.593866653740406 21.31143686920404 925.8241221681237 0 0.09541819989681244 0.6078726053237915 0.1653536111116409 98.23385283350945 0.1452492475509644 15.45015670359135 0 543.4398541301489 0.7859703153371811 2.587648421525955 7.602673456072807 43.52215766906738 7.94970989972353 0 0 363.5473994836211 0 6.250789970159531 0 217.0485372245312 0.9862166866660118 28.65757514536381 2.212233230471611 2076.053090021014 98.04123856127262 0.9852737188339233 0 0 0 0 13.5304107517004 0 4.336475044488907 1.337520912289619 0.8709554672241211 16.17704716324806 7.340958580374718 0.508363276720047 36.19209340214729 4.010285615921021 1.870021030306816 6.295128002762794 5.218429908156395 0 0 0 20.48779298365116 0 0.1970250308513641 0.8294892907142639 16.54692745953798 0 0 0 17.33147177100182 0.6700211018323898 0.2023550122976303 0 0 0 0.2190258130431175 0 17.10724756866693 0 0.3492271155118942 0 91.34218353033066 0 0 0
1.049128726124763 80.28493259102106 21.80975530296564 0.2209602743387222 0 0 35.42221727222204 1.344918854534626 176.6644927561283 1.402046129107475 1.03587294369936 0 3.942746326327324 2.345874205231667 0 7230.287445418537 15.68476263433695 1.368973188102245 1.996849462389946 0 2286.452526167035 3342.975451208651 4237.687726199627 2341.174820110202 7.105680048465729 10.5168424397707 5938.567862458527 4063.358851104975 9.192726276814938 254.1217751950026 0.8089835420250893 0.1455977708101273 4.124520614743233 91.65652421861887 19.69511987268925 1491.495816864073 513.0808356180787 390.7148070335388 444.2657968848944 60.66206723451614 10.97408072650433 9.907064542174339 11.34692077338696 0.9837903752923012 5.667559012770653 108.9155943617225 0.2836714684963226 0 0.0874449759721756 10.52119863033295 0.368983693420887 9.595747701823711 0.3970441669225693 1.996262818574905 0.7559254765510559 10.37800938636065 1.876359552145004 0 2722.859431535006 4.973449639976025 0.215519018471241 1.055093541741371 0 355.376633182168 1747.769710384309 1342.700283668935 211.4365672767162 0.6382763907313347 8.414801761507988 1208.492518670857 280.840499304235 16.07428021728992 93.75716187804937 0.4968254789710045 0.06487108767032623 2.087996579706669 8.563790038228035 1.838830135762691 308.8337003067136 31.64111096411943 19.05542293936014 11.03286548703909 2.089458040893078 0.1158539429306984 3.507879376411438 0.1647824496030807
225.270972892642 47.38830205053091 1732.493125155568 0.7214552164077759 1.449968330562115 4.244429863989353 103.7835372537374 214.4706351831555 0.9553899094462395 8.606551103293896 278.8473699688911 1.400448858737946 11.33076709508896 389.0714130029082 0.09541819989681244 15.68476263433695 589.1654761880636 441.5565851330757 1911.628021270037 2.74620945751667 941.6416331753135 10.63640527427197 3385.176676042378 8.491855144500732 2.4728187546134 4292.123355053365 5788.267375506461 79.78682251274586 680.6975285634398 1672.529176443815 2.222013086080551 6.998338989913464 32.49855759739876 1701.190256938338 4.768043413758278 489.1124176755548 2833.470118939877 847.584788814187 277.5106801688671 12.76940220594406 3.377869732677937 12.10829465091228 1.250304229557514 0.6018286123871803 37.53093166649342 13.94430524855852 0 0 0 3.0437828078866 0 0.7630515098571777 0.1062965095043182 52.52020578831434 0 28.14669574797153 2.50049764662981 0 7.235661149024963 11.93872531503439 14.13511005789042 20.05774325877428 0.1021877154707909 2.716024555265903 4.905232846736908 4.213548764586449 2.168653011322021 13.99705493450165 531.9203892201185 710.8855604678392 3.080621145665646 0.2892124801874161 1.894153617322445 27.87373202294111 0 0 5.833794161677361 2.526333317160606 36.9613524377346 9.974941611289978 30.9912903830409 5.786317616701126 0.4155670925974846 0 0.1596984714269638 0
17.40187581628561 5.956907615065575 11.23883653432131 1.132568456232548 15.64853621274233 26.56108446419239 12.91379258781672 71.08953361213207 0.324477531015873 21.57689278572798 2744.334687672555 11.34732645750046 31.38366007059813 95.64113567024469 0.6078726053237915 1.368973188102245 441.5565851330757 430.297142021358 3053.281264163554 10.97453311830759 15.42682062089443 0.2633782029151917 25.80430598556995 2.752401798963547 8.817736312747002 2720.210204467177 416.9414659217 7.460422843694687 153.6545657664537 46.64617957919836 15.12160264700651 105.815800987184 3.39351037889719 1543.549779072404 3.800622090697289 298.2086093723774 897.2477890327573 1291.749745719135 291.8868742138147 16.35377540439367 10.14159263670444 5.294771730899811 2.368717432022095 0 0.3894013240933418 0.1026358157396317 0.08710668981075287 0 0 0.4958312213420868 0.1112294718623161 0 0 99.99163402616978 0 22.16097135841846 0 0 0.3443784713745117 0.1158487424254417 10.71876057237387 2.506210833787918 0.1011849939823151 0.08569329977035522 0.1993494778871536 0 0.3415907844901085 3.711112298071384 52.9358549490571 46.28618059307337 0.2179607301950455 0.1016027331352234 0 23.4184731990099 0 0 1.529288522899151 0.5945618152618408 9.124567568302155 9.199779115617275 6.251888103783131 1.733664348721504 0 0 0.8726206421852112 0
62.5990928709507 22.1880444958806 26.42826052010059 1.423991277813911 6.711711958050728 7.768631137907505 11.232132576406 73.02947840839624 0.1513446718454361 11.98517319560051 641.1033939272165 5.061114206910133 14.79795693606138 134.0193422287703 0.1653536111116409 1.996849462389946 1911.628021270037 3053.281264163554 686.2320952340961 5.054091915488243 60.14236251264811 1.227820873260498 107.3281405493617 2.402811363339424 22.11509235203266 4330.637247778475 894.4988395422697 11.74229750037193 270.6243192404509 160.2614479064941 5.666202448308468 56.08071534335613 14.23951410502195 3027.408938273787 3.279355958104134 665.2176385819912 845.9067372456193 1609.830950208008 305.0574425682425 22.0166384652257 4.047640860080719 1.178905710577965 2.625449553132057 0 9.644564256072044 0.3511514589190483 0 0 0 1.029160492122173 0 0 0.09665623307228088 215.5854152217507 0 92.00014493614435 0.1976865231990814 0 0.8477019816637039 0 33.1756890937686 8.132681809365749 0 0.2221153527498245 1.8344886302948 0.2627082020044327 0.727471299469471 35.77207383513451 378.4088547304273 381.9812831953168 0.559794507920742 0 0.1956839188933372 104.6488120779395 0 0 6.055295743048191 1.569707170128822 15.94045157730579 21.15149629861116 17.36187756061554 2.590637132525444 0.3125868737697601 0 0 0.6296128630638123
14.99211406707764 0 0.7685386687517166 5463.943687714636 18.39867786318064 1002.853200696409 111.0970849655569 575.5961310304701 693.4247222468257 4038.79598826915 31.02212126553059 8660.475496679544 20.26269137114286 481.9836526811123 98.23385283350945 0 2.74620945751667 10.97453311830759 5.054091915488243 1568.683607891202 0.0929301530122757 0.2085073292255402 0.105010136961937 759.3814772963524 0.221527948975563 25.2574550062418 12.03114519268274 3638.459774285555 277.129262574017 4.266156151890755 3.116209805011749 76.33566002547741 1.146582670509815 113.3994784429669 6.097787082195282 322.5804608985782 8.103147312998772 706.9043775647879 86.01304137706757 825.53880430758 128.1586089804769 1.81682313978672 12.90000097453594 2.334732010960579 0.1141187250614166 0.2092894166707993 141.1774846836925 1.043269976973534 30.99038290977478 102.7678950428963 19.5385275259614 75.51546561717987 140.3952143192291 4.485846906900406 107.5699238777161 0 17.54466383904219 17.68129537254572 2.211256459355354 0 0.8052854537963867 0 172.0456437319517 1.310641527175903 0.2188649997115135 0 229.0878210514784 0 0.2992851287126541 0.8653479740023613 396.3631256744266 6.888941131532192 3.689343467354774 0 0 0.4306547418236732 1.949908174574375 1.03043207526207 35.45380326360464 0.4256508722901344 22.99803724139929 2.730738438665867 146.9810888171196 0.7259750962257385 1.841252326965332 0.7338097095489502
32.20394534617662 4.086450144648552 1983.105143785477 0 0.2101763263344765 0.7402991205453873 68.34462552517653 18.37368246167898 27.77389211952686 1.971184521913528 13.93060628324747 0.1220882833003998 8.07763484120369 34.17936971783638 0.1452492475509644 2286.452526167035 941.6416331753135 15.42682062089443 60.14236251264811 0.0929301530122757 11613.75166718662 115.1272765696049 14332.53592808545 78.16073451191187 0.3249310329556465 282.9229442700744 686.4383195489645 2251.302716553211 222.2170324102044 8773.545983634889 0.484681136906147 1.094469532370567 47.12220877408981 3065.563889250159 84.32625643163919 5530.245637148619 1079.03231754154 3936.713280685246 2087.194558918476 220.8175213038921 25.06444039940834 8.036496557295322 57.0070164129138 2.577719941735268 0.7794286161661148 11.1358749717474 0 0 0 12.66020794212818 0.2555309534072876 3.723521776497364 0 1.026226200163364 0.07676627486944199 3.676498882472515 1.207653380930424 0 525.0456084534526 0.9283963739871979 0.2256312370300293 0.4620228856801987 0.6873334646224976 229.7674561217427 141.7962754592299 77.76659019291401 129.3332319185138 0.2388293296098709 4.566733613610268 62.34981197118759 204.31376978755 13.92830660939217 111.1553967744112 0 0 3.208070293068886 6.831941403448582 7.273097366094589 182.822355017066 2.95970119535923 13.55784586817026 4.934194512665272 4.982822544872761 1.166222803294659 0 0.1304472684860229
0.7295537441968918 2735.241126649082 34.1593959107995 1.388550393283367 0.9263767078518867 0.6441932916641235 8.426661171019077 0.9805867299437523 1847.763653159142 0.199897512793541 6.972709514200687 2.870643466711044 97.14760276675224 1.619006350636482 15.45015670359135 3342.975451208651 10.63640527427197 0.2633782029151917 1.227820873260498 0.2085073292255402 115.1272765696049 1783.389342218637 510.2238019183278 7150.714273281395 658.7136994600296 35.44075274467468 6970.562530748546 499.7686625942588 4.059376113116741 22.40123687684536 19.85869106650352 0.5420716851949692 0.3016572892665863 10.08398844301701 0.3839074373245239 58.60450315475464 28.51478301733732 35.00719550251961 26.2260822057724 53.10314521193504 0.1908270567655563 5.073165982961655 0 0.399426244199276 28.59328043460846 119.1045607849956 0.9006507620215416 0 0.1836279779672623 5.313774712383747 0.9195784479379654 10.32590512186289 0.6197548285126686 8.730431154370308 0 8.610194005072117 0.6910573989152908 0 520.2727862522006 13.83602010458708 2.143189281225204 8.599526189267635 0.1243132501840591 35.0119855478406 132.6265912801027 306.8588144555688 49.54095251858234 16.57375617325306 35.91472251713276 1105.068311609328 46.91202698647976 1.687334820628166 10.37835857272148 4.260798715054989 0 0.2161956429481506 4.128586828708649 0.8171337097883224 35.92366313934326 4.795318648219109 15.31063537299633 10.94757790863514 0.3129649758338928 0.2149830311536789 0 0.1858805418014526
42.50591029971838 55.87930031865835 14188.68281470239 0 0.5085837990045547 2.414696417748928 510.8868776261806 61.54928474128246 39.72516202181578 7.923967890441418 26.86025197803974 0.476425938308239 29.88095353543758 88.69485161453485 0 4237.687726199627 3385.176676042378 25.80430598556995 107.3281405493617 0.105010136961937 14332.53592808545 510.2238019183278 22082.78163162619 568.3572562783957 0.7655209228396416 1506.887314125896 14458.60881061107 4925.978401988745 145.5887555256486 5777.024726010859 0.5992958098649979 2.008867435157299 24.00441616028547 3238.230868734419 141.6211188212037 10789.70329940319 9333.042721174657 7304.318852573633 6711.178428933024 701.3665070384741 48.55927585810423 13.39055421203375 107.6773389577866 0.6589688807725906 49.33508918434381 767.7019316703081 0.09253603965044022 0 0.239980936050415 11.30922995507717 0.6310307383537292 2.22082344442606 0.3633213937282562 3.711873278021812 0.3732989430427551 2.594137191772461 0.4874130934476852 0 1326.481689155102 79.74614085257053 1.465174861252308 9.232022613286972 0.126947432756424 92.70039634406567 783.4020297601819 995.4459856078029 61.37379351258278 2.901042938232422 105.2421738952398 2799.653488144279 90.9456649273634 3.042098298668861 21.57468388974667 1.193750873208046 0 0.6497021466493607 18.8232721015811 21.48771095275879 421.2596006989479 96.62722406536341 105.1567535474896 39.77944014966488 1.491933770477772 0 1.722432404756546 0.148243322968483
61.07063579559326 459.6831239163876 35.40459916740656 1380.759122475982 22.58326800167561 37.2260674610734 1339.377701215446 265.0458068996668 9375.117176428437 301.4021872729063 9.119666084647179 301.407624527812 28.71631455421448 272.1778295338154 543.4398541301489 2341.174820110202 8.491855144500732 2.752401798963547 2.402811363339424 759.3814772963524 78.16073451191187 7150.714273281395 568.3572562783957 8293.74580039829 97.04771919548512 25.64595502614975 2240.404559895396 7937.219913594425 431.326656408608 296.2697591483593 5.170287124812603 14.78431924432516 50.4960044324398 177.9842432960868 41.43679822981358 1641.414578475058 134.3937331959605 663.9606957435608 247.9570690318942 1140.478080868721 116.2275195866823 7.320429459214211 25.64562205225229 28.11651891842484 4.042183935642242 3.632625065743923 210.1834730729461 0.4832664430141449 69.14465420693159 429.0525719746947 87.27645840495825 771.5720659270883 360.5862133204937 25.83637944608927 147.2225226759911 4.599421493709087 98.46321464329958 18.6355135589838 582.4600681737065 1.195682197809219 3.113132487982512 1.266654089093208 334.4731833934784 207.7068115398288 330.9986454024911 73.51584662497044 2287.887465745211 0.8005125448107719 7.904362268745899 40.88700742274523 2468.791783917695 119.3525481708348 211.6850415989757 0.777655728161335 0.7757488265633583 9.183497294783592 39.57534255087376 7.229014486074448 347.9443832710385 5.995288081467152 173.8715232722461 39.24950193613768 214.6466203331947 16.15890318900347 5.906954765319824 2.431407995522022
0 1045.154729902744 0.1326567530632019 0 0.3560187369585037 0.4505841732025146 0.3142746761441231 0.9008674174547195 60.59516724944115 0.1989530026912689 500.9643945619464 5.709438115358353 3344.388202786446 0.805400051176548 0.7859703153371811 7.105680048465729 2.4728187546134 8.817736312747002 22.11509235203266 0.221527948975563 0.3249310329556465 658.7136994600296 0.7655209228396416 97.04771919548512 391.8841385617852 251.8804666399956 5761.09545558691 13.76255787909031 1.082354001700878 1.40414322912693 324.6934004426003 1.633833490312099 0 14.29133464396 0.4478374719619751 241.1453669443727 549.3030513897538 452.6298488527536 65.77646280825138 30.15915838629007 136.2618966251612 1093.884360335767 59.53417921066284 0.2673555016517639 10.79953916370869 0 0 0 0 0.511198416352272 0 0.09066010266542435 0 846.4959804192185 0 572.8296857252717 0 0 0.979356087744236 0.5463745668530464 25.88061816245317 5.15344449877739 0 0.7555004954338074 7.191087380051613 0 0.9548791497945786 31.92835134267807 111.3238338828087 79.38281651586294 1.261094160377979 0 0 194.5273822396994 0 0 1.739993713796139 0 271.6975816711783 60.96065501123667 104.7311886698008 17.10797661542892 0.9914150983095169 7.049560844898224 97.31684264540672 15.52625873684883
205.1232102811337 171.0736701264977 4600.059533916414 3.198929332196712 27.59100559353828 58.61153700202703 628.8568660914898 588.0121012181044 5.452276840806007 77.09657364338636 2530.089514315128 29.66599178314209 590.7425930723548 782.9893440231681 2.587648421525955 10.5168424397707 4292.123355053365 2720.210204467177 4330.637247778475 25.2574550062418 282.9229442700744 35.44075274467468 1506.887314125896 25.64595502614975 251.8804666399956 30587.80663122237 17365.88119255006 185.7328514605761 704.8985633179545 994.8652926459908 508.4641337618232 184.1873473264277 21.21189270913601 2281.238926455379 14.13102615624666 2583.222903765738 8153.26891811192 5291.968055069447 1300.422771662474 92.04530008882284 25.2572723031044 99.49939611554146 14.39763440191746 0.9405702278017998 44.32480330765247 3.970661118626595 0.08198001980781555 0 0 7.990456707775593 0.7910068407654762 1.856350585818291 0.4741450175642967 996.0614186674356 0.1765056699514389 380.6812223568559 3.701396986842155 0 3.92493449896574 8.312597185373306 133.5262601226568 56.7081086114049 0 0.7262020483613014 7.236798852682114 2.713220618665218 4.882967032492161 107.6329717636108 1333.596821151674 1655.181360408664 3.76072333753109 1.412224598228931 3.395333059132099 326.8321651816368 0 0.08566726744174957 30.47714542597532 10.52703922986984 108.4739501103759 102.0588480904698 108.0615634694695 29.79230464994907 0.4358870685100555 0.4869285523891449 6.786260470747948 1.295690357685089
43.83624201267958 9545.501548700035 10991.52532330155 1.840880192816257 9.142426930367947 22.90194343030453 430.203723654151 122.5272325277328 586.9492118060589 37.18040994554758 520.9539634659886 11.82305884361267 3726.290466599166 181.41528236866 7.602673456072807 5938.567862458527 5788.267375506461 416.9414659217 894.4988395422697 12.03114519268274 686.4383195489645 6970.562530748546 14458.60881061107 2240.404559895396 5761.09545558691 17365.88119255006 33746.132455796 1980.59376578033 226.8799137622118 291.45618840307 988.5359461829066 81.23370186239481 12.38249889761209 2858.267334893346 84.47113744914532 7281.006124928594 7824.942304559052 8967.331161744893 3596.45152015239 302.9036343917251 31.8885338678956 202.4516932368279 46.1689670458436 5.240859545767307 945.4896306544542 1112.782588429749 0.3807094767689705 0.1467587649822235 0.1909874081611633 48.93993946164846 7.638249516487122 4.32994420081377 2.943225711584091 2834.117032706738 0.9151363521814346 1031.790287464857 18.46547958999872 0 443.5529764816165 280.1101088374853 377.4072291851044 296.5931419581175 0 17.09250642359257 1042.834162190557 749.20936306566 35.55528883635998 386.9737439453602 3857.853638745844 11237.31337472796 54.44739277660847 3.461989864706993 9.242195323109627 946.8238317072392 0.1201293393969536 0.219780907034874 126.1138648912311 27.32122267782688 707.6905337870121 362.9610291495919 496.5600697621703 162.2375754714012 8.102665923535824 0.4386786967515945 12.14722009003162 1.308386757969856
251.8092841431499 29.562031455338 807.3682849481702 5836.827549040318 8.566242091357708 110.3136713728309 17094.10635569692 483.2175915911794 2721.828763537109 6556.351006120443 15.00705446302891 504.1756706163287 28.54675188660622 603.8029757849872 43.52215766906738 4063.358851104975 79.78682251274586 7.460422843694687 11.74229750037193 3638.459774285555 2251.302716553211 499.7686625942588 4925.978401988745 7937.219913594425 13.76255787909031 185.7328514605761 1980.59376578033 18386.21707336232 1690.846742272377 10154.33522510529 1.610688082873821 35.10058473795652 345.6166604757309 1614.930853866041 140.0930303037167 5214.068581469357 519.561591386795 2931.768675938249 1222.416611872613 473.7684705406427 230.0300509110093 8.771962031722069 67.74003735184669 35.16455461084843 2.046265438199043 19.06088180094957 253.9120152741671 0.8500495404005051 71.07099626213312 517.5323980376124 102.9195196181536 449.9403646141291 425.3211851939559 22.52568795159459 138.5911101475358 9.667608335614204 96.65864802524447 21.68205288797617 697.6523237898946 2.571255281567574 3.386413618922234 2.350616596639156 396.1518865302205 305.5663892924786 241.3387065827847 79.19534452259541 2086.336221419275 0.8444772362709045 7.029624864459038 101.2858911156654 2757.4035878703 144.851950109005 411.0995103046298 0.7053336352109909 1.135791622102261 10.99626699835062 48.36024973541498 13.58595828711987 435.0827948153019 10.34737922996283 183.4605372957885 41.72531396895647 191.8916946873069 11.31098711490631 12.6032367348671 4.984438754618168
