739.1300898864865 0.8421861082315445 319.285424053669 5.496320076286793 0.09579481184482574 15.37817620486021 3656.495784364641 364.2602203711867 8.72374863922596 64.50349932163954 3.838937804102898 1.315220579504967 0.2071263939142227 1142.629745595157 0.2306977808475494 1.385717146098614 427.6706436499953 7.125933863222599 48.61736875772476 0.4704780131578445 116.7876129075885 0.6940665692090988 281.4215148687363 176.070609614253 0.08538015931844711 61.30931777507067 105.5198172107339 227.989974334836 3435.089675113559 4200.970056608319 0.1782259494066238 6.282386049628258 170.9044224396348 90.2291222512722 0.9551601335406303 48.79576916247606 6.298509694635868 75.47108526527882 15.19630771875381 4.337846845388412 1.277190946042538 0.1882218271493912 0.09309075772762299 0 0.3629194647073746 4.23812210559845 0.5424268171191216 0 0.1170519068837166 3.367096520960331 1.025988049805164 2.734606377780437 0 0.4331378936767578 0 0 1.542518891394138 0 2.325752124190331 0.9531515538692474 0 1.340462237596512 0 0.8931864798069 1.663353621959686 3.208265975117683 18.91998825967312 0 2.007610127329826 16.55712481588125 12.35742347687483 5.734684720635414 8.464231088757515 0 0 0 0.7133866101503372 0 11.64885428547859 0.1425870060920715 3.258902929723263 0.8736852183938026 0.5788871794939041 1.149890661239624 0 0
0.8421861082315445 292.972203142941 329.1418765261769 0.1301065683364868 0 0.6136679649353027 2.375496566295624 1.466761887073517 269.2927307337523 0.1479343175888062 330.7007881402969 3.652853153645992 471.974039696157 0.8963835015892982 10.63691409677267 61.50316014140844 422.4855940341949 3.460271440446377 18.06922868639231 0 4.929094262421131 2051.711552157998 43.68743516504765 433.0426570028067 1626.806512311101 290.7529581487179 5101.566459931433 7.357067100703716 2.593681834638119 2.3308115452528 34.2926035746932 2.437509141862392 0.6309224516153336 44.48278341442347 0.6238204538822174 118.7104853466153 103.1063674241304 261.076978571713 20.45651633292437 15.92576871812344 1.675679892301559 115.1752559393644 0 0.48967145383358 13.2263362929225 69.33653827011585 0 0 0 0.5239566490054131 0 3.075516805052757 0 2.966161698102951 0.1482831537723541 5.551551908254623 0.9509209841489792 0.4017442539334297 5.193870641291142 33.99383091926575 3.006473407149315 84.46742261946201 0 0.9166309908032417 25.3244504481554 2.963730730116367 12.98092125356197 5.498287364840508 340.2468215599656 1997.754583515227 1.596184723079205 1.113211527466774 4.123349286615849 1.98855060338974 0 0 3.630253329873085 0 16.43128776550293 11.87856905162334 28.94554687291384 1.430657796561718 0.216212585568428 0 1.313152149319649 0
319.285424053669 329.1418765261769 2000.084856837988 0.1427032351493835 0.08885963261127472 19.62600304186344 261.2112576738 249.2731449380517 1.730932608246803 8.457265831530094 8.985466919839382 0.450577050447464 1.603443317115307 471.5456020012498 0 3.004044212400913 5116.272477671504 25.14149405807257 202.9901642203331 0.2367384135723114 102.2664708569646 15.28682643175125 8653.492236599326 19.16259831935167 1.970542728900909 3461.676470927894 1783.595678575337 95.91349253058434 235.5951125249267 1175.745932772756 0.8032408282160759 5.971594147384167 6.21053072065115 346.0292910858989 18.59307096898556 1560.131830774248 1445.735984705389 1463.947192557156 338.839980378747 67.38584190607071 5.156968370079994 2.68774376809597 14.006736561656 2.237664252519608 260.5283210501075 1588.06725961715 0 0 0 2.291565574705601 0.5838547274470329 1.892898909747601 0 0.5329356342554092 0.1111378893256187 0 3.273644752800465 0 17.24842509627342 135.6411924660206 0.3406892344355583 21.85321518778801 0 4.177257142961025 154.1755396798253 241.6444039493799 18.14490579068661 0.5231764763593674 150.1107260584831 3093.105029389262 4.619265921413898 1.523225173354149 4.639572001993656 0 0 0 10.59406605362892 2.895102798938751 134.0411636307836 21.60298907756805 77.72682718932629 54.79578235000372 0.8329118117690086 0 0.6302409917116165 0.7102205157279968
5.496320076286793 0.1301065683364868 0.1427032351493835 2082.483113586903 0.1194650009274483 111.6187151819468 72.36744116991758 48.8448095023632 921.0592451095581 2635.935401841998 2.749286584556103 2869.324871465564 0 31.61640664935112 61.39513997733593 0.3990888893604279 0.1627592816948891 0.5150079801678658 0.757858507335186 2702.09166046977 0.4281964898109436 2.012006245553493 1.412775754928589 991.3981361687183 0.6294444277882576 0.337030753493309 2.805008299648762 3219.969385959208 65.81472136825323 0.4540759399533272 0 8.577992379665375 5.515580683946609 17.09191965311766 4.105613879859447 77.73434261977673 0.3912397176027298 29.65767526626587 12.60802212357521 284.9632948637009 2.786833055317402 0 0.8650087118148804 1.28318202495575 1.379552707076073 0 80.63898865878582 0.1320109665393829 9.054695211350918 40.36229792237282 12.40990394353867 72.20583637803793 109.8893776610494 0.6163895130157471 242.1271868050098 0 9.562032148241997 32.55825936794281 0 0 0.1659877896308899 0 78.00335665047169 0 1.801512487232685 0 310.1711971983314 0.2510713338851929 0 0.1079024076461792 253.7669762447476 4.265698216855526 0.5123633667826653 0 0.8970174342393875 0.1242955699563026 1.946250505745411 0.5769004225730896 12.25731745362282 0 14.20814542472363 2.291679814457893 106.2553593292832 0.4692504405975342 0 0
0.09579481184482574 0 0.08885963261127472 0.1194650009274483 23.52545881271362 601.2365236133337 1.084172375500202 22.66382025927305 16.92064361274242 1.743706770241261 9.157339297235012 88.77774291485548 6.148103833198547 2.20663920789957 2093.058822885156 0 0.09344290941953659 0.3543417155742645 0 2.884732216596603 0 1.037281364202499 0 6.793118044734001 0.1523016691207886 0.2364097386598587 1.159741632640362 0.718220591545105 1.630632415413857 0.0956709012389183 0 83.72883222997189 0 47.63608483970165 1.001714944839478 10.34390234202147 1.566418036818504 58.42605938017368 26.56531026959419 3256.727030932903 138.873766079545 2.46025986969471 2.942393958568573 0 0 0 0 0 0 0 0 0 0 0.3229314982891083 0.8586791753768921 0 0 1.064187288284302 0 0 0 0 0 0 0 0 1.010995388031006 0 0 0 0.1490023583173752 0.2445188462734222 0 0 0 0 0 0 1.079401455819607 0 0 0.2776625156402588 2.41428017616272 0 0 0
15.37817620486021 0.6136679649353027 19.62600304186344 111.6187151819468 601.2365236133337 9870.11311673373 2346.922036513686 4267.532457351685 99.00475091487169 5828.675209648907 79.08401091396809 5781.076450563967 22.74570440500975 835.447644084692 1263.138373970985 0 28.30215149745345 5.506872497498989 4.798027321696281 492.9129029512405 7.188698954880238 0.3990879952907562 22.91667883843184 457.4276880398393 1.051861867308617 9.925680354237556 12.59139283746481 1543.234934449196 242.6310116536915 31.74378014355898 0.5635332837700844 1579.943897780031 3.008559137582779 134.3673819676042 8.850720353424549 180.743782453239 15.9362471178174 230.8128865882754 80.03351785242558 1414.507576920092 250.3212069272995 14.46707224845886 12.06364558637142 0.4401513785123825 0 0.2947682216763496 14.87181363254786 0 2.731728866696358 20.89384499192238 5.045786917209625 6.379575580358505 16.59783869981766 1.399066373705864 20.32516101747751 0 6.084771372377872 7.275160655379295 0.5864546895027161 0 0 0.0965760350227356 13.02221120893955 0.1009568646550179 0.243419736623764 0.5458645522594452 92.87361793220043 0 0.1893773823976517 2.024582624435425 110.8456643968821 4.702689945697784 6.385328143835068 0 0.08935565501451492 0.5493101477622986 4.139974117279053 0 21.94487775117159 0 8.8185945302248 3.180237449705601 40.06992866098881 1.791872411966324 0.6038353592157364 2.895655959844589
3656.495784364641 2.375496566295624 261.2112576738 72.36744116991758 1.084172375500202 2346.922036513686 10726.50829577446 2715.819061525166 175.6275765970349 8506.182944588363 22.03455803543329 23.91620662808418 3.519135609269142 6757.359640933573 3.585064090788364 11.91247390955687 49.60739462077618 5.390277713537216 9.835222892463207 23.96144392341375 385.7714510560036 40.34286221861839 531.1277550980449 2394.865526452661 0.9382575079798698 45.62377206236124 457.0657953098416 15248.22351156175 1141.103820428252 6660.837651990354 0.0802360475063324 44.31325698643923 71.91078221797943 239.3805941045284 64.42011645436287 1361.661068610847 31.07041216641665 539.5128091648221 259.1708355844021 167.3052053228021 51.16798041015863 2.472862556576729 17.74806366115808 10.05033496767282 0 3.889931008219719 7.7975999340415 0 5.001636661589146 110.8946454674006 25.21828925609589 90.55933521687984 15.65495654940605 2.287440851330757 4.860415667295456 0.3057561814785004 33.46446187794209 1.4076047539711 8.687866754829884 0 0.1060994565486908 0.1091263890266418 10.30111330002546 2.954953588545322 5.603796131908894 19.18720531463623 454.442190811038 0 1.120219342410564 23.48505853116512 314.9230320602655 64.35886812210083 135.6382714286447 0.3413797244429588 1.057423532009125 5.841368265450001 23.20713020861149 3.478618785738945 219.2593442648649 2.074918895959854 78.35610241442919 23.75005203485489 48.60689216852188 12.5719957202673 0 2.48955075442791
364.2602203711867 1.466761887073517 249.2731449380517 48.8448095023632 22.66382025927305 4267.532457351685 2715.819061525166 6506.160410299897 17.89988081157207 1784.442107193172 119.3403276726604 1173.355325311422 47.76808644831181 8096.011707007885 306.3698178827763 1.07378950715065 367.8004304915667 16.06329640373588 42.17651689425111 204.665879830718 84.17482447624207 0.2063933312892914 213.6385142207146 472.642528694123 0.3835061192512512 64.48028597980738 112.1056779921055 670.5785659700632 688.249614071101 689.1630963310599 1.456414178013802 447.4509468972683 7.685172438621521 207.8274332210422 6.319388836622238 182.6067354306579 23.66124773770571 350.3633521273732 142.8255845978856 547.3335947468877 454.9687341451645 20.96995834261179 17.17694946378469 2.050621449947357 0.4508071914315224 4.532940670847893 7.640668883919716 0 1.59373290091753 44.29654222726822 9.855090208351612 8.978146262466908 7.820605784654617 1.563321635127068 4.364954970777035 0 13.99824377894402 0.145046591758728 2.892048120498657 0.7005353346467018 0 1.416145004332066 1.224262841045856 0.4501538500189781 2.963274843990803 6.900915749371052 141.4188738130033 0 1.838610716164112 15.47466117888689 117.1786053404212 15.80963951349258 20.525226239115 0.08976971358060837 0.9860514923930168 1.600944921374321 5.57944006472826 1.787087321281433 39.13141801953316 0.5987369269132614 23.80291141569614 10.40209938585758 9.984141014516354 6.01364903151989 1.534581884741783 0
8.72374863922596 269.2927307337523 1.730932608246803 921.0592451095581 16.92064361274242 99.00475091487169 175.6275765970349 17.89988081157207 1042.17964733392 396.7297304272652 16.30336327105761 631.0399473011494 27.95007885992527 23.84430295974016 760.8227017819881 334.607600338757 8.224400907754898 0.5833062529563904 0.909111350774765 480.4536047354341 175.324741743505 2130.382413059473 45.40496790409088 8672.749604314566 276.4646845906973 12.20109777897596 682.6745261326432 1209.43018964678 76.55872096866369 134.8259940594435 7.915132895112038 2.190521083772182 11.18053635209799 28.59098961949348 8.147226572036743 226.4297499582171 12.4687517657876 47.73682854324579 22.41760263592005 504.499250844121 4.789035156369209 3.593568660318851 0.8570940643548965 14.66641580313444 3.474059842526913 4.841905444860458 165.1849848926067 0.5213010311126709 13.79913941025734 141.3371594548225 25.68061008304358 137.8655570596457 183.3707930594683 1.915202267467976 149.6145286113024 0.2404008954763412 39.00264718383551 29.13007338345051 327.6140933781862 1.052295386791229 0.634892538189888 0.8670919090509415 138.8075690865517 253.3399295657873 35.97565945982933 44.65163055062294 2110.639063298702 3.146752916276455 3.92700632661581 13.31687323004007 868.7529177740216 114.4582191705704 421.1031848713756 0.7389638721942902 1.129102781414986 12.21052149683237 25.49296706169844 2.602861434221268 202.4664978682995 3.34741985052824 72.33578614145517 24.10153982043266 143.1076773479581 7.007937736809254 0.1657448410987854 2.894344732165337
64.50349932163954 0.1479343175888062 8.457265831530094 2635.935401841998 1.743706770241261 5828.675209648907 8506.182944588363 1784.442107193172 396.7297304272652 28696.4975072518 63.13260048627853 3878.885740615427 7.613178446888924 931.667850792408 19.16064167022705 0.5965216010808945 2.3342305123806 10.18245371431112 4.753089644014835 3712.794722318649 5.246976122260094 0.6775112748146057 12.76067496836185 948.5842738747597 0.3493455126881599 11.53350336104631 17.47314832359552 5547.894837580621 905.4779017344117 4.877817384898663 0.7106188461184502 93.4151001535356 24.08336059004068 268.2862906903028 37.66182783991098 742.5552804470062 18.66297619789839 423.8271683380008 114.0365076735616 206.0085389986634 49.39148443192244 2.891029119491577 11.87566887587309 1.338609151542187 0.5105669796466827 0.8158179819583893 180.4570839852095 0.1062909811735153 24.70225224643946 167.9775557219982 47.53783233463764 93.5167575404048 242.9918593168259 2.164570569992065 148.1850792020559 0.7026837319135666 36.26508608460426 22.24534744769335 0.2550934702157974 0 0.5211955308914185 0 146.8923054635525 0 2.051743790507317 0 813.0453859195113 0.8861740827560425 0.4562506750226021 1.083903178572655 831.8363557681441 26.69306814670563 11.605517975986 0.09426457434892654 2.515763700008392 1.552579537034035 7.985477484762669 2.35276360809803 65.78584010154009 0.1597320884466171 40.72464433312416 10.84682232141495 86.34588577598333 8.206934548914433 0.2725808024406433 2.794535145163536
3.838937804102898 330.7007881402969 8.985466919839382 2.749286584556103 9.157339297235012 79.08401091396809 22.03455803543329 119.3403276726604 16.30336327105761 63.13260048627853 7127.514490842819 74.59500800818205 1155.957302197814 58.19249574095011 12.41804232448339 1.310269594192505 394.3509472236037 2873.719841986895 1343.312617748976 14.63175307959318 20.32939986139536 82.32052163034678 42.53806313127279 57.37454783916473 1343.563665248454 1886.112762100995 523.7448088973761 31.66783276945353 1107.130008332431 16.47035025060177 301.7334910780191 664.10385876894 2.059302091598511 6188.264885149896 18.09741045534611 575.1247215420008 5225.954384207726 5736.817679211497 1283.852612197399 112.5432938411832 151.4314893558621 842.7286909744143 6.967176951467991 0.1402578949928284 4.213999375700951 0.5888312458992004 0.4618106186389923 0 0 4.266610600054264 0 0.477053701877594 0.546000599861145 272.5592117086053 0.6452187746763229 805.8042372763157 0.09034134447574615 0 0.6784115433692932 0.6979746669530869 82.83423805981874 14.55709023028612 0 0.223174549639225 0.6254481598734856 0.1043163910508156 11.43471042811871 24.0018607005477 209.928758494556 245.3453855514526 10.67372423410416 1.94879762083292 3.10616472363472 203.9468264207244 0.3524681627750397 0 0.8612189516425133 5.260540187358856 27.71246012300253 128.2736940309405 7.449739418923855 3.581565476953983 1.465936876833439 1.249390915036201 154.2104809656739 1.372584119439125
1.315220579504967 3.652853153645992 0.450577050447464 2869.324871465564 88.77774291485548 5781.076450563967 23.91620662808418 1173.355325311422 631.0399473011494 3878.885740615427 74.59500800818205 7235.302055858076 7.057717315852642 249.3522880673409 1441.724103890359 0 0.6441498622298241 10.12659445405006 5.080108776688576 2798.633645199239 0.2869731411337852 17.30586966872215 0.3440070971846581 974.6864364668727 4.042014196515083 9.526009909808636 8.625627800822258 624.5865865647793 373.7869797646999 1.226017460227013 0.6114433854818344 227.0602487325668 0.6069930493831635 141.8202526196837 7.135730169713497 275.0584377944469 8.248676732182503 236.3431353271008 43.20013654977083 1339.503944784403 26.17864768207073 4.644896827638149 4.885572917759418 0 0 0 54.51471921801567 0.1550276130437851 6.446873843669891 6.735872596502304 0.107455775141716 26.22578402608633 361.8177877441049 0.8490303307771683 152.8638867810369 0 0.2006073892116547 31.42932273447514 0 0 0 0 56.35891068726778 0 0.4693023711442947 0 119.3284950405359 0.1402123123407364 0.5256017595529556 0.1326374113559723 65.86298167705536 0.5430020093917847 1.712048500776291 0 0.0844007208943367 0 0.1106010973453522 0.1698699444532394 6.645276337862015 0 1.704086117446423 1.733341246843338 152.2495837435126 0 0.5755559504032135 0.3549327030777931
0.2071263939142227 471.974039696157 1.603443317115307 0 6.148103833198547 22.74570440500975 3.519135609269142 47.76808644831181 27.95007885992527 7.613178446888924 1155.957302197814 7.057717315852642 1473.552530676126 7.750385269522667 5.673050284385681 3.698902368545532 1.500208914279938 93.42945224046707 6.719131253659725 1.695600733160973 11.16698583215475 116.4559555202723 21.42721350491047 34.30043192952871 3981.605777353048 221.8016040548682 3417.716605111957 7.747295632958412 35.89456155896187 3.468250647187233 783.0701987817883 107.5257790312171 0.3501739203929901 274.0201819241047 109.2191686183214 1733.44492277503 3615.492548830807 4135.934029951692 707.2672882080078 195.0431766360998 167.7465848773718 610.0612333938479 11.57112045586109 0.1218049079179764 7.961230404675007 0.2733309864997864 0 0 1.199666708707809 1.227446764707565 0.5414620265364647 1.044071279466152 0 633.2691507637501 0 2068.960141852498 1.039960861206055 0.1471982449293137 0.6158671602606773 0 85.42023657262325 9.747680984437466 0 0.1696710139513016 0.511462539434433 0.9510473012924194 2.064404875040054 106.7492228597403 336.7797293663025 488.8549992144108 4.164386704564095 0.9399799704551697 0.5729068741202354 386.8043804764748 0.2752799019217491 0.08385853469371796 3.170570649206638 48.61085821688175 144.6157029494643 298.4476621523499 39.56071775406599 31.11988995224237 11.61519628763199 6.580280214548111 376.4528996348381 0.2348990440368652
1142.629745595157 0.8963835015892982 471.5456020012498 31.61640664935112 2.20663920789957 835.447644084692 6757.359640933573 8096.011707007885 23.84430295974016 931.667850792408 58.19249574095011 249.3522880673409 7.750385269522667 4994.691440038383 13.42322643846273 0.9387734606862068 555.5138957798481 12.80317258834839 70.8456083163619 63.83119450509548 175.4127280265093 3.536601692438126 442.557730153203 431.0825517252088 0.5644300282001495 101.1258963346481 199.8509030342102 710.2762067615986 2910.303282793611 1248.914776816964 0.7757657319307327 181.9541957825422 10.15283653885126 167.0194018706679 8.015697464346886 136.8927868455648 24.63746082037687 217.4576531499624 50.39591643214226 88.75324764102697 18.45977672189474 5.199297957122326 2.232285365462303 2.001377567648888 0.3805793151259422 9.417754255235195 6.771885469555855 0 0.9677511751651764 29.99682978540659 5.942809350788593 6.767325572669506 0.7275537848472595 0 1.547631360590458 0.08173651248216629 11.31573835015297 0 5.124196246266365 0.6540895327925682 0.8536603301763535 1.68680103123188 1.244475856423378 2.255410932004452 6.408896327018738 17.28891008347273 99.3041175454855 0 3.643804602324963 30.25291141867638 82.33894581347704 12.67291229218245 16.38319832831621 0 0.2452106177806854 0.8575461208820343 3.094325259327888 0.2566073834896088 24.5245630890131 1.084828339517117 15.6009111776948 5.063184946775436 7.616808995604515 5.264324098825455 0.813242644071579 0.3862657845020294
0.2306977808475494 10.63691409677267 0 61.39513997733593 2093.058822885156 1263.138373970985 3.585064090788364 306.3698178827763 760.8227017819881 19.16064167022705 12.41804232448339 1441.724103890359 5.673050284385681 13.42322643846273 542.9514512568712 0.4105379581451416 0.1261188983917236 0.9120787307620049 0.2099995315074921 124.9219328463078 0 77.13111584633589 0 904.5733613222837 9.803079009056091 1.026647545397282 34.46942032873631 37.39058344066143 24.32933950424194 0.1093243137001991 0.382075347006321 238.8828035145998 0.1150383725762367 17.99222280085087 0 55.40418180823326 2.082431882619858 28.66239160299301 10.53730566799641 1797.810103133321 69.5444608554244 1.262244954705238 0 0 0 0 4.994166895747185 0 0.2054638117551804 1.869400382041931 0.427401214838028 4.502261400222778 4.633959159255028 0 23.1594220250845 0 0 6.744602963328362 0.1298764497041702 0 0 0 8.37956178188324 0 0.624874472618103 0 29.15094228088856 0 0 0.3277826309204102 19.100948959589 0.2214223146438599 0 0 0 0 0 0 2.119281485676765 0 2.786622159183025 0.2362521141767502 82.44247509539127 0.6706613302230835 0 0
1.385717146098614 61.50316014140844 3.004044212400913 0.3990888893604279 0 0 11.91247390955687 1.07378950715065 334.607600338757 0.5965216010808945 1.310269594192505 0 3.698902368545532 0.9387734606862068 0.4105379581451416 1971.144958734512 18.1963308006525 1.225503481924534 5.018670991063118 0 1460.756431497633 3506.115056663752 5026.432975493371 1449.177899770439 19.12404583394527 3.755504235625267 2881.266224451363 1034.487224832177 3.121611580252647 385.7566488161683 0.5624590963125229 0.1193345040082932 1.281777627766132 65.22256171703339 49.23953225463629 2427.13208463043 843.5004965439439 360.0153625607491 554.7177883386612 60.07293145358562 5.660892814397812 1.843538083136082 11.89738550782204 0.7954482808709145 3.024843171238899 17.74475653469563 0 0 0 3.675118505954742 0.7111679166555405 63.33078956604004 0 0.4425440952181816 0 0.2041327804327011 1.836669035255909 0 2265.811499476433 2.146611884236336 0.09650375694036484 0.2886014804244041 0 625.5583745464683 1351.850556865335 1327.239080667496 177.842952221632 0 1.759208582341671 323.8103215321898 105.2018628567457 6.983122646808624 191.316106967628 0 0 0.7503407374024391 13.26936946064234 4.498445615172386 149.6640849485993 23.00574504584074 30.92904035747051 40.6306282505393 1.609227687120438 0.1672356128692627 0.5914904177188873 0.4410687461495399
427.6706436499953 422.4855940341949 5116.272477671504 0.1627592816948891 0.09344290941953659 28.30215149745345 49.60739462077618 367.8004304915667 8.224400907754898 2.3342305123806 394.3509472236037 0.6441498622298241 1.500208914279938 555.5138957798481 0.1261188983917236 18.1963308006525 4075.417140975595 273.0147132277489 2391.076695069671 0.4959545135498047 468.8960222005844 12.72738575935364 3794.90172123909 59.62851019203663 2.048159040510654 3129.326306037605 6926.350901991129 60.149249792099 1090.992283247411 1989.392286106944 1.834273003041744 19.3574935644865 78.72314718365669 2429.74640661478 11.47969602793455 1026.699398703873 878.6602776274085 2734.079480953515 489.731986798346 16.45344066619873 4.575084134936333 0.4063376113772392 2.41300143301487 1.089592210948467 100.0877134650946 580.537405371666 0 0 0 1.499280728399754 0.7020991444587708 2.56520888209343 0 0.592206597328186 0 0.2017195671796799 0.4710052981972694 0 8.440504543483257 139.3853458091617 0.9671003818511963 145.6496311798692 0 3.809956341981888 24.56522621959448 20.87327474355698 15.95583435893059 1.653558917343616 603.9139734506607 1457.465260215104 4.899989381432533 1.362051941454411 5.374569050967693 0.2936714366078377 0 0 6.567686095833778 6.22098558396101 40.25970140844584 9.622569173574448 43.44697611033916 9.976594142615795 0.3664349019527435 0 0.2425694465637207 0
7.125933863222599 3.460271440446377 25.14149405807257 0.5150079801678658 0.3543417155742645 5.506872497498989 5.390277713537216 16.06329640373588 0.5833062529563904 10.18245371431112 2873.719841986895 10.12659445405006 93.42945224046707 12.80317258834839 0.9120787307620049 1.225503481924534 273.0147132277489 724.7264735326171 1209.98758661747 2.593974709510803 19.08749704807997 1.142746336758137 36.73208245635033 5.67137486487627 43.64728666841984 2727.376018241048 802.5300758108497 5.982457488775253 137.811023324728 19.10903676599264 128.435909293592 45.38538099825382 6.019142024219036 1127.418112695217 14.96868436783552 748.0623757392168 1714.339719414711 2128.191697128117 820.1379091218114 11.64504684507847 2.824328035116196 39.54301077127457 3.668546169996262 0.0900459960103035 4.268989138305187 0.1161716133356094 0 0 0 0.365350104868412 0 0.3613795414566994 0.2153598368167877 50.17174954712391 0.06883060187101364 92.77368983626366 0.1632037088274956 0 0.290623627603054 2.276129752397537 170.7477131634951 74.44690097123384 0 0.1179221644997597 0.605804018676281 0.2167347520589828 2.129208348691463 16.42943329364061 487.6526038050652 404.5203854441643 1.051899947226048 0.2413683906197548 0.7184677794575691 92.12604615092278 0 0 1.37961470335722 8.89225210994482 11.94658669829369 14.5503763705492 6.18484016507864 1.538351036608219 0.1071168035268784 0 1.201626121997833 0
48.61736875772476 18.06922868639231 202.9901642203331 0.757858507335186 0 4.798027321696281 9.835222892463207 42.17651689425111 0.909111350774765 4.753089644014835 1343.312617748976 5.080108776688576 6.719131253659725 70.8456083163619 0.2099995315074921 5.018670991063118 2391.076695069671 1209.98758661747 2115.074239432812 1.058964893221855 88.44774079322815 0.659257136285305 282.7187369167805 8.909903459250927 7.974239856004715 4543.938932366669 964.363603040576 9.281095996499062 200.2907295078039 138.6568845808506 6.753916002810001 19.61319845169783 25.89520525932312 2409.051880419254 13.73737034201622 1002.379288710654 1168.991973645985 2386.701200120151 709.0705404803157 11.65781661123037 1.07331620901823 8.113694339990616 3.458198525011539 0.09388217329978943 11.6716012135148 6.472213730216026 0 0 0 0.4468668699264526 0.115529403090477 0.131308987736702 0 3.336994491517544 0 4.596949100494385 0.8329164311289787 0 0.7328911945223808 24.94341789931059 24.38049038499594 171.6099143400788 0 0.7364871650934219 2.740418218076229 1.472378551959991 1.96179573237896 7.425794906914234 484.2643508240581 394.2802523225546 0.7181317955255508 0.5970984399318695 4.467239573597908 4.322363905608654 0 0 3.295496366918087 7.39333388954401 11.08941239863634 9.025190785527229 10.11637485027313 1.892547108232975 0.3697725385427475 0 1.377037927508354 0
0.4704780131578445 0 0.2367384135723114 2702.09166046977 2.884732216596603 492.9129029512405 23.96144392341375 204.665879830718 480.4536047354341 3712.794722318649 14.63175307959318 2798.633645199239 1.695600733160973 63.83119450509548 124.9219328463078 0 0.4959545135498047 2.593974709510803 1.058964893221855 655.694768704474 0 1.241291150450706 0.141408696770668 182.0849755629897 0.2093720883131027 1.121119745075703 1.282805375754833 2201.048528604209 107.2028868496418 0.1978441774845123 0.3152470737695694 39.19070696085691 0.9742938578128815 31.78556347638369 2.527788296341896 83.63293602317572 0.9950642585754395 68.28106268495321 12.53984726220369 515.9941101744771 7.04743193089962 0.5215608552098274 2.205622464418411 0 0 0 34.3117845878005 0 2.649958908557892 17.64481167495251 8.560821533203125 23.02502156049013 41.81867772340775 0.2061009109020233 72.79488568007946 0 5.08404403924942 13.42321518063545 0 0 0 0 25.48252519220114 0 0.1090379282832146 0 108.7430746331811 0.3695347309112549 0 0.1173977106809616 90.07477194070816 3.868099838495255 0 0 0 0 0.7977447211742401 0 4.929305523633957 0 3.768168315291405 0.4740696847438812 59.89898346364498 1.135548233985901 0 0
116.7876129075885 4.929094262421131 102.2664708569646 0.4281964898109436 0 7.188698954880238 385.7714510560036 84.17482447624207 175.324741743505 5.246976122260094 20.32939986139536 0.2869731411337852 11.16698583215475 175.4127280265093 0 1460.756431497633 468.8960222005844 19.08749704807997 88.44774079322815 0 13694.77448045462 169.8691652938724 8011.355988688767 89.26530219614506 1.86689481139183 25.64166033267975 1548.672051168978 2809.682139113545 178.2844752818346 9615.867697007954 0.4900404289364815 3.815995752811432 13.19459757208824 3413.272277332842 216.6780303642154 8103.085350960493 788.9909714311361 4728.446645595133 3590.197428695858 164.7464883923531 28.86470240354538 4.861868821084499 46.37449040263891 1.044655926525593 0.3502370864152908 8.22362857311964 0 0 0.2118866518139839 1.784280240535736 0.6729435920715332 47.40939044952393 0 0.1550680547952652 0 0 1.265894114971161 0 453.7280344069004 0.9405314922332764 0.172436848282814 0.105087012052536 0 441.7759999409318 166.3024130910635 102.1319636404514 173.0594634860754 0.0868106335401535 2.961630880832672 19.59244751185179 105.5308437496424 9.362295717000961 201.7474780976772 0.08220019191503525 0.06819628924131393 0.3042492866516113 11.13482520729303 15.48076229542494 147.5191151276231 7.480608612298965 19.52084983885288 13.58601822704077 2.231854297220707 0.7341636568307877 0.8895582407712936 1.222527056932449
0.6940665692090988 2051.711552157998 15.28682643175125 2.012006245553493 1.037281364202499 0.3990879952907562 40.34286221861839 0.2063933312892914 2130.382413059473 0.6775112748146057 82.32052163034678 17.30586966872215 116.4559555202723 3.536601692438126 77.13111584633589 3506.115056663752 12.72738575935364 1.142746336758137 0.659257136285305 1.241291150450706 169.8691652938724 2171.898988462985 504.8979102447629 5724.96694418788 1026.205596938729 24.79348197579384 4438.469908460975 84.18721923977137 5.446774154901505 54.83411028236151 17.57185615599155 0.975398875772953 0.839893601834774 8.065271392464638 0.5052067786455154 48.9960682913661 30.82578340172768 42.33011496812105 13.19623884558678 134.7308881357312 0.4319881647825241 13.87712430208921 0 0.2168276086449623 8.044524855911732 87.28954651206732 0 0 0.1889344453811646 2.50684130191803 0.4607143178582191 13.57258058339357 0 0.4391199126839638 0.1258188337087631 2.036662399768829 0.5632316544651985 0 1243.982675231993 4.443981431424618 0.8829274475574493 1.377372205257416 0.113547682762146 151.6142551600933 515.8186063021421 649.0542064160109 29.2597158998251 0.1499814242124557 8.634539663791656 892.2217355147004 14.53969065099955 1.869846530258656 16.52272844314575 0.536172553896904 0 0.2421129420399666 1.891609199345112 0.1190721765160561 62.08259702473879 20.6181860268116 19.7582980915904 22.09406027942896 0.6698250472545624 0 0.1559192538261414 0.5039939284324646
281.4215148687363 43.68743516504765 8653.492236599326 1.412775754928589 0 22.91667883843184 531.1277550980449 213.6385142207146 45.40496790409088 12.76067496836185 42.53806313127279 0.3440070971846581 21.42721350491047 442.557730153203 0 5026.432975493371 3794.90172123909 36.73208245635033 282.7187369167805 0.141408696770668 8011.355988688767 504.8979102447629 16712.43519573659 273.3325652331114 1.120999172329903 570.5415705963969 11315.9950184077 1124.088013403118 391.6829578876495 6440.528659813106 0.7496486976742744 7.30814602971077 15.63026348501444 4138.094516701996 297.5481304898858 10538.54385593534 4765.911976449192 10372.37480888516 7012.360706157982 704.1128081604838 48.6521805524826 11.10187046229839 132.16151548177 0.620734728872776 8.657430298626423 256.7360474020243 0 0 0 3.555114857852459 2.140717886388302 1.885424174368382 0 0.4192922934889793 0 0.1145618334412575 2.789780184626579 0 1591.762675195932 15.64507748186588 0.4084939360618591 3.838422529399395 0 169.4645152315497 835.5816887021065 1608.122771263123 17.78539758175611 0 20.74057994782925 1105.64892885834 9.671547949314117 1.739920943975449 18.93354798853397 0.1636869758367538 0 0.2640909403562546 10.5872587710619 33.12220952659845 184.969851359725 39.50475142896175 75.17638219147921 79.15291162580252 0.9400663673877716 1.540753915905952 2.25517325848341 0.4111965820193291
176.070609614253 433.0426570028067 19.16259831935167 991.3981361687183 6.793118044734001 457.4276880398393 2394.865526452661 472.642528694123 8672.749604314566 948.5842738747597 57.37454783916473 974.6864364668727 34.30043192952871 431.0825517252088 904.5733613222837 1449.177899770439 59.62851019203663 5.67137486487627 8.909903459250927 182.0849755629897 89.26530219614506 5724.96694418788 273.3325652331114 9270.228271566331 317.0605214610696 18.69692935049534 2900.505203269422 4517.854179285467 1720.457358404994 2237.303209140897 5.767389707267284 50.84615463763475 392.1992134079337 618.3934098631144 164.2147640883923 3327.441714778543 49.2071685269475 1191.96196680516 706.1346018090844 770.4958805367351 116.2038223072886 5.983196645975113 36.88306932896376 34.52345080673695 4.498976215720177 8.131141550838947 188.8460698872805 0.5083438158035278 36.94908876717091 477.9963501319289 103.2721708826721 936.6301179416478 281.4619593024254 7.111833512783051 179.2149037644267 0.7324143946170807 124.5075193233788 30.32635650038719 290.991219855845 1.176734045147896 1.824673883616924 1.171292491257191 166.3409614488482 242.0837135091424 87.33137553185225 41.27038713544607 3283.074027203023 1.481694430112839 5.55210105329752 27.26345663517714 1881.235511742532 290.9400161318481 902.986026443541 0.3400159105658531 6.015700809657574 31.67000586539507 85.31852594763041 14.3221997693181 668.0415856689215 8.059142172336578 233.8475692346692 74.17586699873209 214.9181081354618 37.84870027750731 2.406641751527786 6.045414537191391
0.08538015931844711 1626.806512311101 1.970542728900909 0.6294444277882576 0.1523016691207886 1.051861867308617 0.9382575079798698 0.3835061192512512 276.4646845906973 0.3493455126881599 1343.563665248454 4.042014196515083 3981.605777353048 0.5644300282001495 9.803079009056091 19.12404583394527 2.048159040510654 43.64728666841984 7.974239856004715 0.2093720883131027 1.86689481139183 1026.205596938729 1.120999172329903 317.0605214610696 542.4945709332824 512.4926804453135 4710.59551808238 1.473432965576649 3.460510693490505 0.09772185981273651 308.2828285694122 5.344659082591534 0 62.85575217008591 1.637349903583527 37.97902489453554 667.6471793875098 949.6233783885837 64.70909487456083 21.8383903875947 22.85618376731873 846.2686339244246 4.93769571185112 0.1166147738695145 7.215569756925106 0 0 0 0.09327275305986404 0.07986200600862503 0 0.6648668944835663 0 120.0147258490324 0 567.3536695167422 0.2932029515504837 0 0 0.2562660351395607 30.38797733932734 14.12151227146387 0 0.27308090031147 0.750518836081028 0 1.562241286039352 107.9818570241332 333.3485757187009 835.6881836131215 0.4784680977463722 0.2983421757817268 0.3480605855584145 115.5635529831052 0 0 0.2354789152741432 0.4452090859413147 5.424306616187096 29.81758466362953 7.86966148763895 1.247483223676682 0 0.2708220854401588 37.78029457479715 0
61.30931777507067 290.7529581487179 3461.676470927894 0.337030753493309 0.2364097386598587 9.925680354237556 45.62377206236124 64.48028597980738 12.20109777897596 11.53350336104631 1886.112762100995 9.526009909808636 221.8016040548682 101.1258963346481 1.026647545397282 3.755504235625267 3129.326306037605 2727.376018241048 4543.938932366669 1.121119745075703 25.64166033267975 24.79348197579384 570.5415705963969 18.69692935049534 512.4926804453135 24289.19964452088 10492.58751745522 11.55176611989737 141.6798345223069 105.2734992727637 253.1477458104491 49.99415700882673 9.146340139210224 699.0713791325688 27.64001196622849 1683.598864428699 2975.478371016681 2939.679686911404 999.6627072244883 19.30435336381197 4.777539856731892 95.05596189200878 5.656579829752445 2.289876952767372 199.2052157819271 276.1613510251045 0 0 0.1210046038031578 4.990890167653561 0.6185642704367638 5.031894780695438 0 175.3486391156912 0.1254130601882935 398.3449156135321 3.884881749749184 0 11.60579989105463 276.3435603678226 505.4573494195938 1160.047701001167 0 5.776990599930286 34.60724732279778 11.09438695013523 23.58812030404806 156.1512342989445 4268.452325284481 4488.581502944231 5.479572869837284 3.868145883083344 26.1247396171093 307.039341211319 0.1620511114597321 0 29.32009015232325 18.65694484859705 60.31440673023462 84.38728986680508 106.4035373032093 19.56578159332275 1.790304757654667 0 4.92790936678648 0.9699572622776031
105.5198172107339 5101.566459931433 1783.595678575337 2.805008299648762 1.159741632640362 12.59139283746481 457.0657953098416 112.1056779921055 682.6745261326432 17.47314832359552 523.7448088973761 8.625627800822258 3417.716605111957 199.8509030342102 34.46942032873631 2881.266224451363 6926.350901991129 802.5300758108497 964.363603040576 1.282805375754833 1548.672051168978 4438.469908460975 11315.9950184077 2900.505203269422 4710.59551808238 10492.58751745522 19686.92538292706 1851.972364082932 178.2298867255449 419.1855803206563 555.8716315627098 15.86648440361023 19.14713650196791 1455.056102961302 123.2182133942842 7553.529746577144 4632.757990367711 6747.001607850194 2388.566632673144 452.4317924380302 17.43779072165489 68.1445447281003 53.1426500454545 7.233389645814896 1476.061702162027 2596.883304007351 0 0 0.6352210491895676 15.36598762869835 4.923388630151749 10.33713130652905 0 164.7321305051446 0.1200267374515533 507.8909104168415 16.6459638774395 0.5614459216594696 685.6837450116873 404.027830645442 363.6168349459767 1189.249138772488 0.1431999653577805 29.71842478960752 2166.637553863227 1596.45595061779 41.60837963968515 355.8167381137609 4968.805093370378 13266.31598960608 14.1703045219183 8.899547211825848 40.86218085885048 322.7030437588692 0.574482299387455 0 62.51732579618692 39.48467519134283 451.7325688302517 206.4425917267799 375.7381228581071 238.596695818007 7.136188820004463 3.902618318796158 15.19651266187429 1.129127830266953
227.989974334836 7.357067100703716 95.91349253058434 3219.969385959208 0.718220591545105 1543.234934449196 15248.22351156175 670.5785659700632 1209.43018964678 5547.894837580621 31.66783276945353 624.5865865647793 7.747295632958412 710.2762067615986 37.39058344066143 1034.487224832177 60.149249792099 5.982457488775253 9.281095996499062 2201.048528604209 2809.682139113545 84.18721923977137 1124.088013403118 4517.854179285467 1.473432965576649 11.55176611989737 1851.972364082932 12848.76851312816 1514.179030664265 7674.026567533612 0.2542732506990433 45.67084059864283 320.4885895252228 765.994068339467 142.6632161438465 2956.287997961044 65.35097020864487 1200.296609148383 729.8597680181265 294.0885695591569 88.27588364481926 2.692501820623875 31.40912356227636 22.20503564924002 2.015278868377209 3.837827049195766 165.6704182699323 0 28.37382514029741 325.0706037245691 68.01242744922638 317.1135454848409 226.6693779081106 1.767810024321079 203.7326831221581 0.4119175970554352 88.13646680116653 22.53475292026997 156.0428935065866 0.4445333406329155 1.036100648343563 1.0809136480093 132.9872731119394 151.5482557192445 27.32295524328947 25.99833522737026 1855.101779386401 0.2297050878405571 1.644654370844364 14.38008331507444 1357.35373044759 182.8832010701299 641.3002941161394 0 4.940796509385109 19.513576567173 47.61266307160258 11.98378890007734 415.7862799316645 6.351529255509377 139.701416388154 47.12153186649084 163.559770449996 21.12165389209986 4.372870326042175 3.643090277910233
