2021.737289629877 0.1126378104090691 238.3021678924561 4.250406317412853 0 15.52260319888592 4890.199035979807 731.6805560588837 5.496731206774712 137.8088108748198 4.585849672555923 0.8343648836016655 0.28407271951437 2326.782173514366 0.3052990734577179 1.882811442017555 304.9551201835275 4.852253697812557 51.07543118298054 3.703234829008579 146.6015033125877 0.9755071252584457 291.1184139996767 111.8938527479768 0 86.14348215609789 39.04883570224047 249.9751105010509 4527.329406604171 2978.480649083853 0.5080974102020264 2.431208997964859 118.9122598767281 88.00312688946724 4.15305108577013 39.34332698583603 14.59778923541307 81.19965296983719 38.72480953484774 1.700013965368271 5.863750614225864 0.1812433451414108 0.2385578826069832 0.9042154029011726 0 4.502512618899345 0.6118727922439575 0 0 4.767222791910172 0.8383712023496628 2.033559665083885 0 0 0 0 1.728573657572269 0 1.913986794650555 0.7301719561219215 0.1630826890468597 0 0 1.443835914134979 0.711741678416729 6.48840145021677 11.34365478903055 0 0.5448215827345848 15.99665171653032 13.35630356520414 2.253140196204185 6.043124854564667 0 0 0.1634188815951347 0.6945169866085052 0 8.813274644315243 0.7622767686843872 2.978133901953697 1.144940495491028 1.483817182481289 0.2330685183405876 0 0
0.1126378104090691 141.0849104896188 53.11929962038994 0 0.4893195331096649 0 2.227816596627235 0 255.8459692895412 0 114.623337700963 2.300266474485397 465.5346670523286 0.4554322883486748 4.418812289834023 108.2320978790522 217.4599262773991 4.037249088287354 11.52688436210155 0 5.132799260318279 1220.432623378932 32.72691291570663 472.8152417764068 2047.617298945785 157.8163553401828 5739.843570180237 8.626099064946175 0.2236336916685104 1.189323209226131 31.36286015063524 0.1036671623587608 0 12.36752419918776 0.3443585634231567 59.77644804865122 44.46255610883236 91.43106522411108 21.75853279978037 11.82130623608828 0 47.32238355278969 0 0 27.65794884413481 19.58022110164165 0 0 0 0.1199042052030563 0 2.400274820625782 0 1.56035203486681 0.1402123868465424 16.04526808857918 0.5259900689125061 0 2.151111356914043 8.926180817186832 3.416925996541977 27.57466879487038 0 1.035320989787579 13.01038204133511 4.779745437204838 5.661546841263771 32.00664714723825 205.6400290280581 835.5530539527535 0.1725756525993347 0.2500654011964798 0.6502412855625153 3.089401170611382 0 0 2.040201760828495 0.1300031393766403 5.306542582809925 11.4213637933135 15.04887881875038 3.595590114593506 0.5984393358230591 0 0.5192706137895584 0
238.3021678924561 53.11929962038994 3118.243939831853 0.4546403437852859 0 29.89531116187572 259.4626502394676 246.0792239233851 0.7039972022175789 13.91864946484566 10.73415616899729 0.9530410692095757 4.891083441674709 484.9500550925732 0 2.972362644970417 5410.383812591434 14.54182305932045 125.2527306303382 0.3479815199971199 270.9145102500916 39.68704583495855 8187.373467467725 12.75222193449736 1.663727544248104 2908.887882582843 3671.101649239659 116.4475511983037 217.4037717729807 788.8974866271019 1.291840448975563 3.727775111794472 7.424505695700645 380.4770734012127 20.06030666828156 1064.974634833634 2048.27189809829 934.6315707713366 367.1449622362852 16.42241913080215 7.46022691577673 4.844312064349651 5.730409607291222 1.880986742675304 126.6897071897984 1265.170325927436 0 0 0.1067335605621338 4.95109199732542 2.457089617848396 2.940818622708321 0 0.7059914767742157 0.08152710646390915 0 5.415812008082867 0.1465822011232376 15.86145453155041 275.6482691317797 0.5006393641233444 20.4669374525547 0 7.267187833786011 84.14565267413855 353.3058281168342 17.98083227872849 0 55.47699276357889 2374.023166075349 2.893740430474281 1.971531517803669 8.427963599562645 0 0 0.1492379754781723 18.65216480195522 4.201876349747181 159.2536679506302 22.13326228410006 122.0823405981064 66.21012862026691 1.477263525128365 0 0.3984408527612686 1.315564423799515
4.250406317412853 0 0.4546403437852859 1866.505277894437 3.295942969620228 115.9285457208753 97.14985994249582 80.99408486485481 712.7517655491829 3090.571719124913 5.70642327517271 3092.611592665315 1.61295635253191 46.11181716620922 84.89932250231504 0 0.1948928833007812 1.077214978635311 0.6486937999725342 2446.627071417868 0.1089481264352798 0 0.948627769947052 960.5710370987654 0.1267299056053162 0.7808817327022552 0.4514156803488731 3758.001780286431 85.11377122998238 0.6413007453083992 0 8.058394312858582 5.779221884906292 20.34766707569361 6.098274737596512 86.96043645590544 1.230853065848351 42.04122454673052 23.06021542102098 298.6527848988771 8.205807082355022 0.2696568816900253 0.1815886646509171 0.5799250155687332 0 0 106.5018218681216 1.418513029813766 15.10765417665243 62.72080110758543 16.16952240467072 28.69357921183109 153.0443517267704 0 134.315070874989 0 6.546984255313873 19.30673709511757 0 0 0 0 117.4637141674757 0.1247802376747131 0 0.1853953748941422 257.2230771556497 0 0.09834632277488708 0.8366290256381035 322.5432583168149 4.725436188280582 3.649780660867691 0 0.2253766879439354 0.4700564742088318 1.508641332387924 0.4044198244810104 17.66713491082191 0.6656676828861237 15.2416460737586 0.1145429238677025 151.5760133713484 2.572878301143646 0 0
0 0.4893195331096649 0 3.295942969620228 31.51000888645649 586.0680425912142 0.9824938103556633 42.1784013658762 72.04018342494965 3.080409713089466 0.7455548942089081 174.7845394909382 0 0.4978044480085373 1312.416081652045 0 0.09105085581541061 0.4253347292542458 0.07874756306409836 11.09512532502413 0 1.534805096685886 0.1452768892049789 25.35471627116203 0.3926524445414543 0.08856537938117981 1.265329301357269 3.231764681637287 75.96994723379612 0.0785495862364769 0 51.74322668462992 0 5.440956257283688 0 9.265861570835114 0 9.774347074329853 5.903022795915604 1819.967721186578 23.8731172978878 0 2.41734516620636 0 0 0 0.1495083868503571 0 0 0 0 0 1.681948691606522 0 1.117492288351059 0 0.1293475776910782 0.3143165409564972 0 0 0 0 1.880240142345428 0.1454589664936066 0 0 0.7517630606889725 0 0 0 3.448202535510063 0 0 0 0 0 0 0 0.3032665848731995 0 0 0 6.295577123761177 0 0 0
15.52260319888592 0 29.89531116187572 115.9285457208753 586.0680425912142 9658.142024792731 3078.508425988257 5461.189549997449 55.62357387691736 8218.049005135894 50.74545042216778 4292.022008262575 17.79821958392859 1172.299215093255 1024.797483190894 0.1766172423958778 14.86590953916311 8.094446167349815 5.304240100085735 453.8515440449119 10.09240608662367 0.9211073070764542 42.93726620823145 283.316050786525 0 15.98518117517233 16.02689734101295 1300.60660071671 143.5238710641861 16.81566225737333 0.7471828460693359 1315.599800162017 0.2049055621027946 127.1200103610754 3.922722443938255 227.5941030308604 24.05400083214045 233.9114542901516 129.4330457448959 1524.380649067461 149.8073337003589 15.45600870996714 12.32224405556917 0.6270650327205658 0 0.650854729115963 14.54710976779461 0.3595974445343018 6.659752264618874 44.45096287503839 5.406259633600712 7.351429343223572 13.36547935009003 1.055943489074707 18.14466877281666 0.8358751684427261 6.323139019310474 7.095687031745911 1.014446146786213 0 0 0 10.9086799249053 0.200433038175106 0.1865453496575356 3.830190546810627 62.8260657414794 0 0.1911084726452827 6.417978920042515 77.49620959162712 6.959485083818436 6.7072798833251 0 0 0.4892097860574722 0.7868828326463699 0 12.0723464563489 0.3481358885765076 7.4014797732234 0.4529401585459709 49.59490723162889 0.4088449329137802 0.4220635443925858 2.155364245176315
4890.199035979807 2.227816596627235 259.4626502394676 97.14985994249582 0.9824938103556633 3078.508425988257 16238.71301726252 2317.201392460614 277.229907669127 9518.753669947386 18.44976523518562 33.55661178380251 5.187784187495708 6634.73468504101 13.8703192025423 8.600100442767143 53.16484913229942 4.375249229371548 8.289530672132969 18.13970300555229 446.8686035200953 35.33999733626842 711.3818471506238 3627.60165926069 0.3388691022992134 44.82657013088465 423.7735946401954 16884.69915184379 1458.620655052364 5420.740569338202 0.1782233938574791 25.90981948375702 92.75652806460857 199.8038536608219 50.13356059789658 979.6710538566113 53.45946197211742 467.0721134841442 303.1348790898919 63.87051590532064 60.32545880228281 1.687611758708954 13.56926065683365 14.20380588620901 1.490389123558998 8.393183529376984 10.0089321359992 0.1030894070863724 4.82074148952961 281.8713133782148 27.91885999590158 134.0847440809011 18.6115580946207 0.8270131051540375 9.980012483894825 4.152792274951935 42.39461025595665 0.5064476504921913 15.47461941838264 2.462368719279766 0.3716505840420723 0.5287177860736847 8.853661879897118 4.040061719715595 5.937485754489899 17.71930888295174 364.9113400802016 0.2746536880731583 1.10638977214694 40.29593380540609 411.0387532263994 74.07229285687208 152.2523577362299 0.08530101180076599 1.570758268237114 8.055765107274055 16.67984398454428 5.377830818295479 209.2887515798211 1.804768949747086 89.27222068607807 16.08877938240767 43.1817744448781 9.022503979504108 1.711629152297974 0.9068679958581924
731.6805560588837 0 246.0792239233851 80.99408486485481 42.1784013658762 5461.189549997449 2317.201392460614 6354.766133259982 17.54284942150116 2407.215299159288 100.2158068940043 1417.493654407561 20.13462975621223 8569.528902456164 531.2022254094481 1.233366720378399 288.930432099849 16.96273688971996 55.65642600879073 355.4295666366816 93.62758328765631 1.19377738237381 274.1285989060998 374.4116765297949 0.8267678245902061 104.2376630306244 72.17102831602097 654.4209097586572 729.8688932470977 728.4644291102886 1.973708905279636 468.8081516623497 7.821094550192356 266.5600274205208 16.5423097088933 361.7296964377165 38.76153308153152 448.0697977095842 138.568407215178 762.5578055232763 386.5629151165485 15.27611620724201 19.60140012204647 2.031637214124203 0.4481561109423637 7.139185383915901 4.749014966189861 0 2.157023563981056 77.40725429356098 7.745292313396931 17.09243126958609 6.345353148877621 0.9743303954601288 3.023841001093388 0.09451518952846527 7.356262095272541 0.1213827282190323 5.065388798713684 0.3684475794434547 0 0.1877704709768295 1.988344617187977 0.7720159739255905 1.953153870999813 12.76115062087774 81.38834382593632 0 1.118656605482101 27.41648568958044 102.3636211976409 13.73828602582216 25.39290585741401 0.09308730810880661 0.15753573179245 0.9145984761416912 3.518949329853058 0.9391509592533112 32.57381701469421 1.828470312058926 14.22954985499382 3.37537382543087 9.68209033459425 2.493288330733776 1.314453572034836 0.7249196246266365
5.496731206774712 255.8459692895412 0.7039972022175789 712.7517655491829 72.04018342494965 55.62357387691736 277.229907669127 17.54284942150116 1187.029404737055 450.3539156094193 15.91483496874571 233.059254579246 66.24063973128796 21.7744465097785 980.6295426189899 94.87476445734501 6.932064220309258 1.217008531093597 1.217786908149719 421.9437860324979 72.39227046817541 2342.459980674088 5.814752012491226 8592.70516949892 407.366016164422 20.75515532493591 831.489362642169 1044.870374396443 84.44551177322865 160.2112163081765 12.09684040397406 1.289612032473087 17.02865985780954 27.36740795522928 6.763020247220993 239.2948937267065 18.20901296287775 57.0077547878027 38.10867009311914 620.8077962324023 7.234354980289936 1.025269910693169 3.153615295886993 17.39062991738319 0.9966936409473419 0.3739066794514656 193.2514976933599 2.481084614992142 18.57120861113071 162.2793047577143 19.67720977962017 199.0717152953148 201.2774795293808 1.237574152648449 237.2917373925447 1.529726639389992 32.44436557590961 45.99568834155798 173.523152269423 0.466444618999958 2.127402864396572 0.9955148994922638 196.8721619844437 114.715006634593 18.4402088150382 12.02304885536432 1724.450290679932 0.9360900893807411 5.91641790419817 11.38301246613264 808.4161173030734 100.5736537650228 278.0455980822444 0.922385461628437 0.8000240623950958 9.366659455001354 19.93373031914234 6.597800828516483 144.8455202132463 2.491713747382164 53.87380560487509 21.40133025497198 202.3407747671008 3.318582467734814 0.2335395887494087 0.6378120258450508
137.8088108748198 0 13.91864946484566 3090.571719124913 3.080409713089466 8218.049005135894 9518.753669947386 2407.215299159288 450.3539156094193 32712.00774445385 59.81103749573231 4855.622312240303 9.19617485255003 1802.401904739439 27.81983829289675 0.8637013360857964 5.586270198225975 17.78441379964352 5.567334078252316 3345.361392743886 7.961663872003555 1.348096296191216 27.48550719022751 730.8703930303454 0.1038537621498108 10.15806922316551 22.64335104823112 6416.41646360606 971.8200040757656 6.285755947232246 1.522313326597214 65.92802423238754 24.07025108486414 252.3203961849213 39.42245986312628 772.4513187333941 33.31598718464375 486.7040450572968 217.408344976604 156.9059628322721 95.46302496641874 12.05456588417292 7.988227710127831 5.65021063387394 0.1450555175542831 0.1704376041889191 214.2366913929582 0.8059810549020767 34.84255957603455 318.7981229946017 52.08404152840376 48.01702131330967 272.8193673267961 1.070009469985962 173.9118399322033 4.67779016494751 41.04460757225752 24.52354706078768 0.828131727874279 0.1727970689535141 0 0.1446079611778259 216.3516525700688 0 2.321694299578667 1.779675021767616 722.1783670932055 0.3734526336193085 0.1003530323505402 2.892035372555256 1043.340727545321 33.78288048505783 24.58918746560812 0.08512069284915924 0.3690294623374939 1.26419023424387 8.34697450697422 2.023965671658516 79.19515488296747 1.932284034788609 48.25577259808779 4.798338338732719 123.0303831398487 9.326887533068657 0.5740422382950783 0.8994337022304535
4.585849672555923 114.623337700963 10.73415616899729 5.70642327517271 0.7455548942089081 50.74545042216778 18.44976523518562 100.2158068940043 15.91483496874571 59.81103749573231 7834.988199606538 77.52335603535175 2993.874636054039 56.77865072339773 17.01044940203428 1.838240683078766 336.0894835740328 2357.824214480817 1777.075460977852 23.08038325607777 8.939059175550938 43.1441029086709 36.20956715941429 42.58875574171543 706.8887478485703 1569.778812520206 1031.425038814545 30.07530496269464 704.4869097694755 24.13711976259947 605.0071809142828 320.7032318636775 4.971914887428284 5516.082165591419 5.867427080869675 509.5754416510463 5004.8429556638 5426.058742158115 1256.123669564724 37.401551194489 60.25125644356012 1387.373902194202 2.757468588650227 0.2464615404605865 7.190232135355473 0.1601551920175552 1.402396500110626 0 0 2.793996848165989 1.162988342344761 0.7881463766098022 0.3333652019500732 426.572566062212 0.07978858053684235 1240.948947295547 0.5234284400939941 0 0 0.2406217604875565 120.412810370326 8.337714619934559 0 0 0.3119092285633087 0 6.934872128069401 171.0120279341936 224.7609368115664 341.5258085876703 5.860560871660709 1.949108727276325 2.782575652003288 276.3652058914304 0 0 1.026617519557476 0.9326838105916977 33.55538400262594 405.4514694437385 10.16056666523218 2.560144260525703 2.529072746634483 0.7738099098205566 403.6120961904526 1.137871623039246
0.8343648836016655 2.300266474485397 0.9530410692095757 3092.611592665315 174.7845394909382 4292.022008262575 33.55661178380251 1417.493654407561 233.059254579246 4855.622312240303 77.52335603535175 10191.87508486211 21.42512053251266 431.8573010265827 1528.14932782948 0.3963829427957535 0.8057565689086914 17.10349780321121 6.103020094335079 4049.450854450464 1.590606532990932 9.062481388449669 2.48608710616827 977.5403463840485 2.813376508653164 8.023019857704639 9.552183896303177 776.1280649900436 389.686613664031 1.211419813334942 1.730229124426842 160.039492957294 0.1249089166522026 216.2441041767597 8.341637946665287 632.1922579854727 91.71036721020937 368.8082529902458 144.8603000715375 1520.871125556529 69.94666900485754 16.16529063135386 5.346010968089104 0.3425596058368683 0 0 61.00902417302132 1.292902290821075 19.26093544065952 26.41546183824539 6.352272972464561 11.12317749857903 92.60959693044424 3.851014725863934 160.7010096907616 13.46055711060762 2.941790103912354 29.07102438807487 0 0 0 0 62.54530014097691 0 0 0.1031451001763344 99.4875014051795 0.09240188449621201 0.4193797558546066 0.7683148756623268 121.323700889945 1.685888737440109 2.237384468317032 0.1883790716528893 0.1295136958360672 0 0.9912987351417542 5.603692933917046 40.96464582532644 0.08628223091363907 4.2821951135993 0.7230224162340164 244.9445677250624 0.1537433713674545 8.16087432205677 0
0.28407271951437 465.5346670523286 4.891083441674709 1.61295635253191 0 17.79821958392859 5.187784187495708 20.13462975621223 66.24063973128796 9.19617485255003 2993.874636054039 21.42512053251266 2068.308378830552 7.301151819527149 13.44495591521263 7.513742744922638 17.89392983913422 44.13863668590784 16.62673799693584 6.217983782291412 6.277444578707218 160.5079278871417 17.97701270133257 77.36265508085489 2985.934023141861 376.920455545187 2800.830396205187 15.51759321242571 38.07577363401651 6.458751186728477 839.2452864721417 29.38818784803152 0.9706337153911591 194.4719861969352 15.06312315165997 1305.790477529168 6310.247788466513 2340.437035210431 338.2538829892874 188.7203082069755 60.54586450755596 976.6973345056176 7.455656409263611 0.1202536225318909 13.99643091112375 0.6843108534812927 0 0.4921670258045197 0 2.976033188402653 1.115345537662506 0.8276264742016792 1.755294680595398 655.9271246269345 0.1443730890750885 1817.319376528263 0.9641340225934982 0.8370178639888763 0.2943839356303215 1.040514782071114 73.02080469578505 7.552335932850838 0 0.1967792734503746 0.5611477792263031 0.09489363431930542 1.27384739369154 514.2473976314068 226.2268764674664 425.370779491961 8.34951277077198 0.1548989862203598 1.597007878124714 331.1235830187798 0 0.09116069227457047 1.304423123598099 12.09969075769186 173.8667050823569 530.9684787392616 80.07544720172882 27.72891188412905 50.72342169284821 12.93921464681625 344.1850233674049 5.013244330883026
2326.782173514366 0.4554322883486748 484.9500550925732 46.11181716620922 0.4978044480085373 1172.299215093255 6634.73468504101 8569.528902456164 21.7744465097785 1802.401904739439 56.77865072339773 431.8573010265827 7.301151819527149 4771.793768979609 48.8103584125638 2.032821483910084 413.0599040240049 17.09717521071434 77.01163616031408 148.786742657423 208.7920186445117 2.168050944805145 574.9111997187138 428.2094389125705 0.2227877005934715 157.9341447129846 139.123359516263 907.2517369911075 3905.412664681673 960.2490373775363 1.804039590060711 139.9863505586982 22.32328879088163 198.891500018537 8.9183709025383 199.557960562408 51.07969081401825 248.1427680104971 83.54135677218437 147.9222870394588 34.41962788254023 3.160603068768978 4.41983650624752 2.393363527953625 0.2067914009094238 12.0029641315341 1.925118893384933 0 1.139359660446644 78.75291183590889 6.249226324260235 17.84525309503078 6.747743412852287 0.1047713086009026 1.609325490891933 0 8.862465061247349 0 8.749641574919224 1.588649079203606 0.291262723505497 0.3955041021108627 0.1261128932237625 1.475031763315201 3.882032819092274 22.24819468706846 72.47749878466129 0 1.759707726538181 46.89452792704105 90.53264167904854 17.54717992246151 25.33923351764679 0.09247653931379318 0 1.383054576814175 3.805557370185852 1.073070541024208 33.22493797540665 0.7457466349005699 19.26250322908163 5.262621745467186 10.43204906582832 1.978077381849289 0 0.07752322405576706
0.3052990734577179 4.418812289834023 0 84.89932250231504 1312.416081652045 1024.797483190894 13.8703192025423 531.2022254094481 980.6295426189899 27.81983829289675 17.01044940203428 1528.14932782948 13.44495591521263 48.8103584125638 499.3752375468612 0 0.08451061695814133 2.569679252803326 0.5356423556804657 203.6933218464255 0.09412466734647751 46.22673273831606 0.3120428919792175 919.9018468260765 10.13650242239237 1.195859372615814 21.27151235938072 55.96639879792929 38.57438480108976 0.6908696666359901 0.2971322983503342 290.6278747916222 0.2494615018367767 36.37132724374533 1.833086028695107 174.4300081729889 8.344765678048134 89.8293542265892 52.13745484501123 1478.481682829559 141.6302658244967 7.077285997569561 7.140304774045944 0 0 0.1629066318273544 16.99952438473701 0 1.554616540670395 5.874602109193802 0.5229968428611755 2.681164517998695 33.59307861328125 0.3941151201725006 43.02147305011749 0.7862340807914734 0.1370586901903152 14.20664118230343 0.3889252319931984 0.1143661662936211 0 0 18.45459508895874 0.3769037202000618 0 0 28.74895361810923 0 0.6850042939186096 0.5093994289636612 35.58139074593782 0.4825792908668518 0.8370601683855057 0 0 0 0 0.4519889652729034 4.078142136335373 0 0.5783635377883911 0.119813971221447 109.9528920799494 2.268984019756317 0 0
1.882811442017555 108.2320978790522 2.972362644970417 0 0 0.1766172423958778 8.600100442767143 1.233366720378399 94.87476445734501 0.8637013360857964 1.838240683078766 0.3963829427957535 7.513742744922638 2.032821483910084 0 1645.92361202091 9.870421685278416 0.6539207398891449 0.8830666616559029 0 1543.392874851823 3716.791677840054 5450.567288652062 1590.196446157992 51.32561749219894 6.011037200689316 3505.073868960142 927.9451390579343 5.928198717534542 386.4720386192203 1.343160070478916 0.10005272179842 1.385317668318748 60.59570410847664 39.59655261784792 1994.599175535142 1162.528508938849 360.7618341818452 634.2851359844208 15.39299138635397 7.561498254537582 0.2595963105559349 12.69196781516075 2.570555619895458 1.584427028894424 12.06866995990276 0 0 0 3.248196020722389 1.359889537096024 30.48532472550869 0.1101830899715424 0.4433524087071419 0 0.22157122194767 4.387635603547096 0 2784.912105411291 2.552914924919605 0.4067260921001434 0.5943296551704407 0 627.9571055546403 977.6785181537271 1759.997223690152 144.1315835118294 0.4586402401328087 2.324820213019848 308.1575922891498 93.06230120360851 16.49609479308128 160.6585536673665 0.409804992377758 0.1435254663228989 0.7107732519507408 10.79612966626883 11.20544990152121 190.6780712753534 18.57107987254858 44.70032826066017 42.34737723320723 4.060625366866589 0.2782826125621796 0 0.2569375261664391
304.9551201835275 217.4599262773991 5410.383812591434 0.1948928833007812 0.09105085581541061 14.86590953916311 53.16484913229942 288.930432099849 6.932064220309258 5.586270198225975 336.0894835740328 0.8057565689086914 17.89392983913422 413.0599040240049 0.08451061695814133 9.870421685278416 2035.780850820243 241.072077780962 2418.545341074467 0.5074343830347061 557.0169555693865 28.13539949804544 3218.964583128691 36.29903976619244 2.04222360253334 4042.414401322603 7114.676791094244 92.6778731495142 1320.237822324038 2941.352256014943 1.28994882106781 4.79673358798027 97.33602855354548 2645.804625801742 13.90470679104328 1376.264370165765 908.3734202235937 3450.719556987286 909.5720509290695 24.98626190423965 7.711252458393574 12.43974546343088 6.596810340881348 1.333140477538109 196.2635472863913 435.1100907623768 0 0 0.1440661251544952 5.684454381465912 0.3047136515378952 8.989087626338005 0 1.092123918235302 0.3486871868371964 1.2740773037076 2.088250041007996 0.2187961637973785 14.09831426292658 345.4322473034263 0.7741533741354942 127.6191466674209 0 7.220708951354027 33.58483605086803 29.24251398444176 36.33692155778408 2.0729855671525 497.9525592252612 1765.144914582372 5.828476831316948 2.964844852685928 8.800483241677284 0.5263844355940819 0.1328330188989639 0.4853369370102882 8.108949303627014 2.808520406484604 85.64671602845192 19.47611963003874 66.37890391051769 23.72967473417521 3.448737256228924 0.6072152256965637 0.1795608103275299 0.1195338219404221
4.852253697812557 4.037249088287354 14.54182305932045 1.077214978635311 0.4253347292542458 8.094446167349815 4.375249229371548 16.96273688971996 1.217008531093597 17.78441379964352 2357.824214480817 17.10349780321121 44.13863668590784 17.09717521071434 2.569679252803326 0.6539207398891449 241.072077780962 226.9746092930436 758.0774046927691 6.269211284816265 3.631981998682022 2.753933124244213 21.29830826073885 8.745599962770939 29.79497461766005 2583.699262306094 1101.919365525246 8.246839381754398 151.3391430974007 24.96638936549425 60.5710876584053 42.55549271404743 3.644028790295124 1130.987605385482 6.218186400830746 569.2415841519833 1338.435662575066 2362.276791423559 725.4935740530491 14.95896141976118 2.924417160451412 4.427883043885231 2.349757209420204 0 7.210428513586521 0.6754069477319717 0 0 0 2.40917593985796 0.27743861079216 0.4449784532189369 0 32.03685608506203 0 104.3575953096151 0.0821150615811348 0 0.1324229687452316 0.09148143976926804 188.1792102977633 42.67428281903267 0 0 0 0.08841219544410706 1.444199986755848 19.40011474490166 491.338109895587 423.7364355623722 0.9904641062021255 0 1.107633508741856 103.6716891080141 0 0 1.222046874463558 1.217427812516689 20.05862186849117 20.45471149682999 9.999393865466118 0.8481460213661194 0 0 0.6554783880710602 0
51.07543118298054 11.52688436210155 125.2527306303382 0.6486937999725342 0.07874756306409836 5.304240100085735 8.289530672132969 55.65642600879073 1.217786908149719 5.567334078252316 1777.075460977852 6.103020094335079 16.62673799693584 77.01163616031408 0.5356423556804657 0.8830666616559029 2418.545341074467 758.0774046927691 1709.331430606544 1.220149807631969 26.85299184173346 2.052727572619915 202.143198877573 8.67813977599144 10.30941838771105 4495.729453124106 1672.618848145008 7.300149835646152 403.7107701301575 257.360416136682 9.181360363960266 12.34156201034784 48.60948731005192 1965.94098765403 6.263756074011326 685.0946062877774 986.6864230334759 2806.675284437835 768.9479152113199 15.23589228838682 2.749413222074509 5.612366460263729 2.31775189936161 0 11.47150991857052 9.70690855383873 0 0 0 0.4623656645417213 0 0.6018339991569519 0 2.998431175947189 0 2.988717168569565 0.2708577737212181 0.1260885745286942 0.519730880856514 19.2920995131135 42.58938564360142 134.5328270792961 0 0.8543147817254066 3.275656029582024 1.129893206059933 2.6289137378335 7.407486841082573 711.3018372803926 416.1354687362909 1.230136834084988 0.2713278606534004 1.056657448410988 7.113356463611126 0 0.08446238934993744 3.880807541310787 0.7148429602384567 9.393142461776733 9.629139557480812 16.31198947131634 3.83015862852335 1.131821632385254 0 0 0
3.703234829008579 0 0.3479815199971199 2446.627071417868 11.09512532502413 453.8515440449119 18.13970300555229 355.4295666366816 421.9437860324979 3345.361392743886 23.08038325607777 4049.450854450464 6.217983782291412 148.786742657423 203.6933218464255 0 0.5074343830347061 6.269211284816265 1.220149807631969 571.4217226654291 0.1301350891590118 0.1169509440660477 0.08856485038995743 260.0922500416636 0 3.245835773646832 2.253134302794933 2491.876129135489 139.2172959372401 0.3419579267501831 0.4396365135908127 31.02491248399019 0.8277913928031921 59.91913760453463 2.128258138895035 143.3213521689177 4.125905647873878 98.803261898458 41.8450979590416 593.4721019044518 18.40535414218903 1.503719300031662 0.5296397507190704 0.1202705055475235 0 0 51.99663079530001 0.1752713620662689 6.094409205019474 38.86132434755564 7.344044797122478 16.55145778506994 83.78443919867277 0 71.27917321771383 0 3.185197681188583 23.65066716074944 0.1746203899383545 0 0 0 76.13749566674232 0 0 0 131.3703241869807 0 0 0 187.8416209444404 2.079108327627182 0.9510615617036819 0.09740224480628967 0.2709952294826508 0 0.1480564773082733 1.140990614891052 9.725835680961609 0 5.314732760190964 1.668966695666313 122.7186119407415 1.422749251127243 0 0
146.6015033125877 5.132799260318279 270.9145102500916 0.1089481264352798 0 10.09240608662367 446.8686035200953 93.62758328765631 72.39227046817541 7.961663872003555 8.939059175550938 1.590606532990932 6.277444578707218 208.7920186445117 0.09412466734647751 1543.392874851823 557.0169555693865 3.631981998682022 26.85299184173346 0.1301350891590118 13197.88226798922 187.8181887865067 11602.51717377454 142.8408193662763 3.313079074025154 17.30872301012278 1950.68005862087 2920.875603914261 245.0219870731235 10166.71291983873 0.2917766720056534 1.445071309804916 45.26845116168261 2848.486651681364 153.852400533855 6339.563872329891 1482.965280972421 5452.56235422194 4116.17380271107 49.5283105224371 36.49573960155249 3.485872603952885 38.66844403743744 1.775871209800243 0.5581591501832008 5.298621095716953 0 0 0 3.787683762609959 0.349793553352356 32.91686878353357 0.37681695073843 0.1999380141496658 0 0.1313017308712006 3.888743005692959 0 682.0968062281609 1.889201782643795 0 0.2574821636080742 0 551.2819914892316 115.3925483301282 264.4331533536315 136.5218754187226 0 1.217842593789101 23.37192033976316 99.42859856784344 17.38133062422276 182.532536201179 0 0 3.784632667899132 13.15916095674038 16.871911264956 213.5958187356591 3.839826628565788 42.23957450687885 27.92431008815765 4.292203769087791 0.5698687434196472 0 0.6831887140870094
0.9755071252584457 1220.432623378932 39.68704583495855 0 1.534805096685886 0.9211073070764542 35.33999733626842 1.19377738237381 2342.459980674088 1.348096296191216 43.1441029086709 9.062481388449669 160.5079278871417 2.168050944805145 46.22673273831606 3716.791677840054 28.13539949804544 2.753933124244213 2.052727572619915 0.1169509440660477 187.8181887865067 1468.889688409865 437.7697513476014 5729.029265537858 972.8945448175073 39.01679372787476 4618.489518903196 92.48817694187164 3.085059806704521 59.80017352849245 24.00630538910627 0 0.6146675944328308 27.21896182745695 1.783374845981598 109.8358144685626 69.0173509940505 70.22491795569658 30.06160042434931 73.52515036612749 0.1555797010660172 6.945688582956791 0.7152902483940125 0.1794097423553467 6.446048758924007 82.24311280995607 0 0 0.1072315573692322 1.872833028435707 0.7215537950396538 13.65489375591278 0 1.381584636867046 5.243031233549118 2.286227762699127 2.506289713084698 0 777.4895536676049 5.51269506663084 0.7549667805433273 1.899056009948254 0 148.2789366543293 500.4395784884691 378.9520732611418 43.62238518893719 0.2579897046089172 16.09412422031164 988.8691900670528 24.01900069415569 3.194147124886513 26.3985213264823 1.806395590305328 0 0 5.728426337242126 1.837862908840179 71.00347206741571 19.62666465342045 40.40836375206709 31.0509767383337 1.431556671857834 0 0 0.3581187129020691
291.1184139996767 32.72691291570663 8187.373467467725 0.948627769947052 0.1452768892049789 42.93726620823145 711.3818471506238 274.1285989060998 5.814752012491226 27.48550719022751 36.20956715941429 2.48608710616827 17.97701270133257 574.9111997187138 0.3120428919792175 5450.567288652062 3218.964583128691 21.29830826073885 202.143198877573 0.08856485038995743 11602.51717377454 437.7697513476014 15172.55086906254 283.2150151953101 0.8209087178111076 635.6254227906466 14160.87913798541 1278.309065803885 305.5824866816401 6290.170179709792 0.984519250690937 3.486837141215801 18.49777945876122 4007.832497358322 180.4209109321237 8720.35659635812 5155.67050870508 9937.692844092846 7728.316823549569 241.5538917556405 51.72868459671736 10.59597983956337 68.7639584466815 1.927816435694695 45.19733721762896 388.7447081208229 0 0 0.3827607035636902 7.017989963293076 2.951206870377064 2.973521642386913 0.1318129599094391 1.85000741481781 0 0.6381529867649078 6.461305424571037 0 2261.124159812927 55.2238438129425 0.2583948224782944 4.157495133578777 0 201.2732881084085 519.5602007731795 2702.15929569304 16.49065780639648 0 13.41890865564346 1952.89520457387 13.80930279195309 4.002795495092869 19.6709630638361 0.09423822164535522 0 0 17.97553835064173 24.44463784247637 299.5429887697101 73.87848763912916 141.4019939377904 145.2215626835823 4.823277331888676 2.890421435236931 0.1704006046056747 2.847293235361576
111.8938527479768 472.8152417764068 12.75222193449736 960.5710370987654 25.35471627116203 283.316050786525 3627.60165926069 374.4116765297949 8592.70516949892 730.8703930303454 42.58875574171543 977.5403463840485 77.36265508085489 428.2094389125705 919.9018468260765 1590.196446157992 36.29903976619244 8.745599962770939 8.67813977599144 260.0922500416636 142.8408193662763 5729.029265537858 283.2150151953101 8157.205761600286 425.7324648723006 24.50858744978905 2582.406099334359 6261.100676342845 1601.510946601629 2237.543073900044 11.68420051783323 29.85986446589231 336.9233087748289 521.5224464312196 183.9519847854972 3156.563391879201 135.9331379458308 1077.563656881452 826.6132541373372 706.8224099799991 150.0283581167459 5.683166541159153 31.23330226540565 57.9653212428093 2.518077082931995 11.49727374315262 225.9786473065615 2.018503956496716 45.52620911598206 857.4288621544838 100.3378022015095 776.3527603000402 344.4823419973254 3.97451988607645 198.2483553886414 2.905091591179371 142.0638952627778 39.11632213741541 472.3942038491368 4.982179589569569 2.362335041165352 0.7700895890593529 255.3143973127007 386.811368830502 84.57311023026705 80.58751245588064 2680.941768586636 1.340870149433613 6.441389061510563 44.39443323761225 2323.83916683495 360.2690676674247 991.952643416822 1.318610228598118 2.336890153586864 39.92887928336859 75.84745907783508 25.96950717270374 765.9131647869945 6.153898656368256 298.7365167215466 91.56692641228437 301.3998167514801 25.83826741576195 1.920583620667458 4.805475316941738
0 2047.617298945785 1.663727544248104 0.1267299056053162 0.3926524445414543 0 0.3388691022992134 0.8267678245902061 407.366016164422 0.1038537621498108 706.8887478485703 2.813376508653164 2985.934023141861 0.2227877005934715 10.13650242239237 51.32561749219894 2.04222360253334 29.79497461766005 10.30941838771105 0 3.313079074025154 972.8945448175073 0.8209087178111076 425.7324648723006 533.4708305299282 261.6324349120259 3394.130890756845 4.696802116930485 0.893523283302784 0.3924792185425758 274.104453727603 0.4993819147348404 0.07509857416152954 49.49332842975855 0 51.28931420296431 474.3745541423559 397.1761792972684 49.1093086078763 16.59348609298468 1.714108251035213 428.0032839402556 0.7355237752199173 0 21.50067988783121 0.1159291937947273 0 0 0 0.08746396750211716 0 0.4281570911407471 0 138.2294541671872 0.1126988977193832 689.3148510381579 0 0 0.4223748669028282 0 38.78582751750946 6.494331821799278 0 0.2058316692709923 1.54647271335125 0.6179333329200745 0.6859380081295967 86.50926585495472 229.7324876785278 588.9130275174975 0.7521849051117897 0.344448134303093 0.3491750881075859 142.7272523343563 0.08829626441001892 0.07258860766887665 0.73873470723629 0 5.088616564869881 40.53261114656925 8.096404984593391 0.2337840050458908 0 0 11.0571733340621 0
86.14348215609789 157.8163553401828 2908.887882582843 0.7808817327022552 0.08856537938117981 15.98518117517233 44.82657013088465 104.2376630306244 20.75515532493591 10.15806922316551 1569.778812520206 8.023019857704639 376.920455545187 157.9341447129846 1.195859372615814 6.011037200689316 4042.414401322603 2583.699262306094 4495.729453124106 3.245835773646832 17.30872301012278 39.01679372787476 635.6254227906466 24.50858744978905 261.6324349120259 23594.33246008307 9369.013811223209 21.4214741513133 271.1205655410886 161.1084639206529 313.4210693091154 29.14740304648876 19.04961267113686 623.8130515366793 10.68415383249521 1600.634640865028 3793.467373333871 2724.192201159894 1002.686763077974 33.14082882553339 8.365946687757969 57.11370055377483 5.029768392443657 0.8207666203379631 175.766972951591 102.5390948429704 0 0 0 1.949993185698986 0.2461694329977036 7.965694062411785 0.08262665569782257 97.43757419288158 0 371.8559671789408 2.958240419626236 0.4900382906198502 5.842250369489193 211.9792941808701 451.4708011746407 997.8269002065063 0 3.917573854327202 31.96185252815485 6.595245771110058 33.65983058512211 165.4039192721248 4683.887724645436 4161.660657554865 2.731281101703644 2.812060989439487 6.5190419703722 274.7539943009615 0.2932576090097427 0 35.43094771355391 1.943132489919662 96.00849571824074 108.4694434627891 127.7594810575247 21.53273269534111 1.313015788793564 1.307588651776314 3.736395433545113 0
39.04883570224047 5739.843570180237 3671.101649239659 0.4514156803488731 1.265329301357269 16.02689734101295 423.7735946401954 72.17102831602097 831.489362642169 22.64335104823112 1031.425038814545 9.552183896303177 2800.830396205187 139.123359516263 21.27151235938072 3505.073868960142 7114.676791094244 1101.919365525246 1672.618848145008 2.253134302794933 1950.68005862087 4618.489518903196 14160.87913798541 2582.406099334359 3394.130890756845 9369.013811223209 20618.27283550054 2059.898470059037 82.76696936786175 121.869169972837 774.1799852997065 11.27817457914352 4.831484101712704 1454.106691084802 125.9989204928279 5968.323986262083 5050.489814676344 5202.437578514218 2673.94647205621 185.4848966598511 25.24481239914894 42.35671515762806 41.14820955693722 3.537807047367096 1878.832429334521 1961.932257063687 0 0 0.3710396140813828 14.23177799582481 6.615791603922844 19.85578186064959 0 119.7346878573298 1.574638068675995 480.2536579594016 18.91239805519581 1.511443428695202 1051.538952834904 469.3675319701433 368.5138700157404 819.129776738584 0 30.84286837279797 1515.741001315415 1740.604376494884 78.33454632759094 468.5125029534101 5190.199122533202 14112.94348741323 9.835346341133118 6.210207208991051 18.99494535475969 327.2216079682112 0.218880295753479 0.1926726624369621 65.24766906350851 19.0184593051672 484.1352401450276 227.9893486872315 427.6416232734919 206.4089447706938 8.177599743008614 1.090514026582241 7.165811404585838 3.248662263154984
249.9751105010509 8.626099064946175 116.4475511983037 3758.001780286431 3.231764681637287 1300.60660071671 16884.69915184379 654.4209097586572 1044.870374396443 6416.41646360606 30.07530496269464 776.1280649900436 15.51759321242571 907.2517369911075 55.96639879792929 927.9451390579343 92.6778731495142 8.246839381754398 7.300149835646152 2491.876129135489 2920.875603914261 92.48817694187164 1278.309065803885 6261.100676342845 4.696802116930485 21.4214741513133 2059.898470059037 13222.59604816884 1808.821570821106 8135.305575564504 0.6185270622372627 32.13647782057524 321.7071676924825 741.5473899692297 209.2059587612748 3553.548902384937 132.8383319750428 1428.191198788583 1122.311420857906 248.9478990808129 150.0361163541675 3.271014109253883 35.46529375016689 36.11456475406885 1.823045127093792 6.109917342662811 173.5881661623716 0.2562135756015778 32.61449221521616 508.5231688767672 77.08866269141436 181.3334910646081 238.3669723495841 1.495317123830318 129.1774945110083 2.46167679131031 74.12151250243187 16.59464190155268 186.7125474438071 4.300040632486343 0.08206243067979813 0.1050256416201591 152.8681676834822 180.2181989550591 25.6446633413434 31.81195831298828 1286.189078353345 0 0.7068959400057793 27.29105430841446 1414.315227266401 197.7307876497507 587.2287228927016 0.06662666797637939 1.750506870448589 22.47231804579496 47.45537461340427 20.02740038186312 433.0782952904701 8.126389674842358 166.4923962727189 45.61896950751543 168.1891856640577 17.5953376069665 5.259408324956894 2.564779564738274
