912.6849331483245 0 94.52122792601585 4.121938265860081 0.4340360835194588 21.20152368396521 3231.919063203037 312.8906028792262 1.533592134714127 110.32090177387 43.25345163792372 0.2303062155842781 3.064268335700035 5017.9082807675 0 0.5097448378801346 200.0428883656859 38.41499274969101 32.25013987720013 0.9255362078547478 17.85203544050455 0.1191146299242973 74.47676452994347 25.27651345729828 0.3446466997265816 120.8316305801272 14.92859147489071 66.00563820451498 3049.814424321055 1851.940263845026 1.246005773544312 7.626229085028172 66.59196450561285 153.4442808777094 0.4552760422229767 78.0508060157299 11.55170899629593 163.9281197041273 14.84331978112459 2.087833866477013 2.082204386591911 1.001976490020752 0.5366577208042145 0.4044805318117142 0.168879047036171 0.3472941964864731 0.1503810584545135 0 0 0.9477767869830132 0 0.4663154482841492 0 0 0 0.1189448088407516 0.5228363797068596 0 8.056875579059124 0 0 0 0 3.022730015218258 1.413498237729073 2.228092946112156 6.464801140129566 0 1.67072007060051 1.350501947104931 10.51772040128708 0 1.000032097101212 0 0 0 0.2085645943880081 0.7314568758010864 7.032372422516346 0.7201976478099823 0.8995505571365356 0.4765095114707947 1.588298082351685 0 0 0.2997175455093384
0 309.1112173050642 252.5946026295424 1.118234843015671 1.732548587024212 0.9927452579140663 19.50329501181841 1.89291900396347 803.0904484242201 2.103786207735538 123.469109505415 2.455655142664909 944.2006366103888 3.568162098526955 13.20894289761782 270.0380677953362 132.1415157020092 2.554540224373341 6.896576255559921 0.3516468331217766 14.11817322671413 2778.036657094955 37.39596276730299 1173.887066379189 1992.209002636373 329.7750572040677 13327.34342252463 39.39558739215136 1.915982760488987 1.181192696094513 24.52753821015358 0.5373094975948334 0.1652828603982925 14.85847372561693 0.3094151318073273 47.50126089155674 118.4312940314412 77.12816824764013 12.91194043308496 47.00640115141869 0 133.383077070117 0.9677304625511169 0.2856310456991196 46.95476393401623 141.841831676662 0 0 0.2765226364135742 12.17669112980366 3.086800634860992 2.919507831335068 0.541921466588974 9.524668820202351 0.5117112845182419 39.51967860013247 2.247610330581665 0 5.776737280189991 108.8903058022261 18.57324523478746 148.2962238118052 0 1.397631965577602 24.85843761265278 5.899259485304356 9.602194897830486 23.04112920165062 978.5725804567337 2101.58077146858 4.75049053132534 1.488846428692341 1.760906703770161 7.636397242546082 0 0.2101165428757668 7.335013210773468 0 48.14544583857059 60.60165036469698 59.95237044245005 7.788342215120792 0.5066227316856384 0 5.017125144600868 0.3967705965042114
94.52122792601585 252.5946026295424 12520.80089712888 5.204778872430325 0.2385785207152367 39.11769316345453 1638.683256961405 653.3541239649057 2.770990699529648 116.5622014701366 21.44142872095108 0.6737692356109619 4.788022965192795 732.5156509503722 0.9373793303966522 8.314875118434429 3021.278224401176 133.1950794234872 145.7673204392195 1.243866607546806 1434.003531575203 122.1844233125448 13550.83134432882 55.938850492239 1.463297575712204 6910.980851180851 8269.784334346652 971.998225517571 223.2623580694199 1969.075221829116 1.590784959495068 2.581960886716843 8.636536568403244 884.3000736832619 19.8180322945118 1823.085086151958 6059.78837671876 2607.510805003345 680.8616070896387 45.62088041007519 5.699581809341908 2.612486347556114 8.070672921836376 0.7326074242591858 373.1985086277127 1728.560941025615 0.490375742316246 0 0.7489534914493561 48.21398776769638 8.185279227793217 1.351971164345741 1.759893082082272 1.995580404996872 0.253047026693821 1.223481938242912 8.482420355081558 0.1258336156606674 37.02959908545017 317.6333315521479 3.227778531610966 53.71764197945595 0 13.20027979463339 159.6874645203352 213.2895280346274 25.86804457008839 0.3330519795417786 501.49921451509 4068.232472658157 18.57061199843884 0.3558501675724983 6.032267019152641 0.7129760086536407 0 0 42.55691251903772 8.361162260174751 164.8003043755889 1070.955220587552 183.3497714474797 28.81632807850838 1.650485396385193 0 1.667031168937683 0.5667263865470886
4.121938265860081 1.118234843015671 5.204778872430325 1656.015867561102 9.749186731874943 90.92972778528929 34.54191137105227 66.97248377650976 753.3218148425221 3327.615279167891 6.769457906484604 2704.48482003808 2.091060310602188 55.29144003987312 60.27541849762201 0.2739573419094086 1.484810277819633 2.608864203095436 1.947608754038811 5090.446610197425 4.530126564204693 2.807072289288044 1.897700980305672 2426.765353500843 0 10.06875046342611 10.03595682233572 1167.048908792436 104.8485506847501 1.628660008311272 1.263639390468597 5.506673716008663 10.42188547551632 46.36489896476269 4.756877794861794 824.4102096632123 7.180938154459 174.63529920578 31.74808464944363 378.8125272318721 8.315832436084747 2.308992423117161 5.76573321223259 0.622258335351944 0.5278708711266518 0.5092637315392494 111.4326901137829 0.4202290624380112 3.656074658036232 86.25024803727865 4.047057934105396 93.97400230914354 36.46900717169046 0 94.43849048763514 0.2295629978179932 1.140712477266788 8.777776390314102 4.205550223588943 0 0 0.1379776149988174 32.89841360598803 1.103137157857418 2.855338737368584 0.3727264702320099 207.293077096343 0 0.2938729375600815 1.366898901760578 248.5496549159288 3.747270956635475 1.441647678613663 0 0.3837860822677612 0.309418797492981 2.821187317371368 0 237.5069237723947 1.205781400203705 13.93146336078644 4.647656381130219 288.9162614941597 0.8637417852878571 0.7717854976654053 0
0.4340360835194588 1.732548587024212 0.2385785207152367 9.749186731874943 73.33624248951674 837.424913585186 5.303037457168102 712.5751134008169 98.25649542361498 24.03177073597908 41.59001263976097 383.8723351210356 9.786396682262421 12.68115424364805 2009.095883585513 0 0.4479789733886719 1.331918381154537 0 69.55528865009546 0.7763880789279938 5.476633042097092 0.7813236936926842 113.9957403615117 1.897198423743248 5.794388554990292 4.759730502963066 8.916747614741325 1.922672063112259 0.317806787788868 1.443360865116119 50.34844227135181 0 598.8905568942428 2.033532917499542 55.11771453917027 3.018445529043674 273.2660878896713 13.70653545856476 3226.919613532722 367.9492483884096 3.348889321088791 6.194883048534393 0 0 0 0 0 0.158042311668396 0.6021214798092842 0 0 0.2759092152118683 0 2.401836790144444 0 0 0.28786900639534 0 0 0 0 0.1440408080816269 0.09658963233232498 0.1603164672851562 0.1580833345651627 1.092456467449665 0 0.1081150397658348 0 0.4718373939394951 0 0 0 0 0 0 0 3.005596160888672 0.1007282212376595 0 0 3.267226986587048 0.4705599546432495 0 0
21.20152368396521 0.9927452579140663 39.11769316345453 90.92972778528929 837.424913585186 9609.665099047124 420.7278052642941 5203.418817423284 23.72033850848675 9441.461365610361 48.8535218834877 4638.141644217074 10.76404003053904 318.7613208964467 935.5057953298092 2.485571473836899 15.11791383475065 16.55347379297018 6.303433284163475 638.9656618461013 48.5185988470912 5.491916842758656 20.53991121798754 83.21258219331503 2.018633164465427 52.50764558464289 57.67744319885969 443.4326610267162 199.0837113112211 21.80566538125277 5.160345204174519 285.0065854638815 15.46647381782532 194.6318657770753 3.666653990745544 342.4983218461275 18.65886855125427 343.5329524055123 43.62209686636925 2276.386952511966 78.08310998231173 5.95831448584795 6.687680393457413 0.1201860681176186 0.1386446505784988 1.863379046320915 8.137645281851292 0 0.1600578278303146 18.71325577050447 0.9328047260642052 4.161915674805641 4.036703184247017 0.08399619162082672 35.59050668030977 0.174776628613472 0.5683935210108757 0.08449136465787888 4.404487878084183 0.2156606465578079 0.07698497176170349 0 2.476394578814507 3.497089616954327 2.259577758610249 2.147515766322613 31.5703436434269 0.1136352717876434 0.3727395310997963 3.92150305211544 38.79536984860897 3.351863488554955 0.5694521218538284 0.1812337934970856 0 0 0.4882902577519417 1.521868526935577 18.74019660055637 0.4717022180557251 1.660633623600006 1.575905077159405 14.01309231668711 0.5836014002561569 0.220857709646225 0
3231.919063203037 19.50329501181841 1638.683256961405 34.54191137105227 5.303037457168102 420.7278052642941 20135.28737933934 3082.483622066677 455.2957280352712 6388.652419678867 43.58506958931684 15.26890248805285 9.042999856173992 6722.708697423339 19.77443090826273 156.7815357148647 297.1528823673725 40.52086967229843 40.99629228562117 15.03275219351053 3457.388155341148 94.37776447832584 1201.880455903709 1422.664391815662 4.516085483133793 514.6262704879045 1577.745493039489 11949.23099628836 1960.553014084697 6945.713731355965 3.277239874005318 17.21134575456381 379.2708064168692 434.7562831416726 56.64474483579397 2419.347215496004 146.1006016209722 1522.051092192531 507.9016785472631 157.5487160459161 33.53091131895781 5.344718247652054 32.90490727126598 5.255957283079624 10.25441157072783 23.79983148723841 101.7206524685025 0.718818336725235 5.737444929778576 234.6136319115758 15.50427430123091 107.8409774005413 47.21514461189508 0.9408064335584641 11.42428755015135 0.1932322233915329 13.86346759647131 4.494107753038406 110.0049057751894 7.245955556631088 0.1873903945088387 1.627967983484268 24.86100863665342 50.58441141247749 46.69378669559956 40.23245766758919 580.9019178375602 0.124902606010437 15.74342554062605 107.0099043101072 545.7018260732293 24.45573680102825 28.21684927493334 0 0.7961145266890526 1.206742681562901 7.113799907267094 6.483773328363895 197.7239123061299 24.52756418287754 43.00404683500528 11.94294384121895 89.3264889344573 5.700779154896736 2.182693123817444 1.748444400727749
312.8906028792262 1.89291900396347 653.3541239649057 66.97248377650976 712.5751134008169 5203.418817423284 3082.483622066677 14654.38213224709 29.54116014391184 8148.1672514081 172.008507989347 740.1852258816361 34.99831277132034 8018.141766749322 138.9539879634976 2.791664756834507 549.9209263399243 170.0624446719885 99.78300892561674 322.8181065842509 182.2222662568092 1.929533883929253 273.4668018370867 246.6708892732859 3.866989836096764 733.4307899847627 89.10523094981909 477.5159737020731 865.5892365127802 578.1340842992067 10.40934396535158 1465.626674793661 19.70551364868879 491.6611342653632 6.722619347274303 398.7182649746537 73.79702715575695 471.8385304361582 60.13081207871437 1056.080200135708 90.73523786664009 10.58753105252981 10.56892826408148 2.617258310317993 0.975971058011055 2.747416310012341 15.49792215973139 0 0.8570176661014557 62.00470583885908 4.11695758998394 10.61725148558617 5.295515358448029 0.1985571160912514 7.566444516181946 0.7180157229304314 4.256529979407787 0.1954891532659531 35.27587313205004 1.019233115017414 0 0.4231202229857445 3.893407508730888 23.68430402129889 5.762236915528774 6.811859756708145 144.1649814918637 0.1454170048236847 5.529441557824612 14.45155566185713 134.4206767231226 9.832164697349072 9.074162907898426 0.1085947304964066 0.4334150850772858 0.5107531398534775 1.9919363707304 0.2352795898914337 62.05019912868738 7.460310466587543 14.64712850004435 3.966074235737324 12.07814520597458 2.195665039122105 0.15792116522789 0.8078155666589737
1.533592134714127 803.0904484242201 2.770990699529648 753.3218148425221 98.25649542361498 23.72033850848675 455.2957280352712 29.54116014391184 934.363206513226 234.3575176894665 6.252127103507519 134.3881447017193 29.38180257380009 28.35973550379276 351.3372423201799 34.36324996501207 1.891375884413719 0.7126218006014824 0.8165343999862671 347.819493919611 18.40635801851749 2795.441998243332 3.866295322775841 9963.670293010771 215.6356518566608 7.372638195753098 819.5339712277055 1554.861695542932 30.46108236163855 47.45618617534637 1.458285093307495 0.8537710681557655 5.464317478239536 8.682826496660709 2.108103290200233 380.529465585947 17.35397329926491 41.52365720272064 6.875876270234585 410.8920178338885 2.268308252096176 3.450379274785519 1.098246693611145 9.477022014558315 7.3126460313797 1.9775460511446 219.6664956882596 2.169247329235077 10.22167705744505 269.3629300966859 21.20362437516451 101.9441746324301 77.66457771509886 1.420332215726376 75.5069922581315 3.053279221057892 30.32780516147614 31.692393489182 393.3803868144751 0.761968657374382 0.8335070013999939 1.512004069983959 76.11891756206751 99.7631014212966 32.86373554170132 24.28956169635057 1631.661304391921 1.2790786921978 6.911923974752426 16.63390049338341 947.7557657137513 58.07784747332335 44.75144884735346 0.4046961888670921 0.319344699382782 3.088405564427376 14.04865631461143 2.50303190946579 185.2312688156962 6.300602547824383 69.46211960166693 21.21535051614046 278.2168145552278 6.569183126091957 0 2.138070210814476
110.32090177387 2.103786207735538 116.5622014701366 3327.615279167891 24.03177073597908 9441.461365610361 6388.652419678867 8148.1672514081 234.3575176894665 26186.21873936057 160.0380065813661 3730.665769994259 31.49548880755901 1581.941765062511 73.35044404119253 10.17657151073217 33.46999922394753 59.71399728953838 46.42769224196672 1566.793766543269 149.5350259244442 10.66565836966038 55.92656949162483 483.3965197503567 4.529604129493237 171.412578612566 164.7724382355809 4624.209501884878 1017.570962257683 66.43630006164312 13.04163804650307 102.4806536138058 54.98607753962278 554.7285076528788 22.68967218697071 2156.462599083781 81.77244292199612 1960.576894305646 280.3877663165331 487.3352143168449 103.2107485383749 11.47708264738321 34.79229538142681 0.5651417747139931 1.432977586984634 3.21601840108633 106.8591562062502 0.716013640165329 3.490291513502598 106.5796133205295 3.827145501971245 68.98140393942595 23.84767092764378 0.5610106885433197 44.47981820255518 0 4.469951555132866 5.690644480288029 17.21858155727386 0.6063412874937057 0 0.3718836307525635 24.17391144484282 10.82808031141758 6.389478594064713 5.937771432101727 239.353096999228 0.2745007798075676 2.295166693627834 13.49825052917004 247.1597375497222 7.8579221367836 6.001816220581532 0.1148303225636482 0.2958668991923332 0.1041468530893326 3.577417954802513 3.180761978030205 148.8587997183204 4.522471949458122 14.93324713408947 4.105996176600456 163.2920212820172 2.193260937929153 0.9571910426020622 0
43.25345163792372 123.469109505415 21.44142872095108 6.769457906484604 41.59001263976097 48.8535218834877 43.58506958931684 172.008507989347 6.252127103507519 160.0380065813661 11739.19981341064 82.71957661956549 5967.411497853696 402.5853659436107 1.158171907067299 0.7736543044447899 928.8445903733373 2544.8854874596 621.0734380632639 49.17566076666117 48.84322833269835 12.45909088850021 75.15512422472239 19.08396080881357 504.5727069824934 2127.150147646666 1331.860846966505 31.5985534414649 874.557778172195 109.80907856673 1072.70833042264 364.3719696179032 9.532851576805115 6664.342749811709 0.7351233512163162 276.7680928036571 4107.456654511392 3622.088063009083 494.0012494474649 33.58450584858656 14.83877684175968 1103.89917101711 8.022671855986118 0 11.79624466598034 0.1759501844644547 0 0 0 3.198143236339092 0.348649300634861 0.4621231555938721 0.6874240711331367 266.0577191710472 0.4439534917473793 574.3232506364584 0.6069152280688286 0 1.252965226769447 0.4304291903972626 23.16786339879036 1.506379067897797 0 0.9903605580329895 1.429916493594646 0 8.92767521739006 253.8997899219394 56.22212852537632 98.65595921874046 4.077696770429611 0.9917555749416351 0.264206200838089 56.53119131177664 0.8162208721041679 0 5.820289395749569 2.135730743408203 6.480465985834599 268.4466185942292 39.19969211518764 2.446283742785454 0.6386287063360214 0.2265273183584213 240.7467879205942 0
0.2303062155842781 2.455655142664909 0.6737692356109619 2704.48482003808 383.8723351210356 4638.141644217074 15.26890248805285 740.1852258816361 134.3881447017193 3730.665769994259 82.71957661956549 8067.738888598979 20.54169798642397 187.9937953278422 1542.367754966021 0.6731631755828857 2.373645089566708 22.91950669139624 12.14687930047512 5503.800390265882 0.4384034499526024 6.503734618425369 0.946349136531353 1174.634132653475 2.942072801291943 53.10290669649839 23.42431570589542 555.303369037807 129.3645485788584 2.05476488918066 7.985291473567486 80.64280067384243 0.6354034021496773 274.334565512836 0.932015985250473 751.131056971848 19.74891212582588 653.3238229826093 42.96777328848839 2465.358437865973 56.66930320858955 4.375458374619484 5.859004765748978 0.6438686847686768 0 0 31.81819124519825 0 14.66456980258226 7.864056527614594 3.721943750977516 10.04021117091179 47.65692503750324 0.2722523584961891 280.1699396967888 0 0.9134842604398727 2.672557339072227 0.1343115270137787 0 0.108353354036808 0 20.46262294054031 0.6755171120166779 0.4677939713001251 0 20.91974307596684 0.1132349446415901 0.1273728758096695 0.4295505434274673 21.16780919581652 0.7218651175498962 1.167689949274063 0 0.1391430348157883 0 1.015331380069256 0 50.28378470987082 0.2681923806667328 5.939264394342899 0.6708725318312645 55.42143973708153 0 0.9995001256465912 0
3.064268335700035 944.2006366103888 4.788022965192795 2.091060310602188 9.786396682262421 10.76404003053904 9.042999856173992 34.99831277132034 29.38180257380009 31.49548880755901 5967.411497853696 20.54169798642397 6132.502071470022 67.11125209182501 0.5248824805021286 22.92212907969952 7.940176658332348 41.51472219824791 5.1789565756917 10.27696312963963 11.66877651959658 57.62300360947847 16.99351070076227 44.86579958349466 6106.059180095792 176.3254989385605 5349.000334516168 16.13966965675354 120.7377486824989 19.23635032773018 1109.364938303828 84.19671629369259 0.07983509451150894 1751.885069459677 26.11676859855652 1589.892065957189 5917.136799782515 4710.349400401115 530.5234922990203 94.41843864321709 45.49576991796494 1530.505175933242 15.57224680483341 0 42.32368237525225 0.1479003876447678 0 0 0.12098328769207 0.7583923041820526 0.717835821211338 0.9156032204627991 0.09329807758331299 809.3497057557106 1.091392002999783 1853.954211741686 1.241254471242428 0 4.187520682811737 0 89.79677826166153 10.20951467752457 0 0.5023497939109802 2.044661931693554 0.4569999426603317 2.070178262889385 1277.949347600341 173.3090445622802 309.1056092754006 1.087208561599255 1.905223250389099 0.1395244747400284 193.5000044330955 1.522590838372707 0 19.2036828994751 48.49477529525757 161.8779241517186 780.9023589044809 103.6406720876694 6.659240901470184 0.4142889529466629 0 523.9674255475402 0
5017.9082807675 3.568162098526955 732.5156509503722 55.29144003987312 12.68115424364805 318.7613208964467 6722.708697423339 8018.141766749322 28.35973550379276 1581.941765062511 402.5853659436107 187.9937953278422 67.11125209182501 13623.13280760497 2.87563406676054 4.969972662627697 950.4208941981196 279.735011510551 183.7057904526591 141.2224877923727 164.2482324019074 2.278696104884148 377.0796495974064 244.9011649414897 8.949658952653408 911.3818724155426 112.9957109242678 500.772743023932 7736.111136600375 2810.660012722015 22.95165701210499 251.2508749961853 40.66623338311911 1031.353952758014 6.944224432110786 534.0145725607872 107.4314052537084 915.9997854232788 69.20858035981655 211.7807242274284 42.93232863396406 15.53075086325407 9.25812129676342 1.242742158472538 1.415402173995972 4.339073106646538 7.598386332392693 0 0.7459375858306885 36.9469868466258 0.8655669689178467 9.514202475547791 4.131849579513073 0.3742979690432549 1.699973881244659 0.3309827744960785 4.154569633305073 0.09195318073034286 32.47200268507004 0.708529956638813 0.2137626186013222 0.3837819918990135 1.252618074417114 20.2741729170084 8.688139736652374 10.00597415864468 117.6796899810433 0.1048286482691765 5.508574135601521 13.77041829377413 113.9158670902252 6.68031307309866 6.530392728745937 0 0 0.3276107385754585 2.365968987345695 1.287208899855614 56.39659617841244 7.75123555213213 12.85905201733112 3.603732518851757 14.77241379767656 1.773899279534817 1.914856612682343 0.9123648852109909
0 13.20894289761782 0.9373793303966522 60.27541849762201 2009.095883585513 935.5057953298092 19.77443090826273 138.9539879634976 351.3372423201799 73.35044404119253 1.158171907067299 1542.367754966021 0.5248824805021286 2.87563406676054 320.1379706785083 0.8521084785461426 0.09649486094713211 0.2972777411341667 0 339.2900077477098 0.1464229822158813 36.00110306590796 0.1193927973508835 862.0597985386848 2.619800001382828 0.8394269347190857 16.4737551510334 58.39016189426184 2.024659492075443 0.2115321978926659 0.2720589488744736 147.7181567028165 0 3.7427674010396 0 89.54830703884363 0.1125736609101295 4.917374387383461 0.4312953799962997 754.9847847372293 31.96916154026985 0 0 0.1457930505275726 0 0 3.337561830878258 0 0 1.024454489350319 0.3824794292449951 2.671629250049591 0.1392523497343063 0 12.2250404804945 0 0.1084555685520172 0 0.6029181927442551 0 0 0.09131466597318649 0.2343120351433754 0.2926330715417862 0.3971797525882721 0.1296010613441467 4.158317387104034 0 0.3333175852894783 0 4.620581708848476 0 0 0 0 0 0 0 12.25171285867691 0 0.195841521024704 0 8.860723190009594 0.1680269986391068 0 0
0.5097448378801346 270.0380677953362 8.314875118434429 0.2739573419094086 0 2.485571473836899 156.7815357148647 2.791664756834507 34.36324996501207 10.17657151073217 0.7736543044447899 0.6731631755828857 22.92212907969952 4.969972662627697 0.8521084785461426 2569.717412292957 8.785331152379513 0.3184051737189293 1.166425250470638 0.2547300159931183 5559.115858785808 3577.661327764392 6417.159113094211 1609.433638088405 66.12533576786518 8.977352060377598 4899.603203646839 995.8998036310077 19.81403102725744 199.9973642677069 0 0.3105093091726303 4.273719891905785 34.33418944478035 6.89064871519804 1221.907486774027 333.5605733916163 297.4655695334077 321.7786886021495 24.06430006027222 0.6931447759270668 31.72296458482742 6.631350472569466 1.888646356761456 9.59190409630537 46.4058086797595 0.4496199265122414 0 0.1879106163978577 42.29594531655312 3.951908722519875 4.870205268263817 2.904366165399551 0.5100222378969193 0.3228505849838257 0.4907820597290993 6.48890945315361 0 2723.669407010078 3.999071374535561 0.4294997304677963 0.900486946105957 0 321.1836272552609 1310.906484790146 1175.496187493205 109.5380834192038 0.1506535708904266 7.578730709850788 1085.33566647023 166.6649423912168 6.965848192572594 29.274931833148 0 0 0.9121951162815094 7.701894342899323 2.518183797597885 250.0113192275167 14.09166666865349 15.24077718704939 7.084224745631218 7.158887088298798 1.007363297045231 20.32892675697803 6.449204236268997
200.0428883656859 132.1415157020092 3021.278224401176 1.484810277819633 0.4479789733886719 15.11791383475065 297.1528823673725 549.9209263399243 1.891375884413719 33.46999922394753 928.8445903733373 2.373645089566708 7.940176658332348 950.4208941981196 0.09649486094713211 8.785331152379513 687.2835503667593 1369.770066402853 5532.361026756465 2.669410519301891 602.3608615025878 7.014996528625488 2509.770696915686 31.68379504233599 1.95484484732151 2377.894143626094 5086.024505101144 124.8753443062305 1137.148271121085 2328.095245584846 1.201451882719994 5.283703289926052 48.53384614735842 2609.059569142759 0.8408779948949814 330.0129609405994 3434.010127782822 1499.653100788593 139.9592385962605 8.652831330895424 2.56341078877449 10.9103125333786 1.020884364843369 0 42.55611817538738 73.5968319401145 0 0 0.1435180306434631 5.45053830742836 0.8737308159470558 0.4354264140129089 0.113671749830246 0.3949798718094826 0 1.740594692528248 0.6826183870434761 0 6.050558418035507 42.24415285140276 5.765902549028397 53.41989070922136 0 3.311612375080585 2.648809887468815 3.758799329400063 5.146650865674019 2.315598472952843 356.0436690077186 375.0631981864572 2.83811542391777 0.3366996198892593 2.015664629638195 1.530658133327961 0 0 2.655432038009167 0 15.0952779725194 355.1217766404152 21.95342925190926 2.369862526655197 0.38929083943367 0 0.1833296567201614 0
38.41499274969101 2.554540224373341 133.1950794234872 2.608864203095436 1.331918381154537 16.55347379297018 40.52086967229843 170.0624446719885 0.7126218006014824 59.71399728953838 2544.8854874596 22.91950669139624 41.51472219824791 279.735011510551 0.2972777411341667 0.3184051737189293 1369.770066402853 701.6224007606506 1262.44336117059 15.36662552505732 36.90479509532452 0.134938970208168 50.43562124669552 4.80926900357008 9.744575530290604 3343.665929965675 437.1523548439145 21.87433388084173 307.3353826478124 209.2946470156312 117.6444896906614 35.79233438521624 8.410004042088985 1049.113448306918 0.669959768652916 611.6814487501979 1440.023277871311 1484.884024828672 318.2450458556414 19.47146929055452 2.115191720426083 5.61268574744463 2.563033051788807 0.4191549122333527 6.565941721200943 3.285883210599422 0 0 0 0.9420820251107216 0 0.4831461533904076 0 23.78428873419762 0.2546941637992859 84.66077946126461 0.4396864771842957 0 0.298990860581398 1.651351802051067 32.71255604922771 9.825333133339882 0 0.1192750111222267 0.1041973978281021 0.3166554421186447 1.696636766195297 25.12672421336174 139.884679839015 210.6822068989277 2.080735601484776 0.09368059784173965 0 35.7087537497282 0 0 0.5093964040279388 0.5508781969547272 3.096340209245682 34.27361714094877 2.869771234691143 0.2995045930147171 0.2261504381895065 0 0.3194924592971802 0
32.25013987720013 6.896576255559921 145.7673204392195 1.947608754038811 0 6.303433284163475 40.99629228562117 99.78300892561674 0.8165343999862671 46.42769224196672 621.0734380632639 12.14687930047512 5.1789565756917 183.7057904526591 0 1.166425250470638 5532.361026756465 1262.44336117059 1419.592946827412 12.94264276325703 47.23841501772404 1.080643832683563 126.0687284469604 7.709510765969753 12.27190674841404 2965.202581755817 1277.229658029974 20.1711259111762 212.7395900040865 176.3976749032736 5.006237871944904 7.503133118152618 8.005752101540565 3276.274674519897 0.9822314530611038 877.5569062232971 1267.90224751085 3271.90143776685 453.4572452381253 21.76087790727615 2.353040523827076 6.62779226154089 2.385312587022781 0 29.1938314139843 1.981813296675682 0 0 0 3.242369890213013 0 0 0 4.69999423623085 0 27.27129643410444 0.4491654708981514 0.1561857908964157 0.4135769531130791 2.657278932631016 60.00971578061581 92.43771975487471 0 0.2495263144373894 1.724180616438389 0.3236582279205322 2.100897893309593 15.7566294670105 502.6117905601859 491.612304829061 1.9065195992589 0.2814697027206421 1.465053267776966 15.71478179842234 0 0 1.974090084433556 1.096331730484962 7.311539426445961 102.8022950589657 12.1710684299469 0.6641305536031723 0 0 0 0
0.9255362078547478 0.3516468331217766 1.243866607546806 5090.446610197425 69.55528865009546 638.9656618461013 15.03275219351053 322.8181065842509 347.819493919611 1566.793766543269 49.17566076666117 5503.800390265882 10.27696312963963 141.2224877923727 339.2900077477098 0.2547300159931183 2.669410519301891 15.36662552505732 12.94264276325703 706.7225522845984 0.3413873612880707 1.627382583916187 0.6292966678738594 439.3345324248075 1.160635091364384 29.0936124175787 16.16961517930031 1238.126158073545 173.0788081511855 0.9535406827926636 4.460128463804722 31.57846142351627 4.677959240972996 149.3139211237431 2.13214984536171 973.583278298378 18.81931962072849 535.2513480484486 62.00724175572395 1039.695381052792 42.23044236749411 2.732400543987751 10.49259726703167 0.1481654942035675 0.1488099545240402 0 89.90902310609818 0.1315750330686569 1.858842745423317 56.36788031458855 1.213651284575462 54.12278976291418 18.75389168411493 0.1976717412471771 44.43609479814768 0.4915819391608238 0.9056724980473518 8.565021634101868 4.346614055335522 0 0 0 15.64042781293392 0 0.8592118322849274 0.2015762031078339 132.0790775641799 0 0 0.2479552924633026 153.1689206883311 1.982984870672226 2.529478557407856 0 0 0.3561384081840515 0.8428114056587219 0 147.2348335310817 0 6.389959201216698 1.262652471661568 176.3066218942404 0.6568083763122559 0 0
17.85203544050455 14.11817322671413 1434.003531575203 4.530126564204693 0.7763880789279938 48.5185988470912 3457.388155341148 182.2222662568092 18.40635801851749 149.5350259244442 48.84322833269835 0.4384034499526024 11.66877651959658 164.2482324019074 0.1464229822158813 5559.115858785808 602.3608615025878 36.90479509532452 47.23841501772404 0.3413873612880707 11802.093332313 194.4708811938763 10713.73276474327 167.1364805549383 12.29073655605316 119.4833647087216 1905.722058534622 6666.667684130371 213.4270505532622 13486.40269327909 0.4628342390060425 7.371888048946857 66.31889516115189 4538.819844298065 59.57584971934557 5885.699802838266 753.0344568192959 6440.523800522089 2794.02305110544 59.17718512564898 10.28552697598934 11.31078170984983 47.68880189955235 3.018937170505524 1.470593892037868 8.798060357570648 0.1314195245504379 0.1127122119069099 0.1221388652920723 9.426858253777027 1.392648115754128 1.697590671479702 0.2075468450784683 0 0 0 3.060067132115364 0.1464560776948929 708.7656699791551 1.253325954079628 0 0.1382517516613007 0 242.0502174124122 190.6068252846599 210.0713826268911 61.12069911509752 0 1.832629829645157 62.63940754532814 111.6787226125598 8.3471744582057 26.49003577232361 0 0 0.217292383313179 3.539577595889568 5.019542910158634 92.94603475183249 5.014207273721695 9.575920142233372 6.123208068311214 6.73963762819767 0.1509400904178619 12.99869854748249 3.515611618757248
0.1191146299242973 2778.036657094955 122.1844233125448 2.807072289288044 5.476633042097092 5.491916842758656 94.37776447832584 1.929533883929253 2795.441998243332 10.66565836966038 12.45909088850021 6.503734618425369 57.62300360947847 2.278696104884148 36.00110306590796 3577.661327764392 7.014996528625488 0.134938970208168 1.080643832683563 1.627382583916187 194.4708811938763 1450.676143310964 471.3078228458762 7454.912819139659 382.5016147717834 14.28044694662094 7783.198012195528 228.5800377726555 4.718649126589298 42.39794133603573 2.455887146294117 0.1404080390930176 0.652523085474968 14.13046775758266 0.9841637015342712 87.01579688489437 35.75793434679508 53.45264357328415 36.84148764610291 213.9153171554208 0.1014482825994492 3.916787192225456 0.944571316242218 0.7435923665761948 12.55933725833893 353.5014214739203 0.7847101911902428 0 0.1178729385137558 29.41223321855068 6.591715112328529 4.040544606745243 1.425472877919674 1.003291219472885 2.706705883145332 2.255099043250084 5.333620712161064 0.1266510337591171 1248.657614976168 54.90622352063656 1.67147196829319 6.417043089866638 0 95.91774466633797 304.3085164800286 341.7005848512053 60.36383660882711 1.256686128675938 79.14912656694651 2757.273442335427 69.53868365287781 1.893240451812744 6.332661919295788 0.7971530556678772 0 0 8.036247432231903 1.896468177437782 56.93929396569729 25.61514219641685 47.06837529689074 9.07194472849369 4.559096828103065 0.9984738826751709 0 0
74.47676452994347 37.39596276730299 13550.83134432882 1.897700980305672 0.7813236936926842 20.53991121798754 1201.880455903709 273.4668018370867 3.866295322775841 55.92656949162483 75.15512422472239 0.946349136531353 16.99351070076227 377.0796495974064 0.1193927973508835 6417.159113094211 2509.770696915686 50.43562124669552 126.0687284469604 0.6292966678738594 10713.73276474327 471.3078228458762 13568.45426033437 187.5200979039073 25.27020087093115 636.2149425968528 15488.63686688244 2587.567089520395 288.7684076204896 6799.7133526057 0.7527873143553734 8.267336659133434 15.0198915079236 4456.236803092062 114.5441382750869 10610.75017641485 9634.241291895509 9324.137818992138 7210.656934395432 243.7647530287504 21.73042225837708 45.36093559861183 89.14428116381168 0.1600818336009979 29.47696240246296 453.8438880890608 0.1284015625715256 0 0.1247683092951775 41.14354786276817 5.464805737137794 0 0.2521496340632439 0.3174154162406921 0.1261628121137619 0.1270304024219513 3.855598196387291 0 1901.830172032118 25.02673164010048 0.1044023409485817 2.279858320951462 0.9150766432285309 110.8576453998685 712.2363900467753 1279.122198931873 43.59007363021374 0.2346642911434174 13.04356513917446 2859.821921050549 67.85422410070896 2.256795302033424 9.900321908295155 0 0 0.2802102267742157 9.958674669265747 14.26332527399063 283.3469680026174 37.67042740434408 35.45224276185036 15.27674752473831 1.856683492660522 0.9762460440397263 18.40877170860767 12.50646495819092
25.27651345729828 1173.887066379189 55.938850492239 2426.765353500843 113.9957403615117 83.21258219331503 1422.664391815662 246.6708892732859 9963.670293010771 483.3965197503567 19.08396080881357 1174.634132653475 44.86579958349466 244.9011649414897 862.0597985386848 1609.433638088405 31.68379504233599 4.80926900357008 7.709510765969753 439.3345324248075 167.1364805549383 7454.912819139659 187.5200979039073 13328.06730788946 206.4645166993141 43.82633241266012 3863.424869120121 8490.1401104182 709.4123257398605 463.4171872735023 2.665297232568264 10.01622632145882 154.779887355864 222.0798128023744 54.05098378658295 3451.19378323853 151.9429240822792 994.9643797799945 413.6018479019403 1911.20932597667 31.09894550591707 12.48995460569859 27.13554628938437 26.60833856463432 16.46811054646969 30.60473445802927 312.8853037580848 1.114957861602306 17.24685551971197 709.9355121254921 51.66398307681084 567.2682366594672 134.0343743860722 4.025764353573322 97.81364557147026 1.450604170560837 66.89567080885172 29.49383009970188 939.0363698229194 6.151472680270672 2.345637544989586 3.484138950705528 100.4920628294349 415.8916957378387 542.6899604201317 194.0013213679194 2568.101575121284 1.431423477828503 20.44408921152353 175.4021135941148 2135.782450661063 130.6676521077752 164.5581598356366 0.5229675620794296 3.033750362694263 6.980240017175674 39.59757129102945 10.15659246593714 948.2078090310097 19.42441893368959 212.7695888727903 59.1571601703763 639.720115467906 27.58093973994255 8.984862789511681 8.939158916473389
0.3446466997265816 1992.209002636373 1.463297575712204 0 1.897198423743248 2.018633164465427 4.516085483133793 3.866989836096764 215.6356518566608 4.529604129493237 504.5727069824934 2.942072801291943 6106.059180095792 8.949658952653408 2.619800001382828 66.12533576786518 1.95484484732151 9.744575530290604 12.27190674841404 1.160635091364384 12.29073655605316 382.5016147717834 25.27020087093115 206.4645166993141 282.7435784861445 491.1619964614511 6544.441280886531 12.37042683362961 30.48040538281202 43.27974722534418 326.9718153774738 8.512917451560497 1.474883243441582 338.544181406498 1.785100862383842 460.2688588649035 632.2206942141056 900.9508895725012 111.7539013177156 41.26745316386223 16.82019424438477 930.9108779579401 19.17125910520554 0 93.32555140554905 0.4578519910573959 0 0 0.5716927573084831 1.315242163836956 0.797435387969017 1.122697398066521 0.2352058887481689 542.1086606383324 0.5175660327076912 1460.990349791944 1.42301719635725 0 2.78973476588726 0.590238556265831 53.94533775746822 26.92012420296669 0 1.218600735068321 2.394055508077145 1.362349361181259 1.648372553288937 257.8225856423378 385.2264752089977 1172.963629201055 1.96224694699049 0.6682588905096054 0.4432170912623405 135.9599115848541 0.1216116845607758 0 19.10455179959536 9.486879467964172 258.9868568256497 164.2357127070427 105.403553918004 13.50970788300037 5.633600637316704 1.353814125061035 114.3391855359077 0
120.8316305801272 329.7750572040677 6910.980851180851 10.06875046342611 5.794388554990292 52.50764558464289 514.6262704879045 733.4307899847627 7.372638195753098 171.412578612566 2127.150147646666 53.10290669649839 176.3254989385605 911.3818724155426 0.8394269347190857 8.977352060377598 2377.894143626094 3343.665929965675 2965.202581755817 29.0936124175787 119.4833647087216 14.28044694662094 636.2149425968528 43.82633241266012 491.1619964614511 27267.48077372462 19174.13344306499 200.3345001265407 606.1057815551758 928.8283705040812 824.5896405130625 75.06848795711994 19.66305131465197 1450.817427493632 4.403126046061516 2232.239774756134 6089.718135051429 3501.40733538568 722.6940328031778 66.44091396778822 6.174120366573334 35.89691476523876 7.686920836567879 1.506937764585018 346.8342778086662 46.23454587161541 0 0 0.09960278868675232 13.07346670329571 2.508024305105209 3.982225932180882 0.2260485142469406 200.9152686744928 0.4038611277937889 971.7773970961571 5.774929068982601 0.3147796243429184 3.229369170963764 71.99520674347878 373.8798769637942 446.1625250279903 0 2.223385624587536 4.985989429056644 4.146575458347797 10.42048090696335 524.5418162569404 3181.884591564536 3964.253253474832 3.25624093413353 2.190682172775269 10.68524073809385 331.2035243585706 0 0 16.04043080657721 2.069781988859177 50.78628186881542 1045.057052507997 80.43298126012087 3.491566821932793 1.821581467986107 0 3.166771106421947 0
14.92859147489071 13327.34342252463 8269.784334346652 10.03595682233572 4.759730502963066 57.67744319885969 1577.745493039489 89.10523094981909 819.5339712277055 164.7724382355809 1331.860846966505 23.42431570589542 5349.000334516168 112.9957109242678 16.4737551510334 4899.603203646839 5086.024505101144 437.1523548439145 1277.229658029974 16.16961517930031 1905.722058534622 7783.198012195528 15488.63686688244 3863.424869120121 6544.441280886531 19174.13344306499 39205.97490623593 2506.744904346764 162.6092748492956 193.9027456715703 1119.836122348905 19.63123109191656 8.377724163234234 2815.825181655586 85.30972395837307 8696.184422835708 6256.140331938863 10030.42820645869 2956.508325748146 325.847866512835 13.04230576008558 52.40547225624323 39.74889949709177 4.192726239562035 2529.230324916542 2703.058291219175 2.207329370081425 0 1.01625407487154 136.3807555511594 24.77919736504555 11.03571364283562 6.190287210047245 387.1244107410312 1.48792752623558 1754.996780835092 22.29446149617434 1.141053251922131 429.6218105182052 592.9084212854505 617.0157582089305 843.4322158843279 0 34.65820768475533 1821.508876636624 702.6730644777417 90.79021588712931 1550.653931431472 6366.771830312908 17663.89797072858 73.7197019085288 7.264854438602924 32.54972252249718 604.3316653370857 0.3477289080619812 1.343241840600967 81.27586735785007 27.74060307443142 356.0523692443967 2401.066994026303 469.3533978164196 67.66674484312534 6.316291481256485 2.030204072594643 26.94001996517181 3.616870984435081
66.00563820451498 39.39558739215136 971.998225517571 1167.048908792436 8.916747614741325 443.4326610267162 11949.23099628836 477.5159737020731 1554.861695542932 4624.209501884878 31.5985534414649 555.303369037807 16.13966965675354 500.772743023932 58.39016189426184 995.8998036310077 124.8753443062305 21.87433388084173 20.1711259111762 1238.126158073545 6666.667684130371 228.5800377726555 2587.567089520395 8490.1401104182 12.37042683362961 200.3345001265407 2506.744904346764 15107.63383009285 1520.364755503833 9193.132119059563 2.014673314988613 20.17711175233126 420.6294898539782 728.6476037725806 127.4048687815666 6427.777448028326 279.1121945828199 2681.934085942805 1113.941576369107 478.2032761946321 56.79621955007315 10.92638269066811 65.96809630095959 17.50998813658953 7.65786512196064 18.95956432819366 213.5031736716628 0.4185196459293365 12.37995483726263 639.6604648604989 37.06208347529173 329.0490302667022 100.7012787014246 3.654196947813034 47.51399278640747 0.2395789101719856 54.78715484589338 15.15225107967854 375.3375123292208 4.827757276594639 1.556771174073219 1.18412359803915 53.26172023266554 188.5637014880776 175.6022728830576 66.95252594351768 1995.384751021862 0.1614792048931122 7.121801987290382 101.7780289426446 1557.133927538991 114.0771221145988 125.1102979928255 0.2060600742697716 1.095587454736233 4.787998683750629 29.25649749487638 14.10918289422989 721.5063176080585 15.55346924811602 153.7331976220012 50.02020965516567 365.7671969458461 24.65665298700333 10.59570196270943 9.93868912011385
