558.77506762743 0.3772341310977936 104.7843636348844 1.313373871147633 0.2903105020523071 4.180332161486149 1753.14867939055 182.8609678447247 0.7832106947898865 10.52650182694197 9.539436146616936 0.7023557424545288 0.3740251064300537 2450.128914244473 0 0.594379298388958 178.5968105792999 6.492187023162842 58.92132946848869 0.3537900298833847 88.63875300437212 0.4090273305773735 94.01455426961184 41.99799904227257 0 54.49497275054455 29.40917740762234 65.21573773026466 2943.418510563672 3160.551363043487 0.07605250179767609 6.497670017182827 36.10748388618231 86.67018961906433 1.646864652633667 26.28319302201271 1.910236470401287 67.8536828905344 24.43744058907032 1.149131327867508 2.177028879523277 0 0.5074850022792816 0 0 0.8405271619558334 0 0 0 0.921216182410717 0.5980153977870941 0.7885813862085342 0 0 0 0 0.5731440111994743 0 0.3053327724337578 0.1288286298513412 0 0 0.1688860058784485 1.620853446424007 0.3862576633691788 0.8471515402197838 2.977655157446861 0 1.220379121601582 5.137878105044365 3.342091903090477 0.2050061449408531 1.156019046902657 0 0 0 1.146146431565285 0 3.450411945581436 0 0.9039885699748993 1.042805552482605 0.4486583173274994 0 0 0
0.3772341310977936 354.1076947823167 36.37403187900782 0 0.3034747987985611 0.8756659552454948 4.607266455888748 0.2640591636300087 300.7717886641622 1.546850025653839 53.42767721414566 2.491518057882786 693.0016806870699 0.3605605736374855 9.758188314735889 170.4340578094125 50.60719141364098 7.150026574730873 34.17606241255999 0.1220422834157944 20.87497771531343 2555.561124421656 12.08718332648277 714.3977000415325 1524.493280634284 318.3691069111228 6904.120836697519 20.10766930133104 0.7588495686650276 0.8052445501089096 38.41102110594511 0 0 21.61764122545719 1.959457203745842 78.67666387557983 69.72948110848665 115.3274721205235 25.2039725035429 9.667116597294807 0 56.76164390146732 0 0.2207685858011246 14.76296431571245 29.58503433316946 0.2639613449573517 0 0 1.785900376737118 0.5095962733030319 3.765575893223286 0 2.891802005469799 0 8.22439281642437 0.2160251885652542 0.1824273467063904 3.786791309714317 12.6438314691186 1.173649519681931 14.65754746645689 0 0.4401358515024185 13.75200049579144 9.758596152067184 19.10985209792852 64.83797761797905 265.7373292446136 1787.52167622745 2.037651941180229 0.3944589272141457 3.147813126444817 2.824068859219551 0 0.07556981593370438 0.3549288809299469 0.1532230526208878 10.07847241312265 5.200235411524773 3.416246816515923 3.51594290137291 0.732026681303978 0 1.204188391566277 0
104.7843636348844 36.37403187900782 3883.313085407019 0.6592050716280937 0 47.67275650054216 423.731678634882 356.7746106162667 0 8.898041225969791 8.212018854916096 1.355813883244991 5.134792596101761 491.262979246676 0 3.521426782011986 3475.018936671317 15.16311883926392 252.235542871058 0.2239976823329926 342.4997329935431 12.86486691981554 10298.1815783903 24.3057996481657 0 5928.697625555098 3129.988819845021 442.8160980567336 147.6000843197107 1115.488820225 0.08183808624744415 2.268993116915226 12.90141551941633 756.8265533223748 24.56304120272398 1363.306001901627 266.1190812215209 2208.552369013429 750.0883923992515 49.74704466760159 4.832089297473431 1.141760006546974 8.824145145714283 0 62.72247092425823 660.5256288647652 0 0 0.0943334773182869 1.265129268169403 0.1751210540533066 2.212629124522209 0 0.410560667514801 0 0 1.415061436593533 0 12.1741928011179 94.69999273866415 0.2513721510767937 5.670040503144264 0 1.400929912924767 28.57635836303234 157.8630633726716 14.73053017258644 0 45.51989430934191 1711.33982591331 1.733164794743061 0.6809929758310318 2.319461397826672 0.5587485954165459 0 0.2089604139328003 3.945504374802113 5.997895687818527 67.53242848813534 12.30553663522005 36.56738217920065 20.37695106863976 3.04149241745472 0 0 0
1.313373871147633 0 0.6592050716280937 1950.672132104635 1.742754839360714 93.69046660512686 66.04283096641302 50.8974718824029 665.5732447132468 3143.625674925745 1.771698191761971 2859.970666401088 0.6254460662603378 29.63339405506849 31.03864987939596 0 0.08420726656913757 0.135186105966568 0.09420032054185867 2921.940012201667 0.09391515702009201 0.6456431001424789 0.3926436901092529 653.8141177073121 0.1424722671508789 0.2467714846134186 0 4226.55808749795 19.76907431334257 0.5397533550858498 0.1498413681983948 4.856003679335117 0.5855991244316101 7.624193020164967 0.3296740800142288 28.72730802744627 0.59405317902565 14.05716632306576 9.102525606751442 122.0911059603095 1.543889842927456 0 0.3920272141695023 0 0 0 149.4352727308869 2.517303064465523 34.67175420373678 30.45568336546421 15.33240256458521 45.91756184399128 236.7008661553264 0.08251428604125977 237.8746675699949 0 2.070801869034767 48.951047077775 0 0 0 0 43.35872264206409 0 0 0 145.165170609951 0 0.1400629878044128 0.1386985033750534 171.1836038827896 0.754748098552227 0.4842888563871384 0 0 0 1.097895205020905 0 4.902581453323364 1.773502349853516 1.648076973855495 0.1584093272686005 127.5445826724172 0.1417983770370483 3.622172355651855 0
0.2903105020523071 0.3034747987985611 0 1.742754839360714 37.39338791370392 331.1997656226158 7.336049020290375 272.6869370788336 28.80938839167356 8.154957741498947 26.2863636687398 53.96929173916578 34.81405825912952 9.518397383391857 1606.288806013763 0 0.2698634713888168 1.811111629009247 0.7875323668122292 5.033890321850777 0.4099135771393776 0.6597347632050514 0.5221638157963753 9.569480054080486 0.1485559791326523 0.6462171599268913 0.09338178485631943 4.744420319795609 42.07155055552721 1.126352496445179 0.3679744005203247 3.644028104841709 0 140.5290059074759 3.009647607803345 132.1156602725387 5.558431163430214 213.6631578430533 85.48146791011095 2694.824878782034 210.7225138694048 4.296304672956467 3.392943322658539 0 0 0 0 0 0 0 0 0 0 0 0 0 0.2179462015628815 0 0 0 0 0 0.9308797121047974 0 0 0 0.4972619116306305 0 0 0 1.192318618297577 0 0 0 0 0 0 0 1.790638297796249 0 0 0.4158737659454346 0 0 0.5878474116325378 0
4.180332161486149 0.8756659552454948 47.67275650054216 93.69046660512686 331.1997656226158 10398.16365928948 4839.999476931989 4507.002373412251 306.4291276410222 4477.54563523829 20.67170029878616 5456.449932076037 53.05492930114269 1380.680815808475 1155.482283003628 1.040016271173954 7.43208472430706 3.770021945238113 6.013300180435181 482.7586191371083 43.68691250681877 8.052240595221519 34.50104328989983 531.221376568079 0.1024115160107613 17.05204542726278 13.05394154042006 1329.522508054972 111.3690303117037 46.23165664821863 1.049167521297932 549.1213304847479 6.074531346559525 104.8852525576949 3.478934749960899 330.4506300166249 11.89370480924845 230.8458320051432 128.7667640969157 1850.352196738124 91.08303161710501 11.00505171716213 4.005717381834984 1.413241416215897 0.2173173576593399 0.2833021804690361 35.32439971715212 0.506110668182373 17.30342090129852 86.36737900227308 36.17687056213617 8.473720297217369 88.14628154784441 0.4601162448525429 37.71036092191935 0.1936458498239517 11.96421091258526 37.34184570610523 2.279885418713093 0.3493826761841774 0.09307979047298431 0 10.03373157978058 1.169008523225784 0.08982051908969879 1.871576823294163 132.3718755021691 0 0.2368922680616379 2.011945649981499 154.8103655055165 4.314637921750546 7.003244906663895 0 0.260998010635376 0.1034990176558495 0.2051482126116753 0.1889809966087341 10.16888684779406 0.7511485815048218 10.2537047341466 1.498832076787949 100.3920882716775 0.6834401413798332 3.099900960922241 0.6409646272659302
1753.14867939055 4.607266455888748 423.731678634882 66.04283096641302 7.336049020290375 4839.999476931989 11713.40964783728 4756.449043348432 77.97403437644243 9970.105610221624 27.17062667012215 78.28258356451988 9.610631756484509 8200.050426725298 14.19941698014736 21.89128988236189 17.85417546331882 7.568638429045677 12.43201857060194 25.6694373562932 812.2247293144464 44.13688211143017 542.2709778621793 1502.369710154831 0.6526587009429932 26.83069270849228 203.1980636715889 16070.72939506173 1416.712782546878 2910.690894633532 0.7388272285461426 40.90348144620657 99.5462164953351 276.0334483161569 36.98282574117184 1191.067254684865 40.62580671161413 728.7983277142048 359.4795646294951 83.27136071026325 56.3722508251667 1.427482888102531 15.69598785042763 6.467135161161423 0.6262204051017761 2.844419062137604 29.11147674918175 0 37.27603178471327 281.5535272434354 110.431643396616 39.59393553435802 103.9107156246901 1.294028595089912 10.62733543664217 0.3126922249794006 44.23316413164139 1.734012141823769 11.68007438629866 0.09933870285749435 0.08572407066822052 0.2481403797864914 6.962133958935738 6.433518536388874 7.633997991681099 12.96849631518126 389.7949267402291 0.1460425108671188 1.074866689741611 20.92903246730566 346.3117934241891 44.91822963953018 66.53460653871298 0 2.30853395909071 2.276195980608463 9.980276510119438 5.490206249058247 100.8860078305006 2.942640393972397 46.40368654578924 20.81971583515406 22.18973609805107 2.678209260106087 6.538796231150627 1.299847394227982
182.8609678447247 0.2640591636300087 356.7746106162667 50.8974718824029 272.6869370788336 4507.002373412251 4756.449043348432 9031.008170038462 33.31736645102501 2160.1878330037 145.0105320513248 1301.490487918258 101.3913250342011 5092.634255953133 165.921366520226 0.8046257942914963 207.7036868110299 24.94382087141275 100.6797626167536 267.5148838683963 334.887336216867 0.9855731949210167 246.0576225295663 279.740011498332 0.3416653573513031 183.2682181447744 69.15833725780249 543.1058094874024 210.8801704347134 961.2266872301698 1.787951350212097 1426.272333674133 3.612161926925182 620.2818988636136 4.520408824086189 334.9466704502702 37.10339228063822 591.424477532506 225.0384064242244 693.1951781958342 261.741300188005 16.25455012917519 6.862064115703106 1.034381873905659 0.2656552791595459 3.117941714823246 3.370354935526848 0.3962535858154297 10.97777947038412 103.5161979570985 31.84078526496887 9.932324260473251 15.4406663402915 0.5950823053717613 3.16299407184124 0 17.37729381024837 0.3738966584205627 5.124068535864353 0.1928103864192963 0 0.6077104955911636 1.761144161224365 1.75413191318512 1.60260085016489 5.681218311190605 107.6561437696218 0.1305008381605148 2.573667161166668 18.25249718129635 83.32531529664993 12.41565544903278 13.83036211133003 0.1229970380663872 0.7497344017028809 0.8079131245613098 4.0121214017272 3.112788960337639 23.84517728537321 0.5151424258947372 18.03458411246538 5.034681364893913 8.297809161245823 1.410676553845406 2.165059089660645 0.1052897125482559
0.7832106947898865 300.7717886641622 0 665.5732447132468 28.80938839167356 306.4291276410222 77.97403437644243 33.31736645102501 953.2578933984041 436.9441785812378 9.348987326025963 665.186592027545 64.1882910951972 28.70775223523378 1146.239231750369 9.911062978208065 0.4903327822685242 3.050930127501488 1.359510712325573 565.3830948919058 11.53889883309603 2006.113383047283 1.555359147489071 7945.154310330749 151.2045592293143 19.64144079387188 270.2514614760876 1116.953309543431 29.87563440203667 85.73818416893482 11.5897608473897 3.958329722285271 3.946892701089382 14.33889090269804 1.943891763687134 117.0959868431091 6.575199238955975 41.77981667220592 15.98357821255922 393.6165306121111 1.392659336328506 2.825436979532242 3.363748803734779 12.34562598913908 1.935155257582664 0 261.3515176400542 5.734978750348091 39.17579252272844 223.5624596700072 67.3453516215086 50.14528937637806 334.758081510663 1.837935999035835 189.7687206566334 1.517647936940193 51.9672314748168 103.3260380402207 35.43237430602312 0.3413252159953117 0.537528432905674 0.9439868479967117 75.17175030708313 32.92884056270123 35.33727006614208 5.305449977517128 2103.086381316185 1.749254181981087 2.909429185092449 4.337897814810276 723.9954777657986 95.24880868196487 191.242145165801 0 2.846646912395954 14.647839859128 28.65378069877625 2.23531087487936 145.367996647954 4.06853724271059 67.21333628892899 30.52070817351341 191.0367052480578 2.745558500289917 0.8549767956137657 1.716310158371925
10.52650182694197 1.546850025653839 8.898041225969791 3143.625674925745 8.154957741498947 4477.54563523829 9970.105610221624 2160.1878330037 436.9441785812378 25496.82825368643 39.2761180922389 4338.514032788575 18.51538096368313 890.9933450520039 27.06163258850574 1.641940131783485 4.115581937134266 10.18893104791641 13.01403370499611 3179.153996288776 11.12134595960379 4.177362076938152 8.815598733723164 1595.594350658357 0 8.393537603318691 11.86070869863033 4306.144472926855 510.7158959507942 17.29547058045864 1.112511232495308 60.74176257103682 12.08457265794277 275.7095822244883 9.923560708761215 704.9703076630831 26.43596494197845 562.1855677515268 195.849760659039 81.3623258471489 45.54869071394205 3.783557251095772 7.171804055571556 1.236946597695351 0.2286305576562881 0 201.6376089379191 2.260803133249283 79.05409777164459 240.0075723007321 102.9182910919189 72.37025765329599 477.8346731960773 0.5831265896558762 163.7681321203709 0 26.49787339568138 59.72256315499544 0 0 0 0.2752434313297272 54.0495975241065 0.5837544128298759 1.249751940369606 0.3294245898723602 524.4498022794724 0.5980050563812256 0 1.384160324931145 581.9798178374767 5.595328390598297 6.716872364282608 0 0.9022586494684219 1.065430641174316 2.344162784516811 1.02192211151123 14.88763513416052 0 16.72477296739817 2.517030209302902 125.2216682359576 0 2.177069470286369 0
9.539436146616936 53.42767721414566 8.212018854916096 1.771698191761971 26.2863636687398 20.67170029878616 27.17062667012215 145.0105320513248 9.348987326025963 39.2761180922389 7802.795035324991 38.65015190839767 1667.416772812605 313.8786198794842 1.337321043014526 6.302123755216599 502.7917361408472 1655.894445851445 1428.314385011792 8.266835816204548 33.2465763092041 22.99162741005421 53.81083807349205 30.44512068480253 357.7395328879356 1626.110894188285 323.1889143884182 21.08357409387827 280.9054484814405 22.92644453048706 350.7552950382233 185.8793294504285 4.405910007655621 4245.224741436541 8.751648090779781 884.6399806663394 4897.341497160494 3909.349802263081 842.4170361757278 15.79556521773338 20.12482481449842 1018.14705632627 4.631675146520138 0.9279479384422302 3.78285525739193 1.438715912401676 0.3231964111328125 0 0.1269757896661758 7.201956450939178 1.639669522643089 0.269999124109745 2.084897503256798 399.6177962496877 0.09348135441541672 1138.164266400039 0.6876728311181068 0 0 0.4997130334377289 50.43801084160805 10.66631260514259 0 0 1.678347364068031 0.2054393365979195 8.563106842339039 72.33740998059511 183.4614350572228 114.3797889947891 4.305899277329445 0.4892670512199402 1.586667388677597 234.4777912944555 0 0 1.886072404682636 4.272775962948799 30.98354317247868 270.0601364076138 7.456098482012749 3.164103999733925 1.10073059797287 0.313210517168045 444.9932396560907 0
0.7023557424545288 2.491518057882786 1.355813883244991 2859.970666401088 53.96929173916578 5456.449932076037 78.28258356451988 1301.490487918258 665.186592027545 4338.514032788575 38.65015190839767 7445.931520707905 11.73852137476206 511.1620015576482 1254.048846758902 0 1.734442383050919 10.98047439754009 7.883906714618206 3789.161055743694 1.03254509717226 19.35807032138109 0.2110058441758156 1006.405190072954 1.558388836681843 8.427689358592033 5.878402709960938 916.333468772471 172.2183793783188 2.550529688596725 1.209547087550163 147.7286477461457 0.5774243175983429 162.0116907805204 1.838679075241089 257.5985248461366 14.74897342175245 289.5823825672269 71.70018616318703 891.7562965676188 24.86497732251883 5.493559375405312 2.247775964438915 0 0 0 65.6626313701272 4.359194397926331 17.65273271501064 15.33393087238073 8.343145959079266 16.13428890705109 93.09803534299135 0 150.1102835386992 0.139649361371994 1.614191897213459 85.25808724015951 0 0 0 0 24.10301670432091 0 0 0 55.74845765531063 0 0.2199301570653915 0 49.16331285983324 0 0.6762745305895805 0.1083192899823189 0 0 0.2852247580885887 0 2.379520267248154 0.1490569710731506 1.083851866424084 0.1219289526343346 223.7831491082907 0 0.1309424191713333 0
0.3740251064300537 693.0016806870699 5.134792596101761 0.6254460662603378 34.81405825912952 53.05492930114269 9.610631756484509 101.3913250342011 64.1882910951972 18.51538096368313 1667.416772812605 11.73852137476206 1842.424006924033 80.27283583581448 8.01681562513113 18.08454856276512 1.171634458005428 14.94922417402267 4.002040833234787 3.404114857316017 9.461643926799297 248.8086838200688 16.60955591499805 92.73419082164764 4692.244933716953 44.89978630840778 1722.484228342772 8.181210711598396 19.49749958515167 4.855833739042282 221.8476540744305 66.96737665683031 0.1172207593917847 465.6197030246258 193.8390003740788 2288.026219777763 3632.489189110696 2262.360176816583 614.1785863488913 144.57451826334 161.1748378574848 1263.219912216067 23.53062684834003 0 11.98284837603569 0.2443218678236008 0 2.799577042460442 0 5.138953268527985 3.141441218554974 1.195183008909225 1.004476293921471 638.0842301547527 0.1247740611433983 2123.026774294674 0.4962406605482101 0 1.635083556175232 1.065832436084747 73.43434384465218 19.45333096385002 0 0.6951693594455719 0.9198898449540138 1.241326086223125 3.81311509013176 217.6474811807275 422.0964406356215 375.750690639019 2.349364094436169 0.9523611441254616 0.7770369201898575 421.1535982489586 1.157847851514816 0 1.810034483671188 32.34981809556484 210.5476803332567 265.5719264298677 88.60717861354351 59.42470131069422 10.64851370453835 54.0119427293539 597.5361534655094 0
2450.128914244473 0.3605605736374855 491.262979246676 29.63339405506849 9.518397383391857 1380.680815808475 8200.050426725298 5092.634255953133 28.70775223523378 890.9933450520039 313.8786198794842 511.1620015576482 80.27283583581448 7462.917256388813 33.4309146553278 0.5329034775495529 494.4600834101439 63.57427824288607 217.0159568116069 116.3801438957453 485.5581071302295 2.172734513878822 386.5347175449133 370.3621073886752 0.6592471301555634 274.5248939096928 116.9233198948205 666.1727805584669 4457.885274045169 2880.510191433132 6.511058486998081 98.90361468493938 17.99872919917107 1261.362557001412 11.96645937860012 561.1153283342719 60.34148335456848 1000.828453280032 240.6010436192155 189.6072566658258 170.8929823040962 11.98668147623539 7.753166250884533 2.072020687162876 0.5199396684765816 5.475114390254021 3.538229741156101 0 6.093182146549225 98.19974426925182 33.61918330937624 7.045613966882229 12.77109581232071 1.042887076735497 0.1963350474834442 0.6225041896104813 20.31829297542572 1.053800895810127 6.594537764787674 0.7791654542088509 0.5955705046653748 0.6783971190452576 0.3780892789363861 1.147478848695755 1.616509288549423 9.758544713258743 121.0944844260812 0.1289903670549393 6.778856195509434 28.73216143250465 92.76278051733971 14.63905537128448 18.26437444984913 0.1118282303214073 0.9752383306622505 1.890864133834839 5.374587059020996 0.8757002055644989 31.36935668438673 1.340806260704994 19.38574055582285 7.921829015016556 7.150507122278214 0.1252816468477249 1.223917417228222 0.5351515412330627
0 9.758188314735889 0 31.03864987939596 1606.288806013763 1155.482283003628 14.19941698014736 165.921366520226 1146.239231750369 27.06163258850574 1.337321043014526 1254.048846758902 8.01681562513113 33.4309146553278 567.3227237164974 0.313322514295578 0 0.431730717420578 0 86.05015372484922 0 54.92278572171926 0 795.3865636885166 5.619586735963821 1.515564538538456 11.14712747186422 85.42547692358494 7.359652101993561 0 0 182.3234272375703 0 17.15734542906284 0 12.00591907650232 0.8596400171518326 17.00310561805964 12.81308814138174 1390.382662735879 251.377774246037 0.6602876335382462 1.637608110904694 0 0 0 4.22147610783577 0 1.293601602315903 0 0.1435176283121109 1.057384520769119 3.288632437586784 0 4.108616895973682 0 0 3.239757061004639 0 0 0 0.1921082735061646 1.522770419716835 0.3329881206154823 0.1510339379310608 0 2.561923250555992 0 0.1221190020442009 0.1121252849698067 2.312519550323486 0 0 0 0 0 0 0 0.7085311412811279 0 0 0 7.315451800823212 0 0 0
0.594379298388958 170.4340578094125 3.521426782011986 0 0 1.040016271173954 21.89128988236189 0.8046257942914963 9.911062978208065 1.641940131783485 6.302123755216599 0 18.08454856276512 0.5329034775495529 0.313322514295578 1038.115886867046 20.7799369469285 2.079978600144386 11.23027811199427 0.08600298315286636 2353.748986154795 1630.98097974807 3508.746850483119 1529.781272597611 36.96364019066095 15.88261713087559 2481.568207219243 1217.886671178043 2.831273593008518 206.1626218408346 3.255250245332718 0.2011815086007118 2.454656012356281 84.68556597083807 39.41760408133268 1872.368291184306 840.329319357872 447.996962197125 745.2383849546313 36.04464434087276 1.968811675906181 1.749626964330673 11.34684464335442 0.1198301985859871 4.366967663168907 10.46408718824387 0 0 0.1141698881983757 4.220931775867939 1.145080834627151 3.468283697962761 0.2114164680242538 0 0 0.267476886510849 2.297631233930588 0 2925.704601988196 7.506551697850227 0.3559623509645462 0.6791498884558678 0 559.3099044337869 1447.195858314633 1356.657808184624 341.047250635922 0.2054727822542191 1.622060284018517 349.4095214903355 111.7529606893659 2.7710075750947 101.0056534036994 0.1121997460722923 0.2484734505414963 1.765623897314072 9.250364013016224 4.254016607999802 113.2628002911806 23.08671001344919 26.27822795510292 19.46180853247643 4.095651239156723 0.2159285694360733 0 0.3637544810771942
178.5968105792999 50.60719141364098 3475.018936671317 0.08420726656913757 0.2698634713888168 7.43208472430706 17.85417546331882 207.7036868110299 0.4903327822685242 4.115581937134266 502.7917361408472 1.734442383050919 1.171634458005428 494.4600834101439 0 20.7799369469285 505.5372308641672 96.53552385419607 2341.445953220129 0.4013730734586716 452.3951822817326 5.06349454075098 1779.702245496213 31.01347506046295 0.1432061791419983 2807.472732059658 3782.285599566996 156.6454861760139 425.5364234298468 1360.566273294389 0.6552379354834557 6.59896495193243 21.54725892841816 3441.66802020371 11.652179248631 672.1013299450278 388.9539704471827 2566.68064327538 446.648834310472 13.95519409328699 2.612281166017056 0 2.055655673146248 0.310673400759697 57.82249529659748 277.4023308232427 0.1234970986843109 0 0 3.849919803440571 0.2593338489532471 2.409718036651611 0 0.7889012545347214 0 0.8273737132549286 1.046261586248875 0 7.879554904997349 136.8176484555006 2.415653020143509 54.31666527688503 0 3.012696258723736 12.43014711886644 39.93012516945601 8.861127056181431 0.8227716535329819 531.9025373160839 1457.155865646899 2.685509271919727 1.403687186539173 6.651461981236935 1.092243753373623 0 0.1365146338939667 3.709259413182735 5.127137720584869 49.71418658643961 8.299122363328934 40.65104418247938 10.3346509411931 1.253426298499107 0 0 0.2903942167758942
6.492187023162842 7.150026574730873 15.16311883926392 0.135186105966568 1.811111629009247 3.770021945238113 7.568638429045677 24.94382087141275 3.050930127501488 10.18893104791641 1655.894445851445 10.98047439754009 14.94922417402267 63.57427824288607 0.431730717420578 2.079978600144386 96.53552385419607 399.0628843680024 866.5015990361571 2.874189510941505 11.73438323289156 7.175457358360291 24.08338605612516 8.546592094004154 21.15262013673782 2712.925950452685 898.6883099973202 5.204794116318226 57.93016857653856 16.52288959920406 158.4034387022257 25.09206237643957 2.757071621716022 851.3459948450327 9.07669685035944 606.0738061368465 1200.827792473137 1630.483719460666 420.8918951302767 6.797600753605366 3.280352637171745 19.35165121406317 2.121316179633141 0 3.266438290476799 0.4534880444407463 0 0 0.1963218823075294 0.4447209537029266 0 0.2158176451921463 0 39.92466129362583 0 121.2259370163083 0.1941069290041924 0 0 2.028672754764557 77.02335130423307 70.78099565207958 0 0.1732278913259506 0.521728515625 0.2734900489449501 2.864545837044716 13.84567880630493 385.109706684947 235.0109584629536 1.103598579764366 0 0.1083927005529404 120.4509207904339 0 0 0.9336148798465729 3.415740981698036 6.471884734928608 43.75708737969398 2.603680402040482 0.299789771437645 0.3912217020988464 0 3.268831342458725 0
58.92132946848869 34.17606241255999 252.235542871058 0.09420032054185867 0.7875323668122292 6.013300180435181 12.43201857060194 100.6797626167536 1.359510712325573 13.01403370499611 1428.314385011792 7.883906714618206 4.002040833234787 217.0159568116069 0 11.23027811199427 2341.445953220129 866.5015990361571 1803.914055205882 1.787872590124607 120.7822644114494 3.489301204681396 326.9881692454219 12.97426871955395 4.259898938238621 5075.100543312728 778.815410040319 26.78675977885723 217.9933479875326 207.5369670316577 8.823189504444599 21.42662638425827 18.41392905265093 3546.545881435275 18.36863635480404 1190.729206234217 1269.190581418574 3954.644596859813 910.3843838647008 18.84595453739166 1.19132736325264 2.400323688983917 6.162181928753853 0 22.02120667695999 12.25798791646957 0 0 0 1.712743692100048 1.113798469305038 0.7299848720431328 0.1799988895654678 17.56678220629692 0 39.26461639255285 1.284931801259518 0 2.179183453321457 47.81466252356768 65.1473812609911 273.1990582719445 0 0.6536229029297829 2.019014239311218 2.936987027525902 2.890394262969494 6.438152171671391 1295.345136277378 730.8842715844512 1.4310457482934 0.5518234148621559 4.739199668169022 42.2279050424695 0 0 2.803060688078403 7.150405399501324 13.47147130966187 23.96459709852934 9.461218491196632 2.877184979617596 1.310913145542145 0 0.1417499333620071 0
0.3537900298833847 0.1220422834157944 0.2239976823329926 2921.940012201667 5.033890321850777 482.7586191371083 25.6694373562932 267.5148838683963 565.3830948919058 3179.153996288776 8.266835816204548 3789.161055743694 3.404114857316017 116.3801438957453 86.05015372484922 0.08600298315286636 0.4013730734586716 2.874189510941505 1.787872590124607 397.2696408480406 0.09048276394605637 1.441818460822105 0.1269388496875763 306.0455333665013 0.1070633381605148 1.789435975253582 0.1202909573912621 3513.85293276608 40.2449933886528 0.507253922522068 0.2572669386863708 31.27406173944473 0.525008350610733 38.67686728388071 0.2872204184532166 59.89478544890881 7.355090968310833 64.64530203491449 19.31906767934561 243.6180248111486 4.486878223717213 0 0.9423491731286049 0 0 0 46.47883071750402 0.6899880915880203 10.09720348566771 23.84655337035656 2.657834738492966 15.71852608025074 95.58921279758215 0.1987174451351166 90.06254228949547 0 1.791761562228203 41.57743674516678 0 0 0 0 15.86317119002342 0 0 0 67.92404742538929 0 0 0 71.34912319481373 0 1.987595289945602 0 0.2599305510520935 0 0 0 1.235669881105423 0 1.387819468975067 0.6656832695007324 129.7462813556194 0 0 0
88.63875300437212 20.87497771531343 342.4997329935431 0.09391515702009201 0.4099135771393776 43.68691250681877 812.2247293144464 334.887336216867 11.53889883309603 11.12134595960379 33.2465763092041 1.03254509717226 9.461643926799297 485.5581071302295 0 2353.748986154795 452.3951822817326 11.73438323289156 120.7822644114494 0.09048276394605637 11036.06789590418 160.8885281458497 9053.626438885927 221.3399504348636 7.75408049672842 47.36363151669502 696.3066890612245 3416.741525739431 383.4761373400688 7932.867456533015 0.5296073853969574 3.311670169234276 53.30059285461903 2500.564849302173 176.2231953218579 4807.369872488081 532.7357537820935 4319.017081551254 2672.852423787117 78.74060885608196 13.1930176243186 1.114203996956348 28.15369433909655 0.8491043671965599 1.333110488951206 3.137894839048386 0 0 0 4.826170012354851 0.3703155741095543 2.829147845506668 0.1442551761865616 0.1880873888731003 0 0.1622661352157593 1.607430279254913 0 610.1733595505357 7.125400505959988 0 0.6849901601672173 0 483.2893000841141 208.2212353274226 95.16148820519447 356.7939030230045 0.1219631209969521 0.7362454831600189 19.10403998941183 133.170670427382 5.081580355763435 146.0801403224468 0 0 1.113044627010822 11.75454039871693 3.875731647014618 112.8103175088763 6.951636336743832 21.82819339632988 10.41701331734657 0.4207307100296021 0 0.2466846853494644 0.3154754340648651
0.4090273305773735 2555.561124421656 12.86486691981554 0.6456431001424789 0.6597347632050514 8.052240595221519 44.13688211143017 0.9855731949210167 2006.113383047283 4.177362076938152 22.99162741005421 19.35807032138109 248.8086838200688 2.172734513878822 54.92278572171926 1630.98097974807 5.06349454075098 7.175457358360291 3.489301204681396 1.441818460822105 160.8885281458497 1378.344616219401 224.1765165925026 5132.367492206395 758.7802275195718 66.19273895770311 4517.915231190622 105.544334679842 4.60879735648632 25.48875088244677 39.75799439102411 0 0.8748627603054047 17.54690416157246 0.7225068360567093 73.26113171875477 19.09977787733078 45.90986961126328 27.90087473392487 29.48251149058342 0 11.25179894268513 0 0.1186380758881569 6.25403881072998 65.41717176884413 0.4337478131055832 0 0.12413140386343 6.208218187093735 2.465051740407944 9.560611322522163 0.09384281188249588 1.72883266210556 0 4.259275108575821 2.800001941621304 0 1083.282221406698 5.427896231412888 0.3185110688209534 1.93413333594799 0 172.0415491238236 537.3012958168983 357.6803328692913 269.184581130743 8.728116765618324 12.27297692000866 1404.358610667288 51.10238394141197 5.243099138140678 55.6910088583827 0.5988841950893402 0 1.503470793366432 5.314627833664417 0.3600932955741882 60.21472047269344 12.64964556694031 21.24325469881296 12.24673373997211 0.8623618185520172 0 2.124492913484573 0
94.01455426961184 12.08718332648277 10298.1815783903 0.3926436901092529 0.5221638157963753 34.50104328989983 542.2709778621793 246.0576225295663 1.555359147489071 8.815598733723164 53.81083807349205 0.2110058441758156 16.60955591499805 386.5347175449133 0 3508.746850483119 1779.702245496213 24.08338605612516 326.9881692454219 0.1269388496875763 9053.626438885927 224.1765165925026 17063.95997752249 147.5768491029739 2.161312915384769 966.6025636717677 9235.146688081324 913.8679785504937 235.823443762958 3962.870151773095 0.5894621610641479 3.124508462846279 17.34481640160084 2511.152851857245 166.4240390732884 6599.251806251705 2047.198669068515 8008.727496534586 7135.406239137053 266.1139673814178 23.03030347079039 2.316601224243641 64.63141491264105 0.6373420357704163 18.97334396094084 319.286803804338 0 0 0.1627838611602783 13.49043916165829 7.289519600570202 0.1332264691591263 0.2548702359199524 0.5528478547930717 0 0 9.414263889193535 0 1640.910842895508 21.58231763541698 0.09297529608011246 1.308961100876331 0 146.9158036708832 604.9930048063397 1488.496061556041 70.10110651701689 0.1288615018129349 10.69117998331785 1562.649947710335 20.43529885262251 3.382920779287815 32.54511402547359 0 0 0.6981379985809326 3.257667735219002 18.38140148669481 129.9418312907219 18.03935112059116 38.47096918523312 39.49023120105267 3.370846837759018 2.103094100952148 0 0.4063099026679993
41.99799904227257 714.3977000415325 24.3057996481657 653.8141177073121 9.569480054080486 531.221376568079 1502.369710154831 279.740011498332 7945.154310330749 1595.594350658357 30.44512068480253 1006.405190072954 92.73419082164764 370.3621073886752 795.3865636885166 1529.781272597611 31.01347506046295 8.546592094004154 12.97426871955395 306.0455333665013 221.3399504348636 5132.367492206395 147.5768491029739 8509.375162005424 216.7006970867515 40.07844313234091 1947.739478938282 4939.03398361057 1047.518695250154 1447.967011258006 18.03025744855404 19.43312616273761 324.9964188486338 383.6212089732289 103.5812318623066 2660.234178982675 74.10344976186752 1242.278619945049 651.1142204776406 386.13340523839 44.8477319329977 11.37720940262079 26.35454323887825 49.88630305975676 6.782963953912258 10.50173633545637 298.6413376033306 3.759630255401134 172.6255616992712 1172.633164130151 385.5524370744824 660.8127909898758 788.925330735743 7.362979255616665 158.1218636110425 1.622909896075726 264.7347050048411 73.14243694394827 318.4464228749275 7.323403187096119 1.167451620101929 2.432796373963356 95.482416652143 301.064896479249 244.2584201470017 74.50436022877693 4128.154925905168 2.774914637207985 4.500721119344234 66.94035128504038 2481.597040377557 395.9425293430686 792.0708340406418 0.3365700170397758 9.756862357258797 48.02097304165363 135.8632235750556 23.50941775739193 795.6852106750011 23.39432956278324 325.0552895590663 127.8961949646473 245.6613172516227 7.65767964720726 6.7112832441926 6.258456818759441
0 1524.493280634284 0 0.1424722671508789 0.1485559791326523 0.1024115160107613 0.6526587009429932 0.3416653573513031 151.2045592293143 0 357.7395328879356 1.558388836681843 4692.244933716953 0.6592471301555634 5.619586735963821 36.96364019066095 0.1432061791419983 21.15262013673782 4.259898938238621 0.1070633381605148 7.75408049672842 758.7802275195718 2.161312915384769 216.7006970867515 532.5503397360444 235.9035231843591 2928.255327776074 5.113394379615784 0.3110807090997696 0.1324925124645233 352.3232382535934 0.09634175151586533 0.09457366168498993 92.41744577884674 0 43.58244183659554 140.9032589867711 75.16425086557865 28.52292536199093 11.32390989363194 0 446.3460395932198 0 0 42.03292393684387 0 0 0 0 0.1042861193418503 0 2.303676478564739 0.1139806509017944 115.8105214610696 0 644.5754448696971 0.1136099100112915 0 0.125912070274353 0.2594318389892578 22.51361031085253 12.53033335506916 0 0.07503020018339157 5.959865801036358 0 1.54505081474781 99.45772790908813 232.7054606825113 428.3138136342168 0.3467391654849052 0.1052467375993729 0.296550564467907 147.0394046902657 0 0 0 0 3.320108070969582 39.52850096672773 5.278551571071148 0 0.5086129605770111 0 64.51383289694786 0
54.49497275054455 318.3691069111228 5928.697625555098 0.2467714846134186 0.6462171599268913 17.05204542726278 26.83069270849228 183.2682181447744 19.64144079387188 8.393537603318691 1626.110894188285 8.427689358592033 44.89978630840778 274.5248939096928 1.515564538538456 15.88261713087559 2807.472732059658 2712.925950452685 5075.100543312728 1.789435975253582 47.36363151669502 66.19273895770311 966.6025636717677 40.07844313234091 235.9035231843591 23168.63934849948 11473.18594814092 57.04008872807026 111.9310664832592 282.3010714873672 254.2167152538896 18.88031710684299 5.857617110013962 597.9112509787083 15.94041474163532 1473.954356946051 3182.929940335453 2261.964895963669 612.1350948736072 23.06614728271961 3.662844076752663 87.10783463716507 3.304192684590816 1.003982245922089 312.6299079805613 158.0689158216119 0.2139801830053329 0 0 3.791293896734715 1.657975740730762 2.73853450268507 0 112.1390923261642 0 392.3937769308686 2.647727444767952 0.2298219352960587 8.643219642341137 207.734808601439 312.7748968303204 834.712136618793 0 2.037537708878517 18.96088254451752 11.56709888577461 19.47028820961714 113.5397728979588 4458.08923882246 4208.398776136339 0.9941016957163811 2.126922748982906 10.78093826770782 348.9727091938257 0.1132948473095894 0.5996295213699341 10.07026133686304 6.724008768796921 69.25139943510294 140.5355054065585 66.93829575181007 21.82089713960886 1.851716428995132 0 9.140780210494995 0
29.40917740762234 6904.120836697519 3129.988819845021 0 0.09338178485631943 13.05394154042006 203.1980636715889 69.15833725780249 270.2514614760876 11.86070869863033 323.1889143884182 5.878402709960938 1722.484228342772 116.9233198948205 11.14712747186422 2481.568207219243 3782.285599566996 898.6883099973202 778.815410040319 0.1202909573912621 696.3066890612245 4517.915231190622 9235.146688081324 1947.739478938282 2928.255327776074 11473.18594814092 20333.65863087028 1378.129425086081 63.38363043218851 159.979456782341 923.3946503400803 6.643139019608498 5.451659254729748 1562.390841677785 104.4978508427739 5175.129356354475 3356.375507600605 5719.753113351762 2249.946837604046 178.8213351145387 12.33850038796663 30.06900203227997 30.9150065779686 3.297725677490234 1924.176888056099 1628.850479573011 0.1250954568386078 0 0.2433063387870789 32.41336321085691 13.51314709335566 12.62577094137669 0.6854946613311768 91.07034903764725 0.3635768815875053 362.026767089963 21.826913818717 0.8921382129192352 1047.688620820642 395.5190902352333 251.8010422214866 798.9166046082973 0 26.28346782177687 1140.15727198869 1592.757673494518 126.7180976495147 255.6724164113402 5956.520175173879 14855.27096089721 17.83271380513906 8.956976339221001 51.66910597681999 365.8870919793844 0.4658651500940323 0.7331058084964752 22.52511996030807 28.1478543356061 273.5565431937575 178.6654895022511 150.4313088580966 95.24482471495867 8.935340762138367 0.8554045408964157 9.27028139680624 1.222242683172226
65.21573773026466 20.10766930133104 442.8160980567336 4226.55808749795 4.744420319795609 1329.522508054972 16070.72939506173 543.1058094874024 1116.953309543431 4306.144472926855 21.08357409387827 916.333468772471 8.181210711598396 666.1727805584669 85.42547692358494 1217.886671178043 156.6454861760139 5.204794116318226 26.78675977885723 3513.85293276608 3416.741525739431 105.544334679842 913.8679785504937 4939.03398361057 5.113394379615784 57.04008872807026 1378.129425086081 10292.0188183561 1377.901689849794 11128.3301083371 1.180531650781631 25.00141934305429 541.1922555044293 943.6169938594103 137.9959573596716 3442.44655662775 75.50001012533903 2157.866855762899 1030.950183853507 166.5565330833197 49.15056177973747 3.675149276852608 34.57816888391972 23.17223626375198 6.524524807929993 9.644455634057522 215.2141913175583 2.844962760806084 118.5678192824125 690.9899824038148 213.9368234723806 196.4824271276593 609.5960678458214 3.847653269767761 169.7288235500455 0.6618695855140686 132.3534502759576 59.62263608723879 128.525891289115 4.529785923659801 0.4656820893287659 1.120070435106754 50.53633043915033 175.9773708954453 61.38906466215849 32.41719423979521 1786.196587860584 0.3834556117653847 1.337439730763435 51.27905473858118 1294.622508719563 170.7667258679867 408.7493648603559 0.06758624315261841 4.515204057097435 21.42667823284864 48.17555104196072 12.37327004224062 289.4576847106218 6.417423233389854 131.4710413664579 54.00141085684299 181.8332914039493 2.506663225591183 10.43534439057112 2.101659908890724
2943.418510563672 0.7588495686650276 147.6000843197107 19.76907431334257 42.07155055552721 111.3690303117037 1416.712782546878 210.8801704347134 29.87563440203667 510.7158959507942 280.9054484814405 172.2183793783188 19.49749958515167 4457.885274045169 7.359652101993561 2.831273593008518 425.5364234298468 57.93016857653856 217.9933479875326 40.2449933886528 383.4761373400688 4.60879735648632 235.823443762958 1047.518695250154 0.3110807090997696 111.9310664832592 63.38363043218851 1377.901689849794 14298.97605663538 5540.345481649041 3.46814152598381 1180.635949648917 1910.676287017763 1502.409395053983 37.45990709215403 957.5777050107718 41.09799568355083 1710.60349945724 353.1286263242364 57.70681152492762 45.44705195724964 2.728657491505146 13.61051023751497 3.12920144200325 0.3314374014735222 2.14734910428524 2.025987982749939 0 9.376867808401585 110.3780043572187 30.91913026571274 9.086435228586197 8.137907795608044 0.8987238332629204 1.336538344621658 0.09049081057310104 20.46979545801878 0 2.137432374060154 0.393274798989296 0.1334046572446823 0.59122234582901 0 3.334493637084961 1.545682981610298 0.9769655764102936 147.0897257700562 0 4.889266192913055 11.33121709525585 99.66898226365447 26.19882036745548 35.24301873147488 0.09871514141559601 0.5308995619416237 2.131402939558029 6.99881637096405 0.9627416580915451 50.6130678653717 0.2265759259462357 28.07826879620552 6.974170185625553 9.651265047490597 1.234228521585464 3.859930515289307 1.737925440073013
