1116.22074508667 0.2445856258273125 97.86931650340557 11.43487320095301 0.7703272923827171 24.48081228882074 2405.754402197897 1002.77718013525 16.71992724388838 56.22580483555794 33.29579915106297 2.975949838757515 1.770427286624908 6659.989227026701 2.220660284161568 9.024878241121769 220.4433525204659 16.73945993930101 75.87729402631521 3.916931584477425 62.17418143898249 3.27476854622364 237.462279304862 343.5115033388138 0.2238245606422424 91.39402043819427 57.06253992021084 259.5914247259498 2481.688584759831 3056.436481788754 0.8168151378631592 3.845137782394886 37.24326740950346 267.4059619680047 1.199592292308807 63.63381637632847 9.907370023429394 222.3482670858502 41.09593509882689 8.689032718539238 2.38096484541893 0.3505966812372208 0 7.079609848558903 0.1224080920219421 2.667341791093349 0.1209451332688332 0 1.353426843881607 40.78325380384922 11.02236062288284 4.897011257708073 0.6996692642569542 0.926861897110939 0 0 16.5443676635623 0 8.485502883791924 0.6708963066339493 0.6338276341557503 0.2298182174563408 0 20.5214913636446 0.7011313140392303 1.137788020074368 67.97488860040903 0 2.961370207369328 3.021329887211323 71.16141229122877 22.90638533234596 26.57560905069113 0.131373405456543 0.2084867805242538 1.722053118050098 3.354612082242966 0.6774364113807678 38.3649947270751 0.3031228631734848 16.15623541921377 6.602108605206013 11.37074814736843 0.4488299712538719 0.2365459352731705 0.7713935375213623
0.2445856258273125 141.3827331438661 185.4268938302994 0 3.327420793473721 1.214509695768356 0.3418755158782005 0.4357368052005768 1090.398650996387 0.3739133253693581 70.94227812439203 1.359803728759289 829.9010035246611 1.056950323283672 27.53615282475948 340.6076974719763 52.59049706161022 1.877102017402649 8.870704516768456 0 33.50633084774017 2141.136692531407 16.24056953191757 1156.111314535141 1448.334592595696 566.0539568811655 7448.843799315393 14.89023764431477 1.911696262657642 1.625842466950417 72.7735978141427 0.1750181764364243 0 21.0697178542614 0 29.3962574377656 194.4141151979566 72.4467227011919 10.46334272623062 15.4071247279644 0.5442797690629959 15.58468922972679 0 0.1166010499000549 24.31032862514257 45.9512912556529 0 0 0.121308870613575 0 0.1018558144569397 4.061950705945492 0 29.07268813252449 0 73.45087210834026 0 0 1.036764934659004 35.03231794387102 5.85365704447031 19.04887860268354 0 1.179077632725239 2.096918985247612 0.7387447506189346 3.41876869648695 13.05327585339546 213.7880822047591 1236.597056291997 0.925142727792263 0.3630713820457458 0.8974881023168564 7.929345346987247 0 0 4.070899404585361 0.5306128859519958 19.32969827950001 20.77939540892839 21.26926444470882 3.968288652598858 0.225569024682045 0 2.228091597557068 0
97.86931650340557 185.4268938302994 3824.879858672619 9.15006846934557 0 68.93701314181089 1212.039486549795 261.0484018176794 1.650393210351467 88.57958187907934 6.511063635349274 0.8484530448913574 4.112428545951843 371.2671523541212 0 9.422363743185997 2333.827518686652 29.53576801717281 64.87880671024323 1.396033525466919 149.6213353425264 336.2127279788256 8202.41899394244 101.2605005800724 0 7946.504277423024 6600.208598941565 143.7010546848178 63.7199122607708 875.6142005175352 1.152706883847713 0.9539132639765739 1.562942110002041 385.0974755138159 17.71156410127878 1694.376660913229 6386.107573375106 1606.086382247508 480.6748090982437 17.50515012443066 3.846466064453125 0.9519944787025452 12.75088407099247 0.1431651562452316 230.9923783615232 1495.35818707943 0 0 0.3228501677513123 5.942320868372917 1.533823870122433 0.331743523478508 0.376896858215332 0.8003324866294861 0.1678854823112488 0.7548603788018227 0.8435773253440857 0 35.27410168200731 396.4381779059768 1.677284948527813 24.93917633593082 0 11.50938379764557 31.44679392874241 208.3562647849321 9.706382624804974 0.9341947361826897 659.0788320302963 4675.053625367582 9.865804046392441 1.300598181784153 7.269432976841927 0.6074441373348236 0 0 51.64763455092907 3.910479418933392 201.0796337947249 21.5084425881505 191.4745455980301 57.54529508203268 2.93589810281992 0.232294037938118 0 0.8718720376491547
11.43487320095301 0 9.15006846934557 2053.959781356156 16.53335427492857 79.24298688024282 427.2766361385584 55.37488870322704 1307.073638774455 2749.628461994231 7.529910922050476 1961.160741098225 1.278256669640541 37.39184223115444 170.7912516370416 0 1.978912726044655 1.265043683350086 1.689653269946575 4139.787443131208 2.649771451950073 0 4.944501511752605 1943.477199360728 0.1150349229574203 6.442017093300819 1.526097558438778 2018.533978149295 129.8502358049154 4.837164424359798 0.08149248361587524 1.635856285691261 5.616536319255829 35.49216948449612 7.703434497117996 210.2536373659968 2.70810853689909 133.3345909640193 51.65480250120163 186.8677450791001 7.562361441552639 0.4199016094207764 4.965700589120388 1.371844887733459 0 0.6352797225117683 243.4918216615915 0.2570976763963699 17.99723350256681 159.6482652053237 25.94081979244947 172.210880741477 380.1383793503046 1.166338331997395 175.8085508644581 0 20.49188364297152 8.005142457783222 0.2392245829105377 0.1030549630522728 1.716293297708035 0 225.0357643514872 0.4240541830658913 0.1380138099193573 0.1420615613460541 347.3741452097893 0 0.6662757620215416 0.187693178653717 401.8605965301394 11.00830356031656 1.210369363427162 0.1285050511360168 1.703926376998425 0.7317335605621338 5.231211014091969 0.3621291369199753 6.763954877853394 0.4070105999708176 23.22057358175516 3.101337447762489 30.55574885010719 3.018648698925972 0.1494186073541641 0.2093427181243896
0.7703272923827171 3.327420793473721 0 16.53335427492857 14.28540071845055 584.7514419332147 7.577016927301884 198.3031134977937 191.5543420240283 20.25897365808487 4.875042930245399 199.0412603393197 7.228661231696606 14.63413256406784 1772.071837499738 0 0 0 0.3713699579238892 26.47975369542837 0 8.875140681862831 0.1058157086372375 71.07490731030703 0.2982767596840858 0 3.878461010754108 7.505322344601154 3.328893952071667 0.928104043006897 0 91.68909323960543 0 57.36551281064749 0 102.0760994628072 0.8321783766150475 52.61826559901237 33.51091512292624 1368.833492174745 109.2956749051809 0.6590391397476196 5.736385196447372 0 0 0 0.3285872042179108 0 0 1.145546674728394 0 0.3282655775547028 1.401417970657349 0 0.3776037991046906 0 0 3.030439257621765 0.1164973974227905 0 0 0 0 0 0 0.1090752780437469 0 0 0 0 1.424106568098068 0 0 0 0 0 0.5736298486590385 0 0.9673235565423965 0.8350964784622192 0.362322598695755 0 0 0 1.603213340044022 0
24.48081228882074 1.214509695768356 68.93701314181089 79.24298688024282 584.7514419332147 8392.659362748265 3186.044956691563 5314.538937024772 306.7016959488392 4570.240353122354 96.23281727731228 3955.538652412593 34.95202796161175 654.8899529501796 2488.71888846904 0.1286711543798447 13.71066991239786 8.764012053608894 17.12337864935398 540.7807525619864 38.8458401709795 2.06562702357769 70.40470542758703 265.6974138692021 0.4175072535872459 50.69233313947916 12.28570927679539 343.2756687775254 304.2844749689102 14.66332216560841 2.656563326716423 371.2882156744599 5.470978587865829 453.0886893495917 9.068423859775066 647.0941631793976 20.42229276150465 381.0117490664124 146.3485840857029 3864.248963408172 816.9871270731091 7.763045325875282 18.72884164750576 1.57006824016571 0.1088415160775185 1.72435712069273 84.87059357762337 0 21.07016459107399 171.9638991355896 32.31349056959152 12.59772770106792 181.2170832529664 2.080986484885216 155.7412576973438 0.1453502923250198 35.22238592803478 16.12098350375891 0.2250596210360527 0.4080600887537003 0.9708365052938461 0.5410034209489822 123.6250359788537 0.6133044436573982 0.1797519624233246 0.4841631874442101 111.8838369399309 0.1059701517224312 2.784964844584465 2.284210883080959 206.9523662999272 15.02829051017761 3.376979783177376 0.7019023597240448 0.8413540571928024 0.4059487357735634 6.797946974635124 0.9283898025751114 13.19574693590403 2.571063034236431 28.91469513624907 6.565223842859268 97.67865133285522 2.101200699806213 1.65593034029007 0.1043465510010719
2405.754402197897 0.3418755158782005 1212.039486549795 427.2766361385584 7.577016927301884 3186.044956691563 9314.541680410504 3718.76113320142 304.6468907892704 11396.70275726169 53.62393368035555 144.5623270124197 6.807633310556412 5099.821496628225 46.53023727983236 2.33498652279377 249.9715368375182 20.7219081223011 52.87482243776321 223.8787515759468 1971.831457354128 8.886664591729641 2350.107268244028 3258.330887742341 0.1063652560114861 403.5669179782271 96.17776281386614 18476.31884358078 892.2592198103666 4334.173269197345 1.45277463644743 9.412285186350346 34.18789187073708 281.9698447957635 37.12802764773369 1152.265373855829 57.44069965183735 901.8632329180837 341.5252002179623 214.6513276621699 42.26393921673298 0.5501388758420944 15.47265470027924 15.01346375048161 0.5317440927028656 4.009717009961605 77.85006669163704 0 40.16708040237427 575.1017143279314 145.3621426075697 87.07792630791664 149.8902051374316 10.49672798812389 31.15523529797792 0.8772470057010651 139.0247469097376 5.895859777927399 13.68627458065748 1.30681648850441 3.117676079273224 1.876591257750988 61.08647934347391 8.94097176939249 2.827873155474663 22.15479814261198 626.0334847345948 0.2859625145792961 7.95023712515831 22.56527549773455 713.5509332567453 74.84614991396666 18.65269408375025 1.089442878961563 4.278780214488506 2.336552649736404 45.95354641228914 4.359667032957077 91.47982081025839 2.523488566279411 115.0886376351118 32.72902151942253 76.02449087053537 13.16036063432693 0.1384339928627014 0.8422329425811768
1002.77718013525 0.4357368052005768 261.0484018176794 55.37488870322704 198.3031134977937 5314.538937024772 3718.76113320142 4947.588599666953 50.32381907850504 2179.476655073464 102.1295544356108 1779.667377077043 35.76958265155554 4541.189817130566 163.8650115132332 2.890451870858669 217.8909965008497 23.22873338311911 80.8521226644516 514.5078070536256 123.5910436436534 1.153361409902573 345.003680229187 678.8439115360379 0.7468423694372177 207.5785888507962 74.25610668957233 625.4976436421275 776.4907666519284 966.5731899291277 1.596448943018913 1502.173092953861 35.75911229103804 456.7513071745634 11.79678487032652 559.9096153303981 38.96661955118179 489.0960871130228 166.8295043036342 1294.232723265886 94.34701392054558 7.053569138050079 11.83052708208561 11.82500904798508 0.2715101391077042 4.460320919752121 28.07854525744915 0 35.92203150689602 498.6270367875695 90.27592327445745 16.85050667822361 77.74115914851427 7.867468245327473 22.24355497956276 0.5900369435548782 121.3256049081683 4.23337384313345 4.642671100795269 0.2940228581428528 2.068326622247696 1.170821897685528 30.42119704931974 16.23711926490068 0.7464988902211189 2.019153118133545 333.5009147897363 0.2862688601016998 3.338356681168079 8.300008550286293 486.0971210598946 62.24523124098778 34.81160169839859 0.2916019558906555 4.08038268238306 3.992397174239159 28.4442490786314 1.516646787524223 63.87252369523048 3.851403683423996 75.53861499577761 15.67408782988787 52.42710372805595 7.772065423429012 2.25812429189682 0.8069021999835968
16.71992724388838 1090.398650996387 1.650393210351467 1307.073638774455 191.5543420240283 306.7016959488392 304.6468907892704 50.32381907850504 1079.099292337894 593.5756476968527 3.904062636196613 833.4864387512207 54.99950198829174 40.20493179559708 811.8891291618347 57.5362383723259 5.604818850755692 0.2870322465896606 1.352606654167175 1009.411276161671 27.82194738835096 2432.910927928984 2.304023541510105 6547.346647568047 174.4954688698053 54.46624949574471 879.3140781894326 1072.205544039607 70.14946015179157 64.96791955083609 5.424489594995975 2.599003374576569 8.526557274162769 15.79518663883209 4.056731171905994 87.48806714266539 9.166407003998756 44.12153179943562 29.70505297929049 336.2082962915301 25.02721976488829 1.359620928764343 1.159192591905594 21.55931198596954 3.213362388312817 1.316753275692463 207.2771984040737 0.1591050773859024 8.229537062346935 153.4047770723701 33.31213241815567 131.0337089151144 277.9914771765471 2.65583011507988 139.3216815590858 3.547801971435547 72.05687593668699 10.74005893617868 72.40401969850063 0.4553769826889038 0.7367285639047623 1.114325433969498 182.2165239304304 47.85200437903404 31.22175847738981 5.575254760682583 1169.53086360544 1.229126915335655 4.653695747256279 9.525820933282375 515.1091278642416 82.52517206221819 116.0710608363152 0.7493501752614975 0.9457439929246902 7.741909474134445 15.53377847373486 2.243197724223137 76.50131333619356 3.460303150117397 41.29303009063005 27.99706330895424 43.58798263967037 4.131486088037491 0.3176876530051231 1.299678087234497
56.22580483555794 0.3739133253693581 88.57958187907934 2749.628461994231 20.25897365808487 4570.240353122354 11396.70275726169 2179.476655073464 593.5756476968527 24437.54395406693 147.2973238602281 4371.233251310885 31.71129177510738 1007.656912125647 61.49909103661776 0.8376150652766228 23.25677515566349 26.78842107951641 47.89060112088919 3412.48591478169 53.82089983671904 0.4603278338909149 77.67153652012348 652.9792972579598 1.209866546094418 79.76298678666353 27.48901432752609 4219.235508106649 1242.608886271715 27.35002178698778 3.458999618887901 49.04854264110327 14.42611559480429 572.9092853739858 65.24246609210968 1721.663365699351 70.32075628638268 1931.427187860012 373.8866781964898 193.6719807907939 99.44986265152693 24.88211542367935 35.89892265945673 5.882629059255123 0.1218963041901588 4.119853019714355 476.5456042215228 0.3081594407558441 64.59829832613468 707.5896994173527 138.4724925905466 197.2660700455308 920.9163991138339 7.67580634355545 273.7407171055675 2.89733299612999 102.7204326242208 18.29292215406895 0.687519371509552 0.5681839808821678 2.193734586238861 2.448098935186863 473.9692390263081 3.340994484722614 0.3107263147830963 2.079866468906403 861.7238435223699 0 4.74332320690155 4.215212270617485 1180.987196691334 50.70741127431393 3.814390204846859 0.651596836745739 4.988364927470684 2.195611990988255 28.72277855873108 4.196001559495926 47.61446134001017 13.98104079067707 93.45884361118078 26.17025616765022 124.6411645188928 8.025069043040276 8.749956123530865 1.165247574448586
33.29579915106297 70.94227812439203 6.511063635349274 7.529910922050476 4.875042930245399 96.23281727731228 53.62393368035555 102.1295544356108 3.904062636196613 147.2973238602281 9525.09406580776 116.9763984978199 2680.127101697028 396.5605698078871 5.534929536283016 0.486836850643158 151.8952331617475 2434.344004370272 737.2378101944923 55.30663467943668 35.19005505740643 5.772391088306904 70.74655868113041 44.1127812564373 396.8194834962487 2453.084003098309 300.455639988184 47.47313389182091 533.6759517714381 120.9610255211592 408.1003365069628 111.1145057380199 7.588243968784809 7160.550791963935 7.245394229888916 367.2055801898241 1986.56807281822 4672.47084569931 527.0313643068075 138.5631273388863 32.82572481781244 369.1924970000982 2.449065938591957 1.060731135308743 3.604467704892159 0.1942272335290909 1.475823163986206 0 1.40358230471611 19.14697045087814 2.733436144888401 0.160336822271347 1.923959031701088 261.7916022092104 0.3467504978179932 528.277609564364 5.160459615290165 0 0.7392881587147713 1.04471817612648 44.30963153392076 1.579969927668571 0.5238678231835365 0.6295928731560707 0.1976455748081207 0.09781987965106964 21.78162793815136 65.26300010085106 54.50805144011974 61.10112243890762 31.44850715249777 3.560476526618004 2.404630467295647 65.42190590500832 0.3601052388548851 0.6512619853019714 31.643524736166 0.2816319391131401 12.84660600870848 117.0495879203081 56.47157976776361 5.352871268987656 4.780264481902122 1.160053104162216 262.7865907400846 0
2.975949838757515 1.359803728759289 0.8484530448913574 1961.160741098225 199.0412603393197 3955.538652412593 144.5623270124197 1779.667377077043 833.4864387512207 4371.233251310885 116.9763984978199 9844.996909223497 23.57411225140095 483.9083288684487 1214.215047322214 0 3.701843686401844 15.1437150016427 29.1100038215518 4735.826006531715 0.2003043219447136 2.838682442903519 0.5189993008971214 184.9714274853468 0.4505343586206436 27.16987384855747 13.44512052088976 332.8185925409198 356.3009048327804 4.910274408757687 2.264666773378849 50.77232778072357 0.1001492887735367 322.0376186743379 7.564940705895424 497.4140793979168 12.61617139726877 461.3830229192972 52.70876383781433 1713.660668864846 37.32717702537775 3.487501539289951 4.807454362511635 0.5952750444412231 0.1457176208496094 0.1033136993646622 187.1396185383201 0 25.00411509722471 108.5230679363012 20.83906157314777 53.70809268206358 467.4880085140467 0.1568767428398132 303.0133339837193 0.1647100448608398 11.45291201770306 50.22108246386051 0.2276617586612701 0.599780797958374 0.5487241744995117 0 252.9263835698366 1.357119455933571 0.1976126730442047 0.1301561892032623 86.18718600273132 0 0.1227262541651726 0.4744042977690697 204.7780490219593 6.8574258685112 0.5085736513137817 0.07780493795871735 0.3237755298614502 0 12.63330710679293 0 6.554086625576019 0 3.835426799952984 0.7120378836989403 174.9521505683661 0.3780902028083801 2.12339736521244 0
1.770427286624908 829.9010035246611 4.112428545951843 1.278256669640541 7.228661231696606 34.95202796161175 6.807633310556412 35.76958265155554 54.99950198829174 31.71129177510738 2680.127101697028 23.57411225140095 2159.818993844092 43.5106732621789 1.486336253583431 10.56880950182676 1.725380167365074 30.24483469128609 9.82961331307888 9.883735701441765 15.96931934356689 144.0828584358096 46.00705870985985 59.25849565863609 3022.284398086369 65.59375537186861 1279.361703075469 10.14316042512655 35.68149974942207 5.940725676715374 136.3225959762931 34.94431494921446 0.3504369258880615 894.2984115555882 93.04129303246737 2397.059163711965 6813.441822424531 6223.456183694303 907.2097913101315 156.8756822198629 110.8442685678601 1249.251397356391 19.26788111031055 0.2810372412204742 40.68557150661945 1.540755197405815 0 0.203615590929985 0.3226000070571899 3.352532535791397 4.199155017733574 2.824473649263382 0.5269497856497765 1596.321606419981 10.31763297319412 4552.757143855095 2.65294922888279 0 0.1956194490194321 0.6957061588764191 203.3538431227207 10.09577344357967 2.419628143310547 1.140959858894348 4.399244800209999 1.599855586886406 10.41180669516325 629.6889092251658 286.3182060495019 372.9328718110919 3.5818005874753 1.671481505036354 0.3881712555885315 475.2118046581745 1.652516700327396 0 116.6997764706612 46.45989023149014 227.9100108966231 499.7292594239116 139.3032650873065 22.05905394256115 1.633925810456276 8.632312744855881 423.0458446890116 0
6659.989227026701 1.056950323283672 371.2671523541212 37.39184223115444 14.63413256406784 654.8899529501796 5099.821496628225 4541.189817130566 40.20493179559708 1007.656912125647 396.5605698078871 483.9083288684487 43.5106732621789 8107.948550723493 29.50542213767767 6.505240693688393 350.5663517192006 74.35606868565083 207.7220017686486 222.5551762804389 167.3282282277942 3.569322019815445 537.9928151294589 662.732935205102 1.097040042281151 318.4837864711881 151.4268198385835 533.6577243357897 4055.09164211899 2159.475547730923 6.675031691789627 953.6073291227221 41.73280954360962 1337.102358408272 5.070503957569599 513.8678344413638 38.80812809616327 864.6982741430402 139.6172407120466 531.2105796933174 35.60699553787708 6.785174682736397 6.552454240620136 10.75575073063374 0.3480691835284233 5.997829854488373 27.71386095881462 0 13.03690991550684 286.774919308722 66.75293629616499 23.12366337329149 62.82597245275974 1.655506871640682 19.26122789829969 0.3389626741409302 60.46263937652111 3.082921057939529 15.55317606776953 0.3818660601973534 0.8246817514300346 0.9119239374995232 25.07889003306627 24.96565256267786 1.128497533500195 3.262531101703644 256.8474422320724 0 6.245196841657162 9.762131057679653 344.6180081218481 49.83123903721571 37.45093356817961 0.2342245578765869 2.51780017465353 2.760495752096176 19.46230751276016 2.217612609267235 92.19350455701351 3.992285199463367 68.6053441464901 20.54406819492579 39.67048984766006 9.027256906032562 2.881450891494751 0.5207808762788773
2.220660284161568 27.53615282475948 0 170.7912516370416 1772.071837499738 2488.71888846904 46.53023727983236 163.8650115132332 811.8891291618347 61.49909103661776 5.534929536283016 1214.215047322214 1.486336253583431 29.50542213767767 216.4375684857368 0 0.3788534700870514 0.112033985555172 0.5026561766862869 248.0524945184588 0 71.2776105478406 0.4568888396024704 1050.425762757659 2.287701107561588 2.382602453231812 31.02213369309902 105.6199019476771 10.86420230567455 1.935953207314014 0.1013594269752502 156.9161693006754 0.6039858981966972 23.81338420510292 0 77.03899688273668 0.5668912380933762 17.23115412145853 6.123298935592175 808.4215897545218 389.5875488072634 0 0.8358395546674728 0 0.2039187103509903 0 5.957505762577057 0 0.3289397656917572 5.07518744468689 1.742541551589966 2.579329937696457 9.076323091983795 0.3056563213467598 11.50167819857597 0.102288231253624 0.8538033962249756 2.404302835464478 1.24015087634325 0 0 0 5.505573764443398 1.248745501041412 1.556403025984764 0.1225864589214325 2.055266723036766 0 0 1.049163624644279 3.508691661059856 1.463711872696877 0.5952971130609512 0 0 0 0 0 0.4231240674853325 0.1255341023206711 0 0.4148098826408386 7.460078239440918 0 5.121506214141846 0
9.024878241121769 340.6076974719763 9.422363743185997 0 0 0.1286711543798447 2.33498652279377 2.890451870858669 57.5362383723259 0.8376150652766228 0.486836850643158 0 10.56880950182676 6.505240693688393 0 1855.400651991367 14.78057446330786 0.4950096011161804 1.318366788327694 0.2563264816999435 1651.302294418216 3477.795784510672 2492.793250381947 2198.991806745529 26.35532070696354 39.36703115701675 3342.176911495626 531.9766829758883 79.86661484837532 110.4136814251542 0.9513155221939087 0.4300918206572533 8.228035934269428 30.44486755132675 31.99453660845757 1721.613495513797 537.9818645045161 256.7101113274693 498.2730162963271 9.388015881180763 1.942452013492584 1.506362065672874 7.831269115209579 26.94151916354895 1.440960682928562 18.51209658384323 0 0 2.100634187459946 31.82721523940563 7.096112906932831 69.86072036623955 1.81983920186758 0.6361306980252266 0.1120957732200623 0.6602236032485962 30.73099230974913 0.2600668221712112 2731.155006110668 2.291047364473343 0.7280401661992073 1.631753154098988 0.2199737727642059 965.8353388831019 991.8893133997917 1992.090234480798 382.0536220371723 0.2310823649168015 7.581746891140938 213.0478317588568 267.6868759021163 103.2315141186118 414.5219366699457 0.08083886653184891 0.751304529607296 7.376367598772049 24.92314878106117 8.330339767038822 295.4681490436196 9.522320747375488 74.49966774135828 58.26352373510599 5.854077562689781 2.533094801008701 0.1107052937150002 2.045292645692825
220.4433525204659 52.59049706161022 2333.827518686652 1.978912726044655 0 13.71066991239786 249.9715368375182 217.8909965008497 5.604818850755692 23.25677515566349 151.8952331617475 3.701843686401844 1.725380167365074 350.5663517192006 0.3788534700870514 14.78057446330786 1381.539685882628 259.4615790992975 3662.737362839282 2.607945144176483 1136.639433607459 30.76893881708384 3637.665622271597 35.6211750805378 2.906862407922745 2934.375576153398 5755.499146357179 23.73177272826433 581.0126236900687 3135.949014492333 0.6702778190374374 1.897895075380802 14.96617554873228 1414.765121549368 3.656211599707603 324.5216961279511 2621.475448913872 1602.700218886137 211.2928581982851 4.118989944458008 0.1547745615243912 1.822409614920616 2.186737321317196 0.2183598130941391 35.90356884151697 103.1675109416246 0 0 0.1052011698484421 1.335858449339867 0 1.127948425710201 0.2930725812911987 1.655821293592453 0 2.773133680224419 0.6110889539122581 0 3.706689447164536 106.654541939497 4.641487829387188 55.37439666688442 0 2.692287810146809 1.513185597956181 8.193387225270271 3.527812942862511 2.194033823907375 390.1234626099467 743.5368571430445 5.213629543781281 1.105010859668255 1.63660990446806 1.342147581279278 0 0 5.330259740352631 0.2888702675700188 34.37420422583818 7.686833158135414 42.88909897953272 7.442834660410881 1.728433966636658 0 0 0
16.73945993930101 1.877102017402649 29.53576801717281 1.265043683350086 0 8.764012053608894 20.7219081223011 23.22873338311911 0.2870322465896606 26.78842107951641 2434.344004370272 15.1437150016427 30.24483469128609 74.35606868565083 0.112033985555172 0.4950096011161804 259.4615790992975 603.6371684968472 1269.669078864157 9.22458878159523 13.21309446543455 0.9348310530185699 84.46871771663427 10.30519092828035 8.115053489804268 2122.807466939092 752.3270641490817 5.526985734701157 95.04411698132753 83.5885366871953 48.48505757749081 12.57960160076618 1.55095662176609 933.5954423397779 10.50023187696934 480.7471068128943 674.4846323132515 2127.041033223271 406.9672964066267 15.79842779040337 1.942026600241661 4.780535638332367 3.181227281689644 0.2975668013095856 0.5365395247936249 0.2005219757556915 0 0 0 2.767181172966957 0.6448433324694633 0 0.1731588542461395 62.96815824508667 0.3529641479253769 84.82535368204117 0.5770964622497559 0 0.3232473805546761 1.003235198557377 72.20153701305389 7.933161340653896 0 0.08631241321563721 0 0.1166491433978081 2.910374961793423 8.61565238982439 138.6451329886913 141.928312137723 2.689928032457829 0.3771047443151474 0.3714923858642578 73.30483940243721 0.4177049994468689 0.1961871981620789 2.233313798904419 0.4946818649768829 4.881840787827969 9.036128096282482 10.27528737485409 1.595765650272369 0.4895443022251129 0 0 0
75.87729402631521 8.870704516768456 64.87880671024323 1.689653269946575 0.3713699579238892 17.12337864935398 52.87482243776321 80.8521226644516 1.352606654167175 47.89060112088919 737.2378101944923 29.1100038215518 9.82961331307888 207.7220017686486 0.5026561766862869 1.318366788327694 3662.737362839282 1269.669078864157 897.9462140649557 16.14356633275747 147.3725267574191 3.478724755346775 531.0074991807342 15.38257919251919 13.98328134417534 2990.390757456422 1635.515590973198 14.07466414570808 349.6024479717016 530.9375603273511 7.014504745602608 17.79448107630014 8.756031580269337 3710.651469543576 12.05388183146715 950.7184226736426 1212.657817035913 3492.080378368497 422.6025192588568 21.67879161983728 0.7640582770109177 4.992871284484863 3.412211857736111 0.3251155614852905 7.68266075104475 5.366007417440414 0 0 0.5517350286245346 3.271403394639492 0.7954990640282631 0 0.2347558736801147 28.96421530842781 0 27.23502816259861 1.103323638439178 0 0.8456448540091515 7.015293277800083 73.2383484095335 66.43842772394419 0.119731217622757 1.545041449368 0.7682704776525497 0.7726669609546661 4.157378666102886 9.535032361745834 462.9101550877094 454.5450262054801 5.07199565321207 1.834569178521633 2.098777696490288 29.47814103215933 0 0 4.598252482712269 1.135075345635414 18.6126301959157 24.72077059000731 32.14674054086208 8.534163951873779 1.813178211450577 0 0 0.1864482462406158
3.916931584477425 0 1.396033525466919 4139.787443131208 26.47975369542837 540.7807525619864 223.8787515759468 514.5078070536256 1009.411276161671 3412.48591478169 55.30663467943668 4735.826006531715 9.883735701441765 222.5551762804389 248.0524945184588 0.2563264816999435 2.607945144176483 9.22458878159523 16.14356633275747 766.4895171448588 0.6005442440509796 0.2639295607805252 1.586946353316307 340.9312108457088 0.3434429839253426 16.88320202380419 7.084071055054665 1721.836395934224 245.4929143860936 2.50376807898283 1.103938683867455 13.8705198019743 1.111791409552097 148.4300384297967 8.325422331690788 312.3229075968266 5.028755098581314 368.1682353839278 54.16521899402142 474.1564128473401 16.40208951383829 0.3466803729534149 6.551352456212044 0.3489635810256004 0 1.153024397790432 286.7332546561956 0.2122931182384491 27.73140905052423 225.012459166348 38.19343139231205 132.5099951475859 560.7944961488247 2.384336359798908 261.5655803456903 0.3380657061934471 27.34734273701906 14.15495902299881 0 0.2520995438098907 0.3463590145111084 0.4785467982292175 320.7750030606985 1.120130531489849 0.1286236494779587 0 354.7437418922782 0 2.031679332256317 0.7121905162930489 501.5571447685361 10.32515098899603 1.402579009532928 1.049804121255875 0.4041774198412895 0 9.452280521392822 0.4043634980916977 9.932583071291447 0.381341427564621 20.99876492470503 3.069058790802956 94.76185297966003 1.327220395207405 0.2903873026371002 0.4789508283138275
62.17418143898249 33.50633084774017 149.6213353425264 2.649771451950073 0 38.8458401709795 1971.831457354128 123.5910436436534 27.82194738835096 53.82089983671904 35.19005505740643 0.2003043219447136 15.96931934356689 167.3282282277942 0 1651.302294418216 1136.639433607459 13.21309446543455 147.3725267574191 0.6005442440509796 7126.030177690089 233.9541521146894 6302.53402338177 337.6853733733296 3.96851397305727 47.86704327911139 813.7909466773272 3842.149191342294 358.3425169363618 8438.213828265667 0.2143818885087967 0.1734452247619629 44.39698848873377 2739.953429408371 155.9852252528071 6057.610103726387 793.3265061974525 7131.900846868753 4939.516086094081 90.42131049931049 14.10740030556917 5.078986346721649 40.4869177788496 25.88869680464268 0.6307783722877502 13.00992824882269 0 0 1.190805405378342 28.05163165181875 10.01175829023123 42.87720073759556 0.4775349423289299 0.6584125906229019 0.3198446929454803 0 32.98708391189575 0.830154225230217 723.3191962763667 2.249767273664474 0.3004203140735626 0.78185074031353 0.4006256461143494 662.9761997610331 152.7137065604329 271.6983568966389 301.6283339932561 0 7.875816754996777 47.38083165884018 242.0230360925198 96.49318198114634 418.4246666878462 0 0.471749521791935 9.656685061752796 18.70302461087704 9.564626097679138 224.9219951406121 4.950443774461746 60.27467057853937 35.05777108669281 9.566970109939575 3.337005116045475 2.072242453694344 2.487384177744389
3.27476854622364 2141.136692531407 336.2127279788256 0 8.875140681862831 2.06562702357769 8.886664591729641 1.153361409902573 2432.910927928984 0.4603278338909149 5.772391088306904 2.838682442903519 144.0828584358096 3.569322019815445 71.2776105478406 3477.795784510672 30.76893881708384 0.9348310530185699 3.478724755346775 0.2639295607805252 233.9541521146894 1638.900252178311 782.2446220219135 5414.32936065644 499.8040703460574 154.5370595902205 7765.297308236361 153.0686367824674 22.22185439616442 27.20345050096512 14.46925090998411 0.1252403259277344 0.7916869819164276 12.73317383974791 4.004942715167999 131.1202266588807 60.25045406073332 66.37801740318537 42.99674769490957 49.76444894820452 1.535312779247761 2.607602678239346 0.2122246026992798 2.240425743162632 12.00272950530052 110.408345349133 0.5473494529724121 0 0.7666458189487457 15.97334023565054 1.723659425973892 22.52653075754642 3.603823252022266 3.901463590562344 0 10.24668765068054 3.46173483133316 0.3441088497638702 1266.003382310271 14.90216600894928 0.3498528152704239 2.110569812357426 1.41905403137207 126.553819745779 126.5497667491436 634.3656079769135 113.9865142479539 1.945910215377808 44.3230736926198 1371.677584655583 62.79418237507343 8.976106844842434 49.25066787004471 0.5036122500896454 0.1004173159599304 0.7599937543272972 6.266642928123474 0.8653629273176193 76.68267379701138 9.503455057740211 35.51280894875526 22.65146028995514 1.586500018835068 0.5904968529939651 1.058518126606941 0.2983882576227188
237.462279304862 16.24056953191757 8202.41899394244 4.944501511752605 0.1058157086372375 70.40470542758703 2350.107268244028 345.003680229187 2.304023541510105 77.67153652012348 70.74655868113041 0.5189993008971214 46.00705870985985 537.9928151294589 0.4568888396024704 2492.793250381947 3637.665622271597 84.46871771663427 531.0074991807342 1.586946353316307 6302.53402338177 782.2446220219135 11544.91902077198 581.1010065078735 1.161011651158333 3759.749615177512 6897.596375159919 2764.48864634335 392.4072880074382 7355.83042922616 1.047799281775951 1.481260716915131 12.88917983323336 2140.012537106872 254.3825839608908 11323.87778189033 4895.611251480877 8362.22296179086 7848.521017827094 234.046359822154 42.33251835405827 18.08637349307537 106.1140902489424 4.174300946295261 14.0755106061697 423.3295629099011 0.9208353087306023 0 1.331763781607151 24.91754768788815 2.265891924500465 5.45592200756073 0.7551567554473877 0.6554759293794632 0 0.1535771191120148 2.170741572976112 0 2333.660133622587 16.99328864365816 1.452874511480331 1.678110726177692 0 397.283694319427 551.2658747509122 2815.52634729445 108.4547781720757 0 24.88018517196178 1808.65998993814 96.379887573421 17.93718529492617 138.8068137615919 0.231765478849411 0 1.487413689494133 25.10060751438141 18.08577883243561 297.8130420446396 21.14739935845137 122.0894246473908 106.0511734187603 3.166855722665787 0.7250822484493256 1.078979566693306 1.397106245160103
343.5115033388138 1156.111314535141 101.2605005800724 1943.477199360728 71.07490731030703 265.6974138692021 3258.330887742341 678.8439115360379 6547.346647568047 652.9792972579598 44.1127812564373 184.9714274853468 59.25849565863609 662.732935205102 1050.425762757659 2198.991806745529 35.6211750805378 10.30519092828035 15.38257919251919 340.9312108457088 337.6853733733296 5414.32936065644 581.1010065078735 5643.938151657581 176.9847506657243 87.55408694595098 2907.937078729272 8271.268782638013 2044.716560102999 1876.247452743351 7.951321594417095 14.09529426693916 328.2296106144786 379.301193408668 132.5231182128191 2784.705068007112 113.3478567898273 1376.417797394097 958.0033054053783 742.893217548728 53.81207966059446 1.933050930500031 24.01567320525646 142.7875901460648 6.898890070617199 13.17284633219242 121.7903744205832 0.6385245993733406 60.65160221606493 965.87777531147 232.7721256241202 816.6104961782694 199.0640047565103 20.41250082105398 71.96261818706989 4.44702635705471 379.4348144605756 12.48150184750557 244.2584323137999 3.261379778385162 10.18352185189724 6.580064229667187 112.5632101669908 169.359895169735 119.4389474317431 123.0146309360862 2787.943130038679 3.691508755087852 17.39701844751835 56.50460456684232 1869.496757559478 457.8993569910526 448.739828646183 3.350209549069405 9.088486656546593 32.50590602308512 113.8948519229889 15.16284303367138 480.5767921358347 9.099186442792416 321.8446941673756 120.2033984661102 184.2256149426103 29.3958705663681 0.1873117685317993 4.441892005503178
0.2238245606422424 1448.334592595696 0 0.1150349229574203 0.2982767596840858 0.4175072535872459 0.1063652560114861 0.7468423694372177 174.4954688698053 1.209866546094418 396.8194834962487 0.4505343586206436 3022.284398086369 1.097040042281151 2.287701107561588 26.35532070696354 2.906862407922745 8.115053489804268 13.98328134417534 0.3434429839253426 3.96851397305727 499.8040703460574 1.161011651158333 176.9847506657243 217.6202967986465 685.0393389388919 4667.806613579392 2.392990797758102 1.688230410218239 0.114874966442585 424.7619248181581 0 0 112.9305802881718 1.866830319166183 90.21092642098665 1018.499286264181 419.5079373940825 52.3146004229784 3.162287943065166 2.195497110486031 720.8680388778448 0 0.0997314378619194 20.81564758718014 0.7617416828870773 0 0 0 0.2350496351718903 0.5766068398952484 2.513534232974052 0 332.7814549803734 0.3948291912674904 1659.162177331746 0.580486111342907 0 0 1.218669414520264 79.31098726391792 10.88509181886911 0 0 1.245706558227539 0.2072566151618958 2.072017550468445 136.3551220148802 214.9068369939923 520.9511894360185 0 0.8579298257827759 0.2209687232971191 185.7013616189361 0.2437089830636978 0 40.27044472098351 0.1696756184101105 11.63694666326046 86.24997259676456 37.92609871923923 2.637410238385201 0.1681517362594604 0 73.89478814601898 0
91.39402043819427 566.0539568811655 7946.504277423024 6.442017093300819 0 50.69233313947916 403.5669179782271 207.5785888507962 54.46624949574471 79.76298678666353 2453.084003098309 27.16987384855747 65.59375537186861 318.4837864711881 2.382602453231812 39.36703115701675 2934.375576153398 2122.807466939092 2990.390757456422 16.88320202380419 47.86704327911139 154.5370595902205 3759.749615177512 87.55408694595098 685.0393389388919 14600.59321916103 10455.42877008021 59.75074910372496 304.1313389390707 604.7396744787693 126.0310808345675 16.50647380203009 9.729709632694721 1429.476784594357 36.23183522373438 3655.684063009918 7176.733262524009 6812.888538204134 1323.032747097313 40.34890369325876 7.576250672340393 41.08373373746872 10.63543473929167 2.55217894166708 413.6948052719235 109.3655395433307 0.1056846976280212 0 1.457419954240322 13.73711793869734 3.489421814680099 2.80265299230814 2.771268099546432 846.9407256022096 2.366113774478436 1489.555618442595 13.38844910264015 0.2365218549966812 7.023279219865799 366.6699637100101 1088.936437420547 904.9201910272241 0.3939857482910156 5.047661334276199 9.425009064376354 6.962995149195194 7.618294917047024 353.6099192798138 6379.326784357429 8955.061627291143 11.73834307491779 12.6557784602046 6.597024209797382 927.4284561797976 2.461491666734219 0.5662266239523888 69.16697254031897 5.341362670063972 198.9397931322455 341.7993118986487 367.243840098381 76.29598924517632 4.69026717543602 0.2107105255126953 10.6799309104681 0.2253411710262299
57.06253992021084 7448.843799315393 6600.208598941565 1.526097558438778 3.878461010754108 12.28570927679539 96.17776281386614 74.25610668957233 879.3140781894326 27.48901432752609 300.455639988184 13.44512052088976 1279.361703075469 151.4268198385835 31.02213369309902 3342.176911495626 5755.499146357179 752.3270641490817 1635.515590973198 7.084071055054665 813.7909466773272 7765.297308236361 6897.596375159919 2907.937078729272 4667.806613579392 10455.42877008021 23580.74379821122 1173.478153564036 203.3792346119881 361.3987459093332 482.2373861521482 5.586093686521053 7.369368627667427 2182.615341767669 149.1633357256651 8689.01609621942 4196.068531148136 9157.848563276231 3401.442838989198 169.4664935618639 27.54665547609329 29.36287453025579 65.74249967932701 2.458284929394722 1654.980998389423 1972.541538514197 1.735823906958103 0.2513251304626465 3.142231471836567 38.92555794864893 4.480639383196831 5.109068751335144 6.59411096572876 484.4136827737093 1.321527235209942 1091.79098597914 15.04904776066542 0.1138319671154022 1119.911700680852 552.074654661119 601.6206288039684 531.2014975175261 0.4324260056018829 49.85292036831379 720.18486122787 1982.708865888417 91.75663327425718 696.4093686640263 5261.737587556243 17737.60987802595 88.01267749816179 11.69164513796568 17.76563144475222 714.6045276597142 1.428919024765491 0.6482754200696945 99.36647803336382 18.27538671344519 573.4865363314748 334.8683647587895 596.3386614173651 243.119465097785 10.84207005798817 2.006530791521072 6.502846837043762 1.341321438550949
