420.6644662022591 0.09712891280651093 183.5102154389024 2.581633843481541 0.1060009896755219 4.245602399110794 2081.897977866232 1228.659260690212 10.9536052942276 162.4523320123553 17.69737414270639 0.5693718865513802 0.5886727124452591 5944.20803514868 0.5826813280582428 0 196.1551848053932 7.386669710278511 20.34337088465691 2.996248841285706 21.94376459717751 0.1979004293680191 231.2755259945989 69.14658070355654 0 53.68800709396601 18.76236677914858 99.1126131862402 1993.050558269024 2457.369056388736 0.4672392904758453 3.066436424851418 46.23070590943098 133.2837256863713 0 9.878240391612053 1.637591697275639 67.93374805152416 3.992756918072701 1.240649424493313 0.4273751080036163 0.4879511296749115 0.3993694484233856 0.1679678559303284 0.1107747256755829 0 0.3566749319434166 0 0.07313503324985504 2.54213958978653 1.021762482821941 2.8781483694911 0 0 0 0 0.09539378434419632 0 0.7664840146899223 0 0 0 0.1261800080537796 0 0 0 9.46854306012392 0 0.6237601488828659 0.2181785404682159 5.820250824093819 1.346850328147411 0.140820324420929 0 0 0 0.4386431351304054 0 1.636815845966339 0 0.9955705851316452 0.2907262444496155 0.5445181429386139 0 0 0
0.09712891280651093 196.8421360179782 15.51153521984816 0.1144527569413185 1.797414734959602 1.212127521634102 18.0474184602499 1.787830658257008 615.3434966430068 3.053702682256699 6.879302442073822 1.364787384867668 584.2178422063589 0.396746814250946 11.28676434606314 169.6780493557453 41.19332751631737 6.768909804522991 64.01153724640608 0.3168183863162994 8.162502080202103 2353.353450097144 6.445474304258823 526.4639526605606 2712.74374718219 287.9554242864251 6065.206814557314 28.89522416889668 2.31329657882452 1.079057663679123 94.61549110710621 0.1802750676870346 0 19.346753872931 0.1595149636268616 46.57023897022009 54.44871255010366 51.36754760146141 12.80228354781866 27.21273931860924 0.08675497025251389 131.4008345901966 0.1779391914606094 0.4383546113967896 57.90822900086641 152.3339102715254 0.1421736031770706 0 0 2.952253915369511 0.756505012512207 3.964894846081734 0.2273780480027199 19.20763978362083 0.3889369517564774 61.36867564171553 0.7082942724227905 0 4.155996263027191 33.54676196724176 9.56552155315876 38.44955709576607 0 1.877078033983707 17.71860498934984 5.533490337431431 8.643429487943649 51.88396183401346 380.3527087792754 1577.911757282913 0.6209814846515656 1.227642871439457 1.071013368666172 13.34416311234236 0 0 13.71336866915226 0.3311223685741425 62.00128426402807 48.80107514560223 68.83002483099699 19.05459132790565 0.5962289571762085 0 11.68830706179142 0.1838217973709106
183.5102154389024 15.51153521984816 7193.599321730435 4.815381817519665 0 70.06196831911802 2653.543875612319 1549.310902364552 4.628480903804302 224.5344295874238 16.34698836505413 2.82659600675106 2.359999015927315 1034.300265200436 0.1415491253137589 17.66055632382631 7977.059696368873 39.84156632423401 272.2983286678791 1.760757982730865 1770.242890283465 17.09521053731441 17945.71203944087 150.3819923847914 1.911798574030399 7015.421428970993 8359.606298059225 991.2538226693869 265.3724785968661 1139.089559033513 4.234811723232269 3.873373560607433 3.159989938139915 773.0029645785689 10.12404869496822 1342.465367645025 1646.193594582379 1890.512207493186 397.2920964360237 35.52027644962072 0.7789014875888824 6.108570575714111 9.057447865605354 0.3839631378650665 55.16762176156044 1363.205191731453 0.1463444381952286 0 0 5.409385405480862 3.071795791387558 1.748528011143208 0.5499299168586731 1.313385710120201 0 0.5346825420856476 1.8251993060112 0 46.44727855920792 60.7871687412262 0.6834079772233963 9.767433330416679 0 5.350909948348999 47.54272566735744 288.831358499825 15.81656231731176 0.5652124285697937 166.5684904530644 2953.328880392015 6.308726705610752 2.80719181150198 5.648064643144608 0 0 0 10.85909783095121 0.5976483225822449 140.1993668153882 27.82974377274513 123.5406812131405 45.37782493233681 2.236945673823357 0 0 0.9976125061511993
2.581633843481541 0.1144527569413185 4.815381817519665 3021.768872469664 8.860224395990372 166.6107122823596 68.45912154763937 188.8119181022048 1183.796608902514 3749.899925135076 16.43693917989731 3703.516423158348 0.5858843326568604 107.8293342813849 84.65555878728628 0 0.6144153773784637 1.675873808562756 2.444190703332424 7863.169936425984 0.1514982134103775 0.1714998483657837 1.518139988183975 2586.335171341896 0 4.865277528762817 4.660561993718147 3672.66173389554 130.8910366594791 0.3789004236459732 0.507650263607502 7.794328212738037 0.3793508782982826 69.17804888635874 4.431530490517616 497.9211669415236 5.745594926178455 161.0464398488402 25.79787609726191 233.7644943594933 5.574002809822559 0.5244005173444748 8.422361955046654 1.302158311009407 0.1175828874111176 0.5168445706367493 79.41454235464334 4.353441409766674 4.628215983510017 21.88493943959475 54.10124391317368 75.51456527411938 23.47624219954014 1.198645621538162 83.29394344240427 0 10.61822658777237 23.16334662586451 0.2834027409553528 0 0 0 43.81278581917286 0 0.6957119852304459 0 433.0005142986774 0 0 0.4041432589292526 383.2094078809023 16.83900731056929 0.3107496574521065 0 1.696869283914566 0 6.248229019343853 3.92340224981308 56.3830716535449 1.028880298137665 21.30947910994291 15.33189778774977 115.4879139810801 0 0 0.2758792340755463
0.1060009896755219 1.797414734959602 0 8.860224395990372 0 76.72020800411701 2.085374638438225 2.685407742857933 269.2782186046243 3.443596906960011 4.525504902005196 175.2471361607313 0.210892990231514 0.9422192052006721 643.8617485463619 0.6951421201229095 0 0 0 9.183007948100567 0 10.33492056280375 0 55.3946610763669 0 0.6163221597671509 4.25322163105011 24.27391202002764 5.910697676241398 0.5041296780109406 0 69.15215617418289 0.1045429408550262 30.6992969289422 0 12.5543359965086 0.6886337548494339 33.7026686668396 3.586071901023388 955.3942140936852 4.95670884847641 1.653635561466217 0.2035830765962601 0 0 0 1.054788619279861 0 0 0 0 0.2106863409280777 0 0 1.654059290885925 0 0 0.8144806921482086 0 0 0 0 0.7519682645797729 0 0 0 2.819807313382626 0 0 0.1419796943664551 0.9316081255674362 0 0.1246747821569443 0 0 0 0 0 0.0922640785574913 0 0 0.1124810427427292 3.0418860912323 0 0 0
4.245602399110794 1.212127521634102 70.06196831911802 166.6107122823596 76.72020800411701 9819.198731712997 1087.488675132394 5967.94809140265 101.5529731959105 11851.33101482689 57.31648859381676 3566.342859573662 4.83831200748682 557.420486740768 652.3663137033582 0.4719019681215286 12.82249550521374 3.731594420969486 3.47450003772974 1015.824998468161 2.490100890398026 1.877555668354034 21.87562283873558 84.66963890194893 1.392581708729267 27.41336382180452 22.14893261343241 538.4007688835263 230.5097724199295 13.70604882389307 1.822893716394901 424.2452687695622 1.083267204463482 192.5721229687333 4.525017268955708 300.816532343626 7.534189909696579 302.3272194713354 34.80242828279734 1652.185261033475 188.3776099905372 1.135194920003414 6.974586382508278 0.4534619450569153 0.3217038661241531 0.5404394865036011 8.46344567835331 0.1556787490844727 0.2885062023997307 6.035912208259106 7.186308085918427 11.40936849266291 7.765662722289562 0 10.00422585010529 0 4.85221192240715 1.676923647522926 0.5507121682167053 0.1188872009515762 0.09364870190620422 0 8.916224427521229 0 0.3801475763320923 1.593270763754845 49.64564179629087 0 0 0.5572075992822647 55.22987595200539 6.079836048185825 0 0 0 0.09472990036010742 0.7812455072999001 0.6078504770994186 9.925428986549377 0.6673624590039253 4.999047979712486 1.197233274579048 18.49351494759321 0 0 0
2081.897977866232 18.0474184602499 2653.543875612319 68.45912154763937 2.085374638438225 1087.488675132394 12204.31738788635 5525.021952591836 294.080048032105 7128.911324732006 46.83481281250715 36.28955324739218 2.616017751395702 5994.667402006686 17.21130229532719 10.23058022558689 191.9764090701938 10.77641876786947 18.12810614705086 16.26379468291998 463.7436453253031 41.67697479575872 2101.681686647236 1746.367168679833 3.198229968547821 336.5988521501422 912.3447459563613 15433.73790192604 1523.317503288388 5787.974933378398 2.009505778551102 20.1179161220789 33.82790321111679 408.7899462133646 30.31068362295628 2077.79142100364 72.52518919855356 838.7527179792523 235.0794522315264 161.7439180389047 4.820300757884979 2.199992708861828 31.61844957619905 4.267058208584785 2.65921226143837 12.60895411670208 32.5293135792017 0.4495528340339661 2.930045679211617 49.00243300944567 59.15100693702698 84.28172592073679 24.92411427199841 2.821877650916576 9.739269524812698 0.09233052283525467 16.39177454262972 3.446887768805027 32.84937015920877 1.269647300243378 0 0 14.84490442276001 0.3656014502048492 13.89390382170677 43.17507623136044 362.8470571860671 0.4779272824525833 3.275846883654594 66.53874579071999 295.1881740167737 42.49572941660881 7.35979263484478 0.1326254159212112 0.7012333795428276 1.095155753195286 10.4640489667654 6.208373941481113 138.7171921133995 3.452721558511257 33.16621433198452 16.37305877357721 39.63461692631245 2.611182183027267 0 0.8155243098735809
1228.659260690212 1.787830658257008 1549.310902364552 188.8119181022048 2.685407742857933 5967.94809140265 5525.021952591836 11441.60101207346 80.60887498408556 4903.291344292462 74.43617383390665 839.8307247385383 7.682212024927139 6289.622861623764 60.02645579725504 2.338110879063606 819.6681185513735 15.19285527616739 84.09096742421389 620.7055203914642 46.85395599156618 5.389606788754463 849.5096704810858 413.3082491084933 0.386046014726162 497.9424221739173 176.4349064454436 895.5863547697663 455.4555292129517 1524.493344441056 2.652815088629723 676.2585013434291 2.164115957915783 303.2949234321713 9.08087357878685 262.0035754740238 19.37874086946249 464.771623685956 71.52398972213268 768.8402917608619 84.19343187659979 3.588720634579659 18.68104150146246 1.332493804395199 0.3067433908581734 2.077981777489185 8.770619958639145 0 0.9514684081077576 28.20297005027533 17.00199303030968 25.95615075528622 5.385965801775455 1.381295032799244 5.732936911284924 0.1074175089597702 6.226430036127567 0 3.454912528395653 0.5570313483476639 0 0.2797692120075226 6.224084608256817 1.169577360153198 2.667844831943512 7.845794908702374 141.4258318021894 0.1648108065128326 1.230387449264526 13.47464925795794 120.9421971663833 19.24028136581182 1.678951390087605 0 0.1771522760391235 0.0878838449716568 2.334353722631931 1.312336161732674 42.45262863487005 2.632992893457413 15.0957131460309 8.579352505505085 13.32727056741714 0 0 0.8698349893093109
10.9536052942276 615.3434966430068 4.628480903804302 1183.796608902514 269.2782186046243 101.5529731959105 294.080048032105 80.60887498408556 1207.198428325355 149.122890137136 6.427087247371674 221.2718094959855 32.88826315104961 84.12026637792587 1138.398737519979 133.2111629992723 2.370073333382607 1.282482996582985 3.326937966048717 445.314395584166 31.08015978336334 4638.066447295249 10.99287098646164 10659.49052104354 132.4727321118116 30.45558235794306 839.8376495540142 2478.282332599163 262.0181078463793 22.24124848842621 10.81627814471722 0.990167573094368 12.22512845695019 70.3142289146781 11.85847967118025 601.9975055381656 62.20488616079092 130.5059058368206 42.44377979636192 493.1647615432739 1.931589990854263 5.353275023400784 6.479441113770008 8.616599813103676 5.131409898400307 2.427868038415909 74.35052670538425 3.696980401873589 3.866539634764194 86.53687446564436 67.52430646121502 141.5790839344263 40.62654367089272 4.087041057646275 88.89375971257687 3.836873807013035 32.76443324238062 39.21245701611042 51.38917113095522 0.3990220129489899 0.3523300364613533 0.458538755774498 55.49517551064491 6.546741232275963 27.24748600274324 3.225113183259964 1598.327077679336 1.99800331145525 4.77923770993948 26.04131346195936 645.9303650781512 94.66484589874744 25.24173513799906 1.737633503973484 1.788911230862141 2.617812171578407 12.24596881121397 8.869224041700363 195.1556360498071 4.367960385978222 53.50131575763226 27.84666368365288 145.6424777507782 1.763369880616665 0.6463489979505539 3.211672581732273
162.4523320123553 3.053702682256699 224.5344295874238 3749.899925135076 3.443596906960011 11851.33101482689 7128.911324732006 4903.291344292462 149.122890137136 34002.48144704849 211.958883754909 5123.494603350759 11.43505729734898 2461.042406477034 34.36644800007343 0.2450890392065048 18.62551070004702 32.44717966765165 26.53203801810741 6092.560580417514 16.2471584007144 2.761157095432281 75.12542057782412 495.3400477394462 3.143091939389706 90.95058251172304 73.97856706380844 5133.515396177769 1014.536749884486 30.30920184403658 8.733338065445423 71.4747252240777 1.15972276031971 522.6488054022193 13.94241016358137 1520.111913271248 44.95951776951551 1015.686937302351 123.716136738658 405.710725158453 11.16503162682056 2.096119336783886 21.47171220928431 2.048894472420216 0 1.248858630657196 52.89652242511511 1.321508474647999 3.84838043153286 31.50376582890749 26.63716446608305 49.22751598805189 24.93391646444798 0.9626722186803818 54.60353680700064 0 11.52039977908134 6.501647531986237 5.787533216178417 0 0.09594733268022537 0 30.97607360780239 0 1.428488023579121 4.07014112174511 309.5161507427692 0 0.5650787875056267 5.90203682333231 311.4010163471103 27.54364601522684 1.348966613411903 0 0.8182524517178535 0.268282987177372 6.242309741675854 1.501764610409737 57.60855701565742 1.832285091280937 20.48569295555353 9.860706619918346 44.80713386833668 0.682907909154892 0 0.3360376358032227
17.69737414270639 6.879302442073822 16.34698836505413 16.43693917989731 4.525504902005196 57.31648859381676 46.83481281250715 74.43617383390665 6.427087247371674 211.958883754909 6260.306560903788 112.2064230293036 1099.215038776398 138.0700929313898 0.2013087049126625 0.6838356480002403 122.8281424939632 2143.940592028201 938.5309591814876 115.7684159055352 8.493876598775387 3.393223665654659 15.88858935981989 20.13011050969362 226.1443140506744 1141.269935727119 533.6202675178647 40.17271658778191 729.0540802627802 15.57805554568768 479.8161986097693 242.2575991973281 0.9584727734327316 7897.070892512798 2.471701823174953 450.1885066181421 4036.324745103717 6389.478887915611 815.5543098002672 161.6024037748575 247.5682316944003 1240.39877063036 14.90225987881422 0 8.795366436243057 0 0.1090483143925667 0 0 1.06443702429533 0.4967144504189491 1.241264641284943 0.2765035703778267 261.9942655190825 0.4316452071070671 987.5891009047627 0 0 0 0.1861843168735504 189.4379314929247 18.00900030881166 0.2005237191915512 0 1.481784552335739 0.1581412702798843 3.859141066670418 169.5693364143372 92.86563580483198 134.7818912491202 4.360409498214722 0.7505976036190987 0 241.7210949137807 0.09701033681631088 0 1.699994079768658 1.280192837119102 10.9376062899828 213.6911777332425 8.195010706782341 1.199849657714367 0.6608863100409508 0 35.32783564925194 0
0.5693718865513802 1.364787384867668 2.82659600675106 3703.516423158348 175.2471361607313 3566.342859573662 36.28955324739218 839.8307247385383 221.2718094959855 5123.494603350759 112.2064230293036 9509.111890181899 6.913698628544807 509.9985905960202 932.7394251227379 0.3731521368026733 0.902644470334053 13.35856740176678 7.484851367771626 8869.975774534047 0.1291252374649048 6.888860635459423 1.219342723488808 767.0938974171877 7.167872622609138 25.56289866566658 9.771728530526161 1556.353632584214 261.2655891627073 0.5436185151338577 2.735394515097141 114.8355250805616 0.1781177520751953 264.0040827691555 48.46272347122431 838.0356767699122 9.496878728270531 483.4056662097573 31.98594614863396 1510.34349796176 10.5123164281249 6.957918122410774 5.987174279987812 0.6058476343750954 0.2483320236206055 0 36.90814533829689 1.20878292620182 9.80265212059021 9.631683513522148 36.37127152830362 29.88731430470943 17.06203879415989 1.416161686182022 95.15808691829443 0.1295346319675446 9.840442501008511 24.85815048217773 0.6091544330120087 0 0.1290129274129868 0 24.95649680495262 0 0.1269645392894745 0 226.277752071619 0 0.1336875855922699 0.8728171288967133 202.7256046906114 16.49189557135105 0.5699980556964874 0 0.7001232579350471 0.412755087018013 3.878040626645088 0.6468932926654816 45.82159567624331 0.299410492181778 10.88873871415854 8.346525192260742 154.7811275646091 0 0 1.971175193786621
0.5886727124452591 584.2178422063589 2.359999015927315 0.5858843326568604 0.210892990231514 4.83831200748682 2.616017751395702 7.682212024927139 32.88826315104961 11.43505729734898 1099.215038776398 6.913698628544807 3608.917393259704 8.649435952305794 0.8353314474225044 6.136913321912289 9.854213461279869 13.26801338791847 13.20341316610575 7.43702394515276 0.9601677060127258 109.1964713260531 1.788835771381855 22.95680819451809 4258.228867679834 63.30388110131025 3676.960246890783 6.089962378144264 30.59767001122236 1.047361567616463 1457.884467206895 24.45436959713697 0 956.1781922876835 8.415603905916214 331.1368364393711 6304.42554783076 3455.365461401641 248.1102228835225 54.12805916368961 76.37568422406912 1692.832022540271 18.90796825289726 0 45.84267172962427 2.126165360212326 0 0.1001004502177238 0 0 0.8877311423420906 1.372586458921432 0.2679960206151009 911.9556716233492 0 3167.451751202345 0.4875318631529808 0 0.7243185490369797 1.425282031297684 352.9209088236094 49.22416865080595 0 0.2695174589753151 5.012606956064701 1.1777223944664 1.201783679425716 826.1773954927921 325.3888109698892 471.9705320969224 0 0.868965670466423 0.4807929769158363 534.0518771857023 0.1082040071487427 0 7.543299943208694 2.271981567144394 56.91662891209126 1043.533937357366 30.0010674521327 9.342668488621712 2.92717969417572 0 260.1634042114019 0.3788644671440125
5944.20803514868 0.396746814250946 1034.300265200436 107.8293342813849 0.9422192052006721 557.420486740768 5994.667402006686 6289.622861623764 84.12026637792587 2461.042406477034 138.0700929313898 509.9985905960202 8.649435952305794 9351.060846947134 7.560982964932919 2.625330723822117 695.9898244068027 19.36623468995094 74.68825512379408 447.1425766348839 53.41781079769135 1.684786230325699 804.3154774755239 405.5999071970582 0.1436749994754791 323.8312032967806 106.0514730140567 676.6725776940584 5575.392820164561 2587.208114728332 3.840335473418236 15.96780929714441 2.506821446120739 642.9185214564204 7.130660846829414 293.9670340195298 17.62269846349955 547.6130423620343 41.87473122030497 346.6117852181196 18.28122571110725 5.542342782020569 15.98543049395084 0.6187004223465919 0.15578992664814 2.542347937822342 5.195611216127872 0 1.163744509220123 15.83046348392963 10.39738436788321 16.38575346022844 3.059556603431702 0 1.689100809395313 0.1433018147945404 4.981403134763241 0.09047368168830872 2.713981352746487 0.08900638669729233 0 0 2.130120173096657 0.4366230666637421 1.084529593586922 3.342457994818687 70.83529654890299 0 2.42753629386425 9.690505817532539 60.9503303617239 11.45591054856777 1.030969709157944 0 0 0.1629264280200005 1.141784705221653 0.7177280336618423 23.00822600722313 0.5047908425331116 8.060654371976852 4.673163697123528 5.849789336323738 0.1155207678675652 0 0.3172477036714554
0.5826813280582428 11.28676434606314 0.1415491253137589 84.65555878728628 643.8617485463619 652.3663137033582 17.21130229532719 60.02645579725504 1138.398737519979 34.36644800007343 0.2013087049126625 932.7394251227379 0.8353314474225044 7.560982964932919 299.904692158103 1.923183754086494 0.1102233529090881 0 0 142.3658272698522 0 70.78221264481544 0.1583840101957321 422.7870607972145 2.019981503486633 0.6777675822377205 23.07273890078068 160.0499484762549 15.35882226377726 0 0.2325896620750427 168.7295921370387 0.4541653618216515 4.610753506422043 0.1224996894598007 182.7960699498653 0.5998679473996162 7.667651742696762 1.512661151587963 591.4323818236589 9.800346717238426 0 0.4505509734153748 0 0 0 1.550105087459087 0.4032178074121475 0 0.2483382821083069 0 1.854581385850906 0.4815415143966675 0 8.194253906607628 0.08814774453639984 0 2.670616060495377 0 0 0 0 0.6617745161056519 0.2713746726512909 0.5557261928915977 0 23.94446606189013 0 0.3474031612277031 0.2267936617136002 7.966379269957542 0.5926338061690331 0 0 0 0 0.1020258814096451 0 2.736866861581802 0 0 0.09597110748291016 20.9705723375082 0 0 0
0 169.6780493557453 17.66055632382631 0 0.6951421201229095 0.4719019681215286 10.23058022558689 2.338110879063606 133.2111629992723 0.2450890392065048 0.6838356480002403 0.3731521368026733 6.136913321912289 2.625330723822117 1.923183754086494 4748.739172443748 9.348065003752708 0.3779028505086899 3.457766175270081 0.3799151256680489 4538.460921756923 2954.217417694628 2354.657403834164 2368.40586578846 26.49629655480385 8.147700615227222 4810.56279976666 2095.058165639639 4.251723639667034 333.2328203767538 0.9497868344187737 0 0.589771032333374 86.33258390426636 33.73353288322687 5956.595708422363 913.0905075371265 861.834792509675 1138.536077819765 218.2013032138348 3.380699381232262 12.35820384323597 50.9761818125844 8.228911861777306 4.244948714971542 11.39370962977409 4.602671265602112 0.1031136438250542 4.409298196434975 199.123139873147 107.0389955118299 294.6622534319758 39.83193389326334 3.004456870257854 0.3082190454006195 0.2350543737411499 30.33868996053934 1.240734852850437 2880.426529496908 2.666294917464256 0 0.142004519701004 4.190478578209877 97.88742356002331 1118.385727286339 953.3260550424457 842.2501535266638 0.401782363653183 1.788422435522079 436.692767508328 285.9848392903805 27.23341420292854 49.47350452840328 0.09743745625019073 0.9319172203540802 0.5216524302959442 6.128526747226715 8.141677349805832 298.4137006029487 38.95376040041447 48.01799754798412 72.60388606786728 11.43770638853312 0.9896754622459412 0.8701701760292053 2.97728156298399
196.1551848053932 41.19332751631737 7977.059696368873 0.6144153773784637 0 12.82249550521374 191.9764090701938 819.6681185513735 2.370073333382607 18.62551070004702 122.8281424939632 0.902644470334053 9.854213461279869 695.9898244068027 0.1102233529090881 9.348065003752708 1643.055069878697 285.3828169554472 2357.492492564023 0.4769185334444046 350.080102391541 9.350611306726933 3464.210711881518 26.61963167786598 4.009707763791084 5084.218107543886 9385.657860808074 103.5275282859802 1039.352501496673 1278.512041330338 8.08105980604887 3.498601071536541 52.00866113603115 1448.222705699503 3.350927576422691 385.2305172011256 162.2742714062333 1048.103261686862 146.8266646787524 13.2860105484724 0 0.8698032647371292 1.264373026788235 0.6203899085521698 51.25576101988554 67.62050671875477 0 0 0 1.037718772888184 0.2065883725881577 1.276156336069107 0 1.010546900331974 0 2.241054259240627 0 0 3.153657026588917 25.84671753644943 1.799120232462883 14.45454023033381 0 0.4196174442768097 5.860596589744091 26.85014625638723 3.258456476032734 3.411434702575207 222.0692042335868 382.7624887824059 0.831176683306694 0 0.1716653853654861 0.8966677635908127 0 0 5.532798811793327 0.168422743678093 26.82473055273294 10.26594234257936 22.20195382833481 6.10562089830637 0 0 0 0.1802192479372025
7.386669710278511 6.768909804522991 39.84156632423401 1.675873808562756 0 3.731594420969486 10.77641876786947 15.19285527616739 1.282482996582985 32.44717966765165 2143.940592028201 13.35856740176678 13.26801338791847 19.36623468995094 0 0.3779028505086899 285.3828169554472 100.9720389470458 1607.20641605556 17.4574311375618 6.795778356492519 0.1064679101109505 20.84289315342903 5.064621731638908 1.834403894841671 1230.237153843045 465.9234383776784 6.583927050232887 73.94565331935883 8.783190071582794 70.8330807313323 10.96121767163277 2.084652431309223 800.0515816062689 1.762594066560268 732.7495027109981 854.1274457424879 1314.937528796494 325.1023862287402 15.37989513576031 0.2814366966485977 0.8919148743152618 3.034122563898563 0.09184162318706512 6.031597599387169 2.024535462260246 0 0 0 1.115218289196491 0.4619408696889877 0.5168823674321175 0.08368134498596191 5.162845052778721 0 20.14442995935678 0.1172881498932838 0 0.435017317533493 4.383620671927929 42.41006845980883 48.45501133054495 0 0.4452899694442749 0.1021951138973236 0 0.8371633216738701 8.803698725998402 180.0537442043424 151.8021569401026 0.8627041578292847 0.6637492999434471 0.2074858546257019 23.44374251365662 0 0 2.849097356200218 0.2837470173835754 20.9986008554697 10.76862556487322 13.76613358408213 4.057623594999313 0.20403853058815 0 0 0.2414586246013641
20.34337088465691 64.01153724640608 272.2983286678791 2.444190703332424 0 3.47450003772974 18.12810614705086 84.09096742421389 3.326937966048717 26.53203801810741 938.5309591814876 7.484851367771626 13.20341316610575 74.68825512379408 0 3.457766175270081 2357.492492564023 1607.20641605556 2067.775504715741 12.46201468259096 52.98097436875105 5.954796522855759 228.6600736454129 7.997969664633274 4.084676742553711 3375.018685355783 1588.378899119794 11.78513856232166 191.965807788074 50.39425025135279 46.69427943974733 5.333937279880047 14.97411473095417 3598.916187725961 3.758486039936543 1306.430746033788 620.1316746994853 2491.390690043569 403.9711082130671 25.82304830849171 1.019023716449738 2.025456264615059 4.036954134702682 0.1027646213769913 56.90216158330441 11.58465606719255 0 0 0 1.459386602044106 0.7509250417351723 0.3414031267166138 0 2.550205156207085 0 9.712985023856163 0.8497494235634804 0 0.5552184358239174 29.97255194187164 24.12371118366718 47.70777926594019 0 1.951387129724026 3.612020127475262 1.950489215552807 2.212235778570175 4.573635391891003 545.7125490382314 509.6016833633184 0.3539485409855843 0.4042418897151947 0.6448942050337791 6.83029805123806 0 0 5.683398380875587 0.1596093773841858 59.47713147103786 17.8302543386817 40.52678690850735 6.805781558156013 1.056574240326881 0 0 0
2.996248841285706 0.3168183863162994 1.760757982730865 7863.169936425984 9.183007948100567 1015.824998468161 16.26379468291998 620.7055203914642 445.314395584166 6092.560580417514 115.7684159055352 8869.975774534047 7.43702394515276 447.1425766348839 142.3658272698522 0.3799151256680489 0.4769185334444046 17.4574311375618 12.46201468259096 1152.156533353031 0.456236369907856 0.60950767993927 0.9195965602993965 1005.698498852551 0.2192407697439194 28.59609261155128 8.986582435667515 4384.859644897282 407.1797151267529 1.04855091124773 4.553877897560596 60.07885315269232 0.5206214264035225 306.2216462939978 3.466309569776058 1204.384689934552 19.88932278007269 645.9285757318139 62.12958350777626 665.8544233292341 10.24429292231798 4.682554647326469 14.8645109385252 1.031551077961922 0.6220253705978394 0 89.38513664156199 1.081894055008888 4.630580544471741 14.32836928963661 32.19970029592514 29.57984867691994 10.26197004318237 2.319156229496002 39.52736721932888 0 6.367963001132011 6.961207076907158 0 0 0 0 16.61479404568672 0 0 0 239.2014528587461 0.110971175134182 0 0.3852122947573662 241.4893465638161 14.9842521622777 2.16707993298769 0 0.6640501767396927 0.4587249755859375 1.300310306251049 3.751165822148323 36.82742915302515 0.9731073975563049 11.69609521329403 5.932420313358307 79.9956659078598 0.2914580106735229 0 0.258748859167099
21.94376459717751 8.162502080202103 1770.242890283465 0.1514982134103775 0 2.490100890398026 463.7436453253031 46.85395599156618 31.08015978336334 16.2471584007144 8.493876598775387 0.1291252374649048 0.9601677060127258 53.41781079769135 0 4538.460921756923 350.080102391541 6.795778356492519 52.98097436875105 0.456236369907856 10449.97863976657 270.0227621942759 12686.4183858037 261.0967359617352 5.380623452365398 108.4246541261673 468.483743339777 3677.708042018116 325.4058296009898 12242.89225822687 0.3459085673093796 1.493787869811058 45.76043783128262 2554.763200946152 139.8765626624227 9106.514987677336 558.0378835275769 6449.8246743083 2601.831548132002 313.6568472012877 9.569168418645859 7.476406633853912 102.5999754220247 4.95806348323822 0.6611821055412292 1.970279082655907 0.4679678082466125 0 2.231303915381432 71.50912971794605 58.70477513223886 165.039184704423 16.22739431262016 0.3060822337865829 0 0.3880082666873932 16.68858397006989 0 408.7201248779893 0.2124234586954117 0 0.1408450454473495 0.7295894920825958 42.53881154954433 148.3338211476803 44.80496989190578 509.9206994026899 0 1.404630199074745 24.56655874848366 185.3582471609116 27.48177921026945 43.51464547216892 0 0.9977746605873108 0.9710664078593254 3.140108861029148 5.428353264927864 88.08055758476257 1.820974767208099 14.53781492263079 7.533947318792343 4.487939745187759 0.5078909397125244 2.062044858932495 0.6855506002902985
0.1979004293680191 2353.353450097144 17.09521053731441 0.1714998483657837 10.33492056280375 1.877555668354034 41.67697479575872 5.389606788754463 4638.066447295249 2.761157095432281 3.393223665654659 6.888860635459423 109.1964713260531 1.684786230325699 70.78221264481544 2954.217417694628 9.350611306726933 0.1064679101109505 5.954796522855759 0.60950767993927 270.0227621942759 2428.780870206654 238.5593683496118 8155.36543944478 605.8415919914842 59.51997295767069 4245.830843828619 268.4942157045007 3.153396882116795 40.34276787936687 30.35709655284882 0.09681973606348038 0 10.1902134642005 3.282307311892509 244.9477227404714 140.043074183166 53.76618261635303 36.19854980707169 163.5278626605868 0.09861405938863754 19.32171074301004 3.618116244673729 2.104452475905418 17.30846851319075 156.2047199606895 3.944343581795692 0 1.825363323092461 119.8306808546185 61.86129236221313 64.71194484829903 25.35822131484747 4.266800858080387 5.368799686431885 9.582020208239555 15.18187961727381 0.2877092659473419 1811.515975169837 6.507589727640152 0.9489335119724274 1.598516516387463 1.528435677289963 71.66845750063658 519.7353297621012 791.746052287519 313.5529222339392 4.053555309772491 20.16096643358469 1601.561307698488 95.84571320563555 7.452167183160782 37.17211627215147 1.609791897237301 0.4275515004992485 0.2928686961531639 6.329805284738541 4.364268183708191 164.6834772154689 36.9377911016345 46.18211418390274 54.56835623830557 4.763125911355019 0.4239184558391571 0.9441143050789833 2.010986253619194
231.2755259945989 6.445474304258823 17945.71203944087 1.518139988183975 0 21.87562283873558 2101.681686647236 849.5096704810858 10.99287098646164 75.12542057782412 15.88858935981989 1.219342723488808 1.788835771381855 804.3154774755239 0.1583840101957321 2354.657403834164 3464.210711881518 20.84289315342903 228.6600736454129 0.9195965602993965 12686.4183858037 238.5593683496118 22081.15703041852 457.5674250349402 3.694672346115112 1489.711500838399 8940.710873097181 5656.037474863231 1055.843474328518 6939.8350141868 1.414140500128269 2.990876451134682 44.30807493627071 2841.400557883084 123.1337832063437 12356.2033553049 3084.340319976211 9192.03910510242 5917.692365258932 675.7904310673475 17.86440157145262 45.4749091565609 179.5396592095494 1.074832163751125 4.141099371016026 54.05932702124119 1.434698462486267 0 1.604478612542152 35.95008223503828 11.8522550240159 24.51458598673344 5.190694600343704 2.805887937545776 0 0.2657110095024109 3.186450310051441 0 1246.284514293075 3.383863531053066 0 0.4982376545667648 0.4870767444372177 23.88097794353962 352.9482618421316 960.0978291705251 95.9311932399869 0 13.14369001239538 1007.087285794318 49.30933009088039 3.062062174081802 7.970209531486034 0.3181803822517395 0 0 1.214492239058018 11.42675857245922 196.1851678714156 32.48045848309994 44.93687831610441 62.45172158628702 3.654569804668427 0 1.537974685430527 2.441111192107201
69.14658070355654 526.4639526605606 150.3819923847914 2586.335171341896 55.3946610763669 84.66963890194893 1746.367168679833 413.3082491084933 10659.49052104354 495.3400477394462 20.13011050969362 767.0938974171877 22.95680819451809 405.5999071970582 422.7870607972145 2368.40586578846 26.61963167786598 5.064621731638908 7.997969664633274 1005.698498852551 261.0967359617352 8155.36543944478 457.5674250349402 8093.267728537321 121.7669114843011 41.82891699671745 2999.360337816179 6452.728232197464 1342.862197138369 319.3394004926085 8.948287107050419 6.832260780036449 116.345266699791 488.502100341022 96.40789525955915 3850.776152282953 114.6862832307816 1124.115692272782 397.8495345041156 753.6128255650401 5.868051156401634 15.33561792969704 48.34943106770515 23.31805303692818 5.881807722151279 8.303805090487003 123.8551225215197 4.359869331121445 13.22979234904051 447.4429186061025 211.6715028956532 1236.928208321333 66.48171919584274 9.74980117380619 70.9703445956111 4.314017482101917 87.72762113064528 27.34715186804533 324.0950829908252 2.569907419383526 1.19528091698885 0.4098227471113205 68.78758511692286 25.74538683146238 153.2536729052663 96.74588675051928 3195.439288929105 1.276845306158066 5.173776254057884 121.8007866293192 1733.838692069054 296.1159513965249 118.091635517776 1.145012460649014 5.233640737831593 7.089834727346897 47.42222920805216 38.84100284427404 761.6887777671218 19.42546922713518 204.9323219880462 112.68589232862 262.6209882721305 6.01971360296011 1.301206089556217 10.45629135519266
0 2712.74374718219 1.911798574030399 0 0 1.392581708729267 3.198229968547821 0.386046014726162 132.4727321118116 3.143091939389706 226.1443140506744 7.167872622609138 4258.228867679834 0.1436749994754791 2.019981503486633 26.49629655480385 4.009707763791084 1.834403894841671 4.084676742553711 0.2192407697439194 5.380623452365398 605.8415919914842 3.694672346115112 121.7669114843011 784.1948514804244 138.3531154245138 3277.945408925414 13.21740204840899 0.7691414356231689 0 562.9929135367274 3.277392089366913 0 259.7419023737311 5.280184268951416 1462.136949889362 1085.737382292747 892.3230790793896 132.7061942815781 122.0616938248277 59.68847680091858 1100.459114700556 18.44520902633667 0.09551083296537399 85.10491070151329 1.823497787117958 0 0 0 1.0780423656106 0.123571939766407 2.279453538358212 0 356.75502794981 0.07650652527809143 1856.885229386389 0.521120011806488 0 0.4956943169236183 4.307874344289303 83.59902316331863 51.68187768757343 0 0.4633526355028152 3.932497330009937 0.9960339218378067 0.4760548248887062 339.7327147871256 406.1171716228127 805.4418392851949 0.412176102399826 0.5667610988020897 0.4828966930508614 433.9725739881396 0 0 7.111721359193325 2.274847120046616 691.9844842776656 393.3548840358853 60.07905124872923 18.64067927747965 39.27432155609131 5.497008860111237 209.7029032409191 0.2283770591020584
53.68800709396601 287.9554242864251 7015.421428970993 4.865277528762817 0.6163221597671509 27.41336382180452 336.5988521501422 497.9424221739173 30.45558235794306 90.95058251172304 1141.269935727119 25.56289866566658 63.30388110131025 323.8312032967806 0.6777675822377205 8.147700615227222 5084.218107543886 1230.237153843045 3375.018685355783 28.59609261155128 108.4246541261673 59.51997295767069 1489.711500838399 41.82891699671745 138.3531154245138 28636.66504380852 12059.25381590426 77.45484525710344 265.3781051114202 93.45451751351357 266.955522544682 25.78414678573608 8.000047333538532 1261.749574951828 11.83928826451302 3279.521607756615 4548.424482740462 3709.397365391254 1024.082365058362 72.31006667017937 8.18966917693615 58.30804490298033 12.8649310618639 1.500016421079636 378.7252786755562 497.2511523291469 0 0 0.4116377234458923 21.95520671457052 3.232161469757557 4.755461290478706 0.529370404779911 174.4334694296122 0.2049335762858391 892.745885014534 8.560770377516747 0 3.102564468979836 193.2431400492787 646.986360244453 659.0057095512748 0 15.33510050177574 22.46511959284544 22.05918607115746 9.534515485167503 299.0611995086074 4140.809954971075 4689.015406847 3.252179689705372 8.614433042705059 12.82152460515499 544.1649102568626 0.4770500063896179 0 71.66320311278105 2.532606199383736 506.1224395334721 217.803844705224 355.8792159929872 103.7439690157771 4.621553674340248 0 5.130760185420513 4.46047243475914
18.76236677914858 6065.206814557314 8359.606298059225 4.660561993718147 4.25322163105011 22.14893261343241 912.3447459563613 176.4349064454436 839.8376495540142 73.97856706380844 533.6202675178647 9.771728530526161 3676.960246890783 106.0514730140567 23.07273890078068 4810.56279976666 9385.657860808074 465.9234383776784 1588.378899119794 8.986582435667515 468.483743339777 4245.830843828619 8940.710873097181 2999.360337816179 3277.945408925414 12059.25381590426 36660.72561143339 1825.087610393763 167.9026430100203 52.47748517245054 1609.31062181294 5.294381305575371 10.57673081755638 3897.542969435453 58.81580163538456 9514.557542681694 6826.605289056897 11065.75623430312 2612.302510373294 317.0813358873129 9.30619353055954 55.55425882339478 54.90981334447861 4.396121762692928 2342.36692674458 3372.701203905046 0.2719701826572418 0.209859237074852 0.2380189970135689 57.74388090521097 23.47697369009256 20.42070788145065 2.891407489776611 162.0866298004985 0.8669130057096481 658.7213498726487 16.55202276259661 0.3611870408058167 1073.997864097357 396.3768690750003 576.0880900174379 792.8936422243714 0.3092080801725388 49.02593241631985 1037.914524711668 2305.622383587062 57.75009509921074 704.0339528694749 5104.902643963695 16591.31398077309 35.8222244232893 10.28706702589989 22.71555758267641 533.1356253996491 0.1302204579114914 0.2417275458574295 124.9686878919601 14.25608095526695 1167.023213230073 375.237583398819 897.2997350171208 362.5694938004017 11.08581844717264 0.4596710503101349 9.937388502061367 4.515447095036507
99.1126131862402 28.89522416889668 991.2538226693869 3672.66173389554 24.27391202002764 538.4007688835263 15433.73790192604 895.5863547697663 2478.282332599163 5133.515396177769 40.17271658778191 1556.353632584214 6.089962378144264 676.6725776940584 160.0499484762549 2095.058165639639 103.5275282859802 6.583927050232887 11.78513856232166 4384.859644897282 3677.708042018116 268.4942157045007 5656.037474863231 6452.728232197464 13.21740204840899 77.45484525710344 1825.087610393763 16877.4339966476 2280.875922948122 8947.696228094399 1.861520409584045 13.96585033088923 351.3723339810967 1394.215076938272 172.9536103010178 6851.253856673837 144.2479768097401 2812.603314161301 876.2282534316182 614.5461392179132 8.135327003896236 19.12935428321362 95.51051633059978 16.22202367335558 3.098884642124176 5.855377361178398 182.2489604577422 5.240477591753006 15.7342451736331 360.9731860533357 215.2813868746161 609.1462164372206 99.89702773839235 6.44737783819437 109.250005684793 0.2481204941868782 86.11965811252594 42.83524482697248 217.9258483499289 1.596768535673618 1.081933476030827 0 90.30541501939297 27.78631477057934 55.28113983571529 44.75636193156242 2650.339417621493 0.4081798121333122 2.251207202672958 69.15677943080664 1810.073181137443 221.2661686837673 114.6855067834258 0 5.130834586918354 5.024610161781311 41.82733327150345 21.59852877259254 529.8302555903792 10.40802638977766 137.5682940036058 58.3315799459815 245.0352990031242 6.514744788408279 0.4132113307714462 6.335236541926861
