1215.641343861818 0 109.5249867364764 16.27898115664721 0.1596027761697769 12.86179418116808 1558.836188882589 785.8451318517327 46.05092753469944 99.88548662513494 6.898185387253761 1.586826682090759 0.1592858880758286 5428.764619961381 0.1343818753957748 7.375736594200134 358.3974861800671 17.86083092540503 58.83463337272406 9.110001802444458 51.84501102566719 4.845971077680588 195.7762168869376 108.6196484193206 0.1232835799455643 37.67520114034414 82.49635431170464 92.80516198277473 3369.687715984881 4458.377298794687 0.1642839759588242 1.478854268789291 96.3165444880724 139.4798133596778 1.305421680212021 39.79077295958996 12.77110247313976 74.65623328089714 20.50971980392933 1.422204107046127 0.2914644405245781 1.109430551528931 0.4395109564065933 0.1082907542586327 0 2.556066155433655 1.077032163739204 0 0 3.340445846319199 0.3751995414495468 5.05775497853756 0.1951858401298523 0.2175145000219345 0.1416238695383072 0 1.727264426648617 0 0.3117616400122643 0.3356325477361679 0 0.3083557263016701 0.2000330835580826 1.30395482480526 1.045177973806858 1.089905381202698 16.87005186080933 0 1.890304699540138 12.22577492892742 22.03481955826283 1.957080356776714 1.272655680775642 0 0.1146265342831612 0 0.8888985514640808 0.2950842678546906 3.167054504156113 0.528099462389946 2.736604183912277 0 2.198884330689907 0 0 0.1122154667973518
0 371.2810798436403 105.6800901293755 0.7202326059341431 0.1448962688446045 0 3.433116279542446 0.7670897394418716 916.9983055740595 0.88298050314188 86.30180465430021 0.4135625660419464 672.4615451097488 0.5095401778817177 9.229011237621307 126.8367912992835 32.48486319929361 6.608690321445465 17.65027180314064 0 5.183183908462524 2770.623651519418 13.02022033184767 460.7273469343781 1187.942349173129 363.2112791836262 10321.43281897157 16.08798778802156 2.533912070095539 2.797287993133068 56.39873936772346 0.486153855919838 0 17.87919480353594 0.3129344135522842 28.26900001615286 41.90618707984686 35.64678379893303 10.84733861684799 2.542508609592915 0.6442410796880722 12.28647814691067 0.2330062240362167 0 124.8737427890301 42.50815272331238 0.11811213940382 0 0 0.1122126579284668 0.235120877623558 1.144045919179916 0 2.266579851508141 0 23.28281755745411 0 0.5355643630027771 13.12467776983976 12.74869544059038 4.17675094306469 9.725851185619831 0 1.332462102174759 28.51149098575115 8.008762091398239 2.653388783335686 40.01273095607758 135.2444841712713 1015.086134135723 0.9859883189201355 0 0.3379513174295425 9.511570729315281 0 0 1.334866777062416 0.5753826051950455 7.683492816984653 11.31207104027271 6.887092053890228 1.818649604916573 0 0 3.949456229805946 0.2684402465820312
109.5249867364764 105.6800901293755 4002.625601366162 20.92930997908115 0.4683587998151779 407.1834104806185 923.681208640337 835.0938573405147 3.953901804983616 650.4987503662705 88.44220124185085 2.174413673579693 15.94494476169348 309.583975315094 0.248177096247673 3.475790321826935 9610.622694581747 92.79980782419443 375.0725430324674 12.50282561779022 921.1252719908953 8.335737630724907 11417.82749546319 15.54978877305984 1.625343471765518 5712.548727765679 11303.26030752808 279.0707572624087 122.7500515878201 256.6956774145365 5.69138627499342 2.386206589639187 2.920905619859695 560.3263056278229 26.19676458090544 1463.884011916816 3738.30930801481 2722.075874611735 790.1956469193101 19.58811095356941 2.089000374078751 1.926827818155289 7.434585921466351 0.454214483499527 145.9144878834486 1049.516596131027 0.2560871690511703 0 0.1985205635428429 6.526174701750278 5.672021761536598 5.485232010483742 0.1369093358516693 7.387404888868332 0 10.82831721007824 5.30554886162281 0.4623745828866959 14.85376097261906 302.8534733504057 18.29064726829529 149.4102916792035 0 2.211743287742138 19.12433560192585 94.89150028675795 12.22935575246811 10.6557312309742 633.964699216187 3178.721969231963 7.445995911955833 0.6484268456697464 8.183783315122128 10.55647958815098 0 0 17.78440001606941 4.015752226114273 116.020510956645 245.6903547346592 93.00114290416241 34.34797756373882 1.411904960870743 0.2493582218885422 4.961181744933128 0.2160563915967941
16.27898115664721 0.7202326059341431 20.92930997908115 4465.317471891642 5.287855364382267 103.2725906521082 272.0145941674709 129.4629117175937 1383.117810115218 3930.59973397851 2.7501575127244 6037.797422200441 3.734345190227032 105.7855295240879 186.4831153824925 2.266970664262772 4.942974433302879 1.496845856308937 3.208805419504642 5933.806708522141 17.20345754176378 4.593135595321655 12.71524794399738 6066.10917121917 0.2293116673827171 3.97712180763483 26.31130114942789 9439.618967115879 384.444536536932 40.42128378897905 0.1071264669299126 5.917482145130634 87.86848477274179 116.707270026207 38.78183063864708 857.7759082466364 19.15843685716391 267.8294312655926 115.1144149899483 186.0913738831878 26.50645884871483 4.768015310168266 11.86180251091719 5.185353949666023 0 1.668908774852753 217.7113425880671 0 24.58871055394411 74.83967338502407 30.31047758460045 120.5168891698122 197.235886476934 2.725276380777359 147.504978813231 1.750010132789612 25.08344469219446 18.60476624965668 0.8276151046156883 0.2401389330625534 0.5783202350139618 0.3588769435882568 132.8375572934747 1.694627568125725 1.162372946739197 0.1539732664823532 301.8919800966978 0.1504657566547394 2.337493807077408 2.14161791652441 378.5060047805309 16.81344579905272 9.567899025976658 0.204062357544899 0.1072104722261429 0.4008548557758331 12.9537750557065 5.138699121773243 75.3873592466116 0.3675108179450035 25.75275756418705 6.527489259839058 143.1714980006218 3.378560945391655 0 0.5300986170768738
0.1596027761697769 0.1448962688446045 0.4683587998151779 5.287855364382267 4.124887347221375 177.6571273431182 0.718790166079998 132.1824905201793 49.28899444639683 9.46153699606657 25.57949175685644 85.9190903827548 3.095368564128876 26.42764111608267 1274.79972692579 0 2.103200569748878 4.006582260131836 5.453140899538994 3.530139677226543 0.2472958862781525 1.563468590378761 0.1124889776110649 16.03915512561798 0.7741214781999588 6.139056861400604 2.856107175350189 5.296062476933002 441.107774131 0.9380919858813286 0.7951296120882034 157.2885706871748 0 465.8413103967905 0 12.69432936608791 5.015497818589211 278.5816578119993 43.28568180650473 1678.316143631935 51.39648975431919 1.459617078304291 0 0 0 0.2005363553762436 0 0 0 0.1288866251707077 0 0 0 0 0 0 0.8529831767082214 0 0 0 0 0 0 0 0 0 1.089826852083206 0 0.1692287027835846 0 0.7221718654036522 0 0.4161850810050964 0 0 0 0 0 0.3443847447633743 0 0 0.1871823370456696 0 0 0 0
12.86179418116808 0 407.1834104806185 103.2725906521082 177.6571273431182 18417.71842098981 2131.673339128494 9359.427933819592 125.0609453171492 12338.47052660584 76.95811383426189 4672.656022720039 16.70339705049992 1617.670632407069 1420.438229955733 7.323627114295959 177.494501568377 28.08515458554029 40.42064885795116 694.6081683039665 215.3514074236155 1.604098670184612 331.557202629745 129.3212895542383 1.276601269841194 81.39887432008982 111.2715039998293 149.1433779150248 1362.722445674241 176.4528651610017 3.481289021670818 1035.189837902784 8.528008416295052 398.3808110281825 11.31143002212048 769.5079953074455 71.72764772921801 606.8975460976362 205.008572280407 1528.947582192719 344.750724747777 11.32570276409388 9.58285603672266 2.003504432737827 0.4578671380877495 6.499566532671452 10.20000183582306 0 2.904197335243225 16.60913798958063 3.012417264282703 16.72016555070877 7.555166408419609 0 12.12180189788342 0.1095620542764664 3.266020081937313 2.662070915102959 2.12179908901453 0.7823255807161331 0.1371970325708389 0.5856227725744247 4.388919204473495 0.1284141093492508 1.632972814142704 1.657224863767624 41.50750099122524 0 2.970851987600327 24.72215859591961 38.51621564477682 3.44687308371067 1.868598163127899 0.4071565419435501 0 0 2.129717320203781 0.1493091583251953 15.05043175071478 3.028939627110958 3.622927121818066 3.901298642158508 25.83707092702389 0 0 0
1558.836188882589 3.433116279542446 923.681208640337 272.0145941674709 0.718790166079998 2131.673339128494 23499.5253790319 4409.432471171021 627.5390857979655 19220.74548167735 7.103161297738552 19.05899279564619 1.910295702517033 7746.636386044323 18.63863049447536 78.90981926769018 126.9948528707027 4.088988833129406 10.52967409044504 83.86282242834568 3153.094046480954 17.50361430644989 1411.727920256555 2702.518279388547 0 55.97266140580177 1017.710670553148 22459.38295482099 353.1617744863033 5533.060727231205 0 5.761761553585529 43.15203110873699 91.52272844314575 12.38446246087551 646.9605711996555 83.06128581613302 245.7133582532406 142.5007910430431 58.41848596185446 10.29188443720341 1.917695641517639 7.502112820744514 4.884606748819351 0.8879696130752563 23.29781563580036 35.36280904710293 0 8.749834924936295 79.52970889210701 21.49283841252327 133.6081937402487 30.7740555331111 2.230228841304779 9.482117637991905 0 21.83330895006657 2.201774179935455 21.84237688779831 2.432569339871407 0.1039359495043755 1.213813044130802 16.87863912433386 6.672777019441128 6.042374797165394 37.90784973651171 239.9300567805767 0 3.8424266949296 81.41760870814323 277.2901208251715 25.15365548431873 20.51759415864944 0.8474516719579697 0.1683904528617859 0.8664138540625572 16.75080683082342 1.955300703644753 70.41872309148312 3.30718906968832 34.78389642387629 9.008402854204178 47.32060078531504 2.140894860029221 0 1.333472952246666
785.8451318517327 0.7670897394418716 835.0938573405147 129.4629117175937 132.1824905201793 9359.427933819592 4409.432471171021 9596.044450521469 165.0680748820305 4875.974232159555 247.8403399735689 1073.951795302331 33.17363875359297 11614.63864267245 790.6555074080825 14.02826961874962 976.6219195276499 96.24889558553696 174.275416277349 420.0130284056067 245.304014287889 9.449549168348312 929.6946710646152 306.7513911873102 5.44536329805851 250.9635713994503 318.2894521355629 303.7204831913114 2042.335068359971 2848.593699499965 6.251855440437794 973.9533004015684 23.97034430503845 968.9323269277811 17.85344177484512 680.9505504965782 135.6213668212295 1063.077941946685 411.8303316161036 1584.107153378427 642.4617056399584 22.36539970338345 13.56533670425415 1.545045517385006 1.633023820817471 16.06582049280405 5.357025310397148 0 3.167508043348789 36.36417599022388 4.91701839864254 38.40913024544716 5.500397555530071 0.9120399057865143 2.688285738229752 0.4524438083171844 9.911692604422569 1.102459624409676 2.122199065983295 2.253265969455242 0.7405395656824112 1.447136908769608 6.122891888022423 3.834566876292229 2.525742538273335 6.087407633662224 90.27240001410246 0 7.754649721086025 50.89443825185299 105.5804868414998 13.35600141435862 10.65788822621107 0.3621556535363197 0 0.3819465339183807 6.221334591507912 1.497208759188652 28.25940058380365 4.370334923267365 11.32628981769085 2.071316666901112 13.79839445650578 1.338615506887436 0 0
46.05092753469944 916.9983055740595 3.953901804983616 1383.117810115218 49.28899444639683 125.0609453171492 627.5390857979655 165.0680748820305 2849.641974695027 648.5405952706933 21.7210136577487 789.3664907515049 87.07233386486769 111.4377371966839 1015.829431891441 379.466610558331 7.268341399729252 3.821486420929432 4.651220865547657 524.4842835590243 119.0285640582442 3847.002181485295 111.1132598742843 8783.992729127407 136.9507184401155 69.99030885100365 1525.33726670593 1814.945182025433 321.1856825426221 462.3322615623474 11.45739822089672 8.432995997369289 56.75785937905312 107.5609163492918 21.75871767103672 960.334891974926 47.31711371988058 266.8556877300143 129.0036101862788 185.8296826481819 21.56749878823757 2.614603936672211 8.706123322248459 19.12687025219202 22.17029336094856 5.524805895984173 438.0324454978108 0 47.85685712844133 216.8833059892058 54.01255407184362 285.341477304697 315.1380623430014 5.339359700679779 311.8890999928117 2.917749263346195 68.21025228500366 82.98030570149422 170.219718940556 1.172703348100185 3.281931534409523 1.327124364674091 297.6768851205707 123.945006519556 78.51751775294542 46.08046891540289 2056.877732023597 2.918773509562016 9.269680298864841 63.67703155428171 1022.78914643079 105.5565499514341 114.2831656336784 1.331245891749859 0.848867267370224 8.128572605550289 24.42530836910009 7.605843231081963 170.6076697930694 7.759914703667164 78.73445930331945 10.98239753395319 375.8973646983504 4.987181209027767 0.6467732191085815 0.823866568505764
99.88548662513494 0.88298050314188 650.4987503662705 3930.59973397851 9.46153699606657 12338.47052660584 19220.74548167735 4875.974232159555 648.5405952706933 47663.29108206928 51.49768862873316 5139.835897952318 11.90737280994654 2725.466191962361 98.02336940169334 6.084247544407845 132.0062039643526 27.25324708223343 55.21592088788748 4949.167203098536 695.4573955461383 3.845336854457855 551.9579175263643 1400.654368400574 0.7740591913461685 90.31823368370533 293.4624555036426 6959.03729378432 1558.417351134121 214.5936349779367 1.756211824715137 47.90899907797575 82.17919807881117 418.440245218575 56.1647587865591 1820.116255551577 108.7154030129313 1060.546338178217 306.9781970456243 292.8644498810172 114.1845590174198 8.826134487986565 40.20018501579762 4.966973640024662 0.3720452338457108 11.46754567325115 177.8324998691678 0 23.38210947066545 153.9119883030653 33.13385931402445 143.4934326410294 144.6032567545772 3.150788843631744 120.982140570879 1.051806032657623 29.33700580894947 7.918951369822025 5.9316166639328 2.351705588400364 0 1.181946940720081 105.0711595565081 2.183322593569756 1.360998600721359 12.12568984925747 388.7589029148221 0 3.058596700429916 50.30775443464518 460.7818089202046 24.91486363857985 21.38989845663309 0 0.1032975986599922 0.6326822936534882 10.75765872001648 2.025141462683678 97.54604206234217 5.370062619447708 35.7827221378684 10.45430527627468 123.7287882193923 1.926691561937332 2.000928163528442 0.671255424618721
6.898185387253761 86.30180465430021 88.44220124185085 2.7501575127244 25.57949175685644 76.95811383426189 7.103161297738552 247.8403399735689 21.7210136577487 51.49768862873316 12867.85576922446 19.8035229369998 2325.633281856775 274.6739943921566 6.652863793075085 2.228592291474342 555.5692455694079 4898.788798727095 2109.232984378934 11.61356584727764 20.38522492349148 36.02472388744354 71.39198306202888 13.8671942949295 1166.651020176709 6634.05615618825 1644.255939878523 9.665490753948689 414.9336552619934 23.24508459120989 1119.269974455237 190.3289445862174 4.611161932349205 7552.076691910625 9.00392173230648 447.4964426532388 5438.563733436167 6700.176454134285 946.745625756681 38.48569406569004 222.1659428328276 1299.144572898746 14.69846844673157 0.1200294345617294 12.3759276419878 0.9912299141287804 0.5937949270009995 0 0 1.275724902749062 0.2679849490523338 3.400675989687443 0 243.672867000103 0.1267412006855011 529.8226913884282 0.4081030488014221 0 0 0.7526579424738884 80.61262931674719 8.347034849226475 0 0 1.629025988280773 0.1188443228602409 1.759998671710491 99.69498953968287 172.494810089469 304.1764451414347 3.047369174659252 0.3426080644130707 0.6908602267503738 213.6769369021058 0 0 12.56750988960266 10.25822782516479 13.37808172404766 537.4318159520626 14.90477223694324 1.027422413229942 0.8821104019880295 0 105.8281001597643 0
1.586826682090759 0.4135625660419464 2.174413673579693 6037.797422200441 85.9190903827548 4672.656022720039 19.05899279564619 1073.951795302331 789.3664907515049 5139.835897952318 19.8035229369998 10394.94977077097 27.65808983147144 351.0432342216372 1926.447745367885 0.6973007246851921 2.3215691447258 9.657549127936363 13.66498832404613 6542.812240317464 0.6123483926057816 4.426443427801132 1.040589168667793 1514.26557610929 0.2667864859104156 12.21118324249983 7.869088791310787 3089.22057312727 258.2716822102666 9.294366002082825 0.3016235455870628 31.77740913629532 2.022563457489014 94.51257515698671 8.82568896561861 1226.519014067948 19.71961472928524 327.0150459185243 85.34310801327229 1482.741534583271 39.80314384400845 16.13482604920864 6.272653691470623 3.384827554225922 0 0 120.002085506916 0 30.20615547150373 63.25192323327065 20.45969757437706 62.47844496369362 116.6312806010246 1.425835654139519 164.3351247608662 7.709221631288528 19.16201148182154 19.36802357435226 6.855585619807243 0 0.8465040549635887 0.295002743601799 104.0266637653112 5.923413440585136 0.5521385073661804 1.887989908456802 177.675189435482 0 0.5163369253277779 1.184535905718803 194.328087463975 13.8658452257514 9.69928902387619 0 0 0 20.63671261817217 2.94820673763752 88.20882096141577 0.5763497650623322 21.14096742868423 4.944955453276634 232.8639325127006 1.837306052446365 9.978747427463531 1.063948273658752
0.1592858880758286 672.4615451097488 15.94494476169348 3.734345190227032 3.095368564128876 16.70339705049992 1.910295702517033 33.17363875359297 87.07233386486769 11.90737280994654 2325.633281856775 27.65808983147144 5972.464333057404 19.37207514792681 16.17020794004202 25.32525037229061 10.58186355978251 307.2191701829433 19.07636342197657 5.04358284175396 14.91742696613073 212.7638291195035 37.42993701249361 49.4101083651185 9275.309906475246 1249.765765272081 8708.687685705721 11.4369094222784 19.25687189400196 3.951602950692177 2900.167193949223 21.42513277381659 0.1475287675857544 804.730233207345 43.59962746500969 2272.777654528618 7129.885723561049 2894.536615997553 596.9515533074737 272.7372760549188 306.2843936011195 893.7677546292543 60.32633097469807 0 41.63480485975742 2.952546305954456 3.282359838485718 0 4.418422281742096 0.3171769827604294 0.2869567722082138 1.828528538346291 2.100843667984009 443.1747557967901 2.831889726221561 894.027047291398 0.9735357835888863 4.804415598511696 4.447208270430565 4.16272047162056 121.7821917533875 19.87460377067327 0 0 1.729406550526619 0.2477625980973244 0.8122320249676704 229.9519312605262 416.8814073130488 610.7961645200849 4.24725965410471 0.3202237263321877 0.2587994635105133 394.3632377684116 0.147364929318428 0 28.26650633662939 15.34864737093449 372.6534264832735 1186.356992177665 42.74108399450779 28.15623098611832 143.9182114601135 17.26947277784348 207.77796112746 6.690271973609924
5428.764619961381 0.5095401778817177 309.583975315094 105.7855295240879 26.42764111608267 1617.670632407069 7746.636386044323 11614.63864267245 111.4377371966839 2725.466191962361 274.6739943921566 351.0432342216372 19.37207514792681 15909.91206289083 121.1135709956288 8.799198441207409 633.1292676106095 116.8610824793577 186.4636457264423 261.8479428514838 109.209662117064 9.645414471626282 445.6787941083312 259.4961030185223 2.83675067871809 186.0412803739309 184.2110684141517 291.2482673078775 6961.285334065557 4010.283861964941 7.70172306895256 216.1873019486666 51.51358896493912 1254.310743294656 13.44312536716461 545.6757292896509 79.95026713609695 1368.033490456641 302.7890787050128 395.3975379243493 119.5746161565185 9.590180806815624 9.530005872249603 2.283931143581867 0.3213199153542519 4.029578596353531 3.894915416836739 0 1.744449190795422 23.73116460442543 4.238950498402119 31.93897391110659 4.047996766865253 0.240656316280365 1.175452150404453 0.6377625614404678 7.726104833185673 0.7996630072593689 0.7285850197076797 0.4646748304367065 0.2821946144104004 1.044379532337189 2.085173599421978 1.432821683585644 2.70956926047802 1.840656407177448 77.81694415956736 0.5428830459713936 6.086657270789146 27.31955133378506 80.01027374714613 7.812992818653584 8.138502672314644 0.7916320562362671 0.2685790956020355 0 4.137158893048763 0 21.57425010949373 1.077381491661072 7.623324453830719 2.538678221404552 9.472164005041122 0.458093985915184 0.5769787430763245 0.4935553073883057
0.1343818753957748 9.229011237621307 0.248177096247673 186.4831153824925 1274.79972692579 1420.438229955733 18.63863049447536 790.6555074080825 1015.829431891441 98.02336940169334 6.652863793075085 1926.447745367885 16.17020794004202 121.1135709956288 348.9152566641569 0.8375740647315979 0.3593822941184044 1.712920643389225 2.619554623961449 113.1802000254393 0.9363699555397034 55.57100537419319 0.09723697602748871 835.8035333305597 1.426989167928696 3.1132622808218 28.1579215452075 129.9823669120669 72.54900021106005 9.519921690225601 0.09699979424476624 407.3196110129356 1.979891091585159 38.78563664108515 1.036390781402588 391.5919933542609 2.442623853683472 79.58060932904482 29.78975732624531 1360.975374311209 145.0979211628437 5.944403022527695 0.8536932468414307 0.1732061505317688 0.3376318514347076 0.2941444218158722 6.765131831169128 0 3.091849803924561 3.449789240956306 1.56048709154129 1.08539816737175 6.347043395042419 0 12.65711565315723 8.91442334651947 3.11387974023819 0 1.07826454937458 0 0 0 7.017536848783493 3.507790863513947 2.041262120008469 2.38666544854641 17.31479851901531 0.1232913583517075 0 0.4723316580057144 14.66057997941971 3.387184292078018 1.938933849334717 0.1345444321632385 0 0 2.916147828102112 1.016060829162598 16.70461690425873 0 1.525232255458832 0 33.55224300920963 0 4.181046009063721 0
7.375736594200134 126.8367912992835 3.475790321826935 2.266970664262772 0 7.323627114295959 78.90981926769018 14.02826961874962 379.466610558331 6.084247544407845 2.228592291474342 0.6973007246851921 25.32525037229061 8.799198441207409 0.8375740647315979 5579.489202171564 4.296516291797161 0.228933185338974 2.391327045857906 0.1321444511413574 3589.011220775545 2831.810400336981 5501.810889475048 5202.33564234525 8.732239320874214 6.973090924322605 3818.55366782099 1798.496966578066 21.33410835266113 39.98037545382977 1.294358044862747 0.3628618717193604 1.90520279109478 46.53160437941551 22.3713338971138 1523.595225133002 387.2175154313445 314.60327809304 458.3280010819435 27.49135649204254 2.28317940980196 16.18725021183491 3.881617650389671 11.47504202276468 4.280624456703663 20.95823583006859 0.1828787475824356 0 2.162688292562962 26.48246390372515 8.273895047605038 54.43656514585018 2.639210142195225 2.418021589517593 1.043249383568764 9.729480229318142 20.61038294434547 0 2606.933889642358 3.356841564178467 0.3477590307593346 2.729970924556255 0.6812074854969978 567.3246807828546 673.4976865723729 1362.315495438874 878.2048992589116 0.4250660985708237 6.206384845077991 333.6259278282523 263.3120483979583 46.74052874743938 61.16752511262894 0.1401292085647583 0 5.570754677057266 24.60389322042465 4.287176579236984 92.74292349815369 12.64461594820023 28.89655590057373 12.94358619302511 12.08814631402493 2.024921745061874 9.380306959152222 2.199974775314331
358.3974861800671 32.48486319929361 9610.622694581747 4.942974433302879 2.103200569748878 177.494501568377 126.9948528707027 976.6219195276499 7.268341399729252 132.0062039643526 555.5692455694079 2.3215691447258 10.58186355978251 633.1292676106095 0.3593822941184044 4.296516291797161 1377.336320705712 404.1235589683056 4001.601552352309 3.831161491572857 610.9910211935639 5.266660705208778 9939.870085008442 20.02129114419222 6.208341181278229 3562.345581993461 7250.008080095053 65.45690592378378 829.0276399925351 1140.318372525275 3.321273520588875 8.446712724864483 48.27857207506895 4467.364097267389 9.702389471232891 722.7302785590291 1528.844143599272 2647.751351103187 532.8423434048891 12.5940765440464 4.801176682114601 1.625335961580276 2.020318828523159 0 33.93855311721563 132.9006738737226 0 0 0 0.7053605392575264 0.2246088236570358 0.9459754377603531 0 1.863975279033184 0.1015694737434387 10.45070670545101 1.222284033894539 0 2.836629681289196 84.30642621964216 18.81881391257048 120.5757262706757 0 0.4475073218345642 6.220352746546268 9.908600680530071 6.103551238775253 5.775056749582291 620.1379896625876 920.0361417010427 2.881267763674259 0.1039644181728363 0.9634162485599518 5.536143824458122 0 0.218658521771431 4.826450243592262 2.382297813892365 22.57597879320383 65.02349765598774 13.32233355939388 5.48335849493742 0 1.24596643447876 2.703876636922359 0
17.86083092540503 6.608690321445465 92.79980782419443 1.496845856308937 4.006582260131836 28.08515458554029 4.088988833129406 96.24889558553696 3.821486420929432 27.25324708223343 4898.788798727095 9.657549127936363 307.2191701829433 116.8610824793577 1.712920643389225 0.228933185338974 404.1235589683056 724.6099316105247 2658.546313360333 6.26343410462141 11.19616731256247 3.542560048401356 81.11376913636923 4.83987507969141 36.24319213628769 2246.212029226124 770.5600503385067 4.104028202593327 154.7072133123875 25.90512531250715 245.462980017066 37.29379161447287 2.453298985958099 1480.779123902321 3.828776404261589 677.8433127552271 1209.518027320504 1409.351237818599 616.5265265107155 16.02148281037807 18.06183240562677 20.23031397163868 1.499553382396698 0 1.883176602423191 1.563633233308792 0 0 0 0.9666973203420639 0.1149124428629875 0.7003292292356491 0 9.722062453627586 0.08205375075340271 49.18151938915253 0 0 0.2160458266735077 0.7897897958755493 17.55144535005093 4.327363900840282 0 0.1373259872198105 0.1111195012927055 0.2522500455379486 1.533593237400055 13.20878044515848 53.44582479447126 109.8493045717478 1.643585033714771 0 0 30.89596158266068 0 0 0.4087507426738739 1.801629737019539 7.490709334611893 8.274862743914127 2.495942637324333 1.537309423089027 0.949960470199585 0 0.5188270658254623 0
58.83463337272406 17.65027180314064 375.0725430324674 3.208805419504642 5.453140899538994 40.42064885795116 10.52967409044504 174.275416277349 4.651220865547657 55.21592088788748 2109.232984378934 13.66498832404613 19.07636342197657 186.4636457264423 2.619554623961449 2.391327045857906 4001.601552352309 2658.546313360333 2922.567688070238 10.06867280602455 68.09751070290804 2.33226777613163 391.9874465614557 8.146298058331013 24.35979768633842 5124.605459906161 1893.119111053646 9.280876040458679 310.3734056577086 147.9384272694588 12.51180539280176 37.47856272757053 10.71337156742811 6569.13733972609 7.16030739992857 1170.876462422311 867.1261806637049 2343.149143353105 783.1400055065751 16.67956041544676 8.017056345939636 3.125099375844002 2.335253685712814 0.0905492752790451 18.12063494324684 9.832386344671249 0 0 0 0.395374558866024 0 0.6463462114334106 0 5.924490250647068 0 29.18784404546022 0.1551015824079514 0 0 8.957859754562378 26.18738314509392 21.0842404961586 0 0.1317695379257202 0.6417577862739563 0.4386911243200302 2.160682812333107 10.84930109232664 208.981488391757 371.4175573810935 2.623533107340336 0.4776738733053207 0.5455451011657715 17.38037260621786 0 0 1.526559554040432 2.601152330636978 18.19224202632904 12.46917246282101 5.138544246554375 1.881848841905594 0 0 0.3822738900780678 0
9.110001802444458 0 12.50282561779022 5933.806708522141 3.530139677226543 694.6081683039665 83.86282242834568 420.0130284056067 524.4842835590243 4949.167203098536 11.61356584727764 6542.812240317464 5.04358284175396 261.8479428514838 113.1802000254393 0.1321444511413574 3.831161491572857 6.26343410462141 10.06867280602455 1034.818576537073 12.13353999704123 0.7861283645033836 8.803935565054417 796.8040511608124 0.120359905064106 6.355897419154644 11.66945008188486 4041.781056053936 286.6428540199995 4.225437819957733 0.5060248970985413 11.00782961398363 9.779159530997276 89.91294993460178 13.57159338891506 558.6827316656709 21.63326053321362 249.4009866192937 65.38757757842541 297.4309526607394 33.73257208615541 5.071256421506405 5.899580724537373 2.021620750427246 0 0.09546849876642227 87.65030279010534 0 16.71543455868959 50.77578597515821 14.4172140955925 56.69582726806402 73.68315988779068 1.487084150314331 64.41386625915766 2.740061014890671 15.51619205623865 10.93514999747276 0.714837871491909 0 0 0.1082277745008469 64.0497131049633 0.9934412837028503 0 1.048802442848682 167.7369433268905 0 0.0856156125664711 1.135136775672436 213.5927532091737 11.60297399759293 9.096998825669289 0 0.1378853172063828 0 18.84795626997948 1.064370259642601 41.99650398641825 2.581598594784737 20.32744945585728 3.204422980546951 110.7478284463286 0.4740409702062607 0.1985704451799393 0.4436757266521454
51.84501102566719 5.183183908462524 921.1252719908953 17.20345754176378 0.2472958862781525 215.3514074236155 3153.094046480954 245.304014287889 119.0285640582442 695.4573955461383 20.38522492349148 0.6123483926057816 14.91742696613073 109.209662117064 0.9363699555397034 3589.011220775545 610.9910211935639 11.19616731256247 68.09751070290804 12.13353999704123 19245.58333405852 197.5375098288059 16245.30131971836 1329.598859906197 1.034657642245293 25.63368054479361 511.5896056294441 6494.745077937841 117.9829789847136 10846.62665252388 0.1228781566023827 2.506465405225754 16.23590695112944 4133.647910162807 109.4340569227934 7007.194328352809 793.0714592263103 7625.752674952149 4318.924435794353 118.3433012142777 33.60144518315792 13.13804690539837 25.5388552621007 7.371408000588417 0.4980354905128479 5.89206351339817 1.247071295976639 0 0.262977235019207 11.54934214800596 7.979581236839294 30.68124559521675 1.514407694339752 0.3060475662350655 0 3.231335163116455 17.36816885322332 0.2251715660095215 145.736284211278 1.00869132578373 0.2067597955465317 1.090907841920853 0.6197744384407997 152.6011199653149 88.17233368009329 51.18888436257839 447.7524012774229 0 4.569224312901497 31.35081584006548 151.131302818656 36.83412221819162 44.53582729399204 0.2693733870983124 0 2.71885672211647 6.621126592159271 19.74952828884125 96.31532342731953 4.853276923298836 14.9000079408288 5.95039775967598 5.239183366298676 0.1539080440998077 2.699346899986267 0.312575452029705
4.845971077680588 2770.623651519418 8.335737630724907 4.593135595321655 1.563468590378761 1.604098670184612 17.50361430644989 9.449549168348312 3847.002181485295 3.845336854457855 36.02472388744354 4.426443427801132 212.7638291195035 9.645414471626282 55.57100537419319 2831.810400336981 5.266660705208778 3.542560048401356 2.33226777613163 0.7861283645033836 197.5375098288059 1175.000288829207 626.2485263869166 5299.020569980145 468.5966359004378 105.0351262614131 5150.49637580663 181.9914496541023 21.78567704558372 56.51498199254274 22.21124597638845 0.3658095896244049 2.862865217030048 10.00201953947544 0.7632829695940018 70.31469253450632 21.3846854865551 30.2015625834465 23.08760750293732 35.2503120303154 0.2069704383611679 3.106389164924622 0 2.631384432315826 94.44516332447529 49.01874629408121 1.232516258955002 0 0.2357910498976707 7.217113763093948 2.733173780143261 12.91627615690231 1.416376993060112 1.901210501790047 0 5.880733922123909 5.994171217083931 0 1326.145171441138 3.945900782942772 1.634933859109879 1.289966851472855 0 165.6728819459677 167.273492783308 463.3131470531225 214.381295055151 11.41876035928726 16.03339003771544 1063.519801273942 49.54793465137482 3.797493293881416 8.447782807052135 2.67606920003891 0 0.9308086931705475 2.675203837454319 0.3838663548231125 25.98266324400902 11.35861612856388 9.204216144979 6.985832877457142 2.467735640704632 0.3190961182117462 0.1747456789016724 0
195.7762168869376 13.02022033184767 11417.82749546319 12.71524794399738 0.1124889776110649 331.557202629745 1411.727920256555 929.6946710646152 111.1132598742843 551.9579175263643 71.39198306202888 1.040589168667793 37.42993701249361 445.6787941083312 0.09723697602748871 5501.810889475048 9939.870085008442 81.11376913636923 391.9874465614557 8.803935565054417 16245.30131971836 626.2485263869166 23121.37623284757 739.6053925082088 3.285106390714645 1451.308228820562 21695.16423605382 2889.040138967335 329.547699213028 3674.704662121832 0.6847035735845566 4.446252845227718 23.05579426884651 3698.62268755585 155.7640969902277 12249.18194358051 7345.340771503747 10459.02232195437 9205.358871944249 268.962138094008 47.21651169657707 32.92519067972898 56.16877794265747 1.552051797509193 13.72833576798439 637.9745426476002 0.4386960715055466 0 0.8821871429681778 23.05707667022943 6.751115545630455 11.88051800429821 2.518159650266171 0.2328274548053741 0.5842220559716225 5.724421441555023 11.03766661137342 0 2530.966975457966 24.3391000404954 0.8389696925878525 9.388274997472763 0.8293707221746445 347.2324304655194 402.1255388855934 2664.786842659116 371.9056193381548 1.464210107922554 37.33237343281507 2718.471526049078 85.40982220321894 12.4717791005969 27.38265192508698 1.508384928107262 0 1.000038534402847 14.41450538486242 41.60367038846016 216.6613988801837 56.86541318893433 68.70753901451826 57.11810586601496 7.031746156513691 0.1764499843120575 6.924293920397758 0.7086101770401001
108.6196484193206 460.7273469343781 15.54978877305984 6066.10917121917 16.03915512561798 129.3212895542383 2702.518279388547 306.7513911873102 8783.992729127407 1400.654368400574 13.8671942949295 1514.26557610929 49.4101083651185 259.4961030185223 835.8035333305597 5202.33564234525 20.02129114419222 4.83987507969141 8.146298058331013 796.8040511608124 1329.598859906197 5299.020569980145 739.6053925082088 19815.8874239549 51.52906106412411 28.27076788246632 2813.297639086843 9029.270849905908 1086.786537669599 1322.096760623157 3.733551971614361 9.246296733617783 282.5496958494186 408.2733608856797 118.5150538533926 4062.450651116669 229.4607690796256 979.8294956758618 524.7657845839858 660.2469636797905 59.03105170279741 11.29909247159958 38.79399897903204 26.96789506822824 9.812195859849453 14.90436301380396 308.2722519114614 0 48.20634470880032 406.2703008875251 123.7846950441599 698.3608909025788 210.6286459043622 10.64416226744652 128.425229780376 7.090864710509777 141.7408784851432 36.42903859913349 199.2498800754547 2.543920196592808 3.768415898084641 3.035604611039162 155.7267431616783 126.6004630625248 98.19029238820076 113.6257863789797 1910.925428956747 1.547194942831993 7.24420752376318 105.629477225244 1705.944671355188 174.0965048894286 170.4950415566564 4.065377324819565 2.407303124666214 11.00054152309895 88.68500117957592 28.51483189314604 432.6711988598108 9.070398285984993 202.8712165653706 38.48710546642542 354.3312617689371 13.07543545216322 2.522992610931396 6.902805738151073
0.1232835799455643 1187.942349173129 1.625343471765518 0.2293116673827171 0.7741214781999588 1.276601269841194 0 5.44536329805851 136.9507184401155 0.7740591913461685 1166.651020176709 0.2667864859104156 9275.309906475246 2.83675067871809 1.426989167928696 8.732239320874214 6.208341181278229 36.24319213628769 24.35979768633842 0.120359905064106 1.034657642245293 468.5966359004378 3.285106390714645 51.52906106412411 869.8701625838876 1823.238519988954 9106.021307140589 1.190058201551437 2.002977147698402 0.7361555248498917 1148.57624245435 2.370271548628807 0 212.7213841155171 0 47.40224289894104 734.4918288737535 517.839957728982 46.94402091950178 2.718560136854649 19.45913787931204 467.372476413846 0.1791080236434937 0 53.77615121006966 3.11540549993515 0 0 0 0.2911452651023865 0.5447705239057541 0.786260686814785 0.08239102363586426 278.0462370738387 0 980.3474221602082 0.1241731494665146 0 0 1.148213222622871 37.61654740571976 4.885761976242065 0.221254825592041 0 1.914781130850315 0.4984023720026016 0.991088405251503 254.4659493863583 151.3599527329206 926.7061665356159 0.3641070201992989 0.1271746456623077 0 193.4331734478474 0.5739931464195251 0 10.63794159889221 0 6.712886743247509 230.6651516035199 38.21689240634441 4.266136214137077 0 0 49.12573903053999 0
37.67520114034414 363.2112791836262 5712.548727765679 3.97712180763483 6.139056861400604 81.39887432008982 55.97266140580177 250.9635713994503 69.99030885100365 90.31823368370533 6634.05615618825 12.21118324249983 1249.765765272081 186.0412803739309 3.1132622808218 6.973090924322605 3562.345581993461 2246.212029226124 5124.605459906161 6.355897419154644 25.63368054479361 105.0351262614131 1451.308228820562 28.27076788246632 1823.238519988954 45477.22916760296 16234.80665950477 17.57283195108175 221.1853737831116 33.86103487014771 669.8488206416368 51.17057023197412 3.150687247514725 1818.424155727029 27.07698028534651 3164.764983437955 7196.198407560587 4266.326031707227 1728.394156441092 45.45264253765345 32.53183808922768 115.7005787789822 7.067718297243118 0.19208924472332 473.332518696785 254.2171057537198 0 0 0.105068065226078 0.915488101541996 0.8903543949127197 7.04917036741972 0.6548146903514862 325.0567112416029 0.2093528509140015 1506.481165006757 1.394439309835434 0.4787787050008774 2.957024335861206 212.3268941640854 440.9176581725478 389.4096194133162 0.2081299796700478 0.5057350173592567 15.93811073154211 13.24908768385649 6.045693665742874 801.4655480459332 3746.247941188514 7506.040703333914 1.231258228421211 1.047071367502213 1.974303171038628 759.6454207971692 0.1198221445083618 0 43.98806568235159 7.087188243865967 101.8423971310258 322.2378414720297 98.26379553228617 23.09096965938807 2.458947002887726 0.1799212694168091 23.6967982724309 2.552141562104225
82.49635431170464 10321.43281897157 11303.26030752808 26.31130114942789 2.856107175350189 111.2715039998293 1017.710670553148 318.2894521355629 1525.33726670593 293.4624555036426 1644.255939878523 7.869088791310787 8708.687685705721 184.2110684141517 28.1579215452075 3818.55366782099 7250.008080095053 770.5600503385067 1893.119111053646 11.66945008188486 511.5896056294441 5150.49637580663 21695.16423605382 2813.297639086843 9106.021307140589 16234.80665950477 47774.55704389513 1094.346150755882 195.5829594805837 114.0241201147437 1873.126369155943 17.72198159992695 13.83050607144833 2423.664068832994 133.1125682219863 7964.424590058625 5654.069286547601 9223.839507848024 4996.13408305496 156.9864493310452 27.37706472724676 46.59276417642832 30.93416628241539 3.57541673630476 2843.237898029387 3472.913158304989 0.3563173860311508 0 1.592904128134251 47.23865082114935 28.23273361474276 29.62957185506821 2.955438375473022 235.8740515634418 0.3768866211175919 981.862643584609 30.89590084552765 0.3928299397230148 1461.339405752718 692.2492862641811 281.0891874432564 450.5283347964287 0.0941191092133522 56.25817197561264 1022.788381054997 2240.188892133534 172.9996942356229 847.7972015589476 3722.449539013207 23362.5105272159 64.84773372858763 6.558844164013863 41.18997564166784 599.040238134563 0.1393802314996719 0.4235902354121208 65.639469191432 22.65515676140785 495.0711564943194 630.3623818606138 336.3051759749651 161.2650453746319 12.01480492204428 1.423726424574852 28.7795761525631 3.20682181417942
92.80516198277473 16.08798778802156 279.0707572624087 9439.618967115879 5.296062476933002 149.1433779150248 22459.38295482099 303.7204831913114 1814.945182025433 6959.03729378432 9.665490753948689 3089.22057312727 11.4369094222784 291.2482673078775 129.9823669120669 1798.496966578066 65.45690592378378 4.104028202593327 9.280876040458679 4041.781056053936 6494.745077937841 181.9914496541023 2889.040138967335 9029.270849905908 1.190058201551437 17.57283195108175 1094.346150755882 29290.99977124482 1166.95141594857 9719.094918146729 0.1086241081357002 11.41840728372335 299.2096386924386 652.5777110606432 116.8829135075212 5106.648114956915 311.1982979550958 1294.743853285909 723.3087408468127 334.984872110188 58.51832664012909 5.821152530610561 37.19166990369558 34.37545089423656 1.940881013870239 10.07922383397818 230.116747520864 0.4917298853397369 33.79608590900898 404.1489740088582 83.7246208190918 416.5992018058896 213.5541782453656 7.72604176402092 159.0853708535433 2.982652761042118 124.8975137099624 27.85484227538109 56.22284657508135 1.509309954941273 1.475520610809326 2.90842841565609 144.480818644166 90.04362104833126 40.14772559702396 42.57508051395416 1591.030492715538 0 4.312602765858173 57.79445850104094 1506.084325104952 169.7138102501631 174.3454950451851 1.104625426232815 1.242255792021751 11.96247508376837 61.13547758758068 23.0006015971303 335.5809072926641 15.30045614391565 137.44284581393 33.08995553851128 258.7431878224015 12.17356090247631 2.896475933492184 2.039446659386158
