1360.770257815719 0 71.09303113818169 2.782367706298828 0.4994753301143646 15.88615486770868 2502.601748213172 564.9173882380128 1.16411704570055 52.09788570553064 22.23803404718637 9.329803854227066 0.7505097091197968 6772.937103435397 0.1096942648291588 1.742840625345707 133.6046358048916 10.49272990226746 117.9736981242895 22.73793093860149 12.98698198795319 0.4960445836186409 153.97497433424 32.92945349961519 0 14.08204452693462 24.31867169588804 49.10689723491669 5187.215700380504 4143.588375076652 0.1865988671779633 6.401963524520397 51.86188870668411 305.1561613604426 1.245539523661137 33.29320450127125 4.241536684334278 119.0242846831679 35.43603426218033 2.983711786568165 0.8347672149538994 0.4066126495599747 0.9592583477497101 0 0 0.2435517907142639 0 0 0 0.2125900834798813 0 0.6666149944067001 0 0.1143495142459869 0.2299137860536575 0.2055479437112808 0.1338199973106384 0 2.289528347551823 0 0 0 0.5364301800727844 0.3516782820224762 2.579077258706093 0 6.590093612670898 0 0.3819988965988159 1.264211505651474 4.760863281786442 0.1382458359003067 0.2597643136978149 0 0 0 0 0 0.5656818524003029 0 0.09439828246831894 0 0 0 0 0
0 114.6004883721471 29.45045479387045 0 0.2896548807621002 0.3167412430047989 2.437666304409504 0.282584585249424 747.5026720166206 0 30.32408292591572 3.554912999272346 371.2009617611766 0.4971247166395187 10.71806850284338 124.0664290264249 18.03662966936827 8.412278205156326 8.892775356769562 0.1973757594823837 1.109668895602226 2844.317196518183 2.197158023715019 689.2748991027474 1833.313682496548 246.6111393198371 4951.859593339264 45.43187864869833 0.9554211795330048 5.197079233825207 154.8451290875673 0.1110431924462318 0.09283623099327087 17.19353676587343 0 26.41867260634899 87.5968744456768 40.05585647374392 8.201460227370262 17.97135309129953 0 26.42401789873838 0 0 187.307926364243 80.30464991182089 0.1086468622088432 0 0 0.2345138490200043 0 3.466661140322685 0 12.55694985389709 1.060208201408386 41.48740799725056 0.221725732088089 0 0.8934066742658615 7.251393675804138 3.002841174602509 4.591681391000748 0 0 35.58511190861464 4.684219196438789 3.956557281315327 36.28913620114326 163.5603693276644 2015.895656377077 2.067398086190224 0 0 4.148444622755051 0 0 1.49560122191906 0 9.688855513930321 17.58298686146736 7.541248768568039 1.01853021979332 0.2293486595153809 0 1.524454861879349 0
71.09303113818169 29.45045479387045 6940.319873489439 0.9741336479783058 0.1681729555130005 18.14475412666798 608.8509907871485 398.8979714363813 5.063751056790352 38.67498070001602 57.35064967721701 1.506257265806198 1.288513697683811 650.7742654755712 0.0765984058380127 22.04876422137022 5618.82480482012 112.8607953116298 938.5838609561324 6.845464669167995 351.633279338479 12.53620032221079 10216.07008469105 79.92260602861643 0.1683686152100563 5807.448233000934 6587.435892604291 454.5505069643259 138.9414564073086 970.0593200176954 1.979648947715759 1.681384161114693 4.322057023644447 779.3325427100062 18.30527229607105 1968.906999520957 2206.70317171514 2427.994839817286 528.1961548253894 93.38642752170563 1.832265168428421 3.473996162414551 3.518055066466331 0.119355097413063 77.46772206574678 378.0981770604849 0 0 0 0.3387995809316635 0 0.398992121219635 0 0.3671416193246841 0 1.530815646052361 0.6898620650172234 0 15.6393213942647 74.68419756740332 1.506974779069424 18.11021067947149 0 0.5377923473715782 43.79043375700712 57.8534122928977 8.2484530210495 1.574717655777931 456.203076325357 2426.052641496062 4.928708732128143 0 1.426149927079678 0.1607127636671066 0 0 7.161120034754276 1.371254906058311 46.20659406483173 41.80464767664671 38.21300719678402 3.668552905321121 0.1691826283931732 0 0 0.2100392431020737
2.782367706298828 0 0.9741336479783058 1904.482386425138 0.1453463584184647 106.1337082311511 94.37790545076132 57.17400914430618 205.3160811588168 1888.915620967746 0.6800012364983559 5698.40911116451 0.88315249979496 50.46256814152002 90.62124062329531 0 0.1715372577309608 0.880768246948719 0.8266191408038139 3769.250390797853 0.8331183642148972 0.1248591542243958 0.8212516084313393 1136.368956051767 0 1.36188729852438 1.339807778596878 3884.482270628214 52.64561889320612 1.622052416205406 0 2.994350865483284 1.219619505107403 29.47169030457735 3.523356653749943 108.4805233329535 2.955856792628765 74.42655017226934 32.89299640804529 221.8319569304585 2.973443396389484 0 2.274033285677433 0 0 0 18.37858009338379 0 9.188772402703762 6.326864451169968 1.7943294942379 23.79487137496471 14.32758170366287 0 55.2023334056139 0 0.3682403191924095 5.89243870973587 0 0 0 0 14.22049858421087 0 0 0 98.80990336835384 0 0.09779868274927139 0.07703325897455215 48.09191248565912 0 0 0 0 0.1297125816345215 0 0 0.8024612367153168 0 1.269757755100727 0.195526197552681 26.16067573428154 0 2.478280067443848 0
0.4994753301143646 0.2896548807621002 0.1681729555130005 0.1453463584184647 76.64895421266556 540.2119620069861 6.043693892657757 24.47742777317762 4.321566477417946 2.541272088885307 11.44060885906219 30.99309384822845 0.8758349418640137 6.519514091312885 1786.312540777028 0 0.08320600539445877 1.794315204024315 0.7941015288233757 3.185739770531654 0 0 0 6.939426869153976 0.09441987425088882 1.360534980893135 0.5542286112904549 0 17.70992186665535 0.3016917854547501 0.1113565489649773 304.9724266380072 0 107.3040766790509 0 27.11862746626139 2.089501276612282 81.16145185381174 74.83344370871782 2125.057118527591 46.72949158400297 1.917983412742615 4.416192099452019 0 0 0 0 0 0.1203818321228027 0 0 0 0.9101513624191284 0 0 0.1923680305480957 0 0 0 0 0 0 0.1749764233827591 0 0 0 1.082258492708206 0 0.2812914848327637 0 0.4507183060050011 0 0 0 0 0 0 0 0.2301414161920547 0 0 0 0 0 0 0
15.88615486770868 0.3167412430047989 18.14475412666798 106.1337082311511 540.2119620069861 13723.71363951266 3371.772421583533 11687.39397867024 112.1052625626326 6259.891471251845 84.48509067296982 3846.516514271498 14.28052187711 2301.221019364893 1309.283272460103 0.1294618248939514 9.148653335869312 29.66822512447834 42.05670389533043 502.0247069001198 9.474801614880562 0.1318012475967407 13.94214475154877 297.6771160215139 1.302831128239632 46.83434921503067 25.19437579810619 862.3254822939634 1060.797917053103 19.36640697717667 3.477518945932388 568.2014929875731 5.397840097546577 432.560807466507 45.81542228162289 548.2076567038894 35.14892051368952 628.5826828256249 271.0171486958861 3039.905389219522 111.4777176752687 6.28705183416605 11.29844336956739 0 0.09571176022291183 0 13.96022325754166 0 9.567026987671852 9.67597059905529 0.2387172654271126 14.89105492085218 8.363492891192436 0.4879475980997086 23.19659205526114 0.3383152782917023 0.8300274759531021 1.409533381462097 0.3879978060722351 0 0 0 11.32924896478653 0 0.559817373752594 0 73.3865661919117 0.1929864957928658 0.7287548631429672 1.842143565416336 49.16336103528738 0.82587930560112 0 0.1715460941195488 0.08486078679561615 0 0 0.3055182695388794 3.677972838282585 0 0.1231882274150848 1.173558473587036 54.29621966183186 0 0 0
2502.601748213172 2.437666304409504 608.8509907871485 94.37790545076132 6.043693892657757 3371.772421583533 22840.37074744701 4957.743613556027 561.1839282289147 11465.24589053541 43.51896372437477 61.10916478186846 6.672161996364594 9830.365743167698 19.72698165476322 10.52047626674175 127.3417773470283 15.52528354525566 75.00089234858751 152.4841978028417 697.204217068851 16.84613630175591 835.9392466619611 2776.142507433891 0.7968457490205765 54.36075174063444 207.7799019217491 15168.08887252212 2222.102393291891 10831.87205579877 0.7924126237630844 42.15720861405134 266.6012748554349 691.616908416152 104.4483411982656 2601.135372303426 124.6282623782754 1767.037011109293 799.0119165629148 115.8484273850918 25.84094654023647 3.075004294514656 29.43722742050886 2.282392956316471 0 0.7267042696475983 68.79741171747446 0.2241363823413849 14.78016825020313 204.2779700681567 16.35824362933636 160.4075881764293 81.86355717480183 0.7043013572692871 21.48583346605301 0.2500290423631668 11.81280139833689 0.4965420961380005 11.55665805190802 0 0 0 54.64421730488539 1.698892623186111 7.042135655879974 1.2570421397686 1333.536502555013 0.08709573745727539 2.016889199614525 13.84582866728306 1026.96290653944 9.738836705684662 23.39240477979183 0 0.1256844401359558 0.7714337408542633 3.895014002919197 4.797232583165169 72.00634568184614 0.4866827577352524 14.25117278844118 8.231550849974155 64.73550995439291 0 0.3924603462219238 0
564.9173882380128 0.282584585249424 398.8979714363813 57.17400914430618 24.47742777317762 11687.39397867024 4957.743613556027 14012.15692460537 32.00672389566898 2533.35329502821 78.09560640156269 1371.914381057024 12.92572499811649 8483.125142458826 223.6811914667487 1.555473372340202 217.5652320608497 28.31776462495327 165.9002851098776 541.1365101784468 116.9629539996386 3.31775376945734 452.5280906930566 289.3802058696747 0.2469217702746391 61.74905079603195 78.93144098669291 469.8236665651202 700.7427310347557 1061.000451140106 2.306707292795181 391.3621769845486 28.50804743915796 385.3093035519123 24.32086499035358 487.6901433989406 35.2735723555088 480.0035162121058 214.513699606061 853.5671790838242 35.69693552702665 8.332620821893215 10.37634627521038 0.1212654411792755 0 0.446573331952095 2.32246308028698 0 0.436577133834362 17.50970070064068 0.8004536330699921 9.908429503440857 3.870061993598938 0.2280790954828262 4.403608240187168 0.2057411372661591 1.685264438390732 0.4327627867460251 0.5919402688741684 0 0 0 1.516976967453957 0.3322358131408691 0.3493843525648117 0 111.4320846647024 0.2540868818759918 1.546733364462852 4.638489305973053 78.64360785484314 0.7400757297873497 2.135823026299477 0 0 0 0 1.127780899405479 8.865008108317852 0.3567886725068092 1.08314623683691 0.5480558276176453 3.865546181797981 0 0 0
1.16411704570055 747.5026720166206 5.063751056790352 205.3160811588168 4.321566477417946 112.1052625626326 561.1839282289147 32.00672389566898 1558.328601703048 181.6910634189844 2.990559823811054 537.1638152226806 28.33026994019747 22.14296023547649 379.9507941901684 38.79646100848913 12.94383413344622 2.624378487467766 2.582267187535763 498.9062273949385 6.329290099442005 4161.543434008956 9.936355568468571 12616.03977818787 166.2864659652114 34.84378057718277 794.8929941356182 1319.301057837903 32.25428305566311 224.6027677431703 14.86191694438457 0.2106087729334831 4.559549361467361 23.00070087611675 4.178991794586182 419.9891509488225 54.25926551967859 72.43016390502453 31.35484754294157 460.4440623298287 2.603930577635765 2.27703358232975 3.39620278775692 5.630057707428932 3.79745077341795 3.412964031100273 107.8695931509137 0.2852146327495575 93.58667914569378 90.05626385658979 15.74088367819786 134.1736750230193 96.11378462612629 1.979301139712334 301.9544661492109 1.97702506929636 11.62184976041317 30.39625838398933 247.5538844764233 1.488908685743809 0.2721106559038162 0.6600906848907471 138.5997859910131 16.70279763638973 81.66831281781197 1.400392174720764 2692.94363438338 1.626304492354393 11.50413855910301 42.74469537287951 908.6067187562585 24.52921953052282 87.16769637912512 1.212825238704681 0.4092757552862167 0.9779568463563919 4.540929384529591 2.247061252593994 80.46101813018322 2.970028601586819 21.38985756039619 8.566535696387291 151.1359090432525 0 0.1048069819808006 0
52.09788570553064 0 38.67498070001602 1888.915620967746 2.541272088885307 6259.891471251845 11465.24589053541 2533.35329502821 181.6910634189844 37262.34225814044 32.69998551905155 2591.222574837506 5.855388402938843 1448.892158508301 16.0769402012229 0.9305117875337601 9.692346252501011 12.9830334186554 22.95174329727888 2627.697566904128 20.52797910571098 0.1187345087528229 29.81812777370214 1044.297368638217 0.5850809067487717 19.4130337908864 16.93810381740332 5719.157864779234 691.139715410769 28.90007118135691 0.8882337659597397 30.13041389733553 13.26360946893692 342.9646918699145 23.63008429855108 612.5237785428762 33.56692299991846 750.4269512742758 279.4627330005169 94.78678642213345 16.86151894927025 1.029401667416096 14.65270005166531 0 0.2108482718467712 0 52.84286657720804 0 14.79866507649422 26.83309170603752 5.430105395615101 39.65311917662621 30.49215281009674 0.1094679161906242 42.0266175493598 0 1.156672328710556 3.388490498065948 0.2025834172964096 0 0 0 32.32401494681835 0 0.3381184935569763 0 230.2984647974372 0 0.4788606688380241 0.7842543870210648 136.7271584644914 0 0.672112911939621 0.08237414807081223 0 0 0.1531868577003479 0 4.021032243967056 0.3914957046508789 0 0.08881444483995438 47.52657267451286 0 0 0
22.23803404718637 30.32408292591572 57.35064967721701 0.6800012364983559 11.44060885906219 84.48509067296982 43.51896372437477 78.09560640156269 2.990559823811054 32.69998551905155 8588.081394575536 41.49923471361399 1971.362616151571 117.2022111788392 1.604486994445324 0.1226644665002823 329.2739565819502 2725.996717385948 1844.423537500203 21.54661963880062 4.331615924835205 8.419751517474651 112.1929850131273 11.70773144811392 1667.032173663378 3072.601898297668 599.8220573291183 15.77666748315096 283.9410373941064 33.94410414248705 386.951792538166 178.6876091957092 3.620824135839939 6854.344736516476 4.348913662135601 682.1294099614024 4083.082278504968 3719.910890996456 1637.299157477915 34.65433658659458 11.23939844965935 1083.402504563332 15.00140611827374 0 3.963826224207878 0.1465008705854416 0 0 0 0.2946718037128448 0.8413447365164757 0.7427270710468292 0 246.4539292305708 0 902.8217803761363 0.3155062645673752 0 1.14722578972578 0.09830655157566071 12.17019390314817 5.009795635938644 0 0 0.1148691326379776 0 5.741631969809532 24.21571180224419 157.104672126472 183.507461309433 6.246286369860172 0.3280320763587952 0 107.8217323198915 0 0 4.506028212606907 1.710842072963715 16.52706327289343 420.0500715374947 29.58831758052111 4.941135600209236 0.2922807931900024 0 187.3118930831552 0.2800810039043427
9.329803854227066 3.554912999272346 1.506257265806198 5698.40911116451 30.99309384822845 3846.516514271498 61.10916478186846 1371.914381057024 537.1638152226806 2591.222574837506 41.49923471361399 8348.372842170298 9.603886261582375 729.9240409359336 2155.041246756911 0.6706118881702423 3.694776013493538 14.17252885550261 24.17314837127924 5528.708530128002 0.4363390132784843 22.26456508040428 3.397915259003639 3474.054188869894 1.539158329367638 22.11194028705359 14.88207720965147 1594.81318154186 474.9985940530896 5.037641994655132 1.677326656877995 55.60673705488443 0.4880774095654488 244.9590699374676 8.345553986728191 604.0757815912366 22.60119100660086 369.4263449311256 100.6001997515559 3159.455385953188 34.36064208298922 1.507334813475609 2.942883931100368 0 0 0.1993701010942459 18.41241136193275 0.341097429394722 47.27400318533182 4.886203542351723 3.701894856989384 36.28365622460842 43.21391054242849 0.09060937911272049 129.8844660520554 0 1.644282840192318 12.73217442631721 0.3557626008987427 0 0.08989857137203217 0.08888097107410431 41.03211361914873 0.1766401529312134 0.5175074636936188 0 130.2304648384452 0.204979307949543 0.6926494687795639 1.602841429412365 52.37021161615849 0.5552156567573547 0 0.0699903666973114 0 0 0.2336091250181198 0.5774742960929871 3.939071118831635 0.1167785748839378 0.7895952835679054 0.6588905304670334 113.0485487580299 0 1.784681916236877 0
0.7505097091197968 371.2009617611766 1.288513697683811 0.88315249979496 0.8758349418640137 14.28052187711 6.672161996364594 12.92572499811649 28.33026994019747 5.855388402938843 1971.362616151571 9.603886261582375 4544.647791460156 10.19406434893608 1.109947361052036 1.734606996178627 1.138657823204994 89.72023021429777 12.95249553024769 4.155583187937737 0.2002130448818207 107.0180661603808 2.366452813148499 24.23345915973186 5588.226822033525 559.3390541002154 3849.151593394578 5.103059440851212 23.1537469252944 2.834591805934906 1108.640625156462 23.55319830775261 0.5094770491123199 2608.061384521425 9.677504777908325 386.2426658123732 3119.186790727079 2712.396592825651 650.2570739388466 39.94220765680075 78.12978483736515 1874.799359276891 17.9566622376442 0 24.29306820780039 0.5879421681165695 0 0 0.3771083578467369 0 0 0.4556058347225189 0 724.5274895727634 0 2867.410495348275 0.1984036043286324 0 0.0961274653673172 0 26.62451554089785 8.074421599507332 0 0 1.318249329924583 0 1.023710399866104 193.4964472353458 301.1061501353979 438.9571732059121 1.581418253481388 0.6261036396026611 0.2350069582462311 371.8867100477219 0 0 9.544244959950447 5.560858458280563 181.8613369017839 1149.36702644825 90.78433940559626 35.68614891171455 28.46575162559748 0 458.0074727162719 1.020952939987183
6772.937103435397 0.4971247166395187 650.7742654755712 50.46256814152002 6.519514091312885 2301.221019364893 9830.365743167698 8483.125142458826 22.14296023547649 1448.892158508301 117.2022111788392 729.9240409359336 10.19406434893608 14021.88804066181 31.68881526589394 1.074197590351105 467.121300585568 54.13422247767448 426.6144547723234 535.7336647063494 167.4901683107018 3.889188937842846 935.7055717334151 241.5448985770345 0.7217829376459122 102.2385998293757 126.0663281679153 385.8993144035339 4069.530503295362 3959.726923443377 2.278725244104862 92.09245968610048 35.86896400898695 757.7409510314465 20.72246004641056 557.6788920983672 42.02412279695272 602.7334193885326 196.0197179615498 386.7964887693524 12.03195513784885 1.837319761514664 10.2291297391057 0 0.3582345619797707 0.76301109790802 2.860731676220894 0 0 14.60339877009392 1.037062168121338 10.20580160617828 1.557324834167957 0 3.293378248810768 0.4171096011996269 0 0 5.552269212901592 0 0.1130622625350952 0.3196586966514587 1.235621936619282 1.129327386617661 1.25787852704525 0.3392796814441681 121.2660783007741 0 2.560041129589081 9.015692248940468 92.44913194328547 0.7117191255092621 3.960918389260769 0.1055174022912979 0 0 0.1019185334444046 1.619638547301292 9.482519038021564 0.3291489481925964 4.477740585803986 1.269797772169113 3.002369239926338 0 0 0.2400809973478317
0.1096942648291588 10.71806850284338 0.0765984058380127 90.62124062329531 1786.312540777028 1309.283272460103 19.72698165476322 223.6811914667487 379.9507941901684 16.0769402012229 1.604486994445324 2155.041246756911 1.109947361052036 31.68881526589394 583.3190139085054 0 0.2223173826932907 0.5414141863584518 0.7595612704753876 206.9028681665659 0 38.72918008267879 0.2612688317894936 772.9542715549469 1.599994495511055 1.009332470595837 11.23926981538534 49.3694684356451 26.95741841197014 0.08837279677391052 0.1264611631631851 470.4039329811931 0.1224826648831367 14.98670253157616 1.774623453617096 180.6889734864235 1.528270088136196 12.32326251268387 3.711232423782349 2252.389411814511 66.11743186414242 0 0 0 0 0 2.898885637521744 0 4.682300567626953 1.786565124988556 2.654255598783493 3.085351228713989 2.598434820771217 0 11.02848602831364 0 0 0 0.1315374225378036 0 0 0 9.892585307359695 0.1479578465223312 0 0 27.92362804710865 0 0.2612386047840118 0.4493637681007385 8.489854320883751 0 0 0 0 0 0.4280220866203308 0 0.327458992600441 0 0.2823758721351624 0 34.30671882629395 0 0 0
1.742840625345707 124.0664290264249 22.04876422137022 0 0 0.1294618248939514 10.52047626674175 1.555473372340202 38.79646100848913 0.9305117875337601 0.1226644665002823 0.6706118881702423 1.734606996178627 1.074197590351105 0 5561.408978879452 12.93211866915226 0.2521695047616959 1.174006402492523 0.574077881872654 1655.759312413633 2641.042522750795 5718.29829891026 1770.176684729755 4.897943675518036 3.779105566442013 8400.84233251214 1899.576809115708 19.92502222210169 293.9034251272678 0.2443718388676643 0 4.301161423325539 64.18817187100649 53.08838005363941 3396.764150843024 545.4897486120462 475.6843663230538 838.5825001001358 173.4517091363668 3.346261084079742 0.9878868162631989 8.512309059500694 2.560336217284203 7.58470644056797 21.01034110039473 0 0 0.2739063650369644 14.82679824531078 1.798821710050106 23.69093709439039 0 0 0.3004688918590546 0 3.996862895786762 0 4440.776000447571 0.4911960363388062 0 0 0 224.6307743266225 1415.3628019467 937.9983636960387 277.8116350322962 0 3.769412823021412 558.9887050911784 368.1765616312623 19.44369006156921 149.4942907989025 0.1596388816833496 0 1.736775547266006 3.28961917757988 6.391566701233387 66.26437852531672 3.548543989658356 12.59536334872246 8.770480394363403 2.615116588771343 0 0 0.4690414518117905
133.6046358048916 18.03662966936827 5618.82480482012 0.1715372577309608 0.08320600539445877 9.148653335869312 127.3417773470283 217.5652320608497 12.94383413344622 9.692346252501011 329.2739565819502 3.694776013493538 1.138657823204994 467.121300585568 0.2223173826932907 12.93211866915226 1148.315055578947 150.8222661092877 4896.162242770195 3.609002038836479 483.8932589292526 21.18717671185732 2871.992321230471 33.67273730784655 0.2848484516143799 2694.146828442812 6627.669994018972 71.66634306311607 406.4246878586709 1405.087401747704 0.6684490144252777 3.662395231425762 19.94764746725559 2501.816002383828 6.425257548689842 361.0445351749659 1486.468725129962 1072.929020524025 154.4377958625555 23.83459268510342 0.1287312358617783 9.464356556534767 0.8003043010830879 0.1066588908433914 22.35493537038565 75.45908395200968 0 0 0 1.073661722242832 0.1133904829621315 1.978648215532303 0 0 0 0 0.6419834122061729 0 5.424906298518181 21.68666568398476 0.8547626882791519 13.03196144104004 0 0.6800336986780167 7.370362304151058 3.875915803015232 3.96252454072237 0.9076893925666809 231.5367772057652 611.342076100409 5.345093779265881 0 1.622503951191902 0 0 0 1.564473092556 1.183073207736015 15.00841993093491 40.23170858621597 10.38627907633781 1.310351803898811 0.3095043897628784 0 0 0
10.49272990226746 8.412278205156326 112.8607953116298 0.880768246948719 1.794315204024315 29.66822512447834 15.52528354525566 28.31776462495327 2.624378487467766 12.9830334186554 2725.996717385948 14.17252885550261 89.72023021429777 54.13422247767448 0.5414141863584518 0.2521695047616959 150.8222661092877 441.3502483665943 2303.881377525628 7.135451905429363 1.784663163125515 4.548397392034531 106.0187043175101 6.818846434354782 16.60020142048597 3910.016427144408 699.9941753074527 8.618136174976826 93.36027485877275 21.11053334921598 178.8276737853885 42.06819019466639 2.137759082019329 1176.930476658046 3.395588606595993 590.0329192504287 1209.76777946949 1095.398172155023 503.3263848423958 13.31713178008795 0.5457953959703445 20.52701644599438 1.477377235889435 0 5.946580693125725 0.3752888441085815 0 0 0 0.8690390586853027 0 0 0 11.37656885385513 0 72.40321005880833 0 0 0 0.09678401052951813 28.58775265514851 18.35959321260452 0 0 0.3197974860668182 0 2.759500622749329 18.45089719444513 279.0100977122784 339.8874385803938 1.290315240621567 0.1718872711062431 0 50.89382333308458 0 0 1.631467714905739 0.8795170187950134 4.580713830888271 19.56127990037203 4.737418577075005 0 0.1711197346448898 0 0.2124067842960358 0
117.9736981242895 8.892775356769562 938.5838609561324 0.8266191408038139 0.7941015288233757 42.05670389533043 75.00089234858751 165.9002851098776 2.582267187535763 22.95174329727888 1844.423537500203 24.17314837127924 12.95249553024769 426.6144547723234 0.7595612704753876 1.174006402492523 4896.162242770195 2303.881377525628 2004.93968077749 14.22547919303179 30.16068343818188 3.508534297347069 896.8574380874634 14.75927700847387 1.250595830380917 4797.167000278831 1582.903240442276 31.6642196290195 535.0740851014853 316.0993730053306 5.687808804214001 51.50614288449287 20.45935073494911 5078.875306077302 3.859286233782768 1089.767040871084 1825.911686383188 2631.13794054091 590.4456442147493 19.96575252711773 1.159399248659611 14.61893536150455 1.036920562386513 0 29.42693729698658 5.917043745517731 0 0 0.08675874024629593 0.105150006711483 0.1055821776390076 0.453739620745182 0 3.651175186038017 0 7.549263514578342 0.1283896118402481 0 1.43866790831089 8.215517684817314 19.95130480080843 43.74070262908936 0 0.2228332161903381 1.363144673407078 0.3555497825145721 5.715753138065338 5.805925078690052 625.7879578620195 703.2494904473424 4.110996723175049 0.2441462129354477 0.08648250997066498 7.591897897422314 0 0 1.192566096782684 2.647401243448257 10.41713039577007 67.80553509294987 11.43159086257219 0.9578976258635521 0.1271230280399323 0 0.1660618335008621 0.1476940661668777
22.73793093860149 0.1973757594823837 6.845464669167995 3769.250390797853 3.185739770531654 502.0247069001198 152.4841978028417 541.1365101784468 498.9062273949385 2627.697566904128 21.54661963880062 5528.708530128002 4.155583187937737 535.7336647063494 206.9028681665659 0.574077881872654 3.609002038836479 7.135451905429363 14.22547919303179 400.9027781561017 3.676338203251362 0 6.395314402878284 1119.034963928163 0.6637329831719398 14.26218746602535 8.013086028397083 4061.297777161002 389.3458040729165 7.761169604957104 0.6455022022128105 18.41149100661278 3.818739891052246 207.6958477497101 14.27527835965157 520.0114098191261 21.77216821908951 448.622644238174 177.957239985466 546.8900055363774 18.49397195130587 1.373415194451809 5.90351951867342 0 0 0 21.61712405830622 0 32.24323908239603 17.60880151391029 2.570984371006489 44.03764118254185 21.95436027646065 0 62.50576217472553 0.09492433816194534 0.9763702750205994 2.967015251517296 0.1630878299474716 0 0 0 31.21863611787558 0 0 0 151.0192111730576 0 0.09723763912916183 0.1856090873479843 69.04888681322336 0 0.5432802438735962 0.0804082527756691 0 0 0.2717329859733582 0.6562435030937195 2.307828471064568 0 1.538781583309174 0.4898693412542343 74.16126549243927 0 0 0
12.98698198795319 1.109668895602226 351.633279338479 0.8331183642148972 0 9.474801614880562 697.204217068851 116.9629539996386 6.329290099442005 20.52797910571098 4.331615924835205 0.4363390132784843 0.2002130448818207 167.4901683107018 0 1655.759312413633 483.8932589292526 1.784663163125515 30.16068343818188 3.676338203251362 15631.92634518445 46.62822981923819 13415.25032542646 681.8768086209893 0.1329187452793121 7.46661502122879 1713.753554046154 3963.335060290992 45.26507880166173 12942.85276803374 0.2200202643871307 0.7289876341819763 10.35554146021605 3208.86984654516 136.8713028654456 4594.122677005827 107.7663305327296 5154.139315120876 3169.991126045585 196.6548256352544 5.370133951306343 2.41982901096344 21.13603864610195 0.8952596783638 0.1547707915306091 1.987169750034809 0 0 0 2.329387918114662 0.945552259683609 2.884514629840851 0 0 0 0 1.083792388439178 0 184.1005244776607 0 0 0 0 22.7176875770092 99.26805092394352 12.49814167618752 48.58706835657358 0 0 11.01670806854963 56.03046665340662 2.509818986058235 24.47610279917717 0 0 0.2047089859843254 0.7428600862622261 13.99898746609688 30.84976518899202 0.1066088080406189 3.000069603323936 0.2091478928923607 0.6626926213502884 0 0 0
0.4960445836186409 2844.317196518183 12.53620032221079 0.1248591542243958 0 0.1318012475967407 16.84613630175591 3.31775376945734 4161.543434008956 0.1187345087528229 8.419751517474651 22.26456508040428 107.0180661603808 3.889188937842846 38.72918008267879 2641.042522750795 21.18717671185732 4.548397392034531 3.508534297347069 0 46.62822981923819 1929.198755338788 137.3564474210143 5881.69103025645 853.1419875249267 78.13088028132915 4040.291709691286 422.5504128709435 7.026640564203262 80.18232586234808 58.49578119069338 0.5259367749094963 0.6624154448509216 11.69508153945208 1.021817542612553 78.34166840463877 49.21538242697716 44.98571391403675 14.67332860827446 84.88065807521343 2.504412978887558 5.997130312025547 0 1.841837167739868 31.09669180214405 78.31049954891205 1.312164634466171 0 0 3.998228371143341 0.4177658781409264 22.83279179781675 0.133258044719696 1.536126978695393 7.433988720178604 7.283386282622814 1.097981125116348 0 2009.974108591676 1.881667092442513 0.4650075882673264 1.378720313310623 0 71.06771849095821 183.8007291182876 476.3609540089965 131.6896932199597 5.156323999166489 24.90186599642038 1329.968132935464 127.5588394328952 7.719000324606895 42.95620641112328 3.409220777451992 0 0.2165065482258797 0.6864962205290794 1.621542081236839 31.3408702686429 6.154773876070976 8.965691521763802 4.611616306006908 3.797611951828003 0 0 0
153.97497433424 2.197158023715019 10216.07008469105 0.8212516084313393 0 13.94214475154877 835.9392466619611 452.5280906930566 9.936355568468571 29.81812777370214 112.1929850131273 3.397915259003639 2.366452813148499 935.7055717334151 0.2612688317894936 5718.29829891026 2871.992321230471 106.0187043175101 896.8574380874634 6.395314402878284 13415.25032542646 137.3564474210143 16788.59980325401 528.1015795469284 0.1976179555058479 847.5862103700638 10763.7616654411 3180.099326536059 310.2951406463981 9026.4229452461 0.3070369362831116 3.225997194647789 15.18642446398735 3046.053391225636 147.7820529267192 8548.04306910187 1640.76472966373 7690.906192466617 6361.944589860737 741.7496523857117 11.54003198444843 11.16987670212984 37.78183133155107 0 3.579323641955853 113.4777702763677 0 0 0 1.927960366010666 1.134319096803665 3.132435247302055 1.912771284580231 0 0 0.2929259240627289 1.289892211556435 0 973.9109996855259 4.024636924266815 0.1042116433382034 0.4524397179484367 0 22.21229888498783 295.8395131751895 426.1256475299597 54.47252440452576 0 4.041861973702908 1097.908839859068 48.88874097168446 0.4884324967861176 9.468763783574104 0.1353520750999451 0 0.1002758964896202 1.035287439823151 16.53876753151417 59.74395367503166 3.853368654847145 8.581453487277031 7.345956422388554 1.037299245595932 0 0 0
32.92945349961519 689.2748991027474 79.92260602861643 1136.368956051767 6.939426869153976 297.6771160215139 2776.142507433891 289.3802058696747 12616.03977818787 1044.297368638217 11.70773144811392 3474.054188869894 24.23345915973186 241.5448985770345 772.9542715549469 1770.176684729755 33.67273730784655 6.818846434354782 14.75927700847387 1119.034963928163 681.8768086209893 5881.69103025645 528.1015795469284 16843.63593655825 116.3025124892592 30.7167264893651 2579.231913663447 14648.44974724203 548.8000821098685 846.7293706089258 11.23315352201462 12.51230234652758 101.2580554559827 340.3116995170712 74.42199574410915 2647.880295351148 189.561677493155 950.2691195458174 583.6795942559838 1590.59842197597 28.05474942177534 9.882794469594955 20.1890857219696 7.541572153568268 7.597789496183395 8.02138402312994 315.7392544224858 0 153.7746312841773 530.7584290653467 55.42970206588507 1202.775759927928 284.3434790298343 4.349213048815727 410.4812848567963 2.617080554366112 42.82796932756901 24.48426960408688 627.9973696991801 2.520675979554653 0.8554614186286926 1.145458303391933 313.7212500348687 72.70916093140841 274.0801037475467 51.67441974580288 6004.091491565108 0.6415388882160187 13.34048829972744 109.5548187345266 3693.129951119423 74.42373955249786 242.9211331233382 0.9973732680082321 0.8492443263530731 4.542492039501667 23.74193017929792 10.30329532921314 278.5473700687289 4.419656381011009 84.16811564564705 35.27073219418526 431.5003787651658 1.549229621887207 2.337594985961914 0.6981012374162674
0 1833.313682496548 0.1683686152100563 0 0.09441987425088882 1.302831128239632 0.7968457490205765 0.2469217702746391 166.2864659652114 0.5850809067487717 1667.032173663378 1.539158329367638 5588.226822033525 0.7217829376459122 1.599994495511055 4.897943675518036 0.2848484516143799 16.60020142048597 1.250595830380917 0.6637329831719398 0.1329187452793121 853.1419875249267 0.1976179555058479 116.3025124892592 968.9995686113834 198.2779021784663 3614.346901528537 8.17092277854681 3.051726214587688 0.5514613091945648 617.1960140019655 1.464447803795338 0.1384461373090744 555.1096247434616 0 20.0007996186614 477.4488832578063 698.3607414141297 132.6930723339319 3.556431584060192 1.216313034296036 708.58505217731 1.558267116546631 0 133.3824313133955 0.9737901240587234 0 0 0 0 0 0.8159549608826637 0 155.210280649364 0 465.6310730874538 0.392397552728653 0 0 0.1343590468168259 10.09701641649008 6.079324945807457 0 0 1.109812408685684 0 0.2972831130027771 333.8553650379181 203.6235548183322 402.6567426174879 0.2788988202810287 0 0 70.92187492549419 0.09547054022550583 0 7.158989399671555 0 2.436364240944386 146.9129170998931 27.15852887928486 6.548573888838291 0.5195781216025352 0 70.23088953644037 0
14.08204452693462 246.6111393198371 5807.448233000934 1.36188729852438 1.360534980893135 46.83434921503067 54.36075174063444 61.74905079603195 34.84378057718277 19.4130337908864 3072.601898297668 22.11194028705359 559.3390541002154 102.2385998293757 1.009332470595837 3.779105566442013 2694.146828442812 3910.016427144408 4797.167000278831 14.26218746602535 7.46661502122879 78.13088028132915 847.5862103700638 30.7167264893651 198.2779021784663 27264.17252728343 17405.27714431286 29.80099619179964 128.68397988379 77.8537742421031 835.9053151085973 58.54426869750023 2.982054986059666 1592.409630827606 14.17787017673254 2400.402905069292 7227.76887897402 3613.876962780952 1210.770573019981 56.79454626142979 2.002150490880013 239.9119042083621 3.254544585943222 0.3402462527155876 235.5913221538067 77.0910366922617 0 0 0.2159901931881905 0.7726002037525177 0.4722398146986961 3.533280104398727 0 148.3545773774385 0.289722740650177 1322.511287465692 0.9954251348972321 0 0.8567725196480751 70.28418509662151 134.1540804579854 195.3548545911908 0 0.7397195622324944 7.133654333651066 3.993075162172318 5.146554082632065 154.0539892092347 2921.998595543206 4718.11394135654 2.299150973558426 1.296344235539436 1.349568590521812 382.3716358840466 0.2942563071846962 0 12.48362493515015 5.791669458150864 67.09991484880447 268.4852874577045 71.0260091573 9.194203488528728 1.87388101965189 0 9.535434685647488 0.1383612453937531
24.31867169588804 4951.859593339264 6587.435892604291 1.339807778596878 0.5542286112904549 25.19437579810619 207.7799019217491 78.93144098669291 794.8929941356182 16.93810381740332 599.8220573291183 14.88207720965147 3849.151593394578 126.0663281679153 11.23926981538534 8400.84233251214 6627.669994018972 699.9941753074527 1582.903240442276 8.013086028397083 1713.753554046154 4040.291709691286 10763.7616654411 2579.231913663447 3614.346901528537 17405.27714431286 33899.65492630005 2468.379173204303 136.9334105625749 252.1127331778407 2310.343489184976 23.52357349544764 9.389531902968884 2744.645165219903 91.53692986816168 8909.586420103908 7784.420086406171 11259.78161066771 3485.946102239192 516.4281435236335 6.826534308493137 88.51376602053642 18.44002551585436 0.8090257346630096 2888.550484918058 1551.082266129553 0.1177515611052513 0 0.3479375690221786 6.168515779078007 3.160574562847614 8.728656701743603 0.2943970263004303 118.7160455137491 1.762311667203903 896.9914155229926 4.905725926160812 0 1281.908093906939 222.1521163135767 249.3247079104185 382.6325466781855 0 7.359598256647587 1113.459472082555 1145.055333308876 94.87377945333719 776.949336387217 5777.411975219846 21995.04499451071 61.1357793584466 2.077082552015781 14.33173313736916 374.5240579023957 0 0.0972803607583046 41.95520605146885 20.9449422582984 258.2517312541604 391.5819379612803 214.2163348048925 56.71162120997906 8.197110466659069 0.1587177067995071 4.186781659722328 0
49.10689723491669 45.43187864869833 454.5505069643259 3884.482270628214 0 862.3254822939634 15168.08887252212 469.8236665651202 1319.301057837903 5719.157864779234 15.77666748315096 1594.81318154186 5.103059440851212 385.8993144035339 49.3694684356451 1899.576809115708 71.66634306311607 8.618136174976826 31.6642196290195 4061.297777161002 3963.335060290992 422.5504128709435 3180.099326536059 14648.44974724203 8.17092277854681 29.80099619179964 2468.379173204303 25392.51034785062 918.8622133657336 10576.25515731424 1.338678605854511 12.1194656714797 466.5094184055924 1193.428795479238 243.3215472921729 5620.121566206217 379.7398368790746 2458.932240977883 1416.993310935795 262.0213353559375 23.84783062338829 4.319993771612644 30.23181907832623 10.19878431409597 2.323744222521782 3.863807082176208 127.1381429135799 0 52.13654402643442 326.6509923785925 28.30815816670656 355.9565112739801 102.221823439002 1.062058970332146 87.13973743468523 0.3282776772975922 29.61302101612091 17.63936258852482 540.0449265912175 0.4380768015980721 0 0.1129487007856369 88.34623009711504 78.92644669115543 205.417191490531 20.7642409875989 3020.082237951458 0 2.378774233162403 36.75809092074633 2186.683974407613 62.76882272958755 224.9351805448532 0.08483190834522247 0.7574976161122322 3.824603766202927 12.66039437800646 21.17079190909863 217.8881302922964 6.875315740704536 65.59757974743843 24.32360132783651 129.221683897078 0.8430294841527939 0.7593246698379517 0.6117482632398605
5187.215700380504 0.9554211795330048 138.9414564073086 52.64561889320612 17.70992186665535 1060.797917053103 2222.102393291891 700.7427310347557 32.25428305566311 691.139715410769 283.9410373941064 474.9985940530896 23.1537469252944 4069.530503295362 26.95741841197014 19.92502222210169 406.4246878586709 93.36027485877275 535.0740851014853 389.3458040729165 45.26507880166173 7.026640564203262 310.2951406463981 548.8000821098685 3.051726214587688 128.68397988379 136.9334105625749 918.8622133657336 22889.26406748965 7143.292183019221 7.460746936500072 1818.587207533419 3055.200276173651 3771.377100147307 50.06738832592964 1464.754919596016 75.63108515739441 2005.569555416703 694.4785059466958 486.7958512529731 224.870625346899 5.377973094582558 35.65643028914928 0.1718579977750778 0.2962117716670036 0.2959040775895119 1.533951863646507 0 0.9468958899378777 10.77863372862339 0.6448555737733841 16.54724254459143 1.880049757659435 0.5309436321258545 1.585106939077377 0.6685938686132431 1.020548269152641 0 29.09979312866926 0.3125380575656891 0.2528382837772369 0.6351909562945366 0.3153690099716187 5.410758823156357 7.75320303440094 0.7291744947433472 138.4876722991467 0.2117149531841278 4.882464215159416 6.731850892305374 106.6656894087791 5.221158236265182 13.95842287689447 0.3600743561983109 0 0.1439932733774185 0.7489041984081268 4.134431764483452 22.07122363895178 0.9685806185007095 2.975002489984035 1.664554178714752 4.580771669745445 0 2.626689434051514 0
4143.588375076652 5.197079233825207 970.0593200176954 1.622052416205406 0.3016917854547501 19.36640697717667 10831.87205579877 1061.000451140106 224.6027677431703 28.90007118135691 33.94410414248705 5.037641994655132 2.834591805934906 3959.726923443377 0.08837279677391052 293.9034251272678 1405.087401747704 21.11053334921598 316.0993730053306 7.761169604957104 12942.85276803374 80.18232586234808 9026.4229452461 846.7293706089258 0.5514613091945648 77.8537742421031 252.1127331778407 10576.25515731424 7143.292183019221 16782.56628952175 0.1599632576107979 10.67571107298136 1657.344198308885 3176.026382662356 126.5534362271428 2825.166372410953 127.95863032341 2880.54695186764 1211.354274176061 64.81840384751558 9.39256426692009 5.242434985935688 17.02966667711735 4.28286024928093 0.4198102056980133 4.848403476178646 0.5040266960859299 0 1.235807351768017 63.06721150875092 3.658785112202168 131.613176099956 2.279345378279686 0.7950536906719208 0.6614229083061218 0 10.2821087166667 0 358.6502292603254 1.190488763153553 0.1760932952165604 0 1.653950944542885 37.59753601253033 153.599719338119 8.522646501660347 839.7519292086363 0 4.072316661477089 21.05041132867336 729.2890496328473 28.82578106224537 116.2720590680838 0 0.1053506582975388 1.070040732622147 7.466101817786694 14.99369736760855 195.2898097634315 1.057984709739685 34.73928219825029 13.71336894482374 32.75519952178001 0.1692756116390228 0 0
