1234.631444312632 0 88.43149253726006 7.791833303868771 0 13.25027906149626 2389.590208977461 586.259333640337 3.285391420125961 78.10769680887461 44.27886242419481 5.685536451637745 0.4213582873344421 6753.539271272719 0.4787645787000656 6.831110335886478 150.0434841662645 18.63711089640856 105.3093446567655 21.0024192109704 51.06846138089895 0.5446475744247437 123.9491856619716 66.57809322327375 0.2765882015228271 44.45636471360922 23.6602725237608 59.19248393177986 4553.785086326301 3448.158825702965 0.09964423626661301 3.879447147250175 59.20903531461954 331.5968835130334 1.25076624751091 56.90217515826225 6.073527194559574 126.9547867327929 30.37733913958073 1.462257266044617 2.123111620545387 0 0 0 0.1934192180633545 0.1624916791915894 0.468273714184761 0 0 0.1112199947237968 0 0.5309126824140549 0.1371555030345917 0 0 0 0.4331354796886444 0 2.08305099606514 0 0 0.14872045814991 0 0 0.8328250646591187 0 3.027765832841396 0 1.355886869132519 3.321571066975594 4.704875305294991 0 0.5081518292427063 0 0 0 0.9281021952629089 0 0.3992690294981003 0.4906925931572914 0 0.1249593421816826 0 0 0 0
0 172.543565556407 9.594397261738777 0 0 0.1520343571901321 2.07878490537405 1.004845798015594 537.9973836615682 0 15.24803894758224 1.489990472793579 564.8509717136621 0.6536918506026268 6.891499541699886 87.88292945176363 19.89723043143749 10.34891163557768 34.94425407797098 0.2195935025811195 0.5486285611987114 2771.682064153254 1.835173845291138 664.7235057502985 2799.914893358946 191.585507646203 4246.897180348635 19.22814010083675 0.6279190927743912 1.925834454596043 65.06797156482935 0.1255992352962494 0.09402012079954147 38.50703335553408 0.2090988010168076 40.72679956257343 91.61358099430799 85.26732286065817 18.32702161371708 17.30919051915407 0 17.65448477864265 0.1391769796609879 0 213.8392154499888 85.73986631631851 0 0 0 0.3197992444038391 0 0.6530535221099854 0 11.58381131291389 0.438922107219696 33.86610920727253 0 0 5.24779836088419 14.16551540791988 2.078633442521095 5.688003078103065 0 0.816437616944313 58.26144580543041 7.337645150721073 1.642949998378754 85.1722242385149 149.6083680465817 2106.160779617727 1.980009779334068 0 0.1290860176086426 3.766944885253906 0 0 8.463906608521938 0.4046696424484253 20.64292647689581 42.39301643520594 18.0720434486866 3.049687311053276 0 0 4.080627381801605 0
88.43149253726006 9.594397261738777 3140.674584902823 3.376078799366951 0 16.83026576042175 709.9292896389961 305.1039727628231 2.935679532587528 63.53038581460714 50.10627110302448 1.069759175181389 0.5711552053689957 493.3821185529232 0.130301296710968 32.60427670180798 5758.663648165762 47.40154369175434 343.9900041371584 10.43133071810007 655.9640606567264 16.13839081674814 11410.48154881597 110.2975712567568 0.2691798806190491 7222.859774187207 7120.307920828462 430.7770054116845 138.3275623545051 821.4155280068517 0.1206640377640724 1.894383050501347 3.17726494371891 1561.975879192352 34.87068129330873 2145.698438487947 1686.204360514879 3955.129772432148 1317.513651773334 75.01858732104301 6.750427581369877 0.8478825390338898 16.63081651926041 0 70.82687699794769 275.0603758245707 0.1609469354152679 0 0 0 0.1211207807064056 1.793352723121643 0 0.4554374217987061 0 1.645417138934135 0.3892280757427216 0 36.77409271895885 39.08119184523821 0.6103219985961914 6.445001922547817 0 5.229422777891159 68.47390785068274 81.25098039954901 8.886475898325443 3.686690472066402 149.7203348353505 2035.321728430688 7.894140273332596 0.950320765376091 4.516253508627415 0 0.1189393475651741 0.2925934195518494 4.577455148100853 2.554968379437923 44.01295670121908 113.6289755180478 35.07614030689001 16.1754569709301 0.1628498435020447 0 0 0.3541846871376038
7.791833303868771 0 3.376078799366951 1728.860427573323 0.7971638515591621 115.651714399457 292.5379687100649 79.47698180377483 330.5048237219453 2096.739224910736 3.843764454126358 6568.644086904824 0.599718764424324 96.94402794539928 94.8268526494503 0.2849349305033684 0.895657442510128 1.512915886938572 2.017487153410912 3145.997976087034 3.682838082313538 0 2.376269824802876 1405.340451568365 0.2084184661507607 1.125769510865211 2.524952448904514 3334.429431304336 102.7645248323679 2.498408108949661 0.1525656133890152 5.299637459218502 2.588808916509151 34.57826921343803 11.31283846497536 168.7944409102201 1.749871492385864 78.57601366192102 18.47267825901508 374.3076265156269 4.731091991066933 0 4.610560275614262 0 0 0 44.46452748030424 0 6.947010055184364 10.77562785148621 0.8613445833325386 55.45333912223577 22.96802815049887 0 305.1203112229705 0 0.36299679428339 1.500021606683731 0 0 0 0 17.69889292865992 0 0.132632777094841 0 111.4069286435843 0 0 0.1897996962070465 65.45845191180706 0.5000802651047707 0 0 0 0 0.330367423593998 0.4718779325485229 1.635776922106743 0 0.09759347140789032 0 21.91911266744137 0 0 0
0 0 0 0.7971638515591621 97.50458042323589 463.6771803274751 0.1301815360784531 32.62108342349529 5.912481486797333 0.5689794719219208 2.736175984144211 15.49813590198755 0 11.29081757366657 810.1140756681561 0 0.1054147854447365 0.8448812067508698 0 1.170881949365139 0 0 0.4530860185623169 1.513965755701065 0 0 0.3619649633765221 0.1500355750322342 328.9498517289758 0 0.1216364577412605 275.7630553394556 0 350.3421378880739 0.7027184963226318 16.99842835962772 0.2117233872413635 41.83364705741405 13.31047059595585 1546.017540462315 127.4617867618799 0.6043480038642883 2.173391401767731 0 0 0 0 0 0 0 0 0 0 0 0 0 0 0 0 0 0 0 0 0 0 0 0 0 0 0 0 0 0 0 0 0 0 0 0.5186427235603333 0 0 0 0 0 0 0
13.25027906149626 0.1520343571901321 16.83026576042175 115.651714399457 463.6771803274751 14118.35382512212 2094.958775512874 10221.42822258174 223.6627257615328 4764.696598663926 133.8296574801207 5061.60574965179 16.41527109593153 1880.249194778502 2429.479041263461 0.4117637574672699 5.716442219913006 39.26998660713434 64.8525804579258 639.4723871797323 23.44690424948931 0.8049670830368996 10.02714237570763 257.3051666393876 3.857088260352612 37.41408497840166 16.43289782851934 505.0606247186661 950.4187471494079 12.69793317466974 4.049538992345333 1124.772241659462 3.283487662672997 444.9213446229696 16.24390440434217 581.1455062255263 21.41401496529579 499.270503655076 81.09433948993683 3003.317511603236 78.82579503953457 4.664515852928162 15.80210930109024 0 0 0 16.26172314584255 0 1.322474494576454 8.834722593426704 1.129276633262634 34.02879992872477 13.50841965526342 0 20.64928682148457 0.2326079532504082 0 4.062956765294075 0 0 0 0 7.075858473777771 0 1.605412542819977 0.5001521706581116 69.21001233905554 0.2684337645769119 0.2326464429497719 0.6990130916237831 49.12075774371624 0.9014522358775139 0.7122138142585754 0 0 0 0 1.279624700546265 5.044022656977177 0.3126519694924355 1.405750662088394 0 23.71253645420074 0.7388373017311096 0.106695145368576 0
2389.590208977461 2.07878490537405 709.9292896389961 292.5379687100649 0.1301815360784531 2094.958775512874 24013.75691788644 3986.345092363656 311.046678557992 12456.62147831172 39.46272128820419 88.0461103245616 2.689477890729904 10634.92587078363 4.22500329464674 16.59415389597416 182.1852784082294 15.0188350006938 58.60309355705976 234.3334556892514 1313.141273967922 10.90784899145365 685.555249273777 2997.226960472763 0.9714542552828789 83.96738310903311 108.5249429270625 13191.75926043093 2117.622473828495 8993.995114780962 0.5638428702950478 24.78224945813417 147.9134465754032 486.8168702125549 135.0736147835851 2047.916896916926 61.92452971637249 1173.206722766161 437.5565411224961 232.4446512982249 51.86705601960421 1.694142647087574 44.03271459043026 3.088584221899509 0.6922387480735779 0.3233051002025604 60.30749166756868 0 29.31981867551804 299.0663402676582 12.07498305290937 151.5197214260697 72.92673423141241 1.901554062962532 18.54740469157696 0 19.06354335695505 7.573706924915314 16.11563462764025 0.4865125268697739 0.2823823094367981 0.4001743793487549 28.97535210847855 1.131304293870926 13.90595726668835 6.754693314433098 1006.890403494239 0 0.3579960539937019 9.687218934297562 950.6941142827272 25.23842334747314 39.25763386487961 0 0 1.805869974195957 10.88854425400496 2.977116048336029 50.90197042375803 2.899475179612637 16.3156648054719 5.161619283258915 37.4808042049408 2.891738340258598 7.113694548606873 2.354884847998619
586.259333640337 1.004845798015594 305.1039727628231 79.47698180377483 32.62108342349529 10221.42822258174 3986.345092363656 16336.07395936549 35.59831706434488 2938.1507518664 115.5757365003228 884.3052248954773 10.34605265408754 7919.389023803174 302.8913951739669 2.393601506948471 207.546919234097 35.75328440964222 110.987310923636 473.5341314822435 213.7713299542665 3.29633429646492 235.5912050828338 449.0090132057667 2.137677304446697 71.66767565906048 43.71733855456114 332.3794144392014 718.4165040254593 1160.745201356709 1.132886841893196 883.8428850546479 32.61793588101864 460.3492079004645 18.79629282653332 389.5142016038299 26.64298001676798 374.2134279757738 116.151971526444 790.1090676039457 45.21396464109421 6.205775499343872 15.27322968095541 0 0 0 4.972153946757317 0 1.367777109146118 19.09452573955059 0.7131869941949844 15.50558116286993 3.422135353088379 0.2028640061616898 2.444880738854408 0.1375699788331985 1.873765900731087 1.590379804372787 2.410074353218079 0 0 0 0.182559534907341 0.2676412463188171 1.246748849749565 0 86.91456613689661 0 0.1927517354488373 3.595596164464951 79.78444531559944 2.844869263470173 2.09572996199131 0 0 0 0 0.3997944891452789 5.735805980861187 0 2.391890361905098 0.8402006328105927 3.23440808057785 0 0.2071153670549393 0
3.285391420125961 537.9973836615682 2.935679532587528 330.5048237219453 5.912481486797333 223.6627257615328 311.046678557992 35.59831706434488 1788.465793810785 230.3867668360472 3.504779793322086 474.4055911377072 31.35403300076723 39.60378990322351 312.9832017421722 96.62920217961073 7.687613345682621 3.121689289808273 2.742238610982895 491.0003665015101 19.8095997646451 3680.486374281347 10.34095297008753 14940.2824825272 232.5953198000789 10.12571045011282 475.1255250349641 1123.693406812847 49.8657463118434 181.4691024050117 10.07809234410524 4.185215324163437 5.008584171533585 24.57382102310658 8.856121018528938 146.8386555984616 26.3472099006176 58.81152735650539 24.75693292915821 503.7061465606093 11.35483905673027 0.6004016846418381 1.768780931830406 3.18498557806015 19.29188640415668 2.373540461063385 85.39180964976549 0 25.63630792498589 100.8936348184943 9.035883724689484 68.04217290133238 84.14018147438765 1.146736308932304 87.56032722443342 0.1666208356618881 10.9393093213439 4.035439394414425 84.12437216937542 0.4641744717955589 0.2179915383458138 0.4985998570919037 44.0700027346611 5.305604048073292 83.78379178792238 2.614678353071213 1649.974717289209 2.220907509326935 7.773131929337978 39.62423193454742 799.0089122280478 24.53591471910477 65.74017981439829 0.924629382789135 0 3.205000713467598 6.618788383901119 0.7946225181221962 36.29214864224195 2.068143337965012 13.87346353381872 4.258360996842384 34.16916620731354 1.144922576844692 0.594131663441658 0.9603717103600502
78.10769680887461 0 63.53038581460714 2096.739224910736 0.5689794719219208 4764.696598663926 12456.62147831172 2938.1507518664 230.3867668360472 38272.27590543777 50.18573196977377 3130.67412430048 6.956053115427494 1847.505986630917 41.6229450032115 0.9472582712769508 16.6834541708231 18.37413907051086 35.96807042509317 3185.47915828228 62.73136810958385 0.6147752404212952 38.33011231571436 1140.035326145589 0.8247413709759712 19.27505940943956 17.8257672265172 6732.230457566679 981.984922580421 31.70057581365108 1.879029087722301 58.430962421 9.482052825391293 269.0342825651169 32.3321687579155 515.0938356369734 14.57322260737419 643.4973641037941 105.9150257781148 189.1388018578291 42.82641088217497 2.162969805300236 15.87914104014635 0 0.0955781564116478 0 45.06534634530544 0 9.983773827552795 29.88531211018562 2.059645645320415 67.92470004409552 91.26445922255516 0 49.7333747446537 0 0.7866337895393372 4.157215446233749 1.593689553439617 0 0 0 18.84653493016958 0 0.8873862400650978 0.6244158744812012 221.5744869112968 0 0.1232943385839462 0.9104868397116661 143.4643107056618 1.863526105880737 1.278657026588917 0 0 0 1.371227473020554 1.445696018636227 4.368903741240501 0.2161178886890411 0.7501543834805489 0.4682379886507988 19.01433163881302 0.157738134264946 0 0
44.27886242419481 15.24803894758224 50.10627110302448 3.843764454126358 2.736175984144211 133.8296574801207 39.46272128820419 115.5757365003228 3.504779793322086 50.18573196977377 11570.96500774473 39.12758100032806 2002.946111112833 211.690487742424 4.381572902202606 1.409939467906952 636.1981104984879 2065.952181115746 1465.333219721913 24.34752344340086 9.679401479661465 5.073291748762131 112.7418088391423 24.19788222014904 449.9213531538844 2544.042001187801 1759.657839275897 19.94991252571344 359.9943130239844 91.30707328021526 633.657098017633 140.948439322412 3.923649802803993 6649.173663422465 6.875593297183514 682.0232995003462 4338.963905625045 3471.993253186345 971.8258903622627 112.2874209731817 29.78541917353868 993.8157208189368 7.994352333247662 0.09986294806003571 8.632219798862934 0 0 0 0 0.6190783828496933 0 0.6216926500201225 0 302.3160351142287 0 791.9281358867884 0.07525712251663208 0 0 0 10.74338631331921 6.40058595687151 0 0 0.70021753013134 0 5.648988336324692 50.41901185363531 104.4744758456945 206.8624878823757 3.677056215703487 0.3251808509230614 0.3106736540794373 95.1330077201128 0 0 1.054091386497021 0.1418490558862686 23.30432917922735 677.9284769520164 20.22347740828991 3.552302911877632 0 0 237.042362742126 0.9942451119422913
5.685536451637745 1.489990472793579 1.069759175181389 6568.644086904824 15.49813590198755 5061.60574965179 88.0461103245616 884.3052248954773 474.4055911377072 3130.67412430048 39.12758100032806 7093.673197314143 4.429407134652138 556.3290484845638 1401.219915680587 0.09649829566478729 1.685723058879375 12.5626438036561 24.55527100712061 4490.296366430819 1.260658696293831 11.34678208827972 1.844796128571033 2613.599351994693 1.345310740172863 14.81885790079832 7.094735257327557 1240.599018394947 366.9916552379727 3.679494261741638 1.605440303683281 67.6668124422431 0.2108922377228737 161.6781363338232 3.74058909714222 559.9694338515401 6.588662452995777 285.0181567445397 28.1291281208396 2357.40944442898 25.29474046081305 2.127473801374435 4.912218570709229 0.4313808977603912 0 0 19.92755346000195 0 14.35564002394676 6.662042185664177 0.3744419664144516 98.57711662352085 38.13561261445284 0 698.5058902353048 0 0.8289961218833923 2.964913934469223 0 0 0 0 20.74851708114147 0 0.148200586438179 0.3632403910160065 101.1444828957319 0 0.1008711904287338 0.3433888033032417 36.57520508766174 0.6327311843633652 0 0 0.1398519724607468 0 0 0 4.504915252327919 0.08881918340921402 0.5424791723489761 0.5360334515571594 45.65327376127243 0 0 0
0.4213582873344421 564.8509717136621 0.5711552053689957 0.599718764424324 0 16.41527109593153 2.689477890729904 10.34605265408754 31.35403300076723 6.956053115427494 2002.946111112833 4.429407134652138 2820.458968155086 10.06047087162733 0.8624359890818596 1.912719249725342 0.07161190360784531 20.71431233733892 2.017688915133476 2.82568683475256 0.2019126266241074 140.9715867266059 0.4613080993294716 29.98916570842266 5913.346585437655 333.6815188601613 2967.283200673759 1.215232230722904 14.16959580779076 0.8379975706338882 564.0554613471031 14.86058389395475 0 2739.214050762355 0.7386889904737473 106.6797029152513 2486.144977860153 1492.074630193412 166.8460382819176 15.27259200811386 16.99273112416267 1386.302430130541 1.886877492070198 0 17.93716263771057 0.2236945927143097 0 0 0 0 0 0 0 969.9805802404881 0 2494.224357888103 0.8654730618000031 0 0.1082293391227722 0.1177885755896568 12.98299911618233 1.65576308965683 0.1594609767198563 0.2547484338283539 0.7645112574100494 0 0.325459398329258 504.1587352156639 144.5204998329282 416.772709518671 0.4837233349680901 1.582675486803055 0.09863682836294174 261.4227215200663 0.4496369659900665 0 9.198443204164505 0.1185365468263626 7.75908762216568 1433.327662289143 32.74249648302794 3.673057161271572 0 0 440.5977195426822 1.456821918487549
6753.539271272719 0.6536918506026268 493.3821185529232 96.94402794539928 11.29081757366657 1880.249194778502 10634.92587078363 7919.389023803174 39.60378990322351 1847.505986630917 211.690487742424 556.3290484845638 10.06047087162733 14577.71542832255 38.32132221013308 2.961074806749821 427.9224805608392 73.51364430040121 288.7132188230753 597.3463460430503 354.8788511231542 0.8479817062616348 473.0347288027406 450.1576846912503 1.786866582930088 151.2562785968184 96.99264106154442 349.8431605473161 4925.157452300191 3854.940613135695 2.704830780625343 779.8731259554625 37.76449147611856 943.2541818916798 20.61171296238899 535.835583768785 36.1427418589592 694.7996282950044 128.8944141343236 347.416741900146 53.48474531620741 5.039812222123146 11.35243720561266 0 0.2949614673852921 0 3.045504368841648 0 2.115946412086487 22.83485069870949 0.3846536129713058 20.86283924430609 2.756906390190125 0 3.068737208843231 0 0 0 3.972382724285126 0 0 0 0 0.9564217776060104 3.666052535176277 0.8850229829549789 85.20532275736332 0.1328777074813843 1.367162190377712 6.798361718654633 74.17807844281197 3.772597178816795 6.657316692173481 0 0 0 1.838009417057037 0.4505211114883423 7.914392165839672 1.002207405865192 1.530675768852234 0.5962379723787308 6.042708680033684 0 0.1587614566087723 0
0.4787645787000656 6.891499541699886 0.130301296710968 94.8268526494503 810.1140756681561 2429.479041263461 4.22500329464674 302.8913951739669 312.9832017421722 41.6229450032115 4.381572902202606 1401.219915680587 0.8624359890818596 38.32132221013308 524.9261729121208 0 0 0.6036502867937088 2.351137168705463 207.71333527565 0 35.70093979686499 0 576.8493743762374 2.499906435608864 1.224628761410713 7.870094932615757 41.8633573949337 41.95089510828257 0.1891635954380035 0.1034807190299034 589.1278181374073 0 23.3820983171463 0.1603753715753555 119.8541594147682 0.2701922208070755 18.04091503471136 2.069089308381081 2519.993531934917 69.77148271352053 5.250907897949219 0 0 0.1387997567653656 0 0.1342000663280487 0 0 0 1.122221112251282 1.550087109208107 0 0 13.62051293253899 0 0 0 0 0 0 0 0.3405609726905823 0 0.1633682996034622 0 5.619590103626251 0 0 0.4912755042314529 1.490784987807274 0 0 0 0 0 0 0 0 0 0 0 6.036331176757812 0 0 0
6.831110335886478 87.88292945176363 32.60427670180798 0.2849349305033684 0 0.4117637574672699 16.59415389597416 2.393601506948471 96.62920217961073 0.9472582712769508 1.409939467906952 0.09649829566478729 1.912719249725342 2.961074806749821 0 4025.17503862828 19.45339019596577 0.3671574145555496 3.56140611320734 0.2516660317778587 1535.460834436119 2959.354487396777 5542.079739741981 2220.526567101479 14.38918404281139 6.197376303374767 8414.790054902434 2110.216762520373 67.44994619488716 226.1078139916062 0.3658800199627876 0.1448177099227905 4.622382819652557 131.2236420884728 74.76836112141609 3260.269589260221 782.4773488119245 762.3289860785007 1253.865164726973 81.17249001562595 7.375756286084652 0.9722708314657211 26.13903669267893 4.756480507552624 2.326851442456245 11.58259353041649 0.2796090692281723 0 0.947941318154335 23.54234785586596 1.862943202257156 32.40087756514549 1.154297471046448 0.1155604794621468 0 0.1152287721633911 5.593208730220795 0.562378466129303 3788.048597812653 1.155656471848488 0 0.1615188866853714 0 245.4018307179213 1927.846942745149 843.184808909893 373.4380709007382 0 2.703474827110767 492.1288225799799 523.0402184128761 59.11732426285744 234.3688509687781 0.2240151464939117 0 12.46713062375784 14.70611771196127 3.397036485373974 83.18976458907127 1.983198933303356 16.79825635999441 10.49570704996586 2.349965147674084 1.635873839259148 0 0.3320213779807091
150.0434841662645 19.89723043143749 5758.663648165762 0.895657442510128 0.1054147854447365 5.716442219913006 182.1852784082294 207.546919234097 7.687613345682621 16.6834541708231 636.1981104984879 1.685723058879375 0.07161190360784531 427.9224805608392 0 19.45339019596577 892.0525376498699 107.5991629511118 3496.551172479987 4.184571318328381 334.2599793151021 40.79340982437134 4774.304362148046 47.86677753925323 0.1484170705080032 2443.340795703232 6585.7428002581 82.84400718659163 359.0486423522234 962.4682158306241 0.1160054728388786 3.308699384331703 8.610770925879478 1866.128202609718 5.514266759157181 338.294080875814 1855.67173140496 914.5330344438553 225.1737425774336 12.30359867960215 2.622009284794331 0 1.312981836497784 0 40.3727623000741 25.37945360690355 0 0 0 0.5077501535415649 0 0.1074263378977776 0 0.6180413886904716 0 0.9271708726882935 0.1245389133691788 0 5.321710810065269 16.03108984977007 1.162357151508331 9.63688675314188 0 0.2711786478757858 13.13207141309977 5.773965112864971 1.398219719529152 4.294282950460911 251.4565817192197 581.8058050721884 2.431756280362606 0 0.2594891116023064 0 0 0 2.110235169529915 2.391620233654976 9.691171653568745 103.7113656550646 8.592785447835922 0.9991477578878403 0.4482323005795479 0 0 0
18.63711089640856 10.34891163557768 47.40154369175434 1.512915886938572 0.8448812067508698 39.26998660713434 15.0188350006938 35.75328440964222 3.121689289808273 18.37413907051086 2065.952181115746 12.5626438036561 20.71431233733892 73.51364430040121 0.6036502867937088 0.3671574145555496 107.5991629511118 410.8852935358882 1734.295312263072 10.44862495362759 4.068537175655365 2.370416291058064 62.79746691137552 6.51477187871933 4.996831826865673 3142.99132937938 1210.56220408529 6.956873252987862 106.7221892178059 36.76998030394316 144.4075272083282 26.27346851676702 2.118635609745979 938.2688416987658 4.04231745749712 594.2319093421102 942.1567820310593 1797.368565395474 711.4516333565116 33.01610543578863 2.363706767559052 6.471552565693855 3.521760188043118 0 7.054112613201141 0.4185257628560066 0 0 0 0 0 0.8157052472233772 0.1504843235015869 8.122124180197716 0 41.53173308074474 0.1866647601127625 0 0 0.2568883672356606 15.39200846105814 8.131591781973839 0 0 0.4365743845701218 0 1.04583528637886 9.494604222476482 111.282164350152 248.8248433768749 0.868928924202919 0.1342614442110062 0 28.73420035839081 0.12222820520401 0 0.7678843513131142 0.5894432961940765 9.120021246373653 28.56982412189245 3.371616639196873 1.243061326444149 0 0 0.1346812695264816 0
105.3093446567655 34.94425407797098 343.9900041371584 2.017487153410912 0 64.8525804579258 58.60309355705976 110.987310923636 2.742238610982895 35.96807042509317 1465.333219721913 24.55527100712061 2.017688915133476 288.7132188230753 2.351137168705463 3.56140611320734 3496.551172479987 1734.295312263072 1856.008740067482 19.02127806842327 59.09615630656481 10.96929288655519 640.0933357253671 21.74509450793266 2.663160435855389 4711.784804686904 3241.024691082537 28.35912430286407 403.7030140161514 346.6380577534437 11.52964452654123 35.50525311380625 8.287377715110779 5039.595780752599 10.47525396198034 1495.849182680249 1796.258448265493 4019.353034324944 904.8412029519677 65.14046826213598 3.525893412530422 1.228132635354996 6.430524997413158 0.1175659820437431 45.15358976274729 7.4171457067132 0 0 0 0.7658596262335777 0.1014874503016472 0.5828666165471077 0 2.631592504680157 0 5.872714623808861 0.09869261831045151 0 0.7438212856650352 2.810271039605141 10.62561386823654 14.21089362353086 0 0 1.691847883164883 0.5551658645272255 2.086509801447392 8.608946539461613 291.4940703436732 518.08602245152 3.704062916338444 0.427836000919342 0.2598405778408051 4.818759687244892 0 0 3.820225208997726 3.455760210752487 12.75716973096132 72.89986213296652 6.892544314265251 3.658444091677666 0 0 0 0
21.0024192109704 0.2195935025811195 10.43133071810007 3145.997976087034 1.170881949365139 639.4723871797323 234.3334556892514 473.5341314822435 491.0003665015101 3185.47915828228 24.34752344340086 4490.296366430819 2.82568683475256 597.3463460430503 207.71333527565 0.2516660317778587 4.184571318328381 10.44862495362759 19.02127806842327 503.3804369643331 6.852679550647736 0.3452056124806404 4.754614934325218 993.0488469079137 0.4238770455121994 8.998669505119324 6.570473827421665 3132.735300287604 488.8854430541396 7.241447985172272 1.093032456934452 27.21674977242947 1.772222593426704 142.0895519778132 23.51586911827326 418.436580710113 6.759671926498413 366.6546021252871 50.43643077462912 754.1483953595161 27.67318104207516 0.7188422605395317 14.39056317508221 0.3538772463798523 0 0 18.51492606848478 0 7.869586244225502 9.494119994342327 0.2842307016253471 76.64440631866455 27.95032340288162 0 150.0442263484001 0 1.939496457576752 5.500612422823906 0.1065685525536537 0 0 0 15.9076471850276 0 0.3258646875619888 0 132.081395201385 0 0 0.3935330808162689 61.87715229392052 0 0 0 0 0 0.4594280868768692 1.19553804397583 3.721718102693558 0.4722060859203339 1.438320338726044 0 34.1017685085535 0 0.3509297072887421 0
51.06846138089895 0.5486285611987114 655.9640606567264 3.682838082313538 0 23.44690424948931 1313.141273967922 213.7713299542665 19.8095997646451 62.73136810958385 9.679401479661465 1.260658696293831 0.2019126266241074 354.8788511231542 0 1535.460834436119 334.2599793151021 4.068537175655365 59.09615630656481 6.852679550647736 14005.68835350126 48.44306929409504 17312.20147330314 1510.265060335398 0 27.18188827484846 1314.991100884974 5621.874435946345 135.7801320627332 12015.75858775526 0 2.155553430318832 13.46742311865091 3002.803264312446 134.963126078248 3800.184948921204 261.9598663374782 4700.409904666245 3000.989531189203 111.8159458339214 20.23270497471094 0.968561977148056 34.55933910608292 1.490095965564251 0.1097342967987061 0.5780522227287292 0.5954572558403015 0 0.6903487145900726 5.046899773180485 0.8948171213269234 7.570280387997627 0.7783867865800858 0 0.5302158147096634 0 2.16430938988924 0 85.3296810016036 0.2063571363687515 0 0 0 16.21259173005819 49.53868945688009 8.919672414660454 60.11952222138643 0 0.7500614821910858 7.606985956430435 74.26447325944901 6.870159469544888 26.32045355439186 0 0 0.2486507818102837 2.482739835977554 3.571996964514256 19.49299800395966 2.602145463228226 3.409792765974998 2.688143849372864 3.010138310492039 0 0 0
0.5446475744247437 2771.682064153254 16.13839081674814 0 0 0.8049670830368996 10.90784899145365 3.29633429646492 3680.486374281347 0.6147752404212952 5.073291748762131 11.34678208827972 140.9715867266059 0.8479817062616348 35.70093979686499 2959.354487396777 40.79340982437134 2.370416291058064 10.96929288655519 0.3452056124806404 48.44306929409504 1540.854784436524 177.9542498812079 5833.490022554994 1220.154746152461 39.51967244595289 4597.890688419342 199.2627948522568 8.983826763927937 19.94573847204447 34.30439030379057 0.3367315828800201 0.3986226841807365 22.22850313782692 1.116825610399246 85.75693038105965 64.17307905107737 54.61807027459145 29.58358832448721 107.5348708629608 1.688130021095276 2.414585724473 2.322492934763432 1.487576834857464 252.04312248528 130.3727781623602 0.1534982919692993 0 0 6.800757929682732 0.5046434104442596 9.44716864079237 0.1479250192642212 4.965926706790924 3.645764194428921 5.098429195582867 0.9519907534122467 0 2023.430474042892 6.269316606223583 0.7649516686797142 2.758798509836197 0 91.21128718554974 483.8947507739067 701.834447465837 148.181098729372 10.05895075201988 31.04918396472931 1618.930935293436 181.1235841065645 13.94401815533638 69.08274150639772 2.232948042452335 0 5.552087672054768 10.40047710388899 0 41.22623487561941 17.29230240732431 14.52649882435799 10.54433039575815 0.5520317554473877 0 0.2813685536384583 0.2657582610845566
123.9491856619716 1.835173845291138 11410.48154881597 2.376269824802876 0.4530860185623169 10.02714237570763 685.555249273777 235.5912050828338 10.34095297008753 38.33011231571436 112.7418088391423 1.844796128571033 0.4613080993294716 473.0347288027406 0 5542.079739741981 4774.304362148046 62.79746691137552 640.0933357253671 4.754614934325218 17312.20147330314 177.9542498812079 16324.8235290125 904.9764670282602 0 1355.958310902119 8121.652578532696 4244.072887770832 245.5910241603851 6264.794135317206 0.3965837806463242 1.984810136258602 15.81037078797817 2611.662195153534 164.0268511101604 6918.541524596512 1502.696436993778 8079.227499350905 7110.004356950521 253.1091812103987 43.97868389636278 2.946128316223621 71.91038691997528 0.6907371506094933 1.431853368878365 96.50915076583624 0 0 0 2.41193313151598 0 3.049803033471107 0 0 0 0 0 0 565.7011852040887 1.373880587518215 0.2135023772716522 0 0 20.6305583268404 313.5380834341049 261.3372573778033 45.87318708002567 0 4.713356718420982 613.9146011769772 56.24071662127972 2.877812705934048 12.75879206508398 0 0 0.5877006575465202 1.4731580093503 10.28419214487076 27.31631943583488 1.657201334834099 4.886784605681896 5.786408774554729 0.4914693534374237 0 0 0
66.57809322327375 664.7235057502985 110.2975712567568 1405.340451568365 1.513965755701065 257.3051666393876 2997.226960472763 449.0090132057667 14940.2824825272 1140.035326145589 24.19788222014904 2613.599351994693 29.98916570842266 450.1576846912503 576.8493743762374 2220.526567101479 47.86677753925323 6.51477187871933 21.74509450793266 993.0488469079137 1510.265060335398 5833.490022554994 904.9764670282602 15098.32507605851 218.6061277985573 30.86079422384501 2774.48449177295 15280.1274310872 968.4856001362205 945.5370506346226 10.31034831702709 15.69529987871647 130.5885104387999 500.3864624872804 167.5893472731113 3389.622717134655 179.5124139860272 1225.382209286094 577.5089491903782 1769.474089004099 86.15465798974037 4.444598235189915 53.48146307468414 18.54493236541748 11.07885131239891 8.949639521539211 330.8239672705531 1.833065271377563 122.9360920637846 928.4828078970313 54.35698293894529 1735.160687483847 368.3454543501139 4.560630202293396 284.6304175406694 1.004025980830193 74.22755850106478 32.13429193198681 487.4023818969727 1.88329604268074 1.318681620061398 1.02034568041563 155.8768282309175 60.49026196449995 433.2815803214908 43.57815537601709 5521.733668453991 1.493915662169456 17.03935609012842 108.8209483921528 4351.490461207926 140.5553792119026 375.368203535676 1.403815731406212 1.467548079788685 13.13408454507589 47.48677068203688 14.42179655283689 275.427932433784 9.498866535723209 99.41250244528055 37.08978781849146 228.1745715141296 10.3142863586545 6.14410001039505 6.475335001945496
0.2765882015228271 2799.914893358946 0.2691798806190491 0.2084184661507607 0 3.857088260352612 0.9714542552828789 2.137677304446697 232.5953198000789 0.8247413709759712 449.9213531538844 1.345310740172863 5913.346585437655 1.786866582930088 2.499906435608864 14.38918404281139 0.1484170705080032 4.996831826865673 2.663160435855389 0.4238770455121994 0 1220.154746152461 0 218.6061277985573 1142.503040969372 35.08258251845837 2826.61154705286 6.825370281934738 2.461240112781525 0.7706125527620316 237.3955073803663 2.627154134213924 0 1320.002363421023 1.996757537126541 50.49441278725863 312.3200561702251 806.2276452928782 36.83309252560139 10.33036141097546 4.418962448835373 491.8846188038588 0 0 257.6702068969607 0.970185324549675 0 0 0 0.138430267572403 0.293789729475975 0.3821727484464645 0 305.1861486583948 0.2641228437423706 928.0908329188824 0.4180471450090408 0 0.1186858043074608 0.3130784630775452 30.24959794431925 10.49422489106655 0 0 4.286595851182938 2.276228100061417 0.7777098193764687 888.6665419414639 367.6832654327154 1190.977552741766 0.6440017521381378 0.4114720523357391 0 219.7524893730879 0 0 1.968636870384216 0 14.86060461401939 250.6595198363066 26.79521619528532 2.334666363894939 0 0 68.35190778970718 1.731747269630432
44.45636471360922 191.585507646203 7222.859774187207 1.125769510865211 0 37.41408497840166 83.96738310903311 71.66767565906048 10.12571045011282 19.27505940943956 2544.042001187801 14.81885790079832 333.6815188601613 151.2562785968184 1.224628761410713 6.197376303374767 2443.340795703232 3142.99132937938 4711.784804686904 8.998669505119324 27.18188827484846 39.51967244595289 1355.958310902119 30.86079422384501 35.08258251845837 26015.83015418053 20977.91514480114 34.99710945039988 142.5072609931231 174.7218043208122 1115.778305888176 25.0816248357296 2.214943289756775 896.3433425500989 18.57633490860462 2266.965171799064 6584.341367542744 3178.116281077266 1332.479655176401 80.76211812347174 4.695803970098495 59.35365748405457 11.39863642305136 0.1543650180101395 380.2482996955514 55.87941763550043 0 0 0 0.5484449565410614 0.1999906748533249 0.6684805080294609 0.3075253590941429 77.72053764760494 0 370.5283978804946 1.276327043771744 0 4.761650040745735 36.22844371199608 70.58577451854944 108.7626285031438 0 0.3637789487838745 9.201686069369316 5.52563800662756 2.914402455091476 141.4226758778095 1703.343346044421 3734.312151238322 2.276858180761337 1.541359208524227 1.179426372051239 166.3134319856763 0 0 18.0622875392437 3.096743807196617 45.19199056923389 423.7643797695637 55.32406861335039 11.15529551357031 0.2097334340214729 0.1853101551532745 3.069935888051987 0
23.6602725237608 4246.897180348635 7120.307920828462 2.524952448904514 0.3619649633765221 16.43289782851934 108.5249429270625 43.71733855456114 475.1255250349641 17.8257672265172 1759.657839275897 7.094735257327557 2967.283200673759 96.99264106154442 7.870094932615757 8414.790054902434 6585.7428002581 1210.56220408529 3241.024691082537 6.570473827421665 1314.991100884974 4597.890688419342 8121.652578532696 2774.48449177295 2826.61154705286 20977.91514480114 38353.38794192672 2392.39931949228 99.47291144728661 140.0721150040627 1794.946098484099 8.065072417259216 5.848727263510227 2772.625977113843 99.68882744759321 7686.00435975939 7572.413944549859 10821.54267146438 5058.053138278425 302.5834267288446 25.89975564181805 37.83580055087805 51.66647475212812 0.8949743956327438 3782.415555164218 1456.62284566462 0.1318780481815338 0 0.1855486705899239 10.21892154961824 1.150209575891495 11.55951879918575 1.053716167807579 243.7506743445992 1.090433940291405 1021.463276877999 4.581298276782036 0 1235.795293428004 235.5389695689082 226.0305807888508 314.9790076091886 1.127705305814743 16.46808672696352 1416.869642421603 1093.191288106143 92.89219210296869 1021.181297190487 5168.383387826383 23279.50234895945 87.17743744701147 7.76516717672348 18.31136503815651 568.5575845614076 0.3034352958202362 0.1093131527304649 83.22134755551815 12.96849542111158 324.9700884148479 1168.691715799272 283.2638371437788 106.4435702115297 3.761465765535831 0.7991151660680771 7.894659444689751 2.050890699028969
59.19248393177986 19.22814010083675 430.7770054116845 3334.429431304336 0.1500355750322342 505.0606247186661 13191.75926043093 332.3794144392014 1123.693406812847 6732.230457566679 19.94991252571344 1240.599018394947 1.215232230722904 349.8431605473161 41.8633573949337 2110.216762520373 82.84400718659163 6.956873252987862 28.35912430286407 3132.735300287604 5621.874435946345 199.2627948522568 4244.072887770832 15280.1274310872 6.825370281934738 34.99710945039988 2392.39931949228 28879.73050173372 866.9510394781828 11838.46436350048 0.5546749904751778 10.72992891073227 226.208753041923 969.6014008671045 185.4339489489794 3992.156909577549 192.8109840899706 1634.405039742589 929.8196631371975 364.423507399857 43.11145620793104 2.696723319590092 41.3596331551671 5.342308074235916 0.4679973721504211 2.062351912260056 208.6517892703414 0.1330994665622711 45.02257195115089 444.0435110032558 27.19727369397879 377.8830730095506 169.8471420034766 1.631960161030293 143.012693837285 0 36.84457823634148 13.09026972949505 285.3598682060838 0.2136485949158669 0.2913863882422447 0.2919968664646149 84.69407805800438 47.50614970177412 199.8368822336197 15.23160099983215 2048.06719186902 0 1.365821085870266 19.14762482792139 1788.20836147666 76.52707771956921 213.927656903863 0 1.174646481871605 9.429969295859337 25.8390729278326 10.18702801316977 140.038258254528 1.666123785078526 43.2357684224844 16.10584527999163 81.4300394654274 4.301600120961666 4.346711009740829 3.814358197152615
4553.785086326301 0.6279190927743912 138.3275623545051 102.7645248323679 328.9498517289758 950.4187471494079 2117.622473828495 718.4165040254593 49.8657463118434 981.984922580421 359.9943130239844 366.9916552379727 14.16959580779076 4925.157452300191 41.95089510828257 67.44994619488716 359.0486423522234 106.7221892178059 403.7030140161514 488.8854430541396 135.7801320627332 8.983826763927937 245.5910241603851 968.4856001362205 2.461240112781525 142.5072609931231 99.47291144728661 866.9510394781828 23803.92958692461 6148.548703625798 6.394544132053852 3005.086801111698 2716.201626397669 4385.450868405402 51.65748193114996 1499.063329704106 96.89212843030691 2340.887295387685 277.5245894342661 469.4557587727904 143.3228983357549 6.499029636383057 40.10110405832529 0.1217480376362801 0.5618494674563408 0.245117262005806 1.663173720240593 0 0.972165659070015 30.76460776478052 1.810814142227173 10.34451665729284 2.44561605900526 0 0.919670544564724 0.1777350828051567 1.671426981687546 0.1580511629581451 15.32249437272549 0 0.09854412078857422 0.08863735944032669 1.00478458404541 3.326651841402054 13.26186861842871 0.9269621074199677 111.5229967981577 0.1074510291218758 5.073109164834023 8.141159974038601 95.5335851162672 4.460621982812881 20.27874318510294 0 0 0.4627587050199509 0.2037046253681183 2.074365735054016 26.57673056423664 1.253730848431587 1.833672508597374 1.934367716312408 2.31725187599659 0.7187346816062927 0 0
3448.158825702965 1.925834454596043 821.4155280068517 2.498408108949661 0 12.69793317466974 8993.995114780962 1160.745201356709 181.4691024050117 31.70057581365108 91.30707328021526 3.679494261741638 0.8379975706338882 3854.940613135695 0.1891635954380035 226.1078139916062 962.4682158306241 36.76998030394316 346.6380577534437 7.241447985172272 12015.75858775526 19.94573847204447 6264.794135317206 945.5370506346226 0.7706125527620316 174.7218043208122 140.0721150040627 11838.46436350048 6148.548703625798 16966.12978520244 0.1967509314417839 9.331845231354237 1424.86564925313 4051.454792872071 217.4719977155328 3328.07069554925 124.3496904298663 3351.818165190518 1473.86722446233 168.2392838001251 15.6664877012372 1.359920501708984 27.84332591295242 0.2606862485408783 0.9264209866523743 1.202110022306442 1.284077078104019 0 1.787054054439068 110.7907057479024 9.964874163269997 97.48783615231514 4.957302875816822 0.4474862813949585 0.2291155457496643 0 10.76610059291124 0.119062751531601 67.9416259303689 0.2887762784957886 0.1541605144739151 0 0 7.73008143901825 56.36849016696215 7.146978303790092 463.2763028293848 0.4427694380283356 6.708162166178226 20.23473979532719 531.625509545207 25.91044718027115 65.826276011765 0.2368597090244293 0.2655877470970154 0.8910789340734482 8.38386844098568 5.614605791866779 81.82346603274345 2.295803278684616 23.95784728974104 8.575234599411488 12.15703265368938 3.661842569708824 0 3.607374370098114
