1132.034629814327 0.4289819747209549 29.3983863145113 0.5134598612785339 0 8.59133492410183 1825.210826724768 824.536947503686 0.8862277790904045 45.12417892366648 12.1790673956275 0.5715088918805122 0.6755747348070145 7074.908087834716 0 0.5332502126693726 111.879018433392 5.751817256212234 12.1948786303401 0.9759792983531952 64.68250767886639 1.456510737538338 23.56104044616222 60.0140165835619 0.2619892656803131 32.16306833922863 44.56973320990801 34.83518839627504 4085.850570239127 2704.041579343379 0.5471425801515579 13.30471307039261 82.74981593340635 409.9857634902 1.838745161890984 76.27856557816267 50.48470149934292 296.9325646236539 76.12960523366928 7.605305798351765 1.964788571000099 1.113887429237366 0.7451722174882889 0 0 0.7756218761205673 0 0 0.4852019548416138 5.830969914793968 0.1240410953760147 2.058946847915649 0 0.1591019183397293 0 0.3172067403793335 0.9704135581851006 0 2.911293730139732 0.2652332037687302 0 0 0 0 1.475039899349213 1.273402512073517 13.01660251617432 0 0.3934875652194023 11.45296781510115 10.71756494790316 0.9856068789958954 3.027254581451416 0 0 0 0 1.739188671112061 3.425648018717766 0.483731672167778 1.295015700161457 0.5435382723808289 1.547035574913025 0 0 0
0.4289819747209549 515.3020600900054 110.3948926478624 0 0.2224318161606789 0.4656351655721664 20.47233883291483 4.291101299226284 242.3594554141164 1.061393879354 222.7448155507445 0.2055172994732857 1171.628551445901 1.967109479010105 4.157843597233295 896.934975668788 162.2735548913479 7.786245621740818 58.01828360557556 0.1413490325212479 96.26190403103828 3245.631286732852 131.5836217552423 1249.559302806854 2991.918575592339 761.7432248070836 7567.380326621234 72.06207066774368 1.4409344419837 7.878017865121365 184.1954157948494 0.9755686149001122 0 163.2279881313443 1.200189784169197 102.0387528538704 216.678273178637 209.7168959751725 63.01470563560724 9.687061317265034 0 148.7181392014027 1.197704553604126 0 105.8525868505239 50.58980172127485 0 0 0.09093137830495834 1.015738695859909 0.2682926952838898 0.3416021913290024 0 12.47269773483276 0 26.43586100637913 0 0 8.613326668739319 69.30980026721954 6.362606972455978 41.32066267728806 0 1.415933020412922 5.727160029113293 7.442349828779697 5.691531114280224 22.4079797565937 181.9225109145045 771.622105948627 1.870782375335693 0.2287686467170715 0 4.074852176010609 0 0 19.95186657458544 0.8269545286893845 99.00603711605072 51.36179439723492 64.62324276566505 10.44361969828606 1.492408752441406 0 0.204801544547081 0
29.3983863145113 110.3948926478624 3081.556152708828 0 0 15.55009751021862 772.1871414631605 105.9286721274257 2.248285472393036 13.44939589500427 10.2309427857399 0.1708343923091888 7.524437539279461 141.4988190457225 0 67.16970802098513 2994.686729222536 12.8424896299839 30.23397800326347 0 944.7018123567104 89.65563071519136 8351.952185191214 109.3326364979148 3.248424589633942 10251.39447734505 8959.39619807899 489.6241983994842 53.97427976131439 1707.284514315426 10.03856285661459 0.5009899958968163 4.422469221055508 745.522282756865 7.494813337922096 1396.998779319227 5306.193228006363 1063.427809812129 682.7447289526463 35.60718872398138 5.428791657090187 14.63242206722498 7.127899795770645 0.1792048215866089 253.739475980401 432.3342692777514 0 0 0 4.467267736792564 0.1682772636413574 2.909043289721012 0 4.739211700856686 0 2.404469802975655 0.207777626812458 0 106.2478339895606 260.3276069536805 6.253552637994289 41.77553525567055 0 11.01127821207047 90.8480961471796 154.6029082164168 16.36168698966503 0.7857419699430466 296.8081290051341 2706.039604514837 7.327474869787693 0.322603665292263 1.90131664276123 1.933999270200729 0 0 35.61095919460058 2.679387658834457 197.4765749499202 241.9658225178719 119.075089469552 33.16970687359571 1.697664529085159 0 8.799225956201553 5.694397687911987
0.5134598612785339 0 0 5087.702473148704 0.9296065494418144 77.68884819000959 193.8354523256421 47.08271269500256 607.2694867104292 3088.357226237655 2.697146713733673 2596.829654246569 0.2970091924071312 15.52488423138857 38.35761880874634 0 0.4574095904827118 1.080320812761784 1.123482026159763 3770.535403266549 0.1918890029191971 0.7118666023015976 0.2519887983798981 2437.846384972334 0 1.042691558599472 0.792161650955677 3696.422917224467 20.25486180186272 0.9541756212711334 0 5.583935007452965 3.351551778614521 16.8862993568182 5.838725045323372 507.0677543729544 3.42115081101656 51.2190720140934 16.74704574793577 233.4621122553945 3.538752019405365 0 1.368782266974449 0.6675513461232185 0 0 50.23252180218697 0 8.923159532248974 80.31484311074018 11.96616188436747 72.42426432669163 38.24885912239552 0.8317726403474808 151.2822654470801 0.3456718102097511 10.65602920949459 2.79173332452774 0.3726421594619751 0 0.1000942438840866 0.1960309892892838 31.61368680745363 0 0.137566864490509 0 491.8001509532332 0 0 0 180.1847168207169 9.02099297195673 0.3811755329370499 0 0.1385009586811066 0.2031734883785248 2.848449163138866 1.637361377477646 137.8748812824488 0 8.763325802981853 0.7223996669054031 143.5316950306296 0.09354615956544876 0 0.2610193192958832
0 0.2224318161606789 0 0.9296065494418144 79.92008753120899 286.6354513466358 2.848154477775097 253.3373710662127 43.64617450535297 6.514113299548626 17.60343008488417 65.78957524895668 3.724927879869938 4.431839123368263 1636.473427683115 0 0.1389107257127762 3.142702490091324 2.023338913917542 2.672861255705357 0 2.104531355202198 0.5538395196199417 23.99214013665915 0.1925520449876785 1.850830756127834 0.2959971725940704 1.970287956297398 306.2407802939415 0.3390564769506454 0.4081931039690971 253.8117369413376 0 531.4589647203684 0 18.85362592339516 0.9505087733268738 33.26702971756458 43.52273065596819 1961.420009739697 308.8812950402498 1.573557287454605 0.2521410882472992 0 0 0 0 0 0 0 0 0 0 0 0 0 0 0 0 0 0 0 0 0 0 0 0.692528247833252 0 0.1835016310214996 0.1335600465536118 0.8202699422836304 0.1069034561514854 0 0 0 0 0.5196156203746796 0 0 0 0 0 0.422502875328064 0 0 0
8.59133492410183 0.4656351655721664 15.55009751021862 77.68884819000959 286.6354513466358 10822.01922509819 2011.303424946964 5572.506840974092 48.89852742105722 7027.832375958562 130.2465100288391 4608.365190342069 27.51480829715729 410.2971746921539 1460.26533511281 2.243443392217159 14.82919225841761 27.0874055325985 24.81762337684631 329.491697140038 1.435185633599758 2.217474929988384 19.08571722358465 283.4097298011184 1.775522030889988 32.82717985659838 13.55463293194771 495.8762591332197 407.2910401523113 53.33001466840506 7.075390368700027 1059.47077845037 20.918516241014 961.2470315471292 8.984316021203995 552.1585193499923 45.05072391033173 741.3970698863268 572.768660351634 2958.018982872367 512.879953533411 40.03815624117851 11.79828940331936 0.1130277514457703 0.7689699605107307 1.728588402271271 0.6812217831611633 0 0.7295737713575363 29.34900481253862 3.984257526695728 5.306259490549564 0 0.4941461309790611 5.805628336966038 0.7753812596201897 1.354503214359283 0.7779876962304115 4.780389413237572 0.09652310609817505 0 0 0.2072203457355499 1.899945959448814 1.248516082763672 0 97.59558941423893 1.551910504698753 1.136678263545036 6.904454492032528 45.45704454183578 3.068825408816338 1.733217507600784 0.2278339117765427 0 0 2.86653845012188 1.598645552992821 13.14613039791584 0.4486314654350281 8.90421324968338 1.582131654024124 6.320440381765366 0 1.452713042497635 0.4652319848537445
1825.210826724768 20.47233883291483 772.1871414631605 193.8354523256421 2.848154477775097 2011.303424946964 14201.80675448477 4643.531096354127 177.9295138195157 8754.312526352704 34.45864412933588 42.71193784475327 6.042132616043091 6785.256538644433 31.1136052981019 91.28587212413549 534.6191380023956 12.560546182096 30.46211548894644 49.12016353756189 214.5543144643307 87.12150003761053 1384.888774357736 2612.843278288841 4.943334579467773 471.4936914145947 413.5822241902351 18457.7434598729 1982.742030769587 5147.400419555604 2.817129388451576 39.03227804601192 518.9424251541495 851.1168020963669 98.4819278717041 3653.096624441445 695.8422459363937 1872.713793128729 746.0010458230972 211.7722284346819 50.6477749273181 11.48152095079422 49.51200375705957 1.243371531367302 15.14051375538111 30.21298659592867 7.831742934882641 0 4.250332117080688 144.4430935680866 7.673487223684788 68.96152487397194 4.774500921368599 4.502173155546188 2.170251421630383 0.6454661786556244 14.26775411516428 0.8581429421901703 101.6217670366168 14.8298394382 1.28906836360693 1.631033390760422 0.666983000934124 48.53074108809233 41.8013883009553 28.73535844683647 536.1749324500561 0.3242749497294426 23.72713636606932 293.8036576956511 257.2695678919554 30.53532553464174 36.14120496064425 0.09532598406076431 0 0.5848756581544876 16.7387552857399 8.550879999995232 109.1564097031951 21.78559775650501 28.40912409871817 6.761801935732365 26.86581672728062 1.310535863041878 9.447090953588486 2.240672841668129
824.536947503686 4.291101299226284 105.9286721274257 47.08271269500256 253.3373710662127 5572.506840974092 4643.531096354127 15006.16528841853 36.26702419668436 2810.000703595579 395.5785427689552 755.1867345422506 48.62514465302229 5215.896259892732 226.0959889814258 5.076649211347103 235.2720374986529 114.4270088300109 121.5527545288205 230.2473266944289 30.27277322113514 6.607438914477825 98.07848913967609 459.9761759191751 3.229924373328686 155.1525881737471 107.4886823445559 399.6201675385237 1348.405553188175 1511.613970957696 19.19447247684002 1482.077324166894 79.22141047567129 1691.147196665406 24.24932946264744 1128.958022840321 233.727093346417 1458.7272419855 776.1244090124965 1538.450713828206 272.7911467775702 53.64940173923969 20.78003885596991 0.2975995689630508 0.657314658164978 5.223947919905186 0.5841552466154099 0 3.624849662184715 48.45803263038397 1.69692899286747 30.44870392233133 1.273473098874092 0.5785550698637962 0.2483746707439423 2.298863440752029 3.870355688035488 0 17.68042313307524 1.908174626529217 0.1308702826499939 0.2325437888503075 0 13.33924734592438 4.872730508446693 4.403826683759689 190.3483986407518 2.581214606761932 4.610622480511665 42.34846271574497 99.75787621736526 8.475403130054474 5.398830205202103 0.5910675674676895 0 0.1131648570299149 9.097653053700924 2.203869253396988 29.18072845041752 6.474537752568722 11.96624772250652 4.705677941441536 5.970517568290234 1.009177297353745 4.224793583154678 0.6394668817520142
0.8862277790904045 242.3594554141164 2.248285472393036 607.2694867104292 43.64617450535297 48.89852742105722 177.9295138195157 36.26702419668436 755.1171264350414 174.5650568529963 1.892682418227196 118.0218404382467 8.151213899254799 25.85030417144299 372.857141725719 146.94616279006 0.7917130440473557 0.5415984243154526 1.358391746878624 217.0049814730883 168.9838491380215 3030.595337204635 15.94409228116274 11464.43990991265 18.45293954014778 6.62347212433815 67.20976170897484 1744.731040336192 24.27067933231592 53.31145644187927 2.274714238941669 3.030728802084923 3.375559486448765 17.31090214848518 0.7821669578552246 79.88949248194695 2.401894062757492 34.25715112686157 14.13190849125385 644.5436641275883 1.85199561715126 0.2644470483064651 1.133939385414124 7.981213256716728 6.723664447665215 0.5758609548211098 90.96028301119804 0 9.180502280592918 206.726386077702 13.83430420607328 101.6139412000775 55.25331130623817 2.175193667411804 119.7375875487924 0.2546570748090744 23.71622384339571 3.516962163150311 406.2607180029154 1.251513130962849 2.129502676427364 0.2165625020861626 43.33461697399616 232.4463423117995 26.24325855076313 13.96488668769598 3372.724495612085 0 3.498715430498123 13.76865626126528 918.4681821838021 61.42668026685715 10.82899053394794 0.2152972891926765 0.3018053472042084 3.513915106654167 33.15562525391579 7.425678595900536 122.0400420725346 1.890251241624355 56.66733295470476 6.195419937372208 133.7860833778977 1.286262691020966 0.9575144052505493 0.1482143700122833
45.12417892366648 1.061393879354 13.44939589500427 3088.357226237655 6.514113299548626 7027.832375958562 8754.312526352704 2810.000703595579 174.5650568529963 31621.86978263408 76.20123645663261 3724.842678792775 11.54832027107477 1208.070312961936 143.2011753320694 3.023043863475323 10.8879751637578 24.16348201781511 25.43832664936781 3207.540088258684 2.914636462926865 9.880029611289501 22.59506157040596 1231.044020831585 0.4592719376087189 30.550357170403 24.16323942691088 2812.600551828742 592.5276436805725 22.94210930168629 5.370388880372047 131.4465947747231 35.31368912756443 368.2105518877506 54.5532848611474 2307.170281991363 37.64803300797939 1126.322310380638 288.662391513586 670.8535823971033 82.37847728282213 6.724207170307636 29.05843168497086 1.331106431782246 0.9857882857322693 1.025373160839081 49.5861514955759 0 5.067856803536415 157.1860019341111 11.4147117510438 44.71274312585592 28.27619235962629 1.937233455479145 34.31942282617092 0.3893535882234573 13.35565263032913 1.120649889111519 3.091642528772354 0.3193375766277313 0.1095752939581871 0.6023691520094872 22.75029404461384 3.83549901843071 2.326236478984356 1.085699260234833 760.0897118076682 0.2278803586959839 0.742333672940731 7.604373775422573 310.5240209773183 22.85000040382147 10.85186296701431 0 0.3625701665878296 0.1104824542999268 10.61355842649937 4.115149319171906 156.6611827388406 1.190736100077629 15.38215198367834 3.807791791856289 134.699246071279 0.4422446638345718 0 0.9920057654380798
12.1790673956275 222.7448155507445 10.2309427857399 2.697146713733673 17.60343008488417 130.2465100288391 34.45864412933588 395.5785427689552 1.892682418227196 76.20123645663261 12167.88326471299 38.96285238862038 1479.665038362145 246.282951630652 12.37232122570276 4.80069687217474 937.1636824384332 4541.555768296123 2172.089168280363 17.71149810403585 12.80060351639986 15.40725585073233 38.14520896971226 21.80872151255608 642.4793069437146 1481.152768947184 179.8507150262594 11.82894060760736 227.8720775991678 43.26779743283987 144.2264794409275 203.7752997726202 1.772491052746773 6916.792311891913 0.611453503370285 314.7842716798186 4209.160191953182 3202.614556074142 1298.773527868092 94.09662323445082 18.06325702369213 1123.127069294453 14.89912617951632 0 20.01794435828924 0.2687415480613708 0 0 0 3.009197145700455 0 1.247687816619873 0 422.2947723940015 0 890.1329123973846 0.114786371588707 0 0 0.5696140751242638 21.4040142595768 3.106195658445358 0 0.6230517029762268 0 0.3203673884272575 9.231001876294613 193.5116430670023 174.1646451056004 210.0995369851589 4.317350491881371 0.9033706486225128 0 89.65992980450392 0 0 7.974815025925636 0.6680024862289429 3.114607058465481 409.3420543372631 14.87318371236324 5.546655118465424 0.5198832675814629 0.1978274434804916 55.90647564083338 0
0.5715088918805122 0.2055172994732857 0.1708343923091888 2596.829654246569 65.78957524895668 4608.365190342069 42.71193784475327 755.1867345422506 118.0218404382467 3724.842678792775 38.96285238862038 7271.246138885617 6.295702755451202 158.9797189086676 1008.502727858722 0 0.8454792350530624 10.56569936871529 8.196201466023922 3816.312528379261 0.09347696602344513 3.523590311408043 0.5625302493572235 352.1059736311436 0.8321277275681496 7.429777629673481 2.361758954823017 1357.143039003015 113.363988161087 1.923799246549606 3.42671550065279 103.5313712731004 0.1340062469244003 126.9223510175943 66.65817482769489 742.5724903866649 8.255323499441147 292.6242261603475 79.66858235746622 2508.278399214149 34.6577762439847 2.633506998419762 4.219376109540462 0.4025193601846695 0 0 11.6720989793539 0 1.115678638219833 18.2086758762598 2.451575994491577 35.13666398823261 8.711950466036797 0.4780003875494003 91.97207064181566 0 1.518955908715725 2.119257301092148 0 0 0.1040461882948875 0 8.158871874213219 0 0 0 102.7421603128314 0.1698725819587708 0.2128009796142578 0.2823199778795242 39.00071730464697 2.654682010412216 2.331155002117157 0 0.09156318753957748 0 2.176157437264919 0.2900894284248352 50.44244179129601 0 2.963948957622051 0.1038408428430557 57.68127146363258 0.1583845317363739 0.2606064975261688 0
0.6755747348070145 1171.628551445901 7.524437539279461 0.2970091924071312 3.724927879869938 27.51480829715729 6.042132616043091 48.62514465302229 8.151213899254799 11.54832027107477 1479.665038362145 6.295702755451202 3411.332666285336 27.06810913234949 1.296562872827053 37.31028001755476 16.58801677823067 51.22499856352806 19.7283940538764 1.493497312068939 6.658359378576279 128.2353008389473 13.50072450935841 41.59073819220066 2722.957320615649 1805.821504078805 3873.716823481023 7.857594974339008 22.12750776857138 2.778855010867119 592.4524906948209 24.73351161181927 0.2089714854955673 870.5431171879172 2.048785805702209 417.6483136415482 3711.812360547483 1122.977991133928 443.4868220239878 19.56256846338511 27.48476012051105 1647.920572198927 5.754687689244747 0 90.86128908395767 0.4799479991197586 0.1021214127540588 0.1834397614002228 1.647001132369041 0.0743676945567131 1.74636621773243 0.3863630294799805 0 1161.786762915552 0.4528044536709785 2939.190223932266 2.198566161096096 0.9405132457613945 1.27931672334671 1.849461033940315 46.88342288136482 4.43298614025116 0.1089553982019424 0 1.028530567884445 0.2424491420388222 1.000449568033218 1135.443889558315 435.9229068532586 615.7228004932404 0.5022145509719849 1.988958820700645 0 250.5547852739692 1.500567905604839 0 67.16712991148233 9.326524138450623 9.743743382394314 951.22100892663 62.87213283777237 69.91007562726736 1.532559730112553 16.7906693816185 192.0981687009335 6.079418808221817
7074.908087834716 1.967109479010105 141.4988190457225 15.52488423138857 4.431839123368263 410.2971746921539 6785.256538644433 5215.896259892732 25.85030417144299 1208.070312961936 246.282951630652 158.9797189086676 27.06810913234949 12082.72198780999 18.23943617194891 3.465735986828804 355.2566494271159 85.7300321906805 127.393634326756 79.91798859834671 113.0732775181532 5.646344594657421 121.6569452509284 298.534018881619 3.637790568172932 195.5346017107368 164.9116056114435 260.2750809788704 9127.092743344605 4599.578475818038 15.05054729431868 228.3599973171949 180.9411587640643 1914.687307827175 31.83053379505873 749.4063233956695 252.4864884614944 1925.246554762125 406.1057045310736 236.9127924591303 34.33282685279846 18.80554493516684 12.06091298907995 0.498396024107933 1.690662197768688 3.738929435610771 0 0 1.663150653243065 39.46234727650881 1.190358638763428 18.44849044084549 0.215545192360878 0.8211929947137833 0 1.04471780359745 2.969206541776657 0 15.29935713112354 2.776613838970661 0.5862932205200195 0.6773359701037407 0 13.94109316915274 4.287990674376488 7.077486485242844 116.5514537543058 1.412737496197224 5.061490163207054 48.69378422945738 78.94683882594109 6.589552901685238 7.217246919870377 0.8857520893216133 0 0 2.668691262602806 0.3091713190078735 31.95883154124022 4.620428651571274 11.37880603224039 1.626525372266769 2.470723807811737 0.622324526309967 2.330821633338928 0
0 4.157843597233295 0 38.35761880874634 1636.473427683115 1460.26533511281 31.1136052981019 226.0959889814258 372.857141725719 143.2011753320694 12.37232122570276 1008.502727858722 1.296562872827053 18.23943617194891 590.8777818530798 1.247824683785439 0.3009369075298309 1.267497874796391 1.171879641711712 109.6052675172687 0 41.0801899805665 0.3750514388084412 905.688871756196 0.3145424351096153 1.337443232536316 1.005587354302406 102.9117462337017 23.51350680738688 0.8453003615140915 0.4297851547598839 138.4684426635504 0.09406115114688873 34.67479202151299 0 25.20098375529051 0.6730422675609589 49.68592479079962 27.4948216304183 1007.794611610472 86.06871991604567 2.643158286809921 0 0 0 0 0.514193594455719 0 0 8.76259408891201 0.3717143833637238 3.080659069120884 0 0 3.193283587694168 0.1133640930056572 1.432064607739449 0 0.1092647239565849 0 0 0 0 0.1138341277837753 0.3228837698698044 0.1345864534378052 24.23433910310268 0 0 0.3965679332613945 9.966153934597969 0.9549848139286041 3.036381483078003 0 0 0 0.5494309812784195 0 4.219189345836639 0 1.791072279214859 0 0.6236698627471924 0 0 0
0.5332502126693726 896.934975668788 67.16970802098513 0 0 2.243443392217159 91.28587212413549 5.076649211347103 146.94616279006 3.023043863475323 4.80069687217474 0 37.31028001755476 3.465735986828804 1.247824683785439 3256.919580034912 42.39111432433128 0.9110379964113235 3.387909591197968 0.4730510711669922 3957.851075194776 3430.505471207201 4203.368973523378 2050.958378307521 90.71711234748363 113.3866502046585 6151.154322750866 1615.456370458007 5.760432362556458 76.87117545306683 10.07172036916018 0.2422227784991264 1.745760589838028 191.1545578017831 11.20732410252094 1563.732854634523 1024.278348334134 595.9385799840093 760.0865880772471 41.5978416800499 9.326089218258858 110.5111905410886 10.68433345109224 0.316998079419136 28.20211748033762 10.02594984322786 0.1531447768211365 0 1.064412653446198 42.23873621225357 1.488039918243885 25.74498744308949 0.6243994981050491 2.855621680617332 0 6.924259804189205 0.2673327103257179 0 3239.579536832869 4.631204254925251 0.09622885286808014 2.215167991816998 0 674.1078317016363 835.0223687067628 909.7291628271341 371.8390526100993 0 10.24593212455511 414.1805498823524 254.7673299312592 2.371723964810371 13.62059351056814 0.1322688609361649 0 0.1039882302284241 11.64051429927349 0.4995977133512497 302.9743081629276 34.97578226029873 29.99564556032419 37.24834693223238 2.254290126264095 1.047956585884094 231.3754216134548 30.24977660179138
111.879018433392 162.2735548913479 2994.686729222536 0.4574095904827118 0.1389107257127762 14.82919225841761 534.6191380023956 235.2720374986529 0.7917130440473557 10.8879751637578 937.1636824384332 0.8454792350530624 16.58801677823067 355.2566494271159 0.3009369075298309 42.39111432433128 2313.941349565983 651.559439048171 5008.792380407453 0.4710507467389107 1236.902575835586 64.12652733922005 4530.364500813186 55.79907028377056 6.654951356351376 5290.702491916716 7470.945066265762 168.6000924184918 310.4794975966215 3120.591921634972 11.1772979721427 7.776713989675045 17.02934512495995 2622.769419237971 1.737231373786926 299.6062688753009 1214.347257256508 1058.63944209367 252.032468996942 10.72746416181326 0.796261727809906 2.735873088240623 1.349679753184319 0 144.941513672471 72.59398550540209 0 0 0.1102491170167923 1.493735529482365 0.1650791019201279 1.577391684055328 0 3.150137878954411 0 2.776394218206406 0 0 9.721560716629028 69.86115733534098 4.818997420370579 42.86937167495489 0 1.508134782314301 6.083496429026127 15.57687285542488 2.105087280273438 1.657417319715023 227.6157086566091 540.5435263812542 2.771863199770451 0.1254340410232544 0.4178140163421631 1.567179426550865 0 0 15.49498589336872 0.8216859400272369 72.59747572988272 90.43407279253006 52.17910479009151 6.248962640762329 0.7137107998132706 0 0 0.2535701096057892
5.751817256212234 7.786245621740818 12.8424896299839 1.080320812761784 3.142702490091324 27.0874055325985 12.560546182096 114.4270088300109 0.5415984243154526 24.16348201781511 4541.555768296123 10.56569936871529 51.22499856352806 85.7300321906805 1.267497874796391 0.9110379964113235 651.559439048171 824.0836879387498 1977.924229554832 3.220607563853264 7.508882597088814 2.413998991250992 21.35721179097891 6.51181635260582 3.839740499854088 1877.994268976152 149.2600561082363 4.792054265737534 73.30264583230019 29.62501496821642 63.83165468275547 55.8342167288065 0.5676581189036369 1298.698222860694 2.961981281638145 396.7473447918892 1516.529223710299 1295.36609557271 566.4981075376272 21.51709732413292 2.502905644476414 7.523895859718323 2.152792938053608 0 13.74316123872995 0.2732943966984749 0 0 0 0.3596118688583374 0 0.7627097368240356 0 11.82385072112083 0 53.12347318232059 0 0 0.2236653938889503 0.6803793832659721 9.494001105427742 0.712439090013504 0 0 0.1882926970720291 0.1375574767589569 1.922945633530617 12.70431618392467 137.3291696980596 129.6016299277544 2.947113588452339 0 0 27.42796147614717 0 0 0.3086051642894745 1.079879745841026 1.532174699008465 9.675468474626541 1.0900002643466 0 0 0 0 0
12.1948786303401 58.01828360557556 30.23397800326347 1.123482026159763 2.023338913917542 24.81762337684631 30.46211548894644 121.5527545288205 1.358391746878624 25.43832664936781 2172.089168280363 8.196201466023922 19.7283940538764 127.393634326756 1.171879641711712 3.387909591197968 5008.792380407453 1977.924229554832 1145.202147081494 3.176018357276917 59.63058371841908 9.442310743033886 188.1586683019996 8.170094184577465 25.98019821196795 3343.739416018128 1782.977588839829 9.296394236385822 98.64872349053621 188.4202862083912 27.78283127397299 46.93898015469313 2.632540568709373 4172.777137845755 5.071926817297935 1117.000480525196 2096.924654059112 3265.274464935064 946.9721544981003 22.35161373764277 2.18993853032589 6.791936829686165 3.299016088247299 0 53.65452800691128 0.9799034520983696 0 0 0 1.362697847187519 0.1234198808670044 0 0 3.446962542831898 0 13.38789058476686 0.1433670669794083 0 0.1109786853194237 6.660773694515228 12.87346147745848 13.45002609491348 0 0.1994059979915619 0.3661935180425644 1.56329894810915 3.752918481826782 12.38944610953331 257.7017815634608 219.0154974609613 1.15801165997982 0 0 14.48713147640228 0 0 2.73527455329895 0.3165538907051086 6.974035874009132 37.19219795614481 5.958863124251366 0.9644648879766464 0 0.1866342276334763 0 0
0.9759792983531952 0.1413490325212479 0 3770.535403266549 2.672861255705357 329.491697140038 49.12016353756189 230.2473266944289 217.0049814730883 3207.540088258684 17.71149810403585 3816.312528379261 1.493497312068939 79.91798859834671 109.6052675172687 0.4730510711669922 0.4710507467389107 3.220607563853264 3.176018357276917 525.3564814776182 0.1027973815798759 0.2656385749578476 0.6595348343253136 603.4010861590505 0 2.737989962100983 1.624668307602406 2465.813348956406 59.60536792129278 1.006684236228466 0.832949087023735 20.87359599769115 0.4034578651189804 51.16733538359404 30.43380634486675 762.8765886723995 5.798288054764271 197.0257299169898 39.0238044410944 428.7123164236546 17.98166943341494 1.579805344343185 4.186083726584911 0 0 0 29.79012414067984 0 2.627183087170124 89.35971439629793 5.800841368734837 38.54177816957235 19.02692870050669 0.667805552482605 46.09318450838327 0 7.615253515541553 0.3355392068624496 0.4371419548988342 0 0 0 13.88692034780979 0 0.2452506124973297 0 452.2337065786123 0 0.6758752912282944 0.4619240909814835 190.8984284177423 8.91811390966177 5.637343406677246 0 0 0.1478245109319687 3.140727959573269 1.966477751731873 108.0393057316542 0 9.486070446670055 0.3755121156573296 138.4482953697443 0.6794564127922058 0.5764904022216797 0
64.68250767886639 96.26190403103828 944.7018123567104 0.1918890029191971 0 1.435185633599758 214.5543144643307 30.27277322113514 168.9838491380215 2.914636462926865 12.80060351639986 0.09347696602344513 6.658359378576279 113.0732775181532 0 3957.851075194776 1236.902575835586 7.508882597088814 59.63058371841908 0.1027973815798759 9709.963019393384 257.6078621149063 14655.94313316792 270.124053157866 9.150313660502434 254.7418173328042 1001.362072065473 2470.325974471867 354.1995304077864 8242.694053292274 1.257388383150101 1.207337439060211 82.14668030291796 3463.126124441624 36.22763878852129 4806.353984892368 2333.237331874669 4487.304336287081 2859.947982437909 174.3535301312804 10.24027132242918 69.79799401015043 30.04296449571848 0.2379828467965126 7.257105924189091 13.69651170819998 0 0 0.4890467002987862 39.36002624034882 1.525853611528873 29.75445459783077 0.5423436760902405 0.3104469180107117 0 3.391121424734592 1.473081111907959 0 1146.209199331701 5.556902378797531 0.1791811287403107 1.094995982944965 0 679.795918315649 229.9984683841467 144.1192351803184 349.8425097465515 1.649793162941933 9.964675091207027 76.05253522098064 283.3931321576238 2.632860317826271 18.53543744981289 0 0 0.1427334100008011 7.601895749568939 5.105800628662109 236.5670919120312 35.95772367715836 14.0044431835413 12.30321907252073 2.39615111798048 0.6888997405767441 120.2129484415054 11.51074969768524
1.456510737538338 3245.631286732852 89.65563071519136 0.7118666023015976 2.104531355202198 2.217474929988384 87.12150003761053 6.607438914477825 3030.595337204635 9.880029611289501 15.40725585073233 3.523590311408043 128.2353008389473 5.646344594657421 41.0801899805665 3430.505471207201 64.12652733922005 2.413998991250992 9.442310743033886 0.2656385749578476 257.6078621149063 1784.020066358149 434.3391984030604 10135.02221238613 412.2275877445936 158.3815403729677 5146.419330306351 357.9717150107026 3.416237585246563 24.1612089574337 23.87203820049763 0.3023698627948761 1.717929668724537 73.73215115070343 1.036841660737991 157.2792838290334 305.841108083725 108.2952466607094 91.3142531812191 94.31691661477089 1.069395244121552 18.06178662925959 1.99954217672348 0.5901441499590874 99.71370189636946 85.80590272694826 0 0 0.1112456247210503 16.34941735863686 1.358962312340736 20.68848795443773 0.1813448071479797 1.783841416239738 0 2.684047535061836 0.7439232990145683 0 2700.470300152898 47.96389595419168 1.065263718366623 7.878986313939095 0 299.3168953061104 233.6057610660791 522.8638878688216 234.4825150519609 1.817111328244209 30.9922933280468 1977.555976629257 107.5044637396932 1.612237177789211 3.315254747867584 0.2788702994585037 0 0.08422596752643585 9.595967829227448 0.9296507984399796 79.78082264959812 67.65156623721123 31.37105039507151 14.2575404420495 1.178893908858299 0.4507805705070496 24.60366535186768 0.3380046784877777
23.56104044616222 131.5836217552423 8351.952185191214 0.2519887983798981 0.5538395196199417 19.08571722358465 1384.888774357736 98.07848913967609 15.94409228116274 22.59506157040596 38.14520896971226 0.5625302493572235 13.50072450935841 121.6569452509284 0.3750514388084412 4203.368973523378 4530.364500813186 21.35721179097891 188.1586683019996 0.6595348343253136 14655.94313316792 434.3391984030604 15529.87164482474 996.090673185885 20.94044141471386 1368.522616706789 9162.233745969832 4286.531172759831 64.47217782586813 6206.123259231448 3.205673366785049 1.189696043729782 10.65923471748829 3472.323785550892 67.33757056295872 7123.43719805032 7142.082819573581 6819.761167347431 7237.544049963355 295.8375428617001 34.6859050989151 136.1888315454125 55.60731157660484 0.5229518562555313 36.68337268382311 75.9714295193553 0.248161606490612 0 0.1294284015893936 24.43947556614876 0.6855584532022476 8.006202414631844 0.1236443594098091 1.455854222178459 0 5.725351817905903 1.748544789850712 0 1684.364635102451 35.34300396591425 0.7995574325323105 6.434786818921566 0 189.0090859159827 275.0576086714864 608.4348331987858 164.9241646453738 0.5417665839195251 33.1144969984889 984.6314027234912 86.83393108099699 2.919236786663532 6.568733990192413 0 0.3745354115962982 0 9.482468515634537 6.329113125801086 204.3413702920079 55.78834284842014 40.64259187877178 34.07483617961407 0.4910843968391418 2.192583024501801 148.9202272742987 13.51452559232712
60.0140165835619 1249.559302806854 109.3326364979148 2437.846384972334 23.99214013665915 283.4097298011184 2612.843278288841 459.9761759191751 11464.43990991265 1231.044020831585 21.80872151255608 352.1059736311436 41.59073819220066 298.534018881619 905.688871756196 2050.958378307521 55.79907028377056 6.51181635260582 8.170094184577465 603.4010861590505 270.124053157866 10135.02221238613 996.090673185885 17406.91102758795 91.36214697360992 183.9128252118826 2025.202202536166 10777.82579295337 468.8848077729344 381.438146725297 11.96030107885599 28.73785812407732 162.7426819428802 412.9576788395643 30.10037043690681 2549.939382486045 192.0835973992944 814.5524659305811 348.2782182767987 1617.479182980955 25.01121081411839 14.44892495125532 20.31319967657328 15.90945117920637 24.65274253487587 12.9360414519906 95.06700948625803 0 23.93289715796709 793.9959222227335 47.39668809622526 897.7027203738689 62.80404456704855 10.94877576828003 68.70627435296774 2.345129653811455 78.50022695958614 8.085333980619907 418.7770564109087 5.940683871507645 4.124663822352886 3.898552678525448 43.61206716299057 336.4140394553542 111.6828612014651 57.59227963536978 4486.204839356244 0.7273687794804573 15.96007730066776 178.3721463084221 1931.935428634286 174.3015370517969 87.45868190377951 1.057337611913681 1.45887766033411 6.268481977283955 90.98433977365494 13.27568017691374 420.9331128150225 16.30319571495056 168.2980732023716 20.03170073777437 270.4187504127622 4.805282577872276 21.46374437212944 2.651394568383694
0.2619892656803131 2991.918575592339 3.248424589633942 0 0.1925520449876785 1.775522030889988 4.943334579467773 3.229924373328686 18.45293954014778 0.4592719376087189 642.4793069437146 0.8321277275681496 2722.957320615649 3.637790568172932 0.3145424351096153 90.71711234748363 6.654951356351376 3.839740499854088 25.98019821196795 0 9.150313660502434 412.2275877445936 20.94044141471386 91.36214697360992 757.3151630461216 321.2151313275099 3926.648844949901 7.794503353536129 1.471912004053593 1.289364211261272 484.8785095885396 1.718844719231129 0 578.8043513074517 0.8145975917577744 204.6070004329085 697.3099957555532 458.9272878840566 155.9777481406927 6.583145074546337 4.82164478302002 717.5475011616945 3.664067044854164 0 107.7718120217323 1.462394274771214 0 0 0.7392271757125854 0.1027484312653542 0.1100959628820419 0 0 285.1425620019436 0 784.9957950860262 0.153253436088562 0.1702855676412582 0.290039598941803 2.131232529878616 4.175519719719887 1.383709445595741 0 0 0.1853134036064148 0.2809863537549973 0.9074243605136871 57.77556169033051 81.66348344832659 124.0767432078719 0.1444957107305527 0.1836530566215515 0 12.1894521266222 0 0 11.92588303983212 0 11.90835654735565 40.18303346633911 28.3690610229969 3.606062665581703 0 4.699745178222656 22.89140473306179 3.544160604476929
32.16306833922863 761.7432248070836 10251.39447734505 1.042691558599472 1.850830756127834 32.82717985659838 471.4936914145947 155.1525881737471 6.62347212433815 30.550357170403 1481.152768947184 7.429777629673481 1805.821504078805 195.5346017107368 1.337443232536316 113.3866502046585 5290.702491916716 1877.994268976152 3343.739416018128 2.737989962100983 254.7418173328042 158.3815403729677 1368.522616706789 183.9128252118826 321.2151313275099 25743.96912190318 14275.007936351 234.853131107986 127.356273047626 845.1199168860912 624.3785740286112 37.72979646921158 6.41872538626194 1838.927394859493 14.86337272822857 2529.835805118084 10249.19604954123 3199.813448123634 1460.217659927905 52.5197589546442 5.270878002047539 52.61927030235529 10.54819355905056 0.4412670955061913 855.3215216323733 65.24143873900175 0 0 0 4.303120918571949 0.7115312814712524 3.947618119418621 0 140.2422236353159 0 876.1660421192646 0.65346360206604 0.661368191242218 12.24184264242649 170.8208019137383 154.7691885009408 275.8127290531993 0 2.323594354093075 11.23910254240036 13.01335259526968 11.08757125586271 334.1972274184227 4010.61042136699 4574.951605215669 5.149994239211082 0.7817904725670815 0.6400842890143394 342.3655336424708 0 0 61.37417586892843 6.021025761961937 222.5250176638365 524.6166253760457 154.5987213328481 20.98635155707598 2.894107922911644 0.1332152932882309 1.056057684123516 0.8306228071451187
44.56973320990801 7567.380326621234 8959.39619807899 0.792161650955677 0.2959971725940704 13.55463293194771 413.5822241902351 107.4886823445559 67.20976170897484 24.16323942691088 179.8507150262594 2.361758954823017 3873.716823481023 164.9116056114435 1.005587354302406 6151.154322750866 7470.945066265762 149.2600561082363 1782.977588839829 1.624668307602406 1001.362072065473 5146.419330306351 9162.233745969832 2025.202202536166 3926.648844949901 14275.007936351 23391.44536538422 1414.16524797678 106.8619655221701 533.3516185209155 1171.516875170171 10.90215219557285 8.323315605521202 3336.335238881409 47.43336464464664 5613.541259743273 7286.893940582871 5138.830942280591 3337.677896000445 127.3129636496305 23.80499934405088 106.4536304697394 29.32114294171333 0.2282904461026192 3238.159577161074 725.5281599238515 0.2328873798251152 0 0.3421405926346779 22.01469180732965 1.254258014261723 13.03060720860958 0.1020153611898422 119.1790719553828 0 443.4162217974663 2.652390249073505 0.1211256831884384 2112.796936064959 698.4651263281703 119.8418867439032 426.9443180412054 0 126.1934340968728 952.0260142087936 1118.53392701596 99.76421684026718 504.248009942472 4399.572921596467 12008.73029375076 60.82182086259127 1.85069927573204 4.219473749399185 192.6851416528225 0 0.2028528079390526 186.4251339882612 16.02923657000065 834.1164587363601 846.5330125689507 513.9115232527256 136.2454105168581 8.003237597644329 3.309213809669018 171.1916881650686 17.55704517662525
34.83518839627504 72.06207066774368 489.6241983994842 3696.422917224467 1.970287956297398 495.8762591332197 18457.7434598729 399.6201675385237 1744.731040336192 2812.600551828742 11.82894060760736 1357.143039003015 7.857594974339008 260.2750809788704 102.9117462337017 1615.456370458007 168.6000924184918 4.792054265737534 9.296394236385822 2465.813348956406 2470.325974471867 357.9717150107026 4286.531172759831 10777.82579295337 7.794503353536129 234.853131107986 1414.16524797678 18458.93056824058 508.8061091527343 10652.03460773081 2.310456834733486 14.4707360714674 268.972309589386 940.4662848189473 46.50647342205048 3662.37487680465 401.3235312849283 1492.267436444759 745.5201257765293 360.7469152584672 21.59407211840153 17.05686853080988 33.52325493097305 7.20456375926733 14.0173791795969 12.23793516308069 54.90997203439474 0.1155479252338409 14.79482616484165 617.6592730730772 32.45538859814405 462.7849593907595 42.18042676895857 7.376285880804062 55.33602066338062 1.884236201643944 51.25304961949587 3.573395684361458 354.8831235542893 6.801278613507748 2.602861866354942 3.631530001759529 27.11723577976227 316.9123626351357 56.15121326595545 34.1031666919589 2875.355004668236 0.2062371671199799 15.89428343623877 138.1234621182084 1373.907282613218 103.7271279543638 115.9711234644055 0.9833613112568855 1.08211775124073 4.54872740060091 49.39758835732937 10.64823594689369 370.8633341193199 14.72107623517513 100.1245115026832 22.25887597352266 205.2307316288352 3.583148539066315 26.02271793782711 7.942227452993393
4085.850570239127 1.4409344419837 53.97427976131439 20.25486180186272 306.2407802939415 407.2910401523113 1982.742030769587 1348.405553188175 24.27067933231592 592.5276436805725 227.8720775991678 113.363988161087 22.12750776857138 9127.092743344605 23.51350680738688 5.760432362556458 310.4794975966215 73.30264583230019 98.64872349053621 59.60536792129278 354.1995304077864 3.416237585246563 64.47217782586813 468.8848077729344 1.471912004053593 127.356273047626 106.8619655221701 508.8061091527343 19771.20271900296 6592.020577825606 12.09819024056196 460.6676831804216 3395.881198130548 4170.621627405286 7.493866592645645 930.2726856693625 108.5648907646537 2343.74704143405 361.566540196538 403.7748287990689 98.83306232094765 20.09065566211939 21.25213456898928 0 0.8841294646263123 2.148858979344368 0.5970194935798645 0 0.538343608379364 35.19499357789755 0.4716218113899231 15.07045934349298 0.7967625260353088 0.3669609054923058 0.4389035329222679 1.339530661702156 2.600934892892838 0 7.827912643551826 0.3727434203028679 0 0.1332162618637085 0 13.02200651168823 2.301506370306015 2.166257306933403 98.22437487542629 1.85622701048851 3.023397989571095 20.95610985159874 62.6700896024704 3.604154534637928 1.154166981577873 0.4541330710053444 0 0 4.337613470852375 0.3696151375770569 27.05205503106117 1.410057865083218 5.908773683011532 1.949395895004272 4.562224417924881 0.1980990618467331 0.7656248211860657 0
