1106.355591751635 1.366340033710003 7.419206142425537 4.367687359452248 1.090445503592491 6.996512211859226 1755.571259982884 730.8109260722995 14.71353793889284 160.2598205804825 42.99570775777102 2.304358698427677 6.639847226440907 4314.584820233285 0 2.757641404867172 8.480965249240398 1.052613787353039 2.477289743721485 8.7587009370327 14.05097460001707 15.64102833718061 7.293188527226448 89.48732079565525 2.796073496341705 17.76719798147678 6.390144728124142 65.56188466399908 4187.594751305878 1598.834434568882 0.386113166809082 40.92582243680954 215.7082430720329 658.598949611187 1.841033823788166 97.11208784580231 18.41315615922213 312.181383214891 45.36089930683374 13.14240815490484 18.35908854007721 1.732111304998398 3.226861789822578 0.1252753734588623 0 0.6056604385375977 0 0 0 4.35605400800705 2.156400710344315 0.592653214931488 0 0.08715568482875824 0 0 3.503729097545147 0 7.629045814275742 0 0 0 0 3.44557423889637 0.2810537964105606 3.161566764116287 12.78220742195845 0.1444213837385178 0 0.6691187247633934 13.01904728263617 2.911190301179886 6.945140667259693 0 0 0 3.410314030945301 1.836498618125916 11.13174597918987 1.05192406475544 2.842030040919781 1.235170848667622 3.280196264386177 0 0 0
1.366340033710003 109.9070861414075 256.1132780462503 0 0 2.466774076223373 18.90163490921259 6.316259913146496 81.41675370186567 0.3495222181081772 144.9770535305142 0.1018504947423935 1364.190577417612 4.796295568346977 0.6293132677674294 812.1171308234334 1356.155286557972 91.25091300159693 985.4447997286916 0.070935919880867 18.87674865871668 2089.25118175149 101.8590012639761 380.5694148540497 1437.575247123837 1737.680868081748 7806.503208212554 42.10544923692942 6.411160953342915 20.42424979805946 55.86137868463993 1.039712026715279 0.4217764362692833 312.9687398225069 1.281474091112614 178.9800955504179 282.5358186587691 628.3434197455645 304.4754547327757 4.807071812450886 0.8681662604212761 253.937151260674 0.7349824085831642 0 17.01911320537329 121.3695731908083 0 0 0 0.4557984545826912 0.1262188702821732 0.2496199980378151 0 1.497990176081657 0 5.539776176214218 0.1485335454344749 0 1.52013286948204 3.589825369417667 4.117089405655861 6.419977225363255 0 0.9584115669131279 10.50714460760355 6.291935838758945 0.8157443031668663 7.985397711396217 179.3860061988235 492.9194866865873 0.2670108377933502 0 0 0.9594875648617744 0 0 1.032464735209942 1.026933655142784 9.862765841186047 5.882825702428818 14.27796701341867 2.017257422208786 0 0 2.918216675519943 0
7.419206142425537 256.1132780462503 5799.699578329921 0 0.523544043302536 0.08363723009824753 66.30260110646486 11.52171549201012 2.026320777833462 0.343061774969101 40.81069669872522 0.26567243039608 14.74672327190638 16.53457621484995 0 103.4781240075827 4136.054838433862 42.14801202714443 108.9208045005798 0 1319.824466459453 9.989276707172394 10253.17714385688 79.82127206772566 4.043455101549625 6244.392747230828 6513.711234465241 95.86757960915565 20.81548044830561 864.5059428438544 0 1.635759383440018 0.7458847016096115 2139.822125077248 22.57358837127686 1630.390602149069 2840.387548111379 2902.687303893268 1546.371137715876 23.39900337904692 1.668437659740448 13.68704909086227 9.179829180240631 0 156.1141182184219 936.5099844187498 0 0 0 4.200287602841854 0.3307234793901443 0.326973170042038 0.1021471247076988 1.655534237623215 0 0.8828342705965042 0.1119838729500771 0 18.45825725793839 15.39156319200993 2.060186095535755 5.597821168601513 0 4.770394653081894 50.75846992433071 101.8730055913329 1.323916330933571 1.144144304096699 127.8802605867386 1027.948604524136 2.939349785447121 0.6328453421592712 1.67769605666399 0.4337341263890266 0.09106846153736115 0 14.042804941535 10.58723974972963 76.0000586360693 59.73134172707796 57.25831039994955 35.90886723995209 1.808719344437122 0 0 0.396318107843399
4.367687359452248 0 0 1893.108716785908 1.335124254226685 127.1038488075137 710.486641459167 78.96354134380817 330.3392098173499 1158.807688571513 2.377648785710335 2575.120359048247 2.94952666759491 33.36480251699686 16.45773564279079 0 0 0 0.0949600413441658 1387.223537579179 0.8194878473877907 0.4791617393493652 0.8490707576274872 1769.085142560303 0 0.7004911229014397 0 2089.866386823356 21.5963474214077 38.78700912743807 0 2.596235781908035 0.6621025800704956 19.1223918274045 2.533600226044655 52.28345920145512 0.2708110734820366 26.13292897492647 12.39252220094204 72.11259953677654 12.84822604060173 1.503378465771675 1.558699123561382 0.5658013448119164 0 0.1265615969896317 53.62688237428665 0.2940545082092285 10.37038893997669 71.31179953366518 12.34959813952446 40.6754253283143 75.26026989519596 0.4537423625588417 53.92135573923588 0.09384871274232864 7.559473872184753 6.123624585568905 0.8855562210083008 0.6381819248199463 0 0 38.16892943531275 1.211901128292084 0.1176975220441818 0.2720656543970108 144.2053694725037 0 0 0 127.0858257040381 9.0107786282897 3.71851471811533 0 0 0.3311725929379463 11.34753720462322 0.5484319999814034 21.99384100735188 0.5367669761180878 16.86487533897161 5.598281390964985 49.06828463822603 1.962769120931625 0 0.1100465878844261
1.090445503592491 0 0.523544043302536 1.335124254226685 40.45984087884426 1120.889635562897 4.504186108708382 61.6484654545784 98.78832060098648 17.71088692545891 20.3753791898489 172.3968669176102 11.64716359972954 5.033128067851067 2946.262740880251 0.5227274000644684 1.358773946762085 0.4539398849010468 0.1481578946113586 6.141578756272793 0 0.7988170012831688 0 12.22107695788145 0.5204405039548874 0 0 0.8992467522621155 21.95811162143946 0.6346885859966278 0 469.9695834666491 0 375.9862254038453 3.458993554115295 25.46209696680307 4.534801796078682 266.2840707749128 12.14915292710066 1042.337229155004 81.25273133814335 0.8965428620576859 0.1513465046882629 0 0 0 0 0 0 0 0 0 0 0 0 0 0 0 0 0 0 0 0 0 0 0 0.85699562728405 0 0.3052229285240173 0.1544068157672882 0.5432284474372864 0.4702567756175995 0.5033262968063354 0 0 0 0 0 0.4324716627597809 0 0 0 0.2510012686252594 0 0 0
6.996512211859226 2.466774076223373 0.08363723009824753 127.1038488075137 1120.889635562897 8151.627916030586 961.2147271037102 6206.951094001532 367.4099330753088 7310.378563046455 69.86621855944395 4113.563365720212 47.68411190062761 1004.844004038721 2653.981786042452 3.809528641402721 0.2505086809396744 0.3791931793093681 1.084660336375237 766.8074407950044 0.8412569910287857 20.70648197084665 1.13466502726078 415.5127386078238 14.05600485950708 2.269085817039013 1.13886396586895 467.6513185426593 598.805560015142 25.53168691694736 0.4181414023041725 1262.174256112427 1.474333956837654 664.7278388142586 22.97586911916733 479.4002521112561 9.105976492166519 248.2475158795714 68.89071077853441 3061.246607877314 460.9270490333438 8.55514033138752 9.263304762542248 0 0 0 7.257798530161381 0 5.59368272870779 28.10138116031885 2.213182598352432 26.32559493929148 22.71391278505325 0 48.9999942034483 0 2.528608910739422 6.603081904351711 3.789418414235115 0 0 0 10.22766906023026 4.162847727537155 0.2181246131658554 1.438520029187202 59.866115860641 0 0.09296581149101257 1.468230649828911 54.47956813871861 5.207698240876198 21.45375490933657 0 0 0.1090596169233322 6.105627752840519 2.65601509809494 16.17493660002947 1.541102349758148 9.228683136403561 1.067167684435844 69.4482557028532 0 0 1.188916325569153
1755.571259982884 18.90163490921259 66.30260110646486 710.486641459167 4.504186108708382 961.2147271037102 13697.59589194506 4445.279599241912 599.8243691325188 9851.837963473052 34.79034113883972 56.60168006271124 50.69652602821589 6733.206853032112 7.304702170193195 29.85552946478128 24.68280030041933 1.22448668628931 4.82963340729475 188.986094109714 1099.682813026011 202.0515126809478 168.5855167359114 4651.067667908967 17.19444505870342 94.02579200267792 43.58173012733459 16204.20194303989 1519.978992640972 5788.966474808753 0.3425275981426239 42.82028704881668 293.9560060575604 688.9963028207421 134.5087956115603 2073.397461615503 52.99663344025612 1160.329688005149 586.5690368339419 316.3234463781118 231.4281436353922 16.18944752961397 67.19519782811403 7.462585434317589 2.259218610823154 7.357640035450459 8.532820984721184 1.685448825359344 2.166457794606686 144.3887768611312 25.43069675564766 72.76728615909815 25.1442472115159 3.616783112287521 7.178411863744259 0 46.10902350395918 0.2799263000488281 96.91646812111139 5.117904908955097 0.6012281626462936 0.7627547904849052 4.952526606619358 104.6308697387576 15.23048089444637 50.55842541158199 601.1942169517279 0.1235349625349045 1.311493217945099 10.66961725801229 464.1952450573444 75.9968261346221 304.7489517405629 0 1.031477808952332 6.186596915125847 66.27408986538649 18.4486613497138 219.8624198883772 14.86777599155903 96.0427572876215 38.82882845401764 27.58788115531206 4.685553200542927 0.3683327808976173 3.626283340156078
730.8109260722995 6.316259913146496 11.52171549201012 78.96354134380817 61.6484654545784 6206.951094001532 4445.279599241912 13036.93066209555 119.7736275345087 2988.317605063319 91.76800689101219 675.8063771985471 42.983328551054 6374.152850136161 149.3370507881045 6.086352124810219 6.531123489141464 1.103115826845169 3.015588767826557 264.7964387685061 53.66936612129211 52.31999531388283 23.70872058719397 551.6104160249233 5.705075189471245 19.03844970464706 7.540847942233086 410.1618688479066 1514.196713350713 1027.254947133362 0.1758594512939453 547.356650441885 4.857551462948322 981.9794979467988 34.69460982084274 472.2416615262628 34.8484907746315 468.8508313670754 121.1660432964563 1243.406940728426 369.1631603688002 9.667889043688774 9.482293732464314 1.824489779770374 0.09271750599145889 2.008675187826157 0.5421055108308792 0 0.2967707738280296 31.55360934138298 6.802022062242031 20.27459040284157 3.071435391902924 0.6742980927228928 0.7983886823058128 0 18.03083457052708 0 13.1473633274436 0.5258713439106941 0 0 1.145353302359581 11.18676881492138 2.70469181984663 6.254599250853062 137.258369602263 0 0.2678103148937225 2.199516959488392 116.3278674036264 21.96128456294537 37.48923307657242 0 0 2.890183888375759 20.55543876439333 5.355546645820141 57.79424302279949 1.584091186523438 30.89744713157415 8.645544178783894 9.385916002094746 0.7044138163328171 0 0.7654168307781219
14.71353793889284 81.41675370186567 2.026320777833462 330.3392098173499 98.78832060098648 367.4099330753088 599.8243691325188 119.7736275345087 1588.30520863086 490.3580608442426 2.80512710660696 504.1804878786206 12.98581114411354 80.9738917350769 925.7271592542529 38.80267954617739 0.7774031013250351 1.151780977845192 1.277381032705307 488.0160450190306 23.8130663856864 1989.36967471242 29.14218616485596 10505.12460508198 9.728578791022301 8.734440311789513 51.65166581422091 1424.971204176545 56.16805782169104 68.64723934233189 0.3173409402370453 5.041643083095551 23.1275215446949 57.59552658349276 13.45077229291201 506.4310719519854 34.3031462430954 87.33595630526543 53.8125869333744 1473.482183992863 19.90072962641716 0.9109169393777847 10.64275350421667 9.32792716473341 16.45604215562344 8.400699347257614 131.367843285203 0.5394178181886673 44.72805955260992 376.1130849272013 43.37829588353634 132.8735826686025 318.629718862474 2.405256055295467 298.2762475088239 0.2668959945440292 70.95124261081219 35.72124566137791 588.1628641486168 6.706991717219353 0.2872509881854057 1.040735997259617 183.320622086525 274.7742135301232 103.1829847171903 197.4476742148399 2250.587385348976 0.8638044744729996 1.754163190722466 57.06784914433956 809.0429046601057 125.3496410548687 390.1952919363976 0.1054925471544266 1.501145608723164 17.8545543923974 94.01206643879414 23.37263949215412 335.2822972685099 24.44317331165075 141.0966797173023 51.0641860216856 237.5819230601192 3.598268635571003 1.949221737682819 4.59923530369997
160.2598205804825 0.3495222181081772 0.343061774969101 1158.807688571513 17.71088692545891 7310.378563046455 9851.837963473052 2988.317605063319 490.3580608442426 24839.64102101326 58.28425096347928 1702.68390462175 17.65887926891446 1291.842816889286 70.62429313361645 1.225476011633873 1.068744085729122 0.9023063629865646 0.7253974005579948 2043.451750222594 11.92494124174118 9.496486887335777 4.217997871339321 1548.732466876507 3.358923185616732 3.54769205302 2.318980749696493 2917.05529075861 473.5698316991329 280.6794921010733 0.404462993144989 69.91319984942675 10.25411186367273 463.7576497197151 21.19457429647446 618.9407306537032 13.27964568883181 707.8495189771056 242.1246704086661 463.040212534368 186.5293295010924 5.466276861727238 22.64063420146704 1.14874754846096 0.2529402524232864 1.737204320728779 48.06913429498672 0.4498725757002831 24.87349806725979 154.6983726397157 18.23362104594707 75.61154274642467 128.3946546018124 0.5902121961116791 84.0975336432457 0.1943906173110008 32.90453884005547 13.07123412191868 3.930305294692516 0 0.2039490789175034 0 73.19996597617865 4.788476251065731 0.2925232127308846 1.115112707018852 339.996947132051 0.5406591296195984 0.3233023211359978 0.768060065805912 301.7936286777258 26.16260488331318 12.15937248617411 0 0.1111167520284653 1.057974360883236 22.73962234705687 2.808511726558208 52.48137078434229 1.059100538492203 43.48355814442039 9.953732743859291 100.0739445835352 3.13848077505827 1.620028346776962 1.248279556632042
42.99570775777102 144.9770535305142 40.81069669872522 2.377648785710335 20.3753791898489 69.86621855944395 34.79034113883972 91.76800689101219 2.80512710660696 58.28425096347928 7529.047592416406 30.52431475371122 3058.643112204969 65.39521648734808 0 8.526603423058987 973.3391198664904 2227.448250755668 1119.697368130088 12.76592174917459 30.64498857408762 18.03116004168987 76.98878635466099 36.67788158357143 1070.026379145682 2978.853990465403 1856.079137392342 13.75499542057514 243.5944014042616 57.84273183345795 445.2697273790836 93.25051869452 5.072601906955242 3317.983244180679 6.329775877296925 534.828547462821 5677.050204560161 6732.534217268229 1423.515808910131 118.8843994736671 106.9044286087155 1318.861198939383 8.624802120029926 0 48.84671068191528 4.577745631337166 0 0 0 1.902582250535488 0.520444393157959 1.001170307397842 0 35.78138336539268 0 226.9914644956589 0.4740482270717621 0 1.11121516674757 1.299664333462715 19.15784295648336 14.96475630998611 0.07902884483337402 1.136411115527153 0.6787545159459114 1.026546344161034 6.130452796816826 197.4835415333509 260.5842119902372 345.7623963430524 6.753773465752602 0.459627628326416 1.448792658746243 47.36709354817867 0 0 1.638800136744976 3.490941047668457 13.13274639844894 188.1518716812134 15.04309255629778 2.176383726298809 0.1653315126895905 0 47.25237317383289 0
2.304358698427677 0.1018504947423935 0.26567243039608 2575.120359048247 172.3968669176102 4113.563365720212 56.60168006271124 675.8063771985471 504.1804878786206 1702.68390462175 30.52431475371122 4475.78022493422 30.7208456620574 280.386805780232 1045.698924593627 0 0 0.1693132296204567 0.2193770781159401 3221.05836968869 0 1.224693082273006 0.1619067341089249 1239.547953315079 15.32764062285423 0.7307077497243881 0.3476812615990639 782.6570618823171 119.2299293279648 8.802295349538326 0 48.45537287741899 0 183.2430129796267 2.022001512348652 443.4159829542041 6.643282197415829 120.4759066253901 26.01371432095766 2758.890278987586 24.22952894866467 5.266675651073456 1.989325508475304 0.1165049970149994 0.1198169589042664 1.391773819923401 30.00234079360962 0 34.3879389539361 66.4396051466465 8.346269682049751 136.9840239062905 129.459946103394 0.1567324697971344 127.7654132172465 0 11.75253423303366 21.91127671301365 5.303287036716938 0 0 0 52.01387597620487 3.04993037879467 0.1735873073339462 1.368635773658752 140.6882060542703 0 0.6672139167785645 0.1350678503513336 116.9108848720789 12.3851263448596 13.07800474762917 0 0 0.09923980385065079 9.09855992347002 1.206332609057426 30.54704683274031 0.2132991552352905 9.575057476758957 3.971433490514755 232.0717539489269 1.083906590938568 3.80927562713623 2.143874280154705
6.639847226440907 1364.190577417612 14.74672327190638 2.94952666759491 11.64716359972954 47.68411190062761 50.69652602821589 42.983328551054 12.98581114411354 17.65887926891446 3058.643112204969 30.7208456620574 4131.716356985271 16.79825117439032 2.809566736221313 126.6448718756437 13.43351701647043 202.3699119761586 65.89236100763083 6.302777446806431 8.722716309130192 158.7720596119761 25.61732897907495 108.9264050722122 5972.029322661459 1075.614628121257 4873.666988685727 28.63395029306412 32.06106421351433 34.22020944952965 808.1653568968177 41.1616280823946 0.2945872768759727 399.4954780340195 46.68362492322922 1992.565742135048 5093.350476309657 3612.835035070777 310.3712432831526 377.3835509642959 218.953996181488 1824.409019544721 9.067293368279934 0 27.10031690448523 0.8209544122219086 0 0 0 0.4918371587991714 0 0.7592237591743469 0.09612207114696503 84.95194240659475 0.08535562455654144 528.764119759202 0.6926820278167725 0 0.4603416174650192 0.1367001235485077 8.516268335282803 2.569116681814194 0 0.1884478479623795 0.264328196644783 0.8172923773527145 1.526048868894577 620.4882159233093 170.5250097587705 230.045838996768 1.82896800339222 0.2326349765062332 1.286398768424988 82.32148929685354 0 0.08622681349515915 1.151231542229652 9.502183318138123 119.2678300216794 428.8102086856961 9.308417543768883 13.13629252463579 4.352389186620712 2.516301155090332 228.9263500347733 0
4314.584820233285 4.796295568346977 16.53457621484995 33.36480251699686 5.033128067851067 1004.844004038721 6733.206853032112 6374.152850136161 80.9738917350769 1291.842816889286 65.39521648734808 280.386805780232 16.79825117439032 8831.300953231752 2.746993474662304 3.823508463799953 16.66488191485405 1.38311842083931 7.111479751765728 117.543169260025 42.14970630407333 49.88323149830103 28.84044826030731 498.2142801657319 6.914451703429222 44.22118410468102 15.33145648986101 278.3597402274609 5888.714891031384 2212.063909851015 0.1480257660150528 78.25668478012085 28.48480098694563 892.7096564695239 19.38583074510098 465.1613347567618 47.41579036414623 503.5400639101863 81.64796180278063 353.7228557690978 108.3034035861492 3.878353327512741 5.581553213298321 0.4605575650930405 0.1272766292095184 2.644760861992836 0 0 0.9779155254364014 27.80137228220701 4.718319348990917 13.78303707391024 2.956878669559956 0 0.08493440598249435 0.07778572291135788 12.22616606205702 0.5560660064220428 12.45705796778202 0.833173468708992 0 0.1002595350146294 0.9182591065764427 14.02714268863201 2.866033352911472 5.420350015163422 117.621989376843 0 0.2772839367389679 1.8274881914258 106.4799885675311 20.70041696727276 41.24065751582384 0 0.6638815999031067 4.203923776745796 16.22554475069046 6.02799803763628 67.64706677943468 2.309955798089504 31.09161127358675 8.156713657081127 7.801740542054176 2.337325811386108 0.575869619846344 0.6304091662168503
0 0.6293132677674294 0 16.45773564279079 2946.262740880251 2653.981786042452 7.304702170193195 149.3370507881045 925.7271592542529 70.62429313361645 0 1045.698924593627 2.809566736221313 2.746993474662304 237.6770202741027 0 0 0 0 63.53691865503788 0 8.936409533023834 0 324.5835960060358 0.1102681010961533 0 0 16.70019475370646 1.589635036885738 0.3710116222500801 0 343.4912022277713 0 11.13007386028767 0 36.61199011653662 0 0.6055352315306664 0.2513932287693024 915.9587688222528 37.28325437009335 0 0 0.281214565038681 0 0 0 0 0 1.043233573436737 0 2.344072133302689 1.082541584968567 0 3.715079694986343 0 0.9681046009063721 0.4118209183216095 0 0.4324937462806702 0 0 0.5935738086700439 0 0.1979530155658722 1.066727221012115 4.496259078383446 0 0 0.1841543018817902 4.910207614302635 0.6332569643855095 2.32076957821846 0 0 0 0 0 1.687442138791084 0 1.42254214733839 0 2.413970187306404 0 0 0
2.757641404867172 812.1171308234334 103.4781240075827 0 0.5227274000644684 3.809528641402721 29.85552946478128 6.086352124810219 38.80267954617739 1.225476011633873 8.526603423058987 0 126.6448718756437 3.823508463799953 0 2429.368222855031 4.051022961735725 9.059461243450642 20.00223205238581 0 3067.974490523338 3650.782899871469 2707.304919824004 1322.120439730585 125.2370568439364 71.31555589288473 3615.128220170736 1098.242593385279 16.41096862405539 136.9048137068748 4.318467877805233 2.592378526926041 1.348129123449326 66.59372283518314 33.90562658756971 2764.259147077799 1304.050741106272 361.8061520457268 299.3275749906898 145.9327226057649 16.13672097027302 30.57769913226366 26.60044094920158 1.650600329041481 35.2311238348484 36.07739834487438 0 0 0.1218829229474068 14.12218382209539 1.239713974297047 6.76283660531044 0.9084328860044479 1.841605335474014 0.2229584753513336 0.3866019174456596 4.547972187399864 0 979.4504563212395 5.119124449789524 0 2.038935042917728 0 316.7856759801507 422.3325695693493 851.5193049684167 84.36869787424803 1.231718838214874 4.489358335733414 494.7453477084637 97.32145299017429 18.81624592095613 252.6548302844167 0.2155063897371292 0.1460003852844238 4.660357773303986 31.6623055562377 18.59412273019552 169.612553589046 35.0656750574708 60.97079799324274 31.12335509806871 3.616858571767807 1.386760003864765 3.335329324007034 4.176908031105995
8.480965249240398 1356.155286557972 4136.054838433862 0 1.358773946762085 0.2505086809396744 24.68280030041933 6.531123489141464 0.7774031013250351 1.068744085729122 973.3391198664904 0 13.43351701647043 16.66488191485405 0 4.051022961735725 1643.309585012496 321.971182949841 3786.9657041803 0.1713437885046005 1884.10469212383 7.118844628334045 4990.061341926455 3.130058638751507 12.21395585685968 3361.992232985795 4352.771649591625 26.56571670621634 37.61398977786303 1581.42756588757 0.5484649240970612 0.6693328693509102 1.746210195124149 1516.175229325891 3.604573234915733 436.8647342845798 1008.875087700784 900.0728842839599 491.9353200420737 6.549180530011654 1.91081191599369 5.620316326618195 1.118622079491615 0 248.3422233089805 375.8983310014009 0 0 0 1.350689001381397 0 0 0 1.562987729907036 0 1.76205237954855 0.1675297543406487 0 3.44129902869463 10.19660646468401 2.775278620421886 16.2880382463336 0 1.244865536689758 3.24739820510149 8.501585975289345 0.5502598136663437 5.182475626468658 657.8197813481092 1093.745131731033 0.8525874838232994 0 0.5372687801718712 1.381921000778675 0 0 8.089448966085911 0.5258804336190224 20.70449946075678 19.32020968198776 30.25496002286673 4.347638964653015 0.2821018099784851 0 0.1138510033488274 0
1.052613787353039 91.25091300159693 42.14801202714443 0 0.4539398849010468 0.3791931793093681 1.22448668628931 1.103115826845169 1.151780977845192 0.9023063629865646 2227.448250755668 0.1693132296204567 202.3699119761586 1.38311842083931 0 9.059461243450642 321.971182949841 621.6409870237112 2052.871165163815 0.08847997337579727 10.31330083310604 13.55519480258226 47.34360106289387 4.208454795181751 384.8254773542285 2666.157506465912 1423.772228077054 1.972322642803192 2.50410570949316 24.00942707806826 26.78409221023321 0.3460680693387985 0.5222828015685081 436.1932084783912 5.752399429678917 371.9600912183523 1124.392936639488 1565.403397135437 728.1798791214824 3.664041928946972 7.12857623398304 15.06002774089575 1.028793148696423 0 35.80176571756601 1.564239144325256 0 0 0 0 0 0 0 10.45964215695858 0 39.64404123276472 0 0 0.2542257308959961 1.270882286131382 10.69607798755169 8.243148773908615 0 0 0.1168745458126068 0.1175011619925499 0 29.70331959426403 143.9589659720659 178.942014336586 0.2190069854259491 0 0 13.08269337564707 0 0 0.3031864017248154 0.4849407970905304 4.759212478995323 20.96210467815399 6.71126713603735 1.276233531534672 0 0 0.4106336086988449 0
2.477289743721485 985.4447997286916 108.9208045005798 0.0949600413441658 0.1481578946113586 1.084660336375237 4.82963340729475 3.015588767826557 1.277381032705307 0.7253974005579948 1119.697368130088 0.2193770781159401 65.89236100763083 7.111479751765728 0 20.00223205238581 3786.9657041803 2052.871165163815 1111.959777452052 0.3648341819643974 130.7969126328826 29.98803246021271 560.9715270102024 13.19000126421452 689.231818459928 5260.037519283593 1982.349586620927 3.768020503222942 12.33168637752533 184.8410524725914 2.001680158078671 0.6751087456941605 0.3417791500687599 1300.320445977151 7.867132797837257 744.6048699468374 1286.671846710145 2540.029143631458 1297.657235182822 7.138533160090446 8.798877790570259 14.04573811590672 2.938328377902508 0 247.3690479770303 22.89059438556433 0 0 0 0 0 0 0 21.07398870587349 0 44.43318778276443 0 0 0.1217356994748116 5.80845832824707 52.17396589368582 62.6411994099617 0 0.4517493546009064 1.169580489397049 1.380976490676403 0 21.95293674618006 859.8644101545215 813.670887209475 0.4248635023832321 0 0.1110598593950272 19.15957359224558 0 0 5.619654893875122 1.294425904750824 15.23151850700378 45.46834089607 48.95403937995434 9.824249602854252 0.6588386371731758 0 1.839238114655018 0
8.7587009370327 0.070935919880867 0 1387.223537579179 6.141578756272793 766.8074407950044 188.986094109714 264.7964387685061 488.0160450190306 2043.451750222594 12.76592174917459 3221.05836968869 6.302777446806431 117.543169260025 63.53691865503788 0 0.1713437885046005 0.08847997337579727 0.3648341819643974 387.3054717853665 0.9516347721219063 0.6495900079607964 0.3848956227302551 1018.294029764831 1.782103568315506 0.4411673620343208 0.3691682443022728 1309.654555782676 57.23961906135082 22.79772497713566 0 15.94611813127995 0.3490034192800522 62.84780185669661 2.038116455078125 103.6254146769643 1.725528083741665 73.18629556894302 23.73361639678478 261.024867027998 16.27545760571957 0.7847149595618248 2.907443203032017 0.6546937003731728 0.2708456441760063 0 37.50475266575813 0.3949108868837357 14.10941849648952 108.5267379134893 17.028405636549 83.42408154904842 112.7203878462315 0.9877647161483765 102.2662899494171 0 16.91812364757061 12.27432841062546 0.7442799657583237 0 0 0 62.72613864392042 3.368072673678398 0.09937997162342072 1.045338958501816 218.2758126929402 0 0.229190818965435 0 174.2105536907911 17.57531708478928 10.35686285048723 0 0.3527199625968933 0.6470937058329582 13.94089621305466 0.8462710008025169 24.61465492844582 0.9803980737924576 18.34798292070627 4.967039436101913 125.2801076322794 1.369977489113808 0 0.6885263323783875
14.05097460001707 18.87674865871668 1319.824466459453 0.8194878473877907 0 0.8412569910287857 1099.682813026011 53.66936612129211 23.8130663856864 11.92494124174118 30.64498857408762 0 8.722716309130192 42.14970630407333 0 3067.974490523338 1884.10469212383 10.31330083310604 130.7969126328826 0.9516347721219063 8386.974285304546 57.04622180014849 13423.66235637665 505.1162823960185 3.928493373095989 670.0831259340048 1260.931962646544 5156.841298937798 28.19772899150848 10831.82129346579 0.08306542038917542 1.304446719586849 14.60355435311794 2796.87892331928 95.28056374937296 3233.878429442644 2047.459800027311 2541.137092970312 920.7416699230671 333.2319793924689 21.49368216842413 2.242995612323284 47.99645654857159 0.1114702597260475 2.623613201081753 18.05165654420853 0 0 0 2.943848356604576 0.446674756705761 0.5600638315081596 0 0 0 0 0.9565864652395248 0 67.24338437616825 0.5944309532642365 0 0 0 26.97862772643566 24.30345436930656 47.97535962611437 9.597904704511166 0.4379909038543701 5.224648050963879 38.44683609902859 11.57052684575319 1.666285239160061 22.20564945042133 0 0 0 3.475106313824654 19.09155671298504 26.14528326690197 3.738575868308544 12.87959632277489 4.865444555878639 0.5933348014950752 0 0 0
15.64102833718061 2089.25118175149 9.989276707172394 0.4791617393493652 0.7988170012831688 20.70648197084665 202.0515126809478 52.31999531388283 1989.36967471242 9.496486887335777 18.03116004168987 1.224693082273006 158.7720596119761 49.88323149830103 8.936409533023834 3650.782899871469 7.118844628334045 13.55519480258226 29.98803246021271 0.6495900079607964 57.04622180014849 2672.438567951322 326.2846100330353 5154.588561415672 280.7816514000297 117.962853230536 2605.585437707603 376.4004786014557 52.33456998318434 135.6518640369177 9.674350932240486 1.020032942295074 7.001219771802425 38.64187754690647 4.738938115537167 105.9146986305714 52.97856570780277 50.08316272497177 27.0332048535347 52.13656520098448 6.626414187252522 27.78461516648531 1.62346201390028 1.145637102425098 111.6208801716566 115.9804215058684 0 0 0.1166290789842606 24.59998162090778 1.76653266698122 16.21454191207886 1.036673419177532 0.4287529811263084 11.14009992778301 2.224870644509792 12.13396736234426 0 1078.300957344472 3.783366948366165 0.4296005070209503 1.802025519311428 0 226.3215186521411 698.1201376616955 1166.709773562849 92.06022208184004 5.044532887637615 12.43616297096014 1930.050123177469 81.378093957901 9.240289412438869 94.77899333834648 0 0 1.448740676045418 18.87810203433037 5.739274129271507 139.4557920917869 63.75504685938358 49.91457709670067 34.67184617370367 6.442941747605801 0.875467911362648 3.230865858495235 0.3316275328397751
7.293188527226448 101.8590012639761 10253.17714385688 0.8490707576274872 0 1.13466502726078 168.5855167359114 23.70872058719397 29.14218616485596 4.217997871339321 76.98878635466099 0.1619067341089249 25.61732897907495 28.84044826030731 0 2707.304919824004 4990.061341926455 47.34360106289387 560.9715270102024 0.3848956227302551 13423.66235637665 326.2846100330353 11871.13882017881 1595.116330355406 17.70657274127007 2907.147600799799 6244.6347502321 2452.556460008025 35.10317162424326 4153.013302251697 1.308547399938107 0.5676544904708862 8.476509876549244 2764.017074778676 251.2815052568913 10041.125013493 4758.641228176653 5373.040488116443 2995.481993861496 760.9914544969797 30.9768989533186 12.12605103850365 99.55804027616978 0 33.68018877506256 230.6525647938251 0 0 0.1277358829975128 5.522863171994686 0.1320285946130753 1.334125429391861 0.4683086350560188 0.3861143738031387 0.3335486352443695 0.1813927516341209 1.486131832003593 0 331.2100979462266 3.105832196772099 0.09887583553791046 1.099270962178707 0.1353905946016312 68.82373544573784 173.7352811545134 559.4274052456021 19.74779510498047 0.522656723856926 19.75181382894516 598.7884728312492 19.72130939364433 2.341212034225464 37.7596490830183 0 0 0.1162386313080788 10.11071516573429 52.45470937341452 82.23477044701576 52.56225687265396 28.73392114788294 39.42046828567982 3.706285893917084 0.3098368644714355 1.500567838549614 0.1075577512383461
89.48732079565525 380.5694148540497 79.82127206772566 1769.085142560303 12.22107695788145 415.5127386078238 4651.067667908967 551.6104160249233 10505.12460508198 1548.732466876507 36.67788158357143 1239.547953315079 108.9264050722122 498.2142801657319 324.5835960060358 1322.120439730585 3.130058638751507 4.208454795181751 13.19000126421452 1018.294029764831 505.1162823960185 5154.588561415672 1595.116330355406 10936.62164326012 83.62960159033537 49.37408670783043 956.1253292635083 10907.02169883251 459.8038964346051 511.5277868658304 2.393394358456135 24.74563769251108 80.09294261038303 470.9229027479887 102.2826083898544 2963.112464524806 102.7114004045725 765.1478878930211 392.0525873601437 1209.837615005672 148.3933977782726 26.31278309971094 53.72011732310057 14.43611400574446 7.063170544803143 31.47788269072771 109.8253318965435 2.003715686500072 39.13614736497402 595.5848738178611 107.0013009235263 621.5504575818777 302.7006583586335 10.20219134539366 230.3253373429179 1.045128665864468 193.4377437308431 17.34222409874201 439.1437851637602 14.48459171503782 0.9562069773674011 2.202262498438358 145.573166243732 275.4529037699103 149.9297605380416 204.4309165626764 2009.766364172101 1.487435422837734 3.929849840700626 52.18346309661865 1463.923884436488 256.9657915979624 529.8941032141447 0.2166919559240341 3.693502515554428 22.81160791963339 205.7064784169197 53.63254225254059 642.3874514997005 24.94610948860645 360.0136615633965 95.5520533695817 223.7423382624984 11.82850898057222 10.02942094951868 12.57064019143581
2.796073496341705 1437.575247123837 4.043455101549625 0 0.5204405039548874 14.05600485950708 17.19444505870342 5.705075189471245 9.728578791022301 3.358923185616732 1070.026379145682 15.32764062285423 5972.029322661459 6.914451703429222 0.1102681010961533 125.2370568439364 12.21395585685968 384.8254773542285 689.231818459928 1.782103568315506 3.928493373095989 280.7816514000297 17.70657274127007 83.62960159033537 904.4818612337112 1889.083741523325 4705.960238233209 16.31444042176008 5.27794124931097 17.20472957193851 295.5085442438722 2.810954175889492 0 277.2508121430874 4.135748088359833 435.8430168107152 347.8380222246051 1068.19268643856 147.5112211629748 119.2593748494983 73.00955867767334 613.8913588151336 2.621956706047058 0 30.17456810176373 0.8047932535409927 0 0 0 0 0 0 0 25.37733631581068 0 180.5226979628205 0 0 1.681756854057312 0.8012676239013672 7.81901178508997 6.715113587677479 0 0 1.419905677437782 0.1120767444372177 0.3470289409160614 62.7544791251421 82.47327145189047 161.9038362652063 0 0 0 14.8061143681407 0 0 0.2667013481259346 0 15.61247901618481 73.09917837381363 4.716350883245468 4.038782767951488 5.159334182739258 0 40.40688084810972 0
17.76719798147678 1737.680868081748 6244.392747230828 0.7004911229014397 0 2.269085817039013 94.02579200267792 19.03844970464706 8.734440311789513 3.54769205302 2978.853990465403 0.7307077497243881 1075.614628121257 44.22118410468102 0 71.31555589288473 3361.992232985795 2666.157506465912 5260.037519283593 0.4411673620343208 670.0831259340048 117.962853230536 2907.147600799799 49.37408670783043 1889.083741523325 26541.6307913661 16617.252701208 80.49229799211025 68.29718323051929 1266.137981012464 230.2722050175071 2.24989115446806 4.348635837435722 1165.841401152313 6.525150910019875 842.5697657987475 3630.387217402458 2887.556119658053 1276.428456053138 10.28756491094828 7.158682577311993 136.8567119985819 2.510556802153587 0 391.6874207481742 60.3478587642312 0 0 0 0.335931308567524 0.1365085989236832 0.2353269830346107 0 53.15572506934404 0 269.1176421567798 0.3162364661693573 0 1.756683669984341 7.946151427924633 75.28494591265917 67.04519406706095 0 0.1134089455008507 2.904057502746582 2.046062804758549 0.4345207437872887 200.7459562420845 1195.921793565154 1304.5321251899 1.289035588502884 0.1694436371326447 0.2233317792415619 80.84569885581732 0 0 8.796776376664639 0.7722836136817932 18.23512017726898 184.2821932807565 57.59547504782677 9.72203816473484 0.3934712707996368 0.1421613246202469 9.423742331564426 0.4250956922769547
6.390144728124142 7806.503208212554 6513.711234465241 0 0 1.13886396586895 43.58173012733459 7.540847942233086 51.65166581422091 2.318980749696493 1856.079137392342 0.3476812615990639 4873.666988685727 15.33145648986101 0 3615.128220170736 4352.771649591625 1423.772228077054 1982.349586620927 0.3691682443022728 1260.931962646544 2605.585437707603 6244.6347502321 956.1253292635083 4705.960238233209 16617.252701208 26871.67620607466 473.438077121973 18.87024646997452 549.8666826710105 896.8459253162146 2.559259250760078 2.820782355964184 3043.149645388126 84.76762310415506 4774.36381714046 10467.91625020653 6106.951777495444 3157.170531518757 112.5003648921847 10.4113254994154 112.8563771024346 26.35937032103539 0.4435119777917862 2257.410576671362 2722.165671624243 0 0 0 15.79836069047451 1.043957620859146 2.435564383864403 0.9801037907600403 62.55765460431576 0.1620009690523148 164.0906400606036 1.567703381180763 0 401.7882295027375 52.97491454333067 92.30633102357388 128.673131197691 0 57.85210159420967 913.6333596259356 1540.617601715028 11.67349530011415 186.5849437788129 2608.897362083197 7826.653717495501 24.09348521381617 1.712064765393734 8.037047483026981 59.13424431532621 0 0.132998988032341 56.06263969093561 34.31753002852201 356.477239869535 441.7793785259128 324.880048468709 161.5030006691813 6.185253530740738 1.656175315380096 9.5599320307374 0.9492872133851051
65.56188466399908 42.10544923692942 95.86757960915565 2089.866386823356 0.8992467522621155 467.6513185426593 16204.20194303989 410.1618688479066 1424.971204176545 2917.05529075861 13.75499542057514 782.6570618823171 28.63395029306412 278.3597402274609 16.70019475370646 1098.242593385279 26.56571670621634 1.972322642803192 3.768020503222942 1309.654555782676 5156.841298937798 376.4004786014557 2452.556460008025 10907.02169883251 16.31444042176008 80.49229799211025 473.438077121973 15841.69996924698 313.5713485404849 5656.83467207104 0.4129553586244583 12.6184142306447 191.6361881047487 1339.611953251064 134.860601760447 3769.71040853858 91.40484048426151 1447.324484363198 656.6519106626511 449.0912127643824 108.7329727709293 6.248584546148777 63.60854457318783 5.262088760733604 0.9690474942326546 8.746359467506409 28.73995868116617 0 12.090716406703 189.6389486715198 41.78453040868044 137.7190183103085 86.49297944456339 3.147807076573372 44.98113916069269 0.2082832753658295 66.37082132697105 2.807823441922665 117.3564644828439 5.22860462218523 0.2655479311943054 0.8559077680110931 41.1872997879982 94.87641302496195 23.99685540795326 58.29446685314178 726.9067131951451 0.4355275630950928 1.338059037923813 17.72159142792225 571.3875886499882 88.01335264742374 206.0944932177663 0.1558261662721634 2.033410713076591 5.594103440642357 66.64944689720869 27.61140693724155 193.9266754388809 10.50080468505621 114.8042323812842 32.59749906510115 45.69211752712727 5.802776195108891 2.957112148404121 5.011420674622059
4187.594751305878 6.411160953342915 20.81548044830561 21.5963474214077 21.95811162143946 598.805560015142 1519.978992640972 1514.196713350713 56.16805782169104 473.5698316991329 243.5944014042616 119.2299293279648 32.06106421351433 5888.714891031384 1.589635036885738 16.41096862405539 37.61398977786303 2.50410570949316 12.33168637752533 57.23961906135082 28.19772899150848 52.33456998318434 35.10317162424326 459.8038964346051 5.27794124931097 68.29718323051929 18.87024646997452 313.5713485404849 21391.35690417141 4642.234981320798 0.3293761536478996 1824.08595957607 3267.189837567508 3722.907737962902 63.67225382477045 1486.197237364948 62.33407784998417 1848.675352483988 371.5019515454769 402.7737458571792 158.9485792294145 6.84339950978756 21.49436643719673 0.4766171053051949 0.4161234050989151 1.510931491851807 0.1191905811429024 0 0 25.99305664747953 4.762868642807007 7.294261090457439 0.5711033344268799 0.3574573323130608 0.297508604824543 0.1088563278317451 11.58242844045162 0 19.29611486941576 0.7647391557693481 0 0 0.07149086892604828 8.661366529762745 2.966632768511772 10.3367313221097 61.6069373935461 0 0.5398538187146187 3.282739885151386 49.71750570088625 9.370452910661697 26.50892291218042 0 0 1.258513174951077 9.745879508554935 11.08102813363075 50.17975366860628 1.740731745958328 28.74393973499537 7.686723791062832 6.897431142628193 1.84477524459362 0 0.4042152464389801
