1032.760468833148 0 53.03167726844549 0.4291650578379631 0 26.03977304697037 3040.189976543188 1594.444729059935 0 3.031228885054588 3.879021391272545 0.1046073958277702 0.5057644098997116 4429.687877327204 0.1121220141649246 0.9277639761567116 146.1978966444731 1.281183741986752 24.55454275757074 0.6434982866048813 8.574443876743317 0 51.0065039768815 15.13341800123453 0 29.29848998039961 16.39112164080143 48.73379892855883 2101.440796777606 1710.996400646865 0.119878426194191 5.460160359740257 96.76373318582773 307.1635196954012 2.641866773366928 101.6772035434842 8.901556894183159 99.51734509319067 22.45522551983595 11.45163549482822 6.853978328406811 0.8827058374881744 0.9991914033889771 0 0 0 0 0 0 0.3000489324331284 0 0.3049924969673157 0 0 0 0 0 0 0.1784342527389526 0.137645959854126 0 0 0 0 0 0 4.252989813685417 0 0.4031165093183517 0.4870632812380791 1.743104010820389 0 0 0 0 0 0 0 0 0.08612892776727676 0 0 0 0 0 0
0 428.5910292565823 1.106196172535419 0.4533773362636566 0 0.1950260773301125 17.85081588476896 0.9696560204029083 376.8650673702359 0 218.4232524186373 0 580.6883850246668 0 0.7488284856081009 47.3687300235033 6.602611757814884 13.43764332681894 93.30128692090511 0.5876330211758614 2.041210293769836 2862.318279132247 2.133369997143745 883.5596355050802 1458.505866013467 103.8719710633159 4040.085511907935 18.10767014324665 0.357385478913784 0.9075945019721985 63.11085858941078 0 0 16.96256183087826 0 41.90235796570778 68.91133214533329 66.75242225825787 21.46428651362658 3.526188544929028 0 20.28474548459053 0 0 56.57953908294439 26.69687288999557 0 0 0 0.18105498701334 0.3414957523345947 14.13310001790524 0 2.966900646686554 0 10.67491799592972 0.2825059443712234 0 20.36261100322008 33.14933817088604 1.145332634449005 16.23436076194048 0 0.544966071844101 119.5503683537245 3.544230923056602 4.440033152699471 13.08691690117121 80.84149917215109 1077.575984984636 0 0.2653689458966255 0.1103493571281433 1.075781300663948 0 0 5.924700781702995 0.2993418052792549 20.36756261438131 19.53812970966101 37.62300255149603 6.58957651257515 0.7342028915882111 0 1.294031389057636 0
53.03167726844549 1.106196172535419 3791.797508075833 2.935232296586037 0 109.6609499529004 1098.546078033745 260.3760842978954 0 16.40281453728676 17.37649219483137 0.4717879444360733 4.757995449006557 177.7067305222154 0 11.29635840654373 7447.660189606249 40.46921025216579 633.1613822206855 1.275270774960518 594.5919844731688 13.21420618891716 8885.739854305983 16.11765226721764 0.8720940202474594 4616.959363035858 5946.77784794569 294.5080301836133 49.99471981450915 1099.502838216722 2.029868356883526 1.203267566859722 3.850732713937759 740.0248120874166 8.398895435035229 833.5035121887922 7790.625597722828 1278.520957641304 484.8775983378291 54.02261392772198 5.176451839506626 8.811246782541275 5.196418046951294 0 46.48356732726097 151.2833401858807 0 0 0 3.142280787229538 0.46277916431427 0.482332319021225 0 0.1783534288406372 0.1508790999650955 0 0.191971018910408 0 162.8130646049976 68.68016489595175 0.8967544883489609 8.989884860813618 0 2.16914676129818 158.2728615775704 90.90023270994425 13.09805199503899 0.7299467176198959 68.70651590079069 1842.72892524302 6.168961495161057 0 0.8192961364984512 0 0 0 28.61614211648703 1.54470032453537 74.3358703777194 36.62587737292051 93.35130444169044 20.10478800535202 0.2329277396202087 0 1.68147336691618 0.4646635949611664
0.4291650578379631 0.4533773362636566 2.935232296586037 3108.357162795961 0.1416090726852417 87.67382505536079 124.6878684908152 29.26951762288809 463.8582163229585 1764.264153175056 1.429754383862019 1376.528562873602 0.2504013627767563 8.482883557677269 7.787015222012997 0 0.9107521250844002 0.2434486746788025 0.5653395801782608 3028.360564433038 0.1006409749388695 0.6190958395600319 0.6653223484754562 1249.997220143676 0.07661793380975723 2.855326399207115 2.86503104865551 4175.140982322395 33.81534923613071 1.007137462496758 0 1.375759728252888 0.3462980464100838 17.55321574956179 0.3892957270145416 109.6859111785889 2.087503969669342 38.73799103498459 12.25037291646004 40.36741325259209 10.04403129220009 0.5277647152543068 1.251834228634834 0.1975331827998161 0 0 10.82886456698179 0 0.9539037793874741 9.510210759937763 1.904589354991913 54.98975998163223 22.5793644040823 0 18.88353469222784 0.5838165283203125 0.3161877989768982 0.3711331784725189 0.1556123793125153 0 0 0 15.54251021146774 0 0.1220197975635529 0 100.705527998507 0 0 0.6809085458517075 61.65323066711426 2.389181956648827 0 0 0 0.422746330499649 0.4792628064751625 0.450651228427887 4.827352911233902 0.3259977549314499 2.38018611073494 0.783365823328495 21.69498509168625 0 0 0
0 0 0 0.1416090726852417 22.18120600283146 96.43726715445518 0.1137812584638596 0.2643981873989105 18.3945896923542 0.3795706480741501 0 22.52597458660603 0 0 833.2334926277399 0 0.09597121924161911 0 0 0.1317444145679474 0 0 0 0 0 0 0 0 0.1428640931844711 0 0 231.2496794611216 0 1.275906920433044 0 1.108480364084244 0 2.499737590551376 1.340506926178932 630.5848165899515 35.13212698698044 0 0 0 0 0 0 0 0 0 0 0 0 0 0 0 0 0 0 0 0 0 0 0 0 0 0 0 0 0 0 0 0 0 0 0 0 0 0 0 0 0 0 0 0 0
26.03977304697037 0.1950260773301125 109.6609499529004 87.67382505536079 96.43726715445518 7715.62534224987 2521.505537711084 3734.457226268947 63.26847299188375 4258.657862573862 74.74834211170673 2582.919448681176 22.33758018910885 364.7753150835633 2166.339897327125 0.5577258914709091 115.1458708941936 21.45257967710495 29.98573786020279 1163.924974367023 12.3901055753231 0 53.88569418340921 179.8425438031554 0.483651727437973 105.4170634374022 50.53600354492664 1496.565575048327 597.4727100357413 74.84273235499859 2.770310193300247 305.1527430564165 6.335566602647305 558.0628824457526 20.59485870599747 314.4182165339589 41.11007473617792 417.4071071222425 39.10595116019249 3444.406710103154 341.5242595672607 16.42450714111328 15.55050035566092 0 0 0 1.678957156836987 0 0.4863472282886505 4.118921719491482 0 13.09587770700455 1.065737590193748 0 0.6024169623851776 0.1710857748985291 0.5719337314367294 0 0.3882192969322205 0 0 0.09869728237390518 0.2903396710753441 0 0.3330618143081665 0.458084762096405 43.8729825168848 0.1388667523860931 0.4759380966424942 1.801800362765789 23.23024786263704 0.1876393556594849 0.2657282650470734 0 0 0 0.1799091547727585 0.7033527791500092 3.142454490065575 0.749020591378212 0.3224730491638184 0.420676976442337 5.629821017384529 0 0.468323677778244 0
3040.189976543188 17.85081588476896 1098.546078033745 124.6878684908152 0.1137812584638596 2521.505537711084 14354.90646525472 4702.613317295909 181.0603180751204 1243.084792800248 29.33133562281728 17.94919251650572 5.660638507455587 3424.977731250226 0.5398470908403397 89.05728028714657 342.4958417788148 10.43396244198084 64.17649075388908 87.58121468871832 397.831945694983 32.83507873862982 846.7917136475444 4046.541411496699 1.98509169369936 373.054116897285 848.2981890067458 13512.29180072993 2031.306502312422 4637.105641804636 1.193858787417412 31.02959722280502 145.7659649774432 516.8856522813439 35.50372365117073 3466.517956256866 258.5810945034027 1284.310482516885 400.3021028414369 507.5657095313072 154.6054836139083 11.45361588150263 26.96458522230387 2.310944005846977 1.558197528123856 0.1719192415475845 11.02876845002174 0 2.126541569828987 55.0191692635417 9.288789264857769 144.9098613113165 17.95902729779482 0.6760291382670403 6.211001642048359 0 10.51939318329096 0 44.79860240221024 1.032937236130238 0.11273542791605 0.9437890723347664 15.06009314954281 8.245627753436565 9.61268450319767 4.140489593148232 829.104526899755 0 1.333810441195965 31.82803609967232 375.5802174806595 17.42389623075724 18.95461262017488 0 0 0.5368459522724152 8.707688838243484 0.411714032292366 55.40852209925652 0.9379323050379753 7.958668395876884 4.386410042643547 40.82154446840286 0 0.100471556186676 0.4666803181171417
1594.444729059935 0.9696560204029083 260.3760842978954 29.26951762288809 0.2643981873989105 3734.457226268947 4702.613317295909 8316.858884770423 2.613774679601192 1940.193166688085 77.55537562072277 103.5216889679432 16.64862927049398 6011.343491308391 25.44724503904581 3.232045628130436 828.8340105526149 22.08033725619316 119.4709969162941 193.6817085519433 53.3661895096302 0.7081412374973297 252.5092307776213 194.7417209148407 0.6405221447348595 202.5070605650544 117.2172542735934 338.3621661663055 1203.8415565826 1525.055843643844 2.829575762152672 346.7579151764512 16.15338140726089 912.9093621969223 6.253163009881973 226.9198481030762 55.79967326298356 373.9677825719118 49.25102385878563 693.0179370343685 143.0062158256769 11.92288246005774 10.92456934601068 0.1908737868070602 0 0.1630876660346985 0 0 0 4.507384717464447 0 3.185973525047302 0.2727285325527191 0 0 0 0.5190505981445312 0 3.341587588191032 0 0 0.09145123511552811 0.5094733610749245 0.5499561503529549 0.4760544002056122 0.4598563238978386 42.57421746104956 0.1883094757795334 1.183686077594757 2.960309408605099 15.63853187859058 1.056149303913116 1.998515918850899 0 0 0 0.2335640341043472 0 4.640328869223595 0.3592376708984375 0.6491165459156036 0 0.5357703566551208 0 0.2347483932971954 0
0 376.8650673702359 0 463.8582163229585 18.3945896923542 63.26847299188375 181.0603180751204 2.613774679601192 322.5463256090879 74.50693031400442 5.456988655030727 320.6082924380898 14.20740897208452 0.702154740691185 600.2970827817917 45.18372413516045 0.7714617699384689 1.785329736769199 1.943757280707359 759.5171895250678 0.1715652197599411 1780.669669814408 2.310258343815804 11411.38581065089 64.81400099396706 4.301955685019493 241.3032977879047 799.0178283005953 1.259001836180687 0.2039407640695572 4.690443009138107 1.562950894236565 0 3.782856442034245 0 46.70614295452833 1.215854063630104 3.356362380087376 0.5805772915482521 206.2278902828693 0 0.2959554344415665 0 2.335334554314613 223.4058876484632 0 60.29524346441031 0 7.438091956079006 60.24060068279505 15.35338831692934 289.9275321513414 42.72349235415459 0.9577254578471184 82.73302617669106 0.9248213022947311 7.967240758240223 3.189814180135727 242.7612565159798 0.5552610158920288 0.2218193560838699 0.2123271301388741 63.69102384150028 8.488998800516129 141.443362057209 4.764506541192532 1669.644834563136 13.01409849524498 1.087584838271141 11.35801336914301 458.4147083982825 9.780100807547569 11.5762734413147 0 0 0.2607748731970787 12.0975956171751 0.8774868845939636 57.56313402205706 0.775000236928463 15.50297313183546 4.120141543447971 160.8225856199861 4.024924889206886 0 0
3.031228885054588 0 16.40281453728676 1764.264153175056 0.3795706480741501 4258.657862573862 1243.084792800248 1940.193166688085 74.50693031400442 16297.02904500067 31.44868996739388 2349.59323925525 5.703208424150944 438.8907423131168 22.59683562070131 0.2253856211900711 9.420684739947319 10.40424732118845 7.920590244233608 2764.548909507692 1.715548902750015 0.747906394302845 7.305975139141083 736.4053110852838 0.4354657977819443 18.55186118930578 24.59990674257278 6519.092141613364 452.5525431260467 7.111318230628967 0.784446120262146 26.15863109380007 2.095799684524536 279.2711966559291 8.39746481180191 509.0441044867039 19.44078649580479 507.2769846022129 66.01973490417004 696.995391190052 112.2203554883599 8.403263419866562 10.7467207685113 0 0 0 3.403805255889893 0 0 5.420345559716225 0.3208292424678802 19.09906644374132 2.878294311463833 0 2.084483221173286 0 0.1315181106328964 0.1295186132192612 0.1402973234653473 0.08961236476898193 0 0 5.627309083938599 0 0 0 56.02888693660498 0 0.4723591133952141 0.9990794137120247 30.57218555361032 0.6510896757245064 0 0 0 0.1111504659056664 1.02270919829607 0.395247183740139 3.603398114442825 0 1.110091373324394 0 10.65634141862392 0.4970052242279053 0.09265352785587311 0
3.879021391272545 218.4232524186373 17.37649219483137 1.429754383862019 0 74.74834211170673 29.33133562281728 77.55537562072277 5.456988655030727 31.44868996739388 8907.759301267564 9.222331009805202 1555.260689418763 18.90101729333401 1.612668737769127 1.406257532536983 116.5591113753617 1570.849959351122 1262.953709237278 18.34617114812136 6.177627444267273 41.75951229780912 21.26324058324099 18.30877648293972 812.5686471760273 1075.041983321309 610.9354989379644 9.891835525631905 92.06805416196585 11.33112008869648 201.9840730428696 7.403317343443632 4.170814543962479 4848.556049205363 10.64570274204016 306.0574478060007 4594.702528342605 4140.0272102952 746.4822052493691 120.8006745204329 125.7679216936231 1344.314099602401 5.697379015386105 0 20.88571378588676 0 0 0 0 0 0 0.2128069400787354 0 148.6578684151173 0 589.2723772600293 0 0 0.09756878018379211 0.3092794567346573 55.8410381898284 3.661578141152859 0 0 0.4755299687385559 0.1479457318782806 0.9736277088522911 127.3261515423656 122.5229533612728 269.3142062723637 0 0 0 48.83355354517698 0 0 1.332753762602806 4.324928469955921 13.26565522700548 289.6817012131214 3.221014611423016 0.4434580504894257 0.2862813770771027 0.7816398143768311 106.7599087357521 0.3194336369633675
0.1046073958277702 0 0.4717879444360733 1376.528562873602 22.52597458660603 2582.919448681176 17.94919251650572 103.5216889679432 320.6082924380898 2349.59323925525 9.222331009805202 4761.687120914459 2.399258069694042 22.54390127211809 781.0209148749709 0 0.2610251754522324 2.322117298841476 1.676368795335293 7394.522063352168 0 0 0.08271683007478714 193.5467069223523 0.09565740823745728 2.386503323912621 2.366796143352985 280.1824493035674 93.47270994633436 0.06600997596979141 0.1626153737306595 7.309067532420158 0 73.71756049245596 0.3090183585882187 1351.770235285163 2.960012078285217 104.5509695410728 5.162806496024132 1267.163484282792 36.81789012998343 4.651234619319439 1.5269865244627 0.3192406594753265 0 0 30.80632571876049 0 3.556170120835304 26.63680654019117 3.763842344284058 74.44872001558542 40.54805938154459 0.5102173089981079 62.06713932007551 2.353936195373535 2.903813123703003 1.473676681518555 0 0 0 0 31.87868691980839 0 0 0 175.9425425827503 0 0.08928891271352768 0.3585590496659279 128.8196869045496 3.02442292869091 1.054610371589661 0 0 0 2.971452131867409 0 9.795229986310005 0 3.606288105249405 0 178.0949937850237 0 0.08763789385557175 0.4653292000293732
0.5057644098997116 580.6883850246668 4.757995449006557 0.2504013627767563 0 22.33758018910885 5.660638507455587 16.64862927049398 14.20740897208452 5.703208424150944 1555.260689418763 2.399258069694042 1564.637020014226 1.997679017484188 0.7620342224836349 3.131230399012566 2.138388112187386 19.06989020109177 7.281008861958981 2.580790668725967 1.201057396829128 163.5506685376167 5.237076342105865 68.98639018088579 4397.144670695066 130.6353569105268 1450.68208861351 3.197040088474751 7.757906518876553 0.3916809149086475 283.9821001887321 10.09051146358252 0.4099783226847649 228.4330116435885 54.23926612734795 1875.399542413652 4972.13199686259 2860.138679631054 383.6177973747253 251.149384342134 233.6902063935995 904.2581346556544 4.306860148906708 0 44.30085125565529 0 0 0 0 0.0869874432682991 0.3851738795638084 0.2840252742171288 0 272.6821739450097 0 1307.706183508039 0 0 0 0.08851918578147888 168.6497260183096 5.622286468744278 0 0 1.169195391237736 0 0.1814485937356949 275.5155359208584 314.9917239770293 670.0705480203032 0.6531299352645874 0 0 142.6594600826502 0 0 3.722718968987465 25.7788143530488 139.4479787275195 540.5039177909493 14.33827768266201 3.81995590031147 9.20914725959301 1.59924128651619 117.299415640533 0.1744018197059631
4429.687877327204 0 177.7067305222154 8.482883557677269 0 364.7753150835633 3424.977731250226 6011.343491308391 0.702154740691185 438.8907423131168 18.90101729333401 22.54390127211809 1.997679017484188 6599.574795171618 2.962171263992786 1.214016072452068 403.1667126752436 9.144351825118065 58.17815355956554 52.65984611958265 30.2834253385663 0 130.2750395610929 82.23471285402775 0.2890914902091026 103.2773695364594 54.77666821330786 121.8002744913101 4019.40072214976 1320.688375912607 0.7763758078217506 39.26261411234736 24.30456797778606 448.283585652709 2.033175460994244 126.886768437922 26.16577232629061 194.4743156656623 27.55918368697166 136.866886626929 30.99547155946493 2.719879858195782 2.733748383820057 0 0.1099297925829887 0.2085512578487396 0 0 0 0.2153176218271255 0 3.134811908006668 0 0 0.09229265153408051 0 0 0 0.8911840543150902 0 0 0 0.09746664762496948 0.5577759742736816 0.1152058020234108 0 9.811777196824551 0 0.5823306664824486 1.7614581361413 5.378376916050911 0 1.560604244470596 0 0 0 0 0 0.382911428809166 0.1947364509105682 0.1145332083106041 0 0.2136620432138443 0 0.1380747854709625 0
0.1121220141649246 0.7488284856081009 0 7.787015222012997 833.2334926277399 2166.339897327125 0.5398470908403397 25.44724503904581 600.2970827817917 22.59683562070131 1.612668737769127 781.0209148749709 0.7620342224836349 2.962171263992786 451.0690710693598 0 0.1489354819059372 0.4426541551947594 0 27.18534145504236 0 4.605749770998955 0 107.0084154754877 0.1557315587997437 0.287173792719841 0.4221072047948837 6.355755031108856 9.243572004139423 0.1008651331067085 0 429.9231499135494 0 10.10636158287525 0 452.4934161156416 0 5.386075735092163 0.3331884294748306 1697.813737682998 5.38266845792532 0.2147127389907837 0 0 0 0 0.4065853729844093 0 0 0 0 0.231197252869606 0.3618367463350296 0.3138208389282227 2.026614457368851 0 0.1020574942231178 0 0.7723141610622406 0 0 0 0.6739238202571869 0 0 0 9.270974412560463 0 0 0 4.423600919544697 0 0 0 0 0 0.497465580701828 0 0 0 0 0 11.16858448088169 0 0 0
0.9277639761567116 47.3687300235033 11.29635840654373 0 0 0.5577258914709091 89.05728028714657 3.232045628130436 45.18372413516045 0.2253856211900711 1.406257532536983 0 3.131230399012566 1.214016072452068 0 3998.79524768889 22.86541853100061 0.3507018908858299 3.124834984540939 0.1617926210165024 1708.455481112003 741.287173576653 3211.19897338748 3402.600772477686 3.758119851350784 2.414243392646313 3140.046897925436 1635.938069157302 23.47181589156389 85.58297006040812 0.261906623840332 0 24.45249517261982 265.8194292038679 43.76437173783779 3260.19806881994 883.522329442203 984.0963525846601 1003.555788300931 207.8221707642078 8.41838925331831 3.177561104297638 35.38175498694181 1.05884425342083 7.81728533655405 28.1177074983716 0 0 0 20.3774471282959 5.063623070716858 168.5141200572252 2.107382521033287 0.3595441579818726 0 0.1788818687200546 2.189157776534557 0 5295.166355997324 11.44155039638281 0.3026914894580841 4.118169054389 0 323.1279231384397 611.1445530503988 584.3453553169966 385.0114647820592 0 2.179482258856297 341.7140616104007 238.9136711806059 3.737198419868946 170.7210882157087 0 0 0.8560192734003067 28.50244487076998 3.084950320422649 657.6024977862835 9.501423105597496 19.18206606060266 6.008429154753685 0.4687949120998383 0.2903408408164978 0 0.2272787988185883
146.1978966444731 6.602611757814884 7447.660189606249 0.9107521250844002 0.09597121924161911 115.1458708941936 342.4958417788148 828.8340105526149 0.7714617699384689 9.420684739947319 116.5591113753617 0.2610251754522324 2.138388112187386 403.1667126752436 0.1489354819059372 22.86541853100061 1766.414818160236 146.4763442315161 1895.168396748602 1.581109374761581 856.6291962042451 1.949753649532795 4282.679718308151 12.00683189183474 8.387600272893906 2990.930402409285 4749.986553691328 62.99392506480217 342.314945615828 1568.737758427858 1.270556770265102 4.193019639700651 15.62015353143215 1257.524609170854 3.742685474455357 258.8437441959977 2168.029398411512 440.9634145945311 139.2406690791249 22.73928216844797 6.114695519208908 9.286560364067554 1.999137721955776 0 9.047420270740986 18.73938697576523 0 0 0 0 0 0.1230628490447998 0 0 0 0.3081515282392502 0 0 3.712367080152035 14.58182718604803 0.4352889657020569 8.292059883475304 0 0.2964573204517365 5.16665706038475 1.385003224015236 1.043297611176968 1.261524692177773 36.88442775607109 181.8454776480794 0.7941582351922989 0 0.6308227181434631 0.09329493343830109 0 0 1.87642939388752 0.1082745566964149 6.169387467205524 12.91320119798183 12.66241337358952 2.306682974100113 0 0 0 0
1.281183741986752 13.43764332681894 40.46921025216579 0.2434486746788025 0 21.45257967710495 10.43396244198084 22.08033725619316 1.785329736769199 10.40424732118845 1570.849959351122 2.322117298841476 19.06989020109177 9.144351825118065 0.4426541551947594 0.3507018908858299 146.4763442315161 159.5275887921453 2644.689038358629 6.731439493596554 2.481773123145103 4.451636329293251 20.27495557814837 4.735788851976395 54.56951808929443 2140.537503048778 633.4423153400421 4.285313844680786 28.01761412993073 7.555010706186295 98.1650160625577 1.418590798974037 1.014454744756222 963.5006269440055 1.884910352528095 332.8447888493538 797.4950981810689 1032.051471941173 439.4184083789587 35.17585436999798 3.505282290279865 9.623377837240696 1.942891612648964 0 8.0562759116292 0.4474119320511818 0 0 0 0 0 0.2561887204647064 0 5.461981952190399 0 40.1939504519105 0 0 0.20328538864851 0.8323240801692009 47.0174540951848 21.48871917277575 0 0 0.4349094778299332 0.3657655119895935 0.3240525424480438 22.69356949627399 178.6306943744421 270.8631879463792 0 0 0 14.99495363235474 0 0 0.719395138323307 0.7566260248422623 4.974000543355942 120.0769114717841 4.423770144581795 1.326103784143925 0.1234391108155251 0 0.7307159677147865 0
24.55454275757074 93.30128692090511 633.1613822206855 0.5653395801782608 0 29.98573786020279 64.17649075388908 119.4709969162941 1.943757280707359 7.920590244233608 1262.953709237278 1.676368795335293 7.281008861958981 58.17815355956554 0 3.124834984540939 1895.168396748602 2644.689038358629 2428.124166958034 2.234342701733112 34.64140698313713 9.122447311878204 660.2220745161176 8.803808011114597 232.0268333032727 7386.534294009209 2787.423374995589 7.137305252254009 72.69634786248207 126.725683234632 38.17572885751724 1.509899117052555 2.222938023507595 2585.106171168387 3.123411826789379 354.8009703084826 1772.05626745522 1154.98467977345 382.4560084939003 31.67084985226393 1.381650097668171 7.672296054661274 1.793369807302952 0.1477794945240021 50.10580936819315 7.909471988677979 0 0 0 0.3037491366267204 0.2715477496385574 0 0 1.604918695986271 0 5.638261243700981 0.3647491112351418 0 1.274633042514324 29.40525770932436 22.28506375104189 75.92054250836372 0 0.8098245933651924 1.058470845222473 1.6444461196661 1.079539872705936 16.26490940898657 325.8123839497566 611.833174303174 0 0.1638394445180893 0.1008661687374115 3.477297000586987 0 0 4.025053732097149 0 22.1944562792778 91.06796149909496 39.84209385514259 8.052898429334164 0.1711784452199936 0 0.8431072607636452 0
0.6434982866048813 0.5876330211758614 1.275270774960518 3028.360564433038 0.1317444145679474 1163.924974367023 87.58121468871832 193.6817085519433 759.5171895250678 2764.548909507692 18.34617114812136 7394.522063352168 2.580790668725967 52.65984611958265 27.18534145504236 0.1617926210165024 1.581109374761581 6.731439493596554 2.234342701733112 1318.884794458747 0.4157438278198242 0.6303453892469406 1.342450827360153 1032.92829220742 0.4572860971093178 5.244701445102692 5.713391594588757 1552.406672626734 225.8958385661244 1.653701283037663 1.032214432954788 9.227843381464481 1.15853837877512 126.0661967471242 4.633966006338596 384.2173211872578 11.54569221287966 274.787102304399 48.12528888136148 492.1975463032722 58.24401753395796 5.362510785460472 5.941930025815964 0 0.07776815444231033 0 10.73563962429762 1.141963005065918 2.489216603338718 9.330383956432343 2.243611060082912 57.07981404662132 7.398226879537106 0.762403130531311 13.24408520013094 0 2.719327487051487 1.387131720781326 0 0 0 0 12.98009770363569 0 0.7147935032844543 0 113.5420505777001 0 0 0.284404844045639 68.45856349915266 0.7452211081981659 0.1943261474370956 0.111395351588726 0.2447492182254791 0 0.9997701719403267 0 8.091880612075329 0 1.058127731084824 0 41.01335699111223 0.4809117913246155 0.3486115783452988 0.1075130999088287
8.574443876743317 2.041210293769836 594.5919844731688 0.1006409749388695 0 12.3901055753231 397.831945694983 53.3661895096302 0.1715652197599411 1.715548902750015 6.177627444267273 0 1.201057396829128 30.2834253385663 0 1708.455481112003 856.6291962042451 2.481773123145103 34.64140698313713 0.4157438278198242 10784.6050754413 4.422019124031067 15481.3518172726 158.4519967138767 0 26.50292345881462 686.8686913028359 3713.976952426136 51.47983590513468 8054.500558793545 0 0.6435744091868401 52.93236774206161 2863.97631085664 62.95789186656475 4108.624057754874 1346.684402056038 3399.266155600548 1655.187594793737 243.9336834102869 16.4359347447753 2.416199013590813 53.10440592467785 0 0.1298827975988388 2.504786849021912 0 0 0 4.005310893058777 1.516279637813568 6.42859610915184 0.1317510008811951 0 0 0 0.4204453825950623 0 225.5183543562889 1.10383628308773 0.4068922400474548 0.7432889491319656 0 44.30889391899109 4.809658482670784 12.32808722555637 74.22166789323092 0 0.5306055545806885 8.041557274758816 36.36563652008772 1.806123197078705 21.89002164453268 0 0 1.917981266975403 4.369620487093925 2.215588144958019 9.177598431706429 0.6219047456979752 1.497782543301582 0.7019269168376923 0.1504957377910614 0 0 0
0 2862.318279132247 13.21420618891716 0.6190958395600319 0 0 32.83507873862982 0.7081412374973297 1780.669669814408 0.747906394302845 41.75951229780912 0 163.5506685376167 0 4.605749770998955 741.287173576653 1.949753649532795 4.451636329293251 9.122447311878204 0.6303453892469406 4.422019124031067 2085.306772433221 12.83287693560123 7365.344242408872 529.5391684100032 39.54168500751257 2359.400617867708 78.96830471605062 0.2057527527213097 0.266544982790947 31.41606505960226 0 0.3619697391986847 6.219532735645771 0 16.19878553599119 16.66189721226692 16.01361958682537 7.283344134688377 4.043917968869209 0 3.007340490818024 0 0 141.736013032496 5.428108498454094 0 0 0 0.943833202123642 0.2028661519289017 96.62110041081905 0 0.5503849685192108 0 3.614028245210648 0.5145356208086014 0 1067.855862788856 3.101184777915478 0.7275972962379456 0.8949248716235161 0 16.07025451958179 366.9773085787892 119.1789749413729 64.62073004245758 9.986785978078842 7.283521518111229 504.0187432095408 19.27263698726892 0.5486198365688324 9.366908490657806 0.103514589369297 0 0 1.739127770066261 0.639525830745697 66.2161803022027 6.853960424661636 7.278446167707443 0.7330590337514877 0.2078179717063904 0 1.445210993289948 0
51.0065039768815 2.133369997143745 8885.739854305983 0.6653223484754562 0 53.88569418340921 846.7917136475444 252.5092307776213 2.310258343815804 7.305975139141083 21.26324058324099 0.08271683007478714 5.237076342105865 130.2750395610929 0 3211.19897338748 4282.679718308151 20.27495557814837 660.2220745161176 1.342450827360153 15481.3518172726 12.83287693560123 15921.1493056044 300.9843070134521 0.7155918329954147 996.8855760470033 10219.70496250689 2704.06230224669 97.42681716009974 5429.568686529994 0.4824477955698967 1.178463146090508 13.78667439520359 3329.135254316032 96.25136703252792 5844.443067878485 7048.61887063086 5840.291098423302 4038.284895904362 577.5320003554225 36.07758285105228 11.76809568703175 81.82036177814007 0 0.3624389618635178 4.591773882508278 0 0 0 2.687782362103462 0.939837172627449 2.74421302229166 0.2343051582574844 0 0 3.508852303028107 0 0 664.7579915151 1.939510338008404 0.3330009877681732 0.9252297207713127 0 14.9510066062212 93.08555532991886 111.2205172628164 18.10859098285437 0 2.448174424469471 266.6128565892577 10.09582144021988 0 6.461362436413765 0 0 0 2.06558333337307 2.077018693089485 77.66545449197292 3.785037644207478 9.214910164475441 2.990861743688583 0.763598620891571 0 0 0
15.13341800123453 883.5596355050802 16.11765226721764 1249.997220143676 0 179.8425438031554 4046.541411496699 194.7417209148407 11411.38581065089 736.4053110852838 18.30877648293972 193.5467069223523 68.98639018088579 82.23471285402775 107.0084154754877 3402.600772477686 12.00683189183474 4.735788851976395 8.803808011114597 1032.92829220742 158.4519967138767 7365.344242408872 300.9843070134521 5730.410194858909 168.2602072507143 32.76099873334169 3720.54893860966 7843.536567769945 345.5365333929658 76.24394103884697 16.46418463438749 4.507973253726959 99.16516289114952 232.6058798581362 19.26032362878323 2813.22482150048 139.9115497693419 528.2141431048512 210.7654136866331 254.5882757529616 42.01025108247995 14.07290875166655 17.94654677063227 18.77499611675739 35.33518385887146 8.347965635359287 123.6533859297633 0 16.31795625388622 267.9904744550586 36.86891178786755 1794.771410763264 120.884912610054 3.271093793213367 163.0380886718631 11.89111164212227 60.40161488950253 15.70815470814705 668.3964775279164 10.1759581938386 2.218842469155788 2.375735469162464 132.7249886542559 108.9946953654289 86.78880662471056 38.91058386862278 5329.040559723973 1.739508427679539 7.226828046143055 74.02683717757463 2143.884390719235 91.33502517640591 181.0461296364665 0.259448803961277 0.7251027002930641 6.884132541716099 45.803939640522 2.83066251128912 295.7456152737141 5.335809424519539 59.35628616064787 14.52490306645632 457.7973778769374 7.894800581037998 4.081646278500557 2.819225013256073
0 1458.505866013467 0.8720940202474594 0.07661793380975723 0 0.483651727437973 1.98509169369936 0.6405221447348595 64.81400099396706 0.4354657977819443 812.5686471760273 0.09565740823745728 4397.144670695066 0.2890914902091026 0.1557315587997437 3.758119851350784 8.387600272893906 54.56951808929443 232.0268333032727 0.4572860971093178 0 529.5391684100032 0.7155918329954147 168.2602072507143 411.9101224169135 359.6765632778406 3262.17766007781 3.381781004369259 1.088791608810425 0.2141398042440414 200.9126944616437 0.3766797557473183 0 60.59199279546738 0.1980149894952774 99.08304268866777 403.6431189775467 384.2284855246544 70.62132696062326 5.100245580077171 4.092362776398659 233.6744453907013 0.2159137576818466 0 173.1860855519772 0.8576867133378983 0 0 0 0.3051733672618866 0 0.1166515424847603 0 143.643957644701 0 633.3543415144086 0 0 1.117835521697998 2.880596630275249 23.14841206371784 11.39649024605751 0 0 5.718373365700245 0.4284714609384537 0.07593961805105209 159.6615072861314 196.9715469405055 555.3644390031695 0.1150618717074394 0.3024658858776093 0 19.24396208673716 0.08145454525947571 0 1.768187798559666 0 8.335026882588863 82.7427319958806 10.25085589289665 2.016030289232731 0 0 12.37859483063221 0
29.29848998039961 103.8719710633159 4616.959363035858 2.855326399207115 0 105.4170634374022 373.054116897285 202.5070605650544 4.301955685019493 18.55186118930578 1075.041983321309 2.386503323912621 130.6353569105268 103.2773695364594 0.287173792719841 2.414243392646313 2990.930402409285 2140.537503048778 7386.534294009209 5.244701445102692 26.50292345881462 39.54168500751257 996.8855760470033 32.76099873334169 359.6765632778406 22965.61085567996 10114.68659301847 33.76504896581173 59.65805663913488 217.5256495848298 1109.570054426789 3.839390054345131 1.768798239529133 1425.938968613744 8.204051844775677 1232.708131089807 5540.638600073755 2532.937629327178 972.538025893271 83.31727410107851 7.147535517811775 27.63807086646557 3.383828952908516 0.4445418044924736 139.1344525963068 72.72045661509037 0 0 0 0.8073464781045914 0.521899588406086 0.625355027616024 0.09954079985618591 21.85899870097637 0 143.4460934922099 0.9648037925362587 0 2.702030047774315 183.5866714194417 131.5765111967921 206.4594906568527 0 0.8814807236194611 5.536424480378628 4.020631678402424 3.016658574342728 125.7436221316457 1134.220805123448 2320.269176997244 0.6981557458639145 0.3345655426383018 0.6778587624430656 33.51370506733656 0 0 30.61056017875671 1.498178705573082 111.7247049510479 442.0956526473165 175.8848930820823 39.76382926851511 2.948466219007969 0.2657449245452881 3.190745115280151 0
16.39112164080143 4040.085511907935 5946.77784794569 2.86503104865551 0 50.53600354492664 848.2981890067458 117.2172542735934 241.3032977879047 24.59990674257278 610.9354989379644 2.366796143352985 1450.68208861351 54.77666821330786 0.4221072047948837 3140.046897925436 4749.986553691328 633.4423153400421 2787.423374995589 5.713391594588757 686.8686913028359 2359.400617867708 10219.70496250689 3720.54893860966 3262.17766007781 10114.68659301847 27344.49413002282 1142.5397593081 63.38654226064682 180.2850351184607 1202.588193692267 1.626846790313721 10.34409452974796 4510.763241056353 121.527783177793 6957.778524026275 5774.445249900222 10356.15428564698 4347.364875979722 434.4522145390511 23.26588875055313 29.18918459862471 45.99061699956656 1.507765635848045 2134.414196245372 684.1621837764978 0 0 0.7752131298184395 14.27990278601646 6.115564413368702 7.994576826691628 0.6059027314186096 41.40204554051161 0 246.8058769777417 6.263915605843067 0.07889816910028458 2584.572761878371 614.8834799453616 235.3781352490187 601.3312799409032 0 34.73568189144135 2249.062558457255 755.5970065295696 138.3712491542101 389.0852092579007 3050.602767430246 16222.43892550468 48.36345060914755 2.236366935074329 6.760318525135517 57.680284909904 0.07978662848472595 0 154.3142433315516 13.70382982492447 739.544569209218 840.0508069470525 711.3008367344737 178.0997899621725 19.94956267625093 0.9323858544230461 12.69715595245361 3.937553904950619
48.73379892855883 18.10767014324665 294.5080301836133 4175.140982322395 0 1496.565575048327 13512.29180072993 338.3621661663055 799.0178283005953 6519.092141613364 9.891835525631905 280.1824493035674 3.197040088474751 121.8002744913101 6.355755031108856 1635.938069157302 62.99392506480217 4.285313844680786 7.137305252254009 1552.406672626734 3713.976952426136 78.96830471605062 2704.06230224669 7843.536567769945 3.381781004369259 33.76504896581173 1142.5397593081 14650.92658630013 744.4070991948247 7145.819449104369 0.5419731438159943 11.29569067060947 340.5901676490903 1029.478406563401 52.14442672580481 3254.092076815665 149.7413992807269 1637.339048758149 586.0164892375469 313.2445513904095 68.74325818568468 7.572749696671963 29.65165673941374 6.841502450406551 2.211430132389069 2.083759933710098 30.32898911088705 0 3.873365812003613 70.95547168701887 14.27272359281778 300.3243121281266 16.44371365755796 0.2425849661231041 15.45271738618612 0 16.09819282591343 1.931420236825943 215.2221965789795 4.139851503074169 0.4225296080112457 1.958485335111618 19.36116083711386 46.95135026425123 13.38621890544891 12.75484091043472 1349.901928246021 0 0.9612316712737083 18.02677482366562 600.9887908101082 29.53447586297989 62.78969624638557 0 0.4154416918754578 1.690546460449696 15.36286850273609 2.769342333078384 73.35804087668657 1.05476825684309 16.57623738050461 6.355053551495075 75.66426429152489 0.4016255736351013 0.3055048733949661 0.1405407041311264
2101.440796777606 0.357385478913784 49.99471981450915 33.81534923613071 0.1428640931844711 597.4727100357413 2031.306502312422 1203.8415565826 1.259001836180687 452.5525431260467 92.06805416196585 93.47270994633436 7.757906518876553 4019.40072214976 9.243572004139423 23.47181589156389 342.314945615828 28.01761412993073 72.69634786248207 225.8958385661244 51.47983590513468 0.2057527527213097 97.42681716009974 345.5365333929658 1.088791608810425 59.65805663913488 63.38654226064682 744.4070991948247 13574.87143566459 4562.072835750878 2.272785998880863 1345.585022173822 3205.516493462026 6775.566463157535 4.947530522942543 202.9342239797115 83.4701404646039 1891.180075868964 355.5701901093125 448.5291184186935 227.7192761078477 6.241958737373352 4.296170473098755 0 0.499999888241291 0.09007053822278976 0 0 0 1.162801712751389 0.2197581082582474 2.415264323353767 0.1695510149002075 0 0 0.09136790037155151 0.2422399669885635 0 4.213919132947922 0.1522289216518402 0.2841638475656509 0.1184322610497475 0.4440759569406509 0.1199613809585571 0.1465130597352982 0 22.82151509821415 0.1724525392055511 1.872796773910522 1.728305906057358 12.55880673229694 0.1247313693165779 0.4022355675697327 0 0 0 0 0.3920450732111931 2.655102238059044 0 0.2403501570224762 0.08815140277147293 0.2293779104948044 0 0 0
1710.996400646865 0.9075945019721985 1099.502838216722 1.007137462496758 0 74.84273235499859 4637.105641804636 1525.055843643844 0.2039407640695572 7.111318230628967 11.33112008869648 0.06600997596979141 0.3916809149086475 1320.688375912607 0.1008651331067085 85.58297006040812 1568.737758427858 7.555010706186295 126.725683234632 1.653701283037663 8054.500558793545 0.266544982790947 5429.568686529994 76.24394103884697 0.2141398042440414 217.5256495848298 180.2850351184607 7145.819449104369 4562.072835750878 11881.93157404661 0.5834702551364899 8.512355320155621 676.2251476198435 1048.739096827805 18.64525551348925 1815.499349631369 770.4366129115224 951.1839155107737 299.3076772987843 54.4005431458354 24.82099281251431 2.882123902440071 11.98953150957823 0 0.3877004235982895 1.207504272460938 0 0 0.07165078073740005 0 0 1.330966174602509 0 0 0 0 0 0 67.03027002513409 0 0 0.5469997674226761 0 10.21738636493683 1.876600220799446 4.637357890605927 19.67906020581722 0 0.911718837916851 13.16211944073439 9.28150536864996 0.6030789613723755 3.674546837806702 0 0 0.2496946156024933 0.1433516889810562 0.1251434981822968 8.863481462001801 0.1073206961154938 0.1231242939829826 0 0 0 0 0
0.119878426194191 63.11085858941078 2.029868356883526 0 0 2.770310193300247 1.193858787417412 2.829575762152672 4.690443009138107 0.784446120262146 201.9840730428696 0.1626153737306595 283.9821001887321 0.7763758078217506 0 0.261906623840332 1.270556770265102 98.1650160625577 38.17572885751724 1.032214432954788 0 31.41606505960226 0.4824477955698967 16.46418463438749 200.9126944616437 1109.570054426789 1202.588193692267 0.5419731438159943 2.272785998880863 0.5834702551364899 175.0454236343503 0.2335467636585236 0 84.22960649430752 0.7636832296848297 70.47978866845369 448.109667532146 204.8208772987127 97.05018468946218 4.002852499485016 0.9393073692917824 11.70953729748726 0.1018147692084312 0 11.26781246811152 0 0 0 0 0 0 0 0 24.06598564237356 0 163.6080104336143 0 0 0 0.4754501506686211 72.00056028366089 9.518895946443081 0 0 0.9556197747588158 0 0.2824693024158478 52.57231032848358 165.1219314038754 332.3187106847763 0 0 0 29.20704154670238 0 0 0.08273385465145111 0.4938074499368668 2.525885388255119 117.3513636216521 4.60935366153717 0.09327426552772522 0.2268039733171463 0 3.079665802419186 0
5.460160359740257 0 1.203267566859722 1.375759728252888 231.2496794611216 305.1527430564165 31.02959722280502 346.7579151764512 1.562950894236565 26.15863109380007 7.403317343443632 7.309067532420158 10.09051146358252 39.26261411234736 429.9231499135494 0 4.193019639700651 1.418590798974037 1.509899117052555 9.227843381464481 0.6435744091868401 0 1.178463146090508 4.507973253726959 0.3766797557473183 3.839390054345131 1.626846790313721 11.29569067060947 1345.585022173822 8.512355320155621 0.2335467636585236 0.9066871628165245 2.310908585786819 1580.507677681744 10.55516447871923 76.85894484817982 4.248899273574352 133.967355646193 16.10300032794476 912.8615580573678 964.7623563557863 10.42216628789902 11.01423668861389 0 0.1010888516902924 0 0 0 0 0 0 0 0 0 0 0 0 0 0 0 0 0 0 0 0 0 0 0 0 0 1.226374253630638 0 0 0 0 0 0 0 0.2522367388010025 0.7518287748098373 0 0 0 0 0.4664152637124062 0
