1420.305294968188 0.131697952747345 61.21804511547089 2.866614297032356 0.1346077173948288 20.2860044464469 1117.413128688931 493.3388294056058 9.225430369377136 75.63636301457882 10.75880552083254 4.063901230692863 1.298491425812244 5064.082557693124 0.3430964350700378 2.888669565320015 248.3394799306989 15.19253693521023 65.93366832286119 3.361829072237015 78.82973657548428 45.70436978340149 72.25907170027494 39.76704434305429 0 79.99018304795027 55.74516668170691 93.43498503416777 5300.566132642329 2512.372532211244 0.7786473780870438 18.28669403493404 217.213055729866 275.1237882301211 2.575631633400917 89.19117110967636 10.00001434981823 125.7299152910709 27.67749496549368 5.00994174182415 1.961595065891743 0 0.1607279926538467 0.2150721698999405 0 0.5502873063087463 0.2607896775007248 0 0.127190962433815 6.443957015872002 0 7.412669241428375 0.3017497807741165 0.5856351852416992 0 0 0.8808553665876389 0 7.438057377934456 0.1180901154875755 0 0 0 11.030427724123 7.034977957606316 1.528793454170227 21.34557607024908 0.1231614947319031 0.8535088151693344 0.466292142868042 37.82086725533009 4.746657222509384 15.01234624534845 0 0 1.155942276120186 1.743947327136993 0 12.41013553738594 0 6.682172253727913 3.293805450201035 1.166944891214371 0.3295874893665314 0 0
0.131697952747345 481.9631998389959 118.4040024131536 0 0.1185920760035515 0.1415218710899353 1.343054503202438 0.3238695934414864 611.9193671792746 0.1462380886077881 32.28563418239355 0.4841634854674339 738.6801132559776 0.7221333310008049 1.358661323785782 46.53455574065447 12.55765955150127 5.556022830307484 16.99142347276211 0 3.944111749529839 2370.359748251736 2.012907415628433 1247.237368106842 3005.806089565158 368.1570871025324 5331.553285226226 22.68120267987251 0.6367487460374832 0.9117963835597038 30.25798809528351 0.3842050805687904 0.642310842871666 14.54820062220097 0 37.27094704657793 250.6075038909912 75.58896903693676 14.86323533952236 4.35553090274334 0.2954340055584908 92.6095780134201 0.329962894320488 0.1131589263677597 141.6753251925111 5.489341676235199 1.087019316852093 0 0 1.520749464631081 0 0.5504070520401001 0 0.8593543916940689 0 13.00306978076696 0.2249449342489243 0 3.903129696846008 1.37510584294796 3.873376257717609 15.872548148036 0 0.739520825445652 69.32957130670547 3.006980694830418 4.287543438374996 5.568470917642117 401.7776993215084 2246.990295700729 2.720486864447594 0.1441629827022552 0.4396390914916992 3.169622853398323 0 0 3.576132737100124 0 11.90493525564671 89.30420879274607 11.14980597794056 4.028462693095207 0.1851688921451569 0 3.442195028066635 0
61.21804511547089 118.4040024131536 4031.507581956685 2.01568503677845 0.1588907837867737 14.76455610990524 980.6407730728388 238.706014432013 6.36593759059906 12.72369149327278 3.522233054041862 1.249290019273758 2.341218441724777 346.8936770483851 0 4.282378926873207 3330.545576408505 14.54524583369493 191.4572448953986 0.5925251245498657 654.0534256249666 33.95488792657852 7232.651763416827 19.66791717708111 0.4634396880865097 8077.719767667353 7562.96318500489 823.0616503357887 42.79071735590696 859.5775402709842 0 2.139582671225071 6.843679137527943 436.7962357327342 9.142534978687763 2029.583236262202 5047.323100656271 1060.540928088129 547.5406074672937 112.0569830909371 1.285111412405968 18.42291440069675 3.734920561313629 0.8624740839004517 409.2648332044482 429.6105498075485 0 0 0 9.889006927609444 1.922447144985199 0.6533114910125732 0.2598379552364349 0.122851587831974 0 0.5181339234113693 3.597304746508598 0 27.48471243679523 20.95483160018921 0.5442281812429428 9.99955190718174 0 12.20772112160921 106.67445923388 45.62050005048513 16.11090148240328 0.9842123165726662 754.1592599004507 4764.086556389928 14.54172378778458 1.078265376389027 5.140454471111298 0.2621725127100945 0 0.8433438241481781 10.64736764878035 0.6045874953269958 35.31021318584681 853.0017708465457 33.79397863149643 14.61946974694729 0.4938830733299255 0.6693757772445679 0 0
2.866614297032356 0 2.01568503677845 5493.472053587437 3.321681559085846 54.56679628789425 242.3807969614863 18.21955727785826 1123.89841067791 4900.130760319531 2.197552941739559 1159.69111597538 0.4765210896730423 19.72112022340298 68.57501791417599 3.731590986251831 1.961246319115162 1.028291575610638 0.2786968648433685 4088.831083185971 1.954166777431965 0.1359012573957443 2.367879502475262 3031.076145388186 3.905660152435303 4.293668620288372 8.385331675410271 5213.200235374272 68.93282566964626 2.192780964076519 0.2607140317559242 2.662490449845791 3.638086058199406 32.07161605358124 0.3797036111354828 285.8769626021385 7.470505848526955 119.0186825022101 34.46570880711079 203.8854569792747 7.513844326138496 1.674042358994484 2.528607860207558 1.537583276629448 0 0.3410394266247749 242.8292499408126 0 15.59071672707796 316.2427402511239 19.5745192989707 221.9136299490929 266.4390711113811 0.376232922077179 115.0355967730284 0 13.69476191699505 21.40608432888985 0.5402171090245247 0 0 0 91.4238909855485 1.517448663711548 1.562895938754082 0.73221655189991 514.5654549971223 0 0.2519287765026093 1.174434691667557 589.8296995460987 11.50056920200586 7.880292296409607 0 1.07188193500042 0.8253008052706718 5.963776744902134 0.4731138870120049 12.82194975763559 0 15.3980723246932 4.369555629789829 67.34628195315599 1.532641232013702 0 0
0.1346077173948288 0.1185920760035515 0.1588907837867737 3.321681559085846 2.994990050792694 649.9396320953965 1.080521829426289 49.24903989583254 81.23124875873327 18.09473799914122 3.106203153729439 182.2897470965981 4.971907086670399 0.5509380027651787 1373.04614803195 0 0 0.851477362215519 0.07095956057310104 5.339369058609009 0 0 0.07839298248291016 20.84605810791254 0.118510402739048 0.08335074782371521 0.4164790958166122 2.662294760346413 7.615630149841309 0 0.08739940077066422 232.241974927485 0 31.17372791469097 0 22.08744184672832 1.096788629889488 45.45897039026022 5.914281837642193 1945.444820486009 57.27956309169531 0 0 0 0 0 0.3712962716817856 0 0 1.115317821502686 0 0 1.053218930959702 0 2.253537893295288 0 0 0 0 0 0 0 0.2489691972732544 0 0 0 1.253065392374992 0 0 0 0.6314412131905556 0 0 0 0 0 0 0 0.1450039595365524 0 0 0 2.514676988124847 0 0 0
20.2860044464469 0.1415218710899353 14.76455610990524 54.56679628789425 649.9396320953965 13231.64967735112 1162.824739031494 6514.66115083918 118.5122792646289 3902.707184076309 89.6995587721467 3505.682410284877 28.03786750137806 711.4181512668729 1773.641564399004 1.743617817759514 13.55767057090998 29.52809653431177 10.21870356053114 105.5276565179229 16.41066147387028 1.956575527787209 10.42259184271097 27.71100440621376 0.08029492199420929 52.88195320591331 21.82497068494558 308.8681859150529 448.5652734041214 26.8732183650136 8.687381774187088 639.0242531448603 8.047469615936279 172.9597331210971 3.030863523483276 482.0324143692851 35.21635722368956 423.7678152620792 69.25209077447653 3460.655354656279 380.5411016568542 7.116812691092491 2.126831501722336 0 0.2711844444274902 0.4811972975730896 14.71171806007624 0 0.2757694125175476 21.16540823876858 1.793680861592293 7.157935500144958 22.35049629956484 0 20.65959330648184 0.0908643826842308 1.88788641244173 6.664960518479347 0.3600237220525742 0 0 0 10.29411737620831 0.7013011276721954 0.3566911816596985 0.2169034108519554 43.96021164953709 0 0.150751456618309 0.6580675542354584 40.18430715799332 1.278668887913227 2.755602121353149 0.09711885452270508 0 0 0.9586320966482162 0.3672308325767517 5.796313099563122 0.1895083785057068 2.922054871916771 0.3640142679214478 30.25156976282597 0.3060393035411835 3.774268984794617 0
1117.413128688931 1.343054503202438 980.6407730728388 242.3807969614863 1.080521829426289 1162.824739031494 20558.34920798242 5283.755945429206 218.3825140744448 6649.257953949273 11.70107924193144 38.36316307634115 14.08495403081179 5978.517490126193 6.965371556580067 118.7948586195707 271.0012083947659 17.15769857168198 70.31190384179354 31.14925947040319 1429.260542847216 62.75940361618996 898.944956406951 1902.931004993618 0.09238797426223755 1129.212776944041 632.433399900794 15581.70595422387 2026.642961092293 5638.274898558855 1.462356939911842 20.10264761373401 372.7658280059695 716.7315054386854 51.01213986426592 3111.347118929029 171.418515227735 1529.481436699629 797.0429630428553 220.5363684743643 66.07153186202049 5.593280725181103 13.68124407529831 4.117622032761574 0.7161393687129021 13.93032809346914 33.85489350557327 0 7.719170413911343 352.5224303454161 25.49276162683964 118.0284722968936 67.79756581038237 4.023867778480053 6.676916435360909 0.4809728115797043 28.24799188971519 4.096631526947021 28.25189791619778 2.637599535286427 0.8970553353428841 1.10200747102499 13.57246896624565 32.2706698551774 17.02862776815891 9.383847437798977 600.43370616436 0.4994197934865952 6.104941457509995 58.06900750100613 825.4981924295425 43.39729976654053 47.89529282599688 0.2208186909556389 0.426403634250164 2.796682305634022 16.0080026909709 1.704747781157494 69.0799338594079 1.754829101264477 48.07122865319252 17.98490292578936 40.83596006780863 8.888109765946865 5.910369753837585 0
493.3388294056058 0.3238695934414864 238.706014432013 18.21955727785826 49.24903989583254 6514.66115083918 5283.755945429206 14757.95139253139 8.859142795205116 1593.638491861522 139.0661544129252 455.7215218022466 49.41729447245598 5634.184770427644 172.8583737611771 6.38941553235054 373.7252674289048 43.27878741919994 115.4439906328917 104.7077664881945 307.1885604411364 12.52545055001974 180.5398166254163 66.78063758462667 0.7272026091814041 341.8148330822587 117.5251725316048 201.9939715489745 959.9748212918639 1180.908205986023 11.22023927792907 400.6057697236538 89.42835028842092 481.8401454687119 10.52531953901052 1074.24724515155 79.11558420211077 700.3921133205295 233.0018583759665 1037.283372111619 270.0964104533195 6.432196095585823 8.050355389714241 0.08994016051292419 0 0.2281090691685677 3.03802303224802 0 1.244830809533596 29.69130697846413 2.842390097677708 11.80434747040272 7.211546875536442 0.0990070104598999 1.698768317699432 0.1167698800563812 2.898736454546452 1.00422677397728 2.27251385897398 0 0 0.2886806130409241 0.3733353018760681 4.356532409787178 3.106785878539085 0.5942294523119926 64.20680610835552 0 1.39593293517828 5.384548470377922 86.6669138148427 4.998585872352123 8.971648551523685 0 0 1.103991948068142 1.333670251071453 0.1603404581546783 14.33945285528898 0.7600457668304443 6.495713971555233 5.528392046689987 1.991567581892014 0.8148253262042999 0 0
9.225430369377136 611.9193671792746 6.36593759059906 1123.89841067791 81.23124875873327 118.5122792646289 218.3825140744448 8.859142795205116 956.2009433731437 412.7031264603138 0.3379374742507935 667.3526490777731 4.997883670032024 8.491136573255062 710.8675935864449 318.6197530180216 2.413194701075554 0.7898994982242584 2.602463327348232 632.1662977263331 73.66449274867773 1855.769738689065 102.4626644477248 7901.559155039489 79.42945367842913 39.86577258259058 553.7094473317266 1412.07188487798 32.31023463606834 41.10862939059734 0.9111698195338249 1.715711325407028 1.339564137160778 7.691672697663307 0.6132758110761642 117.0868461728096 6.454195559024811 38.05579824000597 5.882490925490856 271.8831268101931 1.621082365512848 0.5793834701180458 0 4.899148494005203 6.805715553462505 5.750814288854599 135.5786620825529 0 8.739347726106644 200.5667048543692 13.10607952624559 60.99071212112904 139.3332210406661 1.363394871354103 86.94222265481949 0 19.53523083031178 13.97309022396803 951.3078622967005 1.947833739221096 0.09934275597333908 0.6173353940248489 60.04829633235931 282.388766862452 99.72769499570131 256.9428910315037 1903.737731315196 0.9835183173418045 9.133527591824532 29.72102067619562 1006.410276591778 61.62503739446402 56.47170528024435 0.1884126961231232 0.3802539333701134 10.69122023880482 14.50767111033201 2.734039336442947 64.82309625297785 3.646925680339336 54.77397835254669 24.46154224127531 56.25350094586611 3.173067107796669 0.2476972043514252 0.09639209508895874
75.63636301457882 0.1462380886077881 12.72369149327278 4900.130760319531 18.09473799914122 3902.707184076309 6649.257953949273 1593.638491861522 412.7031264603138 26839.98692139238 116.0782198011875 4069.856829449534 31.43341356143355 892.3591742515564 107.764669932425 9.346530966460705 9.637146696448326 54.98927555978298 17.15993871539831 4702.505394868553 16.06679943948984 2.91011356562376 15.89150278270245 596.5158852562308 0 79.20704784244299 47.15347625315189 6482.921272665262 1717.843336686492 25.0955384299159 12.8525927066803 101.1499654352665 24.06897013634443 565.9974551647902 8.486977189779282 1565.462417945266 74.65515191107988 1554.16587869823 281.5986157804728 763.786397524178 80.76154587417841 4.504580304026604 14.16739264130592 6.169744402170181 0.1825651600956917 0.2788812518119812 169.5959285721183 0 11.91892049461603 349.3123123198748 23.21188861131668 137.7801789566875 203.614418245852 0.4461987391114235 107.2398909330368 0.7385547012090683 20.80744544416666 23.25834420323372 2.477106638252735 0.1163226664066315 0 0 74.30551219731569 2.233615458011627 2.7266805768013 1.471306018531322 534.4176667556167 0.4674014449119568 0.2943143546581268 2.499633632600307 577.0156450122595 14.65470268577337 16.34809177368879 0 0.1540274173021317 0.4486530423164368 10.31615191698074 1.209494948387146 23.12577930092812 0.09801463782787323 14.1950071901083 2.96132418513298 42.13107241690159 1.020469799637794 2.83254063129425 0
10.75880552083254 32.28563418239355 3.522233054041862 2.197552941739559 3.106203153729439 89.6995587721467 11.70107924193144 139.0661544129252 0.3379374742507935 116.0782198011875 8222.208541367203 67.4529877230525 3513.672911256552 319.4374104738235 1.095435246825218 0.2473942339420319 78.93174266815186 1910.170434609056 294.2352965325117 24.91415416449308 9.808027684688568 1.572093546390533 21.59987940639257 9.196275256574154 235.2269461005926 2313.953421033919 279.4682855680585 14.18422193825245 780.3930040970445 13.23401395976543 1067.871162056923 281.5014492943883 3.682970136404037 6123.994633585215 7.720419712364674 644.3961695358157 3796.939411260188 4020.04907091707 1255.087910071015 108.1064603179693 171.6785038784146 1111.623176515102 14.41193895787001 0 2.880050659179688 0 0 0 0.2513860613107681 1.148900374770164 0.3617485165596008 0.5463943332433701 0.267130471765995 97.17583255469799 0.1190834194421768 711.7677995190024 0.264347143471241 0 0.2794717848300934 0 0.254722572863102 0.369936466217041 0 0.09950296580791473 0.1600379794836044 0.1345638483762741 5.004026167094707 39.90317896008492 23.06924921274185 70.06372150033712 6.325450032949448 0.5268058627843857 0.5014756098389626 47.96470703929663 0.3691269159317017 0.1660181432962418 3.380265161395073 3.29146221280098 28.66746432334185 172.9895236417651 17.95446638762951 1.884013213217258 0.1927637904882431 1.617370411753654 120.1727125272155 0
4.063901230692863 0.4841634854674339 1.249290019273758 1159.69111597538 182.2897470965981 3505.682410284877 38.36316307634115 455.7215218022466 667.3526490777731 4069.856829449534 67.4529877230525 11399.03516934812 24.1150084361434 325.017700381577 1846.624406442046 0.1127633675932884 2.222993671894073 27.96481090784073 6.574935384094715 5898.229481562972 0.5069063603878021 2.339662835001945 0.8673403859138489 178.2768646106124 0.2734822332859039 30.41979710012674 14.02666336297989 743.8517265990376 326.9636841341853 4.287603408098221 7.967981301248074 106.4357583224773 0 115.7979924455285 0.2780862748622894 793.2356856837869 22.60015077143908 355.9918385818601 27.36373174935579 2693.261221282184 27.09254815429449 8.084366858005524 0.9754440411925316 0 0 0 94.04334539920092 0 5.27433829754591 55.54759000241756 3.389602556824684 95.88827057927847 135.1941940188408 0.2576461434364319 195.5302201360464 0.08708450198173523 1.655278325080872 31.09282752871513 0.1264749318361282 0.2456584274768829 0 0 60.62110789120197 0.6493669748306274 0 0 147.3269386589527 0 0.2323342636227608 0 107.4156591147184 2.431891895830631 1.004392966628075 0 0.1159479916095734 0 2.511276587843895 0 17.0653833001852 0.1204023957252502 1.371627777814865 1.97079873085022 144.580127030611 0 0.6261659860610962 0
1.298491425812244 738.6801132559776 2.341218441724777 0.4765210896730423 4.971907086670399 28.03786750137806 14.08495403081179 49.41729447245598 4.997883670032024 31.43341356143355 3513.672911256552 24.1150084361434 2241.770704545081 55.79999850690365 5.421470887959003 2.714532621204853 1.04337265342474 156.1933788061142 3.36840508878231 4.87925498187542 11.97690715640783 29.45618461072445 8.902517691254616 16.37328915297985 5747.728989973664 684.3487620130181 2641.72281331569 21.46037529408932 92.72112363949418 4.153133891522884 289.3821044117212 92.30518893897533 0.07088509947061539 1079.118700191379 223.4072881564498 2824.580838337541 5139.342550002038 3438.987363941967 1023.999317646027 429.3789166286588 132.5869546234608 1937.026359833777 21.43206471204758 0.1424307376146317 53.65993866324425 0 0 0 0.1573034673929214 0.109758697450161 1.142534650862217 0.2297593727707863 0.09075949341058731 459.6504457071424 0.4539559632539749 3592.897371985018 0.6352807655930519 0.1546726375818253 0 0.460762619972229 9.122971229255199 3.73949921131134 2.222035199403763 0 4.135785445570946 0.2033419460058212 1.216551721096039 502.0747674554586 235.0571603998542 679.1189846545458 1.977352313697338 2.420854650437832 0 331.3746682107449 2.428942114114761 0 21.41143347322941 67.34852743148804 447.0615855306387 695.4345644414425 66.90928249806166 4.549074649810791 39.93782643973827 6.955871403217316 668.3376603201032 0
5064.082557693124 0.7221333310008049 346.8936770483851 19.72112022340298 0.5509380027651787 711.4181512668729 5978.517490126193 5634.184770427644 8.491136573255062 892.3591742515564 319.4374104738235 325.017700381577 55.79999850690365 13198.13996518403 3.503444381058216 4.195501655340195 745.6930548325181 144.3686249777675 215.796513877809 107.662785127759 428.2809373363853 15.13385884463787 265.0545606538653 54.41342096030712 0.7687948122620583 547.3637752458453 209.9306562170386 175.4415725320578 3901.857226263732 3330.582442309707 28.97181207314134 217.7673358991742 76.04722492396832 979.0492863357067 8.071536689996719 887.4867453277111 108.3225785791874 1002.381658565253 211.8675042167306 294.3066834062338 91.12195421755314 5.090721897780895 3.453644305467606 0.602483943104744 0.2779740691184998 0.9936609715223312 1.079243063926697 0 0.1378697007894516 14.73492106050253 0.6019553914666176 6.769180834293365 1.776574902236462 0.1965233907103539 0.8381271064281464 0.4303249418735504 0.7433076351881027 0.4522950351238251 4.059184096753597 0 0 0.2406208664178848 0.3798519372940063 11.80084845423698 2.0686030164361 0.9132410660386086 40.09025809168816 0.08449321240186691 1.844291612505913 4.93075330555439 53.93854930251837 6.731466196477413 10.69553311914206 0.2681737318634987 0 1.022478692233562 1.61438200622797 0 11.80892092734575 1.130506105720997 5.068083964288235 2.832967489957809 0.9399207830429077 0.2461189478635788 0.3531190007925034 0
0.3430964350700378 1.358661323785782 0 68.57501791417599 1373.04614803195 1773.641564399004 6.965371556580067 172.8583737611771 710.8675935864449 107.764669932425 1.095435246825218 1846.624406442046 5.421470887959003 3.503444381058216 244.977069735527 0 0.1386021971702576 0.1412734240293503 0.2244977056980133 83.329331420362 0 7.377801015973091 0 586.7724184244871 0.1418870091438293 0.9367299675941467 5.113445065915585 40.72982911020517 2.334156319499016 0.1116994768381119 0.1948406770825386 281.9841991662979 0 0.9677040502429008 0 383.4966291412711 1.029653608798981 3.110139794647694 0.1122712939977646 1041.727458164096 19.29339054971933 0 0 0 0 0 11.17919197678566 0 1.556803330779076 4.792793311178684 0 8.784016013145447 21.31904210150242 0 41.37799157202244 0 1.845892071723938 10.71019077301025 0 0 0 0 12.89822152256966 0.3176745176315308 1.019240260124207 0 13.52139700949192 0 0 0.1327010989189148 14.65068713575602 0 0 0 0 0 3.573352575302124 0 1.453531503677368 0 0 0 31.42894485592842 0 5.252956867218018 0
2.888669565320015 46.53455574065447 4.282378926873207 3.731590986251831 0 1.743617817759514 118.7948586195707 6.38941553235054 318.6197530180216 9.346530966460705 0.2473942339420319 0.1127633675932884 2.714532621204853 4.195501655340195 0 3354.652836531401 9.252752870321274 0.1012364029884338 2.383621402084827 0.4255386590957642 3592.943912796676 3104.792902559042 3804.267844408751 1967.795122817159 1.348899848759174 17.02413313835859 3983.610633224249 1598.625357933342 18.63741593062878 71.49429031461477 0.08381032943725586 0.09294486790895462 5.216961733996868 29.98512376099825 15.03650020807981 1333.275584772229 519.358009211719 208.6205817237496 388.1367666944861 79.02637798339128 0.4026274830102921 3.015789270401001 2.310822248458862 1.366620570421219 4.349295809864998 53.8689371496439 0 0 0.4568009972572327 8.808722041547298 0.8011370673775673 50.56323414295912 0.6873718574643135 0.125354990363121 0 0 1.734428368508816 0 2913.644050270319 3.340511135756969 0 1.516137488186359 0 830.3825968205929 1183.089118570089 1725.988680578768 176.6672680750489 0.1569656431674957 41.74286710470915 577.6565566062927 307.4763596281409 33.81470790505409 102.3408481404185 0 0.127235546708107 15.41960336267948 16.64905624091625 3.652861595153809 62.71724003553391 6.139632605016232 35.25061767548323 21.71503719687462 4.053361922502518 0.8364619761705399 0.1095466166734695 0
248.3394799306989 12.55765955150127 3330.545576408505 1.961246319115162 0 13.55767057090998 271.0012083947659 373.7252674289048 2.413194701075554 9.637146696448326 78.93174266815186 2.222993671894073 1.04337265342474 745.6930548325181 0.1386021971702576 9.252752870321274 1888.658933542669 133.441591963172 4008.494957320392 0.4531705901026726 1301.068620145321 12.74237018823624 3503.36106877774 15.34674394875765 0.4677356779575348 1693.229702733457 6853.867076873779 284.2659008279443 300.178424231708 2780.20085299015 0 5.612746484577656 55.9813479334116 1802.94735249877 5.399579130113125 420.3872704803944 899.7444074004889 722.5711519047618 207.3561509475112 18.67132491618395 1.346299983561039 7.468351870775223 2.345747426152229 0 9.614967733621597 2.349673837423325 0 0 0 1.229331120848656 0 0.9393617510795593 0.3679062873125076 0 0 0.9929412454366684 0.1650022268295288 0 2.099939584732056 0.8084616512060165 0.1221381276845932 4.269039027392864 0 4.020468778908253 1.898803249001503 0.8669037967920303 5.73719397932291 0.1357830017805099 110.8029634058475 139.8433757051826 8.990500301122665 1.766859233379364 4.175201624631882 1.097175180912018 0 0.1914517730474472 0.5526715293526649 0 4.360683031380177 70.38402474671602 2.946894273161888 1.104790516197681 0.182287871837616 0 0.1099330335855484 0
15.19253693521023 5.556022830307484 14.54524583369493 1.028291575610638 0.851477362215519 29.52809653431177 17.15769857168198 43.27878741919994 0.7898994982242584 54.98927555978298 1910.170434609056 27.96481090784073 156.1933788061142 144.3686249777675 0.1412734240293503 0.1012364029884338 133.441591963172 1880.152897588909 906.3648053333163 10.78376371413469 11.41234501451254 2.586410656571388 29.31133239716291 3.440494254231453 8.617764785885811 4733.254707708955 539.7168007567525 9.960343882441521 305.1582597382367 55.35865798592567 193.4967288896441 52.13740614801645 2.736202135682106 1713.911486685276 7.342682980000973 861.3696452602744 1718.319223754108 1849.476820066571 487.4116893187165 39.1523514315486 3.758934237062931 19.57494889944792 3.010935351252556 0 1.932288825511932 0 0 0 0.1110955029726028 1.183816581964493 0.1090510413050652 0 0.08225896209478378 30.2197485640645 0 208.2325842902064 0 0 0.08704905956983566 0 10.91617126762867 6.764846578240395 0.1299556344747543 0.1015739887952805 0 0 3.078558087348938 18.55227082967758 102.80242741853 269.2469028681517 3.570252247154713 0.1608622968196869 0 93.48411030322313 0.3147564306855202 0 0.2843783497810364 4.790734633803368 5.825435318052769 73.39552584290504 1.491962462663651 0.1829211264848709 0.5730044841766357 0 0.8412345424294472 0
65.93366832286119 16.99142347276211 191.4572448953986 0.2786968648433685 0.07095956057310104 10.21870356053114 70.31190384179354 115.4439906328917 2.602463327348232 17.15993871539831 294.2352965325117 6.574935384094715 3.36840508878231 215.796513877809 0.2244977056980133 2.383621402084827 4008.494957320392 906.3648053333163 3095.798020198941 2.418780624866486 78.58076719939709 6.496054977178574 347.5688143670559 8.262967720627785 1.260110974311829 4572.353581443429 1938.090845435858 40.64119976758957 171.6975985094905 338.3940144777298 4.138114102184772 8.523812375962734 21.27991711348295 1794.184653498232 5.698562547564507 833.0847191363573 1627.401728026569 1104.880111187696 265.5138176381588 18.42152570933104 0.3769803643226624 8.898062899708748 2.171141415834427 0 10.70695143193007 1.025316879153252 0 0 0 0.9950217828154564 0 0.1028302386403084 0 6.946058258414268 0 40.83831577003002 0.8919728696346283 0 1.252731792628765 2.702652871608734 16.54766894876957 26.1919477134943 0 0.9626122340559959 0.1086576357483864 0.6826140806078911 2.221309468150139 1.479223735630512 251.6204893067479 367.1557648777962 2.290280140936375 0.5846163332462311 0.6296461820602417 36.7683604285121 0.09303198754787445 0 2.309312760829926 4.216827288269997 6.830850273370743 207.7307009026408 4.055528946220875 1.941026546061039 0.407830148935318 0.3193031549453735 0.1367931365966797 0
3.361829072237015 0 0.5925251245498657 4088.831083185971 5.339369058609009 105.5276565179229 31.14925947040319 104.7077664881945 632.1662977263331 4702.505394868553 24.91415416449308 5898.229481562972 4.87925498187542 107.662785127759 83.329331420362 0.4255386590957642 0.4531705901026726 10.78376371413469 2.418780624866486 1209.472766414285 0.4226666614413261 0 0.8084324598312378 809.1350044235587 0 9.565283723175526 5.720641739666462 1650.973110571504 183.4861599951982 1.629128344357014 2.881959155201912 18.52061028778553 1.02695032954216 77.15464133769274 0.2350133657455444 267.5744270160794 13.15244905650616 271.4680839180946 33.69687896221876 445.4560199007392 9.846240609884262 0.3527982607483864 1.823174983263016 0.8094466775655746 0.1038996428251266 0 125.1631021201611 0 9.981160543859005 134.5260736271739 12.90863136202097 124.9020078107715 151.7052757292986 0.3451290428638458 98.41386853158474 0 8.688641034066677 26.19386586546898 0.2989666163921356 0 0 0 64.79855611175299 0.538563646376133 0.3618999123573303 0 209.5763886794448 0 0.1073056310415268 0.3826535567641258 269.9397766068578 5.470413714647293 0.9194000214338303 0 0.2267282456159592 0 1.651463583111763 0 4.826654233038425 0 6.943867199122906 3.281806454062462 48.09741123020649 0.5338056683540344 0 0
78.82973657548428 3.944111749529839 654.0534256249666 1.954166777431965 0 16.41066147387028 1429.260542847216 307.1885604411364 73.66449274867773 16.06679943948984 9.808027684688568 0.5069063603878021 11.97690715640783 428.2809373363853 0 3592.943912796676 1301.068620145321 11.41234501451254 78.58076719939709 0.4226666614413261 7836.55156545341 252.9550915211439 10462.07879266143 465.8158616572618 0 218.3947608470917 1024.352289564908 6155.826659955084 130.0155022665858 9744.216853298247 0.5500147864222527 1.763762205839157 46.45657196640968 2896.523889943957 80.46928639709949 6821.054887883365 806.6959408968687 4155.607396930456 2986.032379172742 349.6435355097055 8.215604662895203 4.40066322684288 12.25360809266567 3.311320327222347 0.2581909671425819 48.15498595684767 0.706311047077179 0 0.624354861676693 13.19636398553848 0.371139831840992 16.22123219817877 1.353466063737869 0.2891589477658272 0 0.09987786412239075 2.451709866523743 0 858.3610993474722 6.522317998111248 0.2681422382593155 1.571820363402367 0.3121293783187866 1013.104302622378 273.7498455122113 452.914556324482 142.7327561154962 0.1122252717614174 52.54453260451555 34.93088695406914 328.5795963853598 60.36881078034639 200.9265678972006 0 0 34.20275194197893 28.29212594032288 6.943291261792183 104.0446228310466 8.159850761294365 48.07856512069702 28.65202727913857 3.74238395690918 0.5589096918702126 1.089009642601013 0.6354412436485291
45.70436978340149 2370.359748251736 33.95488792657852 0.1359012573957443 0 1.956575527787209 62.75940361618996 12.52545055001974 1855.769738689065 2.91011356562376 1.572093546390533 2.339662835001945 29.45618461072445 15.13385884463787 7.377801015973091 3104.792902559042 12.74237018823624 2.586410656571388 6.496054977178574 0 252.9550915211439 1589.440759718418 509.9719581156969 4918.646190293133 393.9814122617245 101.615280084312 5378.455382399261 208.3311398178339 219.0057898014784 215.7964012622833 3.293074548244476 0 32.21610754728317 29.94610662013292 4.469279170036316 573.0357616320252 34.68763657659292 99.61169131100178 52.9452702626586 71.4787008613348 0.5154839158058167 1.726987704634666 2.980615973472595 0.7442490756511688 15.63927710056305 110.3092810362577 1.29242017865181 0 0.08383768051862717 6.297546431422234 0.5052481517195702 8.637300848960876 0.7572718411684036 0 0 0.8318509832024574 0.1106010749936104 0 1237.939495034516 1.905562840402126 0.3244993984699249 0.8940152078866959 0 111.0013535395265 35.97591187059879 518.0189163684845 54.62766344100237 0.1015232130885124 14.77629331499338 1453.111411571503 61.01958036422729 8.819514162838459 18.28620252758265 0.3218300119042397 0 1.775217816233635 3.054381683468819 0 19.86056406795979 7.868600368499756 8.945550702512264 9.852799125015736 1.030269920825958 0 4.307290077209473 0
72.25907170027494 2.012907415628433 7232.651763416827 2.367879502475262 0.07839298248291016 10.42259184271097 898.944956406951 180.5398166254163 102.4626644477248 15.89150278270245 21.59987940639257 0.8673403859138489 8.902517691254616 265.0545606538653 0 3804.267844408751 3503.36106877774 29.31133239716291 347.5688143670559 0.8084324598312378 10462.07879266143 509.9719581156969 13548.69946844876 99.83327868580818 0.3628156185150146 2879.739837810397 9813.303081534803 4144.932343281806 110.269250690937 4175.331097632647 1.265281192958355 1.989208482205868 19.28527169674635 3205.347926408052 173.5859961882234 14057.60115308315 10550.98596528172 7415.237740017474 9080.9020011127 910.011656485498 7.076971739530563 22.2440429776907 34.26017148047686 0.6435321718454361 6.937702514231205 322.0570227727294 0.6031386852264404 0 0.6626151353120804 5.939644262194633 0 0.7763775140047073 0.1107131093740463 0.9307350367307663 0 1.863573923707008 1.207526847720146 0 1895.2502316311 2.705987125635147 0.1384893655776978 1.043713368475437 0.1357402950525284 375.0047778114676 596.352215975523 1156.071908295155 54.16494123637676 0 31.99508813023567 1541.840384289622 84.37257671356201 5.962781175971031 27.4367259517312 0.09310754388570786 0 4.118211217224598 5.563729606568813 10.05567625164986 31.10274463146925 22.05576010048389 19.5163162946701 18.25077942758799 1.077124521136284 2.190247312188148 0.5232805013656616 0
39.76704434305429 1247.237368106842 19.66791717708111 3031.076145388186 20.84605810791254 27.71100440621376 1902.931004993618 66.78063758462667 7901.559155039489 596.5158852562308 9.196275256574154 178.2768646106124 16.37328915297985 54.41342096030712 586.7724184244871 1967.795122817159 15.34674394875765 3.440494254231453 8.262967720627785 809.1350044235587 465.8158616572618 4918.646190293133 99.83327868580818 11406.29985751212 121.7865097522736 162.6082613840699 3587.666598491371 9909.466503418982 200.5810585618019 141.3081203624606 1.385074332356453 4.445127010345459 51.11978311091661 124.0936669781804 15.34566554427147 1047.037988223135 52.97741750627756 394.3325278162956 187.3066544011235 826.848938331008 12.57527171820402 6.230303280055523 1.565689317882061 16.38732434809208 13.06681333482265 14.24217020720243 194.3790646865964 0 27.77480917423964 983.6881040036678 73.9475414082408 1485.199941240251 254.8628862351179 10.98111909627914 93.50409401208162 0.8490594550967216 89.78886338323355 27.63168911635876 287.9109959304333 9.165696784853935 4.27148012816906 5.288898058235645 77.92149882763624 292.5828501880169 185.4277193844318 49.73862941563129 3480.369955539703 2.056126117706299 28.33379531651735 57.55739763379097 3201.102808907628 194.4937579035759 255.2711582109332 0.4248603880405426 3.553220495581627 24.17714231461287 57.61932308971882 4.709873177111149 298.9952145591378 10.43183041363955 209.4372525587678 95.30756196379662 141.3938286975026 18.98608706146479 1.558875143527985 0.5459451377391815
0 3005.806089565158 0.4634396880865097 3.905660152435303 0.118510402739048 0.08029492199420929 0.09238797426223755 0.7272026091814041 79.42945367842913 0 235.2269461005926 0.2734822332859039 5747.728989973664 0.7687948122620583 0.1418870091438293 1.348899848759174 0.4677356779575348 8.617764785885811 1.260110974311829 0 0 393.9814122617245 0.3628156185150146 121.7865097522736 727.2104679569602 258.2444751635194 2991.259742446244 0.86882184445858 0.8619893789291382 0 302.7069796472788 0.9373693093657494 0 55.08374225348234 10.6092414855957 198.1183718368411 251.0873160138726 402.2716821953654 113.1298736259341 9.638152576982975 26.9412712007761 563.5934870243073 14.80235993862152 0 148.8412472531199 0.1422116160392761 0 0 0 0.100689098238945 0.3018500283360481 0.1870548129081726 0 111.2688881456852 0 1288.788139492273 0 0 0 0.9265998899936676 9.864659816026688 7.870723456144333 0 0 22.380744099617 0.3866223692893982 0.5305274352431297 141.8920531272888 210.7680968865752 894.427001811564 0.09007979929447174 0.4034570828080177 0 60.82443292438984 0 0 19.7743968963623 1.516210436820984 40.03449759632349 137.818473495543 28.41765502095222 0.9325870499014854 4.723474502563477 1.775685578584671 182.8332090452313 0
79.99018304795027 368.1570871025324 8077.719767667353 4.293668620288372 0.08335074782371521 52.88195320591331 1129.212776944041 341.8148330822587 39.86577258259058 79.20704784244299 2313.953421033919 30.41979710012674 684.3487620130181 547.3637752458453 0.9367299675941467 17.02413313835859 1693.229702733457 4733.254707708955 4572.353581443429 9.565283723175526 218.3947608470917 101.615280084312 2879.739837810397 162.6082613840699 258.2444751635194 17955.71926071495 7859.517374843359 618.2260272726417 337.0620317086577 640.9878155589104 521.3235046938062 43.99252845346928 18.57715632021427 2127.84522946924 30.07322050631046 4287.184066578746 7834.042644545436 4710.732615470886 1279.576748043299 144.8884054347873 7.063645280897617 49.52319663763046 9.46209317445755 0.243497222661972 287.3790168166161 19.38446363806725 0.1582605391740799 0 0 1.681874617934227 1.087480440735817 1.24560371786356 0.1265181303024292 126.2246052250266 0.09579113125801086 980.7620852068067 1.637153677642345 0 7.993723407387733 14.69480849802494 127.9675012901425 219.055422745645 1.028307914733887 9.153843842446804 9.316947504878044 7.88275695592165 8.199273839592934 206.6900193244219 2329.005816921592 4452.860530003905 13.09800291061401 2.305525101721287 3.797286212444305 439.4862229973078 0.3271072134375572 0.133695051074028 10.23265428096056 10.4627852216363 46.97958613932133 1263.393254138529 45.30346198379993 20.63455683737993 0.4674750491976738 0.4310483485460281 2.540092192590237 0
55.74516668170691 5331.553285226226 7562.96318500489 8.385331675410271 0.4164790958166122 21.82497068494558 632.433399900794 117.5251725316048 553.7094473317266 47.15347625315189 279.4682855680585 14.02666336297989 2641.72281331569 209.9306562170386 5.113445065915585 3983.610633224249 6853.867076873779 539.7168007567525 1938.090845435858 5.720641739666462 1024.352289564908 5378.455382399261 9813.303081534803 3587.666598491371 2991.259742446244 7859.517374843359 21454.33749467134 2966.343746818602 243.0444741025567 216.7981607466936 379.8759042024612 17.61063525825739 47.58851204067469 3775.940246902406 114.5504095628858 10585.03047882766 5689.689140126109 9049.798309408128 4132.949350394309 581.4274535924196 5.832513950765133 24.97975623607635 26.14237515628338 1.865710347890854 2453.568793684244 1155.95644851774 1.864020690321922 0 0.1126898974180222 29.29247096925974 4.05557718873024 6.669462211430073 2.048235572874546 104.6909458115697 0 785.6974536627531 7.785596609115601 0 1004.891191743314 40.89869628101587 141.2782684862614 266.0750786289573 0.2744346335530281 10.64301214367151 1604.724037699401 678.9224821701646 78.87813318520784 349.6471630036831 4241.763573348522 17776.09664712846 80.12647459656 3.523222602903843 3.3699611723423 416.2179664522409 0 0.4357767701148987 30.71043095737696 20.67043694853783 121.8832440525293 1449.348402552307 126.3265907466412 62.75825921446085 4.614536359906197 3.773241400718689 6.145870633423328 0.6693579852581024
93.43498503416777 22.68120267987251 823.0616503357887 5213.200235374272 2.662294760346413 308.8681859150529 15581.70595422387 201.9939715489745 1412.07188487798 6482.921272665262 14.18422193825245 743.8517265990376 21.46037529408932 175.4415725320578 40.72982911020517 1598.625357933342 284.2659008279443 9.960343882441521 40.64119976758957 1650.973110571504 6155.826659955084 208.3311398178339 4144.932343281806 9909.466503418982 0.86882184445858 618.2260272726417 2966.343746818602 21718.99316558242 887.4350978955626 9175.81083329767 1.33392571657896 14.34208668023348 411.4980254396796 1005.020717479289 89.82424126565456 4516.921545341611 239.0362704992294 2042.996003575623 1130.057991199195 607.7983325794339 44.94705967605114 9.141957253217697 10.66050189733505 24.46798681467772 6.67166905850172 38.65204056352377 161.9626180976629 0 32.00314129143953 1093.235799387097 81.68654451519251 691.8509444072843 206.5245707929134 13.49311430007219 45.45197732001543 0.9251208603382111 107.2835958302021 8.850276738405228 379.4385974556208 18.49955740571022 3.864676170051098 8.771421059966087 54.09576109796762 437.1946589425206 188.8192068040371 80.1498139128089 3127.713670663536 2.45289995521307 36.121686398983 112.3817192912102 3489.734993807971 301.8028532266617 564.1678466573358 0.50054632127285 3.858056172728539 45.33219157904387 80.48691273480654 13.65054079890251 441.4164143577218 10.49680460989475 300.8985332027078 142.7719457000494 176.9637674093246 25.34128676354885 4.459048703312874 1.26529485732317
5300.566132642329 0.6367487460374832 42.79071735590696 68.93282566964626 7.615630149841309 448.5652734041214 2026.642961092293 959.9748212918639 32.31023463606834 1717.843336686492 780.3930040970445 326.9636841341853 92.72112363949418 3901.857226263732 2.334156319499016 18.63741593062878 300.178424231708 305.1582597382367 171.6975985094905 183.4861599951982 130.0155022665858 219.0057898014784 110.269250690937 200.5810585618019 0.8619893789291382 337.0620317086577 243.0444741025567 887.4350978955626 17942.03807196766 3357.230492606759 63.62395441532135 143.6570534594357 1406.672395709902 3693.541530288756 5.139201581478119 500.1045578792691 134.0466616749763 1629.633480980992 237.6756483539939 294.7248403578997 199.3441371768713 7.470545269548893 2.127930916845798 1.216877646744251 0.2350805029273033 6.425569362938404 0.4266787841916084 0 0.2035657688975334 23.56882988661528 0.4579964727163315 24.48030259460211 2.508079893887043 0.1217405050992966 0.6106257140636444 0.5587337091565132 4.538142152130604 0 33.26720362901688 1.399704590439796 0.1223250105977058 0.8869911134243011 0.149269625544548 56.50833518058062 22.01096490770578 5.857220895588398 95.83806924521923 0.1792748868465424 5.027794346213341 3.414985500276089 153.033000305295 19.3761278912425 56.13955833017826 0 0 6.825127251446247 7.975034326314926 1.187126860022545 44.59198866784573 0.4110341668128967 21.11029726266861 9.658194810152054 12.67547066509724 1.212013274431229 0 0
