1815.712153546512 0.1778403222560883 53.50288873910904 14.1479105874896 0.1095352247357368 1.859097935259342 1997.011854022741 271.553576476872 35.95046415179968 69.71985924988985 7.448886208236217 1.062396973371506 0.3032607361674309 4623.695818819106 0.7790032997727394 8.607537373900414 434.9763463661075 2.398030191659927 96.51285076141357 9.77472297847271 53.50049122422934 0.6270230710506439 101.4287418946624 222.5048471614718 0 77.51768779009581 25.07125751674175 286.9536226838827 5873.237360186875 2775.492069035769 0.4829829037189484 0.6622584238648415 38.58972822129726 171.0221237838268 0.2669251263141632 21.0240958109498 0.3720474541187286 47.11580621451139 10.72020284831524 1.073328748345375 0.8854375183582306 0 0 0.5019540712237358 0.2736442387104034 0.3738669157028198 0.5977763161063194 0 0 5.385345570743084 0 5.254393398761749 0 0 0 0 2.028810150921345 0 11.43145920336246 0.7425591051578522 0.3242650926113129 0.5472759455442429 0.1202976405620575 14.31159802526236 2.802147656679153 2.441180914640427 43.1072481572628 0 1.835734143853188 5.554298005998135 46.36312421411276 7.218809001147747 5.788320273160934 0 0 0.2518498003482819 0.9462614804506302 0.5720510706305504 8.022968001663685 0.2812967896461487 1.329439029097557 0.713803842663765 1.280280619859695 0 3.639337778091431 0.1664873212575912
0.1778403222560883 466.8112680241466 95.3928719162941 0 2.200525976717472 0.09629308432340622 9.257658027112484 0.9445974603295326 339.5257579609752 0.9084462001919746 35.09015981853008 1.149945288896561 395.4151707738638 0.3341476619243622 14.9210758805275 86.29042539000511 73.56860642880201 6.91346538066864 99.89920187741518 0.8366790860891342 2.766638398170471 2932.166252054274 20.0729371085763 506.4930866584182 2853.909650400281 546.9935252889991 8770.367759570479 14.55360914766788 1.40878926217556 1.555392675101757 33.71804761141539 0.3148783147335052 0.3217700272798538 49.85867884010077 0.8858760446310043 57.95134980976582 65.47399390488863 233.1383253335953 24.59033213555813 33.13433577120304 0 53.85545063018799 0 0.1811853498220444 84.34782023727894 42.40368787199259 0 0 0 0 0.2132354825735092 2.536894299089909 0 3.994574457406998 0 37.92305051535368 0.9865242838859558 0 2.058739848434925 35.05555061995983 4.440852031111717 90.14025248587132 0 0.1050208359956741 40.03797014802694 4.068787127733231 16.33977522701025 56.65455452352762 260.2801397889853 1765.174437336624 0.9443962350487709 0 0.3796135038137436 2.599782958626747 0 0 3.681817874312401 0.2215582877397537 38.39001689851284 14.45291158556938 35.05944865196943 8.619854167103767 0.8854762017726898 0.985809251666069 5.224247083067894 0.7912720814347267
53.50288873910904 95.3928719162941 9558.738957412541 20.07150570303202 0 20.14625663310289 2741.672205895185 432.2435517087579 5.933660916984081 494.3607400208712 14.44851893186569 0.5157197713851929 4.135730281472206 485.0518608689308 0 10.20594529807568 5472.517619125545 9.420862607657909 547.7302278801799 5.077092252671719 1293.907449617982 14.44812399893999 19447.65842312574 40.73723148554564 0.7387305721640587 7340.54399728775 11542.81792721152 1234.170437954366 70.86611390858889 999.4725192189217 3.276042588055134 1.595555022358894 2.808467797935009 431.6829471960664 15.16624519228935 2075.94169190526 2412.502641089261 1777.464768104255 867.9108906835318 50.99784731864929 1.689374059438705 0.5546742081642151 8.434358581900597 5.545063830912113 249.5727481096983 1846.796935640275 1.038204938173294 0 1.177446469664574 22.96099109202623 25.73000430315733 13.41970884054899 6.882684394717216 6.444867096841335 0 2.333223581314087 35.22486739605665 0.9117957055568695 36.56389363110065 392.3717981427908 5.940282985568047 110.8828393146396 0.8502878546714783 21.04704949259758 122.4659436121583 285.6825090348721 99.52213198691607 2.267348617315292 560.3433471620083 5840.403025172651 44.9416654035449 6.615983910858631 22.95660553127527 0.2841879278421402 0 0.2384648472070694 23.15251617133617 4.717363193631172 149.0900382325053 39.51671556383371 133.1036288142204 27.63695198297501 9.666651695966721 0.1894113570451736 0.7025517523288727 0.1548746377229691
14.1479105874896 0 20.07150570303202 5486.406726747751 18.33419036865234 16.17960669845343 248.4627041369677 144.6954174339771 1891.214584290981 4668.614576369524 9.830165632069111 1830.641013994813 8.647047653794289 166.0200310796499 89.27688130736351 4.585013680160046 2.587163828313351 0.5841047987341881 1.722691409289837 6544.323781274259 2.067745573818684 5.574766382575035 5.79305275529623 1857.689019963145 0.1103492379188538 9.848576240241528 19.4968129992485 4419.470492236316 253.6148537397385 7.937255218625069 0.6816432029008865 6.22197250276804 0.1445006430149078 64.20014452189207 1.594788432121277 427.0707165673375 16.1552152633667 175.5977660045028 77.86184871196747 241.8422847092152 12.12971424311399 1.769301719963551 4.087536253035069 1.316682316362858 4.220356002449989 2.990654408931732 371.1772006824613 1.600364506244659 18.24443197250366 340.9951277524233 8.368307277560234 240.6941424682736 378.8493929803371 0.5006924346089363 183.984478443861 0.1151245459914207 9.959100238978863 5.389030419290066 1.131801694631577 1.920370005071163 0 0.1065851971507072 429.1698610410094 1.718842059373856 12.75066635757685 2.251750946044922 491.3208660930395 0.3222164958715439 1.555929288268089 21.62653823196888 402.1944434046745 11.78687746822834 5.725501365959644 0 0.4093969762325287 0.1205904707312584 2.661244511604309 0.7911790907382965 252.9433021098375 1.394315108656883 9.488425560295582 4.068530529737473 120.3646017313004 1.23011326789856 0 0
0.1095352247357368 2.200525976717472 0 18.33419036865234 17.09796543419361 411.4914864599705 5.74588655680418 14.51589649170637 372.1241104602814 13.59174227714539 34.62643622606993 257.4353758096695 124.7853908762336 6.860769405961037 1499.416849084198 0.2326169237494469 0.4931820631027222 1.555249825119972 2.357226401567459 28.96844931691885 0 15.07015187293291 0.3849925845861435 85.28803800046444 3.001863270998001 2.339724406599998 11.05572777241468 7.090074397623539 16.24327705055475 0.1317932605743408 1.890800699591637 5.16167002171278 0 271.5733304396272 0.1999464780092239 72.10755702853203 11.18760171532631 299.9971306398511 82.0807765647769 1784.700404651463 151.9800680577755 8.088374093174934 3.768160372972488 0 0 0 0 0 0 0.3245635479688644 0 0.1857070475816727 0 0.1372126340866089 0 0 0 0 0.5686999037861824 0 0 0.2963991910219193 0.135213777422905 0.1591567248106003 0.2096956819295883 0 1.731938391923904 0.21493761241436 0 0 0.982075460255146 0.1815834939479828 0 0 0 0 0 0 0.3024596869945526 0 0 0 0.1464602053165436 0 0.1858586817979813 0
1.859097935259342 0.09629308432340622 20.14625663310289 16.17960669845343 411.4914864599705 16811.5865098834 188.4751987531781 5901.329272985458 44.97655449062586 9988.726707994938 119.0873651057482 5463.695526540279 100.8028443828225 1040.028470799327 605.0788378491998 0 14.54570978134871 6.668158449232578 12.17564018815756 205.9877362623811 4.310658507049084 0.194279171526432 12.19099114835262 13.60586760938168 3.788754023611546 33.39877191185951 12.3934490531683 46.50125167518854 480.9447485283017 34.27569250762463 10.10972772538662 645.1376609280705 0.6022287458181381 254.2020456194878 4.011661499738693 639.5494867712259 23.07410047203302 430.9085046350956 164.5655891597271 1907.500811181962 163.560705833137 16.2704716399312 9.544103741645813 0 0 1.076243847608566 2.551611483097076 0 0.6105248332023621 2.585294827818871 0.2158551067113876 0.3784150928258896 3.263477072119713 0.3045656606554985 6.531720288097858 1.18178379535675 0.2066154479980469 0 0.1924976333975792 0 0.4223679378628731 0.5816836953163147 7.956636637449265 0.2226801589131355 0 0 2.240934282541275 0.09752765297889709 0.3003743141889572 1.649598933756351 4.441853083670139 0.21155646443367 0 0 0 0 0 0 34.27758615463972 0.2521750554442406 0 0.1176705360412598 7.851311087608337 0 0.239751510322094 0
1997.011854022741 9.257658027112484 2741.672205895185 248.4627041369677 5.74588655680418 188.4751987531781 21719.61359618604 3568.399258509278 258.0153145343065 14477.49573910236 29.77856976538897 14.5183122754097 34.7640687301755 10546.97046887875 3.373993560671806 77.27028190344572 317.5251615941525 2.987715885043144 55.39289072155952 135.6809593737125 1192.60907573998 14.2006319463253 1346.526462674141 1953.047176644206 3.544706769287586 556.0994030460715 937.536237038672 21827.78305342793 1120.889274924994 3740.886073298752 3.797779329121113 23.28849134594202 16.01937931776047 310.5995099619031 9.296976640820503 2175.7988338992 212.6595135852695 1004.90570794791 480.5215122252703 881.3350627422333 69.26476489752531 14.48046107590199 19.04946760833263 7.588994219899178 23.03077898174524 94.63343044370413 49.12084228545427 0 6.30127228051424 374.5134468451142 14.52305167168379 68.98401072621346 46.13754176348448 0 8.77556985616684 0.3902434110641479 29.50410479307175 0.2817441523075104 94.3395049571991 14.03992819786072 0.2774240151047707 6.456717655062675 41.28822481632233 74.18254188448191 36.85935377329588 86.20889770239592 700.2706225588918 0.2498611658811569 15.1175598949194 406.1097211167216 877.2216211631894 83.75971037894487 81.92356518656015 0.3175849914550781 0.6730125993490219 4.519899412989616 22.24225943535566 0.6922594159841537 450.7759614363313 4.845041289925575 36.4285185188055 17.5423212274909 88.91591492295265 4.249267473816872 0.2096908092498779 0.8313105553388596
271.553576476872 0.9445974603295326 432.2435517087579 144.6954174339771 14.51589649170637 5901.329272985458 3568.399258509278 12424.25807634741 48.72559038549662 7507.676234945655 115.5099190175533 1143.468032255769 238.2598174214363 8337.329576835036 91.43239665776491 2.008314207196236 1164.717758320272 9.53371724486351 240.3333997353911 417.3463574275374 125.5036512464285 0.470008373260498 433.0928479805589 409.0164036676288 8.301243863999844 430.5163455754519 138.586875885725 558.5913762673736 519.7714831456542 1848.887251265347 8.200346149504185 988.1506413295865 3.976555980741978 310.0577049702406 7.411985665559769 753.8088392168283 61.51143124699593 678.8508331999183 389.1094534099102 1527.821598798037 152.5995715484023 48.9818437770009 29.32472907006741 0.7115490809082985 1.416634507477283 9.299593701958656 1.198832727968693 0 0.3210073709487915 11.58661735802889 0.3677800223231316 3.992379128932953 1.353709042072296 0.3703697174787521 4.558350130915642 1.30373103171587 0.8558797240257263 0 4.441965006291866 0.5820863246917725 0.1808547973632812 1.036759667098522 2.656706281006336 4.521434612572193 2.159637860953808 5.770233735442162 38.88757697492838 0.3908163383603096 3.00117626786232 38.73660627752542 37.82838740199804 4.509074546396732 3.514632157981396 0 0 0.1032896116375923 0.7755378112196922 0 19.25519943237305 0.9974049106240273 0.9131131023168564 0.5539094284176826 4.853743486106396 0 0.8891541510820389 0
35.95046415179968 339.5257579609752 5.933660916984081 1891.214584290981 372.1241104602814 44.97655449062586 258.0153145343065 48.72559038549662 695.7868022546172 164.8080498799682 3.240086242556572 1402.434937819839 5.682058826088905 72.6519767343998 1123.684001758695 17.92516453564167 4.05670241266489 1.097125813364983 3.721645541489124 1622.672103501856 3.063801139593124 2466.251191213727 4.000255733728409 9981.853092126548 27.8300521671772 4.443519428372383 796.1797711327672 1075.697741486132 246.1242102086544 107.4322559460998 1.308301873505116 4.83894407004118 25.77698906511068 84.50991834700108 4.395113453269005 356.1382000818849 20.55752238631248 173.2076736539602 77.6308636367321 1306.221090354025 12.62324991822243 1.907691821455956 8.153694316744804 6.548544704914093 2.345396101474762 1.553708165884018 272.6556494757533 3.399238914251328 26.60794273018837 316.008171364665 11.54962114244699 99.67437317967415 266.6493826061487 0.8974893540143967 267.2956169098616 0.9719878882169724 23.7739007845521 11.35995963215828 60.79830595105886 0.2206383496522903 0.1629167348146439 1.182968959212303 381.7671536505222 17.68272759020329 45.47458928078413 4.448521137237549 1831.451427645981 0.3724037706851959 2.598791927099228 13.22612193971872 869.5119524374604 72.17260406166315 45.3102286234498 0 0.9280940294265747 2.481549724936485 10.02262721210718 1.535176172852516 138.25648766011 1.296102330088615 25.08952049911022 11.07556583732367 157.899246878922 4.203079044818878 0.1453244239091873 0.6301650181412697
69.71985924988985 0.9084462001919746 494.3607400208712 4668.614576369524 13.59174227714539 9988.726707994938 14477.49573910236 7507.676234945655 164.8080498799682 35815.60913584381 154.2983789741993 4923.495863452554 56.96086382865906 2949.232780106366 8.035171024501324 8.04225405305624 65.66940943151712 12.64666416496038 25.90994702279568 7131.14681597054 104.8765088841319 1.938548244535923 175.6089097931981 632.1266630664468 3.729029506444931 211.1339106559753 137.5186484158039 11078.0840703249 1709.162234164774 183.5394176691771 13.0935672596097 125.6110944747925 1.462427660822868 497.9373392909765 10.65521427243948 1493.985290661454 102.1546587869525 1261.67631123215 337.9613064005971 369.4197581857443 78.23002531379461 11.73704374581575 19.55232237279415 0.5478750094771385 2.993565782904625 17.43302004039288 83.04514752328396 0.7930726781487465 4.974413856863976 172.6561504900455 5.230237908661366 43.35910655558109 86.26921313256025 0.3016694784164429 43.19078724086285 0.6504237279295921 3.782457873225212 0.6691531464457512 6.34069462865591 5.601120606064796 0 2.807423286139965 112.6125205531716 3.868105158209801 3.480486012995243 10.22070898115635 181.1494445800781 0.3503908962011337 5.728339560329914 85.1543907225132 161.700460255146 10.20998695492744 8.143809236586094 0 0 0 1.060658328235149 0 91.55646322667599 1.353309951722622 3.102278105914593 1.834001436829567 54.11570632457733 1.284974157810211 0.08559713512659073 0
7.448886208236217 35.09015981853008 14.44851893186569 9.830165632069111 34.62643622606993 119.0873651057482 29.77856976538897 115.5099190175533 3.240086242556572 154.2983789741993 14499.83754606545 143.9114150702953 4351.794563353062 208.7502230703831 2.816921390593052 0.8433330431580544 334.9755796939135 1908.405354745686 1270.902182124555 48.30346539616585 35.71498670428991 3.519397504627705 66.16146563738585 12.73046234995127 892.2852684035897 1826.312271274626 804.2796973884106 27.9074996560812 691.1279729530215 24.68001214414835 575.7175534665585 317.6963214501739 6.944852560758591 6208.782482877374 16.16267442703247 858.1539443433285 4581.194267630577 6162.182021945715 1571.459763430059 36.7524793818593 11.28920198231936 1207.421714566648 5.213230259716511 0 22.78579320758581 1.080110058188438 0 0 0.7432934120297432 1.64902575314045 0.606184259057045 0.5192722454667091 0.1043472439050674 621.0130944550037 0 2597.553631268442 0.2264698147773743 0 0.2424356415867805 2.742484763264656 145.5653112158179 78.23543911427259 0 0.7541007250547409 1.533955946564674 0 4.086046658456326 508.810576505959 260.0075685754418 498.4516458660364 5.085209175944328 1.896489307284355 0.09683450311422348 260.083514675498 0.6985263079404831 0 14.34668994694948 0.7127609252929688 18.40302101522684 439.7605492323637 44.48178189992905 7.235657915472984 0.2489089518785477 0.1755695194005966 202.2267681211233 0
1.062396973371506 1.149945288896561 0.5157197713851929 1830.641013994813 257.4353758096695 5463.695526540279 14.5183122754097 1143.468032255769 1402.434937819839 4923.495863452554 143.9114150702953 16724.91141162813 73.66318428516388 776.2502125948668 1041.66431504488 0 0.4060854315757751 10.51408234238625 12.4078012779355 6289.587863735855 0.1933634653687477 1.934526666998863 0.3330804109573364 56.39732705801725 3.330960065126419 20.15843745321035 18.40073768049479 217.154232531786 793.2788945063949 1.176312081515789 11.63543989509344 132.1676143854856 0 346.9534676596522 2.689845204353333 1561.3496549353 23.99455690383911 574.8869943246245 125.0338702499866 2204.95635933429 56.28703615814447 18.05639726668596 6.20075835287571 0.3137215226888657 0.1185014620423317 0.1724642515182495 176.4751853868365 2.854309007525444 35.29701925814152 79.81487923115492 4.960085280239582 13.55763939023018 222.2811439111829 0.6124801933765411 511.2285700067878 0.6106515675783157 4.176291577517986 11.56023260951042 0 0 0.118755429983139 0.3735675662755966 391.5447084456682 0.2305060029029846 0 0 123.9520152881742 0.1002561002969742 1.051559880375862 1.034237176179886 80.0862062945962 4.030165411531925 0.7245147824287415 0.0862579271197319 0.4252393841743469 0 0.9010778814554214 0.6791265606880188 712.9544410929084 0.3921079486608505 4.439717724919319 0.1363948881626129 268.9785419255495 0.8174485266208649 0.163730189204216 0
0.3032607361674309 395.4151707738638 4.135730281472206 8.647047653794289 124.7853908762336 100.8028443828225 34.7640687301755 238.2598174214363 5.682058826088905 56.96086382865906 4351.794563353062 73.66318428516388 3747.017490565777 162.1936499550939 3.777590438723564 4.988902598619461 5.227903060615063 36.76864416152239 20.90521114319563 27.39881792664528 15.20748767256737 44.82034259289503 15.88025008141994 34.47547183930874 4089.172891244292 134.5174829214811 3828.422425679862 78.20033297687769 206.6689535751939 27.8080090880394 549.5882479920983 314.5600986555219 0.7255356907844543 1306.896504946053 98.46166685223579 3493.75036649406 7291.723251394928 5746.640610203147 1509.943741224706 271.6339191421866 283.8572097122669 1088.8213153705 30.82367385923862 0 144.4532581269741 1.671504095196724 0 0 0.4373668283224106 3.55411921441555 0.9602410644292831 1.320289254188538 4.003537356853485 573.3978152424097 0 2898.137715816498 0.4806378707289696 0 3.501803696155548 2.19154054671526 107.7721814215183 47.49012640863657 0 5.854811042547226 4.500798583030701 2.217087350785732 10.21219465881586 1401.457521997392 280.177636474371 785.7948508784175 15.97327800095081 0.3771250918507576 12.33543555438519 390.7760865390301 0.2350906878709793 0 16.45600534975529 12.01153841614723 908.1066532731056 400.1577768176794 72.76657377183437 16.40649789571762 48.46686419844627 9.895613074302673 143.216944180429 0
4623.695818819106 0.3341476619243622 485.0518608689308 166.0200310796499 6.860769405961037 1040.028470799327 10546.97046887875 8337.329576835036 72.6519767343998 2949.232780106366 208.7502230703831 776.2502125948668 162.1936499550939 12098.96015739441 28.13861192017794 6.687980100512505 975.5597433075309 15.26543099433184 213.2158192321658 438.8441072255373 180.2488618269563 0.8339591920375824 463.3109807744622 514.8829932957888 9.362305752933025 366.4774072468281 140.2954866960645 772.5300680026412 3824.726121127605 3173.792517565191 14.66292822360992 62.57292518764734 9.620639309287071 634.2591184824705 7.832466408610344 446.5345253497362 63.21105152368546 749.3357165306807 225.7551796659827 417.2758836299181 117.2379129081964 28.04913751780987 16.23639936745167 0.2283145859837532 2.768862463533878 10.14233879745007 0.6859030425548553 0 0.4244631007313728 25.06572710722685 1.226489506661892 9.362670660018921 0.3433388024568558 0.3874467089772224 2.833877436816692 1.510346882045269 2.481245547533035 0 9.046275325119495 1.573672659695148 0.363218367099762 1.592341713607311 2.085911504924297 13.38499089330435 5.365848638117313 4.624248169362545 75.27884113788605 1.017870590090752 4.261617593467236 37.83911058306694 75.31814420223236 9.891046918928623 7.045536316931248 0.1140334010124207 0 0.1291067451238632 1.77162204682827 2.237943887710571 24.14856377243996 1.720403350889683 3.517957404255867 0.7935075610876083 3.607638791203499 0.1683535426855087 0.4327332973480225 0
0.7790032997727394 14.9210758805275 0 89.27688130736351 1499.416849084198 605.0788378491998 3.373993560671806 91.43239665776491 1123.684001758695 8.035171024501324 2.816921390593052 1041.66431504488 3.777590438723564 28.13861192017794 275.3672656714916 0.8408129215240479 0 0.1246977671980858 0.4837539196014404 121.8315245881677 0 142.1429283469915 0.169187068939209 534.7941808253527 1.020912922918797 1.202895984053612 53.86612157523632 18.89753586053848 19.53845691680908 0.1162512004375458 0.5377435460686684 20.67581110447645 0 11.76409831643105 0 254.9014669135213 1.665905773639679 12.9291854351759 5.331361524760723 1356.132088549435 35.71546449512243 0.9429584592580795 0 0 0 0.3218916356563568 0.9131969213485718 0 0 1.41735053062439 0 2.306210100650787 1.51989209651947 0.0971442386507988 1.365262776613235 0 0 0 4.246952690184116 0 0 0 0.5590609610080719 1.252126410603523 1.835247591137886 0.1920318454504013 6.264825507998466 0.1206307932734489 0.1632759869098663 1.452149540185928 4.74379189312458 0.1606722325086594 0.6785741001367569 0 0 0 0 0 13.63716684281826 0 0.3749566972255707 0 2.998781859874725 0 0 0
8.607537373900414 86.29042539000511 10.20594529807568 4.585013680160046 0.2326169237494469 0 77.27028190344572 2.008314207196236 17.92516453564167 8.04225405305624 0.8433330431580544 0 4.988902598619461 6.687980100512505 0.8408129215240479 4631.182095050812 26.46775704622269 0.5614279210567474 9.196855328977108 0.4926188513636589 3860.325647182763 1893.292995154858 3382.825685575604 2672.402306988835 3.792030282318592 18.34408477693796 5692.206253677607 1767.150247320533 54.55621394515038 552.6515501663089 0.8718569055199623 0 16.08508464694023 81.67650810629129 13.06961143761873 1558.732152760029 385.2580413669348 426.2663668990135 509.0171327963471 81.84226094186306 3.476612776517868 2.392927527427673 13.90228006988764 3.5481316447258 22.33801790326834 159.5062104016542 1.688387826085091 0.0961514338850975 2.657180577516556 28.84799340367317 6.387786410748959 66.29767176508904 12.51061876118183 0.623068742454052 1.517600581049919 0.3784633129835129 17.03530335426331 0.3411677628755569 5991.4680878371 7.237918503582478 0.2189636453986168 2.686490744352341 0.08828936517238617 669.4125410690904 1538.51353392005 2843.105111084878 681.8756468817592 0.2102405875921249 9.256363220512867 1629.034061565995 303.2595384567976 69.70521254837513 107.7988693937659 0 0.3549779951572418 8.500078462064266 20.69003039598465 1.894028067588806 250.5997971892357 30.93747353553772 32.01172913610935 43.1733126565814 20.82099679112434 1.178343400359154 2.618103742599487 0.5428973957896233
434.9763463661075 73.56860642880201 5472.517619125545 2.587163828313351 0.4931820631027222 14.54570978134871 317.5251615941525 1164.717758320272 4.05670241266489 65.66940943151712 334.9755796939135 0.4060854315757751 5.227903060615063 975.5597433075309 0 26.46775704622269 1309.081502959132 63.4709163159132 4300.048530220985 1.676440916955471 1765.95806030184 7.308548241853714 3834.83976777643 36.47868995368481 5.255339339375496 1533.730268672109 5063.271821372211 217.7335876449943 1025.299343876541 3070.999407917261 2.254536494612694 3.801461473107338 107.7653530463576 2286.568296685815 1.164692029356956 127.5336407274008 2316.086354322731 940.8044458031654 102.5214441046119 3.669492349028587 0.2454360574483871 0.1268665939569473 1.430020317435265 0.5152133926749229 86.2238597497344 359.9014098122716 0 0.150072306394577 0.9082452207803726 3.393909305334091 0.9294348582625389 2.344518058001995 0.7570117861032486 3.548096358776093 0 2.496641851961613 1.98107548058033 0 20.10758804529905 185.6821651756763 4.6706602871418 178.3437336161733 0 10.27903904765844 9.894947461783886 29.82671336084604 24.88986791670322 2.309265345335007 633.9728231951594 1593.034916058183 16.65576007962227 3.007668137550354 3.911557912826538 0.5954110026359558 0 0 12.17984437942505 0.263446033000946 69.18877243995667 23.63025441765785 84.5527526140213 14.80780804157257 2.948345810174942 0 0.1809723228216171 0.7835966944694519
2.398030191659927 6.91346538066864 9.420862607657909 0.5841047987341881 1.555249825119972 6.668158449232578 2.987715885043144 9.53371724486351 1.097125813364983 12.64666416496038 1908.405354745686 10.51408234238625 36.76864416152239 15.26543099433184 0.1246977671980858 0.5614279210567474 63.4709163159132 233.5814595073462 279.5453277155757 2.705172896385193 5.123266026377678 2.848809480667114 12.79860105365515 2.838794253766537 29.45166931301355 1740.851122692227 1100.536252312362 3.067918665707111 46.54681316018105 7.146016001701355 231.3660634309053 15.15969784557819 1.301740556955338 590.155353538692 2.454205796122551 277.6740838289261 634.7233416810632 758.0451322123408 304.2108115553856 5.597847081720829 0 14.3512772321701 1.356836080551147 0 6.825341433286667 0.6592662334442139 0 0 0.3097191900014877 0.2858355566859245 0.1188362315297127 0.4596180394291878 0.1074573695659637 103.434100523591 0 334.6086552366614 1.144011124968529 0 0.1403947770595551 4.178929582238197 209.9449249282479 120.143681846559 0 0.1142036095261574 0.7923752218484879 0.3926678523421288 0.548549622297287 81.56792157143354 351.9352089315653 335.1094878315926 1.470884151756763 0 0.1225244104862213 140.5502563416958 0.2507309317588806 0 13.07363977283239 0.4420891553163528 10.43002396076918 36.43073312193155 45.64197005331516 12.13628951460123 0.229357436299324 0 1.349338889122009 0
96.51285076141357 99.89920187741518 547.7302278801799 1.722691409289837 2.357226401567459 12.17564018815756 55.39289072155952 240.3333997353911 3.721645541489124 25.90994702279568 1270.902182124555 12.4078012779355 20.90521114319563 213.2158192321658 0.4837539196014404 9.196855328977108 4300.048530220985 279.5453277155757 2825.948633730412 5.938844323158264 143.93445212394 17.59502159059048 421.1616459414363 17.39750406891108 85.4096092954278 3587.254494346678 4132.454118356109 34.27104891836643 387.2368142604828 400.0432700142264 43.08305303752422 40.81721851974726 36.25520340353251 6707.760974228382 6.37507451325655 528.8899564892054 459.0497925281525 3141.529983378947 494.182776466012 9.357680581510067 0.4987890794873238 0.8456632792949677 1.598458088934422 0.1943700313568115 81.61382723599672 36.9201830253005 0 0 0.4295716732740402 1.956756718456745 0.7035616710782051 1.625880233943462 0.1161734536290169 47.73373549431562 0.1104512140154839 69.51487173140049 1.330874003469944 0 2.48653519898653 54.87417560815811 223.8312081322074 818.2459084019065 0 2.949556052684784 3.759812392294407 6.330241538584232 5.689053505659103 117.8609935119748 1383.086647562683 1653.235658317804 3.520897522568703 0.3492389470338821 1.789025381207466 40.59077479690313 0 0 26.00219957530499 0.9124199002981186 37.69521173089743 68.39054178446531 117.1598384827375 20.54577719420195 3.394992612302303 0.2825163602828979 0.5702385008335114 0
9.77472297847271 0.8366790860891342 5.077092252671719 6544.323781274259 28.96844931691885 205.9877362623811 135.6809593737125 417.3463574275374 1622.672103501856 7131.14681597054 48.30346539616585 6289.587863735855 27.39881792664528 438.8441072255373 121.8315245881677 0.4926188513636589 1.676440916955471 2.705172896385193 5.938844323158264 1673.270313486457 0.7187362015247345 2.573642402887344 1.173209957778454 727.9301997423172 0.6251241117715836 9.603692092001438 14.34985446184874 1992.548954181373 604.3382790312171 4.819489896297455 4.707541063427925 35.37587840110064 0.3330424800515175 177.9911031275988 4.97042865306139 1301.336147405207 40.51507593691349 504.9996774941683 161.225965641439 506.1876691430807 41.69936987757683 3.947620436549187 10.96824994683266 2.071258395910263 0 0.4409943521022797 474.0936426371336 3.396162249147892 40.30432435870171 576.1098687127233 6.60622638463974 229.9621092379093 518.7983464375138 0.7694314420223236 357.1621635258198 0.2156553044915199 10.18827975541353 13.7362547069788 2.253181457519531 0 0.2893964350223541 0.09441263228654861 667.6413744539022 1.658451080322266 1.592663839459419 1.00506317615509 722.4609018564224 0 0.5334505140781403 4.406132221221924 526.6549036279321 13.44875710457563 11.36296930164099 0.1450539082288742 0.7353882342576981 0.8198166638612747 4.03232879191637 0.1770880222320557 665.1217352822423 0.08385526388883591 9.763180606067181 3.238200351595879 311.443212762475 3.3068817704916 0.0902167484164238 1.075613036751747
53.50049122422934 2.766638398170471 1293.907449617982 2.067745573818684 0 4.310658507049084 1192.60907573998 125.5036512464285 3.063801139593124 104.8765088841319 35.71498670428991 0.1933634653687477 15.20748767256737 180.2488618269563 0 3860.325647182763 1765.95806030184 5.123266026377678 143.93445212394 0.7187362015247345 12302.14349214733 107.9104736223817 17168.42449098825 64.9419599249959 0.3790623843669891 52.2667668685317 881.8736265301704 6696.266937620938 202.7953413650393 9526.880114018917 1.292572781443596 1.263188436627388 76.74371901154518 5687.094798624516 39.22357480227947 6511.211538486183 617.0694456845522 7311.345729023218 3490.037017330527 312.7420158684254 12.12183568626642 7.867926858365536 61.3018651381135 3.774223133921623 1.542365506291389 8.423761740326881 1.025604002177715 0 1.309671878814697 17.0084583312273 1.594140365719795 40.69755962491035 4.645375579595566 0 0.7955753356218338 0 6.802867218852043 0.9497878327965736 1156.690641850233 0.7059546560049057 0 2.296549126505852 0 515.8063242733479 222.359026581049 464.1873665004969 470.465671248734 0 5.65927654504776 85.75466116517782 230.8811841383576 68.85813553631306 104.1635525971651 0 0 5.244587510824203 17.23516765236855 0.4941906034946442 166.742032289505 2.820125684142113 15.16523772478104 10.55227699130774 16.05582696199417 1.080952525138855 0.344050794839859 0.7243577912449837
0.6270230710506439 2932.166252054274 14.44812399893999 5.574766382575035 15.07015187293291 0.194279171526432 14.2006319463253 0.470008373260498 2466.251191213727 1.938548244535923 3.519397504627705 1.934526666998863 44.82034259289503 0.8339591920375824 142.1429283469915 1893.292995154858 7.308548241853714 2.848809480667114 17.59502159059048 2.573642402887344 107.9104736223817 1769.1361464113 90.57261630147696 7208.152445144951 423.5212379992008 44.95154681056738 7694.820930868387 86.29979042708874 5.415675029158592 15.50501294434071 10.43295358121395 0.2465399354696274 0.6092232689261436 8.462813436985016 0.6608811467885971 37.6820225417614 28.30352377146482 29.66625522822142 11.64310260117054 246.0840976089239 0 1.23374205827713 0 1.931565053761005 48.57823237031698 85.97230239212513 0.6555512696504593 0 0 6.912774629890919 1.839413486421108 60.42432416975498 3.321075133979321 0.6121473535895348 0 2.946247056126595 3.323866344988346 0.2649422585964203 1634.592239193618 6.517568580806255 1.676955975592136 6.813876949250698 0 126.3869352340698 392.7051827982068 310.5422713086009 494.8639630004764 3.181160159409046 22.31665769219398 1663.359236590564 112.7385938838124 20.20287764072418 24.28098490089178 0.4092053025960922 0 1.661848232150078 4.79209440946579 0.1807852536439896 59.49873544275761 7.784044474363327 12.50493897497654 14.58919473737478 3.065564706921577 0.4905134737491608 0.1514139026403427 0
101.4287418946624 20.0729371085763 19447.65842312574 5.79305275529623 0.3849925845861435 12.19099114835262 1346.526462674141 433.0928479805589 4.000255733728409 175.6089097931981 66.16146563738585 0.3330804109573364 15.88025008141994 463.3109807744622 0.169187068939209 3382.825685575604 3834.83976777643 12.79860105365515 421.1616459414363 1.173209957778454 17168.42449098825 90.57261630147696 18275.52603780478 474.6764824911952 2.196549154818058 1736.662209101021 13623.73177812994 3371.523815140128 165.9832718595862 5517.056978628039 1.75755575299263 4.291560277342796 10.55408484488726 3596.550056666136 69.92169705033302 10406.91249577701 4287.459333114326 9294.570539861917 7493.686190336943 427.6941146180034 8.296819917857647 7.17588047683239 86.17449001967907 4.036073230206966 27.27135425806046 921.2949245199561 1.622943520545959 0 3.042585819959641 26.97773535549641 22.94211990386248 16.25865020602942 13.49189072102308 2.215806603431702 0 0.6338899433612823 30.39578398317099 0.1301228851079941 3062.661058165133 38.67779747396708 1.435295030474663 13.2966992482543 0 309.0051509067416 537.1901662051678 2663.425497882068 206.2149884402752 1.08224543184042 40.41938211768866 3820.734857946634 108.3391790315509 26.93067288398743 55.72402979433537 0.3866444826126099 0 3.63028647005558 13.20033767819405 4.160694435238838 241.8144623488188 59.86547590047121 49.23615050315857 55.85213118046522 15.23258992284536 0.09842473268508911 0.7225969880819321 0.5658887624740601
222.5048471614718 506.4930866584182 40.73723148554564 1857.689019963145 85.28803800046444 13.60586760938168 1953.047176644206 409.0164036676288 9981.853092126548 632.1266630664468 12.73046234995127 56.39732705801725 34.47547183930874 514.8829932957888 534.7941808253527 2672.402306988835 36.47868995368481 2.838794253766537 17.39750406891108 727.9301997423172 64.9419599249959 7208.152445144951 474.6764824911952 10841.01138959825 32.30222607403994 40.38894813507795 3281.403283655643 5952.468785695732 1384.609013609588 563.7175609394908 3.670332461595535 11.81678491085768 187.7305778414011 440.8276055306196 10.72061986476183 1542.928901895881 84.11170973628759 930.7765905037522 403.5608349144459 906.7510121166706 45.53905175626278 18.88005392253399 17.471590064466 47.10999143123627 23.94101934880018 34.07807107269764 331.6786543875933 2.925097428262234 38.81642305850983 1391.502191752195 52.68796386569738 1042.428069069982 362.5705250576138 2.345948792994022 147.447460770607 0.4479482769966125 153.1339267417789 5.657150000333786 770.8304296731949 7.067776203155518 0.8745366856455803 3.737057201564312 395.6286683604121 392.8617434203625 401.1066750735044 151.0080786272883 4776.258152902126 0.6939981728792191 14.15185598284006 228.1427601054311 3831.758062422276 478.0851873829961 369.0238335952163 0.3285013288259506 2.122669488191605 14.3735384196043 76.93997820466757 3.346552893519402 961.0094594731927 10.76403943449259 141.5228367745876 67.87335143238306 272.7416492700577 22.98681562393904 5.09709657728672 7.831949800252914
0 2853.909650400281 0.7387305721640587 0.1103492379188538 3.001863270998001 3.788754023611546 3.544706769287586 8.301243863999844 27.8300521671772 3.729029506444931 892.2852684035897 3.330960065126419 4089.172891244292 9.362305752933025 1.020912922918797 3.792030282318592 5.255339339375496 29.45166931301355 85.4096092954278 0.6251241117715836 0.3790623843669891 423.5212379992008 2.196549154818058 32.30222607403994 1470.744346760213 341.9646225273609 5754.752201646566 1.731662198901176 11.23618776351213 0.7884190604090691 384.4582316204906 13.77724678814411 0.1801966726779938 358.2425914108753 1.060526639223099 234.1495374888182 713.0512928292155 1495.983979031444 322.155675470829 2.862675219774246 1.22055459022522 745.6453768759966 0.3650760650634766 0 534.2801443934441 1.723178155720234 0 0 0 0 0.6164714619517326 0.2839599102735519 0 228.0550784766674 0 839.5425261110067 0.09842671453952789 0 0 2.654263228178024 113.2791580185294 119.0849077031016 0 0.13138447701931 4.340105928480625 1.536837309598923 0.6025174036622047 315.8302585110068 389.3405529111624 1220.798851311207 0.1511027365922928 0.2913307845592499 0.3991915509104729 78.78121664375067 0 0 34.42199447751045 0 34.14486353099346 149.281025595963 109.2830804586411 20.469936221838 2.122784748673439 0 82.56075110286474 0
77.51768779009581 546.9935252889991 7340.54399728775 9.848576240241528 2.339724406599998 33.39877191185951 556.0994030460715 430.5163455754519 4.443519428372383 211.1339106559753 1826.312271274626 20.15843745321035 134.5174829214811 366.4774072468281 1.202895984053612 18.34408477693796 1533.730268672109 1740.851122692227 3587.254494346678 9.603692092001438 52.2667668685317 44.95154681056738 1736.662209101021 40.38894813507795 341.9646225273609 32733.05669476837 23080.24481043965 131.5314502716064 286.4017579108477 303.09947334975 1771.925530061126 34.85393358767033 21.08437433838844 1006.512926742435 7.906207732856274 1027.546078950167 2463.16764433682 2686.211882188916 600.5254955664277 17.7684398368001 0.5685996785759926 51.87037906050682 3.657859168946743 0.7815934866666794 419.8934270143509 193.2968554720283 0.3245664238929749 0.2452729567885399 0.5807330384850502 3.172793664038181 2.651321761310101 4.598320811986923 1.473869226872921 238.7746971845627 0.2304710522294044 891.9342554360628 4.330184146761894 0.120245173573494 4.319770723581314 322.1416177004576 835.0391974523664 1874.417287118733 0.3018172681331635 4.373660676181316 14.3092789426446 27.74096073955297 15.12841332703829 701.3595332056284 4498.968620859087 6379.500464133918 7.187271058559418 1.782852247357368 6.151806637644768 423.3785307332873 0.1352833807468414 0 83.86397090554237 2.691090449690819 167.8904045969248 283.9920214861631 482.8572837337852 98.21893335878849 4.961848542094231 1.232821643352509 7.675518415868282 0
25.07125751674175 8770.367759570479 11542.81792721152 19.4968129992485 11.05572777241468 12.3934490531683 937.536237038672 138.586875885725 796.1797711327672 137.5186484158039 804.2796973884106 18.40073768049479 3828.422425679862 140.2954866960645 53.86612157523632 5692.206253677607 5063.271821372211 1100.536252312362 4132.454118356109 14.34985446184874 881.8736265301704 7694.820930868387 13623.73177812994 3281.403283655643 5754.752201646566 23080.24481043965 41758.713652201 2396.991504959762 177.1350833922625 164.6071298569441 1059.72350204736 41.64186618477106 11.0611859485507 3899.938480749726 123.0588180348277 9928.682318516076 5677.53649456054 15181.12069286406 5311.341401942074 294.1407662332058 2.444023072719574 72.69023875147104 53.04093185067177 9.53740207105875 3806.664368368685 2983.188266731799 1.251896068453789 0.2269765511155128 6.287167005240917 62.67401078343391 66.52656175941229 73.35629323869944 19.90928552299738 162.0201901271939 0.4736756831407547 718.4035200029612 98.77499464154243 1.238004021346569 1318.104919463396 809.8979916796088 621.8487939834595 2331.555634915829 1.218841180205345 69.74923421442509 1855.55051125586 1810.200577110052 456.2598074600101 1166.20209864527 5896.396134682 26157.16785365343 118.6020180210471 15.51857886463404 44.56221643835306 251.0803425237536 0.2232200652360916 0.3158187568187714 128.6913578882813 16.27514220029116 638.4590241238475 380.9094189032912 714.2800517603755 201.2618515715003 32.87497677654028 0.3509438335895538 8.899953737854958 2.642718613147736
286.9536226838827 14.55360914766788 1234.170437954366 4419.470492236316 7.090074397623539 46.50125167518854 21827.78305342793 558.5913762673736 1075.697741486132 11078.0840703249 27.9074996560812 217.154232531786 78.20033297687769 772.5300680026412 18.89753586053848 1767.150247320533 217.7335876449943 3.067918665707111 34.27104891836643 1992.548954181373 6696.266937620938 86.29979042708874 3371.523815140128 5952.468785695732 1.731662198901176 131.5314502716064 2396.991504959762 24576.44745902717 1940.692408658564 13677.5629433915 3.106961138546467 23.13483861833811 485.6707398667932 1665.304382257164 26.66564548015594 3723.785557426512 199.0910812169313 2670.59599815309 1213.867169670761 388.6191588640213 77.56258808076382 24.91512949764729 40.81009740382433 40.54453926533461 8.691499955952168 40.20170453190804 181.2416541576385 1.072568744421005 17.66473256796598 1008.035280711949 41.47940831631422 338.8494832068682 212.7324368208647 1.19613566249609 52.09677974134684 0.210188552737236 109.0156770944595 2.098922125995159 451.5608920827508 8.343835778534412 0 4.82965475320816 199.2438260838389 527.1345567628741 191.3604387193918 120.4533149152994 2913.859243072569 0.3796431124210358 9.974162980914116 241.3644612133503 2858.230013251305 409.4538795873523 403.7520591467619 1.264239303767681 0.9335303008556366 17.31360662728548 66.67998999357224 2.74360379576683 898.0339847505093 4.005201920866966 121.914319999516 62.04065747559071 188.6284788399935 17.35462763905525 16.27411962300539 5.925966203212738
