1319.361836090684 0 40.70450713485479 15.64869361370802 0.4607644453644753 5.013748019933701 1963.622000947595 197.5773349031806 34.30510871857405 40.52670752257109 34.05586474388838 0.6131328940391541 0.3092836439609528 5146.486062325537 0 2.535534530878067 324.6818633452058 14.21308720856905 128.5472481548786 6.146922431886196 38.6279581412673 0 78.08930063247681 158.6228046566248 0 57.48427980393171 9.835331305861473 247.9944011569023 5215.466600984335 3077.649905957282 1.041256785392761 0.9125341400504112 64.33843736350536 122.0849845334888 1.361398339271545 7.810820050537586 0.691201888024807 50.41133345663548 6.149919919669628 2.846502617001534 0.1402185559272766 0 0 0.6579642295837402 0.166664332151413 0.3665878474712372 0.6853369027376175 0 0 9.5312395170331 0.1978855580091476 6.834938064217567 0.9231147840619087 0.1042519584298134 0.5775067731738091 0.5230731964111328 1.016247868537903 0 4.505874812602997 0 0 0.7251200452446938 0.1911776810884476 4.691480070352554 0.2603162676095963 0.9306583553552628 43.49503517150879 0 0.2715985327959061 1.755240023136139 38.77956565469503 5.560545355081558 7.336704172194004 0 0 0.09501383453607559 1.094686165452003 0 9.882145322859287 0 1.628018505871296 1.517581641674042 1.468720048666 0.8336564004421234 0 0
0 434.1852165311575 20.81167364120483 1.92450824379921 6.713054150342941 1.2597940787673 6.793929405510426 0.8680717945098877 775.3535266146064 0.7477947548031807 156.5045796483755 3.005081750452518 625.7668808400631 0.3553486913442612 34.91118201613426 57.73447431623936 8.77049095928669 3.041406311094761 24.16227153688669 0.09462271630764008 11.71488924324512 2271.05330080539 4.500619724392891 1719.348935864866 2909.905563354492 74.69432202726603 6945.256394714117 22.47165098786354 2.31916444003582 2.376797020435333 28.20320405066013 0.3911989480257034 0.5025344491004944 30.59812528640032 0 18.91099962592125 113.4140627533197 35.69218225777149 18.18158674240112 92.75940500944853 0.3568114712834358 112.7610390931368 0 0 77.2444790750742 74.95984689891338 0 0 0 0.6235154569149017 0.1236393824219704 4.411313995718956 0 8.464779444038868 0.1587481647729874 31.16448538005352 0.1977954059839249 0 12.92462758719921 76.14369898289442 8.497461020946503 112.0999567806721 0.1487708538770676 0.7225672081112862 47.73381769657135 3.435114324092865 27.31785806268454 22.37428048253059 422.5279102027416 2896.984243772924 4.459831565618515 0.7318300530314445 0.7620339393615723 7.596248865127563 0 0 8.725425943732262 0 49.66098188608885 31.30619645118713 40.9334100484848 18.26985246688128 1.196334093809128 0 2.738796353340149 0.228332594037056
40.70450713485479 20.81167364120483 8189.268652163446 33.15634074807167 0.1833856701850891 14.63568621873856 3243.510984994471 510.3603707924485 3.130336597561836 793.1542621850967 20.29293140023947 0.6991094350814819 12.9523688107729 722.1064911782742 0 9.195605859160423 4025.672306574881 21.93654228746891 361.5039898902178 8.383781030774117 729.0542329773307 11.04330278933048 18408.52963645756 43.90066508203745 0.4062881767749786 6158.509359315038 11697.53038139641 2297.625888466835 70.09422735869884 1120.278736181557 21.50516897439957 0.1994882002472878 0.6143800616264343 397.0727419555187 25.4638573974371 1993.893252469599 1402.985813558102 1901.245164781809 922.3922215774655 49.03431111574173 4.866024136543274 1.0586898624897 7.128716513514519 5.711273357272148 167.2896840125322 2660.267525948584 1.883777797222137 0.1528478562831879 1.066805616021156 34.45034484565258 28.12951108068228 13.09174072742462 8.885600849986076 1.297008082270622 0 1.23138140141964 59.28163590282202 0.5381079167127609 69.70975978672504 689.1459108665586 4.563670203089714 90.38217858225107 0.3206097185611725 20.75490645319223 161.601503290236 333.7826555818319 134.8699018657207 2.191073782742023 453.2626219987869 7487.087189264596 49.5642761439085 12.68031711876392 24.14508306980133 1.060965456068516 0.3730091154575348 0.1968474686145782 33.72608385980129 1.382617577910423 150.654406554997 31.31588754802942 106.0434429123998 75.51791228353977 2.302173465490341 0.209233894944191 1.885502219200134 4.496251851320267
15.64869361370802 1.92450824379921 33.15634074807167 7790.08377739042 15.50529620051384 21.84097354114056 238.8597102165222 66.16232588887215 1981.990095630288 4801.298168383539 9.945240713655949 1076.572711147368 2.784298844635487 146.8945052698255 94.66245344281197 0.7549356147646904 5.200444795191288 0.2000797539949417 1.62193962931633 8813.921690165997 4.707094706594944 2.306287460029125 6.85364730656147 2346.333953849971 0.5034331232309341 15.23669678717852 18.10646162927151 6872.48578440398 340.4702230095863 3.833113268017769 0.7151568233966827 2.559146240353584 4.541930384933949 44.59345546364784 5.106389656662941 353.4024749472737 10.09850153326988 210.256996512413 66.39071730524302 387.0481057688594 17.29525299370289 0.8024536371231079 3.43339429795742 2.477609671652317 0 2.680808529257774 554.5720412135124 4.951700896024704 23.97390158474445 206.3317051455379 12.36373679339886 271.3125421628356 391.0927156433463 0.9878808781504631 266.2486945167184 0.1362226754426956 15.53050646930933 23.50594741106033 0.6038056761026382 0.2787378430366516 0 0 635.5676551237702 1.681514546275139 1.602857857942581 3.601258680224419 702.5227179303765 0.1133498996496201 0.9076643139123917 3.28510470688343 452.3450779467821 14.06292282789946 3.601259410381317 0 0.5225205719470978 0.2878464460372925 5.289663031697273 0.729251354932785 209.408873192966 0.7409626469016075 12.90477275103331 4.014465048909187 299.6723092719913 2.343830719590187 0 1.919358998537064
0.4607644453644753 6.713054150342941 0.1833856701850891 15.50529620051384 57.87174957245588 341.0631411448121 0.5248821452260017 13.71288377046585 225.923140078783 8.353759579360485 27.7901074513793 435.3320834487677 41.98150614649057 3.255681604146957 1664.917616687715 0 0 0 0 20.51817993819714 0 8.628460384905338 0.1537933796644211 64.30429837852716 1.86580291390419 0.4889899492263794 5.338872276246548 6.567607097327709 7.944278314709663 0.4692004397511482 0.3126775324344635 167.858280017972 0 181.0658381134272 0.2896950542926788 48.45998036116362 7.409552037715912 210.380850404501 65.02757605910301 2305.29528953135 203.6246118545532 6.400063931941986 0.6026563048362732 0 0.1530907303094864 0 0.1266533583402634 0 0 0.138524666428566 0 1.85434801876545 0 0.300973653793335 0.4634815901517868 2.554975003004074 0 0 0.5861276909708977 0 0 0 0 0.2260172888636589 0.6343453675508499 0 2.999266259372234 0 0 0.1431381702423096 0 0.1926121711730957 0.1378722041845322 0 0 0 0 0 0.6861784011125565 0 1.854897290468216 1.771479725837708 0.5248424410820007 0.3432392179965973 0.7125142812728882 0
5.013748019933701 1.2597940787673 14.63568621873856 21.84097354114056 341.0631411448121 16339.53381233662 305.1801301389933 6866.658783204854 128.8447159826756 8215.377286620438 116.1448062360287 7549.866613939404 60.03208521008492 656.6884036511183 515.9796827957034 0.2817500829696655 9.853409357368946 4.737599231302738 6.310490570962429 329.0298322290182 1.579823650419712 2.266525566577911 3.435688950121403 74.19790359586477 4.061267852783203 11.83367348462343 13.51742443442345 40.33238314092159 443.7532357499003 21.58106065541506 5.203767403960228 661.7268925011158 0.2245803847908974 157.6221737787127 70.72954012453556 806.5473127439618 32.87093133479357 489.807066462934 148.7840082794428 2551.805298119783 187.642595089972 11.71801965683699 9.079583302140236 0 0.159185454249382 0 5.885868914425373 0.5183613076806068 2.878081969916821 5.068743616342545 0.2835431843996048 2.151492491364479 7.566731363534927 0.4159278348088264 37.82670337706804 1.471971653401852 1.424766153097153 1.591804437339306 0 0 0 0.2003958225250244 11.38107300549746 0.2484317570924759 0.1596929877996445 0 12.191679649055 0 0.4383372813463211 1.213647894561291 15.6867541372776 0.3855688571929932 0.850687712430954 0.259386271238327 0.1093783900141716 0 0.3174577653408051 1.333763867616653 78.57606066018343 0.9751400947570801 2.780240118503571 4.555461019277573 50.0781738832593 0.5465094447135925 1.666834101080894 0
1963.622000947595 6.793929405510426 3243.510984994471 238.8597102165222 0.5248821452260017 305.1801301389933 24386.31210428476 3054.96863476932 335.2448195964098 14638.21318954974 64.589952647686 16.3270116969943 15.66128304600716 10967.26592039317 2.150299534201622 46.98132112622261 696.5867204591632 13.33539240807295 113.619995996356 117.6119059473276 648.7982808127999 14.71193136274815 766.4028100371361 1040.211430124938 1.318219438195229 771.6362059935927 999.8200838267803 24795.21395052969 1261.760911114514 3329.481552176178 9.043829843401909 16.62608963251114 20.39802415668964 247.011597007513 22.26400120556355 1955.579370647669 91.77889373153448 1335.89579000324 491.2973863258958 180.789639018476 100.141734495759 6.917234092950821 21.12718549370766 9.329686567187309 5.852804630994797 50.76629569381475 71.94234497100115 0.6361068487167358 13.42921444773674 393.137761220336 19.66870888322592 164.3547251224518 99.45901036262512 1.649090126156807 21.78462716937065 0.316658727824688 28.98715332895517 2.056672111153603 72.28644998371601 10.42749632894993 0.9876631051301956 7.573830634355545 106.4259819611907 28.88001641631126 25.8537389934063 86.89781275391579 899.460140556097 0.1223338693380356 14.43200646340847 255.4507510662079 1164.066459149122 100.7207939997315 65.97136487066746 0.1488505005836487 0.479525551199913 3.933766692876816 28.7136614844203 2.913303971290588 360.897383697331 3.415512084960938 77.93381374329329 29.26749810576439 171.9258259087801 18.84789283573627 0.4921045750379562 7.485622897744179
197.5773349031806 0.8680717945098877 510.3603707924485 66.16232588887215 13.71288377046585 6866.658783204854 3054.96863476932 18214.87147285044 35.59350852668285 9168.63948572427 188.9567287564278 1310.963859476149 104.6550788357854 10650.3570080474 39.43984095007181 1.555457442998886 962.7640947848558 24.54165989160538 257.9789097011089 341.5910410657525 50.4263751655817 0.4234505966305733 141.8715408891439 141.2165597900748 6.16483811289072 406.3506774306297 47.4044020101428 364.3139585256577 387.9304825589061 1693.318720683455 3.600801795721054 319.0593605935574 3.118933990597725 214.2239645943046 11.46048579365015 706.6659396886826 49.1905257627368 525.7991525530815 206.4386240839958 994.1399958133698 142.8015181347728 26.35126593708992 8.883007742464542 0.5328693985939026 0.1761814206838608 1.682262659072876 4.911234714090824 0.4239281043410301 0.8424495235085487 14.07304786890745 0.5477869585156441 8.982095628976822 5.580088548362255 1.248239308595657 8.984585739672184 1.394964978098869 1.469137519598007 0.6694850474596024 1.172903992235661 0 0.1434751749038696 2.818823374807835 8.24015811085701 0.2458594664931297 2.235683977603912 0.7974398881196976 35.30706571787596 0.341424435377121 2.306795470416546 11.80586811900139 33.35739649832249 2.895827807486057 5.052204176783562 0.207816019654274 0.2378005087375641 0 1.881495341658592 0.3668686151504517 24.49491076171398 1.176936462521553 4.821119241416454 8.921390540897846 12.30644827336073 0.3890060484409332 1.427676811814308 0.3018700480461121
34.30510871857405 775.3535266146064 3.130336597561836 1981.990095630288 225.923140078783 128.8447159826756 335.2448195964098 35.59350852668285 1055.672446131706 172.1657271310687 7.468402296304703 712.371392570436 43.73066339641809 70.47682538628578 1245.895926512778 94.310746781528 6.281936511397362 0.34659044444561 1.720265261828899 851.8579423576593 41.84389231353998 1847.387928307056 10.48118242621422 9413.607467196882 172.8027610480785 3.984680332243443 592.4589103460312 1321.151816874743 270.8666147962213 83.27743459492922 2.250740386545658 9.233329966664314 35.28605011850595 34.90988567471504 5.557806268334389 277.2949047908187 35.79598478227854 139.2791239097714 66.12242368608713 1751.367065832019 12.81857720017433 3.097300864756107 2.886529013514519 10.52867272496223 3.45284079015255 1.408692248165607 291.1362560912967 6.422165125608444 16.12210954725742 171.9974050149322 10.76679600775242 139.7997975870967 180.239438354969 1.59873028844595 184.7751827985048 2.506481535732746 30.64607218652964 16.56814634054899 66.32914969325066 0.6703369989991188 0 1.761120900511742 259.3795687109232 15.98679783940315 53.91707007586956 5.107950337231159 2015.166694097221 0.2781202793121338 3.78577858954668 17.97601152956486 767.0451117753983 89.41413944214582 43.65229195356369 1.778292037546635 0.6358988732099533 3.812299311161041 21.17941701412201 0.7913862466812134 113.7530798017979 2.480568245053291 33.87861872464418 15.56283932179213 134.0571806430817 6.889108806848526 0.2120113670825958 1.198514223098755
40.52670752257109 0.7477947548031807 793.1542621850967 4801.298168383539 8.353759579360485 8215.377286620438 14638.21318954974 9168.63948572427 172.1657271310687 38689.84299693257 280.1968235298991 5391.707165047526 66.02800973504782 3539.274164132774 10.9404559507966 2.773113608360291 146.9223736897111 24.53862988203764 35.10363023728132 8758.566684998572 67.28292229026556 1.358054399490356 76.38249412924051 760.2557605132461 8.893896117806435 277.2292669638991 141.7882776856422 12475.39926446229 2828.880205214024 90.84118089079857 14.34013564884663 90.09670682996511 7.04549752920866 602.3704572767019 50.46582067012787 2263.969832070172 99.42284831404686 2224.178481630981 491.2538611143827 172.509881593287 141.1531101167202 20.88337749987841 30.7758384346962 1.623098574578762 1.164902552962303 14.62800265103579 175.0748586952686 3.220343708992004 10.25037528574467 176.8075512498617 10.35754339396954 72.52460584044456 157.0679178908467 3.053802728652954 118.9075050652027 4.249528311192989 7.812967829406261 6.029977895319462 7.548331692814827 3.249740861356258 1.572238206863403 1.805148020386696 223.7021762430668 0.81977828592062 0.1463247388601303 9.933212831616402 345.2383141219616 0.9901075214147568 6.628324717283249 45.58872156590223 296.0785859301686 11.28253091871738 6.245335578918457 0.1891424953937531 0.1281488835811615 0.8350578621029854 1.39370134472847 4.424974516034126 170.6244032233953 3.955874405801296 19.668371707201 18.34026196599007 140.9351433217525 1.525811940431595 5.50682607293129 1.445244789123535
34.05586474388838 156.5045796483755 20.29293140023947 9.945240713655949 27.7901074513793 116.1448062360287 64.589952647686 188.9567287564278 7.468402296304703 280.1968235298991 14410.51607147604 189.9147259891033 2441.630977928638 310.9837606474757 2.158792644739151 6.521713986992836 257.3485960140824 2590.711806304753 1562.895643562078 67.8326516225934 55.15863973647356 20.26731028407812 52.97299944609404 28.79087720066309 816.1018135920167 1883.73192794621 1609.10005839169 49.36429267376661 1324.450282156467 97.70917592197657 689.5648860931396 327.4757582247257 39.49736784398556 7415.770741686225 8.086785987019539 521.4431343600154 4563.554211519659 6799.251784399152 1619.844244942069 43.01188215613365 25.00308238714933 450.7203448563814 2.308790139853954 0.2140383347868919 48.43069680780172 2.155334196984768 0.309063546359539 0 0 3.343662738800049 0.1518553197383881 2.863962531089783 1.846502721309662 828.2545907273889 3.285374894738197 2482.366049207747 0.732493631541729 0.2230322808027267 3.451260671019554 2.510327003896236 153.3170022964478 54.73185752332211 0.7969434559345245 0.7707926332950592 4.363386183977127 1.926751852035522 11.21899259835482 386.937100328505 346.8306430280209 603.2414402663708 7.18044114112854 3.145518980920315 2.48929089307785 356.7288418710232 1.258058249950409 0.8391571044921875 87.01671782135963 0.2961335480213165 21.98611724376678 729.5917494818568 130.6443498060107 18.38046007603407 2.248373538255692 0.1756704300642014 418.8333803489804 0
0.6131328940391541 3.005081750452518 0.6991094350814819 1076.572711147368 435.3320834487677 7549.866613939404 16.3270116969943 1310.963859476149 712.371392570436 5391.707165047526 189.9147259891033 15265.40235140175 56.19573196768761 478.5115756392479 1454.631461374462 0 0.4018496572971344 10.70640686154366 6.736772634088993 8326.078847013414 0.401536799967289 5.623143188655376 1.028058558702469 473.4006180241704 2.426350183784962 17.60446229577065 23.63132578134537 235.9706187546253 716.463098526001 1.158509835600853 9.016245424747467 122.7790917828679 0.1508241295814514 240.7570491284132 17.69747146964073 1150.781945973635 36.70719811320305 780.9060885235667 164.016743093729 3360.803113810718 80.87938760221004 12.35558080673218 1.396695502102375 0.1131699755787849 0 0 187.5851931348443 6.82554005086422 43.31975090503693 31.28015817701817 10.63861367851496 70.30083391815424 167.8511223942041 1.371684312820435 862.6370278522372 1.18980497866869 7.526502162218094 42.96514267474413 0.1603648662567139 0.1419774889945984 0.5482172295451164 0.1171695739030838 408.8713720589876 0.1659570634365082 0 0.1876827478408813 125.3060270100832 0.3627521097660065 0.8777599856257439 1.239132486283779 66.2039653211832 4.813420839607716 0 0.2418195679783821 0.569383792579174 0.3261438310146332 4.433409534394741 0.5021485239267349 488.9201543852687 0.5952349901199341 5.765048503875732 3.229373075067997 575.3163365721703 0.8883187621831894 0.789110854268074 0
0.3092836439609528 625.7668808400631 12.9523688107729 2.784298844635487 41.98150614649057 60.03208521008492 15.66128304600716 104.6550788357854 43.73066339641809 66.02800973504782 2441.630977928638 56.19573196768761 4736.18581070751 71.98453003913164 1.298694938421249 5.576292730867863 2.131670825183392 39.98558883368969 7.672380402684212 20.19801031053066 16.9953171312809 106.033237375319 8.864622727036476 64.56251307576895 3039.691906183958 102.5774005129933 3754.225709192455 40.5970609113574 188.2702799290419 2.774060875177383 251.8886846080422 249.6167239025235 0 850.7549919188023 65.20296519249678 2886.72867359966 5408.929510004818 3341.93549489975 1483.905991993845 140.4778419584036 143.2118007466197 732.0140359997749 16.5795573592186 0 48.62170498818159 0.1618839651346207 0 0 1.477952614426613 0.344086617231369 1.875089399516582 4.827494606375694 1.220392942428589 1245.180097728968 0.6089368686079979 3588.804528661072 1.548559248447418 0 4.081053778529167 0.6985954642295837 155.030073069036 27.40004532039165 0 2.60056209564209 7.824130073189735 2.520199254155159 7.003490127623081 1017.722362443805 263.6360767036676 728.8972383216023 4.177168920636177 1.515742234885693 4.389532908797264 486.9029150605202 3.756605558097363 0 72.12045104056597 25.15057833492756 192.0393518805504 745.481064915657 237.809874676168 145.5603133440018 23.8475199341774 10.5036416426301 304.7483926638961 2.788934946060181
5146.486062325537 0.3553486913442612 722.1064911782742 146.8945052698255 3.255681604146957 656.6884036511183 10967.26592039317 10650.3570080474 70.47682538628578 3539.274164132774 310.9837606474757 478.5115756392479 71.98453003913164 17835.54699151963 7.026406086981297 2.937805511057377 1536.740534432232 48.54299087077379 433.0173114985228 329.2125350609422 132.058312036097 0.7511998787522316 299.8610256910324 414.6229727566242 4.331956692039967 568.7666633799672 66.30691497027874 906.3162843510509 3460.434908770025 5155.586423195899 5.838757008314133 366.0771225094795 13.19661697745323 431.6244117170572 7.984820358455181 345.0919261798263 43.7763521745801 634.03649430722 152.5579887032509 167.5132331848145 84.35072136670351 18.01003590226173 5.518754526972771 0.7859073206782341 1.211914524435997 4.043463438749313 3.086236543953419 0.1015344932675362 0.2608311250805855 23.08840005099773 0.8212380409240723 19.18358862400055 3.942851953208447 0.1174677982926369 6.351985745131969 1.821987308561802 3.279093652963638 0.5438595116138458 5.661490432918072 0.6903255581855774 0.1124269142746925 2.204736560583115 4.082490727305412 6.946704022586346 2.737763196229935 2.521210573613644 109.6100332885981 0.4188379347324371 3.941150985658169 19.96435822546482 94.20750821381807 13.59457724541426 8.77920188754797 0.6433637589216232 0 0.1911365687847137 2.117229394614697 0.19317726790905 23.17860016971827 1.729686930775642 9.675039432942867 5.846710585057735 11.56524242460728 1.120174154639244 0.8715638369321823 0.5869057178497314
0 34.91118201613426 0 94.66245344281197 1664.917616687715 515.9796827957034 2.150299534201622 39.43984095007181 1245.895926512778 10.9404559507966 2.158792644739151 1454.631461374462 1.298694938421249 7.026406086981297 196.1625310778618 0.284464955329895 0.47197125852108 0 0 115.9272396117449 0 86.32102419435978 0 451.2821498289704 9.244403786957264 0.1139488890767097 41.56076526641846 38.20318374037743 9.731651052832603 0.969808429479599 0.219460554420948 240.4411134123802 0 1.808481827378273 1.969244182109833 12.04663648456335 0.3768314123153687 5.687811508774757 2.131201647222042 879.7668503448367 57.25446987897158 0.336118295788765 0 0 0.3597249984741211 0.1505669355392456 0 0 0 0.1101709604263306 0 2.946396976709366 0.3822682946920395 0 1.534039884805679 0 0.1101597547531128 0 3.501040369272232 0 0 0.1750806421041489 0.6913716793060303 1.011365443468094 3.810701504349709 0.2298273891210556 8.418921604752541 0 0 1.308386236429214 2.957135856151581 0.1581732034683228 0.6030003130435944 0 0 0 0.5242318511009216 0 2.890539079904556 0 0.1063496917486191 0.2421065866947174 0.8071684241294861 0 0 0
2.535534530878067 57.73447431623936 9.195605859160423 0.7549356147646904 0 0.2817500829696655 46.98132112622261 1.555457442998886 94.310746781528 2.773113608360291 6.521713986992836 0 5.576292730867863 2.937805511057377 0.284464955329895 5202.713853731751 22.32588016986847 0.4312443509697914 10.46698185801506 0.1536409109830856 3767.066817909479 2612.678856268525 2483.066174767911 2498.004102177918 4.109266400337219 8.016858197748661 6843.020975984633 1070.152816787362 16.33395686000586 194.2249341607094 0.5146697163581848 0 7.259115397930145 104.8035745546222 16.89912517368793 1310.908555112779 332.5093595162034 319.3361791297793 560.7156838849187 15.43410727381706 4.490507677197456 5.408341586589813 10.60491652786732 7.79671186208725 9.939757764339447 39.5114009976387 1.663319610059261 0.7999520152807236 0.6123401522636414 28.16175346076488 2.053550019860268 99.30934888124466 14.11456068605185 0.3001725673675537 0.1215127632021904 0.1239559799432755 6.985720448195934 2.916492536664009 5287.887013182044 4.657280839979649 0.08172759413719177 4.516396351158619 0 595.1261426657438 1779.889222152531 2872.264279276133 606.9573535248637 0.2964693680405617 15.2494747787714 1418.445169433951 259.9094606041908 56.67318188399076 163.8871944919229 0.949333667755127 0 4.511104717850685 8.133486390113831 1.508723169565201 181.5130653604865 9.989736162126064 29.52950443327427 33.38764751702547 24.30183398723602 0.994013637304306 1.977621763944626 1.302254676818848
324.6818633452058 8.77049095928669 4025.672306574881 5.200444795191288 0 9.853409357368946 696.5867204591632 962.7640947848558 6.281936511397362 146.9223736897111 257.3485960140824 0.4018496572971344 2.131670825183392 1536.740534432232 0.47197125852108 22.32588016986847 974.5984073728323 140.0012722834945 2477.772661879659 1.88984576612711 1242.470674216747 7.593790099024773 2777.325629502535 64.13225951045752 2.414163462817669 1235.97106423974 11060.47074027359 439.6091706156731 933.5198833867908 3531.057637289166 3.683728665113449 1.594101041555405 77.6409424841404 1852.013626553118 6.760371476411819 324.9792691618204 476.3043901696801 1320.465614289045 227.1117863804102 5.017066299915314 1.063488230109215 0.9032838940620422 2.046904399991035 0 53.11959835886955 342.002062804997 0 0 0.2406159788370132 3.334023475646973 0.9024474397301674 2.130281582474709 0.903493270277977 0.6850247010588646 0 0.8953581154346466 1.843786880373955 0 13.90626542270184 215.4626072794199 1.734763078391552 77.00223980098963 0 6.507039770483971 10.06768368184566 25.24950990825891 20.01292629539967 0.3687874972820282 231.2874374985695 1125.960830323398 10.65165583789349 1.143358454108238 3.302203074097633 1.353142440319061 0 0.1357521116733551 7.7600207477808 1.862866118550301 39.76843594014645 9.016324959695339 32.19319359213114 14.40521387755871 1.435853540897369 0 0 0
14.21308720856905 3.041406311094761 21.93654228746891 0.2000797539949417 0 4.737599231302738 13.33539240807295 24.54165989160538 0.34659044444561 24.53862988203764 2590.711806304753 10.70640686154366 39.98558883368969 48.54299087077379 0 0.4312443509697914 140.0012722834945 60.39066744595766 1191.095413260162 5.214917615056038 9.022482492029667 0.162802517414093 18.91756810247898 2.507993251085281 20.33284524083138 1786.077840603888 1061.616188749671 8.136008583009243 90.89021815359592 53.8764026388526 255.11838041991 4.915571786463261 10.79423276335001 603.6015730798244 4.834193482995033 343.1623169332743 922.3578697219491 1035.031332194805 383.0331409722567 4.347412303090096 0.3162192851305008 16.00882674753666 2.18342138081789 0 10.23091609030962 1.583915486931801 0 0 0.1481189727783203 0 0 0.3080327808856964 0.2631027549505234 122.5157435759902 0.1076942011713982 223.842774502933 0.2321885824203491 0 0.4054062888026237 2.710308365523815 136.6939267590642 82.34681584686041 0 0.6241372898221016 1.47160754352808 0.3629924058914185 0.5686925053596497 29.89542102813721 380.463656052947 402.0566293746233 0.5286117792129517 0.7078985869884491 0.3197155892848969 142.0592636913061 0 0 14.80548340827227 0.198898658156395 7.899030044674873 38.93288911879063 47.23738072812557 7.739109396934509 0 0 0.6118546724319458 0
128.5472481548786 24.16227153688669 361.5039898902178 1.62193962931633 0 6.310490570962429 113.619995996356 257.9789097011089 1.720265261828899 35.10363023728132 1562.895643562078 6.736772634088993 7.672380402684212 433.0173114985228 0 10.46698185801506 2477.772661879659 1191.095413260162 2470.724804311991 5.892586074769497 113.9072210565209 3.961235351860523 199.7436322644353 17.37058220803738 22.65785539150238 2950.977554313838 5640.471302248538 69.00842010974884 468.5845666006207 546.8289930745959 48.98385480046272 2.022110797464848 56.34581223875284 5101.036715425551 9.497609749436378 509.7688582763076 426.1461978703737 3323.496960453689 762.2269652038813 7.340010151267052 0.7484056577086449 0.7024385035037994 0.7149045243859291 0 204.0372124761343 25.79031077772379 0.134948804974556 0 0 1.451379545032978 0.1174191012978554 0.9451864287257195 0.2771890163421631 25.92138779163361 0 29.74154296517372 0.2938487827777863 0 3.960775807499886 95.70857661962509 71.45189353823662 571.3089788109064 0 2.193776033818722 3.823962904512882 5.346486322581768 7.110916368663311 47.36130831390619 1212.690331563354 1400.870972327888 3.290354631841183 0.1160259395837784 2.603041559457779 22.98363740742207 0 0 11.02680789679289 2.064433962106705 39.53413032740355 68.73777555674314 38.4148992151022 10.5833712220192 0.3578969091176987 0 0.2078519910573959 0
6.146922431886196 0.09462271630764008 8.383781030774117 8813.921690165997 20.51817993819714 329.0298322290182 117.6119059473276 341.5910410657525 851.8579423576593 8758.566684998572 67.8326516225934 8326.078847013414 20.19801031053066 329.2125350609422 115.9272396117449 0.1536409109830856 1.88984576612711 5.214917615056038 5.892586074769497 1974.753822222352 0.7037568092346191 0.6863289102911949 2.648912996053696 758.8727788701653 0.2698481678962708 9.938553921878338 12.14912115782499 2691.111367046833 700.484532572329 1.794385559856892 3.15658300369978 25.85320600122213 1.43641159683466 163.6891790553927 10.87763833254576 1175.593232147396 38.4849845468998 697.8117937073112 168.3365470990539 463.770363420248 67.42313531041145 2.395705945789814 11.1603099629283 1.244714967906475 0 2.583120867609978 576.7078026533127 7.110577240586281 27.42630744725466 284.1986604332924 16.65829815715551 184.8710477352142 440.0891254097223 1.370271757245064 341.7680772617459 1.028304070234299 14.05567497014999 27.05195100605488 1.321675345301628 0.3979446738958359 0.8518999665975571 0.1117739602923393 662.5886603072286 0 0.3857819139957428 4.493291139602661 660.3978749141097 0.4134592413902283 1.066174998879433 3.353092014789581 497.7510305270553 16.34632002562284 2.895410545170307 0.7257477268576622 0.3461387902498245 0.4347960650920868 8.735386528074741 0 464.9434573203325 0.8294056206941605 23.51502712070942 6.341510690748692 491.5764559656382 5.516546949744225 2.679379999637604 0
38.6279581412673 11.71488924324512 729.0542329773307 4.707094706594944 0 1.579823650419712 648.7982808127999 50.4263751655817 41.84389231353998 67.28292229026556 55.15863973647356 0.401536799967289 16.9953171312809 132.058312036097 0 3767.066817909479 1242.470674216747 9.022482492029667 113.9072210565209 0.7037568092346191 11210.75250439346 287.6064403802156 13668.42175493389 119.8442991375923 1.607931859791279 64.47828394174576 1404.436120569706 6096.164245970547 226.0769927203655 10714.46159789711 1.020650275051594 0.2827928364276886 159.1340601071715 5195.12896502763 94.12480942159891 7992.31435598433 755.7803158983588 7736.086917117238 4807.504141196609 45.70272377133369 19.23308333754539 25.29329353570938 76.38413616269827 11.68229505419731 1.959116168320179 8.23956910520792 1.375170990824699 1.216232821345329 1.593019232153893 32.53650485724211 2.947927206754684 84.82823807001114 9.966120958328247 1.110684618353844 3.225836336612701 0.3712944388389587 14.93360898643732 1.658140383660793 1283.391185738146 3.436672672629356 0.8860432580113411 1.950585894286633 0.2063804119825363 754.0205956622958 359.4604174718261 375.4777692556381 785.9610495343804 1.202106758952141 3.299213863909245 67.33893809467554 431.8243375569582 111.3260609433055 363.6448207125068 0.2492482885718346 0.1094598844647408 8.455567471683025 17.17250323295593 2.592002242803574 233.5582325682044 6.679942071437836 33.5308621302247 24.62049132585526 52.84283916652203 2.720364801585674 2.250402301549911 4.746406808495522
0 2271.05330080539 11.04330278933048 2.306287460029125 8.628460384905338 2.266525566577911 14.71193136274815 0.4234505966305733 1847.387928307056 1.358054399490356 20.26731028407812 5.623143188655376 106.033237375319 0.7511998787522316 86.32102419435978 2612.678856268525 7.593790099024773 0.162802517414093 3.961235351860523 0.6863289102911949 287.6064403802156 1613.14850602299 145.5957275852561 7904.962673045695 501.8280945196748 4.482683315873146 4581.87232747674 117.3423276543617 5.324834644794464 39.39269009977579 4.938394196331501 0.4847383126616478 1.777937278151512 8.308079436421394 1.005806758999825 79.83787479251623 32.05480823665857 25.65991400182247 26.95877468585968 191.8601004630327 0.1043291389942169 11.33781817555428 1.229327157139778 0.6942085176706314 24.72464852035046 37.84323151409626 0.4328004568815231 0 0.1180714666843414 5.469896234571934 0.6505418866872787 53.5301312059164 2.646208345890045 0.8524070382118225 0.2806264758110046 5.190116107463837 1.853246554732323 0.9448495805263519 1026.617728762329 5.436532914638519 0.8012711480259895 3.931963630020618 0 50.59214650094509 315.8066788911819 220.1777985543013 258.6676931232214 4.709656149148941 15.28825809061527 2103.805753581226 46.91379119455814 7.372157730162144 15.80215480923653 1.051181338727474 0 0.4086969271302223 0.8654819875955582 0.7731996923685074 37.87001416087151 7.800330474972725 5.865187719464302 5.014618471264839 4.854170829057693 0.3160203099250793 0 0
78.08930063247681 4.500619724392891 18408.52963645756 6.85364730656147 0.1537933796644211 3.435688950121403 766.4028100371361 141.8715408891439 10.48118242621422 76.38249412924051 52.97299944609404 1.028058558702469 8.864622727036476 299.8610256910324 0 2483.066174767911 2777.325629502535 18.91756810247898 199.7436322644353 2.648912996053696 13668.42175493389 145.5957275852561 14959.79100308567 714.6202867478132 0.2332269102334976 1079.913850665092 18333.58682253957 5368.857677876949 191.4695928320289 6550.811578318477 2.918623551726341 1.379291214048862 26.70720863342285 3121.741700097919 107.6968801319599 10480.70912217349 3397.474724702537 8032.404733344913 9176.997451476753 199.8321997225285 7.873166292905807 3.18963049352169 94.43774534761906 4.263081461191177 6.31534543633461 533.5807947292924 1.357765361666679 0.3779954165220261 1.414920389652252 30.56980543583632 5.311976954340935 21.85940805822611 13.50007496774197 0.3053040057420731 0.3529129326343536 5.67227865755558 13.18082372099161 1.147870883345604 2648.99802916497 17.23692208528519 0.5775331556797028 8.511558853089809 0.6403874158859253 349.0448290407658 449.2203590199351 2896.138567090034 179.8052238002419 0.1207900270819664 21.14814671874046 3253.374354541302 105.3610413298011 17.59084048122168 90.70375946164131 0.3110729306936264 0.1099229380488396 2.004546001553535 4.573336184024811 2.176847189664841 155.8315956890583 19.22755542397499 35.13906215876341 46.8975835070014 7.653395354747772 4.374182507395744 3.997180625796318 7.790317550301552
158.6228046566248 1719.348935864866 43.90066508203745 2346.333953849971 64.30429837852716 74.19790359586477 1040.211430124938 141.2165597900748 9413.607467196882 760.2557605132461 28.79087720066309 473.4006180241704 64.56251307576895 414.6229727566242 451.2821498289704 2498.004102177918 64.13225951045752 2.507993251085281 17.37058220803738 758.8727788701653 119.8442991375923 7904.962673045695 714.6202867478132 14608.22529251128 268.8977709561586 37.36368954926729 4334.848440915346 9443.257580883801 1351.195403717458 379.2474432587624 5.76275797188282 10.65563608705997 180.8803177326918 225.6756767630577 24.6099502146244 1738.759914018214 104.3373906612396 1002.018932551146 429.0255946740508 1099.49064065516 65.23713921755552 19.42311256378889 22.3201285302639 45.20001741498709 15.97554966807365 29.61108512431383 445.4321424812078 4.008085571229458 36.78378691524267 960.9974387660623 55.82171858102083 1320.91194549948 452.1156992092729 6.550038322806358 183.2670800685883 6.273090094327927 120.17513807863 20.59887103736401 634.8587022349238 8.545043155550957 2.766301669180393 8.611235626041889 570.9775300398469 303.1526357531548 405.4323839843273 113.0710707306862 4791.893645390868 1.954649411141872 19.49091460555792 223.4122419804335 3465.594355493784 434.9013127014041 374.6697597950697 0.9169368743896484 3.007153026759624 18.58572945743799 82.27474389970303 8.045390918850899 735.1028290241957 12.50957228988409 213.9961834102869 84.21850654482841 347.8005340173841 36.26421925425529 0.9396336525678635 13.68937100470066
0 2909.905563354492 0.4062881767749786 0.5034331232309341 1.86580291390419 4.061267852783203 1.318219438195229 6.16483811289072 172.8027610480785 8.893896117806435 816.1018135920167 2.426350183784962 3039.691906183958 4.331956692039967 9.244403786957264 4.109266400337219 2.414163462817669 20.33284524083138 22.65785539150238 0.2698481678962708 1.607931859791279 501.8280945196748 0.2332269102334976 268.8977709561586 481.8355818167329 169.2443552613258 4671.372541919351 3.662891335785389 13.31679767370224 0.2536855190992355 214.7121478021145 8.768140703439713 0.1284812539815903 283.4543416798115 0.1657196432352066 265.5298518240452 885.3669258132577 354.1209073588252 173.5344378128648 56.66340995579958 69.6757984161377 685.4296093732119 17.78618812561035 0 52.91599841415882 1.098020628094673 0 0 0.1269181072711945 0 0 0.8197295740246773 0 307.0518712699413 0 944.5640142932534 1.126466296613216 0 0.1136629283428192 1.218795940279961 186.6317746788263 91.7364202439785 0.4414167851209641 0.2487143874168396 1.657722964882851 0.3225445002317429 3.621487863361835 280.7617249041796 592.0311377868056 1217.584629274905 1.814752757549286 0.842339888215065 0 127.7108931019902 0.3394419401884079 0 63.07482348382473 1.731208860874176 78.58953585475683 218.8267828226089 125.1152909249067 26.4450351446867 7.016552612185478 0 147.7829522490501 0
57.48427980393171 74.69432202726603 6158.509359315038 15.23669678717852 0.4889899492263794 11.83367348462343 771.6362059935927 406.3506774306297 3.984680332243443 277.2292669638991 1883.73192794621 17.60446229577065 102.5774005129933 568.7666633799672 0.1139488890767097 8.016858197748661 1235.97106423974 1786.077840603888 2950.977554313838 9.938553921878338 64.47828394174576 4.482683315873146 1079.913850665092 37.36368954926729 169.2443552613258 30431.73563224077 22550.19629891217 252.6017353460193 193.3881523683667 343.5060154497623 945.1339916214347 9.766759589314461 7.203172251582146 849.1884810552001 9.414211772382259 884.7372323647141 1668.034681029618 2271.878320246935 761.6080979555845 22.51819735765457 1.724130526185036 25.31943280994892 3.527346849441528 0.3337547332048416 706.8161802962422 338.1051840335131 0.1375782638788223 0 0.3013138547539711 3.655997894704342 2.00387591868639 3.066387914121151 1.417691424489021 248.7085462883115 0.3672601133584976 285.3182127475739 2.862182430922985 0.09415522962808609 11.0697458833456 863.0931302979589 418.1985679268837 1521.55283998698 0.3106952831149101 5.919342234730721 15.40642546117306 20.40044304728508 17.82298614829779 244.2209062278271 3598.213886000216 5797.905664660037 6.661176741123199 2.121132664382458 5.212488397955894 184.0004531145096 0.3871927931904793 0 66.90598027408123 0.9674486815929413 169.1907089650631 219.3066230714321 244.4129675105214 96.47528979182243 1.149899184703827 0 0.9474577158689499 2.011910066008568
9.835331305861473 6945.256394714117 11697.53038139641 18.10646162927151 5.338872276246548 13.51742443442345 999.8200838267803 47.4044020101428 592.4589103460312 141.7882776856422 1609.10005839169 23.63132578134537 3754.225709192455 66.30691497027874 41.56076526641846 6843.020975984633 11060.47074027359 1061.616188749671 5640.471302248538 12.14912115782499 1404.436120569706 4581.87232747674 18333.58682253957 4334.848440915346 4671.372541919351 22550.19629891217 37285.72462493926 3150.499952293932 127.1292124986649 130.7585903257132 1771.667983308434 8.92376821488142 7.32857409119606 4158.335383921862 235.5637939721346 11314.02349725366 4134.271236173809 14584.86704804003 6828.775465860963 386.2128489017487 31.6802771538496 65.05630157887936 66.08455543220043 12.81167139112949 4856.249879822135 2853.426148161292 3.75137360394001 0.476736418902874 4.03507024794817 74.83022934943438 45.61531511694193 52.23220400512218 27.49983026087284 551.4995670244098 1.38336081802845 917.2022648826241 96.15951438993216 0.5568503066897392 1772.599224880338 1236.792908988893 886.3352314829826 2598.272491514683 3.151530012488365 69.51754375547171 1975.108619920909 2231.449455842376 407.6591604873538 1183.90454287827 7503.322818465531 32263.94694472104 116.6694548204541 19.51306866109371 52.64818059653044 467.0929647386074 0.7414198815822601 0 157.1792497485876 12.26031740754843 640.2124479711056 554.2938939556479 614.8425934687257 256.9219908714294 10.04282177239656 5.333329558372498 11.17091367393732 13.03626751899719
