966.0799946561456 1.721825703978539 104.1109009534121 5.426958069205284 16.70262782275677 143.437985882163 4583.356355533004 3795.402584381402 1.56025667488575 79.63924077153206 13.7691433429718 5.031078971922398 0.5522447824478149 6497.081807374954 0.7396031767129898 0 89.73769476264715 17.99748730659485 27.25663345307112 9.168738462030888 13.12684310227633 0 241.7143722549081 18.63933577388525 0 75.89067243784666 93.34824639558792 41.45711602270603 4372.227071449161 2504.822896175086 1.249966025352478 26.79569458216429 48.46191287785769 156.3476750254631 6.437043845653534 101.1715015470982 18.16641058027744 97.97946234047413 31.08812104910612 5.930532723665237 1.645710483193398 1.491336762905121 0.2847799211740494 0.1205869093537331 0 2.530500680208206 0.1736340969800949 0 0 0.9866812974214554 0 0.4858588576316833 0 0 0 0 0.3455901443958282 0 1.310534492135048 0.4429776668548584 0 0.2634277045726776 0 1.297070190310478 0.2704283893108368 2.444113850593567 13.44111654907465 0 0.9690745621919632 7.705292299389839 9.561668917536736 0.3567516505718231 2.403919473290443 0 0 0 0 0.8395139575004578 3.65003964304924 0.2681430727243423 0.7048284932971001 0 0.5440351963043213 0.4814962148666382 0 0
1.721825703978539 522.1224690452218 627.8434189036489 0 0 0.562061496078968 12.10402774810791 2.674904868006706 495.7614752203226 0.1991084367036819 92.12534185498953 0.8729636967182159 757.6805884689093 2.188519597053528 3.479651503264904 635.2276014238596 343.8326707035303 10.82934527099133 24.87318202853203 0 18.97844697535038 2398.374893307686 355.1379658952355 691.413846693933 2292.835117504001 629.6379130110145 5016.441887140274 30.16372381895781 2.855065479874611 14.62421359866858 20.6042253151536 0 1.587009832262993 68.35025389492512 6.599236443638802 524.4607623443007 301.8534009680152 284.9978354200721 208.2823874354362 18.05817727744579 0.2643094062805176 452.8722098693252 3.608613952994347 0.1323596984148026 137.676663659513 96.31729041785002 0 0 0 5.307151764631271 0.2789762020111084 2.374510020017624 0.2082164734601974 8.616599380970001 0 46.79017616808414 0.357469379901886 0.128841757774353 19.87146247923374 42.93609248846769 3.35209059715271 42.02093378454447 0 4.618824988603592 55.22061368823051 34.38949370384216 18.95594000071287 66.3286364376545 103.0530469417572 1452.309876203537 9.932938098907471 0.5835245847702026 1.439521223306656 5.111068084836006 0 0 1.225691899657249 0.1886192858219147 54.9584826529026 26.48475441336632 24.34737714380026 6.667439326643944 1.045347571372986 0 13.13939543068409 0
104.1109009534121 627.8434189036489 8206.419525548816 3.036559373140335 3.798407822847366 65.95162625610828 1754.523800231516 285.0672000274062 4.000711463391781 64.01604538410902 18.09971995651722 2.392265640199184 5.984911255538464 221.4295910522342 0.3951322510838509 15.54077506065369 1735.19836820662 36.57534305751324 68.44352881610394 1.331734545528889 823.5035317465663 16.24507382512093 20926.16768934578 131.295799151063 1.126451179385185 7537.063419595361 8813.43700992316 406.5121463313699 113.4042405411601 1064.560704343021 3.468224957585335 5.3354222625494 10.98785156756639 312.0604884251952 19.28045707941055 921.3414272665977 1221.21537733078 1187.953185483813 478.1660188436508 34.98667804896832 1.387784399092197 14.54280953109264 7.673235267400742 0.5667713582515717 41.58310873061419 658.9993535354733 0 0 0 13.14928299188614 0.1485239565372467 0.7711895108222961 0.3137413859367371 0.9044224321842194 0.1551236212253571 2.026071526110172 1.158311322331429 0 14.57877530157566 199.204983972013 1.841791570186615 71.82944221794605 0 13.48721006512642 10.69463683664799 98.8657698854804 32.31515242159367 4.431207612156868 283.4470243752003 2119.228390239179 26.62173335254192 1.750618427991867 9.351415000855923 1.648779176175594 0 0 5.378765605390072 2.800310611724854 149.3225148245692 29.04544708132744 69.40993375331163 24.09404949843884 2.137136951088905 2.229450881481171 0.2292512953281403 0.4793106019496918
5.426958069205284 0 3.036559373140335 4657.917543157935 16.66141823679209 212.1541483029723 143.4241379275918 160.6254377439618 1220.214652821422 1929.859753191471 10.85883435606956 5164.484012722969 3.934506714344025 77.22520725429058 127.7341092079878 0 0.9034769833087921 3.267674677073956 1.168833032250404 6576.10034917295 0.1748722493648529 0.4302995800971985 2.106224164366722 2004.933071956038 0.1419113576412201 4.918545491993427 4.437499798834324 6740.734991103411 96.62067038565874 5.984002850949764 1.23614601790905 33.32169263809919 1.787992179393768 117.9260664358735 3.679834932088852 424.5877379104495 7.545102261006832 151.8292356878519 46.0339547470212 255.7227600887418 7.53969644010067 0.3706246912479401 1.765079587697983 0 0 0 137.7242871150374 0.3715355694293976 3.434008248150349 61.68475756049156 0.6796891465783119 128.0328626781702 81.85472103953362 0.2327856570482254 245.9577059522271 0.1116456687450409 2.304134160280228 15.67366795986891 0 0 0 0 66.17583504319191 0 0 0.650877982378006 225.191030614078 0 0 0.0994410365819931 313.3166027739644 0.7236852198839188 0.3669638633728027 0 0.4591069519519806 0 0.9164993613958359 0 112.0160245001316 0 4.647279180586338 0.7325824275612831 104.3123394101858 1.69421774148941 0 0
16.70262782275677 0 3.798407822847366 16.66141823679209 435.0949532315135 874.048126719892 66.50262977927923 354.9731461629272 60.64509520679712 78.73790544271469 48.86411104351282 242.5254987999797 11.89081497490406 116.1627412363887 927.5054896771908 0 2.06878923624754 7.984801068902016 1.107117176055908 46.36507604271173 0 0 4.772850230336189 21.89891618490219 0.3622536808252335 7.864536553621292 6.29520708322525 21.06239569187164 26.64808582514524 28.16313178092241 2.062626533210278 531.0882381498814 0.2646629586815834 666.6949295923114 0.4714509248733521 51.65029723197222 8.417623460292816 183.289139546454 59.09959799796343 1051.304329842329 240.8151522576809 2.534000813961029 0.6193437576293945 0 0 0 0.1088966205716133 0 0 1.099103286862373 0 0.9191348180174828 0.1053964719176292 0 0.1141714826226234 0 0 0 0 0 0 0 0 0 0 0.3666458949446678 6.289255797863007 0 0 0.2124114036560059 6.898093573749065 0.2544015944004059 0 0 0 0 0.1153525933623314 0 1.933110773563385 0 0 0.1678455024957657 0.4459764957427979 0 0 0
143.437985882163 0.562061496078968 65.95162625610828 212.1541483029723 874.048126719892 13144.33948940784 3197.455814890563 9412.715206444263 105.5371798276901 7478.821089632809 42.63630526512861 8006.234161779284 33.33812749385834 1157.690560929477 1007.19448710233 0.3446803241968155 26.01746935397387 15.77043581008911 14.20580569654703 628.5236068814993 8.090701743960381 0.1282535195350647 83.43367556482553 102.7484313845634 0.6595878899097443 45.87885612249374 62.5536650493741 716.7169814184308 230.214489556849 218.150169916451 4.655383050441742 430.6139558404684 7.368346743285656 354.8080503493547 8.488305076956749 791.6641629710793 31.25712384283543 361.177232965827 128.2376970276237 1665.239142015576 357.0525888502598 7.171003632247448 9.37960085272789 0 0 0.5094340592622757 15.0760518014431 0 1.810054779052734 25.84189439564943 0.1432271301746368 22.88570301234722 9.527705267071724 0.327862560749054 12.45673866569996 0 0.6089979037642479 3.431332468986511 2.107964262366295 0 0 0 9.476996317505836 0.3149350881576538 0 2.369042098522186 78.08721411973238 0.176038384437561 0.4896827191114426 9.348013937473297 101.4246793538332 0.5395283401012421 4.61693762242794 0.3670942336320877 0.1523005068302155 0 0.9063601940870285 0.8849160075187683 49.13766399025917 0 2.927285328507423 0.2049698829650879 41.60748951137066 0 0.3476625680923462 0
4583.356355533004 12.10402774810791 1754.523800231516 143.4241379275918 66.50262977927923 3197.455814890563 19025.28975798935 6385.339378371835 806.0337182432413 6758.594875842333 59.47690051048994 206.580918379128 24.06524609029293 6575.586342073977 43.90786647796631 16.42585051804781 198.2314966917038 46.60118746012449 46.57540343701839 80.60909420251846 424.9247648045421 23.30845426023006 1829.280166693032 4100.64442832768 1.660165727138519 344.701633490622 1025.316366873682 23053.06746767461 2595.246763773263 14584.31307386607 3.322036817669868 154.2339531779289 117.8625010997057 796.1309012100101 68.25577225536108 2853.244784317911 299.1539475917816 1424.440888427198 566.9176561385393 212.4295781105757 56.43765698373318 12.49882680922747 20.49524804204702 1.071150913834572 2.349999740719795 22.11197835952044 69.84740354865789 0.2477931827306747 7.273928917944431 392.6944583430886 8.659699805080891 164.4076103717089 42.91982421278954 3.25901522487402 10.14658886939287 0.09587694704532623 11.00148390978575 5.615457981824875 26.76377230137587 4.488054715096951 0 1.161854475736618 31.62418550997972 16.91769482940435 5.804600194096565 57.92862860113382 1081.786051653326 0.3347387686371803 5.040503978729248 186.2383768707514 1310.555241897702 23.22882323712111 77.96423146873713 0 0.2975560650229454 0.6971184834837914 5.40133024007082 2.527733385562897 287.7251912727952 2.194069348275661 35.84658543020487 15.65870482474566 129.849999293685 3.054685167968273 4.971369922161102 0.4754152745008469
3795.402584381402 2.674904868006706 285.0672000274062 160.6254377439618 354.9731461629272 9412.715206444263 6385.339378371835 9825.258855894208 36.75926578044891 5310.160336442292 129.2334618642926 1229.390667505562 63.06775479763746 9033.930202938616 187.3334102258086 0.6021986305713654 230.7636116892099 68.89921321719885 82.33572629094124 448.0217070132494 31.83478380739689 4.237525567412376 518.1837447956204 139.040315233171 0.624427855014801 212.7458477243781 235.4768701121211 419.6956707537174 2089.88682808727 2126.983999595046 5.195793099701405 524.2895666509867 45.34058449417353 696.3337336629629 12.10075122117996 671.8120471090078 81.33317995816469 469.9372026324272 185.5135710835457 883.232693336904 348.6267225369811 16.71854722499847 15.72820389270782 0 0.6693063750863075 5.147042378783226 3.148446917533875 0 0.1665332913398743 44.43577019870281 0.9834127202630043 14.14917624741793 1.981591567397118 0 2.977038577198982 0.6846302375197411 1.409761942923069 1.73971800506115 2.455160558223724 1.237650938332081 0 0.132621169090271 2.096226543188095 2.515176981687546 0.6629463136196136 3.233988031744957 151.3101170659065 0.3773910403251648 2.453343562781811 28.81466381251812 161.8406978696585 3.149065338075161 16.02844229340553 0.1618697494268417 0 0.3718450665473938 1.77304819971323 0 28.00493052601814 0.4603717625141144 3.242081969976425 1.96286429464817 16.17299465835094 0.4650304540991783 0 0
1.56025667488575 495.7614752203226 4.000711463391781 1220.214652821422 60.64509520679712 105.5371798276901 806.0337182432413 36.75926578044891 2266.081205837429 465.6153249964118 19.82030896097422 931.1652669757605 92.48990127444267 23.10787735879421 945.1762561947107 50.00426624715328 4.543094322085381 1.363475032150745 1.280419565737247 652.6454436853528 11.53295432031155 4951.209049545228 12.55372442305088 13909.0035726577 446.1906245723367 11.06887233257294 773.3087902143598 2494.087002627552 36.44277442991734 117.052151158452 11.3588940128684 2.42080507427454 5.819666683673859 34.63052420318127 4.953387379646301 158.001809515059 30.61025310307741 61.07042117416859 29.88330052047968 793.4255033433437 1.728118136525154 49.33557633310556 2.539197996258736 1.555896528065205 2.603597916662693 1.693388216197491 162.2937325462699 0.5535419508814812 6.214305028319359 162.7464702129364 5.973585970699787 262.6582074612379 120.6481465697289 1.385813474655151 58.39341323822737 7.1020388007164 8.315565772354603 20.54891264438629 220.9760977998376 0.7943102121353149 0.1107960939407349 1.241463512182236 116.4160452634096 48.30969367176294 25.54637759923935 7.89600482583046 2252.772510647774 1.248953931033611 5.719817504286766 17.83079918473959 1186.887002326548 19.53320504724979 49.47439754009247 2.539157547056675 0.3250302150845528 0.9957860857248306 5.768986001610756 0.3858868479728699 60.55710269510746 2.874211981892586 18.915343567729 7.949556209146976 85.99371088296175 1.784184440970421 0.6835519149899483 0
79.63924077153206 0.1991084367036819 64.01604538410902 1929.859753191471 78.73790544271469 7478.821089632809 6758.594875842333 5310.160336442292 465.6153249964118 44281.60814063251 51.30517866462469 7276.41562307626 12.25642660260201 832.03599858284 94.30531866848469 0.5043116062879562 7.341681353747845 20.58665799349546 10.86653047800064 3714.511162340641 6.696616806089878 0.9902539551258087 41.45240098983049 603.603956207633 0.2508391663432121 36.2579212859273 54.27253291755915 6234.503423012793 824.9116928130388 89.57979607582092 5.10691761225462 147.8514453694224 28.82493435591459 665.3138767704368 25.39695177227259 1962.175955682993 49.33071164786816 1067.81675439328 297.5478497222066 253.7746853232384 45.56694529950619 1.611033752560616 25.28894090652466 0 0.09449464082717896 1.275639414787292 63.78708043694496 0 1.130427576601505 104.1520474925637 2.185706585645676 91.79145646840334 41.59105208516121 0 29.28415698558092 0.1142318919301033 1.546003699302673 13.18739198148251 0.927508071064949 0 0 0 34.26413505524397 1.210795313119888 0.3073304519057274 1.784933716058731 281.2054868191481 0 0.4065117835998535 6.869111508131027 312.4513280466199 1.645244225859642 3.455362379550934 0 0.8681075870990753 0.9649895429611206 1.976365156471729 2.396285615861416 102.1644253954291 0.7064265608787537 1.300795622169971 0.3549458384513855 105.8427927345037 2.087622761726379 1.452479720115662 0
13.7691433429718 92.12534185498953 18.09971995651722 10.85883435606956 48.86411104351282 42.63630526512861 59.47690051048994 129.2334618642926 19.82030896097422 51.30517866462469 11869.46521938592 90.350989356637 3216.74543634057 58.1568650752306 7.520918615162373 8.745481930673122 679.7955340147018 4501.100311070681 1823.901971064508 28.75561840832233 32.08057754486799 58.23082475364208 82.33720041066408 28.33830559253693 747.63544665277 2955.47330545634 1552.689122371376 24.98602507263422 346.2404337897897 109.3585180863738 821.803581006825 246.6120427548885 29.94184568524361 6226.296693228185 9.687687069177628 731.9301708266139 6217.478471465409 6067.64521689713 1661.182367481291 58.30433308333158 63.22955521196127 1783.074220776558 9.361668169498444 0 29.87504485249519 1.53439761698246 0 0 0 1.247099697589874 0.1058171615004539 3.036097712814808 0 120.7212157398462 0 828.7895722612739 0.3076047077775002 0 1.085904642939568 3.273759886622429 34.59045767039061 21.23218502104282 0 0.570573553442955 4.724006243050098 1.504659801721573 11.68134402483702 154.9243630245328 209.3543266803026 482.8016656115651 8.362448036670685 0.2390314191579819 0.8343690931797028 172.0788344591856 0 0 2.295536123216152 5.381984665989876 25.93860483914614 203.8892806172371 24.54927161335945 3.021081477403641 0 4.138746187090874 101.4837329313159 0.4804000556468964
5.031078971922398 0.8729636967182159 2.392265640199184 5164.484012722969 242.5254987999797 8006.234161779284 206.580918379128 1229.390667505562 931.1652669757605 7276.41562307626 90.350989356637 7301.480257250369 24.13894198834896 404.306202404201 1636.541623853147 0 1.965077176690102 24.68796519935131 9.042420372366905 7564.983592621982 0.8656999617815018 4.169799789786339 4.413430795073509 1189.1800179407 0.6071784645318985 36.0252747386694 20.62012359499931 2768.027620479465 321.2210450097919 16.65464331954718 6.976270414888859 250.3829443231225 1.727845817804337 545.5588083788753 3.63464542478323 1247.742431111634 30.59317018091679 560.221662402153 94.30808046460152 2381.671758919954 43.34197801351547 3.875293478369713 6.724280267953873 0.3140647709369659 0.2053235769271851 0 98.12839991599321 0.1996754109859467 2.647718861699104 71.25147192180157 2.281163945794106 140.3389343097806 76.2450685352087 0.1248904392123222 95.35719007998705 0.3127216398715973 1.907191149890423 29.66460433602333 0.8081757128238678 0.1014113575220108 0 0 53.33177433907986 0 0 0 208.0282305106521 0 0 0.616237074136734 280.0612309128046 1.561321340501308 3.858793780207634 0 0 0 0 0 221.2467707768083 0.1204808279871941 3.358664304018021 0.7214964032173157 234.1153862178326 0.2010977268218994 0.1312510967254639 0
0.5522447824478149 757.6805884689093 5.984911255538464 3.934506714344025 11.89081497490406 33.33812749385834 24.06524609029293 63.06775479763746 92.48990127444267 12.25642660260201 3216.74543634057 24.13894198834896 5918.638387836516 4.922429032623768 2.300202146172523 29.08552574366331 5.426299519836903 95.86667487770319 12.82927599549294 6.854079753160477 83.26600237190723 317.7942727357149 17.8182235211134 92.56827066838741 5188.120157420635 460.3953683003783 4592.880726635456 59.77760304510593 35.52852687239647 89.32365736365318 1442.599032513797 63.42272549122572 12.11478194594383 909.2693651616573 18.83821022510529 1760.951648235321 5060.84448723495 4670.072972044349 706.7077839970589 143.4758907929063 77.51472191512585 2124.134995177388 20.58000530302525 0.4117739200592041 50.22163457423449 0.3953834474086761 0 0 0.2856103107333183 3.976068019866943 0.8665403127670288 7.33440475165844 0.112436555325985 226.533226467669 0 1484.79499501735 0.3558591082692146 0.1890618503093719 4.437851399183273 3.106240630149841 40.88647311925888 90.96422286331654 0 3.900004677474499 11.92729283869267 4.047097809612751 28.79287851601839 320.9192859530449 325.1770581528544 695.2119556665421 19.22271272540092 5.091558277606964 42.08147593587637 277.5832626000047 0.4711003974080086 0 4.681585699319839 16.70781302452087 360.217598810792 312.7480907812715 55.42748531699181 13.25691764801741 4.206392012536526 7.642522484064102 192.9530942365527 5.00325083732605
6497.081807374954 2.188519597053528 221.4295910522342 77.22520725429058 116.1627412363887 1157.690560929477 6575.586342073977 9033.930202938616 23.10787735879421 832.03599858284 58.1568650752306 404.306202404201 4.922429032623768 5039.822625771165 23.16956459730864 0.7479712888598442 160.237752430141 42.87820409238338 55.71739237010479 219.3210454881191 25.03163517266512 2.895583108067513 410.9208063930273 113.8892181888223 0.4908682331442833 150.6965844929218 191.6857150420547 230.4200651347637 11082.96069164574 2312.816545240581 1.929944969713688 2026.781514808536 204.3197465464473 351.8923064917326 8.323584049940109 254.091265425086 47.54999005049467 276.9192178696394 81.01912137120962 72.15965741872787 9.499733828008175 2.763664916157722 1.512355253100395 0 0.1145300045609474 3.679263100028038 3.480613738298416 0 0 19.96531546860933 0.1801183074712753 3.86056637018919 3.428734049201012 0.8121449947357178 0.6299154013395309 0.1258939504623413 1.22236355394125 0.3431139588356018 5.20479142665863 1.266137011349201 0 0.2249626964330673 0.766160637140274 8.845855936408043 0.670556828379631 1.48022898286581 99.12735045701265 0 1.51591943949461 26.87835219502449 91.63528419286013 5.492074936628342 23.18910839408636 0 0 0 0.8509569615125656 0.6604195833206177 22.04453314095736 0.4278603345155716 5.804297298192978 2.12515889108181 5.956754676997662 0 1.423044472932816 0.2083231061697006
0.7396031767129898 3.479651503264904 0.3951322510838509 127.7341092079878 927.5054896771908 1007.19448710233 43.90786647796631 187.3334102258086 945.1762561947107 94.30531866848469 7.520918615162373 1636.541623853147 2.300202146172523 23.16956459730864 238.9463740438223 0.3497724980115891 0.2527559697628021 0.8840024918317795 0.6920945420861244 305.7078941315413 0.7090603709220886 32.2697257399559 3.135718822479248 786.3902876451612 4.373859249055386 0.9545605480670929 8.727630212903023 162.1686623990536 8.745391577482224 9.330984637141228 0.6545867323875427 341.5147292613983 0.1645157635211945 55.7042424082756 0.326646625995636 314.6795697361231 3.271353133022785 30.12886694073677 67.27112833410501 1428.353095844388 12.96512952446938 0.706197589635849 0 0 0 0 6.790824472904205 0 0.6205920279026031 7.082850933074951 0.2268494814634323 8.948662050068378 3.982691645622253 0.3710793852806091 4.081172689795494 0 0 3.353069767355919 1.963517665863037 0 0 0 8.875284567475319 0.3439196348190308 0.1679311990737915 0.1386416703462601 22.19061001390219 0 0 0.3955411314964294 18.68018792569637 0.3707934617996216 0 0 0 0 0 0 26.10013173520565 0 1.177959561347961 0.1125212237238884 23.47584655880928 0 0 0
0 635.2276014238596 15.54077506065369 0 0 0.3446803241968155 16.42585051804781 0.6021986305713654 50.00426624715328 0.5043116062879562 8.745481930673122 0 29.08552574366331 0.7479712888598442 0.3497724980115891 7981.723995149136 9.047975972294807 3.446034833788872 2.259730339050293 0 3431.539860695601 2780.909361332655 7217.200047947466 2679.165993623435 124.0859043300152 11.29366920888424 4664.49221727252 457.8622486144304 5.133509024977684 59.62703812122345 1.970435664057732 0 1.27645817399025 48.19113408029079 41.31928552687168 1202.73848875612 348.927898094058 296.7460233047605 372.2408937737346 46.91582599282265 0.7663250863552094 26.24563420563936 5.403085768222809 1.487025640904903 8.010361090302467 15.99539779126644 0 0 0 31.44607300311327 1.27321457862854 75.50943572819233 0 1.984705865383148 0.3578383475542068 1.401406109333038 5.756682023406029 1.958244308829308 4668.267772428691 6.9947160333395 0.1067372933030128 2.208899587392807 0 887.819741345942 827.0000309050083 3211.913434870541 495.6169079914689 0.8740393072366714 12.4249639287591 1216.241138570011 539.604162171483 27.6704787760973 275.8588117063046 0.4513997882604599 0.3546757996082306 2.552019611001015 7.817389525473118 3.71552200615406 110.5841743946075 7.40813534706831 32.23597650974989 22.06171563267708 8.071286633610725 1.287770584225655 7.597850233316422 0.1672545671463013
89.73769476264715 343.8326707035303 1735.19836820662 0.9034769833087921 2.06878923624754 26.01746935397387 198.2314966917038 230.7636116892099 4.543094322085381 7.341681353747845 679.7955340147018 1.965077176690102 5.426299519836903 160.237752430141 0.2527559697628021 9.047975972294807 1933.397160857916 1127.375329814851 2246.606520242989 0.5922153890132904 777.9652012065053 8.078552767634392 6157.695202924311 24.60413793474436 1.19542308151722 1727.61051402241 2298.159533269703 34.03890493512154 324.3551313057542 1760.61725191772 5.141415424644947 7.826111815869808 63.61738336831331 3113.735326491296 14.6760406345129 726.9442034065723 2398.487719796598 2317.194642864168 557.4605864286423 19.05901745706797 0.6549645438790321 6.116850718855858 3.663833335042 0.9736754149198532 85.60967689007521 93.94275291264057 0 0 0 3.453231297433376 0.1832886189222336 0.2711450755596161 0 2.917675793170929 0 1.80230350792408 0.1410019248723984 0.3044277727603912 3.372218906879425 129.0985375717282 9.689957469701767 235.8997917249799 0 5.349163495004177 1.658831737935543 23.62747503817081 6.951094254851341 7.765712477266788 357.7531150206923 1060.001084066927 6.529132075607777 0 6.301635012030602 2.393947795033455 0 0.3218643665313721 5.010432705283165 2.222450286149979 88.06488142907619 33.20102740079165 53.41276257485151 5.131866730749607 0.1621778607368469 0.4713327586650848 1.294070690870285 0.3977338969707489
17.99748730659485 10.82934527099133 36.57534305751324 3.267674677073956 7.984801068902016 15.77043581008911 46.60118746012449 68.89921321719885 1.363475032150745 20.58665799349546 4501.100311070681 24.68796519935131 95.86667487770319 42.87820409238338 0.8840024918317795 3.446034833788872 1127.375329814851 364.6404011100531 3043.60056103766 12.01190495491028 25.17735576629639 0.6032494232058525 142.667897708714 5.637008152902126 8.58668527752161 4818.957586430013 1638.126145109534 9.291079416871071 141.0041703656316 127.4726833254099 243.9171152189374 41.27045630663633 26.8436798453331 1186.091878190637 9.626353576779366 447.1409586444497 1143.40430469811 1670.462441407144 722.9823255166411 14.36906631290913 0.37746611982584 17.48359517753124 2.05238688737154 0.2833551168441772 7.807830542325974 2.434147208929062 0 0 0 0.2376872077584267 0 0.8201539516448975 0 7.171002916991711 0 39.75901759415865 0.09248539805412292 0 0.8692039027810097 4.067581906914711 18.28578423708677 34.94513754546642 0 0.4858467280864716 0.4476747065782547 0.5363952368497849 3.98058520257473 13.93297685682774 112.787542656064 214.8714887499809 1.805007509887218 0.1865631937980652 1.297027751803398 18.43405824899673 0 0 1.49925622344017 0.4029935449361801 14.50251997262239 5.862253025174141 8.95570158213377 0.8446622937917709 0.4545467495918274 0 0.5793342143297195 0.1597044914960861
27.25663345307112 24.87318202853203 68.44352881610394 1.168833032250404 1.107117176055908 14.20580569654703 46.57540343701839 82.33572629094124 1.280419565737247 10.86653047800064 1823.901971064508 9.042420372366905 12.82927599549294 55.71739237010479 0.6920945420861244 2.259730339050293 2246.606520242989 3043.60056103766 1217.280592910945 4.017375349998474 70.78119821846485 1.591130569577217 356.9367972761393 5.546924710273743 7.466665379703045 2631.830049060285 751.7299280166626 9.366850100457668 160.0639019086957 213.8768612295389 10.0164864435792 12.49968824535608 37.76210534572601 2995.239659145474 8.440906621515751 943.9265929833055 1341.700795829296 2574.287408582866 968.1108085215092 16.21717339009047 0.2211674526333809 2.503309778869152 4.504147253930569 0.2482462078332901 54.90919476002455 10.09758815169334 0 0 0 2.888736069202423 0.8981878384947777 0 0 4.507209107279778 0 12.08894308656454 0.2423348277807236 0 1.308808982372284 25.65291858464479 32.43719211220741 178.3589671775699 0 2.718335002660751 1.498852901160717 4.492953956127167 2.474677890539169 13.22588141262531 428.2705594450235 707.3592811599374 3.162143543362617 0.2058217972517014 5.311813846230507 10.12321235984564 0 0 6.15718536823988 0.9166841059923172 41.40521129965782 33.57084466516972 42.78830824792385 2.972136676311493 0.2319956421852112 0 0.6960511803627014 0.3355564773082733
9.168738462030888 0 1.331734545528889 6576.10034917295 46.36507604271173 628.5236068814993 80.60909420251846 448.0217070132494 652.6454436853528 3714.511162340641 28.75561840832233 7564.983592621982 6.854079753160477 219.3210454881191 305.7078941315413 0 0.5922153890132904 12.01190495491028 4.017375349998474 1219.974744617939 0.4450835138559341 0 2.661132536828518 538.5288195014 0.1235025823116302 12.26170269399881 8.974940694868565 3414.921781174839 271.4939606934786 14.5616447404027 1.786796502768993 77.7212918177247 3.694790452718735 293.9771891981363 6.828965060412884 871.3813002854586 19.17718320339918 408.4619922041893 103.8320227041841 653.5984296798706 23.25846007466316 1.577880769968033 7.754958026111126 0.8452200293540955 0 0 64.47469557076693 0 4.805466994643211 46.88327091187239 0.6755600199103355 76.89902310073376 41.11736581474543 0 47.95067402720451 0 0.1388372927904129 17.22798618674278 0 0 0.133220762014389 0 33.87568522244692 0 0 0 153.4840437546372 0 0.2553562372922897 0.1449089497327805 194.3078555688262 0.8307789862155914 0.8549734950065613 0 0.622314989566803 0 0.4720530956983566 0.9389625787734985 102.3717638626695 0.2906642556190491 2.401278287172318 0.2298092991113663 112.1053903028369 0 0.1425027400255203 0
13.12684310227633 18.97844697535038 823.5035317465663 0.1748722493648529 0 8.090701743960381 424.9247648045421 31.83478380739689 11.53295432031155 6.696616806089878 32.08057754486799 0.8656999617815018 83.26600237190723 25.03163517266512 0.7090603709220886 3431.539860695601 777.9652012065053 25.17735576629639 70.78119821846485 0.4450835138559341 19228.90658970177 157.5780441537499 18528.92974787205 1030.834838584065 6.757876694202423 69.31080105155706 3008.652699410915 5969.052903346717 156.9601941555738 16284.54940637201 0 1.75818432867527 162.2150288447738 4367.837290205061 271.6271594315767 6263.725520037115 2096.992826767266 6606.471541665494 2917.279265254736 209.247499987483 1.400180101394653 65.00238579511642 49.4055549800396 2.325153298676014 1.010395504534245 23.4799539744854 0 0 0.09815407544374466 12.66104411333799 2.151785552501678 28.41086070984602 0 13.80836203694344 0.09622593969106674 0 6.610325634479523 0.1603893339633942 1309.203495122492 4.220811448991299 0 2.556343749165535 0.2002025246620178 929.3272756561637 55.26093781739473 754.9677773788571 330.3340818658471 0.1315312683582306 10.73910254985094 97.67747924476862 538.8594567850232 36.32518650591373 478.1785452067852 0 0 5.112164497375488 7.740258403122425 8.694419480860233 186.5353646352887 4.892094455659389 33.74103603512049 19.38387133926153 4.885629013180733 0.6105254888534546 23.51447933912277 2.903874516487122
0 2398.374893307686 16.24507382512093 0.4302995800971985 0 0.1282535195350647 23.30845426023006 4.237525567412376 4951.209049545228 0.9902539551258087 58.23082475364208 4.169799789786339 317.7942727357149 2.895583108067513 32.2697257399559 2780.909361332655 8.078552767634392 0.6032494232058525 1.591130569577217 0 157.5780441537499 2276.586477309465 283.7064490020275 5626.4200688079 1293.764338351786 16.19602091610432 2133.34524371475 100.9612125828862 2.20438189804554 8.908501774072647 20.98248901218176 0.380233108997345 0.2145975828170776 27.73839792609215 1.926764503121376 65.35706317424774 82.04937145859003 101.2164755314589 38.6855181157589 47.21595596522093 0 191.2315745204687 0.7744494080543518 0.2389427945017815 41.34076092392206 241.0188384726644 0 0.182721346616745 0.4677144140005112 30.57990898191929 0.2687127888202667 71.21889293193817 0 3.822940908372402 1.62432849407196 13.46212174743414 0.9284758940339088 0.9650068432092667 1740.696262009442 36.71963608264923 1.088280729949474 4.176026917994022 0 166.0870839059353 521.0302497148514 781.5931048840284 294.9815164506435 4.501371264457703 19.32905953377485 4224.0433986485 224.9522900730371 3.207509823143482 32.7432946190238 3.033593043684959 0.1757130175828934 0.2658334895968437 2.480103775858879 7.35089223086834 205.8438080698252 11.71131521463394 44.92650493234396 40.15560890734196 2.95560111105442 0.9295437932014465 1.744578965008259 1.096173733472824
241.7143722549081 355.1379658952355 20926.16768934578 2.106224164366722 4.772850230336189 83.43367556482553 1829.280166693032 518.1837447956204 12.55372442305088 41.45240098983049 82.33720041066408 4.413430795073509 17.8182235211134 410.9208063930273 3.135718822479248 7217.200047947466 6157.695202924311 142.667897708714 356.9367972761393 2.661132536828518 18528.92974787205 283.7064490020275 26182.65999093652 554.6919099837542 3.101619139313698 3647.90594214946 15926.59313647449 1145.98259665072 602.5478623658419 7381.732556827366 7.147877939045429 10.2143844217062 94.37351961433887 4023.479626908898 498.7838790863752 9290.201799452305 6715.451562717557 10415.73687642813 7144.803226083517 729.3976603671908 6.657999098300934 40.76625548303127 61.92188003659248 0.259757287800312 20.75860002636909 282.3748215436935 0.5547525137662888 0 0.3758315294981003 41.69608519226313 0.5693955272436142 7.543613791465759 0 0.1646682918071747 0 0.9810596108436584 0.7708824872970581 0.1492075175046921 2158.192864626646 57.67103623598814 0.9763565212488174 17.67241301387548 0 367.6594772860408 208.7860612422228 2524.691532485187 152.4516247734427 1.680847346782684 51.48865194618702 2167.450634725392 143.3999901413918 4.658318676054478 66.22204791754484 0.3481968492269516 0 0.3028110861778259 1.419027410447598 22.2229593321681 190.200097642839 16.92288967967033 39.36833213269711 28.01420889049768 4.964120239019394 0.522686667740345 1.128857910633087 0.9844889342784882
18.63933577388525 691.413846693933 131.295799151063 2004.933071956038 21.89891618490219 102.7484313845634 4100.64442832768 139.040315233171 13909.0035726577 603.603956207633 28.33830559253693 1189.1800179407 92.56827066838741 113.8892181888223 786.3902876451612 2679.165993623435 24.60413793474436 5.637008152902126 5.546924710273743 538.5288195014 1030.834838584065 5626.4200688079 554.6919099837542 18695.26027012616 302.4669638350606 56.61708430200815 3228.895635336637 10487.77508401871 389.8073137998581 1099.91782578826 7.298842191696167 34.02869801223278 72.35510580986738 347.7717327997088 88.53370152413845 2612.234700769186 128.0668596550822 804.0293147489429 507.5596193894744 916.0246650725603 16.06545354425907 69.68949499726295 18.55764669179916 11.80901215225458 5.501300893723965 37.62263525277376 201.9954089969397 0.4590326845645905 15.60918458551168 827.6029790118337 18.39374415576458 1140.761317133904 139.6017930805683 6.556136630475521 53.97388366609812 4.29267792403698 58.88735827058554 27.35712521523237 1188.189399532974 7.742898263037205 0.6407019570469856 8.137903809547424 153.1207043230534 546.6408125683665 280.0220859050751 375.0032620280981 5952.909498296678 2.157786697149277 27.81321933865547 420.0851144120097 4685.229244031012 198.4374174326658 920.6938104555011 0.4822688475251198 3.458750180900097 12.98555935174227 52.89088425785303 5.912786886096001 722.7641070857644 9.494759328663349 166.6746179610491 60.35045993328094 333.6219519674778 18.52919677644968 21.15624372661114 5.807149514555931
0 2292.835117504001 1.126451179385185 0.1419113576412201 0.3622536808252335 0.6595878899097443 1.660165727138519 0.624427855014801 446.1906245723367 0.2508391663432121 747.63544665277 0.6071784645318985 5188.120157420635 0.4908682331442833 4.373859249055386 124.0859043300152 1.19542308151722 8.58668527752161 7.466665379703045 0.1235025823116302 6.757876694202423 1293.764338351786 3.101619139313698 302.4669638350606 1703.577782951295 232.156211450696 8566.694768875837 4.499525867402554 0.9625677317380905 0 293.3375119790435 0.8289006575942039 0 174.0351195260882 1.12909734249115 45.35155483335257 538.4790887534618 552.7335639223456 57.09967287629843 5.909610755741596 16.72120720148087 1392.693422675133 0.3543024957180023 0 83.0021794885397 0.4973834529519081 0 0 0 0.1132946014404297 0.09872337430715561 4.774051517248154 0 100.3990131095052 0 1413.462419360876 0.0988554060459137 0 2.688794933259487 1.297975361347198 31.74554996192455 16.69128736108541 0 0.9641375616192818 13.55923241376877 1.84001811593771 8.944664463400841 308.1604621708393 245.406385153532 1041.022416815162 0.6234714165329933 0 0 193.6220231205225 0.1088006198406219 0 2.412448436021805 0.1629735231399536 6.438681274652481 122.560170546174 18.99903289973736 2.441950842738152 0.2091945111751556 1.525156825780869 97.68907195329666 0
75.89067243784666 629.6379130110145 7537.063419595361 4.918545491993427 7.864536553621292 45.87885612249374 344.701633490622 212.7458477243781 11.06887233257294 36.2579212859273 2955.47330545634 36.0252747386694 460.3953683003783 150.6965844929218 0.9545605480670929 11.29366920888424 1727.61051402241 4818.957586430013 2631.830049060285 12.26170269399881 69.31080105155706 16.19602091610432 3647.90594214946 56.61708430200815 232.156211450696 38286.29814068973 14078.36846716702 73.09097961336374 231.2895201072097 384.8160230591893 375.8060523569584 60.41750404983759 19.26559225469828 1466.044650562108 34.29469389468431 2134.069892399013 6769.61211437732 3839.045902743936 1767.671954326332 58.5640564262867 4.884413503110409 111.4422263279557 10.05049396306276 0.1556172072887421 454.0092197880149 165.0863646939397 0.09056921303272247 0 0.5967698693275452 12.07045410573483 0.9144849553704262 3.054754056036472 0 105.3266094699502 0 511.9503027275205 2.295641250908375 0 4.699969448149204 304.8484795093536 352.7875578254461 1056.209427304566 0 12.76017014682293 7.225700318813324 28.95699924975634 12.82285107672215 382.9953164458275 3081.017126224935 6666.7064756006 10.59680301696062 2.07831434905529 25.44935145974159 298.0086316913366 0.2083550244569778 0 46.66152196377516 3.170583263039589 301.260777041316 241.6806074231863 312.3809059336782 26.77699384838343 3.116404689848423 0.8732789009809494 14.62747498601675 0.611288994550705
93.34824639558792 5016.441887140274 8813.43700992316 4.437499798834324 6.29520708322525 62.5536650493741 1025.316366873682 235.4768701121211 773.3087902143598 54.27253291755915 1552.689122371376 20.62012359499931 4592.880726635456 191.6857150420547 8.727630212903023 4664.49221727252 2298.159533269703 1638.126145109534 751.7299280166626 8.974940694868565 3008.652699410915 2133.34524371475 15926.59313647449 3228.895635336637 8566.694768875837 14078.36846716702 38569.77113628387 966.0132784992456 218.8922813609242 600.9138148128986 2007.029245465994 38.32221344858408 29.36042788624763 2422.130158498883 206.7667239904404 8159.323168970644 5805.226947799325 7897.707890301943 4395.33468863368 323.4490784034133 3.905771069228649 141.4272903725505 41.52584604173899 1.831790961325169 2585.040252432227 2332.849310897291 0.3085819929838181 0 0.4438580945134163 156.4261917546391 3.938225999474525 9.155654594302177 1.129911966621876 191.9923963174224 0.4984474629163742 1006.13480104506 7.750248186290264 0 935.4757224172354 1021.009387336671 456.9139971211553 1607.564657986164 0.3605056703090668 200.6603633165359 702.0536634922028 2157.50155659765 290.5743515118957 1215.27679938823 4753.220189191401 24979.42130812258 218.9580463990569 8.27898808568716 65.92919606715441 489.2057501748204 0.2674126774072647 0.1205735951662064 85.74279368668795 32.89899337291718 1302.795743629336 501.1288539469242 696.9568375945091 191.9232486411929 18.29847484827042 2.482840530574322 24.07864125072956 7.833463042974472
41.45711602270603 30.16372381895781 406.5121463313699 6740.734991103411 21.06239569187164 716.7169814184308 23053.06746767461 419.6956707537174 2494.087002627552 6234.503423012793 24.98602507263422 2768.027620479465 59.77760304510593 230.4200651347637 162.1686623990536 457.8622486144304 34.03890493512154 9.291079416871071 9.366850100457668 3414.921781174839 5969.052903346717 100.9612125828862 1145.98259665072 10487.77508401871 4.499525867402554 73.09097961336374 966.0132784992456 25246.47850258648 591.9872113615274 11725.6683915928 1.370208740234375 54.59307649731636 76.1910178437829 553.2945147976279 101.0633029937744 3525.156269490719 183.1990739032626 1249.292300246656 729.5664693117142 342.4003797993064 27.47030711174011 45.49016214907169 30.09945617616177 8.652134746313095 2.043431550264359 26.35201423615217 189.9318232387304 0.1950751692056656 14.63780853152275 628.6656492948532 14.04054279625416 447.895728610456 128.083217933774 11.01345345377922 113.2921469807625 0.2657926082611084 36.76230438798666 19.22795892506838 385.3972994238138 3.023842044174671 0.2881122380495071 5.206766538321972 105.9069113656878 388.364082634449 26.27375727891922 105.9278323128819 2804.253397844732 0.1353988498449326 19.35742872953415 118.5676088556647 2878.565225794911 152.6160390526056 740.6716164648533 0.1930286288261414 2.279914744198322 11.89855079352856 34.13967665284872 7.284621089696884 623.4698295816779 8.28887826949358 98.58988811075687 28.6832657456398 293.5760342478752 8.360564172267914 21.68280121684074 4.3289984613657
