2360.095898605883 0.1785719096660614 319.7076086699963 16.53715237975121 0 31.31022252887487 3000.896220587194 607.8113759681582 7.567823201417923 194.7707950100303 1.819599375128746 21.06304099410772 0.2925896272063255 6412.479679718614 0 0.6247799843549728 434.0836685523391 2.051528498530388 13.18656744807959 18.08998465538025 44.31073147803545 0.615753173828125 190.099632166326 122.1491536796093 0 56.60858120769262 77.91357111185789 180.5612374469638 5676.853205867112 3333.279401570559 0.113670326769352 1.221665285527706 159.6686518266797 208.3861376717687 6.447052329778671 71.3257572427392 6.7027527987957 100.2283800840378 31.48755908757448 8.196347795426846 0.8206882029771805 0.2985102236270905 1.126133739948273 0.7914731875061989 0.1077453345060349 2.044844180345535 0.6967151463031769 0 0.3004098832607269 17.45256577432156 0.4561842530965805 4.915046624839306 1.281181655824184 0.09642811119556427 0.3489651530981064 0.9780299663543701 4.728087589144707 0 1.182134382426739 0.2174493819475174 0 0.1272481083869934 0.2996649667620659 4.389790512621403 1.307970941066742 0.373917244374752 41.186014726758 0 0.5605347082018852 2.750993892550468 34.68812283873558 8.031855449080467 22.45455761998892 0 0.1403864771127701 1.049512855708599 0.8361898586153984 1.324246466159821 12.81438665837049 0.5939799770712852 4.564331598579884 2.434842474758625 1.902483001351357 0.6047941893339157 0.1729396730661392 0
0.1785719096660614 251.0131582394242 314.3311262279749 0.2297543808817863 0.895439937710762 2.523032531142235 1.354253947734833 0.7097785621881485 919.4517550244927 0.2727030143141747 56.28920228034258 11.09309304505587 880.0759081467986 0.5653252080082893 33.90300921350718 277.7347172051668 32.29221091419458 7.628307558596134 5.933458216488361 0.3445641174912453 5.160615019500256 2117.434813253582 30.69353887438774 1171.810381017625 2597.119303122163 643.4501961395144 10238.34541077912 25.13396323472261 0.4348704740405083 1.303170152008533 104.1073853820562 0.1973167285323143 0.1407727599143982 22.45295442640781 0.2867811918258667 29.68619955331087 104.2205900475383 53.07791461795568 12.92560277879238 22.09679003059864 0 267.1196821033955 1.089112460613251 0 43.36462628096342 97.1947660446167 0.5286586657166481 0 0 0.3206791505217552 0 0 0 24.32689884305 0 135.6746772304177 0.3218155726790428 0 1.025100976228714 6.903594933450222 3.64019151777029 14.00975365936756 0 0 29.85620398074389 3.473564714193344 11.91626589745283 85.20604253560305 179.6239888221025 1775.110419668257 1.514369800686836 0.4344207569956779 0.1476823389530182 16.05468831956387 0.1121151596307755 0 4.189955323934555 0 6.994061276316643 30.20031069219112 10.43747290968895 2.501051433384418 0.1862093508243561 0 19.57928428798914 0
319.7076086699963 314.3311262279749 3595.018610268831 14.60126806050539 0 31.15621770918369 2741.203586235642 476.2872293964028 0.7532578408718109 103.2470623776317 5.211665563285351 2.970953829586506 1.610663071274757 610.3001241385937 0.1004554107785225 17.92056231200695 3630.556830279529 4.446420595049858 33.41135080903769 3.531916297972202 454.6993948072195 33.0796136111021 11960.3454753533 49.61184022575617 4.292966760694981 5221.23244908452 12807.89597070217 882.9003100842237 293.2091655135155 1414.839656561613 0.1175951212644577 2.008094429969788 17.26049279421568 932.7460511997342 22.19050747901201 1256.5770791471 3093.616463683546 1423.729849368334 402.0153663530946 23.2220306918025 2.531372264027596 8.060938939452171 4.524633787572384 0.4786334335803986 197.5597509220243 770.082160115242 0.1051952913403511 0 0.1933825463056564 8.144418396055698 0.8028434962034225 1.254071764647961 0.7227326482534409 0.6088270545005798 0 8.261736072599888 2.556902073323727 0 11.99322179704905 24.02268828451633 0.9760254919528961 10.36883893609047 0 1.172481462359428 48.31264421343803 47.01935482770205 9.345896475017071 3.341895416378975 294.0498184636235 3379.07251098007 4.318730548024178 2.135953322052956 7.581383973360062 0.1286390721797943 0 0 12.57366230338812 11.53354749083519 31.88381046056747 17.84257566183805 26.06229217350483 10.65852150321007 0.570440262556076 0 3.204592421650887 0
16.53715237975121 0.2297543808817863 14.60126806050539 4876.691070050001 2.401785142719746 151.1929350122809 155.3420377448201 135.2442472800612 862.8163708075881 2463.442708671093 3.419280596077442 3700.217432968318 0.0914573073387146 87.86771219968796 74.84446512907743 0 1.936067745089531 1.301639042794704 2.405481211841106 3964.948242411017 0.61544169485569 0.9024347215890884 1.287200003862381 2624.970765173435 0.09488027542829514 4.05414767563343 3.249595984816551 2190.662667438388 118.4724786058068 0.8906358182430267 0 2.414177171885967 1.032057493925095 63.22129794955254 13.24358676373959 168.9010209366679 3.319929137825966 98.29927942156792 36.38866075128317 187.8733043000102 4.258464120328426 4.526862472295761 4.551997005939484 0.5782073065638542 0.5609457641839981 0 89.55969000607729 1.104961231350899 7.766064032912254 56.9050447717309 7.626662142574787 53.73770150542259 145.9536849409342 0 111.5233509540558 1.32942521572113 4.152809761464596 10.14628652483225 0 0 0 0.1693863868713379 63.51423867046833 0 0 0 197.3386588320136 0 0.1845289543271065 0.7055129036307335 145.3873187080026 3.514279954135418 0.9432752653956413 0 0.5233500823378563 0.1199961006641388 1.61917906999588 1.896587818861008 7.318358674645424 0 7.303533136844635 1.946050882339478 51.18169015645981 0.3468385487794876 0 0
0 0.895439937710762 0 2.401785142719746 217.56137599051 479.324469268322 0.8715677708387375 69.96584054082632 60.87727434933186 3.958729572594166 20.03596103936434 96.43670035153627 0.730568528175354 7.697205923497677 1312.498088605702 0 1.451908230781555 4.048028826713562 2.700540758669376 7.711318306624889 0 1.810849890112877 0.2260365188121796 13.45888012647629 0.6321780756115913 4.156230926513672 0.882355809211731 1.834414206445217 11.90804788470268 0 0.2940733134746552 482.2501676231623 0 194.035926014185 0.9277786016464233 13.17520986497402 2.169224500656128 92.67586567252874 70.10152789950371 2691.342217586935 39.01536063849926 0.8775804936885834 0.6649384200572968 0 0 0 0.1419876962900162 0 0 0.1372643113136292 0 0 0 0 0 0 0 0.4533894658088684 0 0 0 0 0 0 0 0 0.2660194560885429 0 0.1652618199586868 0 0.2415323704481125 0 0 0 0 0 0 0 0 0 0 0 0.9248694181442261 0 0 0
31.31022252887487 2.523032531142235 31.15621770918369 151.1929350122809 479.324469268322 12339.49255847931 3041.344797678292 8139.379461236298 120.6677050516009 10846.470877707 110.4224738702178 2270.15825900808 4.851790733635426 1060.139616973698 1666.786513857543 0.3258841633796692 12.30091594904661 38.14316149801016 45.22951299697161 206.5892228409648 0.8800630867481232 0.8773859664797783 4.650911249220371 187.3033277690411 1.036154367029667 45.53132018446922 19.51885717362165 692.0498621985316 1162.446985110641 4.14839780330658 1.441821247339249 611.8180895373225 1.165014736354351 603.9844447523355 7.089995093643665 207.7428020983934 16.20517171919346 426.0856087505817 125.4800029955804 1900.943528778851 258.2201321795583 3.435230121016502 5.314602129161358 0 0.08566626161336899 0.1318937689065933 7.582663983106613 0 0.2884460538625717 6.477448470890522 0.4228060394525528 2.278427347540855 5.982175417244434 0.09782285988330841 6.549100190401077 0.5404810011386871 0.367701344192028 2.070071563124657 0 0 0 0 1.527313336730003 0.5298700928688049 0 0.1726853400468826 20.4941338673234 0.212329313158989 0.6638421714305878 0.9585017263889313 20.05903884023428 1.514734968543053 1.238056130707264 0 0 0 0 1.268413186073303 2.537057548761368 0 1.564542390406132 0 8.945137187838554 0.4591880738735199 0 0
3000.896220587194 1.354253947734833 2741.203586235642 155.3420377448201 0.8715677708387375 3041.344797678292 19981.38392556459 5387.680095739663 130.7068198546767 5208.603449448943 21.54941046983004 69.40923849493265 1.953732244670391 8267.205176733434 9.654841177165508 18.05856497585773 329.7308686301112 10.4385452196002 21.66517609357834 38.38677832484245 491.3406101390719 8.938175022602081 954.0389787778258 1587.405333846807 0.5203988254070282 314.1742812395096 419.4791879653931 16868.81201907992 2245.868703432381 5476.168450795114 0.8973942846059799 7.701269865036011 69.72559770196676 729.5610473826528 191.9832450672984 2344.322932295501 70.82149914652109 1286.680774569511 656.5372366085649 589.2080253437161 60.95595015585423 4.099814221262932 34.46230980753899 9.439141623675823 1.56572600454092 11.95818835496902 60.12549875676632 0.5215810835361481 13.08388404548168 358.5729349181056 27.63158193230629 76.56980718672276 39.9715738594532 3.944307185709476 15.71383558213711 0.4481692016124725 32.35604365170002 4.501922942698002 11.3176376670599 1.548357926309109 1.038484901189804 1.287276238203049 33.16484133154154 3.781482197344303 2.710930056869984 11.51856046169996 654.9058663025498 0.08913075178861618 4.415947958827019 35.00749585777521 576.3748491033912 66.29779819399118 80.69566563516855 0 3.600220017135143 5.302292756736279 17.76487167179585 21.11722339689732 127.9470962584019 2.286174833774567 54.48768193274736 20.84032440930605 69.22668767720461 4.888525024056435 4.501389712095261 0.2177754789590836
607.8113759681582 0.7097785621881485 476.2872293964028 135.2442472800612 69.96584054082632 8139.379461236298 5387.680095739663 9010.562324974686 19.22643231600523 2529.83377353847 114.9297636449337 1393.134702332318 5.251199394464493 7289.891448818147 425.6702661886811 0.29920694231987 255.5527283102274 33.81295448169112 45.92147132009268 219.793286819011 32.48673260957003 0.4559268206357956 136.2857570573688 570.2800364941359 1.319879397749901 99.55863363295794 93.59568443894386 454.7537171468139 2616.752574630082 601.5610662400723 0.9498632401227951 464.3206910789013 4.53001968562603 667.5172332003713 12.78718812018633 220.3927164450288 22.6360794454813 350.4358034655452 152.0607758834958 983.2861451357603 202.1306549981236 5.774495258927345 6.193286038935184 0.4484869912266731 0.341981865465641 0.468460701406002 9.613954819738865 0 1.191025234758854 49.46800800412893 4.971647419035435 10.1575194299221 6.295144326984882 0.3151048123836517 5.383797347545624 0.09751617908477783 2.516091153025627 0 0.2639518305659294 0.1843761950731277 0 0 6.278037920594215 0.906095027923584 0.6958543807268143 0 79.64378193765879 0.5698279142379761 0.5529615953564644 3.795050963759422 59.43232131004333 7.003859013319016 9.243492878973484 0 1.033984646201134 0.234440416097641 0.95025834441185 0.3360886871814728 11.41150882840157 0 5.14199148863554 1.001485101878643 8.613207243382931 0.8316051363945007 0 0
7.567823201417923 919.4517550244927 0.7532578408718109 862.8163708075881 60.87727434933186 120.6677050516009 130.7068198546767 19.22643231600523 1304.253239348531 692.1632008701563 8.681636765599251 1134.19832970947 99.10626082867384 7.15397896617651 1201.657508201897 72.95268630236387 1.123341307044029 1.04879193007946 0.5783824920654297 1164.237397946417 24.96973504126072 2113.966508358717 4.898374050855637 12996.54064953327 292.4024112895131 35.09474468231201 213.1168721914291 868.0241102129221 27.41476421058178 30.63267307728529 11.08457665890455 1.269091874361038 1.935621365904808 13.46300371736288 1.046658642590046 57.62860594689846 23.02284651249647 12.5419060960412 6.424593843519688 537.7557310536504 1.351893544197083 40.78312256932259 0.1816659867763519 14.92679657787085 7.97958005219698 3.680828846991062 246.8888045176864 4.473589912056923 29.12342128157616 191.8667140454054 25.61509475111961 95.20758114010096 101.2981353700161 8.145493783056736 329.7966805100441 24.46841396391392 36.82156310975552 63.30774459987879 25.33008109778166 2.128733590245247 1.179850488901138 0.6569292917847633 154.740625448525 30.82150750607252 24.70791168510914 2.361300550401211 2180.209348522127 5.907717607915401 4.063462786376476 13.8244397342205 753.6386847496033 82.43933261930943 115.9855547323823 5.03216864913702 2.906306080520153 14.6000467389822 16.19198532402515 7.121404141187668 88.00626465678215 5.069076344370842 42.19888722896576 19.46029143035412 194.9129629805684 3.28447064012289 1.141526855528355 0.7074913084506989
194.7707950100303 0.2727030143141747 103.2470623776317 2463.442708671093 3.958729572594166 10846.470877707 5208.603449448943 2529.83377353847 692.1632008701563 42780.35534800962 39.37788738310337 3370.918072041124 1.74850007891655 1363.442293934524 34.20603039860725 1.735160201787949 19.03635900467634 20.08472543954849 37.81826082617044 3731.70901722461 4.989928513765335 0.2030551582574844 13.55934230238199 1505.665568232536 0.5317065343260765 35.22291293740273 28.26261149346828 7777.587175816298 1325.802476145327 8.318179577589035 0.7978445366024971 13.80482947826385 4.906328983604908 653.4161592721939 68.37956959009171 750.8640585541725 26.26794277876616 945.237968634814 272.3215044364333 323.1183336153626 55.94315151870251 10.26446839421988 17.13361001759768 1.769948519766331 0.09930901229381561 0.08521213382482529 146.8615329042077 1.246704563498497 18.23872632533312 125.4524321779609 14.22460228204727 85.91255404055119 78.53204692155123 0.1135758310556412 203.498195387423 1.723594784736633 9.500294610857964 18.8309833034873 0.3060373589396477 0.3566274642944336 0 0 108.4603109955788 0.2133182734251022 0.5695831030607224 0.4689530581235886 486.1459578275681 0 0.5494273826479912 1.501103363931179 316.9700049459934 13.94472235441208 10.69005689024925 0 0.4590742811560631 0.3669359982013702 1.805745951831341 5.949697613716125 16.38634512573481 0.09666804224252701 15.24194126576185 5.146307192742825 89.13829316198826 0.5190887823700905 1.344878390431404 0.1308551877737045
1.819599375128746 56.28920228034258 5.211665563285351 3.419280596077442 20.03596103936434 110.4224738702178 21.54941046983004 114.9297636449337 8.681636765599251 39.37788738310337 8936.275182999671 84.36569042503834 2350.58053855598 102.3740690872073 10.43072845041752 1.082504592835903 197.0798051282763 4661.064121469855 2033.551793478429 13.97027894854546 0.7447028383612633 14.55856414884329 3.454624004662037 24.18639046698809 271.7073955312371 4007.958601564169 607.4772055223584 10.21173718571663 308.70572989434 2.006162524223328 461.801227517426 140.1324191763997 1.649235360324383 4128.160472124815 10.97416871786118 500.4236047193408 4039.612629525363 2512.725903630257 597.8261142298579 195.9824726209044 36.35295466333628 673.666625097394 8.788358137011528 0 9.247324615716934 0 0.09736397117376328 0.2266313657164574 0.1851040720939636 3.083884976804256 0.4709437489509583 0.29769067466259 0 162.1768612340093 0.415579728782177 649.2650581076741 0.6272498741745949 0 0 0 36.64272171258926 13.50781329721212 0.2993184998631477 0 0.2099212557077408 0.15851691365242 3.92603163421154 129.8762378767133 204.5947918817401 269.3172742798924 2.783143617212772 0.7688625827431679 0.6118647530674934 120.8094047680497 0.632411502301693 0 6.949788019061089 11.8761188685894 2.39250123500824 308.4017617478967 41.91260650008917 0.5039733573794365 0.1060656383633614 0.447180449962616 247.4049857631326 0
21.06304099410772 11.09309304505587 2.970953829586506 3700.217432968318 96.43670035153627 2270.15825900808 69.40923849493265 1393.134702332318 1134.19832970947 3370.918072041124 84.36569042503834 10536.72156946361 5.278208069503307 647.2679534703493 1817.611358396709 0.3208921477198601 12.34401703625917 35.36436603218317 59.31843617558479 4516.660693012178 0.2923600152134895 28.32928886264563 2.334513656795025 1064.156649962068 4.202777184545994 39.81950791925192 20.06663355231285 233.5081125721335 1072.346739724278 1.993322886526585 2.144822724163532 42.5946824029088 0.278414361178875 524.8219390884042 7.389098860323429 832.9374758377671 16.93830793350935 580.7090442553163 82.17698568105698 2297.918842971325 26.45225198566914 35.57016667723656 18.67540270835161 0.3430170267820358 0 0.2156849727034569 202.6047905907035 1.749374151229858 21.15205329656601 40.789390578866 5.99151822924614 28.31383562833071 84.13429317623377 0.07256422191858292 198.6734395772219 9.5062151029706 4.840631917119026 26.15901896357536 1.59463332593441 0.4789054691791534 0.1276973932981491 0.08609600365161896 90.32564496994019 3.549074575304985 0 0.3989346921443939 192.773499943316 0.6274140477180481 0.5785467252135277 0.4808332771062851 192.2607227563858 5.171133853495121 6.743771404027939 0.1944133788347244 0.2779317945241928 0 2.019202575087547 0.4217242896556854 12.08956193178892 0.1126968413591385 2.611501961946487 1.290156103670597 198.1053608432412 0.27498459815979 10.64079177379608 1.11411464214325
0.2925896272063255 880.0759081467986 1.610663071274757 0.0914573073387146 0.730568528175354 4.851790733635426 1.953732244670391 5.251199394464493 99.10626082867384 1.74850007891655 2350.58053855598 5.278208069503307 5744.104114480317 2.734081625938416 5.570396460592747 11.1747378334403 1.791918210685253 57.5788534283638 16.83713813126087 0.6538232415914536 1.846483953297138 168.7613175362349 2.56808752566576 112.4952740073204 3826.214930392802 1110.853298909962 3122.44651503861 5.426195919513702 11.59120343625546 0.3311115056276321 1230.701336346567 4.983972690999508 0 532.3332140743732 5.459751099348068 390.3692183643579 3333.650820069015 2128.686278916895 235.1457506045699 30.16023562848568 15.2844235599041 2122.372506394982 8.905396163463593 0 29.07973565906286 0.5270168334245682 0.1219060570001602 0 0.08447162806987762 0.4542317315936089 0.2690412178635597 0.08511218428611755 0.2278372794389725 448.0195460990071 0.3091085106134415 2151.55086748302 0.3705622777342796 0 0 0.2378112077713013 53.21092996746302 16.38474096357822 0 0 0.3977716341614723 0 3.16696685552597 602.3763570040464 353.2903292328119 582.7215069904923 1.839558944106102 2.760546825826168 0 339.7203162759542 2.165889754891396 0 8.78000957518816 4.612327516078949 11.48216060549021 758.5992668122053 78.49474562704563 10.68571675568819 0 0.8833087682723999 436.9103055000305 0.7594201564788818
6412.479679718614 0.5653252080082893 610.3001241385937 87.86771219968796 7.697205923497677 1060.139616973698 8267.205176733434 7289.891448818147 7.15397896617651 1363.442293934524 102.3740690872073 647.2679534703493 2.734081625938416 12163.67969454825 83.34530593454838 1.104269132018089 433.4334443807602 34.43538331240416 54.23921798169613 161.2551787719131 45.45314374566078 1.250181868672371 228.9281788095832 367.0387373566628 0.4718959704041481 117.2729269191623 124.8246326819062 413.1898660063744 11241.26654486358 1409.663657486439 1.413733534514904 44.60751015692949 13.62497739493847 758.7694742828608 9.053191743791103 285.9093340709805 20.56388038396835 403.1141687631607 110.4920041337609 463.4276021122932 29.96888072788715 3.188374847173691 5.029422864317894 1.245754554867744 0.4406765997409821 1.094128884375095 5.506239168345928 0 0.8697469085454941 35.70150365680456 2.415782026946545 7.09463944286108 3.539620824158192 0 3.41182254254818 0.2025164589285851 5.69856184720993 0 2.39583046734333 0.8222534656524658 0 0 3.332751825451851 3.276230841875076 2.114723734557629 0.9504547938704491 65.2009397149086 0 0.9893806949257851 2.483755968511105 59.28828045725822 10.30750790983438 25.85229364782572 0 0.1542792469263077 1.28803139179945 2.294188849627972 2.675198897719383 15.79639989882708 0 6.216674119234085 3.181962408125401 6.885844640433788 0.2390231937170029 0 0
0 33.90300921350718 0.1004554107785225 74.84446512907743 1312.498088605702 1666.786513857543 9.654841177165508 425.6702661886811 1201.657508201897 34.20603039860725 10.43072845041752 1817.611358396709 5.570396460592747 83.34530593454838 490.6015736162663 0 1.046752579510212 4.167465351521969 4.154077760875225 164.1502980142832 0 62.08973782509565 0 640.8130467757583 10.96867121756077 5.950830213725567 9.850863806903362 21.51120080798864 140.1431642025709 0 0.9230113923549652 267.6107814982533 0 70.30360129475594 0 165.3846208900213 2.088899977505207 29.45162437111139 10.44236811995506 1832.563768617809 66.38217900693417 8.450125813484192 5.365241304039955 0 0 0 9.774957925081253 0 2.053746312856674 2.537469029426575 0 2.752977892756462 2.288897186517715 0 14.06896533071995 7.742239527404308 0.9165055155754089 4.880577400326729 0 0 0 0 8.6717359572649 0 0 0 18.55966299772263 0 0.1207927986979485 0.3056477755308151 13.82033310830593 0 0 0.09180255979299545 0 0 0.1980951279401779 0.4080911874771118 0.1534225046634674 0.1456672251224518 0.4166066348552704 0 22.14035905897617 0 0 0
0.6247799843549728 277.7347172051668 17.92056231200695 0 0 0.3258841633796692 18.05856497585773 0.29920694231987 72.95268630236387 1.735160201787949 1.082504592835903 0.3208921477198601 11.1747378334403 1.104269132018089 0 3243.198053330183 11.78521901369095 0 0.586642824113369 0 1367.865442678332 3021.9350887537 4771.262590609491 3265.843517154455 37.94340290129185 8.045699328184128 3799.174792408943 4483.365534089506 4.315528027713299 22.11454875022173 1.417475461959839 0.1248792335391045 0.8872310668230057 146.222788117826 41.93005990236998 2210.179085932672 828.6835773959756 466.7411404922605 682.5854636058211 95.21247789263725 0.9441478699445724 27.6620621457696 13.76296190917492 9.411405466496944 8.761205799877644 235.1183502972126 0 0 0.09184838831424713 23.85231629014015 4.85814855247736 50.71043648570776 0.1479644328355789 0.6844077259302139 0 9.86214117705822 20.12346930801868 0 2768.202151954174 13.7035047262907 0.4087756499648094 0.9521180391311646 0 783.4153940975666 949.7785428017378 2040.500833772123 339.2024895772338 0.6058879941701889 10.1205537468195 848.2086132243276 186.7744798883796 34.49929511547089 253.0907699242234 0.5985682159662247 0.2097720876336098 8.395858108997345 24.73613215982914 18.08726686239243 177.076325006783 33.29406704008579 61.53832771629095 57.02915574610233 5.200656108558178 0.7133869975805283 4.731746718287468 0.6118738353252411
434.0836685523391 32.29221091419458 3630.556830279529 1.936067745089531 1.451908230781555 12.30091594904661 329.7308686301112 255.5527283102274 1.123341307044029 19.03635900467634 197.0798051282763 12.34401703625917 1.791918210685253 433.4334443807602 1.046752579510212 11.78521901369095 2415.944358706474 113.5574024096131 2392.838974386454 2.345737718045712 391.0977760702372 4.026966951787472 3307.838912256062 13.67830144613981 1.879513703286648 3781.35172162205 3732.592359766364 75.04919748008251 859.4890222996473 1323.468768693507 1.174311891198158 4.598069310188293 113.8868990167975 4449.887234255672 20.39723356068134 1003.354160629213 1529.073041424155 2058.645934730768 437.9817902520299 30.56311679631472 0.09541935473680496 14.57381132245064 3.606560610234737 0.1931823939085007 29.49742054194212 42.84709288924932 0 0 0 1.731543377041817 0 1.330989606678486 0.08691772073507309 1.038621827960014 0 1.810380920767784 0.8007795438170433 0 4.363517783582211 5.004401959478855 0.2311457395553589 5.895301155745983 0 1.811269782483578 4.843516029417515 5.850859634578228 6.407770551741123 4.208119004964828 161.7156694084406 420.9091934636235 5.140607111155987 1.132068894803524 5.435757391154766 0.5448176339268684 0 0.5667659193277359 1.583253905177116 3.439719378948212 5.804298095405102 5.986055724322796 4.236895062029362 2.655649080872536 0.7188678383827209 0 0.5208605900406837 0
2.051528498530388 7.628307558596134 4.446420595049858 1.301639042794704 4.048028826713562 38.14316149801016 10.4385452196002 33.81295448169112 1.04879193007946 20.08472543954849 4661.064121469855 35.36436603218317 57.5788534283638 34.43538331240416 4.167465351521969 0 113.5574024096131 374.2123664543033 753.8185396045446 4.45511906594038 0.2910549193620682 1.017379812896252 3.317862682044506 7.168775282800198 29.22342877089977 3417.780883893371 751.0455547422171 3.416973404586315 85.00189256668091 1.549355044960976 146.7554101571441 34.22106339782476 0.5718436911702156 927.2513499930501 4.311961695551872 364.0970683544874 1058.139488629997 1828.67966093123 450.8643333986402 71.68059318512678 7.065429985523224 36.47223805636168 2.821284137666225 0 6.911250829696655 0.0987376943230629 0 0 0 0.6762904673814774 0 0 0.2901841178536415 15.34178265184164 0.09211120009422302 51.68318316340446 0.08605604618787766 0 0 0.1127021461725235 21.22470688074827 13.68981233984232 0.4293405115604401 0 0.3021620288491249 0 1.96654637157917 17.95475761592388 167.4585701227188 218.5229394361377 0.7729650363326073 0.1261469125747681 0 39.53651592135429 0.2534639537334442 0 0.7287481129169464 1.194467186927795 1.39593417942524 15.25816359370947 3.823738999664783 0.1311280280351639 0 0 0.4615831449627876 0
13.18656744807959 5.933458216488361 33.41135080903769 2.405481211841106 2.700540758669376 45.22951299697161 21.66517609357834 45.92147132009268 0.5783824920654297 37.81826082617044 2033.551793478429 59.31843617558479 16.83713813126087 54.23921798169613 4.154077760875225 0.586642824113369 2392.838974386454 753.8185396045446 1317.815737985075 10.7763139680028 9.089397937059402 0.5363764017820358 25.26288334280252 13.59048945456743 5.769674524664879 7128.519646055996 423.8802217692137 10.34989742934704 170.6746672764421 14.50324875861406 17.92667812854052 25.72038050740957 5.757192552089691 4475.094787292182 12.74396145343781 931.7686584815383 1504.694387614727 2899.052386544645 697.6406481340528 88.80540843307972 3.460495077073574 15.44148820638657 3.71246000379324 0 22.17468942701817 2.025894269347191 0.1366301774978638 0 0 0.4975182712078094 0.1523807197809219 0.360541433095932 0 2.920240521430969 0 11.6102854385972 0.3515222519636154 0 0.3691099882125854 0.5848977640271187 4.707465402781963 19.47768430411816 0 0 0.4495662003755569 0 2.923714198172092 13.59807264059782 189.2613280639052 322.886965803802 2.351310648024082 0.102373979985714 0.2625289410352707 9.030034735798836 0 0 0.1069245487451553 3.430754989385605 1.840191632509232 6.016299016773701 1.222489848732948 0.617204561829567 1.057146549224854 0 0.7186048030853271 0
18.08998465538025 0.3445641174912453 3.531916297972202 3964.948242411017 7.711318306624889 206.5892228409648 38.38677832484245 219.793286819011 1164.237397946417 3731.70901722461 13.97027894854546 4516.660693012178 0.6538232415914536 161.2551787719131 164.1502980142832 0 2.345737718045712 4.45511906594038 10.7763139680028 833.9351116195321 0.1094850897789001 1.011147998273373 0.5984710678458214 897.7998342588544 0.3373122811317444 6.544347546994686 3.733500197529793 1824.665145888925 252.1230717785656 0.8592185601592064 0 6.035633765161037 0.4853214472532272 132.7798700556159 13.69242269545794 200.6605195328593 4.516545541584492 194.2204314991832 46.73982801288366 376.0955583006144 12.93270014226437 5.384013898670673 4.508769117295742 0.9120746850967407 0.2805441319942474 0.7285456508398056 96.20214019715786 2.243349604308605 11.11728551983833 65.55657340586185 8.838244237005711 44.74879631400108 62.52065354585648 1.294678568840027 119.7515889108181 0.09959980845451355 5.722081176936626 15.32196391373873 1.600313365459442 0 0 0 70.87850759923458 0.4571128785610199 0 0.128218948841095 246.6575551256537 0.08250422775745392 0 0.3937238454818726 193.9056007638574 6.052618265151978 4.755002461373806 0 1.632553718984127 0 2.257899612188339 0.904541015625 8.324719086289406 0 6.460677042603493 2.334807604551315 72.13366492837667 1.281812071800232 1.071007490158081 0
44.31073147803545 5.160615019500256 454.6993948072195 0.61544169485569 0 0.8800630867481232 491.3406101390719 32.48673260957003 24.96973504126072 4.989928513765335 0.7447028383612633 0.2923600152134895 1.846483953297138 45.45314374566078 0 1367.865442678332 391.0977760702372 0.2910549193620682 9.089397937059402 0.1094850897789001 10346.67016949505 171.2529016137123 13792.05704250932 244.4229196459055 0.5104445219039917 17.42335280776024 329.3845159858465 5568.286108829081 121.4236992821097 6920.694638006389 0 0 77.46677331626415 4497.680663362145 163.9967269822955 6298.664102941751 1371.881780125201 4092.906298480928 3036.786586076021 250.4724111706018 6.552617445588112 13.17889841645956 35.10648055374622 6.017643176019192 0.8630698919296265 39.21751792728901 0 0 0 6.787302866578102 1.566298454999924 11.51728083193302 0 0.3738169074058533 0 6.215858817100525 7.495917715132236 0 387.6928697675467 4.211389027535915 0.3277469575405121 0.5638970583677292 0 313.0451134815812 147.2463832199574 151.1297448277473 132.0751223191619 0 4.264983475208282 27.785724170506 76.17193976789713 10.73021973669529 105.6107796058059 0 0.09924664348363876 5.271055310964584 12.84827590733767 39.87854293733835 90.12576625496149 10.56992706656456 25.63600254058838 20.40780389308929 4.816411539912224 0.5263074636459351 8.145728752017021 2.54454331099987
0.615753173828125 2117.434813253582 33.0796136111021 0.9024347215890884 1.810849890112877 0.8773859664797783 8.938175022602081 0.4559268206357956 2113.966508358717 0.2030551582574844 14.55856414884329 28.32928886264563 168.7613175362349 1.250181868672371 62.08973782509565 3021.9350887537 4.026966951787472 1.017379812896252 0.5363764017820358 1.011147998273373 171.2529016137123 1968.8676199615 345.1428344622254 7035.954975746572 623.7489139065146 44.29417592287064 3087.814728237689 226.6198849007487 2.873444259166718 24.44400706142187 16.81819785386324 0.107716329395771 0.1124210730195045 5.756301619112492 0 14.23017601668835 21.83324236422777 10.06273797899485 5.807167500257492 41.38778002560139 0 56.11484210193157 0 1.27553753554821 27.77263352274895 95.73880060017109 2.184518732130527 0 0.4425811097025871 8.7137071788311 1.073323771357536 30.53690016269684 0 6.886897623538971 0 35.31304405629635 3.182220675051212 0 1001.227224983275 4.022693134844303 0.3130142167210579 1.008908070623875 0 143.7072080299258 205.3477550894022 531.9045084193349 176.9980398714542 7.50286440551281 6.991745516657829 847.0461698547006 58.06748895347118 9.338315352797508 51.15177188068628 6.444601014256477 0 1.807654425501823 5.48968543857336 2.432696297764778 44.4038257598877 12.26609779149294 16.43265496194363 12.48896027356386 1.074959680438042 0.5089108943939209 2.776129648089409 0.2674594223499298
190.099632166326 30.69353887438774 11960.3454753533 1.287200003862381 0.2260365188121796 4.650911249220371 954.0389787778258 136.2857570573688 4.898374050855637 13.55934230238199 3.454624004662037 2.334513656795025 2.56808752566576 228.9281788095832 0 4771.262590609491 3307.838912256062 3.317862682044506 25.26288334280252 0.5984710678458214 13792.05704250932 345.1428344622254 11967.13657157123 321.004003636539 1.834957025945187 1112.418259397149 13573.95585226268 3095.911886192858 310.106497399509 4091.429373577237 0.3478541374206543 0.3499163463711739 50.39121704548597 4416.387175671756 195.8896743431687 9225.431518420577 5243.307582706213 6368.97759258002 6282.427632912993 505.4559953063726 12.40822064131498 7.750022619962692 37.10262265056372 1.552138850092888 9.764671802520752 539.4473867416382 0 0 0.1033952310681343 11.25857372581959 1.519981317222118 3.630374349653721 0 0 0 0 4.403608053922653 0 1529.741324283183 5.433723025023937 0.1402343660593033 0.4371489807963371 0 199.3592927753925 361.2710282579064 1566.436263300478 46.79423348605633 0 8.924256831407547 1511.200211323798 34.3929558545351 2.994233459234238 33.42481708526611 0 0 0.6239914000034332 11.66811382770538 101.5262226015329 100.2082833722234 25.67825581878424 34.47608104348183 43.78688882291317 1.571556195616722 2.012233778834343 11.48436616361141 1.937422841787338
122.1491536796093 1171.810381017625 49.61184022575617 2624.970765173435 13.45888012647629 187.3033277690411 1587.405333846807 570.2800364941359 12996.54064953327 1505.665568232536 24.18639046698809 1064.156649962068 112.4952740073204 367.0387373566628 640.8130467757583 3265.843517154455 13.67830144613981 7.168775282800198 13.59048945456743 897.7998342588544 244.4229196459055 7035.954975746572 321.004003636539 10713.11722818762 349.7830170989037 61.61657685041428 2045.114099137485 10478.93977540731 730.6481394916773 248.2199301123619 13.32635585218668 5.487311936914921 73.93581515550613 454.0882430672646 114.8176520764828 2196.775393731892 64.91985139995813 802.8671552240849 411.1965577229857 785.2188282161951 42.67537218332291 64.31437160074711 26.07639275491238 86.08923950046301 13.52768655121326 70.82958070933819 357.9102590307593 2.9123230651021 54.03369493037462 1503.235258668661 142.7127998098731 1496.485334478319 211.3433833420277 15.468023262918 192.4082805141807 39.32833631336689 241.5969155654311 28.27566175162792 275.7374769374728 17.84993855655193 4.898149497807026 6.891745828092098 214.1403819844127 215.1260987222195 177.5412332341075 148.7093963101506 5373.480287589133 6.402117662131786 16.2864223793149 141.8453020974994 3387.131737686694 494.2356415912509 894.1784999147058 4.755994647741318 18.13707999140024 63.51891856640577 98.5662922039628 27.3542378693819 715.5687963217497 16.52163345366716 308.2673286050558 123.4740073978901 366.6944904103875 24.40523586422205 6.950948052108288 6.01465218514204
0 2597.119303122163 4.292966760694981 0.09488027542829514 0.6321780756115913 1.036154367029667 0.5203988254070282 1.319879397749901 292.4024112895131 0.5317065343260765 271.7073955312371 4.202777184545994 3826.214930392802 0.4718959704041481 10.96867121756077 37.94340290129185 1.879513703286648 29.22342877089977 5.769674524664879 0.3373122811317444 0.5104445219039917 623.7489139065146 1.834957025945187 349.7830170989037 698.4877059534192 645.5773740559816 5570.035790868104 7.76466977596283 1.297405213117599 0 445.7975746542215 0.2711153626441956 0 54.34326907992363 0.7636564671993256 37.36242985725403 457.1788637191057 199.9325514212251 60.34434133768082 10.33114750683308 2.57729135453701 612.8269832655787 1.577562034130096 0 59.10891974717379 1.45591513812542 0 0 0 0.10910814255476 0 0 0.09732247889041901 132.9110712558031 0 1098.583716318011 0 0 0.08534117043018341 0 14.4354504570365 15.70715735852718 0 0 1.909363687038422 0 1.360332652926445 188.8167211860418 132.0792009308934 472.4075145199895 0.4292044043540955 0.5003801435232162 0 120.2906856909394 0.3482684567570686 0 3.909325465559959 0 4.745757296681404 59.45679489523172 19.60422705858946 2.592073455452919 0 0 135.6450083255768 0
56.60858120769262 643.4501961395144 5221.23244908452 4.05414767563343 4.156230926513672 45.53132018446922 314.1742812395096 99.55863363295794 35.09474468231201 35.22291293740273 4007.958601564169 39.81950791925192 1110.853298909962 117.2729269191623 5.950830213725567 8.045699328184128 3781.35172162205 3417.780883893371 7128.519646055996 6.544347546994686 17.42335280776024 44.29417592287064 1112.418259397149 61.61657685041428 645.5773740559816 23135.07928239554 10860.17549141496 63.35174674540758 176.3217137902975 94.20788131654263 384.4591069296002 29.84322012960911 8.080768741667271 1607.008031658828 16.92640347778797 1688.838668093085 5080.221397541463 3348.137480691075 970.3884526640177 77.87227534502745 13.73512725532055 219.857905767858 7.874324068427086 0 482.5051356777549 111.4681400060654 0.09892921894788742 0 0.4309692233800888 1.94588828086853 0.6781656295061111 1.938596837222576 0.2434535995125771 126.5858689025044 0.3557204678654671 610.4280175119638 0.8454544320702553 0 1.008563138544559 24.88112816214561 111.4685116633773 171.0180935040116 0 0.244494304060936 11.46666314452887 2.159534424543381 7.108024016022682 343.2162157818675 2216.29720044136 4630.515235908329 3.319594338536263 1.941202655434608 0.1218146085739136 270.1812866032124 0.7402138859033585 0 9.990324221551418 5.379099309444427 18.73412127792835 134.1791023463011 33.69851991534233 5.641493961215019 1.093638829886913 0.3778899163007736 17.16243407875299 0.1493905335664749
77.91357111185789 10238.34541077912 12807.89597070217 3.249595984816551 0.882355809211731 19.51885717362165 419.4791879653931 93.59568443894386 213.1168721914291 28.26261149346828 607.4772055223584 20.06663355231285 3122.44651503861 124.8246326819062 9.850863806903362 3799.174792408943 3732.592359766364 751.0455547422171 423.8802217692137 3.733500197529793 329.3845159858465 3087.814728237689 13573.95585226268 2045.114099137485 5570.035790868104 10860.17549141496 36977.4896473363 1410.958488091826 186.0295302718878 116.7436809241772 1901.773196876049 9.09961299598217 19.31060600280762 3612.719162337482 107.5490505844355 6509.26988594234 5652.065936550498 7297.217145584524 2637.881926298141 133.9099542722106 10.81158182770014 105.6609471216798 28.10068816691637 4.900596544146538 2544.059001103044 2483.818448223174 0.8156827092170715 0 0.2587965056300163 34.23628927022219 6.045144513249397 7.446487329900265 0.1208728328347206 147.8948476091027 0.2281089201569557 602.5895490795374 16.25288143754005 0.5257132351398468 650.4033043682575 64.75488302856684 154.8547736108303 294.0925075411797 0 10.93034761399031 658.6941554918885 854.9769284427166 57.21232503652573 740.3928744196892 3944.233627527952 17174.18590953201 38.86284907907248 5.228770554065704 17.34491874277592 383.9577557221055 0.3446166887879372 1.094761356711388 28.20057692378759 60.5118036866188 133.0913772433996 208.4246268346906 110.8436157926917 54.91145304590464 4.677339322865009 2.821672029793262 23.55728659778833 0.6420309692621231
180.5612374469638 25.13396323472261 882.9003100842237 2190.662667438388 1.834414206445217 692.0498621985316 16868.81201907992 454.7537171468139 868.0241102129221 7777.587175816298 10.21173718571663 233.5081125721335 5.426195919513702 413.1898660063744 21.51120080798864 4483.365534089506 75.04919748008251 3.416973404586315 10.34989742934704 1824.665145888925 5568.286108829081 226.6198849007487 3095.911886192858 10478.93977540731 7.76466977596283 63.35174674540758 1410.958488091826 22220.61172770709 986.0658832862973 8650.404823251069 0.6357543617486954 4.519123613834381 145.6718585267663 952.1632064208388 192.807207621634 4328.817075714469 123.5066999942064 1452.233317732811 933.512002825737 386.8514572009444 30.91390841454268 24.58293516933918 37.88676278293133 52.35037717968225 2.326525457203388 46.8216238245368 104.1087494343519 0.8439613282680511 20.1486204713583 671.8818102627993 64.37779711186886 281.4809278920293 55.95625642687082 7.739156797528267 72.45056264847517 6.112305961549282 120.2354526072741 11.3610255420208 135.5336029827595 11.9739229157567 1.197233945131302 3.579635865986347 66.09214667230844 173.9176454246044 66.04763142764568 54.61990775913 1810.300683617592 0.229074090719223 9.6410191655159 75.55414748191833 1309.131462939084 272.2897986844182 611.4546648561954 0 7.541350245475769 38.97746434807777 61.46956912428141 37.85058069974184 348.3326717019081 10.12411761283875 142.0993007346988 58.95485615730286 130.8649954050779 9.213429115712643 6.122699990868568 1.767657160758972
