486.5358906909823 0.6760321706533432 143.7816019281745 5.524150051176548 0 5.236427485942841 3504.896156735718 366.9557168260217 28.72516375035048 367.122696429491 20.56431408971548 0.8566372990608215 1.204592175781727 5598.318106092513 1.038502812385559 1.898491531610489 497.5771598890424 12.03009744733572 130.8803796544671 1.554000005125999 51.04331536591053 3.994087815284729 79.82924982905388 99.10068676620722 0.8265290856361389 105.3229738771915 60.11163970828056 215.0835894793272 1136.045270860195 1755.582523204386 3.823641054332256 1.41731483489275 13.0932504683733 49.38313978910446 0.5438315272331238 31.07463848590851 21.10615749657154 29.13753890991211 6.117556430399418 1.757431343197823 0 0 0 1.023274190723896 0 3.076023779809475 0 0 0.1199056878685951 10.22855482250452 4.171363025903702 7.757077343761921 1.723052844405174 0.2232472896575928 0 0.1506399661302567 2.48340680450201 0 2.652464970946312 0.7292531132698059 0.7521345615386963 0.5374076589941978 0 1.951420925557613 1.789052151143551 1.020472779870033 39.79377932846546 0 0.899097666144371 4.707577921450138 25.21637534350157 4.572966791689396 6.370343446731567 0.1156917884945869 0 1.98335050791502 0.8156167343258858 0 14.54722087830305 0.694453626871109 8.79458923637867 2.884452447295189 4.449873708188534 0 0 0
0.6760321706533432 153.3575874567032 135.0137691870332 0 3.184129066765308 0.4612935408949852 4.158158287405968 1.337269768118858 543.2762997820973 0.6015585958957672 23.6334650889039 0.7805738598108292 706.6876422390342 1.357779324054718 11.54369813203812 151.4755943417549 31.51164335757494 0.1255548298358917 14.94295992702246 0.1819149553775787 6.148993372917175 1774.230204224586 9.071181744337082 656.8698806613684 2520.762732423842 322.8176437467337 11608.22693928331 29.8906728848815 3.250768937170506 4.852278620004654 48.88739681243896 0.1965593546628952 0.440490260720253 22.34659610688686 0 31.3116098344326 181.7455928772688 75.58539623767138 20.49384465068579 23.28680753707886 0.1288440972566605 345.8478009998798 0 0.2420494556427002 22.8920289427042 253.8973694145679 0 0 0 1.128159113228321 0.1389424055814743 0.6410461291670799 0 6.245997458696365 0 34.76972034573555 0.9959745854139328 0 2.340744204819202 53.30344118177891 1.666720248758793 35.47153413295746 0 0.3811546936631203 5.127518653869629 6.230110026896 1.970347113907337 16.38271443545818 505.4609989896417 1724.447542481124 2.253384858369827 0.4189094752073288 0.677912674844265 4.753554165363312 0.09036951512098312 0 4.187088429927826 0 27.58438692241907 21.30985022336245 20.37371365725994 7.787168219685555 1.303298197686672 0 5.780838117003441 0
143.7816019281745 135.0137691870332 2890.411605753005 0.5391843765974045 0.1278161406517029 14.47125539183617 2069.093432560563 321.993534848094 2.634894475340843 208.9684696793556 26.99283412098885 0.2895789071917534 12.34144326299429 171.7309541255236 0.1572691053152084 28.49489352852106 6325.750279434025 14.81244631111622 211.2477020844817 0.2232758104801178 744.3391588106751 148.5876654535532 12981.36404766887 70.83217565715313 1.933131337165833 9082.766099914908 5648.981295540929 1796.180962964892 78.14365834742785 764.455222427845 6.389140963554382 0.4302744045853615 3.660459950566292 639.8065803423524 23.19757059216499 2623.670778080821 1932.671742789447 1869.557749502361 1348.981467485428 52.52969736605883 4.587361574172974 4.740594655275345 3.553387872874737 0.5773801952600479 172.8217720016837 1684.165157616138 0.1988257467746735 0 0.7324101999402046 16.14593728631735 2.677121385931969 0.9794958606362343 0.5561371147632599 1.813493080437183 0 0.485117569565773 4.293474264442921 1.877094507217407 16.04253944009542 431.8966258689761 3.463984064757824 71.58952894806862 0 11.29066979885101 88.48152723163366 112.6828097999096 11.52224063873291 0.786392405629158 486.7567944005132 1948.623695462942 23.20977502316236 2.085930377244949 7.959210202097893 1.083950683474541 0 0.3147731274366379 48.58747630566359 2.54465277493 226.9370541423559 46.65773992985487 167.1433746814728 51.61935467272997 1.564660519361496 0 0.1724010407924652 0
5.524150051176548 0 0.5391843765974045 1383.505183726549 11.57111766189337 222.6741911917925 36.50822278857231 134.8805449008942 616.5559794604778 3686.65079331398 15.37092270702124 6813.318703599274 7.26119689643383 124.8256364911795 83.79572660475969 0.3781644105911255 0.6589828804135323 1.977124996483326 4.142904534935951 2760.338120497763 0.2009599506855011 0 0.2964419275522232 1204.50181991607 0.2789616733789444 2.992277212440968 1.379940837621689 3981.913919314742 181.959789045155 0.7340599745512009 0.6989115327596664 10.38795604556799 2.315656937658787 43.37874786555767 2.434692680835724 133.5442795902491 7.115665763616562 117.2898041680455 24.79278724640608 247.5649230852723 2.671898037195206 1.675930589437485 1.945348285138607 0 0 0 241.6729272976518 1.374047756195068 18.72956068068743 125.6523270457983 19.06706818938255 102.8811156004667 237.1109358891845 1.481522649526596 113.8747640326619 0 11.02950366586447 16.32968270778656 0 0 0.4815741628408432 0 178.4492568820715 0 0 0 299.9212586209178 0 0 0 223.9106880575418 8.167461782693863 0.1592583656311035 0 3.292796686291695 0.1805661767721176 4.388922289013863 0 57.73968125879765 0 37.21771833300591 4.718043476343155 151.2318379580975 0 0.1405251771211624 0
0 3.184129066765308 0.1278161406517029 11.57111766189337 137.1825626790524 1178.147431433201 3.566634394228458 176.3153123185039 161.884984113276 9.200189359486103 17.57007931917906 213.2082791849971 51.40759184956551 11.33653969317675 1868.825383044779 0 0.2861104086041451 0.5734526664018631 2.632664702832699 22.21882861852646 0.2270486950874329 14.57886820286512 0 92.73093826323748 2.666861712932587 1.292489938437939 4.891564734280109 14.76744639873505 356.1605543717742 0.1293644309043884 0 278.3920309394598 0.288990318775177 129.47561057657 0.4676804840564728 70.93723265081644 3.097010731697083 244.0660204589367 127.6970135644078 2153.92043980211 117.9338702857494 6.957073986530304 6.957805126905441 0 0 0 3.942030787467957 0.6008264422416687 0.3976152241230011 0 0 2.592658087611198 3.104325577616692 0 2.953484490513802 0 0 0.3427620232105255 0.4502883478999138 0 0 0 2.467503361403942 0 0.3051292449235916 0 2.571365155279636 0 0 0 3.886321187019348 0 0.1166762858629227 0 0 0.1726590543985367 0.3419505059719086 0 3.50011058151722 0 0.6324325054883957 0.4290138483047485 7.027931362390518 0 0.7106417417526245 0.2598792612552643
5.236427485942841 0.4612935408949852 14.47125539183617 222.6741911917925 1178.147431433201 9379.873506315053 1466.104936592281 3989.477591000497 138.8541661053896 8605.862212195992 43.46583180874586 5415.989609792829 43.88810981065035 426.7710641995072 1997.251523278654 0 12.59634006023407 8.424385219812393 12.0120130777359 604.86145093292 1.80881442129612 1.544894501566887 1.675983920693398 122.2783124595881 5.973930448293686 12.33194574713707 6.4617800116539 706.7115857973695 342.7679629474878 3.431254044175148 0.4289263486862183 863.747162617743 1.77428862452507 152.5807975977659 1.338290005922318 526.4169181883335 7.525648467242718 345.5756437852979 87.89584536105394 2999.512610010803 54.05669013410807 7.115022376179695 5.628980085253716 0.1395086050033569 0 0 28.54345761239529 0 5.76506419479847 18.46609248220921 5.227876499295235 8.830009400844574 36.08714157342911 0.5490962266921997 27.82264067232609 0 1.945063799619675 10.95773908495903 0.520176574587822 0 0 0 27.38261571526527 1.464561119675636 0.1468199789524078 0.270463764667511 45.20344825088978 0 0 0.6641101092100143 42.45224609225988 4.158901132643223 1.601236969232559 0.1283448338508606 0 0.1277787983417511 2.628032930195332 0 47.17026244103909 5.736522883176804 6.427149944007397 0.1744233369827271 90.90601393580437 0 2.222409576177597 0
3504.896156735718 4.158158287405968 2069.093432560563 36.50822278857231 3.566634394228458 1466.104936592281 12376.15054804832 6821.333341285586 226.5954176858068 10392.02986139804 43.45796059072018 40.36481191217899 22.53802169859409 4464.197985246778 11.74535784125328 4.179686397314072 858.6004464328289 11.727484151721 79.06143172085285 48.85673672705889 848.2376965433359 23.42231349647045 528.0213850364089 1536.513307787478 9.115330047905445 684.8127679824829 344.1605897545815 13300.71115203947 2522.761273898184 3233.379263855517 2.733566433191299 20.81404888629913 206.7283191382885 489.6659197211266 30.81513727456331 1645.82090446353 111.9003770649433 1381.263038486242 620.6153437197208 83.3689669072628 22.24426710605621 9.584845080971718 17.48577580600977 6.225733011960983 3.380798541009426 27.52808923274279 65.15345802903175 3.319677025079727 17.85710732638836 327.6950377225876 52.22168422490358 100.5935349389911 116.5410903841257 11.9368042126298 20.67582814395428 1.348386406898499 48.06349010020494 4.433984488248825 19.03691410273314 7.73405410349369 1.555353380739689 2.339520543813705 43.12482933700085 14.54075068980455 12.68374096602201 8.510022133588791 677.8092061504722 0 16.28816934674978 45.29514233022928 421.7544235736132 62.36019960045815 39.99081045389175 0 8.083708845078945 4.938092492520809 42.01295708864927 2.328865438699722 204.2792702764273 4.0823063403368 154.7220131456852 37.66069603711367 102.2052775248885 5.738890796899796 7.464128255844116 1.065010756254196
366.9557168260217 1.337269768118858 321.993534848094 134.8805449008942 176.3153123185039 3989.477591000497 6821.333341285586 15027.88522606343 64.71669719368219 4199.511212907732 69.95020906627178 1051.887595228851 32.90317353606224 4936.433753482997 196.1985597908497 4.485207743942738 959.3639630898833 22.99735781550407 272.8237397372723 263.4707917794585 106.9551433697343 4.619202382862568 114.6648341715336 338.1493697315454 4.581950038671494 317.9032423123717 152.129337310791 914.5068284645677 1298.21663826704 390.5630966722965 7.977898389101028 1120.819831818342 8.799113430082798 212.3850340992212 3.524740815162659 318.2429932951927 53.84400396794081 272.4053222462535 116.5534134954214 736.9031952023506 33.50547912716866 5.086016319692135 8.00337191671133 1.754871644079685 0.4966932088136673 5.166243620216846 11.73338264971972 0 1.740028709173203 64.22163133323193 10.68272773176432 26.83242364227772 11.24727389961481 0.972797155380249 4.627977013587952 0 10.40461014956236 0 7.129505328834057 1.595719553530216 0.3328911066055298 1.577742740511894 5.118429645895958 8.031841740012169 4.162963666021824 0.9092575684189796 166.1541775465012 0 4.614042893052101 11.26160388439894 103.294462390244 15.17958945780993 18.22511843591928 0 1.083159253001213 2.15697617828846 4.4638661891222 0.3005696833133698 52.24792575836182 0.5142791420221329 27.28257623314857 9.214792035520077 11.83915182203054 0 1.310898050665855 0.3644022047519684
28.72516375035048 543.2762997820973 2.634894475340843 616.5559794604778 161.884984113276 138.8541661053896 226.5954176858068 64.71669719368219 991.1897691339254 325.7592383548617 6.280461885035038 255.5995339676738 15.89465117454529 101.7366905137897 476.0291864201427 130.2716741710901 3.111818462610245 0.9164671301841736 2.352891504764557 273.4174358919263 61.01075185090303 2480.694917298853 15.90405733883381 8212.732971742749 77.68485648930073 6.961016938090324 565.290902338922 1609.118913128972 242.769195780158 237.2944419905543 0.9040168300271034 2.712044224143028 27.09323602169752 40.22983587533236 4.463299676775932 286.0164463892579 21.71961373835802 150.4888925328851 62.15065843611956 632.5629760921001 12.66712442785501 0.8078639060258865 3.505935817956924 15.52476468682289 0.6040802374482155 1.087023615837097 281.6611151322722 0.9481363743543625 15.27768734842539 226.6033727303147 42.26592327654362 123.7226633653045 162.7721914947033 6.367691025137901 82.46652156114578 1.453750401735306 54.69213700294495 5.717890381813049 211.0895041674376 1.821530006825924 1.187747351825237 1.840373024344444 167.2320389673114 113.5081588327885 19.57346100360155 12.25699503719807 1648.128276586533 0 2.369338743388653 5.508840389549732 508.1550153046846 88.72109801322222 148.4502393826842 0.2257217764854431 3.247956857085228 10.77664755284786 23.41288039833307 2.135878428816795 201.1355539485812 7.693008668720722 99.30762679129839 35.94620335847139 176.2518589645624 2.760829016566277 0.9868437126278877 1.828289940953255
367.122696429491 0.6015585958957672 208.9684696793556 3686.65079331398 9.200189359486103 8605.862212195992 10392.02986139804 4199.511212907732 325.7592383548617 30423.29276173562 76.51557821035385 4262.805491909385 21.71538303792477 1251.429519325495 30.18022730946541 0.6259267777204514 170.6771953552961 20.47808806598186 42.46327779442072 4152.103400722146 38.51234236359596 0.6468558311462402 27.34867063909769 751.5170057713985 12.4274924620986 120.5985387787223 34.31821692734957 4028.743019647896 1327.599320441484 43.77977671474218 2.310308881103992 36.36057342588902 12.7976723536849 365.869151674211 14.61856906116009 919.4262959510088 59.00445157289505 921.879801787436 228.4297758489847 94.2331964969635 17.93474447727203 5.98785412311554 10.57886453717947 2.69183961302042 0.3828048855066299 3.130847245454788 397.1919314935803 4.702857792377472 28.9979005381465 397.8216712549329 31.98565980792046 127.6983179301023 423.2475893646479 12.61916625499725 183.166115552187 0 37.97967974096537 16.80086299777031 0.9351510405540466 0.7630988955497742 1.038235351443291 0.6987005323171616 286.8327882662416 1.636640012264252 2.288024872541428 0.4366044849157333 666.1582446843386 0 1.879555992782116 2.701779931783676 505.8658626079559 23.89603352546692 8.525724075734615 0 8.075600907206535 1.281667716801167 15.04463137686253 0.7516932263970375 109.7878145501018 9.159515127539635 72.42578975856304 10.16389624029398 260.0874468237162 6.511673405766487 2.833917304873466 0.6320564746856689
20.56431408971548 23.6334650889039 26.99283412098885 15.37092270702124 17.57007931917906 43.46583180874586 43.45796059072018 69.95020906627178 6.280461885035038 76.51557821035385 10279.88373319805 98.62974099069834 1780.635628774762 208.6125366613269 4.122550763189793 1.332965455949306 250.3364783450961 3679.452234275639 2115.92417678982 29.51212454587221 22.54264122247696 1.153715327382088 29.39342196285725 29.93456711620092 189.30982683599 1761.93910998106 327.4460655972362 42.45246282219887 1029.580654248595 74.96341165155172 267.533985555172 84.72359175980091 12.13577919453382 8674.869042597711 5.747274838387966 576.3136055245996 3728.703107625246 4461.963246017694 952.1443040445447 16.76100550591946 24.80147225409746 427.8216199427843 1.559003338217735 1.061212755739689 2.863695755600929 0.2770026996731758 0.3591574057936668 0 0 4.986650958657265 0.7640348672866821 2.265532031655312 0 92.55291845649481 0.8801901489496231 791.0683111175895 0.2677060663700104 0 0.9366988018155098 0.5464836955070496 7.007728137075901 1.339597396552563 0.756390318274498 0.09241090714931488 0.44668098539114 0.1341710537672043 14.69356236606836 37.53582791239023 19.85217932611704 116.5621871799231 12.11661627143621 1.581309996545315 1.453046515583992 97.65655378997326 0.130346491932869 0 1.943702034652233 0.6151191592216492 19.29545038938522 156.6472488045692 19.03296774625778 4.499804943799973 1.055578202009201 0 202.4964890778065 0
0.8566372990608215 0.7805738598108292 0.2895789071917534 6813.318703599274 213.2082791849971 5415.989609792829 40.36481191217899 1051.887595228851 255.5995339676738 4262.805491909385 98.62974099069834 7511.319884672761 35.58040922880173 635.6127529516816 1359.111698612571 0.2691264152526855 2.350487865507603 19.76618764549494 32.6777384057641 4261.623014375567 0.4250530451536179 5.243243254721165 0.4993990585207939 390.5164967477322 1.861013039946556 20.19358534365892 12.0527610629797 1303.799851536751 753.2805814370513 2.061087399721146 3.478934049606323 97.28020689636469 0.1648590713739395 241.2170759886503 4.72753132134676 645.6256358474493 16.11258564889431 589.2905872762203 73.49410379678011 1089.350052513182 18.00539162009954 3.587881214916706 2.690383039414883 0 0 0 159.4888293743134 3.875313356518745 15.59918530285358 51.43320907652378 6.431946665048599 48.72099202871323 178.4909437447786 5.80599619448185 156.9063550755382 0.1150951161980629 5.764708325266838 15.40453876554966 0 0 0 0 188.3892444521189 0 0 0 103.2839894518256 0 0.2852828800678253 0.2928952872753143 103.3344004824758 5.43044175952673 0.6730438619852066 0 0.486783854663372 1.064589858055115 2.410431668162346 0 52.47325730323792 2.5420743227005 16.92202118784189 3.78639167547226 264.7477097734809 0 8.065677210688591 0
1.204592175781727 706.6876422390342 12.34144326299429 7.26119689643383 51.40759184956551 43.88810981065035 22.53802169859409 32.90317353606224 15.89465117454529 21.71538303792477 1780.635628774762 35.58040922880173 2040.948948688805 68.53301846235991 2.511723093688488 7.944262020289898 5.503316037356853 51.6456156745553 41.58629028499126 10.21536296606064 17.9843398630619 67.71868342161179 58.75458996742964 33.87648362666368 2824.605083197355 716.2302137687802 4475.342257156968 31.66437952965498 172.3242051899433 7.385427907109261 1046.480099320412 212.8183649256825 0 798.3356095179915 238.4782487601042 2719.989355653524 6224.955794684589 2701.825063847005 1039.246092066169 160.3951177820563 232.3037181198597 1336.362300157547 27.06225578486919 0 69.57477350533009 2.64311808347702 0.5457938611507416 0.2218779623508453 0 8.355164259672165 2.031971678137779 0.7400180548429489 0.7402359545230865 514.8006048649549 0.3994867652654648 3783.401574768126 1.601395599544048 0 1.618842199444771 0.5171080380678177 37.09826124459505 15.7644008398056 0 1.988738797605038 1.361455395817757 2.106489717960358 9.732468329370022 367.1930692493916 201.6275075897574 701.3487052619457 4.586144842207432 1.961356543004513 2.751984231173992 603.8354237228632 1.224397256970406 0 15.09285908192396 83.15212489664555 360.8466990366578 707.0239992365241 176.0875300988555 163.9181963577867 65.34061129391193 17.02385954558849 671.6737749949098 27.6829754114151
5598.318106092513 1.357779324054718 171.7309541255236 124.8256364911795 11.33653969317675 426.7710641995072 4464.197985246778 4936.433753482997 101.7366905137897 1251.429519325495 208.6125366613269 635.6127529516816 68.53301846235991 14198.47752671689 58.2276731133461 4.079284250736237 834.5690124556422 50.44981903582811 297.8987753987312 189.8200629279017 63.05992781370878 7.630609646439552 98.70171245187521 381.6521903276443 3.288775995373726 212.4844866171479 142.0565183088183 917.8439224585891 5835.640654094517 1485.429460778832 10.69501409679651 111.8268485963345 11.65868442505598 393.7812201604247 2.864361114799976 505.5997285470366 50.99209134280682 577.6919716000557 131.3487080857158 325.6984741836786 24.07307268679142 8.256878711283207 12.53233686834574 3.19952192902565 0.3874503597617149 3.14470686763525 9.572012215852737 0 2.942021280527115 55.22436961531639 11.12463266402483 36.73232606053352 10.25087709724903 2.490074425935745 3.748369589447975 0 15.15454771369696 0 7.595799341797829 1.548564746975899 0.2244241535663605 2.840381883084774 6.714523360133171 8.820662513375282 6.616141133010387 0.4410964772105217 190.509116306901 0 4.365766651928425 6.897673830389977 141.0318136289716 22.71971943229437 23.28017128258944 0 1.558675028383732 3.724029652774334 10.59910337626934 1.028186470270157 76.04557214677334 0.4028771817684174 49.14604791253805 10.9298587590456 21.47377424687147 0.441976435482502 1.163654252886772 0.4552044793963432
1.038502812385559 11.54369813203812 0.1572691053152084 83.79572660475969 1868.825383044779 1997.251523278654 11.74535784125328 196.1985597908497 476.0291864201427 30.18022730946541 4.122550763189793 1359.111698612571 2.511723093688488 58.2276731133461 291.2841026335955 0 0.7776606380939484 0.3658362925052643 0.3611681535840034 175.1410768404603 0 69.47329261898994 0.1651501953601837 949.104694314301 1.431205250322819 0.4938934370875359 13.4413290694356 85.14266565442085 49.5464294180274 1.828363358974457 0.1765042692422867 257.2516210302711 1.015832401812077 14.32939425855875 3.348377704620361 379.1844221055508 1.612513110041618 35.65930731594563 12.32915823161602 1080.620302706957 124.7462313473225 4.248384475708008 2.127021074295044 0 0 0 10.44192653894424 0.1635514795780182 1.467165529727936 5.634097263216972 0 5.654337398707867 18.08951742947102 0 19.6707132011652 0 1.972384452819824 3.673010393977165 0.125864177942276 0 0 0 9.927356228232384 0.5353014320135117 0.5069895684719086 0 14.11734256893396 0 0.1352748423814774 0.3315793722867966 13.17624046653509 0.4294275641441345 0 0 0 0 0.2082494497299194 0 10.12647551298141 0.7692655920982361 0.582728236913681 2.115999221801758 52.35869069397449 0 0 0
1.898491531610489 151.4755943417549 28.49489352852106 0.3781644105911255 0 0 4.179686397314072 4.485207743942738 130.2716741710901 0.6259267777204514 1.332965455949306 0.2691264152526855 7.944262020289898 4.079284250736237 0 5440.722888156772 43.75022190064192 0.4307045489549637 3.603751391172409 0 2105.7967242226 5037.217712521553 3511.692698292434 2404.914363250136 15.75313398987055 18.90816792845726 4033.24205827713 1538.949682809412 37.97759828716516 289.3862467110157 0.2383380085229874 0.1426266580820084 14.66790010035038 79.64683291316032 27.90787050873041 1845.574843324721 438.3024610131979 534.0628893896937 662.3753393441439 35.37376077473164 2.514901950955391 0.7875191271305084 9.376380935311317 10.79159621149302 8.930584028363228 91.37825456261635 0 0 1.150280736386776 32.48391715437174 7.171040564775467 12.69879667460918 2.912843644618988 2.252902314066887 0 0.736444503068924 21.7451795488596 0 2295.413122907281 11.14408222585917 0.9069237262010574 5.273843072354794 0 531.1178101748228 1030.627715587616 1247.186465032399 133.3403279557824 0 26.25751510262489 479.0276806652546 102.5920196175575 34.9589836075902 295.6486844345927 0.2797735333442688 0.08178386092185974 4.643952094018459 23.80649193376303 3.860181607306004 413.622198484838 46.40470097959042 91.99267594516277 87.45959859341383 13.98416692763567 0.155726283788681 0.2353142946958542 1.857741214334965
497.5771598890424 31.51164335757494 6325.750279434025 0.6589828804135323 0.2861104086041451 12.59634006023407 858.6004464328289 959.3639630898833 3.111818462610245 170.6771953552961 250.3364783450961 2.350487865507603 5.503316037356853 834.5690124556422 0.7776606380939484 43.75022190064192 614.5408121421933 63.68396472930908 2868.486526064575 0.08647039532661438 1776.869901061058 34.74980656802654 3138.252656459808 31.42849256843328 1.282361835241318 2574.63838826865 7199.193811714649 437.3453108221292 1422.936533614993 3878.239233262837 0.5449798256158829 2.538478754460812 23.29555011540651 2639.268901482224 2.42021518945694 282.2339448332787 2711.002194352448 828.564873971045 193.7647385895252 4.558758661150932 0.6176725476980209 2.476115137338638 0.289553314447403 0.6003290414810181 22.55015657097101 171.4983898326755 0.1228097975254059 0 0 5.731387794017792 1.182798385620117 0.4130423963069916 0 0.5923016965389252 0 1.310875162482262 3.341182194650173 0 11.74017644673586 118.4523397609591 2.632341466844082 189.451129309833 0 6.235092557966709 9.327651426196098 13.6057109311223 3.741620056331158 0.3949774652719498 544.8592693805695 541.1040116101503 6.404958538711071 0.7711860537528992 6.927346810698509 1.951509684324265 0 0 7.855168864130974 0 30.76241302490234 42.69205282628536 28.21251518279314 4.496291942894459 1.097840130329132 0 0.1783190071582794 0
12.03009744733572 0.1255548298358917 14.81244631111622 1.977124996483326 0.5734526664018631 8.424385219812393 11.727484151721 22.99735781550407 0.9164671301841736 20.47808806598186 3679.452234275639 19.76618764549494 51.6456156745553 50.44981903582811 0.3658362925052643 0.4307045489549637 63.68396472930908 690.9014467149973 2927.601254679263 5.222735419869423 7.632568903267384 0 11.38402401655912 6.843661315739155 1.956530451774597 1763.228638365865 332.3658605515957 10.53211654722691 178.0742127224803 32.98841118812561 28.45516746491194 9.076419480144978 3.460897400975227 981.7033715769649 5.77847845107317 638.4547347053885 686.6296171471477 1631.223424941301 212.7876829281449 6.373317740857601 0.1828781366348267 7.657038480043411 1.867370843887329 0 2.320019170641899 0.1070704758167267 0.3164532855153084 0 0 2.080686032772064 0 1.205656960606575 0.7751332968473434 7.333727464079857 0 79.78409721702337 0 0 0 0.509489044547081 11.99844405800104 2.877289675176144 0 0.2121677845716476 0.6093693375587463 0.2175712436437607 3.722479119896889 2.060850143432617 51.870171867311 63.00127089768648 2.315831057727337 0.9261926710605621 0.0984344556927681 57.38070628046989 0 0.4209085702896118 0.3408762663602829 0.2150790244340897 7.760284423828125 22.42482917755842 7.760619685053825 1.453019365668297 0 0 0.1943579167127609 0
130.8803796544671 14.94295992702246 211.2477020844817 4.142904534935951 2.632664702832699 12.0120130777359 79.06143172085285 272.8237397372723 2.352891504764557 42.46327779442072 2115.92417678982 32.6777384057641 41.58629028499126 297.8987753987312 0.3611681535840034 3.603751391172409 2868.486526064575 2927.601254679263 1964.415058895946 10.38457675278187 97.16124238073826 4.69408293813467 187.6711889654398 17.61856919527054 3.7118856087327 5562.282932400703 3038.874958753586 48.70150449872017 830.1231962665915 571.7714349776506 8.459434114396572 9.295187227427959 35.90527833253145 5202.201348237693 14.5992643982172 1363.122433722019 757.8350223228335 3452.982905939221 313.8722178637981 14.07356403023005 1.666122287511826 5.76406142115593 2.199506908655167 0.3013403415679932 8.398144796490669 11.43656395375729 0 0 0 3.72039271146059 0.1247640997171402 0.7329026684165001 0 1.646240636706352 0.09852078557014465 13.58920182287693 0 0 1.139471501111984 13.00244641304016 17.16432093083858 88.00671695917845 0.907554030418396 0.4559540450572968 0.5690136328339577 0.6973892599344254 2.745404615998268 0.8811850696802139 249.4466500729322 236.3947074636817 2.437026470899582 0.4393323361873627 1.192822232842445 19.47718104720116 0 0 1.797897070646286 0.2099564522504807 16.25880873203278 8.796412616968155 6.355639412999153 2.445478469133377 0.3051751852035522 0 0.5481311678886414 0.1277701705694199
1.554000005125999 0.1819149553775787 0.2232758104801178 2760.338120497763 22.21882861852646 604.86145093292 48.85673672705889 263.4707917794585 273.4174358919263 4152.103400722146 29.51212454587221 4261.623014375567 10.21536296606064 189.8200629279017 175.1410768404603 0 0.08647039532661438 5.222735419869423 10.38457675278187 601.6999923363328 0 0 0.4840933233499527 363.4799591079354 0.3212878704071045 4.959691852331161 3.414081521332264 2218.661820687354 245.2485247179866 0.3730819970369339 0.4236274287104607 21.72179766744375 0.5559437498450279 74.90040652453899 4.808120131492615 178.172676846385 3.629802852869034 158.7271988987923 25.39222740381956 326.0863069370389 3.801757507026196 0.4915210902690887 0.4368938803672791 0 0 0.2430837973952293 132.0057796910405 2.815679490566254 8.981308415532112 59.98163111507893 7.889651417732239 44.86862131953239 132.4469160288572 2.440150380134583 67.27705255150795 0 7.699220821261406 10.4650621265173 0 0 0 0 90.15938460826874 0 0.2298889011144638 0.8059739470481873 143.4528006464243 0 0.1362626701593399 0 123.4698944687843 1.092606835067272 2.42787941545248 0 1.125266581773758 0.194566085934639 1.714798763394356 0 42.87987077236176 0 23.49518999457359 4.072429843246937 120.7492149621248 0.1277978420257568 0 0
51.04331536591053 6.148993372917175 744.3391588106751 0.2009599506855011 0.2270486950874329 1.80881442129612 848.2376965433359 106.9551433697343 61.01075185090303 38.51234236359596 22.54264122247696 0.4250530451536179 17.9843398630619 63.05992781370878 0 2105.7967242226 1776.869901061058 7.632568903267384 97.16124238073826 0 14704.1515372172 341.9206378683448 12472.30097622424 81.08701498061419 2.041911721229553 72.65325694531202 273.569084174931 5395.257502600551 195.0719960927963 8689.690482094884 1.099430277943611 0.441198043525219 47.85843292623758 3792.546782791615 83.48191528022289 5237.788426011801 1106.243963770568 6282.502215854824 3178.328303225338 96.18256951123476 5.718010798096657 8.953110098838806 42.88364419341087 9.162584520876408 0.4201624691486359 10.51313737034798 1.112217120826244 0 0 24.36117362231016 7.793883614242077 5.750084884464741 0.3189317733049393 0.3755920305848122 1.395923495292664 0 18.11858616769314 0 817.1436975523829 6.480428144335747 0.2737746611237526 2.852429665625095 0 522.4119256511331 190.9065803587437 316.3054113686085 77.9527011141181 0 2.911585912108421 36.38768499344587 71.84597946703434 24.04290572553873 272.6773111522198 0 0.1975636854767799 2.797924645245075 18.07808298617601 4.512308545410633 308.2934698835015 28.33048567175865 48.10982386022806 36.03958348184824 12.60015718638897 0.1772130131721497 1.494377568364143 0.6903452724218369
3.994087815284729 1774.230204224586 148.5876654535532 0 14.57886820286512 1.544894501566887 23.42231349647045 4.619202382862568 2480.694917298853 0.6468558311462402 1.153715327382088 5.243243254721165 67.71868342161179 7.630609646439552 69.47329261898994 5037.217712521553 34.74980656802654 0 4.69408293813467 0 341.9206378683448 1142.59749237448 782.6560355052352 6189.736975036561 409.4224398359656 35.55932813882828 8748.1729862988 420.0705388113856 42.32444859296083 162.889536447823 2.013392545282841 0.2465040907263756 8.534992553293705 19.99246965348721 1.915566526353359 174.8039432615042 36.93748586624861 84.36280886828899 53.78668946027756 145.9973398149014 0.9722181335091591 8.717493660748005 0.6525222510099411 2.464273758232594 9.217259094119072 325.73734202981 0.3780276104807854 0 0.1342579573392868 11.23558215796947 1.219254307448864 9.779717072844505 0.1273882687091827 2.041844040155411 0.3079462051391602 3.136916071176529 6.018299378454685 0 1017.375089257956 31.4537278264761 0.648484855890274 8.306607402861118 0.09220056980848312 134.4942456409335 84.70642010867596 551.6612059101462 51.77494106441736 0.4449278563261032 30.40374678373337 1123.113567300141 34.55935432761908 5.854837954044342 70.76365011930466 0.8474168926477432 0.1126097068190575 1.015345349907875 22.17175111919641 1.677230477333069 209.4457590579987 30.7673299536109 92.7459282502532 64.00703512132168 5.160376630723476 0 1.401956096291542 1.706503227353096
79.82924982905388 9.071181744337082 12981.36404766887 0.2964419275522232 0 1.675983920693398 528.0213850364089 114.6648341715336 15.90405733883381 27.34867063909769 29.39342196285725 0.4993990585207939 58.75458996742964 98.70171245187521 0.1651501953601837 3511.692698292434 3138.252656459808 11.38402401655912 187.6711889654398 0.4840933233499527 12472.30097622424 782.6560355052352 14554.53932220489 308.0647083520889 5.374497532844543 768.4357653558254 7422.931828819215 4044.722577258945 180.9067938178778 2726.095203898847 4.717574462294579 1.075491234660149 6.359259657561779 2883.025507725775 162.8482396677136 9768.066940933466 4260.770251713693 8143.13411334157 8164.366616085172 254.7227969989181 17.57912680506706 18.21421745419502 65.74317745864391 3.003866150975227 9.872194334864616 975.0904025286436 0 0 0.1774304211139679 12.86492172628641 3.167640261352062 1.252928733825684 0.7010706886649132 1.708281487226486 0 0 5.889883831143379 0 2068.98135843873 71.64389522373676 0.4019969701766968 7.335336409509182 0 249.495869666338 845.9387125372887 1909.456700213253 28.92831286787987 0.0990186482667923 20.22345751523972 2252.803208291531 23.97867541760206 4.434598907828331 87.65171363949776 0 0.2029445543885231 0.7057380601763725 59.02494025230408 9.268957696855068 508.2313140407205 56.56540066748857 253.8077188581228 180.719813361764 8.132139667868614 0 0.3588301241397858 1.05029071867466
99.10068676620722 656.8698806613684 70.83217565715313 1204.50181991607 92.73093826323748 122.2783124595881 1536.513307787478 338.1493697315454 8212.732971742749 751.5170057713985 29.93456711620092 390.5164967477322 33.87648362666368 381.6521903276443 949.104694314301 2404.914363250136 31.42849256843328 6.843661315739155 17.61856919527054 363.4799591079354 81.08701498061419 6189.736975036561 308.0647083520889 8141.418696589768 99.43659342825413 28.37666611373425 1727.63971875608 9662.760068058968 1355.939879462123 1156.674081653357 1.992955893278122 9.968128338456154 269.7146715521812 343.3158130124211 35.83623899519444 1900.289775170386 122.1827726736665 1184.603759005666 538.1654933393002 931.7439478561282 26.33539661765099 2.974220499396324 13.1611058935523 50.88855605572462 4.039805069565773 13.21144243329763 423.6167944818735 6.516093119978905 53.94852284342051 894.933766849339 154.0244049206376 1250.68625049293 447.2790656611323 28.75296189635992 150.5958361551166 3.374080583453178 173.9310298636556 14.91787505149841 273.4195802435279 5.549335457384586 6.587559297680855 5.488427489995956 275.2171626016498 180.8065154328942 238.8146513551474 65.45633365213871 3210.066170230508 0.2058285400271416 14.84552390128374 65.51029189676046 1753.280785784125 304.8600163683295 414.4567748829722 0.7089409902691841 18.62675107270479 40.1497440263629 117.6690605059266 13.35881151258945 761.5251412168145 15.92689806967974 429.0352521166205 137.3500361815095 345.734837397933 10.50443798303604 5.36663094907999 5.547215007245541
0.8265290856361389 2520.762732423842 1.933131337165833 0.2789616733789444 2.666861712932587 5.973930448293686 9.115330047905445 4.581950038671494 77.68485648930073 12.4274924620986 189.30982683599 1.861013039946556 2824.605083197355 3.288775995373726 1.431205250322819 15.75313398987055 1.282361835241318 1.956530451774597 3.7118856087327 0.3212878704071045 2.041911721229553 409.4224398359656 5.374497532844543 99.43659342825413 455.9350446611643 217.3735394477844 3933.226213939488 26.60307502001524 8.563047543168068 11.8416690081358 212.6676544174552 4.582307152450085 1.026371344923973 212.4499803483486 25.3952878266573 1467.833743147552 842.5053096488118 748.0720382556319 449.9353649765253 161.3917050287127 268.8345876932144 437.3384342640638 28.01212427020073 0 254.4801803380251 2.002521067857742 0 0 0 2.665498495101929 0 0.2228160500526428 2.713725566864014 264.238653331995 0 1336.822091266513 1.152899473905563 0 0 1.821530863642693 16.54197222739458 18.4026522487402 0 0.8675733208656311 0.5735862106084824 0 0.7378005385398865 235.6945357918739 188.2732321843505 385.310121409595 4.81982035189867 0.3924550861120224 4.849414229393005 115.9422015622258 0.6921610981225967 0 10.04398584365845 3.336124658584595 487.1810384243727 179.8345158398151 94.754543825984 33.92831322550774 55.08794856071472 24.29691112041473 124.9884725958109 9.392301082611084
105.3229738771915 322.8176437467337 9082.766099914908 2.992277212440968 1.292489938437939 12.33194574713707 684.8127679824829 317.9032423123717 6.961016938090324 120.5985387787223 1761.93910998106 20.19358534365892 716.2302137687802 212.4844866171479 0.4938934370875359 18.90816792845726 2574.63838826865 1763.228638365865 5562.282932400703 4.959691852331161 72.65325694531202 35.55932813882828 768.4357653558254 28.37666611373425 217.3735394477844 26222.03397097439 16101.12223537266 202.0144284442067 315.649751201272 298.2798371240497 2076.966522879899 8.472429104149342 9.414351187646389 990.4148823544383 27.80168125778437 3739.5254778862 4893.835838846862 3327.723756089807 615.3436624407768 42.72726407647133 4.727368496358395 46.02026521414518 7.738502018153667 1.80196063965559 213.6474119350314 85.90736375749111 0.1233130022883415 0 0.3952936008572578 14.19801059365273 2.602505728602409 1.083900265395641 1.20659988373518 91.08074504137039 1.882242895662785 980.963200494647 9.853325337171555 0 3.745928317308426 149.5931385755539 408.7399180158973 879.3524786829948 0.2669246047735214 2.640786021947861 5.973183654248714 8.135765984654427 4.301483809947968 86.50049288570881 3852.242868043482 4573.722998149693 5.298971384763718 2.711739592254162 5.78457061201334 759.8501256480813 0 0 19.29981485009193 3.692905873060226 75.01231749355793 196.7005844190717 161.2127614766359 12.58984463661909 0.581632561981678 0 5.882580876350403 0.1832082569599152
60.11163970828056 11608.22693928331 5648.981295540929 1.379940837621689 4.891564734280109 6.4617800116539 344.1605897545815 152.129337310791 565.290902338922 34.31821692734957 327.4460655972362 12.0527610629797 4475.342257156968 142.0565183088183 13.4413290694356 4033.24205827713 7199.193811714649 332.3658605515957 3038.874958753586 3.414081521332264 273.569084174931 8748.1729862988 7422.931828819215 1727.63971875608 3933.226213939488 16101.12223537266 31394.83759845048 777.2244689315557 313.1863649040461 172.7590753659606 1425.301698073745 2.781432144343853 17.80875223129988 2645.314305767417 104.7107839137316 9543.888952061534 3326.712302602828 7834.207456119359 4037.403067618608 217.6307908222079 21.69586084038019 54.63793104887009 29.25299721211195 3.681460581719875 1866.001648664474 3304.151776611805 0.2773113250732422 0.3767106533050537 0.2597600966691971 42.61930204182863 8.443121165037155 3.238721318542957 1.365849763154984 98.02748323231936 1.412534594535828 1205.620720185339 16.54758743196726 0 280.9025632292032 875.8699230775237 407.6043044626713 1247.809156984091 0 17.88162034004927 614.8386743664742 582.4738392904401 18.79278910160065 273.800731241703 6555.14974308759 13592.68454762548 41.37733118236065 5.387829512357712 13.38545162975788 823.5672608464956 0.3551177084445953 0 120.5370432734489 9.601915709674358 580.8132809177041 327.0284450054169 499.594914957881 167.3316426500678 5.382913641631603 0.1525296270847321 14.35232785344124 2.489376664161682
215.0835894793272 29.8906728848815 1796.180962964892 3981.913919314742 14.76744639873505 706.7115857973695 13300.71115203947 914.5068284645677 1609.118913128972 4028.743019647896 42.45246282219887 1303.799851536751 31.66437952965498 917.8439224585891 85.14266565442085 1538.949682809412 437.3453108221292 10.53211654722691 48.70150449872017 2218.661820687354 5395.257502600551 420.0705388113856 4044.722577258945 9662.760068058968 26.60307502001524 202.0144284442067 777.2244689315557 14000.62283444405 3224.128307454288 12767.20976126939 1.363758958876133 20.42088272422552 885.3313299641013 1178.7028818205 93.95288152247667 4329.134599424899 307.2089163437486 3495.600526407361 1602.474035717547 301.866099588573 35.54583640396595 24.07686813175678 30.15802201628685 46.96577326953411 3.329803854227066 24.42701052129269 518.3651545792818 7.041703641414642 57.66665402799845 1011.401560693979 163.8075028955936 534.2833402976394 549.0077828764915 31.05567137897015 197.0139566138387 1.761600315570831 169.1503344550729 20.18404781073332 244.6007899716496 7.726877808570862 4.585979387164116 5.646422080695629 333.875656850636 218.7111568823457 113.9537541642785 54.94399536401033 2508.106219626963 0 15.0964503288269 77.67243868857622 1648.474294371903 274.1319235265255 471.6576076969504 2.131943807005882 19.40868616849184 30.61354894936085 99.84859165549278 14.1158337816596 698.9830776080489 20.11981138586998 425.4091881141067 130.3752938881516 408.5761138573289 13.13161265850067 7.757832683622837 4.337144106626511
