781.1008088886738 0.7462506592273712 22.12890291959047 0.708214282989502 0.4726861715316772 8.500319816172123 3109.127664789557 392.4053002372384 0 5.229687422513962 7.065273404121399 0.8638880103826523 0.1550346612930298 4357.237538665533 0 0 283.5480982512236 15.67036005109549 43.32296741008759 0.361003115773201 1.385428160429001 0 46.01485960185528 18.73386687785387 0 30.12442342191935 47.75057123601437 36.08818773925304 1802.497152395546 1180.612714096904 0 13.42902522534132 7.840489521622658 93.82367904484272 0.1150318011641502 3.891196638345718 4.995117597281933 57.36929866671562 8.956393413245678 0.8195439428091049 0 0 0.3292639255523682 0 0.2018898129463196 0.09993014484643936 0 0 0 0 0 0.2420407831668854 0 0 0 0 0 0 0 0 0 0 0 0 0.187473937869072 0 2.161785736680031 0 0.5035097524523735 2.314139291644096 2.393175892531872 0 0 0 0 0 0 0 0.698203444480896 0 0 0 0.3769171535968781 0 0 0
0.7462506592273712 94.50367146730423 459.3673452809453 0 0 0 2.664451904594898 1.097389310598373 294.1784315407276 0 117.6783828660846 0.3742829784750938 643.3327729776502 3.094983600080013 3.722252912819386 178.0754446312785 212.9952251017094 12.32341182231903 30.48430256545544 0.2196367233991623 9.617170304059982 2352.347503274679 34.74011593312025 748.7969155237079 1324.648200064898 428.2644580155611 10784.15100429207 24.17717432230711 3.255185551941395 1.947011664509773 37.05707502365112 0.1082909852266312 1.0983801856637 247.7414549514651 1.878603890538216 202.2391008883715 112.0279364213347 280.7714208737016 68.69318387657404 16.33505577594042 0 230.9617110937834 0.7166917026042938 0.08619499206542969 36.41748078912497 226.3965131416917 0.2033968418836594 0 0 1.576519399881363 0.7659677565097809 0.8830688744783401 0 1.464771926403046 0 7.536527343094349 0.4192826300859451 0.2947485595941544 5.423324733972549 11.45602028816938 0.9642478302121162 9.664797611534595 0 1.909437857568264 20.37217190116644 5.060976698994637 6.629852324724197 18.25013110786676 247.2753744572401 1829.640704102814 1.614117830991745 0 0.1123468056321144 2.966208390891552 0 0 1.995370373129845 0 13.26356869935989 8.821885697543621 10.96300781518221 3.407419577240944 0.3662872761487961 0 5.384206421673298 0
22.12890291959047 459.3673452809453 3433.88811621815 0.8099848255515099 0.3469332680106163 14.72706241160631 1164.447193607688 253.7268631979823 1.420635521411896 66.79775018244982 14.53801654279232 0.3546267002820969 0.9430874660611153 246.9356765449047 0 8.945105396211147 4130.583926476538 28.67995732277632 262.5962311029434 0.8758574649691582 1109.717757634819 20.49401298165321 12769.15620686114 41.84783282130957 2.050536692142487 4928.487262420356 6065.086472257972 1155.0666321069 31.03318756073713 447.2709707319736 1.661106243729591 1.898815624415874 4.556208193302155 509.9405868798494 9.016786381602287 883.9663653224707 2218.265106923878 815.8267129734159 252.1563061699271 48.99932178854942 0.7292688339948654 1.303408801555634 2.706601947546005 0 291.8346553891897 532.7647344022989 0 0 0 3.906064793467522 0.3939736485481262 1.370586663484573 0.3327742591500282 0 0 0.1298043131828308 0 0 8.947258166968822 15.58344269543886 0.3619762659072876 3.590156778693199 0 1.316268756985664 85.04837752133608 106.6421344578266 2.974576085805893 0.6906530112028122 45.20802706480026 1483.92114032805 7.847682103514671 0.3477172702550888 1.670600727200508 0.2583639025688171 0 0 3.73238879442215 0.1666090190410614 20.81668981909752 21.10472386330366 17.81794286519289 11.64342799782753 0 0 0 0.5404535531997681
0.708214282989502 0 0.8099848255515099 2397.662462025881 3.02018091827631 52.67654690146446 115.7498639896512 82.9022191464901 1094.519819654524 1856.729483686388 3.343760125339031 2743.265095040202 0.2198956534266472 87.70130919292569 65.21494063735008 0 0.823382131755352 1.262127749621868 0.159690223634243 3611.66884739697 0 0.1398624181747437 0.2884342521429062 2043.32507750392 2.955806970596313 1.714303135871887 1.047833509743214 3009.631743647158 95.06225599348545 1.15257453918457 0 10.37805251777172 5.720407925546169 40.32203552871943 6.671150386333466 277.7828889489174 10.26105280965567 193.9042977318168 79.11458812654018 176.6455280557275 14.18331239372492 7.405813962221146 9.943520501255989 0.4489156901836395 0.3896917924284935 0.3635882139205933 383.3108235746622 2.004705742001534 1.855706565082073 150.1877132803202 9.782360836863518 130.5286644846201 186.8086727038026 1.985291004180908 195.0019185990095 2.181181669235229 4.488627642393112 37.93602334707975 1.023794531822205 0 0.2975819110870361 0 111.1410025954247 0.312358945608139 0.63154236972332 0 409.8671405166388 0.3240995109081268 0 0 515.1559238657355 4.742104046046734 2.081672564148903 0 0 0.6980122923851013 3.800457671284676 1.037712007761002 76.91656085848808 0 43.07114002853632 9.819850638508797 251.3219631314278 1.224033482372761 0.4395774602890015 1.231698960065842
0.4726861715316772 0 0.3469332680106163 3.02018091827631 11.67918680608273 765.9812979847193 2.324218012392521 45.07310622930527 154.432340733707 15.08169968426228 15.92405145615339 53.66312777996063 1.173256978392601 3.35218657553196 1283.490570284426 0 0.7003442347049713 2.95698444545269 0.4402667284011841 6.392681427299976 0 1.146486267447472 0 22.5686356946826 0 0.8202860429883003 1.236148715019226 5.151410482823849 2.135792084038258 0.462074339389801 0 2.814096681773663 0 272.0180669054389 0 25.06271095573902 1.84770593047142 263.6650449857116 49.08350517600775 2112.723654672503 95.12098857760429 0 1.910175740718842 0 0 0 1.214693933725357 0 0 0 0 0.5775895863771439 1.206160023808479 0 1.799770087003708 0 0 0 0.1187308207154274 0 0 0 0.3162356615066528 0.1120771467685699 0.2891919314861298 0 1.749483652412891 0 0 0 0.7716053649783134 0 0.297731339931488 0 0 0 0 0 0.7767736613750458 0 0.7443640828132629 0 3.924397811293602 0 0 0
8.500319816172123 0 14.72706241160631 52.67654690146446 765.9812979847193 8789.333642993122 449.3048171922565 3444.024030014873 286.7273858636618 5188.026465773582 73.39501027017832 2848.099006928504 1.587683327496052 287.2114225029945 1920.829031132162 0 18.51482053846121 23.83233189582825 5.712668292224407 419.0859836600721 0 0.1500058174133301 2.660238765180111 97.61767078191042 0.07994648069143295 15.61959505453706 6.627790339291096 128.7459438294172 314.711701117456 12.8671277910471 0.2576631605625153 377.1907782666385 0.4333252310752869 390.4040247425437 0.965643510222435 339.1246593222022 24.03709800541401 567.4217362776399 105.3650556951761 2850.509214177728 137.992182970047 1.017694905400276 4.261252231895924 0.466785192489624 0.08885797113180161 0 18.73498576134443 0 0 15.96464117616415 1.151322320103645 23.06666908413172 16.87326365709305 0 42.27968843281269 0.5275928527116776 0.2989362180233002 12.8631327599287 0 0 0 0 7.294594690203667 0.9792860746383667 0 0 43.37314019352198 0 0.09791582077741623 0.2382933422923088 52.72329216450453 0.1165281161665916 0.3684602975845337 0 0 0 0 0 13.38399556279182 2.587870836257935 3.248835116624832 0.3905021697282791 68.31276445090771 0.3549330830574036 0 0
3109.127664789557 2.664451904594898 1164.447193607688 115.7498639896512 2.324218012392521 449.3048171922565 7390.349824286997 4312.3531242311 152.3392742499709 4002.736452817917 15.91536862403154 10.90466991066933 0.3490493595600128 9678.129445835948 6.924818426370621 0.2175915539264679 1005.15562941134 17.74609323218465 94.6971824914217 53.23844423890114 30.89796261489391 1.064979016780853 374.633475355804 1509.221949204803 0.2742753699421883 303.1230776235461 133.7755332067609 15852.76468925178 424.4556673839688 3330.74292807281 0.2933761477470398 49.56809157133102 31.15310603380203 177.1979042291641 12.05027949810028 211.5448392704129 44.6254725754261 507.1620140597224 138.5056468397379 35.34980832785368 11.83533495664597 1.405476465821266 4.027961239218712 0.1170651167631149 0.631123311817646 2.226667359471321 21.10816125571728 0 0.3508941531181335 30.00019004940987 5.66349832713604 43.14503367245197 10.54049957543612 0 2.464457646012306 0 0.8075895458459854 0.40140500664711 2.796500727534294 0 0 0 3.412392988801003 0.6162895485758781 1.232139863073826 3.09359335154295 106.5861820280552 0 0.9949868991971016 9.636623375117779 95.02690363675356 1.547218956053257 0.3514440283179283 0 0 0 2.944825991988182 0.5847252607345581 28.3601401001215 0 7.679199539124966 4.58128035068512 7.459680557250977 0.5619103908538818 0 0.2173641920089722
392.4053002372384 1.097389310598373 253.7268631979823 82.9022191464901 45.07310622930527 3444.024030014873 4312.3531242311 6120.835360176861 55.49145328253508 5051.924060121179 46.52911860495806 967.0598519742489 0.5021671503782272 3634.163850393146 29.4938577413559 0.1192649900913239 607.474693916738 33.9897472858429 97.33422571793199 394.8030482754111 3.260214924812317 0.145699605345726 67.95570110529661 459.5069791004062 0.104099728167057 126.8018397390842 108.3224589638412 658.4992355927825 242.9341807663441 459.4224652573466 0.1876739859580994 427.833372592926 3.664238139986992 238.0691297501326 3.942556090652943 81.63673108816147 51.94599736481905 310.2886392995715 76.55120945721865 224.584768563509 14.38863469660282 1.147767454385757 1.175433576107025 0.1600707471370697 1.152291513979435 0.1056358143687248 6.48759913444519 0.3493963778018951 0 22.94127454608679 2.045333206653595 29.23829578608274 6.132875069975853 0.4730833768844604 1.280471563339233 0.2561019659042358 1.53014550358057 1.457680284976959 1.182757414877415 0 0 0 1.231397360563278 1.17069448530674 2.185785196721554 0.1218599677085876 108.3776852861047 0 0.3211365565657616 3.218673944473267 82.36280994862318 1.381194815039635 3.472785726189613 0 0 0 1.388210117816925 0 27.29414869844913 0 9.060607671737671 2.692179262638092 6.680471301078796 0 0 0
0 294.1784315407276 1.420635521411896 1094.519819654524 154.432340733707 286.7273858636618 152.3392742499709 55.49145328253508 1400.813692197204 121.0199658796191 4.478056594729424 788.6233453676105 15.20354205369949 48.14597935974598 947.8991423025727 47.53150337189436 0.9414143264293671 0.9162787348031998 0.6569072157144547 477.7619569897652 38.14346807450056 1510.782908461988 3.180427469313145 7022.457495748997 68.44916740804911 3.427835591137409 354.7420921325684 1075.944473795593 43.59429370611906 10.08401653915644 1.850359693169594 6.412425130605698 6.502934247255325 18.73647268861532 5.373338855803013 309.6976932138205 19.58232139796019 88.35704854875803 40.93542953580618 808.2356635257602 11.01369215548038 2.810445003211498 3.974901407957077 4.638103172183037 2.942128166556358 1.067110441625118 426.3085879385471 2.90115424990654 6.884184867143631 183.5455130040646 12.6605182737112 188.4941452369094 162.1124653890729 1.049881026148796 177.3196646571159 0.3891989514231682 20.51161308586597 58.12808432430029 262.7396714091301 0.3199188634753227 0.2265339195728302 0.5142472237348557 124.718262091279 140.9174699485302 50.3956141024828 20.06977374106646 1386.580023497343 1.321555882692337 1.433622151613235 5.547042921185493 861.7635204866529 30.28421891480684 62.01609572768211 0 0.5730815306305885 4.909365445375443 17.69658293575048 4.145827144384384 231.4071965441108 1.669003993272781 71.18375281244516 23.38550260663033 189.5848221629858 9.510063141584396 1.080907940864563 1.222458481788635
5.229687422513962 0 66.79775018244982 1856.729483686388 15.08169968426228 5188.026465773582 4002.736452817917 5051.924060121179 121.0199658796191 26425.83917643875 41.301753051579 5108.231625534594 0.7917131930589676 893.3803212568164 27.15830263495445 0.134527862071991 27.38266471028328 14.4706634581089 4.689799688756466 3483.547879256308 0.8573385030031204 0 9.242714673280716 365.8139158114791 0.2302838042378426 25.87389007210732 8.399202659726143 4290.525931559503 569.2155840396881 23.60037250816822 0.3337593600153923 167.6420062407851 7.851343460381031 294.8947439864278 12.36826875060797 589.4853943809867 53.27358792722225 876.562024526298 199.1921310126781 265.0636360496283 38.26607292890549 2.619787976145744 11.02826946228743 0 0 0 77.57399916648865 0.1120069697499275 0.6782507449388504 58.10045421868563 4.231060996651649 36.65739800781012 46.27523069828749 0.5799647569656372 44.87961851805449 1.708438634872437 2.209044523537159 8.141792289912701 0 0 0 0 19.0809420645237 0 0.6204255819320679 0.1779278665781021 179.3156935423613 0.1018293276429176 0.08132251352071762 0.120821475982666 222.0443813502789 4.552811570465565 2.877837225794792 0 0 0.6740184128284454 2.570266656577587 0.8283989429473877 58.69695518165827 1.63627552986145 14.43970737606287 5.424408599734306 38.13499912619591 1.936947628855705 1.488484263420105 0
7.065273404121399 117.6783828660846 14.53801654279232 3.343760125339031 15.92405145615339 73.39501027017832 15.91536862403154 46.52911860495806 4.478056594729424 41.301753051579 4281.243253603578 50.94041533023119 1259.329673983157 44.64588253945112 0.8376654610037804 2.485044568777084 111.6617887690663 2301.707954414189 236.8480436652899 12.9966756477952 36.90550658851862 21.6898156106472 29.72603484243155 16.51747124642134 868.5340919047594 1302.891266666353 802.5586863830686 22.85051192343235 219.6698564663529 36.30762831866741 292.8741164579988 256.8490962982178 10.46404352784157 8136.340666569769 13.20079971849918 1419.686657816172 5438.702236026525 5356.29552680999 1328.428984552622 100.6782875359058 26.26120824366808 1879.27727150172 20.76455467194319 0 12.71103815734386 3.316148564219475 0 0 0 0.3326312452554703 0 0.1168048903346062 0 173.7038837224245 0 1178.550442174077 0.08370325714349747 0 0 0 15.22651296108961 1.905660845339298 0 0 1.284466803073883 0 0.9939282089471817 121.9685029238462 93.67779391258955 198.7905852496624 1.133480452001095 0 0 131.2569690868258 0 0 4.427164569497108 2.159157738089561 9.362723223865032 141.1802895888686 5.986702673137188 0.5955944955348969 0 0 119.5730186700821 1.768606022000313
0.8638880103826523 0.3742829784750938 0.3546267002820969 2743.265095040202 53.66312777996063 2848.099006928504 10.90466991066933 967.0598519742489 788.6233453676105 5108.231625534594 50.94041533023119 6641.981914296746 1.323328517377377 306.7665488980711 1246.619186930358 0 1.024461731314659 19.00897490233183 1.112193919718266 5894.779073737562 0 2.903695851564407 0.3253282606601715 360.2124612107873 3.072441279888153 7.981955103576183 2.954226791858673 517.0016174986959 415.2278205677867 0.5651294812560081 0.4753859341144562 177.572274427861 0.6060450300574303 326.0077554285526 3.797864347696304 837.3143798410892 35.64542953670025 580.6656719744205 93.62979540973902 1708.110169477761 27.14264809340239 7.540847226977348 7.288398079574108 0 0.5905657261610031 0 162.1526879146695 1.611661583185196 4.04318131506443 62.81812743842602 6.786418616771698 81.16052567958832 99.9833856895566 0.9923853278160095 220.390683606267 0.09875761717557907 0.6898680329322815 47.10313925147057 0.3070150464773178 0 0 0 68.39101719111204 0.2590903341770172 1.349099844694138 0 206.3148492947221 0 0 0.4202476888895035 236.2736080139875 1.143729254603386 6.95781084895134 0 0 0.5633812546730042 2.723776549100876 0.5929200649261475 37.1313847899437 0 17.58177560567856 6.713074013590813 284.2691223099828 0.1683856993913651 7.889714241027832 1.932135403156281
0.1550346612930298 643.3327729776502 0.9430874660611153 0.2198956534266472 1.173256978392601 1.587683327496052 0.3490493595600128 0.5021671503782272 15.20354205369949 0.7917131930589676 1259.329673983157 1.323328517377377 2311.142380289733 0.9434583187103271 0.1010386645793915 3.827789358794689 1.746986202895641 35.42133799940348 9.344310715794563 0.2907468751072884 1.342989563941956 132.4307914897799 1.717286601662636 35.83641594648361 2952.020639657974 1142.112535759807 2913.543160736561 3.617825783789158 3.103833697736263 0.09241766482591629 2076.132134094834 3.716380231082439 0 939.8831839412451 4.422550350427628 506.5575295388699 2086.092316515744 1546.553431518376 171.7781173139811 10.55450342595577 8.582654915750027 1138.799373924732 42.05186753720045 0 13.46073046326637 0 0.8811937570571899 0 0 0 0.07564882189035416 0.3347118198871613 0 239.0288642644882 0 1537.799102976918 0 0 0 0 21.68718118965626 1.092036060988903 0 0 0.3455178439617157 0 0.1739449203014374 257.8363549187779 134.7058338522911 281.4573087766767 0 0 0 160.1102952063084 0 0 6.707659684121609 0 13.14936902374029 174.8977627307177 17.06500791013241 0.6168654710054398 0.08474969863891602 0 522.3974654078484 0
4357.237538665533 3.094983600080013 246.9356765449047 87.70130919292569 3.35218657553196 287.2114225029945 9678.129445835948 3634.163850393146 48.14597935974598 893.3803212568164 44.64588253945112 306.7665488980711 0.9434583187103271 6503.916166484356 4.000380590558052 0.5312778055667877 1237.081994913518 66.62393277138472 218.2319474034011 161.188386823982 6.967290684580803 0.453205943107605 162.9010268971324 551.9932277351618 0.2602061927318573 181.9661495834589 257.5849255695939 1047.42751352489 2873.785426162183 1855.138316307217 0.5450465306639671 664.3568515777588 13.20272650569677 397.0401642136276 1.363422080874443 44.80910565704107 56.06790772080421 317.9678386449814 57.46174152195454 59.36004144698381 1.659587778151035 0.333027184009552 0.6973455175757408 1.013945877552032 0.9754419699311256 1.080068461596966 3.607770368456841 0 0 5.971009805798531 1.224107533693314 24.61034934222698 2.705049067735672 0 0.6793825998902321 0 0.3585942536592484 0.5216947793960571 0.935342863202095 0 0 0 0.4106724858283997 1.979724563658237 3.991043709218502 0 81.51239535957575 0.1621268093585968 1.699958883225918 5.818772383034229 62.02468704432249 2.138066634535789 2.166097901761532 0 0 0.5193608775734901 1.080054894089699 0.1945995837450027 16.82812810689211 0.271945595741272 6.638169825077057 3.101244211196899 5.659699954092503 1.708358615636826 0 0
0 3.722252912819386 0 65.21494063735008 1283.490570284426 1920.829031132162 6.924818426370621 29.4938577413559 947.8991423025727 27.15830263495445 0.8376654610037804 1246.619186930358 0.1010386645793915 4.000380590558052 593.7722828388214 0 0 0.62550338357687 0.09258192032575607 100.3292793780565 0 24.27439088374376 0.113924115896225 430.6567890122533 0.9595934525132179 0.2069532945752144 9.012022569775581 32.4634520187974 8.990561865270138 0 0 35.31174100190401 0 7.994921430945396 0.08297097682952881 158.6966821178794 0.3804356679320335 9.901807837188244 0.4335257112979889 1264.207167074084 79.57579492777586 8.761661529541016 0 0 0 0 13.91550698876381 0 2.367381572723389 0 0 14.06997799873352 11.7132471576333 0 42.43411086499691 0 0 12.93034714460373 0.6224069222807884 0 0 0 9.63973331451416 0.5426980629563332 3.225388929247856 0 19.21149316430092 0 0 0 11.83639620244503 0 0 0 0 0 1.344310060143471 1.336855411529541 4.683619782328606 0 0 0 65.68699295073748 0 0 0
0 178.0754446312785 8.945105396211147 0 0 0 0.2175915539264679 0.1192649900913239 47.53150337189436 0.134527862071991 2.485044568777084 0 3.827789358794689 0.5312778055667877 0 3557.156336501241 4.594973742961884 2.267839960753918 1.730531953275204 0.0935627743601799 2886.446568086743 4422.929091922939 3246.193321667612 1661.43272613734 22.18160352855921 6.405787624418736 3649.349487677217 1768.861892051995 0.4018343612551689 10.72976645827293 0.7600360512733459 0.2845170497894287 0.1058232337236404 63.35294059664011 62.48449951410294 2251.723144568503 451.1921498775482 804.9766957163811 874.2795063406229 155.5100039765239 1.377266265451908 1.787481531500816 17.29304081201553 0.2429614365100861 3.93398654460907 17.74488015472889 0 0 0 6.157219715416431 0.9286018162965775 3.776466257870197 0.2471207231283188 0 0.3288115561008453 0.397271454334259 2.36630829423666 0.404054269194603 1922.498984985054 0.2070039957761765 0.1968281269073486 0.1894778609275818 0 320.4962663054466 1079.771344266832 912.6044737696648 177.1666337996721 0 0.5235212072730064 243.592711172998 168.0687077268958 3.51487872004509 20.39333778619766 0 0 0.2278000712394714 0.7252419665455818 2.704372636973858 62.37237235158682 4.479609966278076 11.34512686729431 12.50359043478966 2.309058994054794 0 0 3.61428365111351
283.5480982512236 212.9952251017094 4130.583926476538 0.823382131755352 0.7003442347049713 18.51482053846121 1005.15562941134 607.474693916738 0.9414143264293671 27.38266471028328 111.6617887690663 1.024461731314659 1.746986202895641 1237.081994913518 0 4.594973742961884 1214.046055972576 137.7128904685378 2269.6283592619 0.6562984883785248 774.4772046357393 12.36689880490303 1359.786591745913 12.47050464898348 4.356629110872746 1695.225884474814 6188.665639966726 592.0174776315689 797.7839667201042 3098.414885930717 2.152649313211441 14.85381092876196 32.5356422290206 2112.569167610258 5.080401107668877 437.9881359860301 734.8845540955663 552.9583219066262 146.0983353853226 13.54561144113541 1.359015502035618 0.5387289524078369 1.373153299093246 0 87.96130652725697 106.277234390378 0 0 0 1.142340481281281 0 0.1529362797737122 0 0 0 0.7050307542085648 0 0 1.411239445209503 6.79002158343792 0.09461955726146698 4.525219917297363 0 0.5363561362028122 6.143682315945625 2.651886038482189 1.191179022192955 2.465904042124748 84.7602025270462 441.092100225389 0.9889370277523994 0.1788495481014252 0 0 0 0 1.238224983215332 0 1.811010666191578 7.451396942138672 5.560042507946491 0.7676517963409424 0 0 0 0.8468543887138367
15.67036005109549 12.32341182231903 28.67995732277632 1.262127749621868 2.95698444545269 23.83233189582825 17.74609323218465 33.9897472858429 0.9162787348031998 14.4706634581089 2301.707954414189 19.00897490233183 35.42133799940348 66.62393277138472 0.62550338357687 2.267839960753918 137.7128904685378 616.6736871749163 1052.338368706405 5.788513518869877 41.28172645717859 1.124784775078297 28.14369132369757 4.025248639285564 10.86928097903728 2507.720902182162 1426.968209497631 16.98710148781538 130.4921568855643 63.02468272298574 106.4368456825614 63.39731295406818 8.687437765300274 2084.24569876492 11.42202392220497 1676.716620333493 653.9315683916211 2116.940214492381 438.9860799089074 46.11939755827188 3.304036132991314 5.987571537494659 6.642012067139149 0 8.009459346532822 1.873910024762154 0 0 0 0 0 0.435743659734726 0 27.16108528524637 0 97.48737661540508 0 0 0 0.152288481593132 10.54740333557129 7.08503358066082 0 0 0 0 0.6928115785121918 61.13602200895548 115.7930302098393 311.4503999575973 0 0 0 43.54963105171919 0 0 0.3455691784620285 0.4326505810022354 2.431813850998878 18.66067872196436 1.552579909563065 0.3578098863363266 0.1304132044315338 0 0.2131795585155487 0
43.32296741008759 30.48430256545544 262.5962311029434 0.159690223634243 0.4402667284011841 5.712668292224407 94.6971824914217 97.33422571793199 0.6569072157144547 4.689799688756466 236.8480436652899 1.112193919718266 9.344310715794563 218.2319474034011 0.09258192032575607 1.730531953275204 2269.6283592619 1052.338368706405 2443.027907885611 1.277164727449417 95.24697326868773 2.311136282980442 77.45809185504913 3.827491745352745 15.32795204222202 3776.099497333169 1676.60792196542 42.55278161168098 234.6003026105464 245.8443206958473 11.52411665022373 9.477782420814037 17.03488387167454 2097.56777612865 4.631961941719055 679.7348316833377 595.9323739781976 1160.894050851464 180.1725298315287 20.3480046838522 0.9056367427110672 0 1.632648900151253 0 38.31978277862072 13.57949082553387 0 0 0 0.1868354007601738 0 0.1622492074966431 0 1.711538888514042 0 13.34592621028423 0 0 0.7398218810558319 1.295304924249649 5.721297778189182 16.20283038914204 0 0 1.238209113478661 0.375821441411972 0.3766012787818909 23.08175969868898 252.9886050894856 613.0378756076097 0.8104778975248337 0 0.4960666596889496 8.831935480237007 0 0 0.1743403822183609 0.696501612663269 2.282783642411232 2.837132729589939 2.469602890312672 0.2136007994413376 0 0 0 0
0.361003115773201 0.2196367233991623 0.8758574649691582 3611.66884739697 6.392681427299976 419.0859836600721 53.23844423890114 394.8030482754111 477.7619569897652 3483.547879256308 12.9966756477952 5894.779073737562 0.2907468751072884 161.188386823982 100.3292793780565 0.0935627743601799 0.6562984883785248 5.788513518869877 1.277164727449417 977.7338400706649 0 0 0.3464419841766357 537.0317274481058 13.35610246658325 2.725480742752552 1.479039400815964 2011.829194922 166.3752327933908 0.5737901479005814 0.1524140313267708 50.28834462165833 2.163200378417969 103.7181425094604 5.671533063054085 348.4878933131695 19.3367645740509 313.9670487418771 86.14711425453424 376.7889942526817 18.01293896138668 9.656724408268929 7.452697403728962 0 0.4378876537084579 0 247.458906725049 3.157240241765976 1.454493001103401 141.4360847473145 10.91832084953785 76.11652302742004 152.8468475267291 0.4913038611412048 136.5998973697424 0 6.450619913637638 19.95648195594549 0 0 0 0 70.69210834056139 0 0.1353671550750732 0 398.5759664177895 0 0 1.692483872175217 459.8333815485239 4.280228734016418 3.960624687373638 0 1.176710605621338 0.3971743136644363 9.123005695641041 3.501092940568924 103.5013164132833 1.451296329498291 39.5121893286705 9.650855034589767 198.0537965372205 5.841136202216148 8.407086849212646 1.585909128189087
1.385428160429001 9.617170304059982 1109.717757634819 0 0 0 30.89796261489391 3.260214924812317 38.14346807450056 0.8573385030031204 36.90550658851862 0 1.342989563941956 6.967290684580803 0 2886.446568086743 774.4772046357393 41.28172645717859 95.24697326868773 0 9674.406932603568 435.9504100233316 12744.86268183589 293.8910991102457 2.044648818671703 105.0869310870767 387.4130451902747 3494.624039284885 10.21651609241962 6425.70910218358 0.4698161333799362 0.4996015653014183 1.999805524945259 2638.940243929625 189.6005179807544 4574.368135076016 683.7320121079683 5751.470257543027 2446.820448368788 295.9167765155435 6.858670480549335 1.704369924962521 45.4300704523921 1.091018378734589 1.001333571970463 1.003694549202919 0 0 0 0.6508445739746094 0 1.494414761662483 0 0 0 0.2374473810195923 0.5813446640968323 0.7020942196249962 414.4201146885753 0.1907957196235657 0 0 0 212.0573404058814 189.5007112696767 76.16866263747215 105.9201248735189 0.1037330776453018 1.630100764334202 15.27911134064198 109.0136116445065 2.18599671125412 11.29404742270708 0 0 0 0.8194789290428162 1.385540992021561 30.35345397889614 1.234517335891724 3.097435109317303 2.132427155971527 1.083105087280273 0.5928197503089905 0 4.159972280263901
0 2352.347503274679 20.49401298165321 0.1398624181747437 1.146486267447472 0.1500058174133301 1.064979016780853 0.145699605345726 1510.782908461988 0 21.6898156106472 2.903695851564407 132.4307914897799 0.453205943107605 24.27439088374376 4422.929091922939 12.36689880490303 1.124784775078297 2.311136282980442 0 435.9504100233316 970.0952109917998 804.2696669846773 5450.915236286819 624.0540998354554 22.40676119923592 5448.304483890533 358.6335471644998 1.278164424002171 6.73436164855957 15.57187300920486 0 0.2295920923352242 16.15389084070921 1.493487998843193 106.3147203996778 36.63229720294476 50.78744644671679 23.7898783236742 54.23949335515499 0 16.43759498000145 0.5093231499195099 0 13.66497936844826 165.7527931258082 2.743528097867966 0 0.3350021094083786 4.445466831326485 0.3662163913249969 6.635039389133453 0.1109570115804672 0.1480104327201843 0 1.650970116257668 0.7377961874008179 0 1405.060345426202 1.186170779168606 0.2107429951429367 0.5326506122946739 0 166.7902008220553 131.4377126172185 816.8226033896208 91.22633546590805 1.270282179117203 8.422416381537914 1081.084478870034 81.99351482093334 0.6293786987662315 9.883513689041138 0.2659274339675903 0.1001749113202095 0.6044326424598694 2.05048531293869 0.4234996140003204 46.90901252627373 6.469819441437721 19.68755733221769 13.72278252989054 1.755355477333069 0 0.7890343517065048 0.5232846736907959
46.01485960185528 34.74011593312025 12769.15620686114 0.2884342521429062 0 2.660238765180111 374.633475355804 67.95570110529661 3.180427469313145 9.242714673280716 29.72603484243155 0.3253282606601715 1.717286601662636 162.9010268971324 0.113924115896225 3246.193321667612 1359.786591745913 28.14369132369757 77.45809185504913 0.3464419841766357 12744.86268183589 804.2696669846773 13451.76098434627 419.2847925871611 2.452063411474228 397.5253762826324 10835.26849279553 4182.500851817429 110.2168689072132 3675.785614326596 1.516146637499332 2.703167118132114 5.609697580337524 2886.557672828436 263.6652059331536 7652.547702498734 3865.604147531092 8901.858560658991 6638.104220330715 618.9718194082379 16.46456172317266 10.24441527575254 79.06051035970449 0 27.86457241326571 228.3242650330067 0 0 0 5.468550018966198 0.1430304050445557 0.3149266988039017 0 0 0.1599292308092117 0.09442423284053802 0.4368332922458649 0 1332.511176124215 0.2486965879797935 0.2311789244413376 0 0 79.2130921036005 909.3042925149202 1276.209173798561 34.69718705117702 0 1.060955487191677 964.5837751403451 35.00158130377531 0.2282352671027184 3.832155928015709 0 0 0 2.609060242772102 4.212215565145016 53.72586307674646 3.621970564126968 26.68490494042635 15.19099875539541 0.9709575772285461 1.311267897486687 1.215259194374084 14.85954354703426
18.73386687785387 748.7969155237079 41.84783282130957 2043.32507750392 22.5686356946826 97.61767078191042 1509.221949204803 459.5069791004062 7022.457495748997 365.8139158114791 16.51747124642134 360.2124612107873 35.83641594648361 551.9932277351618 430.6567890122533 1661.43272613734 12.47050464898348 4.025248639285564 3.827491745352745 537.0317274481058 293.8910991102457 5450.915236286819 419.2847925871611 6709.875509031117 161.4486975967884 20.99255637824535 2353.952798753977 5189.338543452322 841.9203796759248 148.5387649685144 4.974369779229164 30.0274033434689 187.4290810599923 297.5433978661895 127.8004739135504 3973.437468484044 145.5419125035405 1573.021536037326 685.8165964335203 728.4514988437295 38.16036234050989 20.08636619895697 43.97811479121447 13.07216107845306 7.700362004339695 9.618219122290611 454.5304583832622 3.290054701268673 7.357146263122559 372.5219457447529 23.87639480829239 715.0513344779611 243.8534703031182 1.659719228744507 188.8514552116394 0.3386001288890839 58.44913303107023 51.9211193472147 345.5846193432808 1.136289663612843 1.117844946682453 1.593251928687096 120.7732161879539 280.4494209885597 356.2083612009883 56.69697377085686 2618.25566598773 1.808449320495129 2.684738174080849 39.89054413884878 2126.69874291122 78.34387152642012 154.6018682569265 0.2268209010362625 1.070836409926414 10.47559462487698 35.3728978484869 14.07219314575195 649.9403149560094 6.099709071218967 164.2973859608173 58.87913385778666 338.8519580364227 10.49450717121363 8.693685315549374 3.414293818175793
0 1324.648200064898 2.050536692142487 2.955806970596313 0 0.07994648069143295 0.2742753699421883 0.104099728167057 68.44916740804911 0.2302838042378426 868.5340919047594 3.072441279888153 2952.020639657974 0.2602061927318573 0.9595934525132179 22.18160352855921 4.356629110872746 10.86928097903728 15.32795204222202 13.35610246658325 2.044648818671703 624.0540998354554 2.452063411474228 161.4486975967884 880.6349089592695 346.665468133986 6832.608343809843 7.635899528861046 1.391212277114391 0.3602976575493813 237.8247784152627 0.4013968110084534 0.105768047273159 335.9200296103954 0.2697518765926361 788.7568391636014 465.2136034816504 512.1106182485819 175.4383873194456 98.78748019784689 82.02415683865547 612.8570334464312 15.7206002175808 0 52.04253517091274 0.689558818936348 2.365607880055904 0 0 0.07687287777662277 0 0 0 75.83964608609676 0 624.0982827022672 0 0 0.2524597942829132 0.1225852593779564 5.263814851641655 3.378248035907745 0 0 1.113246127963066 0 0.7270456179976463 270.0705731734633 87.0081737563014 562.9189726188779 0.5165771543979645 0 0 39.28580740839243 0 0 13.29369945824146 0 104.1424956470728 26.64087028801441 13.53263743966818 8.336259245872498 13.5128378868103 5.240527153015137 40.34080269932747 4.6663818359375
30.12442342191935 428.2644580155611 4928.487262420356 1.714303135871887 0.8202860429883003 15.61959505453706 303.1230776235461 126.8018397390842 3.427835591137409 25.87389007210732 1302.891266666353 7.981955103576183 1142.112535759807 181.9661495834589 0.2069532945752144 6.405787624418736 1695.225884474814 2507.720902182162 3776.099497333169 2.725480742752552 105.0869310870767 22.40676119923592 397.5253762826324 20.99255637824535 346.665468133986 12227.44069156051 11972.52851804346 157.0064584314823 124.2557547464967 214.7884580716491 623.0673401728272 26.82748624682426 8.864778459072113 1169.759921856225 15.41403559595346 2725.0380756706 3472.357690408826 2233.181161381304 497.1477976888418 79.67157813161612 2.974018447101116 29.46261462569237 7.978468500077724 0.1186306029558182 492.2429586872458 257.7283631488681 0 0 0 1.893233351409435 0.5412272810935974 1.220714636147022 0.07445153594017029 102.5302141904831 0 673.7592963650823 0.6681059151887894 0.3813787996768951 4.357901975512505 22.43873689323664 56.22568622976542 50.44118490815163 0 2.429247938096523 19.16359058767557 1.074378617107868 3.828938223421574 390.6209388449788 1357.325547978282 3765.190269164741 1.789600618183613 0.2370561510324478 0.4254555478692055 212.5991178676486 0 0 4.929736092686653 0.4543879330158234 21.45079182833433 120.5538752302527 30.81879748404026 2.67532916367054 0.5863578841090202 0.235500231385231 4.892911031842232 0.4262421727180481
47.75057123601437 10784.15100429207 6065.086472257972 1.047833509743214 1.236148715019226 6.627790339291096 133.7755332067609 108.3224589638412 354.7420921325684 8.399202659726143 802.5586863830686 2.954226791858673 2913.543160736561 257.5849255695939 9.012022569775581 3649.349487677217 6188.665639966726 1426.968209497631 1676.60792196542 1.479039400815964 387.4130451902747 5448.304483890533 10835.26849279553 2353.952798753977 6832.608343809843 11972.52851804346 25957.48602905124 913.7139356732368 241.690612770617 194.176920607686 1455.214846491814 11.41538995504379 18.02045469731092 2972.182838946581 100.1750828921795 6280.289503693581 2260.156490169466 5925.838964536786 2036.79098393023 339.214332871139 4.52581025660038 46.71545638889074 35.418451808393 0.2348717302083969 2814.059334181249 2502.731111288071 0.9259302988648415 0 0.1083040907979012 19.63060132414103 1.438734658062458 3.678050316870213 0.6754257827997208 112.9646527990699 0 684.1093197017908 2.113390132784843 0.1634373217821121 255.5567520558834 54.11437898129225 92.65672786533833 108.6248797401786 0 10.12965941429138 1221.171651206911 1119.337167799473 19.49492113292217 1063.35832541436 2462.567248538136 13458.88893660158 20.10331873595715 0.7709640115499496 1.629147157073021 290.980137348175 0.1834006235003471 0.2853643968701363 17.75939032435417 3.023778460919857 116.6672518849373 180.1075635105371 136.3565074801445 71.90345855802298 3.241922952234745 0 8.286406137049198 6.92402683198452
36.08818773925304 24.17717432230711 1155.0666321069 3009.631743647158 5.151410482823849 128.7459438294172 15852.76468925178 658.4992355927825 1075.944473795593 4290.525931559503 22.85051192343235 517.0016174986959 3.617825783789158 1047.42751352489 32.4634520187974 1768.861892051995 592.0174776315689 16.98710148781538 42.55278161168098 2011.829194922 3494.624039284885 358.6335471644998 4182.500851817429 5189.338543452322 7.635899528861046 157.0064584314823 913.7139356732368 17308.1825818494 1866.564185827971 11130.94137093425 0.1854934841394424 63.84450680762529 604.1461283266544 1447.73763281852 287.2814134731889 6219.141232557595 295.4145092144608 4605.65946559608 1571.508447468281 356.2881359532475 67.90280532091856 19.7677830606699 68.13523323088884 12.69264205545187 1.381247200071812 11.55741278082132 314.1124945804477 0.7022233754396439 5.519755452871323 252.5085810646415 22.91887436062098 261.335404291749 171.596147313714 1.264931224286556 113.6498516499996 0.9790636301040649 37.80208652466536 26.74917341023684 365.6701723709702 1.15802139788866 0 0.9857970923185349 77.39482128620148 328.7332227900624 227.4849938079715 88.13061688840389 1588.862052753568 0.2294578775763512 0.7761446684598923 70.43897943943739 1433.33227173239 48.09744293242693 135.0809626430273 0.3839013278484344 0.7311640828847885 9.065612852573395 28.10412599146366 5.72639412432909 372.1414616703987 2.341790787875652 109.7060628086329 36.74974679946899 157.9626699611545 6.47627679258585 1.48357629776001 5.911599166691303
1802.497152395546 3.255185551941395 31.03318756073713 95.06225599348545 2.135792084038258 314.711701117456 424.4556673839688 242.9341807663441 43.59429370611906 569.2155840396881 219.6698564663529 415.2278205677867 3.103833697736263 2873.785426162183 8.990561865270138 0.4018343612551689 797.7839667201042 130.4921568855643 234.6003026105464 166.3752327933908 10.21651609241962 1.278164424002171 110.2168689072132 841.9203796759248 1.391212277114391 124.2557547464967 241.690612770617 1866.564185827971 10768.49147668481 2671.627647295594 0.9916253387928009 460.4997193329036 2191.112572640181 3621.155433874577 8.135072186589241 199.0927641913295 131.9928790852427 1797.257158432156 105.3032843917608 329.5843118205667 13.18713617324829 0.4718150570988655 2.671887449920177 0.2116720154881477 1.886277414858341 1.387228988111019 2.718543313443661 0.223467230796814 0 11.49116552621126 1.932092577219009 10.63071139901876 1.909495912492275 0.2578835189342499 0.4811816811561584 1.194953680038452 0.785020224750042 0.8637582957744598 3.079928286373615 0 0.08788023889064789 0.1678160279989243 0.6262580752372742 2.417514517903328 3.913639433681965 0.2400798499584198 86.65340016782284 0.2005165368318558 2.928213648498058 8.532753199338913 57.19386882334948 2.967890426516533 4.627375639975071 0 0 0.3627236187458038 2.374295689165592 0.5195178985595703 24.91860346496105 0.2581046372652054 5.884943976998329 1.171885639429092 4.135984130203724 0 0 0
1180.612714096904 1.947011664509773 447.2709707319736 1.15257453918457 0.462074339389801 12.8671277910471 3330.74292807281 459.4224652573466 10.08401653915644 23.60037250816822 36.30762831866741 0.5651294812560081 0.09241766482591629 1855.138316307217 0 10.72976645827293 3098.414885930717 63.02468272298574 245.8443206958473 0.5737901479005814 6425.70910218358 6.73436164855957 3675.785614326596 148.5387649685144 0.3602976575493813 214.7884580716491 194.176920607686 11130.94137093425 2671.627647295594 9846.522261545062 0.09256906807422638 16.87310536205769 510.8123467192054 3330.77111736685 41.79469253122807 267.0613232329488 44.10114622116089 1924.089268118143 322.7906199097633 34.26822943985462 1.44381070882082 0.1582006216049194 5.810459174215794 0 1.377432338893414 1.122607819736004 0 0 0 0.6774046570062637 0 0.7041140794754028 0 0 0 0.3281860947608948 0 0 14.54446180909872 0 0 0.1247119009494781 0 20.35699865967035 7.596304059028625 2.867147505283356 14.43840873986483 0.2074250802397728 3.165210470557213 7.960332505404949 23.37417646497488 0 0.86673504114151 0 0 0 0.6782566905021667 0 5.351690739393234 0 0.5944474041461945 0.748576283454895 0.2902359664440155 0 0 1.106015086174011
