521.8419148549438 0.2828290164470673 43.29845494776964 3.131716996431351 0 18.00920182466507 1698.04179674387 321.5391321033239 15.34358545392752 55.45764987915754 4.706878855824471 1.004948571324348 1.284467950463295 3163.940677754581 0.1693989038467407 3.300495557487011 237.9443296343088 3.674274042248726 25.3785754814744 2.163991995155811 179.5588121935725 6.340050756931305 328.2878383249044 184.6835851445794 0.2127853780984879 35.00522134453058 33.46732921153307 178.5905479565263 3522.717637620866 3551.655973725021 0 3.733932308852673 9.727151088416576 95.06655323505402 1.860520452260971 73.1691482886672 3.158408030867577 55.03348890691996 13.19475733488798 1.762026563286781 0.6302797347307205 0.1079712212085724 0.3824686408042908 0.2571119666099548 0.3522590845823288 1.046325482428074 0.4273743629455566 0 0 11.15260540693998 0.1124168336391449 7.9246496707201 0.657585583627224 0.2156594395637512 0 0 1.10235521197319 0 1.863129295408726 0 0 0.1224125400185585 0 0.5209160819649696 5.250179849565029 1.115541905164719 30.00950036942959 0 0.5239315032958984 1.359735935926437 34.13524380326271 0.7887000665068626 1.612403318285942 0 0 0.1268539875745773 1.2674525603652 0 6.420502580702305 0 0.8721904903650284 1.460897341370583 0.6548047959804535 0.1649397760629654 0 0
0.2828290164470673 162.718232370913 221.9476336911321 0 0 0.2137090042233467 2.314476393163204 0.4209858775138855 308.7473836317658 0.4577473253011703 90.6678217202425 6.164302699267864 887.2813947722316 0.5314045920968056 1.956154048442841 33.78338418155909 51.8110212162137 0.9393755123019218 72.04169808328152 0 2.679087817668915 2476.738153927028 5.927761115133762 509.4552451297641 1960.696442626417 359.3409280180931 10587.83549128473 5.696070149540901 0.290192537009716 1.281796477735043 33.69926142692566 0 0.1398282796144485 19.40061219781637 0 32.07880306988955 72.56613492965698 179.2431702911854 13.3196479678154 10.69348788261414 0.2108857482671738 90.7347973883152 0 0 67.82223460823298 68.51160682737827 0 0 0 1.501934990286827 0 1.171543568372726 0.2583322525024414 2.412305220961571 0 7.692551381886005 0 0 1.409522444009781 8.559420645236969 1.617889203131199 10.05345948785543 0 0 17.15164117515087 1.818637371063232 3.393950827419758 11.09020787477493 132.3301539570093 974.4551583528519 0.6036358773708344 0.09393258392810822 0 4.73006084561348 0 0 4.047998502850533 0.9655464440584183 7.464002296328545 8.301207348704338 4.384818561375141 2.813031077384949 0 0 1.838037610054016 0
43.29845494776964 221.9476336911321 2985.566685415804 6.342513687908649 0 62.08555669337511 1941.430419169366 141.8300634250045 9.100691512227058 84.32298247516155 14.44850844889879 1.742703646421432 31.21090982854366 195.5695044323802 0 41.94955806434155 6557.58913526684 42.80320139974356 296.0391260311007 4.367855913937092 1085.647016994655 12.07667993754148 10372.98413752764 209.9184490293264 4.293022446334362 5926.596482239664 4668.990432299674 803.1647509336472 66.96473759412766 377.716182090342 6.052703112363815 0.3754307925701141 11.70741510391235 938.4358480796218 44.09979771077633 2133.349744170904 2161.843198828399 1996.631623931229 575.4405833110213 102.2539209574461 7.554007470607758 28.06244102120399 18.11547032743692 0.2282189354300499 674.7748649939895 504.2786043211818 0.3599298894405365 0 0.3638913258910179 11.21071530133486 2.367804288864136 4.946357913315296 0.6088345646858215 1.675862237811089 0.0890594869852066 1.965745858848095 0.2502522766590118 0 8.739889033138752 100.4059263020754 6.099687620997429 79.78082381933928 0 3.628923520445824 135.5591351389885 11.60490438342094 30.56429082900286 3.330723762512207 529.1744989603758 2773.911461040378 19.28632706403732 1.076773107051849 1.764893636107445 3.685460299253464 0 0 28.60407081991434 27.54990407079458 54.93744951486588 61.33247324079275 59.73992857336998 16.09243012219667 2.070870578289032 0.3893713653087616 0.6162581741809845 0
3.131716996431351 0 6.342513687908649 2618.919417731464 0 106.2005587741733 201.0620315670967 54.3267430216074 792.4819842725992 1597.774672180414 3.183976911008358 3554.505129389465 0.9161024689674377 30.23783145844936 13.44872370362282 0.4605822712182999 1.235108107328415 0.5025031790137291 0.4356724545359612 3672.243518933654 1.452563568949699 0.1595587581396103 2.691503539681435 1746.968360438943 0 1.947205133736134 3.064013414084911 3917.003914818168 55.7477710172534 2.65257816016674 0.1924033090472221 4.938971452414989 9.174600511789322 31.75536627322435 5.385119587182999 59.93844139575958 2.433284036815166 65.33556515723467 15.62548618018627 103.6431754156947 5.729533925652504 0 2.391892179846764 0.2990518733859062 0.1232183799147606 0.4732089042663574 194.0368343517184 0 20.61921536177397 69.51038967072964 6.139403946697712 122.0291073694825 100.6529218629003 0.2385495826601982 44.92425284534693 0 4.592780344188213 1.169341385364532 0.1882897689938545 0 0 0 85.38460396230221 0 0.578303650021553 0 242.1790763437748 0 0.1933188587427139 0.5790060460567474 325.2803343906999 2.348834291100502 0.4036663621664047 0 0.08025643229484558 0.1040142253041267 1.701727889478207 0 1.96405853331089 0.09831418097019196 1.566458068788052 0.3848344162106514 30.41326366364956 0.1340120732784271 0 0
0 0 0 0 1.111944079399109 149.421527557075 0.1156785786151886 21.62498355656862 19.2380602657795 1.091662153601646 0.7540846467018127 8.651957027614117 0 0.2436332702636719 1482.690415889025 0 0 0 0 1.518522031605244 0 0 0 0 0 0.1713566035032272 0 0.3863587155938148 123.0586288571358 0.1500108987092972 0 57.68296080827713 0 9.343221619725227 0 7.459093600511551 0.1419656127691269 25.85291641950607 7.342080056667328 1292.424013055861 2.520015984773636 0 0.3961240649223328 0 0 0 0 0 0 0 0 0 0 0 0 0 0 0 0 0 0 0 0 0 0 0 0 0 0 0 0 0 0 0 0 0 0 0 0 0 0 0.3970132172107697 0 0 0 0
18.00920182466507 0.2137090042233467 62.08555669337511 106.2005587741733 149.421527557075 6761.229712691158 4050.742597453296 6661.090986233205 84.64768931269646 5844.451058130711 120.530086800456 4189.145168974996 23.90724941343069 465.9550741873682 991.1979395970702 0.3511961326003075 20.48607045784593 16.16596433147788 10.79919949918985 559.7983392775059 13.60860563069582 0.2539703622460365 25.94533035159111 199.5478840321302 0.4105127304792404 31.19045425951481 18.94106078147888 519.6348646506667 683.1685061231256 10.70743294805288 1.92198883742094 668.7331314869225 9.488578088581562 491.8157138898969 11.06600566208363 284.6297365799546 16.05363699793816 443.0429388284683 118.0293181464076 2468.491920128465 434.268117249012 4.52312994748354 5.375136703252792 1.199805438518524 0.7474494278430939 0.5041666701436043 20.66905719786882 0 2.678248725831509 68.23750676959753 1.604871742427349 23.22817486524582 8.275799006223679 0 3.277751132845879 0 2.988572113215923 0 0.09513517469167709 0 0.07709208130836487 0.1302392333745956 5.754298068583012 0 0.3480559587478638 0.2286917343735695 71.05005867034197 0 0.2970710545778275 2.560634545981884 96.76217632740736 2.966543145477772 1.281351819634438 0 0 0.1807319670915604 1.021516516804695 0.1770234555006027 5.154316432774067 0.3739960268139839 1.911450296640396 1.816897392272949 2.126413397490978 0.4023051559925079 0 0
1698.04179674387 2.314476393163204 1941.430419169366 201.0620315670967 0.1156785786151886 4050.742597453296 14910.51906681806 2341.238851569593 503.934998832643 9892.378732435405 26.93357834219933 45.91921845450997 6.153069876134396 3899.852356020361 7.758577652275562 20.10898932814598 657.289225757122 11.6801897585392 41.1673471108079 341.6975298821926 1143.891213156283 1.608156897127628 1701.650388434529 1354.920722074807 0.400937631726265 225.6566963791847 351.2673489153385 16573.42508006096 1123.100360427052 7050.736154854298 1.548743017017841 16.50836277008057 118.0491161197424 485.5619429275393 61.33286207169294 977.4045764058828 79.59126152843237 926.9150644019246 225.9234564304352 69.44859769940376 40.0469506084919 1.370894089341164 12.71606636792421 5.450465627014637 15.41080262511969 16.85212029516697 132.5030639544129 0.1016256213188171 33.31548124551773 624.4818455427885 29.36248940229416 342.1861087605357 94.76813212037086 0.7721168249845505 14.94702710956335 0 22.8519629240036 0.4751239418983459 1.63193067908287 2.185385055840015 0.3213298916816711 1.033181428909302 32.9725948870182 2.548732690513134 6.200356684625149 2.034401409327984 755.5924492254853 0.2503462955355644 8.882020957767963 57.14961983263493 973.8019290044904 36.62648912519217 20.06508660316467 0.2099040150642395 1.753681860864162 3.348558403551579 14.38422355055809 5.989799976348877 88.90082997083664 2.490186631679535 31.28753291070461 17.89742781221867 14.42368085682392 7.74034683406353 3.170791864395142 0.1169043630361557
321.5391321033239 0.4209858775138855 141.8300634250045 54.3267430216074 21.62498355656862 6661.090986233205 2341.238851569593 9285.605432268232 38.68273723870516 2339.1496104002 119.8370524942875 1213.348339620978 8.878283962607384 5276.734466515481 207.6502839699388 3.304665885865688 349.6369584575295 22.45139612257481 46.83126491308212 317.1690966300666 154.9013959690928 6.504175148904324 378.5026412606239 672.4492482431233 0.5609746053814888 94.70223177969456 67.85688146203756 498.0304166078568 1714.829978965223 676.7077454775572 3.491588987410069 1238.878685690463 7.749684780836105 498.1173107214272 7.081500597298145 381.0653428584337 20.43085608631372 339.9116327390075 91.43192610144615 1113.792129397392 45.67103976011276 1.033833265304565 3.185522623360157 2.250768512487411 1.845927938818932 0.9485914707183838 16.20981095731258 0 8.426441229879856 275.752932742238 4.852037012577057 49.95986571162939 18.08684632182121 0.3356550931930542 0.6458954215049744 0.1973760426044464 9.244754858314991 0.08593764156103134 2.208046726882458 0 0.07059622555971146 0.2661361619830132 5.720957607030869 1.068389900028706 1.977817073464394 0.3594920635223389 211.8262982144952 0.09673592448234558 1.009103260934353 4.618834942579269 305.8669912293553 9.244108214974403 12.49846798926592 0 0.5348906740546227 1.927142016589642 4.779085401445627 0.8975197449326515 23.03930073231459 0.2185957282781601 8.533007405698299 6.753783620893955 5.076117105782032 1.237972870469093 0 0.246382862329483
15.34358545392752 308.7473836317658 9.100691512227058 792.4819842725992 19.2380602657795 84.64768931269646 503.934998832643 38.68273723870516 632.1650184765458 301.7926656901836 6.104162812232971 394.1177441030741 43.17439448833466 38.64093996584415 286.0295143276453 44.20536091178656 2.776260584592819 0.2924119830131531 1.764480270445347 779.4063616320491 19.26530650258064 2271.221765145659 6.456890866160393 7345.751529574394 121.2208508253098 17.31333342939615 671.3202499598265 1007.55848620832 65.90697801113129 20.79888976365328 4.155416861176491 0.531438834965229 5.903620854020119 18.25329195708036 4.838663637638092 99.3380194529891 6.134993351995945 53.04701767861843 13.03105490654707 324.3525791019201 5.926073119044304 1.944260887801647 1.136345654726028 10.32232135534286 5.367032431066036 9.281301721930504 261.9184468612075 0 41.02041760087013 314.0011893734336 16.0697870105505 135.2002081647515 164.4125879779458 0.3387018293142319 235.2229187935591 0.3936861008405685 19.24507543444633 9.020908758044243 26.57750394940376 1.290691994130611 0.1590230241417885 0.3036806061863899 99.22127152234316 7.788795962929726 19.13671875745058 11.49670831859112 1495.895432829857 1.071228377521038 1.802750319242477 11.5441984012723 784.9254821017385 50.36216981709003 80.28266498446465 0.2804946601390839 0.7188898399472237 7.978173688054085 19.3864336386323 0.8579792976379395 96.13202540576458 0.8438317626714706 32.86378809064627 16.7466021925211 86.17671915888786 3.743635356426239 0.1045197173953056 0.1056064516305923
55.45764987915754 0.4577473253011703 84.32298247516155 1597.774672180414 1.091662153601646 5844.451058130711 9892.378732435405 2339.1496104002 301.7926656901836 27060.64242140204 145.0700796619058 1783.458838418126 32.18580328673124 1107.353794120252 20.3479850590229 0.8622971847653389 63.93296996504068 37.60340320318937 33.60123047232628 3232.032133989036 33.44157194346189 0.3591041788458824 82.94258733838797 850.4140897169709 0.2508248835802078 65.55972173064947 35.40379151701927 4976.182577334344 1458.206810150295 49.53113627433777 5.490910664200783 107.5051594860852 20.36315778642893 991.1429574266076 47.34295386075974 1067.327776633203 45.16504536569118 1703.032906964421 231.4608425050974 314.9687160849571 137.3346121907234 3.555071391165257 21.73596728593111 1.470453940331936 1.123357340693474 1.036656774580479 166.7207271754742 0 30.29919055849314 186.061288960278 22.87004306912422 128.7173164784908 78.78298842161894 0.3240883499383926 26.2142112404108 0 13.06599424034357 0.9769647866487503 0.1099223271012306 0.1508242189884186 0.3727967292070389 0.1477193832397461 64.22448171675205 0.2142105847597122 1.567497074604034 0.1143430173397064 343.5497416257858 0 0.7913528829813004 2.922298558056355 431.2413382530212 6.545117944478989 2.595885522663593 0 0.435747966170311 0.4743479266762733 3.400531508028507 1.725688807666302 15.89142512530088 0.7991860806941986 6.814872272312641 5.260664612054825 13.36337191611528 0.09625398367643356 0.1010628640651703 0.3451457321643829
4.706878855824471 90.6678217202425 14.44850844889879 3.183976911008358 0.7540846467018127 120.530086800456 26.93357834219933 119.8370524942875 6.104162812232971 145.0700796619058 4138.079596593976 133.699493791908 1210.881143212318 72.74797430634499 19.56498010456562 1.826873734593391 550.7660325169563 2162.518523596227 1406.989296793938 41.3361230045557 19.25778706371784 21.11342468112707 62.52894141152501 19.799724817276 733.9734446182847 1606.431948274374 1295.075021654367 16.26657665520906 199.1833221614361 24.57223372161388 316.5617561638355 100.5654128417373 7.638544797897339 7734.727654024959 5.678943186998367 589.1259317398071 4768.495371118188 8232.392505772412 1775.713536158204 187.1678515896201 39.58287845551968 615.308285176754 8.598963253200054 0 3.524980872869492 0 0.2597811296582222 0 0.09803491830825806 3.751306347548962 0 0.7189757898449898 0.2151940315961838 179.8609064146876 0 590.819849729538 0 0 0 0 6.114534072577953 0.4679047092795372 0 0.3056231215596199 0.5721587240695953 0.8613306134939194 2.901531748473644 125.7815898954868 27.57080662250519 142.3555897399783 2.495439134538174 0.5304660201072693 0.657701388001442 99.09229196608067 0 0 1.560938745737076 0.3135721832513809 13.51866256445646 160.6485930979252 6.242813766002655 0.8488603085279465 0 0 265.8244439959526 0.1807856857776642
1.004948571324348 6.164302699267864 1.742703646421432 3554.505129389465 8.651957027614117 4189.145168974996 45.91921845450997 1213.348339620978 394.1177441030741 1783.458838418126 133.699493791908 6202.494126066566 21.96173444390297 400.5952533893287 317.540293559432 0.3358662575483322 1.966286741197109 27.19366437569261 18.24490072578192 4812.023160211742 0.2354202345013618 24.57567283511162 0.9004214107990265 517.7668149992824 2.212528333067894 33.57916989549994 23.69253282994032 670.4794223457575 527.299463160336 2.058628126978874 3.564780034124851 161.0222875736654 0.2432455196976662 611.1573339141905 3.998414933681488 125.6763456389308 4.937686011195183 499.8156077191234 25.11318203061819 1197.259912900627 74.6075282394886 2.205103829503059 1.244917005300522 0 0.07568824291229248 0 143.7868715673685 0 11.83518631756306 14.95600305497646 2.02377125620842 50.44333019852638 64.35545995086432 0 62.28720945119858 0 0.6687568426132202 0 0 0 0 0 24.35651384294033 0.142654612660408 0 0 68.9557234570384 0 0 0.6929170414805412 120.9205110296607 0.1094434857368469 0 0 0 0 0.2795136421918869 0 2.174682095646858 0 0 0 64.01325103640556 0.8100393414497375 0 0
1.284467950463295 887.2813947722316 31.21090982854366 0.9161024689674377 0 23.90724941343069 6.153069876134396 8.878283962607384 43.17439448833466 32.18580328673124 1210.881143212318 21.96173444390297 1670.190465055406 4.686200499534607 4.23611643910408 1.053314819931984 6.761687524616718 34.07991921156645 11.46185584366322 7.085020393133163 5.267614178359509 201.5442398861051 24.82606980204582 51.97372855991125 5222.902896873653 144.8847807198763 4310.171429365873 11.85983126610518 6.78355498611927 1.405866496264935 744.6840962618589 7.657039687037468 0.2854513376951218 471.8409292474389 52.60466589033604 3073.485260091722 7536.024616584182 3896.880002476275 926.7081136927009 145.5094345062971 62.59068791568279 527.1824593991041 5.310464106500149 0.09865709394216537 20.36011978983879 0.233038417994976 3.744856014847755 0 0.7063905596733093 2.452169679105282 0 0.6303805112838745 2.283917844295502 497.3906394168735 0 1786.88741107285 0 0 0.42025426030159 0.2386424392461777 25.56706714630127 1.507165849208832 0 0.3587849289178848 0.2203266322612762 0.3109820261597633 2.537948958575726 608.9964169487357 112.0906568989158 678.097996763885 5.383478954434395 0.3764251619577408 0.6383922100067139 443.8685136586428 0 0 15.17557373642921 11.96347084641457 470.9199219048023 443.3348108977079 23.31324239075184 2.538342274725437 31.84035051614046 0 776.5022002309561 0
3163.940677754581 0.5314045920968056 195.5695044323802 30.23783145844936 0.2436332702636719 465.9550741873682 3899.852356020361 5276.734466515481 38.64093996584415 1107.353794120252 72.74797430634499 400.5952533893287 4.686200499534607 9771.875674106181 24.84856002032757 3.208681106567383 659.2641751915216 26.27573282271624 74.96216683834791 128.4765252918005 352.7815366536379 5.129380322992802 869.9934860169888 509.0419763922691 0.1192451491951942 125.4332794696093 107.2431164979935 463.4274743720889 3900.128705054522 3273.095863878727 1.535275392234325 75.54109457880259 13.51980205625296 774.0466353520751 10.8228842690587 372.2726618275046 23.65126340836287 507.8081814721227 520.8286580294371 190.3984167277813 7.991447694599628 0.2954700738191605 3.406282871961594 0.5334076434373856 0.7260664477944374 2.187293887138367 6.247812680900097 0 1.929946310818195 92.96198499947786 2.1004648655653 28.71381346136332 6.127148009836674 0.3116432875394821 0 0 3.287713162600994 0 4.714545875787735 0.2235337719321251 0.1159241944551468 0 3.70156341791153 2.786489330232143 3.702969022095203 2.827149540185928 112.139687307179 0 3.177509792149067 8.788978017866611 129.9998262822628 5.335866510868073 9.643692195415497 0 0 0.9727802202105522 2.851330079138279 0.1761143207550049 15.38159088045359 0 4.712275005877018 5.749013647437096 2.917783290147781 1.286239802837372 0 0
0.1693989038467407 1.956154048442841 0 13.44872370362282 1482.690415889025 991.1979395970702 7.758577652275562 207.6502839699388 286.0295143276453 20.3479850590229 19.56498010456562 317.540293559432 4.23611643910408 24.84856002032757 274.5199936628342 0 0.132891371846199 2.187513545155525 1.637092404067516 48.63556920737028 0 16.80422860383987 0.4761505424976349 168.2532762140036 0.992729127407074 3.152717053890228 5.90283340215683 8.046651840209961 40.41614552587271 2.187725514173508 0.2113011926412582 344.2317966371775 0 74.86985687166452 12.75645017623901 58.70620909333229 0.5539119243621826 41.06707821041346 7.106270335614681 739.6219117715955 185.8415009826422 0 0 0 0 0 2.43325662612915 0 0 0 0 7.349794149398804 4.593698173761368 0 0 0 0 0 0 0 0 0 2.543735980987549 0 0 0 2.705019325017929 0 0 0.2401982843875885 6.084258258342743 0 0 0 0 0 0 0.8527879118919373 0 0 1.68847918510437 0 0 0 0 0
3.300495557487011 33.78338418155909 41.94955806434155 0.4605822712182999 0 0.3511961326003075 20.10898932814598 3.304665885865688 44.20536091178656 0.8622971847653389 1.826873734593391 0.3358662575483322 1.053314819931984 3.208681106567383 0 4614.666154488921 38.49856474250555 0.7342629730701447 2.501328721642494 0 2985.860387049615 2127.498359128833 4119.378589905798 1637.344044499099 3.059690721333027 7.70742529630661 3904.004109144211 1306.645022965968 32.95408349484205 120.8264224529266 0 0.4154777377843857 3.078283503651619 146.2406405061483 59.81477771699429 2053.56463137269 577.0142233073711 748.1024096086621 656.4171219021082 57.20636820793152 1.347942993044853 1.829192519187927 14.51918777823448 0.9761813580989838 5.867793217301369 67.59231002628803 0.4567505791783333 0 0 14.33947087079287 0.4869085401296616 69.84464045614004 0.2372072637081146 0 0 0 1.7290303632617 0 2465.912987843156 7.028864182531834 0 0.9214916899800301 0 454.7634847313166 1537.842422358692 1391.695511080325 260.3663389384747 0.1500632911920547 2.322730138897896 955.2551781758666 234.7674848437309 6.60697690397501 103.9286602288485 0 0 2.632977455854416 12.02390949428082 11.65960951894522 89.36780485510826 9.660342559218407 41.34908137470484 25.69233676791191 1.394302934408188 0.2122808843851089 0.1238908842206001 0.3267117142677307
237.9443296343088 51.8110212162137 6557.58913526684 1.235108107328415 0 20.48607045784593 657.289225757122 349.6369584575295 2.776260584592819 63.93296996504068 550.7660325169563 1.966286741197109 6.761687524616718 659.2641751915216 0.132891371846199 38.49856474250555 1420.176954567432 302.5115449130535 5547.261150278151 3.255981013178825 1293.76918566972 10.15997103601694 3469.90052420646 27.50544229149818 2.724789172410965 4006.633518286049 6022.397034533322 99.49209068715572 283.4824751242995 1494.879033051431 3.54822563380003 1.413500465452671 13.98445560783148 1863.880944900215 12.72612102329731 520.5041474997997 466.3043311983347 1260.987836524844 240.7359121143818 17.91879460960627 1.813002496957779 7.558275610208511 5.484205424785614 0 79.74965792149305 15.3303941115737 0 0 0 0.9617145732045174 0 0.3670694679021835 0 1.361458659172058 0 0.6581101715564728 0 0 3.339627116918564 5.350619718432426 1.925025001168251 13.36962486803532 0 0.9681610465049744 10.35950888693333 2.858344838023186 3.344348065555096 3.386456474661827 249.5538495332003 448.6492692455649 2.055067367851734 0 0.5559517294168472 3.643963105976582 0 0 2.553905852138996 1.49198117852211 5.363019071519375 6.104391939938068 3.863254599273205 1.854206308722496 0 0 0.6227080225944519 0
3.674274042248726 0.9393755123019218 42.80320139974356 0.5025031790137291 0 16.16596433147788 11.6801897585392 22.45139612257481 0.2924119830131531 37.60340320318937 2162.518523596227 27.19366437569261 34.07991921156645 26.27573282271624 2.187513545155525 0.7342629730701447 302.5115449130535 125.5130318850279 1405.190655313432 9.215724222362041 5.150077320635319 0.1202249452471733 17.48145695030689 2.817713983356953 4.060543440282345 1855.264758758247 236.1186687722802 5.663945041596889 31.92755080014467 14.89665376022458 63.20793468505144 6.564562395215034 1.748169116675854 1013.612892918289 4.911179535090923 485.3060176596045 1157.283923663199 1912.859573721886 527.423318952322 27.68544211983681 4.518557861447334 8.331666693091393 2.64310909062624 0 2.075128927826881 0.1347161382436752 0 0 0 0.07104784250259399 0 0.1049141436815262 0 7.835979782044888 0 45.25751085579395 0 0 0 0 16.05489040911198 1.080623209476471 0 0.141016036272049 0 0.09492021054029465 1.00492736697197 11.45256131142378 62.1108169183135 138.993339933455 1.22037547826767 0.08335539698600769 0 56.18931987136602 0 0 0.2869990989565849 0 2.157687835395336 28.76862366497517 0.7963137254118919 0.5240381062030792 0 0 0.9705607295036316 0
25.3785754814744 72.04169808328152 296.0391260311007 0.4356724545359612 0 10.79919949918985 41.1673471108079 46.83126491308212 1.764480270445347 33.60123047232628 1406.989296793938 18.24490072578192 11.46185584366322 74.96216683834791 1.637092404067516 2.501328721642494 5547.261150278151 1405.190655313432 1373.599294319749 5.473790653049946 68.24875694513321 4.480951607227325 237.7509775385261 5.479829467833042 19.98884816467762 5554.13534989208 1477.135267302394 11.6110202819109 62.74508248269558 145.8656875938177 25.45402140915394 3.906922526657581 4.416304796934128 2698.781093657017 3.243112586438656 401.9754509702325 436.4468117654324 2213.790251888335 451.2210213467479 13.62360709160566 2.810732237994671 1.832958742976189 2.504375480115414 0 50.04227356612682 1.560411475598812 0 0 0 1.022612303495407 0 0.7662884742021561 0.5764716863632202 0.415480449795723 0 2.692750036716461 0 0 0.4472246766090393 0 7.518260523676872 3.810814246535301 0 0.5156170427799225 1.394326895475388 0 0.6103553846478462 1.873083554208279 207.8264865428209 303.3406691923738 0.4089044779539108 0.08329219371080399 0.2155896872282028 16.19547769427299 0 0 0.2083640247583389 0.663301944732666 0.9026790857315063 3.421018704771996 0.9541902765631676 0.1492579430341721 0 0 0 0
2.163991995155811 0 4.367855913937092 3672.243518933654 1.518522031605244 559.7983392775059 341.6975298821926 317.1690966300666 779.4063616320491 3232.032133989036 41.3361230045557 4812.023160211742 7.085020393133163 128.4765252918005 48.63556920737028 0 3.255981013178825 9.215724222362041 5.473790653049946 545.0618247613311 0.8356674760580063 0.3741165772080421 3.531326934695244 657.5548284202814 0 12.08674272149801 4.159285120666027 4434.593484513462 222.7604961358011 2.560258999466896 0.868990920484066 42.082225587219 1.887833893299103 199.619616150856 4.065886244177818 139.77235134691 5.029065757989883 279.5554793998599 24.34704697132111 513.6601417139173 25.58724159002304 2.954448983073235 2.645415127277374 0.0892144963145256 0.08194339275360107 0.4393081068992615 107.7777130901814 0 5.827438145875931 45.73067305237055 8.4670699685812 53.08779034018517 52.07237646728754 0 41.33113098144531 0.08936763554811478 2.451506100594997 0.5279724597930908 0 0 0 0 28.49349343776703 0.4797136187553406 0.6580375730991364 0 141.8584933355451 0 0 0.3164472579956055 186.4161079749465 2.79199842363596 0.5221294835209846 0 0 0 0.4976285323500633 0.6855342388153076 3.066865772008896 0 2.017578616738319 0.5536023378372192 37.78395187109709 0.419802188873291 0 0
179.5588121935725 2.679087817668915 1085.647016994655 1.452563568949699 0 13.60860563069582 1143.891213156283 154.9013959690928 19.26530650258064 33.44157194346189 19.25778706371784 0.2354202345013618 5.267614178359509 352.7815366536379 0 2985.860387049615 1293.76918566972 5.150077320635319 68.24875694513321 0.8356674760580063 12776.30178753287 657.7813993394375 15754.4078938961 254.4216371327639 1.39841628074646 44.31268708407879 363.4620131924748 2159.745020925999 633.9256671592593 9955.710862286389 0.1229953244328499 0.7196530476212502 60.31821227073669 3587.434502385557 249.2046795934439 5018.208226986229 946.7832930833101 5312.192922145128 2247.612917393446 129.3413706794381 6.075041688978672 4.24635998159647 37.83582291007042 0.8974599242210388 1.59709607064724 13.43308281898499 0.3183407783508301 0 0.2007165402173996 5.526918478310108 0.1168411001563072 37.03336127847433 0.2849517464637756 0 0 0 0.980537012219429 0 743.3675813525915 3.414012797176838 0.1152463108301163 0.4300576746463776 0 599.044063411653 543.2234265953302 135.0158913582563 243.6117956489325 0 1.88664449006319 42.12851934880018 273.3884830325842 7.763354383409023 154.4917437583208 0 0 2.396295331418514 6.763209566473961 14.74439032375813 40.36028812080622 3.500081591308117 12.51825840771198 5.997276484966278 1.554952383041382 0 0 0
6.340050756931305 2476.738153927028 12.07667993754148 0.1595587581396103 0 0.2539703622460365 1.608156897127628 6.504175148904324 2271.221765145659 0.3591041788458824 21.11342468112707 24.57567283511162 201.5442398861051 5.129380322992802 16.80422860383987 2127.498359128833 10.15997103601694 0.1202249452471733 4.480951607227325 0.3741165772080421 657.7813993394375 1769.838429249823 406.5640350729227 5330.768020652235 867.5386562272906 37.37198697030544 3930.040875472128 207.6929495558143 70.56185527145863 185.6368137300014 14.65854790061712 0.8395757675170898 4.870887488126755 18.1991515904665 5.707735419273376 104.5372523069382 20.94114306569099 45.86082633584738 12.32825180143118 81.39437457174063 0.8675715327262878 12.94887825101614 0.7030988335609436 0.9449647217988968 106.4158771038055 26.98064341396093 0 0 0.1101268231868744 5.468315698206425 0.5660534650087357 24.47827414423227 0 0.6402346640825272 0 1.563868626952171 0.8317355737090111 0 1478.63768144697 5.160696640610695 0.2519228160381317 0.4885067865252495 0 381.7713729739189 274.9864498823881 516.2349370792508 164.8198227956891 1.120322205126286 4.489236496388912 451.3856506422162 120.9925177544355 2.275526165962219 96.68918386846781 0.874674879014492 0.1178517714142799 3.147394225001335 6.534907147288322 0.2092397063970566 51.79941362887621 7.418876774609089 21.30259808152914 9.690324820578098 0.105554535984993 0.1174607202410698 1.969286523759365 0.9613399058580399
328.2878383249044 5.927761115133762 10372.98413752764 2.691503539681435 0 25.94533035159111 1701.650388434529 378.5026412606239 6.456890866160393 82.94258733838797 62.52894141152501 0.9004214107990265 24.82606980204582 869.9934860169888 0.4761505424976349 4119.378589905798 3469.90052420646 17.48145695030689 237.7509775385261 3.531326934695244 15754.4078938961 406.5640350729227 18378.87058123201 591.6665854528546 6.895907491445541 645.4801190905273 7886.518323250115 2327.086563527584 309.7760898470879 4264.877200365067 2.636158540844917 2.269346445798874 30.49110894650221 3804.663835570216 322.3720654547215 9204.191617839038 6194.698107130826 7992.90922024101 5136.920065805316 464.4976207390428 9.484229706227779 27.78239357471466 76.3219970241189 0.454027533531189 88.31691773980856 354.4544616118073 0.5152609348297119 0 0.2568939402699471 14.68435917794704 0.1624135076999664 9.644635751843452 0.1562564969062805 0.4570715427398682 0 0 1.434075973927975 0 1090.514842130244 24.88619463890791 0.09656503796577454 5.117040723562241 0 161.4416644945741 842.4117897674441 836.165907047689 47.83837167173624 0.4435137510299683 24.18779707700014 2133.197168454528 44.75918856263161 2.921006798744202 19.14546164870262 1.094953589141369 0 1.099686682224274 16.94287316501141 123.1558793932199 59.81910012662411 14.32022677361965 44.47269920259714 21.56605190038681 2.168794423341751 0.1240467205643654 0.4537665843963623 2.14873768389225
184.6835851445794 509.4552451297641 209.9184490293264 1746.968360438943 0 199.5478840321302 1354.920722074807 672.4492482431233 7345.751529574394 850.4140897169709 19.799724817276 517.7668149992824 51.97372855991125 509.0419763922691 168.2532762140036 1637.344044499099 27.50544229149818 2.817713983356953 5.479829467833042 657.5548284202814 254.4216371327639 5330.768020652235 591.6665854528546 10073.47512054443 167.4805653765798 46.43573702871799 2879.622181512415 8553.337317436934 1194.288952603936 357.7238450422883 5.423408694565296 10.60851924866438 146.9086183458567 387.0343279913068 81.42185545712709 2221.207515247166 39.73236649483442 980.1064470410347 321.6454685404897 495.1087272539735 46.71085672080517 3.027867287397385 28.9299358278513 18.43335345387459 13.66896810382605 44.02716067433357 280.1097977161407 0 49.72277479618788 1051.803104840219 41.98169940710068 1178.588913552463 182.5205584466457 2.173726111650467 68.01756897568703 0.7951178029179573 46.55135971307755 1.21870881319046 147.3514401912689 3.427459686994553 0.5129983797669411 0.7803891524672508 87.27934399247169 61.32676646113396 135.2778880596161 55.01967836916447 2356.253457300365 1.347187109291553 8.634606570005417 81.27874578535557 2089.136594943702 94.88499572873116 161.6345084235072 0.6194323003292084 3.153998576104641 15.3191967010498 40.54044671356678 7.970922544598579 213.6952038928866 3.244317404925823 79.6336417645216 44.82238118350506 81.86872155964375 17.0869677439332 0.5055695846676826 1.419120572507381
0.2127853780984879 1960.696442626417 4.293022446334362 0 0 0.4105127304792404 0.400937631726265 0.5609746053814888 121.2208508253098 0.2508248835802078 733.9734446182847 2.212528333067894 5222.902896873653 0.1192451491951942 0.992729127407074 3.059690721333027 2.724789172410965 4.060543440282345 19.98884816467762 0 1.39841628074646 867.5386562272906 6.895907491445541 167.4805653765798 1333.544483058155 355.0091793239117 3758.747523859143 0.9727155938744545 0.4546723514795303 0.2631573379039764 323.5354684740305 0.9020042046904564 0 65.86493125557899 12.11110335588455 404.4093302190304 653.2925957143307 1348.933492429554 308.0616899505258 10.53528779745102 34.10633713006973 487.8396911770105 3.749029010534286 0 35.90641047805548 0 0 0 0 0.394482396543026 0 0.322988897562027 0 201.4169330000877 0 974.3505209684372 0.08368819206953049 0 0.2670107334852219 0 17.94183152914047 1.50391510874033 0 0 1.847099721431732 0.4302257001399994 0.5486589521169662 217.6359149217606 172.1764302924275 1019.022779606283 0.6102742105722427 0 0 208.3953052908182 0 0 1.739784091711044 0.490350604057312 13.89649324864149 86.00042832642794 20.96551562100649 0.8153726309537888 0 0 131.1331816464663 0
35.00522134453058 359.3409280180931 5926.596482239664 1.947205133736134 0.1713566035032272 31.19045425951481 225.6566963791847 94.70223177969456 17.31333342939615 65.55972173064947 1606.431948274374 33.57916989549994 144.8847807198763 125.4332794696093 3.152717053890228 7.70742529630661 4006.633518286049 1855.264758758247 5554.13534989208 12.08674272149801 44.31268708407879 37.37198697030544 645.4801190905273 46.43573702871799 355.0091793239117 11129.7162502557 7422.384303599596 43.14629993587732 71.98610710352659 143.5228128433228 116.3352306187153 9.147642493247986 8.080759309232235 1622.821011051536 15.59671950340271 2339.220979295671 3828.655965708196 4927.153832867742 1279.336487397552 77.77706328034401 8.229111827909946 46.10640957206488 9.5915422514081 0 304.4968291595578 8.109752960503101 0 0 0.08357891440391541 1.754396624863148 0 1.381050497293472 0 56.52278878539801 0 415.4165251925588 0.3253980129957199 0 0.2974588349461555 4.153530016541481 137.782603956759 56.72184202075005 0 0.8008881881833076 4.470731928944588 1.691819436848164 4.274093888700008 321.9369286373258 1503.031006500125 3233.374100744724 1.991618283092976 0.08734604716300964 0.2412493973970413 514.0573823153973 0 0 6.447267539799213 5.777778148651123 11.55755593627691 165.4567522183061 18.98867579549551 5.570137657225132 0.754376009106636 0 3.34638399630785 0
33.46732921153307 10587.83549128473 4668.990432299674 3.064013414084911 0 18.94106078147888 351.2673489153385 67.85688146203756 671.3202499598265 35.40379151701927 1295.075021654367 23.69253282994032 4310.171429365873 107.2431164979935 5.90283340215683 3904.004109144211 6022.397034533322 236.1186687722802 1477.135267302394 4.159285120666027 363.4620131924748 3930.040875472128 7886.518323250115 2879.622181512415 3758.747523859143 7422.384303599596 30099.14802201092 517.4806955680251 80.53301588445902 181.3974703028798 1311.678527288139 2.180539131164551 8.695530794560909 2046.608401186764 83.79347313940525 5711.210621878505 4660.676015160978 5451.24625043571 1682.658575385809 251.9431969225407 9.841268062591553 37.72219907492399 36.49466729164124 0.2389655932784081 3529.971067257226 1600.507705524564 0.5831591859459877 0 1.162864245474339 23.97406675666571 1.230857394635677 9.986443549394608 2.302827045321465 50.58355031907558 0 322.5042402297258 4.587003543972969 0 284.2119282633066 197.9572889581323 185.643511287868 215.4142928123474 0.4591315537691116 11.77926862984896 1802.481185801327 621.9962990060449 46.75348329544067 559.3099369704723 3542.369493432343 15712.83776795119 26.84186308085918 1.449733830988407 4.574308536946774 564.9657110720873 0.1192286387085915 0.1762968450784683 75.10864792764187 49.68744787573814 169.8351504579186 241.6510351449251 191.6641107946634 55.17019228637218 1.651644065976143 0.1225565820932388 11.58038352429867 1.692810118198395
178.5905479565263 5.696070149540901 803.1647509336472 3917.003914818168 0.3863587155938148 519.6348646506667 16573.42508006096 498.0304166078568 1007.55848620832 4976.182577334344 16.26657665520906 670.4794223457575 11.85983126610518 463.4274743720889 8.046651840209961 1306.645022965968 99.49209068715572 5.663945041596889 11.6110202819109 4434.593484513462 2159.745020925999 207.6929495558143 2327.086563527584 8553.337317436934 0.9727155938744545 43.14629993587732 517.4806955680251 18076.3367035687 1413.442815221846 5551.593094728887 1.175682045519352 16.05921122059226 445.6979506462812 1732.679305896163 214.8170231133699 4037.092061787844 94.1050127223134 2526.687805466354 799.0492775067687 121.290802501142 61.2251904681325 3.802310906350613 36.56971155107021 15.18218542635441 5.215795323252678 35.83945205807686 259.1978709027171 0 49.3821344524622 1017.213084384799 33.67130867391825 552.976094737649 157.1871395558119 1.575459577143192 58.10780584812164 0.1340622752904892 37.7148484364152 1.744408637285233 215.7868987694383 3.630734071135521 0.5338723063468933 1.387129791080952 93.8244094401598 160.1563894450665 150.844908632338 49.46199081093073 1794.768301337957 0.1383952051401138 3.977285802364349 39.98306301981211 1849.322001434863 84.52761677652597 196.0387467443943 0 1.615801513195038 9.942933291196823 29.86282142996788 9.307461082935333 172.8240208923817 3.255095407366753 63.44731365889311 31.26915927231312 54.46799059957266 12.59197725355625 0.7368664741516113 1.829759687185287
3522.717637620866 0.290192537009716 66.96473759412766 55.7477710172534 123.0586288571358 683.1685061231256 1123.100360427052 1714.829978965223 65.90697801113129 1458.206810150295 199.1833221614361 527.299463160336 6.78355498611927 3900.128705054522 40.41614552587271 32.95408349484205 283.4824751242995 31.92755080014467 62.74508248269558 222.7604961358011 633.9256671592593 70.56185527145863 309.7760898470879 1194.288952603936 0.4546723514795303 71.98610710352659 80.53301588445902 1413.442815221846 13876.40903005749 6271.960056424141 2.771478220820427 731.5836246833205 1559.285972461104 2882.303980451077 9.618281818926334 487.4706865027547 45.91804884374142 1309.484243705869 442.8979090154171 358.9924493581057 19.67029048502445 0.739593505859375 2.735399022698402 1.192945323884487 1.412784822285175 12.48878668248653 4.716999307274818 0 0.5031802877783775 83.99363647401333 2.155125744640827 68.92320255935192 3.485653191804886 0.6261646002531052 0.3912469744682312 0.1009100526571274 4.468674167990685 0 42.43845780193806 0.6538665294647217 0.4132021963596344 0.1195499077439308 0.7420933246612549 20.68037650734186 31.61201257258654 4.739498682320118 217.5503070801497 0 1.769449606537819 6.333687461912632 206.8718103393912 10.20546937733889 21.25608777999878 0 0.08223355561494827 1.038506552577019 3.216997802257538 0.09860383719205856 29.51861303299665 0.3539989739656448 11.15727881342173 5.197092279791832 1.667587906122208 0.456343874335289 0 0.1217467188835144
3551.655973725021 1.281796477735043 377.716182090342 2.65257816016674 0.1500108987092972 10.70743294805288 7050.736154854298 676.7077454775572 20.79888976365328 49.53113627433777 24.57223372161388 2.058628126978874 1.405866496264935 3273.095863878727 2.187725514173508 120.8264224529266 1494.879033051431 14.89665376022458 145.8656875938177 2.560258999466896 9955.710862286389 185.6368137300014 4264.877200365067 357.7238450422883 0.2631573379039764 143.5228128433228 181.3974703028798 5551.593094728887 6271.960056424141 9141.121834106743 1.249079167842865 5.655354373157024 532.8403028920293 1952.147879727185 92.18930993229151 3038.380461409688 474.2832727953792 1293.285233125091 422.4236790835857 62.39295273274183 14.78265159577131 1.048924222588539 13.37928095459938 0.5521393194794655 3.527044788002968 11.22016792744398 0.16670922935009 0 0.2499543279409409 17.42213652282953 0.7905289307236671 35.03093542903662 0.75203637778759 0 0 0 0.9829233586788177 0 118.3515855371952 1.088701687753201 0 1.038222640752792 0.1465264707803726 94.94613480567932 105.6773136407137 21.72209409624338 126.1715904474258 0 5.067564353346825 13.95429039001465 133.9217071682215 3.564535543322563 30.93688681721687 0.3236470520496368 0.1150172352790833 0.7045061141252518 2.483097441494465 1.378255695104599 26.73014813661575 0.7397507131099701 2.799448691308498 1.731513239443302 4.114154934883118 0 0 0
