1045.513653114438 0 2.599427990615368 4.974972315132618 0 8.764217890799046 1928.130681805313 796.4534052163363 1.12705459445715 139.8745664134622 8.345762655138969 3.49726390838623 0.2266395315527916 6675.517344303429 0 0.1273220777511597 97.86433781683445 7.610609121620655 54.71577803045511 12.86734192818403 22.46222642809153 0 22.6711702644825 6.40015709400177 0 44.66321429610252 3.541314981877804 42.75378701835871 4485.496952883899 1399.2987960428 0.7592404931783676 1.351782575249672 46.43046323210001 91.04790420085192 0 6.217706613242626 2.392820313572884 29.21860758215189 3.834620051085949 1.760026782751083 0.1208134666085243 0 0.5035561174154282 0 0 0.1256187111139297 0 0 0 0.1373309344053268 0 0.1637092679738998 0 0 0 0 0 0 0.1286559551954269 0 0 0.2854048907756805 0 0 0 0.1586973369121552 0.6114082559943199 0 0 0.6879088282585144 1.265599511563778 0.1044830679893494 0 0 0 0.1599697172641754 0 0 0.3595561981201172 0.4815845191478729 0.09687111526727676 0.1306996047496796 0 0 0 0
0 58.82937751710415 12.96110436320305 0 1.266050904989243 0.2253866866230965 3.321797400712967 0.1035331338644028 562.6118205487728 0.288427397608757 127.9279269874096 0.7641693502664566 1075.77256719023 0.3066157698631287 11.26420220732689 162.673939242959 16.16668369621038 10.63855135440826 4.155563674867153 0 3.227400593459606 2915.702421680093 3.074907943606377 1285.066832609475 1907.879096351564 217.7701373845339 6652.142604582012 50.31730719655752 1.125663638114929 3.530250892043114 130.3084367513657 0 0.3086411505937576 108.6254511475563 0 39.76530793309212 113.6044404730201 126.011869430542 14.63292452692986 10.82574761658907 2.745683342218399 128.9166118204594 0.1474354267120361 0.2218827456235886 31.91347002983093 57.75418638437986 0.1654839813709259 0 0 1.475745975971222 0.2311024367809296 3.116565987467766 0 2.49993784725666 0 24.26241431385279 1.194027662277222 0 3.897972330451012 58.33877822756767 3.835485130548477 19.22233125567436 0.2452244460582733 0.5648659840226173 0.9423979669809341 14.10841602087021 11.85382185876369 29.08780182898045 259.1483416184783 1211.369392357767 3.062443323433399 1.845308884978294 3.284020192921162 6.220086969435215 0 0.4491779953241348 6.814572364091873 0.3150984048843384 36.67266610264778 20.39250373840332 46.12050388753414 14.64394943416119 0.6856754571199417 0 0.409913957118988 0
2.599427990615368 12.96110436320305 2049.87187834084 0 0.09465907514095306 7.280578836798668 757.8820735961199 111.9877920225263 1.822036519646645 13.99135192483664 9.416025996208191 0.09307602047920227 0.5304246842861176 86.03179220110178 0 11.56143063306808 4296.177700206637 10.07053715735674 105.6829896047711 0.09094882756471634 537.5307312682271 64.30764443427324 5099.917661696672 16.35278186947107 0.5276153758168221 9943.290085032582 7102.666272245347 443.5888955593109 21.04562232643366 412.1457921415567 7.337905064225197 0.198754645884037 2.095686420798302 316.6269744560122 15.73377914726734 1108.833691336215 3238.133197709918 1312.122426152229 284.9710675999522 24.7746357023716 0.4307525083422661 0.3107383847236633 10.07603086531162 0.2370151430368423 126.1878881379962 1717.169301904738 0 0 0.4202748388051987 15.79979164898396 3.0791916847229 0.3296833336353302 0.2766878306865692 0.8805953413248062 0 0.7879524677991867 3.262150891125202 0 179.0562233999372 246.1089254468679 1.680415168404579 13.52822761982679 0 11.60502211749554 69.7881209179759 851.3095964416862 21.69132472574711 1.086801037192345 127.4078027158976 4477.726954802871 21.06857167184353 1.477536469697952 4.419664859771729 0.3876227512955666 0 0 32.86039386689663 3.821073919534683 195.3945276960731 473.0312345549464 212.9870730787516 99.51078203320503 7.391117602586746 0.2508916258811951 0.2636802494525909 1.377416446805
4.974972315132618 0 0 1647.154990032315 6.970117829740047 71.17281719297171 80.44433546811342 33.21757256239653 1019.144452854991 2006.516721576452 0.8690374344587326 574.5610949248075 0.70916797965765 32.69499060511589 132.7955831512809 0 0.618976816534996 1.668043673038483 0.982915885746479 2059.106506377459 0.5014696717262268 0.1785295456647873 0.4073748737573624 1261.98443646729 0 2.505979381501675 0.439738392829895 3285.282524958253 109.6341875717044 1.193870961666107 1.411384381353855 2.653735309839249 4.668890833854675 54.17535837739706 16.30585367977619 262.1722270324826 16.00888458639383 136.4840559884906 64.73056896775961 246.7121144831181 11.07807216048241 2.975885152816772 8.630446076393127 0.3002057373523712 0 1.258868828415871 127.3316489458084 0 19.11491611599922 165.159386485815 3.233988910913467 165.1307172477245 39.27721773833036 0.9536769390106201 150.7988692596555 0.116893470287323 2.540883906185627 9.156803593039513 0 0 0 0 82.17739649862051 0 0 0.6008026003837585 827.2984533458948 0 0 0 495.9123716503382 8.250382147729397 6.47684633731842 0 0.2536431849002838 0.9496212005615234 4.501777209341526 1.0467389523983 22.63334672898054 0.1968156099319458 13.83476556837559 5.971440806984901 92.63974121212959 0 1.511787414550781 0
0 1.266050904989243 0.09465907514095306 6.970117829740047 100.5633831620216 814.854862511158 9.999635949730873 116.8410726636648 70.46050519496202 20.49121675640345 13.54777508229017 231.2675427347422 4.286545291543007 4.738068379461765 1611.647494994104 0 0.2796327769756317 1.664536088705063 0 10.81052406132221 0 2.243522688746452 0 57.27783439308405 0.6348873004317284 2.386791743338108 1.955234713852406 7.122846536338329 4.45790833979845 0.4231078028678894 2.230928786098957 191.8321876823902 0 198.474884070456 0 18.97075138986111 1.016304522752762 88.75739430636168 57.48361833393574 1869.571068130434 57.33774223923683 3.30448967218399 3.527229264378548 0.1267740428447723 0 0 0 0 0 0 0 0 0 0 0 0 0 0 0 0 0 0 0 0 0 0 1.112060464918613 0 0 0.2640116810798645 0 0 0 0 0 0 0 0 0 0.501309722661972 0.5334497690200806 0 0 0 0 0
8.764217890799046 0.2253866866230965 7.280578836798668 71.17281719297171 814.854862511158 9079.388109631836 3448.805449694395 6112.008971735835 59.5297667235136 8013.570935472846 97.94902431219816 2755.958792299032 23.54855116456747 561.4654217213392 1003.196947708726 0.9480014741420746 23.12678602337837 71.39893314987421 37.21543779969215 247.5387803763151 5.434910021722317 1.006293013691902 19.64107148349285 74.91569849103689 1.237151473760605 83.49273773282766 15.62951911240816 796.6470607444644 559.3983382955194 26.8378289192915 33.94835516810417 788.1194308325648 12.05734289437532 363.6422197520733 8.710323691368103 288.7647945433855 18.24953400343657 467.260068424046 107.5395798906684 2128.295954920352 85.91167525202036 14.05877707898617 3.475258275866508 0.6925101280212402 0 0.1200249940156937 4.669356100261211 0 0 14.97281937301159 0 6.897413939237595 0 0.134645015001297 6.880616903305054 1.570722706615925 0.2311662882566452 2.259156942367554 0.6661586165428162 0 0.5846254676580429 0 4.454770609736443 0.1002559140324593 0 0.3319868743419647 46.59554155915976 0.4455582052469254 1.789771765470505 2.088292576372623 18.09641260653734 0.6406446173787117 1.170621037483215 0.8502558842301369 0 0.3641416877508163 2.607372760772705 0 2.090789057314396 0.7079860866069794 1.799076855182648 1.551701001822948 6.541889697313309 0 0 0
1928.130681805313 3.321797400712967 757.8820735961199 80.44433546811342 9.999635949730873 3448.805449694395 17803.40313676745 5158.423567116261 73.71988718956709 6817.851418852806 47.808853328228 23.22982876747847 12.59274003654718 6757.508765876293 7.819383814930916 8.31684210896492 959.0919111818075 58.54679237306118 253.0136969089508 28.22163596749306 942.6500386297703 35.0878576785326 1620.600123025477 1709.593384385109 1.075810976326466 1997.974907845259 425.8276261165738 16264.59576363862 3553.814650565386 7379.301056317985 29.10451856255531 23.89380702376366 611.900862544775 931.6267334148288 226.1096382290125 3093.27800539881 181.4335888922215 2146.44215016067 1068.253432460129 473.9066130667925 46.37505929172039 5.033339485526085 75.23196486383677 1.204490415751934 1.598640739917755 10.4572871774435 14.12506130337715 0 0 160.7574119791389 5.547525137662888 81.17529232800007 3.697482064366341 1.889000281691551 1.885772675275803 1.910294100642204 6.715865701436996 1.458986073732376 27.13216717541218 3.547647804021835 0.1348282843828201 1.968728922307491 6.054410994052887 7.4617949873209 2.264790281653404 24.16462321579456 958.5276792421937 0.8446193635463715 5.684947036206722 36.80421280115843 599.045279212296 18.08346123248339 66.17474496364594 0.8909872993826866 0 4.017239391803741 15.62614405155182 5.564770013093948 132.4901750460267 5.420303396880627 56.23613707721233 30.97954250872135 18.4834975078702 2.656025171279907 5.035382211208344 1.054722994565964
796.4534052163363 0.1035331338644028 111.9877920225263 33.21757256239653 116.8410726636648 6112.008971735835 5158.423567116261 13913.44012572616 4.362229436635971 1940.343408450484 259.3661173805594 335.1835164651275 30.34724986553192 5330.892558217049 279.1930026561022 0.4202888309955597 650.6316923871636 148.5855598151684 453.5219160541892 138.0886436477304 133.2077220082283 0.4701136872172356 396.6715836301446 53.38997255265713 3.048373237252235 796.5219190195203 67.64103554189205 412.3104228153825 1792.321426481009 1662.145137786865 66.29238323122263 382.0944996699691 44.53111438453197 925.8353779241443 17.29677902162075 310.9284383654594 40.42736052721739 640.7744465768337 158.4748774170876 477.8401722460985 69.58513357490301 15.19869235903025 11.69178137183189 0 0.1308805346488953 1.116848558187485 0.5898410975933075 0 0 2.403002634644508 0.4367849379777908 2.09242744743824 0.2523903250694275 0.9019240215420723 0 4.504107385873795 0.1325584799051285 0 1.533770486712456 0.7509447336196899 0.3085458278656006 0.1606611758470535 1.046258211135864 0.123824454843998 0.7659692913293839 1.591840274631977 28.03885719180107 0.2580071613192558 4.499854564666748 8.726250745356083 18.82492158561945 0.3189909905195236 1.452288076281548 2.378662332892418 0.2948378026485443 0 2.193746536970139 2.461269676685333 2.858668744564056 1.947832994163036 3.802009031176567 1.732856273651123 1.854600787162781 0 0 0
1.12705459445715 562.6118205487728 1.822036519646645 1019.144452854991 70.46050519496202 59.5297667235136 73.71988718956709 4.362229436635971 985.2959402427077 140.9820627048612 2.759080946445465 566.5878565460443 24.89211448282003 1.5167056620121 830.2978307232261 19.95868965983391 4.99812401086092 2.375804841518402 1.035336002707481 781.7515537440777 31.53307206183672 2992.861785635352 3.824191942811012 7229.20258937031 192.3120846375823 8.380763441324234 581.9202972352505 1464.72832198441 32.86907386034727 49.03461128473282 7.893093526363373 0.3934694081544876 45.57201217859983 71.42611561715603 23.13382814824581 530.7409192621708 37.58032038062811 194.6914545744658 108.2246318086982 485.1950375586748 4.228943109512329 0.2569310367107391 9.691336989402771 4.428913772106171 2.455826342105865 1.718917146325111 272.8670927286148 2.218622535467148 9.18382328748703 98.56315719336271 6.545832678675652 169.4044883698225 72.4677235558629 1.015781953930855 214.5687189549208 0 6.149496801197529 52.99340504407883 97.71150673180819 0.5701894313097 0.4588253200054169 1.291881807148457 171.8299816697836 74.99413156509399 6.510164245963097 6.98951730877161 3271.077312149107 1.147976815700531 3.821715168654919 9.454593636095524 838.5518025010824 28.34961470216513 42.72124715149403 0.6561202555894852 0 9.815689511597157 12.5415113568306 6.856403946876526 85.72408620268106 2.48213703930378 42.02809450775385 22.19861058145761 196.2825619578362 0 0.3431547880172729 2.705052971839905
139.8745664134622 0.288427397608757 13.99135192483664 2006.516721576452 20.49121675640345 8013.570935472846 6817.851418852806 1940.343408450484 140.9820627048612 19619.24079094827 105.5767390355468 4774.381051108241 19.71662420779467 1080.350748792291 24.48945920914412 0.9482602253556252 27.53596679121256 103.6664084121585 57.02059164643288 2680.090566009283 12.30352574586868 3.235779374837875 36.18983376771212 502.5511394664645 2.940910145640373 116.397573273629 25.75504223257303 7364.697001457214 1768.866604521871 45.37826975435019 45.96254643052816 68.1929397881031 23.08573904633522 693.3401438444853 72.88036129623652 1141.079685345292 67.11525218933821 1729.334413468838 338.5087654069066 377.2345523908734 55.86560371518135 4.638397581875324 25.72177301347256 0.2033810466527939 0.08225709199905396 0.3405995145440102 41.72092191129923 0 1.080172806978226 73.71500504016876 2.708229586482048 30.06189899146557 15.83083213865757 0.4140364602208138 23.01661652326584 2.067714132368565 1.016577616333961 5.685578107833862 0.4723029807209969 0.21798937022686 0.2341283559799194 0.1893936917185783 24.04728561639786 0.4824512302875519 0.519344687461853 0.2930006384849548 320.0252106711268 0.5284084379673004 3.541699282824993 2.436335399746895 193.9918723255396 2.048333458602428 3.01299712061882 1.914089068770409 0 0.2540184259414673 2.726644031703472 0 18.67515831440687 0.6653159633278847 7.247704327106476 3.796255111694336 25.26944646239281 0.1339871287345886 0 0
8.345762655138969 127.9279269874096 9.416025996208191 0.8690374344587326 13.54777508229017 97.94902431219816 47.808853328228 259.3661173805594 2.759080946445465 105.5767390355468 6983.354023762047 81.38734240829945 833.6935236752033 146.3395010456443 12.01107997447252 2.733699694275856 522.8684309646487 1735.565447196364 727.0204196423292 29.5475143417716 24.86899660527706 6.791012853384018 50.94719168543816 10.68184503167868 363.8524409979582 842.8467033207417 117.6881464272738 22.06865893304348 329.6325107142329 32.29667764902115 754.0326737686992 194.9693301990628 13.62780696898699 7522.825115785003 38.99283888936043 349.9451762735844 2117.866499811411 4366.570121981204 959.1127235367894 114.9697316065431 89.98740988224745 396.0159107744694 10.01353785395622 0 8.366978824138641 1.845560029149055 0 0 0 1.39798828959465 0.1492306739091873 0.3622195646166801 0 136.107658945024 0 1122.418355956674 0 0 0.9566136747598648 0 24.7264741435647 0.2824292182922363 0 0.1890919059514999 2.115688517689705 0.4526880085468292 6.350306831300259 82.26403571665287 171.6237348467112 168.6255656704307 2.774027310311794 0 0.5613444447517395 256.0638475865126 0 0 3.230404756963253 0.818860650062561 11.33464028686285 380.0052718445659 25.17254063487053 2.064677938818932 0.1856282204389572 0 149.691667124629 0
3.49726390838623 0.7641693502664566 0.09307602047920227 574.5610949248075 231.2675427347422 2755.958792299032 23.22982876747847 335.1835164651275 566.5878565460443 4774.381051108241 81.38734240829945 7131.39810616523 20.00405678153038 240.5862994194031 1353.818870566785 0 1.40902554243803 78.76770377159119 33.47483494132757 2385.046740345657 0.1149750351905823 2.855632171034813 0.5090135633945465 123.9998470246792 3.129471026360989 43.50154434144497 13.41266518086195 150.12008677423 524.2347669638693 1.567984543740749 42.28264878690243 65.40657306462526 0.3835628926753998 329.3224291428924 8.200210571289062 383.0376811400056 11.96076992154121 787.7966343387961 75.09377596527338 2233.636053353548 27.25952205061913 6.420978061854839 5.586659103631973 0 0 0 63.96830683946609 0 4.952127605676651 55.51572970300913 1.854595825076103 45.60242429375648 17.01457630097866 0 98.47253712266684 1.519781485199928 1.201814837753773 15.08030128479004 0 1.455535173416138 0.2430795505642891 0 36.60070706903934 0 0 0 295.8863408714533 0.102485366165638 4.754814341664314 2.192449487745762 169.8872197195888 4.331517674028873 0.3070305585861206 0.9600050523877144 0 0 0.6357636526226997 0.5951448529958725 8.439678527414799 0 3.8885882422328 0.9718516543507576 108.7706072553992 0 0 0
0.2266395315527916 1075.77256719023 0.5304246842861176 0.70916797965765 4.286545291543007 23.54855116456747 12.59274003654718 30.34724986553192 24.89211448282003 19.71662420779467 833.6935236752033 20.00405678153038 1028.454677596688 15.64680534601212 3.685255095362663 0.7703081369400024 1.257537476718426 17.17995052784681 4.282826043665409 5.30061162263155 1.099751576781273 140.3333853036165 0.9238437414169312 43.27360841631889 2703.725988596678 48.20837488770485 2056.856171280146 7.43492403626442 32.50985328108072 1.106825701892376 198.3200146183372 43.04887616634369 0.150982104241848 2108.663671351969 23.17864482104778 442.6999327540398 3034.469814829528 2453.090167604387 496.6029431447387 47.71034299582243 95.5090130418539 989.6280795782804 3.039548352360725 0.2944158613681793 64.61394695937634 0.8164596259593964 0 0 0.2134111896157265 2.721540123224258 0 2.027972191572189 0 455.2146872803569 0 3677.976387649775 0.1597112715244293 0 0.1808509826660156 1.238863900303841 101.8826700001955 11.15223421156406 0.1437033116817474 0.1421662271022797 3.977478250861168 0 3.503812953829765 650.1144332885742 841.7630572989583 1044.328372910619 1.010367348790169 0.1922183781862259 0.4828823953866959 877.8394843935966 0 0 4.74514652043581 12.07413063943386 45.39172887057066 1040.259384073317 30.3757071942091 2.009488016366959 0 0 333.7975219339132 0
6675.517344303429 0.3066157698631287 86.03179220110178 32.69499060511589 4.738068379461765 561.4654217213392 6757.508765876293 5330.892558217049 1.5167056620121 1080.350748792291 146.3395010456443 240.5862994194031 15.64680534601212 9129.88563259691 48.58850774168968 0 637.2032410129905 90.04361782222986 368.6444695591927 136.2470452859998 115.0114195644855 0 284.9669173285365 50.18261004984379 2.614607691764832 527.2690942883492 49.1798382550478 309.6833871528506 5033.011874742806 2845.6581800282 29.88902650028467 38.63291113823652 34.46797174960375 943.2662297561765 6.610673993825912 183.2028339281678 34.49355249106884 374.5900308713317 85.49204571545124 163.672122836113 37.16788979619741 6.345428079366684 6.212704285979271 0 0.2952344119548798 0.7420172840356827 1.706164583563805 0 0 2.616537272930145 0 2.984796315431595 0.2500039115548134 0.6203138530254364 0 3.158312126994133 0 0 0.6932763308286667 0.2813258171081543 0 0.2469878792762756 0 0 0.2575574517250061 1.232609614729881 19.72005619853735 0 2.277237512171268 6.676664777100086 13.9200732037425 0.3022250235080719 1.17016875743866 0.7368736118078232 0 0.6067972779273987 1.697521641850471 0 5.259441830217838 0.9180842190980911 1.027552127838135 2.019465237855911 0.5981793403625488 0.8424867391586304 0.1924038231372833 0
0 11.26420220732689 0 132.7955831512809 1611.647494994104 1003.196947708726 7.819383814930916 279.1930026561022 830.2978307232261 24.48945920914412 12.01107997447252 1353.818870566785 3.685255095362663 48.58850774168968 883.0236432552338 0.5279128551483154 0.3708623275160789 7.368736751377583 3.198009386658669 132.6685189306736 0 51.63891392201185 0 1055.455034352839 4.1434685587883 4.433582857251167 16.38922467827797 98.07242397218943 62.64978501945734 0.6062607169151306 3.939279563724995 351.5023285970092 1.335301131010056 49.90195255726576 0.2136031687259674 183.5566695928574 1.609788373112679 45.85926026850939 6.702133134007454 1371.145827233791 64.04974496364594 7.384562343358994 0.249240979552269 0.2382246255874634 0 0 3.498176336288452 0 0 12.74372696876526 0 0.178404837846756 0 0 0 0.5058649778366089 0.8892610669136047 0 0 0 0.1372022926807404 0 2.255588114261627 0.5539079755544662 0 0 23.37731331586838 0.3107592612504959 0.4854708462953568 0.3979443311691284 15.56413289904594 0.5681394934654236 0.399336189031601 0.153682678937912 0 0 0 0 10.93557155132294 0 0 0.1653320342302322 0 0 0 0
0.1273220777511597 162.673939242959 11.56143063306808 0 0 0.9480014741420746 8.31684210896492 0.4202888309955597 19.95868965983391 0.9482602253556252 2.733699694275856 0 0.7703081369400024 0 0.5279128551483154 3929.291570425034 16.45930469036102 2.813580989837646 3.734777808189392 0.1686097532510757 989.4677123501897 2360.899888977408 3483.374482169747 1346.113152816892 5.926030158996582 13.4135227650404 3513.710435390472 2375.940972439945 1.322168074548244 32.16534742712975 0.7458558678627014 0 2.246831446886063 115.2710508778691 84.45156867802143 2851.162275537848 308.9196281433105 835.9113833010197 1028.301382042468 82.90961784124374 0.5687764286994934 1.494052186608315 32.64772501587868 2.020777240395546 0.6622500419616699 70.8245166093111 0.1506969034671783 0 0 9.945331037044525 0.5769771784543991 13.88643085956573 0.2352621704339981 0 0 0 0 0 4333.219233252108 12.18917093425989 0.2607230246067047 2.759003289043903 0 1726.188471801579 1443.964891850948 2608.231527656317 212.8619508892298 0 6.558716408908367 138.5344986841083 180.8153658658266 3.423803180456161 69.60847348719835 0.2825272530317307 0 1.365176536142826 3.559132859110832 4.690359383821487 60.48014486581087 4.672446131706238 28.61623080819845 27.86984125524759 0.1656092405319214 0.5983835607767105 0.5695275366306305 0.3086408376693726
97.86433781683445 16.16668369621038 4296.177700206637 0.618976816534996 0.2796327769756317 23.12678602337837 959.0919111818075 650.6316923871636 4.99812401086092 27.53596679121256 522.8684309646487 1.40902554243803 1.257537476718426 637.2032410129905 0.3708623275160789 16.45930469036102 1408.228999942541 611.4478255584836 2579.120975151658 1.839509680867195 441.7328010573983 31.41519369184971 5579.648658432066 11.84207738190889 0.4945961833000183 3851.86310467124 5613.577814765275 241.9531556889415 600.1289899498224 2246.071706496179 3.726378619670868 1.373797655105591 68.82011279463768 3888.868999272585 12.10297824442387 1015.511175401509 3971.839505203068 1979.989584237337 236.9651473239064 31.08166655898094 0.617691844701767 4.692084401845932 5.944542676210403 0.3840712755918503 34.27695976942778 260.8742052614689 0 0 0 3.228849582374096 0.9984468296170235 1.155273601412773 0 0 0 1.183115154504776 1.031231299042702 0 22.53226009011269 93.93771477043629 1.54607917368412 13.67186344414949 0 24.9223613217473 8.600079603493214 58.26915941387415 13.56159217655659 1.105738885700703 123.0157204121351 741.0028560161591 12.69554474949837 0.2536507248878479 8.858360975980759 1.213602602481842 0 0.7244724929332733 9.423677980899811 0.2234832048416138 49.01840615272522 108.1561654508114 46.92675226181746 16.84303872287273 1.233783081173897 0 0.1852741092443466 0.7080336809158325
7.610609121620655 10.63855135440826 10.07053715735674 1.668043673038483 1.664536088705063 71.39893314987421 58.54679237306118 148.5855598151684 2.375804841518402 103.6664084121585 1735.565447196364 78.76770377159119 17.17995052784681 90.04361782222986 7.368736751377583 2.813580989837646 611.4478255584836 149.0804476290941 1390.07727637887 28.0694797039032 12.2723647877574 4.49128332734108 34.19054655730724 11.52862657606602 72.4434999525547 626.2089002206922 462.6071668416262 24.08980310708284 196.5482802540064 35.95649578422308 323.1146713718772 53.73787167668343 5.505529895424843 2136.143931791186 15.15381215512753 938.6321377381682 1599.514785915613 2735.47456882894 835.4323537796736 53.52412816137075 1.638151273131371 6.507613852620125 6.726947270333767 0 3.52886775135994 2.230275116860867 0 0 0 0.2442310154438019 0 0.9574103951454163 0 12.40592385828495 0.08931118249893188 85.1682181879878 0.1236581951379776 0 0.3916592597961426 3.305806323885918 43.40536904335022 14.40434569120407 0 0.09946014732122421 1.373361773788929 0.9281172305345535 6.904413230717182 35.91036547720432 337.5881401523948 296.5590051412582 3.19623526185751 0.264623299241066 0.5605048015713692 104.1321008726954 0 0 0.653544694185257 0.2563919126987457 10.19838429987431 40.35244680941105 2.725793704390526 0.5712773948907852 0 0 0 0
54.71577803045511 4.155563674867153 105.6829896047711 0.982915885746479 0 37.21543779969215 253.0136969089508 453.5219160541892 1.035336002707481 57.02059164643288 727.0204196423292 33.47483494132757 4.282826043665409 368.6444695591927 3.198009386658669 3.734777808189392 2579.120975151658 1390.07727637887 1361.600492842495 14.53058615326881 64.12888553738594 4.115521222352982 303.8554838523269 7.025769233703613 9.887836515903473 1403.989295862615 717.9581719487906 48.17939426749945 440.3580499887466 356.1753093972802 27.1541056111455 10.47880534827709 47.81873508542776 4311.735216245055 13.11129560321569 2121.352032348514 2163.779547870159 5020.714016914368 499.8959958404303 47.23591507971287 0.7619149163365364 3.637545615434647 6.105403818190098 0 11.91345632076263 24.11494113504887 0.1469091027975082 0 0.09322336316108704 1.891356311738491 0.2072653099894524 1.281137600541115 0 6.222921282052994 0 26.27026285976171 0.9106435924768448 0 1.956526964902878 32.81766970455647 29.46391531825066 58.5269144102931 0 2.051562994718552 0.9360858723521233 5.418588325381279 4.448187693953514 6.836608700454235 572.8311287388206 491.3210706934333 5.647645704448223 0.9668917059898376 2.956367209553719 37.24668297171593 0 0.3696658462285995 3.216709792613983 0.9143803715705872 23.73276174813509 52.49946693331003 25.94492629170418 5.266294203698635 0 0 0 0
12.86734192818403 0 0.09094882756471634 2059.106506377459 10.81052406132221 247.5387803763151 28.22163596749306 138.0886436477304 781.7515537440777 2680.090566009283 29.5475143417716 2385.046740345657 5.30061162263155 136.2470452859998 132.6685189306736 0.1686097532510757 1.839509680867195 28.0694797039032 14.53058615326881 1057.493063122034 0.1603997051715851 0.2886306643486023 1.531342379748821 467.6705460846424 1.634776338934898 15.94773824512959 5.696049317717552 2089.718381300569 420.9611171483994 3.602261379361153 12.80820502340794 13.2523245215416 2.560368239879608 203.1691473051906 18.3486637249589 498.4017589092255 29.86492778360844 631.9886309877038 124.4820410683751 581.7054984122515 19.8900068551302 0.8803870156407356 12.14561727643013 0.6035868376493454 0 0 75.07169138640165 0.9552809596061707 6.06273041665554 101.0695562213659 2.882453642785549 71.4773842394352 29.57859839498997 0 79.7715217769146 0.6846431270241737 0.4585861563682556 9.654645621776581 0 0 0 0 42.96910214424133 0 0 0.7383615747094154 503.8275050520897 0 0.7870912328362465 1.575465925037861 300.1928464919329 5.581963934004307 5.13995061814785 0.43132084608078 0 0.4986917227506638 2.189728170633316 0.8160000145435333 11.58650916069746 0.2355296015739441 9.951513193547726 3.022810563445091 83.72059234976768 0 0 0
22.46222642809153 3.227400593459606 537.5307312682271 0.5014696717262268 0 5.434910021722317 942.6500386297703 133.2077220082283 31.53307206183672 12.30352574586868 24.86899660527706 0.1149750351905823 1.099751576781273 115.0114195644855 0 989.4677123501897 441.7328010573983 12.2723647877574 64.12888553738594 0.1603997051715851 8848.044427320361 268.3744337558746 12781.04381923378 167.9843844696879 0.6042663082480431 443.8709802255034 1484.128426291049 1958.776780217886 306.4441532716155 8101.955984219909 3.159145623445511 0.2751994132995605 63.50814922899008 3077.803428992629 185.5201354399323 6605.415761448443 605.6924899369478 5998.440471924841 3324.329344123602 278.2287951856852 2.748293347656727 3.382016941905022 70.68843437731266 1.116735935211182 1.003434978425503 27.84033984690905 0.1651940047740936 0 0 3.920018419623375 0.8451569601893425 23.59291142970324 0 0.1895061135292053 0 0 1.536429315805435 0 616.9398720264435 15.51233268529177 0.1311010122299194 2.706244505941868 0 834.6440092548728 115.2739736512303 218.9319085925817 278.5913204699755 0.1347524672746658 6.167011201381683 38.26654308289289 257.8959373310208 7.70936207473278 107.4578507989645 0 0 2.77084244787693 4.937821350991726 2.440122306346893 46.056486338377 4.572775468230247 9.097728043794632 6.057453870773315 1.387970328330994 0 0 0.1023977026343346
0 2915.702421680093 64.30764443427324 0.1785295456647873 2.243522688746452 1.006293013691902 35.0878576785326 0.4701136872172356 2992.861785635352 3.235779374837875 6.791012853384018 2.855632171034813 140.3333853036165 0 51.63891392201185 2360.899888977408 31.41519369184971 4.49128332734108 4.115521222352982 0.2886306643486023 268.3744337558746 923.001514390111 192.1097329109907 8617.153716236353 769.7512257546186 37.73253373801708 4164.61356010288 778.9065998867154 1.382435664534569 148.1188322901726 35.43876080214977 0 1.235333912074566 12.04978404939175 0.8467818647623062 118.8089060261846 20.30601331591606 52.71238312125206 17.294264562428 71.8969964236021 0.4151738286018372 1.935845613479614 0.257577657699585 0.1613142639398575 41.22604466974735 115.1480463966727 0.2010851800441742 0 0.2722700610756874 8.943881407380104 0.9741240665316582 56.93775330483913 0 0.1527413129806519 0 2.960840240120888 1.479670949280262 0 1619.568070165813 14.00775485485792 1.285592198371887 1.400161743164062 0 258.400381013751 286.021378159523 636.8873647376895 213.9112928137183 0.1829491704702377 21.91731867939234 1804.662179112434 125.4221342355013 1.7398701608181 26.15588580071926 0.5059164762496948 0 1.316826075315475 3.137806758284569 0.4889723658561707 68.12968710809946 7.457472592592239 33.63939195871353 23.50014120340347 2.046290814876556 0 0 0
22.6711702644825 3.074907943606377 5099.917661696672 0.4073748737573624 0 19.64107148349285 1620.600123025477 396.6715836301446 3.824191942811012 36.18983376771212 50.94719168543816 0.5090135633945465 0.9238437414169312 284.9669173285365 0 3483.374482169747 5579.648658432066 34.19054655730724 303.8554838523269 1.531342379748821 12781.04381923378 192.1097329109907 11507.06749709696 154.0647523924708 1.419459946453571 2529.840267442167 12726.05667442828 2771.066603861749 151.5213807150722 6756.069373093545 10.80808422714472 0.5600211322307587 37.97348863631487 4321.370061412454 335.2307600751519 8535.187680520117 5283.191680260003 9083.93033156544 5832.850052304566 461.6708953082561 8.746393099427223 13.2006748020649 76.52322770655155 0 4.139621585607529 289.991693213582 0.1216391697525978 0 0.5801896005868912 17.50292075425386 0.8862200975418091 2.82395064085722 0.3254761248826981 0.4157611727714539 0 0 0.4741815403103828 0 2355.512917861342 16.04616457223892 0.1060706675052643 1.236656524240971 0.320637434720993 488.4890205487609 334.2589054778218 2457.915589541197 83.61230777949095 0 14.21898648887873 836.2871563211083 71.83928588032722 0.8091950640082359 23.76526489853859 0 0 0.2876812368631363 5.899551995098591 14.21077439188957 66.70040433853865 18.3017308562994 47.9361808821559 41.12436817586422 6.263220548629761 0 0 0.740774929523468
6.40015709400177 1285.066832609475 16.35278186947107 1261.98443646729 57.27783439308405 74.91569849103689 1709.593384385109 53.38997255265713 7229.20258937031 502.5511394664645 10.68184503167868 123.9998470246792 43.27360841631889 50.18261004984379 1055.455034352839 1346.113152816892 11.84207738190889 11.52862657606602 7.025769233703613 467.6705460846424 167.9843844696879 8617.153716236353 154.0647523924708 8773.805501289666 318.6847193688154 73.56900750845671 3425.25359749794 8082.734740532935 330.3688475266099 90.22163229435682 18.14296309649944 4.817627340555191 139.8653802424669 308.5579658299685 99.96639235317707 1850.539827734232 133.4809098541737 1030.905548356473 459.2197881862521 1327.442510813475 44.84325270354748 23.10224223136902 53.01865015178919 16.23434479534626 3.439620099961758 24.30287124216557 248.5143901482224 0 18.49609380960464 781.3122781962156 32.56820546090603 2087.675552859902 93.28828168660402 5.335533484816551 116.1849560514092 1.11957273632288 34.19109969586134 29.89573165774345 393.8866012692451 13.43725955486298 4.369434580206871 6.110300078988075 153.7119390293956 438.1984455659986 142.2269063740969 134.8862158879638 8112.987436681986 2.161409199237823 13.70591690391302 98.28048598021269 4285.109561607242 171.8361689373851 548.4270022809505 1.968624725937843 2.287535212934017 45.26642718166113 77.39195086061954 29.09018561244011 635.4244199469686 7.752699099481106 254.6350538060069 137.5600730478764 180.0781512856483 3.765292644500732 0.2340365052223206 7.265782207250595
0 1907.879096351564 0.5276153758168221 0 0.6348873004317284 1.237151473760605 1.075810976326466 3.048373237252235 192.3120846375823 2.940910145640373 363.8524409979582 3.129471026360989 2703.725988596678 2.614607691764832 4.1434685587883 5.926030158996582 0.4945961833000183 72.4434999525547 9.887836515903473 1.634776338934898 0.6042663082480431 769.7512257546186 1.419459946453571 318.6847193688154 51.01874988526106 122.8208527192473 2055.63203830272 11.61185903847218 3.917570047080517 0.726710632443428 656.4879201501608 12.23244020342827 0.9006618857383728 320.3905594423413 8.439456731081009 198.6523526981473 320.5008900314569 764.2767224386334 155.3300189524889 35.51996482908726 76.04900586605072 132.6773753166199 1.354490667581558 0 96.48734869062901 1.505815863609314 0 0 0.1114934086799622 0 0 1.466266736388206 1.827979132533073 88.78327939659357 0 1891.506057865918 0 0.4139789640903473 0 2.153832092881203 63.95932864397764 15.6401581466198 0 0.09665028750896454 3.735753253102303 0 3.542494021356106 260.0004585534334 728.9746999964118 1044.899725012481 0.4199082776904106 0.1190268248319626 0.2001711875200272 321.866942204535 0 0 4.033366680145264 1.948969960212708 33.21158123016357 102.4603661224246 28.30993735790253 5.390293374657631 4.725731492042542 0 18.92909902334213 0
44.66321429610252 217.7701373845339 9943.290085032582 2.505979381501675 2.386791743338108 83.49273773282766 1997.974907845259 796.5219190195203 8.380763441324234 116.397573273629 842.8467033207417 43.50154434144497 48.20837488770485 527.2690942883492 4.433582857251167 13.4135227650404 3851.86310467124 626.2089002206922 1403.989295862615 15.94773824512959 443.8709802255034 37.73253373801708 2529.840267442167 73.56900750845671 122.8208527192473 21529.87824913114 13118.20978961885 849.9556766152382 261.9061936810613 885.8833319321275 714.9348009750247 35.60886385291815 16.12770860642195 874.7989988848567 26.04868718236685 2657.078078553081 6842.574827991426 3134.34001327306 788.4412110820413 67.84843520820141 0.9102236703038216 12.78251487761736 8.929031953215599 2.487518884241581 266.3222261294723 283.4986791163683 0 0 0 16.0446383357048 3.084392666816711 5.867306634783745 0.3386047706007957 35.87439123541117 0.4220492765307426 326.7421037331223 6.534723848104477 0 11.51425325125456 471.2005140557885 187.0046156048775 412.0761018693447 0 8.806884057819843 12.50137250870466 55.17071847617626 32.72325658798218 134.2939569726586 4199.50669836998 4779.172375947237 12.1009388640523 8.566190809011459 30.22415789961815 371.726419262588 0 0.661740779876709 52.02426648139954 4.175827756524086 252.7488467991352 510.7120105624199 290.7718814387918 62.30559597909451 3.08386118710041 0 4.094154447317123 0.794371023774147
3.541314981877804 6652.142604582012 7102.666272245347 0.439738392829895 1.955234713852406 15.62951911240816 425.8276261165738 67.64103554189205 581.9202972352505 25.75504223257303 117.6881464272738 13.41266518086195 2056.856171280146 49.1798382550478 16.38922467827797 3513.710435390472 5613.577814765275 462.6071668416262 717.9581719487906 5.696049317717552 1484.128426291049 4164.61356010288 12726.05667442828 3425.25359749794 2055.63203830272 13118.20978961885 23356.23425748199 3264.808726079762 59.50759988278151 153.1090171635151 2219.311664804816 6.887558899819851 11.75794306397438 2135.482216380537 169.7412749677896 8787.277191534638 4762.356436423957 9220.333310492337 2539.809921331704 345.3562179207802 4.301142923533916 14.96152845025063 35.70044491440058 3.398226752877235 1774.023443169892 2363.41419826448 0.3201960772275925 0 0.3237162381410599 64.59051071852446 10.48150034993887 15.32069565355778 1.076795190572739 67.72709541022778 0.5416391417384148 551.600002348423 12.06324002146721 0.2681283950805664 2447.240445971489 1024.851922146976 334.7661609575152 677.5705917030573 0.2402488440275192 47.66671937704086 854.4722950607538 2944.888960450888 183.5855220928788 619.8867551162839 7677.920354165137 18769.38272652775 96.92949336767197 14.24013490229845 38.04237695783377 582.77013194561 0 0.693703904747963 124.6199817806482 12.99547058343887 695.7036481723189 866.9307303577662 759.6868889406323 243.1727745383978 21.48585233092308 1.354152470827103 10.03322037309408 3.222977727651596
42.75378701835871 50.31730719655752 443.5888955593109 3285.282524958253 7.122846536338329 796.6470607444644 16264.59576363862 412.3104228153825 1464.72832198441 7364.697001457214 22.06865893304348 150.12008677423 7.43492403626442 309.6833871528506 98.07242397218943 2375.940972439945 241.9531556889415 24.08980310708284 48.17939426749945 2089.718381300569 1958.776780217886 778.9065998867154 2771.066603861749 8082.734740532935 11.61185903847218 849.9556766152382 3264.808726079762 14967.35561232269 1372.85784766078 7124.715707823634 13.73088319599628 10.13072053343058 692.19557415694 2089.131526380777 334.1266520395875 6151.466031558812 396.9105990156531 4273.842895440757 2075.665175624192 896.3360894918442 69.26382484287024 15.40103179216385 116.1476116403937 9.413555756211281 2.051413230597973 37.84471244364977 187.5250171646476 1.077379733324051 14.28484919667244 750.6570653766394 25.20889034122229 751.7508636415005 60.41510035097599 4.647637739777565 90.40690840035677 0.1228434816002846 25.34663830697536 22.362926825881 529.5632468760014 15.49642264097929 5.839740991592407 6.415125943720341 98.9459941983223 677.1856352612376 103.2220063135028 187.9976353570819 5744.850207991898 0.4309575110673904 12.68843060731888 92.20905754715204 3701.928805038333 121.7305442690849 806.3669759109616 0.2923357859253883 1.343174114823341 29.42335741221905 55.40830960869789 26.6011188775301 523.2682583257556 9.298019550740719 222.8121931478381 123.9485338032246 144.0593494847417 5.791016489267349 3.901419103145599 11.79072666913271
4485.496952883899 1.125663638114929 21.04562232643366 109.6341875717044 4.45790833979845 559.3983382955194 3553.814650565386 1792.321426481009 32.86907386034727 1768.866604521871 329.6325107142329 524.2347669638693 32.50985328108072 5033.011874742806 62.64978501945734 1.322168074548244 600.1289899498224 196.5482802540064 440.3580499887466 420.9611171483994 306.4441532716155 1.382435664534569 151.5213807150722 330.3688475266099 3.917570047080517 261.9061936810613 59.50759988278151 1372.85784766078 16055.65787561983 8436.951314382255 65.85122648626566 144.1098903417587 2445.57203771919 3727.372797399759 30.17986688017845 406.1684497743845 39.11673227697611 1264.652824670076 203.7782211005688 301.3276516497135 99.47501168400049 11.50474925339222 18.00992610305548 0.2415193021297455 0 0.3804615214467049 2.212880112230778 0 0 15.25885662436485 0.8841595202684402 10.73147804290056 0.2039919719099998 0.3924078792333603 0.5252395868301392 5.513183690607548 0.3198356181383133 0 0.664386011660099 0.1214944496750832 0.285414844751358 0.3246254548430443 0.400642953813076 0.5317315682768822 0 1.746818237006664 92.06758404523134 0.1359628587961197 7.689079001545906 7.429126992821693 63.46410079300404 3.773513548076153 5.764842003583908 4.772328682243824 0 0.08883821219205856 2.666205182671547 0 8.494332179427147 0.6127141863107681 3.362515896558762 3.434071950614452 0.6557565629482269 0 0 0
