1975.419504955411 0 206.0508182942867 3.000502087175846 1.051025778055191 31.59927643090487 2170.08373209089 1402.656441420317 3.634874694049358 28.82133817672729 2.309083066880703 1.533334843814373 0.9366265684366226 2974.937787309289 0.1783753782510757 0.6559146121144295 242.3263478502631 3.210864931344986 7.123576179146767 5.311051830649376 140.1112651824951 0.1787952184677124 512.0572872832417 31.67936129868031 0 162.048017539084 72.30111005157232 158.7029485106468 2748.063622370362 4017.797361686826 0 1.473281681537628 9.149654500186443 79.81498403847218 0.3092144727706909 49.93890402466059 59.26579955220222 92.26643884181976 22.77099366486073 5.317798212170601 1.012066140770912 0.4078822433948517 0.4596471190452576 0.1018274798989296 0 0.1021100953221321 0.2905209511518478 0 0 1.784790515899658 0.2509114742279053 1.602346397936344 0 0 0 0 0.09494265913963318 0 2.873649537563324 0 0 0 0 1.557403765618801 0.3700451627373695 0.1458913087844849 3.950085118412971 0 0.1403781622648239 0.3010840564966202 3.254148699343204 0.3243033438920975 0.8657020255923271 0 0 0.120854340493679 0.1459504812955856 0 1.795720435678959 0.09850974380970001 0.843071274459362 0.1120015606284142 0 0 0 0
0 475.6817468106747 5.740987494587898 0 0.1933728456497192 1.17843072116375 1.850648477673531 0.5962479785084724 350.9583817869425 0 43.53208778053522 0.2858450710773468 265.4747188314795 0.1358186006546021 1.901239857077599 180.6433736532927 7.875864632427692 8.068218886852264 9.777031578123569 0 3.369947448372841 2479.778900697827 15.0552723556757 293.2990210130811 945.4643033891916 141.8339942544699 3763.875245139003 24.08649164438248 0.2076249569654465 0.6732467412948608 3.927420809864998 0 0 13.21931258589029 0.63365638256073 26.94889940321445 88.08008790016174 22.05583292990923 11.22189012914896 4.966903045773506 0.1349591314792633 46.00754519551992 0 0 1296.440800815821 67.75122497975826 0.1483545154333115 0.2179456502199173 0 0.6064592599868774 0.415394201874733 30.3726934492588 0 3.648028016090393 0 22.4380002990365 0.6356158554553986 0.7719236463308334 16.35767221450806 7.908823736011982 6.382142268121243 8.542978279292583 0 0.3356868624687195 1004.242205873132 5.866490498185158 6.252919614315033 366.6618721038103 244.1242485716939 2367.049681156874 0.1859931349754333 1.23114974796772 0 3.753445036709309 0 0 5.367938823997974 0 14.61859859526157 279.0097827762365 21.13072640448809 7.22916604578495 0 0.1880102753639221 3.234921485185623 0
206.0508182942867 5.740987494587898 5749.202109873295 4.487600147724152 1.288480654358864 74.91521403938532 531.8906313106418 412.2964950725436 2.115479074418545 86.8266376927495 31.61968214809895 0.9668194577097893 7.413855649530888 544.513458751142 0.7756729423999786 9.079713545739651 3011.579420357943 87.84479958564043 65.05680245906115 1.228752620518208 71.09367667883635 4.795059442520142 7100.260770745575 28.84561791270971 1.058659553527832 6738.170557700098 5033.012152276933 246.6024327352643 222.3062417060137 285.1174346879125 0.3081506341695786 0.8362426608800888 16.45517186075449 823.5920422822237 11.96391344070435 1624.325006119907 7505.150569066405 2400.695938907564 949.9969351366162 16.15131823718548 5.876368962228298 2.563000783324242 6.626186646521091 0 81.91701373457909 59.36909744143486 0.626474916934967 0 0 1.656840935349464 0.1240512430667877 0.3563798815011978 0.2135529220104218 1.019324138760567 0 0.429718017578125 0.1266286969184875 0 10.14663131535053 4.704723700881004 0.2094356194138527 1.204022280871868 0 2.592239432036877 48.03684809803963 29.10036367923021 1.458849087357521 12.48354189097881 18.89058338850737 564.7129472121596 1.240545563399792 0.1381992995738983 0 0 0 0 3.461953729391098 1.139426112174988 49.03747063875198 163.3084770664573 12.78362707793713 6.063893042504787 0.4812734872102737 0 0.3138405978679657 0
3.000502087175846 0 4.487600147724152 4153.213290557265 0.2685419395565987 620.7199316844344 134.1544445082545 86.34311621636152 942.3293734192848 2653.521953269839 0.2333990037441254 1332.998180046678 2.631467133760452 39.12335500866175 21.09606759250164 5.76822529733181 1.978908941149712 0.5704074651002884 0 5214.781423516572 1.738002277910709 1.671958349645138 3.139018096029758 1890.652314599603 0.3125749826431274 6.780843190848827 21.6454249098897 3130.706484667957 61.57932499051094 2.064217694103718 0 1.638966292142868 2.791579775512218 22.06223841756582 0.3602142035961151 209.8564166426659 5.565536186099052 166.9247875809669 43.64857085049152 98.97433086484671 4.747938200831413 0.4128026813268661 2.241653770208359 1.153845973312855 0 0.1890206336975098 62.52905828505754 1.127864152193069 7.891564927995205 38.49116598069668 19.18224915117025 48.08800682425499 115.4310076832771 0.112131230533123 57.44024302065372 0 3.597399815917015 1.536150999367237 3.781861156225204 0 0 0 63.42798519134521 1.037734538316727 0.3893929123878479 2.077305644750595 291.8598198518157 0 0 1.542701065540314 158.1391767561436 0.9520675167441368 5.470674067735672 0 0.2136146947741508 0.2727702856063843 1.890772365033627 0 35.56390251964331 0.3865672796964645 16.72510209679604 4.821115158498287 127.0758345127106 0.4901961535215378 0 0.2549290955066681
1.051025778055191 0.1933728456497192 1.288480654358864 0.2685419395565987 5.609801530838013 127.3575691729784 9.107575908303261 269.0235872790217 2.005524709820747 10.87699313461781 44.25418586283922 3.167770192027092 15.73638634383678 80.79137156158686 547.5895111560822 0 0.6915218383073807 7.929097555577755 5.175043784081936 5.321499794721603 1.865664459764957 0 1.311739467084408 4.490745611488819 0.7328580021858215 11.61870701611042 6.235571287572384 4.496861025691032 182.1832536309958 3.348110571503639 1.609515719115734 129.1328527778387 0.8839747458696365 386.96809014678 0 21.02628771960735 8.313783645629883 757.0556626170874 35.51151488721371 431.8290778696537 66.31210012733936 7.648156225681305 2.383529812097549 0 0 0 0 0 0 0 0.1514977067708969 0 0 0 0 0 0 0 0 0 0.1728157848119736 0 0.1632620096206665 0 0 0 0.4510529339313507 0 0 0.1400997340679169 0.3582958877086639 0.1285334974527359 0 0 0 0 0.1028548404574394 0 0 0 0 0 0 0 0.2083965837955475 0
31.59927643090487 1.17843072116375 74.91521403938532 620.7199316844344 127.3575691729784 7305.760530419648 2301.720010742545 4076.155126072466 138.7279024422169 7586.005901232362 64.80279060453176 5074.546612218022 43.22263462841511 386.6260683089495 1046.727016016841 3.035701178014278 14.23383910208941 23.75547271221876 13.26194869726896 2107.697452262044 40.40043953061104 1.91570982336998 116.8505871146917 345.7087942138314 3.900355376303196 83.92970898747444 59.93944796174765 544.5214366540313 448.0160375908017 43.29972007125616 1.736965462565422 260.5786258503795 3.140475124120712 456.7175420969725 0.1321469247341156 230.796023003757 37.36721841990948 1959.957238338888 191.7632851302624 1491.297288902104 138.3363933041692 17.99141928553581 3.797625988721848 0.6235630512237549 0 0.2517372071743011 14.97495635598898 0 0.9171497374773026 9.646692670881748 2.116909116506577 11.69570177048445 14.58214417099953 0 6.925512716174126 0.445257157087326 0.2838978618383408 0.4630878865718842 3.334738612174988 0.08334258198738098 0 0 5.990820832550526 0.4504956975579262 0.7361755967140198 1.515913657844067 48.22401129454374 0 0.1618456840515137 2.994379825890064 25.04730354249477 0.1055441573262215 1.26358937472105 0 0 0.1520975083112717 0.1978933662176132 0.2130439132452011 10.55117028206587 0.9802869558334351 2.066867783665657 1.565106920897961 20.29011041671038 3.184875965118408 0.3335603773593903 0
2170.08373209089 1.850648477673531 531.8906313106418 134.1544445082545 9.107575908303261 2301.720010742545 14199.05858273059 2674.901730574667 510.1796069666743 10520.44847115129 7.880970537662506 202.3506711572409 34.08018866926432 5360.328802935779 25.21556417644024 28.48061770200729 57.06363192945719 14.51095424592495 4.515503421425819 110.1679924055934 889.7513545379043 14.5204715654254 1446.069151893258 1495.515926495194 0.5796931833028793 330.7463613599539 682.6804720908403 7828.207610137761 1671.278553940356 3892.777069404721 0 11.51823585480452 127.686972245574 393.8696020245552 16.40915247052908 2652.702416665852 158.6961437836289 1574.966508798301 532.5590796917677 626.9027634114027 70.53096728026867 14.81475093215704 40.15245984494686 5.194619208574295 1.158049806952477 1.309786275029182 15.9947027862072 1.661614932119846 5.592537671327591 115.8441339656711 29.0152899324894 115.4173445627093 41.63330134749413 1.229335084557533 3.606996037065983 0.5223824083805084 5.638208225369453 0.704788476228714 45.73519254475832 1.250640340149403 0 0.2983595877885818 11.31206830590963 4.073534443974495 10.63335976004601 13.17115537822247 340.7124618664384 0.2500086426734924 1.213946767151356 27.64196029305458 241.5133500173688 10.99724669754505 19.25395738333464 0 0.4081891626119614 1.234135381877422 4.906174018979073 0 94.20647389441729 6.84616407752037 37.48471603542566 16.22758363187313 80.13077591359615 1.656873665750027 2.346954435110092 2.141997821629047
1402.656441420317 0.5962479785084724 412.2964950725436 86.34311621636152 269.0235872790217 4076.155126072466 2674.901730574667 2941.355661638081 34.69560377299786 2283.515495665371 77.98570833355188 186.9615419432521 17.90448325127363 8298.094818070531 178.0011524781585 1.893938951194286 178.4422577917576 34.00483947247267 26.87755600363016 363.9322930574417 202.8701801300049 1.548726469278336 624.6859223917127 161.0186040922999 1.614348456263542 351.1888433471322 133.1529818177223 421.3236776962876 3047.958492971957 700.2888163775206 3.356494799256325 1206.679200775921 19.75649435818195 1245.986293964088 1.693945460021496 288.9832460209727 139.2969820424914 3112.23229393363 197.3399403467774 540.0133376196027 96.87948309630156 5.809826262295246 2.810236558318138 0.3507106751203537 0.3667349815368652 0.6006025597453117 4.705391325056553 0.1122021079063416 0.1858340799808502 18.41962274163961 3.660165265202522 13.27214079350233 3.122233882546425 1.739610552787781 0.7047204449772835 0 0.6171028092503548 0 5.245771177113056 0 0 0 1.470902092754841 0.4887670874595642 1.323423653841019 1.073397114872932 43.57519161701202 0 0.1609709113836288 4.110749118030071 28.12807010114193 0.7286225184798241 2.732676520943642 0 0 0.2867293432354927 1.028122887015343 0 9.212061434984207 1.187809556722641 3.782941184937954 0.8464655578136444 9.79235252737999 0 0.5044463723897934 0
3.634874694049358 350.9583817869425 2.115479074418545 942.3293734192848 2.005524709820747 138.7279024422169 510.1796069666743 34.69560377299786 1189.283118344843 537.9098607227206 4.943282313644886 306.6870430633426 12.14569067209959 21.83387822657824 373.1028554737568 139.3064659833908 1.251469358801842 0.8957286030054092 0.8784487843513489 1193.367106840014 29.68208159506321 2000.091230027378 18.29630937427282 8917.225698024035 49.8595727533102 12.27181102335453 314.4407986924052 2824.896756380796 63.02496878802776 56.45352619886398 0.5270950049161911 0.1136185899376869 8.285128198564053 16.43260923027992 0.4120868444442749 381.0257552266121 13.9491755515337 93.17919813841581 28.83866292238235 385.5782814919949 4.923297703266144 3.647411480545998 2.496657088398933 9.246881417930126 35.40425407886505 2.1798155605793 181.0205237343907 1.48375678807497 16.72524412721395 148.4019984155893 33.48390625417233 86.14010130614042 304.1184990778565 2.662272490561008 78.03609564900398 0.3647656440734863 6.02148712426424 13.96734992414713 512.8152005076408 0.5644536763429642 0.13646599650383 0.212868332862854 246.0135901048779 49.36145082861185 115.5461104437709 25.3250832259655 2179.469868883491 2.345071583986282 1.404678493738174 60.90088465809822 609.5655105635524 32.86138993501663 74.26364652812481 0 0.3000467270612717 4.974630184471607 10.30350490659475 0.7498947381973267 179.7125271558762 4.351657629013062 54.15691001713276 22.83795234560966 417.3002737462521 1.672993563115597 0 1.936162896454334
28.82133817672729 0 86.8266376927495 2653.521953269839 10.87699313461781 7586.005901232362 10520.44847115129 2283.515495665371 537.9098607227206 10359.49224372953 2.255520090460777 6084.976444371045 17.78984500467777 576.3503385260701 93.03898283839226 6.720393911004066 10.83805125951767 2.115512549877167 2.046659700572491 5303.676225729287 47.25217620283365 2.347320266067982 107.666036196053 1420.886301495135 0.6527852714061737 68.78536806255579 106.5380465015769 4031.122736491263 390.3459010198712 13.37084156274796 0.09818986058235168 9.002422355115414 7.636594898998737 142.2032993212342 0.7495119422674179 856.2672244235873 37.85591132938862 1189.81834397465 267.4188687875867 528.6950008943677 33.85515636205673 4.379915341734886 12.87284630537033 0.8700199648737907 0 1.499210730195045 67.95694793760777 0.9487712830305099 8.11306806653738 67.10441758483648 24.36880953609943 55.61470133811235 99.80256744474173 0.4124602675437927 39.37641138583422 0 3.927063822746277 0.711173914372921 10.60541235655546 0.1181613728404045 0.1108871102333069 0 51.42107403278351 2.785721123218536 3.801997445523739 3.741085633635521 354.8713389933109 0 0.4583643600344658 10.06642512232065 193.4383199214935 3.785723961889744 7.252253614366055 0 0.2460952401161194 0.29696374386549 1.536669380962849 0.6410646885633469 44.69086995720863 2.549929961562157 24.57153078168631 7.377814389765263 129.663403339684 0.4044241607189178 0 1.45218688249588
2.309083066880703 43.53208778053522 31.61968214809895 0.2333990037441254 44.25418586283922 64.80279060453176 7.880970537662506 77.98570833355188 4.943282313644886 2.255520090460777 9348.951908364892 0.2247364446520805 2615.333918996155 12.12522418051958 0.4181229323148727 0.9678493738174438 66.99948555976152 2525.590307228267 905.3942075818777 1.116529107093811 2.998414233326912 13.32135280966759 21.10790408402681 5.15465722233057 938.1819816380739 5719.390886746347 1090.015750534832 4.37214021384716 79.52425412088633 3.269334755837917 527.5268827006221 24.09234680980444 4.996654942631721 5741.324661009014 1.346824556589127 255.9915930703282 3281.650940217078 3574.15313513577 673.4903230294585 10.33471577614546 389.6512148082256 881.0515584275126 6.28978057205677 0 11.57392908632755 0.1997338235378265 0.107477143406868 0 0 0 0 0 0 180.6648349240422 0 256.5584957301617 0 0 0 0 28.76952262222767 2.581672810018063 0 0 0.7197049111127853 0 0 19.19740618765354 58.73145540803671 72.3817892819643 0.08564560860395432 0 0 34.91342613101006 0 0 1.038681350648403 1.123604834079742 3.32214118540287 473.0181738883257 3.444782227277756 0.6366389095783234 0 0 149.7162806838751 1.443798542022705
1.533334843814373 0.2858450710773468 0.9668194577097893 1332.998180046678 3.167770192027092 5074.546612218022 202.3506711572409 186.9615419432521 306.6870430633426 6084.976444371045 0.2247364446520805 8136.95133074373 1.472571507096291 36.51705341786146 1007.803837694228 0.09127435088157654 0.4449036344885826 0.1435784846544266 0.09056923538446426 4822.410318344831 0.238175667822361 2.336443156003952 1.698907613754272 326.7260106801987 0.408819168806076 1.194603994488716 1.616050012409687 441.7017113938928 27.0894374102354 1.22010637819767 0 1.690395772457123 0 10.09483344107866 0 128.1548461094499 3.410334520041943 212.4606063887477 34.59307906776667 876.2904466092587 3.261746473610401 0.3421831727027893 1.729823440313339 0 0 0 23.83753538131714 0 4.742436937987804 20.1942735761404 5.365862838923931 15.50059150159359 58.25018675625324 0.2722705602645874 135.543732509017 1.243263483047485 1.013357311487198 1.274293437600136 0.7253357619047165 0 0 0 35.29001735150814 0.1303890496492386 0.1150360926985741 0.5750226452946663 73.66156111657619 0 0 1.213147483766079 41.36455148458481 0.6825530678033829 3.851138412952423 0 0 0 0.1407416164875031 0.291558712720871 28.94450411200523 0 3.341465324163437 0.4920025542378426 89.89436514675617 0 0 0
0.9366265684366226 265.4747188314795 7.413855649530888 2.631467133760452 15.73638634383678 43.22263462841511 34.08018866926432 17.90448325127363 12.14569067209959 17.78984500467777 2615.333918996155 1.472571507096291 4648.322291836143 4.868853494524956 0 7.034126088023186 10.52774906903505 153.5895023867488 41.23072807490826 7.250675015151501 9.659141175448895 53.97164945304394 17.48560161143541 15.72672778367996 5527.447753123939 1384.158892259002 5348.750749230385 38.65191730111837 18.83183337748051 21.94527669996023 1667.605803899467 4.921195901930332 1.756993502378464 650.031782604754 8.449746444821358 1560.466214925051 4376.397573754191 3533.343292340636 827.8875552490354 714.1241731420159 186.8999109119177 1167.613261945546 50.31670498847961 0.2659415975213051 31.73344187438488 0.6016352921724319 0.1484144330024719 0 0 0.6787074655294418 0 1.057861469686031 0.4488719999790192 216.385907009244 0 349.8656206354499 0 0 0.5228816568851471 0 41.08745861053467 0.9059890955686569 0 0.2309425175189972 15.90745355188847 0.2667331025004387 2.212698496878147 46.67289943248034 103.635794185102 160.1224769204855 1.644086197018623 0.3125156462192535 0 43.56156420707703 0 0 1.324236825108528 8.077475018799305 122.2969516813755 651.0398431271315 27.05337310582399 9.228698313236237 1.67662912607193 0 309.652952440083 5.32417106628418
2974.937787309289 0.1358186006546021 544.513458751142 39.12335500866175 80.79137156158686 386.6260683089495 5360.328802935779 8298.094818070531 21.83387822657824 576.3503385260701 12.12522418051958 36.51705341786146 4.868853494524956 4504.05668271333 21.40836488455534 3.42472929507494 324.8846710026264 15.55273009836674 12.80316875129938 140.6554011926055 296.0195900127292 2.48362285643816 932.9962877035141 131.0941333919764 0.8398358076810837 415.633445225656 174.3397127613425 397.5414605885744 3543.178451649845 1730.699719458818 0.2406524494290352 349.1305644288659 21.31744425743818 735.7114550098777 0.1975145488977432 93.38318791985512 162.1671279668808 923.5938063338399 98.55397144705057 46.21852423995733 24.09016977250576 1.035745412111282 1.558591693639755 0 0.5336501598358154 0.2429467514157295 1.509852766990662 0.1994001567363739 0.3173096552491188 7.002007193863392 2.261050269007683 6.189087279140949 1.21033052355051 0 0.1235998570919037 0 0.5204939693212509 0 7.822822399437428 0 0 0 0.3523285090923309 1.31252782791853 1.169140391051769 0.8085517361760139 20.99837570637465 0 0.4283664748072624 4.141099564731121 15.29325600713491 0.4952370822429657 2.914892233908176 0 0 0.3594407960772514 0.1951757222414017 0 8.369348026812077 1.338541246950626 2.600577265024185 1.063836753368378 3.515492357313633 0 0 0
0.1783753782510757 1.901239857077599 0.7756729423999786 21.09606759250164 547.5895111560822 1046.727016016841 25.21556417644024 178.0011524781585 373.1028554737568 93.03898283839226 0.4181229323148727 1007.803837694228 0 21.40836488455534 267.8896851539612 0.138902872800827 0.2253606393933296 0.3127606883645058 0.1652907580137253 259.0872646421194 0.4817234426736832 24.18783004581928 1.301900111138821 1221.841242656112 0 0.6484717726707458 2.378634616732597 44.09288056194782 163.9738286659122 0.7911678105592728 0 76.68984198570251 0.3483520150184631 50.20521552860737 4.297873020172119 17.46562246978283 0.6770323514938354 31.46561174839735 10.77837705612183 1299.9062384516 26.97227913141251 0 0.1634145379066467 0 0.1493655145168304 0 4.476009756326675 0 0.9365100562572479 3.438308075070381 0.781873032450676 2.089669749140739 5.600405491888523 0 0.339894562959671 0 0.100063681602478 0.5851204991340637 0.1590782999992371 0 0 0 3.206257507205009 0 0.3453183174133301 0 12.33830710500479 0 0.1213739663362503 0.702165424823761 6.671300336718559 0.2153633236885071 0 0 0 0 0 0 5.270801901817322 0 0.3932034745812416 0.4087202996015549 14.11707091331482 0 0 0
0.6559146121144295 180.6433736532927 9.079713545739651 5.76822529733181 0 3.035701178014278 28.48061770200729 1.893938951194286 139.3064659833908 6.720393911004066 0.9678493738174438 0.09127435088157654 7.034126088023186 3.42472929507494 0.138902872800827 3910.907810218632 18.75999932736158 2.78400781750679 1.635276839137077 1.146192356944084 2779.318205095828 2700.416810937226 2067.950260795653 2159.125036142766 14.05044803023338 20.91657377034426 3428.594043858349 1198.685618758202 13.41573020815849 385.747072160244 0.1145153939723969 0 1.797504149377346 49.59298439323902 20.12441470474005 2026.246442742646 521.6557099744678 346.1885724514723 353.6614167243242 31.41851197183132 8.101979427039623 1.357272639870644 13.82316665351391 3.313397236168385 15.46136125922203 2.360537000000477 1.256796188652515 0 0.9978460371494293 31.39366979151964 1.163173846900463 34.49309246987104 1.516220860183239 0.6388900578022003 0.1270405799150467 9.725950866937637 1.42705912142992 0.5167656466364861 2798.904246561229 1.956152766942978 0.1769288182258606 0.675555408000946 0 437.7973618209362 940.3407966271043 367.9889769032598 232.4648805633187 1.136960476636887 2.311535775661469 168.3107623308897 269.7999743595719 24.29208672791719 230.6234504431486 0 0 9.249385379254818 18.97717553377151 4.585015565156937 600.2184317782521 32.65890426933765 38.32923748344183 19.7830404266715 8.747180581092834 0.119148351252079 6.590213268995285 0.7145098149776459
242.3263478502631 7.875864632427692 3011.579420357943 1.978908941149712 0.6915218383073807 14.23383910208941 57.06363192945719 178.4422577917576 1.251469358801842 10.83805125951767 66.99948555976152 0.4449036344885826 10.52774906903505 324.8846710026264 0.2253606393933296 18.75999932736158 3705.723676934838 130.2538796961308 2024.204254589975 0.8492606803774834 452.6748054772615 9.815453760325909 6622.522310622036 19.99252218008041 4.46331200748682 3876.466632537544 4650.864612318575 42.00827319175005 829.7128140255809 810.9246872887015 1.221790805459023 0.9821609184145927 118.1978433132172 1251.716491729021 4.382996045053005 611.8047197312117 1411.892561286688 1337.708894811571 418.3020317479968 6.175884328782558 2.89606274664402 4.293233171105385 1.589301832020283 0 1.732250690460205 0.3588922843337059 0.1439799964427948 0 0 0 0 0 0 0 0 0.1454226225614548 0 0 2.199273988604546 0.2494137436151505 0.6274087429046631 0 0 0.1236781254410744 0.9820202738046646 0 0.7355483621358871 1.045933686196804 3.106992289423943 11.87080978602171 0.8826752230525017 0 0.4767002463340759 0 0 0 0 0.641247570514679 2.740422360599041 1.709090061485767 0.1030947342514992 0.223673589527607 0.09739680588245392 0 0.1054118350148201 0.3392896354198456
3.210864931344986 8.068218886852264 87.84479958564043 0.5704074651002884 7.929097555577755 23.75547271221876 14.51095424592495 34.00483947247267 0.8957286030054092 2.115512549877167 2525.590307228267 0.1435784846544266 153.5895023867488 15.55273009836674 0.3127606883645058 2.78400781750679 130.2538796961308 423.3402716219425 2315.060512803495 0.3465542495250702 1.259400583803654 3.181875221431255 35.51615712046623 3.209662429988384 96.0540637075901 5508.160875745118 1449.424535766244 6.847537204623222 30.2718807682395 5.442234180867672 91.00958383828402 7.878075465559959 0.6857231482863426 938.6091959699988 6.086485549807549 487.7088096514344 1401.903704427183 1670.0593540892 715.2199044376612 2.369608223438263 68.36661276221275 51.57184919714928 2.351697973906994 0 6.100487992167473 0.1321132481098175 0 0 0 0.09750945866107941 0 0 0 24.63504764437675 0 48.03592547774315 0 0 0.3671740964055061 0 17.11148512363434 2.064060352742672 0 0 0.3111061304807663 0.1240686178207397 0.08526146411895752 15.0397417768836 40.79118064045906 92.17527041584253 0.07452071458101273 0 0 17.85691592097282 0 0 1.222327411174774 3.343402072787285 1.712894320487976 35.99481741338968 1.393390357494354 0.6097925901412964 0.09714478999376297 0.1721690744161606 1.776453822851181 0
7.123576179146767 9.777031578123569 65.05680245906115 0 5.175043784081936 13.26194869726896 4.515503421425819 26.87755600363016 0.8784487843513489 2.046659700572491 905.3942075818777 0.09056923538446426 41.23072807490826 12.80316875129938 0.1652907580137253 1.635276839137077 2024.204254589975 2315.060512803495 3554.666045822203 0.5793240815401077 5.534580878913403 6.822971612215042 69.93183470517397 3.216955833137035 57.22564180195332 6288.479775883257 1766.673488005996 4.261981286108494 58.37617179751396 19.9108914732933 3.819490022957325 5.281566634774208 9.000282235443592 1907.503645502031 2.106897056102753 452.9387793540955 797.5753228962421 2002.033592030406 684.2829878926277 2.689250908792019 44.5435254573822 5.941048853099346 3.14893164485693 0 3.517552182078362 0.1333980709314346 0 0 0 0 0 0 0 1.956420242786407 0 7.258301630616188 0 0 0.2388096004724503 0.2019235044717789 6.412619568407536 0.8082624226808548 0 0 0.3024226576089859 0 0.1046066284179688 6.898121170699596 19.20539313554764 42.2849068120122 0 0 0 2.458454936742783 0 0 0.1266351342201233 2.444998621940613 0.7089650928974152 4.092665165662766 0.5441380590200424 0.1932121962308884 0 0 0 0
5.311051830649376 0 1.228752620518208 5214.781423516572 5.321499794721603 2107.697452262044 110.1679924055934 363.9322930574417 1193.367106840014 5303.676225729287 1.116529107093811 4822.410318344831 7.250675015151501 140.6554011926055 259.0872646421194 1.146192356944084 0.8492606803774834 0.3465542495250702 0.5793240815401077 1265.805884405971 1.187881819903851 0.9365148693323135 3.512591391801834 554.8513498753309 0 3.160677328705788 5.011199578642845 2296.620500005782 112.7075415030122 3.001089632511139 0 5.176582992076874 1.448764123022556 53.79960449784994 1.82663881778717 363.6710890382528 11.56872948259115 508.480139516294 124.8333043530583 497.7032559961081 12.01455248147249 3.128443017601967 3.313383258879185 1.60258412361145 0 0.4254504293203354 111.4002081900835 1.416772216558456 9.644296579062939 94.19319320470095 24.4636892080307 83.21241644769907 178.9618553966284 0.4286917299032211 56.6877756267786 1.305277705192566 4.886452466249466 3.81508507579565 5.400053530931473 0.08600382506847382 0 0 106.4740145280957 2.056431777775288 0.5625148862600327 2.658875249326229 496.0431292280555 0.6493054628372192 0 3.303854785859585 248.5433348342776 3.850682206451893 16.34821214526892 0 0.29674381762743 0.3528757616877556 2.001892879605293 0.5090681165456772 62.94687616825104 2.377158470451832 26.33075273782015 6.55394596606493 253.5198373273015 0.4854408651590347 1.082341074943542 0.7912835031747818
140.1112651824951 3.369947448372841 71.09367667883635 1.738002277910709 1.865664459764957 40.40043953061104 889.7513545379043 202.8701801300049 29.68208159506321 47.25217620283365 2.998414233326912 0.238175667822361 9.659141175448895 296.0195900127292 0.4817234426736832 2779.318205095828 452.6748054772615 1.259400583803654 5.534580878913403 1.187881819903851 12555.95269251615 53.52542139589787 14208.2183265835 1560.27616418153 6.516387760639191 18.51941476762295 525.5541747063398 6680.695569470525 281.371663145721 11547.76185347885 0 1.337381817400455 55.97105205059052 1241.201620690525 82.33395969122648 6646.787626929581 839.5338388308883 4694.493950374424 2551.188331983984 163.1706553027034 67.50750628858805 3.283943898975849 51.05933720618486 1.788249112665653 0.885310173034668 0.7250944748520851 0 0 0 22.94303951412439 1.190808475017548 10.68007708340883 1.10014022141695 1.81687605381012 0.2425839528441429 2.999046802520752 1.109829016029835 0.1900568976998329 585.1469834446907 1.184424392879009 0.3144724369049072 0 0 238.9210625439882 98.13533633202314 62.31266569346189 95.82839926332235 0.2754098176956177 0.9447614401578903 13.09607752412558 166.6328923553228 15.71733185648918 158.7863579913974 0 0.1177332401275635 5.432249180972576 14.9906986579299 2.403342470526695 211.8766505718231 8.895071059465408 22.90812714397907 13.33140303194523 8.54636312276125 0.2879617512226105 3.127723157405853 1.368278250098228
0.1787952184677124 2479.778900697827 4.795059442520142 1.671958349645138 0 1.91570982336998 14.5204715654254 1.548726469278336 2000.091230027378 2.347320266067982 13.32135280966759 2.336443156003952 53.97164945304394 2.48362285643816 24.18783004581928 2700.416810937226 9.815453760325909 3.181875221431255 6.822971612215042 0.9365148693323135 53.52542139589787 1567.757534056902 156.8596010804176 6153.912889897823 287.0785576328635 43.82316896319389 2632.856889568269 269.7959194332361 1.892906785011292 4.440733887255192 1.414748936891556 0 0.09384562820196152 21.0986632630229 1.297651648521423 96.36326656490564 157.7324289679527 90.82903373986483 43.60629706084728 44.51611238718033 0.2133545428514481 8.75406502187252 1.006200551986694 1.071357987821102 277.105610370636 42.76971985399723 1.263922363519669 0.2345727235078812 0.2315668389201164 3.776955850422382 0.2736552283167839 12.84028692543507 0.7732003405690193 0.8385665118694305 0 3.513623654842377 1.315460622310638 0.3807317316532135 1280.955771110952 2.360090836882591 0.4146800115704536 1.118744768202305 0.08651389926671982 64.60199898481369 948.4539602920413 221.5605982542038 50.64290242642164 33.40592454373837 18.05380240082741 1382.193182907999 31.00766025483608 0.9918412715196609 17.45858629047871 0.163755401968956 0 0.1722935438156128 8.693863317370415 0 322.8389448300004 67.33483316004276 31.33151110261679 23.59323416650295 2.890070058405399 0 0 0
512.0572872832417 15.0552723556757 7100.260770745575 3.139018096029758 1.311739467084408 116.8505871146917 1446.069151893258 624.6859223917127 18.29630937427282 107.666036196053 21.10790408402681 1.698907613754272 17.48560161143541 932.9962877035141 1.301900111138821 2067.950260795653 6622.522310622036 35.51615712046623 69.93183470517397 3.512591391801834 14208.2183265835 156.8596010804176 9694.964072205126 527.4767493829131 4.999113664031029 2130.378087677062 10975.87652229518 2515.773669593036 530.2757537513971 3754.881112739444 0.1389191001653671 1.036561593413353 50.00005876272917 2132.125405937433 108.463081561029 9847.18124563247 7940.72739829123 6648.088310077786 5466.098530009389 157.3604892268777 28.43497230112553 5.571403995156288 65.92862924933434 0.5467044562101364 8.782109402120113 15.49139772355556 0.3989292085170746 0 0.3686174005270004 8.717876799404621 1.069719739258289 7.151211246848106 1.049318186938763 0.4277712106704712 0 1.494047492742538 0.7725693359971046 0 1129.678975768387 0.4675191715359688 0 0.1723591908812523 0.09292281419038773 146.5855157524347 311.0332285910845 229.2962859123945 47.63785561919212 0.9341126978397369 1.442359514534473 405.0193286836147 41.73826318979263 4.204867534339428 50.23555517196655 0 0 1.099402695894241 7.644558019936085 9.90869015455246 895.8140409886837 85.61596073955297 17.99078891426325 25.13655318319798 2.752685949206352 0 2.777961477637291 0.1609292030334473
31.67936129868031 293.2990210130811 28.84561791270971 1890.652314599603 4.490745611488819 345.7087942138314 1495.515926495194 161.0186040922999 8917.225698024035 1420.886301495135 5.15465722233057 326.7260106801987 15.72672778367996 131.0941333919764 1221.841242656112 2159.125036142766 19.99252218008041 3.209662429988384 3.216955833137035 554.8513498753309 1560.27616418153 6153.912889897823 527.4767493829131 10038.36325256526 14.72933772206306 42.14214374125004 1373.603989385068 8595.068802535534 475.4100240543485 376.1675018370152 0.1112717464566231 2.047030001878738 80.35670464485884 160.6979920342565 10.73237682878971 1780.34154445678 98.88161570578814 699.9855628684163 280.6390751898289 1259.731525927782 44.66899909824133 4.082987390458584 21.61713466793299 14.36658631265163 6.169470362365246 5.176018141210079 167.4001383259892 3.088192649185658 19.89316153526306 325.0074211657047 72.285414673388 581.7056742534041 256.1507431715727 1.18720418959856 35.24819122254848 2.428322806954384 16.23089462518692 6.481782905757427 440.001510836184 1.950999118387699 0.2167022377252579 0.5770173147320747 124.0002660378814 75.67975254356861 134.6558859050274 40.64462441951036 1647.373375613242 1.121941983699799 4.334048517048359 72.08286954462528 1043.626560986042 48.18113432079554 166.9624214395881 0 0.9489409253001213 7.988686412572861 19.38662126660347 0.9020819514989853 288.1453043743968 13.25053963810205 113.4644640013576 41.56292678415775 347.6816500276327 2.934320107102394 0 1.883171394467354
0 945.4643033891916 1.058659553527832 0.3125749826431274 0.7328580021858215 3.900355376303196 0.5796931833028793 1.614348456263542 49.8595727533102 0.6527852714061737 938.1819816380739 0.408819168806076 5527.447753123939 0.8398358076810837 0 14.05044803023338 4.46331200748682 96.0540637075901 57.22564180195332 0 6.516387760639191 287.0785576328635 4.999113664031029 14.72933772206306 488.0680327117443 1359.779247693717 5764.208736911416 5.040022499859333 2.426203235983849 11.25792118906975 1074.313430972397 1.757267564535141 0 208.746530726552 4.677268147468567 604.64576485008 330.6277372762561 725.1761276349425 141.9324240386486 51.3839857429266 41.87059414386749 652.3195898458362 12.72023659944534 0 195.1412928253412 0.6913143843412399 0 0 0 0 0 2.350950062274933 0 461.4198937341571 0 1042.701021820307 0 0 4.074975326657295 0.7365328818559647 60.91691040247679 4.287519790232182 0 0 159.0259371995926 0.7121602296829224 0.5257049351930618 207.3780943155289 192.4052792042494 597.7564325407147 0 0 0 70.7077943906188 0 0 3.544610917568207 0 70.00314259529114 128.4800584763288 16.78824267536402 12.19011783599854 0.355160266160965 0 41.51810397207737 0
162.048017539084 141.8339942544699 6738.170557700098 6.780843190848827 11.61870701611042 83.92970898747444 330.7463613599539 351.1888433471322 12.27181102335453 68.78536806255579 5719.390886746347 1.194603994488716 1384.158892259002 415.633445225656 0.6484717726707458 20.91657377034426 3876.466632537544 5508.160875745118 6288.479775883257 3.160677328705788 18.51941476762295 43.82316896319389 2130.378087677062 42.14214374125004 1359.779247693717 19104.02448873222 11448.65513459593 110.785485714674 352.3762720674276 188.7024092003703 284.24765727669 7.921593025326729 38.9627448990941 1633.965473465621 11.37803415954113 1996.838546954095 11882.40174423903 5114.439892485738 1707.41326405108 17.54663622379303 74.3309361115098 164.80477296561 7.126224063336849 0.3198155835270882 283.4480888172984 35.97258792817593 0.2190413251519203 0 0.1043274477124214 0.8604002520442009 0 1.767709597945213 0 302.0293674767017 0.471773236989975 509.6640029847622 0 0.1028497815132141 5.243381686508656 4.869832642376423 186.3771542087197 35.63945314288139 0 0.3362100571393967 11.43375623226166 0.5125015527009964 2.552068911492825 334.2288335636258 792.8146353140473 2085.112876519561 1.400979444384575 0 0.1497912108898163 154.4415355548263 0 0 9.239936552941799 4.897075608372688 17.24381811916828 543.069985665381 31.12787810713053 10.7250524610281 0 0 18.23227055370808 0
72.30111005157232 3763.875245139003 5033.012152276933 21.6454249098897 6.235571287572384 59.93944796174765 682.6804720908403 133.1529818177223 314.4407986924052 106.5380465015769 1090.015750534832 1.616050012409687 5348.750749230385 174.3397127613425 2.378634616732597 3428.594043858349 4650.864612318575 1449.424535766244 1766.673488005996 5.011199578642845 525.5541747063398 2632.856889568269 10975.87652229518 1373.603989385068 5764.208736911416 11448.65513459593 24105.0369899869 1411.40292224288 271.3712833598256 162.0025520920753 473.1497834026814 3.518640905618668 45.67797273397446 2833.438939847052 61.07231214642525 7338.901009440422 11588.07124439627 9048.993990287185 4364.364685177803 51.46958097815514 49.33802379667759 101.904705144465 35.94160292297602 3.012012608349323 2616.286882914603 540.1497824341059 0.5980625301599503 0 0.2019679471850395 18.90629186481237 3.840600244700909 13.84833405166864 2.078792095184326 331.5862139612436 0.1778672337532043 706.7584871277213 5.777542434632778 0.1433902084827423 1141.101393543184 51.71865932643414 342.4554183110595 89.20554888993502 0.2185045778751373 62.96212343126535 1278.81850604713 531.3913150727749 36.79510929435492 1115.05636677146 2070.052580706775 11975.45605991781 23.4598453566432 2.382127866148949 16.27603501081467 229.5002360120416 0 0.1300660669803619 60.45566407591105 8.320629194378853 1130.13029037416 1709.392883516848 219.7118014991283 121.9440718814731 3.791251346468925 1.048275679349899 13.63308078050613 0.9835827574133873
158.7029485106468 24.08649164438248 246.6024327352643 3130.706484667957 4.496861025691032 544.5214366540313 7828.207610137761 421.3236776962876 2824.896756380796 4031.122736491263 4.37214021384716 441.7017113938928 38.65191730111837 397.5414605885744 44.09288056194782 1198.685618758202 42.00827319175005 6.847537204623222 4.261981286108494 2296.620500005782 6680.695569470525 269.7959194332361 2515.773669593036 8595.068802535534 5.040022499859333 110.785485714674 1411.40292224288 19329.48692281172 1519.772935710847 12965.44835092127 0.1110387295484543 4.872225344181061 291.318823620677 537.5645710155368 25.74929314851761 4588.648942239583 164.0205106139183 1850.42229976505 723.311262011528 611.4928243532777 108.7635482773185 9.655549749732018 52.21156968921423 27.21464163064957 2.498526349663734 9.206014931201935 82.01177118718624 4.585055395960808 19.33639150857925 784.1304444298148 97.78683352470398 623.1109905019403 131.3314135149121 1.678250931203365 22.78946599364281 6.099298700690269 26.17224510759115 3.9151451587677 499.4768076837063 3.613413654267788 0.3462462648749352 0.6327867656946182 51.05433499068022 162.8014630824327 74.95074832439423 47.58018290251493 1797.452683310956 0.7621602267026901 3.066541835665703 46.06249318271875 1674.895477116108 109.2794642671943 430.8648488670588 0.3362887501716614 0.237622506916523 18.74626094847918 40.16509843617678 3.938065506517887 511.7499100714922 16.49064513295889 190.0593660995364 84.49861681461334 353.7096101939678 5.328976467251778 4.858706541359425 3.623461820185184
2748.063622370362 0.2076249569654465 222.3062417060137 61.57932499051094 182.1832536309958 448.0160375908017 1671.278553940356 3047.958492971957 63.02496878802776 390.3459010198712 79.52425412088633 27.0894374102354 18.83183337748051 3543.178451649845 163.9738286659122 13.41573020815849 829.7128140255809 30.2718807682395 58.37617179751396 112.7075415030122 281.371663145721 1.892906785011292 530.2757537513971 475.4100240543485 2.426203235983849 352.3762720674276 271.3712833598256 1519.772935710847 11391.0662259236 7350.228869952261 1.413355298340321 327.9589169770479 1092.245306394994 3929.639667615294 0.8608543872833252 213.297135591507 124.9048025682569 3298.354851350188 356.9587850943208 81.8447018712759 34.45917087048292 4.146546855568886 4.51483941078186 1.415538139641285 0 0.190960019826889 3.411490641534328 0 0.4340363964438438 27.87433488667011 2.63030569255352 21.42848758399487 2.041823849081993 0 0.09992232173681259 0 0.4000872522592545 0.3385954648256302 24.02199008315802 0 0 0 0.6127279698848724 11.51095472276211 3.209715105593204 2.527903452515602 52.45688493549824 0 0 2.631124369800091 59.3018506988883 4.195871233940125 21.85190706700087 0 0 0.6397395208477974 1.021889857947826 0 22.46989373117685 0.5507789552211761 6.791602984070778 1.777093939483166 9.553191423416138 0 0 0
