1636.740872979164 0.1448818445205688 102.8913158997893 1.266866132616997 9.664834626019001 7.989049427211285 3179.876066401601 466.5128867849708 9.361593313515186 178.4141811132431 14.49435242265463 1.718647196888924 3.113295815885067 5187.335239693522 0 0.1115040928125381 345.1311578005552 5.063694685697556 23.86495087295771 3.899005718529224 91.01579251885414 0.5948447287082672 200.5195641815662 8.828333236277103 0.1392083466053009 167.358269020915 59.4726185053587 37.39027342200279 4784.886485278606 2745.700937405229 0.4071793705224991 50.41032359004021 44.5870470777154 156.8619447126985 4.168716475367546 217.6737000644207 30.68751369416714 194.762804068625 52.2330996543169 8.169707760214806 6.82416969537735 1.045543558895588 1.72107121348381 0.5182758569717407 0.2407858446240425 1.39559119194746 0.2604906409978867 0.1785559505224228 0.2463901340961456 0.535891093313694 1.431399613618851 4.978531867265701 0 0.3521196842193604 0 0.4069668501615524 0.701873816549778 0 1.052760764956474 0.2189370170235634 0.1031601279973984 0 0 0.3124849125742912 0.2247626781463623 2.386386081576347 24.4805982708931 0 0.419910803437233 6.354055747389793 23.72062899917364 3.003721795976162 2.805061221122742 0.2333315014839172 0 0 1.785380363464355 0 5.789470307528973 0.1093394756317139 6.284464567899704 1.250236608088017 1.290343344211578 0.3678158968687057 0.1831511110067368 0
0.1448818445205688 255.7744062542915 25.4481855109334 0 0.7692472860217094 0.9913394525647163 5.595452301204205 0.6709312051534653 742.8140332698822 0.2855164259672165 35.83963192999363 3.149899683892727 797.2562586143613 0.8021510988473892 12.66706075519323 163.6179152578115 45.44106177985668 44.8813126757741 117.5221001133323 0 6.728322587907314 3256.687556169927 9.507138654589653 1070.612191148102 2706.870476558805 867.5186171233654 8949.768394805491 68.39986328780651 4.457518093287945 1.454020641744137 113.3853356465697 0.14442378282547 0.4598098769783974 24.05819631367922 0.137475848197937 59.69322725385427 98.5984849780798 42.42925903201103 16.91675946116447 22.77501074969769 0 119.4697003886104 0 0 51.42636822909117 62.19264155626297 0 0 0 0.3452262431383133 0.09807778894901276 3.102205835282803 0.1522691249847412 23.63890718668699 0.1127265095710754 51.1447422131896 0.1178153604269028 0 4.495869867503643 37.9249968752265 9.967146724462509 60.21146839857101 0 0 34.72346548736095 10.26005297899246 6.102198339998722 65.29434926062822 327.0647305548191 1690.918627478182 1.937528036534786 0.239879310131073 0.3267027735710144 8.032587684690952 0 0.1858257129788399 13.61308105289936 0.2831381410360336 21.94721971452236 13.13097922503948 31.6874096468091 9.826903432607651 0.615327000617981 0 7.959579482674599 0
102.8913158997893 25.4481855109334 8131.181971676648 0 0.9724536165595055 3.824568949639797 2623.550988003612 220.8820087760687 1.05127264559269 25.03443437069654 40.43662618845701 0.09056909382343292 28.58657719939947 291.143562272191 0.1055096834897995 13.161616563797 2309.688014768064 27.57749078422785 231.2993703484535 0 575.0285167470574 10.93946982175112 12509.3124819994 40.68973744660616 0.5151242986321449 11494.7472737655 7485.496150813997 949.567055746913 130.4620139971375 1144.374160267413 8.412693127989769 3.17984265089035 5.027112849056721 401.8019715771079 17.85493259131908 1043.976799204946 3030.022007167339 1203.748120293021 846.7807409465313 32.96624748408794 12.57715343683958 16.96063531190157 3.675497129559517 2.782852992415428 321.2419627457857 1288.998991444707 0 0 0.3025040552020073 13.00690310448408 3.881049536168575 4.353023394942284 0.6152886748313904 4.187508128583431 0 4.532287001609802 7.82533897459507 0 18.30237936228514 386.4319051280618 6.528440356254578 78.74060683697462 0 5.008819855749607 114.1121631115675 208.6064589843154 16.37702405452728 3.948158666491508 364.3969195336103 3034.446800798178 10.43697801232338 2.518278233706951 5.226793497800827 4.863454386591911 0 0.1189201101660728 78.94901361316442 5.920843213796616 112.4897004440427 39.48334447294474 207.9442642107606 52.04889194667339 1.447997629642487 0 0.3986738175153732 0.4423356428742409
1.266866132616997 0 0 1269.16349118948 1.936615437269211 18.31917563825846 25.21534553915262 25.8583976328373 390.0016911253333 4162.909457869828 0.4868125915527344 814.9024067148566 0.1984775438904762 8.913206651806831 20.02289752662182 0 0 0.2865061685442924 0.1924212649464607 2629.165278159082 0 0.1735125333070755 0 726.2993610352278 0 0.223247304558754 0.2419228926301003 5330.123709127307 12.72503528743982 0 0 2.057629436254501 1.405895709991455 3.457620821893215 0.5328653827309608 61.39098131656647 1.052345089614391 10.2697331532836 3.785609625279903 59.98866916447878 0.5595046505331993 0.1356065273284912 0.3336669430136681 0 0.2042443230748177 0 46.35523863136768 1.007390707731247 12.95145857334137 8.458889715373516 5.45330398529768 74.48912710696459 90.73455246537924 0.1392224133014679 120.1500127911568 0 2.49885205924511 7.407773412764072 0 0 0 0 58.81251383572817 0.103671669960022 0 0.09108398854732513 99.95974596589804 0 0.1236571073532104 0.6513446569442749 143.3363344296813 2.394168205559254 0.2070978581905365 0 0.1969687342643738 0 1.065644204616547 0 8.016006551682949 0 1.879647053778172 1.025624573230743 29.48561312258244 0.6898844987154007 0 0
9.664834626019001 0.7692472860217094 0.9724536165595055 1.936615437269211 205.4495104700327 1511.970974989235 10.64694374799728 1053.330926768482 109.6642107367516 35.89499233663082 24.28868986666203 196.2752165049314 19.10275468975306 222.5675472319126 1924.832734003663 0 1.695407263934612 1.827582910656929 0.9575368613004684 9.695087186992168 0.6198963522911072 1.341332457959652 0.8807099163532257 30.70602290332317 0.4815135300159454 3.138835281133652 2.068427912890911 7.507070131599903 145.11945566535 4.330890938639641 0.1448743939399719 90.38808995485306 0.5217223763465881 144.2930465936661 1.643623612821102 63.36821814626455 9.417477265000343 226.0253173261881 56.16976959258318 2754.186121821404 179.5509067922831 11.92095211148262 2.642509952187538 0 0 0 0.1874522417783737 0 0 0.2717828750610352 0 1.445136889815331 0.7958244979381561 0 0.208831787109375 0 0.5318312644958496 0 0 0 0 0 0 0 0 0 3.980215415358543 0 0 0.3651761785149574 3.148162513971329 0.9203103557229042 0.5973798334598541 0 0 0 0 2.308069460093975 0.1658202707767487 0.1815418899059296 0.7799241095781326 0.09193596988916397 0 0 0 0
7.989049427211285 0.9913394525647163 3.824568949639797 18.31917563825846 1511.970974989235 11108.78443327546 394.9705734625459 8849.985024347901 291.1601956859231 8495.745059154928 36.25375863909721 5796.481061391532 21.1106880903244 422.8322975710034 2409.872845284641 0 5.438844755291939 7.815668873488903 5.602688759565353 393.0403231754899 0.8317812904715538 5.358210042119026 3.273618124425411 176.3452952727675 0.8462098613381386 10.25655820965767 3.544953145086765 177.7043299525976 147.3627505749464 9.851411893963814 1.395578928291798 475.7961162626743 1.545863457024097 159.5152079761028 5.946280628442764 952.5945599973202 23.04910035431385 251.6049326956272 80.24884856492281 4053.923810482025 470.1801635101438 16.75045256316662 5.109758846461773 1.402797698974609 0 0 7.402670167386532 1.561939209699631 23.74266728013754 6.466476701200008 3.183548882603645 74.50630538910627 26.41229090094566 1.109847337007523 49.86113562434912 0.3985099419951439 10.15302324295044 20.55218936502934 0.3234605193138123 0 0 0 10.9306867569685 0 0 0 112.4684050902724 0.1116384863853455 0.7554891929030418 1.00043249130249 95.51172257959843 6.526313036680222 12.45721665024757 0.3964789509773254 1.148591876029968 0.4548356533050537 2.327009826898575 1.273887529969215 33.33874005824327 0.4032178595662117 7.692506022751331 4.957672394812107 105.1744851469994 3.06258299946785 0 0
3179.876066401601 5.595452301204205 2623.550988003612 25.21534553915262 10.64694374799728 394.9705734625459 14812.94385415316 4200.858643628657 418.0627533122897 4989.083425138146 47.2498521655798 74.7742258682847 15.26390252262354 7526.454292461276 16.43595364689827 15.90801657736301 431.8192701786757 16.405118688941 48.68534622341394 11.95119048655033 343.9757928624749 47.22022539377213 2398.967619732022 1227.230767093599 0.9401204288005829 1146.361078061163 568.0410134121776 16890.20601709932 2530.929320186377 11530.64701075852 2.30441502481699 68.01488830149174 337.1566848158836 310.1259902045131 57.57800905406475 4607.243093505502 359.2255750969052 1126.360091671348 493.377668865025 234.701954677701 29.7317875996232 12.1585391163826 17.87920378148556 8.914287686347961 6.868680663406849 63.87355055660009 66.83023386448622 1.542853876948357 43.53262551128864 102.3218111768365 72.32345702499151 157.9744610264897 241.351752564311 9.19273404031992 40.77636177092791 1.420926697552204 112.4205885007977 10.93624041229486 18.57390370219946 16.10807277262211 1.646903894841671 3.173957116901875 75.73530650883913 9.751733124256134 22.23301741480827 27.45916521549225 1158.192192032933 0 15.58703459054232 173.1332152411342 1100.415292352438 83.85181745886803 78.40176463127136 0.4311547875404358 3.714287832379341 8.193940915167332 37.38230080157518 4.973517782986164 212.6759559884667 7.199497021734715 130.0692905187607 40.44302849471569 108.0806752815843 23.5559399202466 0 0.8800302818417549
466.5128867849708 0.6709312051534653 220.8820087760687 25.8583976328373 1053.330926768482 8849.985024347901 4200.858643628657 10549.94182191789 69.22082380205393 5466.751687839627 139.4126646444201 1270.329812087119 99.26534580439329 8442.091218158603 297.3923632279038 0.7651864141225815 316.3784097880125 21.46487542241812 31.18874318897724 250.3406936749816 76.71516235917807 4.701423183083534 239.2646280527115 123.3786722570658 2.95410318672657 256.734945602715 65.25537933409214 274.4363352134824 558.1690611355007 570.1447856649756 3.797636233270168 1988.872027620673 26.24553599208593 878.5517477989197 28.01530113816261 1242.280930273235 117.4863530993462 1016.206359133124 348.0061818063259 1724.117761954665 1078.783787794411 78.38596603274345 21.28928279876709 1.648894250392914 0.5283455476164818 3.436370141804218 1.829769685864449 0.3920372426509857 2.407675676047802 11.45913720875978 6.998678900301456 27.39929942786694 12.219835460186 1.244396433234215 3.953318126499653 0.3033812195062637 20.89544986188412 2.38067614287138 3.952860772609711 0.4694923534989357 0.1269568055868149 0.3887921273708344 1.169203102588654 0.5797102153301239 2.033289767801762 3.324035473167896 171.4881514906883 0.2963201105594635 1.63082616776228 13.66866410523653 144.5189076438546 14.05853129923344 22.4013657271862 0.333098292350769 0.844160184264183 0.8528008311986923 4.482194915413857 1.686315678060055 33.42629037797451 2.788391925394535 22.42914378643036 9.305729083716869 15.33324021846056 2.85389307141304 0.2989965528249741 0
9.361593313515186 742.8140332698822 1.05127264559269 390.0016911253333 109.6642107367516 291.1601956859231 418.0627533122897 69.22082380205393 1028.380035206676 808.0277274698019 8.118121862411499 712.7415340095758 22.41811792552471 28.55220700800419 718.4667966663837 8.852194622159004 3.816846035420895 4.364160515367985 16.84972639381886 437.5638338923454 13.89458034932613 3099.675499431789 3.035843908786774 10435.2185645774 92.898821644485 71.73225868493319 809.3644063696265 2193.578720785677 53.61708398908377 36.95184572041035 6.298324108123779 7.643812097609043 2.718721494078636 10.11226850003004 0.4988806694746017 99.3634148016572 11.49508783966303 30.91291152685881 6.419253550469875 507.4924055486917 4.878961250185966 1.543453589081764 0.1160319223999977 6.097774162888527 4.96012569963932 3.433819979429245 146.1964128986001 1.556933991611004 23.39890147000551 34.67812033742666 15.19745139032602 75.74225119501352 163.4942126125097 2.41627062857151 116.5020129159093 0.3702663406729698 30.30573770403862 9.200851030647755 172.6258325427771 2.44566760212183 0.5568878278136253 1.453905113041401 109.2989403158426 48.66038462519646 26.77925729006529 12.25050491094589 1835.646948508918 0.6599418222904205 8.261431328952312 26.1223169490695 924.5092398747802 35.33391477912664 117.3033186793327 0.4608556181192398 0.6442395001649857 5.17326008528471 14.28935008496046 3.064279116690159 79.05417956411839 8.228896826505661 41.63050969690084 18.74113362282515 47.88312669098377 3.441511198878288 0.2334847450256348 0.6896375343203545
178.4141811132431 0.2855164259672165 25.03443437069654 4162.909457869828 35.89499233663082 8495.745059154928 4989.083425138146 5466.751687839627 808.0277274698019 20760.50009086356 86.3055768981576 7484.770087301731 18.62352339178324 1914.353820897639 147.0132588893175 0.2173771411180496 16.30156812816858 34.56446941941977 29.47577897459269 5446.799415241927 2.96400485932827 1.301453396677971 22.5258573628962 920.5597325265408 1.741449154913425 41.8636820949614 11.30412051826715 3425.769540257752 954.8547083213925 31.41193922609091 3.000533871352673 180.9166715741158 83.78445613384247 238.0461554303765 19.67637350410223 2970.621983751655 87.65721260011196 852.9782005771995 198.0498007163405 679.3975974097848 41.03878972679377 8.327504009008408 14.94111159443855 1.891899742186069 0.5769864395260811 1.019368842244148 254.6531031280756 7.445738635957241 105.0876103788614 75.9539884403348 50.62828131020069 302.1863098293543 619.3595369681716 3.986082315444946 472.3409075662494 0.7900217920541763 70.23687372356653 73.02105280011892 0.6535483077168465 0.1084723547101021 0.5647332891821861 0.8089592307806015 332.5050583854318 2.679557107388973 1.041985280811787 0 659.5090368464589 0.3537195771932602 2.244697779417038 5.826495379209518 976.6204050183296 24.72005772590637 5.251812651753426 0.1789973452687263 0.7248856872320175 1.364314682781696 11.01759169250727 1.324343703687191 101.4441262558103 3.174905329942703 35.16972297430038 11.31586045771837 277.2886574566364 8.893085300922394 0.3007262051105499 0.327903151512146
14.49435242265463 35.83963192999363 40.43662618845701 0.4868125915527344 24.28868986666203 36.25375863909721 47.2498521655798 139.4126646444201 8.118121862411499 86.3055768981576 12570.33035263419 22.18378751724958 2250.708852633834 180.7395856454968 1.536430679261684 1.583305932581425 427.570066511631 4259.598605953157 3498.125677697361 8.978562906384468 23.62989076972008 6.098980396986008 49.34110376238823 6.47329618036747 790.011120967567 2652.20824509114 343.3855919614434 12.8115901350975 540.4754515439272 23.87377515435219 285.7169041782618 254.1699829623103 10.8770105689764 8073.978127360344 24.06951450556517 977.0441960692406 9024.187686651945 6772.820163980126 2186.248606689274 47.5643719509244 161.7038114964962 3030.368694826961 48.66247276216745 0 16.17951422929764 3.4767846763134 0.751786470413208 0 0.7334056869149208 0.8538683280348778 0.7745835483074188 2.664500616490841 1.002878002822399 530.469745464623 0.08405892550945282 883.3322549760342 2.002929717302322 0 0.1576362103223801 1.736325651407242 84.61961667239666 27.90016143023968 0.08690551668405533 0.237990528345108 1.430526576936245 2.974280223250389 10.50908207893372 157.9422385171056 365.3972244337201 404.9027262702584 12.90211892873049 3.978271946310997 1.058223396539688 199.7350552007556 2.91574539244175 0.3031003847718239 36.31204411387444 9.079584866762161 37.54842534661293 273.4974511489272 72.78813551366329 7.953444957733154 0.854884184896946 1.03009095788002 279.3063458874822 0
1.718647196888924 3.149899683892727 0.09056909382343292 814.9024067148566 196.2752165049314 5796.481061391532 74.7742258682847 1270.329812087119 712.7415340095758 7484.770087301731 22.18378751724958 7769.23508798331 4.274554662406445 131.1785245463252 1569.091677069664 0 0.7840966656804085 5.67399188876152 6.193017855286598 4920.020130120218 0.392752967774868 9.974286213517189 0.09252893179655075 1202.706457711756 1.116259716451168 4.678672946989536 5.946974150836468 741.9140086695552 106.4984987825155 3.055568262934685 0.6788410842418671 80.18520157039165 0.3045548424124718 46.40634754300117 1.453124351799488 902.9656601771712 17.40310970693827 146.7098737210035 23.71123624593019 1278.970470532775 18.39147395640612 5.558040678501129 1.821689568459988 0 0 0 46.64742518216372 4.590392783284187 77.08799707889557 3.204446651041508 7.074248403310776 259.7835867330432 108.9600095897913 0.410366490483284 209.4262980520725 0 7.026997059583664 64.51666811853647 0.3605382442474365 0 0.2000871077179909 0 88.80735294520855 0.3720827400684357 0 0.708543062210083 113.7958296015859 0 0.5078979805111885 0.7020658478140831 134.3873106688261 4.321381039917469 9.242171660065651 0 0.1846490502357483 0.3132432401180267 1.527556195855141 0.1652374863624573 59.68354115635157 0.100929893553257 5.800605610013008 2.07789546251297 251.6802352070808 2.669377416372299 0 0
3.113295815885067 797.2562586143613 28.58657719939947 0.1984775438904762 19.10275468975306 21.1106880903244 15.26390252262354 99.26534580439329 22.41811792552471 18.62352339178324 2250.708852633834 4.274554662406445 3393.481644593179 47.28380353748798 0.6151329427957535 5.414863705635071 23.51937517523766 86.08225188404322 17.442926466465 2.610605828464031 30.29209198057652 99.76070176064968 16.78605262935162 54.61072463542223 6107.350714407861 908.4983934983611 4188.440493017435 77.18524733930826 73.91391114145517 47.09861905872822 1146.881857551634 93.71373891830444 1.400891192257404 1120.441600322723 134.7717949599028 2366.757205672562 4314.157442063093 2727.655202455819 1006.4588874951 219.9763843864202 237.4152062013745 2299.373475506902 87.98323059082031 1.035345293581486 49.08252277225256 1.466249547898769 0.1351288408041 0.5538518279790878 2.577753245830536 0.8363463208079338 1.274116411805153 1.502717636525631 1.483821429312229 1803.19252191484 0.2024303898215294 3070.876264899969 7.058247283101082 2.834295988082886 0.3256550431251526 0.2724077180027962 126.1466647386551 22.79093085974455 1.748520739376545 2.520401760935783 3.408229969441891 3.338915839791298 13.82499618083239 652.1865705400705 434.2308848127723 521.4509529396892 11.77257964760065 13.51229323446751 3.07792104780674 432.8212337121367 4.668334051966667 0 126.0770801082253 52.48326817154884 902.4178535416722 970.0043980032206 222.498698361218 48.63134787231684 5.205170653760433 0.3065464794635773 1006.510427594185 4.033844470977783
5187.335239693522 0.8021510988473892 291.143562272191 8.913206651806831 222.5675472319126 422.8322975710034 7526.454292461276 8442.091218158603 28.55220700800419 1914.353820897639 180.7395856454968 131.1785245463252 47.28380353748798 10314.52734860033 10.97611339390278 0.6770059540867805 579.3983915373683 45.52158734202385 59.28030098229647 56.94668440520763 172.6082637757063 1.494836822152138 418.107406064868 53.60744361579418 2.072810389101505 387.9855920523405 116.7253626212478 189.3410875722766 6399.342603608966 2248.962778508663 6.883595615625381 756.6821684911847 92.66357408463955 1683.141618072987 16.29461508244276 837.0205359756947 142.2389602214098 1065.522672764957 252.6312075555325 222.3116997256875 548.7015189751983 32.90427592396736 8.722222365438938 0.9930207282304764 0.3109875619411469 2.935527935624123 1.011238306760788 0.1465179771184921 3.429902210831642 6.517432942986488 6.136968933045864 17.24033717811108 8.41431288421154 1.866449296474457 0.897381067276001 1.155782483518124 11.79961325228214 0.1398582458496094 1.124859780073166 1.305589132010937 0.1182722747325897 0.9105034470558167 0.7980669885873795 0.514722928404808 2.436841696500778 3.589584015309811 116.1503053382039 0.1614079475402832 4.150216393172741 15.61220087110996 106.9016928598285 10.97774174064398 15.71937768161297 0.5569469779729843 0.1291681677103043 2.078085638582706 3.631589524447918 0.8801982030272484 25.93494833260775 2.401800125837326 15.0077159255743 6.263922497630119 6.521139323711395 2.71732521802187 0.184552863240242 0.2873230278491974
0 12.66706075519323 0.1055096834897995 20.02289752662182 1924.832734003663 2409.872845284641 16.43595364689827 297.3923632279038 718.4667966663837 147.0132588893175 1.536430679261684 1569.091677069664 0.6151329427957535 10.97611339390278 714.7528393045068 0 0 0.2311419993638992 0.6135119125247002 156.4751296713948 0.09677772969007492 49.13241887837648 0 1102.338126406074 1.658458389341831 1.909260027110577 19.05016555637121 62.56337473541498 6.490603014826775 0 0.3788833320140839 58.41494239866734 0 6.476505450904369 0.2025917768478394 46.19963181018829 0.5977714359760284 12.23102160543203 1.077232763171196 1207.613189935684 88.67330940067768 0 0 0 0 0 0 0 0.6216768026351929 0.4007420763373375 0 3.810025960206985 0.5177041366696358 0 0.1681454479694366 0 0.1281844675540924 0 0 0.2498637586832047 0 0 0 0.1040776744484901 0.1462393403053284 0 12.49256149679422 0.1082490757107735 0.2438643500208855 0 8.110914878547192 0.3966584950685501 0.9357542097568512 0 0 0.1016878262162209 0.4878650009632111 0 0.7211689278483391 0 0.5111725330352783 0 4.535475626587868 0.2424055188894272 0 0
0.1115040928125381 163.6179152578115 13.161616563797 0 0 0 15.90801657736301 0.7651864141225815 8.852194622159004 0.2173771411180496 1.583305932581425 0 5.414863705635071 0.6770059540867805 0 5230.70715803653 14.98325622081757 0.1697109639644623 2.252520345151424 0 4308.320044204593 3766.041091412306 4111.425254374743 1075.99467869103 2.481385312974453 14.89238847047091 3657.02055002749 3649.433800086379 37.60578649491072 24.26766239851713 0.1055745556950569 0 19.49403965473175 68.63183742016554 31.96502523869276 1601.070131793618 535.6337302327156 542.5447571575642 553.5976440832019 21.86276099085808 12.38931399583817 7.897929400205612 11.53408734500408 0.5352948233485222 4.792006723582745 28.7012902572751 0 0 0 10.9271629229188 1.364991001784801 1.722413949668407 0.9594698324799538 7.351732030510902 0.1919848322868347 0.09747951477766037 2.435080923140049 0 3534.798783615232 10.24783213436604 0.1274876296520233 1.756375305354595 0 498.240664228797 1165.031232386827 1778.551936596632 198.2015702798963 0 11.10411930829287 847.0349787473679 238.8516708686948 1.5280507132411 89.15852960944176 0 0 0.3194813430309296 24.81972087174654 9.324765272438526 136.0681858658791 29.35322723537683 97.03035657852888 86.1536602601409 2.989217609167099 0.4064046144485474 0 0.5235184133052826
345.1311578005552 45.44106177985668 2309.688014768064 0 1.695407263934612 5.438844755291939 431.8192701786757 316.3784097880125 3.816846035420895 16.30156812816858 427.570066511631 0.7840966656804085 23.51937517523766 579.3983915373683 0 14.98325622081757 2458.600928649306 172.9885243624449 2156.415975272655 0.1762274354696274 554.0562151074409 11.48323302716017 3315.906431861222 16.76433024555445 1.589231573045254 2106.455160044134 7133.286176227033 107.8265241533518 841.8127308487892 1521.808015435934 13.31636187434196 11.55066101998091 40.89579810202122 3410.216018028557 15.53187556564808 1380.541728526354 3142.991510272026 2280.097179800272 687.9556973353028 43.29901267588139 6.757972031831741 8.406506262719631 5.847173117101192 0.2829510271549225 229.030040293932 508.6282190382481 0 0 0 2.336345322430134 0.3679952621459961 3.201500408351421 0 2.478940203785896 0 4.232894599437714 2.698795467615128 0 6.690865628421307 180.3155602514744 14.07873620837927 184.3699887394905 0 1.963071189820766 22.05383545905352 20.85221803933382 10.14673689007759 3.010233379900455 761.3285982310772 1767.982911854982 5.51792673766613 0.3137530535459518 3.055491581559181 2.320924788713455 0 0 25.92738224565983 1.499458834528923 77.2266274318099 33.62899935990572 75.93128582090139 25.70519646257162 0.3316094279289246 0.4150297343730927 0 0.3610624819993973
5.063694685697556 44.8813126757741 27.57749078422785 0.2865061685442924 1.827582910656929 7.815668873488903 16.405118688941 21.46487542241812 4.364160515367985 34.56446941941977 4259.598605953157 5.67399188876152 86.08225188404322 45.52158734202385 0.2311419993638992 0.1697109639644623 172.9885243624449 1255.983788654208 2704.637472905219 3.442430883646011 2.734533049166203 14.88314950466156 13.02957770973444 8.243859849870205 280.9473161622882 1991.468870811164 574.2094324231148 6.067849397659302 129.0294237360358 7.34752881526947 161.4119080156088 31.67365838587284 4.931293651461601 1358.88566544652 10.35308822989464 840.3041703701019 2689.547861680388 1513.616950012743 556.5610697343946 34.92024880647659 5.876262672245502 26.87807518988848 7.037480592727661 0 29.02478832751513 4.653517059981823 0 0 0.190969705581665 0.2555288821458817 0.1084736883640289 2.230928435921669 0.4247976392507553 141.5064830631018 0.0871458575129509 201.7682730853558 0.3851345777511597 0 1.087292313575745 1.206022635102272 126.5774887651205 59.32861559092999 0.2669411823153496 0.1158782839775085 3.270216256380081 0.9984137117862701 5.957429848611355 49.50493048131466 611.6422858089209 712.3407606109977 2.138028517365456 0.4524623826146126 0.2649128437042236 114.8191792070866 0.1793214976787567 0.3466921150684357 11.88617907464504 2.295744858682156 25.8930367231369 29.9097672700882 23.99976781755686 6.169905968010426 0.357852429151535 0 0.288377933204174 0
23.86495087295771 117.5221001133323 231.2993703484535 0.1924212649464607 0.9575368613004684 5.602688759565353 48.68534622341394 31.18874318897724 16.84972639381886 29.47577897459269 3498.125677697361 6.193017855286598 17.442926466465 59.28030098229647 0.6135119125247002 2.252520345151424 2156.415975272655 2704.637472905219 4116.521829515696 2.523695237934589 22.16108889132738 35.96483147889376 138.2543411031365 28.13026755303144 18.71933032572269 7836.641941718757 2568.64662245661 14.1491727232933 149.4975486472249 58.21676746755838 22.23944912105799 14.61851923912764 5.891053885221481 4414.952587306499 11.12049058824778 1550.507366679609 2278.584896050394 3194.035995110869 863.3451310098171 72.28102471679449 1.651013851165771 12.39328099787235 8.665539376437664 0.726764090359211 207.1782557591796 127.385698273778 0 0 0 1.525746956467628 0.6005898639559746 6.850240997970104 0.08281421661376953 9.150702483952045 0 13.55171545594931 2.823422312736511 0.09869150072336197 2.977562017738819 75.28170747309923 41.629061460495 359.1483146026731 0 0.386654905974865 9.894264608621597 4.762440487742424 13.92558770626783 20.79588873684406 1398.767493650317 1739.473683454096 3.497081257402897 1.427213810384274 2.25575664639473 9.012217946350574 0 0.1735388338565826 18.15260537713766 6.527197688817978 77.46366888284683 38.28041338175535 63.6096046641469 23.84320911020041 0.4223275557160378 0 1.268900752067566 0.4944824278354645
3.899005718529224 0 0 2629.165278159082 9.695087186992168 393.0403231754899 11.95119048655033 250.3406936749816 437.5638338923454 5446.799415241927 8.978562906384468 4920.020130120218 2.610605828464031 56.94668440520763 156.4751296713948 0 0.1762274354696274 3.442430883646011 2.523695237934589 554.8793331980705 0.09715914726257324 0.4343914091587067 0.5639706328511238 292.5604565069079 0 2.022162593901157 0.6033255308866501 3838.828959457576 51.59208533912897 0.8483887240290642 0.4874270781874657 20.70945889502764 1.076666638255119 15.76530235260725 1.275551587343216 212.9458035901189 7.437593027949333 65.21972791850567 10.48125629127026 311.3286204040051 5.05740313231945 0.4485256001353264 0.659784309566021 0 0 0 44.84337758272886 1.530805304646492 28.17741672694683 6.958459854125977 3.805207163095474 109.3226903602481 94.06500716507435 0.5088158920407295 113.2374443262815 0.08819855749607086 2.808647312223911 16.99414590746164 0.1118543818593025 0 0.114513672888279 0 55.94547948241234 0 0.4390597492456436 0 89.42318011820316 0.1067942231893539 0.2739612981677055 0.3937583640217781 134.9276368543506 2.003212124109268 0.8844629898667336 0 0 0.2210134565830231 0.2024735957384109 0.1217195466160774 10.9361851811409 0 1.124926619231701 0.5450527369976044 70.43659330904484 0.277219146490097 0 0
91.01579251885414 6.728322587907314 575.0285167470574 0 0.6198963522911072 0.8317812904715538 343.9757928624749 76.71516235917807 13.89458034932613 2.96400485932827 23.62989076972008 0.392752967774868 30.29209198057652 172.6082637757063 0.09677772969007492 4308.320044204593 554.0562151074409 2.734533049166203 22.16108889132738 0.09715914726257324 16796.08781521022 288.9163636639714 18868.31870243698 193.2482012882829 0.5261788070201874 50.47954177111387 2067.638595841825 3042.866987302899 376.9107345715165 14177.11039518565 0.5625601634383202 4.522692136466503 36.19484836608171 2516.283393703401 170.7068658992648 6787.882299236953 925.1321271508932 5922.377628974617 3326.08109472692 94.55914734303951 73.6132036447525 19.92952305823565 29.97041791677475 0.3818622007966042 1.851301446557045 23.73646429181099 0 0 0.1343946903944016 4.077887043356895 0.2856795191764832 1.217994391918182 0.3547300547361374 11.24307230114937 0 0 1.213628828525543 0 808.1706205531955 7.469660051167011 0.5541118383407593 3.08455615490675 0 420.1143198385835 274.5804009586573 194.4199248477817 232.1090855151415 0 10.32398707419634 74.59414041042328 254.069852091372 8.154751770198345 183.021076336503 0 0 0.5412183627486229 20.96349458396435 18.61387774348259 115.8046287596226 25.98116727918386 62.00120136886835 33.63956464827061 0.4176296293735504 0.2548304498195648 3.448600292205811 0
0.5948447287082672 3256.687556169927 10.93946982175112 0.1735125333070755 1.341332457959652 5.358210042119026 47.22022539377213 4.701423183083534 3099.675499431789 1.301453396677971 6.098980396986008 9.974286213517189 99.76070176064968 1.494836822152138 49.13241887837648 3766.041091412306 11.48323302716017 14.88314950466156 35.96483147889376 0.4343914091587067 288.9163636639714 1405.498734124005 357.3776487708092 8661.283381126821 466.6857510432601 246.6075805872679 4789.453202180564 1110.5002649948 65.73000306636095 20.01436696946621 27.3199350386858 0.2740070521831512 34.25106310844421 14.63465222716331 1.713214419782162 70.60298213362694 42.27061223983765 40.37744615226984 25.67439509183168 102.2140980437398 0.755718857049942 5.232809662818909 0.2353182137012482 0.2364295199513435 38.30888196825981 87.69820769131184 0.1097848415374756 0 0 7.666026443243027 0.7811611890792847 4.23258950561285 0.56635532528162 6.446213617920876 0 5.275642685592175 2.202688112854958 0 2156.515756584704 18.31243223696947 0.608979120850563 7.36982836574316 0.210514061152935 205.0527713671327 643.136375784874 854.5926739647985 133.4004822745919 0.409552127122879 28.43787486106157 1775.568526387215 131.3291605040431 2.29010446369648 33.25919135659933 2.050502151250839 0 0.1041309535503387 19.51064115017653 2.565391421318054 70.28988797217607 14.68600299954414 68.87257646769285 45.6738843396306 0.9541455507278442 0.143163338303566 1.166171863675117 1.126419305801392
200.5195641815662 9.507138654589653 12509.3124819994 0 0.8807099163532257 3.273618124425411 2398.967619732022 239.2646280527115 3.035843908786774 22.5258573628962 49.34110376238823 0.09252893179655075 16.78605262935162 418.107406064868 0 4111.425254374743 3315.906431861222 13.02957770973444 138.2543411031365 0.5639706328511238 18868.31870243698 357.3776487708092 21830.87818460166 62.67659872770309 1.033161237835884 3042.420540235937 13612.47476150841 2849.913278788328 509.9307380616665 6426.048052318394 1.455906592309475 6.704585023224354 27.74609581381083 2960.327077135444 170.3078442364931 7363.856123015285 5731.139369294047 9339.131341971457 4920.44984228909 205.714989207685 150.6543250456452 43.94933702796698 40.63955214619637 0.6766377314925194 16.19224666059017 258.0473433434963 0 0 0 16.04750350862741 1.713664501905441 1.490965969860554 1.445142440497875 3.535063654184341 0 0.73234623670578 4.152684204280376 0 1658.242435052991 63.29473202675581 0.8010762631893158 5.113636173307896 0 153.607806481421 421.6984492987394 1386.847140178084 62.89077770709991 0 25.67393360286951 1815.324700891972 77.11208777874708 1.698370963335037 23.32384479045868 0.7986615300178528 0 0.1098815500736237 27.96067164093256 19.1150318607688 110.2569723278284 16.93014881014824 121.2395208030939 79.23549232631922 1.928417980670929 0.7817305624485016 1.09904745221138 0
8.828333236277103 1070.612191148102 40.68973744660616 726.2993610352278 30.70602290332317 176.3452952727675 1227.230767093599 123.3786722570658 10435.2185645774 920.5597325265408 6.47329618036747 1202.706457711756 54.61072463542223 53.60744361579418 1102.338126406074 1075.99467869103 16.76433024555445 8.243859849870205 28.13026755303144 292.5604565069079 193.2482012882829 8661.283381126821 62.67659872770309 8993.235564641654 112.5669594109058 141.9034004658461 3123.563333854079 10532.67944915593 120.9974667206407 82.16832309961319 7.660127878189087 10.3770308047533 20.27378325909376 35.44958208501339 10.29583244770765 956.7879868894815 48.08508723974228 161.7087120115757 99.13053768128157 1007.848488144577 9.406406030058861 10.20269378274679 6.643814913928509 23.81683561205864 16.78326924145222 18.76733269542456 257.0234266445041 4.609127670526505 93.2007909193635 195.5429396256804 118.534807048738 1303.141041137278 510.8331453502178 22.6923219487071 150.2630431652069 1.684462621808052 215.6514099910855 13.86335837841034 424.3741013631225 12.64536305516958 2.798909343779087 5.220666997134686 236.9152436628938 213.7845687419176 591.399228811264 81.82931064069271 4293.027342043817 1.243795819580555 20.24681590497494 111.9796480387449 3354.106733672321 187.3721542581916 429.2217315509915 1.652069799602032 8.103087492287159 22.66162095963955 84.53122639656067 10.1377365514636 467.8907201215625 27.86437670886517 266.4384288564324 118.0122586637735 188.8338498175144 49.13963203132153 2.20930689573288 3.775978974997997
0.1392083466053009 2706.870476558805 0.5151242986321449 0 0.4815135300159454 0.8462098613381386 0.9401204288005829 2.95410318672657 92.898821644485 1.741449154913425 790.011120967567 1.116259716451168 6107.350714407861 2.072810389101505 1.658458389341831 2.481385312974453 1.589231573045254 280.9473161622882 18.71933032572269 0 0.5261788070201874 466.6857510432601 1.033161237835884 112.5669594109058 720.2610353603959 2106.958697929978 5155.188160091639 5.76578313857317 5.213629320263863 0.4297195747494698 1365.013808220625 1.66682967543602 0.1450560390949249 213.981186978519 0.3835293799638748 67.35480030626059 297.9209700375795 310.0920346081257 86.09850758314133 4.592232890427113 14.823785841465 844.877268448472 3.668914288282394 0 83.82959726452827 0 0 0 0.349496454000473 0.2894768714904785 0.4765339493751526 0.7561627849936485 0.4110251292586327 500.5686147361994 0.2079156488180161 1295.480321615934 1.57038114964962 0 0.1816317141056061 0.1368167251348495 93.17650218307972 12.08408794552088 0 0.1303950995206833 4.157444968819618 0 1.189739935100079 252.921536155045 405.7794978693128 1090.837804824114 0.07859937101602554 2.536184266209602 0.09703686833381653 202.9641340374947 0.8534485548734665 0 48.85067868232727 0.1757784932851791 20.97680079936981 85.43487478047609 98.61950016021729 12.73060225695372 0.7363061606884003 0.5730235576629639 93.75927203148603 0.1630358844995499
167.358269020915 867.5186171233654 11494.7472737655 0.223247304558754 3.138835281133652 10.25655820965767 1146.361078061163 256.734945602715 71.73225868493319 41.8636820949614 2652.20824509114 4.678672946989536 908.4983934983611 387.9855920523405 1.909260027110577 14.89238847047091 2106.455160044134 1991.468870811164 7836.641941718757 2.022162593901157 50.47954177111387 246.6075805872679 3042.420540235937 141.9034004658461 2106.958697929978 50122.63141902536 31960.75281860679 248.7449449896812 325.8870733752847 630.4446674957871 1195.911788471043 28.46530122309923 14.91674537211657 1065.908539846539 19.5647089406848 1896.560784168541 5284.149842463434 2318.097643345594 949.4661626145244 82.65356085449457 13.63327022641897 78.64675821363926 8.74042908847332 1.887390270829201 921.8843074738979 493.3582009151578 0 0 0.1838498115539551 2.965625241398811 1.61157450824976 15.85355666279793 1.188077487051487 462.8398924544454 0.1877035573124886 701.5407934337854 4.299597002565861 0.2565256282687187 6.932800263166428 238.307821534574 484.1843341067433 1027.484249308705 0.1904033124446869 3.158945932984352 55.41149371862411 11.9740125015378 36.57863433659077 284.2435257658362 5317.470786601305 7273.82026155293 7.692773811519146 3.888575702905655 6.074799992144108 409.3256013169885 0.7102216184139252 0.2293502166867256 80.06152792274952 6.89681101590395 234.6643070057034 184.3841328248382 243.0278863459826 79.88852308690548 1.013248912990093 0 9.043053694069386 0.4697418361902237
59.4726185053587 8949.768394805491 7485.496150813997 0.2419228926301003 2.068427912890911 3.544953145086765 568.0410134121776 65.25537933409214 809.3644063696265 11.30412051826715 343.3855919614434 5.946974150836468 4188.440493017435 116.7253626212478 19.05016555637121 3657.02055002749 7133.286176227033 574.2094324231148 2568.64662245661 0.6033255308866501 2067.638595841825 4789.453202180564 13612.47476150841 3123.563333854079 5155.188160091639 31960.75281860679 34733.40642680973 3594.003726616502 214.1458026170731 278.6318175941706 1357.51246663928 6.447034537792206 42.37476382404566 2104.235226966441 76.96219569444656 4586.341395363212 4688.925725370646 4198.483190998435 2264.798382818699 171.1415882781148 41.6834489107132 61.43655300140381 24.51370457559824 5.661793753504753 2804.600004263222 2421.324954919517 0 0 1.500486992299557 44.69240994006395 9.778535097837448 18.33809019625187 2.658196464180946 243.8212717473507 0.09028656780719757 342.7474404871464 31.18787026405334 0 870.2362719625235 813.8633076250553 395.539228990674 855.9834505096078 0.08635897189378738 33.91329412907362 1829.005057573318 1683.725544013083 62.2978229150176 345.9450128749013 4678.232973597944 16295.88577400893 59.1814893335104 9.478389002382755 20.7349731773138 268.8962022736669 0.3895037472248077 0.1032098159193993 227.5122972652316 17.04073393344879 459.5247339010239 214.0397651866078 668.8251621127129 246.2375112697482 4.029187314212322 1.872832670807838 15.29534941166639 1.589141964912415
37.39027342200279 68.39986328780651 949.567055746913 5330.123709127307 7.507070131599903 177.7043299525976 16890.20601709932 274.4363352134824 2193.578720785677 3425.769540257752 12.8115901350975 741.9140086695552 77.18524733930826 189.3410875722766 62.56337473541498 3649.433800086379 107.8265241533518 6.067849397659302 14.1491727232933 3838.828959457576 3042.866987302899 1110.5002649948 2849.913278788328 10532.67944915593 5.76578313857317 248.7449449896812 3594.003726616502 20649.3274859786 649.6341054067016 15785.5763720274 0.8516130447387695 23.58570670336485 163.3155812323093 303.2615957781672 120.6489536166191 5766.756750531495 265.8237593621016 1266.409156657755 939.320877738297 273.4543533325195 23.83418679982424 34.94442880153656 33.63647408038378 33.86149341613054 10.58754955977201 54.08205907046795 241.2036890238523 6.13773712515831 105.795726172626 226.5049254372716 138.4283177033067 631.8309029713273 609.2240821644664 48.77754203975201 305.4296280145645 1.229682721197605 240.6861922070384 28.50831521302462 710.3197472691536 28.89239662885666 2.307859644293785 7.718748137354851 287.1959083080292 399.9835097044706 574.9474580436945 186.513599820435 4046.558517590165 0.08658882230520248 17.13722677528858 197.8001268878579 3574.636114381254 253.2699497491121 918.5731368660927 0.6079756319522858 8.945270612835884 29.76756202429533 112.4686525091529 20.14104086905718 638.736383870244 56.10706389695406 354.3290717750788 138.9062532186508 230.6815258786082 53.05186457931995 0.4264240860939026 5.961666695773602
