400.8880709186196 0.1974791809916496 14.07751329988241 0.4999787136912346 0 10.4152415767312 3064.966274280101 756.301334079355 0 350.2568047754467 4.836713910102844 0 1.658489793539047 4031.109560396522 0.2422090172767639 1.583970986306667 53.11506329104304 1.469242729246616 2.18055833876133 0 74.67029305547476 0 83.55045626312494 64.8597901314497 0.1657983139157295 8.125906087458134 6.312451153993607 585.8974850922823 4842.887589830905 3656.878361843526 0.1490029245615005 20.4229180328548 1623.268425680697 685.3126537762582 10.05288655310869 16.9569843634963 4.597085252404213 392.944056764245 94.06504154205322 6.740409158170223 6.503815442323685 0.2754559367895126 1.749347761273384 0 0.1158209517598152 0.4575381726026535 0 0 0 0 0 0 0 0.0847223699092865 0 0.2008524984121323 0 0 0 0 0 0 0 0 0 0.3073572069406509 0.2507624477148056 0 0.08679824322462082 1.201574459671974 0.4177393168210983 0 0 0 0 0 0 1.253733813762665 0 0 0 0 0 0 0 0
0.1974791809916496 471.753824763 610.3184440433979 0.1677085608243942 0 0.5487603470683098 40.05386687070131 0.962259478867054 228.3717443197966 2.129402354359627 277.627790607512 0.1056127324700356 611.4844009429216 1.046222023665905 0 540.2221048399806 112.1956264525652 255.1025384217501 157.023809954524 0.4600267112255096 23.43270532041788 2635.990415513515 144.8090602755547 961.5018482506275 2557.213961943984 925.2172241359949 10133.78624529392 88.06518760323524 0.8126792013645172 19.79912415891886 33.83666681498289 0 0.4516308233141899 80.36027206480503 2.219712309539318 92.52263661473989 116.0088140144944 224.9879662320018 35.35981129109859 2.672257594764233 0.1513365060091019 3.8283980935812 0.4980169534683228 0 156.8212782219052 647.9031691849232 0 0 0.09072295576334 15.40660395473242 0 1.936567425727844 0.3366993144154549 15.1631124317646 0 31.86635033786297 0.4283689856529236 0 24.44749047607183 35.65344212204218 9.912498563528061 12.20987100154161 0 15.01723117381334 58.43797095865011 145.5866921022534 6.074531905353069 404.5643521547318 381.5914565846324 2207.665292136371 20.08128660917282 0.650182232260704 7.658097460865974 3.564509056508541 0 0 50.71773206442595 6.62706582993269 104.9159852489829 145.2823975011706 145.6123115718365 62.06513100862503 2.741421654820442 0.319953978061676 2.965529263019562 0.7627201154828072
14.07751329988241 610.3184440433979 7872.798943132162 0 0 3.599293097853661 1201.152970395982 30.76816087961197 0.5978669300675392 19.80549895763397 46.78714945167303 0 20.07641754299402 42.57328716292977 0 9.325067237019539 5464.081653006375 38.63986571878195 376.3049829080701 0.2240033224225044 1607.550262890756 9.798327527940273 10101.41334576532 46.70693595707417 154.7697199955583 6500.317641083151 11080.30044936389 692.2624502852559 19.96565570682287 1316.479143232107 2.289098255336285 0.7641523294150829 5.891627609729767 1378.573972776532 47.33135848492384 1143.459123782814 801.1427751407027 3259.253568030894 994.6181108951569 25.20911864936352 1.879740528762341 5.308534190058708 2.117114119231701 0 271.6286867782474 279.9235260859132 0 0 0 7.556111447513103 0 0.3028846085071564 0 1.390673533082008 0 2.284589275717735 0.2664007097482681 0 43.91533429920673 6.147456258535385 1.170820891857147 2.554253868758678 0 6.34780365973711 28.06010955572128 104.0610672459006 3.613456234335899 26.49054826796055 58.77551522105932 578.7378516569734 8.308993682265282 0 2.410886071622372 0.2649594321846962 0 0 12.09372961521149 6.799661077558994 42.02628641575575 28.22135892510414 37.69450295716524 21.94742697477341 0.6394424960017204 0 0 0
0.4999787136912346 0.1677085608243942 0 3495.658450573683 0.6384062767028809 103.0346766114235 24.71819806843996 5.044939875602722 31.78393176198006 2385.334715694189 0.6140302643179893 968.6310354173183 0.4782140627503395 3.182268939912319 23.34053653478622 0.7845652848482132 0 0.3250367790460587 0 2529.917831167579 0.2869275808334351 0.7529464438557625 0.5030203238129616 1020.535197660327 0.1007240936160088 0.4834856316447258 0.3242397531867027 1238.973910234869 10.86285021156073 1.608433954417706 0 0.6897030770778656 2.964000910520554 10.93500578403473 2.042004942893982 74.53704858571291 0.5837933570146561 17.34413038939238 5.916111335158348 340.6578684598207 0.8221224099397659 0 0.1638983190059662 0 0 0 55.97448498010635 0 0 0.7016498371958733 0 3.560474991798401 49.08811819553375 0.08125907927751541 24.32551495730877 0 0 0.2603893876075745 0 0 0 0 10.22847643494606 0 0 0 14.82540103048086 0 0 0.1293396800756454 125.94941149652 0 0 0 0 0 0 0 1.758373230695724 0 0 0 0.2092159241437912 0 0 0
0 0 0 0.6384062767028809 0 11.24565396457911 0.2952543422579765 5.014590740203857 46.63148069381714 1.468017376959324 0 66.39147164672613 0.5773084163665771 0 705.0702745467424 0 0 0 0 1.855957701802254 0 0 0 2.670138567686081 0 0 0 0.3745578676462173 0 0 0 30.70740738511086 0 20.00919902324677 0 24.00792147964239 0.1225822642445564 40.90767316520214 0.9017515182495117 800.9571475088596 1.495485812425613 0 0.7489418983459473 0 0 0 0 0 0 0 0 0 0 0 0 0 0 0 0 0 0 0 0 0 0 0 0 0 0 0.2003675550222397 0 0 0 0 0 0 0 0 0 0 0 0 0 0 0 0
10.4152415767312 0.5487603470683098 3.599293097853661 103.0346766114235 11.24565396457911 11915.29419434071 1228.947531931102 4932.443021658808 0.6549308896064758 17805.9394999221 70.65351481735706 1806.174755871296 3.196588926017284 227.8346998654306 844.5701896250248 0.3594144061207771 2.426787756383419 11.04541392624378 6.643058985471725 804.3223344683647 5.142236348241568 0.0991341844201088 7.392920635640621 19.22038043290377 2.116258636116982 19.93569989129901 8.140284679830074 66.87277807295322 540.1384509205818 16.11409407481551 1.330240800976753 1381.016268581152 4.443785883486271 505.1477142497897 1.701452784240246 35.16557946056128 22.72819123417139 227.1455059126019 21.37328412383795 695.6910605579615 22.31507508456707 0.4029623121023178 1.510997958481312 0 0.3896933272480965 0 0.3128408789634705 0 0 0.1722687259316444 0 0.2356882318854332 0 0 6.599168613553047 0.6828694641590118 0 0 0 0 0 0 0 0 0 0.1533690989017487 0.6592471525073051 0.3860175162553787 0 0.6060260310769081 0.6733118966221809 0 0 0.2211772501468658 0 0 0 0 0 0.2103416100144386 0.2457514405250549 0 0 0 0 0
3064.966274280101 40.05386687070131 1201.152970395982 24.71819806843996 0.2952543422579765 1228.947531931102 11239.3550927341 2965.507844492793 63.8825474306941 2458.943990960717 44.1195836737752 18.97831982374191 33.39705815911293 4797.196336336434 0.5182500407099724 15.80510596185923 307.7857518047094 9.370213530957699 18.06820108741522 1.131008446216583 1103.249612405896 24.13066036254168 1198.209676004946 1654.239443335682 6.372908897697926 272.734522473067 253.0687118843198 8041.701045099646 2297.017765682191 5232.508461866528 0.6753076910972595 65.7819745875895 650.2198417633772 2145.741489995271 180.2147984132171 1955.335734583437 63.13708655163646 2532.507841583341 1136.699506361037 109.1395515799522 103.6289135292172 6.309030555188656 50.0823831781745 0 18.68356735259295 16.97058547288179 0.7246939614415169 0 0 76.34064773470163 0.09502366185188293 28.96204560995102 5.361706852912903 7.39582633972168 1.645454108715057 0.7154854722321033 0.2299788892269135 0 64.39981793612242 0.08330375701189041 0.2811579555273056 0.08980365842580795 0 5.826830685138702 21.42975999414921 22.90951949357986 209.5560009405017 0.2733839154243469 2.435311488807201 40.15849167108536 175.6100981235504 0.09792443364858627 0.7230069935321808 0.09420111775398254 0 0 0.5046086311340332 9.877046205103397 16.26240564882755 1.004711464047432 2.249969378113747 4.184592232108116 0.3976931571960449 0.08799640834331512 4.660948276519775 0
756.301334079355 0.962259478867054 30.76816087961197 5.044939875602722 5.014590740203857 4932.443021658808 2965.507844492793 16184.63579364493 0.4333077967166901 4831.478805080056 65.70868879556656 177.6357147246599 5.013583812862635 5438.206533815712 247.2347375079989 3.55762904137373 80.32471617683768 12.56171109899879 8.688490100204945 98.55945610255003 124.3813832588494 0.2161448448896408 119.3389021493495 117.0422016717494 3.320071443915367 33.611303165555 20.0217766687274 522.8559595495462 1844.413917910308 830.2543589770794 0.5898555442690849 446.4595280587673 216.0211199782789 661.7354897372425 6.797411665320396 172.4591514207423 24.26276526972651 393.2417644001544 68.28930966183543 527.9746051430702 69.17081696912646 2.950838379561901 2.802979357540607 0 0.1918076649308205 0.7481842637062073 0 0 0 0.2595204040408134 0 0.2592709809541702 0 0.189797580242157 0.7645836547017097 0.4812099188566208 0 0 0 0 0 0 0 0 0.07908090204000473 0.2127457186579704 0.7214127518236637 0.5934328213334084 0.08847766369581223 1.305939085781574 1.737144246697426 0 0 0.4646045342087746 0 0 0 0.9736469313502312 0.6042634025216103 0 0.09498097002506256 0.09767666459083557 0 0 0 0
0 228.3717443197966 0.5978669300675392 31.78393176198006 46.63148069381714 0.6549308896064758 63.8825474306941 0.4333077967166901 102.4078574553132 58.29145405441523 1.559353478252888 30.635014295578 10.00725213438272 0.0811300128698349 462.7559750974178 17.34572386741638 0.3801182359457016 0.5908657610416412 0.4387345463037491 59.50076699256897 0.5624980106949806 1680.697382226586 1.205929383635521 4505.634858675301 14.43881396949291 3.675580322742462 65.93295926600695 463.3928366824985 0.6523339785635471 0.6713796406984329 0.3674412667751312 0 0.2267991304397583 1.481259271502495 0 82.13221861422062 0.6298632621765137 1.582315064966679 0.5775046497583389 307.4922030568123 0 0 0 0 4.545439943671227 2.789677307009697 6.082998178899288 0 0 240.9226391613483 0.8248614221811295 120.0338210016489 29.64021256566048 5.326957225799561 9.691074445843697 0 0.4063244014978409 0 33.69599479436874 0.3287896811962128 0 0 0.7241304516792297 8.398218840360641 21.68604815006256 4.285510167479515 1577.90248876065 0.7119350135326385 0 12.4642431512475 674.7246702685952 1.229264870285988 3.425461500883102 0 0 0.2779836282134056 0.9264485239982605 0.08314304798841476 26.52495740354061 0.9515770673751831 1.674238741397858 0.4783482179045677 0.2906945645809174 0 0 0
350.2568047754467 2.129402354359627 19.80549895763397 2385.334715694189 1.468017376959324 17805.9394999221 2458.943990960717 4831.478805080056 58.29145405441523 13885.2366390042 127.1775843985379 7925.907974988222 27.22966738790274 2684.947724167258 69.95984375476837 4.110525771975517 15.8880721218884 20.69227136299014 16.72331739217043 3550.727169454098 33.69562630727887 4.227623708546162 65.19324529543519 1535.066634774208 5.388676732778549 56.71638659760356 34.47380182147026 2776.429988186806 2177.538485560566 144.897566370666 2.340319134294987 276.6275196373463 125.8413288518786 1799.994750745595 60.60982178896666 956.566002689302 68.78917052224278 2678.585641637444 741.4991602189839 481.8267402090132 234.1762423962355 10.87182626873255 37.71086917817593 0 0.7420333474874496 0.5608597919344902 5.533210635185242 0 0 7.236997626721859 0 11.19588743895292 0.2732475996017456 0.09826290607452393 4.4107845723629 2.099367737770081 0 0 0.4319314733147621 0 0 0.08849596977233887 0 0 0.3018885552883148 0.1172181591391563 45.33119620382786 1.017899841070175 1.612211994826794 3.369880482554436 29.3402518928051 0 0 0.4805102124810219 0 0 0.06861004233360291 3.197896301746368 3.893852833658457 0.3138220757246017 1.003301084041595 0 0 0 0 0
4.836713910102844 277.627790607512 46.78714945167303 0.6140302643179893 0 70.65351481735706 44.1195836737752 65.70868879556656 1.559353478252888 127.1775843985379 6450.35212751478 17.99358483403921 2988.672716423869 28.93334403634071 1.23377388715744 4.672398567199707 337.3383176848292 1531.716952621937 1458.647345356643 12.39314096421003 16.73752292618155 7.636296778917313 75.61394295468926 8.194964691996574 2391.521050266922 2851.191081136465 1536.004277009517 20.06215674802661 130.343748010695 14.81791215389967 170.0725891664624 43.6191340573132 2.293280825018883 3882.304109927267 13.59118712693453 722.9432664476335 3171.491468936205 4962.069980487227 1404.963403820992 204.4031757563353 83.69632845371962 1694.459984600544 5.025416612625122 0 51.58161928504705 1.659479454159737 0 0 0 0.3128860034048557 0.2858622446656227 0 0.0802234560251236 615.1245902851224 0 2216.648694008589 0.480158157646656 0 0.2742994725704193 9.252302333712578 55.66616247594357 23.49376486986876 0 0.3041105419397354 0 1.293342240154743 4.399517670273781 859.2363719493151 404.833712682128 1189.552840791643 0.1079131811857224 0.4153116941452026 0 218.9981949701905 0 0 24.81838001310825 6.92115119099617 37.87862893939018 154.2654341384768 99.67225128412247 18.65095590054989 1.92279689013958 0 201.9556108564138 0
0 0.1056127324700356 0 968.6310354173183 66.39147164672613 1806.174755871296 18.97831982374191 177.6357147246599 30.635014295578 7925.907974988222 17.99358483403921 8848.159010447562 1.188843905925751 32.80943466722965 1856.835238128901 0 0.3383474871516228 2.173055455088615 1.819418825209141 8850.451202951372 0 0 0 26.00222359597683 1.128562547266483 4.2850361764431 1.794445775449276 146.2706893980503 101.2324561849236 0 0.2496059983968735 60.93332709372044 0 104.5261883661151 0 122.213948905468 7.550279498100281 47.54400879889727 4.497078515589237 2495.91596634686 0.3894065991044044 0 0 0 0.146920844912529 0 6.088307857513428 0 0 0 0 0 30.8634789288044 0 167.0823887586594 0.08927179872989655 0 0 0 0 0 0 5.843059882521629 0 0 0 0 0.2249789834022522 0.09358221292495728 0.3082431778311729 5.143139377236366 0 0 0 0 0 0 0 0 0 0 0 0 0 0 0
1.658489793539047 611.4844009429216 20.07641754299402 0.4782140627503395 0.5773084163665771 3.196588926017284 33.39705815911293 5.013583812862635 10.00725213438272 27.22966738790274 2988.672716423869 1.188843905925751 1624.460755206645 2.647723391652107 0 136.4333210512996 5.662061877548695 34.09694486856461 12.29059240221977 0.9125063493847847 41.30494756996632 146.9393176957965 79.62315092235804 98.94636156409979 3072.060992315412 1880.42528025806 1835.161046393216 36.083785392344 7.189249999821186 5.567614406347275 719.6015000268817 47.63546453416348 0.5112875327467918 301.4907244667411 217.784804224968 3371.367724262178 3653.728178814054 1508.243913285434 1506.023171491921 356.4094922170043 112.1029376760125 509.6220509260893 27.5332842990756 0 3.04175815731287 1.381465122103691 0 0 0.07037606835365295 7.162141963839531 0.4715297892689705 0 0.3768651708960533 693.8872777745128 0 2463.790909677744 0 0 28.22138822078705 0.9008772820234299 30.92102579027414 10.71269632130861 0 9.923701167106628 4.3481225669384 1.394841931760311 27.54569460451603 1323.935752503574 204.0380873605609 513.7918760105968 19.58038897067308 0.208150215446949 0.1188158541917801 204.1915104538202 0 0 9.777530357241631 218.3765474036336 247.8079282715917 156.177071928978 69.21269564330578 22.95592374354601 10.71672521531582 0 262.4041038006544 0
4031.109560396522 1.046222023665905 42.57328716292977 3.182268939912319 0 227.8346998654306 4797.196336336434 5438.206533815712 0.0811300128698349 2684.947724167258 28.93334403634071 32.80943466722965 2.647723391652107 10161.61440734565 2.062932632863522 4.324384056031704 168.3004304207861 3.323260687291622 6.042879175394773 37.19047992676497 184.903562605381 0.3694133162498474 220.2959805391729 129.9296804890037 1.834514170885086 23.34380349889398 15.93373565003276 648.6319810897112 5435.697002008557 2036.227996107191 0.07240291684865952 89.73490474745631 1273.561326216906 612.7751417830586 5.42756337672472 150.8694191686809 10.53777360543609 474.1550846099854 88.34918180853128 233.4594025015831 28.68566270917654 1.822517104446888 3.859954796731472 0 0.5819096565246582 0.7926357313990593 0 0 0 0.1110861301422119 0 0.2588321417570114 0 0 0 0.2938749417662621 0 0 0.1155386939644814 0 0 0 0 0 0 0.2317903116345406 0.5616508796811104 0.1319558322429657 0.5443149283528328 1.857021972537041 0.6392602324485779 0 0.06560743600130081 0.1897804141044617 0 0 0.08063292503356934 0.8232449293136597 1.748630598187447 0.3031017705798149 0.1780050843954086 0 0 0 0 0
0.2422090172767639 0 0 23.34053653478622 705.0702745467424 844.5701896250248 0.5182500407099724 247.2347375079989 462.7559750974178 69.95984375476837 1.23377388715744 1856.835238128901 0 2.062932632863522 239.4455646574497 0 0 0 0 324.6077217832208 0 0 0 205.2498474568129 0 0 0.1161187738180161 4.134486168622971 22.08055172115564 0 0 216.1907949447632 0 16.02380402386189 0 0 0.1965151876211166 0.3617135211825371 0 632.8463040143251 5.608634173870087 0 0 0 0 0 0 0 0 0 0 0 0 0 4.146819859743118 0 0 0 0 0 0 0 0 0 0 0 0 0 0 0 0 0 0 0 0 0 0 0 0 0 0 0 0 0 0 0
1.583970986306667 540.2221048399806 9.325067237019539 0.7845652848482132 0 0.3594144061207771 15.80510596185923 3.55762904137373 17.34572386741638 4.110525771975517 4.672398567199707 0 136.4333210512996 4.324384056031704 0 2060.559640213847 43.10787616670132 1.065378852188587 2.741102516651154 0 2230.685836650431 2524.038351982832 2816.768316075206 1056.284782588482 18.66032284498215 11.29343666136265 3202.713491596282 671.2868210673332 9.106333397328854 255.0340967476368 0.4653076976537704 0 3.283483058214188 281.851088412106 71.70423223823309 2728.419632419944 332.2290126904845 474.5890306308866 903.7646347284317 245.7298156768084 4.52273903042078 35.41947959363461 45.87677557766438 0 28.93048407137394 81.24668481945992 0 0 0 110.8970300704241 0.1012217178940773 60.42795392870903 0.6073482111096382 91.33874082565308 0 13.32850420475006 0 0 2256.728581793606 0.47261593490839 0 0.1117840334773064 0 169.9133060351014 1230.86089592427 955.5469899699092 279.2540619969368 4.807710185647011 1.85185918211937 336.3134739771485 201.3752040863037 0 4.501301817595959 0 0 0 0.1561306715011597 8.220619559288025 209.3198856040835 5.536477103829384 2.628305606544018 4.257349587976933 0.4741823077201843 0 44.33356702327728 0
53.11506329104304 112.1956264525652 5464.081653006375 0 0 2.426787756383419 307.7857518047094 80.32471617683768 0.3801182359457016 15.8880721218884 337.3383176848292 0.3383474871516228 5.662061877548695 168.3004304207861 0 43.10787616670132 531.7855611816049 234.2680181488395 3015.131087083369 0.1801168918609619 1757.457494132221 5.490652538836002 3088.569775674492 35.16353828832507 41.88414378464222 6961.819970905781 5294.823583818972 315.4044211991131 99.58629174157977 1245.705534279346 2.38573631644249 1.933996148407459 42.65244180336595 1107.428743302822 3.528939597308636 439.6886973381042 104.2865792363882 665.9059046134353 84.32745556160808 6.870567843317986 0.6397200375795364 0.1814848706126213 0.3404287099838257 0 59.65736516565084 32.95670398324728 0 0 0 2.438966296613216 0 0 0 0.6137690097093582 0 1.223035737872124 0 0 1.878183133900166 2.197021432220936 1.763410717248917 1.617199689149857 0 0.4455939456820488 2.602002620697021 12.10676491260529 0.1948774307966232 13.92586459964514 32.91197293996811 137.8920407295227 0.8005060628056526 0.1131746172904968 0.7909757569432259 0 0 0 4.570673577487469 1.087844237685204 9.671244256198406 15.43357393145561 15.66061381995678 5.983872704207897 0.3205000162124634 0 0 0.4393471479415894
1.469242729246616 255.1025384217501 38.63986571878195 0.3250367790460587 0 11.04541392624378 9.370213530957699 12.56171109899879 0.5908657610416412 20.69227136299014 1531.716952621937 2.173055455088615 34.09694486856461 3.323260687291622 0 1.065378852188587 234.2680181488395 125.7900254055858 1529.27695274353 1.949827246367931 4.807229444384575 4.414860874414444 22.64841791242361 2.590772390365601 790.0050117224455 4475.92802452296 1019.761572502553 4.035432897508144 18.85875486582518 3.084469124674797 24.7103783339262 2.548739768564701 0.1811954155564308 1108.921030879021 1.689332917332649 82.02698446065187 403.7343188151717 1117.612540952861 232.6442203372717 15.05897993594408 0.83332409709692 8.272086530923843 0.3421828746795654 0 23.64654572308064 2.016181848943233 0 0 0.07795194536447525 0 0.06508811563253403 0 0.07796122133731842 62.60921747237444 0 222.9957857429981 0 0 0 5.095524989068508 31.69896619021893 19.9713736101985 0 0 0 1.72217670083046 2.003358006477356 324.5208870470524 257.1505781188607 709.3446896150708 0.2544044852256775 0.1655626073479652 0.4660497009754181 51.02985078841448 0 0 16.88666553795338 1.245043784379959 13.16662346571684 38.68768551200628 47.95185621082783 6.271400809288025 0.6480952873826027 0 0 0
2.18055833876133 157.023809954524 376.3049829080701 0 0 6.643058985471725 18.06820108741522 8.688490100204945 0.4387345463037491 16.72331739217043 1458.647345356643 1.819418825209141 12.29059240221977 6.042879175394773 0 2.741102516651154 3015.131087083369 1529.27695274353 1041.073488518596 1.290624991059303 22.80961509793997 7.090707518160343 171.8214267641306 6.186031326651573 84.40137012302876 7452.436628170311 2457.412383884192 12.46489651501179 20.58588629588485 31.21107541769743 16.46074790507555 1.047514744102955 1.404675908386707 1954.135355167091 3.113384403288364 398.7875215597451 493.5139223411679 2312.835074953735 202.7732424661517 17.8978098705411 0.3277414590120316 0 0.3306290209293365 0.1073576286435127 163.4841010570526 37.97016230970621 0 0 0 1.501021929085255 0.07714406400918961 0 0.2660601586103439 23.48237887024879 0 27.83506858348846 0.1985557377338409 0 0.7728735655546188 15.81656993180513 18.57829148322344 24.52809798717499 0 2.763900995254517 2.465936198830605 9.87445604801178 0.7418692782521248 164.6566199213266 254.5254620164633 859.4847976714373 1.745123654603958 0.1189878433942795 1.008931457996368 8.779817447066307 0 0 23.02817033976316 0.757488489151001 40.30454220622778 78.9521092325449 71.00451056659222 16.87616071850061 0.8165619894862175 0 0 0.2715929448604584
0 0.4600267112255096 0.2240033224225044 2529.917831167579 1.855957701802254 804.3223344683647 1.131008446216583 98.55945610255003 59.50076699256897 3550.727169454098 12.39314096421003 8850.451202951372 0.9125063493847847 37.19047992676497 324.6077217832208 0 0.1801168918609619 1.949827246367931 1.290624991059303 241.9509907215834 0.310752660036087 0.1620132923126221 0.767478309571743 533.0135468989611 0.1142425611615181 3.426502630114555 2.315607972443104 585.3358643651009 117.1648297309875 0.07808685302734375 0.1531544476747513 36.50365498661995 0.7293006777763367 108.7920547127724 0.5939475893974304 71.05186295509338 4.528008043766022 116.3236963301897 16.94463038444519 1604.975936844945 3.38386307656765 0.3527079746127129 0.1896655112504959 0 0.1382364183664322 0.1459194421768188 6.747872233390808 0 0 0 0 1.992842808365822 0 0 21.13914054632187 0.4778050780296326 0 0 0 0 0 0 0 0 0 0 7.447736412286758 0 0.276701420545578 0.08959412574768066 3.186779841780663 0 0 0 0 0 0 0 2.327739775180817 0.1128181144595146 0 0 0 0 0 0
74.67029305547476 23.43270532041788 1607.550262890756 0.2869275808334351 0 5.142236348241568 1103.249612405896 124.3813832588494 0.5624980106949806 33.69562630727887 16.73752292618155 0 41.30494756996632 184.903562605381 0 2230.685836650431 1757.457494132221 4.807229444384575 22.80961509793997 0.310752660036087 13603.80667867884 110.7829827070236 14625.81880474091 223.1715342923999 6.156271509826183 236.4943775385618 998.4816519021988 5477.708945654333 156.2218460924923 12337.36476606876 0.655134342610836 2.273332986980677 77.59786244481802 1486.521463289857 106.2091455757618 2017.99619602412 96.00519870966673 2162.588520772755 1489.301015809178 211.1846541166306 6.504191249608994 17.58033166825771 35.77181166410446 0 11.91929385066032 15.16621041297913 0 0 0 33.77865766733885 0 11.68521246314049 0 13.0151714682579 0 8.825501807034016 0 0 95.70407588779926 0 0.218276247382164 0 0 26.28299809992313 50.41138683259487 19.54817812144756 48.96562670916319 1.039708711206913 1.804493300616741 34.49835229665041 36.57935528457165 0 1.337276518344879 0 0 0 0.3322140276432037 9.129614472389221 39.61318849027157 1.645628109574318 1.936439111828804 3.204053536057472 0 0 3.532435059547424 0
0 2635.990415513515 9.798327527940273 0.7529464438557625 0 0.0991341844201088 24.13066036254168 0.2161448448896408 1680.697382226586 4.227623708546162 7.636296778917313 0 146.9393176957965 0.3694133162498474 0 2524.038351982832 5.490652538836002 4.414860874414444 7.090707518160343 0.1620132923126221 110.7829827070236 2784.319261848927 365.4394860640168 6150.265144221485 131.6951562315226 28.88647478073835 3262.015805765986 222.5758282765746 5.277089841663837 47.346813544631 1.970246203243732 0 3.698350489139557 20.22763723134995 8.093063026666641 168.9206003546715 27.75847497582436 39.99864297360182 48.56851049512625 9.762491308152676 7.462534338235855 23.1432719156146 4.758666217327118 0 131.1449471712112 75.84567102044821 0 0 0 161.510586194694 0 33.9691561460495 0.2321637868881226 67.83200180530548 0 8.780670166015625 0 0 1534.293578714132 0.6516481414437294 0.2609098553657532 0 0 164.3900508806109 346.1409663185477 444.1853537485003 377.9405848309398 6.145570248365402 3.02705080807209 487.8865089863539 257.1961247548461 0.1013268083333969 16.0030360519886 0 0 0 1.260290272533894 0.2836936861276627 122.8165139555931 8.72442789375782 4.097722291946411 4.06761959195137 0.1332219541072845 0 52.70824670791626 0
83.55045626312494 144.8090602755547 10101.41334576532 0.5030203238129616 0 7.392920635640621 1198.209676004946 119.3389021493495 1.205929383635521 65.19324529543519 75.61394295468926 0 79.62315092235804 220.2959805391729 0 2816.768316075206 3088.569775674492 22.64841791242361 171.8214267641306 0.767478309571743 14625.81880474091 365.4394860640168 14428.40315952525 294.4488692358136 27.49188387393951 1255.251015875489 6270.966781124473 2972.022220816463 137.9141111038625 5853.497877132148 2.348243318498135 2.102089155465364 42.83706351369619 4128.933640062809 264.880007982254 4873.525005228817 1555.694855302572 9184.6251164563 6974.150764767081 222.0421424359083 19.34770069271326 34.0245808288455 54.69939260184765 0 119.6579258441925 190.4329153224826 0 0 0 13.57958451658487 0 2.787801191210747 0 10.4548087567091 0 0.1010031029582024 0 0 971.5893675163388 1.195528082549572 0.2221284732222557 0.6370823457837105 0 29.02241636812687 279.4402044415474 546.6838640570641 41.30247930437326 6.183473467826843 11.43943371623755 603.7619142904878 28.18473970890045 0.07338019460439682 4.935620032250881 0 0 0 3.237616904079914 31.22076818346977 40.29236640036106 6.749528989195824 10.7278618440032 14.51630821824074 0.2041817456483841 0 0 0.4976826012134552
64.8597901314497 961.5018482506275 46.70693595707417 1020.535197660327 2.670138567686081 19.22038043290377 1654.239443335682 117.0422016717494 4505.634858675301 1535.066634774208 8.194964691996574 26.00222359597683 98.94636156409979 129.9296804890037 205.2498474568129 1056.284782588482 35.16353828832507 2.590772390365601 6.186031326651573 533.0135468989611 223.1715342923999 6150.265144221485 294.4488692358136 7253.997241936624 50.05161849409342 23.15978108346462 1908.233085423708 10627.68879198283 296.1863834820688 831.8917630538344 1.309409953653812 1.953990183770657 281.5256974250078 614.8685382679105 124.3079752847552 4447.723338395357 71.65513528138399 853.6144800409675 627.2000277489424 995.6233794540167 22.8311847820878 30.57195874303579 36.87329588085413 0.7357344329357147 26.98759907484055 30.79143719375134 11.72446792572737 0 0.868966706097126 1357.492954716086 2.605235107243061 864.4230750128627 89.04605651646852 57.6500603184104 33.26303493231535 2.55030070245266 3.869261346757412 1.685396075248718 354.0181389302015 0.4926549196243286 0 0.198844276368618 4.220341056585312 62.30819657444954 156.2428996041417 76.73181258887053 4358.029437892139 1.958618365228176 2.865341454744339 115.822925336659 2990.900710344315 3.186876554042101 7.610762059688568 0.110316701233387 0 0.905025951564312 4.674222879111767 4.94748579710722 222.002530887723 8.329514399170876 10.41835590824485 6.698709577322006 1.777636878192425 0.4324305206537247 12.2043731212616 2.455684408545494
0.1657983139157295 2557.213961943984 154.7697199955583 0.1007240936160088 0 2.116258636116982 6.372908897697926 3.320071443915367 14.43881396949291 5.388676732778549 2391.521050266922 1.128562547266483 3072.060992315412 1.834514170885086 0 18.66032284498215 41.88414378464222 790.0050117224455 84.40137012302876 0.1142425611615181 6.156271509826183 131.6951562315226 27.49188387393951 50.05161849409342 92.16687077283859 1861.490710325539 3378.439200639725 7.943974316120148 3.520134620368481 4.530410379171371 483.637783229351 1.690233573317528 0.107028491795063 456.9656102433801 2.728630498051643 120.5891325771809 448.4576229676604 1215.929795220494 286.1730927601457 13.17426259815693 4.122909411787987 595.8637397140265 2.662421748042107 0 73.68625117093325 10.10281531512737 0 0 0.1010943651199341 0.2620532140135765 0.06954827159643173 0 0.4380651414394379 441.1629891842604 0 1915.732703216374 0 0 1.081570491194725 4.379077345132828 10.91254464536905 17.18011125177145 0.1116346791386604 0.108312152326107 0.8042233288288116 1.239453174173832 1.480697967112064 349.0706681832671 153.5825329497457 698.2519968897104 0.2154590636491776 0 0.383186861872673 96.26406066864729 0 0 9.429125435650349 2.184187859296799 14.75357424467802 120.9882517382503 84.49635817855597 14.76553072035313 1.910578832030296 0 139.5627806037664 0
8.125906087458134 925.2172241359949 6500.317641083151 0.4834856316447258 0 19.93569989129901 272.734522473067 33.611303165555 3.675580322742462 56.71638659760356 2851.191081136465 4.2850361764431 1880.42528025806 23.34380349889398 0 11.29343666136265 6961.819970905781 4475.92802452296 7452.436628170311 3.426502630114555 236.4943775385618 28.88647478073835 1255.251015875489 23.15978108346462 1861.490710325539 21415.83393611759 18560.05565345287 95.06480666622519 30.98044760152698 343.9619045369327 669.126132465899 4.297156766057014 2.878934793174267 1701.689457137138 16.69460232555866 1071.991736285388 2564.202521998435 5297.53237304464 873.6656374260783 65.96452376246452 2.085798472166061 71.64655881375074 1.615874581038952 0.08599133044481277 458.3436649814248 178.1352092325687 0 0 0 6.85019538551569 0.7438927814364433 0 0.5874478034675121 163.7831345424056 0 652.6055871471763 0.4342573881149292 0 2.004194892942905 26.31936128437519 72.67834810167551 50.12356071174145 0 9.63896881788969 7.161631025373936 46.82873816043139 5.127024129033089 778.1647600531578 689.0802296027541 2295.51745171845 3.372071467339993 0.8333969041705132 6.413084894418716 113.8676662147045 0 0 59.79096333682537 6.332274928689003 104.1456767991185 195.3288827314973 183.147168815136 53.3672638759017 5.954675026237965 0 5.852745495736599 0.09912607818841934
6.312451153993607 10133.78624529392 11080.30044936389 0.3242397531867027 0 8.140284679830074 253.0687118843198 20.0217766687274 65.93295926600695 34.47380182147026 1536.004277009517 1.794445775449276 1835.161046393216 15.93373565003276 0.1161187738180161 3202.713491596282 5294.823583818972 1019.761572502553 2457.412383884192 2.315607972443104 998.4816519021988 3262.015805765986 6270.966781124473 1908.233085423708 3378.439200639725 18560.05565345287 33059.10710282624 2033.858325324953 31.32774218916893 168.0133989155293 1328.702816709876 1.594890721142292 11.13640863448381 2645.894667200744 159.4193284362555 4363.41250384599 5166.642938882113 8585.014568939805 2922.3348133564 119.2666827663779 8.529298424720764 18.4077727496624 13.45620956271887 0.2644930556416512 2545.430299602449 2181.185733005404 0 0 0 88.92900149524212 0.9524209573864937 4.185422077775002 1.198791041970253 80.10155264288187 0.1550991833209991 282.8980730995536 2.076873667538166 0 1698.938719049096 70.73733145743608 60.09039179980755 64.0596030652523 0 48.99567421525717 841.9621499925852 1807.660187609494 78.376678571105 1180.372479856014 811.5140186026692 8032.234907969832 115.2385330870748 1.126158230006695 28.58696796000004 52.69956456869841 0 0.5591273903846741 108.3863653242588 35.6764572262764 286.1170387715101 300.3488895967603 314.5905152410269 147.8018805235624 8.421175748109818 0.162103459239006 1.762620665132999 2.958516389131546
585.8974850922823 88.06518760323524 692.2624502852559 1238.973910234869 0.3745578676462173 66.87277807295322 8041.701045099646 522.8559595495462 463.3928366824985 2776.429988186806 20.06215674802661 146.2706893980503 36.083785392344 648.6319810897112 4.134486168622971 671.2868210673332 315.4044211991131 4.035432897508144 12.46489651501179 585.3358643651009 5477.708945654333 222.5758282765746 2972.022220816463 10627.68879198283 7.943974316120148 95.06480666622519 2033.858325324953 11993.50205049664 1049.350618392229 5570.913241550326 0 14.79426302015781 522.8133931830525 1615.265388183296 190.9436522573233 3021.058503016829 122.8420522809029 2108.922905191779 1233.746063582599 359.7025022692978 68.04396897554398 14.74247813969851 58.49555527418852 0.1327864080667496 20.98865577578545 31.7549908682704 1.808409124612808 0 0.09892774373292923 372.8325077220798 0.6075361296534538 123.6412811875343 17.09882012009621 17.85175679624081 0.753131091594696 0.2743048593401909 0.08919084072113037 0 146.9768749475479 0.4005202576518059 0 0 0.08573567122220993 26.20204058289528 69.4454345703125 47.3349711149931 903.5059829950333 0.5078494548797607 1.735933654010296 108.3864219710231 757.9674491286278 1.600542061030865 1.86442394554615 0 0 0.1105054318904877 0.9827659986913204 10.47897846996784 33.81392850726843 0.8442503288388252 5.186109319329262 4.939429253339767 0.151203840970993 0 2.177589416503906 0
4842.887589830905 0.8126792013645172 19.96565570682287 10.86285021156073 0 540.1384509205818 2297.017765682191 1844.413917910308 0.6523339785635471 2177.538485560566 130.343748010695 101.2324561849236 7.189249999821186 5435.697002008557 22.08055172115564 9.106333397328854 99.58629174157977 18.85875486582518 20.58588629588485 117.1648297309875 156.2218460924923 5.277089841663837 137.9141111038625 296.1863834820688 3.520134620368481 30.98044760152698 31.32774218916893 1049.350618392229 11712.38721501082 2461.568662941456 1.267733983695507 829.5812202878296 1837.503633178771 1373.86991397664 8.525008946657181 263.1015202663839 37.26534690335393 921.9548138938844 117.2620889991522 617.9501410610974 64.74849572405219 0.9087836742401123 3.354484140872955 0 1.475228831171989 0.5210637077689171 0.1946717500686646 0 0 0.1349854171276093 0 0.07806810736656189 0 0 0.2993727326393127 0.2866274267435074 0 0 0.334226667881012 0 0 0 0 0.125897154211998 0.1174041479825974 0.48419239372015 0.4147593453526497 0.3201000392436981 1.28392830491066 2.218555398285389 1.178750075399876 0 0 0.3657285571098328 0 0 0 1.332179203629494 1.27330520004034 0 0.2549660503864288 0.1662327349185944 0 0 0 0
3656.878361843526 19.79912415891886 1316.479143232107 1.608433954417706 0 16.11409407481551 5232.508461866528 830.2543589770794 0.6713796406984329 144.897566370666 14.81791215389967 0 5.567614406347275 2036.227996107191 0 255.0340967476368 1245.705534279346 3.084469124674797 31.21107541769743 0.07808685302734375 12337.36476606876 47.346813544631 5853.497877132148 831.8917630538344 4.530410379171371 343.9619045369327 168.0133989155293 5570.913241550326 2461.568662941456 8660.409470699728 0.7539511770009995 14.02550271898508 710.1651672944427 2928.383833769709 60.16400197893381 268.8529997691512 22.94030541181564 1511.962532509118 517.5890414863825 18.04808731377125 10.48158799856901 3.609320394694805 9.249786376953125 0 14.26561436057091 10.93892135471106 0 0 0 2.271709181368351 0 0.1055774539709091 0 0.1136370003223419 0 0.06719962507486343 0 0 2.115403078496456 0.548351988196373 0.08848853409290314 0.1037666276097298 0 0 2.850536718964577 3.657510787248611 2.106722518801689 0.910963848233223 4.06234722584486 34.45320438593626 2.888892017304897 0 0 0 0 0 0.3961308300495148 3.787613518536091 2.466770872473717 0.2099409848451614 1.449851773679256 0.5875147879123688 0.2649062275886536 0 0 0
0.1490029245615005 33.83666681498289 2.289098255336285 0 0 1.330240800976753 0.6753076910972595 0.5898555442690849 0.3674412667751312 2.340319134294987 170.0725891664624 0.2496059983968735 719.6015000268817 0.07240291684865952 0 0.4653076976537704 2.38573631644249 24.7103783339262 16.46074790507555 0.1531544476747513 0.655134342610836 1.970246203243732 2.348243318498135 1.309409953653812 483.637783229351 669.126132465899 1328.702816709876 0 1.267733983695507 0.7539511770009995 60.36160904169083 0.1546213328838348 0 36.61515142768621 0.5558526813983917 44.69794248789549 172.2235290110111 160.090451579541 46.07260638475418 3.360840864479542 0 18.87198355048895 0.2378907650709152 0 1.16384069621563 0 0 0 0 0 0.09654829651117325 0 0 41.30409597605467 0 230.7276644557714 0 0 0 0.4640830159187317 8.241456754505634 2.922846741974354 0 0 0 0.3768130391836166 0.2896963357925415 104.5184932276607 47.56102485209703 127.2708742395043 0 0 0 34.66891570389271 0 0 3.343891352415085 0 2.454604901373386 9.388086654245853 7.70445378869772 1.620345912873745 0.1007650122046471 0 1.390872791409492 0
20.4229180328548 0 0.7641523294150829 0.6897030770778656 30.70740738511086 1381.016268581152 65.7819745875895 446.4595280587673 0 276.6275196373463 43.6191340573132 60.93332709372044 47.63546453416348 89.73490474745631 216.1907949447632 0 1.933996148407459 2.548739768564701 1.047514744102955 36.50365498661995 2.273332986980677 0 2.102089155465364 1.953990183770657 1.690233573317528 4.297156766057014 1.594890721142292 14.79426302015781 829.5812202878296 14.02550271898508 0.1546213328838348 11.80154243856668 3.66501147300005 807.9299650341272 0 422.0176416635513 15.51172430068254 1589.291440322995 29.93558668717742 1868.903571754694 1204.879781723022 5.528968662023544 17.2986731082201 0 0 0 0 0 0 0 0 0 0 0 0.2539453729987144 0.5040964856743813 0 0 0 0 0 0 0 0 0 0 0 0.3116331547498703 0 0 0 0 0 0 0 0 0 0.07924975454807281 1.431097730994225 0 0 0 0 0 0.2208279222249985 0
1623.268425680697 0.4516308233141899 5.891627609729767 2.964000910520554 0 4.443785883486271 650.2198417633772 216.0211199782789 0.2267991304397583 125.8413288518786 2.293280825018883 0 0.5112875327467918 1273.561326216906 0 3.283483058214188 42.65244180336595 0.1811954155564308 1.404675908386707 0.7293006777763367 77.59786244481802 3.698350489139557 42.83706351369619 281.5256974250078 0.107028491795063 2.878934793174267 11.13640863448381 522.8133931830525 1837.503633178771 710.1651672944427 0 3.66501147300005 13.86578111350536 337.9907899871469 2.582415096461773 7.223133727908134 0.3673547133803368 151.7075624875724 35.71047456562519 1.994439400732517 0.8921263366937637 0.09370289742946625 0.3088565766811371 0 0 0.1397288292646408 0 0 0 0 0 0 0 0 0 0.07058992981910706 0 0 0.105960376560688 0 0 0 0 0 0 0.6060207784175873 0.08215495198965073 0 0 0.3943914994597435 0.5093201622366905 0 0 0 0 0 0 0.6609986871480942 0 0 0.1699158921837807 0 0 0 0 0
