255.0148146301508 0.2119946107268333 58.05648396909237 0.9589153602719307 0.7439499050378799 20.33181048184633 1480.421525396407 810.145128801465 1.726377688348293 32.86242341250181 4.584500290453434 3.961765266954899 1.097183808684349 2544.462291702628 0 0.9302341565489769 60.18098125606775 2.864592477679253 24.89974474906921 2.054186061024666 95.99406290054321 1.832207411527634 163.9025426656008 13.90824984014034 0.1686966568231583 43.16803286969662 16.04464898258448 44.48182664811611 2667.364967048168 2072.43023519218 0 5.847145088016987 27.0971844419837 117.0039285197854 1.195957466959953 24.5254188477993 6.980244144797325 88.1743122190237 17.97089868783951 5.982731811702251 0.5160989016294479 0.2572953701019287 0.4199073240160942 0 0.08708340674638748 0.1724570542573929 0 0 0 0.4267172291874886 0.6760202720761299 1.87658379226923 0 0 0 0 0.08097688853740692 0 1.057805083692074 0.07984714955091476 0 0 0 0.1972624585032463 0 0.1108060479164124 4.15935842692852 0.1685815453529358 0.8675024658441544 2.02795735001564 5.970203049480915 0 0 0 0 0 0 0 1.856052905321121 0.3786999136209488 0.315778486430645 0.1934151947498322 0.101326160132885 0 0 0
0.2119946107268333 105.5992035716772 576.3968080952764 0 0.2988404184579849 0.351816713809967 1.819805160164833 4.12578722089529 493.4228068888187 0.3694093376398087 85.89170682430267 6.227740824222565 484.8575567081571 2.172510847449303 14.48405518382788 150.5175105333328 111.7479443475604 12.89873871207237 15.162658020854 0 3.764558956027031 2195.250478833914 20.87269297987223 605.8801509439945 1586.13713247329 560.981245085597 6906.586181044579 34.00297480076551 3.056203186511993 0.3987361714243889 83.28026549518108 0.1594348400831223 0.4285980686545372 37.55262600630522 0.1698871552944183 55.8090780749917 36.89655377715826 95.74117705971003 19.25056618452072 22.51796492189169 0 13.75739976763725 0.1787979602813721 0 36.49527664482594 80.55281303077936 0 0 0 1.430856183171272 0.736439511179924 2.716761223971844 0 7.46442499756813 0 32.23805390298367 0.566677987575531 0 9.125793687999249 20.805927708745 2.559573918581009 21.18049050867558 0 1.496611833572388 22.17361075431108 17.81868493556976 8.78699604421854 47.28199032694101 328.3578733354807 1679.377129048109 7.765098378062248 0.344161719083786 0.4388836324214935 7.82153445482254 0 0 4.453885056078434 1.230697572231293 19.54791124910116 15.54001486301422 17.65227156877518 2.245655469596386 1.373299516737461 0.4445374310016632 0.2448320835828781 0
58.05648396909237 576.3968080952764 10080.09614592791 10.27985049784184 1.043979041278362 188.5613793134689 1550.335289701819 633.4412926137447 12.66322590410709 170.728740863502 76.58795019239187 2.416519023478031 29.22296884655952 362.4908554106951 0.2242628633975983 62.12098915874958 3648.650362282991 52.41599468141794 457.9397362917662 2.085724242031574 901.9931099265814 73.33422180265188 12187.96291737258 342.8496625572443 1.28612008690834 8387.067562274635 12418.58468522131 893.6390736326575 247.1625167615712 270.1713439375162 6.429529704153538 7.387913309037685 20.15228673815727 1155.445964969695 22.6387173011899 1539.843041099608 4031.758819676936 2893.970855168998 849.1693668141961 59.07293287664652 5.654412277042866 7.422413848340511 3.134070165455341 0.7486955597996712 231.4586623311043 647.3299117013812 0.3737059682607651 0 0.3384147360920906 13.1532456278801 3.991398900747299 6.749309666454792 1.19401016831398 17.14089804142714 0.2295955643057823 16.64128038287163 2.606045231223106 0.3105926960706711 28.04752650111914 203.885906599462 7.416747964918613 26.78362511843443 0.5309702381491661 10.76101312786341 32.52994322776794 117.3643109872937 34.0594766959548 4.683901317417622 1142.412995226681 2971.911147080362 44.28903578966856 1.602073475718498 4.426326505839825 19.17855084687471 0 0.7740499973297119 34.92827364057302 3.942978695034981 121.0466034188867 182.381218880415 125.4569761827588 26.70269775390625 5.732870735228062 0.4391584843397141 0.3445693403482437 0.2992320209741592
0.9589153602719307 0 10.27985049784184 2822.280666448176 6.323182180523872 355.8232851177454 27.72772490233183 37.88443487137556 1149.696220487356 3621.19986230135 0.9131033793091774 1357.673404529691 0.7328319624066353 22.87598761916161 201.1717535853386 0 0.1177736893296242 0.5420006886124611 0.5158606842160225 3350.032971836627 0.09576574712991714 0.6387047171592712 3.720220848917961 891.0065224543214 0 2.063902840018272 1.080657929182053 2464.668576642871 50.01296924054623 0.8735248595476151 0 1.599015824496746 2.317748181521893 9.505486764013767 1.617453016340733 148.2583356723189 1.499617777764797 48.62576438486576 18.42248779535294 322.1868917644024 3.280996985733509 0 0.852572426199913 0.1851285994052887 0.1005683019757271 1.099991962313652 84.07243076711893 0.8002581149339676 29.60156860947609 29.883255392313 52.22545643150806 94.88570158183575 171.2182307243347 0.5497047603130341 46.98940492421389 0 12.57114028930664 5.889096967875957 0.8359311446547508 0 0.575567252933979 0.08559130877256393 98.08076836913824 0.3015018403530121 0.1321963965892792 0.4487742334604263 265.253912717104 0 1.776727333664894 0.3474224209785461 331.8775344714522 5.772963382303715 0.9085449054837227 0 1.095244944095612 0 5.850221678614616 0.1391552686691284 94.22435583174229 0.1895629167556763 15.69083601236343 1.972689673304558 130.7612661868334 0.1222832500934601 0.2198302745819092 0.2188002616167068
0.7439499050378799 0.2988404184579849 1.043979041278362 6.323182180523872 288.9865786880255 1374.942273378372 5.06596352905035 315.4513324126601 26.24557720124722 13.27041023224592 26.13178137689829 112.5140268206596 22.4985015168786 624.735514305532 1225.583485618234 0 1.221308261156082 9.124977044761181 11.62470142543316 4.88523406535387 0.6459601297974586 3.168409064412117 1.656649030745029 22.53093870729208 0.5701550990343094 14.43839302659035 4.713537767529488 8.154509663581848 152.5881084948778 2.479879669845104 0.6192800626158714 1101.769065730274 0.9120667204260826 995.4685020595789 5.287139475345612 47.11046312749386 12.16404910385609 385.8190488293767 80.83587265014648 3676.073379732668 671.8881623521447 8.607622966170311 0.8047336041927338 0 0 0 0 0 0 0.192212387919426 0 0 0.2047557383775711 0 0 0 0 0 0 0 0 0 0 0 0 0 0.7663620859384537 0 0.2251521199941635 0.1193223148584366 1.733705006539822 0.1886696815490723 0 0 0 0 0 0 5.440536305308342 0.228194460272789 0.7292401865124702 0 0 0 0.2776050269603729 0
20.33181048184633 0.351816713809967 188.5613793134689 355.8232851177454 1374.942273378372 9091.94151905179 2436.794343393296 6975.887575883418 112.314061626792 8790.213733583689 71.32988647371531 3231.984691485763 39.36229330301285 945.0958696678281 1672.347368352115 1.492142423987389 31.023970477283 29.25352017953992 39.68267747759819 633.244736853987 39.82803946733475 4.026741728186607 156.1199019923806 276.03955706954 1.253215789794922 111.7441614940763 33.16774605959654 908.2928300574422 463.7859335429966 79.14968795329332 2.547513149678707 486.5964505746961 12.96287570893764 956.2251246012747 17.95803002268076 428.1022430062294 33.88990902900696 825.6066049858928 173.7714513838291 2178.297817498446 594.8906182348728 12.2406744658947 6.815987810492516 0.8578899502754211 0 1.158701680600643 14.53659171611071 0.108886182308197 17.11854634433985 33.49865930527449 61.01032230257988 61.39252606034279 51.72567960619926 0.5536745116114616 10.52225049585104 0.08582845330238342 20.91079554334283 0.9969741702079773 1.221867300570011 0.176354818046093 0.6387319713830948 0.2270223721861839 23.67276368290186 2.015607737004757 0.3487307950854301 0.7615401670336723 151.1671935543418 0.376824177801609 3.588731467723846 3.236347727477551 265.865117199719 6.218657821416855 2.875852577388287 0.1622352600097656 0.08208097517490387 0.1096400767564774 4.707529813051224 0.9975719451904297 107.7479160353541 2.221525989472866 23.00811255723238 4.129405960440636 39.71933659911156 0.4085748046636581 0 0
1480.421525396407 1.819805160164833 1550.335289701819 27.72772490233183 5.06596352905035 2436.794343393296 7904.239697407931 5507.525413714349 96.48945836350322 5384.394744731486 22.77553515136242 45.06602887809277 7.190984643995762 6364.844952009618 4.494126223027706 6.924252189695835 101.2184144705534 8.599562540650368 36.7193510979414 48.67395535856485 692.112157497555 11.40807837247849 1767.926339160651 297.1251545324922 0.7997760623693466 287.0514099448919 163.881759904325 10764.49566437677 1960.834061056376 3982.041645370424 1.013390347361565 19.52107812464237 220.7374055236578 377.32904881984 62.43216223269701 1323.834393061697 58.84223482757807 1167.066310219467 477.2493786588311 312.5868971198797 58.00980626791716 1.255392551422119 14.38718809187412 0.8077036067843437 0.8571027517318726 5.752526842057705 8.49940549582243 0.4059373438358307 16.88654442131519 25.78589438647032 37.51351518929005 59.41777952760458 25.64559558033943 1.034356825053692 4.46037121117115 0 12.8910366743803 0.351020947098732 4.849434308707714 0.9121557399630547 0.3339060395956039 0.5660819336771965 12.88506053388119 2.64003936201334 4.540212258696556 4.310084834694862 142.5660129338503 0 4.684451967477798 28.62468068301678 221.4933203682303 6.524727683514357 3.98248153179884 0 0.1157130971550941 0.1350908875465393 4.117205306887627 6.239434145390987 61.7377702370286 1.276921555399895 18.839879386127 3.220932461321354 26.51396157592535 0.6118057370185852 0.1456667184829712 0.216901570558548
810.145128801465 4.12578722089529 633.4412926137447 37.88443487137556 315.4513324126601 6975.887575883418 5507.525413714349 10015.78687023744 40.41999000310898 3190.475884314626 192.8364718556404 1200.239581465721 82.27903718501329 7584.645926263183 94.81738896667957 3.175563335418701 257.1658307611942 82.38799870014191 177.6669671759009 208.2175321131945 279.1432267799973 8.0151372179389 816.7392025403678 171.4152975231409 2.688920736312866 449.3714403957129 146.9205094650388 527.6216945312917 1007.448152422905 1383.693256020546 5.988120354712009 192.9005620628595 17.10185350477695 1056.068696737289 26.53542955219746 377.5633759871125 92.46428447216749 1612.578485876322 301.3872708007693 1769.920370679349 319.4768078327179 31.76830445230007 7.893281102180481 2.317735731601715 0.8287445902824402 2.985111683607101 3.253127716481686 0 7.875212214887142 23.81128260493279 30.27545350044966 35.75584106147289 13.96035652607679 0.7494990006089211 1.478684939444065 0.4447013065218925 14.88061601668596 0.1891840696334839 4.304383970797062 1.285374864935875 0.4517493546009064 0.3270095810294151 10.36883263289928 2.574283510446548 3.974974080920219 1.793400563299656 121.2107419893146 0 5.663567528128624 15.07985617220402 190.5490703508258 6.304118059575558 6.650018855929375 0.36784777790308 0 0.2464102581143379 3.076776094734669 1.832059718668461 76.02333549410105 3.025666646659374 22.57013722509146 4.017603538930416 27.99553079903126 0.4914322197437286 1.250591769814491 0.3051661401987076
1.726377688348293 493.4228068888187 12.66322590410709 1149.696220487356 26.24557720124722 112.314061626792 96.48945836350322 40.41999000310898 606.7642494291067 418.4865294396877 5.067475840449333 533.715452902019 27.50210069864988 25.64162647724152 802.1255266964436 141.1463691145182 5.268482610583305 1.608836434781551 1.430975258350372 455.1960481330752 35.25764986127615 3081.54237228632 54.05461405217648 7262.746811829507 133.9622251465917 44.28702849149704 740.1473460793495 2213.55281778425 28.12478621304035 19.62789037078619 8.37715794891119 1.598769553005695 1.857203595340252 9.322851896286011 2.521384909749031 72.89085522294044 7.45930577814579 32.67614965885878 10.01226178556681 318.9283332154155 3.01296878606081 0.166353315114975 0.5095246434211731 1.72357227653265 1.196273788809776 6.523057609796524 149.9637879505754 0.8731093853712082 29.92281943559647 62.16377246379852 50.29026759415865 67.59195006638765 184.3458865955472 0.8996652364730835 62.39096635580063 1.948525317013264 18.47752732038498 19.35029693692923 501.5812598541379 1.42224445194006 1.500947371125221 1.639287173748016 115.9380290955305 73.09089908748865 23.38076440244913 105.3541744053364 1154.178121894598 1.135072462260723 9.305308647453785 43.81112268567085 909.1494645923376 12.57191721349955 18.75521443784237 0.7322786226868629 0.3516584187746048 0.5556355640292168 5.885758377611637 0.537255272269249 34.79905570298433 3.011368349194527 22.82296551391482 5.726459488272667 111.5724222287536 0.4493699967861176 2.039701223373413 0.3139327466487885
32.86242341250181 0.3694093376398087 170.728740863502 3621.19986230135 13.27041023224592 8790.213733583689 5384.394744731486 3190.475884314626 418.4865294396877 18798.20321974531 34.05670686811209 3196.791779804975 14.39569105952978 1074.4263837412 49.5215612500906 3.203239656984806 10.35247594118118 16.6702819801867 13.42613860964775 4435.829504966736 16.34971272945404 2.761379197239876 112.4832735881209 1173.763248540461 0.878795899450779 57.95315039530396 24.4990958571434 6424.283166274428 1067.737299568951 36.71215129643679 1.648787401616573 48.3747899979353 36.65057345479727 224.5880530662835 39.42096531391144 877.6873593851924 28.73523954302073 993.4838183522224 286.9726371504366 465.4003227204084 49.10780837386847 3.452959895133972 10.41014866530895 3.608630932867527 0 2.251201301813126 96.69341120868921 0.8834654539823532 63.88611403852701 76.88771928101778 150.3743026033044 119.265288092196 226.7400518730283 1.739349663257599 85.92352794110775 0.1498880237340927 42.7810617685318 3.818977259099483 3.32332468777895 0.5173007696866989 2.279357008635998 0.7377343103289604 139.60503038764 1.60779245942831 1.796263553202152 2.041796989738941 445.3824113383889 0.07500919699668884 5.474874414503574 4.938314720988274 723.0479814112186 15.70743523538113 2.459408648312092 0.4024931490421295 1.040543466806412 0.08665753155946732 10.94856277853251 1.968688979744911 286.6776234805584 2.673822104930878 60.12267255038023 8.898103952407837 159.7301834821701 1.957945637404919 0.8393740057945251 0.492187611758709
4.584500290453434 85.89170682430267 76.58795019239187 0.9131033793091774 26.13178137689829 71.32988647371531 22.77553515136242 192.8364718556404 5.067475840449333 34.05670686811209 7513.843347214162 25.82177694141865 2330.736784413457 132.7618273608387 0.3407691568136215 1.917167581617832 519.5853962227702 4682.174802958965 2597.65510584414 6.037288263440132 6.617441155016422 26.94618471711874 33.93913288414478 10.00769520550966 435.7634645476937 3574.121351208538 795.9044008180499 18.22827817499638 170.82462092489 11.0438042730093 404.9439462199807 127.9609961360693 2.487976521253586 6607.109962262213 10.19902090728283 330.8887467011809 5340.492307625711 2928.746033892035 506.3517814800143 65.44570867717266 65.75937575101852 1985.328359089792 2.716429159045219 0 12.52927649021149 1.1626957654953 0 0.44762022793293 2.213331736624241 0.6025728136301041 4.021486297249794 0.3420895040035248 0.5433208420872688 686.7339946106076 0 1411.674765601754 1.232556089758873 0 1.52597351372242 0.5658602118492126 7.962847284972668 13.66762084513903 0 0.1218733116984367 1.288847371935844 0.2262111976742744 2.553573060780764 234.4501462504268 196.190616928041 167.5650763660669 4.990656740963459 0.597531333565712 0.1102864295244217 132.267063640058 1.629197798669338 0 52.98111337423325 4.377117693424225 51.35169047117233 375.0867054089904 183.6376744583249 6.583044782280922 1.423844270408154 1.802121758460999 388.3615553081036 1.113241121172905
3.961765266954899 6.227740824222565 2.416519023478031 1357.673404529691 112.5140268206596 3231.984691485763 45.06602887809277 1200.239581465721 533.715452902019 3196.791779804975 25.82177694141865 6553.716860312968 13.75670638680458 331.3969650305808 1097.49020653218 0.8186172693967819 1.42204886674881 8.907602954655886 5.916546754539013 4013.435210060328 0.9418143555521965 58.22032619267702 3.635166548192501 591.82006572932 2.427563861012459 18.15279562026262 21.69941627979279 517.7911209762096 218.1888210847974 5.6970707885921 1.506766527891159 43.54331554472446 1.655055701732635 102.7385148182511 8.480263113975525 1314.895805209875 22.5417105704546 380.3748982436955 65.59561268985271 1903.302733629942 30.33028280735016 2.699009291827679 3.769157074391842 0.1043915823101997 0 0.5555984601378441 42.76132913678885 1.141334027051926 22.85517924278975 16.90931073576212 33.78249234706163 18.02693144977093 90.97978170961142 0.4849316105246544 185.6336172670126 0.5458142757415771 10.69419032335281 9.057485498487949 1.096976540982723 0 0.6468229219317436 0.4746172428131104 70.81185452640057 1.249729663133621 0.9976800084114075 0.3760492354631424 116.6419536396861 0 1.794367849826813 1.112191461026669 194.1032050698996 3.957441844046116 0.6573546379804611 0 0 0 3.644508250057697 0.4247074276208878 245.6679064109921 0.6774852499365807 16.08236104249954 2.196329459547997 165.6771067902446 0.5028288662433624 0 0
1.097183808684349 484.8575567081571 29.22296884655952 0.7328319624066353 22.4985015168786 39.36229330301285 7.190984643995762 82.27903718501329 27.50210069864988 14.39569105952978 2330.736784413457 13.75670638680458 4018.405614793301 23.40146227180958 0.921332873404026 21.4597265124321 7.003274165093899 85.13593012839556 16.00055845081806 1.5337915122509 8.536146223545074 140.2256403043866 55.17845526337624 35.90124178677797 3161.525248527527 991.0362728983164 4148.301882401109 32.38460056856275 26.98341974616051 6.650039188563824 1170.699262857437 36.77887301892042 0.3876490294933319 694.8506489917636 129.7371730133891 3564.424342274666 4085.38365868479 2032.257883094251 480.3889993876219 192.1117560639977 225.2118659168482 545.4012869745493 32.07729595899582 0 39.63199479132891 2.184077225625515 0 0.139903798699379 1.436347141861916 0.3064643144607544 2.790800705552101 1.782773591578007 0.2518060728907585 912.0243270620704 0.4252615869045258 2314.093069717288 2.393098786473274 0 16.72648989409208 1.380448445677757 20.51876674592495 43.42789222300053 0.2176054716110229 7.902239583432674 4.131466820836067 9.275384157896042 1.304977431893349 662.0858344882727 724.0942573621869 478.7428718134761 7.265770800411701 1.380529768764973 0 363.0937357619405 2.837698802351952 0 90.54125245660543 133.4800941944122 588.9293198361993 549.7026214376092 207.2804288938642 47.46364226192236 9.449506394565105 30.84574034810066 388.8842989057302 2.019739091396332
2544.462291702628 2.172510847449303 362.4908554106951 22.87598761916161 624.735514305532 945.0958696678281 6364.844952009618 7584.645926263183 25.64162647724152 1074.4263837412 132.7618273608387 331.3969650305808 23.40146227180958 7538.636192113161 8.906143255531788 2.813237711787224 239.1732800900936 59.60766630619764 151.8535599038005 102.5666350238025 296.4227741286159 7.866655327379704 670.7897927947342 116.4598436877131 1.399020284414291 317.9542189873755 121.8328376337886 367.9434832520783 7642.192039430141 3270.24505931139 3.474663563072681 424.5318067073822 135.8777854219079 1399.985498048365 9.832247100770473 170.7031341046095 66.23665275424719 1571.981164082885 351.3614618070424 235.4850256592035 46.00779133290052 6.884403079748154 2.886638388037682 0.3218662142753601 0.4577339962124825 1.53454227745533 0.8531720712780952 0 2.930468253791332 8.428086176514626 10.87483651936054 9.992674984037876 7.754856280982494 0.2263676524162292 0.8498143777251244 0.0930226743221283 5.658298023045063 1.321783304214478 3.321610279381275 0.5319803580641747 0.09900972247123718 0.09635700285434723 3.268509991466999 2.187906786799431 2.480492673814297 1.466309010982513 52.09810806065798 0.1830774992704391 5.942528799176216 11.42967684566975 97.85846023261547 1.389857776463032 3.168698601424694 0.2251690924167633 0 0.1450027972459793 0.3452668413519859 0.4806467294692993 32.4189034178853 0.5537921264767647 9.1579849421978 2.598895117640495 6.355730786919594 0.2566026151180267 0.3925134986639023 0.178316742181778
0 14.48405518382788 0.2242628633975983 201.1717535853386 1225.583485618234 1672.347368352115 4.494126223027706 94.81738896667957 802.1255266964436 49.5215612500906 0.3407691568136215 1097.49020653218 0.921332873404026 8.906143255531788 205.3769449740648 0.7007802724838257 0.2179690897464752 0 0.1824911311268806 130.2544187232852 0 97.91001270711422 0.4871886670589447 1092.587915241718 3.476934157311916 0.9624514877796173 32.05296590924263 138.8747284784913 14.10295718163252 0 0 189.166204020381 0 31.96238341927528 0.2006093710660934 188.890752851963 1.719751782715321 6.318496979773045 1.400795616209507 1888.734813675284 117.332678347826 0.3384478688240051 0 0 0 0 2.181342273950577 0 0.9228119105100632 0.908180296421051 2.845032051205635 0.7731362581253052 4.126878917217255 0 0.9477747976779938 0 0.7512043789029121 0.8747904300689697 0.4808167070150375 0.1368769258260727 0.2462457939982414 0 4.162809610366821 0.118621751666069 0.6944192498922348 0.1081497743725777 5.948595322668552 0 0.4840406849980354 0.7799628898501396 8.055121444165707 0.6155989617109299 0.3904121518135071 0.122728243470192 0 0 0.1716433316469193 0 21.6807366758585 0.1123332381248474 0.8760087117552757 0 9.26614736020565 0 0 0
0.9302341565489769 150.5175105333328 62.12098915874958 0 0 1.492142423987389 6.924252189695835 3.175563335418701 141.1463691145182 3.203239656984806 1.917167581617832 0.8186172693967819 21.4597265124321 2.813237711787224 0.7007802724838257 1190.102959051728 28.35711362957954 1.04350058734417 2.039000876247883 0 1604.822104550898 3593.308717936277 2281.268530935049 2059.97342800349 12.89569836109877 24.50197162479162 3535.720438852906 1592.395296126604 13.70656167715788 7.247251443564892 0.7586291655898094 0.5250038728117943 6.31367239356041 30.9366806820035 29.59091447293758 789.8941805139184 283.3579499945045 192.4401704668999 214.4621265754104 37.59026985615492 4.37787364423275 3.95238570868969 4.438302338123322 0.2217391431331635 7.890638962388039 45.15020324289799 0.1319664269685745 0 0.3272454664111137 3.564868234097958 0.929341048002243 3.329025402665138 0.3497009053826332 0.2151002362370491 0 3.342723116278648 0.3892980664968491 0.4909525737166405 2091.4432535097 4.930351965129375 0 0.3234809339046478 0 126.7331895455718 879.9662304073572 927.0343810766935 77.47011503577232 0.1334838271141052 21.04601509869099 692.8507783263922 132.4936593696475 1.117671504616737 11.16538987308741 0.8743311166763306 0 0.1423794031143188 5.490434020757675 6.636561781167984 122.049465097487 6.937787875533104 7.957887053489685 2.334664843976498 1.834127373993397 0.2763304263353348 2.699770212173462 0
60.18098125606775 111.7479443475604 3648.650362282991 0.1177736893296242 1.221308261156082 31.023970477283 101.2184144705534 257.1658307611942 5.268482610583305 10.35247594118118 519.5853962227702 1.42204886674881 7.003274165093899 239.1732800900936 0.2179690897464752 28.35711362957954 1214.061363011599 646.0481199473143 2819.341826438904 0.456784762442112 273.7203073129058 36.43867045640945 1873.129685737193 48.05332942306995 1.112804390490055 4582.311059035361 5032.818473555148 66.13282486051321 324.6810914501548 256.3798481971025 3.489790968596935 11.84629160165787 34.06462903320789 2843.086154162884 6.068819798529148 314.3193316981196 1554.581204645336 1452.548432450742 472.5854286849499 16.08944356441498 3.542869217693806 2.769164621829987 2.750637032091618 0.1937894821166992 51.20250841230154 112.6936662122607 0 0 0.2768614888191223 1.948183119297028 0.3317603766918182 0.5146778449416161 0.1177303120493889 7.981521181762218 0 13.59983647614717 0.5145697370171547 0 5.584306180477142 46.68871643394232 5.309658281505108 26.32970784604549 0 1.375453568994999 4.830087177455425 14.10509981960058 4.122695446014404 1.553025089204311 469.4086773023009 746.8562872335315 4.239122144877911 0.07049641013145447 0.08673802763223648 16.64685042202473 0 0 9.599214874207973 1.348533235490322 26.58700075000525 85.49595687538385 31.83391474932432 4.594878904521465 0.2468457370996475 0.3137167394161224 0 0.3909741267561913
2.864592477679253 12.89873871207237 52.41599468141794 0.5420006886124611 9.124977044761181 29.25352017953992 8.599562540650368 82.38799870014191 1.608836434781551 16.6702819801867 4682.174802958965 8.907602954655886 85.13593012839556 59.60766630619764 0 1.04350058734417 646.0481199473143 246.6807790473104 1591.535329066217 3.554511677473783 4.961635664105415 9.493508465588093 23.69208414107561 4.848880887031555 32.81546420603991 3722.57708247751 606.788826495409 7.055138729512691 79.65363667532802 6.581147707998753 121.5738375484943 44.47090457379818 1.262231595814228 1975.139959417284 4.208799764513969 383.4164773598313 1358.778293609619 1354.849918313324 290.7694559842348 22.63012614101171 4.779565058648586 100.8158653825521 3.27659510076046 0.09452991932630539 4.941918969154358 0.8579008728265762 0 0 0 0.3546013310551643 0.3821467608213425 1.38732185959816 0.08607234805822372 41.42191307991743 0 120.5153868347406 0.3818356767296791 0 0 1.331134453415871 9.653383679687977 32.58005223423243 0 0.1353592574596405 0.2603882327675819 0.728154681622982 1.048767067492008 17.84949829429388 277.6718871742487 147.4298317432404 1.894837103784084 0.2264309078454971 0 64.61482658982277 0.09022581577301025 0 2.214225821197033 1.411301292479038 30.36150081455708 37.09682929515839 8.072907477617264 1.952945381402969 0.3835328444838524 0.2622154355049133 3.062578596174717 0.1438614130020142
24.89974474906921 15.162658020854 457.9397362917662 0.5158606842160225 11.62470142543316 39.68267747759819 36.7193510979414 177.6669671759009 1.430975258350372 13.42613860964775 2597.65510584414 5.916546754539013 16.00055845081806 151.8535599038005 0.1824911311268806 2.039000876247883 2819.341826438904 1591.535329066217 1909.01391607523 2.149697110056877 49.21211595088243 6.243622444570065 228.1440860182047 7.100381389260292 8.803145743906498 4331.817374832928 970.9082931578159 13.80689386278391 251.4814238324761 50.71610041707754 13.13564629852772 56.71252577751875 15.12383791804314 5113.037938021123 8.051462315022945 761.8953838646412 1042.462087884545 1665.766711398959 350.6129926219583 28.38303288817406 1.777924135327339 6.505520939826965 2.655237212777138 0 9.686645440757275 5.75228575617075 0 0 0.09836800396442413 0.09327401220798492 0.1086427494883537 0 0.08069303631782532 10.12546196579933 0 34.03647663444281 0.1117512583732605 0 0.3572634607553482 8.507984504103661 10.50495950877666 59.30577405542135 0 0.4909352883696556 0 1.423385843634605 1.471490800380707 4.782503008842468 336.021159671247 192.7415757700801 2.126038879156113 0.09480107575654984 0 22.14276991784573 0 0 3.489853084087372 2.776339590549469 42.30903083831072 38.66698637604713 15.74081940203905 2.355099983513355 0.1491507887840271 0 0 0.2783830165863037
2.054186061024666 0 2.085724242031574 3350.032971836627 4.88523406535387 633.244736853987 48.67395535856485 208.2175321131945 455.1960481330752 4435.829504966736 6.037288263440132 4013.435210060328 1.5337915122509 102.5666350238025 130.2544187232852 0 0.456784762442112 3.554511677473783 2.149697110056877 287.8107662647963 0.3948195949196815 0.1980516165494919 2.252989083528519 327.7524979412556 0 5.596876628696918 1.27508731931448 2233.870308659971 116.8583946377039 2.384059719741344 0.08650763332843781 7.76837220788002 1.452417954802513 33.06079706549644 5.491127297282219 292.2747362926602 4.964419536292553 151.3569913357496 33.66399913281202 395.4117162078619 7.787187702953815 0.6983773484826088 1.899649493396282 1.032537989318371 0 0.9208208322525024 39.57420594245195 0.7198752239346504 33.20229006558657 37.31315997242928 71.97800016403198 54.0864706709981 135.5476180911064 1.340872772037983 51.80209014564753 0.07839692384004593 22.17544759809971 4.075830101966858 2.11291079968214 0 0.9915606081485748 0.6890742927789688 70.22916169464588 1.044812224805355 0 0.6190943270921707 201.0931039452553 0 3.484353758394718 1.264744289219379 316.4283842593431 8.664020031690598 2.032987855374813 0 0.6387444883584976 0.1948456615209579 6.393090762197971 0.3943495526909828 203.3590033575892 1.096417896449566 32.46902364492416 4.318168707191944 110.3438468873501 1.528817921876907 0.229038193821907 0.5348670780658722
95.99406290054321 3.764558956027031 901.9931099265814 0.09576574712991714 0.6459601297974586 39.82803946733475 692.112157497555 279.1432267799973 35.25764986127615 16.34971272945404 6.617441155016422 0.9418143555521965 8.536146223545074 296.4227741286159 0 1604.822104550898 273.7203073129058 4.961635664105415 49.21211595088243 0.3948195949196815 9796.992525711656 148.4396095126867 9852.960360437632 258.0607074648142 0.5831979513168335 116.4531999900937 1091.28251183778 3214.832412615418 543.3651440888643 7630.033030077815 0.3200763463973999 3.004552930593491 86.21687380969524 2968.664426229894 279.4216713309288 4135.254715237767 315.8702484145761 4944.813336648047 2102.935255855322 190.1934581398964 22.36827029287815 6.115800485014915 26.29018542915583 0.2376920580863953 1.116830825805664 6.24788511544466 0 0 0 3.14614337682724 1.605834551155567 5.856095552444458 0.2813224494457245 0 0.2689012140035629 0.6863993406295776 0.6428062170743942 0 305.2424527332187 0.5164461135864258 0 0.2218429371714592 0 66.74323493987322 90.93599613010883 93.95496617257595 63.74553746730089 0 3.014569260179996 60.45360298454762 95.37532091140747 2.1481978520751 10.76785989105701 0 0 0.1479219347238541 2.437962353229523 23.08677194267511 68.43775460869074 2.270337879657745 5.165983252227306 1.151029050350189 5.657009482383728 0.3051383495330811 0 0
1.832207411527634 2195.250478833914 73.33422180265188 0.6387047171592712 3.168409064412117 4.026741728186607 11.40807837247849 8.0151372179389 3081.54237228632 2.761379197239876 26.94618471711874 58.22032619267702 140.2256403043866 7.866655327379704 97.91001270711422 3593.308717936277 36.43867045640945 9.493508465588093 6.243622444570065 0.1980516165494919 148.4396095126867 962.3003104031086 684.9932283461094 5245.907144807279 842.9104654565454 183.6761238127947 4417.963491842151 640.5804237350821 23.00940901041031 18.0604442358017 40.33463520556688 0.3456191644072533 2.549339957535267 18.90985900163651 1.569822490215302 59.0796008631587 35.80335134267807 49.72723781317472 15.1529161632061 203.1961048319936 2.230802148580551 3.078232616186142 0 0.3837298527359962 14.46601931005716 72.35746685415506 0 0 0.3324008136987686 6.190434023737907 2.409095793962479 24.96930374205112 1.218489788472652 2.706943787634373 0.09966392815113068 7.44317027926445 1.313793621957302 0.5801962912082672 806.5069699734449 8.23229868710041 0.7753511741757393 1.676947720348835 0.378290519118309 43.30485002696514 237.7340312674642 292.9684987813234 90.45066554844379 9.815260246396065 41.63628578186035 1433.165782488883 111.1958133801818 2.294153846800327 7.796626426279545 3.090222582221031 0 0.4003574848175049 2.063188031315804 0.3666736260056496 36.74817650765181 12.32891638576984 13.95943597704172 5.857966609299183 4.375266596674919 0 0.2627874314785004 0.1631178110837936
163.9025426656008 20.87269297987223 12187.96291737258 3.720220848917961 1.656649030745029 156.1199019923806 1767.926339160651 816.7392025403678 54.05461405217648 112.4832735881209 33.93913288414478 3.635166548192501 55.17845526337624 670.7897927947342 0.4871886670589447 2281.268530935049 1873.129685737193 23.69208414107561 228.1440860182047 2.252989083528519 9852.960360437632 684.9932283461094 16899.21486088634 381.501492395997 0.4520677626132965 764.3451096639037 8261.959897845984 2305.426583170891 753.6974077783525 2473.968667309731 1.153641976416111 7.063672661781311 86.92245366424322 4271.755179852247 614.5303098782897 8998.232431851327 4907.06291089952 10308.96835445985 6305.929037950933 502.6917504966259 55.31998506933451 47.72348113358021 66.95984183996916 0.1203093007206917 12.25935564190149 262.8102947100997 0.222041629254818 0 0 5.011527948081493 1.679706603288651 4.029229916632175 0.4539205580949783 2.607610695064068 0.1178388595581055 9.125996634364128 1.018814578652382 0.1477939635515213 1841.323671005666 22.35465790331364 0.1718142926692963 1.258375436067581 0.3157108724117279 58.1603637561202 622.8247818797827 985.8074344545603 74.25159500539303 0.4492005407810211 43.20858606696129 1801.744852878153 98.88400717824697 1.909807868301868 7.211512930691242 0.5066503286361694 0 0.1332022994756699 5.093522951006889 92.29138812422752 153.0850921496749 18.00039026141167 16.8640448153019 7.829232566058636 3.668475545942783 0.6631220281124115 2.596533060073853 0.9987504184246063
13.90824984014034 605.8801509439945 342.8496625572443 891.0065224543214 22.53093870729208 276.03955706954 297.1251545324922 171.4152975231409 7262.746811829507 1173.763248540461 10.00769520550966 591.82006572932 35.90124178677797 116.4598436877131 1092.587915241718 2059.97342800349 48.05332942306995 4.848880887031555 7.100381389260292 327.7524979412556 258.0607074648142 5245.907144807279 381.501492395997 8664.293428890407 110.9094047173858 89.63375471532345 2062.952177077532 7458.34305280447 353.6525564044714 76.43728155642748 5.90870375931263 6.697695419192314 47.74540500342846 145.5378923788667 40.2716433852911 1142.584203511477 124.7007384821773 504.5182636231184 211.347110837698 941.9054956808686 29.28715828061104 4.245258405804634 12.835813395679 9.397035084664822 8.326989650726318 28.22414384782314 86.07125980407 0.937988355755806 82.93955070525408 212.4281675517559 237.6562422960997 742.1801611557603 229.0890122428536 6.5976936891675 46.33400139957666 3.470991849899292 96.77827179431915 9.220505714416504 516.7959875911474 5.964533761143684 4.031123854219913 4.541391149163246 141.8737407773733 181.8862940743566 378.9721990302205 98.38002659380436 1695.301803730428 2.4353958517313 37.5812435336411 206.7172518372536 2418.2903746292 48.80801774561405 82.69826198369265 0.7859021499752998 0.7172804400324821 4.135368704795837 36.73519596457481 8.607814013957977 460.716057382524 9.100812800228596 154.6119510605931 36.42110767960548 238.3205040693283 6.625026918947697 6.097433909773827 1.359261959791183
0.1686966568231583 1586.13713247329 1.28612008690834 0 0.5701550990343094 1.253215789794922 0.7997760623693466 2.688920736312866 133.9622251465917 0.878795899450779 435.7634645476937 2.427563861012459 3161.525248527527 1.399020284414291 3.476934157311916 12.89569836109877 1.112804390490055 32.81546420603991 8.803145743906498 0 0.5831979513168335 842.9104654565454 0.4520677626132965 110.9094047173858 151.9835480600595 781.2856454253197 3994.124231338501 5.935579568147659 1.328254967927933 0 540.6348839253187 0.4025860875844955 0.8555901646614075 135.0993178784847 0.1721667051315308 13.63396272063255 75.9403867572546 92.47524283826351 4.35788793861866 12.70544137060642 19.6214907169342 126.8007557615638 0 0 51.16307934373617 0.7848255187273026 0 0.7900793552398682 0.6704989895224571 0 1.38131383061409 1.702361315488815 0.5201097130775452 168.9561803266406 0.09433268010616302 621.1378754228354 0.1451967507600784 0 0.3719846233725548 3.721807688474655 7.265049368143082 36.31403108686209 0 0.1276868283748627 2.706423349678516 1.520146064460278 1.328516907989979 136.129726678133 415.5279509201646 415.1709688976407 1.283947013318539 0.4254282712936401 0.156747043132782 85.64709577709436 0.1294638365507126 0 25.26728783547878 0.1750887036323547 8.937859661877155 43.10564163327217 78.55628304928541 1.654378406703472 0.3140724822878838 0.566707968711853 22.96395014226437 0
43.16803286969662 560.981245085597 8387.067562274635 2.063902840018272 14.43839302659035 111.7441614940763 287.0514099448919 449.3714403957129 44.28702849149704 57.95315039530396 3574.121351208538 18.15279562026262 991.0362728983164 317.9542189873755 0.9624514877796173 24.50197162479162 4582.311059035361 3722.57708247751 4331.817374832928 5.596876628696918 116.4531999900937 183.6761238127947 764.3451096639037 89.63375471532345 781.2856454253197 21816.1392641142 12581.68222610652 114.3551130592823 328.4307868927717 94.99139705300331 971.6249272227287 71.81843379884958 15.53400572389364 3528.870825387537 22.7667568102479 3083.76809310168 7982.819541625679 4768.390843309462 1126.429956048727 121.9144164696336 17.57406534254551 202.6695942506194 7.746712900698185 0.700965479016304 197.4846145659685 78.30815251171589 0 0.2193489223718643 0.570615291595459 5.812628053128719 4.106705710291862 3.489839568734169 1.03724667429924 349.7820091769099 0.2875128760933876 1087.74489428103 5.570757992565632 0.572122149169445 4.696641512215137 169.1047593280673 131.5469487458467 912.4958889707923 0.3253791406750679 4.364481262862682 10.59097518026829 22.88473047316074 8.784488312900066 228.1422349661589 5335.345911704004 3967.68916156143 10.17686040699482 2.48443054407835 1.758415155112743 639.4768793359399 0.8450570628046989 0.3739078566431999 56.5813229829073 8.30988410115242 214.0164644792676 642.5598295256495 217.8710782751441 47.51618780940771 5.080267876386642 0.9483993053436279 28.11727746576071 0.1578003168106079
16.04464898258448 6906.586181044579 12418.58468522131 1.080657929182053 4.713537767529488 33.16774605959654 163.881759904325 146.9205094650388 740.1473460793495 24.4990958571434 795.9044008180499 21.69941627979279 4148.301882401109 121.8328376337886 32.05296590924263 3535.720438852906 5032.818473555148 606.788826495409 970.9082931578159 1.27508731931448 1091.28251183778 4417.963491842151 8261.959897845984 2062.952177077532 3994.124231338501 12581.68222610652 29933.32052877545 1766.884458594024 150.5141524001956 48.06286505609751 1740.088651366532 33.04584690183401 10.9467648267746 3238.32781188935 134.0391153246164 5883.334721036255 5148.950015597045 8346.566740579903 2826.008108519018 311.3068245649338 19.71044345200062 67.72814450412989 20.09635415673256 1.912872314453125 1614.740159787238 1949.093246288598 0.426012247800827 0.1590654999017715 1.881645113229752 38.99763870984316 10.70689433068037 30.01759137958288 3.010383285582066 266.8881197571754 1.167358286678791 783.2908862158656 12.85859708487988 1.756385199725628 777.5486450046301 517.2222071141005 165.6038351729512 1277.935291305184 0.8998876586556435 41.16206388920546 1658.820683263242 1107.240140348673 122.2075220346451 581.7110406532884 8604.093183405697 18317.81994862854 107.2176607772708 5.540623784065247 8.244845122098923 536.670460164547 0.2152725458145142 0.9885984808206558 126.9905160143971 32.56299209594727 432.6205921620131 805.1875388398767 461.0362609699368 111.573924921453 15.83100613951683 2.295784264802933 15.94177862256765 1.98298192024231
44.48182664811611 34.00297480076551 893.6390736326575 2464.668576642871 8.154509663581848 908.2928300574422 10764.49566437677 527.6216945312917 2213.55281778425 6424.283166274428 18.22827817499638 517.7911209762096 32.38460056856275 367.9434832520783 138.8747284784913 1592.395296126604 66.13282486051321 7.055138729512691 13.80689386278391 2233.870308659971 3214.832412615418 640.5804237350821 2305.426583170891 7458.34305280447 5.935579568147659 114.3551130592823 1766.884458594024 10505.82373608649 1460.975713387132 4417.898893751204 1.660244107246399 16.98646873980761 415.8526947423816 1245.707218404859 284.0452728793025 5096.091292507946 408.4564894363284 2529.892301946878 1121.281747214496 785.9880930185318 91.22125318646431 8.541521988809109 46.16088052093983 8.902203477919102 4.279055558145046 27.46226113289595 100.8975409120321 1.254139989614487 99.2134722545743 218.2450138553977 274.2054432779551 452.0221236050129 280.4612070247531 7.38851523399353 60.05594231933355 4.503256589174271 98.50744473189116 6.613721497356892 664.3165800496936 4.253242343664169 5.075319536030293 2.66280597448349 157.6537822782993 213.0228574946523 279.4906720891595 156.8690806627274 1591.94270607084 0.4830877631902695 27.94337870925665 232.1162518635392 2361.256678149104 50.75800728052855 105.4403867349029 0.9582062065601349 2.555504508316517 2.389741651713848 34.58779500424862 31.26206018775702 556.2279983609915 8.99840022623539 152.10970261693 24.11148552596569 257.0656202957034 7.538878425955772 3.804703824222088 3.161742441356182
