517.5152858570218 0.4228212311863899 177.7572623640299 7.084100648760796 0 27.39455101639032 2043.872553758323 466.988611780107 15.6322814822197 164.2893626242876 2.882740557193756 2.142528399825096 0.2999410778284073 3304.897626042366 0 0.8301811292767525 175.0686831101775 0.5010120421648026 52.55250637978315 3.111028924584389 53.13272704929113 0.9367677196860313 247.400294624269 44.93860395252705 0 69.19499479234219 26.990912117064 72.59011180698872 3082.361051209271 2039.294685594738 0 0.3067653477191925 3.670847445726395 72.61893063783646 0.9423462748527527 29.4226303473115 4.989879742264748 46.44109243899584 9.001258097589016 1.129533901810646 0 0.2284220457077026 0 0.1816240549087524 0.2943613901734352 3.071965098381042 0.1280887424945831 0 0 5.058927752077579 0.450931005179882 1.463665030896664 0.9075152650475502 0.3512373566627502 0 0 0.5413809269666672 0.1169159561395645 3.540938094258308 0.9668460190296173 0 0.1041707471013069 0 1.178333029150963 2.599612019956112 0.1914808005094528 19.32965203374624 0 2.163327410817146 8.598937571048737 10.7594208419323 2.731919661164284 2.761518001556396 0 0.1380275040864944 0 1.549438551068306 0 6.724493503570557 0.09801756590604782 2.939379692077637 1.17734383046627 0.1601380258798599 0.2102846875786781 0 0
0.4228212311863899 70.04972170293331 81.88350983709097 0.9784963801503181 1.950303576886654 0.7900752872228622 5.014015018939972 1.215374454855919 613.1128756329417 1.758825033903122 166.9661771357059 4.207862988114357 1279.470812596381 1.51596338301897 20.7765267342329 230.7205114364624 259.0206164717674 15.41915407031775 54.13497694581747 1.387980327010155 13.3960834890604 3333.419236406684 43.36421395093203 857.6445497125387 2487.706338174641 188.2900372371078 2455.485223509371 7.035764880478382 1.081369824707508 3.695962585508823 92.63763877749443 0.8444473743438721 0 89.87074152380228 2.655210971832275 184.9128514155746 209.7665296569467 174.0396368131042 97.91584262251854 32.23153719305992 0.1834370195865631 74.99366942048073 0.5237707197666168 0.08844931423664093 49.4305357336998 39.99497781693935 1.186115376651287 0 0.1078663319349289 0.4394231289625168 0.4051547646522522 4.490520671010017 0.5025598481297493 29.53951261937618 0 119.7501341998577 0.29709342867136 0 13.35817989706993 17.72223452478647 11.92709185928106 43.82146774977446 0 0.5288068577647209 20.89918615669012 10.88697864860296 3.688077390193939 88.88868395239115 443.1952741518617 837.7136561647058 0.4547689333558083 0.6529238149523735 1.39778795093298 4.776752442121506 0 0.1187596842646599 11.02072252333164 0.9218738675117493 19.55692449957132 39.43971346318722 37.10226431488991 7.877586141228676 1.467849805951118 0 46.00486953556538 0
177.7572623640299 81.88350983709097 5627.498545661569 56.09357584267855 0.2231425791978836 364.9474057853222 2348.330741398036 802.2212666906416 4.85689727216959 517.6308301985264 31.41465291380882 2.453669093549252 1.541899532079697 923.2904533296824 0.6394054144620895 17.40016386657953 2830.566141337156 14.26572977006435 419.1884221658111 12.13871815800667 812.6666933149099 220.1441551074386 9364.082031831145 76.71569051593542 1.077627085149288 8931.625214040279 15320.11846137792 489.7407799512148 176.0093863159418 1864.317404985428 8.921943359076977 2.224997594952583 0.6301610842347145 430.085918687284 11.32048338651657 597.7988595366478 970.6758514270186 814.4532549083233 332.518705971539 21.38926315307617 1.227357447147369 0.8102336451411247 1.708560034632683 0.3294757381081581 170.2176271155477 936.1990436539054 1.272582687437534 0 0.2502520084381104 11.43269420415163 0.8173037767410278 1.810344263911247 0.5200499594211578 3.789788328111172 0.09572475403547287 2.221558466553688 1.171395801007748 0 37.76528145372868 390.424862228334 2.945848226547241 53.0076090246439 0 3.581342399120331 206.1795813068748 130.4154178500175 45.64597924053669 1.11647129803896 537.7027683332562 2637.235799662769 12.43225666880608 1.52570978552103 6.049807220697403 0.7907340005040169 0 0 32.65442733466625 4.966130025684834 196.6397354826331 23.84341587126255 235.86689145118 71.87826770544052 5.574875205755234 0.15882308781147 1.279889456927776 0
7.084100648760796 0.9784963801503181 56.09357584267855 1695.517615370452 0.4048957973718643 13.67044680565596 561.1645409241319 54.74098191410303 778.1115611940622 3119.328224636614 6.360656961798668 879.6217837408185 2.563268683850765 85.38232040405273 32.01585547626019 51.49044974893332 3.440597765147686 0.7940588146448135 3.665531188249588 2299.38559384644 5.295662105083466 7.141569085419178 92.15358204394579 1397.346730269492 0 24.17986574023962 139.1944438815117 3008.314832888544 192.825025819242 69.02857560664415 0.1773469671607018 0.3979792818427086 5.125761047005653 70.30678643286228 18.7480942606926 475.3752875477076 17.19247201085091 214.2602614536881 102.1413004919887 173.7192248776555 10.31698066741228 0.3843534365296364 3.177289694547653 0.9384521692991257 0.5803980454802513 3.440212845802307 255.5538461655378 0.54804477840662 8.768943078815937 148.0155293419957 6.582115843892097 206.700679846108 172.2273640632629 1.002916298806667 38.46145106852055 0 6.000883296132088 3.584697730839252 3.627471119165421 0.5910449400544167 0 0.1020915731787682 105.654325760901 0.8501592501997948 1.677537843585014 4.845022208988667 353.1163808703423 0 0.7438776642084122 10.74834825843573 271.7260822355747 10.19000849872828 3.092107161879539 0 0 0.1828866079449654 7.317180715501308 3.102337710559368 45.16431479901075 0.3198807239532471 18.4226063862443 3.947205394506454 125.7416165173054 0.2210025787353516 0.5326387286186218 0.2685113102197647
0 1.950303576886654 0.2231425791978836 0.4048957973718643 78.61282828450203 93.19255965948105 0.3215153589844704 65.96130178123713 137.4519801288843 2.389756344258785 52.60698066651821 111.2310950905085 16.00714667886496 4.688302397727966 883.6774929389358 0 0.7263977453112602 2.380653381347656 3.436177812516689 4.206402085721493 0 4.237548321485519 0.09939663112163544 32.52911932766438 0.4141333997249603 2.350924521684647 4.451529324054718 1.718540832400322 35.84740872681141 0.1189286261796951 0.2654777616262436 162.0084941238165 0 341.4517948180437 2.536010444164276 31.21134150028229 14.16841459274292 377.5280695855618 114.4176526591182 1550.563561841846 81.92375592887402 11.0272319316864 2.000925004482269 0 0 0.1570240408182144 0.2541787028312683 0 0 0 0.1763605326414108 0 0.4844649732112885 1.292056739330292 0 0 0.2780544757843018 0 0 0 0 0 0.6680020838975906 0 0 0 0.4129494279623032 0 0 0.5147077962756157 0 0 0 0 0 0 0.3722242414951324 0 0.8295497745275497 0.2688163220882416 0.3748597353696823 3.262145191431046 0.3169474452733994 0.2048785388469696 1.546073392033577 0
27.39455101639032 0.7900752872228622 364.9474057853222 13.67044680565596 93.19255965948105 9746.898762706667 1610.918658144772 8490.028265982866 63.10605277121067 9897.18715146929 221.3069080412388 1992.723443172872 72.83558215200901 1168.939439911395 1040.647809937596 2.784570254385471 69.968157812953 29.23690881580114 55.89360223710537 281.0753549411893 10.68652882426977 1.021633803844452 126.2476362138987 30.61684530973434 2.466057240962982 153.6143564246595 70.94095695018768 42.46600456535816 455.2777123078704 73.9524001032114 3.223631955683231 470.4953017234802 5.28535869717598 839.5413698628545 7.73533496260643 377.6796855702996 87.80449818819761 1272.512082070112 475.6028133630753 1765.292490705848 220.512205041945 64.87632746249437 12.55810756236315 0.1877035573124886 0.2447886168956757 4.034226045012474 6.125187918543816 0 0.1390571743249893 7.378535240888596 0.6077941358089447 2.946088798344135 5.752806901931763 6.8088723346591 2.085924498736858 1.212232634425163 0.5706900581717491 0.1168435513973236 0.4986067712306976 2.111409097909927 0.3118315860629082 0.5471296608448029 4.088479734957218 0 1.103807009756565 2.065582565963268 10.89736497402191 0.2553353160619736 4.833353869616985 13.13187384605408 12.75310603529215 1.906816281378269 0.3293129876255989 0.3086932599544525 0 0 0.1154602020978928 0.8417436331510544 18.31256312131882 3.16566126793623 6.968171752989292 12.45549295842648 9.89830657094717 2.969315402209759 5.759132832288742 0
2043.872553758323 5.014015018939972 2348.330741398036 561.1645409241319 0.3215153589844704 1610.918658144772 14149.32593145221 2115.826679453254 467.5127195864916 4425.004609160125 26.45062604546547 29.07792776077986 8.432239003479481 5895.632045641541 12.61825447529554 253.1178642138839 102.1377128213644 4.936060555279255 36.04875715076923 186.1719527393579 284.8062837570906 17.81572172790766 2397.781437642872 2411.795989692211 0.2517908439040184 431.2612666711211 1321.370333664119 11138.37718783319 1102.603936836123 6308.054666668177 0.7786830589175224 2.211032949388027 24.34367910027504 343.380953848362 53.94361193478107 1594.498017713428 115.4994590654969 1120.519568689167 488.4877431243658 91.91068579256535 45.04633302241564 0.9722196608781815 17.58022054284811 16.8222169354558 4.604079850018024 32.6014805585146 222.3114365413785 0.6095934361219406 19.14844962209463 947.6085324734449 42.5913442671299 178.3619583621621 162.7737282514572 5.389063648879528 24.24962768703699 0.9708839431405067 46.15173348784447 3.219343483448029 25.2898795157671 8.850699707865715 0.5971645191311836 2.814008168876171 79.38536195456982 6.541166074573994 12.02599586546421 52.59137722849846 826.3436301201582 0.08450420945882797 17.20199682563543 129.3143763691187 852.8267078697681 81.0368377417326 51.3475604429841 0 0.6331938952207565 5.064383320510387 35.4731308594346 5.780827954411507 249.0473550409079 7.843206390738487 158.3911525905132 40.51895023882389 130.2058813348413 3.32608612626791 3.219122931361198 2.856722615659237
466.988611780107 1.215374454855919 802.2212666906416 54.74098191410303 65.96130178123713 8490.028265982866 2115.826679453254 12551.8744613938 69.98363975435495 3211.692318998277 190.1226055845618 915.8768579810858 73.92148491740227 6372.673722088337 548.29557313025 3.456518933176994 479.7705120295286 19.75906229019165 192.1285021007061 288.0292091369629 66.33413157612085 2.4656967446208 502.5258591324091 224.6012116372585 0.8951052948832512 368.2667928263545 136.0835811719298 336.0087626129389 1023.315756343305 628.7594190016389 2.417490065097809 268.0047201663256 6.115857765078545 1067.814069565386 9.601147681474686 403.9452070817351 92.80233170092106 1146.709048755467 447.5916073471308 1813.287744961679 295.8188297450542 56.29385510832071 12.33630429953337 1.999288938939571 1.744985476136208 11.48104117810726 2.717640317976475 0 0.3808934688568115 51.74489811062813 2.458655118942261 11.89094189554453 2.11097052693367 6.190241083502769 0.7229100465774536 0.2884105443954468 5.14475192129612 0.7277142032980919 4.316925749182701 4.461371034383774 0.5445890501141548 1.36680106818676 0.9518971592187881 3.457470737397671 4.793718464672565 1.351063415408134 88.88057212531567 0.08088507503271103 6.949391677975655 30.89535671472549 48.28588055074215 11.7668546512723 13.19302889704704 0 0 1.88394471257925 4.181784823536873 3.601474985480309 28.27928712964058 2.734196193516254 16.06975442171097 15.0825911834836 3.301520682871342 4.8632942289114 5.784462206065655 0.1000633165240288
15.6322814822197 613.1128756329417 4.85689727216959 778.1115611940622 137.4519801288843 63.10605277121067 467.5127195864916 69.98363975435495 1156.083605878055 211.9203354492784 25.52982243150473 861.4351869672537 65.12246786057949 107.5288031026721 1403.593702226877 71.17844716459513 5.445101007819176 3.00682520121336 5.059260547161102 964.1057766675949 39.14463543146849 2286.792357780039 27.17538271844387 7645.202534548938 104.3584499433637 28.08887792378664 746.0686846673489 966.5811807066202 180.304238319397 428.2897730767727 21.65783309191465 1.692463159561157 16.02926748991013 76.13317027688026 18.07358383387327 933.744777277112 155.1079395264387 257.879489518702 100.4685803279281 898.695753775537 30.45356870442629 5.08227401226759 3.665859296917915 10.3137798756361 6.273771747946739 3.639487244188786 156.5227552950382 1.171995893120766 3.515789024531841 130.9187148734927 9.47238976508379 166.3806535899639 97.97008458524942 4.024874098598957 47.2339972704649 8.809470005333424 18.79917170852423 9.519577860832214 110.2124196588993 1.260107360780239 0.7035776004195213 0.9944242760539055 75.55884651839733 27.18734346330166 78.9482447206974 6.798712253570557 1330.529302574694 2.41039901226759 9.900289572775364 15.46781913936138 302.0220340937376 70.32359389960766 76.99391661584377 0.3449071645736694 0.313196636736393 11.08215096592903 17.63598473370075 3.399188682436943 135.4138729423285 9.836334086954594 46.7755216434598 16.90324223041534 146.8687462508678 1.240457147359848 2.248942211270332 0.4655361175537109
164.2893626242876 1.758825033903122 517.6308301985264 3119.328224636614 2.389756344258785 9897.18715146929 4425.004609160125 3211.692318998277 211.9203354492784 14471.70220338553 143.040465503931 3344.203129101545 13.7242571786046 1848.554474063218 38.09056080132723 19.85899470746517 33.28264077752829 24.64125154167414 44.76639626547694 3729.550185322762 16.26355564594269 2.702895365655422 211.8936804160476 363.370173484087 0.5610290020704269 159.1690310463309 190.1200193464756 2283.144927799702 1107.243699535728 250.6414569541812 2.765503473579884 17.31586612761021 9.662119463086128 790.2016257941723 71.35789610445499 2102.038533315063 109.0593424886465 1763.303891167045 382.0799368992448 304.854676887393 99.272033020854 6.80830355733633 24.89085096865892 1.987279698252678 1.034076571464539 6.316402703523636 306.2596160769463 0.4267157465219498 14.42525529116392 308.4198110476136 12.93460086733103 136.0942417010665 203.8119010478258 0.9981788396835327 32.17028027027845 1.305724702775478 12.35008377581835 5.641533464193344 3.532646752893925 2.121492803096771 0.5822323709726334 0.7808925434947014 121.6413491070271 2.35248176753521 1.253376834094524 12.08781487494707 403.8989065364003 0.1021049618721008 7.489518888294697 27.32558981329203 393.7626596912742 17.37600616365671 7.844243638217449 0.1067887842655182 0 0.5338056832551956 10.58255206793547 6.136512883007526 115.3554958254099 3.532882519066334 47.43562158942223 13.28173021227121 206.2471343055367 1.139054387807846 0.5533443093299866 0.4627656638622284
2.882740557193756 166.9661771357059 31.41465291380882 6.360656961798668 52.60698066651821 221.3069080412388 26.45062604546547 190.1226055845618 25.52982243150473 143.040465503931 10273.50091446936 138.2776777893305 4147.895021982491 167.5969581380486 21.82678353786469 2.513347715139389 106.8308020532131 4749.685234442353 2427.422025382519 38.84970996528864 9.55069737881422 63.8846535757184 35.66389741748571 25.67058858275414 1010.577839970589 2750.210788831115 1449.989810928702 19.76245377957821 163.2412788644433 12.98584889620543 630.6499936506152 245.5573397502303 3.109322153031826 6150.505881711841 27.36263363063335 704.8005963116884 6439.725672751665 6551.631160348654 1182.706536307931 66.46543762087822 50.69000236690044 2236.706806831062 2.680123262107372 0.3566433265805244 32.50757954269648 5.487889938056469 0.4134515523910522 0 0.5929519683122635 15.01558282226324 0.09052002429962158 2.841834396123886 1.379328422248363 451.5628298521042 0 1220.662897765636 1.255226470530033 0 0.2900789976119995 1.675707384943962 123.2493215501308 24.08013533055782 0 0.3299335837364197 0.9725151732563972 0.4397770613431931 15.85147335380316 206.2558868229389 421.3028342500329 227.9683511853218 15.76037990301847 3.077179543673992 3.75020245462656 45.41932540386915 0.344386875629425 0.143231526017189 6.845115408301353 7.448928788304329 48.78424939513206 417.5894095525146 41.15856946259737 46.3336815610528 6.347951456904411 5.210228517651558 380.4605153352022 0.6848070621490479
2.142528399825096 4.207862988114357 2.453669093549252 879.6217837408185 111.2310950905085 1992.723443172872 29.07792776077986 915.8768579810858 861.4351869672537 3344.203129101545 138.2776777893305 6295.794003330171 10.30269508063793 395.8433920443058 1785.994615368545 1.594303354620934 1.561618275940418 22.57704200595617 23.60043809562922 3631.31419474259 1.174494355916977 17.44834394752979 3.283204458653927 227.4835754707456 1.200618229806423 20.71499189734459 24.29714428633451 153.996634580195 258.0961126834154 2.796089254319668 2.458292581140995 25.70722509920597 0.2225278094410896 481.9857753887773 4.98326662927866 750.2724608257413 51.66086851805449 809.673529997468 122.8606886714697 2132.392427578568 44.89492884278297 7.179362244904041 5.311937600374222 0.1041772440075874 0.2267682775855064 0.1356454640626907 134.0562380850315 0.5910855233669281 2.085711516439915 21.04081472754478 1.395952463150024 117.1761695966125 108.5708095729351 1.732367120683193 62.17144851386547 0.4407705068588257 0.9317038655281067 1.513741604983807 0.1594722419977188 0 0.1757469028234482 0.08930978924036026 72.52828273177147 0.1198890432715416 1.501098155975342 0.4763738736510277 115.2744893208146 0 2.545881912112236 1.527266554534435 73.40930434316397 2.194029562175274 0.09268839657306671 0 0 0 0.304477870464325 0.3344763219356537 29.42055540531874 3.33834370970726 3.062002517282963 2.322547726333141 163.3405134305358 0.7174661457538605 0.3951971754431725 0
0.2999410778284073 1279.470812596381 1.541899532079697 2.563268683850765 16.00714667886496 72.83558215200901 8.432239003479481 73.92148491740227 65.12246786057949 13.7242571786046 4147.895021982491 10.30269508063793 4093.938724927604 21.46261557936668 8.961041286587715 40.28283182531595 7.990800268948078 127.3678011521697 33.91042003780603 3.199550591409206 22.55337075144053 362.3703758642077 25.09660280495882 54.55577080696821 3724.423373796046 905.7930354624987 2681.311982646585 19.02770665287971 9.597848430275917 25.75126785039902 545.0243911743164 59.65947685390711 0 549.173069678247 110.1436466127634 2713.872175961733 4941.265648975968 3057.057979635894 546.2650299593806 389.440830282867 238.5015999525785 2020.222264111042 22.221092030406 0.1582462042570114 81.12250495702028 1.71526724845171 4.616264820098877 0 1.599451832473278 2.770721435546875 1.854135036468506 0.8462664932012558 3.882344827055931 638.9945943206549 0.3118921518325806 1861.95330696553 2.85956346988678 0 4.321298182010651 1.645363666117191 161.8150146156549 10.72021256387234 0 3.424515075981617 1.643237695097923 1.717005960643291 8.422059245407581 671.6949836015701 664.0768032371998 364.3758087232709 9.159864969551563 3.586938112974167 0.795901395380497 78.2829956933856 0 1.364976406097412 6.148568391799927 55.48288555443287 1472.859518632293 492.4667886272073 123.1933665722609 222.4996189177036 248.5408538132906 38.96310207247734 633.7740603089333 6.24130991101265
3304.897626042366 1.51596338301897 923.2904533296824 85.38232040405273 4.688302397727966 1168.939439911395 5895.632045641541 6372.673722088337 107.5288031026721 1848.554474063218 167.5969581380486 395.8433920443058 21.46261557936668 10008.52220072597 63.53818006813526 5.856202587485313 729.2942935153842 25.51986755430698 259.1480809673667 190.5558065846562 160.3028202429414 5.988073006272316 864.5334796234965 344.7289773225784 0.5343930423259735 367.2480159923434 155.5231611505151 534.3595928326249 8415.20796866715 3591.627889581025 3.282306902110577 68.35528367757797 13.7733985260129 1386.523816406727 7.801322087645531 363.2163661494851 81.97903515398502 1087.211073745042 258.8457967489958 245.5801336541772 41.88106760382652 15.67825335264206 3.830444492399693 2.746274523437023 1.329805463552475 13.23517228662968 4.046860218048096 0 1.199687220156193 56.3984472155571 2.970803290605545 16.05234573036432 2.7734399959445 1.335325129330158 0.07823988050222397 1.73197453469038 6.941838070750237 0.5366692990064621 16.6783659607172 5.344858266413212 0.1242446303367615 1.18353532999754 0.745932936668396 9.395966812968254 8.879219464957714 3.437452748417854 140.9611467495561 0.2861722260713577 9.128324829041958 38.19974648952484 84.27761813998222 17.07163494080305 20.8068678304553 0 0.1124933138489723 2.552448526024818 6.06212367862463 0.8217953965067863 53.87933711707592 0.7721712738275528 22.26625673472881 8.669429838657379 5.365079469978809 1.032312408089638 2.707899406552315 0
0 20.7765267342329 0.6394054144620895 32.01585547626019 883.6774929389358 1040.647809937596 12.61825447529554 548.29557313025 1403.593702226877 38.09056080132723 21.82678353786469 1785.994615368545 8.961041286587715 63.53818006813526 305.0518755465746 3.497908562421799 0.2838487923145294 2.279631614685059 1.098978653550148 127.903441414237 0.1321074664592743 75.96748300641775 1.548990309238434 981.8368000984192 1.895337380468845 3.517852574586868 41.85441689193249 24.20934344828129 20.03921831399202 6.041120812296867 1.044281110167503 278.5734532549977 0 148.0297083780169 0.4421876221895218 171.4504929929972 11.84912258386612 156.3696877136827 64.46591460704803 1220.72343839705 194.9727449119091 4.964055523276329 0.711140550673008 0.1507347375154495 0.8404951542615891 0.1085246801376343 4.951888680458069 0 0.1274216175079346 1.094627387821674 0.1160891875624657 7.475045822560787 4.922564327716827 0.4192834049463272 1.164824336767197 0.1141308918595314 0 0 0.3097272664308548 0 0 0.2552411556243896 2.288826577365398 0.1201698780059814 2.15558460354805 0 6.68447882682085 0 0.8575204163789749 0.6088452115654945 4.057402163743973 0.2286690324544907 0.4280818700790405 0 0 0 0 0.1690446883440018 1.044971376657486 0.1110739484429359 1.515298441052437 0.6491453573107719 10.73194859921932 0 0.9825801849365234 0
0.8301811292767525 230.7205114364624 17.40016386657953 51.49044974893332 0 2.784570254385471 253.1178642138839 3.456518933176994 71.17844716459513 19.85899470746517 2.513347715139389 1.594303354620934 40.28283182531595 5.856202587485313 3.497908562421799 5703.415580399334 4.335539788007736 0.1878934875130653 1.354660227894783 6.743642747402191 1374.961713016033 2100.199958704412 2300.097357571125 5028.951426118612 11.53401897102594 6.879949390888214 4170.196971006691 2485.766048006713 15.05112986266613 125.5119320973754 2.333211228251457 0.4020153656601906 2.736122615635395 39.67896373569965 51.99096227437258 2414.880775488913 895.4540483728051 583.1243901103735 1066.548694819212 90.59665679186583 6.924851022660732 8.158740907907486 16.71947371959686 1.417229622602463 4.062825724482536 34.32034531235695 2.808284245431423 0 1.031628735363483 29.54277273267508 1.283718086779118 29.05648171156645 1.93100830167532 1.806358002126217 0 2.243789687752724 3.966473899781704 0.4785541817545891 1839.750308252871 4.41991975903511 0.3167268484830856 1.003898143768311 0.218789242208004 237.0438635647297 783.6737722605467 1157.496557943523 631.2361447811127 0.1461518704891205 8.300102896988392 287.4119510129094 102.6685539260507 15.09175776690245 124.1468417197466 0 0 6.04343780875206 14.46870997548103 6.957974061369896 178.2143637612462 30.63450815528631 26.66507732123137 31.74419969320297 5.752657666802406 0.4607007950544357 4.425222188234329 0.6901623904705048
175.0686831101775 259.0206164717674 2830.566141337156 3.440597765147686 0.7263977453112602 69.968157812953 102.1377128213644 479.7705120295286 5.445101007819176 33.28264077752829 106.8308020532131 1.561618275940418 7.990800268948078 729.2942935153842 0.2838487923145294 4.335539788007736 876.073199622333 40.48321090638638 2795.387243926525 1.685109570622444 222.8692172989249 19.25939628481865 3414.769366204739 16.91163721680641 20.50488848984241 3926.484989784658 4717.449166826904 27.97361885756254 1179.450593836606 1141.069818563759 17.96481131017208 2.472826525568962 133.0036512985826 1565.921966917813 2.758460991084576 231.6822970882058 363.5177375376225 632.7706678211689 135.7047995105386 8.527538307011127 0.9924571365118027 0.4594580009579659 0.8239979073405266 0.8263072296977043 283.3162261247635 135.3328897729516 0 0 0.09778299927711487 1.506668634712696 0.3370132073760033 1.113756000995636 0.1687231957912445 3.666273288428783 0.08253178745508194 6.011634804308414 0.6368633061647415 0.09077002853155136 6.476428277790546 100.3449409157038 9.538751304149628 238.0857270434499 0.1073091253638268 1.497676119208336 9.973319701850414 7.179654724895954 6.101500265300274 8.560164429247379 1273.976299159229 1113.98224799335 1.545867219567299 1.39519689977169 3.399533495306969 1.65317153185606 0 0 25.08113122731447 0.7535215467214584 46.88338483870029 22.78642115741968 64.40846987813711 12.32855415344238 2.920942544937134 0 0 0.1181000173091888
0.5010120421648026 15.41915407031775 14.26572977006435 0.7940588146448135 2.380653381347656 29.23690881580114 4.936060555279255 19.75906229019165 3.00682520121336 24.64125154167414 4749.685234442353 22.57704200595617 127.3678011521697 25.51986755430698 2.279631614685059 0.1878934875130653 40.48321090638638 565.3548620641232 1334.499840065837 7.801279537379742 1.710690349340439 7.234849147498608 10.77812679857016 7.224599041044712 44.91230177879333 3535.645677022636 771.2591848894954 4.084327138960361 23.53764200210571 4.595556497573853 246.5132943168283 19.46644724905491 0.8743849322199821 1154.721348956227 4.203689806163311 245.4237320050597 1153.001899637282 1387.676252968609 347.4319013282657 12.23498529195786 0.9685899391770363 32.08437173068523 1.439292296767235 0 27.10232762247324 0.8198533952236176 0.103126585483551 0 0 1.705152094364166 0.1195353865623474 0.4719149023294449 0 32.33027958869934 0 65.83989157527685 0.1095115765929222 0 0 0.4944001287221909 92.43924865871668 19.86411838233471 0.5231631696224213 0.106467641890049 0.5094192624092102 0.2263564467430115 2.49817767739296 30.07638252526522 251.27018250525 118.0360389128327 2.661440700292587 0.6197651028633118 0.3120337426662445 13.58590117841959 0 0.07861337065696716 2.523108012974262 2.122219502925873 11.54291331768036 51.91929107904434 7.415520027279854 5.411259323358536 0.1921522915363312 0 1.094028860330582 0
52.55250637978315 54.13497694581747 419.1884221658111 3.665531188249588 3.436177812516689 55.89360223710537 36.04875715076923 192.1285021007061 5.059260547161102 44.76639626547694 2427.422025382519 23.60043809562922 33.91042003780603 259.1480809673667 1.098978653550148 1.354660227894783 2795.387243926525 1334.499840065837 1482.423288889229 8.943562246859074 32.31334318965673 5.821144118905067 607.2079061940312 10.31549111753702 99.38306386768818 5759.12114635855 2847.915576860309 13.62627381086349 362.5780701637268 268.634274430573 115.8067070916295 27.52012890577316 18.24425660073757 5241.998062759638 11.23512724041939 684.7315585389733 1448.360456421971 2998.704549781978 917.1724571660161 18.53834257274866 2.599691890180111 10.0953419059515 1.360170476138592 0.1689697727560997 133.2664579451084 16.27886061370373 0.09960845112800598 0 0.1860561296343803 1.90919902920723 0.7621486857533455 1.423326715826988 0.1684537902474403 17.74996516108513 0.08282224088907242 29.14497552812099 1.076513268053532 0 2.102352179586887 10.50246728956699 104.2073092460632 162.042205311358 0.08724099397659302 0.4666310474276543 2.818497411906719 1.337427303195 5.059771414846182 42.69000898301601 1162.488364778459 665.6461233645678 3.918577946722507 1.018406979739666 1.38552126288414 7.969894178211689 0.112837977707386 0 13.69315719604492 3.426949813961983 25.36983818560839 36.67000992596149 36.95767233520746 11.70118667930365 0.7638583704829216 0.1922997981309891 0.9587481915950775 0.09354785829782486
3.111028924584389 1.387980327010155 12.13871815800667 2299.38559384644 4.206402085721493 281.0753549411893 186.1719527393579 288.0292091369629 964.1057766675949 3729.550185322762 38.84970996528864 3631.31419474259 3.199550591409206 190.5558065846562 127.903441414237 6.743642747402191 1.685109570622444 7.801279537379742 8.943562246859074 460.8112170994282 1.094996452331543 2.860739380121231 8.76027987152338 333.7484404593706 0.2681564837694168 11.62185255438089 18.83874507248402 842.3815534710884 173.1712203100324 16.09297358989716 0.5455174669623375 4.775016099214554 1.125703252851963 169.4848897904158 8.569015868008137 623.880065113306 28.517677731812 352.7829157561064 69.40743751078844 776.82365706563 14.11726769059896 0.9601783752441406 3.33827893435955 1.294065989553928 0.2120485082268715 0.8489347621798515 298.4913015365601 1.155099086463451 9.917966417968273 145.7447294741869 6.704045087099075 198.8033020421863 222.7306947633624 0.590775839984417 48.88559768348932 0.7024489268660545 4.817687839269638 5.207593731582165 3.073303870856762 0 0.1579189449548721 0.07864020764827728 136.1792309209704 0.1277575343847275 0.6058282107114792 1.452617540955544 325.4419999718666 0 1.462677955627441 2.876849047839642 288.3243488743901 11.41443467140198 2.309680059552193 0 0 0.1979300677776337 3.177508659660816 2.509242177009583 69.06014439463615 1.308517917990685 20.35328170657158 3.228764079511166 231.8451804593205 0.4284086599946022 0.2780796885490417 0.9388046562671661
53.13272704929113 13.3960834890604 812.6666933149099 5.295662105083466 0 10.68652882426977 284.8062837570906 66.33413157612085 39.14463543146849 16.26355564594269 9.55069737881422 1.174494355916977 22.55337075144053 160.3028202429414 0.1321074664592743 1374.961713016033 222.8692172989249 1.710690349340439 32.31334318965673 1.094996452331543 10951.34984444082 208.6054654866457 11699.46029191464 354.3373875245452 1.177420996129513 98.33823645114899 1272.660631641746 2934.056518435478 251.5364313572645 7951.238093614578 0.2648118063807487 0.8013740554451942 39.43109158426523 1836.786369182169 123.0055162385106 5641.041064158082 2213.880821704865 4724.668492890894 3406.034421421587 173.9565994590521 8.689470030367374 10.719587482512 30.00870009511709 2.556199684739113 2.525225594639778 27.83894111961126 0.3179010227322578 0 0.4171318635344505 15.30550583451986 1.184147067368031 12.27274106442928 0.8667846173048019 1.013361588120461 0.2411001101136208 0.2324676364660263 5.786404371261597 0.1092379689216614 553.1381939724088 5.673025749623775 0.5421477556228638 0.7945242673158646 0.1873706132173538 132.3885981738567 227.6175925955176 257.9957420229912 382.6097216233611 0 7.51235818862915 110.277882732451 90.32643873989582 23.11960607022047 107.4988752752542 0.106654666364193 0 10.50043493509293 10.40991657227278 8.69406870752573 153.8120233640075 14.90085877478123 25.12153705954552 18.34890055656433 5.619015336036682 1.695898726582527 0.538830503821373 0.8326694667339325
0.9367677196860313 3333.419236406684 220.1441551074386 7.141569085419178 4.237548321485519 1.021633803844452 17.81572172790766 2.4656967446208 2286.792357780039 2.702895365655422 63.8846535757184 17.44834394752979 362.3703758642077 5.988073006272316 75.96748300641775 2100.199958704412 19.25939628481865 7.234849147498608 5.821144118905067 2.860739380121231 208.6054654866457 2343.260804921389 539.5440615341067 8497.20607406646 791.722019970417 58.89216738939285 3374.78796736151 56.53942098468542 5.446848496794701 59.81953328102827 59.4488300383091 0.2393319308757782 0 25.67774406820536 2.477564245462418 206.7937919273973 117.1362688094378 139.6028468832374 127.5396946147084 129.0340669229627 0.5237667560577393 26.08340042829514 0 0.119258426129818 15.44569462537766 58.7951875180006 6.266477420926094 0.1425705552101135 0.198813684284687 8.436127208173275 0.5558639317750931 44.61048877984285 0.3518295288085938 13.54358328133821 0 46.79226828366518 0.4742614850401878 0.1201387718319893 1272.705111205578 25.59851326048374 2.181314460933208 4.628223434090614 0.3494110107421875 82.70503420382738 360.8682987987995 641.3402024433017 311.4752410426736 17.06469732522964 44.66542360186577 1324.6248928532 33.4389226064086 2.351434290409088 38.9229453727603 2.762564808130264 0 1.035953618586063 10.45458704978228 2.865357995033264 95.85811330378056 29.31815472990274 34.19868568331003 19.2750821262598 0.9761921986937523 0.5349799990653992 16.7284227013588 0.8200489729642868
247.400294624269 43.36421395093203 9364.082031831145 92.15358204394579 0.09939663112163544 126.2476362138987 2397.781437642872 502.5258591324091 27.17538271844387 211.8936804160476 35.66389741748571 3.283204458653927 25.09660280495882 864.5334796234965 1.548990309238434 2300.097357571125 3414.769366204739 10.77812679857016 607.2079061940312 8.76027987152338 11699.46029191464 539.5440615341067 9551.783391267061 1122.503382369876 1.545362889766693 1612.85501922667 15059.0560900867 2984.545448049903 318.8361936956644 5135.116826213896 3.957262098789215 1.89327871799469 25.70594193041325 2122.582917198539 129.7167301923037 4873.364706657827 3412.982679642737 6626.364767804742 5435.826333895326 247.2167331650853 26.44988475739956 14.50887708365917 25.46647093445063 0.9655554592609406 36.99861874431372 552.0269825384021 2.244415298104286 0 0.9319943115115166 34.40576162189245 3.246933095157146 8.021673195064068 1.874868154525757 3.947238959372044 0.1999906972050667 0.8545204624533653 4.351584874093533 0.09562423080205917 857.4213119149208 136.044995225966 1.50080244243145 21.1964635103941 0.661557711660862 78.9494412317872 419.0339912474155 1330.312506616116 200.2841299623251 0.293093740940094 126.6468195617199 2101.538063712418 52.8888156414032 4.798703387379646 54.68047632277012 0.09768048673868179 0 1.483664207160473 22.25600741058588 15.56429842114449 248.694446220994 31.253557510674 149.1131833866239 95.99354827404022 4.883480295538902 0.8453514277935028 4.108079627156258 0.7553032338619232
44.93860395252705 857.6445497125387 76.71569051593542 1397.346730269492 32.52911932766438 30.61684530973434 2411.795989692211 224.6012116372585 7645.202534548938 363.370173484087 25.67058858275414 227.4835754707456 54.55577080696821 344.7289773225784 981.8368000984192 5028.951426118612 16.91163721680641 7.224599041044712 10.31549111753702 333.7484404593706 354.3373875245452 8497.20607406646 1122.503382369876 12846.09647873789 80.0242917239666 50.95525861531496 3986.471800640225 9267.814141407609 770.3548722937703 942.7460648566484 16.03335499763489 1.952478423714638 75.82923007011414 301.9212555065751 77.54147343337536 2489.885983496904 168.1817486584187 875.4953022673726 430.3417730107903 1137.79853245616 40.40937582403421 9.458589449524879 13.95958878099918 37.43367049843073 16.25489751249552 20.63259217888117 326.2122309356928 1.747113183140755 17.2799166738987 847.3676152825356 48.49127711355686 890.2547034397721 185.0370834469795 8.579656235873699 42.08402945846319 6.664601154625416 94.3036789894104 12.78460980206728 233.9752129018307 7.065228097140789 1.378497704863548 2.896797053515911 113.382430806756 94.61049872636795 381.5198768302798 62.30257155001163 2896.523519575596 2.817399546504021 30.0742290019989 134.6889549270272 1287.583263203502 261.2781874909997 285.2770859450102 0.3476562649011612 1.031655721366405 27.58815138041973 78.79539818316698 15.5397629737854 518.6289819329977 15.58685690164566 253.3052210509777 76.01186759769917 213.0850667059422 8.977025665342808 2.43113961815834 2.593933202326298
0 2487.706338174641 1.077627085149288 0 0.4141333997249603 2.466057240962982 0.2517908439040184 0.8951052948832512 104.3584499433637 0.5610290020704269 1010.577839970589 1.200618229806423 3724.423373796046 0.5343930423259735 1.895337380468845 11.53401897102594 20.50488848984241 44.91230177879333 99.38306386768818 0.2681564837694168 1.177420996129513 791.722019970417 1.545362889766693 80.0242917239666 745.4134076684713 311.8837605342269 2726.001170247793 0.3378432542085648 0.5736083537340164 0.2394400537014008 425.147247299552 1.447067514061928 0 71.48425032943487 0 70.0638679265976 716.0391266793013 180.845307290554 43.14358780533075 4.897501572966576 6.242205262184143 191.1344529241323 0 0 247.762985445559 2.176509112119675 0.1256936937570572 0 0.4433628171682358 0.3859587386250496 0.6201939508318901 0.6152897328138351 0.1868195459246635 169.0265836194158 0 600.3913574963808 0.2636597752571106 0 0.6651317775249481 2.324028566479683 136.5812279731035 58.85770287364721 0 0.5884206518530846 1.577575519680977 0.5632436573505402 0.209141232073307 239.5177323296666 841.6025172546506 527.4790118709207 0 0.388631783425808 0.618304617702961 34.11829002201557 0 0 10.60710129141808 1.574353635311127 28.14411053806543 166.4354146793485 44.15053027868271 13.60474143922329 0.1508146673440933 0.6733135581016541 248.6644332110882 0
69.19499479234219 188.2900372371078 8931.625214040279 24.17986574023962 2.350924521684647 153.6143564246595 431.2612666711211 368.2667928263545 28.08887792378664 159.1690310463309 2750.210788831115 20.71499189734459 905.7930354624987 367.2480159923434 3.517852574586868 6.879949390888214 3926.484989784658 3535.645677022636 5759.12114635855 11.62185255438089 98.33823645114899 58.89216738939285 1612.85501922667 50.95525861531496 311.8837605342269 26463.66088308394 19681.24102327973 85.02467436343431 222.7776975817978 395.7587411850691 1105.933520436287 24.73584215342999 5.012513533234596 1451.440806262195 24.26890789717436 1647.415430180728 5872.650697588921 3255.835112549365 1221.86326950416 42.32380549609661 4.3700036033988 95.96417517960072 4.801740437746048 0.4376760274171829 407.1413234546781 38.35346531122923 0.4521848186850548 0 0.6259247288107872 5.652228094637394 1.681043103337288 2.68988049775362 1.083430431783199 187.3839094936848 0.3885551169514656 434.3051068633795 2.257145993411541 0 1.519978784024715 21.23967680335045 517.4463672563434 228.2331033945084 0.469425693154335 0.4992527887225151 4.581143669784069 3.402243636548519 7.94401041418314 274.0877769067883 2321.21286958456 1400.229208402336 2.711837269365788 2.497576810419559 2.514902278780937 72.14320742338896 0 0.1222764179110527 30.79881077259779 8.537104547023773 49.72541555017233 285.7345120608807 81.68020556867123 24.29202988743782 2.276409775018692 0.8282034695148468 22.01992858201265 0.5397781431674957
26.990912117064 2455.485223509371 15320.11846137792 139.1944438815117 4.451529324054718 70.94095695018768 1321.370333664119 136.0835811719298 746.0686846673489 190.1200193464756 1449.989810928702 24.29714428633451 2681.311982646585 155.5231611505151 41.85441689193249 4170.196971006691 4717.449166826904 771.2591848894954 2847.915576860309 18.83874507248402 1272.660631641746 3374.78796736151 15059.0560900867 3986.471800640225 2726.001170247793 19681.24102327973 40087.33865761012 1814.398634970188 100.1418090611696 450.302689537406 2176.621680930257 12.94226727634668 3.582716450095177 3362.985064484179 128.0940130800009 6262.737812839448 9089.735131949186 8484.068715296686 4650.376534946263 293.5707679316401 14.61680130660534 38.48661425709724 26.780447460711 4.307161264121532 2860.985984869301 1063.409355774522 8.165918722748756 0 2.393093205988407 50.89489634335041 6.478726610541344 22.8890203461051 2.995242945849895 169.2378695383668 1.199093036353588 385.4462212324142 9.9246491715312 0.9791789799928665 989.2104021981359 463.7545042037964 525.8776346370578 784.4409855902195 0.8678684830665588 49.58232018351555 1051.511518850923 1448.018922023475 197.3671364560723 658.7740631923079 6311.21009106189 9564.190791524947 54.09168552607298 11.58131932467222 48.54926250874996 78.75209864228964 0.1054099351167679 1.555666118860245 133.1376923546195 18.79440117627382 476.3637869507074 378.2365098744631 507.5267736390233 178.7144951224327 13.72408023476601 2.826953656971455 23.91128680109978 1.540372490882874
