1446.281242892146 0.2599518820643425 13.46571327745914 3.511640086770058 0.5935559868812561 10.62609273940325 1942.499247729778 404.8317633569241 11.05968374013901 82.67551674693823 16.65923916548491 2.98738069832325 1.589642927050591 4171.342522442341 0.4338041990995407 4.099812082946301 287.9408538937569 21.97259785234928 101.3894223496318 2.522959064692259 58.65814652293921 2.855410054326057 223.3944391682744 89.84401357918978 0 254.5050525292754 46.58865956962109 115.6252079606056 4475.833914332092 3014.507948026061 6.447350524365902 12.12649141252041 170.8808802515268 462.3376682549715 4.472613170742989 54.20979887247086 25.04045002907515 220.1608317419887 33.97050522267818 3.415289357304573 2.670662678778172 2.027075171470642 0.5842940807342529 0.722886860370636 0.4300036206841469 0 0 0 0 1.810043133795261 0.6436449065804482 3.432007759809494 0.4416876137256622 0 0 0 0.7306173518300056 0 9.150628760457039 0.5220062956213951 0 1.846041053533554 0.4726059585809708 7.804602734744549 0.60346619784832 8.349959030747414 17.34463941305876 0 7.319364316761494 6.348345153033733 7.777453251183033 1.03734140843153 1.370360054075718 0 0 0.4978961944580078 0.09974551945924759 0 4.072941482067108 0.584087997674942 0.3674759343266487 0.5826027691364288 0 0 0 0
0.2599518820643425 233.2283027693629 22.86783972382545 0.6133220940828323 0 1.596566304564476 32.02394748479128 2.128728911280632 750.9580967873335 3.042242109775543 43.19090246409178 1.957122817635536 771.7304559350014 2.494509629905224 18.24881009757519 256.9998187720776 16.90767696499825 0.3922336101531982 0.4741155803203583 0.284568578004837 7.71557205170393 2421.174301207066 2.94651298224926 1677.666090920568 2889.296571537852 234.4544876515865 6412.026586599648 135.9929477572441 1.043828174471855 3.052078142762184 137.728027254343 0 0.148807629942894 1.010004453361034 0 12.11225022375584 34.23503792285919 8.667171061038971 1.339880459010601 18.91110782325268 0 29.86964005231857 0 0 5.306164652109146 8.850663691759109 0 0 0 0.1727468520402908 0 1.718620635569096 0 3.681340306997299 0.2288850843906403 19.86321328580379 0 0 2.421941339969635 2.668299868702888 0.2876022160053253 8.987133666872978 0 1.000217504799366 4.55118078738451 5.17519298940897 6.559065520763397 64.95281763374805 327.9373765438795 1168.268771342933 0.8675191253423691 0 0.9563460797071457 6.760966971516609 0 0 0.9760339260101318 0 4.271765351295471 7.25374785810709 6.763615235686302 0.6842923313379288 0 0 0 0
13.46571327745914 22.86783972382545 6490.843225866556 0.4652538150548935 0 19.4955075904727 545.9462633356452 107.7278666570783 3.970172733068466 62.23083661496639 3.549872830510139 0.6797496601939201 1.294714920222759 186.7840619087219 0 10.60406977683306 2261.814622201025 3.813057236373425 23.22748670727015 0.2332318276166916 519.6930030658841 21.48112291097641 10227.7013015002 6.321406073868275 0.187416210770607 6698.456913143396 6087.601372696459 128.7316526770592 17.15415988117456 362.1117093712091 0.8950533792376518 0.5992813259363174 1.759002275764942 234.8765839934349 14.34965834021568 1147.368100501597 705.3455977886915 630.8185407295823 366.6813102588058 39.41296881437302 2.951719552278519 3.143722251057625 3.32755996286869 0.2863558381795883 23.91905042529106 321.2815178111196 0 0 0 6.632162317633629 0.345277413725853 0.8087027668952942 0 0.5095477700233459 0.4197022020816803 0.2715165764093399 1.643674433231354 0 22.1145519092679 41.22108732908964 0.8711664080619812 21.88532380759716 0 10.81925652176142 41.79946549981833 159.2287382930517 14.94715144485235 0.6701406091451645 129.5822785645723 1069.407130032778 5.128405064344406 1.108664527535439 7.74493957310915 1.467657685279846 0 0.1385846138000488 12.3123930990696 4.633615404367447 48.96723607927561 67.75758328288794 33.55351765453815 20.16671831160784 1.981775194406509 0.1972375214099884 5.479223012924194 0
3.511640086770058 0.6133220940828323 0.4652538150548935 3911.954272463918 0.4154215157032013 66.62564890086651 148.7708144113421 23.70771670341492 1172.288573592901 1856.618072398007 1.805351577699184 4014.535801783204 1.179966792464256 28.61114271730185 86.3274177312851 1.438478112220764 0.105920635163784 1.175717145204544 1.367638483643532 5070.757894828916 1.791151374578476 0.8567475974559784 0.9973474740982056 1140.81160672009 0 2.898193046450615 10.37548784166574 4963.077808633447 51.29559633135796 0.1568213403224945 1.40141224116087 1.681152336299419 5.313042774796486 32.70287000387907 10.49426986277103 206.3025832623243 8.575282037258148 83.39701857417822 47.5484254360199 249.2510702013969 8.765521079301834 2.34931056201458 1.541869714856148 0.1704936772584915 0.2180740833282471 0 282.7796122953296 0.6212390661239624 1.689172424376011 107.8428828269243 4.788656502962112 114.516937866807 145.0178495794535 2.133248999714851 345.2217091023922 0 1.090293943881989 1.274527043104172 0 0 0 0 221.0564253032207 3.177331954240799 0 0.1420669704675674 428.2386701703072 0 0.7560444474220276 1.611962139606476 264.8600145876408 3.20745213329792 2.288518875837326 0.2162205725908279 0 0 1.18591883033514 0 12.38599863648415 0.925164669752121 8.240273542702198 3.230314031243324 41.34870547056198 0 2.246240139007568 0
0.5935559868812561 0 0 0.4154215157032013 12.2881241440773 113.3018276169896 0.4674030318856239 9.271545842289925 22.93191736936569 8.510848686099052 3.239282764494419 37.13856350630522 24.79984245449305 0.5948117971420288 1934.054779425263 0.1640035212039948 0 0.5707085728645325 0 2.009946338832378 0 0.1621558368206024 0.3378064706921577 6.885761603713036 0 0.7567850574851036 0.1801973283290863 2.68656562268734 0.5407455265522003 1.281200289726257 0.3658947423100471 58.12342987954617 0 110.8057218119502 0.9944495856761932 60.68810674548149 4.15157388150692 120.9930482208729 27.48539744317532 1858.73354717344 123.8091084063053 10.06495489180088 1.906779766082764 0 0 0 0 0 0 0 0 0 0 0.1822198629379272 0 0 0 0 0 0 0 0 0 0 0 0 1.174662858247757 0 0.8453351855278015 0 0 0 0 0 0 0 0.5355286002159119 1.347807705402374 0 0 0.7008597850799561 0.7147323936223984 0 0 1.143099471926689 0
10.62609273940325 1.596566304564476 19.4955075904727 66.62564890086651 113.3018276169896 13263.17172449827 3176.803580410779 5208.827203415334 88.68660575896502 8071.729957893491 190.0719173923135 5531.694625772536 87.92848207056522 778.8031939715147 2301.575019024312 1.608213111758232 10.07043792307377 105.4914449378848 43.97687923163176 579.898264169693 28.49937159568071 2.580441802740097 37.80832780897617 97.17354766279459 0.6916153579950333 130.6359103769064 93.92022664099932 897.3958788365126 303.6043863743544 21.76375629752874 42.54707761108875 482.4254349321127 4.802517637610435 763.1513565033674 5.632197827100754 504.2292943000793 51.93897394090891 744.9470681399107 171.1303257122636 2480.486462689936 270.4556272774935 49.91786696761847 8.058119922876358 0.1222631558775902 0 0.891597792506218 11.70396231114864 0 0.1184893772006035 16.06280820071697 0.192637026309967 6.164172902703285 1.889951556921005 2.135774984955788 28.41215170919895 0 0.7200267910957336 0 2.219788506627083 0 0 0 5.74818879365921 2.327609613537788 0.6278350949287415 0.2753433585166931 33.27539157122374 0.634201318025589 1.122236393392086 1.374855607748032 22.92808924615383 0.1222747713327408 2.498299866914749 0 0 0.1645243316888809 0.8944238424301147 0 9.556188523769379 1.226461000740528 9.575712151825428 5.340154327452183 3.447814464569092 1.202971935272217 2.187603913247585 0
1942.499247729778 32.02394748479128 545.9462633356452 148.7708144113421 0.4674030318856239 3176.803580410779 25148.12426768243 2434.340532176197 363.6959286704659 8477.042090363801 33.44499255716801 173.5770638883114 14.71625781804323 6407.787138074636 16.47569594532251 66.57291502505541 135.8358563631773 32.27615946531296 40.35453070700169 19.46430996805429 1568.81239656359 60.12085875123739 1381.553526982665 2716.228915035725 2.144101373851299 295.9204550012946 1180.120869338512 21000.71986506134 819.7505128383636 6627.615972608328 12.23523311316967 19.75722335278988 81.41371075809002 414.1079567596316 81.85041499137878 1404.766775332391 119.2565602064133 929.179645486176 354.5693967267871 162.9715003147721 61.51109016686678 10.30747243016958 13.83524484187365 11.08905629068613 1.297393150627613 27.68678964674473 70.7283618375659 0 6.455627307295799 509.8670759350061 44.10529543459415 125.894966930151 60.70324856042862 6.184655606746674 51.65533646941185 0.5537923574447632 53.83767390996218 3.423036977648735 70.87800500541925 0.5584011077880859 3.626074746251106 3.139955289661884 78.35037425160408 137.5747637301683 10.45608112215996 60.84343726933002 1597.777687817812 0.2209571674466133 12.57011364400387 46.97750732302666 1035.68470069766 61.58783996105194 123.3085205852985 3.801119357347488 0 2.691411018371582 41.39899183064699 5.277937546372414 263.0885581299663 5.432336024940014 174.9553662911057 48.41727618873119 111.6350212395191 4.738854020833969 0.1246861815452576 0.3028545379638672
404.8317633569241 2.128728911280632 107.7278666570783 23.70771670341492 9.271545842289925 5208.827203415334 2434.340532176197 10350.1523116082 60.85610096901655 3909.368668224663 136.940611705184 946.4111886546016 38.02562210708857 6337.253793440759 330.2600597813725 2.837431900203228 316.0650389418006 83.75125629454851 170.0887972488999 249.5903615057468 158.2969780117273 16.54188925027847 516.5076500028372 362.5906582474709 0.4777283445000648 493.2228159531951 198.9370779544115 419.5961029157043 714.2609530687332 704.3480792418122 24.75663637369871 422.5990772396326 2.309399701654911 883.2360137254 11.05454678833485 617.6132280826569 69.85602161288261 348.6080099456012 85.02700012922287 955.0047289505601 92.43136896193027 27.62807676196098 9.263119578361511 1.164561063051224 2.107874356210232 6.42900238931179 2.273187637329102 0 0 11.98299251496792 1.834503695368767 6.655331082642078 0.2357458174228668 2.231468744575977 2.300741411745548 0.3223282098770142 7.315343618392944 0 22.72792244702578 0 0 3.092955395579338 5.29047466814518 25.1978045552969 0.2652658224105835 18.59576576203108 106.3381775021553 0.2390432581305504 14.77215869724751 16.34127378463745 58.79072536528111 7.709469318389893 13.8479415923357 0.5935437679290771 0.1570316404104233 0.1206928640604019 3.628913789987564 2.051342114806175 19.83262341469526 2.698369704186916 8.0499037951231 4.064933449029922 0.2563725411891937 0.1442351192235947 0.6948639154434204 0
11.05968374013901 750.9580967873335 3.970172733068466 1172.288573592901 22.93191736936569 88.68660575896502 363.6959286704659 60.85610096901655 1118.398526310921 455.4266167655587 12.78994630277157 470.3891037404537 102.6472585499287 84.56131153553724 1008.097574919462 140.5442603230476 2.101270250976086 2.665681704878807 3.616734929382801 741.0069478005171 99.11136678606272 3814.58298111707 25.3398457095027 9671.960380867124 429.8012869134545 15.98331233114004 380.2926773801446 2218.654938146472 71.46902745217085 192.8155835792422 40.39104694128036 4.092026054859161 18.94723680615425 50.86699159443378 13.46471095085144 481.8260802999139 38.51024551689625 138.4937866330147 62.17108451575041 730.2513875812292 9.759749539196491 6.812088072299957 1.745344310998917 5.655521646142006 1.206828340888023 5.65053229033947 214.1378827467561 0 3.817399859428406 124.5801510214806 13.35586702823639 93.13322591036558 93.1233706176281 1.258909903466702 220.8507125601172 0.3086523935198784 25.75230224430561 3.870836913585663 197.5773089900613 0.4934295564889908 1.452811531722546 0.5118194073438644 200.7423857748508 102.9223455786705 34.99436566233635 60.0627680644393 1757.240664541721 1.838380500674248 4.312596440315247 11.22305196523666 456.7278440445662 33.42762177437544 51.67703122645617 0.4751879349350929 0 1.056748658418655 7.268622532486916 2.478476613759995 58.68372759222984 0.7259156703948975 43.81136748939753 12.3903184980154 41.49162328243256 2.055099725723267 1.273425817489624 0.3845271170139313
82.67551674693823 3.042242109775543 62.23083661496639 1856.618072398007 8.510848686099052 8071.729957893491 8477.042090363801 3909.368668224663 455.4266167655587 33506.22639426962 121.6322837732732 3501.863731212914 37.3112019598484 2341.886003524065 39.99038062244654 3.338965371251106 19.71441278606653 103.0718926787376 74.11644516885281 2430.887618668377 91.21722051501274 4.531874589622021 133.3923042416573 554.8957082182169 1.220857821404934 183.8518457487226 234.7292616665363 4838.846517965198 943.6998605802655 23.82862959802151 38.74206744879484 72.27301654592156 26.63314252346754 811.8271678909659 59.31984555721283 1797.890322603285 99.53248047828674 2099.250334188342 590.7934074103832 437.2674790173769 211.9144665449858 20.61370508372784 51.6391249075532 0 0.07842930406332016 1.346992917358875 232.741350479424 0 3.178548902273178 242.9451402500272 4.98921325802803 117.6680442690849 143.9084404110909 0.8019142299890518 171.1954011172056 0.0992857962846756 6.44510892778635 1.35266986489296 3.898426949977875 0 0 0.1286207139492035 268.4740868657827 7.056100845336914 0.5936407372355461 4.562042593955994 687.4686675816774 0 0.5185681656002998 5.426954716444016 428.1290588676929 5.129514075815678 6.694111704826355 0 0 0.5528438091278076 3.354234173893929 0.8515547513961792 39.75490338355303 1.708693206310272 19.75268652290106 7.1540801897645 39.44862928986549 1.308461248874664 2.017419293522835 0
16.65923916548491 43.19090246409178 3.549872830510139 1.805351577699184 3.239282764494419 190.0719173923135 33.44499255716801 136.940611705184 12.78994630277157 121.6322837732732 9145.902258172631 107.1377694755793 2350.538328707218 176.0352287366986 12.00942443311214 1.693338371813297 32.98615468293428 6239.067332811654 1772.865003541112 25.40796350687742 4.040209501981735 7.937249839305878 13.84613909572363 59.03911997377872 514.7074136137962 2324.644627526402 318.3490021526814 27.34114726632833 159.5524385869503 22.68068727105856 769.0461937338114 118.0440265387297 2.498683169484138 6577.477279640734 11.43161863833666 541.8397402688861 2109.271953478456 3873.86050543189 605.8167711570859 42.48387328535318 25.85529044270515 772.9815733656287 18.22432655096054 0 0.8129267022013664 0.2316514551639557 0 0 0 1.585836492478848 0.4395830407738686 1.423138231039047 0.7756137102842331 234.7822955697775 0.8825004398822784 542.8323119282722 0.9208661541342735 0.2037365287542343 1.67080095410347 0 5.535204239189625 1.136216565966606 0.1315714120864868 2.731105387210846 0 0.6831408739089966 21.40696988999844 119.7010550424457 33.25233767926693 37.08086290210485 11.53682281076908 1.048577308654785 4.13871805369854 63.80567434430122 0 0 11.53895680606365 1.969998508691788 32.02144451439381 254.3556990250945 42.68366132676601 8.328752055764198 4.209528863430023 3.07190728187561 83.35585168749094 0
2.98738069832325 1.957122817635536 0.6797496601939201 4014.535801783204 37.13856350630522 5531.694625772536 173.5770638883114 946.4111886546016 470.3891037404537 3501.863731212914 107.1377694755793 7302.197646513581 31.86589036136866 355.7432727441192 1176.873066470027 0 4.74826155602932 68.86792438477278 45.26356231421232 6843.281837768853 0.4790451601147652 5.674363888800144 2.787835456430912 555.3921578451991 2.458118334412575 99.84768233448267 43.80517498403788 1545.011772491038 132.8489805161953 2.362242326140404 27.10102260112762 59.27703604102135 0.6178655177354813 370.2945571914315 3.27151957154274 249.1105729192495 28.98073772341013 704.7141475602984 95.06991972029209 1749.240274064243 97.59757424890995 11.83539297431707 7.110845029354095 0.1467843651771545 0 0 115.2316650003195 0.1313292384147644 18.36764267832041 47.78079129755497 13.01301720738411 42.96520680189133 93.92898003011942 1.090750932693481 404.2957789748907 0.2832163274288177 14.09162984788418 2.061824470758438 0 0 1.228391580283642 0.2907047793269157 282.868918672204 0.9656749218702316 0 0 117.4722609445453 0.09651345014572144 0.9681484624743462 0.09950162470340729 72.29597344994545 5.723636984825134 7.554264888167381 0.1765935271978378 0.1016357764601707 0 8.569655239582062 1.409456640481949 13.23743598163128 2.753225207328796 16.66858527809381 8.682734943926334 37.39605981856585 0.6469852104783058 0.1123897433280945 0
1.589642927050591 771.7304559350014 1.294714920222759 1.179966792464256 24.79984245449305 87.92848207056522 14.71625781804323 38.02562210708857 102.6472585499287 37.3112019598484 2350.538328707218 31.86589036136866 1865.321539215744 39.92317968606949 14.66568683832884 7.683126851916313 19.83319129794836 54.58051645755768 6.420048840343952 9.508700706064701 8.798432357609272 129.7977730855346 9.034282676875591 125.2765390574932 5311.863205984235 131.6229786276817 1262.818006396294 17.34320653229952 27.82428932934999 7.67420456558466 413.2726410850883 85.2183426246047 0.120654359459877 1320.072024904191 116.8989320993423 940.4654420316219 4710.851104229689 3065.602046459913 442.7234100848436 189.4693057835102 236.2167951762676 1738.063468642533 79.7962077781558 0.08979950100183487 6.64430708438158 0.7888283431529999 2.6999192237854 0 0.3395891189575195 3.643527880311012 2.003978036344051 2.888839796185493 1.614689946174622 830.3807211965322 18.53424946963787 2075.360031686723 3.6735710054636 3.639733664691448 0.9773896932601929 0.1391599327325821 19.62880738824606 8.487191669642925 1.626814410090446 0.8705946803092957 0 1.229318976402283 13.93002811819315 882.5786845684052 207.7062377259135 200.2284805625677 5.230691760778427 2.15825842320919 2.454182684421539 307.2505128607154 0.6145327165722847 0 35.49904614686966 59.47807130217552 202.5255030840635 778.9619253948331 126.2471627444029 36.23102308809757 59.88301602005959 3.854537159204483 315.2391649633646 0
4171.342522442341 2.494509629905224 186.7840619087219 28.61114271730185 0.5948117971420288 778.8031939715147 6407.787138074636 6337.253793440759 84.56131153553724 2341.886003524065 176.0352287366986 355.7432727441192 39.92317968606949 15309.57614827901 61.84842173010111 8.245685763657093 676.6224004775286 132.372487783432 322.2514350637794 126.1727443300188 245.4644657447934 18.86659482121468 975.9943968430161 447.3915081694722 1.116142764687538 948.968840803951 302.9496172294021 681.2817925140262 7042.120622850955 2998.634416826069 36.58074416220188 126.3520727828145 37.68880487978458 1552.324343256652 11.6069805547595 852.3473536297679 96.14976867288351 474.1147063225508 86.29028951376677 313.042357288301 70.50108108669519 16.11851946264505 8.971305638551712 0.7919579744338989 0.412291407585144 6.489319160580635 2.62257757037878 0 0.1331131905317307 12.48797582834959 2.651264220476151 13.31971648335457 0.9030562490224838 1.235478296875954 2.686996035277843 0.3534132838249207 4.547949247062206 0 25.68702358007431 0.3585134372115135 0.246516689658165 5.25800421833992 2.716073602437973 51.36987821757793 1.366251572966576 18.64509073644876 118.5352999866009 0.1107173785567284 24.80090843886137 20.9523301795125 56.5173579081893 6.574792593717575 16.42738287895918 0.09788994491100311 0.1932904273271561 1.206294566392899 3.662898987531662 0 24.9829198718071 4.492030285298824 10.80638152360916 5.268948554992676 3.630470618605614 0.4563102722167969 0.628117710351944 0.5495249032974243
0.4338041990995407 18.24881009757519 0 86.3274177312851 1934.054779425263 2301.575019024312 16.47569594532251 330.2600597813725 1008.097574919462 39.99038062244654 12.00942443311214 1176.873066470027 14.66568683832884 61.84842173010111 549.2783530205488 0.3244224786758423 0.182490274310112 6.634561732411385 1.314609237015247 148.1109994053841 0.1037343665957451 44.06777308136225 0.2342607975006104 885.9859269410372 9.985128484666348 5.35110105574131 18.61698660254478 123.3147660493851 11.28487354516983 0.8458836078643799 3.525845356285572 159.5660686120391 0.7258780598640442 82.28784438967705 0 56.69897374510765 3.355139136314392 66.7735964730382 19.04333283007145 1598.95517487824 78.49667446315289 10.43792207539082 0 0 0 0 1.18794572353363 0 0 3.491635337471962 0 7.259681671857834 0 0.7025289535522461 12.23519650101662 0 0 0 0.1340071260929108 0 0 0.1423298567533493 5.568745270371437 0 0.4422627389431 0 3.649775169789791 0.2095810770988464 0 0 5.850740790367126 0 0.208721861243248 0 0.140254408121109 0 0 0 0.1840948164463043 1.060612827539444 1.11019292473793 1.03091686964035 4.334205776453018 0.7496041804552078 0.4333478510379791 0
4.099812082946301 256.9998187720776 10.60406977683306 1.438478112220764 0.1640035212039948 1.608213111758232 66.57291502505541 2.837431900203228 140.5442603230476 3.338965371251106 1.693338371813297 0 7.683126851916313 8.245685763657093 0.3244224786758423 4615.225894078612 11.49013110250235 0.1067327558994293 1.664024144411087 0 3013.527286842465 3170.433419622481 5101.238010130823 3389.465792506933 31.45088278502226 7.460664160549641 5167.92798307538 2552.215366922319 16.0876135751605 109.2898536175489 1.708324939012527 0.09921710938215256 2.231173306703568 49.82952494174242 47.88427164405584 2318.495991691947 824.2071206793189 552.5745131149888 704.8878493905067 72.34525048732758 5.960195094347 0.8286251574754715 10.42661169916391 2.415291652083397 1.797376841306686 137.5747684687376 0.499394491314888 0 0.2940807789564133 3.831596203148365 0.6987545564770699 32.84591908752918 0 0.1828260645270348 0 0.1382864862680435 4.077509544789791 0 2432.435078024864 5.01055832952261 0.4689366668462753 0.2435487285256386 0 375.6481989398599 1164.70178502053 1615.774733200669 255.5237860754132 2.399969339370728 6.073608435690403 2556.095131032169 56.94042336195707 10.21675211191177 65.74384029954672 0.1120585352182388 0 1.242795407772064 5.023020006716251 2.662483111023903 131.0012870877981 18.1742624938488 16.99234335124493 28.8914523050189 1.803323015570641 0 0 0.2156638503074646
287.9408538937569 16.90767696499825 2261.814622201025 0.105920635163784 0 10.07043792307377 135.8358563631773 316.0650389418006 2.101270250976086 19.71441278606653 32.98615468293428 4.74826155602932 19.83319129794836 676.6224004775286 0.182490274310112 11.49013110250235 2967.95192964375 154.3343614712358 4443.131469398737 2.493565328419209 633.2210202589631 1.110011070966721 2573.270047858357 9.931141801178455 2.266609698534012 5577.832024872303 5972.670144446194 21.19693011790514 467.7356380969286 1731.694616056979 19.03508835285902 4.15890035033226 63.6667819544673 3579.880648784339 15.25219134241343 1279.643670976162 2964.601329423487 2880.499669231474 1029.789631739259 36.74166187644005 7.09146735817194 55.2848959416151 7.917932651937008 0.7460929751396179 45.36423704773188 20.47948507964611 0.4105839729309082 0 0 1.525798231363297 0.2153674811124802 1.128617770969868 0 4.530579835176468 2.440596282482147 3.893680885434151 1.536723755300045 0 5.709858626127243 51.89088524132967 3.104472018778324 113.0997675135732 0.2401701360940933 2.04686065018177 1.034246705472469 10.10312496125698 4.70438739657402 3.267287045717239 473.1526557430625 758.2156624272466 1.81256141513586 0.4579075127840042 5.053850807249546 1.242934837937355 0 0.1289267092943192 10.18600022792816 5.166554495692253 66.76886288821697 124.8950114473701 37.45287734270096 13.29126896709204 8.196156352758408 0.4170728623867035 7.216091871261597 0
21.97259785234928 0.3922336101531982 3.813057236373425 1.175717145204544 0.5707085728645325 105.4914449378848 32.27615946531296 83.75125629454851 2.665681704878807 103.0718926787376 6239.067332811654 68.86792438477278 54.58051645755768 132.372487783432 6.634561732411385 0.1067327558994293 154.3343614712358 388.8654652163386 3249.15536943078 20.83224118500948 5.219125874340534 0.1400269865989685 14.7749140560627 27.96085155755281 3.661388456821442 2335.916193492711 22.06040882319212 26.6133883446455 100.4172013327479 37.06683065742254 33.49757017195225 56.5504749417305 3.519834317266941 1640.819957129657 3.090781174600124 503.6502447649837 654.4447422921658 1408.56965573132 486.4607379585505 12.70115399360657 1.970891483128071 3.399581834673882 1.283811911940575 0.1282749623060226 0.2630926072597504 0 0 0 0 1.718800634145737 0 0.6128252148628235 0 14.52126893401146 0.09925179928541183 125.1830013766885 0 0 1.037902735173702 0 10.73662860691547 7.565148413181305 0 2.026236496865749 0 0.9962528944015503 11.53105887770653 84.48817822337151 83.07244213670492 53.00818192958832 8.026748545467854 0.5434949994087219 0.8977985233068466 67.91182889789343 0 0 0.1133281365036964 0.8351222723722458 13.65814720094204 22.85734752565622 1.920533798635006 0.2833316028118134 0 0 1.265469074249268 0
101.3894223496318 0.4741155803203583 23.22748670727015 1.367638483643532 0 43.97687923163176 40.35453070700169 170.0887972488999 3.616734929382801 74.11644516885281 1772.865003541112 45.26356231421232 6.420048840343952 322.2514350637794 1.314609237015247 1.664024144411087 4443.131469398737 3249.15536943078 1259.259854495525 15.60590154677629 51.40296015143394 0.791418619453907 211.6690139472485 16.89089400321245 0.6032532453536987 4526.367387890816 1352.41980291158 15.72966234385967 233.0082973539829 172.6260431557894 23.92841256409883 21.48345636576414 36.86939695477486 4473.078448310494 2.68140809237957 632.0954306423664 688.1910589411855 1622.555748723447 513.6272209063172 14.551583789289 0.9076051563024521 3.353413656353951 1.186525382101536 0 1.599564179778099 0.2807536274194717 0 0 0 1.116782158613205 0 0.790168285369873 0 1.18472883105278 0 14.49361570179462 0 0 0.8029660731554031 0.5542718172073364 3.838372178375721 10.71849690377712 0 1.429633244872093 0 0.3331909477710724 5.708286687731743 11.51565147936344 101.034110493958 53.05175286531448 1.960719555616379 0 0.4359964728355408 11.43289385735989 0 0 0.5626305341720581 0.5271853655576706 4.637556970119476 5.139856055378914 1.997924044728279 0.8367418348789215 0.6978219747543335 0 0 0
2.522959064692259 0.284568578004837 0.2332318276166916 5070.757894828916 2.009946338832378 579.898264169693 19.46430996805429 249.5903615057468 741.0069478005171 2430.887618668377 25.40796350687742 6843.281837768853 9.508700706064701 126.1727443300188 148.1109994053841 0 2.493565328419209 20.83224118500948 15.60590154677629 1338.973768264055 0.1562068462371826 0 0.8433403819799423 393.0393228456378 0.2644083127379417 26.77162035554647 17.27416808158159 3061.689355827868 86.73632913827896 0.4194445833563805 5.962015509605408 14.89323955029249 2.106973990797997 125.9603654034436 6.934562534093857 299.0534526482224 18.87538149952888 376.5776280760765 96.44740255177021 474.9282125085592 53.4856931194663 2.934034414589405 4.960043534636497 0.4844039529561996 0 0 167.023423589766 0 3.904837712645531 113.087947934866 1.773348793387413 86.16197995096445 92.43876384943724 0.6310304701328278 210.6472639515996 5.377304047346115 3.194191612303257 1.949195295572281 2.952624082565308 0 0 0 172.7707132324576 2.350995883345604 0 0 323.4207717478275 0 0.2050760388374329 0 222.0651818364859 2.430292472243309 2.10155314207077 0 0 0 1.421382188796997 1.073135852813721 18.08668932318687 0.4524434581398964 6.101200185716152 3.571777328848839 29.31086876988411 0.8883424177765846 0.08848386257886887 0
58.65814652293921 7.71557205170393 519.6930030658841 1.791151374578476 0 28.49937159568071 1568.81239656359 158.2969780117273 99.11136678606272 91.21722051501274 4.040209501981735 0.4790451601147652 8.798432357609272 245.4644657447934 0.1037343665957451 3013.527286842465 633.2210202589631 5.219125874340534 51.40296015143394 0.1562068462371826 10163.12148338556 141.0215460583568 14467.74389915913 327.2205591648817 1.275574155151844 154.1557958647609 982.0532827824354 8207.087282814085 175.7299964204431 10324.5654554069 2.621767029166222 1.088579498231411 81.34821460396051 3180.299068674445 254.1781866177917 7392.827824167907 2356.511325918138 6302.322207644582 3519.129533581436 300.8882521986961 25.31628196686506 8.277365505695343 46.45048467814922 5.067579224705696 0 13.61860277503729 0 0 0.383469894528389 3.058866105973721 3.19454026222229 32.95170720666647 0.4923472702503204 0.8020005822181702 0 1.515437722206116 17.10636337846518 0 991.073977008462 3.717087671160698 0.3247808814048767 1.18380780518055 0.690314382314682 347.0599417090416 178.9986920505762 696.0876045748591 269.7455830052495 0 8.631760396063328 211.5563752576709 78.48969691246748 32.99548931419849 99.22955828905106 0.2661561071872711 0 3.012241616845131 6.668032705783844 12.71157045662403 154.3292266875505 4.674029991030693 17.95191197097301 18.5929503813386 0.9685962498188019 0 1.827158540487289 0.1215850710868835
2.855410054326057 2421.174301207066 21.48112291097641 0.8567475974559784 0.1621558368206024 2.580441802740097 60.12085875123739 16.54188925027847 3814.58298111707 4.531874589622021 7.937249839305878 5.674363888800144 129.7977730855346 18.86659482121468 44.06777308136225 3170.433419622481 1.110011070966721 0.1400269865989685 0.791418619453907 0 141.0215460583568 942.4206883385777 246.5559392943978 7258.655499070883 797.5253042653203 12.10339988023043 3476.890590548515 395.0481278598309 22.0162779763341 54.79658330231905 40.97624474018812 0.09920386224985123 1.873547986149788 11.43236600607634 1.113457709550858 42.56947600096464 5.195211872458458 10.48813527822495 4.402707569301128 42.82254560291767 2.906375527381897 2.742338955402374 0 0.6287925392389297 2.03173154592514 163.2360387593508 0.2530148029327393 0 0 3.450577720999718 0.5794838964939117 4.055441007018089 0.575678825378418 0.1780836135149002 0 1.174185961484909 1.634149923920631 0 825.6809202507138 0.7011772245168686 0 0.4305261671543121 0.2762557715177536 116.347565241158 130.2319011390209 495.7157240509987 173.6219053417444 0.9338688105344772 5.639565840363503 1390.429237127304 27.3303559049964 2.879706092178822 18.86124768853188 0.137155145406723 0 0.141952320933342 3.898257568478584 1.025687992572784 35.74685776233673 9.154311396181583 13.38491807878017 13.03540614247322 0.6087756007909775 0 3.555359601974487 0
223.3944391682744 2.94651298224926 10227.7013015002 0.9973474740982056 0.3378064706921577 37.80832780897617 1381.553526982665 516.5076500028372 25.3398457095027 133.3923042416573 13.84613909572363 2.787835456430912 9.034282676875591 975.9943968430161 0.2342607975006104 5101.238010130823 2573.270047858357 14.7749140560627 211.6690139472485 0.8433403819799423 14467.74389915913 246.5559392943978 20646.08592061698 649.0176621973515 0.1368307769298553 2930.120322786272 13127.87172350287 2973.71849232167 235.8241124078631 5511.912379972637 5.247683823108673 4.636871121823788 16.22055644541979 3343.036105811596 188.8514614775777 8941.227477401495 7316.015359550714 8812.192158840597 6287.580679759383 431.433093547821 66.77765934914351 12.99929521977901 44.35553297400475 2.27042069286108 6.231800049543381 448.5276925712824 0 0 0 8.383193299174309 0.8812672570347786 8.193051010370255 0 1.274273604154587 1.320270836353302 1.103850483894348 4.745870515704155 0 906.2885319069028 23.46046102792025 0.3325096219778061 8.995331540703773 0 156.2915716767311 363.4998598173261 925.4160817191005 94.26976902782917 0.2303727716207504 65.20343961566687 2146.083467379212 31.00766887515783 6.287470258772373 34.05878207087517 0.4895060732960701 0 0.8777648061513901 13.9215659275651 20.78382851183414 179.2897348850965 67.10868545621634 51.96466875821352 60.80805788934231 2.709253549575806 0.6509099006652832 1.249528706073761 1.665493756532669
89.84401357918978 1677.666090920568 6.321406073868275 1140.81160672009 6.885761603713036 97.17354766279459 2716.228915035725 362.5906582474709 9671.960380867124 554.8957082182169 59.03911997377872 555.3921578451991 125.2765390574932 447.3915081694722 885.9859269410372 3389.465792506933 9.931141801178455 27.96085155755281 16.89089400321245 393.0393228456378 327.2205591648817 7258.655499070883 649.0176621973515 16206.59273205698 607.3432022556663 51.86087511479855 2397.211358129978 10892.1158291623 651.0858255699277 845.1214973703027 53.75155395269394 22.49204389005899 178.4160542488098 493.6014300510287 142.8363082185388 2718.053800806403 116.4500443041325 1378.536286145449 560.9035496711731 1211.927439704537 92.47049859166145 13.80826987326145 24.79909341782331 20.08027629554272 3.92452172935009 41.22303806990385 317.4671885669231 0 6.124609351158142 413.371464818716 39.16173661500216 641.7462655603886 173.1802959516644 8.651018790900707 119.7859708666801 2.785972267389297 76.31353209167719 1.804150059819221 468.9458655491471 1.511246480047703 3.600054271519184 1.617295399308205 258.789081454277 405.8678271770477 168.0956772640347 302.3823854923248 3259.616541333497 4.803547658026218 16.97610975801945 82.21406392753124 1397.668671280146 89.40304071456194 161.3929553776979 2.044495284557343 0.6840818822383881 8.25443347543478 34.86784824728966 5.685789719223976 236.6180748865008 7.279252991080284 153.8598716259003 45.58771969377995 61.7428278028965 2.187191724777222 2.192314371466637 5.972043082118034
0 2889.296571537852 0.187416210770607 0 0 0.6916153579950333 2.144101373851299 0.4777283445000648 429.8012869134545 1.220857821404934 514.7074136137962 2.458118334412575 5311.863205984235 1.116142764687538 9.985128484666348 31.45088278502226 2.266609698534012 3.661388456821442 0.6032532453536987 0.2644083127379417 1.275574155151844 797.5253042653203 0.1368307769298553 607.3432022556663 190.5871820524335 214.7338180840015 1952.305682748556 23.26729021966457 1.063965439796448 0 836.8776560947299 0.6726454198360443 0 108.5536162257195 0 53.53956677764654 258.2807873934507 170.7415019795299 43.17061693221331 14.92928498238325 19.60647547245026 357.3788207769394 17.14716494083405 0.1029386296868324 15.63164262473583 0.3982266485691071 0 0 0 0 0.6063805520534515 0.5491030439734459 0.09261874854564667 154.0809683203697 0.1015157923102379 779.1212448179722 0.6899616941809654 1.89581310749054 0 0.4579721018671989 5.633871421217918 6.919220745563507 0 0.4045746475458145 0 0 1.419268928468227 388.0044625401497 293.1602238640189 418.1651586070657 0.4704907834529877 0.3912236392498016 0 241.6770988032222 0 0 12.04556908458471 1.115585446357727 11.28962970525026 29.27833054959774 18.07084762305021 2.174976348876953 0 0 25.54244315624237 0
254.5050525292754 234.4544876515865 6698.456913143396 2.898193046450615 0.7567850574851036 130.6359103769064 295.9204550012946 493.2228159531951 15.98331233114004 183.8518457487226 2324.644627526402 99.84768233448267 131.6229786276817 948.968840803951 5.35110105574131 7.460664160549641 5577.832024872303 2335.916193492711 4526.367387890816 26.77162035554647 154.1557958647609 12.10339988023043 2930.120322786272 51.86087511479855 214.7338180840015 30027.51186232269 15692.38827588409 48.15792765468359 361.2298611402512 648.575726121664 542.8938159346581 51.12176517397165 14.93322120606899 2592.007274851203 10.3217319175601 1860.016213901341 4646.063049070537 2992.270672656596 1144.882495030761 71.21138265728951 11.23039604723454 86.76312731206417 13.80359897017479 5.37351194024086 389.4879978224635 16.16910897195339 1.069982253015041 0 0.5045610889792442 26.3175201267004 1.905698962509632 2.256324335932732 2.5180444419384 106.6645806878805 5.272623389959335 743.3560391962528 10.59629222005606 0.4006980061531067 2.766269527375698 157.1071722134948 99.44707065075636 709.4688575342298 1.811131425201893 18.24849922209978 2.872614286839962 21.85330305248499 21.73414276540279 849.6035102903843 4246.717742301524 4621.561088219285 11.15691673755646 11.16722687333822 43.90914622694254 464.0432700663805 0.1599308997392654 1.562639713287354 40.01449424028397 1.412332072854042 309.5713416337967 586.8969632163644 164.5530577525496 35.69906062632799 27.49585297703743 3.515489310026169 37.93204320222139 0.636309340596199
46.58865956962109 6412.026586599648 6087.601372696459 10.37548784166574 0.1801973283290863 93.92022664099932 1180.120869338512 198.9370779544115 380.2926773801446 234.7292616665363 318.3490021526814 43.80517498403788 1262.818006396294 302.9496172294021 18.61698660254478 5167.92798307538 5972.670144446194 22.06040882319212 1352.41980291158 17.27416808158159 982.0532827824354 3476.890590548515 13127.87172350287 2397.211358129978 1952.305682748556 15692.38827588409 28694.03837614506 1695.868874073029 86.54974857717752 408.3085290119052 885.5889082401991 18.17164962738752 6.45629309117794 2069.102327056229 56.98903004080057 7835.372768968344 8719.142029047012 5302.743024550378 2931.574535265565 276.745476000011 25.88098298758268 87.87516900151968 34.99876452982426 3.894246801733971 1167.383831590414 2350.728946454823 0.1771494746208191 0 0.09850308299064636 48.43688901513815 3.301997177302837 5.301572367548943 2.454246096313 99.37012477964163 5.467135094106197 776.7624535858631 14.92959363758564 0 338.9434206858277 426.730721578002 96.65163675695658 807.8767892345786 2.629473119974136 71.28156147152185 659.384939096868 1245.092452809215 75.71936841309071 1410.83989058435 6174.144659608603 16493.62754505128 26.82389783114195 10.68217298388481 77.05762922018766 664.9973189532757 0 1.151644989848137 113.5144337266684 13.25886266678572 535.5484430789948 890.7725502997637 398.074186399579 171.8293474465609 28.35688281059265 0.2567062377929688 39.6076902076602 2.931180074810982
115.6252079606056 135.9929477572441 128.7316526770592 4963.077808633447 2.68656562268734 897.3958788365126 21000.71986506134 419.5961029157043 2218.654938146472 4838.846517965198 27.34114726632833 1545.011772491038 17.34320653229952 681.2817925140262 123.3147660493851 2552.215366922319 21.19693011790514 26.6133883446455 15.72966234385967 3061.689355827868 8207.087282814085 395.0481278598309 2973.71849232167 10892.1158291623 23.26729021966457 48.15792765468359 1695.868874073029 21188.50928023458 1033.502893067896 5550.726096123457 9.714143969118595 22.61873862147331 438.5538140237331 987.4790039807558 278.4921851232648 4939.428204067051 203.374240629375 2245.32938169688 1085.997123070061 514.4497292265296 84.39269433170557 14.32781118154526 43.29905993491411 21.32182686775923 1.19591086357832 32.89826165884733 393.4334848001599 0 6.576458066701889 560.1859601736069 41.16413395106792 459.0518245398998 196.3024043738842 4.535875059664249 213.0911642983556 3.905933782458305 85.42446087300777 3.906097739934921 513.9962497800589 3.017776906490326 4.090750463306904 1.966873228549957 350.8681451380253 423.0047100111842 59.34396382421255 361.1908165365458 3032.813542529941 1.215894587337971 16.69971139729023 80.45002645254135 1424.426288098097 101.0164211466908 182.9783754646778 0.6691779047250748 0.8392821103334427 8.309059411287308 42.82095994800329 4.803981274366379 260.770835198462 9.426545366644859 132.0871563255787 53.76506191492081 75.34678857773542 5.076605685055256 10.29150698333979 2.203215107321739
