696.1054082512856 0 12.88029153645039 6.438648894429207 6.058772042393684 65.32640165090561 3447.189450204372 1967.005854472518 2.130288176238537 162.6150011941791 30.88257049024105 9.349403746426105 2.76236017793417 5797.791127830744 0.3106631934642792 0 99.87737998366356 4.605722106993198 19.14761996269226 5.299354046583176 9.872372940182686 0 45.93070568144321 25.85440045595169 0.2383144721388817 32.3111741989851 17.757563136518 48.12629495561123 2161.525548249483 1020.290767669678 0.6570954248309135 22.66677220910788 15.90848806500435 238.5929762497544 1.650220856070518 76.44976750016212 8.369441837072372 218.8381100445986 19.8331338763237 9.63332898914814 20.70230567455292 0.8794803246855736 1.700682051479816 0 0 0 0.3710969686508179 0 0 1.43504560738802 0 0.1320598423480988 1.43572436273098 0 0.09467564523220062 0 1.249627456068993 0.342950701713562 0.1331644952297211 0 0 0 0.1012823581695557 1.253563225269318 0 0.3688528537750244 6.165357872843742 0 0.4586567804217339 0.6051358729600906 4.99308892339468 0 0 0 0.317524641752243 0 0.5457665324211121 1.158037126064301 1.529203563928604 0 0.7016502246260643 0.2313000708818436 0.9436594843864441 0.1317988038063049 0 0
0 135.0522737950087 17.77556647360325 3.468268752098083 0.2415504232048988 0.2966970801353455 10.0496993213892 0.4474522843956947 411.2469077929854 0.7825509905815125 31.56068652123213 1.403191365301609 498.1909566447139 0.2681153118610382 8.822973631322384 392.9023495316505 36.2482453212142 1.223239101469517 32.2589817866683 0 9.985087268054485 2262.468216069043 40.12485924363136 821.4146621972322 1789.604374155402 205.687346957624 7440.560165688396 47.06574404984713 1.020702980458736 3.063720002770424 33.20303808897734 0.3480228260159492 0 37.76801157742739 1.88475576043129 76.5645600259304 263.9910964816809 85.17652000486851 32.64401165395975 12.8545313552022 0.3033820316195488 334.914873957634 1.623562097549438 0 91.39635179936886 64.86697861552238 0 0 0 0.2205612808465958 0 1.950051046907902 0 4.622046314179897 0.2890259325504303 26.95325217396021 0 0 5.082134306430817 4.619199268519878 0.5226303935050964 3.057353146374226 0 0.6301699727773666 28.08087560534477 8.466249883174896 2.737460918724537 49.12186557799578 166.0289192572236 1130.868446148932 1.135520294308662 0 0.1045451462268829 1.27104964107275 0 0 0.8606386929750443 0.9310669898986816 13.02219462394714 15.6292976886034 8.220884464681149 1.508333176374435 0 0 4.913048058748245 0
12.88029153645039 17.77556647360325 5516.007812127471 14.88804687559605 0 8.300740741193295 819.663772970438 61.60258156806231 2.9509132578969 15.74663263559341 22.63161765038967 0.2688838541507721 6.635973028838634 36.4312462285161 0.1445586830377579 4.733944252133369 6029.650584816933 20.67241069674492 238.0926700308919 1.176984496414661 630.0161407217383 1.956724278628826 6934.183374390006 49.18933003395796 3.090195938944817 7870.781700968742 14889.68081367761 433.0581933557987 49.83050394803286 450.5728187337518 0.6496132984757423 1.17813429236412 3.24446814507246 289.9159250482917 32.0086705237627 811.4637022539973 2173.462180949748 669.957356967032 463.6806280612946 4.127884179353714 1.680631846189499 9.919064044952393 1.140937253832817 0.4360559284687042 48.40058850497007 358.1735006943345 0 0 0 4.234191589057446 0 1.420134484767914 0.2147624343633652 0.1606658548116684 0 0.2762425765395164 0 0 11.1181598007679 14.11264969408512 0.1428822129964828 3.341829217970371 0 3.513511300086975 17.18278366327286 40.78440198302269 7.692635290324688 1.526331320405006 116.1548464745283 1088.15036445111 4.994365245103836 0.355012059211731 1.732916966080666 0.4437454342842102 0 0 4.204871624708176 7.061827555298805 28.40510539710522 15.1063142195344 10.77619071304798 9.815972298383713 0.1509530395269394 0 0.4274475574493408 0.3887788057327271
6.438648894429207 3.468268752098083 14.88804687559605 2610.787801727653 2.283575519919395 106.8707701191306 421.9915202260017 96.7038681730628 1441.09619512409 2695.488963790238 2.272345058619976 1374.927052393556 0.4985766112804413 25.35239526629448 23.91270412504673 2.240944586694241 2.31182973831892 0.3998502641916275 0.5434372425079346 5486.802601009607 1.311847567558289 6.990016058087349 29.64548975974321 2399.271802224219 0 1.372789852321148 33.29277986288071 7183.817722797394 122.4573155194521 12.61755478382111 0 4.575109988451004 8.830736979842186 37.07338248193264 3.305665403604507 262.9698509126902 7.76210817694664 124.7786537185311 41.5565185919404 68.17575883120298 17.28427988290787 2.557658962905407 6.81312221288681 0.1130724549293518 0.154586598277092 0.2479126453399658 146.5550346821547 0.1071019992232323 29.74431222677231 105.6876511648297 18.39994186162949 216.6742793694139 294.8573220148683 0.2772875130176544 160.0739669054747 0 9.239042736589909 10.13076232373714 0.9855481535196304 0 0.1147545054554939 0 124.803934790194 1.115068629384041 0.479002833366394 0 650.4894793331623 0 0 4.040052130818367 336.6408473849297 2.086489096283913 2.166639558970928 0 0 0.1539824604988098 3.06865144520998 4.019033432006836 25.73753829300404 1.160812333226204 12.00084990262985 4.994556076824665 63.49727257341146 0.3000600039958954 2.955679178237915 0.122336745262146
6.058772042393684 0.2415504232048988 0 2.283575519919395 49.56772315502167 2096.549896799028 22.52379417419434 1064.097595661879 69.43018902093172 30.73320925980806 43.87645605951548 104.7301623374224 6.910453505814075 37.76101478934288 1617.736201696098 0.1208796873688698 3.977948561310768 2.946726277470589 1.733989305794239 9.949100881814957 0.4937069341540337 3.130661621689796 1.358202591538429 15.88201589137316 0.2871254086494446 1.198789305984974 1.068142995238304 7.977371469140053 184.1023588404059 5.81848107278347 0.4331268221139908 72.15343862771988 0 349.506344743073 5.489923447370529 147.9310586601496 5.249366819858551 717.0442789942026 81.97498998045921 1635.331093735993 227.7800636962056 6.480989888310432 7.202040992677212 0 0 0 0 0 0 3.061245873570442 0 0.5587782859802246 0.3172195702791214 0 0.5809462666511536 0 0.1148068755865097 0 0.9090398699045181 0 0 0 0 2.219169676303864 0.130506157875061 1.973012566566467 2.375468477606773 0 0 0.08209893852472305 3.063377656042576 0 2.11947500705719 0 0 0 0 33.63421253859997 6.235695019364357 0.2460011765360832 1.775219172239304 6.509648941457272 0.2507240176200867 0 0 0
65.32640165090561 0.2966970801353455 8.300740741193295 106.8707701191306 2096.549896799028 8580.454147435725 2231.666849948466 8724.339488267899 190.2595004141331 4849.715096056461 210.658241532743 4316.365015730262 24.98581846803427 739.0870807021856 1333.441136971116 0.1293046474456787 12.58058153092861 19.118986107409 13.82148962467909 181.7001203596592 2.737117893993855 1.82939225435257 20.72443179786205 177.2688334733248 1.933298982679844 22.93389044702053 16.63386846333742 929.515342541039 1329.350497029722 41.51409815996885 1.288447111845016 1366.001197867095 7.182399332523346 834.4085666164756 14.66557743400335 783.2499760165811 28.54368656873703 1239.411501571536 201.0395327433944 2744.903095029294 429.6941143348813 28.56361448764801 39.07920996844769 0.4108530357480049 0 1.034177348017693 32.09885493665934 0.1238425970077515 16.2278196439147 70.09434421360493 8.429117687046528 26.95428832620382 88.45214557647705 0.1902566105127335 49.75862822681665 0 2.928388610482216 8.242110371589661 0.7583326995372772 0 0 0 30.44581866264343 0.9936350807547569 0 0.1273993998765945 166.5334279760718 0 0.301693469285965 0.5190255269408226 93.97568804770708 1.023174300789833 3.619851194322109 0 0.1244957894086838 0 2.088545694947243 11.77854411303997 21.98485945910215 0.4974152147769928 11.49055111408234 3.872598238289356 23.30021428316832 0.4564095735549927 7.497534096240997 0
3447.189450204372 10.0496993213892 819.663772970438 421.9915202260017 22.52379417419434 2231.666849948466 14314.82678521425 8238.073259718716 449.8719155490398 6701.935188300908 38.3460077047348 53.93145958334208 5.260772347450256 6543.016180805862 26.47864029556513 4.590117409825325 680.5222965031862 9.887352719902992 52.22422540932894 63.55741913616657 160.4635896608233 19.31160053610802 1627.902268186212 1039.62571002543 2.4908102825284 280.8646597936749 413.6597512438893 17270.54599221051 2045.310178741813 4221.780278615654 0.8586153537034988 43.6774742230773 106.7317878901958 435.3615958690643 48.36730623990297 2120.723283335567 88.69151747226715 1316.131482288241 484.064205288887 234.1250827461481 171.0311742946506 3.749873533844948 51.98875606805086 5.636755436658859 0.9312497153878212 8.486698612570763 75.75807695835829 0.1405820697546005 30.83679826557636 412.5136436447501 47.09498822689056 115.4312692061067 209.3503613844514 1.024734690785408 34.25128448754549 0 23.60798858106136 2.722812622785568 36.90060702711344 0.4448947161436081 0 0 62.10403050482273 7.623901315033436 3.688228957355022 24.28271345049143 782.4605000987649 0.2210411727428436 2.0145463347435 54.07634504884481 573.506604462862 15.09559076279402 26.72100305557251 0.3191383332014084 1.03127271682024 0.5952889174222946 10.82837034016848 36.86215038597584 136.1357141882181 6.839127711951733 76.09767775982618 28.36476274579763 36.51510731875896 4.738002113997936 9.804565742611885 0.4826260283589363
1967.005854472518 0.4474522843956947 61.60258156806231 96.7038681730628 1064.097595661879 8724.339488267899 8238.073259718716 13694.48382342607 63.97859532386065 3513.624073326588 229.7158952429891 785.8034621104598 21.65900880098343 6564.782820492983 104.2013747170568 0.4759964048862457 153.8361932262778 16.06655879318714 36.73346992582083 226.5500833615661 10.11325021088123 0.8733248263597488 140.0026967749 518.5882414877415 3.212658114731312 83.60091821104288 41.3047152236104 372.5928685814142 2863.339302733541 1036.755439296365 1.81364931166172 1406.564519673586 15.10932130366564 841.6755883991718 11.9160478413105 511.2389016598463 29.91602072864771 784.9105273932219 117.4161220416427 820.9006791114807 268.781014457345 19.46286562085152 22.48492407053709 0 0.1157454773783684 0 21.40409643948078 0 7.849855929613113 102.1519684940577 16.8922174423933 16.09432311356068 75.3703611344099 0.693310871720314 18.64624853432178 0 5.251475691795349 0.6567787975072861 2.093681700527668 0.165554940700531 0 0 22.42656707018614 0.9603847563266754 0.7567383050918579 1.670054763555527 161.6864481121302 0 0.2786482125520706 2.782973401248455 128.0912328362465 1.446837320923805 4.12871265411377 0 0 0 0.9806505292654037 2.734516620635986 29.47366885840893 1.735171176493168 13.46060848236084 3.689586125314236 8.652942180633545 1.579319357872009 0.9277598783373833 0.5970904231071472
2.130288176238537 411.2469077929854 2.9509132578969 1441.09619512409 69.43018902093172 190.2595004141331 449.8719155490398 63.97859532386065 993.9958721548319 454.2953573018312 2.878249809145927 808.5724884271622 6.406542144715786 14.13756079226732 784.7982908338308 104.1366081684828 3.589141823351383 0.3582926541566849 2.156954102218151 518.1578631475568 42.7639340236783 2120.409206181765 17.03207485377789 10916.82038604468 46.41101789474487 8.028272733092308 417.0694537162781 1851.289589904249 52.58914443105459 149.3401666879654 1.601978279650211 6.116246059536934 12.04709546267986 22.72260112315416 1.088733337819576 302.2436802685261 6.743317052721977 74.53258945047855 23.88758859038353 650.8383599370718 19.83474591374397 2.817579239606857 3.476607233285904 5.746826656162739 0.6421571299433708 5.201580762863159 64.2325678691268 2.188030503690243 8.751557618379593 184.4847751185298 20.04758548736572 337.0135498642921 117.6790296807885 1.691473379731178 152.813826315105 0.2710274457931519 16.03339160978794 25.88783074170351 110.5038385167718 0.6367152109742165 0 0.1304640471935272 56.93119160830975 71.72779706865549 46.8972394540906 8.532200649380684 1854.178520135581 0.09905889630317688 1.337508767843246 5.775817982852459 461.3400194868445 24.55890237540007 67.68889127671719 0 0.9833268597722054 0.9391931593418121 7.291336424648762 5.800494611263275 104.6567946746945 5.542331948876381 30.06777098029852 16.23759335279465 78.80598571151495 3.759914666414261 0 2.117740839719772
162.6150011941791 0.7825509905815125 15.74663263559341 2695.488963790238 30.73320925980806 4849.715096056461 6701.935188300908 3513.624073326588 454.2953573018312 19278.25005850196 56.56621193885803 1563.954639993608 6.51142244040966 1172.379850074649 45.8267380669713 0.2724829316139221 10.46414916217327 9.935555048286915 12.96553451567888 2715.25792119652 3.155161641538143 0.4412402287125587 22.61944953352213 527.2245272248983 0.3861968144774437 21.2889122441411 19.4020124822855 8323.889214605093 873.805476821959 17.7494006305933 0.755922943353653 58.59524860978127 17.59118247777224 309.9553415030241 13.6418232023716 1036.157133378088 19.07269264012575 855.9567663744092 191.9225360229611 258.3120076283813 150.8048153445125 12.73261084407568 29.77397841215134 0.7473838552832603 0 0.8296302258968353 169.1818207353354 1.814110904932022 42.81237675249577 201.4306931719184 17.47260977327824 168.139790892601 378.7701766639948 0.127802237868309 160.4513507634401 0 10.37564460933208 15.97972591966391 1.169796049594879 0 0 0.1485713124275208 158.2874186262488 1.192932970821857 0.1367018669843674 1.480825021862984 725.3785885721445 0 0.6829597279429436 3.386998347938061 375.0864683687687 3.91278200596571 3.508450344204903 0 0.6377451717853546 0 2.160608664155006 7.863162904977798 37.03367812931538 4.402852162718773 16.51812215894461 8.68404932320118 53.58374389261007 1.285925716161728 5.702255696058273 1.820514887571335
30.88257049024105 31.56068652123213 22.63161765038967 2.272345058619976 43.87645605951548 210.658241532743 38.3460077047348 229.7158952429891 2.878249809145927 56.56621193885803 10235.12701939046 53.59727152436972 3765.066792555153 142.45403791219 2.359251864254475 0.4036266058683395 567.0302701964974 4235.391018889844 4036.663297265768 10.43802732974291 43.35181314498186 3.213991031050682 37.56707947701216 19.7548036724329 307.9289305061102 2495.391475588083 847.5939248725772 15.69647071510553 459.4622987508774 94.4422409683466 898.5434143990278 169.7802425846457 4.804375633597374 4970.137377165258 6.705295383930206 374.9517545551062 3363.950469523668 4776.374248288572 360.3110517039895 72.0286161750555 72.33860506862402 523.6529974862933 2.542448446154594 0 17.91793638467789 1.674384862184525 0.8937074989080429 0 0 0.7493580132722855 1.080607771873474 0.2244562953710556 0 49.90231849253178 0 157.7746898680925 0 0 0 0 1.30369408428669 1.926936835050583 0.5847328677773476 0 0.1305265724658966 0.1415185630321503 4.782385267317295 29.81122026592493 29.74476084113121 114.5654093921185 1.881678111851215 0 0.6224788427352905 27.36452431976795 0 0 0.9148376435041428 1.128589779138565 5.890898823738098 49.47227298468351 4.603169567883015 2.110759355127811 0.7856184840202332 0.5003665089607239 32.51101390272379 0.4672563374042511
9.349403746426105 1.403191365301609 0.2688838541507721 1374.927052393556 104.7301623374224 4316.365015730262 53.93145958334208 785.8034621104598 808.5724884271622 1563.954639993608 53.59727152436972 7015.220856852829 6.883871242403984 232.0392812713981 1501.625693842769 2.155232153832912 1.666341729462147 7.055539838969707 7.578525871038437 4107.039652101696 0.4420887380838394 5.590354397892952 2.729289278388023 419.5846236124635 3.230760134756565 11.02409503608942 7.973988935351372 467.2006589770317 273.2207639440894 2.853071555495262 0.605106994509697 54.42632827907801 0.1596715897321701 165.4621189087629 1.366599053144455 442.1128107607365 15.67271558195353 369.8025811389089 40.56673242896795 2410.464514091611 57.23574152588844 6.144003309309483 6.666040398180485 0 0.148672804236412 0 80.01212926208973 3.353294998407364 20.79713156074286 38.81530441343784 3.317330799996853 317.2905437871814 193.8947006836534 0 434.7241918966174 0 0.3828513622283936 49.96869017183781 0 0 0 0 107.7916147559881 0 0.3204563558101654 0 394.5067899227142 0.09877350926399231 0 0.2952133044600487 91.30732185393572 0.2415936440229416 0 0 0.1906286776065826 0 0.6870137751102448 1.140243455767632 29.91943597793579 0 2.377254568040371 0.7321075648069382 260.8565181717277 2.033142030239105 13.87716338038445 0.9654393196105957
2.76236017793417 498.1909566447139 6.635973028838634 0.4985766112804413 6.910453505814075 24.98581846803427 5.260772347450256 21.65900880098343 6.406542144715786 6.51142244040966 3765.066792555153 6.883871242403984 1903.062002778053 12.04766608774662 5.871414169669151 1.180354684591293 15.15970738232136 131.0238899439573 20.90298686176538 4.298933818936348 2.423488587141037 40.13845518231392 6.318051569163799 23.51619803905487 2851.441663227975 585.2925483509898 4885.757140129805 5.35099034756422 26.16120601445436 2.725153148174286 1203.309700779617 17.12917125225067 0 904.0580225586891 2.720292843878269 409.8690445646644 5264.954456210136 3785.098545208573 386.5816476419568 95.45891530811787 162.1586767658591 1888.241325445473 9.012708604335785 0 145.0319792106748 1.049933716654778 0 0 0.1501664221286774 2.827788352966309 0.3475876525044441 0.8462903052568436 0 185.1270576715469 0 704.825357414782 0.1842767670750618 0 0 0.5420980080962181 5.528635010123253 1.900778979063034 0 0 1.465678736567497 0.2554637342691422 0.1641138792037964 151.2892190515995 95.8197238445282 357.4104838371277 0.1782602518796921 1.365462519228458 0.1016634926199913 107.9772363007069 0.08643725514411926 0 0.9657067880034447 1.508438363671303 58.30578726530075 178.8016157597303 34.63217947632074 13.68860155344009 5.843987941741943 0.4252313375473022 188.1570383906364 0
5797.791127830744 0.2681153118610382 36.4312462285161 25.35239526629448 37.76101478934288 739.0870807021856 6543.016180805862 6564.782820492983 14.13756079226732 1172.379850074649 142.45403791219 232.0392812713981 12.04766608774662 8884.283529005945 7.690638616681099 0.108084462583065 188.6803643479943 20.55210677534342 43.8348691239953 97.7617736980319 11.6959160938859 0.4772261306643486 93.81495770812035 145.4547283649445 0.4285916239023209 75.7410788461566 43.76571979373693 168.9556244984269 7668.878725841641 1497.164517775178 1.72396431863308 386.6890999898314 27.99986519664526 625.3396954089403 3.317616418004036 353.7218540608883 20.46714195609093 552.9026862978935 58.50342233479023 166.3683944419026 66.7490508556366 3.111591458320618 6.11456822603941 0.7262471690773964 0.531347967684269 0.1117966249585152 2.789033405482769 0.09947239607572556 1.440817445516586 13.98841421306133 1.757634207606316 5.031653240323067 11.27419159561396 0 1.847217313945293 0 0.966107003390789 0 0.4047073870897293 0 0 0 2.62062830477953 0.5311636328697205 0.1406231820583344 0.3488245606422424 41.26014506071806 0.09912227839231491 0.3595932945609093 3.366995558142662 27.84352929145098 0.5619669109582901 2.11562816798687 0.1560169458389282 0 0 1.051675319671631 1.32156503200531 9.549778215587139 0.2054267525672913 6.278947271406651 2.900385931134224 2.291914999485016 0 0.110587053000927 0
0.3106631934642792 8.822973631322384 0.1445586830377579 23.91270412504673 1617.736201696098 1333.441136971116 26.47864029556513 104.2013747170568 784.7982908338308 45.8267380669713 2.359251864254475 1501.625693842769 5.871414169669151 7.690638616681099 266.3956944346428 1.059669598937035 0.2175984159111977 0 0.2099055126309395 56.72028562426567 1.868889957666397 41.60803040117025 3.909511469304562 379.15303684026 5.082621514797211 0.3238599672913551 9.760033160448074 38.79200226068497 11.35096208006144 8.567702792584896 0 249.0298378765583 0 12.87751188129187 6.527766332030296 183.8473498672247 3.311470612883568 35.90833920240402 10.63291916251183 1179.436078540981 275.261908531189 6.685772441327572 0 0.3757776021957397 0 0.4872103929519653 4.021530613303185 0 0.8606957048177719 3.391795955598354 0 14.53259825706482 9.595188796520233 0 37.63798581063747 0 0 5.579901620745659 0.9668253734707832 0.4228028059005737 0 0 3.963616624474525 3.516720131039619 0.791467159986496 3.098954156041145 11.71979641914368 0 0 0 5.71518936008215 0 0.7508661150932312 0 0 0 0 19.80770842730999 13.88718295097351 1.041587203741074 11.09907113015652 12.55651018023491 29.50977811217308 0 4.235620975494385 0
0 392.9023495316505 4.733944252133369 2.240944586694241 0.1208796873688698 0.1293046474456787 4.590117409825325 0.4759964048862457 104.1366081684828 0.2724829316139221 0.4036266058683395 2.155232153832912 1.180354684591293 0.108084462583065 1.059669598937035 4202.815537914634 6.008345551788807 0 0.9347951486706734 0 4364.785413764417 4374.874549925327 8323.682120196521 2432.93949303776 10.29035452008247 2.731830008327961 4362.210179947317 1578.652609184384 8.810796439647675 12.98084636032581 0.4158132895827293 0.1145200133323669 1.044008195400238 29.25072576850653 46.64774661511183 2661.45071388036 910.479844391346 367.0332782566547 542.3408898562193 70.81283618509769 3.124689735472202 2.815910197794437 29.71326239407063 5.389090582728386 2.316279113292694 21.22413008660078 2.838335454463959 0 1.488551557064056 34.11710372567177 1.899225011467934 38.47804395109415 8.168032042682171 0.6786520779132843 2.244118630886078 0 4.193500332534313 0 5062.886320129037 0.3952564373612404 0 0.2395285815000534 1.011275291442871 595.7491405233741 350.8676839843392 949.7207789421082 1034.354843854904 0 2.720203928649426 501.428673774004 201.7374792993069 10.64351737499237 110.6151527315378 0.2857466042041779 0 1.070266485214233 3.344824649393559 23.38643135130405 83.65977534651756 5.482777498662472 11.89358396828175 12.66391655802727 8.207863390445709 0.3764198422431946 3.515069842338562 2.45016622543335
99.87737998366356 36.2482453212142 6029.650584816933 2.31182973831892 3.977948561310768 12.58058153092861 680.5222965031862 153.8361932262778 3.589141823351383 10.46414916217327 567.0302701964974 1.666341729462147 15.15970738232136 188.6803643479943 0.2175984159111977 6.008345551788807 1093.184427894652 123.0205156654119 2432.923346817493 0.5092894434928894 1493.739143364131 16.83106024563313 6947.984965369105 30.34497328847647 11.17949656397104 2685.265079826117 7391.458862729371 268.9854358285666 792.2657117694616 3622.737128771842 2.439545974135399 6.807205595076084 32.73757672309875 2455.126869648695 25.53039341419935 595.5875255540013 1416.193472959101 1669.680867314339 667.7084157243371 9.913926787674427 3.717154532670975 26.7096471041441 3.284026362001896 0 27.15334346145391 92.81555269658566 0 0 0 1.881588131189346 0 0.6185932159423828 0 0.5288229957222939 0 0.7822246849536896 0 0 1.602710627019405 9.911283776164055 0.3276963531970978 4.827543310821056 0 2.480208337306976 3.003616504371166 1.694412037730217 5.118298470973969 2.010732918977737 170.4238177090883 426.9110462740064 2.074034512042999 0 0.8959406092762947 0.5934688076376915 0 0 0.9062361493706703 8.382238417863846 9.486314974725246 8.703150607645512 3.9630231782794 4.175502479076385 0 0 1.000675663352013 0
4.605722106993198 1.223239101469517 20.67241069674492 0.3998502641916275 2.946726277470589 19.118986107409 9.887352719902992 16.06655879318714 0.3582926541566849 9.935555048286915 4235.391018889844 7.055539838969707 131.0238899439573 20.55210677534342 0 0 123.0205156654119 172.4860227406025 1352.833315752447 2.589235432446003 6.220854014158249 0.3559437915682793 9.265873052179813 2.186499126255512 7.851568594574928 3428.427177704871 636.4961550235748 3.763247817754745 44.01106412708759 16.14618103951216 76.3635490462184 8.61665017157793 0.9753691703081131 704.3721822500229 8.757148332893848 280.4067430496216 840.6533499956131 1407.730839431286 317.5427422001958 4.54928120225668 2.951030448079109 18.07280675321817 1.311432689428329 0 5.40701899677515 0.2038294821977615 0 0 0 0.5261576622724533 0 0 0 8.176913306117058 0 33.81262694299221 0 0 0 0 0.4577622413635254 0.2506304010748863 0 0.141938716173172 0.1116928905248642 0.1518994271755219 0.3753533139824867 10.23202770203352 25.59720441699028 70.32619766891003 0.8590336441993713 0 0 11.6006314009428 0 0 0.2992277145385742 1.655564665794373 4.802582085132599 15.97083315998316 1.091933317482471 0.3285445719957352 0 0 0.176303505897522 0
19.14761996269226 32.2589817866683 238.0926700308919 0.5434372425079346 1.733989305794239 13.82148962467909 52.22422540932894 36.73346992582083 2.156954102218151 12.96553451567888 4036.663297265768 7.578525871038437 20.90298686176538 43.8348691239953 0.2099055126309395 0.9347951486706734 2432.923346817493 1352.833315752447 1775.391745597124 1.587182864546776 102.9062952175736 8.325017884373665 174.3568523824215 5.600653372704983 46.25216609984636 7981.029334232211 2195.112664446235 21.5096398666501 190.137428611517 330.4125808626413 10.2514319345355 7.150871135294437 11.10362499207258 2701.741132453084 10.03732938319445 419.527651950717 1290.663568809628 1900.24811732769 509.6125804111362 4.581128492951393 2.701722048223019 42.10777172446251 2.363796316087246 0 21.38023876398802 22.18595441430807 0 0 0 0.4450918734073639 0 0.1433800756931305 0.2216672152280807 0.1116384491324425 0 7.242611013352871 0 0 0 2.668336667120457 1.637630477547646 4.873202636837959 0 0 0 1.12286014854908 1.720183417201042 5.600872322916985 179.7828842997551 331.80594009161 0.5313800722360611 0 0 2.081558883190155 0.07941775768995285 0 0.6148622632026672 4.495954766869545 6.396378792822361 11.79644478857517 2.598576329648495 0.5989221334457397 0.1426108181476593 0 0.358220562338829 0
5.299354046583176 0 1.176984496414661 5486.802601009607 9.949100881814957 181.7001203596592 63.55741913616657 226.5500833615661 518.1578631475568 2715.25792119652 10.43802732974291 4107.039652101696 4.298933818936348 97.7617736980319 56.72028562426567 0 0.5092894434928894 2.589235432446003 1.587182864546776 919.7238304913044 0.3254872709512711 0 2.401615828275681 359.7493994608521 2.451386749744415 2.445467934012413 1.414733044803143 2506.204619176686 122.1152536645532 2.300879366695881 0.1130918636918068 16.59896668791771 1.258669346570969 75.39009289443493 1.648819401860237 287.7095134407282 7.984627984464169 221.6928607076406 40.83043330162764 325.702353194356 45.4049683958292 5.972007803618908 12.55334117263556 0 0.1212318986654282 0 93.470579020679 1.264506995677948 19.75683913379908 75.84454859048128 7.156845442950726 124.4563635066152 214.730145573616 0.4295400977134705 173.4629236534238 0 2.531040132045746 17.11907821148634 0 0 0 0 96.78204818814993 0.6293073296546936 0 1.042002260684967 345.3721601888537 0 1.097475409507751 1.433101020753384 141.804559931159 2.281443476676941 0.5941265225410461 0 0.2752953171730042 0 1.905412614345551 2.081533879041672 15.36823319643736 0 8.749481029808521 1.899361342191696 84.76561889052391 0 11.19888734817505 0.2231881022453308
9.872372940182686 9.985087268054485 630.0161407217383 1.311847567558289 0.4937069341540337 2.737117893993855 160.4635896608233 10.11325021088123 42.7639340236783 3.155161641538143 43.35181314498186 0.4420887380838394 2.423488587141037 11.6959160938859 1.868889957666397 4364.785413764417 1493.739143364131 6.220854014158249 102.9062952175736 0.3254872709512711 11411.68852508068 124.9274267926812 24205.00074981898 271.1607016026974 0.6109221503138542 113.2101706415415 1603.094055995345 6036.219803579152 204.1012679487467 8888.453517645597 0.1150869727134705 1.131608955562115 19.42057064175606 2659.044014103711 131.5481460392475 7114.598814301193 1302.495135128498 5782.725393041968 3558.925089664757 264.2614979892969 29.61148703098297 10.38202426582575 91.45112568885088 3.104187406599522 1.055234104394913 10.53418317437172 0 0 1.170224547386169 27.88987701386213 3.339796975255013 10.81301181018353 4.315449357032776 0.11081513017416 0.1261274814605713 0 4.66685226559639 0 337.9621533900499 0.8551675826311111 0 0 2.264121294021606 237.7276112660766 23.39645171165466 47.9789224639535 338.7004267424345 0 1.963864251971245 56.77558545768261 104.2338103502989 8.733877345919609 71.4464989900589 1.220869064331055 0 0.9429466724395752 1.704907082021236 115.3456961587071 77.58669366687536 5.990635171532631 10.43141236901283 38.48950150609016 7.680806636810303 0.2993660569190979 3.35653518140316 1.368019700050354
0 2262.468216069043 1.956724278628826 6.990016058087349 3.130661621689796 1.82939225435257 19.31160053610802 0.8733248263597488 2120.409206181765 0.4412402287125587 3.213991031050682 5.590354397892952 40.13845518231392 0.4772261306643486 41.60803040117025 4374.874549925327 16.83106024563313 0.3559437915682793 8.325017884373665 0 124.9274267926812 2498.95505721122 387.1362431123853 6816.221201844513 290.6570672020316 39.30662367492914 3973.11886369437 238.1709405779839 2.99683354049921 10.57550402730703 3.589144185185432 0 0.7024677917361259 12.09142715483904 0.6962016224861145 29.58380753546953 17.31327051669359 31.44664786756039 12.77615677565336 48.136738948524 0.3323296830058098 15.59133148193359 0.1855009198188782 0.8744677305221558 13.8787238150835 102.4920921176672 0 0 0.1298038363456726 5.540203221142292 0.404925249516964 14.48681744933128 0.1572590321302414 0.1137324497103691 0.1396415680646896 0.3898021727800369 0.4465459585189819 0.3243003338575363 1818.523915201426 2.221474044024944 0 0.1076283752918243 0 78.53559402376413 212.4839378595352 385.3174837976694 273.822848290205 0.8454364612698555 3.407415889203548 1220.480849765241 31.15621035546064 0.6407019793987274 10.8825556486845 0.1169969365000725 0 0 1.098144084215164 0.6582285016775131 20.78391150385141 3.012294672429562 4.75461084395647 6.248755879700184 0.1383416801691055 0.4148752093315125 0.2112661451101303 0
45.93070568144321 40.12485924363136 6934.183374390006 29.64548975974321 1.358202591538429 20.72443179786205 1627.902268186212 140.0026967749 17.03207485377789 22.61944953352213 37.56707947701216 2.729289278388023 6.318051569163799 93.81495770812035 3.909511469304562 8323.682120196521 6947.984965369105 9.265873052179813 174.3568523824215 2.401615828275681 24205.00074981898 387.1362431123853 22258.28060369939 360.778053380549 1.142789892852306 1876.758998729289 22997.52512336522 3893.635326869786 196.3252718299627 4260.26094661653 0.6052936911582947 4.230157032608986 9.630652442574501 2845.820775166154 474.5876407027245 14985.2650975734 6668.689237616956 9529.211139582098 8325.514542460442 377.333263322711 27.78761231899261 33.24181102216244 135.2303790450096 0 8.194788090884686 120.2159917131066 0.5017520189285278 0 1.630613386631012 13.94045563787222 1.119093880057335 3.647401966154575 3.409625828266144 0.1009025424718857 0.3015384376049042 0.2220991626381874 1.467201389372349 0 2417.140065178275 1.369538962841034 0 0 1.971757829189301 142.2364847660065 149.445132561028 588.3350115790963 271.035898283124 0.452598936855793 13.5643278285861 969.7059591114521 50.84683442860842 3.635380588471889 18.08758245408535 0 0.7392255663871765 0 2.68403996527195 227.0920341312885 108.5317706242204 11.07841798663139 23.35902197659016 57.90812157839537 7.282995507121086 0.7415550798177719 2.840166181325912 1.075664103031158
25.85440045595169 821.4146621972322 49.18933003395796 2399.271802224219 15.88201589137316 177.2688334733248 1039.62571002543 518.5882414877415 10916.82038604468 527.2245272248983 19.7548036724329 419.5846236124635 23.51619803905487 145.4547283649445 379.15303684026 2432.93949303776 30.34497328847647 2.186499126255512 5.600653372704983 359.7493994608521 271.1607016026974 6816.221201844513 360.778053380549 11062.83974771947 80.31675232201815 22.40508455038071 2118.42147257179 10651.30365540087 684.9177089557052 911.3452180549502 2.120767690241337 21.61601343005896 143.4751681387424 279.7211668267846 53.44153648614883 3303.678749732673 167.9942169114947 1131.332358039916 417.7159316465259 637.6210251748562 150.5311918929219 15.36061441898346 53.087820276618 21.65514408797026 1.267633117735386 43.78278510272503 194.6068452298641 1.205884113907814 50.70845709741116 659.6840761005878 71.12418521940708 816.1645522937179 466.7182738184929 3.78079117834568 204.9854839816689 0.3062851652503014 55.40460260957479 22.26954190433025 419.2522571310401 3.625482626259327 0.2466325163841248 1.366788484156132 166.3045023456216 358.3941218480468 100.1158422827721 89.02946521341801 3657.25688431412 0 6.47397493571043 181.0326241627336 1656.475619733334 61.33747034519911 249.0672408342361 0.6731282100081444 2.999208003282547 3.272037334740162 27.53350851684809 46.07962739467621 343.8652956187725 27.41663510352373 126.1877833455801 63.60586934536695 127.8077680543065 15.55942159891129 26.70481604337692 10.41144454479218
0.2383144721388817 1789.604374155402 3.090195938944817 0 0.2871254086494446 1.933298982679844 2.4908102825284 3.212658114731312 46.41101789474487 0.3861968144774437 307.9289305061102 3.230760134756565 2851.441663227975 0.4285916239023209 5.082621514797211 10.29035452008247 11.17949656397104 7.851568594574928 46.25216609984636 2.451386749744415 0.6109221503138542 290.6570672020316 1.142789892852306 80.31675232201815 372.0220979228616 405.2953754812479 7036.090912111104 22.83088684827089 3.410926356911659 5.37638096511364 326.0764221325517 1.063468217849731 0 89.83258298784494 1.011264011263847 344.2499493584037 765.1972124949098 609.2258948609233 129.3447616919875 73.97909259051085 28.50704525411129 1177.989216804504 5.541370749473572 0 263.5440493673086 5.278095297515392 0 0 0.09793253988027573 1.703127428889275 0.103606253862381 0.5385550782084465 0.08622521907091141 120.4439066797495 0 655.6936157718301 0 0 0 1.316250875592232 6.436272069811821 0.8123738914728165 0 2.824807055294514 3.90839459002018 0.4648781195282936 1.521481454372406 165.3227314352989 195.0756681635976 883.2934383526444 0.4336165487766266 0.1052960678935051 0.1214104294776917 77.83348639309406 0.2353441342711449 0 2.784607768058777 2.683074712753296 31.44467996060848 71.60011216253042 25.17036794126034 5.618347331881523 16.32120871543884 0 111.178042344749 0
32.3111741989851 205.687346957624 7870.781700968742 1.372789852321148 1.198789305984974 22.93389044702053 280.8646597936749 83.60091821104288 8.028272733092308 21.2889122441411 2495.391475588083 11.02409503608942 585.2925483509898 75.7410788461566 0.3238599672913551 2.731830008327961 2685.265079826117 3428.427177704871 7981.029334232211 2.445467934012413 113.2101706415415 39.30662367492914 1876.758998729289 22.40508455038071 405.2953754812479 18963.55358605832 12355.48438777775 80.43943116813898 188.6770125180483 394.0476778820157 535.6518984809518 9.49276389926672 4.603150397539139 1916.284784629941 52.11054670810699 1796.744865790009 5125.993350721896 4724.857870869339 1631.318975478411 13.63816909492016 11.47857211530209 134.6915601491928 5.884060800075531 0.3098399788141251 290.6036149039865 76.94840775430202 0 0.0946308895945549 0 1.382007770240307 0 3.002347573637962 0 141.2550405114889 0 789.2150103673339 0.2142093405127525 0 1.233502194285393 13.87901870161295 30.4080610498786 34.84713675826788 0 0.404835432767868 7.162432909011841 2.101453103125095 4.389053285121918 380.2647654414177 1186.164339341223 3275.273901887238 1.773292601108551 0.2513915300369263 1.802387669682503 233.1281058341265 0.3975486978888512 0 5.662947028875351 24.35285393148661 30.40027423202991 283.1880880668759 34.74980799853802 9.755494013428688 0.4172993153333664 0.1445596218109131 22.03525342047215 0.7047350108623505
17.757563136518 7440.560165688396 14889.68081367761 33.29277986288071 1.068142995238304 16.63386846333742 413.6597512438893 41.3047152236104 417.0694537162781 19.4020124822855 847.5939248725772 7.973988935351372 4885.757140129805 43.76571979373693 9.760033160448074 4362.210179947317 7391.458862729371 636.4961550235748 2195.112664446235 1.414733044803143 1603.094055995345 3973.11886369437 22997.52512336522 2118.42147257179 7036.090912111104 12355.48438777775 38824.88359446079 1675.427409075201 121.2673886269331 265.8335867971182 780.482940427959 7.108205370604992 5.477142862975597 1903.591016128659 213.3838539123535 5521.83724848181 5239.639501415193 6097.047238476574 3454.431448094547 69.4986065030098 9.974008403718472 153.1756876781583 21.22672091424465 0.6343221291899681 2605.549858726561 2847.543509058654 0.1467735022306442 0 0.08850235491991043 29.39062287658453 2.244926758110523 19.81730061024427 2.172698527574539 152.1526199132204 0.1352093070745468 830.6978566199541 2.190282337367535 0 1554.426499441266 139.7099442780018 40.49187512695789 95.4784217774868 0.109773725271225 43.54181315004826 602.2436904236674 1241.867961890996 124.3892365321517 913.4633731469512 3611.714999973774 20551.92850999534 50.98109367489815 0.5687736421823502 18.49466697126627 345.9056244939566 0.6342370510101318 0 34.75753807276487 92.11459781229496 292.0681628733873 354.4556523859501 167.9075023084879 74.65329890698195 4.782237455248833 1.483895868062973 31.85353821516037 3.342100068926811
48.12629495561123 47.06574404984713 433.0581933557987 7183.817722797394 7.977371469140053 929.515342541039 17270.54599221051 372.5928685814142 1851.289589904249 8323.889214605093 15.69647071510553 467.2006589770317 5.35099034756422 168.9556244984269 38.79200226068497 1578.652609184384 268.9854358285666 3.763247817754745 21.5096398666501 2506.204619176686 6036.219803579152 238.1709405779839 3893.635326869786 10651.30365540087 22.83088684827089 80.43943116813898 1675.427409075201 37750.47954841703 1201.793505087495 11351.78499786556 0.2834034115076065 17.2366578951478 281.2848248705268 574.671405389905 103.843505539 4528.945688031614 343.7160317152739 2124.865332908928 905.5825887322426 260.3454114943743 108.5093252211809 15.17472948879004 65.89158556610346 23.66275849938393 2.383631654083729 30.01652858406305 235.5050730258226 1.605129115283489 48.18989006429911 574.5087358653545 60.74707323312759 433.0101652741432 412.5287181213498 2.554732337594032 111.004774518311 0.9855004549026489 49.37776636332273 12.1757657378912 280.3056080639362 4.27745459228754 0.3997377157211304 0.3857895880937576 152.225561350584 309.2195258066058 34.97582305967808 45.47405230998993 2573.901667132974 0 4.019211016595364 113.3222400769591 1235.435034826398 54.66716688126326 223.756611160934 0.1369149088859558 2.39052651822567 4.661455042660236 25.13356924057007 77.75461965054274 283.4610166549683 17.95763943344355 100.3205446004868 49.26724548637867 63.98586685955524 9.794292092323303 33.59594991058111 5.317015066742897
2161.525548249483 1.020702980458736 49.83050394803286 122.4573155194521 184.1023588404059 1329.350497029722 2045.310178741813 2863.339302733541 52.58914443105459 873.805476821959 459.4622987508774 273.2207639440894 26.16120601445436 7668.878725841641 11.35096208006144 8.810796439647675 792.2657117694616 44.01106412708759 190.137428611517 122.1152536645532 204.1012679487467 2.99683354049921 196.3252718299627 684.9177089557052 3.410926356911659 188.6770125180483 121.2673886269331 1201.793505087495 22434.26547335088 7398.672735475004 2.768136888742447 926.1790241673589 3044.68291772902 3449.647757686675 28.80931009352207 777.4981780126691 98.64725478738546 2412.000077158213 387.5393898412585 326.0468055456877 173.0745323449373 8.30499642342329 21.36072052270174 0.9035967141389847 0.4337385594844818 0.2147148698568344 2.174736566841602 0 1.531407028436661 33.28399436920881 4.561546549201012 8.597649462521076 10.23098103702068 0.8630562126636505 6.055740304291248 0.2984399273991585 0.9716197326779366 0.1195601224899292 4.603993006050587 0 0 0 3.881417818367481 8.445003502070904 0.22164236754179 2.26390179246664 95.67824841290712 0 2.429262049496174 7.049342446029186 64.40017464756966 4.583490960299969 9.510027088224888 0 0.5642896890640259 0.6291798949241638 1.319412603974342 16.63009271025658 20.87232868373394 0.2799417078495026 8.779045395553112 13.2045517116785 6.033712446689606 0.6447643786668777 3.450488790869713 0.8099885582923889
