2553.878469794989 0 12.4731407687068 3.439287319779396 0.6762560307979584 18.61361394822598 2292.283384881914 185.3573168367147 8.500541388988495 126.827775426209 7.1144630163908 2.405541338026524 1.120653331279755 6387.026280410588 0 0.1576481461524963 135.3660661801696 5.844377398490906 15.03807892650366 6.142240799963474 65.3020496070385 0.8521441966295242 250.1365397721529 206.798928283155 0.191592663526535 24.62870165705681 15.28747729957104 136.1573867723346 6557.52901802212 4860.278395079076 0.5437978133559227 4.677774414420128 33.60286769270897 202.8355389982462 2.197102300822735 93.86029949784279 6.49436541646719 156.7519453987479 36.19965128600597 6.03019505739212 3.528715692460537 0.6922083497047424 0.7105864733457565 0.2689006775617599 0 0 1.959819577634335 0 0.3912998288869858 4.53186558932066 0.8047780320048332 2.488376252353191 1.20809617638588 0 0 0.08967122435569763 0.5138531550765038 0 0.09820355474948883 0 0 0 0.1352403610944748 0 0 0 6.871625646948814 0 0 0.6966910436749458 5.948998242616653 0.6223575472831726 1.307547941803932 0 0 0.1440678089857101 0.3819618076086044 1.46887931227684 0.5288583636283875 0 0.5062648355960846 0.5475769639015198 0.2152613699436188 0.2221951484680176 0 0
0 608.6073259785771 263.7268406674266 0 0 0.09293109178543091 0.702374666929245 0.4473268836736679 719.2587958946824 0.1921045035123825 167.4523418098688 0.777421623468399 499.8734148666263 0.6215381845831871 6.054762631654739 37.16557814180851 97.55529803782701 1.077923163771629 18.614974565804 0 3.86097639799118 2530.214141458273 102.8375643342733 412.3265656530857 1543.76888667047 1099.954798877239 12419.84022727609 5.347937978804111 1.30632683634758 1.894673846662045 6.649200886487961 0.2228180542588234 0 57.19774088263512 0.4847026467323303 196.8585712090135 362.8756252080202 125.51728323102 46.83189120143652 4.231184057891369 0.5068086981773376 143.7561210542917 1.453428089618683 0 289.1346677318215 132.2113156616688 0 0 0 5.21231123059988 0 0.7569921985268593 0.4067942798137665 1.259389214217663 0.1934491097927094 15.08226550370455 0.6393893659114838 0 2.826310187578201 32.80982659012079 2.690245680510998 21.27169527113438 0 2.246564872562885 58.72245012223721 5.631228372454643 1.383204348385334 37.97323276102543 160.4665519744158 1850.49804545939 2.048087112605572 0.4051637947559357 1.674708440899849 3.543952584266663 0 0 4.288020730018616 0.760763555765152 25.07271464169025 54.59642538428307 19.36793569475412 4.818488612771034 0.1251697838306427 0 4.393761530518532 0
12.4731407687068 263.7268406674266 8907.523371234536 1.477262049913406 0.1960298120975494 19.93849667161703 257.3665778264403 115.1540617868304 28.33131442964077 18.68425738811493 76.18446873873472 0.4936660081148148 1.334509007632732 77.34683492034674 0 31.96360537409782 4011.453333690763 7.514290817081928 62.15500323474407 0.09445037692785263 371.4348005130887 110.7703739777207 22083.61650135368 432.4544542059302 3.891929358243942 12964.67752941698 12190.72771812975 654.1787798777223 48.404735699296 458.1750103980303 0 0.4758994728326797 7.044996999204159 417.2519445493817 10.95885027945042 2877.598785541952 5031.529799997807 2049.857153065503 933.0581693798304 30.06566587090492 4.161435835063457 39.75829094648361 11.84455065429211 0.2699714452028275 223.6607089191675 709.5115561485291 0.4633653461933136 0 1.088929384946823 19.01506272703409 1.276293121278286 5.769696056842804 1.968233346939087 0.1510753780603409 0 0.5473579913377762 1.583020552992821 0 5.058180771768093 114.1185396462679 1.226996123790741 25.72544513642788 0.2023198902606964 8.187702625989914 26.27079555392265 48.40647855401039 13.31276239454746 1.734947964549065 262.7734082490206 2843.447953142226 17.50098426640034 1.567829497158527 2.654333718121052 0.3368677794933319 0 0.3480765074491501 9.126832664012909 15.33382904529572 64.67096524685621 227.791591823101 42.42864709347486 23.29157201200724 1.27235808968544 0 0 0.1788977533578873
3.439287319779396 0 1.477262049913406 2837.586319252849 0.3851625397801399 193.3246337175369 128.8927560374141 63.47435472905636 612.1668463498354 3623.343582682312 1.476926110684872 6130.901193104684 0.4628114029765129 51.03800241649151 26.37751986086369 0 0.494796060025692 0.5245849415659904 0.2207929119467735 5479.979857057333 0.08840159326791763 0 0.7866748422384262 1558.775893256068 0.1262188106775284 1.74259427189827 0.9138469994068146 3405.084238469601 66.36528270691633 3.135570384562016 0.2879321947693825 2.45017721503973 2.525921642780304 16.83397033065557 0.6689419746398926 64.37811174988747 0.1231946721673012 34.05391481518745 7.84028185158968 95.59210937470198 8.575773008167744 0.384645976126194 2.096839562058449 0 0 0 100.7210601642728 0 9.421130701899529 66.34008228778839 8.611242018640041 93.45343086123466 184.1579804643989 0.1979165822267532 107.7154927700758 0 3.659021064639091 4.528042301535606 0 0 0 0.1474094837903976 68.08106481283903 0.3660369515419006 0.9897277355194092 0 99.25174681097269 0 0 0 87.26779752224684 2.218680076301098 0.1169850453734398 0 0 0 0.5172178149223328 0.1256085187196732 9.868832483887672 0 9.436864256858826 3.786429181694984 20.04784426093102 0 0 0
0.6762560307979584 0 0.1960298120975494 0.3851625397801399 138.6499473303556 276.2553248107433 3.84947208315134 161.1879651173949 20.31381821632385 12.35370546579361 11.82186537981033 19.59733661264181 2.340678676962852 10.7589516043663 1382.541334077716 0 1.038514018058777 4.609549775719643 0.6371277123689651 1.888975940644741 0.3434365391731262 0 0.475017711520195 4.362221956253052 1.549561396241188 6.99641440063715 3.667140938341618 1.894783742725849 119.1461919546127 2.967682860791683 0.6944433003664017 756.9056372866035 0 535.8549454733729 7.774901732802391 95.42568634450436 7.406208425760269 259.6318778842688 61.77113369852304 1321.740333169699 786.2534006685019 12.47213742136955 23.46180918812752 0 0 0 0 0 0 0.5072264820337296 0 0 0.3964726477861404 0 0 0 0 0 0 0 0 0 0 0 0 0 0 0 0 0 0.152286097407341 0 0 0.1815111041069031 0 0 0 6.974901616573334 2.120636746287346 0 0 1.389604210853577 0 0 0 0
18.61361394822598 0.09293109178543091 19.93849667161703 193.3246337175369 276.2553248107433 11461.49971383065 1695.65720898658 10047.04355199635 647.2120679840446 7795.082156784832 63.21453308314085 3840.5451041013 14.93300984054804 2272.843003280461 1479.729741536081 0 15.28116542845964 26.3247564136982 11.05865885317326 779.9389105960727 6.236460097134113 1.878780677914619 36.4484880194068 507.4482302218676 4.026281550526619 63.67061415314674 28.52187710255384 543.5749172568321 868.1052923798561 109.7782403975725 6.509641818702221 693.2402002066374 4.465628080070019 510.4974683970213 9.599281087517738 498.3313158378005 29.51896663755178 555.7556509524584 141.6640879362822 2611.587490439415 515.5879176855087 49.15196181088686 74.62651724368334 0.863078884780407 0.3883683681488037 0 93.5747040361166 0.7562664598226547 9.110186979174614 162.2003218233585 14.85557126253843 98.73392762988806 194.690033249557 0 48.83427451550961 0.2390862181782722 4.349619887769222 10.29959884285927 0 0 0 0 62.13320953398943 0 0 0 163.6091244891286 0.1197735592722893 0.2368989065289497 0.3103417158126831 102.7502329424024 3.551972791552544 1.842150568962097 0.09583060443401337 0.3501846194267273 0 1.558102935552597 4.710606038570404 18.19514110684395 0.3810896798968315 5.303391955792904 8.537273913621902 44.24619344621897 1.384740948677063 2.692114382982254 0
2292.283384881914 0.702374666929245 257.3665778264403 128.8927560374141 3.84947208315134 1695.65720898658 23727.76717349142 5473.873372592032 266.509786978364 13569.88796630502 14.15224333107471 28.9263733997941 2.567882843315601 7264.192107863724 4.560502178966999 1.413767114281654 92.89169684052467 7.285788975656033 7.309327453374863 116.3283005282283 112.6754663065076 4.860067598521709 626.8033745139837 3345.893001236022 0.1084003299474716 146.9659860208631 44.4029074460268 18278.25785675645 1479.441152602434 8908.873553343117 1.923090614378452 14.71309374272823 81.5465746819973 234.4398323222995 24.08739818632603 1240.05471868813 34.24242094904184 626.3327130675316 209.7038375511765 336.9962204769254 130.9205671474338 2.596785522997379 18.71777820587158 2.593614481389523 0.1140559017658234 0.1299346685409546 54.79397951811552 1.67757773399353 25.87791628390551 449.3240255340934 62.48610077053308 178.8257889151573 91.76115752011538 0.3248650953173637 10.9177715703845 0.7073374688625336 26.49289653450251 0.4698338508605957 2.617847368121147 0 0.09503768384456635 0 22.57150749862194 1.582822859287262 1.581775277853012 1.756265699863434 298.6120024695992 0 0.3207680881023407 3.244671545922756 256.4362366199493 15.87803860008717 10.94136495143175 0 0.8358324766159058 0.849741593003273 5.408199518918991 10.15899700671434 40.69725878536701 1.709583848714828 22.99838886409998 9.299629971385002 30.63502572476864 4.683903679251671 0.8180906176567078 0.9441030472517014
185.3573168367147 0.4473268836736679 115.1540617868304 63.47435472905636 161.1879651173949 10047.04355199635 5473.873372592032 11547.36214533448 174.5851387232542 6985.751549594104 45.73128687590361 952.6750584542751 9.123376548290253 8774.561029449105 404.7162874191999 0.266927994787693 270.4465447962284 14.02503643929958 15.60085432976484 380.5402477681637 161.7603498920798 2.63167167454958 458.7753069773316 1029.406402021646 1.841287367045879 164.2664429023862 66.5305245295167 615.5606935322285 773.4527026563883 2729.644945345819 4.484711267054081 352.053775139153 6.824472583830357 407.7242904081941 7.179331563413143 396.155548773706 41.44339895248413 337.5513578876853 116.7859103083611 1746.498056083918 380.7332098856568 31.07986594736576 41.78270693868399 0.6492961421608925 0 0.1037516668438911 47.22856436669827 0.1397833973169327 14.91969796270132 208.5724982470274 19.43148273229599 76.7961013391614 94.42860554903746 0.2852184623479843 15.49747474491596 0.2000358551740646 9.561848238110542 3.563732594251633 0.8060052469372749 0 0 0 28.41038235276937 0.4157445579767227 0.5047667622566223 0.392374150454998 157.2384533956647 0 0.5474417582154274 2.330727934837341 118.4420984908938 6.100218042731285 2.352760836482048 0.09425461292266846 1.104213669896126 0 3.247651897370815 3.105679728090763 20.63059007376432 1.56113937497139 14.56128884851933 3.60987513512373 26.94065374135971 3.079210981726646 0 0
8.500541388988495 719.2587958946824 28.33131442964077 612.1668463498354 20.31381821632385 647.2120679840446 266.509786978364 174.5851387232542 1943.462786957622 1074.319811470807 11.28289539366961 1313.580201506615 7.651371285319328 85.96142552793026 2029.210538178682 12.60725559294224 29.47634767740965 2.334946468472481 4.096987493336201 986.3891965001822 5.795860774815083 3065.532337099314 10.38917338848114 11107.13104335964 34.81326358765364 135.1532785445452 1154.790477342904 1261.909244857728 106.3023028597236 80.20974184572697 0.3334118649363518 6.212654590606689 14.10552168637514 36.88593590259552 2.757611840963364 204.4661350026727 15.86678772419691 90.38557825982571 29.55107954144478 607.4958161339164 28.46230708807707 2.122420758008957 3.580705851316452 2.092054314911366 2.897443287074566 1.235308185219765 142.3325653374195 0.2991181910037994 15.34698560833931 252.4456297755241 36.96470388770103 333.3299689888954 182.3630674108863 0.1697366535663605 79.2196199297905 0 15.89888291060925 17.44092932343483 58.20729581266642 0.3360751271247864 0.2412512749433517 0.5123227462172508 81.97460466623306 16.74676368385553 34.25738631933928 3.690240629017353 945.8374917581677 0.6431515514850616 3.861114919185638 16.30100197345018 489.9232699424028 17.5410845130682 26.59891968220472 0.1414051204919815 0.3013105541467667 0.3721825182437897 6.012718975543976 1.720172181725502 44.11868895590305 5.477150835096836 19.78948710858822 4.42267207801342 100.9037695378065 2.873599596321583 1.255091533064842 0.3637370392680168
126.827775426209 0.1921045035123825 18.68425738811493 3623.343582682312 12.35370546579361 7795.082156784832 13569.88796630502 6985.751549594104 1074.319811470807 30881.90184223652 46.83629094809294 3440.455740794539 10.04443503916264 2251.386610761285 17.70688616484404 0 18.49803641438484 32.77765628695488 19.98892181366682 2400.191601276398 4.549470722675323 0.9437784552574158 35.9473899230361 3538.464515671134 1.183680780231953 78.02432248741388 37.05794846266508 7766.036650039256 2257.818502411246 115.5653017982841 5.629981927573681 50.45340593904257 40.12327586114407 385.3396764844656 20.47501178830862 1179.612532444298 24.15268130600452 948.9515920579433 205.9950330033898 462.7214499935508 205.037845954299 9.274771697819233 30.70590119063854 1.04739835113287 0.2580048739910126 0.4811393544077873 387.8449611216784 0.4886278361082077 38.95307269692421 492.755092933774 53.30761452764273 352.4207102060318 685.5485657379031 1.885318614542484 151.7074183300138 0.4420994371175766 20.36839944124222 11.1584702283144 0.2045299261808395 0 0 0.1292666047811508 235.7677194401622 0.1866355091333389 1.01079398393631 0 558.5751886293292 0.2580568194389343 1.342470169067383 1.04866948723793 371.9409467279911 8.953408159315586 2.32473760843277 0.1808867081999779 1.280326426029205 0.8739715814590454 7.857556693255901 9.505949266254902 36.2388174161315 2.238707333803177 29.76237834990025 5.072249785065651 44.19597461074591 1.200890645384789 1.057802319526672 3.570178329944611
7.1144630163908 167.4523418098688 76.18446873873472 1.476926110684872 11.82186537981033 63.21453308314085 14.15224333107471 45.73128687590361 11.28289539366961 46.83629094809294 19103.41833968461 22.27551481127739 7543.450279667974 141.1218329519033 1.837850153446198 2.187198720872402 1528.028453424573 5088.59266191721 1971.665851421654 11.03529200702906 13.69249426573515 19.60530152916908 81.08095261454582 24.59294494241476 2065.116666540504 6067.571188651025 2692.00820697099 7.898446664214134 370.1137520298362 18.26473218947649 1531.204843223095 63.52049043774605 5.671488493680954 5465.12606446445 1.745559141039848 378.6923928409815 3811.47394964844 3102.711442768574 771.1033466607332 34.61618542671204 52.51255591958761 2611.823013834655 8.983990088105202 0 18.75876207649708 2.641915522515774 1.534659385681152 0 0.1083418428897858 2.980033591389656 0 1.276056036353111 1.382002107799053 54.23440212011337 0.1372561752796173 570.539273314178 0.5893949046730995 0 1.14069140702486 1.634004309773445 9.651528276503086 4.387474998831749 0.3465285152196884 0.1294704675674438 0.979876846075058 0.5643936991691589 2.246605306863785 484.2020161449909 135.4273021891713 290.4512184858322 2.343606367707253 0.1173887625336647 0.473888635635376 112.2264983579516 0 0 2.574668563902378 3.948951661586761 11.87901085615158 285.9014398828149 8.222009129822254 1.993354812264442 0.6121376752853394 0 119.7214441597462 0
2.405541338026524 0.777421623468399 0.4936660081148148 6130.901193104684 19.59733661264181 3840.5451041013 28.9263733997941 952.6750584542751 1313.580201506615 3440.455740794539 22.27551481127739 7315.384016998112 4.769533328711987 460.073391713202 1368.475123159587 0 1.581476733088493 8.584107153117657 4.139447465538979 3201.883629716933 0.2011959031224251 8.902236819267273 0.659714475274086 716.639244697988 0.567189946770668 15.84727899730206 12.42041204869747 673.7883671745658 200.8185277655721 2.350780889391899 2.743861399590969 28.66383531689644 0.3218180239200592 117.8807353079319 1.938658088445663 243.7687145844102 11.8179938569665 213.3879175782204 39.03923773020506 917.9229942113161 77.89072830975056 9.935917042195797 12.76674998551607 0 0 0 177.0769430249929 0 19.64483761042356 88.59186965227127 14.16458116471767 166.8109411597252 302.0356594622135 0.1296293884515762 182.2211379632354 0.2657515406608582 4.912444233894348 31.91868922114372 0 0 0 0 177.187099866569 0 0 0.7574075311422348 169.7037144750357 0 1.353689074516296 0.4705394208431244 75.96468791365623 3.322185359895229 2.064040839672089 0 0 0 1.122437283396721 0.616045355796814 14.02065258473158 0 4.954890370368958 1.489954382181168 125.1381158679724 1.095273554325104 10.47335213422775 0
1.120653331279755 499.8734148666263 1.334509007632732 0.4628114029765129 2.340678676962852 14.93300984054804 2.567882843315601 9.123376548290253 7.651371285319328 10.04443503916264 7543.450279667974 4.769533328711987 8337.564191639423 27.46229717135429 0.09929749369621277 0 1.891231015324593 27.06815355271101 2.414356335997581 2.445811092853546 0.855805903673172 29.18820472806692 1.046978950500488 7.51518277823925 6954.473220728338 284.4194488078356 4177.185932181776 0.9229475781321526 43.1534114331007 1.471994377672672 1420.233834482729 10.42574520409107 0.8029608577489853 580.6155315935612 0 66.23790460079908 1401.409140534699 1153.747262172401 58.51086284220219 9.144074745476246 10.88258787989616 1592.005266517401 3.611583359539509 0 31.85999277234077 0 0 0 0 1.185933873057365 0.1178499609231949 0.09817194193601608 0.09747084230184555 41.88673859089613 0.2690562009811401 625.4957988411188 0 0 0.8270862102508545 0.3356206715106964 11.41960306465626 2.36624838411808 0.1089040637016296 0 1.214817620813847 0.2575619593262672 1.002724416553974 1019.0828448385 127.9032560586929 349.494866989553 0.4128692373633385 0.1315674483776093 0.7185747176408768 116.342762991786 0 0 0.893991619348526 0.8047390878200531 2.676033683121204 299.9968839734793 6.646114841103554 0.4717230796813965 1.001256704330444 0 179.3560667261481 0
6387.026280410588 0.6215381845831871 77.34683492034674 51.03800241649151 10.7589516043663 2272.843003280461 7264.192107863724 8774.561029449105 85.96142552793026 2251.386610761285 141.1218329519033 460.073391713202 27.46229717135429 17915.32995585352 58.31747031956911 0.1276629567146301 404.7728491872549 54.37749008089304 41.20033320039511 272.7751239165664 215.2462804540992 4.308202758431435 720.7573889195919 741.1407431364059 4.944550856947899 200.0751498118043 102.8740894496441 529.8483786731958 8933.867746904492 5546.110289640725 13.52968148887157 719.4243786856532 13.48133570700884 875.3432184532285 5.440517358481884 555.4349132403731 58.94298066943884 500.1397741511464 130.9527397528291 876.5038395822048 215.8049210906029 33.10690125077963 34.68630719184875 0.1241662055253983 0 0.5737704709172249 19.41262633353472 0 6.369233384728432 90.9197735786438 12.45934662222862 32.09815340489149 43.52241052687168 0 9.377437800168991 0.1985907927155495 5.695826053619385 1.398078739643097 0.4013689681887627 0.125149205327034 0 0 13.59193904697895 0.6786500066518784 1.01400213688612 0.7243472263216972 72.95838575810194 0.4690568298101425 0.904072105884552 3.151181884109974 66.19679345190525 4.521504580974579 2.718934185802937 0.199547179043293 0 0 2.236457407474518 4.985530868172646 17.1349308565259 0.3180347979068756 7.02968829870224 4.36792865395546 8.73816591501236 0.3911051452159882 0 0.171283021569252
0 6.054762631654739 0 26.37751986086369 1382.541334077716 1479.729741536081 4.560502178966999 404.7162874191999 2029.210538178682 17.70688616484404 1.837850153446198 1368.475123159587 0.09929749369621277 58.31747031956911 226.1337395310402 0 0.3946779668331146 0.9200225248932838 0.2442297637462616 67.84687013924122 0 32.91115838289261 0 80.99911534786224 0.275163859128952 2.430520944297314 11.15063601732254 6.619825765490532 12.84921077638865 0.5170677229762077 0.3259163796901703 702.2818691506982 0 54.75507193058729 2.64970076084137 120.3661228939891 1.842131063342094 32.44710712134838 8.71217242628336 1253.362545244396 139.685337997973 7.200947120785713 0.8664939999580383 0 0 0.2481221258640289 27.7245627194643 0 1.2062097042799 10.65085403621197 2.401557981967926 11.21539691090584 53.78028881549835 0 38.51683709025383 0 2.041897058486938 10.1115351319313 0.1799442321062088 0 0.3957224488258362 0 18.0140560567379 0.2211624830961227 0.2507582902908325 1.192170083522797 24.13089694082737 0 0.2557952404022217 0.166810154914856 16.28001713752747 0 1.013548374176025 0 0 0 0 5.155162453651428 11.42783811688423 0 0.8508426696062088 0 34.03241857886314 0 8.85779595375061 0
0.1576481461524963 37.16557814180851 31.96360537409782 0 0 0 1.413767114281654 0.266927994787693 12.60725559294224 0 2.187198720872402 0 0 0.1276629567146301 0 4802.765659697354 24.59592252969742 0.5285488665103912 3.547366127371788 0 3895.954610586166 4680.639398157597 6692.953817881644 3647.251183055341 0.3830201551318169 68.98745054006577 4406.115648217499 2149.437793135643 3.197236806154251 37.85855941474438 0 0 0.8895240053534508 38.26723124831915 6.790469467639923 1620.824045434594 753.3678065612912 150.4728834629059 183.1119058430195 15.5421589165926 1.026985600590706 0 5.089156620204449 1.691768527030945 0.9474686160683632 6.534221060574055 0 0 0.3359705805778503 32.85960350930691 1.257622450590134 64.76902259141207 1.297605887055397 0.1518290638923645 1.125675678253174 0.2617512494325638 2.806005097925663 0.1741261631250381 3672.053598292172 0.6164385080337524 0.2153415307402611 1.639275595545769 0 513.8815036565065 1006.341624133289 2271.898860476911 281.2121095433831 0.1599856466054916 6.3625213727355 372.7967544570565 575.8051966503263 11.07598722726107 148.4855881780386 0 0.09111731499433517 2.270834200084209 6.938995964825153 3.762022748589516 64.47568949311972 4.414629057049751 16.2962396889925 7.195422686636448 2.965706892311573 0.1820202767848969 0 0.59627366065979
135.3660661801696 97.55529803782701 4011.453333690763 0.494796060025692 1.038514018058777 15.28116542845964 92.89169684052467 270.4465447962284 29.47634767740965 18.49803641438484 1528.028453424573 1.581476733088493 1.891231015324593 404.7728491872549 0.3946779668331146 24.59592252969742 2170.804928213358 421.7402259409428 3699.143981322646 2.328727997839451 643.1027090847492 82.47372496128082 5642.135754100978 102.5974299311638 2.275624334812164 2935.53710308671 5987.951399840415 135.3201390653849 607.0757490545511 1173.660753950477 0.4934552237391472 2.287200927734375 52.37591232359409 4864.526412397623 11.88080400973558 2457.807584151626 3729.998526416719 3563.567459747195 1223.349287807941 28.41069220751524 5.883109547197819 28.15992629528046 5.403905421495438 0.4341919124126434 30.88931443542242 72.89737668633461 0 0 0 4.288215212523937 0.5286111384630203 0.6190591976046562 0 0 0.1130505725741386 6.118957579135895 0 0 1.546206191182137 14.79730109870434 2.997035503387451 18.84847031533718 0 2.085951171815395 4.808497920632362 4.466460347175598 2.20882710814476 5.854674071073532 195.4729530066252 468.6182792261243 3.599574416875839 0.344742476940155 1.190254852175713 1.628334574401379 0 0 1.544345647096634 6.686100110411644 22.65310484915972 111.098187148571 7.789240106940269 2.802991487085819 0.3234311640262604 0 1.1436507999897 0
5.844377398490906 1.077923163771629 7.514290817081928 0.5245849415659904 4.609549775719643 26.3247564136982 7.285788975656033 14.02503643929958 2.334946468472481 32.77765628695488 5088.59266191721 8.584107153117657 27.06815355271101 54.37749008089304 0.9200225248932838 0.5285488665103912 421.7402259409428 1861.832373403013 3145.418803848326 7.453967481851578 6.66406387835741 1.865263134241104 26.28311102837324 14.58263920247555 18.08006486296654 6645.262717567384 646.3699938803911 6.534542642533779 164.499666325748 15.14527081698179 93.03572137653828 17.25825194269419 3.358564347028732 1960.559097029269 1.046482041478157 429.0116395428777 1290.540921062231 1489.609445080161 610.7436785325408 15.14943070709705 10.30465950071812 76.855489179492 4.481021754443645 0 4.026323318481445 0 0.2761119157075882 0 0 2.45302626490593 0 0.4439622461795807 0.4366399794816971 5.990029044449329 0 63.77522217482328 0 0 1.614135973155499 0.4578135386109352 5.977957561612129 1.63232709467411 0.242959201335907 0.175931990146637 0.1147189140319824 0 1.697427809238434 58.26473133265972 59.58247338980436 120.8300261050463 0.8477222621440887 0 0.5901407450437546 20.18657818436623 0 0 0.1381602138280869 3.352339386940002 23.86594350636005 36.13084544986486 2.581847235560417 0 0.4714464545249939 0 2.956084370613098 0
15.03807892650366 18.614974565804 62.15500323474407 0.2207929119467735 0.6371277123689651 11.05865885317326 7.309327453374863 15.60085432976484 4.096987493336201 19.98892181366682 1971.665851421654 4.139447465538979 2.414356335997581 41.20033320039511 0.2442297637462616 3.547366127371788 3699.143981322646 3145.418803848326 1918.122007027268 4.373293660581112 29.52994217723608 4.366824142634869 185.0839477777481 13.0981907248497 4.24917022138834 8283.948707528412 1769.171732649207 16.6143975481391 146.1511892005801 57.41177929192781 3.304454803466797 6.049065709114075 9.990314312279224 3044.300477765501 3.232194781303406 1147.191852778196 1722.493598349392 2151.845358029008 1139.149953961372 6.888651356101036 3.79573043435812 23.44639957696199 3.548692353069782 0.1361731737852097 21.26884923130274 2.851987428963184 0.2252014055848122 0 0 0.8904257565736771 0 0.5623319521546364 0 3.433553822338581 0 19.94302610307932 0 0 0.1575975269079208 1.229545943439007 8.1673294454813 13.00464823096991 0 0 0.2375353276729584 0.4825333431363106 0.521842747926712 24.13947925716639 133.3412615507841 253.6057645604014 1.537082381546497 0 1.028754532337189 7.699223473668098 0 0 1.695916227996349 5.737045362591743 31.7906399667263 41.57379846274853 6.257940858602524 0.737647719681263 0.8836329579353333 0 0.2442404627799988 0
6.142240799963474 0 0.09445037692785263 5479.979857057333 1.888975940644741 779.9389105960727 116.3283005282283 380.5402477681637 986.3891965001822 2400.191601276398 11.03529200702906 3201.883629716933 2.445811092853546 272.7751239165664 67.84687013924122 0 2.328727997839451 7.453967481851578 4.373293660581112 284.0608761310577 0.1016831994056702 0 1.592626512050629 1963.461011193693 0.347084067761898 12.80474860221148 6.47999668866396 2196.429309882224 245.6555395200849 4.243009701371193 1.529683016240597 11.51170959323645 1.834685556590557 68.12190490216017 1.391737341880798 184.7298573106527 4.506301499903202 142.0011617764831 28.4385499432683 273.9186187237501 34.67726723849773 1.325197353959084 3.55904695391655 0.1977428495883942 0 0.3050379753112793 141.3914190232754 0 11.99573832005262 127.56523976475 15.38857583701611 117.7936009764671 240.0882876515388 0.4344985634088516 53.7998685464263 0.1597259193658829 4.469586655497551 3.997799128293991 0 0.4001189768314362 0 0 81.29058422893286 0 0 0 156.7512124329805 0 0 0 101.0633677244186 3.322100125253201 1.3214510679245 0 0 0 0.7377015948295593 1.959016934037209 11.95515915006399 0 7.271299444139004 1.767610296607018 27.82649829983711 2.991838455200195 0 0.2359931319952011
65.3020496070385 3.86097639799118 371.4348005130887 0.08840159326791763 0.3434365391731262 6.236460097134113 112.6754663065076 161.7603498920798 5.795860774815083 4.549470722675323 13.69249426573515 0.2011959031224251 0.855805903673172 215.2462804540992 0 3895.954610586166 643.1027090847492 6.66406387835741 29.52994217723608 0.1016831994056702 19672.44526969641 199.1408420205116 20564.10149724782 174.2676687687635 0.2361335307359695 73.72261235117912 2111.340829879045 5554.03213788569 192.4748145267367 16883.45947084576 0.3092148825526237 1.783986888825893 30.72125242650509 4781.304845102131 70.33494175225496 12061.19457000494 1719.062291964889 6841.200331106782 4380.780023649335 158.4361384958029 11.70478286594152 7.204580120742321 73.91381251811981 1.711869105696678 0.269497312605381 3.275241896510124 0 0 0.1114237457513809 27.99222988635302 1.371199049055576 20.86545944213867 1.299610137939453 0 0.6519369781017303 0.1216080412268639 2.39715563505888 0 558.0789322853088 0.09221508353948593 0 0.1147434413433075 0 318.0438405871391 97.59759503602982 207.7089025452733 124.673742428422 0 5.194934867322445 36.62031688541174 320.2001865953207 19.14202710241079 151.3135593011975 0 0 2.238928966224194 7.375897295773029 40.70570729672909 72.39663408696651 3.312596417963505 11.86757127940655 8.829439699649811 4.621167488396168 1.855195894837379 0 1.884090937674046
0.8521441966295242 2530.214141458273 110.7703739777207 0 0 1.878780677914619 4.860067598521709 2.63167167454958 3065.532337099314 0.9437784552574158 19.60530152916908 8.902236819267273 29.18820472806692 4.308202758431435 32.91115838289261 4680.639398157597 82.47372496128082 1.865263134241104 4.366824142634869 0 199.1408420205116 2268.47479327023 1062.027578569949 5740.167081207037 169.6090953797102 194.3532026559114 8089.896872192621 163.1577394008636 8.022046819329262 25.5579961463809 1.168092921376228 0 1.946743823587894 80.88808370381594 4.956813037395477 804.9412829205394 445.9540436565876 379.7811957225204 285.7304965853691 45.53531914949417 0 9.112018436193466 4.119468659162521 0.6198579967021942 76.30376248061657 50.38316798210144 0 0 0.6807126104831696 19.41600070148706 0.919133335351944 35.27355293184519 2.394367381930351 0.2317717894911766 0 1.51639598608017 0.8965670615434647 0 1093.644880577922 26.0883034914732 0.373910591006279 3.736370354890823 0 86.89805728942156 850.0456073656678 668.1271664425731 108.1533347591758 2.881287559866905 15.49583018571138 3055.499824903905 143.6352159976959 1.854804947972298 16.81832472980022 0.5707408115267754 0 0.5815544575452805 13.57591033726931 2.943158678710461 75.34373451024294 25.25875402987003 41.85215713083744 37.10058070719242 1.68356928229332 0.3157938718795776 0 0.2859112471342087
250.1365397721529 102.8375643342733 22083.61650135368 0.7866748422384262 0.475017711520195 36.4484880194068 626.8033745139837 458.7753069773316 10.38917338848114 35.9473899230361 81.08095261454582 0.659714475274086 1.046978950500488 720.7573889195919 0 6692.953817881644 5642.135754100978 26.28311102837324 185.0839477777481 1.592626512050629 20564.10149724782 1062.027578569949 31088.41136417538 467.2351492121816 2.592021122574806 1680.159607328475 17033.03807136416 4193.560840576887 852.8706279695034 5383.978585653007 0.8336337059736252 3.030912272632122 83.3031120300293 4540.579409494996 66.99450600892305 14384.67703259736 9823.56116142869 7702.036055088043 5871.30648034811 156.1635241284966 14.41523671895266 28.9687519967556 73.02019306272268 0.9941318333148956 6.64787121117115 42.5927831530571 0.100549578666687 0 1.186970084905624 36.41285271197557 1.892517261207104 8.707613423466682 3.134738877415657 0 0.1011516228318214 0.8125039041042328 2.386512875556946 0 2016.589919261634 16.89414074271917 0 1.969767063856125 0 163.6500188112259 346.2833574190736 1750.788049869239 67.48234292864799 0 10.00286244601011 1151.146766938269 150.5499744787812 3.514242112636566 32.30564050376415 0 0 0.1395454555749893 5.212293803691864 45.12879595160484 82.73334096372128 15.49299363046885 26.4280207157135 15.56750861555338 3.795811891555786 0.2917847335338593 0 0
206.798928283155 412.3265656530857 432.4544542059302 1558.775893256068 4.362221956253052 507.4482302218676 3345.893001236022 1029.406402021646 11107.13104335964 3538.464515671134 24.59294494241476 716.639244697988 7.51518277823925 741.1407431364059 80.99911534786224 3647.251183055341 102.5974299311638 14.58263920247555 13.0981907248497 1963.461011193693 174.2676687687635 5740.167081207037 467.2351492121816 12362.99877227098 16.05920610576868 306.6818104162812 2136.981973208487 13662.21336358041 2228.150798492134 1737.101510219276 2.745758198201656 15.79245622456074 297.4857782199979 521.2823022082448 65.70703744888306 3621.359955459833 194.1022919118404 1226.317393891513 520.7589333280921 523.9169567972422 146.4965995177627 12.07756777852774 38.96438112854958 48.55096448212862 5.624169297516346 5.834676191210747 369.2987316250801 5.084243185818195 144.9879557192326 2524.346285797656 334.6568641215563 2643.594899885356 750.0109902173281 8.619136393070221 94.75378490239382 1.568403646349907 175.2510885074735 29.71634129434824 705.5006763264537 2.18107520788908 1.319339774549007 4.317342579364777 229.7126517668366 338.5846339762211 257.4643982052803 266.9894767552614 3434.07695505023 1.469132170081139 17.13253048062325 148.1353119090199 3301.390345096588 252.4673462510109 480.1843905672431 0.4374625906348228 7.520529195666313 16.53838612884283 56.59923010319471 33.22335317730904 456.1698019132018 20.30096822977066 212.9943162724376 53.61161282658577 269.6795386299491 27.99742389470339 6.099530085921288 5.456144794821739
0.191592663526535 1543.76888667047 3.891929358243942 0.1262188106775284 1.549561396241188 4.026281550526619 0.1084003299474716 1.841287367045879 34.81326358765364 1.183680780231953 2065.116666540504 0.567189946770668 6954.473220728338 4.944550856947899 0.275163859128952 0.3830201551318169 2.275624334812164 18.08006486296654 4.24917022138834 0.347084067761898 0.2361335307359695 169.6090953797102 2.592021122574806 16.05920610576868 1070.456941463053 225.5314184576273 8092.779583498836 0.284054771065712 7.630635946989059 0.7248342707753181 238.2120610848069 2.261173658072948 0 268.9001199156046 0 25.28214042633772 937.590593084693 1076.360212303698 52.15362346917391 2.820438697934151 7.01953099668026 991.0033046007156 3.195684224367142 0 44.06173880398273 0.1458388715982437 0 0 0 0.8253459930419922 0 0.1151604503393173 0 21.95274303853512 0 335.1008310467005 0 0.1431802958250046 5.105047255754471 0.1728285402059555 9.750039875507355 9.884215198457241 0 0 1.781330659985542 0 0.2602304145693779 446.8263831734657 161.8532718420029 743.3603534623981 0 0.2375084906816483 0.3344487100839615 48.67761564999819 0.09029485285282135 0 1.371158942580223 0 3.172628790140152 177.574436083436 6.363658837974072 1.110583782196045 0 0 134.5886862874031 0
24.62870165705681 1099.954798877239 12964.67752941698 1.74259427189827 6.99641440063715 63.67061415314674 146.9659860208631 164.2664429023862 135.1532785445452 78.02432248741388 6067.571188651025 15.84727899730206 284.4194488078356 200.0751498118043 2.430520944297314 68.98745054006577 2935.53710308671 6645.262717567384 8283.948707528412 12.80474860221148 73.72261235117912 194.3532026559114 1680.159607328475 306.6818104162812 225.5314184576273 30687.70855044574 23041.75393562019 193.5083627253771 348.2867666557431 260.2473230585456 183.7101310193539 29.8472787514329 12.4843123704195 2167.404826961458 9.896683424711227 4242.088995762169 13546.2268378064 4448.766742676497 2009.306596301496 43.52788334339857 23.29654831439257 466.1408149674535 13.07001687586308 2.816757336258888 577.857963219285 226.4846959263086 0 0 0.242389515042305 16.02223293483257 2.708203293383121 4.725941047072411 1.031871192157269 42.37022336572409 0.33176339417696 475.3583117350936 3.71161213517189 0 8.713897414505482 82.96946729719639 97.87757486850023 245.1154116913676 0.2994103282690048 7.655556716024876 13.71591217815876 16.22297015786171 7.876248449087143 617.6658068075776 2626.308870308101 5943.91995768249 11.12818931043148 0.8883443772792816 25.6846125125885 128.4678919091821 0.09451781958341599 0.08797946572303772 27.65978173166513 8.102651834487915 221.0010383725166 968.2940789908171 121.2730796933174 26.75092474371195 1.487032078206539 0 15.48857900500298 0.392005518078804
15.28747729957104 12419.84022727609 12190.72771812975 0.9138469994068146 3.667140938341618 28.52187710255384 44.4029074460268 66.5305245295167 1154.790477342904 37.05794846266508 2692.00820697099 12.42041204869747 4177.185932181776 102.8740894496441 11.15063601732254 4406.115648217499 5987.951399840415 646.3699938803911 1769.171732649207 6.47999668866396 2111.340829879045 8089.896872192621 17033.03807136416 2136.981973208487 8092.779583498836 23041.75393562019 52242.99508207291 1067.149702355266 185.7093409225345 194.3454030230641 802.5929553359747 16.1659522280097 5.867033712565899 2021.015597052872 62.7939425855875 10781.93522693217 10499.29303404689 7282.676611281931 3702.805674642324 109.5063999816775 17.09474484622478 491.0621553584933 54.52302000671625 3.600067064166069 3178.865352332592 1515.315663456917 0.3484294414520264 0 1.50444982945919 78.42986597120762 7.588534213602543 4.111362688243389 4.672626234591007 80.41089852154255 0.1433393061161041 840.2790993899107 7.212351582944393 0 1539.904500506818 415.7672451585531 143.1019973382354 357.712735325098 0.2867951691150665 115.3613225147128 1470.428294301033 2270.75807582587 24.56269747018814 2034.73167861253 3748.529084123671 23099.653836146 76.2582722902298 4.233954727649689 43.40771698951721 238.2665151581168 0.4945907741785049 0 87.76917234808207 46.86978881061077 464.2624449431896 1245.533161215484 410.3491253703833 171.470556370914 5.058850817382336 0.9166872575879097 29.97108023613691 1.07421413064003
136.1573867723346 5.347937978804111 654.1787798777223 3405.084238469601 1.894783742725849 543.5749172568321 18278.25785675645 615.5606935322285 1261.909244857728 7766.036650039256 7.898446664214134 673.7883671745658 0.9229475781321526 529.8483786731958 6.619825765490532 2149.437793135643 135.3201390653849 6.534542642533779 16.6143975481391 2196.429309882224 5554.03213788569 163.1577394008636 4193.560840576887 13662.21336358041 0.284054771065712 193.5083627253771 1067.149702355266 32293.68448008597 1470.377456322312 7720.444443054497 0.5395333468914032 7.712191618978977 203.1318325027823 936.0892010629177 75.22349724173546 5321.532147951424 265.9635508805513 1692.070958010852 901.65490732342 274.0794256106019 71.68065350502729 8.395039290189743 52.33464728295803 39.50499976426363 0.6524209007620811 4.042667299509048 166.6287141442299 1.872755110263824 50.86224798113108 1073.288923807442 112.7696542665362 707.0318031236529 319.3780931606889 2.829085856676102 50.48953753709793 0.6182180419564247 66.4793212339282 5.525843195617199 450.6510649248958 0.9156528785824776 0.918799951672554 2.102239087224007 102.7392469272017 337.7574522346258 74.26262985169888 118.7186096981168 1426.073874868453 0.4871177971363068 8.947858348488808 42.85275212675333 1929.435727484524 193.5161995664239 595.6565073058009 0.1044371798634529 2.737219013273716 18.69434936344624 34.85275539010763 32.07198421657085 242.0148170813918 15.11449897289276 101.8793540000916 31.45898757874966 89.52520353347063 12.24983181059361 3.505390077829361 1.89525218307972
6557.52901802212 1.30632683634758 48.404735699296 66.36528270691633 119.1461919546127 868.1052923798561 1479.441152602434 773.4527026563883 106.3023028597236 2257.818502411246 370.1137520298362 200.8185277655721 43.1534114331007 8933.867746904492 12.84921077638865 3.197236806154251 607.0757490545511 164.499666325748 146.1511892005801 245.6555395200849 192.4748145267367 8.022046819329262 852.8706279695034 2228.150798492134 7.630635946989059 348.2867666557431 185.7093409225345 1470.377456322312 25818.06827753782 7950.339972034097 27.64687065035105 1560.249396055937 2346.411632820964 5411.791684143245 19.23313929885626 1413.947727136314 89.53562620282173 1687.245637342334 393.3146129995584 679.2382081225514 453.5767127275467 30.94469181448221 30.67815615236759 1.554970972239971 0.6137299686670303 0.3935301154851913 15.40157595276833 0 7.284342482686043 151.1096185818315 14.10065026581287 40.65396890044212 32.54387664049864 0.6207770928740501 7.130594424903393 0.7516524940729141 11.04539523273706 2.572136655449867 3.192600168287754 0 0 0.4427234902977943 8.610911287367344 4.426299929618835 0.9571428596973419 1.256515718996525 122.7259224951267 1.372688174247742 1.723782375454903 3.637337006628513 122.1190808489919 12.05387581884861 16.07381884753704 0.2244490161538124 0 0.260037936270237 2.452844634652138 11.74976056814194 28.82439501583576 1.567582614719868 11.93274261057377 1.703813150525093 11.55620778352022 2.839993834495544 1.479569151997566 0.2471194118261337
