787.3212005570531 0.3104273751378059 273.7414955198765 0.9518490061163902 0 4.837369412183762 1353.217024512589 550.9331260770559 0.3793752416968346 2.210229739546776 6.563976507633924 0.9385969489812851 0.07352267205715179 3153.570523619652 0 0.170271560549736 31.37036015093327 4.8830226957798 8.243192907422781 0.489520788192749 37.98577927798033 0 44.07397141307592 6.573210880160332 0 109.9653201922774 34.70746402442455 58.81953377276659 2338.970434613526 2580.782024286687 1.08113382011652 11.5856135264039 39.08271519839764 46.78086154907942 1.703237265348434 15.93227572739124 5.520502932369709 40.19201578199863 11.89459609985352 3.941183939576149 3.481054529547691 0.1126986220479012 0.19670170545578 0 0.0888371467590332 0 0 0 0 1.588426269590855 0 0.2428680211305618 0 0 0 0 0 0 0.09256795793771744 0 0 0 0 0 0.1870630234479904 0.112975962460041 0.6403744220733643 0 0.2383633926510811 1.677538357675076 1.445876091718674 0 0.6618498861789703 0 0 0 0.1351733803749084 0 0.2176522314548492 0 0 0.2208852469921112 0 0 0 0
0.3104273751378059 211.9844272062182 122.0426661223173 0 0 0.2501411437988281 0.5982584282755852 0.5023867785930634 453.2338427081704 0 5.645307622849941 0 393.74285762012 0.9427379742264748 0.4308991208672523 330.7926547378302 211.8155977353454 1.240809813141823 37.7244863435626 0 15.13959797471762 3082.856282629073 13.53045402467251 806.6580791547894 1423.275843679905 673.6227548420429 4559.073377922177 29.06072997301817 3.150353170931339 1.884571231901646 28.99414522200823 0 0.08913879841566086 26.45582730323076 4.180911213159561 172.1030126437545 65.45719432085752 133.6666063293815 35.80972491204739 9.6154795140028 0.6500841081142426 4.459624126553535 0.2872695624828339 0 39.39034816622734 23.54276837408543 0 0 0 0.2957660257816315 0 1.788646973669529 0.1234242245554924 3.142177239060402 0.1212444379925728 13.76113075762987 0 0 0.4797578006982803 1.175171941518784 0.7062518447637558 2.825991079211235 0.3220090568065643 0.1653349101543427 6.318708762526512 0.2980928122997284 3.599305793642998 110.1702629029751 271.4815561547875 976.2327664196491 0.948894277215004 0.2986543476581573 0.2389200702309608 1.510187759995461 0 0 6.325032509863377 1.021448016166687 10.18616177141666 3.328683964908123 16.33333066850901 5.1900629773736 0.4663660973310471 0 1.521419078111649 0
273.7414955198765 122.0426661223173 2007.391332246363 2.429279148578644 0 41.22081179916859 546.7705509066582 1280.874103199691 3.026514045894146 14.72801560908556 22.33506836369634 2.689828269183636 0.7818154394626617 1295.610281936824 0 5.620004497468472 952.1205486804247 33.6971614472568 71.50504817068577 1.61327151209116 2179.166545987129 102.800732344389 7394.32979721576 27.01487970352173 0.6020558550953865 2478.164459459484 3139.563203953207 365.3335032984614 476.5674977898598 322.0359797552228 14.63325013965368 12.10282459110022 28.76005008816719 1081.496348768473 14.62779692560434 1257.854344062507 2831.365601442754 1714.839552871883 445.3612213507295 27.80953551083803 6.206417843699455 6.639116875827312 5.624623164534569 3.036411114037037 183.1295757740736 604.7654755786061 0.2460971474647522 0 0 5.896320082247257 1.435576267540455 3.023446515202522 0 0.545900397002697 0 0.3676226213574409 5.649762123823166 0 15.54999761283398 57.10767638683319 0.2381112352013588 8.007339455187321 0 11.94544366002083 152.2034730166197 38.81236937642097 14.29864913970232 0.7762229144573212 65.6485778465867 2638.752945050597 15.89648794382811 2.62699893116951 13.41203671693802 0 0 0 24.88974907249212 10.55020487308502 45.78942978382111 7.998963303864002 66.17847573012114 23.16726879775524 3.442386403679848 0.2686390578746796 0 0.5467947721481323
0.9518490061163902 0 2.429279148578644 1260.510955072939 1.244672402739525 93.32020426541567 165.3382309153676 76.06921199709177 748.9067308530211 4056.589810095727 5.299597583711147 1822.410069510341 0.2540325075387955 43.69297716766596 125.4406264722347 0 0.09318110346794128 1.19716115295887 0.9513392522931099 2456.654067628086 0.1987518519163132 0.3992114067077637 0.6340174376964569 1720.400845192373 0.1425569653511047 1.183294229209423 0.9803685173392296 1380.485400937498 145.7835741788149 1.427206970751286 0.092519611120224 13.83915083855391 7.409180134534836 54.76671122759581 34.59359791129827 459.2210900709033 3.125641979277134 129.0836222395301 70.36587116122246 449.0910553708673 27.24523885548115 0.1164146587252617 8.395262710750103 0.5548733696341515 1.305218786001205 0 214.0131764858961 0 11.19336799532175 115.8146092146635 4.16012928634882 111.217804402113 158.5069863647223 0 68.32206423580647 0 7.273219168186188 29.19180991500616 0 0 0 0 140.4446160644293 0.5107717514038086 2.755542434751987 0.4778309613466263 293.7317569255829 0.8293635174632072 0.1137866601347923 1.450435861945152 213.3798968195915 4.278757520020008 1.508664682507515 0 0.5280568823218346 0.3253000304102898 8.509201914072037 0.7508566081523895 18.99128742516041 0 14.93340066820383 3.057618446648121 95.73338684439659 7.249158442020416 0 1.068803057074547
0 0 0 1.244672402739525 15.64672307670116 480.4820622056723 1.015302360057831 1.486177742481232 8.355626404285431 3.890742778778076 10.87434856593609 42.19215379655361 2.152327485382557 1.47560653090477 816.1056859567761 0 0 0.1454345732927322 0.1134641617536545 4.395432457327843 0 0 0 5.553433127701283 0.1781394481658936 0.2514616027474403 0.1672428846359253 1.106612995266914 52.1553521156311 0 0.1415161639451981 23.94349414110184 0 99.70942142605782 0 8.433198317885399 1.910527244210243 49.99619279056787 31.21782597899437 1334.26402272284 32.89503374695778 4.662552371621132 3.997859567403793 0 0 0 0 0 0 0 0 0 0 0 0 0 0 0 0 0 0 0 0.1150152608752251 0 0 0 0.499865710735321 0 0 0 0 0 0 0 0 0 0 0 0 0 0 0 0 0 0 0
4.837369412183762 0.2501411437988281 41.22081179916859 93.32020426541567 480.4820622056723 7438.049095414579 1477.245885722339 5344.907898157835 21.23103702068329 3966.528893947601 69.59363070130348 2333.449633263052 9.047033540904522 470.9355718418956 1845.988426364958 0 1.688713811337948 8.053529642522335 3.827779687941074 493.0137099921703 3.851693421602249 0 7.703775428235531 88.18828576058149 1.128972597420216 18.13276278600097 8.115736313164234 816.1932575851679 155.0389675796032 22.27254062891006 1.666220895946026 761.5748397558928 1.610882766544819 222.8890316262841 1.812450528144836 156.7349011227489 8.221239663660526 257.9280742555857 51.69282265752554 2186.668058231473 39.49179845303297 14.9634967148304 5.188935309648514 0 0 0.097507543861866 8.828837871551514 0 0 14.48368496447802 0.6079844832420349 2.851476669311523 14.11209028959274 0 6.803764156997204 0 0.6353191733360291 6.787324905395508 0 0 0 0 7.457885071635246 0 0.3979134261608124 0 13.46899651736021 0 0 0.528017945587635 10.38388400524855 2.083110138773918 2.13678452372551 0 0 0 0 0 7.075377978384495 0 0 0 26.77742105722427 0.6038526892662048 0 0
1353.217024512589 0.5982584282755852 546.7705509066582 165.3382309153676 1.015302360057831 1477.245885722339 15149.66873814166 4282.621633052826 81.73747277259827 4334.160165086389 21.76566121727228 22.50375570356846 0.6080455109477043 6351.577862635255 28.24919184297323 10.40435369312763 4.459963634610176 5.380019791424274 5.499108515679836 33.88865929841995 120.6837236881256 2.615083545446396 256.9910832941532 1188.102445572615 0.4789572134613991 48.90939662978053 261.2874857932329 8386.512092791498 2039.173265017569 3036.249745555222 1.005460843443871 51.73533502221107 272.9694454520941 415.7586513310671 94.59107952564955 2864.445689611137 29.62145668268204 886.8336828574538 390.568941488862 231.6333810314536 131.3256569206715 1.424217246472836 39.60122135281563 2.891446456313133 0.4020554572343826 5.585489749908447 52.78053258359432 0 3.557241722941399 314.565988227725 5.818589895963669 44.26752796024084 44.11303550004959 0.2567417025566101 9.023449875414371 0.5651161819696426 16.88228516280651 1.113921761512756 4.445119924843311 0 0 0 28.28040957450867 4.993839234113693 4.795779958367348 5.703771121799946 248.5930172875524 0.3399490714073181 0 23.20352057367563 265.7817228883505 29.21783000975847 37.99047547578812 0 0.4741140305995941 1.179591812193394 9.752752691507339 1.078255109488964 59.59635151922703 0.5089408680796623 29.25896222889423 13.28657758980989 64.50666226446629 14.3968631029129 0 0.6983136832714081
550.9331260770559 0.5023867785930634 1280.874103199691 76.06921199709177 1.486177742481232 5344.907898157835 4282.621633052826 6676.096741691232 29.9983788728714 3563.3635077402 81.37402532994747 669.1925532966852 8.906689062714577 3806.903787449002 43.19287943094969 0.8590566068887711 73.00610415264964 17.46868281811476 28.99587558582425 379.646201312542 125.3299962058663 0.9726533815264702 159.5594639703631 155.1219026967883 0.4629708528518677 412.1770930737257 157.3247062191367 605.8406222239137 507.4859743453562 1299.090478755534 4.003671750426292 333.0216368585825 10.41238985210657 294.1294507086277 3.892107859253883 221.6706760972738 22.08456420153379 319.6795252785087 88.52858287096024 934.5724655240774 37.20469100028276 13.17827917635441 6.059153839945793 1.400954946875572 0.7339886724948883 1.285760290920734 8.997350633144379 0 0 137.3707850500941 4.365334078669548 22.61915817856789 9.763253390789032 0.1544802933931351 4.928951427340508 0 5.730608560144901 1.299779295921326 2.660885222256184 0.1088925004005432 0 0 3.88680724054575 1.722474656999111 2.012326560914516 2.197562731802464 89.74359344691038 0 0.2561943158507347 9.803034074604511 92.21114731580019 8.688156433403492 29.47123527526855 0 0 0.1562912464141846 6.387548685073853 0.2744221389293671 18.75035839527845 0 11.3573746830225 2.27683749049902 19.02284088730812 5.070817932486534 0 0.6728907227516174
0.3793752416968346 453.2338427081704 3.026514045894146 748.9067308530211 8.355626404285431 21.23103702068329 81.73747277259827 29.9983788728714 353.2656717449427 179.834017381072 2.110933974385262 157.982837125659 28.6977720707655 28.9643090441823 293.9444385319948 9.006338708102703 0.3031221330165863 0.09483306109905243 0.395253598690033 477.7139190733433 4.450530536472797 1807.554982282221 0.8435381799936295 7799.107274316251 111.9796196594834 4.160154469311237 84.431550309062 883.8947530686855 24.3799102678895 33.88086756318808 3.472127087414265 4.652900956571102 6.548025086522102 11.80173799395561 2.705248422920704 126.323199801147 6.257729038596153 35.54754416644573 15.60720222443342 232.0121977254748 9.065308175981045 0.1217857897281647 1.892095506191254 4.674850046634674 32.67195143550634 0.8115745037794113 161.6548096090555 0 5.573323465883732 246.5830056294799 11.08596669882536 137.2255774363875 94.46691231429577 0 41.50091550499201 1.214262552559376 19.36508495360613 8.368111580610275 31.00124859064817 0.1336119323968887 0 0 85.72278151661158 17.24687670916319 60.74219979345798 8.090405806899071 1054.742871701717 3.42204949259758 0.6160275861620903 9.022818490862846 532.567170381546 32.00069017708302 43.78422743827105 0.1041822284460068 0.1054332628846169 2.146622009575367 16.36448327451944 1.669014997780323 55.19559455662966 1.684162527322769 28.20013444125652 6.123897403478622 30.38795344531536 12.50823229551315 0 1.076943777501583
2.210229739546776 0 14.72801560908556 4056.589810095727 3.890742778778076 3966.528893947601 4334.160165086389 3563.3635077402 179.834017381072 13900.7398352772 53.84378998726606 2778.127636477351 3.914227776229382 922.6705096699297 105.2154491841793 0.07325907051563263 1.127652622759342 12.7510740943253 12.40510512888432 4041.38576836139 2.23735174536705 0.8369877934455872 2.356311500072479 317.3096004277468 0.6189290136098862 16.54207235947251 11.0483993627131 4059.791087798774 826.945586591959 10.0914478302002 2.164401918649673 124.2876241207123 12.58413184434175 424.3179648518562 55.32124643027782 852.2180188968778 14.00729219615459 874.6015052720904 243.9666030928493 360.8231058418751 178.2990423291922 2.937804728746414 23.07357557862997 1.260788582265377 0.5506115555763245 0.6718633323907852 153.137861520052 0 4.41038303822279 132.9950239062309 4.065055347979069 53.59718933701515 127.3462573513389 0.1913558393716812 43.16315890848637 0.1847347915172577 4.801479384303093 22.26329379528761 0 0 0 0 85.58818925172091 0.7283819764852524 1.157460525631905 0 224.6899967417121 0.1413388848304749 0 1.08569698035717 191.1049371436238 10.25603590905666 2.526038736104965 0 1.020288378000259 0.09494706988334656 6.737114638090134 1.22888445109129 17.42633635550737 0.3866853043437004 21.17657499760389 2.270101994276047 67.97178208827972 4.160768195986748 0 1.168993353843689
6.563976507633924 5.645307622849941 22.33506836369634 5.299597583711147 10.87434856593609 69.59363070130348 21.76566121727228 81.37402532994747 2.110933974385262 53.84378998726606 5382.443297199905 25.37083914130926 2040.415265984833 41.23822930827737 0.5009950920939445 0.4932703524827957 153.0045906603336 1821.629815872759 552.9153110682964 17.00114920735359 6.762754991650581 5.356262624263763 23.79510385543108 7.821735478937626 558.7067821770906 882.4137863740325 112.8844957724214 15.45842086523771 188.0623226687312 15.36354104429483 116.4027241840959 311.7727267965674 4.850258380174637 5767.074963830411 3.222619690001011 208.1742386296391 2500.152084827423 4304.000761114061 779.578428003937 139.4340681731701 46.81666599959135 1067.295471020043 4.535829730331898 0.2097042948007584 0.260785348713398 0 0.6976014971733093 0 0 6.967518389225006 0 0.3627539575099945 0.5815481394529343 331.3717236071825 0.2051509320735931 324.7860392928123 0.142053946852684 0 0.1082258448004723 0 44.68355015665293 0.3524045422673225 0.5098193287849426 0.4884992837905884 0 0 6.285452857613564 92.19474314153194 324.590680629015 69.05253101140261 6.08457488566637 0.4357668459415436 0.15672867000103 64.82470192760229 0 0 1.160953916609287 0.9248275011777878 2.330592423677444 548.7187244147062 8.277564205229282 1.003551706671715 1.082911610603333 0.1129031404852867 95.21932651102543 0
0.9385969489812851 0 2.689828269183636 1822.410069510341 42.19215379655361 2333.449633263052 22.50375570356846 669.1925532966852 157.982837125659 2778.127636477351 25.37083914130926 5463.351921364665 1.53189118206501 171.3772148787975 1332.854921206832 0 0.1163796484470367 3.56972523778677 2.293617367744446 3629.231171146035 0.3696925416588783 0.5984294265508652 0.2412439435720444 413.6997263729572 0.6565827056765556 4.26735083758831 0.8979402035474777 199.2207133919001 103.9476756602526 1.584933646023273 0.9842406511306763 97.69291038066149 0.1574614644050598 95.01271741092205 56.31483528017998 181.5579846762121 1.362129993736744 145.5751260817051 22.0456161648035 1336.991361945868 31.30393087118864 1.032352305948734 2.272086016833782 0 0.4509112536907196 0 52.83051373809576 0 2.875288344919682 14.02847718447447 0.8957286551594734 21.6816174685955 27.32229051738977 0 68.60997357219458 0 0.2812653779983521 14.70610702037811 0 0 0 0 36.36378872394562 0 1.20194149017334 0 50.36019539833069 0 0 0.2307004481554031 32.59697943180799 0.3415515273809433 0 0 0 0 1.57444441318512 0.2556049525737762 14.5786095559597 0 3.672266036272049 0 81.50413076579571 0 0 0
0.07352267205715179 393.74285762012 0.7818154394626617 0.2540325075387955 2.152327485382557 9.047033540904522 0.6080455109477043 8.906689062714577 28.6977720707655 3.914227776229382 2040.415265984833 1.53189118206501 3086.305817909539 2.265592209994793 0.1668570786714554 18.11691042035818 0.8558594211935997 57.5921071767807 2.088894717395306 1.897055573761463 1.411595694720745 152.8389993235469 2.191716141998768 69.87808348238468 3680.876206256449 275.5442500188947 1883.620875097811 4.108552768826485 5.436828538775444 0.345784530043602 452.5532689839602 30.99771048128605 0 1254.181039944291 5.031526155769825 129.6692527011037 2198.378188930452 1149.57084068656 171.7244009003043 16.97565853595734 26.44314059615135 2316.843578651547 18.97292822599411 0 4.057923391461372 0 1.681865811347961 0 0 1.368317455053329 0 0.1149915978312492 0.122411921620369 481.5585395917296 0 604.7985542714596 0.1149063184857368 0 0 0 55.12243086099625 0.7612845748662949 0 0.1066424027085304 0 0.1123624593019485 1.295025385916233 279.3900196999311 583.0370896756649 164.8451112136245 0.1080885455012321 0 0 107.0190117955208 0 0 4.761182531714439 0 7.419333651661873 1141.970907479525 33.91689391434193 1.3304842710495 0 0 305.6194601729512 0
3153.570523619652 0.9427379742264748 1295.610281936824 43.69297716766596 1.47560653090477 470.9355718418956 6351.577862635255 3806.903787449002 28.9643090441823 922.6705096699297 41.23822930827737 171.3772148787975 2.265592209994793 4325.851928357035 2.761678464710712 0.1556571573019028 117.0401355102658 24.51822021603584 36.82196215540171 158.0778088346124 149.2549398243427 0.1030814126133919 183.5810755491257 112.8292133584619 0.5587437301874161 520.5008958652616 173.947749607265 454.8752309903502 3387.543290629983 3141.096740029752 5.097654212266207 559.4435961693525 13.36992333829403 238.6231541931629 4.618955411016941 254.4909944757819 22.59445594996214 168.4900890365243 41.77019190043211 333.0208965688944 19.85853610187769 2.378765419125557 3.700530223548412 0.54800945520401 0.1977723389863968 1.615781031548977 5.413012146949768 0 0 75.45387041568756 1.967099070549011 14.59272231161594 8.757040709257126 0 1.275532208383083 0 2.869662530720234 0 1.482124194502831 0.2975618615746498 0 0 3.720735490322113 0.7562707290053368 0.6931301429867744 3.124028339982033 55.80717144906521 0 0.3489102870225906 6.082173682749271 58.82234206795692 5.58245512098074 18.96912000328302 0 0.3869666457176208 0 1.524942323565483 0 16.33319561183453 0 8.739468559622765 2.51124207675457 8.728291913866997 4.366274371743202 0 0
0 0.4308991208672523 0 125.4406264722347 816.1056859567761 1845.988426364958 28.24919184297323 43.19287943094969 293.9444385319948 105.2154491841793 0.5009950920939445 1332.854921206832 0.1668570786714554 2.761678464710712 268.1244214847684 0 0 0.1569399833679199 0 315.6342013701797 0 3.136196628212929 0 840.7652929723263 0.3217475563287735 0 0.3583038970828056 51.65055016428232 1.897532895207405 0 0.1226752251386642 360.4885323643684 0 2.907434396445751 0.709801509976387 355.4044749960303 0.3019916415214539 2.263330772519112 0 1025.128591701388 0.1266894638538361 7.15719747543335 0.1182304099202156 0 0 0 17.08145947754383 0 0.8835504055023193 8.183278806507587 0 4.504611968994141 13.2051123380661 0 11.8512384146452 0 0 13.52605259418488 1.283632218837738 0 0 0 8.827979683876038 0 0 0.1343670040369034 23.89971732348204 0 0 0 8.651304885745049 0 0 0 0 0 0 0 38.91153395175934 0 1.344860076904297 0 69.87921792268753 0 0 0
0.170271560549736 330.7926547378302 5.620004497468472 0 0 0 10.40435369312763 0.8590566068887711 9.006338708102703 0.07325907051563263 0.4932703524827957 0 18.11691042035818 0.1556571573019028 0 2114.458888791502 1.261214002966881 0.09721245616674423 0.8986386582255363 0 839.8927037268877 2745.632898807526 4545.81719417125 1589.607309095562 87.79910560697317 9.558080337941647 5210.555487655103 557.2506398782134 1.320967830717564 23.27585801482201 2.634541086852551 0.8900288343429565 1.48216538131237 34.96674851328135 7.658839777112007 1309.799106612802 587.1612392067909 127.0460037812591 353.8476841002703 19.45841133594513 0.9606797397136688 23.18103117495775 9.294835388660431 1.014854788780212 1.111366629600525 35.20312640815973 0 0 0.1011683791875839 3.3392738327384 2.729546248912811 15.05567682534456 0.08584795892238617 3.197506427764893 0 0.4978824406862259 2.789408348500729 0 3129.340205878019 1.402516067028046 0.1058151125907898 0 0.1035261005163193 716.2137765288353 1316.428265951574 1478.112686298788 125.1356239914894 0.2671751081943512 1.391121737658978 1150.012713715434 147.3998032808304 7.915892869234085 104.1476103141904 0 0 0.4113514870405197 3.280085489153862 4.616197325289249 69.71247649937868 16.79193972051144 20.43056416511536 24.85834007710218 1.070488564670086 0.117895096540451 8.885006964206696 0.2059555649757385
31.37036015093327 211.8155977353454 952.1205486804247 0.09318110346794128 0 1.688713811337948 4.459963634610176 73.00610415264964 0.3031221330165863 1.127652622759342 153.0045906603336 0.1163796484470367 0.8558594211935997 117.0401355102658 0 1.261214002966881 532.1706150472164 239.6671447232366 1671.022639669478 0.1020157858729362 190.5738111957908 1.150368839502335 1499.119502812624 2.448390975594521 1.307519733905792 2654.420186206698 3125.683592036366 15.75650221854448 281.8566710874438 588.8097339570522 11.92096930742264 2.705045573413372 27.88608743995428 1536.74245480448 3.320709563791752 457.246015407145 1420.623151034117 1963.590642049909 249.9485008791089 5.360971339046955 1.694839358329773 0.3656948208808899 0.6902827620506287 0.1030259802937508 228.3480737507343 75.66879758238792 0 0 0 0.0949370339512825 0.09176032245159149 0.6020469591021538 0 2.543974049389362 0 2.13164384663105 0 0 0.9213696718215942 14.01327887177467 0.9848300218582153 12.06866233050823 0 0 1.698189437389374 0.5497516021132469 1.238229267299175 2.397172309458256 391.9255452230573 827.3851063251495 1.331424966454506 0.2260037288069725 0 0.1921317577362061 0 0 8.561936914920807 2.271916553378105 6.638996407389641 12.1525654271245 19.0936852991581 3.587215542793274 0 0 0.2262730002403259 0.1353754997253418
4.8830226957798 1.240809813141823 33.6971614472568 1.19716115295887 0.1454345732927322 8.053529642522335 5.380019791424274 17.46868281811476 0.09483306109905243 12.7510740943253 1821.629815872759 3.56972523778677 57.5921071767807 24.51822021603584 0.1569399833679199 0.09721245616674423 239.6671447232366 186.5610680654645 1263.592488735914 3.573928289115429 7.956176973879337 0.5504072234034538 47.58511408790946 1.729593701660633 3.450362548232079 1669.251147083938 38.73259638249874 3.675695434212685 81.4523824006319 15.75424540042877 111.7713864296675 24.6970826908946 5.749363452196121 1079.982963718474 6.780852511525154 359.726860024035 1193.396716803312 1402.404252015054 361.0150589458644 15.80681419372559 2.434127099812031 52.08643858134747 1.319041334092617 0 0.6923532783985138 0.522624596953392 0 0 0 1.168341509997845 0 0.3832864835858345 0 45.54617025703192 0 37.47341258823872 0 0 0.07689021527767181 0 25.36740086972713 0.2206241264939308 0 0 0.1774479299783707 0 0.7101193591952324 16.51704362034798 210.0204791799188 71.53793459385633 1.056018739938736 0 0.5141755193471909 14.79927571117878 0 0 0.1096602603793144 1.442233249545097 1.631448686122894 37.01763771474361 1.80244093388319 0 0.7325357645750046 0.3899495899677277 0.699562132358551 0
8.243192907422781 37.7244863435626 71.50504817068577 0.9513392522931099 0.1134641617536545 3.827779687941074 5.499108515679836 28.99587558582425 0.395253598690033 12.40510512888432 552.9153110682964 2.293617367744446 2.088894717395306 36.82196215540171 0 0.8986386582255363 1671.022639669478 1263.592488735914 732.0135477855802 3.243280090391636 14.55264787375927 1.193890132009983 97.61771820485592 1.455137267708778 5.945135578513145 1955.639402739704 351.2239958643913 6.009072568267584 115.6766146123409 29.51823854446411 10.57861229777336 11.29684472829103 8.985663235187531 2581.681957043707 10.57132424414158 907.0520218387246 1262.143184840679 2921.017508871853 662.8630557209253 13.73633747547865 2.169850118458271 6.389053009450436 2.078412190079689 0.3231485784053802 53.29060629010201 1.241988517343998 0 0 0 0.6148778200149536 0.2260891944169998 0.1091461777687073 0 11.4749334231019 0 5.724268056452274 0.1919730380177498 0 0 0.5275921449065208 7.38209468126297 4.690992526710033 0 0 0.1419646143913269 0 1.086299397051334 11.69071801751852 305.4517235159874 340.5259677916765 0.9017196968197823 0 0.2321131229400635 1.761401534080505 0 0 3.884603895246983 2.50014915317297 6.936675831675529 22.77322530001402 13.10578820109367 3.20131678879261 0.5755926668643951 0 0.4431703090667725 0
0.489520788192749 0 1.61327151209116 2456.654067628086 4.395432457327843 493.0137099921703 33.88865929841995 379.646201312542 477.7139190733433 4041.38576836139 17.00114920735359 3629.231171146035 1.897055573761463 158.0778088346124 315.6342013701797 0 0.1020157858729362 3.573928289115429 3.243280090391636 476.0673447549343 0.3596356213092804 0 0.5732183754444122 548.2823780924082 0.1515734493732452 3.866739511489868 0.9947427809238434 650.9374645873904 143.1825577393174 2.15197766572237 0.5629603862762451 43.67152703553438 1.555764958262444 102.3162327185273 78.32279535382986 296.7867460474372 2.94465733319521 199.185612000525 52.79764533042908 797.5111225172877 42.44120537489653 0.6084937229752541 4.547935411334038 0.5925145149230957 0.6980360075831413 0 178.3677972480655 0 10.83909428864717 89.05780056864023 4.603700421750546 78.71423979103565 126.6633548662066 0 58.35206054896116 0 6.387070551514626 21.41504348814487 0.1240677759051323 0 0 0 104.9880075156689 0 1.230660825967789 0 223.0923183858395 0 0 1.791558727622032 165.6203367114067 3.556850396096706 0.9370114803314209 0 0 0 5.198606789112091 0.773697167634964 33.28310634195805 0 7.981950625777245 1.937878906726837 107.214864037931 2.02321158349514 0 0
37.98577927798033 15.13959797471762 2179.166545987129 0.1987518519163132 0 3.851693421602249 120.6837236881256 125.3299962058663 4.450530536472797 2.23735174536705 6.762754991650581 0.3696925416588783 1.411595694720745 149.2549398243427 0 839.8927037268877 190.5738111957908 7.956176973879337 14.55264787375927 0.3596356213092804 4368.528195478022 129.3083001002669 7377.983316540718 383.9530436173081 8.012906491756439 185.5030532479286 1161.754193484783 1453.974137835205 166.1367575377226 5698.687989629805 2.374264024198055 3.158348336815834 44.67697060853243 2031.195705227554 93.6795651987195 6777.719165787101 685.8813996762037 2623.270129211247 3448.146220564842 81.00021564215422 15.68759775906801 9.166582569479942 39.35082662850618 0 1.467320494353771 3.361227460205555 0.09552207589149475 0 0 6.309079051017761 0.3904168829321861 7.081470862030983 0 1.018198728561401 0 0 0.4526325091719627 0 767.1883629411459 0.2283751368522644 0 0 0 578.8489901721478 225.9858569502831 209.8871633782983 111.2233421504498 0 0.09640435874462128 28.91882575303316 156.8369951471686 6.960238382220268 121.3576410785317 0 0 0.4876685440540314 1.361632332205772 4.254899725317955 48.13029242306948 1.222660422325134 3.79906177520752 3.048121884465218 3.299685537815094 0.7255263328552246 3.067131876945496 0
0 3082.856282629073 102.800732344389 0.3992114067077637 0 0 2.615083545446396 0.9726533815264702 1807.554982282221 0.8369877934455872 5.356262624263763 0.5984294265508652 152.8389993235469 0.1030814126133919 3.136196628212929 2745.632898807526 1.150368839502335 0.5504072234034538 1.193890132009983 0 129.3083001002669 1725.626484028995 199.6284141838551 5802.823700010777 714.9285251274705 38.44955862313509 3065.094249688089 173.1909895166755 0.1003741845488548 3.199421159923077 28.02655085176229 0 0 1.604705087840557 0 10.10611629486084 3.605468280613422 4.951314359903336 1.780089393258095 19.97081117331982 0 0.8787921518087387 0 0.4319668710231781 145.9577669203281 6.590546347200871 0.7537034600973129 0 0 2.021992512047291 0 14.21114908158779 0.5578130856156349 0 0 0.1016437187790871 0.8283534869551659 0 824.6800870224833 0.3854033648967743 0 0 0 173.04368019104 189.4474062919617 276.8446995690465 84.13652589917183 65.01991228014231 1.83844082057476 328.9994214400649 47.37901822477579 1.782502628862858 28.68950419127941 0 0 0.3112169206142426 1.45420665293932 0.656305342912674 16.66653900593519 2.884332180023193 4.237149849534035 3.43777384608984 0.9125704020261765 0.1111623272299767 0 1.066343173384666
44.07397141307592 13.53045402467251 7394.32979721576 0.6340174376964569 0 7.703775428235531 256.9910832941532 159.5594639703631 0.8435381799936295 2.356311500072479 23.79510385543108 0.2412439435720444 2.191716141998768 183.5810755491257 0 4545.81719417125 1499.119502812624 47.58511408790946 97.61771820485592 0.5732183754444122 7377.983316540718 199.6284141838551 8200.785195797682 75.35858568549156 4.947895132005215 1349.924748584628 7749.35364882648 800.3868215158582 114.8910628706217 1948.71734944731 4.863255254924297 2.694000937044621 19.12172843515873 2835.19385625422 117.7406806722283 10467.89660079777 6681.142572410405 4976.483765974641 9308.005818367004 245.9215246364474 39.85315296798944 64.60114489495754 64.68744111806154 1.099101774394512 1.28607265651226 137.8843006417155 0.2649669274687767 0 0 3.815741397440434 0.5357244461774826 1.491942875087261 0.115328311920166 0.7178137898445129 0 0.3071135580539703 2.072218671441078 0 1174.738904945552 0.7583078369498253 0 0 0.2005577683448792 153.7099984139204 401.1639374196529 685.8337320387363 25.1215542703867 0.2590643614530563 3.268438175320625 1046.08322891593 22.3263983502984 1.244871526956558 19.27047396451235 0 0 0 8.063587188720703 69.6885479092598 51.08512096852064 10.58722473680973 26.7669901996851 31.70273756235838 2.167269423604012 0.2113301008939743 0 3.051024854183197
6.573210880160332 806.6580791547894 27.01487970352173 1720.400845192373 5.553433127701283 88.18828576058149 1188.102445572615 155.1219026967883 7799.107274316251 317.3096004277468 7.821735478937626 413.6997263729572 69.87808348238468 112.8292133584619 840.7652929723263 1589.607309095562 2.448390975594521 1.729593701660633 1.455137267708778 548.2823780924082 383.9530436173081 5802.823700010777 75.35858568549156 8750.873903155327 242.9410475865006 20.07393860071898 1555.0956261307 6959.2482239604 393.7861158102751 487.5483707115054 17.32701765745878 20.63421318680048 104.1680338457227 177.8918432220817 39.33575032651424 1570.421663634479 26.14858664572239 355.7636222913861 153.0103739649057 1184.08699272573 53.84034964442253 3.044834390282631 16.30778286606073 19.49638751894236 17.75861693918705 7.301525242626667 432.8931788653135 0 18.58306595683098 1159.161272466183 34.84248754382133 1239.922708459198 340.0637280866504 0.546084925532341 125.286797426641 0.527720533311367 80.43564732372761 38.18279875814915 505.3198183476925 0.5121861845254898 0.0912008211016655 0.410760298371315 227.1336683258414 404.4872352331877 362.574538551271 90.63542458415031 2577.529968686402 3.686502516269684 3.159212753176689 41.66334418207407 2222.292201682925 167.0536176562309 545.9824773594737 0 3.070060536265373 6.806246817111969 85.1487520262599 5.984220042824745 353.7888908982277 6.587714567780495 144.8162423893809 43.14982451498508 246.7732425928116 65.12360936403275 1.529819011688232 7.183721020817757
0 1423.275843679905 0.6020558550953865 0.1425569653511047 0.1781394481658936 1.128972597420216 0.4789572134613991 0.4629708528518677 111.9796196594834 0.6189290136098862 558.7067821770906 0.6565827056765556 3680.876206256449 0.5587437301874161 0.3217475563287735 87.79910560697317 1.307519733905792 3.450362548232079 5.945135578513145 0.1515734493732452 8.012906491756439 714.9285251274705 4.947895132005215 242.9410475865006 414.3739441633224 301.1004489064217 4222.631704866886 8.186403147876263 0.9202373325824738 0.4585759490728378 212.8032251000404 4.519758373498917 0 409.4506705999374 1.306722044944763 22.62279246747494 208.6507655531168 352.4428731873631 108.1006871312857 4.362899303436279 5.528646543622017 195.159821793437 4.278360933065414 0 44.5218987762928 0.1346326023340225 0 0 0 0 0 0.5583411455154419 0.1043674424290657 91.78767904639244 0 174.3579308465123 0 0 0 0 10.60406692326069 0.1452120542526245 0 0.1036804988980293 0.326622448861599 0.1024053618311882 0.7950806245207787 47.67749938368797 343.2161191850901 252.596625007689 0.1130578070878983 0 0 30.62520037591457 0 0 1.853721722960472 0 0.5725762769579887 118.9474023282528 17.1948439180851 3.474767595529556 0 0 58.37201339006424 0
109.9653201922774 673.6227548420429 2478.164459459484 1.183294229209423 0.2514616027474403 18.13276278600097 48.90939662978053 412.1770930737257 4.160154469311237 16.54207235947251 882.4137863740325 4.26735083758831 275.5442500188947 520.5008958652616 0 9.558080337941647 2654.420186206698 1669.251147083938 1955.639402739704 3.866739511489868 185.5030532479286 38.44955862313509 1349.924748584628 20.07393860071898 301.1004489064217 16070.64470591396 9633.807650841773 30.1490928158164 675.6188665181398 174.2478869408369 1267.048200428486 31.16866079345345 45.68141726031899 1555.347773902118 34.48204826563597 2707.114466920495 8581.192071899772 4150.419492695481 1096.278319336474 39.12257361412048 7.257760010659695 66.70365802943707 8.302642986178398 0.4829942360520363 841.7123454660177 230.0591853559017 0 0 0 0.9056515768170357 0.7651718780398369 1.241889677941799 0 232.6931237876415 0 149.3547840490937 0.1087996959686279 0 4.694978229701519 51.28650557994843 135.8991243615746 64.2731859087944 0 1.072756260633469 4.918072000145912 2.953482650220394 4.698489740490913 395.2564874887466 3435.417256973684 4469.143667116761 2.755320221185684 1.048106640577316 3.172957688570023 63.05390608310699 0 0 41.86876548826694 6.688129454851151 51.85531859099865 205.0700478330255 108.9078846424818 29.04017017036676 0.6934382766485214 0.4087641388177872 0.8052482306957245 0
34.70746402442455 4559.073377922177 3139.563203953207 0.9803685173392296 0.1672428846359253 8.115736313164234 261.2874857932329 157.3247062191367 84.431550309062 11.0483993627131 112.8844957724214 0.8979402035474777 1883.620875097811 173.947749607265 0.3583038970828056 5210.555487655103 3125.683592036366 38.73259638249874 351.2239958643913 0.9947427809238434 1161.754193484783 3065.094249688089 7749.35364882648 1555.0956261307 4222.631704866886 9633.807650841773 21381.58555330336 978.2678893208504 247.4212863370776 96.74614867568016 2145.829677410424 9.478381834924221 23.48810828477144 2065.766030266881 79.2865396887064 4895.302983149886 4162.787100866437 5421.132195100188 1862.347960487008 83.18968685716391 9.829563230276108 23.86799678951502 17.57132633030415 6.1180220246315 2398.62792878598 1282.079252615571 0.2331437543034554 0 0.1898246929049492 7.438133664429188 4.493606835603714 2.908032760024071 0.2265935987234116 175.3907793536782 0 113.9555189311504 16.69420708715916 0 344.3038443848491 101.7324534133077 113.9214695990086 62.19743163138628 0.7328668236732483 17.70612376183271 1660.313340388238 653.5014883503318 33.87284162640572 1050.494496263564 3929.502438977361 11608.23981904984 21.12742264568806 3.71820455044508 10.78370729833841 46.88038743287325 0 0 68.52525298297405 40.77198583632708 165.5333513915539 145.6399021223187 233.6782951429486 110.1788111999631 6.015767276287079 0.9633346647024155 2.572518438100815 1.571350321173668
58.81953377276659 29.06072997301817 365.3335032984614 1380.485400937498 1.106612995266914 816.1932575851679 8386.512092791498 605.8406222239137 883.8947530686855 4059.791087798774 15.45842086523771 199.2207133919001 4.108552768826485 454.8752309903502 51.65055016428232 557.2506398782134 15.75650221854448 3.675695434212685 6.009072568267584 650.9374645873904 1453.974137835205 173.1909895166755 800.3868215158582 6959.2482239604 8.186403147876263 30.1490928158164 978.2678893208504 12934.0804682523 894.7451416216791 6931.397397600114 1.002553232014179 41.85437651723623 292.650509275496 560.1428004875779 100.5022598281503 3643.752644911408 61.5856726244092 1000.351655513048 501.7445351928473 422.3694874048233 116.1139616966248 6.778053633868694 36.53406772762537 15.15000773221254 1.824109844863415 6.902844950556755 250.9810144081712 0 13.1958291977644 833.8734018877149 26.99749928712845 339.2073673978448 207.491818934679 0.7285859063267708 73.23750644177198 0 62.9288178011775 16.34283840656281 320.0896817520261 0.7374660670757294 0.07115893065929413 0 144.095507517457 349.7718695923686 122.998896703124 53.8905340731144 1293.012965239584 0.4400465935468674 0.838789127767086 30.47275626659393 1242.496768452227 116.0159184783697 413.9830502793193 0 4.17254938185215 5.001922726631165 54.51383500546217 7.591596849262714 211.950556255877 4.089350834488869 87.9590497687459 29.00822953134775 148.5324144139886 35.74671273678541 0.1821936219930649 7.789397023618221
2338.970434613526 3.150353170931339 476.5674977898598 145.7835741788149 52.1553521156311 155.0389675796032 2039.173265017569 507.4859743453562 24.3799102678895 826.945586591959 188.0623226687312 103.9476756602526 5.436828538775444 3387.543290629983 1.897532895207405 1.320967830717564 281.8566710874438 81.4523824006319 115.6766146123409 143.1825577393174 166.1367575377226 0.1003741845488548 114.8910628706217 393.7861158102751 0.9202373325824738 675.6188665181398 247.4212863370776 894.7451416216791 12146.45927618071 3724.586187247187 11.83793806284666 1122.555950030684 1878.829085230827 2929.149517923594 18.19068142026663 416.7037215679884 26.49048622697592 1382.227248884737 184.2954207584262 171.935725428164 45.69369206577539 4.245828948915005 7.821835152804852 1.747919723391533 0.771556556224823 1.316406443715096 4.874680511653423 0 1.253937460482121 63.69621528685093 1.696133501827717 16.17111618071795 4.055897705256939 0.3053664267063141 0 0 3.027882769703865 0.9903082847595215 5.718146122992039 0 0 0 2.423701412975788 5.612261310219765 1.450732730329037 1.19400892406702 66.65692485123873 0 1.262290224432945 5.783053278923035 84.99483918398619 7.10954849421978 34.09999217092991 0 0 0.3033855557441711 4.542200975120068 0.1449452489614487 14.03872168064117 0.2439590096473694 6.60599984228611 4.346681676805019 7.031127907335758 2.60906258225441 0 0.1107201799750328
2580.782024286687 1.884571231901646 322.0359797552228 1.427206970751286 0 22.27254062891006 3036.249745555222 1299.090478755534 33.88086756318808 10.0914478302002 15.36354104429483 1.584933646023273 0.345784530043602 3141.096740029752 0 23.27585801482201 588.8097339570522 15.75424540042877 29.51823854446411 2.15197766572237 5698.687989629805 3.199421159923077 1948.71734944731 487.5483707115054 0.4585759490728378 174.2478869408369 96.74614867568016 6931.397397600114 3724.586187247187 2686.925230972469 1.867997251451015 27.5707641504705 962.3204430192709 2265.974150985479 105.7185190320015 4272.732020750642 92.91888571530581 1571.984407156706 884.719751060009 72.2721196860075 39.89246656745672 1.35983881354332 34.55043148249388 0.6640893295407295 0.9558520093560219 2.052190467715263 0.2002369910478592 0 1.410831332206726 36.22349221259356 1.255586922168732 29.87586797773838 0.0908607617020607 0 0 0 3.920306593179703 0 95.75545921176672 0.1262125670909882 0 0.1127997189760208 0 100.0997673347592 25.6405645981431 16.79469712078571 116.2604885920882 0 0.7191864624619484 6.187273114919662 139.9486169219017 10.91263090074062 92.90517193824053 0 0 0.205645889043808 2.670516096055508 0.6398903429508209 46.52101331949234 0.2218280881643295 3.944124907255173 1.673341251909733 3.15079502761364 1.457293778657913 0 1.014028280973434
1.08113382011652 28.99414522200823 14.63325013965368 0.092519611120224 0.1415161639451981 1.666220895946026 1.005460843443871 4.003671750426292 3.472127087414265 2.164401918649673 116.4027241840959 0.9842406511306763 452.5532689839602 5.097654212266207 0.1226752251386642 2.634541086852551 11.92096930742264 111.7713864296675 10.57861229777336 0.5629603862762451 2.374264024198055 28.02655085176229 4.863255254924297 17.32701765745878 212.8032251000404 1267.048200428486 2145.829677410424 1.002553232014179 11.83793806284666 1.867997251451015 38.89990548789501 4.411836467683315 0.5447259023785591 96.53733964264393 2.874679304659367 111.4975001811981 358.1431238651276 292.8919411823153 105.0549657270312 4.010596752166748 0.7747591137886047 10.05249103158712 0.7246863842010498 0 4.592549443244934 0 0 0 0 0 0 0 0 107.2226893678308 0 68.40037508308887 0 0 0 0.1593621075153351 57.75864183157682 0.563583716750145 0 0 0.09080777317285538 0 0.4237040579319 149.4501308500767 546.701584585011 223.9148641377687 0.267561636865139 0 0 33.53543618321419 0 0 0.1253719329833984 0 0.7017678692936897 48.1409215927124 1.062455415725708 0.3795864880084991 0 0 0.54986572265625 0
