889.5876204222441 0.2839435935020447 213.1590903401375 13.06224999576807 0.6421083807945251 78.10120582580566 3706.504052881151 785.1820293739438 9.906809523701668 174.2098376750946 21.44405551999807 21.69927626103163 0.07681237161159515 2933.941091239452 0 8.644060648977757 440.5155275985599 32.43594145774841 87.86484353244305 13.81791571527719 89.40376859903336 2.68897832930088 244.9680671840906 118.2587438970804 0.07597863674163818 112.1374195441604 10.23171704262495 336.8875176608562 3987.298066154122 2158.29683893919 0.0846436619758606 1.857464455068111 159.5531833395362 368.7150372713804 4.805958487093449 106.4835535436869 8.034110382199287 194.5827846005559 52.67870003730059 3.04668115824461 0.8781959936022758 0.2400956749916077 0 0.1133965104818344 0.1244470924139023 0.4630138278007507 1.184626519680023 0 0 10.91405331343412 0.8393972814083099 3.544493958353996 0 0.1869935393333435 0 0.08614519983530045 0.9240440279245377 0 9.708638519048691 0 0 0 0.113931842148304 3.884628623723984 1.696812696754932 0.4834099858999252 19.13268332183361 0 0.1003954112529755 0.563365250825882 22.64188753813505 1.31119379401207 16.15122590959072 0 0 0 0.169825091958046 0.21204474568367 13.13461388647556 0.46755450963974 0.3803756684064865 0.1418194621801376 0.1497068852186203 0 0 0
0.2839435935020447 450.1293909549713 120.92298810184 0.09801413863897324 0 1.247357837855816 1.154054693877697 0.7989922612905502 1019.900083653629 0.127389520406723 19.71280243992805 9.434133775532246 414.9122402369976 0.9750450402498245 5.03198554366827 183.1308906525373 23.12512885034084 5.488238632678986 8.487928986549377 0.7230941876769066 10.22662577778101 2682.34816814214 257.6291688755155 333.8965808078647 2079.556572340429 1046.774812690914 8768.955632083118 10.95301952958107 2.344905629754066 2.663424752652645 50.71049425005913 0 0.7632475942373276 53.52345255762339 2.762710437178612 82.35717295110226 62.85770669579506 108.0053618848324 34.88470473885536 3.932252138853073 0 5.494640372693539 0.2389832213521004 0 22.10175009816885 43.47569587081671 0 0 0 0.9114164859056473 0.3666495308279991 1.02258662879467 0.2617886364459991 11.01589807868004 0 22.97344599664211 0.1905655562877655 0 5.700819283723831 8.514526501297951 2.256334513425827 12.03845651447773 0 1.399452865123749 16.79582466930151 7.399137496948242 4.354746326804161 20.79316257685423 403.3339831605554 1309.236028544605 2.722336523234844 0.1759565994143486 1.556814983487129 2.441429771482944 0.0932428389787674 0 1.328315459191799 2.035965979099274 9.19379486143589 17.69844421744347 9.450776286423206 3.069432906806469 0 0 2.636892557144165 0
213.1590903401375 120.92298810184 6045.812020525336 25.04769969731569 0.09419657289981842 167.8809253200889 1847.928573265672 563.1501892283559 20.71950601041317 305.3871950134635 85.31020264327526 7.593615032732487 5.945247434079647 565.8175452426076 0.2513079419732094 13.54086919128895 1721.073825880885 163.9120308086276 265.683013997972 3.635816060006618 674.9094856083393 37.67686524242163 12444.37362261862 405.2690559327602 11.68449680507183 5577.19321558252 3723.778514560312 1084.256232455373 136.3484533056617 642.2276009470224 2.706645347177982 0.9735690876841545 3.515420220792294 783.8815452083945 72.72391422092915 1522.50493402034 3613.444174267352 1819.550398610532 541.2911899909377 33.07096177339554 3.126548334956169 14.12110422551632 9.610024139285088 0.6177538186311722 124.5423965007067 498.8729302212596 0.5267061814665794 0 0 19.38323798775673 1.409015789628029 1.954598017036915 0.6329936385154724 0.5461077094078064 0 0.3340245187282562 3.293414801359177 1.498543173074722 36.63251084834337 117.5514936596155 1.71244715899229 2.845845237374306 0.1269352734088898 10.61982853710651 166.7933241277933 106.7484949678183 13.5462631136179 1.199763812124729 334.6156649515033 2528.963360525668 16.02542963624001 1.29151663929224 10.22939861565828 1.343477219343185 0.1265697479248047 0 7.475476235151291 32.92435874044895 84.97916569560766 10.60559017211199 70.49691160023212 37.94230782985687 0.2452272176742554 0.4179056584835052 0 0
13.06224999576807 0.09801413863897324 25.04769969731569 1927.75245898217 1.133088514208794 219.6390458121896 71.04022306203842 56.54244405031204 1016.788880169392 4300.206309691072 2.211526647210121 2024.663439720869 0.1923233345150948 90.39177928864956 18.38196106255054 0.5007395148277283 0.8851103335618973 1.615535996854305 2.242307126522064 3878.92033534497 2.568697430193424 0.3370862305164337 23.71171518415213 986.9623824059963 0 6.607791572809219 9.04999977350235 3240.353376932442 135.9521603360772 5.547314740717411 0.1538547948002815 1.277842558920383 1.93982307612896 58.32768424600363 6.723073750734329 298.7321402728558 3.66930878162384 187.9197142347693 73.31028015166521 69.29728646576405 4.032152473926544 0.9060391038656235 4.717652082443237 0.1751628816127777 0.7409152835607529 0.1323357671499252 237.7447104752064 0 10.82986136525869 93.48349246382713 8.846604101359844 168.8086663931608 128.5207006707788 0 219.8262357413769 0 4.137447766959667 3.01839354634285 0 0 0 0 88.95361438393593 0.1096826195716858 3.040711589157581 1.158696122467518 264.6031927242875 0 0.08841893821954727 1.647478900849819 342.6080361679196 1.530676387250423 0.1590661108493805 0 0.3815429657697678 0.1163659170269966 1.141792841255665 0 5.81491807103157 0.07785794138908386 1.101262629032135 0.7994843423366547 34.77674624323845 0 0.1036333292722702 0
0.6421083807945251 0 0.09419657289981842 1.133088514208794 97.67244896292686 642.8646003082395 1.683645531535149 196.8617612197995 33.75157126784325 4.827155470848083 34.58461858332157 48.9660917147994 6.460264012217522 27.95486395806074 914.4584127515554 0 0.08660160750150681 5.093960352241993 0.673989363014698 2.159859120845795 0 0 0.2446687370538712 3.495568238198757 1.991462163627148 6.510212868452072 1.391521878540516 0.9885979741811752 129.1737061142921 0.2907780781388283 0.420563131570816 100.798489227891 0 295.4038831964135 0.7331046164035797 189.7690522223711 9.532618299126625 226.2022026628256 95.67690821737051 1272.28019221127 466.3458478152752 16.66918376088142 8.291826106607914 0 0 0 0 0 0 1.219992473721504 0.1391869783401489 0 0 0 0.4926226288080215 0.3147488534450531 0.6027882993221283 0 0 0 0 0 0 0 0 0 0.5859354212880135 0 0 0 1.087816953659058 0 0 0.3298995196819305 0 0 2.989568427205086 0.2278940379619598 3.775918051600456 0.6977534592151642 1.335764743387699 2.5313580930233 0.4450224339962006 2.337436065077782 1.964814238250256 0.9821687042713165
78.10120582580566 1.247357837855816 167.8809253200889 219.6390458121896 642.8646003082395 8483.18576669693 1029.731057778001 5321.613599866629 584.2537773475051 6925.026040136814 189.1410495564342 5641.674440056086 24.46251313388348 1543.671926006675 1485.269296400249 0 38.7082216963172 49.22933819144964 19.92153507471085 608.001307927072 9.097004808485508 3.37000872194767 21.90562407672405 136.0108163952827 9.009176820516586 130.9918253570795 16.20613688975573 331.7774540185928 500.0862492024899 24.97162740677595 5.0736910328269 173.3927306607366 1.86363909393549 669.0125775560737 5.951405510306358 567.384658396244 45.69159501045942 885.1363125741482 414.2162209451199 1341.520189575851 215.4488712251186 50.31174658238888 9.935760714113712 0.2230989933013916 0 0.1201372444629669 36.18498760461807 0 2.928136274218559 23.01804572343826 3.727110780775547 90.44683799147606 15.61350327730179 0.8776599764823914 142.3401948809624 2.202858433127403 3.527081355452538 3.790874004364014 0.3636707738041878 0 0.4081099778413773 0.1078134104609489 22.37221588939428 0 0.8288616687059402 0.1101244315505028 54.11969669908285 0.4153556227684021 1.942976832389832 1.636794432997704 62.89525702595711 0.3789007216691971 2.158394396305084 0.603972814977169 0.2977277785539627 0.09968893975019455 5.173101961612701 1.569554209709167 8.698186069726944 2.08915901184082 10.49981680512428 12.48671572655439 46.12951616197824 4.141302183270454 6.377208821475506 2.481030151247978
3706.504052881151 1.154054693877697 1847.928573265672 71.04022306203842 1.683645531535149 1029.731057778001 10113.28646072 2737.212424248457 99.18329812586308 4843.223798081279 25.59318023920059 68.71578495204449 1.312175832688808 8475.718896925449 0.9269739538431168 3.305370643734932 225.8935406282544 30.66918379440904 55.43854182958603 18.20116529613733 617.4389411583543 11.52666302025318 599.3077119663358 817.0452161133289 0 466.2131064422429 141.8390738591552 11232.48533509672 2981.225837670267 6322.588369607925 0.8846082836389542 6.066067025065422 148.0506568849087 642.2705435976386 77.37494613975286 2323.171091284603 71.00549234449863 1150.05843424052 516.7438438609242 130.8716490343213 17.35290482640266 2.299482770264149 15.87588258087635 3.586629971861839 0.2149280458688736 1.876196123659611 73.72214458137751 0.8895987272262573 14.39312325417995 342.5983831509948 28.29817420244217 42.89389514923096 33.31979451328516 1.327036619186401 60.97763968259096 0.3338099718093872 40.67033448070288 2.63690684735775 6.851807691156864 0.5329450070858002 1.057372190058231 0.5501885414123535 29.48043090850115 3.856204397976398 3.761075332760811 3.598812989890575 401.5100959911942 0 3.283532939851284 20.13464798033237 554.1498287320137 13.68466833978891 30.85951697826385 0.2790955379605293 2.857578411698341 0.2106259390711784 5.580417156219482 5.077710293233395 79.37774613499641 4.024582229554653 22.24539513140917 6.286679625511169 43.56724435091019 1.809567272663116 0.1801933199167252 0.2204292565584183
785.1820293739438 0.7989922612905502 563.1501892283559 56.54244405031204 196.8617612197995 5321.613599866629 2737.212424248457 4987.849133856595 21.14505169540644 3145.892462097108 139.6090859845281 1217.496060729027 11.61158988624811 4480.446251127869 263.2403280809522 0.9852980077266693 235.6415919959545 55.83461141586304 64.46747328341007 340.1605416685343 40.6542929187417 4.722860649228096 103.3513179272413 107.4814307615161 6.022142432630062 322.6777584850788 18.94358245283365 254.5750152170658 352.3702506683767 224.9915221482515 5.040487974882126 491.5815930739045 2.705596625804901 441.3301100544631 11.53135128319263 452.327782984823 35.12837456166744 684.5224246308208 283.2547315359116 405.846026442945 82.01079517602921 23.22352893650532 7.254146389663219 0.3932910859584808 0.1219700649380684 0.3131881132721901 11.63507680594921 0 1.371316261589527 38.17655444890261 6.464237354695797 6.375243343412876 6.227400571107864 0.5182387456297874 3.835938267409801 0.8978428617119789 3.186337403953075 0.7016376256942749 1.602270126342773 0 0.1680699288845062 0.1919883564114571 1.998306699097157 0.6630291491746902 0.5912518575787544 0.1397664695978165 40.24653367698193 0.1684803366661072 0.7332289144396782 1.246097736060619 58.84578446298838 0.6823933720588684 3.894413322210312 0.5492341369390488 0.5938973724842072 0 2.675084784626961 1.236354634165764 15.8721638917923 0.6308859884738922 5.689130790531635 5.964890241622925 4.643024384975433 2.157955706119537 1.75816747546196 0.2622508183121681
9.906809523701668 1019.900083653629 20.71950601041317 1016.788880169392 33.75157126784325 584.2537773475051 99.18329812586308 21.14505169540644 919.9460832998157 255.7973073497415 3.753054112195969 908.7093939185143 24.62155524641275 42.32468417286873 887.8876965045929 145.617531478405 0.3653334900736809 1.490551896393299 1.177287444472313 579.056845754385 91.33513828366995 2915.524488002062 21.11014984548092 7601.767747372389 166.4224900081754 22.14555261284113 272.8516961112618 1678.934189371765 47.82049462199211 59.47089287638664 4.293552786111832 0.29570671916008 5.678697392344475 18.01823902130127 3.848948642611504 352.7802189216018 26.87437274307013 55.3096255287528 17.08388913422823 422.1951348260045 6.816905215382576 1.249738439917564 0.4693140089511871 16.40958888828754 3.150631129741669 2.376222461462021 227.0166315808892 0 9.021854914724827 218.9360714182258 10.96000067144632 123.8050864562392 68.56481019407511 0.5562631264328957 183.9009967520833 0.2533866986632347 27.23168655484915 7.9937729164958 280.9024874046445 0.1161108091473579 0.299839586019516 0.2955164536833763 53.36946292966604 84.93456470966339 115.0421927198768 27.83262448757887 1335.793171741068 0 1.447157055139542 10.05433913320303 655.9762074425817 28.98376407474279 192.6666288152337 0 2.073854237794876 2.817336112260818 5.95798622071743 4.568365886807442 74.1516160517931 1.872252531349659 18.89553914219141 10.084921233356 21.75742764025927 0.1875068992376328 0 0.1069051176309586
174.2098376750946 0.127389520406723 305.3871950134635 4300.206309691072 4.827155470848083 6925.026040136814 4843.223798081279 3145.892462097108 255.7973073497415 28148.91227888316 30.97196995466948 3883.309890605509 1.737586498260498 2677.351474061608 8.037359580397606 0.2673357725143433 37.88301279395819 19.45816665515304 22.84338769316673 3800.186273686588 53.86230892688036 0.3243255615234375 60.29026748239994 709.1240367591381 0.5573028102517128 101.9032989256084 25.43975346535444 5844.023232683539 773.6465747132897 139.8054955452681 1.471959613263607 12.5613928809762 6.784551985561848 300.0394174084067 18.64774607867002 592.6441687420011 16.278764013201 817.7127092629671 240.5327023081481 185.6121758595109 22.76618814468384 4.156198434531689 19.14957936108112 0.1081730648875237 0.4907198771834373 0.2141275852918625 149.8502725437284 0 5.785531058907509 68.69248704612255 4.342842303216457 85.02555552870035 70.45312483608723 0 123.956263884902 0.3908430710434914 3.516822509467602 1.321445912122726 0.8368693143129349 0.1142033338546753 0 0.06959845870733261 47.33586854487658 0.3031682521104813 1.348276972770691 0.6049727350473404 163.6660405546427 0 0.3945348411798477 4.231038853526115 223.6777332350612 0.7296068295836449 0.2283103838562965 0.1723065376281738 0.09412398934364319 0.2040551602840424 0.9177280589938164 1.845661118626595 8.852954439818859 0.2396812215447426 1.904516123235226 0.7744157612323761 13.11031678318977 0.4601404219865799 0.08447155356407166 0
21.44405551999807 19.71280243992805 85.31020264327526 2.211526647210121 34.58461858332157 189.1410495564342 25.59318023920059 139.6090859845281 3.753054112195969 30.97196995466948 6979.178700685501 72.41445695608854 3253.794921286404 145.2509507387877 2.385947436094284 0.4792068973183632 84.8571514710784 4067.628791376948 903.1926608607173 19.70236274600029 4.943620570003986 7.609050706028938 39.90696784108877 7.680385202169418 837.1923626810312 2910.477539017797 884.7800513729453 13.03288860619068 287.0016458630562 12.29044106602669 538.1275303885341 113.7101217731833 0.7609497681260109 6285.040703468025 6.274004094302654 313.2600703015924 3084.836536668241 2443.050496675074 489.2223108336329 23.23789052665234 113.5911302790046 964.8086963072419 5.553443133831024 0 18.00912210345268 0.8282743766903877 0 0 0.1399189233779907 1.878726094961166 0.06656569242477417 0.901593029499054 0 369.1193003281951 0 728.3834080323577 0.3511649072170258 0.2586978375911713 0 0.9654102250933647 104.5196893438697 27.63087870180607 0 0.08887569606304169 2.838838294148445 0 3.099499575793743 132.6311441585422 230.1316473260522 185.7952719628811 5.697385244071484 0.5056938901543617 0.1526841372251511 126.6008954718709 0.4059017449617386 0 12.55236630886793 3.996541239321232 14.59468847513199 487.7118529453874 9.208194889128208 3.003736019134521 0 0.5718416571617126 31.5479519739747 0
21.69927626103163 9.434133775532246 7.593615032732487 2024.663439720869 48.9660917147994 5641.674440056086 68.71578495204449 1217.496060729027 908.7093939185143 3883.309890605509 72.41445695608854 3454.696746751666 7.372024282813072 875.710387006402 468.9409181252122 0 5.868540450930595 32.37026335299015 18.28545074909925 3067.411746647209 0.9614843353629112 33.88650201261044 2.855881363153458 405.6797604337335 2.468587800860405 46.24661725014448 10.04102858901024 1003.097877509892 498.1536292359233 2.530055925250053 3.413741633296013 34.75161523371935 0.4793204888701439 292.4170651137829 3.713351055979729 124.8890963867307 8.658705204725266 688.5918164178729 111.40171315521 511.1871047094464 38.34903689473867 5.89155600219965 5.223470777273178 0.4453867077827454 0.4866077080368996 0 78.42333146929741 0 4.435848467051983 16.28853053599596 2.509916424751282 182.8039286956191 45.65063704550266 0.631081335246563 260.2171286344528 0.3328787833452225 0.4611745476722717 12.34852515906096 0.4366472661495209 0 0.2931957244873047 0 29.25408370792866 0 3.124028831720352 0.2432499825954437 80.20647282153368 0 0.5357301384210587 0.5449296981096268 75.93867547810078 0.3789734393358231 1.438116371631622 0.2335190325975418 0.09762455523014069 0 0.1791187450289726 0 3.450195483863354 0.6657064333558083 1.381895482540131 1.320867173373699 80.40828305482864 0.9521505385637283 0.4893956035375595 0
0.07681237161159515 414.9122402369976 5.945247434079647 0.1923233345150948 6.460264012217522 24.46251313388348 1.312175832688808 11.61158988624811 24.62155524641275 1.737586498260498 3253.794921286404 7.372024282813072 3706.312948994339 8.394458562135696 0.7407545745372772 2.755178608000278 7.195299573242664 210.0436569526792 11.66636268794537 1.003206998109818 1.14462848752737 141.3262848630548 2.180219188332558 5.722120076417923 3283.34443666786 672.4154504016042 3547.481950856745 0.9089534729719162 18.5538853853941 0.3491030931472778 717.9268905296922 18.21669321507215 0.2428585886955261 1270.637832306325 0.5576254278421402 52.07372047007084 987.0036244019866 1348.12132358551 121.2750470116735 5.642465487122536 57.40486605465412 417.7683117836714 1.451557278633118 0 12.11464955657721 0.1757631823420525 0.106301374733448 0 0.07592763006687164 0 0.3392306566238403 0.3606370687484741 0 380.5560952052474 0 658.3998722657561 0.1138935834169388 0 0.5217649340629578 0.3065538927912712 82.16110775619745 11.32420115917921 0 0 2.110237076878548 0.1367910802364349 0.3860622197389603 173.9819573760033 183.5822762623429 151.9023732319474 0.6500664949417114 0 0.09788060188293457 93.6673074439168 0.585177831351757 0 13.34855678677559 0 6.35363444685936 556.4452358484268 12.13954755663872 1.19988264888525 0.3854825794696808 0.5760840773582458 115.686213478446 0
2933.941091239452 0.9750450402498245 565.8175452426076 90.39177928864956 27.95486395806074 1543.671926006675 8475.718896925449 4480.446251127869 42.32468417286873 2677.351474061608 145.2509507387877 875.710387006402 8.394458562135696 3529.530833683908 148.290801204741 5.032543741166592 449.5236980691552 71.19240245223045 117.4719420075417 413.131288588047 99.13701552897692 9.127893686294556 247.5763665363193 352.6595015376806 3.682167783379555 318.2401508241892 25.72656013071537 564.5377180352807 4421.514388792217 1106.902618713677 5.451314061880112 391.7911904677749 15.36270913481712 768.0601190850139 8.367009148001671 617.274393491447 31.63862551003695 991.1914014220238 258.7312026768923 199.5464080944657 30.33380707353354 8.468231774866581 3.77095415443182 1.10614587366581 0.2019873633980751 0.3264003917574883 15.75089558213949 0.4961857497692108 4.424623101949692 77.29172590374947 5.03896825760603 12.70293962955475 4.682081885635853 0.4515666961669922 6.548169299960136 1.088869795203209 8.387605428695679 0 7.092600055038929 0 0.5465704500675201 0.1130518466234207 3.175969690084457 3.399531118571758 1.436292946338654 0.5281533375382423 100.4038925096393 0.09489323943853378 1.822485446929932 1.640050150454044 151.7924782037735 3.64598174393177 14.50587075203657 0.3139771819114685 0.4124150350689888 0.5009888932108879 1.550819851458073 0.6186829954385757 25.46392402052879 1.841131627559662 5.588374905288219 4.434609547257423 8.136326104402542 0.6890919655561447 0.9826164990663528 0.5284224078059196
0 5.03198554366827 0.2513079419732094 18.38196106255054 914.4584127515554 1485.269296400249 0.9269739538431168 263.2403280809522 887.8876965045929 8.037359580397606 2.385947436094284 468.9409181252122 0.7407545745372772 148.290801204741 439.3894164711237 0 0.4392521902918816 0.9572554305195808 0.3560018688440323 16.82208248227835 0 20.66958881914616 0.466345027089119 176.2737930268049 0.8755999803543091 1.258646264672279 0.6194321662187576 24.91995422542095 220.9108581244946 0.1112848967313766 0.1843373775482178 301.1649150550365 0.600031316280365 20.93246062844992 0.3507651388645172 56.4298647865653 0.8632494732737541 21.29093942046165 5.276028983294964 1555.469449579716 106.4306662529707 1.108204826712608 0.131503239274025 0 0 0 9.70076546818018 0 0.4825198650360107 3.019314989447594 0 114.7192986905575 6.803483299911022 0 115.7377826571465 0 0 2.513688325881958 0.1671617478132248 0 0 0 4.022228300571442 0 0 0 11.4617318212986 0 0 0 17.18854373693466 0 0 0 0 0 0 0 0.6161873936653137 0 0.1480697095394135 0 35.90471583604813 0 0.4894691854715347 0
8.644060648977757 183.1308906525373 13.54086919128895 0.5007395148277283 0 0 3.305370643734932 0.9852980077266693 145.617531478405 0.2673357725143433 0.4792068973183632 0 2.755178608000278 5.032543741166592 0 1625.115184046328 12.30102776736021 0.2844014316797256 1.375880777835846 0 1941.460859492421 1659.263481415808 2909.137697525322 967.2481073662639 17.18656326830387 3.521260939538479 1383.933285936713 795.3217617943883 39.40282071381807 393.9231034889817 0.4923797100782394 0 29.33483918756247 111.3598243221641 113.2035087272525 1886.114044480026 550.8380708023906 333.9752204194665 467.28236425668 31.34753423929214 0.8344789892435074 0.2550077736377716 2.624574393033981 6.207675158977509 1.098017878830433 5.192059434950352 0.7822547256946564 0 0.6517669558525085 13.31636227667332 1.580374948680401 18.34789160639048 0 0.1278790086507797 0.7025925517082214 0.1727637648582458 12.27731784433126 0.8543917462229729 2025.016751855612 0.5960484892129898 0 0 0 157.3100739195943 485.4982424303889 630.7928640395403 105.9520971253514 0 1.400486268103123 427.8503865301609 67.43490672856569 18.74800055474043 62.89682430773973 0 0.2999323010444641 2.088852375745773 3.003385402262211 20.83111847192049 101.1563690081239 3.738731049001217 11.8608363494277 12.08774035423994 13.82526473701 0 0 0.5368529558181763
440.5155275985599 23.12512885034084 1721.073825880885 0.8851103335618973 0.08660160750150681 38.7082216963172 225.8935406282544 235.6415919959545 0.3653334900736809 37.88301279395819 84.8571514710784 5.868540450930595 7.195299573242664 449.5236980691552 0.4392521902918816 12.30102776736021 996.3839931562543 329.7250800766051 1288.107461635023 3.757900752127171 201.2495374754071 1.548099219799042 1352.606679335237 4.211319327354431 6.890486210584641 2919.360060814768 1881.871028475463 33.33305685222149 582.0466902405024 552.1619321778417 2.856278635561466 0.8898067399859428 24.9820484817028 1348.245370231569 8.258217304944992 449.7236791700125 2140.413849703968 1765.478634692729 304.0339334458113 3.420623004436493 1.520147882401943 34.66464541107416 1.958588816225529 0 12.69706755876541 19.34839631617069 0 0 0.3010893166065216 0.9675479307770729 0 0.4660739451646805 0 0.3398388996720314 0 0.652654193341732 0.351894810795784 0 0.1832257062196732 17.13157645612955 0.2314222976565361 4.980341143906116 0 0.5223521143198013 0.1496061384677887 1.013850383460522 0.6155455335974693 2.198949962854385 163.4488564804196 201.4056930691004 0.4728477597236633 0 0.6429777666926384 0.2574978321790695 0 0 0.231186181306839 4.768486104905605 10.61577467620373 0.440612331032753 3.51288329064846 0.8626019358634949 0 0 0.1664658784866333 0
32.43594145774841 5.488238632678986 163.9120308086276 1.615535996854305 5.093960352241993 49.22933819144964 30.66918379440904 55.83461141586304 1.490551896393299 19.45816665515304 4067.628791376948 32.37026335299015 210.0436569526792 71.19240245223045 0.9572554305195808 0.2844014316797256 329.7250800766051 449.0808348320425 1001.591830082238 11.42285869270563 8.031637698411942 2.05578688532114 54.75356782227755 3.276313178241253 97.35864720493555 3029.86895198375 243.7103262171149 10.73498774319887 124.0612539723516 25.53168730437756 109.3460528180003 24.502361766994 1.077366419136524 1531.357033111155 6.988992162048817 386.1281716525555 1406.58723603934 1501.032142024487 484.8548375852406 7.93671216443181 16.96533078700304 127.0586715936661 2.986859925091267 0 4.698879562318325 0.48201934248209 0.1479760408401489 0 0.1640061363577843 0.7975563183426857 0.681797944009304 0.4634664207696915 0 43.25292114168406 0.1899396851658821 96.58593810349703 0.416713647544384 0.2426421493291855 0.08776063472032547 1.410674847662449 107.3241916298866 70.34519861638546 0 0.1859239563345909 0.2211741656064987 0.07478991895914078 1.61703072488308 23.71944230049849 370.0597392395139 281.6722529381514 1.53107825666666 0.3001164942979813 0.5333601981401443 27.61370343714952 0.2654245793819427 0 3.039314068853855 4.506360232830048 13.73721937090158 8.311403639614582 7.90939287096262 2.255838893353939 0.2845459878444672 0 1.509167417883873 0.1095917746424675
87.86484353244305 8.487928986549377 265.683013997972 2.242307126522064 0.673989363014698 19.92153507471085 55.43854182958603 64.46747328341007 1.177287444472313 22.84338769316673 903.1926608607173 18.28545074909925 11.66636268794537 117.4719420075417 0.3560018688440323 1.375880777835846 1288.107461635023 1001.591830082238 924.6134925708175 8.788734659552574 21.35246901214123 1.041564963757992 147.3692059144378 3.871804602444172 41.32157766819 3854.142738752067 797.8212138786912 12.59651505947113 159.3617583215237 65.1016863361001 5.198546752333641 2.60594642162323 4.377276174724102 2433.110876373947 6.869956284761429 494.3472926020622 823.5126826241612 1871.856214981526 486.1999943330884 3.518368497490883 1.870310537517071 4.627971217036247 2.254479475319386 0 8.638002939522266 0.4803204052150249 0 0 0 1.246514700353146 0.09642179310321808 0.1015076711773872 0 2.145207099616528 0.08368649333715439 6.260330371558666 0.1062070205807686 0.2938198149204254 0.08916506171226501 1.717692367732525 6.95637371391058 12.12203846126795 0 0 0.1837009638547897 0.3464482426643372 0.4797152578830719 11.37487775087357 172.476381726563 133.9635284692049 1.821765698492527 0 0 1.353264801204205 0.1277668625116348 0 0.6727508455514908 7.757708698511124 9.772774770855904 1.825928255915642 2.294660069048405 0.4110301733016968 0.6540055871009827 0 0 0
13.81791571527719 0.7230941876769066 3.635816060006618 3878.92033534497 2.159859120845795 608.001307927072 18.20116529613733 340.1605416685343 579.056845754385 3800.186273686588 19.70236274600029 3067.411746647209 1.003206998109818 413.131288588047 16.82208248227835 0 3.757900752127171 11.42285869270563 8.788734659552574 574.4380431398749 0.5372091084718704 1.606111213564873 1.650700837373734 284.7009892910719 0.4796174317598343 15.40922385826707 4.074635937809944 2199.085011549294 293.4371675774455 0.7189080938696861 0.6178252249956131 11.29831846803427 0.7060705795884132 127.8308511152864 5.496385291218758 267.9901277348399 5.612819232046604 380.1666885092854 98.54877501726151 146.6949651688337 16.77309672534466 2.219095878303051 17.87774933129549 0.1235225573182106 0.4449491500854492 0 96.17945162951946 0 4.226573064923286 31.10133986920118 2.0748206153512 99.34766952693462 54.52847790718079 0.07256782054901123 142.4177014529705 0.2557796686887741 2.845279566943645 1.12083987891674 0 0 0 0.09747917205095291 40.45102848112583 0.1156142428517342 2.68016155809164 0 107.7651066929102 0.0887332484126091 0.1783397495746613 0.5868155509233475 147.4709036722779 0.3727429509162903 0.1700781732797623 0.1046376377344131 0.2886177375912666 0 0.4030731692910194 0.397891491651535 3.118065044283867 0.210997685790062 0.5894361436367035 0.3876728340983391 23.64755365252495 0.3625980466604233 0 0
89.40376859903336 10.22662577778101 674.9094856083393 2.568697430193424 0 9.097004808485508 617.4389411583543 40.6542929187417 91.33513828366995 53.86230892688036 4.943620570003986 0.9614843353629112 1.14462848752737 99.13701552897692 0 1941.460859492421 201.2495374754071 8.031637698411942 21.35246901214123 0.5372091084718704 12893.88971588016 247.4962016493082 9683.127846293151 184.1847626119852 0.8116467520594597 107.0713082849979 564.1494238525629 4005.693542063236 197.1697563230991 9442.933628514409 0 0.2486207857728004 98.17903497815132 3576.046189852059 235.7844743281603 2889.162035755813 1027.437380596995 3747.264426499605 1498.149067804217 60.7316627278924 4.592477299273014 4.168998003005981 4.000752776861191 4.122451305389404 0.2574646323919296 1.455160140991211 0.4829789698123932 0 0.09659928828477859 4.808830685913563 0.2594329714775085 15.03949888050556 0.249543309211731 0 0.7078671455383301 0.102738618850708 5.52269384264946 0.1496335119009018 540.9739483967423 0 0 0.06919573247432709 0 125.2782411053777 166.7957076430321 122.848953768611 88.53182382881641 0 1.069667652249336 9.809707030653954 59.05500560253859 10.14168985188007 52.48602099716663 0 0.2617086172103882 0.9822363257408142 1.888601787388325 23.67690152674913 118.2017001137137 2.049165636301041 6.868675395846367 7.866835594177246 10.34804468601942 0.7846436500549316 0 0.3307277485728264
2.68897832930088 2682.34816814214 37.67686524242163 0.3370862305164337 0 3.37000872194767 11.52666302025318 4.722860649228096 2915.524488002062 0.3243255615234375 7.609050706028938 33.88650201261044 141.3262848630548 9.127893686294556 20.66958881914616 1659.263481415808 1.548099219799042 2.05578688532114 1.041564963757992 1.606111213564873 247.4962016493082 2406.857437282801 512.1836554035544 3944.175869479775 915.596108302474 84.7046130746603 1728.666261225939 160.6811850965023 6.471904993057251 62.48766553401947 18.16191732138395 0 3.615070879459381 24.0733575001359 5.933328062295914 100.1294775754213 40.20862157642841 63.76158732175827 39.20124193280935 8.258709937334061 0 0.5491710305213928 0.3223227635025978 3.169359765946865 89.85087929666042 54.18842820823193 1.784955136477947 0 0.233226552605629 19.21701520681381 1.00600166618824 26.06775994598866 0 0.2057974934577942 0.2442132532596588 1.973973236978054 7.597729086875916 0.7302307039499283 1408.994259729981 3.076273843646049 0.08305155485868454 0.1001421362161636 0.1535156518220901 74.13628085702658 610.695418253541 629.6393996626139 102.4137839823961 2.001097977161407 4.316105276346207 1695.779810152948 61.51864890009165 3.645202435553074 22.36377367377281 0.4746253788471222 0 0.1060491502285004 4.916182704269886 4.853900045156479 76.57037450373173 6.65495653450489 27.14346846938133 22.05292844027281 5.924351334571838 0 0.3390271961688995 0
244.9680671840906 257.6291688755155 12444.37362261862 23.71171518415213 0.2446687370538712 21.90562407672405 599.3077119663358 103.3513179272413 21.11014984548092 60.29026748239994 39.90696784108877 2.855881363153458 2.180219188332558 247.5763665363193 0.466345027089119 2909.137697525322 1352.606679335237 54.75356782227755 147.3692059144378 1.650700837373734 9683.127846293151 512.1836554035544 13549.96591626853 1650.576949819922 3.492150038480759 959.8338096216321 9918.22836291045 4766.324685737491 355.4659379571676 2646.426209293306 0.7269752398133278 1.127681538462639 42.52611982822418 2389.472198888659 626.7960152179003 7836.238410502672 6573.456134051085 5132.222233220935 4208.139506861567 222.3950613662601 12.28546801954508 9.052913643419743 18.69859431684017 0.8288638144731522 20.62128169089556 47.41614715754986 0.5909445807337761 0 0 5.07504490762949 0.6592819690704346 2.359423294663429 0.2898543328046799 0 0 0 3.602703221142292 0.6658652722835541 1069.282164506614 4.925448566675186 0 0.3249385058879852 0.1437323838472366 36.90365958958864 346.383603066206 716.7059547826648 24.89384216815233 0.1301558315753937 23.59917716681957 1600.056911692023 13.20218809694052 3.787498988211155 14.21423830837011 0.1104908883571625 0.2913107872009277 0.2626764476299286 3.336874268949032 124.6563755571842 155.7451771721244 9.633687779307365 21.14129650592804 41.2839325144887 5.81081710755825 2.077049255371094 0 0.9662075340747833
118.2587438970804 333.8965808078647 405.2690559327602 986.9623824059963 3.495568238198757 136.0108163952827 817.0452161133289 107.4814307615161 7601.767747372389 709.1240367591381 7.680385202169418 405.6797604337335 5.722120076417923 352.6595015376806 176.2737930268049 967.2481073662639 4.211319327354431 3.276313178241253 3.871804602444172 284.7009892910719 184.1847626119852 3944.175869479775 1650.576949819922 9390.90523634851 38.82740563154221 22.15353794395924 1868.939549319446 6685.812733031809 675.2091380432248 384.2237925007939 1.849467024207115 6.274231523275375 144.05644787848 327.6689283922315 82.45313286781311 1532.313142471015 107.3389980271459 811.6628600507975 401.515155442059 203.4019258841872 21.31834448128939 1.599107570946217 14.02026089280844 32.48693595081568 2.352555252611637 10.90228309482336 460.900605276227 2.277995988726616 40.94720505177975 989.8818002641201 72.86748860031366 711.462051436305 186.4651289731264 1.631741732358932 272.9666196256876 0.6051121279597282 101.4701902270317 5.132681109011173 370.6287132203579 0.542605958878994 1.20097878575325 1.131161563098431 136.2139324396849 162.4387917965651 185.8058943003416 61.63420251756907 2490.241883605719 0.1421904563903809 7.743983551859856 111.1411541700363 2487.85747551918 71.74500094354153 389.616838760674 0.2583512812852859 9.558557398617268 6.344094298779964 23.23351662606001 20.42641007900238 309.8540281578898 7.830469109117985 77.44020970910788 29.85594400018454 121.59164018929 5.234055005013943 0.320439338684082 0.7737222835421562
0.07597863674163818 2079.556572340429 11.68449680507183 0 1.991462163627148 9.009176820516586 0 6.022142432630062 166.4224900081754 0.5573028102517128 837.1923626810312 2.468587800860405 3283.34443666786 3.682167783379555 0.8755999803543091 17.18656326830387 6.890486210584641 97.35864720493555 41.32157766819 0.4796174317598343 0.8116467520594597 915.596108302474 3.492150038480759 38.82740563154221 245.7794341593981 1533.534089013934 6415.563067011535 1.133696608245373 6.768477983772755 0.07817466557025909 553.5332472547889 5.613479197025299 0.09559334069490433 413.1919163167477 0.25517937541008 11.83309876918793 66.61682984977961 206.8418490588665 21.31796827167273 1.141520857810974 16.15418377518654 54.48254818469286 1.598842591047287 0 8.781941741704941 0.3601236343383789 0 0 0.07013646513223648 0.4780706837773323 0 0 0.07987552881240845 51.84789429605007 0 193.177243553102 0.09102045744657516 0 0 0.2752143293619156 37.88299726694822 24.95327215641737 0 0.09508537501096725 0.5899501293897629 0.6617140173912048 0.4189265817403793 33.25514595210552 177.8058962672949 331.7190885469317 0.2852661088109016 0 0.2386376112699509 23.22175434231758 0.2259158194065094 0 2.491652972996235 0.1544071137905121 3.662123166024685 18.69389570504427 7.662690550088882 0.3655278831720352 0 0 2.783970884978771 0
112.1374195441604 1046.774812690914 5577.19321558252 6.607791572809219 6.510212868452072 130.9918253570795 466.2131064422429 322.6777584850788 22.14555261284113 101.9032989256084 2910.477539017797 46.24661725014448 672.4154504016042 318.2401508241892 1.258646264672279 3.521260939538479 2919.360060814768 3029.86895198375 3854.142738752067 15.40922385826707 107.0713082849979 84.7046130746603 959.8338096216321 22.15353794395924 1533.534089013934 24539.70643026754 12370.01000937819 128.3999948836863 202.6272548288107 114.0214485451579 728.2471538931131 26.68599469214678 1.902762934565544 2026.107044652104 55.72708623856306 2666.982521854341 7550.118627645075 4536.608254205436 1472.927322968841 21.78941777348518 21.54729914665222 335.7054207473993 15.94102838635445 0.09660961478948593 332.7569205239415 143.6400328353047 0.2313733994960785 0 0 4.240292817354202 1.158983491361141 1.465333692729473 0.2132048606872559 265.6766327247024 0.3962999433279037 708.3034147545695 2.292838118970394 1.072033122181892 1.825415909290314 151.511357717216 537.9440704286098 484.4520372599363 0 2.463006474077702 9.286919482052326 4.990130357444286 4.171650372445583 216.1071180552244 4271.930769525468 5225.124603118747 5.202755108475685 0.6041089072823524 4.753325998783112 164.9298501908779 1.281064100563526 0 23.56644254177809 34.4515737593174 80.36407866328955 104.6416588872671 77.5853765681386 18.57122567296028 0.2062485665082932 0 3.448169246315956 0.3874862194061279
10.23171704262495 8768.955632083118 3723.778514560312 9.04999977350235 1.391521878540516 16.20613688975573 141.8390738591552 18.94358245283365 272.8516961112618 25.43975346535444 884.7800513729453 10.04102858901024 3547.481950856745 25.72656013071537 0.6194321662187576 1383.933285936713 1881.871028475463 243.7103262171149 797.8212138786912 4.074635937809944 564.1494238525629 1728.666261225939 9918.22836291045 1868.939549319446 6415.563067011535 12370.01000937819 25537.79796296358 479.9603628888726 33.08702815324068 20.72576969116926 314.6062318906188 3.837253928184509 4.681517764925957 1827.810319639742 376.0524154752493 6763.977016463876 6478.647577777505 6676.637830533087 2683.546722479165 133.1078067645431 13.37486416101456 67.97766848653555 33.49933511018753 0.1389723867177963 747.6288809552789 888.794855222106 0.6239241883158684 0 1.347979582846165 38.99540058523417 3.61396037042141 6.624366998672485 0.8227945417165756 88.81675618886948 0.06443829089403152 245.1457012742758 7.059661947190762 2.397176772356033 459.7856978103518 194.4608719944954 146.3827437162399 251.6842506825924 0.08927097916603088 24.37471324205399 719.4356997013092 676.3792963773012 35.16742796450853 207.3467042669654 3648.216709025204 9992.603405728936 31.10896868258715 0.8038622960448265 20.44743224233389 65.62392596155405 0.5401033535599709 0 36.988246768713 135.8187116086483 280.6130115166306 73.02040300518274 188.7902431562543 125.0796509981155 1.894528068602085 0 2.917693898081779 0.7605953216552734
336.8875176608562 10.95301952958107 1084.256232455373 3240.353376932442 0.9885979741811752 331.7774540185928 11232.48533509672 254.5750152170658 1678.934189371765 5844.023232683539 13.03288860619068 1003.097877509892 0.9089534729719162 564.5377180352807 24.91995422542095 795.3217617943883 33.33305685222149 10.73498774319887 12.59651505947113 2199.085011549294 4005.693542063236 160.6811850965023 4766.324685737491 6685.812733031809 1.133696608245373 128.3999948836863 479.9603628888726 21724.50645326823 2026.482702180743 5335.838637121022 0.9058765023946762 9.610970042645931 600.0111404135823 1152.210318274796 243.7123339101672 4142.407907925546 183.0648838281631 2230.283589370549 1197.894893623888 195.8261460363865 23.62871555238962 3.54711177200079 25.51549846678972 41.70249541848898 1.624758422374725 5.828779861330986 418.79157050699 1.769442468881607 48.73726069927216 1127.788678042591 87.11571944504976 412.1242962777615 193.5132373794913 2.344273470342159 255.311491176486 0.3597582876682281 118.8014874309301 13.60944895446301 319.430315092206 0.9182529449462891 1.721175394952297 1.561749383807182 147.3770654350519 163.5688411220908 134.9816016927361 37.17012491822243 2033.034898586571 0 6.15385690331459 69.95752594619989 2249.366237662733 66.20545997470617 470.4086340814829 0.2872984111309052 9.154945053160191 6.506301805377007 22.55446670949459 26.9144070520997 347.4419074058533 12.1574319601059 78.41698525100946 33.57223502546549 131.0868361666799 5.476984441280365 1.730779021978378 1.570528924465179
