1233.810085192323 0 65.05718682706356 3.993742078542709 0.432187981903553 69.38140448927879 4450.318379513919 1995.538463711739 5.952437363564968 456.6562076807022 7.705128356814384 3.555656060576439 1.112606011331081 8093.396022848785 0.1991800665855408 1.998951829969883 66.09811826050282 4.606535702943802 24.00832449644804 3.661409698426723 35.6516031101346 2.611467093229294 107.4763777852058 29.45687517523766 0.5594930797815323 7.967432260513306 36.09856083244085 176.0576970502734 2643.753471523523 2715.059219889343 0 7.603289090096951 44.75540605187416 167.13466296345 1.210826516151428 90.62999550253153 16.8598515689373 101.6217058524489 34.7782800719142 4.849064871668816 1.958752177655697 0.2474648281931877 0.5373317003250122 0.1184743642807007 0 0.1783092021942139 0 0 0 0.6598844975233078 0.3844915926456451 3.132688246667385 0 0 0 0 0.7315083146095276 0 2.707799784839153 0.1089365780353546 0.1072110310196877 0.1199647635221481 0 0.5819977968931198 0.3097702413797379 1.113441035151482 9.651650048792362 0 0.6184586882591248 4.665920525789261 5.980333998799324 0.8922946602106094 0.5651077330112457 0 0 0 0.7547168135643005 0 3.249499425292015 0.9992400258779526 0.9999557733535767 0.2513035461306572 0.7027600705623627 0 0.926052987575531 0
0 215.8481000214815 107.2284937649965 0.1149048209190369 0 2.108400121331215 11.68919496238232 1.185081347823143 473.6061230376363 1.374268494546413 82.73217364400625 1.561992838978767 834.7819688171148 1.3352375254035 8.618844717741013 595.1966120824218 7.982397675514221 6.431334868073463 3.129553399980068 0 61.31244281679392 1944.773430913687 95.34288096427917 1283.226049587131 2498.637448094785 95.0331245213747 7641.961525447667 176.56773339957 1.21974965929985 1.385407231748104 37.68005277216434 0 0 5.080611661076546 1.401898890733719 21.53245481103659 42.82794453203678 23.22318527847528 5.587117724120617 10.95953955501318 0 45.30155338346958 0.2125806659460068 0 53.21688364446163 34.14164335280657 0.6415293514728546 0 0 1.174635402858257 0 1.329432010650635 0 11.37565901875496 0 45.66988062858582 0.6363864615559578 0 4.332036279141903 39.39568451046944 4.165642067790031 14.91501090675592 0 0.5708410069346428 11.38571973890066 16.2908920198679 8.102526813745499 26.92696316540241 109.7804203853011 1167.379576981068 3.60455235093832 0.09988067299127579 1.193027257919312 5.430747613310814 0 0 13.74618618190289 1.340881764888763 43.0277718231082 26.17218957096338 37.62923770397902 14.19682911038399 0.6627258062362671 0 12.20574522018433 0
65.05718682706356 107.2284937649965 4383.772226057947 0.1821358427405357 0 11.20657558739185 182.5185427069664 240.2958465069532 0.3122925460338593 5.561789572238922 33.96501311659813 0.863348551094532 9.493117846548557 121.4124463871121 0.4042937308549881 11.00107925385237 6898.710467979312 45.83765171468258 299.4690350368619 0.392815038561821 568.7557291537523 55.86429984122515 6382.350358970463 1.973948135972023 4.318561345338821 8273.863196454942 6398.922758080065 77.94071381539106 69.2338840290904 725.0175533592701 0.3074319064617157 1.292727008461952 3.409390270709991 520.3723550140858 27.04763704538345 1827.957571618259 2245.304308570921 2023.664858236909 1196.196109369397 55.20490213483572 4.620411574840546 3.69537216424942 9.611676350235939 0.9529042765498161 207.8664911463857 215.4177437722683 0 0 0 3.085608497262001 0.7070649936795235 0.4331627860665321 0.1129918321967125 1.405152499675751 0 12.3205678164959 1.503363683819771 0 7.940931715071201 226.7288375124335 2.304225012660027 59.88786917179823 0 3.827398307621479 115.4381632879376 72.21869517117739 4.446250207722187 10.04596721380949 300.8853900134563 1960.982716090977 2.456385210156441 1.816796168684959 3.809516973793507 1.216194309294224 0 0.4489873051643372 47.02535970509052 7.955384463071823 127.3043502420187 126.9622025415301 127.8402948155999 51.86814082413912 2.979143023490906 0.9967221319675446 0.2618346810340881 0.4390378892421722
3.993742078542709 0.1149048209190369 0.1821358427405357 4968.567254662514 0.4896513745188713 223.4030299633741 197.1660711914301 178.8702963143587 1162.823236331344 2810.905613198876 4.85214738547802 4424.374309547246 2.567021191120148 86.54417822510004 36.62557262182236 2.489311739802361 1.04831624776125 2.851233385503292 2.770394273102283 5509.464212827384 0.6053752228617668 1.742262430489063 1.275788985192776 2490.682529442012 0.141750380396843 3.28594446927309 2.319385193288326 6276.059994749725 151.4889226555824 6.008237414062023 0.08495457470417023 6.300957426428795 1.083917528390884 65.00823501497507 4.274472579360008 504.8613160848618 5.353960804641247 145.4835934787989 50.34242413192987 149.2393212392926 4.363315001130104 1.61768776923418 10.81086062639952 3.027619704604149 0 0.7425670549273491 367.3762342855334 0 13.84352593868971 100.1417068243027 19.90876331925392 114.6147317886353 283.4145907759666 1.115727677941322 142.4465376138687 0.2917482256889343 21.32358741015196 3.151358053088188 3.181911438703537 0.1699221730232239 0.500444658100605 0.1424311399459839 148.9273041337729 4.479063756763935 0.2680153995752335 1.178244419395924 716.0502449274063 0.282601997256279 0.3229585662484169 1.450129739940166 670.9664607644081 27.42593263834715 8.677009791135788 0 0.5827478095889091 2.825038313865662 14.05762705951929 1.926666557788849 115.6503972113132 0.1532825827598572 28.23260625451803 3.21624855697155 129.0733741670847 2.462238013744354 0.1504679173231125 1.09358087182045
0.432187981903553 0 0 0.4896513745188713 19.65635673701763 113.1229684501886 4.575874224305153 34.9808126911521 57.36552545428276 3.705728195607662 16.30949166417122 119.3793120980263 4.766874477267265 5.287886261940002 1056.718452617526 0 0.1305225938558578 6.101291857659817 1.004653476178646 4.649878293275833 0 1.607189640402794 0.5110139027237892 7.588668301701546 0.3259734213352203 3.406723834574223 1.808211728930473 6.216864868998528 115.4445830956101 1.837348096072674 0.244607001543045 15.98220202326775 0 432.2452683821321 0.9452900886535645 33.91915716975927 3.258442208170891 131.0113725364208 24.58295300602913 2067.151720553637 220.5161175876856 3.834649130702019 5.633388951420784 0 0 0 0.6718656271696091 0 0 0.3089649677276611 0 0.1803700178861618 0.256580263376236 0 0.4419281929731369 0 0 0 0.1799405738711357 0 0 0 0 0 0 0 1.802447944879532 0 0.3537084758281708 0 0.8212783187627792 0 0 0 0 0 0 0 1.05780953168869 0 0.1997623145580292 0.163832500576973 0.7202917039394379 0 0.4235618263483047 0
69.38140448927879 2.108400121331215 11.20657558739185 223.4030299633741 113.1229684501886 9169.575732499361 3464.984569296241 6132.145933903754 119.9691480770707 5350.034750603139 99.79333671927452 4878.929367229342 35.49563954025507 530.5016672462225 742.6249626427889 15.02742548286915 6.557728163897991 50.6612600684166 16.61232463270426 925.1933548822999 14.25617753714323 19.98002161830664 29.48260754346848 306.5992900654674 1.325574435293674 27.40830682218075 52.19134990870953 1420.70695117861 465.9049836099148 56.90931667387486 3.05346093326807 442.41380828619 1.336013227701187 637.5612848475575 6.31047572940588 841.8016999661922 29.56986159086227 700.4263644516468 165.9738968908787 2256.545823328197 460.7886525988579 50.17031578719616 35.93595028668642 1.071979254484177 0 1.503588318824768 26.73600531369448 0 1.479512721300125 34.08246252685785 5.64989160746336 21.50349094718695 9.754774779081345 0.4572464823722839 13.93906599283218 0.1245134249329567 7.386260986328125 1.151428312063217 13.33827313780785 0 0 0.3342026621103287 13.19971138238907 3.308328926563263 3.976014815270901 8.371592655777931 170.7415222302079 0.2115849405527115 0.3933564871549606 8.99943321198225 127.6065406352282 11.26235499978065 7.722676537930965 0 0 3.40921513736248 5.275702029466629 1.885378122329712 73.90000358223915 1.247194036841393 16.07888399809599 4.062268666923046 37.59575783461332 1.52932445704937 2.590538635849953 0
4450.318379513919 11.68919496238232 182.5185427069664 197.1660711914301 4.575874224305153 3464.984569296241 22204.25262560695 6195.04887586832 179.2624313384295 10453.33593129367 27.04481585323811 145.9478485882282 9.647000946104527 5502.906920179725 15.23361778259277 205.3395757228136 60.14578432589769 20.07699684053659 24.72513640671968 112.9164879694581 574.3590706437826 155.8298891782761 685.7433569356799 1111.718691267073 5.390934027731419 24.66890750825405 532.225296407938 21236.23095502704 2422.925500556827 7038.477239206433 1.37624629586935 42.92749162763357 85.05498521029949 584.7178511843085 18.93846596777439 3200.685899749398 125.1014883965254 1320.948075950146 558.1603996157646 346.8481956422329 62.03783363848925 2.978472307324409 30.3075840100646 6.776160463690758 1.338824167847633 14.25475261360407 17.89530295878649 0 1.458795845508575 70.31683937460184 8.367636203765869 86.83313163369894 7.668279737234116 1.477585174143314 2.590848088264465 0.1138578057289124 16.71932512521744 0 108.6805925741792 5.138329438865185 0.3332900404930115 0.1604777872562408 8.622163891792297 31.04048804193735 35.75946964323521 73.90714426338673 420.1030210852623 0.2721518129110336 2.883676700294018 85.11371301114559 326.9320581555367 40.69832270592451 37.10963501036167 0.1343705803155899 0 3.846284545958042 15.73195856064558 4.206515043973923 145.7091256082058 2.439860761165619 28.36174228042364 10.34315278381109 37.46082875132561 6.616353169083595 0.591272234916687 0.6985322535037994
1995.538463711739 1.185081347823143 240.2958465069532 178.8702963143587 34.9808126911521 6132.145933903754 6195.04887586832 5027.898870818317 55.37368876487017 1968.118686191738 143.7413864657283 2476.696340836585 33.79420179873705 6474.062650479376 303.688808247447 25.83509681373835 170.0141443684697 64.00259099155664 80.03887771815062 491.4332178011537 186.1537622138858 26.4683972671628 380.5986484289169 223.3244949951768 1.360954314470291 56.58083325624466 179.7153652906418 1084.891371540725 4457.000709034503 2085.520346805453 3.787028580904007 829.494479753077 6.07402841001749 1151.645284943283 4.574776485562325 646.1801287904382 81.82151790708303 741.9767432436347 203.7269141077995 1482.469020925462 449.5508490502834 34.00348364561796 22.45001383125782 1.861744783818722 0.144147977232933 6.22767224162817 9.736008450388908 0.2078314423561096 1.301414325833321 28.04169146716595 1.762459054589272 31.34031899273396 1.591826349496841 0.5366359502077103 4.865691222250462 0.1345544755458832 9.881358936429024 0 25.62143421918154 1.693556599318981 0 0.6406916379928589 4.304736845195293 8.115326128900051 10.25253820419312 19.2137920409441 217.1120382323861 0 1.416723683476448 41.77383354306221 143.8578625246882 20.05432935059071 17.79861204326153 0 0 2.843431659042835 7.717880725860596 2.43477425724268 49.90149393677711 1.238455340266228 16.0363503023982 8.092641927301884 23.8941311314702 1.374654233455658 3.584693133831024 0
5.952437363564968 473.6061230376363 0.3122925460338593 1162.823236331344 57.36552545428276 119.9691480770707 179.2624313384295 55.37368876487017 857.0365091338754 117.7754054442048 9.375248670578003 841.0833427235484 57.0140146613121 26.11280651390553 1373.314107835293 18.4260333403945 0.7695127725601196 1.281260371208191 0.9257811531424522 807.4850509390235 13.49840001761913 2796.234440244734 7.569127760827541 8725.594339288771 154.4515312984586 7.601616539061069 115.9305996969342 2161.086036473513 67.50978723913431 21.95940937101841 5.056029878556728 1.742527291178703 8.843130081892014 25.31391815841198 0.6253761947154999 268.0038104355335 15.76755545288324 59.89461595565081 23.90822236984968 657.3881195709109 4.036430597305298 1.476236611604691 2.876979157328606 7.323472090065479 7.570911340415478 1.388706251978874 322.9974708855152 0 27.12719172239304 87.66672844439745 17.69372994452715 364.0023263022304 73.40810286253691 1.776575095951557 160.9919726550579 1.019803032279015 23.63546052575111 17.17247080802917 257.8860667869449 0.6112546026706696 0.6781767979264259 0.2293296605348587 184.3271555677056 84.7889658510685 245.3651199266315 43.89581394195557 2167.890527062118 0 2.204621031880379 35.76336912065744 959.3520915731788 41.3572364076972 38.28711888194084 0.122211217880249 0.2692336142063141 4.250858016312122 23.97240303456783 1.955539435148239 163.7596726715565 1.470766171813011 34.00936834514141 7.885472677648067 231.6146975457668 3.905714951455593 0.1453798413276672 1.94075932353735
456.6562076807022 1.374268494546413 5.561789572238922 2810.905613198876 3.705728195607662 5350.034750603139 10453.33593129367 1968.118686191738 117.7754054442048 25183.02698968351 26.95019111037254 7432.318047873676 4.87889638543129 842.6554367914796 16.54304398596287 20.86522163450718 3.780552163720131 17.71311543881893 10.96347288042307 6544.124109491706 7.602872096002102 16.66746459901333 17.97764907032251 503.0979830697179 0.8294310122728348 8.502074509859085 30.99042356014252 9486.248385071754 561.470471970737 23.95371648669243 0.3164834156632423 37.29184487462044 1.479203179478645 238.5435474961996 7.857718095183372 1287.512330301106 16.13173443078995 515.1328518614173 125.4093281403184 334.2755498215556 35.62437973171473 2.141636021435261 37.15299451351166 3.390027180314064 0.5241190642118454 0.9928003028035164 93.45896904170513 0.1766188144683838 5.508738100528717 55.0439193919301 9.195076070725918 39.65693049877882 17.70038944482803 2.052321642637253 80.16338218003511 0.1162004098296165 12.34173341095448 2.572196125984192 13.03650464117527 0.5455686450004578 0 0 37.62699574232101 3.12111696600914 3.196616187691689 8.848368041217327 310.8173642903566 0 0 7.37271661311388 291.3346112221479 20.67314931750298 8.411352962255478 0 1.359494216740131 3.611451432108879 9.886237114667892 1.418732851743698 75.99001850932837 0.4760585725307465 25.51406794041395 4.400095067918301 47.1332400739193 2.784518554806709 0.3813189566135406 0.1374401152133942
7.705128356814384 82.73217364400625 33.96501311659813 4.85214738547802 16.30949166417122 99.79333671927452 27.04481585323811 143.7413864657283 9.375248670578003 26.95019111037254 14908.50768309832 62.46006661653519 2532.248255416751 86.26494070142508 12.30081754922867 8.915481314063072 503.0760533288121 4288.541880548 1925.195461548865 12.01546888053417 21.17814757674932 19.82685653120279 101.9733452349901 25.93979271501303 907.6323449462652 3456.645638406277 1415.525918334723 27.03293231874704 166.3718948587775 69.42683978378773 567.7642814144492 133.50042001158 3.192344479262829 6678.612002968788 18.18376643955708 972.1042562052608 6669.499427348375 3375.896407939494 1077.15857347846 76.89124208688736 42.83702827244997 1263.845508024096 9.470449544489384 0 18.31214686483145 0 0 0 0.2920752316713333 0.6235200464725494 0.3226311504840851 0.6817380785942078 0 609.9655625671148 0.4242922738194466 1626.301053032279 0.1494839936494827 0 0.1199075356125832 0.5609831959009171 66.48222453892231 2.311808347702026 0 0.3507351875305176 0.8318290486931801 0.2661593705415726 6.723686642944813 103.6031075567007 229.1317216828465 367.1070789396763 2.553447753190994 2.250492446124554 0.5021335482597351 195.6131637841463 0 0 5.952020719647408 1.594340443611145 15.43258997052908 512.9035371094942 34.70545993000269 14.42913151532412 0.3753288686275482 1.810606583952904 426.5643873289227 0
3.555656060576439 1.561992838978767 0.863348551094532 4424.374309547246 119.3793120980263 4878.929367229342 145.9478485882282 2476.696340836585 841.0833427235484 7432.318047873676 62.46006661653519 8579.208502747118 23.70605435967445 497.7460314631462 2115.104345679283 0 4.514070391654968 45.28923264890909 18.62740561366081 6624.467560902238 1.481336615979671 10.51699705421925 2.350956000387669 2385.117940530181 0.3852223083376884 27.94268576800823 11.61514814198017 3208.41464690119 398.2341499105096 12.23254729807377 2.467671856284142 91.66400451958179 0.2665132358670235 402.0787211582065 4.329043552279472 1257.656603731215 28.26172067970037 604.4103751853108 69.03536384552717 2225.010950043797 88.61392334848642 9.698488019406796 11.04937956482172 3.274612843990326 0 0.8509632050991058 179.844805188477 0.08738606423139572 28.40146397799253 41.45991787314415 12.56860902160406 27.42097845673561 241.3432878404856 0.09965015947818756 409.2950258255005 0 12.20621497929096 15.70699323713779 9.337488427758217 0 0.4025007337331772 0 192.9328741133213 4.75188073515892 0.2634430825710297 4.802480444312096 302.5690233930945 0.1218479126691818 0 3.636932045221329 233.6940857023001 15.73435066640377 8.132342278957367 0 0.5528015866875648 1.53225389122963 10.97626295685768 0.8980815261602402 314.9010866507888 0.5738252177834511 21.45518578588963 3.832726143300533 270.534126996994 2.756068170070648 1.257868118584156 1.022861480712891
1.112606011331081 834.7819688171148 9.493117846548557 2.567021191120148 4.766874477267265 35.49563954025507 9.647000946104527 33.79420179873705 57.0140146613121 4.87889638543129 2532.248255416751 23.70605435967445 4827.656649105251 9.419699981808662 5.208636246621609 86.24240522831678 6.98776550590992 193.0121481046081 19.32618407905102 4.397309131920338 23.25799730420113 134.5163605585694 97.98459322750568 123.9996556192636 5367.491865769029 771.2275340855122 5374.553290583193 37.9449048936367 10.83318600058556 14.85726422071457 943.2905464544892 30.24144423007965 0.4457926154136658 452.2045580297709 35.05450862646103 2964.805053643882 8124.486017897725 2530.630777426064 493.4181106463075 276.489711932838 267.9907028153539 2128.891095034778 10.99134595692158 0 51.54366894066334 0.4379438981413841 3.803508907556534 0 0 3.379519030451775 1.402115657925606 0.1055314093828201 0 801.8863362744451 1.429440595209599 2051.63387773186 3.060353472828865 0 1.413459539413452 0.249561995267868 53.64182468503714 5.571737885475159 1.678992450237274 4.472669154405594 1.458561256527901 1.194834277033806 9.913379274308681 264.2220107540488 299.9103347361088 472.1896889358759 8.374411374330521 2.925684720277786 2.459591060876846 210.618547424674 0.2413806766271591 1.869513630867004 11.50368928164244 4.406499236822128 1164.288220979273 649.6732684746385 71.23860283941031 51.85927252471447 183.814832046628 14.52517703175545 532.1503344997764 8.389759063720703
8093.396022848785 1.3352375254035 121.4124463871121 86.54417822510004 5.287886261940002 530.5016672462225 5502.906920179725 6474.062650479376 26.11280651390553 842.6554367914796 86.26494070142508 497.7460314631462 9.419699981808662 10789.45099078864 54.22236437350512 9.837735548615456 159.3879143744707 51.59863975644112 77.15530802309513 147.5052833780646 97.06758893281221 11.17127339541912 207.4361735731363 114.3351851627231 0.8346651569008827 44.00587095320225 119.2460829466581 653.1194895282388 7534.851435005665 3073.027550809085 2.014308266341686 177.152357429266 15.54353312402964 854.5931534394622 1.151990830898285 405.9065473228693 55.70348458737135 483.1857062801719 109.8652530610561 276.8580432981253 33.7737969905138 5.264238372445107 3.86667687445879 1.874637998640537 0.9646406024694443 4.546806544065475 3.211398437619209 0 0.4471698701381683 8.132690899074078 1.44509594142437 13.12153726071119 1.551412895321846 0 1.1045186445117 0 1.257171742618084 0.1434831917285919 13.57227750867605 0.7883432358503342 0 0.1318026334047318 1.229186251759529 4.545695640146732 5.111869297921658 9.313040010631084 89.29285273700953 0 1.273694165050983 26.01421999931335 59.36954762041569 4.614929474890232 5.510199226438999 0.3198362067341805 0 0.5926465392112732 3.021132290363312 0 22.7637062817812 0.9187827408313751 7.485723912715912 1.963643833994865 5.277954839169979 0 0 0.1386796832084656
0.1991800665855408 8.618844717741013 0.4042937308549881 36.62557262182236 1056.718452617526 742.6249626427889 15.23361778259277 303.688808247447 1373.314107835293 16.54304398596287 12.30081754922867 2115.104345679283 5.208636246621609 54.22236437350512 760.6492277532816 0 0.1353087872266769 6.084962405264378 1.641101621091366 56.9116311147809 0.2180854305624962 37.60977177321911 0.135670080780983 430.3159618005157 3.563083440065384 2.596516944468021 3.386903509497643 117.2657166942954 16.85109870135784 0.8451854288578033 0.5652507171034813 85.97476021200418 0 70.69249122589827 0 242.0602536872029 5.086750887334347 80.49542448669672 14.38581182807684 1992.813282616436 131.3965480402112 5.704155743122101 1.92546509206295 0.1825560331344604 0 0.5826767683029175 24.91577985882759 0 2.918578326702118 4.331837341189384 2.35907457023859 8.823334991931915 6.427279770374298 1.354229629039764 13.51144747436047 0 0.4516295865178108 2.672765731811523 3.813571035861969 0 0 0 21.79104453325272 3.307469233870506 2.613509580492973 4.553692921996117 43.51291121542454 0 0.1878682672977448 0.5469899773597717 32.15788168460131 1.081023760139942 1.311055436730385 0 0.1301786303520203 1.015076279640198 1.141217678785324 0 62.42276245355606 0 0.9639397263526917 0.2840471714735031 52.88591092824936 0.144925519824028 0 0.8156353235244751
1.998951829969883 595.1966120824218 11.00107925385237 2.489311739802361 0 15.02742548286915 205.3395757228136 25.83509681373835 18.4260333403945 20.86522163450718 8.915481314063072 0 86.24240522831678 9.837735548615456 0 2574.708555541933 6.510847948491573 0.9948523938655853 1.684716545045376 0.289227694272995 2556.332786157727 3209.203985586762 4605.354410022497 1497.289221137762 109.6395569071174 7.35149647295475 4998.557783447206 1564.653808824718 11.79038544744253 72.0233873128891 3.705290652811527 0.6080135703086853 2.402817890048027 41.44974067807198 16.72996585071087 1500.501384206116 323.5067289024591 236.0520554482937 440.0182440131903 87.96781092882156 1.794309020042419 12.06468057632446 11.67211443185806 0.9535456895828247 9.023222088813782 143.9986096471548 0 0 0 5.804136574268341 0.2164819911122322 16.41367796063423 0.1099375039339066 3.781212612986565 0 1.766885526478291 1.224704146385193 0 2722.304778210819 7.868988767266273 0.3364447355270386 2.088328339159489 0.6692842245101929 228.7479055225849 740.1270506009459 1997.50678139925 134.4148315340281 1.350278005003929 5.31555163115263 1086.175135530531 122.5215209200978 5.334005154669285 16.74591337144375 0.1256278604269028 0 2.21369406580925 15.76202750205994 6.177401468157768 291.5329641699791 26.60280108451843 74.06526917219162 81.31167425215244 3.490003570914268 0 8.501212418079376 0.1698587834835052
66.09811826050282 7.982397675514221 6898.710467979312 1.04831624776125 0.1305225938558578 6.557728163897991 60.14578432589769 170.0141443684697 0.7695127725601196 3.780552163720131 503.0760533288121 4.514070391654968 6.98776550590992 159.3879143744707 0.1353087872266769 6.510847948491573 1791.197651952505 300.6453730836511 2549.884132564068 2.07143672555685 667.5759000554681 2.365737594664097 6295.718971006572 2.154142126441002 7.406369030475616 5040.821323819458 6544.8716802001 37.65133354067802 250.5437467172742 2204.453008644283 1.572004787623882 1.780597358942032 20.1363270804286 4639.493022441864 18.77369466423988 1339.147454723716 1745.635930471122 4071.156787239015 928.1124190241098 39.06198205053806 2.513200268149376 5.965713918209076 5.702372774481773 0.3646974861621857 45.35526775568724 15.53547661751509 0 0 0 1.170926213264465 0 0.2863178551197052 0 1.438643053174019 0 4.82621531188488 0.1698719710111618 0 6.367455929517746 34.43882965296507 2.841410480439663 44.3830708861351 0 1.366523414850235 4.964437365531921 6.326031640172005 1.786414004862309 3.175304032862186 224.6939995363355 367.1232306212187 1.301765270531178 0 0.8242575377225876 0.7351055070757866 0 0.1505198031663895 9.649496480822563 8.838513866066933 23.36576807498932 26.26833023875952 23.45041604340076 11.47303239256144 0.620464563369751 0 0.7667840719223022 0.3019932210445404
4.606535702943802 6.431334868073463 45.83765171468258 2.851233385503292 6.101291857659817 50.6612600684166 20.07699684053659 64.00259099155664 1.281260371208191 17.71311543881893 4288.541880548 45.28923264890909 193.0121481046081 51.59863975644112 6.084962405264378 0.9948523938655853 300.6453730836511 146.3622977510095 4013.580024734139 8.545163840055466 17.7708740606904 1.216994628310204 90.7536990121007 5.734461277723312 85.38891892880201 3228.473252020776 1547.439485840499 17.90786618739367 85.27363996952772 81.67745109647512 188.3860018253326 52.12248907238245 2.038448058068752 1757.474994286895 7.62819916009903 1002.337412804365 1437.475432351232 1525.031798258424 443.9162729382515 45.70235975831747 9.401865780353546 44.50258205831051 4.384920783340931 0.4504028037190437 7.552664384245872 0.2871035486459732 0 0 0 0.2852611839771271 0 0.572998084127903 0 18.75561162829399 0 55.47860419750214 0 0 0.5600127503275871 0.675259530544281 40.08480838686228 11.19826083630323 0 0 0.1519560068845749 0 3.788929522037506 16.99981795251369 174.8261335194111 150.7198193818331 2.515191987156868 0.2657617330551147 0.3169631063938141 30.15926678478718 0 0 0.5835866183042526 3.354420930147171 8.220539450645447 19.60723809152842 2.704954408109188 1.208668358623981 0.607326865196228 0 1.006949290633202 0
24.00832449644804 3.129553399980068 299.4690350368619 2.770394273102283 1.004653476178646 16.61232463270426 24.72513640671968 80.03887771815062 0.9257811531424522 10.96347288042307 1925.195461548865 18.62740561366081 19.32618407905102 77.15530802309513 1.641101621091366 1.684716545045376 2549.884132564068 4013.580024734139 2731.01896020025 4.249401696026325 136.882451094687 0 633.8913721740246 3.312912620604038 13.01352514326572 8493.236711598933 2133.947965160012 17.94410861283541 129.4699360877275 650.9488214477897 7.466482236981392 13.39546626061201 7.245497584342957 3795.119347430766 11.91557897627354 1272.495727233589 1021.389662183821 2429.288175314665 691.4943870157003 37.87552846968174 2.130978539586067 8.284830823540688 3.616936229169369 0 7.41587121039629 1.456326469779015 0 0 0 0.1138739585876465 0.1851695626974106 0.1205137446522713 0 0.5877507999539375 0.1086531803011894 1.427924923598766 0 0.1098357141017914 1.058113485574722 4.015593327581882 8.678438611328602 20.41225446760654 0 0.6446564868092537 0.7530833333730698 1.167892701923847 2.826090335845947 1.368500612676144 111.8515080288053 103.8432474881411 1.842655867338181 0.1485436409711838 1.178058996796608 2.793594099581242 0 0 1.834192425012589 2.034208118915558 6.271765053272247 8.984894551336765 7.494629077613354 1.43907155841589 0.5730878785252571 0 0 0
3.661409698426723 0 0.392815038561821 5509.464212827384 4.649878293275833 925.1933548822999 112.9164879694581 491.4332178011537 807.4850509390235 6544.124109491706 12.01546888053417 6624.467560902238 4.397309131920338 147.5052833780646 56.9116311147809 0.289227694272995 2.07143672555685 8.545163840055466 4.249401696026325 873.4885617345572 0.4965232908725739 0.8984320163726807 0.3248012810945511 582.2618825659156 0.2230818569660187 4.291907727718353 4.252719193696976 4762.806884780526 174.3697922676802 3.742633566260338 0.3216971009969711 18.32973145693541 0.6061395779252052 102.8919759020209 4.397163987159729 544.930352114141 4.935012146830559 195.4842379614711 46.46602713316679 386.5262828543782 18.31084148585796 1.222431018948555 16.75267480313778 2.925438612699509 0 0.3227871134877205 249.29474683851 0 14.76973566412926 83.81195214390755 16.82548100501299 82.69744038581848 52.66168785840273 1.20964328199625 100.2884844094515 0 22.58963794261217 4.037891656160355 2.421347081661224 0 0 0.1312347650527954 136.76258803159 5.034886956214905 1.791254699230194 1.617327317595482 650.4963172823191 0.1785625070333481 0 0.6847034841775894 497.5719784200191 21.57915724813938 14.44057412445545 0 0.121363528072834 0.2353788912296295 17.39920695126057 0 158.1115215048194 0.2708026468753815 42.64303095638752 4.636917434632778 127.4622937291861 3.813627243041992 0.1046026274561882 0.5749228000640869
35.6516031101346 61.31244281679392 568.7557291537523 0.6053752228617668 0 14.25617753714323 574.3590706437826 186.1537622138858 13.49840001761913 7.602872096002102 21.17814757674932 1.481336615979671 23.25799730420113 97.06758893281221 0.2180854305624962 2556.332786157727 667.5759000554681 17.7708740606904 136.882451094687 0.4965232908725739 12030.42474788427 305.8409619182348 18710.5212207213 551.0529168322682 12.96201661974192 34.17807184904814 1744.200684018433 4584.019366905093 122.20710298419 12108.71034684777 0.9893443956971169 0.1560832411050797 76.42374306917191 4093.99518225342 78.19764959067106 6618.645289413631 945.7946406453848 5244.109843857586 3922.019247785211 245.6521606147289 9.376400008797646 8.876017585396767 57.06841987371445 1.110859654843807 0.6721815764904022 18.01795176416636 0 0 0 3.848077900707722 0.2743065059185028 18.40501780807972 0.1038039103150368 0.4891134798526764 0 0 0.8951087221503258 0 714.0971332862973 4.074771724641323 0.1464519649744034 0.8069683760404587 0 276.6853472813964 222.2284225597978 349.7325006946921 155.1918004378676 0.3791761994361877 3.416272431612015 108.3868451341987 154.0283097997308 9.404638074338436 38.17439100146294 0 0 2.184328518807888 11.08424565941095 27.03709989786148 144.0868368297815 4.976300045847893 21.07172995060682 14.747558362782 5.171396464109421 0.8506042808294296 1.789050117135048 0.3221965581178665
2.611467093229294 1944.773430913687 55.86429984122515 1.742262430489063 1.607189640402794 19.98002161830664 155.8298891782761 26.4683972671628 2796.234440244734 16.66746459901333 19.82685653120279 10.51699705421925 134.5163605585694 11.17127339541912 37.60977177321911 3209.203985586762 2.365737594664097 1.216994628310204 0 0.8984320163726807 305.8409619182348 1673.903471432626 324.9167216718197 9027.018559835851 500.6484997943044 13.37432021647692 2216.779838681221 998.5824413523078 8.809823840856552 20.43278156965971 8.395934581756592 0.3952402919530869 1.513849690556526 7.990555115044117 0 66.37772964686155 19.18028604984283 15.46471390128136 13.67288937419653 57.35678091645241 1.019696399569511 7.253592595458031 0.1365338414907455 0.3903044462203979 16.79365234076977 178.1879936680198 3.395541943609715 0 0 4.465174049139023 0.3811772242188454 7.991751119494438 0.9377690553665161 2.736815273761749 0 2.074403762817383 1.736561946570873 0 1874.225392900407 17.22418439388275 1.05375075340271 3.238376468420029 0 96.86880487948656 175.676423959434 748.9706739336252 86.63891376554966 6.185714468359947 4.953205317258835 1618.005685523152 59.68513563275337 2.7677386328578 7.456620968878269 0.7082883045077324 0 0.6583261117339134 12.43970368057489 1.424106582999229 82.68315598368645 23.31224339455366 53.13670419901609 44.93369363248348 3.909870356321335 0.5991237759590149 0 0.7014924585819244
107.4763777852058 95.34288096427917 6382.350358970463 1.275788985192776 0.5110139027237892 29.48260754346848 685.7433569356799 380.5986484289169 7.569127760827541 17.97764907032251 101.9733452349901 2.350956000387669 97.98459322750568 207.4361735731363 0.135670080780983 4605.354410022497 6295.718971006572 90.7536990121007 633.8913721740246 0.3248012810945511 18710.5212207213 324.9167216718197 18090.92795538157 273.3395309597254 15.81859910488129 830.2999543398619 14408.58972962946 1445.634112745523 157.7538478001952 6746.484169743955 0.6705222800374031 2.662375576794147 17.01539891213179 3991.400075644255 152.1248263269663 10561.1545317322 5232.363157853484 8452.556921601295 8290.28142143786 527.3614173606038 25.07390581071377 37.73330262303352 83.36084020137787 1.451492600142956 32.33894173055887 445.9674213826656 0 0 0 10.90699231624603 1.212155893445015 3.57995280623436 0.2460014745593071 3.934515774250031 0 2.717460229992867 2.262756578624249 0 1388.465555638075 88.9470844194293 0.7688610926270485 9.641411289572716 0 120.3238890171051 346.5784926339984 1415.551278464496 54.41119132190943 3.142926536500454 40.42893289774656 2001.756744295359 51.13632156699896 4.402590841054916 10.04149516671896 0 0 0.4550904035568237 37.59516050666571 54.11279489845037 307.8718663156033 94.11087534576654 147.3029042109847 118.5426495671272 6.82776004076004 2.036197930574417 11.00442551076412 0.63263238966465
29.45687517523766 1283.226049587131 1.973948135972023 2490.682529442012 7.588668301701546 306.5992900654674 1111.718691267073 223.3244949951768 8725.594339288771 503.0979830697179 25.93979271501303 2385.117940530181 123.9996556192636 114.3351851627231 430.3159618005157 1497.289221137762 2.154142126441002 5.734461277723312 3.312912620604038 582.2618825659156 551.0529168322682 9027.018559835851 273.3395309597254 9148.266683638096 333.1079589128494 18.33737882226706 1100.472484491765 10818.18872958422 305.3665480315685 63.99091550707817 11.27484606951475 7.704508855938911 26.18369513750076 153.657115034759 9.638524025678635 1342.774864420295 45.61230721324682 346.8015267625451 180.2510097026825 612.7366738840938 14.3090428262949 7.38786618411541 15.78001671284437 19.60044833272696 2.425782591104507 12.7565628811717 326.8098769262433 0.5336254835128784 16.38799358904362 233.9926387444139 28.52651795744896 786.7714478597045 71.02759853750467 2.993932045996189 80.06805775314569 1.616620182991028 63.2012637257576 10.65081662684679 816.6455811560154 6.918505690991879 1.670769989490509 2.237197607755661 176.0420860648155 330.2346675843 316.6214085891843 267.0671486780047 2824.564414672554 0.2651956379413605 5.17014716565609 116.0340365841985 1849.872299864888 139.7014270052314 173.688728235662 0.3100553080439568 2.046623468399048 26.60280284285545 72.81216350197792 4.300698205828667 462.5339943170547 8.910152144730091 117.103716224432 42.39429757744074 225.8650809004903 10.83572448045015 4.116408810019493 1.667643070220947
0.5594930797815323 2498.637448094785 4.318561345338821 0.141750380396843 0.3259734213352203 1.325574435293674 5.390934027731419 1.360954314470291 154.4515312984586 0.8294310122728348 907.6323449462652 0.3852223083376884 5367.491865769029 0.8346651569008827 3.563083440065384 109.6395569071174 7.406369030475616 85.38891892880201 13.01352514326572 0.2230818569660187 12.96201661974192 500.6484997943044 15.81859910488129 333.1079589128494 623.5262072682381 315.9924284890294 5705.014772087336 45.68059203028679 1.230868108570576 0.9581065624952316 435.8153475001454 1.138894885778427 0 35.952552780509 0 37.42757464945316 332.2686789110303 118.9691136106849 22.52794826030731 5.545389026403427 0.1986720710992813 203.7004732489586 0.1528058499097824 0 82.92485240101814 0.5969593971967697 0.1293925046920776 0 0 0.4813220798969269 0 0.3643293678760529 0 132.6520046889782 0 191.3484924137592 0.1248344704508781 0 1.142080657184124 0.5804748237133026 19.99766942858696 9.657180368900299 0 0.1132063493132591 1.756499901413918 0.2570464536547661 1.212915152311325 94.97913870215416 168.7717889323831 211.9345875233412 0.9819142073392868 0.116962693631649 0 26.39145977050066 0 0 2.485544450581074 0 1.695948883891106 45.82663132250309 13.96760117262602 2.351105108857155 0 0.5521194338798523 116.1924144774675 0
7.967432260513306 95.0331245213747 8273.863196454942 3.28594446927309 3.406723834574223 27.40830682218075 24.66890750825405 56.58083325624466 7.601616539061069 8.502074509859085 3456.645638406277 27.94268576800823 771.2275340855122 44.00587095320225 2.596516944468021 7.35149647295475 5040.821323819458 3228.473252020776 8493.236711598933 4.291907727718353 34.17807184904814 13.37432021647692 830.2999543398619 18.33737882226706 315.9924284890294 37127.47816643864 16181.28431010991 15.6132395118475 64.86853551864624 133.475529871881 1483.200684592128 22.2740346416831 3.268283776938915 1065.598779670894 15.07157245278358 2595.397547893226 6794.518183499575 2964.7189405635 918.7734240815043 71.51364155113697 6.660657301545143 127.7017627134919 5.894153438508511 1.55903647094965 477.4108452796936 10.0721376016736 0 0 0.2710066586732864 6.433888778090477 0.3763082921504974 2.349092654883862 0 100.3497202917933 0 318.4366390556097 2.321089386940002 0 2.072307020425797 76.07056336849928 314.6168989092112 519.8680202886462 0 5.296778783202171 5.090511247515678 10.14880523830652 3.141691595315933 154.3680222332478 3835.909212782979 4103.776897706091 3.332320548593998 3.056743085384369 8.423580892384052 195.4790730550885 0.1845216304063797 0.2736357972025871 75.11760001629591 5.252772830426693 162.8806620910764 313.514353916049 182.9921969920397 70.31912241131067 1.220817744731903 0.4097717106342316 3.434563890099525 0.2829988598823547
36.09856083244085 7641.961525447667 6398.922758080065 2.319385193288326 1.808211728930473 52.19134990870953 532.225296407938 179.7153652906418 115.9305996969342 30.99042356014252 1415.525918334723 11.61514814198017 5374.553290583193 119.2460829466581 3.386903509497643 4998.557783447206 6544.8716802001 1547.439485840499 2133.947965160012 4.252719193696976 1744.200684018433 2216.779838681221 14408.58972962946 1100.472484491765 5705.014772087336 16181.28431010991 34503.45808402449 1426.156561180949 116.0135078430176 433.5829429700971 1254.676815398037 12.75784274190664 11.26731343567371 1895.22908898443 123.2004858329892 9271.739119768143 7200.400803774595 8658.255823075771 4964.60443033278 307.1624383553863 18.60229478776455 116.3301833719015 37.92996424436569 3.970408618450165 4296.577638715506 1161.923018708825 0.2517586871981621 0 0.6049582362174988 28.45313514024019 5.530851177871227 10.97891514003277 1.83233654499054 163.312803953886 0.6166177690029144 498.1844483166933 11.14783314615488 0.2348259538412094 724.0572129413486 780.4693263322115 496.1062100827694 746.5631635636091 0.5963946804404259 75.1285604685545 1362.337148427963 1247.012994423509 74.85019534826279 674.3290627971292 6311.312502786517 16551.25367950648 54.38758513331413 14.20701175928116 29.54291596263647 241.8786584660411 0.6109425723552704 1.664301171898842 265.4500394761562 42.71737986057997 752.6985560432076 732.4704365059733 783.0568290650845 352.2199607938528 14.63880132883787 5.103913679718971 29.98419799655676 1.498964250087738
176.0576970502734 176.56773339957 77.94071381539106 6276.059994749725 6.216864868998528 1420.70695117861 21236.23095502704 1084.891371540725 2161.086036473513 9486.248385071754 27.03293231874704 3208.41464690119 37.9449048936367 653.1194895282388 117.2657166942954 1564.653808824718 37.65133354067802 17.90786618739367 17.94410861283541 4762.806884780526 4584.019366905093 998.5824413523078 1445.634112745523 10818.18872958422 45.68059203028679 15.6132395118475 1426.156561180949 24423.76546479762 1564.388707756996 6336.939424693584 2.556545563042164 25.16170810908079 187.0781433880329 2083.571596011519 33.50548695027828 5916.535857319832 210.6486542969942 2273.1748842448 1180.037292562425 637.7476057931781 47.5163067355752 11.65631160885096 60.89877840131521 44.87850704044104 1.941762909293175 18.04538663476706 214.5931820720434 0 21.07621428370476 379.8916783332825 51.82477021217346 659.4658990353346 77.73641649633646 7.076373472809792 49.11394830048084 0.4694390892982483 99.76490573585033 8.290875405073166 697.2391477748752 9.980882570147514 3.044443920254707 4.919952370226383 123.8418745622039 430.4945902302861 171.834796525538 197.4711817875504 3295.544400297105 0.2058587148785591 6.349537864327431 104.8868432119489 2427.272351570427 280.6571521535516 276.4838185980916 0.1154728382825851 4.555500291287899 49.31667215377092 123.9006624221802 15.20817125588655 598.4624073654413 9.582128614187241 175.6930207833648 60.85166622698307 223.3689262121916 20.13585701584816 2.015846021473408 3.312306106090546
