358.0932411253452 0.1705844849348068 232.889520123601 7.503472685813904 0 4.721412725746632 2751.641537994146 567.8936072438955 34.14355793595314 75.20155588537455 7.25132629275322 7.087128289043903 1.85615985840559 5692.309744007885 1.269798517227173 0.6129684299230576 194.182229667902 2.838333196938038 11.1525377035141 8.114909946918488 64.76562231779099 1.468463107943535 508.482750184834 96.34774119406939 0 130.9895980879664 161.1405570358038 73.23204478621483 2849.498302474618 2086.770637907088 0.2208479940891266 3.838102921843529 195.0407944992185 229.6381436809897 34.95334129035473 829.6436459869146 26.73414492607117 287.0184865891933 120.6747074276209 48.19500179588795 68.67183397710323 0.451624795794487 16.52280849218369 0.1150498986244202 0.1018833070993423 0.9084241166710854 0.7984781414270401 0 0 5.660326100885868 1.869085200130939 3.678823903203011 3.764835864305496 0 0 0 0.6800162866711617 0 1.719222784042358 0 0.1096111238002777 0 0.4083720147609711 1.13415239751339 0.09471464157104492 2.989227652549744 13.14746647328138 0 0.4078677967190742 4.432024970650673 23.46376628428698 1.86378800868988 7.186046220362186 0 0 0 0.6801777184009552 3.707649648189545 14.07817029207945 0.3516239076852798 1.550463914871216 0.3853074535727501 0.7075190544128418 0 0 0
0.1705844849348068 217.3770101070404 83.12777540832758 2.498013205826283 0 0.4379821568727493 1.425448082387447 0.2950344383716583 897.5620616450906 0.1273984760046005 176.4955450221896 0.5572405904531479 729.4400200620294 0.9489617124199867 0.1652961075305939 367.8721841946244 25.50271089375019 3.517521530389786 10.74730318784714 0 32.23052439838648 3456.584789738059 23.87584879249334 767.1343791484833 3027.017610371113 456.1239680051804 14363.89400298148 47.75446168333292 1.230860516428947 2.975568734109402 66.10247565805912 0.1210333034396172 0.239508219063282 22.64770191162825 0.2733047008514404 34.46626630425453 81.00386264920235 55.78833465278149 4.443570300936699 0.6946638524532318 0 85.77612273395061 0.3345889151096344 0.2119539231061935 87.62629650533199 120.8880624845624 0.2654666602611542 0 0 0.8836977556347847 0 0.7881288006901741 0 9.693587854504585 0 22.56067709624767 0 0 8.621836714446545 19.2626638635993 1.479455500841141 9.257775507867336 0 2.5909803211689 60.01398573070765 8.502063244581223 15.70707449316978 19.43405352532864 208.7405966371298 943.6541015356779 2.83586910367012 0.1811904460191727 0.5001138746738434 1.549834802746773 0 0 2.391973674297333 0 25.34582418203354 27.04812705516815 7.546962454915047 1.858096182346344 0.6505106687545776 0 3.947293356060982 0
232.889520123601 83.12777540832758 8419.825569927692 9.877583727240562 0.132359579205513 111.6634956076741 923.3346526473761 836.1005925163627 11.66137501597404 106.7733502984047 7.759596057236195 1.369982719421387 5.618464604020119 919.376273304224 1.126394167542458 28.09276860207319 6231.539442352951 4.348185949027538 35.54918501526117 2.149435311555862 385.300157174468 7.90338546037674 15444.21080190688 66.58457032591105 0.5525324940681458 11713.6884297505 11189.2366694808 272.4934919625521 183.6876578405499 548.2848029956222 0 6.613550253212452 9.213834531605244 539.8126968070865 37.58036164939404 1954.281864695251 3388.348176717758 1576.05554895103 753.3389304503798 44.90859581530094 3.637611038982868 17.75676943361759 8.632150523364544 0.8517305552959442 274.3178448826075 2218.664104297757 0.1626264899969101 0 0.2508513182401657 27.98289088904858 2.178883746266365 2.062056049704552 1.970138177275658 3.069400101900101 0 0.8063963353633881 2.738107986748219 0 43.96152441948652 152.6682960093021 0.4285882040858269 5.403360135853291 0 28.00823571532965 23.80024605244398 712.566491022706 14.91613359004259 0.808829128742218 146.9885458648205 2086.859930701554 16.65283040702343 2.245792075991631 10.27174530923367 0 0 0 10.28247989714146 15.18087397515774 231.7024343237281 357.181461520493 71.23234221339226 43.67968912422657 7.146077662706375 0.332563042640686 3.033391088247299 0.3130576759576797
7.503472685813904 2.498013205826283 9.877583727240562 2376.208632424474 0 136.915131226182 866.8063682615757 64.56557988375425 2525.44881093502 5651.729077778757 3.525893732905388 1835.984252616763 2.081682533025742 71.61794582754374 27.22863399237394 12.69141715764999 0.1332986652851105 0.7383457943797112 0.7022545337677002 11779.83675666898 4.992919653654099 116.9444662630558 49.44728368520737 4035.706832423806 0.1238135546445847 2.63386345654726 99.14165803790092 5006.638841278851 96.02175460010767 71.80018351972103 0 2.802788883447647 8.124670431017876 33.00673642754555 18.06132490187883 684.486642986536 7.042085736989975 92.30184777826071 49.46521409600973 156.017511986196 32.35456891357899 0.5294061228632927 5.533007815480232 2.28155429661274 0 0.6167920827865601 233.2575456574559 0 34.5536582544446 251.9681081920862 20.1235070079565 252.5620250329375 175.8618827909231 0.7178361862897873 96.47119541466236 0.6945638209581375 15.05218178778887 4.600930973887444 9.459673330187798 0.1144441589713097 0.276329904794693 0.2452009916305542 115.4277996122837 3.475582681596279 1.255509704351425 4.240151189267635 162.9908142313361 0 0 2.195041410624981 455.2992571666837 10.3611521050334 15.56909866631031 0 0.4046056941151619 0.451019749045372 4.489188939332962 1.639527529478073 101.3521064594388 1.469984844326973 22.81639595329762 2.658236637711525 45.92714807391167 1.253425985574722 2.405614614486694 0
0 0 0.132359579205513 0 33.12286271154881 219.8099834695458 1.123186454176903 21.40101896971464 21.49266408383846 2.437283746898174 0.5898774266242981 47.45537811517715 1.246625244617462 1.593114972114563 988.0360241532326 0 0 0 0.1594708263874054 1.374539613723755 0.1217973381280899 0 0 1.309449762105942 0 0.09789130091667175 0.0977923721075058 0.09842392802238464 100.7380652427673 0 0 374.0221578478813 0 7.185780972242355 0.5654858350753784 9.380621731281281 1.681615829467773 31.66023752838373 2.246158137917519 936.8954842239618 54.00513599812984 1.124690294265747 0.94537752866745 0 0 0 0 0 0 0 0 0 0 0 0.1270892322063446 0 0 0 0 0 0 0 0 0 0 0 0 0 0 0 0 0 0 0 0 0 0 0 0 0 0 0 0 0 0 0
4.721412725746632 0.4379821568727493 111.6634956076741 136.915131226182 219.8099834695458 14072.27355120331 1561.334561578929 6142.510272704065 82.37475423514843 8108.783340469003 106.243823364377 3574.335680544376 30.70192683488131 664.700510405004 2803.052312500775 0.8162843883037567 23.22748831659555 23.41132320463657 22.12403858453035 518.3655048757792 2.814852476119995 0.3847184181213379 73.76272332668304 143.6526984199882 5.030717454850674 78.24518796056509 71.53863289952278 404.2503636032343 476.012543708086 17.26898703724146 1.608223915100098 1002.191388979554 2.274103701114655 455.0138675048947 15.53694637864828 586.8154646977782 42.53458467870951 410.5503794699907 82.95873218774796 2621.29686935991 401.0998361259699 25.01370483636856 12.80941357463598 0.3191866427659988 0.1207825317978859 1.118489250540733 17.09352318942547 0 2.815182812511921 33.95511206239462 2.091981142759323 19.52026618272066 10.84621917456388 0.4429871439933777 6.418578676879406 0.3377473801374435 3.974029242992401 0.2956351786851883 0.6273394823074341 0 0.2683264315128326 0 9.696685634553432 0.5074523538351059 0 1.907544553279877 23.18075150251389 0.1831700503826141 0.2313773483037949 3.962671093642712 48.89077395200729 2.380231775343418 4.841032683849335 0 0 0.1803213953971863 0.212007075548172 3.287409611046314 17.61188471317291 0 2.258160248398781 1.187969610095024 6.149872869253159 0.9960414469242096 0 0
2751.641537994146 1.425448082387447 923.3346526473761 866.8063682615757 1.123186454176903 1561.334561578929 19729.37900518626 3735.544468939304 1147.042675077915 9918.999996192753 24.8096671923995 163.1676977574825 7.939509280025959 8000.620104670525 12.73807640373707 18.2283136844635 45.56507740169764 6.946089588105679 8.629204578697681 260.5240327939391 262.8893501162529 21.06820626556873 2084.117097087204 4692.156500816345 1.64845260232687 166.7934349551797 383.7957597076893 27043.15207777917 753.8555068001151 3417.313969239593 0.1776890903711319 31.2766130194068 29.82909976691008 158.5986377522349 31.17937518656254 1461.087780833244 98.64895729720592 421.0602654069662 183.5223089829087 162.3585525974631 93.74704723805189 3.224391750991344 19.6086769849062 16.65222904831171 0.9696603119373322 10.13269148021936 107.3834762871265 0.1650287657976151 25.27647885680199 726.2657014653087 58.12280502915382 232.632057197392 127.9202851206064 4.498574085533619 16.91779302060604 0 83.10112372040749 0.5726757794618607 43.82830367982388 1.40409367531538 0.7754146605730057 1.587129637598991 45.486791446805 8.009987965226173 7.911813013255596 72.40990851819515 386.3657679110765 0 1.459892868995667 34.78691736608744 780.3816012963653 45.88287325203419 133.5435768067837 0.5487843602895737 0 3.480089232325554 15.03281082212925 7.629950612783432 271.9148313477635 12.16507458686829 66.83811783790588 9.341847360134125 45.55233627557755 8.408831901848316 0.1544612795114517 0.3492896854877472
567.8936072438955 0.2950344383716583 836.1005925163627 64.56557988375425 21.40101896971464 6142.510272704065 3735.544468939304 11886.48559246957 108.8050235658884 5095.196398086846 86.23102012276649 1538.281148910522 24.47292950004339 11893.65399038792 792.5917986184359 2.29814637452364 314.3096662834287 18.93263674527407 33.51024458557367 515.6655708029866 43.47657212615013 2.922274366021156 849.6922762095928 355.1766301691532 3.146074518561363 403.0800018534064 542.0417437031865 316.692008562386 723.4748665168881 571.7348995506763 1.969146557152271 1102.318430602551 11.86957377195358 498.6667661368847 20.8070076033473 864.2141267061234 126.9901501461864 511.3357432633638 124.9810716435313 1308.497053273022 118.2466980293393 14.33708856254816 15.29650478810072 0.8679261803627014 0.5186468213796616 4.728912651538849 4.591729082167149 0 2.655092880129814 44.32231384515762 2.891743250191212 15.53061792254448 4.828358188271523 0 2.446484111249447 0 8.966434985399246 0.1214158460497856 7.004218630492687 0.3683417364954948 0 0 5.278976440429688 4.586091630160809 0.8952805995941162 25.14561204612255 52.17815563827753 0 1.202880546450615 23.154591165483 68.18311937898397 6.268976293504238 18.06126565486193 0 0 0 1.328841529786587 7.820472024381161 22.4692871645093 1.135667331516743 4.832138992846012 1.619498379528522 1.900259390473366 0.1559259742498398 0 0
34.14355793595314 897.5620616450906 11.66137501597404 2525.44881093502 21.49266408383846 82.37475423514843 1147.042675077915 108.8050235658884 1791.07737724483 753.8195465579629 9.650776855647564 1099.175810530782 8.825275965034962 196.8604401350021 280.2321379482746 68.77367457747459 3.646798901259899 2.102109313011169 2.21207083761692 2073.620090521872 36.78389885276556 2803.376430355012 33.9148967564106 5960.945923678577 66.66812139004469 12.34534478187561 492.2328665852547 1810.355155907571 107.5920800790191 509.7161093056202 1.57404663413763 7.071785904467106 10.32597920298576 61.90935277938843 10.36078000068665 501.462076202035 19.01096634566784 137.2168887928128 37.66079224646091 285.1864740997553 35.88422566652298 1.667234688997269 5.602095782756805 16.00350898504257 2.215218834578991 3.433486513793468 585.2573418617249 0 74.76283542811871 550.3691896572709 47.1996186003089 665.2594634369016 324.1471338868141 2.538879677653313 346.8337309658527 0.1588220298290253 75.66939105093479 57.77950292825699 249.719296939671 1.466225951910019 0.5934237465262413 1.034858524799347 238.9708058089018 61.43878232687712 238.6984606534243 50.48342981189489 1536.860560804605 0.1482525914907455 2.12135674059391 12.11616307497025 1420.100477404892 59.39801303297281 109.3504018187523 0.09837564080953598 0.4832452163100243 7.772315695881844 12.64616501331329 3.909676626324654 232.6211511343718 3.774181880056858 46.82805949449539 6.433673359453678 257.9455109387636 2.975101143121719 0 1.750284969806671
75.20155588537455 0.1273984760046005 106.7733502984047 5651.729077778757 2.437283746898174 8108.783340469003 9918.999996192753 5095.196398086846 753.8195465579629 40126.30183450878 55.48645542562008 5118.073499031365 13.72322928905487 2507.766697898507 37.30737808346748 0.8241360634565353 8.174546360969543 20.37936219573021 21.98605388402939 9039.588474549353 14.05869732052088 1.248920567333698 132.0914158001542 930.0455274432898 1.271604105830193 55.98247580975294 49.4212950617075 9613.891915358603 805.0733350068331 41.19254107028246 1.6016680970788 68.77786398679018 21.34024700522423 265.2091354876757 41.47862941771746 1313.311079032719 38.48037283867598 597.3917626962066 165.5732233449817 201.154028557241 153.440152361989 7.346753388643265 31.12590941041708 4.334506221115589 0 0.9167521446943283 179.648924253881 0 32.07471068203449 337.0780787095428 27.38706628233194 176.7433133199811 140.8979676365852 1.830968573689461 61.45778346061707 0.1933831498026848 31.14394595474005 2.731793567538261 4.34032978117466 0 0 0.3376342058181763 100.8790325820446 1.531027764081955 1.425713390111923 7.997972205281258 158.6684058308601 0 1.094397976994514 3.259601205587387 429.1693235039711 18.50813494622707 32.75533901154995 0 0 1.183688819408417 3.988710567355156 6.487302996218204 88.67222549766302 2.670659191906452 27.0348704084754 4.620649516582489 28.06863224506378 1.641269981861115 0.3771235942840576 0.8201622366905212
7.25132629275322 176.4955450221896 7.759596057236195 3.525893732905388 0.5898774266242981 106.243823364377 24.8096671923995 86.23102012276649 9.650776855647564 55.48645542562008 16261.58260502666 166.7567664608359 7701.968450076878 202.8547972142696 21.72536934167147 0.7289991825819016 642.4677034467459 8223.366783075035 4117.907999373972 42.64346182346344 9.819106355309486 7.555495075881481 37.41799443215132 19.66331407427788 1172.317455522716 3245.214277803898 550.6455820128322 13.29450675100088 425.5264724940062 15.34175664186478 498.230048045516 79.42992662638426 6.088629357516766 7608.891498044133 18.08981543779373 463.8715663775802 4972.598370030522 7257.242737911642 763.1615731269121 69.0072338283062 21.09042870998383 1191.905348807573 3.478544443845749 0 38.7982212677598 2.209450617432594 0.4842904806137085 0 0.2456523180007935 4.11308179795742 0.7666713446378708 1.610471539199352 0.7574292421340942 163.0391342565417 0.9333851709961891 783.0519271865487 0.2937901467084885 0 0 0.7374109476804733 3.495294541120529 3.533607855439186 0.9097456037998199 0.113662488758564 0.3541824966669083 0.5425603911280632 5.545593477785587 212.9810044765472 52.69326312839985 132.6320152506232 9.412772409617901 0.3074271827936172 2.044060632586479 35.95859353989363 0 0 3.38109378516674 25.00480490922928 14.63627199828625 168.8208167254925 19.03798485547304 2.762101083993912 0.8943357840180397 2.40460903942585 104.5641282573342 0
7.087128289043903 0.5572405904531479 1.369982719421387 1835.984252616763 47.45537811517715 3574.335680544376 163.1676977574825 1538.281148910522 1099.175810530782 5118.073499031365 166.7567664608359 10390.62911646813 49.15642146021128 847.6465618237853 2211.993241146207 0 9.06070264428854 50.82563222199678 49.23004955798388 9093.367399178445 0.9185037612915039 0 3.220585532486439 1332.159168295562 11.38695767521858 82.62001248449087 21.49133211374283 698.2161053344607 550.9807439446449 4.689137265086174 4.475137270987034 194.5566403269768 2.520478524267673 580.8136070519686 37.79956269264221 2868.616970285773 58.75808469951153 925.1264235973358 125.7388378456235 4123.346447370946 213.132830016315 20.79408594220877 23.36203584074974 3.272537022829056 0.444633960723877 2.549347095191479 255.0620282366872 0 70.50827588886023 390.2878172025084 29.46580050885677 265.308324277401 293.3223774060607 1.820941239595413 272.7248355150223 0.4421136379241943 32.95286086946726 33.36452960968018 0.7335985153913498 0.1104734465479851 0.4703343436121941 0.7678435146808624 161.1561509892344 1.743884056806564 0.123335063457489 0.1918827295303345 175.7880715504289 0 0.3863146156072617 1.340889304876328 561.662819199264 24.23112984746695 35.48243220895529 0 0.158785805106163 1.269912511110306 7.737402632832527 6.079326242208481 279.7670866325498 0.1584792137145996 33.6286036670208 3.632816180586815 201.0734229534864 4.222052454948425 1.355456113815308 0
1.85615985840559 729.4400200620294 5.618464604020119 2.081682533025742 1.246625244617462 30.70192683488131 7.939509280025959 24.47292950004339 8.825275965034962 13.72322928905487 7701.968450076878 49.15642146021128 2665.47553858906 31.17479062080383 7.218432664871216 3.64045973867178 7.002037033438683 305.4241829589009 34.42068149149418 11.56651425361633 8.052168421447277 34.28516038507223 15.31568084657192 11.07832504063845 3581.178193248808 462.4204307720065 3221.121890194714 7.569734841585159 56.85182397067547 9.16705909371376 732.0176065266132 55.06617384403944 0.4931420758366585 1579.843988858163 59.20507146418095 2273.890413291752 6362.325948826969 4238.930478721857 468.3744615763426 127.1407273411751 59.30609458684921 1520.609744049609 6.847929961979389 0.5211516618728638 140.085340693593 2.46618564426899 0 0 0.3957784026861191 0.8660101592540741 0.2684613019227982 0.5438845157623291 0 686.3357849940658 0.1227077841758728 2574.13586897403 0.1336273103952408 0 0.1498510092496872 1.300945214927197 11.51823239773512 9.698226720094681 0 1.46155059337616 5.131795808672905 0.156923696398735 2.122487016022205 1074.863370425999 131.3130673319101 439.0269994810224 1.817836351692677 0.6169923692941666 0 114.7634553685784 0.5938740074634552 0 17.17776399105787 43.06293454766273 139.4621222764254 610.8720852211118 85.04285847395658 16.8106402605772 3.577199548482895 0.2843856066465378 348.4333668574691 3.386201143264771
5692.309744007885 0.9489617124199867 919.376273304224 71.61794582754374 1.593114972114563 664.700510405004 8000.620104670525 11893.65399038792 196.8604401350021 2507.766697898507 202.8547972142696 847.6465618237853 31.17479062080383 14007.3755196631 60.44700966030359 2.326386354863644 411.3406295627356 62.56574749946594 88.12487368285656 494.6718661487103 97.00523649901152 7.456204056739807 1335.143402099609 486.6757037341595 2.596086509525776 457.4056096151471 531.01068482548 556.5771890357137 6061.764484874904 1851.494848556817 4.116725407540798 329.7730461359024 61.00937173515558 1370.629135817289 36.11184347420931 1327.996993109584 134.2329260334373 953.3179667964578 215.5174369066954 376.9379367977381 130.8864647299051 9.852575249969959 25.38717380166054 3.519043758511543 0.5264370366930962 7.675253972411156 13.10597365349531 0 2.677264638245106 98.56804362684488 11.22797095775604 39.9047898426652 13.00237609446049 1.432082958519459 2.866640277206898 0.2481795027852058 13.74132969975471 0 11.53170248866081 0.3479009121656418 0.5355348587036133 0.4221451655030251 7.393982984125614 8.632654458284378 1.877602770924568 24.96045266091824 110.1470623984933 0.1329996734857559 2.97048231959343 22.19667270034552 150.6854095757008 11.47400850057602 48.77349962294102 0 0 1.089572310447693 1.023267716169357 8.307298615574837 52.87339838594198 2.675499632954597 9.876078121364117 4.298309490084648 7.588055424392223 0 0 0
1.269798517227173 0.1652961075305939 1.126394167542458 27.22863399237394 988.0360241532326 2803.052312500775 12.73807640373707 792.5917986184359 280.2321379482746 37.30737808346748 21.72536934167147 2211.993241146207 7.218432664871216 60.44700966030359 813.3913510143757 0 0.4277104139328003 4.172151416540146 2.558812722563744 132.1125549003482 7.428165435791016 1.175254017114639 4.621330678462982 62.27190122008324 1.727270297706127 8.415435299277306 2.120602257549763 17.90404089540243 177.0278684124351 3.332669578492641 0.1041327714920044 761.3386194780469 0 135.6644968539476 4.094363197684288 80.68661215156317 4.288720659911633 87.63033172488213 48.12524653971195 2104.181010812521 64.92333164066076 5.302589476108551 0.7077667266130447 0 0 0 0.3262952566146851 0 0 1.841622397303581 0 1.993766278028488 1.943986505270004 0 1.777664855122566 0 0.1249004453420639 0 0.1429340988397598 0 0 0 0 0 0.5924693942070007 0 0.9349326565861702 0 0 0 2.829079002141953 0 0 0 0 0 0 3.428138434886932 3.79327666759491 0 0.8674301505088806 0 2.937821447849274 0 0 0
0.6129684299230576 367.8721841946244 28.09276860207319 12.69141715764999 0 0.8162843883037567 18.2283136844635 2.29814637452364 68.77367457747459 0.8241360634565353 0.7289991825819016 0 3.64045973867178 2.326386354863644 0 2407.36408071965 5.698155283927917 0.3016636371612549 1.274588286876678 0 3870.236746251583 6597.588997356594 6992.464059770107 1909.88893506676 19.65043973922729 6.387583874166012 5301.369755774736 1221.832037627697 2.764932237565517 27.72445044666529 0.2464094534516335 0 0.6400950998067856 49.67303168773651 28.04172112047672 1849.923172034323 836.7659784853458 344.2436683923006 497.7169630154967 30.58547435700893 1.786960504949093 0.2992473244667053 7.448070779442787 1.839147187769413 7.011965468525887 8.848762989044189 2.766321428120136 0 0.4257654547691345 33.25474564731121 2.077104017138481 57.30472526699305 2.034006908535957 3.920328170061111 0.1300565600395203 0.374672994017601 5.992420352995396 0 3848.339216955006 1.39617858082056 0.0925353467464447 0.707236535847187 0 596.8233133479953 952.2906846925616 2465.017446875572 428.154812477529 0.1587778925895691 2.832883931696415 192.8169576525688 432.2036466598511 9.395780980587006 165.7835796549916 0 0 0 1.838921830058098 7.150322869420052 159.5219777747989 84.73377434909344 6.543781518936157 2.365099467337132 2.095790430903435 0.17946757376194 5.238249897956848 0
194.182229667902 25.50271089375019 6231.539442352951 0.1332986652851105 0 23.22748831659555 45.56507740169764 314.3096662834287 3.646798901259899 8.174546360969543 642.4677034467459 9.06070264428854 7.002037033438683 411.3406295627356 0.4277104139328003 5.698155283927917 2550.162973545492 115.9506938382983 3015.248112998903 4.27699788659811 554.817252703011 12.17679908126593 6868.279234796762 14.05936770141125 2.632064402103424 2911.643120542169 5593.934635676444 19.31489507853985 551.9305567294359 693.5286012515426 1.173993766307831 3.544764466583729 94.70535702258348 5474.732617095113 6.989414513111115 873.9735179767013 3537.163390658796 2211.116585992277 295.1040473207831 21.57552184164524 2.585031919181347 8.830065846443176 4.855140455067158 0 40.52209524065256 453.6223687306046 0.2054594457149506 0 0 5.334775671362877 0.5655807852745056 0.7604959532618523 0.268433578312397 0.1886660158634186 0 1.194470524787903 0.4824385568499565 0 1.865517191588879 52.05691742151976 1.634250164031982 24.11963410675526 0 3.951392993330956 4.176699161529541 50.77566596865654 2.407374747097492 0.5795673280954361 232.452836766839 511.3969845995307 2.534914530813694 0.3379631116986275 1.263855129480362 0.1232217475771904 0 0 2.077739484608173 2.852276220917702 38.74163762480021 180.2666968330741 15.49207723140717 11.06320905685425 0.8420775979757309 0 0.3014407455921173 0.1995901763439178
2.838333196938038 3.517521530389786 4.348185949027538 0.7383457943797112 0 23.41132320463657 6.946089588105679 18.93263674527407 2.102109313011169 20.37936219573021 8223.366783075035 50.82563222199678 305.4241829589009 62.56574749946594 4.172151416540146 0.3016636371612549 115.9506938382983 419.2790861427784 1559.449180021882 15.91854398697615 4.175066456198692 0.4209245145320892 8.422089226543903 5.351300492882729 32.24443598091602 2048.778003320098 122.0739342346787 3.956391461193562 136.6124031469226 9.46967776119709 312.6748348250985 15.74367605149746 3.077130205929279 1420.619447864592 6.488453023135662 591.0269426181912 1508.408064723015 1488.308307915926 453.5668234080076 16.57169291377068 1.882419161498547 49.94711378961802 4.444747485220432 0.1607774496078491 8.993753492832184 1.649815268814564 0 0 0.442534476518631 0.9300156235694885 0 0.2326872274279594 0.2315993160009384 9.349051512777805 0.1322610527276993 107.4354372248054 0 0 0.09639015048742294 3.000341594219208 7.077799797058105 12.96379099041224 0 0 0.4744984060525894 0.2510268315672874 2.191041462123394 27.81390419602394 158.7142934799194 313.2688002958894 2.03206255286932 0.1956681758165359 0.2331836968660355 37.11183175444603 0.1680496335029602 0.1462909132242203 0.2830344140529633 4.190432578325272 9.263674475252628 12.28922329843044 2.824526116251945 1.644430235028267 0.3289053738117218 0.1136146038770676 1.005095109343529 0
11.1525377035141 10.74730318784714 35.54918501526117 0.7022545337677002 0.1594708263874054 22.12403858453035 8.629204578697681 33.51024458557367 2.21207083761692 21.98605388402939 4117.907999373972 49.23004955798388 34.42068149149418 88.12487368285656 2.558812722563744 1.274588286876678 3015.248112998903 1559.449180021882 3559.042095959187 16.51410997658968 41.26894079893827 1.284408949315548 175.8601896315813 6.248088724911213 6.591347366571426 2963.234780363739 411.2868706658483 6.540152795612812 180.7205297872424 41.35061782598495 28.26034282892942 10.48814580589533 15.6580511406064 5598.514711551368 6.145066492259502 1002.476740263402 1627.985375463963 2640.915834330022 477.8982587382197 16.62541580945253 1.733307674527168 13.1943826675415 4.007115408778191 0 38.9715047031641 22.84095023572445 0.5170256644487381 0 0.1457821577787399 1.316939651966095 0 0.283117763698101 0.6135473549365997 3.676718309521675 0.119469054043293 20.02751860022545 0.1138531565666199 0 0.5132810473442078 32.86222207546234 3.374784976243973 84.42770422250032 0 0.1259087920188904 0.2454505860805511 1.576592981815338 2.918834380805492 7.693082258105278 552.7188282087445 600.4858186244965 2.750468708574772 0 0.6550384685397148 11.71644796431065 0 0 2.519754156470299 2.312532857060432 11.66537037491798 75.04828821122646 5.800258293747902 2.356844559311867 0 0 0.3793207406997681 0
8.114909946918488 0 2.149435311555862 11779.83675666898 1.374539613723755 518.3655048757792 260.5240327939391 515.6655708029866 2073.620090521872 9039.588474549353 42.64346182346344 9093.367399178445 11.56651425361633 494.6718661487103 132.1125549003482 0 4.27699788659811 15.91854398697615 16.51410997658968 1798.39738202095 2.40726051479578 0.878294050693512 5.168323196470737 1679.044575668871 5.142763361334801 24.9640751555562 10.09287589043379 4721.308479458094 387.9814026281238 8.368250213563442 1.609695784747601 28.84284424781799 7.137970305979252 169.2680268362164 24.2160951718688 1500.898441366851 22.38944154977798 416.9859348759055 111.1548591852188 640.5246164128184 120.3093126863241 6.739761583507061 26.05425554513931 8.124127693474293 0.140445739030838 0.2758485749363899 453.779067620635 0 84.55449562519789 578.7368279844522 35.62685663998127 342.4850964769721 330.8054105490446 2.647977471351624 155.8313259705901 0.8070247620344162 53.23232442140579 8.866391286253929 0 0.1314505636692047 0.8805613070726395 0.1294624656438828 211.2327865809202 0.3795546889305115 0 0.8514537364244461 260.5619831085205 0 1.053338341414928 0.3984769880771637 817.5509385243058 31.10484933108091 45.4066628664732 0 1.279586762189865 3.31900617480278 11.49147994816303 8.788918055593967 198.1486465260386 1.701941028237343 43.79703870415688 5.722041577100754 98.17307056486607 2.785202980041504 2.384910345077515 0.3630229979753494
64.76562231779099 32.23052439838648 385.300157174468 4.992919653654099 0.1217973381280899 2.814852476119995 262.8893501162529 43.47657212615013 36.78389885276556 14.05869732052088 9.819106355309486 0.9185037612915039 8.052168421447277 97.00523649901152 7.428165435791016 3870.236746251583 554.817252703011 4.175066456198692 41.26894079893827 2.40726051479578 15803.13836730272 554.5678189396858 20842.46952509135 702.7663607448339 20.44123939424753 58.2947791069746 596.5412533655763 4631.696272104979 308.4775043725967 7520.890561528504 0 0.5852286964654922 107.0803644284606 3519.844907946885 271.4028495699167 10851.22589737922 2097.601221203804 7950.229798212647 5429.545671440661 141.269857339561 30.95793684571981 6.537315055727959 53.55542039871216 11.3592587262392 1.214040398597717 4.379267059266567 6.351879954338074 0 0.4875360578298569 32.59794166684151 3.931304544210434 46.04113238304853 3.880074769258499 4.988358430564404 0.703641951084137 0.105484239757061 17.60902430862188 0.275480292737484 930.8561794906855 1.502520896494389 0 0.2679307162761688 0 665.6578121855855 139.6071867868304 311.1473216712475 488.3389947116375 0 1.880022838711739 24.55682921409607 742.4818522334099 48.39959943294525 393.4130541235209 0 0 4.570058755576611 3.049241498112679 54.60090604424477 83.6690951064229 3.412559874355793 9.806799061596394 9.15473260730505 5.181342080235481 0.1694730371236801 7.47198474407196 0.8294147253036499
1.468463107943535 3456.584789738059 7.90338546037674 116.9444662630558 0 0.3847184181213379 21.06820626556873 2.922274366021156 2803.376430355012 1.248920567333698 7.555495075881481 0 34.28516038507223 7.456204056739807 1.175254017114639 6597.588997356594 12.17679908126593 0.4209245145320892 1.284408949315548 0.878294050693512 554.5678189396858 2522.961014099419 489.2911289855838 6415.208012774587 529.0385252460837 44.92233221232891 7277.860796220601 1316.1609223634 8.975654736161232 106.8501585349441 6.594434693455696 0 1.170569241046906 6.169578775763512 0.4112683534622192 79.06944118440151 17.99517549574375 22.51784424483776 9.770601995289326 6.652146548032761 2.371778070926666 4.614544987678528 1.21222697198391 0.1204570606350899 20.20023982971907 76.40031163394451 0.9894702285528183 0 0.1221712008118629 8.945638105273247 0.2906943783164024 50.12082327902317 0.6123792976140976 0.6615256518125534 0.4150880724191666 1.724508434534073 1.572299726307392 0 1101.703437060118 9.669945068657398 0.127216562628746 1.069039866328239 0 63.76233130693436 263.71021682024 492.4428204149008 208.0044974610209 3.160113945603371 10.06685214489698 769.5157162100077 88.90685775130987 2.070018991827965 11.78689227253199 0 0 0.5064058750867844 1.606136694550514 0.1338730007410049 35.99843782931566 9.518043577671051 6.482118591666222 5.87051909416914 2.661601334810257 0 0.3683491349220276 0
508.482750184834 23.87584879249334 15444.21080190688 49.44728368520737 0 73.76272332668304 2084.117097087204 849.6922762095928 33.9148967564106 132.0914158001542 37.41799443215132 3.220585532486439 15.31568084657192 1335.143402099609 4.621330678462982 6992.464059770107 6868.279234796762 8.422089226543903 175.8601896315813 5.168323196470737 20842.46952509135 489.2911289855838 16342.34098640084 745.7700261473656 3.549139618873596 2198.871908947825 14712.4845296815 4644.644785806537 637.2085468918085 6033.815170988441 0.2346042990684509 6.940010890364647 72.76927328109741 2265.634240247309 211.3798704519868 11485.94985526055 7089.719502165914 7226.472165443003 6661.949574783444 293.1134571582079 36.8155185431242 13.15491741895676 66.93545970320702 1.016455367207527 3.92986698448658 118.182592920959 1.938378259539604 0 0.3924879357218742 31.82727901637554 2.490409918129444 9.408275850117207 1.270100921392441 5.050906047224998 0 0.3685109317302704 6.49146830290556 1.884864717721939 2251.300892025232 3.190662145614624 0 0.3873386904597282 0 210.6822740286589 387.8042282536626 2633.973820611835 100.8690536543727 0.178401306271553 8.073155306279659 1004.425139985979 121.1268003284931 3.939913868904114 42.99295607954264 0 0 0.1197885349392891 1.822267755866051 51.19792234897614 302.3008885234594 190.9432393014431 17.99127867817879 24.86912871897221 3.937025189399719 0 4.365407019853592 0.2975028604269028
96.34774119406939 767.1343791484833 66.58457032591105 4035.706832423806 1.309449762105942 143.6526984199882 4692.156500816345 355.1766301691532 5960.945923678577 930.0455274432898 19.66331407427788 1332.159168295562 11.07832504063845 486.6757037341595 62.27190122008324 1909.88893506676 14.05936770141125 5.351300492882729 6.248088724911213 1679.044575668871 702.7663607448339 6415.208012774587 745.7700261473656 8568.242133110762 63.11182438582182 32.21372332423925 2506.186361327767 10025.83679267764 326.2366168573499 2382.350435778499 2.545213453471661 13.92757399380207 43.62051198631525 190.0793703049421 58.72113633155823 2762.878079034388 109.0460195466876 565.943589001894 223.6264746114612 534.0212990939617 114.6083186045289 2.970624268054962 25.17240037024021 44.776068136096 6.16764935106039 22.01175311952829 223.0816741138697 0 50.84344945847988 834.3102930188179 98.88838310539722 1204.649161599576 214.5790179222822 9.268295608460903 95.76285532861948 0.6743600144982338 154.743735268712 11.72846519947052 652.0022286102176 4.09061474353075 1.573473691940308 3.483880661427975 122.3375638127327 281.9406236037612 385.7496723681688 177.8881843686104 2630.060120724142 0.2868434190750122 7.076393656432629 58.55624094605446 2111.132775910199 167.8629551157355 469.8616259917617 0 1.255163788795471 11.51200690120459 33.08586329966784 15.1553950458765 535.2772620245814 18.38962183892727 123.8082287684083 23.17315899580717 146.3077256456017 16.52111783623695 3.374010935425758 3.962657496333122
0 3027.017610371113 0.5525324940681458 0.1238135546445847 0 5.030717454850674 1.64845260232687 3.146074518561363 66.66812139004469 1.271604105830193 1172.317455522716 11.38695767521858 3581.178193248808 2.596086509525776 1.727270297706127 19.65043973922729 2.632064402103424 32.24443598091602 6.591347366571426 5.142763361334801 20.44123939424753 529.0385252460837 3.549139618873596 63.11182438582182 1510.336619451642 1304.574307054281 6747.479478336871 13.83615913242102 8.611090004444122 9.849565349519253 842.0851552411914 5.597043439745903 0.1917634606361389 561.6382514387369 2.3150475025177 1187.884422205389 1605.301394559443 1932.077818892896 151.3644279688597 79.1441253721714 38.5298964381218 465.2041863799095 0 0 374.8008507192135 1.727475270628929 0 0 0.1366154253482819 0 0.2137713730335236 0.2275180816650391 0 397.8309741467237 0 1668.590568609536 0 0 0.550041139125824 1.461145967245102 2.725558087229729 6.492423139512539 0.1521450132131577 0 3.456274263560772 2.942831873893738 1.381017416715622 1043.864394210279 142.7217844203115 594.3758431896567 0.6440416499972343 0.08699776977300644 0.1038408204913139 65.44897752255201 0 0 7.081103935837746 3.483989089727402 80.84355865418911 229.6322794854641 39.54328261315823 2.592977300286293 0 0 132.6658230572939 0
130.9895980879664 456.1239680051804 11713.6884297505 2.63386345654726 0.09789130091667175 78.24518796056509 166.7934349551797 403.0800018534064 12.34534478187561 55.98247580975294 3245.214277803898 82.62001248449087 462.4204307720065 457.4056096151471 8.415435299277306 6.387583874166012 2911.643120542169 2048.778003320098 2963.234780363739 24.9640751555562 58.2947791069746 44.92233221232891 2198.871908947825 32.21372332423925 1304.574307054281 34205.74526394159 23576.92384302616 26.88351095467806 401.8188228607178 219.7778507471085 134.076559394598 28.33676977828145 21.31981249153614 1872.241316199303 20.99812760949135 3393.913826525211 7849.377791196108 4361.830391198397 1004.767309486866 63.54769480973482 7.592998683452606 149.5402986779809 13.86484342813492 0.7207032665610313 803.4615502655506 742.6325607299805 0.1318998783826828 0 0.5311283245682716 12.77083484083414 1.900340907275677 1.144623942673206 1.439467504620552 151.3932208195329 0.1758811324834824 2139.743118852377 1.922440312802792 0 1.603924319148064 281.1676672026515 58.95563143491745 428.5000978857279 0 7.96184029430151 9.974587105214596 32.60007344931364 7.255787760019302 864.13276835531 3615.630517564714 6965.271827191114 7.535190351307392 0.9340696185827255 5.130698896944523 491.8830628991127 0.463901050388813 0.2724969089031219 19.86216779798269 10.8487071916461 103.1417225599289 693.5320020243526 72.15931620448828 18.07888548821211 3.035005494952202 0.8545963168144226 10.56069464981556 0.4289924576878548
161.1405570358038 14363.89400298148 11189.2366694808 99.14165803790092 0.0977923721075058 71.53863289952278 383.7957597076893 542.0417437031865 492.2328665852547 49.4212950617075 550.6455820128322 21.49133211374283 3221.121890194714 531.01068482548 2.120602257549763 5301.369755774736 5593.934635676444 122.0739342346787 411.2868706658483 10.09287589043379 596.5412533655763 7277.860796220601 14712.4845296815 2506.186361327767 6747.479478336871 23576.92384302616 42081.73024115711 1486.678582169116 280.8297083079815 249.7829397395253 830.8242322206497 10.42893370985985 22.92185392975807 2233.67350474 174.3215323612094 10000.23163432628 5084.586264185607 7367.569469504058 2894.791754961014 248.7246018052101 11.16596245765686 63.43429815769196 62.26645961403847 0.7324864640831947 5789.215350858867 5096.298542484641 0.9345637559890747 0.118078351020813 1.592183157801628 68.93567188084126 6.654150143265724 6.95484297722578 4.340033411979675 66.63206527382135 0.1972733289003372 546.365067653358 5.495343908667564 0 1531.473629772663 601.39711548388 37.64729233086109 462.4076466560364 0.4356609135866165 92.58114168792963 1397.966864675283 3249.993562690914 82.96330781280994 863.7635347098112 4355.009953059256 17181.60373801738 70.00677996128798 2.781467095017433 25.45258173346519 181.5750606954098 0.1519603431224823 0.1766622960567474 44.69065218418837 74.35595887899399 816.7471686154604 910.9607412815094 257.1382071375847 159.6363589018583 21.93917775154114 2.399383246898651 13.42551910877228 2.604923933744431
73.23204478621483 47.75446168333292 272.4934919625521 5006.638841278851 0.09842392802238464 404.2503636032343 27043.15207777917 316.692008562386 1810.355155907571 9613.891915358603 13.29450675100088 698.2161053344607 7.569734841585159 556.5771890357137 17.90404089540243 1221.832037627697 19.31489507853985 3.956391461193562 6.540152795612812 4721.308479458094 4631.696272104979 1316.1609223634 4644.644785806537 10025.83679267764 13.83615913242102 26.88351095467806 1486.678582169116 15398.26537864655 504.1349770650268 10753.72337990999 0.2964879870414734 11.35991428047419 104.8260762244463 331.5428522974253 110.2147617042065 3734.64964928478 302.4689354002476 1008.589397832751 533.2064403966069 195.403844371438 124.8675404787064 4.329562082886696 38.12943872064352 65.14937255531549 1.03623778373003 16.34870534390211 125.8118050545454 0.2213314324617386 27.68168158829212 594.4849098846316 75.4016254991293 440.7432120889425 103.5833664834499 10.72899159044027 26.65202720463276 0 158.7243778333068 3.630604967474937 591.6202427968383 4.176068164408207 1.354869186878204 3.8798533603549 52.2831332013011 481.5722168684006 139.7614108473063 154.6927593275905 1961.973626531661 0 7.845191143453121 41.49191918969154 2159.913733810186 202.4811244904995 747.0358532965183 0 0.3833725601434708 14.9825332313776 22.52877765893936 29.01291929930449 367.1792447119951 13.16837241500616 111.199724175036 23.47241068631411 53.94677425175905 8.641090050339699 12.97425027191639 0.2419282495975494
