1430.739855773747 0.8653661161661148 48.395726300776 3.753180652856827 0.68067567050457 20.02860274910927 1870.78693792969 1256.598019771278 7.737752057611942 162.6272323429585 8.857015244662762 7.354072503745556 0.5618912130594254 5684.680852584541 0.1882295310497284 0.8960402756929398 159.0391713455319 3.165146566927433 11.8968403339386 5.541173554956913 14.0067902058363 10.3576607555151 87.44650235027075 125.8713467866182 0.1665100604295731 36.78868410736322 72.32638507336378 215.9961061179638 4095.885484956205 2151.99776917696 0.2862340062856674 9.664225213229656 95.00150348246098 152.4744099378586 2.70275255292654 96.42831167578697 11.02239609509706 165.751084163785 52.01413194090128 5.208853356540203 2.558632515370846 0.3877150118350983 0.3569530099630356 0.238019272685051 0.3336476385593414 1.158783063292503 0.8062925934791565 0 0 10.19117386639118 0.3088448494672775 1.104539111256599 0.537898451089859 0 0 0 0.371470220386982 0 2.379122868180275 0.08666909486055374 0 0 0.09709824621677399 0 0.1901330798864365 0.2156195789575577 13.62721084803343 0 0.4171423986554146 1.475457869470119 12.93088376522064 0.8576552420854568 2.667762957513332 0 0 0 0.5919377058744431 0 9.278291925787926 0 0.531530886888504 0 0 0 0 0
0.8653661161661148 212.629127189517 11.05045415461063 0.122551791369915 0 0 2.295792251825333 0.3699906691908836 402.9143873676658 0 36.22757078707218 0 329.5237885415554 0.5750917717814445 0.2690467238426208 42.36046296358109 11.30231773853302 3.726029440760612 16.13965804874897 0.08233234286308289 2.202590733766556 2832.18637483567 1.876572087407112 487.1093056350946 1753.743571430445 198.9868879169226 7120.352920651436 22.82361092418432 2.271701633930206 1.881134651601315 60.46655058860779 0 0.4360953271389008 8.06927116215229 0.5921985059976578 18.46684794872999 73.2685554549098 12.83895201981068 6.859511233866215 1.839590169489384 0 169.293005913496 0.1449023932218552 0.2306234240531921 952.5342555046082 22.70472672581673 0.448591373860836 0 0 2.1306082457304 0 1.536018848419189 0 9.394053973257542 0 19.97320741415024 0 0 1.478900790214539 9.726412363350391 2.469573050737381 12.39105693995953 0 0.9244401976466179 103.8474772498012 1.191179126501083 4.409906290471554 103.3519871234894 232.1286693289876 1048.53636906296 1.503171905875206 0.1035558357834816 0.6341366618871689 4.759365871548653 0 0 6.951051667332649 1.000992774963379 14.08731132000685 12.27909633517265 19.95696560293436 4.427486702799797 0.3969026803970337 0 9.785021960735321 0
48.395726300776 11.05045415461063 5409.751705929637 0.9383023679256439 0.2194651365280151 8.0876504778862 686.7303955703974 114.9484793096781 0.3306437879800797 34.94378986954689 7.726630337536335 0.5894486904144287 1.766747198998928 161.6030321493745 0 12.01807040721178 8431.542534321547 9.817945636808872 237.6022139564157 0.510456956923008 914.0941799804568 9.052678868174553 8267.604128457606 20.62039040774107 0.305546760559082 5391.4645056054 8100.981668673456 508.1235780343413 88.07102090865374 666.1142001077533 1.069893956184387 1.085774071514606 9.501326084136963 495.1936152130365 39.70383792370558 2235.643572226167 2387.141240179539 1693.685784094036 1031.350923359394 87.13937205821276 1.869950607419014 4.64234784245491 9.726235449314117 0.1300924122333527 405.8318723887205 603.9390361905098 0.2305029183626175 0 0 6.621830716729164 0.4871358275413513 1.306090906262398 0.2389089018106461 0 0 0.5609520375728607 0.8197969570755959 0 33.55837918817997 86.98762612044811 0.2552039176225662 10.73101729154587 0 10.17773423343897 158.9730794653296 115.0632798299193 7.500453568994999 2.881956100463867 426.8026852682233 2660.809028431773 5.669773027300835 0.2241163030266762 4.542427308857441 1.46578761190176 0 0 9.504961110651493 11.57619785517454 82.94642368704081 23.12678792327642 73.8577743023634 23.76846665889025 2.790079221129417 0 0.09917218238115311 0.4357746988534927
3.753180652856827 0.122551791369915 0.9383023679256439 3697.967585772276 0.9903668761253357 128.1612161174417 318.1956139355898 136.6686933264136 1263.923596724868 3104.317809641361 7.229856818914413 4735.507278226316 1.662125773727894 63.11464446783066 42.8855689689517 0.3145267963409424 0.3235515654087067 2.61527831107378 1.325130872428417 6422.93721306324 0.5757459402084351 0.3297462463378906 1.523636691272259 1809.536845974624 0 5.778656512498856 0.9346855580806732 1435.172992788255 131.5091474056244 2.029135584831238 0.366052471101284 7.796923011541367 3.830081626772881 51.13077156990767 2.955801725387573 333.3695865422487 2.228831097483635 157.5110480636358 33.29417658597231 567.6257545202971 25.45833724737167 0.6353180855512619 4.067247338593006 0.6076387539505959 0.3287726864218712 0.2478464469313622 107.6380590870976 0.1516447216272354 7.80268007516861 95.07590383291245 2.83526898920536 79.42487679421902 91.51436501741409 0.4489452838897705 25.90670744329691 0 3.350362502038479 0 0 0 0.1299643218517303 0 130.9974518492818 0 0.6137631833553314 0.3204888999462128 388.5870070978999 0 0.09385053068399429 0 354.871839389205 2.906524740159512 4.276515819132328 0 0 0 1.463753893971443 0 68.49827113002539 0 7.423487290740013 0.6833925023674965 45.03161487728357 3.641792021691799 0 0.3821788430213928
0.68067567050457 0 0.2194651365280151 0.9903668761253357 81.64494067430496 507.4238452091813 3.884961307048798 108.0811166018248 56.02813656628132 10.00711800158024 14.09891115874052 71.31343317776918 7.218206956982613 21.20601134002209 806.5452535748482 0 0.4440031722187996 2.858166873455048 1.13207969814539 2.63663262873888 0 0 0.1709185838699341 9.010021135210991 0 4.456224344670773 0.3038227632641792 2.092324577271938 142.6760078817606 0.4439143389463425 0.4993639886379242 180.2422298416495 0 486.5736714527011 0 25.2583495080471 3.169386759400368 287.3529968187213 24.19690327346325 1042.561575457454 434.8738604635 3.614088550209999 0.8355951756238937 0 0 0 0 0 0 0 0 0 0 0 0 0 0 0 0 0 0 0 0.1347409635782242 0 0 0 0 0 0 0 0.4377315267920494 0 0.1277104169130325 0 0 0 0 0 0 0 0.519176721572876 0 0 0 0 0
20.02860274910927 0 8.0876504778862 128.1612161174417 507.4238452091813 11424.6645032838 2100.378594376147 6567.169450342655 34.65568155050278 10749.06273979694 137.0969407558441 1147.598763465881 37.81071098893881 582.8681072518229 1197.359783172607 0.08959478884935379 6.030163906514645 43.43618851155043 20.47221904247999 274.6374663561583 3.617630109190941 0.3544506132602692 8.754499010741711 286.373874694109 0 47.85041381418705 11.18397270143032 918.4594791606069 804.4125697240233 17.90885645896196 6.158049337565899 407.4315145350993 4.739225834608078 997.1341801285744 2.451255470514297 281.8069453537464 29.14774870127439 793.7216256856918 115.8765005990863 2032.788571916521 539.9479016959667 22.09263452142477 6.706428438425064 0.7870889529585838 0.1143001616001129 0 3.20814636349678 0 1.247067034244537 17.10272239893675 0 2.800387628376484 3.205615431070328 0.3509745895862579 3.072929352521896 0.1872907876968384 0.7529679909348488 0 0 0 0 0 7.380376674234867 0 0 0.8631265014410019 20.09978640079498 0 0 0 23.44310118257999 1.013882264494896 1.012615099549294 0 0 0 0.5548793002963066 1.345791548490524 7.451308913528919 0.2113223969936371 4.547722458839417 1.013091765344143 2.012576922774315 0.4018070250749588 0 0
1870.78693792969 2.295792251825333 686.7303955703974 318.1956139355898 3.884961307048798 2100.378594376147 17272.4827387929 6319.896161444485 278.9622236564755 7016.17208140716 26.69350357353687 61.78798017650843 3.250249773263931 7185.090788193047 15.41164170205593 7.429991006851196 294.6678291969001 8.579111218452454 26.31240719556808 29.22945095598698 493.1734941005707 28.0987002402544 1317.169528767467 2184.413383364677 0.7665010616183281 258.3597278594971 270.9550158530474 15626.19871723652 2933.325140960515 5724.877747215331 1.226395323872566 35.48821376264095 303.4628061801195 400.4076976925135 48.33058013021946 2343.42370095104 120.6788053810596 1785.408803887665 831.8375805690885 211.9016069769859 124.5455955341458 3.453796960413456 26.58377289026976 9.897260420024395 1.832503490149975 4.91434833407402 43.19223342835903 0 7.180299088358879 456.0574665367603 8.682733736932278 107.5524583831429 58.8027708530426 0.2195366472005844 5.462345734238625 0 10.31067230552435 0.3752362877130508 20.17248051613569 0.1026792228221893 0.5496952012181282 0.7647487223148346 32.98500645160675 1.552508801221848 4.913771450519562 11.74941216409206 479.9934500455856 0.2153009921312332 1.514469541609287 18.20101699233055 509.7256815358996 22.58737650513649 39.00978469848633 0 0.7841115593910217 0.4633768647909164 8.13557056337595 7.523584112524986 115.4853623509407 0.9189083650708199 21.41109714657068 6.328905291855335 31.90562600642443 5.430634543299675 0.2192509695887566 0.6849176585674286
1256.598019771278 0.3699906691908836 114.9484793096781 136.6686933264136 108.0811166018248 6567.169450342655 6319.896161444485 10180.13374146074 30.39416715502739 5489.431632272899 87.51109924912453 963.4934136271477 19.90541667491198 6882.673555545509 51.69582466781139 2.310862198472023 179.1202467232943 28.24705574661493 28.65157265216112 414.640346236527 29.60836623609066 5.633024364709854 132.2716008797288 700.9501977935433 0.07095261663198471 99.4702173769474 130.0339586809278 766.0689783245325 3440.808721616864 805.7209922336042 3.601743087172508 324.6343261897564 63.13296289741993 699.4323527514935 4.846159085631371 412.7498650252819 32.88357824832201 674.3768352121115 164.0469141900539 592.8729239925742 305.3188304975629 13.50309685617685 5.972212538123131 2.792422264814377 0.1689431145787239 0.4998839274048805 12.40813590586185 0 0.9991980940103531 177.413358412683 3.376750126481056 20.76057811826468 12.71177444607019 0.1833053380250931 5.80189210921526 0 3.464783906936646 0 3.098388701677322 0.6020477563142776 0 0.2194905877113342 19.51918588578701 0.8637393862009048 0.2499574348330498 1.336454853415489 131.7501783668995 0 0.5843221545219421 1.767211928963661 139.9562667235732 6.010902248322964 13.02828416973352 0 0 0.1142108589410782 1.613062351942062 0.322476863861084 25.68073522299528 0.1660311371088028 7.025185734033585 2.353550583124161 5.514814585447311 0.9782436415553093 0 1.137261807918549
7.737752057611942 402.9143873676658 0.3306437879800797 1263.923596724868 56.02813656628132 34.65568155050278 278.9622236564755 30.39416715502739 1133.965225860476 270.0133647173643 3.231069095432758 142.5815026760101 14.46346544474363 13.59897280484438 596.2679741829634 60.73460691422224 1.919110089540482 0.6558818444609642 1.020675741136074 63.89391420781612 12.34595781564713 2911.693274222314 4.135992750525475 9440.711794480681 160.3761286139488 11.76665718853474 744.0542275831103 1855.871859163046 29.62690011411905 24.13038274645805 6.994644232094288 0.9244829267263412 2.919799588620663 8.324695684015751 0.9722965955734253 70.11878688633442 4.115051068365574 17.16696562618017 7.590144328773022 302.8370722979307 1.24138055741787 7.558326609432697 1.086531519889832 10.94734147191048 3.725983947515488 2.971255078911781 110.7921791896224 0.1489215046167374 7.541897833347321 283.783501856029 8.874974355101585 48.00483317673206 89.89230174571276 1.439489737153053 7.382792361080647 0.3363943621516228 11.96523586660624 0.1762925982475281 342.9544923305511 0.9232989773154259 0.7012494653463364 0.5443787947297096 72.3950413018465 84.87527961283922 86.61238525062799 12.4308852776885 1486.266377992928 0.5794978216290474 6.96126700937748 14.20449015498161 942.9604454413056 37.40427104383707 72.26212833821774 0 0.7288957983255386 1.858738258481026 10.01318687200546 2.287350460886955 67.41860128939152 1.176533572375774 19.39131081849337 5.749480858445168 22.890026435256 3.008693099021912 0 0.1224418878555298
162.6272323429585 0 34.94378986954689 3104.317809641361 10.00711800158024 10749.06273979694 7016.17208140716 5489.431632272899 270.0133647173643 28664.47504865378 70.8026877194643 7680.927453257143 4.759267382323742 1526.110690154135 55.92690112441778 0.8249281719326973 20.93561685085297 27.3203886076808 18.86199701577425 3239.8127021119 14.04136175662279 0.3584015667438507 41.8031614497304 1636.309865988791 0.07516612857580185 43.11043056845665 20.23112321645021 3943.945541836321 1406.279559418559 69.98050776869059 3.354905497282743 81.05901527404785 27.11788440495729 446.0925400480628 13.51482855528593 1064.422015711665 30.41791439056396 1317.992891423404 227.9648670330644 497.1508239582181 173.8916116505861 2.041458979249001 19.19364271312952 1.206470511853695 0 0.8400661796331406 80.17048798501492 0 5.807268522679806 151.9363963156939 4.164455756545067 67.46892264485359 60.39367162436247 0.7548526674509048 29.10545714199543 0 3.659608937799931 0.09759321808815002 0.7452518194913864 0.1751544922590256 0 0.4401692748069763 105.4089974611998 0.2491918355226517 0.1395243704319 1.505531996488571 334.1839896813035 0.2451018989086151 0.1078824028372765 0.2500142902135849 313.3311908692122 4.634843714535236 3.808333300054073 0 0 0.1566774249076843 0.5748237147927284 2.296396464109421 87.66725736856461 0.4551966637372971 5.563123650848866 0.8813793063163757 48.47872130572796 4.859723702073097 0.2434293478727341 0.1036350578069687
8.857015244662762 36.22757078707218 7.726630337536335 7.229856818914413 14.09891115874052 137.0969407558441 26.69350357353687 87.51109924912453 3.231069095432758 70.8026877194643 10340.22518562526 42.70158632099628 1946.373236373067 86.22185259312391 3.233083926141262 0.3050720170140266 269.6292514055967 4394.960943870246 2686.259799189866 23.09565745294094 4.245336577296257 14.0457778275013 22.0489100664854 11.63967507332563 405.1598453000188 3234.699481703341 379.8025039434433 9.792963184416294 162.7957047522068 9.926479034125805 585.6642347052693 86.65159472823143 1.045811340212822 6758.406075328588 5.21988245844841 309.5352176651359 4281.149150460958 3795.531368516386 533.3014594241977 95.43838226795197 35.82304096966982 923.8637663424015 2.42568226903677 0 17.66777613013983 0.1263447105884552 0.09760703891515732 0.5363345965743065 0.1161523684859276 1.219695724546909 0.7559676319360733 0.9437158703804016 0 479.369293987751 0.08963719755411148 1230.628145568073 1.054334856569767 0.1581041216850281 0 0.2394827380776405 25.32239947468042 5.644864767789841 0.1496073678135872 0 4.744140036404133 0.2751238197088242 1.279599726200104 286.7110336720943 185.0587109327316 240.9448720067739 0.641497440636158 0.5541384145617485 0.2372359111905098 181.8989537730813 0.548226922750473 0 48.01641285419464 5.225523144006729 8.84511474519968 205.1212475523353 43.45165556669235 1.228307381272316 0.4882788732647896 3.494942955672741 219.9173571914434 0.1203578636050224
7.354072503745556 0 0.5894486904144287 4735.507278226316 71.31343317776918 1147.598763465881 61.78798017650843 963.4934136271477 142.5815026760101 7680.927453257143 42.70158632099628 7601.627147212625 8.693895131349564 252.4942125082016 935.8691777959466 0 1.43864668160677 17.06070264428854 10.04280521720648 6738.581055387855 0.3311772868037224 0.4822007119655609 0.9879555851221085 296.392808586359 0.07997047901153564 16.10769059509039 3.033177964389324 707.4338389188051 353.7816283255816 4.049736820161343 2.102664470672607 68.15262459218502 0.4539535790681839 264.8495108932257 0 800.5743492171168 6.86253710091114 407.0139473155141 23.42463449388742 2491.070054985583 52.83489912003279 8.133114382624626 5.247780106961727 0 0 0 137.2594786658883 0.3945328295230865 8.40031161159277 20.7799746543169 5.535056583583355 7.650464937090874 105.4761162623763 0.3026951551437378 610.5342037081718 0.08737111836671829 2.006203696131706 10.48468541353941 0 0 0.3124116659164429 0.1599108949303627 359.928811557591 0 0 0 45.55715218931437 0 0.5651676133275032 0.3113656863570213 82.9229336604476 0.6731144860386848 1.319915726780891 0.1521461978554726 0.3993998840451241 0 1.672122284770012 0.1911316066980362 54.85687281191349 0 7.305295556783676 0.1264344751834869 43.80733079463243 0.4576288014650345 0 0
0.5618912130594254 329.5237885415554 1.766747198998928 1.662125773727894 7.218206956982613 37.81071098893881 3.250249773263931 19.90541667491198 14.46346544474363 4.759267382323742 1946.373236373067 8.693895131349564 3201.14151865989 6.483492322266102 0.6476709917187691 2.360487572848797 3.012285463511944 151.5254050791264 32.61169867962599 2.151193618774414 4.228067941963673 118.5941805541515 16.76974378526211 20.31004202365875 3446.39800542593 481.9376204013824 5056.182539790869 4.641371540725231 6.256737485527992 1.455632150173187 1343.779969662428 17.74731462448835 0.09975899010896683 410.1456806287169 77.9583388864994 1493.49720852077 6767.955352500081 2746.515620820224 282.6642044633627 65.07752379775047 38.0527111813426 946.4982493594289 9.21348213404417 0 25.33965486288071 0.1284647285938263 0 0.5184022486209869 0.740860216319561 0.183491587638855 1.049937419593334 0.1354036182165146 0.6994190514087677 823.5934517681599 5.866393156349659 1901.428674124181 1.326485529541969 0 0 1.364562071859837 21.14833993464708 4.642028048634529 0.1835213527083397 0.1937165260314941 6.362560175359249 0.2586985379457474 0.6312968283891678 321.5764046832919 169.586970590055 303.6867525652051 0.3089257180690765 0.5822178423404694 0 202.103847309947 0.4589571952819824 0 106.7421751096845 84.94789646565914 130.5518241971731 455.5572502911091 183.8793765977025 16.53978745639324 5.026339828968048 14.28977727890015 491.7155926153064 2.980170011520386
5684.680852584541 0.5750917717814445 161.6030321493745 63.11464446783066 21.20601134002209 582.8681072518229 7185.090788193047 6882.673555545509 13.59897280484438 1526.110690154135 86.22185259312391 252.4942125082016 6.483492322266102 13215.94750164449 13.54178769141436 1.911896988749504 320.9583065062761 24.44582856446505 40.44516663998365 157.5057868510485 30.68972755223513 6.187643803656101 192.4740583300591 292.2952630966902 0.0905691385269165 121.6023273169994 183.0966507941484 402.4115725830197 8610.90023611486 2292.792747482657 2.503771267831326 599.848209656775 71.07179763168097 654.978881277144 2.821731582283974 305.3385679349303 31.93392116576433 614.6935527399182 157.2240855917335 190.3345857933164 37.75188391655684 2.944129921495914 2.827032722532749 1.251145176589489 0.1344261020421982 1.0389698818326 2.013694301247597 0 0.8956239372491837 41.24735990166664 1.049648150801659 10.16908443719149 2.319028168916702 0 1.009526416659355 0 1.137627489864826 0 2.296362437307835 0 0.08293192088603973 0.1327313780784607 2.251559630036354 0 0.9314028769731522 1.375726468861103 45.26208236813545 0 0.6358678862452507 5.787464939057827 41.17072829604149 2.30291074514389 6.142173878848553 0 0 0 0.4117179214954376 1.073470622301102 9.79662998765707 0 4.073787689208984 0.3399904668331146 3.144387155771255 0.7432142123579979 0 0
0.1882295310497284 0.2690467238426208 0 42.8855689689517 806.5452535748482 1197.359783172607 15.41164170205593 51.69582466781139 596.2679741829634 55.92690112441778 3.233083926141262 935.8691777959466 0.6476709917187691 13.54178769141436 152.1597067862749 0 0 0.6972749158740044 0.4164045006036758 56.18466554582119 0 3.186258569359779 0 286.9432009458542 0.5106462389230728 1.145615227520466 2.028458349406719 21.89106271415949 10.91174945235252 0.1252932846546173 0.2719692513346672 42.03957349061966 0 19.82040679454803 10.80755896866322 1.299821890890598 0 12.41128569841385 0.3517728671431541 788.4517208486795 67.8466118350625 0.1931291669607162 0 0 0 0 0 0 0 0 0 0 0 0 0 0 0 0 0 0 0 0 0.2823287025094032 0 0.3509092628955841 0 0.5974644869565964 0 0 0 0 0 0 0 0 0 0 1.14046722650528 0 0 0 0 0 0 0 0
0.8960402756929398 42.36046296358109 12.01807040721178 0.3145267963409424 0 0.08959478884935379 7.429991006851196 2.310862198472023 60.73460691422224 0.8249281719326973 0.3050720170140266 0 2.360487572848797 1.911896988749504 0 4246.956164911389 9.713816858828068 0.1746645122766495 0.6704867109656334 0.1125045865774155 3148.677099980414 2385.211146332324 4755.898109570146 3283.818100936711 16.46474353969097 6.623261749744415 6418.693450681865 2329.208122871816 10.76487819105387 31.59445390105247 1.320771627128124 0 2.907986834645271 51.36209475249052 3.161482274532318 1377.840992555022 1211.857043914497 353.1074561402202 596.7308842018247 48.60109965503216 0.8030220046639442 0.6260694116353989 8.654931828379631 0.5330552011728287 3.411043122410774 53.65175281465054 0 0 0 5.703434780240059 0.2236872017383575 26.63556602597237 0 0 0 0 1.070897296071053 0.1454852819442749 3625.18865916878 3.70188619941473 0 0.2233665436506271 0 644.2978370264173 1356.034039929509 1413.166183196008 201.7179437503219 0 5.715595334768295 356.9421050623059 336.7313969433308 6.618948869407177 82.82943456619978 0 0 1.278643779456615 4.983977012336254 2.621731832623482 51.50368861854076 10.80639205873013 12.28640779107809 12.73288115113974 1.227178439497948 0.1293350011110306 0.1301189959049225 0
159.0391713455319 11.30231773853302 8431.542534321547 0.3235515654087067 0.4440031722187996 6.030163906514645 294.6678291969001 179.1202467232943 1.919110089540482 20.93561685085297 269.6292514055967 1.43864668160677 3.012285463511944 320.9583065062761 0 9.713816858828068 2923.515204451978 187.8745397701859 4842.594962120056 0.8561027497053146 445.6189391538501 4.618692696094513 5690.359862737358 36.0488455593586 2.781670309603214 5614.441270366311 5454.649926513433 297.4407483562827 362.0129010677338 1753.588983021677 5.885067835450172 1.521634787321091 31.2718018963933 2371.382826752961 13.95846413820982 886.5964570567012 1480.915082901716 2004.80358799547 681.1181329414248 17.51538108289242 1.286830477416515 2.193330407142639 5.311034396290779 0 74.43146642297506 19.27356659621 0 0 0 0.9451147466897964 0 0.1182945743203163 0 0.3922005891799927 0 2.25394494086504 0 0 2.664517723023891 13.85599587112665 1.78593323379755 8.661860547959805 0 1.433818325400352 5.874859280884266 3.028421074151993 1.351626791059971 3.204829573631287 163.7348811849952 333.9808783978224 1.139519400894642 0.08515402674674988 0.8134663105010986 1.467279568314552 0 0 4.147781237959862 3.557785913348198 9.357493728399277 1.687174737453461 18.4700623601675 1.434793896973133 0 0.1283955872058868 0 0
3.165146566927433 3.726029440760612 9.817945636808872 2.61527831107378 2.858166873455048 43.43618851155043 8.579111218452454 28.24705574661493 0.6558818444609642 27.3203886076808 4394.960943870246 17.06070264428854 151.5254050791264 24.44582856446505 0.6972749158740044 0.1746645122766495 187.8745397701859 301.9854947626591 1844.507431901991 9.726171150803566 2.208031922578812 2.402453072369099 12.63721809536219 2.783730216324329 21.15885574370623 3203.192211456597 658.8621047213674 4.760072641074657 42.1759140342474 7.079888731241226 341.2894433289766 16.02540951967239 0.4774701148271561 1175.290326222777 4.951274879276752 342.674077115953 678.4456381872296 1296.422563664615 386.4385689720511 32.94892708957195 7.158671595156193 37.6260432228446 2.753880053758621 0 3.981189660727978 0 0 0 0 0 0 0.4568581730127335 0 28.87578857690096 0 86.26848054677248 0.2137853652238846 0 0 0.2674347460269928 14.16833364218473 4.370198599994183 0.1608973741531372 0 0.2518386840820312 0 0.4679951220750809 44.74998708814383 96.26517188549042 106.6936133056879 0.2741584032773972 0 0 39.5458432585001 0 0 1.217514708638191 2.78955814242363 5.573961816728115 2.797618560492992 1.920834138989449 0 0.07908442616462708 0 0.3094124495983124 0
11.8968403339386 16.13965804874897 237.6022139564157 1.325130872428417 1.13207969814539 20.47221904247999 26.31240719556808 28.65157265216112 1.020675741136074 18.86199701577425 2686.259799189866 10.04280521720648 32.61169867962599 40.44516663998365 0.4164045006036758 0.6704867109656334 4842.594962120056 1844.507431901991 3763.072015509009 6.369977995753288 25.91444283723831 2.837351761758327 219.9894877076149 5.582211934030056 9.383576579391956 5949.086674712598 1909.880296364427 18.01066973805428 59.64682254195213 110.1366098448634 91.05450050532818 4.727866813540459 2.448345251381397 2528.726277992129 14.13407266885042 1190.9083583951 1645.036060638726 2469.807241395116 1336.492552042007 23.9758018180728 3.577794946730137 30.03095403313637 4.496654689311981 0 29.20700555294752 0.8156177997589111 0 0 0 0.4816390424966812 0 0.09862659871578217 0 11.57006522268057 0 26.20697696506977 0 0 0 0.2413849234580994 12.79771260917187 8.359220020473003 0 0 0.726236492395401 0.1084713637828827 0.4110623523592949 22.84266545623541 134.2086038291454 134.0905422270298 0.2258580029010773 0.3217843100428581 0 20.36126639693975 0 0 1.039883084595203 3.674431532621384 4.467589385807514 2.59631571918726 4.262288749217987 0 0 0 0.2533478140830994 0.258521169424057
5.541173554956913 0.08233234286308289 0.510456956923008 6422.93721306324 2.63663262873888 274.6374663561583 29.22945095598698 414.640346236527 63.89391420781612 3239.8127021119 23.09565745294094 6738.581055387855 2.151193618774414 157.5057868510485 56.18466554582119 0.1125045865774155 0.8561027497053146 9.726171150803566 6.369977995753288 613.4164243936539 0 0 0.2129219993948936 197.3713500499725 0.09924442321062088 9.905533023178577 2.397255375981331 1311.892323821783 278.3443881943822 2.419427908957005 1.233344383537769 28.19405323266983 0.1086341589689255 150.3942260369658 0.9730124473571777 261.0769265070558 5.06222016364336 341.3337612822652 26.37508675456047 561.875110425055 47.61067776381969 0.8947121649980545 6.28569719940424 0 0 0 11.2640378549695 0 0.5652904063463211 13.34144156426191 0.2222445160150528 7.272093668580055 8.629790246486664 0 63.40114435553551 0 0.4874846488237381 0 0 0 0 0 27.48346912115812 0 0 0 40.62932694703341 0 0 0 35.31028750538826 0.1108511760830879 0.0908953994512558 0 0.1055279746651649 0 0 0 17.36805883795023 0 2.0948286652565 0.1371432840824127 11.41400535404682 0 0 0.3012949228286743
14.0067902058363 2.202590733766556 914.0941799804568 0.5757459402084351 0 3.617630109190941 493.1734941005707 29.60836623609066 12.34595781564713 14.04136175662279 4.245336577296257 0.3311772868037224 4.228067941963673 30.68972755223513 0 3148.677099980414 445.6189391538501 2.208031922578812 25.91444283723831 0 20294.02004173398 143.9846095815301 19000.39107815176 658.5853462442756 1.151647932827473 180.3276574164629 890.3486816734076 8764.142089948058 64.12208159267902 11888.57992987335 0.4406861588358879 0.3926859870553017 16.23477701842785 1865.700707025826 17.29876716434956 5284.256555370986 2446.915065594018 4553.613613925874 3781.571519203484 211.4027222171426 8.816781736910343 2.314808271825314 27.48036121577024 0 0.995565727353096 3.338440418243408 0 0 0.1221311390399933 3.629969373345375 0 8.573634304106236 0 0 0 0 0 0 669.7156397625804 0.9767539501190186 0 0.1320835500955582 0 286.6313834115863 138.9018991738558 94.73809617012739 85.26423163712025 0 1.70867396146059 32.54840691387653 169.7861071005464 3.03180768340826 54.63041210174561 0 0 0.8314030170440674 0.4364973157644272 6.512584283947945 104.2806179970503 3.148197926580906 2.006146863102913 1.396367996931076 1.900814346969128 0.40891033411026 0.1334400027990341 0
10.3576607555151 2832.18637483567 9.052678868174553 0.3297462463378906 0 0.3544506132602692 28.0987002402544 5.633024364709854 2911.693274222314 0.3584015667438507 14.0457778275013 0.4822007119655609 118.5941805541515 6.187643803656101 3.186258569359779 2385.211146332324 4.618692696094513 2.402453072369099 2.837351761758327 0 143.9846095815301 1739.575482204556 308.4464996829629 5952.612494617701 1399.526455156505 57.82807721942663 4954.383520640433 325.3778609037399 39.96219912171364 24.42248561233282 36.72596247494221 0.1035146191716194 3.857879400253296 9.090118370950222 1.241776555776596 45.66984704881907 22.55248114466667 22.73491458594799 13.56149972975254 21.8983079791069 1.033806011080742 58.86855342239141 0.6134138703346252 1.32795973867178 39.73760724067688 74.6099029481411 0 0 0 10.85352486371994 0.1013221815228462 18.38865130394697 0 0.6289156004786491 0 5.487683147192001 1.612412624061108 0 1401.400163635612 5.549330458045006 0.7107886672019958 1.905048064887524 0 241.2254061102867 355.2106625288725 541.5483526289463 61.51249299198389 1.077461324632168 26.77979132533073 837.6258739605546 89.92095820605755 1.565449096262455 11.62353926151991 0.8053511008620262 0 0 1.526824556291103 1.357651069760323 24.89148959517479 7.312416784465313 13.0305528268218 15.41309517621994 0.9002184569835663 0.1707079410552979 0.8551221117377281 0.1140944138169289
87.44650235027075 1.876572087407112 8267.604128457606 1.523636691272259 0.1709185838699341 8.754499010741711 1317.169528767467 132.2716008797288 4.135992750525475 41.8031614497304 22.0489100664854 0.9879555851221085 16.76974378526211 192.4740583300591 0 4755.898109570146 5690.359862737358 12.63721809536219 219.9894877076149 0.2129219993948936 19000.39107815176 308.4464996829629 19079.02558335662 455.5469408929348 1.303078278899193 1740.73794362694 9117.713946558535 5877.758200585842 184.4821789264679 5397.56852606684 0.8529140129685402 0.7278382033109665 18.52832490950823 2459.592056751251 59.61979112774134 7077.62278547138 6896.741404496133 6380.803065776825 6566.023576192558 374.6989523842931 9.765494294464588 9.493274316191673 48.27723338454962 0.3953630477190018 5.736958913505077 372.8669556677341 0 0 0 10.33391080051661 1.056891679763794 2.927075520157814 0.9346615299582481 0 0 0 0.3131260946393013 0 1887.639077797532 5.748484209179878 0.1388595998287201 1.275439403951168 0 129.1831614747643 692.6913810968399 1325.662833705544 34.42784431576729 0.1312417685985565 11.25628197938204 1257.206789173186 48.42695187777281 1.781800404191017 15.46718717366457 0 0 0.1410424113273621 2.802545756101608 24.29501433670521 94.05005146563053 19.07246152311563 45.47948336601257 42.78440889716148 1.568640694022179 0.2825607657432556 0 1.131433323025703
125.8713467866182 487.1093056350946 20.62039040774107 1809.536845974624 9.010021135210991 286.373874694109 2184.413383364677 700.9501977935433 9440.711794480681 1636.309865988791 11.63967507332563 296.392808586359 20.31004202365875 292.2952630966902 286.9432009458542 3283.818100936711 36.0488455593586 2.783730216324329 5.582211934030056 197.3713500499725 658.5853462442756 5952.612494617701 455.5469408929348 13614.68095666915 151.2555780112743 25.59599916636944 3121.119907468557 13754.56856667995 842.9080426692963 597.1484352946281 6.891866914927959 10.73592773079872 180.9157837927341 198.3988256305456 23.07903081178665 2462.506247483194 131.6096202805638 829.8112944066525 396.4975587651134 1101.865366257727 56.6651856303215 9.175949081778526 18.90560591965914 44.19733829796314 10.23349325358868 41.79041125625372 201.8782733827829 0.3299689069390297 16.13304758071899 1216.973338335752 18.19002256542444 919.3513042554259 161.0584041103721 2.184581510722637 36.10137283802032 1.108632676303387 44.11277284473181 1.917990013957024 787.7879979610443 4.762390397489071 0.7646790966391563 2.269305169582367 144.8845577985048 217.1143640428782 268.5807052850723 68.58789789676666 2782.444707877934 1.440974667668343 18.92023438960314 113.9953645020723 2485.841559670866 140.9317635148764 360.1182005926967 0.2286852151155472 1.461006827652454 7.058332800865173 38.9115382283926 9.598388157784939 480.2462037205696 6.266683839261532 86.76923287659883 22.590701200068 138.7709156647325 20.72995793074369 0 2.842220224440098
0.1665100604295731 1753.743571430445 0.305546760559082 0 0 0 0.7665010616183281 0.07095261663198471 160.3761286139488 0.07516612857580185 405.1598453000188 0.07997047901153564 3446.39800542593 0.0905691385269165 0.5106462389230728 16.46474353969097 2.781670309603214 21.15885574370623 9.383576579391956 0.09924442321062088 1.151647932827473 1399.526455156505 1.303078278899193 151.2555780112743 645.3272153884172 667.5410563051701 7923.587857365608 8.302648939192295 1.099470593035221 0.2297131419181824 856.8120636790991 0 0.1220036745071411 109.0899312794209 0 8.106043100357056 167.1315664052963 68.92919670790434 3.788199722766876 0.5246637165546417 0.165921688079834 558.6784160062671 0 0 156.1509983763099 0.6034997850656509 0 0 0.1958577036857605 0.3864780738949776 0.4776191040873528 0.4825953915715218 0 328.6587621793151 0 1710.692770123482 0.810333676636219 0 0.404112309217453 0.4770557954907417 30.3994697779417 19.36991978436708 0 0.3619973063468933 55.88164672255516 0.1398611813783646 2.44291053712368 730.2035674229264 435.3339392840862 1441.010503426194 1.432483248412609 0.4735786244273186 0.2073157802224159 180.0583870336413 0.480222076177597 0 275.1001519262791 0 8.092736914753914 116.14163710922 111.3123588114977 5.148829892277718 0.125989705324173 0.182145968079567 343.1238984316587 0
36.78868410736322 198.9868879169226 5391.4645056054 5.778656512498856 4.456224344670773 47.85041381418705 258.3597278594971 99.4702173769474 11.76665718853474 43.11043056845665 3234.699481703341 16.10769059509039 481.9376204013824 121.6023273169994 1.145615227520466 6.623261749744415 5614.441270366311 3203.192211456597 5949.086674712598 9.905533023178577 180.3276574164629 57.82807721942663 1740.73794362694 25.59599916636944 667.5410563051701 30236.21823494881 13483.91185814142 108.9901962652802 132.1721371635795 254.5257629975677 1404.030608378351 17.9648407176137 8.53837838023901 1435.176257446408 41.32704269140959 2900.461842730641 7172.32686522603 3494.368427094072 1755.303785197437 50.64007999002934 11.43531909584999 302.9036368504167 15.38501019030809 0.201400600373745 898.6520368754864 17.49201701581478 0 0.2134713903069496 0.4771950095891953 3.796568959951401 0.9624707847833633 2.336895175278187 0 261.2475910559297 0.08847366273403168 928.8497441038489 1.447849705815315 0 2.362032786011696 65.78802561014891 192.6789615228772 150.4370326623321 0 2.652498319745064 25.53545446693897 4.041055411100388 5.627027690410614 795.2227329984307 2599.317207112908 3057.732295878232 2.074410699307919 1.129190802574158 3.755930885672569 368.1756857857108 0.368362084031105 0 26.21405706554651 11.75518526881933 45.52922397106886 52.16073769330978 83.78609117120504 8.642725810408592 0.7195547223091125 0.3353984951972961 8.354537099599838 0.4510495960712433
72.32638507336378 7120.352920651436 8100.981668673456 0.9346855580806732 0.3038227632641792 11.18397270143032 270.9550158530474 130.0339586809278 744.0542275831103 20.23112321645021 379.8025039434433 3.033177964389324 5056.182539790869 183.0966507941484 2.028458349406719 6418.693450681865 5454.649926513433 658.8621047213674 1909.880296364427 2.397255375981331 890.3486816734076 4954.383520640433 9117.713946558535 3121.119907468557 7923.587857365608 13483.91185814142 36883.03599235415 1718.627473175526 199.0979776754975 443.5233333855867 2159.578255340457 2.125591464340687 17.95360422134399 1679.388815753162 150.0492511540651 7050.927149511874 5356.451372802258 5846.785797215998 3818.09879090637 352.1493364349008 5.953117623925209 147.8519346043468 45.62933842837811 1.181161127984524 4681.397282212973 1786.998201459646 0.5629341751337051 0.1076725721359253 0.3099701926112175 30.21783600002527 2.570805765688419 9.957238100469112 1.062759056687355 233.5520205944777 0.09386316686868668 724.9144922494888 7.684411503374577 0.3656733632087708 879.0420358404517 341.0737666934729 223.5743321105838 306.9287448376417 0.6519029214978218 54.92229904234409 1918.211380206048 1223.042260564864 52.56118326634169 950.0640233308077 6167.919404231012 16426.12642138451 38.19802799075842 3.240933611989021 27.31469514220953 315.3498994112015 0 0.2301977649331093 64.86327161639929 44.92556726187468 366.3718063011765 195.8682836890221 380.8148409500718 141.5836850106716 8.976748675107956 0.3690116629004478 11.18628583103418 1.056109428405762
215.9961061179638 22.82361092418432 508.1235780343413 1435.172992788255 2.092324577271938 918.4594791606069 15626.19871723652 766.0689783245325 1855.871859163046 3943.945541836321 9.792963184416294 707.4338389188051 4.641371540725231 402.4115725830197 21.89106271415949 2329.208122871816 297.4407483562827 4.760072641074657 18.01066973805428 1311.892323821783 8764.142089948058 325.3778609037399 5877.758200585842 13754.56856667995 8.302648939192295 108.9901962652802 1718.627473175526 22755.95624624193 1722.047721862793 9738.23442927748 0.6259750425815582 11.16479782760143 404.0790683329105 829.3602606505156 54.78667499125004 5868.787559837103 641.2780691534281 2582.681204549968 1524.662253342569 416.4731226488948 85.18040000647306 3.833312027156353 39.59097130596638 44.8255303055048 1.797221876680851 32.19571332633495 128.9065048992634 0.524462066590786 16.96607183665037 1189.324591815472 14.63685807585716 512.6578651964664 135.4349138513207 0.619533933699131 25.90748056024313 0.1047715395689011 42.09984214603901 2.072879582643509 1167.528080940247 4.798032075166702 0.6162324249744415 1.864823691546917 131.3247097581625 396.8452451080084 292.8934823125601 101.4211378619075 2378.528000980616 0.1158090531826019 10.066660143435 72.54256530106068 2495.929897077382 162.2958714663982 565.8514072746038 0.1958207860589027 0.847029946744442 9.338103204965591 47.73439209163189 12.02050343155861 484.488839276135 6.586339868605137 80.27098175883293 19.87901943176985 91.3278065174818 17.76973187923431 0.290613979101181 2.321191802620888
4095.885484956205 2.271701633930206 88.07102090865374 131.5091474056244 142.6760078817606 804.4125697240233 2933.325140960515 3440.808721616864 29.62690011411905 1406.279559418559 162.7957047522068 353.7816283255816 6.256737485527992 8610.90023611486 10.91174945235252 10.76487819105387 362.0129010677338 42.1759140342474 59.64682254195213 278.3443881943822 64.12208159267902 39.96219912171364 184.4821789264679 842.9080426692963 1.099470593035221 132.1721371635795 199.0979776754975 1722.047721862793 15191.90544246137 4981.478120781481 3.760904721915722 2747.87705347687 2559.64392849803 1976.043497256935 3.659208834171295 455.0858304202557 38.37256629765034 2334.411214396358 316.331441834569 233.6441238597035 104.1006369739771 4.617898240685463 7.846311114728451 1.725758120417595 0.3473488390445709 0.8825666978955269 1.41250341385603 0 0.5645332559943199 51.18785651028156 0.551294669508934 15.0057258233428 2.78485282510519 0 1.60730516910553 0 1.466990180313587 0 8.497605599462986 0.3594626486301422 0 0.4333566874265671 5.175536498427391 0.3408377319574356 1.108092084527016 2.749658674001694 70.26436290889978 0 1.068411163985729 4.878676697611809 72.0041279643774 6.410959482192993 11.70623335987329 0 0 0 1.009439922869205 0.295371025800705 17.81804593652487 0 4.172006286680698 1.336871236562729 6.448151879012585 1.324533477425575 0 0
2151.99776917696 1.881134651601315 666.1142001077533 2.029135584831238 0.4439143389463425 17.90885645896196 5724.877747215331 805.7209922336042 24.13038274645805 69.98050776869059 9.926479034125805 4.049736820161343 1.455632150173187 2292.792747482657 0.1252932846546173 31.59445390105247 1753.588983021677 7.079888731241226 110.1366098448634 2.419427908957005 11888.57992987335 24.42248561233282 5397.56852606684 597.1484352946281 0.2297131419181824 254.5257629975677 443.5233333855867 9738.23442927748 4981.478120781481 16378.92384994775 0.6210189387202263 4.701329596340656 970.1871613785625 2549.305916145444 48.13236428052187 3762.262810952961 276.1449989974499 3527.160176500678 1428.010900877416 86.75681154429913 19.29582822322845 1.548544809222221 22.58460802584887 3.536201544106007 0.632503904402256 3.760731384158134 0.6176814585924149 0 0.2089659348130226 77.80922578275204 1.315479904413223 15.84906390309334 1.556941300630569 0 0.3804086148738861 0 3.411106556653976 0 27.12795968353748 0.9511605128645897 0 0.5090584307909012 1.226755142211914 2.401166915893555 5.630800738930702 7.347426384687424 104.558643527329 0 2.435948461294174 12.40503386408091 104.1640050113201 11.71876502037048 34.45756289362907 0 0 0.127533420920372 2.784191764891148 9.158505372703075 88.85379566252232 0.734543465077877 5.537996605038643 2.062057793140411 9.819325000047684 2.209067724645138 0 0.2838732600212097
