1209.007748320699 0 69.62709158658981 0.2728072255849838 0 2.272383272647858 1763.942577183247 406.906474635005 0 3.921036265790462 2.042597591876984 1.196619682013988 0.09048395603895187 4079.052893452346 0 0.1251207590103149 107.7036012336612 2.827109068632126 38.20960371941328 0.1369994282722473 19.87006159871817 0 81.88189844787121 1.224913440644741 0 18.96395465731621 18.86514712870121 32.52960709482431 4503.459576763213 2722.897516421974 0.1943103522062302 1.377370715141296 100.5097318962216 66.42238312959671 0.6111388355493546 15.46631445735693 2.722416259348392 32.49361708015203 8.466343894600868 0 0.826553612947464 0 0 0 0.08814588934183121 0 0 0 0 0.1114275231957436 0 0.118425041437149 0.1355362832546234 0 0 0 0 0 0.09747789800167084 0 0 0 0 0 0 0.1173350214958191 0.6039300113916397 0 0 0.5245385393500328 0.6978191211819649 0 0 0 0 0 0 0 0.3535668477416039 0 0 0 0 0 0 0
0 121.4468020349741 18.14863128215075 0.1307497918605804 0.5470864623785019 0.3006172925233841 4.690837122499943 0.112462967634201 364.8004849553108 0.3115444779396057 7.599155001342297 0.1847090423107147 284.3840653523803 0.2435700744390488 8.001863889396191 151.2635979428887 4.049790427088737 7.996981106698513 8.626014851033688 0 12.18455118685961 2198.627738893032 20.26820611208677 1204.999739311635 1160.944986633956 188.5707323551178 6270.728912137449 24.80290970206261 0.486795537173748 0 44.28156320750713 0 0 6.965013407170773 0 15.58333826810122 29.9148336648941 17.44151517748833 5.907890364527702 4.803960472345352 0 53.95784510672092 0.3501944243907928 0 38.98326347023249 9.37953482568264 1.005366206169128 0 0 0.9145851358771324 0 0.3359779715538025 0 0 0.4240415245294571 6.92959850281477 0 0 1.334305867552757 1.92976900190115 1.214520052075386 6.163790963590145 0 0.3372648656368256 7.474853284657001 1.72569315135479 2.493280820548534 4.495155118405819 95.57624960690737 541.9368340075016 0.8488576263189316 0 0.3894029036164284 3.690112128853798 0 0 0.3019104897975922 0 2.336632266640663 11.55992947518826 3.405671834945679 0.7272881716489792 0 0 0 0
69.62709158658981 18.14863128215075 12088.77456118166 17.32775325328112 0.2940745055675507 51.70859709382057 966.8403151854873 1054.318410113454 0.3980724960565567 48.44961688667536 73.11735110729933 4.006135225296021 2.2601582929492 795.9300299435854 0 16.3218300640583 3533.688323482871 329.4225232601166 583.5387634187937 1.431310191750526 517.3972400352359 0.9202023893594742 12884.86032832414 26.5675051137805 1.572616212069988 6855.334289871156 4491.08881533891 167.6191363856196 124.6490512043238 789.4772661924362 23.61216665804386 2.02300388365984 9.587856240570545 865.4327542632818 15.6135927438736 2045.125235915184 4732.818193838 1436.547526419163 397.1233601495624 61.86154702305794 3.938833609223366 2.305068358778954 5.125948362052441 0 187.4420727416873 599.7366186752915 0 0 0.4591347873210907 6.282702259719372 4.93072210252285 0.5667082667350769 1.041088759899139 0 0 3.131624326109886 1.49942210316658 0.1514499485492706 17.33240708708763 34.0340308919549 1.426412582397461 12.43869840353727 0 3.633060708642006 60.32561667263508 74.36872230470181 12.01625981926918 5.044588968157768 406.8590257167816 2678.81615921855 9.315813168883324 0.1030694171786308 4.146070972084999 4.651542201638222 0 0 4.587395176291466 1.37246099114418 28.85753710567951 158.1970534920692 26.1758024469018 10.42270292341709 0.1287712752819061 0 0.5712848603725433 0.1529494673013687
0.2728072255849838 0.1307497918605804 17.32775325328112 7094.219396844506 3.350480042397976 129.0344408527017 131.6107126176357 14.88819000869989 1357.628376439214 3615.416701897979 2.277278080582619 2774.885890796781 1.586253724992275 25.70831605046988 158.2377403825521 0.6167959868907928 6.019539684057236 0.967904657125473 2.434483110904694 5777.383495010436 4.076310411095619 0.1385277211666107 18.57484550029039 2325.65624127537 0 5.274159617722034 2.849291771650314 4024.059257723391 68.04020798951387 1.89148835092783 0.1653932183980942 2.934326484799385 12.60207634419203 60.69439297169447 9.822854891419411 769.8260658234358 4.71640981733799 138.036827377975 87.61728452146053 441.3505395799875 16.04447182267904 4.579402059316635 4.737170346081257 0 0.1286606639623642 0.4541271701455116 274.681658141315 0.1853576898574829 25.81388612091541 142.2875547483563 5.912916593253613 127.1957420110703 263.8330387324095 1.155888333916664 361.3592486083508 0 7.632351711392403 3.651116125285625 2.591405287384987 0.2960174754261971 0.2735759019851685 0.2884800955653191 161.6607481017709 0.2217821776866913 0.582243300974369 1.516031667590141 440.2237759977579 0 0 0.326909527182579 297.3993136063218 7.104863956570625 28.00971519947052 0 0.7593285962939262 0 4.349086306989193 0.2269290834665298 73.80453038215637 0.420283243060112 12.39346430450678 3.104904413223267 138.1960469260812 1.235875189304352 0 0
0 0.5470864623785019 0.2940745055675507 3.350480042397976 132.2850177884102 553.8617974892259 3.928609058260918 106.1899552643299 72.69898074865341 13.26626648753881 41.96996479481459 113.1162687242031 4.924774304032326 22.63038178533316 435.613794401288 0 0.5729272663593292 2.275866895914078 2.499371647834778 7.849314175546169 0 2.219779789447784 0 27.12282278388739 0.9116263538599014 4.1984538808465 2.138141714036465 8.756019398570061 70.17497701942921 2.253574147820473 1.412600107491016 1172.702975437045 0 323.1258450821042 0.1712667793035507 98.01442507654428 2.424344122409821 300.1312247142196 27.9123796671629 1191.976820133626 83.46502940356731 4.825241968035698 9.735104441642761 0 0 0 0.2214014679193497 0 0 2.049187168478966 0 0.8332622051239014 2.195243746042252 0 0 0.1168689951300621 0 0 0 0 0 0 0.4949207901954651 0 0 0 1.91709853708744 0 0 0.1036010757088661 0.8812460154294968 0 0 0 0 0 0.1579890996217728 0 0.8439128994941711 0 0 0.3017310500144958 1.589301928877831 0 0.2502748072147369 0
2.272383272647858 0.3006172925233841 51.70859709382057 129.0344408527017 553.8617974892259 11252.32248029858 4197.889009580016 10092.14419286698 76.48127784579992 6937.589180093259 227.1052345633507 5406.237534269691 40.11730537191033 1224.784565702081 1552.163995414972 0.8238258510828018 22.50690406560898 29.48052683472633 38.95052630826831 387.8061771243811 16.6112889945507 1.191541150212288 45.8652197048068 122.9721992313862 0.917481817305088 47.43249298259616 31.29760751128197 1505.724559046328 1816.223933294415 38.36223755776882 13.26672792807221 1445.866092935205 9.932918831706047 1026.81101538986 2.509390458464622 438.2999414131045 35.95176693052053 910.4582620710135 139.5468410030007 1631.844609238207 143.4556140527129 17.88694946467876 11.69702968746424 0.1190838888287544 0.1276136338710785 0.1684184074401855 4.478125683963299 0 0 18.14884674549103 0.3719882220029831 3.982599802315235 5.979026407003403 0.1754079014062881 3.172814473509789 0 0 0 2.832629650831223 0 0 0 3.228421963751316 0.4551025182008743 0.1176852956414223 2.039864577353001 29.85827681422234 0.09888150542974472 0.2458793148398399 3.378261238336563 21.70537980645895 1.105061717331409 8.456006161868572 0.08649253100156784 0 0 1.103747814893723 0.3655096665024757 7.292124330997467 0.1474591270089149 0.6718633025884628 0.9373174756765366 5.019988685846329 0 0.7404157519340515 0
1763.942577183247 4.690837122499943 966.8403151854873 131.6107126176357 3.928609058260918 4197.889009580016 17476.57349166274 5981.49542684108 239.6487602367997 10111.78906423599 30.09707232564688 45.19291010499001 8.862147383391857 7588.454301722348 22.78197982162237 32.19313158094883 184.7589374631643 27.05650448054075 77.53534956276417 23.13808787614107 1415.674398504198 17.06320037692785 2523.587736710906 2322.804475180805 3.357527203857899 172.1896629631519 180.8678576275706 22988.48530049622 1604.849605195224 3719.446055956185 1.494654163718224 19.4748667255044 248.1225864142179 880.7075296863914 103.6063469871879 3786.342187218368 73.33118215948343 1887.197548478842 1100.92149142921 288.9659779593349 136.8874381631613 8.686308704316616 33.84430074691772 2.897915117442608 1.306184023618698 4.931112788617611 66.52363267540932 0.2645987123250961 14.72636473178864 332.4088727980852 6.328338779509068 113.4350781515241 81.50853753089905 3.192530125379562 8.824952103197575 0.2131821662187576 12.21977616846561 0.1601338982582092 65.2326834872365 0.6439775303006172 0.111429326236248 0.2762380689382553 37.39322325587273 16.8686548024416 19.22307558357716 45.28449762612581 551.2178839594126 0 0.7367239445447922 45.67114673554897 396.9803705215454 11.64872363209724 196.5675856918097 0.604387030005455 0.9292269051074982 0.2430867403745651 9.542860805988312 3.672593757510185 71.65349981188774 1.45970157533884 22.13413083553314 7.057547569274902 81.23153121769428 1.734887324273586 0 0.6266103386878967
406.906474635005 0.112462967634201 1054.318410113454 14.88819000869989 106.1899552643299 10092.14419286698 5981.49542684108 10788.87428251654 7.993727624416351 2319.677853830159 245.7515429258347 798.3091027364135 33.25264837220311 7798.599185340106 143.9719431772828 1.296159811317921 675.5416844040155 54.49386014044285 252.9542068839073 102.5956227406859 174.3960542604327 0.7520931661128998 735.1158765926957 62.78355852514505 0.6012992635369301 296.7545480504632 154.328243419528 200.0329640135169 2675.448769725859 1816.453159555793 11.02344860136509 2379.245167300105 17.56125518679619 949.7214446291327 8.164451219141483 340.6375898122787 59.28929691761732 801.6182911172509 271.1697918847203 576.6915295645595 77.26560354977846 22.2411053776741 8.622561693191528 0 0.1212748438119888 0.6786202266812325 4.440582104027271 0 1.000610426068306 30.29489608854055 0.6461618989706039 3.513481609523296 3.521277517080307 0.135248675942421 0.8890656977891922 0 0.1257358640432358 0 7.306193128228188 0.1047084107995033 0 0 0.7253768593072891 0.3142837285995483 1.551252290606499 8.281971856951714 36.64167256653309 0 0.3197092041373253 8.046840347349644 28.99782640486956 0 14.45554323494434 0 0 0 1.448188662528992 1.209519386291504 8.735476069152355 0.6888788864016533 2.426510080695152 0.7609404325485229 4.789281249046326 0.1247149705886841 0.6390715390443802 0
0 364.8004849553108 0.3980724960565567 1357.628376439214 72.69898074865341 76.48127784579992 239.6487602367997 7.993727624416351 670.8209865391254 327.5256664901972 2.376971021294594 92.35050265491009 30.9244534894824 3.888895951211452 965.5663471668959 16.15952534973621 0.5971135199069977 1.725665844976902 0.7279404848814011 522.1340867578983 22.39583909511566 1094.003257200122 4.849009901285172 11096.98044385016 192.4969878420234 15.74168776720762 298.2984959557652 1375.139423951507 16.47189355641603 6.266827821731567 8.579184785485268 2.307631999254227 0.3396594673395157 23.10070657730103 1.521960571408272 96.30186181515455 4.315655097365379 42.67561750113964 13.30525916814804 635.5746004581451 2.191699534654617 3.779781714081764 0 2.355917006731033 17.2204047665 1.398663699626923 240.5328094884753 0.3893495053052902 9.198937579989433 115.5421612039208 3.212321542203426 122.920707449317 138.1361633166671 1.947218619287014 107.1578084975481 0.09314459562301636 3.883536025881767 1.920143522322178 158.789921566844 2.047660000622272 0.2244187444448471 0.4986429661512375 80.50262749940157 57.74491026252508 45.69442136585712 15.0765263363719 1404.29431386292 0.4193187206983566 1.381724447011948 13.93436665087938 408.6848619431257 15.16663152724504 209.2557357922196 0.2788833975791931 0.154973566532135 0.2255854830145836 7.344074703752995 1.902878403663635 57.01167212426662 0.6583288460969925 13.69961758702993 6.584530457854271 65.0241184681654 0.2553750649094582 0.2393029779195786 0.4874276518821716
3.921036265790462 0.3115444779396057 48.44961688667536 3615.416701897979 13.26626648753881 6937.589180093259 10111.78906423599 2319.677853830159 327.5256664901972 36400.49703770876 72.07343693077564 7497.07022394985 13.29523649066687 1381.841189883649 23.64722117036581 0.8770589828491211 13.85411158949137 11.64514096081257 16.35171857476234 4491.356870286167 15.54554696381092 0.2380719631910324 51.17966210097075 379.8125877678394 0.1433663666248322 26.91078511998057 18.93996576219797 8369.539168313146 1056.455295071006 12.28521451354027 4.047133609652519 49.62423478811979 66.6176994368434 669.3379857465625 30.00904934108257 2038.715631209314 40.32780846953392 1325.602862335742 389.5590308457613 355.5262488797307 150.347106538713 11.71550955623388 28.13551071286201 0.9077711403369904 0.1035887748003006 0.9326484650373459 321.9294391423464 0 27.20617853105068 260.1427582129836 7.603642232716084 119.8823166415095 365.8912991434336 1.342910327017307 117.1159343719482 0 7.438888840377331 4.883276924490929 3.355330981314182 0.6899471879005432 0 0.3216107189655304 154.3999370783567 1.496176600456238 1.615406140685081 3.004643157124519 544.1290751546621 0 0.3686671033501625 0.7031494006514549 385.4541214928031 8.0526003241539 64.79873688519001 0 1.040741965174675 0.290630966424942 5.380929693579674 1.0647212266922 73.1074874997139 0 14.85397094488144 5.216172322630882 104.45838072896 1.517464593052864 0.1156151220202446 0
2.042597591876984 7.599155001342297 73.11735110729933 2.277278080582619 41.96996479481459 227.1052345633507 30.09707232564688 245.7515429258347 2.376971021294594 72.07343693077564 10588.42233537883 105.5371522083879 1389.421263150871 164.2995777204633 0.1606270670890808 0.3553023934364319 395.3649458810687 848.7660814002156 1535.075982630253 17.84359604120255 17.34103161096573 1.701824150979519 31.45169815421104 11.78019357472658 101.2650867328048 2607.026068836451 852.6078218147159 25.404935374856 370.7826851308346 23.10918701440096 611.1719083189964 209.9417608007789 3.755427956581116 6364.069738417864 21.66642578691244 822.1747030988336 4207.518545255065 4697.227648556232 1235.570341311395 26.0379184409976 56.2646402195096 1135.877071782947 10.41792517900467 0 33.32154005765915 0 0.8560260012745857 0 0 7.528701156377792 0 1.585476756095886 0.711167961359024 133.1536370515823 0 600.8699643313885 0.3222227990627289 0 0.08696416765451431 0 4.91703850030899 1.154868468642235 1.19697992503643 0 3.467831023037434 0 8.496776558458805 219.9339608773589 33.03629583865404 102.2414037436247 7.30414854735136 0.08732433617115021 3.924141280353069 115.6913788169622 0.1256712973117828 0 20.98334686458111 4.004641354084015 18.81685940921307 350.2597242891788 31.78363099694252 6.140148907899857 1.493775948882103 0.7778410315513611 137.3346851989627 0
1.196619682013988 0.1847090423107147 4.006135225296021 2774.885890796781 113.1162687242031 5406.237534269691 45.19291010499001 798.3091027364135 92.35050265491009 7497.07022394985 105.5371522083879 11679.79920347035 20.51065887510777 339.5930832996964 1882.943686679006 0.3097794055938721 2.71050389111042 14.93604082614183 14.20392622798681 7651.250329829752 0.6628206372261047 0.6034469604492188 3.075366370379925 236.8643610030413 1.924223080277443 21.60765326023102 16.59398206323385 770.675530359149 680.8561974614859 6.81417316198349 7.106941290199757 113.5493401139975 7.503290005028248 667.283131480217 7.167864225804806 942.329454600811 23.29716737568378 952.3502933904529 158.3550755903125 2574.355415008962 107.1793303117156 13.60427896678448 6.424915760755539 0.2324332147836685 0 0.2287179529666901 132.842943713069 0 24.65591616928577 53.95035824179649 3.141299873590469 7.48268885165453 141.1111302301288 0.3594846427440643 319.1309103667736 0.08370553702116013 3.981259904801846 5.576153725385666 0.2113443464040756 0.1567411869764328 0 0 109.9663388952613 1.163625657558441 0 0.6147602200508118 92.30381639301777 0 0.1875267326831818 0.1288923621177673 76.42786245793104 2.703625440597534 25.48551626503468 0 0 0 3.920715659856796 2.653196811676025 48.02770076692104 0.4195368215441704 4.761651173233986 1.075151965022087 85.20588035136461 0 0.09746165573596954 0
0.09048395603895187 284.3840653523803 2.2601582929492 1.586253724992275 4.924774304032326 40.11730537191033 8.862147383391857 33.25264837220311 30.9244534894824 13.29523649066687 1389.421263150871 20.51065887510777 1961.379793569446 14.25887898355722 0.9579001143574715 14.47686864435673 2.031491711735725 136.1472692787647 10.60620141774416 3.511483155190945 14.14251194894314 90.53637031465769 12.1807754561305 87.53125359863043 2662.649144120514 487.7239497005939 4115.29184782505 30.77892223745584 29.33489828556776 7.650762811303139 641.9990508779883 25.8625659942627 0.1790770515799522 884.2283603325486 75.99289461970329 1456.161888517439 3863.824252575636 2752.513709485531 649.8288895562291 100.8596236780286 49.15054451674223 1141.686274416745 9.103794224560261 0 64.48880315572023 0 0 0 0 1.706068880856037 0.2948671877384186 2.902996852993965 0.5479425191879272 463.1258170008659 0.1465298682451248 2427.673645548522 0.1081232130527496 0 1.834474623203278 0.3766313195228577 19.3921465203166 1.48326300829649 0 0.8115834593772888 7.29285429418087 0.3338745981454849 6.062745869159698 525.5838116779923 102.5102074369788 471.2525010332465 7.526416219770908 0 10.12320233881474 515.7466071024537 0.4518431127071381 0 43.85182133316994 59.52894169092178 272.1196701601148 996.9158572629094 70.38767264783382 60.16002376377583 10.71730995178223 7.580558016896248 214.9564701244235 0
4079.052893452346 0.2435700744390488 795.9300299435854 25.70831605046988 22.63038178533316 1224.784565702081 7588.454301722348 7798.599185340106 3.888895951211452 1381.841189883649 164.2995777204633 339.5930832996964 14.25887898355722 10974.9775788039 21.15331628918648 0.4679861962795258 880.8434764444828 49.36936922371387 353.34372587502 75.22505556792021 177.1194866970181 0 698.9250278100371 27.71037975698709 1.34991367906332 250.5302237570286 180.9855401068926 162.8071542158723 9158.544909752905 5258.940684661269 6.862616837024689 883.4077860340476 35.02134149521589 966.8212389573455 2.098251909017563 245.5294695943594 48.83767158538103 695.1908263638616 134.6814641878009 176.197925157845 15.9808180257678 3.175565928220749 2.966408059000969 0.1187390834093094 0 0.2924395203590393 1.404470905661583 0 0.1396355032920837 19.1891950443387 0.1442620754241943 3.375979445874691 0.759025514125824 0 0.8002686500549316 0.1113070771098137 0.4138012751936913 0 1.114566296339035 0 0 0.08786498010158539 1.369475245475769 0.6480813920497894 0 1.01966442912817 27.69311964511871 0 0.2106920257210732 4.679575510323048 17.44104598462582 0 9.097007893025875 0 0 0 0.8346504867076874 0.344441831111908 6.769568525254726 0.3529064357280731 1.13300921022892 0.6074687764048576 2.579270154237747 0 0 0
0 8.001863889396191 0 158.2377403825521 435.613794401288 1552.163995414972 22.78197982162237 143.9719431772828 965.5663471668959 23.64722117036581 0.1606270670890808 1882.943686679006 0.9579001143574715 21.15331628918648 211.113718315959 0 0.1055038422346115 0.190234050154686 0 255.3662865534425 0 32.57779654860497 0.1049932241439819 1541.14637568593 8.0811767578125 0.6945515424013138 5.275664620101452 102.2011201679707 34.64117386937141 0.2664750814437866 0.7233008816838264 197.5921607017517 0 2.516317665576935 0 74.32675647735596 0 5.072532013058662 0.4980625212192535 1258.206592008471 18.56853356957436 0 0 0.7770064473152161 0 0 2.169586002826691 0 0 1.952417567372322 0.2509426772594452 5.160107553005219 1.936386480927467 0 2.207234144210815 0 0 0 0.448626309633255 0 0 0.08918001502752304 0.9260593503713608 0 0.8009869456291199 0.4372154325246811 12.21675919741392 0 0 0.4708880931138992 4.058532066643238 0.12099489569664 1.655436500906944 0 0 0 0 0 2.20311538875103 0 0 0 0.6079071760177612 0 0 0
0.1251207590103149 151.2635979428887 16.3218300640583 0.6167959868907928 0 0.8238258510828018 32.19313158094883 1.296159811317921 16.15952534973621 0.8770589828491211 0.3553023934364319 0.3097794055938721 14.47686864435673 0.4679861962795258 0 3432.572933889925 18.9299982637167 0.9288353994488716 4.362710654735565 0 3060.387135922909 1221.004478558898 4751.702768400311 2091.118808306754 40.71095558255911 4.602952696382999 3036.826971046627 502.0331744924188 0.93521349132061 7.640552945435047 1.26731638610363 0 0 132.4916140809655 22.0558779463172 1618.127219237387 411.2873939573765 645.787307344377 873.1873345449567 114.3291803747416 3.9021375477314 36.03339900076389 15.04196039587259 0 33.5971337929368 70.37188971042633 0 0 0.7538252025842667 15.49512819200754 0.6452131792902946 10.73287623375654 0.739420622587204 0 0 0.7194501608610153 0.1132935583591461 0.2477468922734261 2497.272013925016 6.544217690825462 0.4213431552052498 1.640398301184177 0 304.5369926020503 926.2036458700895 1705.742951638997 151.8464420214295 0.1532578766345978 8.648002251982689 783.9525833949447 126.7293965145946 2.22858015447855 70.02365248650312 0.1334362030029297 0 0.2899292856454849 3.544533975422382 5.174364000558853 166.9284767284989 8.023940891027451 11.53912705928087 20.36975201964378 3.436366885900497 0 8.085492849349976 0.1006006002426147
107.7036012336612 4.049790427088737 3533.688323482871 6.019539684057236 0.5729272663593292 22.50690406560898 184.7589374631643 675.5416844040155 0.5971135199069977 13.85411158949137 395.3649458810687 2.71050389111042 2.031491711735725 880.8434764444828 0.1055038422346115 18.9299982637167 1788.199395820498 129.6226281896234 2432.081877488643 0.8157358467578888 261.8137502968311 8.04575427621603 4609.526792317629 21.92712119221687 1.763293713331223 1074.690236672759 5102.765093505383 65.82653439044952 631.8682861626148 883.9895777404308 0.980173334479332 5.802536331117153 38.05242969095707 2839.351665660739 4.203207895159721 286.4196421504021 474.8127792775631 611.419285684824 119.5261212140322 5.653569161891937 1.688779138028622 0.1896718740463257 0.8346214890480042 0 7.413749754428864 5.39803171902895 0 0 0 0.5328996628522873 0 0.1136024445295334 0.2074498236179352 0 0 1.348776265978813 0 0 1.760644733905792 2.260448306798935 0.9132563918828964 6.345844350755215 0 0.4839887768030167 2.834008447825909 1.3526606336236 2.421866834163666 0.1579632014036179 60.08007410913706 94.15146949887276 1.247700460255146 0 3.262076705694199 0.214748740196228 0 0 0 0.2936408221721649 1.622899651527405 12.12748309969902 0.9251920804381371 0.2861348390579224 0 0 0 0
2.827109068632126 7.996981106698513 329.4225232601166 0.967904657125473 2.275866895914078 29.48052683472633 27.05650448054075 54.49386014044285 1.725665844976902 11.64514096081257 848.7660814002156 14.93604082614183 136.1472692787647 49.36936922371387 0.190234050154686 0.9288353994488716 129.6226281896234 194.5013172328472 2375.679610580206 3.202449828386307 9.354218497872353 1.402431443333626 97.83050185441971 5.687241271138191 38.89792201668024 5534.468656636775 2528.176305830479 6.305542632937431 71.14706088602543 12.0645003169775 225.9218043759465 20.20376178622246 1.287822745740414 992.1386186033487 3.742495574057102 754.5814853832126 1591.540588736534 1158.614387780428 578.9867764338851 8.33616615831852 1.278916344046593 31.2701512798667 3.954045012593269 0 5.363418631255627 0.5397750064730644 0 0 0 0.6359696984291077 0 0.1438571959733963 0 4.062858335673809 0 77.59830688685179 0 0 0.09573441743850708 0.5191062539815903 8.978880167007446 2.594186522066593 0.4576691389083862 0 0.1317701637744904 0 0.6852183863520622 10.64428665488958 49.52342161536217 175.6253030896187 0.4137309715151787 0 1.058734558522701 32.33667316287756 0 0 0.427475243806839 1.374896138906479 1.41386940330267 16.83995378017426 1.43729317933321 1.606363639235497 0 0 0 0
38.20960371941328 8.626014851033688 583.5387634187937 2.434483110904694 2.499371647834778 38.95052630826831 77.53534956276417 252.9542068839073 0.7279404848814011 16.35171857476234 1535.075982630253 14.20392622798681 10.60620141774416 353.34372587502 0 4.362710654735565 2432.081877488643 2375.679610580206 2777.03337168321 2.551180273294449 95.13045006990433 6.997602708637714 513.8805109038949 6.033712893724442 8.805796168744564 3103.756098791957 2615.421048827469 16.7290973290801 496.4564055576921 163.703557536006 10.07429853826761 26.38543245941401 34.52690943330526 4295.594194866717 9.560303688049316 1088.256367608905 860.7403751239181 1808.907842800021 720.8017439171672 11.55382001399994 2.161099821329117 1.875988155603409 3.288673974573612 0 12.21965793520212 2.835281424224377 0 0 0 1.000989876687527 0 0.2432251125574112 0 1.127405390143394 0 10.13487114757299 0 0 0.3844640478491783 5.443233415484428 7.497248888015747 22.2877956032753 0 0.0917091891169548 1.184188261628151 0.7385161072015762 2.298346288502216 2.035619743168354 201.3823924064636 313.5840003788471 0.9400673061609268 0 0.5279652699828148 5.91960784047842 0 0 1.065751127898693 2.608879238367081 3.372865900397301 49.23899941146374 5.794841386377811 0.9028899818658829 0.2239527106285095 0 0 0
0.1369994282722473 0 1.431310191750526 5777.383495010436 7.849314175546169 387.8061771243811 23.13808787614107 102.5956227406859 522.1340867578983 4491.356870286167 17.84359604120255 7651.250329829752 3.511483155190945 75.22505556792021 255.3662865534425 0 0.8157358467578888 3.202449828386307 2.551180273294449 823.5914882346988 0.09350214153528214 0 1.22846070677042 486.9799320995808 1.614126369357109 4.848547339439392 2.442171439528465 1305.084774576128 158.1501907631755 1.918933518230915 1.430096507072449 19.74862177670002 4.742784313857555 129.1139191091061 1.920915260910988 546.8165481835604 7.869173519313335 223.8520976752043 56.66413489729166 683.7644350528717 25.8119752407074 2.329694405198097 1.451599389314651 2.047040820121765 0.2892012894153595 0 238.1512973085046 0 17.68312214314938 119.4428043290973 4.822508938610554 72.10424202680588 223.1351989656687 1.051283538341522 122.8700296878815 0 4.276950798928738 2.853958643972874 0 0.2648623585700989 0 0.1027566120028496 120.7427647262812 0 0 0.4070305526256561 328.5127131640911 0 0.48343675583601 0 218.391957052052 2.662115834653378 29.30436784774065 0.1323457658290863 0.2647204846143723 0 2.376753784716129 0.1692373156547546 58.65281341224909 0.2496629357337952 4.350877575576305 1.826211780309677 111.2686637863517 1.023495085537434 0 0
19.87006159871817 12.18455118685961 517.3972400352359 4.076310411095619 0 16.6112889945507 1415.674398504198 174.3960542604327 22.39583909511566 15.54554696381092 17.34103161096573 0.6628206372261047 14.14251194894314 177.1194866970181 0 3060.387135922909 261.8137502968311 9.354218497872353 95.13045006990433 0.09350214153528214 19573.57015562803 149.6138798594475 13467.7744532451 1601.096876785159 19.54071513563395 65.47715803235769 318.8594039082527 8457.850683562458 19.37891925871372 8489.309387855232 0.4879921227693558 0.3628815561532974 3.841093480587006 3735.353556402028 163.1990620344877 7107.234649285674 671.6557561904192 4166.159830793738 3492.29764624685 152.2134751081467 11.80520166456699 50.19352848082781 43.14408911764622 1.549103073775768 2.358793117105961 2.164551138877869 0 0 0 13.10607924312353 0 15.38131828606129 0 0 0 1.040749549865723 0.5742425844073296 0 516.1199820414186 6.305182531476021 0 1.345088124275208 0 314.2779520004988 98.33816201239824 161.7386534661055 211.7343208342791 0.2496611624956131 2.134876519441605 27.62817873805761 190.9378874152899 5.636196829378605 187.1110652312636 0 0 0.7785347402095795 7.620239116251469 13.21720088273287 100.8366614207625 4.820834130048752 11.30142582952976 12.87009080499411 10.30916947871447 0.1199554055929184 2.766476705670357 0.2653873488306999
0 2198.627738893032 0.9202023893594742 0.1385277211666107 2.219779789447784 1.191541150212288 17.06320037692785 0.7520931661128998 1094.003257200122 0.2380719631910324 1.701824150979519 0.6034469604492188 90.53637031465769 0 32.57779654860497 1221.004478558898 8.04575427621603 1.402431443333626 6.997602708637714 0 149.6138798594475 1269.356073558331 259.1255198344588 7571.63648083806 687.0752583965659 34.3837972432375 3395.302892625332 270.4789744690061 0 0 20.87311127781868 0 0 12.65960126370192 0.3566765785217285 21.38275418430567 21.11616584658623 26.17472919076681 9.308683514595032 31.8987560197711 0 19.01150795817375 0 0.1113836616277695 126.186341509223 32.71818140149117 2.379674538969994 0 0 3.321427837014198 0.1677914410829544 6.95780274271965 0 0.2008180469274521 2.168711602687836 1.4693863093853 0 0.4832667410373688 1303.145409815013 4.035223253071308 0.2656945064663887 2.442840121686459 0 228.6839207485318 295.4360909983516 501.144830442965 146.2646482661366 0.2966458275914192 19.23220583796501 450.4253733456135 80.64747237414122 0.3349480256438255 44.72864023596048 0.7519613578915596 0 0 1.698168031871319 2.967033118009567 42.93324261903763 13.04283571988344 7.043141394853592 8.907682463526726 2.658007636666298 0 0 0.291559249162674
81.88189844787121 20.26820611208677 12884.86032832414 18.57484550029039 0 45.8652197048068 2523.587736710906 735.1158765926957 4.849009901285172 51.17966210097075 31.45169815421104 3.075366370379925 12.1807754561305 698.9250278100371 0.1049932241439819 4751.702768400311 4609.526792317629 97.83050185441971 513.8805109038949 1.22846070677042 13467.7744532451 259.1255198344588 17654.04429108649 489.9515809118748 11.57856830954552 1562.014079973102 13894.42507659644 2175.243473835289 160.4969094917178 5576.551424920559 2.305425710976124 3.202635824680328 11.59876599162817 3388.733976304531 163.2292553335428 9414.875977240503 3789.120358996093 7423.851019360125 7845.216946430504 785.0284966230392 49.33799186348915 48.86015568673611 80.57944820821285 0 12.75573613494635 85.50058907270432 0.5948509871959686 0 0.1384485214948654 18.38382985442877 2.570349484682083 6.011769279837608 0.9202019572257996 0.3541897386312485 0 0 0.1137117296457291 0.1334670037031174 2005.524212241173 4.37159675359726 0 0.4219430461525917 0 181.1586602404714 505.2908254042268 1358.024409800768 91.91196217387915 0.1988387405872345 3.366917103528976 838.0046075955033 82.86657161265612 0.9291288778185844 38.95569039881229 0.1659050136804581 0 0.4966165125370026 3.525269120931625 28.50918558239937 126.8748606741428 10.31253688037395 12.78263276815414 25.68556724488735 1.739477157592773 0 3.735040992498398 0.5698238909244537
1.224913440644741 1204.999739311635 26.5675051137805 2325.65624127537 27.12282278388739 122.9721992313862 2322.804475180805 62.78355852514505 11096.98044385016 379.8125877678394 11.78019357472658 236.8643610030413 87.53125359863043 27.71037975698709 1541.14637568593 2091.118808306754 21.92712119221687 5.687241271138191 6.033712893724442 486.9799320995808 1601.096876785159 7571.63648083806 489.9515809118748 15426.27918346226 454.9687056988478 35.55820535868406 2387.83815484494 9692.630499884486 99.27736227959394 93.44083692133427 22.07500300556421 12.8747291713953 40.23198214173317 223.2350966781378 28.56007597595453 2070.925401896238 91.05057585984468 480.7219685986638 319.7497948110104 1163.276007935405 30.59011540561914 64.29160156100988 13.45593097805977 14.90282140672207 28.91354535520077 27.82842317968607 341.8048761039972 1.389841437339783 26.62494397908449 839.7606309726834 18.36141735315323 905.2167112752795 256.8621239066124 8.781802326440811 160.4242148250341 2.478142499923706 25.85569991916418 5.224083557724953 1142.298949494958 10.90243101865053 1.650364436209202 5.478586077690125 179.1481937617064 504.6255628541112 341.6149275153875 341.4782322049141 4029.600195519626 0.4295425489544868 13.83441259711981 210.9873210936785 2057.078616514802 69.41588629037142 1301.784045875072 1.533862501382828 2.882551267743111 1.54978009313345 32.41822998225689 9.533719755709171 433.9435214847326 11.15365476161242 83.44997919350863 42.42674580961466 216.6750024780631 5.859783738851547 8.155399337410927 2.609744094312191
0 1160.944986633956 1.572616212069988 0 0.9116263538599014 0.917481817305088 3.357527203857899 0.6012992635369301 192.4969878420234 0.1433663666248322 101.2650867328048 1.924223080277443 2662.649144120514 1.34991367906332 8.0811767578125 40.71095558255911 1.763293713331223 38.89792201668024 8.805796168744564 1.614126369357109 19.54071513563395 687.0752583965659 11.57856830954552 454.9687056988478 763.0946486592293 221.874721288681 5523.948515273631 46.97227463871241 1.446224972605705 5.959521472454071 317.3837451562285 2.502018548548222 0 36.27682331949472 0.1461038440465927 210.3764856085181 153.7077338919044 199.5887622535229 42.59275198727846 64.38301908969879 10.94144892692566 749.9210813641548 2.220468997955322 0 90.82877765595913 1.127889573574066 0 0 0 0.8499547243118286 0 0.6983521655201912 0 110.1252499893308 0 695.3432218953967 0.1486795097589493 0 7.512615129351616 0.2902009636163712 5.876017883419991 5.403578065335751 0 3.452061176300049 7.377079889178276 1.330157354474068 2.066916324198246 248.2689203619957 112.8273466005921 924.0537881627679 6.071168303489685 0.08669662475585938 10.69748283177614 88.26728857308626 0 0 29.22121091187 0 178.1290317773819 120.6097094193101 33.31056787073612 0.5357641279697418 10.27023363113403 0 35.63108912855387 0
18.96395465731621 188.5707323551178 6855.334289871156 5.274159617722034 4.1984538808465 47.43249298259616 172.1896629631519 296.7545480504632 15.74168776720762 26.91078511998057 2607.026068836451 21.60765326023102 487.7239497005939 250.5302237570286 0.6945515424013138 4.602952696382999 1074.690236672759 5534.468656636775 3103.756098791957 4.848547339439392 65.47715803235769 34.3837972432375 1562.014079973102 35.55820535868406 221.874721288681 29309.80027621239 13187.62688483298 32.52990573644638 127.3490496128798 117.1682740673423 1199.095582604408 30.9904630407691 3.782928176224232 1062.832208134234 12.84860026836395 1603.036580771208 3621.951294705272 2019.765004917979 1020.88730545342 18.67979116737843 7.198067098855972 135.6468982547522 6.10796594619751 0.0764114111661911 221.2557557597756 81.83313736319542 0.09424175322055817 0 0 0.9409429579973221 0.8254093155264854 1.06064672768116 0.7985450327396393 39.97451707720757 0.09431208670139313 793.2149941325188 0.4920478761196136 0.1542122662067413 2.230178937315941 53.04246874898672 78.70221318304539 87.46046092361212 0 0.2277612462639809 10.15989323705435 4.641957126557827 6.865291729569435 167.7549813389778 1243.989790737629 3062.537886582315 1.445201069116592 0.3007523268461227 1.116646930575371 306.3747814297676 0 0 5.404095120728016 5.222615346312523 25.82540418952703 352.4258364886045 52.31034758687019 9.022261254489422 0.4778115749359131 0.1524973958730698 3.096327349543571 0
18.86514712870121 6270.728912137449 4491.08881533891 2.849291771650314 2.138141714036465 31.29760751128197 180.8678576275706 154.328243419528 298.2984959557652 18.93996576219797 852.6078218147159 16.59398206323385 4115.29184782505 180.9855401068926 5.275664620101452 3036.826971046627 5102.765093505383 2528.176305830479 2615.421048827469 2.442171439528465 318.8594039082527 3395.302892625332 13894.42507659644 2387.83815484494 5523.948515273631 13187.62688483298 34838.20452850312 426.9481722339988 130.8146385326982 184.5704711005092 1424.618196517229 22.07915776222944 5.275961704552174 4729.959919780493 103.1948797777295 8992.862507432699 4151.757326461375 8213.059559740126 2819.207972504199 232.1634788513184 31.27896452695131 32.51853615045547 43.7602052167058 0.6908209621906281 3560.844622313976 1864.287040382624 1.787460140883923 0 1.377367898821831 34.93984828144312 19.51542410999537 8.517360664904118 4.147353753447533 72.36389020085335 0.1591058373451233 821.1240256428719 5.460508689284325 0.5409758761525154 593.0171958804131 150.31058421731 133.6045588999987 233.599217787385 0 27.46048722416162 2096.133709788322 930.7689565345645 78.18846499919891 453.4433279410005 3499.26839260757 19993.28796008229 49.29347162693739 1.662207022309303 5.719954118132591 377.9831907823682 0 0 28.6994346305728 18.45698390901089 196.760572463274 721.2218160256743 224.6385725587606 68.2777841091156 1.751260288059711 0.1662745177745819 7.14281003177166 0.9485392421483994
32.52960709482431 24.80290970206261 167.6191363856196 4024.059257723391 8.756019398570061 1505.724559046328 22988.48530049622 200.0329640135169 1375.139423951507 8369.539168313146 25.404935374856 770.675530359149 30.77892223745584 162.8071542158723 102.2011201679707 502.0331744924188 65.82653439044952 6.305542632937431 16.7290973290801 1305.084774576128 8457.850683562458 270.4789744690061 2175.243473835289 9692.630499884486 46.97227463871241 32.52990573644638 426.9481722339988 27242.50452215225 477.4373267889023 10433.05835016072 1.746595971286297 26.37756150960922 209.2826277092099 1319.887605063617 184.4524855613708 8018.585340037942 163.5195155665278 2339.572451099753 1636.266184173524 403.8073395043612 106.2954368516803 83.1353926435113 48.51954885572195 16.60242643207312 3.311264641582966 8.647035211324692 307.5536762550473 0.1039589568972588 31.18860872089863 899.6716809868813 20.3270446062088 430.8669889271259 326.3461873754859 8.012580871582031 96.87044939398766 1.941225439310074 31.74396479874849 4.921164341270924 465.7885701730847 8.542582936584949 0.8116327300667763 2.221659369766712 123.0951003357768 235.3253736644983 82.57232592254877 86.82969845831394 2705.500626735389 0 5.054536186158657 79.68324042111635 1728.219579078257 63.52242366969585 1445.411889530718 0.43299251049757 2.446143217384815 1.916584208607674 30.41365839540958 15.24475479125977 371.9155170470476 9.367327563464642 67.83526483178139 33.78642299771309 218.213022582233 7.098193071782589 6.483270660042763 1.926328480243683
4503.459576763213 0.486795537173748 124.6490512043238 68.04020798951387 70.17497701942921 1816.223933294415 1604.849605195224 2675.448769725859 16.47189355641603 1056.455295071006 370.7826851308346 680.8561974614859 29.33489828556776 9158.544909752905 34.64117386937141 0.93521349132061 631.8682861626148 71.14706088602543 496.4564055576921 158.1501907631755 19.37891925871372 0 160.4969094917178 99.27736227959394 1.446224972605705 127.3490496128798 130.8146385326982 477.4373267889023 23003.14576792717 9145.903325855732 14.84276204556227 1374.633256159723 4930.10918867588 3550.838674709201 2.068541690707207 829.3813481777906 49.42892874032259 1677.58541418612 125.6084301546216 706.3738730177283 109.1778195537627 12.68645596504211 22.46938993781805 0.4394415766000748 0 0.3681042790412903 6.12489066272974 0 0.6846480295062065 48.86788912862539 1.336197659373283 12.16689310222864 9.718203045427799 0.6763706728816032 0.9587524980306625 0.3033584654331207 0.9715702012181282 0 1.922273330390453 0 0.104243703186512 0.2103620022535324 2.191884629428387 0 0.3980996012687683 0.3826932162046432 56.39852508157492 0 1.112026743590832 3.134070046246052 38.20390849560499 1.660081803798676 18.77887447923422 0.08675738424062729 0.1700540333986282 0 1.433920621871948 0.6939472854137421 8.974625252187252 0.1726239621639252 2.120916292071342 0.4546805769205093 5.221842706203461 0.1300948113203049 0.2488879561424255 0
