1935.989448182285 0 67.76581780612469 1.27033969014883 0.2506928518414497 23.61880535632372 2528.544618166983 645.1107432097197 1.188881292939186 24.43286456912756 6.742623209953308 0.7425343841314316 0.08220922201871872 7776.328859448433 0.4203147143125534 0.1669401377439499 193.9983832016587 2.675532184541225 50.87896646559238 0.773933082818985 41.67733754217625 0.8548916429281235 213.2151891663671 19.06292752921581 0 56.63700235635042 11.09039220958948 44.56107467412949 5853.522516690195 4025.305617325008 0 0.7951584756374359 119.2582862004638 140.6574197933078 1.055838629603386 19.78497292846441 17.88207597285509 56.12596105784178 12.03761777281761 2.921434819698334 0.4939200952649117 0.2894952893257141 0.1354120373725891 0.2906520888209343 0.2210648655891418 1.384694643318653 0 0 0 1.467131778597832 0 1.504200264811516 0 0 0 0 0 0 0.3633506000041962 0 0 0.1204964146018028 0 3.598897151648998 1.341640770435333 0 4.898675315082073 0 1.19070240855217 2.349961265921593 8.473666556179523 0.2095072865486145 4.890799567103386 0 0 0 0 0 2.203492507338524 0.230655312538147 0.1985490620136261 0 0 0 0 0
0 255.2855228260159 70.04043077677488 0 0.7709942311048508 0.5688062608242035 1.170481435954571 2.179194405674934 1063.958949029446 0.1915910989046097 80.21729455143213 0.8804545104503632 799.6487017795444 1.261927515268326 19.90849665552378 88.68739967048168 65.73833340406418 4.061488389968872 41.61841917783022 0.2464352548122406 18.96309981495142 2398.294850423932 9.516496531665325 1209.748530931771 1797.552916638553 724.6192055866122 7698.193965323269 34.48014438897371 1.574789591133595 1.236832074820995 61.79021599888802 0.6343893110752106 0.5331740975379944 47.47528468817472 0.3296362608671188 136.7000464871526 137.894228219986 132.6084105521441 27.49718149006367 13.18846241384745 0.5519694313406944 385.7066615149379 0.9914065301418304 0 86.46050280332565 68.94795346260071 0 0 0.1114969626069069 0 0 1.913846038281918 0.4621448367834091 2.589864887297153 0.1120577231049538 11.22606856375933 0 0 2.417934976518154 14.7321540042758 2.404443852603436 16.51370065659285 0.2323751822113991 0.9631870836019516 70.30633330345154 4.316642835736275 5.164170980453491 21.41081348061562 241.1043756902218 1299.979844212532 2.678750388324261 0 1.112039871513844 2.848820559680462 0 0.08064199984073639 3.525052845478058 0.5223511010408401 24.79517844319344 18.29235973209143 14.68386843055487 5.164457902312279 0 0 0.5562934279441833 0
67.76581780612469 70.04043077677488 6670.670715078712 18.86419267207384 0.8863885700702667 149.8170500844717 4202.979656308889 440.2318743690848 118.2436327338219 210.6592868193984 32.95880781114101 5.485420368611813 4.122515954077244 395.3139302879572 6.907579928636551 15.2551838234067 5562.033891730011 16.19087488204241 232.7768225222826 7.127038314938545 537.7236332222819 103.8048504143953 13979.24995100498 1267.459538049996 0.7061008587479591 10925.76170552522 7769.637547686696 1042.146605432034 144.5469223931432 457.9241873845458 0.3746157810091972 2.822249829769135 8.923820726573467 548.8458185642958 44.57621440291405 2423.792664855719 6156.549515210092 2207.456903256476 649.6704067885876 86.91098664700985 3.879125095903873 2.432707145810127 7.054744429886341 0.8052173405885696 181.932459756732 2177.806320264935 2.652420371770859 0 0.2445630878210068 32.45076035708189 2.751712650060654 13.65264641493559 3.066095262765884 2.88885410875082 3.933114066720009 0.8447782620787621 3.91337788105011 0.1438230276107788 11.88324002176523 386.3852925226092 4.109113663434982 48.26617610454559 7.126806676387787 11.26660096645355 181.1971563696861 380.4370660632849 26.03808059543371 2.830835677683353 477.4862796962261 4137.315239652991 38.9512410312891 2.921265661716461 7.747436337172985 0.5528201907873154 0.1581875085830688 0 29.61557997763157 30.28026546537876 291.9129052460194 72.75796192139387 273.1926298215985 73.2210138887167 10.33032891154289 0 0.677600659430027 1.140467822551727
1.27033969014883 0 18.86419267207384 3948.99182626605 0.1505624502897263 16.1322912722826 206.6719694510102 15.80800703912973 561.2732877656817 2406.580269575119 1.629765465855598 3088.747413963079 0 17.09333121776581 33.95443392544985 0 1.543922647833824 0.4271763041615486 1.124769628047943 6221.875429719687 0.3969918042421341 0 4.784988880157471 1566.983353108168 0 0.7261252552270889 0.6568561792373657 4129.539104573429 64.13893537968397 0.6399388909339905 0.1001374125480652 1.235235095024109 9.846463091671467 46.22790285199881 14.92806415259838 174.899261072278 3.890564657747746 83.17382191121578 43.20178864896297 41.43897061049938 10.37915124744177 0.1647970229387283 1.529528707265854 0.1570719182491302 0.7463277578353882 0 137.6952719166875 0.3014208376407623 5.92271725833416 61.13078667968512 2.573193363845348 182.3061790913343 149.2893160358071 0.5310486555099487 156.5437375530601 0 3.484727934002876 11.44698658585548 0 0 0 0 281.4887285456061 0.1155470535159111 2.984746649861336 0.1445340812206268 288.8476345390081 0.430157333612442 0.1034175232052803 1.120582416653633 454.4568057954311 1.86412438005209 0.6078299880027771 0 0 0.556464247405529 3.519670791924 3.112424090504646 9.399610407650471 0 3.864935390651226 1.369652919471264 16.201232008636 0.5423868149518967 0.1092509105801582 0.1719852983951569
0.2506928518414497 0.7709942311048508 0.8863885700702667 0.1505624502897263 59.32464826107025 432.143344797194 8.174463972449303 111.6359923258424 17.9852832108736 6.062725521624088 79.71091912686825 57.25646553188562 51.92458076775074 35.07678312808275 680.49949221313 0 4.28940038383007 9.956308677792549 17.52857314050198 5.255339987576008 0.2296156287193298 0.6170444935560226 3.984395645558834 4.268818110227585 1.394755423069 13.26136147230864 4.309119321405888 3.211975492537022 431.878958106041 1.608264036476612 1.233670867979527 521.9597867056727 0.1054120361804962 895.1179246231914 1.31252908706665 53.64036022126675 17.58834650367498 242.7109165042639 126.229280628264 1478.044348232448 264.1581833213568 49.73418445885181 3.308950781822205 0 0 0 0.3360061347484589 0 0 0.4825355112552643 0 0.8482312858104706 0 0 0 0 0 0 0 0 0 0 0 0 0 0 1.172858648002148 0 0.4785983860492706 0.2986571788787842 0.1259435713291168 0 0 0 0 0 14.89581249654293 0 0.3487504422664642 0 0 0 0 0 0 0
23.61880535632372 0.5688062608242035 149.8170500844717 16.1322912722826 432.143344797194 15021.20734782517 4277.885530747473 8843.040142029524 69.14409358799458 11012.58623401821 152.4002934992313 3831.416109837592 56.36272226274014 2314.918324366212 2610.233379736543 0.1050638929009438 84.76564511656761 52.0226184129715 104.0776925459504 312.5673786476254 8.891237266361713 0.5275848358869553 107.5904397442937 38.75934783369303 2.605080716311932 104.343557946384 31.79295848309994 460.1572034060955 2296.729100942612 181.4980671331286 3.263373427093029 928.4342624545097 13.30406800657511 980.5061026737094 7.007009997963905 501.2529448494315 54.35146337002516 856.4989596754313 366.1865297704935 4439.338821791112 762.924015365541 70.93876370042562 15.43347708135843 0 0.2003166824579239 1.344486720860004 15.37881514430046 0 1.475049614906311 18.8306786864996 0 26.6602309346199 9.947191305458546 0.2279822826385498 35.14091987907887 0.4503943547606468 0 4.236916691064835 0 0 0 0.1008793711662292 22.1753164678812 0.1189476922154427 0 0.2641125693917274 43.98706141859293 0.1089270263910294 0.7930504903197289 2.675296619534492 27.84812862426043 0 1.08735566586256 0.1069979518651962 0 0 25.02241383492947 1.355218440294266 3.910355292260647 0.4020411819219589 3.26665386557579 4.643199443817139 9.504477173089981 0 0 0
2528.544618166983 1.170481435954571 4202.979656308889 206.6719694510102 8.174463972449303 4277.885530747473 21859.19288422912 4849.850262701511 179.0884052366018 9660.618094921112 37.82149092853069 358.4975021705031 3.205324463546276 6381.896329574287 67.14600943028927 1.608715511858463 415.9725071787834 16.07785241305828 88.07404327392578 479.9219195842743 573.294506765902 0.893438033759594 2823.596108950675 1443.559981413186 0.2815307304263115 201.1799172312021 69.7309457808733 15392.70499967039 2441.661440342665 7689.533318713307 0.5867205038666725 19.62901855260134 292.1679790914059 1088.283635780215 104.3605178892612 2530.989046566188 152.557787925005 1530.61482463032 597.5387723222375 220.9589496999979 102.6883824244142 2.64958918094635 24.52250863611698 0 0.6190874427556992 18.12924303114414 22.35402350127697 0.2220814824104309 4.594042807817459 145.0918235853314 8.522623240947723 93.23891396075487 54.22309488803148 0.9366800785064697 63.29364347457886 0.9851404651999474 10.74089243263006 1.813955202698708 1.289519712328911 3.059910371899605 0.31716687977314 0.2929537892341614 103.5390659123659 0.8123126104474068 1.161271147429943 3.634936422109604 142.3124407753348 0.3418266028165817 1.943623371422291 27.85386400669813 275.303471468389 6.394129976630211 16.53639563173056 0 0.9003170132637024 0.31840480864048 10.55557423830032 13.55880729854107 30.92069013416767 1.087362363934517 26.02973933517933 11.23499874770641 15.0175875723362 1.238492876291275 0 0.2632056772708893
645.1107432097197 2.179194405674934 440.2318743690848 15.80800703912973 111.6359923258424 8843.040142029524 4849.850262701511 15163.43039443344 81.09733722358942 2023.878620259464 204.6564158797264 966.0435164421797 96.79910830408335 11712.24914165586 993.4825910627842 1.675464555621147 675.4760779887438 54.62991207838058 220.662033803761 221.2314379885793 62.39600023627281 0.6355304345488548 682.7656645923853 140.2788036689162 3.826180934906006 334.0295238867402 66.60249959677458 547.501624904573 2632.611500479281 2243.016580820084 3.884294152259827 433.5233217999339 16.25245250761509 960.0617900565267 15.39870116859674 703.9368652850389 150.4165050312877 802.3346120789647 434.4975025430322 2358.642831511796 485.7910080701113 118.3468992784619 26.08187583833933 0.3008200526237488 0.375348187983036 6.1076425537467 6.340703025460243 0 3.744252055883408 107.3931401148438 6.149160355329514 46.47146309167147 20.40093089640141 0.1026947051286697 13.53045941889286 0.4697654247283936 2.40890671312809 0.5377374291419983 0.6464581713080406 0.2462245300412178 0 0.2588984370231628 23.35155840218067 0.6178891733288765 1.112415350973606 0.7686264216899872 83.78030740469694 0.1069630086421967 2.247266791760921 11.14392161369324 135.4429019466043 1.426950216293335 27.03827188909054 0.5737669616937637 0.825871467590332 0.1177531108260155 45.77350110560656 1.303031653165817 13.10266932845116 0.4446742907166481 9.047660894691944 6.796255677938461 16.53925286233425 0.3905613124370575 0 0.3449976444244385
1.188881292939186 1063.958949029446 118.2436327338219 561.2732877656817 17.9852832108736 69.14409358799458 179.0884052366018 81.09733722358942 1372.032706618309 206.8540456071496 8.677041165530682 328.1125152334571 45.09827710688114 13.59396471828222 723.3058189153671 39.28358026593924 10.68448903411627 0.5026721581816673 5.600447677075863 460.0006527602673 34.51140383630991 3035.677913539112 18.95770433545113 13765.13906712085 258.2925501614809 67.85799013078213 1052.664187267423 1725.826675206423 42.19756777584553 94.49289870262146 11.35044921189547 1.539945304393768 12.21606466174126 24.8825851380825 2.630378685891628 298.7091638594866 36.39970192313194 57.0689565166831 16.94892670959234 294.7227310836315 5.730690084397793 9.942695841193199 4.563669517636299 5.386424213647842 2.980574183166027 3.11406198143959 73.79857856035233 0.1366442888975143 4.856154203414917 139.6416438743472 3.525356113910675 231.2797995135188 39.79612709581852 1.256139688193798 53.71006871759892 1.076823741197586 12.71304082870483 4.273172624409199 136.9016816541553 1.606329418718815 0.9717158004641533 1.224865846335888 85.85987350344658 113.2835804075003 23.17582220584154 32.32258329540491 1111.694674395025 0.3979075998067856 7.687175646424294 15.82404343783855 856.0008303076029 22.01170124858618 155.7908149212599 0.271416150033474 2.411616936326027 3.309946641325951 10.15918089449406 2.952510476112366 54.8037943392992 3.47521747648716 25.93140204995871 9.451934151351452 28.09035255014896 1.735030114650726 0.1739414930343628 0.5010581165552139
24.43286456912756 0.1915910989046097 210.6592868193984 2406.580269575119 6.062725521624088 11012.58623401821 9660.618094921112 2023.878620259464 206.8540456071496 32611.15770550072 48.01290963590145 5084.873718000948 4.811312943696976 1076.015189751983 83.8093751296401 0 23.22559174150229 22.29094087332487 53.18836788833141 3122.709277756512 10.6186221241951 0.3824843615293503 69.5950648188591 268.1699525937438 0.1018336564302444 48.30972243845463 20.6264004483819 4205.007189489901 1260.827679753304 25.35551872849464 1.257045894861221 28.00374319404364 65.67102911323309 910.8091642931104 84.88489469885826 1939.765617728233 48.16628690063953 1535.06328792125 381.5500637963414 314.1753740608692 168.2621354907751 5.44579353928566 40.88627675175667 0.6440296769142151 0.6214175969362259 1.826684534549713 184.4731784164906 0.4121013879776001 19.91445222496986 231.0114566087723 10.13321629911661 231.8088412061334 253.5643319785595 0.1597577184438705 278.6658558472991 0.2383978962898254 5.779861800372601 10.10181817412376 0.3232925683259964 0.4196804314851761 0 0.1236472129821777 519.5930855423212 0.8059796690940857 4.438159555196762 0.3503040671348572 441.008592762053 0 0.7625431194901466 4.370210543274879 738.4692996665835 10.16340517252684 3.729982383549213 0 0.3104372024536133 1.143663167953491 7.229737639427185 10.21063135564327 37.97916349023581 1.444456823170185 22.07861008495092 8.987222775816917 28.06823839992285 1.232726812362671 0 0.1394082754850388
6.742623209953308 80.21729455143213 32.95880781114101 1.629765465855598 79.71091912686825 152.4002934992313 37.82149092853069 204.6564158797264 8.677041165530682 48.01290963590145 14178.82295456529 61.27168930321932 3497.231836654246 130.282435901463 7.200724720954895 2.491476468741894 2259.951428875327 5445.978364259005 2524.172998599708 13.95003259927034 28.04675526916981 18.66893688589334 150.2092420980334 7.974605865776539 780.1623276621103 3048.592773035169 773.8472343087196 12.67460600286722 436.416243866086 39.10007662326097 513.7156460508704 247.8901131078601 6.926877737045288 6172.717019364238 5.667542770504951 337.9476422816515 4854.692098498344 4076.60475640744 388.647513307631 80.75961796939373 53.95658950507641 1903.678339734674 27.78214658051729 0.2219046652317047 9.270665355026722 1.423030629754066 0 0.5659017562866211 0 2.152833454310894 0 2.197237573564053 0 209.1745341792703 0.1522011309862137 1196.198612444103 1.033041559159756 0.2315066158771515 0.14869724214077 0.5542796850204468 20.7144665196538 0.1333921700716019 0.5854950994253159 0 1.554092198610306 0.1133508309721947 2.423623345792294 30.62943486124277 65.19372808933258 256.4457563087344 1.760212302207947 0.795586571097374 0.6701066642999649 107.0122680366039 0.8821649551391602 0 32.55022459477186 9.207692071795464 14.54836051911116 511.507864639163 32.03280668705702 1.713650904595852 0.3206439912319183 0 126.9449446424842 0.5462711453437805
0.7425343841314316 0.8804545104503632 5.485420368611813 3088.747413963079 57.25646553188562 3831.416109837592 358.4975021705031 966.0435164421797 328.1125152334571 5084.873718000948 61.27168930321932 7542.396740935743 9.146418340504169 711.0747446417809 2385.361760534346 0 8.192289859056473 31.63870710879564 68.15836860984564 9158.262377440929 3.562584303319454 3.911188878118992 7.6957678347826 648.0381567105651 1.562893457710743 41.77613560110331 24.08067087829113 2100.293604016304 739.4365393593907 6.000844895839691 1.860381029546261 42.84329340606928 1.701892077922821 637.0235259011388 18.20674155652523 1263.219813093543 94.17643843591213 1077.463721200824 123.7774616032839 2136.399032086134 125.9441647827625 20.2332828193903 15.39509376883507 1.222610712051392 0.624316930770874 0.1283313632011414 183.8146370649338 0.6073246523737907 23.52543067932129 91.6781692802906 6.339047394692898 314.503410756588 166.791633464396 0.2453573346138 399.4810024052858 0.08338185399770737 3.597988434135914 30.26631982624531 0.1034163981676102 0 0 0 318.7288396507502 0 1.375169768929482 0.3458246290683746 336.9883701875806 0 0.9346901178359985 1.284269854426384 354.6681383922696 3.341917857527733 3.675708800554276 0.2510916292667389 0.2459437996149063 0.5266228169202805 12.48932729661465 2.214364126324654 23.24740447103977 0.1165803149342537 9.482093214988708 3.261248260736465 105.8486215770245 0.8766855895519257 0 0
0.08220922201871872 799.6487017795444 4.122515954077244 0 51.92458076775074 56.36272226274014 3.205324463546276 96.79910830408335 45.09827710688114 4.811312943696976 3497.231836654246 9.146418340504169 5517.187375061214 25.03752618283033 1.878485634922981 2.715818032622337 2.960088729858398 192.8066167607903 19.38766589015722 1.50041801482439 4.087813973426819 143.5631537362933 7.078690551221371 32.62612488865852 6372.23230458051 708.1073676347733 6434.601429007947 3.737416915595531 65.2894245237112 2.596107184886932 2616.503825157881 65.81251787394285 0 1087.625222153962 2.838556364178658 603.4758225604892 6474.292496837676 3160.755705401301 128.9891956150532 66.37067645788193 89.73535843193531 2307.68786675483 24.30347117781639 0.4519613310694695 36.60504101961851 0.1438301205635071 0 0.2843895554542542 0.8625533729791641 0.4448517560958862 0.8483398854732513 0.7505534589290619 0.3723159655928612 462.0070363357663 0.5167362615466118 2134.868765249848 2.040703944861889 0 0.32851342856884 0.3922168463468552 39.83044119924307 2.213330999016762 0 0.128838524222374 5.963059559464455 0 2.087245836853981 87.98022536933422 171.8128873184323 609.1650685593486 0.9719174057245255 1.95633801817894 0 193.7538941055536 2.364934653043747 0 73.226731531322 17.85814485698938 58.40153192728758 1199.695762716234 86.13717880100012 5.100724473595619 1.480196759104729 0.5420026183128357 435.3274347707629 0.1203862652182579
7776.328859448433 1.261927515268326 395.3139302879572 17.09333121776581 35.07678312808275 2314.918324366212 6381.896329574287 11712.24914165586 13.59396471828222 1076.015189751983 130.282435901463 711.0747446417809 25.03752618283033 19009.20805099607 181.5560245737433 0.1328034549951553 753.0931269004941 40.11130651086569 235.7758679389954 144.2263616994023 98.95751237869263 3.069420918822289 744.961240015924 85.09666370600462 1.596873104572296 304.0133971944451 69.48724979907274 308.9609336853027 9869.910878688097 3992.378048032522 1.789008103311062 714.9356926158071 126.1291805952787 725.8164031580091 10.4863098487258 675.9944524988532 125.4528207182884 504.6045510545373 140.9400623962283 775.7845322117209 96.78368653357029 27.38966891914606 9.640136249363422 0.1135076135396957 1.200378052890301 4.124131634831429 2.857141442596912 0 0.8621076643466949 37.44259821623564 1.043803706765175 11.9813292324543 1.684845276176929 0.3971537351608276 6.978658847510815 0.2559307515621185 0.6513519436120987 0.8065079599618912 3.977721400558949 0.09329918026924133 0 0 4.979019001126289 4.401314489543438 1.538597993552685 0.2091040462255478 39.53961706906557 0 1.801754765212536 9.329073905944824 59.06001825630665 2.122021734714508 28.33274880796671 0.1961306855082512 0 0 11.43512772023678 2.987430512905121 10.18491258472204 0.2982485592365265 3.83477284014225 1.352079629898071 6.178371012210846 0 0 0
0.4203147143125534 19.90849665552378 6.907579928636551 33.95443392544985 680.49949221313 2610.233379736543 67.14600943028927 993.4825910627842 723.3058189153671 83.8093751296401 7.200724720954895 2385.361760534346 1.878485634922981 181.5560245737433 379.8792549967766 0.08631627261638641 6.622357062995434 2.904370978474617 4.983994446694851 287.3365514725447 2.365429803729057 37.38995979726315 5.346270717680454 652.7818629294634 2.680013313889503 8.081448830664158 24.27730523794889 107.4134054109454 506.2338549718261 21.32034678012133 0.8270698487758636 296.1359040364623 0.3596047461032867 54.35103160142899 94.91436992585659 313.9322033897042 2.822409853339195 72.79043559730053 232.7597940266132 1840.096052572131 105.2147511169314 2.040542080998421 1.088884875178337 0.3773094415664673 0 0 28.96432814002037 0 1.136107638478279 6.685408815741539 0 101.1258944123983 16.94345365464687 0 68.10730513930321 0 0 4.728765994310379 0 0 0 0 41.40499763190746 0 0 0 67.87382256239653 0 0.1040000319480896 0.4230045154690742 37.49376478791237 0 0.4891376942396164 0 0 0 2.963870882987976 64.28348216414452 17.62941843271255 2.64494514465332 0.1143437623977661 0 26.14645019173622 0 0 0
0.1669401377439499 88.68739967048168 15.2551838234067 0 0 0.1050638929009438 1.608715511858463 1.675464555621147 39.28358026593924 0 2.491476468741894 0 2.715818032622337 0.1328034549951553 0.08631627261638641 5202.377301767468 14.78024774044752 0.09967820346355438 3.687743008136749 0.09742829203605652 7101.558004945517 4215.175247646868 4646.5617871508 3544.779390789568 16.04961505532265 20.57072571665049 2650.52552549541 1602.810088723898 0.871886134147644 2.32955627143383 0.672229953110218 0 0.1402162462472916 17.99954146891832 17.65741268545389 814.8760842606425 480.9554660767317 180.1825598105788 249.0418621525168 33.42928172647953 1.836135804653168 8.598705671727657 3.806666031479836 0.3901284039020538 0.4948793947696686 23.94326542317867 0.3170187175273895 0 0.1188113987445831 36.17041897773743 0.2554279267787933 7.821035981178284 0.6646659374237061 0.1699893921613693 0 0 2.143076114356518 0 1885.30673930794 2.545544825494289 0.2089885994791985 0.6465399190783501 0 436.9126912951469 805.9876723960042 1155.572886370122 110.4262424707413 0 4.192999377846718 596.5526483505964 182.1701837182045 5.630063436925411 137.2930621430278 0.1530043333768845 0.1027933731675148 1.204515069723129 6.440289497375488 5.396021530032158 154.6442886665463 12.51974038034678 20.98806019872427 20.388860873878 7.242563664913177 0 0 1.305809661746025
193.9983832016587 65.73833340406418 5562.033891730011 1.543922647833824 4.28940038383007 84.76564511656761 415.9725071787834 675.4760779887438 10.68448903411627 23.22559174150229 2259.951428875327 8.192289859056473 2.960088729858398 753.0931269004941 6.622357062995434 14.78024774044752 3344.009436421096 300.6703787744045 3993.178563155234 1.494740732014179 479.3450653478503 18.54078555107117 7320.454902566969 41.01604732871056 2.395924508571625 3719.027830190957 5998.064990341663 36.30632676929235 663.8186300471425 1040.966894507408 1.183231256902218 9.977414004504681 65.73498357087374 3025.151740193367 6.16857023537159 403.5736216455698 4029.967568084598 906.6030140146613 149.3538676127791 14.73966275900602 1.168406277894974 3.757072232663631 0.9224767908453941 0.2350480258464813 27.09048454463482 135.91357306391 0 0 0 2.630856797099113 0.1404616832733154 1.235493756830692 0 0.3635748848319054 0 0.5374044626951218 0.2863763049244881 0.1680161207914352 0.3502497375011444 44.58427858352661 0.7580931484699249 15.99434522539377 0 1.867342881858349 3.687956005334854 10.35977409034967 4.558429956436157 0.9032491818070412 134.9908493459225 338.8277188539505 6.136370308697224 0 3.293926730751991 0.3414786756038666 0 0.3990939557552338 4.117709808051586 2.352089554071426 31.6131923943758 12.74831772595644 23.48725598305464 5.783348016440868 1.734147608280182 0 0 0.1779766529798508
2.675532184541225 4.061488389968872 16.19087488204241 0.4271763041615486 9.956308677792549 52.0226184129715 16.07785241305828 54.62991207838058 0.5026721581816673 22.29094087332487 5445.978364259005 31.63870710879564 192.8066167607903 40.11130651086569 2.904370978474617 0.09967820346355438 300.6703787744045 1848.173161715269 3330.166870392859 8.685553885996342 2.68108955770731 0.9598644599318504 15.68297714740038 1.472541838884354 4.188501164317131 4482.005817651749 912.0168984308839 3.783530667424202 96.90449795871973 7.662689335644245 123.9882513955235 44.74761436134577 1.42789688706398 1260.501717358828 4.531062245368958 562.1429494544864 1094.555083528161 1626.169047765434 479.9577255919576 27.69561545550823 8.770219996571541 51.38673081994057 7.074676558375359 0 0.8828494027256966 0.6726851165294647 0 0 0 0.4386502578854561 0 0.1427382230758667 0.3359436392784119 2.655053116381168 0 17.19756606966257 0 0 0 0.5366204753518105 6.558523878455162 0.810278594493866 0 0 0 0 1.078590460121632 5.888687402009964 45.97569173574448 50.16717482358217 2.324654780328274 0 0.3635211959481239 5.526731386780739 0 0 0.9266514331102371 11.79222768545151 14.72053465992212 4.751641616225243 1.57482784986496 0.2429053038358688 0 0.384325385093689 0.3266101479530334 0
50.87896646559238 41.61841917783022 232.7768225222826 1.124769628047943 17.52857314050198 104.0776925459504 88.07404327392578 220.662033803761 5.600447677075863 53.18836788833141 2524.172998599708 68.15836860984564 19.38766589015722 235.7758679389954 4.983994446694851 3.687743008136749 3993.178563155234 3330.166870392859 2135.795574337244 14.6890182197094 53.03223578631878 8.537547431886196 335.5546868368983 10.40961838513613 9.504845678806305 5703.850696317852 1364.746194005013 15.7874815762043 344.4245170876384 141.8126646801829 4.768370613455772 67.56821944564581 16.12500523030758 3723.73185210675 10.88812932372093 1643.657317735255 2677.14705837518 2493.362659260631 930.9204236418009 56.13179557770491 7.944749176502228 14.93557925522327 7.820613369345665 0 10.21867871284485 6.69500907510519 0 0 0 1.901185795664787 0.09124455600976944 0.8979291021823883 0.289886087179184 2.037935338914394 0.8088485151529312 5.985037706792355 0 0 0.136619508266449 5.168559364974499 8.402267187833786 8.845415279269218 0.8007689863443375 0 0.5668164044618607 1.226067654788494 2.684605672955513 18.70482987165451 230.7858549207449 285.975761950016 4.575447805225849 0.2145557627081871 1.669293753802776 3.54378642141819 0.1781329810619354 0 1.534175753593445 13.09112223982811 25.43543206900358 7.305308416485786 5.654792785644531 2.615659102797508 0.2987520396709442 0 0 0
0.773933082818985 0.2464352548122406 7.127038314938545 6221.875429719687 5.255339987576008 312.5673786476254 479.9219195842743 221.2314379885793 460.0006527602673 3122.709277756512 13.95003259927034 9158.262377440929 1.50041801482439 144.2263616994023 287.3365514725447 0.09742829203605652 1.494740732014179 8.685553885996342 14.6890182197094 870.9873032569885 1.639155074954033 0.3705694526433945 3.644866734743118 607.9193793460727 0.2147996947169304 9.806945413351059 6.21026361733675 3674.569869101048 239.8441545441747 2.035446405410767 0.3866433799266815 7.784469969570637 5.851641319692135 203.5978019759059 21.82467600703239 783.7320909947157 7.89949956536293 481.4040785655379 96.81883720308542 528.9945770427585 56.68465316295624 1.621059753000736 17.77021959424019 0.2150278389453888 0.5865052491426468 0.1257103532552719 210.407117895782 0.960923820734024 20.85807780176401 186.9429839104414 7.361781112849712 249.9283070787787 219.1457414999604 0.2657031714916229 272.0144223123789 0 4.759306348860264 23.5646631270647 0.3516106158494949 0 0.249648854136467 0 460.3326211944222 0 3.984181180596352 0 404.9570724070072 0.1018683314323425 0 0.9554032757878304 615.3875025883317 4.331679821014404 2.981316074728966 0 0.3272362649440765 0.7566758543252945 4.714589789509773 3.471509873867035 21.9467905908823 0.6946282237768173 14.57961501181126 4.227127358317375 71.88603845238686 2.461171716451645 0 0
41.67733754217625 18.96309981495142 537.7236332222819 0.3969918042421341 0.2296156287193298 8.891237266361713 573.294506765902 62.39600023627281 34.51140383630991 10.6186221241951 28.04675526916981 3.562584303319454 4.087813973426819 98.95751237869263 2.365429803729057 7101.558004945517 479.3450653478503 2.68108955770731 53.03223578631878 1.639155074954033 17035.73896145076 503.693828701973 13850.60732027888 576.7733740285039 2.520147740840912 35.39809483289719 429.6125144809484 3886.401430301368 209.3963269218802 10755.76930446178 0.2448635473847389 2.524835705757141 42.75300133228302 5393.852258957922 273.1697172746062 8738.573905698955 1444.801090322435 8009.585380271077 4292.700872868299 312.1438335180283 12.53619878739119 7.500943645834923 62.31438136845827 4.119655273854733 0.1377985030412674 4.857416562736034 0 0 0 13.1947181597352 0.1229935362935066 20.84307695925236 0.6744642853736877 0.8530865535140038 0.39068204164505 0 4.995368532836437 0.3197555467486382 540.7558156326413 0.7598473057150841 0.3298427611589432 0.7941680625081062 0.2003480195999146 785.9937547445297 261.8647236153483 188.6382351219654 214.3497035354376 0 1.389344237744808 14.66401100903749 329.0791218280792 24.57970485091209 424.1194370612502 0 0.2343292087316513 3.034994229674339 4.588144473731518 76.66387704014778 143.9374507814646 1.544883795082569 16.38282660394907 33.96127581596375 13.94593684375286 1.176076054573059 0.9532724022865295 0
0.8548916429281235 2398.294850423932 103.8048504143953 0 0.6170444935560226 0.5275848358869553 0.893438033759594 0.6355304345488548 3035.677913539112 0.3824843615293503 18.66893688589334 3.911188878118992 143.5631537362933 3.069420918822289 37.38995979726315 4215.175247646868 18.54078555107117 0.9598644599318504 8.537547431886196 0.3705694526433945 503.693828701973 853.1225327849388 784.2477540820837 5725.148478388786 767.8449090123177 134.4511276781559 6015.351231820881 354.8278646916151 32.78606544435024 34.38724049925804 28.40660867094994 0.29115891456604 10.38838455080986 19.78891927748919 2.649874120950699 97.07567242532969 35.77753107249737 67.48418536037207 30.71891442686319 36.43321948498487 0.2061990350484848 38.70269571244717 0.4665003716945648 0.1511587649583817 6.154540523886681 45.14209396392107 1.272326156497002 0 0 14.41055919975042 0.5369035601615906 8.940304420888424 0.5627910643815994 0.7360313832759857 0.5713249444961548 0.6280265897512436 0 0 748.1099610552192 6.286474302411079 0.4662506729364395 1.62169823050499 0.550108514726162 181.2932038456202 109.2664419189095 366.7727610096335 75.36864047497511 0.9730873182415962 11.32408881932497 657.4429273158312 68.88200135529041 2.157772675156593 48.39668998867273 0.2216158956289291 0 0.8466714173555374 0.8555287569761276 2.167585432529449 29.18843302130699 12.13421982526779 13.78856635093689 13.84824136644602 1.564294546842575 0.4571516960859299 0.1523067802190781 0
213.2151891663671 9.516496531665325 13979.24995100498 4.784988880157471 3.984395645558834 107.5904397442937 2823.596108950675 682.7656645923853 18.95770433545113 69.5950648188591 150.2092420980334 7.6957678347826 7.078690551221371 744.961240015924 5.346270717680454 4646.5617871508 7320.454902566969 15.68297714740038 335.5546868368983 3.644866734743118 13850.60732027888 784.2477540820837 22890.23135078698 1698.952092684805 2.203583143651485 661.9050993546844 12220.27201899141 5210.826753273606 562.155939117074 4788.865726813674 0.9430004805326462 10.71837025880814 66.26812691241503 4073.900777593255 327.7614861801267 10219.61373554915 10222.56402333826 10843.47006443143 7929.874489024282 596.2512913271785 21.3075310215354 18.2220229357481 62.57371986657381 0.1850065290927887 4.554618544876575 684.272523842752 1.325556471943855 0 0.1408108174800873 62.0851122662425 1.509571954607964 10.37258869409561 6.062985986471176 0 1.283047407865524 0.1798564046621323 0.9814730063080788 0 1754.014350764453 19.0035439953208 0.8585456013679504 2.011949859559536 4.032699853181839 221.7111965939403 626.743673607707 1616.358873590827 65.7028192281723 0 9.251384064555168 2213.542427487671 129.6682425662875 3.954693719744682 69.60496748238802 0 0.2442310601472855 0.6309911459684372 8.845588691532612 142.122712045908 228.0987045764923 37.14275415241718 79.80696151405573 90.41458638012409 7.595056943595409 0.1525580585002899 0.1742521971464157 0.1454848349094391
19.06292752921581 1209.748530931771 1267.459538049996 1566.983353108168 4.268818110227585 38.75934783369303 1443.559981413186 140.2788036689162 13765.13906712085 268.1699525937438 7.974605865776539 648.0381567105651 32.62612488865852 85.09666370600462 652.7818629294634 3544.779390789568 41.01604732871056 1.472541838884354 10.40961838513613 607.9193793460727 576.7733740285039 5725.148478388786 1698.952092684805 14145.09569892287 180.37016017735 152.8248932361603 4643.092412315309 9318.351681739092 511.7381685972214 189.5532682463527 8.138820700347424 2.491811856627464 163.3042461425066 410.1259590759873 99.27496962994337 2157.002364426851 157.9373093172908 769.9112519770861 443.9749104827642 403.3737332597375 47.16977266967297 11.73817971348763 21.72108164429665 15.65220779925585 8.080671116709709 26.58019676059484 405.5695299953222 0.9355508834123611 43.57614434510469 1071.41513966769 49.70577239990234 1804.995366960764 448.5688511654735 9.978601142764091 463.0634451210499 2.26824139803648 68.68509131669998 22.08657396584749 292.7768815159798 7.332983776926994 5.111269302666187 3.14371707290411 786.6279251798987 375.8853273242712 206.1458070203662 81.59993806481361 3012.968810245395 0.6678291633725166 23.05410182476044 78.2071231007576 3648.109313480556 82.81067665666342 748.9138983339071 2.111271969974041 4.422643080353737 11.56191732734442 67.73448074609041 27.88043054193258 270.9696649089456 8.448233813047409 142.3361038044095 60.72867537289858 147.4691639691591 11.9710313603282 1.85126006603241 1.838677480816841
0 1797.552916638553 0.7061008587479591 0 1.394755423069 2.605080716311932 0.2815307304263115 3.826180934906006 258.2925501614809 0.1018336564302444 780.1623276621103 1.562893457710743 6372.23230458051 1.596873104572296 2.680013313889503 16.04961505532265 2.395924508571625 4.188501164317131 9.504845678806305 0.2147996947169304 2.520147740840912 767.8449090123177 2.203583143651485 180.37016017735 902.2313279509544 442.3637459278107 7929.99893521145 5.184682883322239 5.100997902452946 0.5179084986448288 776.8427993953228 2.751650780439377 0 387.3397345617414 0.4039337188005447 19.63135286420584 451.3392840176821 519.5920952558517 14.8037416934967 3.870053246617317 12.93158753216267 1917.301150850952 4.457488477230072 0 35.95954419672489 0.5387702733278275 0 0 0.2002534568309784 1.050791382789612 0 0.1061804071068764 0.09816630929708481 49.97592245787382 0 331.0700126364827 0.211504764854908 0 0.3101843744516373 0.7387964725494385 8.28538815677166 1.638890013098717 0 0 10.1423095613718 0.3170455098152161 0.6539657339453697 35.89851473271847 165.0217108950019 584.1067484468222 0.6362614557147026 0.08506064116954803 0.1637702286243439 39.01865468919277 0.3006555438041687 0 15.94238117337227 0 3.123524136841297 92.8549048230052 11.88011155277491 0.8279154151678085 0 0 25.54700857400894 0
56.63700235635042 724.6192055866122 10925.76170552522 0.7261252552270889 13.26136147230864 104.343557946384 201.1799172312021 334.0295238867402 67.85799013078213 48.30972243845463 3048.592773035169 41.77613560110331 708.1073676347733 304.0133971944451 8.081448830664158 20.57072571665049 3719.027830190957 4482.005817651749 5703.850696317852 9.806945413351059 35.39809483289719 134.4511276781559 661.9050993546844 152.8248932361603 442.3637459278107 29066.77941796184 19901.97874117643 35.68336406350136 282.8525500223041 92.23240400105715 506.5020235404372 52.84164711087942 13.83427177369595 2005.977053277194 30.05673111230135 4937.285036310554 13529.41294036806 4882.57821816951 1714.726603008807 84.69038663059473 19.35928805172443 215.5626339167356 27.16546069085598 1.486037991940975 292.4532580152154 158.9748486503959 0 0 0.08976885676383972 7.614622473716736 0.7087840735912323 2.454664751887321 0.4111903086304665 106.908148355782 1.766803689301014 951.8566127941012 3.002938501536846 0 3.229897245764732 136.4863991737366 216.8007373139262 236.93564324826 1.435534790158272 3.673848412930965 11.0824134722352 10.7502014040947 9.656616613268852 403.2413830533624 4335.44486798346 6237.312494017184 6.882157899439335 3.443850249052048 8.464388109743595 299.5361820012331 0.9476892501115799 0.2169832289218903 36.92319665104151 33.39385039359331 191.6394561082125 270.7145749107003 153.402028799057 26.04600562900305 3.597934894263744 0 6.036010339856148 0.4328955113887787
11.09039220958948 7698.193965323269 7769.637547686696 0.6568561792373657 4.309119321405888 31.79295848309994 69.7309457808733 66.60249959677458 1052.664187267423 20.6264004483819 773.8472343087196 24.08067087829113 6434.601429007947 69.48724979907274 24.27730523794889 2650.52552549541 5998.064990341663 912.0168984308839 1364.746194005013 6.21026361733675 429.6125144809484 6015.351231820881 12220.27201899141 4643.092412315309 7929.99893521145 19901.97874117643 32355.14901601523 965.4482934549451 87.64590023458004 64.28694751113653 1967.971862018108 21.80115809291601 4.481677897274494 2099.162634819746 218.3863384127617 9754.359890438616 6672.781671486795 7745.362688504159 2753.783145189285 425.1693258136511 7.807125777006149 175.4029112905264 45.80540320277214 2.753535859286785 1946.46934582293 3587.513693116605 1.485132120549679 0.3886634930968285 0.7077790945768356 77.79339573532343 4.222293436527252 5.589619368314743 2.150062948465347 104.8815110698342 0.8227889090776443 706.4010622873902 7.419801391661167 0 635.2508001849055 819.0231184586883 197.0364529341459 391.6711028888822 0.5299862921237946 42.12442377209663 1326.742889530957 1555.016357898712 45.05464366078377 530.7485766708851 6162.413825787604 19409.83044372499 64.84594359248877 6.569252721965313 26.15460442006588 255.9999026283622 2.687260687351227 0.3784359768033028 101.369243837893 135.8437254726887 791.0490660816431 476.6988506838679 646.9508225992322 211.8260870724916 24.90346024930477 1.080564886331558 12.41113032400608 1.99822548776865
44.56107467412949 34.48014438897371 1042.146605432034 4129.539104573429 3.211975492537022 460.1572034060955 15392.70499967039 547.501624904573 1725.826675206423 4205.007189489901 12.67460600286722 2100.293604016304 3.737416915595531 308.9609336853027 107.4134054109454 1602.810088723898 36.30632676929235 3.783530667424202 15.7874815762043 3674.569869101048 3886.401430301368 354.8278646916151 5210.826753273606 9318.351681739092 5.184682883322239 35.68336406350136 965.4482934549451 27201.00584144145 1297.952769570053 13920.4729795903 0.5041957944631577 8.806029640138149 387.804561316967 1233.253003627062 239.2287099063396 4710.029419124126 359.0028955116868 2158.025180011988 1173.601602673531 275.5085057020187 95.23443446308374 11.35054984688759 51.16069269925356 19.14968929439783 2.551138788461685 13.60773321986198 241.4425026997924 1.466049864888191 44.21520932018757 1340.083799988031 56.55895045399666 985.4609362185001 373.1279488429427 11.8080108910799 405.9303959831595 1.860848024487495 70.27306070923805 10.83797823637724 280.1502854600549 6.632633574306965 3.788703851401806 1.231500558555126 713.6249122917652 458.6496147587895 126.4886125326157 57.98722159862518 2261.344145134091 0.3377096652984619 10.2096831575036 33.41665688157082 3223.087110705674 109.7047899663448 1161.474994897842 1.92276768386364 7.381318986415863 12.44850911200047 88.16572681814432 51.59475886821747 246.7296348065138 11.21275532990694 143.7625285238028 53.69155410677195 162.9799932017922 10.08492516726255 2.736559450626373 1.663499668240547
