1380.248432695866 0.385090060532093 131.4046014025807 3.016252189874649 0.09459982067346573 16.11646199971437 2195.240108415484 968.6697237044573 12.76843318343163 234.4228948131204 15.4135674610734 0.3566697537899017 1.720623813569546 5005.472675539553 0 0.4627509340643883 25.75867471843958 4.881895035505295 11.53684382140636 0.9484747648239136 46.66159907728434 0.932049959897995 165.4908323287964 56.72051432728767 0.307360976934433 33.57174416258931 91.83141311258078 44.39387694746256 1289.607210092247 1898.670753337443 0.3934097811579704 14.46914618462324 53.24378021806479 53.43539898842573 0.9043714329600334 58.25620156526566 5.728490993380547 57.95587126165628 13.27157156169415 2.827068485319614 1.356279775500298 0 0.2530297860503197 0 0.2053640633821487 0.4247604385018349 0.1124900057911873 0 0 5.071906387805939 0.1176551133394241 2.409295208752155 0.1087613999843597 0.1621982306241989 0.1665947288274765 0 0.08266443014144897 0 2.304009608924389 0.09644468873739243 0 0 0.2918789982795715 2.014237269759178 1.19902753084898 3.309173941612244 12.63541872054338 0.08564577251672745 0.08475908637046814 4.834313280880451 12.52753149718046 0.647456668317318 2.181805185973644 0 0 0 0.9412290006875992 0.1043679043650627 3.635722272098064 0.1889357566833496 1.121465794742107 0.2845114171504974 0.634392037987709 0.219172827899456 0.1107945740222931 0.155168429017067
0.385090060532093 379.1797671988606 39.21239574253559 1.810201473534107 0.612014539539814 4.362456440925598 45.72048684954643 4.397013835608959 288.3104366734624 7.254076473414898 81.16149317473173 4.153590194880962 739.2656288594007 4.510657198727131 9.429823368787766 368.7235937491059 81.23225726187229 2.909019865095615 32.26602014899254 0 77.64536239206791 2520.124581888318 203.3953643739223 615.7726785615087 2766.000837177038 127.2834753617644 5665.598951332271 78.59675589948893 3.058298513293266 11.14000064879656 14.88777223229408 0 0.3303816765546799 23.08808439224958 2.303242385387421 86.76051650941372 84.97621812671423 89.66256124526262 35.60930034518242 6.354079954326153 0.1530275493860245 45.24846637248993 0.2875656262040138 0 164.2199217751622 95.26154233515263 0.34053835272789 0 0 0.3737776726484299 0.2585963383316994 2.122055724263191 0.4434004426002502 8.20834705978632 0.1399414092302322 22.40507269650698 0.2969345450401306 0.1818347424268723 3.578003562986851 9.695562548935413 1.504645317792892 3.853886649012566 0.08580001443624496 0.2939418256282806 43.27687039971352 18.5354260802269 4.569220900535583 25.25502686947584 187.5751316919923 2546.643170416355 0.5951697081327438 0 0.3695404157042503 5.208253890275955 0 0 1.403070211410522 0 11.19925334304571 20.98349122703075 9.83157079666853 1.929830804467201 0.8087477684020996 0 2.328280627727509 0
131.4046014025807 39.21239574253559 4712.253327652812 0.6736934557557106 0.2423180192708969 9.347734674811363 228.5991040170193 529.4444321095943 1.308773055672646 19.36655724793673 64.87606850266457 0.2122019678354263 13.91423779726028 734.7918254211545 0.1326541155576706 1.225835256278515 6704.161705560982 54.01610912382603 185.9227306731045 0.3009476587176323 551.4268785193563 113.6730496734381 9179.626218631864 5.835931792855263 3.516003280878067 9300.251791320741 4477.847221575677 21.59227469563484 189.7479168213904 1212.855182640254 4.62087032943964 3.343611098825932 18.16747348755598 773.7222078070045 49.13923409581184 2751.993486583233 813.5200507119298 3144.165952496231 952.6811835467815 183.2405488714576 3.329891450703144 5.505683675408363 29.76641248166561 0.7901811972260475 164.356270365417 575.3635741844773 0 0 0.09792041778564453 7.944172874093056 4.36347184330225 1.114491783082485 1.905668810009956 0.8295717686414719 0 0.7379962131381035 6.887521617114544 0 26.84939382225275 9.569685272872448 0.4417596161365509 1.140144914388657 0 19.35909582674503 189.0256185829639 390.3187675476074 7.816606387495995 2.44174612313509 44.17792335897684 2243.059443853796 5.963384710252285 1.337699331343174 4.023162998259068 0.7811696529388428 0 0 11.42637465894222 17.06656052172184 92.5886487364769 86.0258866250515 28.7779453843832 16.89891608059406 2.214199140667915 0 0 1.740900501608849
3.016252189874649 1.810201473534107 0.6736934557557106 3723.397882007062 3.56577754765749 162.1650002151728 48.63444688171148 29.20399756729603 832.9411353841424 5592.396782904863 5.96813128888607 2149.790454998612 0.5513464733958244 20.35369258373976 40.23980877548456 3.032152846455574 0.1508408188819885 0.5919380262494087 0.8314540162682533 4829.717501744628 2.08242578804493 22.284408390522 4.543455272912979 1700.612086549401 3.702924095094204 0.7087759375572205 11.92046546936035 2029.834916986525 59.94970416277647 2.784878373146057 0.4519488662481308 4.17000737041235 8.426303528249264 22.16387680917978 3.122351959347725 337.3630686700344 3.941326044499874 87.40273504704237 36.02660339325666 159.8249396011233 12.72931854426861 0.3022679686546326 7.41986045986414 0 0 0.1398514807224274 82.78586013615131 0.1741820573806763 4.554435305297375 76.74255095422268 4.011856608092785 66.88192653656006 132.6543899029493 0.3643447011709213 101.2650991529226 0 1.510445140302181 28.66833769530058 2.077716208994389 0 0 0 80.20759423822165 0.8042860329151154 1.212989047169685 1.242314174771309 362.9703105092049 0 0.08979053050279617 1.12041624635458 111.6782352477312 1.317389778792858 6.070423014461994 0 0.2753333002328873 0.08588416129350662 1.261552385985851 0.1626881659030914 74.53213384747505 0.2920971736311913 7.055937029421329 0.8649040013551712 169.3898894190788 0.3441887646913528 0.2548910528421402 0.1176106631755829
0.09459982067346573 0.612014539539814 0.2423180192708969 3.56577754765749 24.42339769005775 465.9568202868104 3.478585503995419 76.1324422582984 49.1193139180541 6.292759500443935 6.020471133291721 161.0240281447768 6.553406484425068 67.54211416095495 1075.502076588571 0 0.1419176012277603 0.08723491430282593 0 5.346159867942333 0.09575490653514862 2.433952964842319 0.5679774358868599 19.34380859136581 0.5001792907714844 0 0.4295466989278793 4.395851381123066 3.354110337793827 0.7626418471336365 0 45.37808995693922 0 56.81762863695621 1.580851137638092 80.64831969887018 2.692995846271515 133.3503737598658 101.2531454786658 2667.434135466814 47.93149603158236 3.259428128600121 9.787115104496479 0 0 0 0 0 0 0.08262148499488831 0 0.1035975068807602 0 0 0 0 0 0 0 0 0 0 0 0 0 0.2418025434017181 0.1968323960900307 0 0 0 0.7236393168568611 0 0 0 0 0 0 0 0 0 0.2380789965391159 0 1.468649864196777 0 0 0.8995132446289062
16.11646199971437 4.362456440925598 9.347734674811363 162.1650002151728 465.9568202868104 9207.969968937337 1635.147001773119 9066.697763644159 76.97744649648666 3713.701786614954 101.2247027307749 5680.951866932213 26.21794635057449 626.4688555970788 1221.804768808186 10.44794251769781 1.575537569820881 8.279851458966732 6.697558805346489 254.9636779204011 16.29779564589262 40.73091017454863 17.76039409264922 527.3214416205883 2.376123361289501 8.60846921056509 60.9095406010747 1089.161587059498 209.569712176919 34.89335574954748 1.449891000986099 201.3368806391954 8.817643940448761 279.3803358450532 7.906463645398617 733.0821994394064 13.20771307498217 629.6581882610917 297.8781293854117 3442.34647295624 221.2446453496814 9.469787195324898 21.27275176346302 0 0.1305131167173386 0 7.138969793915749 0 0.610896497964859 17.73992005735636 0.3239317685365677 9.252851620316505 9.488597184419632 0.1018348634243011 24.64628639817238 0.1110173463821411 0.2126801162958145 1.743069306015968 5.117887392640114 0 0 0 3.914308659732342 1.048264563083649 4.13931842148304 4.462544232606888 56.82709459960461 0.1408224403858185 0.3187176287174225 3.536597535014153 28.7644927278161 0.2676877975463867 2.067971773445606 0 0 0 0.2760944366455078 0.1205513402819633 6.581616789102554 1.079289458692074 1.742649734020233 0.8246957883238792 10.72274504601955 0 1.468807324767113 0
2195.240108415484 45.72048684954643 228.5991040170193 48.63444688171148 3.478585503995419 1635.147001773119 12171.04842732847 2794.516428016126 637.796357832849 5195.661735862494 41.82596341520548 25.97140873223543 8.366979785263538 5009.290553539991 8.401470422744751 91.74613752216101 18.04976466298103 5.687969975173473 6.56980998814106 41.68550846725702 884.5797941833735 260.0554910749197 492.7379131168127 2856.056826718152 8.063099578022957 21.69905883818865 695.9861005395651 17750.22426005453 440.8290593326092 6019.468549534678 0.7743975296616554 28.79400432109833 37.82993416488171 200.6911614388227 37.86715839803219 1228.569176085293 45.66095057874918 675.2379316277802 264.7483629733324 224.6794705167413 83.10195533931255 4.135997340083122 41.20263479650021 3.017475113272667 3.671557128429413 4.061917021870613 75.5569041967392 0 3.839151188731194 685.5489551723003 10.75398126244545 115.4840630739927 97.82127500325441 1.492416761815548 16.96895917505026 0.1170697584748268 11.34693319350481 5.292719230055809 60.41305441409349 0.3817969560623169 0.2093393802642822 0.3053351938724518 43.00423410534859 20.15452276915312 47.31351163983345 78.30632291734219 1425.197892069817 0 0.5698813199996948 75.71468033641577 998.92343454808 15.97865264117718 81.9167218208313 0.07982002943754196 0.2228712290525436 1.304430954158306 14.15315756946802 2.062471821904182 198.7043012902141 6.588356897234917 67.77474889904261 22.83515267819166 101.0099928826094 6.727549336850643 3.323448866605759 0.8798625916242599
968.6697237044573 4.397013835608959 529.4444321095943 29.20399756729603 76.1324422582984 9066.697763644159 2794.516428016126 14907.39950136095 79.60546705126762 2342.712814509869 139.0753446742892 646.8375901058316 40.02624639123678 9149.442703280598 75.35404498875141 5.109451957046986 105.7488402500749 25.84182619303465 48.28871411457658 103.9123126640916 139.3909407258034 13.57005788385868 531.2118831500411 318.8921106979251 2.358430333435535 146.6718660928309 476.2397884950042 318.801241196692 959.7123863659799 1010.378130659461 1.800329856574535 825.9262457825243 10.44331389665604 395.8233633041382 9.808495372533798 868.6647295951843 41.75608887523413 778.8708956986666 408.437325194478 2012.028625495732 113.4500241950154 20.77227963507175 20.60104794055223 0.4112369120121002 1.531297042965889 1.90901206433773 4.306630820035934 0 0 32.60078260302544 0.2541932016611099 9.262009188532829 3.475713789463043 0.321942001581192 4.029594391584396 0.09240683913230896 1.296285197138786 0.3714335858821869 14.4559006690979 0 0 0 1.751057967543602 7.188531294465065 11.46057186275721 21.28451108187437 84.35570259392262 0 0.578995555639267 24.08270011097193 66.82487723976374 1.37301342189312 11.8848931491375 0 0 0.2388528883457184 0.389481246471405 0.3321752548217773 12.62361219525337 1.940584219992161 3.077699840068817 2.190424889326096 2.03945829719305 0.372432716190815 0.9009928479790688 0
12.76843318343163 288.3104366734624 1.308773055672646 832.9411353841424 49.1193139180541 76.97744649648666 637.796357832849 79.60546705126762 586.6221979781985 217.571936018765 6.157554619014263 788.0279853865504 10.20008601248264 66.04525921493769 791.5401958227158 180.2592321485281 0.7545849978923798 0.9725758135318756 0.4499244317412376 435.8617401346564 141.5338417366147 1473.173743836582 39.73954124003649 10623.90493693948 77.78114053606987 1.506906792521477 59.59572802484035 2032.303862944245 135.6693115606904 662.5576329603791 0 4.147435262799263 23.44556372612715 27.8834140971303 10.63307376205921 352.9043858423829 24.70004469156265 95.52283529937267 39.91651735454798 204.5464187413454 12.06233529001474 0.2772543728351593 4.878067620098591 4.603942111134529 4.321999117732048 0.57451993227005 161.865460909903 3.652072533965111 12.66619192808867 189.4228898063302 4.10336347669363 20.67933030426502 187.9198344275355 0.3932705670595169 131.8016752526164 0.7828976735472679 6.254614502191544 111.2568313255906 91.40630829334259 0 0.151013545691967 0 142.5152294263244 49.80169976502657 92.81175558269024 12.33755094558001 1834.684853345156 0.5392656326293945 0.8978949636220932 8.809595838189125 581.9979714974761 11.9969165250659 50.90185056626797 0 0 1.493573173880577 4.560721173882484 1.67501200735569 58.14593314379454 0.3730335831642151 13.37559310346842 5.308243788778782 208.9430999308825 3.311818033456802 0 0.5883353054523468
234.4228948131204 7.254076473414898 19.36655724793673 5592.396782904863 6.292759500443935 3713.701786614954 5195.661735862494 2342.712814509869 217.571936018765 40582.33576394618 118.7009823918343 3521.484701685607 15.51376121491194 823.4448224082589 14.35103080421686 12.73658115416765 3.540226347744465 14.19621285796165 12.30946881324053 5645.15601015836 34.7305471226573 47.52058737725019 28.67728611826897 1673.318137347698 1.29155582934618 12.68393467366695 79.48245257139206 7917.921428717673 437.0912479534745 58.31674335896969 1.785991996526718 73.69659259170294 9.76423741132021 257.35033351928 13.61212252080441 1234.468066655099 24.9003443941474 976.3873851597309 279.0202020853758 335.7869282513857 117.0679118484259 5.137137614190578 50.26365765184164 0 0 0.5090680718421936 53.51631068438292 0.203512579202652 2.416026502847672 80.11771903187037 1.49657429754734 35.8900683298707 41.01259037107229 0 153.4500040858984 0 0.9844057410955429 18.4893212467432 7.158877521753311 0.09744349867105484 0 0 25.57671681791544 3.490667723119259 4.260024219751358 7.824824251234531 218.4168224930763 0 0 7.076945163309574 91.95208322256804 0.2511483728885651 6.640144415199757 0 0.3268983960151672 0.1450067907571793 0.5348124802112579 0 23.94578188657761 0.5353562533855438 3.817449018359184 1.25125864893198 72.25513854622841 0 0.1332647502422333 0.2435642182826996
15.4135674610734 81.16149317473173 64.87606850266457 5.96813128888607 6.020471133291721 101.2247027307749 41.82596341520548 139.0753446742892 6.157554619014263 118.7009823918343 6219.0821043998 94.40010202676058 992.6029617637396 202.1838335990906 0 0.8712706863880157 334.4859539493918 2183.972146678716 1045.383422851562 18.27510248124599 46.89772362262011 4.189925543963909 57.57729355990887 20.91489106789231 278.966105222702 2676.114344969392 1402.525113619864 24.38610135763884 759.0634312778711 68.18786087632179 339.5870575457811 270.0860203802586 4.634622976183891 6517.358182184398 6.71907451748848 326.6934534497559 2272.048000909388 4831.25806678459 803.9893660694361 20.14319040626287 66.12828997522593 394.2540072947741 3.98515672236681 0 11.40835524350405 0.5498588979244232 0.4014992266893387 0 0.1099883988499641 2.731431558728218 0.3173361122608185 1.378988653421402 0.6491697430610657 296.7652286067605 0.140103206038475 865.1944253668189 0.6367435902357101 0 0 0.130604088306427 0.8962031975388527 1.527039341628551 0 0.2146624028682709 0.4405659064650536 0 6.047967422753572 139.4645836502314 128.3125676810741 266.0613443627954 6.989764921367168 0 1.039945736527443 117.4546103850007 0.2410567477345467 0 25.77851473540068 0 6.936929143965244 169.6019830107689 45.42204394191504 7.57549661397934 0.1386945694684982 0 163.4011335149407 0.3476346433162689
0.3566697537899017 4.153590194880962 0.2122019678354263 2149.790454998612 161.0240281447768 5680.951866932213 25.97140873223543 646.8375901058316 788.0279853865504 3521.484701685607 94.40010202676058 9312.123306706548 11.0728731751442 200.3600839674473 1484.12825075537 0.8642630353569984 0.8342856168746948 8.188699930906296 4.384715981781483 6024.154044359922 1.364237114787102 37.87275070697069 1.666945338249207 396.5828832313418 2.479473657906055 8.462952382862568 4.58165630698204 145.0067911148071 179.4553423076868 5.838470932096243 1.035713687539101 78.43496463447809 1.481122091412544 150.6104190424085 2.447446033358574 1015.701030410826 10.86907771229744 496.7022704035044 143.8980722874403 1578.855362057686 56.15214305371046 3.050187908113003 14.92576330155134 0 0.1448741406202316 0 22.06916639208794 0.2169528901576996 14.89873618632555 11.76890164613724 0.5864226296544075 48.07596351206303 92.29310459643602 0 372.4970487132668 0.1111264675855637 1.23686345666647 47.10023008286953 0.2441946119070053 0 0 0.08548620343208313 38.64547745883465 0 0 0 111.9905713275075 0 0 0.08258295059204102 25.06376403570175 0 1.522626355290413 0 0.1090302392840385 0 0.7240428030490875 0 69.35377758741379 0 2.668777629733086 1.049464665353298 187.9250377416611 0 0.2287501245737076 0
1.720623813569546 739.2656288594007 13.91423779726028 0.5513464733958244 6.553406484425068 26.21794635057449 8.366979785263538 40.02624639123678 10.20008601248264 15.51376121491194 992.6029617637396 11.0728731751442 3158.087786063552 30.01157610118389 0.09668438881635666 15.72565944492817 6.440012261271477 23.64145955443382 11.46251136809587 2.408171832561493 7.986978299915791 68.12399796396494 24.36046331375837 25.32131034508348 4342.211586691439 161.288652472198 4199.697411045432 10.78828532248735 51.60431569069624 18.56903541833162 632.8641846105456 55.33938987925649 0.7005133628845215 530.3355180621147 82.96488576382399 2153.05740660429 5705.574860587716 2412.099694527686 616.5606984719634 58.31417721509933 43.28915119916201 767.4697015210986 15.53567393124104 0.06845869123935699 31.46988958865404 2.353455610573292 0 0 0 6.658260472118855 0.5113455951213837 0.1153144985437393 0.08704867213964462 918.5250620618463 0 2508.725283488631 0.3043820261955261 0 1.144895911216736 0.1208300516009331 6.546766929328442 2.330790147185326 0 0.5816424489021301 1.197379931807518 0.09118392318487167 4.128644563257694 947.3658408373594 574.2810728996992 923.9972159266472 9.823339492082596 0.2689658552408218 2.181048646569252 525.4248092249036 1.319751836359501 0 63.56985538452864 6.462247788906097 430.8880256935954 513.3107560798526 155.7464595362544 28.80467959493399 24.53049708902836 0 496.3166190832853 0
5005.472675539553 4.510657198727131 734.7918254211545 20.35369258373976 67.54211416095495 626.4688555970788 5009.290553539991 9149.442703280598 66.04525921493769 823.4448224082589 202.1838335990906 200.3600839674473 30.01157610118389 8660.912337768823 0.5910772606730461 4.322512783110142 146.891706071794 33.40736165270209 65.10875668749213 41.12359345704317 207.2828394770622 7.754578895866871 783.9743179567158 231.9134920723736 4.130481444299221 193.9267349801958 597.1330622918904 218.1650117114186 7877.740635681897 3334.418796818703 2.520400255918503 1084.68725720793 71.2634696662426 426.3979442752898 3.035581313073635 365.6261067613959 38.61554861813784 591.175031490624 167.38436165452 122.0072849616408 19.91890231519938 7.122698433697224 5.108699537813663 0.1596215963363647 1.714001342654228 4.073109328746796 0.5394010320305824 0 0 21.62619823217392 0.3153030425310135 9.177155680954456 2.693807907402515 0 0.9006070271134377 0.08441580832004547 0.4587487876415253 0.1135583966970444 16.36418900638819 0 0 0 0.7620619758963585 9.387145303189754 9.814165130257607 24.1533494591713 59.85894705727696 0.1218273341655731 0.6645750775933266 33.67149920016527 53.44947928935289 1.697203919291496 12.5598046630621 0 0 0 0.7317472398281097 0 14.40203362703323 1.712848305702209 2.530365355312824 2.072613731026649 0.8230455070734024 0.3590474128723145 1.103103294968605 0
0 9.429823368787766 0.1326541155576706 40.23980877548456 1075.502076588571 1221.804768808186 8.401470422744751 75.35404498875141 791.5401958227158 14.35103080421686 0 1484.12825075537 0.09668438881635666 0.5910772606730461 178.5193923860788 0 0 0 0 74.87822254002094 0 63.07773268222809 0 614.2149319723248 3.646804757416248 0.2163859382271767 1.858572773635387 28.92642501741648 1.554421380162239 5.843969240784645 0 83.50955928117037 0.3594406470656395 0 0 21.38409089297056 0 3.275861717760563 0.2807018756866455 722.2799143493176 33.01667219400406 0 0 0 0 0 0 0 0 0 0 0 0 0 6.485255964100361 0 0 0 0 0 0 0 0 0 0 0.1317626535892487 0.1325479745864868 0 0 0 0.291967511177063 0 0 0 0 0 0 0 0.1058804169297218 0 0 0 0 0 0 0
0.4627509340643883 368.7235937491059 1.225835256278515 3.032152846455574 0 10.44794251769781 91.74613752216101 5.109451957046986 180.2592321485281 12.73658115416765 0.8712706863880157 0.8642630353569984 15.72565944492817 4.322512783110142 0 1406.788388878107 1.11353113502264 0.1339095383882523 0.46978460252285 0.9811806678771973 3681.863493964076 3163.632638223469 5916.320277169347 1612.479946285486 117.8108524158597 0.2487325370311737 3673.650372721255 822.6576375290751 10.08781496435404 74.40911301970482 0.1434943079948425 0.8162806183099747 1.760166570544243 18.77737708389759 13.58684290200472 1036.668129697442 224.0688563883305 97.53603157401085 140.3678289726377 22.87269416451454 0.4780457466840744 0.5765693038702011 8.582054525613785 3.811308585107327 1.539062492549419 3.72228878736496 1.158283412456512 0 0.1014125347137451 17.76732333004475 0.4286743029952049 67.08406589180231 1.114733412861824 0 0.1009261906147003 0.4642317742109299 2.94459942728281 0 1268.236865095794 0.30217594653368 0.08310657739639282 0.1943591982126236 0 236.7444004490972 914.503953486681 845.9967671409249 214.8560072854161 0 4.737975396215916 219.4365292191505 183.9292510598898 6.766844235360622 63.85613323003054 0 0.1256520450115204 1.441004030406475 4.994975052773952 0.3397844135761261 65.65390590578318 13.60946122556925 9.317123673856258 10.18254376202822 1.623067103326321 0.87602399289608 1.579782664775848 0.3567322492599487
25.75867471843958 81.23225726187229 6704.161705560982 0.1508408188819885 0.1419176012277603 1.575537569820881 18.04976466298103 105.7488402500749 0.7545849978923798 3.540226347744465 334.4859539493918 0.8342856168746948 6.440012261271477 146.891706071794 0 1.11353113502264 2206.192970246077 1026.848565272987 3683.664168603718 0.1785485446453094 1200.685871995986 7.188867352902889 3764.258725769818 2.263017520308495 15.90889034420252 3423.256665620953 4479.070636831224 3.1509003713727 206.1783811375499 1473.257212556899 4.801530197262764 1.905672408640385 11.69414834678173 2349.185804978013 9.087776497006416 367.5085378214717 256.9709387347102 1710.970006726682 415.1229517534375 8.952462539076805 0.7913267537951469 1.32577683031559 3.845059834420681 0.08688128739595413 7.603966847062111 14.94008364528418 0 0 0 0.2906082943081856 0.127937376499176 0.1834834963083267 0 0.3426119089126587 0 0.253746472299099 0 0 0.1323232501745224 1.654792033135891 0 0.8713015913963318 0 0.2878576889634132 2.106536641716957 2.694829724729061 0.4769001603126526 0.494926743209362 16.01893332600594 91.76766518503428 0.4633089229464531 0 0.105838231742382 0 0 0 0.2468575015664101 3.278982877731323 2.373711124062538 4.145185917615891 0.300023540854454 0.171189084649086 0 0 0.2378909885883331 0
4.881895035505295 2.909019865095615 54.01610912382603 0.5919380262494087 0.08723491430282593 8.279851458966732 5.687969975173473 25.84182619303465 0.9725758135318756 14.19621285796165 2183.972146678716 8.188699930906296 23.64145955443382 33.40736165270209 0 0.1339095383882523 1026.848565272987 232.5149856880307 2307.939031165093 1.800554662942886 50.27234591543674 0.2537738159298897 146.366262242198 2.962934985756874 6.46018935739994 2617.77681568265 249.8070107474923 3.177838936448097 90.16640152782202 120.625172380358 28.36815721541643 10.94900301098824 2.473679445683956 719.5288771763444 5.44633886963129 328.1330147236586 832.0299388095737 1451.959611486644 530.1796893849969 3.887896828353405 1.056182131171227 11.71644099056721 2.471969716250896 0 3.677166171371937 0.6714246273040771 0 0.1306227892637253 0 0.2326694875955582 0 0.1265454888343811 0 18.12503227591515 0.09390021115541458 42.25709925591946 0 0 0 1.192841500043869 1.95782133936882 3.628336235880852 0 0 0.09023332595825195 0.2874842137098312 0.6711460128426552 8.746493719518185 124.3415699377656 144.1017432883382 0.8554657548666 0 0 26.56944644451141 0 0 0.1337872892618179 0.5321926772594452 3.791476763784885 18.29686682671309 1.256862074136734 0.09873358905315399 0.1373663544654846 0.1687584072351456 1.207240559160709 0
11.53684382140636 32.26602014899254 185.9227306731045 0.8314540162682533 0 6.697558805346489 6.56980998814106 48.28871411457658 0.4499244317412376 12.30946881324053 1045.383422851562 4.384715981781483 11.46251136809587 65.10875668749213 0 0.46978460252285 3683.664168603718 2307.939031165093 1357.482870563865 1.572663113474846 294.625214099884 1.091048173606396 898.2490313351154 2.820515919476748 59.56487182527781 2796.86135840416 1247.309204936028 3.524118736386299 137.8288293778896 455.7624528855085 12.16607694327831 5.511287458240986 7.173712141811848 2182.866525143385 5.553503140807152 417.3388491272926 417.5112112984061 1857.743132337928 595.7010782882571 4.976664766669273 0.6290631964802742 1.79645087569952 1.100655563175678 0 10.28116501122713 11.45081212371588 0 0 0 0.7835863530635834 0 0.2241243869066238 0.08691910654306412 0.8989064916968346 0.1018931418657303 1.431572422385216 0 0 0.09693749248981476 3.350652441382408 0.4205719083547592 1.973667927086353 0 0 0.2270521223545074 0.7963605225086212 0.4229177162051201 0.7231687679886818 65.34028727561235 120.0866923034191 0.8490927442908287 0 0.3220493420958519 2.347706101834774 0.2934532761573792 0 0.1034701392054558 1.819315046072006 4.094723992049694 3.403238892555237 1.171032525599003 0.3642127513885498 0.08739642798900604 0 0.09610709547996521 0
0.9484747648239136 0 0.3009476587176323 4829.717501744628 5.346159867942333 254.9636779204011 41.68550846725702 103.9123126640916 435.8617401346564 5645.15601015836 18.27510248124599 6024.154044359922 2.408171832561493 41.12359345704317 74.87822254002094 0.9811806678771973 0.1785485446453094 1.800554662942886 1.572663113474846 767.3812285214663 0.5983765572309494 1.608165092766285 1.11143708974123 312.7439044713974 0.5010070726275444 1.7007225304842 1.905049458146095 949.9718199819326 55.84874743968248 2.617349199950695 0.3152500316500664 12.96971297264099 1.2746292501688 34.6904027685523 0.7466430366039276 255.9141939729452 4.92056318372488 147.3132814466953 42.80366675555706 211.170147754252 24.8667716011405 5.171655096113682 7.314585171639919 0 0 0 22.39943708479404 0 1.624800816178322 25.38276948034763 0.9268203973770142 18.17359375953674 31.94846726208925 0 70.13598530739546 0 0.4882219582796097 13.55991911888123 0 0 0 0 17.30232900381088 0.09265368431806564 0.6981929540634155 0 112.228614538908 0 0.09122363477945328 0.216987207531929 29.17763010412455 0.115666851401329 0 0 0 0 0.3604430109262466 0 29.12953159213066 0 0.5322303548455238 0.8523731529712677 65.12207156419754 0 0.7595025449991226 0
46.66159907728434 77.64536239206791 551.4268785193563 2.08242578804493 0.09575490653514862 16.29779564589262 884.5797941833735 139.3909407258034 141.5338417366147 34.7305471226573 46.89772362262011 1.364237114787102 7.986978299915791 207.2828394770622 0 3681.863493964076 1200.685871995986 50.27234591543674 294.625214099884 0.5983765572309494 9687.677968211472 755.2966651916504 11154.50419623405 724.5857029110193 32.83932603150606 93.90833695977926 926.4643318429589 5310.409554235637 81.19485439360142 8471.122372083366 0.5747005641460419 1.702485330402851 5.414064846932888 4335.489314645529 185.4760852828622 7865.464996807277 603.5743256360292 5400.954439975321 3575.01705725491 141.5243383049965 9.586702570319176 15.90452188253403 87.47258722037077 7.248706050217152 1.00901260972023 2.215974219143391 0.8530970439314842 0 0.1847113966941833 15.49330492317677 1.317296981811523 67.282794483006 1.050255015492439 0.227706752717495 0 0 4.934012960642576 0 620.4965092092752 0.3299703150987625 0.2150053977966309 0.8788669109344482 0.1507359445095062 380.6361114531755 344.7082186639309 190.855361931026 255.0254159718752 0 2.945540063083172 46.06307739019394 260.8373176306486 13.60411828756332 107.3006084561348 0.1157241240143776 0 2.333205886185169 4.676221072673798 8.974419310688972 71.66611562669277 2.098591819405556 8.761657543480396 2.366188190877438 1.721833951771259 0.2211139276623726 1.693496689200401 0.4817117750644684
0.932049959897995 2520.124581888318 113.6730496734381 22.284408390522 2.433952964842319 40.73091017454863 260.0554910749197 13.57005788385868 1473.173743836582 47.52058737725019 4.189925543963909 37.87275070697069 68.12399796396494 7.754578895866871 63.07773268222809 3163.632638223469 7.188867352902889 0.2537738159298897 1.091048173606396 1.608165092766285 755.2966651916504 1419.960240699351 1239.15960419178 6068.501305013895 612.6206620112062 2.551875367760658 6213.362312912941 572.8987667188048 8.667163126170635 52.96375528723001 0.4029798060655594 0.2335551679134369 0.5334973931312561 6.364239200949669 1.666346438229084 75.5128880366683 15.08857946842909 31.64814625680447 23.12030594795942 39.21063284575939 0.3711411654949188 1.181758671998978 0.8633322492241859 2.076758302748203 19.83501324057579 151.9406396448612 0.8295088857412338 0 0 6.581999517977238 0.8493892773985863 9.965086795389652 1.168967671692371 1.008749075233936 1.73784614354372 1.586976759135723 1.969566211104393 0.1180243343114853 1292.252271063626 1.923861630260944 0.4495982304215431 0.3810375407338142 0.7145489901304245 191.113912306726 379.3125641345978 754.6689629405737 80.15141223371029 1.211462594568729 22.15616313368082 1718.335375830531 51.57685151696205 3.321813479065895 26.76801360398531 0 0 0.5482628345489502 7.386779703199863 1.323953837156296 73.4537196829915 43.97104346007109 25.77352495491505 20.87661965936422 3.626556441187859 0 0 0.2815883457660675
165.4908323287964 203.3953643739223 9179.626218631864 4.543455272912979 0.5679774358868599 17.76039409264922 492.7379131168127 531.2118831500411 39.73954124003649 28.67728611826897 57.57729355990887 1.666945338249207 24.36046331375837 783.9743179567158 0 5916.320277169347 3764.258725769818 146.366262242198 898.2490313351154 1.11143708974123 11154.50419623405 1239.15960419178 14686.42557808012 534.4810176417232 54.61260756850243 1379.321182250977 10554.86567090079 2649.930426456034 466.2384623400867 6542.070084840059 2.215644918382168 5.987892925739288 18.12908485531807 2597.336183771491 174.8939371630549 11577.23398735374 2251.434243120253 5753.280775621533 4943.635734826326 323.5989515483379 12.10675635933876 11.23807699978352 105.7872525453568 3.341467827558517 18.96567717194557 64.25653073191643 0.2230987921357155 0 0 7.139615923166275 1.532609365880489 12.45573596656322 0.5316620618104935 0.2754517868161201 0 0.3067784458398819 3.077270813286304 0 1802.17022690922 1.847914561629295 0.2031050771474838 0.6157872527837753 0.2569198608398438 286.6403061002493 1116.928883463144 1660.57867243886 92.50478760153055 0.8308349475264549 11.78874122351408 892.9844547659159 88.30989752709866 7.956145510077477 40.01297811418772 0.3383152708411217 0 0.929308608174324 6.981356494128704 17.53807289153337 132.8874492198229 49.67319969087839 30.68737792223692 23.77008336037397 4.448107428848743 1.828629732131958 2.733475759625435 1.557477280497551
56.72051432728767 615.7726785615087 5.835931792855263 1700.612086549401 19.34380859136581 527.3214416205883 2856.056826718152 318.8921106979251 10623.90493693948 1673.318137347698 20.91489106789231 396.5828832313418 25.32131034508348 231.9134920723736 614.2149319723248 1612.479946285486 2.263017520308495 2.962934985756874 2.820515919476748 312.7439044713974 724.5857029110193 6068.501305013895 534.4810176417232 8191.366464160383 177.0214786529541 3.911826927214861 1567.085385382175 9812.097280174494 635.9912907332182 1250.098415933549 0.5238631889224052 21.93889757245779 115.6946837231517 169.6099297329783 56.08900321274996 1940.944177232683 77.46344015002251 558.8673009350896 248.1583807468414 420.5311120152473 64.03048231452703 3.931533947587013 39.60279354453087 5.259874306619167 2.391658969223499 3.849084362387657 248.3874628394842 0.9066557213664055 12.94489466398954 511.2338756099343 12.91301565617323 606.9624799713492 315.1840620860457 0.7106155008077621 97.42690084129572 0.754085548222065 14.26560697704554 63.43541618436575 152.1472595930099 0.305493600666523 0.728104904294014 0.1881878450512886 196.653718136251 90.37400398403406 114.8126438483596 53.14572220295668 2453.445667475462 0.3261843472719193 1.406591415405273 52.64954672008753 1277.385077022016 20.83178454637527 154.1793406307697 0 0.4024535864591599 3.236594021320343 13.15973971039057 3.248524487018585 245.2041005119681 4.355692721903324 52.11167638003826 18.41346271336079 330.3192784413695 4.546332761645317 3.689824730157852 2.364255473017693
0.307360976934433 2766.000837177038 3.516003280878067 3.702924095094204 0.5001792907714844 2.376123361289501 8.063099578022957 2.358430333435535 77.78114053606987 1.29155582934618 278.966105222702 2.479473657906055 4342.211586691439 4.130481444299221 3.646804757416248 117.8108524158597 15.90889034420252 6.46018935739994 59.56487182527781 0.5010070726275444 32.83932603150606 612.6206620112062 54.61260756850243 177.0214786529541 501.4597148522735 180.6860852688551 5210.735955491662 23.69468482583761 4.970463998615742 14.64417254179716 171.1563081368804 2.977833770215511 0.1122166961431503 138.9044999331236 2.039864718914032 615.5180473104119 851.4764029532671 507.1553371101618 86.68307426571846 37.968367010355 7.872127711772919 412.2496236562729 0.5442936420440674 0 85.07874751091003 11.48586502671242 0 0 0.09490098804235458 16.57415142655373 0.5790265426039696 0.2282662689685822 0.4549171775579453 211.525730393827 0.138131707906723 710.3510475605726 0.7665119171142578 0.07531214505434036 1.853132203221321 1.086729057133198 3.521566823124886 1.960967525839806 0 0.5074194073677063 2.805909991264343 0.4375840798020363 11.30257573723793 185.460204295814 272.1278899237514 841.7913253828883 12.35005638748407 1.962241694331169 4.366862893104553 75.85973349958658 0.1417826116085052 0 37.87902124971151 0 404.6694683805108 92.37103605270386 143.6287117376924 98.21479892730713 30.57938882708549 22.48022216558456 69.0459591448307 7.342228055000305
33.57174416258931 127.2834753617644 9300.251791320741 0.7087759375572205 0 8.60846921056509 21.69905883818865 146.6718660928309 1.506906792521477 12.68393467366695 2676.114344969392 8.462952382862568 161.288652472198 193.9267349801958 0.2163859382271767 0.2487325370311737 3423.256665620953 2617.77681568265 2796.86135840416 1.7007225304842 93.90833695977926 2.551875367760658 1379.321182250977 3.911826927214861 180.6860852688551 26351.830098629 9745.40613508597 4.414592482149601 253.1232197396457 374.4467842839658 487.8089079484344 9.073820058256388 16.06230359151959 1004.397001475096 24.26088041812181 1677.289765484631 3003.949518956244 2519.030065238476 1242.223735511303 38.94377078860998 3.671231560409069 25.62186363339424 6.720847487449646 0 344.0778054669499 427.6907512918115 0 0 0.08381008356809616 1.079770214855671 0.9984454289078712 4.964242316782475 1.217477224767208 111.539245031774 0.1012024655938148 209.6011597290635 0.884508341550827 0.2930803596973419 2.886175222694874 68.54676440358162 38.4716652482748 89.81178421527147 0 1.147065170109272 35.43206764757633 14.89778338372707 8.859462067484856 156.5244847685099 2015.48672478646 4806.336907237768 1.78394440561533 0.4342527166008949 0.7993050366640091 175.0525617077947 0.1068544462323189 0.1260894685983658 8.434863582253456 7.92960824072361 30.54999707639217 194.2714881151915 27.13635777682066 7.4118742197752 0.7307696118950844 0 1.910246729850769 0.3340454250574112
91.83141311258078 5665.598951332271 4477.847221575677 11.92046546936035 0.4295466989278793 60.9095406010747 695.9861005395651 476.2397884950042 59.59572802484035 79.48245257139206 1402.525113619864 4.58165630698204 4199.697411045432 597.1330622918904 1.858572773635387 3673.650372721255 4479.070636831224 249.8070107474923 1247.309204936028 1.905049458146095 926.4643318429589 6213.362312912941 10554.86567090079 1567.085385382175 5210.735955491662 9745.40613508597 28770.46982230991 938.7070639654994 401.957417357713 622.8294599615037 1486.628630653024 10.02479919418693 42.68730213493109 1806.059440553188 118.1380890831351 7098.350091941655 2755.516699664295 5982.386263098568 2787.718355245888 322.6574990227818 8.265580654144287 25.28243826329708 52.50725212693214 2.552318930625916 3594.420940801501 2242.361900262535 1.108515754342079 0 0.783547930419445 25.45083510130644 15.36077930778265 21.7610175088048 3.584856525063515 129.593263655901 0.1693270355463028 310.6430637165904 20.02115181088448 0.3272082507610321 759.3347850292921 135.6182560324669 41.70013202726841 97.96816726773977 0 142.2511974126101 1789.570280432701 1921.517832942307 68.55361448973417 438.106341637671 3434.793871484697 19169.51337659359 35.72305742651224 5.684101060032845 22.01408017426729 227.3781505078077 0.1879123896360397 0.5632598772644997 49.29152144491673 35.42087661474943 386.9664859250188 467.0157406851649 185.1684007719159 84.83549603819847 16.3996292501688 0.2789765596389771 9.564142286777496 2.893411912024021
44.39387694746256 78.59675589948893 21.59227469563484 2029.834916986525 4.395851381123066 1089.161587059498 17750.22426005453 318.801241196692 2032.303862944245 7917.921428717673 24.38610135763884 145.0067911148071 10.78828532248735 218.1650117114186 28.92642501741648 822.6576375290751 3.1509003713727 3.177838936448097 3.524118736386299 949.9718199819326 5310.409554235637 572.8987667188048 2649.930426456034 9812.097280174494 23.69468482583761 4.414592482149601 938.7070639654994 20147.45748942345 556.232344172895 6478.684770323336 0.5359926670789719 19.3820724748075 91.41799947619438 314.5384491607547 68.83667527139187 2483.706541255116 85.86375055462122 735.2473301514983 334.3751421645284 195.591348297894 72.08040822297335 2.039873406291008 44.31406431645155 8.971389748156071 0.9019344225525856 2.255972132086754 135.8348356932402 0.1186070442199707 6.185921285301447 563.4204728007317 11.91330677270889 369.6993088722229 153.7083488404751 1.969142340123653 35.71314486861229 0.1003902405500412 17.7589709982276 25.08541110157967 197.6796915084124 0.1048223376274109 0.4330196678638458 0.3599665388464928 76.52920182794333 162.8091242015362 110.2145389392972 41.99889727681875 2057.770513422787 0 2.158854588866234 29.39322842657566 1401.346749179065 32.21246954798698 260.9874859973788 0 0 3.574037075042725 16.29655349254608 4.285499088466167 215.2196073159575 5.29619287699461 57.44375815987587 18.7754499912262 128.1489519476891 4.064016684889793 1.906307779252529 1.560888767242432
1289.607210092247 3.058298513293266 189.7479168213904 59.94970416277647 3.354110337793827 209.569712176919 440.8290593326092 959.7123863659799 135.6693115606904 437.0912479534745 759.0634312778711 179.4553423076868 51.60431569069624 7877.740635681897 1.554421380162239 10.08781496435404 206.1783811375499 90.16640152782202 137.8288293778896 55.84874743968248 81.19485439360142 8.667163126170635 466.2384623400867 635.9912907332182 4.970463998615742 253.1232197396457 401.957417357713 556.232344172895 16312.39433990419 4250.970631919801 7.965919844806194 434.3431954942644 2371.735406585038 2869.505245834589 25.89656289666891 595.9523372650146 54.47295369207859 2219.638639137149 372.1285492032766 51.06519525498152 38.31281641870737 3.066553317010403 13.94951020181179 0.3555257618427277 1.059486135840416 1.722334429621696 3.434038825333118 0 0 35.49498496204615 0.5260698944330215 17.79904925823212 5.574644289910793 0.2365948483347893 3.707144126296043 0.2482438683509827 0.7593019977211952 0.1448815017938614 17.34693149477243 0.09425146877765656 0 0 2.252706997096539 12.31180096417665 9.350404478609562 5.769905768334866 104.8582967072725 0 1.730480141937733 9.156676217913628 82.6086818985641 3.120344467461109 15.30919260531664 0 0 0.4795507714152336 1.442898765206337 2.812719345092773 13.63618689775467 0.6682564243674278 2.535185150802135 1.685360036790371 3.374166667461395 0 0.3394401222467422 0.1185820177197456
