1015.443908639252 0 53.86970354616642 11.7055344954133 0.1555899977684021 12.72134229540825 2680.423505224288 266.020588286221 1.186952903866768 115.0032076686621 1.04475911706686 1.701277814805508 0 4881.741234436631 0.3481551259756088 0.7800398096442223 28.44964610040188 1.183391839265823 6.250983126461506 3.077853873372078 101.4089680761099 0.3488568365573883 100.1135624721646 6.467006638646126 0 26.06516533344984 15.87341218441725 170.6607419773936 3032.721338607371 1925.413562193513 0.110648900270462 2.727486737072468 29.84468717873096 51.85946684330702 0.8694558367133141 22.10807015746832 5.844108246266842 23.22297742962837 14.80839112401009 1.741838693618774 0 0.1311393827199936 0.1568679660558701 0 0 0.2421570494771004 0 0 0 0.2725247591733932 0 0.6452198922634125 0 0 0 0 0 0 1.778393745422363 0.1018506363034248 0 0 0.6656639277935028 0 0 0.2013010829687119 1.054380118846893 0 0.1052563264966011 1.282105140388012 1.850709326565266 0 0 0 0 0 0 0.1577532291412354 0 0.2180673629045486 0.1189775541424751 0.1615518182516098 0.5944026112556458 0 0 0
0 66.23741760849953 4.097933784127235 0.1773935258388519 2.739489182829857 0.800889790058136 5.900418296456337 0.7873410061001778 847.1169509068131 0.2076826840639114 52.25855718553066 5.757864952087402 859.987239934504 0.9999499917030334 23.72035638988018 276.107354067266 15.51894646883011 0.7895150259137154 51.59446715563536 0 6.239770129323006 2831.545487329364 1.859334371984005 1121.552362576127 1554.546504631639 908.9209154322743 9097.347874961793 44.60651601105928 1.123306669294834 0.1209430992603302 9.58501073718071 0.1554374396800995 0.09541553258895874 20.52969662100077 0.241486556828022 34.04396133869886 72.70718343555927 84.7026260048151 18.96827983856201 50.11257752031088 0.115331619977951 169.9840405359864 1.162494659423828 0 132.8906728103757 13.79100321978331 0 0 0 0.2698904275894165 0.08714219182729721 1.521862611174583 0 5.946028724312782 0 45.85581174492836 0.2549953386187553 0 15.68984425067902 7.258485578000546 2.894795134663582 8.180083341896534 0 1.417087972164154 26.6064111739397 7.870675086975098 4.691769070923328 105.747046507895 160.7956546768546 1147.475214846432 3.938215479254723 0 0.4889665096998215 2.84020709246397 0 0 2.733867764472961 0.7389382719993591 16.78126453608274 21.94537438452244 15.19792306423187 4.7502356544137 0.8434758558869362 0 1.77056759595871 0
53.86970354616642 4.097933784127235 6895.429045803845 63.5993929579854 0.6765509992837906 31.27809050679207 136.7456450238824 626.6623270884156 2.028405427932739 40.80459692329168 10.06749954819679 2.0276243314147 2.574370257556438 647.0526083037257 0 11.48669917136431 4738.852910399437 15.45207658410072 132.2177459672093 7.935828797519207 608.8909858763218 0.9259653091430664 10685.36155620962 27.56804391741753 1.845681354403496 8293.305244624615 8477.590838067234 136.7782916352153 478.4875128865242 389.9256868585944 0.7938569933176041 4.411333508789539 35.43334522098303 379.9298265129328 12.91262792795897 1056.611056707799 3295.813892990351 1424.866902336478 612.0230579227209 34.7954485937953 2.676646575331688 20.18939757347107 4.008933074772358 2.136124782264233 40.61088895797729 677.0034613832831 0.2892672270536423 0 0.1041997149586678 5.730165742337704 2.01419386267662 0.4166349023580551 0.1186604201793671 0.4416806474328041 0.09332529455423355 1.095172554254532 4.204808503389359 0 96.8420797213912 100.2004092931747 0.5232120677828789 16.14364629983902 0.2056363224983215 5.426095113158226 46.17421326041222 222.404583118856 16.24003088474274 1.268593788146973 180.0838124901056 1340.683989964426 9.899307325482368 1.470478273928165 6.262990191578865 0.1812753081321716 0 0 18.5775141865015 8.138747148215771 127.1738069802523 129.0276590809226 73.51414152234793 35.3135088160634 4.405247837305069 0.8655709624290466 0.6357380002737045 0.3603781908750534
11.7055344954133 0.1773935258388519 63.5993929579854 3901.900731891394 24.83352935314178 413.1538501381874 805.0961410701275 352.6425053402781 1299.451411128044 8554.890907935798 21.84083968400955 2127.41695009917 7.856370165944099 330.812871940434 183.7615149095654 2.826455555856228 20.05281952023506 5.235525079071522 15.33032036572695 4092.667284846306 21.95892867445946 1.666652493178844 87.68681420385838 2487.298836328089 0.827763170003891 47.3593385964632 44.77968268096447 2652.624208956957 616.4653815105557 49.01717982441187 0.6914481148123741 9.424157820641994 107.7795043289661 393.9464252963662 38.83902140706778 2365.756358243525 77.77025486528873 655.0361518040299 428.8936726823449 787.2722019404173 10.41898430138826 3.405322141945362 18.76615099608898 0.1986338496208191 0 0.912136547267437 300.7298118695617 0.1888018846511841 2.369912028312683 187.1982779800892 3.575312696397305 328.1549111232162 36.46807947009802 0 105.654993288219 0 5.1444341391325 3.139941610395908 11.54983805865049 0.1312642991542816 0 0 263.5421917960048 5.496470779180527 0.5501619502902031 1.76579549908638 831.6654041558504 0 0.2651460319757462 5.771922305226326 776.0538459792733 5.55012458562851 16.59560540318489 0 0 1.098389431834221 3.411042712628841 6.832480609416962 233.8534377515316 1.805435635149479 19.61521695554256 5.055978268384933 222.7921522185206 1.191176623106003 1.941165328025818 0.442216619849205
0.1555899977684021 2.739489182829857 0.6765509992837906 24.83352935314178 410.3303348273039 1026.827915534377 5.466785088181496 128.0181156173348 180.5079365596175 20.82630999386311 20.48749623447657 514.9382914677262 22.60219945013523 9.989137165248394 1541.51555801928 0.09284364432096481 0.1792582497000694 1.839793913066387 2.260464936494827 32.45315622538328 0.08349204063415527 3.518227942287922 0.3731454610824585 31.45943924039602 2.012790083885193 2.702825948596001 6.937133632600307 14.15633261948824 36.47868014872074 0.5271004065871239 0.7930259332060814 623.3819915801287 0 218.254387781024 2.199689447879791 77.03734914213419 3.192782282829285 120.0460165441036 58.40436094999313 2592.960124492645 42.67964825034142 4.735603198409081 0 0 0 0 4.431514337658882 0 0 1.060965269804001 0.1398495584726334 1.036246731877327 0.5355867296457291 0.678954154253006 1.205727532505989 0 0 0 0.3860549926757812 0 0 0 3.967263102531433 1.869259312748909 0.4190166890621185 0 8.206853032112122 0 0.1141441762447357 0.09128653258085251 7.708783872425556 0 0 0 0 0 0 0 9.098429583013058 0 0.2073983401060104 0 8.838988415896893 0 0.5740331411361694 0
12.72134229540825 0.800889790058136 31.27809050679207 413.1538501381874 1026.827915534377 13932.79171835631 2317.054033771157 6821.51195371151 17.40687911957502 7953.248686462641 138.0029657483101 1647.951308466494 58.97128572314978 941.4114158898592 1403.912233643234 1.409498855471611 8.145475409924984 22.46597190946341 21.26773104816675 614.353910587728 33.17748805880547 0.3955422416329384 50.57220574468374 42.71747481077909 3.279484502971172 39.52041242271662 26.39061270654202 767.4515486955643 617.967889636755 52.82932637631893 5.744268998503685 1156.705927811563 11.65582273900509 626.33012457937 6.533199369907379 407.8919065371156 35.47205863147974 617.7612124271691 191.6064945161343 2568.333549395204 202.5333297252655 13.72809167206287 8.213389486074448 0 0 0.5664866045117378 4.642849884927273 0 0 1.944171242415905 0 2.764472268521786 1.092119462788105 0.6323733627796173 0.8059392720460892 0.4882170781493187 0 0 0.7635357230901718 0.1276343911886215 0 0 1.6493896022439 0.3744244277477264 0.6822672784328461 0.7960552573204041 9.519211620092392 0 0.08979260176420212 3.405193641781807 7.976255021989346 0.103028304874897 0 0 0 0 0 0.2097407430410385 7.73094168305397 0.1951868534088135 1.61371686309576 1.164793960750103 4.553833238780499 0.1114023923873901 1.957526512444019 0
2680.423505224288 5.900418296456337 136.7456450238824 805.0961410701275 5.466785088181496 2317.054033771157 18081.63162589818 3863.962642125785 382.1186302453279 10126.53434643894 24.80620682984591 45.58771573007107 4.941265411674976 6220.645639821887 33.31482243537903 40.09445498883724 14.37730891257524 5.637798957526684 8.425557352602482 58.07279853522778 437.5010856688023 11.67364509403706 524.0775850117207 2320.385089807212 1.351546309888363 29.03256545960903 249.830863006413 16217.94504584372 1510.698781557381 7102.255875781178 0.8813590109348297 15.4092548340559 207.6349101066589 425.9577401727438 30.21038406342268 1540.072530381382 70.97269275784492 645.992852896452 353.2085825949907 173.4607975780964 5.232400998473167 1.284531220793724 7.268558412790298 2.328261271119118 0.6665545254945755 6.523512825369835 103.5931474789977 0.3215386718511581 1.302979804575443 236.1785985454917 6.733677998185158 277.9168676435947 23.52691407501698 0.6691915467381477 29.20973268151283 0 7.007610954344273 0.4269253611564636 15.15670692175627 1.390674434602261 0 0.1081197559833527 120.9750851690769 7.467432945966721 8.543882712721825 10.87039435654879 612.243977598846 0 0.3265513479709625 39.15566284954548 1014.651219397783 10.31535233557224 49.48209129273891 0 0 1.057319492101669 3.473406933248043 8.300766885280609 126.4156137034297 3.566731832921505 29.05254617333412 13.16966544091702 37.08004049956799 1.09612350910902 1.10715726017952 0.547464594244957
266.020588286221 0.7873410061001778 626.6623270884156 352.6425053402781 128.0181156173348 6821.51195371151 3863.962642125785 20606.55637081712 6.797399088740349 2366.038030087948 278.8273783773184 454.7537596821785 117.1953582391143 10956.28218058497 159.2526442334056 3.690178222954273 255.5754240751266 53.46624461561441 91.55156596750021 437.4187346547842 888.5400051102042 0.8094166964292526 883.0780205503106 84.34559550881386 1.660427182912827 357.1362792551517 185.6488127112389 1203.353156201541 1093.94100587815 897.3282816037536 9.744615435600281 771.0186915099621 24.82201008498669 804.3262488022447 8.546444915235043 428.4146604239941 92.36863654851913 947.2615000978112 348.6582353934646 768.7286219894886 56.94739586114883 31.65526285767555 14.39681531488895 0 0.6438269168138504 3.374372072517872 1.496202990412712 0 0.076492078602314 2.733142964541912 0.2559117525815964 3.921103544533253 0.4207802265882492 1.156111016869545 1.260939419269562 0.3035997822880745 0.1382365077733994 0 5.100401543080807 0.2445271164178848 0.1044754162430763 0 1.302356705069542 0.4310129135847092 0.2482464239001274 2.508866831660271 10.75485122948885 0 0.8257491663098335 10.74715030938387 18.23337281495333 0.09952682256698608 1.085104703903198 0.1745163053274155 0 0 0.2718816548585892 2.251300677657127 4.929965816438198 2.631922982633114 1.735107876360416 3.026281118392944 1.866621650755405 1.353790953755379 5.055515587329865 0
1.186952903866768 847.1169509068131 2.028405427932739 1299.451411128044 180.5079365596175 17.40687911957502 382.1186302453279 6.797399088740349 1483.49811770767 22.42412623018026 5.23336149007082 157.9762037172914 87.97613796591759 4.060007765889168 1194.944899730384 70.28800291568041 4.370674982666969 0.3705833032727242 0.9848310202360153 98.89308995753527 47.94149929285049 2034.410785190761 16.02038589119911 10903.76469986141 297.374094799161 23.68177159875631 1026.334538288414 1723.939083710313 4.423509560525417 7.519452840089798 3.261650860309601 1.167065478861332 1.874562785029411 4.296679712831974 0.7455694377422333 338.1442674249411 59.39553727209568 15.14869275689125 6.848209843039513 1299.529239930212 7.507123202085495 5.728587456047535 0.2448166757822037 3.094047412276268 1.797036834061146 0.2303596585988998 167.5091233700514 0.7525765895843506 2.194178462028503 92.26944983750582 2.386977888643742 257.9209547564387 19.64716755598783 2.349696159362793 53.81484926491976 3.601689748466015 3.861012488603592 5.411980748176575 49.69708350300789 0.7928899377584457 0.4572700336575508 0.6674224734306335 132.7504524737597 47.38291327655315 17.88791126012802 7.252983227372169 1335.650763705373 1.928811095654964 5.14966769516468 11.20939985662699 944.9771151095629 10.97115357220173 19.77162143588066 0.4583839774131775 0.1502999365329742 0.7880509570240974 3.122821368277073 3.171097546815872 109.9949714392424 4.424789674580097 19.29664507508278 7.650771707296371 211.0470187738538 1.039873205125332 0.599578857421875 0
115.0032076686621 0.2076826840639114 40.80459692329168 8554.890907935798 20.82630999386311 7953.248686462641 10126.53434643894 2366.038030087948 22.42412623018026 29098.67074481398 75.60346141457558 8203.346190780401 14.76697324216366 1354.268301583827 145.1375018209219 3.471567146480083 9.179202511906624 20.30768049508333 24.11277531832457 3992.160942576826 29.89274123311043 0.9709384441375732 83.35226084291935 302.4572318047285 0.497843012213707 35.10673812031746 44.48507522791624 11922.16083691269 1022.951623938978 78.69856225699186 4.68035926669836 39.46491027623415 57.28976531326771 582.0011778473854 25.36330473423004 1391.730723649263 59.17194050550461 886.7057164162397 280.3112221136689 605.9751337841153 13.87048111855984 3.966764971613884 11.57080099731684 0 0.2950500771403313 0.7005707621574402 35.22641324996948 0 0.2330834269523621 7.088859550654888 0 11.73126680403948 0.5139196813106537 0.1151830926537514 19.55923432856798 0 0.2152291014790535 0.3500231504440308 2.066330328583717 0 0 0 7.159298531711102 0.1204902976751328 1.337043911218643 1.478361710906029 32.95414261519909 0.2144831120967865 0 5.581738218665123 33.61307606846094 0.1011565253138542 1.522937119007111 0 0 0 0 6.770409055054188 16.80322095751762 0.2259688600897789 1.199352480471134 1.591238901019096 5.95201113820076 0 1.089835904538631 0
1.04475911706686 52.25855718553066 10.06749954819679 21.84083968400955 20.48749623447657 138.0029657483101 24.80620682984591 278.8273783773184 5.23336149007082 75.60346141457558 10473.58291427046 71.44194511324167 4398.667965985835 261.6977459229529 0.3164521530270576 1.148647792637348 129.7791746780276 3974.359290234745 1167.614599578083 46.57721285521984 11.37095414847136 18.78287950158119 49.40818355977535 5.861296311020851 499.0710275396705 2784.10973341763 647.7113638073206 21.87571551650763 513.0583865121007 9.174647316336632 598.4073872491717 278.4259562790394 8.354203924536705 5184.458807885647 9.877053163945675 432.8213661536574 4865.444218158722 4967.990912474692 763.8073977231979 86.25200722366571 80.04138890653849 1131.81209398061 14.50123416632414 0 11.31788256019354 0.9261364340782166 0.09778940677642822 0 0.09233597666025162 0.2117783352732658 0.8293846324086189 0.4053256586194038 0.4541853442788124 300.2360008358955 0 919.376100577414 0.5346669927239418 0 0 0.2322108447551727 38.80801546573639 2.103528767824173 0 0 1.577131941914558 0 0.3688512444496155 374.8352695852518 177.4636143893003 153.7463799789548 0.1060122177004814 0.2368174120783806 0.08901215344667435 118.188217677176 0.1353295147418976 0 4.591556720435619 2.092731356620789 22.57922255247831 409.6306230202317 24.72835294157267 2.007405623793602 0 0.7719540297985077 187.7944562137127 0.1028479859232903
1.701277814805508 5.757864952087402 2.0276243314147 2127.41695009917 514.9382914677262 1647.951308466494 45.58771573007107 454.7537596821785 157.9762037172914 8203.346190780401 71.44194511324167 7619.648840092123 28.03439049422741 326.9288286119699 2502.84422313422 0.3841362297534943 2.254213578999043 17.66637326776981 15.50548805296421 7299.507442817092 3.042506732046604 10.17763172090054 4.151870936155319 570.7721807733178 5.103488311171532 23.59702045470476 18.53209752589464 165.4363347217441 438.8222787901759 4.395027622580528 4.042451828718185 72.59212900698185 1.668046943843365 300.8975597694516 39.4902870580554 1920.484474740922 43.61585392802954 555.727674856782 108.1320539116859 4464.26669562608 33.82784214615822 8.085315331816673 7.561599776148796 0 0 0 121.2528084889054 0 44.33943574875593 25.81299067288637 2.325452648103237 28.79394610226154 58.8872491940856 3.452163241803646 170.2746995389462 0.2021025419235229 1.309371083974838 4.539424210786819 11.58589455485344 0 0 0 86.32437925040722 5.682814538478851 0.8955222070217133 0.9684141576290131 168.9671881049871 0 0.2919233068823814 0.6956568881869316 134.228777423501 0.4546260014176369 7.030866175889969 0 0 0.3173221349716187 2.942852273583412 0.8576152622699738 158.4216056242585 0.8704052120447159 5.141363896429539 2.637919440865517 133.2050951346755 0.9127229303121567 0.2187028452754021 0
0 859.987239934504 2.574370257556438 7.856370165944099 22.60219945013523 58.97128572314978 4.941265411674976 117.1953582391143 87.97613796591759 14.76697324216366 4398.667965985835 28.03439049422741 6622.810403637588 54.4932544529438 3.547679804265499 57.03379446268082 1.834356613457203 94.01764424145222 8.127538494765759 8.292097754776478 10.59125740081072 311.8109267577529 23.78397470712662 67.07492622733116 4899.891518130898 944.3813311383128 1928.655146993697 7.810520477592945 71.28398554027081 2.007450342178345 1350.103204980493 127.9607492983341 0 1306.735695131123 61.92683373391628 2065.949951551855 5393.817713022232 3250.637055829167 563.9595828130841 209.6918121501803 264.0355319753289 2136.256362766027 47.06676334142685 0 55.02258040755987 2.010160133242607 0.100553847849369 0.2572036683559418 0.2183093130588531 0.4991468638181686 8.698234498500824 0.3598789572715759 0.406939834356308 722.5205355286598 0.6267462372779846 2343.833866707981 2.516727596521378 0 21.07214620709419 0 56.05773608386517 3.379330903291702 0 9.695236794650555 1.912201210856438 9.216390788555145 4.723853699862957 2177.18665587157 314.5633496716619 282.6340662017465 0.4117576479911804 2.469979323446751 0 246.5831683799624 0.5285680145025253 0 7.872415237128735 21.11058643460274 250.2132929041982 708.1695213317871 90.82615006715059 130.5584606975317 7.897293955087662 37.80353844165802 409.7637082487345 8.200223445892334
4881.741234436631 0.9999499917030334 647.0526083037257 330.812871940434 9.989137165248394 941.4114158898592 6220.645639821887 10956.28218058497 4.060007765889168 1354.268301583827 261.6977459229529 326.9288286119699 54.4932544529438 15202.64239388332 9.98737296462059 3.286600343883038 343.5009853765368 53.35779320448637 150.3553209751844 377.2719866707921 929.9069592952728 0.6361200213432312 1051.737334728241 83.62752097100019 1.547174699604511 454.6463927924633 195.6039945706725 1074.719977349043 6061.29694397375 3977.089829221368 9.249047130346298 276.407589096576 84.49041129648685 804.9731996953487 7.083351045846939 522.8373535200953 92.2427516952157 712.9679401740432 186.7047635391355 280.7734757512808 19.28187515586615 14.93024709820747 8.150117658078671 0.1303180158138275 0.3653303235769272 2.082853123545647 0.5775094479322433 0 0 3.279302842915058 0.1152505651116371 3.189771831035614 0 0.8959748670458794 0.1025639772415161 0 0 0 2.363132990896702 0.4362177103757858 0.1010849326848984 0 0.8705049604177475 0.1018623411655426 0.1195881813764572 2.987431585788727 5.024870820343494 0 1.243516847491264 12.56626146286726 12.45020368695259 0.2210897654294968 0 0.1392043828964233 0 0 0.1855242997407913 0.9610842391848564 5.466552451252937 1.489717051386833 1.18049743026495 2.361102312803268 0.2526284456253052 0.5886785387992859 2.33931427448988 0
0.3481551259756088 23.72035638988018 0 183.7615149095654 1541.51555801928 1403.912233643234 33.31482243537903 159.2526442334056 1194.944899730384 145.1375018209219 0.3164521530270576 2502.84422313422 3.547679804265499 9.98737296462059 141.2122987434268 0.1152519136667252 0 0 0 257.1299283951521 0.2447499334812164 34.53605156391859 1.046485811471939 421.022112429142 6.580800712108612 0.8291475176811218 37.50612868368626 99.13863362371922 7.404065333306789 0.1042029336094856 0 293.503689840436 0 1.814542070031166 9.614777117967606 362.570653244853 4.473353415727615 4.300293274223804 1.312687233090401 1069.644846387208 150.3906719833612 0 0 0 0 0 22.45931981503963 0 0.1015521883964539 7.188751898705959 0.169959232211113 8.799853608012199 0.9546664655208588 1.41231107711792 12.01355791091919 0 0 0.2971630841493607 2.912919208407402 0.1135423630475998 0.1010632514953613 0 20.23673855513334 2.609761029481888 2.143822342157364 0.5091848820447922 49.69837089627981 0.2391280829906464 0 0.3565436750650406 42.4012193530798 0.1289945393800735 0.26356041431427 0 0 0 0.1266879737377167 0.177993968129158 54.89067235589027 0.1330198347568512 0.104920893907547 0.1533753275871277 36.14446730911732 0 0 0
0.7800398096442223 276.107354067266 11.48669917136431 2.826455555856228 0.09284364432096481 1.409498855471611 40.09445498883724 3.690178222954273 70.28800291568041 3.471567146480083 1.148647792637348 0.3841362297534943 57.03379446268082 3.286600343883038 0.1152519136667252 3637.214356474578 2.949141055345535 0 0.5854356586933136 0.4464621245861053 987.4326979890466 2911.569903559983 4853.458197250962 3460.759313136339 35.36401773989201 3.814445376396179 5857.584482438862 1876.066902980208 1.867759592831135 4.966174408793449 0.5258062481880188 0.5884554982185364 2.210612416267395 48.07576151937246 41.87347332388163 2945.250433959067 1032.329495117068 783.3096370622516 1064.582334533334 91.83675646036863 7.167025722563267 30.27784852683544 21.63979481160641 0 13.34829491376877 43.15424928069115 0.326572060585022 0.2671147212386131 0 3.267954960465431 0.2339596301317215 49.65788466483355 0.4082748889923096 19.4401054084301 1.245768785476685 2.336709648370743 0.1541746407747269 0.7950025424361229 4604.0050124228 5.006049409508705 0.2789986729621887 1.005944162607193 0 572.2378361746669 1241.398849599063 1597.275677241385 771.5714431628585 0.6642496958374977 3.978896178305149 608.0658830627799 299.2888505011797 0.1894735395908356 8.497076466679573 0.5419697165489197 0 0 1.552647531032562 7.410287395119667 367.1176028549671 66.67388440668583 11.98945481330156 12.79453347623348 58.90929153561592 1.309256732463837 3.629527270793915 1.956961154937744
28.44964610040188 15.51894646883011 4738.852910399437 20.05281952023506 0.1792582497000694 8.145475409924984 14.37730891257524 255.5754240751266 4.370674982666969 9.179202511906624 129.7791746780276 2.254213578999043 1.834356613457203 343.5009853765368 0 2.949141055345535 1208.076722241938 100.3055454418063 3440.353745110333 3.274212971329689 519.0293326452374 2.833514600992203 2569.620914876461 7.373951904475689 1.481400728225708 2109.602263316512 5211.957523874938 33.85641052573919 608.8817892968655 932.0422089323401 0.1965422704815865 5.606506504118443 134.5997906252742 1615.0459298715 5.632789850234985 460.2636734470725 2034.677261129022 1476.218924768269 464.7723344936967 26.33734977990389 0.1340171098709106 3.453377023339272 4.864700898528099 0.2641930505633354 63.92089078575373 218.2421748787165 0 0 0 0.8609850257635117 0.4427052438259125 0 0 0.4072617739439011 0 0.231559120118618 0.7416388392448425 0 2.916246473789215 71.75286986678839 0.7851869687438011 21.2661334425211 0 2.372478798031807 11.43729647994041 30.78541450202465 1.872220784425735 1.087973162531853 213.0192374140024 693.5370588675141 0.5902390107512474 0.2284873053431511 1.40536966919899 0.2558762803673744 0 0 9.823333963751793 1.672318629920483 73.18789205700159 135.5178451761603 42.0120792016387 18.16597574949265 1.87819878757 0 0.2542009353637695 0
1.183391839265823 0.7895150259137154 15.45207658410072 5.235525079071522 1.839793913066387 22.46597190946341 5.637798957526684 53.46624461561441 0.3705833032727242 20.30768049508333 3974.359290234745 17.66637326776981 94.01764424145222 53.35779320448637 0 0 100.3055454418063 603.5590064302087 739.8976849243045 12.32861527055502 3.112768664956093 0.4517308175563812 36.55011128634214 1.369367949664593 68.664764508605 2602.678745552897 394.7970624566078 5.661673657596111 109.8038977533579 13.09975428879261 41.57520101219416 33.6140723824501 12.70226056873798 1004.110760360956 3.475431062281132 396.764298081398 1475.137208998203 1834.312644191086 536.7974298670888 18.3601356819272 10.5588014870882 44.16358882933855 2.421638876199722 0 5.354339107871056 0.3620935454964638 0 0 0 0.1346177160739899 0.1611596420407295 0 0 40.05804774165154 0.1057532206177711 141.9986995384097 0.1354101747274399 0 0.2378437370061874 0 33.75074004381895 3.948745779693127 0 0 0 0.6865797266364098 0 57.49469751864672 149.67430267483 125.717602327466 0.08123287558555603 0.08054114133119583 0 56.49877568334341 0.3197334706783295 0 1.215762346982956 1.236166313290596 15.88445229828358 77.4241553992033 6.704653844237328 3.299436137080193 0 0.3445740044116974 1.631193019449711 0
6.250983126461506 51.59446715563536 132.2177459672093 15.33032036572695 2.260464936494827 21.26773104816675 8.425557352602482 91.55156596750021 0.9848310202360153 24.11277531832457 1167.614599578083 15.50548805296421 8.127538494765759 150.3553209751844 0 0.5854356586933136 3440.353745110333 739.8976849243045 2694.914264388382 12.90272820740938 83.10532683134079 3.539494156837463 826.5087092369795 2.889541663229465 26.64145822823048 4708.982687413692 2066.467362217605 9.411151185631752 332.7854243963957 216.9098077267408 12.72378779947758 37.29115857928991 93.12654677033424 3692.707322388887 6.563658885657787 1200.342567786574 2088.497620783746 3533.88104005903 1109.615601614118 26.33581397682428 4.050311490893364 7.489729091525078 1.866475753486156 0 66.53643959760666 10.08289256691933 0 0 0 0.2103627175092697 0.1339804530143738 0 0 3.580598525702953 0 11.25501312315464 0.09967982023954391 0 1.003198780119419 14.39326351881027 7.523261852562428 24.26688228547573 0 0.3925199136137962 2.721957482397556 1.739037379622459 0.8880189508199692 22.4941793680191 279.5891748294234 528.4818816706538 0 0.3455147072672844 0.934632234275341 3.717827506363392 0 0 2.695388913154602 2.011617250740528 46.73561469465494 94.25049478560686 17.64440396428108 4.398593291640282 0.1544956713914871 0 0.520916149020195 0.1595877557992935
3.077853873372078 0 7.935828797519207 4092.667284846306 32.45315622538328 614.353910587728 58.07279853522778 437.4187346547842 98.89308995753527 3992.160942576826 46.57721285521984 7299.507442817092 8.292097754776478 377.2719866707921 257.1299283951521 0.4464621245861053 3.274212971329689 12.32861527055502 12.90272820740938 4300.641608886421 6.461552813649178 0 15.62510044127703 772.698136754334 0.7642662823200226 25.42587544769049 13.64672172814608 274.813928052783 641.9309113547206 15.44688233733177 2.62714022397995 17.70277473330498 34.75224340707064 494.7350079491735 36.06840544193983 2687.031731173396 77.68160270899534 914.3852072581649 349.2318250760436 963.6037693172693 26.41183807700872 2.376241132616997 18.83950075507164 0 0 0 34.96725244820118 0 0.1182019636034966 16.75429460406303 0.3176120221614838 17.40773065388203 1.179829642176628 0 57.98351046442986 0.1923675835132599 0 0.7825595140457153 3.725910753011703 0 0 0 14.41364215314388 2.854077458381653 0 0.8132970929145813 63.54174908995628 0.1026446223258972 0.1810358166694641 0.433043047785759 50.36287368088961 0.1969446986913681 0.824705570936203 0 0 0 0 3.700340248644352 42.45743907243013 0.6351287141442299 0.3756253570318222 0.5946097373962402 22.1853453963995 0 0 0.3006320148706436
101.4089680761099 6.239770129323006 608.8909858763218 21.95892867445946 0.08349204063415527 33.17748805880547 437.5010856688023 888.5400051102042 47.94149929285049 29.89274123311043 11.37095414847136 3.042506732046604 10.59125740081072 929.9069592952728 0.2447499334812164 987.4326979890466 519.0293326452374 3.112768664956093 83.10532683134079 6.461552813649178 14020.75154323131 71.18769494444132 12504.78223850578 1094.640000805259 4.009453497827053 56.78892328590155 656.9322492256761 7407.298684343696 257.9926110133529 9475.117675937712 0.2329515740275383 2.660613261163235 46.59324222803116 3438.257218837738 162.1511715278029 7368.102496676147 849.841170527041 6461.797924503684 4325.55118034035 123.3795780166984 18.93008940666914 9.587599441409111 34.97861673682928 0 0.6111341118812561 5.261490985751152 0.2803517729043961 0 0 3.790114335715771 0.5761082768440247 45.2398679330945 0.6305313408374786 2.48066408932209 2.762149438261986 0 0.149341344833374 0.8005949482321739 258.4189904257655 0.9057494178414345 0 0.1706090420484543 0 214.7542959228158 62.65997838228941 55.81806039810181 492.2858841568232 0 1.758269101381302 29.93656593561172 282.7953068092465 0.6798016577959061 14.75847114622593 0 0 0.5490123629570007 0.7800280451774597 37.36084088683128 67.82344976067543 4.614920273423195 5.893639869987965 7.746378384530544 27.85688968002796 2.689712703227997 1.83488368242979 0.4710545390844345
0.3488568365573883 2831.545487329364 0.9259653091430664 1.666652493178844 3.518227942287922 0.3955422416329384 11.67364509403706 0.8094166964292526 2034.410785190761 0.9709384441375732 18.78287950158119 10.17763172090054 311.8109267577529 0.6361200213432312 34.53605156391859 2911.569903559983 2.833514600992203 0.4517308175563812 3.539494156837463 0 71.18769494444132 1504.683929294348 177.8902555853128 5865.127141885459 1066.546948164701 33.17918262630701 3246.833194963634 277.6065581664443 1.438753344118595 0.3644557595252991 10.94290965795517 0 0.4955843687057495 6.190651580691338 0.3030788451433182 13.74060942977667 15.25953156501055 18.54195386171341 3.705700255930424 89.54161025583744 0 33.37042933702469 0.5191019177436829 0.1238528341054916 13.22087017446756 23.26491183787584 0 0.1289884150028229 0 2.002944104373455 0.2357672452926636 17.58089006692171 0.1001403629779816 2.913090646266937 1.465565204620361 10.01878998428583 0.4604719281196594 0.1531310677528381 1299.689467050135 3.27850554138422 1.353682175278664 0.6646539270877838 0 129.0391746759415 263.0456472039223 316.8260491713881 258.4210569635034 4.719678990542889 9.246320582926273 501.8236908391118 74.85183406621218 0.3567371070384979 2.243547439575195 2.811319790780544 0 0 0.7318607121706009 0 16.83079242706299 10.18405005335808 8.87973590940237 4.642049171030521 5.245744436979294 0 0.2908202707767487 0
100.1135624721646 1.859334371984005 10685.36155620962 87.68681420385838 0.3731454610824585 50.57220574468374 524.0775850117207 883.0780205503106 16.02038589119911 83.35226084291935 49.40818355977535 4.151870936155319 23.78397470712662 1051.737334728241 1.046485811471939 4853.458197250962 2569.620914876461 36.55011128634214 826.5087092369795 15.62510044127703 12504.78223850578 177.8902555853128 11567.12385495752 607.2815241143107 4.290463708341122 2225.118542790413 8782.731884755194 1523.988694034517 880.6950965747237 4580.208831749856 0.3335592225193977 5.876707129180431 90.89100059121847 2858.152800604701 216.8432253152132 10828.1190526709 5434.266184069216 9805.323334038258 7649.085679747164 493.8811909109354 32.33330660313368 61.6251283660531 44.96761783212423 0.5121532902121544 4.671400681138039 99.16100985556841 0.4890778511762619 0 0.2096797674894333 2.330211013555527 0.9411028772592545 8.253433108329773 0.1509800851345062 18.3568402826786 0.4307572692632675 0 0.3826664164662361 0.2952512204647064 1674.615390650928 7.300654470920563 0 1.580172829329967 0.9261997565627098 138.1362115293741 257.5780958682299 730.5887683480978 199.0857094228268 1.504247963428497 7.251818776130676 624.2688239514828 77.47111278027296 0.1012706458568573 5.090646848082542 0 0 0 2.268999770283699 56.20710144937038 218.9677067697048 39.12372017651796 12.67281904071569 29.9465851187706 24.66083773970604 4.035363927483559 8.341280624270439 1.866798996925354
6.467006638646126 1121.552362576127 27.56804391741753 2487.298836328089 31.45943924039602 42.71747481077909 2320.385089807212 84.34559550881386 10903.76469986141 302.4572318047285 5.861296311020851 570.7721807733178 67.07492622733116 83.62752097100019 421.022112429142 3460.759313136339 7.373951904475689 1.369367949664593 2.889541663229465 772.698136754334 1094.640000805259 5865.127141885459 607.2815241143107 12541.32933233678 254.0570904314518 29.23878945410252 2687.491394348443 11072.42766345292 176.9211633577943 116.1295488774776 1.95231531560421 1.425997376441956 71.70046829432249 114.372175604105 27.28203684836626 1773.487804584205 110.0972238630056 282.9741963297129 249.0581511929631 853.5292446240783 2.293708458542824 10.45367746055126 10.16210733354092 2.133674524724483 10.00803629308939 24.89745356142521 163.0847393721342 2.955316312611103 2.286131963133812 249.0812715217471 5.47017864137888 1219.756713330746 31.42508335411549 4.422416888177395 71.18651682138443 4.662334427237511 12.12903927266598 10.19100807607174 570.2187200933695 3.513919919729233 0.3629326522350311 0.9352938681840897 164.705207541585 512.4097329154611 225.1143347769976 123.4553851336241 3386.76784555614 1.517274960875511 7.463593907654285 121.6959062442183 3239.676676556468 21.63100575655699 123.3850088194013 0.4805532023310661 0 4.536551639437675 11.57373578846455 8.352668657898903 394.3870237395167 16.5664201900363 62.61185076832771 29.3250974714756 259.8865276947618 4.77957858890295 0.8904068693518639 1.449422642588615
0 1554.546504631639 1.845681354403496 0.827763170003891 2.012790083885193 3.279484502971172 1.351546309888363 1.660427182912827 297.374094799161 0.497843012213707 499.0710275396705 5.103488311171532 4899.891518130898 1.547174699604511 6.580800712108612 35.36401773989201 1.481400728225708 68.664764508605 26.64145822823048 0.7642662823200226 4.009453497827053 1066.546948164701 4.290463708341122 254.0570904314518 735.7156794071198 533.6127058789134 3435.903380200267 10.66485108435154 2.638883799314499 0.2892583012580872 271.3461704924703 2.356377340853214 0.1083119735121727 131.3775683790445 7.380351692438126 606.1579074040055 694.1075397357345 787.0074663236737 135.3128522709012 53.14662299305201 54.18327853083611 760.8565304204822 21.97330057621002 0.2144380509853363 103.1505546942353 4.067872382700443 0 0 0.1016041561961174 0 0 0.4415439292788506 0.1835579574108124 138.67595513165 0 754.3940913006663 0 0 18.45817352086306 0.6056047454476357 58.93676323443651 2.616146974265575 0 1.671127118170261 1.230604641139507 6.760300129652023 1.15894803404808 247.9475204646587 372.7909972965717 553.677898786962 1.059990055859089 0 1.73811449110508 71.41854471713305 0 0 1.885572403669357 9.888057127594948 149.1990333423018 86.02816728502512 14.8626918643713 3.025659985840321 3.345719054341316 0.5576959252357483 46.82148610055447 0
26.06516533344984 908.9209154322743 8293.305244624615 47.3593385964632 2.702825948596001 39.52041242271662 29.03256545960903 357.1362792551517 23.68177159875631 35.10673812031746 2784.10973341763 23.59702045470476 944.3813311383128 454.6463927924633 0.8291475176811218 3.814445376396179 2109.602263316512 2602.678745552897 4708.982687413692 25.42587544769049 56.78892328590155 33.17918262630701 2225.118542790413 29.23878945410252 533.6127058789134 17745.93062698096 18062.47590059042 27.87141111493111 674.4391896538436 325.3087333068252 582.7050160095096 43.44562840461731 93.79111564904451 2167.310689039528 22.23488104343414 3527.831116639078 10564.5291158855 4497.934139959514 2015.59701693058 63.54248285293579 14.50286247581244 112.3969473987818 6.39040582627058 1.011730872094631 976.1400026008487 174.3320385441184 0 0 0.2240253239870071 2.8514294475317 2.225327327847481 0.7944089099764824 0.5211865231394768 135.1579094529152 0.1819872558116913 705.8636880889535 3.858875475823879 0.09669389575719833 7.878929287195206 163.7690968587995 386.1834762617946 291.5110265165567 0.2333804965019226 2.577283434569836 27.15111439675093 15.63130552321672 6.781781516969204 1038.954131871462 3994.176616571844 6974.706059895456 1.208778016269207 2.563881941139698 9.236559607088566 253.5632528290153 0.1410428285598755 0.4975159168243408 48.73434066027403 7.363039158284664 239.2801385223866 1010.666695214808 200.3852978646755 51.03670513629913 3.870555676519871 0.4022376239299774 5.474153928458691 0.6524994373321533
15.87341218441725 9097.347874961793 8477.590838067234 44.77968268096447 6.937133632600307 26.39061270654202 249.830863006413 185.6488127112389 1026.334538288414 44.48507522791624 647.7113638073206 18.53209752589464 1928.655146993697 195.6039945706725 37.50612868368626 5857.584482438862 5211.957523874938 394.7970624566078 2066.467362217605 13.64672172814608 656.9322492256761 3246.833194963634 8782.731884755194 2687.491394348443 3435.903380200267 18062.47590059042 26494.62687119097 740.7544780671597 219.9197333231568 101.8108124881983 412.8539640679955 14.85946963727474 27.68419526517391 2556.756161592901 108.3437294661999 7461.121831096709 4545.145275473595 8792.616684049368 4300.948649801314 334.6147064566612 20.36910410970449 72.97235605120659 25.45151830464602 6.832204163074493 4094.734561234713 2668.931608065963 0 0.09540917724370956 0.9330316185951233 23.47152342647314 11.23246986418962 7.734991081058979 0.8864938393235207 217.8858575448394 0.5255156382918358 967.9300180077553 21.55987048894167 0.1186882108449936 2416.812455557287 615.5416823774576 447.2932505756617 318.1722034811974 0 84.26902518421412 1760.198835082352 1505.069164775312 262.3580744192004 1755.335589028895 5247.987830542028 19852.18833962828 106.8037464767694 5.774712279438972 27.6602715626359 283.133737757802 0.2025536596775055 0.4084213376045227 114.2241839691997 41.15918254852295 908.7600166648626 1212.604951441288 607.820761308074 234.9025532901287 28.28483256697655 1.76382403075695 12.36643768101931 2.166262626647949
170.6607419773936 44.60651601105928 136.7782916352153 2652.624208956957 14.15633261948824 767.4515486955643 16217.94504584372 1203.353156201541 1723.939083710313 11922.16083691269 21.87571551650763 165.4363347217441 7.810520477592945 1074.719977349043 99.13863362371922 1876.066902980208 33.85641052573919 5.661673657596111 9.411151185631752 274.813928052783 7407.298684343696 277.6065581664443 1523.988694034517 11072.42766345292 10.66485108435154 27.87141111493111 740.7544780671597 22995.41379344463 1018.015654720366 8945.835774220526 1.291874676942825 11.44575483351946 476.8553998693824 804.6304026395082 132.2222752049565 5321.587964333594 242.1822519749403 1708.250503309071 1141.857738368213 340.6065196841955 10.70315764844418 4.424356147646904 29.14111403375864 4.050058245658875 3.587813727557659 12.43699622899294 140.3454889059067 2.821813985705376 4.908082842826843 378.0895030647516 10.50478957593441 837.4641775116324 39.85794430971146 5.34826023131609 51.71927578747272 0.4725380837917328 16.57806003093719 6.954183951020241 168.6803795024753 1.477693684399128 0.09586942195892334 0.4441928267478943 149.0424944460392 228.6343868598342 40.85464867949486 34.39255081862211 2838.83547180891 0.1130561903119087 1.562851615250111 49.58960271626711 3498.785831063986 36.31080384552479 177.1275342702866 0.08978214114904404 0.2535905241966248 4.567547485232353 13.9933645427227 19.60699640214443 433.210005030036 11.37726632505655 75.28495109081268 38.51055906713009 218.8559219092131 5.494029454886913 0.1203122437000275 0.8182620108127594
