966.4331221058965 0 644.3098909780383 12.00405398756266 0 79.88611694425344 2219.247303344309 1361.04201194644 1.531422480940819 178.6554730311036 3.862196564674377 1.479371637105942 0.5199553295969963 6236.299664571881 0 0.4058097898960114 254.4707512706518 2.264065377414227 5.016108654439449 10.05063749104738 165.2889187783003 0 628.6941353902221 25.05984473228455 0.2877533882856369 44.13540937751532 26.6150843128562 119.5120659992099 2326.846608288586 2572.031677998602 0.1939271539449692 4.229140549898148 6.877856738865376 240.5180274024606 17.62224124372005 138.6172257438302 20.04596397280693 220.508054472506 98.13163515925407 8.462147258222103 4.117126449942589 0.8513519838452339 0.7226400449872017 0 0.1029343754053116 1.222230456769466 0 0 0 6.181109637022018 0.1117273271083832 1.271898448467255 0 0.2848241403698921 0 0 0.4034092053771019 0 1.025731347501278 0 0 0 0 0.8297147154808044 0.2417349815368652 1.147915825247765 7.329354420304298 0 0.09917542338371277 3.19048049300909 13.14253050088882 0.7147747725248337 2.332224920392036 0 0 0 0 0 8.790831461548805 0.6247551292181015 0.674532949924469 0.1965008974075317 0.8124265968799591 0.8453652560710907 0 0.5856590867042542
0 136.7082178369164 4.311759740114212 0 0.1165618896484375 0 0.1199468374252319 0 633.6667875722051 0 28.06457889080048 0.694588765501976 292.5916662067175 0 7.422920152544975 127.420338191092 1.845571756362915 1.353834614157677 2.382593214511871 0 13.30435873568058 1770.683621525764 3.53348945081234 668.5013753697276 1786.531029693782 73.48751021176577 2313.976774469018 57.57691371440887 0 0.1307903528213501 67.24333484470844 0 0 2.316543281078339 0 3.147668726742268 19.34633722156286 2.98253159224987 0.3192325979471207 13.24960141628981 0 33.60125955939293 0 0 131.5865732878447 14.95981326699257 0 0 0 0.4082271605730057 0 0.1264232844114304 0 2.262429945170879 0 3.627114593982697 0 0 0.3782804384827614 1.284269407391548 1.522199556231499 1.931238137185574 0 0 5.57109460234642 0.6435162648558617 3.046328857541084 14.12188112735748 36.90608505159616 560.8875874131918 0.7855097949504852 0.1111626774072647 0 0.8637275770306587 0 0 0.5453613847494125 0 2.25575266033411 6.410704791545868 1.959106139838696 0.135583758354187 0 0 1.034958228468895 0
644.3098909780383 4.311759740114212 3013.375396169722 121.8794461414218 0.4706317260861397 162.6922976598144 976.745454095304 498.0058804228902 1.779443651437759 88.65800508111715 3.300592832267284 0.1411791443824768 1.896391652524471 1777.370370075107 0 12.85268387943506 8181.191977962852 15.31488137692213 45.79098370671272 16.28538004308939 744.3363574445248 1.006130017340183 10323.30157223344 301.3252404779196 1.640859186649323 6022.280557759106 6827.55283742398 311.8579101189971 677.6946346983314 703.5458638891578 0.09736071527004242 2.520758450031281 29.63519577682018 1783.486488439143 92.21464995294809 3423.417437724769 2436.621318347752 1841.867525361478 1104.929589949548 20.9088853225112 0.8279666900634766 3.392071075737476 12.76865833252668 2.358276389539242 252.5383650511503 901.7862481847405 0.3940577730536461 0 0 21.02951940894127 1.655750453472137 3.738995470106602 0.1818916201591492 0.08516943454742432 0 0 3.394410938024521 0 41.19662717729807 26.19155517965555 0.218934640288353 14.94232906401157 0 11.12394133210182 91.97851700335741 134.3646195605397 25.23073377460241 2.256351113319397 195.1850548908114 3057.554307758808 41.75590966641903 6.301593638956547 15.64580032229424 0.3823395669460297 0 0 10.83276710659266 12.5490085631609 100.6834124848247 33.07483393698931 21.40315502136946 6.237027332186699 1.958374112844467 0.5889644026756287 0.1132371127605438 0.4468849897384644
12.00405398756266 0 121.8794461414218 2037.110247716308 0 71.83265543729067 930.9536131471395 126.3294730186462 1995.407266519964 4062.398147881031 2.401068918406963 1164.860735557973 0.2208874896168709 187.2255026996136 39.81234844774008 1.752330087125301 2.525978289544582 0.8382011651992798 0.6430395096540451 7001.671031534672 10.4669713228941 0.2466880306601524 60.41912543028593 2269.057869151235 0 14.68383559584618 35.60461980849504 6910.568648032844 466.9024651423097 58.46063261479139 0 1.821694545447826 67.59656612575054 119.9415549859405 13.07174344360828 372.9335061684251 10.78804495930672 137.9532115086913 44.6193879544735 79.27394322305918 2.05852746963501 0.1282131224870682 5.227733731269836 0.6121936216950417 0.1253944039344788 0.4888831004500389 266.8253965973854 0 4.547985479235649 270.2318749278784 3.970738559961319 341.2166220471263 461.8213041722775 0.8774154111742973 254.578384667635 0.4382741749286652 5.487747400999069 1.914042018353939 2.292381152510643 0 0.3138677999377251 0 361.8437785804272 0 0.7858318239450455 3.884640745818615 153.7484018132091 0 0.4151335656642914 2.534105181694031 240.9977800995111 4.401780381798744 0.9236318916082382 0 0.5057820081710815 0.1293906271457672 2.078540354967117 0.4459430277347565 20.53705742955208 0.3221314698457718 8.717766486108303 4.944191224873066 34.86354989558458 0.356591671705246 0.202634185552597 0.1403587758541107
0 0.1165618896484375 0.4706317260861397 0 2.8028724193573 145.2192559763789 1.948367327451706 76.36969469487667 30.70398871600628 1.745575547218323 1.891766957938671 7.78760190308094 4.335147693753242 0.4158085286617279 908.4173497110605 0 0 0.5560429096221924 0.5476076155900955 1.180997930467129 0 1.412150114774704 0.1337006688117981 6.5384870916605 0.4426175057888031 0 0.1317775100469589 0.7414277493953705 777.2369847595692 0.1013717353343964 0 10.95629811286926 0 124.5948064774275 3.212065443396568 25.06283685564995 1.071988821029663 90.7995820492506 67.0995270460844 1240.491418808699 215.4810579121113 4.059647276997566 7.164534524083138 0 0 0 0 0 0 0 0 0 0 0 0 0 0 0 0 0 0 0 0 0 0 0 0 0 0 0 0 0 0 0 0 0 0 0 2.208552464842796 0 0 0.1894747167825699 0 0 0.4049133807420731 0
79.88611694425344 0 162.6922976598144 71.83265543729067 145.2192559763789 10447.8338137269 1940.098056994379 5295.896534316242 116.9555680826306 11232.66301893443 27.08702331036329 4747.84473310411 18.92723807692528 1634.526471801102 1819.610588043928 0.1632894277572632 24.1046385243535 5.927605420351028 6.111114710569382 780.6753076016903 8.638841539621353 0.3211394548416138 80.10653956979513 29.49145422875881 3.308869689702988 12.38446471840143 9.108542539179325 524.4220432043076 728.9161746874452 117.3760846629739 0.453477069735527 1005.807747282088 1.748424209654331 1101.609254166484 26.35039042681456 527.866207651794 21.71223721653223 510.1164723783731 296.9478651434183 2419.227901108563 875.20626180619 21.41870217770338 16.06922002136707 1.658849991858006 0.1156680807471275 0.9300264120101929 23.73530792444944 0 4.858829766511917 67.38568920642138 2.324723988771439 40.58377300202847 82.87165692448616 1.51036062091589 108.5193384066224 0.5461385771632195 4.100784555077553 5.534395933151245 1.198261864483356 0 0 0 58.46504405885935 2.308912977576256 0.3340839594602585 0.882042795419693 30.52619799971581 0 0.2752447947859764 1.270041145384312 58.05542726814747 4.771357014775276 5.342383220791817 0.09292331337928772 0 0.2369034066796303 0.2858995348215103 0.3560944050550461 37.0535391420126 3.316075094044209 5.651287160813808 5.119421362876892 82.38341960310936 0.6817087009549141 2.879231795668602 0.1401350647211075
2219.247303344309 0.1199468374252319 976.745454095304 930.9536131471395 1.948367327451706 1940.098056994379 25444.01330151409 1588.790792964399 672.247665502131 11171.20920770615 26.10306593030691 72.33893094211817 9.475994274020195 4427.107737071812 50.08688789606094 9.47806891053915 33.64656442403793 9.793165221810341 8.219416372478008 183.2663922011852 172.2186534032226 0.8766713291406631 1086.735818952322 3909.63248667866 6.439485445618629 48.27967048436403 286.8300260603428 15963.88615792245 2380.960963197052 9288.652492299676 0.8719658777117729 22.73211850225925 189.2919853925705 986.1650832220912 54.83810846507549 2482.397650435567 60.44297092407942 1371.018448732793 378.9443625062704 335.0162680596113 33.34492839127779 18.25295388698578 33.65277641266584 23.38827732205391 0.5218498259782791 5.114897727966309 120.5552356690168 0 5.761648640036583 1349.392022259533 35.61526364088058 326.0061494112015 301.3345380648971 8.084601551294327 34.52325826138258 0.7597950175404549 95.94034554809332 1.898087814450264 14.40663959830999 0.2306524142622948 2.849020957946777 0.2765807807445526 112.2822109311819 2.44910079985857 3.169082291424274 18.6963769569993 636.6520931199193 0 1.211284816265106 25.01043821126223 1010.762947432697 123.0781878456473 12.4233471006155 0.7764495238661766 1.27624985575676 6.432839348912239 18.83570919930935 5.134146235883236 189.4448246881366 3.778474666178226 99.9172950387001 39.05315460264683 79.52007160335779 1.979414477944374 2.159880772233009 1.271569952368736
1361.04201194644 0 498.0058804228902 126.3294730186462 76.36969469487667 5295.896534316242 1588.790792964399 7164.822735972703 15.11905878037214 4623.202230706811 39.41243191808462 1027.851754643023 37.83607864379883 9559.866306878626 425.8685541749001 0.5970870703458786 150.254276484251 10.65383584052324 7.724996224045753 1007.216652549803 39.22261068969965 0.9176200926303864 273.3088301718235 205.6466952487826 8.091414101421833 45.55253429710865 37.42473580688238 395.2383243218064 1593.600266240537 439.9386689066887 0.5021462589502335 1184.700773328543 3.679933235049248 950.5331129953265 32.65254636853933 548.8197451084852 49.04688363522291 795.4420482739806 541.0318843200803 940.5016439855099 360.3464453965425 68.81615006178617 26.37762554734945 2.957850873470306 0.0897500291466713 2.924290902912617 4.062526345252991 0.2455499470233917 0.1099192500114441 141.0743225812912 2.188443653285503 16.41392650455236 12.11809464544058 3.228663980960846 6.959941536188126 0.7246359065175056 11.37888108193874 0.6415221095085144 3.975616447627544 0 0.1125679537653923 0.3401772007346153 7.437510035932064 5.478384837508202 1.099742867052555 2.4814443141222 80.83852982521057 0.2266355827450752 0.6447978019714355 4.561157815158367 151.9270473271608 19.13067756593227 18.86073544621468 0 0.1109471395611763 0.5702337622642517 2.385579325258732 6.53432809561491 72.91149945557117 8.042557932436466 12.06246834248304 7.186559371650219 10.29865032434464 0.7457744479179382 5.9531060308218 0.1818614155054092
1.531422480940819 633.6667875722051 1.779443651437759 1995.407266519964 30.70398871600628 116.9555680826306 672.247665502131 15.11905878037214 568.1427631601691 483.7547134682536 3.236035846173763 712.130125567317 14.2271951213479 18.43653716892004 728.194114536047 19.53269615024328 1.049348689615726 0.4369485303759575 0.3384426832199097 1757.367189005017 1.345515288412571 3385.149391762912 4.211787335574627 6665.580988794565 147.9770059138536 10.35521291941404 687.5441166833043 759.4436575621367 27.34500622004271 8.278660766780376 6.8001594170928 0.1805806457996368 4.347596406936646 19.27218614518642 1.787964060902596 67.89365737140179 2.884785495698452 24.05738694965839 6.895110301673412 632.873709499836 0.5169479548931122 0.6314060762524605 0.3826020359992981 7.286906108260155 1.44130615144968 1.186594642698765 125.9592105448246 0 2.92452484369278 229.6731166243553 3.143288664519787 78.59992169588804 161.0031340643764 0.2754227891564369 99.0414756834507 0.4119066670536995 17.19533956050873 1.253390282392502 13.87815570086241 0.2113576084375381 0.5241949781775475 0 128.655326128006 7.838423021137714 33.61760628223419 1.876488648355007 560.5847913697362 0.2419336885213852 4.882284462451935 11.63902275264263 332.4481448084116 35.36796836555004 18.87739769369364 0.112801656126976 0.483353465795517 4.522270403802395 1.873370096087456 0.5676338672637939 27.69558683782816 0.3229073286056519 7.968943536281586 3.089266940951347 12.51704421639442 0.1741229146718979 0.3584020435810089 0.4157325327396393
178.6554730311036 0 88.65800508111715 4062.398147881031 1.745575547218323 11232.66301893443 11171.20920770615 4623.202230706811 483.7547134682536 28913.44407598674 31.88028132915497 3016.485046982765 9.898614026606083 2326.587591826916 68.2974820882082 0.3415168225765228 4.474549807608128 13.94122866541147 16.79382363706827 5835.936541751027 10.83435574918985 0 63.68957927823067 439.7073635011911 3.273783408105373 16.15361077338457 16.56291756033897 3226.304019145668 1319.362114086747 127.6904154643416 0.4706898704171181 39.54589223116636 47.64626684039831 638.1308349519968 126.7763838469982 715.9091309681535 36.66779416054487 972.7434415593743 216.6029424741864 178.0747156664729 34.89264103770256 6.405906341969967 12.84345081448555 2.135796368122101 0.1234863996505737 0.3689831048250198 170.8244786709547 0 5.169990241527557 458.5804441049695 9.467800080776215 258.3927728459239 438.299182549119 2.061441078782082 141.124423019588 0.5817233994603157 15.73051765561104 5.825489439070225 1.892223306000233 0 0.2317970916628838 0.455175906419754 257.1744491755962 0.2464940845966339 1.034410439431667 2.349884867668152 241.8076577931643 0.1050967499613762 0.5005269050598145 1.309133611619473 314.4970896020532 13.39619895815849 0.7396601811051369 0.0987795889377594 0.3073230981826782 0.1241084560751915 4.221449732780457 2.140513241291046 45.42927304655313 0.2807118073105812 17.1646276935935 5.309379152953625 46.15257588773966 3.934695363044739 1.105523467063904 0.1247939839959145
3.862196564674377 28.06457889080048 3.300592832267284 2.401068918406963 1.891766957938671 27.08702331036329 26.10306593030691 39.41243191808462 3.236035846173763 31.88028132915497 7312.510178171098 27.22604920715094 4377.693278186023 104.4305958747864 1.771668285131454 0.7954187616705894 424.2300008609891 2892.448452271521 3904.032704822719 33.08022040873766 0.9198768809437752 11.11059870570898 19.45950429141521 9.056157045066357 2452.843287482858 1164.412384204566 186.0377914234996 9.171573266386986 245.2041719928384 5.807359382510185 602.3135409131646 67.94838389009237 2.800088115036488 4693.331256829202 5.028544381260872 265.643650598824 2423.804961502552 2542.811791427433 350.8609124049544 18.45493163913488 48.84031042456627 2216.738682433963 5.599670365452766 0.4043584913015366 39.32959368079901 0 0 0 0.2828684821724892 8.797425918281078 1.055555567145348 0.6313062608242035 1.537185102701187 874.8504776954651 0.2026068419218063 1188.98761703819 0.6090546771883965 0 1.294880360364914 0 84.7089883312583 0.9902712255716324 0 0 3.29181145131588 0.1285701543092728 3.100603818893433 521.0884501487017 87.69132474064827 97.35612763464451 5.223504520952702 0.494297057390213 0 158.6301836520433 0.262780450284481 0 18.01213660091162 1.487419247627258 56.64223939925432 529.068607352674 34.36419513076544 4.950626119971275 1.55622211098671 4.526428833603859 644.182759642601 0
1.479371637105942 0.694588765501976 0.1411791443824768 1164.860735557973 7.78760190308094 4747.84473310411 72.33893094211817 1027.851754643023 712.130125567317 3016.485046982765 27.22604920715094 6805.128622457385 7.148210719227791 382.5249249711633 761.3598164543509 0 1.04956416040659 6.978026837110519 9.663659177720547 4423.36540608108 0.3744141906499863 6.60842290520668 0.6681116223335266 236.217162579298 2.822487644851208 4.662114158272743 3.605273403227329 104.2870072647929 287.6297044157982 0.8791809901595116 0.6771396696567535 80.93022586405277 0.9439405500888824 273.1024694368243 82.39295844733715 363.781750626862 19.75216930359602 341.3547773733735 71.47321235388517 1293.218654930592 9.731874205172062 6.487843871116638 2.00790137052536 0 0 0 138.4049186557531 0 22.08112538605928 128.9472826942801 8.122424855828285 222.7867440953851 325.2035238370299 1.928528897464275 529.5323577448726 0 6.209024883806705 6.729728147387505 0.2655243054032326 0 0.4258641004562378 0.1018295586109161 236.9515998512506 0 0 0 40.36914121359587 0.09209829568862915 0.2186831533908844 0.1072032377123833 97.68148674815893 3.290057606995106 0 0.08332616090774536 0.1731410324573517 0 1.267087779939175 0.6654853075742722 47.09327531605959 1.449060201644897 6.078461647033691 1.465045981109142 136.4491988271475 0.7238319665193558 1.520050853490829 0
0.5199553295969963 292.5916662067175 1.896391652524471 0.2208874896168709 4.335147693753242 18.92723807692528 9.475994274020195 37.83607864379883 14.2271951213479 9.898614026606083 4377.693278186023 7.148210719227791 4132.323841668665 28.86994437873363 0.2449343129992485 2.78384031355381 3.500223606824875 301.3385924771428 92.32259303331375 5.95598428696394 1.881043151021004 84.66944963485003 5.227775290608406 25.22993296384811 5288.347223199904 859.5734116062522 4841.777569524944 9.529593408107758 38.41918517649174 3.741052649915218 1125.097204938531 28.96783700585365 0 958.5664288252592 172.1077964901924 716.0634345710278 1912.69780882448 2096.989345982671 330.7712127789855 102.5164170712233 133.8021627962589 620.9840783253312 4.54968424141407 0.121083065867424 100.3453409075737 0.3958298563957214 0.1467999517917633 0 1.596818476915359 1.880098387598991 6.395495042204857 5.472004480659962 1.033396355807781 686.69868914783 1.995101876556873 1111.915222935379 1.868600323796272 0.1738310605287552 0.7849826887249947 0.1351451575756073 150.2393473684788 2.37983625382185 0 0.1474492847919464 4.056941106915474 0.4416271895170212 9.843345306813717 697.3560671806335 248.3293659687042 393.9490555301309 2.860330440104008 1.400012791156769 0 247.4492143541574 6.184681385755539 0 21.80754387378693 44.39710754156113 553.521291680634 388.2398489490151 277.8115382269025 113.6385992467403 10.04796907305717 16.19335189461708 360.7945753410459 0.9095823764801025
6236.299664571881 0 1777.370370075107 187.2255026996136 0.4158085286617279 1634.526471801102 4427.107737071812 9559.866306878626 18.43653716892004 2326.587591826916 104.4305958747864 382.5249249711633 28.86994437873363 9962.264617428184 67.19592320919037 1.254153691232204 488.7652472853661 24.85537408292294 19.55386408418417 610.1547350361943 171.1559822186828 0.5489449426531792 1154.823706842959 390.1475255489349 11.19747397303581 140.5174533203244 89.56237304955721 651.858829036355 10312.81816039979 2260.705750778317 0.8120349422097206 59.54907753318548 16.35271943360567 1057.376698352396 25.71228744089603 667.0373689234257 92.33166401088238 825.9674785584211 371.5392949208617 263.7418135255575 99.27507910877466 39.16764476150274 14.3427345007658 8.136413149535656 0.9170369505882263 4.705099739134312 4.403267584741116 0.1113256961107254 1.538456171751022 232.6496786922216 6.738883204758167 36.45228441059589 14.90290945768356 5.640073411166668 4.253162398934364 1.741551250219345 23.90606775134802 0.1991356834769249 7.04798948764801 0.2217613384127617 0.1105053052306175 0 3.152685068547726 14.25695416331291 1.213954329490662 8.113436125218868 141.9298949241638 0.2990780994296074 2.378333948552608 14.68034610152245 279.4739300012589 35.64866078644991 30.5791188403964 0.2553199008107185 0.2340307831764221 2.797555357217789 4.210495688021183 1.789142914116383 88.03670966625214 7.878592319786549 19.73484282940626 9.447055116295815 18.41549788415432 0.7238785177469254 5.627076491713524 0
0 7.422920152544975 0 39.81234844774008 908.4173497110605 1819.610588043928 50.08688789606094 425.8685541749001 728.194114536047 68.2974820882082 1.771668285131454 761.3598164543509 0.2449343129992485 67.19592320919037 372.6620987504721 0.2789123058319092 0 0.6078232228755951 0.1188533902168274 172.9176348000765 0 51.89837822318077 0 611.852906383574 1.656583659350872 0.1863843500614166 10.20792096853256 37.70280512422323 43.37866063416004 0.1250322312116623 0 305.8602232635021 0 57.14701075106859 2.686433807015419 583.2138569653034 0.6553313136100769 42.46412629634142 10.67715202271938 1786.421969741583 65.67521873116493 1.488004148006439 0.358540952205658 0.7942365407943726 0 0 6.392183035612106 0 3.20615816116333 43.04549004882574 1.386132121086121 12.62604624032974 20.45407116413116 0.258059024810791 21.93419347703457 0.1333049833774567 0.8791864514350891 2.985285520553589 0 0 0 0 13.55351105332375 0.1496052891016006 0.2716196179389954 0 2.414401173591614 0 0 0 10.64631709456444 1.034523516893387 0 0 0 0 0.5312625169754028 0 18.27381867170334 0 4.308217018842697 2.596711903810501 37.7566624879837 0 0.1345085352659225 0
0.4058097898960114 127.420338191092 12.85268387943506 1.752330087125301 0 0.1632894277572632 9.47806891053915 0.5970870703458786 19.53269615024328 0.3415168225765228 0.7954187616705894 0 2.78384031355381 1.254153691232204 0.2789123058319092 3079.30375623703 8.414125099778175 0 1.520389601588249 0 3599.046128503978 2794.412865169346 2606.05770496279 4099.65474358201 14.80844538658857 13.69548876583576 4656.63013740629 3216.635358303785 2.796101003885269 14.36433480679989 0.9405789896845818 0.388750322163105 0.8704613298177719 152.2913630232215 33.80227432399988 1703.922387853265 922.5899673700333 460.841532073915 710.737943097949 17.62274575233459 1.541909337043762 0.5459139347076416 5.652974218130112 1.182158134877682 3.011839337646961 32.55719339847565 0.2212902307510376 0 0 21.54268510639668 0.09951347857713699 13.86776588857174 0.485708549618721 0.2670700252056122 0 0.1073960140347481 1.275771252810955 0 3975.209989443421 3.825553998351097 0.2410787865519524 0.4750901013612747 0 731.977839358151 1051.757175914943 2398.0326397717 309.412665002048 0.9891832247376442 5.599354840815067 649.9369775652885 314.3849666267633 11.35025685280561 83.76340698450804 0.1339099854230881 0 1.383248388767242 4.96766235679388 1.725088469684124 128.3354405462742 33.36945575475693 13.41311579942703 37.95880308002234 3.554029732942581 0 0.1863595247268677 0
254.4707512706518 1.845571756362915 8181.191977962852 2.525978289544582 0 24.1046385243535 33.64656442403793 150.254276484251 1.049348689615726 4.474549807608128 424.2300008609891 1.04956416040659 3.500223606824875 488.7652472853661 0 8.414125099778175 1156.6346873492 291.9652840197086 3426.687202438712 2.326098911464214 858.2836585491896 2.922599047422409 4071.65322869271 21.92273257672787 0.9016429483890533 4183.401225656271 4758.343467153609 21.14864813536406 1459.693234138191 1986.157778002322 6.635585770010948 0.4734586328268051 184.8274749070406 4603.077881515026 7.557235211133957 348.5356372445822 465.5522462278605 1766.66715849191 416.6058621108532 3.162888526916504 0.7153925001621246 2.792865619063377 3.019711308181286 0 7.3756163418293 15.75611247122288 0 0 0 1.223335400223732 0 0.2324562668800354 0 0.1104887798428535 0 0.8331758007407188 0 0 7.529035471379757 1.325777903199196 0.4077737629413605 1.466580532491207 0.1040760576725006 2.769965432584286 2.096161752939224 5.874456614255905 1.332639046013355 0.9142187088727951 22.88361764699221 94.62696119397879 3.603957056999207 0.5467547923326492 1.256060197949409 0.3647601902484894 0 0 0 1.481945157051086 11.57426117360592 1.552107743918896 0.3329352363944054 1.093996807932854 0 0 0 0
2.264065377414227 1.353834614157677 15.31488137692213 0.8382011651992798 0.5560429096221924 5.927605420351028 9.793165221810341 10.65383584052324 0.4369485303759575 13.94122866541147 2892.448452271521 6.978026837110519 301.3385924771428 24.85537408292294 0.6078232228755951 0 291.9652840197086 170.9080174863338 1476.509830616415 10.81463127583265 1.006233267486095 1.579252392053604 10.34198591113091 2.238096676766872 37.22871994227171 2227.231824032962 368.8093216195703 3.357884593307972 67.80323575437069 4.417061023414135 329.5786241814494 13.74484331160784 0.393783412873745 1267.096122317016 13.86413296312094 539.0685265660286 1694.007853619754 1587.77873943001 411.6816347315907 6.452361233532429 13.88751547783613 332.0791678205132 8.868283689022064 0 2.380180194973946 0.2201464101672173 0.1113391146063805 0 0 2.713958770036697 0.2095528319478035 0.180296503007412 0.1897819340229034 24.04865564405918 0.2099098414182663 63.00389453023672 0.1459795087575912 0 0.1049300953745842 0.1973024904727936 19.52974707633257 1.059259511530399 0.1634862273931503 0.3760889172554016 0.8723693862557411 0.09709323942661285 1.393893413245678 58.20943922549486 62.89108841866255 117.9006722271442 2.595022924244404 0.5715430602431297 0.1045422926545143 24.29725670069456 0.09636886417865753 0 1.314422227442265 3.988336265087128 89.63318689912558 16.42187143117189 3.412725627422333 1.198226295411587 0.2541857361793518 0 5.359767854213715 0
5.016108654439449 2.382593214511871 45.79098370671272 0.6430395096540451 0.5476076155900955 6.111114710569382 8.219416372478008 7.724996224045753 0.3384426832199097 16.79382363706827 3904.032704822719 9.663659177720547 92.32259303331375 19.55386408418417 0.1188533902168274 1.520389601588249 3426.687202438712 1476.509830616415 2689.464552432299 14.13467169553041 15.58935351669788 2.768934585154057 107.1795191317797 3.113599739968777 8.624925442039967 3394.979315392673 1605.914671108127 4.484254635870457 75.47907769680023 37.36739125847816 146.3241158798337 8.362554550170898 6.689277842640877 4995.243055298924 8.301913008093834 584.8618167862296 637.8194564580917 2830.115528956056 546.2506410703063 4.030205994844437 5.311469167470932 31.16246125102043 5.937337435781956 0 3.465755686163902 1.561543554067612 0 0 0 1.333518348634243 0.08924393355846405 0 0 3.534773282706738 0.1716157644987106 6.379970230162144 0 0 0.5564598143100739 0 3.468787178397179 0.9515321031212807 0 0 0.5713323578238487 0.09075026959180832 1.465900525450706 6.430883280932903 21.20292226970196 39.25490435212851 2.144479833543301 0.1230283752083778 0.1362331956624985 3.631033509969711 0 0 0.4749982804059982 2.396055623888969 43.49582520127296 2.384360544383526 1.491614431142807 1.703025467693806 0 0 0.8446272760629654 0
10.05063749104738 0 16.28538004308939 7001.671031534672 1.180997930467129 780.6753076016903 183.2663922011852 1007.216652549803 1757.367189005017 5835.936541751027 33.08022040873766 4423.36540608108 5.95598428696394 610.1547350361943 172.9176348000765 0 2.326098911464214 10.81463127583265 14.13467169553041 1163.60256164521 1.972186349332333 0 6.998863138258457 569.3787232115865 2.940105177462101 9.226998575031757 8.669371008872986 3173.207503721118 620.9300972521305 9.033496052026749 0.5605181381106377 30.29842521250248 17.25692357867956 454.9811680167913 39.03309090435505 514.4098466187716 24.13922882080078 759.3543573915958 165.4022257775068 490.5331990495324 26.89425723254681 6.570369213819504 9.026979684829712 0.2620724439620972 0.1387333124876022 0 306.366271212697 0 13.42267528921366 456.9636109173298 5.016871944069862 467.3807724714279 765.7990904301405 0.7404979392886162 427.461239695549 0.3271698802709579 7.896811842918396 13.0558522939682 0.4333109557628632 0 0.2830513417720795 0 479.3448745533824 0 0.8731508255004883 0 213.8024804890156 0.2399339079856873 0 0.9710051640868187 301.09776930511 7.779959365725517 0.1363388001918793 0 0 0 1.508159175515175 0.321236252784729 35.1380380615592 1.572197332978249 21.28420004993677 2.826418474316597 105.9704829156399 0.5417748093605042 0.381839357316494 0.1887408345937729
165.2889187783003 13.30435873568058 744.3363574445248 10.4669713228941 0 8.638841539621353 172.2186534032226 39.22261068969965 1.345515288412571 10.83435574918985 0.9198768809437752 0.3744141906499863 1.881043151021004 171.1559822186828 0 3599.046128503978 858.2836585491896 1.006233267486095 15.58935351669788 1.972186349332333 12880.72323160619 202.5700616762042 12642.94201223552 313.1200597882271 2.551463022828102 23.03606940060854 470.5199743881822 2747.521605081856 689.4078922346234 6931.839007802308 0.09966488927602768 0.4535528719425201 91.33664007484913 3311.145399779081 171.7634797021747 6144.276903420687 1413.724545627832 5319.317869581282 3614.112213239074 53.80272640287876 10.13408988714218 1.538413867354393 21.43310209363699 4.412510126829147 1.775740049779415 6.126801997423172 0.1401364058256149 0 0 26.26484713703394 0.6428261697292328 21.51699018478394 0 0 0 0 4.004967078566551 0 855.7029234841466 1.572907879948616 0 0.1064237654209137 0 857.1250152736902 178.354208022356 195.9887377470732 372.8259035944939 0 1.19967669993639 15.40803681313992 582.5705733522773 27.89808519184589 189.6551069393754 0 0 3.398505106568336 2.721848532557487 8.42826783657074 192.1467683911324 11.23524798452854 5.095666572451591 4.538965933024883 1.45108063519001 0 0.09615360945463181 0
0 1770.683621525764 1.006130017340183 0.2466880306601524 1.412150114774704 0.3211394548416138 0.8766713291406631 0.9176200926303864 3385.149391762912 0 11.11059870570898 6.60842290520668 84.66944963485003 0.5489449426531792 51.89837822318077 2794.412865169346 2.922599047422409 1.579252392053604 2.768934585154057 0 202.5700616762042 1126.606870062649 175.3481686338782 7087.123263210058 799.5359730944037 38.78479520231485 3047.344747692347 498.6207291334867 1.679572433233261 4.237531468272209 30.59002378582954 0 0.3697630167007446 4.983509950339794 0 12.73013169318438 11.04451579600573 8.982112146914005 3.675299517810345 102.826925739646 0 4.613089308142662 0 1.246831059455872 6.441535241901875 3.881516806781292 0.1673699915409088 0 0 31.02603782713413 0 79.81783972680569 0.4382602274417877 0.7816158011555672 0.2620785534381866 0.8731682151556015 3.311347186565399 0.1731209009885788 826.3069093078375 0.5001799091696739 0.1221586391329765 0.3329639285802841 0 106.5780386477709 45.50513684749603 206.8963295221329 694.2607093006372 4.144724503159523 12.09359046071768 207.2201656550169 191.1200127676129 17.3621384203434 45.3325357362628 0.2391374930739403 0 0.9733285307884216 1.264577716588974 1.859597183763981 16.35566172003746 2.441061615943909 1.965640917420387 3.603869676589966 2.240021899342537 0.8834714293479919 0.6685969531536102 0
628.6941353902221 3.53348945081234 10323.30157223344 60.41912543028593 0.1337006688117981 80.10653956979513 1086.735818952322 273.3088301718235 4.211787335574627 63.68957927823067 19.45950429141521 0.6681116223335266 5.227775290608406 1154.823706842959 0 2606.05770496279 4071.65322869271 10.34198591113091 107.1795191317797 6.998863138258457 12642.94201223552 175.3481686338782 13162.94192177057 373.0529642924666 1.002876460552216 1038.446629963815 10177.6682093218 1724.804761514068 1004.827324561775 5114.870832398534 0.147111788392067 1.486579641699791 65.87189633399248 4469.316176615655 212.5737699568272 7613.754348054528 6158.41328125447 6953.097751557827 7451.821774944663 107.1526153385639 12.78635180741549 8.930381938815117 34.89160389453173 2.866243794560432 5.07942882925272 216.4776718467474 0.2596146464347839 0 0 30.6937063485384 1.11345511674881 4.086770176887512 0.1409177929162979 0.1157803684473038 0.2841779589653015 0.1673529148101807 3.564832627773285 0 1963.034153170884 4.158094212412834 0.5645728036761284 0.3790629431605339 0 251.7755234465003 274.6706212610006 1769.388586744666 95.78190997987986 0 6.331839874386787 1095.209382750094 125.475183583796 8.453423701226711 52.36773648113012 0 0 0.9393876045942307 6.221638478338718 24.69120502471924 266.6903649270535 33.12102044373751 20.51485030353069 29.45556434988976 3.269084945321083 0.2392673939466476 0 1.27334052324295
25.05984473228455 668.5013753697276 301.3252404779196 2269.057869151235 6.5384870916605 29.49145422875881 3909.63248667866 205.6466952487826 6665.580988794565 439.7073635011911 9.056157045066357 236.217162579298 25.22993296384811 390.1475255489349 611.852906383574 4099.65474358201 21.92273257672787 2.238096676766872 3.113599739968777 569.3787232115865 313.1200597882271 7087.123263210058 373.0529642924666 11657.77328940481 154.6562004312873 52.59567773342133 4989.377907022834 14360.78289683163 1268.585430838168 329.6100513413548 6.875303536653519 2.352982968091965 305.4244379326701 660.4207675009966 82.32154776901007 2396.636372998357 64.21065659075975 715.7728820219636 221.1788577511907 701.2033767327666 11.70037613064051 8.125311359763145 19.70958761870861 82.56841716170311 9.274318128824234 25.89524503797293 171.7976971939206 0.66776143014431 5.485766209661961 2065.050247400999 57.60475821793079 1412.075951948762 388.5693200007081 7.407925814390182 95.01009395718575 0.6904885023832321 192.5803140699863 7.012303836643696 423.6527280583978 1.215821512043476 3.530262552201748 2.019433587789536 168.2160166949034 389.9641439542174 271.3852174431086 101.872269846499 3198.945841833949 1.158133424818516 16.47225653380156 94.35414203256369 3487.832666791975 386.2736253589392 385.6934619545937 0.9380959868431091 2.561469614505768 25.20960307866335 44.62562274932861 13.22416590899229 470.9856696501374 14.96827740967274 186.0180399566889 65.7915930300951 112.706061206758 8.124786078929901 6.399354830384254 2.361123323440552
0.2877533882856369 1786.531029693782 1.640859186649323 0 0.4426175057888031 3.308869689702988 6.439485445618629 8.091414101421833 147.9770059138536 3.273783408105373 2452.843287482858 2.822487644851208 5288.347223199904 11.19747397303581 1.656583659350872 14.80844538658857 0.9016429483890533 37.22871994227171 8.624925442039967 2.940105177462101 2.551463022828102 799.5359730944037 1.002876460552216 154.6562004312873 1210.78095716238 388.1902016848326 4588.956156693399 14.29437148571014 14.73243451863527 0.2573045343160629 485.2951935455203 5.702662535011768 0 591.388431198895 9.270416498184204 158.1233054995537 334.8809255510569 1535.246546499431 34.58808480203152 31.55526083707809 76.67383487522602 276.6313183829188 2.036098480224609 0 175.2330003902316 0.1652512848377228 0 0 0.5883317589759827 0.7493558004498482 1.62083151191473 6.730009764432907 0.1620485633611679 253.3994307592511 0.08371440321207047 494.6322381421924 0.3769413456320763 0 0.4921059310436249 0 54.47821918129921 1.817830301821232 0 0 6.61048898100853 0 7.351413801312447 382.3051853775978 271.684694185853 761.7339433804154 0.325236976146698 0.6326918080449104 0 137.4241064935923 2.219349198043346 0 13.63578748703003 19.47295878827572 171.5424185693264 161.0714364573359 116.7403190210462 20.12279929220676 3.843534648418427 17.17262333631516 262.2563022449613 0
44.13540937751532 73.48751021176577 6022.280557759106 14.68383559584618 0 12.38446471840143 48.27967048436403 45.55253429710865 10.35521291941404 16.15361077338457 1164.412384204566 4.662114158272743 859.5734116062522 140.5174533203244 0.1863843500614166 13.69548876583576 4183.401225656271 2227.231824032962 3394.979315392673 9.226998575031757 23.03606940060854 38.78479520231485 1038.446629963815 52.59567773342133 388.1902016848326 26428.76177612692 11125.32976526767 23.27556832879782 293.1793730407953 91.04973731935024 539.9188409149647 4.838066577911377 49.12596798688173 2051.129839912057 32.26333241909742 3894.081774957478 10244.38649847358 3798.851630486548 1339.366437278688 14.90714693069458 6.956649504601955 461.284180469811 23.78650099784136 0.7385984137654305 400.3094239756465 260.4373937547207 0 0 0.2106815651059151 4.363642111420631 1.875161409378052 1.956860646605492 0.8547355085611343 247.0133703276515 0 748.0426678657532 2.270247980952263 0 13.01010233908892 31.01002050936222 322.1190549880266 149.0431633815169 0 3.115636415779591 16.25802226364613 5.605542093515396 12.40332383662462 980.361448392272 4346.645731270313 6726.654489040375 7.695197992026806 2.538846530020237 3.239993713796139 350.3423762172461 0.4538347199559212 0 18.4348206371069 10.86834479123354 171.6960674151778 486.8812472596765 55.95652763545513 8.525608882308006 0.812831699848175 0 41.16217845678329 0.09896053373813629
26.6150843128562 2313.976774469018 6827.55283742398 35.60461980849504 0.1317775100469589 9.108542539179325 286.8300260603428 37.42473580688238 687.5441166833043 16.56291756033897 186.0377914234996 3.605273403227329 4841.777569524944 89.56237304955721 10.20792096853256 4656.63013740629 4758.343467153609 368.8093216195703 1605.914671108127 8.669371008872986 470.5199743881822 3047.344747692347 10177.6682093218 4989.377907022834 4588.956156693399 11125.32976526767 23982.86026950181 2483.135250680149 177.9110652580857 185.1664535999298 660.3373200371861 1.525793649256229 42.18628118187189 4741.958837531507 216.9558981955051 9245.970324635506 5503.508495502174 5670.182469785213 3026.507459804416 76.55971040576696 5.749484330415726 48.05825839191675 40.46319011598825 5.691486679017544 4327.35489743948 3256.834769867361 1.863828375935555 0 0.891903467476368 146.1826430186629 7.835390970110893 34.12186747044325 2.916882649064064 128.6356265246868 0.2335864156484604 456.2640934586525 18.67807624489069 0.1181782335042953 1606.281157717109 123.8812200576067 284.7855784669518 222.1607973650098 0.6929102391004562 63.80282547324896 1923.543094210327 1944.187791995704 207.4471670016646 1094.535802863538 6314.224220968783 28540.7511767894 230.762202732265 20.50499298423529 31.75566513836384 301.1702387407422 0.5235571339726448 1.803628362715244 60.94439247995615 31.86626241356134 364.8810640797019 487.3517801612616 145.3905586525798 46.00073958933353 4.756583593785763 1.224948473274708 14.430824264884 1.113269872963428
119.5120659992099 57.57691371440887 311.8579101189971 6910.568648032844 0.7414277493953705 524.4220432043076 15963.88615792245 395.2383243218064 759.4436575621367 3226.304019145668 9.171573266386986 104.2870072647929 9.529593408107758 651.858829036355 37.70280512422323 3216.635358303785 21.14864813536406 3.357884593307972 4.484254635870457 3173.207503721118 2747.521605081856 498.6207291334867 1724.804761514068 14360.78289683163 14.29437148571014 23.27556832879782 2483.135250680149 25347.84736971557 1157.645287699997 11591.26301898062 0.7192452251911163 6.774029485881329 244.9675125405192 1096.135914891958 122.5140579864383 3675.442559018731 141.8335870280862 1637.234235949814 519.0005598813295 157.7321733161807 9.489038243889809 11.87330029159784 17.47606804966927 74.29938544332981 3.538284823298454 37.88502240926027 96.45262402296066 0.3654367327690125 2.914577417075634 1480.650182574987 36.82327487319708 558.0642794668674 185.8845649585128 7.265037886798382 36.33808252960443 0.1556613892316818 134.8416248112917 1.750066064298153 351.3045215904713 1.81856381893158 3.266091555356979 1.563369035720825 85.79509113729 532.2410865277052 114.4041683897376 71.99849969148636 2433.163392625749 0.2535363137722015 4.583440780639648 41.35442294925451 3038.332495011389 347.5702868700027 682.9217272922397 0.6064352914690971 1.892560727894306 18.07078766822815 33.62163495272398 13.34448672086 465.813031449914 8.162840455770493 129.7684014067054 51.7907994762063 96.75134769082069 6.266443073749542 7.06057458370924 1.504724219441414
2326.846608288586 0 677.6946346983314 466.9024651423097 777.2369847595692 728.9161746874452 2380.960963197052 1593.600266240537 27.34500622004271 1319.362114086747 245.2041719928384 287.6297044157982 38.41918517649174 10312.81816039979 43.37866063416004 2.796101003885269 1459.693234138191 67.80323575437069 75.47907769680023 620.9300972521305 689.4078922346234 1.679572433233261 1004.827324561775 1268.585430838168 14.73243451863527 293.1793730407953 177.9110652580857 1157.645287699997 18218.02195866406 9803.178405545652 1.763028226792812 1251.500179901719 2075.977263182402 4851.310284681618 130.3350361734629 1730.663490734994 146.6745820045471 2979.018987640738 1206.033102296293 253.3239278271794 71.49112654477358 40.05420732498169 34.19110137969255 5.807778351008892 0.2169667705893517 2.773410603404045 6.807480469346046 0 0.2442182824015617 233.9590535163879 8.134619101881981 28.83597969263792 12.56744790822268 6.281384333968163 3.356656968593597 2.877455852925777 19.84785047918558 0 4.293575614690781 0.6944420784711838 0.7688675597310066 0.2783187031745911 4.056637793779373 8.58772099763155 1.244710229337215 7.849953792989254 127.7816936522722 0.7035325393080711 1.413212217390537 8.530951261520386 247.1858351454139 43.29255121946335 23.46485602110624 0.2497461885213852 0.2275603041052818 1.757122121751308 3.841283425688744 9.290056467056274 116.1632221564651 5.118367224931717 17.4325133562088 9.835277110338211 10.07316338270903 2.134287089109421 7.771892450749874 0.0943557545542717
