2595.512103132904 0.130681648850441 64.40168422460556 0.1002160087227821 0.5169722214341164 10.18211444467306 3204.229277953506 637.9007218331099 0.1568900048732758 15.44797010719776 14.26316108554602 0.431086465716362 0.3312917426228523 10409.34028508514 0.2798909395933151 0.1609944403171539 138.7619391009212 6.519129477441311 21.5688065290451 0.1286934614181519 21.08781191706657 0.1313357055187225 215.2198683172464 12.62476696819067 0 19.86539819836617 17.38621355593204 19.71743968874216 3038.71910239011 3219.838902488351 0.5840476602315903 7.874206252396107 17.58495607227087 72.05530364066362 0 28.20457814633846 10.8708071410656 54.20107267796993 3.882329225540161 0.4531327337026596 1.359675325453281 0.1313277930021286 0.6606705188751221 0 0.2418808192014694 0 0.2430110424757004 0 0 0.4550939202308655 0.420289158821106 0.3994450569152832 0 0 0 0 0 0 0.3787683844566345 0 0 0.1793307960033417 0 0.5608528852462769 0 0.337115503847599 3.141169629991055 0 0.3388531506061554 1.949331156909466 4.713930748403072 0.5417288690805435 0.6521798148751259 0 0 0 0 0 3.314329981803894 0.2248534560203552 0.1650457829236984 0 0 0 0 0
0.130681648850441 139.0750884413719 10.08217026293278 0.1239646300673485 4.223498642444611 2.362922392785549 2.273610964417458 0.3087974488735199 797.2705497816205 0.2526674717664719 39.98478178679943 4.828319430351257 1621.3272677809 1.049420371651649 35.46989508718252 92.28130333125591 48.02038532495499 6.052761547267437 44.06117433309555 0.6320697367191315 2.383997842669487 2337.151471748948 6.305992096662521 1061.322432182729 3299.800265341997 105.4936547353864 5367.232244454324 19.34462411701679 0.9023825526237488 0.6829874143004417 38.24190559983253 0.5494665652513504 0 25.39781933277845 0.366966649889946 53.86695899814367 138.3610575944185 75.22242473065853 18.70095727592707 28.26983420550823 0.1086283028125763 730.2761429697275 1.336282581090927 0.2002518028020859 45.97260868549347 127.1443490386009 0.3840317949652672 0 0 3.565820410847664 2.461904667317867 4.320351779460907 0 3.203862309455872 0 25.90485370904207 0.8423003479838371 0 22.9402931779623 73.07383240759373 1.245170637965202 41.49727648496628 0 1.239196419715881 40.81844964623451 22.20364062488079 23.53291469812393 31.70619961619377 169.9623127728701 3045.480404436588 6.072416417300701 2.098323479294777 2.323391228914261 3.707572981715202 0 0 14.86655008792877 2.472471341490746 126.5575488880277 58.64554050564766 91.45015283674002 17.5739777982235 2.447829887270927 0 6.543075166642666 0.7876998335123062
64.40168422460556 10.08217026293278 7875.752607144415 1.084786951541901 5.7040706127882 292.5348475575447 2171.628013394773 1144.083826981485 3.990269213914871 51.71630652993917 78.65632379800081 2.991062112152576 10.39494447410107 902.7755726799369 3.957113035023212 9.566907316446304 7502.219149596989 83.54658117890358 345.3536719679832 1.405642636120319 1037.971618629992 13.87701231241226 12804.29682826251 12.41450375318527 12.77815832197666 9712.705637507141 11811.44421437383 139.6876010969281 212.6143062263727 535.860940001905 19.84049084037542 17.9841370806098 5.164581805467606 844.0030861273408 26.7405743598938 2200.591365471482 7550.39856184274 1929.881753593683 355.5434373393655 38.2153607159853 10.7503599524498 30.75038134306669 4.311794459819794 0.9651979207992554 43.29514241218567 978.8763550519943 0 0 3.094600319862366 19.05368155986071 17.02413605153561 0.9879054725170135 2.523891657590866 2.140469521284103 0 0.7630960643291473 10.39549987763166 0.5741090625524521 57.22990798950195 129.0708809792995 3.096861116588116 31.86004845798016 0 8.421370878815651 56.45312692970037 312.3885905742645 33.08725145459175 0.5708994418382645 103.0464164167643 2522.592452079058 27.64078805595636 2.793962121009827 3.706291027367115 1.22658970952034 0 0 18.55351501703262 7.417635396122932 263.552250161767 173.8892817124724 141.3297991976142 36.9974572956562 1.523198306560516 0.4337844848632812 1.378523871302605 0.7163985967636108
0.1002160087227821 0.1239646300673485 1.084786951541901 2034.156390622258 11.61964834481478 57.15312135964632 86.29302972555161 34.44418277591467 605.7520566061139 2458.943718843162 12.7951782643795 4881.07706258446 2.381879054009914 21.38582433015108 126.5857980325818 0.7743309289216995 0.2382288351655006 3.153842993080616 3.56985928863287 4043.83681447804 0.1532417237758636 1.367225900292397 0.2948068231344223 2034.582395538688 0.1428779512643814 3.206876091659069 3.810535438358784 5995.998105406761 34.24571570008993 0.1099534928798676 0.667307585477829 7.847510136663914 0 18.35278544574976 0.3558692932128906 341.6499301344156 2.40230318903923 120.9628991857171 19.52393161505461 373.1125977784395 14.21079833060503 0 3.42939005792141 0 0 0 176.3466891869903 0 5.637903563678265 33.31221482902765 0.4374741241335869 84.27624121308327 104.2014555186033 0.2378569692373276 215.8853242769837 0 2.140713691711426 3.740601919591427 0.8622329533100128 0 0.1040509939193726 0 118.8450457900763 0.2648047655820847 0.7566239833831787 0 247.2783332839608 0 0 0.3151505216956139 263.5735646337271 1.251118801534176 0.6593830138444901 0 0.2514242827892303 0 1.089673921465874 0.5040495991706848 85.17493238300085 0 3.321673355996609 0.5081441104412079 177.306941613555 0 0 0.5547079592943192
0.5169722214341164 4.223498642444611 5.7040706127882 11.61964834481478 187.4572528153658 862.5864314287901 44.63350033015013 100.1023566797376 128.9310950860381 66.48600579798222 46.49796801805496 256.439580231905 32.07179967314005 12.80888539552689 1906.012542486191 0 3.249343141913414 3.627321355044842 2.560927428305149 25.63409373164177 0.1638582497835159 9.546154230833054 4.816332891583443 55.69986736029387 2.336020484566689 3.410833083093166 14.41144774854183 25.69444196671247 22.71735015511513 2.477857075631618 1.985191062092781 351.5926161780953 0 462.5620772391558 0.593406617641449 158.9109385162592 11.96629747748375 521.3280251324177 74.70959030091763 3766.739997215569 123.6599923148751 4.350603349506855 9.418902561068535 0 0 0.1472842842340469 0.09875430166721344 0 0.4658897072076797 0 0 0.1591795086860657 0.1512967944145203 0 1.616315945982933 0 0 0.1454845517873764 0.4168937653303146 0 0 0 0.5583203583955765 0 0 0 3.173441596329212 0 0 0.1952508389949799 2.428192429244518 0 0 0 0 0 0.4551362693309784 0 1.746536314487457 0 0 0.1005849093198776 1.976742595434189 0 0 0
10.18211444467306 2.362922392785549 292.5348475575447 57.15312135964632 862.5864314287901 17039.3146141693 6624.267789803445 8704.536541834474 79.38983756303787 13242.05266571045 222.3421273827553 3634.013893544674 161.6367509737611 1083.784371584654 2885.786804422736 1.811346217989922 158.5502181351185 43.98123779892921 39.17912323772907 246.2851534485817 13.98204956948757 6.183510802686214 202.9494210109115 63.02827502042055 3.443231754004955 114.9713317528367 68.11195256561041 460.5480657741427 417.5029716491699 65.93933180719614 14.77441808581352 1715.511942692101 3.244084119796753 710.7834986746311 3.408487841486931 919.6896558105946 60.3544237986207 1242.951992571354 359.2632571831346 4302.268856219947 399.3019915521145 10.27135622501373 13.38914073258638 0 0.4856658130884171 1.405038431286812 7.262591138482094 0 0.602306455373764 10.04549771547318 0.1858158558607101 1.593346923589706 10.73238194733858 0.268962025642395 12.31492853909731 0.2332548797130585 0.1143650934100151 0 2.781253188848495 0.1681200265884399 0 0.2466168105602264 5.116838157176971 0.9367722347378731 0.5095931142568588 2.396449640393257 41.37223173677921 0 0.3577826023101807 4.156374178826809 35.82231426984072 0.4308138564229012 0.4868842288851738 0.1332843601703644 0 0.2309634983539581 0.08935824781656265 0.6879659667611122 18.53073235601187 0.3805599510669708 1.368586428463459 1.427225612103939 15.10819540917873 0 1.089441895484924 0.1556190997362137
3204.229277953506 2.273610964417458 2171.628013394773 86.29302972555161 44.63350033015013 6624.267789803445 28151.86087822914 3400.623049840331 313.1399097070098 6923.245932690799 146.1316612288356 1023.039279617369 25.36435910314322 9898.550970435143 134.0710289478302 82.4357637912035 488.0039611682296 43.09062670171261 85.32000336796045 60.00049334764481 465.4704639911652 64.08448180556297 2554.18371707201 1094.723989851773 7.84941253811121 589.3998232483864 1265.117529578507 23975.91679228097 2219.200021423399 8168.385782845318 16.00226122140884 117.2073257192969 124.1429516747594 806.4439434558153 29.48718248307705 8503.2747252509 304.9186052978039 3948.789118036628 860.1385444104671 594.2224924042821 268.9600416570902 10.94030161947012 100.9838259369135 1.865813203155994 1.304064191877842 20.33972129225731 122.1468339711428 0.4780159145593643 19.26592607051134 525.6146320998669 5.15778112411499 101.9785631000996 148.6972904503345 1.666463285684586 44.54901655763388 0.1347343474626541 10.34590403735638 1.156290382146835 149.0615317225456 5.619383506476879 0.3765760436654091 1.279004096984863 92.47544989734888 14.03111405670643 24.46388660371304 108.6391216591001 2060.050303116441 0.1051325425505638 4.847859963774681 94.90664670616388 1629.823105230927 35.80631732940674 38.69466249644756 0.6343127489089966 1.373352773487568 2.31309874355793 16.21731155365705 5.586550503969193 317.049941316247 8.269970171153545 93.88280763477087 37.98886386305094 87.5118281468749 8.1879066452384 9.58086009323597 4.88433600217104
637.9007218331099 0.3087974488735199 1144.083826981485 34.44418277591467 100.1023566797376 8704.536541834474 3400.623049840331 30500.84484656155 2.293375127017498 3754.255343236029 239.3494839072227 293.3314325585961 139.4459942430258 13240.06723322719 51.18311132490635 0.8977178931236267 1415.447060734034 63.91477406769991 183.4386318698525 147.2875087633729 97.11474573612213 0 1607.941929996014 26.92892181873322 5.589839428663254 342.5357251539826 183.6079488247633 97.37985651195049 909.4707405492663 1535.039735741913 12.22207289934158 899.4020657017827 3.344313852488995 911.9292109236121 2.380384244024754 552.9709998518229 130.8156891912222 994.4771312475204 324.1840557381511 1064.154902614653 191.8943104743958 21.80756422877312 9.051828451454639 0.2553038001060486 0.5496188774704933 3.159441359341145 0.6672229021787643 0 0 6.056663013994694 0 0.09815062582492828 0.2421670854091644 0 1.204995416104794 0.09319831430912018 0.4592964500188828 0 1.776769064366817 0.6743790879845619 0 0.1430945992469788 0 0.1548419445753098 0.1049535796046257 1.792224660515785 20.48029630631208 0 4.287497453391552 17.36157110333443 12.5459523499012 0.498416468501091 1.512359648942947 0 0 0 3.227759540081024 0 5.664387747645378 1.799782924354076 1.568185560405254 0.4459483623504639 0.4331769198179245 0 0.1701649725437164 0
0.1568900048732758 797.2705497816205 3.990269213914871 605.7520566061139 128.9310950860381 79.38983756303787 313.1399097070098 2.293375127017498 892.8687497377396 400.6247484833002 6.92969973385334 204.5128118395805 113.6876860186458 5.742282725870609 1250.677554242313 3.996821627020836 21.817503079772 0.9104423448443413 11.61565731465816 288.7071746587753 0.9683617502450943 3361.167695984244 1.676438383758068 14638.92733350396 344.7302144989371 32.28924405574799 1548.145000644028 2776.055687256157 27.1778698861599 9.488912492990494 6.984492525458336 12.55689968168736 3.451664872467518 10.69325777888298 0 131.139238089323 16.93556619435549 43.57784197479486 11.84783969074488 668.8545191586018 7.575120911002159 16.81939835101366 0.5240373164415359 0.8174945488572121 7.708742097020149 2.294925063848495 168.768130145967 0.1130411848425865 4.100196100771427 50.86619407683611 1.733966790139675 64.05212239176035 123.9094233885407 0.3841251879930496 82.24735431373119 2.711638785898685 3.33158653229475 2.599771074950695 16.47546913474798 1.513660877943039 0 0.2989723831415176 120.9733818918467 5.796346172690392 28.06195241212845 3.989730700850487 1494.360260024667 1.179907582700253 7.443945974111557 32.66969072818756 559.4390357732773 10.66648615896702 17.63509405404329 0.6961908563971519 0.3206150233745575 1.381515190005302 3.854322336614132 0.1475446820259094 41.06385283172131 4.793620273470879 14.152602404356 8.363607510924339 12.19202241301537 0.3540137261152267 0.123394250869751 0.5099884122610092
15.44797010719776 0.2526674717664719 51.71630652993917 2458.943718843162 66.48600579798222 13242.05266571045 6923.245932690799 3754.255343236029 400.6247484833002 26619.24863795191 222.4865849092603 6636.470246851444 32.29100465029478 1898.352162770927 268.0149751827121 2.585731849074364 30.55090675503016 57.46154160052538 55.73688102513552 3220.867434665561 3.187021024525166 2.430379495024681 30.16375457495451 345.4177086502314 1.327988810837269 69.14896612614393 65.86260985583067 5361.233302593231 905.8401526510715 14.92736068367958 14.96595107764006 159.8564891070127 3.887423411011696 402.8964817002416 13.96616239845753 3160.572267472744 39.02619926631451 2130.287480704486 340.0306872054935 862.6978154480457 232.7093436419964 3.516017742455006 51.18066962808371 0 0.3839937001466751 0.732976920902729 185.3394846394658 2.034511551260948 16.84446129202843 107.4388806298375 1.997946947813034 109.6912612691522 171.3197813332081 0.2809855565428734 100.9760178700089 0 2.496632032096386 2.724074192345142 4.721605718135834 0 0.2032288387417793 0.1414082646369934 157.3269771412015 0.1292557418346405 0.6942776441574097 3.078523635864258 555.7685646489263 0 0.37553421407938 3.453083679080009 546.4890447258949 5.310482479631901 1.464750342071056 0 0 0.1239655762910843 1.489556200802326 3.097923040390015 142.5971276387572 0.5389911457896233 12.4776706174016 1.911743566393852 228.8699362501502 0.2885168790817261 2.144690275192261 1.395233154296875
14.26316108554602 39.98478178679943 78.65632379800081 12.7951782643795 46.49796801805496 222.3421273827553 146.1316612288356 239.3494839072227 6.92969973385334 222.4865849092603 15083.5765286237 133.7690851539373 3059.819171153009 246.8661494255066 7.216545090079308 0.9926300048828125 958.2633594796062 6328.425236128271 2603.766871020198 48.62203279882669 18.95331952720881 9.852527633309364 115.4677989855409 11.38027963787317 232.747250571847 1694.940661773086 1276.875892475247 26.28239863365889 953.9317724555731 61.91219905018806 852.3428620621562 449.7942129746079 9.128441333770752 8017.78307249397 12.35118267685175 998.8291230797768 8431.350242346525 5703.323481112719 1368.006539598107 41.00204569846392 23.02530935406685 1579.271639108658 12.64068185538054 0 34.5252286568284 3.030312076210976 0 0 0.2165514677762985 1.819611795246601 0 2.121337257325649 0 225.1261013820767 0.942763440310955 1522.471469923854 0 0 0.4320214465260506 2.940586470067501 9.771037042140961 1.806088268756866 0 0.4338098913431168 6.536778263747692 0.695947989821434 10.04950630664825 544.2552760317922 96.60650245845318 678.8699193820357 1.715248204767704 0.3107199966907501 0.9553559571504593 98.80250180512667 0.4226958900690079 0 5.994843617081642 6.449701517820358 32.88294067978859 418.9421438276768 18.43876161426306 1.804591037333012 0.8156955391168594 0 299.9149912521243 0.8420557975769043
0.431086465716362 4.828319430351257 2.991062112152576 4881.07706258446 256.439580231905 3634.013893544674 1023.039279617369 293.3314325585961 204.5128118395805 6636.470246851444 133.7690851539373 8980.101262487471 19.61013864725828 177.1028272360563 2626.003614187241 0 6.13543414324522 31.51840870827436 20.1070424169302 5468.957004763186 0.1116817370057106 12.47600902616978 2.929410897195339 461.4985393434763 3.374703846871853 29.99872583150864 31.54991177469492 2316.528172567487 234.977548673749 1.274539582431316 9.735842056572437 101.1956702023745 0 174.7969908565283 0.2839812934398651 1150.167485952377 15.56496042758226 703.4724408239126 96.79662165045738 2836.297763295472 59.19632788002491 0.9879688173532486 5.406609557569027 0 0.1430164873600006 0.1345459222793579 74.51792325824499 0.6595797762274742 5.649310171604156 21.3157814592123 3.378623649477959 38.75485619902611 47.08058417588472 0.3757196366786957 212.4726146534085 0.1063528135418892 0.2888339161872864 3.62327216565609 0 0 0.2458672896027565 0.1231623888015747 68.90317490696907 0.2020187079906464 0 1.040032863616943 79.28556114435196 1.832533717155457 0.5987681746482849 0.351504921913147 101.0415417850018 2.039390683174133 0.1040878444910049 0.2852373421192169 0.6215373873710632 0 1.094850420951843 0 123.8745869398117 0 5.891771152615547 0.7675089836120605 218.8414351642132 0 1.011510193347931 1.818738341331482
0.3312917426228523 1621.3272677809 10.39494447410107 2.381879054009914 32.07179967314005 161.6367509737611 25.36435910314322 139.4459942430258 113.6876860186458 32.29100465029478 3059.819171153009 19.61013864725828 9346.952688857913 47.59186165034771 6.561693958938122 7.435361661016941 28.66758260130882 90.53074285387993 66.08710441738367 5.947688102722168 9.423179470002651 266.0123934820294 21.03965857625008 137.9794047176838 4149.303850010037 139.719313763082 7455.18406330049 32.25126390904188 112.7058361545205 20.24033178389072 671.2799750864506 139.1888304129243 0.6139010190963745 1311.189930073917 37.65300731360912 2405.437566712499 6330.60040281713 3320.287876166403 884.0604124218225 104.3141135796905 39.06378908455372 2632.793175324798 36.82869920134544 0.2431602627038956 300.9595391079783 5.85656651109457 0 0 0.08211588859558105 4.648886650800705 0.7386821061372757 5.179327547550201 3.101278752088547 515.4047848954797 0.5079920664429665 3749.688435576856 0.3653615787625313 0 1.346510425209999 3.047104015946388 19.68853107839823 9.970266826450825 0 0.301175132393837 12.14912639558315 1.620906718075275 10.30332229286432 2020.3771359846 303.3054424598813 2066.299602515996 3.044005066156387 0.4575856551527977 0.3138033747673035 242.5859298855066 0.14384725689888 0 26.39055221527815 6.952337771654129 412.1587409600616 742.9930464178324 82.48569802939892 31.55374226719141 10.42793279886246 0.8465479016304016 606.0586411654949 0.2933889031410217
10409.34028508514 1.049420371651649 902.7755726799369 21.38582433015108 12.80888539552689 1083.784371584654 9898.550970435143 13240.06723322719 5.742282725870609 1898.352162770927 246.8661494255066 177.1028272360563 47.59186165034771 15711.17111359537 12.99503032118082 4.757298082113266 1480.847804859281 81.98684217780828 224.4314123690128 90.37875112891197 177.1547270044684 1.126390092074871 1877.570708699524 72.72908736020327 2.410729169845581 278.6782718375325 190.7794968634844 183.7424897626042 11977.49467679858 6702.20068050921 14.12290741503239 1022.806077226996 19.06958206743002 1020.519379332662 1.999243438243866 439.5813592076302 111.000147908926 798.7135498449206 136.3687488883734 169.8106820210814 55.29712650179863 7.397725194692612 10.47799845039845 0 0.7324569895863533 4.415964782238007 1.423948213458061 0 0.1237683072686195 7.144540958106518 0.1087242737412453 1.769720882177353 0.9740169867873192 0.1527364253997803 0.6940213590860367 0 0.09466325491666794 0.1490982174873352 2.986979454755783 0.9012581706047058 0 0.9309169799089432 0.2753795832395554 2.494692362844944 0.595437191426754 2.34532730281353 36.97874481230974 0 4.596553787589073 17.38827084749937 40.09658356010914 1.763573989272118 6.801707424223423 0 0 0.1111898720264435 0.8421112820506096 0.1635598838329315 8.103760458528996 2.461412884294987 2.49080815911293 1.142077259719372 1.623214885592461 0 1.723648130893707 0.6049350500106812
0.2798909395933151 35.46989508718252 3.957113035023212 126.5857980325818 1906.012542486191 2885.786804422736 134.0710289478302 51.18311132490635 1250.677554242313 268.0149751827121 7.216545090079308 2626.003614187241 6.561693958938122 12.99503032118082 377.8367511555552 0.1756756007671356 2.643575072288513 1.737748928368092 2.460979104042053 390.762772500515 0.4014875292778015 136.2730582505465 1.026791177690029 1014.255968950689 15.91890230774879 5.948308907449245 133.5922784730792 261.2093114554882 12.95977699011564 0.8835092931985855 0.9520300701260567 589.7989887148142 0.1226050928235054 23.62407787144184 0.2642579674720764 131.5528716892004 3.140548199415207 30.25693243741989 4.86402203142643 989.6711323782802 61.84173808991909 0.8411100283265114 0.1270524710416794 0 0 0.1423695683479309 2.677746437489986 0 0.3969407081604004 3.382827624678612 0 1.901292324066162 2.683732002973557 0 4.079302713274956 0 0 0.141714945435524 1.204247400164604 0.1280424743890762 0 0.5849708616733551 4.911700382828712 0.6698382273316383 1.548965692520142 0.7357042506337166 8.584858663380146 0 0.5946251600980759 1.808861806988716 8.485964961349964 0.812719352543354 0.2450531423091888 0 0 0 0 0 12.05322368443012 0 0.3614161461591721 0 12.15995059162378 0 0.8049994111061096 0
0.1609944403171539 92.28130333125591 9.566907316446304 0.7743309289216995 0 1.811346217989922 82.4357637912035 0.8977178931236267 3.996821627020836 2.585731849074364 0.9926300048828125 0 7.435361661016941 4.757298082113266 0.1756756007671356 3683.600363120437 14.08631582558155 0.3638913035392761 3.065577745437622 0.3664263188838959 6122.42891228199 2206.995026960969 4347.067720092833 3012.010837830603 8.913464911282063 23.94440942257643 6058.265911020339 3402.27137209475 16.37700363993645 457.9442459344864 0.7517079040408134 0.1841453015804291 4.194971039891243 36.64706371724606 18.33536368608475 3291.021025054157 875.0079113543034 379.6181253939867 538.8591474667192 226.9828848391771 2.813619628548622 3.843401990830898 25.96532271802425 2.895415291190147 2.01271490752697 9.939382016658783 0.7875069677829742 0.110092930495739 0.2277046740055084 16.30762382596731 1.477359496057034 8.119467318058014 1.959119066596031 0.6528869420289993 1.280111029744148 0.1894725412130356 7.294980317354202 0.1624022275209427 6561.066166527569 7.918488852679729 0.2668259814381599 2.398336589336395 0.4526985585689545 1080.303935401142 839.718353882432 2162.325350619853 579.7023214697838 0.1553512215614319 5.125104926526546 184.5154953896999 504.4702097326517 70.47273582220078 291.1298995390534 0 0.2933927476406097 13.29257561266422 8.71041464805603 11.74925626814365 95.35210368782282 13.05267064273357 17.26590514183044 11.50525980442762 0.7348921597003937 0 1.863860756158829 0.9343732595443726
138.7619391009212 48.02038532495499 7502.219149596989 0.2382288351655006 3.249343141913414 158.5502181351185 488.0039611682296 1415.447060734034 21.817503079772 30.55090675503016 958.2633594796062 6.13543414324522 28.66758260130882 1480.847804859281 2.643575072288513 14.08631582558155 1707.911326721311 653.4365498051047 7669.165307745337 3.918541595339775 956.3432612940669 22.02385257929564 7978.183267310262 32.77686843276024 7.278665781021118 3461.617947667837 6399.193405248225 47.50248371809721 1609.007498122752 1462.18360029161 17.36269361525774 31.64482769370079 211.7059438154101 2998.804198257625 3.543486133217812 898.9045881927013 2682.931488499045 1599.412850417197 240.2165443450212 19.42737758904696 11.71960032731295 25.61558552086353 4.578946493566036 0.244584247469902 37.21159449219704 278.6046318933368 0 0 0.6755732595920563 3.56205128133297 2.439663469791412 2.32568372040987 0.3323799073696136 0.7847397327423096 0.3034832924604416 4.548474684357643 1.75116454064846 0.3184770494699478 13.84896952658892 116.5322927087545 3.070654861629009 64.83377380669117 0 1.899210244417191 15.80435923486948 31.90301744639874 16.36648093909025 3.608517296612263 282.2972099706531 1122.656359136105 6.982141561806202 0.9453542456030846 4.275599181652069 3.115161411464214 0 0.2929863631725311 8.065792165696621 1.757188692688942 99.85120942443609 163.7378719300032 75.36877555400133 7.067173823714256 2.820116952061653 0.4538341164588928 2.039042487740517 0.1570078879594803
6.519129477441311 6.052761547267437 83.54658117890358 3.153842993080616 3.627321355044842 43.98123779892921 43.09062670171261 63.91477406769991 0.9104423448443413 57.46154160052538 6328.425236128271 31.51840870827436 90.53074285387993 81.98684217780828 1.737748928368092 0.3638913035392761 653.4365498051047 555.5445672050118 2614.219698041677 10.35221759229898 7.365832895040512 1.703723758459091 76.62854013592005 3.24122691899538 2.677091166377068 3664.564695864916 747.9512042924762 7.196414969861507 189.7627717256546 34.18268947303295 155.4103808999062 47.105119779706 11.75678637623787 1199.766712382436 9.623009324073792 1034.999373391271 1439.388835787773 1748.354155831039 478.2710440531373 6.062959834933281 2.253298245370388 30.93750402331352 3.212219096720219 0 4.655831292271614 5.535348147153854 0 0 0 0.8728767186403275 0 0.2796018570661545 0 12.54866509139538 0 117.0276277810335 0.2761197686195374 0 0.1799636781215668 3.214034281671047 6.12633815407753 4.0362808406353 0 0 0.6874090284109116 0.8364625200629234 2.423658065497875 44.07383104413748 105.4238470420241 335.6715519353747 1.079424701631069 0 0 43.26584205776453 0 0 1.553824409842491 7.117233917117119 20.5772111043334 56.05193999409676 6.961735002696514 0.9635689184069633 0 0 1.216080516576767 0
21.5688065290451 44.06117433309555 345.3536719679832 3.56985928863287 2.560927428305149 39.17912323772907 85.32000336796045 183.4386318698525 11.61565731465816 55.73688102513552 2603.766871020198 20.1070424169302 66.08710441738367 224.4314123690128 2.460979104042053 3.065577745437622 7669.165307745337 2614.219698041677 4190.30928542465 12.96683463454247 48.13289959728718 13.69353107362986 525.9925942569971 15.96975085139275 11.50516958534718 7205.625651679933 2601.467821992934 13.87045284360647 389.1166289746761 199.8138400688767 75.76319658011198 34.85812602937222 44.63462564349174 3676.973494157195 12.18076284229755 1767.760900042951 1393.231760129333 2719.285304486752 574.1071692705154 17.5965196415782 2.988743782043457 21.10503734648228 6.715837553143501 0 37.99229779839516 37.35179257392883 0 0 0 0.1521791368722916 0.5875948518514633 0.8232152163982391 0 3.820839770138264 0.2611693814396858 28.07058457285166 0.9332949221134186 0 3.108035445213318 17.01822312176228 4.191271677613258 27.90403164923191 0 0.2350664287805557 3.079732894897461 6.381775833666325 4.582178212702274 10.45182535052299 187.4128409400582 524.7712979838252 2.11756307631731 0.7811188548803329 1.668072566390038 13.55598629266024 0 0 4.805213198065758 4.580716483294964 39.81435247510672 76.58977226167917 22.66378954052925 2.765209957957268 0 0 0.2734042704105377 0.3336121141910553
0.1286934614181519 0.6320697367191315 1.405642636120319 4043.83681447804 25.63409373164177 246.2851534485817 60.00049334764481 147.2875087633729 288.7071746587753 3220.867434665561 48.62203279882669 5468.957004763186 5.947688102722168 90.37875112891197 390.762772500515 0.3664263188838959 3.918541595339775 10.35221759229898 12.96683463454247 1098.413586765528 0.5490425899624825 0.1982786059379578 1.335366301238537 659.133376955986 0.3383584320545197 9.7334915548563 7.753791458904743 3656.356198817492 121.8962856158614 1.02640724927187 3.343288876116276 31.89189482480288 0.1047786921262741 73.61559343338013 0.7892820984125137 694.3308034017682 8.564027212560177 360.0565435215831 50.18338354676962 765.8793457821012 43.26549012959003 1.424354873597622 11.20689268410206 0 0 0.2721069753170013 61.33453092724085 0 5.620103150606155 21.7746679931879 1.639630079269409 49.41251009702682 70.14025220274925 0 82.33678806573153 0.5103700011968613 0.2764769494533539 2.146174982190132 0.3513936102390289 0 0 0 51.2380144149065 0 0.5057563781738281 0.1678684502840042 155.1783609390259 0 0 0.1602621227502823 156.7419472336769 0.5599522963166237 0.1541438549757004 0 0.380281388759613 0 0.2042455971240997 0.4256331622600555 66.75592911243439 0 1.181348524987698 0.6363483518362045 166.2967866584659 0.4256238043308258 0 0
21.08781191706657 2.383997842669487 1037.971618629992 0.1532417237758636 0.1638582497835159 13.98204956948757 465.4704639911652 97.11474573612213 0.9683617502450943 3.187021024525166 18.95331952720881 0.1116817370057106 9.423179470002651 177.1547270044684 0.4014875292778015 6122.42891228199 956.3432612940669 7.365832895040512 48.13289959728718 0.5490425899624825 24044.38641039282 64.00342179834843 28856.04922626913 606.0602367967367 9.485910579562187 92.87408000230789 2880.570518419147 8686.108195364475 298.2335276827216 15661.70454592258 1.907827287912369 5.194944567978382 38.99581080675125 3904.100144088268 48.45218005031347 10576.69809235632 2239.091444373131 5863.937887407839 3288.138618595898 675.8953694701195 15.80676254630089 18.54570487141609 94.64594769477844 2.354096829891205 0.9915587082505226 13.14186117053032 1.110816419124603 0.1262140572071075 1.815322950482368 24.82070007920265 1.202873572707176 5.068339422345161 1.834293991327286 0.3430877923965454 0.2015173882246017 0 8.760287523269653 0.4094843566417694 1018.54516402632 6.763020530343056 0.8091663867235184 2.974558219313622 0.3082743883132935 550.1822062134743 75.87801161408424 306.3881506100297 356.7781238555908 0 3.25632768124342 160.9126028865576 535.4372480660677 102.5810778439045 330.1591506972909 0.1227406486868858 0.1087622046470642 16.8607190772891 18.46575535833836 42.62573832273483 126.0584950149059 10.77815651148558 16.53642866760492 10.82580196112394 4.395583719015121 0 6.963099047541618 1.73871536552906
0.1313357055187225 2337.151471748948 13.87701231241226 1.367225900292397 9.546154230833054 6.183510802686214 64.08448180556297 0 3361.167695984244 2.430379495024681 9.852527633309364 12.47600902616978 266.0123934820294 1.126390092074871 136.2730582505465 2206.995026960969 22.02385257929564 1.703723758459091 13.69353107362986 0.1982786059379578 64.00342179834843 3331.465264230967 79.19488959759474 10293.47740531713 880.1180023401976 51.19432479143143 4312.210008129478 512.2306656464934 2.407294407486916 6.260196723043919 9.231666214764118 1.016853474080563 0 10.3733236938715 0.3167944252490997 73.56884323060513 37.58891986310482 41.86779892444611 10.99020951986313 140.859595246613 0 52.40422957390547 1.285492673516273 1.209847643971443 102.0789233148098 15.12104269117117 1.264079988002777 0 0.4685625582933426 7.979913122951984 0.392765149474144 8.051857694983482 3.612462721765041 1.44870613515377 0 7.776843629777431 3.250511564314365 0 2133.271554328501 3.424049265682697 0.8059495687484741 2.015992403030396 0 183.2165358737111 220.6501400321722 494.6885088458657 493.6380764320493 2.713507264852524 12.89470192790031 456.6643486991525 240.4680030867457 18.85923428833485 55.71600046753883 1.116142585873604 0.1103243008255959 3.170354872941971 3.262697279453278 1.174022540450096 45.01514656841755 10.82680170238018 12.99550244957209 5.848171450197697 3.468067228794098 0.6457675993442535 0.2822466716170311 0.1172298118472099
215.2198683172464 6.305992096662521 12804.29682826251 0.2948068231344223 4.816332891583443 202.9494210109115 2554.18371707201 1607.941929996014 1.676438383758068 30.16375457495451 115.4677989855409 2.929410897195339 21.03965857625008 1877.570708699524 1.026791177690029 4347.067720092833 7978.183267310262 76.62854013592005 525.9925942569971 1.335366301238537 28856.04922626913 79.19488959759474 29450.33200729638 196.7486376538873 14.49514603614807 1187.962054878473 17665.78637715429 2542.558309026062 596.9487950876355 8713.003371015191 10.05673938244581 24.47624549269676 46.46495578438044 3607.846231266856 107.9598891213536 14333.7459122166 9893.660393789411 8395.37213999033 5238.531192362309 1271.468569509685 27.02674679458141 39.73958967626095 146.1590876877308 0.5322020724415779 2.721227504312992 298.1479371786118 0.1708950251340866 0 3.165185153484344 29.66314190626144 6.12455952912569 0.8879368752241135 3.348661601543427 0.3359426558017731 0.4871322959661484 0.7229572236537933 3.192770160734653 0 2712.520475894213 13.8933959454298 0.3593244999647141 4.771663874387741 0 239.7842516079545 287.1597921475768 2599.858121879399 138.41730838269 0.3938575387001038 14.8770310357213 2158.718107506633 98.21053346991539 18.997513666749 82.8621633425355 0.1448106318712234 0.1973994374275208 4.802882991731167 13.71985325962305 125.9212600588799 182.0902784541249 55.60368427634239 58.93174561858177 34.06800503283739 2.733713299036026 0 4.495100736618042 4.296836644411087
12.62476696819067 1061.322432182729 12.41450375318527 2034.582395538688 55.69986736029387 63.02827502042055 1094.723989851773 26.92892181873322 14638.92733350396 345.4177086502314 11.38027963787317 461.4985393434763 137.9794047176838 72.72908736020327 1014.255968950689 3012.010837830603 32.77686843276024 3.24122691899538 15.96975085139275 659.133376955986 606.0602367967367 10293.47740531713 196.7486376538873 8544.321439795196 403.0228717252612 58.5393101349473 5251.214689150453 9347.829059936106 186.3928287699819 352.4758920371532 6.183459959924221 12.46479711681604 24.20222555100918 115.5952783674002 7.608488216996193 2331.09927380085 89.60282499343157 535.5188487395644 168.8955697789788 716.7930514663458 40.96740716695786 34.89603099226952 12.27619345486164 12.52232664823532 7.709865733981133 14.49793627113104 324.2201622202992 0.4513230174779892 37.42266318202019 903.2588849514723 16.53896097093821 1041.170139804482 345.076676748693 8.625596106052399 117.2361129447818 3.791902020573616 56.66987425088882 2.505086958408356 1000.051389522851 12.46152118593454 2.395597122609615 7.080734506249428 227.0844156891108 332.9844583496451 280.2786852642894 254.6593386828899 8548.497093044221 2.174199521541595 17.07998119294643 124.661248780787 5231.909556224942 237.0722198113799 618.1023981720209 0.9239191189408302 2.572003193199635 29.6222597360611 53.68811506032944 6.883816659450531 910.6719571873546 26.49452247470617 228.4453482553363 121.3561236336827 214.1066480651498 20.97802695631981 22.21859830617905 10.68548196554184
0 3299.800265341997 12.77815832197666 0.1428779512643814 2.336020484566689 3.443231754004955 7.84941253811121 5.589839428663254 344.7302144989371 1.327988810837269 232.747250571847 3.374703846871853 4149.303850010037 2.410729169845581 15.91890230774879 8.913464911282063 7.278665781021118 2.677091166377068 11.50516958534718 0.3383584320545197 9.485910579562187 880.1180023401976 14.49514603614807 403.0228717252612 669.9600701183081 17.48194757848978 3977.538934648037 20.91391984373331 5.502227403223515 17.15590508282185 25.14048480987549 5.693370491266251 0 335.5851040631533 15.82421441376209 749.6017386242747 469.0931437015533 846.4648984819651 172.1027476191521 33.99137678742409 3.714529633522034 1455.157960176468 18.55795842409134 0 413.5520083904266 14.66964749991894 0 0 0.09861447662115097 3.673519447445869 0 0.1537314057350159 0.1208195686340332 40.17490489780903 0 231.5886687114835 0 0.3600270450115204 2.165189132094383 5.245837643742561 1.252444252371788 13.47444728016853 0 0.4566916227340698 3.593413412570953 0.7632483541965485 5.749034233391285 131.5058401077986 119.9850831925869 496.1724264845252 3.064702048897743 1.403698205947876 0.5407741516828537 10.15910647064447 0 0 21.25679363310337 0 238.4312125146389 134.1586957722902 33.64920799434185 3.477944433689117 4.001296736299992 0 73.97330468893051 4.695746421813965
19.86539819836617 105.4936547353864 9712.705637507141 3.206876091659069 3.410833083093166 114.9713317528367 589.3998232483864 342.5357251539826 32.28924405574799 69.14896612614393 1694.940661773086 29.99872583150864 139.719313763082 278.6782718375325 5.948308907449245 23.94440942257643 3461.617947667837 3664.564695864916 7205.625651679933 9.7334915548563 92.87408000230789 51.19432479143143 1187.962054878473 58.5393101349473 17.48194757848978 30112.49147856236 18148.7502791062 57.12835182994604 233.5347235351801 115.2077806815505 436.1282649561763 42.55780325829983 12.89493057876825 796.8157379850745 20.10440482199192 3927.878816202283 6319.481054410338 2600.560776099563 679.7671629935503 41.81891719996929 6.541794449090958 96.32185532152653 6.344774231314659 0.575469970703125 168.1692934930325 259.6358235105872 0.1747406274080276 0 0.1101233661174774 3.651842430233955 2.468798108398914 6.497401237487793 0 35.96260837465525 0.232361763715744 398.9994842112064 3.073560155928135 0.4855993092060089 15.24776273965836 124.822142072022 46.19703518599272 181.3674309030175 0 3.516378253698349 21.43050725758076 20.78822372108698 28.73779675364494 204.482126057148 1424.976422458887 4186.033040478826 5.777543671429157 3.60702919960022 8.977810576558113 121.7557473927736 0.2227380648255348 0.2046474665403366 27.4600937962532 8.94028052687645 200.5100301578641 493.4770179912448 157.7598139718175 15.44911723583937 1.343429893255234 0 4.93511201441288 0.8357440978288651
17.38621355593204 5367.232244454324 11811.44421437383 3.810535438358784 14.41144774854183 68.11195256561041 1265.117529578507 183.6079488247633 1548.145000644028 65.86260985583067 1276.875892475247 31.54991177469492 7455.18406330049 190.7794968634844 133.5922784730792 6058.265911020339 6399.193405248225 747.9512042924762 2601.467821992934 7.753791458904743 2880.570518419147 4312.210008129478 17665.78637715429 5251.214689150453 3977.538934648037 18148.7502791062 54160.40307028592 3832.810003958642 187.3416092842817 213.5455898866057 2412.689789012074 24.87643168866634 12.82604982703924 2620.88864351809 109.1637781560421 10441.08064174652 6362.677176304162 7619.849984794855 1939.916143804789 450.9681733548641 20.39637333154678 134.0827996134758 62.55360092222691 2.975254490971565 2461.107101783156 3339.565605841577 0.9231612533330917 0.4124138876795769 10.88614808022976 109.164886623621 57.99603410810232 28.76147253811359 14.12105603516102 110.265597641468 1.013370931148529 1044.592273764312 38.42678474634886 1.952987939119339 3228.034018054605 784.1498240157962 86.87327043712139 580.9400510191917 0.2076501697301865 138.5908542275429 1207.756182536483 4617.899731621146 335.6484175175428 669.5937637016177 3664.117696933448 27524.80205848813 207.7823525965214 26.52578293532133 74.98085287958384 284.265945032239 0.3548207655549049 3.587807580828667 192.4281505271792 88.5145116224885 1568.246473386884 1313.927339404821 1070.411715850234 229.370437733829 20.3663232550025 1.515528194606304 33.85076408088207 10.24407652020454
19.71743968874216 19.34462411701679 139.6876010969281 5995.998105406761 25.69444196671247 460.5480657741427 23975.91679228097 97.37985651195049 2776.055687256157 5361.233302593231 26.28239863365889 2316.528172567487 32.25126390904188 183.7424897626042 261.2093114554882 3402.27137209475 47.50248371809721 7.196414969861507 13.87045284360647 3656.356198817492 8686.108195364475 512.2306656464934 2542.558309026062 9347.829059936106 20.91391984373331 57.12835182994604 3832.810003958642 22915.61405042559 530.8554442748427 16116.07187767327 2.299233287572861 28.61326021701097 104.719475902617 820.7520057111979 30.78282685577869 9130.92671982199 345.4583353996277 2583.984398163855 960.7987611442804 706.8444086611271 119.8882587254047 38.87526974827051 75.13241598010063 11.50945102423429 1.112208224833012 18.9938753247261 488.8395794481039 0.2576311230659485 48.84820626676083 993.5687199756503 17.4271786659956 529.6067347452044 500.4687863439322 5.618593528866768 262.3330070003867 0.1525649726390839 49.64918362349272 5.248981587588787 599.8843738511205 14.2800876647234 2.245320677757263 7.744858764111996 362.3961406126618 326.9879414066672 88.68769373744726 197.6831535771489 5826.234387099743 0.2493669539690018 6.72944974899292 88.51492119580507 4716.957412913442 236.1999273747206 689.0566032528877 0.1396055072546005 2.356555879116058 27.40424317866564 57.3031612187624 7.984828740358353 912.9744039401412 22.33055480569601 190.5151332840323 87.76528703421354 463.4713041856885 15.20301827043295 49.56746632605791 11.8984812349081
