841.3153471574187 0 191.9018522500992 2.280676983296871 0 7.767240434885025 1494.775795407593 296.880129866302 0.267570823431015 16.40652055293322 8.386813156306744 0.9436246603727341 0.7219967171549797 4723.097707048059 0 0.4661196172237396 312.4751534089446 10.38923420757055 53.2788707241416 0.9963636547327042 27.70651222020388 0 140.761996537447 17.77246440947056 0 189.0765541791916 37.59717899560928 64.07661090791225 4152.176756881177 2031.876089721918 0.1600600779056549 2.450394697487354 78.5520271062851 197.5028661563993 0.7880472540855408 41.85922564566135 11.51893362402916 72.01340710371733 24.48995008319616 2.162359617650509 0.4145226627588272 0 0.6722158640623093 0 0.1623699218034744 0.107145644724369 0.137020155787468 0 0 0.9632377773523331 0.334467239677906 0.808904767036438 0 0 0 0 0 0 2.326221585273743 0 0 0 0 5.064740747213364 0.1841599196195602 0.5695718377828598 15.44318486005068 0 0.7484438270330429 1.275251679122448 11.18487698584795 0.3053637146949768 1.608421735465527 0 0 0 0.1775576621294022 0 7.335442274808884 0.09476969391107559 1.106581926345825 0.4929332137107849 3.755809843540192 0 0 0
0 993.3404554054141 9.453733213245869 0.1611993759870529 0.2458109632134438 0.817358709871769 16.23444759845734 1.943413503468037 398.2268702611327 0.3778535723686218 102.7559558004141 2.197185128927231 1197.705556496978 3.074850797653198 16.01249756664038 390.6607291474938 33.53942506015301 24.6987080425024 69.15143458545208 0.1167283281683922 19.88471231609583 3075.212594017386 15.64375256747007 1181.832151249051 2790.319811649621 375.853764206171 7754.85132136941 87.98730189353228 1.486582547426224 6.463774546980858 89.80918391793966 0 0 44.44733853638172 0 26.06495518237352 84.85218127071857 67.9991674721241 6.897735126316547 16.37270691245794 0.2983056604862213 209.4573718681931 0 0 645.7085500732064 109.3688895702362 0.3503107130527496 0 0 0.5634039267897606 0 0.6216255053877831 0.0844912976026535 10.69784926623106 0.3312462866306305 49.54058387130499 0.1369009017944336 0 6.647030979394913 3.011827349662781 3.894488610327244 10.22538340091705 0 0.6858729496598244 35.33734986931086 9.816631756722927 2.393601164221764 33.47971544414759 353.7755342796445 815.4932785257697 1.932640343904495 0 0 11.91561368852854 0 0 4.475823849439621 0 11.0787626132369 13.05432388931513 16.58902237564325 2.915008172392845 0 0 1.493902906775475 0
191.9018522500992 9.453733213245869 6687.26582441479 3.852649785578251 0.1183164864778519 74.60410100966692 1299.562109328806 800.2002955824137 0.4855785071849823 14.595463514328 9.06816541403532 2.988572150468826 3.54538282752037 1108.651002518833 0.5622454881668091 5.167820155620575 2995.48558922857 34.00572918355465 131.9866638332605 1.437989741563797 1496.399512983859 12.33670420944691 9683.543144598603 8.635122187435627 0.3843726515769958 8042.110064864159 5659.263898074627 234.9888165742159 143.2022144496441 1508.076803185046 4.159741476178169 0.1347981095314026 3.955438680946827 1119.000456683338 49.16314996778965 2518.119817234576 3413.218723125756 2765.278029426932 683.3570951148868 98.72856422513723 1.8428093791008 3.820143990218639 11.59582059085369 0 18.35411451011896 645.7627108618617 0 0 0 2.872368276119232 0.1494390070438385 0.6263337805867195 0 0 0 0.2390158995985985 0.4263910502195358 0.5270715355873108 29.47759682685137 5.203785598278046 0.2009551376104355 0.9766721799969673 0 7.087357945740223 28.7768452912569 127.5786990225315 19.63532966375351 0.9387815147638321 41.69221698492765 1698.103120289743 9.313833095133305 0.7511647045612335 5.952943682670593 0.5509225130081177 0 0 1.927453860640526 11.05761247873306 17.37309350818396 7.64538399875164 7.126608282327652 2.034805327653885 0.3846642524003983 0 0 0
2.280676983296871 0.1611993759870529 3.852649785578251 2830.802889548242 4.101374171674252 103.9522505402565 278.9672583416104 61.31768564134836 1106.005370140076 3256.99721840024 10.6086852401495 6674.039479330182 1.172282218933105 50.00351493805647 182.8860880434513 0.4392129182815552 0.8574091270565987 3.582649223506451 2.487601637840271 3997.085657201707 0.4261017814278603 0.1133217662572861 0.4922429025173187 1219.414425306022 0 8.166212260723114 2.702141098678112 3654.897627472878 84.03565660119057 1.31100756675005 0.3094162493944168 3.552901320159435 1.566344439983368 44.78019911795855 1.705324098467827 235.441349029541 3.833005174994469 114.1376562565565 59.53219541162252 529.9700278490782 14.32001061737537 0 4.048033639788628 0.5259192064404488 0.2998324632644653 0.5561863929033279 198.3012927919626 0.3857678025960922 24.61031138151884 89.47472915798426 10.36269926279783 43.36599516868591 180.037946715951 0.1434392333030701 232.5421278551221 0 6.331670515239239 2.76793971657753 0.8723538368940353 0 0.5781537294387817 0 131.7072697430849 0.5831490308046341 0.5568186044692993 0.1189379841089249 198.8159877210855 0 0.2060542404651642 1.479083463549614 153.6782589182258 2.137596502900124 0.3377228751778603 0 0.1078896597027779 0.112851046025753 1.194947771728039 0.4385057389736176 151.8542471975088 0 2.203832939267159 0.6141083538532257 194.2584385946393 0.3358372300863266 0 0
0 0.2458109632134438 0.1183164864778519 4.101374171674252 72.20305877178907 719.4757157862186 4.247644379734993 70.69621915370226 13.21164213865995 6.271419562399387 7.262990929186344 130.1665376797318 3.800084978342056 4.064348600804806 903.1951328217983 0 0.09497702866792679 0.6243298128247261 0.2493887841701508 5.405830703675747 0 0.3412307053804398 0 3.65639528632164 0 0.5155055224895477 0.4838380068540573 1.527212172746658 36.74132264405489 0.1198191046714783 0.1605627983808517 604.4790451750159 0 46.39449745416641 0 24.56682805716991 0.1295474618673325 51.50506790727377 39.70073460042477 826.7184093892574 21.69480411708355 0 0.3097677230834961 0 0 0 0 0 0 0 0 0 0.5700289607048035 0 0 0 0 0 0 0 0 0 0 0 0 0 0.2767027765512466 0 0 0 0.467114046216011 0 0 0 0 0 0 0 0.1544269770383835 0 0.329547643661499 0 0 0 0 0
7.767240434885025 0.817358709871769 74.60410100966692 103.9522505402565 719.4757157862186 10137.44231235981 4855.196588672698 10381.36044430733 88.8604943677783 7204.09871583432 101.4513265714049 5115.512989379466 24.91182857006788 942.9975514858961 3129.988872617483 0.9022886455059052 11.20411702990532 36.06962884962559 30.49823179841042 140.3181451410055 7.869435705244541 0.8947713673114777 14.87818134576082 87.50298272073269 0.9567910954356194 84.39197508990765 32.30657375603914 1012.753562666476 1102.192720338702 18.6428761780262 4.050185725092888 1590.985744655132 3.345571808516979 887.4579246491194 7.720524683594704 656.3376743420959 16.05309166759253 666.1800954341888 317.1075999215245 4068.625556044281 399.7128613516688 10.50832106173038 15.80960999429226 0.5705519318580627 0.2876990437507629 0.4081643894314766 23.77970027923584 0.2329093366861343 3.540538616478443 22.84545815736055 4.681577980518341 3.327625676989555 20.04943814128637 0.1992658376693726 29.35295139998198 0 4.17130383849144 0.5479383915662766 1.727956704795361 0 0 0 16.74981793761253 0.5852127373218536 0.1962554156780243 1.351558849215508 42.78496484458447 0.3884384408593178 0.9346434623003006 2.533816210925579 33.86132697761059 0.2125702351331711 0 0 0 0 0 0 78.9181622415781 0.5261065512895584 1.21679250895977 0.1569139063358307 54.72396964579821 0.1675492972135544 0 0
1494.775795407593 16.23444759845734 1299.562109328806 278.9672583416104 4.247644379734993 4855.196588672698 24329.31604506075 3771.90199585259 234.2113570943475 10057.34065745771 64.18888246268034 199.556979238987 10.22051117569208 6254.324697069824 27.13233277201653 18.21410959213972 86.36487262696028 26.74718888103962 34.33635456860065 414.2651381343603 413.2381268888712 13.91588955372572 874.3506070822477 1007.163297042251 3.702170848846436 413.5025751143694 734.4768329709768 22630.6573150754 2188.465188518167 4510.876226387918 3.895447924733162 20.90519555658102 239.4445660412312 978.8019423931837 130.7975840121508 3420.655098348856 174.8790855929255 2199.770319581032 1444.402550190687 910.730730496347 251.0953196138144 9.422085091471672 86.00739639997482 4.388016149401665 2.246532343327999 19.52402819693089 114.2845737785101 0 21.14866408705711 682.9209671840072 91.05591268092394 56.72302214801311 130.3282213360071 7.862139858305454 68.19521904736757 0.3799923360347748 64.83653879910707 1.448376625776291 92.0035737156868 0.2833579108119011 2.229354798793793 1.047677256166935 60.37092251330614 32.90425756573677 13.53158438950777 79.2776663005352 1027.150130115449 0.09201876074075699 9.126427859067917 78.56778904050589 798.7490918040276 22.46827624738216 50.42195253819227 0.9745513722300529 1.819741271436214 0.112891398370266 9.204767398536205 8.617209047079086 283.4814658388495 0.3422126770019531 46.00444965809584 10.69113187491894 201.5094588622451 8.928064040839672 0.5897431969642639 0.2257714569568634
296.880129866302 1.943413503468037 800.2002955824137 61.31768564134836 70.69621915370226 10381.36044430733 3771.90199585259 13611.08947572112 10.37793597579002 1829.307612933218 357.0339152291417 979.9976061210036 33.7370717227459 8202.187887392938 240.7452132180333 0.5337578132748604 644.3187569752336 158.6864128559828 268.9838571920991 129.8394508510828 48.64939066767693 1.03395003080368 278.1129374578595 199.8418811783195 1.436961159110069 930.309934720397 166.2281193807721 518.9079788774252 3641.100693233311 1029.459601387382 8.897786781191826 1045.836441583931 12.11507949233055 1111.668398424983 6.582280613481998 588.497856721282 54.62594803422689 957.6353875473142 365.4847522303462 1396.583340808749 106.9008405134082 13.36302777379751 15.28099725395441 1.458142936229706 0.9036688357591629 2.574338786303997 9.634254738688469 0 2.07951395958662 75.44283043593168 8.557952485978603 6.562979474663734 13.28789290040731 0.8632128685712814 7.355026833713055 0.1932098045945168 7.927561804652214 0 11.62580661475658 0 0.1063640266656876 0.2355397343635559 6.224673546850681 14.27258294820786 0.1191117316484451 4.643539696931839 146.0080960020423 0.7708932161331177 4.613268606364727 9.816989451646805 135.1961811631918 4.706123411655426 19.50916989147663 0.2248522192239761 0.40838523209095 0.5819592475891113 2.471390172839165 0.157070055603981 75.57552522420883 0.1210293024778366 6.442862458527088 1.394823893904686 30.44368527084589 0.2924049198627472 0.2918037474155426 0.6667541116476059
0.267570823431015 398.2268702611327 0.4855785071849823 1106.005370140076 13.21164213865995 88.8604943677783 234.2113570943475 10.37793597579002 804.303315743804 372.3022046461701 8.115156754851341 697.3008359521627 42.27562370896339 4.211152717471123 721.3273705393076 6.724378734827042 0.1718342155218124 4.944213137030602 2.913178332149982 791.1472538933158 5.187451995909214 2649.55792389065 2.004904642701149 9885.641308933496 107.8247896134853 46.44912602752447 208.623846180737 1785.837434433401 8.534038968384266 8.593481324613094 6.213334195315838 2.010829463601112 0 4.860862508416176 0 101.771130502224 6.645361423492432 7.836961530148983 5.274291813373566 385.6777484714985 3.590594843029976 13.2504823282361 0.8166977167129517 2.587690010666847 1.792998120188713 0.5891601964831352 203.2484484687448 0 15.07031209766865 211.614852540195 27.09484928101301 85.45046285539865 135.9021284878254 4.065003208816051 129.3737454339862 3.762328676879406 18.41286060214043 4.792773768305779 247.8854431957006 0.6915711611509323 0.3868114352226257 0.2028247117996216 108.181181050837 102.4026701748371 122.0429526492953 24.64538043737411 1376.7565157637 1.017080567777157 4.474969305098057 5.5827616751194 506.22375100106 11.00640922039747 13.78520400822163 0.9726466536521912 0.137053370475769 0.4864273220300674 2.257314525544643 0.2291290462017059 28.90958561003208 1.042747497558594 10.13476449251175 0.5611210390925407 49.01099024713039 0.3888644129037857 0 0
16.40652055293322 0.3778535723686218 14.595463514328 3256.99721840024 6.271419562399387 7204.09871583432 10057.34065745771 1829.307612933218 372.3022046461701 28838.27205815911 83.95723439753056 3768.013434559107 10.21145337074995 796.1209023818374 72.74553069472313 1.032435111701488 8.015187852084637 39.68552254140377 39.3679019510746 2712.520720131695 8.477929167449474 0.3348353356122971 9.305262893438339 411.6201109215617 0.9241989776492119 76.32025665044785 30.33605592697859 7075.176533691585 701.0938265398145 6.299387991428375 3.933501057326794 18.65429243445396 4.298671275377274 363.1913297995925 6.734295517206192 513.5136119574308 17.04123941063881 990.1748794466257 292.1448109000921 386.6347755119205 81.9805176705122 3.322364874184132 18.06970461457968 0.4085921496152878 0.2884948626160622 0.6009920984506607 150.1631994098425 0 22.00995651632547 138.8948105871677 19.55745176970959 27.95060937106609 136.6360499635339 1.35581897944212 152.8360080868006 0 10.33390632271767 1.533789739012718 0.343401163816452 0 0.1094648838043213 0.3359649777412415 97.39377507567406 0.5623920485377312 0.5660892874002457 0.431830033659935 244.6558910831809 0.09717968106269836 0.8012381345033646 2.996341280639172 170.2721022590995 2.532277271151543 1.657720595598221 0 0.1267639845609665 0 0.690672293305397 0.253364086151123 157.3400201424956 0 3.570007100701332 0.4290386140346527 173.2079396992922 1.820934146642685 0 0
8.386813156306744 102.7559558004141 9.06816541403532 10.6086852401495 7.262990929186344 101.4513265714049 64.18888246268034 357.0339152291417 8.115156754851341 83.95723439753056 8464.038725733757 81.84886781126261 2894.650236353278 372.7122053056955 0.4045522585511208 2.331052012741566 376.4455072358251 1801.465785101056 779.4284267276525 16.93336894363165 12.65957432240248 36.12955489754677 34.03698912262917 20.20659064501524 488.1982890218496 2010.298499777913 510.980081371963 30.11056002229452 320.940946303308 21.25259459763765 528.2634511440992 156.9825204759836 8.09320268034935 8012.418575637043 4.638329952955246 447.3172133341432 5315.486008450389 3289.092562332749 633.2368793413043 66.75603337585926 80.30792570859194 1483.660801410675 11.80986802279949 0 17.46884725242853 0.9738409593701363 0.9229299873113632 0 0.9672051072120667 5.039747849106789 1.225364699959755 0.4758167341351509 0.3382473886013031 289.3040089309216 0.3100032061338425 917.0788284614682 1.554591581225395 0 0 0 6.118685573339462 0.1504568755626678 0.6879900246858597 0.2309487164020538 1.024167813360691 0 7.024041086435318 103.8842330127954 102.5165085196495 106.6812721788883 6.977627918124199 0.2420140653848648 0.2114507034420967 204.6511472165585 0.1116362065076828 0 26.05302156507969 0.245222732424736 7.861918106675148 403.9116831570864 30.1067381799221 0.31641985476017 0.3269879817962646 1.190334692597389 250.9503098800778 0.2952222228050232
0.9436246603727341 2.197185128927231 2.988572150468826 6674.039479330182 130.1665376797318 5115.512989379466 199.556979238987 979.9976061210036 697.3008359521627 3768.013434559107 81.84886781126261 8394.31204418093 7.95738160610199 333.0415247753263 1923.923906892538 0 4.896883592009544 32.5332407578826 29.47776158154011 6877.21512760222 0.8397376462817192 17.65916798263788 1.659203879535198 1281.95700186491 1.348573081195354 51.69722560793161 12.88008203357458 1917.843842200935 379.1409272477031 3.488689102232456 3.333828821778297 72.46514496952295 0.351080447435379 156.6449526771903 0.7358208298683167 308.0441250801086 4.691553838551044 405.4212141484022 65.27002576738596 3232.772063337266 39.77155541628599 1.93793785572052 3.193879559636116 0 0.1179819628596306 0.1135446578264236 200.0451919361949 0 21.6828612908721 21.73138993233442 6.825130917131901 15.80286253988743 132.1413805484772 0.6942150667309761 552.7031353488564 0 3.452818058431149 2.872509449720383 1.010732278227806 0 0 0 140.7616112455726 1.346499651670456 0.997259184718132 0.8685052692890167 74.65455928444862 0.3102905452251434 0.5786710977554321 0.4061372950673103 48.37272494286299 1.056735165417194 0.1686849743127823 0.1049598306417465 0 0 0.2113759517669678 0.4753327965736389 122.8933033943176 0 2.139173768460751 0 147.5419372245669 0.2957947254180908 0 0
0.7219967171549797 1197.705556496978 3.54538282752037 1.172282218933105 3.800084978342056 24.91182857006788 10.22051117569208 33.7370717227459 42.27562370896339 10.21145337074995 2894.650236353278 7.95738160610199 4239.45841165632 15.18911128491163 1.661721132695675 8.470141470432281 4.54812977463007 38.92602714896202 7.975734986364841 2.217397883534431 10.26319237053394 216.2348044961691 16.56473354250193 87.9753895252943 5016.847603917122 271.3081916943192 2122.826681807637 13.76406019926071 12.81911738961935 8.312602989375591 958.9493519961834 20.46988168358803 0.2271973341703415 590.5613586679101 19.65702286362648 1164.953657142818 5527.576242946088 3028.135216571391 271.7429110258818 73.49409173429012 45.55006267875433 2027.649823963642 22.05829886347055 0 93.4369138404727 1.374235548079014 0 0 0 7.437638640403748 1.249352596700191 0.3327550441026688 0 675.2549203932285 0.2107481807470322 1894.057312101126 1.027555584907532 0 0.1549907773733139 0 10.88902698457241 1.960732698440552 0 0.643170103430748 2.164148449897766 1.680342458188534 3.05380292236805 486.7708383873105 210.9717167019844 263.0200229361653 1.053362093865871 0.2345728129148483 1.153077960014343 433.6561655849218 0.4978444576263428 0 40.75225162506104 11.56463637948036 545.7967189848423 828.580371581018 42.30689863860607 10.62522796541452 6.273749053478241 1.805759027600288 351.2717847302556 1.36470228433609
4723.097707048059 3.074850797653198 1108.651002518833 50.00351493805647 4.064348600804806 942.9975514858961 6254.324697069824 8202.187887392938 4.211152717471123 796.1209023818374 372.7122053056955 333.0415247753263 15.18911128491163 10880.34085574746 6.272706352174282 0.8997248932719231 1090.214758239686 179.2758414298296 360.2477257922292 78.05907052755356 98.16780849546194 2.213503077626228 500.4146140441298 143.2293706387281 1.253900527954102 1158.818988613784 243.3172139003873 467.2208708003163 7448.621167950332 3119.098058223724 8.322403445839882 153.4946942850947 31.39629692584276 1468.752108208835 10.81984241306782 461.3896189108491 61.6276518702507 1175.930902138352 233.4379406347871 326.8619538396597 30.70415371656418 3.026636406779289 12.03267775475979 1.055851608514786 3.642198830842972 1.340410880744457 7.549552530050278 0 1.084719993174076 49.73658252507448 8.211416259407997 2.757510811090469 11.76089559495449 0.8782714605331421 1.66157229244709 0.6404988616704941 3.427765369415283 0 15.00205111503601 0.2646916806697845 0.3544434085488319 0.2789272367954254 1.367917448282242 15.18746759742498 1.503008835017681 5.438761800527573 99.25351160019636 0.7200301885604858 5.495785847306252 15.72240063548088 93.94315260648727 3.474870286881924 15.27792786061764 0.3934557884931564 0.3194627165794373 0 0.5982315391302109 0.8254434615373611 46.42369306832552 0.1310582906007767 4.834277018904686 3.26467852294445 27.91607753932476 0.3166446089744568 0 0
0 16.01249756664038 0.5622454881668091 182.8860880434513 903.1951328217983 3129.988872617483 27.13233277201653 240.7452132180333 721.3273705393076 72.74553069472313 0.4045522585511208 1923.923906892538 1.661721132695675 6.272706352174282 479.9807179942727 0 0.1451006680727005 0.1874349564313889 0 271.4883845746517 0 69.86545407772064 0 773.7052037417889 2.904156520962715 1.333016276359558 4.589556224644184 127.6725991591811 13.81192672252655 0 0.2176011651754379 715.7444804832339 0.1137548685073853 6.150098852813244 0 384.8701777011156 1.035281628370285 4.26073195040226 3.625957787036896 1196.996929310262 91.02952190488577 2.474287271499634 0.8387301862239838 0.1488243788480759 0.1420490890741348 0 12.81808064132929 0 7.113403141498566 14.08592519164085 0.6978843212127686 2.218136981129646 13.98985860496759 0.08872899413108826 17.34617900848389 0.1173362284898758 0.8017953336238861 0 4.997666545212269 0 0 0 9.561182849109173 2.59204725921154 6.991361677646637 0.4670104682445526 18.23261266946793 0 0 0 14.62180811911821 0.7204832881689072 0.2547757923603058 0 0 0 0 0 65.3528595417738 0 0.8987545818090439 0 54.88161978125572 0.8726893663406372 0 0
0.4661196172237396 390.6607291474938 5.167820155620575 0.4392129182815552 0 0.9022886455059052 18.21410959213972 0.5337578132748604 6.724378734827042 1.032435111701488 2.331052012741566 0 8.470141470432281 0.8997248932719231 0 3314.604287959635 24.50038505345583 1.304847829043865 2.738868445158005 0 3104.811503328383 1793.603764057159 6189.545241110027 1776.811264641583 33.89952627569437 13.08538267016411 6875.428500555456 1588.890531614423 5.659336909651756 60.98065040260553 2.134203970432281 0 2.658008053898811 74.08703304827213 35.15596286207438 1459.827498450875 532.6231710314751 472.0871845930815 499.5715840235353 34.33288110792637 0.8042718470096588 9.103689692914486 6.712349735200405 4.779117397964001 4.345915444195271 33.90839511156082 0.2931207567453384 0 0.1117201671004295 4.733628273010254 1.49293003231287 7.540159277617931 0.4256646633148193 0.2555213794112206 0.2755414843559265 0.3274295032024384 5.077338613569736 0 4367.374107271433 1.697520807385445 0 0.8473868891596794 0.2069059461355209 625.0173666030169 1160.758047565818 3241.806131057441 150.1906284019351 0.1104085445404053 6.57914574444294 917.4155887141824 178.7004336118698 20.61205634474754 109.9169026613235 0.1086445599794388 0 1.114217184484005 6.145144529640675 0.8788961470127106 310.2109042406082 6.288020558655262 12.6254717707634 6.803874932229519 4.671819791197777 0 1.767192125320435 2.360039472579956
312.4751534089446 33.53942506015301 2995.48558922857 0.8574091270565987 0.09497702866792679 11.20411702990532 86.36487262696028 644.3187569752336 0.1718342155218124 8.015187852084637 376.4455072358251 4.896883592009544 4.54812977463007 1090.214758239686 0.1451006680727005 24.50038505345583 1010.576153099537 328.8630209639668 4411.861173473299 1.000695772469044 1182.4760106951 2.102535724639893 2887.177239239216 11.49900785833597 0.1415833830833435 3327.528820686042 5323.686276391149 116.770750015974 1151.461986683309 2437.691438466311 0.348654679954052 0.7512725368142128 90.65465807169676 3451.07495636493 11.64125096052885 635.6022102758288 2137.372932717204 2047.308434963226 200.9277343302965 16.4031782373786 1.200670316815376 3.105684861540794 1.420030988752842 0.1309722661972046 19.93584367632866 302.1093950718641 0.08845504373311996 0 0.111513078212738 1.328948386013508 0 0.4571023434400558 0 0 0 0.1294179111719131 0.1154537796974182 0 6.84258246421814 8.293965443968773 0.2015502750873566 6.742688588798046 0.1313147246837616 5.043215535581112 1.296816803514957 7.158763624727726 5.30848740786314 0.9178635030984879 136.3276338502765 385.8364025875926 6.907488465309143 0.2276478633284569 2.222774624824524 0.35634496062994 0 0 1.948641821742058 4.961029157042503 14.03680220991373 21.33755720406771 7.15467045456171 1.289324730634689 1.32806321978569 0 0 0
10.38923420757055 24.6987080425024 34.00572918355465 3.582649223506451 0.6243298128247261 36.06962884962559 26.74718888103962 158.6864128559828 4.944213137030602 39.68552254140377 1801.465785101056 32.5332407578826 38.92602714896202 179.2758414298296 0.1874349564313889 1.304847829043865 328.8630209639668 682.3095078095794 1883.053788729012 6.627751231193542 6.233734935522079 12.12611911445856 48.76068953424692 10.83152225613594 5.996877022087574 3354.416533969343 600.6860885694623 13.96081030368805 140.4291318878531 23.79090064018965 39.97353377938271 29.36766332387924 4.361147165298462 1501.356921955943 4.361635208129883 521.8526934161782 1510.082023225725 1434.485519938171 382.3603189736605 21.07895244657993 3.916419595479965 19.63203644007444 3.569697722792625 0 21.83732290565968 1.590313121676445 0 0 0 2.967328004539013 0 0.1953404694795609 0.45722746104002 10.76254184544086 0 56.66527440398932 0 0 0.09686747938394547 0 14.47360993176699 3.362967386841774 0.4800983965396881 0.3220611736178398 0 0 3.24870702624321 24.4288402274251 152.260974496603 166.5684408023953 2.361150406301022 0 0 69.38954165577888 0 0 0.3456394448876381 0.9375542402267456 1.263199701905251 6.727627769112587 0.5210814028978348 0.3840309530496597 0.7420640140771866 0 0.1629920154809952 0
53.2788707241416 69.15143458545208 131.9866638332605 2.487601637840271 0.2493887841701508 30.49823179841042 34.33635456860065 268.9838571920991 2.913178332149982 39.3679019510746 779.4284267276525 29.47776158154011 7.975734986364841 360.2477257922292 0 2.738868445158005 4411.861173473299 1883.053788729012 3455.133961603045 8.862845435738564 32.41969046741724 5.175500892102718 169.1808723285794 5.763848215341568 2.393726125359535 3650.104745253921 1216.009184457362 19.97359880059958 331.6966065913439 131.276145644486 13.93294774740934 14.13433517515659 19.38116076588631 3901.527266673744 12.41938583552837 826.3104996979237 1337.195909865201 2245.266527116299 349.2163713946939 23.64810896664858 1.222579516470432 8.066583767533302 2.0162073969841 0.1050581336021423 29.41357316076756 17.09411955624819 0 0 0 1.769889310002327 0.7318921983242035 0.1044267117977142 0 1.48462226241827 0 3.628555037081242 0.07454193383455276 0 0.8350411430001259 1.636493653059006 3.92199981212616 15.74450765550137 0 0.6525869518518448 1.203312315046787 0.167584016919136 1.212273128330708 4.095699064433575 170.1498003229499 185.2990528643131 2.169179826974869 0.4347398579120636 0.6788096278905869 9.843106098473072 0 0 0.6757778376340866 1.882193967700005 6.000996425747871 8.710924535989761 2.136517852544785 0.1461421996355057 0 0 0.668131947517395 0
0.9963636547327042 0.1167283281683922 1.437989741563797 3997.085657201707 5.405830703675747 140.3181451410055 414.2651381343603 129.8394508510828 791.1472538933158 2712.520720131695 16.93336894363165 6877.21512760222 2.217397883534431 78.05907052755356 271.4883845746517 0 1.000695772469044 6.627751231193542 8.862845435738564 781.5637115612626 0.9346378222107887 0.158321738243103 0.3927833884954453 575.7861043289304 0.192731112241745 13.18786908686161 3.347160115838051 2845.762551687658 116.32583052665 1.758111260831356 0.542534627020359 8.908059678971767 0.8314240053296089 60.14569582045078 0.5382887274026871 171.1543123051524 3.077117763459682 168.685979232192 47.20318061858416 691.1384145468473 16.87085199356079 0.9086962416768074 3.871822819113731 0 0 0.5037292242050171 121.7945823594928 0 18.61959297209978 63.60788046568632 6.191060572862625 29.20345905423164 112.1728314608335 0.5735888853669167 187.6500289589167 0.232510581612587 5.050423361361027 1.199937231838703 0 0 0 0 85.56190997362137 0.7948578596115112 0 0 147.6303635761142 0.1879429444670677 0.3291940540075302 0 109.2857081517577 0.9899427071213722 1.28233078122139 0 0.09407196193933487 0 0 0 133.2272184714675 0 1.445784062147141 0 160.1899887695909 0 0 0
27.70651222020388 19.88471231609583 1496.399512983859 0.4261017814278603 0 7.869435705244541 413.2381268888712 48.64939066767693 5.187451995909214 8.477929167449474 12.65957432240248 0.8397376462817192 10.26319237053394 98.16780849546194 0 3104.811503328383 1182.4760106951 6.233734935522079 32.41969046741724 0.9346378222107887 16434.15076951683 28.58477981388569 17761.96541713923 370.6273915469646 6.665844723582268 201.2947607040405 609.4689009934664 5307.540766999125 198.1119934692979 7540.131472676992 0.936618871986866 0 40.18676363676786 3633.570920750499 227.6762672588229 7381.806260466576 1230.304948836565 4723.368852131069 2694.91677314043 129.3394167423248 3.742026284337044 20.48055139183998 28.34738556295633 12.49444756656885 0.3848889768123627 4.225189037621021 0.5962049961090088 0 0.2974823042750359 9.233601421117783 1.199841052293777 10.08405685424805 0.8201369643211365 0.1843531131744385 0.2036585062742233 0 8.843603067100048 0 670.3806112185121 1.725546151399612 0.1290874034166336 0.9600685015320778 0.4117456078529358 565.9121184945107 66.44747922569513 296.5748562291265 198.2277613729239 0 1.625373564660549 32.82094065099955 250.617634601891 32.11486504971981 170.6909956410527 0 0 4.734781980514526 7.768191024661064 20.12447993457317 222.3682560771704 1.073310866951942 10.30487839132547 4.168514899909496 8.945797227323055 0.2077507376670837 1.215769171714783 0
0 3075.212594017386 12.33670420944691 0.1133217662572861 0.3412307053804398 0.8947713673114777 13.91588955372572 1.03395003080368 2649.55792389065 0.3348353356122971 36.12955489754677 17.65916798263788 216.2348044961691 2.213503077626228 69.86545407772064 1793.603764057159 2.102535724639893 12.12611911445856 5.175500892102718 0.158321738243103 28.58477981388569 2256.855251923203 67.02591942250729 5770.353160455823 771.5608086138964 148.0815597251058 4097.575519479811 217.6967837736011 2.233139432966709 8.599466517567635 34.22205565869808 0.1899023130536079 0 3.955457404255867 0 9.157257653772831 19.143495246768 9.174652963876724 3.014728888869286 101.9142721071839 0 79.58973540365696 0.1044821441173553 0 15.8761041238904 81.49840468168259 5.520875878632069 0 0 2.0693698823452 0.3434023261070251 12.02350579202175 0 3.502496175467968 2.728649593889713 17.0961748957634 0.4098058342933655 0 999.4616686850786 2.704004511237144 0.8000828772783279 1.566955089569092 0 85.40050865709782 193.96914421767 343.7153337448835 55.01780583709478 4.772982887923717 24.79041840881109 1950.827766805887 42.65949495881796 1.061051860451698 6.701590031385422 5.001444801688194 0 0 1.250315859913826 0 8.872601673007011 2.915695302188396 4.781643107533455 1.71154310554266 2.26370357722044 0 0.09876897931098938 0
140.761996537447 15.64375256747007 9683.543144598603 0.4922429025173187 0 14.87818134576082 874.3506070822477 278.1129374578595 2.004904642701149 9.305262893438339 34.03698912262917 1.659203879535198 16.56473354250193 500.4146140441298 0 6189.545241110027 2887.177239239216 48.76068953424692 169.1808723285794 0.3927833884954453 17761.96541713923 67.02591942250729 19940.65215595067 713.1186711117625 3.957671500742435 2740.058618634939 8872.387528315187 4021.191854193807 286.4745877385139 4584.523421056569 0.9420704990625381 0.6816610097885132 37.634611569345 3394.841517671943 268.2635898590088 10310.93058355153 8683.870389156044 9006.283603228629 6459.36964096874 361.1314887851477 4.25250506401062 12.47811004519463 34.90578962862492 2.945444256067276 2.517003953456879 63.14171980321407 0 0 0 8.124554663896561 0.4566850140690804 1.912427663803101 1.846183940768242 0.1781537979841232 0 1.394232749938965 3.867430754005909 0 2094.680231407285 2.056359305977821 0 1.042498722672462 0 239.1984672099352 279.2139420360327 1992.195669718087 56.54689786583185 0 7.050020821392536 1014.968654148281 82.58372739702463 6.040184505283833 53.74384389072657 0 0 0.4022886455059052 3.785947240889072 23.42047479748726 157.8014482557774 4.248719438910484 9.459177657961845 7.572937183082104 5.533181220293045 0.3162002861499786 2.436575770378113 0
17.77246440947056 1181.832151249051 8.635122187435627 1219.414425306022 3.65639528632164 87.50298272073269 1007.163297042251 199.8418811783195 9885.641308933496 411.6201109215617 20.20659064501524 1281.95700186491 87.9753895252943 143.2293706387281 773.7052037417889 1776.811264641583 11.49900785833597 10.83152225613594 5.763848215341568 575.7861043289304 370.6273915469646 5770.353160455823 713.1186711117625 9711.384556137025 212.2329657152295 104.7036330625415 3121.623622313142 8078.810113586485 207.9699673429132 177.0500332862139 14.56498900800943 3.913287006318569 30.58406507968903 140.7407255023718 28.31564618647099 1163.684041261673 65.88671976327896 375.6907589808106 245.9850074350834 762.076051607728 22.60196150094271 20.48773819208145 14.67244651168585 22.53834425657988 13.31246243417263 51.92148909717798 404.6313563808799 0.5264361053705215 50.61064331233501 1049.4940835163 154.5788911059499 725.4318261444569 379.6149763986468 12.82601076364517 260.3357096910477 6.808062054216862 114.1179547607899 7.731569483876228 1067.833259880543 2.413135901093483 3.276960335671902 3.247176848351955 231.6911363974214 704.3577666655183 401.9452228397131 265.4226617440581 4247.891109220684 2.520222268998623 24.58642926812172 212.8924741595984 2595.079078249633 93.83603571355343 261.4667742922902 2.963697969913483 2.32235699146986 4.590045742690563 23.66974445432425 2.430930487811565 422.5294067561626 3.571881487965584 109.3927733898163 24.1356960311532 316.0947194173932 16.5896328240633 3.248234376311302 1.527264900505543
0 2790.319811649621 0.3843726515769958 0 0 0.9567910954356194 3.702170848846436 1.436961159110069 107.8247896134853 0.9241989776492119 488.1982890218496 1.348573081195354 5016.847603917122 1.253900527954102 2.904156520962715 33.89952627569437 0.1415833830833435 5.996877022087574 2.393726125359535 0.192731112241745 6.665844723582268 771.5608086138964 3.957671500742435 212.2329657152295 824.7065999880433 142.5589531585574 2866.608797833323 16.2140626758337 0.6932018250226974 2.605590581893921 348.8484582751989 0 0 54.07113870978355 0 275.5543502867222 206.0973039641976 221.4299293011427 76.59488098323345 8.95781509578228 9.315775871276855 727.1037383973598 4.969917386770248 0 168.8169517219067 8.190491914749146 0.2239018753170967 0 0 2.183121681213379 0.6226976215839386 0.3082316666841507 0 172.9612693339586 0.2398729026317596 562.0150310620666 0.1509536355733871 0 1.089274875819683 0 1.661618560552597 1.364889770746231 0 0 4.091835871338844 0.9695113599300385 1.716443583369255 153.3873031139374 101.9266962632537 211.6566229239106 0.574830062687397 0.6626444160938263 1.247015714645386 64.07930933684111 0.2041244953870773 0 37.24063853919506 0 160.1501779854298 36.82770703732967 22.28355763107538 0.5200443267822266 30.80249917507172 0 42.95599031448364 0
189.0765541791916 375.853764206171 8042.110064864159 8.166212260723114 0.5155055224895477 84.39197508990765 413.5025751143694 930.309934720397 46.44912602752447 76.32025665044785 2010.298499777913 51.69722560793161 271.3081916943192 1158.818988613784 1.333016276359558 13.08538267016411 3327.528820686042 3354.416533969343 3650.104745253921 13.18786908686161 201.2947607040405 148.0815597251058 2740.058618634939 104.7036330625415 142.5589531585574 26552.23693267256 12380.49328706414 75.60308822989464 462.1774354800582 523.9434950426221 296.0390959829092 37.94973205029964 15.29462554305792 1906.345227591693 32.84270144253969 3245.174164332449 9639.093772254884 5682.045178100467 1210.468888506293 80.77853024750948 13.77475935965776 236.8962709605694 11.97082009166479 1.031920112669468 544.3029542192817 896.9801361039281 0.4935323894023895 0.1023097410798073 0.1276251375675201 7.719984248280525 1.441678300499916 2.30800898373127 0.3481040373444557 187.7007031217217 0.3424657359719276 1433.178029790521 1.364722155034542 0 5.028735622763634 76.29849126189947 181.0740760788321 231.9086738452315 0.191339984536171 3.697599664330482 8.587502248585224 6.243439510464668 13.70085696876049 476.5047541707754 4287.362838767469 5493.764433443546 9.166770935058594 0.9076476767659187 5.662245936691761 1109.240656152368 0.3266635164618492 0 24.06753221899271 11.74045613408089 75.49790311604738 199.8835672810674 82.19193538278341 13.00506249815226 2.205216467380524 0 6.660588502883911 0.520220547914505
37.59717899560928 7754.85132136941 5659.263898074627 2.702141098678112 0.4838380068540573 32.30657375603914 734.4768329709768 166.2281193807721 208.623846180737 30.33605592697859 510.980081371963 12.88008203357458 2122.826681807637 243.3172139003873 4.589556224644184 6875.428500555456 5323.686276391149 600.6860885694623 1216.009184457362 3.347160115838051 609.4689009934664 4097.575519479811 8872.387528315187 3121.623622313142 2866.608797833323 12380.49328706414 27227.58362489939 1460.308113113046 146.9354524388909 157.4401070103049 1764.756765946746 5.22956258058548 10.11548663675785 2995.892001658678 156.9079408124089 7147.059804186225 4779.143090829253 7911.5430444628 2105.579957634211 280.0365042611957 5.891827218234539 70.83379992097616 27.73448216915131 1.504314929246902 3198.960115857422 4124.16369728744 0.2497332543134689 0 0.1218199282884598 18.3289492726326 1.707429692149162 3.973123043775558 1.905850015580654 57.70905122160912 0.2151236534118652 426.9199398085475 3.902288138866425 0.30048518627882 1020.09899289906 123.6648330017924 106.3015157431364 243.8482580855489 0.2691781520843506 27.08749593794346 1133.671560816467 1552.652914568782 68.24219658225775 627.4527371525764 5184.739730097353 19456.67138236761 39.44486721605062 1.668623119592667 11.18692624568939 498.3991362005472 0 0.401633620262146 53.92718958854675 40.37110747396946 194.3248773217201 219.5962471216917 188.3765709996223 36.80332619696856 4.714229501783848 0.1956428736448288 2.836780540645123 1.556838259100914
64.07661090791225 87.98730189353228 234.9888165742159 3654.897627472878 1.527212172746658 1012.753562666476 22630.6573150754 518.9079788774252 1785.837434433401 7075.176533691585 30.11056002229452 1917.843842200935 13.76406019926071 467.2208708003163 127.6725991591811 1588.890531614423 116.770750015974 13.96081030368805 19.97359880059958 2845.762551687658 5307.540766999125 217.6967837736011 4021.191854193807 8078.810113586485 16.2140626758337 75.60308822989464 1460.308113113046 24805.2244906947 969.8452038243413 7689.229564271867 1.716243617236614 13.20675940066576 191.7041575163603 1031.404776848853 196.203832231462 5095.087228819728 229.8816991597414 2196.378499001265 1389.296616896987 707.8846205100417 106.9203719645739 18.05956463515759 67.17763547599316 46.67170891165733 4.312224239110947 34.06561154127121 397.2936950176954 1.117949865758419 59.18620843440294 1306.782466359437 162.4082091972232 311.7472407966852 392.4699053689837 14.75210480391979 299.3069771677256 3.026797480881214 144.4557951763272 3.019572652876377 563.981294170022 3.669676542282104 3.024360187351704 2.471240304410458 234.1147154718637 512.8438955396414 95.83203282952309 153.4074492752552 3452.696325592697 0.2445577532052994 16.25621888041496 117.8341928198934 2268.730838857591 113.7607532590628 373.2215783372521 1.608789190649986 2.239859141409397 4.775437951087952 25.56612408906221 10.09592270106077 690.7150441780686 4.089614607393742 118.3696409314871 28.72959372401237 466.2058861330152 17.79897408187389 0.8485369235277176 2.891413427889347
4152.176756881177 1.486582547426224 143.2022144496441 84.03565660119057 36.74132264405489 1102.192720338702 2188.465188518167 3641.100693233311 8.534038968384266 701.0938265398145 320.940946303308 379.1409272477031 12.81911738961935 7448.621167950332 13.81192672252655 5.659336909651756 1151.461986683309 140.4291318878531 331.6966065913439 116.32583052665 198.1119934692979 2.233139432966709 286.4745877385139 207.9699673429132 0.6932018250226974 462.1774354800582 146.9354524388909 969.8452038243413 17105.69214737415 4054.490076906979 6.236825875937939 837.631336197257 2542.490728288889 4160.426115363836 14.979207649827 462.5647618323565 106.8536861762404 1733.907469555736 378.2861651033163 360.6328060403466 133.0663960427046 4.02965883910656 7.712435759603977 1.833862408995628 0.809600442647934 2.89320033043623 4.852719806134701 0 0 36.52077443152666 4.264014698565006 9.441798329353333 6.678992547094822 0.1466419994831085 2.500324346125126 0.1245096996426582 5.74616677314043 0.5940414667129517 26.63577706366777 0 0 0.1106830760836601 1.248661369085312 38.34797741472721 1.169823691248894 5.244538068771362 108.8082092776895 0.1565871238708496 3.718108862638474 8.411826275289059 114.1894456520677 5.473089627921581 22.1795796379447 0.3924290910363197 0 0.295587033033371 1.967133060097694 0 45.26713428646326 0.6453218087553978 5.447968013584614 2.088021636009216 19.86846341192722 0.456848606467247 0 0.177301749587059
