766.2949874922633 0 33.71778661757708 0.1307845264673233 0.3819567039608955 18.1196124702692 466.8108198344707 1125.739303693175 0 10.14641343802214 16.60963469743729 2.303416021168232 1.256351046264172 5090.112331144512 0 0.1196692436933517 351.1218115389347 19.4969434440136 114.2097755149007 3.179377600550652 74.19033772498369 0 197.0460045039654 2.113995455205441 0.1503579467535019 79.81437021493912 20.67567829042673 6.622438207268715 2256.487089775503 2839.74979070574 0.8662013709545135 10.11992251873016 18.95589824765921 150.0316343829036 0 26.65768030285835 5.797243997454643 47.25956964492798 13.34630790352821 1.434663519263268 1.245287574827671 0 0.316607654094696 0 0.1095238700509071 0.5006878674030304 0 0 0 0.7139236927032471 0 0 0 0 0 0 0 0 0.2026802003383636 0 0 0 0.527810275554657 0 0 0 2.007413513958454 0 0.8412533476948738 1.426877446472645 0.3711507245898247 0 0 0 0 0 0 0 0.2484618425369263 0.09396722912788391 0.7188920378684998 0 0 0 0 0
0 255.8398645222187 24.72140039503574 0.1178970783948898 0.5049092620611191 0.6049177274107933 0.8519179150462151 0.2178446277976036 672.157270886004 0 71.840759947896 2.453397691249847 484.8929543122649 0.1068975999951363 6.383837655186653 83.69767183065414 128.3084250688553 3.392991438508034 48.12137398123741 0.09395890682935715 9.025383405387402 2731.329325675964 7.148643471300602 801.1186727285385 1317.952674619853 536.8277369365096 6748.513706475496 21.22534435242414 0.8509406000375748 0.4878251552581787 18.87234821915627 0.2246352434158325 0 18.88872116059065 0 21.4790820106864 122.791293784976 82.37058629095554 9.67087259888649 10.59514969587326 1.297370359301567 319.1401040181518 0 0.09974659234285355 28.25887589901686 95.69774957001209 0 0 0 1.678051955997944 0.422188825905323 1.59070035815239 0.1852306872606277 4.18314666301012 0 14.18940719217062 0.1118591874837875 0 5.260879464447498 4.25518673658371 4.402347430586815 1.937227584421635 0.3974673822522163 1.157044753432274 12.001609377563 3.312142096459866 7.547185458242893 20.90926614403725 192.545901350677 1918.242407381535 4.695572294294834 0.4497187659144402 0.4936986193060875 2.805523909628391 0 0 1.277019634842873 0.1540026515722275 7.771497286856174 12.46936810016632 4.312127254903316 0.9805266857147217 0 0 1.153340965509415 0
33.71778661757708 24.72140039503574 6954.969991244376 7.006571881473064 0.9719374924898148 129.2125377804041 1529.962605848908 384.3319272398949 10.32259263843298 36.40100485086441 54.05037385970354 1.563691712915897 5.098305217921734 178.7098151370883 0.7854083031415939 14.79413365572691 5313.417509876192 85.87021195888519 401.0283227413893 2.578062728047371 506.9120759144425 44.82410056889057 11978.07934336364 193.5395702570677 4.41671771556139 12825.16371355951 4390.78275834024 803.8211894333363 82.63079811632633 915.0303372219205 5.623097337782383 4.512771099805832 3.61460917443037 1041.833367444575 41.70137057453394 2078.171707287431 1268.802220337093 1640.945353165269 699.8548340350389 91.50218973308802 4.364674463868141 5.383915945887566 6.060256317257881 0.9326913133263588 95.83629816025496 801.7650931328535 0.8368410989642143 0 1.063063107430935 20.34531688690186 5.349149398505688 7.388581305742264 0.1388976871967316 0.8607511669397354 0.9777479320764542 0.3564549311995506 15.86867529898882 0 14.4280879124999 69.77633674442768 0.9781863987445831 8.621913425624371 1.117651984095573 3.274339586496353 101.1576037183404 112.1950778365135 31.79531407356262 1.730971232056618 179.9646697863936 2003.949014052749 33.94288524985313 2.861119672656059 2.942108280956745 0 0 0.1622920632362366 11.6822666451335 5.952042602002621 77.50692500174046 525.8512038737535 38.66118129342794 12.73570942878723 4.622620940208435 0.4397390931844711 0.1752299815416336 0.3461995273828506
0.1307845264673233 0.1178970783948898 7.006571881473064 5344.483638070524 3.017497673630714 39.95503135770559 101.4887470304966 13.41817207634449 908.6363336294889 2634.835763819516 1.062945060431957 1814.80656260252 0.7846109867095947 12.64276590198278 144.6057298332453 0.8814511001110077 0.9300657883286476 0.3699555993080139 0.1029897183179855 7050.089191578329 0.5551118105649948 1.492672815918922 1.93503525108099 1643.642496861517 0.3899301588535309 2.061640799045563 4.256461970508099 3325.317485697567 63.60146598517895 4.642246931791306 0.1544490456581116 1.205340303480625 9.813905619084835 31.73544902354479 1.610309541225433 223.5351524353027 3.382266595959663 38.52892578393221 20.81353793293238 278.2767524421215 11.15471685677767 0.3536565452814102 6.700127780437469 0.6127331256866455 0.4931616187095642 0 548.3020324334502 0.12738136947155 27.7181643769145 44.01050838828087 19.08341220766306 227.925042130053 119.3322447165847 0.393817164003849 199.9918313845992 0.2562947645783424 4.954871840775013 6.068094827234745 0 0 0 0.1973650604486465 424.2882629036903 0 1.877915531396866 0.1276479214429855 298.2776956930757 0 0.4000397920608521 0.3742330968379974 343.2221299782395 2.929082117974758 0.6815551519393921 0 0 0 2.10792963206768 0.2992235124111176 39.60237459093332 0.5513224601745605 7.052853263914585 0.2622459977865219 130.6089488491416 0.9874157756567001 1.307751417160034 0
0.3819567039608955 0.5049092620611191 0.9719374924898148 3.017497673630714 222.2537729293108 551.1136862710118 3.631221368908882 57.01160983741283 38.25953081250191 6.633286841213703 128.9092590808868 75.61041051894426 42.81292776763439 8.734146177768707 1117.643317729235 0 0.8984622284770012 16.14757660031319 2.955567188560963 10.05288426578045 0 0 1.359064519405365 11.19009548425674 1.889229863882065 23.86489576846361 7.987882748246193 2.013213522732258 113.6684284806252 0.9937222898006439 5.802022308111191 516.1157254055142 0 411.1404687911272 0.3568128645420074 55.74005237221718 8.470673725008965 201.6972198411822 85.51106991618872 1781.482111804187 181.9965193644166 16.86703468859196 4.691717833280563 0 0 0 0.1289743036031723 0 0 0.7032585591077805 0 0 0 0 0.2620636522769928 0 0 0 0 0 0 0 0 0 0 0 0 0 0 0.1434662789106369 0.4759443178772926 0 0 0 0 0 0 0 1.091395288705826 0.1667822003364563 0.1946018785238266 1.043162271380424 0.4225638210773468 0.1417027711868286 0.5201708078384399 0
18.1196124702692 0.6049177274107933 129.2125377804041 39.95503135770559 551.1136862710118 10262.22502148896 2943.858016334474 3569.179249107838 66.4771030023694 7255.653685279191 237.236043356359 4635.929368972778 79.09558091312647 515.9812308996916 2368.662545315921 0.3205681890249252 100.6201189085841 74.63563519716263 60.50048436224461 589.1430620104074 35.23704918473959 0.9004004821181297 115.8897886201739 131.6512224599719 6.035160221159458 188.2593509703875 53.87073940038681 602.2772981673479 552.2333749309182 121.6808216050267 12.51594229787588 609.3970724493265 6.633481837809086 511.1874633729458 3.636582367122173 685.0121952295303 40.16128154844046 610.4455073326826 342.7895832434297 3053.432483322918 266.1232527717948 39.08512371778488 11.55655917525291 0.7516574859619141 0 1.336500532925129 30.59352055191994 0 9.349569231271744 14.73997278511524 1.514938205480576 25.39973952621222 10.06053759157658 4.05169078707695 51.78989119827747 3.073482200503349 0.2324403002858162 3.279717922210693 1.235665440559387 0 0 0 57.59223871678114 0.112907811999321 0.2359512373805046 0.8905930444598198 73.24656664580107 0.4685603827238083 0.4497683569788933 5.546351164579391 52.66588393598795 0.2332539260387421 3.00519260764122 0.2159721851348877 0.1318429857492447 0 1.633094310760498 0.7029242515563965 38.05312540382147 2.443287678062916 2.044193372130394 5.536748833954334 80.99569518864155 0.4820807725191116 0.8266236484050751 0
466.8108198344707 0.8519179150462151 1529.962605848908 101.4887470304966 3.631221368908882 2943.858016334474 4396.859008461237 3480.866050593555 50.77856060862541 6843.092184200883 28.1494305729866 72.57234393805265 8.579224355518818 2874.894561618567 6.243940725922585 4.732310131192207 227.5606446564198 20.6293234154582 42.29872504621744 281.1910757347941 854.2302996441722 1.979481443762779 1015.489733584225 540.8412517756224 1.58949238806963 339.6978442892432 286.4808130785823 9979.917481057346 2275.194216988981 3828.058278076351 3.068186454474926 18.70928598195314 297.6040879264474 706.2092147469521 41.14981591701508 2620.017491735518 144.4838680401444 867.337195456028 499.640424631536 332.4531152918935 176.8353027999401 5.089019291102886 70.06045811623335 0.784852147102356 1.417509265244007 20.80740602314472 38.43945809453726 0 16.42425513267517 53.04177584499121 17.02583152800798 39.38729720562696 19.79205536842346 1.580359175801277 35.3812147974968 0.2476515546441078 4.212028808891773 1.617951169610023 6.173893623054028 0.2365540489554405 0.3791894540190697 0.2081546112895012 81.86662905663252 0.2326738983392715 7.163869604468346 25.14041180163622 183.4572245925665 0 1.807329945266247 67.03125185519457 218.7384348735213 3.582118816673756 3.736754052340984 0 0 0 1.044116288423538 3.085049241781235 45.19420889765024 20.85344638675451 10.53977238386869 5.471922591328621 21.47232142090797 0.8401833474636078 0.09174571186304092 0
1125.739303693175 0.2178446277976036 384.3319272398949 13.41817207634449 57.01160983741283 3569.179249107838 3480.866050593555 13949.19704927504 8.518258452415466 3592.393669851124 517.7525377944112 941.0800909250975 111.2602180242538 6527.449617274106 143.5322605445981 0.5565342381596565 933.5009973496199 228.5752952098846 515.8184998556972 352.5124560296535 165.9203819930553 0.121429018676281 575.5071234181523 107.0150131136179 9.707858055830002 697.272003673017 200.9350642636418 161.9032884687185 1188.660082645714 1512.65125516057 25.36686933040619 271.2480763122439 7.78834293782711 1098.594588696957 12.49923801422119 745.1826417148113 90.75714775919914 1021.281617365777 530.8524678274989 887.8595657348633 236.2025773376226 54.6615689098835 13.76249977201223 0 0.2444401904940605 5.09085489064455 4.410981178283691 0 4.148542881011963 9.852314695715904 1.683945834636688 6.428034856915474 2.154947891831398 0.784266859292984 6.537490732967854 0.492693156003952 2.128124058246613 0.2852625548839569 0 0.2729139626026154 0.09582406282424927 0.2692978754639626 14.46934583038092 0 0.6233097985386848 1.244694270193577 48.30599992722273 0.255516491830349 1.501269645988941 14.66062131524086 64.70499887317419 1.001949481666088 1.96755576133728 0.2494648620486259 0 0 0 2.064818292856216 11.14810839295387 4.195444576442242 5.640964411199093 10.14868250489235 6.923897825181484 0.8072351664304733 1.214324414730072 0.317678302526474
0 672.157270886004 10.32259263843298 908.6363336294889 38.25953081250191 66.4771030023694 50.77856060862541 8.518258452415466 715.8622379973531 234.4416031092405 20.68035463988781 293.9464478865266 73.380315952003 5.613251425325871 576.2699056267738 59.71286436915398 1.454631611704826 1.139745995402336 0.5661530792713165 664.2941953018308 42.77643918246031 1989.084156416357 9.761678509414196 5655.234268903732 254.2424842119217 56.84729922562838 704.8482436686754 976.0960691645741 4.406895749270916 7.470021352171898 7.208767488598824 0.4812561795115471 1.860437445342541 14.22724575549364 0.3738743364810944 187.0348471552134 21.07510153204203 15.77365911006927 4.620005391538143 198.7978884130716 2.657646402716637 13.75201616436243 0.1522502452135086 3.34290836751461 2.79897628724575 1.607756398618221 190.8236327245831 0 26.76463037729263 78.01462668925524 23.68062561005354 126.5883909910917 51.10580342262983 1.174264937639236 84.47003019601107 1.064152136445045 13.14832507073879 8.319953799247742 313.9576203078032 0.492791086435318 0.1288741081953049 0.2891672104597092 255.2036259025335 152.3880351707339 29.69369385391474 149.5288181453943 1551.747223354876 0.4635560289025307 2.75426984578371 17.87543620914221 700.5660817250609 18.72220848500729 96.25316718965769 0.2377527356147766 0 1.868652075529099 4.37616703659296 2.103079319000244 54.69915024936199 4.127831876277924 12.28313978016376 6.327773705124855 37.54180218279362 0.1916749775409698 0.1348514407873154 0
10.14641343802214 0 36.40100485086441 2634.835763819516 6.633286841213703 7255.653685279191 6843.092184200883 3592.393669851124 234.4416031092405 28369.23320418596 72.18494702130556 5250.550236746669 16.66269128769636 787.6056330129504 64.33748233318329 0.5631366670131683 12.79355292022228 29.398567520082 14.08160136640072 7339.969199374318 14.78999441117048 0.2239323630928993 27.29314582794905 395.8663224205375 2.254433646798134 50.60042054951191 22.03198450058699 3732.150029733777 974.9346530660987 29.7182741984725 4.635393433272839 34.42612912505865 24.3307531401515 584.6833783239126 4.739064678549767 962.419323168695 30.94012749195099 857.1706548854709 246.793744251132 345.2388850897551 123.3482695147395 11.58004830777645 36.88019066303968 0 0 0.9366483241319656 201.5786849036813 0.6402353942394257 35.66524644941092 70.83948910981417 24.27270791679621 125.9148233830929 76.66934932023287 0.9227269664406776 166.3047855123878 0.2055842876434326 6.141377002000809 4.075517356395721 0.181811586022377 0 0.5174585431814194 0 351.4270154610276 0 1.774671651422977 0.420096293091774 289.8877259865403 0.5584891140460968 0.1890187188982964 1.887330591678619 281.5108965188265 4.541345492005348 2.15962341427803 0 0 0 2.978428237140179 2.617857486009598 53.30922943353653 1.176237814128399 7.502343408763409 3.383696757256985 113.3431602045894 1.848951898515224 1.914607681334019 0
16.60963469743729 71.840759947896 54.05037385970354 1.062945060431957 128.9092590808868 237.236043356359 28.1494305729866 517.7525377944112 20.68035463988781 72.18494702130556 8607.320942133665 114.6256971731782 1084.811131477356 227.6207901313901 6.025242127478123 8.543432578444481 306.7164123356342 4838.571477405727 1179.085650585592 28.29347738623619 63.29365716129541 42.23487662523985 136.9299758821726 25.30440331250429 816.611492536962 3121.860095158219 705.3271825835109 26.61098666489124 604.029083751142 34.14395258575678 375.853634648025 567.3447853773832 8.633581928908825 5652.873506098986 9.852207116782665 818.2702591791749 4758.315028600395 3991.431382805109 1212.822286300361 44.37542595714331 149.8388887345791 1348.529931418598 8.424292258918285 0 8.488277472555637 1.158894181251526 0.1459058970212936 0 0.7915944457054138 1.724495247006416 1.16099639236927 1.060894906520844 0.3289971947669983 192.4661311283708 2.18156922608614 697.5396475940943 0.456734761595726 0 0.3992200046777725 0.1620921045541763 5.328316703438759 0.5791353210806847 1.140914566814899 0 0.6379185169935226 1.92408299446106 9.330019623041153 161.7864966765046 47.85499878972769 125.1499483436346 9.375381141901016 0.6045674085617065 0 60.65905033797026 0.2961850464344025 0.1251959800720215 7.371281899511814 4.064457967877388 20.58335072547197 252.9470022916794 49.48515170067549 11.87324579060078 1.682413399219513 1.009357407689095 107.8670193701982 1.867698669433594
2.303416021168232 2.453397691249847 1.563691712915897 1814.80656260252 75.61041051894426 4635.929368972778 72.57234393805265 941.0800909250975 293.9464478865266 5250.550236746669 114.6256971731782 6914.185044027865 25.54645428061485 338.9735975041986 1531.346729367971 0 2.356493204832077 38.53875864297152 8.737315081059933 4904.524236097932 1.098167240619659 2.311454921960831 1.379553869366646 201.8442894816399 2.386207953095436 46.41919443011284 21.11033939570189 268.7665162906051 497.0973306074739 19.82625599950552 7.683961562812328 50.22013193368912 0.5458251759409904 414.7312758117914 0.5799335539340973 509.8135347887874 12.01941202580929 555.9037417545915 119.1087724417448 1438.481289565563 64.41207356750965 12.12109794467688 2.572711497545242 0.2483114451169968 0.2064519673585892 0 102.1357666477561 0 17.17215320467949 17.10840754210949 8.933778688311577 84.52969695627689 96.28459841012955 0.2414524108171463 239.6311262398958 0 1.679068274796009 14.56375890225172 0 0 0.1711477935314178 0.1732259020209312 191.9798315539956 0 0 0 94.2021676748991 0 0.8225690573453903 0.3735748827457428 64.28763122111559 1.116026595234871 0.3659978806972504 0.1859893724322319 0.1028073132038116 0 0.5402671694755554 0 90.47625099122524 0.821808822453022 2.256583251059055 3.204875610768795 215.9584049209952 0.3065541088581085 1.683429598808289 0
1.256351046264172 484.8929543122649 5.098305217921734 0.7846109867095947 42.81292776763439 79.09558091312647 8.579224355518818 111.2602180242538 73.380315952003 16.66269128769636 1084.811131477356 25.54645428061485 3281.762510165572 20.83393431454897 4.785275563597679 4.089315578341484 3.212915040552616 13.20230676978827 1.822327055037022 8.130686603486538 4.955316074192524 208.5195440948009 16.77056501805782 63.19420175254345 5698.348466724157 331.821899920702 2493.224714159966 15.86951873451471 37.05106490850449 8.904336996376514 495.9127827063203 89.54693940281868 0 543.7647535800934 19.30095724761486 1136.94089794904 4927.022350251675 3178.174773469567 687.1393431127071 100.0496742278337 68.13079256564379 1019.924315363169 3.429718963801861 0 40.10826543718576 0.6669571623206139 0 0 0.6630878299474716 1.189058661460876 3.645831249654293 0.4744422063231468 0.183852955698967 677.2993061393499 4.320718504488468 2380.998087726533 3.164117597043514 0 0.1511465460062027 0 10.33706839382648 0.4744745418429375 0.5451614111661911 0 1.76937860250473 0.4619240760803223 3.036883868277073 651.18260974437 131.6405837312341 416.676875770092 5.423662155866623 1.023229070007801 3.151561386883259 258.7701221629977 0.6903181672096252 0 26.45461545139551 8.737720176577568 58.79150851070881 669.1456224620342 146.945011600852 69.57824175059795 15.34344008564949 20.49301895499229 209.8272755295038 9.374375641345978
5090.112331144512 0.1068975999951363 178.7098151370883 12.64276590198278 8.734146177768707 515.9812308996916 2874.894561618567 6527.449617274106 5.613251425325871 787.6056330129504 227.6207901313901 338.9735975041986 20.83393431454897 12349.09845286608 9.814667738974094 0.6320724934339523 974.4578361213207 133.0176333039999 438.7108278125525 182.203380420804 169.8417728245258 0.1897322461009026 513.0712137743831 75.43443609774113 2.185211196541786 401.6523842737079 115.7829809784889 141.6491947621107 5515.71720071882 3332.9632679075 7.28789971023798 144.7342273816466 13.4270795956254 1063.558037750423 4.448653094470501 253.3978654071689 32.00827348232269 569.9284797906876 149.5690311491489 81.07264503836632 46.05662082880735 6.012554340064526 3.120742566883564 0 0.1043413504958153 2.592656530439854 1.349089987576008 0 0.7307079285383224 5.686937183141708 2.013261213898659 2.281815305352211 0 0.1300625801086426 2.777050629258156 0.2277348712086678 1.109224110841751 0 0.4303849637508392 0 0.2525277435779572 0.2088325545191765 4.415337964892387 0.1507703065872192 0.5357279032468796 0.8746563270688057 31.48115219175816 0 1.698320537805557 6.215891510248184 33.49900393933058 0.9730184674263 4.732714891433716 0.2186756953597069 0 0 0.1132523864507675 0.9756221771240234 3.181728266179562 2.234109744429588 1.004224084317684 1.354364611208439 4.365655474364758 0 0.1423530578613281 0
0 6.383837655186653 0.7854083031415939 144.6057298332453 1117.643317729235 2368.662545315921 6.243940725922585 143.5322605445981 576.2699056267738 64.33748233318329 6.025242127478123 1531.346729367971 4.785275563597679 9.814667738974094 419.4482493102551 1.215932130813599 0.1203607767820358 2.137179329991341 0.09129960834980011 289.9342443645 0.4114409983158112 18.70610449463129 1.241881787776947 728.8802007138729 2.038541197776794 3.043998099863529 8.095272995531559 71.78019566833973 16.34318324923515 0.7013067677617073 0.09618493169546127 202.1498866155744 0 29.7187258079648 0 128.8849540129304 3.159222282469273 20.80089318752289 7.816515177488327 1802.930149108171 139.8239750117064 0.4444039165973663 0.2166165858507156 0 0 0 4.292605072259903 0 1.238169685006142 2.583697021007538 0.7200683280825615 13.48447468131781 1.418807879090309 0 14.33555476367474 0 0.1317376345396042 2.180206462740898 0.1417146474123001 0 0 0 14.55801704525948 0 0 0 9.36739044636488 0 0 0 4.784778580069542 0 0 0 0 0 0 0 11.08212332427502 0 0 0 25.96163526177406 0 0 0
0.1196692436933517 83.69767183065414 14.79413365572691 0.8814511001110077 0 0.3205681890249252 4.732310131192207 0.5565342381596565 59.71286436915398 0.5631366670131683 8.543432578444481 0 4.089315578341484 0.6320724934339523 1.215932130813599 2209.304092608392 30.67780899256468 12.57990374416113 28.81703664362431 0.3067032098770142 5228.681118138134 1763.266599521041 3577.591515854001 1922.683244816959 15.58384028822184 13.82884816080332 3986.25225327909 1850.456015765667 3.950553372502327 31.65221222490072 0.4034163877367973 0.3879924565553665 5.086307607591152 101.5517429634929 13.45815302431583 1149.717066049576 421.2895521149039 249.1682571321726 419.9155993163586 36.96723501384258 1.5487130433321 2.916847661137581 6.703482255339622 2.530939176678658 2.136138334870338 16.94419115036726 0.3390444815158844 0 2.673605717718601 34.7670633867383 2.275636062026024 16.98091042041779 2.753484845161438 0.5948408842086792 2.190793424844742 0 5.274535685777664 0.1973456740379333 1602.559624299407 0.8576647192239761 0 0.1178461015224457 0.1152713596820831 285.8920255750418 1106.331121638417 2282.977710679173 180.1362145319581 0 2.897468976676464 570.1662017032504 238.509769000113 15.64415544271469 84.35723752528429 0.5039588660001755 0.1105025038123131 3.386829063296318 4.366158246994019 3.059686593711376 383.333954796195 147.8543510138988 11.47899819910526 6.347335040569305 32.00065321475267 0.9922934770584106 0.1601967811584473 0
351.1218115389347 128.3084250688553 5313.417509876192 0.9300657883286476 0.8984622284770012 100.6201189085841 227.5606446564198 933.5009973496199 1.454631611704826 12.79355292022228 306.7164123356342 2.356493204832077 3.212915040552616 974.4578361213207 0.1203607767820358 30.67780899256468 1230.562739022076 96.46398194879293 1826.094684407115 1.72416502982378 1417.293754830956 6.013648375868797 3887.168660253286 26.51349625736475 9.501027934253216 2492.769744724035 4963.770845070481 98.64110284298658 999.1843223795295 2182.126350916922 1.079433895647526 8.915612667798996 41.85721459984779 2558.262666791677 9.488875366747379 392.2337451949716 1930.340529754758 1343.33589631319 533.6432048976421 25.15299298614264 1.809963308274746 12.03797555714846 1.249253638088703 0.1248355284333229 13.35756655782461 209.3230964839458 0 0 0 2.087355129420757 1.258403994143009 0.571464329957962 0.2178063988685608 0.4866405874490738 0.08675801753997803 0 2.497767090797424 0 3.032028056681156 21.75065173953772 0.32871413230896 4.20390872657299 0 1.060922972857952 5.585101336240768 13.62535762041807 2.949460841715336 0.1118717864155769 62.92612411826849 402.3495994731784 4.225615791976452 0.09326598793268204 0.865461066365242 0.5565953850746155 0 0 3.760407961905003 1.500585243105888 21.57002495229244 173.2107850015163 13.09541830420494 1.427596300840378 0.3545244634151459 0 0.3090088367462158 0
19.4969434440136 3.392991438508034 85.87021195888519 0.3699555993080139 16.14757660031319 74.63563519716263 20.6293234154582 228.5752952098846 1.139745995402336 29.398567520082 4838.571477405727 38.53875864297152 13.20230676978827 133.0176333039999 2.137179329991341 12.57990374416113 96.46398194879293 346.3791747093201 1252.323838382959 13.75996467471123 54.66764844954014 2.177964210510254 146.9061995968223 5.720046311616898 26.19824915379286 3262.323438614607 707.7934160530567 14.2553166821599 228.2185959368944 27.16979724168777 51.98769451677799 104.1023948192596 3.441879212856293 1347.715375073254 13.95549374073744 774.4906958118081 1195.216468937695 1626.266662456095 496.3468286395073 22.00748643279076 17.89418925344944 15.5781436637044 1.177271641790867 0.2441512197256088 2.645046696066856 0.7447746098041534 0 0 0 0.250087171792984 0.09983742982149124 0 0 13.22816205024719 0.1020712852478027 64.52480415999889 0.1053632646799088 0 0.354679562151432 0.1035184487700462 6.805534474551678 0.5094228312373161 0.3675621747970581 0.1087348312139511 0.6332286447286606 1.337756164371967 2.688881777226925 22.32589247077703 53.9244465008378 141.4821113795042 3.249531745910645 0 0.4357064962387085 24.88599510490894 0 0.2554692327976227 0.2926747798919678 1.552098475396633 15.63008775562048 9.1815579906106 1.517449907958508 0.7967607155442238 0.2560718953609467 0 0.4786142334342003 0.1376401633024216
114.2097755149007 48.12137398123741 401.0283227413893 0.1029897183179855 2.955567188560963 60.50048436224461 42.29872504621744 515.8184998556972 0.5661530792713165 14.08160136640072 1179.085650585592 8.737315081059933 1.822327055037022 438.7108278125525 0.09129960834980011 28.81703664362431 1826.094684407115 1252.323838382959 3089.278192482889 2.177520237863064 225.8208734020591 3.140636421740055 1027.926899783313 6.61003453284502 6.717630743980408 7049.339050263166 2116.763480640948 27.56457977741957 588.777948975563 263.758688904345 2.001037053763866 33.66688400506973 26.75652630627155 2183.022621758282 6.416817553341389 543.4580517113209 1197.637405842543 1154.011872433126 268.7008628919721 13.74410410970449 2.04472590982914 6.991837449371815 1.413749054074287 0 11.25919371843338 22.50584883987904 0 0 0 1.11085956543684 0.2085549235343933 0.794822134077549 0 1.325692310929298 0 4.322715669870377 0.1325169205665588 0 2.662571176886559 3.369268372654915 1.225290670990944 2.822621211409569 0 1.167563714087009 2.616324156522751 2.816410340368748 1.81474120169878 1.556910783052444 111.1426023617387 199.0457475706935 1.160994872450829 0.09646439552307129 0.1083335876464844 1.363503716886044 0 0 0.7665310129523277 0.4645924046635628 9.004071667790413 98.34362529218197 3.067122854292393 0.910370871424675 0 0 1.213338017463684 0
3.179377600550652 0.09395890682935715 2.578062728047371 7050.089191578329 10.05288426578045 589.1430620104074 281.1910757347941 352.5124560296535 664.2941953018308 7339.969199374318 28.29347738623619 4904.524236097932 8.130686603486538 182.203380420804 289.9342443645 0.3067032098770142 1.72416502982378 13.75996467471123 2.177520237863064 790.9098949059844 0.7177639603614807 0.6030146330595016 1.956110537052155 488.7337836921215 1.112727798521519 16.3104692324996 8.445707373321056 2913.451253585517 351.9598048180342 7.758305475115776 1.776352681219578 12.91477454453707 6.3009884506464 206.8079102039337 4.732681430876255 599.1828363016248 13.69319306313992 347.9278069138527 101.79267552495 638.4459740668535 59.21538770198822 5.615140572190285 18.81312932819128 0.5927329063415527 0 0.2631761059165001 284.3628840297461 0.1436335444450378 48.60539578646421 71.82900674641132 28.14653213322163 221.3578809648752 94.05138128995895 2.574201583862305 298.3685330748558 0 10.46916460990906 13.41163078695536 0 0 0.08728369325399399 0 530.1142805740237 0.7832475304603577 1.944159552454948 0 389.5074115172029 0 0.5068696290254593 1.429956696927547 313.4023812562227 4.651601873338223 0 0.7123540788888931 0.6562257409095764 0.1525179296731949 4.498269163072109 0.4121631979942322 116.7280643507838 1.236202389001846 7.831342376768589 2.801309131085873 255.3774960637093 2.247676938772202 1.522961661219597 0
74.19033772498369 9.025383405387402 506.9120759144425 0.5551118105649948 0 35.23704918473959 854.2302996441722 165.9203819930553 42.77643918246031 14.78999441117048 63.29365716129541 1.098167240619659 4.955316074192524 169.8417728245258 0.4114409983158112 5228.681118138134 1417.293754830956 54.66764844954014 225.8208734020591 0.7177639603614807 15130.42429184914 61.33437400311232 18976.23208542168 602.5500271767378 2.646576702594757 89.01642213761806 1196.394608981907 5780.552768610418 279.4247485026717 12491.52302530408 0.9113026335835457 2.442735828459263 70.78700922429562 3705.202008582652 154.8497081026435 6408.52039886266 809.5853134766221 3569.429723650217 3762.478732481599 131.4921501874924 15.36113225668669 4.862727507948875 35.76229284703732 3.957742840051651 0.6456181183457375 3.318667158484459 1.285011000931263 0 1.334464371204376 25.53186143189669 1.92046969383955 17.4432852268219 0.7893540263175964 0.5208473056554794 4.31948035210371 0 13.26937168091536 0 358.7493920996785 0.7827504873275757 0.1925636231899261 0.2172053977847099 0 264.6718741580844 98.01364835351706 225.6342720538378 202.2571575120091 0.2599877119064331 1.536129884421825 26.26478809118271 259.4551603272557 31.68574994802475 177.9048014655709 0 0.1226609870791435 5.838661357760429 5.28149675577879 35.24721950292587 321.8557227924466 8.743515409529209 13.77283218502998 9.417918115854263 41.4907264187932 0.3497666716575623 0.390183687210083 0.1921888142824173
0 2731.329325675964 44.82410056889057 1.492672815918922 0 0.9004004821181297 1.979481443762779 0.121429018676281 1989.084156416357 0.2239323630928993 42.23487662523985 2.311454921960831 208.5195440948009 0.1897322461009026 18.70610449463129 1763.266599521041 6.013648375868797 2.177964210510254 3.140636421740055 0.6030146330595016 61.33437400311232 2476.418939650059 346.3944428563118 5169.22209174931 941.0014793649316 87.33642421662807 5095.987636245787 183.3884213045239 1.291229091584682 2.334704153239727 15.31500072032213 0.1326512545347214 0.120550699532032 15.52072837203741 1.170728258788586 22.15418964624405 22.7381994202733 29.59558834135532 8.664592742919922 26.86525005102158 0.1362497508525848 50.37722561508417 0.1359064728021622 0.3635725229978561 13.09416434913874 157.9652958512306 0 0 0.4726207628846169 17.96644415706396 2.02085916697979 34.43606093525887 0.4882824346423149 1.05269730836153 0.07708153873682022 3.32057972997427 5.622442997992039 0.8682266771793365 851.5054826140404 4.415113635361195 0.09407132863998413 1.019291110336781 0 66.60336712747812 230.6612870171666 1030.180778712034 91.12210851162672 4.210076831281185 22.55556782335043 1938.40657287091 83.98628775030375 1.270463302731514 11.00086009502411 0.2432654723525047 0 0.2006843611598015 1.583800129592419 1.772668659687042 47.04673597961664 28.24849291145802 12.4136396124959 10.98746626824141 4.096588216722012 0 0 0
197.0460045039654 7.148643471300602 11978.07934336364 1.93503525108099 1.359064519405365 115.8897886201739 1015.489733584225 575.5071234181523 9.761678509414196 27.29314582794905 136.9299758821726 1.379553869366646 16.77056501805782 513.0712137743831 1.241881787776947 3577.591515854001 3887.168660253286 146.9061995968223 1027.926899783313 1.956110537052155 18976.23208542168 346.3944428563118 16351.2008517608 230.7044904902577 5.834654033184052 3139.887000918388 9070.00222016871 2094.190743908286 504.2952906787395 7186.858755819499 6.385329633951187 7.47783488035202 34.22067303210497 3593.414273492992 207.8216588273644 9142.189311549067 5068.44642226398 5843.669418111444 6785.103201195598 400.6360874250531 18.37049404531717 21.94626717269421 41.66586840897799 1.172775775194168 5.636254176497459 210.792153455317 0.35206538438797 0 0.3362107276916504 30.91403881460428 5.022747799754143 7.563128553330898 1.037965297698975 0.8212770223617554 0.7601140439510345 0.5553167760372162 3.824593059718609 0 1070.709111489356 5.146267160773277 0.0975504070520401 0.9355716705322266 1.304057121276855 132.4619651287794 614.2904692441225 1786.847399197519 83.28334052115679 0.09855116903781891 7.449422053992748 1284.887977980077 131.1888052895665 3.067533820867538 33.4743714928627 0.3249372690916061 0 1.337603516876698 5.773599833250046 44.75909255445004 414.9379077553749 490.0279675349593 20.89593717455864 15.20200546830893 22.84310571104288 0.7006304562091827 1.104163631796837 0
2.113995455205441 801.1186727285385 193.5395702570677 1643.642496861517 11.19009548425674 131.6512224599719 540.8412517756224 107.0150131136179 5655.234268903732 395.8663224205375 25.30440331250429 201.8442894816399 63.19420175254345 75.43443609774113 728.8802007138729 1922.683244816959 26.51349625736475 5.720046311616898 6.61003453284502 488.7337836921215 602.5500271767378 5169.22209174931 230.7044904902577 8747.390609562397 242.439827375114 81.86246320605278 2775.911554940045 6196.879947625101 434.798466861248 207.5497894585133 6.266814865171909 2.020827881991863 141.5351637080312 384.9651928395033 29.96045081317425 2356.706763505936 163.3176117017865 511.2956302091479 337.1852497383952 514.5277131274343 76.02179448306561 13.91515526175499 32.81848042458296 23.96597725898027 24.70296593010426 17.04273004829884 262.4883981496096 0.8190133571624756 127.4782251492143 538.5610429495573 160.9406165406108 1530.753184042871 145.1848409026861 17.56564158946276 290.3673310652375 5.120617188513279 102.4713050797582 10.61594056338072 401.3843455314636 2.434129700064659 3.864933624863625 1.265094630420208 531.6976218372583 310.6153514459729 262.8633899092674 229.3758150041103 4091.016056321561 1.599269211292267 11.60815923660994 95.62116174399853 3180.268141426146 132.9201671481133 496.9550169482827 1.353574991226196 3.724332295358181 12.60866109281778 56.48427650332451 5.555921025574207 363.2351767793298 19.97557757794857 153.9708497449756 39.65714959055185 333.6544773951173 12.79285597801208 5.556297302246094 2.39726734161377
0.1503579467535019 1317.952674619853 4.41671771556139 0.3899301588535309 1.889229863882065 6.035160221159458 1.58949238806963 9.707858055830002 254.2424842119217 2.254433646798134 816.611492536962 2.386207953095436 5698.348466724157 2.185211196541786 2.038541197776794 15.58384028822184 9.501027934253216 26.19824915379286 6.717630743980408 1.112727798521519 2.646576702594757 941.0014793649316 5.834654033184052 242.439827375114 2147.450467504561 477.9561327472329 6379.030263483524 8.252970024943352 6.169435948133469 0.3675442785024643 315.616504304111 10.07312815636396 0 426.695095770061 13.86888065934181 236.1658615767956 1045.0460716784 987.3385632485151 179.7482500597835 18.06983225047588 46.27828814089298 875.647250443697 0.7910640239715576 0 30.84277579933405 1.071551397442818 0 0 0 0.2436841428279877 0.6639207750558853 0.9454096034169197 0 147.1483783349395 0 508.1977922990918 0.2294657155871391 0 0 0.2889792323112488 5.600928232073784 0.2441261261701584 1.262465000152588 0.09638090431690216 0.4725222960114479 0.5388379245996475 1.819612316787243 156.5434370934963 101.0695770457387 337.984848625958 2.675958000123501 0.2157529518008232 0 44.03625250607729 0 0 6.537002868950367 3.537028312683105 25.1366101950407 110.6551415473223 59.64706485718489 6.491727843880653 5.235373258590698 0.5284159779548645 80.42806785553694 0
79.81437021493912 536.8277369365096 12825.16371355951 2.061640799045563 23.86489576846361 188.2593509703875 339.6978442892432 697.272003673017 56.84729922562838 50.60042054951191 3121.860095158219 46.41919443011284 331.821899920702 401.6523842737079 3.043998099863529 13.82884816080332 2492.769744724035 3262.323438614607 7049.339050263166 16.3104692324996 89.01642213761806 87.33642421662807 3139.887000918388 81.86246320605278 477.9561327472329 21136.36267282814 6865.443895928562 87.99189092218876 414.8701940178871 347.4668473675847 508.7251625582576 125.6212989836931 5.538154028356075 4211.523797370493 50.22713870555162 4338.36635722965 8218.692039139569 5259.696173354983 1307.360706277192 119.7084496840835 27.87562467902899 90.38483101129532 10.32891827076674 1.062759600579739 608.6384210735559 408.2764939367771 1.167796552181244 0 0.4120751470327377 11.02878391742706 2.7323929220438 5.550568163394928 0.1021344289183617 149.1599142551422 1.464870892465115 787.7026750594378 5.573435895144939 0 7.992969110608101 61.16795832663774 112.820734359324 99.68407572805882 0.6696118712425232 2.743318006396294 23.14252768456936 14.87146311253309 18.29368957877159 309.0877919122577 3307.780195377767 7517.701015084982 19.82145660370588 1.369295381009579 0.6163467988371849 235.3457257300615 0.288854718208313 0 22.19801250100136 9.730809591710567 95.48640783876181 1460.402708023787 68.18190944939852 11.43590388447046 2.774060949683189 0.4492824524641037 15.47039888054132 0
20.67567829042673 6748.513706475496 4390.78275834024 4.256461970508099 7.987882748246193 53.87073940038681 286.4808130785823 200.9350642636418 704.8482436686754 22.03198450058699 705.3271825835109 21.11033939570189 2493.224714159966 115.7829809784889 8.095272995531559 3986.25225327909 4963.770845070481 707.7934160530567 2116.763480640948 8.445707373321056 1196.394608981907 5095.987636245787 9070.00222016871 2775.911554940045 6379.030263483524 6865.443895928562 25753.21653421223 1719.152863055468 183.0089876353741 119.8812466859818 565.010730035603 60.85740295797586 5.162157028913498 3443.233018673956 131.3881292715669 7097.077431224287 3780.59753831476 5877.079355098307 2617.092607423663 408.6872721016407 14.70002657920122 51.78877837955952 25.10258626937866 4.426326893270016 2467.044881269336 2952.385009460151 0.7075053602457047 0 2.412256218492985 104.1061529740691 41.30710276216269 21.65299682319164 3.711533933877945 200.1282810121775 1.515590205788612 983.0112244337797 74.20518937706947 0.3045777603983879 535.5775420442224 173.6518920511007 162.0406345576048 86.35846517235041 1.437087707221508 24.30069983005524 1575.060159854591 1388.786760777235 140.7159843444824 442.1629997491837 3713.653858713806 18435.30730863661 155.2973464429379 5.725527234375477 5.88508003950119 373.6556277051568 0.5603039041161537 0.3760692700743675 55.23558370769024 39.62827613204718 375.7289737164974 1683.565537638962 193.4696224555373 64.00991009175777 10.79198712110519 0.4903032556176186 10.02672675251961 0.6820949912071228
6.622438207268715 21.22534435242414 803.8211894333363 3325.317485697567 2.013213522732258 602.2772981673479 9979.917481057346 161.9032884687185 976.0960691645741 3732.150029733777 26.61098666489124 268.7665162906051 15.86951873451471 141.6491947621107 71.78019566833973 1850.456015765667 98.64110284298658 14.2553166821599 27.56457977741957 2913.451253585517 5780.552768610418 183.3884213045239 2094.190743908286 6196.879947625101 8.252970024943352 87.99189092218876 1719.152863055468 20979.93653041124 1092.599594183266 9531.437584549189 1.640892088413239 9.045709952712059 485.2733225673437 1183.990678034723 117.7922366485 4970.727409176528 300.1323295161128 1385.049657486379 1167.522839352489 360.2665262818336 136.2822088673711 5.392355412244797 61.89158734679222 23.88853977620602 2.227743193507195 15.33730836212635 274.1710474491119 0 113.7913647741079 447.5142261758447 144.1604288294911 553.1693813428283 123.4439409822226 18.76657148450613 236.7426460161805 3.204099021852016 102.8994333669543 10.63217800855637 257.3714983537793 2.100865222513676 1.701076351106167 1.615674555301666 483.198233909905 210.1936838626862 83.86937968432903 138.1965323090553 2409.940334886312 0.09098474681377411 7.396283984184265 91.19262896478176 2182.863398358226 130.2101783975959 522.2315128147602 0.3104393482208252 1.59948868304491 14.20051099359989 41.87953150272369 21.1782296821475 347.5540297105908 29.80580493807793 108.1277959868312 29.97409007698298 303.1239883005619 10.76463127881289 0.6423038244247437 0.2233959287405014
