1524.194518566132 0 68.02892561256886 0.4307679310441017 0.5203613564372063 30.96684201806784 4155.786784775555 1566.083969533443 14.21048306673765 41.63343679904938 41.59155371040106 1.916843615472317 2.517800897359848 8051.193760193884 0.9281313568353653 0.3085081577301025 124.1597890779376 16.62033127993345 38.27581832557917 4.188583679497242 12.30830997228622 0.1054525226354599 58.54848196357489 42.17237678170204 0 37.72198632359505 26.50929081439972 84.741803355515 3254.082312561572 2281.612498514354 0.9211785495281219 35.33082929998636 68.42647387087345 298.6566676348448 0 31.54765520989895 8.059802539646626 99.60708366334438 13.51367977261543 3.011950224637985 4.318989478051662 0.1386761963367462 0.1284863501787186 0.08944210410118103 0 1.237849652767181 0.2038306221365929 0 0.09000615030527115 6.22810335457325 0.2095055878162384 2.7587004378438 0.1161329820752144 0.07014846056699753 0.1338754594326019 0 0 0 2.186501309275627 0.1255252361297607 0 0 0.3526180759072304 0.3565175384283066 0.4299602210521698 0.7035237178206444 17.59311008453369 0 0.3638591915369034 1.808154307305813 18.11390960216522 0.07357104122638702 2.644347690045834 0 0 0.1766625344753265 0.1073252037167549 0.7938232421875 4.705536678433418 0.3088773190975189 1.627737611532211 0.6879925429821014 0 0.5600675195455551 0 0
0 86.7571439370513 135.8577840477228 0.8209566026926041 0.41047003865242 1.685403235256672 14.04961694031954 1.741337172687054 228.8035397529602 1.793338917195797 87.44343443214893 2.092920273542404 768.8672020956874 1.288228370249271 9.373966962099075 438.0870418101549 244.0592320114374 7.026053264737129 13.39247395098209 0.4473884552717209 21.84653804451227 1968.055281311274 67.44920805096626 820.7352273464203 1193.78703340888 311.1824279874563 7854.189336329699 85.76241437345743 2.730707161128521 13.40302404761314 63.13055046647787 0.4466843903064728 0.4164880141615868 104.9132351949811 1.127126783132553 151.6247036382556 114.8965072035789 193.2535825520754 32.84735469520092 14.35700800269842 1.456415295600891 107.6418934464455 1.06356942653656 0 241.4792494103312 241.3237252235413 0.8025960922241211 0 0 1.828294262290001 0.5259989649057388 0.6549984365701675 0 17.6049075499177 0.1423117369413376 37.19550497829914 0.851118691265583 0 11.69958227872849 112.8397638946772 1.673043519258499 16.77742094546556 0 2.542101755738258 25.22532021999359 59.61982292681932 2.58141952753067 56.54390403628349 180.6105774641037 1802.500852711499 2.901252612471581 0.4389829337596893 1.559724695980549 11.07494014501572 0.2385895252227783 0 39.65051143616438 1.936783865094185 118.5752208605409 42.27852336317301 98.53843812644482 26.23433062434196 0.6672420501708984 1.556616276502609 4.489811077713966 0
68.02892561256886 135.8577840477228 8590.307790242136 2.479508318006992 0.2623770833015442 49.7222919985652 813.3049573451281 416.9537700340152 0.195706844329834 20.48189087212086 23.88609459996223 2.366202816367149 4.36919604241848 188.3794635534286 0.2675358206033707 2.928721472620964 3645.324865654111 60.60536959767342 302.9607844203711 3.066217578947544 317.4754863530397 25.65797410905361 9872.79151224345 16.94663599133492 1.500105120241642 5453.461450889707 7540.610859721899 696.1749021485448 120.7257534489036 2221.332652851939 9.667203649878502 6.638216719031334 4.601087838411331 183.80958237499 7.227704510092735 471.5554797276855 2352.173610202968 662.9263396561146 150.0460777804255 15.49911136180162 4.825621359050274 14.07604858279228 1.26515120267868 0 200.3295534998178 671.4193065539002 0 0 0.4096346125006676 6.011551141738892 2.131773211061954 0.5810116976499557 0.8673279583454132 0.7487861216068268 0 0.5637103244662285 0 0 10.97630301117897 69.79541004449129 1.197210922837257 6.168864667415619 0.1772946417331696 4.910220935940742 48.43230038136244 255.924310863018 4.858965620398521 1.88349911570549 73.40253219008446 1668.345989055932 5.733458839356899 0.6130023300647736 2.098058603703976 0.5187451541423798 0 0.8147957772016525 29.93000192195177 1.56859964132309 132.5546757206321 55.10438160598278 90.75640337914228 33.69843201339245 0.994362086057663 0.2425638884305954 0.2408916503190994 0.469390869140625
0.4307679310441017 0.8209566026926041 2.479508318006992 2471.212952896953 1.275581769645214 105.8255225494504 199.9268853366375 84.36508018523455 674.8358653634787 3779.855305314064 9.050942249596119 2299.460906900465 0.8896634057164192 29.61897467821836 32.93362253904343 9.665225222706795 0.2715421766042709 1.432991728186607 0.4736160188913345 4283.129750497639 0.4097035601735115 1.427390098571777 4.198371827602386 3577.503127045929 0.2463121488690376 2.867158904671669 11.13472490757704 5210.332522772253 47.80114399641752 2.902133040130138 0.8751143366098404 8.4934993237257 0.3700492158532143 29.92092723399401 0.9068964123725891 217.4707023575902 2.111424520611763 67.48909498006105 26.6689770668745 91.83308950066566 12.46609083563089 0.4852427169680595 1.443616151809692 0.1651422530412674 0 0.4221751987934113 170.0157593116164 0.4162515848875046 8.44519105553627 172.6513493955135 5.555295705795288 80.62928601354361 85.5294017791748 0.08956168591976166 76.5489808395505 0 2.707450017333031 43.4269298389554 1.998432368040085 0 0 0 99.68504010140896 1.41220223903656 0.355462908744812 3.402898944914341 235.8877126276493 0 0.7870877310633659 1.547177754342556 215.7663451135159 2.754179894924164 0.4707872867584229 0 0.4021394848823547 0.1703915596008301 1.294691726565361 0 10.61561717092991 0.2424883246421814 7.540714837610722 1.486094892024994 107.1171130612493 0.4815765470266342 0.5694573521614075 0.3188186585903168
0.5203613564372063 0.41047003865242 0.2623770833015442 1.275581769645214 101.3171772658825 811.170129776001 10.22531928122044 82.99932911247015 64.48292871564627 10.65463224053383 16.48966113477945 71.36482069641352 4.461348637938499 23.96986277401447 874.4506586641073 0.1205763816833496 0.3092179596424103 1.177923336625099 0.377276286482811 10.42664647102356 0.07832182198762894 1.754819847643375 0.1616819947957993 6.865014724433422 0 1.971860751509666 0.6671912744641304 8.858116686344147 471.3937134593725 1.698747098445892 0.387814924120903 430.1546473056078 0.3597916141152382 429.0613516196609 1.017184153199196 80.4025930762291 3.646773770451546 155.5800852328539 75.83436226844788 1731.435941107571 115.6485883593559 8.662731647491455 4.267501845955849 0 0 0 0.5533848851919174 0 0.1760701388120651 1.278963752090931 0 1.218155175447464 0.285096064209938 0 1.782036080956459 0 0 1.057356864213943 0 0 0 0 1.257228046655655 0 0 0 1.094908244907856 0 0 0 1.089633107185364 0 0.4245391339063644 0 0 0 0 0 0 0 1.196194171905518 0 4.210295170545578 0 0 0
30.96684201806784 1.685403235256672 49.7222919985652 105.8255225494504 811.170129776001 9839.397086784244 2938.126828700304 4468.186320632696 85.15342949330807 7355.511182423681 221.7605040408671 2286.278872102499 38.5250031426549 682.4857936277986 1411.494968824089 4.971029981970787 11.74722716957331 23.38049991428852 12.37943952530622 523.1691732704639 16.1059549972415 7.137104146182537 27.90010216087103 96.80764162540436 1.08383421599865 48.94319179281592 36.70325894653797 1054.208199173212 680.9225772172213 87.02091068774462 5.097622558474541 1289.477262534201 2.891663447022438 669.9369593262672 12.28666957467794 819.154238127172 37.60569176077843 665.3582733720541 403.8242202624679 3672.946172587574 362.5873581692576 30.1005066037178 22.56181740760803 0.162354588508606 0 1.690571770071983 26.47971832752228 0 0.586951419711113 126.9041537642479 3.091493286192417 18.28029382228851 17.06779449433088 0.1010247394442558 13.34859592467546 0.09402438253164291 2.35208934545517 6.03022975474596 9.039564251899719 0 0 0 22.80067163705826 2.267818227410316 1.499358519911766 8.256751880049706 115.567254409194 0 1.048147149384022 4.168456800282001 130.4718586802483 3.127701729536057 1.599444881081581 0 0 0.2721837684512138 3.484426699578762 2.195949971675873 15.47016030550003 0.5871129482984543 6.512773394584656 1.970801457762718 32.78086252510548 1.172297105193138 1.189920261502266 0.4111350774765015
4155.786784775555 14.04961694031954 813.3049573451281 199.9268853366375 10.22531928122044 2938.126828700304 14125.66726541892 8980.433370541781 348.2675516754389 3844.482407860458 94.26351749151945 79.81680744886398 9.141917042434216 7128.017410807312 30.78138755261898 95.98165836185217 106.752953581512 24.15671335160732 22.94667701423168 149.7577519267797 660.6885676234961 78.83000104874372 636.1214305832982 4000.854551166296 1.579129733145237 182.4075774550438 458.5739386230707 21318.76053889096 2080.071756482124 8895.390407964587 4.701324321329594 118.7137449383736 78.53094715625048 716.486845575273 91.08890637010336 3504.965129852295 266.8505671471357 1182.047136865556 656.6768918707967 287.5693613886833 139.1767796948552 3.522727243602276 51.74578491598368 2.247801721096039 6.070748910307884 13.21077220886946 99.0641058459878 0.1310158222913742 4.345070391893387 989.0044981911778 26.68167450278997 121.5850918442011 75.79698142409325 2.563862264156342 17.67242459952831 0 20.9395422488451 9.374246686697006 93.33957719802856 1.227745153009892 0.7369917780160904 0 56.25872189551592 16.95751736313105 37.68394757807255 89.95358245819807 1169.806107647717 0 2.036950461566448 102.7160212472081 1249.570041924715 34.75208807736635 57.24006226658821 0.4540877044200897 0.7901666164398193 2.663754180073738 17.67033441364765 11.27464692294598 156.1265572980046 2.151570856571198 89.93699368834496 22.48442070931196 91.51230575144291 8.220374740660191 1.05553175508976 1.415510185062885
1566.083969533443 1.741337172687054 416.9537700340152 84.36508018523455 82.99932911247015 4468.186320632696 8980.433370541781 9996.639783985913 105.7909967526793 2676.448586750776 340.1743714138865 644.5761413052678 49.51666086167097 7423.039299428463 85.99715496599674 5.153313092887402 449.6244444176555 58.01719486713409 132.7093972936273 421.4005543887615 59.59889601916075 6.564111776649952 242.7472143173218 383.7559894099832 2.029523566365242 213.0108121410012 150.8700057640672 877.8865487799048 1085.590165354311 2296.943002223969 7.193475626409054 634.6653259173036 10.02489395439625 903.7478435337543 17.42391810566187 814.2446164265275 95.435432754457 690.471283018589 417.6204022094607 813.8997867107391 194.9928709715605 37.22708421945572 24.4705113992095 1.618611358106136 2.019678041338921 3.987303428351879 15.57707283645868 0.07976226508617401 1.123936720192432 200.4026718437672 3.938373208045959 20.57995460182428 13.48695690184832 0.2852305471897125 5.43803346157074 0.09087280184030533 3.29410420358181 3.506975553929806 10.8279222548008 0.4587705135345459 0 0.3408136516809464 12.11455847322941 2.84197148680687 3.463110469281673 11.09325204789639 197.31743786484 0.09921010583639145 2.219633758068085 26.14548328518867 225.7845773175359 6.450039304792881 6.939676448702812 0 0 0.5183783322572708 4.57397586107254 0.5985480099916458 21.67698087543249 1.034630700945854 15.81331727653742 4.694038204848766 11.86117105931044 1.383491903543472 2.69305294752121 0.249346449971199
14.21048306673765 228.8035397529602 0.195706844329834 674.8358653634787 64.48292871564627 85.15342949330807 348.2675516754389 105.7909967526793 1239.401976853609 134.9781292900443 7.750650592148304 529.5827587172389 9.155544981360435 56.53516709804535 909.7346427217126 11.65022183954716 1.523794189095497 1.380540527403355 0.9674765467643738 383.7521181255579 5.86388124525547 2181.805084563792 2.043092735111713 11609.47004210204 35.49141703546047 7.708410955965519 147.8853789493442 1966.617772914469 114.592394284904 38.35062072426081 1.435428939759731 5.99220984429121 7.252850137650967 53.13332837074995 12.33774258941412 310.1318388283253 7.082352340221405 74.46939660608768 47.21162980049849 631.6433182433248 10.40564059466124 2.537157982587814 3.248408824205399 2.226997502148151 3.236481592059135 0.2236193716526031 362.2466331794858 0.8221197873353958 9.620592176914215 257.1393750235438 14.94461663067341 156.2758188545704 114.5202757269144 0.3735172227025032 110.29132886976 0.3767355754971504 10.47973897308111 53.66507583111525 104.9695812016726 0.2116148844361305 0.3683267831802368 0.1208384856581688 163.6431127488613 20.54932481050491 29.78101162612438 5.116627648472786 2119.470518685877 0.63980682939291 1.32837713509798 9.156976997852325 919.4174754247069 19.41600316017866 41.46645598858595 0.08367348462343216 0.3998729512095451 2.325258739292622 8.403344362974167 2.062721401453018 64.6109449788928 0.4954831451177597 34.81508076190948 13.52277639508247 96.52998906373978 3.429252915084362 0.252637006342411 1.065225526690483
41.63343679904938 1.793338917195797 20.48189087212086 3779.855305314064 10.65463224053383 7355.511182423681 3844.482407860458 2676.448586750776 134.9781292900443 19144.63526560739 88.44873129576445 3578.99768806994 11.69232334941626 1023.58697193861 46.39508695155382 7.193372093141079 4.998786479234695 16.82919462025166 9.43995276093483 4040.050784081221 15.35554270446301 7.953032270073891 14.61303927004337 481.8528317697346 0.5127827525138855 23.07111260294914 36.98040521144867 8265.739733245224 367.7309238538146 28.17044647783041 3.698626719415188 116.9810600429773 1.75630284845829 279.3979516848922 15.65318626910448 923.7900855243206 32.60279839485884 448.1890884190798 180.3317090645432 282.5138072520494 95.76191169768572 5.201732829213142 24.47235476970673 0 1.071296885609627 1.690764188766479 93.83508294075727 0 3.638100609183311 254.2979456707835 4.120228134095669 39.25205069035292 74.82642534375191 0.09318812936544418 52.90848333388567 0.09011799842119217 3.931446023285389 25.81393213570118 9.213760823011398 0 0.2119942009449005 0 57.8500552624464 0.8288689106702805 3.103604808449745 9.785395838320255 240.4025972858071 0.1804298907518387 0.8827963620424271 5.942151181399822 245.0502897799015 3.454657882452011 4.044267304241657 0 0 0 2.11553693562746 1.102491587400436 32.29290077090263 1.011570110917091 12.16153658926487 4.222667321562767 70.54700089246035 1.401719033718109 0.2578326538205147 0
41.59155371040106 87.44343443214893 23.88609459996223 9.050942249596119 16.48966113477945 221.7605040408671 94.26351749151945 340.1743714138865 7.750650592148304 88.44873129576445 9437.994650900364 145.4956856817007 2041.423472255468 267.8507958948612 12.00628179311752 1.408405184745789 753.9720518440008 3235.700550168753 2438.700588539243 83.58511929959059 67.3748177215457 8.364774152636528 148.3742235451937 16.51758646219969 287.880628041923 1580.112032189965 961.7999574020505 50.16050814092159 487.2146785706282 127.7379126474261 520.1012696102262 323.606299161911 35.54717657715082 7351.227811135352 20.73128667473793 563.7565320804715 4323.341626860201 4363.910653039813 627.9249329715967 41.19685386121273 62.58690322190523 740.4496788084507 2.746335327625275 0 21.01633022725582 4.916556112468243 0.2424916997551918 0.1101879626512527 0.406562328338623 6.662272103130817 1.686793327331543 1.304703988134861 0.612259142100811 551.192190118134 0.4336732029914856 1151.033805370331 2.092036403715611 0.6195796430110931 0.6329176872968674 1.701533377170563 3.099901750683784 2.552839323878288 0 0.2173088043928146 3.211264878511429 2.734129637479782 5.706602059304714 330.9310142323375 122.9038522541523 230.2104892656207 5.973530575633049 1.630734242498875 0.6126236170530319 168.7399913370609 0.481380820274353 0 148.8880386278033 2.161655306816101 7.833134882152081 595.3337756246328 122.2781482040882 17.74736182391644 1.743091650307178 2.685027480125427 393.4214032664895 0
1.916843615472317 2.092920273542404 2.366202816367149 2299.460906900465 71.36482069641352 2286.278872102499 79.81680744886398 644.5761413052678 529.5827587172389 3578.99768806994 145.4956856817007 6813.005561109632 22.01311904191971 303.9189091622829 1038.325559698045 0.5223555117845535 2.189404524862766 21.86122341454029 8.778229363262653 6054.640399731696 0.7013071998953819 11.08413130044937 0.9550856798887253 353.6724538058043 1.053985483944416 29.39768970757723 7.417366467416286 2812.754575125873 411.4074180871248 3.677700310945511 5.701614655554295 179.7143482416868 0.1866278946399689 359.1284707635641 8.331544332206249 1196.656145453453 18.53383681178093 534.1595925837755 145.6253901571035 1953.421614326537 103.2090055271983 5.502123557031155 12.97045009583235 0.1410825252532959 0 0.09938222914934158 78.49972725659609 0.3379507064819336 5.083473697304726 65.58263698965311 3.405420981347561 56.9923394843936 55.66378118097782 0 190.6993768140674 0.3180092871189117 1.803650543093681 61.89314240217209 0.5856476277112961 0 0 0 84.02547676861286 0 0.1788401901721954 3.244597122073174 126.2655641958117 0 0 0.2398561090230942 90.50207808613777 0.5119982063770294 0 0.08154162764549255 0.09765950590372086 0 1.229554459452629 0 26.04535582661629 2.374675795435905 2.719665102660656 1.727413989603519 176.8276396244764 0.3460520356893539 0.102264791727066 0
2.517800897359848 768.8672020956874 4.36919604241848 0.8896634057164192 4.461348637938499 38.5250031426549 9.141917042434216 49.51666086167097 9.155544981360435 11.69232334941626 2041.423472255468 22.01311904191971 3047.681803680956 25.38257479667664 3.083861134946346 7.297787308692932 4.863846428692341 48.79736872762442 10.59782448410988 11.67178394645452 1.957465268671513 76.64888733625412 4.08335080742836 29.40295184403658 4621.681164748967 286.2477907091379 4899.634164467454 8.635745003819466 31.41697034239769 4.208859644830227 1858.669701032341 35.83529568463564 0 1509.66783696413 4.932336680591106 117.3492920547724 1527.46845510602 1028.318330876529 120.6243633702397 18.81613495200872 20.49739602208138 1126.49100831151 1.986337780952454 0.2237780168652534 34.31645143032074 0.4346786737442017 0.1105521470308304 0 0.09571176767349243 0.9301673024892807 1.042198657989502 1.006890572607517 0.4186363965272903 919.2756744176149 0 2046.646309494972 4.342156685888767 0.09812608361244202 0.2266720533370972 2.149526566267014 3.704849720001221 3.096785597503185 0.3870898559689522 0 3.037763118743896 0.4980564564466476 0.6450143828988075 933.734725445509 163.595867626369 332.9184056073427 1.718689814209938 4.015140019357204 0.07801694422960281 288.8721748590469 0.754954606294632 0 155.5173622444272 0 6.291482001543045 520.3917505666614 146.771950379014 10.41581796854734 0.09849108755588531 0.7921530231833458 326.6843914017081 0
8051.193760193884 1.288228370249271 188.3794635534286 29.61897467821836 23.96986277401447 682.4857936277986 7128.017410807312 7423.039299428463 56.53516709804535 1023.58697193861 267.8507958948612 303.9189091622829 25.38257479667664 11113.21352928132 20.43802155554295 2.95232529938221 278.3902733996511 52.95675991475582 96.25748255103827 181.5260790288448 21.11374903470278 2.455467969179153 121.4482754692435 147.7427420988679 0.9158788323402405 117.3549763858318 80.25408615171909 330.0456190556288 5510.583093442023 2174.693619184196 5.147373877465725 454.1861659362912 17.57397807389498 919.8356964364648 4.10185644775629 221.7656971365213 39.54599764198065 414.4190106242895 79.96346686035395 114.1835394799709 40.57496295124292 4.408948317170143 3.558939754962921 0.08734992891550064 0.6110537126660347 1.462964817881584 3.252718135714531 0 0 44.41214621067047 1.102457001805305 8.41894057393074 2.87319465726614 0.08469065278768539 0.7836028337478638 0 1.992014281451702 0.5557911321520805 4.467478685081005 0.4950927793979645 0 0 2.066423699259758 2.619419224560261 2.824626326560974 4.348528757691383 64.73568253964186 0.08994518965482712 0.944380596280098 8.478708818554878 74.92692606896162 1.329793356359005 7.388922721147537 0 0 0.09733720868825912 1.631172060966492 0.6802436113357544 7.139974974095821 0.2087233811616898 5.82932148873806 1.450175665318966 2.477895930409431 0.785193607211113 0.2089830785989761 0
0.9281313568353653 9.373966962099075 0.2675358206033707 32.93362253904343 874.4506586641073 1411.494968824089 30.78138755261898 85.99715496599674 909.7346427217126 46.39508695155382 12.00628179311752 1038.325559698045 3.083861134946346 20.43802155554295 409.9971539974213 0 0 1.712857864797115 0.4360424727201462 61.07133732736111 0 61.98915499448776 0.4038620889186859 328.4436126276851 1.900879934430122 2.192007310688496 8.578470766544342 123.9366376772523 279.0478703677654 0.1970350593328476 0.6144196540117264 509.8061622232199 0.1142755076289177 137.0665141120553 0 491.3085264638066 1.035532645881176 38.4485487267375 10.82312694936991 2032.515405669808 50.04272738099098 1.827246032655239 0 0 0 0.1759804487228394 21.40886473655701 0.185653954744339 3.343507669866085 20.33832180500031 0.2239578440785408 23.35901279747486 16.95999591052532 0.238597959280014 32.56866186857224 0 0 25.84542764723301 1.544484071433544 0 0 0 19.84873359650373 1.307383246719837 1.296869844198227 0.1028092950582504 44.62556676566601 0 0.1453086584806442 1.118824049830437 33.6684719696641 0.2837548479437828 1.491268545389175 0 0 0 2.325142443180084 0 12.52062766253948 0 0.8595207184553146 0.4494291841983795 78.55864089727402 0.2289108484983444 0 0
0.3085081577301025 438.0870418101549 2.928721472620964 9.665225222706795 0.1205763816833496 4.971029981970787 95.98165836185217 5.153313092887402 11.65022183954716 7.193372093141079 1.408405184745789 0.5223555117845535 7.297787308692932 2.95232529938221 0 2629.706122212112 7.219823740422726 0.7511567026376724 1.567632928490639 0.2037858366966248 5304.443356998265 2131.62769985199 3082.750747323036 1358.135042183101 31.44298852235079 2.966724969446659 2991.412068702281 1970.226178497076 13.74855566769838 147.6602612137794 1.699877887964249 0 7.73063900321722 70.35389697551727 22.40252763777971 1156.266020856798 285.2159675881267 324.4224652051926 421.6272691115737 35.48598326742649 1.448026791214943 3.146367579698563 8.725321263074875 2.33751654624939 2.040773287415504 3.126236349344254 0 0 0 17.69160745292902 0.7576699033379555 9.930334761738777 1.549312956631184 0.1340511590242386 0.1183454915881157 0 2.626050673425198 0 2898.313956253231 1.352540619671345 0 0.1606666296720505 0 677.9564003199339 1000.888832949102 1399.669522561133 311.168505474925 0.1439229100942612 1.30807339400053 244.092915378511 349.7359689772129 14.40214002877474 205.7471959665418 0.145921915769577 0 6.01954360306263 11.80073735117912 4.074506536126137 85.5625870898366 3.685806334018707 25.81517848372459 13.93482496589422 7.567409202456474 1.755486369132996 1.30018138885498 1.937128901481628
124.1597890779376 244.0592320114374 3645.324865654111 0.2715421766042709 0.3092179596424103 11.74722716957331 106.752953581512 449.6244444176555 1.523794189095497 4.998786479234695 753.9720518440008 2.189404524862766 4.863846428692341 278.3902733996511 0 7.219823740422726 1528.165094032884 518.6129707023501 2829.426541693509 1.411367267370224 1431.532807208598 7.983802571892738 5430.770087197423 15.43347028642893 4.299775876104832 2345.236467450857 5534.3322192505 103.060952372849 419.5652509257197 2985.437107637525 3.227601394057274 8.222439311444759 30.27014008164406 3341.669246815145 5.642920523881912 725.3985961899161 1053.103595353663 1961.899607546628 240.0154446586967 16.80730568617582 4.075068801641464 6.2990892380476 1.925688564777374 0 190.9708727896214 344.5282667279243 0.09175078570842743 0 0 2.002353243529797 0.1125584170222282 0.1265529245138168 0.1748417466878891 1.382971785962582 0 2.405024141073227 0.4795394614338875 0 4.595227263867855 96.49255660921335 0.5918622240424156 6.96063057333231 0 1.367486372590065 6.340794302523136 56.32333579659462 4.714269295334816 3.035411030054092 140.2837973386049 936.0283185094595 6.672488905489445 0.1659528911113739 2.295899853110313 2.052496410906315 0 0 25.18444135785103 1.824665263295174 97.36821270734072 34.96181878447533 80.90609373897314 18.65695363283157 0.8970853239297867 0.1339297592639923 0 0.203962579369545
16.62033127993345 7.026053264737129 60.60536959767342 1.432991728186607 1.177923336625099 23.38049991428852 24.15671335160732 58.01719486713409 1.380540527403355 16.82919462025166 3235.700550168753 21.86122341454029 48.79736872762442 52.95675991475582 1.712857864797115 0.7511567026376724 518.6129707023501 404.6917786449194 2109.667822875082 13.5412040501833 38.46469979733229 0.8528906181454659 106.5628793388605 3.816818319261074 13.59008720517159 2497.105833411217 402.5276848748326 14.76326613128185 93.09575961530209 110.016290821135 170.0261152908206 15.66721268743277 10.88843325525522 1177.484564192593 5.238947339355946 573.7473993450403 1097.560066141188 1545.51862052083 288.5429984405637 15.48024904727936 10.28040377795696 10.37156442552805 2.113331846892834 0 11.0446020886302 3.954330429434776 0.09747297316789627 0 0.1178554967045784 0.9587116092443466 0 0.3002988994121552 0 10.22748852521181 0 49.8274385407567 0 0 0.4073377475142479 3.858309179544449 3.143976122140884 7.339968368411064 0 0.1696512699127197 0.5527042299509048 0.5710726156830788 2.555417612195015 25.25980971753597 183.7994955703616 207.8810966908932 1.328288398683071 0 0 61.21687472611666 0 0 1.436507098376751 0 5.664154998958111 27.45724502205849 5.023733116686344 1.379797361791134 0.3347920998930931 0 0.9320048987865448 0
38.27581832557917 13.39247395098209 302.9607844203711 0.4736160188913345 0.377276286482811 12.37943952530622 22.94667701423168 132.7093972936273 0.9674765467643738 9.43995276093483 2438.700588539243 8.778229363262653 10.59782448410988 96.25748255103827 0.4360424727201462 1.567632928490639 2829.426541693509 2109.667822875082 1902.61968985945 8.40534433722496 209.6738866046071 0.6754721328616142 660.2410457208753 5.89448343962431 6.136966817080975 2033.198889143765 826.2433124557137 22.10498106479645 194.2860529348254 472.8448320403695 32.92587946355343 6.830343715846539 24.96685466170311 2984.263708434999 7.006534762680531 867.2619984224439 1287.16734200716 2359.673977695405 275.0193099677563 14.35629025101662 6.417684406042099 14.13470861315727 1.499608099460602 0 28.20273458212614 31.16504234075546 0.09167110919952393 0 0 0.5622269809246063 0.4174932241439819 0 0 2.653052769601345 0 18.01886880397797 0 0 1.759166412055492 24.95698084682226 4.315784618258476 11.28822785615921 0 0.1256673187017441 2.053467117249966 6.834104016423225 1.209043383598328 10.03154695034027 267.1990282982588 318.2540796324611 2.021602883934975 0 0.5011561661958694 25.45682160556316 0 0 5.373287737369537 0 17.72364794462919 39.37368903309107 12.12528332322836 3.041650176048279 0.4337185472249985 0 0.5502500683069229 0.42287677526474
4.188583679497242 0.4473884552717209 3.066217578947544 4283.129750497639 10.42664647102356 523.1691732704639 149.7577519267797 421.4005543887615 383.7521181255579 4040.050784081221 83.58511929959059 6054.640399731696 11.67178394645452 181.5260790288448 61.07133732736111 0.2037858366966248 1.411367267370224 13.5412040501833 8.40534433722496 798.8157034367323 1.44058807939291 2.232101753354073 3.69654842466116 956.8098162561655 0.5548234283924103 20.9603326022625 8.925392657518387 2993.245020925999 312.2063729837537 4.890416547656059 2.996268644928932 87.95582091808319 1.302791930735111 249.6893826127052 15.54792338609695 1203.541382327676 27.44672149419785 512.5991338863969 199.5539531633258 541.4034913852811 130.8292409554124 4.450786076486111 28.66672266274691 0.4196813404560089 0 1.299468815326691 192.7525807768106 0.4410572499036789 4.800967589020729 336.0276376381516 6.098196320235729 72.9255159497261 91.71115102618933 0.1574620753526688 96.32056161016226 0 5.149057306349277 51.72705129534006 0.1271357536315918 0 0 0 102.3813915327191 2.637269705533981 0 7.148569136857986 286.4346067681909 0.107395812869072 2.048599146306515 2.149091377854347 293.938538827002 2.859520822763443 0.7303128391504288 0 0.4829365611076355 0.1898366510868073 2.525310702621937 0.4921111762523651 21.14641065150499 0.4724683463573456 11.27641445398331 3.723816022276878 158.5843364223838 0.2644191682338715 0 1.483498632907867
12.30830997228622 21.84653804451227 317.4754863530397 0.4097035601735115 0.07832182198762894 16.1059549972415 660.6885676234961 59.59889601916075 5.86388124525547 15.35554270446301 67.3748177215457 0.7013071998953819 1.957465268671513 21.11374903470278 0 5304.443356998265 1431.532807208598 38.46469979733229 209.6738866046071 1.44058807939291 11549.12983893603 143.3977604210377 19203.91295473278 236.6944696754217 2.966442175209522 41.21706164628267 1228.405880779028 4505.029945880175 67.39212956279516 12018.38899347931 1.503853492438793 2.380656242370605 32.74602819979191 2374.399398997426 204.2710242569447 6437.345593757927 2022.531588435173 5417.019900612533 3236.224309846759 168.281782835722 20.04448907077312 13.96555380523205 53.51198656111956 0.9883394539356232 2.567703127861023 3.1465819850564 0.1437521874904633 0 0 14.49424023926258 0.4468760341405869 8.804403901100159 0.4351193234324455 1.044183969497681 0.433139830827713 0 1.866592265665531 0 660.5681972205639 1.326186031103134 0.3126305267214775 0.8687803596258163 0.3246926292777061 310.198837429285 120.6946608573198 246.1888630539179 229.1698125600815 0.1293898224830627 2.842739596962929 64.77999953180552 265.8387968093157 15.98178859055042 176.3604501783848 0 0 5.902689643204212 7.777611143887043 19.41599226742983 59.48148288577795 1.159857623279095 22.70307268202305 11.82825385034084 1.225586608052254 0.8401266187429428 0 0
0.1054525226354599 1968.055281311274 25.65797410905361 1.427390098571777 1.754819847643375 7.137104146182537 78.83000104874372 6.564111776649952 2181.805084563792 7.953032270073891 8.364774152636528 11.08413130044937 76.64888733625412 2.455467969179153 61.98915499448776 2131.62769985199 7.983802571892738 0.8528906181454659 0.6754721328616142 2.232101753354073 143.3977604210377 1051.207902029157 574.3227763548493 7431.014973223209 316.6488942727447 24.96856283396482 3752.183148674667 576.3539366275072 7.445618607103825 56.46569443494081 14.82889060676098 0.18905159085989 0.6307724565267563 27.33054419606924 2.30072195827961 103.8481655567884 11.48353456705809 58.26639011502266 44.28182147443295 81.33870580047369 1.28629145771265 8.02791053801775 1.554593458771706 0.1808713525533676 7.122483685612679 40.3341136276722 4.078127466142178 0 0.1082198992371559 10.08282409608364 1.351458802819252 21.81737653166056 0.8178046345710754 1.794981725513935 0.3533270657062531 3.264688216149807 0.3888207226991653 0 1727.901100680232 0.7680505141615868 0.1056250184774399 0.2330680042505264 0.2998488545417786 227.1631231084466 465.6944786161184 715.9707720279694 178.8448961377144 2.95842307806015 3.055491261184216 985.1841685473919 122.9530063048005 3.816975504159927 39.41308742761612 1.17511498183012 0 2.912940792739391 4.061366081237793 2.863327771425247 26.28429082036018 4.257779456675053 10.61940442025661 13.21420234441757 1.459322482347488 0 0.2979947552084923 0
58.54848196357489 67.44920805096626 9872.79151224345 4.198371827602386 0.1616819947957993 27.90010216087103 636.1214305832982 242.7472143173218 2.043092735111713 14.61303927004337 148.3742235451937 0.9550856798887253 4.08335080742836 121.4482754692435 0.4038620889186859 3082.750747323036 5430.770087197423 106.5628793388605 660.2410457208753 3.69654842466116 19203.91295473278 574.3227763548493 13955.67358507216 160.8418753445148 2.465757369995117 1408.225835375488 16167.66411920637 2187.205801509321 120.777557566762 5887.378372512758 5.169054210186005 5.419055230915546 10.86525110900402 2024.58603169024 160.3592062443495 6482.864122666419 6784.005763992667 5910.152024663985 4125.247444100678 276.2855862528086 30.99331720173359 26.05858872830868 53.62143488228321 0.4797347784042358 70.85566994547844 133.8484129905701 0.3137264847755432 0 0.8914755806326866 26.18420142680407 4.508549764752388 2.125096946954727 2.402969509363174 0.3388390690088272 0.1136717721819878 0.6355841457843781 0.5684234946966171 0.1405997723340988 2547.448752880096 8.95169847458601 0.2082007080316544 2.186308391392231 0 475.0518033280969 866.784770399332 2936.474928826094 121.2881244346499 0.8197555765509605 9.82706094533205 2374.616887502372 136.7348109483719 3.568524658679962 91.32897707819939 0.1231260821223259 0 2.300338715314865 8.819186933338642 15.17072427272797 81.95416913181543 10.75956183671951 37.3934712857008 32.26572452485561 2.825684070587158 0.5988414585590363 0 0
42.17237678170204 820.7352273464203 16.94663599133492 3577.503127045929 6.865014724433422 96.80764162540436 4000.854551166296 383.7559894099832 11609.47004210204 481.8528317697346 16.51758646219969 353.6724538058043 29.40295184403658 147.7427420988679 328.4436126276851 1358.135042183101 15.43347028642893 3.816818319261074 5.89448343962431 956.8098162561655 236.6944696754217 7431.014973223209 160.8418753445148 10756.55867242068 115.550142608583 17.89296285063028 1441.172349698842 9608.759389296174 371.1019686162472 444.3534877672791 6.069914408028126 13.83162835240364 33.21994590759277 200.3076037690043 39.35392540693283 1357.156359836459 63.52559862285852 341.4614094644785 189.9817998558283 363.2696223631501 37.01610095798969 4.876872852444649 11.22546631097794 5.393512152135372 1.475821539759636 4.587499491870403 373.4970826655626 1.785502508282661 12.20966233313084 1026.463363774121 32.67263002693653 703.50816424191 165.3538692370057 4.175814226269722 144.8268561586738 7.274954952299595 33.05862276256084 82.0188060849905 495.8742239847779 1.474916212260723 0.4710337370634079 1.010518610477448 185.3822374492884 182.6757857427001 233.7982964143157 76.39894434064627 3030.825998052955 0.5525381118059158 3.700085684657097 23.10928502678871 2661.884675495327 73.47296968102455 217.1224175915122 1.046313554048538 0.2324294224381447 10.49807599186897 40.0545539855957 11.79334828257561 297.5014882013202 3.997920259833336 142.2379417642951 43.01485113799572 291.1059082001448 10.15402070432901 0.7591452300548553 3.133483439683914
0 1193.78703340888 1.500105120241642 0.2463121488690376 0 1.08383421599865 1.579129733145237 2.029523566365242 35.49141703546047 0.5127827525138855 287.880628041923 1.053985483944416 4621.681164748967 0.9158788323402405 1.900879934430122 31.44298852235079 4.299775876104832 13.59008720517159 6.136966817080975 0.5548234283924103 2.966442175209522 316.6488942727447 2.465757369995117 115.550142608583 557.9431716054678 247.5914828628302 7394.165127746761 9.650693379342556 0.9424236789345741 1.904427476227283 550.6499134078622 1.23201035708189 0 619.4140711426735 0.9169036746025085 244.3738208562136 167.625410631299 370.2324439659715 41.54635759443045 25.5936099588871 14.90065342187881 645.3428209424019 11.60995435714722 0 38.91298568993807 1.377014234662056 0 0 0.1896124333143234 0.0845164954662323 0.4610796272754669 0.4700247198343277 0 330.6562229245901 0.08043408393859863 855.5375166609883 0.6542402133345604 2.664278030395508 0.68462123721838 3.661798596382141 0.7068537771701813 5.68660082668066 0 0.2801886945962906 2.456021808087826 0.3680167272686958 0.6693058460950851 210.7565161734819 211.9984254837036 509.0121669471264 0.4577102065086365 1.189423203468323 0 92.91270134598017 0 0 89.91202395409346 1.574698269367218 40.5531957000494 119.9125847518444 69.27893408387899 7.915995173156261 18.85638891160488 0 77.32044047117233 0.279840350151062
37.72198632359505 311.1824279874563 5453.461450889707 2.867158904671669 1.971860751509666 48.94319179281592 182.4075774550438 213.0108121410012 7.708410955965519 23.07111260294914 1580.112032189965 29.39768970757723 286.2477907091379 117.3549763858318 2.192007310688496 2.966724969446659 2345.236467450857 2497.105833411217 2033.198889143765 20.9603326022625 41.21706164628267 24.96856283396482 1408.225835375488 17.89296285063028 247.5914828628302 26682.42833785713 12129.40330731869 93.28485494107008 145.4679777547717 465.3998977839947 1076.769686177373 23.78131098300219 8.814017452299595 940.478997208178 18.66181971132755 2061.96783233434 4631.025838769972 3001.702584199607 490.1276372671127 59.84845744073391 17.01083581894636 43.18271863460541 6.261689819395542 0.1981409043073654 438.2618463486433 446.435459792614 0.1545843034982681 0 0.2368569523096085 3.719185277819633 2.079669006168842 1.98628044873476 0.5390284210443497 77.83242621272802 0.2020552232861519 525.1112565025687 2.139853730797768 0.1796560883522034 2.030519403517246 367.3859912455082 28.60668005049229 133.0356394648552 0.08590897172689438 2.720761865377426 7.282020099461079 44.88814316689968 3.462716683745384 283.0007694736123 2345.149629786611 4544.68480938673 4.120633371174335 0.8451159074902534 2.135987266898155 346.9091483131051 0.08646449446678162 0.12111546844244 75.7957636192441 4.813570499420166 242.8752600699663 243.3138609901071 247.9831760376692 35.28148759156466 2.467874690890312 0.1417038142681122 8.295223444700241 0.5494885891675949
26.50929081439972 7854.189336329699 7540.610859721899 11.13472490757704 0.6671912744641304 36.70325894653797 458.5739386230707 150.8700057640672 147.8853789493442 36.98040521144867 961.7999574020505 7.417366467416286 4899.634164467454 80.25408615171909 8.578470766544342 2991.412068702281 5534.3322192505 402.5276848748326 826.2433124557137 8.925392657518387 1228.405880779028 3752.183148674667 16167.66411920637 1441.172349698842 7394.165127746761 12129.40330731869 31800.55366306752 1749.267070375383 99.95706679672003 455.2130720466375 1878.82342043519 8.488238759338856 11.81771573424339 2180.246822014451 99.72223855555058 6477.676711700857 5255.218092814088 7903.323146499693 2074.183996133506 213.9495754465461 30.42606534063816 55.89469084143639 30.45601125061512 0.991201214492321 2858.585707657039 1749.534992977977 1.018864072859287 0 2.148974858224392 54.85794819146395 14.79192303866148 6.605272211134434 5.982916906476021 116.0861026570201 1.103625550866127 710.8966952189803 4.114375323057175 0 905.7983294129372 464.5886257663369 41.89994294941425 155.20155569911 0.317482091486454 44.73631995916367 1824.165210820735 2721.773962698877 89.29244538396597 854.0560155436397 3161.26567465812 14531.06387196481 89.95559725165367 2.551418334245682 13.96711131930351 533.1339424625039 0 0.6615109443664551 128.5144321471453 15.51122481375933 551.8983779549599 332.0133867189288 463.3514745235443 146.0378410816193 9.521331042051315 1.936528250575066 7.073333032429218 0.8594804108142853
84.741803355515 85.76241437345743 696.1749021485448 5210.332522772253 8.858116686344147 1054.208199173212 21318.76053889096 877.8865487799048 1966.617772914469 8265.739733245224 50.16050814092159 2812.754575125873 8.635745003819466 330.0456190556288 123.9366376772523 1970.226178497076 103.060952372849 14.76326613128185 22.10498106479645 2993.245020925999 4505.029945880175 576.3539366275072 2187.205801509321 9608.759389296174 9.650693379342556 93.28485494107008 1749.267070375383 18496.63863946497 861.3122962713242 4724.619170308113 2.024662159383297 47.70988130569458 150.2621262893081 810.8195224553347 122.0888159200549 4092.909617334604 319.1623653024435 1556.520148895681 879.9675892293453 300.2231197953224 79.95980117470026 12.1293261796236 45.63993809372187 9.061440631747246 3.220226854085922 10.89643264561892 302.4393332004547 1.027004078030586 10.59017454832792 1685.993526674807 33.61447521299124 434.7776399031281 185.095995657146 4.139325827360153 114.8353466466069 0.4118833765387535 43.01394774764776 60.18441345542669 424.386139459908 1.975920133292675 1.072577632963657 0.6682294756174088 184.4728703126311 170.6639206111431 110.737153083086 166.9302063658834 2927.702090382576 0.1212076917290688 3.992135860025883 102.9836988821626 3070.37232273072 97.96421931684017 288.4719587191939 0.4785589426755905 1.737823635339737 13.25462353229523 47.63060323894024 18.23736795783043 367.64790905267 5.921712100505829 181.3970446884632 60.63488236814737 212.1394197195768 13.56104210019112 1.853270508348942 5.441258803009987
