1707.2840571329 0.1565783619880676 13.25368926674128 1.895909994840622 4.860840693116188 186.332947537303 4456.090802520514 2283.248235866427 0.4634081870317459 144.0291521400213 17.97000812739134 6.188213467597961 3.204082868993282 8033.657547593117 0.1426033228635788 0 115.9846301600337 9.530621439218521 69.43345811218023 3.221722215414047 28.08416061848402 0.1623691022396088 62.97491271048784 7.042740315198898 0 34.27240693569183 38.05639796704054 79.85198917984962 2561.055076517165 3938.96140960604 0.3609222695231438 21.46822591871023 46.63417957723141 161.9307696446776 1.616788133978844 46.97050499171019 15.04705802351236 153.7375561222434 42.39952269941568 5.116675063967705 2.632606647908688 0.6120029240846634 0.1578135788440704 0.1549150496721268 0.1325551718473434 1.123988837003708 0 0 0 0.648103266954422 0.5267512053251266 0.2490368336439133 0.6975864171981812 0 0.2108598202466965 0 0 0 0 0.4896087050437927 0 0.3662909418344498 0 1.108485713601112 0 0 1.043334856629372 0.08122881501913071 3.6821144297719 1.292587727308273 2.651992797851562 0.1020456254482269 0.2493253499269485 0 0 0 0 0 2.219056084752083 0.7320951819419861 0.276860699057579 0 0 0 0 0
0.1565783619880676 272.4568060785532 593.7692353650928 0 0.4116974323987961 0.5654114037752151 8.240167453885078 0.8653450161218643 233.9833262637258 1.225469008088112 135.5760848745704 0.5264515355229378 773.6735636144876 1.233318261802197 6.854812175035477 585.0658544301987 197.1280399411917 0.526813879609108 7.621364437043667 0 107.5158924758434 4056.358538359404 435.3901930898428 885.6532882899046 1118.907713904977 246.4751490950584 9175.631971769035 243.597057774663 0.1990904584527016 33.58030117303133 9.679233774542809 0 0 49.19281151145697 14.48660065978765 610.9291669726372 200.1646989360452 347.4153383225203 162.9810401648283 8.886312142014503 2.772962301969528 91.27743038535118 8.582666650414467 0.1940646469593048 41.95425662398338 248.547084569931 0 0 0 0.4295011833310127 0.161473736166954 1.225784093141556 0.2301411703228951 6.898503080010414 0 29.34590862691402 0.2010780647397041 0 14.60185776650906 59.64218623191118 1.559403866529465 32.47404466569424 0 1.651407986879349 38.37367360293865 28.32270065695047 9.308807484805584 10.34363634884357 751.0490688607097 911.3423372805119 3.307646423578262 0.2085121050477028 0.8564701601862907 4.813080660998821 0 0 2.74733492732048 0 18.08844666928053 12.47885930538177 6.748503126204014 1.926388412714005 0 0.2935842275619507 4.838757082819939 0.1837968677282333
13.25368926674128 593.7692353650928 7918.566880270839 0 0.19010891020298 6.705696821212769 37.97147256880999 31.00983780622482 0 3.940214276313782 254.8262836784124 0.2384029030799866 53.16397073864937 29.15458086133003 0 11.04819701611996 1132.962968796492 88.96043432503939 204.0643229857087 0.08817442506551743 680.0583381652832 51.69716192781925 15128.1867820546 5.518939301371574 20.07219288498163 7559.371590539813 7677.055252406746 287.4541645422578 9.320295162498951 206.5255783423781 13.76660819351673 0.213851161301136 1.889325231313705 108.6078561395407 14.51040031015873 996.4695611447096 4339.877983145416 832.5652012005448 363.0830649510026 19.15584573894739 2.661240041255951 4.880261436104774 8.186997339129448 1.68281165510416 653.6331221014261 1959.12043427676 0 0 0.07349556684494019 4.04723247885704 0.8645831272006035 4.520518220961094 0.1031470373272896 8.666759721934795 0.08256981521844864 5.962415128946304 5.169991068542004 0.09573299437761307 18.99479286372662 769.14009257406 7.332755915820599 134.8406326025724 0 9.511953234672546 54.69527311623096 307.3979074656963 14.50057686120272 3.740821681916714 2488.442275062203 1334.627379417419 5.535285547375679 1.778784804046154 4.888657778501511 6.381009541451931 0 0.1174509450793266 27.92576861381531 2.089666031301022 60.19760391116142 643.6292667910457 61.88062147796154 17.29827537387609 0.7602480202913284 0 0.6997446119785309 0.2598796188831329
1.895909994840622 0 0 1534.42531336844 2.653643615543842 28.75876258313656 346.1040597334504 26.96711482107639 1077.896850787103 2124.873931139708 3.734807692468166 3570.680136434734 0.294240340590477 23.608752168715 68.907505646348 0.6515220999717712 0.3310757055878639 0.362990215420723 0.1039159074425697 2859.896126396954 0.6115032285451889 0.3256270289421082 0.474253386259079 2035.561428278685 0 0.9987012147903442 0.9982622936367989 2052.635189794004 35.28555116802454 2.298081420361996 0.09630904346704483 3.032931968569756 0.5224629044532776 17.46526885777712 21.77763941138983 232.7734907642007 1.600694611668587 89.18899831920862 44.49817427992821 60.44537306576967 15.19589191675186 0 2.353118382394314 0.6857071295380592 0 0.1244122311472893 178.8904009386897 0.6452257707715034 20.96141451597214 63.65577282011509 6.744496777653694 48.25503348559141 264.4466841667891 0.5286387279629707 230.9495388939977 0 4.248095571994781 18.13883233070374 0 0 0 0 86.0189324170351 0.4108513742685318 0 0.3934308066964149 331.8507991656661 0 0.0866621807217598 0 344.9650368839502 1.500679939985275 4.602130629122257 0.08501245826482773 0.6769927442073822 0.1383339315652847 1.803151905536652 0 144.1648883149028 0.1302730590105057 8.990685641765594 0.4795966520905495 123.2915295660496 0.6860392242670059 1.780216813087463 0
4.860840693116188 0.4116974323987961 0.19010891020298 2.653643615543842 222.0748493149877 757.4708581417799 16.25708493590355 272.9829370006919 56.27042625844479 40.68584717065096 35.22000271826982 189.2619412019849 68.88392306119204 94.85785204917192 1513.1611732319 0 0.7213608548045158 4.4222397133708 3.974699258804321 9.738291494548321 0.3317317292094231 0.7471784874796867 1.209049880504608 21.12295443564653 2.832496881484985 5.001065313816071 5.060960613191128 27.17308863252401 398.9502335935831 9.74103644490242 1.447999127209187 873.7384826615453 0.6473647281527519 424.8003276214004 1.854899391531944 259.3256157338619 21.54440721869469 336.8006140887737 115.999277330935 1757.966672636569 218.7226663529873 25.08352912217379 2.546461120247841 0.3884402215480804 0 0.4580645859241486 0.4502047002315521 0 0.3272335678339005 1.270303130149841 0.2679787427186966 0.4032957255840302 0.7215336561203003 1.298846356570721 0.5355703830718994 0.1392700225114822 0 0 0 0 0 0 0.1344104558229446 0.6249463260173798 0.9089545756578445 0.2284452319145203 6.36957123875618 0 0.2081448808312416 0 5.019199475646019 0.5571021288633347 1.560145899653435 0 0.3502051830291748 0 0.1729117333889008 0.4216310381889343 4.041756950318813 1.762835517525673 5.91204260289669 4.096470758318901 1.164903610944748 2.259171530604362 1.649938821792603 0.2633752822875977
186.332947537303 0.5654114037752151 6.705696821212769 28.75876258313656 757.4708581417799 9290.33773765713 4404.542374305427 5881.319286108017 103.4842217341065 5405.459330648184 102.1064303293824 5144.617015555501 129.539715833962 1491.217956021428 2483.689833953977 5.210997991263866 29.0016053840518 25.27360070496798 38.40971319377422 249.9377092495561 20.30208686739206 0.933833047747612 37.01428175717592 143.9863299354911 2.159305855631828 32.34587768465281 32.65223552286625 977.6294901743531 367.9453224763274 505.8280997350812 5.211729496717453 548.8075881525874 6.527625851333141 618.3907767310739 16.19056915491819 943.1341147422791 50.71786819398403 954.1891409307718 242.7415755167603 3948.114574998617 164.2312807664275 44.57379292696714 7.882534965872765 0.916114442050457 0.1638324558734894 0.3708789497613907 20.87454200536013 0.1319333910942078 5.656452871859074 31.91795315593481 5.272977441549301 7.914140805602074 20.43618971854448 1.322163760662079 21.95120038092136 0.5309192538261414 2.519471034407616 7.08368644118309 1.01442839205265 0 0.08484245091676712 0.08152158558368683 11.75529494136572 3.8276082649827 0.7735587656497955 1.174340978264809 98.86616917699575 0.1350949108600616 1.973971500992775 1.138186819851398 99.35952359437943 2.498861730098724 8.830474272370338 0 1.188490882515907 0 3.338226728141308 1.702104941010475 84.72188567370176 0.8376321494579315 17.01454696804285 8.966295473277569 39.64701559394598 4.011028356850147 3.810477763414383 0.9543020725250244
4456.090802520514 8.240167453885078 37.97147256880999 346.1040597334504 16.25708493590355 4404.542374305427 14571.61108718812 2774.166528493166 128.8180283010006 9557.791569128633 54.52689668536186 906.0006095841527 25.63910741358995 6061.543519638479 26.30421570688486 176.7650536000729 45.21731419116259 13.79303424060345 32.85140693560243 97.29396435618401 159.9492314532399 57.62207764387131 388.8603004738688 1106.604071825743 2.695837639272213 35.00380433350801 142.0148043930531 22098.24557348341 1900.398858673871 5769.647171474993 2.923686668276787 59.92243127524853 75.74100260436535 388.2584676146507 77.50954307615757 2320.71768976748 41.0824945345521 1785.556100152433 801.5512986555696 215.161609634757 151.16151150316 3.662288092076778 20.3181629627943 2.156693316996098 1.077737107872963 9.733481973409653 32.78045158833265 0 9.488367073237896 131.4772394299507 14.18924073129892 26.14624655246735 48.41568334400654 1.616625241935253 16.29854656755924 0.4293343871831894 9.419761270284653 2.176227048039436 29.82239435613155 0.6077702715992928 0 0.8338834717869759 19.83122556656599 8.106696523725986 25.41883465647697 46.26754024624825 393.5235078781843 0.1510049551725388 2.964606665074825 16.09775348752737 398.7577129080892 15.31737763434649 40.36829641461372 0 1.597480021417141 0.4334946721792221 10.87981931865215 3.969124272465706 220.2238829657435 4.211145907640457 45.488071359694 8.089554242789745 80.58260603249073 7.087433196604252 2.144179940223694 0
2283.248235866427 0.8653450161218643 31.00983780622482 26.96711482107639 272.9829370006919 5881.319286108017 2774.166528493166 6446.908767461777 22.37918691337109 2452.398714847863 117.3795978054404 956.3460093736649 88.90230216830969 6071.070085983723 114.6408314481378 1.256644062697887 244.7256175875664 35.92234022170305 190.3513342142105 126.6435714066029 81.01556880027056 2.386174112558365 146.9010199084878 132.2301210612059 0.8997448235750198 87.93252388387918 118.3109590560198 595.3282545059919 788.5905446410179 3025.849713265896 4.270179338753223 762.1468484997749 5.607802167534828 649.5114809721708 10.50892552733421 526.537177875638 58.29562801867723 929.7217417955399 284.227693811059 772.5306800827384 81.6164852231741 28.12977547943592 5.256697103381157 0.3855682015419006 1.176412552595139 3.642109677195549 2.235124863684177 0.169496476650238 1.364535361528397 27.48253661394119 2.678192354738712 8.44738245010376 9.696359612047672 1.148277752101421 1.61309489607811 0.960566945374012 0.8229619786143303 1.033037930727005 2.868561208248138 0.5930148735642433 0 1.075783059000969 0.3974318504333496 4.190785355865955 1.243233159184456 3.343962006270885 106.6285668611526 0 8.055455192923546 3.06186531484127 80.88559904694557 3.30016116052866 9.884222894906998 0.3433406725525856 0.65769874304533 0 5.195990644395351 0 44.65490218251944 2.077527903020382 15.99584136158228 4.51001164317131 12.80629608780146 4.520503260195255 3.179074302315712 1.217963010072708
0.4634081870317459 233.9833262637258 0 1077.896850787103 56.27042625844479 103.4842217341065 128.8180283010006 22.37918691337109 952.29059099406 358.4536270946264 7.41636798530817 663.8015441000462 15.89711256325245 5.381397947669029 762.413683205843 38.33041939139366 0.8240967392921448 0 0.2659444436430931 632.0796278268099 10.19775782525539 3276.532696127892 2.042151413857937 9570.787709549069 36.76436476409435 0.2135652303695679 9.739011697471142 2490.581265099347 20.13501362502575 17.65156541764736 0.1401516050100327 2.328820183873177 1.898946538567543 7.895525746047497 5.293040558695793 161.291987337172 3.547564849257469 48.53572151809931 23.73560212552547 488.7247639521956 11.12087596207857 1.460819609463215 1.431581720709801 2.958469495177269 0 6.714992642402649 131.7516547515988 0.315910592675209 21.03575404733419 66.66570170223713 12.34843990951777 94.16954666376114 147.6823536679149 0.8012746945023537 235.5650532841682 0.6559470817446709 12.76324870437384 25.02132591605186 35.433648429811 1.100905053317547 0.2208898216485977 0.6960154920816422 72.4696372076869 53.01647482067347 41.00074100494385 10.78274527937174 1025.600478574634 0.3694135546684265 3.670082554221153 3.060849852859974 449.5806574597955 16.68731456249952 34.90082118660212 0.3594154492020607 2.611982978880405 1.652520045638084 11.68501430004835 0.5799523890018463 63.12769342958927 0.962314136326313 33.20190491527319 7.034054420888424 100.6393458247185 4.094459541141987 0.4052042812108994 0
144.0291521400213 1.225469008088112 3.940214276313782 2124.873931139708 40.68584717065096 5405.459330648184 9557.791569128633 2452.398714847863 358.4536270946264 18602.65618675947 126.5387657433748 6938.982676565647 48.46204804629087 1484.650341615081 116.2935632616282 9.465110652148724 10.74386947602034 33.77127909660339 36.040531642735 3706.829079940915 15.79196336865425 1.67433063685894 32.28638146072626 928.8165602460504 0.7349101603031158 39.79971571266651 32.44757498800755 4647.755532875657 655.3814818114042 316.373390160501 5.54882487654686 124.0698782503605 10.83984657377005 578.7066516652703 90.76647423952818 1561.299038015306 43.21928580850363 2044.583667784929 440.0961052328348 399.6062715053558 268.7413828969002 11.38407140225172 41.28419694304466 2.514288298785686 0 1.173201203346252 187.6789110079408 0.7269117459654808 30.31366096436977 199.8948532119393 13.22927989065647 41.55512351542711 251.1123951226473 0.9726125225424767 143.6073102876544 0.6132109016180038 13.02271013706923 23.92505063861609 0.9768076837062836 0.5830127596855164 0 0.2816467732191086 91.62947408854961 2.07578732073307 1.635976418852806 2.675130903720856 571.5195638090372 0 0.5238351225852966 1.02616648375988 630.2579288110137 6.744243785738945 12.25790901482105 0 3.231169871985912 0 7.699513331055641 3.627588778734207 221.058211222291 0.5130291432142258 28.99569045007229 3.195818185806274 166.5117908641696 4.606723673641682 0.1879342496395111 0.6939418762922287
17.97000812739134 135.5760848745704 254.8262836784124 3.734807692468166 35.22000271826982 102.1064303293824 54.52689668536186 117.3795978054404 7.41636798530817 126.5387657433748 13685.30212317407 87.19586212188005 4804.519534997642 148.9935760945082 1.077829487621784 31.25890992581844 365.8632601499557 4080.419593565166 1675.243707105517 17.9819363206625 106.6313511878252 109.6705022603273 304.553992934525 38.10947329550982 658.2305875197053 6192.017165005207 1903.753890439868 62.77517659217119 133.357320740819 100.7349036857486 952.3977354243398 70.32773911952972 5.534291349351406 4882.124495610595 10.11166193336248 804.8704978749156 5013.713800907135 5610.617447264493 823.6990670114756 30.72930714488029 27.14092005044222 695.9851827695966 4.063109949231148 0.1073544397950172 10.64428007602692 2.272090271115303 0 0 0.1045230999588966 2.801678888499737 0 0 0.5065547227859497 100.5749015212059 0 525.4628594964743 0 0 0.7123188376426697 3.638579934835434 14.53340216726065 6.273727275431156 0 1.962821617722511 3.002157784998417 0.6343309730291367 14.79635309427977 73.31773263216019 115.5361072719097 136.5868356451392 7.094993159174919 0.5098356232047081 1.0920604839921 47.94628912210464 0.2759239003062248 0 1.487045146524906 0 14.43098379671574 189.3348079249263 5.149057224392891 0 2.10537651181221 1.005777209997177 207.0834182798862 0.8609893321990967
6.188213467597961 0.5264515355229378 0.2384029030799866 3570.680136434734 189.2619412019849 5144.617015555501 906.0006095841527 956.3460093736649 663.8015441000462 6938.982676565647 87.19586212188005 7488.173978768289 44.30625934898853 291.2110606953502 1825.257498264313 0 4.428567588329315 21.07813572883606 17.39699205756187 7028.052682064474 0.651807427406311 3.874034479260445 1.67717008292675 652.8541404902935 3.494387432932854 23.69133728742599 14.28489837795496 2764.135194145143 114.4453667402267 10.19722075015306 4.890033856034279 104.4060559943318 0.355509877204895 386.4449537321925 28.22384544461966 1050.705812633038 21.01340249925852 714.8161017298698 69.42626344412565 3144.18125975877 83.26416908949614 15.9592514783144 8.300910495221615 0.1765825524926186 0 0 149.4490029886365 0.6942583173513412 31.03409732878208 51.78949630260468 6.92124030739069 35.36263334751129 186.6540131121874 0.2221518307924271 416.6858998164535 0.2026154547929764 1.715272881090641 49.16423349827528 0 0 0 0 104.211255222559 0.9011247158050537 0 1.209648415446281 158.4122407212853 0 0.08253997564315796 0.515955850481987 204.1318259090185 2.496536083519459 2.442978776991367 0 0.391678087413311 0.129449725151062 1.100327797234058 4.916982531547546 343.2989348247647 0.6104710698127747 7.988081976771355 4.063374064862728 329.5921183750033 1.046842232346535 3.391110114753246 0.4412923604249954
3.204082868993282 773.6735636144876 53.16397073864937 0.294240340590477 68.88392306119204 129.539715833962 25.63910741358995 88.90230216830969 15.89711256325245 48.46204804629087 4804.519534997642 44.30625934898853 4475.905857481062 26.72054377943277 2.707397647202015 98.05772902071476 37.30231652408838 108.7864112183452 39.7643981128931 7.874655947089195 59.61932376027107 292.158054433763 97.49232576787472 88.60157440602779 5762.395712248981 1296.999982900918 4171.408944621682 106.6559406891465 24.64850256592035 49.48432095348835 1034.800966709852 62.6467077806592 1.267714202404022 636.1528118774295 75.2494016289711 3370.590012259781 10166.31497205049 5598.705287761986 1099.133176445961 248.1183982342482 290.8291322737932 1495.721065461636 15.06034871935844 0.2277157306671143 59.18519321084023 4.901691265404224 0 0.2177839428186417 1.658131487667561 3.423734895884991 1.236044347286224 0.4637400805950165 1.329355925321579 491.7584664449096 0.3004384264349937 3125.429485820234 0.8590273186564445 0 0.6198392361402512 1.567025229334831 52.37795700877905 13.1616919785738 0.08613122999668121 2.264132380485535 6.630777351558208 2.964950174093246 10.38677528500557 478.4698751345277 301.7143172845244 538.9400148019195 6.971287712454796 0.6740072816610336 1.484264440834522 253.1252506896853 2.411124914884567 0 6.946634739637375 2.294452548027039 385.823440939188 781.0609305351973 56.68057203292847 22.93230982124805 16.99000480771065 11.22401033341885 789.0292378440499 0.8954375982284546
8033.657547593117 1.233318261802197 29.15458086133003 23.608752168715 94.85785204917192 1491.217956021428 6061.543519638479 6071.070085983723 5.381397947669029 1484.650341615081 148.9935760945082 291.2110606953502 26.72054377943277 6789.906467396766 8.626288689672947 3.992376983165741 272.9793047457933 51.93071158975363 218.8660838976502 74.7249915599823 81.85066190361977 3.59017489105463 151.3164066895843 56.78517623245716 2.778724104166031 109.2357773557305 131.3419305756688 504.455338858068 6619.377769634128 3759.214889854193 6.524818271398544 1202.445451311767 23.8816862180829 1276.680063791573 7.875801734626293 283.9759061485529 55.86250621825457 740.0758531615138 151.4106731936336 59.88900892436504 21.20018678158522 6.928377866744995 2.258172251284122 0.5696773827075958 0.8163222149014473 2.974262826144695 0.9834457859396935 0 0.4544210657477379 11.04995600879192 0.9989672601222992 1.952292747795582 2.201359562575817 0.5611813887953758 1.004084661602974 0.6352494731545448 0.5175249800086021 0 1.148023553192616 0.08860928565263748 0 0.5617293566465378 0.3182535767555237 2.795752741396427 0.9519665688276291 3.305711522698402 36.46666108071804 0.08941195160150528 10.35295472294092 3.049647815525532 28.53934749215841 2.123644128441811 4.210665501654148 0.08621260523796082 0.2004926353693008 0 1.222273126244545 0.2951426208019257 13.61809059232473 0.8088576644659042 5.23746382445097 1.923078000545502 6.923276737332344 0.1377580165863037 0 0.6131863594055176
0.1426033228635788 6.854812175035477 0 68.907505646348 1513.1611732319 2483.689833953977 26.30421570688486 114.6408314481378 762.413683205843 116.2935632616282 1.077829487621784 1825.257498264313 2.707397647202015 8.626288689672947 453.841617166996 0.3720516115427017 0 0.4426456466317177 0.07766369730234146 127.5862996950746 0 58.74311353266239 0 869.1984443068504 2.534855127334595 0.1083465591073036 0.370534785091877 148.5245934948325 11.97465229779482 5.840405166149139 0.2265648394823074 389.173018462956 0 119.1346254274249 3.979137063026428 260.6641347780824 2.394923143088818 18.83010713756084 11.0779781639576 1511.835085116327 186.3965349346399 0.47757688164711 0.1809379011392593 0 0 0.6471234783530235 4.149349495768547 0 1.522941127419472 4.443587318062782 0 4.426679119467735 5.843591086566448 0.1085811257362366 7.255441509187222 0 0 1.563200280070305 1.236484780907631 0 0 0 2.267546206712723 1.578758202493191 0 0.4171956777572632 14.52928048372269 0 0 0 15.06122207641602 0.2246073782444 0.1881540715694427 0 0 0 0.4115573763847351 0.3515096604824066 33.10287106782198 0 2.618453904986382 0.1662910878658295 15.66236215829849 0.1402329653501511 0 0.9523158073425293
0 585.0658544301987 11.04819701611996 0.6515220999717712 0 5.210997991263866 176.7650536000729 1.256644062697887 38.33041939139366 9.465110652148724 31.25890992581844 0 98.05772902071476 3.992376983165741 0.3720516115427017 3398.896793335676 11.92490547895432 0.9001998752355576 1.035480201244354 0.3354402780532837 6434.907969154418 3362.079584740102 5163.00582075119 1063.362444058061 165.8881691619754 6.452276982367039 3386.510214813054 3087.75881293416 2.772863522171974 111.4003450199962 2.590401411056519 0.8414262533187866 0 17.72555393725634 12.89438092708588 660.7754781544209 282.1963626369834 118.4440888240933 104.2670284211636 37.85420741140842 0.3979260474443436 10.82877870649099 3.822553530335426 1.545242547988892 15.92976807057858 130.6110940054059 0 0 1.01376673579216 7.360616005957127 0.7421276718378067 81.4217911362648 1.320243716239929 0.9599819779396057 2.125215575098991 3.360452473163605 3.018172733485699 0 1944.763700507581 7.358763419091702 0 1.372300356626511 0.1640601605176926 1118.822132527828 2030.810663074255 2173.632575273514 274.1462661847472 1.909397006034851 16.35136812925339 566.0709231197834 98.87154012918472 13.19086733460426 153.2214216962457 0.9676766395568848 0.1182484999299049 0.8805721402168274 7.958811692893505 0.8815125003457069 254.0825996249914 6.123439125716686 24.27257777750492 12.16763170808554 9.966385468840599 0.8745132312178612 2.240543395280838 0.128866121172905
115.9846301600337 197.1280399411917 1132.962968796492 0.3310757055878639 0.7213608548045158 29.0016053840518 45.21731419116259 244.7256175875664 0.8240967392921448 10.74386947602034 365.8632601499557 4.428567588329315 37.30231652408838 272.9793047457933 0 11.92490547895432 1154.157307356596 245.0227357372642 4388.977784149349 0.6434678286314011 1457.00609394908 24.57725037634373 7017.425182402134 5.674461133778095 17.70287498831749 3421.226692542434 3972.525601238012 172.3316671997309 244.5679100602865 2541.48974467814 4.086069837212563 5.595899529755116 31.02612239867449 3935.426764301956 21.18107055872679 940.6588148102164 2941.297957539558 4401.242463998497 741.3208520784974 28.26641112565994 4.332741901278496 8.157416969537735 8.651911199092865 0.08637462556362152 96.28749167919159 247.8600830808282 0 0 0.09443272650241852 1.689271703362465 0.192634604871273 0.6616663932800293 0 2.43139423429966 0 2.461576730012894 0.5284556299448013 0 4.530780397355556 122.5841414704919 3.300840243697166 53.1447419077158 0 4.543821111321449 9.73980825394392 40.62687696516514 6.888434231281281 1.285293191671371 797.2250794246793 252.1189756244421 1.716798163950443 0.5410556569695473 2.937730304896832 1.065119080245495 0 0.1791225969791412 2.912446886301041 2.381686508655548 17.14551559090614 122.8147486150265 9.691137403249741 3.458825409412384 0.08368301391601562 0.2699332535266876 0.1031045615673065 0
9.530621439218521 0.526813879609108 88.96043432503939 0.362990215420723 4.4222397133708 25.27360070496798 13.79303424060345 35.92234022170305 0 33.77127909660339 4080.419593565166 21.07813572883606 108.7864112183452 51.93071158975363 0.4426456466317177 0.9001998752355576 245.0227357372642 832.5077912136912 2136.375499822199 4.247956953942776 40.87068678438663 1.109297767281532 136.9066483601928 1.539237573742867 17.14793046563864 4477.891164876521 1058.852737553418 18.68019296973944 46.13158017396927 57.59236367046833 211.5375320464373 15.74546515196562 2.594490043818951 1002.339242741466 6.052677936851978 508.5265251472592 1385.232242427766 1805.311851806939 262.1612623035908 11.48311246186495 2.281669534742832 24.68921145051718 2.268532514572144 0 4.67862007021904 1.280869580805302 0.1188970059156418 0 0 0.9366150423884392 0 0.2631843462586403 0 40.26036939024925 0.09946022182703018 114.9797783866525 0.2853227257728577 0 0.4522191286087036 1.653558626770973 34.46239447593689 14.62281869351864 0 0.39835125207901 0.6397819072008133 0.2567806392908096 2.538873441517353 17.62994497269392 169.5063349157572 179.0999343693256 1.726752050220966 0.08997183293104172 0.4943107217550278 22.89944103360176 0 0 0.7012240886688232 0.3698100745677948 5.109196111559868 15.9534358382225 1.929609149694443 0.5995581746101379 0.727270171046257 0 0.7515164315700531 0
69.43345811218023 7.621364437043667 204.0643229857087 0.1039159074425697 3.974699258804321 38.40971319377422 32.85140693560243 190.3513342142105 0.2659444436430931 36.040531642735 1675.243707105517 17.39699205756187 39.7643981128931 218.8660838976502 0.07766369730234146 1.035480201244354 4388.977784149349 2136.375499822199 2728.368757106364 3.734645031392574 264.6785308420658 5.116923250257969 896.7246343791485 3.499317720532417 7.572279088199139 5628.407028548419 1337.578076891601 72.73367667943239 209.1552775576711 578.4555243775249 30.79004227370024 10.80045180022717 23.0815010741353 3651.419542603195 10.98426526039839 974.5275475680828 1852.138947576284 3398.943083517253 336.450692564249 20.5642387419939 2.87367781996727 7.319117538630962 3.806415401399136 0.09202534705400467 20.79975304752588 16.511588729918 0 0 0 0.838587149977684 0 0 0 7.65173302590847 0 15.51164734363556 0.07884187996387482 0 1.149162717163563 24.86906079947948 9.969233140349388 40.98590127378702 0 2.267071709036827 2.03380361944437 3.324093453586102 2.30423741042614 5.046482853591442 494.7241505086422 161.6339824646711 1.781030721962452 0 0.4268550872802734 6.452030867338181 0 0 0.8544996082782745 0 9.702506601810455 36.0993692278862 1.27670256793499 0.3201203122735023 0.5833029970526695 0 0.2739300057291985 0.1236424669623375
3.221722215414047 0 0.08817442506551743 2859.896126396954 9.738291494548321 249.9377092495561 97.29396435618401 126.6435714066029 632.0796278268099 3706.829079940915 17.9819363206625 7028.052682064474 7.874655947089195 74.7249915599823 127.5862996950746 0.3354402780532837 0.6434678286314011 4.247956953942776 3.734645031392574 558.9115120321512 0 0 0.7045455947518349 732.1556889042258 0.9609938561916351 4.722687438130379 2.294889844954014 3110.968368314207 47.89949730783701 1.57864810526371 0.6302130296826363 16.1557734310627 0.3791118934750557 73.37308724224567 32.88583432137966 310.3078923150897 4.922099180519581 237.8054455593228 40.98929053544998 323.6622974351048 33.43726663291454 2.489704176783562 3.442705094814301 1.012056916952133 0 0 112.7163871973753 0.8623609840869904 20.90811008214951 62.82125139981508 3.726165123283863 32.51262595504522 141.5104548707604 0.5277068614959717 137.8176962211728 0 1.246939137578011 19.90493841469288 0 0.07657658308744431 0.1117912605404854 0 54.27811029553413 0.5322045683860779 0 0.1423870176076889 222.0731979608536 0.1098238527774811 0 0.09797897189855576 257.4892905727029 1.298173286020756 4.836182773113251 0 0.4002559781074524 0 2.549112379550934 0.7218044549226761 157.8594092726707 0.1093009412288666 8.822099722921848 4.329042099416256 140.7330194637179 1.675712533295155 1.954402804374695 0
28.08416061848402 107.5158924758434 680.0583381652832 0.6115032285451889 0.3317317292094231 20.30208686739206 159.9492314532399 81.01556880027056 10.19775782525539 15.79196336865425 106.6313511878252 0.651807427406311 59.61932376027107 81.85066190361977 0 6434.907969154418 1457.00609394908 40.87068678438663 264.6785308420658 0 15278.35713226348 645.3468333631754 19295.36039020866 218.4480437040329 44.28720866888762 268.9053280875087 1573.994056284428 5347.787879057229 205.0794236958027 8348.474825583398 2.557178147137165 2.324723407626152 50.69615542888641 2691.077482827008 235.1853602454066 6955.673414237797 1361.368156597018 5491.470766723156 2504.686852581799 216.1581995338202 17.47201629728079 22.00708499550819 66.12705410271883 2.343565411865711 9.45988716930151 72.89773220568895 0 0 0.156336322426796 6.223422020673752 0.7481063306331635 57.47021166235209 0 1.331706263124943 0 3.904048576951027 4.198086380958557 0 523.5112088173628 7.987918689846992 0.3769291117787361 2.582208253443241 0.7560288310050964 1060.856419943273 561.2329717129469 373.5769619122148 344.0508020296693 0.6560909152030945 31.74919551610947 94.25588660687208 98.84590727090836 25.79453033953905 264.0639632642269 0.6117316856980324 1.163178682327271 3.116158977150917 14.39909040182829 4.23033244907856 312.3320535644889 6.361122384667397 29.1015107780695 8.105798050761223 18.49509163200855 1.931029088795185 11.85245959460735 0.4090249538421631
0.1623691022396088 4056.358538359404 51.69716192781925 0.3256270289421082 0.7471784874796867 0.933833047747612 57.62207764387131 2.386174112558365 3276.532696127892 1.67433063685894 109.6705022603273 3.874034479260445 292.158054433763 3.59017489105463 58.74311353266239 3362.079584740102 24.57725037634373 1.109297767281532 5.116923250257969 0 645.3468333631754 1027.731995739043 1005.960687704384 6814.904614917934 751.6445375606418 10.97189876437187 1751.312207274139 2075.817501068115 1.393793277442455 177.3288779631257 7.616633877158165 0.4891207069158554 0.1578801721334457 74.53225883841515 17.44145116209984 649.3035847321153 162.3026000261307 391.4729677736759 230.8550316542387 65.5004398971796 3.498540326952934 32.04313499480486 7.172022581100464 0.6924978345632553 31.35417206585407 376.8390700444579 0.3413978815078735 0 0.3247763812541962 4.202288322150707 0.2386895418167114 71.27829559892416 0.402764692902565 1.811106212437153 0.09388735145330429 7.495186522603035 0.8000160232186317 0.2374420911073685 955.0148518308997 10.06263851374388 0.1988111063838005 1.319445721805096 0 335.2650278955698 1113.543844863772 666.0657132491469 346.5906562358141 1.4217649102211 23.31443127244711 1748.268376335502 83.91790169477463 6.673826307058334 35.96689051389694 0.7786379009485245 0.3661303967237473 0.7945474684238434 3.345184579491615 1.014658719301224 29.7897979170084 6.111939512193203 17.22805497050285 7.075956262648106 7.560032248497009 0.780631422996521 3.102076590061188 0
62.97491271048784 435.3901930898428 15128.1867820546 0.474253386259079 1.209049880504608 37.01428175717592 388.8603004738688 146.9010199084878 2.042151413857937 32.28638146072626 304.553992934525 1.67717008292675 97.49232576787472 151.3164066895843 0 5163.00582075119 7017.425182402134 136.9066483601928 896.7246343791485 0.7045455947518349 19295.36039020866 1005.960687704384 31133.46142210066 181.6238776668906 53.34387703239918 2494.882983792573 18036.59711716324 6797.753557875752 115.6796905919909 5883.175462692976 12.11948249489069 2.3183389082551 10.36759786307812 3578.286565922201 363.1177551820874 10088.20506585389 5287.323849342763 8349.829097740352 4348.716397628188 511.4810324832797 29.84132791310549 27.3680824264884 114.3384487777948 1.237459175288677 111.0879249721766 964.2704821750522 0.1872203648090363 0 0.09480874985456467 8.283582031726837 0.1182742640376091 31.10960766673088 0.4936263263225555 3.528727948665619 0 6.035574540495872 1.226191118359566 0.5290442258119583 1407.463011406362 75.3888551518321 1.142339445650578 17.19505239278078 0.2782298922538757 474.1406832262874 1237.874544687569 2570.886260926723 92.35490199923515 1.563052356243134 251.575092934072 1433.831514462829 33.98141896724701 3.478391401469707 53.58239539712667 2.748409770429134 0.1501467376947403 0.1410503089427948 8.309777550399303 8.638197869062424 198.5156362429261 71.53008650243282 31.91021995991468 22.44324257224798 5.832080736756325 2.491105318069458 2.004514023661613 1.024006128311157
7.042740315198898 885.6532882899046 5.518939301371574 2035.561428278685 21.12295443564653 143.9863299354911 1106.604071825743 132.2301210612059 9570.787709549069 928.8165602460504 38.10947329550982 652.8541404902935 88.60157440602779 56.78517623245716 869.1984443068504 1063.362444058061 5.674461133778095 1.539237573742867 3.499317720532417 732.1556889042258 218.4480437040329 6814.904614917934 181.6238776668906 8442.509745642543 173.5351444855332 6.755024917423725 366.4126624912024 15303.46403424442 175.3945067226887 411.9529941082001 2.812548063695431 14.75232198834419 18.42168869823217 104.0623088926077 27.59274262189865 1180.239760838449 38.57371889799833 417.1016682609916 204.1545414924622 796.9799818843603 67.57760610431433 10.64354627579451 16.32134034484625 14.82464811950922 3.789541117846966 57.33534354716539 236.2690895348787 0.2995979487895966 48.9858466386795 351.2184690833092 40.4040338024497 474.8829786330462 291.8313260897994 6.30653303861618 223.4927256628871 3.953177236020565 35.43004001677036 27.98324399441481 192.5179254114628 8.834248811006546 1.39320170879364 3.760278083384037 104.3854093998671 394.5201908946037 168.3800163716078 100.5937258675694 2807.250789381564 0 20.16889733076096 40.38421742618084 1693.8534386307 70.63604005426168 228.1957888528705 2.114294275641441 9.495422549545765 4.278897188603878 47.17357902228832 2.434588521718979 487.5363533496857 5.751605868339539 165.1173952892423 35.11080820858479 307.650524109602 23.66697397083044 12.07246626913548 1.97419897466898
0 1118.907713904977 20.07219288498163 0 2.832496881484985 2.159305855631828 2.695837639272213 0.8997448235750198 36.76436476409435 0.7349101603031158 658.2305875197053 3.494387432932854 5762.395712248981 2.778724104166031 2.534855127334595 165.8881691619754 17.70287498831749 17.14793046563864 7.572279088199139 0.9609938561916351 44.28720866888762 751.6445375606418 53.34387703239918 173.5351444855332 536.3821644484997 682.4632574319839 4659.908189035952 87.37824531644583 3.031036756932735 36.78664661198854 224.5516590327024 0.1045266091823578 0 70.12098057568073 2.67065304517746 685.48258369416 816.2511592805386 357.2382043376565 116.415799818933 57.85545298457146 21.52915568649769 613.5834109783173 4.406775936484337 0 122.4392219856381 5.37958200275898 0 0 0.8845565244555473 0.09075870364904404 0.3886071443557739 0.6863716840744019 0 269.0490315407515 0 2147.493957698345 0.3634754344820976 0 1.341758534312248 3.027284748852253 49.23987656831741 28.15060553699732 0 0 8.17399475723505 1.504127807915211 2.093972705304623 463.6032865568995 458.2315960451961 1117.534654818475 2.601502664387226 0.5952721983194351 4.852359056472778 116.1587017402053 0.1114470586180687 0 3.879873298108578 0 345.0842516198754 192.8611325472593 36.38248756527901 8.937104590237141 19.0819186270237 0.2654783725738525 273.1018713340163 4.740224897861481
34.27240693569183 246.4751490950584 7559.371590539813 0.9987012147903442 5.001065313816071 32.34587768465281 35.00380433350801 87.93252388387918 0.2135652303695679 39.79971571266651 6192.017165005207 23.69133728742599 1296.999982900918 109.2357773557305 0.1083465591073036 6.452276982367039 3421.226692542434 4477.891164876521 5628.407028548419 4.722687438130379 268.9053280875087 10.97189876437187 2494.882983792573 6.755024917423725 682.4632574319839 35394.88115399331 16031.35853681713 77.97405428439379 79.21688974648714 311.7353434860706 1464.400392659009 14.15911102294922 9.127062194049358 1130.747998379171 11.14449308812618 1160.544577278197 4422.465581655502 3337.744235016406 525.5413854122162 24.48273682594299 5.14278544485569 65.021952226758 5.135961510241032 0.6330915912985802 605.2138497903943 214.2399996221066 0.2352601736783981 0 0.3225522935390472 1.148214966058731 0.7626413628458977 1.689482294023037 0.1755664870142937 186.1736952736974 0.08117277920246124 814.807370223105 1.811249800026417 0 1.548699997365475 226.9475906416774 193.7334430962801 363.7469297721982 0.09435560554265976 3.488274440169334 11.09586227685213 23.23239379376173 3.415965527296066 401.8530424460769 5175.703845024109 2961.318464033306 1.755023658275604 1.391959376633167 2.526126362383366 166.6187327578664 0.6740947589278221 0 10.41409128159285 0 27.77355656027794 373.9918613731861 28.28829576820135 6.232957407832146 0.8457329869270325 0.7357176020741463 8.99686636030674 0.3028906881809235
38.05639796704054 9175.631971769035 7677.055252406746 0.9982622936367989 5.060960613191128 32.65223552286625 142.0148043930531 118.3109590560198 9.739011697471142 32.44757498800755 1903.753890439868 14.28489837795496 4171.408944621682 131.3419305756688 0.370534785091877 3386.510214813054 3972.525601238012 1058.852737553418 1337.578076891601 2.294889844954014 1573.994056284428 1751.312207274139 18036.59711716324 366.4126624912024 4659.908189035952 16031.35853681713 42958.20506815612 1916.948840230703 92.58893798291683 339.4584676474333 1753.191332660615 8.438339322805405 9.097219318151474 1551.745208583772 119.09079451859 4702.054037325084 5783.078125476837 6430.017073720694 1808.079970613122 110.1241102740169 20.51237840205431 96.49326261878014 44.8585774153471 3.16074538230896 3656.154080890119 4292.598692603409 0 0 0.5420158803462982 11.3298614397645 1.624108202755451 40.32740506529808 0.6066874489188194 257.9211829900742 0.2655229270458221 1308.455826252699 9.203228734433651 0 462.4591797813773 582.0425502806902 206.3863750174642 487.1611054390669 0 58.6907155290246 1218.330783993006 1777.385923005641 121.1246184781194 770.1084292456508 7093.10087352246 9388.080076418817 24.2353598549962 1.955384075641632 10.55562511831522 255.3740159571171 1.271343246102333 0 45.07864886522293 7.417070835828781 147.2845905944705 589.6134050264955 120.5225432440639 34.82409676909447 1.973155550658703 2.363623261451721 13.5395238250494 1.976170182228088
79.85198917984962 243.597057774663 287.4541645422578 2052.635189794004 27.17308863252401 977.6294901743531 22098.24557348341 595.3282545059919 2490.581265099347 4647.755532875657 62.77517659217119 2764.135194145143 106.6559406891465 504.455338858068 148.5245934948325 3087.75881293416 172.3316671997309 18.68019296973944 72.73367667943239 3110.968368314207 5347.787879057229 2075.817501068115 6797.753557875752 15303.46403424442 87.37824531644583 77.97405428439379 1916.948840230703 17954.9646287635 905.6220651939511 7957.885459952056 3.019202210009098 52.96228907257318 107.9064087644219 657.9647417291999 209.7909112870693 6729.064239121974 505.9030834361911 2588.430019855499 1517.883882753551 999.0893448740244 204.4113267883658 26.47835866361856 51.88924365490675 36.95770759135485 8.851607158780098 194.0604288354516 221.9717722013593 1.719065770506859 42.01881822943687 518.6844669431448 58.59926675260067 367.7499727010727 308.4875985756516 10.54020084440708 157.4117914065719 3.146745473146439 70.47588793933392 17.28153728693724 440.6577469781041 17.50636637210846 1.304658755660057 6.43264053016901 92.60984118282795 934.768253095448 364.0629738196731 332.6200474649668 3642.600104741752 0.2130801379680634 36.55983126163483 207.9871390610933 1990.46125587821 162.0402860641479 591.2947008833289 2.659784719347954 15.57881147414446 11.80585885792971 77.38207879662514 11.63946508616209 1026.689657703042 14.69960875064135 261.7434955760837 63.00023343414068 342.5949975550175 40.70287635922432 29.43456906080246 6.976115129888058
