1116.137250222266 0 119.2606279626489 3.891597293317318 0.2125680074095726 12.26470025628805 5965.091693580151 1210.696441099048 0.6718413680791855 39.88865247368813 11.12984212487936 2.488009333610535 0.3793877363204956 5104.157337225974 0.5217552781105042 0 491.798500418663 9.184832870960236 45.17735099047422 4.084020540118217 44.26676792651415 0 119.0354740098119 13.63091061264277 0 121.6676866039634 11.51854772865772 43.63050528615713 3758.256600446999 3244.315844856203 0 6.356269210577011 58.04977312684059 142.383209168911 4.108328297734261 58.72317162901163 7.46353404968977 91.20790827274323 44.68172521144152 4.145181067287922 2.951420418918133 0.1013739407062531 0.4345194399356842 0 0 0 0.1137919947504997 0 0 0.7969258651137352 0 0.6913095116615295 0.3008246719837189 0 0 0 0 0 0.1257760226726532 0 0 0 0 0 0 0 2.260777652263641 0 0 0.4959995895624161 3.605590671300888 0 0.1433839350938797 0 0 0 0 1.316674083471298 1.023749977350235 0 0.1374496966600418 0 0.6152739524841309 0 0 0
0 207.2111653164029 1.718372628092766 0 0 0 0.8212494999170303 0.1040151864290237 770.305828422308 0.08381692320108414 49.93274639546871 1.228055000305176 383.349800683558 0.0921667218208313 16.22734959423542 864.0824310258031 0.9155180603265762 0.851962223649025 1.684499531984329 0.3652381300926208 8.941141612827778 2667.592289090157 26.85630792379379 839.2341327667236 1744.370624013245 68.70505831390619 5184.770910255611 36.60630622506142 0.2735778838396072 0.7311457991600037 29.3256958052516 0 0 4.500205233693123 0 3.664628088474274 19.33403670042753 12.75717185437679 1.843015164136887 20.35695973038673 0 39.87876775860786 0 0 29.45138977468014 44.34371560811996 0 0 0 0.7041785642504692 0.08851268142461777 12.39387435466051 0 7.725189194083214 0 15.88792584836483 0 0 6.209375567734241 1.078824102878571 0.9969497546553612 2.001207739114761 0 1.081236720085144 22.22272637486458 6.433657020330429 9.066620491445065 38.42778199911118 35.99546912312508 754.6057268381119 2.330116599798203 0 0.131669893860817 3.348999097943306 0 0 0.6996194496750832 0.1385090500116348 2.10184334218502 5.425814010202885 2.566953651607037 0.3504017367959023 0 0 3.400571241974831 0
119.2606279626489 1.718372628092766 5854.926519222558 13.97868038713932 0.697896346449852 67.21104030311108 891.6479192599654 539.1928172707558 1.383187726140022 195.9542439579964 309.8982577994466 2.045667462050915 53.92621614038944 272.4430775642395 0.501256138086319 2.714706413447857 3995.053826697171 89.04340398311615 328.1452295482159 3.587562926113605 1586.418297208846 0 9743.249689720571 68.30152704566717 1.365894317626953 9654.752928733826 4442.631506562233 259.9567758738995 89.63508976995945 531.4885597974062 5.089185021817684 5.13897517323494 14.58966931700706 1007.545590661466 51.51437830924988 2806.753221221268 5462.5466991961 2851.861769609153 1061.289912477136 48.0766641125083 6.566505841910839 36.58886302262545 7.146615549921989 0 8.430704608559608 227.3642487674952 0.129038542509079 0 0 5.326070733368397 0.09567072242498398 1.256938181817532 0.1252090930938721 2.86248042434454 0 2.957725904881954 0.09757518768310547 0 2.89185705780983 6.943115122616291 0.2530257403850555 1.170630142092705 0 0.7581241130828857 3.992521122097969 16.28799030184746 8.117315120995045 0.6979496031999588 39.28732189536095 987.7393174842 20.03254505246878 0.3744964972138405 1.3630675598979 1.283747054636478 0 0 2.068435586988926 3.956390708684921 8.418007127940655 33.69891761243343 3.858976759016514 3.232355237007141 0 0 0.2671753466129303 0
3.891597293317318 0 13.97868038713932 1981.546524100006 2.186438642442226 82.708057038486 287.3703573718667 58.8725948035717 415.4720629677176 2439.194890327752 3.617309994995594 4727.764206036925 0.9733347445726395 70.21455311030149 68.89489752799273 0 1.964422851800919 1.298630446195602 1.25818894058466 3216.516121990979 0.2162385806441307 0 7.632818549871445 1582.750521145761 0 7.210512012243271 3.949004098773003 2127.646891787648 161.6242744401097 1.463458299636841 0 6.967498280107975 6.675032779574394 80.28873501718044 16.07354263961315 481.0610642060637 3.755642578005791 145.5851020365953 66.6991720944643 326.6520145013928 22.35544314980507 0 9.021105609834194 0.08315348625183105 0 0 108.9282210692763 0.4465469270944595 4.340048491954803 94.68921003490686 2.409404836595058 59.70236425846815 44.16971822082996 0.08370154350996017 43.94684635102749 0 0.4348667189478874 16.16330439597368 0 0 0 0 49.18077777326107 0 0 0.316290408372879 278.0043034777045 0 0 0.3069211393594742 172.6693851649761 0.447688989341259 2.739770486950874 0 0 0.2663517594337463 0.803902767598629 2.895158797502518 92.98218221962452 0.6506602019071579 3.579854056239128 0.1607473194599152 102.3126839101315 0.5887079536914825 0 0
0.2125680074095726 0 0.697896346449852 2.186438642442226 101.7905373126268 876.3182751908898 6.292652480304241 37.56825286149979 20.32927104830742 13.24828193336725 46.59312764555216 84.6066050902009 9.482800334692001 10.31206762045622 1289.657808311284 0 1.944579586386681 3.106982976198196 8.176471002399921 6.199167631566525 0.1430182754993439 0.4141033440828323 0.7842134237289429 5.268932282924652 0.5476869493722916 7.428908258676529 2.612963601946831 2.555776678025723 437.1093732789159 0.9480926468968391 0.2735709175467491 743.5229893699288 0.8581645637750626 734.6864956840873 0.7200480848550797 46.0409873649478 7.210987135767937 198.7392490133643 90.32984061539173 1246.980282329023 98.616046205163 4.600087597966194 2.30093614757061 0 0.1067028567194939 0 0.1912142485380173 0 0 0 0 0 0 0.5544678121805191 0.4411681592464447 0 0 0 0 0 0 0 0 0 0 0 0.2418467551469803 0 0 0.2604120969772339 1.092916429042816 0 0 0 0 0 0 0.8723580241203308 0.3662057518959045 0.1341780722141266 1.442346453666687 0.1962529271841049 0.2019651979207993 0.1315854489803314 1.192353323101997 0
12.26470025628805 0 67.21104030311108 82.708057038486 876.3182751908898 9981.174377150834 1798.272593066096 7027.019838452339 16.29081570357084 4287.558694526553 89.71995769441128 1785.051679193974 20.44391202181578 1447.488359838724 2032.074724048376 0 23.61112945526838 19.78502237796783 23.16152458637953 250.2497845739126 4.318711943924427 0 35.24896118044853 35.55819153040648 0.961637869477272 53.21455609798431 10.39669818431139 189.3570672571659 913.3592363372445 36.75143422186375 0.8328801169991493 1832.226418085396 2.01340638846159 297.1119030192494 9.063666991889477 369.3650968372822 30.47549353539944 462.9008335471153 265.5088012367487 2992.846187986434 149.62543322891 8.539935410022736 7.856806017458439 0.09775274991989136 0 0.1052890419960022 2.831276088953018 0 0.4489037021994591 7.563729763031006 0.09193012863397598 2.986819349229336 1.651516914367676 0.410105973482132 2.378605835139751 0.07403220981359482 0.07605814933776855 0.3087372034788132 0.2615805864334106 0 0 0.5055819153785706 2.541109092533588 0.2110536247491837 0.1486939489841461 0 12.84169388562441 0 0 1.009678967297077 12.99340942502022 0.11692725867033 0.4186048209667206 0.0930677130818367 0 0 0 1.432781636714935 15.2373825982213 0.8235833346843719 0.9152289032936096 1.255908459424973 7.135240912437439 0 0.7823407202959061 0.3605017513036728
5965.091693580151 0.8212494999170303 891.6479192599654 287.3703573718667 6.292652480304241 1798.272593066096 18050.4807626009 4264.142087087035 418.5507570579648 9332.112234756351 27.13585570454597 36.20746183395386 1.9513925537467 6045.756059996784 49.00017057359219 1.118946820497513 161.1936233118176 11.31337339803576 31.96226830780506 132.8374894186854 99.56289055943489 3.826870754361153 1612.945283710957 893.7468442693353 0.3361167833209038 310.6847871392965 259.7065034806728 13804.51541180164 2638.06065524742 4395.429391697049 0.5080319568514824 39.92599502205849 272.9902158603072 809.4016603156924 186.9293658286333 2895.288766346872 65.98898497968912 1296.067549392581 679.8104950487614 553.3100378513336 142.6541009992361 1.965060397982597 47.79553105682135 1.47225109487772 0.1072623208165169 4.826407477259636 58.6074006408453 0 4.179824560880661 299.4417791590095 3.787240192294121 213.3124278336763 38.79897190630436 0.4443602561950684 9.609545864164829 0.2011421322822571 1.114212520420551 3.677771016955376 1.078978456556797 0.2321398928761482 0 0 27.2293930798769 0.3925980553030968 1.171135365962982 1.680911496281624 639.5076838508248 0 1.020485788583755 13.79234084486961 828.0068388730288 6.355278789997101 40.51924073696136 0.1014954224228859 0 1.156262740492821 2.773976042866707 29.4404167085886 163.2099359929562 2.419503562152386 9.673887982964516 5.017715863883495 41.30513791739941 2.742033667862415 0.5772482231259346 0.5144965052604675
1210.696441099048 0.1040151864290237 539.1928172707558 58.8725948035717 37.56825286149979 7027.019838452339 4264.142087087035 5416.303043201566 5.329596690833569 2785.008245103061 141.9299365282059 691.1424234434962 26.56958630681038 6802.056892052293 107.9355933517218 0.2632617279887199 579.0510398223996 38.55753034353256 109.8328413665295 218.5232219994068 43.90343255549669 0 255.8959114775062 48.52949765324593 0.9063102677464485 402.5405586734414 42.18990474194288 221.3688659518957 1860.67415548861 1383.132017768919 1.759374126791954 581.0126500800252 5.465668760240078 427.5784765779972 13.4781778678298 415.0102870762348 62.11387773603201 649.8108723461628 400.5457088276744 955.2588740512729 111.9366728588939 10.59447407722473 7.424108475446701 0 0.09499425441026688 0.7199221104383469 1.157064817845821 0 0 6.172517821192741 0 3.366101808845997 0.5321203768253326 0.195678323507309 0.1490087956190109 0.3511799201369286 0.4033024832606316 0.122994601726532 0 0.1017858758568764 0 0 0.6466177701950073 0 0 0 12.27112578600645 0 0.6264768913388252 2.314755849540234 19.34079329669476 0.4833725541830063 0.6332616284489632 0.290369376540184 0 0 0 2.411592230200768 8.857208468019962 1.43975306302309 2.683456748723984 1.698117569088936 0 0.7058522999286652 2.333856888115406 0.6216143667697906
0.6718413680791855 770.305828422308 1.383187726140022 415.4720629677176 20.32927104830742 16.29081570357084 418.5507570579648 5.329596690833569 491.3134800121188 146.3523786738515 13.41690685600042 123.199470192194 49.89119239896536 5.768180496990681 478.6144306212664 8.162240490317345 0.7873636186122894 0.4941985607147217 0.7932056337594986 358.7239438593388 3.042202040553093 2513.440586864948 7.745662234723568 8195.900893129408 267.8886620923877 11.21146411448717 143.087845787406 1541.205623067915 12.7770573720336 95.34468388557434 8.378466628491879 1.696942426264286 1.89677719771862 11.0449663028121 2.355566315352917 88.18309290707111 3.370628215372562 20.23041252791882 6.695898286998272 335.7787782102823 8.431276112794876 1.867295622825623 2.856137827038765 0.8929671198129654 11.57472018152475 0.7572026699781418 150.5360281616449 2.941253423690796 10.42819517105818 99.21368193626404 5.320566117763519 65.9632261544466 79.48824729025364 0.63132144510746 109.5101230815053 0.4837065637111664 2.181846603751183 44.4371797144413 5.056803703308105 0 0 0.1820184886455536 97.46427082270384 3.861800312995911 32.76458159089088 0.6557672023773193 1075.666517220438 1.527533233165741 1.14729281514883 23.54975911974907 471.7104579210281 3.817948386073112 9.002843044698238 0.2920270636677742 0.08497890084981918 0.5007881596684456 2.241650216281414 0.1679740250110626 60.29290374368429 0.1047133877873421 4.421585574746132 1.459881961345673 117.7516213357449 1.761972144246101 0 0
39.88865247368813 0.08381692320108414 195.9542439579964 2439.194890327752 13.24828193336725 4287.558694526553 9332.112234756351 2785.008245103061 146.3523786738515 29239.21173841506 61.15987609699368 1981.81572246179 4.084153570234776 1741.548026192933 97.31289391964674 0.2892251461744308 46.27493366599083 21.16057055070996 31.86851023510098 3002.289960190654 8.561370030045509 0 106.5604178458452 259.4889952987432 0.093396857380867 114.5059318765998 23.43286274373531 4507.705240555108 1207.667171146721 101.8765377774835 0.7166144028306007 90.33924148604274 11.62641521543264 469.21693290025 35.51779187470675 1379.537639088929 32.63338449597359 944.2752439007163 224.4494771808386 538.8395043164492 184.1087657138705 1.728845275938511 32.55088379234076 1.107591390609741 0.09144803136587143 0.1712078750133514 88.05656438320875 0.6033825427293777 2.803582444787025 45.63845571875572 0.7125847041606903 36.5328695550561 55.30513414740562 0.07288885861635208 36.11343637108803 0.3535998091101646 0.2168634235858917 6.244849100708961 0 0 0 0 20.59260252863169 0.8027359992265701 0 0 155.5023606494069 0 0.2978104203939438 1.556087642908096 101.6194599121809 0.519876129925251 1.608056209981441 0 0 0.07967441529035568 0.8462395742535591 6.818113885819912 54.19965858757496 1.848812833428383 3.561455458402634 0.9683714658021927 53.59940531849861 0.2254479750990868 0 0
11.12984212487936 49.93274639546871 309.8982577994466 3.617309994995594 46.59312764555216 89.71995769441128 27.13585570454597 141.9299365282059 13.41690685600042 61.15987609699368 9555.591003388166 80.06266408413649 2200.825546845794 123.7993526831269 0.1146136596798897 8.666250072419643 583.3692824989557 3743.321252375841 2173.343557238579 17.51414327695966 29.62131936848164 26.52976591140032 58.89079859852791 18.3995855897665 408.3142973780632 4272.759180910885 1609.634710162878 16.20975997298956 314.1762755215168 20.50132352113724 770.616718634963 340.3564165905118 12.03005564212799 5865.261257722974 16.65791424363852 657.4141039475799 5997.627426229417 5681.102670051157 1000.418204680085 51.22450593113899 172.8399472981691 1835.311756625772 7.908278949558735 0 6.486259765923023 2.447323076426983 0.523574486374855 0.1285557001829147 1.098517075181007 0.4209979772567749 0.5491285100579262 0.5976427495479584 0.3019441366195679 441.2938798367977 0.2681513875722885 1213.363462023437 0.6596401035785675 0 0.4041950255632401 0.6895749047398567 15.03295033425093 2.172235116362572 0.2024435847997665 0.08889177441596985 0.7234640717506409 0.7994418367743492 2.090136118233204 47.50607248395681 103.7321073114872 397.5549229457974 2.472534202039242 0.226109154522419 0 202.8462738320231 0.5140820518136024 0 12.80122359842062 9.946141079068184 19.24937330186367 247.6505163013935 49.55832848697901 6.555281437933445 0.1735415160655975 0.1427390426397324 124.9576630964875 0.3110131323337555
2.488009333610535 1.228055000305176 2.045667462050915 4727.764206036925 84.6066050902009 1785.051679193974 36.20746183395386 691.1424234434962 123.199470192194 1981.81572246179 80.06266408413649 3102.362878002226 7.468422383069992 379.115505695343 1740.068592630327 0.5627029314637184 2.066148407757282 13.58550794422626 13.25275287777185 2986.083804056048 0.2547918558120728 2.598284602165222 0.7878275960683823 340.7998607158661 1.207416497170925 41.19993881881237 10.43608776479959 942.7791806161404 356.2746717482805 3.021648034453392 3.192061066627502 81.23893688619137 0.7170604541897774 165.5075533166528 7.295669548213482 736.7283936813474 19.63644653558731 355.8034955114126 53.21358522027731 2153.536486707628 58.01164415478706 1.757149398326874 4.48506835103035 0 0.1630388796329498 0 44.54985164105892 0.1385882049798965 3.273801282048225 26.6626738384366 0.9123180285096169 12.13333979249001 24.26824402064085 0.2444384023547173 42.68942682445049 3.189145319163799 0 19.9367268756032 0 0 0.2989709377288818 0 27.43746022135019 0 0 0.1588997691869736 98.73396813869476 0 0.7154904454946518 3.523472428321838 43.03917964547873 0.4359361901879311 0.6450382471084595 0.9228848665952682 0 0 0.09387994557619095 2.249235793948174 95.66010576486588 0.5881903544068336 0.5097817927598953 0 113.8812213242054 0.287139505147934 0.09475104510784149 0
0.3793877363204956 383.349800683558 53.92621614038944 0.9733347445726395 9.482800334692001 20.44391202181578 1.9513925537467 26.56958630681038 49.89119239896536 4.084153570234776 2200.825546845794 7.468422383069992 4732.91890206933 9.249078787863255 0.7943769916892052 44.96110914647579 5.784880347549915 34.55255227535963 7.267281539738178 2.709063783288002 12.28452202677727 114.0256536751986 22.24545352160931 80.80397562682629 4738.608122237027 537.5738557204604 6578.660551473498 23.45978350937366 12.77651357650757 4.987819887697697 2229.0452337116 55.95548320561647 0.2015379294753075 582.0165691524744 103.5841290801764 2395.953667268157 4402.776980556548 2179.7386643067 377.4119379669428 104.9025525003672 172.8757081925869 1532.676148742437 10.85656082630157 0 10.7504076436162 4.277750134468079 0.2145880907773972 0.3692904412746429 0.3003009632229805 0.9586811065673828 0.7377381473779678 0.5896776020526886 0.09407732635736465 1206.308540344238 0.09583707898855209 2461.680356822908 1.254060767591 0 1.63080745190382 1.14608533680439 16.27122880518436 5.470638617873192 0.2410739660263062 1.726051032543182 2.633448198437691 0.6431432589888573 1.04586348682642 140.7288980484009 201.0641895309091 617.1857180222869 3.639177553355694 3.865271128714085 6.198546648025513 347.7695755511522 0.2322769090533257 0 43.42583327740431 39.01927664875984 508.1364187300205 604.9980166777968 248.1253926381469 48.68746773153543 49.53943303227425 11.06738467514515 367.5920600518584 0.8967577815055847
5104.157337225974 0.0921667218208313 272.4430775642395 70.21455311030149 10.31206762045622 1447.488359838724 6045.756059996784 6802.056892052293 5.768180496990681 1741.548026192933 123.7993526831269 379.115505695343 9.249078787863255 7651.291202869266 7.596819825470448 0.2729367390275002 588.7104917019606 38.44733586907387 108.0493176728487 252.438605427742 45.51358783245087 0 180.8061226829886 65.25872053205967 0.5601103603839874 258.2317328900099 31.66726662963629 273.0391962975264 5229.217425797135 1636.069625914097 0.7347720712423325 160.4439293444157 21.48014169931412 469.1829031333327 9.295438475906849 231.8672072961926 36.37134694308043 455.2634418457747 138.5934282392263 277.2707620710135 34.53894402086735 4.05420096218586 1.589065380394459 0.1251222193241119 0 0.332290455698967 1.15517445653677 0 0 7.620186194777489 0 4.365490354597569 0.2590025663375854 0.2800824418663979 0.09575220942497253 0 0 0 0.2040592059493065 0 0 0 0.4637930244207382 0.1196990981698036 0 0 14.33138482272625 0 0.3431173637509346 1.173605859279633 24.15096610784531 0.08658391237258911 1.365088514983654 0.08242414146661758 0 0 0.2314941138029099 1.636501654982567 6.130575731396675 0.4598332941532135 0.3730354756116867 0.7211290150880814 1.244706146419048 0 0.2562224194407463 0.1186425089836121
0.5217552781105042 16.22734959423542 0.501256138086319 68.89489752799273 1289.657808311284 2032.074724048376 49.00017057359219 107.9355933517218 478.6144306212664 97.31289391964674 0.1146136596798897 1740.068592630327 0.7943769916892052 7.596819825470448 181.2807238996029 0.5084256529808044 0 0.1541158109903336 0.09156590700149536 209.7009587138891 0.09370303899049759 37.6081562936306 0.400625616312027 628.2224460914731 3.766713045537472 0.9440475553274155 2.113542594015598 84.42656210064888 36.5980973392725 0.3643314838409424 0.2392906025052071 388.5483054071665 0 8.413548797369003 0.4061889052391052 301.7287314534187 2.021623983979225 2.488922841846943 0.1806591749191284 1525.256748661399 87.59369997680187 0 0 0 0.1709359884262085 0.1869515776634216 7.111365139484406 0.1594162285327911 0.8910572677850723 6.437721729278564 0 2.711246907711029 6.56924407184124 0 9.44890321046114 0 0 3.814823947846889 0 0 0 0 6.165106192231178 0 0 0 25.652024962008 0 0 0 17.12273659557104 0 1.243808031082153 0.1015966683626175 0 0 0 0.5583274513483047 41.10325852036476 0 0.1056379377841949 0.1863561719655991 30.95568315684795 0 0 0
0 864.0824310258031 2.714706413447857 0 0 0 1.118946820497513 0.2632617279887199 8.162240490317345 0.2892251461744308 8.666250072419643 0.5627029314637184 44.96110914647579 0.2729367390275002 0.5084256529808044 3733.119512453675 11.79987930506468 0.7892672345042229 0.9800756126642227 0 3006.546387188137 2768.730629526079 2550.754286244512 1757.940387785435 99.89878839999437 13.52842476963997 6082.700558543205 1539.954217709601 0 74.65867425501347 2.534840174019337 0 0.1812072694301605 76.03121431171894 48.11813750118017 1721.999396845698 779.7039260715246 403.7525681257248 557.1119211018085 25.67737994343042 3.236977942287922 6.612010456621647 4.968636147677898 0.461192786693573 5.542038545012474 60.75404617190361 0.1300770044326782 0 0 15.96288521587849 0.8196027055382729 15.0929509177804 1.972344815731049 0.8377963155508041 0.1722252070903778 1.595547318458557 0.328356072306633 0.1206209287047386 3505.678281798959 3.644159249961376 0 0.6085766702890396 0 785.7128389179707 374.053055331111 1464.960134804249 319.4940191656351 0.4502888172864914 5.196588076651096 1079.763151116669 304.8948910981417 2.185478292405605 154.1349609345198 1.541238479316235 0 0.1487145572900772 2.973363280296326 5.449695318937302 333.4615024626255 9.211547583341599 14.32351583987474 10.21985826641321 23.07877610623837 0 3.715848505496979 0
491.798500418663 0.9155180603265762 3995.053826697171 1.964422851800919 1.944579586386681 23.61112945526838 161.1936233118176 579.0510398223996 0.7873636186122894 46.27493366599083 583.3692824989557 2.066148407757282 5.784880347549915 588.7104917019606 0 11.79987930506468 1292.564461044967 148.0894646532834 2301.780150070786 2.771013289690018 1261.778690479696 0.5606439337134361 2947.886476606131 17.98088645935059 0.8119962066411972 2885.284302033484 3090.196751177311 102.4987533986568 1019.036709737033 1352.48757661134 0.9638585597276688 15.23543652147055 110.1431550830603 3247.866091243923 39.60096168518066 1052.44168870151 1383.274046599865 1788.259313419461 574.9348072260618 16.46218807995319 9.881946705281734 6.505210630595684 5.906341172754765 0 2.785100266337395 4.320592574775219 0 0 0 0.8450539037585258 0.1829996705055237 0.256117969751358 0 0.3874362111091614 0 0.5293714329600334 0.1097965836524963 0 0.5638550519943237 0.6125297322869301 0.1409594267606735 0.3369480222463608 0 0 0.2854456305503845 0.5484395399689674 3.245270498096943 0 19.92665933072567 74.80653834342957 4.223466262221336 0.06780493259429932 1.482212230563164 0.7874825522303581 0 0 0.5265626236796379 5.358316764235497 8.11003378033638 3.852293208241463 0.2752475216984749 0.6484689712524414 0 0 0 0
9.184832870960236 0.851962223649025 89.04340398311615 1.298630446195602 3.106982976198196 19.78502237796783 11.31337339803576 38.55753034353256 0.4941985607147217 21.16057055070996 3743.321252375841 13.58550794422626 34.55255227535963 38.44733586907387 0.1541158109903336 0.7892672345042229 148.0894646532834 315.6776545867324 1154.092437952757 6.237117029726505 18.23423603177071 0.1227602437138557 24.93715292960405 1.640992432832718 8.725888282060623 3462.593978784978 266.5313993021846 5.044051073491573 91.43329772353172 10.74176641926169 5.673910908401012 53.66401966661215 4.275697693228722 1148.899364836514 7.98784351348877 694.6014111116529 983.2742799669504 1840.435708992183 550.8930398449302 15.07124792784452 17.09987653791904 25.867895193398 2.394111327826977 0 0.8580665439367294 0.6566233485937119 0 0 0 0.1459217220544815 0 0.108493834733963 0.09789048135280609 8.205959364771843 0 43.85509003698826 0 0 0 0.1169586554169655 5.480228461325169 1.128804937005043 0 0 0 0.1080639213323593 0.3657936006784439 1.936249792575836 30.02874443680048 106.5299700498581 0.5815002098679543 0 0 31.31685727834702 0 0 0 1.925955757498741 10.05812728404999 2.407951213419437 0.8474720418453217 0.2269950658082962 0 0.1498528569936752 0.193166971206665 0
45.17735099047422 1.684499531984329 328.1452295482159 1.25818894058466 8.176471002399921 23.16152458637953 31.96226830780506 109.8328413665295 0.7932056337594986 31.86851023510098 2173.343557238579 13.25275287777185 7.267281539738178 108.0493176728487 0.09156590700149536 0.9800756126642227 2301.780150070786 1154.092437952757 2987.417858295143 8.367474675178528 118.2324619591236 0.2190506905317307 230.5662788003683 2.21838915348053 1.287193313241005 8375.216244630516 1395.386103451252 9.837538510560989 230.7191114798188 68.82735262066126 3.88178975135088 75.8620742931962 12.06886916607618 3623.426735989749 11.83816869556904 1054.09617574513 981.4788275361061 2775.262210950255 816.4332570210099 18.54757754504681 20.03693161159754 8.182898946106434 3.347825974225998 0 4.808252513408661 0.2991249710321426 0 0 0 0.7238236367702484 0 0.2157779708504677 0 1.583194345235825 0 4.187727548182011 0.07179601490497589 0 0 0.8477374389767647 0.3070453405380249 1.627772428095341 0 0 0 0.2705608457326889 0.9484982192516327 0.4049956500530243 54.67210526764393 159.4032373949885 0.6780668124556541 0 0.3576362952589989 3.915554083883762 0 0 0 3.146499544382095 6.37451895326376 6.9066476598382 0.6659087315201759 0.9217644110321999 0 0 0.3934391736984253 0
4.084020540118217 0.3652381300926208 3.587562926113605 3216.516121990979 6.199167631566525 250.2497845739126 132.8374894186854 218.5232219994068 358.7239438593388 3002.289960190654 17.51414327695966 2986.083804056048 2.709063783288002 252.438605427742 209.7009587138891 0 2.771013289690018 6.237117029726505 8.367474675178528 648.8454338908195 0.4367212131619453 0.2285773605108261 2.613674834370613 627.9731372222304 0 7.086284719407558 3.278550341725349 1434.141617618501 327.8872115463018 2.936184845864773 0.09333023428916931 27.76254063099623 3.934518299996853 150.8611436709762 17.41471719741821 756.5607305541635 7.769543528556824 322.8946680724621 81.022779494524 776.1513421311975 66.58844160288572 0.6250575259327888 16.26103416085243 0 0.1696668863296509 0.08921542763710022 70.92527901381254 1.198178939521313 6.95659875869751 58.31574513018131 2.652488380670547 34.57974381744862 39.7929592654109 0 45.03732170164585 0.274163581430912 0.4548196718096733 16.14190936088562 0.1731160581111908 0 0 0 35.06710147857666 0 0.1352785676717758 0 203.6553405746818 0 0.277065634727478 0.2155810371041298 102.5596000254154 0.6404512375593185 1.219633817672729 0 0 0.1777535676956177 0.4185366705060005 1.578348085284233 71.83724803477526 1.194462195038795 0.582335889339447 1.512117095291615 103.9818711429834 0 0.1080290377140045 0
44.26676792651415 8.941141612827778 1586.418297208846 0.2162385806441307 0.1430182754993439 4.318711943924427 99.56289055943489 43.90343255549669 3.042202040553093 8.561370030045509 29.62131936848164 0.2547918558120728 12.28452202677727 45.51358783245087 0.09370303899049759 3006.546387188137 1261.778690479696 18.23423603177071 118.2324619591236 0.4367212131619453 11682.89803021401 107.5337393581867 9947.898488141596 770.1476888731122 1.17296040803194 668.0240048319101 829.4650425985456 3453.041426546872 147.4036224409938 7283.388324603438 0.4236398562788963 1.098434753715992 32.78971534967422 3469.368233010173 337.5263439714909 7798.670423403382 724.615480273962 5648.771597951651 4419.337034203112 141.7614645510912 14.36254092305899 11.06720490753651 26.09916374087334 1.006787121295929 0.4345551580190659 1.703203849494457 0.3606613874435425 0 0 22.77361669391394 1.761722922325134 7.901985608041286 0.4155921936035156 0.1000215262174606 0 0.1138631850481033 1.056472137570381 0.1658147275447845 796.5157558917999 2.969103671610355 0 1.001643918454647 0 545.6234755888581 23.13717455416918 81.66818785667419 292.3476728498936 0 1.838820405304432 8.823586747050285 330.4008107483387 9.669907078146935 227.7486024945974 0.08708793669939041 0 1.977695554494858 1.954390786588192 35.8229845315218 114.5940013453364 1.832917653024197 4.931548424065113 7.061920270323753 20.01654224097729 0.4466071575880051 3.609857626259327 0.8121186494827271
0 2667.592289090157 0 0 0.4141033440828323 0 3.826870754361153 0 2513.440586864948 0 26.52976591140032 2.598284602165222 114.0256536751986 0 37.6081562936306 2768.730629526079 0.5606439337134361 0.1227602437138557 0.2190506905317307 0.2285773605108261 107.5337393581867 963.2456836476922 113.6535821855068 5532.718204781413 639.6297312006354 22.78486420214176 1816.046207860112 279.195111900568 0.3215604647994041 2.420123748481274 13.04683580994606 0 0 2.390344992280006 0.4577738344669342 7.812979884445667 10.7174456641078 3.179004609584808 1.447010524570942 66.98398293554783 0 9.09755501896143 0 0 50.02318465709686 29.07735799252987 0.2545171678066254 0 0 6.088055916130543 0.1050638556480408 76.48251710832119 0.2830048575997353 1.410008199512959 0.4717151820659637 1.301657035946846 0.194141611456871 0.279213935136795 684.6296660676599 0.766228124499321 0.2926827967166901 0.1547279208898544 0 147.608433611691 150.0135868340731 192.0970420464873 167.6294447332621 13.75899566709995 1.878804855048656 537.5251124873757 84.40232942253351 1.197907835245132 21.62652332335711 1.65380933880806 0 0 0.9140557646751404 0 26.23733739554882 1.230927899479866 4.274669393897057 1.509345263242722 3.341572597622871 0.1155773997306824 0 0
119.0354740098119 26.85630792379379 9743.249689720571 7.632818549871445 0.7842134237289429 35.24896118044853 1612.945283710957 255.8959114775062 7.745662234723568 106.5604178458452 58.89079859852791 0.7878275960683823 22.24545352160931 180.8061226829886 0.400625616312027 2550.754286244512 2947.886476606131 24.93715292960405 230.5662788003683 2.613674834370613 9947.898488141596 113.6535821855068 13213.48135650903 1262.831408672035 3.933411844074726 1488.199043132365 7159.489923089743 3592.317168071866 162.9354493357241 2467.255186699331 0.6054415851831436 3.709363639354706 29.10751277208328 2591.979207761586 447.4622189104557 10998.42461052537 8267.922980062664 9517.533384107053 7721.446570701897 191.3452276065946 31.44828311353922 32.26041185855865 44.38267607986927 0.1837898641824722 0.4942737072706223 43.34024869650602 0.3051939457654953 0 0.1995518952608109 17.73769345879555 0.1800882965326309 10.62197436392307 2.909560799598694 0.09976928681135178 0 0.4702480286359787 0.7854643017053604 0 1147.681115485728 0.4033331871032715 0 0.2551740109920502 0 128.8649101480842 146.0115010216832 580.8541974052787 73.976601973176 0 2.54096294939518 577.0777366384864 127.9020199477673 3.93257462978363 49.84007965773344 0 0 0 1.118690200150013 50.45159347355366 154.0408769771457 4.27857318520546 14.95681335777044 17.20352306962013 9.730440095067024 0.1773232966661453 1.824616611003876 0.154750645160675
13.63091061264277 839.2341327667236 68.30152704566717 1582.750521145761 5.268932282924652 35.55819153040648 893.7468442693353 48.52949765324593 8195.900893129408 259.4889952987432 18.3995855897665 340.7998607158661 80.80397562682629 65.25872053205967 628.2224460914731 1757.940387785435 17.98088645935059 1.640992432832718 2.21838915348053 627.9731372222304 770.1476888731122 5532.718204781413 1262.831408672035 9867.54469936341 248.2874969020486 32.8764761313796 2330.659462548792 10232.80146978796 277.2576264366508 367.7370801866055 7.897823430597782 8.364118270576 69.93592018634081 239.2426201403141 91.4615480825305 2322.961532779038 122.7075159549713 428.4417653605342 270.839944370091 822.1792165786028 49.69043233990669 3.797544203698635 25.35702095925808 8.661364823579788 7.913982503116131 22.81517463177443 215.4171797856688 3.411709763109684 20.78946086019278 718.5802892446518 17.88649644702673 916.1855849027634 144.8197030797601 1.278880715370178 100.9695129320025 1.45060670375824 7.89348503947258 34.14668975770473 684.5288094803691 3.2048195078969 0 0.6134444996714592 123.5140545293689 380.9558850452304 44.17720346152782 121.0514013469219 3014.410254731774 0.7637637704610825 5.826445050537586 121.401610083878 3280.777193851769 53.4180169776082 507.2927071303129 0.7573871985077858 0.4522880613803864 4.184469416737556 15.9334926083684 21.54854447394609 416.6300638392568 3.02220357209444 25.07301350682974 14.0619930550456 273.2868710830808 6.046096071600914 2.219618633389473 1.457451328635216
0 1744.370624013245 1.365894317626953 0 0.5476869493722916 0.961637869477272 0.3361167833209038 0.9063102677464485 267.8886620923877 0.093396857380867 408.3142973780632 1.207416497170925 4738.608122237027 0.5601103603839874 3.766713045537472 99.89878839999437 0.8119962066411972 8.725888282060623 1.287193313241005 0 1.17296040803194 639.6297312006354 3.933411844074726 248.2874969020486 715.998166128993 119.2861316204071 6653.848790533841 12.84640833735466 1.189644150435925 0.562751367688179 345.7103603258729 1.909037299454212 0 97.334925994277 3.061099171638489 11.60102400928736 98.11875654011965 213.3546278476715 45.27175904810429 9.711136534810066 0.5694443583488464 150.4716332554817 0 0 132.7598219066858 2.02449456602335 0 0 0 0.2029656693339348 0.2768153250217438 2.188287280499935 0 117.170062340796 0 378.0950775370002 0.1036072596907616 0 0.5179341584444046 0.6048110127449036 4.370700486004353 0.9827812388539314 0 0 1.881441831588745 0.3878787085413933 0.2838844805955887 35.0314287096262 42.25835128128529 435.6974177658558 0.4535199254751205 0.2335051968693733 0 60.52268227189779 0.07966657727956772 0 6.055344194173813 0.4540547430515289 1.13181284070015 25.71896743029356 14.66342768073082 1.946828618645668 0 0 17.92418260127306 0.286473423242569
121.6676866039634 68.70505831390619 9654.752928733826 7.210512012243271 7.428908258676529 53.21455609798431 310.6847871392965 402.5405586734414 11.21146411448717 114.5059318765998 4272.759180910885 41.19993881881237 537.5738557204604 258.2317328900099 0.9440475553274155 13.52842476963997 2885.284302033484 3462.593978784978 8375.216244630516 7.086284719407558 668.0240048319101 22.78486420214176 1488.199043132365 32.8764761313796 119.2861316204071 32817.13291916996 9330.292960852385 87.43440471589565 247.5036886259913 250.1876040771604 261.0860179886222 59.2097368016839 21.49525199830532 1712.501787960529 37.49481693655252 3763.553995169699 9662.415704756975 4794.822886027396 1790.967512622476 57.53754529356956 24.49576875567436 142.2961496040225 10.98807943612337 0 181.2004725188017 78.60226608067751 0.129570335149765 0 0.1882029548287392 3.038281343877316 0.4921543151140213 1.048931412398815 0.3825200796127319 145.0514314770699 0.08065690100193024 752.7456180304289 0.4326754361391068 0 1.505824819207191 12.12693023681641 35.00276195257902 25.45751406252384 0.2030559778213501 0.5413274243474007 7.785227596759796 10.94776970893145 3.576854929327965 51.39280733466148 1088.138941340148 4184.40863891691 5.12260003387928 0.7663246691226959 1.225387252867222 295.2649101614952 0 0 7.437957249581814 6.604016862809658 34.6738573089242 178.9951262921095 22.63209373503923 9.223935045301914 0.7440967634320259 0.1599969118833542 5.651856474578381 0.1088107451796532
11.51854772865772 5184.770910255611 4442.631506562233 3.949004098773003 2.612963601946831 10.39669818431139 259.7065034806728 42.18990474194288 143.087845787406 23.43286274373531 1609.634710162878 10.43608776479959 6578.660551473498 31.66726662963629 2.113542594015598 6082.700558543205 3090.196751177311 266.5313993021846 1395.386103451252 3.278550341725349 829.4650425985456 1816.046207860112 7159.489923089743 2330.659462548792 6653.848790533841 9330.292960852385 36316.42641562968 1631.282242529094 70.52992859482765 41.27210055291653 1364.28105404973 18.67961947619915 6.950966313481331 1795.479064293206 157.0990853011608 7082.559480823576 7950.933490470052 6595.689271070063 2690.219371654093 127.9594441503286 17.51343753933907 107.3769377842546 19.20172189921141 0.6359489113092422 1843.991177134216 2475.272919736803 0.2802454233169556 0.1121041923761368 0.3470325618982315 37.56127021461725 5.351729989051819 23.28090968728065 2.961240358650684 382.5159930512309 0 1692.909098394215 5.05806415528059 0.3323457390069962 847.8507290482521 90.24005381017923 114.0382384508848 79.48182460665703 0.97903111577034 50.30562867969275 372.8114121332765 1586.626634895802 70.11830510944128 665.1124856844544 3389.463363349438 26597.35401124507 164.2332445085049 1.80879458039999 17.51095525175333 856.9955810979009 0.1021574810147285 0.6924469918012619 46.05968628078699 17.32557213306427 182.7798081412911 641.2506089955568 165.3112237975001 86.45374463498592 2.457343384623528 0.2509536147117615 15.68395323306322 1.344247102737427
43.63050528615713 36.60630622506142 259.9567758738995 2127.646891787648 2.555776678025723 189.3570672571659 13804.51541180164 221.3688659518957 1541.205623067915 4507.705240555108 16.20975997298956 942.7791806161404 23.45978350937366 273.0391962975264 84.42656210064888 1539.954217709601 102.4987533986568 5.044051073491573 9.837538510560989 1434.141617618501 3453.041426546872 279.195111900568 3592.317168071866 10232.80146978796 12.84640833735466 87.43440471589565 1631.282242529094 24281.55260741711 829.8088547512889 10386.72261933237 0.6699320450425148 14.26604150980711 210.7815349623561 1065.171590514481 300.7179580330849 5954.259370930493 226.0036163032055 1559.905235089362 1007.489197693765 412.8667669445276 78.1123104095459 2.399557404220104 60.58121937513351 11.80723964422941 1.564249187707901 16.33916452527046 179.3292570412159 0.1302549839019775 16.64806770533323 801.8481064289808 17.9235068410635 545.328807041049 116.728601410985 0.1818535253405571 55.53236450254917 0.0816982090473175 9.765641234815121 18.88404607027769 387.3818417564034 4.911675997078419 0.1804134026169777 0.8818643763661385 87.47814548760653 336.8011283576488 13.81917144358158 41.68578480929136 2600.151085518301 0.1341014206409454 3.210883311927319 45.88624022156 3436.174683898687 82.23082629591227 744.3662499785423 0.1957983449101448 0.08783739805221558 7.69647191464901 13.70476714521646 30.35110867768526 471.4593158364296 3.718949630856514 24.73972750455141 16.27050413191319 174.4741766005754 7.151724196970463 8.254666179418564 1.306163176894188
3758.256600446999 0.2735778838396072 89.63508976995945 161.6242744401097 437.1093732789159 913.3592363372445 2638.06065524742 1860.67415548861 12.7770573720336 1207.667171146721 314.1762755215168 356.2746717482805 12.77651357650757 5229.217425797135 36.5980973392725 0 1019.036709737033 91.43329772353172 230.7191114798188 327.8872115463018 147.4036224409938 0.3215604647994041 162.9354493357241 277.2576264366508 1.189644150435925 247.5036886259913 70.52992859482765 829.8088547512889 18740.91007754952 6028.008053503931 1.935769334435463 1865.548578877002 2941.110646411777 4739.684220928699 41.02679763734341 425.1645801663399 48.03064117208123 1858.673168350011 276.4504169151187 243.8831024765968 254.5854782089591 6.652684688568115 10.12500685453415 0.1475789099931717 0 0.0989658385515213 1.964620515704155 0 0 16.66497506201267 0.5873385891318321 6.868304722011089 1.423614494502544 0.5695874765515327 0.09755846858024597 0.3248639032244682 0 0.1524330824613571 0.0976041853427887 0 0.08752352744340897 0 0.567035585641861 0.2668459415435791 0 0.2787981927394867 36.62296564131975 0 0.4105447977781296 1.920785129070282 57.06863042712212 0.8713255897164345 9.314464084804058 0.1119894757866859 0 0.191348597407341 0 5.751077570021152 11.09370295703411 0.1734499782323837 2.051071614027023 0.1550202220678329 1.45624615997076 0 0.1593843549489975 0
