1236.633741125464 0 74.98709373176098 0.7681763619184494 0.2543163597583771 5.82787200063467 1880.564763821661 494.8256147801876 2.422993965446949 11.71567490696907 8.921618178486824 1.505589202046394 0.4504011422395706 4276.842349618673 0 0.4012116566300392 190.5544601157308 1.412673868238926 8.12051860243082 0.4481572881340981 105.7656581550837 0 251.2539132386446 5.113077715039253 0 13.74462140351534 9.334568165242672 25.27448159456253 3851.079302161932 1924.332958176732 0 8.447128586471081 16.3462865203619 65.71608959883451 0.2871540486812592 54.95245996117592 10.93492776155472 49.28842413425446 7.781593538820744 0.9207795858383179 1.219243809580803 0 0.1668850481510162 0 0 0.138437807559967 0 0 0 0.7767484933137894 0 0.491854190826416 0.2081831693649292 0 0 0 0 0 0 0 0 0 0 0 0 0.1302392333745956 0.6818709373474121 0 0.2869752421975136 0.1591375917196274 2.35252296179533 0 0.8274451568722725 0 0 0 0 0 0 0 0 0 0 0 0 0
0 88.63197072595358 103.7648736983538 0.1639177799224854 0 0.5237090289592743 3.779020473361015 0.2993818297982216 420.8646654114127 0.8343611359596252 140.6951849237084 0.6106926277279854 436.0719169378281 0.3849957585334778 2.162451714277267 84.82642700523138 66.77310146391392 6.839985579252243 47.61779832094908 0 1.377159401774406 1685.345687329769 3.439785972237587 1023.851768180728 1716.92670750618 629.3073674440384 4057.517425045371 22.92152382433414 0.2513598725199699 0.240647166967392 54.37235361337662 0 0 39.8358042165637 0.1789868623018265 35.54713117331266 121.7802384495735 48.48845569044352 19.13761972635984 18.96912883967161 0 321.3728365600109 0.2746320962905884 0 57.84455045312643 59.65825425088406 0 0 0.1026247888803482 0.4449366629123688 0 1.26887895911932 0.09682121127843857 6.107868015766144 0 10.08548898249865 0.8907748907804489 0 7.100039213895798 15.93230929225683 3.086716495454311 18.28489256650209 0 1.113179422914982 4.492889180779457 5.157921105623245 9.857801713049412 12.54512438178062 167.4635956138372 1159.134072266519 1.988735891878605 0 0.6957782655954361 3.072819069027901 0 0 7.726842783391476 0 18.63530492782593 16.11300603300333 21.58986439555883 7.782024338841438 2.402041539549828 0 3.28040224313736 0.1790033131837845
74.98709373176098 103.7648736983538 3915.115675143898 2.843604847788811 0.2122016251087189 65.35126508027315 617.1426020562649 574.2659213170409 1.324447982013226 11.22883500903845 69.01384065300226 1.070915915071964 0.4874374642968178 435.0284335836768 0.1398739069700241 12.28209820389748 6212.007726885378 35.30947425961494 196.6508298143744 0.0826730877161026 141.2049088776112 18.69807444512844 5200.626372024417 89.87398558109999 0.5493501648306847 5207.832463257015 3936.729177542031 230.6522488445044 124.2490584924817 390.8004531115294 2.571438372135162 3.465604610741138 4.545456513762474 662.5364343300462 11.75768963992596 1088.842912644148 1860.803943343461 1144.45466414094 375.1820638403296 53.43256352841854 6.11040023714304 11.55582371354103 5.328576445579529 0.1074405685067177 224.2340916991234 595.8774055838585 0.1104416102170944 0 0.2288471236824989 6.036490455269814 2.215001411736012 1.122568264603615 0.1406391561031342 2.017879128456116 0 0.3359483629465103 2.663267269730568 0 29.89309966564178 109.9817508161068 1.321766830980778 51.70543383061886 0 4.576292373239994 30.28609086573124 252.697180762887 23.17850920557976 2.205467239022255 146.9938914477825 2072.172346867621 16.95839270204306 0.1935801804065704 5.12411342561245 0.1376223564147949 0 0 33.65371830761433 3.562341287732124 105.8209275901318 238.560761384666 93.65068303793669 33.16707753390074 6.701101064682007 0.2389900684356689 0 0.8070416450500488
0.7681763619184494 0.1639177799224854 2.843604847788811 1342.504886619747 1.526233017444611 39.16267061978579 447.8648233041167 19.37570482492447 854.4247889146209 3470.855340518057 2.629895344376564 3577.99874728173 0.3685708865523338 13.09475895762444 81.38427309691906 0.1710808575153351 0.4101129993796349 0.5375076234340668 0.1144190207123756 2872.014660321176 0.2409560456871986 0.9346487075090408 0 780.2102458626032 0.5844107866287231 1.756862074136734 4.432701833546162 4728.839255444705 38.00562336295843 0 0 2.43292685598135 1.666640236973763 19.31348362565041 1.06874293088913 342.1456971392035 4.068249523639679 51.5616332963109 16.01116017997265 353.7964653968811 9.630449250340462 0 1.321047864854336 0 0 0 86.84794946014881 0.1194077730178833 4.985312834382057 63.9424155279994 4.007570452988148 162.853199198842 235.8501073941588 0 98.75870255380869 0 4.465969167649746 18.03864158689976 0.2570697069168091 0.1385915577411652 0 0 32.87100321054459 0 0.1331218332052231 0 167.0599926933646 0 0.1124048158526421 0.4840405434370041 244.6187173351645 1.57286225259304 0.5851972028613091 0 0.2122614234685898 0 1.389544777572155 0 84.75018886476755 0.4467959254980087 4.265560820698738 1.413101486861706 73.07628570497036 0.2018114253878593 0 0
0.2543163597583771 0 0.2122016251087189 1.526233017444611 190.6526485383511 321.6492037773132 5.794464252889156 55.05649185180664 22.43807148933411 8.200169362127781 8.138693131506443 67.48667976260185 4.32023860514164 27.66264549642801 870.702082298696 0 0.1181556358933449 0.3978352770209312 0.1140459850430489 6.686180233955383 0.09783802181482315 0 0.3120061159133911 11.62258364260197 0.3752619624137878 0.4166649654507637 0.2892562448978424 3.379062995314598 87.56563503295183 0.1748596951365471 0.1090367361903191 337.2360975295305 0 72.06502087414265 3.511213183403015 74.19426117092371 2.839217215776443 148.9326348304749 122.2920073643327 1894.476828031242 122.1177825331688 1.181053712964058 5.469702422618866 0 0 0 0.5591576099395752 0 0 0 0 0 0.6460340023040771 0 0 0 0 0 0 0 0 0 0.3431284427642822 0 0 0 0.4867493063211441 0 0 0 0.4003431499004364 0 0 0 0 0 0 0 0.8458835184574127 0 0 0 0 0 0.1418229937553406 0
5.82787200063467 0.5237090289592743 65.35126508027315 39.16267061978579 321.6492037773132 10198.22535988688 3690.318537741899 5685.381801538169 81.16269213706255 7594.110559806228 222.0319475308061 2361.006209202111 37.21730759739876 794.7670868746936 1612.497463710606 0.5446696504950523 27.07553101330996 37.07822961360216 18.72244314849377 211.7902117148042 31.21010105311871 0.09639920294284821 66.07109260559082 38.95367003232241 0.9951804652810097 56.58316396921873 45.69691231101751 423.4944888353348 516.734852693975 45.3420425131917 3.949794471263885 665.5877937376499 3.37384519726038 589.5841329023242 7.074089914560318 588.4470396265388 56.24551533907652 764.6651169657707 234.5939008146524 2753.279758147895 300.4464691504836 7.714756943285465 12.81642078608274 0 0.1082731336355209 0 2.300016075372696 0 0 5.810658104717731 0.06175529956817627 1.858862310647964 11.38564512133598 0.1277677714824677 6.067234724760056 0.4715703576803207 1.403237164020538 1.018452286720276 0.1175005510449409 0 0 0 2.670207947492599 0.1037841439247131 0.1108673214912415 1.514925733208656 12.43190691620111 0 0.745966762304306 1.707140922546387 21.07656729966402 1.926789239048958 1.492004677653313 0.09181927889585495 0.2350398153066635 0 0.1128249913454056 0 21.09396273642778 0.1950159966945648 0.3044849187135696 0.2915737330913544 17.85977833718061 0.1495605260133743 0.7400379851460457 0
1880.564763821661 3.779020473361015 617.1426020562649 447.8648233041167 5.794464252889156 3690.318537741899 20831.8263817355 3672.488298006356 214.8414961546659 6129.916747376323 88.46196490526199 119.7406725734472 11.32302863895893 6754.889357075095 24.55207747220993 13.17635221034288 85.58912759274244 24.72839744389057 22.00220718979836 24.90320982784033 808.0628448799253 25.38086668401957 855.824455536902 1426.195702996105 0.5454631000757217 117.9640650525689 452.1603840738535 9202.719812273979 3195.046457819641 4956.842846930027 3.000206924974918 62.0936496257782 229.8328803181648 839.5914360806346 82.84942685812712 4909.73095163703 297.7266919985414 1934.465008713305 694.5578440800309 173.9900738745928 253.7522608265281 6.703347936272621 55.37221449613571 0.8962407261133194 2.12824684381485 8.0906862616539 23.03561643511057 0.2137148380279541 9.522492974996567 482.6347966119647 29.73814331740141 68.75599186867476 191.2459178417921 1.439931482076645 12.59016674011946 0.08195003122091293 23.86960230395198 5.882365174591541 10.60863564163446 4.797354020178318 0.3460346162319183 1.916786178946495 23.57777411490679 17.39247292280197 1.715468063950539 31.22669312357903 776.1492359042168 0.1941939517855644 3.126679874956608 32.84897871315479 1282.881792027503 32.68783339112997 204.3314702063799 0 0.5588940531015396 1.430536352097988 16.80404458194971 3.190424397587776 152.3813244178891 6.338041812181473 44.66097400337458 15.22859241813421 137.0118073970079 4.330603055655956 0.4448180794715881 0.2846032083034515
494.8256147801876 0.2993818297982216 574.2659213170409 19.37570482492447 55.05649185180664 5685.381801538169 3672.488298006356 9911.527467228472 16.74635433405638 1564.884635381401 129.7193925231695 669.2809209376574 33.98831741511822 8668.027545247227 880.0656596198678 0.5761385038495064 683.3490796685219 19.75398238748312 27.02064246684313 100.7295379415154 382.5531153604388 0.4276281446218491 948.6641811951995 15.1862895488739 0.3629452884197235 108.4027156233788 108.932635858655 219.5370857268572 692.0806451924145 1163.912904411554 2.138671092689037 963.7660701051354 9.296279679983854 558.882232055068 5.486979097127914 444.7594253867865 58.57019796967506 501.9628117159009 196.4444013983011 1722.484126605093 181.6032536551356 11.00943157076836 11.10076323896646 0 0.838743545114994 1.86689218878746 0.2449609786272049 0 0 5.669589720666409 0.1032378971576691 1.44758402556181 4.326725520193577 0.1139504611492157 0.5466461405158043 0.293842189013958 0.9541938602924347 0.2822726666927338 1.430343963205814 0.0994175523519516 0 0.3445180952548981 1.275092422962189 0.101728692650795 0.09101007878780365 2.366995334625244 11.58702106773853 0 1.202923059463501 5.558647654950619 12.37058391794562 0 1.86465111374855 0.09430412203073502 0 0 0 1.255560159683228 2.717083856463432 1.011624075472355 1.393327720463276 0.9021740630269051 2.581983931362629 0.1804308146238327 1.173674501478672 0
2.422993965446949 420.8646654114127 1.324447982013226 854.4247889146209 22.43807148933411 81.16269213706255 214.8414961546659 16.74635433405638 1078.472958080471 550.6362491250038 20.69074166566133 482.0046441853046 52.93066517263651 10.46683268994093 429.7375456541777 29.66662357747555 9.054493486881256 2.206645436584949 25.85181756317616 451.6479767113924 17.14572164416313 1886.235515080392 5.412905402481556 8574.492369025946 228.7254064455628 181.585907921195 456.481426872313 2291.984246596694 60.37247646600008 8.110643841326237 15.90965106338263 1.56104937940836 15.66618862748146 21.86488468945026 5.838165640830994 184.7049125880003 43.44348105043173 56.1621864810586 24.69155699014664 281.2017148211598 2.433124408125877 6.065010920166969 0.8773397728800774 0 10.41164738684893 1.670272767543793 57.10862515121698 0 6.515680961310863 111.7050466910005 6.340668700635433 21.09102798998356 287.5007234737277 0.6224283277988434 66.50655278563499 0.6992903798818588 7.436672121286392 10.50373511761427 52.06171832233667 1.26113174110651 0 0.7402051836252213 38.25396730750799 50.29594349116087 73.56238678097725 14.3785393089056 1732.81728708744 2.162776209414005 6.888807959854603 23.41376750916243 925.6104851961136 14.0803087875247 65.73789794743061 1.037149637937546 0.06694183498620987 1.38389590382576 3.494512222707272 0 32.04977787286043 2.025305151939392 16.72145941108465 2.671989873051643 37.10332562029362 0.8590383678674698 0 0
11.71567490696907 0.8343611359596252 11.22883500903845 3470.855340518057 8.200169362127781 7594.110559806228 6129.916747376323 1564.884635381401 550.6362491250038 20780.97653312981 124.6427788734436 5132.405187085271 15.56586166098714 723.9168059155345 55.30835953354836 1.053236961364746 3.444098606705666 30.8771265745163 24.99727813899517 6659.69724778831 9.650022573769093 0 9.506436310708523 539.8370525538921 1.27717512100935 59.3736257404089 39.81316743791103 3483.112564824522 868.1528974249959 5.858763247728348 3.26449628174305 72.43898762017488 6.576597057282925 569.9013665914536 18.51183331757784 2645.983296796679 64.72611006349325 1214.112215839326 290.8517011329532 415.5178301036358 198.6164134293795 4.30329667031765 48.00972452759743 0.08990959823131561 0.2459737062454224 0.1858305409550667 104.6834020540118 0 14.24041853845119 263.3250322490931 13.20154425501823 249.6893896237016 650.2327848747373 0.6549269929528236 94.47428389638662 0.1059615835547447 11.11019300669432 23.75261689722538 0.767174057662487 0 0.4551507383584976 0.09302469342947006 80.11363957077265 0.5733150392770767 0.1800610274076462 1.246454060077667 545.2782944217324 0 1.093677923083305 2.881932437419891 847.2278312891722 7.824720211327076 10.74668303132057 0 0 0.2430048808455467 5.0969612672925 1.290973082184792 290.8300692364573 2.070468060672283 11.71146144717932 2.020006507635117 223.8587539792061 0.4459974393248558 1.065261393785477 0.2762331813573837
8.921618178486824 140.6951849237084 69.01384065300226 2.629895344376564 8.138693131506443 222.0319475308061 88.46196490526199 129.7193925231695 20.69074166566133 124.6427788734436 7240.487203486264 167.2021045908332 957.9166764095426 119.7438487932086 8.562738835811615 1.147706687450409 440.0589301511645 2130.660378679633 1774.89341622591 28.36134842783213 15.26921197026968 77.67459850013256 26.44496648013592 32.4115100055933 311.4901914969087 1169.846257328987 856.1887951567769 11.60595446825027 442.1372032687068 19.20244786888361 431.0833129957318 204.3775141611695 6.820677496492863 4401.518136285245 31.58665009588003 586.7776376456022 3394.112887598574 3955.01624173671 1054.584794707596 72.78220482170582 37.7750641554594 968.7496044188738 6.164110392332077 0.0802299976348877 11.07933562994003 1.250744380056858 0 0 0.6859467551112175 2.797722272574902 2.770413555204868 1.573355056345463 1.869710981845856 312.763757891953 0.5762097761034966 636.2385040223598 1.65842891484499 0.07898151874542236 0 0.4349563866853714 21.23074153065681 3.394108384847641 0.2590467855334282 0 1.148751728236675 0.4883488491177559 2.179567113518715 131.8920924067497 133.501592643559 112.7067740634084 3.615104265511036 3.309265114367008 0.1843453794717789 121.4317590221763 0.9298422113060951 0 57.07302189618349 10.58113439381123 13.36786776036024 231.8625454232097 104.5474452748895 11.93140763789415 0.880206361413002 1.701747879385948 162.404125623405 0
1.505589202046394 0.6106926277279854 1.070915915071964 3577.99874728173 67.48667976260185 2361.006209202111 119.7406725734472 669.2809209376574 482.0046441853046 5132.405187085271 167.2021045908332 7438.981991283596 20.44419482350349 273.7251925542951 1130.069231979549 0 1.361215196549892 36.15306517481804 17.77469491958618 5125.986097924411 2.517212852835655 0.6233101412653923 2.588490068912506 471.715045593679 1.186719752848148 62.60180607438087 31.04069294035435 700.2843626588583 541.8614657744765 1.306936666369438 4.296039991080761 92.16278839111328 0.5569744110107422 385.8656326085329 13.68561579287052 1028.674544580281 41.62114672362804 795.0455490276217 115.9354731366038 1986.097571395338 58.27591631561518 6.670027524232864 12.40286216139793 0.1067187562584877 0 0 21.48169324547052 0 3.719217047095299 19.0314681828022 2.808754615485668 43.80189652740955 113.18289142102 0.09488890320062637 80.30555296689272 0.2721706330776215 2.806357763707638 6.22149533033371 1.21429206430912 0 0.07922559231519699 0 25.36306829750538 0 0 0 46.02199064940214 0 0.7239669859409332 0.4213094785809517 75.53066001087427 2.254349552094936 2.36277973651886 0.1963162422180176 0.08464737981557846 0 1.95237797498703 0 78.19676622003317 0.2293800935149193 3.723070375621319 0.4195344820618629 64.6246685385704 0.1558612436056137 0 0
0.4504011422395706 436.0719169378281 0.4874374642968178 0.3685708865523338 4.32023860514164 37.21730759739876 11.32302863895893 33.98831741511822 52.93066517263651 15.56586166098714 957.9166764095426 20.44419482350349 1444.753446109593 17.38722460716963 0.7310968115925789 7.003409296274185 3.088403820991516 19.26978579908609 5.55108454823494 3.64233423024416 10.69112409651279 174.9611316472292 13.50966899842024 91.02599759399891 3665.622669063509 317.8229342475533 3642.707567326725 12.94873847067356 43.84161970764399 8.701761476695538 529.2799581885338 36.84002941101789 0 663.3579570427537 135.0100017488003 1829.431690171361 4029.22025988996 3507.562662780285 732.8619959577918 152.3995122462511 161.2765587568283 1476.144951432943 29.37983034551144 0.1267602890729904 15.36527858674526 0.1601088494062424 0.1267190128564835 0 1.045438945293427 1.131283804774284 3.713807985186577 1.168278746306896 1.437842026352882 445.5709838867188 1.748804979026318 1100.190737061203 3.382883578538895 0.2668259665369987 0.2673723697662354 0.2540687173604965 24.88471014797688 2.374471724033356 0.2342648655176163 0 3.563604265451431 0.7381916642189026 2.516813836991787 252.5160091221333 296.9349156096578 226.9293513596058 2.157674260437489 3.956376984715462 4.202699489891529 260.8027431368828 2.210198678076267 0 86.24014877527952 22.60345146805048 298.6487805694342 329.7620210424066 186.582847751677 139.3553389832377 27.33043339848518 56.61061682552099 140.3681515976787 1.530661284923553
4276.842349618673 0.3849957585334778 435.0284335836768 13.09475895762444 27.66264549642801 794.7670868746936 6754.889357075095 8668.027545247227 10.46683268994093 723.9168059155345 119.7438487932086 273.7251925542951 17.38722460716963 10756.69758286327 56.84622199833393 0.9475374072790146 629.3525638356805 18.4777565523982 30.82752355933189 68.72249558568001 388.9067417308688 0.1790702193975449 892.7751903533936 17.51572635769844 0.3809435591101646 90.96589846163988 81.0450684428215 236.4593138098717 5179.746564432979 2147.576472707093 2.961044207215309 105.4062151834369 22.76873394846916 525.7021163031459 7.549331352114677 487.5907987654209 52.77676574140787 573.318103864789 148.6066863313317 694.3475960120559 63.85714368522167 3.664069041609764 10.53455996513367 0 0.2778356149792671 0.9386057555675507 0.6032389253377914 0 0 4.971693813800812 0.1338799297809601 0.7308263406157494 1.961820840835571 0.1601086407899857 0.2519330903887749 0.3839548081159592 0 0 1.249903038144112 0.1161141768097878 0 0 0.06964649260044098 0.6817995309829712 0 3.183867633342743 10.66477980464697 0.09870436042547226 0.5262828096747398 6.732377432286739 14.82012841105461 0.1001239717006683 3.493945762515068 0 0 0 0.7168411612510681 0 4.898284584283829 0.2131746262311935 0.2116822674870491 0.520486056804657 1.944210514426231 0 0.284021183848381 0
0 2.162451714277267 0.1398739069700241 81.38427309691906 870.702082298696 1612.497463710606 24.55207747220993 880.0656596198678 429.7375456541777 55.30835953354836 8.562738835811615 1130.069231979549 0.7310968115925789 56.84622199833393 261.9728963971138 0 0.4655261859297752 0.5759386718273163 0.7758239507675171 97.73994318395853 0 6.747235476970673 0.1106661707162857 960.040968246758 1.553578272461891 2.697026051580906 4.436110220849514 100.4330569133162 34.95066160708666 0 0.3882138282060623 393.964667968452 0.7854533866047859 27.07792210578918 1.776439666748047 533.8776644170284 2.028638288378716 22.30990223586559 5.029140613973141 1351.666556097567 57.1411952227354 0.1563092470169067 0 0 0 0 2.438042119145393 0 0.740777462720871 7.803166620433331 1.391544066369534 0.9673680067062378 8.905037082731724 0 2.570425480604172 0 0.3892982304096222 1.757491216063499 1.267577648162842 0 0 0 1.497041165828705 0.7723366022109985 0 0 6.101468332111835 0 0 0 8.363990984857082 0.08271690458059311 1.970399275422096 0 0 0 0.3106506019830704 0 34.68635190278292 1.429934859275818 0.3875504434108734 0 9.97307088971138 0 2.695320844650269 3.370764017105103
0.4012116566300392 84.82642700523138 12.28209820389748 0.1710808575153351 0 0.5446696504950523 13.17635221034288 0.5761385038495064 29.66662357747555 1.053236961364746 1.147706687450409 0 7.003409296274185 0.9475374072790146 0 1298.440277189016 18.52237002551556 0.3732863888144493 4.404404997825623 0.1133208721876144 996.0550847128034 2159.248084373772 2560.704727098346 1431.956366814673 12.99140773713589 34.82799734920263 2951.028292454779 1182.154529877007 1.73309189081192 57.18102073669434 0.4591633901000023 0.2604264616966248 0.1408505141735077 49.71918088197708 14.792341157794 933.1488543301821 449.7974394932389 343.869617626071 502.9303033873439 31.94153645634651 1.244333200156689 3.476631432771683 4.500218831002712 0.4010868072509766 8.693451575934887 10.27293871343136 0 0 0.4497695341706276 6.805812984704971 0.7021497115492821 8.904850423336029 0.3261387273669243 0 0 0 1.051185317337513 0 2522.814050666988 4.767643235623837 0 1.92528623342514 0 498.286785684526 157.8121035769582 1654.200375139713 400.9614751338959 0.3087254166603088 3.770498543977737 404.7861866205931 164.0203805938363 0.5115000978112221 52.93035896122456 0.1571981757879257 0 0.2581245601177216 4.940106965601444 0.7138756662607193 876.6180736944079 98.4546874165535 12.25183280557394 14.77667621523142 1.370510473847389 0.5117844343185425 1.423336744308472 0.1790603250265121
190.5544601157308 66.77310146391392 6212.007726885378 0.4101129993796349 0.1181556358933449 27.07553101330996 85.58912759274244 683.3490796685219 9.054493486881256 3.444098606705666 440.0589301511645 1.361215196549892 3.088403820991516 629.3525638356805 0.4655261859297752 18.52237002551556 1200.478085920215 177.0287280902267 3490.559179775417 0.3571074083447456 613.3846589028835 16.36039312183857 3354.539167866111 60.51618652790785 2.103703759610653 3777.39442422241 5610.150284767151 68.10111053287983 984.4725693389773 648.3877751305699 0.6279506832361221 8.424096189439297 205.4321152865887 3413.339325070381 12.21544240415096 1310.138064466417 2405.295321330428 1966.19200438261 622.3055330365896 46.00044354051352 10.91423967480659 32.74079342186451 8.439687848091125 0 96.75333368033171 113.4880353435874 0 0 0 1.17531967908144 0.2921604290604591 0.2867218255996704 0 1.067005321383476 0 0.1458530873060226 0.4801462814211845 0 3.447957113385201 34.41828624159098 1.832691721618176 38.08357766270638 0 0.7313608750700951 0.9602858424186707 9.044878609478474 4.154639765620232 1.936541043221951 130.2212918922305 566.2065687030554 2.547021634876728 0.4549250528216362 0.5414441600441933 0.308703325688839 0 0 10.26325140148401 1.366922676563263 38.96056040376425 133.4484329745173 28.41951473802328 4.902800172567368 2.793450027704239 0 0 0
1.412673868238926 6.839985579252243 35.30947425961494 0.5375076234340668 0.3978352770209312 37.07822961360216 24.72839744389057 19.75398238748312 2.206645436584949 30.8771265745163 2130.660378679633 36.15306517481804 19.26978579908609 18.4777565523982 0.5759386718273163 0.3732863888144493 177.0287280902267 181.9451255202293 1227.519035764039 7.680438131093979 3.178577356040478 7.25797413289547 6.590812437236309 5.077483542263508 52.58801318705082 1466.979517236352 223.6558926552534 2.275047868490219 64.57372018694878 3.618526764214039 30.22095288336277 22.33176404982805 1.773802489042282 739.1344498321414 1.379069447517395 287.254441075027 831.2658977136016 871.8601900115609 288.035520888865 11.39780390262604 1.110543437302113 2.818689942359924 1.495215356349945 0 1.768058426678181 0.2948615998029709 0 0 0 0.3970288038253784 0.1027458757162094 0.253808856010437 0.8253407552838326 90.50241485238075 0 87.35031478106976 0.2051523551344872 0 0.1017800495028496 0.2402515187859535 66.36162329465151 9.556098528206348 0 0 0.535971574485302 0.2936560362577438 0.09590670466423035 56.54227750003338 438.2633001208305 212.3527894988656 1.09612887352705 0 0.1868672072887421 112.2036959826946 0 0 3.097107253968716 0.09178519248962402 3.857435651123524 17.66987399756908 9.190218187868595 3.270142927765846 0.9118838831782341 0 0 0
8.12051860243082 47.61779832094908 196.6508298143744 0.1144190207123756 0.1140459850430489 18.72244314849377 22.00220718979836 27.02064246684313 25.85181756317616 24.99727813899517 1774.89341622591 17.77469491958618 5.55108454823494 30.82752355933189 0.7758239507675171 4.404404997825623 3490.559179775417 1227.519035764039 2432.640526302159 3.534326978027821 31.24687849730253 33.96205230802298 93.25593245029449 51.286754950881 17.4211722239852 3310.964015200734 1891.044649414718 7.825192995369434 93.41129252314568 28.13443864881992 8.584864936769009 7.396805658936501 22.71170269697905 2619.375185459852 5.848824068903923 832.171498529613 1207.905406847596 1408.409005068243 393.5977807566524 18.94534970074892 2.43159818649292 2.443736165761948 2.459620587527752 0.1069300323724747 50.01495415717363 4.16747423261404 0 0 0.1304856687784195 0.3688733354210854 0.1370667368173599 0.7178842946887016 0.7523451745510101 63.65587139129639 0 33.95162533223629 0.09400123357772827 0 0.6511304974555969 5.812242515385151 75.62393708527088 68.56377157568932 0 0.1133835315704346 1.233161240816116 1.156041212379932 2.306420207023621 30.31520295888186 734.6035457402468 473.9110261127353 0.7855103015899658 0.7551461905241013 0.1475539952516556 55.25503090023994 0 0 7.834326066076756 1.454234845936298 20.89038217067719 57.63175664097071 29.02322474122047 5.070636719465256 1.969793826341629 0 0.494212731719017 0
0.4481572881340981 0 0.0826730877161026 2872.014660321176 6.686180233955383 211.7902117148042 24.90320982784033 100.7295379415154 451.6479767113924 6659.69724778831 28.36134842783213 5125.986097924411 3.64233423024416 68.72249558568001 97.73994318395853 0.1133208721876144 0.3571074083447456 7.680438131093979 3.534326978027821 848.2438789010048 0.7237749695777893 0 1.095937713980675 304.4939631521702 0 11.18517821282148 4.788444489240646 3813.352437540889 130.9493681713939 0.6033363342285156 0.9698994308710098 13.5462639182806 0.1001169234514236 100.6592651307583 3.426104754209518 583.9757307097316 11.35873335599899 224.649653762579 46.63193827867508 546.835274502635 35.05157172679901 1.549746699631214 7.517507523298264 0 0 0 42.3371090516448 0.2120663821697235 4.026855334639549 83.01133566349745 5.800927348434925 98.43971031904221 233.0437358394265 0.2624583691358566 47.84622149914503 0.1017653867602348 4.355104953050613 13.17564296722412 0 0 0 0 29.42970198392868 0 0 0.2047957181930542 159.4561823606491 0 0.1250263899564743 0.1600599139928818 264.3558664694428 2.179643161594868 0.4928637444972992 0 0.1244458705186844 0 1.444516777992249 0 108.7510623261333 0 3.889216929674149 1.633985422551632 97.1622287184 0.1040466651320457 0 0
105.7656581550837 1.377159401774406 141.2049088776112 0.2409560456871986 0.09783802181482315 31.21010105311871 808.0628448799253 382.5531153604388 17.14572164416313 9.650022573769093 15.26921197026968 2.517212852835655 10.69112409651279 388.9067417308688 0 996.0550847128034 613.3846589028835 3.178577356040478 31.24687849730253 0.7237749695777893 14585.25590486825 57.50296015292406 12633.54948036373 328.4127243757248 1.67669552564621 16.89578634500504 499.460987046361 2930.421887375414 358.6394404023886 14076.12264675647 0 2.839801214635372 73.94653026759624 2680.17797164619 79.59455460309982 5788.411674723029 2780.993847563863 5822.466756984591 4094.375682786107 134.8207805305719 29.57891803979874 21.42209116369486 23.55829397588968 0.3119208589196205 1.555703848600388 2.947359889745712 0 0 0 4.48014310002327 0.282555378973484 9.696302495896816 1.642710506916046 1.108901619911194 0 0 1.536471590399742 0 433.4943467229605 3.269142866134644 0 0 0 465.2509620860219 66.23533499240875 127.6993019506335 492.4442219734192 0.5619707405567169 2.369865536689758 28.42194380611181 307.5418758168817 1.29996632784605 150.3075905963778 0 0 0.8092281222343445 4.324280418455601 2.551594331860542 182.574400626123 3.179306834936142 8.751346111297607 5.6014259532094 1.756343752145767 0 4.828437425196171 0.358948141336441
0 1685.345687329769 18.69807444512844 0.9346487075090408 0 0.09639920294284821 25.38086668401957 0.4276281446218491 1886.235515080392 0 77.67459850013256 0.6233101412653923 174.9611316472292 0.1790702193975449 6.747235476970673 2159.248084373772 16.36039312183857 7.25797413289547 33.96205230802298 0 57.50296015292406 1399.440207488835 229.0012271106243 5675.172190234065 836.9616792276502 348.2167406305671 3128.497372977436 291.3866898417473 1.077289551496506 0.1723995059728622 32.72302102297544 0 0.2048631310462952 13.14421878755093 0.1592188477516174 19.72280865907669 37.99720758199692 27.83808736503124 6.987701162695885 50.03341747820377 0 33.28947108983994 0 0.217179499566555 24.54850364476442 50.40043323487043 0 0 0.4140659719705582 7.83586036413908 0.6363558918237686 16.13925287127495 0.2522785663604736 0.9402584061026573 0 2.196070075035095 1.244562216103077 0 1034.223780058324 8.775930672883987 1.102220602333546 1.849681243300438 0 110.3030552938581 149.2222795933485 593.0587549433112 190.2362420409918 0.7308700606226921 18.76840155571699 1085.140286691487 72.91426102817059 0.291709378361702 19.07107064127922 1.211207717657089 0 0 2.145238943397999 0.5416836142539978 51.88477312773466 11.56667015701532 15.390918597579 10.37398376315832 1.022832423448563 0 0.2196614593267441 0
251.2539132386446 3.439785972237587 5200.626372024417 0 0.3120061159133911 66.07109260559082 855.824455536902 948.6641811951995 5.412905402481556 9.506436310708523 26.44496648013592 2.588490068912506 13.50966899842024 892.7751903533936 0.1106661707162857 2560.704727098346 3354.539167866111 6.590812437236309 93.25593245029449 1.095937713980675 12633.54948036373 229.0012271106243 12588.7973260656 838.9872172251344 3.49517734348774 679.152913980186 5386.968434713781 4216.099029429257 639.8268465027213 5376.54576779902 0.6354781985282898 6.599958017468452 76.81444987654686 3385.19704374671 104.6998707354069 7230.613276511431 6968.201554864645 9616.752994917333 7755.785484813154 602.7659976109862 42.59718896448612 42.58473992347717 71.11407820880413 0.4259385839104652 7.619914993643761 126.6388688012958 0 0 0.1266548186540604 21.72567564249039 3.126047722995281 4.257855504751205 0.8343597799539566 0 0 0 3.108299508690834 0 1616.479504942894 16.32552109658718 0 1.059325031936169 0 173.0616423636675 66.7440834119916 1770.17488142103 156.8594723790884 0.1308882981538773 7.236331433057785 891.6772891357541 101.3527895882726 2.378721721470356 44.65760629624128 0.2335626482963562 0 0.138251319527626 6.14203817397356 7.456652224063873 579.0626962855458 109.3878363668919 35.06492628902197 33.38817982375622 3.176713764667511 1.277781248092651 3.930139139294624 0
5.113077715039253 1023.851768180728 89.87398558109999 780.2102458626032 11.62258364260197 38.95367003232241 1426.195702996105 15.1862895488739 8574.492369025946 539.8370525538921 32.4115100055933 471.715045593679 91.02599759399891 17.51572635769844 960.040968246758 1431.956366814673 60.51618652790785 5.077483542263508 51.286754950881 304.4939631521702 328.4127243757248 5675.172190234065 838.9872172251344 7955.866725459695 419.3586708530784 418.855455853045 3251.511490285397 8462.360663473606 115.2313108220696 125.6397782936692 27.5698604658246 1.980758480727673 40.04825230687857 76.26755695044994 22.74066796898842 866.7775716483593 108.8211628571153 238.5339273139834 163.0627982541919 1037.586352795362 16.40372826904058 12.19868754595518 5.756381578743458 3.180129140615463 44.16444054245949 29.73362237215042 39.47896721214056 0.2829977869987488 12.11120741069317 549.5728165134788 38.97211692109704 698.1697182282805 257.9532510042191 2.630725458264351 29.71929731965065 2.490842223167419 38.25365579873323 6.493494734168053 431.4416945204139 18.49260932207108 1.550977468490601 5.777954190969467 35.99304708093405 549.4584523290396 108.4878373965621 201.3009133860469 3594.723776981235 1.123015269637108 22.85519819706678 186.9829784631729 3475.741184175014 65.45711367577314 802.6229838207364 0.8482829555869102 0.2054994404315948 3.438351608812809 33.13854994624853 3.698899447917938 295.7440077289939 20.50930566340685 71.98922000825405 24.87694974243641 121.465227343142 1.750779002904892 2.411351405084133 0.5983057767152786
0 1716.92670750618 0.5493501648306847 0.5844107866287231 0.3752619624137878 0.9951804652810097 0.5454631000757217 0.3629452884197235 228.7254064455628 1.27717512100935 311.4901914969087 1.186719752848148 3665.622669063509 0.3809435591101646 1.553578272461891 12.99140773713589 2.103703759610653 52.58801318705082 17.4211722239852 0 1.67669552564621 836.9616792276502 3.49517734348774 419.3586708530784 1199.685615986586 1036.024921432137 4648.154487088323 4.425586625933647 2.085321396589279 0.4406849145889282 608.8713183924556 0.8080920279026031 0 87.93673674762249 10.07683430612087 156.1387518122792 415.6311525180936 558.7288060411811 127.2063004374504 27.17420263588428 34.85732555389404 972.0789406895638 3.597750276327133 0 40.60133880376816 0.222164124250412 0 0 0.8627984598278999 0.2628792300820351 2.843471631407738 1.151958011090755 2.351258754730225 424.8169735819101 0.2902011796832085 1530.888384602964 2.449124000966549 0 0 0.2068841233849525 49.34627182781696 6.417449608445168 0.3152874410152435 0 3.267519176006317 0.1168257892131805 1.495763547718525 176.1780619695783 339.3041407391429 571.9390677660704 0.7936437204480171 2.815874889492989 0.1184904500842094 212.9472609832883 1.176432944834232 0 94.63936949521303 0 28.9138401299715 87.1758968308568 176.3860505446792 10.04387328028679 2.209126159548759 4.96096183359623 104.4191913753748 0
13.74462140351534 629.3073674440384 5207.832463257015 1.756862074136734 0.4166649654507637 56.58316396921873 117.9640650525689 108.4027156233788 181.585907921195 59.3736257404089 1169.846257328987 62.60180607438087 317.8229342475533 90.96589846163988 2.697026051580906 34.82799734920263 3777.39442422241 1466.979517236352 3310.964015200734 11.18517821282148 16.89578634500504 348.2167406305671 679.152913980186 418.855455853045 1036.024921432137 26985.90973477811 14219.11307118088 55.55834900587797 117.9051459729671 50.97019174695015 535.1822882220149 21.49573170393705 9.187404148280621 1592.119995735586 17.21745264530182 2235.895719006658 7527.933838926256 2544.329635582864 1037.106139875948 63.33153739571571 11.12893481552601 34.3094042763114 9.489774718880653 0.385846734046936 795.3684489428997 94.99391607940197 0.1582628637552261 0 0.810389406979084 3.410866178572178 2.457062393426895 3.40645282715559 6.330876924097538 272.9091362655163 0.8012585043907166 312.5963298231363 4.258671544492245 0.1538056582212448 11.20585528761148 140.5364214852452 257.9913403242826 532.3462532386184 0.2468674704432487 2.259255066514015 13.04643009603024 6.749644167721272 25.53747297078371 346.6609060242772 3857.290463790298 4384.657453201711 8.329930394887924 4.273339100182056 2.524790093302727 264.7883510366082 0.5860235169529915 0.1005629152059555 68.17885702103376 3.6443932056427 223.2290218994021 942.2297156527638 214.5146588981152 65.38200088590384 17.5242333561182 0.4342715367674828 3.202653534710407 0
9.334568165242672 4057.517425045371 3936.729177542031 4.432701833546162 0.2892562448978424 45.69691231101751 452.1603840738535 108.932635858655 456.481426872313 39.81316743791103 856.1887951567769 31.04069294035435 3642.707567326725 81.0450684428215 4.436110220849514 2951.028292454779 5610.150284767151 223.6558926552534 1891.044649414718 4.788444489240646 499.460987046361 3128.497372977436 5386.968434713781 3251.511490285397 4648.154487088323 14219.11307118088 17230.65665968508 1937.72175013274 76.33690936118364 89.25147779285908 772.9109154865146 19.59174393862486 5.877750135958195 2811.455661825836 74.94550678133965 5152.913293242455 4334.037250466645 6045.286254458129 2146.759782269597 378.6124653369188 25.76793858408928 43.07285899668932 35.48777334392071 1.841720819473267 2746.917086310685 1716.811842575669 0.1810370087623596 0 1.61416956782341 48.14075334370136 11.96358253806829 4.765461318194866 6.081074953079224 233.3033039867878 0.5043425485491753 289.8885490968823 17.16182710975409 0 1308.260689049959 354.6053785979748 189.6074379235506 370.2399610206485 0 60.6083474829793 601.907925516367 2267.927387833595 152.1659381836653 519.1241732537746 2869.371915593743 11586.29763253778 106.5157110616565 6.30938895791769 29.6842930316925 293.6706888824701 0.09527863562107086 0.3521111011505127 129.1442697122693 10.87707121670246 600.656913138926 867.2777872681618 447.8808862492442 139.4861702769995 35.52559860050678 0.4920947104692459 4.624819688498974 0.8747355192899704
25.27448159456253 22.92152382433414 230.6522488445044 4728.839255444705 3.379062995314598 423.4944888353348 9202.719812273979 219.5370857268572 2291.984246596694 3483.112564824522 11.60595446825027 700.2843626588583 12.94873847067356 236.4593138098717 100.4330569133162 1182.154529877007 68.10111053287983 2.275047868490219 7.825192995369434 3813.352437540889 2930.421887375414 291.3866898417473 4216.099029429257 8462.360663473606 4.425586625933647 55.55834900587797 1937.72175013274 16308.98466414213 459.5010658875108 3764.781302928925 0.4386043027043343 7.767256461083889 134.9381180033088 580.7375473454595 99.85690353810787 4335.027500905097 246.282489746809 1800.608366511762 1230.734623134136 454.3656680807471 85.97014977037907 13.19654095172882 33.30744879692793 7.335617050528526 9.538675300776958 13.1003712490201 114.0016452372074 0.3769057244062424 22.9280818849802 974.4604611098766 68.01411528512836 486.8221704214811 746.1835925728083 5.65674240142107 97.77672132849693 0.1462697684764862 55.82288054376841 18.01777639985085 213.0402433797717 13.90030951797962 1.119361080229282 2.35059829056263 116.8369256928563 380.8222036510706 41.03060868382454 136.1136500611901 3110.527689374983 0 11.94493925571442 87.5888062492013 4044.273661158979 82.72439682483673 964.8664438501 0.5945790708065033 3.608748182654381 3.489066749811172 41.250508248806 3.475295946002007 426.816562756896 5.425881244242191 103.0668621212244 30.67248077690601 296.5412903279066 5.37635663151741 3.976142257452011 1.934963971376419
3851.079302161932 0.2513598725199699 124.2490584924817 38.00562336295843 87.56563503295183 516.734852693975 3195.046457819641 692.0806451924145 60.37247646600008 868.1528974249959 442.1372032687068 541.8614657744765 43.84161970764399 5179.746564432979 34.95066160708666 1.73309189081192 984.4725693389773 64.57372018694878 93.41129252314568 130.9493681713939 358.6394404023886 1.077289551496506 639.8268465027213 115.2313108220696 2.085321396589279 117.9051459729671 76.33690936118364 459.5010658875108 15493.91252602637 6038.455168642104 8.58839750289917 1036.449486490339 2640.101363107562 2811.898143149912 9.421664759516716 1254.607320927083 182.0647129192948 2310.20005851239 351.2532620280981 870.3965088352561 451.1973969563842 5.699214324355125 15.32153932005167 0.4554878175258636 1.128139317035675 0.9702328741550446 0.7885541766881943 0 0.2124160155653954 16.38158273696899 0.3959666416049004 2.320106163620949 3.346072033047676 0.440661258995533 0.6878638714551926 0.7552073001861572 0.09082379937171936 0 0.8485461845993996 0.1335454434156418 0.1343400180339813 0.122122697532177 0.1686616986989975 1.180345013737679 0 1.511517241597176 36.58477305620909 0.2536764889955521 0.8776006773114204 2.053647354245186 51.96322455257177 0.5232447609305382 14.77056889981031 0.08846203237771988 0.1167644336819649 0 0.1232180818915367 0.2315629124641418 5.371455311775208 0.5164899677038193 1.835220381617546 0.1157703176140785 2.704544492065907 0 0 0
