774.2114534676075 0 79.83317537605762 0.8367862775921822 0.5278528481721878 7.124263145029545 1657.934127680957 330.5481683984399 7.571674257516861 24.48092694580555 12.53873518109322 0.5876369923353195 0.1865500211715698 4503.010848768055 0.3703952431678772 0.1494803577661514 124.7905998900533 2.649065144360065 13.82828967273235 1.390159249305725 175.0911758318543 0.2906031012535095 385.3139030635357 33.73588728159666 0 20.4564832597971 17.29404038190842 57.32589239627123 3187.741469301283 2470.259129591286 0.3716330900788307 55.58726648241282 150.6907305791974 263.8928664624691 0.6285794377326965 8.862705685198307 3.88377071171999 73.96204885095358 7.236094854772091 0.6677529662847519 1.755854398012161 0.2467696145176888 0.1000575795769691 0 0 0 0.1807031035423279 0 0 0.7287627011537552 0.1975532025098801 0.1440543830394745 0 0 0 0 0 0 0.8557467013597488 0 0 0.0982767641544342 0 0 0 0 1.001183353364468 0.1241183653473854 0.2410974502563477 0.4478079155087471 2.450476109981537 0.1830300614237785 0 0 0 0 0 0 0.6108099222183228 0 0.3366042599081993 0.6826291680335999 0.2320730984210968 0 0 0
0 168.5449117943645 4.167135685682297 0.786480188369751 0 0.139046311378479 10.3594322130084 0.3108516708016396 235.058895803988 0.1299264878034592 62.51140584051609 0 199.5056535750628 0.09826389700174332 0 351.5946031734347 1.533325605094433 0.1146717816591263 0.8973342925310135 0.1163202822208405 14.33466844260693 2787.082687944174 33.04767620563507 969.4607332497835 1833.900277294219 54.70960137993097 4293.646897517145 63.15529531240463 0.1899967938661575 3.008409105241299 9.566208235919476 0.08970150351524353 0 63.77377833425999 0.2914924472570419 5.578765943646431 53.15988816320896 15.54807627946138 3.954597353935242 0.3348473757505417 0.9119083285331726 103.4658590182662 0.09643514454364777 0.4874217659235001 188.3338966220617 113.0544659420848 0 0 0.368535190820694 1.875486448407173 0.6356344297528267 1.156647630035877 0.08783160150051117 8.839735209941864 0.1290930509567261 21.07424490898848 0.4995951876044273 0 5.254815854132175 38.60059150308371 0.9061921387910843 29.39779907464981 0.1308808177709579 0.8241509646177292 13.6238664612174 6.95296198874712 5.299810156226158 200.1461042463779 100.8288712799549 1432.130999155343 1.786432184278965 0.8411847203969955 0.9834177419543266 1.511273577809334 0.07578242570161819 0.1466026902198792 21.0615117251873 0 29.51177497953176 23.09969460964203 55.65277151018381 14.51492169499397 0.3045803010463715 0 0.1750437915325165 0
79.83317537605762 4.167135685682297 3840.358512543142 28.53216032683849 0.1773713454604149 26.79234886914492 933.912614159286 980.3871056511998 3.607863828539848 77.86231673508883 32.41332398727536 1.612799882888794 0.5167505741119385 616.2845129817724 1.599821366369724 3.104694962501526 7323.893880210817 26.19390693679452 588.095818027854 16.7933638766408 2041.116216599941 14.40439368784428 12234.19406570494 21.90286669880152 5.369461201131344 5519.983926348388 6101.474741011858 279.8452887274325 124.7714112401009 124.7213157042861 4.694970890879631 15.95475298166275 9.684493884444237 1677.045277401805 21.43384037166834 1004.283772669733 4756.954561971128 2238.638536438346 705.2959994524717 25.06643964350224 3.663118772208691 5.085274681448936 3.360357686877251 1.932606898248196 59.61860016733408 572.3945141881704 0.125357374548912 0 2.275467537343502 8.707030601799488 4.789489589631557 4.056111946702003 2.579032808542252 4.385243266820908 0.08448522537946701 1.273295782506466 4.57799419015646 0.09787279367446899 54.98849456012249 147.3018544912338 1.333959236741066 78.895777374506 0.3816371411085129 7.050674498081207 60.89222831279039 107.0953058898449 11.22983551770449 4.781013295054436 192.7607456967235 2514.296299539506 6.205701000988483 1.885105982422829 4.896662905812263 0.2723034769296646 0 0.1212238818407059 59.64608116447926 10.43281309306622 101.532925285399 64.16242490708828 185.057174898684 46.35418324172497 0.2374749258160591 1.006082199513912 0.2453170716762543 0.1880324929952621
0.8367862775921822 0.786480188369751 28.53216032683849 4000.128659754992 9.238262534141541 174.1617620885372 131.6269771233201 20.26982291042805 338.4991899207234 4656.263830475509 4.031684063374996 712.9486139044166 0.09175322204828262 32.76062274724245 161.1267606541514 0.5863876268267632 1.114386044442654 0.652300089597702 1.089560635387897 3979.394292376935 7.290409862995148 0.4176878407597542 9.802781656384468 1847.46995293349 1.233473971486092 4.053452037274837 16.37237870693207 3637.854525439441 52.51068510860205 1.271759659051895 0.3543943613767624 6.815530188381672 4.228855952620506 66.58775115013123 13.20316532254219 361.6765573173761 12.80966976284981 196.2365833520889 82.20820177346468 544.8652629852295 28.44620434939861 1.235737413167953 5.46260192990303 0.3439918905496597 0.2219685539603233 0.8976365625858307 160.5676718875766 0.4517930150032043 2.627437427639961 120.1398939490318 3.15560308098793 70.2874840348959 15.20714677125216 0.3476055040955544 38.66116356104612 0.09000316262245178 2.012706600129604 10.49241039156914 1.601599052548409 0.2222569063305855 0 0.1847313940525055 88.44192590564489 0.1167232096195221 0.1015316992998123 1.488990098237991 258.3887991979718 0 0.2373186275362968 3.822002239525318 128.0364079400897 4.942977868020535 3.678014948964119 0 0.7927771359682083 0.1144259572029114 4.322712861001492 1.378947883844376 73.71805232018232 0.1096727624535561 12.76023148745298 3.789606690406799 175.8944941163063 3.373628810048103 0 0.5220367908477783
0.5278528481721878 0 0.1773713454604149 9.238262534141541 24.15470558404922 415.1419059336185 6.386641874909401 15.07755858451128 137.0455933660269 20.31380231678486 25.25000847876072 205.4146141633391 0.6404599323868752 4.516432292759418 1405.978921666741 0.1367954611778259 0.5815868973731995 2.542531847953796 1.426859721541405 23.79981967061758 0.07830129563808441 0 0.3613301664590836 60.61150463670492 0.531726099550724 2.712470404803753 1.701709039509296 4.64952526986599 31.38409441709518 0 0.8966156244277954 443.0805291235447 0.1104421392083168 185.3978555947542 0.5005677789449692 115.414130538702 10.50511814653873 193.0457060039043 107.19234264642 2003.003325007856 54.87806233763695 4.94172765314579 2.748706825077534 0.100280225276947 0 0 0 0 0 0 0 0.2427739500999451 0 0.7498325556516647 0 0.3546191304922104 0 0 0 0 0 0 0 0 0 0 1.001849710941315 0 0 0 0.9691369831562042 0 0 0 0 0 0 0.5805632472038269 0.6668242216110229 0.3057670146226883 0 0 0.4489245712757111 0.2022287845611572 0.5108508169651031 0
7.124263145029545 0.139046311378479 26.79234886914492 174.1617620885372 415.1419059336185 8601.098581478 2114.415561683476 6528.018466860056 25.87233652919531 9996.65527741611 142.9332945123315 3426.967716746032 5.370138771831989 622.7996961325407 2673.90624076128 0.1039636954665184 3.685672730207443 22.05241450667381 18.02665130794048 534.3608439341187 14.18809824436903 0 20.44102351367474 81.59744971245527 2.137353859841824 25.96175616979599 20.61398545280099 504.5165164098144 441.6230839341879 19.57976257055998 7.271057847887278 1227.723552845418 1.502779975533485 745.9294084683061 3.437256246805191 457.3827022388577 41.02771904319525 601.2931208610535 218.4853428378701 3337.017216645181 313.4633725583553 16.16180779784918 11.8872559145093 0 0.2652618512511253 0.09136991202831268 2.504275046288967 0 0.2458355575799942 2.910171374678612 0.5622913837432861 1.457194611430168 0.1164622232317924 1.058527730405331 0.2861577123403549 0.2776267677545547 0 0 0 0 0 0 0.3823747485876083 0 0 0.1042143926024437 5.369016289710999 0.1239388808608055 0.4354404732584953 1.34842649102211 4.338444881141186 0.4048155397176743 0 0.08144991844892502 0 0 0.5923428684473038 0.9491066932678223 2.351362243294716 1.19763970375061 1.082160450518131 0.1572332978248596 3.217746406793594 0.5442012771964073 1.422516785562038 0
1657.934127680957 10.3594322130084 933.912614159286 131.6269771233201 6.386641874909401 2114.415561683476 11365.12655492499 3646.708784453571 228.3235864490271 6412.379439257085 57.38306553289294 39.86833316087723 1.725278377532959 5475.563277460635 53.12860978394747 34.19767190515995 37.654092207551 15.41278253123164 26.27979753911495 53.29646165668964 1206.318231649697 8.434906631708145 1217.536967068911 1878.720921963453 4.100943848490715 96.98354013636708 508.5896629281342 16715.34721151739 1448.164014220238 4034.436909146607 3.235806472599506 105.7202308103442 179.0481660962105 907.8555518984795 75.5436572432518 1543.446661174297 215.6889541968703 1714.134557299316 533.2900061756372 207.4467940479517 99.20040231198072 7.27572925388813 15.71109359711409 2.048525489866734 2.761602468788624 9.672456175088882 19.06330700218678 0.2583923935890198 1.853570364415646 96.57115144282579 3.514143392443657 59.7265857681632 1.541836656630039 0.1890060752630234 4.872926816344261 0.2330386117100716 4.786857172846794 0.1356107741594315 72.35797294974327 2.710148386657238 0.2188941761851311 1.052198342978954 11.96686005592346 5.702947475016117 27.81189911067486 25.98794009536505 211.9398143067956 0.4159014970064163 3.618094436824322 58.6620773896575 170.6486662849784 12.38510369509459 26.12479097396135 0 0 0.6220561340451241 8.289335161447525 6.029179036617279 104.0723965764046 2.699408143758774 26.09744304418564 13.06965204328299 49.38989918678999 3.212335743010044 0.08446622639894485 0
330.5481683984399 0.3108516708016396 980.3871056511998 20.26982291042805 15.07755858451128 6528.018466860056 3646.708784453571 14116.22785455361 28.18867939710617 3644.293559476733 447.6371845379472 784.1386394426227 14.57821647822857 6404.299453742802 225.1817093491554 0.3146534338593483 185.2742033749819 68.65234097093344 95.14432993903756 226.1904918476939 362.0701914280653 0.1907632648944855 939.5915632173419 111.1288115903735 5.356634795665741 184.6078151427209 145.9596606865525 462.0762870833278 2223.447135385126 1079.680149901658 15.66721070930362 342.2196013554931 17.54501720145345 1266.197341501713 9.072879321873188 853.7173267006874 178.4625305533409 908.4973589703441 246.3602447584271 1308.575284205377 33.86963509768248 18.91513020545244 11.77495605498552 0.1698078066110611 0.3874737471342087 3.24827279150486 1.910554237663746 0 0.2076820805668831 25.60324696451426 0.2603256553411484 9.417863637208939 0.5472199767827988 0.6619897708296776 0 0.6455884277820587 0.3112289682030678 0 3.299313731491566 0.3452602028846741 0.1507981643080711 0.08937735855579376 5.614517137408257 0.8387911319732666 0 1.804336704313755 31.31122360378504 0.2204995900392532 0.6225426569581032 15.81799411028624 24.53469202667475 2.721109934151173 1.162762686610222 0.07565907388925552 0 0.09717018902301788 0.9357999935746193 1.390644505620003 11.47167614847422 1.317547917366028 5.543354794383049 0.8346725106239319 2.590735360980034 0.5760907307267189 1.915011048316956 0
7.571674257516861 235.058895803988 3.607863828539848 338.4991899207234 137.0455933660269 25.87233652919531 228.3235864490271 28.18867939710617 883.0990818142891 19.61368322372437 5.308172129094601 232.2537533193827 8.928070463240147 10.25931668281555 975.0660333931446 80.97855795919895 0.1336107403039932 0.2623782902956009 0.3260040134191513 221.6346938237548 196.5468824803829 1317.169548586011 29.54048249870539 8036.204069383442 73.6576843932271 1.277281805872917 25.81617926061153 953.5762971565127 55.59368603676558 294.1058920770884 0.3629844412207603 9.298212938010693 13.67423861473799 39.84095677733421 12.5057896822691 458.1698005348444 20.26978051662445 143.3525955826044 58.93136812001467 610.5344306081533 20.16772867739201 4.145016744732857 2.073436491191387 7.211609624326229 15.15943089127541 6.778625540435314 384.3486484661698 2.044448889791965 11.42539770901203 382.2820731475949 13.07657700031996 89.56916851550341 20.34510847181082 2.256811201572418 121.0963897407055 2.189815744757652 14.7195058465004 39.65679748356342 988.4892282485962 1.273628622293472 0.09699627012014389 0.5135455280542374 194.6506985798478 200.9836090952158 167.0732285305858 97.71992889046669 1329.248167656362 7.459432810544968 2.800368599593639 20.17326190322638 620.1675869598985 73.95351874828339 341.2688528895378 0.06270424276590347 0.7094746381044388 4.710939422249794 29.1815001219511 6.000325672328472 254.8398619964719 8.853186495602131 106.1304113641381 46.24221446365118 345.1746290102601 9.704375706613064 0 1.313463054597378
24.48092694580555 0.1299264878034592 77.86231673508883 4656.263830475509 20.31380231678486 9996.65527741611 6412.379439257085 3644.293559476733 19.61368322372437 23058.80425930768 106.9780093207955 4685.914623327553 3.741475030779839 926.8946943581104 221.6612463966012 0.6576698049902916 6.718558549880981 27.48452668637037 31.53064710274339 5724.579267948866 42.64001859724522 0 55.40219454839826 301.10648149997 0.9718122258782387 42.04092232137918 41.45098546147346 9411.680626444519 613.9505799263716 53.76425005495548 7.847149636596441 226.0073152557015 9.375850975513458 671.2039312273264 18.83643519133329 387.3944696672261 49.6425212547183 1262.225860551 220.5532427951694 450.6710460484028 189.3014059141278 4.084203988313675 17.16252686828375 0 0 0.3050551488995552 17.93383193016052 0.1669853031635284 0.1919106766581535 12.25514081120491 0.4600803181529045 7.308659493923187 0.2964689359068871 0 1.578239157795906 0.06598177552223206 1.200211428105831 0.6244817823171616 1.610734462738037 0.2435437962412834 0 0.1400042921304703 3.178372956812382 0.1290979087352753 0.3275547027587891 1.118668138980865 14.71182698011398 0.1184679940342903 0.7935193702578545 4.728923141956329 14.09163994342089 0.7383071929216385 0.3637445569038391 0 0 0.1028300747275352 0.3085846900939941 1.500812292098999 3.618255153298378 0.7542023286223412 0.9898304268717766 0.3117735758423805 8.57972314953804 0 0.4744833111763 0
12.53873518109322 62.51140584051609 32.41332398727536 4.031684063374996 25.25000847876072 142.9332945123315 57.38306553289294 447.6371845379472 5.308172129094601 106.9780093207955 8865.2234271653 100.6284177824855 3359.465228050947 83.37428499385715 4.660592287778854 12.32181949913502 222.3449529260397 1847.003927350044 512.037962436676 45.38803339004517 11.81416723132133 48.5400398299098 50.52656405419111 31.46475142985582 1229.369075141847 2302.778328537941 872.171000264585 15.72241833806038 248.0114894136786 8.607149854302406 528.3492762446404 404.768006362021 5.514798313379288 5127.799880467355 12.48684722185135 454.5341641977429 4829.933216527104 5181.471812304109 715.0703983381391 25.05172024667263 64.97238640487194 762.2153331115842 1.9712298437953 0 1.065434783697128 0.4607130363583565 0.2902864068746567 0.1040924564003944 0.0993841215968132 1.005816519260406 0.8159458562731743 0.1065023839473724 0 356.72269179672 0.3635601475834846 1015.889340758324 0.5758149549365044 0 0 0 21.66797636449337 2.825375348329544 0.2094273120164871 0 0.4780954569578171 0.7525041997432709 1.799728244543076 51.00809191167355 160.2565146610141 166.6780019327998 0.9053117483854294 0.2112341597676277 0 96.49624484032393 0.1748750656843185 0 4.117100320756435 6.540400341153145 12.06379844248295 474.4007007628679 28.84665986150503 5.083277426660061 0.09399653226137161 1.776316694915295 227.8680915609002 0.124630481004715
0.5876369923353195 0 1.612799882888794 712.9486139044166 205.4146141633391 3426.967716746032 39.86833316087723 784.1386394426227 232.2537533193827 4685.914623327553 100.6284177824855 8168.199845671654 2.715832456946373 244.7743992954493 1722.483869172633 0 2.636253364384174 23.35274468362331 25.26524315774441 5820.178415231407 0.4976633861660957 0.9349265992641449 1.281347468495369 548.4378355816007 1.221172139048576 28.94004525244236 20.10741084069014 291.9794558212161 300.8989120796323 0.6606283336877823 6.005667753517628 282.6699663102627 0.5489940941333771 533.6756926327944 5.158849358558655 788.2099099978805 23.53330773860216 847.4356262534857 91.69790285825729 3712.803578928113 207.6478502377868 4.140929907560349 7.602630227804184 0 0 0 34.48392440378666 1.077351778745651 3.618177518248558 24.97763246297836 1.260005116462708 5.119913130998611 7.380529254674911 0.2360323294997215 61.91189244389534 1.837602287530899 0.1751243993639946 2.541400000452995 0.46433025598526 0 0.1260785013437271 0.08029258251190186 58.6239588111639 0 0 0.2488810867071152 41.79264574497938 0.1448454260826111 0.3612367287278175 1.133306503295898 24.88117307424545 1.551952697336674 4.673353672027588 0 0 0 1.1356266066432 0.3089248239994049 49.76156777888536 0.08169520646333694 1.182689175009727 0.200838528573513 189.5845996513963 0 0.4260776937007904 0
0.1865500211715698 199.5056535750628 0.5167505741119385 0.09175322204828262 0.6404599323868752 5.370138771831989 1.725278377532959 14.57821647822857 8.928070463240147 3.741475030779839 3359.465228050947 2.715832456946373 2077.570561349392 1.997716009616852 0.09019336104393005 17.58290796726942 0.3102066814899445 125.1836671158671 0 1.154443360865116 1.884267657995224 109.1711605489254 1.802087552845478 39.7041085138917 2886.492686524987 236.2134792357683 1174.968035414815 3.600936569273472 5.45322422683239 0.3333953246474266 176.8457853794098 11.70861982554197 0 865.4228590801358 1.18261730670929 32.63647543638945 1265.849835015833 224.0183447673917 25.88755189627409 1.254099749028683 12.17199773341417 614.4540151804686 0.4644627496600151 0 20.67378309369087 0.6370322778820992 0 0 0 0 0 0 0.07717091590166092 403.8839940130711 0 944.0449298024178 0 0 1.173107862472534 0 19.98927759379148 1.424025878310204 0 0 0 0.1236914321780205 0 215.8171817436814 142.6544803753495 147.2146742492914 0 0.5255306139588356 0 94.10935667902231 0.2089082598686218 0 7.579703688621521 0.6861812472343445 6.90436128526926 467.4676459655166 49.80703558027744 3.175952427089214 0 0.1370928436517715 208.3003139942884 0
4503.010848768055 0.09826389700174332 616.2845129817724 32.76062274724245 4.516432292759418 622.7996961325407 5475.563277460635 6404.299453742802 10.25931668281555 926.8946943581104 83.37428499385715 244.7743992954493 1.997716009616852 12442.52914635837 8.0390385389328 0.5605622753500938 406.0775966569781 19.42415312305093 54.43231070041656 165.7731526494026 354.2351934164762 0.1215384155511856 1166.377687677741 96.38476962968707 0.2917844653129578 124.1313436329365 102.7970109134912 294.1393169164658 8210.045624345541 2050.77244631201 3.438553731888533 375.2892664372921 52.04268619418144 666.3498511314392 0.9771415889263153 83.31474079191685 50.51694512367249 215.1713743284345 42.62904705107212 59.6647175103426 3.99977733194828 0.7806282341480255 0.5293558090925217 0 0 0.5609461069107056 0.5134062692523003 0 0.0962882861495018 3.49035382270813 0.6387234777212143 2.626354441046715 0 0.172025665640831 0.1672839969396591 0 0 0 1.034961469471455 0 0 0.1360773295164108 0.109264574944973 0 0.2042603865265846 0.206099346280098 4.684183575212955 0.12254848331213 1.438009843230247 4.882247634232044 4.646835513412952 0.2683735191822052 0.6118623316287994 0.08094622939825058 0 0 0.5427871868014336 0 1.283924773335457 0.1891869008541107 0.9968504831194878 0.6359491646289825 0 0.3019581288099289 0.1036687791347504 0
0.3703952431678772 0 1.599821366369724 161.1267606541514 1405.978921666741 2673.90624076128 53.12860978394747 225.1817093491554 975.0660333931446 221.6612463966012 4.660592287778854 1722.483869172633 0.09019336104393005 8.0390385389328 870.8846811056137 0.4572104811668396 0.2651286423206329 0.4718576744198799 0.08352415263652802 220.4801219701767 0.5745811387896538 2.561701953411102 0.9855707660317421 1018.711463585496 2.038228556513786 1.323653541505337 0.6033557057380676 43.02028177678585 32.8290593996644 1.250836864113808 0.4322207868099213 611.4060276299715 1.000610269606113 110.0802663788199 36.27571621537209 221.3925100266933 3.511869989335537 59.70327444374561 64.09105761349201 2597.684785112739 179.3863002583385 0.7339245975017548 0.9122621119022369 0 0 0 3.176799327135086 0 0 4.342704921960831 0 0.3894470930099487 0 0.6111299395561218 6.534433901309967 0 0 0.3641834259033203 0.5982511639595032 0 0 0.3100643455982208 0.9412266910076141 0.4714808166027069 0.1882707476615906 0 7.752004720270634 0 0.3755989819765091 0.688233494758606 2.850969754159451 0 0 0 0 0 1.611626446247101 118.2089855521917 14.06584353744984 11.46183252334595 21.52180516719818 197.8833239972591 41.03953930735588 21.32833817601204 0 12.56022620201111
0.1494803577661514 351.5946031734347 3.104694962501526 0.5863876268267632 0.1367954611778259 0.1039636954665184 34.19767190515995 0.3146534338593483 80.97855795919895 0.6576698049902916 12.32181949913502 0 17.58290796726942 0.5605622753500938 0.4572104811668396 1953.590803153813 5.673322163522243 0.5661066547036171 2.537842877209187 0.1156615614891052 379.1287033334374 1701.409975148737 2361.900178670883 2497.35543833673 278.923990316689 3.574607670307159 2535.92256898433 932.9643684253097 1.667727999389172 7.7884491533041 1.081841967999935 0.4954463168978691 1.328334406018257 116.5586881712079 68.030029065907 1503.284341752529 762.6157731339335 623.157224200666 658.3228166699409 29.32319901883602 3.882239811122417 29.49164041876793 9.595198042690754 0.2672849297523499 26.05356577783823 14.29902705550194 0 0 0.2750931829214096 8.272549599409103 0.9997418820858002 1.735167928040028 1.068599544465542 5.925350308418274 0 5.743258640170097 0.4749859124422073 0 1038.698068931699 1.079277701675892 0 0.8120725825428963 0.1331234127283096 32.49239354580641 362.4868056923151 745.5934532135725 29.19838667660952 12.33922979235649 2.562811300158501 167.378222361207 15.7687664180994 0.6571500822901726 4.228886291384697 0.09038488566875458 0 0.1116000860929489 3.51414743065834 13.50867356359959 96.24085371941328 24.20053268969059 39.94829908758402 36.40562577545643 0.9813359007239342 0.3016139045357704 0 1.055483967065811
124.7905998900533 1.533325605094433 7323.893880210817 1.114386044442654 0.5815868973731995 3.685672730207443 37.654092207551 185.2742033749819 0.1336107403039932 6.718558549880981 222.3449529260397 2.636253364384174 0.3102066814899445 406.0775966569781 0.2651286423206329 5.673322163522243 1176.597640953958 468.1619289591908 3638.583913147449 2.09003534168005 328.2459287419915 0.7390953153371811 3179.208698756993 3.760383263230324 0.09852024912834167 2622.060449298471 4685.18965768069 13.77134066075087 463.3525944277644 136.0257243216038 9.897901583462954 9.432496085762978 114.5856965407729 1123.65544001013 6.517411813139915 188.3413773998618 194.5293716564775 1108.036282122135 646.3631211295724 3.528362922370434 3.713518716394901 3.087219104170799 0.3643782734870911 0 10.47419825941324 8.965470418334007 0 0 0 0.1588713377714157 0.09306919574737549 0.1009310632944107 0 0.2371412888169289 0.1686931550502777 0.2301976233720779 0 0.1004310697317123 1.493690259754658 2.166946463286877 0.4479004517197609 5.974145114421844 0 0 0.2712337374687195 1.284450195729733 0.3653509020805359 2.524841330945492 33.63382440805435 126.4199220463634 0.1129872649908066 0.1935479342937469 0 0 0 0 2.26332663744688 1.823228575289249 4.343541517853737 4.540312297642231 6.431312583386898 2.04828841984272 0.1220709383487701 0 0 0
2.649065144360065 0.1146717816591263 26.19390693679452 0.652300089597702 2.542531847953796 22.05241450667381 15.41278253123164 68.65234097093344 0.2623782902956009 27.48452668637037 1847.003927350044 23.35274468362331 125.1836671158671 19.42415312305093 0.4718576744198799 0.5661066547036171 468.1619289591908 74.06070786714554 855.8759649544954 10.27588807791471 4.570713523775339 0 22.93536234647036 3.161485314369202 15.04816930741072 3715.556949801743 214.5401473194361 4.92024764791131 37.6594575420022 2.822377480566502 36.9985454082489 47.13519828766584 2.777102380990982 1070.779055088758 9.223460793495178 624.3460145667195 1231.338859178126 1666.611897297204 405.1968063339591 10.39082074165344 9.882284976541996 62.01878605037928 3.335674703121185 0 0.9879515916109085 0.8210846334695816 0 0 0 0.1432491093873978 0.1848454177379608 0.1177118420600891 0 8.148817047476768 0 36.63957526534796 0 0 0 0.2688506245613098 7.568111009895802 1.914390183985233 0 0 0.1416984796524048 0 0.2133932411670685 2.43874728679657 77.15717562288046 82.33704363554716 0.2275999933481216 0.07980451732873917 0 8.754354357719421 0 0 0.4114564582705498 1.620915293693542 8.321623809635639 9.019567728042603 4.488450415432453 0.5355715528130531 0 0.1908487677574158 2.593635238707066 0
13.82828967273235 0.8973342925310135 588.095818027854 1.089560635387897 1.426859721541405 18.02665130794048 26.27979753911495 95.14432993903756 0.3260040134191513 31.53064710274339 512.037962436676 25.26524315774441 0 54.43231070041656 0.08352415263652802 2.537842877209187 3638.583913147449 855.8759649544954 2419.663529157639 11.03225939720869 20.3873213455081 0.1087968721985817 266.9405705705285 3.439337015151978 2.462220400571823 2209.998217798769 781.8678250126541 7.950650505721569 83.82655795663595 5.002017073333263 3.581692062318325 35.41539238393307 14.06684237718582 2448.656581737101 7.956372730433941 609.6091887354851 626.9463551864028 1839.220998317003 495.1807775273919 10.03061825037003 4.114305630326271 5.16399172693491 2.377685569226742 0.1018840074539185 6.292154029011726 2.251143723726273 0 0 0 0 0.2150194197893143 0 0 1.834706902503967 0 3.247312694787979 0.09709497541189194 0 0.3437976688146591 0.6570862159132957 2.779794029891491 8.936990059912205 0 0 0.2735188826918602 0.3586195930838585 0.5193033367395401 3.582632333040237 46.59235796332359 108.5431677103043 0.1375571489334106 0.3479235097765923 0 0.8764010518789291 0 0 1.0388193577528 1.558715179562569 10.16443961113691 3.315815888345242 4.270083889365196 0.6804906874895096 0.1791858673095703 0 0 0
1.390159249305725 0.1163202822208405 16.7933638766408 3979.394292376935 23.79981967061758 534.3608439341187 53.29646165668964 226.1904918476939 221.6346938237548 5724.579267948866 45.38803339004517 5820.178415231407 1.154443360865116 165.7731526494026 220.4801219701767 0.1156615614891052 2.09003534168005 10.27588807791471 11.03225939720869 837.8836426883936 6.332086026668549 0.1292407959699631 6.074225559830666 549.1057943999767 3.01744668930769 17.91443790495396 14.56455671787262 1705.357425779104 224.2814779877663 1.40691365301609 2.604297257959843 100.4683469906449 6.401267558336258 341.5060708671808 31.5571519061923 1107.845455810428 29.45235783606768 978.1099013388157 269.8502749502659 1291.175231710076 220.8655081614852 2.897244282066822 26.482854783535 0.3433475643396378 0.1820523738861084 0.1603955775499344 87.97129641473293 0 3.432024158537388 113.9059146940708 4.34760157763958 64.66856031864882 5.483862966299057 2.351355910301208 19.46532841026783 0.4207776039838791 2.040564469993114 6.245518311858177 4.248903401196003 0.1078540086746216 0.2151469141244888 0 66.54013956338167 0.533094584941864 0 0.8572255745530128 212.337672457099 0.1013044714927673 0.7470262050628662 3.332584127783775 128.5590828061104 3.864624038338661 6.253571502864361 0 0 0.2992222011089325 1.434767208993435 1.900881320238113 52.36729127913713 1.113374747335911 13.28580532968044 1.701175153255463 106.006345808506 1.766038358211517 0.331378698348999 0
175.0911758318543 14.33466844260693 2041.116216599941 7.290409862995148 0.07830129563808441 14.18809824436903 1206.318231649697 362.0701914280653 196.5468824803829 42.64001859724522 11.81416723132133 0.4976633861660957 1.884267657995224 354.2351934164762 0.5745811387896538 379.1287033334374 328.2459287419915 4.570713523775339 20.3873213455081 6.332086026668549 8740.798690825701 162.5112829953432 12682.39801227301 315.6654295548797 38.32449720054865 69.89100513607264 573.1907488033175 2040.723054036498 287.5849974602461 10237.83001134545 0.3850638791918755 7.483806557953358 111.8036392256618 2484.312900006771 274.9828976765275 4377.971434354782 1118.25709887594 5930.456567853689 3102.821391806006 90.25642265379429 11.99287776648998 19.82540182769299 24.04090595245361 0.3416187316179276 2.508137211203575 3.434929236769676 0 0 0.1311342716217041 4.261064544320107 0.7270221039652824 1.488756775856018 0.1119920611381531 1.706110455095768 0 0.6159557700157166 0.3284035548567772 0 248.3173456639051 0.8438892066478729 0 0.1422353982925415 0 47.3495729342103 137.7237858623266 54.65628817677498 56.22060023993254 0 0.9957927986979485 25.79674234986305 30.39875040203333 3.828023977577686 32.48845740407705 0 0 0 4.378457099199295 34.39840227365494 95.88713622838259 1.517829932272434 12.71274900436401 12.5158830806613 6.329833924770355 0.1514299511909485 1.280479766428471 1.307780772447586
0.2906031012535095 2787.082687944174 14.40439368784428 0.4176878407597542 0 0 8.434906631708145 0.1907632648944855 1317.169548586011 0 48.5400398299098 0.9349265992641449 109.1711605489254 0.1215384155511856 2.561701953411102 1701.409975148737 0.7390953153371811 0 0.1087968721985817 0.1292407959699631 162.5112829953432 691.1460053771734 319.5774417817593 6741.631559662521 1089.968102619052 5.616694271564484 1925.695644438267 514.7068930268288 1.406167067587376 66.91942830383778 5.530745185911655 0.1811787486076355 0.2138461098074913 40.85542037338018 1.157896518707275 28.22245848178864 21.7345842346549 21.03728352487087 3.997351236641407 6.792390652000904 0.2640765458345413 62.49207106977701 1.927855789661407 1.044450834393501 735.7779400646687 36.00652356445789 0.4654144942760468 0 0.4542529508471489 14.29164370149374 1.638566754758358 4.428556337952614 1.31294109672308 15.43413047492504 0.08915184438228607 50.10153541713953 1.13313252478838 0 1521.339093446732 7.370377317070961 0.3670357316732407 2.721949107944965 0.8302966952323914 36.18074961751699 120.0211734697223 927.9420195221901 54.9037656262517 376.341824144125 12.81904009729624 935.1620188578963 23.14660572260618 1.282643534243107 5.320440754294395 0.6276861354708672 0 0.105065606534481 9.957133606076241 4.328321397304535 65.29877130687237 45.36191060394049 63.58574986457825 49.23623240739107 2.241426378488541 0.4417669624090195 1.314388886094093 0.1418375372886658
385.3139030635357 33.04767620563507 12234.19406570494 9.802781656384468 0.3613301664590836 20.44102351367474 1217.536967068911 939.5915632173419 29.54048249870539 55.40219454839826 50.52656405419111 1.281347468495369 1.802087552845478 1166.377687677741 0.9855707660317421 2361.900178670883 3179.208698756993 22.93536234647036 266.9405705705285 6.074225559830666 12682.39801227301 319.5774417817593 11531.45093213767 1146.387620829046 72.59951000660658 818.3514673821628 5816.579054132104 2066.84539552778 690.1051710173488 2145.728554472327 1.567863278090954 21.10010525584221 142.0698687583208 3277.398753732443 322.2753749489784 5733.907309859991 6468.80545636639 8266.996846430004 5120.049521960318 200.0796732753515 17.40004225820303 37.3806177303195 27.78812139481306 0.8261633142828941 9.305856913328171 73.7286990955472 1.617854446172714 0 1.503529690206051 15.73544011265039 3.329268172383308 1.986776977777481 2.660186395049095 0.9494218975305557 0 1.67367248237133 3.254953563213348 0 684.4101215302944 11.31570571660995 0.4430516734719276 1.910189375281334 0.5464319065213203 15.87815869599581 148.8344036117196 659.2569857463241 41.22254447638988 3.300122797489166 7.789243705570698 729.3067587465048 25.39046992361546 2.706880398094654 6.298852935433388 0 0 0 13.74588716030121 91.03882824629545 114.8475902080536 29.90629930794239 78.07579481601715 47.79995600879192 6.832354553043842 1.851612702012062 0 0.7281882613897324
33.73588728159666 969.4607332497835 21.90286669880152 1847.46995293349 60.61150463670492 81.59744971245527 1878.720921963453 111.1288115903735 8036.204069383442 301.10648149997 31.46475142985582 548.4378355816007 39.7041085138917 96.38476962968707 1018.711463585496 2497.35543833673 3.760383263230324 3.161485314369202 3.439337015151978 549.1057943999767 315.6654295548797 6741.631559662521 1146.387620829046 8075.743066735566 401.1925767958164 8.267489984631538 1919.348203901201 6334.035198673606 403.0557402893901 1050.097729489207 2.688155435025692 22.26211807876825 127.2357760444283 418.4452836439013 134.9598923698068 3192.596179895103 269.583619043231 1259.77613452822 575.2181361988187 2299.848707929254 71.4209223985672 43.09334096312523 22.61874379217625 9.32826916128397 37.92266063392162 18.32288146018982 321.0028633773327 2.171243950724602 13.04601895809174 660.8667439222336 23.04671745747328 573.1403925567865 24.83087295293808 7.333044558763504 73.46370384842157 6.55046221613884 23.55115123093128 16.52046152949333 808.7090379223228 2.78029740601778 0.2184348180890083 1.577806435525417 212.2618257701397 138.822151593864 415.1917261108756 157.2654698714614 1626.575179219246 18.27697871625423 6.646493576467037 77.95621896535158 1074.888049863279 104.5637823268771 308.1183900535107 1.067505940794945 1.877154223620892 11.30496969074011 40.82237641513348 17.72547583281994 590.7873592525721 9.740417696535587 181.8873234763741 69.08722699433565 504.6766857504845 14.40026400238276 1.047346375882626 4.103902794420719
0 1833.900277294219 5.369461201131344 1.233473971486092 0.531726099550724 2.137353859841824 4.100943848490715 5.356634795665741 73.6576843932271 0.9718122258782387 1229.369075141847 1.221172139048576 2886.492686524987 0.2917844653129578 2.038228556513786 278.923990316689 0.09852024912834167 15.04816930741072 2.462220400571823 3.01744668930769 38.32449720054865 1089.968102619052 72.59951000660658 401.1925767958164 385.0763218775392 129.7886048778892 3214.628901451826 45.857945792377 0.7871829569339752 40.48286634683609 247.0025742650032 8.330419696867466 0 1265.397505946457 1.444631725549698 863.1369233950973 677.7107946872711 646.7997240647674 58.2802267447114 139.5322585850954 64.60751155763865 832.2021508961916 3.73968717455864 0 31.05025911331177 2.698320187628269 1.501008987426758 1.770291388034821 0.4139108061790466 6.010302186012268 1.44615987688303 0.1422670483589172 0.1738426238298416 343.20782597363 3.110389299690723 818.4566567093134 0.1235036253929138 0 100.147757910192 0.9559255316853523 15.50585433095694 2.167885206639767 0.6915495991706848 15.78127363324165 15.79263177514076 22.6208386644721 14.23907667398453 26.2065834030509 191.3886932432652 485.2101731821895 7.94926480203867 0.9453937336802483 4.738769963383675 70.41660015285015 0 0 2.679182529449463 5.3210569024086 1004.055210515857 185.522513218224 83.20226272195578 17.24574962258339 82.66731933504343 2.76852859556675 197.6823167800903 0
20.4564832597971 54.70960137993097 5519.983926348388 4.053452037274837 2.712470404803753 25.96175616979599 96.98354013636708 184.6078151427209 1.277281805872917 42.04092232137918 2302.778328537941 28.94004525244236 236.2134792357683 124.1313436329365 1.323653541505337 3.574607670307159 2622.060449298471 3715.556949801743 2209.998217798769 17.91443790495396 69.89100513607264 5.616694271564484 818.3514673821628 8.267489984631538 129.7886048778892 20325.28231913596 10008.30574508011 25.84834077954292 88.4515715688467 9.666493117809296 785.9849208071828 46.45854776352644 10.78208530321717 2074.633715644479 20.61598690599203 1743.932082213461 5787.836495861411 3262.666293315589 1082.136951200664 28.49110164493322 15.39371179044247 217.3747982829809 5.893945820629597 1.497067682445049 200.4818256273866 70.25516704469919 0 0 0.8951419368386269 1.072143994271755 2.381348386406898 1.835902996361256 0.1513302102684975 74.94892417639494 0.4783916547894478 309.8849544525146 1.692767769098282 0 3.654058814048767 18.6283175572753 114.4079394340515 164.9913175329566 0 0.387196846306324 8.915655680000782 4.998472131788731 1.177827574312687 165.209137648344 1447.204157218337 3328.035254612565 0.8204306662082672 2.336515501141548 1.242923371493816 83.01806252449751 0 0 35.18774311244488 9.137785993516445 73.52171874791384 98.62906075268984 126.4226029291749 30.23538745194674 0.6847056597471237 0.3028580620884895 13.12876719236374 0.1950815618038177
17.29404038190842 4293.646897517145 6101.474741011858 16.37237870693207 1.701709039509296 20.61398545280099 508.5896629281342 145.9596606865525 25.81617926061153 41.45098546147346 872.171000264585 20.10741084069014 1174.968035414815 102.7970109134912 0.6033557057380676 2535.92256898433 4685.18965768069 214.5401473194361 781.8678250126541 14.56455671787262 573.1907488033175 1925.695644438267 5816.579054132104 1919.348203901201 3214.628901451826 10008.30574508011 24750.2282127291 1217.47953221947 85.70247996598482 33.42550882697105 921.1809677407146 36.98554122447968 15.25734209269285 4659.83194186911 186.1050813123584 4274.658512935042 5765.497554652393 7978.344619721174 2739.153425171971 125.0067154169083 27.57496523857117 199.4465684071183 14.26831953972578 10.11334536969662 1754.187439568341 1618.541788719594 1.734538093209267 0.4769540429115295 7.247768871486187 62.50259557366371 24.57220361381769 16.23800826072693 11.68802405893803 189.4655304551125 1.522572092711926 926.9049916341901 20.18046755343676 0.5055949538946152 1079.889659225941 436.7427896857262 184.5483064800501 449.3247450515628 2.14812109619379 23.06524427235126 668.6359818503261 1245.300937220454 93.60161802917719 697.3345118463039 3168.697911016643 15449.73010339588 56.80713529139757 12.35538799315691 13.08866287767887 235.2389598041773 0.8744412362575531 0.3152025863528252 260.3431042283773 67.45089842379093 454.7723117694259 379.460251763463 836.4253568574786 251.1635034903884 10.78847651928663 2.643923059105873 32.03912813961506 1.308725878596306
57.32589239627123 63.15529531240463 279.8452887274325 3637.854525439441 4.64952526986599 504.5165164098144 16715.34721151739 462.0762870833278 953.5762971565127 9411.680626444519 15.72241833806038 291.9794558212161 3.600936569273472 294.1393169164658 43.02028177678585 932.9643684253097 13.77134066075087 4.92024764791131 7.950650505721569 1705.357425779104 2040.723054036498 514.7068930268288 2066.84539552778 6334.035198673606 45.857945792377 25.84834077954292 1217.47953221947 14186.26867286116 593.4410028830171 5878.956281267107 0.8665344081819057 28.76361621543765 240.9428496137261 837.5628498643637 215.0538640618324 3705.984354332089 338.5333357900381 2468.359225943685 1069.441577009857 495.12000413239 84.34471801668406 20.05476818978786 30.20577671378851 5.046040095388889 4.008762463927269 4.66936682164669 110.6582846418023 1.028751865029335 5.211627088487148 302.3222889974713 10.78241660445929 150.339853040874 16.14504392445087 2.70025459676981 16.76317021250725 1.98814183473587 8.640984639525414 4.731687232851982 347.5157658606768 1.62211985886097 0.2317513450980186 0.9835922122001648 80.36493860930204 71.62303212285042 137.1286746710539 43.97733645886183 662.7253728732467 0.4191863611340523 2.328115180134773 41.98730239272118 443.9492119699717 40.81166999042034 174.3699732199311 0.2788282707333565 1.227792538702488 3.391993254423141 16.35740379244089 21.29236534237862 237.024330034852 4.437664188444614 67.6210140734911 28.59378153830767 133.6254092156887 5.414039753377438 0.429766908288002 1.091146573424339
