3255.564066283405 0 57.23442677408457 3.323355741798878 0 19.0426724627614 3573.7743505463 1104.994380153716 8.365348376333714 259.6553825810552 24.11091639101505 4.204598054289818 0.3693388998508453 8567.066048160195 0 0.2413890659809113 233.2946897521615 6.818198680877686 36.86093871295452 6.619338795542717 28.28970601409674 1.876856237649918 88.30330900102854 73.80376736819744 0.1121229976415634 45.36148354411125 27.43938986957073 152.0589882731438 5592.524472363293 2489.545719765127 0 4.783405251801014 88.66655739396811 121.8830598518252 5.411214329302311 153.4112533181906 9.80525092035532 145.5466148331761 28.8253526315093 9.127201676368713 4.637261867523193 0.6556036546826363 1.383664831519127 0.1398886293172836 0 0.1072979792952538 0 0 0.07287413626909256 1.383907362818718 0 2.116095304489136 0 0 0 0 0.2506801635026932 0.1470317840576172 11.60668457299471 0.1096562594175339 0 0 0 6.613284535706043 0.6733749061822891 0.8324530646204948 29.15472393482924 0 0.09791276603937149 0.8022477179765701 18.45561360567808 1.171147719025612 4.516054801642895 0 0 0.8992719426751137 0.9516090080142021 0 8.473077602684498 0 1.762164749205112 0.9361289441585541 0.1016025990247726 0.7528732866048813 0 0
0 105.8674073666334 128.1106770709157 0 0 0.1968477666378021 4.343745224177837 0.1186362206935883 595.6434467956424 0.2075047791004181 71.68715284019709 5.973280720412731 1620.841873452067 0.2192713543772697 3.514091141521931 60.02212062478065 49.39769276231527 46.64771055430174 138.9662653282285 0 8.544567734003067 1948.94246288389 11.12962030619383 1002.639106750488 1880.771139726043 1071.878770239651 11083.55582544953 42.97013875097036 1.227580912411213 0.2931304723024368 112.3492794558406 0.1224296540021896 0.2776410281658173 21.09542074799538 0 58.54620745033026 125.8922531604767 65.36347386986017 29.5052987486124 18.89559412002563 0.3700385391712189 354.6505010277033 0 0 54.21173857152462 61.49500518292189 0 0 0.08344919234514236 0.7215543612837791 0 2.009481467306614 0 23.54017471522093 0 29.17130859941244 0.1871709823608398 0 6.989587612450123 50.54539468884468 4.854533076286316 65.21508868038654 0 1.575063474476337 8.479827575385571 16.63844347000122 9.44454637169838 11.76236164569855 373.3945031911135 1257.001486748457 2.930066019296646 0.2898571193218231 0.6390000432729721 8.402827441692352 0.08499427139759064 0 11.45833589881659 0.320167064666748 56.48166174441576 51.2361638173461 64.50463728606701 21.55892212688923 0.8784578591585159 0.1120719909667969 23.09973685443401 0
57.23442677408457 128.1106770709157 5565.916054077446 0.5368335172533989 0 32.39835380017757 1698.840555630624 148.2788617089391 6.071908392012119 81.86423029005527 93.75159362703562 0.2418216168880463 5.076968736946583 211.4808059632778 0.4886987134814262 9.242092497646809 3251.848195150495 53.39134476333857 327.6483655422926 0.9068946167826653 1251.31990210712 31.6718368679285 8581.937715746462 50.53687600046396 1.066759258508682 5948.985619314015 8756.952608078718 666.352512858808 133.5157224759459 958.7133401185274 0.5075582563877106 2.114533498883247 9.268936894834042 155.2883306890726 11.33184060454369 1394.74650092423 2372.172689445317 809.0536215826869 551.9712108820677 47.72527495771646 7.689648240804672 31.92205648869276 5.58373961597681 0.3392958268523216 243.80673417449 439.8125308156013 0 0 0 3.887918308377266 0.2602097168564796 4.723950803279877 0 2.11326552182436 0 0.8868947699666023 0.7510318905115128 0.1122087314724922 49.25453631579876 293.4457231536508 1.447877369821072 38.99075974524021 0 10.1748840585351 28.6000547260046 314.2201665043831 22.91290422528982 0.1154109016060829 193.0078631564975 2235.152096390724 11.3352143317461 2.147464647889137 7.769207455217838 0.2942980229854584 0 0.3515256866812706 32.30504815280437 4.860342264175415 176.1886480152607 104.9476542472839 186.9863865971565 105.558750897646 3.292463317513466 0.6727369427680969 2.045363381505013 0.256432443857193
3.323355741798878 0 0.5368335172533989 1364.63300088048 0.7842495292425156 85.51883134245872 28.59108688682318 69.35180423408747 297.8678555488586 2069.14378964901 2.108442008495331 3524.179609701037 1.184970907866955 56.33624140918255 48.14049251377583 0 0.1018113344907761 0.269870363175869 0.3926937058568001 4012.051924221218 0.185688704252243 1.092143900692463 0 2216.461531415582 0.2396082952618599 0.2399706169962883 1.62619062513113 2889.676933988929 77.82986935973167 1.660634905099869 0.08474979549646378 5.123218692839146 0.6111970841884613 18.93589499592781 8.097042262554169 362.9799707457423 1.270035147666931 81.93449630588293 13.6776991263032 257.4338280260563 21.28799946606159 0 4.48241875320673 1.836384624242783 0 0.2808967307209969 11.81227392703295 0 0.4723753035068512 27.15124972909689 0.5652593672275543 45.24311330914497 11.78328001499176 0 8.175584748387337 0 4.641798667609692 1.967200860381126 2.220853291451931 0 0 0 3.692464560270309 1.051458232104778 0.3580663651227951 0.5622878596186638 206.9606284350157 0 0 0.2114590778946877 75.88248681277037 6.76253280043602 4.848771460354328 0 0 1.709573030471802 2.822397567331791 1.596518024802208 43.53768189251423 0.2618726491928101 9.061733402311802 0.6643986478447914 9.99926845729351 0.7042236924171448 0 0.4057883024215698
0 0 0 0.7842495292425156 136.6972493827343 101.027491800487 4.474030919373035 98.52349504083395 2.894286498427391 7.621256992220879 19.77569834887981 26.43092783540487 20.95685578137636 3.933813199400902 1136.737021565437 0 0.2932301238179207 0.7620025128126144 0.373597726225853 1.426799327135086 0.7450012043118477 0.4721328616142273 0.3157773464918137 9.297230631113052 0.3999578207731247 1.046287566423416 0.3623150587081909 2.845259070396423 124.3326492011547 0.5938312113285065 0 16.66291365027428 0 253.0972395464778 5.957530125975609 14.2850234657526 0.6017288118600845 326.710037574172 51.00902271270752 1639.949632719159 153.8910223096609 5.836547717452049 0.69898721575737 0 0 0 0 0 0 0 0 0.178224191069603 0 0 0 0 0 0 0.08578165620565414 0 0 0 0 0 0 0 1.383543275296688 0 0 0 0.164448156952858 0 0 0 0 0 0 0 0 0 0 0 0 0 0 0
19.0426724627614 0.1968477666378021 32.39835380017757 85.51883134245872 101.027491800487 11094.57300170511 2080.685220569372 8204.851602636278 50.76844050735235 18763.05668246746 50.62250067293644 2143.541179545224 29.35459799319506 578.2040365189314 1998.569412261248 0.2550795674324036 32.95346203446388 3.018857896327972 8.029887273907661 299.2669121026993 6.471396543085575 2.111556850373745 21.82166878134012 128.1036149710417 0.2696718350052834 15.20587116479874 12.78175861388445 844.5002160817385 768.1769555583596 72.36981178447604 0.1076257303357124 431.1250856667757 3.785658665001392 309.5566258653998 21.7456429451704 399.1695845350623 8.380508929491043 612.7941117361188 108.721552349627 1872.90481274575 267.7468167692423 10.00024053454399 19.07916671782732 0 0 0.3252737820148468 0.5927424281835556 0 0 11.84771659970284 0 7.937083996832371 0.1745469123125076 0 5.964319303631783 0 1.972398847341537 0 4.93176843225956 0 0 0.2295864224433899 0 1.470764942467213 0.09226863831281662 0.3990234360098839 55.88123764097691 0 0.105708435177803 0.2063270136713982 30.94115286320448 4.168259270489216 2.236998930573463 0 0 1.51454322040081 0.6119688898324966 0.1632727831602097 15.0511439666152 0.218583732843399 4.471512347459793 0.2172911539673805 2.11137069016695 0 0 0
3573.7743505463 4.343745224177837 1698.840555630624 28.59108688682318 4.474030919373035 2080.685220569372 20113.87903154641 3495.569374524057 809.4671568796039 2855.395376309752 37.07343813031912 33.08928637951612 5.526541009545326 6463.795834198594 41.63408643752337 4.798272021114826 659.489755243063 10.45909125357866 64.69566261768341 9.375611037015915 470.5084388107061 30.49705148488283 1103.925409637392 1399.791685715318 2.308692380785942 508.456397049129 395.915559053421 19359.33053552359 2373.739812463522 10326.68604598939 0.09483237564563751 45.92610584944487 148.9450991302729 322.0749681964517 142.3217907324433 4109.84384598583 93.74983231723309 1223.043133579195 488.6130636185408 550.5756875425577 209.5217636302114 9.782789371907711 37.8274606987834 4.934334054589272 0.3596791699528694 2.919526346027851 3.757219843566418 0 1.531189739704132 195.3272873014212 6.685389548540115 126.282448194921 7.231444261968136 0.510710209608078 6.858262024819851 0 21.10238049179316 0.9208825528621674 97.73069858551025 1.936011098325253 0.7658920362591743 0.2827009409666061 2.722290307283401 32.25713250041008 15.44329763203859 18.61963222920895 1213.518289126456 0 1.486854285001755 17.0927401855588 537.6401640027761 74.36079498380423 76.36875157803297 0 0.536133199930191 20.27135690301657 33.96525598317385 6.658011958003044 287.1462529078126 3.068086683750153 106.3436617106199 8.719500549137592 32.16132528334856 8.489821761846542 2.434192195534706 0.9096712619066238
1104.994380153716 0.1186362206935883 148.2788617089391 69.35180423408747 98.52349504083395 8204.851602636278 3495.569374524057 13499.24372174591 37.8851584866643 5283.388352937996 44.4868002384901 543.906480550766 12.69374626874924 9657.358518727124 404.1395442336798 0.5726996287703514 293.0638442859054 8.378552116453648 38.47182133793831 229.3606916368008 35.92612312734127 1.005008183419704 148.1979897767305 177.3933461233974 0.2869796454906464 82.68336007744074 58.18730077147484 446.394515581429 1384.655966363847 870.2704352885485 0.5594321265816689 888.7678062692285 25.6796345859766 247.231526941061 19.42362983524799 327.945308111608 14.2669320628047 570.4659325554967 104.6809787079692 894.1131734475493 378.1362697780132 4.473388254642487 10.39597228169441 0.8310519233345985 0 0.4769856557250023 0.4759345650672913 0 0 16.99077881127596 0.4897514581680298 9.36778736114502 0.6486676260828972 0 1.088577061891556 0 0.1603908240795135 0 10.89112874865532 0.3355297148227692 0 0 1.266601637005806 3.898841999471188 0.8479175493121147 1.858765698969364 107.1949267536402 0 0 1.794311389327049 45.12040882557631 6.027923665940762 6.810991644859314 0 0 2.120003417134285 2.459535785019398 0.577376201748848 19.87630542367697 0.1558783650398254 6.129697933793068 0.8496061712503433 2.523341730237007 0.3964086472988129 0 0
8.365348376333714 595.6434467956424 6.071908392012119 297.8678555488586 2.894286498427391 50.76844050735235 809.4671568796039 37.8851584866643 893.4300589412451 225.7388728260994 14.34501376748085 294.3984620645642 135.9923503696918 41.27670056372881 334.6793505400419 213.7777468413115 5.65661033987999 4.391775526106358 14.0755741968751 65.1266663596034 208.6349079310894 3784.035503067076 31.57047642022371 13032.56210935861 188.4466480910778 98.12205453962088 916.4791621491313 2626.094076089561 100.876582108438 98.43329381942749 17.23402643203735 2.726913973689079 7.244548238813877 21.73232444375753 6.524144843220711 276.6666140928864 14.01816605776548 65.08868861943483 17.40653528273106 283.6485664844513 15.77748700231314 18.57693407684565 0.9640100002288818 7.629395812749863 1.714439421892166 1.482618980109692 11.2895780429244 0 0.8444964364171028 154.2243968546391 3.946173176169395 169.5524425283074 26.26031576097012 1.708870932459831 11.63648253679276 1.694411441683769 15.69611109793186 2.282364264130592 354.104758605361 0.884650856256485 0.2951547876000404 0.7881327047944069 10.86180217564106 56.20376198738813 74.55660805851221 25.47180842608213 2192.078161604702 0.1627034097909927 5.783137209713459 12.60139392316341 481.7753453627229 57.09838049858809 44.33097831904888 0.519439198076725 0.1484322398900986 12.72045637667179 21.66019190102816 6.381330192089081 112.0708600208163 5.617401085793972 63.29340935498476 5.361224748194218 25.36660334467888 5.113600514829159 0.2574806660413742 0.8151579797267914
259.6553825810552 0.2075047791004181 81.86423029005527 2069.14378964901 7.621256992220879 18763.05668246746 2855.395376309752 5283.388352937996 225.7388728260994 25613.53064852208 48.98014209419489 5921.872255459428 6.067294828593731 2884.899605423212 99.19086244702339 0 40.85307361930609 6.885880842804909 9.343269787728786 2409.057026863098 18.06662133336067 0.9093626737594604 40.12617682665586 1613.71461173147 0.07339654117822647 35.87203307449818 21.84066594392061 5724.937070511281 1505.001348488033 102.3051280677319 0.4166067987680435 108.7308987379074 14.54949979484081 325.474457912147 64.0896370485425 2525.152745269239 34.4535208940506 1269.532251909375 161.4992049708962 641.8724295273423 284.3553820252419 7.745623096823692 45.74178323894739 0.4265413358807564 0.2738219797611237 0.1231371313333511 9.448089212179184 0 0.7639449313282967 47.98119607567787 0.1915482878684998 61.98922622948885 12.39398890733719 0.2024307399988174 31.85428713262081 0 3.060768909752369 2.409542486071587 9.569289833307266 0.3446818888187408 0 0 4.60027851909399 3.42916651815176 0.1292024552822113 1.646410636603832 364.4793964028358 0 0 0.8161837458610535 139.2310639247298 9.811951346695423 9.96142565459013 0.09053173661231995 0 3.232132650911808 4.313017383217812 1.14240138232708 74.10989935696125 1.302485331892967 18.65766953676939 1.450663305819035 19.39213386178017 2.196933232247829 0 0
24.11091639101505 71.68715284019709 93.75159362703562 2.108442008495331 19.77569834887981 50.62250067293644 37.07343813031912 44.4868002384901 14.34501376748085 48.98014209419489 14703.58418045938 25.57203590869904 2658.729106388986 79.29952608793974 13.59295093268156 1.552229702472687 194.7164220660925 5174.469907604158 3611.564806856215 9.866269461810589 16.53076779097319 28.48065176606178 39.46211580187082 21.43750224262476 729.9324978291988 5823.760520420969 1416.918619476259 21.42550526559353 707.5290900319815 136.2140274047852 811.1177892461419 268.8034977242351 21.97502823174 7464.524607412517 11.04315305501223 879.8166614994407 5862.944255836308 6942.496353745461 1337.877945885062 91.95108120888472 46.78285373002291 1595.762741751969 2.444709189236164 0 18.21533522754908 1.194449588656425 0 0 0.08779033273458481 0.4448178112506866 0 1.167634278535843 0.2280199602246284 294.9928383827209 0 566.8611415401101 0.07126248627901077 0 0.7708033174276352 1.492116913199425 17.3906914293766 6.083643615245819 0 0 2.176911227405071 1.432215765118599 8.464716397225857 24.62695286422968 129.9657944515347 188.3456919267774 1.670143634080887 1.372967213392258 0 87.4925736784935 0 0 4.813388511538506 2.080316565930843 8.789159446954727 423.3205169662833 16.65349949151278 1.721482902765274 0.1720958203077316 0 168.4768515527248 0
4.204598054289818 5.973280720412731 0.2418216168880463 3524.179609701037 26.43092783540487 2143.541179545224 33.08928637951612 543.906480550766 294.3984620645642 5921.872255459428 25.57203590869904 5368.12225484103 3.260365456342697 274.2311868071556 1051.557989045978 0 0.9921496883034706 2.848945766687393 2.264306001365185 5252.83359515667 0.2264308482408524 22.3654196485877 0.4144643023610115 2387.443948999047 3.149602957069874 3.450489938259125 14.78996926546097 853.167866744101 418.0774484723806 2.53989876806736 0.295073501765728 63.83824895322323 0.5242454335093498 95.84599883109331 3.271940305829048 948.5270795673132 2.515840940177441 292.7846968770027 10.47858871519566 1773.279809951782 49.27409429848194 0.512532614171505 7.39985067397356 0.8579246401786804 0.3104166090488434 0 8.935214906930923 0 9.093730077147484 15.72297453135252 5.770188145339489 34.04492158442736 45.13176646828651 0.7347555831074715 80.34346049278975 0 8.58961583673954 1.457066789269447 3.332148559391499 0 0 0.07901737093925476 9.159374371170998 2.501405000686646 0.1291335821151733 0.07944483309984207 105.7106383442879 0 0.1586107611656189 0 37.75329224020243 6.247540712356567 2.062120676040649 0 0 0.6231820359826088 3.150929518043995 0.634696289896965 31.38055814057589 0 6.70142475515604 0.8462953567504883 15.28215666860342 0.1562194377183914 2.524388551712036 0
0.3693388998508453 1620.841873452067 5.076968736946583 1.184970907866955 20.95685578137636 29.35459799319506 5.526541009545326 12.69374626874924 135.9923503696918 6.067294828593731 2658.729106388986 3.260365456342697 6244.042841881514 5.739057816565037 3.414525590837002 17.9664629176259 7.537316933274269 60.09043273329735 27.72072853893042 1.077018722891808 23.20916946232319 393.6201789602637 39.25996108353138 184.5956518873572 5841.316629730165 2227.021478965878 5818.877879291773 21.91581438481808 36.29795373976231 12.20731005817652 1247.142509967089 38.60520566254854 0 748.5143048092723 139.2918389216065 2916.069155983627 5638.660696126521 3916.328306384385 1102.371132999659 146.3787513822317 211.3691528588533 3402.362675473094 44.54361440241337 0 51.94465254992247 1.317673310637474 0 0 0.3307878822088242 0.1598813682794571 0 1.011556595563889 0.2879294380545616 848.8233778849244 0.1353812366724014 1494.855488032103 0.3544245511293411 0 3.216417223215103 0.7963453009724617 21.06902951002121 5.367205768823624 0 1.484269261360168 4.031885705888271 0.4711548089981079 4.550601527094841 87.64774710685015 195.3167711272836 282.529934592545 2.231483571231365 2.197689317166805 1.530938506126404 195.2587414309382 0.09892448037862778 0 11.51696883141994 16.46774286776781 212.5883138403296 906.9314183443785 36.74559883773327 6.936744287610054 2.349657192826271 0.1079570800065994 494.5448663085699 0
8567.066048160195 0.2192713543772697 211.4808059632778 56.33624140918255 3.933813199400902 578.2040365189314 6463.795834198594 9657.358518727124 41.27670056372881 2884.899605423212 79.29952608793974 274.2311868071556 5.739057816565037 16299.0949652344 50.24013342708349 0.6794654279947281 492.7494596540928 15.1349228322506 71.08348499983549 164.1661693826318 59.42999319732189 1.443360880017281 233.6832086741924 205.9379787743092 0 111.9442563280463 83.76257481426001 527.9195146262646 9364.127484254539 2420.872971668839 0 303.6547496467829 58.79154662787914 428.059389308095 15.19612875580788 393.9256162568927 22.4194989874959 656.2542336285114 84.79215664416552 168.7723571062088 77.76114709675312 2.070201396942139 7.49726826697588 0.7487740367650986 0 0.6988185718655586 0.6980426385998726 0 0.2406725883483887 13.27151016145945 0.4027693048119545 7.342748321592808 0.5985081046819687 0.269932433962822 0.8819546774029732 0.1113063842058182 0.930908091366291 0 23.26848320662975 0.08654305338859558 0 0 0 7.737391151487827 0.7033698111772537 2.679138116538525 112.3977546840906 0 0.2817545160651207 2.031538903713226 51.55910834670067 6.152825243771076 8.204154811799526 0 0 2.648515529930592 2.488401629030704 1.998369067907333 27.93520966917276 0.7507291734218597 7.553060680627823 0.8602751642465591 5.265511140227318 0.8161216378211975 0.1191078126430511 0
0 3.514091141521931 0.4886987134814262 48.14049251377583 1136.737021565437 1998.569412261248 41.63408643752337 404.1395442336798 334.6793505400419 99.19086244702339 13.59295093268156 1051.557989045978 3.414525590837002 50.24013342708349 871.4285955131054 0 0.08731989562511444 1.509070925414562 0.7767045050859451 72.44451091438532 0 12.13976099342108 1.072133123874664 1096.946814529598 0.627506785094738 1.286676630377769 8.278874084353447 134.4209301546216 112.4759684726596 0.6612775251269341 0.1142441108822823 128.9399753138423 0.1152825430035591 123.4852787256241 2.160133466124535 107.7030780538917 0.5693717151880264 150.4159087836742 16.73753777891397 2546.383085533977 114.2197552546859 1.00583603978157 2.727579116821289 0 0 0 0 0 0 3.212623819708824 0.1037512421607971 7.066956430673599 0 0 7.299134507775307 0 0.4013626873493195 0 1.191784255206585 0.6570558547973633 0 0 0 0.9526575207710266 0.393546849489212 0.3434773981571198 16.59619627892971 0 0.2919525653123856 0.1228291019797325 8.723446793854237 0.1165241599082947 0 0 0 0 0.1887116730213165 0 4.038325086236 0.2774909138679504 1.733030557632446 0 0.5042018890380859 0 0 0
0.2413890659809113 60.02212062478065 9.242092497646809 0 0 0.2550795674324036 4.798272021114826 0.5726996287703514 213.7777468413115 0 1.552229702472687 0 17.9664629176259 0.6794654279947281 0 4606.755965076387 10.97410271316767 0.95550487190485 12.14788930863142 0.2010456770658493 3950.645308077335 5265.097340665758 4335.29632306844 1352.187159389257 11.05768658220768 73.50101526081562 4253.835519045591 1504.411822497845 5.944368325173855 33.57362867891788 2.061526857316494 0 4.389589250087738 28.53018753230572 6.933819711208344 1232.643165633082 273.7321227490902 218.6040195226669 395.6356176584959 24.56174713373184 3.769644670188427 9.27763020247221 8.509629033505917 0 8.251590862870216 20.02827161550522 0 0 0.7587698474526405 2.048503868281841 0.1223443150520325 4.512431487441063 0 0.7334987372159958 0 1.310491524636745 0.4163921177387238 0 3790.180173419416 5.075547218322754 0.1319735050201416 3.564218148589134 0 247.2463354617357 700.7310373410583 1174.766209110618 106.8605289682746 0 12.74585352092981 418.5410008728504 98.58538284152746 1.702489674091339 22.12548279762268 0.2626971155405045 0 1.520106270909309 4.317534029483795 2.069649048149586 43.87698655575514 11.35383888334036 25.4855145290494 26.62082449346781 1.134966030716896 0.2049138247966766 12.34800635278225 0
233.2946897521615 49.39769276231527 3251.848195150495 0.1018113344907761 0.2932301238179207 32.95346203446388 659.489755243063 293.0638442859054 5.65661033987999 40.85307361930609 194.7164220660925 0.9921496883034706 7.537316933274269 492.7494596540928 0.08731989562511444 10.97410271316767 1837.145871832967 65.59817689657211 3184.267307966948 0.9304260537028313 764.4365749955177 16.94959224760532 4162.976902976632 25.75028690695763 1.216521374881268 4505.376578584313 7145.482431717217 123.8965092822909 671.7747766599059 2721.602166973054 0.5090617910027504 4.062123984098434 36.59787772595882 3145.591297321022 12.69054462760687 1296.5092459023 2435.293304212391 2710.542934022844 1133.417668484151 35.95277184247971 10.2606512978673 36.81535153090954 5.96898441016674 0.1507221907377243 56.68651658296585 98.95728585869074 0 0 0 1.500486351549625 0 1.302618339657784 0 1.034413062036037 0 0.6790195927023888 0.1018339470028877 0 10.13607069849968 99.53142832219601 1.565873242914677 39.65159852057695 0 2.036841161549091 5.599445879459381 32.89128175377846 8.767443425953388 0 177.2275768145919 606.7274871841073 3.903651781380177 0.5329902768135071 1.915791407227516 0.8842940852046013 0 0.1533180326223373 7.14578078687191 0.9195584803819656 50.6164773106575 51.58242020756006 44.15404682606459 22.21798264235258 0.4878629744052887 0 0 0.4177746176719666
6.818198680877686 46.64771055430174 53.39134476333857 0.269870363175869 0.7620025128126144 3.018857896327972 10.45909125357866 8.378552116453648 4.391775526106358 6.885880842804909 5174.469907604158 2.848945766687393 60.09043273329735 15.1349228322506 1.509070925414562 0.95550487190485 65.59817689657211 435.5239093378186 2555.231783218682 0.9941187053918839 3.504415601491928 7.571273468434811 12.55324073135853 8.282636031508446 18.91052134335041 3817.413064450026 339.0798280015588 3.756066106259823 65.56821765750647 34.01256428658962 26.18825865536928 15.55226085335016 3.274929232895374 987.6970594152808 3.985175251960754 714.0308838561177 2027.722572535276 1630.691412754357 474.5806952342391 26.5196920633316 5.13603600114584 67.89548306167126 0.292067177593708 0 17.50906337052584 0.76069076359272 0 0 0 0.5053571164608002 0 0.7822399213910103 0 19.20788691937923 0 71.44443283230066 0.170296847820282 0 0.2361192926764488 3.000823840498924 18.80393231660128 12.99460341781378 0 0 1.180125944316387 0.3293626010417938 1.002738647162914 1.912049897015095 185.7873695641756 217.4556375071406 0 0.2647271305322647 0 50.91395424306393 0 0 0.8383917659521103 1.373689323663712 5.648712262511253 45.98207347840071 5.911268644034863 2.772407591342926 0 0 1.120286330580711 0
36.86093871295452 138.9662653282285 327.6483655422926 0.3926937058568001 0.373597726225853 8.029887273907661 64.69566261768341 38.47182133793831 14.0755741968751 9.343269787728786 3611.564806856215 2.264306001365185 27.72072853893042 71.08348499983549 0.7767045050859451 12.14788930863142 3184.267307966948 2555.231783218682 2044.064081430435 1.341703191399574 32.4643382653594 22.5050848275423 150.3349909856915 31.79640424996614 13.60821360349655 7872.254340827465 3311.667792595923 16.71844014525414 194.2618297934532 287.4753253236413 6.155172847211361 11.98844180256128 13.24412582069635 4796.005323633552 9.015876233577728 1646.292998053133 2747.622888840735 3442.392210029066 1055.638185568154 53.38898216933012 5.318697519600391 65.014893040061 2.169540219008923 0.1972914934158325 103.4756447076797 20.57031358778477 0 0 0 0.5167437195777893 0 0.3978415951132774 0 7.09328705072403 0 16.64813810586929 0.1778669506311417 0 2.321994371712208 68.4220277145505 19.00800305604935 149.0909682661295 0 0.2189230769872665 1.968853779137135 4.969754174351692 3.207148961722851 1.065101116895676 528.2947882041335 740.6599394530058 0.972283236682415 0 2.717462867498398 15.29621873050928 0 0 6.400249920785427 1.393920287489891 36.92436929792166 91.30671502649784 32.39591071009636 18.5471303537488 0.5739494040608406 0 2.474272638559341 0
6.619338795542717 0 0.9068946167826653 4012.051924221218 1.426799327135086 299.2669121026993 9.375611037015915 229.3606916368008 65.1266663596034 2409.057026863098 9.866269461810589 5252.83359515667 1.077018722891808 164.1661693826318 72.44451091438532 0.2010456770658493 0.9304260537028313 0.9941187053918839 1.341703191399574 726.1084525063634 0.6163419783115387 0.133326917886734 0.3435632884502411 808.7238171026111 0 1.286179006099701 0.7633309736847878 1984.660313181579 213.5710936486721 2.951446741819382 0.0887853279709816 20.32055132091045 0.4658335298299789 50.36645041406155 4.703758090734482 348.6579310521483 2.968571603298187 187.2251502946019 10.36018973588943 369.0843201056123 43.0434542670846 0.3544161021709442 7.192106202244759 0.1218458861112595 0 0 5.009747222065926 0 0 5.876094691455364 0 13.88102914392948 3.496170610189438 0.08115452527999878 40.45577416568995 0 0.2076765671372414 0 0.6199498176574707 0 0 0 0.1467084288597107 0 0 0.1928466856479645 61.65343020111322 0 0 0.1146477237343788 26.31694899499416 1.011887080967426 0.1199670433998108 0 0 0.1943434178829193 0.3605704456567764 0 11.23077712953091 0 1.520183533430099 0 4.589380234479904 0 0 0
28.28970601409674 8.544567734003067 1251.31990210712 0.185688704252243 0.7450012043118477 6.471396543085575 470.5084388107061 35.92612312734127 208.6349079310894 18.06662133336067 16.53076779097319 0.2264308482408524 23.20916946232319 59.42999319732189 0 3950.645308077335 764.4365749955177 3.504415601491928 32.4643382653594 0.6163419783115387 16971.69222681969 381.1058887317777 18427.77297502756 338.0824651643634 5.78436516970396 96.73653867840767 1052.641542047262 2000.608657278121 172.1004073023796 14085.97777598351 0.2214418351650238 1.681704245507717 48.96393717825413 4485.496150560677 135.0416634976864 9469.543074376881 1074.379094585776 6293.951590202749 4103.624946892262 138.0912772342563 44.29731008410454 24.96076083928347 49.45024862885475 0.2994173765182495 0.8569385334849358 5.278202347457409 0 0 0.1336180716753006 2.151231117546558 0 6.543197430670261 0 0.868215799331665 0 1.655146919190884 0.5304235741496086 0 1587.240384444594 1.113780342042446 0 2.287311799824238 0 368.3030255138874 236.9603386521339 296.0096552893519 187.0278581529856 0 2.170921087265015 37.53684490174055 169.2577482536435 4.495904579758644 57.06061431020498 0 0 2.014765121042728 3.618890985846519 2.946762561798096 89.55892020463943 4.905297577381134 17.1776215210557 2.572818450629711 1.28987617790699 0.8370042592287064 11.65381947159767 0
1.876856237649918 1948.94246288389 31.6718368679285 1.092143900692463 0.4721328616142273 2.111556850373745 30.49705148488283 1.005008183419704 3784.035503067076 0.9093626737594604 28.48065176606178 22.3654196485877 393.6201789602637 1.443360880017281 12.13976099342108 5265.097340665758 16.94959224760532 7.571273468434811 22.5050848275423 0.133326917886734 381.1058887317777 2197.13871742785 946.5418430045247 8534.356212608516 657.5888900607824 212.592053681612 5904.1678275913 656.124364733696 5.652646370232105 15.43640133738518 39.95285571366549 0.08670510351657867 1.518077477812767 9.114689737558365 1.351910814642906 116.5925844311714 40.41702611744404 61.33887512236834 46.16532241553068 100.2188301607966 2.498731672763824 61.73751433193684 0.1323818862438202 0 15.63494966179132 28.03586195409298 0.291657567024231 0 0 3.368292324244976 0.6658205986022949 16.56577771902084 0 2.054583184421062 0 3.758121527731419 1.049229681491852 0 938.8437842950225 12.47920868545771 0.3930877447128296 3.839770674705505 0 71.38392062485218 131.0790243148804 232.0058002248406 111.2590681836009 0.4892900437116623 20.25755688548088 565.8880714252591 59.45200699567795 1.552100785076618 13.44887361675501 1.354334518313408 0.1678455024957657 1.188893206417561 4.976843722164631 1.293496683239937 39.65731586515903 13.55616283416748 26.31054770946503 21.59963623434305 1.779554061591625 0.8471046388149261 3.826471969485283 0.6253619194030762
88.30330900102854 11.12962030619383 8581.937715746462 0 0.3157773464918137 21.82166878134012 1103.925409637392 148.1979897767305 31.57047642022371 40.12617682665586 39.46211580187082 0.4144643023610115 39.25996108353138 233.6832086741924 1.072133123874664 4335.29632306844 4162.976902976632 12.55324073135853 150.3349909856915 0.3435632884502411 18427.77297502756 946.5418430045247 21182.11128409952 573.2596517279744 5.727385118603706 1043.38297726959 9065.4320461303 3544.196291893721 255.4005003273487 3805.422221146524 0.158805638551712 2.37975750118494 29.04754745960236 3830.130150146782 103.4809933677316 9705.782138183713 5849.549314208329 9481.188333682716 8103.899216800928 347.9027177318931 51.05658990889788 51.27762544155121 66.13209091871977 0 13.64874625951052 116.208259165287 0 0 0 4.231769792735577 0.3367907181382179 2.014667980372906 0 4.409307032823563 0 0 0.380167692899704 0 3216.189460039139 22.06197855621576 0.1140693053603172 3.738054536283016 0.08646152168512344 111.7511143162847 457.6068384200335 1672.076199837029 54.39109107851982 0.1319549828767776 6.889368921518326 1341.002872504294 47.37543685734272 1.496275819838047 8.467529788613319 0.1460224986076355 0 0.822245292365551 13.75680615007877 13.78457613289356 170.4437496140599 28.86524523794651 98.14653427898884 86.43070860952139 3.788100332021713 1.706805437803268 23.35456305742264 0.1989937722682953
73.80376736819744 1002.639106750488 50.53687600046396 2216.461531415582 9.297230631113052 128.1036149710417 1399.791685715318 177.3933461233974 13032.56210935861 1613.71461173147 21.43750224262476 2387.443948999047 184.5956518873572 205.9379787743092 1096.946814529598 1352.187159389257 25.75028690695763 8.282636031508446 31.79640424996614 808.7238171026111 338.0824651643634 8534.356212608516 573.2596517279744 12993.72289925814 259.8568228036165 212.1123600453138 3381.973176971078 8570.086527787149 675.91866363585 400.0281240344048 21.4344944357872 16.29046270996332 92.0274423956871 135.8462510034442 50.16138175874949 2939.302315816283 101.4155206605792 453.7603820264339 209.0936398282647 2121.809613466263 77.17872148007154 29.24918507784605 25.91080565005541 15.04083204269409 6.305284149944782 6.564468361437321 20.78215245902538 0 2.721165046095848 474.4066967666149 12.10102008283138 667.7206525579095 42.03354807943106 5.98856058716774 32.0203817114234 1.694069512188435 52.53630317747593 3.849278137087822 1093.380410954356 5.018565319478512 1.374734975397587 3.854372091591358 14.78107103705406 300.9389422014356 249.4820938333869 171.8489994257689 4077.068926379085 0.1833871752023697 16.88164637982845 59.64969070255756 1485.049394845963 187.7197825461626 245.5659910663962 0.8692531585693359 0.471483513712883 59.08115571737289 78.06537359952927 9.663463748991489 654.620987445116 13.67344006150961 237.1653946489096 33.95812180638313 114.9054369106889 16.33637941628695 12.36422155052423 2.113206632435322
0.1121229976415634 1880.771139726043 1.066759258508682 0.2396082952618599 0.3999578207731247 0.2696718350052834 2.308692380785942 0.2869796454906464 188.4466480910778 0.07339654117822647 729.9324978291988 3.149602957069874 5841.316629730165 0 0.627506785094738 11.05768658220768 1.216521374881268 18.91052134335041 13.60821360349655 0 5.78436516970396 657.5888900607824 5.727385118603706 259.8568228036165 542.8457716628909 616.0329888164997 4867.234624661505 14.65066546946764 2.275625362992287 0.4151277244091034 371.6448371335864 0.6409363001585007 0 280.3054850995541 6.204374179244041 302.4870486110449 601.2170396074653 824.0817262306809 172.4822949841619 19.06822870671749 37.72790795564651 1087.043376661837 9.008330345153809 0 32.67891621589661 0.9605515003204346 0 0 0.1986123025417328 0.1148786321282387 0 0.3010989129543304 0.08878813683986664 193.744742333889 0 316.7392075434327 0 0 0.9481073021888733 0.9138395115733147 3.367135807871819 2.442690923810005 0 0.1057085767388344 1.576036922633648 0 1.160921059548855 38.47807142883539 43.11580228805542 75.4962689653039 1.112859852612019 0.1218442693352699 0.08885259181261063 11.66591081768274 0 0 7.299685820937157 2.185236155986786 22.76630196720362 189.9627702459693 24.34939645975828 1.77167697250843 0 0 191.8023738339543 0
45.36148354411125 1071.878770239651 5948.985619314015 0.2399706169962883 1.046287566423416 15.20587116479874 508.456397049129 82.68336007744074 98.12205453962088 35.87203307449818 5823.760520420969 3.450489938259125 2227.021478965878 111.9442563280463 1.286676630377769 73.50101526081562 4505.376578584313 3817.413064450026 7872.254340827465 1.286179006099701 96.73653867840767 212.592053681612 1043.38297726959 212.1123600453138 616.0329888164997 27759.68675937504 25084.17720265687 214.7271139472723 213.546987362206 404.5453735440969 697.8174335882068 12.59228612482548 13.0201762393117 942.8080805763602 14.7828813418746 2123.661409005523 7556.491691246629 2547.743859492242 977.7151402384043 70.06275457143784 8.723163917660713 391.0181998461485 7.514046281576157 0 508.5599713101983 103.3802058845758 0 0 0.2710632532835007 2.520783096551895 0.2586646676063538 4.352106988430023 0 236.5076110884547 0.09646494686603546 871.010505720973 1.138862460851669 0 6.471933916211128 195.1461517959833 117.4804067239165 349.6466775238514 0 0.9843283891677856 18.01706928759813 15.81000083684921 11.08488481491804 20.60107029229403 2067.164872579277 3106.351409643888 2.04501435905695 1.486207813024521 2.785609424114227 351.9676464051008 0.2977190241217613 0 23.34580078721046 3.932003989815712 125.6192625463009 532.5803283378482 148.4229747578502 53.53729206323624 1.266569018363953 0.2697297632694244 17.34944657981396 0.2441153153777122
27.43938986957073 11083.55582544953 8756.952608078718 1.62619062513113 0.3623150587081909 12.78175861388445 395.915559053421 58.18730077147484 916.4791621491313 21.84066594392061 1416.918619476259 14.78996926546097 5818.877879291773 83.76257481426001 8.278874084353447 4253.835519045591 7145.482431717217 339.0798280015588 3311.667792595923 0.7633309736847878 1052.641542047262 5904.1678275913 9065.4320461303 3381.973176971078 4867.234624661505 25084.17720265687 29731.68704319 1408.036784723401 78.76285806298256 294.6707769334316 1204.846219167113 4.195931926369667 5.872933603823185 1208.993727274239 67.25848625600338 5474.955666065216 4767.462079428136 5838.890868268907 3409.943087145686 248.6190878003836 20.2844080850482 208.8200521320105 23.16191814094782 0.1804058253765106 3088.740760810673 1261.628076463938 0 0 0.5792759656906128 12.13905598968267 1.551155939698219 24.77763067930937 0.2008729502558708 288.9066613763571 0.09941087663173676 881.7266508042812 3.09503460675478 0.6020282730460167 1057.2342537269 936.0744024142623 141.4582192227244 737.1336257979274 0.1038022190332413 24.545599848032 653.3604811057448 1799.807683229446 74.57303408533335 24.92930548638105 3829.414252027869 13366.17607440054 21.87216433882713 4.001994825899601 21.31205981224775 409.6437186449766 0 0.8098825961351395 138.0133223906159 11.17527588456869 788.8334614932537 820.4203790128231 748.4780909195542 422.7554274350405 20.87520958483219 1.499249428510666 28.76356268674135 2.116108253598213
152.0589882731438 42.97013875097036 666.352512858808 2889.676933988929 2.845259070396423 844.5002160817385 19359.33053552359 446.394515581429 2626.094076089561 5724.937070511281 21.42550526559353 853.167866744101 21.91581438481808 527.9195146262646 134.4209301546216 1504.411822497845 123.8965092822909 3.756066106259823 16.71844014525414 1984.660313181579 2000.608657278121 656.124364733696 3544.196291893721 8570.086527787149 14.65066546946764 214.7271139472723 1408.036784723401 20524.99975159764 1516.634382925928 8015.700716547668 1.307482443749905 31.5130954682827 248.478891775012 541.1960530430079 179.8717896640301 7772.387364216149 282.5016442164779 1689.030573762953 895.2073539122939 907.7420447170734 164.568632543087 21.73586775362492 52.51316976547241 15.27275116741657 1.898209549486637 7.304765410721302 28.77272421121597 0.1291026324033737 3.288711719214916 413.0465648174286 13.44155322760344 379.7712735831738 42.60263126343489 6.732708349823952 27.91402293741703 0 42.45871002972126 4.48386488109827 1221.679711095989 5.054748117923737 0.9988641515374184 1.129223816096783 18.36761821061373 392.3277195617557 199.1106397286057 174.8471345379949 3138.648124448955 0.1243031620979309 5.118285365402699 52.15101506561041 1328.569533891976 162.3227738961577 248.0696732476354 0.09796866774559021 2.014462865889072 43.78124813735485 65.713159956038 11.22995369881392 577.0003869086504 10.8645750656724 188.2952681779861 23.40334364771843 94.83793318271637 13.48949623852968 12.39928905665874 1.445053055882454
5592.524472363293 1.227580912411213 133.5157224759459 77.82986935973167 124.3326492011547 768.1769555583596 2373.739812463522 1384.655966363847 100.876582108438 1505.001348488033 707.5290900319815 418.0774484723806 36.29795373976231 9364.127484254539 112.4759684726596 5.944368325173855 671.7747766599059 65.56821765750647 194.2618297934532 213.5710936486721 172.1004073023796 5.652646370232105 255.4005003273487 675.91866363585 2.275625362992287 213.546987362206 78.76285806298256 1516.634382925928 24285.01202096045 6212.97223328054 1.570322550833225 1767.043378636241 3850.934158392251 4185.286534421146 105.6634314879775 1399.056498780847 171.2092505693436 5099.574881628156 567.1979693993926 523.7986281514168 449.8051024600863 12.96301093697548 34.39524292945862 1.325525812804699 0.327450156211853 0.5974785760045052 1.108074329793453 0 1.051650285720825 28.87645619362593 1.106774993240833 20.64839728176594 1.191284142434597 0.2473510652780533 2.398539818823338 0 5.130160860717297 0 120.3570455759764 0.4214571639895439 0 0.1388022601604462 0.6510141715407372 59.31956977397203 10.2470897436142 12.83865657448769 283.6179828196764 0 0.957666426897049 2.705053873360157 141.8778684735298 13.24792146682739 36.32624765485525 0 0 5.159680426120758 6.274402886629105 2.24243301898241 73.05640442669392 0.7473968118429184 21.95288672298193 2.167510345578194 6.911778330802917 1.056877508759499 0 0.1106233447790146
