378.9113350659609 1.131909631192684 188.2538880258799 0.7476210445165634 0.3469758331775665 11.13328768312931 2181.013165064156 565.2207181453705 1.825992099940777 61.97618009895086 1.320927634835243 0.3011461943387985 0 1780.553744167089 0 12.81879277527332 118.2797421887517 0.3914923295378685 15.34747929871082 0 156.656784825027 0.1300295442342758 330.1665956377983 34.44432642310858 0.2273389026522636 130.5967110618949 29.91108217090368 439.223355807364 4371.149121530354 2070.734517134726 0 8.934971854090691 1387.598152726889 517.8691873848438 13.87281258404255 349.4744608998299 72.70756785571575 192.7402276843786 100.0714397057891 21.0183914154768 7.707232102751732 0.1284069567918777 5.686907768249512 0.2481505870819092 0.6300055682659149 0.3902134299278259 0 0 0 5.066802494227886 0.1843899190425873 5.343403048813343 0 0 0 0.1282191723585129 0.1114659681916237 0 15.20712459087372 1.222802244126797 0 0.3762623444199562 0 4.834687881171703 1.605947606265545 3.936857528984547 42.40420833975077 0 2.415537156164646 5.060318537056446 62.44157640635967 9.688977099955082 35.10428879410028 0 0 0.2378457710146904 0.4122563824057579 5.688465014100075 26.23431512713432 0.9542927891016006 3.472948059439659 0.6056805104017258 0.1212989613413811 0 1.801674604415894 0.1271127015352249
1.131909631192684 81.10595069825649 2055.724904298782 0 0 0.7414358332753181 20.89268358051777 3.153158247470856 410.3065701052547 1.338022217154503 40.73656821250916 0.740856759250164 930.8816239088774 1.782865576446056 3.955860704183578 952.8155064284801 1781.872248910367 10.6717943251133 368.2799446359277 0 44.37167729437351 2308.200045488775 865.0721791386604 704.6440599709749 1584.052240759134 1708.836326546967 7931.208876892924 109.8417718857527 2.773181587457657 20.19576998054981 246.8555959239602 0.1466303467750549 0.3236634209752083 25.52887158095837 0.2035482078790665 89.877282358706 73.80206203460693 117.8541113659739 64.1601744145155 23.66697277128696 1.011908531188965 6.661939099431038 0.1690656542778015 0 31.73649095743895 0.4863403886556625 0 0 0 0 0 0 0 3.173533126711845 0 1.294376015663147 0 0 4.601412296295166 22.32957200706005 7.882451236248016 174.1731822267175 0 0.7547837421298027 1.929317146539688 5.214979358017445 0.5982011556625366 102.1216322481632 340.3539769947529 760.0516721606255 1.160394601523876 0.1030104160308838 1.116466872394085 1.788755804300308 0 0 3.30168879032135 0.6164020448923111 1.203777581453323 6.953205808997154 4.518582075834274 1.715309150516987 0.1316492110490799 0 0 0
188.2538880258799 2055.724904298782 2071.026608102024 0 0.1024276316165924 39.88263178616762 448.3863042667508 367.3969726264477 0 41.2964955046773 2.640123829245567 0.1984400525689125 4.078051850199699 152.5151037797332 0 28.97463953495026 864.8943786025047 4.705574996769428 1015.267380230129 0 925.2457576617599 7.324816912412643 7500.122648060322 3.4604202657938 44.3297143727541 6360.579120509326 4759.362503483891 113.8800846338272 194.5765632987022 579.7921034619212 1.400847785174847 4.581294767558575 21.68136443197727 1054.381617918611 15.10254321992397 855.0298649072647 677.1656046807766 1349.244693025947 761.4525315463543 48.61216423660517 18.85495571792126 0.5689233243465424 1.504456579685211 0 156.0451168343425 42.55943258106709 0 0 0 0 0 0.6414544209837914 0 0 0 0.2402119114995003 0 0 13.32451438158751 155.0464714020491 0.1970624476671219 20.77968397736549 0 2.659549564123154 17.28111953288317 43.18695241212845 1.771242260932922 4.521076187491417 197.3492347896099 696.9822000935674 4.435524001717567 0.1973523274064064 5.511631578207016 0.2225843593478203 0 0 7.164866551756859 16.25411748886108 10.98592043668032 45.27751007676125 27.08277878910303 9.573001094162464 0.2563014253973961 3.742927074432373 0.6425803899765015 0
0.7476210445165634 0 0 354.1475497037172 0.4139449745416641 20.37427169084549 283.1008423566818 23.24779839068651 925.9282246679068 8189.909030899405 0.3116575106978416 1776.010443203151 0 14.965212456882 18.82940647006035 0.1354739814996719 0 0.1806094199419022 0 2337.937391340733 0.2917386591434479 0.4262108355760574 0.112902507185936 332.5520918518305 0.08206535130739212 0.1627844646573067 0 1780.320328839123 25.87162711471319 0.4370379224419594 0.07298644632101059 1.536763846874237 0.2033165097236633 12.97535292804241 0 45.00062263011932 0.2456531673669815 27.49067928642035 16.87781301885843 277.3047050386667 5.808414682745934 0 0 0.1122560128569603 0.224832147359848 0 73.78392148017883 0 12.77032270282507 68.27033927291632 5.806742615997791 71.93250685930252 136.0525179132819 0 19.93268759548664 0.08324141800403595 1.127308703958988 0 0 0 0 0 31.79918810725212 0 1.701718017458916 0 123.3744488954544 0 0.214370533823967 0.1114555299282074 194.1497253701091 1.649862118065357 0.2369655445218086 0 0 0.09710846096277237 0.2253886684775352 0.9050068259239197 4.45611546933651 0.205413892865181 2.840633884072304 0.1830597445368767 39.6779048293829 0 0 0
0.3469758331775665 0 0.1024276316165924 0.4139449745416641 15.71877855062485 278.1758244559169 6.158099576830864 552.6672063693404 7.306812256574631 20.06991597265005 592.1487086713314 10.36333391070366 203.9537681266665 99.82561063766479 1671.424211598933 0 0.4180378466844559 13.91137956082821 1.330843329429626 0.08949842303991318 0.3018806353211403 0.2453594207763672 1.509053066372871 0.7297149375081062 43.79854167997837 37.95485880225897 1.51959539949894 2.711578920483589 81.59154752641916 0.8689833581447601 2.266072645783424 60.65709437429905 0 641.4570361748338 9.885372057557106 199.819300211966 169.5736662000418 860.2089487239718 241.5987899154425 1813.826077535748 296.6933972686529 100.5876640230417 9.339812964200974 0 0 0 0 0 0 0 0 0 0 1.857199177145958 0 17.51186876744032 0 0 0 0 0.8318933248519897 0.2817371189594269 0 0 0 0 0.1216066479682922 8.051644034683704 9.73304471373558 2.505131550133228 0.3259960114955902 0 0 4.16912679374218 0 0 0 1.966577634215355 3.386789858341217 4.225972980260849 0 0 0 0 0.5256381034851074 0
11.13328768312931 0.7414358332753181 39.88263178616762 20.37427169084549 278.1758244559169 7683.606070563197 1161.425752133131 6338.052604235709 18.45540829747915 9009.734245121479 271.009006537497 2126.174414679408 49.99555461108685 572.2458953410387 113.8737185969949 1.02696681022644 10.31354487687349 23.33795180171728 6.820924356579781 52.95451243966818 27.98277603089809 1.005849480628967 62.58352142572403 39.54002171009779 13.00983243435621 86.34841165691614 9.259333975613117 300.1653844490647 300.7513232454658 138.2282122075558 5.808167025446892 484.806616589427 1.33768792450428 499.7258696854115 14.12701080739498 373.0463549941778 64.95798794180155 1040.504542089999 163.1694797128439 1202.015821918845 515.2769839540124 12.11617395281792 10.98017820715904 0 0 0.1686564832925797 0.2527591288089752 0 0 12.94530200958252 0 0.9794448986649513 1.277809977531433 1.176412284374237 0 10.35790508985519 0 0 1.512664802372456 1.353869065642357 2.053374990820885 0.4461831748485565 0.2007647603750229 0.1600913852453232 0.6407999843358994 0.4874447360634804 15.38594080507755 3.576700761914253 11.30867011100054 3.736709266901016 21.98436084389687 2.917656324803829 4.764371655881405 4.080180987715721 0 0.6854788661003113 0.149786114692688 2.758146077394485 8.949336491525173 0.7523480802774429 0.2601723223924637 0 0.4993541091680527 0 0.1168629974126816 0
2181.013165064156 20.89268358051777 448.3863042667508 283.1008423566818 6.158099576830864 1161.425752133131 4927.519133724272 7428.100990734994 969.1924752518535 3188.583194553852 10.99773652106524 15.36360904574394 2.332310676574707 3775.37927030772 1.965784229338169 32.12285184860229 45.81656129658222 1.473617754876614 7.117840781807899 4.570877090096474 1296.844942457974 26.36861436069012 1232.25842192024 1944.53477884829 7.084198646247387 115.4484706073999 74.17762445658445 9757.262631572783 2731.077328577638 10082.05290595442 0.8478536754846573 60.78539528697729 121.7490754574537 971.9675918146968 56.62794326245785 1232.835274785757 128.0169263780117 1365.496648974717 884.0307309776545 163.112826436758 134.0552851185203 13.65329001843929 28.76108595728874 7.654200732707977 2.384183697402477 3.089875683188438 59.61541487276554 0 21.86928852647543 695.3883484229445 41.73629115521908 125.9106276631355 145.9739776104689 0.6251301839947701 16.31798272579908 4.015113577246666 19.21236429363489 0.2857881635427475 59.28612162172794 10.4209803044796 0.2161715030670166 0.899527370929718 33.33980406075716 24.73957792669535 11.63108369708061 17.3387855514884 1372.061408892274 0.6414343491196632 8.393595442175865 22.01816038787365 1720.812104277313 163.9762479141355 193.5343117266893 0.8629535585641861 0.6701444536447525 18.28375401347876 20.98722442984581 24.00211396068335 200.6039625182748 1.847189739346504 72.72674463689327 30.24300014972687 90.59668084233999 7.675244890153408 0.09988401830196381 6.857544310390949
565.2207181453705 3.153158247470856 367.3969726264477 23.24779839068651 552.6672063693404 6338.052604235709 7428.100990734994 6948.633582577109 6.948724180459976 4619.500355534256 221.0516060069203 846.5742125511169 30.67727682739496 4017.597464971244 46.98226514458656 18.80867725610733 145.9567645564675 24.94166868925095 20.95421168208122 30.38046406209469 260.4494881257415 0.4007232412695885 590.6999857649207 79.7036322504282 14.23736934363842 236.9702809303999 58.15897722542286 920.3860763385892 2359.690525449812 2348.029059812427 7.034651920199394 1325.729922704399 84.06761038303375 987.0479589030147 6.588973395526409 476.9354837313294 110.4910581931472 964.7110008224845 189.0226463153958 566.4079742655158 443.1069737896323 6.793833531439304 6.318621300160885 0.115056961774826 1.611033387482166 0.3100598305463791 0.6544442474842072 0 0 18.83485118299723 0 7.502485699951649 2.919154070317745 1.794604852795601 0 9.479760348796844 0.3764142170548439 0 10.50909515470266 3.365717969834805 1.2527179941535 1.272133678197861 0.1243898496031761 3.271394729614258 2.981141366064548 1.82803151011467 67.14864090830088 4.027163282036781 18.22547369450331 17.41590446233749 76.37997648864985 7.413042180240154 16.83935572206974 3.941099055111408 0 2.001781217753887 1.412964254617691 4.363506257534027 17.1223823800683 1.545605003833771 2.305217176675797 1.459996603429317 2.968947358429432 0.2406861111521721 0.2157264947891235 0.8243366479873657
1.825992099940777 410.3065701052547 0 925.9282246679068 7.306812256574631 18.45540829747915 969.1924752518535 6.948724180459976 173.3286234140396 1751.762457683682 0.3872744590044022 476.3580273538828 7.189886808395386 2.038875952363014 1049.161264896393 11.20721749961376 2.636601984500885 0.1580847799777985 0.5414332002401352 299.4472320377827 1.359858006238937 1851.812832653522 3.024685747921467 2807.12769895792 77.54443866014481 8.048156961798668 57.8050097450614 2771.726169653237 9.55559279024601 110.9133057594299 7.108644492924213 0 0.1189628690481186 3.748018935322762 1.693616844713688 48.90555585175753 2.371705465018749 10.48325471580029 7.352885834872723 134.7765219956636 0.2628129422664642 0.7226182222366333 1.234698690474033 1.559417568147182 11.06567975878716 2.104733869433403 104.102369017899 0 27.30641135573387 319.7516260817647 33.99100545048714 203.6445304080844 229.0984297469258 0.1098716035485268 24.11602069437504 0 9.436891213059425 0 128.4780523627996 2.351867906749249 0 0.3925386369228363 52.63090720772743 17.38553024828434 125.5664715990424 33.55176059901714 1476.771552056074 0 3.511232167482376 27.79587161540985 755.6318780034781 39.9815079793334 110.4398476630449 0 0.1204348355531693 4.109254263341427 9.459382951259613 3.350728631019592 62.39281067252159 1.379463739693165 22.48340213298798 9.46118637919426 27.22966729104519 5.798221237957478 0 2.483783058822155
61.97618009895086 1.338022217154503 41.2964955046773 8189.909030899405 20.06991597265005 9009.734245121479 3188.583194553852 4619.500355534256 1751.762457683682 10313.61685213447 40.7295276299119 11415.04566413909 6.316737942397594 2242.888437658548 23.08115611970425 0.7675826251506805 7.063948631286621 6.862865120172501 3.882090583443642 6357.852972902358 89.20797809958458 0.2129349857568741 119.0266721025109 1787.161275006831 4.252571307122707 38.84311259165406 8.436848491430283 4692.613586582243 1498.936280824244 317.0077491253614 1.379494376480579 152.3109626248479 6.93754905462265 651.9468946382403 21.38284224271774 475.0564386323094 32.64078027009964 1193.583041705191 542.7329093143344 789.3982160314918 203.9725744277239 8.474985621869564 13.85651188343763 1.599372513592243 1.397683903574944 0.5448138937354088 197.9723439589143 0 57.34807559847832 359.6925456598401 22.14712263643742 173.962346367538 630.3779002130032 0.3862856775522232 98.91066849976778 2.219647139310837 3.864235572516918 1.990050457417965 2.225569501519203 0.2193266153335571 0.53828264772892 0 144.6958695575595 0.127890557050705 5.168798834085464 0.1066009104251862 504.9452875778079 0.6537926122546196 3.403933100402355 2.971478953957558 857.6218589246273 12.62000917643309 7.929964855313301 1.29712250828743 0 3.570386730134487 2.982232481241226 8.151361458003521 28.11998053640127 0.5658220872282982 11.90253704041243 6.842569589614868 253.0817465260625 1.726532787084579 0 3.543680809438229
1.320927634835243 40.73656821250916 2.640123829245567 0.3116575106978416 592.1487086713314 271.009006537497 10.99773652106524 221.0516060069203 0.3872744590044022 40.7295276299119 6129.782610572875 10.38276107609272 3105.971670761704 78.58842574059963 25.3458910882473 0.970540776848793 17.88740586489439 2002.820469371974 275.7417465895414 1.040950693190098 2.293337151408195 2.878167793154716 14.04217364639044 0.8956356048583984 3841.981777377427 1485.650378718972 64.68924453109503 7.230283617973328 263.4254018440843 2.593753978610039 448.066616281867 379.5918031856418 0 5162.796064943075 10.81065380573273 1038.939405404031 4680.219051912427 5350.299774967134 2432.021553196013 182.8759021311998 301.1479125320911 3910.994401887059 15.12518040090799 0 6.06845897436142 0 0 0 0 0.0936441496014595 0 0 0 125.5473817586899 0 946.8369435742497 0 0 0 0 111.9747398942709 28.98227971792221 0 0 0 0 0.2751824557781219 479.7612742781639 643.4656563997269 267.9483045786619 1.852893881499767 0 0.1807658821344376 298.8431261405349 0 0 8.073642253875732 6.507663145661354 31.22461327910423 236.0562966763973 8.307901233434677 0.1607661694288254 0.1997330039739609 0.2026384174823761 57.0144074857235 1.484010696411133
0.3011461943387985 0.740856759250164 0.1984400525689125 1776.010443203151 10.36333391070366 2126.174414679408 15.36360904574394 846.5742125511169 476.3580273538828 11415.04566413909 10.38276107609272 1748.978777520359 3.019469305872917 180.6908313855529 588.7776419222355 0 0.2392746284604073 1.472615972161293 0.8065925911068916 2117.973290160298 0 10.80057366192341 0 179.0768050998449 0.9278301000595093 8.877188369631767 1.218743808567524 904.8045457676053 96.36824110150337 0.2972785085439682 0.0878337174654007 52.34378615021706 0.2608538568019867 82.69504483789206 0 403.4891425669193 5.100471928715706 187.2770705521107 27.83559159189463 942.8010238334537 44.01776055246592 0.9585549309849739 0.9184796363115311 0 0 0 9.72262778878212 0 2.579542621970177 13.384073600173 0.5110301598906517 15.57854850590229 71.09180152416229 0 11.35163036733866 0.7053518146276474 0.1891541928052902 0.1389406621456146 0.1300147175788879 0 0.07482805848121643 0 12.06481988728046 0 0 0 12.98536662757397 0.5772225558757782 1.34022580832243 0.571247287094593 28.14194376021624 0.3401712402701378 0.1058957651257515 0.6370749101042747 0 0 0 0 0.3563949540257454 0.0881519541144371 0.2516091018915176 0.2368627861142159 43.01662839949131 0 0 0
0 930.8816239088774 4.078051850199699 0 203.9537681266665 49.99555461108685 2.332310676574707 30.67727682739496 7.189886808395386 6.316737942397594 3105.971670761704 3.019469305872917 741.2355795800686 7.90818514674902 10.18357752263546 12.42617675662041 8.216267421841621 478.9563186764717 265.0888189300895 0.07151087373495102 0.3394469767808914 96.5122412070632 18.48407267779112 18.54960121959448 2194.955084577203 594.2907744795084 655.4135863184929 2.985123977065086 19.51046738773584 0.6405879333615303 1219.942263193429 29.99725885689259 0 1379.997138358653 1.525958150625229 497.4941641464829 2168.76105774194 1472.603151604533 248.3769794330001 89.65062334388494 124.1693821921945 1336.073142208159 13.86951833963394 0 2.282149493694305 0 0 0 0 0 0 0 0 74.3893111795187 0 732.1227430328727 0 0 0.2738407999277115 0 70.09152706712484 11.29345824569464 0 0 0 0.6020662188529968 0.220895454287529 928.9902202934027 417.1836246550083 199.1434553638101 1.194862887263298 0 0 209.8605691939592 0 0 13.96704359352589 7.114597007632256 19.93589378893375 156.4205003082752 10.26576878875494 2.860002398490906 0 0 59.73927214741707 0
1780.553744167089 1.782865576446056 152.5151037797332 14.965212456882 99.82561063766479 572.2458953410387 3775.37927030772 4017.597464971244 2.038875952363014 2242.888437658548 78.58842574059963 180.6908313855529 7.90818514674902 4583.069436259568 1.929321616888046 5.261600755155087 82.51720031350851 12.39304138720036 15.14658504724503 13.34386293590069 86.14426409453154 0.1264598518610001 240.1397367939353 15.80342435836792 6.179516576230526 137.0606959685683 33.33540514111519 307.5408739894629 6998.850349910557 1379.518653407693 3.347028329968452 824.3986323550344 279.2193426042795 1345.155333317816 5.000938713550568 372.7159879133105 58.05767855793238 502.5338124483824 88.85833416134119 138.3250297233462 105.1999945864081 1.896198600530624 2.576054610311985 0 0.3500076904892921 0.1843323558568954 0.4870536029338837 0 0 3.341550394892693 0.2965982332825661 2.420654468238354 0.9647402539849281 0.2630651518702507 0 3.284148454666138 0 0 1.37438241392374 1.447657316923141 1.109020091593266 0.476837158203125 0 0.8767060488462448 1.032940238714218 0.7114509269595146 12.21865094453096 1.937927909195423 7.010199852287769 6.816163577139378 19.00756067037582 2.892079897224903 5.116815686225891 1.592968747019768 0 0.1924981325864792 0.3524302393198013 1.804014205932617 12.91522771120071 0.1567184627056122 0.4577716365456581 0.09243880957365036 0.2974514588713646 0 0 0
0 3.955860704183578 0 18.82940647006035 1671.424211598933 113.8737185969949 1.965784229338169 46.98226514458656 1049.161264896393 23.08115611970425 25.3458910882473 588.7776419222355 10.18357752263546 1.929321616888046 1339.337813049555 1.683294117450714 0.1483003199100494 0.7378053292632103 0.2406580597162247 22.68470905721188 0 83.31402267515659 0.6375257223844528 1138.202521815896 1.983945973217487 4.401759825646877 0.5629274845123291 21.76141208410263 2.610765360295773 0 0.3300736472010612 68.42574791610241 0.1424054205417633 32.22653707116842 0.7852651476860046 14.79245924204588 8.567180916666985 98.5218620300293 6.771177485585213 1922.315347641706 28.89592210948467 1.083990477025509 0.2066671401262283 0 0 0 0 0 0 0.4533962458372116 0 3.878739610314369 0.573630690574646 0.4725532233715057 0 0.6699419692158699 0 0 0.8005114197731018 0.1026985943317413 0.192860372364521 0.3208431154489517 0 0.4540281444787979 0.7234833091497421 1.731280870735645 1.542380973696709 0.6424252092838287 0.6751614585518837 1.180364169180393 1.509450890123844 0.1376080513000488 0.8566104024648666 0.6594330966472626 0 0 0.1869643181562424 0 0.7859200984239578 0.3360833674669266 0.2432125508785248 0 0 0 0.1284012347459793 0
12.81879277527332 952.8155064284801 28.97463953495026 0.1354739814996719 0 1.02696681022644 32.12285184860229 18.80867725610733 11.20721749961376 0.7675826251506805 0.970540776848793 0 12.42617675662041 5.261600755155087 1.683294117450714 6256.220082744956 11.41562233120203 0.4131744801998138 0.8429447263479233 0 2729.871885366738 1834.385406926274 14602.06666447222 578.9435701519251 61.36659750342369 28.37881777435541 5807.724489040673 994.7065375670791 27.73159434646368 696.9743337631226 7.168838448822498 0.2381719052791595 0 86.46804063767195 23.97104807198048 1236.582946948707 665.2126234099269 409.7554941922426 812.2761794030666 46.78729051351547 4.002693518996239 2.006892703473568 4.058681041002274 0.9317693561315536 58.85251981765032 45.50307776778936 0 0 0.470383919775486 3.264043033123016 1.382807649672031 25.13345579057932 0 0.4120576977729797 0 0 1.421143651008606 0 1538.739081054926 88.76716251671314 0.297974057495594 8.810368366539478 0 240.3584573939443 1008.657341562212 1303.425418376923 66.58612859994173 1.145349629223347 37.79958979785442 1316.557544693351 245.7411944270134 2.045841701328754 231.2648120298982 0.2699129804968834 0 0.3682463243603706 12.91872487962246 23.50804807245731 117.3979697600007 34.98184964805841 31.04622918367386 41.50214894115925 7.014303363859653 0 0.1754716336727142 0.7184613645076752
118.2797421887517 1781.872248910367 864.8943786025047 0 0.4180378466844559 10.31354487687349 45.81656129658222 145.9567645564675 2.636601984500885 7.063948631286621 17.88740586489439 0.2392746284604073 8.216267421841621 82.51720031350851 0.1483003199100494 11.41562233120203 531.5123626440763 26.87898694723845 2161.22572927177 0 827.499687500298 27.73763918876648 2900.911574438214 6.533845104277134 228.1399602815509 1497.28574822098 1476.063827343285 13.69358139485121 142.2479286938906 1189.823961623013 5.986887283623219 4.939850352704525 16.4620807915926 1826.209117531776 0.6067840903997421 186.4203401431441 4648.88020337373 644.2606195136905 75.89999248087406 10.05960613489151 1.043233782052994 1.526789456605911 0 0 744.8004316613078 5.160082951188087 0 0 0 0 0 0 0 9.367954023182392 0 4.050570458173752 0 0 6.76959752291441 213.0336842015386 16.05777515470982 1018.808028116822 0 0.9852951616048813 2.146558597683907 3.561782196164131 0.3493309170007706 140.2145211920142 1535.594025164843 1959.588450118899 1.960259974002838 0 2.366661414504051 6.226675666868687 0 0 38.77872715890408 0.2890500873327255 7.171936646103859 219.9024413600564 9.900755248963833 2.225452229380608 0.09546620398759842 0 0.1589264571666718 0
0.3914923295378685 10.6717943251133 4.705574996769428 0.1806094199419022 13.91137956082821 23.33795180171728 1.473617754876614 24.94166868925095 0.1580847799777985 6.862865120172501 2002.820469371974 1.472615972161293 478.9563186764717 12.39304138720036 0.7378053292632103 0.4131744801998138 26.87898694723845 37.12233313918114 358.4505777880549 0 0.5946510806679726 0.7731021791696548 7.443433441221714 0.8497489243745804 865.9834654256701 3120.800653979182 323.0014869570732 1.546244814991951 33.96765223890543 1.073809325695038 389.4086830765009 34.77044763416052 0 1177.354561321437 3.182424545288086 113.5275429040194 432.2388207316399 898.330515883863 301.4463234692812 13.95517124980688 5.899757869541645 12.60393539071083 0.1456219851970673 0 5.444331705570221 0 0 0 0 0.07853702455759048 0 0 0 3.973195441067219 0 27.87735047191381 0 0 0 0 3.215461388230324 2.93481782823801 0 0 0 0 0 33.67808213829994 37.06351598352194 30.60929990559816 0.5030097812414169 0.08621276170015335 0 11.83399269729853 0 0 0 1.664042323827744 0.5834094882011414 1.740943819284439 0 0 0 0 0.2266993820667267 0
15.34747929871082 368.2799446359277 1015.267380230129 0 1.330843329429626 6.820924356579781 7.117840781807899 20.95421168208122 0.5414332002401352 3.882090583443642 275.7417465895414 0.8065925911068916 265.0888189300895 15.14658504724503 0.2406580597162247 0.8429447263479233 2161.22572927177 358.4505777880549 269.4935661554337 0 63.0954883992672 7.675612427294254 1106.478613913059 2.461187869310379 2753.338670708239 4041.220461033285 1253.803951248527 4.343033879995346 43.51358623057604 55.97703009843826 236.7191278710961 9.471618130803108 3.868147507309914 1150.220811598003 0 94.38771837949753 336.6355191618204 453.808826379478 126.3270512446761 8.555908769369125 0.8040149137377739 0.4621196836233139 0.1099982634186745 0 198.0253655314445 0.824178084731102 0 0 0 0 0 0 0 9.700762093067169 0 37.61713130027056 0.1054603680968285 0 0.1230369135737419 7.568456955254078 74.68281706422567 382.0770713835955 0 0.8490944057703018 0 0.8180298283696175 0.1076598763465881 389.1616351529956 999.1785069257021 1177.688353590667 1.038375981152058 0 0.0995798259973526 43.76857808977365 0 0 7.735053844749928 0.5516223907470703 0.7077260911464691 12.51100842654705 0.8334109485149384 0 0 0 0 0
0 0 0 2337.937391340733 0.08949842303991318 52.95451243966818 4.570877090096474 30.38046406209469 299.4472320377827 6357.852972902358 1.040950693190098 2117.973290160298 0.07151087373495102 13.34386293590069 22.68470905721188 0 0 0 0 278.9459423869848 0 0.2679379284381866 0 52.63053074479103 0.08545833081007004 0.4903996735811234 0.1850561946630478 1726.044432669878 12.26893675327301 0.09010789543390274 0 1.829158388078213 0.3270367160439491 6.182026520371437 0 20.11675569415092 0.7347714900970459 16.03592219948769 3.799447417259216 165.0059309825301 1.670536853373051 0.2060362249612808 0 0 0.2299588844180107 0 65.19901873916388 0 5.996238499879837 9.430490031838417 0.5841330289840698 17.46646939218044 41.95149467140436 0 3.79628874361515 0 0 0 0 0 0 0 12.11391123384237 0 0.5087631046772003 0 18.34313498437405 0 0.09074249118566513 0 29.8830951154232 0.1063755080103874 0 0.07709437608718872 0 0 0 0 0 0 0 0 13.80083101987839 0 0 0
156.656784825027 44.37167729437351 925.2457576617599 0.2917386591434479 0.3018806353211403 27.98277603089809 1296.844942457974 260.4494881257415 1.359858006238937 89.20797809958458 2.293337151408195 0 0.3394469767808914 86.14426409453154 0 2729.871885366738 827.499687500298 0.5946510806679726 63.0954883992672 0 6876.384026601911 77.70003652572632 12942.71666920185 582.5513985231519 4.638268910348415 188.0003148317337 370.5641571134329 6295.40043322742 256.9888665154576 7656.297572396696 0.7491921931505203 1.716357566416264 35.74705722182989 2038.012043826282 45.47383536398411 1629.470718115568 4997.723327882588 2194.696523703635 1341.204571522772 72.2177747413516 7.699831105768681 5.176159732043743 9.17889079451561 0 3.759112738072872 4.627655752003193 0 0 0 0.9662610739469528 0 11.26942692697048 0 0.1155464351177216 0 0.08700855076313019 0 0 558.3540565818548 19.24630762636662 0 1.221336707472801 0 90.03701657801867 160.0533747524023 216.6423167139292 42.26281816512346 0.284027561545372 13.25728065520525 117.8611976057291 138.567668043077 1.941712491214275 121.637403652072 0.1011447235941887 0 0.246685154736042 7.105549544095993 35.10433153063059 98.22971129417419 6.227039031684399 9.912519715726376 9.574630618095398 0.7836707532405853 0 0 0
0.1300295442342758 2308.200045488775 7.324816912412643 0.4262108355760574 0.2453594207763672 1.005849480628967 26.36861436069012 0.4007232412695885 1851.812832653522 0.2129349857568741 2.878167793154716 10.80057366192341 96.5122412070632 0.1264598518610001 83.31402267515659 1834.385406926274 27.73763918876648 0.7731021791696548 7.675612427294254 0.2679379284381866 77.70003652572632 446.4271030128002 377.0878845453262 3979.35904943943 692.9918196797371 75.1869752779603 1471.443269982934 504.7689184471965 3.222869358956814 24.74601431190968 59.89141403883696 0 0 1.439877308905125 0 19.81843330711126 3.647296875715256 3.797338530421257 4.802279151976109 163.8786792755127 0.1364667862653732 0.3867729306221008 0 0 39.40786354243755 13.31998657435179 0.1278037428855896 0 0 0.3168097585439682 0 13.26164972037077 0.1436409056186676 0 0 0 0.1144742965698242 0 284.2590182051063 18.89418299496174 0.2806353569030762 1.343542367219925 0 30.19281316548586 117.836422085762 123.4174566939473 44.65746950358152 1.915283545851707 20.67666379362345 278.3286443948746 61.80355070531368 1.114557273685932 53.33288399875164 0 0 0 3.382463499903679 0.1291536688804626 12.38413645327091 4.353125117719173 9.325640603899956 4.324321620166302 0.3267046436667442 0 0 0
330.1665956377983 865.0721791386604 7500.122648060322 0.112902507185936 1.509053066372871 62.58352142572403 1232.25842192024 590.6999857649207 3.024685747921467 119.0266721025109 14.04217364639044 0 18.48407267779112 240.1397367939353 0.6375257223844528 14602.06666447222 2900.911574438214 7.443433441221714 1106.478613913059 0 12942.71666920185 377.0878845453262 8874.927106156945 347.8657952547073 85.42965308576822 1963.976843520999 8612.090439237654 3134.854264348745 639.3039639517665 6337.567621782422 7.943104706704617 5.470030046999454 129.749378785491 4930.461887620389 185.7000096589327 5480.485103629529 12699.33963071555 7452.788861341774 6781.777934245765 304.335637845099 61.75282742828131 20.92525012791157 36.35566510260105 1.112419992685318 227.4402654692531 338.2898101806641 0 0 0.1500878185033798 4.607528485357761 1.520051777362823 16.6644733697176 0 0 0 1.802148044109344 2.579371921718121 0 1058.317940354347 590.9405460655689 1.657526232302189 84.73244119435549 0 181.2870815396309 501.2588343992829 1600.202099837363 55.85847865790129 14.49655120074749 521.6924408003688 3141.397563070059 185.8547319099307 3.958504602313042 167.8796690329909 0.6194902807474136 0 0.5297813341021538 32.51468190550804 129.8894142210484 332.3042210787535 152.5288466662169 89.44312784820795 60.8204004317522 6.633331812918186 1.284741818904877 2.95364685356617 0.7829782515764236
34.44432642310858 704.6440599709749 3.4604202657938 332.5520918518305 0.7297149375081062 39.54002171009779 1944.53477884829 79.7036322504282 2807.12769895792 1787.161275006831 0.8956356048583984 179.0768050998449 18.54960121959448 15.80342435836792 1138.202521815896 578.9435701519251 6.533845104277134 0.8497489243745804 2.461187869310379 52.63053074479103 582.5513985231519 3979.35904943943 347.8657952547073 4346.519043877721 126.027997367084 19.67431922256947 234.547832839191 14868.00437010825 107.064004406333 604.5467936769128 9.90071926265955 0.2658606991171837 7.387009501457214 112.9659464508295 28.75032433867455 562.336384318769 36.02675358206034 218.062262147665 225.8859593868256 595.4118086770177 16.25836604088545 2.172291040420532 8.676812432706356 4.648839443922043 17.06695891916752 10.05808550864458 93.62480261176825 0 37.02280197292566 574.9809127449989 42.47750245779753 852.3986797258258 252.1056480407715 0 28.82878274470568 0.1406898945569992 23.37330707907677 1.904663264751434 804.9794864654541 18.80224797129631 0.08396150916814804 2.515191547572613 53.87944554537535 132.69429975003 435.8786257430911 208.3571048974991 2151.525194376707 0 11.00304797291756 82.02914946526289 2007.026412650943 144.1160964071751 638.3599832057953 0 0.1474605202674866 18.57648716121912 32.22448358684778 15.16015236079693 279.1331411749125 7.046776667237282 85.82076910883188 48.3015711158514 94.67839404195547 13.73211088776588 0.1425186693668365 3.845316246151924
0.2273389026522636 1584.052240759134 44.3297143727541 0.08206535130739212 43.79854167997837 13.00983243435621 7.084198646247387 14.23736934363842 77.54443866014481 4.252571307122707 3841.981777377427 0.9278301000595093 2194.955084577203 6.179516576230526 1.983945973217487 61.36659750342369 228.1399602815509 865.9834654256701 2753.338670708239 0.08545833081007004 4.638268910348415 692.9918196797371 85.42965308576822 126.027997367084 33.25651203095913 1896.576079264283 1722.707173876464 14.06979552656412 18.28616251796484 2.688540115952492 801.4979059547186 22.6254153624177 0 692.0987726151943 0 419.5306152328849 454.4527413323522 886.464593552053 210.089034833014 18.56728216260672 58.42076256871223 327.3021699488163 12.90119756758213 0 6.598172910511494 0 0 0 0 0 0 0 0 181.2843577563763 0 764.6690284833312 0 0 0.1271831393241882 0.7967686504125595 39.16867194324732 29.84651940315962 0 0 0 0 0.1030566990375519 111.2454655915499 394.0378846377134 323.471984654665 3.471492759883404 0 0.1057906448841095 153.1976877078414 0.3142458572983742 0 34.6807007342577 1.882008120417595 37.59774562716484 61.57517127692699 54.87520638108253 0.5576862692832947 0.7429519295692444 0 28.35620890557766 0.25096195936203
130.5967110618949 1708.836326546967 6360.579120509326 0.1627844646573067 37.95485880225897 86.34841165691614 115.4484706073999 236.9702809303999 8.048156961798668 38.84311259165406 1485.650378718972 8.877188369631767 594.2907744795084 137.0606959685683 4.401759825646877 28.37881777435541 1497.28574822098 3120.800653979182 4041.220461033285 0.4903996735811234 188.0003148317337 75.1869752779603 1963.976843520999 19.67431922256947 1896.576079264283 12006.42911703885 15842.68257645518 40.66985104233027 338.4372529163957 251.2782324701548 371.7411519140005 135.4825460165739 24.79160352051258 4958.076590932906 13.83838060498238 1824.585714295506 6538.895803943276 6263.823209188879 2238.884003832936 126.3597322404385 39.51375880092382 16.21223485469818 3.229935631155968 0 290.3575505465269 2.578119598329067 0 0 0 0.1655543521046638 0.1974488645792007 0.09076124429702759 0 35.50423609465361 0 164.0596757978201 0 0 5.604140281677246 61.87955835461617 88.21150829643011 240.8092886731029 0 0.3633973672986031 1.787248566746712 3.661609306931496 1.108115501701832 241.5142702311277 777.8924502506852 875.9054296091199 0.6264741346240044 0 1.74739883095026 105.9750278145075 0.1014673262834549 0 4.11654132604599 13.78621734678745 7.024318292737007 46.64211896806955 4.564620420336723 1.663324683904648 0.1352802813053131 1.048627972602844 0.2444785460829735 0.1614500284194946
29.91108217090368 7931.208876892924 4759.362503483891 0 1.51959539949894 9.259333975613117 74.17762445658445 58.15897722542286 57.8050097450614 8.436848491430283 64.68924453109503 1.218743808567524 655.4135863184929 33.33540514111519 0.5629274845123291 5807.724489040673 1476.063827343285 323.0014869570732 1253.803951248527 0.1850561946630478 370.5641571134329 1471.443269982934 8612.090439237654 234.547832839191 1722.707173876464 15842.68257645518 13890.08076554537 253.3309925571084 79.59710014611483 347.0364404246211 863.7927212864161 9.207352332770824 7.534331113100052 2467.660439781845 104.6551558375359 7786.761698827147 13514.63643874973 5913.455310918391 3732.739637814462 345.7417278215289 47.46067618578672 12.23205830156803 14.35124078392982 1.861779771745205 2168.18830139935 386.6886663883924 0 0 0.2825615182518959 2.978714354336262 2.562266185879707 3.159470163285732 0 8.596141397953033 0 73.79337909072638 2.6145353987813 0 433.151320040226 1065.06455809623 53.46031711250544 760.6792798638344 0 60.74959864467382 715.1203461140394 1585.465747565031 9.5557961165905 376.5127190500498 2560.521291531622 7138.236763611436 60.6722941249609 3.7247119769454 29.56764806807041 64.25344546884298 0 0.3707605451345444 57.24226506799459 83.68815118074417 219.2121735811234 345.935852624476 147.4262876734138 72.26512916386127 3.942408703267574 2.409845650196075 4.857842102646828 0.5772008448839188
439.223355807364 109.8417718857527 113.8800846338272 1780.320328839123 2.711578920483589 300.1653844490647 9757.262631572783 920.3860763385892 2771.726169653237 4692.613586582243 7.230283617973328 904.8045457676053 2.985123977065086 307.5408739894629 21.76141208410263 994.7065375670791 13.69358139485121 1.546244814991951 4.343033879995346 1726.044432669878 6295.40043322742 504.7689184471965 3134.854264348745 14868.00437010825 14.06979552656412 40.66985104233027 253.3309925571084 12673.96309418976 1866.246241793036 4682.654506281018 2.021818675100803 20.87640590965748 253.3644119724631 1978.641947947443 179.0814536213875 3071.188459403813 255.5114172846079 2840.237319178879 1850.113249763846 531.4348232597113 158.6038579419255 13.49941667914391 66.83657244592905 11.66766264289618 6.116263523697853 8.963150188326836 137.8281140327454 0 50.41872620582581 822.1986407637596 53.3258076608181 496.2114821821451 416.2995360568166 0.3862941414117813 55.44245038181543 0.6434903144836426 28.26640870422125 3.012411862611771 651.0554262027144 14.11029808223248 0.09759403020143509 1.155885480344296 88.26760146021843 133.3900377079844 237.7016038075089 176.568267352879 2274.761860556901 0.9727992936968803 7.948254756629467 80.96682937443256 2708.817500315607 253.6738763228059 633.2210540771484 0.342441737651825 0.9755857139825821 32.32124952971935 42.93557063490152 83.15585824847221 456.1389446854591 8.421221733093262 101.6281412690878 61.86720504611731 197.039404168725 14.47563055902719 0.2784046083688736 3.216004714369774
4371.149121530354 2.773181587457657 194.5765632987022 25.87162711471319 81.59154752641916 300.7513232454658 2731.077328577638 2359.690525449812 9.55559279024601 1498.936280824244 263.4254018440843 96.36824110150337 19.51046738773584 6998.850349910557 2.610765360295773 27.73159434646368 142.2479286938906 33.96765223890543 43.51358623057604 12.26893675327301 256.9888665154576 3.222869358956814 639.3039639517665 107.064004406333 18.28616251796484 338.4372529163957 79.59710014611483 1866.246241793036 8620.008145339787 6444.372668467462 9.827954970300198 254.3725047037005 5428.342306725681 3629.51762919873 17.31382791697979 768.4846681877971 185.5864758491516 1533.963816978037 413.5850685536861 89.27564270794392 88.12438351660967 14.19314002245665 12.12429957836866 0.8833398371934891 0.7260162532329559 0.06834346801042557 0.7116264402866364 0 0 10.40473585575819 0.4590673595666885 13.76690247654915 0.6017293632030487 1.155997805297375 0.6646168231964111 8.703429013490677 1.629150904715061 0 26.73598930239677 0.4386112466454506 2.44696743786335 1.084332905709743 0.2096731811761856 6.49649703502655 2.838936865329742 5.756202049553394 78.94229509681463 7.143710166215897 14.59054023772478 13.7052338719368 111.7507350742817 16.41627250611782 44.98895008862019 3.871564276516438 0 3.231090687215328 1.57374369353056 9.430008463561535 98.28923389315605 0.7762623950839043 4.445699565112591 3.01967853307724 2.575460262596607 0.3618762642145157 0 0
2070.734517134726 20.19576998054981 579.7921034619212 0.4370379224419594 0.8689833581447601 138.2282122075558 10082.05290595442 2348.029059812427 110.9133057594299 317.0077491253614 2.593753978610039 0.2972785085439682 0.6405879333615303 1379.518653407693 0 696.9743337631226 1189.823961623013 1.073809325695038 55.97703009843826 0.09010789543390274 7656.297572396696 24.74601431190968 6337.567621782422 604.5467936769128 2.688540115952492 251.2782324701548 347.0364404246211 4682.654506281018 6444.372668467462 7655.82373817265 0.4717855900526047 20.27959919720888 300.2248717397451 1203.722464121878 33.41593430936337 1119.238827317953 2355.760856047273 1060.155127353966 423.7637920752168 56.27272486686707 10.44137491285801 3.624762758612633 11.50005924701691 2.731855817139149 3.556569568812847 10.21725645661354 0.555963970720768 0 0 45.61267025023699 0.4490594789385796 111.1045619547367 0.439655028283596 0.09746687114238739 0 1.569175124168396 4.820108726620674 0 1138.205010078847 26.41624126583338 0 5.436741143465042 0 242.0169931054115 208.4206535369158 274.640807107091 558.7960831671953 0.5467680022120476 20.63444043695927 35.7781637609005 1040.292301632464 82.87750156223774 897.8793564885855 0 0.1414411067962646 9.422634467482567 24.85360072553158 22.37807597219944 222.8134955465794 11.64865622669458 45.96953605115414 22.83587617427111 6.411446660757065 1.6996845677495 0 1.268683277070522
