1464.414491146803 0.09456209093332291 138.0723389983177 2.707293137907982 2.154637634754181 89.22155018895864 2353.668354526162 1345.647924833 35.98113194108009 53.35149754583836 23.47540613263845 4.695160217583179 0.6746931970119476 6093.991314455867 0.5129046812653542 1.199506275355816 244.6355795413256 46.57680116593838 121.0926697999239 2.328560218214989 51.97971022874117 5.490082055330276 253.2490170672536 130.3745679184794 0.2447635233402252 138.5111308246851 89.78075771778822 313.2257996201515 3494.329101096839 2035.07123234123 0.6232723817229271 16.30904857069254 78.23147577792406 251.4344266504049 0 141.8758641630411 15.70104344189167 271.7502214387059 51.3009098470211 31.48636412620544 13.21814492344856 2.33497565984726 0.6054329723119736 0.882392629981041 0.1539282351732254 0.7882459610700607 0.08801023662090302 0 0.07979942113161087 34.94571068137884 0.4165629670023918 16.88129211217165 0.7538582906126976 0.08177884668111801 0 0 0.3859513476490974 0 11.34606236219406 0.2013675272464752 0 0.1928495317697525 0 2.233943194150925 2.343209266662598 0.6557119488716125 92.34711187332869 0 1.666008099913597 5.132452569901943 52.41113644838333 8.39616572111845 17.03938271850348 0 0.2906775176525116 1.34519650042057 2.893326550722122 0.3940486758947372 45.14921789616346 0.4726731330156326 13.06455656886101 6.285402938723564 2.749044626951218 0.2664258405566216 2.125739097595215 0
0.09456209093332291 72.47152855247259 25.90523942559958 0.2454754710197449 0.6031134873628616 0.1358911693096161 0.7168259173631668 0.1952962726354599 452.9929985031486 0.1009645015001297 40.50219842046499 1.561581335961819 353.1301673427224 0.6832102164626122 14.63139981776476 130.5148938447237 5.683729447424412 2.026503726840019 0.8808996379375458 0 9.645580120384693 2842.248523198068 8.317504316568375 738.5619681626558 2338.06209526211 197.1636367887259 6496.583835095167 37.25081174075603 0.7622240707278252 1.131139144301414 21.33839736133814 0.1336651295423508 0.1083099693059921 124.7207064703107 0 17.94143018126488 78.24674175679684 59.96841789782047 11.23474385589361 6.565366648137569 2.968697130680084 286.9520489275455 0 0 135.5037072226405 45.60589909553528 0.2588275447487831 0 0 1.800122797489166 0 2.886493384838104 0.0905979797244072 6.022726997733116 0.1084307730197906 19.45675282925367 0.7222426384687424 0 14.38615708053112 6.704558476805687 2.780585579574108 10.98639777302742 0 0.1381545513868332 24.82440486550331 4.601228028535843 10.74479591846466 29.57950816303492 377.2319093346596 1927.244337841868 4.813967011868954 0 0.7264311611652374 4.861887343227863 0 0 8.530249424278736 0 25.82373339682817 20.03603273630142 17.19173387438059 8.81817302107811 0.7853235453367233 0 1.238686308264732 0.6798092722892761
138.0723389983177 25.90523942559958 4393.951524287462 4.573882780969143 1.964012838900089 165.4006619080901 1644.907413937151 431.6266516372561 1.307963564991951 84.37416394799948 47.20192746818066 2.950408756732941 4.203795470297337 656.8602630570531 1.536318331956863 27.4961589127779 5228.481495909393 142.8476242125034 389.0031600669026 1.979665778577328 1063.515789330006 14.84473748505116 12128.31983893365 47.45198767632246 0.1766103357076645 12353.55527145416 7546.626756303012 855.7046614140272 105.8986604586244 754.7614446133375 43.02716542035341 7.681989103555679 12.71309787034988 905.5791068002582 44.30560524761677 2253.523205734789 2331.013042218983 1214.094255626202 612.080880664289 99.20524538308382 36.30428149551153 10.23256142437458 16.54931366443634 0.7344111353158951 87.48853799700737 330.9887452498078 0.3752933293581009 0 0.3341566696763039 9.841871678829193 2.06537202745676 2.805593803524971 0.3511339575052261 1.39209933578968 0 0.7541202306747437 4.826688580214977 0 42.22525791078806 27.15535144507885 0.3233067914843559 2.935690216720104 0 4.238273784518242 58.56343631446362 223.2772830948234 21.81330730766058 2.034798011183739 105.2395887076855 1962.33481618762 18.09544014185667 1.357917569577694 3.526127845048904 0.287532776594162 0 0.176250047981739 6.685524165630341 10.16720825433731 20.34534228593111 22.25354066491127 10.62928827106953 8.136761143803596 1.607703551650047 0 0.1674418747425079 0
2.707293137907982 0.2454754710197449 4.573882780969143 1916.669700339437 3.644023597240448 18.77934618294239 35.68436251580715 6.074886940419674 579.1111168563366 3865.668086826801 0.2404608353972435 635.1293228566647 0.1764834821224213 8.381061114370823 81.2830790951848 0.3520127534866333 0.7691436037421227 0 0 2196.59354583919 1.230987682938576 0.2133737802505493 1.072118304669857 1357.375308588147 0 1.676434420049191 4.569363810122013 4307.719727009535 22.63435656577349 1.703285746276379 0.1448219567537308 1.488537773489952 2.451207026839256 8.203683137893677 0 113.8918084800243 0.7344767600297928 30.73193533718586 20.74550136178732 64.00018461048603 6.726607516407967 0 2.405106738209724 0.4973264783620834 0 0.2233995273709297 122.4558015018702 0.5419886112213135 12.03839639574289 29.9854564666748 1.738797724246979 68.50921575725079 129.2285262569785 0.7841899245977402 50.88604514300823 0 1.620354376733303 2.213955491781235 0.5486593991518021 0.2826242595911026 0.4309911578893661 0 113.5650756135583 0 1.188267484307289 1.080262735486031 191.244799181819 0.4808550029993057 0.1043461412191391 0.6584454625844955 197.2482683509588 6.303298868238926 0.1253307312726974 0 0.5188966989517212 0.1186129301786423 5.277177035808563 0 6.309838965535164 0.1169121637940407 5.130640968680382 0.5713959410786629 15.68867114186287 0.2371312901377678 0 0
2.154637634754181 0.6031134873628616 1.964012838900089 3.644023597240448 106.874438777566 637.9684018492699 9.093960404396057 119.2594376802444 106.7068876922131 28.92225986719131 41.51308315247297 157.0200882479548 0.873284712433815 9.36434680223465 1318.828842401505 0 0.6651330813765526 3.078961543738842 0.731212854385376 8.835309736430645 0.216845415532589 1.944788724184036 1.514225639402866 26.14636663347483 0.3640968576073647 4.214286029338837 4.046274423599243 9.095586992800236 167.0278422012925 1.411797560751438 0.897606186568737 404.4490784555674 0 96.23881451040506 0 54.02418179810047 5.635499864816666 127.2901567518711 85.9348958954215 2023.670727565885 55.66917856037617 3.936672270298004 1.217519298195839 0 0 0 2.506838828325272 0 1.031220108270645 0.371846616268158 0 0.1146207600831985 1.683536231517792 0 1.827666342258453 0 0 0 0 0 0 0 1.619627073407173 0 0 0 2.062531262636185 0 0 0 1.543013945221901 0.255793571472168 0 0 0 0 0 0 0.5449789017438889 0 0 0.7888186573982239 6.174670159816742 0 0 0
89.22155018895864 0.1358911693096161 165.4006619080901 18.77934618294239 637.9684018492699 6984.826901800931 2848.158283054829 3012.124141819775 170.7965701073408 8005.802750490606 124.5890162065625 3121.094478517771 8.454341761767864 756.5339658111334 1376.519852265716 0.3304314687848091 81.13938804715872 22.65808621793985 37.31419491022825 365.1920599788427 44.66245326399803 1.258905068039894 96.2148145660758 277.0509610399604 3.595294490456581 84.96806824952364 70.35216379910707 650.4645070806146 513.3961748033762 71.24637319147587 3.248066425323486 939.2452132552862 15.50976000726223 377.1484759896994 2.000902906060219 486.3264104798436 36.30883137881756 799.2027211412787 338.8910367116332 1891.385874733329 260.1435026749969 20.36069749295712 7.370763495564461 2.87004179507494 0.4021921902894974 0.9830693155527115 45.11864586919546 0.2075399458408356 6.974572859704494 44.51602154225111 4.119538821280003 18.28726775944233 70.12157722562551 1.165707558393478 48.63973943144083 0.1048770025372505 1.643732942640781 3.331163749098778 2.36151460558176 0 0.09485099464654922 0.1104542389512062 59.68313245475292 0.4263465777039528 1.240560986101627 1.482389412820339 173.3839780092239 0 1.043283127248287 6.244544856250286 127.6620179563761 8.985853470861912 3.648432575166225 0 0.7451890110969543 0.792728990316391 1.710132114589214 0.2840486913919449 11.64139138162136 1.25438217818737 7.644739851355553 4.013437166810036 119.0155285000801 2.53326141834259 0.5698350071907043 1.079371213912964
2353.668354526162 0.7168259173631668 1644.907413937151 35.68436251580715 9.093960404396057 2848.158283054829 8159.482637017965 2552.6616891101 200.7120428159833 7235.675411686301 45.96346203237772 49.89191337674856 1.789013177156448 6204.455170292407 17.44881847500801 11.75251081585884 210.8167069032788 20.89935649186373 36.82886781543493 40.87531504780054 976.165977306664 19.01273439079523 1008.784036591649 700.7708293646574 0.640869602560997 300.0702054575086 565.2001108527184 15690.18508634716 2586.439875584096 2259.648625269532 4.831417858600616 59.81409168988466 285.9967685192823 602.9481404200196 6.592709593474865 2881.279713973403 126.115198880434 1775.347865350544 872.5292746126652 677.6476763337851 278.4117578864098 31.63618885725737 32.44520865380764 5.9837636500597 2.943262569606304 9.421902641654015 17.18536817282438 0.25235216319561 10.29643757641315 385.5323594212532 4.528699271380901 136.7486979067326 42.43933176994324 2.393099583685398 16.9080137014389 0.07513386756181717 15.30054789036512 0 44.1577477902174 1.787924975156784 0.5545593053102493 0.201151579618454 33.18572123348713 6.056351877748966 14.96696766465902 22.9181385487318 870.7562165632844 0.4263795390725136 2.925283551216125 56.93160066753626 570.7024927660823 77.53513542562723 51.61817878484726 0.1707065254449844 2.323747560381889 5.540911555290222 33.51732942461967 1.465237945318222 268.7391566485167 6.054431080818176 112.7401709854603 46.8240040615201 34.79985427111387 14.0033333003521 3.492426432669163 4.289051160216331
1345.647924833 0.1952962726354599 431.6266516372561 6.074886940419674 119.2594376802444 3012.124141819775 2552.6616891101 3943.786790341139 22.3121372833848 2401.580372475088 347.5929152294993 453.4469763562083 10.4252902790904 5565.014010556042 184.5554458498955 0.693553626537323 360.9409737065434 116.2356456890702 196.3625428751111 132.8097562864423 86.43465062230825 3.856357797980309 379.2403343692422 161.9028596878052 5.02424406260252 329.1409800201654 243.9054685980082 381.9248894900084 2492.588950172067 461.6845144554973 12.27205190062523 1572.932444535196 20.70206217467785 971.2027346715331 1.706095084547997 475.7943550124764 79.57783549278975 1508.519997805357 416.7422174662352 661.5767981782556 284.6264237165451 29.90363880246878 6.677733786404133 2.90170131623745 0.295928530395031 2.906006641685963 1.34779516607523 0 0.08550719171762466 39.83111116290092 1.026906251907349 22.29132963716984 6.961060494184494 0.5905244126915932 1.088399067521095 0 1.047517210245132 0 4.669922448694706 0.09375111013650894 0.8362831473350525 0.1300729513168335 2.389183841645718 1.649274855852127 2.167970143258572 2.254551284015179 107.7325300648808 0 3.442931622266769 14.18419463187456 63.54058327525854 11.39654340595007 5.941720940172672 0.5412630215287209 0 0 3.297758489847183 1.249454408884048 21.90062906593084 1.024619042873383 7.722472362220287 7.811906293034554 0.6391777992248535 1.240980446338654 6.148389101028442 1.073171481490135
35.98113194108009 452.9929985031486 1.307963564991951 579.1111168563366 106.7068876922131 170.7965701073408 200.7120428159833 22.3121372833848 1273.212561480701 608.2358563840389 2.941118702292442 687.4403128996491 24.83617416024208 19.21197221428156 891.4027000814676 1.030210964381695 0.9711396098136902 0.4381485134363174 0.1125331148505211 848.625785805285 0.9668509960174561 1760.372071139514 1.987324103713036 6447.997250989079 243.9945742711425 20.4108697399497 551.8433375880122 1531.288858607411 87.86016849428415 212.6190468817949 3.302360557019711 3.348358660936356 9.075305566191673 13.51094909012318 0.5450358092784882 144.5942920073867 7.662461049854755 46.15794761478901 23.53390187770128 215.7623213678598 10.78036443144083 4.839897230267525 3.155083149671555 6.02037724852562 1.717532679438591 0.6866276264190674 190.4609172940254 0.3766743242740631 10.63775303959846 82.52108225226402 1.018119111657143 55.99404101073742 129.1175349205732 2.361482329666615 81.84381175041199 0.414707362651825 5.538339525461197 8.290757611393929 40.41435721516609 0.7144783735275269 0.2016941085457802 0.3616965636610985 162.1638333052397 3.161345988512039 11.59872874617577 1.377657577395439 931.3569892793894 1.720202289521694 2.343855567276478 8.588937550783157 369.7844399884343 37.55258737504482 47.10805152356625 0.4963379427790642 0.9133450761437416 2.652819484472275 10.18667399138212 1.205718338489532 59.38001210987568 0.4464090093970299 28.72995828837156 13.45562908798456 49.19670061767101 2.241854965686798 0 0
53.35149754583836 0.1009645015001297 84.37416394799948 3865.668086826801 28.92225986719131 8005.802750490606 7235.675411686301 2401.580372475088 608.2358563840389 17245.51334609091 63.64831401407719 7053.364412933588 2.80286181718111 1312.05947407335 135.7895971685648 0.7382072955369949 30.99773801863194 15.38153293728828 26.87352709472179 8082.085468731821 33.37429793924093 2.012322120368481 38.81178226321936 1230.319208979607 0.7920846492052078 49.64711157977581 70.16493714600801 5013.884485468268 922.7177832424641 18.98027716577053 3.016289345920086 81.19539236277342 30.05401817709208 420.1865389943123 3.478418439626694 2116.864740081131 29.10980250686407 1469.186462759972 545.0062120705843 805.6976689323783 428.6659321412444 13.48073668032885 33.4979544878006 3.279076784849167 0 1.173427507281303 333.8906183540821 0.3959325924515724 43.7598719149828 209.6218780502677 9.949997693300247 168.499806843698 484.2329375073314 4.30202029645443 163.408895008266 0 18.48053276538849 10.34989672899246 2.482982866466045 0.254382535815239 0 0.1537175327539444 419.838684797287 0.3738495856523514 4.212497368454933 3.038027554750443 839.102424107492 0.7809776216745377 2.578590035438538 5.398672215640545 931.1363513916731 41.73529032617807 4.67604649066925 0.1090414971113205 0.2657574191689491 2.814152508974075 19.08901517093182 0.4844154417514801 47.82320936024189 0.2326135039329529 78.18512471020222 15.90096371620893 112.0273165106773 3.751068860292435 1.827527537941933 1.11862900853157
23.47540613263845 40.50219842046499 47.20192746818066 0.2404608353972435 41.51308315247297 124.5890162065625 45.96346203237772 347.5929152294993 2.941118702292442 63.64831401407719 5250.315415032208 40.9155675470829 491.2331120967865 278.3484925925732 6.357497453689575 3.958259552717209 630.1628123149276 4485.603954069316 586.80235914886 8.59676555544138 34.15162014216185 8.492376707494259 86.57692793011665 9.974593415856361 201.0288975760341 2791.565193764865 647.7904372662306 23.90967963635921 326.244294911623 31.22479824721813 397.9907436817884 428.8603003099561 6.173171795904636 5406.254341639578 31.0042108297348 1305.43544382602 4105.335353508592 6837.808771379292 2939.795429497957 69.90586322546005 143.6620836853981 708.1347403824329 15.29313962906599 0 9.615662984549999 2.423843130469322 0 0 0.3199659436941147 1.741361051797867 0.4153167009353638 0.2409999817609787 0.4715683087706566 241.3367650657892 0.2065685763955116 636.5782613381743 0.6211748793721199 0 1.073715940117836 0 6.920688062906265 0.4586690366268158 0.171708270907402 0.4427578449249268 1.055998399853706 2.899113319814205 5.994212776422501 52.8474850282073 112.5774644091725 114.916220895946 2.680146224796772 1.792603716254234 0.5020958781242371 78.2162958830595 0 0 2.61237533390522 2.935501456260681 45.87901294976473 482.4942710548639 37.20114570856094 68.19109755754471 0.3949660807847977 0.6549636721611023 201.7000241801143 5.339863389730453
4.695160217583179 1.561581335961819 2.950408756732941 635.1293228566647 157.0200882479548 3121.094478517771 49.89191337674856 453.4469763562083 687.4403128996491 7053.364412933588 40.9155675470829 9813.407411418855 2.219853922724724 205.6249180957675 959.9480630382895 0 1.646928772330284 3.049779184162617 1.727457337081432 6275.957646563649 0.5774402320384979 5.783096894621849 4.406857721507549 509.7998910844326 0.5888358652591705 7.122552074491978 4.487267270684242 462.4123109281063 252.0200204178691 2.561375059187412 1.247764393687248 52.47346986830235 0.4285238832235336 129.2930020615458 0.2556929886341095 225.77858427912 8.016929902136326 510.2392390593886 127.876000225544 1107.191291667521 111.3035642206669 2.296758972108364 4.564107902348042 0.3115665465593338 0 0 109.430146612227 1.763023525476456 21.47471425682306 22.81804616004229 1.594283454120159 55.87150729447603 110.403126463294 0 148.3707213625312 0 1.786485143005848 25.28727117180824 0.2648195028305054 0 0 0.1458994597196579 166.0496408343315 0.2397858798503876 0.6341976150870323 0 123.2071336731315 0 0.2005207240581512 0.4138850495219231 124.2449254319072 3.91389986127615 0.4536475092172623 0 0 0 3.67883537709713 0 3.250326782464981 0.1370072662830353 4.614143125712872 1.103235527873039 192.3860304355621 2.922638446092606 3.041377924382687 0
0.6746931970119476 353.1301673427224 4.203795470297337 0.1764834821224213 0.873284712433815 8.454341761767864 1.789013177156448 10.4252902790904 24.83617416024208 2.80286181718111 491.2331120967865 2.219853922724724 1146.608572714031 7.823129244148731 1.507595419883728 2.198566764593124 1.842788390815258 12.32314604520798 0.8805487304925919 0.9622723758220673 0.5636235997080803 85.14086809754372 3.750722572207451 25.15316270291805 1691.84228656441 840.2841052934527 3851.785262867808 1.938172228634357 5.34112161397934 0.9794367924332619 879.5820047482848 7.304298974573612 0 556.3329572230577 5.16519483923912 304.7624485269189 3183.371864356101 1021.996190026402 307.8973730951548 7.151736758649349 151.8860324621201 1316.163019292057 11.84435994923115 0.1354443281888962 37.48206399381161 0.7778092697262764 0.1467002630233765 0 0.8445330783724785 1.068286538124084 1.121430091559887 0.279117614030838 1.378877177834511 986.6977669000626 0.533907875418663 3549.525821939111 3.313527137041092 0 0.1170445755124092 0.8637287095189095 29.7704588547349 3.138769574463367 0.8005064204335213 0.1040621772408485 3.488392055034637 0.2904175966978073 1.364611431956291 441.2969817742705 566.2678252905607 664.2648163065314 0.5590679943561554 0.3620705455541611 0.7912126481533051 480.9551825150847 0.3484572321176529 0 6.267042808234692 0.291361540555954 67.79153117537498 1221.848524883389 63.23858897387981 34.69066483527422 0.6331526190042496 0 391.9324246123433 0
6093.991314455867 0.6832102164626122 656.8602630570531 8.381061114370823 9.36434680223465 756.5339658111334 6204.455170292407 5565.014010556042 19.21197221428156 1312.05947407335 278.3484925925732 205.6249180957675 7.823129244148731 9794.621298566461 17.5668408870697 0.5745290443301201 557.0668743699789 164.0825884565711 298.3225263282657 78.71998918056488 112.6536523401737 6.377217553555965 646.5772691518068 129.1368537098169 1.000224277377129 455.5507910698652 325.6115014180541 352.5215736404061 4318.470953542739 1359.509277127683 10.72483153641224 199.8147428706288 40.53513140976429 1222.437386982143 2.355824068188667 389.6077220588923 93.87427286803722 2224.732650082558 297.9258464276791 165.6043062135577 92.38623131066561 13.28266720473766 9.376327857375145 0.6151676774024963 0.2409152835607529 2.455724582076073 0.1031418219208717 0 0.3855071365833282 21.49471098184586 0 7.879304490983486 4.058064855635166 0.3030136674642563 0.5555689781904221 0.2005608230829239 0.2836104407906532 0 9.86452204734087 0.4177976176142693 0 0 0 1.852629289031029 3.367565929889679 2.589462853968143 64.93957689404488 0 4.443947397172451 17.62450238317251 41.90320580452681 4.013522699475288 6.044883124530315 0 0 0.2999754548072815 1.269627995789051 0.4049724414944649 14.29812295734882 0.3777092397212982 6.171927988529205 3.684810072183609 1.574274711310863 0.4384433329105377 0.9020897746086121 0.1858357936143875
0.5129046812653542 14.63139981776476 1.536318331956863 81.2830790951848 1318.828842401505 1376.519852265716 17.44881847500801 184.5554458498955 891.4027000814676 135.7895971685648 6.357497453689575 959.9480630382895 1.507595419883728 17.5668408870697 341.4700848460197 0 0.4341761395335197 0.6576986014842987 1.095790401101112 164.6063256561756 0 41.00787717103958 1.688704013824463 873.3141839057207 7.624548621475697 2.386038027703762 22.53382778912783 142.3602999299765 14.64655348658562 0.3805444687604904 0.1352816671133041 713.8412899374962 0.1955057978630066 21.37188860028982 0 48.69096456468105 1.048998340964317 42.02705536782742 20.98679310083389 1204.572625592351 137.1157966926694 5.304162919521332 0 0 0 0 17.88796542584896 1.436752766370773 5.437759295105934 0.4708717465400696 0 7.577866822481155 21.75123746693134 0 45.3015501499176 0.09755925089120865 0 7.488058090209961 0 0 0 0 41.19067515432835 0 0.1747463494539261 0 11.59882009029388 0 0 0.7563938796520233 9.991466864943504 0.1140617877244949 0 0 0 0.1038379147648811 0.1432275772094727 0 1.494074821472168 0.4280982613563538 0.5264726504683495 0 128.0320619344711 1.254936814308167 6.382392257452011 0
1.199506275355816 130.5148938447237 27.4961589127779 0.3520127534866333 0 0.3304314687848091 11.75251081585884 0.693553626537323 1.030210964381695 0.7382072955369949 3.958259552717209 0 2.198566764593124 0.5745290443301201 0 2757.095410786569 16.85119380056858 2.372341848909855 1.183001399040222 0 3302.480343125761 1453.700488768518 5378.310102529824 2512.290716402233 40.25192803889513 15.31565363705158 4004.357935383916 2443.47045956552 7.675348423421383 243.0439761951566 1.170845441520214 0.3018994331359863 3.373570844531059 62.44527804106474 11.51854668557644 1908.883444175124 646.4614195749164 534.2902409434319 875.2865084558725 162.0269303992391 3.728564046323299 6.740369699895382 29.46454298496246 0.2216008082032204 1.76080234348774 9.567770786583424 0 0 0 21.6832829490304 0 0.7261830270290375 0.1471537947654724 1.271321319043636 0 0 1.228446036577225 0 3744.032694324851 1.939963884651661 0 0.582651823759079 0 431.2970897257328 1239.52069555223 1212.173673197627 192.5433147549629 0.4315411821007729 2.00957815349102 203.350587181747 155.9088965505362 3.177606701850891 109.6260166838765 0 0 3.798896253108978 5.221229366958141 4.990727648139 102.3111574873328 18.25933969765902 36.80791579186916 47.83972252905369 3.964354112744331 0.4642094671726227 0.3576137721538544 2.390807121992111
244.6355795413256 5.683729447424412 5228.481495909393 0.7691436037421227 0.6651330813765526 81.13938804715872 210.8167069032788 360.9409737065434 0.9711396098136902 30.99773801863194 630.1628123149276 1.646928772330284 1.842788390815258 557.0668743699789 0.4341761395335197 16.85119380056858 701.1088473647833 1002.40905174613 3675.962905399501 1.104452602565289 396.5914805158973 14.45054642111063 3657.784572176635 16.7714774236083 0.4141293615102768 3768.728181928396 6174.395618006587 143.5149039775133 397.1312855407596 1247.445911876857 4.912193574011326 7.164568021893501 16.89099112898111 1228.618205048144 2.406584918498993 286.3711385577917 1147.920633338392 415.3552779853344 198.3021427989006 20.44090772420168 4.59477424621582 4.12413378059864 3.721628442406654 0.1339447796344757 16.19736658036709 54.86813867837191 0 0 0.09557238221168518 1.473006866872311 0 0.5433513969182968 0.1342047452926636 0.1381421834230423 0 0.4623284488916397 0.08967803418636322 0.1450816988945007 9.503630965948105 7.075336873531342 0.5430476143956184 3.040873527526855 0 0.156042292714119 9.372638411819935 21.87556942552328 2.850839093327522 0.744134858250618 113.8431132808328 337.4398184120655 4.258992522954941 1.012240171432495 0.475342646241188 0.208555094897747 0 0.1095085218548775 1.510403074324131 1.602279648184776 5.892931744456291 16.37740855664015 2.560230396687984 1.391370460391045 0.1353669315576553 0 0 0.9946198016405106
46.57680116593838 2.026503726840019 142.8476242125034 0 3.078961543738842 22.65808621793985 20.89935649186373 116.2356456890702 0.4381485134363174 15.38153293728828 4485.603954069316 3.049779184162617 12.32314604520798 164.0825884565711 0.6576986014842987 2.372341848909855 1002.40905174613 291.5512583181262 1954.811766155064 0.7320059910416603 20.69014702737331 0.1280613243579865 78.74706442654133 2.465720817446709 2.745539233088493 1504.35621175915 290.9096488505602 11.06854481995106 156.0159228816628 63.66306772828102 85.46377275884151 61.19991495460272 4.653303682804108 1036.525732211769 4.919371247291565 1049.291176877916 1360.854567676783 1387.318551674485 546.9769552946091 11.18727821856737 2.882316872477531 4.343424513936043 5.639821857213974 0.1565038710832596 4.188933461904526 1.578093200922012 0 0 0.1162668839097023 0 0.2712410017848015 0.4420548379421234 0.1163617447018623 6.975138127803802 0.2323225364089012 33.51386617124081 0.6488455161452293 0 0.7023057341575623 0.1463034003973007 10.7621007412672 8.075159132480621 0 0.1772176921367645 0.6068997755646706 1.660492867231369 0.3754167407751083 3.997649297118187 225.3092671781778 134.3037558421493 0.5978286489844322 0.1487452983856201 0.1395413279533386 10.77140907198191 0.1384824365377426 0 0.8829646706581116 1.417869463562965 7.958421818912029 33.28221386671066 13.37414176017046 3.118673861026764 0.5450495108962059 0 0 0
121.0926697999239 0.8808996379375458 389.0031600669026 0 0.731212854385376 37.31419491022825 36.82886781543493 196.3625428751111 0.1125331148505211 26.87352709472179 586.80235914886 1.727457337081432 0.8805487304925919 298.3225263282657 1.095790401101112 1.183001399040222 3675.962905399501 1954.811766155064 1302.157015323639 0.5179664939641953 48.50811856985092 1.139917403459549 241.7449018657207 1.516488835215569 0.9875781983137131 3145.761793732643 549.6252340003848 22.8407878652215 244.9049271196127 194.3769727572799 3.218085289001465 44.79255675524473 13.05647377669811 1819.648309707642 4.603014886379242 914.0001806095243 1833.361044108868 978.3773629739881 375.1677263453603 8.006593778729439 2.98004075884819 10.04938404262066 2.847193501889706 0 33.78366875648499 8.109917402267456 0.1490620970726013 0 0 0.8022624999284744 0 0 0 0.3744504451751709 0 2.283046618103981 0.2430805116891861 0 2.744493387639523 4.955228328704834 3.699606470763683 11.07094177603722 0 0 1.09336269646883 0.9277113080024719 2.202091887593269 5.205339670181274 320.8649861216545 257.9251093119383 0.4450540542602539 0 0.3091957494616508 0.9257231950759888 0 0 3.037762753665447 0 11.53737279772758 13.77528358995914 6.622341118752956 3.377976387739182 0.4741688519716263 0 0 0
2.328560218214989 0 1.979665778577328 2196.59354583919 8.835309736430645 365.1920599788427 40.87531504780054 132.8097562864423 848.625785805285 8082.085468731821 8.59676555544138 6275.957646563649 0.9622723758220673 78.71998918056488 164.6063256561756 0 1.104452602565289 0.7320059910416603 0.5179664939641953 554.3191046118736 0.3352161049842834 0 1.164493300020695 701.3787760734558 0.1344956606626511 2.643795661628246 2.16545120626688 3480.465207323432 104.5043425112963 2.275194920599461 0.3157246485352516 16.61443828046322 1.882608853280544 51.92098022997379 0.5706799030303955 314.5603976249695 4.368130892515182 228.2086535394192 72.59249617904425 436.0219837874174 64.66937716305256 10.22821179777384 5.078358046710491 1.161084719002247 0.3748545274138451 0.4249628037214279 259.9514965713024 0.6519152373075485 35.41361632943153 99.01719791442156 5.983996339142323 125.3466490805149 340.4620233625174 1.71112135797739 133.7781990095973 0 2.763921126723289 11.16842414438725 0.9127660393714905 0.1815573126077652 0.1214180737733841 0.12907674908638 325.3211919292808 0 1.429026797413826 0.1403150707483292 479.6637736782432 0.1997830867767334 0.08421928435564041 0 523.0147232934833 21.18726325035095 4.271131716668606 0 1.557300537824631 1.157433085143566 7.424604661762714 0 28.11480412632227 0.1280263960361481 27.57214641571045 7.573514275252819 101.6557471379638 0.5639231353998184 2.627336144447327 0
51.97971022874117 9.645580120384693 1063.515789330006 1.230987682938576 0.216845415532589 44.66245326399803 976.165977306664 86.43465062230825 0.9668509960174561 33.37429793924093 34.15162014216185 0.5774402320384979 0.5636235997080803 112.6536523401737 0 3302.480343125761 396.5914805158973 20.69014702737331 48.50811856985092 0.3352161049842834 15189.63748060167 91.36371628940105 15791.07119142264 340.9296367317438 2.462983839213848 107.9002914130688 1534.120678260922 3974.265134572983 221.363437615335 9792.945720717311 1.198186010122299 2.221588864922523 32.29273039847612 2429.178781829774 35.81534032523632 5043.100471228361 2875.468777276576 4622.533132009208 3004.54834934324 312.6524161323905 18.99562315642834 14.30649971216917 54.43587366491556 0 0.66672483086586 5.933352291584015 0 0 0 9.873075544834137 0 0.494268499314785 0 0 0 0 0.9209914356470108 0 604.3658312112093 0.7094947993755341 0.3095309734344482 0.1415701806545258 0 183.3172305524349 164.2452073842287 133.3056190982461 83.58502170443535 0 2.275695599615574 49.58110550791025 58.22478436678648 3.028354473412037 63.82042753696442 0.1179373040795326 0 2.087008453905582 1.522667951881886 10.54832272231579 48.00666347146034 6.57426867634058 11.16438713669777 10.74251722544432 0.8080599904060364 0.8953521847724915 0 0.5908448100090027
5.490082055330276 2842.248523198068 14.84473748505116 0.2133737802505493 1.944788724184036 1.258905068039894 19.01273439079523 3.856357797980309 1760.372071139514 2.012322120368481 8.492376707494259 5.783096894621849 85.14086809754372 6.377217553555965 41.00787717103958 1453.700488768518 14.45054642111063 0.1280613243579865 1.139917403459549 0 91.36371628940105 1033.446487635374 274.1279482617974 5587.946121163666 1214.867522619665 50.39013434201479 3836.686045788229 580.6802040189505 40.73806877434254 74.63815981894732 10.7597142457962 0.1871397942304611 5.828184224665165 25.23467976599932 0.3185659348964691 114.992205709219 34.24216006696224 53.63824252039194 25.77129536867142 32.61840645968914 1.277519516646862 19.80407283455133 0.6551094353199005 0.3487120494246483 29.75650082528591 20.67675821483135 1.132919535040855 0 0 11.91394701600075 0.07333788275718689 7.316063746809959 0.8836623877286911 1.38578324764967 0.1395715475082397 3.036003515124321 0.6444718688726425 0 1004.704823881388 1.72068902105093 0 0.4931900203227997 0.1153031587600708 162.9988760203123 247.3844989985228 247.3610008209944 146.7497846186161 3.407783418893814 11.58192752301693 763.1836405992508 82.7770384401083 5.542240880429745 86.49435110390186 0.7749044895172119 0 2.792477004230022 4.745375290513039 0.2618110477924347 58.40179615467787 11.21357152611017 17.10983450710773 14.55215120315552 3.820680215954781 0 0.4459481835365295 0.1427529603242874
253.2490170672536 8.317504316568375 12128.31983893365 1.072118304669857 1.514225639402866 96.2148145660758 1008.784036591649 379.2403343692422 1.987324103713036 38.81178226321936 86.57692793011665 4.406857721507549 3.750722572207451 646.5772691518068 1.688704013824463 5378.310102529824 3657.784572176635 78.74706442654133 241.7449018657207 1.164493300020695 15791.07119142264 274.1279482617974 17427.26195281744 234.4469422549009 2.954601548612118 1476.63618067652 10731.74660496414 5046.035689420998 293.0154663622379 5605.942255660892 7.543026059865952 6.506979510188103 21.29015114158392 2306.345361433923 93.11453791707754 8664.793082304299 6262.210328020155 7544.624266542494 7470.319639399648 1152.957896754146 60.95471855998039 42.09870786964893 205.9530120119452 0.08344754576683044 19.81981595605612 59.46674229204655 0 0 0 16.24286943674088 0.7550593167543411 0.5135998427867889 0.1246921643614769 0.7182302251458168 0 0.3352471888065338 1.617350548505783 0 2192.674860365689 5.519139245152473 0 1.220652759075165 0 110.8204246908426 598.743192076683 1625.298047110438 80.64313919097185 0.2522603943943977 7.650750122964382 1448.826011285186 76.81551962345839 1.2919827029109 19.93033707141876 0.2452384307980537 0 0 4.180356673896313 47.94401727616787 77.19439428299665 13.02522459626198 33.60054001957178 69.03731472790241 4.265295162796974 0.1838890314102173 1.047023221850395 3.032186791300774
130.3745679184794 738.5619681626558 47.45198767632246 1357.375308588147 26.14636663347483 277.0509610399604 700.7708293646574 161.9028596878052 6447.997250989079 1230.319208979607 9.974593415856361 509.7998910844326 25.15316270291805 129.1368537098169 873.3141839057207 2512.290716402233 16.7714774236083 2.465720817446709 1.516488835215569 701.3787760734558 340.9296367317438 5587.946121163666 234.4469422549009 7483.701122716069 300.2483527958393 52.49602922797203 2321.628928095102 6288.312675245106 632.1738873049617 675.2808530107141 3.605422310531139 11.67467959225178 125.4591216370463 151.4623136967421 6.716334894299507 1719.987051852047 168.4359374791384 530.5624993517995 325.9111682027578 385.8974355682731 48.9848872050643 14.99136075377464 14.86083413660526 35.02789708226919 7.767610915005207 18.28577718138695 163.7862514257431 0.2937158644199371 26.5928825289011 887.9367299154401 23.36113519966602 1042.718718789518 242.1348795518279 5.709931015968323 76.42533127218485 1.402142874896526 52.11375310271978 3.362384177744389 823.7866855710745 3.913407422602177 1.240314692258835 1.483593709766865 195.648636803031 239.7749276161194 315.0395902469754 95.47380853444338 3832.944015361369 1.36863698810339 12.04347391426563 100.4038622304797 1986.947686851025 291.9476511701941 446.1019175723195 0.3565671965479851 6.025180332362652 28.89275685697794 131.2190779522061 1.411725223064423 766.579963773489 14.54748329520226 352.0158753804862 143.1462500840425 106.4601433798671 28.31484986096621 8.854552395641804 4.938499175012112
0.2447635233402252 2338.06209526211 0.1766103357076645 0 0.3640968576073647 3.595294490456581 0.640869602560997 5.02424406260252 243.9945742711425 0.7920846492052078 201.0288975760341 0.5888358652591705 1691.84228656441 1.000224277377129 7.624548621475697 40.25192803889513 0.4141293615102768 2.745539233088493 0.9875781983137131 0.1344956606626511 2.462983839213848 1214.867522619665 2.954601548612118 300.2483527958393 260.6396798938513 101.2900029048324 2163.618362113833 17.9060565456748 1.566339559853077 0.4897986203432083 118.9183580949903 1.154358007013798 0 474.9016202241182 0.2244311571121216 177.5694597661495 420.1375927329063 650.0261694416404 228.5803422778845 27.28827647119761 90.88882730901241 819.3400006741285 20.68913102149963 0.1899133771657944 42.74290297925472 0.4411179423332214 0.1098598316311836 0.445646733045578 0.3699601963162422 0.2150568440556526 1.633926689624786 2.249929375946522 0.3282322362065315 308.4664612710476 0.5917803421616554 1966.438904114068 3.665385454893112 0.1530410498380661 0.2058214396238327 0.1714414805173874 11.50529962778091 1.14309274405241 0.2906327620148659 0 3.383704364299774 0 2.948591344058514 180.1415427029133 426.7441950142384 751.9363328143954 1.183168143033981 0 0.1124021708965302 185.1231443509459 0 0 7.712370328605175 0 37.75125410407782 119.1951397359371 46.55186885595322 14.68055289983749 11.94175759702921 0 66.84349727630615 0
138.5111308246851 197.1636367887259 12353.55527145416 1.676434420049191 4.214286029338837 84.96806824952364 300.0702054575086 329.1409800201654 20.4108697399497 49.64711157977581 2791.565193764865 7.122552074491978 840.2841052934527 455.5507910698652 2.386038027703762 15.31565363705158 3768.728181928396 1504.35621175915 3145.761793732643 2.643795661628246 107.9002914130688 50.39013434201479 1476.63618067652 52.49602922797203 101.2900029048324 21179.48050110787 10621.64416824281 130.7180350124836 262.1213114634156 232.1127594411373 505.9088571667671 91.00084235519171 8.967617079615593 2077.061416678131 20.52990832924843 4093.089317850769 7591.864441074431 3238.824272744358 1361.616091661155 39.97750311344862 11.22575043141842 40.15982839465141 17.62990831583738 0.5944698825478554 486.0380706563592 374.4888896197081 0 0 1.642176166176796 8.106452085077763 3.742459766566753 2.086606442928314 3.042405590415001 69.52090902626514 2.047524377703667 333.7269727438688 9.84703678637743 0 26.9474909901619 86.17552170902491 114.9753534570336 150.2031254842877 0.8154627829790115 4.285847455263138 13.66000364720821 20.43579640984535 23.2895637229085 153.1513674110174 4145.204810634255 4719.478978507221 18.58089400082827 0.9272339940071106 6.309176422655582 112.6775147616863 0.3174479007720947 0 36.92086323350668 8.830002754926682 148.6732219085097 339.4202540740371 198.2824976295233 55.35919518023729 5.874330475926399 0 1.010639607906342 2.347497224807739
89.78075771778822 6496.583835095167 7546.626756303012 4.569363810122013 4.046274423599243 70.35216379910707 565.2001108527184 243.9054685980082 551.8433375880122 70.16493714600801 647.7904372662306 4.487267270684242 3851.785262867808 325.6115014180541 22.53382778912783 4004.357935383916 6174.395618006587 290.9096488505602 549.6252340003848 2.16545120626688 1534.120678260922 3836.686045788229 10731.74660496414 2321.628928095102 2163.618362113833 10621.64416824281 31020.33247990161 2460.746988117695 270.9127944409847 174.2170553505421 565.4455092251301 64.66770186275244 17.52635086327791 3876.66165587306 71.57206876575947 7673.22582244128 5664.044290497899 7506.882958948612 2652.493474654853 344.0881046876311 44.42385586351156 52.82876309752464 82.58555584400892 3.540916465222836 2652.216178052127 1676.070502199233 0.3052595034241676 0 4.190550483763218 58.02467968314886 12.3602175116539 10.11177099496126 8.405001722276211 228.7719175070524 3.667777672410011 1080.965636372566 40.14336963742971 0.3867653459310532 1112.192435845733 180.1653354987502 179.7409809157252 212.3731936067343 2.716214917600155 28.59328475594521 1041.329061105847 1731.258916467428 129.3062035292387 696.7982754781842 7191.861119002104 19773.15939864516 108.9962592497468 6.729664482176304 14.31781647354364 356.5462070032954 1.130908586084843 0.2589932680130005 80.89840902388096 31.19785951077938 384.7832467630506 596.1974657922983 458.3449981063604 154.6443756744266 14.43482472747564 1.169863887131214 10.23535706847906 7.169517561793327
313.2257996201515 37.25081174075603 855.7046614140272 4307.719727009535 9.095586992800236 650.4645070806146 15690.18508634716 381.9248894900084 1531.288858607411 5013.884485468268 23.90967963635921 462.4123109281063 1.938172228634357 352.5215736404061 142.3602999299765 2443.47045956552 143.5149039775133 11.06854481995106 22.8407878652215 3480.465207323432 3974.265134572983 580.6802040189505 5046.035689420998 6288.312675245106 17.9060565456748 130.7180350124836 2460.746988117695 15058.02270527929 1911.150039240718 8319.608140140772 2.154271796345711 27.28195165842772 704.4134494587779 962.4186351448298 34.70930368453264 5791.081315554678 546.7415886968374 2810.780189111829 1715.445031918585 597.2900240495801 144.311399012804 21.28323896229267 56.35981572419405 22.5103937536478 4.807365708053112 21.87750869244337 226.3550139740109 0.1231624409556389 30.89053731411695 755.7541658207774 15.99422607570887 449.8866561055183 325.9359873235226 6.784831780940294 114.4818719550967 0.1153659299015999 32.82545748353004 2.92626678943634 657.6835080906749 4.986319199204445 1.458438202738762 1.255134016275406 251.4966643080115 225.9344006478786 193.6586198583245 98.65781696885824 2505.664341852069 1.828399695456028 6.306155055761337 109.2455816194415 1566.276635207236 212.1679605469108 432.6464464999735 0 4.269675269722939 26.0771785825491 74.89455553144217 8.005351267755032 543.9180181026459 16.16589570790529 228.2606244161725 100.4752566665411 80.0521843880415 14.41751369088888 7.061441719532013 2.782981015741825
