1175.208822064102 0.4285620748996735 120.3243459016085 0.5923473313450813 0.386716865003109 7.4441799223423 479.9966936931014 1237.671420577914 12.74111909419298 13.80046655982733 19.65612632781267 2.419625036418438 0.7147513031959534 4543.189967215061 0 0.7503748312592506 77.5205399915576 4.708142012357712 23.55696377903223 2.249994687736034 20.91451172530651 2.980455584824085 68.84045422822237 43.87143890559673 0 16.71529006958008 22.20129572600126 76.69225877523422 3025.541803836823 2076.591450192034 0.1833958476781845 22.26338871568441 79.41907486319542 117.6305905655026 0.4805494546890259 22.64554007351398 7.666475683450699 68.91437106579542 12.1334020793438 0.9315234422683716 0 0.1021881997585297 0.357689768075943 0 0.2867383509874344 0 0.2299535498023033 0 0 1.979958690702915 0.6177777051925659 3.892514228820801 0.2250891476869583 0 0 0 0.07413723319768906 0 1.698625095188618 0.1003909558057785 0 0 0 0.9906486496329308 0 0.2152253985404968 13.41184472292662 1.811284303665161 0.1003099083900452 1.042227409780025 18.47380564361811 2.894913174211979 5.740211687982082 0 0.2211843878030777 0.1011113375425339 0.7600082457065582 0.4129388034343719 5.143257699906826 0 2.385947443544865 0.6683250367641449 0 0.2324104458093643 0 0
0.4285620748996735 83.71008410304785 80.35353638231754 1.12612172961235 0.3013000190258026 0.5253550782799721 5.157341428101063 1.228975094854832 318.4994790554047 1.007285363972187 38.78928535431623 0.2966942340135574 625.5166336148977 0.7062530145049095 10.18702733516693 68.9691921249032 344.9011746272445 2.783936038613319 48.15178832411766 0 8.374750867486 2647.879343174398 18.60640242695808 489.9031758606434 1274.952508635819 534.9941348433495 7921.000070750713 25.3336233869195 2.840902149677277 3.27589613199234 24.18357299268246 0 0.5693341344594955 111.8592270538211 0.1032058596611023 62.83815226703882 59.16121089458466 167.8959480673075 24.97009304910898 23.31865923851728 0.1537948846817017 181.3912642300129 0.273944616317749 0 79.28674342483282 77.35681460052729 0.433781772851944 0 0.1414859890937805 0.4991794005036354 0 0 0.4490023255348206 5.921079508960247 0 21.41508097201586 0.3609385341405869 0 5.379161678254604 12.50910114496946 0.9293516874313354 27.97084387391806 0 0.3459576740860939 12.37826583534479 8.154360987246037 8.044559881091118 21.77603643387556 359.9288200885057 1684.1966060251 1.640613570809364 0 1.000111140310764 8.945563919842243 0 0 4.006597585976124 0 12.98800051212311 7.306857109069824 13.70276088267565 4.619545228779316 0.6957683563232422 0 0.2711304873228073 0
120.3243459016085 80.35353638231754 6215.113465882838 1.393476001918316 0.9353871122002602 236.6987734436989 818.0075846910477 2521.802915491164 4.802930623292923 49.0058900937438 107.7870008796453 2.604852668941021 7.607223905622959 739.4195605516434 3.883162938058376 11.63007942587137 5182.868154153228 70.64475817233324 1001.305084660649 1.537047825753689 384.2524901926517 79.0456073358655 14595.35319104046 19.72027117758989 0.773753747344017 8414.112553350627 5835.042510069907 662.4579139649868 286.9673620089889 286.8294711112976 27.82639717310667 10.81351988017559 23.03589520603418 578.7481893002987 9.90930812060833 1538.064824648201 5415.668678484857 2121.607774801552 386.0215103402734 53.77814707905054 3.64987525343895 14.7487713098526 4.524032600224018 0.7349886670708656 220.4446162953973 909.7480207234621 0 0 0.5013725087046623 10.09138108789921 4.150191076099873 2.475345283746719 2.19000369310379 0.3204319179058075 0.284754641354084 0 3.186686649918556 0 21.24293278157711 129.4302628785372 1.062125518918037 6.502275504171848 0.1420539766550064 4.719329528510571 55.83656358718872 108.967856824398 17.53809656947851 0.5063014626502991 409.1972070261836 2995.163843810558 12.92511627823114 2.354842238128185 7.878828659653664 0.265003964304924 0.2281757891178131 0.869265116751194 27.99088360369205 2.924315840005875 104.621300317347 58.38264231383801 104.0060365572572 28.60797317326069 3.985621765255928 0.9765072017908096 0 0.4807699471712112
0.5923473313450813 1.12612172961235 1.393476001918316 3858.573430068791 0 132.1792349368334 7.721385054290295 33.05323608219624 950.6236901879311 2707.308584973216 6.160066202282906 2157.145123288035 0 16.7803333774209 23.47867611050606 0.1510533839464188 0 1.168129689991474 0.7577005177736282 3955.099123165011 0.2238078489899635 4.351146176457405 1.713644333183765 1484.124241665006 0.2235487774014473 2.298574097454548 6.082886233925819 3452.183331899345 70.65696655958891 0.458297498524189 0.08859544992446899 2.582542702555656 6.646217904984951 27.16738125681877 4.000402189791203 345.8501644581556 3.446249403059483 97.49992954730988 57.28109581768513 385.4852680936456 6.744067713618279 0.5151548609137535 1.353425785899162 0.8045009821653366 0.1379881799221039 0.4698004275560379 315.6735408678651 0.3463601171970367 6.431868836283684 27.43765158206224 6.928733445703983 91.24159791320562 219.8139348104596 0.3334570899605751 124.4336029365659 0 7.373010724782944 7.060963362455368 0.1263723522424698 0 0 0.2106963247060776 214.3655736744404 0 0.2248215898871422 0.09039623290300369 484.2034703418612 0 1.764329627156258 0.5814249068498611 343.8942352905869 14.58125494420528 4.332231678068638 0.1586262285709381 0.5530998930335045 1.931994833052158 3.116001062095165 0.3726089000701904 75.07361771166325 0.2339604794979095 24.43542825430632 5.218608438968658 225.4426108598709 3.517675153911114 0 0.3198704719543457
0.386716865003109 0.3013000190258026 0.9353871122002602 0 56.20626212656498 581.4971393048763 2.204726010560989 7.903403013944626 16.00827519595623 7.017444096505642 8.820400729775429 91.91495890170336 0.459673672914505 0.7985478788614273 728.0980809852481 0 0 0.578681543469429 0.5018320307135582 3.715966679155827 0 0.3650994598865509 0.3374807313084602 0.2418840825557709 0.195283904671669 0.22011349350214 0.7625858038663864 1.269186556339264 6.645301684737206 0.3492466658353806 0.09727953374385834 358.5187971293926 0 61.14010149240494 0.9949539601802826 41.30105143040419 1.985204979777336 87.54628123342991 91.73778764158487 1100.119316250086 63.04360707104206 10.89697366952896 0.4536602795124054 0 0 0 0.3346726149320602 0 0 0 0 0 0.1226162016391754 0 0 0.09257280826568604 0.7515152469277382 0 0 0 0 0 0 0 0 0 0 0 0 0 0.45350581407547 0 0.7465537190437317 0 0 0 0 0 3.329213917255402 0 0.4019062519073486 0 0 0.2628918588161469 0 0
7.4441799223423 0.5253550782799721 236.6987734436989 132.1792349368334 581.4971393048763 9615.795789726079 3104.122285239398 3286.917251519859 32.2418215572834 7896.969021402299 299.9919450581074 3686.218166217208 13.80124490708113 202.2274027094245 1536.387400396168 7.69792528450489 19.62913843989372 56.75267839431763 31.93432796746492 346.9591695591807 47.93153651058674 3.24652873724699 91.29393503069878 322.4253223910928 1.557553559541702 90.81889349967241 59.42739440500736 1094.789189986885 349.6808067858219 69.26558899879456 8.401570089161396 424.4982095360756 9.840093836188316 436.8119088560343 5.073703527450562 358.6036401838064 32.99097266048193 679.3783854097128 292.9414946362376 2008.620381481946 122.2942627519369 23.68006949871778 3.382045663893223 0.2899450585246086 1.317825503647327 1.483580499887466 7.517756313085556 0 0.9617932438850403 8.60195817053318 1.667880088090897 7.768993608653545 14.5170227214694 0.08989430218935013 47.44533204287291 0.7332671210169792 1.550025574862957 1.119907170534134 5.995001807808876 0.3238516971468925 0 0 9.799042195081711 1.152858853340149 1.117281258106232 5.308553352952003 57.37032366544008 0 2.435138538479805 9.070352852344513 39.87751443684101 6.303719691932201 3.553899772465229 0.428131103515625 0 0.6277468353509903 1.515435822308064 0.2961894571781158 11.12096700072289 0.2540157735347748 5.790047712624073 3.428058035671711 6.209864668548107 0.8420308828353882 0.9718901365995407 0.09289314597845078
479.9966936931014 5.157341428101063 818.0075846910477 7.721385054290295 2.204726010560989 3104.122285239398 6417.869223687798 7718.984441764653 261.8349405303597 3441.603106766939 102.8008000031114 18.76769817620516 4.117274738848209 6038.675625555217 15.27297935634851 54.69025784730911 57.49560391902924 23.26075818389654 30.11124673485756 33.60092815756798 913.134045034647 24.02246586978436 1543.21011223644 2316.57691174373 0.3020224645733833 112.6045302227139 447.6478451192379 19682.8322635293 1630.33514393121 1669.535231076181 3.824678234755993 39.84333571791649 346.1869953274727 577.6699980795383 70.58709716051817 3662.855547279119 131.7113656103611 1640.247378304601 796.5152352675796 648.3006732687354 67.18352197110653 7.400514110922813 23.14563203603029 3.595179677009583 3.048121586441994 8.198189154267311 14.36373752355576 0.4914951026439667 7.214949212968349 84.68118959665298 11.80638971924782 56.64157968759537 39.75212238729 0.6535160467028618 31.32261650264263 3.629485547542572 16.36700785905123 0.2069358974695206 38.47533605992794 0.7237255573272705 0.1588227301836014 0.6394783928990364 36.97683837264776 10.95078819990158 10.18764901161194 19.76788724958897 372.5890935063362 9.60958057641983 9.65214417129755 51.95004071295261 436.9491741582751 83.04172083735466 82.5031830072403 0.140476405620575 1.945287235081196 11.54999107122421 23.76904135942459 9.344867490231991 130.6087257564068 1.612686701118946 76.02103341370821 33.58422990143299 70.65372982621193 11.75866256654263 3.878852605819702 3.004526384174824
1237.671420577914 1.228975094854832 2521.802915491164 33.05323608219624 7.903403013944626 3286.917251519859 7718.984441764653 14132.53099157661 15.02035966515541 4528.791541405022 259.4302903041244 492.3115831762552 10.86086930334568 6323.923236459494 128.5509841069579 9.519089162349701 408.7390171028674 40.47440576553345 156.2273874878883 234.0361875034869 224.9481345638633 4.204419873654842 769.8083878681064 121.9884750619531 3.004892699420452 257.6273693144321 247.3454916477203 534.7742204368114 640.6720352806151 2966.601792473346 4.476401053369045 96.23954037204385 6.932936437427998 423.4710858091712 7.921896643936634 479.810579419136 118.5706672370434 571.7625254020095 386.4776462242007 535.5165428966284 33.70652265101671 26.83066164702177 5.501066774129868 0.186122290790081 3.151828579604626 6.39638838917017 2.097226925194263 0 1.051724277436733 8.393439166247845 0.8296096697449684 5.955605484545231 3.00303066521883 0.07213416695594788 5.67662949860096 0.2299632206559181 0.9895766563713551 0 14.23464737832546 0.6908981055021286 0 0.20763248950243 2.32607363909483 1.142706349492073 3.274001441895962 8.576271861791611 42.08883590251207 0 6.834084123373032 35.46683073788881 43.86363845691085 8.543910790234804 6.336429070681334 0 0.1517666280269623 1.821987733244896 2.305144093930721 1.839852452278137 11.90592849999666 0.2567877098917961 6.945296362042427 6.999159216880798 3.474244147539139 0.9947761595249176 0.4823646694421768 0.2991362735629082
12.74111909419298 318.4994790554047 4.802930623292923 950.6236901879311 16.00827519595623 32.2418215572834 261.8349405303597 15.02035966515541 566.518142811954 170.2251744493842 7.502704501152039 198.707406565547 60.77570459246635 10.82350772619247 652.9671895802021 32.36772686243057 2.399352252483368 1.45271135866642 0.7024829909205437 449.0216265320778 10.55923479050398 2311.1805427894 6.906533040106297 9074.496437564492 67.778021723032 25.12690836936235 467.1818072497845 1258.342344462872 77.00295067578554 132.5430784448981 3.621093280613422 0.6331354379653931 17.22489698976278 23.64948365092278 4.048923909664154 217.1605700477958 12.06709133833647 42.2557071596384 26.52755635231733 291.3413940966129 3.089362293481827 13.50885615497828 1.39150182902813 3.304974995553493 3.558109112083912 0.7765338346362114 125.5768688470125 0.2034975290298462 3.832602575421333 61.00782082229853 6.811411492526531 42.86598479002714 53.93994938582182 1.806736044585705 21.63080005347729 3.032018154859543 11.11057031899691 1.014636278152466 16.35901299864054 0.217353880405426 0.3797237649559975 0.2497655302286148 32.58854006230831 10.15058697760105 13.39039324969053 2.180623807013035 981.3192816153169 1.830293610692024 4.629538409411907 9.142731502652168 428.3212174475193 81.7446154281497 73.83657647669315 1.147381253540516 0.6587682962417603 15.13128810375929 18.14379293471575 8.557066604495049 90.62891522049904 1.679058037698269 57.29230180382729 26.12039516866207 43.6537354439497 7.41893819719553 0.125788077712059 0.6853024661540985
13.80046655982733 1.007285363972187 49.0058900937438 2707.308584973216 7.017444096505642 7896.969021402299 3441.603106766939 4528.791541405022 170.2251744493842 21584.08584218472 243.6465853303671 2936.570685580373 8.743878819048405 619.0797884203494 25.93916530907154 8.596622712910175 12.84944058209658 59.29100406914949 35.08261723071337 2846.478240132332 21.24933490902185 3.674179166555405 53.49744392931461 689.6442278698087 0.8368438258767128 74.57721039652824 67.45473320037127 6896.18549580127 1106.047541178763 30.53145483136177 6.96690122038126 75.0769282579422 33.50131833553314 507.1438518837094 31.116739615798 2004.564008258283 39.06013910472393 1618.942399002612 590.2944571077824 319.8312334567308 125.8144453391433 12.05423296242952 24.48114395141602 2.495658293366432 1.069013252854347 2.418933004140854 160.6062712669373 0 10.07155483216047 98.24779352545738 11.09584813565016 81.10213878005743 263.4185081869364 0.5865361467003822 138.7725491523743 0.2094814628362656 17.54853182286024 5.775819145143032 4.460867129266262 0 0.3528487980365753 0.1800866350531578 210.4553075581789 2.90041683614254 1.344004511833191 0.9232896417379379 622.0860734954476 0 1.684512600302696 4.596723288297653 534.8117626532912 41.25043984502554 8.287751652300358 0 1.424761317670345 5.444056123495102 13.97477886080742 3.679708674550056 81.10587137937546 0.09824156761169434 57.87071365118027 18.2469502016902 165.3650077208877 16.43640297651291 0.2464202344417572 0.24088354408741
19.65612632781267 38.78928535431623 107.7870008796453 6.160066202282906 8.820400729775429 299.9919450581074 102.8008000031114 259.4302903041244 7.502704501152039 243.6465853303671 8577.528124704957 144.1598238125443 617.5135840326548 105.0478018149734 1.574035279452801 4.449800275266171 651.6619816869497 2607.578879341483 1192.204136155546 70.75608786195517 66.10355186462402 20.25653313845396 117.4138085618615 21.14718222618103 179.7711280211806 1442.629937425256 726.1993266567588 39.28921468555927 363.0902798697352 72.08107585459948 216.8363589420915 153.6630892530084 14.20386200398207 7874.653993662447 4.060253664851189 552.6677377596498 2866.018153898418 5225.821035541594 770.9161116778851 33.49630017578602 9.724435664713383 547.9867039620876 1.888886831700802 0.1887604296207428 11.48274851590395 2.644192069768906 0.8926450461149216 0 0 2.547473475337029 0.107285812497139 0.7793530747294426 1.278327375650406 277.1731249839067 2.732231691479683 952.8536449372768 0.7170549929141998 0.4470781683921814 2.357199050486088 0.3431100621819496 3.890954039990902 1.516947165131569 0.8073277771472931 0.1274591684341431 1.078843392431736 0.9158397316932678 12.31851623952389 93.57530631124973 64.94791579991579 204.3870565071702 11.28907470405102 2.040805168449879 2.689963214099407 103.7431646585464 0.3701661676168442 0.4025766029953957 4.336125865578651 2.801953732967377 4.454740159213543 210.8430358022451 50.65628615021706 4.906868226826191 0.6901271790266037 0.6616276800632477 67.11953426152468 0
2.419625036418438 0.2966942340135574 2.604852668941021 2157.145123288035 91.91495890170336 3686.218166217208 18.76769817620516 492.3115831762552 198.707406565547 2936.570685580373 144.1598238125443 4846.808704994619 6.149774931371212 108.0141308680177 2175.087677404284 0.08515182882547379 3.3544827029109 28.44978431612253 16.58430431038141 3902.48146571219 0.5409169942140579 4.424752123653889 1.15151459723711 193.0944298505783 0.935139998793602 33.89193738251925 15.44887708127499 183.8437980785966 209.3096849694848 1.261053934693336 3.038647279143333 40.09891594201326 0.3539223000407219 222.7453827187419 2.885005950927734 1018.843944720924 8.849891968071461 556.4796217679977 99.81783744692802 2972.23675147444 45.72352423518896 4.177316337823868 3.548466451466084 0 0.1572314947843552 0.170657180249691 122.6692745238543 0.1021307483315468 38.60317016392946 14.88726515322924 6.137851230800152 29.41634610295296 110.6307375431061 0.6253915652632713 173.5966701135039 0.1553484424948692 5.342093020677567 8.670096665620804 0 0 0.1692231371998787 0.09284929931163788 100.9820296242833 0 0 0 175.8333743661642 0 0.2435976266860962 0.6150427311658859 136.6171397864819 7.120925016701221 0.9370488822460175 0.1741120517253876 0.8257959485054016 1.089083343744278 2.356545940041542 0.7851068377494812 72.90421135723591 0.1075742691755295 16.91741205006838 3.527120403945446 255.4431546404958 5.496821261942387 0.1143091693520546 0.1083644852042198
0.7147513031959534 625.5166336148977 7.607223905622959 0 0.459673672914505 13.80124490708113 4.117274738848209 10.86086930334568 60.77570459246635 8.743878819048405 617.5135840326548 6.149774931371212 2803.036800526083 2.462845481932163 4.554772384464741 4.136813975870609 2.550752811133862 35.78009001165628 11.4667893871665 2.780543513596058 0.6067919507622719 280.0420048162341 1.552681490778923 59.69563318043947 2771.380319811404 335.9456436559558 4636.646729305387 4.826629251241684 4.94556225836277 1.450972616672516 478.1735532805324 4.146709188818932 0 1206.267759151757 3.062721654772758 371.1726842969656 3181.824713870883 1363.724131703377 365.1532143354416 16.38858771324158 4.953095592558384 870.4353689029813 2.127184726297855 0 164.8432569727302 0.287801705300808 0 0 0.1789867654442787 0.08985945582389832 0.6139315664768219 0.1896828562021255 0 674.5453649908304 0.2521348148584366 2463.585753269494 0.6479779183864594 0 0.2108092531561852 0.2970560565590858 10.20593527704477 3.611015133559704 0 0 0.7654942497611046 0 1.152249075472355 987.0024748072028 373.6860653087497 1170.677327238023 0.6086542308330536 0.6420570388436317 0.3149838000535965 525.3997671306133 1.046319469809532 0 7.317347623407841 7.998403206467628 29.31964721530676 332.8166013434529 58.0661306604743 20.83464216440916 0.2053891569375992 3.372806012630463 140.009054556489 0.1601312756538391
4543.189967215061 0.7062530145049095 739.4195605516434 16.7803333774209 0.7985478788614273 202.2274027094245 6038.675625555217 6323.923236459494 10.82350772619247 619.0797884203494 105.0478018149734 108.0141308680177 2.462845481932163 8530.533563364297 1.079528473317623 2.121487997472286 259.4856754094362 20.16306079924107 92.1745233759284 79.59220839291811 61.43095401674509 2.032066568732262 311.140206925571 78.82790595665574 0.4284232780337334 82.56580071151257 98.35916126519442 249.3722581602633 3398.597725417465 3274.13712727651 1.662944503128529 247.8239293396473 9.934018529951572 321.5603296011686 1.539150387048721 111.4363318607211 30.07079539448023 320.5975918024778 51.3944493457675 83.20363515615463 8.775448128581047 2.492708764970303 0.6992053389549255 0.08356162160634995 0.2522231265902519 1.305684387683868 0.1146016791462898 0 0.239256925880909 3.47645328938961 0.4143379181623459 3.555884122848511 1.094957232475281 0 2.275718457996845 0 0.0747479572892189 0 1.408894501626492 0.220695436000824 0 0.4493775367736816 1.252219721674919 0.6938534379005432 1.208987019956112 1.972002118825912 18.41410236433148 0 1.122495375573635 6.93886610865593 21.6543100848794 3.130184911191463 6.7332823574543 0 0 0.3465011790394783 0.6562895327806473 0.1293070763349533 3.308523617684841 0.674626000225544 2.610735140740871 0.6600126326084137 0.2683339864015579 0.3055997490882874 0 0
0 10.18702733516693 3.883162938058376 23.47867611050606 728.0980809852481 1536.387400396168 15.27297935634851 128.5509841069579 652.9671895802021 25.93916530907154 1.574035279452801 2175.087677404284 4.554772384464741 1.079528473317623 359.3146906942129 0 0.3484395667910576 0.190399095416069 0.2158088758587837 158.4116286933422 0.1181498765945435 110.4706261008978 1.99473775178194 291.0898251831532 5.628611460328102 1.235694713890553 23.14260242134333 23.37740000337362 11.05385977774858 1.21809908747673 0.1816048473119736 153.594814941287 0.468939483165741 5.740894421935081 5.191999912261963 724.6099306493998 18.17202180624008 11.49486881494522 6.390428982675076 2342.838475681841 38.22527684271336 24.32140907645226 0.5028133392333984 0 0.2838521897792816 0 22.17283957451582 0 0 2.703848838806152 0.7490438222885132 8.059309765696526 18.78389662504196 0 21.54769843816757 0 0 2.909081444144249 0.5178766250610352 0 0 0 17.44046818464994 1.305222183465958 1.077893599867821 0 35.74098891019821 0 0.4351130872964859 0 24.17585851252079 0.497612364590168 1.006052896380424 0 0 0 0 0 27.51760321855545 0.2784076333045959 2.069392383098602 0.247830331325531 75.57970726490021 0.196803405880928 0.808012068271637 0
0.7503748312592506 68.9691921249032 11.63007942587137 0.1510533839464188 0 7.69792528450489 54.69025784730911 9.519089162349701 32.36772686243057 8.596622712910175 4.449800275266171 0.08515182882547379 4.136813975870609 2.121487997472286 0 4592.697772495449 19.86114735901356 1.471314929425716 3.426445223391056 0.181519478559494 3388.451370164752 3778.707087799907 3365.197697125375 1631.812391653657 4.865289680659771 11.777967043221 4065.612613156438 1159.994448117912 3.101030848920345 56.17085656523705 0.7312312796711922 0.110061451792717 0.9826461151242256 79.6061564385891 14.35259246826172 1411.59935760498 724.2640448883176 513.9328878596425 500.6255493462086 19.69331967830658 3.691606663167477 20.32331611216068 8.073698684573174 1.461338736116886 18.52588766813278 32.3643154874444 1.056550443172455 0 6.577167518436909 57.21447040885687 9.756270028650761 50.10843180865049 16.26882467418909 0.1755472347140312 0.2827995270490646 8.86659100651741 7.033157832920551 0.3280537277460098 4650.200690537691 4.798143796622753 0.2209398150444031 0.207724966108799 0.8835374712944031 423.889122992754 1418.200825534761 1386.709079161286 702.6242310032248 19.27913907915354 13.89938748627901 913.2990376129746 423.8821917027235 35.72191575169563 198.5485802963376 0 0.5730948746204376 7.198590733110905 12.48658818006516 2.960530638694763 102.7796887308359 8.288063436746597 39.19728707522154 30.8511221408844 3.714302085340023 1.240695714950562 2.222362160682678 0
77.5205399915576 344.9011746272445 5182.868154153228 0 0 19.62913843989372 57.49560391902924 408.7390171028674 2.399352252483368 12.84944058209658 651.6619816869497 3.3544827029109 2.550752811133862 259.4856754094362 0.3484395667910576 19.86114735901356 1495.020782448351 336.8146834895015 2412.133359469473 1.678829692304134 156.4838514700532 63.89989869296551 2854.527489230037 27.13045018911362 16.04129428416491 2784.44982368499 6899.114212729037 70.91534757614136 360.9654329270124 464.5920760855079 1.136240065097809 9.578641623258591 32.54461434483528 800.8161293193698 3.427345767617226 419.8453214764595 2351.847893811762 609.1711808890104 163.3590908944607 7.572666376829147 0.6970930248498917 3.363343559205532 1.021854564547539 0.1209832206368446 52.52418400347233 87.61804672330618 0 0 0 1.906401209533215 0.5977523252367973 0 0.1713874340057373 0 0 0.5206808298826218 0.3174130618572235 0 3.12383309751749 15.38519841432571 0.8985130786895752 6.263646341860294 0 0.7145847678184509 14.73202477395535 11.72604081779718 5.613072477281094 0.3657259792089462 337.4848528802395 523.8020101413131 3.428008139133453 0.6874995082616806 2.051366910338402 0.1162127628922462 0 0 1.915434166789055 0 10.97814102470875 6.529791668057442 10.28025951981544 3.59404943883419 0.5275762677192688 0 0 0
4.708142012357712 2.783936038613319 70.64475817233324 1.168129689991474 0.578681543469429 56.75267839431763 23.26075818389654 40.47440576553345 1.45271135866642 59.29100406914949 2607.578879341483 28.44978431612253 35.78009001165628 20.16306079924107 0.190399095416069 1.471314929425716 336.8146834895015 72.83929628878832 1565.298543252051 16.53222778439522 12.53980113565922 2.034062080085278 33.71078955382109 2.510542653501034 3.276982955634594 1296.482722558081 485.5173766687512 9.594501554965973 47.2511064261198 15.27105269581079 29.2233198210597 14.75050027668476 2.35320445895195 823.703869856894 3.80258272588253 604.9304770156741 876.8941919878125 1690.832524225116 431.8828874826431 13.76819494366646 0.561690978705883 33.0318022146821 1.119127251207829 0 2.191314853727818 0.7239260450005531 0.1754249185323715 0 0 1.290135107934475 0 0.1791874617338181 0.3056026101112366 12.03374233096838 0.0857093557715416 46.14162559062243 0.08278906345367432 0 0.2172011882066727 0.08876968175172806 1.861696846783161 2.185851536691189 0.5279940664768219 0 0 0 1.740294300019741 3.318472854793072 64.96819925308228 97.19902553409338 2.463032372295856 0 0.181793786585331 27.58887789398432 0 0 0.0744929164648056 0.7649320513010025 0.4948050975799561 17.62106487154961 0.7188885360956192 0.3121151030063629 0.2100711613893509 0 0.5143823549151421 0
23.55696377903223 48.15178832411766 1001.305084660649 0.7577005177736282 0.5018320307135582 31.93432796746492 30.11124673485756 156.2273874878883 0.7024829909205437 35.08261723071337 1192.204136155546 16.58430431038141 11.4667893871665 92.1745233759284 0.2158088758587837 3.426445223391056 2412.133359469473 1565.298543252051 1169.054521650076 10.61679943650961 65.04520716518164 5.112326487898827 512.3274221196771 4.38902373611927 0.8820250406861305 3364.524737365544 939.7977197468281 17.05778897553682 183.3642388470471 83.99821744114161 13.92426401376724 15.44698092341423 22.62443342804909 1914.201121203601 3.902517057955265 894.6508915573359 796.5877953693271 1671.142627291381 585.9330628216267 13.28803607076406 1.279551669955254 2.572899468243122 1.873569890856743 0 11.02171061187983 4.035132296383381 0.1146551594138145 0 0 0.4417367577552795 0 0.2650562971830368 0.2533123195171356 1.187002904713154 0.1005951538681984 5.512396261096001 0 0 1.554959394037724 1.822585433721542 1.039737768471241 23.43454357236624 0 0.7986533790826797 0.5449497625231743 0.8910869061946869 3.353575021028519 0.5633053481578827 146.6248864009976 152.6915852352977 1.441168606281281 0.2327896878123283 0.6687980517745018 5.632767826318741 0 0 0.5668511018157005 1.558660551905632 2.207517176866531 10.13989112526178 1.222932510077953 0.5440552234649658 0.1510004103183746 0 0 0
2.249994687736034 0 1.537047825753689 3955.099123165011 3.715966679155827 346.9591695591807 33.60092815756798 234.0361875034869 449.0216265320778 2846.478240132332 70.75608786195517 3902.48146571219 2.780543513596058 79.59220839291811 158.4116286933422 0.181519478559494 1.678829692304134 16.53222778439522 10.61679943650961 680.1857956051826 0.3401299566030502 1.053526163101196 0.988154910504818 255.728740811348 0.1965087428689003 16.85549120604992 10.04976684600115 763.2000100836158 195.7425475716591 2.033584229648113 1.696516029536724 18.58331704139709 2.744892619550228 123.0724332630634 7.673035651445389 798.4257566034794 7.70485956966877 402.6244828253984 134.0561874434352 818.1120312511921 38.76233492046595 3.156369589269161 7.767543084919453 3.131334327161312 0 0.3591574132442474 273.121952444315 0 7.832679517567158 82.05904956161976 18.20308074355125 82.55440068244934 322.8641604855657 1.425833232700825 187.6719467937946 0.3015341982245445 13.49919684976339 13.49828347563744 0.7438364624977112 0.3439266383647919 1.157971493899822 0.2350663095712662 276.8121465072036 0 0.2306553572416306 0.09986224770545959 734.8067558780313 3.294928550720215 0.1749378517270088 0.7676510661840439 597.0422618091106 29.80497569590807 9.95624341070652 0 0.2411571592092514 3.389351651072502 8.677103869616985 1.328619971871376 88.4192478582263 0.4013882726430893 51.87284224480391 12.7329937517643 341.4827221333981 9.943245977163315 0.09772917628288269 0.4680878669023514
20.91451172530651 8.374750867486 384.2524901926517 0.2238078489899635 0 47.93153651058674 913.134045034647 224.9481345638633 10.55923479050398 21.24933490902185 66.10355186462402 0.5409169942140579 0.6067919507622719 61.43095401674509 0.1181498765945435 3388.451370164752 156.4838514700532 12.53980113565922 65.04520716518164 0.3401299566030502 12212.13946996629 369.7043101042509 10201.72368197888 196.5557565763593 0.8593157529830933 20.27595044672489 1289.829172588885 4272.228900723159 114.1348160654306 6895.071083836257 0.4427337571978569 1.450623743236065 28.58361414074898 2556.241356320679 120.2711381316185 6693.119165293872 1621.584099493921 6221.800072915852 3432.901989817619 60.93101734668016 7.969589591026306 16.08483771234751 33.62102570384741 1.854863852262497 2.026378929615021 3.517669320106506 0 0 0.9044608101248741 23.70878455042839 0.6153901070356369 20.84430681169033 3.163033209741116 0.2059860080480576 0.09472589194774628 6.064170181751251 1.357518814504147 0.09974034130573273 848.0613746717572 1.41214607656002 0 1.290890961885452 0 313.4297716617584 138.988115824759 125.4232779219747 403.173690289259 10.56268117576838 1.630805395543575 40.60119742155075 268.3851571530104 33.85540892928839 183.6510921865702 0.1026603430509567 0 7.949097611010075 10.85303790122271 2.968287840485573 54.492292791605 4.002261944115162 16.10755935311317 8.548490256071091 3.259777560830116 0.1993925645947456 4.044275164604187 0
2.980455584824085 2647.879343174398 79.0456073358655 4.351146176457405 0.3650994598865509 3.24652873724699 24.02246586978436 4.204419873654842 2311.1805427894 3.674179166555405 20.25653313845396 4.424752123653889 280.0420048162341 2.032066568732262 110.4706261008978 3778.707087799907 63.89989869296551 2.034062080085278 5.112326487898827 1.053526163101196 369.7043101042509 1673.051894687116 285.1161096468568 5550.428948670626 540.7172390818596 81.12355424463749 6718.488578982651 348.6633979007602 23.32971486449242 59.55655039846897 16.66042471677065 0 8.861295573413372 57.24494449794292 0.9748167395591736 109.8775845319033 46.08357559144497 93.87990043312311 24.13792134076357 146.5412965267897 0.1219839826226234 60.79919895529747 0.268879771232605 0.7744891345500946 52.8750671967864 47.17162362486124 4.420792490243912 0 1.630650445818901 14.9802820160985 1.814673662185669 17.95958231389523 4.624269351363182 3.763559877872467 0 10.50205574929714 2.385869212448597 0.6098089516162872 1347.05595934391 6.244521975517273 0.2052113562822342 0.7092833369970322 0 79.79002175480127 182.2689331397414 200.1193596050143 329.1347954571247 5.985051453113556 41.58033991605043 1238.420403316617 117.3042199984193 11.34333434700966 35.50073248147964 3.616730026900768 0.08438467234373093 1.305639937520027 6.255814574658871 0.6686108857393265 25.44453474879265 6.300688222050667 15.19424902647734 12.67492131888866 0.8845015168190002 0.2877059578895569 0.2886298894882202 1.197005786001682
68.84045422822237 18.60640242695808 14595.35319104046 1.713644333183765 0.3374807313084602 91.29393503069878 1543.21011223644 769.8083878681064 6.906533040106297 53.49744392931461 117.4138085618615 1.15151459723711 1.552681490778923 311.140206925571 1.99473775178194 3365.197697125375 2854.527489230037 33.71078955382109 512.3274221196771 0.988154910504818 10201.72368197888 285.1161096468568 20538.70308177918 247.7159639671445 0.9853319972753525 1026.848319597542 11462.01682770997 3747.802052132785 300.2303064614534 3952.730887830257 4.48583023250103 4.884928591549397 26.81452465802431 2294.991241112351 153.1004371196032 9679.456512443721 6564.613340094686 8880.459090992808 7659.433826066554 248.3134734034538 19.1805374994874 26.65937764942646 51.0094295591116 1.143469728529453 14.38706088066101 171.1447103023529 0.2685723304748535 0 3.237957045435905 33.15553790330887 9.467342928051949 5.71390089392662 8.348307423293591 0.07757158577442169 0.9093418717384338 1.759878873825073 5.047382861375809 0.07727981358766556 2353.785558208823 13.0343479141593 0 0.5856354534626007 0.2242324501276016 142.5604938417673 440.5821808800101 949.955832824111 177.2274600416422 1.648854538798332 47.34878347069025 1449.035395272076 118.9650060161948 9.531689450144768 44.81059084832668 0.07826211303472519 0.08502735197544098 1.858254440128803 8.477648571133614 1.654007315635681 58.91184118390083 16.07515922933817 35.99736340343952 20.3750933483243 4.524785816669464 2.209743410348892 5.733457371592522 0.2741499394178391
43.87143890559673 489.9031758606434 19.72027117758989 1484.124241665006 0.2418840825557709 322.4253223910928 2316.57691174373 121.9884750619531 9074.496437564492 689.6442278698087 21.14718222618103 193.0944298505783 59.69563318043947 78.82790595665574 291.0898251831532 1631.812391653657 27.13045018911362 2.510542653501034 4.38902373611927 255.728740811348 196.5557565763593 5550.428948670626 247.7159639671445 8306.093117624521 80.3787569180131 37.10501193255186 2244.998467594385 5651.145172882825 517.7582211270928 262.8725681006908 4.393013842403889 6.039504282176495 166.8346184715629 219.8269917890429 35.48132768273354 1853.836806345731 122.4788576960564 501.2189518362284 302.2394529283047 320.1280150189996 19.21733940392733 23.81387388706207 11.17822098731995 21.3879751265049 23.21512925624847 18.57934940606356 350.0947717800736 0.650331050157547 34.11779054254293 382.1807491779327 57.70546715706587 787.480714134872 439.7598837092519 6.546484746038914 190.5586286559701 12.52583584189415 72.11418318748474 6.903182171285152 271.9152925312519 4.830509968101978 2.532762974500656 2.442136131227016 312.002013579011 150.8185698986053 150.6422813236713 41.60388559103012 3449.648518629372 24.21606494486332 23.14709356427193 112.4046062380075 2774.457072999328 442.0108720585704 506.4684650525451 1.459881171584129 5.018464557826519 75.04041361063719 115.1160398200154 40.42497774958611 551.2009007558227 7.279537506401539 402.6051891744137 123.4419365376234 351.6515805125237 62.33408224582672 6.165160343050957 5.874663271009922
0 1274.952508635819 0.773753747344017 0.2235487774014473 0.195283904671669 1.557553559541702 0.3020224645733833 3.004892699420452 67.778021723032 0.8368438258767128 179.7711280211806 0.935139998793602 2771.380319811404 0.4284232780337334 5.628611460328102 4.865289680659771 16.04129428416491 3.276982955634594 0.8820250406861305 0.1965087428689003 0.8593157529830933 540.7172390818596 0.9853319972753525 80.3787569180131 660.6571222767234 128.0379784479737 4235.834589593112 4.190832786262035 0.8904194384813309 2.123998478055 50.99075787514448 0.2756970822811127 0 693.496290884912 1.321444034576416 190.7126812562346 679.0596632584929 430.5088668167591 130.5012929216027 3.246790058910847 11.18181227147579 988.8979680240154 1.890640139579773 0 63.81407129019499 0 0 0 0 0.3211602866649628 0 0 0 167.0273945182562 0 558.4055552259088 0.1915712952613831 0 0.0952729731798172 0 1.107940882444382 8.137472040951252 0 0 0.9098272025585175 0 0.2091314569115639 191.3654083311558 90.35716623067856 403.6579096317291 0.1583917140960693 0 0.2886679247021675 42.1663304567337 0.1674095690250397 0 3.122617855668068 2.721566200256348 3.514884427189827 77.48619582504034 67.7655131816864 4.400509178638458 0 0.1730703860521317 57.47898153960705 0
16.71529006958008 534.9941348433495 8414.112553350627 2.298574097454548 0.22011349350214 90.81889349967241 112.6045302227139 257.6273693144321 25.12690836936235 74.57721039652824 1442.629937425256 33.89193738251925 335.9456436559558 82.56580071151257 1.235694713890553 11.777967043221 2784.44982368499 1296.482722558081 3364.524737365544 16.85549120604992 20.27595044672489 81.12355424463749 1026.848319597542 37.10501193255186 128.0379784479737 18095.2002043277 10195.90100128204 45.25204983353615 78.86644869297743 31.01592148840427 749.3587388917804 17.22866259515285 3.777351312339306 959.2956933230162 13.74802512675524 2469.820389635861 6111.347579479218 3050.734153494239 1047.506755404174 42.3053306043148 1.855814181268215 93.16004902869463 4.880040943622589 0.1829691827297211 568.604386754334 75.19417051225901 0 0 0.1013755723834038 2.650079168379307 2.140092253684998 0.5538152083754539 0.5476489514112473 95.94060458987951 0.2676784098148346 388.3197877854109 1.863566599786282 0.1271325498819351 3.833414383232594 31.12636537849903 47.62026301771402 562.4135894551873 0.2789150774478912 0.389347568154335 4.727457769215107 3.48072361946106 5.883941106498241 46.92398415505886 4509.502416752279 5330.712147518992 4.063997946679592 1.029771834611893 1.523814424872398 291.7715719416738 0.5000034496188164 0.3242036998271942 9.276290640234947 2.728735581040382 30.9395475462079 211.8994357958436 28.98421492427588 10.84671001881361 1.775077953934669 0 2.400060139596462 0.1348566561937332
22.20129572600126 7921.000070750713 5835.042510069907 6.082886233925819 0.7625858038663864 59.42739440500736 447.6478451192379 247.3454916477203 467.1818072497845 67.45473320037127 726.1993266567588 15.44887708127499 4636.646729305387 98.35916126519442 23.14260242134333 4065.612613156438 6899.114212729037 485.5173766687512 939.7977197468281 10.04976684600115 1289.829172588885 6718.488578982651 11462.01682770997 2244.998467594385 4235.834589593112 10195.90100128204 26015.26128651947 2076.584144107997 150.2436056658626 79.28853865712881 622.0816947594285 16.63787165284157 14.75488713383675 2413.132824510336 52.38443008810282 6298.281889639795 4112.230123758316 8760.981243945658 2058.708971150219 199.4312699139118 6.784946665167809 106.7365294992924 25.60892644524574 2.109738148748875 3746.105732232332 1963.864669688046 0.5432754009962082 0 6.435366354882717 55.71425679326057 17.13297293335199 12.10024453699589 12.01700954139233 118.9047338888049 0.7191798388957977 520.3901722282171 12.46136701107025 0 1112.354430906475 256.7974387928843 50.53892277181149 395.6528980433941 1.414774358272552 35.74696301668882 1023.155275508761 1005.069383479655 119.0735848769546 333.6985175311565 5956.259368315339 18335.32752723247 94.6025014296174 7.657520271837711 36.3515560477972 424.3495857641101 0.4530179873108864 1.757398195564747 59.37084902822971 10.61184082180262 271.8221321776509 298.5799560695887 266.2513963058591 77.94050926715136 10.68640529364347 0.4938960373401642 5.830610491335392 1.258149638772011
76.69225877523422 25.3336233869195 662.4579139649868 3452.183331899345 1.269186556339264 1094.789189986885 19682.8322635293 534.7742204368114 1258.342344462872 6896.18549580127 39.28921468555927 183.8437980785966 4.826629251241684 249.3722581602633 23.37740000337362 1159.994448117912 70.91534757614136 9.594501554965973 17.05778897553682 763.2000100836158 4272.228900723159 348.6633979007602 3747.802052132785 5651.145172882825 4.190832786262035 45.25204983353615 2076.584144107997 12271.4461414367 1130.106267400086 7600.060727037489 0.7824566215276718 17.36713822931051 346.1483539789915 947.2501418888569 81.57266064733267 4779.535476066172 312.6202311217785 1807.614756315947 997.103723526001 284.016618900001 41.52978566288948 22.86972239613533 26.10697890073061 19.58421028405428 7.041039325296879 15.99976173788309 217.5701645463705 0.2042136639356613 28.75378210097551 363.5412126332521 44.98829510807991 326.6590145751834 330.9082101285458 4.660487629473209 152.5949388667941 15.23143691569567 61.06711749732494 3.608436919748783 252.845638692379 2.953782558441162 0.9424811340868473 1.187721289694309 245.1240177154541 151.3901251703501 64.01696714013815 40.49359774589539 2264.555689387023 30.67908288538456 9.321370080113411 94.34803172200918 2151.617763224989 365.8690449632704 548.7942417487502 0.07812859117984772 6.789562247693539 66.3774491250515 97.38923793286085 33.85955958068371 444.4797801524401 5.190634928643703 302.0215592682362 103.1219500601292 290.8218539878726 47.14312230795622 8.648451738059521 7.082796342670918
