589.9018413797021 0.09707298874855042 148.1276056542993 0.1328760981559753 0 8.858717210590839 1311.136360697448 398.9183255881071 4.928731814026833 3.194373093545437 6.339667357504368 0.104905404150486 0.6436076313257217 4998.168088085949 0 0 51.91238716244698 1.053680956363678 5.710352323949337 0.3090725466609001 49.0933173596859 0.120910756289959 190.4730715304613 4.442473009228706 0 24.6176668331027 7.621008098125458 8.251185745000839 1352.009179770947 1849.703647613525 0.08919715881347656 4.461189389228821 2.441041566431522 35.79915231466293 0.9775150418281555 56.52575109153986 5.036681018769741 23.80857823044062 11.11080949753523 0.767839752137661 1.605644889175892 0.4423111975193024 0 0 0.1313700526952744 0.1645318269729614 0 0 0 0.7803186997771263 0 0.1455676853656769 0 0 0 0 0.2451761215925217 0 1.506809294223785 0.09508457034826279 0 0 0 0.1659880131483078 0.1785353720188141 0.6287494897842407 5.353390052914619 0 0.08397310227155685 1.962444819509983 6.002492338418961 1.133211992681026 1.003973349928856 0 0 0 0 0 0.4197159558534622 0 0.1798050999641418 0.3791976422071457 0 0 0 0
0.09707298874855042 129.850387185812 351.3152030482888 0.1261251866817474 0.4921126812696457 0 14.48339671641588 1.233916595578194 419.125147305429 0.238400049507618 123.9558367654681 0.2998815178871155 939.8510961309075 0.1953460276126862 30.27677384763956 254.3883386477828 250.0122456327081 4.244785852730274 62.58484024554491 0 50.16331916302443 1769.345097139478 42.63984050601721 1219.115024209023 1573.800813913345 463.6688938587904 11415.33494714648 170.0456023141742 2.144922599196434 3.643495693802834 87.37189910560846 0 0.1131504997611046 44.41587133705616 2.596793532371521 91.75896516442299 63.24051932990551 107.9667198061943 17.17191525548697 22.33622267842293 0.1563419550657272 209.9465970769525 0.21243916451931 0.370847262442112 42.08781154453754 33.91787922382355 0 0 0 0.8064723387360573 0.1410072594881058 2.10178180783987 0.1122854724526405 8.186261884868145 0 21.95035231113434 0.6331691816449165 0 2.091076843440533 44.39488933980465 1.64715014398098 25.75102642923594 0 0.2327211648225784 3.120162904262543 2.609538167715073 5.0255461409688 39.94868330657482 671.8678610995412 1411.511768609285 1.569286219775677 0.6455025374889374 0.9862195253372192 11.73414274305105 0 0 10.15609064698219 0.9677299112081528 32.69817689061165 19.89528595656157 17.93914823234081 7.029035553336143 0.5506808012723923 0 6.680086769163609 0
148.1276056542993 351.3152030482888 1095.902095675468 0.3195880353450775 0.6113499775528908 29.2625208646059 1470.882439829409 980.1856520846486 8.757306359708309 41.4729481190443 24.77537686377764 0.7653819471597672 8.355815760791302 1360.645438313484 0 9.405288025736809 5386.660100989044 18.30217008292675 324.5678131729364 0.8084292560815811 534.9855219125748 14.84256939589977 6845.846873626113 32.54558268934488 0.4014952331781387 5724.45685788244 10452.81649359316 260.4705297276378 370.4638489633799 1381.431142270565 0.2982896119356155 11.11781963706017 9.02675511687994 925.3978101834655 63.5632531195879 2316.888714060187 3845.921265505254 2020.999320045114 724.2338187247515 92.39918026328087 11.90627986192703 22.73733967542648 8.170552402734756 1.352932713925838 186.2897509783506 912.1745758503675 0 0 0.1271761804819107 10.42354505509138 2.129557326436043 0.6638406068086624 0.1461656093597412 0.3586037904024124 0.2472742572426796 0.7033120170235634 3.998556144535542 0 15.36009000241756 496.159846611321 1.140812270343304 69.06840519607067 0 2.102125748991966 17.73853562772274 192.9864341616631 14.70164743810892 1.721074223518372 1315.52764326334 2814.153995461762 14.90732599049807 3.685661643743515 8.621157921850681 0.3056809604167938 0.4609068781137466 0 51.69436746090651 10.27063077688217 190.1472705900669 83.89053294807673 94.66956843435764 48.41869925707579 6.437119483947754 1.243840217590332 0 0.8123620450496674
0.1328760981559753 0.1261251866817474 0.3195880353450775 1619.419816374779 3.54355189204216 35.29190045595169 32.30009768903255 11.47305446118116 292.9885481745005 1321.463536523283 1.924428381025791 2453.990005731583 0 4.712791427969933 126.6893335431814 0 0 0 0.2740612924098969 1531.555361881852 0 0.1618871539831161 0.1554559916257858 470.9343368411064 0 0.7170309647917747 0.3555104732513428 2231.476440548897 8.741420395672321 0.2653911560773849 0 1.747559815645218 0.1078990772366524 8.042269803583622 1.908544152975082 94.37087955325842 0.3092613592743874 14.41892423480749 2.394922271370888 181.603319875896 5.866602070629597 0 0.7298001497983932 0 0 0 59.0106495320797 0.1767639666795731 5.256998881697655 36.7528388723731 5.774886205792427 56.55089265853167 50.57549669593573 0.2394756227731705 26.53994816541672 0.4208749234676361 1.884628675878048 2.646226689219475 0.3311652392148972 0 0.08700995892286301 0 15.96716583520174 0 0.1760626286268234 0 164.6958014145494 0 0 0.4810462892055511 197.4545063227415 0.7241282984614372 0.1464628875255585 0 0 0.4935259819030762 0.7153364792466164 0 42.80774414539337 0 2.76862583309412 1.162876605987549 55.75224150717258 0.3252035826444626 0 0
0 0.4921126812696457 0.6113499775528908 3.54355189204216 30.1190213561058 182.9342097640038 3.600401178002357 6.934127271175385 25.6501881480217 14.57487688958645 31.92593500763178 96.35744975507259 2.636213794350624 2.221209391951561 989.8920029699802 0 0.4199268221855164 1.460304297506809 2.226220034062862 9.683091476559639 0.1079879775643349 2.011529728770256 0.1178475916385651 35.89403057098389 0.1187025755643845 2.043490901589394 2.983277283608913 5.774252414703369 3.170118495821953 3.794138245284557 0.1131786480545998 151.0272963643074 0.3625460714101791 328.2769243121147 0.7679747343063354 89.14886993914843 4.779878422617912 109.2820063382387 28.4243438988924 2113.670786306262 69.04352404177189 2.301474824547768 1.308500736951828 0 0 0 0 0 0 0 0 0 0 0 0 0 0 0 0 0 0 0 0 0 0 0 0.7741813957691193 0 0 0.1700290441513062 0 0 0 0.1265396773815155 0 0 0 0 3.255203783512115 0 0 0 0 0 0 0
8.858717210590839 0 29.2625208646059 35.29190045595169 182.9342097640038 10103.12496216595 1499.734122268856 7266.809951987118 26.11481402814388 9383.24645614624 125.3028430193663 3360.899312384427 33.73212880641222 475.8796654418111 2082.324517443776 0.1361977159976959 14.38875624537468 9.323864884674549 9.553917489945889 325.9235577993095 4.896255865693092 0.4266389161348343 19.62237235158682 140.1663726270199 1.459661304950714 24.69736609607935 9.652603209018707 795.7702188566327 719.5396817140281 30.8512347266078 2.511321656405926 407.1647883169353 4.627790175378323 850.8935675323009 13.63267797976732 940.9744584187865 29.18070127815008 348.4264518916607 180.1219563260674 3082.429958991706 539.2178665809333 23.06867166608572 4.165252134203911 0 0 0 1.374449513852596 0 0.2143016010522842 6.497366473078728 1.605393588542938 3.122060239315033 2.961398385465145 0.1953946501016617 2.454371988773346 0 1.376614086329937 0.3494761884212494 0.1452187597751617 0 0 0.115998238325119 0.4605868980288506 0.2106167376041412 0.2404025048017502 0.7152924090623856 29.43170753866434 0 0.4193029403686523 0.9887336269021034 22.55542299896479 1.58771724998951 2.516375385224819 0 0 0 0.08125039935112 0 8.213803991675377 0 0.3577850833535194 1.407525822520256 8.48852564394474 0 0 0
1311.136360697448 14.48339671641588 1470.882439829409 32.30009768903255 3.600401178002357 1499.734122268856 5192.312074795365 3923.113520972431 1094.453543581069 6077.800451382995 88.74572797864676 25.08492644876242 8.581782206892967 7287.227433763444 22.59723249077797 29.3525722399354 90.16304356604815 15.12458315491676 40.33746740221977 7.371749341487885 241.5223125368357 34.24206176400185 1579.014075927436 1098.293202906847 4.657269403338432 560.3572534993291 813.9403559044003 17911.26925770938 1409.073142707348 3431.162879429758 2.079265251755714 59.38388638943434 71.49495749175549 569.6157796978951 97.44122837483883 3672.087066680193 75.4013431891799 1208.825136490166 469.4555221796036 239.3766322806478 264.1006637886167 4.950264662504196 49.60987900197506 10.0513861477375 2.036553636193275 11.51655053347349 72.14619244635105 0.236049048602581 16.19821634888649 498.1492417305708 79.83000981062651 141.1011182740331 80.59174693375826 4.567114546895027 21.85708090662956 0.1364120543003082 51.36001832038164 1.349055461585522 23.66510712355375 5.668919570744038 1.570652678608894 1.571644112467766 32.63111388683319 5.155905067920685 7.436724185943604 20.73207414150238 1381.682943806052 0.7021052837371826 14.12746830284595 36.95223695784807 1303.023960582912 66.49044919759035 77.92671448737383 0 0.7636475637555122 2.289315670728683 22.67662959545851 2.99261038005352 359.8996377289295 2.132464841008186 114.8456018194556 21.43298967182636 48.20442555844784 21.84147043526173 0.2965897917747498 1.621481120586395
398.9183255881071 1.233916595578194 980.1856520846486 11.47305446118116 6.934127271175385 7266.809951987118 3923.113520972431 13635.10708070174 38.92533854395151 1985.672133501619 124.533594623208 622.0949811004102 23.28676508367062 5585.406670220196 87.54822137206793 1.211250983178616 515.3749320805073 15.58677861839533 100.1816905140877 179.6371671482921 185.7385187223554 0.8801022469997406 753.3829538524151 94.26521231234074 0.6233169063925743 309.117204643786 70.1825117841363 228.0596115998924 2231.096548113972 1555.380365677178 2.815040491521358 254.7037490531802 10.72936388850212 658.4712336398661 12.42371816933155 740.4088389351964 46.56571442633867 385.8988725878298 152.3583196178079 586.5201270580292 160.2804281935096 12.6598692163825 9.725154004991055 1.697383515536785 0.09882741421461105 3.69011639803648 3.809207946062088 0 0.5093231648206711 26.17950470745564 1.915984898805618 2.934982068836689 2.877335578203201 0.5225403010845184 2.538136512041092 0 4.0490987226367 0 1.85260259360075 1.234391540288925 0 0.2695941925048828 0.4785407334566116 1.414782576262951 0.4742216169834137 2.489600829780102 70.55574051290751 0.09364371746778488 1.898692175745964 9.435906559228897 58.38888838142157 6.105033397674561 13.56944891065359 0.1771555095911026 0 0.1224116161465645 1.927719682455063 0 17.56355611979961 0.4839982390403748 2.926744759082794 0.825818657875061 0.8429587930440903 1.078191459178925 0 0
4.928731814026833 419.125147305429 8.757306359708309 292.9885481745005 25.6501881480217 26.11481402814388 1094.453543581069 38.92533854395151 735.7718124687672 580.8295624554157 14.76202072948217 125.0346444249153 82.08354668319225 53.65771383792162 469.3785667419434 5.347789332270622 1.61256816983223 0.7973920330405235 1.816877409815788 168.4822491183877 12.02120903879404 2690.331016980112 18.53299172222614 10660.64668121934 129.8843366503716 46.77437064051628 674.3801524713635 2675.91805280745 117.2299756631255 654.0644790753722 22.30589074641466 4.66243177652359 21.1352074444294 45.17083946615458 3.703577101230621 590.7671818956733 21.54728157073259 78.73221879452467 34.95556148141623 252.9262697547674 23.42498283833265 4.929452516138554 7.514299444854259 9.349884539842606 1.99470666795969 4.341654039919376 50.68541723489761 0.1602730304002762 4.214062325656414 146.0778710618615 12.83762707561255 18.48453391343355 33.76344236731529 0.4012933298945427 17.22397734224796 2.011660821735859 25.45562269538641 1.158648230135441 41.17589401453733 2.390398241579533 0.792232058942318 1.185069888830185 21.36581029742956 13.77798865735531 11.0038066059351 4.409011833369732 1260.034337580204 1.267474681138992 7.942206032574177 13.87078207731247 595.9580761864781 98.56839474290609 123.1335852518678 1.129915647208691 0 5.087599195539951 11.62995834648609 1.322798743844032 86.10428128391504 1.592673376202583 33.59176352620125 7.3216707482934 14.9532268717885 1.95991924405098 0.235350638628006 0.7451080307364464
3.194373093545437 0.238400049507618 41.4729481190443 1321.463536523283 14.57487688958645 9383.24645614624 6077.800451382995 1985.672133501619 580.8295624554157 18258.6038708128 165.102258592844 1419.216961532831 13.85328135639429 749.9669147282839 157.6071318089962 0.8300999850034714 8.836544290184975 17.85101568698883 17.75406981259584 2032.065900959074 2.571678794920444 1.418102853000164 22.90366775542498 1259.941006921232 0.5625428706407547 44.92171113938093 18.87729664891958 3322.195551589131 595.2393839359283 20.03345365077257 3.336407728493214 99.40869520977139 7.512299500405788 704.0474500581622 47.072195276618 2677.253893710673 27.96257024258375 1085.263256415725 226.7587098553777 463.374967969954 409.742123670876 8.73265615850687 37.1706532612443 1.234485879540443 0.2904382050037384 0.1371073126792908 162.4690874963999 1.244217932224274 18.9343393445015 226.780359223485 30.10299254953861 150.280622959137 148.043274089694 0.565063863992691 66.26492081582546 0.1647415161132812 13.03057312220335 6.742337912321091 0.4508113265037537 0 0.08544228971004486 0.5369779020547867 69.84428548067808 0 0.5916142165660858 0.2122080102562904 802.2443185299635 0 1.012009918689728 1.6449825912714 782.2008855193853 10.69041880965233 5.289514847099781 0 0 0.1049960255622864 6.142339400947094 0.4527604430913925 224.2017739340663 1.219279579818249 23.96866036206484 4.697660714387894 146.935643196106 2.290219947695732 0.08921864628791809 0.1876927018165588
6.339667357504368 123.9558367654681 24.77537686377764 1.924428381025791 31.92593500763178 125.3028430193663 88.74572797864676 124.533594623208 14.76202072948217 165.102258592844 11486.98703335226 83.05103203654289 2042.486986003816 133.2366080060601 3.585193485021591 0.836054727435112 114.1770358383656 1287.073409818113 1607.119363985956 31.65283881127834 12.55324234068394 23.59478821605444 30.9207146987319 23.05794754624367 436.451837643981 1947.437705442309 705.2163816615939 24.29398635029793 202.1689196676016 33.18288788199425 804.0592401698232 242.693135753274 10.8183768838644 5714.695121489465 13.90956680476665 515.6733042448759 3388.597201682627 6167.423587977886 1815.752006016672 37.80446648597717 24.63587109744549 781.0235187709332 3.758062325417995 0 11.49381813406944 0.148281455039978 0 0 0 2.814805522561073 0.4408829510211945 0.7789038717746735 0.5090976357460022 261.6191018149257 0.127217561006546 614.3033381551504 0 0 0.2798975184559822 0.2527362778782845 8.077194854617119 1.403169468045235 0.4991969466209412 0.2665461003780365 1.009182631969452 0 11.08819118887186 292.2242633774877 127.9551379829645 128.5513208284974 9.491865187883377 1.323701068758965 4.644983291625977 189.7008094266057 0 0 0.6140477210283279 7.2155881524086 36.99718203395605 391.6969884261489 9.114215433597565 8.79972505569458 0.9346956014633179 0.4365910589694977 320.8033743947744 0
0.104905404150486 0.2998815178871155 0.7653819471597672 2453.990005731583 96.35744975507259 3360.899312384427 25.08492644876242 622.0949811004102 125.0346444249153 1419.216961532831 83.05103203654289 5155.422640740871 7.913548409938812 153.9648870676756 1930.061079286039 0 0.5882022455334663 6.990221448242664 6.194362677633762 2395.947241127491 0.3772701397538185 0.278979629278183 0.8224088400602341 140.6912394240499 0.3809191137552261 14.67880609631538 6.452985063195229 610.6562840789557 122.6777934879065 1.470101796090603 2.006875947117805 63.3370835930109 0.270778015255928 321.6121730208397 2.551878362894058 798.922867551446 14.40761374682188 257.4415028318763 61.0540230050683 1333.099203832448 99.30797950923443 4.957937777042389 2.561801314353943 0 0 0 27.88489203155041 0 1.182854384183884 12.8354981765151 1.12846265733242 38.52155701071024 22.24368340522051 0 20.53966245800257 0 0.184336744248867 0 0 0 0 0 10.42312873899937 0 0 0 99.86397588253021 0 0.1915534660220146 0.4576209485530853 82.69665019959211 1.724165976047516 2.105641543865204 0.2477572858333588 0 0 0 0.2535510063171387 33.91775378584862 0 1.366224497556686 0.2936489284038544 58.69105988740921 0 0 0
0.6436076313257217 939.8510961309075 8.355815760791302 0 2.636213794350624 33.73212880641222 8.581782206892967 23.28676508367062 82.08354668319225 13.85328135639429 2042.486986003816 7.913548409938812 3849.247022159398 12.7755471393466 8.113473616540432 12.09184267371893 5.170645654201508 37.27642275393009 18.25700272619724 4.199159063398838 17.72495484352112 227.3939569741488 22.04649195820093 151.9646978825331 3617.5789244771 296.9692861288786 2308.394293576479 27.37363900244236 5.699380323290825 11.35944239795208 764.0029934942722 13.97819302231073 0.8413105010986328 493.30275388062 52.65045401453972 1506.954286500812 2369.681090191007 4067.638035066426 264.2058720886707 64.02105417102575 54.6862656250596 1301.566697716713 11.26958627253771 1.022931486368179 22.04901500791311 1.294628135859966 0 0 0 0.08449302613735199 0 2.17930181324482 0.09706857800483704 384.0293528139591 0.6040025353431702 978.9449883773923 0.2425777465105057 0 7.174888752400875 0.2166427969932556 17.42567274719477 1.743129134178162 0 7.531201153993607 1.817095048725605 0.869555339217186 4.321379370987415 1089.227760404348 289.2471527829766 340.3575792014599 4.977396540343761 0.295768529176712 1.004411518573761 418.0011825487018 0.1668455898761749 0 3.172522209584713 12.98640477657318 199.8467915579677 637.1385347545147 28.54829927533865 45.54548197984695 10.84457331895828 2.70582303404808 395.2500394508243 4.543964862823486
4998.168088085949 0.1953460276126862 1360.645438313484 4.712791427969933 2.221209391951561 475.8796654418111 7287.227433763444 5585.406670220196 53.65771383792162 749.9669147282839 133.2366080060601 153.9648870676756 12.7755471393466 7028.254515357316 7.187926210463047 0.7343148291110992 646.1230389028788 24.01754805445671 110.5661848857999 72.54919131100178 314.9416273012757 1.725485377013683 1337.028051905334 89.17000487446785 0.2744313180446625 334.030260913074 86.33117678761482 219.932194955647 9051.050220735371 4519.175438739359 1.983951687812805 72.91680565103889 14.14678733795881 754.8554755188525 12.43677115440369 537.1277157664299 51.53365660458803 384.772447116673 109.2717800065875 94.71727544814348 57.23709740489721 3.669400759041309 5.459356635808945 0.9537316486239433 0.4966341331601143 4.439440004527569 2.374459505081177 0 0.6805204674601555 23.43141552805901 2.066112779080868 3.319771528244019 1.51440754532814 0.2648570910096169 2.143186368048191 0 4.100084483623505 0 7.132397897541523 0.9825038090348244 0 0.08784138411283493 0.3858291506767273 4.885541655123234 2.988145060837269 2.039137989282608 84.15125045925379 0.6139577329158783 3.636193938553333 10.08511383831501 62.97964806109667 14.07334829121828 17.27960260957479 0 0 1.007541581988335 1.664706483483315 0.1202971786260605 24.77081642299891 0.5136877074837685 6.394373916089535 1.259859211742878 0 1.328818187117577 0 0.1134664639830589
0 30.27677384763956 0 126.6893335431814 989.8920029699802 2082.324517443776 22.59723249077797 87.54822137206793 469.3785667419434 157.6071318089962 3.585193485021591 1930.061079286039 8.113473616540432 7.187926210463047 328.6352087110281 0.2024655938148499 0 0.4377474412322044 0 352.626014187932 0 90.48539066314697 0 1542.71788085252 8.875658512115479 3.512194409966469 68.02138759195805 188.9324565678835 0.3908210098743439 0.394548624753952 2.935015916824341 409.769005663693 0 16.24124214798212 0.3644201457500458 85.08999586105347 0.8950733542442322 7.455134302377701 2.528149589896202 1052.753713294864 224.6081953793764 0.7073324099183083 0 0 0 0 1.989066421985626 0 0.1358225047588348 1.863971054553986 1.2107173204422 0.5926672667264938 1.117516756057739 0 1.829995155334473 0 0 0 0.3285165503621101 0 0 0 0 0.7001393884420395 0.3650753498077393 0.2515615522861481 4.330357082188129 0 0.4996438100934029 0.513060450553894 7.493362128734589 0 0.7021903544664383 0.3600507825613022 0 0 0 0 3.177774518728256 0 0 0 7.424036145210266 0 0 0
0 254.3883386477828 9.405288025736809 0 0 0.1361977159976959 29.3525722399354 1.211250983178616 5.347789332270622 0.8300999850034714 0.836054727435112 0 12.09184267371893 0.7343148291110992 0.2024655938148499 1532.914087802172 9.207781173288822 0.6987622156739235 2.531830653548241 0 930.5880799889565 2779.346901029348 3214.154307350516 909.3705336973071 34.96297874301672 26.59793832153082 3952.916788302362 1995.918298058212 8.033174447715282 89.16905051469803 1.645091667771339 0.1252985298633575 2.42924939095974 52.94096447527409 34.28946590423584 1840.110650315881 618.8564510717988 606.5826109424233 664.0769178792834 47.83061149716377 3.745678000152111 28.30727954208851 11.76663244515657 0.9629334509372711 1.914845868945122 129.2488488182425 0 0 0.09924144297838211 19.02902983874083 0.7569266706705093 0.2798675447702408 0.483271598815918 0 0 1.781070969998837 2.596984624862671 0 3909.740598604083 6.623663224279881 0.1410030573606491 1.486421629786491 0 520.8093683645129 1243.449599564075 2437.72680670768 151.1068924218416 13.61777754127979 12.94465285539627 933.6652144566178 224.2826088666916 5.777715168893337 130.7128054052591 0 0 3.031741924583912 9.804184727370739 4.80990919470787 276.5663982331753 23.89348264783621 47.60451950877905 59.00877676904202 2.404292479157448 0.3983739614486694 5.86432671546936 0
51.91238716244698 250.0122456327081 5386.660100989044 0 0.4199268221855164 14.38875624537468 90.16304356604815 515.3749320805073 1.61256816983223 8.836544290184975 114.1770358383656 0.5882022455334663 5.170645654201508 646.1230389028788 0 9.207781173288822 690.1666797623038 82.40023582428694 1401.879678525031 0.7854338511824608 217.6963387578726 8.622646123170853 2244.709325507283 8.960567861795425 3.649950183928013 1475.002083837986 5285.801013164222 33.70141015201807 1060.412178099155 1701.377807714045 0.6417890265583992 9.638021342456341 90.37734812498093 2254.253340475261 10.14605830609798 301.0407490059733 4372.691773168743 864.8873567059636 155.1499951332808 13.49350608885288 9.066723972558975 19.10204365104437 2.373978488147259 0.9438580945134163 76.86229546368122 88.79690583050251 0 0 0 1.858711622655392 0 0.1031700000166893 0 0 0.2138347625732422 2.006124973297119 0.8176818937063217 0 3.885213449597359 107.9579117298126 2.152594894170761 87.25423239171505 0 0.2531824260950089 2.051802754402161 12.42481751739979 3.882443852722645 1.08156556636095 1148.989519104362 670.6951394602656 1.140975080430508 0.3953327536582947 0.3961653262376785 2.926892176270485 0 0 21.30694306641817 1.239194273948669 59.32981557399035 47.67400972545147 30.10562341660261 9.424343347549438 0.2120501846075058 0 0 0.302890419960022
1.053680956363678 4.244785852730274 18.30217008292675 0 1.460304297506809 9.323864884674549 15.12458315491676 15.58677861839533 0.7973920330405235 17.85101568698883 1287.073409818113 6.990221448242664 37.27642275393009 24.01754805445671 0.4377474412322044 0.6987622156739235 82.40023582428694 24.56057297438383 1433.516924895346 2.613161616027355 3.299593947827816 1.584417648613453 17.87953096628189 2.435430824756622 10.45871140807867 2390.709053300321 949.5910850018263 3.247392453253269 35.9753961712122 9.664480723440647 308.2719968929887 13.99090146273375 4.858881413936615 492.3836722746491 5.051803097128868 486.1380690708756 1201.727931678295 1375.497609637678 518.378583945334 8.5753353536129 1.72855918854475 11.84676784276962 1.930043533444405 0 6.333030365407467 0.4388838410377502 0 0 0 0.5755854249000549 0 0 0 8.292001612484455 0.1035313978791237 30.47517827898264 0 0 0 0 6.926853984594345 1.751750394701958 0 0 0.3623355776071548 0 1.821896940469742 8.167764373123646 163.9519255235791 127.4906069710851 1.588323250412941 0.5210236608982086 0.3886045217514038 51.68803605437279 0 0 0.4335280060768127 0.216410368680954 20.78362831473351 30.13888145983219 0.517762802541256 0 0 0 0.7351756691932678 0
5.710352323949337 62.58484024554491 324.5678131729364 0.2740612924098969 2.226220034062862 9.553917489945889 40.33746740221977 100.1816905140877 1.816877409815788 17.75406981259584 1607.119363985956 6.194362677633762 18.25700272619724 110.5661848857999 0 2.531830653548241 1401.879678525031 1433.516924895346 745.0198291093111 3.149855189025402 11.93833266198635 2.818754084408283 177.6659985184669 6.854647517204285 13.42550349235535 3974.680032208562 2025.195156820118 10.75822968780994 239.7301662042737 80.59603039175272 15.782162360847 17.21426159888506 29.80069862306118 2472.681458823383 8.888882122933865 871.1204981729388 1330.039615340531 2482.072230510414 422.8316940814257 14.65793354064226 2.493703901767731 8.213619329035282 2.144620187580585 0 39.33577872812748 4.24703648686409 0 0 0 0.2361592128872871 0 0.1389078199863434 0 1.536039754748344 0 9.088850289583206 0 0 0.3083526194095612 10.94194352626801 7.028938129544258 18.83947788923979 0 0 1.111437141895294 1.007313340902328 1.538876228034496 1.727166697382927 466.6633891388774 218.4513117671013 1.146590985357761 0.3151477575302124 0.3841262757778168 18.56687694787979 0 0 2.287967190146446 0.2759374380111694 22.87017779797316 12.17659908533096 4.953155919909477 1.029031172394753 0 0 0 0
0.3090725466609001 0 0.8084292560815811 1531.555361881852 9.683091476559639 325.9235577993095 7.371749341487885 179.6371671482921 168.4822491183877 2032.065900959074 31.65283881127834 2395.947241127491 4.199159063398838 72.54919131100178 352.626014187932 0 0.7854338511824608 2.613161616027355 3.149855189025402 392.7511466443539 0.08264344930648804 0 0.7800935581326485 320.1166672706604 0.550797164440155 5.600799031555653 2.332891300320625 1337.975158534944 84.07660387456417 0.8537497371435165 0.4259755164384842 23.69666889309883 0.4136746153235435 122.1413041502237 5.437147527933121 445.191397793591 5.406124085187912 153.9237618371844 30.87864542752504 520.0832697600126 59.90921252965927 1.688203237950802 5.2452352643013 0 0 0 27.41476081311703 0.6666693538427353 3.421353101730347 30.35036622732878 3.465215712785721 25.595867857337 18.83337043225765 0.4907658696174622 12.52060125768185 0 2.028772965073586 0.9781278669834137 0 0 0 0 13.1559779047966 0 0.488884836435318 0 114.7069635465741 0 0.08030885457992554 0.09752144664525986 115.1975780725479 1.550494968891144 0 0 0 0 1.281910143792629 0 35.78482028841972 0 4.001421600580215 0.3236085996031761 34.96053428947926 0.191328376531601 0 0
49.0933173596859 50.16331916302443 534.9855219125748 0 0.1079879775643349 4.896255865693092 241.5223125368357 185.7385187223554 12.02120903879404 2.571678794920444 12.55324234068394 0.3772701397538185 17.72495484352112 314.9416273012757 0 930.5880799889565 217.6963387578726 3.299593947827816 11.93833266198635 0.08264344930648804 4956.893428988755 499.7776749581099 9723.535518161952 147.2083315625787 10.86362130194902 95.64240667968988 1611.335467688739 2657.4379029423 410.6118887960911 8045.777476541698 1.366467893123627 3.850119382143021 46.10081633925438 3327.190526597202 98.98459888994694 7474.016438134015 1411.509344987571 5838.484233953059 3666.104348637164 161.4341953843832 16.60035061836243 32.44200411438942 63.09759951382875 0.609936460852623 1.155366227030754 18.16921637952328 0 0 0.2095881700515747 4.626506268978119 0.3790953159332275 0 0.2453466132283211 3.55494986474514 0 4.087163954973221 2.648651465773582 0 899.7591216787696 7.037563465535641 0 0.3238760232925415 0 499.4429342970252 162.6385188773274 220.2547562196851 111.0966204255819 14.78862690925598 7.796301253139973 75.70120065659285 251.1625349000096 13.35155912488699 179.1280362606049 0 0 4.908927708864212 3.470174118876457 3.027702629566193 177.8579753562808 1.824431911110878 18.77013692259789 15.95252647995949 5.178728580474854 0.9587294459342957 4.259797394275665 0
0.120910756289959 1769.345097139478 14.84256939589977 0.1618871539831161 2.011529728770256 0.4266389161348343 34.24206176400185 0.8801022469997406 2690.331016980112 1.418102853000164 23.59478821605444 0.278979629278183 227.3939569741488 1.725485377013683 90.48539066314697 2779.346901029348 8.622646123170853 1.584417648613453 2.818754084408283 0 499.7776749581099 714.554866194725 290.3224285691977 6581.02694042027 495.3338363468647 69.65683280676603 3395.850564353168 987.2988835498691 4.685184687376022 85.32596498727798 39.55868968367577 1.001916646957397 0.4230699837207794 2.999197535216808 0.133586660027504 57.26386088132858 17.10246582329273 24.78934171050787 9.123293831944466 75.75777618587017 0.4059860557317734 21.47371477633715 0.1489335596561432 0.289980411529541 1.840369708836079 55.63705177605152 0 0 0.4502553939819336 4.895458161830902 0.5329145416617393 1.277421943843365 0.1019532606005669 3.087292201817036 0 4.323694333434105 1.1611557751894 0 873.8099277466536 4.722788095474243 0 0.9659202247858047 0 164.5670589357615 120.7339796647429 328.7777146324515 73.29484953731298 7.126613818109035 17.33011165261269 460.2935561016202 98.80621981620789 3.02651734650135 52.92965488880873 2.896401956677437 0 1.179662421345711 4.765821263194084 1.356185436248779 47.09890546649694 4.654641672968864 11.73115935921669 16.26622772216797 1.309047818183899 0 1.68452562391758 0.4651861190795898
190.4730715304613 42.63984050601721 6845.846873626113 0.1554559916257858 0.1178475916385651 19.62237235158682 1579.014075927436 753.3829538524151 18.53299172222614 22.90366775542498 30.9207146987319 0.8224088400602341 22.04649195820093 1337.028051905334 0 3214.154307350516 2244.709325507283 17.87953096628189 177.6659985184669 0.7800935581326485 9723.535518161952 290.3224285691977 8837.007691308856 153.6671603322029 5.232233963906765 1371.320400990546 8312.89168677479 3047.436992622912 764.8097351789474 10845.2186384201 1.325550079345703 8.017858937382698 42.24371653050184 2605.694329611957 293.8695996776223 10014.14889701456 5193.995310597122 8306.790825285017 5893.269835568964 497.9221039116383 30.52824324369431 42.49171041697264 74.97596123069525 2.16244375705719 21.55064833164215 574.070279546082 0.1878518611192703 0 0.7698636054992676 17.74026319384575 0.2212603315711021 0.7148738354444504 1.040542237460613 0 0 0 2.710447497665882 0 1718.595124661922 66.13513900339603 0 1.413714163005352 0.2871491312980652 129.8681152909994 368.7246663123369 1807.970839954913 73.0016892105341 4.906194068491459 40.89590246230364 1598.162075728178 83.22651967406273 8.084800124168396 30.4329449981451 0 0 0.7712991386651993 20.66483949869871 18.17294628918171 197.1705615222454 11.34357054531574 62.3585253059864 53.8065839111805 2.962160885334015 2.317508041858673 0.9776808619499207 0.9281370043754578
4.442473009228706 1219.115024209023 32.54558268934488 470.9343368411064 35.89403057098389 140.1663726270199 1098.293202906847 94.26521231234074 10660.64668121934 1259.941006921232 23.05794754624367 140.6912394240499 151.9646978825331 89.17000487446785 1542.71788085252 909.3705336973071 8.960567861795425 2.435430824756622 6.854647517204285 320.1166672706604 147.2083315625787 6581.02694042027 153.6671603322029 5578.422523602843 251.8049853518605 101.528970643878 2963.287838846445 6268.005236394703 210.4733339697123 176.060469917953 39.22295451909304 7.229824870824814 30.4182907640934 102.9551957920194 29.07540059089661 1495.011654429138 46.43874237686396 299.2473382279277 167.6478476151824 655.3684029504657 55.07495135068893 17.38909064233303 10.63326420634985 29.75885157287121 6.430332832038403 26.3264205083251 187.6322781816125 0.9755948930978775 23.42499461770058 596.0361508131027 84.5327096581459 436.0199198573828 171.5795431360602 5.116087846457958 69.24866195768118 2.189295686781406 91.75970239192247 7.480951242148876 450.3223856091499 7.827981308102608 1.218989513814449 3.746253438293934 83.06115855276585 224.5107600614429 203.758886732161 103.5185304582119 2703.441879056394 12.15011562407017 27.06179422140121 106.3712228015065 2201.036217726767 229.1773615926504 406.6957692503929 2.446468591690063 0.3862726986408234 13.21768977493048 34.80155266821384 5.037045687437057 576.8883438557386 4.616166166961193 136.1646116822958 32.28249235451221 157.3850088194013 16.06219634413719 1.807768553495407 3.94117383658886
0 1573.800813913345 0.4014952331781387 0 0.1187025755643845 1.459661304950714 4.657269403338432 0.6233169063925743 129.8843366503716 0.5625428706407547 436.451837643981 0.3809191137552261 3617.5789244771 0.2744313180446625 8.875658512115479 34.96297874301672 3.649950183928013 10.45871140807867 13.42550349235535 0.550797164440155 10.86362130194902 495.3338363468647 5.232233963906765 251.8049853518605 514.0776908993721 362.6482933685184 4402.443288862705 34.44195833057165 0.8738531470298767 15.19531853497028 291.9415623918176 1.095677226781845 0 173.5536140203476 1.186992764472961 368.6575196608901 287.7192416787148 482.9640650823712 142.596689067781 44.16219421476126 109.9510259330273 992.9911736547947 4.238806545734406 0 18.30298743396997 0 0 0 0 1.117772616446018 0 0 0 125.1535188779235 0 385.4338601529598 0.1066674813628197 0 34.10611147433519 0.2417339086532593 5.796277105808258 1.73030548542738 0 14.29032069444656 1.433977074921131 2.789838343858719 4.611727200448513 218.612906627357 329.4859013333917 603.9355213940144 4.848346874117851 0.1596542149782181 7.687572836875916 215.28943028301 0 0 0.5706713497638702 0 208.1134985610843 88.43844448775053 21.69186210632324 5.469126738607883 11.74305945634842 0 101.4862010255456 0
24.6176668331027 463.6688938587904 5724.45685788244 0.7170309647917747 2.043490901589394 24.69736609607935 560.3572534993291 309.117204643786 46.77437064051628 44.92171113938093 1947.437705442309 14.67880609631538 296.9692861288786 334.030260913074 3.512194409966469 26.59793832153082 1475.002083837986 2390.709053300321 3974.680032208562 5.600799031555653 95.64240667968988 69.65683280676603 1371.320400990546 101.528970643878 362.6482933685184 20147.10565964878 9275.821088403463 109.0430812090635 287.2549172416329 166.7728888913989 736.3415580317378 34.82484984397888 16.36423097550869 1994.42261826247 45.08609423041344 3512.750759363174 8227.489936769009 5049.272762387991 1303.601769432425 64.96720641106367 7.088854119181633 99.84759472310543 12.17431568354368 0.9083067402243614 358.1432361826301 45.94526007771492 0 0 0.1499188840389252 4.941446788609028 0.7516591176390648 4.370407268404961 0 113.9413436502218 0 398.3205927312374 2.740965902805328 0.2391576617956161 1.691130712628365 122.6047969087958 88.6522431448102 303.2311861515045 0 2.429971322417259 8.53198279440403 5.828582070767879 14.23709985613823 346.0570012927055 5602.835407838225 3605.737137131393 4.711875721812248 2.919216953217983 5.235656090080738 632.0428206399083 0.3153344541788101 0.2480496913194656 36.05216974020004 2.507397428154945 164.428622789681 314.519745439291 83.19081382453442 15.79089344292879 2.40098100155592 0.6395688056945801 4.817861869931221 0
7.621008098125458 11415.33494714648 10452.81649359316 0.3555104732513428 2.983277283608913 9.652603209018707 813.9403559044003 70.1825117841363 674.3801524713635 18.87729664891958 705.2163816615939 6.452985063195229 2308.394293576479 86.33117678761482 68.02138759195805 3952.916788302362 5285.801013164222 949.5910850018263 2025.195156820118 2.332891300320625 1611.335467688739 3395.850564353168 8312.89168677479 2963.287838846445 4402.443288862705 9275.821088403463 22584.22287791967 2958.499954394996 85.73000698536634 139.6817758902907 1133.305445596576 11.99807254225016 7.157150439918041 2234.42046225071 237.282881975174 7332.58646736294 3053.552329085767 6389.930162228644 2216.889194123447 314.0030546858907 9.76454996317625 68.71718649566174 39.35257911682129 4.961750648915768 2158.451978638768 2196.548927612603 0 0 0.4890291467308998 42.3132299259305 5.405450962483883 7.670451611280441 0.3291932493448257 110.8290948048234 0.1192912235856056 361.7217546254396 14.975585244596 0 336.3486091792583 845.991424664855 89.58573958277702 397.132998816669 0 30.08183835446835 494.898221835494 1426.00208453089 83.69927876442671 896.8409802317619 8668.910388082266 13592.65941731632 63.27947736531496 17.95407198369503 36.83433676511049 566.080414250493 0.3656178563833237 1.799735940992832 150.8209829628468 21.83228309452534 629.4736995771527 370.7224620357156 309.8294531106949 168.5377853289247 14.20911315083504 0.4734333753585815 13.05080483853817 1.403758585453033
8.251185745000839 170.0456023141742 260.4705297276378 2231.476440548897 5.774252414703369 795.7702188566327 17911.26925770938 228.0596115998924 2675.91805280745 3322.195551589131 24.29398635029793 610.6562840789557 27.37363900244236 219.932194955647 188.9324565678835 1995.918298058212 33.70141015201807 3.247392453253269 10.75822968780994 1337.975158534944 2657.4379029423 987.2988835498691 3047.436992622912 6268.005236394703 34.44195833057165 109.0430812090635 2958.499954394996 12929.89992085099 526.2167378515005 5897.967940896749 5.257224455475807 13.65884874761105 82.39145056903362 467.3478855416179 78.73285043239594 4516.974542990327 188.029344946146 1391.336328685284 862.1432861611247 342.7345574274659 110.2647368088365 26.09469030052423 35.81278694421053 46.16261129081249 5.715724028646946 36.62841508537531 178.9712753072381 0.5379781946539879 28.35707642138004 622.0133317634463 91.41606123000383 316.4467938542366 169.890107549727 5.605154931545258 63.64390526711941 5.870208345353603 132.1413689404726 5.341736055910587 644.7033481895924 14.38561024516821 2.349836476147175 3.952216632664204 65.51011937856674 349.8565424010158 210.1190747693181 118.3886559903622 2723.374514520168 12.92998957633972 25.29222279787064 133.011233843863 2387.416154697537 377.3439189642668 704.7277536392212 0.2880336865782738 0.2077145501971245 24.68783247470856 43.48107991367579 15.10511461645365 864.1495238915086 4.811366409063339 163.9863714203238 54.45211883634329 171.4713622555137 16.74979962408543 8.707368597388268 6.937748000025749
1352.009179770947 2.144922599196434 370.4638489633799 8.741420395672321 3.170118495821953 719.5396817140281 1409.073142707348 2231.096548113972 117.2299756631255 595.2393839359283 202.1689196676016 122.6777934879065 5.699380323290825 9051.050220735371 0.3908210098743439 8.033174447715282 1060.412178099155 35.9753961712122 239.7301662042737 84.07660387456417 410.6118887960911 4.685184687376022 764.8097351789474 210.4733339697123 0.8738531470298767 287.2549172416329 85.73000698536634 526.2167378515005 15241.77634589374 5821.797414988279 1.992484070360661 2230.127460680902 959.140013858676 2915.514102205634 23.69654785841703 397.3634337633848 127.9385185390711 1012.973814457655 206.5882426723838 47.79962749779224 116.9390979558229 4.007904812693596 5.560838781297207 0.7707527726888657 0.2355845272541046 4.029890842735767 0.2865218222141266 0 0.3984924480319023 15.48268371075392 3.246794998645782 3.295298531651497 1.899493984878063 0.1390856504440308 0.3753409087657928 0 4.107695393264294 0 17.15723177790642 0.6438965499401093 0.121807299554348 0.1807379871606827 0 8.266821473836899 9.059559382498264 4.173010446131229 77.74258971959352 1.721954897046089 1.384554639458656 10.57901555299759 64.62664450705051 12.22954442352057 19.33980751782656 0.2508030533790588 0 0.896572656929493 0.9762210175395012 1.281612694263458 43.01954295486212 0 6.447073310613632 2.69355720281601 2.968884587287903 1.140894860029221 1.95967310667038 0
