1024.535274781287 0 43.66388820111752 0 0.7275855466723442 6.828198209404945 1255.963523291051 660.4708548411727 7.614602699875832 3.149261832237244 9.671049065887928 0.2305023968219757 0.1231934577226639 5774.090529151261 0.4318128451704979 0 28.66716115921736 15.20095720142126 26.87951549887657 0.4785246923565865 28.66828317940235 0.4710741490125656 12.29718276113272 19.11619417369366 0.1148927286267281 69.81740808486938 9.238622106611729 33.43634778261185 3220.733443364501 1736.672758862376 0 10.97814089804888 3.710089579224586 39.63317757844925 0 21.86721233278513 6.667412430047989 40.49753683805466 12.77138619869947 1.304433025419712 2.047623813152313 0.1591218113899231 0.3613259494304657 0 0 0 0 0 0.1383664309978485 1.787570253014565 0 0.451258584856987 0 0 0 0 0.08410904556512833 0 0.4067108929157257 0 0 0 0 0.2744756042957306 0 0 5.250775918364525 0 0.2988495528697968 1.138746783137321 5.011464230716228 0.4872222915291786 0.5521973967552185 0 0 0.1009805575013161 0.6643228828907013 0 0.8002332150936127 0 0.3447017297148705 0.3051167726516724 0.404680073261261 0 0 0
0 450.365358710289 24.06072714179754 0 1.767114192247391 0.2176132723689079 7.283301055431366 0.3415388613939285 433.2377756461501 1.174536384642124 155.7801475152373 0.9020991176366806 1148.576562695205 0.5935142785310745 3.743494495749474 20.27887403964996 100.4687301963568 0.5962372422218323 43.65128342062235 0.1064243912696838 1.893015787005424 2200.216199368238 6.671351775527 1200.821880094707 3102.282138757408 235.4758938774467 7267.73444058001 42.17410081624985 2.389643155038357 1.180893562734127 32.38547463715076 0.1094416752457619 0.333489753305912 73.42779751121998 1.2786675542593 68.27118077874184 107.0127726942301 127.9446446746588 21.19660097360611 21.75768152624369 0 396.4842786043882 0.4656011909246445 0 131.5129150524735 45.89223623275757 0 0 0 0.6839641109108925 0.5251154750585556 0.2740044891834259 0 14.78150756657124 0 17.06380045413971 0 0 3.706879019737244 24.68491099774837 1.123156845569611 22.04406064748764 0 0.7711273729801178 2.289893299341202 3.175503268837929 7.342615336179733 6.126943558454514 241.0691751614213 1391.199209839106 2.319041848182678 0.3052785694599152 0.6959351003170013 4.171887263655663 0 0 2.347696833312511 0.2346601188182831 32.56334783881903 23.84077285975218 21.67550244927406 4.225427657365799 0.346962571144104 0 4.271550878882408 0
43.66388820111752 24.06072714179754 6592.035787723958 0.8687025755643845 2.362443961203098 46.17682591825724 659.222996160388 722.1906519606709 4.232104994356632 18.93826588243246 17.50814653933048 1.760058350861073 0.9897780418395996 349.0805576890707 0.3187624216079712 1.110270231962204 1585.963903322816 31.48745185136795 63.28093381226063 1.122505843639374 4158.600844070315 15.43167734146118 12638.79989103973 7.343360617756844 0.3837892413139343 5580.059964850545 3940.490702606738 145.5886557996273 120.983347594738 1031.564750358462 0.1923894956707954 13.97016087919474 2.354337178170681 266.3865824341774 6.56244021654129 829.8242441192269 4480.198093101382 822.4713836088777 315.6994320228696 34.44646866619587 1.624803118407726 13.04435057938099 3.729090243577957 0 48.06849743425846 474.9714474156499 0 0 0 4.127439260482788 0.8659335523843765 1.079780340194702 0 1.171715646982193 0 0 0.4881889671087265 0 1.832167431712151 47.45543786883354 0 3.337025314569473 0 5.538495138287544 20.57319635897875 54.2026287689805 13.22046454995871 0.1544833928346634 123.0071137174964 1352.198583386838 16.66587690263987 1.462137147784233 1.155472934246063 0.2832643985748291 0 0.4684891998767853 1.158611819148064 2.281281158328056 44.38531481474638 24.32084622234106 18.84675259888172 8.150672227144241 0.2053075879812241 0 0 0.2313051223754883
0 0 0.8687025755643845 5445.324112951756 9.936141036450863 86.21885402500629 66.0047182738781 28.00816937536001 518.4280033409595 1692.416367329657 2.984711714088917 3192.404408633709 0.3178256154060364 25.02040326595306 130.1729315891862 0 0.1287176460027695 0.4314142018556595 0.3306074291467667 6254.678269661963 0.5218083262443542 0 0.2197892367839813 1252.927177011967 0.3961808085441589 1.47189874202013 1.052079379558563 3960.558846309781 20.9560689330101 0.7158168852329254 0 7.494608961045742 0.1175416558980942 24.85463575273752 1.565282985568047 384.154934309423 2.459361121058464 75.92802053689957 36.93769995123148 297.4173133149743 5.099747188389301 0.6860033124685287 1.912306576967239 0.2573700696229935 0 0.3717152774333954 101.8491151481867 0.245408371090889 8.65223153680563 80.64703418314457 5.489819429814816 128.0629345551133 125.7624941542745 0.4791151881217957 35.30981320142746 0 8.450461313128471 2.462509080767632 0.1491590738296509 0 0.3430043756961823 0 171.5196111723781 0 0 1.179002404212952 391.814012773335 0 0.3702518194913864 0.7740980610251427 492.0139698386192 16.97744999825954 11.01392970979214 0 0.1244033053517342 1.468773432075977 6.725922353565693 1.196176365017891 189.7483457550406 0.1403721421957016 13.33296795189381 7.349940799176693 72.57412969321012 0.7224671691656113 0 0.3818539977073669
0.7275855466723442 1.767114192247391 2.362443961203098 9.936141036450863 5.066133938729763 349.355445086956 38.12374967336655 253.3510847464204 123.1102320030332 50.83818706125021 4.929063066840172 258.099347859621 1.255565449595451 22.24640942364931 785.1495869010687 0 0.6003307700157166 1.107418596744537 1.250158935785294 50.87991204112768 0.3467953503131866 1.738400235772133 0 143.0529441386461 0.1072309091687202 3.618833735585213 3.922066740691662 31.88231313228607 62.22820792347193 5.882100239396095 0.1219967752695084 13.1153631284833 0.1005749255418777 171.6250926181674 2.525500059127808 211.4787976667285 2.913195721805096 240.1522462964058 72.23489162325859 2808.266181014478 51.18816227465868 3.600068286061287 4.041957765817642 0 0 0 3.008880846202374 0 0.2171632945537567 1.177125483751297 0 2.070290893316269 2.867551505565643 1.217881560325623 1.499051466584206 0 0 0 0 0 0 0 5.535228207707405 0 0 0 8.699359513819218 0.1178106591105461 0 0.4855214804410934 9.719509273767471 0.07998941093683243 0.4444426298141479 0 0 0 0 0 10.79780266433954 0.1835500597953796 0.09670315682888031 0 4.04292156547308 0 0 0
6.828198209404945 0.2176132723689079 46.17682591825724 86.21885402500629 349.355445086956 8475.547588072717 3496.485068261623 4869.000884801149 55.92300165444613 12442.66279777139 33.58869834244251 2135.109506458044 7.371198743581772 448.7355989813805 1305.940970696509 3.8387695774436 5.743994332849979 7.453220658004284 6.790002718567848 772.2330024316907 36.07032010704279 7.978321596980095 9.045718669891357 155.5426523461938 2.691770300269127 59.99433276057243 34.7843511775136 1020.435991346836 126.8380272090435 40.8240015655756 0.4461090862751007 466.2301309406757 4.149261794984341 245.9822179451585 3.15897823125124 505.9523082226515 20.68648663163185 308.7772145271301 149.0220768153667 1966.815558180213 71.08964554965496 6.297667056322098 5.305497407913208 0.3270863071084023 0 0.8981398940086365 8.68728955835104 0 0.5454054996371269 23.68449229001999 1.533702194690704 15.43949428200722 8.473567172884941 0.2348207831382751 2.956763759255409 0.7352016195654869 2.262520149350166 0.3618261516094208 2.151205718517303 0 0 0 11.74556082487106 1.67198720574379 1.071436561644077 1.670154303312302 57.27765390276909 0.1260861605405807 0.208213284611702 4.945200406014919 83.7578252851963 8.439273700118065 3.575630344450474 0.3127592876553535 0 0.8449682295322418 1.420474499464035 0.7573162913322449 20.71672214567661 0.3406259417533875 4.703253097832203 2.372972771525383 5.853767663240433 0 0.1989105641841888 0.3188051506876945
1255.963523291051 7.283301055431366 659.222996160388 66.0047182738781 38.12374967336655 3496.485068261623 11114.02306949347 6674.938244998455 485.8741504177451 7603.626777268946 51.8614953532815 167.7454441636801 8.246970161795616 6186.189717665315 137.1966483294964 63.4045304954052 100.5645480081439 27.09665777534246 37.87787426263094 122.5875246524811 1233.439408332109 109.7466388493776 312.738316424191 1902.526021011174 5.165449589490891 623.5473253056407 920.2673477679491 21941.83162005991 1932.076767832041 2237.94456513226 1.767506986856461 169.129168510437 92.60114374756813 613.15221747756 59.71173667907715 2835.972775802016 123.0863104015589 1471.981902837753 1003.263133369386 310.1548952460289 64.82813654094934 2.927542664110661 25.87374590337276 3.134408168494701 4.205587565898895 12.0558560192585 30.27326855063438 0.2981056421995163 9.775670997798443 228.3718135505915 18.19746391475201 158.1581412255764 72.6725507825613 0.6074451431632042 12.71887588500977 0.3938116431236267 33.90881559997797 2.394196905195713 35.27019500732422 1.670870073139668 0.4478716999292374 0.8121713772416115 71.60474264621735 23.54978324472904 20.14397483319044 24.36583292484283 683.837838768959 0.1083625853061676 7.224861547350883 102.6265025660396 868.922325797379 99.76674039661884 84.25314714759588 0.1124657690525055 0.3095651790499687 10.75896024703979 25.35339158028364 11.00872352719307 161.2226668819785 3.517912864685059 70.53558462113142 35.28855616599321 25.10037423670292 2.581769742071629 1.141412474215031 2.164414308965206
660.4708548411727 0.3415388613939285 722.1906519606709 28.00816937536001 253.3510847464204 4869.000884801149 6674.938244998455 13825.9659736529 37.87810646742582 2532.226016022265 135.2380651831627 421.9984446391463 8.960453242063522 4580.355851963162 127.3006893470883 2.627136930823326 239.5026312023401 124.034009039402 270.1469289287925 252.6916946768761 366.5986592397094 7.384944692254066 129.5992042869329 127.2324063032866 3.698217615485191 965.2461796700954 131.7605987936258 825.0415628701448 664.3817462176085 2414.217608638108 1.30474953353405 1118.087826035917 6.242470405995846 857.7859554365277 8.867238253355026 1099.880048625171 75.29095039516687 666.8192551657557 250.341595955193 1495.749397955835 156.1043411493301 21.18269965797663 8.133459337055683 0.2425443977117538 0.2117402851581573 4.97797979414463 4.450376361608505 0 0.61464674025774 16.73971692472696 1.235907763242722 9.150002248585224 5.682860352098942 1.461924456059933 1.982843175530434 0.1068545579910278 2.129306942224503 0 2.958144687116146 0.8181094750761986 0 0.2363651171326637 5.059395365417004 1.655612908303738 1.546148635447025 4.889960743486881 49.75237640738487 0 1.790987439453602 26.68508398532867 64.7911793962121 9.096736527979374 5.733825460076332 0.1149892210960388 0 0.4054205790162086 1.554866179823875 0 10.69192335754633 2.442371763288975 6.287132531404495 4.329836882650852 1.467832989990711 0 0.479578822851181 0
7.614602699875832 433.2377756461501 4.232104994356632 518.4280033409595 123.1102320030332 55.92300165444613 485.8741504177451 37.87810646742582 1344.994093805552 270.2025222852826 11.35489484667778 107.7427203506231 35.59519647061825 66.48744785040617 576.5864776223898 156.2154334560037 8.190600216388702 0.6457413583993912 9.846615545451641 255.2003588601947 71.20833721756935 1823.228786222637 74.74096269905567 11699.67264920473 83.29651559889317 36.40468757599592 969.4503749385476 1946.278395913541 263.5978804007173 218.6762434318662 1.965267270803452 4.261721111834049 17.20843739062548 39.57172823697329 5.630067944526672 178.6615281179547 14.59227924793959 84.34785653650761 49.12558845430613 268.4430837705731 3.531845293939114 5.3131018653512 3.259493857622147 4.893492639064789 4.037710085511208 2.145045131444931 45.66000162065029 0.4751116335391998 6.493203297257423 126.3627490773797 14.49875068664551 55.68710666149855 59.65698155015707 1.623780839145184 15.01689457893372 1.752021670341492 25.81842181831598 3.338123969733715 406.7570836693048 0.7572039663791656 0 1.182287685573101 69.93037990480661 97.14015778899193 12.61209897696972 81.50405039638281 2123.112606361508 0.3062860369682312 5.172273762524128 18.74395375698805 1015.37571888417 114.0829414576292 97.0064705312252 0.6141861975193024 0.3060709461569786 12.29115394502878 22.87546695023775 11.28310817480087 98.6049504801631 3.420443557202816 48.21202375739813 22.76743060350418 29.33710829913616 2.487233601510525 0 2.226903840899467
3.149261832237244 1.174536384642124 18.93826588243246 1692.416367329657 50.83818706125021 12442.66279777139 7603.626777268946 2532.226016022265 270.2025222852826 26395.22562516481 83.58511776477098 4233.048426993191 13.31168454140425 939.7862566560507 289.5342311412096 4.83583776652813 2.910912692546844 13.73377435654402 5.883775979280472 2741.756149224937 11.53733611106873 6.199847169220448 8.228149928152561 549.6919796541333 5.367362953722477 38.88454307615757 37.34512504190207 5966.174686715007 403.1413237303495 24.92273153364658 1.588829755783081 212.0322750434279 4.360640347003937 537.6392072439194 24.84830062091351 2840.766928017139 62.87766595184803 1519.164790451527 869.1783159226179 660.5338889807463 111.9965776652098 5.696046754717827 28.94118732213974 2.068969942629337 0.2316098660230637 0.146036833524704 180.3190449774265 1.106407776474953 15.31608784943819 301.6728642955422 18.03035185486078 186.5215508639812 261.675834402442 1.964599549770355 70.15348441898823 0.4368554428219795 21.51276952773333 3.811034679412842 2.68794684112072 0.2097310572862625 0.1650109887123108 0.1810479313135147 299.251428604126 1.613508366048336 0 0.9993187859654427 704.5236765369773 0 1.102884866297245 4.208814099431038 1100.672240182757 81.41379241645336 41.05756612867117 0.4399920329451561 0.6886835992336273 4.759825170040131 21.61742613464594 4.191748633980751 257.2807949706912 0.6727252006530762 53.24214451760054 20.4492963552475 90.08069024980068 1.757220089435577 0.6418630629777908 0
9.671049065887928 155.7801475152373 17.50814653933048 2.984711714088917 4.929063066840172 33.58869834244251 51.8614953532815 135.2380651831627 11.35489484667778 83.58511776477098 14068.08404976875 50.9828280210495 3178.293533831835 155.7052052766085 3.416705071926117 1.239394195377827 2250.295102521777 3083.445627272129 2576.525216914713 29.0742571502924 92.74491707235575 24.01911566406488 162.7815000489354 20.29979781061411 1734.457295700908 3501.826561160386 1539.697195149958 33.66235013306141 320.3647610619664 191.0018719211221 468.5382698476315 63.32239030301571 5.554530128836632 6263.984365798533 5.616697832942009 787.6024116054177 5656.380986988544 3985.343536153436 1042.660589493811 18.52912227809429 7.240797646343708 1706.010732069612 3.923324294388294 0 10.78842153400183 0.1783576160669327 0 0 0 0.3974483534693718 0 0.2934689968824387 0 1255.384676471353 0 1073.597138747573 0 0 0.3138447850942612 0.3032819926738739 4.39768460392952 2.093066774308681 0 0 0.5031895413994789 0 1.518560707569122 94.14896149933338 144.0685323178768 281.6697669550776 1.349702686071396 0.479607418179512 0.3320983797311783 137.8508943989873 0 0 2.102770924568176 0 9.614830300211906 488.1253051608801 5.207138113677502 3.070327386260033 0 0 299.5496946945786 0
0.2305023968219757 0.9020991176366806 1.760058350861073 3192.404408633709 258.099347859621 2135.109506458044 167.7454441636801 421.9984446391463 107.7427203506231 4233.048426993191 50.9828280210495 6549.609813272953 5.170651607215405 279.7349543869495 2190.490188986063 0 0.965209923684597 6.234985947608948 2.699394054710865 7494.328826211393 0.7210792154073715 3.634533576667309 0.3006236180663109 594.0586632490158 2.173265397548676 13.8999699652195 11.14964560419321 479.4746809452772 106.9917790293694 5.107684195041656 1.159518927335739 149.3798325061798 0.1618500053882599 289.7061033323407 2.384010538458824 1145.150469332933 29.40029118210077 591.7284926399589 248.3280807584524 2152.868097580969 42.47705647349358 4.152707792818546 7.422638066112995 0 0 0 32.45284144580364 0.2668150290846825 3.323816671967506 26.04565994441509 2.62936694920063 77.55675864964724 27.00266635417938 0.4255513846874237 146.3347042649984 0.5872372388839722 2.722844466567039 1.467089965939522 0.3921879380941391 0 0 0 45.26199242472649 0.552351713180542 0.3101189434528351 0 106.0512396246195 0 0.529731959104538 0.6958993598818779 118.9308551326394 8.173689693212509 4.605866685509682 0.2736030668020248 0 1.205813750624657 2.523707814514637 0.4861727654933929 81.58426310867071 0.2596007958054543 4.496441155672073 3.496551066637039 28.9828058630228 0 0.4560475721955299 0
0.1231934577226639 1148.576562695205 0.9897780418395996 0.3178256154060364 1.255565449595451 7.371198743581772 8.246970161795616 8.960453242063522 35.59519647061825 13.31168454140425 3178.293533831835 5.170651607215405 3943.406658142805 7.099326692521572 0.2372578084468842 2.542220987379551 1.197858907282352 77.03019435703754 6.240136064589024 4.518319264054298 13.19040984660387 125.1830169335008 10.32063822448254 62.6861140280962 4714.598873987794 102.8920799195766 2900.955092929304 17.27531001716852 10.60410065203905 2.489077590405941 1104.706904366612 8.615994937717915 0 892.5304747968912 35.38340854644775 1778.001099325716 3446.853728935122 691.2368259876966 313.4734797552228 37.49717058986425 56.9559445604682 883.5927029401064 3.93274775147438 0 10.82735984772444 0 0 0 0 2.018778562545776 0.1050130724906921 0.09002514183521271 0 1905.431589089334 0 1938.004350632429 0 0 0.5812046304345131 0 4.944685399532318 0.7050389423966408 0 0 0.5270130410790443 0 2.820453941822052 159.1160353049636 252.3028039336205 581.8947633802891 4.55507069081068 0 0 277.2462783381343 0.1556372940540314 0 0.9440895467996597 4.499299705028534 315.2969704940915 679.5244004204869 35.6190884411335 28.8643718957901 14.72561240196228 0 262.9663126394153 1.269153237342834
5774.090529151261 0.5935142785310745 349.0805576890707 25.02040326595306 22.24640942364931 448.7355989813805 6186.189717665315 4580.355851963162 66.48744785040617 939.7862566560507 155.7052052766085 279.7349543869495 7.099326692521572 8193.72199588269 22.56371553242207 2.114512450993061 193.5884535685182 106.0685528293252 212.1241888925433 205.5754048153758 164.5577509775758 1.524330124258995 91.11451052129269 203.6622482314706 2.479124568402767 567.3525118306279 93.46526899933815 696.2116312980652 5829.659225188196 3646.945399038494 1.759795397520065 135.4523261636496 35.13467954099178 832.3627079129219 7.325559109449387 661.1385869532824 77.7633765116334 729.4334925338626 243.9162705391645 183.0903569832444 44.28423887491226 6.504631847143173 7.079638957977295 0.08843808621168137 0.475037083029747 2.218661427497864 0.7979589626193047 0 0.2866526544094086 18.84021688997746 1.365055114030838 9.908654473721981 3.189007051289082 0.4959196150302887 0.953288733959198 1.327605582773685 2.584341332316399 0 0.8879218101501465 0.1554431617259979 0 0.1742529198527336 3.758950494229794 0.7186876907944679 0.6818576604127884 0.8850717842578888 52.3561414629221 0.2906624972820282 2.039830461144447 15.19538947194815 61.0684609785676 6.429666727781296 5.666683681309223 0.5644426345825195 0 0.9365571364760399 2.879227414727211 0.4997226893901825 14.48390352725983 1.314024075865746 5.191839747130871 4.124126352369785 2.627071171998978 0.2200946658849716 0.7483971118927002 0
0.4318128451704979 3.743494495749474 0.3187624216079712 130.1729315891862 785.1495869010687 1305.940970696509 137.1966483294964 127.3006893470883 576.5864776223898 289.5342311412096 3.416705071926117 2190.490188986063 0.2372578084468842 22.56371553242207 245.36293066293 0 0.3602147400379181 0.3042984455823898 0.5616326108574867 816.5139218792319 0.8018764182925224 16.389384560287 0 1262.584964118898 0.9218938648700714 2.184701643884182 16.48817061632872 176.0797322839499 14.90899629890919 0.7455087304115295 0.1117162182927132 77.32595875114202 0.7191447466611862 23.89094499498606 0.6292611658573151 447.2193678766489 1.507040895521641 45.06369692087173 14.2442822009325 966.2938972488046 5.862577460706234 0.6757712140679359 0.1278415024280548 0 0.2487810254096985 0 18.08613336831331 0 0.3829030394554138 4.527121402323246 0.2496580630540848 18.31645259261131 15.97537112981081 0 13.26062531769276 0.1740080863237381 0.6988532841205597 0.8554264008998871 0 0 0 0 40.86901471763849 0 0.3739008009433746 0 56.02473986893892 0 0.1604054123163223 0.3624785393476486 53.02474267780781 1.144295439124107 0.9155997559428215 0 0 0 0 0.1312564015388489 48.14557611942291 0 0.610086552798748 0.7110131233930588 22.19716932624578 0 0 0
0 20.27887403964996 1.110270231962204 0 0 3.8387695774436 63.4045304954052 2.627136930823326 156.2154334560037 4.83583776652813 1.239394195377827 0 2.542220987379551 2.114512450993061 0 3515.762824773788 16.08835714310408 0.1630569696426392 0.897961750626564 0.7375897467136383 770.2744169831276 2850.719136476517 10235.13462357223 1536.714521989226 0.2894402891397476 19.91523307561874 2882.163332261145 1146.533151708543 0.1163007318973541 9.578044161200523 0.7341351509094238 0 0 11.70028451085091 4.611769065260887 845.218843087554 197.3488176614046 104.6966303437948 198.8013174384832 24.72698311507702 1.632316306233406 3.339385390281677 3.990152843296528 0.3238846659660339 2.543352052569389 10.53360396623611 0 0 1.024733185768127 9.404886543750763 2.342864811420441 3.81472560018301 0.7787921130657196 0 0 0 0.2152942344546318 0 3238.291332237422 2.212980791926384 0 0 0 277.7584742084146 1148.095808982849 1551.676293358207 355.7852786406875 0 3.041913345456123 1275.000795967877 284.9877103939652 0.8044225946068764 10.86970035731792 0 0 0 0.6127693951129913 1.74606990814209 354.0020947754383 1.750332772731781 4.110637664794922 1.716806150972843 0.4940605014562607 0 1.096375823020935 2.88452672958374
28.66716115921736 100.4687301963568 1585.963903322816 0.1287176460027695 0.6003307700157166 5.743994332849979 100.5645480081439 239.5026312023401 8.190600216388702 2.910912692546844 2250.295102521777 0.965209923684597 1.197858907282352 193.5884535685182 0.3602147400379181 16.08835714310408 843.3984900191426 189.202107205987 2558.345978818834 0.3235812485218048 1192.9856864959 32.8884776160121 2641.261909887195 45.20375258475542 0.8886925131082535 3583.595639005303 7055.818542718887 114.5888330414891 261.7600831612945 1201.180601604283 3.645356461405754 5.695368774235249 7.349799066781998 2023.755437277257 0.7889116704463959 381.091678775847 5551.721104376018 744.6106366366148 69.63715852797031 9.926775000989437 0.1600922495126724 6.911936059594154 1.851441398262978 0.2579258978366852 130.3274427428842 246.6455945000052 0 0 0.6583677530288696 5.535916194319725 0.4945554137229919 0.4062967002391815 0.1436090469360352 0.4204480350017548 0 1.007716462016106 0.1989333033561707 0 4.350613467395306 47.88396289199591 0.8100012168288231 23.01025830209255 0 2.229314893484116 2.703821584582329 11.03943190723658 7.455211021006107 0.2936573922634125 326.1024128273129 928.7170367985964 5.617879569530487 1.987115569412708 0.205437108874321 0.3029889911413193 0 0 2.675335362553596 2.440336868166924 48.62787073105574 121.0317910015583 31.85888765007257 6.644174590706825 0.7297379672527313 0 0 0.3632689267396927
15.20095720142126 0.5962372422218323 31.48745185136795 0.4314142018556595 1.107418596744537 7.453220658004284 27.09665777534246 124.034009039402 0.6457413583993912 13.73377435654402 3083.445627272129 6.234985947608948 77.03019435703754 106.0685528293252 0.3042984455823898 0.1630569696426392 189.202107205987 83.73898219317198 876.9624920785427 3.893067449331284 101.6673104390502 0.8275579661130905 142.486341573298 1.438399635255337 5.58458898961544 2340.549355514348 282.454290419817 8.208058588206768 141.5286680981517 115.995644569397 52.12130509316921 8.115461073815823 3.96551601588726 835.1129920557141 3.241537466645241 889.5852883458138 1876.782218970358 1132.920019119978 400.5606056898832 15.26560854911804 0.1345914304256439 11.53347189724445 0.769612655043602 0 0.5597797483205795 0.3724875971674919 0 0 0 0 0 0 0 12.62351316958666 0 25.35262313485146 0 0 0 0 3.121011652052402 2.080270633101463 0 0 0 0 0.5233209207653999 1.726203188300133 81.4277630969882 63.66697201132774 0.5462628677487373 0 0 30.75468200445175 0 0 0.2115467414259911 0.4953233897686005 1.585527323186398 8.883133381605148 0.5228702127933502 0.1417624801397324 0 0 0 0
26.87951549887657 43.65128342062235 63.28093381226063 0.3306074291467667 1.250158935785294 6.790002718567848 37.87787426263094 270.1469289287925 9.846615545451641 5.883775979280472 2576.525216914713 2.699394054710865 6.240136064589024 212.1241888925433 0.5616326108574867 0.897961750626564 2558.345978818834 876.9624920785427 1867.320070981979 1.523889757692814 228.1240932717919 9.258093021810055 504.3720227628946 19.9386108070612 5.694265760481358 8712.280859924853 2239.420546405017 54.29125314205885 305.970456622541 384.3714700713754 18.89873798936605 8.037427708506584 4.208574742078781 2706.537957839668 8.150806531310081 1915.858860135078 2709.035728529096 2479.94528119266 208.1196233853698 45.12346075475216 0.4699209481477737 19.39704711735249 5.387053601443768 0 54.26707398146391 2.257548794150352 0 0 0 0.551361046731472 0 0.1181160062551498 0 5.274111777544022 0 9.151864811778069 0 0 0.7350035384297371 10.70427966117859 6.961775459349155 49.42411684244871 0 0 0.8841683492064476 0 2.792601123452187 2.621146708726883 617.8268528878689 647.869333781302 3.122314147651196 0.6430738568305969 0.2945216298103333 19.83606589585543 0 0 2.216633506119251 0.5565820932388306 13.90462803840637 157.6777933016419 11.23863690346479 2.83914440870285 0.1542551666498184 0 0.7511393427848816 2.934663891792297
0.4785246923565865 0.1064243912696838 1.122505843639374 6254.678269661963 50.87991204112768 772.2330024316907 122.5875246524811 252.6916946768761 255.2003588601947 2741.756149224937 29.0742571502924 7494.328826211393 4.518319264054298 205.5754048153758 816.5139218792319 0.7375897467136383 0.3235812485218048 3.893067449331284 1.523889757692814 670.7008299380541 0.8461813852190971 0 0.9331609904766083 384.755054667592 1.929987274110317 12.47499249130487 3.574592247605324 2071.037572190166 90.08016027510166 5.040793739259243 0.4508888050913811 72.88116855919361 0.3404621332883835 171.0068298578262 4.943592220544815 1089.897962883115 22.6264556273818 465.4825049266219 227.2713733538985 1062.189626768231 28.8096763715148 2.543922141194344 6.558744311332703 0.6119255349040031 0 1.428403347730637 89.85830131918192 0.249361626803875 6.387507990002632 81.88570584356785 7.599052369594574 106.5439309254289 91.10386572778225 0.7093260884284973 36.62850797176361 0.2050296664237976 7.177927732467651 3.230734974145889 0.8274011611938477 0 0 0.3511936664581299 105.9074706956744 0 0 0 276.3895301297307 0 1.411573089659214 2.49547766149044 383.9098356366158 27.10636656731367 6.930669113993645 0.233313113451004 0 3.464452713727951 6.485061220824718 1.079418241977692 123.4727604910731 0 12.12323039770126 6.66458448022604 51.80929744243622 0.3390284478664398 0 0.515293300151825
28.66828317940235 1.893015787005424 4158.600844070315 0.5218083262443542 0.3467953503131866 36.07032010704279 1233.439408332109 366.5986592397094 71.20833721756935 11.53733611106873 92.74491707235575 0.7210792154073715 13.19040984660387 164.5577509775758 0.8018764182925224 770.2744169831276 1192.9856864959 101.6673104390502 228.1240932717919 0.8461813852190971 7875.261326782405 151.0941913276911 20761.13261243701 77.84928729385138 11.62503550946712 1824.61399743706 2790.596821345389 3270.112816765904 130.3998888507485 8814.419967003167 0.3813838437199593 7.453935109078884 29.48210276663303 4024.377592533827 138.8199045136571 10305.61375109851 1445.489068247378 6752.251988999546 4700.018030390143 275.1885860264301 8.579561777412891 11.76245431602001 79.3791972771287 0.1186265051364899 2.498244047164917 18.87227618694305 0 0 2.1663933172822 25.32573874294758 1.997410602867603 14.4425006955862 2.302128553390503 3.850310496985912 1.838203072547913 0 4.507783457636833 0 654.6846214458346 3.140235066413879 0 1.198324993252754 2.570225745439529 534.9164773821831 210.0255835428834 112.7846029698849 691.2138719707727 0 4.746185705065727 127.5360836461186 827.9926723763347 19.22921163588762 73.30993351340294 0.1649921983480453 0.376620888710022 0.7040095180273056 1.959196820855141 2.717208012938499 163.8571487590671 5.183133609592915 6.603469632565975 8.151267036795616 3.062976688146591 0 6.965738475322723 1.671814441680908
0.4710741490125656 2200.216199368238 15.43167734146118 0 1.738400235772133 7.978321596980095 109.7466388493776 7.384944692254066 1823.228786222637 6.199847169220448 24.01911566406488 3.634533576667309 125.1830169335008 1.524330124258995 16.389384560287 2850.719136476517 32.8884776160121 0.8275579661130905 9.258093021810055 0 151.0941913276911 379.4227289482951 510.87192286551 6400.523955047131 372.6021150127053 72.86658403277397 6362.357466138899 504.385203666985 1.669848963618279 2.749187514185905 4.95849135518074 0.5476362407207489 0.2448550909757614 16.81182634830475 0 30.61866400390863 30.32865752279758 36.21110337227583 4.902448862791061 55.72720216214657 0.292956680059433 25.00347677618265 0 0 6.206585273146629 59.68535688519478 0.1592400968074799 0 0.6876990646123886 6.873251482844353 0.4401870295405388 1.411479465663433 0.2071401178836823 4.994957752525806 0 4.591908670961857 1.002722978591919 0 1243.252360522747 8.462290972471237 0.2931479662656784 2.487934723496437 0 55.04740488529205 194.7266067862511 474.8325208872557 183.6572482287884 0.2621489688754082 17.46216657012701 2646.810050517321 76.35400450974703 0.7335526570677757 2.219535261392593 0.9829612076282501 0 0.5727090835571289 0.1381636708974838 0.3706463724374771 26.92078799754381 6.008189640939236 8.382346943020821 2.723999202251434 0.7757211923599243 0.1968492716550827 0.1101948693394661 0
12.29718276113272 6.671351775527 12638.79989103973 0.2197892367839813 0 9.045718669891357 312.738316424191 129.5992042869329 74.74096269905567 8.228149928152561 162.7815000489354 0.3006236180663109 10.32063822448254 91.11451052129269 0 10235.13462357223 2641.261909887195 142.486341573298 504.3720227628946 0.9331609904766083 20761.13261243701 510.87192286551 19158.13010662794 202.4676380455494 0.9230103641748428 3510.149647019804 15262.55579108745 1511.319902449846 59.9594719260931 3954.14495703578 0.6515418365597725 3.286930166184902 0.6503886580467224 2990.797780409455 141.2656046003103 14181.8769390732 8882.703623995185 6638.745821222663 7751.684570126235 616.3023262247443 14.88388425856829 19.03805220872164 100.5414836481214 0 8.239683404564857 324.4330654591322 0.9187942743301392 0 1.600811287760735 12.18528109788895 0.847568690776825 1.84869921207428 0.2470997720956802 5.077306032180786 0 0.2625352442264557 0.7347414419054985 0 2458.923329889774 10.5933872833848 0.1066272482275963 1.303314603865147 0.3115917444229126 192.0476848483086 557.1806992292404 1273.893894985318 229.5135268047452 0 18.58924823999405 2876.989179864526 160.0987313836813 0.9980146884918213 7.844400376081467 0.2688969820737839 0 0 0.3480949848890305 6.957755506038666 249.2389710247517 7.690600112080574 12.20098876953125 18.41394725441933 1.016910433769226 0 3.003933429718018 1.312585949897766
19.11619417369366 1200.821880094707 7.343360617756844 1252.927177011967 143.0529441386461 155.5426523461938 1902.526021011174 127.2324063032866 11699.67264920473 549.6919796541333 20.29979781061411 594.0586632490158 62.6861140280962 203.6622482314706 1262.584964118898 1536.714521989226 45.20375258475542 1.438399635255337 19.9386108070612 384.755054667592 77.84928729385138 6400.523955047131 202.4676380455494 6326.486118860543 158.8959894999862 122.8752283081412 5731.957016415894 6860.627941019833 681.6794690191746 200.7231480702758 3.876111701130867 11.84528242051601 59.4087253883481 144.2745365872979 18.0654873996973 1115.570334881544 69.0377664193511 295.1288385540247 212.0290629789233 1720.261538214982 10.17774937301874 12.01308245956898 6.353360757231712 8.541243568062782 11.80075792223215 19.10118435323238 248.3654719516635 1.587559401988983 43.99560881406069 899.0363024398685 71.10595532506704 1478.231610193849 404.9985540434718 10.77863645553589 87.60737403482199 3.529344387352467 127.9284704476595 8.836373426020145 574.3131499364972 6.438821911811829 1.871399410068989 5.291872456669807 459.096452601254 419.1354410722852 438.566966816783 120.9544431716204 4705.995585441589 0.2778065875172615 26.52708369493484 202.875035084784 4837.079333998263 460.8071183338761 391.2639892622828 1.516302935779095 0.9972879886627197 48.13526357710361 107.549733966589 55.77018582075834 781.2911101579666 12.55290512740612 274.9260001480579 139.8889098167419 167.6770754903555 9.205373257398605 0.4296698421239853 7.824182353913784
0.1148927286267281 3102.282138757408 0.3837892413139343 0.3961808085441589 0.1072309091687202 2.691770300269127 5.165449589490891 3.698217615485191 83.29651559889317 5.367362953722477 1734.457295700908 2.173265397548676 4714.598873987794 2.479124568402767 0.9218938648700714 0.2894402891397476 0.8886925131082535 5.58458898961544 5.694265760481358 1.929987274110317 11.62503550946712 372.6021150127053 0.9230103641748428 158.8959894999862 857.70555434376 177.0909382626414 3591.365934602916 18.37134011089802 6.85094092041254 4.954403385519981 390.0150845423341 2.150146283209324 0 519.028634801507 2.77152743935585 649.2575576677918 760.382244810462 585.2659280747175 213.8719866201282 16.67444192618132 45.19966466724873 816.7050924599171 5.667347267270088 0 33.02685672789812 0 0.104295127093792 0 0 0 0 0.3485012575984001 0 774.5013398304582 0 2672.565447472036 0 0 0.3251408264040947 0.1970673650503159 3.019560292363167 2.932241857051849 0 1.726366549730301 1.486904174089432 0 3.416591949760914 139.7725125253201 251.4880967512727 1091.823528803885 6.242614150047302 0.2015727460384369 0 199.3008350133896 0.09468118101358414 0 0.5794175714254379 0.1220826879143715 247.5522353500128 167.7348965927958 14.24979636818171 3.89335473626852 8.002651453018188 0 29.76401899755001 2.382333278656006
69.81740808486938 235.4758938774467 5580.059964850545 1.47189874202013 3.618833735585213 59.99433276057243 623.5473253056407 965.2461796700954 36.40468757599592 38.88454307615757 3501.826561160386 13.8999699652195 102.8920799195766 567.3525118306279 2.184701643884182 19.91523307561874 3583.595639005303 2340.549355514348 8712.280859924853 12.47499249130487 1824.61399743706 72.86658403277397 3510.149647019804 122.8752283081412 177.0909382626414 30376.92180097103 11164.30732212961 136.9391724839807 364.4358977973461 915.2010712698102 598.4321717843413 28.78657487034798 6.553679049015045 2186.425891451538 17.47886266559362 4395.392376922071 14003.04684198648 4417.456680417061 767.8031202629209 123.8609839230776 6.773536935448647 102.8392333984375 8.483231648802757 0.2552338987588882 597.954436250031 493.794160336256 0 0 1.024558939039707 26.43436141312122 6.773643970489502 2.758032828569412 1.079337038099766 407.2204898744822 0.1356203109025955 995.4701717570424 3.486868903040886 0.5187789350748062 16.41517074406147 241.929309360683 63.51512533426285 358.0582041144371 0.08393197506666183 13.7911654561758 12.42490287125111 42.72975946962833 44.14474110305309 91.75520779192448 6141.618103705347 7821.061320535839 26.05891761928797 3.781687036156654 3.90291877835989 762.3720270991325 0.2009853050112724 0 23.57333262264729 4.261888027191162 291.4439497813582 1401.056556791067 192.012508623302 28.7483851313591 3.264462605118752 2.330396093428135 3.278713904321194 0.8511874973773956
9.238622106611729 7267.73444058001 3940.490702606738 1.052079379558563 3.922066740691662 34.7843511775136 920.2673477679491 131.7605987936258 969.4503749385476 37.34512504190207 1539.697195149958 11.14964560419321 2900.955092929304 93.46526899933815 16.48817061632872 2882.163332261145 7055.818542718887 282.454290419817 2239.420546405017 3.574592247605324 2790.596821345389 6362.357466138899 15262.55579108745 5731.957016415894 3591.365934602916 11164.30732212961 25299.97608291358 4689.718766786158 92.58746132254601 339.239281617105 2281.89559660852 7.519676119089127 2.780084691941738 2226.925247304142 96.64277716726065 9473.092467777431 3799.411694273353 8101.301774613559 2791.645043678582 440.2281885519624 6.549573786556721 35.1003442555666 65.68301106989384 0.9943112954497337 2985.14815402776 2489.220315255225 0 0 2.913886487483978 43.85865428298712 10.00859190523624 8.056708700954914 1.444112412631512 289.2619454339147 0.3218155801296234 724.1395289078355 4.894937314093113 0.1077359691262245 828.2329188287258 429.9856265336275 61.91774350404739 425.3145698532462 2.353904269635677 56.92573516070843 1280.55076765269 1188.091174997389 175.0194064304233 366.9256337732077 7308.619582906365 26530.30395912379 143.8748656660318 8.00665994733572 13.34505601227283 744.5447999238968 0.09818509966135025 0.2422834038734436 38.29166780412197 23.16969369351864 592.7453794255853 1039.436669893563 391.4181204363704 90.4639762789011 9.124069169163704 2.086740136146545 5.410580918192863 1.323943763971329
33.43634778261185 42.17410081624985 145.5886557996273 3960.558846309781 31.88231313228607 1020.435991346836 21941.83162005991 825.0415628701448 1946.278395913541 5966.174686715007 33.66235013306141 479.4746809452772 17.27531001716852 696.2116312980652 176.0797322839499 1146.533151708543 114.5888330414891 8.208058588206768 54.29125314205885 2071.037572190166 3270.112816765904 504.385203666985 1511.319902449846 6860.627941019833 18.37134011089802 136.9391724839807 4689.718766786158 18353.62053781003 1265.782562628388 5730.610580295324 0.5260421857237816 67.55954591929913 94.95502923429012 655.4942060709 97.36283487081528 5893.315201863647 183.1832809001207 1604.457219004631 1285.949341014028 503.6298417896032 49.36537711322308 10.24086911976337 42.04324559867382 9.214712291955948 5.434786766767502 13.10495720803738 355.3694184422493 2.306118115782738 49.5548950061202 1075.076393887401 76.41594215482473 849.8358157128096 576.802766032517 12.33511266112328 133.9973664358258 0.373658299446106 143.3293637633324 11.81559035927057 377.4915992245078 4.156405173242092 1.122865438461304 4.711064085364342 649.1484211608768 389.4895268380642 191.0336294397712 75.57800356298685 4113.757914923131 0.1534264534711838 12.28156027942896 142.3952835425735 5112.069716975093 505.5890281200409 462.3085757046938 0.9627820625901222 1.6331617385149 39.75627586245537 109.8346385732293 37.75627984851599 883.0451832562685 7.999932758510113 250.3161688446999 126.7448042705655 200.2418694123626 8.56252832710743 6.149610795080662 13.37226443737745
3220.733443364501 2.389643155038357 120.983347594738 20.9560689330101 62.22820792347193 126.8380272090435 1932.076767832041 664.3817462176085 263.5978804007173 403.1413237303495 320.3647610619664 106.9917790293694 10.60410065203905 5829.659225188196 14.90899629890919 0.1163007318973541 261.7600831612945 141.5286680981517 305.970456622541 90.08016027510166 130.3998888507485 1.669848963618279 59.9594719260931 681.6794690191746 6.85094092041254 364.4358977973461 92.58746132254601 1265.782562628388 16980.01583956182 8385.42439687252 1.532178573310375 1232.728153191507 3848.164269946516 2153.064734950662 6.424171164631844 310.2900712415576 178.9081256017089 1283.610925912857 244.225319609046 84.44871415197849 38.81793315708637 20.37872560322285 4.281608521938324 0.2127596288919449 0.5937813594937325 2.070306837558746 3.782559089362621 0 1.2686453089118 43.84538348764181 3.535683646798134 42.31599121540785 6.144056841731071 0.8674988001585007 3.665440075099468 1.161737501621246 6.371283143758774 0.1025042310357094 1.432854183018208 0.4128564298152924 0.5214659199118614 0.3568645641207695 8.614819452166557 1.92866874486208 0.2905348688364029 0.2946906462311745 158.5513115972281 0 2.453688308596611 7.831394769251347 193.8927382230759 26.72890678793192 19.08123572170734 0.3027428537607193 0.08641733229160309 2.747481539845467 4.414007164537907 4.68918464332819 35.312102034688 1.607045203447342 19.71132877469063 9.618609264492989 3.913787260651588 0.3714148700237274 0.2852592319250107 0.8485600650310516
