1234.984106510878 0 55.57212188094854 0 0 8.119983077049255 1405.175449542701 910.9456893131137 1.402479417622089 1.803197145462036 7.068516433238983 0.5858619213104248 0.7427056580781937 4461.885403461754 0 0 84.49822449684143 10.49772153794765 38.56259804219007 0.5862268507480621 8.398880824446678 0 137.7194329276681 21.28705698996782 3.440306067466736 11.6252020150423 15.58161725848913 39.83563566952944 2942.759874805808 2002.030961826444 0.3317745178937912 1.537752188742161 32.65088465064764 51.51106683909893 2.394612520933151 53.13222309947014 6.216734796762466 109.6758642569184 9.699601612985134 1.384399756789207 2.838101848959923 0.1351208388805389 0.5775472149252892 0 0 0.3454953283071518 0 0 0 2.9137252420187 0 0.9730527549982071 0.9004833102226257 0 0 0.1158924922347069 0 0 0.1112411394715309 0.3641575872898102 0 0 0 0.1175575628876686 0 0 7.348174415528774 0 0.1079907715320587 0.9612102657556534 13.90359075367451 0.2231154590845108 0.6732020825147629 0 0 0 0.3800300359725952 0.4218310713768005 3.967707760632038 0 0.9556151553988457 0 1.070164531469345 0 0 0
0 102.8682946115732 105.2518715858459 0 0 0.2615812569856644 4.867589585483074 0.2062711715698242 613.2574522346258 0 22.77424141764641 0.4035489335656166 945.6986316069961 0.08271748572587967 1.275561325252056 16.69504725188017 63.51394191384315 2.304780557751656 13.57116803526878 0 1.648766897618771 1530.787671633065 1.41097367554903 1131.53878120333 1599.198317676783 380.1119989901781 5872.912506893277 141.0121137872338 0.8799666240811348 0.2945840805768967 61.28423307090998 0.1222016960382462 0.1118052378296852 8.471577130258083 0.6838323473930359 29.00562047213316 58.78367622941732 27.81484345346689 7.378594927489758 9.914944805204868 0.1043599024415016 51.30616348981857 0 0 46.40753655135632 273.0453624427319 0 0 0 0.5577053129673004 0.4203543215990067 3.204730302095413 0.1852601692080498 3.684488527476788 0 7.56061876565218 0.4789543375372887 0 1.811565421521664 34.08537369221449 0.4432605355978012 21.69181022047997 0 0 9.145308136940002 1.420411735773087 2.582562357187271 16.07551857084036 193.5953980535269 1440.6147281304 1.930810831487179 0 0.653362438082695 1.413728624582291 0 0 7.384788990020752 0.2719231843948364 83.40765954554081 20.67772736400366 39.27809271216393 9.49264869093895 0.09735368192195892 0 2.948032915592194 0
55.57212188094854 105.2518715858459 6595.416761361063 0 0 110.9909122437239 2988.238547757268 1093.303324259818 4.28290156275034 6.778750114142895 10.68923087418079 1.605667494237423 2.063808724284172 337.6064673885703 0.2820885628461838 4.359062373638153 4018.835242375731 67.77692154049873 833.8911304026842 0.776790589094162 673.4112221077085 2.03259214758873 6503.308235503733 36.58906994014978 0.3517068326473236 5096.334925167263 16320.81777028739 905.2092934325337 144.0588737353683 841.2905291318893 1.305708006024361 1.919591419398785 6.64583196491003 152.8655982911587 3.163450226187706 656.1671710386872 2738.287808999419 764.3750032186508 273.7932983487844 17.35179440677166 5.360197372734547 6.373358070850372 2.642928317189217 0.1840835064649582 304.6764705255628 1561.456329159439 0 0 0.1146868020296097 14.18294754624367 2.360950276255608 4.339459873735905 0 1.720436632633209 0 0.856967106461525 2.210053600370884 0 18.39885683357716 170.3124384507537 2.63223771750927 77.76909481734037 0.5522551387548447 7.370390750467777 41.07084015011787 48.72840574383736 21.65871270745993 0 536.3873946145177 2589.101654350758 24.87292231619358 3.515156857669353 9.855010420084 0.2738505154848099 0 0.4221295714378357 33.30903442203999 1.788917258381844 228.7455215752125 233.8982803672552 141.841482758522 29.26756016910076 0.2316538095474243 0 0.8432577252388 1.300904899835587
0 0 0 3242.456562548876 0.4079057648777962 35.35784182697535 30.96252561360598 16.09352278709412 242.0658115148544 684.3246249854565 1.306864939630032 1371.601383700967 0.6314810663461685 7.928486704826355 20.55952908843756 0 0.2141014561057091 0.2438111081719398 0.3138593807816505 4107.901511654258 0 0 0 1379.101412981749 1.286193877458572 0.2272977083921432 0.2482887431979179 4771.018311455846 11.04487130790949 0.2987665012478828 0 0.384524405002594 0 5.687455669045448 0 81.59988034516573 1.134553998708725 34.80238315463066 1.282738864421844 219.7546126917005 3.581223525106907 0 0.1521943360567093 0.2763422504067421 0 0 148.2350306212902 0 4.409772567451 20.52084399014711 4.633097752928734 71.53894548863173 18.33733703941107 0.1587104499340057 66.11880506575108 0 3.585746943950653 0.1854074895381927 0 0 0 0 84.68821093440056 0 0 0 133.6481934562325 0 0 0.4277548938989639 158.5489450395107 2.953996941447258 0 0 0 0.1333262026309967 0.8902739286422729 0 22.1878844499588 0 2.132826276123524 0.6474787890911102 31.1340825855732 0.1588523983955383 0 0
0 0 0 0.4079057648777962 73.47761417925358 435.0763085111976 6.953761033713818 23.17957226932049 141.8902283906937 11.91776815056801 3.118379443883896 90.98500988632441 5.643211342394352 0.6581780314445496 2318.874399624765 0 0 0 0 9.597234949469566 0 0.1261132210493088 0 19.53013461083174 0 0.0928330197930336 0.8294463157653809 7.590343363583088 9.849845618009567 0.1085194125771523 0.2013023793697357 225.4752454534173 0.102958619594574 78.12541104853153 0 11.2239438071847 0.6335074305534363 13.88839914649725 11.93939038366079 1216.487666867673 120.8534663468599 0.3467577993869781 0 0 0 0 0 0 0 0 0 0 0 0 0 0 0 0 0 0 0 0 0 0 0 0 0.3468902707099915 0 0 0 0.274955652654171 0 0 0 0 0 0 0 0.1720239147543907 0 0 0 0 0 0 0
8.119983077049255 0.2615812569856644 110.9909122437239 35.35784182697535 435.0763085111976 6420.768279835582 5328.499565310776 5947.765824176371 148.3487794399261 10687.53158990294 46.99551390856504 4583.379995003343 33.08451718091965 255.0341829657555 1361.819680549204 0.1299750506877899 18.51343762129545 12.05931237339973 15.42172588407993 513.4632609039545 7.891594804823399 0.1573673635721207 57.87281886488199 80.87833875417709 1.761293277144432 20.42947944998741 18.4199768230319 653.049754075706 228.2013179585338 46.08985497057438 2.43609707057476 180.5219316333532 4.483368285000324 306.470969684422 4.944797232747078 414.7190081849694 23.49178009480238 313.8422360494733 71.02728492021561 2355.373421341181 575.7999764978886 3.49324044585228 8.129035569727421 0.1556508243083954 0 0 10.92889020591974 0 1.423998534679413 21.99371279776096 8.579009510576725 29.8571148365736 5.0228660851717 0 19.48519262671471 0 4.123974613845348 0 0.2751132845878601 0 0.1504472643136978 0 30.04907800257206 0.1248570159077644 0 0 101.7030929625034 0 0 1.053216800093651 116.5908824279904 5.656010910868645 3.959152430295944 0 0.1367272287607193 0.5446568578481674 1.789367780089378 0.510899543762207 14.12824642658234 0.107194684445858 6.735279597342014 1.643885642290115 19.67720174789429 0 0 0.1328598409891129
1405.175449542701 4.867589585483074 2988.238547757268 30.96252561360598 6.953761033713818 5328.499565310776 12300.67118895426 6498.442018069327 199.3633613586426 5463.258904986084 41.03734834492207 40.48217548429966 17.19005239754915 6313.974572706968 15.41773461550474 6.911608375608921 120.6692252829671 23.30659829825163 52.7058956772089 64.60723586380482 859.9888290390372 13.66101929545403 1533.629872001708 481.9385182857513 22.6798120290041 127.5922281742096 543.0766048580408 17552.4723857604 3722.093184188008 5215.467533878982 2.979615777730942 27.01944147050381 306.7480355501175 624.8235339969397 80.43636725842953 4351.951041482389 212.4121101424098 2757.490618895739 581.6983947008848 344.3745245635509 174.6063780412078 24.24535506218672 56.12980780750513 8.405054330825806 1.223707251250744 9.278096951544285 31.76097399741411 0 17.92260286957026 417.980889543891 64.77799794822931 137.9603088721633 37.3384260982275 5.157705239951611 41.20283708721399 0.640583410859108 44.80478415638208 1.674642324447632 22.09836722910404 1.514403223991394 0.8697129040956497 0.1286510229110718 119.7066296935081 18.35323671996593 5.435621999204159 22.82957997918129 932.7075341641903 0 1.632710084319115 52.07650226354599 1173.693378709257 109.3489820212126 140.8740613088012 0.3060393631458282 0.6291609779000282 9.459813617169857 30.32033896446228 3.436812877655029 315.8781319633126 2.953282199800014 106.5086980611086 22.48622841387987 123.964674167335 3.148504063487053 1.895920172333717 0.225231759250164
910.9456893131137 0.2062711715698242 1093.303324259818 16.09352278709412 23.17957226932049 5947.765824176371 6498.442018069327 12051.37869370729 5.489347495138645 3868.807906396687 135.0495878905058 767.7373651266098 47.77678533643484 4873.715317040682 112.3534407317638 0.3864632546901703 524.2823532372713 60.18479777872562 182.1610183641315 337.5419494137168 58.35606589913368 0.1391757726669312 1157.874155215919 23.52041904628277 3.341714590787888 157.6778937876225 111.9048014879227 252.5492032915354 912.2340679913759 2251.596386633813 4.439395219087601 47.54711148887873 11.66214371472597 389.8679932281375 5.345093913376331 435.4865542985499 59.52441998571157 460.7087384238839 86.61916632950306 732.5149906203151 85.90952534973621 6.766449868679047 9.729940727353096 0 0.422634944319725 8.012022346258163 0.8398077040910721 0 0.6113931909203529 9.649190381169319 2.052864819765091 4.991871267557144 2.381928242743015 0.1746654361486435 5.835212752223015 0 0.4955610930919647 0 1.369376234710217 0.1095734089612961 0 0 3.562890335917473 1.943391069769859 0 0.1372957825660706 26.28305775672197 0.1920422315597534 0.5212333500385284 10.27876311540604 28.59198643267155 1.961412221193314 2.469601936638355 0 0 0.199474960565567 0.538240373134613 0 4.724090039730072 0 3.67006704211235 1.095398180186749 5.459021538496017 0 0 0
1.402479417622089 613.2574522346258 4.28290156275034 242.0658115148544 141.8902283906937 148.3487794399261 199.3633613586426 5.489347495138645 652.1262284219265 281.7222580164671 2.790801025927067 358.8661112487316 71.19330311566591 6.569475837051868 562.9766833931208 3.92293007671833 2.43122337013483 0.3432807698845863 0.891013465821743 509.8543425649405 7.179532237350941 2750.378537170589 0.6338575631380081 8214.201003856957 227.0695595219731 40.34553360193968 1260.624984815717 2794.929322645068 30.16436133533716 9.657094955444336 7.072408445179462 7.299241982400417 2.983128167688847 6.304023563861847 0.6304987818002701 71.85206799954176 4.609327241778374 27.30760665237904 6.722045108675957 603.487802810967 5.320472113788128 0 0.09384432435035706 4.581988021731377 1.270360581576824 1.951250515878201 12.01855090260506 0 3.931303232908249 121.4586968645453 11.86021172255278 40.86517153680325 5.11075397580862 1.773260056972504 10.83267530798912 0.3020733892917633 8.45418643206358 0.422479122877121 41.14079406112432 0.7551584541797638 0 0.1184948161244392 24.21857207268476 26.48828134685755 3.500947296619415 6.403950229287148 848.8049483597279 0.1358803659677505 2.903875946998596 8.857166416943073 375.1498464047909 55.71265733987093 73.12165907770395 0.4778479710221291 0 6.606345303356647 10.30380094796419 0.1698557138442993 74.14578250050545 0.9371184036135674 25.6688501983881 6.033646427094936 20.78299887478352 1.704595908522606 0.09298133105039597 0.121296189725399
1.803197145462036 0 6.778750114142895 684.3246249854565 11.91776815056801 10687.53158990294 5463.258904986084 3868.807906396687 281.7222580164671 19320.45902478695 60.69806796312332 4358.771728880703 18.77634437382221 641.828310534358 61.99765525758266 0.5880279541015625 4.316033728420734 25.52826266735792 32.16921447962523 5444.250893168151 0.7626916840672493 0.1242450624704361 2.642135381698608 319.7611589282751 2.670352280139923 23.79041913896799 21.50965391099453 2381.792139410973 753.3967395946383 5.083924785256386 4.340816475450993 31.43153895437717 3.863824024796486 297.3836003243923 23.11644721776247 1945.865896560252 53.07282426208258 1444.726720452309 83.64012401551008 456.1894479095936 151.9119186848402 1.929575577378273 24.24728915840387 2.178690388798714 0 0.261038139462471 84.54001309722662 0 21.71739483624697 112.5005083531141 34.82821518927813 170.9364698082209 86.92229186743498 1.566289737820625 90.78889745473862 0 11.71599515527487 0.5037187039852142 0 0 0.8931137472391129 0 249.9056305736303 0 0 0 501.4323317036033 0.1330358535051346 0.1956474781036377 0.9124913066625595 662.925792850554 18.99066567420959 2.832311116158962 0 0.207832083106041 0.6802106648683548 7.197493493556976 0.7025988548994064 74.27322545647621 0 22.30252092331648 4.03394753485918 121.049048371613 1.328806340694427 0 0.09487640857696533
7.068516433238983 22.77424141764641 10.68923087418079 1.306864939630032 3.118379443883896 46.99551390856504 41.03734834492207 135.0495878905058 2.790801025927067 60.69806796312332 5870.774935550988 56.48738966882229 2011.053286895156 332.0260204821825 2.723072811961174 0.3456207811832428 1343.220748364925 1994.561268985271 1101.245317682624 33.05077835917473 25.24235732853413 3.208545058965683 38.24094960838556 4.226344741880894 621.1303645595908 1194.381072849035 637.5776874572039 16.31174829602242 749.9299586564302 25.70602956414223 234.6423922404647 349.6470962241292 4.53257092833519 5755.523650661111 22.78692330420017 669.0627879947424 6268.799307599664 5252.964174203575 1752.047481566668 112.4444816485047 37.78683221340179 1297.118168249726 41.36381693184376 0 16.11355526745319 0.747105285525322 0 0 0.1491375714540482 1.063643515110016 0.2379849925637245 0.227570466697216 0.09499034285545349 124.0110771432519 0.8594841063022614 286.8706306442618 0.6243124827742577 0 0.2861182689666748 0 8.281283557415009 2.57304273545742 0.1486717313528061 0 0.7988010793924332 0.1247550323605537 2.608239188790321 123.1207869201899 76.34009729325771 107.7606823146343 3.040194272994995 0.5041922926902771 0 66.93464145809412 0.8312438726425171 0 1.505349323153496 1.087243676185608 9.586568593978882 209.4014933109283 8.729119077324867 1.566073626279831 4.125279076397419 0 39.35440580546856 0
0.5858619213104248 0.4035489335656166 1.605667494237423 1371.601383700967 90.98500988632441 4583.379995003343 40.48217548429966 767.7373651266098 358.8661112487316 4358.771728880703 56.48738966882229 8706.895605303347 12.71770385652781 352.5884354114532 1008.988469019532 0 2.127001218497753 22.29440647363663 19.54884373396635 7402.976826287806 0.2077134922146797 0.4275009036064148 0.7169505581259727 215.2044284269214 4.943709537386894 19.52457913011312 16.57763412594795 500.4197045564651 308.5877239406109 1.529791414737701 2.981804035604 37.24215669929981 0.101529985666275 169.0850285068154 1.228382527828217 799.5762031823397 14.6366980150342 521.4616594836116 8.931491032242775 2292.089844636619 49.05541153997183 7.452239722013474 4.493307903409004 0 0 0 97.06785636395216 0 6.25597307831049 20.95080158114433 4.887352004647255 70.61034286022186 50.92885655909777 0.6547152549028397 69.02789708971977 0 2.819916665554047 0.8938965797424316 0 0 0.1172946095466614 0 201.9663960933685 0 0 0 159.3816609159112 0 0.2368049472570419 0.3392949402332306 209.2223807796836 3.806267403066158 1.155177056789398 0 0 0.5828715562820435 0.6512020230293274 0 40.34210640192032 0.1004417687654495 3.805387936532497 0.3520666658878326 106.397183381021 0.6083202362060547 0 0
0.7427056580781937 945.6986316069961 2.063808724284172 0.6314810663461685 5.643211342394352 33.08451718091965 17.19005239754915 47.77678533643484 71.19330311566591 18.77634437382221 2011.053286895156 12.71770385652781 1769.189648993313 52.36367781460285 0.7911773100495338 1.133062489330769 2.519389465451241 52.08369216322899 15.02840927988291 6.388071462512016 6.035758011043072 134.0737452879548 16.50917837768793 67.98711386322975 3998.890105597675 102.0078692436218 2921.364113099873 16.4165343567729 81.12742880731821 8.534614130854607 71.4082442894578 145.2863068580627 0 1202.875421784818 132.1804669499397 1216.032696262002 8608.0764118433 6751.868403278291 734.7240014448762 108.6967477574944 147.4066312760115 2253.251499578357 21.83206631243229 0 234.8256054669619 0.976817324757576 0.09990344941616058 0 1.08466437458992 1.093262612819672 3.498578988015652 1.202904880046844 0.4194780066609383 736.7834827229381 1.817018784582615 1716.173477955163 1.601724617183208 0.1183902472257614 0 0 29.90092571079731 8.194773159921169 0.413457065820694 0 5.306372866034508 2.191394463181496 2.86501270532608 1218.099164515734 430.0721671506763 652.5281118601561 2.129528611898422 4.259548626840115 0.09600295126438141 419.1359641775489 5.67897817492485 0.4158224761486053 10.80822914093733 19.35215166211128 143.1479562222958 919.6744612306356 86.7249861061573 50.27856193482876 21.21694652736187 7.445018768310547 177.1210164651275 0.1190972328186035
4461.885403461754 0.08271748572587967 337.6064673885703 7.928486704826355 0.6581780314445496 255.0341829657555 6313.974572706968 4873.715317040682 6.569475837051868 641.828310534358 332.0260204821825 352.5884354114532 52.36367781460285 8042.713499963284 10.96997317671776 0.1292583793401718 430.8455922976136 105.6407449617982 238.1537279784679 196.0147169679403 28.33728618174791 0.3930025324225426 542.0980518311262 16.67115926742554 5.530843019485474 115.8504894524813 113.1910469159484 168.6602921113372 5076.033598810434 3233.676843084395 12.0896350517869 25.58999226242304 12.50139799341559 1056.701539374888 14.70537696033716 661.4213338196278 57.03284528851509 973.3215725682676 104.4208804294467 472.9964936822653 80.67541117966175 8.613123551011086 12.87274982780218 0 0.2971844077110291 6.523356229066849 0.2880724668502808 0 0.1175591796636581 7.034367889165878 0.1807235926389694 2.601550340652466 0.2307934015989304 0 1.376821465790272 0.3205937445163727 0.2841750234365463 0 0.8802439346909523 0 0 0.1586488634347916 0.4144738912582397 0.2645871341228485 0.5908518731594086 0.5721033066511154 16.74095606803894 0 0.8338689282536507 9.056574761867523 22.3766031563282 1.268976159393787 3.570536024868488 0 0 0 0.2007573023438454 0.4740782976150513 3.382878109812737 0.2583501040935516 1.854105740785599 0.175033763051033 0.4489180147647858 0 0 0
0 1.275561325252056 0.2820885628461838 20.55952908843756 2318.874399624765 1361.819680549204 15.41773461550474 112.3534407317638 562.9766833931208 61.99765525758266 2.723072811961174 1008.988469019532 0.7911773100495338 10.96997317671776 269.6988110467792 0 0.5060701817274094 0.5987834930419922 0.5792284682393074 206.8232256621122 0 2.040282353758812 0 373.4391031786799 4.734120823442936 0.9725368767976761 5.501154132187366 84.59557823091745 8.415975920855999 0.1151230111718178 0.3175473213195801 379.0229842439294 0.08917282521724701 9.353151947259903 0 216.7145380079746 0.7165187150239944 12.96963854879141 0.3505202606320381 897.669097058475 48.06424508243799 1.027946591377258 0.3240097761154175 0 0 0 4.550709694623947 0 0.1377153843641281 0.6424635946750641 0 0.2798623144626617 1.543922588229179 0 5.883419550955296 0 0 0 0 0 0 0 8.123715206980705 0 0 0 9.471246346831322 0 0 0 7.0290132984519 0.1164781376719475 0 0 0 0 0 0 8.165443822741508 0 0 0 32.92469155788422 0 0 0
0 16.69504725188017 4.359062373638153 0 0 0.1299750506877899 6.911608375608921 0.3864632546901703 3.92293007671833 0.5880279541015625 0.3456207811832428 0 1.133062489330769 0.1292583793401718 0 2453.183261297643 1.759295433759689 0.1223237290978432 1.411500133574009 0 1642.018090322614 1395.321989893913 4012.772944629192 1044.680566176772 2.133710511028767 2.17217905074358 2940.977319329977 2363.261654317379 1.104930192232132 46.53710665553808 0 0 0 17.42895228415728 7.484998643398285 841.1554627940059 209.3112438097596 205.9968751519918 272.9063259363174 19.97220674157143 1.711385302245617 0.5306966751813889 2.74758405983448 0.2560804039239883 1.223783165216446 23.83570189774036 0 0 0 3.644044019281864 0.2106940001249313 14.91236913949251 0.1136849895119667 0.2676376402378082 0 0 2.152347899973392 0 4162.776022300124 2.996610410511494 0 2.037253245711327 0 519.1263302415609 1327.383747987449 1963.687911443412 196.5043576210737 0 1.89840005338192 1188.794719107449 120.5927180424333 20.97548039257526 77.914172552526 0 0 5.421898201107979 4.912671431899071 3.514784336090088 22.60564923286438 1.957756698131561 14.03597201406956 6.861448809504509 0.770629957318306 0 0 0
84.49822449684143 63.51394191384315 4018.835242375731 0.2141014561057091 0 18.51343762129545 120.6692252829671 524.2823532372713 2.43122337013483 4.316033728420734 1343.220748364925 2.127001218497753 2.519389465451241 430.8455922976136 0.5060701817274094 1.759295433759689 673.2224648669362 320.9705111905932 1913.770690098405 1.370299980044365 432.4283358752728 1.910176895558834 4711.902993872762 8.7831976339221 0.8600461781024933 907.6703210175037 3939.043079979718 40.16230878978968 772.2820763513446 1542.67401073873 0.8172025606036186 6.348546512424946 59.26893363893032 3615.383945524693 10.8529768884182 1393.507548831403 3214.446539312601 3088.286142155528 353.1474005952477 17.53190897405148 2.965822167694569 10.27069443464279 5.350315541028976 0.2209578454494476 109.64666800946 504.3710405752063 0 0 0.1015262603759766 2.444456845521927 0.09182740747928619 2.478289932012558 0 1.073153734207153 0 0.4497005939483643 0.6976521387696266 0 2.760441772639751 79.94187680631876 1.833300963044167 178.9229588508606 0 1.954786911606789 5.941052414476871 6.66812839359045 5.297621302306652 2.278648503124714 887.7224883139133 1164.694494828582 2.661961287260056 0.4972542598843575 1.245434239506721 0.832663357257843 0 0 23.25901499390602 3.27157661318779 141.5965665653348 161.196547575295 96.13995692878962 18.15128017961979 1.563226222991943 0 0 0.1415627151727676
10.49772153794765 2.304780557751656 67.77692154049873 0.2438111081719398 0 12.05931237339973 23.30659829825163 60.18479777872562 0.3432807698845863 25.52826266735792 1994.561268985271 22.29440647363663 52.08369216322899 105.6407449617982 0.5987834930419922 0.1223237290978432 320.9705111905932 65.71201368421316 693.472783409059 12.08394470065832 17.2649636939168 0.4338591024279594 91.2302131652832 1.08758270740509 8.380937285721302 2578.475224643946 915.2705827429891 6.852800466120243 206.9715430736542 37.74877490848303 176.7433867380023 42.80368520319462 5.815594226121902 1136.84312299639 2.478357821702957 769.4518041834235 1761.495779663324 1580.11962415278 696.0081165209413 29.48740261793137 1.527989789843559 8.862505510449409 3.088183678686619 0 12.18963032960892 1.259366892278194 0 0 0 0.1123325973749161 0.5979777872562408 0.242325097322464 0.2339796870946884 19.63126754760742 0.4839541539549828 45.79350952804089 0.8784537315368652 0 0 0.1935077756643295 18.97787247598171 12.23848124593496 0.1969184353947639 0.1028468459844589 0 0 1.447316057980061 18.48120895773172 196.2564151808619 167.2322198525071 0.5421022772789001 0.7697141841053963 0.1737580001354218 29.45915154367685 0.4022476077079773 0 4.58017586171627 3.013777405023575 12.88498323410749 97.39074634760618 14.14057087898254 4.361241512000561 0.2300073057413101 0 0.558117151260376 0
38.56259804219007 13.57116803526878 833.8911304026842 0.3138593807816505 0 15.42172588407993 52.7058956772089 182.1610183641315 0.891013465821743 32.16921447962523 1101.245317682624 19.54884373396635 15.02840927988291 238.1537279784679 0.5792284682393074 1.411500133574009 1913.770690098405 693.472783409059 1070.388748079538 12.53871788084507 99.61651939153671 2.789844416081905 771.3338109105825 4.956627771258354 2.807008922100067 1782.984351970255 1369.421320594847 23.76004502177238 480.5256844013929 377.1553761586547 2.807792894542217 37.31078250706196 28.81874074041843 3878.810065545142 9.492404595017433 2083.653840109706 1515.670711711049 3301.399386763573 766.4361218735576 32.75255705416203 1.261027447879314 2.571612954139709 5.154540076851845 0.2103831693530083 60.84763140231371 26.9824295938015 0 0 0 0.5906066000461578 0 0.4115665704011917 0.2011034116148949 3.111676171422005 0.5865987539291382 7.336070738732815 0.3187184184789658 0.09310898929834366 0.5205157399177551 4.892914950847626 16.88570585101843 87.14884209632874 0.09529896080493927 0.1123068779706955 1.178889788687229 0.5130941271781921 1.734272852540016 9.636593893170357 669.1445872485638 522.762552626431 2.287504479289055 0.340408630669117 1.134695813059807 8.64733099937439 0.2121651992201805 0 10.50488835573196 2.38780602812767 43.84629213064909 82.47812991589308 46.09726121276617 8.151886880397797 0.4760555475950241 0.1731883883476257 0 1.747858643531799
0.5862268507480621 0 0.776790589094162 4107.901511654258 9.597234949469566 513.4632609039545 64.60723586380482 337.5419494137168 509.8543425649405 5444.250893168151 33.05077835917473 7402.976826287806 6.388071462512016 196.0147169679403 206.8232256621122 0 1.370299980044365 12.08394470065832 12.53871788084507 796.4379223883152 0 0 0.3708300888538361 286.509234122932 4.371206849813461 9.868460953235626 7.166480600833893 2763.739404305816 230.3253459483385 0.6865176409482956 1.884741507470608 13.19671382009983 0 104.2820518761873 4.368668884038925 730.4502504020929 14.86476249247789 445.7001978978515 21.10348814725876 941.1276687681675 54.94071571528912 1.646769538521767 6.29268379509449 1.121398068964481 0 0.1275024116039276 169.5005741938949 0 23.24961689114571 101.3811805024743 33.65798786282539 195.9759865030646 65.72964103519917 1.765772692859173 109.3804086521268 0 10.30640485137701 2.965244889259338 0 0.5754819065332413 0.6896962523460388 0 300.7358118072152 1.064956545829773 0 0.6060726046562195 501.4751717969775 0.1471472382545471 0 0.6272667050361633 622.8707442954183 14.02022285759449 1.995977967977524 0.1128669828176498 0.9696311354637146 1.211299933493137 4.732564590871334 0 66.56569670885801 0.7289541959762573 13.58881163597107 2.746580481529236 170.1890662908554 0 0 0.5516620278358459
8.398880824446678 1.648766897618771 673.4112221077085 0 0 7.891594804823399 859.9888290390372 58.35606589913368 7.179532237350941 0.7626916840672493 25.24235732853413 0.2077134922146797 6.035758011043072 28.33728618174791 0 1642.018090322614 432.4283358752728 17.2649636939168 99.61651939153671 0 12033.28084039688 120.568074837327 19574.85501440614 103.3111740797758 0.1155112162232399 17.83328349888325 2282.838795162737 2841.855258859694 147.6192859783769 7912.110274516046 0.2410841882228851 0.1957733705639839 30.61610828340054 2318.404927387834 68.0140655040741 7140.450996018946 1219.95924115181 5916.738010458648 3588.603137753904 133.0978385657072 10.22498244047165 5.361939579248428 39.49004032462835 4.152152471244335 1.220223560929298 14.00929620116949 0 0 0.09589447826147079 25.85406956076622 1.324215658009052 39.11710460484028 0.1082789748907089 0 0 0 10.76887967437506 0 720.9077989161015 2.732087567448616 0.6974564790725708 0.4781477302312851 0 645.6251554042101 116.4051048755646 141.0796069577336 432.299784630537 0 1.398752421140671 80.22414004057646 327.1868823617697 107.2601443752646 232.3626415207982 0 0 22.94181028753519 16.37684069573879 15.20694820582867 62.82237514108419 1.051418244838715 25.96341546624899 5.813151702284813 6.376838684082031 0 0.746268168091774 0.5140957832336426
0 1530.787671633065 2.03259214758873 0 0.1261132210493088 0.1573673635721207 13.66101929545403 0.1391757726669312 2750.378537170589 0.1242450624704361 3.208545058965683 0.4275009036064148 134.0737452879548 0.3930025324225426 2.040282353758812 1395.321989893913 1.910176895558834 0.4338591024279594 2.789844416081905 0 120.568074837327 1118.641996525228 123.1025208979845 7106.30317068845 647.9175257980824 55.71899313479662 4236.307744018734 767.190632134676 1.181199789047241 13.94435405731201 10.3461184874177 0 0.1147221028804779 2.764731749892235 0 12.49151425808668 8.099019072949886 3.995848283171654 1.576463483273983 16.4157290160656 0.2109912186861038 4.942542880773544 0 0.334379717707634 5.241663306951523 50.65120975673199 0 0 0.1646399796009064 1.723251849412918 0.3392499685287476 2.160167016088963 0 1.213444322347641 0.2497874200344086 0.3725156113505363 0.727045051753521 0 933.4673929288983 2.871289372444153 0 1.639748580753803 0 126.8265272751451 120.3497606962919 285.0061782002449 102.3436171784997 5.616293847560883 6.10932482033968 783.9741218015552 35.82107169181108 4.305727243423462 9.931493245065212 0.8761435598134995 0 1.033567830920219 2.060199290513992 0.2516209185123444 7.944552130997181 0.8910658061504364 7.922493368387222 2.45343691110611 0.7362958192825317 0 0 0
137.7194329276681 1.41097367554903 6503.308235503733 0 0 57.87281886488199 1533.629872001708 1157.874155215919 0.6338575631380081 2.642135381698608 38.24094960838556 0.7169505581259727 16.50917837768793 542.0980518311262 0 4012.772944629192 4711.902993872762 91.2302131652832 771.3338109105825 0.3708300888538361 19574.85501440614 123.1025208979845 13626.26046890765 98.46023667603731 4.466512411832809 626.4018248692155 12591.7771525532 1376.236163005233 271.7179187014699 5662.683029122651 0.2165629044175148 1.801752954721451 19.60137006640434 2367.930311836302 84.50251506268978 9335.371226981282 5323.99126508832 8587.217959210277 7263.496991850436 393.2589135766029 33.32100573182106 19.46587113291025 76.8786828815937 1.426988646388054 11.69469678401947 585.1138241291046 0 0 0 8.850293830037117 0.8298310413956642 3.860023371875286 0 0.4433305263519287 0 0.1684071719646454 1.738296501338482 0 2683.48837261647 9.157624714076519 0.3849414587020874 2.650756329298019 0 202.5310604274273 550.0757711678743 1847.22024770081 94.63583137094975 0 6.61188155412674 2980.778927370906 57.16276870667934 6.195352047681808 38.63189145177603 0 0 2.687571361660957 7.515407860279083 46.7363246679306 46.86502604931593 9.951775602996349 34.47593293339014 11.07329546660185 0 0 0 0
21.28705698996782 1131.53878120333 36.58906994014978 1379.101412981749 19.53013461083174 80.87833875417709 481.9385182857513 23.52041904628277 8214.201003856957 319.7611589282751 4.226344741880894 215.2044284269214 67.98711386322975 16.67115926742554 373.4391031786799 1044.680566176772 8.7831976339221 1.08758270740509 4.956627771258354 286.509234122932 103.3111740797758 7106.30317068845 98.46023667603731 6912.258490785956 260.0823841020465 47.45540905743837 4697.692856557667 8666.591322138906 111.5286527499557 372.7257117405534 11.07344958931208 2.412731103599072 16.97898575663567 34.7288963496685 6.582583405077457 540.6751116812229 55.64925117790699 154.8532308638096 62.19581294059753 1067.687040545046 5.996454179286957 2.478374548256397 2.503504939377308 19.44353131204844 10.76829975098372 8.024030730128288 60.84478265047073 0 23.80328696966171 499.2606376037002 74.21464886516333 1126.336097538471 48.09976010769606 8.565911009907722 77.88792540132999 0.9237517416477203 57.39743895828724 0.5097688585519791 427.6615457683802 2.708781182765961 2.949191577732563 2.037934005260468 154.4711313173175 306.2449611499906 141.9144921302795 107.5811759084463 2811.18307865411 0.7621099278330803 10.19982442259789 108.8639442920685 1889.064773827791 237.5559704750776 291.0566055700183 2.133396632969379 0.9597422108054161 26.50587686896324 53.21843369305134 0.9209524393081665 498.7671296820045 7.037019610404968 170.3231732919812 40.79576577246189 115.2623450756073 5.459572069346905 0.1216420382261276 1.599466770887375
3.440306067466736 1599.198317676783 0.3517068326473236 1.286193877458572 0 1.761293277144432 22.6798120290041 3.341714590787888 227.0695595219731 2.670352280139923 621.1303645595908 4.943709537386894 3998.890105597675 5.530843019485474 4.734120823442936 2.133710511028767 0.8600461781024933 8.380937285721302 2.807008922100067 4.371206849813461 0.1155112162232399 647.9175257980824 4.466512411832809 260.0823841020465 350.2437024414539 202.2507948577404 2027.129808329046 37.78515133261681 5.116438254714012 3.150969162583351 117.2955659925938 6.723208084702492 0 801.2210857123137 130.6280930489302 1825.352409258485 1106.04194688797 1074.457374505699 205.4084413796663 279.8220135048032 34.44219897687435 533.8622027933598 7.306425452232361 0 152.9499859809875 1.167389333248138 0 0.243495985865593 0.3983341604471207 0.1778426021337509 1.714386016130447 1.020463861525059 0.1481126546859741 492.2411788403988 0.3154036104679108 1526.078756213188 0.5720847249031067 0 0.1138776540756226 0 12.37002162635326 5.711368232965469 0 0 6.31251385062933 0 2.022626407444477 361.635225892067 191.642859429121 393.2258880883455 3.879651665687561 1.819674178957939 1.160210132598877 172.2290348485112 1.997367739677429 0 6.518174037337303 15.3925803899765 731.4067465439439 188.3528158143163 94.20345438271761 26.76489794254303 148.6019127964973 0.2299032062292099 108.6692784130573 0
11.6252020150423 380.1119989901781 5096.334925167263 0.2272977083921432 0.0928330197930336 20.42947944998741 127.5922281742096 157.6778937876225 40.34553360193968 23.79041913896799 1194.381072849035 19.52457913011312 102.0078692436218 115.8504894524813 0.9725368767976761 2.17217905074358 907.6703210175037 2578.475224643946 1782.984351970255 9.868460953235626 17.83328349888325 55.71899313479662 626.4018248692155 47.45540905743837 202.2507948577404 17314.10704761744 22315.75012459606 33.97028224915266 157.1320120021701 62.986841827631 65.15387190878391 26.49104517698288 3.749337874352932 540.6844108700752 12.95903904736042 2546.203898452222 3944.031377993524 2012.234891481698 961.5227211266756 39.3076948300004 1.277306005358696 26.04556977748871 7.898696452379227 0 774.3019224852324 274.770486459136 0.2846622169017792 0.2433980256319046 1.817582376301289 1.659108631312847 1.80893187224865 2.787614621222019 3.501432985067368 95.29410739988089 2.984816662967205 288.1191477701068 4.435823783278465 0 1.390985056757927 61.54654075950384 180.8763093650341 430.7644648477435 1.509536623954773 0.1196620464324951 5.684866152703762 1.627259001135826 5.784154519438744 336.8844455108047 3837.168552704155 3773.458651356399 4.356284193694592 3.250451274216175 2.469195760786533 224.1269858703017 1.640359930694103 0 92.41790502518415 6.977314680814743 286.5257518067956 570.3358970582485 333.2947348058224 47.55375346541405 3.815117701888084 0.5566434860229492 2.705146014690399 1.334392324090004
15.58161725848913 5872.912506893277 16320.81777028739 0.2482887431979179 0.8294463157653809 18.4199768230319 543.0766048580408 111.9048014879227 1260.624984815717 21.50965391099453 637.5776874572039 16.57763412594795 2921.364113099873 113.1910469159484 5.501154132187366 2940.977319329977 3939.043079979718 915.2705827429891 1369.421320594847 7.166480600833893 2282.838795162737 4236.307744018734 12591.7771525532 4697.692856557667 2027.129808329046 22315.75012459606 18337.83647066355 5029.985875032842 151.7227383852005 172.1486915498972 701.5999376252294 26.97763852775097 7.774671897292137 1234.149149209261 71.4287505671382 7014.3779399544 3411.350171990693 6121.372886806726 2995.208829984069 197.2651424631476 18.81036747246981 72.6933328807354 36.02093857526779 2.344766356050968 3864.983092345297 3434.087146855891 0.2098062336444855 0 4.114970475435257 26.34860111027956 10.50905877351761 24.25844167172909 3.742143765091896 194.342536367476 4.959659703075886 642.8051604479551 10.44602586328983 0.2864127308130264 1480.512312836945 303.7642173543572 246.5982768386602 590.0686020478606 3.700608067214489 48.82994876801968 1994.071723669767 1364.85045325011 113.8187746629119 836.3780169934034 5536.810865879059 16909.78437900543 73.42651990801096 20.22827456146479 20.56622505187988 420.7655056789517 2.530130349099636 0.7080813944339752 212.8001828640699 36.53381012380123 775.5879319682717 953.096237115562 749.3292413204908 115.1923706382513 10.95224782824516 0.6448044031858444 6.219934552907944 2.979751527309418
39.83563566952944 141.0121137872338 905.2092934325337 4771.018311455846 7.590343363583088 653.049754075706 17552.4723857604 252.5492032915354 2794.929322645068 2381.792139410973 16.31174829602242 500.4197045564651 16.4165343567729 168.6602921113372 84.59557823091745 2363.261654317379 40.16230878978968 6.852800466120243 23.76004502177238 2763.739404305816 2841.855258859694 767.190632134676 1376.236163005233 8666.591322138906 37.78515133261681 33.97028224915266 5029.985875032842 11340.72353070974 1035.325671821833 9292.97728458792 0.8572242259979248 5.994799964129925 241.9035600721836 420.3935966417193 73.35254444181919 4381.533073730767 299.7963991686702 1988.588670410216 815.8676303997636 836.7835944518447 67.34528225660324 16.40482750535011 31.9651587381959 39.93249099701643 3.213436104357243 23.34996405243874 218.7470634654164 0 69.50834073126316 1233.738239459693 178.3685679137707 1153.437327228487 157.9173291474581 15.99345807731152 210.0886080488563 0.4774184226989746 109.3102242946625 0.2704250812530518 658.7211842313409 10.55443837493658 7.960484020411968 2.188923016190529 486.2987241223454 537.5364646464586 135.4067200049758 172.2024475634098 4540.459212318063 1.011680573225021 7.733596436679363 156.7708778232336 4339.246918804944 568.2876851335168 769.5749756395817 0.8936690539121628 4.405746459960938 61.19470060616732 107.4496776238084 5.393522933125496 911.755172662437 8.019199691712856 308.4422051385045 59.12487071752548 313.5575671195984 10.33255326002836 2.107214115560055 2.291413471102715
2942.759874805808 0.8799666240811348 144.0588737353683 11.04487130790949 9.849845618009567 228.2013179585338 3722.093184188008 912.2340679913759 30.16436133533716 753.3967395946383 749.9299586564302 308.5877239406109 81.12742880731821 5076.033598810434 8.415975920855999 1.104930192232132 772.2820763513446 206.9715430736542 480.5256844013929 230.3253459483385 147.6192859783769 1.181199789047241 271.7179187014699 111.5286527499557 5.116438254714012 157.1320120021701 151.7227383852005 1035.325671821833 16968.62090895697 4796.483899176121 16.70045297592878 403.8237237110734 1874.944556824863 3504.452522918582 12.37873643636703 1058.175623454154 86.94413815438747 2299.986942399293 458.1192011013627 214.1699119359255 84.08446798473597 2.654460236430168 15.09497309476137 0.3066972121596336 0 4.499287784099579 1.720389567315578 0 0.08018632233142853 22.46859256178141 1.237240456044674 7.107577972114086 1.393739104270935 0.1215419247746468 1.890103310346603 0.2842899411916733 1.050652824342251 0 1.785502932965755 0.2817173600196838 0.125839501619339 0.2002566456794739 0.4874373152852058 2.02792489528656 0.332687184214592 0.9560203552246094 55.65472806990147 0 1.069826923310757 9.030035480856895 72.61406169831753 5.267449930310249 14.32302165031433 0 0 0.5192077234387398 1.498007200658321 1.273091554641724 22.82588333636522 1.641276456415653 6.636606588959694 1.883164547383785 2.943923719227314 0 0 0.313638299703598
2002.030961826444 0.2945840805768967 841.2905291318893 0.2987665012478828 0.1085194125771523 46.08985497057438 5215.467533878982 2251.596386633813 9.657094955444336 5.083924785256386 25.70602956414223 1.529791414737701 8.534614130854607 3233.676843084395 0.1151230111718178 46.53710665553808 1542.67401073873 37.74877490848303 377.1553761586547 0.6865176409482956 7912.110274516046 13.94435405731201 5662.683029122651 372.7257117405534 3.150969162583351 62.986841827631 172.1486915498972 9292.97728458792 4796.483899176121 6133.29890935868 0.5854251682758331 4.067999117076397 874.469531968236 2022.720345109701 71.23625282943249 4018.027104020119 844.5633682310581 3558.706498764455 1127.912067845464 73.25846418738365 20.22444625198841 2.100776724517345 20.61033399403095 3.915158286690712 0.4890729039907455 8.069038063287735 0.872165858745575 0 0.1259288936853409 60.41676787286997 3.73281966894865 22.5845717266202 0.2683340907096863 1.274979874491692 1.572294071316719 0.34061399102211 7.579411119222641 0 74.95141249150038 0.9335218966007233 0.356529675424099 1.002939336001873 3.898195505142212 78.0008230060339 4.365457624197006 18.52342347800732 243.672702409327 0 2.923181988298893 20.22553149610758 345.1781254410744 50.78693372756243 102.8564164638519 0 0 7.246380619704723 8.584061376750469 4.91568161547184 122.4004196599126 0.1874492913484573 34.28628488630056 4.375504814088345 27.35669929534197 1.469323873519897 0 0
