1017.970987595618 1.382561556994915 144.07217092067 2.517135970294476 0.8975007012486458 201.0125962868333 613.246787302196 2499.236353993416 46.18133505433798 267.6168191581964 4.530004099011421 4.31373742967844 0.1815111562609673 4195.954818710685 0.7738352492451668 8.252114288508892 155.1655565500259 1.918534830212593 39.88173478096724 1.5763870626688 45.9039609208703 5.070663638412952 205.1822666451335 74.2206299751997 0.09190714359283447 66.24013397097588 105.5658964961767 473.9674239009619 2324.652438998222 3171.89526694268 0 6.853218823671341 164.414291575551 145.3196021169424 4.603185504674911 114.2154800742865 237.7820491939783 81.6402659714222 22.01093801110983 14.8503390699625 1.45032737404108 0.1619719862937927 0.8247454985976219 1.441215835511684 0 0.1024040654301643 0.3969629183411598 0 0.5845059230923653 6.779357999563217 3.583071872591972 34.5685370862484 0.180945098400116 0 0.3798167705535889 0 5.637857105582952 0 22.43813139200211 0.09876639395952225 0 0 0.730774499475956 6.611601330339909 6.121912091970444 1.334646441042423 55.37484458088875 0 0.1902551129460335 1.414971336722374 40.47725863009691 10.27856682240963 1.190683595836163 0 0 0.1679648756980896 2.404092594981194 0.6557396799325943 9.384804122149944 0.09116528183221817 1.968055106699467 0.3829872608184814 5.242748275399208 0 0 0
1.382561556994915 32.94667315483093 2.534464783966541 0 0 0.5771596804261208 5.713208131492138 2.063844494521618 716.4973040744662 0.5325894579291344 279.8290214538574 0.5291800051927567 605.2623460590839 1.997066102921963 0.9908999130129814 281.0285705849528 142.9602954760194 12.35896241664886 14.40498800575733 0 11.68215311318636 2577.102528072894 12.58073407411575 1059.303294748068 976.5431513190269 541.1267453730106 3684.30647636205 84.68944914638996 2.927347876131535 8.054421879351139 86.2252009883523 0.1995527446269989 1.891401328146458 18.72440970689058 0.1294417381286621 72.64680490642786 104.9324132800102 68.41308801621199 22.64491093158722 7.810557998716831 0 88.42864102870226 0.1145880296826363 0 23.48146925866604 126.764222458005 0 0 0 0.5003684982657433 0.2798749953508377 20.31825298815966 0.1325386166572571 7.172939032316208 0 22.05241245031357 0.5456252619624138 0 10.5195594355464 4.366364158689976 1.18941954523325 3.90232753008604 0 0.6045733392238617 15.53845357149839 9.496730297803879 6.270885311067104 5.388571716845036 187.8318769112229 1137.690941601992 3.716092385351658 0.5499337911605835 0.08801429718732834 2.06648650765419 0 0 0.6539468839764595 1.458171248435974 1.725027918815613 13.421133056283 3.271809056401253 1.757345773279667 0.5162297412753105 0 2.162153899669647 0
144.07217092067 2.534464783966541 4650.384232670069 2.862097203731537 0.09720949828624725 31.32582199573517 552.8361814469099 109.6101154610515 2.130938284099102 13.80240163952112 60.18730268627405 0.5138659402728081 22.78565269708633 65.80512667447329 0 12.81767868250608 3990.93062479794 66.84733188897371 404.2667465433478 1.343832083046436 228.7305746749043 2.436354577541351 9770.983515240252 151.6557836309075 2.53486218303442 6303.071975544095 7931.19683034718 1077.538378953934 223.6059109345078 379.1081744730473 2.204876624047756 2.161861762404442 34.5523548796773 735.9052948951721 66.98053965717554 1426.943138450384 1927.569516114891 2149.125259622931 1110.814765386283 47.85416303575039 5.823304541409016 19.55408645421267 13.7212700471282 0 19.77639126777649 167.454899199307 0.1164428442716599 0 0.1120400950312614 1.9688386246562 0.2706264108419418 1.880446307361126 0.3094741553068161 0.1232241317629814 0 0.2933047488331795 0.3825152590870857 0 22.7413959428668 4.484657108783722 0 0.3978884369134903 0 2.024318739771843 9.620069481432438 59.67489171773195 4.316612809896469 0.4821692407131195 15.92883650958538 616.5240093916655 2.58766296505928 0.1035969480872154 0.2095032557845116 0 0 0 0.9898868203163147 24.68192490935326 16.5864560380578 116.6074871271849 5.753697291016579 7.922183811664581 0 0 0.4954500496387482 0.5503790825605392
2.517135970294476 0 2.862097203731537 4580.030866980553 0.2217352688312531 392.6817766427994 132.5830650627613 82.75261167436838 573.1139364913106 4748.762140065432 1.588485404849052 1787.994650550187 0.2648970633745193 61.88452559709549 50.33178897947073 0.08490392565727234 0.2055407017469406 0 0.08089367300271988 7485.151751577854 1.703544177114964 0.9365987703204155 7.539313644170761 2213.382673941553 0 0.901940930634737 1.556479826569557 2515.099186681211 74.44137311726809 14.49624866992235 0 2.853982746601105 12.72570239007473 51.76968683302402 11.17358054220676 293.3193055093288 2.447435192763805 101.7536294609308 35.38030978292227 152.8847797885537 2.214164413511753 0 3.226333014667034 5.036472074687481 0 0.1122397407889366 69.60544737428427 0 4.231600433588028 41.39351604133844 13.72932120412588 145.8662316501141 6.910146705806255 0.7004933953285217 80.344821177423 0 19.80647574365139 5.425379417836666 1.677743799984455 0.1379893869161606 0 0 184.7833981364965 0.120032049715519 0.7475370392203331 1.346219554543495 326.5089483112097 0 0 0 126.91794526577 9.464355617761612 4.558470413088799 0 0 1.658892653882504 11.37287647277117 2.905057862401009 14.95169275999069 0.2436757013201714 22.54644819349051 1.599261164665222 36.61662140488625 0.536585807800293 0.7398704290390015 2.198627054691315
0.8975007012486458 0 0.09720949828624725 0.2217352688312531 12.60555702447891 335.1992395296693 3.332197405397892 454.3476098254323 24.46064966917038 6.226832412183285 59.15837014466524 56.03578653931618 3.45873486995697 64.05458649247885 748.584376052022 0 0.837879404425621 0.2128644660115242 1.893337793648243 0.7435625866055489 1.651886753737926 0 0.8883244693279266 1.483575060963631 0.413286104798317 16.08121276646852 2.817479990422726 3.752832598984241 203.6373844593763 3.96921794116497 0.5126635730266571 25.04921595752239 0.7574090510606766 327.5614893585443 2.945309400558472 6.518278814852238 13.56740372627974 242.6521809101105 23.73130428045988 1251.16631039232 24.78185468912125 0.1600024849176407 0.3155704438686371 0 0 0 0 0 0 0 0.1006962209939957 0.50112085044384 0 0.1344984173774719 0.2980701327323914 0 0.252543106675148 0 0.4713139235973358 0 0 0 0 0 0 0 1.29074939340353 0 0.1168399229645729 0.1332547813653946 1.277257271111012 0 0 0 0 0 0 15.9010144174099 0.3160571157932281 0 0 0 0.08882679790258408 0 0 0
201.0125962868333 0.5771596804261208 31.32582199573517 392.6817766427994 335.1992395296693 7358.004981353879 3397.511966332793 7090.251983530819 200.1164346039295 4439.198094531894 35.41239257156849 3896.505125194788 5.241738110780716 1292.693404600024 1112.000143378973 0.5858585983514786 13.65974663197994 0.5660461634397507 4.541422881186008 1411.152423761785 14.75387807935476 0.9163690805435181 129.1713432222605 422.8671429157257 0.8788575604557991 22.67877564579248 16.08883850648999 1265.764574877918 820.4744732864201 556.6372717171907 0.2661726772785187 358.8262861296535 31.05984597653151 519.3576561957598 18.60323150455952 455.6635786294937 21.80651100724936 793.340592905879 196.8311404511333 1949.386998713017 180.9758741557598 9.610932655632496 18.45628325641155 9.028266072273254 0.1691257655620575 0.1210308596491814 15.48406136780977 0 2.488896608352661 41.03170250356197 12.49551752209663 79.94998401403427 2.449050821363926 0 16.36150759458542 0.1376045942306519 19.31858989968896 1.502378776669502 10.60984033718705 0 0.2204146981239319 0.1282473802566528 53.02019707858562 0.1087150871753693 4.23761422932148 0.3350224643945694 232.0511611625552 0 0.2255598977208138 0.2371278703212738 116.5532634742558 21.50511897355318 8.867664970457554 0 0 0.5365539640188217 6.829855017364025 1.087133921682835 20.34867127239704 2.524588733911514 12.89532990008593 0.8678848370909691 17.92107127606869 0 0 0
613.246787302196 5.713208131492138 552.8361814469099 132.5830650627613 3.332197405397892 3397.511966332793 13667.92225982249 2247.053496591747 704.1006396785378 6525.376784868538 6.572085335850716 60.06618762761354 0.7004908099770546 2339.372027471662 32.30255468189716 1.956248693168163 30.35365361720324 0.458890974521637 4.308737762272358 60.68836092948914 340.3779675513506 20.34723774343729 1463.463708303869 2035.129078701138 0.1881503164768219 36.6933880187571 145.9453828036785 17212.16098791361 420.4952067956328 4050.461984194815 0 15.37572439014912 58.41278441995382 180.4891998246312 25.81535073369741 402.8441756665707 47.6021525375545 319.7315284386277 105.4155053943396 171.1241302639246 12.37861412018538 0.6647248119115829 12.30958566814661 9.153031282126904 0.07800575345754623 1.011740610003471 11.56493469327688 0 1.636180147528648 54.80286549031734 20.1159027479589 182.2459305301309 3.080892309546471 0.9238220602273941 6.493854895234108 0.08546842634677887 24.67526059225202 0.2286944016814232 19.8033315949142 0 0 0.1252680271863937 30.08775857836008 4.256901867687702 5.695826686918736 2.20019618421793 277.5485047586262 0 0.7152729853987694 0.4233197867870331 157.3561760149896 28.95191435515881 6.64486026018858 0 0 1.014653883874416 12.97086528688669 2.938326142728329 21.62137808650732 0.7002273723483086 20.54160713031888 5.537082679569721 14.90058064460754 0.7160432413220406 0 0.4756044447422028
2499.236353993416 2.063844494521618 109.6101154610515 82.75261167436838 454.3476098254323 7090.251983530819 2247.053496591747 4044.58595970273 157.4579732120037 2140.427574425936 99.83360420912504 1390.075110927224 25.66667331755161 6112.138929147273 536.5906322672963 6.041236903518438 111.2926524654031 1.760303132236004 31.42027397453785 143.3011815100908 55.21005659550428 6.778094716370106 278.3162550106645 203.3881822153926 2.880697458982468 89.30510588735342 93.49963761866093 871.9943580441177 1723.594712723047 3670.404623512179 1.509016446769238 1579.725517705083 93.33169781416655 434.4929051250219 35.26649137586355 659.6719244420528 167.9582029730082 1604.505163021386 523.7123749777675 1715.63257817924 301.5236635804176 35.45955055952072 34.07935448735952 15.71428574621677 0.3329913318157196 0.3976180329918861 11.62292482703924 0 7.866492759436369 70.04204605892301 28.57692132890224 126.2962948493659 5.927095279097557 0 9.167930349707603 0 45.08805576711893 0.1304435133934021 40.7998918928206 0.1794618964195251 0.2033480703830719 0.5445358753204346 27.65214494615793 9.13645676523447 11.27083988115191 2.033156588673592 408.9507040083408 0 0.7366077452898026 1.251917265355587 273.6346039324999 61.15360272303224 18.93300068378448 0 0 2.247172057628632 22.09348911419511 5.234004057943821 31.330162871629 1.162890516221523 27.24916828051209 2.446982488036156 20.95871330052614 0.438935287296772 0 4.088872253894806
46.18133505433798 716.4973040744662 2.130938284099102 573.1139364913106 24.46064966917038 200.1164346039295 704.1006396785378 157.4579732120037 526.81740000844 256.9975223094225 6.187945507466793 725.9265547841787 12.93948985636234 87.72262932360172 560.3842508345842 2.867164708673954 1.971108511090279 1.568961597979069 1.492368876934052 269.8540215492249 4.048100061714649 1601.56045486778 6.112359412014484 4830.854572437704 47.21703127771616 37.21132354438305 421.6238860152662 1975.280478842556 151.9551826491952 114.3662828728557 3.871460422873497 2.861808389425278 40.15255637466908 48.34632307291031 10.40912216156721 181.3872546851635 47.65776528418064 78.02010654658079 25.12066365033388 185.4038093909621 1.369059093296528 2.097045414149761 1.639243759214878 7.340488821268082 6.92174956202507 6.065085537731647 42.29948128759861 0 8.750275813043118 74.38309397548437 16.19154357165098 118.432302467525 6.397788815200329 0.4218993633985519 57.61373142898083 0.1069248542189598 25.90566247701645 16.2996706366539 70.44256082177162 0.4731253981590271 0 0.1963833644986153 128.7878161221743 3.984639652073383 55.30737945437431 9.082318343222141 607.0004794597626 0.4924127608537674 5.450382590293884 26.31338419020176 222.1779780164361 29.40493030101061 9.272465758025646 0.1579937487840652 0 4.63990031182766 7.985138788819313 2.669677548110485 24.75296449661255 2.466463446617126 22.17872551828623 3.936637751758099 36.93348261713982 0.3333320468664169 0 3.571002632379532
267.6168191581964 0.5325894579291344 13.80240163952112 4748.762140065432 6.226832412183285 4439.198094531894 6525.376784868538 2140.427574425936 256.9975223094225 16553.33820002526 18.1379909068346 2593.363646641374 3.304027818143368 1952.47869669646 32.07707337290049 0.514849953353405 2.37180034071207 0.4015759006142616 2.216101579368114 9189.826480805874 13.45157873630524 2.686344973742962 57.47469463199377 693.133725002408 1.157281495630741 12.7577032148838 6.760683961212635 7942.143169671297 918.2514771223068 209.8422036170959 0.09709883481264114 31.04268115758896 116.8282861784101 547.5092255324125 61.8921775072813 1300.167155988514 22.92019913345575 1206.588628262281 345.5896082147956 897.6069137305021 46.62522945553064 1.187726698815823 60.1845036149025 8.916020177304745 0 0.5656168460845947 64.21033427864313 0 4.67948105931282 67.00738399475813 23.28192862868309 166.1401600986719 20.75111052393913 1.030606985092163 50.48521780967712 0.7305102944374084 24.83158829063177 3.312763661146164 4.982576929032803 0 0 0 170.3275075778365 0 0.08781564980745316 1.881219372153282 425.3663360066712 0 0.5474890545010567 0.6876024976372719 245.2827016413212 23.65340934693813 11.01413361728191 0 0 2.383748486638069 17.53605304658413 6.017526067793369 31.08302702009678 1.286600962281227 27.26257217675447 11.26321738958359 22.08186507225037 1.789441525936127 0 0
4.530004099011421 279.8290214538574 60.18730268627405 1.588485404849052 59.15837014466524 35.41239257156849 6.572085335850716 99.83360420912504 6.187945507466793 18.1379909068346 6134.839922629297 14.63897064328194 2547.003661252558 240.9671733677387 4.655136875808239 2.044627532362938 326.519021935761 440.5925450846553 816.8188844621181 2.40738620609045 14.03723933547735 19.72679290175438 44.97744801640511 8.310865506529808 992.2944403886795 6518.04402320832 2210.268189229071 7.84406578540802 453.1994543522596 16.31950883567333 784.5041960775852 153.4222556725144 4.776152946054935 3601.503885753453 6.539525501430035 215.9147572219372 3314.114425599575 4408.276391424239 1115.573191702366 81.00338821858168 265.6692994087934 1113.976524069905 9.763381466269493 0.5869162827730179 21.75885727256536 3.190088391304016 0.3065930604934692 0 0 0.09205937385559082 0 2.012799672782421 0 95.02996782958508 0 336.9820395708084 0.2168625444173813 0 0.2394192144274712 1.623188182711601 32.39004669338465 17.89045614004135 0 0.087777279317379 1.611052483320236 0 4.247813865542412 47.18135897070169 518.5127543136477 261.5804255604744 2.769059803336859 0.5200894176959991 0.4810176640748978 43.8546457067132 0 0 1.152814000844955 4.710461810231209 11.00062097609043 318.4404936730862 4.564482495188713 2.746711604297161 0.157840296626091 0.3955741077661514 100.6325194835663 0
4.31373742967844 0.5291800051927567 0.5138659402728081 1787.994650550187 56.03578653931618 3896.505125194788 60.06618762761354 1390.075110927224 725.9265547841787 2593.363646641374 14.63897064328194 11784.13566815853 3.071316853165627 228.6299506053329 514.9324983507395 0.2760635912418365 0.672201007604599 0.2074237316846848 0.6635940670967102 4475.253176346421 2.263211980462074 3.479511350393295 1.669429041445255 907.7981964573264 0 7.298481106758118 2.193036124110222 598.8054983988404 114.6165446490049 7.661072790622711 0.09264317154884338 37.52805335819721 5.831125877797604 153.431161776185 9.558745846152306 1119.285431221128 8.889461360871792 563.667234160006 145.5215574875474 1531.117427930236 50.38814034312963 1.954096674919128 18.67720641195774 2.00121109187603 0 0 44.20827317982912 0 8.404895700514317 22.12786746025085 7.561591409146786 120.854631870985 23.36218419671059 0 116.3722090870142 0 6.400026336312294 13.57087305188179 3.481605887413025 0.2308751046657562 0 0.6714250445365906 176.960968926549 3.035753339529037 0 1.171627901494503 188.5738864317536 0 0 0.4704677015542984 77.7611522898078 8.109341025352478 1.579414919018745 0 0.2648277878761292 0.1685613840818405 6.51980759203434 1.482288494706154 16.35286360234022 0.6052730083465576 7.812061965465546 0.6596843376755714 64.11016653478146 0.8322385400533676 0 0
0.1815111562609673 605.2623460590839 22.78565269708633 0.2648970633745193 3.45873486995697 5.241738110780716 0.7004908099770546 25.66667331755161 12.93948985636234 3.304027818143368 2547.003661252558 3.071316853165627 1973.178218536079 26.74425382167101 0.2632156908512115 1.510791398584843 8.625269070267677 251.9470040053129 38.5720678716898 0.4774281084537506 1.156416192650795 37.29879173636436 8.198876917362213 14.30924437940121 3093.161854095757 2274.824760012329 3773.992327287793 3.184037737548351 32.76040532439947 1.384875647723675 2537.935848005116 20.96495255082846 0.1123590096831322 579.1065650731325 6.747017607092857 830.7305237054825 4214.291178114712 4029.607045799494 320.2304778173566 43.34326965361834 257.0420793443918 1814.141061276197 12.12037869542837 0 28.93057126551867 2.085235640406609 0.08130273967981339 0 0 0 0 0.9429395720362663 0 203.0663184672594 0.2067612558603287 590.6307839900255 0 0 0.5311304852366447 1.44308078289032 62.96849315613508 16.29653333127499 0.2876639440655708 0 6.130431622266769 0.2063847780227661 1.746288880705833 137.9552538394928 1045.950016416609 512.1476842686534 0.3702844232320786 0 0 83.4498857781291 0 0 1.165098309516907 56.23760962486267 105.3493887111545 574.1577187776566 7.2686737626791 9.857655100524426 1.86970266699791 1.911866337060928 157.482962295413 0
4195.954818710685 1.997066102921963 65.80512667447329 61.88452559709549 64.05458649247885 1292.693404600024 2339.372027471662 6112.138929147273 87.72262932360172 1952.47869669646 240.9671733677387 228.6299506053329 26.74425382167101 2984.868069056422 33.25393910706043 3.463521733880043 66.79449262842536 4.465398132801056 39.553680986166 68.76864324510098 92.1925521120429 5.730865865945816 119.4900382608175 130.0883478969336 2.994896657764912 151.5881270542741 76.38430251926184 766.224202234298 6758.989082157612 1889.891949139535 4.04530943185091 397.652890406549 651.3278554826975 1690.483031138778 35.38146536797285 381.4359632059932 183.6611315980554 2305.754769291729 476.2185401841998 324.8962635397911 221.2958309128881 24.75603427737951 15.5804870352149 4.160420421510935 0.1536668688058853 0.7238878384232521 3.622234351933002 0 1.249573186039925 22.40529526025057 9.333036281168461 65.78916251659393 0.9950304850935936 0 1.337905943393707 0.1925339475274086 16.53261363878846 0.09721962362527847 18.37228467687964 0.0805353969335556 0.2583146542310715 0.3308863118290901 5.683373287320137 4.245787501335144 6.918234091252089 0.9684223011136055 133.1192566156387 0 2.669688016176224 2.551019214093685 85.29153004288673 17.88609606027603 5.068125210702419 0 0 0.7283439338207245 4.026814129203558 1.395460292696953 20.82750695943832 0.9190764166414738 8.096489418298006 1.312750153243542 4.963402464985847 0.08269936591386795 0 1.417756408452988
0.7738352492451668 0.9908999130129814 0 50.33178897947073 748.584376052022 1112.000143378973 32.30255468189716 536.5906322672963 560.3842508345842 32.07707337290049 4.655136875808239 514.9324983507395 0.2632156908512115 33.25393910706043 604.4607484936714 0 0 0 0.1346149891614914 60.79293187707663 0.2217178642749786 3.710626691579819 0.35696642100811 644.1804353445768 0 0.9128114134073257 1.732974462211132 64.33718205988407 68.5947415009141 2.399947687983513 0 334.4729931652546 0.2830380201339722 247.8665435090661 1.953842595219612 226.1858926415443 1.286910906434059 23.0809482857585 4.083016633987427 1276.020411968231 144.2873160988092 0.2505103945732117 0.424710601568222 0.1798752695322037 0 0.1435703337192535 5.34151079505682 0 0.9582760632038116 1.118304505944252 0.712816059589386 27.81671057641506 0.7210344076156616 0 23.08927734196186 0 0.2738440334796906 4.040301948785782 0.1111336275935173 0 0 0 26.93286429345608 0.867836207151413 0 0 28.21878886967897 0 0.3932393863797188 0 10.47054713964462 0.5027487277984619 0.357459545135498 0 0 0 0.2369303703308105 39.17683789134026 4.620158389210701 0 4.156267881393433 8.813052177429199 6.807361483573914 1.589181065559387 0 0
8.252114288508892 281.0285705849528 12.81767868250608 0.08490392565727234 0 0.5858585983514786 1.956248693168163 6.041236903518438 2.867164708673954 0.514849953353405 2.044627532362938 0.2760635912418365 1.510791398584843 3.463521733880043 0 2592.991148859262 2.255710639059544 0 0.9799223840236664 0.1685070246458054 3020.012257166207 1292.107710197568 4432.257464937866 2333.189635582268 4.964270330965519 6.768958203494549 2523.3698772192 3439.056136328727 27.23645729571581 75.74407235905528 0.4288782104849815 0.1176962181925774 20.54006231576204 55.80097106844187 117.062574274838 1733.342139713466 1012.676420807838 406.0712377876043 453.4237555339932 56.58056675642729 4.810501545667648 0.2721406072378159 10.11325930058956 1.486864514648914 14.88965851813555 3.422518044710159 2.947542175650597 0 0.7507743835449219 8.737561248242855 7.468654185533524 16.60107403248549 1.791281178593636 0 4.029027998447418 0.1155263632535934 8.352133460342884 0 3444.583287969232 0.1922029256820679 0 0 30.80205476284027 130.2713684886694 1171.134947188199 458.2468937709928 229.4823754355311 0.1137019842863083 1.721934095025063 279.0507166832685 173.8961555883288 28.03983402997255 20.80750084668398 0 0 1.196586787700653 7.237441204488277 13.1316069662571 42.57134575396776 1.013369537889957 9.504156373441219 2.53369377553463 18.22071712464094 0.9083920493721962 0 2.483888052403927
155.1655565500259 142.9602954760194 3990.93062479794 0.2055407017469406 0.837879404425621 13.65974663197994 30.35365361720324 111.2926524654031 1.971108511090279 2.37180034071207 326.519021935761 0.672201007604599 8.625269070267677 66.79449262842536 0 2.255710639059544 1208.032768309116 124.4872850999236 3378.728467531502 0.1541112512350082 889.7035044878721 6.226452492177486 6849.993567988276 5.413374826312065 1.249126888811588 2119.373296678066 3070.676392138004 95.92626009881496 321.101080223918 465.7062217742205 1.954172305762768 4.071910925209522 54.67166958749294 2636.991216674447 9.746532455086708 664.9359526261687 1160.551518410444 1069.790317706764 301.4689395278692 14.4277577996254 3.295478500425816 10.84547910094261 3.143682904541492 0 2.82052231580019 16.45045586675406 0 0 0 0.2107621505856514 0 0.1667596101760864 0 0.1042927876114845 0.07479302585124969 0.5314319133758545 0 0 0.8622166216373444 1.27425292879343 0.1193781569600105 0.6947211176156998 0 0.1192856803536415 0 2.489099264144897 1.066861808300018 0.3622025772929192 20.45415146648884 51.53667320311069 0.5508479028940201 0.1656645238399506 0 0.1155344396829605 0 0 0.2573150992393494 2.72899141907692 5.969464607536793 18.71742396056652 0.5386727526783943 0.2151967734098434 0 0 0.4231797456741333 0
1.918534830212593 12.35896241664886 66.84733188897371 0 0.2128644660115242 0.5660461634397507 0.458890974521637 1.760303132236004 1.568961597979069 0.4015759006142616 440.5925450846553 0.2074237316846848 251.9470040053129 4.465398132801056 0 0 124.4872850999236 31.5304109454155 557.3858681991696 0 4.438975140452385 3.415972284972668 24.25762174278498 2.465601682662964 29.31909028440714 4879.879428058863 1206.668313317001 1.748421169817448 11.05695644021034 3.440951399505138 437.2866777181625 1.206172354519367 1.779287926852703 255.8296364843845 1.342168159782887 91.79838528484106 488.002222597599 292.7553920000792 241.7554977908731 1.704762399196625 1.449299924075603 34.42745207995176 0.2275421321392059 0 8.051786936819553 2.380337595939636 0 0 0 0.3892327845096588 0 0.2439693585038185 0 5.661599315702915 0 2.835357971489429 0 0 0.1058579906821251 1.74802004545927 3.388573221862316 19.19905358552933 0 0.1030125021934509 0.1035576388239861 0 0.0959726870059967 3.943562045693398 143.1943614259362 118.5089167356491 0 0 0 1.55056744068861 0 0 0.5847316458821297 1.304551526904106 1.737040862441063 19.71874696016312 1.33353640884161 0.333879679441452 0 0 1.679377131164074 0
39.88173478096724 14.40498800575733 404.2667465433478 0.08089367300271988 1.893337793648243 4.541422881186008 4.308737762272358 31.42027397453785 1.492368876934052 2.216101579368114 816.8188844621181 0.6635940670967102 38.5720678716898 39.553680986166 0.1346149891614914 0.9799223840236664 3378.728467531502 557.3858681991696 1338.849255979061 0.08441132307052612 159.9249643981457 2.512146398425102 629.9847503006458 3.682679548859596 15.56369735300541 7036.991211362183 791.7760828211904 15.62075366824865 135.2573349103332 120.6875690296292 25.42034285515547 6.065024368464947 31.12063188105822 2543.816772349179 5.821800425648689 592.5837569534779 1101.290505424142 1499.955083183944 907.2642228156328 11.45635511726141 5.420431554317474 53.98998592793941 5.753597095608711 0 12.96962127834558 22.23152711987495 0 0 0 0.08852137625217438 0.07508496195077896 0.222060889005661 0 3.306763097643852 0 3.073109060525894 0 0 0.08920331299304962 8.337351433932781 3.559408240020275 23.57861164957285 0 0 0.1867194250226021 1.099510848522186 1.097329638898373 1.7296002805233 205.3402900472283 197.8863725587726 0.564004935324192 0.2320952340960503 0.3155040964484215 1.323288932442665 0 0 1.978168852627277 6.459636032581329 4.962942622601986 64.66115284711123 5.844967193901539 2.046237461268902 0.614765040576458 0.2586281597614288 5.806895010173321 0.2391352355480194
1.5763870626688 0 1.343832083046436 7485.151751577854 0.7435625866055489 1411.152423761785 60.68836092948914 143.3011815100908 269.8540215492249 9189.826480805874 2.40738620609045 4475.253176346421 0.4774281084537506 68.76864324510098 60.79293187707663 0.1685070246458054 0.1541112512350082 0 0.08441132307052612 1436.45394448936 1.046510867774487 0.1321191489696503 1.543866865336895 497.2482799813151 0 0.8421673998236656 0.856541708111763 3030.049497097731 56.8116238117218 4.138056121766567 0 4.486705705523491 7.321773119270802 57.85318785905838 14.76311128586531 321.0114882066846 3.036796189844608 146.3148760050535 53.91220408678055 295.2427143603563 6.088928863406181 0.5413357317447662 7.459772206842899 0.9686188772320747 0 0.1866804659366608 36.94023797661066 0.2165547758340836 5.490682065486908 34.80705796927214 13.16920525580645 105.8494145870209 8.292103424668312 0 71.78679570555687 0 13.39812056720257 5.490065917372704 2.170750834047794 0 0 0.08396737277507782 127.8744585588574 0.1943796426057816 0 0.9347619712352753 233.9178762733936 0 0 0 110.1072035878897 12.15011703968048 5.116811200976372 0 0 2.00966714322567 5.940612837672234 0.1687959432601929 15.9006569609046 1.032569393515587 21.79435343295336 1.283545613288879 36.42371322214603 0 0 0.9167316555976868
45.9039609208703 11.68215311318636 228.7305746749043 1.703544177114964 1.651886753737926 14.75387807935476 340.3779675513506 55.21005659550428 4.048100061714649 13.45157873630524 14.03723933547735 2.263211980462074 1.156416192650795 92.1925521120429 0.2217178642749786 3020.012257166207 889.7035044878721 4.438975140452385 159.9249643981457 1.046510867774487 18188.52484752983 41.93803569674492 11250.93615411222 274.6655832901597 0.8207740560173988 101.7214364781976 467.2007597386837 3402.65665075928 457.9997203573585 8472.617277026176 0.09328602999448776 8.029976204037666 322.0672024562955 4755.970854327083 543.2472093105316 3931.038752101362 437.5232148692012 6260.681355565786 2512.662337578833 155.8842084258795 43.48387359082699 2.109567172825336 21.98848496377468 1.585714176297188 0.8668313398957253 0.9462199881672859 2.080491721630096 0 1.140281476080418 3.195161513984203 4.968493454158306 8.9362423568964 1.17547744512558 0.3150218427181244 2.925243929028511 0 6.543993555009365 0 387.9910592883825 0.09206986427307129 0 0.1293347626924515 8.665462404489517 61.65935980528593 111.7081247791648 32.1089124083519 100.3270613774657 0 1.801225364208221 6.160035900771618 103.6632097065449 16.92774261534214 5.672539561986923 0 0 0.7511010468006134 2.393023990094662 46.26191528886557 54.66306599974632 2.43762893229723 6.061350636184216 10.63504669815302 6.31373292952776 0.2872821316123009 0.3066816627979279 0.07056804001331329
5.070663638412952 2577.102528072894 2.436354577541351 0.9365987703204155 0 0.9163690805435181 20.34723774343729 6.778094716370106 1601.56045486778 2.686344973742962 19.72679290175438 3.479511350393295 37.29879173636436 5.730865865945816 3.710626691579819 1292.107710197568 6.226452492177486 3.415972284972668 2.512146398425102 0.1321191489696503 41.93803569674492 1116.204552657902 176.8264930099249 6247.744393926114 241.1041082963347 94.04880481213331 2993.617533527315 539.5973842963576 13.66249690204859 22.51989871263504 10.24941059947014 0 6.120230078697205 12.38728337734938 0.9584970995783806 24.60249662399292 22.53354885429144 12.2021346539259 11.89484329521656 21.81962341815233 0.2312502935528755 2.799801304936409 0 0.7310061305761337 46.70928461104631 24.38363672792912 0 0 0.09176056087017059 3.569913439452648 1.503232471644878 337.365284755826 0 0.2287781164050102 2.716976121068001 0.7953982353210449 2.958724312484264 0 1504.188267730176 0.5200658738613129 0 0.7236689031124115 0.1901114732027054 32.233093932271 331.0883352458477 183.4274211972952 157.2566668093204 2.430769979953766 13.01380586624146 769.7827519699931 64.32141125947237 7.679204791784286 3.296918585896492 0.1257790923118591 0 0.7099263817071915 1.752014026045799 2.144616633653641 16.3015905842185 9.829176098108292 4.901714406907558 6.547261588275433 6.596698626875877 0.171613946557045 0.2222129106521606 0.3136180937290192
205.1822666451335 12.58073407411575 9770.983515240252 7.539313644170761 0.8883244693279266 129.1713432222605 1463.463708303869 278.3162550106645 6.112359412014484 57.47469463199377 44.97744801640511 1.669429041445255 8.198876917362213 119.4900382608175 0.35696642100811 4432.257464937866 6849.993567988276 24.25762174278498 629.9847503006458 1.543866865336895 11250.93615411222 176.8264930099249 22173.36198439449 211.6500415802002 0.134491354227066 1794.265705212951 11548.83234415948 3388.325198628008 218.1228003129363 1831.448604464531 0.2461204007267952 9.107647821307182 44.91417942196131 1834.391264148057 812.8613561615348 9363.634775750339 5820.198643609881 6761.704374141991 5630.981942996383 341.8151057064533 99.62574673444033 17.65527767688036 74.03441635519266 0.752013273537159 11.39866650104523 3.405392795801163 0.15168397128582 0 0.4799834489822388 5.093890368938446 0.9682596698403358 4.971888422966003 0.574192225933075 0 1.477276206016541 0 2.927589617669582 0 1028.623826265335 0.1047026589512825 0 0 2.979866474866867 28.93569504469633 305.7421936616302 145.6489217579365 62.94091936945915 0 1.135847739875317 193.2394213676453 41.81373249739408 5.8183858320117 4.07016558945179 0 0 0.5315219908952713 3.16812638938427 105.1708884388208 60.61413612961769 6.699917778372765 7.347406446933746 12.67599868029356 1.767220541834831 0 1.799527019262314 0.7202299684286118
74.2206299751997 1059.303294748068 151.6557836309075 2213.382673941553 1.483575060963631 422.8671429157257 2035.129078701138 203.3881822153926 4830.854572437704 693.133725002408 8.310865506529808 907.7981964573264 14.30924437940121 130.0883478969336 644.1804353445768 2333.189635582268 5.413374826312065 2.465601682662964 3.682679548859596 497.2482799813151 274.6655832901597 6247.744393926114 211.6500415802002 8901.98586602509 52.87795659154654 51.33911855518818 1298.344869248569 9890.07005340606 231.021923288703 424.7129624113441 3.48562329262495 4.139319501817226 107.6575157642365 133.0315414853394 40.47222663462162 592.4028071910143 40.42245215177536 248.1166427768767 85.87845117598772 201.5221003293991 2.859736502170563 1.68114048987627 7.556334227323532 20.33125496283174 6.650760680437088 5.679599441587925 58.81407033652067 0 11.01626019179821 132.80984454602 60.25493997707963 987.1783351823688 10.78385848924518 1.499839425086975 112.7297193035483 0.2212808132171631 93.03211863711476 11.8355150744319 588.3380278237164 0.3913282677531242 0.2482908964157104 0.1474923118948936 183.8139476105571 98.56634656339884 325.5783629789948 28.30496758967638 1243.209924221039 0.1295693069696426 6.375188231468201 42.84567587822676 738.6683485656977 133.8148183524609 32.54623707383871 0.1312337517738342 0.4712426289916039 4.832278214395046 37.76771391928196 6.239912495017052 154.5759395062923 4.075300119817257 71.7398106791079 9.270706713199615 87.56097926944494 3.350550815463066 0 1.910506553947926
0.09190714359283447 976.5431513190269 2.53486218303442 0 0.413286104798317 0.8788575604557991 0.1881503164768219 2.880697458982468 47.21703127771616 1.157281495630741 992.2944403886795 0 3093.161854095757 2.994896657764912 0 4.964270330965519 1.249126888811588 29.31909028440714 15.56369735300541 0 0.8207740560173988 241.1041082963347 0.134491354227066 52.87795659154654 301.7189957424998 1148.198905907571 1938.439568601549 5.845085844397545 3.176380835473537 0.8036598935723305 471.0563795939088 3.733091175556183 0 138.2644130140543 0.2499664425849915 1221.852482773364 384.9176534563303 563.1610625460744 89.12858486175537 66.98193272948265 57.14295557141304 610.7581518143415 2.335257604718208 0 94.70116623491049 2.219640396535397 0 0 0 0 0 0.4169375598430634 0 170.8936738520861 0 825.5472341328859 0 0 0.8254881054162979 3.366130642592907 30.99185945093632 35.95236675441265 2.690557718276978 0 4.373762853443623 0 2.941823974251747 202.2833814844489 778.2264240756631 868.1070500463247 1.593337520956993 0 0 86.28484693169594 0.5134455263614655 0 1.18161965161562 11.28462022542953 211.886214338243 196.9262868016958 18.30065596103668 3.021812498569489 14.07162444293499 2.206751056015491 56.27088218927383 0
66.24013397097588 541.1267453730106 6303.071975544095 0.901940930634737 16.08121276646852 22.67877564579248 36.6933880187571 89.30510588735342 37.21132354438305 12.7577032148838 6518.04402320832 7.298481106758118 2274.824760012329 151.5881270542741 0.9128114134073257 6.768958203494549 2119.373296678066 4879.879428058863 7036.991211362183 0.8421673998236656 101.7214364781976 94.04880481213331 1794.265705212951 51.33911855518818 1148.198905907571 17001.90405397862 13239.70171929151 73.08508551865816 313.7465742081404 159.0840365551412 666.2584531977773 53.15937901288271 30.58697474002838 2995.483545079827 31.31322216242552 2433.810071460903 9068.824172720313 5692.729003757238 3279.131367258728 60.0659160092473 64.86400124430656 630.0727158412337 21.12007381021976 0.2686062715947628 224.618867687881 464.7499320134521 0 0 0.5155205205082893 2.653656788170338 0.7925126180052757 3.277982734143734 0.1430008113384247 72.1031466126442 0.3695922791957855 148.7603332102299 0.8730151057243347 0 2.128853648900986 80.85561022907495 40.1849730014801 237.6085720732808 0 0.07522283494472504 4.425235152244568 26.98096124827862 3.941119313240051 44.8115329220891 2205.891709171236 2762.174693636596 2.471938319504261 0.4982182309031487 1.443057641386986 28.28246557712555 0 0 17.51648142933846 30.2430422604084 50.52968402951956 1006.983602896333 56.58970949053764 16.33851438015699 4.286830224096775 0.6428614258766174 45.81472437083721 0.4769513458013535
105.5658964961767 3684.30647636205 7931.19683034718 1.556479826569557 2.817479990422726 16.08883850648999 145.9453828036785 93.49963761866093 421.6238860152662 6.760683961212635 2210.268189229071 2.193036124110222 3773.992327287793 76.38430251926184 1.732974462211132 2523.3698772192 3070.676392138004 1206.668313317001 791.7760828211904 0.856541708111763 467.2007597386837 2993.617533527315 11548.83234415948 1298.344869248569 1938.439568601549 13239.70171929151 32491.04187317193 703.1900317519903 311.0863729417324 275.1927714124322 178.1589536517859 9.311196357011795 65.68927252292633 3092.668733850121 219.589566655457 5230.441113948822 9412.547657497227 6769.162550546229 3984.94944871217 162.6414410918951 34.07990604639053 426.3347805142403 48.55154268443584 0.9586948379874229 1658.340440750122 1933.403068505228 0.08618088811635971 0 0.6241916492581367 22.98312417417765 2.984462879598141 11.86809249967337 0.5578015819191933 150.1640967726707 0.181155689060688 145.7178076505661 2.541493281722069 0 1455.167690590024 127.5417994633317 50.3101209923625 321.6715468838811 0.3151336312294006 25.22009682655334 566.77418166399 1226.730360738933 93.81673943251371 228.223533064127 3297.13025803864 14204.14279239625 44.69961924850941 1.295948386192322 5.963142417371273 40.56851759552956 0.3475858792662621 0.1279333084821701 24.95932605862617 87.87422540783882 181.3419203013182 1278.470135040581 154.4440037384629 88.21679749339819 11.23492516577244 3.515379026532173 38.23432166874409 4.172457352280617
473.9674239009619 84.68944914638996 1077.538378953934 2515.099186681211 3.752832598984241 1265.764574877918 17212.16098791361 871.9943580441177 1975.280478842556 7942.143169671297 7.84406578540802 598.8054983988404 3.184037737548351 766.224202234298 64.33718205988407 3439.056136328727 95.92626009881496 1.748421169817448 15.62075366824865 3030.049497097731 3402.65665075928 539.5973842963576 3388.325198628008 9890.07005340606 5.845085844397545 73.08508551865816 703.1900317519903 22370.17977248877 1577.794043082744 7147.419695895165 0.5681665986776352 18.17606864124537 810.264334321022 922.9156730659306 238.8998466804624 2868.228434644639 150.261666059494 1520.87407547608 493.51885535568 427.0861560329795 21.71389424800873 1.642111770808697 33.77697326987982 30.95704573020339 3.057301387190819 2.331233456730843 65.27649543434381 0 12.8327274620533 177.3582603670657 72.09904596954584 678.7102901898324 14.42294297367334 1.647772327065468 63.24117664247751 0.3267959505319595 121.2678355611861 4.505525559186935 559.1652420610189 0.55386982858181 0.0801786333322525 0.2127171829342842 182.1112719401717 100.9475015550852 190.4209279343486 28.44092772901058 1323.471878260374 0.07220512628555298 1.848725885152817 17.08284486830235 875.3671393841505 170.4712200462818 39.70834077894688 0 0.39253169298172 6.214206196367741 51.08895521610975 20.89265651255846 186.8773689568043 3.861630223691463 97.93236453831196 13.98566623032093 81.63737015426159 6.366793088614941 0.9733874499797821 2.147946290671825
2324.652438998222 2.927347876131535 223.6059109345078 74.44137311726809 203.6373844593763 820.4744732864201 420.4952067956328 1723.594712723047 151.9551826491952 918.2514771223068 453.1994543522596 114.6165446490049 32.76040532439947 6758.989082157612 68.5947415009141 27.23645729571581 321.101080223918 11.05695644021034 135.2573349103332 56.8116238117218 457.9997203573585 13.66249690204859 218.1228003129363 231.021923288703 3.176380835473537 313.7465742081404 311.0863729417324 1577.794043082744 14501.13310463727 5356.012393124402 5.053172878921032 1391.019461229444 2814.516397558153 3217.648632392287 11.77121809870005 210.8060082308948 450.297999355942 2087.192353010178 293.8921307474375 123.6784622147679 203.1610975414515 23.08810102194548 4.526767671108246 4.639291532337666 0.3715533539652824 0.7463611960411072 2.449015825986862 0 2.401698715984821 27.82165336608887 15.64552668854594 118.4718501828611 0.8538647443056107 0.7933138683438301 0.2551880404353142 0.378562368452549 24.45759022608399 0 76.51324158161879 0 0 0.08735132217407227 5.482466891407967 12.89299335330725 16.77598438039422 3.665634103119373 209.8417231962085 0 3.508691877126694 3.662181168794632 150.2475868426263 29.46922612562776 8.954778540879488 0 0 0.4519258290529251 7.556455709040165 1.51123420894146 36.98573968186975 2.950314529240131 12.62477127090096 1.676339283585548 10.31894130259752 0.8173726797103882 0.2357246577739716 1.392350569367409
