520.050743997097 0 36.6516430824995 2.23796496540308 0.4866220280528069 44.60735470056534 1965.952324032784 1685.863160863519 4.231385052204132 44.6945062354207 21.29330867528915 1.552335023880005 0.8313344866037369 4229.191370293498 0.0719800740480423 0.6457086205482483 98.29533052444458 9.918984532356262 32.93873749673367 4.687697507441044 25.96062161773443 1.696656532585621 35.77850239723921 37.4236823245883 0.7721912786364555 36.70884995162487 11.85981214791536 61.00628614425659 2350.246757719666 1891.930566683412 0.1796212568879128 25.34858008474112 59.4710732921958 382.3381925337017 8.004892587661743 154.5129197910428 13.25073779374361 378.8798485994339 111.7667124420404 10.07282929867506 10.28395140916109 0.8265630379319191 4.099656604230404 0.07768936455249786 0.1150974258780479 0.6101873219013214 0 0 0 2.800022065639496 0.3595620691776276 2.055213630199432 0 0.07786666601896286 0 0.08501119911670685 0.3676301762461662 0 1.09333062171936 0.233970120549202 0.08956785500049591 0.1935708150267601 0 1.627452611923218 0.4179877415299416 0.4860744997859001 17.51968364417553 0 1.175749227404594 2.418479196727276 15.03701014444232 2.411508217453957 6.059626266360283 0 0 0.7131540328264236 1.841813139617443 0.2949383184313774 7.8550631031394 0.4233039766550064 3.34932766854763 0.8181774988770485 1.399940952658653 0.2234393507242203 0.5014027506113052 1.057804346084595
0 71.17352686822414 458.5992816239595 0 0 1.037524960935116 6.978814549744129 1.919302396476269 138.4211671799421 0.5427008792757988 84.11422545462847 0 362.2270409911871 1.351350449025631 0.4399070218205452 441.4863864555955 184.6299199536443 11.92948644608259 60.9673558101058 0.6819729954004288 18.20323279500008 2216.153352335095 75.01084823161364 678.6289362609386 1432.686322838068 506.4771973565221 7313.500334873796 71.96206842362881 3.176497250795364 3.416084095835686 22.47153337299824 1.239658765494823 0.1920248121023178 114.3538258746266 3.837460249662399 91.71814801543951 93.46002557873726 262.409692004323 52.28920257091522 6.037142515182495 0.126164585351944 110.6516976058483 0 0.3055960088968277 63.55374133586884 147.8723867163062 0 0 0.1346368044614792 2.396424919366837 0.319366879761219 4.066358715295792 0.1758587881922722 11.22878321260214 0.5399291291832924 8.606016404926777 1.195386733859777 0 16.84674050658941 69.96828985959291 9.409959211945534 64.46058178693056 0 1.187129378318787 27.25064853578806 23.24697269499302 21.60026276856661 6.910586662590504 337.7643810287118 1420.566022984684 10.83743798360229 1.946364790201187 2.351705610752106 1.447737298905849 0 0 27.54326727986336 0.7216338068246841 28.61443338543177 20.20291086286306 46.64418661594391 18.41819125413895 1.330291595309973 0.121103398501873 0.1579413264989853 0
36.6516430824995 458.5992816239595 4968.200739584863 0.08555328100919724 0.09066256135702133 2.657495990395546 277.9003519713879 57.20917024463415 1.060056999325752 1.091294921934605 10.62478663027287 0.1558290496468544 10.52304509282112 24.68128464370966 0 28.03521011024714 3370.102345339954 63.66697445511818 198.9044120237231 0.2314783036708832 758.0466308221221 167.8762667626143 10201.52051383257 11.41035175323486 6.995020940899849 6381.66705045104 11196.15717319399 111.8221650496125 73.26814004033804 2262.900010384619 1.313518084585667 2.329115860164165 3.037876322865486 459.042983353138 12.04880834370852 615.1844115033746 3450.595445618033 1189.204508051276 339.0052828267217 18.23835554718971 1.908125855028629 33.29105192422867 3.496957615017891 0 286.5879253074527 1580.655858874321 0 0 0 1.710698820650578 0.5307546705007553 0.9140205681324005 0.0827396959066391 2.562743425369263 0.09147766977548599 2.59585140645504 0.3955538123846054 0 44.18540262430906 235.6851138621569 6.557592049241066 27.99755671620369 0 8.227292597293854 39.53756463527679 202.1819412261248 14.20634339004755 0.5351297482848167 364.2767847850919 2496.484856843948 12.66371459513903 0.3503148481249809 5.040993817150593 0.8006690815091133 0 0.7451431900262833 130.6396299749613 4.132722586393356 142.7835703864694 108.0226697176695 174.1203924790025 65.48787540197372 2.449726603925228 0.9760219901800156 1.449135720729828 0.9024540260434151
2.23796496540308 0 0.08555328100919724 860.6422863453627 4.968196399509907 298.0226197615266 119.2283099666238 56.70452605932951 500.0987439677119 1385.830120034516 2.071800142526627 2229.797527432442 0.145740419626236 22.93174479156733 58.96469946205616 0 0.07821276038885117 0.7153893560171127 0.3812715336680412 2190.774123832583 0.07092104107141495 0 0 1200.498970128596 0 0.8080552518367767 1.225200325250626 2578.598561160266 23.10020003467798 0.7783186510205269 0 7.872313261032104 0.1039801016449928 19.32314788550138 4.110118962824345 168.7706015631557 1.131019398570061 58.63122477382421 18.38392659276724 476.614782743156 5.787024945020676 0.3803806304931641 1.617911718785763 0.6030250415205956 0.09708920121192932 0 19.95332553982735 0 3.241736926138401 34.81522592157125 1.578973196446896 20.8786361142993 19.09053652733564 0.2380693927407265 29.38877154886723 0 2.452047429978848 0 0 0 0 0.06559208780527115 14.60607603192329 0.2043777480721474 0 0.1019639745354652 158.0467528626323 0 0.4659422785043716 0 236.4906044900417 4.674763113260269 2.195324935019016 0 0.1245204955339432 0.4618534445762634 3.18112725764513 0.0870337039232254 10.95987351238728 0.2118240147829056 9.967707999050617 0.7418283596634865 29.90256948024035 0.359896756708622 0.191867008805275 0.104122057557106
0.4866220280528069 0 0.09066256135702133 4.968196399509907 0.2700552344322205 228.4082338064909 8.527649104595184 181.1041310578585 145.7867441624403 16.45516986399889 1.647553265094757 294.1016237512231 0 4.158515900373459 1150.163231924176 0 0.3303770646452904 0.3433399796485901 1.188076093792915 22.13685185462236 0 0.1263868510723114 0.08845119923353195 28.89377295970917 0 0.5368542075157166 0.5443490445613861 6.029463648796082 5.658099710941315 1.524036712944508 0 13.2527884542942 0 80.74129011482 1.960722282528877 56.88492826372385 1.199465058743954 71.80989593267441 22.30751885473728 1667.21029471606 76.71097339689732 1.017663180828094 1.116576820611954 0 0 0 0 0 0 0.190357469022274 0.8234079629182816 1.237826228141785 0.3378868401050568 0.2678814828395844 0 0 0.09803231060504913 0 0 0 0 0 0 0 0 0 2.09619876742363 0 0.1124020665884018 0 2.442574098706245 0.6904405951499939 0.8442503213882446 0 0.115913525223732 0.4156413376331329 0.250653475522995 0 0.3047019094228745 0.175727367401123 0.5061835572123528 0 1.496151596307755 0 0.5952217578887939 0
44.60735470056534 1.037524960935116 2.657495990395546 298.0226197615266 228.4082338064909 4473.301104612648 2051.381767783314 4216.346174173057 78.57314294576645 11618.39108283073 27.08928588777781 2422.924987733364 2.056365445256233 410.7591574341059 280.7294235751033 0.4335485696792603 6.872706674039364 7.22670916467905 13.66000367701054 1797.749891668558 2.097303479909897 7.273308657109737 3.495731621980667 169.890256896615 0.741327241063118 17.02009472995996 12.0135003849864 1722.799941383302 203.0391397215426 61.33998108282685 0.2729332596063614 798.4615445360541 2.839612238109112 313.6539633832872 19.00654703378677 597.5665920749307 14.72229245305061 308.5762697272003 150.1051355712116 937.1012406498194 123.8442622423172 10.55547049641609 8.930432058870792 3.668746873736382 0.4195984676480293 0.1156378388404846 3.746037513017654 0 0.9782313480973244 45.21247138082981 4.872806526720524 16.4963314011693 4.307521395385265 0.624609649181366 5.101139903068542 0.180846244096756 4.288105621933937 0.4527663066983223 0.653166338801384 0.1248563975095749 0.1717745810747147 0.5453907698392868 2.202373698353767 0.4746342152357101 0.6899931654334068 0.2529948055744171 115.9967777132988 0 0.7372826561331749 1.703690879046917 135.2821610048413 8.704136244952679 11.90357709676027 0 0 1.537722505629063 4.957548230886459 0.2055809199810028 18.3216833434999 1.923238880932331 15.47266680002213 3.446567088365555 24.24677213281393 0.8027476817369461 3.041170611977577 0.2256271243095398
1965.952324032784 6.978814549744129 277.9003519713879 119.2283099666238 8.527649104595184 2051.381767783314 10395.12179726362 5673.711722549051 156.4661393389106 4342.250019475818 39.63253353908658 52.24868610873818 6.707967169582844 4411.460144717246 7.808183655142784 13.16798936575651 98.99017430096865 14.41219648718834 40.96332424879074 32.73753817752004 418.7759507223964 20.04815321415663 301.2809890061617 901.9019979946315 5.245466895401478 143.0201148465276 90.48414168506861 16549.09342870116 2505.578713938594 2450.817671027035 0.9421690404415131 87.72961334139109 123.5335845500231 941.0650363713503 239.0563121885061 4295.425468761474 81.77335384488106 2367.536703240126 1355.570804536343 328.5244720503688 125.6332182213664 9.480031259357929 67.35014636069536 17.24708489328623 1.40338946133852 7.2468166872859 2.659155778586864 0 6.145474277436733 253.0529692023993 20.09889616817236 116.3715973868966 7.736573647707701 9.620576336979866 7.916659168899059 3.066050335764885 33.66021944209933 1.369154423475266 20.06036154180765 0.6301107332110405 2.182157415896654 2.345339260995388 2.746671512722969 15.45258961617947 4.216436460614204 14.86702342331409 656.0931256636977 0.1645069718360901 7.637597005814314 11.60088262706995 591.6646515503526 84.77241824567318 113.6675148531795 0.08976814150810242 2.068643860518932 10.33035374432802 35.73496379330754 7.117375366389751 122.5605141818523 4.657256171107292 74.06610397994518 18.81342388689518 99.27020390331745 4.44499996304512 4.985718309879303 4.298303477466106
1685.863160863519 1.919302396476269 57.20917024463415 56.70452605932951 181.1041310578585 4216.346174173057 5673.711722549051 6689.895903378725 8.226944871246815 2859.350506599993 73.14203386008739 189.7597244083881 3.942988254129887 8759.220423657447 5.729455932974815 0.5804099962115288 98.48325806856155 24.67503036558628 67.02289383113384 407.7165254727006 24.97036409378052 6.681042358279228 39.80652691423893 83.31995549052954 1.788357362151146 76.79370795935392 40.9985121563077 280.3031505309045 992.0482005663216 1445.955984100699 1.047135606408119 1528.19323913008 30.94274060428143 663.4475100450218 14.57489693909883 553.8857968524098 29.66075195372105 640.5671057961881 226.1443666666746 742.8586782366037 179.6059947870672 12.54628434032202 6.173727110028267 1.689123220741749 0.9802149757742882 1.438606858253479 0 0 0 55.87561066448689 2.314785718917847 12.99649497121572 1.980483204126358 1.733170405030251 1.634375929832458 0.3628522753715515 5.888120591640472 0 1.763206377625465 1.220681071281433 0.1675834283232689 1.021577201783657 0.4499712437391281 2.634400837123394 0.6332521513104439 0.6235622391104698 95.84310363605618 0.2518666684627533 4.582157604396343 6.337411850690842 97.78321021422744 13.05802061408758 18.16159797459841 0.1113356277346611 0 2.286344215273857 8.631668210029602 0.870092511177063 22.53302827849984 3.514522239565849 13.18543838709593 6.333031430840492 8.847186587750912 2.427730187773705 5.684897735714912 0.08500809967517853
4.231385052204132 138.4211671799421 1.060056999325752 500.0987439677119 145.7867441624403 78.57314294576645 156.4661393389106 8.226944871246815 1255.500737160444 465.2688768133521 2.012103199958801 320.728849299252 9.772557303309441 4.408470205962658 734.1961383968592 18.93920823186636 0.9735292196273804 0.3975275456905365 1.239033386111259 456.0738248005509 4.956229440867901 1991.627400502563 5.804105281829834 7290.773621916771 61.15830884873867 13.23572938889265 151.1489576995373 1807.96698512882 15.99139789491892 19.28782594203949 1.177255317568779 1.6718874797225 1.168910495936871 9.346539065241814 0.9997300431132317 112.14527772367 17.5746923238039 25.10629910230637 17.33591970801353 231.2889481559396 5.122750520706177 7.466372892260551 1.256148166954517 10.95572271198034 0.5279772132635117 3.492816388607025 96.07557317614555 0 4.484640389680862 115.1588138416409 10.15020976960659 171.3444244042039 66.60973096638918 1.495868168771267 73.56849355995655 0.1830302849411964 21.56280171871185 0 205.1168503314257 1.040726244449615 0.731000542640686 1.277009353041649 50.15537343174219 120.6060655787587 78.43452394753695 46.448749743402 1966.22681824863 0.5196283906698227 4.378575801849365 11.16646287590265 998.3079714626074 67.2756820730865 131.1300638318062 0.5965351089835167 0.868367426097393 17.05100679397583 25.1194666326046 2.68586428463459 105.3119968995452 4.47802747040987 60.17017962038517 21.02570670098066 82.3798869997263 1.45048937946558 0.4541046768426895 0.473579615354538
44.6945062354207 0.5427008792757988 1.091294921934605 1385.830120034516 16.45516986399889 11618.39108283073 4342.250019475818 2859.350506599993 465.2688768133521 16090.39114542305 35.22434575110674 3863.467657487839 2.374563120305538 551.9199580438435 118.8835688084364 0.2338576689362526 1.737891651690006 7.891811359673738 8.333836928009987 2990.499855354428 1.489233881235123 1.301505461335182 2.246935173869133 1178.916107624769 2.188436061143875 14.65570409968495 11.16152700781822 6182.672887586057 466.8412280231714 21.45029241219163 0.7512081637978554 103.3392472565174 2.906787522137165 379.4215769059956 55.35348881036043 1857.480144169182 22.90374457091093 1047.3716012761 316.6598953902721 853.8589395433664 104.1013389006257 5.645528048276901 37.05607455968857 1.512866273522377 0.3117329478263855 0.4635809287428856 27.26321350038052 0 5.224825128912926 118.9796344712377 11.90892004966736 47.91222638636827 34.77510761469603 2.375352464616299 36.08220235258341 0 5.686207562685013 0.1666731983423233 0.6353951394557953 0.07799983769655228 0.3110407888889313 0.3831192180514336 19.48921809345484 0 0.2112322300672531 0.5508777350187302 368.2842834740877 0.08860449492931366 1.068396955728531 1.626813337206841 505.1135823316872 14.45830077677965 7.654586300253868 0 1.384997092187405 1.517108350992203 16.03879831731319 0.2501300573348999 46.16246008127928 2.455397069454193 24.76442136988044 5.544052086770535 63.62766340374947 1.926650650799274 0.9100855439901352 0.4881500974297523
21.29330867528915 84.11422545462847 10.62478663027287 2.071800142526627 1.647553265094757 27.08928588777781 39.63253353908658 73.14203386008739 2.012103199958801 35.22434575110674 8432.615188032389 5.523092657327652 1442.666509538889 108.6453260853887 0 7.140250220894814 347.1548021137714 3132.016143187881 882.2067221477628 15.77850629389286 24.55989844352007 16.17336247116327 100.5844994783401 7.849326573312283 866.5663484483957 3148.532434113324 996.7260361760855 13.40997099876404 178.9751189164817 70.04196583479643 334.5123618990183 60.34374100714922 1.853143431246281 5389.443669736385 29.99086903780699 699.0028386078775 4730.39095172286 5524.828498087823 1740.519147075713 39.309176184237 14.76934982836246 795.4423550665379 7.124165557324886 0.2250701859593391 9.46323000639677 3.55238600820303 0 0 0 2.174248807132244 0.08756566047668457 1.154774978756905 0 278.693202085793 0.1665233746170998 552.2893031388521 0.7671930864453316 0 0.4277959316968918 1.212815053761005 14.56778775155544 3.432238757610321 0 0.347905158996582 0.4779931157827377 0.5593420565128326 6.433755375444889 110.9421396031976 97.39546786248684 121.1408131048083 5.835805505514145 1.809175789356232 0.6933284103870392 138.8986737653613 0.1256265491247177 0 5.180106118321419 1.215793147683144 16.84246464073658 180.4440774396062 29.32690350711346 6.379361979663372 0.4333307668566704 1.041000492870808 163.5739568397403 1.434553623199463
1.552335023880005 0 0.1558290496468544 2229.797527432442 294.1016237512231 2422.924987733364 52.24868610873818 189.7597244083881 320.728849299252 3863.467657487839 5.523092657327652 7988.209168121219 0.4321512281894684 45.5106001123786 1770.024231992662 0 0.3597390577197075 1.21811605244875 1.233812496066093 5268.232105709612 0.08382610231637955 0 0.2135710492730141 422.9202126264572 4.266379445791245 3.121422506868839 1.970835842192173 570.6103905141354 34.85388192534447 1.042270816862583 0.07277946174144745 32.84472385793924 0.1933896243572235 45.80071049556136 1.427128747105598 650.401556674391 1.377311326563358 94.12604528665543 21.7828334979713 1604.433893889189 15.02850345522165 1.824918352067471 1.815734803676605 2.357751540839672 0 0 16.28337489813566 0 2.725702799856663 86.05899152159691 9.115074276924133 17.86474692821503 25.08294126391411 0.3465656712651253 47.30804469436407 0 6.521019227802753 3.09001187980175 0 0 0.2962974905967712 0.6431880593299866 26.26478804647923 0.1440228819847107 0 0 155.7097699642181 0 0.3719528391957283 0.2220031172037125 274.0259126350284 7.067014910280704 3.293510884046555 0 0.6662446707487106 0.7543364465236664 9.249593660235405 1.023936115205288 50.75207382440567 2.926409758627415 16.16259916871786 3.053916335105896 72.65888044983149 0.8714321777224541 3.01414529979229 0
0.8313344866037369 362.2270409911871 10.52304509282112 0.145740419626236 0 2.056365445256233 6.707967169582844 3.942988254129887 9.772557303309441 2.374563120305538 1442.666509538889 0.4321512281894684 2076.112211808562 3.91139692813158 0.3889886140823364 13.33867973834276 3.871431306004524 346.4352264553308 10.01902230829 1.1975953951478 3.03271196782589 92.61386651545763 54.61458791047335 40.56624577194452 2793.919323168695 554.2883479446173 3836.540285088122 4.858822032809258 3.548154585063457 6.347259476780891 861.8374458178878 1.833447068929672 0.1315202265977859 287.2491083070636 32.34082119166851 950.6930148154497 4178.765261866152 1789.725148644298 529.3163424581289 67.66838853806257 29.14984139055014 1007.715014442801 10.46584448218346 0.3446683287620544 28.3185388147831 0.8581050336360931 0 0 0 0.151178777217865 0.1045248731970787 0.1683765202760696 0 601.1722868457437 0 1023.66996088624 0 0 0.2884624600410461 0.6213466003537178 17.54781746864319 4.851627424359322 0 0 0.4688631296157837 0.1697611808776855 1.623551018536091 202.183610893786 136.5474595278502 178.7051583006978 0.4640139527618885 0.318605363368988 0.6831355765461922 221.5511522069573 0.2597683668136597 0 3.928644500672817 1.794505000114441 25.60430537909269 361.5173131078482 36.1155169159174 7.157620139420033 0.9301266893744469 5.165032923221588 204.9692797288299 2.387014478445053
4229.191370293498 1.351350449025631 24.68128464370966 22.93174479156733 4.158515900373459 410.7591574341059 4411.460144717246 8759.220423657447 4.408470205962658 551.9199580438435 108.6453260853887 45.5106001123786 3.91139692813158 9063.416932333261 0.4231400638818741 0.1819679364562035 78.42416049540043 36.51485829800367 76.04356506839395 130.0554762221873 15.08660900592804 1.810864754021168 28.49640457332134 55.02269284054637 1.990306600928307 87.70164394378662 63.02200336009264 116.9745071679354 4687.088671404868 1889.892706461251 1.106740437448025 607.8805182948709 36.89987325295806 1054.999987181276 7.108789898455143 249.7727710083127 29.79811288416386 814.1872379109263 148.2727208472788 123.8602012619376 51.447414688766 7.772557258605957 2.354400165379047 1.315539985895157 1.225977651774883 1.366547174751759 0 0 0.0959550216794014 14.49439706653357 2.387421786785126 5.703488990664482 0 0.4848697781562805 0.1123597547411919 0.5853321924805641 1.704242087900639 0 1.889197066426277 0.8595684692263603 0.2416008487343788 0.9460850059986115 0.08594488352537155 2.144597254693508 0.4940690472722054 0.376145176589489 44.39486005157232 0.2031315714120865 4.451312027871609 9.416228018701077 45.25345395505428 5.541383821517229 9.148257002234459 0.1308296769857407 0 0.693493165075779 4.484496787190437 0.09048256278038025 8.916136927902699 1.582061566412449 7.283238552510738 3.74669436365366 9.540352672338486 1.197975412011147 1.75028719753027 1.168480411171913
0.0719800740480423 0.4399070218205452 0 58.96469946205616 1150.163231924176 280.7294235751033 7.808183655142784 5.729455932974815 734.1961383968592 118.8835688084364 0 1770.024231992662 0.3889886140823364 0.4231400638818741 315.8627917468548 0 0 0 0 404.509818688035 0.1633249521255493 5.48630753159523 0.8294510990381241 674.7401322498918 0 0 0.7919509559869766 63.14505171775818 0.1651569530367851 0.7227019518613815 0 57.88825113326311 0 0.1819796934723854 0 78.99963226914406 5.586178779602051 1.667450614273548 2.889803946018219 519.2880671620369 37.74865481257439 0 0 0.2539433836936951 0 0 0 0 0 4.968702375888824 0.2059231400489807 0.9319309294223785 0.171452134847641 0 1.206124186515808 0 0.6200405210256577 0 0.3633652254939079 0 0 0 0 0 0.1266512274742126 0 9.285001926124096 0 0 0 7.303096748888493 1.023834452033043 2.220234595239162 0 0 0 0.2889530062675476 0 4.113240107893944 0.1473408043384552 1.759385213255882 0.9030935168266296 4.234237693250179 0 0 0
0.6457086205482483 441.4863864555955 28.03521011024714 0 0 0.4335485696792603 13.16798936575651 0.5804099962115288 18.93920823186636 0.2338576689362526 7.140250220894814 0 13.33867973834276 0.1819679364562035 0 3657.100495442748 6.650452196598053 2.2351139113307 3.926351509988308 0.1751477420330048 1828.300417602062 2271.620258785784 2293.95869679004 2013.183860607445 37.99807735532522 25.81975245475769 3804.124708533287 1604.564097732306 7.358080580830574 27.18078411370516 0.6991965845227242 0 3.89890668541193 39.65921702235937 18.82118774205446 1022.264760300517 356.8019320368767 403.604088537395 441.3873347640038 10.8799559995532 2.591821536421776 2.623276442289352 9.142339780926704 0.1802575141191483 12.30352884531021 65.59225169569254 0 0 0 5.295642711222172 0.1557252258062363 1.968023531138897 0.2290714457631111 9.922876916825771 0 9.778477847576141 0.9582502692937851 0 1268.578577198088 4.668142534792423 2.182029649615288 4.751561105251312 0 199.0148473605514 323.5737631469965 1210.177882567048 127.3828559219837 0.09205471724271774 16.94146676361561 325.5505374595523 74.05808783322573 6.013825736939907 45.52111110836267 1.089697167277336 0 2.621521830558777 15.81296171247959 0.1559631824493408 139.6873256489635 15.32938739657402 44.73422551900148 35.94685082137585 5.096465349197388 2.086764261126518 14.01341915130615 5.495924435555935
98.29533052444458 184.6299199536443 3370.102345339954 0.07821276038885117 0.3303770646452904 6.872706674039364 98.99017430096865 98.48325806856155 0.9735292196273804 1.737891651690006 347.1548021137714 0.3597390577197075 3.871431306004524 78.42416049540043 0 6.650452196598053 1025.372101180255 234.8386001959443 1974.287948638201 0.7006605416536331 739.7417856678367 39.26979050040245 2974.529454998672 4.392888739705086 5.153931863605976 2261.406447522342 4926.354562580585 17.4477079808712 232.8906718492508 1545.611224077642 1.210047595202923 10.59161873906851 6.658577524125576 1801.30792094022 4.438243985176086 365.0159438475966 2105.669896006584 617.3441751822829 172.5699300691485 3.681921318173409 0.8068746104836464 11.63486571609974 1.74349370598793 0.09203926473855972 139.9280516654253 392.9814033806324 0 0 0 0.5726410821080208 0.5627706721425056 0.5047181397676468 0.169034831225872 4.59017039090395 0.156702034175396 4.80710831284523 0.4897239655256271 0 8.827632255852222 134.6984248906374 16.06735170632601 85.8592671379447 0.165079191327095 1.886049725115299 12.8597602173686 24.38861718773842 3.237291947007179 2.820766381919384 483.2971276938915 1147.13036609441 2.64157984405756 0.1798414587974548 1.855558007955551 2.658612668514252 0 0.08223430812358856 67.1257101520896 1.558808580040932 56.6484436839819 103.7841359227896 71.69449524581432 26.24296639859676 0.6378471404314041 0.2556180506944656 0.4713648483157158 0.8616864830255508
9.918984532356262 11.92948644608259 63.66697445511818 0.7153893560171127 0.3433399796485901 7.22670916467905 14.41219648718834 24.67503036558628 0.3975275456905365 7.891811359673738 3132.016143187881 1.21811605244875 346.4352264553308 36.51485829800367 0 2.2351139113307 234.8386001959443 167.2815565094352 1344.725081689656 4.9056715965271 11.95326688140631 2.559425041079521 58.86967378854752 2.564775012433529 54.90844538062811 4001.408849775791 1013.865521490574 2.874025471508503 55.91683875024319 61.87026825547218 195.3414323329926 19.82135490328074 0.9439015537500381 1098.512912265956 5.576747618615627 516.580900028348 1304.780152484775 1136.541560094804 554.2846142202616 20.88739452511072 4.607832998037338 7.435799583792686 1.854178436100483 0 10.47197636216879 1.762632183730602 0 0 0 0.7535216212272644 0.1308591514825821 0.2711441516876221 0.1624452024698257 50.65091926604509 0 192.707846224308 0 0 0.3121387958526611 2.583882033824921 30.0726296454668 11.2535440698266 0 0 1.86482696980238 0.4200760647654533 1.986113473773003 42.28275729715824 229.0582306757569 380.0393116474152 0.760482132434845 0.2136458158493042 0.1741112098097801 119.2834362611175 0.3018660545349121 0.08463911712169647 4.186489038169384 3.770727820694447 2.614753104746342 33.13808631896973 23.77583426237106 5.595892064273357 0.1660623699426651 0.2263715714216232 2.08416386693716 0.4326237291097641
32.93873749673367 60.9673558101058 198.9044120237231 0.3812715336680412 1.188076093792915 13.66000367701054 40.96332424879074 67.02289383113384 1.239033386111259 8.333836928009987 882.2067221477628 1.233812496066093 10.01902230829 76.04356506839395 0 3.926351509988308 1974.287948638201 1344.725081689656 2473.517910651863 3.922854423522949 47.82442995160818 7.531799100339413 274.4692072495818 6.560918368399143 15.14576665312052 3392.263522580266 1355.416728809476 6.62671022862196 151.3783534504473 339.6738790273666 11.60447863489389 37.70538048446178 3.169592447578907 3529.775097943842 4.913954004645348 479.007818326354 859.0106411576271 1377.872597880661 427.1987888067961 13.7596228569746 1.685475915670395 7.555623635649681 2.572099059820175 0.1980104371905327 54.03836481273174 12.83446192741394 0 0 0.1124750673770905 0.6447508111596107 0.1295390576124191 0.4809805452823639 0.2373161613941193 15.68919114023447 0.1304987519979477 33.60910519212484 0.2571293711662292 0 1.731183595955372 26.10261649638414 38.44513419270515 94.03441808372736 0 0.3961748778820038 4.782551102340221 1.982942901551723 2.177627973258495 11.20370143651962 433.1113323718309 672.0922195836902 1.952095039188862 1.009589038789272 0.7900339215993881 26.43059420585632 0 0 21.04111661761999 1.348362505435944 14.98269511014223 46.30878911912441 28.54212761670351 10.71349588781595 0.7721963971853256 0 0.412474125623703 0
4.687697507441044 0.6819729954004288 0.2314783036708832 2190.774123832583 22.13685185462236 1797.749891668558 32.73753817752004 407.7165254727006 456.0738248005509 2990.499855354428 15.77850629389286 5268.232105709612 1.1975953951478 130.0554762221873 404.509818688035 0.1751477420330048 0.7006605416536331 4.9056715965271 3.922854423522949 297.9763289131224 0.1898118034005165 0 0.2656579092144966 672.3908323794603 0.8923546522855759 8.138178832828999 4.01423766463995 4189.003733016551 101.6553443297744 3.930758439004421 0.6123430356383324 63.45593125373125 0.2913387939333916 122.3260914236307 5.498500019311905 479.2080008760095 6.451013252139091 287.1755210831761 61.58271306008101 1322.027673691511 36.24436917155981 2.178725183010101 7.319057449698448 0.9270601868629456 0 0.08499186486005783 17.13854718953371 0 3.502587683498859 66.4522568359971 5.171335712075233 18.49568090587854 23.15461084246635 1.037826292216778 27.42751046270132 0.1510855555534363 5.69933919608593 0.2953906357288361 0.322368785738945 0.1621436923742294 0.3261136338114738 0.08316437900066376 14.92222079634666 0 0.09888728708028793 0 182.9927472770214 0 0.711640752851963 0.4470072686672211 276.6096999980509 9.745413340628147 3.945122450590134 0 0.1252796798944473 1.159253038465977 8.084124863147736 0.9954159259796143 26.06254150718451 0.4616627767682076 12.42370489239693 2.721279561519623 32.98125644028187 0.8925953209400177 0.9243233203887939 0
25.96062161773443 18.20323279500008 758.0466308221221 0.07092104107141495 0 2.097303479909897 418.7759507223964 24.97036409378052 4.956229440867901 1.489233881235123 24.55989844352007 0.08382610231637955 3.03271196782589 15.08660900592804 0.1633249521255493 1828.300417602062 739.7417856678367 11.95326688140631 47.82442995160818 0.1898118034005165 6811.963108681142 139.9919783845544 11996.69449906051 308.2356992289424 9.802075363695621 145.1543362960219 939.0085372552276 2439.396460413933 106.4855949729681 7927.145312339067 0.3604491353034973 2.069128431379795 39.64186827838421 1777.722035482526 108.589159950614 5394.067543439567 1541.462581470609 4535.019879542291 3417.623770594597 63.81173258274794 7.518247582018375 11.1693149805069 47.71881909668446 0.7326657176017761 2.191761210560799 30.78865442425013 0 0 0 2.393233507871628 0.3197295144200325 2.413040652871132 0 15.00516363978386 0 5.017395377159119 1.57330446690321 0 540.1016920134425 3.362840346992016 3.768850639462471 1.407918900251389 0 304.5188308805227 96.16887078434229 410.5501873940229 192.2081328257918 0 15.57343541830778 96.78481317311525 105.5851767063141 9.648686096072197 107.9544689431787 1.358313739299774 0 5.481104739010334 14.32062309980392 4.883944302797318 236.6737020462751 12.76603622734547 26.76643496006727 18.19965926557779 11.05073738098145 1.380147635936737 20.56892335414886 10.88812670111656
1.696656532585621 2216.153352335095 167.8762667626143 0 0.1263868510723114 7.273308657109737 20.04815321415663 6.681042358279228 1991.627400502563 1.301505461335182 16.17336247116327 0 92.61386651545763 1.810864754021168 5.48630753159523 2271.620258785784 39.26979050040245 2.559425041079521 7.531799100339413 0 139.9919783845544 1779.267876327038 673.1824105903506 4649.854702804238 849.5964002385736 73.03040581941605 4892.66031140089 344.360260181129 20.66599705815315 25.1298326253891 13.13155186921358 0.7247640714049339 1.715529665350914 31.21338252723217 4.720380134880543 126.0070954635739 37.59811836481094 114.7726788967848 41.78472205996513 62.64009226113558 0.3904094696044922 15.46333813667297 0.9680665731430054 2.088939532637596 20.8623221591115 223.9403736069798 0.1315837502479553 0 0 11.47857263684273 1.109316065907478 18.51983655244112 0.07323307543992996 3.21930918097496 3.413888111710548 0.8650866970419884 1.468172658234835 0 1187.29855401814 26.10880859196186 2.401810616254807 3.650113165378571 0 142.2898244634271 134.5423576533794 679.3806712403893 208.7202788293362 1.592131368815899 29.73499238491058 1003.07768303901 101.6599546000361 9.860168758779764 40.29935827851295 1.725243806838989 0 2.076165370643139 27.1663647480309 0.7978197261691093 95.64633692055941 12.09026774019003 58.02357181161642 34.82654379308224 4.857178218662739 0.3003995716571808 1.710688285529613 0.3204737603664398
35.77850239723921 75.01084823161364 10201.52051383257 0 0.08845119923353195 3.495731621980667 301.2809890061617 39.80652691423893 5.804105281829834 2.246935173869133 100.5844994783401 0.2135710492730141 54.61458791047335 28.49640457332134 0.8294510990381241 2293.95869679004 2974.529454998672 58.86967378854752 274.4692072495818 0.2656579092144966 11996.69449906051 673.1824105903506 11522.31355315447 568.9386495426297 44.90145011246204 1703.532179251313 8647.240489631891 2192.465343303978 104.2539129927754 3853.469361849129 0.8534997701644897 4.652779757976532 9.873046606779099 1681.809518888593 142.4334304407239 6729.847504727542 4462.862631991506 6049.300205186009 5194.378791630268 96.93645998835564 14.07624465227127 46.11867976933718 63.97839190065861 0.1348526626825333 28.25522508472204 710.8855647072196 0 0 0 12.89990895241499 0.7200096845626831 1.126472905278206 0.8109131082892418 48.26807622611523 0 23.06168703734875 0.07703111320734024 0 1968.445477150381 24.53375912457705 16.01445329934359 14.95710298418999 0 237.8471051007509 357.1776985749602 2968.432721182704 110.1394943445921 4.810088910162449 95.38886796683073 1586.639197707176 92.61422120779753 2.162578970193863 33.75602199137211 4.508792161941528 0 0.3982916921377182 75.09450173377991 22.23472364991903 278.2493024617434 86.61746360361576 185.462165363133 116.2353067621589 7.229651644825935 1.221465513110161 56.84383268654346 14.17370040714741
37.4236823245883 678.6289362609386 11.41035175323486 1200.498970128596 28.89377295970917 169.890256896615 901.9019979946315 83.31995549052954 7290.773621916771 1178.916107624769 7.849326573312283 422.9202126264572 40.56624577194452 55.02269284054637 674.7401322498918 2013.183860607445 4.392888739705086 2.564775012433529 6.560918368399143 672.3908323794603 308.2356992289424 4649.854702804238 568.9386495426297 8315.33011040464 245.3132202848792 54.29710924625397 1669.975023016334 7635.126088820398 359.8962627239525 242.4336439818144 5.280247405171394 10.55521180480719 56.17054454982281 116.9859130531549 44.22926153987646 2007.470472328365 169.7238539755344 397.8152983412147 320.1318204328418 2215.519710756838 19.36274343729019 6.897267445921898 14.82719911634922 60.78222935274243 7.001762188971043 33.54017551243305 95.43488981574774 0.7790301889181137 31.46906443685293 922.6014043018222 83.45760179311037 974.2022106423974 129.1075813658535 22.4808496311307 148.5641099512577 3.566804371774197 130.8734247796237 7.023381821811199 579.9677160233259 4.113038517534733 7.970295585691929 7.762530028820038 71.92165531218052 390.4004526436329 277.9674893766642 238.5994898974895 4550.926046974957 1.112402655184269 29.98157786205411 73.84884333610535 3568.381129715592 333.4760890044272 512.558110371232 1.403728693723679 4.682076960802078 64.92857497185469 187.9735265634954 12.57313521206379 622.7162502333522 12.51637937873602 372.2884201295674 99.83405463397503 423.2788391262293 26.77376206964254 11.73432001471519 4.266671657562256
0.7721912786364555 1432.686322838068 6.995020940899849 0 0 0.741327241063118 5.245466895401478 1.788357362151146 61.15830884873867 2.188436061143875 866.5663484483957 4.266379445791245 2793.919323168695 1.990306600928307 0 37.99807735532522 5.153931863605976 54.90844538062811 15.14576665312052 0.8923546522855759 9.802075363695621 849.5964002385736 44.90145011246204 245.3132202848792 275.1551652550697 747.0648666024208 7178.28328294307 21.25937424600124 1.897993549704552 3.304855696856976 533.1650480553508 0.9260681346058846 0.09024445712566376 265.9204832166433 8.138280048966408 287.572367310524 435.350875094533 768.8738070726395 243.4288387298584 19.97195415198803 11.8774823397398 431.6419720053673 6.482961118221283 0.2100919112563133 57.80170339345932 0.8708686307072639 0 0 0 0.6473407372832298 0.2383298203349113 1.813797779381275 0.1230445429682732 365.8882282748818 0 1335.200214475393 0.1925574168562889 0 0.9995637610554695 1.591851562261581 23.41730432957411 11.49528829753399 0.09320998191833496 0 2.000991396605968 0.4889124110341072 6.816699422895908 238.2123311534524 263.6328973844647 689.687823086977 3.560384497046471 0.9213819429278374 1.068867146968842 193.2837988510728 0 0.07037847489118576 5.259813606739044 0 43.18532618880272 47.54686895757914 33.93561452627182 3.532447747886181 3.021557211875916 0.1077709719538689 27.38040205836296 0
36.70884995162487 506.4771973565221 6381.66705045104 0.8080552518367767 0.5368542075157166 17.02009472995996 143.0201148465276 76.79370795935392 13.23572938889265 14.65570409968495 3148.532434113324 3.121422506868839 554.2883479446173 87.70164394378662 0 25.81975245475769 2261.406447522342 4001.408849775791 3392.263522580266 8.138178832828999 145.1543362960219 73.03040581941605 1703.532179251313 54.29710924625397 747.0648666024208 27754.27471403778 13220.74290137738 41.55081535130739 161.6810929775238 725.7129354476929 648.3443523496389 43.73850325495005 4.703773207962513 2558.853218838573 18.02290197461843 1870.713474843651 5460.341906122863 4125.731936685741 1394.281071767211 59.3245228305459 6.6882593780756 53.02056092023849 12.1087539345026 0.1162246540188789 512.5738707631826 148.3222964704037 0 0 0.2542018294334412 4.0022212266922 1.406835705041885 3.220225654542446 0.9553260281682014 261.4314462468028 0.2562922760844231 869.2210810557008 1.571351297199726 0 11.37283761054277 164.5272126346827 261.1891340911388 388.1768031939864 0.1587302461266518 1.928308717906475 31.16030306369066 10.76553946733475 13.71075025200844 325.9264203384519 2518.775002449751 4727.656253144145 7.419222354888916 2.6550253033638 4.118541292846203 455.9377265945077 0.4545383602380753 0.1924762278795242 107.7664627283812 9.815911665558815 82.59428342431784 333.5913568884134 208.5029699876904 66.82547023892403 2.263012751936913 2.587068319320679 11.89121706783772 0.4405402690172195
11.85981214791536 7313.500334873796 11196.15717319399 1.225200325250626 0.5443490445613861 12.0135003849864 90.48414168506861 40.9985121563077 151.1489576995373 11.16152700781822 996.7260361760855 1.970835842192173 3836.540285088122 63.02200336009264 0.7919509559869766 3804.124708533287 4926.354562580585 1013.865521490574 1355.416728809476 4.01423766463995 939.0085372552276 4892.66031140089 8647.240489631891 1669.975023016334 7178.28328294307 13220.74290137738 33516.73046322912 1046.056544043124 113.577981363982 213.2398944571614 1089.383897401392 29.99187159538269 4.934556722640991 3229.599670529366 89.23476282507181 5062.478111028671 4444.439377568662 7671.364624425769 2370.855189703405 115.2697103470564 7.07563404738903 58.16547285020351 29.58208016306162 1.386802732944489 2671.402441829443 2030.34995970875 0 0 0.701523095369339 14.48800364136696 2.805794853717089 10.36936132609844 1.725231684744358 237.4765484929085 0.984941691160202 1010.270664162934 3.629194669425488 0 761.4473973736167 467.7686773613095 262.036725834012 617.6593275666237 0.09813497960567474 53.77226785570383 750.9668723419309 1275.349397800863 87.15618189424276 995.9504716545343 3784.921570561826 11116.82041659951 69.68174290657043 5.069733932614326 15.38856830820441 556.1956276968122 0.5157880187034607 0.9282484129071236 342.3179114535451 31.99558836966753 399.5971640497446 404.1757865101099 522.1815203800797 205.5818161815405 8.226358450949192 2.882883034646511 13.16123075038195 1.468522183597088
61.00628614425659 71.96206842362881 111.8221650496125 2578.598561160266 6.029463648796082 1722.799941383302 16549.09342870116 280.3031505309045 1807.96698512882 6182.672887586057 13.40997099876404 570.6103905141354 4.858822032809258 116.9745071679354 63.14505171775818 1604.564097732306 17.4477079808712 2.874025471508503 6.62671022862196 4189.003733016551 2439.396460413933 344.360260181129 2192.465343303978 7635.126088820398 21.25937424600124 41.55081535130739 1046.056544043124 11898.60149592906 904.9699068255723 7166.380497679114 0.9740149304270744 24.01803548634052 269.8724845349789 579.5201388970017 171.0447608232498 6901.006977714598 410.9348746314645 1883.391539983451 1515.733250945807 870.0717355981469 38.09296265989542 10.29984296858311 54.55814398825169 47.93407810479403 4.630048774182796 30.40612514317036 57.92632299661636 0.0754503458738327 26.8432329595089 839.5642183758318 66.75857958197594 391.9817867204547 94.70747552067041 26.30451017618179 103.5789220295846 4.252567052841187 99.50927305594087 2.761616945266724 317.0185912773013 4.503209367394447 6.182183936238289 6.428552515804768 49.01678212732077 268.1848356574774 122.2922577410936 134.641702234745 2812.203469987959 0.09002337604761124 25.95996235311031 81.46856655180454 2650.080891534686 274.3345525488257 396.8536816798151 1.024284549057484 5.258579544723034 46.9890910461545 140.923767209053 11.20241089165211 592.1938725188375 14.1084603369236 282.1793068237603 83.30524935573339 389.5731272548437 18.9337665066123 9.954662561416626 8.560904517769814
