292.4850125312805 2.728080198168755 40.90855618566275 1.357504360377789 0 22.68057499080896 1029.908506087959 838.1540151759982 11.02123682200909 36.46980048716068 16.10272001475096 4.045892305672169 0.1106424033641815 2831.912105951458 0.1136522963643074 2.095025219023228 247.1593090519309 6.915830709040165 50.88448370248079 3.764397673308849 17.46931401640177 0.9841178879141808 30.53443218022585 94.16262305527925 0.2528975158929825 105.256153665483 70.62803145498037 228.6931384131312 3372.346741624177 1385.787067137659 0.1620385199785233 3.464934393763542 255.6541088595986 337.6132047995925 0.3464833199977875 3.7212083786726 1.462143331766129 75.54512804746628 5.476679861545563 0.3794449046254158 3.291183419525623 0.1260025352239609 0.1294308602809906 1.021146632730961 1.89270031452179 0.2223183959722519 0 0 0 4.6155646443367 0.2622164487838745 2.067610003054142 0 0 0 0 1.0479691401124 0 2.209002830088139 0.1166664808988571 0 0 0.1182962357997894 0.6880355700850487 0.3797149062156677 0.2286956012248993 14.44270262122154 0 4.160496883094311 4.233602344989777 24.83945182710886 2.495650418102741 7.631565012037754 0 0 0.5878641530871391 0.9615208804607391 0.3999758362770081 9.374664887785912 0 3.408665046095848 0.8528195321559906 0 0 0 0
2.728080198168755 28.43519297242165 147.2943423911929 0.3894259482622147 0.3033768385648727 1.37983300536871 4.782980903983116 2.790342271327972 330.2665052562952 0.7617873027920723 48.06425254046917 7.514546357095242 1385.592249549925 5.024577260017395 5.160988964140415 94.70618000626564 205.709784053266 12.16493579745293 375.9080902263522 0.4539589136838913 3.805865898728371 2029.987133145332 15.76646412909031 552.8421907350421 1126.452571555972 663.0822266414762 1998.102816700935 14.97835882008076 3.319654539227486 5.284917332231998 25.10916972160339 0.1663228869438171 0.902485303580761 40.17986066639423 3.125635996460915 180.7563132047653 810.6797775402665 281.5875102654099 84.14407951384783 2.596386842429638 0.217085212469101 333.9799046218395 0.4825587421655655 0.1518925130367279 200.2209423780441 105.0828059762716 0.2621255666017532 0 0 1.73930986225605 0 0.5855808109045029 0 13.9481071382761 0 19.65047002583742 1.204676389694214 0 3.250772207975388 58.89446303248405 6.434695810079575 62.2479013055563 0 1.04874561727047 8.195427536964417 7.286803312599659 2.565413050353527 42.97384141385555 385.789408877492 967.9128879606724 1.622319221496582 0.5758145451545715 2.9422692283988 2.728559292852879 0 0.09398721903562546 7.924588553607464 0.2087661027908325 19.43601649999619 20.30496195703745 32.80372083932161 9.839848607778549 0 0 1.581451550126076 0
40.90855618566275 147.2943423911929 2952.132760703564 3.452367968857288 0.1086267977952957 162.3215516135097 2317.38208412379 316.6237364634871 2.488176576793194 64.01660808175802 8.690389581024647 0.6143410429358482 6.752496056258678 291.3379715010524 0.08723549544811249 16.56965217739344 5876.727685958147 10.15052578225732 244.8313575312495 2.104523248970509 251.0677977278829 68.43990864604712 5193.195907175541 85.93491095304489 2.758383028209209 7147.037073761225 9267.050253711641 2002.704913876951 72.54393584281206 477.8408795297146 1.190441496670246 1.567816525697708 8.990537323057652 419.0208091661334 20.45113200694323 444.6014073118567 1595.029115281999 1314.007367163897 521.2220759689808 6.801301591098309 4.843220785260201 8.094920590519905 3.846362456679344 0.7033778056502342 206.3201633393764 499.6323230117559 0 0 0 14.14877112209797 1.378180846571922 0.9617455750703812 0 1.821682058274746 0 0.105488546192646 3.056726038455963 0 19.68456675112247 183.7766225337982 0 24.70387431979179 0 9.533277250826359 107.9551843702793 214.356613650918 12.10999574512243 0.4067317172884941 107.6825150996447 1327.45286539197 18.53408752381802 1.809339806437492 15.03960234671831 0 0 0.3402392864227295 16.05446629971266 5.245779052376747 133.7647108584642 74.6746247112751 180.9234706684947 85.48368030041456 1.318808674812317 0.5396953225135803 2.689082086086273 1.665608197450638
1.357504360377789 0.3894259482622147 3.452367968857288 244.5831355750561 0 69.41140440106392 328.9294254928827 36.924660384655 550.2039377391338 1727.07307202369 1.909565456211567 1722.880825683475 0.2151184380054474 21.06248319149017 17.21704693138599 0 0.2225027084350586 0.9306942000985146 1.031407535076141 784.6775294542313 1.602742984890938 1.96232371032238 2.080035351216793 761.5623765140772 0 2.047893010079861 3.290493436157703 3026.611043013632 22.16935365647078 1.692883379757404 0.07353541254997253 1.017812609672546 0.7220150530338287 19.67509419471025 2.990003377199173 32.28445469588041 0.8752613961696625 34.24040132761002 4.586283817887306 161.3982227742672 7.49407897144556 0.1059209480881691 3.075823068618774 0 0 0 23.5601871162653 0 4.818382054567337 13.65696981549263 1.979139164090157 57.20521701872349 32.02163083851337 0 49.53382709622383 0 0.5069951340556145 9.775861948728561 0 0 0 0 8.772201836109161 0 0.8219629973173141 0 187.4174628779292 0 0 0.1469259411096573 76.86060687154531 0.4158546552062035 0 0 0 0 0.1809089556336403 0.243632897734642 0.4566005170345306 0 0.9515601471066475 1.227512642741203 28.09702579677105 0 0 0
0 0.3033768385648727 0.1086267977952957 0 1.496935844421387 33.39320532232523 0.6779755055904388 1.420808717608452 160.8841690272093 1.669435106217861 54.79699477553368 105.0344601422548 3.600780658423901 1.897287108004093 1690.937073335052 0 0.1125368401408195 4.50948553532362 3.582393817603588 1.477608725428581 0 1.636885806918144 0.2511375024914742 2.51927050948143 0.1241460666060448 5.112233616411686 0.9125434085726738 2.207552954554558 1.016752362251282 0 0.408888190984726 5.569227457046509 0 354.6557189673185 0.6012295484542847 9.453601866960526 5.433580622076988 214.0818976461887 102.3308584094048 1273.422860488296 33.86117778718472 4.095422849059105 0.5399386882781982 0 0 0 0 0 0 0 0 0 0 0 0 0 0.6088321208953857 0 0 0 0 0 0 0 0 0 3.399147674441338 0 0 0.3800088614225388 0.170898973941803 0 0 0 0 0 0.1203058063983917 0.2093531638383865 0.785405695438385 0.4178449213504791 0.4559129476547241 0 0 0 0 0
22.68057499080896 1.37983300536871 162.3215516135097 69.41140440106392 33.39320532232523 5620.196666099131 3828.484044931829 4532.41199253127 177.3314133659005 8286.815054479986 188.6380210183561 3173.766478046775 104.3821762427688 1002.727793741971 336.0069952532649 1.486854285001755 29.85428819805384 43.1041083112359 44.63614077121019 466.1350231170654 23.17309029400349 1.702735081315041 44.59673847258091 242.1405757069588 3.241146810352802 81.94180570542812 49.99405908584595 976.8711732253432 472.0101148076355 49.10515259951353 3.224522151052952 595.3732066303492 8.301660351455212 438.9096307754517 21.81206024438143 950.4310972467065 288.4227055460215 694.6133357360959 483.1934550106525 752.8406345099211 186.5683701261878 56.27363957464695 18.65362703055143 0.7396522238850594 0.7725059166550636 0.6186576187610626 0 0 0.7450819611549377 12.3253032118082 3.017844595015049 5.468339391052723 0.4811840355396271 0 0.9419791251420975 0 2.193827651441097 0 0.4263637140393257 0.2382762208580971 0 0 0 0 2.473433747887611 1.224907778203487 39.89282271265984 0.1946408599615097 0.8659252896904945 4.014322474598885 31.4530096873641 4.346459612250328 10.98424428701401 0 0.1494916528463364 1.130812495946884 1.846758238971233 3.332830876111984 9.938831187784672 2.074281454086304 6.928295277059078 4.237603805959225 0.6057311445474625 0.2628762722015381 0.7916795909404755 0.2181253880262375
1029.908506087959 4.782980903983116 2317.38208412379 328.9294254928827 0.6779755055904388 3828.484044931829 10460.16178578138 3771.903655342758 130.334457591176 4795.683321662247 53.03194303065538 19.92976075410843 5.440390028059483 5631.676789287478 23.38617853075266 11.46425990015268 906.980369284749 20.67221163958311 96.88625329360366 86.9914482831955 741.8779102787375 3.97368149459362 1211.695240661502 617.8880684524775 2.502723447978497 683.0123363249004 365.1043045111001 12038.63950615376 2126.259172461927 5589.950072214007 1.171787515282631 21.05832356959581 189.8685056567192 882.8465608991683 97.93757847696543 920.8212306126952 50.16172517091036 1169.824303016067 258.1953096985817 95.73196391016245 172.5403611809015 4.645318917930126 20.69307552278042 5.301522225141525 6.101191014051437 8.734714761376381 16.72105592489243 0 2.632584512233734 108.1431738212705 18.26613562554121 57.45911946892738 23.14562129229307 0.9806023091077805 8.768646217882633 0.09393581002950668 26.27519961446524 5.053757801651955 5.049720242619514 1.877554520964622 0 1.086694821715355 5.963999211788177 1.004370957612991 6.161046750843525 8.881723426282406 560.6844526231289 0.09883606433868408 5.985720403492451 30.66330477595329 433.6802024319768 23.90795280784369 20.37460365891457 0 0.1624098420143127 1.580406904220581 8.887232854962349 7.565585076808929 51.69666586816311 2.761616587638855 31.18921829015017 18.6994668841362 15.62856735289097 1.288316443562508 0.168816551566124 0.1271585077047348
838.1540151759982 2.790342271327972 316.6237364634871 36.924660384655 1.420808717608452 4532.41199253127 3771.903655342758 4400.347580764443 23.48868212848902 2488.197360698134 144.8837114833295 1317.563635382801 21.28172154724598 5085.835556864738 84.82087630033493 2.245406337082386 411.9895460754633 37.88798850402236 103.210787601769 271.2643126025796 31.65456365048885 1.308180183172226 106.5969636291265 140.524408698082 0.1986311674118042 309.2101226225495 146.1455069966614 479.8235524892807 838.4746186621487 1051.229967087507 2.00787092000246 254.7477123960853 32.07358192652464 443.817287877202 5.977143093943596 173.9462289884686 34.42543608695269 368.1948388069868 138.7548015676439 154.6983042955399 49.43866901099682 15.6350901350379 4.483854033052921 0.2476789355278015 3.110188201069832 2.185737401247025 0.2216097116470337 0 0.1417419165372849 6.937666714191437 0.7753688544034958 3.666483446955681 0.7487268969416618 0.1208214685320854 0 0 1.192190259695053 0 0.8483067080378532 0.2056935206055641 0 0.8716881051659584 0 0 2.104999557137489 1.168321028351784 20.07170448452234 0.08761042356491089 3.309970065951347 8.351859584450722 19.77485065162182 3.10628729313612 5.11711934953928 0 0.1163076981902122 0.5627508088946342 1.745722025632858 0.1265114098787308 5.541513167321682 1.23960354924202 3.654660850763321 2.921082526445389 0.1272590607404709 0.1229495778679848 0.1138119548559189 0.678992748260498
11.02123682200909 330.2665052562952 2.488176576793194 550.2039377391338 160.8841690272093 177.3314133659005 130.334457591176 23.48868212848902 956.7334208786488 185.623340792954 7.792425937950611 598.829152777791 126.6613108292222 15.95558991283178 1138.704732328653 19.62976349890232 2.843173541128635 0.11152633279562 2.502439200878143 372.399994790554 3.798092342913151 1794.848094902933 1.316330790519714 5116.163965508342 92.79204105585814 12.30280701071024 545.7797745540738 1309.210064344108 64.13170491158962 390.6359467729926 5.5587347894907 0.7065554186701775 10.4368182644248 20.41137713938951 18.52456097304821 239.4984542652965 17.12038470059633 58.38037317991257 27.9994865655899 440.0553062260151 8.708764791488647 12.71441944688559 3.926641449332237 13.97076936811209 2.264930963516235 1.763782344758511 21.05846206843853 0.6731292903423309 1.816020049154758 113.8430735468864 2.40271008014679 45.99490059167147 43.91474436968565 2.934328429400921 19.54178559780121 2.374913305044174 11.73110858350992 7.54915314912796 34.93829842656851 0.9841215908527374 0.08302118629217148 0.6501495316624641 17.37328399717808 5.540404342114925 10.72502072155476 0.7838831469416618 759.9800483435392 5.500479832291603 1.693499840795994 6.397449895739555 398.6789044737816 57.55683260411024 179.2160072997212 0.4010153114795685 0 9.129858538508415 17.18178950995207 7.301727712154388 116.8526886478066 1.59377297013998 41.33669373393059 15.75507036596537 39.14766698330641 2.032119557261467 0.1344104409217834 1.029981419444084
36.46980048716068 0.7617873027920723 64.01660808175802 1727.07307202369 1.669435106217861 8286.815054479986 4795.683321662247 2488.197360698134 185.623340792954 17713.25842772424 109.3897499740124 2825.869231447577 11.10330257192254 1310.131911050528 55.40647821873426 0.08926879614591599 15.46641683578491 32.501016844064 52.72656875476241 1374.975321292877 13.21674111485481 0.1922108978033066 21.22177828848362 560.6642526239157 0.7119778245687485 52.33420031517744 24.2454342469573 4218.018826119602 728.567338231951 26.63130750507116 1.827375423163176 42.9230631776154 4.603049695491791 593.770277492702 25.66545909643173 508.1492534354329 18.30123683810234 900.8485959023237 97.7963796928525 146.7020283415914 151.4502765834332 6.088380806148052 17.22391681373119 0 0.1856922432780266 0.5408752262592316 9.977774165570736 1.518032193183899 0.1418568640947342 5.973063282668591 0.1417462080717087 31.61540372669697 11.85471829026937 0.09128335863351822 17.20875316858292 0.1411709785461426 1.277500659227371 6.696550190448761 0.2561971247196198 0.2249148190021515 0 0.1071417182683945 3.837805598974228 0 0 0 97.01437851041555 0.2021845057606697 1.029744498431683 0.9253959506750107 37.45435654371977 0.2251051142811775 0.5301430821418762 0 0 0 0.1662578284740448 0.7287035062909126 3.404233455657959 0 0.3533481508493423 1.478937171399593 16.72235129773617 0.09591849893331528 0 0.156137228012085
16.10272001475096 48.06425254046917 8.690389581024647 1.909565456211567 54.79699477553368 188.6380210183561 53.03194303065538 144.8837114833295 7.792425937950611 109.3897499740124 4557.665469333529 50.34801100566983 1266.6881749928 168.8948942348361 5.449748523533344 1.046141155064106 464.224475376308 2915.88933622092 1119.639440730214 15.85766652971506 16.16973982006311 24.35414675623178 32.05130580812693 17.10552979260683 216.2950151711702 430.3034435398877 229.1057060211897 31.08569444343448 374.686081007123 11.53817743062973 172.659121491015 325.1779568791389 11.68264206498861 2435.964549448341 25.57457257062197 392.4334567710757 3296.193555042148 3591.562301628292 1161.662790231407 3.927463851869106 54.15627843886614 687.3608642071486 8.736980482935905 0.1658494845032692 5.89995214343071 0.08361152559518814 0 0.180483341217041 0.8852165192365646 0.8395592235028744 2.054306603968143 0.1896463707089424 0.9621888250112534 1035.029419720173 0.2974483296275139 807.5520563200116 3.826223731040955 0 0.1046136021614075 0 10.77201177179813 1.489795930683613 0.3327864408493042 0 0 0.1108022630214691 1.695161163806915 294.5482985675335 23.81128207594156 94.79050178825855 2.425706595182419 2.856328718364239 0.2815856710076332 71.80033321678638 2.384094782173634 0 55.27787386626005 0.1228637024760246 4.761437058448792 465.5396910607815 124.5365451276302 8.133319146931171 1.809863619506359 1.409323014318943 261.5238048136234 2.705854654312134
4.045892305672169 7.514546357095242 0.6143410429358482 1722.880825683475 105.0344601422548 3173.766478046775 19.92976075410843 1317.563635382801 598.829152777791 2825.869231447577 50.34801100566983 3236.854223929346 11.88135657086968 323.9575342051685 419.2583167776465 0 1.070483349263668 13.89503787085414 19.59944003820419 2621.771471500397 0.1680815517902374 62.98270455002785 0.404549203813076 518.0393981412053 11.31273382157087 14.2693033516407 22.22681937739253 1498.914257436991 142.0550133287907 1.375263474881649 0.6631948165595531 31.51900366321206 0.091208815574646 138.0918027162552 1.211679741740227 34.94519282877445 6.363101400434971 159.4320183396339 38.66394805908203 435.2968252971768 32.37084047496319 3.240249522030354 2.152714930474758 0.1400033980607986 0.07273650914430618 0 7.298229828476906 2.506256341934204 0 2.324667692184448 0 27.95906817913055 8.875698357820511 0.1183704733848572 19.64706200361252 0.06596497446298599 0 3.407095730304718 0 0 0.0718071386218071 0 5.345078229904175 0 0 0 59.16172111034393 0 0.08284188061952591 0.3511248603463173 13.39076396077871 0 0 0 0 0 0.4668788313865662 0 0.2482069283723831 0 0.1273486018180847 0.1228242963552475 54.05504187941551 0 0.09561679512262344 0
0.1106424033641815 1385.592249549925 6.752496056258678 0.2151184380054474 3.600780658423901 104.3821762427688 5.440390028059483 21.28172154724598 126.6613108292222 11.10330257192254 1266.6881749928 11.88135657086968 2717.423795558512 19.37870924174786 12.92723757773638 6.458897523581982 3.168373808264732 86.04040597379208 18.43366800248623 1.577007159590721 6.364751823246479 521.9170544072986 20.0283258035779 139.7438141107559 3703.737121231854 295.4027431383729 2513.606343373656 9.350834883749485 20.59934229403734 0.4468368589878082 1199.045953899622 46.18995602428913 1.036490246653557 615.5427436754107 360.7459758520126 2223.520322397351 7284.05823212862 4691.042544417083 752.9871776849031 37.66841093450785 88.59016544371843 911.4602322429419 13.66798719763756 0 13.40363155305386 0 0 0.4223512336611748 0.9727480635046959 0.5561527460813522 1.815807417035103 0.1200884431600571 0.1451842859387398 776.8605763465166 0.141137033700943 891.7148146554828 2.506948031485081 0 0.5918796211481094 0.5255584269762039 31.47219250351191 6.157600156962872 0.2496860176324844 2.000844120979309 1.73326101154089 0.2820972800254822 0.591558538377285 1117.179382763803 69.65609125047922 322.1841918230057 0.9320363625884056 2.122902892529964 0.3099209144711494 178.0406084805727 1.717392951250076 0 25.27782974392176 56.85139164328575 51.73294931650162 314.529006049037 83.55680062621832 33.9019251614809 0.946592278778553 7.624217964708805 76.70466683804989 2.398614645004272
2831.912105951458 5.024577260017395 291.3379715010524 21.06248319149017 1.897287108004093 1002.727793741971 5631.676789287478 5085.835556864738 15.95558991283178 1310.131911050528 168.8948942348361 323.9575342051685 19.37870924174786 8604.043419726193 44.16479887068272 4.351707488298416 610.0826462581754 53.26226275414228 168.231715194881 149.3330694623291 38.10923506319523 1.226846158504486 115.0325604975224 202.9680393636227 0.5358919948339462 371.7486308626831 187.4431027770042 543.7309006527066 3511.759775966406 2077.51368458569 1.629759408533573 88.70258364081383 520.9147528037429 1076.591265339404 1.285648562014103 162.4745761007071 28.68751626461744 529.6604728065431 87.10029595717788 60.93820722401142 31.90384212136269 6.427611775696278 3.266836822032928 0.3396778479218483 3.13169701397419 0.8766511976718903 0.480338878929615 0 0.1080653592944145 9.012054570019245 0.9844848737120628 5.555865995585918 0.5039149671792984 0.13541279733181 0.457419365644455 0.3068708404898643 2.592387787997723 0 3.265395425260067 0.4814023375511169 0 1.1237678155303 0 0.3680668622255325 1.091208443045616 1.459326878190041 31.81677886098623 0 6.482438400387764 13.58571849018335 34.42990645766258 2.557305790483952 11.17895335704088 0 0 0.800772599875927 2.986152067780495 2.058532178401947 12.74832778424025 1.519223541021347 3.994922883808613 1.69078578799963 0 0.3192832916975021 0 0.1489333510398865
0.1136522963643074 5.160988964140415 0.08723549544811249 17.21704693138599 1690.937073335052 336.0069952532649 23.38617853075266 84.82087630033493 1138.704732328653 55.40647821873426 5.449748523533344 419.2583167776465 12.92723757773638 44.16479887068272 290.2850796803832 1.329802110791206 0.08154704421758652 1.376447610557079 1.184288360178471 45.45990408211946 0 34.33548161387444 3.386587582528591 207.1869288831949 1.245899692177773 2.817087136209011 18.93381026387215 36.54348500072956 35.55482707172632 0.6404429823160172 0.3650250807404518 115.5713119730353 0 12.77623526006937 2.485527157783508 453.2347286194563 113.0645263269544 44.15334199368954 105.3982920348644 956.5233779102564 183.6860510036349 7.80435037612915 3.149809017777443 0 0 0 3.619621977210045 0 0 0.4737387299537659 0 11.08310765028 5.748484551906586 0 11.47936913371086 0 0 2.477430701255798 0.5401403456926346 0 0 0 0 0 0 0.1657163351774216 34.44526969641447 0 0 0.4448988735675812 11.21053785830736 0.6567366719245911 0.3176958486437798 0 0 0 0.6984518766403198 0 3.986551195383072 1.094066202640533 1.013238944113255 1.262886315584183 19.05813896656036 0 0 0
2.095025219023228 94.70618000626564 16.56965217739344 0 0 1.486854285001755 11.46425990015268 2.245406337082386 19.62976349890232 0.08926879614591599 1.046141155064106 0 6.458897523581982 4.351707488298416 1.329802110791206 1630.695570759475 7.308510132133961 0.1022575423121452 2.635557189583778 0.08502510190010071 1574.166634738445 1895.860416941345 3513.662066690624 1470.957803234458 4.340907253324986 6.303474240005016 2849.706219606102 1855.307450570166 7.857189066708088 713.6444256901741 0 0.1297104954719543 3.20966961234808 99.88122161477804 106.7982662841678 2009.088221535087 422.9981257244945 697.4142961353064 1089.119094714522 20.43639446794987 4.086795993149281 5.200039952993393 19.91333657503128 0.3586924225091934 2.473537430167198 10.33193606883287 0 0 0 6.58586397767067 0.0731581375002861 0.9735942408442497 0.1548162251710892 0.281527578830719 0 0.1237998679280281 1.971799947321415 0 1444.344661727548 6.611626736819744 0.131079763174057 2.301678784191608 0 493.5686621069908 738.0176929235458 546.6868847385049 65.64587062597275 0 4.165657863020897 128.6985227689147 132.0068837106228 5.984022803604603 212.0959536731243 0 0 2.160046942532063 28.38506040722132 20.41377005726099 362.3014841526747 86.56120106577873 114.0017189830542 133.7392717823386 6.513159796595573 0.8369506895542145 0.3412151634693146 5.120986573398113
247.1593090519309 205.709784053266 5876.727685958147 0.2225027084350586 0.1125368401408195 29.85428819805384 906.980369284749 411.9895460754633 2.843173541128635 15.46641683578491 464.224475376308 1.070483349263668 3.168373808264732 610.0826462581754 0.08154704421758652 7.308510132133961 1224.751148328185 214.5779479518533 3293.284388415515 0.9830839559435844 381.437355093658 12.76269546151161 2331.819860175252 11.22576811164618 20.44421979784966 3007.421931296587 4096.627550855279 92.69365430623293 303.3832109495997 930.8395013511181 1.710966758430004 1.380957402288914 33.03007312864065 1067.117897577584 0.9774561747908592 38.00788013637066 97.65939205884933 507.4621960371733 51.30611947178841 1.214823812246323 2.190233834087849 1.649859346449375 0.463505320250988 0.7387675866484642 119.252949975431 73.6252785474062 0 0 0.0725613608956337 1.55554736405611 0.1132413595914841 0.1528479605913162 0 0.6703706607222557 0 4.32402715831995 1.076202161610126 0 1.182797022163868 67.57168248295784 3.17549704760313 49.45807294547558 0 0.09620578587055206 5.73525283485651 6.827421143651009 2.178971342742443 2.653949290513992 300.6679047942162 475.7124934792519 1.234230726957321 0.2132402956485748 0.9151468500494957 1.512178264558315 0 0 8.836879722774029 0 15.24044480919838 12.25566117465496 20.70654476433992 5.295552909374237 0.1534755527973175 0 0.1660660207271576 0.3864913880825043
6.915830709040165 12.16493579745293 10.15052578225732 0.9306942000985146 4.50948553532362 43.1041083112359 20.67221163958311 37.88798850402236 0.11152633279562 32.501016844064 2915.88933622092 13.89503787085414 86.04040597379208 53.26226275414228 1.376447610557079 0.1022575423121452 214.5779479518533 204.5924065709114 735.1676746606827 5.045525871217251 4.419445924460888 0.214825376868248 6.583396300673485 3.100541591644287 242.8588983342052 1249.642562158406 414.6865584850311 8.691448643803596 77.87915832549334 4.941630400717258 64.45226284116507 51.71430414170027 2.212693214416504 704.3256179839373 2.13724859803915 199.3294955715537 568.5458897203207 1385.998760581017 709.4132994487882 5.732698321342468 6.89963698387146 1.745653763413429 1.362715169787407 0 6.724396333098412 0 0 0 0 0 0.3394737094640732 0.2381862550973892 0 92.94632883369923 0 216.1791063323617 0.4447571262717247 0 0.1460326313972473 0.3755638897418976 40.82386068999767 16.99757370352745 0 0 0.08526589721441269 0 0.7755685150623322 72.46725929528475 94.25051430612803 320.8334628790617 0.8800932168960571 0.4242349788546562 0.1142930388450623 69.32757499068975 0.3042084947228432 0 2.731796249747276 0 1.671939007937908 56.54237825423479 9.87943709641695 1.458625473082066 0 0 0.2780317962169647 0
50.88448370248079 375.9080902263522 244.8313575312495 1.031407535076141 3.582393817603588 44.63614077121019 96.88625329360366 103.210787601769 2.502439200878143 52.72656875476241 1119.639440730214 19.59944003820419 18.43366800248623 168.231715194881 1.184288360178471 2.635557189583778 3293.284388415515 735.1676746606827 1857.710985355079 6.774246223270893 62.77832559868693 2.502639852464199 225.1159215644002 8.476085789501667 300.0996308028698 3467.326039910316 1712.482304520905 28.42607502639294 178.5985917076468 83.21736808866262 15.01236376166344 41.97939310222864 13.94118573516607 2440.27017172426 3.572534047067165 247.7503471672535 172.6005842164159 2980.432998586446 757.7042310759425 6.780197627842426 2.841927029192448 8.065962813794613 0.7350365072488785 0 107.2608723565936 8.722898855805397 0 0 0 0.8644581288099289 0.1746248751878738 0 0 22.46692755818367 0 73.52214789390564 0 0 0.7125840708613396 10.32054661214352 40.90119417756796 64.09085908532143 0 0.4038984403014183 0.4186321049928665 0.2653955146670341 1.720584146678448 30.21337569504976 348.8396255895495 744.5810579955578 1.245133273303509 0.1490040272474289 0.1748245880007744 31.71896825730801 0.0829571858048439 0 2.875055335462093 0.2269182354211807 4.392455048859119 22.51844358444214 9.375501841306686 2.102795861661434 0.09207607805728912 0 0 0
3.764397673308849 0.4539589136838913 2.104523248970509 784.6775294542313 1.477608725428581 466.1350231170654 86.9914482831955 271.2643126025796 372.399994790554 1374.975321292877 15.85766652971506 2621.771471500397 1.577007159590721 149.3330694623291 45.45990408211946 0.08502510190010071 0.9830839559435844 5.045525871217251 6.774246223270893 94.00925851613283 0.6169282048940659 1.776595503091812 0.5656785294413567 293.2022451162338 0.4897314012050629 4.917678162455559 3.422235168516636 2539.617317311466 81.21061113476753 1.7526825517416 0.4674514904618263 8.698550648987293 0.2543127909302711 75.25592667609453 3.424298673868179 61.13931310921907 3.128302216529846 98.83148880302906 15.05416282266378 184.9646885022521 15.51016599684954 0.4215344786643982 3.1762565523386 0 0 0 6.429738089442253 0 0.1627349853515625 3.770136274397373 0.6700530499219894 22.47352367639542 9.675829619169235 0 15.36462895572186 0 0 3.72543565928936 0.0872846394777298 0 0 0 4.701657369732857 0 0 0 68.8554404899478 0 0 0.1339956521987915 18.10392773896456 0.5570812746882439 0.4756855070590973 0 0 0 0 0 0 0.3294367790222168 0 0.09628671407699585 15.56429298222065 0 1.562685661017895 0
17.46931401640177 3.805865898728371 251.0677977278829 1.602742984890938 0 23.17309029400349 741.8779102787375 31.65456365048885 3.798092342913151 13.21674111485481 16.16973982006311 0.1680815517902374 6.364751823246479 38.10923506319523 0 1574.166634738445 381.437355093658 4.419445924460888 62.77832559868693 0.6169282048940659 7874.716171264648 215.8794293403625 8855.421246357262 205.0271839275956 0.8075690567493439 55.51833169162273 426.923522233963 3860.609135404229 53.81030974537134 6577.503483630717 0 0.8738823533058167 2.306908667087555 2339.98966563493 181.939437456429 2439.704489655793 663.0062549561262 3489.406393304467 1761.274924017489 31.1162750646472 5.924009636044502 3.461792223155499 26.71630991995335 0.6684159711003304 1.980067782104015 2.378355763852596 0 0 0 5.139468565583229 0 0.6300468072295189 0 0.3772997856140137 0 0 1.06574534624815 0 766.1970780640841 5.374248974025249 0 2.429625451564789 0 291.6381776407361 327.4672302901745 117.9491043239832 76.56537614017725 0 2.598166488111019 27.56894022971392 184.3594215065241 4.86463276296854 242.7882232144475 0 0 1.586506143212318 27.75689478218555 17.32613275945187 258.2176865786314 22.48423493653536 70.03038349747658 55.24809968471527 6.929165795445442 0.3869580924510956 1.129989743232727 1.517408065497875
0.9841178879141808 2029.987133145332 68.43990864604712 1.96232371032238 1.636885806918144 1.702735081315041 3.97368149459362 1.308180183172226 1794.848094902933 0.1922108978033066 24.35414675623178 62.98270455002785 521.9170544072986 1.226846158504486 34.33548161387444 1895.860416941345 12.76269546151161 0.214825376868248 2.502639852464199 1.776595503091812 215.8794293403625 1335.237816728652 370.444700576365 5804.018068410456 457.4667848572135 24.63182587176561 2568.622676752508 246.5925840511918 4.639581456780434 222.5498016774654 11.71881817281246 0 1.740127496421337 17.71575334668159 12.65091028809547 238.20420884341 48.66671822220087 113.150973200798 140.2221945375204 9.079921253025532 0.8724636286497116 67.09751596301794 3.082855746150017 0.5309116616845131 8.92502236366272 54.85723419487476 1.467311978340149 0 0.7386804819107056 4.667604058980942 0.708442896604538 3.784325957298279 0 8.966298185288906 0.1442822515964508 6.918025061488152 1.310614429414272 0 357.4430829435587 7.330030925571918 0.2164051532745361 1.807696722447872 0 92.08406485617161 49.5994466021657 276.167575918138 22.17855957150459 15.27124604582787 8.684201762080193 395.7210559099913 32.50619418919086 1.098734214901924 44.782929264009 1.278231218457222 0 0 9.701833993196487 3.084211096167564 118.3512201830745 33.90900213271379 59.76579568535089 66.46792434900999 0.3969910144805908 1.931135147809982 0.9815719053149223 0.4376288056373596
30.53443218022585 15.76646412909031 5193.195907175541 2.080035351216793 0.2511375024914742 44.59673847258091 1211.695240661502 106.5969636291265 1.316330790519714 21.22177828848362 32.05130580812693 0.404549203813076 20.0283258035779 115.0325604975224 3.386587582528591 3513.662066690624 2331.819860175252 6.583396300673485 225.1159215644002 0.5656785294413567 8855.421246357262 370.444700576365 9854.447972916067 414.9200944826007 1.916433021426201 1190.546147063375 6019.151178143919 2892.111725874245 57.48743514716625 3740.766994737089 0.236810177564621 2.326461531221867 3.428080357611179 2248.839003376663 226.3079192861915 3678.621713705361 2533.431305482984 6030.376199953258 5662.787945404649 92.75741659104824 29.43129472434521 21.69485981017351 48.08715319633484 1.417672149837017 12.23086005449295 165.1285132989287 0 0 0 7.765048928558826 0 0.3188193738460541 0 0 0 0.2164084017276764 0.6815381273627281 0 1062.669556364417 14.59019227325916 0 4.148152880370617 0 277.3629099205136 474.2537567019463 1338.922329969704 16.80112325400114 0.2969104796648026 17.96524222940207 1073.821055985987 29.92906548827887 0.6744741424918175 57.93468464910984 0 0 0.4967264011502266 28.02205713838339 39.60950352996588 381.2369310930371 129.6209124773741 227.3143691048026 276.4238816425204 10.36227008700371 3.541231974959373 1.537247896194458 4.716264143586159
94.16262305527925 552.8421907350421 85.93491095304489 761.5623765140772 2.51927050948143 242.1405757069588 617.8880684524775 140.524408698082 5116.163965508342 560.6642526239157 17.10552979260683 518.0393981412053 139.7438141107559 202.9680393636227 207.1869288831949 1470.957803234458 11.22576811164618 3.100541591644287 8.476085789501667 293.2022451162338 205.0271839275956 5804.018068410456 414.9200944826007 6581.564374007285 121.4751659333706 50.73319944366813 3199.407613314688 8177.382021188736 631.6526754125953 831.8843072578311 4.505219087004662 5.997470363974571 78.53053066879511 257.0056947544217 110.3192671611905 1403.594040192664 63.08842952549458 608.6709970086813 272.5219416022301 164.2017613947392 76.53665468841791 14.99610696732998 23.44068638980389 57.04798256605864 23.25341468304396 8.75927871465683 101.673667088151 3.520485393702984 15.5112928301096 932.9946082904935 89.00166963785887 1224.087498769164 172.2595487982035 3.229288272559643 166.2281140238047 4.220557399094105 171.9799788817763 56.56849093735218 139.3050350621343 7.321779496967793 0.7611463889479637 3.111984208226204 57.84456685185432 35.63763432204723 255.6602382957935 10.08225295692682 4124.863393440843 4.687382854521275 6.994902312755585 29.0675728097558 3152.167070224881 282.9731055349112 569.2510263696313 0.3996344655752182 0.4252824038267136 45.40537072718143 140.6108987480402 33.88489580899477 791.5705113857985 4.943259544670582 328.8703469857574 133.0371692404151 203.8558436259627 6.208449296653271 10.86072090268135 10.82102908194065
0.2528975158929825 1126.452571555972 2.758383028209209 0 0.1241460666060448 3.241146810352802 2.502723447978497 0.1986311674118042 92.79204105585814 0.7119778245687485 216.2950151711702 11.31273382157087 3703.737121231854 0.5358919948339462 1.245899692177773 4.340907253324986 20.44421979784966 242.8588983342052 300.0996308028698 0.4897314012050629 0.8075690567493439 457.4667848572135 1.916433021426201 121.4751659333706 252.0916067063808 789.9999317452312 3448.729677148163 5.315087750554085 2.33906677365303 0 437.08813624084 0.5401173308491707 0 56.54320616275072 9.559698686003685 897.6837601289153 754.6971557661891 883.1047518625855 192.0951731204987 107.4888072535396 8.210979461669922 961.2973401322961 2.803098253905773 0.1083220243453979 169.7612208276987 1.56773541867733 0 0 0 0.4515633508563042 0 0.1020196974277496 0.07021462172269821 111.4542396143079 0 306.2865343242884 0.2801055833697319 0 0.1693451404571533 0.6582397073507309 43.55333897471428 86.03543946146965 0 0 1.080867454409599 0.6963971853256226 0.4698496013879776 158.4176656454802 302.4781196117401 1122.72018160671 0.4755434095859528 0.09204776585102081 0.2138171941041946 34.5192488655448 0 0 6.321423962712288 1.223230719566345 130.9574347287416 32.20422323793173 24.39238949865103 2.759943671524525 3.150474309921265 0 9.759697914123535 0
105.256153665483 663.0822266414762 7147.037073761225 2.047893010079861 5.112233616411686 81.94180570542812 683.0123363249004 309.2101226225495 12.30280701071024 52.33420031517744 430.3034435398877 14.2693033516407 295.4027431383729 371.7486308626831 2.817087136209011 6.303474240005016 3007.421931296587 1249.642562158406 3467.326039910316 4.917678162455559 55.51833169162273 24.63182587176561 1190.546147063375 50.73319944366813 789.9999317452312 18263.10967529565 11848.6574133113 228.8617368414998 180.1630306467414 181.437130689621 291.9641341120005 33.82466943562031 12.37604437768459 600.2787786237895 21.44361505657434 1374.815950080752 2154.01499543339 2679.700555250049 1316.139764584601 22.82589796185493 5.433650963008404 28.38175548613071 5.631232842803001 0.7988778203725815 512.9875810593367 27.7313265055418 0 0 0.1000739112496376 1.134106010198593 0.7718031629920006 1.035101175308228 0.3287681639194489 209.2144458442926 0.1178694218397141 552.0825104042888 0.776076652109623 0 2.340893886983395 39.77591890841722 122.3460491150618 160.0361265093088 0 0.4180481135845184 2.067834064364433 1.430676959455013 3.363414078950882 319.7017313838005 847.5259660631418 1981.382200174034 1.216758698225021 0.8299691155552864 1.573461048305035 164.6321749314666 0.1947436407208443 0.1486985683441162 9.136327348649502 2.378082811832428 17.7954725176096 105.3513632416725 32.24465455114841 10.01422147452831 0.3195997029542923 0.4830847978591919 1.524679444730282 0.1193793118000031
70.62803145498037 1998.102816700935 9267.050253711641 3.290493436157703 0.9125434085726738 49.99405908584595 365.1043045111001 146.1455069966614 545.7797745540738 24.2454342469573 229.1057060211897 22.22681937739253 2513.606343373656 187.4431027770042 18.93381026387215 2849.706219606102 4096.627550855279 414.6865584850311 1712.482304520905 3.422235168516636 426.923522233963 2568.622676752508 6019.151178143919 3199.407613314688 3448.729677148163 11848.6574133113 17662.9518417269 1521.214689657092 154.7052544243634 112.1728581637144 1717.829083502293 10.63029116392136 23.47092828899622 1348.898423470557 210.9947077482939 6367.389801800251 6176.62216527015 9802.285446401685 4674.099396504462 92.90018320083618 16.22635897248983 84.84435996413231 42.08499700576067 5.705022647976875 1892.1597808972 1421.916476503015 0.6899677664041519 0 0 44.12829951196909 2.686815090477467 3.329795889556408 0.1125716865062714 163.6562010347843 0.3342191576957703 577.4169806614518 13.03211594372988 0.1031465157866478 283.7496519163251 682.8875235915184 175.641590192914 427.6704770028591 0 46.15674125403166 660.650595754385 955.3395517021418 26.10380193591118 671.3146670162678 2003.840044111013 7526.941236279905 24.87225033342838 4.06880521774292 32.59590692818165 180.9805072695017 0 1.006342433393002 65.42491027712822 38.58696240931749 444.3708108440042 309.8871183842421 541.2336012795568 293.7158970460296 5.716991007328033 2.358244128525257 3.24457073956728 3.779668711125851
228.6931384131312 14.97835882008076 2002.704913876951 3026.611043013632 2.207552954554558 976.8711732253432 12038.63950615376 479.8235524892807 1309.210064344108 4218.018826119602 31.08569444343448 1498.914257436991 9.350834883749485 543.7309006527066 36.54348500072956 1855.307450570166 92.69365430623293 8.691448643803596 28.42607502639294 2539.617317311466 3860.609135404229 246.5925840511918 2892.111725874245 8177.382021188736 5.315087750554085 228.8617368414998 1521.214689657092 14028.86697262526 1662.939293958247 8776.927724115551 0.5776018053293228 13.17941100895405 356.1962916254997 1382.550769299269 308.7843601927161 3216.108412452042 136.7491900324821 2435.635821767151 912.2345424294472 207.6517662480474 164.4338666573167 7.304076470434666 52.20666614919901 23.0696167871356 5.621160566806793 9.747428327798843 85.45312651991844 0.4990632385015488 12.32125800848007 377.6654512360692 40.21677857637405 315.289714679122 148.6049381420016 0.4738601818680763 94.06666842103004 0.09664409607648849 71.04736410453916 49.90654943138361 105.7425600662827 5.102957494556904 0.1715161129832268 2.172883972525597 40.27566720545292 30.83442085236311 74.56353008002043 21.24942667037249 2115.575827993453 0.414911299943924 4.746801912784576 30.1478688493371 1531.103304997087 102.0704552680254 276.7425609901547 0.06098309904336929 0.665982648730278 19.23606733977795 51.5279471501708 16.83607598394156 283.3397646769881 3.372874282300472 112.776904925704 47.89122180640697 125.8717629984021 1.329481311142445 0.5539751350879669 1.518933117389679
3372.346741624177 3.319654539227486 72.54393584281206 22.16935365647078 1.016752362251282 472.0101148076355 2126.259172461927 838.4746186621487 64.13170491158962 728.567338231951 374.686081007123 142.0550133287907 20.59934229403734 3511.759775966406 35.55482707172632 7.857189066708088 303.3832109495997 77.87915832549334 178.5985917076468 81.21061113476753 53.81030974537134 4.639581456780434 57.48743514716625 631.6526754125953 2.33906677365303 180.1630306467414 154.7052544243634 1662.939293958247 11396.71638654917 3006.047453887761 3.162471234798431 175.4786704480648 2087.566041231155 4362.75859894231 3.116488672792912 228.510479785502 28.78586400300264 1591.074121385813 213.074953339994 59.12155573070049 50.04525130242109 10.92900127917528 4.033936828374863 4.110039636492729 3.60157635062933 1.616996005177498 0.5715011358261108 0 0 33.70454703271389 1.822854198515415 20.32629285007715 0.5710634216666222 0.5476508364081383 0.9320875927805901 0 6.586977437138557 0 15.236751511693 1.215988703072071 0 1.330493785440922 0 0.9509312361478806 6.73384390771389 0.8700238242745399 105.9611389040947 0.1183935552835464 8.750235877931118 9.074333161115646 140.5504270642996 20.02916992455721 51.29404477775097 0.1242256611585617 0 3.609155766665936 10.3684778213501 1.982072114944458 66.98964485526085 0.6081083118915558 18.67907290905714 4.384326383471489 3.443223975598812 0.3649251461029053 0 1.270181655883789
