689.5533358231187 0.3465627804398537 107.0386693254113 1.445908710360527 0 17.64104753732681 469.3315172493458 797.8551963120699 4.32878602296114 20.33062474429607 5.066828154027462 10.53178009390831 1.029845736920834 4263.957468964159 0.1824230849742889 0.7168745398521423 201.21262614429 6.609920524060726 24.18328388035297 3.589369088411331 22.38716205209494 0.7012143433094025 125.6333508342505 15.35841636359692 0 100.3610844537616 15.53211714327335 44.66698854416609 2735.411677673459 1938.221910759807 0.126644641160965 9.074033357203007 6.357792131602764 55.24051504582167 0.1524871736764908 6.490124598145485 6.214762106537819 25.91522389650345 1.315722838044167 0.7223948538303375 0.6765339970588684 0 0 0 0.3902757465839386 0.2252897024154663 0 0 0 0 0 0.8457013666629791 0 0 0 0 0 0 1.605014592409134 0 0 0 0 1.452337481081486 0.7127570733428001 0.1057819351553917 8.323571406304836 0 0.4758260622620583 4.300729900598526 4.598660014569759 0.3419199138879776 0.533477246761322 0 0 0 0.3910552933812141 0 2.924008242785931 0.3758678138256073 0.7302149012684822 0 0 0 0 0
0.3465627804398537 322.7258453816175 62.4172276109457 3.66853255033493 4.451250717043877 5.202247485518456 24.8993293941021 5.059467419981956 412.3801370337605 1.138874694705009 120.9379867240787 20.16204722225666 1310.736884243786 0.9302741140127182 44.11843767017126 201.4900984466076 311.9913750886917 12.16879306733608 142.1758274510503 1.86173690110445 4.91755161434412 2809.350549556315 8.709954388439655 1265.93642450124 3607.793292500079 1039.702573239803 10773.79273129255 64.62762673944235 4.200688511133194 3.5836351364851 185.8391619995236 0.3007034659385681 0.6950554549694061 32.85534104704857 1.445855647325516 70.87259907275438 110.3831221610308 109.4508200436831 17.64010829478502 36.30932319164276 0.432732105255127 97.9996112883091 0.7157305628061295 0.3318046629428864 54.60027763992548 52.35422416031361 0.4243714511394501 0 0 1.086987793445587 1.180951178073883 1.293630503118038 0.9418820142745972 5.052670031785965 0.08145810663700104 11.99985843896866 0.5989551693201065 0.5114994794130325 9.188720621168613 7.935955017805099 4.727363139390945 25.6989853978157 0 1.293413877487183 10.98000038415194 1.712595880031586 11.24942217022181 32.29218503832817 586.376492112875 1536.778085783124 1.72010426223278 0.7072401121258736 1.071345463395119 11.01996758580208 0 0 9.856444336473942 0.1533811837434769 27.14093233644962 25.01562998443842 53.08685365319252 11.13292418420315 0.7641881853342056 0 1.522107698023319 0.2193261831998825
107.0386693254113 62.4172276109457 5593.982108309865 0.1048917472362518 0.2564512342214584 324.4587371498346 1826.572343923151 1833.399699196219 1.977592825889587 12.81160315871239 33.15699598938227 4.420561991631985 1.920187309384346 721.4362436830997 0 3.866917587816715 5275.34808857739 34.5304172411561 260.2871704995632 0.9227221086621284 854.9995244592428 8.295159421861172 12318.76969899982 6.843444555997849 0.4575574845075607 8862.643349558115 11591.72569385171 154.6015101075172 324.1180334165692 1903.600086398423 3.872310377657413 6.413761824369431 5.062947772443295 1018.836175531149 29.28059370815754 2273.619326092303 1546.356752023101 2485.783854424953 805.7245957404375 222.0020985901356 12.99811598658562 2.949046462774277 39.16749735176563 0.5395649373531342 163.2723824828863 478.9321980625391 0 0 0 5.999686077237129 1.602438740432262 1.840524554252625 0.1898642778396606 0.9924661219120026 0.1492224484682083 0.4512125104665756 3.154052883386612 0.500320091843605 26.53033365309238 86.26244004815817 7.155975483357906 93.02960582077503 0 2.306418433785439 45.71760720014572 24.4011554569006 15.23541466146708 0.4004003554582596 865.6604941412807 2070.103130884469 5.294657766819 0.967753067612648 1.276295006275177 1.282075732946396 0 0 15.90279023349285 10.23561400175095 43.05709403753281 57.45691911876202 72.96358939260244 4.942548453807831 2.899549126625061 0 0.1685851216316223 1.035164788365364
1.445908710360527 3.66853255033493 0.1048917472362518 1999.050495907664 3.912938863039017 205.1880783960223 96.97528933733702 35.49549101293087 1945.638413079083 2048.8536587134 1.487839341163635 5681.365489676595 0.283387802541256 15.68926974385977 184.4166018888354 0.3769481778144836 0.3631040751934052 0.4723282381892204 0.1986069083213806 3534.390175238252 0 15.44523078203201 0.3764868527650833 854.3934678286314 2.446788050234318 1.136419802904129 11.5428119674325 3547.266466081142 72.13843884319067 0.4177112430334091 0.4041769728064537 2.829681769013405 9.145951926708221 17.92760029435158 3.831989839673042 803.048947840929 1.207196928560734 106.5269836187363 15.64873550832272 284.0763104408979 11.43678790330887 0 4.594390161335468 0.1178089827299118 0 0 567.3012048825622 0 1.851222105324268 35.90684039890766 9.371964372694492 193.0417890101671 283.9473904594779 1.451502576470375 79.57423676550388 0 6.838059149682522 0.3024851381778717 2.854053944349289 0 0.1131754443049431 0 290.2134505584836 0.8657209873199463 1.517196148633957 0.2091908901929855 494.4268962517381 0 0 0 685.8906594663858 12.46702295541763 0.5434200316667557 0 1.49956127256155 0.3149289637804031 4.692765578627586 0.4839007258415222 88.41774448752403 0.37593774497509 27.81476609408855 4.399644903838634 199.6759388446808 3.965999767184258 0 0.4953935742378235
0 4.451250717043877 0.2564512342214584 3.912938863039017 140.2442004829645 247.4800588861108 6.519222438335419 30.66331282258034 57.61999290436506 6.317495979368687 8.796240091323853 29.05942276120186 14.28168874979019 0.6022313311696053 1113.932865157723 0 0.3593152463436127 0.6861592754721642 0.782600998878479 6.398709952831268 0 8.715024709701538 0 28.3395958468318 3.03676775097847 0.8133019432425499 6.060363925993443 7.440336413681507 3.468349754810333 0.09366529434919357 0.4554255679249763 60.90186543762684 0 160.2479572221637 0.2178790718317032 60.24687880277634 1.245790392160416 90.51232597976923 9.794057756662369 1735.289159558713 282.2187821269035 16.39322149753571 6.483513444662094 0 0 0 0.9899324178695679 0 0 0 0 1.394992209970951 0.3359547853469849 0.3196928799152374 0.1396714001893997 0 0 0 0.4719040840864182 0 0 0 0 0.47410549223423 0.1664070636034012 0 0.9956198781728745 0 0 0 0.4378589615225792 0 0 0 0 0 0 0 0.9225542843341827 0 0.4369510412216187 0 0 0.309717208147049 0 0
17.64104753732681 5.202247485518456 324.4587371498346 205.1880783960223 247.4800588861108 9566.002848394215 5687.396276213229 5844.911065213382 393.5344494879246 13950.4913462624 107.6993019431829 4647.422994635999 74.64554779976606 552.2447642087936 3568.081527791917 3.323916934430599 45.56524197757244 23.93689078092575 20.04696598649025 326.5780128762126 77.17611081153154 7.813031762838364 98.87801810353994 460.8144688084722 3.258337385952473 115.0121558234096 74.55008968710899 2260.924498327076 693.2772745266557 52.46753577142954 2.835322923958302 401.4534118026495 9.398349449038506 292.5803642943501 3.21995247900486 891.6879215985537 21.60201805084944 575.787719860673 73.32531713694334 3831.463815689087 474.2842748910189 69.36265944689512 28.97551476955414 0 0.1555811762809753 1.720427796244621 8.545930527150631 0 0 10.95355866849422 3.244541361927986 30.29100031405687 13.84466941654682 1.811367601156235 11.34966329485178 0.7132595181465149 2.238094612956047 0 2.053394854068756 0.6697999387979507 0 0.4146283566951752 6.938841044902802 0 0.5137690678238869 0.7817675918340683 155.3339886888862 0 4.934558905661106 13.4382233992219 94.18168281018734 6.278079569339752 1.069181084632874 0 0 0.2543310523033142 2.497200980782509 0.4980129301548004 16.66586410999298 2.536338023841381 14.247289262712 2.304076790809631 12.83066339790821 0.3382880836725235 1.176728218793869 0
469.3315172493458 24.8993293941021 1826.572343923151 96.97528933733702 6.519222438335419 5687.396276213229 4855.519512683153 5281.867628440261 301.0742945596576 8432.90744125843 65.99342872202396 106.5054789483547 16.63947845250368 7956.802746430039 82.02626407891512 215.2761169746518 92.60031378269196 17.74198391288519 21.99026175588369 17.7147361561656 1661.811774402857 70.28096953034401 1270.50857847929 1538.355764918029 9.895544640719891 228.3145925924182 1121.591429740191 26262.56486867368 3094.016597434878 3454.596826732159 3.442866489291191 82.10623343288898 397.5233862549067 575.0932881087065 50.66778536140919 2890.829591974616 70.08789672702551 2237.781057298183 329.2216925993562 123.0263434648514 153.1136706024408 9.578406020998955 63.47516499459743 0.8457705527544022 2.786038175225258 11.27425535023212 33.515481159091 0.7935968786478043 0.6704364567995071 18.43577881157398 8.798106767237186 92.20982533693314 45.67198025435209 1.659392118453979 1.880899786949158 2.297579288482666 7.504645496606827 0 63.31841742247343 2.525260925292969 0.362004891037941 3.058107182383537 31.33241108059883 11.62654364109039 16.46419464051723 22.76683311164379 400.7528469637036 0 14.08038615435362 103.7390581592917 226.3094596490264 16.19504168629646 10.48310555517673 0 0.3710334300994873 1.685013219714165 6.541145183146 3.01610466837883 47.26953931897879 4.675462603569031 29.9974619820714 2.745662584900856 18.2121127396822 2.893534205853939 1.296132564544678 0.6834172904491425
797.8551963120699 5.059467419981956 1833.399699196219 35.49549101293087 30.66331282258034 5844.911065213382 5281.867628440261 6852.573630794883 273.7845403105021 2433.564518518746 124.8642443194985 765.7091664671898 49.48135011643171 3726.203743450344 183.6742564067245 13.06212608516216 895.3165374323726 70.41592142730951 231.8056878149509 176.5743907764554 236.2616205066442 3.996981963515282 1057.544549077749 1927.981077291071 3.813600957393646 937.1168373152614 234.41223847121 1208.346748016775 1061.646820083261 1693.791739992797 3.376844435930252 598.0180690586567 3.644343033432961 293.7054289877415 1.815609708428383 229.1636360734701 75.92878495901823 455.8201744705439 69.99998658895493 648.5672335997224 103.0808893293142 49.47090820223093 14.29870301485062 0.624754823744297 1.187786266207695 12.10318134725094 12.68968172371387 1.93990570306778 0 22.22864654660225 8.22356903553009 94.66693296283484 32.55362018942833 2.50552673637867 3.491310857236385 0.1179588735103607 11.84478271007538 0 14.93337715417147 1.353940531611443 0.2346185967326164 2.377932086586952 15.58777019381523 6.5206618309021 4.878193601965904 3.203876420855522 822.1273186579347 0.1342414766550064 15.7363608404994 65.03756009042263 376.2541221678257 23.21128813177347 9.18366102129221 0.1489705741405487 1.34356215596199 2.090810105204582 11.43774251639843 0.1385220587253571 66.39468298107386 1.545118480920792 55.31204916536808 8.013146802783012 23.98768973350525 5.740537256002426 0.4802021086215973 0.555142343044281
4.32878602296114 412.3801370337605 1.977592825889587 1945.638413079083 57.61999290436506 393.5344494879246 301.0742945596576 273.7845403105021 815.1970465183258 365.4724095836282 11.96263850480318 524.3355469405651 82.90925867110491 39.04822394996881 681.9572049826384 19.67629177123308 2.054711066186428 2.836290091276169 1.601917080581188 560.8768565356731 14.82067687064409 2088.343040406704 3.9883923381567 6495.390723869205 326.1825162395835 55.83221389353275 785.3418855667114 1885.94097981602 119.3169491812587 185.3381080850959 39.60228604823351 3.235082320868969 22.09370733052492 25.15172126144171 4.520092353224754 353.4071804210544 14.80227991938591 105.5660822093487 21.06497691571712 259.6252592876554 11.71472127735615 2.914723783731461 3.870540782809258 2.539674736559391 1.979293629527092 0 267.3683791831136 0 0.4195747524499893 12.53318764269352 7.761633306741714 98.74721250683069 96.64974818378687 2.694235526025295 16.18295840919018 0.7960435673594475 10.59951079636812 0.529592901468277 84.7709848433733 0.3552233874797821 0.3398706316947937 0.4632999897003174 91.54437749087811 19.63160680234432 47.78240537643433 6.5982960537076 1459.775701992214 0.1088688001036644 6.720668196678162 14.68235059827566 523.4182434231043 26.3951328098774 34.62636244297028 0.5849173218011856 0.5600334405899048 6.690261632204056 10.00817034393549 1.814292430877686 86.61053720861673 2.249403446912766 40.74404361844063 8.420057393610477 57.17333192378283 5.90532174706459 0.6069965362548828 0.2209743708372116
20.33062474429607 1.138874694705009 12.81160315871239 2048.8536587134 6.317495979368687 13950.4913462624 8432.90744125843 2433.564518518746 365.4724095836282 19726.93011429161 97.5672037974 3913.315945491195 9.127939373254776 1557.75303581357 106.1725086718798 3.007954053580761 16.82027588039637 27.87242915481329 23.09609495103359 2739.610779546201 5.860650517046452 2.675952300429344 8.275769755244255 359.3453835472465 1.482939504086971 50.60919622331858 31.35223137587309 3786.302232764661 2011.033342652023 16.53980354219675 3.655364274978638 132.5055976510048 32.77781584858894 522.0347743406892 46.96290402114391 3160.077697336674 26.55368686467409 2430.096064731479 138.4612321406603 268.7163300514221 197.107415266335 7.448972940444946 62.64824990183115 0.1105776429176331 0.2349547892808914 0 425.7882940843701 0 4.278148002922535 111.4930618852377 14.39532286673784 169.8191242590547 349.6481947004795 3.916817128658295 81.88212454319 0.2935110554099083 12.53555243462324 2.632389426231384 3.182083636522293 0 0.3617117702960968 0.3663943409919739 266.1448708847165 1.590826891362667 0.194977730512619 0.8571822047233582 1128.173760153353 0 1.736985765397549 2.476758547127247 1000.878163211048 40.62103799730539 0.5500155836343765 0 3.546995267271996 0 20.14149641245604 1.28923536837101 99.32169927656651 1.030315682291985 69.91806749254465 16.81193283200264 135.4905057698488 1.958410888910294 0.1779804080724716 0
5.066828154027462 120.9379867240787 33.15699598938227 1.487839341163635 8.796240091323853 107.6993019431829 65.99342872202396 124.8642443194985 11.96263850480318 97.5672037974 12287.01389312744 117.537871144712 5276.56408213079 82.34797397255898 10.74322351068258 1.900500848889351 769.3464659526944 3123.453133814037 1413.432824157178 35.65030481666327 40.21107026934624 25.47124671936035 111.8814193457365 33.48022447526455 1011.40421910584 1525.24102460593 520.5121517628431 30.36172103136778 304.0436030626297 42.34623456001282 460.9981784448028 405.0266144499183 8.58930467069149 9298.425753384829 10.14336992800236 465.2133315205574 4299.037990696728 7283.475565612316 1479.758711755276 99.08290182054043 14.66175716370344 824.9247108250856 6.975213557481766 0 1.819322839379311 1.161975681781769 0 0 0 0.3022391498088837 0 1.797523409128189 0.6039576381444931 544.5188301727176 0.249822162091732 948.7203740403056 0.1121276468038559 0 0.7237496301531792 0.2749582529067993 2.71283121407032 0.5647800415754318 0.6059289574623108 0 0.7569943070411682 0 11.18042577803135 20.09837785363197 122.5695505216718 157.1406173929572 5.944145709276199 0.7785351574420929 0.3410390540957451 144.2302320897579 0.1704618483781815 0 3.227691389620304 6.859401389956474 3.498333565890789 369.9051339253783 6.682972341775894 1.48448807746172 0.6838151812553406 0 82.5188779681921 0
10.53178009390831 20.16204722225666 4.420561991631985 5681.365489676595 29.05942276120186 4647.422994635999 106.5054789483547 765.7091664671898 524.3355469405651 3913.315945491195 117.537871144712 8656.549513526261 16.51115214824677 512.3179592639208 510.9818321615458 0.1121880039572716 13.85709994286299 29.67517504096031 23.39656319469213 4761.460886903107 0.9255426451563835 60.82775719463825 4.004874303936958 649.0247163102031 17.1470602452755 48.78533507138491 56.0044803544879 1252.878501340747 1093.611892953515 9.818039640784264 3.684308961033821 166.9304534569383 0.6680168882012367 261.4023446142673 4.811595797538757 1320.78082382679 18.03741784393787 784.0676215067506 20.47727811336517 726.1986485645175 36.10452385246754 10.87536465376616 7.9656618013978 0.2034866511821747 0 0.1628137528896332 93.69478742778301 0 0.7246408462524414 3.677336275577545 0.5448015928268433 12.52259597182274 30.15915736556053 0.306328147649765 54.12013721466064 0.2408492714166641 2.325868599116802 0.1235573515295982 1.210738867521286 0 0 0 31.92475675046444 0.4688584133982658 1.431627735495567 0.136867418885231 42.5324731618166 0 0.4649759978055954 0.3879849314689636 58.77475225180387 1.588243059813976 0.3263888955116272 0 0.09771422296762466 0 1.333344459533691 0 34.87427024543285 1.072432197630405 1.324805997312069 0.29072505235672 41.21874748170376 0.5492544174194336 0.4451542869210243 0
1.029845736920834 1310.736884243786 1.920187309384346 0.283387802541256 14.28168874979019 74.64554779976606 16.63947845250368 49.48135011643171 82.90925867110491 9.127939373254776 5276.56408213079 16.51115214824677 3445.853704497218 11.87332752346992 36.86523148417473 5.202269740402699 3.143085211515427 33.99808409065008 5.595095410943031 3.741592608392239 4.122574739158154 335.5524429008365 7.572355791926384 147.2129863426089 9894.246455445886 94.35794966667891 2646.608643941581 27.13077892363071 20.41347178816795 19.83525966107845 656.9185160696507 122.4784321263433 0 1122.447812058032 43.5070429444313 2408.50598603487 5704.440846949816 4708.935631871223 831.9538391232491 114.9522880613804 728.8356296345592 2009.231581285596 20.23676290363073 0 14.97295274585485 0.4823901504278183 0 0 0.580422580242157 0.1068791076540947 0.476200208067894 0 0.09983668476343155 1426.772051155567 0 2272.813472688198 0.232291966676712 0 0 0 8.143472254276276 0.8244073837995529 0 0.1260461062192917 0.6038611754775047 0.1423058807849884 10.29022594541311 47.37316256761551 497.7826420664787 426.3398359119892 4.348201118409634 1.366839528083801 1.522647738456726 399.0549653992057 0.6831750571727753 0.244145393371582 15.93879473954439 0 155.3458545282483 909.3172664493322 57.42937228828669 26.58085179328918 0 7.84608668088913 230.688439771533 0
4263.957468964159 0.9302741140127182 721.4362436830997 15.68926974385977 0.6022313311696053 552.2447642087936 7956.802746430039 3726.203743450344 39.04822394996881 1557.75303581357 82.34797397255898 512.3179592639208 11.87332752346992 8156.721745543182 29.2601932361722 6.294009916484356 792.6501329019666 45.92504326999187 135.0614215582609 147.0847665816545 116.0275143533945 3.603247746825218 613.5848126113415 143.619568169117 4.147333063185215 519.9364214837551 99.22412538528442 376.8196589201689 3941.541300244629 3869.602617807686 2.154095873236656 150.7650760188699 4.931760787963867 262.1777661666274 0.5061495006084442 159.0457175821066 37.41795615851879 229.690234914422 18.69982776790857 163.790768481791 9.59961599111557 10.68709484487772 2.816248156130314 0.0926428884267807 1.548742614686489 4.747496053576469 0.8752746656537056 0 0 4.118438258767128 0.833829402923584 13.81618241220713 2.479655854403973 0 2.078772239387035 0.1708239167928696 0.6691020056605339 0 13.50909180194139 0.6969057023525238 0.129870817065239 0.3926578089594841 1.919142939150333 3.000344298779964 3.74553170800209 2.806822694838047 76.02832565456629 0 6.868217624723911 26.68143644928932 43.52162829786539 2.785047382116318 3.812917239964008 0 0 0.6590953171253204 0.9508293271064758 0 16.90423334389925 0.4968151897192001 6.060813263058662 1.09681448340416 0 0.3341270685195923 0.2124141752719879 0
0.1824230849742889 44.11843767017126 0 184.4166018888354 1113.932865157723 3568.081527791917 82.02626407891512 183.6742564067245 681.9572049826384 106.1725086718798 10.74322351068258 510.9818321615458 36.86523148417473 29.2601932361722 334.2381666302681 0.3779710233211517 0.5615377724170685 1.934875257313251 0.9157879427075386 160.1124273911119 0.1106099933385849 181.8215513601899 0.1999094039201736 1201.742279104888 37.98763696849346 12.26300845295191 118.8710013106465 141.5772385522723 70.77953249961138 0.633672870695591 4.415740340948105 98.70151863992214 0.4095828384160995 19.04932414740324 0.9584192633628845 987.0543003082275 3.4000039473176 44.65054693073034 17.13636000454426 1252.473592229187 21.1445928812027 30.04002119600773 10.3700942248106 0.1422982811927795 0 0.3317631781101227 32.63838486373425 0 0 0.5070756673812866 0 9.703517563641071 4.847203880548477 0 2.154682144522667 0.2582489252090454 0.8329084515571594 0 5.098995074629784 0 0 0 3.740990534424782 1.832017667591572 4.114283002912998 1.31256053596735 14.08780539035797 0 0.49937704205513 1.850730270147324 13.91230979561806 0.5263098031282425 2.146271899342537 0 0 0 0.2004124224185944 0.3836321532726288 6.180356882512569 2.689958110451698 2.978443905711174 0.523387536406517 11.02358713746071 0.9536675810813904 2.306911617517471 0
0.7168745398521423 201.4900984466076 3.866917587816715 0.3769481778144836 0 3.323916934430599 215.2761169746518 13.06212608516216 19.67629177123308 3.007954053580761 1.900500848889351 0.1121880039572716 5.202269740402699 6.294009916484356 0.3779710233211517 3233.293574288487 7.808980122208595 0.9554673433303833 2.815029814839363 0 2496.213657967746 2050.635169655085 6416.570827513933 2728.940728679299 26.99983359128237 12.77082974463701 5533.564068801701 2377.65408975631 52.75916727632284 281.6491148844361 1.468748494982719 0 17.65916556119919 39.74052306264639 6.974800527095795 1764.389390036464 272.4729266911745 275.1352630257607 307.4903442561626 96.75826206803322 5.433290034532547 0.5219701081514359 15.35458028316498 1.920607939362526 22.71754516661167 39.32287035882473 0.5053611397743225 0 0.3202768191695213 3.728383652865887 2.051535077393055 48.14586190879345 1.209278360009193 0 0 2.15026330947876 2.349194310605526 0 4051.761701747775 13.28647269308567 1.183782577514648 4.89360373467207 0.4921426698565483 608.3341328725219 1007.003356084228 2058.947494827211 337.5366258695722 0.5539469122886658 12.6732817068696 1131.000087805092 182.8115215599537 14.0491231456399 127.4618654027581 0 0 5.499467208981514 19.04111170768738 1.609077885746956 360.7311355620623 66.6859522908926 75.65476001054049 32.85176438838243 10.03007230162621 0.4421603977680206 0 2.008781269192696
201.21262614429 311.9913750886917 5275.34808857739 0.3631040751934052 0.3593152463436127 45.56524197757244 92.60031378269196 895.3165374323726 2.054711066186428 16.82027588039637 769.3464659526944 13.85709994286299 3.143085211515427 792.6501329019666 0.5615377724170685 7.808980122208595 1869.969804398715 600.0365032479167 2493.591987065971 4.704053603112698 705.3139234110713 4.840259440243244 3250.789732836187 10.94361075758934 6.914822034537792 3841.175064861774 3252.051933676004 29.07301384210587 1388.641199380159 3244.054584361613 3.749327428638935 12.15051279962063 50.98826489597559 4478.447649024427 5.571339309215546 243.2348541021347 922.6694920882583 2374.477281972766 259.0862502902746 13.27778069674969 0.4799496978521347 0.1245490163564682 0.2962497770786285 0.0969521626830101 86.25552448630333 30.97219797968864 0 0 0 0.2057357728481293 0.4879265427589417 0.3845586627721786 0.1010769158601761 0.4329767450690269 0.08986882865428925 1.348502188920975 0.45731121301651 0 7.72195903211832 9.581597827374935 7.831566378474236 76.06022135913372 0 2.625431478023529 3.92063831537962 0.8588427007198334 5.331613287329674 0.9331486970186234 737.9826130196452 610.1649603247643 2.90050396323204 0.3372773379087448 2.004095003008842 3.085603505373001 0 0 10.04855896532536 0 22.72026801109314 42.2577535957098 52.87633664160967 5.150920614600182 0.2440888732671738 0 0 0
6.609920524060726 12.16879306733608 34.5304172411561 0.4723282381892204 0.6861592754721642 23.93689078092575 17.74198391288519 70.41592142730951 2.836290091276169 27.87242915481329 3123.453133814037 29.67517504096031 33.99808409065008 45.92504326999187 1.934875257313251 0.9554673433303833 600.0365032479167 339.4397691488266 1689.700322806835 12.68927524238825 12.02428654581308 4.492396973073483 47.29215088486671 10.08982568979263 39.05351161211729 1304.810338504612 427.2124600112438 7.217666074633598 110.2852256149054 47.84652128070593 209.2131884843111 55.55766528844833 3.865682654082775 1531.593456946313 7.460443377494812 334.462144009769 893.1957706734538 2296.465285144746 457.0437451377511 22.0632533878088 2.311050467193127 1.278291150927544 0.7857953310012817 0.07477883994579315 4.677033454179764 0.4673937410116196 0 0 0 0 0 0 0 15.52857454121113 0 44.56569008529186 0 0 0.3067393898963928 0.1671433597803116 7.31534481048584 4.088289484381676 0 0 0.1051055788993835 0.1487547159194946 1.824785895645618 7.685908019542694 216.7531320676208 143.5823260173202 2.149264678359032 0 0 39.26167199015617 0 0 0.2731708735227585 0.3658977746963501 1.080110751092434 12.07157117128372 3.112036243081093 1.267937920987606 0 0 0 0
24.18328388035297 142.1758274510503 260.2871704995632 0.1986069083213806 0.782600998878479 20.04696598649025 21.99026175588369 231.8056878149509 1.601917080581188 23.09609495103359 1413.432824157178 23.39656319469213 5.595095410943031 135.0614215582609 0.9157879427075386 2.815029814839363 2493.591987065971 1689.700322806835 3049.155095718801 7.276752211153507 36.50751615315676 2.962171822786331 220.5052138864994 7.119732856750488 9.379757463932037 2732.762897692621 1368.885468684137 6.792509838938713 289.6004328653216 218.7839051187038 9.499097928404808 23.327800527215 12.97041922062635 3077.58661916852 5.29094435274601 461.9865600094199 499.4919764846563 2594.026792258024 321.4571481198072 18.9520238339901 1.382432676851749 0 3.577300734817982 0 25.45075285434723 3.121304050087929 0 0 0 0.4646199643611908 0.132958710193634 0.6456380635499954 0 0.3322371393442154 0.1002042964100838 8.505637124180794 0 0 3.214302189648151 0.9746817201375961 6.817995630204678 17.6434211730957 0 0.7949476391077042 1.452874876558781 0.4868617951869965 3.909932158887386 4.09286293387413 321.8336723670363 211.8495645672083 0.701303631067276 0 0.5933354943990707 12.54942751675844 0 0 2.363965153694153 1.10579252243042 2.549146637320518 11.42396368086338 11.8704159706831 0.6136238574981689 0.2611408233642578 0 0.5907831788063049 0
3.589369088411331 1.86173690110445 0.9227221086621284 3534.390175238252 6.398709952831268 326.5780128762126 17.7147361561656 176.5743907764554 560.8768565356731 2739.610779546201 35.65030481666327 4761.460886903107 3.741592608392239 147.0847665816545 160.1124273911119 0 4.704053603112698 12.68927524238825 7.276752211153507 608.5684650465846 0.1083268672227859 6.054029785096645 0.9944517910480499 120.9650600850582 1.410552330315113 15.89947145432234 11.23945216834545 3132.132002517581 402.8640057817101 1.927576720714569 1.972846046090126 49.34111325442791 0.9529122710227966 103.8082359284163 3.17260967195034 1042.88234179467 6.493502952158451 390.3100511431694 15.92077285051346 511.7280462831259 22.98377859592438 2.993028752505779 7.910648763179779 0 0 0 144.87104383111 0 1.133743338286877 15.23239174485207 0.2427299469709396 30.19529758393764 79.84571754932404 0.9292001128196716 34.06148618459702 0.1051104441285133 0.6227411180734634 0 0.3062653541564941 0.1176961958408356 0.09994629770517349 0 83.36724683642387 0 0 0 146.0898893997073 0 0.386464886367321 0.3992661088705063 190.2442259788513 5.246331885457039 0 0.09975516796112061 0.2105463445186615 0 4.354474291205406 0.8610171675682068 53.95915493369102 0.293735645711422 7.591651871800423 1.869866997003555 84.68556354939938 2.591369211673737 0.09221693128347397 0
22.38716205209494 4.91755161434412 854.9995244592428 0 0 77.17611081153154 1661.811774402857 236.2616205066442 14.82067687064409 5.860650517046452 40.21107026934624 0.9255426451563835 4.122574739158154 116.0275143533945 0.1106099933385849 2496.213657967746 705.3139234110713 12.02428654581308 36.50751615315676 0.1083268672227859 10022.96041296422 113.9383738636971 20976.60356160253 486.5632754042745 5.432607650756836 76.35680785775185 499.8751886114478 5830.60773704201 642.1584477424622 10306.59447704256 0.1045085415244102 2.034675560891628 180.6021324843168 4080.151791609824 19.82852628827095 6245.344521135092 910.5185584202409 6240.252415940166 1685.363255284727 455.930162742734 39.52177136391401 0.6957395225763321 87.67094600945711 2.130908638238907 2.84552675485611 3.409625709056854 0.1543290615081787 0 0 1.08337889611721 1.265858486294746 18.96796005964279 0.4395831599831581 1.173098385334015 0 0.4248212873935699 1.239328563213348 0.1729955822229385 500.2160716354847 4.765799060463905 0.2282469570636749 0.8486726433038712 0 188.4427031129599 103.0898171216249 187.8530053570867 180.9457424506545 0 3.907269798219204 82.29377541691065 108.5158691704273 9.736182294785976 66.50129118561745 0 0 5.668276317417622 10.20978304743767 9.837445989251137 117.5544350445271 17.91102194786072 20.52540276944637 8.61618485301733 4.02428787946701 0.2036264538764954 2.814641356468201 0
0.7012143433094025 2809.350549556315 8.295159421861172 15.44523078203201 8.715024709701538 7.813031762838364 70.28096953034401 3.996981963515282 2088.343040406704 2.675952300429344 25.47124671936035 60.82775719463825 335.5524429008365 3.603247746825218 181.8215513601899 2050.635169655085 4.840259440243244 4.492396973073483 2.962171822786331 6.054029785096645 113.9383738636971 789.7302552685142 205.0420321896672 6513.11570097506 1364.502383008599 101.9750625491142 4058.681680858135 310.4199012890458 18.34699377417564 71.5091627985239 98.67031038552523 0.8096727281808853 5.980473168194294 12.64930095523596 0.3489469587802887 76.53071381896734 25.44193306565285 29.46878882497549 12.27743680030107 211.4690142273903 0.2615824937820435 11.70510655641556 0.7864305377006531 0 14.06361693143845 33.44158726930618 11.47260648012161 0.1284433305263519 0.1075861677527428 3.21336604654789 1.875797003507614 22.23291948437691 2.0656648427248 0.9421383216977119 0 2.30388717353344 0.6830032467842102 0.4908920526504517 1226.692851811647 3.404892735183239 0.7986248806118965 1.943883813917637 0.6375769525766373 205.9121933281422 225.6756011545658 382.2568278536201 187.0769395530224 0.5584720969200134 25.35141760110855 683.4699747487903 76.48999261111021 4.840699955821037 48.61053434759378 0.8004355058073997 0 2.957943633198738 6.807292938232422 0.9336206018924713 159.1210544332862 26.67800140380859 26.74247997999191 8.131706647574902 5.964150279760361 0.340248167514801 0.6185766607522964 1.751621633768082
125.6333508342505 8.709954388439655 12318.76969899982 0.3764868527650833 0 98.87801810353994 1270.50857847929 1057.544549077749 3.9883923381567 8.275769755244255 111.8814193457365 4.004874303936958 7.572355791926384 613.5848126113415 0.1999094039201736 6416.570827513933 3250.789732836187 47.29215088486671 220.5052138864994 0.9944517910480499 20976.60356160253 205.0420321896672 17354.37120784819 317.4438530877233 4.429205380380154 2280.492018967867 10777.72490429133 3848.507962532341 504.2017851993442 9402.292009875178 2.848768055438995 5.241706229746342 36.75315184891224 3597.946569442749 86.40512008965015 14150.03712379932 3915.517710790038 8566.275924645364 7356.676993645728 1815.6386436373 38.49639567732811 6.365476712584496 253.7184505313635 0.1567608863115311 19.61077974736691 292.5718427076936 0.6149947643280029 0 0 14.2719482332468 10.46771320700645 4.949243485927582 1.152587190270424 0.8416318744421005 0 0 5.7143779322505 0 2426.896638944745 19.86372475326061 0.4068696722388268 4.503301978111267 0 247.8875814601779 329.7519559264183 1680.165630742908 79.30456770211458 0.7084606885910034 51.91648680716753 2474.575751855969 54.04333562403917 2.537219345569611 31.7730872258544 0.3533848971128464 0 2.221682012081146 10.34505628049374 44.72170354425907 156.5327579975128 41.28027719259262 44.48892363160849 21.78338576853275 5.812664657831192 0 1.71457576751709 2.991990298032761
15.35841636359692 1265.93642450124 6.843444555997849 854.3934678286314 28.3395958468318 460.8144688084722 1538.355764918029 1927.981077291071 6495.390723869205 359.3453835472465 33.48022447526455 649.0247163102031 147.2129863426089 143.619568169117 1201.742279104888 2728.940728679299 10.94361075758934 10.08982568979263 7.119732856750488 120.9650600850582 486.5632754042745 6513.11570097506 317.4438530877233 5405.200719147921 638.7617320120335 107.8260394781828 3968.128966078162 5010.791330441833 575.5603127554059 375.5789659917355 62.23030163347721 48.84105392545462 120.5116196423769 161.6111106649041 11.92972895503044 2239.006254442036 50.62388799339533 860.3357771188021 120.2318197563291 676.9561130702496 59.16114261001348 7.822823017835617 20.13885548710823 11.49180767685175 7.870432466268539 7.763720110058784 334.7565660402179 0 10.3489174246788 95.51233597844839 49.18251344561577 1033.062962852418 227.8380121737719 13.22740411013365 26.9105404689908 2.173323407769203 60.79755356907845 1.247842773795128 544.2263495400548 5.373381897807121 2.13990356773138 1.723742343485355 185.5225804075599 173.4580919593573 194.7649533525109 106.0590952560306 4021.912322230637 0.1251619905233383 29.37324544042349 161.2884562164545 2129.697641514242 156.0577856525779 117.5066524893045 1.652311615645885 8.047715499997139 19.88925282657146 64.62672948092222 4.009060278534889 519.1373188719153 15.45900085568428 276.6609036996961 51.66292836517096 166.8089288696647 32.29829785227776 8.873308122158051 5.089042536914349
0 3607.793292500079 0.4575574845075607 2.446788050234318 3.03676775097847 3.258337385952473 9.895544640719891 3.813600957393646 326.1825162395835 1.482939504086971 1011.40421910584 17.1470602452755 9894.246455445886 4.147333063185215 37.98763696849346 26.99983359128237 6.914822034537792 39.05351161211729 9.379757463932037 1.410552330315113 5.432607650756836 1364.502383008599 4.429205380380154 638.7617320120335 513.5605415701866 958.8187617063522 5600.543666996062 45.69495218992233 5.790191650390625 24.64138740301132 1298.214132830501 8.748103678226471 1.236505120992661 276.9918151795864 0.8840992152690887 1102.040488004684 475.0866731107235 790.0407187566161 108.2508983165026 37.92314359545708 24.25076197087765 669.50861749053 3.655323505401611 0 21.55688987672329 0 1.318964526057243 0 0.4636165052652359 2.255749702453613 0.1865815073251724 0.9413731321692467 0.07274375110864639 368.2992748022079 0 888.8400771766901 0.3256141096353531 0.1170099601149559 4.5888696834445 0 4.84465604275465 2.103844866156578 0.08188386261463165 1.231702461838722 3.540496930480003 0.2731648460030556 18.00472950190306 169.6725988388062 406.4649543240666 792.7841384261847 9.52545578032732 0.192639172077179 0.09511683136224747 99.77109318971634 0 0 14.14346004277468 0 496.7238808348775 177.3838817328215 44.57514687627554 5.789619587361813 41.75969807803631 5.944994121789932 78.57154077291489 0
100.3610844537616 1039.702573239803 8862.643349558115 1.136419802904129 0.8133019432425499 115.0121558234096 228.3145925924182 937.1168373152614 55.83221389353275 50.60919622331858 1525.24102460593 48.78533507138491 94.35794966667891 519.9364214837551 12.26300845295191 12.77082974463701 3841.175064861774 1304.810338504612 2732.762897692621 15.89947145432234 76.35680785775185 101.9750625491142 2280.492018967867 107.8260394781828 958.8187617063522 27243.27353156358 16114.60603733361 27.64220842719078 486.7960966229439 591.7115713208914 739.6480742543936 71.85513141751289 8.830749303102493 1872.80632135272 39.91272500157356 3605.6512157619 5944.777529329062 6829.799542069435 1546.329762995243 129.1821198165417 6.807742543518543 13.89208956807852 15.19406086206436 0.7380444183945656 460.7502008602023 64.61801353096962 0.1068619340658188 0 0 1.54674094170332 1.641159474849701 8.471010029315948 0.08858330547809601 171.4059858992696 0.3878806009888649 636.4307950213552 3.059479385614395 1.617943271994591 6.504098691046238 25.85559420287609 116.8457306921482 292.4766723513603 0 1.326610550284386 18.25446316599846 2.327129751443863 19.31318508833647 151.4200390577316 5690.202503763139 4661.160776093602 5.002561613917351 2.643239974975586 3.678240530192852 483.2053834274411 0.1883020997047424 0.2701669037342072 37.79500611871481 8.419018447399139 76.08282969892025 187.3090271130204 201.3470389097929 24.8389636054635 1.371708184480667 0 4.44707540422678 0.1427727490663528
15.53211714327335 10773.79273129255 11591.72569385171 11.5428119674325 6.060363925993443 74.55008968710899 1121.591429740191 234.41223847121 785.3418855667114 31.35223137587309 520.5121517628431 56.0044803544879 2646.608643941581 99.22412538528442 118.8710013106465 5533.564068801701 3252.051933676004 427.2124600112438 1368.885468684137 11.23945216834545 499.8751886114478 4058.681680858135 10777.72490429133 3968.128966078162 5600.543666996062 16114.60603733361 36694.2767963931 2003.986659631133 193.6638026237488 529.1550358235836 800.4394823238254 20.72739911824465 30.88872340321541 2412.202090755105 87.19385679811239 8638.893386624753 4339.929956607521 9341.199387431145 2648.177736133337 664.0602925568819 35.5131139010191 16.09788720309734 103.995148062706 2.164987422525883 2465.098019696772 2241.740736864507 1.815494298934937 0 0.9392336383461952 66.96557831764221 41.87972572445869 31.971041187644 14.15610470622778 207.7639941200614 0.3276806622743607 764.4162588119507 27.01259057968855 0.6588985472917557 2273.384095303714 202.1393664479256 148.8927324712276 491.1077957227826 0.7025775536894798 153.2653205394745 1689.806206613779 1515.611682660878 270.4785341098905 209.7050671204925 9513.843263320625 22763.13572368026 143.5959096774459 16.61530593037605 78.01426183432341 613.8234904780984 0.2538677528500557 3.83004854619503 102.2667173370719 24.44944517314434 358.9666878283024 363.7556515261531 537.7191654741764 81.66218747198582 12.86548372358084 0.6056876629590988 6.687896899878979 3.52657275646925
44.66698854416609 64.62762673944235 154.6015101075172 3547.266466081142 7.440336413681507 2260.924498327076 26262.56486867368 1208.346748016775 1885.94097981602 3786.302232764661 30.36172103136778 1252.878501340747 27.13077892363071 376.8196589201689 141.5772385522723 2377.65408975631 29.07301384210587 7.217666074633598 6.792509838938713 3132.132002517581 5830.60773704201 310.4199012890458 3848.507962532341 5010.791330441833 45.69495218992233 27.64220842719078 2003.986659631133 9405.519671842456 2110.971038654447 9636.667932443321 4.03711986541748 55.77052967995405 718.0302375108004 815.2337837964296 61.03286062926054 7510.707903668284 123.8061666488647 3343.33949765563 734.5981707200408 482.4926654398441 194.8382243216038 4.972928673028946 92.60393089801073 9.617161437869072 2.699431665241718 5.730011664330959 659.659949220717 0.3684322535991669 7.126981668174267 115.232190027833 30.45680282264948 631.4272862672806 474.0523747056723 7.664779983460903 95.62019203603268 6.074007108807564 45.37795875966549 0.296639546751976 383.4577689394355 3.519492119550705 1.584936261177063 0.8696090951561928 406.9358495697379 142.944661565125 120.5541746988893 85.79676255583763 2987.595850847661 0 7.523770034313202 90.68651285767555 2134.16991572082 114.8809244781733 149.4599389955401 0.148733913898468 4.85141109675169 16.5742394849658 41.98459369689226 7.74156592041254 406.8666004016995 8.962458498775959 192.2270407751203 37.02940729260445 209.1552612036467 19.51799264550209 8.628215938806534 3.015635550022125
