409.023362994194 0.1707733571529388 83.99190747737885 2.611370276659727 1.175863318145275 33.24963788688183 2744.100156676024 807.1415032446384 4.760603934526443 39.63945820555091 1.203997030854225 2.134101547300816 0 3070.005758397281 0.1767592281103134 0.3552407771348953 44.38671283423901 0.3477544561028481 1.677083432674408 3.889271602034569 14.26296380907297 0.4906126260757446 49.38222669810057 37.35051616281271 0 9.705659106373787 10.08058982342482 200.964034345001 1051.592505306005 1179.546902783215 0 3.144029371440411 7.843684077262878 35.93579794466496 1.006011500954628 24.29605381190777 2.237613566219807 20.21737353503704 7.906546622514725 1.433782637119293 1.875881090760231 0.6128733679652214 0.1671749502420425 0.2590766623616219 0 0.3744472786784172 0 0 0 2.417392559349537 0.15292127430439 1.576921861618757 0.09435635805130005 0 0 0 0.3084263727068901 0 0.5312906578183174 0 0 0 0.2079481333494186 0.8178512081503868 0 0.08338859677314758 4.946044128388166 0 0.2958653420209885 0.333846852183342 10.77302854135633 1.240803491324186 1.674737107008696 0 0 0.07644021511077881 0.6653872430324554 0 3.22382440045476 0 1.193969033658504 0.2188035994768143 0.063801608979702 0.3043441250920296 0.08358824253082275 0
0.1707733571529388 108.0943693593144 350.849882684648 0 0 0.4476622827351093 16.54660353809595 1.562387079000473 340.2450496330857 0.4124575033783913 273.6982013657689 0.103509284555912 766.6349203139544 1.135550864040852 0.8019434809684753 177.8787752985954 75.50496634095907 1.033340737223625 3.846420735120773 0 6.303131639957428 1740.628741070628 198.7100858017802 495.0346718356013 1323.39654725045 590.5481366217136 6759.678808867931 67.84891951084137 1.687510177493095 0.9689095988869667 7.670172318816185 0 0.4012821838259697 121.2823686674237 0.4371537566184998 166.0471512377262 68.62727233767509 193.328911319375 41.8496732339263 8.226520366966724 0 69.53895772993565 0 0.09332768619060516 30.30674206465483 134.129841811955 0 0 0.0906677320599556 0.5373713821172714 0 1.518136322498322 0 4.873501293361187 0 19.27768210321665 0.07484413683414459 0 4.14803658425808 19.66480149328709 1.112804114818573 5.223529160022736 0 0.8291561156511307 11.64519935101271 5.678327761590481 4.141622021794319 23.84156741201878 258.4667734503746 1380.538571432233 1.640639647841454 0.2597837671637535 1.30573346465826 1.832010224461555 0 0 1.829626552760601 0.8557649254798889 9.538123495876789 12.31824424117804 11.0817159563303 3.633491888642311 0 0 2.654953271150589 0
83.99190747737885 350.849882684648 3139.987608723342 2.622043199837208 0.473333939909935 36.74569542706013 1843.854469630867 381.7159625701606 13.87699837982655 30.45796821638942 7.862142100930214 1.692957945168018 2.289565742015839 374.9103365652263 0 14.00110145658255 5115.261162437499 2.751586087048054 125.2822988554835 3.440625853836536 257.7112303674221 221.77302146703 9475.049932658672 22.52451271563768 19.7682680785656 4533.790472976863 4882.210139468312 446.3382399864495 249.2458234243095 1902.370728559792 0 2.368297830224037 14.30638542026281 1086.368041250855 28.27166727930307 1240.577390052378 4059.029179550707 1497.001843061298 446.9018171280622 24.18598230928183 3.11758328974247 181.8530797958374 3.721163555979729 2.608199544250965 49.64151444286108 971.1873057857156 0 0 0.1083831936120987 4.500308230519295 0.8107056617736816 8.828032203018665 0 0.2937338650226593 0 0.6337112635374069 1.693598620593548 0 81.27481559664011 22.01833556592464 0.3731148093938828 5.285282216966152 0 49.09773388504982 22.5691204443574 95.43910908699036 36.12272328138351 2.866022430360317 267.0675138235092 1596.738475888968 60.24639681726694 4.45690706372261 35.41950584575534 0 0 0.2195758819580078 11.14091834425926 7.899749264121056 46.64308781921864 11.49912351369858 25.00300209224224 16.61399789527059 0.8394338041543961 0.4922954365611076 0.9929706305265427 0.3641097247600555
2.611370276659727 0 2.622043199837208 1212.890028178692 2.968682877719402 368.1007868871093 33.75206891447306 295.7401594035327 163.5900591686368 1265.690021276474 4.065899454057217 4195.668358020484 0.1565504968166351 150.6659705638885 23.60846362262964 0 0.8870908319950104 1.411012254655361 2.609139166772366 4228.198860380799 0.4018328115344048 0.1400635689496994 0.3692704141139984 952.618696898222 2.708351887762547 1.928121998906136 0.5720596835017204 4031.399741195142 97.02122197672725 2.16475198417902 0 7.955666072666645 0.1750895977020264 91.20083191245794 6.952833011746407 258.6145682111382 7.057210296392441 107.3022188022733 44.94592733681202 235.0198158361018 38.63159821927547 0.4833884462714195 5.244079977273941 0.4753677994012833 0 0 21.65486571192741 0 3.76763142645359 31.38858550786972 2.482237346470356 40.60600093007088 14.47423951327801 0.1278979629278183 8.81396521627903 0 1.423600181937218 1.560387477278709 0 0 0 0 35.18003391474485 0 0 0 109.3551353737712 0 0 0 242.2941955849528 0.9646815806627274 0.6423508152365685 0 0 0 0.4153595194220543 0.4207166135311127 8.033422105014324 0.2852698117494583 1.779380232095718 1.351727649569511 5.48300912976265 0.7504558265209198 0.1014257296919823 0
1.175863318145275 0 0.473333939909935 2.968682877719402 2.070765167474747 714.9447192847729 5.056896977126598 422.5004212521017 231.5175630897284 17.87063380330801 64.07516184449196 102.5555118396878 1.583675652742386 51.2335989959538 904.7194729596376 0 2.706145398318768 11.37590303272009 19.18891441822052 6.454269498586655 0.1254463493824005 0.6019492000341415 0.06979548931121826 31.91655656695366 0 10.99098111689091 0.6355755850672722 7.026052631437778 43.2822589725256 1.206057481467724 0.4999633207917213 141.7833706140518 0 771.9573434218764 0.1272634863853455 10.33175487071276 7.124601051211357 169.6887115463614 26.91341698169708 1148.082958504558 37.95120689272881 2.517415717244148 2.643619626760483 0 0 0 0.2249859422445297 0 0 0 0 0.1385150849819183 0 0 0.1720489114522934 0 0 0 0 0 0 0 0 0 0 0 0.1886121220886707 0 0 0 0.8094664216041565 0.06951262056827545 0 0 0 0 0 0 0.3329020962119102 0 0.4499309062957764 0.2873543202877045 0 0 0.5082268714904785 0
33.24963788688183 0.4476622827351093 36.74569542706013 368.1007868871093 714.9447192847729 9025.369950555265 1431.950586020947 3798.49625922367 140.9190465137362 12806.04250145331 65.33045414090157 5146.440662935376 2.577911727130413 288.8664482757449 1164.943009711802 0.391333281993866 1.830118991434574 11.61605409905314 23.64157674089074 1508.133656095713 17.3929360806942 0.9626194015145302 13.05498160421848 176.6742670834064 0.7324349880218506 14.10056021437049 1.499762319028378 1161.266463685781 229.1900710090995 24.14692175760865 0.1879146471619606 171.2644223421812 2.654662355780602 957.3200654238462 5.187367208302021 289.882791634649 11.92671321332455 358.5582814440131 119.0819507464767 1234.087264947593 438.0325760319829 9.64692460745573 6.803546100854874 1.049541093409061 0.1184843182563782 0.1665448099374771 8.20561545342207 0.1590915322303772 2.384068466722965 33.55560693517327 1.84244142100215 19.57386433705688 7.456993021070957 0.1684860736131668 6.148895800113678 0.5123793818056583 2.075938206166029 1.2611014097929 0.7759040221571922 0 0.05819778889417648 0 12.0937996506691 0.6803580820560455 0.4519212245941162 0.1816934272646904 73.403858859092 0 0.381840106099844 1.02558222413063 160.0459683835506 3.083960600197315 2.907272610813379 0 0.6241114884614944 0.1936899572610855 1.409643098711967 0.226698525249958 13.69672979786992 1.13650057092309 7.408979892730713 2.568483918905258 2.456853166222572 0.2947693541646004 0.5360420793294907 0.3899746164679527
2744.100156676024 16.54660353809595 1843.854469630867 33.75206891447306 5.056896977126598 1431.950586020947 13850.04118235037 6690.627003047615 164.7003883272409 2101.328962750733 8.775306392461061 10.60326804220676 0.997463621199131 7936.976981181651 5.462896794080734 21.45226556807756 86.76291744410992 2.955161187797785 6.409256439656019 23.00182062014937 1010.573207058012 78.40713596343994 1088.243206676096 782.6551058478653 2.335142947733402 48.06397243961692 78.88579988479614 14070.65946966037 2633.799239028245 3460.495797272772 0.252141073346138 16.71154282614589 110.8094030842185 638.8818116374314 66.13363879919052 1347.547965437174 63.06784680485725 645.3032114505768 481.0438270196319 96.96103663742542 65.4576276615262 3.974812164902687 17.20076788216829 23.50873035565019 0.2062810659408569 7.352405667304993 9.847533583641052 0 6.048940651118755 92.50034553557634 6.24156790599227 91.27010668441653 8.18819972127676 0.4595886990427971 3.540388882160187 0.4672584012150764 14.30557891353965 3.163739487528801 24.24635197967291 0.5738270506262779 0.5681402236223221 0.1543335095047951 6.626127526164055 15.31167233735323 7.239691026508808 13.27884746342897 315.2145474664867 0 4.327124960720539 29.86025334149599 576.1951041780412 46.45741527527571 77.51440516486764 0 0.3591724410653114 4.685812789946795 18.57610020786524 8.581782497465611 120.3531901016831 4.155750900506973 34.19599203765392 21.42343240231276 11.21542748808861 6.230287700891495 0.5619789958000183 1.365423284471035
807.1415032446384 1.562387079000473 381.7159625701606 295.7401594035327 422.5004212521017 3798.49625922367 6690.627003047615 8087.854153636843 37.51030580699444 4752.480800841004 140.7400926947594 1201.495834160596 5.112395070493221 3305.513077832758 353.559493035078 0.8555499613285065 153.4436353035271 33.34801662713289 68.93897107243538 724.0333695933223 104.7387458644807 4.088500209152699 194.9534052461386 229.2421780563891 2.149862483143806 73.52599632740021 31.59974370896816 1384.549330540001 722.2952140159905 751.5517585985363 1.448865324258804 1071.723851535469 9.300612948834896 885.3784145712852 18.6516627445817 730.1323576159775 50.79460211098194 557.6197289600968 205.567484728992 655.5127340517938 222.3064635619521 27.64715241640806 14.38402900099754 4.950596995651722 0.1672014594078064 0.9324494078755379 12.97354997321963 0.1155477464199066 3.842349983751774 87.22516986727715 5.748708568513393 38.76478615403175 7.369358152151108 0.2989238053560257 4.06256852298975 0.8793686106801033 6.355955049395561 4.511365078389645 3.979726783931255 0 0.2183823399245739 0 9.925125189125538 2.593006826937199 1.441576477140188 1.358271930366755 144.666999835521 0 1.238676145672798 3.095301322638988 355.3722358681262 14.20250155776739 17.86552869528532 0 0.9316930696368217 1.132748872041702 6.572169438004494 2.38267394900322 42.91254651546478 1.969218786805868 19.40641935542226 8.000517003238201 5.217950023710728 1.597265783697367 2.019378140568733 0.9293230697512627
4.760603934526443 340.2450496330857 13.87699837982655 163.5900591686368 231.5175630897284 140.9190465137362 164.7003883272409 37.51030580699444 241.7519730255008 62.85801253467798 7.84674609452486 234.9373079836369 15.81634668260813 29.6688618324697 1186.362038880587 148.585586167872 2.621830396354198 0.09908535331487656 0.2790905088186264 157.6815369687974 57.53125897049904 1012.450821489096 26.9724947437644 5251.748110793531 26.38763675838709 24.70712930709124 328.1591011658311 1646.520252726972 100.7874889560044 41.55723990499973 0 3.358629927039146 21.16646531224251 32.6324321180582 7.442570529878139 153.4931820780039 7.537684470415115 37.28603127971292 37.80892413854599 472.5748600810766 5.333098977804184 0.8702707439661026 0.7884885966777802 22.94633015245199 1.242891855537891 4.359245643019676 29.90046329051256 0 6.731386087834835 103.7913022786379 8.896046802401543 59.11247090995312 10.93969556689262 1.185789551585913 14.69116061925888 0.4417451173067093 12.31657754257321 3.622762575745583 276.2742836326361 0.1120042577385902 0.5031168684363365 0.2529766708612442 29.08625911921263 101.8674111738801 18.06376091390848 29.81520240008831 701.4192996844649 0 2.50687850266695 15.87288329750299 757.3561138175428 50.2318890877068 131.0007090047002 0.3579527214169502 0.3137101083993912 5.874880403280258 17.37014585733414 2.075121805071831 84.61892767250538 4.876704879105091 30.59308587014675 19.87329509854317 5.652491271495819 4.699695713818073 0.1401873081922531 1.15266165137291
39.63945820555091 0.4124575033783913 30.45796821638942 1265.690021276474 17.87063380330801 12806.04250145331 2101.328962750733 4752.480800841004 62.85801253467798 16717.93477655947 17.09723059087992 907.7546911425889 0.5671989619731903 1098.265284538269 13.25957920402288 0.3565359339118004 4.117440164089203 4.724087987095118 10.44292465597391 1120.224363163114 10.09921292215586 1.348495431244373 9.387398488819599 168.0937746465206 0.1117259711027145 7.375821746885777 2.488928094506264 6104.062193963677 469.9633129797876 25.00552650168538 0 34.23323480039835 3.143029890954494 378.6110327020288 26.89076419919729 672.2166409529746 21.40207264572382 410.5199669152498 169.85478021577 141.6280246376991 134.5805751532316 4.131375387310982 14.8119964748621 1.986332163214684 0 0.1108817085623741 18.8744930177927 0.0663822814822197 5.963409081101418 37.49688681587577 3.858885262161493 28.86483211070299 6.767723076045513 0.06044615805149078 7.753724411129951 0 2.54689647257328 0.7522721886634827 0.1783770322799683 0 0.1782023794949055 0.06255030632019043 19.43584375828505 0.1925174966454506 0.3689849004149437 0.4124374538660049 99.71380960568786 0 0.1408242098987103 0.1862328201532364 231.055138785392 3.260059848427773 3.298463903367519 0 0.1526220515370369 0.2269555926322937 2.068497844040394 2.491351693868637 25.25667935237288 0.4434166699647903 3.781544495373964 2.473112877458334 5.845505379140377 1.168606542050838 0.1833712011575699 0.1969239711761475
1.203997030854225 273.6982013657689 7.862142100930214 4.065899454057217 64.07516184449196 65.33045414090157 8.775306392461061 140.7400926947594 7.84674609452486 17.09723059087992 8611.002947486937 14.04787639528513 2268.920473009348 79.13339088112116 1.477220706641674 2.537566170096397 279.0247736796737 4099.657956182957 1439.036118723452 11.45424053072929 1.240834340453148 46.19821526110172 4.113860279321671 9.009377505630255 1330.087617620826 3970.713075242937 458.2659686133265 13.67251279205084 144.1520984917879 1.526905886828899 344.9512849003077 74.52117594331503 0.1571727506816387 5749.650699239224 6.162934631109238 507.5940820872784 3665.886745117605 3480.870842121542 823.6674367412925 49.87977831065655 91.33224339038134 2169.565080687404 2.662146545946598 0.2349689230322838 10.03274739533663 1.056880302727222 0 0 0.4121308624744415 0.666382871568203 0.07335440814495087 0.07243472337722778 0.4225009009242058 154.8479869812727 0.1215906962752342 645.5630773752928 1.595770187675953 0 0 1.185750715434551 11.04366762936115 0.4945234060287476 0 0.1068042740225792 0 0 1.06394749134779 46.43788206577301 115.195393383503 152.3060669600964 1.97900677472353 0.8372309356927872 0.2580727711319923 76.64401779323816 0.4306832998991013 0 17.28234945237637 5.664540216326714 46.50072778016329 436.7979584783316 66.74249392747879 2.595877461135387 0.07511410117149353 0.149193674325943 137.1285884454846 0.7124018669128418
2.134101547300816 0.103509284555912 1.692957945168018 4195.668358020484 102.5555118396878 5146.440662935376 10.60326804220676 1201.495834160596 234.9373079836369 907.7546911425889 14.04787639528513 5280.235597293824 0.3395840972661972 359.4299333095551 578.8896882161498 0.1850186884403229 1.152066357433796 4.359760705381632 8.20062118023634 5690.29224076122 0.1038232445716858 2.573288321495056 0.4667857363820076 1016.386039577425 0 5.434775669127703 0.8407108634710312 1003.362868685275 136.8790047541261 1.118132762610912 0.1481695920228958 33.62520050257444 0.2595449760556221 187.5919267237186 3.188710279762745 326.1307640150189 6.790455788373947 163.6960543207824 49.90383772924542 982.1879432797432 48.80339489132166 2.29146296530962 3.94113390147686 0.2587342783808708 0 0 18.54657661169767 0 1.331648871302605 8.292258433997631 0.09180717170238495 24.84264971315861 7.061462089419365 0 9.482141546905041 0 0.4196331202983856 5.732702150940895 0 0 0 0 25.95939964056015 0 0 0 59.43392987176776 0 0 0 110.1586983650923 0.5276105478405952 0.1016215607523918 0 0.1309036016464233 0 0.1301538161933422 0 5.288214102387428 0.2709896564483643 1.946765054017305 0.7060591354966164 7.053492218255997 0.1620661914348602 0.08391354978084564 0.08094540238380432
0 766.6349203139544 2.289565742015839 0.1565504968166351 1.583675652742386 2.577911727130413 0.997463621199131 5.112395070493221 15.81634668260813 0.5671989619731903 2268.920473009348 0.3395840972661972 1715.848927177489 1.866204857826233 0 3.892051190137863 1.288311660289764 46.15740814805031 4.21476037800312 0.3676556125283241 0.9070171117782593 140.6666127592325 3.456470720469952 22.95891731977463 3551.392301619053 479.3441382274032 2720.348931014538 4.269069477915764 3.564035378396511 0 900.5682244077325 1.20434732735157 0 666.3367075622082 0.1760822683572769 40.53157030791044 1293.760427340865 886.5646822974086 142.6955637186766 1.619547218084335 18.97982352226973 754.1469347402453 0.2959958910942078 0.07926078140735626 18.48190481215715 0.1340774595737457 0 0 0.214265339076519 0.2755857184529305 0.186282142996788 0 0 176.5878734216094 0.09940378367900848 777.9506301432848 1.584523491561413 0 0 0.7584260702133179 12.88976170867682 0.6823143064975739 0 0.07687470316886902 0.1086146384477615 0 0.08046245574951172 117.4171363115311 181.6483377814293 263.079596541822 0 0.5947171300649643 0 80.49092847853899 0.1812069714069366 0 16.58652813732624 0.09427378326654434 5.402191571891308 449.9250998944044 67.18758112937212 1.878034509718418 0.09818901866674423 0 135.4671360626817 1.988067269325256
3070.005758397281 1.135550864040852 374.9103365652263 150.6659705638885 51.2335989959538 288.8664482757449 7936.976981181651 3305.513077832758 29.6688618324697 1098.265284538269 79.13339088112116 359.4299333095551 1.866204857826233 3656.276362493634 76.40437560528517 1.221529774367809 186.8720369450748 14.86116467416286 37.47032767161727 308.5873261168599 90.88714076578617 3.550101198256016 215.7229568660259 208.3591562025249 1.115636616945267 54.83263714984059 34.27220527082682 1036.246158350259 3783.855178702623 1667.234402183443 0.7655095085501671 94.35762506350875 17.51075569167733 1112.994896609336 9.831691488623619 813.0733468160033 49.64470952004194 437.0823850184679 127.3475613929331 431.8643761798739 157.6268661469221 13.5268680267036 10.64188627153635 3.860146168619394 0.1002287492156029 1.304662346839905 4.886402133852243 0.1297097951173782 3.40290691703558 34.24753911420703 2.336309663951397 19.76541414856911 3.278425768017769 0.6258436478674412 0.739077977836132 0.4437352493405342 3.31914971023798 1.519331127405167 2.619490846991539 0.07660669088363647 0 0.09372806549072266 4.291413806378841 2.186427492648363 0.5068459995090961 0.5359847620129585 69.11645468324423 0 0.6887615770101547 2.578512229025364 168.8322324194014 8.993099991232157 11.17075845599174 0 0.1643909513950348 1.437114953994751 4.533054448664188 0.3658205270767212 38.50499600172043 1.660840578377247 10.15278933569789 5.45944494754076 2.921278178691864 1.654136136174202 0.632863737642765 0.7019511088728905
0.1767592281103134 0.8019434809684753 0 23.60846362262964 904.7194729596376 1164.943009711802 5.462896794080734 353.559493035078 1186.362038880587 13.25957920402288 1.477220706641674 578.8896882161498 0 76.40437560528517 195.9798403978348 0 0 0.1660453602671623 0.6643184646964073 55.29750686883926 0 7.381567060947418 0 980.7546071112156 0 0.503135159611702 0.8980326950550079 49.38968805223703 46.75990525633097 0.1222193539142609 0.08643307536840439 159.556060411036 0 13.93370087444782 0.5896605029702187 106.2442529276013 2.61976196616888 10.1760793030262 2.723728731274605 780.0374235957861 52.13950952887535 0.2735849320888519 0 0 0 0 1.759126424789429 0 3.954869508743286 0.6605746746063232 0 0.3577937483787537 0.8237392902374268 0 0.1875016391277313 0 0 0 0.1669976413249969 0 0 0 0 0 0 0 3.801445215940475 0 0 0 11.45492239296436 0.5280334949493408 0 0 0 0 0 0 4.50093024969101 0 0.3559059575200081 0 0 0 0 0
0.3552407771348953 177.8787752985954 14.00110145658255 0 0 0.391333281993866 21.45226556807756 0.8555499613285065 148.585586167872 0.3565359339118004 2.537566170096397 0.1850186884403229 3.892051190137863 1.221529774367809 0 3499.912871733308 4.447760082781315 0.1068030595779419 0.7092747837305069 0 2722.617795117199 3685.752738073468 4633.912015885115 1406.138519443572 8.349284537136555 22.08805788308382 1663.830308020115 1395.33707183972 8.410493962466717 32.05871273577213 0 0 2.620945036411285 86.20419048517942 36.97344280779362 1097.582366406918 553.0064402148128 274.9145099669695 476.657895848155 89.76891785860062 0.8913891315460205 2.08130356669426 9.173056744039059 7.751673713326454 0.8018989488482475 15.4035699442029 0 0 0 4.540847890079021 0.5574893578886986 31.95062890648842 0 0.4547973498702049 0 0.08775147050619125 4.475374147295952 0.101022757589817 2070.224923014641 1.320137433707714 0.1534834876656532 0.2783950641751289 0 383.9985605925322 474.0174346491694 775.2988435700536 127.6634569242597 0 1.950518876314163 202.2896435633302 223.1903006955981 13.02192267775536 125.8626488223672 0 0.3223791420459747 1.395300514996052 5.25407999008894 4.105738200247288 114.7122628092766 41.44467078149319 10.40864705294371 9.744379363954067 3.456583373248577 0.1923971176147461 0 0.1043161675333977
44.38671283423901 75.50496634095907 5115.261162437499 0.8870908319950104 2.706145398318768 1.830118991434574 86.76291744410992 153.4436353035271 2.621830396354198 4.117440164089203 279.0247736796737 1.152066357433796 1.288311660289764 186.8720369450748 0 4.447760082781315 1285.885281354189 21.23281033337116 3747.29156653583 1.439827188849449 146.4754805490375 26.54343155026436 1914.825331680477 9.459724307060242 4.153359234333038 2469.368932701647 5382.80812138319 34.11751729995012 334.6205158382654 1429.913824148476 0.6150078773498535 2.65594232827425 20.45330462604761 2292.535722106695 13.34939239174128 1086.659674614668 1127.051258042455 1615.826613083482 552.6330778896809 19.25987232476473 1.958791084587574 11.49357634782791 3.898419804871082 0.09805674105882645 5.352104924619198 39.58618345111609 0 0 0 0.3190133944153786 0 0.3641496226191521 0 0 0 0.2794966101646423 0.1722445711493492 0.1062464490532875 0.8820510655641556 6.377251401543617 0 3.897470779716969 0 1.162767820060253 0.7279070317745209 2.941478960216045 0.894621305167675 1.293671995401382 82.89619889110327 120.5837409645319 1.362259618937969 0.2274484038352966 0.3816069662570953 0.2039463967084885 0 0 0 4.922466903924942 8.631941363215446 0.2491698265075684 2.356797244399786 1.868870001286268 0.1582555770874023 0 0.08332417905330658 0
0.3477544561028481 1.033340737223625 2.751586087048054 1.411012254655361 11.37590303272009 11.61605409905314 2.955161187797785 33.34801662713289 0.09908535331487656 4.724087987095118 4099.657956182957 4.359760705381632 46.15740814805031 14.86116467416286 0.1660453602671623 0.1068030595779419 21.23281033337116 681.0025474354625 129.15893291682 3.396266162395477 0.3607113733887672 0.4016133397817612 0.9268083870410919 0.817045621573925 21.49280543625355 2252.665649481118 203.4053494036198 3.318323936313391 31.21297821775079 1.184711039066315 27.20333036035299 12.13065585494041 0.06834705173969269 806.6505538262427 5.841300472617149 719.0286949202418 993.754398047924 1115.206046886742 334.8158238381147 18.50268474966288 8.049651719629765 52.3897814899683 2.195986673235893 0.1589357927441597 0.6298615336418152 0 0.12197295576334 0 0 0.2388695478439331 0 0.2555185332894325 0 6.561380065977573 0 51.44442997872829 0 0 0 0 3.998660646378994 0.1911922246217728 0 0 0 0 0.1115256957709789 17.32847435027361 48.3983184620738 79.7820809930563 0.9324527345597744 0.06281076371669769 0 13.8315432369709 0 0 1.107023358345032 6.11223378777504 57.30000106245279 8.229236215353012 4.528189837932587 0.9389556422829628 0.1298137307167053 0 3.318313784897327 0
1.677083432674408 3.846420735120773 125.2822988554835 2.609139166772366 19.18891441822052 23.64157674089074 6.409256439656019 68.93897107243538 0.2790905088186264 10.44292465597391 1439.036118723452 8.20062118023634 4.21476037800312 37.47032767161727 0.6643184646964073 0.7092747837305069 3747.29156653583 129.15893291682 2594.684502400458 6.498215317726135 7.015362411737442 1.101677395403385 224.4564085528255 2.264364115893841 5.899979516863823 2442.441194593906 983.4751573801041 8.360503859817982 85.05057597905397 83.07237081974745 3.653787337243557 20.01064465194941 1.46728827804327 3213.305278748274 15.85632774978876 1969.773661356419 1186.847254365683 2762.457174964249 939.1619243174791 46.54904147982597 8.429223977029324 12.58010863512754 4.247534580528736 0.09034215658903122 2.852584853768349 3.347193390130997 0 0 0.05889183282852173 0.1929793879389763 0 0.1678154096007347 0 1.543218389153481 0 10.32131203263998 0 0 0 1.238366425037384 2.64149321615696 1.209023959934711 0 0.05635951831936836 0.09243457019329071 0.1191925033926964 0.5086514540016651 15.64199527353048 61.16833032667637 92.62760880589485 1.434848561882973 0.06537911295890808 0.1014532297849655 3.41384594142437 0 0 0 9.05310282856226 67.5312281511724 3.025812663137913 2.271990530192852 7.367496266961098 0.1543561071157455 0 0.5988430380821228 0.18183933198452
3.889271602034569 0 3.440625853836536 4228.198860380799 6.454269498586655 1508.133656095713 23.00182062014937 724.0333695933223 157.6815369687974 1120.224363163114 11.45424053072929 5690.29224076122 0.3676556125283241 308.5873261168599 55.29750686883926 0 1.439827188849449 3.396266162395477 6.498215317726135 449.972081117332 0.7376389056444168 0 1.076363265514374 803.6111510246992 2.043205499649048 3.809839498251677 0.4249139428138733 3713.533631756902 176.2446473501623 3.026809856295586 0.06592931598424911 17.89493216574192 0.5501510724425316 168.2469369843602 9.973228245973587 303.0602780207992 9.683370396494865 180.6531580649316 61.38168834522367 425.4400145336986 59.93366138637066 1.651828274130821 3.75531280785799 0.3435549065470695 0 0 15.51472383737564 0 5.354766681790352 23.4064734429121 1.722422063350677 28.17622081190348 8.090104646980762 0.4630931094288826 12.90510459244251 0 1.501689486205578 1.484752908349037 0 0 0 0 21.9588159173727 0 0 0 81.28816969320178 0 0.0601511150598526 0 179.3817209228873 1.0214575342834 0.3193363398313522 0 0.08862645179033279 0 0.6332087069749832 0 9.412371262907982 0.2117244079709053 2.515069663524628 1.565403681248426 8.496469929814339 0.6333529204130173 0.0815042108297348 0
14.26296380907297 6.303131639957428 257.7112303674221 0.4018328115344048 0.1254463493824005 17.3929360806942 1010.573207058012 104.7387458644807 57.53125897049904 10.09921292215586 1.240834340453148 0.1038232445716858 0.9070171117782593 90.88714076578617 0 2722.617795117199 146.4754805490375 0.3607113733887672 7.015362411737442 0.7376389056444168 7878.162279762328 322.7959390133619 8157.492550842464 180.4942487627268 1.974562004208565 15.43210219591856 338.1607110202312 1727.534816872329 84.44654209911823 10014.68696255982 0 0.3489006534218788 14.7598946839571 3741.998027086258 149.5739827975631 4579.917802065611 1360.617216192186 3253.982486911118 3518.491492643952 386.7557386308908 5.166993491351604 7.552900992333889 41.16213800758123 4.565104328095913 0 12.24352480471134 0 0 0 1.989907748997211 0.7742775231599808 11.04640122503042 0 0 0 0 3.028529323637486 0 493.8090522810817 0.3033691346645355 0 0.4809765815734863 0 206.7277505546808 85.05496060103178 103.9351298883557 66.05446075648069 0 0.4845929890871048 14.37357228249311 119.3982401005924 6.785983897745609 74.11553917080164 0 0 0.6158127263188362 4.457756981253624 19.99361377954483 37.71689996123314 1.768282152712345 5.862719818949699 8.702605925500393 2.402109712362289 0.08258988708257675 0.2889203876256943 0.2416597902774811
0.4906126260757446 1740.628741070628 221.77302146703 0.1400635689496994 0.6019492000341415 0.9626194015145302 78.40713596343994 4.088500209152699 1012.450821489096 1.348495431244373 46.19821526110172 2.573288321495056 140.6666127592325 3.550101198256016 7.381567060947418 3685.752738073468 26.54343155026436 0.4016133397817612 1.101677395403385 0 322.7959390133619 528.6622189506888 1283.795576661825 3674.486953824759 278.3228937461972 147.1069682613015 5749.575966313481 522.893265299499 9.26799438148737 15.35904093831778 1.53704346716404 0.1451249122619629 2.991660609841347 48.84342178702354 4.253010183572769 214.2348473891616 71.16423669457436 158.8087309673429 56.28660093992949 49.92945401370525 0.153508722782135 6.562926590442657 0.3607555776834488 1.250886544585228 5.234372064471245 49.27676886320114 0 0 0.1580362766981125 3.945481702685356 0.9074675738811493 8.064179413020611 0.4440299272537231 0.4676430597901344 0 1.992469944059849 0.8427215665578842 0 1272.152105815709 0.8420811519026756 0.1200896874070168 0.1328100562095642 0 155.9443976581097 51.20722626894712 453.8484343960881 42.49104949831963 0.8091863617300987 7.170340109616518 655.5599299371243 59.47052483260632 2.596260324120522 35.87748628109694 0.08753637224435806 0 0.3942729756236076 2.585136905312538 1.628396674990654 26.06145012378693 6.522380292415619 10.98011986166239 11.2071830034256 0.521613210439682 0.2414112612605095 0 0
49.38222669810057 198.7100858017802 9475.049932658672 0.3692704141139984 0.06979548931121826 13.05498160421848 1088.243206676096 194.9534052461386 26.9724947437644 9.387398488819599 4.113860279321671 0.4667857363820076 3.456470720469952 215.7229568660259 0 4633.912015885115 1914.825331680477 0.9268083870410919 224.4564085528255 1.076363265514374 8157.492550842464 1283.795576661825 12220.73638810962 571.6890548616648 7.844117909669876 231.0286318957806 10597.83604340255 3580.114027760923 294.5001194998622 5512.17803196609 0 0.5380509048700333 25.05384451150894 3466.307602994144 283.8553342819214 7619.439130730927 7069.659045428038 6256.274693213403 5948.226513899863 494.2547710910439 9.278724178671837 78.8123971298337 51.5409437045455 1.432456091046333 1.962069757282734 126.6496011912823 0.0804271399974823 0 0.1448629051446915 6.983126543462276 0.3120333105325699 8.498282998800278 0 0 0 0 1.751661494374275 0 1679.881915807724 0.8955835402011871 0 0.1899339407682419 0 73.05267816781998 378.5890630632639 993.9982694685459 24.14708243310452 0.3474808633327484 5.054775185883045 1075.526852726936 39.3859609477222 3.185534842312336 20.40276435762644 0 0 0.5987963750958443 7.016348384320736 53.55592040717602 111.8555595949292 61.04981930553913 26.59799329191446 46.12163379043341 2.746829614043236 0.2292174026370049 1.45762374997139 0.2602279558777809
37.35051616281271 495.0346718356013 22.52451271563768 952.618696898222 31.91655656695366 176.6742670834064 782.6551058478653 229.2421780563891 5251.748110793531 168.0937746465206 9.009377505630255 1016.386039577425 22.95891731977463 208.3591562025249 980.7546071112156 1406.138519443572 9.459724307060242 0.817045621573925 2.264364115893841 803.6111510246992 180.4942487627268 3674.486953824759 571.6890548616648 8931.431209858507 42.40879346430302 36.61466769129038 632.6720589101315 12968.74456268921 779.8809210285544 251.259817995131 0 4.687838535755873 144.9694172292948 351.3845516629517 74.63730575889349 1443.644037298858 108.2041785493493 376.9946994259953 393.4252338446677 1162.884718932211 34.72351398319006 4.526082061231136 12.06035133451223 63.44522186741233 1.076120302081108 15.63304591923952 115.4506274908781 0.5703269839286804 36.73949244618416 355.6376846954226 36.42414802312851 869.0153711289167 73.70202746242285 4.121677476912737 63.28274633735418 0.4179586470127106 40.68528241664171 25.15868279337883 199.3025869205594 1.285643860697746 1.390293896198273 0.9836917743086815 150.8789875134826 142.4406987950206 46.03930501639843 29.04502448439598 1612.055487435311 0.08410483598709106 5.48895462974906 16.63661700859666 2720.356111727655 143.6717278175056 276.4192483238876 0.08039997518062592 2.4774717874825 13.30480402708054 71.0559687204659 11.54886112362146 377.024434261024 11.35826776176691 124.7452501580119 65.73099302127957 62.64579676091671 21.87060767412186 2.629033152014017 4.17857913672924
0 1323.39654725045 19.7682680785656 2.708351887762547 0 0.7324349880218506 2.335142947733402 2.149862483143806 26.38763675838709 0.1117259711027145 1330.087617620826 0 3551.392301619053 1.115636616945267 0 8.349284537136555 4.153359234333038 21.49280543625355 5.899979516863823 2.043205499649048 1.974562004208565 278.3228937461972 7.844117909669876 42.40879346430302 423.2592983916402 1124.689556226134 4801.492070995271 9.154597826302052 2.237708397209644 0.3145311176776886 720.7423781901598 1.589531004428864 0 457.1588696837425 0 674.8244464620948 316.4572752043605 1032.905803397298 89.99984638392925 61.8470721617341 17.28780907392502 276.4815363734961 1.573954224586487 0 40.34690575301647 0.5708581283688545 0 0.09634594619274139 0.08104840666055679 0.1655572429299355 0 0.1637383848428726 0 82.93060909211636 0 337.0930436998606 0.1277163773775101 0 0 0.7536941841244698 4.23539412766695 1.032679498195648 0 0.08466693013906479 0.4512985050678253 0.2219288423657417 0 228.0656035244465 138.0998448356986 551.1887053325772 1.834332868456841 0.1897365748882294 0.1122276186943054 18.38057176023722 1.112933456897736 0 10.75647292286158 1.042466759681702 252.3665007352829 62.55927481502295 60.64219609647989 3.095145091414452 33.17910468578339 0 117.6043983995914 0.6236424446105957
9.705659106373787 590.5481366217136 4533.790472976863 1.928121998906136 10.99098111689091 14.10056021437049 48.06397243961692 73.52599632740021 24.70712930709124 7.375821746885777 3970.713075242937 5.434775669127703 479.3441382274032 54.83263714984059 0.503135159611702 22.08805788308382 2469.368932701647 2252.665649481118 2442.441194593906 3.809839498251677 15.43210219591856 147.1069682613015 231.0286318957806 36.61466769129038 1124.689556226134 15798.48898588866 8439.244846090674 28.08958271890879 103.7291682809591 163.8562603443861 234.5269740521908 14.46186474710703 7.533716917037964 1901.192675780505 44.16685900837183 5387.212307691574 9081.981155581772 3277.341680508107 1200.198939152062 119.763972222805 10.31170408427715 230.7061573565006 14.72511333227158 0.4512031972408295 542.2882891595364 378.4006910249591 0 0.1839310713112354 0 3.282021764665842 1.250100776553154 1.082776434719563 0.1490069106221199 155.3986282348633 0.08001592755317688 1343.028370991349 3.450924545526505 0 2.923838183283806 173.7162092998624 104.7791634351015 135.3912996798754 0 5.385176792740822 3.920063324272633 12.12945099920034 2.752859011292458 1216.778020597994 4046.637186877429 7189.367527157068 3.277167893946171 1.740475676953793 8.565027743577957 302.7333597764373 0.6493624374270439 0 32.22252069786191 17.88815331459045 243.1734665855765 171.2187002673745 137.2734098285437 29.50164493918419 3.395230419933796 0.3721144013106823 29.79621399194002 5.72931494563818
10.08058982342482 6759.678808867931 4882.210139468312 0.5720596835017204 0.6355755850672722 1.499762319028378 78.88579988479614 31.59974370896816 328.1591011658311 2.488928094506264 458.2659686133265 0.8407108634710312 2720.348931014538 34.27220527082682 0.8980326950550079 1663.830308020115 5382.80812138319 203.4053494036198 983.4751573801041 0.4249139428138733 338.1607110202312 5749.575966313481 10597.83604340255 632.6720589101315 4801.492070995271 8439.244846090674 18718.94845225662 342.3650756031275 85.72995638847351 146.1700559556484 1097.525782562792 1.594460971653461 10.18834589421749 2426.91220779717 153.7695540189743 6374.511293537915 2907.1527306512 5362.075037479401 1989.688790462911 165.4775439277291 4.819995895028114 56.76548480987549 16.45504504442215 0.6286985278129578 1291.68725168705 2704.101864762604 0 0 0.2371926084160805 16.95348435640335 0.5688653364777565 2.947495713829994 0.1812063604593277 40.43967294692993 0.07022479176521301 371.3959387093782 1.697947762906551 0 1038.540283188224 144.0393469855189 42.68479428440332 73.31154894828796 0 33.50526331365108 603.9067876413465 1212.047561973333 8.726465865969658 757.7747965827584 3134.762816786766 12246.81421236694 20.3326369933784 0.9506439194083214 20.59858410060406 77.99282303452492 0 0.1087197959423065 49.65842719376087 40.69938157498837 272.0678614452481 133.962429985404 163.4412236735225 128.8752429410815 4.29324634373188 0.2623339220881462 14.06895554810762 1.361135542392731
200.964034345001 67.84891951084137 446.3382399864495 4031.399741195142 7.026052631437778 1161.266463685781 14070.65946966037 1384.549330540001 1646.520252726972 6104.062193963677 13.67251279205084 1003.362868685275 4.269069477915764 1036.246158350259 49.38968805223703 1395.33707183972 34.11751729995012 3.318323936313391 8.360503859817982 3713.533631756902 1727.534816872329 522.893265299499 3580.114027760923 12968.74456268921 9.154597826302052 28.08958271890879 342.3650756031275 19138.18278576806 3256.522984728217 6486.777390673757 0.06485059857368469 19.31591071933508 549.0257583558559 2126.961213532835 277.6542809084058 5133.768562421203 404.190392203629 1913.109043147415 1968.127388268709 477.2104684412479 144.4682240784168 7.556944765150547 61.677101790905 88.052839204669 1.201329991221428 17.23064649105072 123.5621325746179 0.6059817932546139 58.34700652211905 602.7823650985956 59.43690691143274 712.3644822128117 100.9116978868842 5.897114556282759 53.19429199397564 0.4090647287666798 58.17821320518851 26.62246835231781 320.3342504799366 1.009958453476429 3.003592733293772 1.270763833075762 149.2715744674206 206.7288550771773 60.39384531229734 50.74783919751644 1865.878103833646 0.07904454320669174 3.738394238054752 34.95275474712253 3596.492256961763 187.9362665824592 348.131954792887 0.3441166989505291 3.604551021009684 16.94500668346882 80.54746995121241 30.87644164264202 484.9649421684444 16.20965771749616 159.8510099053383 77.16595300287008 70.47773196548223 22.23262003064156 2.101279817521572 7.283434599637985
1051.592505306005 1.687510177493095 249.2458234243095 97.02122197672725 43.2822589725256 229.1900710090995 2633.799239028245 722.2952140159905 100.7874889560044 469.9633129797876 144.1520984917879 136.8790047541261 3.564035378396511 3783.855178702623 46.75990525633097 8.410493962466717 334.6205158382654 31.21297821775079 85.05057597905397 176.2446473501623 84.44654209911823 9.26799438148737 294.5001194998622 779.8809210285544 2.237708397209644 103.7291682809591 85.72995638847351 3256.522984728217 8982.21988716349 2547.715477827936 1.344073481857777 216.8933411091566 1304.00199567154 2147.529627364129 37.00176268815994 1256.614702790976 76.7483329847455 889.8594919256866 258.3819773718715 466.832823716104 723.1937235854566 20.13426660001278 19.39706018567085 9.047401234507561 0.2387546226382256 2.439060851931572 3.007878705859184 0.08934834599494934 1.922516826540232 41.20048610493541 3.062388263642788 46.40971074998379 1.585227586328983 0.6032392084598541 1.694893345236778 0.3307415097951889 4.951014891266823 2.06017142534256 14.18195375055075 0.2385629191994667 0.05072081834077835 0.09771295636892319 2.646633587777615 13.70728756114841 2.413399249315262 1.037922352552414 130.9980525225401 0 1.073873311281204 3.176269203424454 233.0218909271061 19.13019436597824 33.11984133720398 0 0.4797734618186951 1.948248397558928 8.492615912109613 2.4575185328722 76.26550834998488 2.708300955593586 19.10865162312984 12.30580896884203 4.391699060797691 2.667650006711483 2.029168128967285 1.489189438521862
