835.5841545984149 1.037972562015057 145.7621374130249 2.207164570689201 0.9182053282856941 18.72252780944109 2151.01098189503 891.402852371335 22.70341172814369 94.49130409955978 10.95673552155495 3.702616192400455 0.8371904268860817 3849.653527446091 0.840607725083828 3.351856499910355 931.8971459344029 8.632574379444122 132.9834192693233 3.242683865129948 237.9804790839553 14.34278832376003 104.8789079412818 260.4721220135689 0.2324852645397186 605.9677000790834 66.36183156073093 256.7840768098831 2475.020133763552 3876.406193867326 0 9.57518894225359 14.28834226727486 143.4810642302036 0.3800473213195801 157.5324634611607 30.44235145300627 38.45249146223068 14.89529722929001 10.81944137066603 1.876818232238293 0.1169895455241203 0.1986065357923508 2.888392105698586 0.5106896683573723 2.338203601539135 0 0 5.910951718688011 22.41594462096691 7.84255800396204 13.90875016152859 1.93768273293972 0.2288647145032883 0.7441977262496948 0 17.91488479077816 1.431711509823799 1.544883206486702 0.3579879328608513 0.1211025044322014 0.8169931098818779 0 2.805198639631271 2.754075154662132 2.460248462855816 78.2597246915102 0.1181257963180542 2.347793623805046 7.095111474394798 55.0573116466403 13.63915495574474 33.25075281411409 0 0.4985478520393372 0.3197158724069595 5.048706024885178 0.6849051862955093 21.38939197361469 1.921998463571072 9.219917349517345 2.9932881295681 14.87513886392117 0 0 0
1.037972562015057 93.41807189583778 113.8376688659191 0 0.136400893330574 0.511701226234436 2.710632681846619 2.497794412076473 776.8977971374989 0 21.31002403050661 5.774559274315834 901.228944696486 6.637109227478504 7.774369984865189 96.06098858267069 38.18716166913509 2.479699783027172 60.2021449431777 0.1063323095440865 5.662902772426605 1379.170195430517 23.12723673135042 876.8365937545896 1638.560668922961 168.8285930082202 5401.041845187545 26.99779195338488 4.565105050802231 7.549939021468163 68.29236993938684 0.2184439897537231 0.1343996226787567 51.12409436702728 0.2240407317876816 69.72380204498768 58.41336232423782 91.14087687432766 18.86561175435781 13.15798987448215 0 18.53364515304565 0 0.1699426919221878 41.31705860793591 97.4992576315999 0 0 0 2.139758735895157 0.6523478031158447 0.647380955517292 0 4.500802926719189 0 7.176197528839111 1.110330514609814 0 3.551033869385719 83.067991130054 2.127526246011257 73.48579416424036 0 1.396326884627342 21.4017593562603 14.02385335415602 4.914833106100559 9.470917642116547 235.5740591958165 1567.045853056014 1.943132624030113 0.5956111252307892 2.786273181438446 1.465361058712006 0 0 27.8850337266922 0.1333722174167633 87.31064674258232 58.53549186140299 76.05788717418909 10.3498532474041 1.574767425656319 0 1.94487127661705 0.888374924659729
145.7621374130249 113.8376688659191 4584.783746801317 0 0 0.9883451759815216 284.9979036003351 27.83316696435213 50.04576686024666 0.253273643553257 5.131672397255898 0 2.764676302671432 85.78266929090023 1.293556198477745 14.79407737404108 2179.132328510284 6.493309892714024 39.18039996176958 0 774.2260343283415 74.7223603874445 10272.24153956771 296.640501216054 0.7661073803901672 8642.186755530536 11190.774629049 585.7797277122736 67.01722995191813 1807.161070741713 0.4828291907906532 1.113411918282509 2.145930118858814 270.1853232979774 10.74463866651058 723.3575120642781 4094.53284611553 859.1759046465158 551.3590682148933 28.52814547717571 1.39825427532196 2.246509984135628 0.3278763592243195 0.5891902297735214 265.5638462975621 1713.900268562138 0 0 0 10.75383928418159 2.32746596634388 4.175821304321289 1.223905317485332 1.38853270560503 0 0 4.979183904826641 0 12.45963062345982 279.7107234373689 0.4897675812244415 21.0911632925272 0 11.8160594701767 178.6404187828302 358.4346293881536 17.36630100756884 0.48503577709198 320.8353918343782 2873.775513969362 11.45489896088839 2.707998350262642 7.691365085542202 0 0 0 73.15729805827141 3.699408121407032 250.8246224820614 272.9639102295041 256.8666805550456 53.19877824932337 1.974661529064178 0 1.570555090904236 1.590216606855392
2.207164570689201 0 0 191.2197827249765 1.46234019100666 165.3217552602291 116.8224109858274 88.79261478036642 689.4818075820804 3331.30198392272 1.141864769160748 2801.858039997518 0.2909604758024216 29.45359173417091 149.1545762866735 0 0 0.5305128917098045 0.2529345080256462 450.6256825551391 0 0 0 423.5815633386374 0 0.3524486422538757 0 1946.856978192925 57.81784769892693 2.570300079882145 0 4.980975575745106 1.283369518816471 20.00817396491766 0.6110264211893082 75.48350682109594 1.011347085237503 22.4517679810524 12.61313303560019 381.3631338402629 4.552963942289352 0.2470205873250961 1.522666931152344 0 1.448640093207359 0 79.85671973973513 0 19.81438151746988 61.5642594397068 6.814630389213562 174.4914922937751 216.0686909034848 0.2034554034471512 35.4236279129982 0.1404019445180893 3.745631448924541 1.966307640075684 0.134180948138237 0.1296183913946152 0 0.1230469048023224 25.10540444403887 0 2.273316487669945 0 163.5050540566444 0 0.3489559292793274 0.9845366105437279 251.3053363710642 3.225011251866817 0.9494931101799011 0 0.310962863266468 0 3.063662476837635 0.5055292695760727 8.607890479266644 0.3246126174926758 4.490746259689331 0.7515135481953621 22.84116118401289 0.1745115667581558 0 0
0.9182053282856941 0.136400893330574 0 1.46234019100666 0.4955001771450043 53.03905545175076 4.073798008263111 9.273069463670254 14.1711598187685 7.749973148107529 7.432005472481251 43.44395714253187 20.10807330161333 2.487422913312912 675.1861427426338 0 0 0 0.1479650884866714 5.313738912343979 0 0 0 17.51501607149839 0 1.331638388335705 0.3249030709266663 4.534149438142776 416.6519545838237 0.5526981949806213 0 64.62498383969069 0 104.7320865914226 0.542492151260376 54.07270905375481 3.208599269390106 148.6357954144478 162.5186138898134 1047.359671659768 142.4542413800955 5.176418483257294 5.418937332928181 0 0 0 0 0 0.2635155320167542 1.49653571844101 1.26861035823822 0.7668462991714478 0 0.3589805066585541 0 0 0.3903587162494659 0 0 0 0 0 0 0 0 0 1.675051964819431 0 0 0 1.869387865066528 0 1.262069225311279 0 0 0 0 0.3227653503417969 1.830099835991859 0 2.670485451817513 2.535771638154984 0.5540364980697632 0.3323597609996796 4.311849251389503 0
18.72252780944109 0.511701226234436 0.9883451759815216 165.3217552602291 53.03905545175076 6901.10716227442 1414.668603025377 4762.482812777162 214.9789732098579 8290.867089413106 52.11052586883307 3695.09859149158 33.64954080432653 521.9673379138112 1200.409017540514 0 1.889253802597523 7.559028178453445 2.398879572749138 1044.481294363737 4.297286689281464 3.630842305719852 2.590428382158279 1159.540749385953 0.1193155720829964 6.260833963751793 4.16043958067894 741.7071074470878 444.5901743397117 66.03631134331226 0.9583651125431061 539.2784921303391 0.6530993431806564 331.3722554519773 9.108490079641342 807.0852257460356 46.21463984251022 360.003520347178 582.935811303556 3211.349161893129 229.2695411518216 19.90314029157162 18.83819510042667 1.488395556807518 0.1803659498691559 0 50.22339302301407 0 52.80823312699795 265.8162253722548 66.02482037246227 123.10843347013 210.192963078618 4.430913113057613 31.93358744680882 0 24.84516856074333 17.28520132601261 0.9452707469463348 0 1.029258221387863 2.608476169407368 17.53993993252516 1.727392956614494 1.162010751664639 0.5810165703296661 397.640692062676 0.153092622756958 0.1339087188243866 4.104212984442711 537.7646021693945 24.4557866230607 13.83304841816425 0 1.335649833083153 0.5289706587791443 15.57475998997688 3.996567532420158 60.68085162341595 7.352798476815224 26.69452080875635 18.09394674748182 157.0941344127059 2.073456607758999 7.068509049713612 1.984362930059433
2151.01098189503 2.710632681846619 284.9979036003351 116.8224109858274 4.073798008263111 1414.668603025377 7879.546234503388 4494.801938056946 442.6559364125133 9416.84269104898 44.33655941486359 51.44872187077999 8.179916031658649 6835.005425870419 18.82101064175367 2.22225159406662 306.0447171851993 11.72679568082094 26.93889684230089 143.2657131701708 1536.416405692697 13.99628660827875 419.1152060627937 1990.605396948755 1.922516629099846 608.7399033680558 49.3494411110878 15582.61488301307 3695.451489076018 4440.24738098681 1.594882510602474 75.94246431440115 178.984341673553 756.9099632203579 30.34517354518175 1640.885092042387 45.05089797824621 778.600321225822 413.9830819889903 212.0207046791911 128.6676938086748 3.709108598530293 30.23554879426956 8.591949984431267 0.2984015941619873 1.947872325778008 26.89137913286686 0 54.2911211848259 221.4950670972466 78.95785911381245 347.591903693974 93.88810988515615 4.117852501571178 6.522971712052822 0 45.54565224051476 13.03547228872776 5.15984234213829 0.4543421417474747 1.646818436682224 0.8660757690668106 8.488203793764114 6.148727506399155 7.931962914764881 1.661414511501789 664.1077862456441 0.731831282377243 1.978494800627232 5.332987479865551 591.614188708365 43.11257450282574 34.97290882468224 0.1427404433488846 4.974869415163994 1.450523056089878 25.56849748641253 4.265162117779255 89.58669118583202 3.536246374249458 34.94941868633032 10.64620729535818 59.35058773308992 2.514403447508812 0.812207818031311 1.458968013525009
891.402852371335 2.497794412076473 27.83316696435213 88.79261478036642 9.273069463670254 4762.482812777162 4494.801938056946 5191.265657685697 165.3378744274378 3546.647806882858 84.35278534889221 1078.961175709963 37.80895906686783 7571.938439853489 149.9851982370019 2.20665268599987 261.148241199553 11.68764511495829 63.22929248213768 380.7139891311526 63.70139057189226 14.88411919772625 25.91315960884094 1466.27323487401 0.9588339179754257 295.0376400947571 30.42368288338184 912.2473620250821 692.1945924535394 548.4438334852457 0.7853676974773407 1192.125437237322 9.069205470383167 346.7101466283202 3.37564605474472 645.4756433144212 61.38547962158918 377.2232302874327 406.6576593890786 1255.980669826269 175.2033261209726 24.70523044466972 11.7773098051548 13.18313369899988 0.1959054619073868 1.258669219911098 11.00281423330307 0 51.43583519011736 238.140648022294 74.85771057009697 134.9672874137759 48.1595916301012 2.795441962778568 4.638009928166866 0.7934294864535332 57.10463477671146 21.83507266640663 2.156904391944408 0 0.4837455749511719 1.653009042143822 3.28223817050457 3.200063563883305 4.061652354896069 2.478678897023201 497.2582981139421 0 1.920021504163742 5.948661267757416 486.9545241370797 53.90223065763712 46.79846271127462 0 1.668201573193073 2.25728764384985 26.98728933185339 1.245588779449463 77.3064012825489 5.841227903962135 42.95301001518965 18.02501956373453 80.52835838496685 3.869710430502892 4.551883384585381 0.7855682671070099
22.70341172814369 776.8977971374989 50.04576686024666 689.4818075820804 14.1711598187685 214.9789732098579 442.6559364125133 165.3378744274378 980.0562045574188 932.246131837368 6.728788159787655 367.5633267089725 152.361756823957 84.13195208460093 340.6768110245466 169.3295127823949 13.29567056149244 0.4059741720557213 1.61772446334362 488.166767321527 109.6092117726803 2156.605001285672 48.9403972029686 7925.148422442377 318.2478951439261 22.3223802447319 1640.734737046063 1829.380079768598 87.99515283852816 209.5351193025708 24.24138324707747 10.00205621123314 4.290666818618774 42.01089873164892 2.163798242807388 135.0771930217743 14.36573246121407 50.47411279380322 25.87687780708075 316.3841405957937 8.420326352119446 1.222938254475594 3.139293491840363 10.37209973484278 2.507369823753834 1.191843777894974 113.1589879840612 0.1524080336093903 55.09494868665934 256.0149455070496 44.86601051688194 287.9253828078508 538.842513538897 1.144047640264034 64.20312436670065 3.430891185998917 59.36564632505178 15.14034271985292 154.7067151889205 0.3971352577209473 1.086205832660198 0.5639181062579155 50.86138531565666 36.49915460497141 40.62720384448767 49.24433927983046 1834.427417390049 0.9394439533352852 2.925293169915676 14.66752731800079 1014.655293934047 37.2987002953887 64.61370369046926 0.6779961362481117 1.9384655803442 2.772660911083221 16.54905645549297 0.1718796938657761 71.5663890466094 4.312420845031738 30.82269544899464 10.39077794551849 65.96772383898497 2.808549255132675 0.4371721893548965 0
94.49130409955978 0 0.253273643553257 3331.30198392272 7.749973148107529 8290.867089413106 9416.84269104898 3546.647806882858 932.246131837368 19060.55275327712 55.30314144492149 3360.970626734197 9.545807607471943 1356.207127019763 152.5907005220652 0 0.9992514625191689 13.17641167342663 6.609661944210529 2505.722281806171 0.8984495475888252 0.5071767121553421 0.9335436075925827 494.9586847797036 0.1119586005806923 10.37207316607237 4.857247024774551 2616.928156837821 1027.099167123437 5.646474577486515 0.8870438262820244 119.9046194702387 1.794835031032562 449.0194759592414 6.485770896077156 814.949763558805 20.7017308101058 358.7844800800085 147.002528347075 743.2018793970346 101.2097009420395 5.087122283875942 14.58999471366405 0.8387405648827553 0 0 295.3948137015104 0 136.1299378201365 478.4594262614846 73.06647051870823 428.8117779046297 776.4311736598611 1.223359532654285 83.49132999777794 0 19.78150414675474 15.03588607907295 1.22009189426899 1.515342473983765 0 0.4117848947644234 73.69602107256651 0.1420492976903915 1.989149793982506 0.2839816510677338 760.5097814798355 0.2222695425152779 0.845222108066082 2.001584433019161 1342.789396159351 18.41651000827551 3.73522787541151 0 1.118901371955872 0.3018235266208649 18.99707864224911 1.291854955255985 53.84891580790281 2.344925217330456 18.22508557885885 6.524050869047642 117.3717720359564 2.35900541394949 0.4770432263612747 0.2041356116533279
10.95673552155495 21.31002403050661 5.131672397255898 1.141864769160748 7.432005472481251 52.11052586883307 44.33655941486359 84.35278534889221 6.728788159787655 55.30314144492149 4924.035646647215 10.33320577442646 1167.275339350104 41.35146507620811 1.568972431123257 3.424918226897717 64.79494800418615 2250.320595778525 831.2527433484793 7.716359302401543 4.853857778012753 7.292619124054909 40.65584782510996 31.43877120316029 482.7263587489724 1761.278594449162 249.1128713414073 26.37282288819551 239.2312220856547 17.1882618740201 239.5833641514182 149.3672821223736 2.094703376293182 5764.03271535784 9.745016381144524 775.1641518846154 5958.589895933867 4389.854367643595 1597.845772147179 88.95846085250378 35.06004702299833 1634.79961103946 11.20111729204655 0.1590476483106613 23.8314291909337 1.20236399024725 0 0 1.164037570357323 5.130439408123493 2.482856437563896 2.386194005608559 1.782803602516651 422.6407817974687 0.6380225941538811 834.2300118505955 2.936111934483051 0 0.111904501914978 1.121871151030064 22.5152595937252 9.148031055927277 0.1712040603160858 0.1397845298051834 3.688853837549686 0.7395522445440292 16.64063560962677 262.0904647186399 44.38319196552038 88.991688542068 10.76286647468805 1.092505849897861 2.339028708636761 45.20130746811628 0.2033752426505089 0 61.25744349509478 2.312417738139629 91.06709364056587 167.7906662970781 95.85995823889971 23.47340158373117 9.080981969833374 1.702858284115791 285.2777472361922 6.523185342550278
3.702616192400455 5.774559274315834 0 2801.858039997518 43.44395714253187 3695.09859149158 51.44872187077999 1078.961175709963 367.5633267089725 3360.970626734197 10.33320577442646 4855.467867277563 3.201516829431057 172.1047305166721 1249.007631316781 0 0.4751200824975967 2.566785350441933 0.9346302449703217 4482.594572864473 0.3463611751794815 16.66053377091885 0.9153963923454285 784.9915205463767 2.296032935380936 1.945678003132343 7.206539906561375 3321.665033303201 188.2546251118183 5.524164542555809 0.3143113106489182 108.2486958354712 0.5406704843044281 66.17725393921137 0 206.7829956039786 3.968654155731201 45.52083238959312 24.59113713353872 1113.288719832897 10.15718610584736 1.077970743179321 3.313373208045959 0 2.263430595397949 0 83.15426687896252 0 74.09312284737825 127.6425635516644 16.12595196813345 110.8964229151607 438.9731773436069 0.5934217870235443 58.30820872634649 0.4283720254898071 4.768783837556839 28.29666742682457 0.8041273057460785 0 0 1.224755167961121 32.74653866142035 0 0 0.1710873693227768 117.5846697390079 0.1336745768785477 0 0.1201530694961548 293.1304978057742 3.923527300357819 0.2295011356472969 0 0.3074879199266434 0.2074612975120544 2.045431695878506 0.09486699104309082 18.30244024097919 5.639984130859375 5.576924502849579 0.9933455362915993 145.4339608103037 0.1318982094526291 0.6561909317970276 0
0.8371904268860817 901.228944696486 2.764676302671432 0.2909604758024216 20.10807330161333 33.64954080432653 8.179916031658649 37.80895906686783 152.361756823957 9.545807607471943 1167.275339350104 3.201516829431057 1880.559874400496 5.13059888035059 2.100842460989952 9.41056314855814 1.309105709195137 32.42423756420612 6.880109421908855 1.280992560088634 3.262188628315926 302.6752408221364 7.84335558116436 149.9422078579664 4262.544218465686 55.47305129468441 3949.782800905406 13.17621995508671 32.10858675837517 3.777408488094807 369.7678018063307 48.28022092580795 0.1380273401737213 1026.54454100132 149.3546750098467 1569.630035363138 3034.369996897876 2630.010965533555 846.1958443149924 51.92848919332027 53.15879651904106 801.1810373514891 3.940536320209503 0.5782413855195045 212.3821666315198 0.2303068935871124 0.07894165068864822 0 4.710891142487526 2.892765410244465 5.989360228180885 1.904760852456093 3.358203671872616 955.8929552435875 0.9213090538978577 2372.458412602544 4.346271723508835 0.3754621520638466 0.2741646617650986 1.295050829648972 132.2742131277919 24.3688732534647 0.08279995620250702 0.2502546012401581 9.789357826113701 0.5102071464061737 6.755635522305965 1244.896771848202 321.4590174853802 493.3902842104435 2.937794744968414 3.360747955739498 0.3541585803031921 199.5077777504921 1.690294042229652 0 116.1276691779494 116.7572054564953 159.1918326690793 361.899702526629 242.1115012168884 107.8196988031268 13.45229634642601 25.33648253977299 457.1539143770933 4.777874261140823
3849.653527446091 6.637109227478504 85.78266929090023 29.45359173417091 2.487422913312912 521.9673379138112 6835.005425870419 7571.938439853489 84.13195208460093 1356.207127019763 41.35146507620811 172.1047305166721 5.13059888035059 6101.291484288871 12.28582286089659 3.216944858431816 714.4211585223675 10.37252730876207 133.3147681951523 104.6045164242387 168.8461096137762 41.24977806955576 71.76329228281975 921.9209700375795 1.083623833954334 546.5275399535894 74.30709899961948 834.086546972394 2119.14581695199 1844.665610648692 0.6333004459738731 123.4645027443767 7.793977402150631 288.8787558972836 3.715018451213837 474.1039822399616 71.48496717959642 127.970440402627 54.15158780664206 209.4496877640486 16.65411719679832 2.83570072799921 3.993470296263695 11.62050586938858 0.2851921319961548 2.39971986413002 3.557222753763199 0 27.39888095110655 115.9660212248564 40.7729878500104 84.0962063446641 12.19584894925356 1.636836364865303 2.170171745121479 0.3821246847510338 55.43934069573879 15.00477764010429 1.971215963363647 1.246835514903069 0.5214572846889496 2.289351396262646 0.6006869226694107 7.836609497666359 9.067225329577923 3.445737086236477 345.4033573716879 0 2.959218122065067 6.507672570645809 298.3778645023704 49.17436011135578 92.49606833606958 0.4386860132217407 3.368852123618126 2.20531752705574 29.37298541516066 1.289156645536423 85.88590176403522 7.402228742837906 30.44486182928085 10.66845018416643 46.41453211009502 1.645032316446304 0 0.2294822037220001
0.840607725083828 7.774369984865189 1.293556198477745 149.1545762866735 675.1861427426338 1200.409017540514 18.82101064175367 149.9851982370019 340.6768110245466 152.5907005220652 1.568972431123257 1249.007631316781 2.100842460989952 12.28582286089659 1973.873817041516 0 0.1787572652101517 0.5785122513771057 0 324.2717681080103 1.157317638397217 16.13069775700569 1.465848580002785 1424.529777884483 3.083423607051373 0.6255516856908798 11.24087905883789 198.6472481116652 43.67391309142113 13.54170256108046 0.1136017590761185 389.944442242384 0 11.15227389335632 0 182.8143041655421 4.66032712161541 10.29710866510868 14.72942354530096 1925.819054961205 8.762818798422813 0.4304262399673462 0.8317657709121704 0 0 0 1.169597879052162 0 0.705508828163147 9.935493417084217 5.956283405423164 3.980353340506554 3.401244804263115 0 0.2821427136659622 0 4.143451735377312 3.592238545417786 0 0 0 0 0.1099266782402992 0 0.4134984910488129 0.3645066767930984 23.37433400005102 0 0 0 27.99328009784222 2.521975390613079 2.863228023052216 0 0 0 1.770301252603531 0 8.263968162238598 2.474372535943985 1.481149315834045 1.188746809959412 8.247359327971935 0 0.4840295016765594 0
3.351856499910355 96.06098858267069 14.79407737404108 0 0 0 2.22225159406662 2.20665268599987 169.3295127823949 0 3.424918226897717 0 9.41056314855814 3.216944858431816 0 1965.51265078038 18.09625378251076 0.8687839582562447 11.32912313193083 0 1029.652930445969 1734.088489159942 3466.983768761158 1835.688491813838 18.03907976299524 11.41432578116655 2841.40650523454 1985.274853304029 19.68668331205845 248.2953217327595 0.5966615527868271 0.1053372099995613 11.73441165685654 244.2749878242612 29.16238784790039 662.6741774454713 213.8025645315647 544.5184635818005 348.0348067879677 43.20828278362751 1.811768054962158 1.079450741410255 5.919035494327545 0.5519371032714844 0.8557395711541176 19.24852192401886 0 0 0 7.162196755409241 0.3378985226154327 5.853947706520557 0.4985599666833878 0.2377951964735985 0 0.270282045006752 2.733810044825077 0.08896519243717194 1650.780743002892 1.824303805828094 0 0.4621113762259483 0.2390535622835159 200.0726326778531 1118.372638188303 1608.494681328535 207.4053082615137 0 2.784438975155354 538.5287216752768 97.38706432282925 5.731604911386967 25.05513436347246 0 0 2.789888754487038 7.796197563409805 4.148993976414204 61.74342805892229 9.567703001201153 30.62174654006958 19.79068300127983 2.504869043827057 0.1101705133914948 0.2845121026039124 0.1754094064235687
931.8971459344029 38.18716166913509 2179.132328510284 0 0 1.889253802597523 306.0447171851993 261.148241199553 13.29567056149244 0.9992514625191689 64.79494800418615 0.4751200824975967 1.309105709195137 714.4211585223675 0.1787572652101517 18.09625378251076 1559.769512690604 116.1656297072768 2651.829554527998 0 921.7194775864482 25.96961265802383 2215.959083169699 102.8236458599567 1.071381762623787 2053.357073441148 5347.471115365624 230.4960129037499 954.5040591210127 2659.420117765665 0.5351674407720566 1.859993472695351 7.009927317500114 1744.658773384988 0.8372225761413574 255.8323794305325 1769.966416440904 222.4350610673428 76.98568423837423 7.286931611597538 0.3465915024280548 3.894495218992233 0 0.955007866024971 113.8503800109029 285.2743334472179 0 0 1.281428933143616 9.20013453066349 2.800041951239109 2.807307541370392 0.1967041194438934 2.119597718119621 0 1.546478644013405 4.164593257009983 2.01617169380188 4.20404227077961 134.8969707638025 1.033217817544937 110.2347835451365 0 6.980881616473198 17.57643648982048 17.08211047202349 23.60088191926479 2.779906511306763 488.2995062246919 911.8998246863484 18.01474130153656 4.023730255663395 12.19670018553734 0.6116589158773422 0 0.47002162784338 36.51930437982082 0.7992995232343674 77.89190243184566 197.3087386265397 86.80016491562128 12.64262971282005 2.798860594630241 0 2.13103049993515 0.2339621037244797
8.632574379444122 2.479699783027172 6.493309892714024 0.5305128917098045 0 7.559028178453445 11.72679568082094 11.68764511495829 0.4059741720557213 13.17641167342663 2250.320595778525 2.566785350441933 32.42423756420612 10.37252730876207 0.5785122513771057 0.8687839582562447 116.1656297072768 640.654175363481 1257.429704338312 2.138753823935986 3.292539551854134 1.359581500291824 13.9443721845746 7.500863909721375 14.84569152444601 2821.493507251143 498.2928478270769 8.300524860620499 36.74518633633852 11.42981714755297 44.01613181829453 13.70137265324593 0.6588248312473297 1500.024393118918 5.69381657242775 488.7472267299891 1717.744758918881 1057.717915810645 634.6906820461154 21.1707995980978 4.248855948448181 79.12793135643005 1.986614733934402 0.1055144965648651 14.43782414495945 1.315845504403114 0 0 0.2039765566587448 1.473654933273792 0.5993190407752991 1.005538061261177 0.44481410831213 123.6531460508704 0.5331464856863022 211.1063234955072 1.274895638227463 0.1336815357208252 0.2184950709342957 2.964834362268448 38.19755721092224 24.85952264815569 0 0.2684279233217239 1.211149401962757 0.1095561981201172 2.499341927468777 116.2312691733241 113.5706540420651 229.28495028615 1.7704898416996 1.101922407746315 1.742127954959869 30.47299586981535 0 0 24.51385197043419 1.564902007579803 18.99978989362717 48.88405034691095 40.01190316677094 3.099878370761871 2.205898627638817 0 32.59323871135712 2.224529504776001
132.9834192693233 60.2021449431777 39.18039996176958 0.2529345080256462 0.1479650884866714 2.398879572749138 26.93889684230089 63.22929248213768 1.61772446334362 6.609661944210529 831.2527433484793 0.9346302449703217 6.880109421908855 133.3147681951523 0 11.32912313193083 2651.829554527998 1257.429704338312 627.483121059835 0.582365021109581 27.22495256364346 4.483268417418003 191.3966249600053 7.817008584737778 9.671736344695091 6592.753663927317 1958.127499185503 17.59319303184748 234.6926702708006 217.3912052065134 2.574068479239941 3.908261485397816 4.073647439479828 5973.553128316998 3.410551212728024 587.7912406921387 1063.827221825719 1516.898753926158 222.9311706200242 17.98816750943661 4.128005646169186 12.62825754284859 2.23619581758976 0.1611519604921341 144.710317902267 12.64800743758678 0 0 0.2866067290306091 2.38169826567173 0.2682702392339706 0.9859247356653214 0.6099099889397621 64.44752757251263 0.4435883834958076 82.38601280003786 1.089770965278149 0 0.4328542053699493 40.74471092969179 24.68550106883049 449.9168358966708 0 2.644079104065895 1.317614264786243 2.832027442753315 3.437348015606403 68.03843329846859 390.4048305153847 1101.610729448497 3.668766409158707 0.6588049530982971 8.775205701589584 18.92412323504686 0 0.116929292678833 63.30032341182232 0.8178704902529716 74.79262664169073 222.1489726305008 151.8673941940069 16.79416213184595 2.021760776638985 0.1837097853422165 10.1159834638238 1.100834250450134
3.242683865129948 0.1063323095440865 0 450.6256825551391 5.313738912343979 1044.481294363737 143.2657131701708 380.7139891311526 488.166767321527 2505.722281806171 7.716359302401543 4482.594572864473 1.280992560088634 104.6045164242387 324.2717681080103 0 0 2.138753823935986 0.582365021109581 116.2738266438246 0.1113247573375702 0.5460524260997772 0 191.7501565665007 0 0.9939308539032936 0.2912657335400581 3498.838525056839 140.9605897068977 0.8569272756576538 0.2070743814110756 26.09644690155983 0.7622197493910789 50.67546162754297 1.118458598852158 117.8392124399543 3.102448180317879 46.08146121352911 21.100636087358 720.2708984538913 15.28310886770487 0.8521374687552452 2.658525392413139 0 0 0 68.43461631983519 0 33.12165908515453 84.23382266610861 9.196119457483292 144.2261919900775 277.0850357860327 0.1026025116443634 27.86891986429691 0.154251754283905 2.457775555551052 6.546303600072861 0 0 0 0 26.81659648567438 0.2408347129821777 0.162112221121788 0 160.0156588107347 0 0.09711257368326187 0.3268634751439095 323.8811290860176 1.082642272114754 0.2133035361766815 0 0.9104222655296326 0.1922239065170288 3.339374929666519 0.3256684541702271 4.724325560033321 1.94911003112793 4.540440276265144 0.7769852578639984 28.74299396574497 0.2388190627098083 0.1018107980489731 0
237.9804790839553 5.662902772426605 774.2260343283415 0 0 4.297286689281464 1536.416405692697 63.70139057189226 109.6092117726803 0.8984495475888252 4.853857778012753 0.3463611751794815 3.262188628315926 168.8461096137762 1.157317638397217 1029.652930445969 921.7194775864482 3.292539551854134 27.22495256364346 0.1113247573375702 10547.61901514977 352.011276692152 14347.65077637881 559.9519039094448 1.61173290759325 526.6786787137389 975.8873418048024 8228.388214297593 234.6235148608685 12205.44175700843 0 1.571005679666996 59.65763624757528 2321.056994847953 52.78692474961281 1590.497852057219 1038.17787861079 2322.779655523598 1014.186964035034 105.9205235987902 3.104955598711967 1.291626259684563 17.50437907874584 4.216002449393272 0.7863766700029373 29.94869401305914 0.4609432518482208 0 2.285631164908409 13.39500595629215 1.631602890789509 7.601285122334957 0.605155736207962 0.1104798763990402 0 0.129257932305336 12.50730571895838 1.062727212905884 613.6794798597693 1.520142905414104 0 1.119176268577576 0.3142316043376923 389.9003621265292 434.9692796543241 350.3223682194948 344.6791799589992 0 5.739344604313374 83.88863981515169 205.155590057373 27.01329442858696 104.4705511555076 0 0 8.377338200807571 17.0537127405405 10.50377177447081 79.88430762290955 11.06673090904951 33.8983178883791 18.68729451298714 15.90931618958712 0.4819246381521225 0 0.3442783653736115
14.34278832376003 1379.170195430517 74.7223603874445 0 0 3.630842305719852 13.99628660827875 14.88411919772625 2156.605001285672 0.5071767121553421 7.292619124054909 16.66053377091885 302.6752408221364 41.24977806955576 16.13069775700569 1734.088489159942 25.96961265802383 1.359581500291824 4.483268417418003 0.5460524260997772 352.011276692152 455.6868302747607 391.3730933368206 3426.14746426791 714.7601815238595 29.40830431878567 3774.32684186101 297.9120361059904 164.5783719718456 527.6089213490486 45.13488033413887 0.2048442885279655 48.19489827752113 312.7871277332306 6.793153867125511 460.7837531790137 121.9448160082102 167.846723087132 93.91428106278181 34.82998275756836 1.235841631889343 2.749845907092094 1.551978036761284 0.1158552095293999 2.973631724715233 61.44444557279348 0.1339860260486603 0 0.2242356091737747 6.001469604671001 0.7184287756681442 9.918134473264217 0.796296626329422 1.184756070375443 0 2.524021156132221 3.790505960583687 0.1612608730792999 927.5494148209691 4.07643173635006 0.3743926212191582 0.6938836202025414 0 71.07010558992624 328.0748356506228 555.1821868121624 174.4315419718623 1.081120029091835 3.435872755944729 1220.670831158757 73.65412306040525 4.501536913216114 15.26973796635866 0.663778729736805 0 1.796572849154472 9.64170254021883 1.236314371228218 56.39768435060978 9.717498451471329 34.1286418735981 24.95050470530987 1.280208379030228 0 0.6447903662919998 1.458896785974503
104.8789079412818 23.12723673135042 10272.24153956771 0 0 2.590428382158279 419.1152060627937 25.91315960884094 48.9403972029686 0.9335436075925827 40.65584782510996 0.9153963923454285 7.84335558116436 71.76329228281975 1.465848580002785 3466.983768761158 2215.959083169699 13.9443721845746 191.3966249600053 0 14347.65077637881 391.3730933368206 14573.05212207884 631.2833008095622 2.354329906404018 2241.638249747455 14172.98818199337 3834.76452074945 149.3703179582953 3476.204112775624 0.3889597654342651 0.5954738780856133 16.6345396861434 3749.543708741665 286.0153278708458 5984.726798549294 6143.800064176321 7679.566162444651 4587.063249588013 439.3884183466434 14.39752320945263 13.23960880935192 44.43999403715134 0.6058333665132523 19.34649227559566 704.9707228541374 0.1930492222309113 0 0.9359433650970459 19.39559628069401 2.774094417691231 3.545188970863819 2.721189357340336 0.8151891455054283 0 0 3.593248978257179 0 1904.401101879776 26.51066793501377 0 4.512756183743477 0 262.9838340431452 825.7749708816409 3637.123044662178 157.8940057903528 0.1586184203624725 15.61417526751757 2321.023660473526 84.1305250748992 8.370770141482353 34.14897082746029 0 0 1.670030124485493 43.22610109299421 47.49458815157413 288.6574461832643 72.67733428627253 160.2554591968656 103.5512297675014 5.164337709546089 1.106232345104218 0.2547139525413513 5.623307764530182
260.4721220135689 876.8365937545896 296.640501216054 423.5815633386374 17.51501607149839 1159.540749385953 1990.605396948755 1466.27323487401 7925.148422442377 494.9586847797036 31.43877120316029 784.9915205463767 149.9422078579664 921.9209700375795 1424.529777884483 1835.688491813838 102.8236458599567 7.500863909721375 7.817008584737778 191.7501565665007 559.9519039094448 3426.14746426791 631.2833008095622 7776.674348026514 358.2263053804636 423.4651071280241 3737.024845764041 8046.232576586306 1567.697339065373 2543.131731450558 20.57564427703619 76.19050069898367 227.9929955899715 636.4682716801763 30.03206171840429 2393.086270488799 198.4183325096965 635.3750602453947 411.9283278137445 1565.799950987101 70.23639321327209 5.846825934946537 30.02444373816252 44.93292830139399 4.350868307054043 24.99902106076479 105.6103063076735 0.3749159723520279 250.3559591174126 1183.634159386158 333.2684395834804 2386.82575237751 525.4400870427489 11.24002319574356 49.41725783795118 2.633035436272621 283.6381048113108 77.06305584311485 261.7240511626005 1.139918893575668 2.820829346776009 7.126870937645435 49.55808392167091 170.4071567803621 655.7519777566195 115.9527243450284 4631.73927474767 1.287620395421982 13.01164687424898 88.80960296839476 3524.576892010868 252.5294463634491 353.9135199487209 1.296939238905907 9.727107390761375 15.90770779550076 154.3554362356663 11.40410178154707 481.7643568664789 19.95298367738724 188.7496832087636 69.62032379955053 389.7093472704291 14.81065952032804 2.924891471862793 3.145208366215229
0.2324852645397186 1638.560668922961 0.7661073803901672 0 0 0.1193155720829964 1.922516629099846 0.9588339179754257 318.2478951439261 0.1119586005806923 482.7263587489724 2.296032935380936 4262.544218465686 1.083623833954334 3.083423607051373 18.03907976299524 1.071381762623787 14.84569152444601 9.671736344695091 0 1.61173290759325 714.7601815238595 2.354329906404018 358.2263053804636 302.7128727138042 234.7035598233342 4982.527272313833 11.15227723866701 1.807828031480312 1.764220789074898 502.9385490566492 0.4203167706727982 0.3659087717533112 76.52112593501806 1.932497322559357 384.5222432911396 195.0005878582597 435.5210074856877 63.05095373094082 15.58757938444614 3.394433200359344 413.3587733954191 0 0 75.44231767952442 0.3896838575601578 0 0 0 0.1057261750102043 0.1252714991569519 0.3947146907448769 1.467780187726021 158.3544120267034 0 505.8649330437183 0.722053125500679 0 0 0.6745637655258179 32.91151243448257 57.93173632025719 0.09055887162685394 0.2612428441643715 4.179265707731247 0.3858929723501205 2.323723338544369 171.3102576136589 279.3566972389817 399.5363107323647 0.6348430439829826 0.3647417277097702 0.1238557174801826 36.15872689336538 0 0 21.77789779752493 0.8756738603115082 159.9770516753197 109.3372728675604 65.97799222916365 15.87433936446905 6.187400996685028 0 74.08505012094975 3.896077394485474
605.9677000790834 168.8285930082202 8642.186755530536 0.3524486422538757 1.331638388335705 6.260833963751793 608.7399033680558 295.0376400947571 22.3223802447319 10.37207316607237 1761.278594449162 1.945678003132343 55.47305129468441 546.5275399535894 0.6255516856908798 11.41432578116655 2053.357073441148 2821.493507251143 6592.753663927317 0.9939308539032936 526.6786787137389 29.40830431878567 2241.638249747455 423.4651071280241 234.7035598233342 22796.62683109194 12011.0016149357 496.6808622777462 244.3876248300076 1416.028658621013 184.1347678899765 8.449649162590504 3.995101697742939 1684.884161964059 6.697142191231251 1443.608927167952 5162.830883808434 2544.961677372456 817.3859573528171 53.36400478333235 4.859769880771637 92.04441419243813 2.955249056220055 1.886812627315521 410.4139320999384 161.4164761826396 0.08790130913257599 0 1.351338490843773 9.277256689965725 2.205285683274269 4.406007632613182 2.488186739385128 518.6159337237477 0.9783221259713173 905.2107004225254 3.818011976778507 0.2996962070465088 4.888511352241039 135.2376361712813 139.9079385623336 690.0961592644453 0 4.768805302679539 9.924455210566521 13.8194235637784 22.88033293932676 600.0866492241621 1168.06002535671 2794.014712184668 11.05486711114645 6.241919793188572 13.40692277252674 127.8367601186037 0 0.2707647904753685 151.3241720572114 4.729549758136272 181.0084389522672 580.6481209099293 376.6273312345147 43.97670986503363 3.431843511760235 0.3571576774120331 116.9896067976952 1.985825628042221
66.36183156073093 5401.041845187545 11190.774629049 0 0.3249030709266663 4.16043958067894 49.3494411110878 30.42368288338184 1640.734737046063 4.857247024774551 249.1128713414073 7.206539906561375 3949.782800905406 74.30709899961948 11.24087905883789 2841.40650523454 5347.471115365624 498.2928478270769 1958.127499185503 0.2912657335400581 975.8873418048024 3774.32684186101 14172.98818199337 3737.024845764041 4982.527272313833 12011.0016149357 19719.21252007782 1547.1131490767 107.7383281290531 222.6068846136332 1284.504469268024 1.98089849203825 4.787595152854919 3687.009541325271 111.5830331072211 6885.972683280706 4297.298122063279 6169.805052965879 2561.449667289853 261.963804371655 19.37555380165577 43.53153857588768 19.64135031402111 4.522746697068214 4469.185635149479 2357.215125009418 0.2509572505950928 0 0.903328612446785 29.44419970363379 4.704730547964573 9.282218798995018 4.743970520794392 490.6704571694136 1.507584504783154 958.3626186549664 12.49950011819601 0.5584752932190895 726.9401940107346 597.7911542654037 305.9014968946576 1797.809569805861 0 45.86176984012127 1724.990240558982 2129.311650969088 91.52263556420803 1123.93045039475 4097.458104267716 14216.53959355503 50.07934269309044 6.406830117106438 44.35367745906115 233.9117401540279 0 0.3541977927088737 391.7697625234723 33.19009229540825 849.1852952763438 1355.959469847381 1167.505886949599 212.3921714425087 15.13551196455956 0.5249050855636597 137.4003424420953 8.091333225369453
256.7840768098831 26.99779195338488 585.7797277122736 1946.856978192925 4.534149438142776 741.7071074470878 15582.61488301307 912.2473620250821 1829.380079768598 2616.928156837821 26.37282288819551 3321.665033303201 13.17621995508671 834.086546972394 198.6472481116652 1985.274853304029 230.4960129037499 8.300524860620499 17.59319303184748 3498.838525056839 8228.388214297593 297.9120361059904 3834.76452074945 8046.232576586306 11.15227723866701 496.6808622777462 1547.1131490767 15387.70658919215 2324.909229077399 14110.11274781078 0.7588353380560875 52.59172064065933 389.7989412844181 1306.356657467782 63.36492944508791 3992.40903404355 341.1366963014007 1550.076305523515 905.7560707107186 733.4416458308697 95.09251110255718 5.532131157815456 46.94628045707941 46.14804685115814 0.5338356792926788 26.42702861875296 110.3929913789034 0 140.0695150569081 607.3619165122509 162.3933970108628 765.6991377472878 433.7334850430489 6.178376346826553 36.936314471066 0.812460221350193 221.8898722603917 28.93718258291483 369.178625933826 3.199526228010654 2.9993537068367 4.712491385638714 40.00122214853764 293.2563036456704 399.1695555150509 164.5892230421305 2516.955914787948 0.5567254945635796 10.59604023396969 63.93908077478409 2012.88546859473 248.6623806282878 480.2255474328995 0.774567686021328 5.872070945799351 20.9507410004735 112.7409692257643 15.8931275755167 318.9838775992393 18.08456967025995 141.1931683123112 66.28697971254587 209.4301286637783 8.536422997713089 1.143401548266411 1.990123242139816
