643.8603301867843 0.09854625910520554 42.32747481018305 0.8943197056651115 0.2837765738368034 23.47019142657518 1826.353934392333 865.7790670916438 0.9620499312877655 22.12282168120146 6.056372247636318 2.267156034708023 0.2473056763410568 5622.175080776215 0 0 146.9939354881644 2.799918778240681 35.71957560628653 1.448781952261925 11.61297549307346 0.4901152327656746 23.74775914847851 18.80497464537621 0 28.12091497331858 6.125005729496479 55.63693043589592 1482.695463128388 1116.991558104753 0.08428680896759033 3.725323714315891 43.61589153110981 94.39996482431889 0.6845961809158325 58.90217426419258 6.578535668551922 74.55594284832478 9.547616668045521 1.799246422946453 4.307600736618042 0.2466008067131042 0.125054195523262 0 0 0 0.1503685712814331 0 0 0.3092564195394516 0 0 0.3856338858604431 0 0 0 0.704900860786438 0 1.652923010289669 0 0 0 0.08630561083555222 0.911721259355545 0 0.4370425641536713 3.391214847564697 0 0 0.3959165215492249 3.453553512692451 0 2.185617223381996 0 0 0 0.3791609555482864 0.1792131066322327 2.207956716418266 0.1828849390149117 0 0.1271018534898758 0 0 0 0
0.09854625910520554 126.6901800483465 53.64270677417517 0 0.131247952580452 0 1.663194388151169 0 274.7650444358587 0.0738329142332077 65.0741201788187 1.274564690887928 559.0174273848534 0.1847627386450768 0.1436740309000015 83.22310251742601 4.780852951109409 0.7478638216853142 8.244821980595589 0.104107104241848 3.602163553237915 2023.740695223212 9.702440157532692 460.262030184269 1794.875825017691 159.6707120463252 6927.71225091815 16.51604833453894 0.5641519650816917 0.5507355108857155 11.71193951368332 0 0 15.40020398795605 0.1423780173063278 17.2381848692894 107.754992313683 36.18409762531519 6.908481679856777 2.188379846513271 0 97.70157180726528 0.2162077501416206 0.07843303680419922 40.46869064867496 148.211482308805 0 0 0 2.284902695566416 0.2954767048358917 1.191325627267361 0 5.409163184463978 0 5.142602279782295 0.2959743216633797 0 13.07254482060671 6.487867124378681 4.65592460334301 5.844655133783817 0 0.3375509455800056 23.79467121511698 15.06892701238394 4.24046103656292 15.91132629662752 421.3396229669452 1700.777151606977 1.546211130917072 0.08777033537626266 0.5422188118100166 0.6449643597006798 0 0 4.395122386515141 0 9.300993219017982 31.02055113017559 9.528967872262001 2.001889012753963 0.4558443427085876 0 0 0
42.32747481018305 53.64270677417517 3092.885813750327 5.099240824580193 0.7208127081394196 30.65909197926521 1478.470465183258 762.7379954084754 1.354064121842384 115.8360324576497 84.80594932287931 0.7406112998723984 12.50636197626591 257.8958528116345 0 21.89066280424595 7826.664028666914 31.35282970964909 656.7751103192568 1.765836350619793 318.0247191265225 58.14352478086948 7318.07778916508 237.9362904280424 24.57935013622046 4228.695637345314 8998.030066736042 1224.866676896811 117.0849717408419 1131.230864539742 1.963278912007809 2.866349764168262 7.007337346673012 1514.70273900032 85.10352258384228 2992.989619962871 3864.11275601387 3555.905996486545 1159.13833539933 96.60088696330786 7.50797750800848 42.10279995203018 14.61070664227009 0.9793165326118469 92.32006318122149 732.8399626165628 0.209696002304554 0 0 20.26301640272141 1.302618250250816 0.6259789988398552 0.1454170048236847 0.9711254760622978 0 0.5214425772428513 1.518809020519257 0 47.62046618759632 36.92796320468187 1.843882121145725 8.398718439042568 0 3.79204348474741 61.28258663415909 161.2649817317724 7.383337020874023 0.8807364031672478 155.7044610083103 1599.944436736405 13.80353289097548 1.358005829155445 3.93090695887804 0 0 0.4986003264784813 17.94515691697598 7.619570285081863 57.23133185505867 294.7645973563194 40.89886844903231 14.0181724652648 0.9692917466163635 0.2225828319787979 0.1910632997751236 0
0.8943197056651115 0 5.099240824580193 2243.187557369471 0.6693290024995804 396.2812992334366 221.8946064040065 33.65441885590553 423.5024474412203 4482.066415593028 0.7761291339993477 251.8130981847644 0 16.22997290641069 11.36555831134319 0 0.3724430724978447 0.07651907205581665 0.1836515590548515 2899.019842710346 0.4826381057500839 0.8515390753746033 2.330495543777943 1376.620112530887 0.3905094861984253 2.840912103652954 1.307220973074436 2288.356266245246 30.68320404738188 1.47482031583786 0 1.677561707794666 3.145869925618172 13.26578127592802 1.150644063949585 118.2349132597446 1.377038240432739 34.99729086458683 12.36750274896622 36.78391467034817 5.166750855743885 0 0.5518855601549149 0.4160197377204895 0.2227354720234871 0.1419176310300827 124.1025028601289 0 5.376821845769882 63.26432347297668 17.50756470859051 44.24759262800217 75.61883749812841 0 86.29312916845083 0.2095279470086098 7.887376695871353 1.622476354241371 0.546397291123867 0 0.08154222369194031 0 38.3070729598403 0.1606440544128418 1.184375613927841 0.09710641950368881 244.3434175550938 0.1176566779613495 0.09350623190402985 0.1768345236778259 241.4420777931809 5.285664111375809 0.7089554741978645 0 0.3152290880680084 0.448010616004467 3.750678993761539 0.1281881332397461 44.28364435583353 0.1599711030721664 6.051628082990646 0.8500984311103821 56.07338767498732 1.222036987543106 0 0.1233752593398094
0.2837765738368034 0.131247952580452 0.7208127081394196 0.6693290024995804 39.76547652482986 363.4233115203679 17.26647793129086 25.74824277311563 31.79776053130627 43.28777807578444 35.28051697462797 98.76262982189655 20.32011976093054 12.00192449241877 1732.320939153433 0 0.9564097449183464 0.5281384363770485 1.779152363538742 11.29025161266327 0.1041074469685555 1.291909694671631 0.3988740146160126 18.35580813884735 1.831741854548454 8.210222832858562 2.582374319434166 11.93902914226055 19.26574200391769 3.141779847443104 0.1888961642980576 45.03359838575125 0 244.8787993043661 2.904847905039787 153.8361460641026 4.622688457369804 377.0977074727416 140.3638942092657 1669.066525258124 343.6867795810103 11.51509372889996 2.133961454033852 0 0 0 0 0 0 1.543602779507637 0 0.1783313155174255 0.6773183941841125 2.029337719082832 0.3940403163433075 0.2796082198619843 0.5060352683067322 0 0 0 0.08020102232694626 0 0 0 0 0 4.789875045418739 0 0.4689162448048592 0.1793177276849747 3.136241652071476 0.9593660533428192 0.4594153016805649 0 0 0 0 1.795697808265686 1.672338336706161 1.496980339288712 2.961122244596481 4.430307954549789 0.8941785395145416 0 4.046924024820328 0
23.47019142657518 0 30.65909197926521 396.2812992334366 363.4233115203679 9701.475718013942 1293.092621456832 3875.686885822564 82.60229740291834 5704.43426983431 65.03088719397783 3501.030090052634 25.41941521316767 405.1986796446145 686.8802550584078 0.1218184679746628 25.45061382651329 5.514739021658897 11.37411172688007 471.8136280402541 3.436092808842659 0 11.53976602107286 270.9982490092516 5.903531312942505 33.32101467996836 9.675230957567692 559.1464512720704 182.6824531294405 42.81240848079324 0.8253058046102524 51.34962543845177 2.673737913370132 306.9361822530627 6.653444975614548 737.8628473430872 24.74232989549637 694.6494051851332 215.0824424028397 1464.152559764683 493.4638584703207 13.57545810192823 12.43563041090965 0.1214442551136017 0.1813246011734009 0.2814710736274719 20.21604131907225 0 1.978606782853603 25.47953723371029 5.825526684522629 7.34313739836216 19.79372014477849 5.791136920452118 19.37529953569174 1.057235114276409 2.831834807991982 0 0.8549084663391113 0 0 0.4670564532279968 10.26127977669239 0.2111799418926239 1.240176431834698 0 98.21488040685654 0.09210436791181564 1.022326387465 0.8632986098527908 94.23932999372482 2.229171127080917 6.1463987454772 0.2617004364728928 0 0.1749871820211411 1.986674219369888 0 33.00296701490879 2.603350110352039 12.06818792968988 7.862327679991722 18.2799913585186 1.138493955135345 5.306061021983624 0
1826.353934392333 1.663194388151169 1478.470465183258 221.8946064040065 17.26647793129086 1293.092621456832 11599.97046458721 6014.295313555747 73.14653531461954 6915.492572650313 23.43934538215399 71.91553109139204 3.299124851822853 5714.199236363173 3.583538755774498 3.009782657027245 302.8959522210062 9.579904794692993 78.41104967147112 75.09746459871531 298.0507301911712 4.247340954840183 1094.876255117357 671.0915253534913 1.437117166817188 344.7988527975976 82.85394530370831 13372.81992405653 1894.503936819732 2305.846200577915 0.1584689393639565 41.08798973634839 129.9820957258344 547.6280311793089 32.59730775654316 1968.441517338157 113.405607894063 1290.499967955053 302.895746730268 135.7623856514692 123.2388671636581 3.246855907142162 21.56206867098808 1.553762815892696 0.7194374054670334 6.152723386883736 30.57322450727224 0 2.797589831054211 69.06713785231113 24.78308083862066 27.23690175265074 37.10286305099726 0.9867638796567917 19.35592394322157 0 12.09863716363907 0 16.64440151304007 0.7559330835938454 0.3686580806970596 0.3256842270493507 12.22643162310123 11.40201804786921 5.695630088448524 3.799997963011265 247.3542363792658 0 2.971713505685329 13.46353898942471 261.6282059401274 11.43498469889164 59.45680667459965 0 1.699332758784294 2.532517790794373 11.64279710501432 0.8693593814969063 76.91954756528139 4.120186790823936 18.94297762215137 8.22281426936388 18.25225230306387 2.138190940022469 0 0
865.7790670916438 0 762.7379954084754 33.65441885590553 25.74824277311563 3875.686885822564 6014.295313555747 8040.711696382612 46.19497578591108 3865.62632676214 113.2322866916656 939.9179402031004 29.11221449822187 4090.070884112269 47.60463063418865 1.019028156995773 713.8817542940378 29.77385138720274 264.1761510521173 231.4081578217447 53.86787288635969 2.353108257055283 280.1349175311625 395.5904401689768 6.72403060644865 420.2517512515187 72.42200829833746 543.7297898605466 818.7014214582741 1107.08059348911 2.302730664610863 391.9619711004198 27.46493442356586 450.9865396991372 4.749752156436443 789.8914668932557 56.08426382392645 906.8206099905074 252.0720626264811 383.3589169830084 236.0140723511577 18.3938547000289 10.90191063284874 0.6913484409451485 0.09659778326749802 0.6349058151245117 11.0193834528327 0 0.5743646025657654 24.31221118941903 7.67586724460125 7.212132528424263 10.45229579508305 3.682262875139713 8.001474924385548 0.1088393926620483 4.218401543796062 0 4.243397116661072 0 0.1579925417900085 0 4.220169387757778 2.626562781631947 1.232993423938751 0.6614168882369995 91.90150816366076 0 1.711586266756058 2.835696130990982 86.80083293095231 3.541585125029087 14.37347428500652 0.1006397008895874 0.1109507828950882 0.2755600363016129 4.084766358137131 0 22.51231645792723 2.060338571667671 8.401843711733818 11.46060944348574 2.368012651801109 1.957113802433014 6.482443884015083 0.1517097353935242
0.9620499312877655 274.7650444358587 1.354064121842384 423.5024474412203 31.79776053130627 82.60229740291834 73.14653531461954 46.19497578591108 880.0138022825122 374.3478662669659 1.574638664722443 273.2638045474887 18.33635924011469 17.84048464149237 549.3398127406836 21.80479051917791 0.3686854839324951 0.1018849983811378 0 269.0376582592726 13.5964133143425 1731.80698312819 4.712442182004452 8322.345598950982 133.5847981721163 7.561953157186508 355.9106168076396 1007.964775450528 25.98833160102367 32.92845574021339 1.715187527239323 2.601036325097084 2.759655423462391 20.71959353983402 0.8152011632919312 121.2014962285757 5.564074911177158 63.30920189619064 7.709551177918911 223.0682157129049 10.105518899858 0.7147917598485947 1.613735601305962 4.238743796944618 2.845331698656082 2.139709174633026 202.842644110322 0.1077583432197571 9.697710335254669 110.088939383626 37.15666544437408 195.4833884239197 101.6665116176009 0 193.4918346256018 0.1225714236497879 23.33175432682037 5.50709755718708 135.9643766134977 0.2380119264125824 0.5478593558073044 0.4528891891241074 65.72072979062796 45.15078170597553 90.84362657368183 24.88114321231842 1441.644500307739 0.8739599138498306 2.35017229616642 11.40245695412159 716.6897395849228 29.84031288325787 69.59176385402679 0 0.3574271947145462 5.85872071236372 15.79357796162367 1.708227038383484 78.22579281777143 2.554805964231491 22.48824289441109 9.828115195035934 120.8009048104286 4.491723246872425 0 0.4300278723239899
22.12282168120146 0.0738329142332077 115.8360324576497 4482.066415593028 43.28777807578444 5704.43426983431 6915.492572650313 3865.62632676214 374.3478662669659 18298.06282608211 48.57064492255449 3075.115075353533 4.467449247837067 1169.914945166558 32.09721177071333 0 35.88399533554912 4.342058032751083 11.06021724641323 6292.336487874389 11.60432157665491 0.1161294057965279 49.79505825787783 1650.75812407583 1.441617265343666 54.34188075736165 11.76524901390076 4181.92665328458 765.5394458137453 27.35809659585357 1.336019307374954 72.00381339341402 15.57944251596928 411.4584649205208 18.53833920508623 1691.800155304372 25.23879396915436 1198.987386059016 196.853582881391 367.290764130652 162.270084746182 3.94501867890358 24.2332079783082 0.2438896596431732 0.282310277223587 0.7678772360086441 219.346421957016 0 9.646873615682125 153.4214032664895 52.42672479897738 67.62275743484497 142.0977923125029 0.4358041360974312 167.1915666610003 0.2732453271746635 12.19042648747563 3.581301584839821 0.4785974323749542 0.3986400663852692 0.2003776431083679 0.2631947696208954 80.685970723629 1.293558821082115 1.338972680270672 0.8589224293828011 480.4359533712268 0 1.252555504441261 1.619845949113369 511.0180376917124 9.808304108679295 6.353246621787548 0.2365595176815987 0.8061761260032654 0.539573036134243 5.923478588461876 0.9249927997589111 114.3533630147576 0.4417944997549057 13.68917701393366 3.289062671363354 121.9707975909114 2.367272861301899 0.9839174896478653 0
6.056372247636318 65.0741201788187 84.80594932287931 0.7761291339993477 35.28051697462797 65.03088719397783 23.43934538215399 113.2322866916656 1.574638664722443 48.57064492255449 6423.555157780647 45.52512141317129 2499.699673675001 77.49106351286173 1.757517270743847 1.549157440662384 312.7106407061219 2505.080135971308 1506.973790034652 9.937851376831532 20.22769087553024 11.44935184717178 61.57399092614651 14.48399136960506 999.0667706876993 2866.724807366729 791.5799779966474 19.63736376166344 201.2586637809873 19.80477195978165 673.841657936573 154.4295431300998 5.270092211663723 5303.250713586807 24.86026944965124 726.5606173053384 5120.26187107712 5736.515994653106 1118.187813833356 34.0063082575798 125.5480910390615 1410.375489607453 13.75747680664062 0 10.36260521411896 1.173684522509575 0 0 0.2788553610444069 0.33379877358675 0.1025033891201019 0.5884480997920036 0.07080089300870895 226.6720954999328 0.2771521434187889 518.2022309526801 0.3867193907499313 0 0 0.181246854364872 83.86344412714243 1.817022927105427 0.1583972871303558 0 1.540578186511993 0.08873806893825531 5.632094323635101 233.6065326184034 529.4686975330114 360.1699695810676 3.41145920753479 0.7980695068836212 0.3129194304347038 193.0893531516194 0.4485736563801765 0 7.545976877212524 4.337181568145752 50.64787421375513 630.4195761680603 24.86415705829859 12.6194184049964 0.194628581404686 0.3219766020774841 43.41564013808966 0.0977991595864296
2.267156034708023 1.274564690887928 0.7406112998723984 251.8130981847644 98.76262982189655 3501.030090052634 71.91553109139204 939.9179402031004 273.2638045474887 3075.115075353533 45.52512141317129 6547.975272990763 4.878083311021328 324.0061080753803 538.1487424820662 0.2835316210985184 2.292677193880081 3.365617334842682 2.682207636535168 2325.946614414454 0.9587353840470314 11.63768543303013 0.8759924024343491 538.1756581738591 0.186250314116478 13.54099184274673 5.528820022940636 167.9107073545456 146.3876154348254 13.86083400249481 0.5532718151807785 39.17487477511168 0.500020906329155 151.3775910958648 3.173950791358948 1501.201242044568 13.08093521744013 448.2274852544069 54.96080636233091 1612.529536157846 63.18744857609272 3.333181627094746 5.549463458359241 0 0.08984024077653885 0 94.61345211416483 0 4.893870070576668 15.00155574083328 5.189715147018433 50.17025637626648 51.25457260012627 0.7043811082839966 210.4888368397951 0.2925849556922913 2.795889548957348 5.723991483449936 0.4190702885389328 0 0.06590313464403152 0 40.04932605475187 0.8801718503236771 0.2461408376693726 0.1461526900529861 154.3657088205218 0.09020488709211349 0.8612230569124222 0.07865197211503983 85.47653573006392 2.227647468447685 5.713051848113537 0.07704097032546997 0 0.181764617562294 0.6305347234010696 0 144.3584047183394 0.2763290330767632 2.021390825510025 1.274068407714367 201.7802461311221 0.8442699462175369 1.039345987141132 0
0.2473056763410568 559.0174273848534 12.50636197626591 0 20.32011976093054 25.41941521316767 3.299124851822853 29.11221449822187 18.33635924011469 4.467449247837067 2499.699673675001 4.878083311021328 2557.613637305796 6.109893970191479 0.4235581904649734 4.291967108845711 0.2346758171916008 8.208412252366543 0.6841576993465424 1.471687130630016 5.660664491355419 129.0652458518744 18.65843343734741 22.47157212346792 3222.949131771922 102.6865485683084 2057.941409081221 5.945379547774792 7.313691399991512 3.01326198130846 817.149283207953 16.22962594032288 0.1671363711357117 621.5414217486978 43.01346133649349 1105.906027033925 4328.112535126507 3911.924961000681 825.9804313927889 46.7718882933259 146.0471266433597 1175.463684901595 10.79252588748932 1.508707523345947 35.03527948260307 0.3452523574233055 0 0.5930879712104797 1.935175955295563 0.6250682473182678 1.485374718904495 0.6252597719430923 0.4422357827425003 567.2288614660501 0.6499557048082352 1175.184978477657 0.7831747978925705 0.1208468452095985 2.801563292741776 0 130.0926661118865 2.293227702379227 0.2855656147003174 0 4.217520132660866 0.7389516532421112 2.612278759479523 718.6795280873775 815.0570154413581 592.4432920441031 0.5893230885267258 0.8670402094721794 0.07383272796869278 380.5399191752076 1.742517367005348 0 8.697859957814217 14.08414682745934 141.0647589489818 1021.228342756629 121.5258958563209 47.88087653368711 4.543398268520832 8.566234827041626 107.2573409304023 0.781042218208313
5622.175080776215 0.1847627386450768 257.8958528116345 16.22997290641069 12.00192449241877 405.1986796446145 5714.199236363173 4090.070884112269 17.84048464149237 1169.914945166558 77.49106351286173 324.0061080753803 6.109893970191479 7255.456195354462 2.614892475306988 0.3490059971809387 514.1374402232468 16.13191869854927 148.6139508858323 136.1963523216546 37.94096498936415 0.5880482047796249 104.950108230114 192.9192272536457 1.402677804231644 180.9615517966449 36.78087003156543 381.1716625764966 5128.152520902455 1835.268907066435 0.49476308375597 261.9618258550763 44.89401494711637 395.5942097865045 2.564368061721325 334.0947173386812 36.48962372541428 605.1925715357065 76.47182765603065 46.813367433846 36.2339850217104 3.947047397494316 2.428945921361446 1.068928971886635 0 0.4180759415030479 2.898844756186008 0 1.456763610243797 9.347281254827976 3.639734320342541 3.205653659999371 2.872876327484846 0.6708890199661255 2.255389347672462 0.1966180726885796 0.3880584090948105 0.6026036888360977 3.258071042597294 0.07189590483903885 0.08619056642055511 0 0.856472983956337 2.694448672235012 0.971052348613739 0.8412730842828751 41.75130589306355 0 0.6732377856969833 1.16390523314476 40.715940348804 1.394384130835533 9.520969055593014 0.09663213044404984 0 0 1.400029845535755 0.8293038904666901 8.487824514508247 1.005137488245964 4.534030109643936 2.19054026901722 0.6379797458648682 0.5839862823486328 1.742626011371613 0.3452804088592529
0 0.1436740309000015 0 11.36555831134319 1732.320939153433 686.8802550584078 3.583538755774498 47.60463063418865 549.3398127406836 32.09721177071333 1.757517270743847 538.1487424820662 0.4235581904649734 2.614892475306988 608.1982837915421 0.8186184763908386 0 0 0 44.58455640822649 0 18.82023459672928 0.4655670523643494 353.5567445605993 0.6304950416088104 0.3139201328158379 2.600422166287899 39.5252505838871 1.720055177807808 1.235824316740036 0.09137435257434845 45.43701077997684 0.8588293194770813 2.097048908472061 3.116845220327377 180.586586214602 0.8573440909385681 18.90414300560951 56.36517979204655 1280.15852407366 94.96593801677227 0 0 0 0 0 1.108190208673477 0 0 0.3913638815283775 0 1.489501193165779 0 0 2.332584723830223 0 0.09625068306922913 0 0.6515604108572006 0 0 0 0.510725200176239 0.4477327764034271 0.2497264742851257 0 18.73402970284224 0 0.1120930314064026 0 2.263592511415482 0.1535579264163971 2.580443680286407 0 0 0 0 171.2321542203426 8.367848113179207 0 0.4565367102622986 0.2095604687929153 5.023430421948433 0 0 0
0 83.22310251742601 21.89066280424595 0 0 0.1218184679746628 3.009782657027245 1.019028156995773 21.80479051917791 0 1.549157440662384 0.2835316210985184 4.291967108845711 0.3490059971809387 0.8186184763908386 2433.099809370935 9.078256964683533 0.4546797499060631 2.746476449072361 0 2582.936747267842 2368.14653763175 4487.117112211883 1437.682865716517 20.32534539699554 13.88167251646519 3518.111563749611 1446.22250071913 2.742466755211353 14.22854895144701 0.4799070805311203 0.1334943175315857 3.816834352910519 61.84559890627861 12.8291300162673 1065.936480216682 514.2024650424719 327.7053558453918 179.3406801745296 25.97649765759706 1.204614736139774 1.040524557232857 6.290760681033134 1.427930325269699 6.955320224165916 25.43381960690022 0.4070093110203743 0 0 6.160418719053268 3.294757060706615 5.60546438395977 0 0.2092326134443283 0.1336431354284286 0.1135224625468254 3.705315038561821 0.358612522482872 2271.139674603939 2.941112898290157 0.3725502267479897 0.371525801718235 0 295.1298443302512 884.7145288214087 1551.908695571125 158.0347242206335 0.1789288371801376 5.211495406925678 690.0926751643419 195.4068128615618 18.73281015455723 25.46187702566385 0 0.1639859974384308 7.987026616930962 13.27307788282633 2.866773560643196 331.7052517235279 57.19275126606226 19.10189963132143 7.52366366237402 1.851951628923416 0.8117889389395714 0.8690404891967773 0.3298117518424988
146.9939354881644 4.780852951109409 7826.664028666914 0.3724430724978447 0.9564097449183464 25.45061382651329 302.8959522210062 713.8817542940378 0.3686854839324951 35.88399533554912 312.7106407061219 2.292677193880081 0.2346758171916008 514.1374402232468 0 9.078256964683533 643.0490691810846 166.2220733463764 1493.177216142416 0.5919725000858307 833.7205358296633 7.359810866415501 3519.120956741273 28.41198485344648 4.37516775727272 2400.930905152112 3411.174729511142 91.08169212564826 967.457942891866 2385.177814431489 0.2237968966364861 5.141446970403194 78.14875094592571 773.9689576625824 0.9940273091197014 127.7399070039392 535.8065559417009 437.6044981181622 52.5261344909668 4.740884259343147 2.020998410880566 4.337286315858364 0.3588920161128044 0 3.128273501992226 23.14564774185419 0 0 0 1.177004709839821 0 0 0 0 0 0 0 0 2.148749575018883 1.444729708135128 0.1892765536904335 0.3255032747983932 0 0.3185179531574249 1.938219510018826 4.402533851563931 0.896211214363575 0.2958126068115234 15.18456805497408 51.68220710009336 0.6843677088618279 0.08773758262395859 0.2194649279117584 0.08443404734134674 0 0 0 0.5076228529214859 3.233700521290302 14.83272067457438 1.34121461212635 0 0.1173937916755676 0 0.1544626653194427 0
2.799918778240681 0.7478638216853142 31.35282970964909 0.07651907205581665 0.5281384363770485 5.514739021658897 9.579904794692993 29.77385138720274 0.1018849983811378 4.342058032751083 2505.080135971308 3.365617334842682 8.208412252366543 16.13191869854927 0 0.4546797499060631 166.2220733463764 407.8531196787953 1608.58729673177 0.5900969654321671 7.390343964099884 0.5286693274974823 35.31100777536631 0.3776300400495529 13.64749895036221 2247.006169103086 553.1895112469792 3.516854576766491 34.40897778049111 11.18090926110744 18.2231532856822 9.324023678898811 2.502785250544548 948.3196434080601 1.340120993554592 310.6779022440314 682.7229660525918 906.170053742826 162.2382056340575 15.06275056302547 3.664717927575111 8.137160457670689 0.2235302180051804 0 0.6282038763165474 0.5327885374426842 0 0 0 0 0.1443589329719543 0 0 0.7950785160064697 0.3676876723766327 2.065981738269329 0.1546643227338791 0 0 0 2.776206292212009 0.9363496676087379 0 0 0.09340923279523849 0 0.2392177581787109 6.513546794652939 45.27523569762707 30.91796052455902 0.1840289756655693 0 0 0.5992311239242554 0 0 0.7713958323001862 0.4805576503276825 12.58872820436954 8.854842774569988 1.050634250044823 0.159612625837326 0 0 0.1577092409133911 0
35.71957560628653 8.244821980595589 656.7751103192568 0.1836515590548515 1.779152363538742 11.37411172688007 78.41104967147112 264.1761510521173 0 11.06021724641323 1506.973790034652 2.682207636535168 0.6841576993465424 148.6139508858323 0 2.746476449072361 1493.177216142416 1608.58729673177 1439.027299545705 0.3262168988585472 45.9445204436779 1.251526810228825 296.595171160996 6.453006401658058 7.870206125080585 4274.032563090324 924.4341793954372 20.58658962696791 307.7535440586507 197.5349882468581 2.667406067252159 6.018161877989769 37.94865757972002 1791.9726129435 3.199025854468346 380.3269834667444 495.749649502337 856.9818531274796 125.8465686514974 17.47554003447294 1.965562306344509 5.648478135466576 1.61786213517189 0 5.716664411127567 3.621201701462269 0 0 0 0.1749536916613579 0 0 0 0.4688022062182426 0 0.6943688541650772 0.08036961406469345 0 0.6494646370410919 0.3281405046582222 2.795946836471558 0.7911204844713211 0 0.0934627577662468 0.1113778054714203 0.197131909430027 0.3455448672175407 2.985372215509415 107.2464742362499 69.11762944608927 0.08900158107280731 0.1303643435239792 0.1602524891495705 0.2260137349367142 0 0.09502696990966797 1.499277614057064 0 10.67206049710512 17.81027878820896 4.441561907529831 0.08328261971473694 0 0 0 0
1.448781952261925 0.104107104241848 1.765836350619793 2899.019842710346 11.29025161266327 471.8136280402541 75.09746459871531 231.4081578217447 269.0376582592726 6292.336487874389 9.937851376831532 2325.946614414454 1.471687130630016 136.1963523216546 44.58455640822649 0 0.5919725000858307 0.5900969654321671 0.3262168988585472 606.0795070752501 0.9662079215049744 0 1.668142661452293 599.9781765639782 0.412150114774704 3.886593230068684 1.472122520208359 2154.993183940649 124.164859559387 0.9429683350026608 0 15.87832241505384 1.011800043284893 71.25453886389732 4.621266320347786 501.7497934773564 7.116514712572098 235.5580546185374 42.76160199940205 368.1666304171085 37.0260586887598 0.2566394731402397 7.832067228853703 0.2395474910736084 0 0 80.08429732173681 0 4.654080137610435 39.27672297507524 14.32865969836712 24.88044889271259 57.96631511300802 0.3933044373989105 72.5571486800909 0.07715756446123123 3.602025792002678 2.030236840248108 0.09855978190898895 0 0.2110863104462624 0 25.93698025494814 0 0.5130723416805267 0 171.6985392421484 0.2213401645421982 0.08343458920717239 0.5300347730517387 150.613217048347 2.29539006203413 1.670848950743675 0 0.2957140505313873 0.1851183027029037 1.783602483570576 0 51.15411937236786 0 4.566359847784042 3.125126756727695 65.70487155765295 0.1065180450677872 0.1930380389094353 0
11.61297549307346 3.602163553237915 318.0247191265225 0.4826381057500839 0.1041074469685555 3.436092808842659 298.0507301911712 53.86787288635969 13.5964133143425 11.60432157665491 20.22769087553024 0.9587353840470314 5.660664491355419 37.94096498936415 0 2582.936747267842 833.7205358296633 7.390343964099884 45.9445204436779 0.9662079215049744 5326.477553613484 101.6029652133584 8327.875848434865 892.7995079532266 5.258168965578079 38.97420129925013 866.0275970771909 4253.923562772572 166.7759153991938 8131.838001668453 0 0.7007334306836128 60.7446911111474 2923.17214102298 61.89816152304411 5862.06761443615 1886.98269303143 5021.194530159235 1803.567801661789 143.203402839601 15.14806067198515 5.038708359003067 29.28752876073122 3.167031310498714 0.3305201455950737 7.298285864293575 0.3033904731273651 0 0 6.541969567537308 1.982104040682316 4.632510513067245 0 0 0 0 4.924025386571884 0.1920935362577438 464.3452134802938 1.081943243741989 0.4333653226494789 0.1870805695652962 0 194.000128492713 127.7271655425429 171.8293662369251 129.2746230661869 0.0979282483458519 0.4394966065883636 43.68706066161394 151.593086540699 19.25541879236698 35.31769893318415 0 0 7.542793430387974 11.19849380105734 3.605309382081032 160.3980309516191 10.91792500019073 11.45123426616192 7.054830148816109 2.560914009809494 0.5271061658859253 2.207493185997009 0.2698516771197319
0.4901152327656746 2023.740695223212 58.14352478086948 0.8515390753746033 1.291909694671631 0 4.247340954840183 2.353108257055283 1731.80698312819 0.1161294057965279 11.44935184717178 11.63768543303013 129.0652458518744 0.5880482047796249 18.82023459672928 2368.14653763175 7.359810866415501 0.5286693274974823 1.251526810228825 0 101.6029652133584 1109.217722512782 468.6979886814952 5293.603935420513 904.9342596530914 49.03281572461128 6646.271899245679 221.1599449813366 2.770110256969929 15.84150227159262 6.678630612790585 0 0.2272367924451828 11.03957893699408 0.1570824980735779 20.48274650424719 27.873266287148 22.32851300388575 5.810232937335968 15.06580118834972 0.4707453101873398 13.02832286059856 0.5576846599578857 0.6226807162165642 38.10434733331203 163.6170481517911 0.5009720772504807 0.07400757819414139 0 3.84297189861536 1.042135506868362 7.797243490815163 0.1628749221563339 0.9089791923761368 0 0.5234758332371712 1.26609330624342 0 894.0353542491794 4.775371491909027 0.2744563370943069 0.5752037465572357 0 89.98368714749813 58.67521866410971 412.82447578758 130.9113829955459 1.342734806239605 25.25484669953585 1101.734254397452 70.04375457763672 5.94760499894619 7.697470180690289 0.3446734175086021 0.3394228518009186 1.591243095695972 7.269926182925701 0.275521993637085 21.19572914391756 19.05621429532766 9.945978939533234 3.296742059290409 0.8256179392337799 0.1908782869577408 0 0.2152188569307327
23.74775914847851 9.702440157532692 7318.07778916508 2.330495543777943 0.3988740146160126 11.53976602107286 1094.876255117357 280.1349175311625 4.712442182004452 49.79505825787783 61.57399092614651 0.8759924024343491 18.65843343734741 104.950108230114 0.4655670523643494 4487.117112211883 3519.120956741273 35.31100777536631 296.595171160996 1.668142661452293 8327.875848434865 468.6979886814952 14547.81960812956 693.8590306118131 8.406824246048927 812.0232900232077 4478.438780978322 4482.742648296058 120.7884921729565 4104.953682497144 0.4319572225213051 1.823039658367634 20.53445362299681 3201.937964729965 251.5160580947995 9404.883078880608 4944.602922670543 8314.61891015619 3338.771205022931 297.6782314628363 22.48706699162722 34.93378736078739 81.6489302739501 0.7229829803109169 2.636077269911766 174.3972226157784 0 0 0 6.043947100639343 0.6857832446694374 0.9319937825202942 0.2399399727582932 0.9034692570567131 1.166325211524963 0.1091917902231216 1.264877922832966 0 1668.930801212788 3.103781633079052 0.3980934172868729 0.3605621680617332 0.1461336314678192 112.534519277513 427.9100931733847 1483.220428980887 49.96532503515482 0.5361849218606949 7.018375411629677 1271.102641068399 86.6105587258935 3.336310476064682 7.105004847049713 0 0 0.9381970018148422 7.186861909925938 16.69902138411999 230.2826169654727 223.1752826273441 21.87888768315315 14.99309556186199 1.502936892211437 0 0.6062268763780594 0.3307271897792816
18.80497464537621 460.262030184269 237.9362904280424 1376.620112530887 18.35580813884735 270.9982490092516 671.0915253534913 395.5904401689768 8322.345598950982 1650.75812407583 14.48399136960506 538.1756581738591 22.47157212346792 192.9192272536457 353.5567445605993 1437.682865716517 28.41198485344648 0.3776300400495529 6.453006401658058 599.9781765639782 892.7995079532266 5293.603935420513 693.8590306118131 8684.382315665483 173.399707429111 101.6674374714494 1762.459733046591 3647.82887044549 486.2720383368433 123.7363939136267 1.889462031424046 11.31908662617207 118.788581840694 248.7895095646381 21.21508646011353 1734.561089865863 176.447248660028 683.544430911541 186.3829412907362 342.8263558223844 61.85723195225 4.927521519362926 12.84022265672684 19.17218402028084 6.56996039301157 26.89956324547529 343.5445620194077 0.3978157266974449 34.39228900521994 609.0302155092359 225.5331659093499 824.6458394750953 257.5000408887863 4.924144759774208 232.7444715872407 0.4593545496463776 144.5721840299666 9.427825301885605 583.4407805204391 3.48192273825407 2.413757856935263 2.212563425302505 121.7381964921951 264.6042621955276 327.3961371332407 141.3593074008822 3587.061822928488 0.4135527461767197 10.5704647116363 113.8273264244199 3132.14814504236 167.9019658751786 442.748776178807 0.07925371825695038 4.001787222921848 30.3649293705821 92.28984892368317 5.193284906446934 487.0751618146896 19.01635436713696 191.5793400704861 58.71076908707619 218.7835453003645 26.25263143330812 0.6741645485162735 3.891823664307594
0 1794.875825017691 24.57935013622046 0.3905094861984253 1.831741854548454 5.903531312942505 1.437117166817188 6.72403060644865 133.5847981721163 1.441617265343666 999.0667706876993 0.186250314116478 3222.949131771922 1.402677804231644 0.6304950416088104 20.32534539699554 4.37516775727272 13.64749895036221 7.870206125080585 0.412150114774704 5.258168965578079 904.9342596530914 8.406824246048927 173.399707429111 551.1043653190136 269.4248924329877 4095.093159206212 13.42104027420282 1.520053282380104 1.155361324548721 293.9151962473989 3.836028322577477 0 170.206408880651 11.48439067602158 484.2403022423387 809.592940710485 778.7295810729265 200.5989517569542 17.02543943375349 103.0535685271025 379.9042132645845 14.13591694831848 0 51.08000291138887 3.629707835614681 0.09953044354915619 0 0.09372618794441223 0.1266801580786705 0.08948604762554169 1.142035521566868 0.1869149953126907 158.0024344325066 0.07368096709251404 527.7514582946897 0.08715525269508362 0 1.758563987910748 0.2958861738443375 24.8019742295146 4.75300657004118 0.09127441048622131 0.3061579912900925 13.05165173858404 1.48294448107481 0.607544407248497 83.99966993182898 432.2134819850326 779.6804477274418 3.681527055799961 0.2666826918721199 3.528477855026722 83.10398751497269 0.2164736911654472 0 4.545171715319157 3.564816862344742 125.8698049560189 101.7338418141007 21.12097711861134 8.987880781292915 3.134361706674099 1.129384592175484 14.58546764403582 0
28.12091497331858 159.6707120463252 4228.695637345314 2.840912103652954 8.210222832858562 33.32101467996836 344.7988527975976 420.2517512515187 7.561953157186508 54.34188075736165 2866.724807366729 13.54099184274673 102.6865485683084 180.9615517966449 0.3139201328158379 13.88167251646519 2400.930905152112 2247.006169103086 4274.032563090324 3.886593230068684 38.97420129925013 49.03281572461128 812.0232900232077 101.6674374714494 269.4248924329877 13185.31378277764 9357.912536285818 170.0333178862929 237.8890283219516 202.0961318388581 389.8176387175918 48.25689001008868 13.90083075687289 3309.705151669681 22.44968999922276 3178.559266649187 9890.327005624771 4965.510704632849 1021.880079954863 112.7235281355679 16.90194660425186 260.7464175447822 9.54744878411293 0.163553811609745 187.0472197160125 269.8874584883451 0.08260305225849152 0 0.7606128454208374 5.725163884460926 1.147378541529179 2.26731638610363 0.7005905583500862 33.89379890263081 0.1375385224819183 118.5709544196725 2.347174607217312 0 1.839559502899647 25.82874072343111 130.5898380950093 62.70292443782091 0.1810420751571655 1.038604266941547 9.395846739411354 5.92581257969141 3.994412958621979 181.9045875221491 3212.775644354522 3258.526612050831 2.237374998629093 2.54743317887187 1.072932057082653 62.34785096347332 0.7842603027820587 0.08820441365242004 33.49652201682329 4.13031430542469 136.8406859189272 664.9755973145366 88.96209132671356 13.04826231300831 1.614658840000629 0.5227593928575516 5.368232533335686 0
6.125005729496479 6927.71225091815 8998.030066736042 1.307220973074436 2.582374319434166 9.675230957567692 82.85394530370831 72.42200829833746 355.9106168076396 11.76524901390076 791.5799779966474 5.528820022940636 2057.941409081221 36.78087003156543 2.600422166287899 3518.111563749611 3411.174729511142 553.1895112469792 924.4341793954372 1.472122520208359 866.0275970771909 6646.271899245679 4478.438780978322 1762.459733046591 4095.093159206212 9357.912536285818 25752.04064285755 1874.854529902339 69.61877319216728 101.1960564181209 693.0339280962944 13.2553348839283 6.959773972630501 2979.249022595584 133.1499899253249 6023.569376967847 8400.395084358752 6482.108318664134 1815.152012616396 203.926077991724 10.5574853271246 155.8512976467609 24.57926668226719 2.348397798836231 1885.638492129743 3227.317863985896 0.5894614681601524 0.09165666252374649 0.8325555995106697 73.48550064116716 4.552866294980049 4.47859226167202 1.37178348004818 44.81893465667963 0.5673599392175674 145.6080352962017 10.0295784920454 0.660341277718544 546.8526747152209 166.5252124965191 164.5422723591328 104.3526771515608 0.1829960271716118 28.27531736344099 800.5098760202527 1129.193440765142 43.23116498440504 553.8243278935552 5508.245275370777 13740.85771819949 58.36491357535124 4.139868646860123 12.50904978811741 57.04603305459023 0.5045912638306618 0.9301212728023529 122.8626784682274 22.05490001291037 255.0727482363582 1954.021983981133 248.9836660400033 47.38970825076103 2.983518108725548 0.493911013007164 4.248786874115467 0.2439102753996849
55.63693043589592 16.51604833453894 1224.866676896811 2288.356266245246 11.93902914226055 559.1464512720704 13372.81992405653 543.7297898605466 1007.964775450528 4181.92665328458 19.63736376166344 167.9107073545456 5.945379547774792 381.1716625764966 39.5252505838871 1446.22250071913 91.08169212564826 3.516854576766491 20.58658962696791 2154.993183940649 4253.923562772572 221.1599449813366 4482.742648296058 3647.82887044549 13.42104027420282 170.0333178862929 1874.854529902339 10969.84162164479 1417.454566922039 3224.048027433455 0.2894007861614227 23.5304559096694 555.3494398668408 984.6959062069654 64.37727820128202 4167.461923077703 529.3096261247993 2409.680184662342 699.5752227604389 229.9010154977441 94.39575292170048 6.601303420960903 29.87159738689661 15.00978663563728 2.343177706003189 24.30974128842354 223.1945717930794 0.5023839250206947 29.66490193456411 428.2140167579055 145.18994596228 248.2390056401491 199.7063793465495 5.125343091785908 136.4835339188576 0 85.66496077924967 4.790833681821823 395.7332056388259 6.630163937807083 1.027096249163151 1.845020547509193 80.29452078789473 197.3842378631234 126.514819316566 110.1607497259974 1963.303136527538 0.3360569253563881 9.23721420019865 115.3359289988875 1950.476748611778 129.8312556035817 433.4049718379974 0 4.543887838721275 21.5627411454916 72.17647437751293 3.921705909073353 406.5837054774165 22.67613337934017 129.0184266604483 37.71777610480785 141.5854355171323 12.08412608504295 4.077219784259796 3.942268691956997
