138.2501068934798 2699.064744316041 504.8175727427006 1777.216003209352 9.313182294368744 49.6074553579092 282.4679338410497 151.0763050466776 10.3728099167347 2250.617386527359 107.5807279497385 135.801437869668 152.2529350817204 38.44280532002449 4.566811800003052 0.424592912197113 0.2048826441168785 0 0 0.2076804712414742 0.3566506654024124 1.902559839189053 0.3833628445863724 0.3016735315322876 1.024401016533375 0.6068868786096573 0.1301378309726715 0.39594866335392 0.1334478557109833 0.1230450645089149 341.9694205597043 9.484953291714191 77.06445146352053 0.2688887044787407 1.055683180689812 1.73320347070694 16.04185436666012 7.180700108408928 7.476719446480274 1.208764754235744 1.783248588442802 3.921609580516815 0.2224249988794327 0 0.2120988741517067 0 24.14565249532461 0.7736540511250496 1.103818371891975 0 0.5526924356818199 2.236491307616234 1.704610377550125 1.927374042570591 3.620555616915226 5.131085015833378 251.6555168777704 153.5868902280927 46.83858063071966 16.55672411620617 1.938716597855091 24.08313415944576 0.823627881705761 5.347976118326187 3.785907290875912 1.460096545517445 0 0.4824139997363091 0 1.154192686080933 45.63994097709656 18.24066168069839 2.152367763221264 180.9482154473662 5.31867853552103 10.14870941638947 0.7111626043915749 0.1139318868517876 7.119328662753105 101.4490482807159 0.2413950711488724 27.10973215103149 15.7069248855114 0.4513480737805367 0.7440940290689468 4.637482225894928 0.5826791524887085 1.971877440810204 0.926971048116684 2.783573612570763 0.2765894085168839 1.10871621966362 2.547309949994087 1.272146001458168 2.818715915083885 619.6059123501182 35.41192963719368 4.023443937301636 7.054485142230988 830.657904393971 0.1663137525320053 0.9412909150123596 1.852319240570068 0.6790215969085693 1.394005298614502 0.3282293975353241 7.384124755859375 0 4.423128463327885 5.115571215748787 0 6.661079943180084 16.25449581444263 9.438839443027973 3.604044631123543 0 0.1108747720718384 0 0 0 0 0 0 0 0 0.1131082251667976 0 0 0 0 0 0 0 0 1.048506617546082 0.1849661022424698 0 0 0 1.751612655818462 0.7535915076732635 2.325665481388569 0.7369770556688309 0 0.2908279597759247 0 0 0 0 0 0.1178371235728264 0 0 0 0 0 0.1705651730298996 0 0 0.5627671480178833 0 0 0 0 0 0.5292274355888367 1.476376354694366 1.47256526350975 0 0 0 0 0 0 0 0 2.854925155639648 1.640943914651871 0 0.1186911687254906 0.1741794347763062 1.091378010809422 0 0.4452072978019714 0 0.1572865545749664 0 0 0 0 0 0 0 0.3016233742237091 0 0 0 4.655110239982605 1.501150920987129 2.729900367558002 124.2281592041254 2.637462094426155 99.31671669334173 17.14283013343811 486.7152577489614 18.39785780012608 5.281885221600533 6.020508639514446 2.291113570332527 0 0.639522060751915 0 39.00891023874283 0 0 0 1.609832368791103 0 281.5191575288773 10.14068886637688
2699.064744316041 4097.44324888289 2444.178266301751 320.4841243848205 2003.113118201494 101.3544421643019 5379.684152387083 1309.402323402464 2362.423703469336 1056.67951412499 1547.362716086209 87.13109385967255 599.9999174028635 1628.938188940287 53.45020136237144 3.747468695044518 2.454727172851562 0.9821649417281151 0 0.4219990596175194 0.7811170816421509 1.317768529057503 0.1673111766576767 0.1530243009328842 1.296844638884068 1.00912918150425 0.2152715772390366 1.03957636654377 0.709940493106842 0.2273316159844398 2040.030961312354 45.17314907163382 280.5074136331677 0 0.329074002802372 4.800096787512302 24.85372046381235 12.62965612858534 10.877656288445 2.513236925005913 2.600415147840977 6.359464563429356 0.4522954598069191 0.8414045125246048 0.4635807797312737 0.4099260792136192 429.2365690544248 9.207309991121292 2.86442331969738 0.924753412604332 0.2088411450386047 1.308120533823967 0.1531473696231842 1.459745652973652 26.12691363692284 30.28484728932381 199.3689449727535 268.7775273919106 156.0899125263095 192.3731552734971 1.019398383796215 48.82627456635237 1.537867665290833 87.53369814157486 25.2090602889657 16.27128691226244 3.180935829877853 2.367321826517582 0.7505119442939758 2.165624417364597 50.42787457257509 3.522370472550392 1.129223644733429 845.2612275853753 83.57073524594307 278.3536183387041 14.31895802915096 1.152090363204479 10.42257615923882 318.4577997401357 1.199152395129204 50.22821837663651 107.114300109446 0.3042126670479774 12.00032664835453 30.04566571861506 6.252822697162628 0.2675947397947311 2.361586220562458 0.4295621290802956 1.931100338697433 0.5750091075897217 0.9196742475032806 3.994390323758125 1.832192622125149 57.55029388517141 11.70138592272997 0.3904214724898338 4.366392768919468 704.8250272423029 1.797302156686783 6.713428616523743 4.999788999557495 0 2.705782935023308 5.805903196334839 2.654810458421707 5.553700342774391 9.613842263817787 12.82517078518867 0.8504519462585449 24.05589953064919 44.44681460410357 38.64412935078144 23.40728104114532 0.8139798194169998 0 0.2599739134311676 0.09625741839408875 0 0 0 0 0 0 0.4836118370294571 0 0.1026257649064064 0 0.08967028558254242 0 0 0 0 5.610832877457142 0.8623314201831818 0 0.5401042699813843 0 12.02240485697985 2.710483193397522 13.12157900631428 1.744344815611839 1.108830988407135 0 0 0.1161334589123726 0.2997981607913971 0 0 0.2031541988253593 0 0.3231909573078156 0 0 0.9006804525852203 0.1868548467755318 0.09401248395442963 0 0 0 0.2922467887401581 0.1969824880361557 0 0 0 23.4535221979022 2.440457850694656 0 0 0 0 0 0 0 0 13.15940269827843 3.744518920779228 0.2123807370662689 0 0 8.600927360355854 1.296968102455139 5.412373244762421 2.260446414351463 0.1688989698886871 0.2529784366488457 0.3259420990943909 0.4999623596668243 0 0 0.09487856179475784 0.7077945470809937 0.2459664195775986 0 0 0 9.193737745285034 2.790691807866096 6.521676167845726 778.3981759250164 26.12821957468987 1154.385805219412 155.0182388573885 634.6539205312729 70.04087489843369 15.57992063462734 176.7289652898908 8.986895814538002 2.329039365053177 8.580996960401535 6.894035212695599 10.64725647866726 3.285005018115044 5.791515611112118 4.302868813276291 28.43049757182598 0.4943850189447403 300.0473808050156 16.31897563487291
504.8175727427006 2444.178266301751 1026.766194485128 53.44420890510082 484.5427610501647 5.812046468257904 267.0182050094008 2450.267704963684 914.2552649006248 24.93070128560066 1343.797836318612 26.91739238798618 149.3736907243729 839.7433016598225 17.43286611139774 2.847311779856682 1.636009760200977 0.5124387815594673 0.1500141322612762 1.671699002385139 6.20238896459341 0.8921338319778442 3.131862550973892 0.8178733438253403 3.433769084513187 5.455379083752632 0.9241039231419563 1.098437614738941 0.1088066771626472 0.1474254578351974 2038.918713450432 251.0751290991902 305.6108314990997 0.4569614678621292 4.087864190340042 7.122599884867668 34.12518225610256 18.03089743852615 12.73317617923021 3.058365471661091 12.77211149036884 18.50746046751738 0.4016947820782661 0.2548327222466469 0.09928832948207855 0.4278481230139732 36.07106673717499 0.9299947991967201 0.5668620392680168 0.4645378366112709 1.287818267941475 1.080195628106594 0.3801664933562279 4.754962883889675 1.41704224050045 1.547252729535103 39.81009376049042 106.5287467762828 18.59296701103449 13.48262975364923 10.67865358293056 96.56535906344652 5.61828850954771 20.90946534276009 1.664011016488075 1.379218645393848 0.8899438306689262 0.856725350022316 4.401443168520927 7.841821245849133 69.77104565501213 6.398885428905487 0 93.72009193897247 11.46928223222494 28.58218577504158 5.483004830777645 1.642500825226307 72.76857528090477 735.900856398046 2.117570407688618 185.5818615704775 6.332038775086403 0 0.9831671863794327 1.879806734621525 0.5521169826388359 0.1033833622932434 0.09820418059825897 0.7185115218162537 0.7113379836082458 0.7975281178951263 11.44033577293158 17.98296793550253 7.441262111067772 35.70973099768162 14.89469368010759 0 7.846716031432152 226.6924651488662 0.5762782543897629 1.139791816473007 3.918596491217613 0.5101529359817505 0.7868839353322983 0.6850635558366776 0.6419166624546051 0.3994172811508179 3.78941935300827 2.202232152223587 0.447328045964241 6.472644113004208 8.304881386458874 8.78623329102993 8.63362480700016 0.9786442220211029 0 0 0 0.1963071003556252 0 0.214251235127449 0.217928558588028 0 0.5938817337155342 0.9054154828190804 0 0 0 0 0.6585667729377747 0.1226228475570679 0.2265439853072166 0 4.161832913756371 0.7647813409566879 0 0 0 7.725649952888489 3.069367989897728 19.86260486394167 2.591283895075321 0.345281183719635 1.476458422839642 0.1031151488423347 0.2095030099153519 0 0 0.113371305167675 0.3683722913265228 0.7753803730010986 1.004198297858238 0 0.08132714778184891 0.2569949105381966 0.1011624857783318 0.898896649479866 0 0.644487053155899 0 0.1206978857517242 1.446584701538086 0 0 0.5831722468137741 14.42406653612852 1.467124059796333 0 0 0 0 0 0 0.2794278562068939 0.5856030881404877 8.007439449429512 6.710498958826065 0.6131729409098625 0 0.4393738582730293 6.350638076663017 0.4647196233272552 2.466709420084953 0.256438210606575 1.132931590080261 0 0 0 0 0 0 0 0 0 0.8865964636206627 0.274133063852787 1.683130770921707 6.071181662380695 8.40228097140789 99.63478660583496 4.211300402879715 89.05243845283985 20.81680865585804 89.91184843331575 6.747455462813377 2.465295918285847 15.68433217704296 3.757670015096664 0 3.249491617083549 3.423716209828854 3.472815468907356 0.8846795409917831 0 0 4.564334809780121 0 32.32865253090858 11.52753826230764
1777.216003209352 320.4841243848205 53.44420890510082 285.0521346479654 51.40644851326942 240.2238637804985 592.1981223598123 0.3575674816966057 70.33566619455814 1457.788782812655 2.471194840967655 652.3804243579507 1099.995527274907 247.8739907816052 1.434114493429661 0.09644564986228943 0.2800252214074135 0.1054655462503433 0 0 0 0.1458567529916763 0 0 0.1047729998826981 0 0 0 0 0 175.7338738739491 2.092950075864792 3.537275530397892 0 0 0 0.6430467218160629 0 0.1192065626382828 0.0963682159781456 0 0.1491774916648865 0 0 0 0.0914139524102211 37.1461069136858 1.162537783384323 0.4081996381282806 0.0880422368645668 0 0.4065424650907516 0.2731016278266907 0 4.618543349206448 6.442456476390362 66.03898763656616 43.66869448125362 33.88902630656958 26.80249463021755 0 0.09311667829751968 0 3.037979513406754 3.640969000756741 3.149388290941715 0.7414491772651672 0.5294054076075554 0.09705539047718048 0 5.051804468035698 0.9243691265583038 0.1234613731503487 162.4410260543227 6.477839171886444 14.39393642544746 0 0 0 0.4937813058495522 0.09382143616676331 0.5011935085058212 23.1695719063282 0 1.139382287859917 6.487331971526146 0.83834158629179 0.07889974862337112 0.1007303595542908 0.3791308104991913 0.08350919187068939 0 0.1329524964094162 0 0.08489938825368881 45.73747435212135 1.975075736641884 0.2080972790718079 0.9254861101508141 185.9707919880748 0 3.262744784355164 0.8824252486228943 0 0.5206755399703979 0.9494391083717346 3.101662933826447 0.3217836320400238 2.956407144665718 5.755487501621246 0 6.636353835463524 18.69248265028 8.47006268799305 3.370992332696915 0 0 0 0 0 0 0 0 0 0 0 0 0 0 0 0 0 0 0 4.485878139734268 0 0 0 0 0.8032875806093216 0 0.8347297012805939 0.308808833360672 0 0 0 0 0 0 0 0 0 0 0 0 0 0 0 0 0 0 0 0.5090581178665161 0 0 0 3.345011129975319 0 0 0 0 0 0 0 0 0 1.346606284379959 0.4667518436908722 0 0 0 0.9679345488548279 0 0.2134809494018555 0 0 0 0 0 0 0 0 0 0 0 0.08763627707958221 0 1.415998220443726 0 0.3475483655929565 65.74900174885988 1.978288471698761 141.3595059067011 16.6217887327075 324.5259840786457 8.288520663976669 4.20574513822794 5.962688952684402 1.512031808495522 0 0.1488018035888672 0.758518397808075 13.86539205908775 1.113722681999207 0.116874597966671 0 1.766678787767887 0 126.0254440903664 1.252085253596306
9.313182294368744 2003.113118201494 484.5427610501647 51.40644851326942 4554.64448197186 5.477815970778465 1453.648048348725 430.2116525620222 2537.206241108477 337.4289397597313 906.6891091912985 132.9230223894119 378.4858349636197 1210.742631882429 15.31847293674946 0.3489671647548676 0 0 0 0.07893859595060349 0.1128414794802666 0 0 0 0.1667180210351944 0.1202042922377586 0 0 0.1942267119884491 0 30.51760717481375 3.101846471428871 14.59802796691656 0 0 0 1.652752406895161 0.7312788292765617 0.3988272696733475 0.7127051949501038 0 0.3948158174753189 0 0 0.1041294857859612 0.08902383595705032 57.37573970109224 0.4133424237370491 0.1663733571767807 0 0.1021555960178375 0.1015512198209763 0 0.2491313070058823 0.960014171898365 1.010894104838371 3.664207741618156 7.520006209611893 7.904085643589497 16.16933859139681 0.2759988605976105 1.456078432500362 0 11.1678928732872 0.989043727517128 0.591382808983326 0.1932358369231224 0.09841596335172653 0.2672305256128311 0 13.46615883708 1.039632007479668 0 40.37881308794022 7.282653041183949 48.42059910297394 3.017260000109673 0.2688069045543671 2.018109627068043 47.63433764129877 0.3829681947827339 1.901579789817333 5.486712321639061 0 0.7192183211445808 1.684224434196949 0.4599867835640907 0 0.07816410809755325 0 0.08076784014701843 0.1006039381027222 0 0.09876292943954468 0.3738452196121216 15.07179810106754 2.926297679543495 0 1.394784823060036 2.189932763576508 0.8378197550773621 0.5302491784095764 2.569130629301071 0.261654794216156 1.888840988278389 5.914929673075676 0 2.474374532699585 8.25713586807251 6.337471306324005 0.5206875428557396 18.22757344692945 36.32794870436192 28.05984257161617 19.15505207329988 0.451567679643631 0.09842115640640259 0 0.1037814393639565 0 0 0 0 0 0 0 0 0.07137150317430496 0 0 0 0 0 0 6.972602695226669 1.2979516685009 0 0 0 9.652233108878136 0.6312367916107178 10.26739207655191 0.7200189456343651 0 0 0.1532925963401794 0 0 0 0 0 0.4989868327975273 1.081499934196472 0 0 0 0 0.1067511141300201 0 0.3342500627040863 0 0.1103068068623543 0.685715951025486 0 0 0 10.64404494315386 0.6357563734054565 0.4421213865280151 0 0 0 0 0 0 0 14.16449667513371 2.522568762302399 0.4202224016189575 0 0 5.974371507763863 0 3.268891185522079 0.145248606801033 0.200511172413826 0 0 0.1825389713048935 0 0 0 0 0 0 0 0 6.599295660853386 1.891954973340034 2.146903842687607 208.0300780236721 2.991499356925488 138.753413438797 24.08325558900833 15.9264510050416 12.35904424637556 0.8279516994953156 46.45876827090979 2.170000031590462 0 2.601280748844147 2.382847182452679 3.899051889777184 0.5806571841239929 1.455265164375305 0.5234189629554749 7.664964593946934 0 13.568634159863 18.39571049809456
49.6074553579092 101.3544421643019 5.812046468257904 240.2238637804985 5.477815970778465 1.299694448709488 106.0459076166153 0.5134273916482925 2.622011855244637 593.7488213926554 0.3170175999403 87.63008186221123 113.404698766768 23.30686496198177 0 0 0.1410551965236664 0 0 0 0 3.702606983482838 0 0 0 0.1514246314764023 0 0.2032265961170197 0.2496180087327957 0 11.52806469798088 0.5504417568445206 25.07661202549934 0 0 0 15.98679443448782 1.598005637526512 5.738273166120052 0.137300431728363 0 0 0 0.1344513595104218 0 0.2666734829545021 0.1277898699045181 0 0 0 0 19.38966511934996 5.26537612080574 0.3507736325263977 0.1384100466966629 0.7332991361618042 240.6547809168696 4.781531125307083 4.123892411589622 0.313180610537529 0.5026131123304367 4.881081119179726 0.2541882246732712 0.1100083515048027 0.09862205386161804 0 0.09450319409370422 0 0 0 102.2710923999548 97.76897068321705 8.281441703438759 2.623423807322979 0.2871712148189545 0 0 0 0 0.7610881179571152 0 1.47285458445549 0.1518431305885315 4.230351388454437 0 3.064594998955727 0 9.801594667136669 7.279291644692421 19.99242879450321 0.9882713183760643 3.673186458647251 0 0 0.1266364604234695 236.8230993300676 170.4739211127162 18.03649047017097 13.80480200052261 864.1946055144072 0.2485352158546448 0 0 0 0 0.4161502420902252 0 1.679909229278564 4.825008392333984 1.645637601613998 0 7.801245808601379 13.33340890705585 8.393349081277847 0.4107121527194977 0 0 0 0.1310286521911621 0 0 0 0 0 0 0 0 0 0 0 0 0.3247139677405357 0 0 0 0.1677742004394531 0 0 0 1.338075086474419 0 1.202773079276085 0.7527025789022446 0.2550786435604095 0 0 0 0 0 0 0 0 0 0 0 0.09409759193658829 0.5693926885724068 0 0 0 0 0 0 0.4021475911140442 0 0.2027608305215836 2.016901701688766 0 0 0 0 0 0 0 0 0 0.4322044104337692 2.162224769592285 0 0 0 0 0 0.801725447177887 0.1942856758832932 0 0 0 0 0 0 0 0 0 0 0 0 7.821101680397987 2.48776738345623 0.6037853434681892 22.01280850172043 0.3023298531770706 0.9708994552493095 0.2795967161655426 86.78548112511635 10.95376634597778 0.1404885500669479 0 2.598112761974335 0 0 0.1192245781421661 8.03964638710022 0 0 2.342531204223633 0 0 80.82529932260513 5.050750255584717
282.4679338410497 5379.684152387083 267.0182050094008 592.1981223598123 1453.648048348725 106.0459076166153 2758.096198409796 30.56172036379576 3264.774872541428 3854.152313247323 653.8545210286975 649.7989208847284 2420.324510112405 3032.38624804467 23.80773765593767 0.6680304408073425 1.143578626215458 0.1849998384714127 0 0.2007847800850868 0 0 0 0 0.3112673088908195 0.09310374408960342 0 0.2447789683938026 0.1439171582460403 0 205.8728524744511 10.28066039830446 11.18192380666733 0 0 0 3.653197847306728 0.8449407443404198 2.489259459078312 0.3324867710471153 0.1992756947875023 0.7134656757116318 0.3766639903187752 0 0.121302492916584 0.1957833468914032 160.7215877845883 2.819813102483749 0.6184340491890907 0.1288758367300034 0.08519499748945236 0.1135136187076569 0 0.8469179794192314 5.466808244585991 8.030854009091854 40.81343143433332 41.24673327803612 40.60527179390192 56.32822275161743 0.2316758260130882 3.453917697072029 0 21.44135708361864 5.324494190514088 3.696733877062798 0.8283759653568268 0.7428134828805923 0.5014000684022903 0.6562600657343864 15.17297009378672 5.35675998032093 0 198.4700814262033 19.46241728961468 88.33488847315311 4.134536258876324 0.1101553216576576 1.29109263420105 1.984237007796764 0.624201588332653 1.552144132554531 27.70447314530611 0 2.675317354500294 8.335968144237995 1.546070396900177 0.08939401805400848 0.2027231603860855 0.1585205495357513 0.561591774225235 0.2535019814968109 0.3348519951105118 0.8133705854415894 0.3582705035805702 47.48423770815134 4.779197305440903 1.09199857711792 2.588212586939335 58.30638716369867 6.47967030107975 11.74838718771935 43.03262737393379 18.97670821100473 12.05613879859447 28.545568972826 2.993175700306892 16.13611482083797 48.3789598941803 40.79946051537991 1.719946771860123 65.55867806077003 126.2534104883671 104.3707403019071 54.6753211170435 0.5365555286407471 0 0 0 0 0 0 0 0 0.09674495458602905 0 0 0 0 0 0 0 0 0 22.88316167891026 3.461829990148544 0 0 0 21.18579289317131 2.711020305752754 26.04796596616507 3.349792473018169 0.2512997686862946 0 0.1074268892407417 0 0 0 0 0 0.7510121688246727 2.684840440750122 0 0 0 0 0.0998641699552536 0 0.7436351701617241 0.09700164943933487 1.757247008383274 2.217578202486038 0.3032970204949379 0.1879683881998062 2.43684333562851 39.6235354244709 7.049553230404854 0.6072747856378555 0.3680408671498299 0 0 0 0 0 0 36.18050321936607 12.88296484947205 0.1861688047647476 0 0.2762452960014343 18.26194127649069 0 9.367492154240608 4.978042684495449 3.454268746078014 1.082518897950649 0.1489043980836868 0.2524882555007935 0.3432157337665558 0.2702144980430603 0.9202616214752197 0.2117858380079269 0.2839034199714661 0 0 0 24.09643232822418 4.437479302287102 14.24174226075411 474.8709549382329 12.19407550245523 462.7170145735145 77.19262329488993 197.9930458441377 35.6226472556591 4.596038341522217 111.2986524328589 11.99884287267923 0.1041460335254669 21.86449134349823 4.132361948490143 45.14781270176172 2.258695177733898 5.408561237156391 0.8284030109643936 14.47823330014944 1.273821607232094 110.0927286744118 66.27591353654861
151.0763050466776 1309.402323402464 2450.267704963684 0.3575674816966057 430.2116525620222 0.5134273916482925 30.56172036379576 911.6918450370431 310.1850289255381 3.640195421874523 3134.457333683968 23.53483390808105 79.15660843998194 770.1301371753216 35.91070646047592 3.679438531398773 3.017170876264572 2.123301289975643 0 8.952166460454464 29.56544995307922 3.163450673222542 9.534965381026268 7.567327447235584 9.813820622861385 22.59115153551102 3.657877743244171 1.943476729094982 1.959076076745987 0.2610715329647064 1248.896324947476 1595.126400835812 449.4821815937757 1.072410382330418 16.6968654692173 11.98411060124636 24.88501935452223 24.4649353697896 12.50370436906815 9.685488767921925 49.14915946125984 44.86020474880934 4.920565985143185 0.5046391114592552 0.7822761684656143 5.15124137699604 111.1223984062672 0.7508886158466339 1.124607883393764 3.167213819921017 4.571065828204155 2.25631707906723 1.015492454171181 6.820742025971413 3.354425132274628 2.692273773252964 18.35514570772648 47.12277813255787 16.40270105749369 32.01948865503073 101.0525957942009 245.6714245229959 31.07621181756258 80.28304549306631 2.07933285087347 2.200999237596989 3.762805923819542 3.188950322568417 13.789057277143 40.61470871418715 51.23814533650875 8.940719842910767 0.9979409128427505 115.3737765550613 34.99901919066906 99.8381572663784 10.77034072577953 70.79768967628479 1552.082955755293 1522.600226454437 33.49939238280058 935.5561730489135 12.0147435516119 0.1109584346413612 1.420671060681343 3.864766888320446 1.249970555305481 0 0.6984366476535797 0.5319221019744873 1.406346954405308 1.519046857953072 45.560303196311 50.31057389080524 20.29214634001255 12.76591073721647 19.55933854728937 0 9.033498913049698 45.68710181117058 1.61409105360508 0 0 0 0.5844142436981201 1.433866620063782 0 0.5054942965507507 2.074062362313271 0.8942609429359436 0.4336983263492584 3.133762016892433 4.181664019823074 7.58673570305109 6.809714689850807 0.2674742639064789 0.09690287709236145 0 0 0.4032029062509537 0.1160872504115105 0.9332901835441589 0.1219878494739532 0 0.883399024605751 1.109948627650738 0 0 0.1256815493106842 0.09699032455682755 0.6779621094465256 0 0.9192614704370499 0.2090021520853043 2.118075758218765 0.7815357744693756 0 0.3643077313899994 0 5.690306358039379 2.665507376194 10.3584261983633 2.326508142054081 1.111655063927174 2.157994091510773 0.7107908725738525 0.6450468897819519 0 0 0 0.5434290841221809 0.1307305991649628 1.250133872032166 0 0.3424277454614639 1.729363359510899 0.5787896886467934 2.489536792039871 0 0 0 0.7536895424127579 0 0 0 0 9.579073548316956 0.233594685792923 0 0.1731760650873184 0 0 0.1017591804265976 0.1167262345552444 0.3011250197887421 1.773305580019951 4.826518312096596 3.567864552140236 0.2462785542011261 0 2.672439262270927 2.561472274363041 0 2.290649443864822 0.1981445699930191 0 0 0 0.3685365617275238 0.1553857773542404 0 0 0 0 0.2025609388947487 0.8289317861199379 0.7076965346932411 2.138695806264877 2.338274762034416 5.272613503038883 171.0265553295612 12.76464951038361 202.3314726129174 42.87436109036207 14.45714673399925 9.928575716912746 1.497496716678143 43.71552890539169 8.501369066536427 0 4.356979295611382 1.726480707526207 2.671792462468147 1.633625686168671 0 0.5084204077720642 7.153244525194168 0.596097931265831 23.90888815373182 10.40280997753143
10.3728099167347 2362.423703469336 914.2552649006248 70.33566619455814 2537.206241108477 2.622011855244637 3264.774872541428 310.1850289255381 756.087998688221 415.0715837925673 929.1270211860538 47.53285919129848 788.0214785858989 1735.334024950862 7.601695537567139 0.722376711666584 0.4174260050058365 0 0 0 0.1078297793865204 0 0 0 0.2443732619285583 0 0 0 0 0 15.10531441122293 2.576710663735867 10.62216351181269 0 0 0.2166987061500549 2.905374526977539 1.323808796703815 0.7440977171063423 0.4654543846845627 0.3139011561870575 0.3837703242897987 0 0 0 0 23.15095666795969 0.1831983476877213 0.1963006556034088 0 0 0 0 0.3216950744390488 0.1080057621002197 0.2720839604735374 0.9364043921232224 3.054915964603424 3.211949318647385 5.340736158192158 0.1913960874080658 1.650631055235863 0.2042361050844193 4.240202635526657 0.4417917355895042 0.3603823706507683 0 0.08836033195257187 0 0 5.031601242721081 1.250720605254173 0 12.97994006425142 3.043868571519852 19.15550370514393 1.456397622823715 0 2.319916971027851 28.07018828392029 0.155026763677597 1.425047867000103 1.528399929404259 0 0.274136483669281 0.315159372985363 0.09553372114896774 0.08756832033395767 0.1231811940670013 0 0.1054865419864655 0.2401446923613548 0 0.316415548324585 0.4698933660984039 12.11043708026409 0.9132505655288696 0 0.7448361665010452 0.6236053332686424 2.031274542212486 0.1761323511600494 2.992208257317543 0.405039981007576 3.211579367518425 3.060094892978668 1.239357829093933 4.917274504899979 10.35890367627144 6.932994708418846 1.656981036067009 20.64160180836916 31.12549468874931 31.10158533602953 18.66699212789536 0 0 0 0 0.1036559641361237 0 0 0.1046896278858185 0 0 0 0 0.1174023523926735 0 0 0 0 0 0 7.740076825022697 1.250192262232304 0 1.300108194351196 0 8.126848421990871 1.095891669392586 7.789687901735306 0.3093720972537994 0 0.1224076971411705 0 0 0 0.3564219176769257 0 0 0 0.8496682047843933 0 0 0 0.7070153057575226 0 0 0.1171677261590958 0 0.3134237453341484 0 0 0 0 17.4924201220274 1.307399109005928 0 0 0 0 0 0 0 0 14.68668778985739 3.589969202876091 0.7916466593742371 0 0 7.750048473477364 0.543371319770813 2.617570355534554 0.4504916444420815 0.7425538077950478 0 0 0 0 0 0 0.3682811260223389 0.2889239490032196 0 0 0 7.037479594349861 2.973307467997074 2.062378510832787 103.4725960418582 2.400768585503101 50.93278676271439 12.15114868432283 7.971802279353142 4.60592233389616 0.1166569888591766 23.6660493016243 2.183770626783371 0 4.657917827367783 0.5890383720397949 5.243164822459221 0 0 0.4655596613883972 3.243694759905338 0 8.662637442350388 15.62265028059483
2250.617386527359 1056.67951412499 24.93070128560066 1457.788782812655 337.4289397597313 593.7488213926554 3854.152313247323 3.640195421874523 415.0715837925673 1348.314340211451 18.28027976304293 861.2734007686377 9362.349685706198 2729.059129424393 3.431931033730507 0.4894402772188187 0.8416856229305267 0 0 0.2576344460248947 0 0.8444310575723648 0 0.09984710812568665 0.2767539173364639 0.4363254606723785 0 0.5051845759153366 0 0 174.8837091624737 3.960667461156845 81.1465065330267 0 0.3152768313884735 0.2271520346403122 26.02498292922974 2.260164111852646 6.205744259059429 0.3168145418167114 0 0.3387937620282173 0.4835573062300682 0.1164668425917625 0.09685820341110229 0.115652434527874 48.17083837836981 1.271528415381908 0.2390511855483055 0.2106513455510139 0 3.276154816150665 0.2951524555683136 0.2903051599860191 4.053991138935089 6.10686868429184 128.8630057200789 46.30951739102602 35.33644177019596 27.21252689510584 0.1694912910461426 2.93786434084177 0.158418595790863 5.598701521754265 5.43081721663475 2.207256205379963 0.1955621540546417 0.3008841276168823 0.1110990196466446 0 84.33228639513254 26.66216666996479 0.5063541457056999 151.9276494458318 8.607130445539951 16.14838898926973 1.269941680133343 0 0.1209167689085007 3.670198284089565 0.2077784240245819 0.7481935322284698 22.56307178735733 0.3436362743377686 1.932545602321625 4.65277037769556 0.7704500705003738 1.085121482610703 1.286671295762062 2.399579294025898 0.3472450375556946 0.280475340783596 0 0.2377301603555679 0.3136759549379349 264.4917579293251 67.65797744691372 2.817963257431984 7.24099937081337 617.355357222259 6.565948978066444 21.78982069343328 58.22978962957859 35.3224672973156 18.0838093906641 53.46818873286247 42.39510869979858 28.38281458616257 116.4481738954782 93.75935800373554 4.015776947140694 225.9759698659182 378.5456540584564 240.9200482293963 69.94738449156284 0.9276444315910339 0.3584939241409302 0 0 0 0 0 0.2356048226356506 0 0 0 0 0 0 0 0 0 0 0 21.66914519667625 1.659386813640594 0 1.48237943649292 0 26.64869082719088 5.857499018311501 32.07019825279713 3.89958082139492 1.038289859890938 0 0 0.1059655845165253 0 0 0.1678439974784851 0 0.5508950278162956 3.646109253168106 0 0 0 0 0.1068061217665672 0 0.1617200821638107 0.09681346267461777 0.5968300327658653 1.181057497859001 2.20622144639492 0 0 42.38137148320675 7.072440609335899 0.1050986424088478 0 0 0.1042414084076881 0 0 0 0 51.21983744949102 16.11834651231766 0.8795289844274521 0 0 21.76043045520782 0 9.703436866402626 2.140383072197437 1.005345322191715 0 0.5214190781116486 0 0.6173407733440399 0.3363297879695892 0 0.690466046333313 0.1681999564170837 0.2573871612548828 0 0 81.1105127632618 17.65513768792152 12.47966174036264 404.504215374589 9.349299214780331 189.6695555374026 37.2762490734458 1179.583970561624 12.79345364123583 6.294352442026138 41.56863564997911 33.36692816019058 0.6426108777523041 16.14528624713421 11.84566628187895 242.2076205909252 0 9.619997337460518 3.721458911895752 4.099136874079704 0.2691654562950134 409.6727406904101 109.0975092351437
107.5807279497385 1547.362716086209 1343.797836318612 2.471194840967655 906.6891091912985 0.3170175999403 653.8545210286975 3134.457333683968 929.1270211860538 18.28027976304293 1892.366471141577 191.051954627037 943.0705984532833 4991.460652202368 38.25667285174131 4.348527602851391 0.6294134110212326 0.2733727544546127 0 0.3340664133429527 0.7936136722564697 1.690675601363182 0.1445440351963043 0 0.6533191055059433 1.111826129257679 0 0.1242100745439529 0 0.3207477629184723 265.9218907058239 67.01803309470415 422.0451887845993 0.09821674227714539 0.9996933490037918 4.223204620182514 33.70864927768707 13.35311584174633 8.091018423438072 1.234304420650005 2.921875789761543 5.063140548765659 0.1256581544876099 0.3823452666401863 0.3368446826934814 0.3659234195947647 85.75143440067768 1.174461357295513 0.1007195636630058 0 1.521093517541885 0.1051632538437843 0 2.453056491911411 0.852570153772831 1.799193173646927 10.05269544571638 23.76458322256804 7.076413244009018 17.70983647555113 4.045587219297886 54.08610685169697 1.051252715289593 36.72653874009848 1.159801334142685 0.5349552407860756 0.2652300968766212 0.255356602370739 0.1033522710204124 0.5844250470399857 40.18660797178745 1.384682379662991 0 54.60122412443161 11.044134773314 70.00103320926428 8.793329618871212 2.84935986995697 66.70516704022884 1329.377043701708 4.444689154624939 52.10775662213564 4.192604653537273 0 0.8682015016674995 1.397556737065315 0.649753026664257 0 0 0 0 0 1.478870823979378 4.088385351002216 2.045377351343632 8.40660584717989 3.640005573630333 0 0.4073493853211403 18.16125028580427 0.6789649575948715 0.4712953567504883 1.531836718320847 0 0 0 0 0.3758157193660736 1.884982645511627 0.7732133865356445 0 2.913229838013649 5.830339342355728 7.553225234150887 3.319139756262302 0.204342782497406 0 0 0 0 0 0 0.09895378351211548 0 0.1064124181866646 0.1076050028204918 0 0.134298175573349 0 0 0 0 0 0 1.817870825529099 0.4614199101924896 0 0.3503925204277039 0 3.827465996146202 0.5104583948850632 2.820392936468124 0.404790960252285 0 0.760210283100605 0 0 0 0 0 0 0 0 0 0 0 0.1120385974645615 0 0 0 0 0 0.141900822520256 0.1303205788135529 0 0 7.556666046380997 0.3330393731594086 0.4612937569618225 0 0 0 0 0 0 0 3.572124823927879 2.24040113389492 0 0 0.2164161428809166 2.360347524285316 0 1.300512313842773 0.365289568901062 0 0 0 0 0 0 0 0 0 0 0 0 2.254290670156479 2.385679602622986 2.506992124021053 288.4395084530115 5.275974653661251 166.8571818247437 39.51807614415884 14.23286698758602 12.82006245851517 0.1142798215150833 64.5560849532485 3.832046814262867 0 1.785365715622902 0.1540343761444092 0 0 0 0 10.51196637004614 0.1977599859237671 11.25752630084753 6.520625948905945
135.801437869668 87.13109385967255 26.91739238798618 652.3804243579507 132.9230223894119 87.63008186221123 649.7989208847284 23.53483390808105 47.53285919129848 861.2734007686377 191.051954627037 155.0107371211052 2047.862449415028 315.2242120653391 25.9982396364212 3.977360315620899 5.224241271615028 0.1778670400381088 0.4263215214014053 0.7892523854970932 0.5065272450447083 5.268345043063164 0.09902886301279068 0.1319984048604965 6.695188947021961 1.847980827093124 0 3.854091420769691 3.676019936800003 0 60.45102140307426 8.666869647800922 329.7771843373775 0.5827598795294762 1.067135348916054 5.372958302497864 215.0571244359016 71.79260031878948 66.06881199032068 10.24522392451763 2.042850777506828 4.24066449701786 0.4618837535381317 0.8478259742259979 1.404439955949783 2.852319568395615 27.25185001641512 0.192343533039093 0.5946661382913589 0.5496851056814194 0 4.351513721048832 4.087933301925659 6.876615613698959 0.2907590940594673 0.2876235619187355 15.88022435456514 3.986201100051403 2.332206577062607 3.191856421530247 1.334958754479885 91.1582682877779 1.857177332043648 10.66908890008926 0.08137723058462143 0.08239871263504028 0.09862822294235229 0.1109160855412483 0.2936736047267914 0.234518900513649 460.2570225521922 22.27457491308451 0.1187948659062386 12.50203784555197 2.946180462837219 14.04947236180305 2.563144184648991 0.9248787239193916 0.9623649716377258 45.92838679254055 0.4676496088504791 20.46570798009634 1.798035837709904 0 0 0.3345922902226448 0.2515999227762222 0.3513099849224091 0.6291936188936234 0.8143887147307396 0.324059396982193 0.2259853333234787 0 1.0579624325037 4.163704492151737 979.6262000948191 277.7454300224781 0 39.46627422422171 72.18844445794821 3.756379269063473 11.51949125528336 14.60366190969944 3.056266114115715 10.40926314890385 19.69094456732273 20.07670833170414 13.33003179728985 51.43659910559654 59.13196383416653 3.999149486422539 125.0420509725809 254.7967661544681 191.4505354911089 63.06674135476351 0.3014545291662216 0.2641721367835999 0 0.2782121896743774 0 0 0.2756620198488235 0.2723718881607056 0.1079322695732117 0 0.1362925171852112 0 0 0.123877190053463 0 0 0.4248853474855423 0.2749988585710526 0.129446268081665 18.84949411451817 1.984205260872841 0 0.2057576477527618 0 25.18580832332373 6.454124018549919 20.92660213261843 2.853778906166553 0.5898798927664757 0.2656323835253716 0.132622092962265 0 0 0 0.1327564716339111 0 0 1.703613102436066 0 0 0.2981034070253372 0.6609222590923309 0.1129606813192368 0 0.1289111822843552 0 0.7548206597566605 1.669939421117306 1.287656180560589 0 1.565038621425629 34.33719731867313 2.020549848675728 0.6236020922660828 0 0 0 0 0 0 0.1375761777162552 53.48345972597599 22.88714416325092 1.724446579813957 0 0.1114666685461998 17.03390032052994 0.2737069427967072 9.068736061453819 1.286199249327183 1.311159640550613 0.3555361330509186 0.1878962069749832 0.9178209900856018 0.2557166516780853 0 0.3744194954633713 0.1896997094154358 0 0 0.1389141082763672 0 66.38005001842976 11.27166974544525 14.97849204391241 372.7389913350344 6.780063696205616 88.86704984307289 42.11506015062332 312.6366420984268 4.438373990356922 0.1885730922222137 18.17577447742224 12.30842763185501 0 10.94757573306561 1.439842328429222 81.29433079063892 1.218182191252708 2.075336217880249 3.184735745191574 10.50647019594908 0.8672907650470734 264.974079221487 120.3408882021904
152.2529350817204 599.9999174028635 149.3736907243729 1099.995527274907 378.4858349636197 113.404698766768 2420.324510112405 79.15660843998194 788.0214785858989 9362.349685706198 943.0705984532833 2047.862449415028 1365.881910935044 3796.414188593626 61.58836363255978 7.507586628198624 6.977857336401939 0.4090708047151566 0 0.5198324099183083 0.4207122176885605 6.508085258305073 0.3199128806591034 0.1311242282390594 12.65384458750486 4.859525747597218 0.3503298535943031 3.626411773264408 5.72939295321703 0 80.7083118185401 19.30270699411631 980.6735364124179 1.436060771346092 0.377031683921814 13.50323129445314 504.4035935327411 186.7039970457554 216.3645499572158 33.19598893076181 2.26790239661932 9.442971281707287 0.8373249992728233 1.280999675393105 1.392988234758377 4.734683141112328 79.04234785586596 0.3598131164908409 1.644881814718246 0.5080934017896652 0.181300051510334 4.003167375922203 2.866879992187023 9.426625832915306 0.3998056724667549 1.163725264370441 18.61650148779154 12.04145386070013 5.978327609598637 12.51103043556213 3.445923395454884 222.977965041995 5.104448154568672 35.23546230792999 0.3751712441444397 0.8039091527462006 0.2015265300869942 0.07491741329431534 0.6049244552850723 0.3812491670250893 466.4480762407184 26.66610127687454 0.1500626057386398 35.18537923693657 8.346895307302475 55.84613721817732 6.42539544403553 2.038512043654919 5.490717299282551 132.3771076574922 0.3970167115330696 47.6539314687252 5.694835089147091 0.261166512966156 0.32308179885149 0.8191813826560974 0.4840133860707283 0.2490649297833443 0.7346428111195564 0.7621664479374886 0.4065405502915382 0.9786284491419792 0 2.106613181531429 4.594648763537407 1187.059555508196 247.9118994995952 1.302161455154419 41.84697138518095 70.7439296245575 14.76788069307804 26.89324082434177 54.2287687510252 7.296422302722931 29.82169611752033 43.16128222644329 45.499586597085 38.20521169900894 152.1664787381887 142.8294025063515 11.54041439294815 291.1431666985154 666.2373159229755 475.2084829211235 209.2412312850356 1.816002957522869 1.207082577049732 0.1614901721477509 0.2453737482428551 0 0 0 0.1267450749874115 0 0.252692848443985 0.1178127154707909 0 0.2464847043156624 0 0.7078976556658745 0.3961372375488281 0.4793093577027321 0.5420300662517548 0.2309397459030151 40.37416896224022 8.241654917597771 0.10636867582798 2.147688992321491 0.2093504816293716 78.49558959156275 10.68965759128332 77.11348539590836 12.59184712916613 0.9788793176412582 0.1921532973647118 0.2247887700796127 0 0.4511965811252594 0 0.3008075803518295 0.3161662518978119 2.961915902793407 2.739182949066162 0 0.4768687784671783 1.069306619465351 1.383802957832813 0.2409414127469063 0.158375084400177 0.4484622776508331 0 2.486833974719048 2.971061810851097 1.302101239562035 0.949754536151886 3.080116719007492 116.5942769423127 10.5504948720336 1.80991917848587 0.0986524298787117 0 0 0 0 0 0 130.7816106379032 49.35060714930296 4.537616565823555 2.008324906229973 0.2531864643096924 53.58100701123476 1.464791715145111 29.1864808127284 6.17047867923975 4.430256500840187 1.219280377030373 0.9509185180068016 0.2489900588989258 0 1.348714768886566 0.9352043569087982 1.081747651100159 0.7005306035280228 0 0.2076075002551079 0.1935781836509705 128.5106955096126 28.02792734652758 38.07677405327559 694.3747089803219 13.09787491708994 214.3805408552289 82.90005764365196 403.8008216917515 13.61654394865036 8.541634246706963 71.09512785077095 32.01798632740974 0.5030380338430405 31.70477746427059 20.13545297086239 200.8018979728222 5.972424164414406 12.8953657746315 1.598509132862091 17.93587455153465 0.7950061857700348 330.5951217785478 237.4372207671404
