487.5503952354193 2569.250424578786 339.2465865686536 2294.444853797555 36.09332853555679 57.25944581627846 319.1982115060091 154.7514726892114 67.81212873756886 1819.369421377778 120.9223803654313 176.5216107442975 111.2468710690737 257.8163222596049 2.582299128174782 0.9918935596942902 1.428047865629196 0.3598428815603256 0.1863484978675842 0.4271291494369507 0.3601348772644997 0.231997013092041 0.3625288158655167 0.4039217978715897 0.2365527898073196 0 0.5226578637957573 0.08276824653148651 0 0.1564590856432915 682.9308319315314 7.916181333363056 49.63546407222748 0.08671916276216507 0.2054946422576904 0 11.63101901113987 0.3911147564649582 0.3439527451992035 0.3963611871004105 0 0 0 1.243080295622349 0 0 12.57890726625919 0.07645574957132339 0.3046199828386307 0.3543371483683586 0.1213687360286713 0.1822390854358673 0 0 6.096213139593601 9.828785017132759 258.1697208359838 506.9002995416522 52.76408345252275 28.62545916438103 0.7040157318115234 3.681468136608601 0 46.98144240677357 4.465280495584011 0 0.4269401505589485 0.3373219072818756 0 1.317415490746498 18.51924262940884 3.633914053440094 0.5046423971652985 157.1811911463737 32.56519252806902 39.11331281065941 21.78280986100435 5.696174085140228 6.847938783466816 57.03824177384377 1.492559045553207 21.20032238215208 6.584757044911385 0.3203494399785995 0.08563078194856644 2.371203906834126 0.3030596822500229 0.1361277997493744 0.3342353478074074 0 0.1200091317296028 0.3496120646595955 0.903510682284832 0.1224343776702881 0 41.90599379688501 3.190097644925117 0 1.586602851748466 1137.961062952876 0 0 1.976763091981411 2.261758625507355 0.08855699747800827 0.853123813867569 0.7545436322689056 1.816708624362946 6.682409077882767 3.312278375029564 0 2.033051177859306 1.213925302028656 0.2240887060761452 1.532354012131691 0.1342520862817764 0 0.2124770879745483 0 0 0 0 0 0 0 0 0 0 0 0 0 0 0 0 0.4101254045963287 0.1051559895277023 0 0 0 0.1426431238651276 0.401775449514389 0.4402001202106476 0 0 0 0 0 0 0 0 0 0 0 0 0 0 0.4522662460803986 0 0 0 0 0 0 0 0 1.601863384246826 0.1215051636099815 0 0 0.1076783016324043 0 0 0 0 0 0 2.351606801152229 0.2317043393850327 0 0 0 0.157071128487587 0 0 0 0 0.102426640689373 0 0 0 0 0 0 0 0 0 0 1.091265596449375 0.6829379349946976 0.411554753780365 15.00781136751175 1.374521911144257 282.8657746091485 7.816189877688885 874.8313500359654 33.97123532742262 1.699258863925934 1.29251591861248 0.3866289854049683 0 1.425033658742905 0 5.511291608214378 0 0 0 0 0 85.26924800127745 1.256941005587578
2569.250424578786 1558.54321269691 974.2547917664051 851.5173263251781 534.3776109665632 23.5262143611908 679.3633584752679 208.8270506709814 1046.169839024544 1124.924567580223 374.6014484763145 205.843199647963 1363.748032294214 1499.787576362491 17.51189033687115 1.905986703932285 3.940983079373837 0.953229121863842 0.2246013134717941 0.657557524740696 0.4431120753288269 0 0 0.1892311200499535 0.2594107165932655 0 0.5135602131485939 0 0.2208575159311295 0.0996512696146965 1456.538837231696 61.20235801488161 42.97887109220028 0.2105229198932648 0.1572293639183044 0.1081384718418121 10.10463717579842 1.408608123660088 0.315035492181778 0.09557348489761353 0.185788981616497 0.3404507264494896 0.1104993373155594 0.7466289773583412 0 0.699807845056057 71.09096401184797 0.7869009003043175 2.167650118470192 1.580524668097496 0.2210522145032883 0.4113292396068573 0 0.4559395685791969 13.51934906095266 15.77709913998842 226.5610249266028 699.5707708001137 86.79591824114323 91.02105881273746 1.447879299521446 5.732683800160885 0.2107447236776352 251.3838516026735 6.509391151368618 0.3102294057607651 0.2551154866814613 0.8374844044446945 0.8753373175859451 0.573147788643837 16.46087664365768 0.2284832000732422 0.31959068775177 294.2633730769157 116.2026716470718 155.0549714043736 114.9054862260818 23.15958797186613 7.884643688797951 32.20848804712296 2.670881398022175 17.89636422693729 14.49301424622536 0.3754628896713257 0.7897062450647354 4.649079024791718 0.5663250386714935 0.1138112917542458 0.623898521065712 0 0.2413366436958313 0 0.4734478369355202 0.135183721780777 0 106.9145442694426 0.2915293201804161 0 0.5255404189229012 942.4696273729205 2.625371299684048 17.72898676991463 61.90374790877104 8.060452416539192 7.105916380882263 133.0155318826437 15.74007932841778 112.4187369942665 45.58246705681086 99.26702522486448 14.88248524814844 149.8184067606926 80.4500737786293 31.33236965537071 46.14385010302067 1.626051038503647 0.3795249164104462 0 0 0 0 0 0 0 0 0 0 0 0 0 0.2476906105875969 0.09088148176670074 0 0 7.346386715769768 3.289493381977081 0 0 0 2.773005001246929 0 2.723492577672005 0.1322624981403351 0 0.1131274625658989 0.08032764494419098 0 0 0.2220177799463272 0 0.2393033057451248 0 0.9008328318595886 0 0 0 0 0.1148431673645973 0 0 0.1136384531855583 0 0.7818473428487778 0.5790310055017471 0 0 6.265756756067276 0.2445128411054611 0 0.1140454784035683 0 0 0 0.3544410467147827 0 0.1562256664037704 52.66533543169498 2.672303564846516 1.144475981593132 0.3985768184065819 0.1182604283094406 9.07158474624157 0.1041125804185867 1.277127623558044 0.07021719962358475 0.4515422880649567 0.8425240740180016 0.2235046774148941 0.5561838522553444 0 0.191593199968338 0.2371149957180023 0 0.1042884141206741 0 0.1183899343013763 0 76.97563326358795 1.545143201947212 3.574159897863865 164.4105901867151 5.007725797593594 710.2149742543697 43.3373232409358 389.1345660760999 58.95779690146446 1.034528523683548 6.166655451059341 5.100152604281902 0.2537895441055298 4.467344425618649 0.8421993628144264 57.02423828095198 0 2.160893678665161 0 0.7871115654706955 0 208.9825966954231 24.99815312772989
339.2465865686536 974.2547917664051 485.5049505010247 9.812970221042633 265.6935273855925 1.423418819904327 29.1969163492322 1847.985309131444 703.3861173465848 6.800231136381626 954.5886111706495 7.017013423144817 55.25861135870218 1239.555163383484 8.678214229643345 4.209114089608192 5.264911971986294 0.5880915597081184 0 0.7053429782390594 2.747220441699028 0.09459512680768967 0.894388347864151 0.3628388494253159 0.7710793539881706 0.592352606356144 1.135539263486862 0.1242744326591492 0.1175315603613853 0.9283757880330086 2624.393354564905 277.8700931146741 43.42837752401829 0.2462615594267845 0.8149214014410973 0.3354598879814148 6.170999146997929 0.4883909821510315 1.000164538621902 0.4914437755942345 1.260410107672215 0.5116804987192154 0 0.9556738138198853 0 0.7399972751736641 31.39912824332714 0.6852242574095726 1.227972842752934 1.229116253554821 1.39263927936554 0.2235244140028954 0 0.2137295603752136 3.737223953008652 5.727899707853794 141.0826767757535 546.7123373448849 37.47420481592417 33.26517119258642 2.896091803908348 9.900917135179043 2.076187252998352 331.5417142882943 2.749101594090462 1.168274872004986 0.4594430029392242 2.010972373187542 1.878910578787327 1.519473351538181 19.28318477421999 1.620966285467148 0 134.2970156893134 58.13249080628157 55.43157511204481 49.2181908339262 13.1726056933403 51.48427822440863 198.3310389742255 2.080647334456444 124.0057868808508 5.189347222447395 0.1090615019202232 0.5531473681330681 1.35512813180685 0.9634332060813904 0 0.3492386415600777 0 0 0 3.85753345489502 0.3803562074899673 0 13.19870661944151 0 0.1741457730531693 1.516991674900055 264.7780702635646 0.09078484773635864 3.511279374361038 11.74863425642252 0.6399152278900146 3.099751189351082 27.50381668657064 2.087085232138634 30.99622592329979 6.108784683048725 14.00969801843166 3.995700888335705 36.73233167082071 20.15709793567657 13.3413734510541 18.8451986759901 0.08409719169139862 0.0991378128528595 0 0 0 0 0 0 0 0 0 0 0 0 0 0 0 0 0 2.424847073853016 0.494963139295578 0 0 0 1.517435602843761 0.6679214239120483 0.9983804300427437 1.406487800180912 0.1348169595003128 0 0 0 0 0 0 0 0.4071322083473206 0.9461295828223228 0 0.09648972749710083 0 0.1389780640602112 0 0 0 0 0 0 0 0 0 3.299697399139404 0.1131850481033325 0 0 0 0 0 0 0 0 22.10879175364971 0.1524670422077179 0 0.1490676403045654 0 3.988098658621311 0 0.7458346784114838 0 0 1.076014012098312 0 0.07922869920730591 0 0 0 0 0 0 0 0 15.47912817448378 1.305829733610153 5.70707293599844 63.58145364373922 3.036123141646385 272.4839390292764 17.35350428521633 47.6084386780858 22.79182044416666 0.168609082698822 5.149103760719299 2.188115641474724 0 1.559327267110348 0.1829287484288216 4.242707625031471 0 0 0 0.1254367381334305 0 12.23781607300043 2.915195435285568
2294.444853797555 851.5173263251781 9.812970221042633 319.7133742570877 2.578034736216068 83.29329110682011 201.744095697999 0.9380710646510124 1.35163114964962 1152.26501262188 1.231392666697502 266.8187148422003 265.5040614455938 60.2748314216733 0.2918083220720291 0 0.7030638754367828 0 0.1120949015021324 0 0 0 0 0.1276856660842896 0 0 0 0 0 0 53.46558536589146 0.5679102391004562 0.5160156786441803 0 0 0 0 0 0 0 0 0 0 0 0 0.0833507776260376 3.23541921377182 0 0 0 0 0 0 0.1190448626875877 0.5139394402503967 0.4702275693416595 55.69437561184168 83.88683332502842 14.70872268825769 7.495245382189751 0 0 0 11.50153288990259 0.9139547199010849 0.1039960160851479 0 0 0 0 0.8991657942533493 0 0 30.6657906472683 8.058260358870029 8.636594228446484 8.029874436557293 1.05186503380537 0.2102826833724976 0 0.2477591633796692 0.8268099278211594 2.272092431783676 0.1127718985080719 0 0.5170867815613747 0 0 0 0 0 0 0.2054225206375122 0 0 10.15696553140879 0 0 0 620.1855988949537 0.9936075806617737 2.343993723392487 5.984348431229591 1.2774867862463 0.1143206208944321 21.72964614629745 3.200812578201294 4.719857856631279 18.45227307081223 6.757952153682709 0.3843183889985085 14.04589764773846 15.82395181804895 1.926719650626183 0.6704137474298477 0 0 0 0 0 0 0 0 0 0 0 0 0 0 0 0 0 0 0 0.1911378800868988 0 0 0 0 0.2714274227619171 0 0 0 0 0 0 0 0 0 0 0 0 0 0 0 0 0 0 0 0 0 0 0 0 0 0 0 0 0 0 0 0 0 0 0 0 1.214550949633121 0 0 0 0 0 0 0 0 0 0.4704278707504272 0 0 0 0 0 0 0 0 0 0 3.014146253466606 0.679297149181366 0 2.015863955020905 0 62.74684837460518 0.5063579976558685 669.6709816902876 3.621631726622581 0 0 0.6204304099082947 0 0.213724821805954 0 17.56501812487841 0 0 0 0 0 121.2085198760033 7.182710215449333
36.09332853555679 534.3776109665632 265.6935273855925 2.578034736216068 152.8684328645468 3.122246518731117 114.526282414794 217.2820285707712 842.1785079836845 78.11248458921909 138.572260402143 11.95197586715221 315.9386536106467 960.2624668329954 13.15638741105795 1.738635808229446 3.815647415816784 0.6630410626530647 0.1210877671837807 0.2903329879045486 0.5658531710505486 0 0.09535840153694153 0.3064659833908081 0.08673094213008881 0.08518252521753311 0.08173948526382446 0.18403110653162 0 0.09086160361766815 144.0096488595009 78.64244359731674 15.17952039092779 0.104964591562748 0 0 1.067460834980011 0.0943974107503891 0 0.08820110559463501 0 0.3222759664058685 0.0828455463051796 0.2096550539135933 0.08279972523450851 0.09719535708427429 53.61304651200771 0.5425999537110329 0.6693850755691528 0.5305032879114151 0.604666031897068 0.130435585975647 0 0 2.238286860287189 5.288381889462471 44.02720528841019 116.0348649695516 23.78378419578075 37.34380570799112 0.3416518494486809 3.163009569048882 0.2244596779346466 99.90052402764559 3.713058069348335 0.4916535094380379 0.1982070803642273 0.4432612955570221 0.4298459589481354 0.5190316587686539 15.42013207823038 0 0 81.32610257714987 33.95882015675306 67.80631329864264 58.12589980661869 14.27140955626965 3.362077884376049 20.51151990145445 2.100750751793385 6.905572950839996 5.243924655020237 0 0.2768246829509735 1.992258757352829 0.2963253408670425 0 0.1899024769663811 0 0 0.1243795230984688 0.6465268582105637 0 0 45.87872409820557 0 0 0.617923341691494 7.156591013073921 0.1100198477506638 4.287729673087597 30.80828587710857 4.971703566610813 8.976160727441311 56.80593583732843 6.500420324504375 63.04715173691511 16.22583020478487 41.76933518052101 8.515214398503304 78.89071776717901 49.74231106042862 20.32697943598032 46.46413617581129 0.3941335678100586 0 0.1084669455885887 0.2854158282279968 0 0 0 0.3250045776367188 0 0.09723273664712906 0 0 0 0 0 0 0 0.2624694406986237 0 4.076979324221611 2.336401492357254 0 0 0 3.810651876032352 0.2919937074184418 1.965978123247623 0.1203109174966812 0 0 0 0 0 0 0 0 0 0.4018265083432198 0 0 0.1563195437192917 0 0 0 0 0 0 0.1058890745043755 1.41062593460083 0 0 9.381138898432255 0.4930010288953781 0 0 0 0 0 0 0 0.2021175622940063 53.54108352214098 2.112959980964661 0.3004339933395386 0 0 4.18056945502758 0 0.290147989988327 0.2027065306901932 0.2009098082780838 0.2589274048805237 0.2281320989131927 0.6056593656539917 0 0 0 0 0 0 0 0 44.5331407263875 2.639300227165222 1.384393595159054 165.9562956243753 1.876568101346493 310.866343639791 34.3482963591814 38.44962046295404 30.37127692252398 0.8198374584317207 6.968817122280598 2.269298851490021 0 4.267750278115273 0.1141314581036568 16.99147469550371 0.8767776936292648 0 0 0.9827902913093567 0 43.8091369792819 7.53007411211729
57.25944581627846 23.5262143611908 1.423418819904327 83.29329110682011 3.122246518731117 0.1821915656328201 11.69302901625633 0.7826269865036011 3.90041583776474 489.7203523516655 0.1720535755157471 39.30756868422031 16.44429607689381 12.99647881090641 0 0 0 0 0 0 0 1.251409158110619 0 0 0 0 0 0 0 0 3.143885344266891 0 5.060079842805862 0 0 0 1.979493089020252 0 0.1720241606235504 0 0 0 0 0 0 0 0 0 0 0.09844455122947693 0 4.298181615769863 0 0 0 0.1256019175052643 40.1261920183897 10.05840975046158 0.4443759471178055 0 0 1.26788729429245 0 0 0 0.2790339291095734 0.1334751099348068 0 0 0 45.64343927800655 86.35907602310181 7.015911221504211 1.784109354019165 0 0.2058631926774979 0 0.1646445542573929 0 0.8919842541217804 0 0.2008586972951889 0 1.370613694190979 0.120581291615963 1.182092197239399 0.2224069982767105 5.162675179541111 2.118619598448277 3.226160183548927 0.1223528981208801 0.2419740110635757 0 0.4510193765163422 0 182.8451202884316 30.90298941731453 2.330101191997528 3.372921973466873 177.0110201239586 0.2286434024572372 0.5321733057498932 2.383186750113964 1.531252130866051 0 6.696223147213459 1.307633765041828 1.545001938939095 1.928343124687672 3.0436906889081 0.1216333732008934 3.817184790968895 2.842886604368687 0.433710128068924 0.3502748608589172 0 0 0 0 0 0 0 0 0 0 0 0 0 0 0 0 0 0 0 1.332051157951355 0 0 0 0 0 0 0.1646986603736877 0 0 0 0 0 0 0 0 0 0 0 0 0 0.2735972106456757 0.2654774188995361 0 0 0 0.1093832477927208 0 0 0 0 0 0 0 0 0 0 0 0 0 0 0 0.6219213604927063 0.5874247699975967 0 0 0 0.7015919089317322 0 0 0 0 0 0 0 0 0 0 0 0 0 0 0 1.168487012386322 0 0.7764268219470978 0.5401511192321777 0 2.050974637269974 0.1335365325212479 527.0933262184262 0.3917235732078552 0 0 0.8629211783409119 0 0 0 10.24288592487574 0 0 0 0 0 166.2218695059419 3.984673403203487
319.1982115060091 679.3633584752679 29.1969163492322 201.744095697999 114.526282414794 11.69302901625633 154.0124292224646 9.981100581586361 523.3392613977194 839.1685628220439 4.734085038304329 198.7257504761219 1620.169247925282 397.4539016857743 4.579103104770184 0.696933314204216 1.361767970025539 0 0.4112688973546028 0.2306975275278091 0.1069581657648087 0 0 0.1962985917925835 0 0 0 0 0 0 48.17314966768026 19.35872795432806 9.845618784427643 0.1052932366728783 0 0 0.5423986613750458 0 0.1782243251800537 0 0 0 0 0.2223245874047279 0 0.1728201657533646 20.92863637953997 0.5044417232275009 0.1943655014038086 0.2575653269886971 0 0 0.1163275837898254 0.3030699491500854 1.609185755252838 3.889517433941364 22.12059061974287 61.91443018615246 12.62002743780613 13.30903263390064 0.1108812466263771 1.565748937427998 0 42.44772576540709 2.106872141361237 0 0 0.543574295938015 0.5219939425587654 0.0875345841050148 6.674660250544548 0 0 51.05200212448835 16.11705184727907 29.52271535247564 27.53497320413589 4.308502525091171 0.8931730911135674 2.788307316601276 0.9801633730530739 3.624939329922199 2.146879605948925 0.130850151181221 0.09379874169826508 1.029695697128773 0.4510517194867134 0 0 0 0.1339578330516815 0 0.09751240909099579 0 0 91.80748092383146 0.09529001265764236 0 0.1254527866840363 39.12212730944157 0.2151761949062347 13.25967837870121 40.49773409217596 12.98433117568493 6.856393113732338 95.89125879108906 10.86938147991896 74.27711164206266 28.15855845063925 70.90236378461123 11.62187270820141 107.6540314629674 56.05564611405134 28.2244291305542 35.94958157092333 0.200179360806942 0 0 0.1208666115999222 0 0 0 0.3611668050289154 0 0 0 0 0 0 0 0 0 0 0 2.559946030378342 0.2251126393675804 0 0 0 3.369902782142162 0.1158802732825279 2.030892573297024 0 0 0 0 0 0 0 0.1403200030326843 0 0.08338267356157303 2.415057346224785 0 0 0 0.1208976805210114 0 0 0 0 0 1.166866451501846 0.3988078385591507 0 0 2.398791946470737 0.4374710619449615 0 0 0 0 0 0 0 0 40.51250482350588 2.62866897135973 1.654336243867874 0.1300684958696365 0 5.587262861430645 0.1065319553017616 0 0 0.8244981616735458 1.239231340587139 0.1064648628234863 0.4841564893722534 0 0 0.9256151467561722 0.5730752795934677 0.1160940155386925 0 0 0 52.2904500067234 1.755708336830139 0.8555436283349991 68.16864281892776 0.6822573840618134 147.7233088985085 11.10180607438087 61.11621801555157 13.55710131675005 3.224625945091248 2.483478054404259 4.888068944215775 0.1198130026459694 1.278702482581139 1.9955864995718 24.73937281966209 0.3179794549942017 0 0 0 0.2444558441638947 101.7675778344274 21.78832010179758
154.7514726892114 208.8270506709814 1847.985309131444 0.9380710646510124 217.2820285707712 0.7826269865036011 9.981100581586361 1452.038529932499 1002.61956281215 1.962311744689941 2593.733248911798 12.53240343183279 60.87652955204248 1582.590538643301 31.97944869101048 19.3084245249629 17.93535163253546 4.068059682846069 0.9678207486867905 6.156136080622673 20.13981055468321 1.606251396238804 5.355411633849144 3.127912998199463 3.44754534214735 2.2285390868783 5.341591104865074 1.901079446077347 1.022998571395874 2.336245082318783 1479.463950499892 2905.3100136742 115.1354185566306 5.389457985758781 7.481706477701664 1.140864923596382 13.94403286278248 5.818435572087765 3.255864873528481 5.417990952730179 7.370173513889313 0.8796897009015083 2.408414371311665 6.198677085340023 0.7924345433712006 10.67044083029032 73.63414122164249 1.805765442550182 2.967774711549282 5.424882344901562 7.438884302973747 1.278800785541534 2.722776547074318 1.835941225290298 3.683766283094883 6.648928254842758 84.0657726302743 347.9275955185294 27.48856594413519 43.92964313179255 64.78217748552561 53.02202668786049 16.09328983724117 459.2825923338532 2.590299785137177 1.916522659361362 1.318508245050907 7.49697607755661 7.950126521289349 12.48953198641539 37.0433589220047 1.388173893094063 0.09657707810401917 119.1754384711385 71.95630759745836 100.8141316138208 237.3102912083268 199.7456318214536 900.7766491100192 1228.324224919081 22.31964887678623 1236.570129953325 6.754684045910835 0.258337676525116 2.07322708517313 1.714118339121342 8.046489328145981 0 0.7622412145137787 0.3754235729575157 0.08091761916875839 0.09473521262407303 16.8889541476965 1.223250448703766 0.7774084284901619 35.58480394631624 1.348806440830231 0.1695819795131683 2.85535804182291 78.4048772752285 0.9684192016720772 0.9669244289398193 8.471553727984428 1.586002945899963 2.17903059720993 20.74842654168606 1.429598070681095 18.36339127272367 4.263588942587376 10.45178187638521 4.004057332873344 22.45160737633705 15.9006809592247 6.862350665032864 26.76414135843515 0.802907221019268 1.702788561582565 0 0 0 0 0 0 0 0 0 0 0 0 0 0 0 0.3921816647052765 0 4.478457525372505 0.3865536451339722 0 0 0.1054821088910103 3.257553569972515 0.2562349140644073 4.87997829169035 1.849828720092773 0.1565239131450653 0 0 0 0.1108149513602257 0.1781489849090576 0 0 0 0.8017835840582848 0 0 0.4963875412940979 1.023768216371536 0.1019740253686905 0 0 0 0.3224451690912247 0.2037731111049652 0 0 0 7.926451250910759 0 0 0 0 0 0 0 0 0 28.61748250573874 0.8682839721441269 0.2408911064267159 0 0 4.331235259771347 0 2.491225212812424 0 0.1604549437761307 0.4450845643877983 0 0 0 0 0.1912846714258194 0 0.08751281350851059 0 0 0 18.25204441696405 3.69186082482338 6.093575149774551 191.420730099082 2.843110293149948 414.0857589021325 56.71146828681231 40.43975570052862 27.6696058511734 0.1550000905990601 9.672892570495605 3.082449957728386 0 4.804864771664143 0.5026497840881348 3.914494514465332 1.209136962890625 0 0.9597628265619278 0.3041420131921768 0 16.32485087960958 1.135948210954666
67.81212873756886 1046.169839024544 703.3861173465848 1.35163114964962 842.1785079836845 3.90041583776474 523.3392613977194 1002.61956281215 879.8548830002546 464.6858257949352 1304.486423932016 136.5560729205608 1467.65235029161 1760.337712429464 19.80749064683914 1.66983437538147 8.142686136066914 0.1837366446852684 0.2056176885962486 0.5547759607434273 0.5852374583482742 0 0.2973215356469154 0.4891454800963402 0.3400650545954704 0.2210098206996918 0.2574895173311234 0.4398316219449043 0.3017338365316391 0.2411171793937683 137.9293077141047 115.8422321006656 30.64117377251387 0 0.3755746111273766 0.1691715717315674 6.74599900841713 1.009488627314568 0 0.1355477124452591 0 0.08381008356809616 0.2000592276453972 1.078817330300808 0 0.4751175343990326 50.31042140722275 0.7312229871749878 0.6166996136307716 0.5739650055766106 0.1353247165679932 0.2528333514928818 0.6021567583084106 0.09311582148075104 3.516484446823597 4.134461589157581 31.09158675372601 75.40461160242558 23.20133316516876 35.52371918410063 0.5489601790904999 2.94159047305584 0.1432765126228333 80.01466512680054 2.35381256788969 0.07319388538599014 0.08564116805791855 0.5916397050023079 0.8298411145806313 0.4074732214212418 26.45093056559563 0.3173992335796356 0 72.87129659205675 29.67530415952206 67.24128726869822 56.00677910447121 20.40781151503325 7.98273541778326 31.36772006005049 1.522779077291489 15.34892828017473 3.241999194025993 0.09791112691164017 0.7063375860452652 1.098786354064941 0.8383271843194962 0.1923258453607559 0.2905082628130913 0 0 0.09144385904073715 0.5157270357012749 0.64637590944767 0 94.86814579367638 1.336822971701622 0 0.5951007902622223 12.73101149499416 1.26801423728466 10.2978128567338 37.52113895118237 5.17748686671257 9.380693018436432 102.4833142161369 12.20329564809799 92.35795231163502 28.48782902210951 66.82518200576305 17.88962496072054 126.7845741286874 76.10833556205034 42.14750684052706 56.63379132002592 0.9770163968205452 0.1086880564689636 0.4440194293856621 0.3001610934734344 0 0 0 0.2418149039149284 0 0.2148688435554504 0 0 0 0.09995818883180618 0 0.1941194534301758 0 0.1469371318817139 0 6.147517636418343 2.823206909000874 0 0 0 5.643674977123737 0.1369579434394836 4.286235496401787 0.8614230453968048 0 0.175231471657753 0 0 0 0 0 0 0 0.8969192430377007 0 0 0.6074632480740547 0.0917915552854538 0.5494758188724518 0 0 0 0.1175033077597618 0.5975770205259323 0.8613088876008987 0.1304508149623871 0 7.742894649505615 0.7705195769667625 0 0 0 0 0 0 0 0 76.0169306397438 4.905672207474709 1.223456516861916 0.3808561563491821 0 8.163665406405926 0 0 0 1.030435666441917 2.329144015908241 0.3758202791213989 0.09694035351276398 0 0 0.329312726855278 0 0.2041710168123245 0 0 0 65.36512254178524 3.899506285786629 3.668269082903862 243.6514114588499 2.591875784099102 322.1759242042899 51.48638458549976 49.60058379173279 34.68613865971565 0.8498494625091553 10.33384051918983 8.923211276531219 2.35468864440918 6.32063290476799 3.13297076523304 21.35105872899294 0.4949023425579071 0 0 0.1857059895992279 0 82.68054347485304 17.93102472275496
1819.369421377778 1124.924567580223 6.800231136381626 1152.26501262188 78.11248458921909 489.7203523516655 839.1685628220439 1.962311744689941 464.6858257949352 437.4196031466126 33.12215533852577 520.8166758492589 1948.72065705806 866.3353921994567 0.6554215252399445 0.1270258724689484 0.9651447758078575 0 0 0 0.1285761445760727 0.1714096218347549 0 0 0.1380656212568283 0 0 0 0.1632481217384338 0 51.42948590964079 2.593566656112671 36.74405479431152 0 0 0.2202364057302475 17.15431448072195 0.4999496638774872 2.949778072535992 0 0 0.09077320247888565 0 0 0 0 4.937416195869446 0 0 0 0 1.235449440777302 0.08683036267757416 0 0.3262697160243988 0.4507949650287628 50.14086370915174 69.81368776410818 8.151818759739399 7.370603188872337 0.1136883869767189 0.7350285202264786 0.1865305453538895 16.25602808594704 0.4245949685573578 0.1010474041104317 0 0 0 0 183.6270028650761 11.2302567884326 0.4428277313709259 22.76376696676016 10.85127771645784 12.61412503570318 7.035369582474232 1.806554958224297 0.2966919243335724 3.43066082149744 0.1211182773113251 1.632300086319447 1.7045838534832 0.2918576300144196 0 0.355721727013588 0 0.9591178894042969 0.4282579720020294 0.1503771096467972 0.2734233140945435 0.4464548826217651 0.2063938826322556 0.1401099413633347 0 289.1711526811123 34.22568352520466 3.685245707631111 15.5300827473402 816.4163929522038 1.65420700609684 37.76452422142029 144.6879539936781 29.07895884662867 14.22069552540779 250.3201215267181 48.34716155380011 189.9567163065076 93.02928981184959 256.2587150484324 23.15030107647181 284.3558108359575 176.8102141097188 73.78629651665688 40.99093947559595 0.6330826282501221 0.2838776633143425 0.217808298766613 0.09424968063831329 0 0 0 0.3717700466513634 0 0.08734291791915894 0 0 0.1087205111980438 0.342694066464901 0.2152142897248268 0 0 0 0 8.298929423093796 2.064453981816769 0 0.168364092707634 0.1120183691382408 4.077233836054802 0.08987035602331161 0.8151968643069267 0.1901946067810059 0 0.08971518278121948 0 0 0.07979637384414673 0.4287485480308533 0 0.1017987132072449 0.2293819934129715 1.305156916379929 0 0 2.208407580852509 0 0.3565768525004387 0 0 0.1137665286660194 0.4552723690867424 0.8316086307168007 0.7772208005189896 0 0 1.578101731836796 0.2382079511880875 0 0.1070985123515129 0 0.2185416966676712 0 0 0 0.1228370741009712 92.02653440088034 10.04624874144793 4.146212294697762 1.702015355229378 0.1097242012619972 8.068692930042744 0 0 0.2460539788007736 0.4876638576388359 0.5763716697692871 0.2331731095910072 0.8606797158718109 0 0.1679768115282059 0.9439972639083862 0.7830167412757874 0.4048565775156021 0 0.1114701256155968 0.1006639748811722 190.4029123112559 3.725815512239933 2.19005262106657 11.97027930617332 0 74.952476978302 3.359065398573875 1481.114498317242 7.965019650757313 0 1.665881216526031 13.187116317451 0 3.728828921914101 3.191237695515156 145.7890668436885 0 0 0 0 0 580.2889462709427 119.2249712049961
120.9223803654313 374.6014484763145 954.5886111706495 1.231392666697502 138.572260402143 0.1720535755157471 4.734085038304329 2593.733248911798 1304.486423932016 33.12215533852577 845.164004303515 71.55223255604506 365.7999671921134 3159.390343591571 14.73468190431595 5.511720910668373 11.10377737879753 0.803225077688694 0.07211694866418839 0.772607110440731 1.566488049924374 0.752828061580658 0.3462480455636978 0.5314860120415688 0.7881315350532532 1.352757453918457 2.345853470265865 0.6866306439042091 1.534840144217014 1.174920991063118 237.5173477455974 130.1892802491784 385.1244727671146 0.2015930116176605 3.587693229317665 0.5656348466873169 80.77605991065502 14.8856403529644 3.70405076444149 3.772048972547054 0.7913986295461655 0 0 0.4774908646941185 0.2370345443487167 0.9001131504774094 29.61599685251713 0 0.5830393359065056 0.6503943353891373 1.258973501622677 0 2.463302060961723 0.2012182250618935 2.772063285112381 2.11256555467844 25.90499799698591 65.80422036349773 7.572190508246422 17.83368743211031 3.450912207365036 55.04945820569992 1.449236705899239 48.9133922457695 2.517966389656067 0.2012545987963676 0.5059021040797234 0.6841205880045891 0.4492911249399185 0.7815903425216675 123.5488447807729 6.710692793130875 0 35.17626202106476 13.40457744896412 28.9642401561141 30.9117761105299 18.47527148574591 59.36386799067259 505.4531620889902 0.7595562264323235 204.6612801328301 1.0083087682724 0.2790131270885468 0.701532706618309 0.6863254755735397 0.6173461005091667 0 0 0 0.1050470396876335 0 0.8891527876257896 0 0 109.2152448892593 6.663250505924225 0 2.154248498380184 34.07517068833113 0.1778325289487839 1.697113730013371 20.32977966219187 1.92719179391861 6.817323476076126 43.86338897049427 3.891998007893562 42.89347642660141 11.67134711891413 24.66419000178576 8.575959764420986 59.26584260165691 26.18443156778812 23.97085696458817 48.71315445750952 0.6904169246554375 0.09828925877809525 0.08522728830575943 0.1331990361213684 0 0 0 0 0 0 0.3058143556118011 0 0 0 0 0 0 0 0 3.520426951348782 2.671046085655689 0.1091880947351456 0.7139071151614189 0 5.892200730741024 0 4.462087653577328 2.359574876725674 0.1849062889814377 0 0.1236105039715767 0 0.1193588227033615 0.6765712201595306 0 0 0.148043692111969 1.618359953165054 0 0 0 0 0.4442390203475952 0 0.394813597202301 0 0.9075577706098557 0.9351329579949379 0.3784679770469666 0 1.175119519233704 11.42794917523861 0.4973583519458771 0 0 0 0 0 0.1194063276052475 0 0.1214127019047737 52.96980475634336 0.7488876283168793 0 0 0.130182147026062 10.68301482498646 0.4953519701957703 0.524986132979393 0.07917843759059906 1.484572201967239 1.204987287521362 0 0.6869773045182228 0 0.1130794733762741 0 0 0 0 0 0 39.97695200145245 2.190827183425426 5.703467145562172 163.6400627940893 2.035645879805088 206.8589336574078 37.97584167122841 26.57837591320276 20.79125539958477 0 7.452115662395954 8.069952934980392 0.1128866001963615 4.990068919956684 1.723636798560619 9.441339217126369 0 1.708021998405457 0.8901070952415466 0 0 17.73056321591139 4.813539013266563
176.5216107442975 205.843199647963 7.017013423144817 266.8187148422003 11.95197586715221 39.30756868422031 198.7257504761219 12.53240343183279 136.5560729205608 520.8166758492589 71.55223255604506 15.49591709673405 2781.388119451702 284.8189352527261 6.365889199078083 3.622792489826679 4.963569909334183 0.06875395774841309 0.08878203481435776 0.2267956659197807 0.1206076443195343 0.1441693305969238 0 0 0.793008029460907 0.7990135699510574 0 0.1186171472072601 0.2398468852043152 0 11.54723977297544 12.49080108851194 101.653808735311 0 0.2684515416622162 0.3466893434524536 148.1122628375888 8.566706418991089 5.517039768397808 1.102525055408478 0.3245270401239395 0.6568264663219452 0.1101715490221977 0.6932043433189392 0.8175714612007141 0.1589743793010712 11.21750632673502 0.1813643276691437 0 0.1272722184658051 0 0.1576070338487625 2.493073374032974 0 0 0.1371726244688034 8.131476826965809 10.52556082606316 3.122461281716824 3.232497803866863 0.3890446424484253 6.11801640689373 0 7.428818292915821 0.1244518682360649 0.07781787216663361 0 0.3525972813367844 0 0.337504044175148 199.1744993552566 2.902715124189854 0 6.700962096452713 2.821794159710407 10.38914277404547 8.654255427420139 4.444599308073521 0.9314137175679207 30.88590179383755 0 8.612113960087299 0.493921622633934 0 0 0.08012040704488754 0.08029727637767792 0 0 0 0.1239413022994995 0 0.4236882328987122 0 0.106971263885498 287.8782859966159 11.10110177099705 0.3871085047721863 4.41131416708231 37.10439260303974 3.004525527358055 19.22187600284815 48.41720447689295 9.351967051625252 8.989103361964226 111.2794554159045 17.75824023038149 93.1836751922965 37.01922442018986 91.35509638488293 14.16773681342602 133.4292922690511 73.23180788010359 31.03373751789331 45.45767476409674 1.042079545557499 0.4444685131311417 0.3440241739153862 0 0 0 0 0.281427338719368 0 0 0.1356299221515656 0 0 0 0 0 0 0 0 6.67240522056818 1.769677251577377 0 0 0 4.0323735922575 0.7303968369960785 3.260490909218788 0.3359564691781998 0.4571867287158966 0.1041797623038292 0.1996717154979706 0 0.5801225900650024 0 0.3483263552188873 0.1639918088912964 0 1.764471851289272 0 0 0.7341459393501282 0.1683388501405716 0 0 0 0 0.1739258393645287 2.104219600558281 0.5382592231035233 0 0 4.111383512616158 0 0 0 0 0 0 0 0 0.2513426393270493 66.26375183463097 4.654713913798332 0.9547826945781708 1.038028918206692 0.2315285354852676 5.667559273540974 0 2.442627303302288 0.07242634147405624 0.08769670873880386 1.792891480028629 0 1.14335636049509 0 0.2381161749362946 1.186800427734852 0.4272660166025162 0.3387261629104614 0 0.1236148625612259 0 78.04464654624462 4.221824109554291 4.293015532195568 57.20132603496313 0.5200869739055634 45.50132724642754 13.78552988171577 92.76992221176624 4.713491536676884 0 3.22141657024622 8.842437833547592 0 4.540051139891148 1.774981774389744 34.37239469587803 0.1420970410108566 0 0.1966620236635208 0.4904735386371613 0.1296212375164032 169.5574601814151 34.62678906321526
111.2468710690737 1363.748032294214 55.25861135870218 265.5040614455938 315.9386536106467 16.44429607689381 1620.169247925282 60.87652955204248 1467.65235029161 1948.72065705806 365.7999671921134 2781.388119451702 942.6107233837247 1912.107081644237 26.5151247382164 13.21267759054899 15.62635941803455 1.216349013149738 1.225317247211933 0.5897786766290665 1.521649345755577 0.2888173758983612 0.7439288794994354 0.7347214296460152 2.462340980768204 0.5083764865994453 2.249265968799591 1.038532644510269 0.9677038490772247 0.8666376993060112 47.50658212602139 59.41543022543192 568.4459155201912 0.1416551917791367 0.5716042071580887 0.6419023424386978 359.7071763947606 27.68389608711004 39.50658030062914 5.952016800642014 0.6910624802112579 0 0.1121770814061165 2.572830989956856 0 1.185077339410782 39.14542383700609 0.2159495949745178 0.840936653316021 0.4061282500624657 0.931919664144516 1.24414274841547 7.993578061461449 0.5781838372349739 0.7128428518772125 1.260868281126022 15.88572203367949 37.75554955005646 7.450858354568481 18.47864870727062 1.967044711112976 19.7395091354847 0.9745604246854782 42.65444383770227 0.6020496562123299 0.3219035193324089 0.6776171624660492 0.1611676439642906 0.874086394906044 0.7513471841812134 552.9716648980975 10.04933653771877 0.4193585216999054 29.39438135176897 13.34048741310835 37.51758585125208 31.5451230481267 21.55216243118048 3.187032721936703 206.5215315520763 0.4138572886586189 44.24480785429478 0.8389883935451508 0 0.1287958770990372 0.2541135028004646 0.6766426265239716 0 0.4933464378118515 0.2131576091051102 0 0.2035864740610123 2.269882522523403 0.2854882925748825 0.2354306578636169 1354.660171203315 14.25637446343899 1.243258357048035 17.88527557998896 24.10192564129829 2.420021377503872 13.90711764991283 52.12890996038914 10.03811226040125 15.64101960510015 140.3381708115339 17.75097277760506 140.5352614820004 45.26226849108934 106.2725694701076 26.44728773087263 193.2058951184154 116.6626231521368 62.71526821702719 124.9121093302965 1.99887478351593 0.3639922142028809 0.3018479272723198 0 0 0 0 0.1053176373243332 0 0 0 0 0 0.2089101821184158 0.6204825043678284 0.3088384717702866 0 0 0 13.7350632622838 4.576255977153778 0 0.0968799889087677 0 13.07419385761023 0.5589217841625214 13.87140844762325 5.578210413455963 0.2938946262001991 0.1525655537843704 0.4875727146863937 0 0 0.6459352374076843 0 0 0.3956266492605209 1.095499649643898 0 0 0.1386527270078659 0.7271477282047272 0 0 0 0 0.5280609652400017 1.826492451131344 0.6680586487054825 0 0 18.3948435857892 0.7873522788286209 0 0 0 0 0 0 0 0.2496802806854248 160.2026295661926 4.488358214497566 1.928962714970112 0.7649505957961082 0.5790687873959541 17.73023732751608 0 3.018522650003433 0.3966061025857925 0.7117744982242584 4.586724422872066 0.6999148577451706 1.246656261384487 0 0 0.7531617060303688 0.6043378561735153 0.2757002711296082 0 0 0 127.2269250899553 10.71395229548216 18.03983224183321 232.7748668566346 3.092210985720158 220.9361666738987 50.55585281550884 75.79561463743448 18.21889773011208 0 12.213747382164 18.09748464822769 0.09443404525518417 13.05941155552864 6.963753163814545 33.80773235857487 0.2537823840975761 0 0.3542129844427109 1.170540124177933 0.3783343136310577 141.786612585187 33.50054711848497
257.8163222596049 1499.787576362491 1239.555163383484 60.2748314216733 960.2624668329954 12.99647881090641 397.4539016857743 1582.590538643301 1760.337712429464 866.3353921994567 3159.390343591571 284.8189352527261 1912.107081644237 1039.08026637882 50.69778920710087 24.61320791393518 29.43471539020538 1.926386259496212 1.937570974230766 0.9742753803730011 5.243917755782604 1.227838113903999 2.410168156027794 1.395985804498196 3.224896594882011 1.915482923388481 7.536785446107388 1.955996908247471 3.229104407131672 3.120510347187519 236.3212399557233 148.076264038682 1437.062653847039 0.7442728355526924 2.127171382308006 2.726966202259064 713.9694082736969 59.51746658235788 19.5798449292779 10.2278935611248 2.133890874683857 2.609029591083527 0.6631733626127243 4.606282606720924 0.3224382698535919 3.175260879099369 76.23465418070555 0.7154422402381897 2.278273932635784 1.677719108760357 2.974881961941719 1.929809994995594 6.932770915329456 0.5235579460859299 2.482327103614807 3.476511739194393 28.43600887060165 89.87642945349216 16.69158919155598 31.22702545672655 4.609583951532841 254.597672060132 3.370383985340595 89.27540577948093 1.375434637069702 0.9328262880444527 0.3624571859836578 2.856898359954357 1.872442446649075 2.566879034042358 511.1467096954584 11.61877595633268 1.472931414842606 55.6262983828783 27.30405194312334 74.88400560617447 63.19241811335087 43.25454573333263 45.35041311383247 928.8424418717623 2.420212090015411 292.1688869968057 3.654804080724716 0.08209144324064255 0.3565670102834702 0.9048216566443443 1.888239771127701 0.6546587496995926 0.562517449259758 0.3148757368326187 0.2272936254739761 0.7760751694440842 6.128406248986721 1.726964697241783 0.4182948395609856 367.2043663784862 12.78231710195541 1.142290875315666 19.32942524552345 40.17717508971691 1.116936206817627 6.122755698859692 30.04741661995649 2.945373803377151 7.143285557627678 75.11930756270885 7.346706457436085 86.36445106565952 25.85144849121571 53.04915852099657 14.2379339709878 107.9827169626951 69.79269514232874 41.78381805121899 91.1849549934268 3.414169870316982 0.6776398718357086 0.08754812926054001 0.3336917459964752 0 0 0 0 0 0 0 0 0 0.2150761261582375 0 0 0 0 0.1968859881162643 5.589242585003376 2.904742792248726 0 0 0 21.01107374578714 0.3347152918577194 13.49003060162067 10.7245169505477 2.870218515396118 0.2101529836654663 0 0 0 0.7737309336662292 0.1437255591154099 0.1004670187830925 0.6359221935272217 3.323498792946339 0 0 0.4139629751443863 2.474182739853859 0.2482924684882164 0 0 0 0.3742384687066078 1.432372011244297 0 0 0 25.71145924925804 1.292746774852276 0 0 0 0 0 0 0 0.1004612520337105 122.8772037401795 2.864473044872284 0.1434170603752136 0 0 10.69753184914589 0 3.054943263530731 0.1011791229248047 0.9310723319649696 2.924429088830948 0.4664619341492653 0.869281604886055 0 0 0.7203415706753731 0 0.1954750120639801 0 0 0 82.77754136174917 22.34916497021914 30.46277590841055 364.3644770085812 2.733513489365578 379.185721591115 90.17233595997095 53.09495101869106 29.95746973901987 1.368001684546471 13.98018460720778 20.29993326961994 0.09172460436820984 15.43393366783857 6.199443466961384 19.81863557547331 1.67199619859457 0 0.8513474762439728 1.12343031167984 1.256366848945618 63.83532719314098 16.71036487817764
