73.89128848910332 1394.616218164563 283.3292661905289 770.2788379490376 50.17096764594316 74.28521735966206 643.8865783587098 68.74102938920259 3.114161014556885 1859.693214200437 119.6151869744062 155.835907779634 152.582298129797 43.68731687963009 0.1235178560018539 0 0.163761779665947 0 0 0 0 0 0.3285242468118668 0.1559197604656219 0 0 0.1361871361732483 0.1322162747383118 0 0 172.2669887989759 1.846338830888271 14.02536852657795 0.2118192911148071 0 0.1002895161509514 9.531702883541584 1.094958379864693 0 0 0.1636010110378265 0.2393544912338257 0.134784147143364 0.2603032067418098 0 0 6.305515892803669 0.4139893427491188 0.1622739285230637 0 0.5802304446697235 0 0 0 1.17408137768507 1.647680878639221 58.29331783950329 208.4327867925167 18.53585635870695 5.679970860481262 0 0.1741714179515839 0 8.39119815826416 2.158519975841045 1.481843680143356 0.3392792344093323 0.3885371312499046 0.4600662440061569 0.2724917009472847 2.278893351554871 0.2695872485637665 0 143.3058113977313 39.18249639868736 19.70134781301022 1.037943623960018 1.65759164839983 0.1469393968582153 6.638705536723137 0 1.204692974686623 5.257695429027081 0.5486557260155678 0.733586847782135 1.052321121096611 0.1776866540312767 0.1051247045397758 0.1867372095584869 0 0 0 0.7349705547094345 0.1722712814807892 0 17.48485997319221 4.614660069346428 0 3.321600012481213 447.3225397840142 0.442162960767746 14.20548148453236 11.2962012141943 39.2127473950386 0.4312006235122681 8.83275381475687 20.61163011193275 2.4697135835886 57.8295529037714 25.32725286483765 0.3502313792705536 17.58366380631924 51.0081046000123 13.67147642374039 7.667175933718681 0 0 0 0 0 0 0 0 0 0 0.2227420061826706 0 0 0 0.3318855464458466 0 0 0 0 2.26132183521986 1.05448704957962 0 0.6075221300125122 0 7.282461434602737 0.1483790427446365 13.72884306311607 1.776644885540009 0.3867989480495453 0 0 0.1305670440196991 0 0.1567469239234924 0 0 0 0.284089520573616 0 0 0 0.175688162446022 0.1458529382944107 0.1099307015538216 0.09994429349899292 0.1524170488119125 0.2121727541089058 0 1.230330660939217 2.561075091362 0 8.382526516914368 0.2051662504673004 0 0 0 0 0 0.09907293319702148 0 0 3.931048937141895 1.591806709766388 0 0 0 5.98114687204361 0 1.910635590553284 0.599070742726326 1.777618631720543 0.2104410529136658 0 2.181632399559021 0.1023037433624268 0 0 0 0.1393393278121948 0 0 0 2.110316306352615 0.1487213671207428 0.2384093552827835 348.9988430738449 3.090946324169636 40.43140564113855 8.790288716554642 441.7694853246212 5.714137636125088 0.1448986232280731 5.954410634934902 34.49503943324089 0 0.6256698742508888 0.90927854180336 76.80231191962957 0.1421913355588913 0 0 0.2703747153282166 0 254.6545443087816 11.67829689383507
1394.616218164563 2127.825228758156 1135.154252074659 293.1306918784976 922.0488525107503 101.5206901356578 1553.769804537296 735.5666213929653 437.5681134089828 1694.297377772629 973.8007244616747 417.1068080738187 1245.433413997293 1786.290393166244 8.144629716873169 4.604518786072731 0.4098438918590546 0.4773284867405891 0.1818230599164963 0.2398394793272018 1.540287986397743 0 2.83511783182621 0.8916013687849045 0.3865577876567841 0.8537509515881538 0.6497537195682526 0.1217680126428604 0 0.3219965770840645 1395.925746463239 100.9326553344727 139.4803611412644 0.510442852973938 1.051717944443226 0.7853728383779526 60.79587484151125 8.291490912437439 1.464230269193649 0.8247528970241547 2.763588041067123 1.094116754829884 0.7311450466513634 2.032000102102757 0.404895044863224 0.2753786817193031 71.61105121672153 12.87355754524469 1.415057227015495 1.289991110563278 3.682745322585106 0 0 0.536307118833065 15.2095338627696 24.45592278242111 141.1012953668833 821.8373665362597 120.8317369818687 126.3206688463688 0.5833090469241142 1.080100789666176 0.3766845688223839 322.8744061440229 25.99128353595734 25.38073166459799 3.332164078950882 4.55323750525713 4.594964809715748 1.798913158476353 19.78387732803822 0.2347865924239159 0 1125.478047348559 446.9098060652614 424.4178803116083 22.57113332301378 18.49560884386301 10.11671870201826 54.90664591640234 0.3954231068491936 2.546893306076527 68.32836868613958 3.665253780782223 17.84153394401073 20.63205892592669 4.41449162364006 0.6172759011387825 1.529703825712204 0 0.4236518442630768 0.3598011583089828 2.035591475665569 1.227477006614208 0.154679961502552 47.82885869592428 2.789393573999405 0.1232572719454765 6.077829249203205 989.787738494575 0.6678278744220734 5.851569056510925 10.56498379260302 2.270689904689789 1.602971330285072 7.516279265284538 12.73023533821106 4.012089416384697 11.46391916275024 26.63019258528948 3.553712502121925 21.19546141475439 60.40892398357391 24.57243147492409 14.41998659819365 0.4057355970144272 0.1754217147827148 0 0 0 0 0 0 0 0 0 0 0.1512640565633774 0 0 0 0 0 0 2.373870231211185 0.3568821251392365 0 0 0.5908192098140717 15.89596159756184 1.492133319377899 18.01177724450827 1.976636812090874 0.8132182359695435 0 0 0 0 0.8982403576374054 0.2349221855401993 0 0.3579072430729866 0.7386942505836487 0 0 0 0.5285562872886658 0.1514213979244232 1.699489109218121 0.09605027735233307 1.134053818881512 0.1199615150690079 0.1552589982748032 0.9816134050488472 0.9014902710914612 0.3344973921775818 11.80699583142996 0.8756027817726135 0 0.6364647895097733 0.2185841053724289 0 0.133293941617012 0 0 0 11.60468655079603 1.270074523985386 0.2469803839921951 0.1338520497083664 0.1196013316512108 4.725693270564079 0.2571800276637077 1.156838059425354 1.184453904628754 1.726917140185833 0.9265536442399025 0.9537546038627625 0.1113933473825455 0 0.5052579715847969 0.08269059658050537 0 0.2319756299257278 0.1950627043843269 0 0 6.725406810641289 2.676072791218758 1.564977139234543 411.5381193757057 42.26722408086061 581.2933911532164 137.7190387621522 552.2081197574735 53.8765102699399 7.802905976772308 42.63217348605394 22.60771472007036 1.286458343267441 5.154109619557858 2.003305613994598 45.85607744753361 0.3219915181398392 0.2485635504126549 1.198153227567673 19.39451397955418 0.2175346612930298 237.6627659648657 25.04489363729954
283.3292661905289 1135.154252074659 639.9839892312884 64.76485852897167 965.1843048930168 6.621251992881298 247.3936579450965 2756.214717872441 241.8145346567035 84.00843120366335 1945.783902972937 58.98250621557236 192.6950679570436 1109.276756286621 5.323082603514194 3.896937392652035 0.4071804881095886 3.71125078946352 1.034662678837776 2.47772590816021 5.139747574925423 0 7.091062299907207 5.302988618612289 0.982821062207222 2.123839810490608 2.452412307262421 1.108584888279438 0.1507367789745331 0.2908021807670593 6130.754101477563 213.3810472860932 234.4969099387527 5.369674727320671 2.713613077998161 0.2671666666865349 53.81360943615437 12.99408029764891 3.226561397314072 0.7433906495571136 7.606770388782024 3.042445681989193 14.71881371736526 2.221401311457157 1.9781853556633 0.218280628323555 12.06592179834843 2.702293083071709 0.3586708679795265 13.56486198306084 12.76066674292088 0 0 0.2656453996896744 2.082194738090038 3.825744479894638 39.88843873143196 886.2326023727655 26.19484416395426 21.01991920918226 1.399062097072601 8.471895515918732 0.7567723169922829 502.8749301508069 4.364083588123322 4.181889526546001 1.025874391198158 19.0757670328021 40.3275420665741 11.23528403788805 31.17144828289747 1.613934457302094 0 247.919446863234 266.3461946696043 68.09071420878172 12.44670676440001 50.18450105935335 34.62918528169394 554.6212854087353 4.822617217898369 60.35495140403509 10.08618161082268 0.6010358035564423 3.461836628615856 2.812686882913113 13.3258878365159 0 0.5370524376630783 0 0.2019648402929306 0 12.2573075145483 2.355514153838158 0.4016060903668404 34.01903302967548 4.542993366718292 0 10.72235840559006 227.4625825732946 1.136371359229088 3.985165596008301 1.43409551680088 0 0.2784909158945084 2.67250157892704 1.01349338889122 2.197993457317352 4.001612439751625 8.532337106764317 1.365507856011391 7.735686801373959 26.3069931641221 13.33856020867825 7.301996633410454 1.14163876324892 0.6897838488221169 0 0 0 0 0 0 0 0 0.6191029250621796 0 0 0 0 0.146070197224617 0.1022441387176514 0.2006781995296478 0 1.375068873167038 1.022166162729263 0 0.4755527675151825 0.1316550672054291 10.39142882823944 0.5859905779361725 13.81546176224947 1.282444089651108 0.5128814801573753 0 0.4973769932985306 0 0 0 0 0 0 0.4068024307489395 0 0 0 0 0.88514743745327 0.4983053952455521 0.09757073223590851 0.08045376837253571 0.7081693708896637 0 0.1315969675779343 1.10984480381012 0.2942208349704742 6.666255049407482 0 0 0 0 0 0.1573778837919235 0 0 0 7.950718306005001 1.364522024989128 0.1798153221607208 0.07974869012832642 0.6278590112924576 6.502059072256088 0.4041645750403404 3.916171029210091 0.4485770165920258 1.586697399616241 1.766278371214867 0.9564527720212936 0.3686541020870209 0 0.09095922112464905 0 0 0.09075278788805008 0 0 0.346684604883194 2.501974307000637 2.178031846880913 4.972507603466511 57.67575164139271 11.05952847748995 84.10516377538443 27.99060973525047 43.00032246857882 7.792098872363567 1.340314760804176 11.36341916769743 8.446396872401237 0 2.490091443061829 0.6976569890975952 10.05339875817299 0.2090659290552139 0 0.822831928730011 2.028865605592728 0 45.36506618559361 13.66918228566647
770.2788379490376 293.1306918784976 64.76485852897167 79.36619186401367 33.00554534047842 326.714565128088 256.7609691470861 3.228584639728069 1.099990501999855 2431.06880389154 20.22650534659624 387.5746555626392 446.9182707667351 200.3040358573198 0.2962042093276978 0.7945636659860611 0 0 0 0 0 0 0.1695098876953125 0 0 0 0 0 0 0 23.75104543566704 1.50649505853653 7.68381791561842 0 0.1687654554843903 0 12.75232766568661 0 0 0 0.161517858505249 0 0 0.2701308280229568 0 0 2.870981700718403 0.1484661549329758 0 0 0 0 0 0 0.691749282181263 0.7933104708790779 7.537076957523823 38.00001274049282 6.125218935310841 4.577687494456768 0 0.1576066017150879 0 7.627820268273354 0.9098667576909065 0.8692411333322525 0.2167622223496437 0.08394894748926163 0.3373321816325188 0 4.014681354165077 0.4620752334594727 0 51.89859750121832 12.13493417203426 15.65236067026854 1.871966950595379 0.8846542686223984 0 0 0 0.5632190108299255 2.257678352296352 0.2576791942119598 0.1020177453756332 0.104249082505703 0.2741755098104477 0 0.1011858507990837 0 0 0 0 0 0 20.27328605949879 1.834553956985474 0 0.2901083528995514 183.9478050544858 0 3.723912134766579 5.659297406673431 3.493486598134041 0.6722390651702881 3.155660018324852 4.151992559432983 0.3081497550010681 14.92276459932327 10.42850608378649 0 6.977902859449387 20.11365871876478 9.424182415008545 6.262019395828247 0 0 0 0.2724297344684601 0 0 0 0 0 0 0 0 0 0 0 0 0 0 0 0.9461883902549744 0 0 0 0 2.758001796901226 0 6.108908832073212 0.3204289972782135 0.6594371199607849 0 0 0 0 0 0.4317371249198914 0 0 0.3750763833522797 0 0 0 0 0.3679778873920441 0 0 0.1036564782261848 0.3140062242746353 0.9408343136310577 0.1711404025554657 0 0 3.515690997242928 0 0 0 0 0 0 0 0 0 3.578867256641388 0 0 0.1327214241027832 0 1.631700903177261 0 1.433883845806122 0.1122954860329628 0.1113846525549889 0.5879221558570862 0 0 0 0 0 0 0 0.1264819204807281 0 0 0.9307832270860672 0 0.2612506374716759 71.52835299819708 1.408440455794334 31.49644485861063 9.302396714687347 157.1616582423449 4.279227159917355 0.1216482669115067 4.103128738701344 11.57991988956928 0.1997453421354294 2.385706856846809 0.3883880376815796 17.16567315161228 0 0 0 0.3513319790363312 0 81.35384701192379 12.12633915245533
50.17096764594316 922.0488525107503 965.1843048930168 33.00554534047842 2307.460481315851 6.118488132953644 1134.80746101588 1188.930428288877 1822.32155880332 620.963755145669 2886.806455552578 80.59698559343815 358.4113451614976 2231.43708203733 3.289664335548878 2.28072701394558 0 0 0 0 0 0 0.3522959426045418 0.1620582640171051 0.2592612206935883 0 0.1432871520519257 0.1093804538249969 0 0 154.9865069910884 58.11260302364826 11.47424277663231 0.1798985153436661 0.12382872402668 0.1095360442996025 7.419064976274967 0.5984849482774734 0.454402431845665 0.1924560442566872 1.077831447124481 0.1394557952880859 0 0.957042321562767 0.1652580052614212 0.09287647902965546 22.5789477750659 2.881421975791454 0.3346331417560577 0.4248634576797485 1.277640759944916 0 0 0 3.076331555843353 3.617882862687111 11.53975029289722 104.4964807927608 14.63930982351303 35.60970032960176 0.106606662273407 0 0.09560559689998627 159.2557028084993 5.368106320500374 4.850239850580692 0.5825751423835754 1.008606776595116 1.419387742877007 0.43091981112957 4.858951009809971 0.3053769469261169 0 150.5026610046625 116.2696604952216 104.2923974990845 15.14159898459911 9.90181066095829 4.219173803925514 12.76668898761272 0.2322254851460457 0.3136049583554268 11.00235112756491 0.2126362174749374 4.268577806651592 4.10363407433033 0.7342634424567223 0.3124262019991875 0.582442507147789 0 0.4817204922437668 0 0.5905820280313492 0.2760143131017685 0.2740427255630493 18.44489218294621 0.3228962123394012 0 1.5898712053895 14.37877528369427 0 3.673751577734947 3.436185911297798 1.746120162308216 0.6457729712128639 4.408316977322102 5.408038228750229 2.681079551577568 4.647070027887821 10.93355656415224 0.3506889790296555 13.6106513440609 43.56502391397953 12.61868277192116 8.957283146679401 0.3662641793489456 0.1342837512493134 0 0.7624964565038681 0 0 0 0 0 0 0 0 0 0 0 0 0 0 0 3.051095694303513 1.00925961881876 0 0 0 11.07253117859364 0 11.78137042373419 0.5052681118249893 0 0 0 0 0 0 0 0 0.4711326360702515 1.057189002633095 0 0 0 0 0 0.308438241481781 0.1008998453617096 0.3062143623828888 0.2284998744726181 0.6267902851104736 0.4356784895062447 0.1685740798711777 0 6.297815904021263 0.3100652694702148 0 0.2166324779391289 0 0.1073689758777618 0 0 0 0 8.005354776978493 0.1669676005840302 0 0 0.1345775276422501 5.098391227424145 0.2525292038917542 1.052920147776604 1.025715634226799 1.108124628663063 0.6564548164606094 0 0 0 0 0 0 0.2716412842273712 0 0 0 4.767162770032883 0.5550109148025513 0.6318780183792114 79.50213219225407 7.923983581364155 159.0592184141278 48.99832498282194 41.24296127259731 15.00659838318825 1.908540181815624 21.66613631695509 6.032148741185665 0.6217047944664955 2.455678999423981 0.619197741150856 19.88570246100426 0.4308236688375473 0 0.2089979350566864 7.281421519815922 0 62.58511782437563 17.18958713114262
74.28521735966206 101.5206901356578 6.621251992881298 326.714565128088 6.118488132953644 10.88007259368896 52.16739268600941 5.987957760691643 1.454912275075912 722.7647746056318 11.97073505073786 112.5434586107731 89.13098070025444 33.84418131411076 0.6771552041172981 1.34681136906147 0.510094165802002 0.6807015985250473 0 0.1515854001045227 0.5403408408164978 0.7738431394100189 0.2975733876228333 0 2.206894740462303 0 0 0 1.042987138032913 0.6872119903564453 4.006567552685738 1.509926438331604 42.87334781885147 0.1491678059101105 0.5338928699493408 0 56.05626991391182 4.878683373332024 9.677694067358971 1.587885349988937 1.378927633166313 1.039310500025749 0 0 0 0.1605435609817505 1.424918279051781 0 0.6580143570899963 0 0.8455821424722672 9.773092180490494 9.817880019545555 0.5485642552375793 0 1.149484530091286 263.8674272969365 8.017870858311653 3.464136175811291 0.6437487527728081 0.3652456402778625 8.038115844130516 0 2.650459334254265 0.2252012938261032 0.3299950659275055 0.1660871207714081 0 0.1645417213439941 0 218.003096818924 224.4142773300409 18.17763820290565 3.594391234219074 1.25945046544075 4.316302306950092 1.675621971487999 0.141276940703392 2.207303643226624 42.16862422227859 0 18.65047630667686 0.5227480530738831 2.440530002117157 0.1052365526556969 1.817474499344826 0 7.768904328346252 1.196547389030457 8.738400310277939 0.4848002344369888 1.129883170127869 0.6130332350730896 2.115446209907532 1.956902787089348 646.1586560606956 337.839226052165 171.2369103431702 67.06990239024162 270.6101215481758 0 5.746630668640137 4.248702198266983 7.776586353778839 0 3.293628230690956 9.414349377155304 2.045816019177437 29.40225937962532 10.97780691087246 0.6867161244153976 6.79422464966774 19.62019458413124 6.607926905155182 1.164005771279335 0.2726965546607971 0.1592029184103012 0 0 0 0.1857579946517944 0 0 0 0.2657604217529297 1.300303652882576 0 0.5398151427507401 0 0.3492144197225571 0 2.019359037280083 3.572805061936378 0.8145864754915237 1.613039344549179 0.4125597178936005 0 1.664283886551857 0 1.207469418644905 0.8556857705116272 1.580627918243408 2.060926802456379 1.909664049744606 0 0 0.335912674665451 0 0 0.9067332744598389 0 0 0 0.1348725706338882 0 0.4053741991519928 5.73331156373024 0.6807565987110138 0 0 0 0 0 0 0.3494757562875748 0.4238921701908112 1.665495961904526 0 0 0 0 0 0.1376442611217499 0 0 0 1.498547866940498 13.55251003801823 0.756364032626152 0 0.3083891421556473 2.511959671974182 0 0.4109481424093246 0 0.6167566180229187 0.6046346575021744 0.129794105887413 0.1785454601049423 0.1471846848726273 0.1253868043422699 0 0 0 0 0 0.1683354675769806 1.061957716941833 1.80532693862915 2.196158185601234 38.50473411381245 0.986674427986145 7.408784843981266 4.398959152400494 165.4376954436302 0.2607798874378204 1.304421588778496 1.918321177363396 13.45072824507952 0 1.838282003998756 0.6854924559593201 28.28336216509342 0 0 0 1.435945868492126 0 119.0669877976179 9.929644584655762
643.8865783587098 1553.769804537296 247.3936579450965 256.7609691470861 1134.80746101588 52.16739268600941 779.8422191888094 249.4819760546088 2477.277008399367 1801.810541547835 1517.800890102983 737.6282073706388 4144.320950679481 6190.15644031018 9.34078311920166 6.6418836414814 0.5179191380739212 0.2014480158686638 0 0 0 0 0.9110810831189156 0.2743189334869385 0 0.2823483794927597 0.08490665256977081 0 0.1949716955423355 0.141756534576416 103.4549897611141 51.84778823703527 43.3578966408968 0.3521150350570679 0.1412259936332703 0.112785629928112 38.42620775848627 2.521631270647049 0.6886085346341133 0 0.92044547945261 0 0.4765638262033463 1.968235589563847 0.1068429425358772 0.1819826737046242 38.70381681621075 4.396159559488297 0.4664052650332451 0.5356263145804405 1.691893644630909 0 0 0.2714079618453979 3.525315999984741 6.726475067436695 26.34367716312408 141.8757796138525 24.78747588396072 48.92726358771324 0.1181849390268326 0.376724511384964 0.3027583807706833 137.5233464837074 7.865167826414108 9.172716952860355 0.3404306769371033 2.477742440998554 1.659000121057034 0.5477050617337227 13.71085716784 0.1855459362268448 0 265.7300328612328 133.3682948946953 153.1242375075817 21.68775571137667 14.42519919574261 3.365608692169189 7.904389411211014 0.1367708146572113 1.002630397677422 22.10159176588058 0.6744443476200104 7.297651804983616 5.703899510204792 1.835648849606514 0.1788662374019623 0.2177410647273064 0 0.09718561172485352 0.1242469698190689 0.7842448577284813 0.3832191377878189 0.5157458260655403 70.41353408247232 1.17065018415451 0 2.345817819237709 123.1743039265275 1.045874625444412 10.8223130851984 31.03386345505714 2.657917521893978 3.112979978322983 32.27733978629112 17.60283898562193 13.82794424891472 51.42212437838316 47.5301418825984 3.084220379590988 43.98184704780579 123.1430823877454 39.35286693274975 28.23422231525183 1.238083511590958 0 0 0 0 0 0 0 0 0 0.1046945601701736 0 0.128595158457756 0 0 0 0 0 0 5.009319797158241 3.063156105577946 0 0.1391144841909409 0 25.4786431863904 1.238754034042358 35.04743231087923 2.200749315321445 0.4785466939210892 0 0 0 0 0.711330235004425 0.190947413444519 0 0.7686846703290939 2.009592831134796 0 0 0.2148889675736427 0 0 0.3232684880495071 0.1257277578115463 0.1627271994948387 0.4009810984134674 0.8059962466359138 1.390239611268044 0 1.054430842399597 21.5879170447588 0.7973064184188843 0.1421292126178741 0.1806466653943062 0 0 0 0 0 0 20.40613587200642 2.330214291810989 0.5078220441937447 0 0 10.82950696349144 0.240958034992218 2.500476285815239 2.273900486528873 3.604219041764736 0.8629954233765602 0.1659958511590958 0.7609936743974686 0 0 0 0.2349752932786942 0.3210959285497665 0 0 0 8.721889965236187 2.804047502577305 3.370331764221191 193.2525106519461 11.84820640832186 242.9304739311337 72.39628103375435 167.4619401842356 22.76014277338982 3.857611984014511 28.23692997545004 25.18298852443695 1.238996058702469 10.61037331074476 2.301842331886292 62.82058346271515 0.235074982047081 0 0.8329718708992004 8.209803730249405 0 196.9084850475192 49.37161397188902
68.74102938920259 735.5666213929653 2756.214717872441 3.228584639728069 1188.930428288877 5.987957760691643 249.4819760546088 908.7602267935872 445.1227411627769 18.40461401641369 3523.991919837892 44.97683776915073 188.7569703310728 1555.340157598257 6.144343823194504 8.304522827267647 1.117406256496906 35.59452234208584 4.805781058967113 33.44184500724077 24.07112939655781 0.1140989884734154 55.01347839832306 27.60275510698557 6.086710385978222 8.076292239129543 12.97758718580008 4.539507523179054 0.6403117775917053 2.021906942129135 2026.963859133422 1335.317909829319 252.1243263930082 32.0831645205617 29.41670145839453 5.126593515276909 90.42161639779806 61.57613916695118 9.985575251281261 2.864177078008652 34.16808305680752 12.98833458870649 122.9576322808862 15.36185198277235 17.53583608567715 23.92914995551109 16.93945588171482 4.685706220567226 4.197812519967556 100.2880667895079 45.31854487210512 0.2755788713693619 0.1091788709163666 3.839520320296288 1.756859458982944 2.612311109900475 25.37338072061539 379.1860219538212 19.84386986494064 15.56630879640579 23.038658618927 55.85576972365379 6.861690454185009 403.0662431716919 3.153925880789757 8.489286340773106 2.587999030947685 98.41616836190224 262.2843006700277 79.58750738203526 60.39497167617083 3.44792352616787 0.1287038028240204 184.2232288047671 173.3816470652819 72.25329863280058 18.35796901211143 61.20375087857246 124.9973389878869 1233.263546213508 65.48002587258816 92.89412621408701 10.32441076636314 0.3923130929470062 3.830527924001217 4.205422125756741 85.01499933004379 0.09445111453533173 1.814846031367779 0.08906642347574234 1.839136987924576 0.3959584832191467 65.68869799375534 9.508061796426773 3.280218131840229 42.0987361446023 9.872075885534286 0 29.4889632165432 97.17566455155611 0.1200054958462715 0 1.785304486751556 0 0.8955567926168442 0.8455748707056046 0.3790812939405441 0 0.7638418823480606 4.598934195935726 1.195578426122665 2.784023210406303 15.80147528648376 5.979892089962959 6.36134397983551 0.8284978494048119 1.887475103139877 0 0.1455323249101639 0.2135368883609772 0 0 0.1251298934221268 0 0 0.6853932291269302 0 0.3708777874708176 0 0 0.4463431835174561 0.2327280268073082 0 0.3556457161903381 2.403170444071293 1.253816373646259 0 1.242636680603027 0 7.624763153493404 0.9820088595151901 18.5998300537467 2.578322246670723 3.407477773725986 0 0.3549941927194595 0.3644888773560524 0 0.2411705404520035 0.1736556589603424 0 0.3035729229450226 0.4031075015664101 0.09983275830745697 0.7620726823806763 1.658456616103649 0.1341405808925629 3.848630592226982 0.2081685140728951 0.1367386430501938 0 0.1705919653177261 0.364373579621315 0.2810902446508408 2.573571741580963 0.661332756280899 8.049393326044083 0 0 0.1078986376523972 0.1056685224175453 0.2072156965732574 0.2761019021272659 0 0 0 7.355535447597504 1.879064947366714 0 0.2107108384370804 0.8585305362939835 5.899014174938202 2.431016616523266 1.808615133166313 1.234624899923801 0.2602283582091331 0.9774073213338852 0.2076247483491898 0.9124629199504852 0 0 0 0 0 0.09162123501300812 0 0.6780444234609604 3.092357404530048 3.638521030545235 4.17888380587101 65.98008017987013 27.27254363149405 87.92551282048225 33.71846728026867 23.65410446375608 5.287903107702732 0.7741621434688568 7.822644501924515 4.997780852019787 0.3437660709023476 5.375887610018253 0.8046045154333115 9.490650072693825 0.1661997884511948 0 0.7150002419948578 3.191017925739288 0 24.37608847767115 12.70309713482857
3.114161014556885 437.5681134089828 241.8145346567035 1.099990501999855 1822.32155880332 1.454912275075912 2477.277008399367 445.1227411627769 579.2626895904541 49.19230197370052 1677.522301360965 9.264972001314163 404.7993592321873 1146.799862280488 0.4228578954935074 0.6212332844734192 0 0 0 0 0 0 0.1340210437774658 0 0 0 0 0 0 0 26.4686042368412 8.581935741007328 4.555530294775963 0 0 0 1.135847717523575 0.1298863738775253 0.1318819224834442 0 0.7233495265245438 0 0 0 0 0 2.758854277431965 0.1304387152194977 0 0 0 0 0 0 0.5632280185818672 0.7948349714279175 1.897114671766758 14.04685789346695 1.942082047462463 4.456820100545883 0.09297171980142593 0 0 22.47253531217575 0.2898239716887474 0.4100909680128098 0.1806183829903603 0.2360298857092857 0.6325795203447342 0 1.12557826936245 0 0 15.56376430392265 15.11634841561317 12.8275248631835 2.581915736198425 2.030360877513885 1.060632228851318 19.8386889398098 0.08598808199167252 0 2.40327563136816 0 0.09310933202505112 1.065786503255367 0.1535317450761795 0 0.1048291400074959 0 0 0 0.1131076216697693 0 0 3.76970000565052 0.399289682507515 0 0.1201281547546387 1.15894527733326 0 0 0.2428095042705536 0 0 0.2639837861061096 0.7596518099308014 0.3133251368999481 0.3580224066972733 1.668484032154083 0.4840964674949646 1.950380481779575 7.323265992105007 1.889292106032372 1.070809721946716 0 0 0 0 0 0 0 0 0 0 0 0 0 0 0 0 0 0 0 0 0 0 0 0 2.219948224723339 0 1.288771741092205 0 0 0 0 0 0 0 0 0 0 0 0 0 0 0 0 0 0 0 0 0.1182074621319771 0 0.2788698971271515 0 1.505370765924454 0 0 0 0 0 0 0 0 0 0.395535983145237 0.2122955918312073 0 0 0 0.3227963745594025 0 0.6783503890037537 0 0.2344665601849556 0 0 0 0 0 0 0 0 0 0 0 0.5148653835058212 0 0.3359327465295792 14.48423892259598 1.14179627597332 19.72639244794846 6.226820290088654 3.289408668875694 1.226105369627476 0.2772090584039688 1.445544466376305 0.6537303030490875 0 0.1203403696417809 0 3.145223826169968 0 0 0 1.152616322040558 0 6.926559008657932 2.606024280190468
1859.693214200437 1694.297377772629 84.00843120366335 2431.06880389154 620.963755145669 722.7647746056318 1801.810541547835 18.40461401641369 49.19230197370052 3702.005707934499 92.46032576262951 2852.842646747828 6086.34647577256 885.2830952554941 7.879667095839977 7.399640679359436 0.2069662362337112 0 0 0 0.4348579049110413 0 0.5146782994270325 0 0.1689328253269196 1.037815488874912 0.4130822271108627 0.4855092763900757 0 0.3883688151836395 56.69172151386738 16.71527833491564 178.5366360992193 0 0.259537935256958 0.1742900907993317 420.9619265198708 7.57412751019001 4.668860130012035 2.642683625221252 1.434571862220764 2.487263351678848 0.6668665260076523 1.542660035192966 0 0.1295100450515747 31.7487932741642 3.239040210843086 0.5235156938433647 1.302515797317028 1.328819505870342 0.7088607549667358 0 0 3.839286580681801 5.453514568507671 27.65669108182192 89.54251413792372 20.03864293545485 37.54451189935207 0.2763378918170929 2.180129751563072 0.4663576483726501 77.99350466579199 7.143077298998833 5.756700955331326 1.358161918818951 1.387036770582199 0.4262239411473274 0.9384664297103882 441.2297814413905 6.855562567710876 0.7022794485092163 227.1271656155586 96.42544397711754 112.301615960896 16.15933425724506 12.58847638964653 2.33567501604557 29.8827591240406 1.174936726689339 1.928790055215359 17.39895515888929 0.937094934284687 3.232880175113678 5.906515695154667 2.020727746188641 0.4759421944618225 0.3286158218979836 0 0.4267800375819206 0.09480765461921692 1.27706378698349 2.322421669960022 0.2195753902196884 249.422468200326 73.02462996542454 4.077387779951096 24.43822193145752 260.4673081114888 3.523709610104561 50.71908450871706 146.8186778277159 76.90644863247871 11.61289414018393 101.0862629637122 87.46528463065624 46.37309182435274 240.4452090710402 228.018287204206 9.968508511781693 334.3010882884264 437.7001121267676 124.469738304615 70.56714754551649 4.399457573890686 0.3497665151953697 0 0 0 0 0 0 0 0 0 0 1.049702167510986 0 0 0 0 0.3835121393203735 0 18.74449264258146 9.037013694643974 0 1.675463199615479 0 63.38120191544294 4.623147085309029 92.63816818594933 2.572441145777702 3.304378807544708 0 0 0 0.3590886294841766 0.4601833820343018 1.265301644802094 0 2.455166190862656 2.869305230677128 0.1766144633293152 0.2931441962718964 0.3857271671295166 0.3033630549907684 1.04182094335556 0.5805442407727242 0.6913434565067291 0.4839047268033028 2.424663573503494 5.510568708181381 5.771882131695747 2.580092072486877 1.366998195648193 58.66790314018726 5.374650180339813 0.2248206734657288 0.7616390660405159 0.2841622680425644 0.1184156164526939 0.09497333317995071 0 0 0 59.0862772166729 9.35165973007679 0 0.1539003252983093 0.1265389174222946 46.57631330192089 0 15.40394977480173 9.170062527060509 9.685683511197567 5.506626710295677 2.974639728665352 1.019194677472115 0.08956863731145859 0.3085004687309265 0.07967355102300644 0 0 0.2048337757587433 0 0 36.0491012185812 9.868933357298374 10.09713278710842 432.5993126258254 14.65131501108408 241.067388728261 87.20725750923157 667.9135920628905 27.41812676936388 4.484584018588066 49.38409689068794 138.2123737558722 0.2287754788994789 27.22890929877758 3.304690577089787 305.1638917848468 2.519412167370319 0 4.515996560454369 23.18137259781361 0 1150.35148974508 139.4228549897671
119.6151869744062 973.8007244616747 1945.783902972937 20.22650534659624 2886.806455552578 11.97073505073786 1517.800890102983 3523.991919837892 1677.522301360965 92.46032576262951 1705.891871809959 128.9922678843141 1464.000535860658 3175.318806655705 11.348473533988 8.849275402724743 0.2378977835178375 1.317675769329071 0 2.24427542835474 5.00314649939537 0 12.07378106564283 5.865668833255768 2.130054324865341 1.898797854781151 7.1106076836586 2.205155670642853 0.3874710500240326 1.168100968003273 773.6279830932617 228.7251627221704 745.9311750084162 2.882117956876755 7.307583257555962 3.063590936362743 231.3959955573082 52.16089995205402 7.595553934574127 1.880004093050957 11.58101714402437 6.068578079342842 7.497185304760933 2.486711032688618 0.6103301644325256 1.083709813654423 22.43669932335615 2.94786199182272 1.450726680457592 7.692203722894192 15.94678548723459 0 0.1299001574516296 1.642290160059929 2.54641005396843 2.39559093862772 20.74276813864708 180.5581036657095 17.29722652584314 24.36798293143511 0.6292778104543686 25.40643621236086 1.407905340194702 152.8956898599863 3.623733341693878 4.638641588389874 1.82837700843811 11.77056315541267 17.78533092886209 6.310937248170376 75.25731608271599 1.203019186854362 0.2402033507823944 167.6484438627958 123.8120858296752 93.02433517575264 24.71482684463263 23.39511023461819 65.39098803699017 946.7515639588237 0.852910578250885 6.598151944577694 9.167147055268288 0.8255966901779175 5.341791741549969 3.977636083960533 3.974207423627377 0.1084881126880646 0.4887519553303719 0.13503098487854 0.6163731813430786 0 13.54614717513323 3.422927737236023 1.017124719917774 63.95099592208862 5.364861451089382 0 20.44171293824911 65.30329862982035 0.7809882983565331 1.163513198494911 2.628628477454185 0.2450477629899979 0.5614669471979141 2.297859698534012 2.439887598156929 1.717796996235847 3.508327096700668 9.208639800548553 1.511642843484879 9.288396783173084 32.62517538666725 11.46338471025229 8.799542427062988 0.6870021894574165 0.5796689987182617 0 0 0 0 0 0 0 0 0.1914850324392319 0 0.1233848258852959 0 0.253665030002594 0.1222344413399696 0.1321476995944977 0.1455787718296051 0 2.664589889347553 0.2821499407291412 0.318018913269043 0 0 12.29014923423529 0.2174575477838516 19.58770762383938 0.1324005275964737 0.09982369095087051 0 0.1940048635005951 0.2660701870918274 0 0.2808728516101837 0 0 0.09449589997529984 0.1439906805753708 0 0 0.2930293530225754 0.1076642572879791 1.537417814135551 0.1990960165858269 0 0 0.3309232220053673 0.7007018476724625 0.1848352253437042 0.5954329818487167 0.1488668173551559 7.944452412426472 0.3131264746189117 0.2226962745189667 0.1912870183587074 0 0 0.07630674540996552 0 0 0 11.11161007732153 0.3810838609933853 0 0 0.497971698641777 5.925626888871193 0 1.490225031971931 0.6779025420546532 1.840462654829025 1.09596885740757 0.5480553209781647 1.423982121050358 0 0 0 0 0 0 0 0.3028763234615326 4.754689991474152 5.114949285984039 4.228236451745033 94.20369977504015 9.771248310804367 131.8162478432059 48.74123568832874 28.9895343631506 8.965481206774712 2.221664249897003 22.97761125862598 6.694526202976704 0.5030646398663521 5.08305511623621 0.8242305293679237 10.32731852680445 0.4359816908836365 0 0.7338825017213821 4.487394660711288 0 54.95146193355322 19.82992696017027
155.835907779634 417.1068080738187 58.98250621557236 387.5746555626392 80.59698559343815 112.5434586107731 737.6282073706388 44.97683776915073 9.264972001314163 2852.842646747828 128.9922678843141 156.4263199418783 1355.61779396981 486.3506807535887 29.65209338068962 24.20785154402256 1.500763796269894 0.5258617326617241 0.1330250203609467 0.09714818745851517 1.160929992794991 0 0.834987610578537 0.4357268437743187 1.18495187163353 1.17235641181469 1.863826304674149 0.1441565752029419 0.4083919823169708 0.6755714565515518 29.109420157969 4.065121948719025 163.7484184131026 0 0.8834708333015442 0.8212034404277802 344.3941953405738 21.45006381720304 7.080055370926857 1.398047931492329 6.144817404448986 1.670658767223358 0.4107314050197601 7.41252064704895 0 0 29.36246783286333 1.902692921459675 0.4625085517764091 0.5533992797136307 3.377032399177551 0 0 0.6513257175683975 0.5450743362307549 1.173877507448196 4.725737683475018 11.62036343663931 4.660892307758331 12.60032112151384 0.7156387344002724 13.46852245926857 0.1689833253622055 48.23277520388365 1.16658852994442 2.432460740208626 0.09926732629537582 2.468854270875454 1.045852392911911 0.2672678530216217 297.4535164758563 0.9814183712005615 0 42.73417501151562 35.11520463973284 68.29820000380278 29.16047777980566 32.64765867590904 2.409240081906319 68.77082055807114 0.6879553645849228 5.577841624617577 4.483765929937363 0 0.545964352786541 1.990903779864311 1.33689084649086 0.1050015389919281 0.369748055934906 0 0.3323526009917259 0 2.598111465573311 2.003509610891342 0.7556978538632393 521.8071153014898 38.78632748126984 0 20.59872353821993 33.78483957052231 2.115657724440098 12.07827180624008 17.32426959276199 4.336514674127102 3.071681514382362 11.18505619466305 19.9429991543293 7.220402874052525 23.22524786740541 60.18269266188145 1.776672288775444 47.59001990407705 156.8645862191916 49.8400269523263 34.26084807515144 0.7322661578655243 0.2627939358353615 0 0 0 0 0 0 0 0 0 0 0 0 0 0.1855204105377197 0 0 0 7.159369379281998 3.851494260132313 0 0 0 29.92150581628084 1.175820246338844 36.14580948650837 0.4383802562952042 1.185189843177795 0 0 0 0.3175698667764664 0.2275363057851791 0.1539992392063141 0 0 1.217608563601971 0 0.09791664779186249 1.019817769527435 0.3008771985769272 0.1215721741318703 0.08220890909433365 0 0.098763607442379 0.7944163233041763 2.497398860752583 2.017084345221519 0.3115001171827316 0.1799365282058716 22.71925348043442 1.932877257466316 0.3192751631140709 0 0 0.08810196816921234 0 0 0 0 28.55136822164059 1.925735622644424 1.18906456977129 0.1225421577692032 0 17.2622806802392 0 2.364806897938251 1.331029035151005 4.105380669236183 0.9733719304203987 1.442755654454231 0.1130690351128578 0.1892680823802948 0 0 0 0 0 0 0 13.35882794857025 2.472344264388084 1.9453284740448 225.1850607469678 5.625743761658669 166.8131069988012 79.05727081745863 88.47274436801672 11.4893234372139 1.450291991233826 50.77872460335493 34.24066238105297 0.1607644408941269 9.993132226169109 1.885474994778633 66.48246882110834 1.309615515172482 0 0.5094249472022057 15.10786710679531 0 396.6347751766443 92.44384831190109
152.582298129797 1245.433413997293 192.6950679570436 446.9182707667351 358.4113451614976 89.13098070025444 4144.320950679481 188.7569703310728 404.7993592321873 6086.34647577256 1464.000535860658 1355.61779396981 4131.998772054911 7461.043672151864 37.21101170033216 38.05646602809429 1.133413270115852 0.300021231174469 0 0.7132868096232414 0.6992731243371964 0 2.352183967828751 0.995678573846817 0.6947405934333801 1.690808482468128 2.395160883665085 1.966425374150276 0.7669016718864441 0.1399648636579514 88.98501010239124 38.7607951015234 615.5105300918221 1.727135881781578 1.056845158338547 0.3687873631715775 661.549890846014 35.10204870998859 8.408584490418434 2.489679761230946 6.776703357696533 2.738475665450096 2.482741713523865 13.66198441386223 0 0.7753718644380569 56.77479782700539 3.330513373017311 0.9796101301908493 1.786492295563221 7.760905809700489 0 0 0.4105848670005798 2.327990174293518 3.239094920456409 9.483330190181732 37.56361436098814 10.54887030273676 28.00675316900015 0.4185513481497765 18.95207180082798 0 119.923366047442 4.584843948483467 4.744906976819038 0.9257086142897606 4.091840982437134 4.932944156229496 1.864132091403008 317.6092833653092 1.090966060757637 0 105.4186544939876 96.12125790864229 144.3149063289165 61.69070006161928 52.85807723551989 4.807011030614376 190.816986002028 0.958956241607666 4.604902520775795 12.4812221378088 0.7317445203661919 4.917632944881916 4.226543426513672 1.066288322210312 0.3355383276939392 0.3502146452665329 0 0.3637346923351288 0.2364073842763901 5.86088190972805 1.597246460616589 0.8004345372319221 524.4710013195872 18.07492430508137 0 32.99635817855597 34.65110161155462 2.741349294781685 13.1871068328619 25.64005104452372 8.461992383003235 4.60688529163599 22.36928809434175 31.14695937931538 9.072159640491009 32.83817940950394 87.50013659149408 4.237294152379036 114.8022154867649 223.8272107318044 72.18323215097189 42.99199466407299 2.405113480985165 0.4902881383895874 0 0 0 0 0 0 0 0 0 0 0 0 0.1187271326780319 0 0 0.1408974528312683 0 9.369960099458694 6.121705673635006 0 0 0.1786254793405533 49.09061278402805 2.573459401726723 60.40864389389753 1.294684164226055 1.436754040420055 0 0 0.261218935251236 0.3867850750684738 0.8855468928813934 0.3434446305036545 0 0.6108786910772324 0.8413218110799789 0 0.1024507954716682 0.9187398701906204 0 0.7516681104898453 0.210930697619915 0.2063842713832855 0 1.755993783473969 2.787982285022736 1.052312627434731 0.6592696458101273 0 35.76441801339388 0.8643920794129372 0.6711696088314056 0.2925944551825523 0 0 0.1935782730579376 0 0 0.1021539494395256 45.79591353982687 3.85944989323616 0.1314012408256531 0.2535771876573563 0.2527259290218353 23.04106356948614 0.9997944533824921 3.013258025050163 3.245777636766434 4.716792024672031 1.891090355813503 1.007777914404869 2.25923765450716 0.2260608375072479 0.1074764356017113 0 0 0 0 0 0 20.58994396030903 5.496040344238281 4.833483673632145 298.592571221292 12.48121817409992 271.7765071317554 118.4165805950761 81.39689242839813 20.99562630057335 2.299090012907982 77.29247645288706 37.44955866783857 0.1862448751926422 12.85643689334393 2.124052591621876 74.86168675124645 1.854618929326534 0.1553603708744049 2.8924830108881 14.60236751288176 0.708538219332695 380.2447941973805 97.11286751180887
