260.1199527159333 2628.060727335513 682.5211693421006 2156.020626015961 36.08212927728891 83.79951655864716 183.0167399048805 32.76174268871546 4.084468595683575 1307.1327111274 15.30974154174328 116.3915007859468 45.0025881677866 24.33057004213333 0.928121417760849 0.8143848404288292 0.1773260831832886 0 0 0 0.126264750957489 0 0.3324565589427948 0.2284020930528641 0.3497631698846817 0.1447344720363617 0.5291885435581207 0 0 0.2177621275186539 619.6849741190672 6.510588333010674 8.188535884022713 0 0 0 3.133265368640423 0.8958601877093315 1.367543444037437 0.9468097761273384 1.03542935103178 0 0.3306485265493393 0 0.08441711962223053 0 4.124767608940601 0.1142838522791862 0 0 0.3086289167404175 0 0 0 1.061578944325447 1.332417130470276 219.2743607610464 248.5938912183046 24.64406000077724 11.10802167654037 0 0.254385806620121 0 4.514531798660755 0.4134263321757317 0.6049060374498367 0.1776270046830177 0.2907502353191376 0.2272243648767471 0.2136890143156052 3.656344100832939 1.862477853894234 0 107.4409357607365 4.11469828337431 12.31432446092367 0.6180329248309135 0.1562946140766144 0.9870791435241699 5.953327432274818 0.09098327904939651 0.4175430685281754 2.792588345706463 0 0.2282019555568695 0.2859440967440605 0.1896582841873169 0 0 0 0.1067020520567894 0 1.299346759915352 0.1609608680009842 0 24.98818197846413 2.272550284862518 0 0.2502536326646805 815.2672242149711 0.451575756072998 0.863392174243927 3.460618391633034 1.537552729249001 1.054092943668365 4.706251606345177 0.680360734462738 1.390508890151978 42.22900593280792 4.552518963813782 3.372167661786079 0.919229693710804 14.71275564283133 7.548428498208523 0.5030214935541153 0 0 0 0 0 0 0 0 0 0 0 0 0 0 0 0 0 0 0 0 0.7041447162628174 0 0 0 0 0 0 0 0 0 0 0 0 0 0 0 0 0 0 0 0 0 0.1297277510166168 0 0 0 0 0 0 0 0 3.193132042884827 0 0 0 0 0 0 0 0 0 1.020223259925842 0 0 0 0 1.81879848241806 0.4221483170986176 0 0 0 0 0 0 0 0 0 0 0 0 0 0 2.572749897837639 0.604608565568924 0.6011846214532852 305.2805692926049 2.053269669413567 26.12165679037571 5.623031251132488 747.0722894221544 4.480592586100101 1.804353438317776 0.8321330994367599 19.02340653538704 0 1.011758893728256 2.602592468261719 25.52335238456726 0 0 0 0.1511926800012589 0 125.922977425158 2.361038625240326
2628.060727335513 3516.238910213113 1136.61839274317 2427.958228267729 1940.919206827879 110.3415881693363 4658.321474775672 293.2286738976836 1393.276135116816 959.0415301769972 284.7916976809502 224.6844766736031 1494.831761717796 1007.330960631371 42.39447236806154 18.51300521939993 0.6019838079810143 0.7150644585490227 0.3786349594593048 0.8081818744540215 0.6236977428197861 0 1.318823665380478 3.875069208443165 1.555713146924973 0.6535624787211418 1.244446344673634 0.8080511316657066 0.5233317688107491 0.6865441277623177 1371.561825923622 17.24271356314421 57.88486139476299 0.06727492064237595 0.8035194575786591 0.3535724133253098 26.84272666275501 5.02742088586092 3.939471714198589 3.491379626095295 4.531928673386574 0.8212618976831436 0.4226487725973129 1.998537071049213 0.3772619739174843 0.1493699178099632 115.72079898417 2.548382371664047 0.8667475655674934 0.2648750841617584 1.785593815147877 0 0.3568878173828125 0 8.427427150309086 7.584479928016663 158.4564504548907 470.9884582161903 72.37545008212328 105.9835932850838 0.3690564185380936 2.826719790697098 0.0987493023276329 100.2604891061783 2.587899960577488 2.261696562170982 1.136077925562859 2.678172640502453 2.31570153683424 0.7733037620782852 28.25810802727938 1.244218327105045 0 583.773550696671 118.5228335559368 313.8570107370615 24.19982384890318 4.275261670351028 1.291826397180557 38.13980723172426 1.247661501169205 5.520810857415199 19.29515904188156 0.1649358868598938 3.729103498160839 2.327027037739754 0.574844628572464 0.825476698577404 1.412340849637985 0.2381539940834045 0.6026842370629311 0.2064828500151634 7.864608347415924 2.021912351250648 0.3337403759360313 30.33258181065321 4.859728880226612 0 3.07472138851881 726.0806788653135 0.5302456170320511 2.055170938372612 3.525924921035767 0.3291482925415039 3.429033815860748 5.352245002985001 0.5614296048879623 1.672096930444241 14.06555020064116 7.598848104476929 0.9269486367702484 7.679345794022083 34.85688662528992 12.57165247946978 5.187748439610004 0.5514170825481415 0.8828509151935577 0 0.08312802016735077 0 0 0.1353467702865601 0 0 0 0 0 0 0 0 0 0 0.1271890103816986 0 4.724718868732452 1.902514636516571 0 0 0 0.9426112920045853 1.243191510438919 2.306850343942642 0.345006451010704 0.3408809751272202 0 0 0 0 0.1434748619794846 0.5188586264848709 0 0.1875560730695724 0.2021598219871521 0 0 0 0.1719847917556763 0.1092835888266563 0 0 0 0 0.8727554678916931 0 0.5101552605628967 2.111709699034691 3.913417384028435 0 0 0 0 0.07714817672967911 0 0 0 0 4.921762712299824 0.3796109557151794 0 0 0.1955002546310425 1.125319480895996 1.034551188349724 1.221355199813843 0 0.8886410892009735 0 0.1410608738660812 0.2184016928076744 0 0 0 0 0.09140874445438385 0 0 0 10.6970566958189 3.135446101427078 1.591147497296333 527.193876683712 11.01890444755554 348.4144032523036 60.03488173335791 614.6502230316401 32.73542692512274 7.208588384091854 20.55736836791039 14.58231076598167 0.2048889696598053 4.738060757517815 0.1290627270936966 23.79422906041145 0 0 0.5591219663619995 5.791238009929657 0.9989834278821945 104.7101916074753 6.57001419365406
682.5211693421006 1136.61839274317 3087.329422786832 259.6515841707587 731.8328866586089 41.41711482405663 172.6553574502468 3593.497527681291 919.1606800109148 42.94256149977446 2473.861221641302 211.9599704369903 925.7856329157948 1611.441128470004 32.82752761989832 30.02465750277042 1.530012175440788 2.412572644650936 0.09577386081218719 3.028919637203217 10.12139574438334 0 9.992804624140263 26.69796019792557 10.84257893264294 3.596137762069702 10.10377348959446 4.034445993602276 0.3379023671150208 6.155994519591331 2663.24563126266 698.3861222490668 276.9153109118342 4.551088467240334 5.676992386579514 4.470567926764488 117.0343823805451 59.00081787258387 14.16191458702087 18.38506595790386 35.12311344593763 5.220319792628288 4.719407096505165 1.737609371542931 1.091713152825832 0.2259079366922379 53.03240942209959 1.308389537036419 0.9292365312576294 2.320237562060356 6.212416380643845 0.1086179614067078 0.2634203061461449 0 1.554118305444717 1.738886535167694 46.10920057445765 127.4916049391031 12.72124049067497 26.4920632019639 5.185334108769894 40.62581019103527 0.260657861828804 117.288577273488 1.211009070277214 1.4831273406744 0.8707160130143166 3.353044338524342 9.820389449596405 19.30586629360914 112.8675534576178 3.183206543326378 0 134.0485677495599 80.20356319844723 153.2331300899386 29.11196816712618 10.68893598765135 44.37112127989531 594.8630222305655 5.391593642532825 101.191897302866 4.71448640525341 0 0.7838495597243309 0.5368869602680206 0.5775462538003922 0 0.08896826207637787 0.09286808222532272 0.5239438191056252 0.3632422164082527 68.42405073344707 9.75266607105732 0.8293615132570267 92.68409875035286 13.8620465695858 0 10.08129335194826 239.2025301009417 0 0 1.947682097554207 0.3612387478351593 7.184459179639816 7.937093839049339 0.1808407306671143 2.816555291414261 8.480900630354881 1.596133813261986 3.601105749607086 4.9827651232481 14.92231909930706 13.15498173236847 7.091320902109146 1.628695599734783 0.143387034535408 0 0.316384881734848 0 0 0.1330983340740204 0 0 0.3220620453357697 0.2172465920448303 0 0.1059172749519348 0 0 0.6020421385765076 0 1.266971237957478 0.9012590646743774 3.889893040060997 2.489786557853222 0 0 0.2012134790420532 3.43468315154314 0.6560738235712051 4.800120286643505 2.332242980599403 1.956158801913261 0 0.1113708093762398 0.1282021254301071 0.6928147748112679 0.1624694019556046 0.5373178124427795 0 0.4877654612064362 1.082179799675941 0 0 0.1372121721506119 0.7440331801772118 0.426527351140976 0 0 0 0 0.1446549296379089 0 0.3849601149559021 0.8774031028151512 16.09011486172676 0.9485011920332909 0 0.2298163175582886 0 0 0.1105479225516319 0.09286868572235107 0 0.2671139091253281 15.63536283373833 2.662175342440605 0.141449436545372 0.1074640303850174 0 5.168502248823643 4.084862567484379 2.08374897390604 0.484149307012558 0.4852516204118729 2.950545653700829 0.2393381148576736 1.327548034489155 0.1043077483773232 0 0 0 0 0.1026078090071678 0 0.08429634571075439 15.84360626339912 5.821102984249592 3.498097628355026 206.4719857573509 5.098681047558784 127.9050944447517 32.57104162871838 200.1568588167429 11.21445809304714 1.203722350299358 7.47431293129921 15.92338943481445 0 2.630898714065552 5.407348498702049 11.51407773792744 0.304572731256485 0.5732282996177673 0.2453048825263977 2.421180948615074 0.178777813911438 35.44542324542999 10.22497916966677
2156.020626015961 2427.958228267729 259.6515841707587 573.1311626732349 144.4461687207222 248.3904308825731 602.6632027626038 6.618422657251358 51.65745855122805 2872.195581078529 14.0304064527154 626.4968143552542 865.4630061984062 28.49124094843864 5.569995179772377 0.9931216165423393 0.27244633436203 0.2184073477983475 0 0 0 0 0 0.2315549626946449 0 0 0 0.09907285869121552 0 0.2906935214996338 200.9567166492343 0.8498192355036736 0.4438118934631348 0 0.09435027837753296 0 0.3764656484127045 0.7141476348042488 1.662606574594975 0.6662678420543671 0.3086473643779755 0 0.07917162030935287 0.07998967170715332 0.6267962381243706 0.102491520345211 38.77239034324884 0.7612477242946625 0.4703965336084366 0 0.4812879636883736 0 0.3576150014996529 0.09757305681705475 8.752705909311771 6.751129150390625 149.9325615540147 543.0047589465976 75.20493008941412 82.18689714372158 0 0.08401598781347275 0.1901458948850632 17.07031206041574 2.823919035494328 2.372557461261749 0.8046664893627167 1.502652212977409 0.3091139793395996 0 1.08070757240057 1.186531454324722 0 475.1356234028935 31.45022111386061 97.38695319741964 0.8321474865078926 0.2639763355255127 0.1775995120406151 1.108397893607616 0.2883731797337532 0.785927951335907 13.49273746460676 0.1163375526666641 1.798376016318798 1.735608547925949 0.2712287753820419 0.1252100765705109 0.8127641752362251 0.1006809547543526 0.9633985012769699 0 0.2965172156691551 0.2187555655837059 0 13.29600212723017 1.347087241709232 0 1.105703167617321 500.6005893945694 0.8363463208079338 4.606900215148926 10.12825474143028 50.60613091289997 0.3266312777996063 8.723268702626228 20.52972266077995 2.529905408620834 191.0202878937125 11.13815660774708 0.4403009712696075 31.64627408236265 65.78928425908089 31.67389818280935 1.337427981197834 0 0 0 0 0 0 0 0 0 0 0 0 0 0 0 0 0 0 0 0.2736997306346893 0.9952881932258606 0 0 0 0.6427322626113892 0 0.3932277336716652 0.7534133568406105 1.026370391249657 0 0 0 0 0 0 0 0.1259659677743912 0 0 0 0 0 0 0.1142823472619057 0.1115680932998657 0 0.5147102028131485 0.2188072204589844 0 0.3207164406776428 0.4650449603796005 1.168731391429901 0.1532142758369446 0 0 0 0 0.08542587608098984 0.1127058789134026 0 0 0.6110243201255798 0 0 0 0 0 0 0 0.6883718520402908 0.2813608199357986 0.2244113013148308 0 0.09663394093513489 0 0 0 0 0.09904751926660538 0 0 0.09933518618345261 2.935209669172764 0.6880769580602646 0.884657621383667 276.224101960659 6.643762432038784 196.3853235840797 27.9540087506175 896.6517758667469 16.66910152882338 6.26126416772604 6.317784935235977 16.63261142373085 0.2403674721717834 1.206850968301296 0 24.46366208791733 0 0 0 0.5988853126764297 0 102.5563326328993 3.109635531902313
36.08212927728891 1940.919206827879 731.8328866586089 144.4461687207222 2236.691153630614 0.6920927241444588 2983.688725940883 196.2356447800994 6228.094252362847 1061.792734235525 921.1111456602812 121.7578959390521 1338.95164424926 489.5068873465061 14.75763222575188 7.013014696538448 0.5424151793122292 0 0.08325368911027908 0.1921435967087746 0 0 0 0.1033996194601059 0 0.1266732513904572 0 0 0.100474014878273 0.1769877076148987 112.065155223012 1.720880314707756 4.149331338703632 0.137233704328537 0 0.1252874881029129 2.558904901146889 0.7437062710523605 0.129151314496994 0.2464965358376503 0 0.2710597217082977 0.2010646909475327 0.3317979797720909 0.1879044324159622 0.2372803315520287 40.04676278680563 0.1917648836970329 0.2177437618374825 0.07516869902610779 0 0 0.1950754970312119 0 1.521158874034882 0.6768764704465866 11.87351833283901 41.55405312776566 10.93669340014458 20.92485548555851 0.31573386490345 0.1729195117950439 0 27.15382198244333 0.8805659487843513 0.5063177198171616 0 0.4602399691939354 0.2400480806827545 0.1038417667150497 4.787956215441227 0 0 88.37437155097723 28.73675689846277 80.99878636747599 7.479177974164486 1.221797958016396 0.1676427870988846 2.126198060810566 0.3315618261694908 0.2559292018413544 3.544320374727249 0 0.2491634637117386 0.7995800748467445 0.08659461140632629 0.1001587510108948 0.1780887693166733 0.1873097270727158 0.2815766409039497 0 0.08480063825845718 0.1653309017419815 0 13.23256247490644 0.08940628170967102 0 1.582932502031326 3.043725579977036 0 0 1.741680800914764 0.3335219323635101 5.594919010996819 8.395528241991997 0 0.829855740070343 4.921047225594521 2.221679970622063 0.7894323915243149 6.508533284068108 18.8047364205122 11.24656948447227 5.95213495194912 0 0 0 0 0 0 0 0 0 0 0 0 0 0 0 0 0 0 0 2.375602006912231 2.630535155534744 0 0 0 0.5950214266777039 0 1.509807288646698 1.338649861514568 0.5947344899177551 0 0 0 0 0 0.3495759069919586 0 0 0 0 0 0 0 0 0 0 0 0 0.3002791404724121 0 0.9664544463157654 0 7.16766420006752 0 0 0 0 0 0.6569629311561584 0.09152355790138245 0 0 6.789270639419556 0 0 0 0 1.565417468547821 1.314605839550495 0.3415805399417877 0.2172122150659561 0 0 0 0.2495131641626358 0 0 0 0 0 0 0 0 8.854748919606209 0.258837103843689 2.650831744074821 176.336848936975 2.525183752179146 102.5732121840119 14.65930453687906 8.388771936297417 9.492224141955376 1.973565675318241 7.256323881447315 15.01012167334557 0 2.032496139407158 0.7954234480857849 13.33490225672722 0 0.1932459622621536 0 1.777493678033352 0.157134011387825 22.60231515020132 3.979523479938507
83.79951655864716 110.3415881693363 41.41711482405663 248.3904308825731 0.6920927241444588 9.657083362340927 19.41143711656332 1.629536122083664 0.5313727408647537 613.4648612737656 0.9627022370696068 220.7266787663102 44.4766261652112 5.063684172928333 2.235899530351162 2.485985212028027 0.2558277547359467 0 0 0 0 0.7476968169212341 0 0 0.3409940153360367 0 0.2783370316028595 0 0.4183402359485626 0 44.3531750664115 3.189995765686035 5.994938656687737 0 0 0 8.232095152139664 0.2150674611330032 2.716877222061157 1.189322456717491 0 0 0 0.4317100048065186 0.1584698706865311 0.2541184946894646 0.5330691635608673 0.1351044476032257 0.1388244330883026 0 0.4008496254682541 14.05478394031525 2.890565186738968 0.2778977751731873 0 0.1325744092464447 145.3550776541233 18.16453079879284 7.055188864469528 0 1.052610740065575 4.033062294125557 0.1498243808746338 0.7555620819330215 0 0 0 0.117779865860939 0 0 38.47265221178532 68.55401602387428 1.753792956471443 1.444197200238705 0.365522101521492 1.194988757371902 0.4586396515369415 0.1135111674666405 0 0.8157724440097809 0.8069602400064468 3.475187391042709 0.2548499703407288 0.9511473104357719 0 0.3382300511002541 0.2365215867757797 1.894881755113602 2.485774628818035 7.905413568019867 2.241356521844864 4.810396112501621 0 0 1.887783005833626 250.8450495898724 231.6562011986971 17.23439671099186 14.80380466580391 267.9398654997349 0 2.617970794439316 1.746711373329163 0.3223602026700974 2.535601302981377 4.512826576828957 3.306593671441078 2.08958275616169 13.50757648795843 21.30515719950199 0.5355320572853088 8.328580483794212 33.27818682789803 11.69464528560638 0.7165808528661728 0.1090072840452194 0 0 0 0 0 0 0 0 0 0 0 0.1926707178354263 0 0.1205221861600876 0 0.1409704983234406 0 0.1473941653966904 0.3669130206108093 2.634164571762085 0 0 0 0 0.5457367897033691 0.3377116322517395 0.208438865840435 0.1030811965465546 0 0 0 0.1488228291273117 0 0.2957237362861633 0 0 0.1946986019611359 0 0 0 0 0 0 0 0 0 0 0 0 0.3731114566326141 2.612129241228104 0.2225135713815689 0 0 0 0.1666084825992584 0 0 0 0 1.627350926399231 0.9194733202457428 0.1475212126970291 0 0 3.63802969455719 0 0 0.5975929498672485 0 0 0 0.1109835132956505 0 0 0 0 0 0 0 0 8.017248585820198 0.5386829972267151 0.3392141908407211 82.99619674682617 0.2820261791348457 5.4865478053689 1.701861292123795 193.5680722594261 1.836615726351738 0 0.3686915040016174 20.7124141305685 0 0.4378158748149872 0.321745939552784 53.37376537919044 0.2067389190196991 0 0.4670142531394958 0.6918157339096069 0 61.32382647693157 19.49186582863331
183.0167399048805 4658.321474775672 172.6553574502468 602.6632027626038 2983.688725940883 19.41143711656332 1634.280589446425 17.67428075522184 4546.876898780465 1433.235632188618 137.0544120520353 157.1380719467998 2788.33451128006 1443.403513535857 59.01988306641579 23.34868249297142 1.589235529303551 0.3233493641018867 0.2760857343673706 0.08890804648399353 0 0 0 0.4531940892338753 0.7442878112196922 0.19845200330019 0.3651156276464462 0.2274695336818695 0.1251106709241867 0.3627176582813263 281.9446920230985 5.382864288985729 5.555279746651649 0.2979865893721581 0.428492859005928 0.1637192964553833 7.236278049647808 1.513473458588123 2.437402293086052 2.612498469650745 0.3430739939212799 0.09759758412837982 0.2221826612949371 1.402881465852261 0.64157535135746 0.7285477519035339 164.4699606075883 2.972846873104572 1.044852070510387 0.2385807111859322 0.6754656061530113 0.1982885673642159 0.2367826253175735 0.1113420501351357 7.437561765313148 7.17204624414444 67.98199649900198 217.933997400105 57.57287471741438 127.1410819962621 0.5333161652088165 1.943182729184628 0.2054565325379372 74.77014464884996 3.895831346511841 3.050905406475067 0.8089521452784538 2.599549815058708 1.167503207921982 0.6355674564838409 16.79414071142673 0.7033287286758423 0 470.3498322293162 109.560159444809 401.0739181190729 25.1953105032444 4.733242556452751 0.4998490959405899 1.445230387151241 1.450874596834183 1.100763104856014 21.49008250981569 0.08643674850463867 2.927186839282513 2.787780903279781 1.306520093232393 0.4188649132847786 1.535253763198853 0.09902519732713699 0.622498482465744 0.3975479602813721 0.9279701262712479 0.1862975507974625 0.3535224869847298 18.8635813370347 1.323539562523365 0.3220055103302002 2.895566865801811 18.32769941538572 5.983157001435757 12.82358668744564 66.53431428968906 160.7870187535882 6.781697198748589 36.2678577452898 29.8557949885726 12.86573125422001 62.28982608020306 44.39806090295315 3.859400376677513 33.96701072901487 91.24506675451994 79.80226819962263 8.751943364739418 0.4894130229949951 0.3077734410762787 0 0 0 0 0 0 0 0 0.1048165783286095 0 0 0 0 0 0.2630999833345413 0.1154880300164223 0 6.522563010454178 6.847697459161282 0 1.678884297609329 0 3.512875273823738 2.630923315882683 1.899775624275208 1.460189513862133 1.010417401790619 0 0 0 0.6608093082904816 0 0.3851730823516846 0 2.144497342407703 1.380041569471359 0 0 0 0.2411505579948425 0 0.5343496426939964 0.5165898576378822 0.1044128984212875 0.9624520093202591 5.53750292211771 0.2964836955070496 0.8915067911148071 0.985813096165657 16.86858600378036 1.701176755130291 0.2130430415272713 0.2494785413146019 0 0 0 0.09843887388706207 0 0.09598533809185028 10.48150131106377 0.1452853828668594 0 0 0.09153732657432556 4.123233318328857 1.702417701482773 1.381551995873451 5.183556847274303 4.848913140594959 2.510271966457367 0.298087939620018 0.08151420205831528 0.1042696461081505 0.1718304380774498 0 0.2717406451702118 0.08829035609960556 0 0 0 20.21156843006611 4.977851629257202 4.221802040934563 624.4366630017757 16.25324005633593 420.9113703370094 79.0656761303544 60.68953077495098 45.10808188468218 6.426934115588665 26.25360647588968 25.5103228315711 0.2245263010263443 17.03048725426197 2.334122553467751 35.16905295848846 1.542393185198307 0.2593462765216827 2.930064246058464 7.94879836589098 0.9709466546773911 63.36113331466913 13.34734543412924
32.76174268871546 293.2286738976836 3593.497527681291 6.618422657251358 196.2356447800994 1.629536122083664 17.67428075522184 1387.559738695621 134.8272439539433 10.33209836483002 1561.606800757349 206.0925233215094 705.2279840186238 2433.65888543427 27.78719230741262 32.56948029249907 1.217146381735802 1.527097560465336 1.472963839769363 19.71632175147533 43.38574424386024 0 28.76532139629126 58.98801144212484 10.35233651846647 7.258856147527695 13.71659434586763 4.241216160356998 1.276392802596092 5.012828722596169 1186.68860026449 1248.496808752418 385.4483236819506 22.98527060449123 24.27539639174938 8.990050323307514 65.97786079347134 61.26013203710318 12.60924415290356 13.20279038697481 52.46967477351427 5.078205421566963 15.62481722980738 1.745807953178883 7.60254892706871 1.015404641628265 34.12489033490419 1.235693536698818 1.318748243153095 3.185443192720413 11.14140672236681 0 0.7883503213524818 0.6100751832127571 0.4574451819062233 0.9671214148402214 16.62621268630028 67.24926615506411 7.711860552430153 16.5213219076395 166.2160869240761 312.3476606085896 1.076381646096706 114.7751227468252 0.5323879793286324 2.048418655991554 1.373093880712986 7.753388576209545 48.87344586849213 71.97205595672131 93.12131235748529 3.410110883414745 0 93.43022308498621 60.282844401896 111.6494295820594 66.36489944905043 336.4114006310701 1621.442446015775 973.2464176416397 140.3132798299193 975.8226340785623 2.801996327936649 0 0.7758225128054619 0.8617424890398979 2.807449743151665 0 0.196759931743145 0 0.2342340052127838 0.1209282800555229 235.1359058618546 15.8479251563549 0.6033641919493675 100.0655253827572 9.28277438133955 0 6.577621132135391 17.78253016620874 0.3323884010314941 0.2651990056037903 0.6031815707683563 0.8692108988761902 7.098825752735138 8.475165963172913 2.920513868331909 3.684519439935684 7.978627607226372 2.221329942345619 4.431224346160889 8.732416331768036 33.35487589985132 21.67052698880434 9.373630449175835 0.4346259832382202 1.564362764358521 0 0.105049803853035 0 0 0.1167192012071609 0.2656360864639282 0 0.1726742088794708 0 0 2.017942309379578 0.1137243285775185 0.222634993493557 0.7495248168706894 0.09351786971092224 0.4656389430165291 0.1615457385778427 3.738666623830795 6.603373870253563 0 1.452622950077057 0 2.399820238351822 4.109086632728577 3.478670671582222 2.347176946699619 3.157336555421352 0.2174493819475174 0.2418228164315224 0 0 0 0.105849027633667 0.8262813836336136 0.08538201451301575 1.392045304179192 0.1314033269882202 0 0.2475401163101196 0.1115234419703484 0.5891967341303825 0 0 0 0.2269256114959717 0.6211748123168945 0 1.415114298462868 1.988617345690727 17.75985251367092 0.4058318138122559 0 0 0 0 0 0 0 0.1397680044174194 21.11733967065811 0.666227750480175 0.0984349325299263 0 0 2.996074438095093 2.011914387345314 2.299120157957077 3.560993120074272 0.6062114238739014 0.5435427203774452 0.1146391928195953 0 0.1399899274110794 0 0 0 0 0.1026700288057327 0.2114177346229553 0 15.31484370678663 8.042252719402313 4.119377493858337 110.1292914748192 3.650763720273972 83.65099791437387 22.09431607276201 8.36370675265789 6.653364971280098 0.6357258260250092 7.958545558154583 11.39606785774231 0 8.063386261463165 2.837644271552563 7.568051099777222 0 0.219838872551918 0 1.648901790380478 0.6654699444770813 24.64862013608217 13.84211730957031
4.084468595683575 1393.276135116816 919.1606800109148 51.65745855122805 6228.094252362847 0.5313727408647537 4546.876898780465 134.8272439539433 787.3117734491825 306.6300286725163 1332.426225468516 109.5240055918694 4336.48710321635 2894.01873216033 13.31868226826191 7.183593086898327 0.2373172789812088 0 0.09599433094263077 0 0 0 0.1027244254946709 0.1120930686593056 0 0.1494078189134598 0.09407631307840347 0 0 0.28706294298172 30.71288566291332 0.8783250451087952 2.325618222355843 0 0 0.302317202091217 1.694257609546185 0.2440715581178665 0.2724687606096268 0.6579278036952019 0 0 0 0.4178819581866264 0 0.2176600694656372 27.60215035825968 0.7212286219000816 0.3982479870319366 0 0 0 0 0 0.4638180360198021 0.3812825530767441 4.325504630804062 8.317221097648144 3.388211250305176 11.84023143351078 0.08347533643245697 0.7312058731913567 0 11.74547686427832 0.2548452168703079 0.3154830858111382 0.08485459536314011 0 0.1415486633777618 0 6.286741025745869 0.1451554298400879 0 36.94798032194376 14.04235997051001 56.95784835517406 7.418937645852566 0.9235423281788826 0 5.258562654256821 0.07520417869091034 0.5538623332977295 1.02393627166748 0 0.363522008061409 0 0 0 0.3144241273403168 0 0.07214756309986115 0 0.2033136859536171 0.08258288353681564 0 11.60637161135674 0.2719444110989571 0 0.1053356826305389 1.214659795165062 0.2961389422416687 0.6203357577323914 0.7120736241340637 0.3720934987068176 3.890083312988281 4.352726250886917 0.5020578503608704 2.513697743415833 9.135698460042477 6.030708312988281 0 5.97064770758152 17.61454017460346 8.048943445086479 3.090324476361275 0 0 0 0 0 0 0 0 0 0 0 0 0 0 0 0 0 0 0 3.131047695875168 2.051370307803154 0 0 0 0 0.804394006729126 0.5652480125427246 0.1447290331125259 0.4453456103801727 0 0 0 0 0 0 0 0 0.4285528361797333 0 0 0 0.1934426128864288 0.5228255987167358 0 0 0 0 0 0 0 0.3520040810108185 6.119396910071373 0 0 0 0 0 0 0 0 0 2.506016448140144 0.106801263988018 0 0 0.2280973047018051 0.9818999171257019 0.3882072865962982 0.4862257242202759 0.2700522541999817 0 0.1181188970804214 0 0 0.09697758406400681 0 0 0 0 0 0 0 6.933120787143707 1.733409062027931 1.237967796623707 126.3850163891912 1.330714896321297 55.94491609185934 13.33406692743301 3.276872262358665 6.697695478796959 0.9579084664583206 8.366891391575336 7.892892956733704 0 0.112333633005619 0 12.52635757625103 0 0 0 1.001653283834457 0.1488348543643951 14.41968903690577 6.084934219717979
1307.1327111274 959.0415301769972 42.94256149977446 2872.195581078529 1061.792734235525 613.4648612737656 1433.235632188618 10.33209836483002 306.6300286725163 2116.209330335259 52.39400807023048 3114.340553849936 6747.355090431869 575.1495053768158 45.18675143271685 14.78064684569836 1.60535603761673 0.0966135635972023 0 0 0 0.1339952945709229 0 0.470707394182682 0.307417131960392 0 0.2214522361755371 0.1581763923168182 0.1072845607995987 0.8621819093823433 143.8926340937614 5.009137362241745 10.29941868782043 0.2248262912034988 0 0 21.45527040958405 0.8965425118803978 3.28031300753355 1.197351463139057 0 0.2307147309184074 0 0.8413153663277626 0.6192206144332886 0.2057486101984978 126.4444525018334 3.639582902193069 1.315345585346222 0.5406267195940018 0.8217958733439445 0.9057935774326324 0.3113015815615654 0.712101936340332 11.22020749002695 9.266393847763538 153.9924287945032 363.4737232476473 82.75793671607971 123.7216692268848 0.1089633405208588 0.7263244986534119 0 37.39982510358095 3.70086919516325 2.947152093052864 0.6970527023077011 1.356827437877655 1.334135070443153 0.321873165667057 138.4418961182237 9.63246238976717 0 543.7851347178221 67.31070114672184 273.9046020507812 14.1005872413516 3.136410802602768 0.392243891954422 1.691910028457642 0.4765710681676865 1.016996271908283 20.38844504207373 0.1239535585045815 4.741778448224068 2.934036113321781 1.258260663598776 0.1048395484685898 1.555018566548824 0.2955199331045151 0.3282515183091164 0.2834484428167343 0.5231306552886963 0.2962296828627586 0.9679649844765663 436.1568709015846 61.52283155918121 0.8443891555070877 2.779869951307774 344.9400506168604 2.368095323443413 16.91457453370094 42.92175734043121 25.46585455536842 34.51011668145657 104.0491233766079 21.75370666384697 42.4541270583868 212.4006745442748 139.114171795547 15.40059646964073 127.8888074234128 436.216705724597 299.670766428113 30.22410483658314 0.5344588980078697 1.311815567314625 0.1772292107343674 0.1976156681776047 0 0 0 0 0 0 0 0 0.2779308035969734 0 0 0 0.5068848729133606 0 0.1300221085548401 21.84484490007162 18.22930671274662 0 0 0 6.091483436524868 6.472621336579323 9.812007278203964 3.53875170648098 3.118503794074059 0 0 0 0.4669463038444519 0 0 0 0.521205723285675 2.188358053565025 0 0 0 0.1369740515947342 0 0 0 0 0.7367041110992432 4.283393308520317 1.317706555128098 0.6022888720035553 3.231671795248985 47.02789026498795 0.9571128115057945 0 0 0 0 0.1464251726865768 0.2498115673661232 0 0 40.16333299875259 1.253016918897629 0.399479553103447 0 0 27.56524920463562 4.31688878685236 8.479542195796967 1.382086604833603 1.959807299077511 1.246153503656387 0.4483010768890381 0.2719350978732109 0 0.1034656763076782 0.1257040351629257 0 0.1176600754261017 0 0 0 107.9211823865771 9.189298316836357 8.39085465669632 951.5083523616195 15.96477672457695 417.2332356497645 80.12583512067795 1113.764999546111 36.59492238610983 7.991890147328377 33.24876315891743 127.6666030064225 0.3275023251771927 14.07327496260405 4.079043313860893 267.7137806713581 3.327494740486145 0.3633106648921967 1.56249612569809 10.63190446794033 0.504632905125618 752.6587213054299 132.6813531219959
15.30974154174328 284.7916976809502 2473.861221641302 14.0304064527154 921.1111456602812 0.9627022370696068 137.0544120520353 1561.606800757349 1332.426225468516 52.39400807023048 857.1125966757536 234.4609983116388 2037.822749383748 4752.548027455807 12.6071735098958 10.59470779448748 0.1036291420459747 0.5579895675182343 0 0.8972095474600792 1.233476176857948 0 1.792786166071892 7.692876540124416 4.778493896126747 2.532559812068939 4.801594920456409 1.120745912194252 0.2776206433773041 3.109724476933479 194.2060838639736 47.73820137232542 236.0050052627921 0.4332128614187241 1.68222264945507 1.332118317484856 71.07744225114584 33.55047915875912 7.709205269813538 8.588009707629681 7.367876909673214 0.8809403479099274 0.5959803834557533 1.125715985894203 0 0.1711296066641808 17.43739731609821 0.2191431820392609 0.2480682581663132 0.8493116721510887 0.4787687137722969 0 0 0 0.4037555158138275 0.5338874757289886 6.342610597610474 12.09729811549187 3.198273010551929 8.102245628833771 1.104789018630981 26.88333107531071 0.1438096314668655 20.08898707479239 0.08208649605512619 0.1910998299717903 0.2814118042588234 0.922588512301445 0.8572386354207993 2.842731028795242 39.14488203078508 0.3507063686847687 0 37.94467108696699 17.64631806313992 51.73901262134314 10.12943698465824 3.685406818985939 24.53793971985579 435.5221643447876 0.608596958220005 38.91559144854546 1.349393926560879 0 0.1835086494684219 0.5892320051789284 0.06968576461076736 0 0 0 0.1013858914375305 0 8.035251624882221 2.830268338322639 0.26844272762537 23.12835251539946 2.941076591610909 0 1.828101076185703 4.103567838668823 0 0 1.021540462970734 0 1.482257068157196 0.9477540254592896 0 0.8106371760368347 1.431941151618958 0.5801826268434525 0.4020663499832153 1.708281844854355 5.318924494087696 4.667683891952038 0.8433105200529099 0 0 0 0 0 0 0 0 0 0 0.1252146512269974 0 0 0 0 0.1080182567238808 0 0 0 0.5422720313072205 1.833108484745026 0 0 0 0.4650491327047348 0 0.2748137414455414 0.3119936287403107 0.1111546233296394 0.949671782553196 0 0 0 0 0 0 0 0 0 0 0.1092679649591446 0 0.2515417635440826 0 0 0 0 0 0.3706392049789429 0 0 5.330221250653267 0 0 0 0 0 0 0 0 0 2.723650753498077 0.6058483123779297 0 0 0 2.049429535865784 0.2024706453084946 0.6587665379047394 0.6673913896083832 0 0 0 0 0 0 0 0 0 0 0 0 2.741397708654404 0.5804802924394608 0.2443905621767044 57.80527640134096 1.241105064749718 39.54188404977322 9.883287847042084 3.056155122816563 3.326995275914669 0.6267264187335968 2.246256805956364 5.816270023584366 0.2931212782859802 0.1495037972927094 0 1.717642188072205 0 0 0 0 0 6.934723518788815 6.69623801112175
116.3915007859468 224.6844766736031 211.9599704369903 626.4968143552542 121.7578959390521 220.7266787663102 157.1380719467998 206.0925233215094 109.5240055918694 3114.340553849936 234.4609983116388 141.3165105879307 645.1065247654915 107.7498880773783 121.4622846320271 123.646178945899 4.262151248753071 0.5854903608560562 0.07199141383171082 0.1463425755500793 3.005133450031281 0.1325872242450714 2.840635254979134 5.643001832067966 5.627021744847298 1.779746867716312 2.405441582202911 1.879782736301422 0.4111497104167938 2.04358097910881 43.97845835983753 14.61395207047462 155.7629663273692 1.156916670501232 0.8551406711339951 0.3196952342987061 528.6775945499539 42.603760227561 7.945521883666515 42.70977817475796 9.825928784906864 2.616390958428383 1.405695907771587 7.014990575611591 0.5875838622450829 0.9619919508695602 99.08327770233154 1.056585319340229 1.584510751068592 1.321472428739071 1.475790418684483 0.4372508376836777 1.250426232814789 0.1370976269245148 0.4459065571427345 1.053245879709721 11.11657927930355 14.70532148331404 10.48507883399725 17.86182532459497 0.3853504806756973 21.95656254142523 0 35.85732911527157 0.4680597111582756 0.4209820777177811 0.2513490915298462 0.7668296843767166 1.095752641558647 2.58101112395525 420.9172184765339 9.114679500460625 0.3041860461235046 62.00968793779612 39.93789804726839 147.7010021060705 42.57831616699696 17.2947603315115 2.043267428874969 31.69844646751881 2.072595246136189 7.256502449512482 4.434007868170738 0.1263585388660431 0.8206486254930496 0.6602612733840942 0.5282584875822067 0 0.2389360070228577 0.2309792935848236 0.2450615614652634 0.3178377896547318 12.73712058365345 2.268121391534805 0.9058782905340195 1120.574355699122 112.9093245640397 0 19.05112410336733 23.97861312329769 4.561820149421692 13.03126069158316 45.12954564392567 19.74944769591093 42.95439820736647 96.0871292501688 20.45509307086468 39.28210612386465 161.4578218236566 112.1194811016321 21.11576016992331 169.113589450717 533.2772455066442 281.1825609058142 62.27250813692808 1.599138997495174 0.5061215907335281 0 0.1378582417964935 0.1405549943447113 0 0 0.4360330700874329 0 0.1761206984519958 0 0.1819054037332535 0.1631463170051575 0 0.4242105484008789 0.2516908869147301 0.9647227823734283 0 0 34.28469844162464 35.79709720611572 0 1.041605681180954 0 17.57157068699598 8.019092157483101 18.40100034326315 5.307828985154629 7.576135404407978 0.1230622082948685 0 0 1.624679580330849 0.674315020442009 1.142878159880638 0 1.101024314761162 1.00803267210722 0 0 0 0.5101892054080963 0.1291839480400085 0 0.1785626262426376 0 0.1145820915699005 2.004643119871616 1.3996801674366 3.773929797112942 4.299748539924622 90.12630803883076 1.283997036516666 0 0.3129832446575165 0 0 0 0.09624724090099335 0 0 83.53762001544237 4.070813059806824 0.23675836622715 0 0.1394393444061279 31.55989307165146 6.92384372651577 11.67372614145279 5.577606342732906 3.199647046625614 2.841611377894878 1.386488899588585 1.426050551235676 0 0 0 0.1218739897012711 0 0 0 0 185.1738436296582 23.31520314514637 15.12360992282629 967.819215208292 14.26141687482595 278.0343515202403 148.3409382179379 413.7477675750852 23.15809962898493 1.195834636688232 35.24624486267567 137.724709995091 0 19.71537336707115 3.458088435232639 276.1785015836358 3.884862765669823 0.1963092833757401 1.659923389554024 20.45355315506458 1.856534764170647 1276.419903919101 228.6165921315551
45.0025881677866 1494.831761717796 925.7856329157948 865.4630061984062 1338.95164424926 44.4766261652112 2788.33451128006 705.2279840186238 4336.48710321635 6747.355090431869 2037.822749383748 645.1065247654915 2960.84049500525 2922.061649255455 227.1887181028724 202.5492891892791 6.508185364305973 2.387508355081081 0.479595348238945 1.428406216204166 2.586996182799339 0 1.49018768966198 11.3528750538826 7.308880299329758 3.398170970380306 6.029997564852238 3.094872191548347 1.626322999596596 3.439382575452328 165.81145863235 24.40574084967375 532.6532046124339 0.7961303666234016 2.66212847083807 2.056523211300373 411.7113270834088 81.07972606271505 16.02816912531853 33.40226460248232 15.91352634131908 2.286262817680836 3.532490596175194 10.77017498761415 1.115698710083961 0.9775965884327888 198.2517605423927 2.226329013705254 3.52354521304369 1.882430218160152 2.644780956208706 0.1251689791679382 0.6828071177005768 0.1230507716536522 2.411885611712933 2.394934639334679 28.20486426353455 50.9296853095293 25.15112900733948 58.18830628693104 2.081107079982758 82.43861443549395 0.17420893907547 81.25173315405846 1.222157150506973 1.679578617215157 0.569375105202198 1.164713397622108 1.768955256789923 6.066063076257706 280.901619784534 5.090593308210373 0 201.2487949058414 103.0704605802894 416.4490950703621 94.53510474413633 29.89777934551239 7.688291274011135 161.0846456214786 2.587631717324257 23.90330090373755 9.732097208499908 0.1173132210969925 1.967388018965721 1.0473428145051 0.7793725095689297 0.1785213798284531 0.9725314378738403 0 0.4491040706634521 0.3145944401621819 26.72712317854166 4.638300016522408 0.8161324858665466 604.9704940989614 60.96385785937309 0.1804966777563095 19.18136370927095 15.08650147914886 2.440867230296135 14.39926631748676 39.7245455160737 14.97536228597164 36.99333244562149 92.13977228850126 11.92509104311466 37.56623680144548 122.9019524753094 74.26474852859974 25.00224666297436 149.3128961250186 438.809577666223 249.2387330308557 70.52916910499334 2.256044983863831 2.137338899075985 0.3386909961700439 0.1171627044677734 0 0 0 0 0 0.1392033249139786 0.1132377535104752 0.9150566458702087 1.74816831946373 0.2340955063700676 0.3565421402454376 0.2119662389159203 0 1.287580460309982 0 33.25942683964968 35.28474023938179 0.1304055750370026 4.186253227293491 0 15.54464512318373 8.466236919164658 19.3076434507966 5.364182852208614 6.270931579172611 0.2913694977760315 0 0 0.7926079928874969 5.415698543190956 1.819945305585861 0.2499935403466225 1.454058468341827 1.204475581645966 0 0 0.1201260611414909 0.7418093308806419 0.2324309498071671 0.09145959466695786 0.2646113038063049 0.3378853499889374 4.12308519333601 1.222334519028664 1.456598937511444 2.410666726529598 5.625835560262203 74.50069900602102 3.083339370787144 0 0 0 0 0.10263592004776 0.1028150022029877 0 0.1419632136821747 84.68303241580725 3.280192211270332 0 0.1306436806917191 0 30.20335964113474 9.956598840653896 16.46081911027431 4.201061621308327 5.019463919103146 2.941517256200314 0.3732800409197807 0.8217514008283615 0 0 0 0 0.1968597173690796 0.2402437478303909 0.1076559349894524 0 175.5660165548325 25.67787700146437 19.46668726205826 1423.801236741245 20.27627273648977 548.098086617887 208.2758423835039 125.2638529390097 53.3267408311367 3.543429009616375 64.20130974799395 118.2933473587036 0.1278751939535141 13.18486094474792 5.381122812628746 207.185011267662 7.652810126543045 2.188974678516388 1.410366475582123 20.89302776008844 3.257164463400841 450.6547510772943 141.530977383256
