189.4841334596276 1952.084329135716 229.6153585240245 768.9477699175477 73.20305652171373 41.46558837592602 442.4970982223749 7.453694052994251 10.51383854448795 814.8321414962411 36.80377668887377 371.2342327237129 39.42485643178225 14.12774959951639 5.834440186619759 1.804057344794273 1.069895058870316 0.4631833359599113 0.4109856262803078 0.1495375484228134 0 0.2302388846874237 0 0 1.590831845998764 0 0.7779718190431595 0 0 0 1324.412259228528 6.46236639469862 3.198749303817749 0 0.44351926445961 0.3856331259012222 7.647369831800461 0 5.937548100948334 0.9248386919498444 0.2686032950878143 0.1219713091850281 0 0.32136120647192 0.2392338067293167 0.2309690788388252 19.11197958886623 3.002929262816906 0 0.07541594654321671 0.4721260294318199 0.5747300982475281 3.028605192899704 0.6051508784294128 9.530346103012562 16.5921358242631 189.8112655207515 2768.535351835191 7.796746268868446 21.2515847235918 1.739407695829868 10.46633426100016 0.5797811895608902 479.9493861719966 30.7635115981102 12.32424999400973 3.237675849348307 1.834621459245682 0.2473849207162857 0 59.01088942587376 22.10780224204063 3.467852428555489 328.5283781737089 201.5367530435324 74.64618859440088 19.75662446767092 19.66347382962704 5.455408617854118 2.548573881387711 0 3.17609453946352 26.40237729251385 0.2656368911266327 7.409422617405653 7.387129638344049 1.645661540329456 0.1851685047149658 2.042975924909115 0.3216648101806641 0.1877059265971184 0.1766706556081772 0.1229205131530762 0.3651151955127716 0 72.19144104421139 454.2073484286666 16.05160200595856 40.10162471979856 876.2190276384354 0 3.374417088925838 13.486427038908 3.534577041864395 0.1153961345553398 16.48105244338512 0.3138302713632584 12.84634956717491 6.042617186903954 18.69258063286543 10.87140602618456 17.08357334136963 6.87499176710844 2.416698753833771 11.57661335170269 0 0 0 0 0 0 0 0 0 0 0 0 0.9152557104825974 0 0.1632430702447891 0.1612673103809357 0.2631680518388748 0.1226295977830887 0 0.545908510684967 1.535534992814064 0 0.5711652934551239 0 2.522473752498627 0.6366433948278427 3.09569127112627 1.016135104000568 2.7630420550704 0 0 0 0 0 0 0 0 0.1541493386030197 0 0 0 0.7966062724590302 0.3326686173677444 0 0 0 0 0.09569621086120605 0 0 0 2.418412998318672 0 0 0.07583664357662201 0.0815940648317337 0 0 0.1486691944301128 0 0 2.193469606339931 0 0 0 0 6.245860569179058 0 0.3223799839615822 0 0 0 0 0.1167043372988701 0 0 0 0 0 0 0 0 5.207724064588547 4.827338233590126 3.846893459558487 670.2539879232645 7.448963534086943 196.9126408807933 30.48490628600121 1857.374607935548 17.96631252765656 0 43.76441539078951 191.4275573417544 0.34318807721138 0.4701530337333679 0.3805458843708038 12.58769007772207 0.5977968126535416 0 11.05288331210613 2.405970871448517 0 434.2962320446968 2.306683897972107
1952.084329135716 2262.239807851613 1398.735868789256 673.9482231661677 1899.767978258431 312.3412763997912 2951.218178421259 213.5575971156359 343.4180716723204 2404.117985501885 209.7057265937328 999.1621995642781 1351.022890582681 1025.865351259708 20.37473688274622 3.48919752985239 1.092919513583183 0.3102041259407997 0.7271513268351555 0.344193197786808 0.5180089473724365 0.6653695851564407 0 0 10.32701063156128 1.20146732032299 2.432270236313343 0.3783549964427948 0.3436283320188522 0.137602910399437 3381.482499152422 113.1550458222628 90.10385692119598 0.8890178725123405 8.928418353199959 5.503267623484135 36.4982560351491 0.4337097853422165 13.12856005132198 4.31086428463459 0.7724646404385567 0.2851326614618301 0 4.749573417007923 0.9453815296292305 4.151894472539425 58.99983561038971 3.699354559183121 0.2052605152130127 0.3376870304346085 0 0.7221714854240417 0.4554648846387863 0.6275336742401123 9.230182930827141 21.93484575301409 78.18207189440727 1500.414476618171 9.329693488776684 64.64240121096373 11.66347701102495 35.05814468860626 9.782050870358944 568.7834877669811 42.30110429599881 17.02924761921167 5.545681860297918 2.582851879298687 0.3603347390890121 0.5153621286153793 290.5076931193471 0.5124930739402771 0.1343797296285629 496.306636556983 157.8214174509048 290.3596267476678 35.14536405354738 77.52534582465887 71.12550722062588 20.25849447399378 1.223424732685089 8.4052754342556 36.57460352033377 0.42933090031147 13.01316184923053 10.83629430085421 1.567431636154652 0.3620414659380913 3.466946452856064 0.1660830304026604 0.4838804453611374 0.07852575927972794 0.7121927365660667 0.1298702508211136 0.1951702684164047 507.4372516572475 86.92258279025555 0 41.06240172684193 225.0396378412843 0 7.175428561866283 34.42575125396252 6.455398142337799 1.345284566283226 42.66585313528776 5.625852510333061 29.51409105956554 16.49584636092186 58.99675623327494 42.0760332942009 66.89882764220238 27.09101516008377 12.83398099988699 71.16385485976934 0 0 0 0 0 0 0 0 0 0 0 0 0.5660646855831146 0 0.1244603246450424 0 0.4180334955453873 0.2564308643341064 0 0.9479767978191376 6.148651443421841 0 0 0.6307401210069656 18.95347828418016 0.5048040151596069 15.49007052183151 0.6873482167720795 2.295835793018341 0 0 0 0 0 0 0 0 0 0 0 0 0.5748289152979851 0.129899799823761 0.1855430006980896 0 0.4851467609405518 0 0.4371592700481415 0 0 0 7.971373505890369 0.1356081664562225 0 0.2377122640609741 0.523640438914299 0.1001254767179489 0 0 0 0 22.45967507362366 0 0.120520144701004 0 0 16.15566468983889 0 0 0 0.1352802067995071 0 0 0 0 0 0 0 0.2874783203005791 0 0 0 28.74874465167522 24.85974813252687 13.16149365156889 546.3961475938559 13.52131377160549 837.230477578938 261.1474546194077 1373.283361651003 42.27383641898632 0.8859745785593987 226.635038472712 287.0070843696594 0 0.1583718657493591 0 26.57995753735304 0 0 14.48005505651236 22.36419172585011 0.1693906188011169 418.1384692415595 1.046475544571877
229.6153585240245 1398.735868789256 1071.086336061358 3.367969460785389 1475.07516810298 1.484919533133507 224.4984452277422 1010.482803165913 563.6865628510714 10.05224857479334 862.8117655366659 86.54690109938383 264.1106959804893 1117.860972136259 13.82758124917746 3.483107298612595 10.72367025911808 3.760255828499794 9.371853433549404 1.949734628200531 4.508080996572971 2.944142773747444 0.1404770910739899 2.412844106554985 76.93970034271479 7.318237669765949 16.79292938113213 0.9282808229327202 1.158976495265961 2.481772139668465 2084.486699052155 1069.459461890161 530.9677039831877 24.70664247125387 67.67844314873219 38.17743784934282 169.3493229225278 4.881953708827496 41.0168340280652 22.73117607831955 2.687266051769257 2.013998761773109 0.9976595118641853 32.88932361453772 25.5513080060482 63.9688753336668 27.06790830940008 1.226465716958046 1.929408445954323 2.11386600881815 0.3421887457370758 2.910120993852615 1.225882142782211 1.061820723116398 2.917774364352226 6.578568838536739 17.11615361273289 335.3871443867683 2.16132415086031 23.54261745512486 109.5439666733146 188.6838321238756 63.37008440494537 955.0296199023724 12.66712361946702 4.473659839481115 1.536687433719635 1.423520192503929 3.746187500655651 4.77097924798727 320.1983176991343 0.4783813133835793 0.2365715429186821 133.4951932281256 53.25027772039175 133.0462303608656 198.5591043382883 278.2085423916578 868.8805165365338 414.952469907701 17.2991279065609 139.3565190583467 10.79400699585676 0.09462754428386688 2.758721567690372 3.250626772642136 1.542642161250114 0.083905428647995 0.7816807776689529 0 0.3683869391679764 0.6787293553352356 8.544704541563988 3.449731223285198 0.8930491805076599 82.37208484113216 71.83004641532898 0.1165452972054482 69.07728413492441 21.02600236982107 0 0.640993557870388 1.65534669905901 0.7524661123752594 0 3.381853073835373 0.9575739502906799 1.588009990751743 0.9965242967009544 6.139820955693722 5.313366636633873 4.712080091238022 2.048556998372078 0.8544135540723801 8.048627205193043 0 0 0 0 0 0 0 0 0 0.1150356903672218 0 0 0.3421283811330795 0.3663787543773651 0.549192801117897 0.2569307908415794 0.4833162203431129 0.2653214633464813 0 0 0.2962548062205315 0 0.1524990797042847 0 1.788614615797997 0.1018585413694382 3.285258889198303 0.8496627807617188 0.6443961411714554 0.1535917073488235 0 0 0 0 0 0 0 0 0 0 0 0.8240017592906952 0.3211523592472076 0 0 0.0856877863407135 0 0 0 0 0 1.248369760811329 0 0 0 0.1431981287896633 0 0 0 0 0.1022566482424736 1.227019846439362 0 0 0 0.1277497559785843 0.8448967337608337 0 0.1444520652294159 0 0 0 0 0 0 0.09933479875326157 0 0 0 0 0 0 2.127616032958031 3.180732853710651 3.311032570898533 91.77725061029196 7.721447855234146 330.5461559891701 107.2369754239917 90.43952478095889 7.125476509332657 0.2860093340277672 27.80244440585375 12.22485436499119 0 0 0.1246481016278267 0.4950549453496933 0 0 0.1256846934556961 10.08657111227512 0.600988507270813 44.79727530479431 1.091594748198986
768.9477699175477 673.9482231661677 3.367969460785389 136.6162628531456 19.94395557045937 101.4933018386364 738.6859374269843 0 3.263882264494896 1309.246868826449 0.3311789631843567 1603.398304909468 485.0187056958675 59.63305342197418 0.09311762452125549 0.2020041644573212 0 0 0 0 0 0 0 0 0 0 0 0 0 0 82.98243632912636 0.5109406262636185 5.272530421614647 0 0 0 4.807039335370064 0 0 0 0 0 0 0 0 0.09359771013259888 1.844174936413765 0.1106495410203934 0 0 0 0 0 0 0.3161157518625259 1.152701273560524 11.22304863482714 147.144181035459 0.3635086938738823 2.333811268210411 0 0 0 11.11454479396343 1.950562946498394 0.7567522376775742 0.1571645364165306 0.4095169305801392 0 0 61.27386347949505 0 0 25.41771639883518 14.14303623139858 5.504560329020023 1.064570128917694 0.3200127482414246 0.1905842944979668 0 0 0 1.54643952101469 0.1182588413357735 0.6576441377401352 0.6498254016041756 0.07735708355903625 0 0.1669446900486946 0 0 0 0 0 0 40.9567037820816 18.75198745727539 0 3.412531509995461 116.7899762243032 0 0.586161881685257 1.5281892567873 0.400208555161953 0 2.345583379268646 0.149107426404953 2.565022230148315 1.860489524900913 3.615152850747108 1.376051962375641 11.2548888400197 2.298222847282887 0.3407636731863022 0.7406798154115677 0 0 0 0 0 0 0 0 0 0 0 0 0 0 0 0 0 0 0 0 0 0 0 0 0.2078976482152939 0 0.8421218320727348 0 0 0 0 0 0 0 0 0 0 0 0 0 0 0 0 0 0 0 0 0 0 0 0 0.3793396279215813 0 0 0 0 0 0 0 0 0 0.3133088946342468 0 0 0 0 0.6924430057406425 0 0 0 0 0 0 0 0 0 0 0 0 0 0 0 0 0.1050745099782944 0 66.33050657808781 0.7878339439630508 16.87101153284311 2.343457102775574 648.41950648278 1.000053986907005 0 5.140402689576149 26.71819675713778 0 0 0 1.232955083250999 0 0 0.6792341396212578 0 0 176.3427071720362 0
73.20305652171373 1899.767978258431 1475.07516810298 19.94395557045937 1376.552886605263 9.761566355824471 891.3752406090498 356.3541806191206 1477.122303262353 105.9369764477015 409.4955940395594 266.9829516559839 1323.616141617298 3320.578098252416 2.080538205802441 1.461614102125168 0.5119990259408951 0.2939545810222626 0.1723850518465042 0 0 0.1854328066110611 0 0.383438766002655 1.782847590744495 0.7348496317863464 0.7243187800049782 0 0 0 171.2010269910097 59.44312401115894 45.87649168074131 0.7390560731291771 1.47401487082243 1.004559680819511 13.74009376764297 0 2.643897645175457 0.6787265837192535 0 0.2987790256738663 0 0.5687887594103813 0 0.6185155063867569 10.16258646547794 0.4716963246464729 0 0 0 0 0 0 0.6430665254592896 1.155271738767624 3.494073182344437 34.88375541567802 0.4385067671537399 6.658322602510452 2.253174647688866 3.277921929955482 0.2781377583742142 35.1974707916379 3.35476541519165 1.448957249522209 0.228449784219265 0.1539162844419479 0 0 54.87041330337524 0 0 36.5667787194252 8.279817022383213 32.81552962213755 7.060876727104187 6.855835676193237 4.959977015852928 14.15994913876057 0.07728265970945358 0.5880967676639557 4.873815856873989 0.08419609069824219 1.456971898674965 0.9578786566853523 0.3235628455877304 0 0.2153860926628113 0 0 0 0 0.1210656017065048 0 71.33804639428854 17.62956852465868 0 10.24783930182457 2.00121009349823 0 1.251647487282753 8.760183721780777 1.969566442072392 0.9575398713350296 6.86882134526968 2.033319562673569 7.078981578350067 4.202088594436646 16.87840039283037 9.591697596013546 15.74835878610611 4.878321476280689 2.883714891970158 14.39680609107018 0 0 0 0 0 0 0 0 0 0 0 0 0 0 0 0 0 0.1103325262665749 0 0.2982451170682907 1.367601685225964 0 0 0 3.870349690318108 0.330880768597126 2.808116570115089 0.4930128157138824 0.7382967174053192 0 0 0 0 0 0 0 0 0 0 0 0 0.2013509422540665 0 0 0 0.06940578669309616 0 0 0 0 0.3090528547763824 1.568927712738514 0 0 0.1136909648776054 0.08925081789493561 0 0 0 0 0 3.071130245923996 0 0 0 0 4.86714344471693 0 0 0.1161380037665367 0 0 0 0 0 0 0 0 0 0 0 0 6.982367061078548 7.556742832064629 2.802483335137367 58.36315398663282 1.393862403929234 129.1408270448446 47.68179248273373 60.17034707963467 4.049367152154446 0 22.82708981633186 62.98089472949505 0 0 0 5.667896091938019 0 0 4.428348198533058 3.74938876926899 0 23.10501667112112 0.17765212059021
41.46558837592602 312.3412763997912 1.484919533133507 101.4933018386364 9.761566355824471 5.082339197397232 150.4968804866076 0.1545205861330032 2.490165203809738 101.3295497298241 0.9410247281193733 65.45684897899628 12.60653065145016 6.995917126536369 0.1671443283557892 0 1.036655858159065 0 0 0 0 2.226895079016685 0 0 2.736086279153824 0.4578342139720917 0.9481986910104752 0 1.552252516150475 0 28.3584531545639 0 5.894943922758102 0 0.7672688364982605 6.767838090658188 20.85926219820976 0.3856868594884872 24.89668779075146 2.422085165977478 0.2940872609615326 0 0 0 0 0 0.4449637681245804 0.09837188571691513 0 0 0 3.096568524837494 7.433322966098785 0.3515123426914215 0.4675579965114594 0.8045900091528893 111.4235630556941 192.016941614449 1.500377580523491 0.2913248538970947 5.437778055667877 24.29296587407589 0.2082017660140991 0.3570618331432343 1.225926004350185 0.524773396551609 0.2988205403089523 0.09424850344657898 0 0 63.62846298515797 84.41624177992344 15.81114783883095 11.28813380002975 4.599985212087631 0.9076244235038757 0.6497791483998299 0.2795901596546173 0.1632544547319412 4.703079432249069 0 5.869901269674301 1.013243079185486 0 0.4155770167708397 0.424668937921524 0 1.526140004396439 0.4775984063744545 3.431943483650684 0.3990776315331459 0.7731928154826164 0 0 0.1427965313196182 32.02871130406857 983.3446115553379 93.44588971138 128.4250178411603 391.2486803606153 0 0.9470961093902588 1.061598137021065 0.1580162942409515 0 1.222696900367737 0.3260736763477325 1.601004704833031 0.9301663041114807 1.67054682970047 0.8883016109466553 1.026998348534107 0.3914021849632263 0 0.951265849173069 0.1305230408906937 0 0 0 0 0 0 0 0 0.1356505900621414 0 0.1756394952535629 0.4219459891319275 0 0 0 0.2626848667860031 0.3789883404970169 0.1571269929409027 0 0.1262752264738083 0 0.4375011473894119 0.2614193931221962 0.2239956855773926 1.16376169770956 2.941806837916374 2.598599269986153 3.059394620358944 0 0 0 0 0 0 0 0 0 0 0 0 1.82369390130043 0 0 0 0.116183266043663 0 0 0 0 0.1379740089178085 0.5838824063539505 0 0 0 0 0 0 0 0 0 0.4711888283491135 1.831018030643463 0 0 0 0.335688903927803 0 0.1839397549629211 0 0 0 0 0 0 0 0 0 0 0 0 0 1.358605578541756 2.861212819814682 1.750999473035336 53.4954384714365 0.6330957636237144 10.41187530010939 5.481410592794418 460.8651649281383 1.597695872187614 0.6486061811447144 1.284850046038628 39.19061735272408 0 0 0.1456857025623322 2.116783104836941 0 0 1.947172731161118 3.635949403047562 0 29.95331688970327 0
442.4970982223749 2951.218178421259 224.4984452277422 738.6859374269843 891.3752406090498 150.4968804866076 414.7368970215321 11.22851883620024 394.2208084911108 1718.329242393374 67.54470193386078 720.5881551653147 2160.548955351114 1452.408313944936 5.140698060393333 1.229626201093197 0.4165243208408356 0.2062566205859184 0.3175495862960815 0 0 0 0 0 0.465660072863102 0 0.3849503919482231 0 0.09939012676477432 0.09453964978456497 77.69604930281639 8.608535215258598 16.52990421652794 0 1.174414202570915 0.1445184350013733 4.368659853935242 0.2354206144809723 2.778517656028271 0.2547077983617783 0 0 0.1164646223187447 1.187353104352951 0.1620731204748154 0.1424470245838165 16.8243767619133 0.3828952983021736 0 0.09675116091966629 0 0.5424507260322571 0.5282905697822571 0 1.576737865805626 3.321999773383141 8.92995211482048 80.85500331223011 1.08858535438776 9.972779430449009 0.6866313293576241 3.876298420131207 0.3956652581691742 46.71442668884993 7.063316933810711 2.864663831889629 0.5523042157292366 0.1453962028026581 0 0 132.4829265549779 0.4606347531080246 0.1420610547065735 68.18158030509949 15.68853957951069 44.63054851442575 7.627909496426582 9.78269661962986 3.091185949742794 6.851637542247772 0.2740631103515625 2.132735669612885 5.234420068562031 0 1.538110323250294 1.555904909968376 0 0 0.2242189645767212 0 0 0.07732681185007095 0 0.2195686399936676 0 458.4849466830492 53.80470538139343 0 17.89287257194519 14.92494458705187 0 10.36641880124807 48.96913787722588 15.01444665342569 1.980102054774761 113.6470417305827 6.161468893289566 45.59160125255585 36.80463889241219 93.12817651033401 55.76769474893808 161.8271900489926 60.98324509710073 27.25039665400982 75.5138581469655 0 0 0 0 0 0 0 0.6378021240234375 0 0 0 0 0.1761975437402725 0 0.1326226890087128 0.1910932809114456 0.1654953211545944 0 0 0.9950038567185402 6.412453390657902 0 0 0 15.84732260555029 0.4517798125743866 15.63534250855446 1.278864093124866 1.425680674612522 0 0 0 0 0 0 0 0 0.1037492454051971 0 0 0 0.1645960211753845 0 0.08732542395591736 0 0 0 0 0 0 0 8.407692365348339 0.1328043192625046 0 0 0.1049836128950119 0 0 0 0.1791616231203079 0 19.85143031179905 0.860737070441246 0 0 0 20.34517954289913 0 0.1281443387269974 0 0 0 0 0 0 0 0 0 0 0 0 0 33.25202348083258 15.06830841302872 12.14199931919575 298.2896965444088 4.19669584184885 223.7668453454971 108.2283652871847 315.5812721699476 7.556033402681351 0.5334675163030624 61.98927988111973 380.105403020978 0.350812166929245 0 0 37.70220494270325 0.1282119303941727 0 27.88210952281952 17.06395421922207 1.974824666976929 293.8133304938674 1.103548109531403
7.453694052994251 213.5575971156359 1010.482803165913 0 356.3541806191206 0.1545205861330032 11.22851883620024 218.4133747071028 430.6214884519577 1.276272356510162 1432.317237682641 20.20749282836914 64.70013462007046 574.6541825830936 14.83110707998276 5.670984409749508 9.659716159105301 3.722537346184254 13.00879413634539 4.65785177052021 7.095419242978096 0.4654299318790436 0.6121759414672852 1.420445263385773 96.51010799407959 12.10830853134394 21.02746059000492 3.55056269466877 1.764910392463207 1.517094448208809 1217.475882425904 624.4249790087342 538.2143220677972 36.94023635238409 85.07791243493557 48.29185797274113 114.1496953740716 4.024719282984734 36.11554981768131 24.70166064798832 4.39065657556057 3.006378754973412 0.6172727942466736 55.3587745949626 50.14019703865051 124.4164554476738 31.68559108674526 1.593595035374165 1.583590149879456 0.9720275327563286 0.36750278621912 2.641605451703072 1.671928308904171 1.066047847270966 2.123680725693703 5.494541063904762 14.58190544694662 151.2831451222301 2.629926957190037 21.51177720725536 199.9670312702656 296.5137590318918 105.7159371078014 1343.399252817035 9.951211933046579 4.296515800058842 1.832156710326672 0.4553151205182076 5.265082344412804 7.012182228267193 189.1582796871662 0.9621710777282715 0 129.6475740000606 42.75078838318586 147.766334861517 203.9563452452421 262.1893897950649 1002.260817147791 590.6907299384475 23.38609054684639 309.9112449660897 9.042396567761898 0.284076027572155 2.888231959193945 3.041423551738262 1.496397070586681 0.1194277703762054 0.9355489537119865 0.1885992586612701 0.07736965268850327 0 9.875803455710411 2.71798001229763 0.7705982625484467 51.4550212174654 61.81842268258333 0 53.62548930197954 1.752563200891018 0 0.2823804020881653 0.3245576471090317 0.09735880792140961 0 1.502522625029087 0.2537790387868881 0.1525604873895645 0.1057567074894905 1.944851353764534 1.328894414007664 1.619718670845032 0.328937292098999 0 2.504766903817654 0 0 0 0 0 0 0.1377845704555511 0 0 0.3767244964838028 0 0 0.4908855110406876 0 0 0.1583430618047714 0 0.1075273603200912 0.1157896220684052 0 0.1965463161468506 0 0.2218675911426544 0 0.726534903049469 0 2.936098366975784 0.6121081411838531 1.234846159815788 0 0 0 0 0 0 0 0 0 0 0 0.1647050827741623 1.362117879092693 0 0.063643679022789 0 0.06627818942070007 0 0 0 0 0 0.8459635749459267 0 0 0 0.3055083751678467 0 0 0.1475883051753044 0 0 1.00478133559227 0 0 0 0 0.4318057671189308 0 0 0 0 0 0 0 0 0 0 0 0 0 0 0 1.346994541585445 2.200796954333782 0.8148452565073967 87.96306197345257 13.62247953563929 312.9589490517974 79.62158876657486 45.18218578398228 7.509212113916874 0.09441637247800827 13.25969770550728 3.634155578911304 0 0 0.1009342521429062 0.9776313826441765 0 0 0.4509996697306633 1.395674154162407 0 30.29642684012651 0
10.51383854448795 343.4180716723204 563.6865628510714 3.263882264494896 1477.122303262353 2.490165203809738 394.2208084911108 430.6214884519577 171.0291324853897 109.9252013713121 322.8472151458263 333.7274812757969 1477.56630782038 971.0038055405021 3.584771081805229 0.5273478329181671 0.1396560221910477 0 0.1089954078197479 0 0 0 0 0 1.697054773569107 0.1798214465379715 0.1441172957420349 0.2285039126873016 0 0 49.84874165058136 59.70481459051371 92.61936911195517 0.12203099578619 3.750610753893852 1.887700416147709 21.86079773306847 0.2479061111807823 3.613097742199898 1.402315594255924 0 0.2742501199245453 0 0.1306686848402023 0.1071391478180885 0.3710805326700211 4.822838008403778 0.1381677985191345 0 0 0 0.3174219876527786 0.5930685102939606 0.1573370844125748 0.5183011889457703 0.7700305506587029 2.384645268321037 17.21640608459711 1.353198267519474 4.637374795973301 0.8356255516409874 3.331311210989952 1.276166543364525 22.07380630075932 2.011042796075344 1.086581990122795 0.4065170437097549 0.1782772168517113 0 0 53.90978516638279 0.1106010600924492 0 24.1974705606699 3.82173440605402 20.70568222552538 5.99298020452261 7.900545373558998 26.35183385014534 110.1315643042326 0.3663768768310547 3.383953377604485 1.978182524442673 0 0.6060175150632858 0.2263392880558968 0.08275588601827621 0 0 0 0.07750658690929413 0 0 0 0.4511182606220245 50.81342087686062 9.955151662230492 0 7.169384598731995 0.1273205578327179 0 1.399128258228302 3.707527317106724 1.496951073408127 0 5.586668945848942 0.2940076440572739 4.096729151904583 3.107146061956882 10.29357784986496 5.571649871766567 8.7586924508214 4.233570531010628 0.8948428705334663 11.28354920446873 0 0 0 0 0.09346550703048706 0 0 0 0 0 0 0 0 0 0 0.1246635466814041 0 0 0 0 1.027516059577465 0 0 0 2.39968354254961 0 3.376588761806488 0 0.4023890346288681 0 0 0 0 0 0 0 0 0 0 0 0 0 0.2870958745479584 0 0 0 0 0 0 0 0 0.6124537289142609 0 0 0 0 0 0 0 0 0 2.171464093029499 0 0 0 0 2.535596691071987 0 0 0.07897283881902695 0 0 0 0 0 0 0 0 0 0 0 0 4.449155889451504 4.322721868753433 2.995625220239162 37.35380338877439 0.4218622893095016 79.89662769436836 37.61711238324642 28.96744634211063 2.550980024039745 0.57523113489151 19.30866514891386 32.27668464928865 0 0 0 2.642524354159832 0 0 2.110476665198803 4.8975640386343 0.6767913699150085 13.11732766032219 0.953936755657196
814.8321414962411 2404.117985501885 10.05224857479334 1309.246868826449 105.9369764477015 101.3295497298241 1718.329242393374 1.276272356510162 109.9252013713121 1497.395553506911 9.172039344906807 2275.035242676735 2354.73240159452 585.9763749986887 0.9043748676776886 0.2168262004852295 0.1501588821411133 0 0 0 0 0.1773117184638977 0 0 2.916116654872894 0 0 0 0 0 119.1258195713162 0 162.051278039813 0.1169521287083626 1.271472692489624 1.120834797620773 103.9797918349504 0 3.142319336533546 1.887543588876724 0.4715581238269806 0 0 0.366858035326004 0.1496237814426422 0 2.706990249454975 0.338701456785202 0 0 0 0.7234138697385788 1.292784258723259 0 1.013552621006966 3.059809140861034 15.44479285925627 277.0610282048583 1.07514089345932 2.176836863160133 0.2840876877307892 4.761380642652512 0 13.10223028063774 4.861872792243958 1.541795887053013 0.5389584749937057 0.4628783538937569 0 0 748.0157372802496 3.374908491969109 0.2378895729780197 50.37253579497337 21.51257064193487 8.957420453429222 1.381986349821091 0.9724242240190506 0 12.53910452127457 0 1.542599260807037 3.826541878283024 0 0.5978388115763664 1.269182860851288 0.081456258893013 0.2023977637290955 0.6730189099907875 0.1074547842144966 0 0.2293909043073654 0 0 0 205.6018503606319 346.7645019888878 2.307199150323868 111.9786842018366 67.93674104660749 0 10.90501991659403 38.98907007277012 14.74295955896378 2.023557789623737 47.25909975171089 6.634129717946053 31.01302753388882 49.69623052328825 112.1526163592935 32.57565656304359 213.2297958210111 60.91228473931551 11.36750465631485 37.57722218334675 0 0 0 0 0 0 0 0 0 0 0 0 0.232878640294075 0 0.1676052361726761 0 0.2111741751432419 0.1135504096746445 0.1471479535102844 1.531643874943256 4.280148960649967 0 0.1524666398763657 0 5.401669882237911 0.8599178269505501 6.339732870459557 1.025571465492249 1.786660976707935 0 0 0 0 0 0 0 0 0.09840777516365051 0 0 0 0.589518666267395 0 0 0 0 0.09050262719392776 0.07997258007526398 0 0 0 4.11916609108448 0 0 0.1008866801857948 0.08594315499067307 0 0 0 0 0 7.945959195494652 0 0 0 0 8.266564905643463 0 0.1510711759328842 0.1615272164344788 0 0.2178229838609695 0 0.269570380449295 0 0 0 0 0 0 0 0 19.00570757687092 4.733077123761177 4.650701954960823 492.0836330130696 2.679828211665154 46.77652689814568 17.64367084950209 601.7116197645664 3.797567874193192 0 11.44149944186211 491.8646431565285 0.1571977883577347 0.1981876939535141 0 42.22973396629095 0 0 35.56992253661156 0.2076379358768463 0.5119168162345886 762.8497914671898 2.393910393118858
36.80377668887377 209.7057265937328 862.8117655366659 0.3311789631843567 409.4955940395594 0.9410247281193733 67.54470193386078 1432.317237682641 322.8472151458263 9.172039344906807 228.2882730215788 161.5996082574129 490.8354101926088 1926.658901646733 13.05242565274239 2.963266380131245 6.549772396683693 0.6058304458856583 0.578750342130661 0.9836899638175964 1.282933332026005 0.8652908504009247 0 0.6000364273786545 40.61282017827034 5.77351550757885 9.812813349068165 1.166124075651169 1.297031000256538 1.373453602194786 310.2685906738043 471.2911350131035 810.649062693119 2.7773033156991 41.32210915535688 23.21986506134272 203.4955265298486 2.901333689689636 25.4108888655901 14.64883959293365 2.095244452357292 0.9493285715579987 0.42075165361166 12.63258457183838 2.081439822912216 11.75215326994658 27.66750890761614 0.3996431976556778 0.2964345663785934 0.1275348216295242 0.3634169548749924 1.320639416575432 1.226770468056202 0.4278970211744308 1.19380734115839 3.464924465864897 5.70662697404623 51.28938703238964 1.485492669045925 15.5475440248847 36.64842559397221 136.5664987266064 20.96774443238974 155.624016277492 4.247150644659996 2.710809737443924 0.5816773772239685 0.3810035958886147 0.5915078222751617 0.6428651586174965 429.6625186800957 0.3221375048160553 0.2957685887813568 68.40958165377378 16.42080068588257 92.22938393801451 52.71532949060202 55.97935041040182 530.236715324223 629.4985725134611 12.98630875349045 376.8954775184393 6.121845990419388 0.09443407505750656 1.845316987484694 1.245099559426308 0.2357029914855957 0.09201180934906006 0.9706969261169434 0.1896189451217651 0.2280657440423965 0.29433473944664 1.047793745994568 0.8501585274934769 0.5074220448732376 143.561719827354 63.72985055297613 0.1799359619617462 65.40827418863773 0.7559520900249481 0.1114653944969177 0.826901838183403 2.802388660609722 0.7839954420924187 0.1269912272691727 2.812542900443077 0.4735814332962036 2.61711922287941 0.706315204501152 5.87569173425436 6.210832342505455 5.196398712694645 1.674428202211857 0.8028454482555389 8.766564086079597 0 0 0 0 0 0 0 0 0 0 0.1957712769508362 0 0.3132495507597923 0.1080070808529854 0.2964701503515244 0.1042129620909691 0 0.250491701066494 0 0 0.4172352626919746 0 0.1496153622865677 0.1256508976221085 3.338573716580868 0.6904803514480591 2.594388268887997 0.5412497371435165 1.07016995549202 0 0 0 0 0 0 0 0 0.08223924040794373 0 0 0 0.2827763706445694 0 0 0 0.0684555321931839 0 0 0 0 0 2.289673127233982 0 0 0 0.1587256789207458 0 0 0 0 0 3.770740620791912 0.1297935396432877 0 0 0.1117852702736855 0.9999700337648392 0 0 0 0 0 0 0 0 0 0 0 0.08930106461048126 0 0 0 4.085425913333893 4.237072721123695 2.305514574050903 77.16611700505018 4.869233340024948 300.0371907949448 115.4021541252732 54.9154699742794 4.38501001149416 0 25.71191269904375 14.4777337834239 0 0.09990917146205902 0 3.330716818571091 0 0 1.191888242959976 13.89762403070927 0.6058448553085327 40.92344343662262 1.181334815919399
371.2342327237129 999.1621995642781 86.54690109938383 1603.398304909468 266.9829516559839 65.45684897899628 720.5881551653147 20.20749282836914 333.7274812757969 2275.035242676735 161.5996082574129 340.8061211556196 1777.542909160256 660.3401507288218 7.910425059497356 3.683018013834953 1.641272008419037 0 0 0 0 1.348547875881195 0 0.5568012222647667 24.95203917473555 1.754919797182083 8.085097275674343 0.6237827688455582 0.9328701794147491 0.1758901178836823 16.71471997350454 3.418948762118816 190.2809341624379 0.5430324077606201 23.5868643373251 11.18064616620541 434.1649017632008 3.410430401563644 19.72350669652224 9.93967416882515 1.343356281518936 0.1886686533689499 0 0.406646192073822 0.1068868935108185 1.693503513932228 9.727765910327435 0.08936268091201782 0.2071122825145721 0.159086138010025 0 4.539987668395042 0.9648533910512924 0.3071452081203461 0.4229979142546654 0.4685112237930298 3.076787367463112 25.15485412627459 0 3.898967191576958 3.201951310038567 21.84981675446033 2.832530073821545 15.31319236755371 1.060900881886482 0.7549679726362228 0.298001941293478 0.3861508518457413 0 0.7919930219650269 243.2634506076574 3.608353137969971 0 14.93061093240976 4.684248141944408 14.95563013106585 8.826127432286739 5.468455977737904 4.784691125154495 138.4218787625432 0 5.630792453885078 0.9274552688002586 0 0.4257373735308647 0.3860031291842461 0.08102139085531235 0 0.06283994764089584 0 0 0 0.4096538126468658 0.3606087565422058 0.5245406031608582 473.7802927345037 51.09572622925043 0.9064103960990906 49.91425318270922 7.17187026143074 0 4.541758216917515 17.05589383095503 4.363538347184658 1.273977681994438 23.27919197827578 4.219344392418861 11.87079575657845 6.638172470033169 41.76970238238573 17.79841676354408 26.44038805365562 10.26772136241198 5.431014113128185 26.73050939291716 0 0 0 0 0 0 0 0 0 0.1346499919891357 0 0 1.353668376803398 0.6983090788125992 0.1485498249530792 0.1366348713636398 0 0.9363219663500786 0 0.4221603125333786 3.809669010341167 0 0.5592436790466309 0 5.525036372244358 0.1256676614284515 5.441104717552662 1.142055153846741 2.872324384748936 0 0 0 0 0 0 0 0 0 0 0 0 0 0 0 0 0.08804032206535339 0 0 0 0 0 3.722127988934517 0 0 0 0 0 0 0 0 0 6.428897313773632 0 0 0 0 5.516465373337269 0 0.2928997501730919 0.1009685024619102 0 0.1321585327386856 0 0 0 0 0 0 0 0 0 0 10.65222584456205 9.26707661896944 3.894052490592003 199.3601155951619 6.300254948437214 132.5795011147857 90.76700234413147 155.9333415850997 1.297782704234123 0 22.0622778236866 158.8373978212476 0 0 0 12.20839288830757 0.2409137785434723 0 7.549099966883659 16.80796447396278 0 234.8623006865382 1.557552084326744
39.42485643178225 1351.022890582681 264.1106959804893 485.0187056958675 1323.616141617298 12.60653065145016 2160.548955351114 64.70013462007046 1477.56630782038 2354.73240159452 490.8354101926088 1777.542909160256 1771.659827828407 3490.896086588502 6.798974819481373 1.648404389619827 0.6750808209180832 0 0 0.2403851374983788 0.2397041916847229 0.3403225392103195 0 0.515752300620079 49.54024612903595 1.70010407269001 8.093359410762787 0.7054601162672043 5.469278275966644 0.478485494852066 17.44119722396135 8.463559649884701 632.0437377020717 0.1641010046005249 20.82341465353966 14.15356726944447 666.0453363358974 16.39295101165771 41.25602252036333 48.19975443184376 1.79188035428524 0.4756004363298416 0 0.9152923226356506 0 0.6510868072509766 11.68880758434534 0 0 0 0 1.032320708036423 1.118716031312943 0 0.4624242633581161 0.8521104976534843 1.376143768429756 14.30343177169561 0.2637744098901749 3.095075286924839 1.832891672849655 18.75108580291271 3.53846737742424 16.07570274174213 2.00945745408535 1.276542596518993 0.3939787223935127 0.1354897990822792 0.2157474160194397 0.2705019265413284 381.1342874765396 0 0 17.59577636420727 3.434497304260731 22.60320288687944 13.86630461364985 9.090477243065834 9.649132996797562 208.0676903799176 0 5.264086231589317 2.075960837304592 0 0.6837854459881783 0.8809628188610077 0.06751526147127151 0 0.2349447160959244 0 0.1892436593770981 0.135561004281044 0.2472310438752174 1.038075894117355 0.1765601485967636 632.2457536235452 45.0858923047781 0 21.85649276524782 0.1630424857139587 0 4.543323218822479 17.14075121283531 7.682131789624691 1.089594721794128 22.64628355950117 3.616446562111378 11.37936298549175 17.39011983573437 47.75849314033985 28.25741174072027 33.16916360706091 16.34774114191532 8.898581728339195 42.24174903333187 0 0 0 0 0 0 0 0 0 0.563523530960083 0 0 0.3197998404502869 0.1250574141740799 0 0 0 0 0 0.5977448225021362 6.020185530185699 0 0.2982172667980194 0 8.609739169478416 0.9155375957489014 10.93533646315336 0.8355296775698662 2.636220276355743 0 0 0 0 0 0 0 0 0 0 0 0 0.7924852669239044 0.2912676334381104 0 0 0 0 0 0 0 0.1331848204135895 3.685937866568565 0 0 0 0 0 0 0 0 0 7.964479357004166 0.7652062177658081 0 0 0 8.673590652644634 0 0.1059108898043633 0 0.1000351905822754 0.149900957942009 0 0 0 0 0 0 0 0 0 0 12.78607760369778 8.910126857459545 4.313064701855183 165.0634667873383 2.535266391932964 205.1528808623552 130.2740855738521 67.92032524943352 1.163360185921192 0 31.89153681695461 154.3434438630939 0 0.1006726026535034 0 12.43070444464684 0.1563884168863297 0 7.646815337240696 15.82086823880672 0 112.1354612708092 1.708553358912468
14.12774959951639 1025.865351259708 1117.860972136259 59.63305342197418 3320.578098252416 6.995917126536369 1452.408313944936 574.6541825830936 971.0038055405021 585.9763749986887 1926.658901646733 660.3401507288218 3490.896086588502 1515.618377447128 24.08647527545691 7.803491972386837 2.393071010708809 0.3543980047106743 0.9759030044078827 0.5248523354530334 0.9650671929121017 3.986342176795006 0 2.205086939036846 44.80928705632687 5.494486942887306 16.56150382012129 1.506526336073875 0.4872846454381943 1.951666861772537 88.33896843343973 69.97401574999094 1519.934070430696 2.350191473960876 47.4825921729207 21.56720105558634 1516.311207965016 7.86081451177597 32.65113954991102 17.3235362842679 3.149033397436142 0.7210702896118164 0.3176217079162598 9.104030229151249 0.4749042615294456 3.501112975180149 38.91415446996689 0.7360295653343201 0.2420705854892731 0.3918775320053101 0 3.88801796734333 1.824696972966194 0.5938629657030106 2.059230118989944 3.334460634738207 5.512164488434792 36.14327781647444 1.446338802576065 17.02387611567974 16.09796188771725 96.00627152621746 12.32463569194078 72.21932921558619 6.234964478760958 2.512091558426619 1.155601613223553 0.7717325165867805 0 1.228672556579113 1384.394763931632 0.1512131541967392 0.3128924518823624 68.52718843519688 12.79728200286627 86.23436411470175 36.82604773342609 37.3998434394598 276.5422145724297 566.0370088070631 0.4787885546684265 85.6886425986886 4.979400709271431 0 1.364722080528736 1.195090591907501 0.2914924621582031 0.2398009449243546 0.6094964295625687 0.3394343256950378 0 0.3745325952768326 1.297207146883011 1.747680984437466 0 745.6923753023148 102.1910258233547 0 84.52172427624464 0.8195933774113655 0 10.53325761109591 30.41320119053125 10.47946894913912 2.7024110481143 37.18058394640684 7.112322568893433 28.63957709819078 17.67276947945356 87.83637479692698 55.64287360012531 71.06833434104919 32.64827762544155 19.17024348676205 69.14058617502451 0.3668746948242188 0 0 0 0 0 0 0.6082843840122223 0 0.1182430982589722 0 0 0.4109683781862259 0.464483305811882 0.1852306425571442 0.4729938805103302 0.56365767121315 0.6212158054113388 0 0.2659188061952591 6.666047520935535 0 0 0 12.84474813193083 1.46130945533514 20.61631351709366 2.437272265553474 3.346448123455048 0.3053456246852875 0 0 0 0 0 0 0 0 0 0 0 1.242623910307884 0 0.08238738030195236 0 0 0 0 0 0 0.2101192772388458 8.994767136871815 0.1490738540887833 0 0 0.2069744765758514 0 0 0 0 0 23.23175153136253 0.7291582748293877 0.1591925621032715 0 0 16.69539877772331 0.9639865159988403 0 0.08832062035799026 0 0 0 0 0 0 0 0 0 0 0 0 45.63530173152685 27.54905866086483 14.93387135863304 418.739322938025 15.30918268859386 496.5616251863539 328.9557022824883 161.1138361990452 10.38373205810785 0.1603217273950577 95.16743397712708 227.2748112231493 0.1770346164703369 0 0 32.91537498682737 0 0 19.23241236060858 26.2766273394227 11.87125009298325 141.7989143431187 8.303984552621841
5.834440186619759 20.37473688274622 13.82758124917746 0.09311762452125549 2.080538205802441 0.1671443283557892 5.140698060393333 14.83110707998276 3.584771081805229 0.9043748676776886 13.05242565274239 7.910425059497356 6.798974819481373 24.08647527545691 406.297350667417 3410.310349158943 576.6955425441265 51.920524507761 217.486695446074 26.50817566365004 0.8904450982809067 0.1313093900680542 1.787466898560524 3.64443189650774 5.618494592607021 5.736974112689495 11.27201416343451 0.8498639687895775 1.860982157289982 3.962254226207733 3.367313221096992 3.751642338931561 115.1015035584569 9.38934164494276 8.786211296916008 1.377553381025791 19.65976632386446 0.1308112293481827 3.367967642843723 1.73930649459362 0.3576871901750565 0.5673793703317642 3.301333121955395 464.1147396638989 37.96557500213385 39.914998665452 479.0332468003035 17.79795879870653 9.176347933709621 14.79876089096069 3.05154425650835 0 0 1.193152390420437 6.686389021575451 12.13159134984016 2.245193630456924 8.06238216906786 16.89868661016226 322.4014795720577 4.600556544959545 32.44321463257074 2.289876416325569 3.747056841850281 25.993656989187 16.3834987282753 5.066042207181454 6.847658708691597 7.149729549884796 1.405852377414703 28.3700514882803 0 0.1961040794849396 1027.555131703615 42.51843533664942 1275.16766563803 293.1255487054586 259.9374101161957 6.248523563146591 26.41685386002064 3.452681690454483 12.9040868729353 42.75062475353479 0.3185342997312546 10.81625348329544 7.653301164507866 11.40679206699133 0.1918252855539322 2.817339681088924 0.5869442597031593 1.857146248221397 0.3472684919834137 3.101744547486305 1.079910308122635 0.714064784348011 24.40423962473869 15.26208153367043 0.5438160300254822 8.794866375625134 0.9872360080480576 0 0 0.2299711406230927 0 0 0 0.1513757258653641 0.1454598754644394 0.1221944391727448 0.3163691163063049 0.3830728530883789 1.650513753294945 0 0 1.453632108867168 0 0 0 0 0 0 0 0 0 0 0 0 0.1066252663731575 0 0.1421017944812775 0.310815155506134 0.5620534420013428 0 0 0 0.1095890179276466 0 0.1441492289304733 0.09388359636068344 0.9530800357460976 0.5541972443461418 1.741838537156582 1.126300923526287 2.360572881996632 0 0 0 0 0 0 0 0 0 0 0 0 0.3501984253525734 0 0.1050817295908928 0 0.2870174422860146 0 0 0 0 0 1.072280153632164 0 0 0.07504803687334061 0.3006165996193886 0 0 0 0 0 0.9189111068844795 0 0 0.1138663589954376 0 0.2587899565696716 0 0 0 0 0 0 0 0 0 0 0 0 0 0 0 0.5156689658761024 0.9554831683635712 1.990516565740108 123.5662926286459 16.81836859881878 828.5461592972279 184.5659991577268 30.57306233048439 2.614352159202099 0.2803121209144592 26.52476701140404 1.458559930324554 0.1180775612592697 0 0 0.5679816901683807 0 0 0 5.411043971776962 0.1492181718349457 49.74149210751057 0
