189.6579305008054 3368.136551760137 870.9625324085355 759.9341996386647 135.4613069221377 82.83623470366001 529.8249758780003 8.834156468510628 16.06552174687386 976.2723593711853 15.00630184262991 91.204331189394 71.51224413514137 17.87157341092825 0.8673585131764412 0.3563776239752769 0.2082769870758057 0.2044560164213181 0.08370710909366608 0.1264614164829254 0 0.9180039465427399 0 0 0.5111434012651443 0 0 0 0 0 761.9873423352838 0.1074171736836433 5.688791893422604 0 0 0.3532932549715042 0.791887454688549 0.231270931661129 0.3127280622720718 0.3302591741085052 0.0979330837726593 0.2344655841588974 0.1908463910222054 0 0 0 9.157449193298817 1.187337756156921 0.2373883649706841 0.3504760563373566 0.7347481250762939 0.1584298610687256 0.2714140713214874 0 9.133174434304237 7.459881775081158 214.7207711115479 571.2699010521173 9.709329910576344 5.364111371338367 0.1228873282670975 1.060772761702538 0 7.731127716600895 2.071672581136227 2.477379560470581 1.206364281475544 0.4236637130379677 0.1015776544809341 0.3098657950758934 9.342119723558426 4.755008697509766 0.09840980172157288 91.48344685137272 11.90777429193258 5.84288427978754 0.3715584501624107 0.2066753432154655 0 11.399169228971 0.09798953682184219 1.219507083296776 14.69805857539177 0.2140171825885773 0.6215151771903038 4.480200752615929 0 0.3634957075119019 0.9162180349230766 0.1853075325489044 0.6719053015112877 0 0.4657822996377945 0.4337661489844322 0.1214031130075455 94.64524587988853 7.479443952441216 2.098428979516029 0 729.9168080687523 0 3.769257187843323 2.677015066146851 0 1.436608910560608 7.709672629833221 38.09672540426254 6.862045586109161 8.630382001399994 42.56090480089188 0 16.27931679785252 36.4468632042408 8.949435032904148 0.3426887691020966 0 0 0 0 0 0 0 0 0 0 0 0 0 0 0 0 0 0.1123554930090904 0 0.1052008867263794 0 0 0 0 1.993921034038067 0 0.1319654583930969 0 0.2566847205162048 0 0 0 0 0 0 0 0 0.1097942963242531 0 0 0 0.7098117843270302 0 0 0 0 0.2277074307203293 0 0.2509340941905975 0 0 0.5164104551076889 0.2691400647163391 0 0 0 0 0 0 0.1120172291994095 0 0.5681283995509148 0 0 0 0 0.6723323166370392 0 5.036464542150497 0.2077172696590424 0 0 0 0 0 0 0 0 0.1190367862582207 0 0 0 21.05368861556053 0.2708348035812378 0.2171455919742584 299.9750310108066 2.16182104498148 64.13358905911446 17.4144045561552 541.4286866858602 2.755295254290104 2.804163046181202 1.105414517223835 4.498337849974632 0 1.066195249557495 0 27.60629457235336 0 0.1370328813791275 0 0.9653096497058868 0 240.6277415454388 49.84505034983158
3368.136551760137 2686.287254784256 1863.724643781781 1382.41471862793 2183.505091153085 39.41983573883772 2869.944248102605 104.1898089870811 1635.311340373009 356.6344745755196 635.6878645271063 80.97797030210495 635.3058461472392 1227.066446337849 58.24889716506004 25.68380597233772 2.028870113193989 1.423500962555408 0.443078339099884 1.033739648759365 1.199433043599129 0 0.09381204098463058 0.08617487549781799 3.338262848556042 0.7818061411380768 0.7017185464501381 0.7730548307299614 0.1971259862184525 0.2098164781928062 1150.725623264909 2.400788851082325 163.5818547382951 0.2057763189077377 1.128359027206898 0.6046562865376472 21.72564386576414 4.108209781348705 1.859118029475212 0.8267129436135292 0.4180077612400055 1.529083490371704 0.8227861821651459 5.022912904620171 0.7370247840881348 0.7338261604309082 198.7932577580214 12.2569538205862 4.974445894360542 1.752650775015354 4.909640252590179 0.08545061945915222 0.6758814081549644 0.287803903222084 44.04633367806673 25.02845256403089 91.67869380861521 505.6550094336271 14.48023105412722 137.1751630306244 1.331765279173851 10.85669782012701 0.1567125543951988 91.8225819543004 15.67012462392449 20.91415780410171 10.47098377346992 2.381445102393627 2.959631524980068 2.712946444749832 35.59210044890642 1.322187207639217 0.2570183798670769 402.1376512460411 187.4576484523714 309.2747249379754 38.93706844002008 22.2095163911581 2.776733048260212 91.46569174528122 2.795416615903378 13.255191616714 65.71712620556355 1.261887341737747 6.9170982837677 16.96103476732969 1.137136705219746 1.461804188787937 5.597084522247314 0.1943298578262329 4.10047609359026 0.1732624173164368 9.20363899320364 2.827514946460724 1.805029287934303 29.68210950493813 4.675995789468288 0.0787651464343071 1.27969978004694 523.3822812885046 0.4056620597839355 0.8285568952560425 0.3491713404655457 0 1.004397302865982 6.888342432677746 6.767187386751175 12.35398303717375 8.745124489068985 7.803790107369423 1.108550935983658 21.30258420109749 34.71875905245543 28.65081226080656 6.941503398120403 0 0 0 0 0 0 0 0 0 0 0.1229488253593445 0 0 0 0.6580548882484436 0 0 0.1332585215568542 0 3.125516697764397 1.972600512206554 0 0 0 10.62175744026899 0 5.748192220926285 0.6607859283685684 2.261195063591003 0 0 0 0 0 0 0 0.9005204737186432 0.2948130071163177 0 0.07251019030809402 0 0 0 0 0 0 0.6133265495300293 0.1504068523645401 0 0 0 5.464659206569195 0.6174535006284714 0 0 0 0 0 0 0 0 10.51649223268032 0.6886319071054459 0 0 0.1053946390748024 2.941145069897175 0 10.56764163076878 0.5844550728797913 0.7743804976344109 0.3377220332622528 0.2531394064426422 0.3974352329969406 0.1077196300029755 0 0.1415485292673111 0 0.5393258035182953 0.1972246170043945 0 0 18.39623694121838 4.547323755919933 5.597952716052532 388.9846751540899 25.31927764415741 436.5652091950178 123.1419050469995 204.9297443702817 12.92510150372982 6.819111876189709 27.02994534373283 1.833392739295959 0.3732095584273338 2.223471082746983 2.245422080159187 3.466047435998917 0 0.2098390236496925 0 3.829608641564846 1.135233074426651 119.0816866829991 11.70105972886086
870.9625324085355 1863.724643781781 2153.758879132569 124.9648369178176 1221.070610329509 5.316335082054138 244.2057295739651 2397.453643359244 1292.650719955564 15.37267584353685 2488.750432088971 60.97318682819605 291.0257347151637 1241.013324476779 78.69686050713062 84.84174015372992 2.130963288247585 3.352627113461494 0.5361594185233116 8.637184627354145 10.23969822376966 0.1320448964834213 2.604991771280766 1.147129438817501 32.46005252748728 4.775611378252506 9.908646628260612 3.687835484743118 1.819591738283634 0.6966291144490242 5809.941989280283 978.1659905090928 463.7086488083005 5.244593113660812 11.31789586693048 13.62526003271341 115.5576239302754 37.1120340898633 10.07017663866282 6.790980152785778 7.616833470761776 11.81911132484674 37.41244862228632 13.37809227406979 4.361670024693012 9.10216797888279 205.8537737429142 12.28413914144039 5.671462558209896 10.54707609862089 8.508303411304951 0 1.264774598181248 1.657367534935474 26.00299956649542 15.19260459393263 61.93873783200979 528.7802162244916 8.918947733938694 82.65181536227465 28.01707008481026 190.0893015787005 0.9941013008356094 770.8906180635095 12.82644508033991 20.28038090467453 13.56856653094292 23.46561662852764 63.01884018629789 44.85216172039509 241.748113937676 6.253296002745628 0 316.1536694690585 301.8486305251718 276.1340525075793 159.7444027215242 77.73702505975962 66.89392864704132 1105.226308092475 32.13087557256222 426.7075341716409 50.80713953822851 0.4706736728549004 9.086153499782085 10.39793075621128 13.56105124950409 0.8745636567473412 3.667752735316753 0 2.945476502180099 0.3714841827750206 119.0426920354366 22.57337286323309 4.993255965411663 95.81342732161283 38.80212524533272 0.1706202030181885 11.70573691278696 185.7220242246985 5.125444002449512 0.5489331260323524 2.344398513436317 0.7617838382720947 7.696004018187523 18.13635481148958 3.200128465890884 36.30851975828409 15.53920727968216 22.3594208881259 6.230914041399956 65.64839608967304 94.48747937381268 101.7730805799365 39.75775691121817 1.11403975635767 0.7167259454727173 0 0.1165421009063721 0 0 0 0.3369804620742798 0 0.1571272760629654 0.4675610437989235 1.426167607307434 2.435234181582928 0.5219186544418335 0.6511044725775719 0.231034129858017 1.321599312126637 0.6523428037762642 0.6263893768191338 19.43241685628891 8.449729241430759 0.09406747668981552 1.531212985515594 0 58.62766952812672 3.596532084047794 41.68536424636841 15.07490278035402 12.03758058696985 0 0 0 0.2669455707073212 0.2343524992465973 0.8163703978061676 0.1497231721878052 0.7734767943620682 1.862637981772423 0.5126211047172546 0 0 3.969793699681759 0.1084495112299919 0.130148634314537 0.3878478407859802 0 1.688275679945946 1.107316590845585 0.4303837418556213 0.7059180587530136 8.632423609495163 50.85033477842808 6.021136790513992 0 0.4904429018497467 0.1906607300043106 0.1287176758050919 0 0 0 0 53.43693555891514 1.182573787868023 0.1075372919440269 0 0.2130885273218155 39.72918971627951 8.053173288702965 88.82209372520447 3.16299507021904 3.411448180675507 0.8204398453235626 0 0.1723109483718872 0.08793520927429199 0 0.364649586379528 0 0.4345644116401672 0.3228631764650345 0 0 40.69884288311005 20.97063905745745 52.01524180918932 409.7242217287421 19.98178097605705 344.2064352706075 110.226846113801 66.33860939741135 13.2759378105402 9.518577672541142 33.70933502912521 15.01998372375965 0.2264615446329117 16.12443074584007 6.447895608842373 5.425877749919891 0.9671005308628082 0.1007846221327782 0.9393998980522156 6.137942969799042 2.255184091627598 74.70141767710447 43.76003365963697
759.9341996386647 1382.41471862793 124.9648369178176 186.6278378292918 163.503571473062 247.1564117819071 924.2528133168817 0.2057521492242813 6.10947397351265 785.6796546280384 2.875645279884338 203.370256498456 246.7142199724913 3.110402449965477 3.014820709824562 0.6685007736086845 0.2909092307090759 0.3410061076283455 0 0.07710608094930649 0 0.164471223950386 0 0 0 0 0 0 0 0 151.2726633921266 0 0.2047578319907188 0 0 0 0.4758994281291962 0.4334894791245461 0 0 0.111328236758709 0.276592381298542 0.0942847803235054 0.2877464815974236 0.09608321636915207 0 15.62398592382669 1.459346145391464 0.5628943219780922 0.1206370294094086 0.6474612206220627 0.5401031970977783 0.2749572992324829 0.1087275072932243 10.46367336064577 7.255529798567295 48.25295365601778 188.8794597163796 2.9050158187747 11.50260500609875 0.1080480515956879 0.6211283504962921 0 8.982086412608624 3.004349172115326 4.052221596240997 1.991557464003563 0.5705728754401207 0 0.08493746072053909 0.9462357759475708 0.9572004973888397 0 93.7904461696744 21.02550529688597 24.99276571720839 1.694487564265728 0.4108072817325592 0.160553403198719 0.2480423226952553 0.183388315141201 0.5540882498025894 13.67079531401396 0.3175164461135864 0.9189334213733673 3.491553500294685 0.3799478858709335 0.3323707208037376 0.7061088606715202 0.1175496280193329 0.7416878566145897 0 0.4831720516085625 0.07405275851488113 0.1754369959235191 38.08514937013388 3.778458394110203 0.6077187359333038 0.169831320643425 530.115544475615 0 7.238570690155029 0 0 0.1594919711351395 1.060732781887054 10.90199643373489 3.061595141887665 6.17732161283493 16.83149993419647 0 7.958209231495857 14.87051652371883 5.032252959907055 0 0 0 0 0 0 0 0 0 0 0 0 0 0 0 0 0 0 0 0 0 0 0 0 0 0.3329595029354095 0 0 0 0 0 0 0 0 0 0 0 0 0 0 0 0 0 0 0 0 0 0 0 0 0 0 0 0 0 0 0.08537358045578003 0 0 0.08466363698244095 0 0 0 0 0 0 0.08813956379890442 0 0 0.732580840587616 0.4218648374080658 0 0 0 0 0 0 0 0 0 0 0 0 7.098098441958427 0 0 71.62384931743145 3.870618753135204 77.29432749003172 17.04539573937654 454.9294220507145 2.345359973609447 1.61368378251791 0.6702743768692017 0 0 0 0.1951685175299644 7.831215143203735 0 0.2026043310761452 0 0.1131107732653618 0 167.3920252770185 18.77910967171192
135.4613069221377 2183.505091153085 1221.070610329509 163.503571473062 1742.100856825709 0.8783594518899918 2058.707681391388 205.952524356544 4227.671511098742 251.6562990248203 899.0936257392168 42.17729043215513 661.3586845472455 1478.684897512197 48.64962361752987 36.96477244049311 1.005425162613392 1.141402512788773 0 0.3091184422373772 0.4343055412173271 0 0.06559274345636368 0 0.5996540412306786 0.1103977933526039 0.2105721086263657 0.1843101680278778 0 0 136.7815045043826 2.509518213570118 72.72536251693964 0.1120282560586929 0.1117935627698898 0 11.14629361778498 1.313032828271389 0.1324420273303986 0.6054240539669991 0 0.5459112226963043 1.103230282664299 10.69592499732971 0.2362188547849655 0.3361073285341263 163.6604670733213 2.34629238396883 1.272150740027428 0.7793545722961426 1.582443729043007 0 0.09093505889177322 0.2529818192124367 7.815177522599697 5.928781401365995 6.269250378012657 27.44197327643633 6.731407523155212 77.12952122092247 0.6853558942675591 4.178811945021152 0.06637203693389893 34.99670246988535 3.57502606511116 4.04344217479229 2.398403454571962 0.7458933293819427 1.256928235292435 1.123114913702011 13.57107647508383 0.5562118291854858 0.104034461081028 117.7344265542924 88.01636338979006 230.1776577718556 44.37363400310278 39.584173373878 1.238186098635197 14.24160028249025 3.02955836802721 8.14851775765419 17.5030544474721 0 1.650557212531567 3.690718859434128 0.5512716397643089 0.4282728582620621 1.417115531861782 0.08919494599103928 1.647678405046463 0.3857989236712456 2.629095040261745 1.437117360532284 0.6063240543007851 11.76682166755199 1.683716014027596 0 0.310801699757576 7.678117841482162 0 0 0.2431717664003372 0 0.1136981472373009 2.519756242632866 0.8070794641971588 1.845088452100754 5.015401914715767 4.654213979840279 0 7.663934722542763 12.49162395298481 12.22246992588043 3.216556444764137 0.1116539910435677 0 0 0 0 0 0 0.2344617545604706 0 0 0 0 0 0 0 0 0.09201106429100037 0 0 1.505031779408455 0.8609866201877594 0 0 0 5.037420630455017 0 2.623808167874813 0.3018418177962303 0 0 0 0 0 0 0 0 0 0.1334594190120697 0 0 0 0.1035009995102882 0 0 0 0 0.09809988737106323 0.2993861585855484 0 0.09248165041208267 0 0.9871959388256073 0 0 0 0 0 0 0.08204486221075058 0 0 4.855506956577301 0.161077469587326 0 0 0 2.350465439260006 0.152607336640358 3.295227251946926 0.2316664457321167 0.1936390548944473 0 0 0 0 0.1634125113487244 0 0 0.07529457658529282 0 0 0 8.484768852591515 1.177624359726906 3.705895356833935 324.2097998484969 11.59580195695162 214.1723141223192 77.27759475260973 20.76211953163147 8.002460032701492 1.958897076547146 24.5900891199708 1.523178808391094 1.842402338981628 0.5206584483385086 0.1869084984064102 3.540133357048035 0 0.09520085155963898 0 0.9980930984020233 0 16.91956479102373 6.838965445756912
82.83623470366001 39.41983573883772 5.316335082054138 247.1564117819071 0.8783594518899918 4.963209718465805 53.93195396661758 1.342601001262665 1.283281102776527 644.7450181767344 0 184.3127103298903 92.67569860816002 6.092297166585922 0 0 0 0 0 0 0 20.10612839460373 0 0 0.5846213102340698 0 0 0 0.4410590082406998 0 15.08258198946714 0 8.526806205511093 0 0 0 14.60295008122921 0.527717262506485 3.725171580910683 0.2541459277272224 0 0 0 0 0 0 0 0 0 0 1.132230177521706 28.88557264953852 13.48368652164936 1.685583487153053 0 0.3730662241578102 249.8076526224613 4.392685323953629 5.190502315759659 0 0 0.8972036242485046 0 0 0 0 0 0 0 0.1623055338859558 135.5121796578169 130.0469403117895 4.360732339322567 0.5833602473139763 0 0 0 0 0 0.8200716748833656 0 0.3570863306522369 0 2.759029649198055 0 0.1115138232707977 0 3.864172168076038 1.793242998421192 7.536877103149891 6.429699465632439 13.55911561846733 0 0.1386567205190659 3.255979627370834 129.7738716900349 265.0159726589918 41.38715089857578 15.61444573104382 167.4185310900211 0 0 0 0 0 1.446873366832733 5.110478818416595 1.803863525390625 1.70217353105545 2.379075407981873 0 1.633329078555107 2.069819241762161 1.669881820678711 0 0 0 0 0 0 0 0 0 0 0 0 0 0 0 0 0.2436937987804413 0 0 0 0 0 0 0 0 0.2946317717432976 0 0 0.1494524627923965 0.127898633480072 0 0 0 0 0 0 0 0 0 0 0 0.1545093357563019 0 0 0 0 0 0 0 0 0 0 0 0 0 0 0 0 0 0 0 0 0 1.38890329003334 0 0.1454016119241714 0.3471909537911415 0.155911847949028 0 0 0 0 0 0 0 0 0 0 0 0 0 0 0 2.736413702368736 0 0.5930292904376984 6.195211857557297 0.5326948538422585 1.295993559062481 0.1137702912092209 139.1304328292608 22.30885422229767 0 0 0 0 0 0 5.691425979137421 0 0 0 0 0 59.35551653802395 8.09725384414196
529.8249758780003 2869.944248102605 244.2057295739651 924.2528133168817 2058.707681391388 53.93195396661758 1365.83253659308 18.69447627663612 1901.542171373963 1062.12085608393 95.21307391673326 446.6332133188844 2654.256318762898 1145.688369169831 72.21478200703859 45.29976300150156 2.154162324965 1.481307312846184 0.167582593858242 0.5510222539305687 0.489490881562233 0.4368117153644562 0.1583669781684875 0.2098777145147324 0.8807376697659492 0.2354310378432274 0.2235842943191528 0.8613693043589592 0.08611346781253815 0.09393059462308884 238.5919828563929 2.194371275603771 15.68072266876698 0 0 0.3095464408397675 6.004932470619678 1.198128640651703 0.9453622177243233 0.8452175706624985 0.5584794208407402 0.7978930845856667 1.106106445193291 12.28186227381229 0.652017667889595 0.6570360735058784 242.474902421236 8.287751711905003 4.193902283906937 1.05615546554327 4.374872989952564 0.2589787170290947 0 0.6066520288586617 29.17313803732395 19.21322780102491 49.86793842166662 225.9574584662914 13.73351832479239 123.6552182286978 2.824192136526108 8.618815056979656 0.2707193791866302 64.73874304443598 11.39133275300264 14.99119659513235 7.015822783112526 1.949348241090775 1.756458818912506 1.656187064945698 29.43396248668432 1.063071981072426 0.2731891497969627 308.7740305438638 155.6463116630912 312.1197500526905 43.06097067147493 38.9317010268569 1.975640870630741 2.59452161192894 3.128798604011536 8.932611994445324 52.02150379121304 0.2982366234064102 4.132763147354126 14.3126367777586 0.7001473754644394 1.554255455732346 4.898539870977402 0.1478274017572403 3.861404843628407 0.5416599959135056 3.741748467087746 2.228273496031761 2.327644914388657 67.74591033160686 3.781988143920898 0.3331488147377968 0.9659587517380714 109.2848988324404 4.328000523149967 9.346031934022903 124.9324544891715 43.64810660481453 1.721934005618095 63.11572607606649 30.19718818366528 72.84567454457283 94.43087904155254 95.50302496552467 0.6482077836990356 56.25726736336946 84.63478372991085 50.75299152731895 12.07260242849588 0 0 0 0 0 0 0 0 0 0 0 0.9213789105415344 0 0 0 0 0 0.2198528051376343 0 1.564105719327927 1.742153137922287 0 0 0 8.53566163033247 1.517780423164368 4.639263667166233 1.147684827446938 0 0 0 0 0 0 0 0 0.4953377768397331 1.012688755989075 0 0 0 0 0 0.3676833361387253 0.3574077561497688 0.2557743191719055 1.416364841163158 2.43292298167944 0 0.09678267687559128 0 5.927010327577591 0.5541533231735229 0.1617201864719391 0.08990176767110825 0.1625567600131035 0 0 0 0 0 15.09612049907446 0.3656415641307831 0 0.1778066605329514 0 4.874399550259113 0 8.125051498413086 1.545782119035721 1.973629891872406 0.115482322871685 0 0 0.2016511932015419 0 0 0 0.2612722590565681 0.08233582228422165 0 0 36.06688755005598 3.618580192327499 9.94886577129364 503.7428482472897 23.90669635683298 451.3857722580433 127.2359101772308 159.8255153596401 14.58013995736837 5.012835927307606 35.77216740697622 2.995560228824615 0.1007154881954193 12.2304043546319 2.928395912051201 14.45466581732035 0.104014627635479 0.4659054055809975 0 3.060716032981873 0.2144780308008194 135.9930121526122 37.0933942347765
8.834156468510628 104.1898089870811 2397.453643359244 0.2057521492242813 205.952524356544 1.342601001262665 18.69447627663612 1703.084491319954 183.3291387408972 0.3012896925210953 2764.97189643234 32.76938708871603 119.6408974826336 929.7266336157918 60.90691272169352 73.63522834330797 1.245561942458153 3.260959938168526 0.4670697525143623 7.971680171787739 15.71406191587448 0 4.946498021483421 1.093084886670113 80.95454885065556 7.401387110352516 19.5768710821867 4.81253482401371 2.321158833801746 1.199948132038116 1079.772379226983 1170.737059503794 520.0612401813269 3.127687208354473 24.58143460005522 31.81046943366528 98.86540117114782 41.24829167127609 6.937900856137276 10.0764227360487 16.78834113478661 19.74202714115381 70.93094918876886 19.21963861584663 2.948447234928608 4.461505353450775 163.2649920210242 3.527213893830776 3.664581827819347 5.535975158214569 11.08578126877546 0.135098472237587 0.3104092329740524 1.911321297287941 6.104356691241264 5.810085333883762 6.192517533898354 74.27577449381351 3.767339535057545 43.75248689204454 43.40640204399824 150.1743171289563 1.847911782562733 597.9155148938298 2.346402063965797 9.728559143841267 10.80591362714767 18.59915856271982 43.46553056687117 89.40588977187872 189.3434859439731 5.124300047755241 0.1810774058103561 92.34482219070196 144.9941162839532 200.3019508495927 135.9873785600066 208.787917368114 1324.006148867309 3773.703583993018 56.73433364927769 1328.422122225165 13.01744902879 0.1057848110795021 2.362516194581985 3.884730525314808 10.52494765073061 0.389593817293644 1.109580218791962 0 1.614116251468658 0.1916320100426674 220.2911666035652 46.49457003176212 7.295253492891788 59.08990039676428 9.990789890289307 0.1277115345001221 2.939922027289867 7.479840323328972 0.848002165555954 0 1.452549502253532 0 1.841837659478188 19.89834003150463 3.993878111243248 36.49194107204676 20.45390493422747 23.59540574252605 2.348379872739315 60.53574120253325 74.39167283475399 72.20333474129438 30.71070153266191 0.2716322839260101 0 0.09998348355293274 0 0 0 0 0 0 0 0.7634136080741882 0 1.500915996730328 0.8253286480903625 0.4189562126994133 0.1372956186532974 0.3178931772708893 1.559075228869915 0.1521681398153305 8.445213332772255 4.761696361005306 0 0.2893466204404831 0 32.72282464057207 1.579021632671356 20.55900821089745 7.278956808149815 5.500546827912331 0.1316229254007339 0 0 0 0.6216737478971481 0.146193191409111 0 0.6055243015289307 0.3337704539299011 0 0.1113844886422157 0 1.285199299454689 0.8521822988986969 0 0.3487287163734436 0 0 0.8649035692214966 0 0.2413532808423042 2.372298404574394 26.06939373165369 3.032668247818947 0.2983899116516113 0 0 0 0 0 0 0 24.29008620232344 1.164339765906334 0 0 0.2759418860077858 21.77426601201296 1.598620355129242 41.48899116367102 1.796521604061127 1.885852679610252 0.6370806396007538 0.1920721977949142 0.1898074150085449 0.1653957962989807 0 0 0 0.1023037880659103 0 0 0 27.25818549841642 8.614347599446774 15.02914571017027 312.759229041636 13.78738138079643 187.6945571303368 82.38084115833044 14.40720380097628 8.148141995072365 0.235616534948349 23.85056242346764 9.387669324874878 0 9.903966784477234 2.999583534896374 5.797289982438087 0.6472061276435852 0 0.2095667272806168 5.123956307768822 1.595510080456734 29.12317571789026 22.30014419555664
16.06552174687386 1635.311340373009 1292.650719955564 6.10947397351265 4227.671511098742 1.283281102776527 1901.542171373963 183.3291387408972 1541.21166125685 63.63215809315443 920.3255345821381 59.40955111384392 1518.806065902114 3154.041338779032 42.67433304339647 44.42210660129786 0.07404154539108276 0.3147775158286095 0 0.09781583398580551 0.08157335966825485 0 0.09772470593452454 0 0.9451075345277786 0.5207361578941345 0.1508090868592262 0 0.110763356089592 0 55.47733375430107 3.748229168355465 57.73245310783386 0 0.2465957403182983 0.3806142136454582 9.457365795969963 1.650552697479725 0.4542774856090546 0.2677745223045349 0.1196582019329071 0.2602722719311714 1.266509957611561 10.27788767963648 0.2453649342060089 0.1755862385034561 114.3317909091711 1.460386946797371 0.9897413775324821 0.4521278664469719 0.8681032359600067 0 0.2056289166212082 0.07609735429286957 2.950364381074905 2.134155839681625 3.278471544384956 10.49749998003244 4.71589120477438 45.51532927900553 1.368384100496769 6.50549703091383 0.1669473201036453 16.90730809420347 2.087598137557507 2.894072204828262 1.511024974286556 0.501371257007122 2.17744541913271 0.7599869892001152 21.65306562930346 0.6316031664609909 0 54.81765341758728 44.70947362482548 143.8573585450649 37.65928491204977 44.66600456088781 2.975020855665207 83.77132076025009 2.749977611005306 8.270651265978813 6.221065886318684 0.174667052924633 0.747756652534008 1.913025714457035 0.2677582204341888 0.5477169007062912 0.3723815828561783 0 0.6142976954579353 0.175887294113636 2.734295889735222 0.8186171725392342 0.1109878942370415 24.34325797855854 1.600920416414738 0 0.720098465681076 1.573557287454605 0.2222190052270889 0.7235915064811707 1.042624950408936 0 0.4415474236011505 4.689396023750305 1.37703774869442 7.312925770878792 4.887373775243759 4.868552252650261 0.9217282831668854 23.52247393131256 25.66562923789024 18.69452246278524 7.071526542305946 0.1206719428300858 0 0 0 0 1.453640460968018 0 0 0 0 0 0 0.6421597599983215 0 0 0 0 0.4003696292638779 0 2.483601346611977 1.89232149720192 0 0.1441811472177505 0 4.544029951095581 0 3.080747485160828 0.08916944265365601 0.08397138863801956 0 0 0 0 0 0 0 0 0.4183565825223923 0 0 0.09053782373666763 0.3704097419977188 0 0 0 0 0 0.1938938051462173 0 0 0.1990253329277039 4.36327651143074 0 0 0 0 0 0 0 0 0 9.002560645341873 0 0 0 0 3.667274475097656 0 5.696152895689011 0.1564394682645798 0.1488072723150253 0.2197588011622429 0 0 0 0 0 0 0 0 0 0 11.11698670685291 3.146866515278816 5.834367074072361 236.0526032969356 8.535839065909386 142.9141244366765 52.80369258671999 13.2624145373702 8.284444935619831 0.7293368577957153 16.29488965123892 2.28329610824585 0 0.5343371704220772 0.3559528067708015 1.091908976435661 0 0 0 1.512676432728767 0 16.47432514280081 10.66274565458298
976.2723593711853 356.6344745755196 15.37267584353685 785.6796546280384 251.6562990248203 644.7450181767344 1062.12085608393 0.3012896925210953 63.63215809315443 1763.264251507819 0.8533007204532623 1292.565293759108 4304.662947878242 42.59839347749949 5.208264261484146 0.9266237393021584 0.2752132415771484 0.7328975200653076 0 0 0 9.110289797186852 0 0 0 0.1794366836547852 0.154532179236412 0 0.2228381186723709 0 171.9804234802723 0.370465375483036 41.70199806243181 0.1011480912566185 0 0.2083513513207436 24.89601174741983 1.211016044020653 1.539476029574871 0.5797885805368423 0 0.1865521818399429 0 0 0 0 23.77553676068783 2.305986687541008 1.020443946123123 0.3626293838024139 1.464798822999001 7.564304381608963 4.918945878744125 0.2883087396621704 11.8870483264327 7.555360250174999 73.94415745139122 216.9724461808801 5.362860135734081 19.63435611873865 0.3903778493404388 2.891702421009541 0 9.861874490976334 4.697717420756817 4.700045511126518 2.381670154631138 0.5686100050806999 0.07768090069293976 0.1276697367429733 217.4105506613851 65.78510442376137 2.224458262324333 116.23422639817 28.53898793458939 33.30879036337137 1.711570315063 0.0867292657494545 0.1949106305837631 1.139260604977608 0.08174885809421539 0.2403532192111015 18.68451796472073 0.9357755482196808 1.509916692972183 4.365052163600922 0.2730084583163261 1.822894349694252 2.395559035241604 3.545072630047798 4.143560066819191 4.720918394625187 0.4284687340259552 1.823895357549191 3.967692278325558 555.9583946913481 120.2589672058821 10.63807338476181 4.200239673256874 567.0682930573821 0.4272080585360527 22.50312496721745 3.817861720919609 6.728963077068329 2.392751321196556 48.18070706725121 95.87208677828312 59.11011344194412 69.00625637173653 139.6028869599104 0 154.3160051181912 205.0978761836886 84.99520979076624 11.45548091083765 0 0 0 0 0 0 0 0 0 0 0 0 0 0 0 0.3111891746520996 0 0 0 3.546431861817837 0 0 0 0 5.529796347022057 0 1.225719958543777 0 0.1618554443120956 0 0 0 0 0 0 0 0 0 0 0 0 0.4008705317974091 0 0.08655980229377747 0 0.1069872304797173 0.3035092651844025 0 0 0 0.2037433087825775 2.351578339934349 0.5127669423818588 0 0 0 0 0 0 0 0 11.36377914249897 1.385524213314056 0 0.1343335062265396 0 4.977598175406456 1.064154505729675 3.540209040045738 0.2073419466614723 0.2214618921279907 0 0 0 0 0 0 0 0.06991363316774368 0 0 0 100.3694860190153 2.284516900777817 4.468256771564484 124.3764236047864 4.993145875632763 97.78820119798183 23.68900153040886 693.0934776514769 3.032363273203373 6.029046036303043 1.069040954113007 2.534933686256409 0 1.041559338569641 0.7746410667896271 77.55935773253441 0 0.2132254540920258 0 3.695203006267548 0.2163384258747101 697.283292427659 220.8693364113569
15.00630184262991 635.6878645271063 2488.750432088971 2.875645279884338 899.0936257392168 0 95.21307391673326 2764.97189643234 920.3255345821381 0.8533007204532623 1416.782736644149 99.82703111320734 769.0055416449904 4802.039489448071 22.59218017011881 30.81538582593203 0.1146719753742218 0.3328583016991615 0 0.4385510608553886 2.130155332386494 0 0.4457803815603256 0.2407965809106827 12.58279668539762 1.074092239141464 3.656382448971272 1.54133428633213 0.5301142781972885 0.2817766144871712 159.379483230412 19.58685201406479 844.8909408450127 0.3093782737851143 1.930540084838867 4.320310033857822 104.5305282101035 22.33407193422318 1.570131719112396 3.577729381620884 3.327194459736347 4.085479997098446 4.083096690475941 7.977607093751431 0.2375034168362617 0.6628746688365936 49.81086365133524 0.3508006483316422 0.09657597541809082 0.4187954217195511 1.404896713793278 0 0 0.8190749660134315 0.8568339496850967 0.5293140858411789 2.471489652991295 9.35472110658884 1.124388724565506 10.11727903783321 0.5518087074160576 43.70929377526045 0 16.81513754278421 0.5443072244524956 1.200058169662952 1.068182565271854 1.958600744605064 4.66596332192421 9.587684258818626 74.9197843670845 0.285584032535553 0 18.75298986583948 18.30114330351353 51.49577981978655 18.24900175631046 22.05204556137323 23.75062800943851 1231.520738109946 2.470082454383373 50.62243786454201 2.253514289855957 0 0.1027432754635811 0.7386947423219681 0.5177082568407059 0.1904538497328758 0.1784902364015579 0 0.08694514632225037 0 22.71331359446049 7.282106377184391 1.294907681643963 11.45822501182556 2.495968163013458 0 0.7484514862298965 4.17200756072998 0.342364490032196 0 0 0 0 2.604394406080246 0.2865227460861206 5.130109637975693 2.330666437745094 2.567135334014893 0.2814631462097168 6.682187281548977 10.52234345674515 12.27219202369452 3.371076375246048 0.1210358440876007 0 0 0 0 0 0 0 0 0 0 0 0.1153740137815475 0 0.1599598377943039 0.1176368296146393 0.09668484330177307 0.1454766094684601 0 1.691341534256935 0.8859695717692375 0 0 0 4.702217489480972 0.5564576238393784 4.787937760353088 1.120990931987762 0.8513889610767365 0 0.1212792694568634 0 0 0 0.187081903219223 0 0 0.0970781147480011 0 0 0 0.6662909537553787 0 0 0 0 0 0 0 0.1294322907924652 0.7868372648954391 2.883577823638916 0.5940418392419815 0 0 0.08577410876750946 0 0 0.07587772607803345 0 0 9.261341974139214 0.4889259859919548 0 0 0.113161101937294 3.328652203083038 0.1112014800310135 6.359467014670372 0.2618921101093292 0.3146882206201553 0.2348384708166122 0.1263690590858459 0 0 0 0 0 0.09435031563043594 0 0 0 4.307497009634972 3.171274557709694 4.537931025028229 106.7601723670959 3.505623154342175 58.82972431927919 29.23579968512058 6.435651756823063 4.424751810729504 0.2550960630178452 8.523347496986389 3.01799351722002 0 0.9115615785121918 0.1244743019342422 0.1197784617543221 0 0 0 1.387143701314926 0.2515085637569427 5.181015506386757 5.056828580796719
91.204331189394 80.97797030210495 60.97318682819605 203.370256498456 42.17729043215513 184.3127103298903 446.6332133188844 32.76938708871603 59.40955111384392 1292.565293759108 99.82703111320734 144.6209179833531 1200.382295176387 269.8469829335809 12.2802343070507 18.47857778519392 0.4329514726996422 0.395075760781765 0 0 2.157054893672466 3.024075329303741 0.4054875075817108 0.1624045968055725 10.46100088208914 2.61933509260416 3.086641930043697 3.405952587723732 2.741746351122856 0.4879107847809792 13.23826453089714 3.174222141504288 402.380506426096 0.1565569341182709 1.47501115500927 1.742352209985256 785.9199194833636 13.49064718931913 11.26367288827896 6.614299893379211 4.23386088013649 5.062705829739571 3.035522632300854 2.472932763397694 0 0 29.70505844056606 0 0.1807100027799606 0.442720390856266 2.042653165757656 3.141835309565067 4.207328476011753 0.5738242119550705 0.08810536563396454 0.1957106068730354 10.26788215339184 11.88643200695515 1.535558015108109 3.658400550484657 0.2545258700847626 34.07260765880346 0.1049104556441307 7.770262159407139 0.0910753458738327 0.7087965756654739 2.389249838888645 2.056008778512478 4.897039338946342 5.509304650127888 551.9027739986777 18.96081271767616 0.4117469489574432 8.693633332848549 4.205207757651806 13.97928729653358 8.739666976034641 4.14192072302103 1.85614237934351 9.262350462377071 0.4279560744762421 9.785412386059761 0.9340436309576035 0.2527756169438362 0.09119286388158798 0.367423802614212 0.1554480642080307 0.3459440395236015 0 1.785516299307346 0.3481998518109322 1.527150139212608 27.06043852865696 11.92295236885548 1.788361765444279 725.7704048752785 30.30870752036572 4.297211974859238 9.439369454979897 57.69165915995836 5.262546874582767 16.19047942757607 10.6776060834527 0.7420977503061295 10.3627390936017 91.61435131728649 78.79435056447983 120.5041203051805 122.0383061915636 203.0392975583673 10.54193726181984 324.1098066866398 495.093704380095 336.9466630518436 76.51795765757561 0.3545387163758278 0.1004087179899216 0 0 0 0 0 0.4693158566951752 0 0 0.1279609054327011 0 0.4634662270545959 0.1593652814626694 0.4056227877736092 0.2101784497499466 0.2050131857395172 0.8988623172044754 0.1031114161014557 13.71029333770275 4.785038962960243 0 0.1433270573616028 0 51.84836006164551 0.7813755571842194 22.29305313527584 3.031049676239491 3.248552426695824 0 0 0 0 0.5593861192464828 0 0 0.4749819189310074 2.323253452777863 0 0 0.2742446959018707 1.979487851262093 0.6859784722328186 0.5665851086378098 0.4710374549031258 0 0.8691649958491325 0.2025442495942116 1.040647178888321 0.09622155874967575 0.9182729423046112 24.58216194063425 1.808815434575081 0.5414487719535828 0.1979121416807175 0 0 0 0 0 0 87.94365727901459 2.673890754580498 0.4367655143141747 0.2431381568312645 0.1437080651521683 33.08820258080959 2.703150317072868 35.88289810717106 0.7134622558951378 2.30764152854681 0.5384787991642952 0 0.1969416439533234 0.6819251030683517 0 0 0.181583970785141 0.3681802451610565 0.2096118479967117 0 0.09896796941757202 248.1693405807018 16.445472240448 35.55447337776423 114.2249693050981 3.415476083755493 38.67739100009203 23.98691415786743 128.5683725178242 4.180525384843349 0 6.992503963410854 7.087644375860691 0 8.297648631036282 3.508339397609234 69.03690990805626 0.1466598361730576 1.607889294624329 0.09399963170289993 1.810197561979294 1.454926744103432 595.2511394321918 271.2256452962756
71.51224413514137 635.3058461472392 291.0257347151637 246.7142199724913 661.3586845472455 92.67569860816002 2654.256318762898 119.6408974826336 1518.806065902114 4304.662947878242 769.0055416449904 1200.382295176387 2309.222153067589 1825.851084642112 66.10358517616987 90.95369236916304 0.4222095757722855 0.7761268392205238 0.0883939266204834 1.336693823337555 1.952459119260311 0.9881065934896469 0.4035508632659912 0.1174029856920242 11.8538471609354 1.899587482213974 3.663430862128735 2.667347781360149 1.055146895349026 0.5550870075821877 44.06304422020912 9.306090399622917 412.2879802882671 0.3795047551393509 2.115941874682903 2.69484231621027 1043.230717390776 11.5857754573226 122.9727524593472 21.15578296780586 2.916565798223019 3.232098810374737 5.9685969799757 14.91140057146549 0.3147210404276848 0.4674891605973244 147.4260345324874 1.871042087674141 0.3197351321578026 1.381053552031517 1.651549100875854 2.350690983235836 0.9310742542147636 1.099812902510166 2.307154901325703 2.843882203102112 9.074390411376953 22.79971989989281 3.314944446086884 23.24913160502911 2.358096197247505 36.71802164614201 0.1004664450883865 28.26796335726976 0.4511841237545013 3.884481810033321 3.221743695437908 4.630419343709946 9.796682894229889 14.23911914229393 365.2611897587776 11.45388904213905 0.4044614285230637 38.42050247639418 29.0116465613246 103.5296376720071 45.07627341151237 43.06904504448175 15.15820603072643 34.52637973427773 6.391256503760815 45.34515871852636 4.29856738448143 0 1.257619932293892 1.21797338873148 1.948162794113159 0.1118086948990822 0.2617650553584099 0.2613488733768463 0.968640923500061 0.7677461951971054 45.14320816844702 12.77358043938875 1.655926488339901 750.853501021862 16.31229324638844 1.868075475096703 49.991723947227 43.19028409570456 8.089023873209953 17.81730556488037 12.81640716642141 3.480675026774406 15.81699710339308 158.2516902312636 79.05817814171314 198.9967149719596 211.3887876793742 225.7627146244049 9.920917466282845 418.3756486624479 677.0053287446499 513.834691233933 129.8191555961967 1.611296340823174 0.7268595993518829 0.1026431173086166 0.152504026889801 0 0 0 0.2122248113155365 0 0 0.9345737099647522 0 1.379097819328308 0.3479792922735214 0.3904947191476822 1.396270580589771 0.2416003346443176 2.263983488082886 0.5198345482349396 32.54336534440517 8.994424305856228 0.1202689111232758 0.7567316740751266 0 103.382011666894 1.175189539790154 44.57968949526548 6.583595976233482 5.924605250358582 0 0.8670690059661865 0 0 0.1182299107313156 0.1710206568241119 0 0.5340477600693703 5.364008270204067 0 0.1255530416965485 0.448564738035202 4.626789055764675 0.7370743900537491 0 0.0891212671995163 0 2.613376908004284 2.357949450612068 0.9714396744966507 0.1105973571538925 4.384295120835304 52.64684462547302 6.254129305481911 0.3673514574766159 0 0 0.6756499409675598 0 0 0 0.3388774394989014 137.4905713647604 4.308756612241268 0 0.4010802730917931 0 66.2886011749506 3.620075017213821 68.3567308485508 2.666915021836758 2.834152601659298 0.5456186756491661 0.1438688635826111 0.2375954538583755 0 0 0 0 0 0.1265009790658951 0 0 306.9358134046197 23.51237885653973 65.75185222923756 364.3606910929084 11.18859664350748 162.2115471214056 92.85997156053782 101.0832414254546 9.939032532274723 6.903893262147903 36.85003190487623 15.63307938724756 0.7871184945106506 25.47795663028955 9.18805617839098 60.83757158368826 0.937768816947937 1.745247542858124 0.7863466441631317 3.819344714283943 2.295991778373718 374.3697173297405 297.4587291628122
