324.6031249836087 1438.99664914608 133.1506931483746 1439.860501654446 14.41240160912275 167.4150625616312 527.1251840367913 19.32984421402216 8.778068281710148 1059.469203643501 193.8562332838774 113.8038028925657 39.58214794844389 96.54520864784718 2.671909123659134 0.723248265683651 0.1149389520287514 0 0 0 0 0.9683210998773575 0.1168605908751488 0.07800891250371933 0 0 0 0 0 0 781.9841132238507 0.4200017899274826 6.046287417411804 0 0 0 0.6070008128881454 0.07015015929937363 0.1534174233675003 0 0 0.1235059276223183 0 0.3700138852000237 0.08557319641113281 0 37.97273213416338 0.2865476012229919 0.07762505859136581 0.1003716140985489 0.3000172898173332 0.4050041511654854 0 0 12.3925741687417 16.52023144811392 82.76469328254461 390.6920638456941 50.69732633978128 46.01131838560104 0.07643219083547592 0.08922529220581055 0 1.85889345407486 1.702821418642998 0.9387947767972946 0.7419771775603294 0 0.07031827419996262 0 3.807391718029976 4.82158175110817 0 148.8066853061318 6.161926336586475 17.34787502884865 0.2803508564829826 0.09565532952547073 0 9.125555664300919 0.08852984011173248 1.378497429192066 8.958595357835293 0.8984602838754654 0.09054893255233765 3.583128720521927 0 0.1708147600293159 0.7114551216363907 0.1090000793337822 0.1825367584824562 0 0 0.1336492449045181 0.3990997895598412 39.06305542588234 6.570557251572609 0.1537875682115555 1.330189645290375 1064.489671386778 0 0 0 0.7991488873958588 0.5871995389461517 2.430041447281837 1.102607369422913 0.8501071035861969 5.212360411882401 5.302890032529831 0 0 4.70373672246933 1.026119709014893 0.1631479263305664 0.2845267653465271 0 0 0 0 0 0 0 0 0 0 0 0 0 0.125055730342865 0 0 0 0 1.159906297922134 0.2171019613742828 0 0.4623952507972717 0 0.7881679683923721 0 0 0.08738356828689575 0 0 0 0 0 0 0 0 0 0 0 0 0 0 0 0.2221779301762581 0 0 0 0 0.1695976108312607 0 0 0 0 0 0 0 0 0 0 0 0 0 0.4856703579425812 0 0 0 0.7170594334602356 0 0 0 0 0.1122240945696831 0 0 0 0 0 0 0.1967128366231918 0 0 0 0.5098892450332642 0 0.8803183436393738 146.6173385232687 2.790071085095406 64.04660183936357 11.70940089225769 762.4103183373809 9.189975805580616 2.755471087992191 1.10295757651329 0.6356130242347717 0 2.448781967163086 0 2.799060806632042 0 0 0 1.104014694690704 0 143.865318402648 1.435957625508308
1438.99664914608 1291.42860801518 1940.049506835639 992.96831510216 2489.272759221494 86.44896107912064 3712.097476027906 230.680588401854 2519.110406413674 1001.682279393077 1953.510135784745 263.7406892478466 389.6339327692986 710.4654712304473 54.11649455875158 6.182148650288582 1.868134044110775 0.08635849505662918 0 0.1481549143791199 0.1530122235417366 0.9915774986147881 0.1154719442129135 0.3578720316290855 0 0.06980649381875992 0.1279087327420712 0.3761095851659775 0 0.07903526723384857 1572.451790168881 18.92308715730906 15.17225251346827 0.2089575901627541 0.1191204190254211 0.2390801012516022 3.382258057594299 0.1653992161154747 0.8681389838457108 0.4340961202979088 0.8941519036889076 0.08501867949962616 0 0.7538851127028465 0.2091194614768028 0.1415678337216377 299.0824888721108 2.360066540539265 0 0.6467470601201057 0.9245559722185135 0.3373306691646576 0.4255518317222595 0.1360829323530197 55.87909610569477 75.24615724384785 116.5948039367795 530.6225234717131 142.4539690613747 195.8068685680628 0.9029789417982101 0.6474264860153198 0 66.41197898983955 13.63579737395048 6.109586216509342 3.044296748936176 1.703481465578079 0.7851091027259827 0.2332163155078888 6.784899547696114 4.325337424874306 0.08914559334516525 574.9932673946023 102.4113054350019 171.4607763364911 8.701304979622364 2.839833959937096 0.505052462220192 24.14101550728083 0.4455423206090927 4.920870132744312 59.99416271597147 3.254230260848999 3.302606299519539 18.85649185627699 2.108312055468559 1.302862890064716 4.269734144210815 0.2412320747971535 1.258745029568672 0.3409993797540665 0.2615708559751511 0.4447868689894676 0.8929198980331421 29.8431313559413 18.51871940493584 0.1376778185367584 2.391465991735458 1103.719351366162 1.180989623069763 1.517967104911804 0.1878658831119537 4.905152320861816 6.673050075769424 6.667795732617378 0.5194896459579468 11.0516722202301 4.014772027730942 11.84848713874817 3.014353573322296 2.585575073957443 16.67294409126043 8.63653926551342 8.271732360124588 0 0 0 0 0 0 0 0 0 0 0 0 0.3208961188793182 0 0 0 0.2154791653156281 0 0 0 2.561164855957031 0 0 0 1.968743354082108 0.1775148510932922 2.007876694202423 1.914149448275566 0.7253677845001221 0 0 0 0 0 0 0 0 0 0 0 0.688728392124176 1.113862723112106 0 0.1991328969597816 0 0.4542311653494835 0 0 0 0 2.488837733864784 0.1933586597442627 0 0 0.1272889524698257 0.3846496194601059 0.09547022730112076 0 0 0 0 5.024207755923271 0.2428306639194489 0 0.2363127470016479 0 2.38273811340332 0 0 0 0.6558497548103333 0 0 0 0 0 0.6542711779475212 0.1322010904550552 0.5744071826338768 0.2674752920866013 0 0 3.924340546131134 2.285362370312214 1.346281416714191 506.5082820728421 18.50515533983707 602.7002802342176 55.97192138433456 646.7849666550756 73.89790944010019 10.8866766244173 27.15652319788933 8.991310983896255 0.1249757632613182 2.412334322929382 0.08051168918609619 17.65868711471558 0 0.09646034240722656 0 0.858170673251152 0 180.8373298346996 17.04350128769875
133.1506931483746 1940.049506835639 667.9235860705376 14.22431442141533 359.5111208260059 6.500744208693504 138.5013583153486 2815.131221808493 871.0882865712047 42.73175115138292 2067.78389493376 105.4569251015782 159.4890498667955 616.0854904428124 43.74968327581882 5.828150399029255 1.184642143547535 0.3914586529135704 0.08696890622377396 0 0.3978386595845222 0 1.051538102328777 1.097333028912544 0.7126248106360435 0.6122493594884872 0.5382865816354752 0.3141707181930542 0.1107103675603867 0.5534193590283394 3676.156906500459 498.8049994409084 156.4476379603148 0.2271613255143166 0.7563235983252525 0.3133143037557602 6.761853694915771 0.1167481020092964 0.4184005111455917 0.3922717124223709 0.856669120490551 0.6396614387631416 0.3233798891305923 0.6607228890061378 0.1655563414096832 0.2810332551598549 167.8802099749446 1.254196032881737 0.4075791165232658 0.6153752356767654 0.3730546459555626 0 0.1432788670063019 0 23.4549297913909 31.54573218524456 73.83719380199909 536.7826362997293 69.69587186723948 88.53277532756329 0.3926113843917847 24.48584393411875 0.1117807179689407 175.9437824934721 4.999839670956135 2.998598001897335 1.079413138329983 0.7766380682587624 0.2706537768244743 0.3755799829959869 13.81955377757549 2.201187141239643 0.06898816674947739 317.5221497118473 75.73725160211325 120.0977197512984 11.79312190413475 3.177534088492393 26.19126685708761 805.2891154102981 0.3215897083282471 210.0892975851893 26.27604746818542 0.9394807368516922 1.367627784609795 6.134675987064838 1.081204123795033 0.5939485728740692 1.620918139815331 0.3156659603118896 0.6301463469862938 0 0.3133735880255699 0.5458689033985138 1.000552706420422 11.19115449488163 23.26600596308708 0 5.49712847918272 199.0965223014355 0.7908749356865883 0 1.429417878389359 0 4.300428494811058 7.085811972618103 0.6351001411676407 9.357013270258904 2.838887929916382 22.44897359609604 2.363022744655609 5.901434615254402 15.79548814892769 11.25466425716877 4.686946511268616 0 0 0 0 0 0 0 0 0 0 0 0 0 0 0 0 0 0 0 1.89599147439003 1.840998947620392 0 0 0 3.230818830430508 0 2.724182762205601 2.528307646512985 0 0 0.341463714838028 0 0 0 0 0 0 0 0 0 0 0.2900936603546143 0 0.08122634887695312 0 0 0 0 0.101924866437912 0 0.6948978304862976 1.794242039322853 1.382414698600769 0 0.1721954941749573 0 0 0 0.09054593741893768 0 0 7.644925206899643 0.2416590303182602 0 0 0.1408801972866058 5.440672606229782 0 0 0 0 0.1114298477768898 0 0 0 0.2057711184024811 0.1089408844709396 0 0.3609166890382767 0.09016578644514084 0 0 3.069758683443069 0.9398198872804642 3.725699864327908 285.2088531702757 7.913153178989887 301.5340855047107 25.75446524471045 151.8023820966482 43.19455935806036 5.179481357336044 21.21727848052979 3.497765064239502 0 7.985770054161549 0 2.911920756101608 3.232752203941345 0 0 1.339995309710503 0.8164015561342239 64.58986320346594 21.05472913384438
1439.860501654446 992.96831510216 14.22431442141533 1170.540685787797 8.466764003038406 629.4373651146889 1236.405688501894 1.364328414201736 26.5991680175066 1815.48376147449 8.847614243626595 332.5616293549538 189.1233162358403 88.63621897995472 1.448837988078594 0.2181750163435936 0.09929879754781723 0 0 0 0.135149672627449 0.6780432611703873 0 0 0 0 0 0.4777540564537048 0 0 53.71109733730555 0.1096287593245506 0.6934885457158089 0.08390731364488602 0 0 0.2588560059666634 0 0.5321943610906601 0.3203938007354736 0.453841894865036 0 0 0 0 0 30.53275520354509 0 0 0 0.09272604435682297 0.5601652860641479 0 0 6.387861289083958 10.22071784734726 31.30070253461599 72.63467290252447 22.92247471958399 24.24707206338644 0 0.0876922532916069 0 2.816434651613235 1.27640001475811 0.6017980352044106 0.2718305289745331 0.35445536673069 0 0 5.45732057839632 6.395456157624722 0 66.12131855636835 6.091155208647251 7.961119145154953 0.142592266201973 0.2826903983950615 0 0.4006453603506088 0.07756570726633072 0.3134079426527023 6.60921036452055 0.1940742135047913 0.3635982424020767 1.757919937372208 0 0 0.1370421051979065 0.3731654584407806 0 0 0.3407618924975395 0 0.3088655918836594 49.77599011361599 5.547886222600937 0 3.772999107837677 586.6357968375087 2.495987720787525 1.566462121903896 8.215674854815006 10.99845452606678 2.48928976804018 15.4951349273324 2.581722676753998 6.38477236032486 31.11097821593285 18.42943061888218 0.6996672302484512 3.891798436641693 12.36479794979095 5.360469855368137 1.24390734732151 0.2990060150623322 0 0 0 0 0 0 0 0 0 0 0 0 0 0 0 0 0 0 1.556154049932957 2.604718670248985 0 0 0 2.040769919753075 0 0 0.1552515029907227 0 0 0 0 0 0 0.2463303506374359 0 0.5399658530950546 0.6075798720121384 0 0 0 0 0 0.1259691566228867 0.1060711592435837 0.2099981009960175 0.09068918228149414 0.8050918132066727 0.4009123742580414 0 0 0 0.1338092088699341 0 0.2238899916410446 0 0.0937599390745163 0 0.1733045279979706 0 0 0.6579860523343086 0 0 0 0 0.1072694286704063 0 0 2.013684689998627 0.3127196803689003 0.1301402151584625 0 0 0.115800254046917 0 0 0 0.08893715590238571 0 0 0.1215216591954231 2.799591347575188 0.7645665407180786 0.09971597790718079 193.4970040842891 2.316003829240799 55.36975573003292 8.737893089652061 539.2727596238256 7.558915600180626 1.058634027838707 1.615279413759708 5.224509760737419 0 1.890367016196251 0.2708768248558044 6.159449443221092 1.850633755326271 0 0 0 0 120.1980837956071 11.32756074517965
14.41240160912275 2489.272759221494 359.5111208260059 8.466764003038406 2564.715873226523 2.001805253326893 2735.557581201196 113.3545967712998 5474.474694080651 305.0460572466254 1015.934853084385 56.91062501072884 664.9518499523401 941.1624692305923 39.27337024360895 3.854058317840099 0.5531414747238159 0 0 0.08825960010290146 0 0 0 0.07806374877691269 0.07730090618133545 0 0 0.3441746383905411 0.3958959728479385 0 153.5499117225409 9.091650396585464 9.49515163898468 0 0 0.1175728216767311 0.969565324485302 0.1229489594697952 0.8193479627370834 0.2818312719464302 0.1869078204035759 0.6236556246876717 0.0810953825712204 0.266494557261467 0.06050531938672066 0 92.41080673784018 0.1146319732069969 0.1315220892429352 0.09576857835054398 0.07309133559465408 0.1989064812660217 0 0.3457169607281685 10.34946075081825 12.65856000036001 10.15321989357471 58.52072487771511 19.81018936634064 38.00166909396648 0.1700932756066322 0 0 28.33758678287268 2.291312530636787 1.034165866672993 0.3787704780697823 0.1880451515316963 0.2714992091059685 0.07442813366651535 10.70492213964462 0.2430788278579712 0 96.14413741230965 35.3535577505827 72.30573320388794 5.821571789681911 1.966610431671143 0.3393331468105316 8.294445976614952 0.2535043582320213 2.512862116098404 12.34994252026081 0.1850335747003555 0.661639004945755 4.212662845849991 0.2217926979064941 0.2426945939660072 1.018679596483707 0 0.5565734580159187 0.3959520384669304 0.2103210166096687 0.08760013431310654 0 5.81482170522213 8.77082222700119 0 1.179645784199238 10.60459795594215 1.42040354013443 0.2344739586114883 1.405853748321533 0.7519988864660263 8.744282722473145 1.87813113629818 0.2164028584957123 5.881028354167938 3.293806284666061 9.112708300352097 5.13660055398941 0.9137444794178009 14.92215222120285 7.492705672979355 3.717649132013321 0 0 0 0 0 0 0 0 0 0 0 0 0 0 0 0 0.9549114108085632 0 0 1.819344460964203 2.853310585021973 0 0.5166492238640785 0 0.8189570605754852 0.9027496576309204 1.645307064056396 0.6518897414207458 0 0 0 0 0 0 0 0 0 0.3091198801994324 0 0 0 0 0 0 0 0 0 0 0 0.9728909134864807 1.706939220428467 1.60113537311554 0 0 0 0.08432262390851974 0.1050140187144279 0 0 0 0 1.224756807088852 0 0 0 0 2.643003821372986 0 0 0 0 0 1.076891899108887 0 0 0 0 0 0.08288264274597168 0 0 0 1.819348156452179 0.2531874477863312 0.6148630902171135 238.8348901718855 5.302449896931648 210.8163649663329 16.34825808554888 35.6031521037221 32.33008525520563 1.241648018360138 21.73890312761068 4.201663509011269 0 6.343108594417572 0 4.637088567018509 0.6940415948629379 0 4.943882703781128 0.5817477107048035 0.3952065706253052 31.96882392466068 7.647517666220665
167.4150625616312 86.44896107912064 6.500744208693504 629.4373651146889 2.001805253326893 4.206993609666824 45.56183254718781 0.2418864071369171 2.98993793129921 1402.287563353777 3.632293172180653 570.0891392827034 123.3248152434826 15.2182761952281 0.1985007375478745 0.4261753484606743 0 0 0 0 0.1422141939401627 2.03493645042181 0 0 0 0 0 0 0 0 15.46383918821812 0 1.943551659584045 0 0 0 1.095181286334991 0 1.322601243853569 0.1144054085016251 0.5050242692232132 0 0 0 0 0 0.8795199990272522 0 0 0.1412293463945389 0 7.675324067473412 1.476888194680214 0.1408682614564896 0 0.225261315703392 150.0999227017164 5.948866710066795 3.139148533344269 0.2123857587575912 0 0 0 0 0 0 0 0 0 0.2436390817165375 16.90161187201738 65.36521365493536 0.2817029803991318 0.4469874501228333 0 0 0.3876391351222992 0.1480263471603394 0 0.5675066709518433 0 0.2514767944812775 0 0 0 0 0 0.240400567650795 0.4643241688609123 1.249481603503227 0 1.657520033419132 0 0.1733914911746979 0.3482899218797684 64.63684244453907 98.3254349604249 4.477885022759438 9.636099241673946 211.6148985847831 0 0 0 4.932321950793266 1.21426859498024 0.3178907036781311 0.1969051510095596 0 37.71223048865795 2.833898544311523 0 0 3.69885890930891 1.14574146270752 0 0 0 0 0 0 0 0 0.1122556328773499 0 0 0 0 0 0 0.3555367141962051 0 0 0 0 0 0 0 0 0 0 0 0 0.5028527975082397 0.678430438041687 0 0 0 0 0 0 0 0 0 0 0 0 0.5150578916072845 0 0 0 0 0 0 0 0 0 0 0 0 0 0 0 0 0 0 0 0 0.5466694235801697 0 0 0 0 0 0 0 0 0 0 0 0 0 0 0 0 0 0 0 0.1699752062559128 0 0.3967365324497223 67.58696763217449 0.8941006064414978 1.278026789426804 0.1127859130501747 269.6419023573399 1.543444126844406 0 0 0.2671005129814148 0 2.001698136329651 0 2.451798275113106 0 0 0 0 0 98.31734862923622 2.565512508153915
527.1251840367913 3712.097476027906 138.5013583153486 1236.405688501894 2735.557581201196 45.56183254718781 2870.119490228593 26.26467671990395 3952.7852018103 2440.882076978683 245.868567623198 776.1359305456281 2910.956422865391 4550.941608741879 81.42383725941181 10.98940418660641 1.392857991158962 0.07696723937988281 0.1769197508692741 0.1331573724746704 0 0.1122668012976646 0.08007705211639404 0.3225944638252258 0 0.1340084224939346 0.2704830318689346 0.4921061396598816 0.6163889765739441 0.09384504705667496 266.9434537813067 7.986127749085426 10.71711171418428 0.07442315667867661 0 0.1316413879394531 2.463250547647476 0.3234427720308304 0.8045325018465519 0.122076690196991 0.06841905415058136 0.101202204823494 0.08807622641324997 0.2942182347178459 0.3651755973696709 0.4428351148962975 253.086177714169 1.626394957304001 0.2754744365811348 0.8589561656117439 0.5113245993852615 0.103570245206356 0.6657753810286522 0.1936383992433548 28.83771325647831 40.9329277202487 43.68599780648947 195.3383157476783 77.6855476424098 113.9096643701196 0.4161481782793999 0.9740967229008675 0.1700902432203293 50.49786846339703 7.488973639905453 3.726230263710022 2.298662848770618 1.369906716048717 0.7220203652977943 0.6282200515270233 29.58982538431883 3.765952229499817 0 304.8369477465749 73.02232132852077 167.7291353195906 14.39918952435255 3.076500311493874 0.593038521707058 10.63642209768295 0.5164021924138069 1.767170570790768 39.05323570966721 1.12569085508585 2.785082466900349 12.85449119657278 0.3965654447674751 0.5948036536574364 3.695242561399937 0.1707219481468201 1.014674611389637 0.3835357502102852 0 0.3719816952943802 0.4711580574512482 48.60599112510681 37.84456051141024 0 6.299190513789654 162.2393635287881 4.229199275374413 4.570498660206795 37.88774395734072 21.47585025429726 28.21078586578369 33.65381599962711 6.674523577094078 48.51868765056133 67.11134588718414 103.2231240272522 13.33802907168865 34.05802823603153 93.51103627681732 32.20391544699669 15.21050111949444 1.307081893086433 0 0 0 0 0 0 0 0 0 0 0 0 0 0 0 0 0 0 11.9648679420352 8.512256115674973 0 0.7031169533729553 0 6.37265357375145 0 8.582499459385872 1.25336167216301 1.066436171531677 0 0 0 0 0.08792708069086075 0 0 0.9639159664511681 2.533487319946289 0.2445886209607124 0 0.163712665438652 1.140608847141266 0 0.1171988919377327 1.285184815526009 0.4980421885848045 1.140017427504063 3.294870398938656 1.239446669816971 0 3.822497129440308 6.129921317100525 2.009386539459229 1.024235263466835 0.8759767711162567 0.299801379442215 0 0 0 0 0.1118975654244423 15.29921251535416 0.8499591052532196 0.1711933463811874 0 0 13.35547745227814 0 0 1.566198073327541 4.722808226943016 1.951602973043919 0.1810024231672287 0.6402005702257156 0.0830429419875145 0.1910090297460556 0 0.126901239156723 0.4113711938261986 0 0 0 7.494054228067398 0.8538585156202316 2.142901301383972 659.1741406321526 13.50492665171623 570.8725932948291 55.57093410938978 293.1279425323009 90.91226696223021 6.35180002450943 43.73696575313807 12.28774181008339 0.1380813270807266 22.93165890872478 6.230639562010765 40.3585132136941 4.713763274252415 0.2017976194620132 1.485984601080418 3.894608944654465 0 145.9653403162956 70.6634329855442
19.32984421402216 230.680588401854 2815.131221808493 1.364328414201736 113.3545967712998 0.2418864071369171 26.26467671990395 1197.047230802476 186.4875855743885 8.624981254339218 2588.002858795226 72.2750555574894 257.5831844508648 2284.251595817506 56.84058727324009 27.34650242328644 2.781767420470715 0.1308461874723434 0.2017754018306732 2.145470574498177 29.0522783100605 0.149301216006279 22.39818379282951 25.2675553560257 6.444798052310944 4.329372704029083 13.31002349406481 2.602156333625317 0.4402422159910202 3.356365188956261 2136.993080176413 1053.398465879261 110.1305193677545 7.42133367806673 17.77500709891319 5.291635677218437 9.060975417494774 5.719157412648201 2.49323283135891 2.572682581841946 17.91462521255016 4.339800871908665 1.402539998292923 4.84144301712513 2.187914445996284 10.98878402262926 74.47264261543751 0.5401735305786133 0.2140529677271843 3.042729645967484 2.905602596700191 0.09546288102865219 0.8186678886413574 0.4044394940137863 3.636327840387821 5.845339633524418 13.8619357123971 135.7212933078408 15.59002964943647 24.13461451977491 86.88513870537281 174.9469395205379 7.900163367390633 826.6130097284913 0.978462815284729 0.6604388430714607 0.2752923667430878 3.125404298305511 7.357487313449383 10.99800295382738 13.76585410535336 5.848062314093113 0.2088531255722046 75.61244866997004 70.5894318073988 84.8795550391078 54.06500461697578 99.93702297657728 456.1616212651134 1460.917497381568 42.96947158128023 1192.434773236513 8.682704240083694 0.1916300877928734 0.971963606774807 0.9401801750063896 0.9105790331959724 0 0.9300498068332672 0.09448966383934021 0.1719091981649399 0 6.273663833737373 4.306077025830746 1.962418057024479 8.222556553781033 16.7860224172473 0.1846125274896622 5.090348109602928 27.30879900604486 0.6664943546056747 0 1.459539324045181 0 8.639796823263168 1.914769485592842 0 5.973518267273903 5.797183334827423 8.274344652891159 3.746684044599533 1.049468547105789 10.34264091402292 5.045053638517857 4.885970987379551 0.1679333448410034 0.8078590035438538 0 0 0 0 0 0.1667713671922684 0 0 0 0 0.1187340468168259 0 0 0 0.1376844495534897 1.600166365504265 0 1.49803552031517 2.216098576784134 0 0.4545717537403107 0 2.047123238444328 2.440553367137909 5.155254811048508 2.217494010925293 0.6468892619013786 0 0 0 0 0.1856350898742676 0.5461843013763428 0 0 1.61733865737915 0 0.1464079767465591 0 0.5418502613902092 0.120375894010067 0 0 0 0.6755184531211853 1.248710870742798 0 0 0.6652557849884033 4.816380262374878 0 0 0 0 0 0 0 0 0 3.433992072939873 1.561923936009407 0 0 0.1913899853825569 2.042515769600868 0 0.383152961730957 3.189305752515793 0.2317492812871933 0 0 0 0.09238364547491074 0 0 0 0 0 0 0 2.01310783624649 3.046386934816837 4.048618331551552 139.6597641557455 2.688292473554611 149.2653964459896 16.97590459138155 27.70503398776054 26.33629930019379 1.154768064618111 14.37211496382952 3.566000699996948 0 6.710042551159859 0.6016587615013123 10.5055236518383 2.276642858982086 0 0.1452901363372803 3.093209341168404 0.1574183255434036 23.73925533890724 16.99542415142059
8.778068281710148 2519.110406413674 871.0882865712047 26.5991680175066 5474.474694080651 2.98993793129921 3952.7852018103 186.4875855743885 2082.412623733282 736.631839223206 2019.901229158044 94.74299976974726 2259.420885413885 998.4744003787637 66.40140184760094 25.36549025774002 1.407851830124855 0.5989573299884796 0.1164591312408447 0.1078592017292976 0.263842947781086 0 0.4414325505495071 0.5193044319748878 0.1192263886332512 0.08847381174564362 0.4264811649918556 0.3360274881124496 0 0.09126198291778564 72.60594230890274 4.499210946261883 7.253248579800129 0.07612922042608261 0 0.09875445812940598 4.262044921517372 0 0.3180654346942902 0.4828078672289848 0.5193963423371315 0.2420667260885239 0.1762654855847359 0.5292904376983643 0.07335802167654037 0.09165147691965103 76.30351405590773 0.3486433476209641 0 0.08166094869375229 0 0.2157430499792099 0 0 5.494336813688278 4.2996940985322 4.926916852593422 23.01490008085966 9.400636114180088 22.75432877987623 0 1.408381432294846 0 15.16166838258505 0.4162752255797386 0.335115447640419 0.5260765478014946 0.3427090793848038 0.08089450746774673 0.3433048352599144 15.62680271267891 4.730506852269173 0 55.76902934163809 19.75457537919283 73.91626879572868 8.151133023202419 7.07496090233326 0 6.12661911547184 0.06842108815908432 1.650394581258297 6.5055111348629 0.08729600161314011 0.3093355894088745 1.660837106406689 0.09476152807474136 0.3522879183292389 0.4849769547581673 0 0.2768355086445808 0.104671336710453 0.361332394182682 0.2364959865808487 0.3043789342045784 17.56794749945402 27.79091016948223 0 0.9607561230659485 4.593730784952641 0.9863933026790619 1.245726034045219 1.874248802661896 2.470147013664246 22.93144616484642 15.22911332547665 1.559475652873516 29.29471787810326 14.667191401124 57.39169502258301 8.751582138240337 11.98574189096689 74.39695180952549 29.89998412132263 16.04830062389374 1.927467457950115 0.2061370015144348 0 0 0 0 0 0 0 0 0 0.1698814481496811 1.073991894721985 0 0.4324303865432739 0 0 0 0 6.330201923847198 6.703417330980301 0 0 0.1238555982708931 6.283645309507847 0.7288362383842468 8.631227940320969 2.365244954824448 0 0 0 0 0 0 0.1636524349451065 0 0.2114123404026031 0.7205483764410019 0 0.4007018208503723 0.0895688459277153 0.3674367666244507 0 0 0 0 0.962548702955246 2.682020932435989 0 1.623550295829773 0 7.927410930395126 0.532293513417244 0 0 0.1401874125003815 0 0 0 0 0 13.8781510964036 1.176190719008446 0.1219701543450356 0 0 11.48820488154888 0 0.1351970136165619 1.400614202022552 0.5689176917076111 0.297665923833847 0.9827615097165108 0.238541379570961 0 0 0.08460871130228043 0.3147349953651428 0 0 0 0 7.730256080627441 1.530332766473293 4.925499498844147 267.3830229341984 4.816768690943718 191.4414809048176 29.56905899196863 22.2040942683816 26.45023737102747 0.5162651315331459 28.30777909606695 7.980175390839577 0 13.533462241292 3.277633249759674 21.34215039014816 3.296053141355515 0 0 4.800746269524097 0.5991334617137909 53.93190387636423 66.48602423816919
1059.469203643501 1001.682279393077 42.73175115138292 1815.48376147449 305.0460572466254 1402.287563353777 2440.882076978683 8.624981254339218 736.631839223206 2668.831977881491 47.7068627923727 2823.481385461986 7511.32850728184 4038.525529436767 23.54255681484938 6.710848703980446 0.9670030027627945 0 0 0.2026692256331444 0.2164009213447571 2.154636695981026 0.4997504949569702 0.5089976042509079 0.5140662789344788 0.3114218786358833 0.7881592959165573 0.08516848832368851 0.42487433552742 0.5354762300848961 58.94105314463377 1.372469738125801 7.051450043916702 0 0.1098050326108932 0.3723754063248634 5.605032026767731 0.459498904645443 2.444378443062305 1.100636169314384 1.379233092069626 1.033173352479935 0 0.5367473736405373 0.232259564101696 0.4796833395957947 66.59905900061131 0.8157295137643814 0.09179858863353729 0.2130034863948822 0.5099946707487106 7.588049717247486 1.276882894337177 0.7430935353040695 8.95768241584301 11.10546674579382 55.16102097928524 87.43315623700619 24.29329250752926 39.94747071713209 0.2702658697962761 0.3083413615822792 0 8.542480818927288 1.502899341285229 0.3116533011198044 0.4053272604942322 0.2725498378276825 0.7563407942652702 0.3296085894107819 36.79329290241003 48.73352475464344 0.6029897183179855 91.50293333828449 13.34836189448833 35.02925009280443 3.25312876701355 1.570433750748634 0 3.672064818441868 0.1593511924147606 1.541433125734329 10.04326679557562 0.2008217126131058 0.4418894797563553 3.442782700061798 0.1751561686396599 0.4557144641876221 1.381554700434208 2.403723642230034 0.3564700484275818 1.063071705400944 0.6516801938414574 0.51181261241436 2.106664456427097 292.3053677603602 62.92424710839987 1.754586286842823 11.64249396324158 707.6378910914063 10.14725148677826 23.44933601468801 12.62285839021206 218.9800346270204 33.07737734913826 82.90806321799755 100.0224999040365 45.94607672840357 176.5269275382161 206.2987000495195 22.49642786383629 55.27073039114475 218.0876267328858 74.29280128329992 32.59507571160793 1.23279470205307 0 0 0 0 0.1443182379007339 0 0 0 0 0 0 0.2726627886295319 0.1087680160999298 0 0 0.1041204407811165 1.151227131485939 0 13.49197940528393 5.898885637521744 0 0 0 7.809537962079048 0 12.00435034185648 1.732445150613785 1.479719929397106 0 0 0 0 0.1880965530872345 0 0 2.123295024037361 2.149280220270157 0 0 0.1260721534490585 2.980702623724937 0 0.4273785501718521 1.297526516020298 0 2.469409011304379 6.581237092614174 4.840763010084629 2.529351949691772 2.440931081771851 7.622957274317741 3.628316521644592 0.953225202858448 0.6978302076458931 0.1970951557159424 0 0 0 0 0 14.06244659423828 1.418894276022911 0 0 0.3133718073368073 11.91197727620602 0 0 4.443717479705811 3.81079038977623 1.806078888475895 0.1505633592605591 0.166164442896843 0.5050715059041977 0.0969865620136261 0 0 0.1981131136417389 0.09537701308727264 0 0 23.38332541286945 2.823044538497925 5.222384229302406 1030.416104257107 8.620905935764313 149.402458421886 19.26182892918587 1335.560901984572 21.37501185387373 3.780967719852924 15.21246323734522 29.97831112891436 0 38.49567872285843 6.034609064459801 117.9245248138905 5.246747851371765 0 0.9788158535957336 1.699632063508034 0 615.6093248873949 177.9623697698116
193.8562332838774 1953.510135784745 2067.78389493376 8.847614243626595 1015.934853084385 3.632293172180653 245.868567623198 2588.002858795226 2019.901229158044 47.7068627923727 1534.499337151647 258.3333048000932 1057.180410802364 2744.506818618625 113.2129389420152 82.0964946821332 5.310682840645313 0.2124777883291245 0.2407910153269768 0.7603266537189484 9.151022925972939 0.5089472904801369 8.832733400166035 14.24226672947407 6.190613374114037 3.904162906110287 12.17469895631075 3.602458260953426 0.3240513131022453 5.080810748040676 1700.320714049041 81.82165908813477 694.5130914896727 2.274819694459438 5.232990004122257 10.31722006201744 162.1011369600892 24.10380942374468 7.388941250741482 6.238324493169785 11.64209871739149 2.656534932553768 0.3921737000346184 3.732448913156986 0.8411758616566658 2.023815147578716 98.49301604181528 0.6768848448991776 0.4388068243861198 1.421769380569458 0.919268436729908 0.4975844249129295 1.066655300557613 1.487015619874001 7.293550439178944 9.312518872320652 18.28130125999451 85.95703089982271 19.40560337901115 39.32784447818995 3.791567362844944 152.3530799746513 1.159098513424397 25.02166944742203 1.638632491230965 1.074045702815056 0.2288106381893158 1.526291154325008 2.720531538128853 5.020468272268772 49.24492333829403 12.42219381779432 0 109.2838384360075 26.66952270269394 122.647694081068 17.91699367016554 21.89849660545588 17.45594917237759 274.929068364203 6.287744842469692 102.45390188694 10.36666867136955 0.173750638961792 1.072405532002449 3.010908536612988 0.3520688861608505 0.201489083468914 0.6730003133416176 0.2180669531226158 0.5171996057033539 0.2534597367048264 2.106176897883415 1.979449220001698 1.077500551939011 30.58874429017305 39.9705997556448 0.1774250119924545 8.027051597833633 102.9895742163062 2.925526410341263 0.7884810864925385 1.484321981668472 2.451640665531158 11.69901552796364 7.972314387559891 0.8198788166046143 10.58954212069511 9.891053199768066 23.28104924410582 6.723170965909958 2.267213113605976 30.02228306233883 12.73466777056456 9.781596481800079 0.8992999121546745 0.5690755918622017 0 0 0 0 0 0.08923562616109848 0 0 0.1388562619686127 0.1008549779653549 0.1028443574905396 0 0 0 0.4253719747066498 0.2769756466150284 0 6.822113066911697 4.968853309750557 0 0.4298653602600098 0 6.568564385175705 0.2469020485877991 12.1253352612257 5.031156085431576 1.602992400527 0.4873707443475723 0 0 0 0 0.2072444185614586 0 1.185289800167084 0.6550880968570709 0 0 0.1078524217009544 0.3627514913678169 0.1440290957689285 0.2623187601566315 0 0 1.298777729272842 1.131295278668404 0.167629137635231 0.1384491324424744 1.33886182308197 1.023506194353104 0.5390772223472595 0 0.396576315164566 0 0.0990731492638588 0 0 0 0 6.830177761614323 2.250899098813534 0 0.1210309043526649 0.09564200043678284 7.735072046518326 0.5174924731254578 0.3009127974510193 0.7905814945697784 0.9585105180740356 1.534122183918953 0.4320248663425446 0.1118670254945755 0 0.2683033272624016 0 0 0.08759071677923203 0 0.1043910309672356 0 4.824738889932632 3.95543210208416 7.68468127399683 210.3280547261238 4.77643134444952 231.0566748157144 33.73702555894852 59.65743064135313 23.29293328523636 2.016948595643044 27.8437632471323 4.103798873722553 0 6.622764088213444 2.979794055223465 10.29286609590054 1.723533481359482 0 0.9576319009065628 1.277137480676174 0 47.18449655920267 31.16682844609022
113.8038028925657 263.7406892478466 105.4569251015782 332.5616293549538 56.91062501072884 570.0891392827034 776.1359305456281 72.2750555574894 94.74299976974726 2823.481385461986 258.3333048000932 189.7530331537127 1446.77000784874 493.4527716189623 187.6543939262629 179.306419275701 22.62633690983057 2.32277762144804 1.217268228530884 2.043045617640018 16.36948546767235 9.592942610383034 19.84159684926271 35.86267124116421 29.35660839080811 9.125913873314857 51.4734199270606 27.64399246126413 6.249767303466797 29.75302400439978 52.85957539081573 5.816591456532478 141.8374792039394 6.548585772514343 16.71455577760935 18.03655751049519 325.1671653687954 58.3993988186121 98.19588114321232 37.01003085821867 70.46214194595814 42.0290409475565 1.919144235551357 4.575116865336895 5.581751562654972 5.800193384289742 75.94030702859163 1.253899358212948 1.648113027215004 4.971376702189445 1.668862000107765 10.50634137541056 17.48877009749413 15.04086969047785 1.319984748959541 2.593868084251881 22.17570089548826 26.36656777560711 6.518813200294971 13.66550263762474 13.93538796156645 18.0949591845274 5.861202612519264 16.92894055694342 0.896337702870369 1.159085139632225 0.3595157936215401 2.921875655651093 7.906129866838455 10.25301987677813 804.8409462943673 119.0846131518483 0.5522918999195099 27.61249173432589 10.5601209923625 76.87557584047318 12.24332992732525 21.61012920737267 0.4100351631641388 80.34734012186527 1.847777366638184 9.432259790599346 3.267180383205414 0.0895364060997963 0.1849635615944862 0.407634049654007 1.743626773357391 0.3201329261064529 0.9765130653977394 3.239595681428909 2.172775879502296 3.566915355622768 8.615730464458466 7.461273171007633 10.68566447496414 1702.976917222142 340.819226808846 4.416723698377609 84.35190200060606 186.5169156342745 7.395141914486885 7.707511380314827 10.41568423807621 14.58164885640144 73.62600038945675 64.16604047268629 23.33287054300308 100.0355666577816 77.10445687174797 406.0014704167843 34.58400170505047 49.58198171108961 416.9552665948868 144.6775921806693 70.6691065877676 2.572141326963902 1.063969247043133 0 0.2135498523712158 0 0 0 0.7630384266376495 0 0 0.7282954156398773 0 2.851594775915146 0 0.2667790800333023 0.3829470574855804 1.594063483178616 0.4930578470230103 1.155871726572514 24.53989687561989 16.30216510593891 0 0.8510032445192337 0.311857596039772 18.77803798019886 0.6464236378669739 18.76445372402668 16.20870403200388 7.365526415407658 0 0 0.1760563403367996 0 0.8506826162338257 2.507149994373322 0.2136117368936539 2.316396601498127 4.88826310634613 0.5050939917564392 0 0.346586786210537 7.038204960525036 1.489133656024933 0.1114830076694489 0.3090617954730988 0 2.463178470730782 6.106805399060249 0.7193535417318344 2.179337576031685 3.552571833133698 22.11602248251438 5.282966405153275 0.1314913034439087 0 0 0 0.1133293136954308 0.2568058967590332 0.08879120647907257 0 54.1058597266674 13.95578098297119 0 0.1266794204711914 0.2260575443506241 28.41462423652411 0.3750165700912476 2.1612209379673 2.446676254272461 3.249379307031631 4.46859885007143 0.1259226351976395 1.296467691659927 0.1584668606519699 0 0 0 0.4933220595121384 0.1580915600061417 0.1884703040122986 0 42.60051546990871 14.13285615295172 24.28762554377317 1169.773793838918 13.72046039253473 297.4225117638707 100.1599464938045 576.180797547102 31.55970851331949 1.145859159529209 47.62771392613649 59.60375346243382 0 46.31751874089241 3.919986739754677 124.7079141139984 10.57062032818794 0 0.6438534706830978 9.239553064107895 0.6440814137458801 1234.499663822353 465.7812637165189
39.58214794844389 389.6339327692986 159.4890498667955 189.1233162358403 664.9518499523401 123.3248152434826 2910.956422865391 257.5831844508648 2259.420885413885 7511.32850728184 1057.180410802364 1446.77000784874 3254.955152094364 5636.033723138273 265.926573574543 197.0657600909472 24.07363964617252 1.674611404538155 0.6388798728585243 1.815681889653206 14.30843508243561 6.628913432359695 18.75974364578724 33.51009594649076 26.70583859086037 7.266223572194576 35.08797601610422 15.90190919488668 7.106765694916248 18.1607662960887 75.36232241243124 2.129290468990803 483.6400529295206 4.29724982380867 13.18052423000336 34.58176168054342 533.2550153955817 83.03960447013378 115.2041631266475 38.6453994885087 38.79874767363071 22.11781689524651 0.7973327562212944 6.024022422730923 3.488432519137859 6.359094336628914 126.1891945153475 1.423911422491074 0.4998076409101486 4.39541282504797 2.365592464804649 4.200766190886497 17.8293234705925 11.59665790200233 3.046741135418415 3.648948699235916 12.62493652850389 21.08485578000546 7.932118825614452 23.61576799303293 12.64519511163235 71.93337149173021 7.118839487433434 15.82709769904613 0.6163546144962311 1.544536925852299 0.2402798160910606 3.888625755906105 7.712887726724148 8.720286957919598 642.6709385067225 57.75098589807749 0 53.3838048428297 20.91289300471544 129.2594025358558 21.91367587447166 33.35021625459194 0.2306458503007889 147.0172562152147 1.96839153021574 11.5412539690733 7.717610441148281 0.3175956755876541 1.176328152418137 2.479773417115211 1.866932138800621 0.1412866413593292 1.253846049308777 0.8856985718011856 0.9776110500097275 1.10201608389616 7.250760704278946 9.78496365249157 8.012371938675642 577.6252562627196 125.2280118390918 0.8308062702417374 40.22545965760946 54.7431565746665 11.40762758255005 5.32267838716507 14.98668087273836 10.29943937063217 83.49866168946028 103.0813921242952 9.992704346776009 100.595722079277 108.7108431383967 213.1448379307985 47.3642186820507 117.5786146298051 348.6164050325751 162.2514851391315 70.23041789978743 2.266426630318165 0.26952064037323 0 0.1602862626314163 0 0 0 0.1229646801948547 0 0 0.4288187325000763 0 0.4885197952389717 0 0 0.4749630987644196 1.038235008716583 1.37398661673069 0.4960551857948303 19.76165894418955 14.36266084015369 0 1.803007245063782 0 23.35496469587088 2.278166875243187 29.89016485959291 11.7461769208312 2.877616599202156 0.2361658737063408 0 0 0 0.4305440485477448 0.6945095956325531 0 2.605502754449844 4.140984542667866 0 0 0.471300482749939 2.928445853292942 1.147432923316956 1.260013483464718 0.3942275494337082 0 2.834964469075203 6.537079960107803 1.647085949778557 1.481377005577087 2.566501453518867 11.13132315129042 2.810065343976021 0.3249441683292389 0 0.1765405833721161 0 0 0 0 0.1784769669175148 64.96998760104179 7.535004772245884 0.1207899078726768 0.3807294070720673 0.3769435435533524 27.76405337452888 0.1328025609254837 2.61464536935091 4.769832760095596 3.206754520535469 2.151087716221809 0.8860852420330048 1.786823831498623 0.2276991307735443 0 0 0.09397429972887039 0.1436199694871902 0.1192575767636299 0 0 37.89884968101978 10.00229253619909 25.2960653975606 1004.222044184804 15.34229627996683 428.5878614112735 96.49838319420815 183.1942595988512 48.84379472583532 0.9695278108119965 70.21489436179399 39.03535518050194 0.4785379841923714 46.05004831403494 6.23604791611433 97.8105970621109 7.816180944442749 0.1094211041927338 2.292569488286972 14.94669543206692 2.556410878896713 589.3179913759232 421.5574325025082
