485.6781791523099 5644.558284066617 703.8427580446005 1638.162738651037 89.18115602433681 97.03533364087343 678.4628045409918 837.9499093368649 26.91437423229218 619.023272678256 414.8552808240056 192.3883989825845 482.5961672589183 289.8127341791987 0.4570498317480087 0.462812751531601 0.1414139568805695 0.3650639280676842 0 0 0 0.2085088193416595 0.3161967694759369 0 1.818922951817513 1.140354692935944 0.5900042802095413 0.5666239932179451 0.7177238315343857 0 1394.495337225497 34.98591618984938 15.51562608778477 0 0 3.062572434544563 6.012434110045433 4.192648395895958 7.821452975273132 0.5378904938697815 0.6804014444351196 0.2837982326745987 0.118763767182827 0.2296405658125877 0 1.711156845092773 7.066550470888615 0.1369920074939728 0.9441855549812317 0.08755144476890564 0.5694958716630936 1.814551904797554 0.4423860013484955 0.1495085656642914 4.481023624539375 0.5328773409128189 176.0458239465952 1078.859191656113 93.52256971597672 13.41931357234716 7.523768946528435 5.191695638000965 0 9.72929572314024 0.6867154017090797 0.4350391626358032 0.3118075430393219 0.3792970106005669 0.2057250738143921 0.1423559188842773 10.06372015923262 17.67899759113789 0.9206055104732513 102.1629734188318 38.42706579715014 1.770615316927433 0.2607512697577477 1.652709864079952 8.089582085609436 391.549346216023 0 14.95659232139587 5.343130558729172 0 0.5859130844473839 0.684157058596611 0.5081177353858948 0.1899256855249405 0.2467997819185257 0 0.1617336869239807 0.6351509541273117 0 0.1964423358440399 0.1325130611658096 74.74154323339462 50.17606419324875 0.642666757106781 6.634048819541931 350.6133751794696 0 0 0 0 0 0 0 0.8042992055416107 5.073052659630775 0.1686744093894958 0 0 1.225978970527649 0.1206455379724503 0.2950910627841949 0 0.5770824551582336 0 0 0 0 0 0 0 0 0 0 0.3405682742595673 0 0 0 0 0 0.5030821561813354 0 0.5463881492614746 0 1.914952248334885 0.3627411127090454 0.9658001288771629 0 1.312759026885033 3.377935439348221 2.58931440114975 0 0 0 0 0 0.7971648573875427 0 0 0 0 0 0 1.413534760475159 0 0 0 0 0 0.4349940419197083 0 0.5687578320503235 3.732023656368256 1.149649143218994 0 0 0 0 0 0 0 0 0 1.39648399502039 0 0 0 0 1.853076279163361 0 2.515863060951233 0 0 0 0 0 0 0 0 0 0 0 0 0 1.379828467965126 0.6825206279754639 1.450360253453255 35.6726072281599 1.190067365765572 57.3157310038805 17.04370729625225 223.4683767035604 1.063581928610802 0.5013067871332169 0.2552873492240906 1.655628606677055 0 0.168316125869751 0 0 0 0 0 0.9868677854537964 0 31.39017833769321 0.2702174261212349
5644.558284066617 5744.237912394106 4609.971744850278 1060.923785500228 2567.546231068671 415.9553079009056 7231.928096376359 3498.316280126572 809.6876614019275 1068.600219845772 3272.30446472764 178.6683387979865 1397.541616477072 2502.688836760819 6.489450678229332 0.7269389927387238 1.409915998578072 0.1811357736587524 0.2656997591257095 0 0.2055890709161758 0 0.1427604109048843 0 2.55838879942894 0.5701476484537125 0.6800424158573151 0.2902007848024368 1.606874600052834 0 1894.239200979471 127.6091737598181 74.32803132385015 0.215705931186676 0.2404355108737946 3.517229422926903 11.36971414089203 5.414401426911354 4.904942147433758 1.302921868860722 0.7621425986289978 1.675171092152596 0.1895854026079178 1.402517788112164 0.3478657901287079 0.4704585820436478 160.5675976350904 3.658846989274025 2.451629653573036 0.5693871304392815 0.7068284824490547 0 0.5233189463615417 0.6717225760221481 20.07799633592367 5.876864477992058 368.7384299486876 1100.689831860363 279.5112437754869 162.5961934626102 1.670139260590076 9.175234787166119 0 93.69933278858662 3.737518616020679 4.324032641947269 1.303354755043983 0.1790640726685524 0.3389510735869408 0 41.4375798329711 1.720534086227417 0 677.5778815373778 147.6368539482355 109.8085125088692 38.30155923962593 6.618124298751354 13.28667420893908 948.8758793622255 1.270341776311398 18.21417072415352 53.74864010512829 0.4361757338047028 3.044592626392841 1.975012987852097 1.945660717785358 0.2651587426662445 0.942344568669796 0.3828591108322144 0.3757560849189758 0.2251990288496017 0.2739166095852852 0.5408590212464333 0.3322309702634811 88.82163867354393 1.939549088478088 0 2.314742438495159 587.0240112692118 0.150200828909874 0 0.1489785611629486 0 0 4.005255535244942 0.1545762866735458 1.698107361793518 25.90162673592567 3.396684587001801 0.4499017149209976 4.860446840524673 13.14539566636086 5.691825300455093 8.241219088435173 0 0.2681072652339935 0 0 0 0 0 0 0 0 0.2439576536417007 0 0 0 0 0 0.2911043465137482 0.5164765417575836 0.12425197660923 0 0.9378045797348022 0 0.1234373822808266 0.1985264718532562 10.30501972138882 0.8113067150115967 5.951951690018177 2.49746310710907 1.899547293782234 0 0 0 0 0 0.2093339860439301 0 0 0 0 0.1608940064907074 0.1139304861426353 1.111781731247902 0.5517046600580215 0 0 0 0 1.267767623066902 0 0 2.061151549220085 2.352611303329468 1.048679947853088 0 0 0 0 0 0 0 0 13.10627913475037 0 0.1155435740947723 0 0.5769605413079262 1.309927761554718 0 2.131002724170685 0.3891760110855103 0.1686159819364548 0 0 0 0 0 0 0 0 0 0 0 9.988315686583519 15.5116323530674 8.591458834707737 338.3518734797835 8.699285440146923 462.109401114285 63.04824917018414 476.2552740052342 1.654384531080723 2.226833328604698 8.406909249722958 2.791530817747116 0 0 0 0 0 0 0 3.423914715647697 0 186.8445540368557 12.29525309801102
703.8427580446005 4609.971744850278 2447.070687286556 96.1248883754015 1223.792665101588 4.984201893210411 296.1586159095168 4319.294046677649 852.0315087363124 4.796231418848038 3492.458742067218 2.675290733575821 30.22314155101776 1309.942014470696 1.957202613353729 0.2891558632254601 0.5367777049541473 0.09604755043983459 0.1947014778852463 0.1187229156494141 0.1103585511445999 0 0 0 0.4447324872016907 0 0 0 0 0 4551.762657552958 598.7808174863458 22.30310814082623 0.10308937728405 0 0.1521840542554855 2.190641090273857 0.662046916782856 0.1302767693996429 0.8298152983188629 0 0.2329536974430084 0.2019430845975876 0.2032573819160461 0.3301847204566002 0.0841260552406311 56.45267359167337 1.032445996999741 0.96595449000597 0.5459198355674744 0.09441674500703812 0 0 0.2804882526397705 6.485008470714092 1.123504936695099 159.9448577612638 453.4716548472643 100.5356891900301 53.84351806342602 0.6758271679282188 3.753222048282623 0 77.91896546632051 1.497199796140194 1.669758498668671 0.2928332164883614 0.2115688547492027 0.0802898108959198 0 11.15348958969116 0 0 229.4336352795362 57.4994038194418 37.10149950534105 14.45498897880316 1.9419349655509 26.2714229375124 455.4758354723454 0.1989065855741501 5.528511039912701 19.85933203995228 0.09617697447538376 1.192867577075958 0.7930025234818459 0.494849294424057 0.09056374430656433 0.1832636743783951 0 0.1834888234734535 0 0 0.1151670590043068 0.09802386909723282 17.68237913399935 0 0 0.8497903048992157 129.7675513923168 0 0 0 0 0 1.794528007507324 0 0 0.5690989792346954 0.4318905174732208 0 1.428742438554764 0.5832916498184204 1.119427055120468 1.20110622048378 0 0.09599905461072922 0 0 0 0 0 0 0 0 0 0 0 0 0 0 0 0.2174217849969864 0.2235975563526154 0 0 0 0.24034783244133 0 1.333829149603844 0 1.915152594447136 0.582598902285099 0 0 0 0 0 0 0 0 0 0 0 0 0 0.2577603459358215 0 0 0 0 0 0 0 0 0.1758483499288559 0 1.334662258625031 0 0 0 0 0 0 0 0 3.151439979672432 0 0 0 0 0.5271110534667969 0 0 0 0 0 0 0 0 0 0 0 0 0 0 0 2.654310494661331 4.418716214597225 2.79305187612772 97.32192042469978 2.538903564214706 144.9356006160378 15.42299626022577 34.22537934780121 0.2208157554268837 0 3.221112094819546 0.6492930054664612 0 0.1253275573253632 0 0 0 0 0 1.868958055973053 0 24.56024791300297 2.183890148997307
1638.162738651037 1060.923785500228 96.1248883754015 309.8863189965487 74.33488696813583 540.8589241653681 1874.206485837698 51.61025800555944 9.16011006385088 1726.850888594985 70.86647734045982 1488.148993559182 2349.897194027901 265.4175824075937 0 0.1393778175115585 0.1469960361719131 0 0 0 0 0 0 0 0 0 0 0.1258441507816315 0 0 39.38618167489767 0.5826672837138176 7.322874471545219 0 0 0 1.010061897337437 0.169101357460022 0 0 0 0 0 0 0 0 2.857289083302021 0.1039183512330055 0 0 0 0 0 0 0.9746956676244736 0.3284753412008286 50.40030446648598 106.2194304540753 35.82928222417831 5.940238535404205 0 0.1284535527229309 0 3.202204674482346 0.0909561812877655 0.103817455470562 0.3160841166973114 0 0 0 1.331371031701565 0 0 58.91780190914869 6.816302850842476 2.993730492889881 0.710345447063446 0.1153336241841316 0 16.30279807001352 0 0.3806293085217476 2.522115632891655 0 0.1927642077207565 0 0 0 0.09518901258707047 0 0 0 0 0 0 40.47006866335869 1.018618628382683 0 0 192.4206755235791 0 0 0.1515369564294815 0 0 0.7671671509742737 0 1.323261387646198 51.86448831856251 0.1999153941869736 0 2.124707967042923 8.689776450395584 1.984055653214455 0.3262244910001755 0 0 0 0 0 0 0 0 0 0 0 0 0 0 0 0 0 0 0 1.002647578716278 0 0 0 0 0.8819717988371849 0 0.3242541700601578 0.1791055798530579 0 0 0 0 0 0 0 0 0 0 0 0 0 0 0 0 0 0 0 0 0 0 0 0.6939694285392761 0 0 0 0 0 0 0 0 0 0.5523360371589661 0 0 0 0 0 0 0 0 0 0 0 0 0 0 0 0 0 0 0 0 1.590859107673168 0.4142072051763535 0.7853431329131126 16.92658144980669 0.7377658635377884 20.44932843744755 5.65579267591238 266.2708808034658 0 0 0.160583883523941 0.1642286777496338 0 0 0 0 0 0 0 1.244227051734924 0 88.20079217851162 1.523020088672638
89.18115602433681 2567.546231068671 1223.792665101588 74.33488696813583 2785.525008678436 28.53527770936489 1290.13949495554 62.07602588832378 3864.98538993299 357.6611703187227 2359.69757976383 53.69701916724443 330.7681149691343 2586.057518817484 3.935439385473728 0.4704379960894585 1.415095381438732 0.4127449244260788 0.08190015703439713 0.2451101168990135 0 0 0 0.1488191187381744 0.7680310308933258 0 0.2428090423345566 0.1560486406087875 0 0 147.2475677505136 61.65668115764856 137.8647767454386 0 0 0 17.00979544222355 0.7419950217008591 0.6147870570421219 0 0 0.1586698293685913 0 1.032414294779301 0.2315829768776894 0 190.5850795954466 1.718023240566254 1.224911019206047 0.6620086655020714 0.09137298911809921 0 0 0.1556306630373001 10.4035284742713 1.964615896344185 48.45365282148123 137.6492636054754 54.38130111247301 102.3890598490834 0.7418952509760857 1.99226637929678 0.3561550378799438 56.68632263690233 1.754889465868473 2.074624851346016 0.9217795133590698 0.4403581321239471 0.2513415589928627 0 75.58386787027121 4.071623951196671 0 220.2844482436776 58.9689883440733 76.44289126247168 33.2504840940237 2.941407151520252 4.911975167691708 148.8760090172291 0.937777079641819 9.805105730891228 23.84208658337593 0.1029937416315079 1.533639341592789 1.093073956668377 0.355352371931076 0 0.5402434915304184 0 0.4348741620779037 0 0 0.6087332218885422 0.1864228844642639 146.3135008886456 1.309949196875095 0 3.170032203197479 11.65822087973356 0 0 0.4661785364151001 0.5061661601066589 1.661866962909698 16.23756717145443 0.4405297040939331 5.790651321411133 12.98994062095881 5.698473334312439 9.927716910839081 16.37466423213482 24.96605904400349 25.04338710010052 20.83774936199188 0 0 0 0 0 0 0 0 0 0.381618469953537 0.5239166170358658 0 0 0 0 0 0 0.136593759059906 0 4.665522873401642 0 0 0.1237423792481422 0 23.35949924588203 0.3570646345615387 10.39926110208035 2.478351384401321 0.1463993340730667 0 0 0 0 0 0 0 0 0.5647029280662537 0 0 0 0.4977607727050781 0.3468318581581116 0 0 0 1.12246498465538 0 0 0.112421989440918 0 2.277055323123932 1.99748221039772 0 0 0 0 0 0 0 0 37.15271905064583 0.7214707136154175 0 0 0 5.077486664056778 0 0 0 0 0 0 0 0 0 0 0 0 0 0 0 29.77957566082478 36.69950564950705 23.04411264508963 313.6111070662737 5.469616010785103 370.8487292081118 36.09238322079182 69.76213347166777 1.928181678056717 0.525197871029377 5.671989142894745 7.499782241880894 0 3.4437475502491 0 0 0.2565544247627258 0 0 1.9782430306077 0 139.3977879136801 22.08762042224407
97.03533364087343 415.9553079009056 4.984201893210411 540.8589241653681 28.53527770936489 2.469585075974464 344.8580935299397 0.6890367120504379 13.80626749992371 1133.178283654153 7.957804754376411 562.4298062771559 685.8270944580436 143.0313352048397 0.4183768630027771 0.2224508225917816 0 0 0 0 0 6.332729712128639 0 0 0 0 0 0 0 0 7.468312174081802 0 8.849004223942757 0 0 0 1.806723013520241 0 0.874993309378624 0 0 0.1418012231588364 0 0 0 0 0.4194224625825882 0 0 0 0.8860538899898529 12.39151977002621 2.624158531427383 0 0 0.1187478750944138 69.8295599296689 7.069923624396324 0.8106182590126991 0.356903538107872 0 0.5503501445055008 0 0.2735501900315285 0.1917313784360886 0 0.3564353734254837 1.302911460399628 1.289018511772156 0 46.72599601745605 130.0114476382732 8.533678412437439 2.021805122494698 1.766684412956238 0.1338167488574982 0 0.1633367091417313 0 0.9714096039533615 0 1.000747680664062 0.1988571137189865 0.1984371840953827 0 0 0 1.589130342006683 3.088209301233292 3.519732341170311 2.516337983310223 1.356675311923027 0.2605248093605042 0.3310143053531647 0.3757466599345207 216.9407715350389 155.8326575160027 7.612490266561508 9.635658785700798 289.5173083990812 0 0.1609940528869629 0 0 0 0.3178040683269501 0 0 6.880065396428108 0.6156177520751953 0.1357067972421646 0.5675830096006393 2.552356153726578 1.473302237689495 0.1668248176574707 0 0 0 0 0 0 0 0 0 0 0 0 0 0 0 0.222861185669899 0.1317817568778992 0.7524465322494507 0 0 0 0 0 0 0 0 0 0.4256061315536499 0 0 0 0 0 0 0 0 0 0 0 0 0 0 0 0 0 0 0 0 0 0 0 0 0 0 0 0 0 0 0.09276055544614792 0 0 0.6312236338853836 0.1391046941280365 0 0 0 0 0 0 0 0 0 0 0 0 0 0 0 0 0 0 0 0.5231715440750122 0.7727009803056717 0.14139124751091 3.758392348885536 0.1805663257837296 2.069304637610912 0.5632197558879852 297.0095787793398 1.30050353705883 0 0 0.203235998749733 0 0 0 0 0 0 0 0 0 26.44940198212862 3.661189168691635
678.4628045409918 7231.928096376359 296.1586159095168 1874.206485837698 1290.13949495554 344.8580935299397 1369.760461747646 33.95039745420218 1285.063755340874 2127.503513619304 315.38917221874 364.1642105877399 6378.883235901594 7882.134686127305 4.512133054435253 0.7880008742213249 1.532831482589245 0 0 0 0.6283111572265625 0 0 0 0.8187912255525589 0 0.1103008463978767 0.3336813896894455 0.4165737926959991 0 140.0522117391229 37.16296149790287 93.87220180779696 0.1047920137643814 0 0 13.93417049944401 0.8946621119976044 1.481006696820259 1.107299491763115 0 0 0 1.177100993692875 0.2292546480894089 0.1337341666221619 102.1716191098094 1.505163766443729 1.745776832103729 0.6577144265174866 0.5964667126536369 0.6675728112459183 0.1858093589544296 0.5485032796859741 7.767317719757557 1.516277343034744 75.70806477963924 190.5848716944456 70.66799883544445 73.0142080783844 1.319534599781036 5.072921611368656 0.1615178138017654 48.14201974868774 1.091432452201843 0.5857984572649002 0.300265796482563 0 0.4911135956645012 0 54.92133070528507 0.1019132807850838 0 222.3254028260708 50.01529408246279 49.96879948675632 17.80517164617777 5.595467902719975 4.175142087042332 94.64963094890118 1.334743209183216 6.103924751281738 19.94477317482233 0.2199843376874924 1.090516395866871 0.8742458373308182 1.439086221158504 0.2348668053746223 0.377010278403759 0 0 0 0 0.1496464759111404 0.2155757546424866 143.0995669588447 5.547031968832016 0 1.122384279966354 130.3316547647119 0.2086052745580673 4.705410599708557 18.48184663057327 36.452476978302 0.3980894982814789 44.33922556042671 15.60992933809757 11.84096124768257 121.6393536031246 9.099667817354202 11.72970126569271 53.42162163555622 73.17695146799088 36.08634780347347 15.43277513980865 0 0 0 0 0 0 0 0 0 0 0.3357541263103485 0 0.2915033400058746 0 0 0 0.2629294171929359 0.1484198719263077 0 0.3403630554676056 1.531352519989014 0 0 0 11.19347470998764 0.967694878578186 10.55490645766258 2.545285448431969 0.1279154270887375 0 0 0.1407392024993896 0 0 0 0 1.333985313773155 0.3034244477748871 0 0 0 0.9969615787267685 0 0.1429142206907272 0 0 0.2925743013620377 0.9196175262331963 0 0 0 8.653447613120079 2.489125996828079 0 0 0 0 0 0 0 0.1454548388719559 34.86513189971447 0.8372982740402222 0 0 0 3.832779213786125 0.2269484996795654 0.7086642384529114 0 0.4637070447206497 0 0 0 0 0 0 0 0 0 0 0 32.53628838062286 35.15898536890745 18.53032416850328 219.9344751089811 6.555509373545647 260.7014144286513 35.29692411422729 282.1587376669049 0.5528651177883148 0 5.834282897412777 4.007794782519341 0 1.873257130384445 1.173162907361984 3.80624720454216 2.44771745800972 0 0.3375706970691681 1.214004211127758 0 281.7704278752208 44.50084561854601
837.9499093368649 3498.316280126572 4319.294046677649 51.61025800555944 62.07602588832378 0.6890367120504379 33.95039745420218 4071.809466175735 116.0131306350231 3.880996637046337 4496.472371511161 9.705095879733562 96.57056271284819 1872.894331119955 19.46330907940865 13.73711625486612 10.91423915326595 4.210457935929298 4.413882248103619 4.357603341341019 22.11850975453854 0.3332842588424683 2.921900227665901 3.734105080366135 20.57560933381319 6.306320287287235 5.803750917315483 4.648553192615509 9.692110903561115 1.662639550864697 5048.07523009181 4884.083400830626 142.1590239778161 4.639251857995987 11.03643842041492 17.04814665019512 8.633558444678783 14.43747811019421 2.214010417461395 5.635003685951233 6.096042469143867 6.180896773934364 16.02992349117994 12.30092049390078 18.81693525612354 3.241887703537941 280.9737857356668 7.375398524105549 9.531341254711151 55.20706753432751 5.299715228378773 0.6395827829837799 1.214752651751041 1.879534937441349 9.67165183275938 2.783292196691036 228.0458281114697 727.2078296989202 129.823517113924 116.0857272967696 284.6559434011579 52.85482421517372 2.143273502588272 473.011631719768 3.098740540444851 8.925790801644325 4.843891143798828 25.78609324246645 46.3605127632618 5.937326729297638 23.78487718105316 0.3095815479755402 0.1551293432712555 350.3517776206136 150.5358462631702 109.4088523164392 83.97757265716791 293.5346220955253 2904.912106342614 3008.580512069166 90.66595277190208 995.0170429870486 30.34604329615831 0 7.716657780110836 1.140039041638374 50.22878541052341 0.08670229464769363 0.3760900422930717 0 1.732950329780579 0.3109580874443054 8.55126715451479 2.550267614424229 7.361592054367065 54.70802962034941 0.1340369433164597 2.96930205821991 2.326428130269051 110.2902494892478 0 0 0.7241205871105194 0 0 5.173713460564613 0 2.020540237426758 2.844317808747292 4.267602548003197 3.041112869977951 7.192819222807884 9.891582936048508 14.16683842241764 13.782580986619 0.3465534746646881 0.3794695138931274 0 0 0.2300671190023422 0 0.210382804274559 0.2004913836717606 0 1.057417869567871 2.141695454716682 0.5345686078071594 0.3286030441522598 0.4688401520252228 0 2.557068660855293 0.4542549699544907 3.01332651078701 0.4345460385084152 0 0.4142500162124634 0 0.396950788795948 0.171684667468071 7.614294216036797 0 5.513992011547089 1.235114634037018 1.718069091439247 0.7184607833623886 1.156376667320728 0.2126200497150421 0 0.5735299736261368 0 0.1453841775655746 0 0.111579641699791 0 1.354681313037872 0.8365320265293121 3.211048297584057 5.137988470494747 0 0 0.1574777662754059 0 0 0 0.8036306872963905 0.8034225031733513 3.635768905282021 3.439899384975433 0 0 0.3127850890159607 0 0.6350270509719849 0.6771039515733719 0.1382218152284622 2.949735820293427 12.76355248689651 1.226929657161236 0.1433847546577454 0.1399995982646942 8.160295076668262 1.60394948720932 0.1899351626634598 0.5614176392555237 0 0 0.1097148731350899 0 0.1534914970397949 0 0 0.129652813076973 0 0.2231315821409225 1.118732169270515 1.936565257608891 0.7254791334271431 16.85788433253765 12.93054316937923 12.69530502706766 414.4567645043135 39.05659159272909 571.1824261322618 142.8542860597372 45.17041116952896 1.363750137388706 0.4981485158205032 9.067421920597553 4.69679319113493 0 1.503913536667824 0.2513379827141762 0 0 0 0.3146620392799377 7.004890963435173 0.3395392000675201 49.42953848093748 14.78202436864376
26.91437423229218 809.6876614019275 852.0315087363124 9.16011006385088 3864.98538993299 13.80626749992371 1285.063755340874 116.0131306350231 958.039728730917 68.97522704303265 1885.161164186895 30.01049143821001 142.370406575501 1518.79300186038 2.643880970776081 1.045589625835419 1.293651677668095 0.613585039973259 0.2305618673563004 0.1345862299203873 0 0 0 0 0.377354234457016 0.1680721193552017 0.455802209675312 0.09701064974069595 0.9045179039239883 0.2781859338283539 56.00145172327757 34.06188888847828 60.42713578045368 0 0 0.7351468056440353 9.982423864305019 1.875316023826599 0.9599023088812828 0.7888459712266922 0 0.2107692658901215 0.3922127708792686 0 0.3432699143886566 0 89.01403757184744 1.209046296775341 0.7366500869393349 0 0.2410101518034935 0 0 0.3238642513751984 3.041145622730255 0.9479640051722527 10.21184695512056 33.95274542272091 13.49973344802856 39.12205439805984 0.1075666099786758 2.902970716357231 0.110750287771225 23.13575586676598 0.4835410118103027 0.443763755261898 0.3471954166889191 0.09780450910329819 0 0 51.90022465586662 0 0 62.62244117259979 14.84147364646196 20.84722444415092 12.30925154685974 5.922792576253414 4.446262374520302 80.64339027553797 0.4856592044234276 6.80359323322773 9.775547347962856 0 0.4132933244109154 0.6799705252051353 0.4259033501148224 0 0 0 0.3123553097248077 0 0.1182855740189552 0 0.1759792566299438 110.9640336334705 4.062647297978401 0.367817223072052 3.348860770463943 3.351081468164921 0 0 4.709895938634872 0 1.004463762044907 16.2362415343523 0.2580364644527435 4.724104806780815 8.450319141149521 10.39458037912846 11.06632097065449 22.60663194954395 34.53329600393772 32.91469141095877 21.36088593304157 0 0 0 0 0 0 0 0 0 0 0.6431413143873215 0 0 0 0 0.3117628395557404 0.1616836488246918 0.5395194888114929 0 3.571944415569305 0.6522492170333862 0 0 0 14.48605697602034 0.2425922155380249 10.120815128088 3.02224138379097 0 0 0 0 0 0 0 0 0 0 0 0 0.3773793280124664 1.521871261298656 0 0 0 0 0 0 0 0 0 5.537778079509735 2.525048792362213 0 0 0 0 0 0.09002955257892609 0 0 35.07654661685228 0.7226122170686722 0 0 0 4.490766480565071 0 0.3480151891708374 0.5956458449363708 0 0 0 0 0 0 0 0 0 0 0 0 33.66494685411453 34.25252621620893 17.35258102416992 163.4752091988921 3.738337866961956 183.1589153334498 31.54065401852131 24.39843843132257 1.40451105684042 0.2802476435899734 3.346101932227612 4.545985370874405 0 0.8044470250606537 0.6256661713123322 0 0 0 0 0.5312292650341988 0 142.7802316471934 43.27411922812462
619.023272678256 1068.600219845772 4.796231418848038 1726.850888594985 357.6611703187227 1133.178283654153 2127.503513619304 3.880996637046337 68.97522704303265 1560.601829320192 5.256271407008171 2474.65803424269 6083.403476923704 1003.265285409987 1.217198520898819 0.4157281816005707 0 0 0 0 0 1.789361029863358 0 0 0.3121945858001709 0.1649110913276672 0 0 0.8174640238285065 0 13.69791933149099 0.8751924782991409 19.48260444402695 0 0 0 6.168164074420929 0 0.9075894132256508 0.5725048929452896 0 0 0 0.510842964053154 0 0 3.522510580718517 0 0.24901332706213 0 0.353995755314827 0.9648345410823822 0.4231246411800385 0.4547991007566452 0.2649622559547424 0.1982948035001755 27.25901821255684 35.57449261844158 10.5237485319376 2.058083310723305 0 0.1472576558589935 0 1.416816771030426 0 0 0 0.1078929901123047 1.286476217210293 0 119.2518253773451 5.535136818885803 0.5820442140102386 20.33360745757818 2.429941453039646 1.054982759058475 0.8525741100311279 1.536617487668991 0.3875347003340721 4.186237029731274 0 0.5033415853977203 2.188683688640594 0 0 0 0.08462899178266525 0.5807890966534615 0.3741750121116638 0.1634680926799774 0.5458742305636406 0.5815115198493004 0 0 0 324.9579160660505 53.11813750863075 1.139705076813698 10.18649566173553 495.9782489985228 0 0 0.5875981152057648 24.05291796475649 2.787259221076965 36.03303806483746 7.222556829452515 17.81465439498425 97.80014495551586 19.70318375527859 18.5311745852232 35.13638257980347 116.4078123867512 62.81456147134304 17.87233889102936 0 0 0 0 0 0 0 0.7278173565864563 0 0 0 0 0 0 0.1366899013519287 0 0.1707054972648621 0.4199211597442627 0.1574391275644302 1.414577782154083 1.273269385099411 0 0 0 6.229701600968838 0 3.544373527169228 0.1970996409654617 0 0 0 0 0 0 0 0 0 0 0 0 0 0.2662851810455322 0 0 0 0 0 0.1554128527641296 0 0 0 0.232248842716217 0.6094309687614441 0 0 0 0 0 0 0 0 29.29182697832584 0.1708085238933563 0 0 0.1784860789775848 0.4180165976285934 0 0 0 0 0 0 0 0 0 0 0 0.09279830753803253 0 0 0 42.80573415756226 16.80893162637949 6.366956070065498 131.319143652916 0.1766970902681351 13.20650815218687 6.872367940843105 603.4784803465009 1.114837124943733 0 3.447414688766003 1.440875731408596 0 0.8972045928239822 0 5.544138595461845 0 0 0.1470516622066498 0.4130416214466095 0 1176.608696214855 71.66421423852444
414.8552808240056 3272.30446472764 3492.458742067218 70.86647734045982 2359.69757976383 7.957804754376411 315.38917221874 4496.472371511161 1885.161164186895 5.256271407008171 4523.934206679463 72.25384213030338 317.3976947814226 3761.170306116343 9.248059742152691 4.759202770888805 1.799270384013653 1.776611246168613 1.438119448721409 0.4109731838107109 0.9997057616710663 0 0.6889117658138275 0.8469470590353012 10.2794973552227 3.409457176923752 2.87032987177372 2.792083844542503 6.653538197278976 0.6151880323886871 601.8366717770696 155.9231819659472 256.2335674613714 1.471936263144016 0.4360266327857971 7.241195380687714 50.26299662142992 10.14553331583738 3.373480401933193 5.963757887482643 1.949483156204224 2.007105007767677 0.477660745382309 4.532306134700775 0.38560401648283 0.4341093748807907 182.912674933672 0.9266310632228851 0.7556049227714539 0.9183913394808769 1.468754433095455 0.5500872582197189 0.3600578457117081 1.247641503810883 5.334113009274006 1.289180725812912 46.754001095891 132.7982245087624 41.99428258091211 63.23598138988018 0.7369986027479172 5.107374891638756 0.08468816429376602 60.96789208054543 1.057961747050285 0.8138090819120407 0.9897285103797913 1.198486261069775 0.992225170135498 0 143.4171331524849 1.970742225646973 0 142.2059367597103 43.62153661251068 56.73376698791981 35.19525608420372 16.918298214674 17.8275111913681 1112.03279850632 1.226781569421291 10.89656423777342 19.78384745121002 0.08005139231681824 1.128431171178818 1.47311395406723 1.068149566650391 0.0760190486907959 0.1192701607942581 0 0.5667184367775917 0 1.065181009471416 0.4101882129907608 0.9483779519796371 302.2874027788639 10.59792040288448 0 3.066069364547729 25.59227015078068 0.1683480441570282 0 4.694943979382515 0 3.296785041689873 47.68543434143066 1.332826748490334 25.56697073578835 22.38022591173649 14.46922969818115 15.91288994252682 64.83414645493031 70.64975363016129 95.54229509830475 55.59703233838081 0 1.194065868854523 0 0 0 0 0 0.321831539273262 0 0 0.3421003669500351 0 0.2632068693637848 0.5398978441953659 0 0.6295100674033165 0.1656360179185867 1.604750975966454 0.5543528646230698 10.67676630616188 0.4984346032142639 0.1297072023153305 0.2132615447044373 0 36.33172498643398 1.707008332014084 32.31991602480412 5.872544415295124 0.4081015586853027 0 0.3265089392662048 0.2378597557544708 0 0.1713028997182846 0.2786908745765686 0 0.4902579784393311 0 0 0 0.2779158800840378 1.630326852202415 0.9609167873859406 0 0 0 1.323171377182007 0 0 0.3050103485584259 0.1359668076038361 13.82625199854374 3.319382280111313 0 0 0 0 0.1003723442554474 0 0 0 98.2255947291851 1.096364825963974 0 0 0.8232143297791481 8.524693265557289 0 0.7930289506912231 0.7638103365898132 0.5714000463485718 0 0.5391897559165955 0 0 0 0 0 0 0.3140946328639984 0.2098472714424133 0 82.64463084936142 68.97684698551893 46.92414671182632 377.5728289708495 9.679687261581421 406.5052851811051 68.78633231669664 45.99595487117767 4.032857097685337 0.3788052946329117 11.06608855724335 14.75307928025723 0.1231636628508568 6.706003651022911 0.5093322396278381 1.44835239648819 0.895396888256073 0 0 3.912756100296974 0 248.5767806321383 103.0526033341885
192.3883989825845 178.6683387979865 2.675290733575821 1488.148993559182 53.69701916724443 562.4298062771559 364.1642105877399 9.705095879733562 30.01049143821001 2474.65803424269 72.25384213030338 223.7027648240328 2915.743392780423 471.0103121995926 5.451350435614586 6.173982441425323 0.7753145694732666 0.4954401850700378 0.7639741599559784 0 0 0.8167034238576889 0 0.4799662232398987 19.00074562430382 6.462594479322433 4.270566999912262 4.492416977882385 25.56061968207359 1.514663413167 8.888804115355015 7.843326769769192 106.444103077054 0.3320896029472351 0.5345211029052734 2.529064863920212 95.62513615936041 10.51237854361534 11.52829159796238 18.43896421790123 0.521853506565094 2.50970122218132 0.1192686259746552 2.772123500704765 0.4299033060669899 0.4265605360269547 18.05781646817923 0.1175211668014526 0 0.1436901837587357 1.102100484073162 2.011918805539608 3.975915148854256 2.001053407788277 1.291996486485004 0.6436628773808479 8.899154186248779 22.28100769221783 7.100187599658966 5.655429549515247 1.087086275219917 3.006267219781876 0.9422973394393921 17.69279815256596 0 0.297587588429451 0.8366104438900948 0.8646049052476883 1.547577753663063 0 171.8061963617802 8.335055872797966 0.7101564705371857 29.90109094977379 14.10069451481104 14.02714578807354 21.68591369688511 17.80786634981632 1.162086956202984 33.99533841013908 0.6531295478343964 2.202436782419682 2.358998484909534 0 0.1664750277996063 0.1645259112119675 0.6093471199274063 0 0.2487706243991852 0.1277436167001724 1.119693011045456 1.505004808306694 0.2227871716022491 1.589714802801609 1.806624338030815 875.7544994205236 36.92383925616741 2.452223122119904 6.284562557935715 43.35272248834372 0.1089866757392883 0.1877595186233521 2.601161226630211 5.60485951602459 7.388873964548111 56.69718623161316 2.903636798262596 17.40167471766472 50.5631331205368 19.23380844295025 22.33071176707745 62.43154665827751 217.0654413104057 182.5122303515673 47.68392986059189 0.1275833696126938 0.7639389932155609 0 0.2601291239261627 0 0 0 0.1580607146024704 0 0 1.796686291694641 0.1094846650958061 0.5283301025629044 1.65850818157196 0.9159797877073288 1.397788763046265 1.436866991221905 5.022412478923798 1.169633813202381 2.798496037721634 0.777289405465126 0.1560400128364563 1.754526108503342 1.055563852190971 34.06248784065247 1.000416114926338 27.63685318827629 9.730583533644676 2.449310883879662 0.3641603291034698 0.3984666764736176 0.4605920165777206 0 0.3672071248292923 0.471208930015564 0 0.3583775460720062 0.559025265276432 0 0.2137362957000732 0.533938966691494 7.134200863540173 2.121213473379612 0.1615114063024521 0 0 0.6142999678850174 0.5448241680860519 0 0.9978947937488556 2.099938109517097 6.309143006801605 4.945815801620483 0 0 0 0.265722781419754 0.1399113684892654 0 0.2642192244529724 0.5803379341959953 78.89123921096325 2.676706776022911 0 0.1064115315675735 1.992308534681797 5.465932503342628 0.7397910505533218 2.934906467795372 0.5180193483829498 0.2337698042392731 0.1268732994794846 0.2775110006332397 0.1561136096715927 0.1152207404375076 0 1.008716106414795 0 0.132694885134697 0.3475824743509293 0.5002854913473129 0.1217346042394638 81.2598170042038 74.45564245432615 35.71313206851482 167.3823222070932 7.220121316611767 86.89453134685755 30.15607836842537 220.865897282958 2.351630039513111 0.337998628616333 9.368782021105289 7.970403596758842 0.1663106977939606 2.701632931828499 0.4505108594894409 2.370614498853683 0 0 0.925780177116394 4.129799976944923 0 1044.005477592349 111.8884762972593
482.5961672589183 1397.541616477072 30.22314155101776 2349.897194027901 330.7681149691343 685.8270944580436 6378.883235901594 96.57056271284819 142.370406575501 6083.403476923704 317.3976947814226 2915.743392780423 4441.928040087223 7771.017763800919 25.09774392098188 29.21386349201202 4.265175379812717 1.215285301208496 0.4033094495534897 2.197337687015533 0.6427631974220276 8.032742731273174 1.156667374074459 0.2944530248641968 64.38310797512531 14.95705075562 18.2825683131814 18.01554517447948 85.94161064177752 2.348133638501167 61.45181139558554 66.06326679140329 1427.432918891311 1.492882326245308 4.269979119300842 17.8131390735507 308.3111507669091 56.6605324447155 23.04862531274557 58.40776598453522 2.878003656864166 8.069536551833153 0.3975640684366226 11.23615280538797 1.970991164445877 2.215173572301865 116.5514774248004 1.858112052083015 2.801615223288536 4.332842253148556 6.799983561038971 6.332224361598492 9.87383696436882 10.99012526869774 4.148499540984631 0.5328438431024551 50.15390738099813 125.2051653712988 44.36045511066914 45.08965414762497 2.80763079226017 23.85377861559391 1.094045117497444 99.80254638195038 1.262230217456818 1.896360710263252 4.758816666901112 4.918516881763935 6.845911145210266 1.238916411995888 491.5310770794749 25.2668102234602 2.133487403392792 130.3763627558947 65.28475368022919 63.53832449764013 95.07244369387627 95.65114834904671 10.12986740469933 295.5785152837634 3.463853925466537 13.6124991029501 13.93470538407564 0 1.166897118091583 0.5971009656786919 3.626769006252289 0.1233751699328423 1.50482714921236 0.4590800926089287 3.421784110367298 2.358950436115265 3.851581513881683 5.743732571601868 10.20947574079037 1680.474886536598 52.05641689896584 3.769216507673264 12.46992038190365 110.5854339823127 0 0.2281501889228821 11.62503801286221 29.99494655430317 16.5795039087534 138.0618209689856 18.14525902271271 35.10609644651413 291.6214306801558 56.66239954531193 56.33493793010712 150.7193654328585 246.3620836958289 348.217906139791 95.83380640298128 0.2573966905474663 1.754388317465782 0.2017435431480408 0.7274829745292664 0 0.1492867320775986 0.8923762142658234 1.396678581833839 1.008259475231171 0.6334533393383026 5.612437561154366 1.248707160353661 1.140420064330101 4.711407795548439 2.411609165370464 7.823009051382542 4.721091955900192 17.37644460052252 7.115812338888645 17.31727123260498 4.653143420815468 2.014065712690353 3.537761144340038 2.97673861682415 69.39951504021883 3.076819501817226 47.49967879056931 16.8735895678401 4.50544834882021 0.5626398622989655 3.043768294155598 0.9019762277603149 0.367677316069603 0 1.305621840059757 0.5881891846656799 0 1.158931732177734 0 0.2045143246650696 2.460544504225254 18.8233941718936 13.58800408244133 0 0.7721199691295624 0 1.18163350969553 0.9531325250864029 0 3.326786696910858 5.591848105192184 28.23067815601826 8.140894189476967 0.2048853784799576 0 0.1123802661895752 0.2049125656485558 0.7999094501137733 0.6763515397906303 0.7633406072854996 1.880576610565186 180.6960901245475 4.107927910983562 1.837881103157997 1.271757729351521 6.598858378827572 21.48911435902119 2.207538649439812 8.351910099387169 1.480912536382675 0.3391894996166229 0.2025388181209564 1.617182314395905 0.4219735264778137 0.3307253196835518 0 0 0 0.2045023813843727 0.8996960669755936 0.9259348884224892 0.6389176025986671 228.5657974854112 185.8074382990599 95.66817133128643 683.3558341637254 23.57422952353954 493.7007232680917 176.3476863056421 348.863978356123 10.5137125775218 1.169375836849213 48.52639626711607 30.77252128720284 0.2438655644655228 5.888800404965878 3.093071453273296 4.81838946044445 0.2034795582294464 0 1.364592835307121 20.64296684414148 0.3341642320156097 1591.17848905921 246.3569848462939
289.8127341791987 2502.688836760819 1309.942014470696 265.4175824075937 2586.057518817484 143.0313352048397 7882.134686127305 1872.894331119955 1518.79300186038 1003.265285409987 3761.170306116343 471.0103121995926 7771.017763800919 5726.229494981468 38.21564190834761 41.15565495193005 6.22672401368618 2.523771062493324 2.115576595067978 3.590612515807152 3.274092569947243 5.218670532107353 2.033421203494072 3.857845604419708 97.51366363465786 24.31554110348225 32.10691203922033 25.13352654874325 94.3925363868475 7.196141049265862 306.6396205425262 239.749894104898 1982.239781297743 3.081091836094856 6.98303185403347 37.74907347559929 770.7004187554121 65.66624365746975 26.28391174226999 64.79170155525208 5.712644398212433 16.08374832570553 1.388666249811649 15.9131488353014 1.123896673321724 1.614360794425011 363.002886146307 2.834484547376633 5.545779548585415 7.794403463602066 10.7694953083992 6.001645863056183 12.38392620533705 11.44953750818968 8.494475044310093 2.743030302226543 59.23987716436386 168.5878385901451 55.66631222516298 94.47251880168915 9.390849784016609 19.51501563936472 0.656086377799511 188.5272067189217 1.907608322799206 2.383435636758804 4.727424800395966 9.081998504698277 7.30356352776289 1.111996442079544 537.1592010334134 9.54886931926012 1.845100179314613 211.9261038377881 96.40428949892521 105.9919864982367 129.5868124961853 149.8342797756195 48.51884948462248 975.4527687057853 4.784133210778236 59.54526716470718 29.12944030016661 0.2023132145404816 1.649425387382507 3.083953879773617 5.785211712121964 0 1.439275108277798 0.8252785056829453 5.166722781956196 3.274591356515884 5.582530729472637 8.915867313742638 8.978515833616257 800.4146145433187 22.16471571475267 3.370458662509918 14.20761556178331 34.3657783344388 0 0 8.431515708565712 1.529901206493378 15.91637136042118 123.4188709557056 3.264188587665558 57.46684278547764 66.79848578572273 40.70132705569267 51.75791382789612 136.5299301296473 188.1599694639444 199.8067635446787 104.5223995670676 0.1191069036722183 1.111436754465103 0 0.2745199203491211 0.2737480998039246 0 0.975102037191391 1.050726071000099 1.251533985137939 0.6794562935829163 5.561905659735203 0.8944071829319 1.954033203423023 5.315361745655537 1.534534610807896 5.457109615206718 2.99773632735014 15.54457888752222 3.60540197044611 14.57577079534531 7.125203356146812 0.7682148516178131 2.213234193623066 0.8939858376979828 89.72182380408049 1.045400708913803 66.46944597363472 17.97158499062061 3.788474604487419 1.008136361837387 0.600654236972332 0.8090220391750336 0.6839224100112915 0.4491046220064163 1.087615326046944 0.2316832393407822 1.247621670365334 1.765158757567406 0 0.3422489762306213 1.477245211601257 11.96946916729212 11.10279232263565 0 0 0 0.2734692692756653 2.979544341564178 0 1.967607140541077 4.67628888040781 22.5030470341444 5.325277149677277 0 0.2782642543315887 0 0 0.8421089500188828 0.5907117202877998 1.180486097931862 4.024693466722965 206.3783519715071 1.984196856617928 1.794643461704254 0.2016864866018295 9.601354107260704 17.40869145095348 2.162560805678368 8.02539549767971 1.830410063266754 0.4507956355810165 0.2215068787336349 0.4042457789182663 0.2918310612440109 0.3802437707781792 0 0 0 0.116652823984623 0.5528687834739685 2.48524035513401 1.577659577131271 215.8826413676143 154.7412596344948 91.99446500092745 1201.845932744443 42.68577896803617 1046.607295364141 305.447109632194 167.6180345416069 19.98570250719786 1.415939562022686 63.07393158972263 32.84048841148615 0.5685917586088181 9.993523955345154 1.941464588046074 5.655763000249863 2.413822889328003 0.2912182807922363 1.145064577460289 25.65394987910986 2.603944927453995 1180.750868432224 233.8283322155476
