305.9572025164962 1301.233304940164 174.0356717631221 630.565560862422 56.21284993737936 301.6092498824 726.5486545264721 8.715259030461311 1.056962892413139 439.7105177417397 18.35984167456627 243.7412279397249 483.6629506796598 63.05127300322056 0.5670998841524124 0.5577128902077675 0.1830928921699524 0 0.07148324698209763 0 0.1080291643738747 0 0 0.1918895691633224 0 0 0.3085283041000366 0 0.1369938552379608 0 642.2581269368529 6.622915036976337 1.554227814078331 0 0.1384689062833786 0 1.432558283209801 0.530861109495163 0.6273322030901909 0.1034430786967278 0.1711643785238266 0 0.07485253363847733 0.2175580859184265 0.1037153005599976 0.06999927759170532 20.84357541054487 3.110094875097275 0.2732451185584068 0.2033619731664658 0.4411600828170776 0 0 0 17.51586240530014 18.21472175419331 216.9837004840374 576.8357162028551 43.22438983619213 56.7304380685091 0.2074410542845726 0.8273250907659531 0 11.0874191224575 6.925385594367981 7.140777353197336 0.9200186803936958 2.025361590087414 0.1627215370535851 0 14.25735694915056 0 0 262.3782760128379 14.96878249198198 17.69394342601299 2.249658055603504 0 0 4.772302135825157 0 0.9711348712444305 23.37359875440598 2.50611761957407 4.680771604180336 6.553728580474854 1.180264092981815 0.4695535898208618 0 0 0.08599450439214706 0.2029872834682465 0 0.09636736661195755 0 49.65808734297752 4.026370584964752 0 3.141374669969082 948.5060486197472 0.8817558959126472 7.029649786651134 9.152426794171333 2.948440410196781 2.077483683824539 10.20133802294731 1.733181551098824 9.946039661765099 9.136281356215477 12.88997127860785 0.9439422339200974 10.66573408991098 9.369891323149204 6.05428121984005 4.10636829584837 0.2668825387954712 0 0 0 0 0 0 0 0 0 0 0 1.383140206336975 0 0 0 0.8296831548213959 0 0.480666846036911 2.037541389465332 0.4429580122232437 0 1.401792943477631 0 0.9747590869665146 0.4434103965759277 1.775031924247742 0.8879401460289955 0.09561267495155334 0 0 0 0 0 0 0 0.1889934986829758 0 0 0 0 0.2340187579393387 0 0.7840526923537254 0.2236318588256836 0 1.251303151249886 0.2229515239596367 1.345780923962593 0 0.6077615022659302 7.901691928505898 0 0 0.07503242045640945 0 0 0 0 0 0 1.733610466122627 0 0 0 0 2.734520316123962 0.1898791044950485 4.854288637638092 0.249695748090744 0.2605773508548737 0.1088301762938499 0 0 0 0 0 0 0 0 0 0 2.326098628342152 0.09396089613437653 0.6830567568540573 162.1623819470406 4.705426819622517 75.38224996626377 11.98727015405893 859.0912967994809 5.751746781170368 0.6673554927110672 2.077841751277447 31.5670470148325 0 1.308907650411129 0.09454468637704849 41.02614194154739 0 0.6796111762523651 0 33.62415345013142 3.920109882950783 119.2929423376918 7.846747919917107
1301.233304940164 1548.222937878221 798.5461119264364 871.8999028503895 1423.240592129529 190.3187342956662 2362.212463483214 616.9781336709857 498.3206209540367 652.0295263230801 964.1702022254467 354.6552811339498 1316.410882391036 999.0669240131974 15.49042590707541 6.64616883546114 0.9220783263444901 0.5324196591973305 0.07864759117364883 1.359610341489315 1.137139894068241 1.550565227866173 9.211992643773556 6.212512157857418 2.106464982032776 0.1075331792235374 2.203293778002262 0.5555320754647255 0.4060259163379669 2.063833355903625 2011.395127661526 76.11032655835152 46.767359636724 0.4150094613432884 1.36129204928875 0.2111067026853561 30.22109846025705 2.286709234118462 3.571717485785484 1.015118271112442 1.537021197378635 0.5020459517836571 0.3383876830339432 0.9348172396421432 0.1916405335068703 0.4923819527029991 210.2804670780897 11.81354241073132 1.498951844871044 0.4514137208461761 2.033206939697266 0.7691265195608139 0.1935030668973923 0 43.13868090510368 44.96577124297619 198.6380728781223 894.204258993268 48.50134552270174 145.1127728074789 3.522279515862465 6.809858657419682 0.603072814643383 118.8085924461484 22.02921541780233 27.19909924268723 3.139579080045223 9.808938205242157 3.154258094727993 0.6477763801813126 62.62157391756773 0.5519991293549538 0.07875640690326691 434.0062926635146 99.9461976736784 111.0201488360763 54.49380261451006 5.085201412439346 2.674099303781986 197.7752053812146 0.817372053861618 13.52601800113916 70.20963627099991 2.024385519325733 22.64321116358042 17.26663548499346 5.518613070249557 0.7589219287037849 0.3612609356641769 0.8016137853264809 1.364433713257313 0.1091613471508026 4.893329136073589 4.323490969836712 1.044253274798393 48.63161434233189 14.03455508500338 0 11.85733745992184 796.4265045523643 1.12506215274334 13.92333170026541 26.61721526831388 7.480173639953136 9.879013665020466 36.71608861535788 5.311276584863663 35.31944234669209 19.20546585321426 39.94573388248682 6.338293068110943 39.25688941031694 43.80061887949705 34.52088810503483 26.69029817730188 0.2701878845691681 0.2924616634845734 0 0 0 0 0 0.296279102563858 0 0 0.5757242068648338 0 0.7922424152493477 0 0 0.489414170384407 0 0.8119426667690277 0 3.965582758188248 1.690423019230366 0 0.8178656995296478 0.4623543322086334 12.90600001066923 2.09754041582346 9.253734111785889 1.531366981565952 0.9074205681681633 0.8488365411758423 0.1382818520069122 0 0 0.1548173725605011 0 0 0 0.7678973525762558 0 0 0.09770607203245163 0 0.314279817044735 1.886261701583862 0 0 1.555494830012321 2.042846769094467 2.427130527794361 0 1.299170732498169 22.8972202911973 0.6148011088371277 0 0 0 0 0 0 0 0.07987100630998611 12.4625307098031 0.1417703330516815 0.1197352930903435 0.1145251840353012 0.0924188494682312 10.38385188579559 1.519032925367355 8.187219232320786 1.563573755323887 1.366618648171425 0.4715406075119972 0.4545821994543076 0.1391373872756958 0 0 0 0 0.08458413183689117 0.2229030877351761 0 0 10.03170089423656 1.415162205696106 4.740926213562489 395.8890128061175 17.82859937101603 559.6181367710233 83.4006185978651 871.6478081047535 55.64302083104849 2.785569287836552 48.65007611364126 58.88358075916767 0.2346682325005531 1.570584304630756 0.1199738830327988 81.93552691489458 0.21243916451931 1.718797393143177 0.2690869867801666 19.6100811958313 1.225342243909836 212.111611276865 37.23872353136539
174.0356717631221 798.5461119264364 1010.101408600807 6.841154873371124 1208.996153831482 9.291063226759434 47.28693401813507 3651.691204197705 158.1336330920458 4.067872241139412 2159.192044407129 13.16243118792772 15.72264814376831 541.2558032572269 35.37823566049337 20.6144005432725 1.704148396849632 0.7045218348503113 0.07561904191970825 10.3927481546998 16.73545863479376 1.193225279450417 60.61300510913134 59.0551385730505 1.288953304290771 3.184232667088509 7.976910561323166 1.720720738172531 0.8503066003322601 4.990708962082863 3527.939912125468 989.4950250834227 107.0703815445304 6.184440076351166 16.68393861502409 0.2838855087757111 23.23304015398026 6.196103505790234 3.631539091467857 3.137178316712379 6.191979862749577 2.208541393280029 3.538594998419285 1.804575450718403 1.662262544035912 9.057510241866112 310.7684057056904 12.19949105381966 2.062589220702648 2.321009501814842 16.66012112796307 2.245842039585114 1.910908669233322 0.6942759156227112 32.28564681857824 31.51053915172815 118.8734124600887 773.1720473393798 40.35352175682783 118.0246278345585 30.10567931830883 14.55085883289576 6.2952044531703 223.2361866533756 18.55515705794096 26.54721233993769 3.280100531876087 23.03336802870035 26.62340895459056 10.57599737495184 43.68372573703527 2.250640496611595 0.7055949866771698 295.8383383750916 105.8394247442484 130.938821144402 123.2217040657997 18.11304510384798 87.67546469718218 957.1583504527807 13.53131920099258 182.7310229465365 57.54072666913271 2.241607181727886 21.73199108615518 14.88292812556028 8.560434654355049 0.3616721481084824 0.9047212824225426 0.8583592474460602 6.768416911363602 1.625263243913651 67.23310294002295 37.68033231049776 2.667273655533791 27.26508172228932 16.96234814822674 0.1271749585866928 10.73789864778519 298.8889748603106 0.130471259355545 1.340254291892052 4.851289264857769 0.8191472366452217 3.527230113744736 11.11470331251621 1.68955235928297 8.818482875823975 3.572645142674446 9.77445425838232 3.955858469009399 15.35396678000689 13.34858731180429 15.73156858980656 12.96449314802885 0 0 0 0 0 0 0 0.2866475731134415 0 0.7406845241785049 1.780338816344738 0.1926693320274353 1.723422139883041 0.5011239349842072 0.3858312889933586 3.590216591954231 0.7287944853305817 1.654796324670315 0 0.849440410733223 0.2818971425294876 0 1.070208430290222 0.4418206810951233 4.909068018198013 0.8923095837235451 5.158461213111877 1.647271320223808 0.6787809804081917 2.007420793175697 0.3158655017614365 0 0 0 0 0.7070867717266083 0.2660801708698273 0.2450722754001617 0 0 0.2153241634368896 0.7694596201181412 3.2317910566926 0.1355517655611038 0 0 0.4248932003974915 0.7059692740440369 0.1385709792375565 0.3765811622142792 1.159478053450584 10.43074066191912 0 0 0 0.1111827343702316 0 0 0.1067037209868431 0.0873129814863205 0.3613612279295921 7.782682880759239 0.6448805630207062 2.028953097760677 0.1281089931726456 1.454706080257893 6.809470988810062 0.2380060404539108 2.774941861629486 0.2570694983005524 1.062493145465851 0.4013330191373825 0 0.4482026696205139 0 0 0 0 0.1087759733200073 0.5603149905800819 0.5007021427154541 0.9199149161577225 5.802333258092403 1.832158148288727 1.586260475218296 343.0389240384102 32.25384642183781 646.219844058156 112.2875439748168 188.8474494740367 62.32713460922241 0.8454671874642372 55.43680550158024 20.85407173633575 1.088395014405251 0.7629676535725594 0.08333060890436172 14.70249305665493 0.0901382714509964 1.007636085152626 0 32.53908064961433 1.376234337687492 57.34383404254913 8.821813978254795
630.565560862422 871.8999028503895 6.841154873371124 192.3692169934511 19.8715633302927 199.6314248740673 679.632216013968 0.3741711750626564 3.665862888097763 572.524011708796 1.404849074780941 887.3519273474813 1971.860449269414 147.7023897245526 0.6909057945013046 0.2847129926085472 0.2211042419075966 0 0 0 0 0.294331431388855 0 0 0.1375562697649002 0 0 0.08745374530553818 0 0.1126420348882675 117.117357686162 1.333158746361732 2.502977572381496 0 0 0 4.190737247467041 0.8054543510079384 0.3284535109996796 0 0 0.1424070596694946 0 0 0 0 8.254533275961876 0.7798797339200974 0 0 0 0 0 0 6.345505252480507 4.707670792937279 45.12855018675327 118.1550856605172 9.130849979817867 17.35608757287264 0 0.5981506183743477 0 2.951950579881668 2.889495462179184 2.993551842868328 0.09948954731225967 0.741411529481411 0 0.09451097249984741 4.802662782371044 0.1550209224224091 0.08778177946805954 67.72766247391701 7.196398541331291 3.879838511347771 0.3209945112466812 0 0 0.2656021937727928 0.2239872217178345 0 5.453335337340832 0.3685376867651939 1.516160577535629 1.664905987679958 0.2708970382809639 0.08246003091335297 0.08408321440219879 0 0 0 0.07851716876029968 0 0 13.29313394427299 0 0 0 295.3441916704178 0.1614200621843338 6.099493071436882 14.56491277366877 12.05253484100103 1.69889210164547 8.79769991338253 5.358544416725636 5.794993817806244 10.16432114690542 13.07383681833744 1.08342219889164 9.566856384277344 6.581096678972244 5.814581789076328 1.843184262514114 0 0 0 0 0 0 0 0 0 0 0.1037602350115776 0 0 0 0 0 0 0 0 2.092028021812439 0.5655175596475601 0 0 0 1.986846260726452 0.2358275055885315 0.7704054564237595 0.5969984233379364 0.2201234996318817 0 0 0 0 0 0.395418107509613 0 0 0 0 0 0 0 0 0.073361836373806 0 0 0.5468013882637024 0.8399350494146347 0.9241093248128891 0 0 4.043225094676018 0.325456514954567 0 0 0 0 0 0 0 0 0.3045256584882736 0 0 0 0 2.074608936905861 0.3056688606739044 1.944347813725471 0.2763683050870895 0.6037281453609467 0 0.5955848097801208 0 0 0 0 0 0 0 0 0 1.319342099130154 0 0.7547702863812447 59.93391049653292 2.11519019305706 25.27568213641644 3.16213845461607 470.3746360465884 0.3596755415201187 0.2362487837672234 0.7287226840853691 21.39345422387123 0 0.2705697044730186 0.0843348428606987 24.94184829294682 0 0.3678851723670959 0 0.626382976770401 0 73.41457893699408 12.08990048617125
56.21284993737936 1423.240592129529 1208.996153831482 19.8715633302927 2300.049409419298 19.20992591977119 1313.207074567676 297.9685655236244 2890.772316277027 222.6719922423363 2357.035601377487 140.9735027700663 530.0091382190585 2143.812179639935 6.067885778844357 0.9654171764850616 0.206920363008976 0 0 0 0.1915069445967674 0 0.4145942479372025 0.6983301937580109 0.1152509823441505 0 0.3060977011919022 0 0 0.1325474977493286 61.64629544317722 14.41492681205273 24.28434453904629 0 0.3355739265680313 0.1070549637079239 15.50717743486166 1.110115721821785 0.1631304025650024 0.2867075577378273 0.1917721927165985 0.1645512580871582 0 0.106567345559597 0 0.2508592531085014 71.80209529399872 2.664266899228096 0.2781944572925568 0 0.4228677153587341 0 0.230306088924408 0 6.817184746265411 4.597046352922916 10.41015979647636 56.79982873052359 5.050717912614346 21.05016031116247 0.1291788220405579 1.192129120230675 0 17.63968274742365 3.629876405000687 4.596091091632843 0.5735626891255379 1.833366416394711 0.1074928492307663 0.4448773711919785 72.46864970773458 0.671164259314537 0 42.68188644200563 14.38981389254332 22.24502205103636 13.04169017076492 1.918312437832355 0.7384923323988914 40.48012395203114 0 2.55908291041851 11.98948361724615 0.09044999629259109 3.64071411639452 2.53710712492466 1.58480528742075 0 0.08608944714069366 0.09577562659978867 0.3856444507837296 0 1.158616915345192 1.448154747486115 0 68.88311516493559 19.87812224030495 0 14.56545825302601 12.12018297612667 1.836998328566551 10.20806293934584 13.55511882156134 3.473023720085621 9.528232857584953 32.90066828578711 1.176548883318901 26.63888378441334 13.62866197526455 28.32095782458782 7.750351086258888 47.50659268349409 39.39769742637873 38.7073742300272 29.1388401389122 0.4539215266704559 0 0 0 0 0 0 0 0 0 0.157763659954071 0 0 0 0 0 0 0.09731636941432953 0 3.157909885048866 5.053002335131168 0 0 0.8298079967498779 6.881057105958462 1.546590656042099 6.811002515256405 0.4646154195070267 0.09863724559545517 0 0 0 0 0.3214498460292816 0 0 0 0.2066454440355301 0 0 0 0 0 0.1588381379842758 0.2179508358240128 0 1.374311968684196 0 1.640632599592209 0.5415884852409363 0.4938237071037292 22.52435850352049 0.4061968326568604 0 0 0 0 0 0 0 0 13.73698370158672 0.2473213374614716 0 0 0.08524836599826813 10.50082939118147 1.383834064006805 5.817280918359756 0.6762715578079224 0.4557870477437973 0.120905689895153 0.2038203328847885 0 0 0 0 0 0 0 0 0 14.33003857731819 0.3237030655145645 2.494334757328033 159.5125978961587 3.819806501269341 181.0302890837193 36.46631129831076 91.57950101792812 23.14204134792089 0.7659692168235779 30.89871351420879 25.59290570765734 0 3.402533963322639 0.1039745658636093 47.54162852466106 0 0 0 15.77186699211597 1.396435588598251 134.29765586555 28.3204106464982
301.6092498824 190.3187342956662 9.291063226759434 199.6314248740673 19.20992591977119 23.25031276792288 122.1703880354762 0.6542521119117737 5.617144957184792 508.9750470742583 6.099302679300308 168.2633880749345 140.4292014464736 48.69766191393137 0 0 0 0 0 0.1034796759486198 0 1.934041418135166 0 0 0.1431239992380142 0 0 0 0 0 71.05576681345701 0 15.2135801166296 0 0 0 30.71352530270815 1.219057992100716 5.023716792464256 0.4789913445711136 0 0 0 0 0 0 3.455256372690201 0.220067210495472 0.2541764378547668 0 0 14.68426102399826 5.89934067428112 0 3.313672378659248 2.732534639537334 73.20817906409502 42.37392044812441 7.753019697964191 7.699349567294121 0 2.931389540433884 0 1.261892765760422 0.6292076110839844 0.6335592940449715 0.1454913020133972 0.4766180068254471 0 0 153.0668264850974 149.9960358068347 8.997271448373795 30.33476414531469 1.268406070768833 2.080187000334263 0.2009413987398148 0 0.1509517878293991 1.755152463912964 0 1.344224274158478 2.398345150053501 2.135368146002293 0.3755595982074738 1.995434202253819 0.09899271279573441 4.632771603763103 3.753358922898769 8.203121162950993 2.995455950498581 0.9526719748973846 0 0 0.1633565425872803 252.9451106712222 169.6828653663397 49.15676974505186 73.99826449155807 257.5057785436511 0 0.6665601432323456 1.230367541313171 0.1156299784779549 0.1129973456263542 0.9318920522928238 0.3111460506916046 0.1417922377586365 0.3556275218725204 0.9845179170370102 0.2078476995229721 0.8681090399622917 0.3509369865059853 0.2208407819271088 0.3043132573366165 0 0 0 0 0 0 0 0 0 0 0 0 0 0 0.2563664838671684 0 0 0 0 0 0 0 0 0 0.4993472173810005 0 0.2517136558890343 0.1050287783145905 0 0 0 0 0 0 0 0 0 0 0 0 0.111819677054882 0 0 0 0 0 0 0 0.2138782888650894 0 0 0.8221497237682343 0 0 0 0 0 0 0 0 0 0 0 0 0 0 0.4019182622432709 0 0.2858873307704926 0.1653593480587006 0 0 0 0 0 0 0 0 0.1182337999343872 0 0 0 0.148451179265976 0.4859941005706787 0.3726477101445198 13.46303764730692 0.4207948073744774 9.261973053216934 1.47600057721138 208.156018011272 5.853731453418732 0 0.1047135442495346 1.850320354104042 0 0 0 3.321375638246536 0 0 0 4.850639067590237 0.406345546245575 49.50049015134573 1.526420600712299
726.5486545264721 2362.212463483214 47.28693401813507 679.632216013968 1313.207074567676 122.1703880354762 570.9416344985366 6.917719833552837 1378.992053508759 1529.580183021724 464.0077803209424 878.5450918823481 2874.810484282672 2386.30325178057 3.464972697198391 0.7386545389890671 0.1407921016216278 0 0 0 0.1511229425668716 0 0.3468178808689117 0.9263052642345428 0.6244142204523087 0.1176986247301102 0.1394486278295517 0 0.1330481022596359 0 106.2638892605901 8.220857873558998 21.67755320668221 0 0.1235624179244041 0.1660469770431519 24.76072642952204 0.6427227854728699 1.469620779156685 0 0 0 0 0.346801184117794 0.2546255216002464 0.07870828360319138 54.29370918869972 2.840081177651882 0.4049649685621262 0.1482790410518646 0.4325386136770248 1.075521513819695 0.3029411807656288 0 12.94587901979685 11.51631409674883 35.82294603437185 149.1383489742875 13.86991531401873 33.51102352887392 0.07784470170736313 1.43568205088377 0 25.88799722492695 5.026039719581604 6.68883178383112 1.054639369249344 3.762898571789265 0.6248436272144318 0 67.60101134330034 0.3963428437709808 0 98.65085873752832 21.80894196033478 26.93971061706543 12.68791168928146 1.006152138113976 0.2823485881090164 11.23599122464657 0 2.428826861083508 19.35785808414221 0.9670498892664909 5.090023785829544 4.566056452691555 1.26013521105051 0.09350843727588654 0.3114733621478081 0.2882449477910995 0.08513015508651733 0.1752446740865707 0.6068424731492996 0.5566867515444756 0 90.81941729038954 12.52139786630869 0 10.62522383034229 86.05741826444864 1.934816688299179 18.60349112004042 76.94787238538265 25.75048385560513 18.96684823185205 91.70132596790791 11.86655780673027 82.07585361599922 85.43650130182505 80.19599174708128 8.776195205748081 191.7785892784595 77.68523329496384 66.43837996572256 32.03868904709816 0 0 0 0 0 0.1075281202793121 0 0 1.392148971557617 0 0 0 1.487782746553421 0 0 0 0 0.1126460283994675 0 10.39783351123333 4.106970146298409 0 1.610131174325943 0 12.82258944958448 6.622996650636196 8.673058785498142 0.926593542098999 0.6624463424086571 0 0 0 0 0 0.4235242903232574 0 0.09464887529611588 1.14446597546339 0 0 0 0 0.1203292086720467 0.4829870983958244 0.1881186813116074 0 3.554886475205421 2.573874965310097 4.453297138214111 0 0.8334545344114304 30.14445294439793 0.4795662313699722 0 0.2392766624689102 0 0 0 0 0 0 16.69806879758835 0.290947288274765 0 0 0 16.29343806952238 1.392759829759598 9.199831113219261 0.9687358736991882 3.752379849553108 0.6589462384581566 0 0.2351844608783722 0.159761905670166 0 0 0 0 0 0 0 24.77311205863953 1.146766357123852 2.738380528986454 183.2709855213761 5.672309793531895 157.5179349854589 25.6446623429656 528.0934683680534 14.97112718969584 0.4412026703357697 15.00321295112371 78.39516621828079 0 4.155235700309277 0.5076233372092247 104.4363776296377 0.7507571578025818 0 0 7.510785415768623 0 417.418957464397 81.62274975329638
8.715259030461311 616.9781336709857 3651.691204197705 0.3741711750626564 297.9685655236244 0.6542521119117737 6.917719833552837 2367.105252787471 126.3762530460954 2.353059962391853 1798.90467774123 61.79759559035301 44.81900201737881 763.8751196190715 52.60660932213068 35.50623738765717 4.369946837425232 2.75953384488821 1.05081295222044 52.12531449645758 58.14390644431114 2.271779105067253 155.8861245438457 137.2854894399643 5.695730209350586 7.641547925770283 23.95030623674393 2.80336656421423 1.637985922396183 10.88873334228992 214.1597725003958 2414.914984475821 241.802807405591 50.69724494963884 50.73496890813112 2.566576771438122 60.09141729027033 15.65142002701759 4.886012703180313 4.99346461892128 16.19673758000135 7.457460284233093 44.13503936678171 62.66047432273626 18.00661882758141 158.2199521660805 254.5456633940339 8.464592538774014 7.500736124813557 23.72469885647297 44.86335083097219 14.96695467829704 3.513001136481762 0.5525049567222595 9.237582579255104 8.554845899343491 11.46203633397818 70.66547007858753 5.413918748497963 38.04655165970325 266.648651920259 59.47687077522278 37.40055238455534 59.23534876853228 4.036188535392284 20.30951953306794 4.247036159038544 36.69132048636675 126.5470505058765 66.55374695360661 98.23910887539387 6.448962263762951 2.795203551650047 51.9107186421752 33.06629264354706 77.96169462800026 126.6081343814731 105.4426706656814 2478.268612489104 2818.933465741575 573.3870145082474 1974.3634525612 17.45403532683849 0.6233968660235405 9.296429432928562 4.383501991629601 17.93615268915892 0.1078110784292221 0.9869541227817535 2.227695941925049 13.20466151833534 5.846571058034897 247.6121361851692 99.04801412671804 14.40632171928883 62.76941315084696 23.91411419957876 0 15.74206641316414 6.856530725955963 0.2571327090263367 3.207679569721222 10.50150412321091 3.201366595923901 4.655491277575493 19.22798938304186 2.487061351537704 17.43998771905899 6.872462153434753 15.3465933650732 7.913849867880344 40.07059146463871 26.20286981016397 32.04611611366272 27.850560516119 0.3120721578598022 0.2052325159311295 0 0 0 0 0.155869260430336 1.2005695104599 0 1.787428021430969 2.819583877921104 0 1.265271842479706 0 1.169317476451397 5.033680506050587 1.430238321423531 5.641920976340771 0.8213048726320267 2.633288778364658 4.360303089022636 0.5296750068664551 1.851590976119041 0 9.064661964774132 2.241386294364929 5.014615811407566 1.378529831767082 2.058991655707359 4.395291715860367 1.856564410030842 0 0 0 0.264127105474472 0.3804337233304977 0 0.09092815965414047 0 0.153533399105072 0.9421393126249313 2.011829525232315 7.685576200485229 0 0.1538827866315842 0.09192956984043121 0.8333467319607735 1.484397538006306 0.4691173657774925 0 0.9382517039775848 17.95699570327997 0 0 0 0.08743199706077576 0 0.08711743354797363 0.113781213760376 0.384452611207962 1.240157976746559 11.05971893668175 1.279693990945816 2.599435463547707 0.1954119354486465 2.509487383067608 10.95709259063005 0.826699435710907 6.834368444979191 0.6579458341002464 0.5893076062202454 0.1268875002861023 0.2746040225028992 0.8226090669631958 0 0 0 0 0 1.116294085979462 2.38759633898735 1.317191205918789 14.48898406326771 0.6255747228860855 3.836378447711468 448.292985253036 78.11397485435009 476.7362007722259 142.0078359246254 63.22438907623291 49.10298768430948 0.08872704952955246 62.67161690443754 24.4020662009716 5.410088695585728 1.763205975294113 0.2136742994189262 19.47478956729174 0 0 0.1287433058023453 35.21974778920412 2.588300287723541 62.17564152181149 14.88993807882071
1.056962892413139 498.3206209540367 158.1336330920458 3.665862888097763 2890.772316277027 5.617144957184792 1378.992053508759 126.3762530460954 611.6803392767906 59.39497864246368 922.6221479773521 52.76111836731434 305.2702529281378 733.1281842291355 1.294348731637001 0.6467424929141998 0 0 0 0 0.1856849491596222 0 0.659355491399765 0.4862843304872513 0 0 0 0 0 0 3.066221281886101 1.623582988977432 7.162407100200653 0 0.1768937706947327 0 8.236858904361725 0.1870134174823761 0 0 0 0.147844061255455 0 0.1077332943677902 0 0.1268485486507416 10.05785413086414 0 0 0 0.5088630393147469 0 0 0 0.2151380181312561 0.1884812042117119 1.708822950720787 3.14593893289566 0.6239173263311386 1.417718693614006 0.1206527724862099 0 0 1.394522838294506 0.08216114342212677 0.3893225863575935 0 0.08925854414701462 0.08623503893613815 0 23.49495037645102 0 0 2.826610818505287 2.189494706690311 2.378014959394932 2.507991522550583 0.1249830424785614 0 12.23547656834126 0 0.8435635715723038 1.445363633334637 0.08975548297166824 0.4869953244924545 0.340361088514328 0.08399132639169693 0.1240871027112007 0 0 0 0.1237984374165535 0.225524827837944 0 0 25.33033649623394 4.814293168485165 0 2.997296147048473 2.098588958382607 1.090586513280869 3.041344299912453 5.019717685878277 1.990076974034309 3.660800233483315 11.2457188218832 2.125642329454422 10.83786246180534 5.877402976155281 13.06020677089691 2.03078505396843 18.7012523189187 16.65380410850048 17.68981103599072 8.488663114607334 0 0 0 0 0 0 0 0 0 0 0 0 0 0 0 0 0 0 0 1.02602256834507 0.419096052646637 0 0 0 5.185328617691994 0.8993931710720062 1.477398172020912 0 0 0 0 0 0 0 0 0 0.227083146572113 0 0 0 0 0 0.1149595677852631 0 0 0 0.1814531832933426 0.9188910499215126 1.427916824817657 0 0.7414685487747192 9.146345242857933 0.1421525478363037 0 0 0.09946514666080475 0 0 0 0 0 5.308592081069946 0 0 0 0 2.184626802802086 1.087771728634834 0.4564222395420074 0.2949777841567993 0.1368096917867661 0 0 0 0 0 0 0 0 0 0 0 5.883991122245789 0.6418846473097801 0.674240916967392 22.08397762477398 0.6178621128201485 23.87956105917692 6.389492623507977 20.70802472531796 3.505782544612885 0 5.540369011461735 14.38128106296062 0.1322626620531082 0.4872824102640152 0 14.26089752465487 0.4055038094520569 0 0 0.9035960882902145 0.2295780032873154 64.42660495638847 10.27191873639822
439.7105177417397 652.0295263230801 4.067872241139412 572.524011708796 222.6719922423363 508.9750470742583 1529.580183021724 2.353059962391853 59.39497864246368 371.3985917791724 10.00132471323013 1238.752920486033 2495.785441242158 239.395351588726 0.9878810197114944 1.505691975355148 0.07077338546514511 0 0 0 0 0.9436939358711243 0.1566561907529831 0.1550111770629883 0.432134747505188 0 0.1825622320175171 0 0 0 30.81179508194327 2.824038326740265 77.82357428967953 0.2191718965768814 0 0 98.06602038443089 1.395579770207405 1.370214715600014 0.4455894231796265 0 0 0.1144488528370857 0 0 0 6.100143551826477 0.4010106846690178 0 0 0.1297375857830048 0.9896222949028015 0 0 1.680979073047638 2.106965206563473 23.98793951421976 40.92148124426603 4.47604113817215 7.325782135128975 0 1.427685230970383 0 1.86688282340765 0.5236034691333771 0.3333548679947853 0 0.304934099316597 0 0 387.2461415678263 1.88506892323494 0 24.28581190109253 2.392667174339294 2.784792333841324 1.56792126595974 0.6926512196660042 0 2.450031235814095 0 2.572504326701164 3.62928219139576 0 0.6229764372110367 0.7602339684963226 0.357223279774189 0.3208664059638977 0 0.4879739880561829 1.229753077030182 0.1510357111692429 0 0.9281053841114044 0.6037264615297318 169.0526871010661 73.17633211612701 0.6693242639303207 27.3289562612772 371.4420424848795 1.447610214352608 19.16446097940207 107.9780159667134 104.1328754276037 11.97941798716784 97.78244601935148 29.51415885984898 61.58997222781181 66.4334322065115 90.57786990702152 7.644419729709625 91.83181618899107 67.01335776597261 48.8867475092411 16.60553125292063 0 0 0 0 0 0 0 0 0 0 0 0 0.3671166002750397 0 0 0 0 0 0 6.018058687448502 3.003319032490253 0 0.6675330102443695 0 3.410013280808926 1.508864909410477 3.724643677473068 2.155501812696457 0.2491491585969925 0 0 0 0 0 0 0 0.2059849798679352 0.3506278246641159 0 0 0 0.5578507781028748 0.2741952240467072 0.2873948290944099 0.08800409734249115 0 2.032593742012978 2.668217197060585 3.596567094326019 0 2.056208729743958 9.156993247568607 1.146342106163502 0 0.07902458310127258 0 0 0 0 0 0 5.579976804554462 0.1780203580856323 0.1553364396095276 0.1163289174437523 0.1508373469114304 8.825962968170643 0.6724119186401367 4.912266880273819 2.139678999781609 2.176755957305431 0.2279478535056114 0.1287669837474823 0 0 0 0 0 0 0 0 0 13.97122543305159 1.180321767926216 1.375415459275246 123.4904329553246 2.155476734042168 21.13607306778431 6.549858324229717 599.8517830520868 1.342098690569401 0.2171314135193825 4.57278386503458 72.20748321712017 0 1.915326528251171 0.1233070194721222 93.31868948787451 0 0 3.599491059780121 3.397977702319622 0 678.1533830314875 94.49178551137447
18.35984167456627 964.1702022254467 2159.192044407129 1.404849074780941 2357.035601377487 6.099302679300308 464.0077803209424 1798.90467774123 922.6221479773521 10.00132471323013 1733.165525212884 299.3370729610324 743.3792907297611 2585.054501749575 30.41951748728752 21.62568479776382 1.599961325526237 0.2282564789056778 0 2.747363463044167 3.964083947241306 3.168692484498024 32.27784316241741 33.66323656588793 5.302160404622555 2.63003708422184 11.6066857278347 1.582294695079327 1.685681976377964 6.559594817459583 105.1774954944849 74.57845567911863 308.6350213289261 1.28407246619463 11.9521049708128 2.301507443189621 243.304374307394 22.70792525261641 8.678271315991879 6.055659003555775 5.504992328584194 1.927263200283051 0.3953796401619911 0.3603878542780876 0.589491993188858 1.080948412418365 128.5618203580379 2.61163754761219 0.9262414798140526 0.388041652739048 6.056833453476429 11.12098450958729 2.896027736365795 0.4734595865011215 5.541743375360966 5.590944968163967 5.715910285711288 22.08309680223465 3.435014821588993 23.81718041747808 6.407197736203671 20.10375230759382 2.363677874207497 12.08162569999695 2.200918197631836 5.035704620182514 0.8926777541637421 4.201411433517933 4.400685712695122 1.87595146894455 273.6918881237507 6.366541638970375 1.159789487719536 26.48713026940823 16.16916748136282 35.77953062951565 50.99887704104185 21.2539044842124 4.229268573224545 491.6224908083677 1.09403470158577 42.91770546138287 7.167287021875381 0.2424302250146866 3.748719066381454 1.883025109767914 2.039026148617268 0.1876786425709724 0.2947152629494667 1.064776204526424 6.445059157907963 4.820652179419994 24.08181501179934 17.70015529543161 6.360726825892925 107.589709572494 33.0937906652689 0.6437585651874542 25.76848044991493 5.154746420681477 0.5882463157176971 6.445363558828831 18.05290598422289 3.327208124101162 9.631724283099174 32.8561492934823 2.903499461710453 41.97940819710493 14.97744343429804 27.40536365658045 7.558293655514717 67.20805770158768 47.66330341994762 52.58824816346169 41.05405056476593 0 0.2907090783119202 0 0 0 0 0.458941176533699 0.2651533782482147 0 0.1618383973836899 2.439717337489128 0.1211498081684113 0.5071055889129639 0.4751735329627991 0 2.850442513823509 0.1420749723911285 2.239710964262486 0 1.549980267882347 4.967398084700108 0 2.345222517848015 0 15.91481827944517 3.624646976590157 5.869391672313213 0.8069631233811378 0.8258880898356438 1.915128044784069 0.8861604779958725 0 0.1225023418664932 0 0 1.042675212025642 0.5498176217079163 0.2460834830999374 0 0 0.3750617802143097 0.6009878441691399 2.697257973253727 0.1021917760372162 0 0 1.522466413676739 0.7933858036994934 1.31903550773859 0.1365016549825668 0.3642680644989014 29.57206881046295 0.9851205050945282 0 0 0 0 0 0 0.1392742842435837 0.9660809710621834 21.30307527631521 0.9308416098356247 0.7864864766597748 0.09852691739797592 1.495273992419243 14.57557293772697 0.4578923881053925 10.38187393546104 0.4885995984077454 0.9252922236919403 0.2634768262505531 0.7094793021678925 0.2088513821363449 0 0 0 0 0.08645143359899521 0.4721860662102699 0.08433349430561066 0.1214389801025391 20.24450543522835 1.939336739480495 5.593478515744209 366.0361019894481 14.95130103826523 308.1559071093798 100.3359039947391 54.03718906641006 31.12627189606428 0.1186419278383255 52.06102239340544 24.82212395220995 0.9638048633933067 3.283312603831291 0.7149862498044968 30.76537781208754 0.1873766481876373 0.4923525154590607 0.3465849161148071 25.8055092394352 0.9852286726236343 133.8172454684973 24.22049409151077
243.7412279397249 354.6552811339498 13.16243118792772 887.3519273474813 140.9735027700663 168.2633880749345 878.5450918823481 61.79759559035301 52.76111836731434 1238.752920486033 299.3370729610324 161.5992521494627 1221.359217479825 668.4706748053432 8.393836759030819 7.97754942625761 0.2839284390211105 0 0 0 0 3.468957304954529 4.057977512478828 2.52822308242321 1.404286652803421 0.3252916932106018 2.695987887680531 0 0.4249361902475357 2.217632956802845 15.78913611918688 3.3691720739007 99.71891045570374 0 0.5735687613487244 0.4702876061201096 277.3018639534712 11.91674415022135 13.34326138347387 3.574837565422058 1.582278564572334 0.658274233341217 0.1226926073431969 0.1122629716992378 0 0 25.68755120038986 0.09776212275028229 0.2810485363006592 0 0.490092359483242 6.937596887350082 2.170148640871048 0.2199538797140121 0.9415003284811974 1.651870243251324 9.514798775315285 22.56523843854666 1.914872132241726 4.738613411784172 0 12.50496104359627 0.09962758421897888 4.391938701272011 0.3127039447426796 0.6989761963486671 0.2169059962034225 0.4020450711250305 0 0.392991341650486 509.7564703822136 5.232721067965031 0.8064619600772858 15.56418185681105 2.555225811898708 8.562230288982391 10.66808987408876 7.432468809187412 0.15327288210392 10.74557600915432 0 4.589117646217346 1.75220837444067 0.07697016000747681 0.8970343321561813 0.5661376267671585 0.09332457929849625 0.0974133163690567 0.3481125235557556 0.3947405964136124 2.046133190393448 2.618272319436073 2.038803175091743 2.952183209359646 2.087144270539284 338.2372284904122 35.26159356534481 1.685858279466629 12.50322365760803 56.34624768793583 0.4486931934952736 7.212609015405178 25.17178315669298 25.12541712075472 9.006618522107601 40.66557904332876 6.756572514772415 40.06131736189127 15.15804676711559 39.05294862389565 6.939742960035801 73.33174829185009 53.57245966047049 56.95474780350924 23.90652199089527 0.1482057571411133 0.104218065738678 0 0 0 0 0 0 0 0.2329331338405609 0.4979631900787354 0 0.3110876679420471 0 0 0.254131905734539 0 0.6641304939985275 0 3.320445217192173 1.728797040879726 0 0.2267643287777901 0 6.56515096873045 2.02990511059761 4.055913381278515 1.460776515305042 0.1467850357294083 0.2645588517189026 0.1229140087962151 0 0 0 0.165466770529747 0 0.4571694731712341 0.3167553544044495 0 0 0.1224439293146133 1.149893589317799 1.163181573152542 0 0.1342631429433823 0.2012938559055328 1.245691396296024 0.9979918822646141 1.277580603957176 0 0 9.761531561613083 0.48023921251297 0 0.2374520152807236 0 0 0.1372624486684799 0 0 0 12.04359912872314 0.2627748996019363 0.2528839111328125 0 0.3545015677809715 8.133578740060329 0 3.669475197792053 1.082261465489864 0.6154196113348007 0 0.2927574813365936 0.1635873466730118 0 0 0 0 0.09600372612476349 0.2124303355813026 0 0 18.40802510082722 1.052667781710625 2.331145450472832 148.1067737042904 4.406618103384972 56.21736682206392 23.47952397167683 182.2890074923635 5.52033443748951 0.3065460696816444 10.50953993201256 23.15151474624872 0 1.646966658532619 0.2745944708585739 28.80481504648924 0 0 0 4.808867961168289 0.3773539662361145 427.9359715506434 46.21134988218546
483.6629506796598 1316.410882391036 15.72264814376831 1971.860449269414 530.0091382190585 140.4292014464736 2874.810484282672 44.81900201737881 305.2702529281378 2495.785441242158 743.3792907297611 1221.359217479825 2366.761840410531 4485.544761560857 9.047768250107765 6.087912417948246 0.5535520985722542 0 0.08913883566856384 0.1192418336868286 0.7514419108629227 2.977928787469864 4.698427349328995 4.734976589679718 0.5713245868682861 0 1.863367468118668 0.2799737155437469 1.759857103228569 1.389111042022705 35.58046669512987 4.051612868905067 248.5723681300879 0.1197989135980606 2.346913814544678 0.4539660811424255 569.5030581578612 9.59998781234026 9.913200169801712 3.195931106805801 0.8561583310365677 0.1536252945661545 0.1284588873386383 0 0 0 40.64780526608229 1.197529733181 0.485374316573143 0.1440288424491882 0.8797362223267555 5.416417375206947 1.293790340423584 0 3.270838871598244 3.003425076603889 17.25233592838049 53.5582212433219 4.393003322184086 12.8775809854269 0.5507082417607307 6.966288775205612 0 7.735554791986942 1.818844433873892 1.24822961166501 0.1977421194314957 1.435069128870964 0.8130532801151276 0.1189063489437103 570.2571040987968 3.720026813447475 0.5173314809799194 37.86228694021702 6.543103732168674 11.14047356694937 12.92383269220591 6.369403436779976 0.5151922255754471 24.77676104009151 0.1242560148239136 4.994811974465847 4.813254788517952 0.07798666507005692 1.910268627107143 1.113078221678734 0.4350922033190727 0.08553149551153183 0 1.345470257103443 1.920365855097771 1.652669757604599 2.233355961740017 3.572111107409 2.060849361121655 356.6697193682194 5.51853446662426 0 12.19060831516981 79.68089474737644 2.455237008631229 16.85901634395123 77.5487277880311 30.7851300239563 15.10579087585211 89.59721753746271 11.52603293955326 81.62548892199993 49.29705543071032 93.62750172615051 12.79101119190454 282.213791705668 144.9904991835356 174.4429011493921 40.12207296490669 0 0.2783266007900238 0 0 0 0 0 0 0.3708993494510651 0 0.3335573971271515 0 0 0 0.1366842836141586 0.4253350049257278 0.6611908674240112 0.8652992844581604 1.399952977895737 8.992941237986088 4.077029965817928 0 0.3829155340790749 0.6814270317554474 15.2107890099287 2.499861150979996 4.449189215898514 1.130496256053448 1.111977644264698 0.2440607994794846 0.2871819883584976 0 0 0 0 0 0.5961255729198456 0.4609637856483459 0 0 0 0.1091315522789955 0.6139523908495903 0 0 0 2.867926396429539 2.048606239259243 3.031530320644379 0 0 24.03622445464134 0 0.09644358605146408 0.3682367652654648 0 0 0.103568859398365 0.1081887185573578 0 0 23.24106890708208 0.2599437087774277 0.2722913771867752 0.1297462433576584 0.529926061630249 22.58590303361416 1.345577985048294 7.071339599788189 1.87737187743187 1.755895063281059 0.1307740360498428 0.5878254547715187 0.2068886756896973 0.1861697658896446 0 0.0815567821264267 0 0.09853442013263702 0.1480774134397507 0.1619576811790466 0.1661185324192047 38.87028809636831 0.7760224491357803 4.014153264462948 206.4861352816224 5.796186573803425 102.386598393321 34.98461086302996 303.8061945289373 8.617719054222107 0 19.01978451758623 53.46956647932529 0.1449207663536072 3.094291761517525 0.4061737880110741 81.99750526994467 0 2.254650086164474 0.3363718688488007 8.550597868859768 1.009139478206635 618.8524001091719 98.06197697669268
