77.40009909123182 2691.683614119887 283.1933491453528 1161.255507580936 83.09884252399206 13.16486109793186 460.1088044270873 10.46033150702715 36.72613013535738 1244.973850987852 272.0991804003716 621.9766868129373 454.1860844567418 177.3381577730179 3.216807901859283 0.1093747392296791 0 0 0 0 0 0 0 0 0 0 0 0 0 0 515.0657654032111 18.47834498435259 4.334575660526752 0 0 0 3.072460271418095 0.09043599665164948 0.09221188724040985 0 0 0.1677542328834534 0.1911910325288773 0.1966287195682526 0.1270119249820709 0.09691355377435684 46.32938016951084 0.5152669623494148 0.3327299952507019 0 0 0 0.2089223563671112 0 28.94255371391773 37.16132512688637 246.1362722739577 1041.618593983352 105.2235592454672 12.83823097497225 0.07521799206733704 2.619643479585648 0 50.161416195333 9.300908230245113 1.62411680072546 0.2055360227823257 0.1211378127336502 0.1659712344408035 0 8.070876821875572 0 0 120.162299618125 12.57068841904402 10.62885946780443 5.048191644251347 5.150240652263165 0.9253808632493019 33.25283215194941 0.2850465029478073 2.005776852369308 22.01006376743317 0.5931959375739098 1.567501537501812 1.824326567351818 0.09130365401506424 0 0.1923186257481575 0 0.2453720197081566 0 0.3343765139579773 0 0.1313937306404114 30.52674067020416 0.1459108293056488 0 1.67353879660368 631.9286466017365 0 2.083908505737782 2.26434314250946 50.44857308268547 0.4021827876567841 16.17793893069029 1.420417919754982 10.88239414989948 20.45451436936855 8.321884468197823 1.360641703009605 10.62786623835564 21.64594937115908 15.01234300434589 4.716108344495296 0 0.3448683321475983 0 0 0 0 0 0 1.295727506279945 0 0.1937066465616226 0 0 0.8074349761009216 0 0 0.3094269633293152 0.6207686215639114 0.2545187175273895 0.4225925803184509 0 0 0 0 5.412072889506817 0 3.333199433982372 1.267319589853287 0.2469714060425758 0 0 0 0 0.5786749422550201 0.4932712540030479 0 0 0.1312282830476761 0 0 0 0.2658185958862305 0.1659169793128967 0.9200705513358116 0 0 0.1212050095200539 0.3562684655189514 0 0.3745356500148773 0.3731778562068939 1.772931516170502 0.7144073843955994 0 0.5128015279769897 0.2132639512419701 0 0 0.114408440887928 0 0 2.233857743442059 0 0 0 0 7.707287162542343 0.610341414809227 1.975907526910305 0.603569358587265 0 0 0 0.742108166217804 0 0.3991228938102722 0 0 0 0 0 0 1.771830074489117 0.3477809429168701 3.229784302413464 571.1101178601384 19.73635196685791 242.8247542455792 22.94001597911119 1147.505240134895 41.4221740886569 7.905697755515575 8.134293772280216 43.82999753206968 0.5451817438006401 0.3682170063257217 0.9459249749779701 50.65328578650951 0.1240400820970535 1.57461678981781 0 0.375666618347168 0.1344254016876221 298.6426960676908 3.740718841552734
2691.683614119887 1978.529002815485 619.3500864878297 551.4215811342001 1088.341720215976 54.76877342164516 2279.289507091045 34.57526770979166 1343.218064650893 1336.886458277702 1215.675130240619 58.31973963230848 1124.996062941849 2207.06240850687 23.56937476992607 1.935392707586288 1.241589620709419 0.4008780121803284 0.1033047586679459 0.3175943195819855 0.5774620473384857 0 0.4327868819236755 0 0.1079474613070488 0 0 0 0 0 2418.954740516841 82.67890442162752 11.21444693207741 0.127093106508255 0.1573420166969299 0.1098929867148399 10.67312715947628 1.016897141933441 1.028622560203075 0.1535019427537918 0 0 0 1.866012580692768 0.52194444835186 0.2573130503296852 107.3674219325185 2.497959323227406 0.09320827573537827 0.325825609266758 0.2182814031839371 0 0 0.2304316088557243 32.98126477748156 44.44954033941031 123.6160427257419 1195.730121940374 132.225726313889 29.79530166089535 0.4863253384828568 3.667093075811863 0 149.6177046447992 13.12893895059824 2.98589563369751 0.6708051338791847 0.7757756188511848 0.7089095190167427 0.2411323711276054 29.66182224452496 0.8451222628355026 0 162.1983512043953 34.37704519182444 40.04292698949575 56.01652721315622 15.02183832228184 1.93285009264946 68.711361117661 1.834758505225182 4.171490654349327 34.62278191000223 0.4109499752521515 2.131795726716518 3.338479645550251 0.8184270337224007 0 0.4520475640892982 0 0.09241738170385361 0 0.7827659621834755 0.1285164952278137 0.2031954079866409 77.51942717283964 1.714806258678436 0 0.9915688335895538 598.5778614133596 0 3.238737620413303 5.895856827497482 92.84542841464281 0.6729519665241241 66.91254927963018 5.51351697742939 46.69375132024288 91.36592809855938 32.31076086312532 6.695021532475948 58.41395589709282 91.83137068152428 90.28167156875134 32.27016553282738 1.081310093402863 1.596877709031105 0 0.3944688588380814 0 0 0.3620530664920807 0 0.6976457238197327 0.334053099155426 0 0 0.3090033233165741 0 0.2075952738523483 0 0.4651059955358505 0 0 3.653955683112144 1.420907370746136 0 0.1623919606208801 0 26.44393660128117 0.3577050566673279 22.68304751068354 4.933047622442245 3.178273633122444 0 0 0 0 2.025442406535149 0.09425239264965057 0 0.3955669701099396 1.032058201730251 0.09119215607643127 0.3700903654098511 0 1.231216832995415 0 0.5924612507224083 0 0.3083398267626762 0.9433786496520042 1.699658647179604 0.2819596529006958 1.375760331749916 0.8183377981185913 17.14399088919163 1.443411782383919 0.2263573408126831 0.8047952577471733 0.234900139272213 0.0992809534072876 0.4099764823913574 0 0.2714855298399925 0 37.71116618067026 0.4048687815666199 0 0 0 24.75227796286345 4.482826612889767 17.52550346404314 1.865714408457279 1.516136564314365 1.486153893172741 0.1978426203131676 0.6394932270050049 0 0.3290716111660004 0 0 0.2289440706372261 0 0 0 21.43261030316353 10.69265411794186 20.29043972492218 602.829568862915 31.63056676834822 494.7976887822151 41.98575914651155 706.7346967160702 88.29043287038803 10.42653727531433 29.66462501883507 108.612099647522 1.084240168333054 3.711012929677963 1.297539681196213 104.5144354775548 0.5427564829587936 1.033932410180569 0.7606848627328873 2.124425262212753 0.6915282905101776 351.3442072421312 31.46712366491556
283.1933491453528 619.3500864878297 595.4452742040157 5.8035823777318 455.5588228330016 0.3502817749977112 269.3077166378498 939.5504085943103 1072.377822555602 5.17423553019762 1817.789605937898 5.150773882865906 85.13742975145578 1411.375476561487 18.93270641565323 3.085981607437134 1.49806260317564 1.879964031279087 0.5187845528125763 3.961520701646805 12.50320273637772 0 12.11385826766491 2.905326843261719 0.5193115025758743 2.105275325477123 0.2842454984784126 1.194455429911613 0.337894581258297 0 3885.687130734324 144.5586080923676 100.9216930791736 1.939019076526165 4.670643635094166 0 25.77831956744194 2.210593834519386 1.739904053509235 0.4775942489504814 2.572377532720566 0.5881849899888039 2.975037217140198 0.6108340620994568 2.192008994519711 3.887108229100704 54.04313557595015 4.192639634013176 0.9875625520944595 3.058725528419018 4.688325680792332 0 0 0.1758425682783127 7.145513527095318 8.285781472921371 30.99179102480412 715.1445466727018 29.03431644290686 10.3455653861165 9.221780948340893 15.91016806662083 2.288970679044724 111.2177440747619 6.056276366114616 14.71436622738838 7.418595068156719 14.81433914601803 21.30203159153461 7.737769424915314 37.2867486178875 0.4289974868297577 0 41.09329666942358 22.19650217890739 23.81021600216627 57.04219787567854 10.67430917173624 9.727435939013958 1304.703469872475 6.895948767662048 153.4958037734032 15.63345491141081 0.09520599246025085 7.171001844108105 4.734543204307556 6.423896439373493 0 0.4787728637456894 0 2.011300928890705 0.2741181701421738 53.05094608664513 5.058256082236767 0.893505685031414 34.84160043299198 1.439623862504959 0 5.404010914266109 182.8274895176291 0.1330185830593109 0 0.3780001401901245 0 0 5.16518148034811 0 2.106956496834755 1.517987534403801 0.6518376544117928 1.520598217844963 2.613697350025177 4.292494378983974 5.494542881846428 4.497865743935108 0.08310890197753906 0.2716203853487968 0 0 0 0 0 0 0 0 0 0 0.1189479306340218 0 0.2020004391670227 0 0.4103719145059586 0 0 1.454166658222675 0.3759978860616684 0 0 0 4.098118208348751 0.1022742465138435 7.345307476818562 1.622843958437443 1.725962869822979 0 0 0 0.4781803041696548 0.8422178700566292 0.2850273177027702 0.1435606628656387 0 0.08629342168569565 0 0 0 0.2330377027392387 0 0 0 0.2085198760032654 0 0.2037326842546463 0 0.8613239079713821 0.1017342135310173 2.974877737462521 0.1188435852527618 0 0.1983508169651031 0 0 0.1024995446205139 0 0 0 3.114354662597179 0.5361333712935448 0 0 0.7229078039526939 3.730030126869678 1.161154076457024 4.191705949604511 0.5809926614165306 0.7506895363330841 0.1704428642988205 0.1410222500562668 0.0784822404384613 0.2300277352333069 0 0 0 0.1068075597286224 0.1247686520218849 0 0 2.166171945631504 6.708282880485058 8.56858529150486 128.9907865151763 8.431283012032509 181.8121836259961 15.30046899616718 102.8554959595203 31.03039219230413 0.7977254539728165 9.207731284201145 8.517593897879124 0.2644392102956772 0.4614787325263023 0 4.612248376011848 0 0.5631242617964745 0.6818007677793503 1.212491154670715 0.292247474193573 38.19481328874826 1.43800938129425
1161.255507580936 551.4215811342001 5.8035823777318 177.9607064425945 1.01219717413187 363.718945287168 364.016928166151 0.2385927811264992 0.4032677412033081 744.7566755115986 2.837465055286884 1714.156879112124 1713.278596885502 29.01605160534382 1.506045162677765 0 0.2462263554334641 0 0 0 0.3044751584529877 0 0 0 0 0 0 0 0 0 81.14959875494242 3.49626399576664 0.45163793861866 0 0 0 0 0 0 0 0 0 0.0889899879693985 0.1354758888483047 0 0.5321070402860641 8.697256736457348 0.6419400125741959 0 0.1552765071392059 0.9539437890052795 0 0 0 5.690428137779236 5.858339890837669 39.50310660898685 123.6451178863645 14.76186583936214 3.40594144910574 0 0 0 8.132261455059052 2.113625735044479 0.09645460546016693 0 0 0 0.265183687210083 1.968825727701187 0 0 21.23264621943235 1.656227141618729 2.136356167495251 0.8563969731330872 1.259587928652763 0 1.229678742587566 0 0 3.930347569286823 0.09950006753206253 0.2070281505584717 0.1561197564005852 0 0 0.1125691011548042 0 0 0 0.2555608302354813 0 0 35.64363304525614 0.2825857400894165 0 0 475.4915030300617 0.1658395826816559 78.91292926669121 5.160661302506924 35.18073348701 0.2064521759748459 17.76959252357483 117.1795543655753 8.852590098977089 16.7618365585804 9.571323648095131 0.65799580514431 9.967807598412037 48.36982517689466 15.86184406280518 3.326010227203369 0 0.3555535674095154 0 0 0 0 0 0 0 0 0 0.2118103802204132 0 0 0 0 0 0.2247470170259476 0 0.1423409730195999 0 0 0 0 3.137382477521896 0 2.727282591164112 0.2196321934461594 0.1345298141241074 0 0 0 0 0.1300510615110397 0.1234233230352402 0 0 0.176733061671257 0 0 0 0 0 0.1008533984422684 0.1267116069793701 0 0.09942833334207535 0.2337372079491615 0.2951774150133133 0.4130116179585457 0 2.062574446201324 0.2536582425236702 0 0 0.4634681940078735 0 0 0 0 0 3.293195381760597 0 0 0 0 3.622759193181992 0.3774560391902924 1.042927414178848 0.4270606562495232 0.1672176122665405 0.08048344403505325 0 0.1326046735048294 0 0 0 0 0.1872977539896965 0 0 0 2.476379677653313 1.193786263465881 0.9539909660816193 221.6420340165496 2.76985727250576 43.67855097353458 3.104682669043541 475.2035318091512 5.350395165383816 1.836093299090862 4.408858686685562 23.18292524665594 0 0.2684359326958656 0.09487882256507874 30.06981508433819 0.09521301090717316 0.1408008188009262 0.3817100524902344 0 0 114.7836945354939 5.01667096465826
83.09884252399206 1088.341720215976 455.5588228330016 1.01219717413187 1833.502632386982 0.9486709535121918 2177.592759393156 2.684162303805351 4171.515959456563 25.57102039456367 403.4393593370914 5.345805048942566 318.6138633713126 2395.160963989794 6.793362520635128 0 0 0 0 0 0 0 0 0 0 0 0 0 0 0 162.4581546187401 16.83117447048426 0.6949781700968742 0 0 0 3.661985069513321 0 0.1565520018339157 0 0 0 0 0.3775344714522362 0 0 23.29101186990738 0.3259666711091995 0 0.1107172444462776 0.08842975646257401 0 0 0 2.954775989055634 3.786776311695576 8.958006180822849 79.89342999458313 9.333898715674877 4.752909392118454 0.8418196439743042 1.609373241662979 0 30.12685952335596 1.249326512217522 0.1910842508077621 0.08845672756433487 0 0.1477074772119522 0 4.130301713943481 0.3707810938358307 0 11.6842138171196 6.453741528093815 7.921635255217552 15.6699133515358 3.694803066551685 0.445728987455368 1.453277207911015 1.088266223669052 0.1385453045368195 2.764924049377441 0 0.2199906632304192 0.9872272834181786 0 0 0 0 0.939253032207489 0 0.1002832278609276 0.273416131734848 0 19.43345540761948 0.9606539607048035 0 0 14.6224377155304 0.157018706202507 0.3688177391886711 1.571449384093285 1.046870656311512 0.4031200706958771 10.35229609161615 0.7799321264028549 11.41480863839388 8.507079303264618 7.588548593223095 2.130361691117287 15.2379722520709 20.13861868530512 21.50331915915012 9.921539947390556 0.1931157410144806 0 0 0.1134921833872795 0 0 0 0 0 0 0 0 0 0 0 0 0 0 0 0.1584403067827225 0 0 0 0 7.072143144905567 0 4.763765290379524 1.582807973027229 0.5815064758062363 0 0 0 0 0.5670908242464066 0 0 0.4208409488201141 0 0 0 0 0 0 0 0 0 0.5767633765935898 0 0 0.2866260409355164 0 5.006914399564266 0 0.1609251946210861 0 0 0 0 0 0 0 10.87539437413216 0 0 0 0 7.118488505482674 0.4410169422626495 3.180715024471283 0.9090945273637772 0.5040270537137985 0.2482093721628189 0.3679304122924805 0.263304740190506 0 0 0 0 0 0 0 0 7.175675310194492 2.157083816826344 6.13784559071064 111.0170679017901 5.393359318375587 96.9409070238471 8.977450795471668 63.1322263032198 18.39099061489105 1.244254052639008 7.82943057268858 28.54148259758949 0.1508866846561432 0.4419891759753227 0.2376274242997169 24.33176597207785 0 0.2233794704079628 0 0 0 47.91091285645962 5.897246077656746
13.16486109793186 54.76877342164516 0.3502817749977112 363.718945287168 0.9486709535121918 0.7994768619537354 98.98409332334995 0 0.8126443922519684 693.2626451030374 0.8880021870136261 279.6481208056211 233.7949725165963 25.13148853927851 0.1158513352274895 0 0 0 0 0 0 1.066641740500927 0 0 0 0 0 0 0.4866370260715485 0 0.9611659198999405 1.375832676887512 7.8655174523592 0 0 0 39.29750943183899 0 0.8807425051927567 0 0 0 0 0 0 0 0.4267683923244476 0.1112272217869759 0 0 0.2623500525951385 15.82450790703297 2.414434909820557 1.5579499527812 0.7927236706018448 0.9694742187857628 241.1909554302692 45.10508543252945 3.21707946062088 0.1263384371995926 0 0.7848106026649475 0 0 0.2501793801784515 0 0.2613594532012939 0.2183745726943016 0 0 147.9248442202806 199.1189439445734 25.05356197059155 2.545999102294445 0.1894955784082413 0.1132954880595207 0.3071904182434082 0 0 1.575487107038498 0 0.1687825620174408 0.576015904545784 4.908101879060268 0 3.292495153844357 0 12.25407129526138 8.46847727149725 24.05574998259544 0.5599564164876938 2.294363051652908 0.1182264313101768 0 0.7235755622386932 265.1069003045559 214.0377453416586 30.06924964487553 35.0042512267828 186.6535113379359 0 1.098864361643791 0.654186949133873 18.96619144827127 0 9.523714572191238 0.7075333893299103 4.901239402592182 8.174408741295338 6.879146866500378 0.2380978837609291 6.706006526947021 15.08257701247931 6.939285807311535 2.665062695741653 0.2551117986440659 0.1732098013162613 0 0 0 0 0.2445911914110184 0 0.2459935992956161 0 0 0 0 0.1136937886476517 0.5102396681904793 0 1.352765053510666 0.2444822788238525 0.2711383104324341 0 0 0 0 0 1.241494745016098 0 0.3611985519528389 1.161997064948082 0.5967631191015244 0 0 0 0 0.2068210691213608 0.351623497903347 0.1117539927363396 0 0 0 0 0 2.146105892956257 0 0.09587328881025314 0 0.1367791444063187 0 0.2712543606758118 0 0.1162293627858162 0 0.2703768461942673 0.3120748773217201 0.1199728399515152 0 0 0 0.09883537143468857 0 0 0.2315178364515305 1.7300099208951 1.564303740859032 0 0 0 1.089103519916534 0.2423630505800247 0.4871044158935547 0 0 0 0 0 0 0 0 0 0.1152563840150833 0.3751176595687866 0.1110275611281395 0 2.393893152475357 1.110163725912571 1.941232867538929 37.87444793432951 1.628144145011902 5.394620709121227 0.8511159718036652 314.390002541244 3.034419059753418 0 0 9.639882974326611 0 0.5898133665323257 0 23.50964034348726 0 0 0 0 0 111.7391626313329 7.394626669585705
460.1088044270873 2279.289507091045 269.3077166378498 364.016928166151 2177.592759393156 98.98409332334995 1192.97261326015 2.885058835148811 2620.712759055197 2332.74893437326 413.2624862417579 229.6935089081526 2711.768561936915 1578.524718932807 17.73048831522465 0.8119631931185722 0.7705931439995766 0 0 0.2855078876018524 0.6033009886741638 0 0.1244078725576401 0.1321448534727097 0 0.2386107444763184 0 0.6971740797162056 0 0 253.2047949582338 25.53082777559757 6.565129369497299 0 0.2369639948010445 0 12.35139653086662 0.9723055884242058 0.1847094148397446 0 0 0 0.5404316559433937 0.3508583158254623 0 0.6300389021635056 63.10500790178776 1.578203678131104 0.1845250129699707 0.1936103105545044 0.2465018704533577 0.5305895805358887 0 0 9.382615588605404 12.07353060692549 42.6650553420186 201.6012025028467 38.32198339700699 16.2814899533987 0.5839377418160439 4.258187681436539 0 65.73662465065718 3.780727215111256 0.9079847261309624 0.482709564268589 0.3863473907113075 0.3107666820287704 0.3732263892889023 28.21926033496857 0.7385616153478622 0 50.43520633131266 13.48559394478798 22.89172498136759 41.65188874304295 7.339852169156075 0.1089868247509003 6.555680558085442 0.8090444877743721 4.160636268556118 12.28433807939291 0 0.2826926484704018 0.7088847383856773 0.2482305690646172 0 0.2548380941152573 0 0.5289022028446198 0 0.7588475793600082 0.5083363801240921 0.345169335603714 199.1054339557886 1.372845813632011 0 2.111784674227238 80.72270711511374 2.374233663082123 10.88310521841049 37.66274321079254 68.97904698550701 1.202868789434433 139.2223928421736 14.60005378723145 99.16119185835123 162.8582089990377 62.87375345081091 11.46439119428396 127.2238381132483 191.2781504765153 155.8666533157229 64.65674664825201 0.7921980619430542 0.2475365325808525 0 0.1103728711605072 0 0 0.1223141252994537 0 0.6948114037513733 0 0 0 0 0 0.9021739959716797 0.2904613316059113 0.2473054081201553 0.7581015676259995 0 4.897961050271988 1.320501178503036 0 0 0 42.0380232334137 0.583520919084549 38.88637613505125 5.113735072314739 1.999282792210579 0 0 0 0.111937090754509 1.113463923335075 0.8336480334401131 0 1.049140855669975 1.034232422709465 0 0 0 1.024996571242809 0 0.5219142735004425 0 1.035380288958549 4.15415632724762 1.477031394839287 0.5307554602622986 1.144217237830162 1.211018249392509 19.88270781934261 2.745161771774292 1.387951321899891 0.2279964610934258 1.19625461101532 0.985774040222168 0.09941904246807098 0.1068010851740837 0 0.1084417775273323 60.09183966368437 0.2296866625547409 0 0.09912020713090897 0 45.93325558304787 4.312241114675999 23.01565236598253 2.213823981583118 2.553251080214977 2.078419245779514 1.13033739477396 1.683875620365143 0 0.08739229291677475 0 0 0.09226942807435989 0 0 0 46.04218981415033 15.83233860135078 31.1802477017045 533.6791967451572 13.19798838347197 271.1533716619015 35.51503662019968 369.6511279642582 45.64996120333672 5.153794437646866 24.64436141401529 152.0472125560045 1.900347523391247 4.987050928175449 0.9022419676184654 191.398771584034 0.6401027962565422 0.08707607537508011 0.3919212520122528 1.391079321503639 0.6116781234741211 565.3478757664561 74.95289973169565
10.46033150702715 34.57526770979166 939.5504085943103 0.2385927811264992 2.684162303805351 0 2.885058835148811 347.6837233304977 73.55882204324007 0.1277279108762741 948.306989595294 1.648138910531998 12.61534258723259 449.6027781069279 42.83054095506668 8.639177463948727 18.3553079366684 9.011655725538731 1.268750056624413 44.77367468178272 80.3253668397665 0.4032870531082153 51.46500468254089 10.73879847675562 2.171858541667461 11.75029122829437 1.781177401542664 3.820476017892361 0.7170292362570763 0.4280164390802383 1349.559104517102 1159.688386030495 33.70558787882328 21.30066280812025 21.92939025908709 1.957696422934532 15.90171923488379 5.183966554701328 2.332395926117897 2.92896780371666 11.18300402164459 6.887902349233627 21.0263280570507 16.19300672411919 5.528266333043575 54.78762790560722 76.15120382606983 13.89458740502596 6.726561948657036 35.61299925297499 13.54461259394884 0.2399189546704292 1.030822895467281 2.569661445915699 5.193342328071594 5.673760406672955 20.88882488012314 304.3541763722897 20.42916850745678 13.63657207787037 240.4387611523271 89.81160163879395 20.770523019135 214.8656491041183 13.95633599162102 53.78963942825794 32.09231412410736 63.16467829793692 113.0373589470983 53.59504571557045 14.99622102081776 1.256478905677795 0 31.29501342028379 82.49972102791071 50.67869561910629 213.0142217725515 211.058020927012 858.9531195238233 2727.067959450185 225.4659444615245 2077.290019340813 25.7613615617156 0 24.33201187103987 14.05590281635523 33.91916442662477 0 0.8503593578934669 0.1096605286002159 6.811362855136395 1.782921142876148 251.2855335175991 23.91278551518917 9.558209516108036 14.26311904937029 1.68881431221962 0 4.474258944392204 9.810179509222507 0.1121098324656487 0 0.4340714812278748 0 0 0.8203042298555374 0 0.5474853068590164 0.7093628495931625 0 1.195787116885185 1.02160918712616 2.248668313026428 1.507601730525494 1.639384649693966 0.473963238298893 0.5043778494000435 0.08154375851154327 0.2149053141474724 0 0 0 0 0.322955921292305 0 2.020334303379059 0 0.18587526679039 0.125885859131813 0.09557435661554337 0 0.6696685925126076 0.1726505309343338 0 0 0.2772541493177414 0 0 0.09620963782072067 3.230007387697697 0 4.702186353504658 2.54869382083416 1.889520756900311 0 0.5001240000128746 0.224000871181488 0 0.8204655572772026 0.472553513944149 0.1768691539764404 0.3440530300140381 0 0.4174315333366394 0 0 1.509610414505005 2.466535314917564 0.3323861956596375 0 0.2624076977372169 0 0.1715343743562698 0 0.1989537328481674 0.2092309966683388 1.273596830666065 0.4376421868801117 0 0.51084965467453 0 0 0 0.42408587038517 0 1.269670493900776 2.67868010699749 0.4520052671432495 0.2603731751441956 0.2488909214735031 0.9557321295142174 1.380070425570011 0.4375611245632172 1.73547986894846 0.2227607518434525 0.1164261400699615 0.6771966069936752 0 0 0.09860561043024063 0 0 0 0.4242275953292847 0.2444449067115784 0.2244337946176529 0 0.7791919559240341 4.361148118972778 6.240979567170143 143.569575406611 12.06565787643194 196.6487527564168 33.04606477171183 23.9914862588048 19.0634354352951 2.661788426339626 12.52337841689587 7.880312465131283 1.698666222393513 0.7469149678945541 0.5128225162625313 1.780429318547249 0 0.3395488932728767 0 1.118719503283501 0.1997752040624619 18.3224861100316 1.592272259294987
36.72613013535738 1343.218064650893 1072.377822555602 0.4032677412033081 4171.515959456563 0.8126443922519684 2620.712759055197 73.55882204324007 1189.51067610085 5.196762219071388 896.3622144311666 2.496622577309608 668.3304975032806 2319.800373896956 4.638687998056412 0.7601152956485748 0.2673531174659729 0 0 0.126334473490715 0.7036474347114563 0 0.7404270991683006 0.4299555420875549 0 0.4267268478870392 0 0.4209282696247101 0 0 96.665362611413 11.76266451925039 1.982294037938118 0.11007971316576 0.3053643405437469 0.6910448670387268 2.096097216010094 0.5754019469022751 0 0.1767969131469727 0.1551894843578339 0 0.1738126873970032 0.3416161388158798 0 0.1152377352118492 14.23369063436985 0.1589702069759369 0 0.1260390877723694 0 0.2845563590526581 0 0.1375110149383545 1.467081107199192 2.058910727500916 6.579461373388767 36.81485518813133 5.424451038241386 4.140773005783558 0.302621066570282 0.1073051691055298 0.4149496555328369 22.00605484098196 0.4638588950037956 0 0.213451199233532 0.4450258016586304 0.493232361972332 0.9819885194301605 2.781663596630096 0.9687925577163696 0 8.01635666936636 3.317798741161823 8.213076919317245 14.54237958788872 2.68872806429863 0.1727154403924942 110.942589238286 0.1114214956760406 1.946064114570618 2.267316676676273 0 0.1082585826516151 0.3422098085284233 0.1270207762718201 0 0 0 0 0 1.666542045772076 0.433689221739769 0 6.816075593233109 0 0 0.6789364814758301 9.895923987030983 0.5584781169891357 0 0.3387155532836914 0.334035836160183 0 9.161713093519211 0.3594614490866661 2.944480963051319 6.211648657917976 4.283707536756992 1.597137942910194 6.551858261227608 9.365193694829941 7.85345035046339 1.829891204833984 0.1033199951052666 0.1512874662876129 0 0 0 0 0 0 0 0 0 0 0 0 0 0 0.4724957793951035 0 0 0.6907769739627838 0 0 0 0 2.369977958500385 0 3.370692081749439 0.7391008883714676 0.3646111935377121 0 0 0 0 0 0 0 0 0.5122197195887566 0 0 0 0.1485278457403183 0 0 0 0 0.3622342646121979 0 0 0.1169081479310989 0 1.366085395216942 0.1340849846601486 0 0.1205238774418831 0.09823039174079895 0 0 0 0 0 4.468225099146366 0 0 0 0 1.798702567815781 0 0.7617464810609818 0 0.5227319002151489 0 0 0 0 0 0 0 0 0 0 0 3.507946215569973 1.026368580758572 3.879028655588627 68.30334056168795 2.962113544344902 61.37869963794947 6.989299803972244 25.69495569169521 9.233033716678619 0.908708468079567 3.157319024205208 10.52009395509958 0 0.6924277693033218 0.1108191981911659 11.42465014010668 0 0 0 0 0.1023620143532753 19.41807594150305 3.557968400418758
1244.973850987852 1336.886458277702 5.17423553019762 744.7566755115986 25.57102039456367 693.2626451030374 2332.74893437326 0.1277279108762741 5.196762219071388 574.0258077383041 7.332963958382607 1468.390595853329 5255.70975317806 166.3998542428017 2.289359353482723 0.1136463657021523 0.1264938563108444 0 0 0 0 0 0.1147729903459549 0 0 0.1540267914533615 0 0 0 0 54.23589082807302 3.163107238709927 3.450810953974724 0 0 0 3.670835614204407 0 0.2319387644529343 0.166222482919693 0 0 0.1046229004859924 0 0.1124102249741554 0.3575883284211159 7.775327585637569 0 0 0.1354929208755493 0.3013357222080231 0 0 0 4.805017665028572 5.05391101539135 55.57462148368359 69.22398933023214 13.6449443846941 2.868566818535328 0 1.584695681929588 0 3.888583183288574 0.6921640709042549 0.2838170006871223 0.1226954534649849 0 0 0.1365911066532135 25.39825943112373 2.759599819779396 0 15.63062124699354 1.866961732506752 2.632889166474342 3.23206976801157 1.190704338252544 0 0.2626485079526901 0 0.4112550616264343 2.791445791721344 0 0.3031063377857208 0.4415789172053337 0.1088798716664314 0 0 0 0.2947741597890854 0 0.2425190731883049 0 0.2767922282218933 128.5496687814593 0.7826983481645584 0 0 601.1838691756129 1.341710709035397 93.95468635857105 23.38395151495934 111.6543751209974 0.4679484218358994 91.13019885867834 170.6509111225605 40.1124762147665 87.0104653686285 37.59332031011581 3.960746712982655 50.41786452382803 148.4872368946671 69.83952648192644 14.58389127254486 0 0.2341622561216354 0 0 0 0 0 0 0 0 0.2578504681587219 0.4374915063381195 0 0 0 0 0.2585490494966507 0 0 1.772017538547516 0.8701135814189911 0 0 0 8.682368770241737 0.2492442354559898 7.66136109828949 1.083467036485672 1.510834567248821 0 0 0 0.1175924092531204 0.6725642085075378 0.1467368006706238 0 0.1317932456731796 0 0 0 0 0.3389532789587975 0.3732315897941589 0 0 0.9294444099068642 0.7824566885828972 0.7065961137413979 1.446067549288273 0 0 3.809596702456474 1.201223358511925 0.1715334802865982 0 0 0 0 0 0 0 11.84264080971479 0 0 0 0.139054536819458 11.01866240054369 2.653979033231735 7.429545976221561 1.357399895787239 0.5101441442966461 0.5385176762938499 0.9245969653129578 0 0 0 0 0 0.6556017994880676 0 0 0 15.64869383722544 1.383071318268776 6.274801172316074 393.1784666925669 2.092991814017296 40.15428669005632 3.720514215528965 495.2653129324317 6.394518867135048 0.7095415517687798 1.445182889699936 70.17925663292408 0.3550844490528107 0.7585083320736885 0.2647989392280579 107.2531481087208 0.5315302759408951 0.5261296257376671 0.2777649536728859 0.531547024846077 0 400.1393182873726 37.61604642122984
272.0991804003716 1215.675130240619 1817.789605937898 2.837465055286884 403.4393593370914 0.8880021870136261 413.2624862417579 948.306989595294 896.3622144311666 7.332963958382607 406.158684104681 29.91236925125122 1244.368209190667 2384.795802846551 31.890011921525 7.339128471910954 1.50937132537365 1.210042700171471 0 5.362707048654556 14.61802548915148 0.3276983648538589 19.30429276078939 9.421080529689789 1.995656438171864 11.22722652554512 3.689521223306656 6.598191887140274 1.355645269155502 0.2795001268386841 1647.069358929992 75.97660431265831 195.0643839761615 3.005139239132404 5.328977972269058 2.753670692443848 78.54733128100634 15.23535232245922 5.300091572105885 3.477560855448246 10.19747670739889 1.21330252289772 0.9627612829208374 1.315075621008873 1.828108221292496 2.320461586117744 40.88875089585781 0.1106240823864937 0.931242011487484 0.4473192244768143 4.386354424059391 1.482070833444595 0.7470651641488075 0.71782486140728 2.071283161640167 4.464401789009571 14.55193517357111 187.8566896617413 12.44088850170374 8.436784438788891 4.070672519505024 2.585324645042419 2.989867329597473 44.13533624261618 2.278620570898056 3.331231653690338 8.114029362797737 3.375318452715874 5.842988558113575 6.028728015720844 31.54332464933395 1.6642677038908 0.1603951007127762 18.04739218950272 7.297004193067551 25.6650932058692 56.34575934708118 9.266283005475998 2.023959770798683 170.5900365337729 0.3736356347799301 14.59172056615353 5.575042396783829 0.2413730695843697 1.082536436617374 3.40070978552103 3.206833943724632 0.1094077825546265 0.6738281100988388 0.1248778328299522 1.609271101653576 0 32.52887409925461 6.911472663283348 0.6677577272057533 16.61486069858074 1.611605808138847 0 3.37655970454216 154.9563638940454 0.08127842843532562 0.29686439037323 0 0.130782887339592 0 3.085119403898716 0 1.32532000541687 0.5006600692868233 0.2797255218029022 0.7933780997991562 2.126576527953148 2.262393273413181 3.693434923887253 2.892220050096512 0.1334368288516998 0.5300305336713791 0 0.3352951034903526 0 0 0 0 0.1364814639091492 0.1017773225903511 2.110377609729767 0 0 0 0.0905660018324852 0 1.547808304429054 0.1144846007227898 0 0.1003913283348083 0.3382544368505478 0.6071183905005455 0.4365494474768639 0.3784508928656578 4.676316402852535 0 3.83896254748106 3.880873195827007 1.927972249686718 1.487880572676659 0.2411398887634277 0 0 1.603603027760983 1.045773163437843 0 0 0.3671783804893494 0 0.1363959610462189 0 1.975754976272583 3.709533631801605 0 0.1984993666410446 0 0.1430431455373764 0.4585847109556198 0 0.5066964849829674 0.4648299589753151 2.083043336868286 0.1892525106668472 0.214755192399025 0 0 0.5148338079452515 0 0 0 0.8543562665581703 3.995918221771717 0.7578103914856911 0 0 0 1.372784540057182 0.2947153002023697 2.305356279015541 0 0.6759788691997528 0.4883776754140854 0 0.4862528964877129 0.1745854243636131 0 0 0 0 0 0.3720423057675362 0.1082053855061531 0.5479980632662773 5.245873734354973 5.893648840487003 136.579109326005 7.904998935759068 150.6029639989138 23.82244535535574 32.87286128848791 20.43064548075199 1.612427547574043 7.169773921370506 3.715224705636501 0.4858958423137665 0.6394501477479935 0.1055620834231377 2.017131872475147 0 0.1609389632940292 0.2530737519264221 1.794504918158054 0 20.97269897162914 1.736854359507561
621.9766868129373 58.31973963230848 5.150773882865906 1714.156879112124 5.345805048942566 279.6481208056211 229.6935089081526 1.648138910531998 2.496622577309608 1468.390595853329 29.91236925125122 144.713923111558 1047.362405262887 149.6274717450142 18.39031946659088 4.34780290722847 2.003026783466339 1.222888380289078 0.1132919788360596 0.6000058948993683 3.105500683188438 1.530711218714714 1.598306760191917 0.3750096410512924 0.6272580921649933 1.712950706481934 0.693418562412262 2.809803336858749 2.142416790127754 0.2172424793243408 25.18120409548283 5.766724035143852 30.43353389203548 2.106732457876205 1.340106770396233 0 99.41444110870361 4.023995518684387 3.631325431168079 1.629401311278343 3.625141113996506 0.3081049025058746 0 1.441844865679741 1.406137183308601 3.574929751455784 21.80119416117668 0 1.064173646271229 0.31982421875 1.708100989460945 3.594543069601059 7.834691286087036 2.23339331895113 0.9705148786306381 0.8165170699357986 8.8257712200284 12.89426114410162 2.888132885098457 1.858062542974949 0.5724741965532303 1.466126382350922 3.046750284731388 5.296832345426083 0.3223658427596092 0.1724426448345184 1.035940557718277 0.5762630552053452 1.474039539694786 2.763843670487404 87.18729513138533 16.95022996515036 1.272043384611607 4.324753351509571 2.276313729584217 9.639922000467777 13.21115455776453 0.9594839811325073 0 8.618664763867855 0.7432336434721947 2.048260703682899 0.8245230466127396 0.4869834184646606 0 0.4029558598995209 0 1.114583499729633 0.5351938158273697 2.513101637363434 0.6827587187290192 0.2629410028457642 3.950408913195133 1.596661865711212 1.072747677564621 683.9210629165173 6.608962059020996 1.035597681999207 4.974594414234161 101.0874355137348 0.9146136939525604 1.374399751424789 3.894746281206608 46.72567141056061 0.4257004261016846 26.52654572576284 1.958453387022018 24.82491525262594 27.75752285867929 15.27678115665913 2.330436252057552 31.82129161059856 51.13466937839985 48.62292154878378 23.62677931040525 1.860680811107159 1.316842272877693 0.1272236704826355 0.2498034313321114 0 0 0 0 0.21514031291008 0 0.8772351890802383 0.1216512843966484 0.385844312608242 0 1.287567742168903 0 1.810669809579849 0.1065178513526917 0.1040282696485519 1.823587782680988 0 0.1255340576171875 0.430313266813755 0.256598174571991 20.03715559840202 0.2361765801906586 17.00963149964809 5.851268358528614 3.598436206579208 0.1362923383712769 0.92821354418993 0.2693995535373688 0 2.760984301567078 1.834730207920074 0 0.4939625486731529 1.025111921131611 0 0 0 3.613626651465893 0.6675120070576668 0 0 0 1.305149435997009 0.5170183926820755 0.2842695415019989 0 0.120194137096405 8.130937576293945 0.9475798383355141 0 0.112218827009201 0 0 0.1549887806177139 0 0.09495259821414948 0.1851677596569061 26.77694441378117 2.86464574187994 0 0 0.1164121627807617 18.59618847817183 1.980344772338867 12.52397448569536 0.7000942379236221 1.316420763731003 0.9358572661876678 0.307544082403183 1.122076727449894 0.1140214577317238 0 0.1155894622206688 0 0 0 0 0.2958092540502548 20.28602112829685 10.07833397388458 20.84151442348957 201.8772046044469 3.734410554170609 68.04649840295315 19.91361419856548 105.6580009311438 8.720624037086964 0 8.011076137423515 37.36010967940092 0 3.527458406984806 2.045913174748421 44.23779360949993 0.1634099185466766 0.111866258084774 0.2770845293998718 1.448125891387463 0 418.3869552314281 30.76763273775578
454.1860844567418 1124.996062941849 85.13742975145578 1713.278596885502 318.6138633713126 233.7949725165963 2711.768561936915 12.61534258723259 668.3304975032806 5255.70975317806 1244.368209190667 1047.362405262887 1125.574869915843 5713.169005155563 99.58349318802357 20.98423267155886 6.172447495162487 4.967853359878063 1.162630945444107 4.361427843570709 19.85827089101076 7.609129920601845 6.745526447892189 5.397234097123146 6.170222699642181 13.71217360347509 2.248412065207958 11.95304150879383 8.274748161435127 1.043426930904388 83.78197571635246 26.49993304908276 633.0806130096316 6.454822286963463 6.517688326537609 2.174434199929237 734.5543783009052 34.3631786853075 35.50972761958838 5.448785208165646 15.85945964604616 2.882549285888672 1.992547012865543 5.816108331084251 4.01371555775404 11.63128893822432 142.6328212246299 1.110149070620537 1.834527254104614 1.423055477440357 5.931335397064686 9.432575814425945 12.39588144421577 9.908869050443172 3.790948964655399 6.005183063447475 36.04366721212864 55.19338912516832 22.76138092577457 19.20895627886057 1.894802190363407 9.259947150945663 7.268778949975967 40.19711876660585 1.941909641027451 2.647154688835144 10.38582754135132 4.325024358928204 4.34518001973629 9.095526866614819 314.425275079906 35.69222126156092 1.550084389746189 27.54093603044748 5.797788672149181 66.5428174212575 116.5938864797354 16.89395613223314 1.696713447570801 195.0471366718411 1.422805346548557 27.12644405663013 8.159955278038979 0.6935354471206665 0.5137893781065941 4.603399738669395 0.4948788732290268 1.778592146933079 2.110959731042385 3.223690286278725 1.968165926635265 1.669415734708309 35.67491149157286 9.794376753270626 6.20817606151104 2021.319554269314 16.06166531890631 2.214990139007568 16.20107707381248 106.1074331402779 2.391777917742729 6.308289416134357 14.24037501215935 37.00728350132704 1.935932047665119 179.9514399543405 16.48407194763422 113.1974073946476 151.2981480583549 92.89388413727283 17.4633130505681 196.0723605826497 269.8209604024887 251.2866919636726 113.8941247239709 3.554761685431004 6.047398239374161 0 1.849856786429882 0 0 0.6330300867557526 0 1.582322768867016 0.1512825191020966 1.997645944356918 0.6485777944326401 0.9734924733638763 0.5827667415142059 3.265092015266418 0.6465428993105888 4.498850427567959 1.139365091919899 1.781879909336567 10.33478413522243 1.985299549996853 0.1996745988726616 1.485074333846569 0.7516533732414246 92.97701811045408 1.415989354252815 71.10479266941547 24.9286767244339 12.5708499327302 1.848882853984833 0 0.1986548155546188 0.224839098751545 8.125655516982079 5.3274797052145 0.4040255546569824 1.589638017117977 1.557617284357548 0 0.2887906432151794 0.2041574865579605 11.18770232051611 7.494204632937908 0.6859083250164986 0.1978680342435837 0.8561559543013573 4.970222227275372 5.020138718187809 0.8283956795930862 4.033747561275959 0.9922547489404678 38.2671309709549 5.063272252678871 0.7453794702887535 0.6010254696011543 0.1991742104291916 0.1998402550816536 0.3013221994042397 0.446276880800724 0.680836409330368 0.8849407136440277 128.3713263720274 4.994668386876583 0.1059396043419838 0 0.9992503672838211 82.50920266658068 12.26863063871861 55.19339563697577 2.725613407790661 6.143630750477314 3.848456084728241 1.447962395846844 3.979459911584854 0.1942150220274925 0 0 0 0 0 0.3424908816814423 0 94.69025597721338 47.1884491071105 88.70627516508102 1012.782189883292 29.53783539682627 474.1427606493235 118.7534058764577 272.0224133506417 72.71182042360306 6.86967471987009 68.89119634777308 189.1479848325253 3.902659088373184 13.65706980228424 3.173010408878326 213.4812492653728 1.158485077321529 2.299480602145195 2.05703017860651 11.57892587780952 1.585153728723526 1159.668144382536 146.4181125238538
