189.2444519996643 1433.842146001756 291.224643535912 2073.125860072672 185.2313460409641 78.23804867267609 465.0557614862919 10.09034886211157 8.372772358357906 747.7493635043502 12.0544311851263 1.37489976733923 26.49794328957796 14.04573380202055 1.675536602735519 0.8664999231696129 0.1223858743906021 0 0 0 0 0 0 0 0 0 0 0 0 0 111.3113608136773 0.9726607650518417 0 0 0 0 0 0 0 0 0.1223999559879303 0 0 0 0 0 6.632893025875092 0.1173606887459755 0 0 0 0 0 0 1.219676904380322 3.462455213069916 187.6775845140219 484.051367752254 22.36380367726088 6.330216370522976 0.6462626382708549 0 0 14.16006840020418 1.076667070388794 0.3111319094896317 0 0.0860806331038475 0.1082686185836792 0 1.225663602352142 2.992141306400299 0.1799889653921127 23.43619895726442 10.76243596524 3.559348791837692 1.361532367765903 0.3164364546537399 0.1557939052581787 2.497344449162483 0 0 1.747181825339794 0 0.4525065869092941 0.2928438037633896 0.2324900552630424 0 0 0.1478174775838852 0 0.1560710966587067 0 0 0 12.32002529501915 0.2960971295833588 0 0.3791082203388214 810.3665743470192 2.122414708137512 1.621719598770142 8.456814900040627 14.81401723623276 5.190812058746815 6.723556622862816 28.4642663449049 7.749417826533318 9.527055338025093 21.95619725435972 9.136556208133698 7.486030444502831 10.98261348903179 9.384975828230381 4.489475876092911 0.3802342265844345 0 0 0 0 0 0 0 0 0 0 0 0 0 0 0 0 0 0 1.23613141477108 1.957766532897949 0 0 0 4.029382556676865 0 1.440437167882919 0.3185034990310669 0 0 0 0 0 0 0 0 1.327080368995667 1.136222511529922 0 0.5897789597511292 0 0 0 0 0.4718685150146484 0 0.4575536549091339 0.359027199447155 0 0 0 4.847021535038948 0 0 0 0 0 0 0 0 0 2.298578277230263 0 0 0 0 4.755524829030037 0 4.387679427862167 1.782387226819992 1.167770721018314 0 0 0 0 0.1842643618583679 0 0 0 0 0 0 2.408456563949585 0.6515978127717972 0.1341061294078827 274.4203445911407 0.6269649267196655 30.62547728419304 8.23177582770586 823.0803928896785 4.091801948845387 0.5986883640289307 0.2400813698768616 0.6392000615596771 0 0.7903203219175339 0.1928513199090958 17.09158292412758 0 0 0.5309262275695801 0 0 333.96784863621 2.944105938076973
1433.842146001756 770.1114371493459 749.9019650369883 496.6345097348094 2172.708302743733 79.0629348680377 2443.689389638603 117.9353464618325 789.0681471079588 1184.066676065326 552.824819304049 49.67845836281776 1123.972716853023 584.9126543030143 33.6487003415823 18.578961327672 1.659279853105545 0.3566715642809868 0.2091399058699608 0.09838711470365524 0.6594521775841713 0 0.2531009092926979 0.3510122150182724 0.5763018280267715 0.3329691588878632 0.4533271789550781 0.151561051607132 0 0 1092.669110804796 32.45901451259851 5.282664589583874 0.1199810281395912 0 0.3055159151554108 0.8955659568309784 1.460316605865955 0.6759832724928856 0.296515479683876 0 0.1528439819812775 0.2790018245577812 0.4773249998688698 0.7907708436250687 0.9339601024985313 134.8052454814315 3.730137169361115 0.4480439200997353 0.726306177675724 0.5188719183206558 0 0.5498910993337631 0.3779020830988884 13.00311048328876 32.65520498156548 346.5132699683309 1163.631567433476 133.7991513833404 75.28776419907808 0.08653981983661652 1.185382641851902 0 93.19060069322586 8.336980409920216 4.842436648905277 0.6184351295232773 1.063601270318031 0.9208182319998741 0.1030134260654449 3.400391586124897 2.71906678378582 0 227.3509304448962 94.38721562922001 80.01216896623373 20.54878168553114 10.61896307021379 2.676047645509243 30.61170165985823 0.3999078497290611 4.20094433426857 33.4038722962141 0.5038036406040192 5.407950066030025 11.56472596526146 0.7163951843976974 1.119453027844429 1.785388134419918 0.1026611328125 0 0.7482014521956444 2.753920592367649 0.4343209192156792 0.3776260763406754 20.51384153962135 4.240554377436638 0 1.324577510356903 1747.478947050869 3.167527087032795 0.184121273458004 17.33357481658459 7.572001025080681 26.09732490032911 32.0023897215724 59.73793751001358 23.37584736943245 16.8554957062006 54.03451516479254 36.05186358839273 21.47972806543112 47.72542586177588 42.47395504266024 19.29600936919451 0.2266969084739685 3.129157491028309 0 0 0 0 0 0 0 0 0 0 0.482131764292717 0 0 0.6113002598285675 0 0.2501101791858673 0 10.91446323692799 7.447243213653564 0 1.222291827201843 0 10.88378243148327 1.022245645523071 9.311688505113125 0.8711966127157211 2.259546503424644 0 0 0 0 1.317149922251701 0.8746375292539597 0 0.836920827627182 1.486332789063454 0 0 0 0.6912082433700562 0.09692145138978958 0.09288650751113892 1.168703556060791 0.09833420813083649 0.2630152702331543 2.495403632521629 0.3769991993904114 1.379195034503937 0.7760676145553589 26.89358951896429 5.848937630653381 0.3078856468200684 0 0 0 0 0.1007948070764542 0 0 9.213381431996822 1.332141488790512 0 0.1392394155263901 0.140374630689621 24.75069583207369 0 10.90711712837219 3.292271763086319 0.7430520504713058 1.18755230307579 1.308251142501831 0 0 0.09123610705137253 0 0 0.09706943482160568 0 0 0 4.584640890359879 3.98042120039463 4.827015496790409 447.1628835201263 7.911746509373188 379.5649877488613 73.8954967930913 785.5927529633045 17.67318803071976 3.090524688363075 21.43441070616245 19.04201780259609 0 8.565905146300793 0.3230230361223221 27.45520494878292 0 0.4387876987457275 0 3.288352981209755 0 357.4912612661719 20.33800784498453
291.224643535912 749.9019650369883 994.0911981463432 12.28475643694401 1036.376449435949 8.426322616636753 97.69348039478064 2421.170883886516 742.1024219319224 484.9643425494432 2095.191353157163 8.284406051039696 249.9828145056963 927.5062671601772 123.6557306498289 73.41492735594511 5.766057804226875 2.312978439033031 1.504587680101395 3.59059426933527 6.628585815429688 0.3668051362037659 6.823221184313297 3.789893053472042 7.453838013112545 0.4043750315904617 3.871342770755291 1.697708800435066 0.4471867680549622 1.531383521854877 2583.642369411886 462.2909158840775 33.71187924593687 3.443817600607872 7.807638734579086 10.30006014555693 11.62805519253016 13.49537768214941 4.835163697600365 5.142578527331352 3.70904203504324 3.866364277899265 4.472554206848145 2.607681430876255 5.247874639928341 3.578383959829807 202.9086032658815 5.604842089116573 3.534236401319504 8.396001175045967 8.507376722991467 1.363647699356079 3.227921664714813 0.9542829990386963 12.94526024162769 32.83606500923634 250.7439051046968 936.9988061413169 140.5392743647099 84.43838690966368 2.330771632492542 19.38067252188921 0.9112516343593597 302.1159317791462 8.426693916320801 4.601969450712204 8.232103429734707 10.21522293239832 32.50343867391348 9.774340838193893 14.21620582789183 21.58863671123981 0.1457360535860062 239.8924719691277 172.9697766155005 150.0890762135386 82.74534015357494 45.97043760120869 39.28151778876781 856.9049348533154 1.167908199131489 183.8265211284161 31.31315263360739 0.5726695135235786 8.609055146574974 14.70393568277359 5.867280766367912 1.4441172555089 5.5754279717803 1.113931991159916 4.400251612067223 5.176989667117596 37.0328106880188 7.99769227206707 6.34962647408247 58.6794225871563 43.72603392601013 1.73738032579422 8.692967087030411 595.8918451666832 5.008927762508392 2.701923102140427 16.5004884749651 3.195606887340546 35.48048621416092 15.95268469303846 30.31456430256367 26.08947253972292 17.79763600230217 71.52157805860043 93.09353869408369 36.76737942546606 73.31986579298973 86.84647050499916 49.13193147629499 2.294919386506081 2.634188801050186 0.5136264711618423 1.915632642805576 0 0 0 0 0 0.5812341272830963 0.4041850119829178 0 1.161040335893631 4.525791004300117 0.1127956882119179 6.378830507397652 1.234316252171993 0.9458300471305847 0.1169677153229713 24.26489475369453 18.19166242331266 0.1271907985210419 1.82857409119606 1.923089906573296 43.5325967296958 5.863729402422905 39.56447738409042 7.490627281367779 14.29773351550102 0.5859529450535774 1.511479571461678 0.5434558540582657 0.5522245764732361 5.675151020288467 4.954054392874241 0.2806901633739471 4.116514481604099 6.826334722340107 0 0 0.1512124389410019 2.243794679641724 1.485383436083794 0.74090875685215 1.72422993928194 0.2117336392402649 3.978923790156841 2.595132321119308 0 6.082811325788498 1.06856182962656 93.65318486839533 3.202101849019527 0 1.281220644712448 0.260185033082962 0.2938498556613922 0 0.5572585612535477 0 0 43.31144186854362 12.75505739450455 1.543541491031647 0 0.9015753120183945 86.6166966855526 4.001707032322884 42.91037672758102 8.343348279595375 4.309672087430954 5.225626885890961 0.9370907694101334 1.964163035154343 0 0.1111317649483681 0.3240230232477188 0 0.4090895056724548 0.5619367361068726 0.3292040601372719 0 9.551712140440941 24.3354509472847 32.85994835942984 821.533701531589 15.91800045222044 506.8301131948829 139.0778514817357 143.2623187974095 22.00007078796625 5.126929990947247 42.98808501660824 33.62244448810816 0.1786241978406906 11.64640790969133 6.114743761718273 19.97541491687298 0.564596027135849 4.337265640497208 1.193627178668976 18.15888880938292 1.165399372577667 201.2863886132836 63.59480708837509
2073.125860072672 496.6345097348094 12.28475643694401 692.0998736917973 111.2694809436798 1271.858328416944 1717.151720248163 1.562570482492447 44.99688157439232 3215.056703284383 1.269360512495041 16.22919689118862 200.1710616201162 24.14719016849995 4.197529815137386 1.853374890983105 0.2577106058597565 0 0 0 0 0 0 0 0 0 0 0 0 0 31.21917348355055 2.078296758234501 0 0 0 0 0 0 0 0 0 0 0 0 0 0.1038972213864326 20.77014970779419 0.4372858256101608 0 0.08519612997770309 0 0 0 0 1.319262318313122 2.275838658213615 78.98730354756117 212.3343054279685 16.53924188017845 6.419883340597153 0 0 0 9.207513019442558 0.6877145543694496 0.9328504055738449 0.1257065236568451 0 0.1266004890203476 0 0.3421033620834351 1.005140423774719 0 28.75431659072638 9.342992924153805 6.936608463525772 2.024720624089241 0.5935643762350082 0.1535452455282211 0.2000395953655243 0 0.1475779712200165 3.563818745315075 0.1126849055290222 0.9592003226280212 1.166529908776283 0 0 0.2378985732793808 0 0 0 0 0 0.4614090919494629 13.73168250918388 2.223142951726913 0 0 770.1128639057279 1.103646606206894 5.443735286593437 11.7121534049511 8.93177804350853 12.6595259308815 10.69455699622631 58.51867283880711 8.892476610839367 12.01421543210745 37.44935923814774 14.20916955173016 11.99229119718075 16.38144034147263 14.83665166795254 5.158747732639313 0 0 0 0 0 0 0 0 0 0 0 0 0 0 0 0 0 0 0 3.191020041704178 2.627577513456345 0 0 0 2.190616756677628 0 1.430734574794769 0.595270574092865 0.2190627604722977 0 0 0 0 0 0 0 1.035032868385315 1.498521119356155 0 0 0 0 0 0 0 0 0 1.825516387820244 0 0 0 9.877838686108589 0 0 0 0 0 0 0 0 0 2.532623201608658 1.006433725357056 0 0 0 8.696819663047791 0 3.403329700231552 1.565664172172546 0.2700242251157761 0 0.2331700623035431 0 0 0.08704885840415955 0 0 0 0 0 0 2.869614407420158 0 2.334394812583923 181.167214743793 0.7678304463624954 52.0633140206337 7.991965748369694 607.1373036727309 3.935441367328167 0.1138720214366913 4.978327065706253 1.263987883925438 0.3248911798000336 2.251759991049767 0 13.34111347794533 0 0 0 0 0 379.1913353055716 5.627153113484383
185.2313460409641 2172.708302743733 1036.376449435949 111.2694809436798 1257.37916457653 9.259379215538502 1142.236520163715 64.06345590949059 3060.661656796932 666.220637217164 1366.61034565419 57.30367365479469 1172.272196896374 672.0205871164799 52.27896121889353 21.84405099600554 0.3757739812135696 0.2627464532852173 0.464529924094677 0.4001917615532875 0 0 0.1360135227441788 0 0.1111097857356071 0 0.3215784728527069 0 0 0 234.3725233450532 62.15164272487164 0.8975948691368103 0.107981450855732 0.3668226003646851 0.2197679579257965 1.677025213837624 0.1133535355329514 0.7538575008511543 0.3533625975251198 0.2512588873505592 0.1544086784124374 0.3473451733589172 0.3316308930516243 0.2924285754561424 0.1866896077990532 162.1342849805951 3.062443614006042 1.101945392787457 0.6292265653610229 0.09273228794336319 0.2512343525886536 0.2845391929149628 0.09003561735153198 10.53420063853264 22.77477770298719 124.8833255171776 239.9800742417574 78.18292257934809 66.6668945401907 0.2377100810408592 0.5858812928199768 0 81.15134324878454 6.946159183979034 3.797911383211613 1.014585666358471 1.04455553740263 1.816677182912827 0.6394943371415138 3.751300245523453 2.875438861548901 0 140.2501304075122 68.22344610095024 116.4662355259061 32.45832566916943 8.524772763252258 2.128863662481308 6.258847191929817 0.09156152606010437 4.864592395722866 28.12554877996445 0.7297909110784531 4.760979376733303 7.749873287975788 0.2572947517037392 0.09550328552722931 1.263052903115749 0.2894274294376373 0.2830625027418137 0.1681274622678757 2.467726320028305 0.7183542624115944 0.124989427626133 20.1875840947032 6.14117693901062 0 0.7611168622970581 86.85515838861465 4.310090780258179 0.9060527086257935 10.52225472033024 5.140085339546204 14.90777896344662 8.228384956717491 24.45369040966034 10.39284493029118 11.2045835852623 28.93852014094591 34.2693185955286 23.63980849087238 32.30428195744753 30.52384375035763 13.42965016514063 0.7345356941223145 0 0 0.19228295981884 0 0 0 0 0 0 0 0 0 0.3565403521060944 0 0 0.09559004008769989 0 0.2318053394556046 6.57807981967926 4.869168236851692 0 0 0 10.93551892787218 1.139784157276154 9.507216468453407 1.768659263849258 1.108826085925102 0.1330619305372238 0.6170971393585205 0 0 1.556455850601196 1.307068601250648 0 1.954758197069168 1.981736168265343 0 0 0 0.116373136639595 0 0.1795987039804459 0.3628190159797668 0.09093446284532547 1.87209515273571 1.567589342594147 0 2.371428966522217 0 25.1187125146389 0.1586183905601501 0.2400876581668854 0 0 0 0 0 0 0 8.805688634514809 1.966027766466141 0 0 0.09832963347434998 20.61205536872149 0.6701851189136505 7.997787714004517 2.493231102824211 1.355611056089401 0.4564987197518349 0 0.1150200515985489 0 0.2909818813204765 0 0 0.09073461592197418 0 0 0 2.509782940149307 3.165826439857483 2.250134624540806 455.8018386662006 10.65299924463034 378.4385769441724 63.33697523921728 156.7998337224126 17.38633576780558 1.221515186131001 34.12702899426222 9.392626568675041 0.2035917341709137 8.553793102502823 1.597395561635494 5.037559822201729 0 0.3421624004840851 0.2039700597524643 2.624828450381756 0 159.8662915155292 17.68408015370369
78.23804867267609 79.0629348680377 8.426322616636753 1271.858328416944 9.259379215538502 8.229680702090263 119.9721396043897 4.404835566878319 10.33509235084057 1042.417246326804 9.05291049182415 101.4538891687989 98.81936502456665 45.6778854355216 0.9736321493983269 0.8297096490859985 0.1545233875513077 0 0 0.4473300576210022 0 3.537143193185329 0 0 0.3981976211071014 0 0 0 0.3776659518480301 0 8.309963002800941 0.4785284921526909 10.54442071914673 0 0 0 6.625919863581657 0.4650571346282959 0.9132639765739441 0 0 0 0 0 0.3769574165344238 0 2.267971150577068 0.261015310883522 0 0 0 5.242085121572018 8.939443960785866 0 0.3123332262039185 1.061075434088707 300.9450933262706 143.2899512797594 8.494554847478867 1.353516325354576 0.4002105593681335 8.242222920060158 0 0 0.1250445991754532 0 0 0 0.1236358731985092 0 81.20375050604343 439.4856358096004 23.96912121027708 2.616324849426746 0.5199377164244652 0.5757500007748604 0.2291601002216339 0 0 4.805827610194683 0 9.419514045119286 0.1011863946914673 0.9777258932590485 0.3270961567759514 2.424912944436073 0 6.879282504320145 9.946221336722374 17.2096546664834 1.577033072710037 7.256212383508682 0.1663197427988052 0 0.1368318498134613 270.3407024070621 130.5043192058802 49.14149438589811 14.8582444190979 386.1444908082485 0.9876207560300827 0.1476276963949203 9.586852088570595 5.570410549640656 4.302035465836525 5.140812322497368 40.50675155222416 8.388236299157143 7.586227551102638 27.50300469994545 5.426124170422554 7.792091012001038 13.10474973171949 6.213910020887852 5.171986609697342 0 0 0 0 0 0 0 0 0.4449651390314102 0 0 0 0.1167910620570183 0 0.4123761802911758 0 0.9631819128990173 0 0.4574828445911407 3.290951743721962 1.24618948996067 0 0 0.961788222193718 5.252223372459412 0 4.661581441760063 0.5145257562398911 0.5637834817171097 0 0 0 0 0.3083437085151672 0.572152316570282 0 0.2718875259160995 0 0 0 0 0.7804846540093422 0 0.1320796310901642 0 0 0.7503461390733719 0.1445523798465729 0 0 0 10.92257548868656 0.4485392570495605 0 0 0 0 0 0.1445789188146591 0.1291594058275223 0 2.492598935961723 7.281774997711182 0 0 0 7.253206118941307 0 3.261713087558746 1.145904719829559 0.7056060209870338 0.4278525784611702 0.2501104176044464 0 0.1404827237129211 0 0 0 0 0 0 0 2.19282740354538 5.822740390896797 2.906126782298088 17.76373933255672 0.395377479493618 8.64454410970211 1.772105820477009 653.5586745589972 4.532189786434174 0 0 4.215628579258919 0 2.479125887155533 0.8496135473251343 12.76792192459106 0 0 0 0 0 264.1631860136986 24.82280916720629
465.0557614862919 2443.689389638603 97.69348039478064 1717.151720248163 1142.236520163715 119.9721396043897 713.6061135008931 21.44037043303251 1172.013256907463 2781.847520828247 236.130420550704 146.2942963540554 4640.547402024269 618.829295180738 42.08894510567188 18.46361189335585 1.184233866631985 0.1671886816620827 0.3684235960245132 0 0.1313406974077225 0 0.1177928894758224 0.159144788980484 0.2896592020988464 0 0.155937671661377 0.1051623225212097 0 0 114.6152572482824 35.3773285150528 0 0 0 0.6271558552980423 0.7778858616948128 0.2371938228607178 0.8061245679855347 0.2299003824591637 0.2260680347681046 0 0.2821788117289543 0.3546793833374977 0.3286501690745354 0.4906538799405098 131.0867649763823 1.913367703557014 0.1975718960165977 0.8853190541267395 0.4319242462515831 0.1675975173711777 0.1617422252893448 0 7.859479412436485 18.52968289703131 130.2043587043881 229.164746530354 68.55774262547493 51.59440925717354 0.2364068850874901 0.1368856579065323 0 56.04677541553974 6.327335745096207 2.130505785346031 0.6781066209077835 0.8381711915135384 1.200418598949909 0.6585207134485245 8.298573866486549 1.855750054121017 0 113.5740732997656 51.86045844107866 76.95547444373369 21.94578829407692 8.972572818398476 1.822891943156719 2.1939512565732 0.08195430040359497 4.155227571725845 19.17081556469202 1.007673211395741 3.466028541326523 6.187632337212563 1.020671688020229 0 1.194755010306835 0.09335684776306152 0.2301968783140182 0.1303242146968842 0.6860056668519974 0 0 62.54791258275509 3.181412220001221 0 1.611229449510574 197.1323551908135 5.167966581881046 2.177424415946007 40.12558793276548 16.12095667421818 14.92496015876532 89.16300550848246 47.92828793823719 42.89496903866529 16.45847945660353 59.84748758375645 29.06993019580841 30.67031610012054 33.20120853185654 44.46289133280516 13.15898139029741 0.4780831560492516 0.5354348123073578 0.3377497345209122 0 0 0 0 0 0 0 0 0 0.5254026129841805 0.1281797140836716 0 0 0 0 0 12.72340463101864 4.861754283308983 0 0 0 9.736081220209599 1.515917599201202 8.065930128097534 0.7825641259551048 0.9566290527582169 0 0 0 0.1667923778295517 0 1.576959848403931 0 1.538258045911789 5.527877137064934 0 0 0 0.6967467591166496 0 0.2456526234745979 0.3318048715591431 0.2764006704092026 1.94630941003561 2.019779525697231 1.109030291438103 0 0.7250453233718872 23.27724388241768 1.526121184229851 0.1285441070795059 0 0 0 0 0.09568340331315994 0 0.1698347330093384 7.004213139414787 0.3021496534347534 0.2346704304218292 0 0 16.78725057095289 3.52451890707016 7.500605672597885 3.248765289783478 1.221765726804733 1.444520175457001 0 0 0 0 0.09930624067783356 0 0.304538682103157 0 0 0 4.305925026535988 5.349617838859558 8.298365518450737 522.6003399640322 6.083148404955864 332.8533099144697 54.91495409607887 373.8733827248216 16.17353285104036 0.8049630895256996 31.80415814369917 14.04122096300125 0.1091044917702675 7.760078445076942 0.4028575867414474 31.30605912208557 0 2.642580032348633 0.5579908043146133 5.953860878944397 0.1618653386831284 342.5295718163252 19.17134687304497
10.09034886211157 117.9353464618325 2421.170883886516 1.562570482492447 64.06345590949059 4.404835566878319 21.44037043303251 1630.22118768841 289.6382488310337 62.00405232608318 1657.299867793918 4.580937623977661 67.37609038501978 1272.314366012812 156.6261019855738 118.386271096766 15.09126053750515 15.2471519485116 3.788884490728378 24.92773271352053 42.64681941270828 0 30.60865968465805 13.66513381153345 21.67215716838837 2.357071563601494 23.30149148404598 4.889807894825935 0.8695955723524094 2.160831734538078 762.9631122127175 3143.298055686057 116.0769205838442 22.08837423473597 40.56297129392624 44.0906341150403 14.02983274310827 41.43825370073318 8.954446099698544 9.746807582676411 14.67538020759821 11.36650299280882 46.50868058949709 18.39196056127548 27.69842937588692 44.69449507445097 149.6812631636858 16.02536318451166 7.397306084632874 52.12683443725109 23.26060143113136 2.228477954864502 3.28367542475462 3.842488631606102 2.876353152096272 7.514073461294174 51.94751537591219 127.7532827779651 37.11360543966293 41.07966401427984 89.61496658623219 73.79101410508156 15.23616739362478 745.0914830937982 2.209585003554821 2.461191624403 22.12336755543947 34.61653972417116 141.69268514961 66.17073804885149 11.80876760184765 17.90570610761642 2.423931702971458 72.78153277933598 175.4481943771243 136.0656550601125 544.6802382990718 566.6481993049383 1247.44470179826 4277.582779951394 81.18551789969206 1686.546991847456 11.52620629221201 0.4031780138611794 6.014563202857971 15.39690786600113 28.93526981025934 5.098270490765572 7.6391586586833 4.360502138733864 5.926478184759617 14.58387172967196 139.0371942296624 24.32979031652212 10.54980248212814 32.6754494830966 26.3026936724782 2.782239884138107 6.168322034180164 23.25895438343287 2.931498624384403 0.2847355157136917 5.306496664881706 0 7.206586614251137 6.910678580403328 9.283607117831707 6.643939360976219 2.803959727287292 21.89862541854382 26.34818869829178 16.95213340967894 31.86428304761648 24.87356795370579 18.70653267204762 2.42290186882019 4.858697481453419 0 0.8282419890165329 0 0.2822906225919724 0.3291043043136597 0.2640040516853333 0 0.3494773805141449 1.224773749709129 0.5004613175988197 2.592672795057297 3.175228953361511 0.6401505768299103 3.473206713795662 1.342057086527348 0.3294295817613602 0.1150308847427368 8.598687395453453 4.622703082859516 0.4782075881958008 0.9716738611459732 2.667608857154846 19.1203139051795 3.393066048622131 21.32315358519554 13.41688046604395 14.05815726518631 1.733223542571068 0.8223534151911736 0.550696074962616 0 4.02082148194313 5.235055260360241 0 1.92802369594574 3.321727283298969 0.09774385392665863 0.1321608126163483 0.9416077733039856 2.857892945408821 3.252628579735756 0.3285922780632973 0.7794331312179565 0 1.446856528520584 0.4995248317718506 0 4.87812614440918 1.066642373800278 37.45406764745712 0.274328738451004 1.344160482287407 0 0.1050490140914917 0 0.1370807886123657 0.2061855122447014 0.1184333562850952 0.6129653230309486 19.52125259488821 11.02550081163645 0.9331380352377892 0.1301362067461014 0.9305809587240219 27.5399130359292 0.6905267238616943 10.92582136392593 4.766321502625942 3.197375312447548 3.038882620632648 1.330072194337845 2.197298288345337 0 0 0.0907721146941185 0 0.5717960298061371 0.6645200625061989 0.4625656455755234 0.3261868134140968 2.74582776427269 16.68499868363142 28.91359768807888 765.7582555785775 19.89344836771488 413.38959736377 139.0922808274627 38.63410148024559 13.84535131603479 1.151172652840614 32.8291619643569 34.29353282600641 0.2079529315233231 8.017192557454109 3.482101835310459 24.98192712664604 1.038787722587585 0 0.6153510734438896 18.79668548703194 0.7911329865455627 73.91998408734798 22.33857393264771
8.372772358357906 789.0681471079588 742.1024219319224 44.99688157439232 3060.661656796932 10.33509235084057 1172.013256907463 289.6382488310337 975.084577716887 563.2732787877321 1722.329780131578 29.52566675841808 2689.80719615519 1379.711584046483 32.17508068680763 17.65250689536333 1.137968942523003 0.277227059006691 0 0 0.5167973414063454 0 0 0.2432663217186928 0.2629406899213791 0 0 0.1311175674200058 0.2967446148395538 0 58.88024804741144 51.88654379546642 4.260715909302235 0.1190283223986626 0.1648026704788208 0.3562762886285782 3.244805485010147 0.8155627697706223 0.1724299788475037 0.1306764334440231 0.1136432439088821 0.1623352766036987 0.3148369044065475 1.072450987994671 0.09311594069004059 0.1062721982598305 45.93588799238205 0.7620212882757187 0.3610622882843018 0.8360791429877281 0.2076975554227829 0 0.3112750500440598 0 1.977208614349365 4.554089620709419 18.91748015582561 30.88617041707039 16.5000229626894 19.72901808470488 0.3048049286007881 0.7630937844514847 0 27.11450788378716 1.846572384238243 0.8801419660449028 0.2868637070059776 0.7192430943250656 2.072961360216141 0.5335782542824745 4.030111856758595 1.668854162096977 0 24.93798273056746 16.95587792247534 39.76597820967436 13.80936096608639 8.378521300852299 4.68839804828167 23.61005702614784 0 4.609192997217178 6.712510719895363 0.08315006643533707 1.904590897262096 1.857077278196812 0.2451553866267204 0 0.3073245957493782 0.7712788581848145 0.1020397916436195 0.4468577653169632 0.9909137636423111 0.1949386447668076 1.119131684303284 27.96731349825859 6.628886461257935 0 1.134216114878654 5.614666752517223 3.550369508564472 0.9485944360494614 9.575496196746826 6.555780798196793 22.46599835157394 13.47307887673378 34.3950586616993 26.26040831953287 14.09989948570728 45.7485848069191 37.37707895040512 20.00206525623798 54.58136551082134 42.41595891863108 27.54904516786337 0.5211198329925537 1.317094162106514 0.2426468282938004 0 0 0 0 0 0.1106596142053604 0 0 0 0.129662424325943 0.1900604069232941 0 0 0 0 0 11.9470930993557 10.06044968962669 0 0.8901211023330688 0 20.05302404612303 1.155148312449455 16.19633977860212 2.156354293227196 4.215723060071468 0 0 0 0.2334498763084412 2.176882117986679 2.85846047103405 0 0 3.658332452178001 0 0.6880341768264771 0 0 0 0.57707679271698 0 0 1.08256459236145 0 0.8664996176958084 2.881976366043091 0.1006013974547386 35.04981645941734 0.2555745989084244 0 0 0 0 0 0 0 0 12.71589310467243 1.041399836540222 0 0 0 29.28018862009048 0.7504264116287231 12.89647778868675 1.763225749135017 2.425347954034805 2.032968610525131 1.976680248975754 0.6381923630833626 0 0 0 0 0.1173093095421791 0 0 0 3.973849847912788 5.01752495765686 6.274281144142151 262.2116606906056 6.440140925347805 110.4978005066514 29.79547392576933 40.43450453132391 4.08246173709631 1.143795356154442 15.29314039647579 9.821422472596169 0 4.150119766592979 0.8941525220870972 15.02137637138367 0.3016262054443359 0.13184554874897 0 0.8073474615812302 0 101.5420356094837 25.6943896561861
747.7493635043502 1184.066676065326 484.9643425494432 3215.056703284383 666.220637217164 1042.417246326804 2781.847520828247 62.00405232608318 563.2732787877321 4432.120323836803 168.7608200758696 914.5614937022328 5268.056769490242 535.4931994602084 54.95889746397734 31.28958228975534 0.9324754625558853 0.1451515108346939 0.20525923371315 0.2440824657678604 0.4302549511194229 1.126447960734367 0.1991693377494812 0 0.6146146655082703 0 0.2803314104676247 0.9226707965135574 1.843777820467949 0 120.6150066629052 52.88649298995733 18.78441862761974 0.109341986477375 0.6849073618650436 0.3935487121343613 25.66295757889748 1.793720208108425 8.200600266456604 1.428167626261711 0.1528517305850983 0.1501938253641129 0.2696281969547272 0.4270018562674522 0.5076302140951157 0.7299856022000313 69.63590630143881 0.8931312561035156 0.2986553832888603 0.4340888634324074 0.7029410973191261 1.398786798119545 16.65147839486599 0.6500503420829773 3.54271038621664 6.078876011073589 102.8349232673645 128.9217802062631 27.83182976394892 25.70523232966661 0.09399126470088959 1.119802534580231 0 58.97000558674335 2.328927591443062 0.7554501369595528 0.4586203023791313 0.4033437892794609 1.465178273618221 0.1046110987663269 282.7513641566038 28.88592460006475 0 41.05934451520443 20.03800672292709 53.9580552354455 30.37823309749365 28.88115517050028 4.90799643099308 7.159246139228344 0.3430703431367874 9.411308094859123 5.418625004589558 2.73208124935627 1.397130332887173 1.633230984210968 0.6445092260837555 0 0.9248195514082909 1.29910235106945 0 0.7481196522712708 0.591853030025959 0.358213409781456 2.978551238775253 424.2903170436621 392.4478924125433 1.066414386034012 110.351939946413 598.2308916226029 25.77025729417801 16.19908349215984 115.9520180076361 67.97054367512465 111.6863129287958 105.9684563949704 416.24530941993 138.5398723781109 112.0598602890968 338.0560830458999 206.2988624125719 130.1534004434943 241.7158305421472 222.7915499433875 108.8023805171251 2.450112193822861 3.759698018431664 0.5655338764190674 0.1293676644563675 0 0 0 0 0.2810287177562714 0.165826141834259 0.4182461798191071 0.3382126092910767 1.361807480454445 1.062792018055916 0.2443269193172455 2.007049664855003 0.8179248198866844 0.4777260720729828 0.7778483480215073 54.81289163976908 38.4742773398757 1.046111509203911 0 0.9471080601215363 71.3957694247365 6.051240935921669 50.66675555706024 5.145132191479206 12.15912545472383 0.7965537905693054 1.83339200168848 0 0 4.287948101758957 7.107773810625076 0 3.587171837687492 8.764400281012058 0 0 0.9873398244380951 0.8120664283633232 0.5014184415340424 0.102881446480751 4.05227617919445 0 8.408361285924911 7.066588923335075 4.152004234492779 2.914157748222351 0.7409183382987976 153.4458824917674 7.173153281211853 0.8771825134754181 0 0 0 0 0 0 0 47.77186231315136 14.85361306369305 0 0 1.127639725804329 133.0338717997074 4.152503371238708 47.739292293787 13.96000378578901 7.070277370512486 6.566335886716843 1.133837126195431 0 0 0 0 0.204486757516861 0.8782768994569778 0.6609713435173035 0 0 24.74206379055977 18.89295095950365 18.90440929681063 1139.606637947261 11.7316212952137 245.9236255288124 73.8127416074276 713.3240986391902 15.13401262462139 1.282902494072914 57.87002664804459 61.55871507525444 3.660162135958672 37.45161700993776 7.468714416027069 136.9928332716227 0.7199119925498962 0 2.172684654593468 11.35145238041878 0.4496976584196091 1620.46366339922 183.3882099911571
12.0544311851263 552.824819304049 2095.191353157163 1.269360512495041 1366.61034565419 9.05291049182415 236.130420550704 1657.299867793918 1722.329780131578 168.7608200758696 2236.262826673687 60.27571491897106 1357.669975921512 5939.200730830431 154.593518011272 135.7945151999593 12.70379576832056 2.647803016006947 1.783145546913147 4.637154370546341 3.966439038515091 1.836682692170143 3.834090083837509 2.931255109608173 17.31468735635281 3.323463469743729 9.27790080010891 3.558921113610268 2.505571722984314 1.219093628227711 168.2800173163414 145.237316288054 441.810345068574 3.004392974078655 10.63578399270773 36.59866192936897 261.2035805881023 74.93372396379709 23.4439519494772 16.14140332490206 5.144817113876343 8.074312575161457 2.45891535282135 1.695774421095848 4.859628915786743 1.394258469343185 95.70029731839895 3.136893287301064 1.96710492670536 4.088060438632965 9.992205880582333 2.895730324089527 11.59729114174843 4.564075864851475 0.9922804981470108 2.529122941195965 13.2169990837574 31.43038507550955 9.750354938209057 16.98790843784809 0 26.9435061365366 1.164200529456139 77.37936013191938 1.476686269044876 1.084320202469826 9.934647761285305 6.965112216770649 18.50243857502937 8.073826193809509 63.40843420475721 16.73868473619223 0.5892937481403351 19.23107096552849 14.92896270006895 58.23196645081043 32.83750251680613 45.83676864951849 12.60825532674789 2846.438114836812 0.4442452937364578 80.53764572739601 3.909836702048779 0.1040963605046272 1.121405653655529 5.700148068368435 3.322989836335182 1.566400304436684 7.535476200282574 4.105706587433815 6.029902391135693 13.00382351875305 37.24106402695179 13.93181140720844 10.70979196578264 72.42942824959755 23.04392141103745 1.351605132222176 22.94829548895359 24.54453959316015 7.264247484505177 3.794484905898571 14.65597462654114 6.024403437972069 40.54487256705761 16.9235026538372 37.18345224112272 33.50676375627518 8.457240790128708 69.38462505489588 75.79394614696503 38.62712489813566 84.08352656662464 81.15115983784199 50.82256263494492 1.934443682432175 5.195591136813164 0 0.7381829023361206 0.2819018959999084 0 0 0 0.7498736828565598 0.5921133756637573 0.7556377500295639 0.1351354718208313 1.933029696345329 1.438107013702393 0.4474732428789139 2.180964760482311 1.186881206929684 0.4033175557851791 0.2753137052059174 21.98348853737116 18.79983328282833 0.2093948125839233 0.6669524237513542 1.786872357130051 39.61033836752176 4.079033501446247 34.05384054034948 6.543286688625813 10.708256714046 0.3055647760629654 0.2918471470475197 0.370646134018898 0.5025736689567566 6.184293918311596 10.3689629137516 0.7498844861984253 2.631653666496277 5.289493888616562 0 0 0.4179286062717438 1.359642781317234 2.102367378771305 0.7005236744880676 0.1036381125450134 0.08950724452733994 1.163412019610405 1.139829203486443 0.9165023118257523 2.295483395457268 0.5791668817400932 60.58220936357975 4.180065773427486 1.117611169815063 0.5291918069124222 0 0 0 0.3316282629966736 0 0.6004642695188522 31.24889258295298 10.85503376275301 0.894746333360672 0.3698804900050163 1.255066394805908 58.30240669846535 0.3900720775127411 25.33997532725334 6.472746543586254 4.711918190121651 5.994485557079315 1.011803306639194 0.9793298691511154 0 0.1351802945137024 0 0 0.8774487674236298 0.377660870552063 0.1552480310201645 0.1207360550761223 12.26343666017056 16.84258160740137 23.51024771481752 872.787733912468 20.25040023028851 378.4741034656763 165.8624805212021 53.69767713546753 7.649684451520443 1.672942601144314 33.94243897497654 37.3713588938117 0.3973110616207123 13.43651696294546 7.799269504845142 25.06196444481611 0.5107115358114243 0 1.59268581867218 23.72571784257889 1.974428370594978 175.7840359434485 62.19205370545387
1.37489976733923 49.67845836281776 8.284406051039696 16.22919689118862 57.30367365479469 101.4538891687989 146.2942963540554 4.580937623977661 29.52566675841808 914.5614937022328 60.27571491897106 74.80427624285221 1176.348309472203 213.3982384204865 21.86244313418865 14.62739928811789 5.867449022829533 0.351663164794445 1.605287611484528 0.6516813337802887 0.3377752900123596 6.811406701803207 0 0.1492304056882858 8.466072842478752 0 0.2569520771503448 3.402477279305458 11.83852977305651 0.4629497230052948 3.578125268220901 1.417940713465214 115.7116444259882 1.268716171383858 0.8333035260438919 3.449959263205528 502.4364795088768 52.7580847889185 62.22827060520649 20.18485546857119 0.7768047451972961 3.003807574510574 0.2605686858296394 0 0.7917413413524628 1.175903894007206 14.67698744684458 0.3085225373506546 0.7191926836967468 1.002656824886799 1.197895556688309 2.960284486413002 24.41057020425797 7.856049939990044 0 0 7.068936876952648 1.779878474771976 0.7201933413743973 1.352596446871758 0.3529996573925018 17.61027862131596 0 1.707757577300072 0.1103516668081284 0.6280033215880394 0.3733271583914757 0.3728965520858765 0.5617833808064461 0.1522487550973892 524.0870123654604 9.666467264294624 0.9259179681539536 2.381956197321415 1.236660562455654 1.873049966990948 0 0.2703798860311508 0.138467013835907 17.12490256130695 0 11.26672773063183 0.5411706119775772 0 0.08444394171237946 0.3061642348766327 0.3607622310519218 0.6251356676220894 1.369732990860939 1.131652325391769 0.3168586641550064 4.286533251404762 1.016322948038578 2.420642487704754 9.455934122204781 370.4338515251875 142.9226391762495 0 131.4866754412651 44.67769207805395 8.969098836183548 2.236820884048939 19.42326577007771 5.327184408903122 38.90273398160934 21.40349924564362 61.37753704935312 44.6749469563365 21.9415241330862 100.5709582790732 66.85595653951168 46.798603489995 102.8528801575303 95.48044975847006 40.7967431768775 0.3457779362797737 0.260712169110775 0 0 0 0 0.1479587852954865 0 0.3947325944900513 0.2715790569782257 0.3760130405426025 0 0.8102741539478302 0.2580479085445404 0 2.501846507191658 0.9541325941681862 0.6122636422514915 0 21.22424956411123 10.90978626906872 0.1356173902750015 1.242473572492599 2.455556228756905 24.85144682973623 1.159017965197563 11.94952154904604 2.364156492054462 3.17559115588665 0.1935663670301437 0 0 0 0.3623579293489456 0.7199293598532677 0 1.154588125646114 5.542397357523441 0 0 0.4160090982913971 1.19724065810442 0.9669273868203163 0 0.5491115674376488 0 2.068768210709095 2.52883717417717 0.2394374758005142 1.34153389185667 1.49269711971283 36.46258014440536 0.9817341864109039 0 0 0 0 0 0 0 0.1830334812402725 20.68462642282248 9.662950605154037 0 0 0 39.28349917382002 1.150614127516747 17.49270875751972 5.928552389144897 3.284579865634441 1.430827595293522 0.09095852822065353 0.6527217775583267 0 0 0 0 0 0 0 0 14.89026245474815 8.292732268571854 8.523398011922836 271.8540502861142 6.40021900832653 91.14228586107492 36.49173530936241 103.2768487259746 0.8039357364177704 0.4587086290121078 9.055322855710983 10.0067185908556 0 8.354665607213974 1.076710797846317 10.64948929846287 2.389376416802406 0 0.1269676983356476 9.134739674627781 0.1817548871040344 509.6581214666367 79.48818700015545
