241.3924577459693 1632.817301303148 194.2645378522575 298.988404981792 81.79979602247477 133.4001310616732 456.2246570214629 49.98042371869087 13.2505229189992 737.6601885259151 34.4707737416029 231.990285217762 647.601896032691 47.99359483271837 0.6395589411258698 0.3204412907361984 0.2703837901353836 0 0 0 0.332959957420826 0 0.1247305944561958 0.3533440977334976 0 0 0.182977482676506 0 0 0 762.7674330919981 17.24356777966022 3.624930016696453 0 0.3113084882497787 0 2.417098939418793 0.7129395008087158 0.1902026534080505 0 0.1710124760866165 0 0.3877468332648277 0.07977207005023956 0 0.1355740427970886 10.51657472550869 1.981398992240429 0.6038707867264748 0.06583606451749802 0.3484349623322487 0.08907289803028107 0 0 16.5720893368125 33.49640861898661 304.5400490537286 549.3433291837573 61.2523150742054 23.35887023806572 0.7641146332025528 1.3194385394454 0 8.581903994083405 12.63415958732367 7.597393862903118 0.4256114587187767 1.618251353502274 0.3126957789063454 0 9.989459358155727 0 0 359.2182332351804 11.00001563131809 7.309218235313892 1.576609879732132 0.3973496705293655 0.6694977357983589 7.565620727837086 0.6842700764536858 1.891660138964653 17.43063876032829 1.822090864181519 7.567579686641693 9.410981066524982 1.601106032729149 0.08782325685024261 0.2562626004219055 0.3509082272648811 0.1678036153316498 0 0.5899163782596588 0.3493534177541733 0 45.88209404051304 0.896019458770752 0.366247296333313 0.5010401904582977 908.7853135168552 0 1.434866666793823 14.76936370879412 4.414012297987938 3.156392492353916 24.67498549073935 3.59407002478838 15.58737847954035 11.7635882049799 28.59339661896229 4.988288395106792 16.68790285289288 24.6676943525672 7.927012823522091 0 0 0 0 0 0 0 0 0 0 0 0 0 0 0 0 0 0.4119504690170288 0 0 0.7201476618647575 0.3762460350990295 0 0 0 0.3515646159648895 0.8154082894325256 0.4235910773277283 0.3740520253777504 0.2423796951770782 0 0 0 0 0 0 0.1123869270086288 0 0 0 0 0 0 0 0 0 0 0 0 1.151499733328819 0 0.6189550757408142 2.14787220954895 0.1191633194684982 0 0 0 0 0 0 0 0 0.8783024773001671 0.3183005750179291 0 0 0 0.2429499924182892 0 0 0.5201204419136047 0 0 0 0 0 0 0 0 0 0 0 0 5.50797425955534 1.172195911407471 0.3233099281787872 299.4886831268668 6.053220897912979 81.02911823242903 29.18090962618589 931.3655770123005 20.77870926260948 2.300396844744682 2.226756744086742 54.47135088592768 0 0.3017474040389061 0 63.52274160832167 0 1.414234839379787 0.388510063290596 1.121330201625824 0.2335731983184814 249.2957684397697 5.86285226047039
1632.817301303148 1300.214024581015 587.0034701004624 835.5748709589243 1229.986535973847 207.4252958595753 1697.231353387237 1103.98549003154 1225.113989159465 1221.147944688797 1395.205242231488 186.4819335415959 676.4733028337359 1079.521484032273 11.49820291996002 7.203086826950312 0.9440520107746124 0.5267892256379128 0 0.6168813556432724 2.18801161646843 0.2379072159528732 5.694982245564461 2.26738129556179 0.5432781130075455 0.5095527246594429 0.3652006238698959 0.7108143791556358 0 0.1329535245895386 1570.604095853865 104.4360624551773 23.53258036822081 0.3973816409707069 2.178364150226116 0.3039002865552902 9.957238852977753 2.21609241515398 1.159661501646042 0.5856245085597038 1.487738408148289 0.8726198375225067 1.236448682844639 0.7718960493803024 0.08880597352981567 1.189765989780426 112.6206419765949 17.78933116793633 3.603689812123775 1.782348297536373 1.931039974093437 2.039506554603577 0.1208829432725906 0.1149221658706665 65.35545579344034 98.66608849912882 266.742457434535 722.209677696228 81.69302587211132 136.1277490928769 4.799346975982189 4.023928321897984 1.084549024701118 92.01701636612415 59.28728839755058 43.50823522731662 5.223403304815292 12.27832519263029 5.403772994875908 1.40048972517252 30.24271923303604 0 0 934.6025271788239 94.69490471482277 73.13436421379447 20.14390206336975 6.02295259386301 9.106366366147995 114.5358180105686 1.815393216907978 8.055499911308289 80.76361900568008 6.935665957629681 43.26365742087364 37.58503124117851 8.311023309826851 0.7305974140763283 2.106481373310089 0.8588550463318825 1.774763748049736 0.7034407034516335 4.823894627392292 5.475973680615425 1.820419937372208 31.00180488079786 0.2476581782102585 0.247653603553772 2.536639623343945 935.9350127652287 0.134107381105423 4.217699974775314 37.34194676578045 12.05860834568739 8.523662857711315 65.08090082556009 9.308721780776978 61.97126384079456 36.61646626144648 94.95029621571302 30.2632474899292 74.66059316694736 72.30500347912312 44.25294974446297 6.544658251106739 0 0.243693470954895 0 0 0 0 0 0.105185255408287 0 0.1509982645511627 0.2705453932285309 0 0 0 0 0.1867706924676895 0 0.4071216434240341 0 1.498367890715599 3.595610618591309 0 1.246549881994724 0.1115512475371361 4.210636407136917 0 2.046187609434128 0.2824848592281342 0.3610630631446838 0 0 0 0.4748369753360748 0 0 0 0 0 0 0 0 0.2584286630153656 0.1360638290643692 0.319278746843338 0 0.1883985549211502 0.2689071893692017 0.4349193945527077 3.203320659697056 0 0 0.4774865359067917 0.162861555814743 0.159164696931839 0 0.3825719952583313 0 0 0 0 0.3008124679327011 9.097190380096436 0.1421947330236435 0.1125014945864677 0 0.09735147655010223 2.039666824042797 0 1.236032009124756 1.762485690414906 0.818879023194313 0.5170088410377502 0 0 0 0 0 0 0.09162351489067078 0 0 0 23.08955024927855 3.093161836266518 1.811664275825024 955.9099720865488 28.3903067111969 561.0501802787185 153.1059039905667 1158.572177000344 73.38044162839651 4.567453131079674 35.60967994481325 142.5149697288871 0.5037302225828171 1.400068834424019 0.1668625921010971 174.6855392307043 0.2200719863176346 0.1600445359945297 0.9960010349750519 20.02275347709656 2.562491811811924 295.3484694957733 39.15884780138731
194.2645378522575 587.0034701004624 706.3711965307593 2.635780952870846 97.15742336213589 6.780222520232201 9.988314434885979 3712.247024044394 26.93805808573961 4.006829440593719 1571.487679742277 2.352936074137688 4.892916977405548 416.7848538309336 30.98496783524752 21.92772021889687 2.511264868080616 1.435601353645325 0.6428125277161598 4.163164973258972 20.63816100358963 0.1849579662084579 35.53463834524155 26.81672958284616 0.3277269303798676 10.63721903413534 4.396599806845188 0.1499846428632736 0.1472428441047668 1.454971507191658 2827.177662655711 862.7369144931436 49.65059953927994 6.01900476962328 19.59187033027411 0.5902726352214813 7.865796461701393 2.135463662445545 1.224921070039272 0.1001857444643974 14.25017224252224 5.515549100935459 8.142125859856606 2.959528163075447 1.225372850894928 11.87476217746735 180.8575171381235 23.44427959620953 4.493268392980099 8.230151817202568 11.9813282340765 11.16098118573427 0.2621899545192719 0.09904284030199051 41.91045272350311 73.8279439881444 144.3385495692492 698.6056539341807 49.13000646233559 128.6340099200606 31.75251020491123 6.151925422251225 4.622448980808258 159.8880257979035 42.81443810462952 42.29763193055987 7.959862999618053 34.52548576146364 105.8396125361323 23.09998486191034 12.69997633993626 0.7358017861843109 0.1328787207603455 631.5523741692305 114.7244041413069 117.7916408106685 54.81791427731514 18.47380430996418 123.7239786535501 669.2972414493561 44.42184367775917 114.1732561215758 67.22117888182402 4.082137748599052 39.73703781887889 27.7980844900012 19.72576116025448 0.5478428900241852 2.659032829105854 3.031565397977829 6.722930982708931 8.476277261972427 94.88045027852058 55.23433092236519 7.269374005496502 5.367168337106705 0 0 0.8542151004076004 376.5377277731895 0.5232961773872375 0.2226937264204025 2.223791696131229 0.3483993709087372 3.274225749075413 10.25636696815491 0.5478836074471474 5.632038116455078 2.709617003798485 7.162752762436867 9.497410878539085 12.92719266563654 9.172284238040447 8.386877723038197 2.858142882585526 0.2160981893539429 0 0 0 0 0 0 0.1577216386795044 0 0 0.540119007229805 0 0.3326421976089478 0 0 2.862475425004959 0.2872320115566254 0.3067855834960938 0.2273674607276917 0.1774710863828659 2.58079569041729 0 0 0 2.056499302387238 0.4013789296150208 1.201619975268841 0.833879142999649 1.184479147195816 0.5947026610374451 0.3332170024514198 0.3292309790849686 0 0.09774322807788849 0 0.1239053383469582 0 0 0 0.2505280822515488 0.4613013491034508 0.4357607811689377 1.703735575079918 0 0 0.1999055594205856 0 0.08192344754934311 0.4183844029903412 0 0 1.647285878658295 0.4754245281219482 0 0 0.1773963123559952 0 0 0.1217249780893326 0.3055806905031204 0.9440311044454575 4.686638422310352 0.1383362114429474 0.4690393507480621 0 0.8667628243565559 0.2144719958305359 1.745947480201721 0 0.4946149587631226 0.7458575591444969 0.1207636073231697 0 0.1035921275615692 0 0 0.1317678242921829 0 0.294808603823185 0.41779725253582 0.6121284440159798 0.7745890691876411 7.901330016553402 1.899801835417747 2.15297182649374 659.1512675285339 34.38233832269907 628.4923322498798 185.2419431880116 182.611443862319 68.38616264611483 3.22136551886797 50.20288043469191 22.43138030916452 0.0943249836564064 1.747431524097919 0.275682657957077 16.70277746766806 0 0.1119129061698914 0.3577852845191956 31.43018465489149 4.896068222820759 67.57597932964563 3.902431771159172
298.988404981792 835.5748709589243 2.635780952870846 91.15198700129986 17.85164670646191 89.86146383732557 944.472485281527 0.3886761367321014 2.423271223902702 747.3823308199644 0.7616219520568848 937.606143720448 2721.528440736234 80.80538605153561 0.1265993863344193 0.1119081452488899 0 0 0 0 0 0 0 0 0 0 0 0 0 0 27.49038728326559 0 9.998682782053947 0 0 0 12.84836785495281 0 0 0 0 0 0 0 0 0 0.9642886891961098 0.1803740337491035 0 0 0.09480273723602295 1.012868702411652 0 0 1.512440867722034 1.948295101523399 15.4545486792922 20.56672053784132 3.515556439757347 1.973379038274288 0 0 0 0.377857118844986 0.7877004072070122 0.7600249350070953 0.08123786002397537 0.2469390332698822 0 0 23.17350839078426 0 0 28.88332558423281 0.5969336181879044 0.2132318243384361 0.1417680531740189 1.462544858455658 0.3812097907066345 0.09236742556095123 0 0.1284101009368896 1.086358837783337 0.490739993751049 0.6707049533724785 0.4542151540517807 0.1741425022482872 0.1365694850683212 0 0 0 0 0 0 0 36.61689370125532 0.6084652543067932 0 0 145.0060435980558 0 0.1850090175867081 2.665672987699509 1.081746056675911 0.4627818912267685 10.16920536011457 1.061550982296467 4.645228557288647 16.58116928488016 8.493934862315655 1.603681333363056 7.991285726428032 37.61975637078285 2.952692694962025 0 0 0 0 0 0 0 0 0 0 0 0 0 0 0 0 0 0 0 0 0.1956467181444168 0.09336015582084656 0 0 0 0.5844264477491379 0 0 0 0 0 0 0 0 0 0 0 0 0 0 0 0 0 0.09416200965642929 0 0 0 0.139998272061348 0.3132540956139565 0.504714623093605 0 0 0 0 0 0 0 0 0 0 0 0 0 0 0 0 0 0 0 0 0 0 0 0 0 0 0 0 0 0 0 0 0 1.655014306306839 0 0 30.3572016954422 0.1436710208654404 8.183391407132149 2.146942362189293 151.9510603919625 2.240138776600361 0 0.170889750123024 10.40695825964212 0 0 0 13.41840741038322 0.1315440386533737 0 0 0.2325217127799988 0 42.41006562113762 3.048348352313042
81.79979602247477 1229.986535973847 97.15742336213589 17.85164670646191 1968.555508509278 26.31662620604038 1451.849046520889 351.6971358954906 2907.174852505326 488.5887753888965 2732.502384714782 144.3038189709187 188.3947149962187 1585.233288228512 4.40439061820507 2.747956641018391 0 0.1257629990577698 0 0.5729404538869858 0.2417656853795052 0.1871846616268158 1.064172625541687 0.6266330480575562 0 0 0 0 0 0.1497322618961334 30.14570495486259 6.298212043941021 42.45882112532854 0 0.1526318192481995 0 12.05320860445499 1.175274506211281 0.4242202341556549 0 0 0 0 0 0 0.2452057972550392 34.89564212411642 3.265471532940865 0.3218062594532967 0.3965851292014122 0.1136908307671547 1.630822815001011 0 0.1729284673929214 7.879208147525787 16.27876184880733 20.34721578657627 50.17540901899338 9.251739807426929 27.3053035363555 0.4497425854206085 2.023770824074745 0.3233568146824837 15.81250038743019 8.063337825238705 9.49465050548315 0.6268506869673729 2.116172671318054 0.8260274156928062 0.3287603408098221 60.98190464824438 0.1999558210372925 0.8662547394633293 106.8440052643418 15.60396126657724 15.87847495079041 6.117974109947681 1.649035893380642 0.7208708748221397 21.30502229183912 0.09214289486408234 1.932146042585373 14.99342307448387 0.857792004942894 9.425317414104939 6.159442767500877 1.421497493982315 0 0.3007247149944305 0.2167170122265816 0.5650256872177124 0.4381036311388016 0.9569945335388184 1.173315197229385 0.09437690675258636 60.89467053115368 1.275804415345192 0 0.6827050298452377 14.58681531995535 0.5456808805465698 3.154714226722717 14.37325505912304 5.598859272897243 11.44901918619871 60.92609204351902 6.606469392776489 52.47098577767611 23.62222315371037 65.55132199078798 27.32485236227512 88.33659145981073 69.83357162028551 56.06457948684692 6.375980153679848 0 0.3377347141504288 0 0.1188630610704422 0 0 0 0 0 0 0.1841325163841248 0 0.2237862944602966 0 0 0.1098455041646957 0 0.4597455561161041 0 0.8071252852678299 4.956578582525253 0 0.1064714565873146 0 2.918266907334328 0 0.2595777586102486 0.4336485266685486 0.2179982885718346 0.1567606031894684 0.1198983192443848 0 0 0.1233785897493362 0 0 0.6338275521993637 0.8635462820529938 0 0 0 0 0.1905183792114258 0.1685669124126434 0 0 0.6587476134300232 0.323427677154541 1.347388088703156 0 0 0.8301706612110138 0.8303409814834595 0.1575287133455276 0 0 0 0 0 0 0 12.41399887949228 0 0 0.2070148438215256 0 1.104650735855103 2.195749029517174 2.242309868335724 2.01133468747139 1.30780616402626 0.242744043469429 0 0.2138008326292038 0 0 0 0 0 0 0 0 45.70113883167505 1.82652947306633 2.689929336309433 317.5603418573737 8.666222803294659 175.8226196914911 57.26884712278843 152.7753066718578 22.41112431883812 0.5268973410129547 25.16446957737207 61.3129843249917 0.2331361323595047 3.442090302705765 0 83.8297805711627 0 0 0.3460962027311325 7.90488238632679 0 178.7229504957795 54.16819898039103
133.4001310616732 207.4252958595753 6.780222520232201 89.86146383732557 26.31662620604038 18.03916946053505 130.7467962950468 2.694408394396305 19.00153805315495 706.0106255486608 15.90056908130646 142.973421998322 234.0181219130754 62.38972896337509 0 0 0 0 0 0 0 1.655117556452751 0 0 0 0 0 0 0 0 37.49042079597712 0.260051317512989 20.02456852793694 0 0 0 23.82521665096283 0.1422816663980484 0.8732386082410812 0 0 0 0 0.1192958876490593 0 0 0.2953291088342667 0.117705412209034 0 0 0.09960217028856277 12.19216304272413 2.507130362093449 0 1.050524920225143 0.7170390188694 111.6252426579595 13.54002737253904 5.931189738214016 0.7589215040206909 0 0.2965858578681946 0 0 0.5989678651094437 0.2669096514582634 0.1962449923157692 0.1010879501700401 0.3342536836862564 0 193.9297296777368 194.9512400180101 24.25832030922174 13.84390027076006 0 0.08752807974815369 0.1119717806577682 0 0 0.8787337094545364 0 0 0.5509116500616074 1.428156547248363 0.5294113084673882 1.784257233142853 0 6.675113052129745 4.25451272726059 17.1805078536272 1.316760927438736 1.828667692840099 0 0 0.195459246635437 324.4551076218486 149.6804537847638 14.91234114021063 33.30358731001616 183.1583295166492 0 0.1957014054059982 0.9938073009252548 0.2538124620914459 0.2516893446445465 3.533548273146152 0.2064406275749207 1.542617984116077 1.396440774202347 5.606423385441303 0.4470957815647125 2.72031082957983 4.849548116326332 1.251060768961906 0 0 0 0 0 0 0 0 0 0 0 0 0 0 0 0 0 0 0 0 0 0 0 0 0 0 0.1779022514820099 0 0 0 0 0 0 0 0 0 0 0 0 0 0 0 0 0 0.1044965758919716 0 0.1442320495843887 0 0 0 0 0 0.4155195653438568 0 0 0 0 0 0 0 0 0 0.5077871829271317 0 0 0 0 0 0 0 0 0 0 0 0 0 0 0 0 0 0.1981339603662491 0 0 1.193277008831501 0 0 9.405378691852093 0.2426543608307838 3.024179749190807 2.929054595530033 137.9466396719217 15.07583751529455 0.2172673940658569 0 3.289631888270378 0 0 0 4.571522444486618 0 0 0 0.5318648219108582 0 77.63107381761074 1.620855644345284
456.2246570214629 1697.231353387237 9.988314434885979 944.472485281527 1451.849046520889 130.7467962950468 622.4637794643641 20.70573784410954 1909.865979164839 2482.263171970844 116.5049193650484 794.0607510358095 3248.645108602941 1013.999718591571 2.433874487876892 0.5453595742583275 0.1400803923606873 0.1051504984498024 0 0.2137884125113487 0.101727694272995 0 0 0 0.2985965460538864 0.2792293131351471 0.1275879293680191 0 0 0 34.8735134229064 1.807051971554756 31.93629863113165 0.1784594357013702 0.2580017447471619 0.1043388471007347 18.05322211235762 0 0.1311479508876801 0 0.3733135312795639 0.1029246971011162 0.3291805014014244 0.4080668538808823 0.1739578694105148 0 17.60333068668842 3.300834774971008 0.1195736527442932 0.1819624602794647 0.159500315785408 0.1047767773270607 0 0 9.845627076923847 16.17564149200916 37.45507441461086 75.92257373780012 11.95883393287659 24.34828571230173 0.3755569159984589 1.267824672162533 0 11.63842090219259 10.70582787692547 7.668516092002392 0.9418631568551064 2.510537654161453 0.07532238215208054 0 38.23038647323847 0 0.2124937623739243 145.5587435141206 15.08643016964197 10.52524769306183 2.799597419798374 2.708531863987446 0.3052435293793678 2.111864119768143 0.4173373132944107 0.199612595140934 14.99713991582394 1.464742481708527 6.718525849282742 5.579876974225044 1.307262495160103 0.2043992206454277 0.5471954569220543 0.1136522516608238 0.6649733632802963 0 0.1027442663908005 0.3589537963271141 0.3505119830369949 109.1746252179146 1.165907859802246 0 0.9109832346439362 72.72319112718105 0.1089386194944382 4.757727861404419 31.46639882028103 8.85013335943222 11.44787930697203 91.06627164781094 11.47869720309973 65.63058543205261 51.02274280041456 91.04032953083515 23.23909176886082 110.2371865212917 116.7184780016541 53.58304861187935 3.049314469099045 0.1448125541210175 0.1513572484254837 0 0 0 0 0 0.2582236230373383 0 0 0 0 0 0 0 0 0 0 0 1.165157400071621 1.370327904820442 0 0 0 3.962559841573238 1.099892720580101 2.260949656367302 0.1054828017950058 0.1619203388690948 0 0 0 0 0 0 0 0 0.7684436440467834 0 0 0 0.2228922694921494 0 0.08579315990209579 0 0 0 0.230514757335186 2.296351447701454 0 0 2.141114443540573 1.531174905598164 0 0.681626558303833 0 0 0 0 0 0 4.514484293758869 0 0 0 0 0.3818115442991257 0 1.567203283309937 0.4535805732011795 1.480941355228424 0.2069486454129219 0 0 0 0 0 0 0 0 0 0 29.64543529599905 11.15316371619701 0.9339495599269867 238.6565274149179 5.679370179772377 95.66029388457537 25.66889355331659 395.6266917511821 14.98743057250977 0.715592049062252 7.552760876715183 82.38967768102884 0 2.164230078458786 0.1774972379207611 129.7132089287043 0 0 0.5654735863208771 2.440432369709015 0.2173617780208588 266.6131920590997 56.22150910645723
49.98042371869087 1103.98549003154 3712.247024044394 0.3886761367321014 351.6971358954906 2.694408394396305 20.70573784410954 3071.741101935506 126.4270152077079 4.217408567667007 2172.209186471999 13.66392294317484 31.72444628924131 884.3373926654458 73.77387348562479 83.39591589570045 10.98769838362932 11.09027370065451 2.965284109115601 14.56350842863321 46.32325142621994 4.00561810284853 95.63892465084791 58.70136612653732 4.864041246473789 25.69495933502913 20.39406783133745 1.674136556684971 1.157346136868 7.359146386384964 300.8927399814129 2327.532570838928 250.4044132083654 29.54412131011486 48.86468531936407 1.29962420463562 30.6339300647378 12.24650054425001 6.247245967388153 1.473289251327515 39.49256306141615 13.79223893582821 80.09310153126717 80.93783387541771 6.187431663274765 122.8298390209675 246.0151401236653 33.08880326896906 25.56412464380264 46.79681731760502 26.98737195879221 37.64022084325552 2.289733946323395 0.4748686850070953 12.82968580722809 25.79307908564806 14.53382138907909 83.09995601326227 16.24490573257208 84.05671493709087 207.2531415373087 24.86302034556866 28.75188199430704 163.8750218227506 19.08644046634436 45.31275352835655 11.07138935476542 70.82390360534191 216.7807824164629 127.5158208161592 64.88095795363188 1.794929340481758 1.235652342438698 180.0753119587898 68.76797154545784 134.0595170557499 149.7239838987589 123.3853578642011 2589.598838746548 2099.197233073413 1027.379625216126 1015.894622027874 29.00926520675421 0.9822619333863258 29.8976953998208 12.31804549694061 42.67114476114511 0.2955567538738251 2.540708743035793 8.559933349490166 18.65558505058289 25.59163208305836 268.8698868602514 99.75711530447006 15.42568608373404 34.6171957179904 0.5812028273940086 0.1908329874277115 0.8894179686903954 21.5187371596694 0.1019308418035507 3.439274191856384 7.489430770277977 1.133557550609112 8.585635960102081 34.07110717892647 3.793253839015961 30.86164394021034 9.794137172400951 25.64616358280182 18.00354415178299 53.09315772354603 44.97621348500252 41.20327286422253 10.59531034529209 0.6469812020659447 0.1308990120887756 0 0.3414952382445335 0 0 0.6042363494634628 0.289150059223175 0 1.109697207808495 1.600096642971039 0 1.172071881592274 0 0.7099542915821075 3.675190471112728 0.9497134536504745 3.642067581415176 0.2554972469806671 1.349123641848564 6.634002991020679 0 1.824608206748962 0.2620672285556793 5.051782585680485 1.99325106292963 2.121107570827007 2.091220110654831 1.053765162825584 1.789569534361362 1.537388801574707 0.5630086436867714 0.6656267642974854 0 0 0.3410250321030617 0.2899588122963905 0.272140771150589 0 0 1.004957020282745 1.468362532556057 4.990456886589527 0 0 0.09719129651784897 0 0.2299205809831619 0 0 1.153110146522522 5.242626488208771 1.30125617980957 0.8193661868572235 0.470015287399292 0 0 0 0 0.2927169352769852 1.635321415960789 13.02037808299065 0.5424742624163628 0.8817233592271805 0.4860662519931793 2.773816145956516 1.386831268668175 0 1.714032709598541 1.820580624043941 2.812894135713577 1.199381165206432 0.2466440796852112 0.3312996327877045 0 0 0 0 0.7327311709523201 1.643352948129177 1.379249133169651 1.256115481257439 29.90417128801346 9.572871774435043 4.542131833732128 1013.538488939404 76.03465889394283 702.5388438850641 287.7975768297911 79.02333843708038 76.32530435174704 1.411235123872757 82.49735366553068 45.992824614048 1.925752438604832 2.821356937289238 1.602110162377357 43.56454169750214 0.3211893141269684 0 0.6028382778167725 45.28966293483973 4.819994822144508 64.91154204308987 17.21784187853336
13.2505229189992 1225.113989159465 26.93805808573961 2.423271223902702 2907.174852505326 19.00153805315495 1909.865979164839 126.4270152077079 687.4931301772594 210.0657416135073 888.7485400140285 60.42667979001999 220.0716952830553 349.1218486279249 1.25755763053894 1.235856495797634 0.1639721691608429 0 0 0 0 0 0.717222660779953 0.2705882415175438 0 0 0 0 0 0 3.298807665705681 0.4179335683584213 33.31725038588047 0 0.2431222051382065 0 9.152719415724277 1.016795434057713 0 0 0.2951726019382477 0 0 0.1407870203256607 0 0.1371463090181351 7.146446913480759 0.08717810362577438 0 0 0.0873897448182106 0.8823906257748604 0.1443298608064651 0.6429566740989685 2.140334956347942 0.9153049737215042 1.869470551609993 3.562094628810883 0.7852287888526917 3.79379241168499 0 0.6042270734906197 0 1.6253921687603 0.8515340089797974 0.7162750437855721 0 0.2547843977808952 0.5577539503574371 0.1243610829114914 32.33896724879742 0 0 7.909806422889233 1.046342432498932 3.84199146926403 2.206358425319195 1.000065132975578 0 9.631284810602665 0 1.176310658454895 1.199450209736824 0 0.7789770141243935 1.041243851184845 0.2177362889051437 0 0 0 0.5462057963013649 0.892128050327301 0.3389481529593468 0.2273105531930923 0.441696509718895 50.99942791461945 0.8662205934524536 0 0.1827647089958191 5.973220691084862 0.1733458787202835 3.432843469083309 13.21252715587616 4.129511997103691 6.308568455278873 67.20276184380054 3.515265509486198 36.23129702359438 9.800942376255989 27.96633914858103 12.85595110803843 50.81143279373646 42.9758917465806 27.96084845066071 2.143459588289261 0 0.1105210706591606 0 0.1439809799194336 0 0 0 0 0 0 0 0 0 0 0 0 0 0 0 0 2.477259211242199 0 0.1577408611774445 0 1.863192811608315 0.1169568598270416 2.307383224368095 0.4094798266887665 0.5102128982543945 0 0 0 0 0 0 0 0.5051090121269226 0.2942967712879181 0 0 0 0 0 0 0 0 0.2465183064341545 0 0.5242291837930679 0 0 1.035960853099823 0 0 0 0 0 0 0 0 0 4.832932591438293 0 0 0 0 0 2.124322652816772 1.091128930449486 0.6904090791940689 1.14627693593502 0 0.09972050786018372 0 0 0 0 0 0 0 0.6330558061599731 0 24.10404801368713 0.7088256329298019 1.258580058813095 74.07976152747869 2.116133645176888 31.01961838454008 12.94245921820402 46.42164365202188 7.255327612161636 0.4987721741199493 4.589259676635265 24.33918008953333 0 1.443176791071892 0 32.46336942911148 0 0 0 2.253320343792439 0.59457927942276 93.97393391281366 31.98789725452662
737.6601885259151 1221.147944688797 4.006829440593719 747.3823308199644 488.5887753888965 706.0106255486608 2482.263171970844 4.217408567667007 210.0657416135073 541.1930718868971 66.19760213792324 982.1256456524134 4201.916988916695 447.9723815694451 0.2633702903985977 1.247782185673714 0.337803840637207 0 0 0 0 0.5732060372829437 0.1516287177801132 0 0 0.4281372129917145 0.1410036385059357 0.3266651630401611 0.1394807398319244 0.3382513225078583 11.09715550392866 0.09415178745985031 103.6982756406069 0 0 0 128.0928719639778 2.35208997130394 2.279354050755501 0 0 1.011627793312073 0 0 0 0 0.7888133004307747 0.2103205993771553 0 0 0 1.06347019970417 0 0 1.134485602378845 1.922407694160938 48.64087179303169 12.61298494786024 5.086902096867561 1.253207989037037 0 4.442814528942108 0 0.4811296164989471 0.8187296241521835 0.292735293507576 0 0.09237547963857651 0 0 557.2190402597189 0.9969733655452728 0 21.0827292650938 0.4297077059745789 0.7473176643252373 0.3967654556035995 0 0.4657702744007111 4.89116208255291 0 0 0.895853266119957 0.08986456692218781 0.4419637024402618 0.3247075602412224 0 0.1255645602941513 0 0.1077956333756447 0.1130191832780838 0.1476773321628571 0.08550186455249786 0 0.1467341333627701 162.2299835458398 18.78414961695671 0.3707224428653717 9.383815556764603 449.4964208379388 0.5246566385030746 24.18042252957821 54.37859135121107 79.7905632480979 4.759861156344414 109.9781146198511 36.44176961481571 55.16996872425079 51.83213824033737 130.3270617946982 18.04365087300539 88.24165757745504 107.2489269152284 51.54255113750696 3.582391783595085 0 0.2307537570595741 0 0 0 0 0 0 0 0 0 0 0 0 0 0 0 0.1391573846340179 0 1.323264360427856 0.7521125674247742 0 0 0 1.025402292609215 0.240513414144516 0.2483720928430557 0 0 0 0 0 0 0 0.2028607875108719 0 0 0 0 0 0 0 0.1656698286533356 0.1199878305196762 0 0 0.5345982015132904 0.6654042229056358 1.905178062617779 0 0 0 0.3168887123465538 0.1092611998319626 0.1902826949954033 0 0 0 0 0 0 2.172069035470486 0 0 0 0 0.3424809128046036 0 0 1.258373931050301 1.609878368675709 0.07944703102111816 0 0.1060941889882088 0 0 0 0 0.1215666532516479 0 0 0 30.9797922745347 0.2524665147066116 0.616989828646183 140.2735236734152 0.1039469167590141 7.594220191240311 2.863991960883141 594.46801905334 8.214421153068542 0 0.2860419601202011 70.96593930572271 0 0.1941953673958778 0 134.9463517144322 0 0 0.1887900680303574 3.382247924804688 0 592.1610330343246 77.77927000820637
34.4707737416029 1395.205242231488 1571.487679742277 0.7616219520568848 2732.502384714782 15.90056908130646 116.5049193650484 2172.209186471999 888.7485400140285 66.19760213792324 1657.585018195212 124.4093609973788 594.2101124301553 2343.354681774974 24.07669830322266 27.96910117566586 1.591271221637726 0.6211748868227005 0 2.976454958319664 4.530844435095787 2.076294995844364 19.18505956232548 17.6376326829195 3.12506502866745 4.944593861699104 11.21554745733738 0.6555398851633072 1.396798975765705 5.286484643816948 48.97128073871136 33.88652767241001 521.8222061097622 0.7770328000187874 12.80025517195463 1.59971110522747 159.0615083873272 24.74169258028269 16.81032857298851 2.384336292743683 14.74471268057823 5.432061053812504 1.330937996506691 3.48106849193573 0.3380184471607208 1.466148257255554 69.96878971904516 3.386490933597088 0.1789864748716354 1.108759649097919 4.177379846572876 35.31691518425941 1.810670457780361 0.6077812910079956 4.941073104739189 8.984785787761211 5.328077003359795 20.97812388092279 5.367513902485371 25.72413396090269 8.49012915790081 100.3922644853592 3.129725739359856 8.855544246733189 5.804639585316181 6.202681079506874 1.815486259758472 3.917751751840115 17.67862280458212 2.493817292153835 208.592196084559 4.988015614449978 1.700119256973267 56.72916653007269 13.43413349241018 35.98712726682425 22.25829204916954 21.56913865357637 29.90074922889471 617.8115980550647 1.876225613057613 106.3569283783436 9.225075647234917 0.4521480724215508 5.233177319169044 4.812069699168205 1.993570312857628 0.3376143276691437 1.166260316967964 8.28703872859478 8.802632063627243 19.59988608956337 16.48248410969973 23.75420977920294 5.578593023121357 142.8848784640431 2.965415880084038 0.3816711902618408 1.855425365269184 7.401455335319042 0.1538120806217194 2.321639090776443 23.13401331752539 3.334978654980659 12.7917216271162 76.68521367758512 7.353043206036091 73.53374773263931 23.49422405660152 66.09427633136511 39.78544677048922 128.1707872524858 111.3365468382835 93.00041405856609 16.89569217711687 0.5806856974959373 0.1152075678110123 0 0.1100537180900574 0 0 0 0.1711230874061584 0 0.4018969237804413 2.053497835993767 0.1147870272397995 1.62108937650919 0.337611198425293 0.7789867147803307 3.218138307332993 0.5032946765422821 2.901033401489258 0.5212252587080002 3.553194522857666 6.421836644411087 0 1.177191756665707 0.5160014629364014 13.8592541962862 2.075974024832249 5.01125393807888 2.457975655794144 2.55971123278141 1.897516094148159 0.694632425904274 0 0.4145478308200836 0 0.2578804418444633 1.065288580954075 1.385682091116905 1.158098191022873 0 0 0.1544955372810364 2.035667799413204 2.930604740977287 0.2849681377410889 0 0 0.8859023526310921 0.744805246591568 0.1864305436611176 0.267966091632843 2.101104527711868 8.436333686113358 0.09193601459264755 0 0 0 0 0 0 0 0.2824193388223648 21.76682707667351 1.416683062911034 1.175214849412441 0.2791517972946167 0.9011072441935539 3.373264282941818 0.5159472078084946 2.947192192077637 3.263400055468082 2.531679898500443 1.778953984379768 0.1433732509613037 0.2060571759939194 0.1878614276647568 0 0.09745984524488449 0 0 1.549329146742821 1.27171241492033 1.212470546364784 66.2370530962944 8.608941778540611 7.075654819607735 628.4676608517766 19.00659889727831 251.2995297089219 131.1661455184221 75.48031416535378 30.33613529056311 0.7062119394540787 42.82812985777855 65.71148420870304 0.3591068238019943 7.739237628877163 0.4844339936971664 84.59540223330259 0.6470373719930649 0 0.1345078200101852 24.80599666386843 2.243336275219917 162.149434350431 61.9140250980854
231.990285217762 186.4819335415959 2.352936074137688 937.606143720448 144.3038189709187 142.973421998322 794.0607510358095 13.66392294317484 60.42667979001999 982.1256456524134 124.4093609973788 83.77217341959476 924.1379899978638 423.3127716481686 2.833430245518684 3.885478720068932 0.3269593715667725 0 0 0.114420659840107 0.1264723837375641 1.725959487259388 0.3339359313249588 0.9019045382738113 0.4688562750816345 0.1951135993003845 2.264380231499672 0.420720249414444 0.4418637156486511 0 2.210172697901726 0.141253724694252 187.1080954223871 0 1.09668892621994 0 215.0034208893776 14.79320153594017 16.45266477763653 0.312961146235466 0.3759995996952057 0.3454034179449081 0.1242363676428795 0.6674890369176865 0 0.2238224595785141 5.671114273369312 0 0 0 0 11.44154077768326 2.238346628844738 0 0.7276858240365982 1.120414659380913 6.991961494088173 5.451777115464211 0.5978173539042473 1.278218045830727 0 34.81886224448681 0.6408599987626076 0.2900620400905609 0.2649836763739586 0.4731627479195595 0 0.633756697177887 0.2562072202563286 0 197.2625080049038 3.231342308223248 1.632318794727325 9.477959610521793 0.8599568828940392 4.835252657532692 2.576768286526203 5.65114638209343 2.841270387172699 19.77175199985504 0 1.57817842066288 0.9182161465287209 0 0.08488691598176956 0.2512603253126144 0.07163354754447937 0.123303584754467 0.1113547012209892 1.390611425042152 0.8294501379132271 2.65275289863348 0.3915537148714066 1.562236487865448 1.001621596515179 404.2779336348176 18.96179586648941 1.287749648094177 23.80169022083282 41.02301649004221 0.1055200174450874 6.98271432518959 12.95203072577715 31.1974939852953 7.736451461911201 37.55639714002609 13.48546738922596 33.19081063568592 20.04135873913765 41.78976679593325 15.86787544935942 65.18479320406914 62.97794186323881 41.13172533363104 9.65634972602129 0.2215351015329361 0.1001096218824387 0 0 0 0 0 0 0 0.5306135714054108 0 0 0.44691301882267 0 0.4118643999099731 0.1598063856363297 0.7628597021102905 0.5341230034828186 0 1.168744571506977 2.829906076192856 0 0.8427282571792603 0.3580970466136932 4.554875314235687 0.6709959357976913 2.911128796637058 0.716082789003849 1.35734374076128 0.2989107966423035 0.3254317939281464 0 0 0.2115384638309479 0 0 0.4614574611186981 0 0 0 0 0.618476390838623 0.7030025497078896 0 0 0 0.6034344211220741 0.6356724873185158 0.1277134418487549 0.1662618219852448 1.495678305625916 1.890314906835556 0.3747198060154915 0 0 0 0 0 0.2559309601783752 0.1374095976352692 0 10.05628751218319 0 0 0 0.1028783768415451 1.383511655032635 0.1836114674806595 1.788301706314087 3.29612747579813 2.36777138710022 0.6704431399703026 0 0.4408665746450424 0.110384501516819 0 0 0 0 0.4066583514213562 0.09633592516183853 0 38.98835813254118 1.34542740136385 2.936115510761738 69.84760708361864 3.265628419816494 16.682522803545 11.81362248212099 136.4964821860194 1.097179360687733 0.2285224571824074 1.706385187804699 29.08185777813196 0 2.631124943494797 0.9330184161663055 38.87750487774611 0.2828178107738495 0 0 2.005856886506081 0.4436539709568024 187.7513731569052 37.78375281393528
647.601896032691 676.4733028337359 4.892916977405548 2721.528440736234 188.3947149962187 234.0181219130754 3248.645108602941 31.72444628924131 220.0716952830553 4201.916988916695 594.2101124301553 924.1379899978638 2381.257328815758 3979.080108001828 9.017350353300571 9.191951647400856 0.8285214528441429 0.2207557410001755 0 0.6955493688583374 0.4801593348383904 2.28653622418642 2.666961297392845 3.623551696538925 0.5106221586465836 0.3193896412849426 3.123371616005898 0 0.1586885899305344 0.8721948266029358 10.6801899895072 1.469949491322041 535.0258376896381 0 2.499353222548962 0 452.9056473150849 14.49661256372929 12.72416374832392 0.7351756021380424 2.576033681631088 1.286195680499077 0.1148662865161896 2.218380063772202 0 0.7512044981122017 18.21818129718304 0.9338766261935234 0.08606109768152237 0.6966623216867447 0.5228442922234535 23.33670562505722 1.590243101119995 0.5173348486423492 2.811992384493351 6.0465227663517 27.96250589936972 25.38805918395519 6.18982071429491 6.525011785328388 0 18.52925573289394 0.3946577310562134 1.817799597978592 2.94283302873373 1.664780974388123 0.08846205472946167 1.204265952110291 2.5443105250597 0.1300617009401321 388.2341626882553 3.438466005027294 1.184197604656219 43.58592917025089 3.148996561765671 11.27284218370914 7.16963205486536 14.72575998306274 2.591194629669189 35.84903828054667 0.2063648849725723 1.247216671705246 3.75140405446291 0.3873897343873978 2.170009881258011 1.589089222252369 0.1481642127037048 0.1165024936199188 0.170716866850853 3.699787743389606 3.72754979878664 9.327475525438786 3.529185064136982 4.583678618073463 4.197060011327267 931.8948944285512 6.247603289783001 0.1094139292836189 3.342913560569286 111.7295247912407 1.493283621966839 3.474001966416836 42.01552182435989 20.78723723441362 19.85030625015497 226.6445082649589 18.3153108805418 116.6295004859567 118.80115018785 135.9029942378402 54.43501246720552 198.7412545830011 200.2995805367827 137.7121729850769 15.30104982852936 0.7774721011519432 0.4559318199753761 0 0 0 0 0 0.265321210026741 0 0 0.5338427871465683 0 0.4860770478844643 0 0.105420894920826 0.5849121510982513 0.4460237100720406 0.5847995951771736 0.2507628798484802 0.9246109277009964 7.817526929080486 0.1382430195808411 0.3043871447443962 0 9.822956897318363 3.187098547816277 2.0983891710639 2.70735027641058 1.139432370662689 0.8613031357526779 0.1120524778962135 0 0 0.2469017207622528 0 0 1.240648083388805 1.217460103332996 0 0 0 0.7910489961504936 1.53047176450491 0 0.740741640329361 0 0.9651666358113289 1.953450225293636 1.160432226955891 0 1.028881743550301 6.439218029379845 0.6530556380748749 0 0.2498849183320999 0 0 0 0.1018249541521072 0.1781076043844223 0 21.14652316272259 0.7060973569750786 0.6205087006092072 0 0.3314640149474144 2.952979408204556 0.4366988390684128 0.2189760953187943 4.133507870137691 2.485692366957664 0.8129699006676674 0.2385070845484734 0.5347961559891701 0 0.2314432263374329 0 0 0 0.2608089596033096 0.3256250023841858 0.2845667228102684 102.2625527232885 6.147954478859901 3.092377446591854 251.6931185722351 6.697062447667122 66.37338107079268 35.05875462293625 397.6660197004676 7.308707855641842 0.2818995267152786 9.288159899413586 88.69377801567316 0.1148501485586166 3.062357895076275 0.7376553267240524 154.4187118113041 0.2460280135273933 0 0.6529972702264786 3.697333253920078 0.2650278061628342 504.4693543314934 125.1292374059558
