494.0648518502712 3103.206145450473 742.5028311237693 826.6012662276626 57.82857536524534 212.9061557874084 177.6101966947317 226.0824614614248 10.30812740325928 796.8210612460971 147.658731110394 102.485077612102 134.74541272223 194.5112890899181 5.44968406111002 1.543182909488678 0.1302560120820999 1.218497201800346 0 0.3809623271226883 0.5993105322122574 0 0 0 0 0 0 0.3328134119510651 0.220151275396347 0 644.359410315752 17.30025868117809 26.50674347579479 0 0 0 9.063823208212852 0.5698586851358414 0.8906393647193909 0.2148432433605194 0.9322563260793686 0.8235384374856949 0.5882342308759689 0.276842437684536 0.1119328737258911 0.1089637205004692 18.79660961031914 0.3965212106704712 0.8286057412624359 0.9012116491794586 0.6481024920940399 1.18656724691391 1.063913226127625 0 4.539602696895599 3.89530935138464 409.2385704368353 388.9348382651806 34.55505635589361 42.57851341366768 0.3599790781736374 0 0.2742204964160919 74.15338879823685 1.905304290354252 2.175863325595856 0.1294583529233932 0.325256735086441 0.7328486889600754 1.057799451053143 13.38359241187572 2.537082940340042 0.6389369517564774 206.7689274773002 37.99601899832487 137.807888276875 9.961917765438557 1.802983671426773 0.617723822593689 60.60776234418154 0.3249831348657608 0.2740909606218338 7.083509974181652 1.629452042281628 1.014051929116249 2.139434538781643 1.01825488358736 0.124499037861824 0.7720569670200348 0.6736756563186646 1.020710624754429 0.4442787319421768 0 0.635466568171978 0 58.57299745082855 8.335617855191231 0.2005695998668671 1.411562569439411 1923.063230849802 0.2702876031398773 7.821015238761902 7.458493746817112 9.691751323640347 9.014674261212349 3.674550160765648 38.19514101743698 4.862822353839874 35.2081001996994 26.36002711951733 3.666621759533882 13.41672831773758 38.20004526525736 12.40164779871702 8.838672935962677 0.5800392329692841 0.130927175283432 0 0 0 0 0 0 0 0 0 0 0 0 0 0 0 0 0 2.801704436540604 4.831390261650085 0 0 0.3410358130931854 2.781409472227097 0.5411809906363487 6.752461686730385 1.241182520985603 0.8378720581531525 0 0 0 0 0 0 0 0 1.555625796318054 0 0.3967249989509583 0 0.6477779746055603 0 0 0 0 0.8458415269851685 0 3.638649925589561 0.2516843974590302 0 8.70618262887001 1.879065334796906 0 0 0 0 0 0.1631128042936325 0 0 5.217097789049149 0.3781834542751312 0 0 0 4.049207881093025 0 3.262590855360031 0.7765721678733826 2.752572119235992 0.7653729319572449 0 0.3707051277160645 0 0 0 0 0.3387227654457092 0 0 0 3.136261895298958 7.339641138911247 4.252315849065781 291.0629784017801 10.30735059082508 110.8992090374231 33.22723842412233 743.4990050196648 8.474241696298122 0.6967881917953491 8.298481874167919 7.092575415968895 0.4055408611893654 5.774265140295029 0.2557120025157928 69.97968733310699 0.3050854206085205 0 0 0.3470055162906647 0 287.5919160917401 8.93842938542366
3103.206145450473 4308.77385391295 1700.821759544313 632.2009241506457 2430.887717314065 150.1629795581102 3811.081157930195 356.5939777269959 589.9487037733197 1122.01189801842 749.8166729062796 150.6744835749269 1575.05324523896 1143.847340248525 28.84288872778416 4.642489843070507 0.7323433980345726 3.108140394091606 0.5656110644340515 4.596557699143887 3.293754130601883 0.2734410837292671 0 0 0.1029740571975708 0.2766337841749191 0 0.5867325812578201 0.4714899882674217 0.103838138282299 1162.832565575838 151.3729938566685 36.34053982049227 0.9824056476354599 0.3345082700252533 0.5390556752681732 7.215733259916306 0.9827928468585014 1.935652412474155 0.414386972784996 1.747670091688633 0.4452159404754639 3.090832002460957 1.602571070194244 1.375376053154469 2.739717647433281 154.0790495052934 3.225358128547668 1.402789764106274 3.288566835224628 1.007352702319622 0 0 0.2032499685883522 10.51452364772558 11.78388355672359 317.8288457766175 568.4583700150251 31.46628220379353 143.585264608264 2.042826525866985 1.577573470771313 1.216439969837666 372.3875269144773 7.277649715542793 5.403240188956261 0.5185732841491699 1.305823668837547 2.829076148569584 2.229147434234619 17.46838369220495 1.465311363339424 0 377.2312574237585 122.8544860258698 459.5774406045675 127.2718432173133 12.82289877533913 4.074345231056213 56.42308947443962 2.661858953535557 3.591779991984367 23.09707372635603 2.761631369590759 5.040980346500874 5.468937039375305 3.211714155972004 0 2.627579778432846 0.1858980506658554 1.194204203784466 0.4257771968841553 0.790131539106369 0.4853552728891373 0.999442532658577 18.31676494330168 5.195150025188923 0.2904856204986572 6.84129685908556 1489.31432466954 1.78029053658247 10.60443177074194 15.58001059293747 9.609172306954861 14.05395431816578 6.982579693198204 43.8941543623805 8.583862334489822 39.40921261161566 26.31520669162273 7.524525918066502 13.44696874171495 58.84997766464949 25.60519844293594 18.40372598916292 0 0 0 0 0 0 0 0 0 0 0 0 0.2949272394180298 0 0 0 0 0 0 6.14099133759737 4.16788262873888 0 0 0 8.318694993853569 1.950127184391022 7.610867612063885 2.548824988305569 1.348940879106522 0 0 0 0 0.8162444084882736 0 0 0 1.41478556394577 0 0 0 1.119493909180164 0 0 0 0.1674122363328934 0.1421638578176498 0.224442258477211 3.690855488181114 0 0.4199747443199158 13.50038647651672 1.107920452952385 0.1474801450967789 0 0 0.2572890222072601 0 0 0 0.1346294730901718 11.61489603668451 0.9213913828134537 0.6162152886390686 0 0.1286313533782959 10.69372399896383 1.184410214424133 6.766582973301411 0.537237673997879 3.587687246501446 1.389196261763573 0.5562839806079865 0.1989946663379669 0 0.1121029183268547 0 0 0 0 0 0 5.701752789318562 4.557807952165604 7.332756891846657 410.7548268064857 23.69642605632544 438.3708391115069 89.03052347898483 615.8603756204247 25.54581352323294 5.591049879789352 56.74641706049442 9.342762008309364 0 7.33662698417902 2.398849382996559 41.25463216006756 0 0.2228086143732071 0.2273562401533127 3.478802651166916 0 231.0435142591596 10.55378541350365
742.5028311237693 1700.821759544313 1586.786831974983 23.13261054456234 141.6556431427598 2.901993751525879 58.07154953479767 5906.399158388376 155.176748983562 42.94339770078659 2331.492526248097 137.8283747583628 434.860797688365 1180.352004393935 21.46296025812626 12.29366870969534 0.9458289965987206 3.073984138667583 0.5199139714241028 6.373149462044239 18.63017718493938 0 0.6321644335985184 0.4446243047714233 0.3121849372982979 0.6080928444862366 0 0.7836673557758331 0 0 3888.331933833659 1551.306001916528 107.8406255021691 1.284382902085781 1.75037994235754 0.3884420245885849 12.28421600908041 1.260548643767834 3.475430376827717 1.668409012258053 8.336124010384083 2.115191474556923 4.29696000367403 3.038401924073696 1.39484915137291 3.451368145644665 69.13626356422901 2.098548792302608 2.934566006064415 7.32732567936182 4.385183736681938 0 0 0.2102819383144379 3.179738730192184 2.512397684156895 144.8451520800591 400.1291510164738 14.91853896528482 45.74279048293829 1.265017040073872 3.905773393809795 0.9113944619894028 297.677583232522 2.000986374914646 1.493149258196354 0.2221565619111061 3.615350253880024 7.114940859377384 13.66411578655243 19.29794907569885 5.334750920534134 0.1706068515777588 123.3945209383965 50.27513928711414 158.3958926275373 118.3802422732115 28.26027575135231 61.27730411291122 661.3368623256683 2.118838660418987 41.37549455463886 5.734778814017773 1.354647502303123 1.414063706994057 1.788742020726204 2.324900344014168 0.1166411712765694 0.4535921812057495 0 2.583378322422504 0.1868543773889542 4.168912805616856 6.401738002896309 1.22154126316309 20.03612072020769 7.835482552647591 0 5.647199176251888 633.9057821780443 1.39511788636446 0.6634887456893921 3.038149982690811 0.6369527578353882 6.333365812897682 3.026955373585224 5.460015952587128 3.806619510054588 9.323565140366554 12.21357364952564 4.110615685582161 6.856575280427933 26.37491188943386 15.79870610684156 12.57243067026138 0.1622077375650406 0 0.3856703639030457 0 0.2565514147281647 0 0.2264226973056793 0 0 0 0.164574071764946 0 1.132096074521542 0 0.361799031496048 0 0.6751705035567284 0 0 4.39853373169899 4.407710015773773 0.2352211624383926 0 0 6.565354064106941 2.036577239632607 8.772658683359623 3.714583814144135 3.904389403760433 0.4200356304645538 0 0 0 0.558626115322113 0.1177423819899559 0.2089332342147827 1.438103556632996 2.7673379778862 0 0.1524625271558762 0 0.4744574129581451 1.204166799783707 0 0.3917997181415558 0 0.878851130604744 1.591770261526108 0 0 0 16.99903276562691 1.489028871059418 0 0 0 0 0.1554785668849945 0 0 0 15.46972580999136 2.550328642129898 0 0 0.4120823442935944 7.296080574393272 0 5.67157655954361 0.6482687890529633 1.16571731120348 2.900265261530876 0.1852136552333832 0 0 0 0 0 0 0.185308650135994 0 0 2.695331588387489 13.78292906284332 8.989514298737049 173.931548640132 7.151015125215054 163.2185344994068 49.04928895831108 41.92962783575058 14.47118334472179 0.5912228524684906 33.34404319524765 7.210090607404709 0 8.716481626033783 0.4471743106842041 10.45497956871986 0 0 0.3434722721576691 2.742038235068321 0.6437606811523438 39.05899055302143 7.948184281587601
826.6012662276626 632.2009241506457 23.13261054456234 872.7725650817156 27.11213500052691 315.5196640864015 367.2597311586142 3.672385208308697 2.866675898432732 2474.108282268047 10.31389506906271 224.711212053895 270.5276638120413 20.33730790019035 2.096789814531803 0.2371297851204872 0.1178278848528862 0.8620955348014832 0 0.2386437281966209 0.752793200314045 0 0.1345140188932419 0.1283735930919647 0 0 0.1207469180226326 0.1224746257066727 0 0 101.6163377612829 18.29495456814766 3.713757283985615 0.110118955373764 0 0 2.747312232851982 0 0.531363308429718 0.1460704058408737 0.1295834183692932 0 0.2524585798382759 0.1230609714984894 0.225143276154995 0.3845406770706177 16.60088147222996 0.9588450044393539 0.3112543076276779 0.862912580370903 0.09755650907754898 0 0 0 3.332386486232281 3.306437596678734 76.51982693374157 106.6374346762896 5.225701659917831 23.49006302654743 0.2665546238422394 0 0 54.28517992049456 1.492299981415272 1.019329942762852 0.1832777708768845 0.2181290686130524 0.2318099811673164 0.3186551928520203 10.13296765089035 0 0 73.77088059484959 20.70374697446823 71.52055892348289 10.68100515753031 1.948639154434204 0.3423676863312721 2.107641853392124 0.3104459345340729 0.1298811435699463 4.539576508104801 0.8044593185186386 0.2881308495998383 0.6006332784891129 0.3920837491750717 0.09405199438333511 0.3370743095874786 0 0.3595819696784019 0.08480145037174225 0.112942174077034 0.3282376229763031 0 8.791149839758873 2.603204935789108 0 1.719249784946442 411.0149479806423 3.893200322985649 9.984840750694275 7.374549940228462 5.773550137877464 10.7431680560112 3.013689242303371 35.73976097255945 6.451200246810913 35.07842622697353 23.8789042532444 6.10051029920578 15.17220357060432 31.31414339691401 16.84232060611248 10.96920343488455 0.1433054208755493 1.689555287361145 0 0 0 0 0 0 0 0 0 0 0 0 0 0 0.4207789599895477 0 0 2.472660146653652 4.15346348285675 0 0 0 2.44067770242691 2.329032778739929 4.874561637639999 1.887657567858696 0.7008948922157288 0 0 0 0 0 0 0 1.874388545751572 0.2415755540132523 0 0 0 0 0 0 0 0 0 0.1607659012079239 2.946199029684067 0 0 9.786025509238243 0.9597830772399902 0 0 0 0 0 0 0 0 3.270209133625031 2.595568537712097 0 0 0.1344442665576935 5.065462693572044 0 4.92537134885788 0.6652049869298935 3.382003381848335 1.638040721416473 0 0 0 0.07695928961038589 0 0 0.1187987998127937 0.09060517698526382 0 0 5.102619826793671 2.531641662120819 3.097753800451756 116.5580426007509 3.348371408879757 59.34922305494547 13.94085759669542 468.0631756931543 2.516102857887745 6.30914631485939 3.510907545685768 9.178366541862488 0 7.490549847483635 1.416023448109627 40.42874905467033 0.7043297290802002 0 0 0.7499890774488449 0 182.4572555944324 6.51353257894516
57.82857536524534 2430.887717314065 141.6556431427598 27.11213500052691 2062.180724181235 3.226302869617939 4899.764428652823 199.1549319848418 3828.642641097307 528.6495830789208 738.364001467824 128.7586146742105 2267.831362880766 1895.914442554116 17.53965497016907 3.213423021137714 0.1356518119573593 0.7854408994317055 0.497070200741291 2.142228364944458 0.7872261554002762 0 0 0.1020612418651581 0.1321520209312439 0 0 0.4740651398897171 0 0 102.4182590693235 45.42482706159353 11.0491553992033 0.2106836140155792 0 0.820635050535202 6.318170472979546 1.006911158561707 0.647495910525322 0.4117049798369408 0.09225284308195114 0.7082552760839462 1.137507610023022 0.3935728967189789 0.1227006316184998 0.3461063429713249 86.74610502272844 0.3292215839028358 0.5972170233726501 1.637788914144039 0 0 0 0.1258964687585831 2.186851315200329 2.105240479111671 27.05898414552212 79.08640337735415 4.278784722089767 42.12551617622375 0.6744275391101837 0.2380717545747757 0.2409476041793823 121.8723910972476 2.361686356365681 1.977085381746292 0.1016844063997269 0.8814052194356918 1.460509218275547 0.5102389007806778 15.36308210343122 0 0 72.80839709192514 35.13395927846432 142.9486695379019 89.35031362622976 7.883444778621197 1.946879096329212 1.939005024731159 0.9840294420719147 1.58764073997736 3.844492122530937 0.4012256041169167 0.9695331677794456 0.7191513106226921 0.5297368168830872 0.2247162088751793 0.6337729468941689 0.09273348748683929 0.7847011089324951 0 0.09383745491504669 0.419672891497612 0.2982290834188461 20.23528636991978 5.875705912709236 0 4.147495299577713 26.66993758827448 1.051971465349197 2.756677433848381 4.303663909435272 2.757032975554466 8.555415451526642 2.095467001199722 9.674986720085144 4.856063231825829 13.3332367837429 9.742249310016632 5.233305484056473 11.15467691421509 29.40697315335274 16.88031131029129 14.90122327208519 0.261544793844223 0 0 0 0 0 0 0 0 0.1358580142259598 0 0 0 0 0 0 0 0 0 3.525193400681019 2.897339761257172 0 0 0 6.39695006608963 2.900354534387589 4.363070294260979 0.7110019326210022 0.6452837288379669 0 0.3413667976856232 0 0 0 0 0 0.3934871330857277 0.2141559273004532 0 0 0.2424996793270111 0.1940973848104477 0 0 0 0 0.3896127790212631 1.48764979839325 0.4707470685243607 0 0 13.11306585371494 0.4761031866073608 0 0 0 0 0 0 0 0 9.491888605058193 0 0 0 0 8.977833710610867 0 3.193309441208839 0.3329253122210503 1.215587794780731 0.5108919888734818 0 0 0 0 0 0 0 0 0 0 3.152798101305962 3.36716003715992 5.304223462939262 188.8723252415657 10.81405940651894 184.5422427132726 36.16530857235193 35.69751689583063 13.82824818044901 1.028496138751507 44.75707542896271 3.227578490972519 0 5.142762079834938 1.125022917985916 7.578886047005653 0 0 0 3.690936848521233 0 33.07926784455776 3.562576293945312
212.9061557874084 150.1629795581102 2.901993751525879 315.5196640864015 3.226302869617939 14.01134604215622 59.45966801047325 0.2085514068603516 1.097870707511902 552.1661396771669 4.441456004977226 89.3535011485219 58.85508719831705 7.042768783867359 0.4429988265037537 0.1184782758355141 0 0 0 0.1466752737760544 0 1.226872384548187 0 0 0 0 0 0 0.4955437779426575 0 10.88205467164516 3.260962471365929 22.90042522549629 0 0 0 12.68891257047653 0.317453145980835 0.7006964832544327 0 0 0.2833198308944702 0.1195659935474396 0 0 0 0.2466527298092842 0 0.1605854481458664 0.5599765926599503 0.247724674642086 51.51188158243895 1.883406296372414 0.4843145310878754 0 0 57.11418813467026 8.633585952222347 0.3046741187572479 1.276302829384804 0 0.6861488372087479 0 0.692878320813179 0 0 0.4208628684282303 0.1214254945516586 0 0 52.19707304239273 191.4940149113536 11.91851237416267 2.259833052754402 0 2.182061985135078 0.3814976438879967 0 0 4.845159709453583 0 2.260335087776184 0 0 0.1299764961004257 0.9768936857581139 0 5.729037940502167 4.782594591379166 18.19969001412392 5.404944740235806 8.999616675078869 0 0.1894749850034714 2.515455886721611 113.7260796278715 128.6645200550556 15.47172921895981 18.9718579351902 333.0957210883498 0.5680640935897827 2.246073007583618 4.382392019033432 1.174043148756027 1.878815457224846 1.233599215745926 22.91109839081764 1.2501230686903 7.535708032548428 9.568509742617607 1.531889632344246 1.379506155848503 6.431268662214279 3.17211440205574 2.094258651137352 0 0.1433778405189514 0 0 0.1762390583753586 0 0 0 0 0 0 0 0 0 0.1038164049386978 0 0.2411298528313637 0.1713265180587769 0 0 0.7638109922409058 0 0.6718884706497192 0 0.6874736547470093 0 2.72234483063221 0.3520350456237793 0.1143736392259598 0 0 0 0 0 0.1350452303886414 0 0 1.220624923706055 0 0 0 0.2786435186862946 0 0 0 0 0 0 1.326474726200104 0 0 1.674414277076721 0 0 0 0.1174592152237892 0 0 0.5200970023870468 0 0 1.668360844254494 0.3213154375553131 0 0 0 0 0 0 0.4906858205795288 0 0.5434296131134033 0 0 0.1789447963237762 0 0 0 0.13266721367836 0.3426921665668488 0 0 1.125274866819382 0.2469594776630402 1.043571352958679 30.30129730701447 0 1.026076450943947 1.489773780107498 28.1877203732729 0.2417199462652206 0 0 0.490752100944519 0.4772298336029053 1.634690150618553 0 10.40688371658325 0 0 0 0 0 31.200717844069 0.4717996716499329
177.6101966947317 3811.081157930195 58.07154953479767 367.2597311586142 4899.764428652823 59.45966801047325 941.4840985238552 21.68474846333265 898.9272758215666 1457.859483033419 278.3446243479848 294.1433803662658 3801.498411983252 3115.765135541558 29.2764502838254 6.148995824158192 0.1007305681705475 1.36531313508749 0 3.594946451485157 1.728548519313335 0 0 0 0.1835389733314514 0.1821745187044144 0.1078720614314079 0 0.4756064713001251 0.1173268184065819 160.7306882739067 64.89431209117174 27.73344968259335 0.4958294183015823 0 0 12.50308191031218 0.8567954376339912 1.977667570114136 0.6701032593846321 0.3346789181232452 0.3712336346507072 1.039259418845177 1.346685528755188 0.8979310020804405 1.256067894399166 115.366713359952 2.649901069700718 1.355511546134949 1.501551173627377 0.4495797827839851 0.3188360929489136 0 0.3872408419847488 4.802797518670559 4.267984002828598 64.04181732982397 147.713875927031 11.10658351331949 68.8736474364996 2.023372896015644 1.422927096486092 0.4992721751332283 171.2327814176679 3.036807700991631 2.723113924264908 0.7285511866211891 0.1791987270116806 1.38572996109724 0.9484205022454262 36.39107950776815 0.826558530330658 0.1373211294412613 141.7134393379092 71.01376391947269 245.049649477005 109.7041033282876 6.59877772629261 1.793580882251263 1.984495259821415 1.431771956384182 0.9922952204942703 10.16408485174179 0.5634477213025093 1.748462125658989 2.747645244002342 1.671989366412163 0.1167014315724373 0.8056470081210136 0 1.135239690542221 0 0.1186453849077225 0.2152006402611732 0.5923165455460548 38.67736968398094 16.45142002403736 0 8.104258008301258 111.4004176929593 2.848407067358494 9.332921057939529 12.15928746759892 7.002036288380623 21.56049540638924 8.517438307404518 44.07176227867603 6.535633362829685 44.5509879514575 44.9872844517231 11.67279052734375 24.65575001388788 73.68614217638969 47.00280252844095 33.84843715280294 0 0 0 0.2229232043027878 0 0 0 0 0 0.1290725469589233 0 0 0.2118491530418396 0 0.3590383529663086 0 0.9798819124698639 0 0 6.697618156671524 4.409000933170319 0 0 0 7.160029329359531 2.011411845684052 11.9070783406496 2.824644424021244 2.997568711638451 0 0 0 0 0 0.1289747655391693 0 1.890805929899216 4.785652846097946 0 0 0 0 0 0 0 0 0.9184806942939758 3.606557220220566 3.187068924307823 0.175156906247139 0 31.28280733525753 3.396921962499619 0 0 0 0 0.1129856109619141 0 0 0.1187882125377655 22.53020748496056 1.462268337607384 0 0 0.3371033370494843 17.05989755690098 1.26124706864357 10.11433388292789 2.082347638905048 5.098213396966457 5.225377932190895 0.903630793094635 0.1739420294761658 0 0 0 0 0 0 0 0 8.018920488655567 8.941006794571877 10.6440836712718 318.0584447830915 17.25663359463215 296.9488771110773 55.07039768248796 223.9733822196722 18.69095401465893 1.734209179878235 57.48496059328318 11.73132975399494 0 12.08421806246042 6.413575984537601 39.42338238656521 1.503439731895924 0 0 2.633460208773613 0.4519782960414886 147.1768800616264 15.87749501317739
226.0824614614248 356.5939777269959 5906.399158388376 3.672385208308697 199.1549319848418 0.2085514068603516 21.68474846333265 2221.928950995207 362.5798999220133 18.86984203010798 1924.97317789495 104.7313536778092 390.8000875562429 1140.382584609091 72.40840784460306 51.75903346389532 2.400425300002098 45.00631430745125 6.288218908011913 261.8641455546021 574.7975559234619 0 47.38039813190699 27.68260975182056 2.601670704782009 14.08342386037111 1.917990267276764 16.2481938675046 0.2710564732551575 0.8330869823694229 876.6504388973117 3846.218479990959 149.6710527688265 40.68595491349697 36.00654695183039 27.74848514795303 30.86409465223551 16.19064905494452 4.957672856748104 3.101814158260822 145.3093953505158 23.59115651249886 72.48554862290621 33.40057180821896 14.08248200267553 96.73060270398855 168.1836105883121 2.053665958344936 18.11666946858168 67.63648991286755 32.24026723206043 2.246814459562302 0.1399467289447784 3.36750739812851 3.192544482648373 1.923902049660683 44.53239172697067 125.7026500701904 6.550143107771873 51.25661330670118 287.0939683392644 111.9507047757506 107.1844411715865 257.9334980323911 2.077851645648479 6.115629084408283 3.274253733456135 24.70303675532341 70.03632070869207 227.1480428650975 12.84785254299641 6.938485741615295 0 82.46574885398149 74.471774302423 251.9040955528617 407.8383634835482 587.875154517591 1414.539846591651 1537.135744325817 140.1043274477124 1295.15922421962 5.082607999444008 0.3796065002679825 2.699263162910938 0.915992371737957 19.17294574528933 0 1.758021719753742 0.122441291809082 20.67955730855465 1.923138476908207 42.85184929519892 59.74397252500057 18.91909094899893 13.87693656980991 3.483652964234352 0 4.170030355453491 159.4417308568954 0.3577744960784912 1.840247973799706 0.9804132431745529 0.7387761324644089 2.369409501552582 0.5495728999376297 2.908725708723068 1.129857853055 3.602928832173347 4.039697989821434 3.146264687180519 2.458916485309601 7.726469084620476 8.918266452848911 5.923940032720566 1.039957046508789 0.1213312670588493 0.1543438136577606 0.6513009369373322 0.1183909177780151 0 0.7575813978910446 0 0 0 0.5803938508033752 0.1618162542581558 1.390617564320564 1.026319548487663 0.6235745027661324 0.1676148474216461 1.761335976421833 0.8154714852571487 0.2900723516941071 0.7891786396503448 0.4887949526309967 0 0 0 7.612287499010563 2.344387784600258 10.88385353237391 7.761447943747044 6.029511317610741 0.6599668860435486 0.4189852178096771 2.064128935337067 0 1.117590188980103 0 0.5869105607271194 0 1.436353981494904 0 0.6740801930427551 0.336001992225647 4.787025354802608 6.232431821525097 0 0.1924651563167572 0 0 2.563333533704281 0.7019429206848145 0.4138643890619278 0 8.133720338344574 0.184028685092926 0 0 0.1220469102263451 0 0 0 0 0.4543680846691132 10.73383755236864 1.552362680435181 0 0 9.435051597654819 4.428524285554886 2.052254319190979 3.63831327855587 0.1814901083707809 3.431440263986588 1.488335117697716 1.052665814757347 0.160346120595932 0.3208842724561691 0 0 0 0.1137828826904297 1.93512387573719 0.1173106208443642 2.01004695892334 1.351582527160645 17.73384819179773 14.16385712474585 414.1837590709329 32.97871527075768 343.3696958422661 107.3500737398863 25.52488353103399 25.45204655826092 0.4170727133750916 90.70602816343307 9.163876660168171 1.258876919746399 7.865043148398399 2.091573774814606 9.822570145130157 1.350035429000854 0 0 8.282460294663906 0 20.51778719574213 11.03645125031471
10.30812740325928 589.9487037733197 155.176748983562 2.866675898432732 3828.642641097307 1.097870707511902 898.9272758215666 362.5798999220133 546.5798499137163 126.1520754098892 796.8804874420166 33.60235330462456 1653.622533045709 1194.634847201407 12.46047582477331 5.0197933614254 0.1586352735757828 0.1958470642566681 0.4162845760583878 0.4389833807945251 0.8964986354112625 0 0 0 0 0.1475648880004883 0 0.8392424732446671 0 0 39.22117458283901 19.34620243310928 10.18497122824192 0.2858448475599289 0 0 3.565810233354568 0 0.9281920865178108 0 0 0.1161109581589699 0.576372504234314 0.5581354349851608 0.2188298404216766 0.3273754417896271 41.74262168258429 0.2191194444894791 0.4278782606124878 0.4081861600279808 0.2313094362616539 0 0 0 1.135126791894436 0.7045195326209068 6.638715192675591 22.10396925359964 4.002561517059803 18.92123654484749 1.071486324071884 0.129849299788475 0 51.43764793127775 0.7795558199286461 0.7644359320402145 0 0.1247990131378174 0.2412330135703087 0 11.82886657863855 0.2373905777931213 0 26.34509674459696 20.91425724327564 77.05529892444611 50.66255921125412 5.32865234464407 0.666486069560051 0.7304214388132095 0.3071603178977966 0.6956607401371002 2.339289240539074 0.2185694351792336 0.1951458305120468 0.6766159757971764 0.2320851013064384 0 0.4219797253608704 0 0.3577321618795395 0 0.1255452930927277 0 0.1331719905138016 10.87995792925358 3.831192061305046 0 1.746307939291 5.696408152580261 0.1074330359697342 0.5083224177360535 1.787572398781776 0.7921299934387207 2.497100532054901 1.486637309193611 4.077208787202835 4.475521087646484 4.527207732200623 9.969898030161858 3.574678793549538 4.313260465860367 16.43212609738111 7.609274886548519 9.252817541360855 0 0.4185079038143158 0 0 0 0 0 0 0 0 0 0 0 0 0.2762923836708069 0 0 0 0 1.650867596268654 1.459410071372986 0 0 0 2.353366568684578 2.524488568305969 3.279854074120522 0.1587110459804535 0.4470573961734772 0 0 0 0 0 0 0.1892840266227722 0.6173455119132996 0.4739282429218292 0 0 0 0.5840296670794487 0 0 0 0 0.2733981013298035 0 0.3803500831127167 0 0 10.60605888068676 1.351086631417274 0 0 0 0 0 0 0 0 4.213904358446598 0.5861354768276215 0 0 0 2.122326254844666 0 5.258795902132988 0.7235199213027954 2.146750867366791 0 0.5966206192970276 0 0 0 0 0 0 0 0 0 0.9920076876878738 3.775970071554184 2.220099911093712 98.33357214182615 6.39323702454567 88.991829238832 19.00766605138779 6.327778808772564 4.307746812701225 0.3264841586351395 21.2927872389555 1.839519768953323 0 4.010964721441269 1.086852595210075 4.939030826091766 0 0 0 1.754947140812874 0 13.42782440781593 0.6572988778352737
796.8210612460971 1122.01189801842 42.94339770078659 2474.108282268047 528.6495830789208 552.1661396771669 1457.859483033419 18.86984203010798 126.1520754098892 2688.906003437936 210.5838629603386 2617.422641523182 5448.755213834345 471.7905948981643 17.71133256703615 8.804834194481373 0.2505635097622871 1.110902719199657 0.7194649428129196 1.671151608228683 2.719123631715775 0.6349049210548401 0 0.4928636252880096 0.1738558709621429 5.254025489091873 0 4.378533452749252 0 0 72.58587472140789 26.93127034604549 172.9854967668653 0.1363746672868729 0 0.6779810190200806 113.1512545347214 5.116610929369926 5.397985987365246 0.9416258260607719 1.865435481071472 5.112912982702255 0.6977577954530716 1.383507937192917 0.6946244463324547 0.2030103504657745 51.25605114549398 0.6486709341406822 1.295411817729473 0.9323190674185753 1.861686773598194 0.597064882516861 1.514268398284912 0.2637161910533905 1.92768057435751 1.677338518202305 97.73757238686085 79.85683353245258 6.611691512167454 29.48436935991049 0.6734233051538467 4.324984967708588 0 64.45616136491299 1.604690372943878 1.133306495845318 0 0.4801508188247681 1.388841703534126 1.976737134158611 1063.59324786067 7.534452512860298 0.1067321226000786 63.36975555866957 27.16945155709982 101.894629098475 30.47734001278877 4.785501167178154 0.4740669503808022 1.980682007968426 1.205698937177658 5.343519240617752 3.469956248998642 0.472976878285408 0.9032178446650505 0.9013147875666618 0.9030597060918808 0 0.3827771991491318 0.1154616624116898 2.085254870355129 0 0.3887093216180801 3.230686008930206 5.37587021291256 556.4722743108869 431.1218354105949 0.1382962316274643 116.0911764800549 629.2441965192556 15.39013613015413 60.68653813749552 69.94685233384371 32.40879222005606 89.25818625837564 52.38100466877222 263.0991819500923 74.23440431803465 232.9695313647389 249.4548516571522 61.73609115183353 149.8370846286416 445.0048556029797 233.3632928654552 160.7937029004097 2.076176211237907 0.5483780950307846 0 0 0 0 0.2510644495487213 0.1329925358295441 0 0.1536950320005417 0.1383106261491776 0.8217978477478027 1.388932168483734 0 0.5050789415836334 0.2707504332065582 0.8859941065311432 0 0 35.7836084663868 26.89532236754894 0 0.1595536023378372 0 54.76315201073885 11.99386768043041 57.08621043711901 11.44877491146326 9.025707110762596 0 0 0 0.3716027438640594 1.234244704246521 0 0.3885257840156555 7.08212336152792 12.8524649515748 0.1267842799425125 0 0.1504596322774887 1.64777834713459 0.4752877950668335 0.4012255966663361 0.4950457811355591 0 4.838840864598751 9.757732525467873 10.35815064609051 2.230552196502686 1.116040349006653 136.2509410828352 7.259730398654938 0 1.382290989160538 0 0 0.3900905698537827 0 0 0.5767609626054764 93.9095191732049 5.510167375206947 0.2474515736103058 0 0.3590942919254303 74.6724297106266 0.8629094809293747 77.94723579287529 15.91033141314983 22.6657377332449 14.59474594146013 2.11919142305851 1.250591620802879 0 0.126070111989975 0 0 0 0 0 0 53.07373807579279 39.57275621592999 38.98199043422937 370.9918239489198 9.857341676950455 153.3192376047373 42.22196438908577 716.7334120348096 14.02419430762529 4.639572568237782 33.74183411151171 40.26350686699152 0.8203002661466599 48.96492355316877 19.36353427916765 216.7848080545664 2.8571737408638 0.8583816289901733 0.3734787404537201 2.879365772008896 0 1146.625383242965 81.38644589483738
147.658731110394 749.8166729062796 2331.492526248097 10.31389506906271 738.364001467824 4.441456004977226 278.3446243479848 1924.97317789495 796.8804874420166 210.5838629603386 1059.265784397721 452.516976967454 3117.257108338177 7214.039459422231 51.16492979228497 32.69716420769691 0.8838043212890625 2.351946517825127 0.2131310254335403 4.120907992124557 13.17377781867981 0.8816158175468445 2.06619331240654 0.6277326792478561 0.7117878645658493 3.457375481724739 0.1465395241975784 6.26370944827795 0.5194422006607056 0 334.0130869522691 339.3550555184484 545.1662965640426 1.851537361741066 1.611580476164818 4.65442331135273 74.42624741792679 28.93585435301065 7.77263692766428 4.871395170688629 12.22308293730021 6.068752333521843 4.442420415580273 2.814191356301308 1.019376292824745 1.146148160099983 83.07348714023829 0.9749301597476006 2.477197855710983 6.06530573964119 6.261410713195801 0.1539012640714645 0 1.976580366492271 1.57521828263998 0.6451525613665581 24.03542842715979 57.30585435032845 3.305900752544403 30.65032892674208 0.5197294652462006 31.63218628615141 2.361700221896172 62.65352301299572 1.051472805440426 1.053290084004402 0.4348438233137131 2.035116195678711 5.023375950753689 10.48761296272278 31.47342398762703 2.9681386500597 0 53.52568453550339 32.34704254567623 156.5711218193173 115.2203285098076 12.39004484564066 23.70415051281452 317.3759641498327 0.102311372756958 232.1560232564807 3.350960895419121 0.4943684414029121 0.7207458838820457 0.7983659580349922 2.031500615179539 0 0.5746995508670807 0 6.753206677734852 0.622237429022789 8.875183515250683 12.22531018406153 9.778996810317039 34.26709346473217 4.431244045495987 0 4.384224936366081 76.67100410908461 3.238873168826103 4.0493553429842 5.12745439261198 2.29605758190155 5.056449353694916 3.3918117582798 8.178244382143021 3.36995792388916 15.27340745925903 17.62759105861187 4.911995813250542 10.79835189878941 37.41336181759834 23.79732513427734 16.78878547996283 0.1380670368671417 0.4831748902797699 0 0.2008152008056641 0.1397110670804977 0 0 0 0 0 0.2319099009037018 0 0.9369699880480766 0 0 0.1479858607053757 0.2920663580298424 0 0.144262820482254 4.076976358890533 1.560142740607262 0.1126457303762436 0 0 6.163876503705978 2.171786174178123 6.044349551200867 1.145943582057953 3.040291026234627 0 0 0 0 0.1512788534164429 0.2867266982793808 0.3236866593360901 1.111360400915146 1.150720804929733 0 0 0.7498067021369934 1.841773197054863 0.2800563275814056 0 0 0 0.1262665838003159 0.8215492516756058 0 0 0 14.08992385864258 0.2392319440841675 0 0 0 0 0 0 0 0.445995420217514 9.128630086779594 1.950862988829613 0 0 0.1228381246328354 7.749622508883476 0 5.668801680207253 2.477613888680935 2.483153536915779 0.7780337482690811 0.3400225043296814 0.1311005800962448 0 0 0 0 0 0 0.7555878758430481 0 4.327504463493824 13.69981990009546 7.093114137649536 286.775221966207 11.44015583395958 188.9728904515505 63.85983128100634 18.72229621559381 18.49681095033884 0.4343398809432983 65.11286867409945 5.97343747317791 0.1399590522050858 4.781737998127937 0.4342058598995209 6.598216831684113 0.5947361588478088 0 0.5400391817092896 6.731626853346825 0 37.00908487290144 14.24051508307457
102.485077612102 150.6744835749269 137.8283747583628 224.711212053895 128.7586146742105 89.3535011485219 294.1433803662658 104.7313536778092 33.60235330462456 2617.422641523182 452.516976967454 568.3674352318048 2193.98222527653 403.5065390020609 43.29670144617558 35.84015584737062 1.766089670360088 2.46637761592865 0 1.932209268212318 6.425780266523361 2.549851328134537 0 0.9620280265808105 0.5583400428295135 7.112228453159332 0.3384807854890823 5.326132446527481 0.6669991463422775 0 54.7708118185401 29.90561930090189 151.2033285051584 0 0 3.051093474030495 111.5138038396835 14.23355763405561 18.52436761558056 5.046125568449497 9.314105987548828 7.920333310961723 2.178927794098854 1.676939651370049 0.3453497290611267 0.661768451333046 45.43070524930954 0.2916198223829269 1.024304553866386 5.846296824514866 5.31053863465786 0.1311162859201431 0.781768836081028 0.8648255690932274 0.4076767563819885 0.8536579757928848 19.45826926082373 25.72991346567869 1.05393049120903 9.966272197663784 0.5855334252119064 4.013385631144047 0.1966620981693268 24.8286197707057 0.2123981192708015 0.3521771132946014 0.5406048893928528 3.253584183752537 2.798321194946766 4.829693339765072 375.3944666981697 6.310699865221977 0 18.4200285077095 9.654773749411106 66.17353906482458 51.5378861874342 13.87104005366564 0.1040818691253662 41.55110967159271 0.5027807652950287 0.7110812291502953 1.091968216001987 0 0.5207865163683891 0.7443341389298439 1.247895814478397 0 0.1219414919614792 0.3480280041694641 4.711500234901905 1.003750078380108 4.404874220490456 7.399076700210571 8.04844656586647 814.9427463263273 129.8916132077575 0 62.20481373369694 157.6035580262542 10.61422608047724 26.81460044533014 56.27484576404095 13.80473700910807 71.10032875090837 27.72840094566345 143.0117915719748 40.00749408453703 180.192257001996 174.5395410433412 40.2815403714776 109.7613822519779 412.286441527307 216.0297314152122 115.594990812242 0.8516136556863785 0.2404506728053093 0 0.3075023293495178 0 0 0 0 0 0.4461822807788849 0.5160934329032898 0 0.5641523599624634 0.1602040678262711 0.3805126696825027 0.7136847674846649 0.6463773027062416 0.6459980010986328 0.1418646275997162 20.40221150964499 17.56201294064522 0.1397887319326401 0 0 24.33148158341646 3.880475848913193 23.02543600648642 5.830264620482922 4.310226783156395 0.5486305207014084 0 0.1626102328300476 0.3542056083679199 0.459047943353653 0.4622084647417068 0 1.696158014237881 8.596884429454803 0 0 0.5093721449375153 0.6827047988772392 0.1858643889427185 0.1222406253218651 0.4463324397802353 0.5676780790090561 2.377316191792488 5.577842101454735 3.071134097874165 0.4697317481040955 0.1527233272790909 66.6548929810524 8.33725568652153 0 0.4721828401088715 0 0 0 0 0.1460477262735367 0.1276248246431351 49.24150861054659 7.066671743988991 1.126696571707726 0.2493268251419067 1.484580919146538 42.96255988627672 1.22704541683197 32.93035472929478 5.317889578640461 9.895092189311981 7.394776128232479 2.792413309216499 0.2553643956780434 0.3379223346710205 0.181859940290451 0.1992240250110626 0.1721607744693756 0.1505184322595596 0 0.1265273243188858 0.1646004468202591 52.9835963472724 21.9517420977354 18.66207909584045 377.3081712350249 7.152708075940609 120.6035426110029 66.46279623359442 165.1969521567225 13.55276495218277 1.250099778175354 54.47094788402319 24.41763687878847 0.1477520912885666 27.38206386566162 8.911579690873623 86.62009451538324 1.355899006128311 0 3.002442598342896 4.883909106254578 0 1038.463986992836 106.7857996597886
134.74541272223 1575.05324523896 434.860797688365 270.5276638120413 2267.831362880766 58.85508719831705 3801.498411983252 390.8000875562429 1653.622533045709 5448.755213834345 3117.257108338177 2193.98222527653 4423.863135553896 4731.06113692373 83.34215874969959 60.49625478684902 2.665550820529461 2.773475579917431 0.3736796900629997 3.104059144854546 8.209522679448128 1.958236560225487 0.5498188361525536 0.7955554872751236 5.535821385681629 6.041244670748711 1.42805153131485 11.84711384773254 0.5605079829692841 0.5938064306974411 126.9641135111451 56.85614218562841 806.9602025747299 0.4750956892967224 1.432223930954933 5.819445550441742 463.3169478029013 53.70284779369831 41.67484454065561 14.08026263862848 8.315034806728363 7.538292795419693 4.103424414992332 4.698815852403641 0.5016214847564697 1.146380551159382 125.5786367803812 1.228503450751305 1.618518061935902 5.682458586990833 4.484504170715809 1.91377480328083 1.565953865647316 2.657446518540382 2.449892953038216 1.829599723219872 32.84028884768486 68.80598166584969 4.154716834425926 33.84351556003094 0.6131778433918953 40.08082327246666 1.889153949916363 80.56098298728466 1.123724259436131 1.660274632275105 0.6620554476976395 2.501813165843487 5.25417947769165 6.044981509447098 442.5146233662963 15.43821743130684 0.2869397401809692 57.41777017712593 31.78894732147455 189.4994577243924 117.3743518963456 18.93474476784468 1.022898629307747 267.1833660081029 1.284844249486923 7.084124736487865 3.331617787480354 0.5815616995096207 0.6418671831488609 1.341662891209126 1.805018581449986 0 0.7252970486879349 0.3519538938999176 5.99776367098093 2.025504492223263 2.148133844137192 13.90791230648756 11.93098020553589 1077.125781081617 90.51679754257202 0 60.62214445322752 121.0128495246172 11.39302013069391 29.35057134926319 72.16788566112518 18.69888539612293 90.11168641597033 46.15138981491327 140.0128777697682 57.42171696573496 232.8032126575708 181.3347107470036 51.03435604274273 139.0568383038044 507.9740979149938 284.3158152103424 157.029334038496 0.7123093754053116 0.4977860450744629 0.6706952005624771 0.3931740373373032 0 0 0.2975384742021561 0.1520331054925919 0.3874159157276154 0 0.6216302365064621 0.1480985879898071 4.095718786120415 0 0.1481031179428101 0.4819835722446442 1.189654462039471 1.067292466759682 0.4452861994504929 34.30837129056454 22.93056771159172 0.8785328269004822 0 0.5216416269540787 45.66209404915571 6.987692102789879 47.73796908557415 9.915509879589081 9.191816881299019 0.4903744161128998 0.1263996958732605 0.912452757358551 0.2396050542593002 0.113533727824688 0.4911875128746033 0.509985513985157 2.956270910799503 15.28703942894936 0 0.2843190208077431 1.406970851123333 3.041577026247978 1.124571807682514 0.1074863150715828 0.4146849811077118 0 3.250435099005699 7.817988894879818 6.108400017023087 1.978546142578125 0.1613035351037979 115.3662413880229 8.175949305295944 0.3267988860607147 0 0 0 0.6669405326247215 0 0 0.9356461837887764 81.64429836720228 7.397083565592766 0.7244043946266174 0.7194840013980865 1.252113997936249 70.01804040372372 1.937250316143036 51.81443356722593 13.03652137517929 14.95406899601221 13.09653261303902 4.666948825120926 1.489005953073502 0 0 0 0 0 0 0.1121866479516029 0 64.5599470064044 39.79394686967134 28.88989047706127 701.3683848828077 17.98083952814341 293.5123831927776 140.7643681019545 130.4805211350322 34.2435025498271 0.5774395614862442 103.8422657251358 29.30239317566156 0.6681008338928223 39.04033572226763 11.5117329955101 99.80751729756594 0.6371183395385742 0 2.936172619462013 7.656534552574158 1.866969347000122 726.9985094964504 127.5149956271052
