109.2606555745006 4091.786954082549 945.9515400156379 1158.848267354071 310.3007532507181 27.06908470392227 393.5248420387506 53.95942416787148 5.935015611350536 524.975078292191 83.43949831277132 35.06808383017778 46.01852699369192 34.67399652302265 7.706466123461723 1.474630557000637 0.1022774130105972 0.08870971202850342 0 0 0.3938609585165977 0 0 0.09826763719320297 0.08463689684867859 0.1011829972267151 0 0 0 0 736.8160319328308 1.110260844230652 11.29334358125925 0 0.0852629691362381 0.491330660879612 7.921219632029533 0 1.301598861813545 0.4604722559452057 0.1011004745960236 0.1414532214403152 0.8864652216434479 0.09434796869754791 0.09288971126079559 0 76.92864204198122 7.406336396932602 0.7366913110017776 0.1183993071317673 0.9248984754085541 0 0 0 10.83069659769535 4.436670511960983 95.47341020032763 395.1856423020363 51.8101709485054 66.87054543942213 0.7002890184521675 7.742300681769848 0 12.22336821630597 3.484318904578686 3.369798816740513 1.151169002056122 1.674367167055607 0.2214692980051041 0.6916631236672401 26.93313004821539 2.845429450273514 0.8007421568036079 88.26017684489489 21.37361647188663 37.36253242939711 8.595875523984432 0.8850874528288841 1.242522597312927 21.65816427022219 0.2481314912438393 18.1241115257144 28.46578764915466 0.1137511432170868 3.728016491979361 3.006995774805546 1.383029192686081 0.1188207641243935 0.4493148773908615 0 0.4763103798031807 0 1.012064248323441 0.7068707495927811 0.9666861817240715 44.47093548625708 9.004628211259842 0 5.890369921922684 986.113110922277 1.036286860704422 0.3582243919372559 1.45950123667717 0.3130500167608261 4.874251939356327 26.93548361212015 1.949947342276573 14.01930502057076 24.7291104644537 8.922442898154259 3.966605052351952 12.56746658682823 14.08992873132229 16.26197300106287 2.407095775008202 0.2493986189365387 0.1383681297302246 0 0.09805704653263092 0 0 0 0 0 0 0 0 0.09811215847730637 0.1707639545202255 0 0 0 0 0 5.638115271925926 4.02662093937397 0 0 0.1216687560081482 4.24125337600708 1.239591255784035 8.381748050451279 0.9453855007886887 0.9456201791763306 0 0 0.243657112121582 0 0 0 0.4396878182888031 0 0 0 0 0.1416343301534653 0 0.09552818536758423 0 0 0 0.3585096299648285 0.5762196704745293 0.1881766468286514 0 0 6.986994825303555 1.680019527673721 0 0.3032390177249908 0 0 0 0 0 0 7.509031407535076 0.1264095604419708 0 0 0 7.65476717799902 0.6469832062721252 6.00580783188343 0.2913882285356522 0.5559282824397087 0.6000209301710129 0 0 0 0 0 0 0 0 0 0 4.030290260910988 0.9912841394543648 1.212603501975536 161.8834598585963 4.752402536571026 93.98154846578836 12.67909544706345 719.8662383556366 21.69849320501089 0.6558863818645477 7.069357961416245 1.189139701426029 0 0.2117017358541489 0 17.29473721235991 0 0 0 0.5399279594421387 1.74161958694458 303.8670112416148 22.21713007986546
4091.786954082549 1674.181726515293 1018.251353450119 1256.935965269804 998.8900037035346 263.82922321558 1004.561437666416 579.4085175693035 583.573721960187 1588.649147458375 742.3459203317761 383.3455891534686 1467.366833373904 580.0733349919319 48.23949061334133 7.198188066482544 0.6151057630777359 0.5095861777663231 0.09517988562583923 0.6604577600955963 1.808843284845352 0 0.5555155053734779 0.6891291290521622 2.471810393035412 1.29975638538599 0.6517887637019157 0.454842135310173 0.2158976644277573 0.1307861506938934 1360.368368037045 23.65151632577181 25.04506269842386 0 0.4005663394927979 1.006910562515259 7.667286664247513 0.8711133077740669 0.9056946784257889 1.025317966938019 2.135801896452904 1.411935307085514 1.132818602025509 1.646668188273907 0 0.5527300909161568 304.5690612196922 14.22248747944832 2.159216776490211 0.5856117755174637 1.854252852499485 0 0.1035102382302284 0.5950016528367996 17.49016971886158 10.11435721814632 107.7337394431233 434.9861104339361 120.777135707438 193.0509129390121 1.121600992977619 4.948637016117573 0.2485015317797661 46.89184575527906 8.587988615036011 8.05347502976656 3.342090383172035 5.183700211346149 0.609818622469902 3.847915820777416 25.55286630988121 0.5309403911232948 0 267.6412745788693 108.5586747080088 242.6248560026288 161.6450462862849 4.480463348329067 2.158105455338955 85.54802060872316 1.259524777531624 8.486827306449413 63.03982634842396 0.08242301642894745 7.405506365001202 7.370219752192497 2.739139914512634 0 1.271167501807213 0.1169037073850632 1.752000018954277 0.2007795795798302 6.330205701291561 2.447839885950089 1.507579036056995 85.23030917346478 1.133202828466892 0 2.178375691175461 1136.946238778532 1.838096521794796 0.1792208552360535 14.63033978641033 5.111494369804859 17.3878343179822 71.4868561476469 12.20095232129097 60.72595632821321 9.779657676815987 13.2862329557538 26.0807890817523 50.94355341792107 59.84489023685455 53.91531531512737 14.08811096101999 0.3487971872091293 0.2155732810497284 0.09327100962400436 0 0 0 0 0 0 0 0 0 0 0 0.2718914449214935 0.1148183196783066 0 0 0 14.67891568690538 9.322600074112415 0 0 0.1059451922774315 8.670584380626678 0.20772685110569 10.15949083864689 1.523906417191029 0.4102174043655396 0 0 0 0.1470640450716019 0 0 0.09309174865484238 0.09998369216918945 1.404526397585869 0 0 0 0 0.3115568980574608 0.2461035251617432 0 0 0.7632324546575546 0.8541620224714279 0 0 0.7404618263244629 14.64835677295923 5.920812755823135 0.1475030332803726 0 0 0 0 0 0 0.08187507838010788 26.30774825066328 1.13324236869812 0 0 0 35.60385529696941 1.744948923587799 8.838867984712124 0.4219317585229874 1.524091884493828 0.9078445956110954 1.186617292463779 0.5320232808589935 0 0 0.1412998586893082 0 0 0.08481168001890182 0.5450742915272713 0 31.50932377576828 5.27531822770834 2.347790375351906 478.4569794982672 17.09995703399181 344.0180922225118 61.13500509411097 1087.869918130338 66.89669229835272 1.100458532571793 36.50171724706888 5.518663257360458 0.1536435186862946 3.842714384198189 1.034120842814445 21.6192696467042 0.1855239868164062 0.1320944577455521 0.07857741415500641 8.333904534578323 1.364365711808205 351.2209988310933 82.82709491997957
945.9515400156379 1018.251353450119 1868.146372847259 12.34169287979603 515.8227020129561 7.300399541854858 94.70102191716433 4250.707675255835 287.5055940002203 124.3278307244182 2258.67076574266 135.4032501727343 364.5975821390748 641.4250451251864 58.95972596108913 24.05303961038589 4.330766566097736 0.5275831446051598 0 1.91486519575119 27.76229260116816 0 6.420781299471855 3.720755130052567 24.91650892794132 10.10822936892509 5.553126610815525 2.180781863629818 0.3500940650701523 0.6132951900362968 2863.64447811991 140.5644561350346 72.11486831307411 0.8161676004528999 5.502713039517403 7.374461710453033 13.83026722818613 4.655196860432625 3.593222863972187 3.34930282831192 25.02022186666727 5.742714576423168 4.783854089677334 3.23569244146347 0.1118071898818016 0.4706246256828308 148.8555840402842 13.03442105650902 2.49510033428669 1.296607233583927 7.649329610168934 0.3780580461025238 0.1132482141256332 1.463054001331329 14.29705303907394 5.653868615627289 102.5512392818928 559.930195607245 82.67186594009399 105.5266549065709 12.95215409994125 33.23072747141123 0.4491223320364952 67.04615602642298 5.717363469302654 9.407008044421673 4.803125828504562 8.263261087238789 8.523910362273455 51.02080112695694 24.52346460521221 2.679420366883278 0.1954062283039093 178.3275396004319 84.52392118424177 147.3802203536034 78.34296055138111 9.562260374426842 56.45418681204319 633.699273750186 6.965901426970959 102.5725887417793 40.66080126166344 0.1190637499094009 7.95310951769352 5.019772410392761 2.300219871103764 0.1144869476556778 0.9254129603505135 0.09392068535089493 2.584906242787838 1.003023579716682 76.11141940951347 18.88555988669395 6.903381235897541 43.55977850407362 0.7979596257209778 0 2.228929489850998 448.1161257475615 0.6812631338834763 0.2979080229997635 6.555706866085529 2.722389400005341 16.33831869065762 13.63207682967186 3.216415911912918 25.84341107308865 3.855748496949673 11.17951439321041 14.32751486450434 31.9736762046814 35.68028238415718 34.15188261121511 7.345096416771412 0.2195086032152176 0.09650902450084686 0 0 0 0 0 0 0 0 1.263446860015392 0 0.09044857323169708 0 0 0.288745179772377 0 0.1113429665565491 0.3035180270671844 12.3361334130168 10.4588992074132 0 0.2117215842008591 0 10.47002103924751 0.3635900244116783 12.2883520051837 0.6302284896373749 0.4323830232024193 0.251522995531559 0 0 0 0 0 0.1463081538677216 0 1.847573488950729 0.1376883387565613 0 0.4097168669104576 0.2293435856699944 1.306638203561306 0 0.5747736543416977 0.08736885339021683 0.7003983557224274 1.065482430160046 0.1888355016708374 0.08792567253112793 0.7120493054389954 17.16287483274937 3.063127756118774 0 0 0 0 0 0.09990983456373215 0 0.6808332353830338 26.14331836253405 1.744821652770042 0 0.3099158480763435 0.4582203030586243 21.87712609767914 1.389441154897213 9.367832638323307 0.2314177006483078 2.134338274598122 0.8921122401952744 0.6498699635267258 0.08629044145345688 0 0.09853029996156693 0.1111302822828293 0.08660432696342468 0.08724956214427948 0.2071739658713341 0.3751528114080429 0.1010499894618988 15.26202180981636 5.76610504090786 4.110120303928852 310.3299132809043 15.1674063205719 210.6487690061331 54.60950297117233 205.8293514028192 38.20193953067064 1.457811817526817 18.86459991335869 4.996737889945507 0.2404109910130501 1.967095255851746 0.6695832908153534 6.094822429120541 0.2522071748971939 0 0 9.601701527833939 1.43601443618536 93.35583472251892 37.40642131119967
1158.848267354071 1256.935965269804 12.34169287979603 503.1398896574974 41.1383914873004 240.4452364966273 403.0381544157863 3.296822533011436 3.027166336774826 1120.418487757444 9.156112797558308 105.2788458615541 263.2755342498422 18.73060043901205 1.007207825779915 0.08453202992677689 0 0.09884687513113022 0.1175881400704384 0 0.3767648488283157 0 0 0 0 0 0 0 0 0 27.91533589363098 0.08752342313528061 0.6543414890766144 0 0.08385414630174637 0 1.218251645565033 0 0 0 0 0 0 0.0965517982840538 0 0 10.03165045380592 0.7191094607114792 0 0 0.2165989130735397 0.1093363612890244 0 0.1260579228401184 0.6981814801692963 0.7395161464810371 10.25468844920397 18.69154118001461 6.557179659605026 5.937654420733452 0 0.6217131465673447 0 0.5757514014840126 0.3514503091573715 0.3805032894015312 0 0.1661714166402817 0.2201797738671303 0.1830868124961853 0.8992131352424622 2.484589740633965 0 12.46915559470654 3.434796929359436 7.573066532611847 3.055398859083652 0.5873617306351662 0 1.076463058590889 0 0.9464065134525299 2.106628283858299 0 0.2585738971829414 0.4274231642484665 0.08848923444747925 0.1317034065723419 0 0.5641303807497025 0.2429391145706177 0 0 0 0 11.78439244627953 6.567949667572975 0 1.80144190788269 198.4986400157213 0.11624376475811 0.3214049935340881 119.4806062653661 50.29118873178959 1.243126749992371 131.3701793700457 2.498266950249672 10.58217699825764 60.59674544632435 7.021533966064453 2.072336494922638 90.74356638640165 99.56036116182804 35.19311184436083 1.562429860234261 0 0 0 0 0 0 0 0 0 0 0 0 0.2222250252962112 0 0 0 0 0 0.1994945555925369 1.698070481419563 1.898732125759125 0 0 0 0.3873568475246429 0.7775050401687622 0.6018704771995544 0 0 0 0 0 0 0 0 0 0 0 0 0 0 0 0 0 0 0 0.2636193856596947 0 0 0 0 0.6973759084939957 0.1026253998279572 0.09375488013029099 0.0845920518040657 0 0 0 0 0.1467435210943222 0 1.675254091620445 0.1647288948297501 0 0 0 6.340725526213646 0 0.8422137647867203 0.08731479942798615 0.1107282638549805 0.1304958015680313 0.3128997087478638 0 0 0 0 0 0 0 0 0 5.029625698924065 0.8139177560806274 0.2046593651175499 35.88481419533491 0.5848252698779106 13.03908551484346 1.577084392309189 323.4573473408818 2.63252791762352 0.1198378875851631 0.912582240998745 1.740598231554031 0 0.1230240985751152 0 2.728113949298859 0 0 0 0.4197384417057037 0.2046618014574051 116.1350474059582 20.43205630779266
310.3007532507181 998.8900037035346 515.8227020129561 41.1383914873004 961.6190468519926 14.4976861178875 1053.728991538286 813.421542532742 2467.82777210325 369.4987235441804 636.0886084884405 130.4041038751602 1939.762679457664 1542.440987028182 40.194859161973 6.433210633695126 0.5007732361555099 0.2005688771605492 0.113734558224678 0.09972984343767166 0.9206463694572449 0 0 0.6740007996559143 1.724311225116253 0.8193869963288307 0.6154284849762917 0.1421954482793808 0 0 148.9206249639392 51.00686097890139 10.29179167747498 0 0.3214386403560638 0.2464098408818245 2.258634760975838 0.886452279984951 0.3993045687675476 0.1179851442575455 1.715015962719917 0.3467557579278946 0.8507543727755547 1.09963134676218 0 0 172.6202747002244 6.493273504078388 0.8098405078053474 0.2196938768029213 0.4204537272453308 0 0.1272181421518326 0 4.434468924999237 2.140414789319038 21.07143158465624 60.24293391406536 39.79771180450916 86.6156349927187 0.2504922077059746 3.002977535128593 0 30.21829572319984 2.805117234587669 1.988584920763969 1.060195349156857 1.768455274403095 0.6216074675321579 1.799388766288757 13.46258391439915 0.8564826473593712 0 99.7506792023778 64.4771216288209 166.2260157316923 144.1900126636028 3.306880034506321 2.459043577313423 72.04705634713173 0.4653369337320328 7.58215855807066 16.10667522996664 0 3.248238958418369 2.132188081741333 1.456945180892944 0 0.1943995878100395 0.2680452764034271 0.4107754454016685 0.1460938900709152 4.327109605073929 1.864190928637981 0.8275599852204323 53.99443243443966 0.1494195759296417 0 0.2195491641759872 47.87373276799917 0.7040771543979645 0.3933873102068901 7.293636299669743 1.346485823392868 12.3922329172492 11.38790376484394 4.858415238559246 24.94603215157986 2.762513682246208 7.424551859498024 12.26576758921146 31.57289505004883 27.50022859871387 30.81146331131458 5.517195545136929 0.5791452899575233 0 0.1620559245347977 0 0 0 0 0 0 0 0 0 0.938814103603363 0 0 0 0 0 0 7.795825473964214 6.066728733479977 0 0.1774145513772964 0.08688201010227203 6.24399272352457 0.09254785627126694 4.619398571550846 0.1003319397568703 0.08494066447019577 0 0 0 0 0 0 0 0 0.1523041576147079 0 0 0 0.1100048124790192 0.2677040994167328 0 0 0 1.02676323056221 0.2147986441850662 0 0 0.09123539924621582 6.566985093057156 1.949894651770592 0 0 0 0 0 0 0.2363430708646774 0.5383022874593735 15.8728005066514 0.8538977354764938 0 0 0.3102144673466682 19.32211405038834 0.8212228491902351 4.573473736643791 0.8313993588089943 0.9904468283057213 0.3817450031638145 0.2534884512424469 0 0 0 0 0 0 0 0.1331808418035507 0 17.4493488073349 4.00577687472105 0.978824071586132 275.2343099042773 8.419509507715702 191.9250938557088 45.52177987992764 134.6854932010174 43.81316813081503 0.7614768147468567 25.61573869735003 1.133794359862804 0 1.138210937380791 0 9.169439703226089 0 0 0 10.72209183871746 0 75.7197612002492 40.55065847933292
27.06908470392227 263.82922321558 7.300399541854858 240.4452364966273 14.4976861178875 0 98.39900583773851 0.1908331364393234 9.264043644070625 268.1547816842794 2.887064576148987 75.80572260916233 80.11794934421778 12.95556297153234 0.1311234533786774 0 0.1786486953496933 0 0 0 0 0 0 0 0 0 0 0 0.1561889052391052 0 0.4748699814081192 0 1.442216105759144 0 0 0 1.307466402649879 0 0.657184049487114 0.1175099760293961 0 0 0.1534972339868546 0 0 0 0 0 0 0 0.1705850213766098 2.839587636291981 0.3678840398788452 0 0 0.8148697391152382 18.22181263566017 1.003487713634968 0.2003750652074814 0 0 0 0 0.7864741683006287 0 0 0.6679833084344864 0 0.655422031879425 0 55.25452756136656 84.82291040569544 14.1687384173274 0 0 0.1626948267221451 0.4437108635902405 0 0 0.4563135057687759 0 0 0 1.133875206112862 0 2.345223262906075 0 5.712548092007637 2.870595797896385 6.60335735976696 4.758782975375652 1.834865927696228 0.6197221130132675 0.8200112581253052 0.4469828009605408 157.5635987073183 72.20818673819304 10.8882432281971 9.490256980061531 143.8098353147507 0 0 1.203317299485207 0.8008954375982285 0.7319170981645584 10.29161256551743 2.19789882004261 6.936955794692039 5.833604767918587 2.25676354765892 3.378609679639339 7.873728640377522 10.15324079990387 5.729249402880669 1.157374903559685 0 0 0.3729780316352844 0 0 0 0 0.1194659471511841 0 0 0 0 0 0 0 0 0 0 0 0 0.6556156873703003 0 0 0 1.06526392698288 0 0.4580753818154335 0 0 0 0 0 0 0 0 0 0 0 0 0 0 0.1330754011869431 0 0 0 0 0 0 0 0 0 0.09549904614686966 0.1035896316170692 0 0 0 0 0 0 0 0 3.125416800379753 0.1724601238965988 0 0 0 1.86679407954216 0 0 0 0 0 0 0 0 0 0 0 0 0.09867314994335175 0 0 6.895275473594666 0.2193930745124817 0.1163743361830711 17.93294680118561 0 0.118905708193779 1.115554213523865 34.74558365345001 0 0.3006021678447723 0 1.779106855392456 0 0 0 6.607264399528503 0 0 0 0 0 15.3286299854517 41.70509274303913
393.5248420387506 1004.561437666416 94.70102191716433 403.0381544157863 1053.728991538286 98.39900583773851 205.648596689105 70.02044240385294 448.9880948886275 1827.431959293783 37.58771198242903 406.6397984549403 4252.632583960891 1097.117764852941 33.17221404612064 5.641366928815842 0.1976901367306709 0 0 0 0.5607212781906128 0 0.09692943096160889 0.3218192309141159 0.5753059834241867 0.368892602622509 0.1020938605070114 0.1221098899841309 0 0 103.5804160684347 11.59298786520958 9.512444734573364 0 0.08417223393917084 0.1012483090162277 2.630423501133919 0.3126660659909248 0.865814320743084 0 0.3915732279419899 0.2108853831887245 0.2928646728396416 1.746517054736614 0 0 138.621983282268 5.228539496660233 0.4296798035502434 0.1723013520240784 1.072511747479439 0 0 0.1082373633980751 4.286206468939781 2.920746237039566 23.17221138626337 50.78239444643259 34.38653603941202 69.22939930856228 0.07554496824741364 2.115443594753742 0 19.24647414684296 2.689678370952606 3.08475548774004 0.9930213093757629 1.301474638283253 0.3972269594669342 0.9509148523211479 18.32429730147123 0.421324111521244 0.09862058609724045 80.72435484826565 40.36198721826077 118.8216919451952 84.33163000643253 3.105399630963802 0.4407948032021523 21.66680969297886 0.7764897644519806 4.833057105541229 15.16389963030815 0 2.643907345831394 2.171749494969845 0.8658449426293373 0 0.08976934105157852 0.1958683356642723 0.78134885430336 0 2.074341535568237 0.9150111675262451 0.4005321338772774 127.7168203294277 1.259512208402157 0 1.126220256090164 138.5039271935821 1.136999398469925 0.9413202404975891 18.14777857065201 36.39533330500126 20.26550348848104 41.75949021428823 18.62575569748878 95.53890156000853 47.95153727382421 32.70121163874865 24.47744912654161 310.4282339066267 111.4704110100865 92.83925557136536 15.05761028826237 0.2525262609124184 0.09245438128709793 0 0 0 0 0 0 0 0 0 0 0.06977690756320953 0 0 0 0 0 0 12.02863861620426 14.0032414868474 0 0.142196923494339 0 11.63823366910219 0.1089258641004562 11.10056936740875 1.002670712769032 0 0 0 0 0 0 0 0.1127727553248405 0 0.9450008720159531 0 0 0.4222646951675415 0 0 0.3166884481906891 0.2364416122436523 0 1.477247841656208 2.060075879096985 0.6091374754905701 0 0.6498194262385368 17.73460168391466 3.262670129537582 0.229572594165802 0.08385723084211349 0 0 0 0 0.0866585299372673 0.1603385210037231 31.87113213539124 0.8746249452233315 0 0.09622274339199066 0 32.68852616101503 1.087732531130314 7.817198745906353 2.228712946176529 3.139175057411194 0.7636980637907982 1.043302170932293 0.1506462842226028 0 0 0 0 0.112551286816597 0 0 0 45.02956441789865 6.2457310333848 1.844257071614265 281.3301594927907 8.727943874895573 179.7312682792544 40.38919570297003 323.7055560722947 31.28900162875652 0.9182414039969444 24.54307866841555 4.613309800624847 0 3.826747618615627 1.239763982594013 17.30658555030823 1.117302760481834 0 0 3.91799421608448 0 192.5981909111142 112.7092305198312
53.95942416787148 579.4085175693035 4250.707675255835 3.296822533011436 813.421542532742 0.1908331364393234 70.02044240385294 1647.52814502269 636.7486659884453 17.63621500879526 2869.011911824346 39.09815666079521 275.8979391977191 963.1450758799911 92.33392191678286 52.13254237174988 6.043081820011139 6.151006668806076 0.3112647980451584 33.98052393645048 162.2263797819614 0 39.36958353966475 23.65554091334343 78.78425653278828 46.03363705426455 24.00493285059929 7.127254769206047 1.096548840403557 2.066107839345932 882.7479269877076 2671.226329512894 154.2390737608075 8.612424083054066 35.60849253833294 21.34602957218885 28.16960334777832 16.02705430239439 6.829573325812817 13.82270601391792 95.2062648460269 20.54628644883633 52.55157152563334 20.1095842346549 1.416868813335896 5.252991892397404 168.0563392266631 3.431725308299065 2.187036849558353 5.149862371385098 16.75460633635521 1.392299994826317 0.650086522102356 2.855196207761765 2.23800265789032 1.711042195558548 25.32862646877766 161.4893451780081 22.66341708600521 42.77436299622059 239.5345838740468 77.29765090346336 6.227562978863716 760.7196590602398 1.203746549785137 4.766205810010433 10.16560696065426 14.47834746539593 29.76988756656647 244.836122892797 30.51236491650343 2.456283859908581 0.4492884948849678 70.99910029768944 103.1558620333672 140.6381679549813 413.1397157758474 226.9242945536971 978.712226934731 1782.625906519592 349.2274136245251 663.0779446512461 8.720075398683548 0.2030441910028458 2.858439892530441 4.298477068543434 4.272401034832001 0.2318785488605499 2.576830230653286 0.4709779694676399 5.668341897428036 1.440011158585548 269.2269852086902 58.89683166891336 18.97726418823004 16.20372015982866 0.5515357851982117 0 1.783187828958035 20.5087258592248 0.6835163235664368 0.2233539298176765 3.877270579338074 1.194295719265938 5.719059653580189 5.658616557717323 0.555469885468483 9.365708276629448 0.6810536086559296 2.226795375347137 6.057353340089321 10.36512430757284 11.59102213382721 16.04660932719707 5.255131259560585 0.3020218163728714 0.08627062290906906 0.09018091112375259 0.09414869546890259 0 0 0.2190129011869431 0.1341467201709747 0 0.1818092614412308 1.700320161879063 0 0.3095331713557243 0 0 1.88400100171566 0.2110228389501572 1.435026720166206 0.08074173331260681 4.785367578268051 2.67433175444603 0 0 0 8.07875645160675 1.092843018472195 9.775095112621784 0.9806927815079689 0.5220593214035034 0.9627007097005844 0.4212238118052483 0.1036174446344376 0 0 0 0.1958219036459923 0.2146211490035057 0.9030647873878479 0 0 0.5301442667841911 0.5322567299008369 5.370728716254234 0.3959199488162994 0.2067989408969879 0 0.5875964686274529 1.059084445238113 0 0.2849588692188263 0.638432115316391 8.939905002713203 5.129404537379742 0.2300797030329704 0.08859678357839584 0 0 0 0 0.5140103623270988 1.067796647548676 9.675387941300869 1.303966037929058 0.4878342896699905 0.7845823094248772 1.225056655704975 9.149699553847313 1.253246493637562 5.723328627645969 0.09911035746335983 1.802551738917828 0.440108098089695 0.963711753487587 0.08897006511688232 0 0 0 0.1093807220458984 0.4833832457661629 0.3736041411757469 0.9634667336940765 0.5845381170511246 6.794692061841488 2.094920963048935 3.713380232453346 491.5064303278923 36.45627823472023 217.2321963682771 95.64766588807106 42.09594596922398 36.23050842434168 0.3671889901161194 34.54525177925825 5.067532561719418 0.8163325265049934 2.092726163566113 0.6877482011914253 3.850850895047188 0 0 0 15.28853888809681 2.346125863492489 28.52371748536825 12.61237513273954
5.935015611350536 583.573721960187 287.5055940002203 3.027166336774826 2467.82777210325 9.264043644070625 448.9880948886275 636.7486659884453 219.6227000206709 75.24684381484985 628.6829141229391 83.89215278625488 1051.837267681956 1134.499987334013 30.15617336332798 11.39593275636435 0.4291277006268501 0 0 0.2280602604150772 2.046173758804798 0 0.3819625079631805 0.210419736802578 3.663440100848675 0.6557767316699028 0.9197317734360695 0.5759773403406143 0 0 39.83100425451994 36.77928706258535 47.96788477152586 0 0.2304839119315147 0.4878143444657326 12.87139355391264 1.21523005515337 2.551868423819542 1.930177941918373 1.607586368918419 1.425242520868778 0.3975550979375839 1.3394376039505 0 0 74.86284430325031 2.143791578710079 0 0 0.5605515465140343 0.2433577999472618 0 0.1302938908338547 2.030764199793339 0.6402843669056892 3.471126452088356 6.905442029237747 8.633338294923306 21.05935225635767 0.7219859510660172 3.23027765005827 0 5.21379429101944 0.6186106204986572 0.8067084550857544 0.4473606050014496 0.3338889330625534 0.308112733066082 3.899757109582424 22.38758891820908 0.662056066095829 0 23.61545375734568 18.47596838325262 62.9437154084444 46.46928723156452 4.46964269131422 0 174.6088865250349 0 4.453505605459213 3.865684151649475 0 1.090447783470154 0.5767884030938148 0.08822637796401978 0.1247192472219467 0.1009564846754074 0 0.5593104138970375 0 4.68179389834404 2.288292959332466 1.035497270524502 67.33905951678753 0.1050638407468796 0 0.341268315911293 5.499748468399048 0.7327831164002419 0 8.039968155324459 6.177139453589916 11.86656273156404 18.32328943908215 5.886476919054985 43.60361238569021 7.95889837294817 14.32672495394945 12.37160968780518 28.17282826453447 58.03113175183535 45.70827049016953 7.948265753686428 0.08953377604484558 0.3783017098903656 0 0 0 0 0 0 0 0.1299198567867279 0 0 0.1629495173692703 0.2079432457685471 0 0.1410736292600632 0 0.4129805266857147 0 10.67133849859238 8.760828509926796 0 0 0 11.99519109725952 0 8.909989476203918 0 0.3015699982643127 0 0.2516678124666214 0 0 0 0 0 0.8801110088825226 0.3521788418292999 0 0 0.2450791150331497 0 0.807916633784771 0 0.2076974213123322 0 0.4278488978743553 0.3561620488762856 0.09589148312807083 0 0 15.73946832865477 3.087114095687866 0 0 0 0 0 0 0 0.4635396376252174 32.65600492805243 2.532089918851852 0 0 0.1312434673309326 14.6825715303421 0 5.018084473907948 0.4830815270543098 1.924860686063766 1.608023591339588 0.2403492256999016 0 0 0 0 0 0.1050006747245789 0 0.4118601232767105 0.108370304107666 29.75772866606712 8.269270502030849 2.093633413314819 250.6386126354337 6.560459710657597 108.2740301042795 42.19307251274586 26.50417779386044 21.15347737073898 0.2676423192024231 14.60626394301653 2.81483743339777 0.2412523254752159 1.470878571271896 0.9480208680033684 10.87169346213341 0.1048064082860947 0 0 7.606524452567101 0.8451137244701385 54.04413738846779 58.95810670405626
524.975078292191 1588.649147458375 124.3278307244182 1120.418487757444 369.4987235441804 268.1547816842794 1827.431959293783 17.63621500879526 75.24684381484985 839.7597819119692 24.6138868778944 979.8006916716695 3086.439932622015 209.9650166332722 22.3514107093215 2.678865164518356 0.1209726482629776 0 0 0 0.1177871376276016 0 0 0 0.2608732059597969 0 0 0 0 0.1795516759157181 40.07739895582199 1.441547363996506 13.21672876179218 0 0.6579158753156662 0 5.330612301826477 0.6361069157719612 0.9312649816274643 0.3804099187254906 0.3321096822619438 0 0.2677683979272842 1.077232755720615 0.1144960671663284 0 114.4729180335999 1.793795578181744 0.1215246394276619 0.1017790958285332 0.4040626287460327 0.3751251399517059 0 0.1376223564147949 1.667427226901054 1.820717610418797 21.07222019135952 15.0260202512145 21.32169582694769 33.58167236298323 0.8471628129482269 0.7598785012960434 0 2.868948079645634 0.5984023213386536 1.177144292742014 0 0.8060910478234291 0.4041238576173782 0.1079152524471283 72.27543135732412 21.36883464455605 3.354337967932224 36.85806380212307 19.21496509760618 56.66082105785608 40.86082425713539 1.809063822031021 0.2825657650828362 11.5665590390563 0.2273160889744759 3.197889648377895 6.978868946433067 0 1.86427766084671 1.634951680898666 0.3300388306379318 1.898653440177441 0.3593144193291664 1.481359198689461 0.4361465200781822 0.8553936555981636 1.773675128817558 0.5358656644821167 0.6090592741966248 387.2351732254028 54.22971672564745 2.61081837117672 2.782020285725594 473.8877834230661 2.108032085001469 2.136438861489296 86.88560286164284 96.23188760131598 57.77890849858522 270.5281545519829 43.50593677163124 228.0112039670348 112.0263130888343 115.0610928460956 64.30412042886019 249.4645112231374 246.2474043592811 187.6150694340467 31.56912343204021 0.7273440957069397 0.6057442128658295 0 0 0.1378479152917862 0 0 0.3236514627933502 0 0 0.1113403365015984 0 0 0 0.1487369984388351 0 0 0 0 25.09113325923681 30.31275917589664 0 0 0 23.93597176671028 0.1201095655560493 17.06968694925308 1.093071803450584 0.3582118079066277 0.1790303289890289 0.3482906669378281 0 0 0 0 0.3084503561258316 0.7068532779812813 1.991771452128887 0 0 0.4015561491250992 0.7177937477827072 1.376574635505676 0.2326021641492844 0 0 1.279875844717026 0.6911511793732643 0.6355468183755875 0 0.1966545581817627 32.01589017361403 6.915157541632652 0.330512523651123 0 0 0 0 0.1062172129750252 0 0.4583469331264496 86.92812765389681 1.616015791893005 0.1598698198795319 0 0.3908328711986542 69.13744895160198 1.267588838934898 12.36446794122458 1.744830176234245 2.869781762361526 1.867051191627979 1.179069273173809 0.09226124733686447 0 0 0 0 0 0.137075200676918 1.123735353350639 0 149.7081446349621 13.22859608381987 3.089533440768719 597.1499941647053 7.423242785036564 145.4256750270724 46.73335657268763 681.2783400565386 32.62935881316662 0.3400093019008636 27.78196361660957 12.89171843975782 0.3490084409713745 4.024366930127144 1.446122072637081 63.22820433229208 0.09039550274610519 0 0 10.27360257506371 1.612366676330566 838.409701295197 634.7929607704282
83.43949831277132 742.3459203317761 2258.67076574266 9.156112797558308 636.0886084884405 2.887064576148987 37.58771198242903 2869.011911824346 628.6829141229391 24.6138868778944 1193.134789809585 147.4987558722496 1811.752484276891 2855.244326256216 56.15800642222166 31.23580506443977 5.074563704431057 0.2400519549846649 0.0974198654294014 0.5549243837594986 16.60625188797712 0.5999516472220421 1.158023156225681 2.919263049960136 38.47836767137051 14.25483065098524 10.4877116009593 6.699433445930481 1.202435597777367 1.174773938953876 312.2142755389214 126.3526888787746 389.9439012631774 0 2.570777580142021 10.17426025867462 81.85398738831282 24.24190535396338 12.56894959509373 14.38266715407372 23.45474103093147 9.440993286669254 1.359130263328552 4.196979194879532 0 0 76.12210330367088 0.8834458366036415 1.197504810988903 0.8523061349987984 6.425954654812813 1.582954421639442 0.8336741924285889 1.638692893087864 1.618732810020447 1.059168145060539 9.195395953953266 36.14889134466648 12.20311265438795 20.39368665963411 2.932100676000118 15.6369070187211 0 16.62365409731865 0.3840630874037743 1.358144670724869 2.836848773062229 3.916128776967525 2.687098130583763 26.1143689006567 86.37257048487663 3.962932385504246 0.43443863093853 25.02942176163197 20.13064390420914 67.2165302708745 44.33822713792324 9.450193203985691 28.96950218081474 1943.614555478096 0.235285222530365 50.80000197887421 4.254840731620789 0 1.296603366732597 1.407408617436886 0.6613101810216904 0.2211898788809776 0.7927260100841522 0.527982197701931 2.073760703206062 1.437199614942074 48.12910448014736 23.43112221360207 7.829177223145962 29.52178259193897 1.220606625080109 0.3615901917219162 3.519670203328133 28.64269462972879 0.8186938241124153 0.261533260345459 3.922014594078064 1.478306904435158 7.787234179675579 6.874164462089539 1.106038019061089 14.56795973330736 2.492496974766254 4.447505913674831 8.379179231822491 10.34589917212725 21.90782540291548 18.63282407075167 4.869606979191303 0.7178323641419411 0.3945747911930084 0.09215373545885086 0 0 0 0.1226617023348808 0.4014621526002884 0 0 1.406517624855042 0 0.5007907748222351 0.411706455051899 0 0.8413997367024422 0 0.4459791257977486 0 9.699283584952354 5.670501373708248 0 0.2773653194308281 0.1941712945699692 8.050392270088196 0.3170463964343071 11.16152069717646 0.9279974326491356 0.9331641644239426 0.4330185800790787 0.3121407181024551 0.1936251744627953 0 0 0.08122334629297256 0 0 0.4056799858808517 0 0.1070211753249168 0.5297214686870575 0.2669494152069092 2.767441399395466 0 0 0 0.7695542201399803 1.427173234522343 0 0 0.4760283827781677 11.52755581587553 2.322821378707886 0 0.1127682328224182 0 0.08212798088788986 0 0.09558612853288651 0 0.6750810891389847 18.17453015595675 1.317464075982571 0.3096653968095779 0.4029753133654594 0.4806101322174072 11.41836895793676 0.8943721279501915 7.242003254592419 1.044594466686249 0.912368468940258 0.4365625604987144 0.3788054287433624 0.2737252563238144 0 0 0.2337201535701752 0.1023096963763237 0 0.2048156782984734 0.5086882412433624 0.102140337228775 11.67746791243553 6.73172715306282 4.056800074875355 298.5504213571548 12.41152917593718 125.2380369082093 57.73713306337595 24.48090771585703 16.36263427883387 0.3776580691337585 23.03422287106514 4.27436774969101 0.2478406429290771 1.228667035698891 0.7623024582862854 2.465147167444229 0.2184612303972244 0.106150284409523 0.4774460196495056 13.09148733317852 2.27983021736145 26.72701955586672 17.06641431152821
35.06808383017778 383.3455891534686 135.4032501727343 105.2788458615541 130.4041038751602 75.80572260916233 406.6397984549403 39.09815666079521 83.89215278625488 979.8006916716695 147.4987558722496 214.8841212838888 1393.103793792427 146.7774990797043 24.16400741040707 16.27039134502411 3.940061800181866 0.1456023305654526 0 0.4924557283520699 2.494223773479462 2.615453630685806 0 0.5004984438419342 13.08731401711702 3.183177947998047 4.521465018391609 2.984280854463577 2.621856994926929 0.8886770531535149 116.7572633400559 3.074560612440109 34.85583524405956 0 0.3929771929979324 1.111682504415512 163.4127715677023 29.81506517529488 54.30364379286766 18.42562601715326 6.591094486415386 6.430259585380554 0.1357967257499695 1.661571450531483 0 0 32.07508037239313 0.6549522057175636 0.4461409673094749 0.8336040079593658 3.197079412639141 7.794004768133163 11.50772366672754 2.086537666618824 0.7657642439007759 0.3325284719467163 4.953183330595493 27.0216581299901 3.883982695639133 11.29047004878521 0.7195098847150803 2.994166009128094 0 5.794601149857044 0.3430966511368752 0.5185670256614685 1.917372703552246 2.164801143109798 2.198696121573448 6.639719985425472 138.7766211628914 35.59600722044706 3.355468593537807 10.52606384456158 8.186358064413071 24.16996893286705 10.92136061191559 3.38662077486515 0.1253826171159744 8.964368008077145 0.2137100249528885 0.8901848718523979 1.153897605836391 0.4423490017652512 0.5648323819041252 1.745676025748253 0.518368698656559 0.6577912569046021 1.738521881401539 3.757254391908646 3.95803777128458 5.238937094807625 15.50042961537838 12.30135722458363 9.55805765837431 673.5234585776925 84.84629408270121 7.645872704684734 84.09026207774878 55.20509145408869 1.946819096803665 1.853649288415909 21.47283510863781 6.815734915435314 29.68655662983656 36.88868772983551 11.81784431636333 67.74624843895435 12.23019072413445 20.91635932028294 33.9813117235899 63.39006032794714 103.990319468081 104.5251324921846 25.73208495974541 2.359704039990902 0.4939236715435982 0.1281575858592987 0.1238112822175026 0.1241848841309547 0 0 0.3042773306369781 0 0.2745164036750793 0.5736754089593887 0 0.4791631475090981 0.1506439298391342 0.4853571578860283 0.8136537969112396 0.2056990414857864 2.53111170977354 0.4130308851599693 24.87673199176788 20.57253403961658 0 0.5265789553523064 0.09350839257240295 44.52559819817543 2.040095239877701 39.60352274775505 4.567676581442356 1.610420033335686 0.5154092013835907 0.4519857317209244 0 0.09708637744188309 0.112027071416378 0.1828890293836594 0 0.5327162444591522 2.846857853233814 0.2078210562467575 0 0.7203404605388641 1.363460272550583 3.191498622298241 0.2029475793242455 0.08107138425111771 0 1.901218928396702 2.000740185379982 0.3979475796222687 0.3211062252521515 1.45196034014225 45.88148134946823 10.93610286712646 0.2649898007512093 0.1089873984456062 0 0 0.2088080197572708 0 0.09790631383657455 0.4705161899328232 81.77438634634018 8.949803255498409 1.035284645855427 0.3962812349200249 0.8968853279948235 51.44551631063223 3.823321513831615 16.55931606143713 2.228522598743439 7.885856240987778 2.631186485290527 1.092110104858875 0.8766930922865868 0.2277415096759796 0 0 0.103497251868248 0 0.08799063414335251 0.3390838429331779 0 82.98678816109896 27.34866173565388 13.27982285618782 218.2700907886028 7.262923799455166 59.04504020512104 29.92256085574627 60.12727903574705 8.544195376336575 0.2260726019740105 11.67436309158802 16.85713814198971 0.9844801127910614 5.228506319224834 2.187889106571674 12.99797673523426 0.7576697319746017 0 0.2933875024318695 8.216929458081722 1.466677859425545 352.7796614393592 202.9786236733198
