31.89884635061026 704.4156665354967 226.7088639810681 1240.465221688151 7.818983189761639 37.18639726936817 240.4630939438939 37.63264756649733 0.478652685880661 483.1899219378829 49.15785230696201 46.34191839396954 33.11366725713015 30.68409385532141 1.941399350762367 1.09536050260067 0 0 0.1338665634393692 0 0 0.3891132175922394 0.4149738997220993 0 0.2859827876091003 0 0.4583574533462524 0 0.1076319441199303 0.08173561841249466 455.1469265893102 0.3365896642208099 5.707756616175175 0.09352148324251175 0.1361726522445679 0.3148936405777931 1.373310782015324 0.7629651203751564 0.2219964787364006 0.2811473309993744 0.4555392116308212 0 0 0.2618336528539658 0 0 15.56870712339878 1.154033809900284 0 0.1728183254599571 0.4246149733662605 0.6344751119613647 0 0 1.625485025346279 0.8250097706913948 121.5187041386962 432.1641427129507 20.33176597207785 18.89552336931229 0.3970573917031288 0.5506285652518272 0.07815122604370117 3.983752392232418 0.4936639666557312 0.7834958955645561 0.1129516214132309 0.3147954270243645 0 0 0.7647457867860794 0 0 157.139358535409 8.616018384695053 18.16458526998758 1.505076505243778 0.671538420021534 2.906507313251495 14.49999357014894 0 5.943846270442009 3.762419410049915 0.1091451346874237 0.4678220227360725 0.2727736830711365 0.2292386665940285 0 0.283799797296524 0 0.505434013903141 0 0.4334199950098991 0.1220061480998993 0 39.41346146166325 54.1258846372366 0 0.5402368828654289 444.4503152519464 0 2.537345170974731 0 1.140370607376099 1.41000771522522 2.247505262494087 2.823712110519409 1.516988158226013 0.5663320422172546 0.9856114536523819 0.4768742322921753 0.700646884739399 2.794317573308945 0.8584340363740921 3.085722893476486 0 0 0 0 0 0 0 0 0 0 0 0 0 0 0 0 0.1732664704322815 0 0 0 0.7758735418319702 0 0 0.09868936985731125 0.9199376106262207 0 1.18983718752861 0 0.09374810755252838 0 0 0 0 0 0 0 0 0 0 0 0 0 0 0 0 0 0 0 0 0 0 0.1314974278211594 0 0 0 0 0 0 0 0 0 0 0 0 0 0 0.1325183361768723 1.785591721534729 0 0.3727357089519501 0 0 0 0.1148922219872475 0 0 0 0 0 0 0 0 0.9364203363656998 0 0.2427037060260773 60.45154473185539 0.9917223453521729 36.9342862740159 11.57992672920227 300.837341837585 5.663962282240391 3.087313339114189 1.079369775950909 0.4762674123048782 0.1496773511171341 0 0.1232207864522934 0.2501136660575867 0.1320909857749939 0.2731243073940277 0 0 0 170.402544349432 5.583515927195549
704.4156665354967 2577.83633954078 1408.3914706707 378.0414958670735 1473.813935823739 222.8626006618142 3034.557749278843 1011.857892818749 282.4203266873956 687.0342566296458 1376.588301256299 41.66952992975712 662.3225663751364 1394.159848369658 72.46788554638624 27.33642769604921 0.8730082586407661 0.1865502893924713 0.6787114962935448 0.7099661603569984 0.1045743450522423 0.1412840485572815 0.7944905981421471 0.5794797465205193 3.441393435001373 0.7780608460307121 0.6975324600934982 0.6407688558101654 0.4576518833637238 0.1715167462825775 1564.268760897219 181.7342370077968 74.4252006188035 0.253472164273262 1.081422552466393 4.047312989830971 18.2310356348753 6.990147352218628 2.264496527612209 1.029147028923035 0.6071597784757614 0.2129033952951431 0.4873500317335129 3.528124623000622 0.991915836930275 1.863770321011543 148.3179899230599 6.759418718516827 0.2992872968316078 0.1645805537700653 1.188034556806087 0.3669554814696312 0.523455798625946 0.09459688514471054 4.155884608626366 1.9803082421422 145.8783500865102 444.7037276402116 38.70051036775112 89.44022200256586 2.577795974910259 5.333498083055019 0.2923262268304825 122.4775016531348 3.170610167086124 3.481867417693138 1.698245137929916 0.8301872685551643 0.5731146112084389 0.593797080218792 15.35015720129013 1.268943652510643 0.1009653955698013 564.7369248941541 145.0425207465887 250.0602700561285 98.69091276079416 24.62089882045984 9.208969414234161 104.6863268613815 1.530354224145412 10.9591031819582 14.74789402633905 0.07939492166042328 2.247823663055897 1.29350832849741 2.871258072555065 0 1.026473745703697 0 0.9370507076382637 0.2345457524061203 2.237248316407204 1.254045054316521 1.265832453966141 35.29270341992378 21.8622502759099 0 6.87571182847023 370.9972799271345 0 0 1.948298074305058 1.033165499567986 6.164914570748806 27.68231770396233 0.6770605891942978 7.534698911011219 7.166125550866127 6.460899688303471 5.820534907281399 15.37255503982306 16.83963014185429 15.99313905090094 14.30092938244343 0.6157284528017044 0.2733249738812447 0 0 0 0 0 0 0 0 0 0 0 0 0 0 0.08814124017953873 0 0 0.5823876857757568 0.8540048599243164 0 0.1142733544111252 0 9.604346498847008 0.2927782088518143 4.036756671965122 1.961606346070766 0.07694066315889359 0 0 0 0 0 0.08543732762336731 0 0.2337618768215179 0 0 0 0 0.1214234679937363 0.1424350440502167 0.205677255988121 0 0 0.09112676978111267 2.371080309152603 0 0.2162045985460281 0.3795633167028427 8.48394401371479 0.7928921058773994 0 0 0 0 0 0 0 0 9.239977560937405 0.9041552245616913 0 0 0 9.533095240592957 0.1604573428630829 6.095209524035454 1.281522139906883 1.999741017818451 0.2409210354089737 0 0.3163237571716309 0 0 0 0 0 0 0 0 10.50439953058958 7.063680820167065 7.813807509839535 328.3163523450494 9.910651549696922 216.8103298768401 56.44569064676762 496.0265085399151 29.24646528065205 9.882641136646271 22.39679055660963 13.48529607057571 0.9123148396611214 1.759806789457798 1.031064748764038 6.235278487205505 0.9756195694208145 0.5525504276156425 0.4865546226501465 11.42412044107914 0.5215210616588593 174.1222129017115 25.51831415295601
226.7088639810681 1408.3914706707 1351.603728055954 4.663345396518707 500.518425449729 15.46465985476971 140.0101971700788 2539.686176382005 131.3680111691356 20.88916550576687 1979.843359954655 13.72124627232552 216.1719454228878 1024.860194526613 20.80024801939726 21.86329967528582 0.9458925426006317 0.8482298329472542 0.1323209702968597 2.867193326354027 7.985004551708698 0 22.86662290990353 6.371945314109325 18.71935436874628 5.4844815954566 9.477510802447796 3.45188869535923 1.005999237298965 1.225253634154797 3335.265796475112 659.8683512955904 110.3200389072299 3.837890133261681 22.80667497217655 19.25810296088457 26.13521111756563 18.21780130267143 9.350991785526276 10.56912846118212 23.9273162856698 4.197623893618584 2.391200050711632 3.126607023179531 0.4293046966195107 1.095052726566792 36.82742837816477 1.196422338485718 0.7692144438624382 3.731420747935772 1.698887154459953 2.693124145269394 1.434615328907967 0.6745030730962753 1.215904489159584 0.4426980540156364 55.0749591216445 330.7568351626396 12.90581656247377 12.3124178647995 29.91162213683128 44.49526108056307 1.170349389314651 80.6145476102829 0.4531950950622559 0.4464292228221893 0.3706080988049507 2.572122424840927 6.818205989897251 25.261101603508 23.31214974820614 4.834500223398209 0.8451666533946991 138.6905033364892 34.45609691739082 44.94401811808348 30.7439943999052 15.64535553008318 256.5882994309068 779.9266428649426 19.46236196160316 424.744020268321 2.892358176410198 0 0.5376340597867966 0.2724516093730927 2.795706324279308 0.1089933142066002 0.1872400268912315 0 0.9415914639830589 1.064600877463818 29.57653752714396 13.17895010858774 12.02646920830011 28.42685815691948 29.29414267092943 0.1349152028560638 15.73654214292765 130.6114790067077 0 1.037173867225647 2.035798370838165 0.141867071390152 5.598686322569847 22.15618168562651 0.1430071294307709 5.188555628061295 4.865075379610062 1.088663965463638 5.698867842555046 14.92782025784254 10.6860662996769 10.78529638797045 7.828957885503769 0.7268295884132385 0.8926792293787003 0 0 0 0 0 0 0 0 0 0 0.418510839343071 0 0 0 0 0.2390315756201744 0.1435524076223373 1.122458323836327 1.22838394343853 0 1.226804725825787 0.2468793392181396 8.952887490391731 1.223779387772083 13.72421699762344 5.210466936230659 1.534574255347252 0 0.09599482268095016 0 0.151329904794693 0 0 0 0 0.6140551418066025 0 0 0 0.08648968487977982 0.3156256228685379 0 0 0 1.178384020924568 2.864396899938583 0 0.5470403283834457 0.2614418715238571 12.24447222054005 2.656274944543839 0 0 0 0 0 0 0 0 5.672399036586285 0.5863712206482887 0 0 0.111339770257473 5.632795870304108 0.1527956277132034 5.790061324834824 2.269982576370239 1.471102595329285 0.5816540494561195 1.09095311164856 0.806836262345314 0 0 0 0 0 0 0 0 5.968479543924332 7.169044062495232 9.572993539273739 150.0810922086239 2.451123982667923 65.37536209821701 25.2220303863287 63.07806354016066 11.30326008796692 1.248918630182743 13.18738973140717 11.93543346226215 0 4.661964602768421 0.8393526822328568 9.131800964474678 0.126037985086441 0 0 5.56900742650032 0 31.83274020254612 12.06169007718563
1240.465221688151 378.0414958670735 4.663345396518707 113.4787010028958 8.653633393347263 411.4545354545116 199.3037289828062 0.2500935420393944 3.019838720560074 917.3799706548452 1.404525071382523 185.5397771075368 406.7027459107339 21.25875837355852 6.758321471512318 0.4250426888465881 0.1413855850696564 0.08733993023633957 0 0.09391536563634872 0 0 0 0 0 0.1014948263764381 0 0 0 0 168.6490347608924 4.717965044081211 2.387619853019714 0.2170933857560158 0 0.1093688607215881 0.2390650436282158 0.2581296041607857 0 0 0 0 0 0.08028838783502579 0.09471758455038071 0.4256753548979759 26.7225195094943 1.835729815065861 0.2052115127444267 0.09777414053678513 0.4063063934445381 0 0 0 1.195824727416039 0.5866883769631386 36.6452948153019 85.00981295108795 9.471866749227047 21.04245828837156 0 0.2567788809537888 0 15.16735946387053 0.9003246203064919 0.8786756247282028 0.284810982644558 0.2487476393580437 0.08487830311059952 0.08066798746585846 1.202810131013393 0.1438381522893906 0.330939918756485 131.6637955754995 22.68323572725058 39.27629091590643 6.162835992872715 0.6444425731897354 0 0.3663577809929848 0.3097598031163216 0.2026711702346802 3.071844935417175 0.1114006116986275 0.8036852851510048 0.2939663901925087 0.4224304482340813 0 0.1768246963620186 0 0 0.08611933141946793 0 0.1715139076113701 0 11.55472572147846 2.459524773061275 0 0.2282946705818176 164.6196700781584 0 0.6428695693612099 0.4301613569259644 0 0.5027276277542114 6.660317964851856 0.4058497846126556 2.061899408698082 4.507021732628345 3.679487928748131 2.015236437320709 4.775400936603546 5.444945082068443 4.589699067175388 1.300696320831776 0 0 0 0 0 0 0 0 0 0 0 0 0 0 0 0 0 0 0 0 0.9144622832536697 0 0 0 1.59016115218401 0.486200213432312 1.408247262239456 0 0 0 0.1441006511449814 0 0 0 0 0 0 0 0 0 0 0 0 0 0 0 0 0 0 0 0 0.2662020325660706 0 0 0 0 0 0 0 0 0 0.9346965178847313 0 0 0 0.1294352561235428 0.1495637446641922 0 0 0 2.586790323257446 0 0 0 0 0 0 0 0 0 0 0 1.630518950521946 0.3718876987695694 0.3112733960151672 57.33787123858929 1.615703843533993 38.35206443816423 6.949242949485779 418.5511863604188 3.75086173415184 1.742467351257801 1.381406776607037 1.499456316232681 0 0.2579657062888145 0 2.792345881462097 0 0.5722083151340485 0 0 0 322.3038543909788 16.22327279299498
7.818983189761639 1473.813935823739 500.518425449729 8.653633393347263 1881.759252808988 2.325450874865055 2978.856044009328 527.1995411142707 2954.694655098021 374.7470266669989 1369.738785691559 48.47669644653797 1032.344945237041 1754.114135168493 48.89919532090425 22.63244815915823 0.8825574964284897 0 0.2494563832879066 0.2187805846333504 0.1703220903873444 0.186282753944397 0 0 0.1064767464995384 0.1529839187860489 0.08411867916584015 0.1007256284356117 0.1052920296788216 0 97.90044665336609 90.39533550292253 9.458342909812927 0.2008938491344452 0 0.5550340265035629 8.039848074316978 0.592814564704895 0.4492209330201149 0.6912714093923569 0.09941093623638153 0.09234248101711273 0.206011638045311 2.658760741353035 0.5343898460268974 0.7423465698957443 69.06066530197859 1.879793643951416 0.18276447057724 0 0.4164507687091827 0 0.1252588480710983 0 1.643268026411533 0.6860271245241165 16.95628859102726 78.27397353947163 4.950813584029675 22.0058643296361 0.7505294606089592 3.036730192601681 0.4434300884604454 72.69854545593262 0.4362667575478554 0.4811661690473557 0.08549938350915909 0.275867372751236 0.0806589350104332 0.3782680481672287 23.78680888563395 0.1927253305912018 0 101.8077825829387 62.42016310989857 117.6387205347419 78.33150291442871 22.56533173471689 7.222105838358402 6.32826704531908 1.408277757465839 5.171416461467743 3.133450999855995 0.101640909910202 0.4525652453303337 0.5449788421392441 0.3359668478369713 0 0.2637611702084541 0 0.2406889423727989 0 0.3318753242492676 0 0.2136338204145432 52.93359756469727 31.04470247030258 0.1259504854679108 3.008337773382664 6.622007057070732 0.5444072186946869 1.546764895319939 4.729648694396019 1.118430830538273 8.251284390687943 43.87808064371347 1.6137355864048 10.83955862373114 10.83714985102415 8.271795406937599 10.05494505912066 27.71695744246244 20.85439024865627 21.09547206759453 21.19349339604378 0.2344144955277443 0.1137571409344673 0 0 0 0 0 0 0 0 0 0 0 0 0 0 0 0.1212839037179947 0 1.721842259168625 4.559602558612823 0 0 0 17.66213271021843 1.499400831758976 11.17475416511297 2.089145302772522 0 0 0 0 0 0 0 0 0 0.4215570390224457 0 0 0 0.06702163070440292 0 0 0.3357255160808563 0 0.7910052239894867 1.308351621031761 0 0 0.851678729057312 12.32663682848215 0.9947760701179504 0 0 0 0 0 0 0 0 13.54130940884352 0.1128461956977844 0 0 0 16.19292755424976 0.3466733992099762 6.823895327746868 1.595760270953178 1.814999103546143 3.192759543657303 0.1146231219172478 0.51787930727005 0 0 0 0 0 0 0 0.1774540990591049 11.45594831556082 9.600824236869812 5.117066375911236 214.2692348361015 2.925981260836124 98.70511343330145 19.31196731328964 54.07738411426544 19.30608186125755 1.29964005202055 17.53546319156885 9.369906425476074 0.3023861646652222 3.581934317946434 1.641905277967453 18.95047552138567 0.1409237384796143 0 1.29858335852623 3.081591956317425 0.8026563078165054 75.16111275553703 26.58264666795731
37.18639726936817 222.8626006618142 15.46465985476971 411.4545354545116 2.325450874865055 5.651323318481445 123.141021899879 1.831916399300098 0.3770615383982658 355.3749064207077 2.094709597527981 62.37521244585514 82.55235570669174 6.123106867074966 0.3717896044254303 0.2294424176216125 0 0 0 0 0 0.6009012311697006 0 0 0 0 0 0 0 0 12.59574165940285 0.4137316793203354 13.247179672122 0 0 0.1101488322019577 10.46776203811169 0.1926420927047729 2.55083030462265 0.1697326749563217 0 0 0 0 0 0.2031484991312027 0.5946508795022964 0 0 0 0 3.517083749175072 1.077703297138214 0 0 0.2515888065099716 133.3122829943895 2.12458074092865 1.212619088590145 0.1570247411727905 3.798529729247093 0.6052087992429733 0 0.5029679536819458 0 0 0.2362005114555359 0 0 0 35.31284673511982 170.4058420881629 2.597507029771805 3.105336584150791 0 0.439938597381115 0.3676347211003304 0.1294720023870468 0 3.498235076665878 0.287056639790535 1.47167856991291 0.1080447807908058 0.3432101011276245 0 0.6334077566862106 0 0.8761899173259735 1.072169274091721 1.179287940263748 0.148133397102356 1.49691978096962 0 0 0.1913032978773117 173.4425940513611 340.8217910155654 11.09808483719826 21.99116706848145 139.5985397100449 0 3.757792830467224 6.141406893730164 0 1.627338409423828 15.07778675854206 1.001058101654053 2.358463510870934 3.326624035835266 12.83790019154549 2.68517017364502 4.43374890089035 6.530311182141304 5.251740157604218 2.966177649796009 0 0 0 0 0 0 0 0.1502552777528763 0 0 0 0 0 0 0 0 0 0 0 0 0 0 0 0 2.084019295871258 0 0.1173480600118637 0 0.3335971683263779 0 0 0 0 0 0 0 0 0 0 0 0 0.1002151891589165 0 0 0 0 0 0 0 0 0 4.306939169764519 0 0 0 0.107964426279068 0 0 0 0 0 1.626421600580215 0.7744936943054199 0 0 0 0 0 0 0 0 0 0.1420061141252518 0 0 0 0 0 0.235055074095726 0 0 0 1.819822892546654 0.3310124278068542 0.1063400134444237 20.58703050017357 0 2.09119413793087 0.9058992862701416 119.385984942317 1.716611385345459 4.267702102661133 0.4390023723244667 0 0 0.7363027334213257 0 6.034484446048737 0 0 0 0 0 48.09595981240273 19.89283820986748
240.4630939438939 3034.557749278843 140.0101971700788 199.3037289828062 2978.856044009328 123.141021899879 485.2006437703967 145.2921089455485 1205.65190474689 1354.475362680852 420.2385086193681 195.5277447476983 3157.370330967009 2359.137445300817 80.44887707382441 38.27369125932455 1.448593959212303 0.08334596455097198 0.1669813692569733 0.1598913222551346 0.08516041934490204 0 0.1904940903186798 0.2004526928067207 0.3401914834976196 0 0.1882314532995224 0.4156118705868721 0.6344495937228203 0.2284592315554619 237.528106123209 76.77810390293598 18.38357092440128 0.4449550956487656 0.3766644150018692 1.030233509838581 13.65542172640562 4.115517415106297 2.035463124513626 0.6213436499238014 0.1520520448684692 0.5765248090028763 0 5.604975648224354 0.8776890859007835 1.657902993261814 127.2219858020544 3.233172833919525 0.4013212621212006 0.1791522800922394 0.7441639006137848 0 0.1015431433916092 0 2.456196017563343 1.483322314918041 59.10397224128246 172.2836559638381 18.43252212554216 55.07868255674839 2.27694558352232 3.573181137442589 0.4314175769686699 90.71170029044151 2.475084021687508 2.038261406123638 0.7659984305500984 0.8114116042852402 0.159550167620182 0.4323948323726654 36.31325675547123 0.5463474243879318 0.09425392746925354 288.6930460073054 119.0266556292772 201.6589133888483 108.7942870780826 35.47495019435883 6.652608282864094 5.534776940941811 1.478742010891438 4.540582448244095 10.1122132986784 0 1.561584331095219 0.9642664790153503 1.857154071331024 0.6682281494140625 0.8423890247941017 0 0.5150173753499985 0 0.7685427665710449 1.136694744229317 0.09753864258527756 102.4366263598204 43.88001098483801 0 5.103870667517185 69.04710000008345 0.1490772366523743 3.508187830448151 11.26505421847105 1.762365065515041 22.78169050067663 89.97155153006315 4.596110641956329 27.26973052322865 27.04263819009066 26.95423024147749 21.97175717353821 55.55883608013391 58.43736324459314 52.92216140776873 50.93490925431252 0.3215646147727966 0.08546420931816101 0 0 0 0 0 0.1288339644670486 0.4528912901878357 0 0.1087942123413086 0 0 0 0 0 0.259088933467865 0 0.1355752050876617 2.809742733836174 5.630837582051754 0 0.2022440508008003 0 40.47081350535154 4.881119653582573 13.84362316131592 1.28317404538393 0.155489444732666 0.1474044173955917 0 0 0 0.3886390924453735 0 0 0 2.259808175265789 0 0 0.2435629665851593 0.1513816565275192 0 0.2476093545556068 0 0 1.179792173206806 1.436966508626938 0.08465719223022461 0 1.435952603816986 25.3524494767189 4.172316193580627 0 0 0 0 0 0 0 0 34.18543100357056 0.3230503499507904 0 0 0 36.01008832454681 1.43781191855669 13.93216890841722 1.672944031655788 0.8211100250482559 2.275027796626091 0.5974267795681953 1.442784957587719 0 0 0 0 0 0 0 0.1378231644630432 28.18293774873018 14.85026221722364 13.63755679875612 364.0919111892581 10.49826543033123 182.1421793848276 42.20740366727114 302.2071100845933 33.72069721668959 4.243044912815094 23.52941980957985 16.51139652729034 0.6513501405715942 7.878836661577225 1.990847334265709 18.31989046186209 0.5021452903747559 0.1144589185714722 0.1776187717914581 8.016786143183708 0.7892660200595856 415.2948725372553 71.05760229378939
37.63264756649733 1011.857892818749 2539.686176382005 0.2500935420393944 527.1995411142707 1.831916399300098 145.2921089455485 1154.127756305039 327.5089455023408 36.60838957875967 1167.586698494852 21.6308821067214 456.2070196568966 1104.237461984158 44.32948240637779 41.06110643595457 2.093902073800564 2.419184111058712 0.4870804771780968 6.578440338373184 30.45999010652304 1.300293371081352 52.41143984347582 16.1930360943079 44.03309989720583 13.22166099399328 22.47163408249617 3.832774810492992 1.269879207015038 1.09902785718441 730.2294313535094 741.2997951880097 123.1099341064692 11.44548144191504 59.27249851077795 46.78584205359221 31.32693784683943 31.07792431116104 11.09328882396221 18.51210556179285 45.75750494748354 16.85743637382984 6.247676089406013 21.89251808077097 2.502681948244572 1.444993562996387 61.21815425902605 2.138642966747284 0.9291176646947861 5.378952346742153 3.312380492687225 6.059906907379627 1.686803504824638 0.5283927172422409 0.4954884350299835 0.07190591096878052 17.29510286450386 79.36854600906372 3.913197048008442 9.578500628471375 138.9106978774071 87.00298132002354 10.91728562116623 98.78069780021906 0.08154797554016113 1.273067124187946 0.3085847422480583 4.282372839748859 13.8527704551816 63.68404172360897 33.20091230422258 5.846812933683395 0.8397704660892487 59.72808729857206 53.15056046843529 63.48779741674662 100.8230330869555 113.2651412710547 1307.283398419619 971.83598459512 242.2005177810788 2019.668831892312 1.804957538843155 0 0.5730910524725914 0 3.979914382100105 0.1113326996564865 0.2874862477183342 0.09244952350854874 2.051717758178711 1.567663617432117 63.54701787978411 17.80631694197655 19.65347005426884 36.91394475847483 40.85626797378063 0 16.15527278184891 8.424107126891613 0 1.236986875534058 2.007870525121689 0.1531034857034683 5.40053291618824 35.22255119681358 1.962048023939133 11.6061469912529 7.758375115692616 4.930628135800362 6.023419663310051 28.12296699732542 14.22696083784103 15.82356046140194 20.43808276951313 0.505694106221199 1.001381978392601 0 0.1484977900981903 0 0 0 0.09568646550178528 0 0 0.4567312449216843 0 0.5140295326709747 0 0.4952093958854675 0.6597298681735992 0 0.1129183247685432 0 0 2.53312811255455 0 1.179991729557514 1.461481541395187 15.26034057885408 5.424826219677925 11.88347441703081 4.618738263845444 2.052666321396828 0 0.2241348326206207 0 0.1182375401258469 0.2134554907679558 0.2438612952828407 0 0 0.08186070621013641 0 0 0.2381754815578461 0.2839353010058403 1.017203591763973 0.1089124232530594 0 0 1.073055401444435 1.606301181018353 0 0.1042486429214478 2.045478701591492 18.9939929023385 0.6110628545284271 0.2043744772672653 0.2557926774024963 0.4076726138591766 0 0 0 0 0.1341044306755066 10.32238079607487 0.2732230350375175 0 0.1177505180239677 0.4568279907107353 12.47702524065971 0 9.030737683176994 1.712768539786339 1.977137893438339 1.547417134046555 0.5151067972183228 1.337376773357391 0 0 0 0 0 0.1172890737652779 0 0.1767167598009109 7.517457336187363 8.042763821780682 11.2604693621397 248.4554096981883 4.953705318272114 108.233195617795 45.12572133541107 46.9114717617631 21.86544714123011 0.4477681666612625 24.62061827629805 13.51378731429577 0.9355787038803101 7.00047867000103 0.5617995113134384 12.81965082138777 1.19319523870945 0 0.4691856503486633 8.016523890197277 0.8632335066795349 28.97944853454828 19.97091776877642
0.478652685880661 282.4203266873956 131.3680111691356 3.019838720560074 2954.694655098021 0.3770615383982658 1205.65190474689 327.5089455023408 317.5035785138607 107.9998995363712 446.2771015092731 12.3376841172576 1225.424305230379 929.1191283538938 8.764102131128311 4.944242089986801 0.2214173823595047 0 0 0 0 0 0.1059906184673309 0 0 0 0.1103167310357094 0 0 0 5.296058058738708 7.356001727283001 3.720765821635723 0.08893530815839767 0 0.1289862096309662 1.904197961091995 0 0 0.2181603461503983 0 0 0 0.4016295298933983 0 0 9.674136638641357 0.3261266574263573 0 0 0.1989493817090988 0 0 0.1093169674277306 0.1097429171204567 0 1.574592411518097 7.13568102568388 0.4034907668828964 1.776122115552425 0.1663110256195068 0.1240147277712822 0.2467368692159653 6.491618737578392 0 0.08155892789363861 0 0 0 0.09462986141443253 3.752944782376289 0 0 6.854287520051003 6.97957294434309 15.03442117571831 9.170310623943806 4.260990805923939 2.436406061053276 24.77701716125011 0 0.7733976021409035 0.2025512605905533 0 0 0 0 0.09199938178062439 0 0 0 0 0 0 0 9.640467263758183 5.090810276567936 0 0.6577950417995453 1.116927079856396 0.1076335832476616 0.7092186212539673 0.9434311240911484 0 0.7128435671329498 5.146296955645084 0.439319521188736 3.343017227947712 0.6220135986804962 2.244421742856503 1.036345854401588 4.365066006779671 3.92951462417841 3.961479708552361 3.215561293065548 0 0 0 0 0 0 0 0 0 0 0 0 0 0 0 0 0 0 0 0 1.176425457000732 0 0 0 3.500645145773888 0 1.789458103477955 0 0 0 0 0 0 0 0 0 0 0 0 0 0 0 0 0 0 0 0 0.4514419138431549 0 0 0 1.028062030673027 0 0 0 0 0 0 0 0 0 3.530658721923828 0.1516120433807373 0 0 0 2.269418813288212 0 1.866747744381428 0.7940074354410172 0 0 0 0 0 0 0 0 0 0 0 0 1.719668224453926 0.8104287460446358 1.313234888017178 30.90131366252899 0.185631737112999 11.68007922172546 3.170837469398975 6.499939143657684 1.934248417615891 0 0.9415885210037231 0.9364735186100006 0 0.1099290549755096 0.1061632633209229 3.16624803841114 0 0 0 0.7737587839365005 0 14.95383410155773 3.651088058948517
483.1899219378829 687.0342566296458 20.88916550576687 917.3799706548452 374.7470266669989 355.3749064207077 1354.475362680852 36.60838957875967 107.9998995363712 1536.720483489335 105.2954329997301 986.8007254526019 5118.190203085542 524.4253065288067 22.9598500803113 12.14336521178484 0.2014098167419434 0.0992034375667572 0.2095281034708023 0 0 0 0.09077795594930649 0 0.2374889403581619 0 0 0 0.1395502090454102 0 56.42104847729206 12.64538675546646 181.3131973221898 0.1096542328596115 0 0.6055329293012619 60.16044590622187 1.575094379484653 0.8707361444830894 0.1165756955742836 0.08569597452878952 0.1459786742925644 0.2056232094764709 1.417143508791924 0.3056870400905609 0.1948932409286499 33.43917430192232 0.9500811845064163 0 0 0.233301155269146 0 0.1689539700746536 0.1018702834844589 0.8809017986059189 0.2702791020274162 27.8176976442337 51.00636754184961 5.485671445727348 16.01495483517647 1.487535014748573 3.710896536707878 0 17.81060941517353 0.5816388577222824 0.3503358289599419 0.1565849334001541 0.08129594475030899 0 0 46.96947522461414 5.597015142440796 0 85.74500345438719 28.86713617295027 51.86052329838276 24.21213897317648 10.35857149213552 1.869772061705589 10.12651418149471 0.2234417721629143 2.518251456320286 1.668723866343498 0 0.1756069734692574 0.4768375009298325 0.2067523300647736 0 0.1826073303818703 0 0.1715389266610146 0.2079011797904968 0 0 0.3943252190947533 254.2955913543701 35.73029934614897 0.1212251782417297 2.565547414124012 119.3944413289428 0.6524250134825706 7.272877052426338 21.93154108524323 4.355462707579136 26.8639263510704 147.0132495313883 5.25306449085474 42.01469484716654 46.1251233369112 49.35977330803871 31.65570991486311 99.1774223074317 96.9196612983942 80.06439287960529 57.87206968665123 0.1965882405638695 0 0 0 0 0 0 0.3523328676819801 0 0 0 0 0.6774598360061646 0 0 0 0 0 0 2.499575570225716 5.925358489155769 0 0.2603065669536591 0 47.03237116336823 0.9420014098286629 7.82072239369154 2.05832064896822 0.6476531475782394 0 0 0 0 0.2536986619234085 0 0 0 0.6753676608204842 0 0 0 0 0.1729437857866287 0.2098822146654129 0 0 1.306043431162834 1.881600797176361 0.1168392971158028 0.105441227555275 0 16.44264634698629 1.434290006756783 0.1099193841218948 0 0 0 0 0 0 0 38.995330683887 0 0 0.2929063588380814 0.2117933183908463 27.54488756507635 0.5774854421615601 9.315154403448105 2.91142575442791 2.323990531265736 1.692157529294491 0 1.583708427846432 0 0 0 0 0 0.1608858406543732 0 0 39.70358567684889 12.4098796993494 9.975948676466942 158.5101264938712 3.603455260396004 51.01355211436749 15.75170557200909 356.0783046483994 13.60868149250746 0.9200005531311035 11.0848067253828 8.191506706178188 0 5.822609417140484 1.45027070492506 38.77572197467089 0 0.09704278409481049 0.2634423971176147 2.863535888493061 0.6498202979564667 1421.620085008442 179.4416809305549
49.15785230696201 1376.588301256299 1979.843359954655 1.404525071382523 1369.738785691559 2.094709597527981 420.2385086193681 1167.586698494852 446.2771015092731 105.2954329997301 558.0757352486253 64.90328764170408 1983.356746673584 2297.42492954433 62.43096281588078 66.1787558272481 1.36996053904295 0.3387206569314003 0.3277954682707787 0.7761006876826286 1.618616752326488 1.781462617218494 5.861989915370941 2.355469591915607 15.73200327157974 2.319223798811436 5.173033595085144 2.238015905022621 1.648738965392113 0.8175051361322403 444.548247821629 80.84406428039074 313.7083832323551 0.7982237488031387 8.540346570312977 20.56955736130476 127.6179229617119 48.85577593743801 15.45953979343176 9.229863189160824 5.374490574002266 3.551562465727329 0.1075200662016869 9.182416222989559 0.4733217656612396 1.297270745038986 50.10091042518616 0.810668058693409 0.2107530385255814 0.6617955714464188 1.136264383792877 1.523492880165577 1.487353228032589 0.6372396200895309 0.3457703217864037 0.2140733078122139 10.74316912889481 44.76936081051826 3.381980858743191 6.474952839314938 4.028926603496075 26.97358991205692 1.127519607543945 45.08534254133701 0.3210491165518761 0.5393605753779411 0.1836318895220757 0.3776176646351814 0.5410604998469353 2.074800096452236 33.60581254959106 1.097036182880402 0.4145117327570915 50.48314529657364 39.73118717968464 69.08458487689495 80.36879292875528 47.8042506724596 178.2452377080917 231.0105110481381 2.246868275105953 203.5920017138124 1.09681674093008 0 0.2403383702039719 0.08167635649442673 0.8715181276202202 0 0.2526680529117584 0.2336538732051849 0.3870874717831612 0.9005348905920982 5.625098817050457 3.615795284509659 5.649580784142017 28.18679267913103 20.52685016393661 0.2741514593362808 31.33726400882006 11.15246995538473 0 3.089735604822636 1.796901553869247 0.3995799869298935 1.999762825667858 14.47043693065643 0.6174973249435425 4.033303312957287 4.613861344754696 4.477322831749916 3.450674973428249 8.628951177000999 8.491956941783428 14.84957735240459 10.35854391753674 0.46275994181633 0.230212964117527 0 0 0 0 0 0 0 0 0 0 0.2139619439840317 0 0 0.1227348446846008 0 0 0 0.9437394738197327 0.6559706777334213 0 0.6514016389846802 0 9.908417783677578 0.9380258992314339 5.391924820840359 1.874495215713978 0.5074527785181999 0 0.2211465835571289 0 0 0.5238068625330925 0 0 0.1280470341444016 0.09705518931150436 0 0 0.1059035360813141 0.09466368705034256 0.1110022962093353 0 0 0 0.3415418714284897 0.1509938985109329 0.4324215650558472 0 0.2284356355667114 9.029888361692429 2.429367162287235 0 0.146760031580925 0 0 0 0 0 0 9.180165648460388 0.4920145496726036 0 0 0.3096765875816345 11.8062724173069 0 5.299389898777008 0.7902147322893143 1.125421635806561 0.4497168436646461 0.09721478074789047 0.6045361012220383 0 0 0 0 0 0 0 0 6.516756594181061 7.240118481218815 5.842410251498222 202.9840289279819 4.549679204821587 88.27981658279896 35.08388021588326 30.45598626881838 19.54764103889465 0.1929989978671074 17.2570571154356 9.077141717076302 0.6119722723960876 2.69395088404417 0.5192288309335709 9.197319775819778 0.1885313093662262 0 0.293497808277607 6.600714467465878 0 22.59767221659422 7.902632869780064
46.34191839396954 41.66952992975712 13.72124627232552 185.5397771075368 48.47669644653797 62.37521244585514 195.5277447476983 21.6308821067214 12.3376841172576 986.8007254526019 64.90328764170408 55.26670977473259 771.9692216813564 100.477016761899 25.84114229679108 17.94376796483994 0 0 0.2502117529511452 0 0.317437469959259 0.1364697366952896 0.1503691673278809 0 2.183462239801884 0 0.5909578949213028 0.3019828721880913 0 0.3502612560987473 6.418193086981773 0.6284057050943375 97.87328930199146 0.2183857560157776 0.2599138095974922 2.436998009681702 75.807208314538 27.25179576128721 11.52579512447119 1.730564147233963 0.581623911857605 0.4562811329960823 0 1.753804892301559 0.1800449788570404 0.1118706911802292 20.71362206339836 0 0.1354850828647614 0 0 1.060641437768936 0.3586577326059341 0.3228781521320343 0 0.07854780554771423 1.862604349851608 2.832237645983696 0.6534638553857803 1.828438133001328 3.567065432667732 48.89338673651218 0.278221070766449 1.985315673053265 0 0 0 0 0.5475389435887337 0.126561775803566 14.9704612493515 2.036529466509819 0.1058834791183472 5.772700101137161 2.163947105407715 16.27478623390198 10.52686401456594 8.441641248762608 0.6357461810112 47.29815435409546 0.6632483452558517 66.70236361771822 0.9996668323874474 0 0 0 0.1444913297891617 0.2032994329929352 0 0 0.110726498067379 1.011758029460907 0.3714471459388733 0 0.7810023427009583 421.621255338192 20.06991072744131 0.1302841007709503 13.17338664084673 12.27275937795639 1.227184012532234 6.089883804321289 7.910331442952156 1.013167850673199 13.94077534973621 73.64576514065266 2.640692614018917 18.55733500421047 21.95783508569002 17.06168393045664 19.17160920798779 56.80366807430983 54.48503219336271 42.9413076415658 53.09061574190855 0.3900667279958725 0.5082316920161247 0 0 0 0 0 0.384346067905426 0 0 0 0 0.09342785179615021 0 0 0 0 0 0 2.182820007205009 3.111678242683411 0 0 0 38.00200024247169 0.864556610584259 10.0040720179677 1.48463349044323 0 0 0 0 0 0 0 0 0.3448868691921234 1.088295198976994 0 0 0 0.3509757071733475 0.189499095082283 0 0 0 1.119795188307762 1.243390582501888 0.09579962491989136 0.1038509458303452 0 15.37017118930817 1.485002167522907 0 0.2948181554675102 0 0 0 0 0 0 35.96158702671528 0 0 0 0 17.61226898431778 0.1376116871833801 6.325517021119595 1.016190141439438 0.5933546274900436 1.622114293277264 1.786357305943966 1.767122559249401 0 0 0.1595113575458527 0 0 0 0.1001724898815155 0.1547829359769821 31.33922865241766 17.22636704146862 8.940416008234024 194.6355446428061 1.685427740216255 51.89154978841543 28.41339152306318 36.94650481641293 12.83029915392399 0 12.57327297329903 8.396273754537106 0 4.243381164968014 2.229870848357677 17.90438808500767 0.3850734382867813 0 0.2150876820087433 5.593149788677692 0 498.5404680594802 82.43088858574629
33.11366725713015 662.3225663751364 216.1719454228878 406.7027459107339 1032.344945237041 82.55235570669174 3157.370330967009 456.2070196568966 1225.424305230379 5118.190203085542 1983.356746673584 771.9692216813564 2983.513486362994 3318.466674908996 122.8089285120368 106.5473002195358 2.55137761682272 0.2707377970218658 0.472166083753109 0.1317512392997742 0.7836766615509987 0.8695616275072098 1.383339986205101 0.7110686898231506 9.424930721521378 0.8369628861546516 1.758489206433296 1.109980873763561 1.281831905245781 0.2690586000680923 56.20722790807486 34.43812793493271 953.4332755282521 1.25560151040554 1.49828365445137 9.23897547274828 334.5197823122144 79.21138119697571 42.49008987098932 8.423592738807201 1.272518649697304 0.6755710691213608 0.3646128103137016 14.10793738812208 1.305520281195641 1.924842491745949 100.3520539030433 1.436246395111084 0.902195006608963 0.8491371721029282 0.4240600243210793 1.09882365167141 1.25717905908823 0.6173395290970802 0.6893816441297531 0.5156712606549263 9.499720610678196 49.96619292348623 3.29052509367466 16.07006790488958 7.108552433550358 137.4805920273066 0.5759015902876854 53.22232782840729 0.7627533823251724 0.6166285797953606 0.1985589936375618 0.0847783163189888 0.1230988055467606 0.5625211820006371 92.24392607063055 3.185809247195721 0.2711389809846878 69.67289552092552 64.78795216977596 127.1085193678737 141.1753094419837 68.72950574755669 11.70085824280977 223.2354388013482 4.99085234105587 167.3722586259246 2.69007720053196 0 0.2390656918287277 0.3593887910246849 0.6147325560450554 0 0.3717911243438721 0.3491605073213577 0.8766623362898827 0.76190485060215 0.6878591403365135 2.156654834747314 7.094684064388275 863.1229137033224 89.08175557851791 0.4757533669471741 38.37016724050045 20.49691880494356 1.576913498342037 7.88891925662756 25.17471063882113 5.257987320423126 45.68129996210337 215.746050350368 7.035852938890457 60.0836381688714 70.76521845906973 68.77221450954676 49.00169875472784 141.4133723080158 153.8145168423653 130.3717896565795 136.0589224025607 0.9564835727214813 0.9798083454370499 0 0 0 0 0 0.1301667541265488 0 0 0.1121801808476448 0.4985040426254272 0.3439559936523438 0.1069790944457054 0 0 0 0 0 5.748608589172363 13.57565596699715 0 0 0 111.013467527926 4.018914647400379 31.03570272773504 3.245395682752132 0.8076539635658264 0.6490364521741867 0 0.5355467349290848 0.6756595447659492 0.5609679594635963 0.2143407762050629 0 0.9109256714582443 3.130676813423634 0 0 0 0.1667308732867241 0 0.7836390137672424 0 0 3.98438023775816 6.556869067251682 1.759417340159416 0.1246078610420227 0 48.78784810006618 4.669072657823563 0.4346900284290314 0.8153754621744156 0 0 0 0 0 0 103.1135061755776 1.238400161266327 0 0 0.24028529971838 69.21743950247765 0.6230684071779251 29.44797873497009 7.723173081874847 7.014505580067635 5.284569039940834 1.183992601931095 3.143973127007484 0.09237370640039444 0.09160063415765762 0 0 0 0 0.2374962717294693 0 91.03624986112118 51.97748576849699 37.65128091722727 711.2527878805995 11.39067858457565 201.2925323471427 93.18794091790915 92.19261624664068 44.15932847559452 0.6696393564343452 52.93464780598879 36.5907968878746 1.082200489938259 17.4507831633091 3.859724722802639 45.48526360839605 1.895657800137997 0 1.639680325984955 21.58578714728355 3.066421717405319 979.3225869238377 200.9411937445402
30.68409385532141 1394.159848369658 1024.860194526613 21.25875837355852 1754.114135168493 6.123106867074966 2359.137445300817 1104.237461984158 929.1191283538938 524.4253065288067 2297.42492954433 100.477016761899 3318.466674908996 741.6425135582685 62.79526150971651 49.31946761161089 0.9407457187771797 0.1290897578001022 0.5963088944554329 0.2456304654479027 0.5830256044864655 0.4026788175106049 1.444108717143536 0.8659331798553467 6.001969523727894 1.17877546697855 2.630906008183956 0.5145092904567719 1.00661675632 0.1054388582706451 190.8899223580956 49.04052132368088 475.5403102934361 0.09764318913221359 2.35620491206646 12.2768404558301 270.0916497260332 33.94269797205925 15.60131153464317 4.105413600802422 1.017989479005337 0.5474471524357796 0.1043490618467331 5.57008683681488 0.5821211412549019 0.789493590593338 55.24610601365566 1.042724311351776 0.724992461502552 0.199846126139164 0.5780124887824059 0.8777903169393539 0.7719407975673676 0.4482060670852661 0.1761533468961716 0.3349420502781868 8.726705685257912 38.85533151775599 3.50271450728178 8.484545633196831 7.459234230220318 76.10466126352549 0.606138601899147 39.67853067070246 0.2009163796901703 0.3463119268417358 0.1746136248111725 0.4945958331227303 0.08391135185956955 0.7109716683626175 55.31184091418982 1.198178499937057 0 55.08825302124023 44.48749455809593 77.1472430601716 73.42664467543364 35.66635695099831 34.16834856569767 281.8734151944518 0.6455947533249855 290.6306898519397 1.757726527750492 0 0.3723377138376236 0 0.926358625292778 0.1211327314376831 0.1809494495391846 0.1708105057477951 0.5134763196110725 0.2622933089733124 2.670678690075874 3.203496977686882 4.643142186105251 105.1425163522363 32.35937841236591 0.3361497968435287 26.41034989804029 6.682783789932728 0.189649224281311 3.233603700995445 4.785018742084503 0.7716617435216904 8.106889232993126 37.92815966904163 0.6907999962568283 11.28751018643379 11.13600538671017 12.07002472132444 14.13143850117922 25.08452937752008 28.68672812730074 26.46507948637009 25.21771704405546 0.2212293744087219 0.389553889632225 0 0 0 0 0 0.1780480444431305 0.1254651546478271 0 0.3367810845375061 0 0 0.3594265282154083 0 0.1177980303764343 0.0991181954741478 0.5009056031703949 0 1.940870799124241 4.477365270256996 0 0 0 23.80287865549326 0.432711273431778 8.639503300189972 1.471560187637806 0.08911946415901184 0.3856601864099503 0 0 0.20585697889328 0.2199664562940598 0 0 0.1540389806032181 0.5968415141105652 0.1466588824987411 0 0 0.2007463946938515 0.2732317894697189 0.0775185152888298 0 0 1.014647267758846 1.544370613992214 0 0 0.442185640335083 15.45077691972256 1.663626670837402 0 0 0 0 0 0 0 0 21.52762534469366 1.408514246344566 0 0 0 14.73680824786425 0.570187896490097 5.929652161896229 2.096025973558426 1.147366277873516 1.391126446425915 0.4613969549536705 1.008713394403458 0 0 0 0 0 0 0 0 15.59369129687548 10.27512954175472 8.891012728214264 271.3498075380921 5.553534001111984 100.7120236307383 35.11548072099686 38.96016255021095 22.01353977620602 0.9990328252315521 22.00122994184494 13.20149510353804 0.4720181822776794 6.518032312393188 1.41920468211174 8.337605871260166 1.907237030565739 0.1259246915578842 0.2262844145298004 7.149800956249237 0.0988403856754303 114.1269717141986 31.21778813004494
