489.056866273284 2181.79999256134 806.1104494854808 1333.567249506712 51.04250479489565 211.9297217279673 364.1630801782012 45.19051083177328 12.2444411739707 538.0727228410542 42.67539305984974 19.88783414661884 14.3451199606061 28.82238762825727 10.12476174533367 1.736472196877003 0.2507370933890343 0.07245297729969025 0 0.09485030174255371 0.1060446053743362 0 0.508811891078949 0.5930018350481987 0.3940996825695038 0.1786929816007614 0.4669044017791748 0.4823661297559738 0 0.2540822401642799 898.8568888381124 8.015552632510662 7.713938407599926 0 1.035466097295284 1.577018745243549 1.749833792448044 1.061131082475185 0.09128299355506897 0.1176904961466789 1.125872813165188 0.7060752883553505 0.347426250576973 0.4590006545186043 0 0.3674581721425056 103.6465869396925 2.732360437512398 0.4162837937474251 0.456226758658886 0.7517838180065155 0 0.1392451599240303 0 5.456609010696411 6.503403656184673 90.85796568542719 297.6475406438112 19.86926669254899 56.51608610898256 0.9112460091710091 0.8627330288290977 0.2074389159679413 75.18175733834505 4.557083681225777 4.194354251027107 1.444707542657852 0.6055874153971672 0.6910834833979607 1.506020501255989 2.663503028452396 0.5501201003789902 0 160.9415313676 24.8231413140893 120.2549555599689 42.31541379541159 4.163584165275097 5.012787498533726 44.17612654715776 1.67921955883503 7.899805746972561 16.14158445596695 0.9216175451874733 3.227515935897827 4.455362305045128 2.73067407310009 0.2528356462717056 0.6505986452102661 0.2337689846754074 0.2577583268284798 0.0780419260263443 0.4697580263018608 0.4304215908050537 0.2960697412490845 60.63397651910782 14.74019347131252 0 0.3464909717440605 870.2401735782623 0 1.399147272109985 0 0 0.7967643737792969 1.109514497220516 5.696897551417351 0.1375185698270798 0 3.408509910106659 0.2058635056018829 0.7378768473863602 0.3694806694984436 1.629767045378685 1.708462536334991 0 0 0.08021897077560425 0 0 0 0 0 0 0 0 0 0 0 0 0 0 0 0 0 0 0 0 0 0.6197051033377647 0 0.1485927104949951 0.1421438902616501 0 0 0 0 0 0 0 0 0 0 0 0 0 0.6767134740948677 0 0 0 0 0 0 0.2490870803594589 0 0.09945306181907654 0 0 0 0 0 0 0 0 0 0 3.132068775594234 0 0 0 0 0.1531709432601929 0 0.3143925592303276 0 0 0 0 0 0 0 0 0 0.09129220992326736 0 0 0 8.158830165863037 0.9501149579882622 1.591551505029202 274.7114447131753 15.92994922399521 219.2701036036015 26.14432095736265 423.2921273186803 24.35033399611712 2.847923047840595 5.559464931488037 0.5359245836734772 0.2792646288871765 0.5076358765363693 0 6.702208518981934 0 0.5873528122901917 0 2.509890154004097 0 620.2889026403427 7.831199891865253
2181.79999256134 2182.16950404644 1548.174341309816 865.0806543380022 1323.796479225159 76.17665842175484 2139.441805489361 175.899804122746 1227.918477766216 749.6205224171281 701.9164594858885 59.7627107873559 730.0824749693274 829.4152226522565 24.53855541348457 7.403777278959751 0.8985006064176559 0.3882237672805786 0 0.4993478059768677 0.0828663557767868 0 1.111260041594505 1.928307458758354 2.217801742255688 0.8252817243337631 1.795043416321278 0.5517656430602074 0.4681127220392227 1.078417137265205 2119.846584640443 24.31129018589854 23.34812695533037 0.11823770403862 2.66801742464304 2.317625425755978 6.139772891998291 3.697365969419479 0.8082388266921043 1.184773370623589 2.466989427804947 0.9403575137257576 0.98595130443573 1.882894903421402 0.1565648466348648 0.5976194068789482 205.3217488527298 5.196078784763813 1.247216656804085 0.8885418921709061 0.9867827445268631 0.2231044322252274 1.735109843313694 0.5118383392691612 5.816101633012295 9.39498258009553 95.30856914073229 393.1735450066626 31.84585633128881 72.75330642238259 1.335818275809288 4.835283409804106 0.5746815130114555 152.3869940377772 6.376432050019503 5.332399263978004 1.051329985260963 0.3021479845046997 3.214819360524416 4.235677592456341 6.683148555457592 0.2450597211718559 0 252.2827005721629 42.46860658377409 212.252948705107 125.9674725458026 14.03427012264729 14.69026248902082 106.6175208389759 4.240719318389893 19.60336375981569 24.89909220486879 0.6222275048494339 5.478480152785778 5.544681828469038 2.353372693061829 0.06712238490581512 1.0300472676754 0.1123603582382202 0.8254515528678894 0.1533447355031967 3.000745382159948 1.568481259047985 0.3849433064460754 23.15714517980814 2.400837615132332 0.4924862235784531 4.135720767080784 1040.887664943933 0 0 0.3371565714478493 0 0 6.2681964635849 0 0.3397886902093887 0.2431917041540146 1.088254302740097 0.3496435433626175 0.2946952730417252 0 0.4614149853587151 1.308128230273724 0.09994643926620483 0 0 0 0 0 0 0 0 0 0 0 0 0 0 0 0 0 0 0.252751886844635 0 0 0 0 1.599101275205612 0 0.7822546437382698 0.5927398726344109 0 0 0 0 0 0 0 0 0 0.08438730239868164 0 0 0 1.012272074818611 0 0.07263798266649246 0 0 0 0.439839780330658 0 0.2041715681552887 0.4529288709163666 0.4403246566653252 0 0 0 0 0 0 0 0 0 2.990378931164742 0.2085846066474915 0 0 0 0 0 0 0 0 0 0 0 0 0 0 0 0 0 0 0 4.839955672621727 2.176724798977375 3.335790280252695 289.5473071113229 14.74655444920063 333.5396592319012 44.79610629379749 193.8299795947969 31.38847801089287 2.613276124000549 12.08057629317045 1.044261589646339 0.2432031556963921 0.1055183708667755 0.260781928896904 0 0.2300257235765457 0 0 32.15822157263756 0.1795353293418884 51.84021554887295 3.517071470618248
806.1104494854808 1548.174341309816 1084.963167861104 18.65396836772561 415.7716499194503 3.158364310860634 237.271812543273 1113.640780970454 503.7188013494015 51.18692819774151 1444.975589305162 66.9510360211134 227.4867988750339 970.2273301258683 48.87751485407352 23.30674237757921 3.117736712098122 0.4251913875341415 0.3724680244922638 1.289974495768547 3.303766958415508 1.846510909497738 17.6455300077796 15.1909946501255 20.04981447011232 2.505956828594208 15.77122911810875 3.071009486913681 3.106175437569618 9.26656336337328 3951.284242644906 327.85177763924 166.7707062512636 2.386777848005295 26.61629277467728 27.25173833966255 37.9782690256834 37.23568320274353 6.502058818936348 5.693208567798138 22.02481868863106 10.87998385727406 3.660438366234303 4.161714561283588 0.5108504667878151 2.477609306573868 233.4029466621578 4.752497054636478 2.354144066572189 4.361328825354576 3.261702090501785 1.156997472047806 5.142149247229099 2.316248826682568 5.802069492638111 5.161579057574272 69.22964512556791 419.1166366748512 21.09950259700418 62.18209235742688 12.28649805858731 50.33541521057487 11.6166410446167 388.5097011774778 3.855499871075153 4.007670979946852 0.7833338379859924 1.180330775678158 14.29487055167556 25.75981057062745 44.43057538568974 5.566286593675613 0.3175358101725578 211.1560428999364 34.67233414202929 219.1276620291173 203.5251518562436 50.69152189046144 259.0199783965945 1197.754542414099 25.56651603803039 318.5170444361866 18.32921230047941 0.7676398567855358 4.215919427573681 4.279309689998627 3.430929914116859 0.4291932508349419 0.7871670164167881 0.2656168416142464 0.5378286838531494 0.2657945528626442 19.42885478213429 6.520171038806438 1.607342816889286 58.79880864918232 3.127548694610596 0.9321354851126671 15.26920299232006 462.8918241411448 0.7162946835160255 0.5088122636079788 0.8985112011432648 0 0.2010329365730286 0.9873388260602951 2.269497528672218 0 1.930557556450367 4.469840936362743 1.859178312122822 3.304733581840992 1.621096573770046 3.583871029317379 5.141073510050774 0.911322146654129 0 0 0 0 0.09282924979925156 0 0 0 0 0.09920832514762878 0 0.5195087790489197 0 0 0.1095119938254356 0.9972115680575371 0.1117846965789795 0.09465028345584869 0.9877952039241791 0.1010024696588516 0 0 0 5.801082231104374 0.5070966333150864 5.215125530958176 3.07531064748764 1.21795991063118 0.5744945257902145 0 0 0 0 0.2715321779251099 0.1273596435785294 0 1.520526632666588 0 0.1130100712180138 0 12.02761188149452 0.5438164249062538 0 0 0 0 0.2165080830454826 0 0.4159535318613052 1.101504847407341 2.095349043607712 0.2438556700944901 0 0 0 0 0.2609763145446777 0 0 0.3590114638209343 19.28066524863243 0.2380771860480309 0 0 0.247114285826683 0.7873797342181206 0.282379224896431 0.245888814330101 0 0 0.3806520402431488 0.4320182204246521 0.07177720963954926 0 0 0 0 0 0 0 0 18.93772114813328 15.04303392767906 13.25944962352514 363.0982771068811 23.20818219333887 350.4503853395581 76.55834501981735 116.4545128494501 34.33701325953007 4.040051616728306 12.8981094956398 6.878845475614071 0.1663680523633957 4.086140908300877 1.206730455160141 0.7152836322784424 0.1586187332868576 0.4066004082560539 0.1121528074145317 13.31085664778948 0 22.25378336012363 9.475308425724506
1333.567249506712 865.0806543380022 18.65396836772561 417.4807924181223 14.05418129265308 318.1394369900227 827.4218671098351 1.31484143435955 1.365147635340691 1488.571418702602 2.321097046136856 116.1745099052787 76.23933952301741 1.42645201086998 1.404442489147186 0.1075074747204781 0.07400166243314743 0 0 0.07771708071231842 0 0 0.08570541441440582 0.06556353718042374 0 0 0 0 0 0 47.55223869532347 1.3370705768466 0.1775305569171906 0 0 0 0.06545394659042358 0 0 0 0 0 0 0.106902077794075 0 0 24.65679460018873 0.4280841648578644 0 0.07833800464868546 0.08415849506855011 0 0.1757385954260826 0 0.9863911345601082 1.682648405432701 11.83261388540268 51.47419484704733 4.092435877770185 14.85900202393532 0.08207987993955612 0.1165024414658546 0 19.7657984867692 0.9330171421170235 0.447608195245266 0.1550892144441605 0.3782915100455284 0.3304069563746452 0.2567204162478447 1.792076326906681 0.844647228717804 0 40.51663131639361 5.620380103588104 25.01110428571701 7.626751519739628 1.033412910997868 0.6387868225574493 1.052878148853779 0.4198566377162933 0.7299987971782684 3.844678107649088 0 0.7124868333339691 0.8895107358694077 0.2780833318829536 0 0.2560742981731892 0 0 0 0.08034240454435349 0 0 27.1623752117157 5.112864255905151 0 0.2050348892807961 181.2436047121882 0 0 0 0 0 9.660880029201508 0.4229124039411545 0 0 0.5550915598869324 0 0 0.7532542049884796 0.3773641884326935 0.1237017437815666 0 0 0 0 0 0 0 0 0 0 0 0 0 0 0 0 0 0 0 0 0 0 0 0 0 0 0 0.2013398110866547 0 0 0 0 0 0 0 0 0 0 0 0 0 0 0 0 0 0 0 0 0 0 0 0 0 0 0 0 0 0 0 0 0 0.7632623612880707 0 0 0 0 0 0 0 0 0 0 0 0 0 0 0 0 0 0 0 0 3.865420669317245 0.3463647291064262 0 39.13711608946323 2.594182893633842 40.62238542735577 2.17192167788744 134.0866533964872 3.882354184985161 0.4970925748348236 1.013819932937622 0 0.2482352554798126 0 0 0 0 0 0 4.519752532243729 0 237.0111711472273 6.808340013027191
51.04250479489565 1323.796479225159 415.7716499194503 14.05418129265308 1161.533623822033 0.3818138539791107 1404.458013273776 132.4400457963347 2524.007763743401 171.7518451958895 1366.552293889225 42.12917010486126 538.3497275263071 1073.292097091675 8.758822925388813 2.564129717648029 0.3582781478762627 0 0 0.1457843631505966 0 0 1.157267011702061 1.02434117347002 0.16665218770504 0.1030057072639465 0.1918521448969841 0 0 0.4037343710660934 78.5630035251379 6.688047729432583 4.224515900015831 0.2508555874228477 0.9787704199552536 0.8356485739350319 1.504555352032185 0.4377125799655914 0.1823363900184631 0.2840901911258698 0.5729292705655098 0.3106545433402061 0.1895691230893135 0.1986852586269379 0 0.2283973917365074 60.64185085892677 1.193752825260162 0.07724826782941818 0.4277755171060562 0.08888588100671768 0 0.09186422824859619 0.1449588537216187 0.5426861271262169 0.9588549360632896 6.876930367201567 40.14293621480465 4.612498454749584 11.40310394018888 0.4051017016172409 0.3667928576469421 0.07627496868371964 31.87746760249138 0.5090000331401825 0.7154125384986401 0.257940836250782 0.2431373745203018 0.7599425539374352 1.756402991712093 4.217040300369263 0 0 31.27091197669506 7.917387008666992 48.22411359101534 45.66128872334957 4.257187493145466 0.831876665353775 4.540256910026073 1.739076308906078 2.859936505556107 3.408743742853403 0 0.303861953318119 0.5314282923936844 0.6545416638255119 0.09009688347578049 0.296398401260376 0 0 0 0.5718121938407421 0.4575665071606636 0.3128216490149498 8.398022674024105 0.7402208149433136 0 0.8546440973877907 43.01575769484043 0.0918368399143219 0 0 0 0 0 0 0 0 0 0 0 0.1553889214992523 0 0 0 0 0 0 0 0 0 0 0 0 0 0 0 0 0 0 0 0 0 0 0 0 0 0 0.2962073981761932 0 0 0 0 0 0 0 0 0 0 0 0 0.1456263512372971 0 0 0 0 0 0 0 0 0 0 0 0 0 0 0 0 0 0 0 0 0 0 0 0.8434619680047035 0 0 0 0 0 0 0 0 0 0 0 0 0 0 0 0 0 0 0 0 1.998421780765057 0 0.421579048037529 110.837093628943 3.664300754666328 105.8723135516047 19.05057561397552 27.98769795894623 9.366149082779884 1.621431119740009 8.051624871790409 0.1753127723932266 0 0.6852776259183884 0 0 0 0 0 5.725777804851532 0 4.764883972704411 0.3219603300094604
211.9297217279673 76.17665842175484 3.158364310860634 318.1394369900227 0.3818138539791107 6.635445117950439 33.60579951107502 1.723606988787651 0.5626507997512817 382.2797410339117 0 25.77307687699795 6.212334051728249 2.983239561319351 0 0 0 0 0 0 0 0.1666767597198486 0 0 0 0 0 0.3801513016223907 0 0 13.56355655193329 0.422522097826004 1.163261957466602 0 0 0 1.38862207531929 0.1273897588253021 0.7821298688650131 0 0 0 0.1427177339792252 0 0 0.2685469388961792 0.9137041866779327 0 0 0 0.3422799706459045 0.5441116988658905 0.08964944630861282 0 0.1777808219194412 0.08869102597236633 74.76609648019075 1.824351936578751 0.8895488232374191 3.237169027328491 0.1588950157165527 0 0 0.6928108409047127 0 0.6726370006799698 0.1211104840040207 0 0 0 11.20480734109879 50.35305796563625 1.621123522520065 2.042744696140289 0.5209546089172363 2.629391252994537 0.7916799485683441 0 0 0.9709459394216537 0 0 0.265839084982872 0 0.1730662286281586 0.4284644722938538 0 0.4114627540111542 0 0.1616226583719254 0 0.2330543994903564 0.2614801228046417 0 0 146.7424959689379 141.718627884984 4.274733707308769 6.202237159013748 354.4622476100922 0.1034300699830055 9.459561452269554 0.2419219166040421 0 0.6135781034827232 2.453292697668076 50.8569198846817 1.194660000503063 1.958831295371056 14.70512475073338 0.8751988559961319 5.589320249855518 5.638926900923252 6.580432541668415 5.562111467123032 0 0 0 0 0 0 0 0 0 0 0 0 0 0 0 0 0 0.3058939278125763 0 0.7116194367408752 0.2179777324199677 0 0 0 2.613504402339458 0.4318288564682007 1.502747684717178 0.6158608049154282 0.2691441476345062 0 0 0.09040958434343338 0 0 0 0 0.0784144252538681 0 0 0 0 1.462867587804794 0.1332241147756577 0 0 0 0 0 1.061278581619263 0 0 0.7443649023771286 0 0 0 0.09549149870872498 0 0 0 0.09895491600036621 0 14.61428812891245 1.048745512962341 0 0 0 0.27084019780159 0 0.3164891600608826 0 0 0.1843358129262924 0 0 0 0 0 0 0 0 0 0 65.34693836420774 4.874432943761349 3.249047391116619 91.76876547932625 3.296953290700912 2.281739979982376 2.688063234090805 68.18944954872131 0 0 1.235610723495483 0.5564025118947029 0 0.6414640545845032 0.1412242352962494 25.0847283154726 0 0 0.5465698912739754 0 0 51.44595634937286 78.08724419772625
364.1630801782012 2139.441805489361 237.271812543273 827.4218671098351 1404.458013273776 33.60579951107502 468.5195478796959 70.72914905846119 538.6459920033813 2128.243840023875 338.6521787643433 533.9931024909019 1497.209930084646 929.4976920969784 9.009248428046703 3.536229208111763 0.5136542990803719 0 0 0.178283229470253 0.1951500773429871 0 0.851873017847538 0.4313144236803055 0.1615025550127029 0.3243772014975548 0.1730801910161972 0.188186801970005 0 0.09726204723119736 139.8747121915221 7.960862621665001 1.944485738873482 0.1877412050962448 0.8606782406568527 0.341235987842083 2.440181568264961 0.6669261455535889 0.6336439251899719 0.3733215183019638 0.6297845244407654 0.3197177872061729 0.5098003596067429 0.8198739588260651 0 0.1859400793910027 87.2255265340209 0.8552324399352074 0.5054013878107071 0.4612850323319435 0.268812358379364 0 0.2956350818276405 0.402459055185318 1.464570358395576 2.320227354764938 18.02036267518997 71.9593448266387 6.775365684181452 23.63354051858187 0.6166915968060493 0.8707231730222702 0.1860630437731743 51.55967841297388 1.509761601686478 0.8115387037396431 0.4172268733382225 0.1828640550374985 1.447144985198975 2.244241252541542 2.857096523046494 0.1317764669656754 0 57.78480008989573 13.18900521099567 70.80923212319613 67.85681980103254 8.232968300580978 3.101377323269844 6.248269580304623 2.573269158601761 6.504293650388718 7.008358016610146 0 1.041102766990662 1.795444302260876 0.6746564656496048 0 0.1497035473585129 0 0.07281078398227692 0 1.542979568243027 0.3510807380080223 0.3339898586273193 37.94394908845425 1.293272450566292 0 1.876207031309605 110.5799652561545 0.1070199608802795 0 0.8150876015424728 23.10532906651497 0 11.92298927903175 1.524453639984131 14.25014537572861 12.6637975871563 5.208367466926575 0.187924787402153 7.582697287201881 4.788292914628983 0.3718031346797943 1.399378284811974 0.1221112385392189 0 0 0 0 0 0 0 0 0 0 0 0 0 0 0 0 0 0 0 0 0 0 0 0 0 0 0.1428353637456894 0 0 0.206440269947052 0 0 0 0 0 0 0.2005992606282234 0 0 0 0.06977295875549316 0 0 0 0 0 0.1085486337542534 0 0 0 0 0 0 0 0 0 0 0 0 0 1.933779135346413 0 0 0 0 0.2060941755771637 0 0 0 0 0.2539160549640656 0 0.2747888118028641 0 0.08509773761034012 0 0 0 0 0 0 2.233024567365646 0.728761188685894 0.7808542922139168 145.3973153457046 4.762808382511139 139.6522710993886 30.70494398474693 52.12242046743631 16.99731979519129 1.340693652629852 7.233059830963612 1.187812745571136 0 0.2973561808466911 0.1581007540225983 0.2388260364532471 0.07749705016613007 0.2097611501812935 0 8.108098328113556 0 17.26896327733994 1.286498501896858
45.19051083177328 175.899804122746 1113.640780970454 1.31484143435955 132.4400457963347 1.723606988787651 70.72914905846119 896.5070282444358 370.0979143306613 25.66799099743366 2502.139702789485 105.8855145201087 231.6136241108179 3224.839786194265 38.9859157986939 22.92458344250917 3.940295867621899 0.4899489134550095 0.5637727454304695 2.850821517407894 2.753272511065006 0.5775079131126404 28.8966992944479 18.20108615607023 21.83851390331984 4.344771184027195 18.40369966626167 4.058559902012348 4.314903572201729 7.544481918215752 1130.530709683895 691.9648392051458 234.7958465740085 3.362125754356384 40.10943534970284 28.45773654431105 37.68253411352634 40.5417116060853 7.004915460944176 7.918059058487415 25.68746487051249 9.987633690237999 2.978252358734608 5.096386853605509 0.3949975371360779 3.476479075849056 185.9369005560875 2.19489548355341 1.608572483062744 3.780690100044012 3.08739697933197 2.344177767634392 5.441928289830685 1.971692312508821 2.516834422945976 2.483932100236416 21.18132409825921 110.8279796652496 9.164447341114283 34.00144857168198 46.05013074725866 51.18646146357059 25.7976982742548 173.844713948667 2.095387376844883 2.668813582509756 1.102371100336313 1.625571314245462 13.19958994537592 35.55760906636715 44.6883874386549 4.528821803629398 0.2184065207839012 71.37627739831805 19.94988795369864 138.5741033479571 207.4224909767509 65.12687593698502 723.1118005588651 2833.423795945942 78.97548291832209 799.9006589651108 9.106870587915182 0.1677576825022697 1.19764594361186 1.749434646219015 2.025767534971237 0.2109693363308907 0.6299782618880272 0 0.5310537442564964 0.1428019553422928 25.78488775342703 6.127904698252678 1.77973747998476 55.6245523840189 3.732781611382961 1.243534341454506 10.46035077422857 71.98384336382151 0.6392560228705406 0.976919487118721 0.5700825750827789 0 1.054402619600296 0.0784834548830986 1.005854785442352 0.1925207450985909 1.017064556479454 2.041542358696461 0.9443803057074547 3.1749012991786 1.826393105089664 3.79444345831871 4.008871756494045 0.3202428445219994 0 0.1387146860361099 0 0.1423711478710175 0 0.09643664956092834 0 0 0 0 0 0.4483388438820839 0 0.1081784591078758 0.09351522475481033 0.9362178146839142 0.09406574815511703 0 1.060961902141571 0 0 0 0 6.665177643299103 0.7971572428941727 3.350957795977592 2.009928412735462 0.7688633501529694 0 0 0 0 0 0 0 0 0.7881783545017242 0 0 0.2178236767649651 5.29754938185215 0.1999333202838898 0.07632861286401749 0 0 0 0.3829503208398819 0 0.5601163282990456 0.9012667164206505 2.042284086346626 0 0 0 0 0 0.09721250087022781 0 0.08265016973018646 0.09749238938093185 12.2971066609025 1.27412174642086 0.091807521879673 0 0.1001000553369522 1.234721884131432 0.2553579807281494 0.5109508708119392 0.06253983080387115 0.09496369212865829 0.2035115286707878 0.7990921139717102 0.08636205643415451 0 0 0 0 0 0 0 0.1140070483088493 15.24625849723816 13.52562152594328 10.84971535950899 236.5141826048493 13.36089915782213 255.1433652862906 60.53352033346891 38.37630201876163 20.72209363430738 0.8846808224916458 13.68589156121016 3.18460188806057 0.0768309012055397 1.046201437711716 1.38413617759943 0.2524630725383759 0.1569651365280151 0.3661821112036705 0 7.322518326342106 0.7425750941038132 11.1205475628376 6.945276364684105
12.2444411739707 1227.918477766216 503.7188013494015 1.365147635340691 2524.007763743401 0.5626507997512817 538.6459920033813 370.0979143306613 638.6474172472954 158.7928952127695 1077.23056762293 125.7230568602681 645.714662976563 849.203012034297 4.393129356205463 2.535386323928833 0 0 0 0.09432405233383179 0.4795422255992889 0 0.2822747677564621 0.1229368150234222 0.1031776070594788 0 0.8731492981314659 0 0.1286881864070892 0.1436536461114883 30.20720285177231 3.984175466001034 1.867904789745808 0.09077667444944382 1.374755367636681 0.2934455871582031 1.986191116273403 1.01242545992136 0.1060611829161644 0.2443116679787636 0.359559528529644 0 0.09272138774394989 0.1598162353038788 0.1023628041148186 0.08914745599031448 30.52723497152328 0.3666280061006546 0.1853794977068901 0.3260999023914337 0 0 0 0 0.5308399349451065 0.2297610715031624 2.178548872470856 11.06811075657606 1.419845908880234 6.048074334859848 0.2250424772500992 0.1981159001588821 0.2190432623028755 12.25792889297009 0.2634661272168159 0.3047934025526047 0 0.3097483143210411 0.344974659383297 1.522975601255894 4.26752844452858 0 0 9.156494002789259 2.642774678766727 21.24572046101093 21.56431376934052 2.059621028602123 1.851400420069695 2.983576260507107 0.262582540512085 1.490793466567993 1.856480233371258 0 0.5633140206336975 0.3869047313928604 0.2909586355090141 0 0 0 0 0.08777619153261185 1.075262881815434 0 0.2167549952864647 12.81971490383148 0 0 0.3689830005168915 11.43561006337404 0 0 0 0 0 1.810320138931274 0 0 0 0 0.4287564754486084 0.1591520011425018 0 0 0 0 0 0 0 0 0 0 0 0 0 0 0 0 0 0 0 0 0 0 0.1244412958621979 0 0 0 0 0.4447333738207817 0 0.3946101665496826 0 0.08890890330076218 0 0 0 0 0 0 0 0 0 0 0 0 0 0 0 0 0 0 0 0 0 0 0 0 0 0 0 0 0 0 0 0 0.658041924238205 0 0 0 0 0 0 0 0 0 0 0 0 0 0 0 0 0 0 0 0 1.629981651902199 0.809807226061821 0.08791445940732956 50.67872612923384 3.549787282943726 46.98391167074442 11.31249541789293 12.31296911090612 8.961053729057312 0 2.28508135676384 0 0 0.2902024462819099 0.1433351337909698 0 0 0 0 1.931249171495438 0 2.493156634271145 0.2692375406622887
538.0727228410542 749.6205224171281 51.18692819774151 1488.571418702602 171.7518451958895 382.2797410339117 2128.243840023875 25.66799099743366 158.7928952127695 2964.630803272128 51.9949936196208 2595.177075177431 5078.963673830032 610.758956193924 4.825714774429798 3.140088073909283 0.07477101683616638 0 0 0 0 0 0.2080930173397064 0.1780823320150375 0.964787058532238 0.1685778945684433 0.2494691163301468 0.2242710143327713 0 0.4839640185236931 23.47752551734447 4.144047051668167 45.14780849218369 0 0.5777983143925667 0.36553905159235 33.37690070271492 3.599129945039749 0.7751152738928795 1.151957415044308 1.409122169017792 0.3765750676393509 0 0 0 0 26.38615174591541 0.08766508102416992 0.3759545683860779 0 0.1033179983496666 0 0.7812057733535767 0.2507990598678589 0.5135845169425011 0.4229555204510689 5.02581287920475 18.77228189259768 2.030159588903189 4.349198430776596 0 1.985144287347794 0 8.36931262165308 0.5393600761890411 0.3068098947405815 0.05837108567357063 0 0.6296314224600792 0.4904129430651665 106.5344091132283 8.163704887032509 0 17.57080479711294 4.050232961773872 20.96995612233877 14.03420343995094 2.614283911883831 1.766498424112797 8.869626484811306 0.5718987584114075 3.319646365940571 1.687160924077034 0.07607204467058182 0.2395675107836723 0.5972198992967606 0.1120964884757996 0 0 0 0 0 1.651655457913876 0.2689120694994926 0.07305701822042465 555.0755825638771 47.49654388427734 2.142495632171631 10.05045713484287 141.8315566405654 1.547188073396683 10.74112833291292 8.163758657872677 0.9317137748003006 2.015807867050171 26.34002344310284 84.84002551436424 9.17376546561718 13.24870747327805 34.81562884896994 7.70531453192234 24.91379997134209 12.49692129343748 16.02285546809435 26.14353093504906 0.423624761402607 0 0 0 0 0 0.1137682124972343 0 0 0 0 0 0 0 0 0 0 0 0 2.738943099975586 0 0 0 0 17.15901105105877 0.2901657670736313 4.560507252812386 1.421762809157372 0.7605028450489044 0 0 0 0 0 0 0 0 0.5873776450753212 0 0 0 2.023150831460953 0.3489197939634323 0 0.09438324719667435 0 0.1739299744367599 0.1310398280620575 1.261032104492188 0 0 7.588417559862137 0 0 0 0 0 0 0 0 0 49.06959438323975 0 0 0 0.1992701888084412 3.423335038125515 0 0.7592449188232422 0 0 0 0.3972774147987366 0.138074204325676 0 0 0 0 0 0 0 0 162.3259515687823 15.54154972732067 10.12627214938402 149.6586750522256 9.185458317399025 68.54654180258512 26.93862050026655 119.4805317819118 8.556664004921913 0.1566606536507607 4.792747721076012 2.895987652242184 0 1.790992811322212 2.318773113191128 43.1104024797678 0.2497602552175522 0 0.4404933154582977 1.721018150448799 0.09406261891126633 567.4957633838058 163.6493806764483
42.67539305984974 701.9164594858885 1444.975589305162 2.321097046136856 1366.552293889225 0 338.6521787643433 2502.139702789485 1077.23056762293 51.9949936196208 1324.564040988684 285.162109144032 1028.315845631063 4648.000357285142 21.09457884728909 15.81907586753368 1.342362299561501 0.1796139553189278 0.253571629524231 0.09890295565128326 1.391863793134689 0.4567430466413498 4.561969704926014 4.814917787909508 8.663526199758053 1.715382471680641 5.674403324723244 2.006565012037754 1.901086024940014 3.235733695328236 216.7028599977493 27.63627710938454 171.8569658920169 0.6593065112829208 7.005690589547157 7.464814752340317 54.32236299663782 19.68353723362088 4.762099280953407 3.208587132394314 5.262508809566498 3.454807989299297 0.4080427587032318 2.713260680437088 0 0.6290483027696609 64.7939767241478 1.308165825903416 0.8035444766283035 0.506801038980484 1.325333625078201 0.7694969326257706 3.244334451854229 1.632378749549389 0.2723002433776855 0.342883113771677 5.614595741033554 17.68736080825329 3.026115354150534 10.85828666388988 1.539254568517208 38.24318046122789 2.885274909436703 34.33536285161972 0.4050390794873238 1.044413447380066 0.1404101550579071 0.4822026491165161 3.245548442006111 7.24506051838398 54.01341772079468 2.367544032633305 0.3023396506905556 16.37181465700269 6.803907088935375 46.48592891544104 58.07640445232391 11.0679998844862 35.8343451321125 645.886686578393 2.909653931856155 84.30206775665283 3.152912374585867 0.07098034024238586 0.5742287635803223 0.5702924020588398 0.5621939301490784 0.06873734295368195 0.06732512265443802 0 0 0.3672428578138351 6.596103593707085 2.170094959437847 0.09660884737968445 92.95037722587585 4.611669808626175 1.114829137921333 8.890807159245014 21.37999264150858 0.4078265801072121 1.19715603441 1.653248064219952 0.09273116290569305 0.7656366378068924 0.5999890714883804 2.606892585754395 0 0.6442175582051277 3.450676500797272 1.21576714515686 2.679927177727222 3.282441206276417 4.26048593968153 7.149503357708454 1.077044263482094 0.1333453059196472 0.3658298924565315 0.07461423426866531 0 0 0 0 0.1020041108131409 0 0 0 0 0 0 0.8433879017829895 0.6700065657496452 0.1109910309314728 0 1.483631707727909 0.4055232405662537 0 0 0 5.159664899110794 0.3025270104408264 4.169580094516277 2.201612614095211 0.1776590794324875 0 0.1932393610477448 0 0 0.317858949303627 0.08630059659481049 0 0 0.5118587836623192 0 0.2756132557988167 0.495430201292038 4.233461014926434 0 0 0 0 0 0.08288393914699554 0 0.5110373273491859 0.9778581410646439 3.30537985265255 0 0 0 0 0 0.3309859037399292 0 0.119214154779911 0.07804957032203674 18.89041163027287 0.3939559087157249 0 0.1209244132041931 0 1.65674813836813 0.2660767734050751 0.2189888209104538 0.2226801142096519 0.1196541637182236 0.08936780691146851 0 0.1982004567980766 0 0 0 0 0 0 0 0 27.57352609187365 12.1273707896471 14.78934172540903 138.4581770040095 8.212646201252937 105.1286458522081 35.58811765909195 17.63004896044731 10.85563957691193 0.7310277000069618 7.227131679654121 2.959612533450127 0.1037977933883667 1.706820994615555 0.6045739129185677 1.210205391049385 0 0 0 3.548672646284103 0.3707977831363678 15.27197482436895 6.693320915102959
19.88783414661884 59.7627107873559 66.9510360211134 116.1745099052787 42.12917010486126 25.77307687699795 533.9931024909019 105.8855145201087 125.7230568602681 2595.177075177431 285.162109144032 227.1453951299191 1958.124471761286 673.8132986202836 13.11024853587151 11.34623129665852 1.325777724385262 0 0 0.1080824807286263 0.3787198141217232 0.4109604954719543 2.645372532308102 1.799258418381214 11.42264787107706 2.363088272511959 3.861967824399471 3.605832755565643 2.796985931694508 2.901015147566795 25.94644025713205 16.75152035057545 229.8079479038715 0.4022671729326248 7.045455113053322 5.368108421564102 317.0850755944848 64.41233070194721 16.66219159215689 5.097375437617302 4.969447575509548 2.358037859201431 0.5578934848308563 0.4370423555374146 0 0.35533057898283 36.01074863225222 0.5600077509880066 0.654743604362011 0.426906406879425 0.508386418223381 2.211229711771011 17.77667707949877 1.7089968547225 0 0 1.368884928524494 5.162830486893654 0.1744808182120323 2.340066336095333 0.5583839789032936 24.29014603048563 1.691794648766518 13.17997491359711 0 0.09386902302503586 0.07981026917695999 0.5318179428577423 1.239812664687634 2.635026976466179 339.1883093342185 18.76885551214218 0.6515536978840828 2.966077424585819 0.8108158782124519 16.88064382970333 22.44788911938667 8.842543765902519 6.010582305490971 208.6993634998798 0.9008370265364647 11.33544528484344 0.3801011890172958 0 0 0.5698548629879951 0.5383741036057472 0.1354999989271164 0.2537707462906837 0.1392715573310852 0.08770518749952316 0.2555531486868858 4.643903613090515 1.58558052778244 0.8116965070366859 761.0244501829147 41.75931639224291 9.82623078674078 49.86475659161806 7.53036493062973 2.900725871324539 3.826129779219627 4.281622283160686 0 2.323861062526703 4.991232074797153 14.06389202177525 2.191139303147793 5.729752816259861 24.31055947393179 6.942811563611031 12.327128008008 9.573412910103798 14.1388788074255 20.7745589017868 1.801887676119804 0.3854960724711418 0 0.3702665269374847 0 0 0 0 0 0 0 0 0.1753684878349304 0.09815207123756409 0.2627491727471352 0.1126243770122528 0.7231718748807907 0.1386177539825439 0 3.546803705394268 1.372144818305969 0 0.1609058380126953 0 23.47376330196857 0.9947200417518616 12.03561700135469 4.720159336924553 1.526134215295315 0.2209040075540543 0 0 0 0.2012781277298927 0.4914010390639305 0 0 1.322513237595558 0 0 0.2543649449944496 6.592549905180931 0.08716089278459549 0 0 0 0.3824452236294746 0.08113474398851395 0 0.9151972830295563 1.65405411273241 13.9861001893878 0.0954563096165657 0.1290386319160461 0 0 0 0.7443376034498215 0 0.2242650091648102 0.07315565645694733 64.38274095952511 2.254093408584595 0.3045558035373688 0 0.0766894668340683 3.787304937839508 0.2790307700634003 1.280717730522156 0.3449533581733704 0 0.3794698640704155 0.4624921828508377 0.3445159643888474 0 0 0 0 0 0 0 0 105.0092597305775 42.07620096951723 37.2122253626585 158.747723788023 6.983248621225357 61.74246247112751 34.892183996737 20.08988805115223 5.419104337692261 1.27826201915741 8.463062770664692 19.34212987869978 0 6.492251813411713 3.508854694664478 1.785688802599907 0.3596129417419434 0 0 3.370569869875908 0 90.62526260316372 39.70937951654196
14.3451199606061 730.0824749693274 227.4867988750339 76.23933952301741 538.3497275263071 6.212334051728249 1497.209930084646 231.6136241108179 645.714662976563 5078.963673830032 1028.315845631063 1958.124471761286 2113.55206002295 3728.293151661754 26.22581879794598 23.96527290344238 3.837245218455791 0.08962585031986237 0.09001071006059647 0.5625449642539024 1.271258190274239 0.7863599807024002 6.181180126965046 4.234612539410591 14.76043587177992 2.035825937986374 9.36303848028183 4.415600724518299 4.146835036575794 5.920474551618099 57.18669886887074 28.94641371816397 636.5283423364162 1.54682445526123 12.36566022783518 12.91333448141813 419.2558834180236 111.1180972233415 24.17607809603214 9.033152863383293 11.65031644701958 5.13479608297348 0.9890970513224602 3.006422482430935 0.1900095790624619 0.6652252078056335 89.908312484622 0.6538471281528473 0.4384909942746162 0.649583525955677 0.9872825518250465 2.274273261427879 15.21035730093718 2.542857207357883 0.4051803350448608 0.2888737767934799 2.192484393715858 14.91725242882967 2.078315999358892 9.453669883310795 2.527310729026794 40.04321081191301 2.981281295418739 33.50694993138313 0.4745053350925446 0.5293406508862972 0.2399466931819916 0.4624890089035034 4.898302972316742 9.448235593736172 407.8545151501894 9.164792641997337 0.1040438488125801 12.97263322770596 5.490788891911507 52.18556491285563 65.69083128124475 11.98466767370701 14.26433242857456 446.1285078302026 2.194131605327129 32.11783687770367 1.82511880248785 0 0.6131742745637894 0.5212477743625641 0.4655483588576317 0.1613614931702614 0.1804325878620148 0 0.3539846986532211 0 8.570193253457546 2.054678708314896 0.9592683687806129 1027.759446904063 18.9301765114069 3.027465000748634 31.78346847742796 10.50915449857712 1.910395354032516 0.9730829820036888 3.878642827272415 0 1.884942725300789 8.649534203112125 8.215831525623798 1.970369286835194 2.919548667967319 14.74083563685417 5.561148196458817 11.0516719147563 5.740826010704041 14.36574435979128 17.23330257087946 1.736536867916584 0 0 0 0 0 0 0 0 0 0.1086884066462517 0 0 0 0.1312536299228668 0.3452597856521606 0 0.4275557994842529 0.1410082429647446 1.981890805065632 0.8902367725968361 0 0.1057713851332664 0.2288070023059845 24.6237625554204 0.8868274092674255 12.56211093068123 5.566814489662647 1.729346737265587 0 0 0.2892932593822479 0 0 0 0 0.07593844830989838 2.215857841074467 0 0.1630653142929077 0.1009510383009911 9.818758830428123 0.7331148013472557 0 0 0 0.1005167290568352 0.5632585659623146 0 0.4951993450522423 1.026711389422417 10.89787659794092 0.2222288027405739 0 0.1547033339738846 0 0.1725432425737381 0 0 0.2046322971582413 0.7869246527552605 52.30544359236956 2.947381392121315 0 0 0.1985555738210678 3.640862911939621 0.614871934056282 3.09505458176136 0.2011974528431892 0.2390303611755371 0.7161273807287216 0.1533331871032715 1.057814002037048 0 0 0 0 0 0 0.2488657832145691 0 80.95329666882753 36.34230411797762 32.00343360751867 240.6361495256424 18.70915299654007 160.6765825152397 69.44335549324751 27.89024894684553 20.31256833672523 1.018535472452641 15.40172538161278 17.48185404390097 0.8189753293991089 5.348507426679134 4.153066419064999 5.169633358716965 0.08411708474159241 0 2.013077452778816 6.910566136240959 4.272272735834122 52.9715902581811 35.34541229903698
28.82238762825727 829.4152226522565 970.2273301258683 1.42645201086998 1073.292097091675 2.983239561319351 929.4976920969784 3224.839786194265 849.203012034297 610.758956193924 4648.000357285142 673.8132986202836 3728.293151661754 944.7644259035587 55.0233656167984 38.76275292783976 4.182700455188751 0.3665295615792274 0.07789351046085358 1.027980618178844 2.391747027635574 1.536284491419792 14.93301735818386 11.70046848058701 33.84385374933481 5.257376328110695 17.80715031921864 9.057665534317493 6.128865234553814 9.108426615595818 214.3621964678168 103.5121137723327 1085.610080234706 1.396561607718468 23.74830172210932 42.91122081875801 855.4268353506923 154.6080726832151 30.48370580375195 10.31553633511066 22.05747667700052 11.00849492102861 1.689569130539894 4.024821177124977 0.2803733497858047 1.390507362782955 182.8705165237188 1.882390111684799 2.054440699517727 2.316612176597118 1.85080024972558 3.858261741697788 20.08007053285837 4.767975717782974 1.336417116224766 1.163925994187593 9.108850948512554 34.07118148356676 5.09837668761611 20.60349678248167 5.785844348371029 214.2346247918904 6.750593744218349 69.27268412336707 1.486007165163755 1.371547769755125 0.6203609295189381 0.7127452790737152 8.880963899195194 20.68868417292833 480.2835911512375 14.15628678351641 0.4827563315629959 34.17607994750142 11.73904962092638 111.4767133593559 132.9073265977204 33.45151862502098 94.19579861685634 813.7918495759368 8.87732145935297 147.3853754773736 4.919410854578018 0.2883826121687889 0.9927032254636288 1.541812233626842 1.264965534210205 0 0.3958174809813499 0.1393406689167023 0.4000651612877846 0.08885654807090759 17.76378539204597 5.70985559374094 2.541461378335953 451.9071073010564 16.75649083405733 4.698950678110123 38.49135039001703 29.1474857032299 1.70966512709856 1.125051930546761 3.324986346065998 0 2.320828557014465 1.638731136918068 5.074428915977478 2.175964087247849 2.570836924016476 12.45004522055387 5.840113587677479 11.8749093785882 9.3558259755373 13.58153134584427 19.66173014044762 0.5584069937467575 0.09858934581279755 0 0 0 0.1041025072336197 0 0 0.5107389092445374 0 0.1152171045541763 0 0.5055241584777832 0 0.1484292596578598 0.09264509379863739 0.9172181859612465 0.6053470969200134 0.1118518188595772 2.100138552486897 0.7088977545499802 0 0.4167152941226959 0 20.76641410589218 1.460121043026447 12.58823229372501 8.379257850348949 1.876861557364464 0.4047422781586647 0.2480611950159073 0.2464695125818253 0 0.1006352677941322 0.5210787504911423 0 0.1262010633945465 4.296185456216335 0 0.2008164972066879 0 8.926323816180229 1.275111548602581 0 0 0 0.165643684566021 0.401027649641037 0.5063302218914032 1.637491591274738 4.085586205124855 8.88561625033617 0.3343430608510971 0 0 0 0.1500523537397385 0.4885383173823357 0 0 1.162422068417072 61.51920811831951 2.72539858520031 0 0.6049904227256775 0 3.411774627864361 1.196357399225235 1.747555397450924 0.5962536334991455 0 1.382343791425228 0.303697444498539 0.440356656908989 0 0 0 0 0 0 0.3805700540542603 0 66.3231995627284 47.83329862356186 44.2162483856082 452.1867538541555 33.01187581568956 290.4283167682588 98.4201856777072 54.54826167225838 32.88498652726412 0.9677224531769753 24.12246582657099 11.3490184545517 0.1548629254102707 7.744509510695934 5.055449090898037 4.742458917200565 0.3677331805229187 0 1.854618847370148 7.820261932909489 0.5332050621509552 52.08434365689754 25.84754233807325
