83.12809577584267 2700.902754291892 902.8046225905418 1482.282855667174 216.3805812895298 26.22842480242252 934.8890757188201 42.10723721981049 10.702193595469 1590.846614971757 132.3901083916426 67.83158060908318 55.83105560392141 9.134226158261299 0.1942169517278671 0.118859127163887 0 0.1300206631422043 0 0 0 0 0 0 0.07226037234067917 0 0.1570150256156921 0 0 0 313.6343472823501 0.1129692643880844 0 0 0 0 0 0 0 0 0.6059277430176735 0 0.08066030591726303 0.2161343693733215 0 0.09039700031280518 20.98910533636808 3.646222837269306 0.1271076798439026 0 0.670282281935215 0.6505072265863419 0 0 4.272565536201 4.950908333063126 134.621519677341 372.1972025707364 11.68159210681915 21.34426460415125 0 0.2098079696297646 0 1.753724992275238 4.452702239155769 2.81530499458313 1.282601557672024 0.6631063669919968 0.1135767996311188 0.970501720905304 6.94075833261013 0 0.21065554022789 118.2108666673303 10.91174744814634 14.65812767297029 0.09690437465906143 0.1843351945281029 0 10.76205487549305 0.1198372095823288 1.506955705583096 9.454465068876743 0.2302927374839783 3.487678162753582 3.276632063090801 0.4131276533007622 0.132891446352005 0.852337084710598 0.3732564598321915 0.7419927418231964 0 0.9162446931004524 0.2268783077597618 0.5758168026804924 10.19837300479412 4.143303275108337 0.5953114032745361 0.5627621561288834 540.9840961173177 0.7973898649215698 3.823649644851685 0.7068390101194382 16.57491950690746 0 20.89624659717083 5.068412646651268 6.918615505099297 17.83804772794247 7.726223811507225 0.5987753868103027 3.136462457478046 5.716878347098827 1.821614563465118 0.4052780866622925 0 0 0 1.71433436870575 0 0 0 0 0.3432100713253021 0 0 0 0.6660226583480835 0 0 0 0 0 0 0 0 0 0 0 0 0 0.3093160390853882 0 0 0 0 0 0 0 0 0 0 0 0 0 0.1537143737077713 0 0 0 0 0 0 0.2477560788393021 1.324235767126083 1.08676016330719 0 0.4182189404964447 0 0 0 0 0 0 0 0 0 2.155774310231209 0 0 0.1008252501487732 0 0 0.4991219937801361 0.668256901204586 0 0 0 0 0 0 0 0 0 0 0.4904689788818359 0 0 0.4105574637651443 0 0 360.5952675938606 0.9748249873518944 78.13446875661612 11.22951775789261 285.6204229965806 5.733701609075069 2.170346722006798 5.671811461448669 45.41777029633522 1.103543043136597 0 0 28.21920315921307 0 0.1084285601973534 4.848205089569092 1.000958114862442 0 136.8083037286997 5.679307326674461
2700.902754291892 1695.833528168499 1050.573205146939 265.088182285428 1160.757949054241 132.0046083703637 2483.415681160986 127.9798000529408 246.0512751638889 301.0733522251248 371.3857651725411 38.6556756272912 194.3552523106337 108.0683109611273 11.96851320564747 2.432595863938332 0.2599421888589859 0 0.09577044099569321 0.2837001904845238 0 0 0 0 0 0.09581171721220016 0 0 0 0 1951.113098487258 2.46843896061182 0.1752552762627602 0 0 0.084701307117939 0.8606674075126648 0 0 0.1046549081802368 0 0 0.5643446370959282 0.4033751115202904 0.2018309086561203 0 249.9735973998904 13.55376206338406 0.6288018673658371 0.2565278559923172 2.278026595711708 0 0 0.09075989574193954 12.04172344505787 15.71093238890171 98.06990625709295 627.2121700644493 29.01588760316372 125.1414120420814 0.1133632212877274 0.5729865878820419 0.08336551487445831 32.70224868506193 13.77040456235409 8.085274524986744 3.712519586086273 2.478347428143024 0.2755082622170448 1.300029829144478 7.043900355696678 0.2079509347677231 0 339.5450972616673 219.2356187179685 195.8370688259602 3.869789436459541 1.424425229430199 0.1344232261180878 14.27330349385738 0.7188578844070435 3.154618747532368 27.52116913348436 0.09886395931243896 10.6804628148675 9.721427418291569 1.903422132134438 0.08014256507158279 3.097148723900318 0.1623900756239891 2.815966881811619 0.7053887993097305 1.283555038273335 0.9205221235752106 0.3668740317225456 9.335429683327675 3.744885355234146 0 1.766817077994347 666.6600319221616 0.5177327990531921 6.98388783633709 1.488109067082405 13.30688436329365 2.310475707054138 40.39507090300322 10.03012716770172 29.38146987557411 28.19561615586281 12.52070409804583 1.336784586310387 10.49163620918989 18.19842751324177 9.37728251516819 0.7394405677914619 0 1.118060231208801 0 0 0 0 0 0 0 0 0 0 0.1897114217281342 0 0 0 0 0 0 0 0.6272809356451035 0 0.3090992867946625 0 5.74870690703392 2.124750971794128 2.683554776012897 2.313142664730549 0 0 0 0 0 0 0.1669907420873642 0 0.3499408364295959 0.3593708276748657 0 0 0 0 0 0 0 0 0 1.011999413371086 2.01826985180378 1.283975541591644 2.627273708581924 1.386412188410759 0 0 0.3263005912303925 0.08674371242523193 0 0 0 0 0.2486313432455063 15.06661426275969 0 0 0.09510035812854767 0.1784793809056282 13.82612434029579 3.05197885632515 14.57869546860456 0 0 0 0.4039446115493774 0 0 0 0 0 0.0957726314663887 0 0 0 5.713332235813141 0.09328373521566391 1.355596467852592 494.2702716141939 10.39566290378571 454.1396404877305 84.23035500943661 429.1416985318065 48.67921537160873 1.546591207385063 86.28125561028719 60.64112249016762 0 7.917363494634628 0.389358289539814 31.34043781459332 0.2879112362861633 0.7302131056785583 1.187195539474487 10.83953016251326 0.3415175378322601 137.4527409896255 7.279933288693428
902.8046225905418 1050.573205146939 617.3197709023952 8.877294935286045 1103.912747196853 37.61888638138771 181.1911685019732 771.461075566709 441.6381509080529 8.429820694029331 2604.734226055443 20.94094041734934 250.8910513743758 727.1812365576625 5.55023792386055 1.188102468848228 0.1666590869426727 0.3095562905073166 0 0.5025238394737244 10.25391810387373 0.2034072130918503 0.09584476053714752 0.09821721166372299 0.8906725272536278 1.862418070435524 0.2499599978327751 0.4379084780812263 0.2157792970538139 0 3656.220850870013 334.1313974782825 1.644657872617245 0 0.09730520844459534 0.2477500215172768 0.08503387868404388 0 0.3632122501730919 0.6988946869969368 12.32716605812311 7.351736783981323 1.178303927183151 0.2935597598552704 0 0 103.4899938106537 7.314969480037689 1.031143933534622 2.274651899933815 1.915369682013988 2.274910099804401 0 0.3010721951723099 4.37140429764986 7.982055298984051 50.32724664360285 435.9460721313953 12.39737784862518 55.85888466984034 1.699075229465961 4.43876014649868 0 45.09431810677052 6.418096825480461 4.305949926376343 1.681325167417526 1.256580650806427 5.096624262630939 17.38863871991634 7.359896279871464 0.3243562504649162 0 163.0998666360974 126.4182312563062 99.03100698441267 2.997393622994423 1.097827039659023 1.393229305744171 426.869248688221 0.2836669981479645 44.18121398240328 13.63364890962839 0 6.294778399169445 4.188556306064129 2.420781545341015 0.08343020081520081 1.180372513830662 0.1141632720828056 3.152961358428001 1.490832112729549 13.45365307480097 9.770083479583263 11.28288316726685 1.900041908025742 3.855862841010094 0 2.703911416232586 194.8412344232202 0.3876242935657501 2.653795748949051 4.965856432914734 1.665856778621674 0 7.986536204814911 1.812608614563942 6.02754882723093 4.264330372214317 4.71865276992321 0 2.849367424845695 2.811413906514645 3.392971061170101 0.3719332814216614 0 0.5038589835166931 0 0 0 0 0.1810162663459778 0 0 0 0.1031242907047272 0 0 0 0 0.1047436967492104 0 0 0 0 0 0 0.09882166236639023 0 0.554397314786911 0.3999475538730621 0.2424162775278091 0.362919420003891 0 0.1083524897694588 0 0.09688808023929596 0 0 0.41427281498909 0 0 0 0 0 0.2124440371990204 0 0.1208261623978615 0 0 0 0 0 0.9620732814073563 0.2083929404616356 0.7278314977884293 0.5393737554550171 0 0 0.1056876629590988 0 0 0 0 0 0.128392219543457 0.9317193329334259 0.4387217164039612 0 0 0.4043424427509308 0.4775497019290924 0.3547927737236023 4.196286283433437 0 0 0 0 0 0 0 0 0 0 0 0.2127838432788849 0 1.544403433799744 0.6359384655952454 0.4841309264302254 212.5506846830249 4.350038878619671 161.3123493939638 19.85664420574903 208.7433609217405 11.39622890949249 0.9003631770610809 20.52562444657087 15.25898734480143 0 0 0 9.889333471655846 0.6358083486557007 0.1028452217578888 0 1.634649001061916 0.4945385456085205 56.81240905821323 3.96096670627594
1482.282855667174 265.088182285428 8.877294935286045 291.7886561453342 13.56954507529736 1188.83992831409 586.9157220348716 0.3455237224698067 12.54773896932602 1981.750536978245 1.140456415712833 713.8411723524332 763.8532138317823 5.658910490572453 1.106149859726429 0.09547408670186996 0.1250858902931213 0.08680509030818939 0 0 0.08580132573843002 0 0 0 0 0 0 0 0 0 46.38651598244905 0 0 0 0 0 0 0 0 0 0 0 0.09245847165584564 0.1097342520952225 0 0 34.04401960223913 3.718893356621265 0.2003257870674133 0.07214570790529251 0.8098501190543175 0 0 0 2.238813698291779 3.765500873327255 22.78319139778614 108.5384412705898 6.70127972215414 20.58708201348782 0.07232403755187988 0 0 3.814756728708744 3.740331687033176 2.292315281927586 0.8959414958953857 0.5292311608791351 0 0 0.6265390142798424 0 0 79.53608357161283 20.85405652225018 23.32765477150679 0.4860707297921181 0.1188121065497398 0 0 0 0.6419602409005165 6.626241035759449 0 2.008262120187283 2.210948504507542 0.2885215654969215 0 1.060937121510506 0 0.3759621307253838 0.08098314702510834 0 0.1079365611076355 0 8.79294764995575 2.12219625711441 0 0 514.4207303225994 0.127696692943573 8.734526589512825 27.96972694993019 32.00646486133337 0.2521212100982666 56.52473314851522 20.95714607834816 13.70009047538042 39.69965294748545 9.935168266296387 0.1731242388486862 5.970203407108784 13.2915456444025 3.790170215070248 0.7877527475357056 0 0 0 0 0 0 0 0 0 0 0 0 0 0 0 0 0 0 0 0.2665655016899109 0 0 0 0 0.6160272732377052 0 0 0 0 0 0 0 0 0 0 0 0.2220428735017776 0 0 0 0 0 0 0 0 0 0.4520303606987 0.2018508762121201 0.7014102265238762 0.1180070042610168 0 0 0 0 0.1902130544185638 0 0 0 0 0 0 2.028351753950119 0 0 0 0 1.642574369907379 0 0 0.3974678367376328 0.177578330039978 0 0 0 0 0 0 0 0 0 0 0 0.4541839957237244 0 0 148.9543477445841 1.766751930117607 73.72939843684435 8.287130296230316 206.8835072815418 9.442610375583172 0.2919210493564606 8.971841983497143 15.10574805736542 0 0.373423159122467 0.1326000988483429 13.2568913474679 0 0 0 1.362168967723846 0 75.24386802315712 4.150802366435528
216.3805812895298 1160.757949054241 1103.912747196853 13.56954507529736 1738.193509332836 7.260102853178978 1446.7636301741 439.5855745449662 3246.628358028829 76.89795769006014 1852.512180246413 42.22684992104769 381.2602605670691 734.2529266029596 8.496193371713161 1.9606589153409 0 0.1396009027957916 0 0.1444706469774246 0 0 0.1485323458909988 0 0 0 0 0 0 0 168.3178896382451 0.8314420357346535 0.1076924055814743 0.09775091707706451 0.1190275251865387 0 0.6530483365058899 0 0 0.3801018744707108 0 0 0 0.5934135243296623 0.1019320487976074 0.2503826320171356 143.5040699467063 1.865040645003319 0.2447832971811295 0 0.3680522963404655 0 0 0 1.237792506814003 2.49951583147049 11.7246377915144 77.58015999943018 5.061927936971188 37.13860978186131 0.1294303238391876 0.9158114194869995 0 11.0300417765975 2.612779475748539 1.144526869058609 0.9857650771737099 0.627345472574234 0.1117941737174988 0 21.1319488286972 1.756688117980957 0 61.82629361003637 65.56449174135923 75.23183874040842 4.52575409412384 2.21446804702282 0 0.698370061814785 0.4402486756443977 0.5135471746325493 3.15708015114069 0 2.534388840198517 1.599622741341591 0.8885751962661743 0 0.2816156446933746 0 0.6344501078128815 0 0 0.2154107913374901 0.2779181525111198 13.37256382405758 4.149928599596024 0 1.09898816049099 10.61069775372744 0.8280465602874756 11.97287353873253 2.229834541678429 3.960779346525669 1.261738121509552 59.73424118757248 5.10238128900528 44.29219580441713 29.70980108529329 10.08963195979595 4.726947471499443 17.27205470204353 26.8408253416419 15.53690813481808 2.491973891854286 0 0.1284741014242172 0 0 0 0 0 0 0 0 0 0 1.077371001243591 0 0 0 0 0 0 0 0.7919169664382935 0 0 0 8.494016319513321 0 2.391852363944054 0.9160378277301788 0.4842599481344223 0 0 0 0.3208243250846863 0.6724482178688049 0 0 0 2.552999347448349 0.1814927309751511 0 0 0 0 0 0 0 0.720799446105957 0 0.7672439813613892 1.648430347442627 4.66549289226532 3.270835414528847 0 0 0 0 0 0 0 0 0 15.968949906528 0.642523467540741 0.1056377962231636 0 0 16.47176696360111 5.056558609008789 22.59887446463108 0.3194704949855804 0.4671754539012909 0.6370620131492615 0.8165087103843689 0 0 0 0 0 0 0 0 0 5.876068085432053 0.881926953792572 2.993169695138931 250.8273803964257 6.919965051114559 223.9793147817254 68.62622974812984 32.68209088593721 24.9315023496747 0.6707520559430122 61.44881797581911 50.89253829419613 0 14.68188408017159 1.028689116239548 29.67264936864376 2.517070770263672 0 0.7406415343284607 3.637731269001961 0 31.36389667540789 8.437967091798782
26.22842480242252 132.0046083703637 37.61888638138771 1188.83992831409 7.260102853178978 12.37647771835327 219.7474081590772 0.4848574697971344 0.9077276736497879 987.9402661323547 4.053743839263916 146.5196178108454 60.09426148980856 3.816920846700668 0 0 0 0 0 0 0 6.17817510664463 0 0 0 0 0 0 0 0 11.359653621912 0 3.594363987445831 0 0 0 1.979622915387154 0 0.4148203060030937 0 0 0 0 0 0 0 1.779536195099354 0.1377331167459488 0 0 0 24.61033549904823 2.273797675967216 0 0 2.131177991628647 67.17103053629398 3.948342986404896 0.9848596826195717 0.994124136865139 0 0.5002973675727844 0 0 0 0.2193653658032417 0.4038514420390129 0 0 0 129.7759958207607 146.7249678373337 55.34955660253763 3.335381858050823 0.4173256978392601 0.5528291240334511 0.1491791754961014 0 0 1.159206539392471 0 0.3342729806900024 0 11.67947241663933 0.08877851814031601 4.736714020371437 0 25.02665096521378 13.58347920328379 67.44618389755487 2.486618347465992 6.598052881658077 0 0.1306069493293762 0.9860729426145554 191.9380973726511 173.0762536600232 80.54711052775383 19.18328887969255 242.5813157856464 0 10.71704253554344 0.8812079876661301 11.27184788882732 0 31.59619188308716 20.11547602713108 8.415858455002308 36.82973311841488 34.34951058030128 0.7931360602378845 10.06033161282539 16.8891212567687 5.558746337890625 0.7855265438556671 0 0 0 0 0 0 0 0 0 0 0 0 0 0 0.119679257273674 0 0 0 0 0 0 0 0 0 2.371231138706207 0 0.1538712978363037 0.1220245137810707 0 0 0 0 0 0 0 0 0 0 0 0 0 0.3062141239643097 0 0.1083942055702209 0 0.5767708718776703 0 0 0.7018572986125946 0 0 0 0 0 0.5394371747970581 0 0.1469495296478271 0 0.1810169965028763 0 0 7.140881642699242 0 0 0 0 2.673970580101013 0 0.2387918382883072 0 0 0 0 0 0 0.3714390695095062 0.5073154419660568 0 0.3928459286689758 0.2790938019752502 0.2596921697258949 0 2.486145034432411 0 0.6089512407779694 18.00864298641682 0.868969738483429 3.002578184008598 0.5012415573000908 54.39820924401283 2.690331026911736 0 0 23.73191213607788 0 0.763978011906147 0 23.87995946407318 0 0 0 0.176209345459938 0 58.15662969648838 29.95721340179443
934.8890757188201 2483.415681160986 181.1911685019732 586.9157220348716 1446.7636301741 219.7474081590772 970.7874284312129 27.30560848116875 793.6180030927062 1351.282919950783 284.4394850730896 572.001977533102 4524.570268854499 1028.464323975146 24.90915650874376 8.153552897274494 0.2346238493919373 0.08475261181592941 0.4429533630609512 0.3494162112474442 0.216861367225647 0 0 0.1145412921905518 0.079128697514534 0.2162813991308212 0 0.5782880038022995 0 0 171.4964628592134 2.724591657519341 1.484744489192963 0.1810280978679657 0 0 1.486840575933456 0 1.087664999067783 0.4978049695491791 0 0.08378735184669495 0.5330686420202255 1.164780586957932 0.1064582467079163 0.09656144678592682 320.9880405664444 7.763307936489582 0.4912435486912727 0.1038233414292336 1.42457091063261 0 0.2559976875782013 0.1628757119178772 5.710474386811256 7.640972197055817 48.29283574968576 218.4447427242994 19.24479420483112 102.3818028569221 0.07481293380260468 1.394965402781963 0 21.7041277885437 7.424398064613342 4.660129472613335 2.194166868925095 1.588499650359154 0.3493456542491913 0.4564264267683029 61.35846017301083 1.961658015847206 0 196.38130056113 151.307715035975 187.4947344809771 12.65676508098841 11.46812108159065 0 3.779134877026081 1.326618753373623 3.425820082426071 16.59456043690443 0 7.640657253563404 6.150840975344181 1.408048816025257 0.08989503234624863 1.334416963160038 0 0.69082310795784 0 0 0.5755055844783783 0.1090762838721275 107.3081026822329 22.1582185998559 0 4.496501572430134 113.2697051018476 1.776588797569275 66.98365772515535 28.8323068767786 49.94044701755047 3.007969200611115 301.4722364321351 41.79829166829586 229.231922365725 215.711462430656 99.28017465025187 21.23731379956007 112.1098484173417 167.55154145509 106.6017567366362 17.64833782613277 0.1186789944767952 0.407776802778244 0.5867277383804321 0 0 0 0 0 0 0 0.3361522704362869 0 0.2446764558553696 0 0 0 0 0 0 8.61137293279171 1.855503469705582 0.1295813173055649 0.8786944150924683 0 29.55893500894308 0.3667076230049133 8.747699677944183 5.192552037537098 2.079264253377914 0 0.3213979601860046 0 2.86056312918663 8.496050208806992 4.997179388999939 0 1.553914949297905 2.283304758369923 0.4870781898498535 0.2061737626791 0 0 0.1710236370563507 1.071369349956512 2.075155019760132 0.319391742348671 2.011877201497555 3.422688908874989 5.313550814986229 20.11427100002766 5.392882734537125 13.76182324439287 0.1268907338380814 0.4792388379573822 0.9191536009311676 0 0 0 0.4936391189694405 0 0 115.4845289587975 1.103857442736626 0 0 0 70.52004216611385 23.90803374350071 89.78691074252129 4.664158664643764 1.12440799921751 1.815079927444458 0 0.6592836305499077 0.5463691651821136 0.1747471392154694 0.2787701487541199 0 0 0.06843793392181396 0 0 45.16535376757383 2.628576427698135 12.3583260923624 874.3584968820214 12.23031311482191 572.647776953876 174.2080788984895 279.6984698548913 64.62211391329765 0.676859050989151 165.070565097034 240.8894195556641 0.1453622132539749 40.89017949998379 6.223382882773876 172.9811203703284 4.158809512853622 0.1634847223758698 0.8855758458375931 13.0291790291667 1.640678182244301 298.8871771618724 81.67286742478609
42.10723721981049 127.9798000529408 771.461075566709 0.3455237224698067 439.5855745449662 0.4848574697971344 27.30560848116875 705.6086145862937 343.5280987992883 0.6940411031246185 1927.79807664454 5.221668116748333 94.70729419589043 514.0414433255792 17.79119206219912 10.25201383978128 0.9790720194578171 0.08284177631139755 0 3.557937078177929 15.40630396455526 0.2429388165473938 0.671853743493557 1.38039955496788 2.621502734720707 6.100052654743195 0.8451308682560921 1.935484580695629 0.3224866613745689 0.3080206587910652 1548.613786868751 1700.447379767895 1.600897654891014 0.2059194222092628 0.868708461523056 1.191981874406338 0 1.146087482571602 0.2341910898685455 1.843841038644314 15.14824666082859 8.259891711175442 2.277279913425446 110.6440195664763 0.5136794000864029 0.8685967922210693 137.2533847242594 1.57167986780405 0.1233671903610229 1.287629768252373 2.030356764793396 2.403140604496002 0 0.2464383542537689 0.9043622836470604 1.124490141868591 12.5611929371953 125.4017339646816 3.543887041509151 33.11185275018215 18.26204903423786 10.79810322076082 0.6708854660391808 425.0403521806002 1.714178167283535 1.53984659910202 0.474162720143795 1.264692008495331 1.90567172318697 27.0316953137517 1.037777282297611 0.1584170907735825 0 51.02692329883575 99.1385101377964 82.03072859346867 38.38163736462593 140.1839308366179 502.2447723522782 1679.196215294302 157.6743053495884 643.7956788763404 3.107049643993378 0 1.733652606606483 1.048103868961334 0.5211567431688309 0 1.077822238206863 0 0.7231888249516487 1.816179350018501 10.48952144384384 11.72349911928177 12.67200195044279 1.289853885769844 0.1819149553775787 0 0.4519791007041931 14.33348975330591 0 0 0 0 0 2.085805624723434 0 1.238307014107704 0.4405994117259979 0.8870725631713867 0 1.055971726775169 0.5696632862091064 0.3055460155010223 0 0 0 0 0 0 0 0 0.1285099536180496 0 0 0.3903017044067383 0 0 0 0 0 0.1052625924348831 0.4040490761399269 0 0 0 0 0 0 1.650978043675423 0 0.1124073639512062 0 0.1204586699604988 0 0 0 0 0 0 0.2985085844993591 0 0 0 0.3846712112426758 0 0 0.1111917495727539 0 0 0 0 0 0 0.6953238844871521 0 1.27959007024765 0 0 0 0 0 0 0 0 0 1.107831865549088 0 0.1377659887075424 0 0.9254787266254425 0.6903066635131836 0.5963976755738258 1.711930721998215 0 0 0 0 0 0 0 0 0 0 0.1116444617509842 0.4631673246622086 0 0 0 0.4247174113988876 57.12147060036659 3.558999568223953 121.2042083367705 31.70645765960217 6.791615031659603 7.2986214235425 0.1059475466609001 17.49246926605701 3.294353723526001 0 0.7260172292590141 0 9.679624497890472 0 0 0 1.037624761462212 0.5163949280977249 10.15331636369228 0.3694250136613846
10.702193595469 246.0512751638889 441.6381509080529 12.54773896932602 3246.628358028829 0.9077276736497879 793.6180030927062 343.5280987992883 904.2651629149914 300.9110941588879 1507.186048902571 94.25141225010157 2206.78088183701 1131.266718558967 15.70658496767282 8.503185525536537 0.3683818057179451 0 0.08881630748510361 0 0 0 0 0 0 0 0 0.1242734491825104 0 0 47.67111025750637 4.109566979110241 0.5117529034614563 0 0.09898696094751358 0 0.7565540820360184 0 0 0 0.5586550459265709 0 0.1174999698996544 2.86862101405859 0 0 102.581345282495 0.5843951851129532 0 0.08080492168664932 0 0 0 0 0.4660526737570763 1.11093794554472 3.648100346326828 18.53527239710093 2.344513759016991 19.79460336267948 0.116339236497879 0.2518087327480316 0.1128019914031029 3.373689606785774 1.087632492184639 0.2950112521648407 0 0.1876494139432907 0 0.3737980201840401 20.07430031895638 0 0 22.66595903038979 23.14792932569981 55.99789514392614 11.23939057439566 14.3421963378787 0 2.733992636203766 0.6860966309905052 0.7856930047273636 0.7310708090662956 0 0.3978632390499115 0.5761272236704826 0.1152876541018486 0 0.1190542355179787 0 0.08533290028572083 0 0 0 0.1470991671085358 34.52979838848114 6.015669614076614 0 1.68632335960865 1.497852399945259 0 7.39267598092556 5.30421382188797 4.45450409501791 2.000903278589249 86.77553581446409 10.16378143429756 67.74078445881605 68.2897195070982 25.0764372125268 7.032200656831264 29.05697979032993 55.41151896119118 28.3904632627964 4.889936178922653 0 0 0 0.3189813792705536 0 0 0 0 0 0 0.1606819033622742 0 0.2641061246395111 0 0 0 0 0 0 0 1.592064768075943 0 0 0 10.87944515049458 0.2572868764400482 3.075058564543724 2.002877324819565 0 0 0 0 0.8014766424894333 0.4641717374324799 1.958161756396294 0 0.1383827179670334 0.3798624277114868 0 0.5334869623184204 0 0 0 0.7420523166656494 0.2302941679954529 0 2.022338092327118 0.6720847487449646 0.7296978831291199 0.5152569860219955 0.5927280187606812 3.06030946969986 0.247094601392746 0 0.5417379587888718 0 0 0.2643739879131317 0 0 0 44.34639013558626 0.9358060508966446 0 0 0 25.23071049153805 9.67440639436245 32.29112593084574 0.9624205231666565 1.704806193709373 0.6618136614561081 0 0 0 0 0 0 0 0.1058931946754456 0 0 16.35959889739752 0.7654469460248947 3.488659471273422 236.5739582553506 4.185634888708591 135.3033984154463 55.01581509411335 13.48796045780182 15.8489700332284 0 62.49071894586086 46.5907728523016 0 9.157285705208778 0 25.53966356813908 0.2634600102901459 0 0.6682333052158356 2.828413799405098 0.7764039039611816 40.57212423533201 24.50739330053329
1590.846614971757 301.0733522251248 8.429820694029331 1981.750536978245 76.89795769006014 987.9402661323547 1351.282919950783 0.6940411031246185 300.9110941588879 1424.625837668777 6.042667843401432 1349.340671382844 2746.572724230587 132.6458158716559 2.011670351028442 0.4383005648851395 0 0 0.1134099736809731 0 0 0 0 0 0 0 0 0 0.1975056529045105 0 36.31596291810274 0.2552997693419456 12.50043944269419 0.07949300110340118 0 0 2.159756898880005 0 0 0 0 0 0.179176926612854 0.2071083337068558 0 0 40.66089091449976 2.394630558788776 0 0.08596619218587875 0.1952167376875877 0 0 0 2.386361047625542 3.549934893846512 16.91028515249491 83.29910274595022 4.21062408387661 18.57038968801498 0.1104472577571869 0 0 2.107719771564007 3.814684256911278 1.835219778120518 0.6806258335709572 0.6763744577765465 0 0.2002677842974663 346.0757474005222 3.908587738871574 0 62.37865068763494 24.40072716772556 29.15927819907665 1.016148701310158 0.809271365404129 0 5.943244971334934 0 0.3486160561442375 6.26772827655077 0 2.58606319129467 1.913434259593487 0.1792000159621239 0.08986332267522812 0.8521621078252792 0.08581934124231339 0.4929720610380173 0 0 0.08332362771034241 0.2501525655388832 300.7234488725662 22.32973383367062 0 3.714114397764206 310.5609499961138 1.950404778122902 50.86091998964548 23.95289593189955 74.03290205448866 2.08542113006115 218.2910938933492 82.02629493176937 130.607313670218 221.082085326314 147.3816635161638 7.085495173931122 81.86864622682333 151.5792757198215 69.31845682114363 9.834592305123806 0 0 0 0 0 0 0 0 0 0 0.1375509947538376 0 0 0 0 0 0 0.1782294511795044 0 1.63098980486393 0.4634512737393379 0 0 0 21.03240286558867 0 4.146551333367825 2.530464731156826 0.7718429863452911 0 0.1160696744918823 0 0 0 0 0 0.2047582939267159 0.8189228549599648 0 0 0 0.2383751422166824 0 0 0 0 0.8533744439482689 1.032454267144203 3.665903329849243 5.419925689697266 2.261092901229858 3.124517470598221 0 0.9389659613370895 0 0 0 0 0.1065476760268211 0 0 72.59505136311054 0.5792811661958694 0 0 0 12.92812931537628 6.086711257696152 16.09776444733143 0.8720254823565483 0.9672898948192596 0.3464520424604416 0 0 0.100910983979702 0 0.1968557983636856 0 0.2246810048818588 0 0 0 25.1755468994379 0.1460797190666199 3.143598489463329 417.3194152340293 3.11047138273716 95.70352989435196 22.46768161654472 333.0582381412387 8.36340443789959 0.8734715208411217 24.4421249628067 169.879567310214 0 10.16633642464876 0.6677144169807434 150.596127577126 0.4137029647827148 0 1.942466974258423 2.461218923330307 0 542.7090236917138 119.0395296290517
132.3901083916426 371.3857651725411 2604.734226055443 1.140456415712833 1852.512180246413 4.053743839263916 284.4394850730896 1927.79807664454 1507.186048902571 6.042667843401432 2019.21542057395 134.2257780581713 921.6243938878179 2490.923809751868 118.4534970447421 98.46264869719744 4.530669279396534 1.194638587534428 0.6295595690608025 0.7065911740064621 8.279078133404255 3.575206354260445 0.2901289165019989 0.9753485172986984 8.475777678191662 4.813717663288116 1.860509164631367 3.931912086904049 3.997168816626072 1.422713361680508 1556.019602276385 289.9517866149545 65.80724141001701 0.1524021178483963 0.3063945546746254 1.188325002789497 51.76025304943323 7.430742412805557 9.524224817752838 9.594777651131153 42.65154410153627 26.31283590942621 2.156552478671074 32.69565247744322 0.6589921191334724 0.8111399859189987 332.9939000159502 3.863138407468796 2.207739271223545 5.28699154406786 4.571480341255665 24.76978201419115 2.096324533224106 6.346836052834988 1.946514509618282 3.163349859416485 17.67426708340645 140.9859911575913 7.409208163619041 50.73035974055529 1.510531380772591 7.199231989681721 0.1442222595214844 52.67561797052622 2.227977000176907 2.808985255658627 1.090645901858807 1.526616781949997 11.50151310861111 36.76337622851133 71.15106835216284 9.260822027921677 1.621364459395409 82.64451903104782 138.7316516339779 185.3902280032635 58.94014120846987 132.5089827254415 0.221549317240715 655.165920175612 2.367022469639778 27.98232550919056 5.919578522443771 0 2.809928923845291 2.372606031596661 1.672774635255337 0.6247811913490295 2.662227123975754 1.909094348549843 6.239602752029896 17.47371546924114 19.08282177150249 34.43380615860224 75.42203751951456 21.54103406518698 14.22141268104315 0.5874100178480148 9.405385822057724 23.42076601833105 0 1.085052967071533 3.189327985048294 1.249214604496956 0.7218651473522186 19.23402681201696 0.7724619358778 17.93454603850842 13.47356751561165 2.960621863603592 3.346028044819832 7.793452098965645 18.88363417983055 8.272470772266388 2.960381522774696 0.2378787994384766 0.3036002665758133 0 0.1104614958167076 0 0 0.2599332928657532 0.1256856173276901 0 0.4266167134046555 0.9835524633526802 0 0.2231369689106941 1.048246845602989 0.09679228067398071 1.382000677287579 0.5520522892475128 2.608221590518951 0 1.182976230978966 1.724150031805038 0 0.1789678931236267 0 7.661901846528053 0.6730184406042099 3.094640471041203 3.398017600178719 1.528990186750889 1.101346120238304 0.6545683443546295 0.1027053073048592 0 1.797874122858047 1.873232901096344 0 0 0.730864942073822 0 0 0.506576880812645 0.4586519226431847 1.36249765753746 0.1456245183944702 0 0 0.1813226640224457 1.138505429029465 0 4.775407202541828 2.760079458355904 4.223456457257271 1.242677360773087 0 0.1387035995721817 0 0.2893626689910889 0 0.3457027673721313 0.1393618285655975 0.6970240026712418 19.77762969583273 3.145976781845093 0.1835388690233231 0.1446648389101028 2.349823400378227 13.85019102692604 8.834682419896126 23.45552054047585 2.256274148821831 0.0989779531955719 0.5579873472452164 0.2619580030441284 0.2151331752538681 0.4518841654062271 0 0 0 0.9180691838264465 0.6753629446029663 1.858860395848751 0 6.4131970256567 3.563129991292953 5.963649116456509 450.1676936149597 8.742757029831409 370.4626836925745 186.9580179676414 25.57094565033913 24.48154617100954 0.4481862336397171 117.4232923611999 15.42541125416756 0.3111439645290375 8.048875533044338 1.459961496293545 11.2772544324398 1.170115694403648 0 0.1406794041395187 14.93024456501007 0 36.10915826261044 9.28037878125906
67.83158060908318 38.6556756272912 20.94094041734934 713.8411723524332 42.22684992104769 146.5196178108454 572.001977533102 5.221668116748333 94.25141225010157 1349.340671382844 134.2257780581713 134.7123998478055 1155.797196388245 177.5692675709724 36.6273689866066 22.68089131265879 0.8565974235534668 0 0.1184852719306946 0 0.4812624529004097 0.9646603167057037 0 0.1212138012051582 0 0 0 0 0.105900339782238 0.1008935496211052 9.313856311142445 1.228510774672031 22.79500275105238 0 0 0 10.04012601077557 0 0.09592833369970322 0.1645004004240036 1.853909723460674 0.3511571288108826 0.2161587700247765 8.213763050734997 0.2378168925642967 0.1054846122860909 60.03222668915987 0.2005840912461281 0.2566131725907326 0.08183377236127853 0.08619635552167892 0.4888757765293121 0 0.6342012733221054 0 0.3050421848893166 5.325898610055447 11.11879006028175 0.3291067853569984 5.311247065663338 0 1.583716943860054 0 4.122250154614449 0.5420953184366226 0.08659593015909195 0 0 0.584578275680542 0.5644550770521164 110.3404810428619 14.87312223017216 0.64557284116745 7.874583356082439 16.71189047396183 32.5595011562109 11.57659547030926 27.91072853654623 0.1184595227241516 30.83049784600735 0.4821978732943535 0.2591570913791656 0.554105132818222 0 0 0.354320727288723 0.228913351893425 0 0.2835259363055229 0.8866783678531647 0.3611123412847519 0.7855627536773682 1.225477486848831 1.260096296668053 5.820757836103439 608.5837096571922 20.44142724573612 0.4661819040775299 5.668670013546944 47.62138623744249 0.7647866159677505 30.48263467103243 8.782930701971054 22.3248026072979 5.036750495433807 229.5427677258849 42.5425091534853 166.9787215515971 214.1776751279831 96.69628505408764 18.48899667710066 119.0132330283523 206.0218418464065 119.3092482984066 23.78144910186529 0.1040860861539841 0 0 0 0 0 0 0 0 0.1632642894983292 0.3841770738363266 0 1.143369644880295 0 0.1345069706439972 0 0 0.1225423142313957 0.09365009516477585 3.278455466032028 0.7905933558940887 0.4530306756496429 0.3312857151031494 0 39.56465867906809 0.8769136369228363 7.48991896957159 6.501558072865009 0.2606722563505173 0 0 0 1.7343610227108 1.092313796281815 0.4236412644386292 0 0.5106426030397415 2.097092345356941 0 0 0.1561552137136459 0.1541639417409897 0.8812265321612358 0.3010370880365372 1.214746430516243 0 1.857625059783459 2.65846274793148 1.230557233095169 2.62163233757019 2.517744094133377 4.9737309217453 0.1803606152534485 1.137914568185806 0.9654555097222328 0 0 0 0.1020568013191223 0 0 165.9117276147008 2.479453846812248 0.1972846388816833 0 0.5858038738369942 52.22230749577284 11.20516614615917 45.40670908987522 1.940172076225281 0.8151232302188873 0.32807557284832 0 0 0 0 0.3506703674793243 0 0 0 0 0 68.4132789298892 1.833006829023361 11.45593930780888 349.4069265276194 1.747493848204613 82.08760707825422 75.72986420989037 83.50981114804745 4.359456673264503 0.2873094528913498 49.49919275194407 89.4714030995965 0 23.43217695504427 1.276749417185783 69.01612649857998 0 0 1.341045305132866 3.75457276403904 0.4269983768463135 985.7037898972631 153.372770421207
55.83105560392141 194.3552523106337 250.8910513743758 763.8532138317823 381.2602605670691 60.09426148980856 4524.570268854499 94.70729419589043 2206.78088183701 2746.572724230587 921.6243938878179 1155.797196388245 1459.557838633657 3182.115079179406 109.0250820890069 67.69014466553926 3.106174327433109 0.7506557181477547 0.6805647239089012 0.2297077849507332 0.9295931607484818 0.4475468099117279 0 0.1231780648231506 0.1542986184358597 0.2405263110995293 0.3025003373622894 0.1915209591388702 0.4583725780248642 0.2516013905405998 75.26032264530659 7.777470111846924 448.8379352390766 0.1308589279651642 0.1148653477430344 0.1582595109939575 165.9410458803177 6.273218333721161 19.23653364181519 8.317223504185677 3.732394672930241 5.929755434393883 0.6131824627518654 24.08899214863777 0.8595407605171204 0.5928389728069305 249.8576214313507 2.095277845859528 0.6742493137717247 1.202215932309628 0.2076233699917793 8.022904604673386 20.91440449655056 2.206616893410683 1.796519994735718 1.025432728230953 8.925991609692574 34.94965323060751 4.167895317077637 29.71438540518284 0.6987807750701904 53.16595901548862 0 13.03975159674883 0.8002863973379135 1.328545644879341 0.257236510515213 0.5942927524447441 1.531721048057079 3.818988084793091 579.6527172029018 27.73220509290695 0.2038507163524628 36.83227831125259 70.9649178609252 125.6347905993462 48.49287800490856 98.68490427732468 0.2043105587363243 394.5960773006082 1.494922690093517 32.27706128358841 1.681713551282883 0 1.444038800895214 0.790870688855648 0.3693719878792763 0 0.3965942189097404 0.2887047827243805 2.841537520289421 1.374898411333561 3.736493945121765 4.098560087382793 15.40481577813625 878.2252645418048 89.11190246790648 0 68.59320864081383 25.53108520060778 1.1615149974823 42.77351948618889 16.99294259399176 40.56956504285336 5.690617084503174 369.2016323134303 47.64801008999348 277.8343513533473 294.0103401467204 140.9996287748218 27.35469143092632 165.5428173467517 305.1608593761921 189.0635456517339 35.84957839548588 0.6322956383228302 0 0.1253906935453415 0.1137013137340546 0 0 0 0.5323844999074936 0 0.2868517339229584 0.703335776925087 0 0.739762470126152 0 0 0.8086028099060059 0.306402750313282 0.7059715837240219 0.1073981150984764 7.652089953422546 2.343603327870369 0 0.1352380961179733 0 69.01443960517645 2.673910371959209 14.95223401486874 13.62733466923237 0.3652759343385696 0 0.1449461579322815 0 0.3729202002286911 2.620040133595467 3.722531542181969 0.1148527860641479 1.86718787252903 3.344672679901123 0 0.2277087271213531 0.3162664473056793 0.1132122874259949 0.8136489987373352 0.9277114421129227 2.883405447006226 0.9909387454390526 5.558707110583782 5.385602027177811 1.337764605879784 11.07166839390993 5.004436403512955 16.99882052838802 0.5782551765441895 0.9332941472530365 1.229647949337959 0 0 0 0 0 0.2994835674762726 247.4348841160536 3.873577550053596 0.2063104510307312 0.5102311372756958 0.9730569869279861 123.3488334342837 18.30300182104111 102.5503399968147 3.291668996214867 4.718797512352467 2.414661318063736 0.3133718818426132 0 1.029888302087784 0 0.557217463850975 0 0.6345535516738892 0.6695215255022049 0 0.2318286895751953 96.23026522994041 4.040017761290073 23.11083998531103 891.7048274353147 8.398617625236511 306.1832674816251 213.8908936455846 65.72255925089121 18.17195130139589 0.2959496453404427 159.8536245897412 132.6999700367451 0.4471130818128586 46.05952063202858 5.866076074540615 110.2921901792288 4.733627691864967 0 1.850960925221443 25.85482330620289 0.18205526471138 786.0811829790473 200.8369890600443
9.134226158261299 108.0683109611273 727.1812365576625 5.658910490572453 734.2529266029596 3.816920846700668 1028.464323975146 514.0414433255792 1131.266718558967 132.6458158716559 2490.923809751868 177.5692675709724 3182.115079179406 1070.582365073264 77.3046443015337 55.79146099835634 2.384979650378227 1.235890902578831 0.5847811475396156 0.2326967865228653 0.5157028213143349 2.865009769797325 0.1213115081191063 0 2.006861954927444 0.6878494769334793 0.38661939650774 2.421353116631508 1.331111006438732 0.2847217991948128 161.9431447386742 16.9278619736433 336.8528039678931 0 0 0.1763325482606888 214.7060919627547 6.858035191893578 20.29570516943932 11.31784987449646 7.327495224773884 9.784854426980019 0.3996167033910751 16.65133330971003 0.5181341618299484 0.6896529272198677 223.2375103533268 1.206929251551628 1.033468402922153 1.384012155234814 0.5062454342842102 11.42534356564283 8.125418461859226 5.80614572763443 0.3636976853013039 1.63128974288702 8.589320965111256 38.94663902372122 4.249372117221355 34.94284999370575 0.4784572944045067 38.04111718386412 0 12.60285440087318 0.4368471801280975 0.8688295409083366 0.1907137185335159 0.4567626640200615 1.904851377010345 6.62872501462698 214.9933576285839 13.43305523693562 0.3383446335792542 40.33840118348598 53.11479219794273 125.8116063997149 42.31664737313986 84.03590073436499 0.1136722415685654 213.1184766441584 2.752361118793488 24.4622807353735 1.970742784440517 0 0.8403393030166626 0.7932145223021507 1.296633273363113 0.1071719601750374 0.9782149568200111 0.6376802921295166 3.043840207159519 4.831129126250744 5.164545625448227 8.005804926156998 27.76290337741375 108.0260728150606 29.74106293916702 0.1087986677885056 24.97190465778112 3.37085385620594 0 7.111267864704132 3.642655313014984 3.314572364091873 3.534010082483292 68.05409096926451 6.097959980368614 53.14847105741501 44.53021224588156 11.57814834266901 9.921298116445541 25.00040356814861 50.35574170202017 33.56772987544537 8.340067982673645 0 0.1128621995449066 0.1609983891248703 0 0 0 0 0.5321673601865768 0 0 0.754840575158596 0 0.4182299003005028 0.09598641097545624 0.1947989016771317 1.345090962946415 0.3942967057228088 0.2514584138989449 0 0.5006901472806931 0.3407318592071533 0 0.5274136066436768 0 14.22472181171179 0.4441192150115967 4.121076762676239 3.658059284090996 1.668962486088276 0.6480041444301605 0 0 0.73326675593853 1.661046639084816 1.568745598196983 0 0.5223541557788849 0.237300232052803 0 0.312838613986969 0.4490449577569962 0 0.7179152816534042 0 0.4802963435649872 0.1248405948281288 0.7294289618730545 2.235178023576736 0.1486261934041977 4.246266350150108 1.309695273637772 3.191881574690342 0.5106717348098755 0.1844771504402161 0.1375292092561722 0.1407182812690735 0.1866971403360367 0 0 0 0.2728302776813507 47.6226549744606 1.14409988373518 0.6977862864732742 0 0.9167644828557968 33.62044622004032 9.145033173263073 36.31934082508087 0.5155187100172043 0.7798135429620743 0.4584636837244034 0.3932007998228073 0 0 0 0 0 0.08684238791465759 0 0 0 18.74220523238182 1.235368296504021 6.284291207790375 451.634019844234 11.48561263084412 236.5647289678454 126.8074376136065 17.87804042547941 16.41260568797588 0.6056540161371231 115.9522159919143 35.17498972266912 0 14.05946719646454 1.122644379734993 18.5295018851757 1.723608165979385 0.1741407811641693 1.398963332176208 15.53743994235992 0 77.3086853325367 28.35651689767838
