359.7873671203852 1038.532605472952 462.9787193387747 1141.181671913713 38.50451009720564 152.4940713196993 315.8383424691856 271.8693630620837 22.39851937070489 1289.879936210811 211.7881734669209 31.39088482409716 131.6168984286487 238.6541791930795 2.478756383061409 0.1976515054702759 0 0.08425950258970261 0 0.7106021344661713 1.781694665551186 0.2588979005813599 0.3497311323881149 0.8555272445082664 0.4822346717119217 0.206708051264286 0.5224153697490692 0.1282102465629578 0 0 831.5289597660303 15.13157429546118 21.50615600496531 0.1531754583120346 0.7047069743275642 0 2.917837485671043 0.3561457619071007 0.5096607357263565 0 1.169138334691525 0.4784063100814819 0 0.2180617302656174 0 0.2219489514827728 27.69412318617105 4.41976298391819 0.368231475353241 0 0.2197790518403053 1.040649652481079 0.1248903125524521 0 2.32982374727726 3.632724743336439 292.4809477366507 581.2282299846411 19.13872748613358 28.18823165819049 1.751390390098095 0.8424070551991463 0.1894975751638412 9.573217734694481 1.561816614121199 2.673610739409924 2.172264631837606 1.461041390895844 0.8321480080485344 1.316941320896149 10.6692605689168 5.68152728676796 0 224.2328197285533 14.55589301139116 34.16907568648458 0.8655454814434052 0.4323844686150551 2.801584385335445 57.91951767727733 0.3710053041577339 4.197209596633911 6.566747985780239 0.1348200738430023 2.817838121205568 1.912629228085279 3.30643492937088 0 0.07506993412971497 0 0.07558034360408783 0 0 0.3503136038780212 0.1783189624547958 64.81255336105824 5.442029535770416 0 2.578149236738682 778.2230783775449 0.7109462767839432 4.254625663161278 2.216505229473114 0.9876465648412704 1.583993546664715 34.87643651664257 19.83582423627377 4.104003414511681 28.83268183469772 24.52047748863697 1.076698295772076 18.72482126951218 40.88346582651138 19.74778386950493 3.740843191742897 0.36637943983078 0.6162196695804596 0 0.4389134496450424 0.09845693409442902 0 0 0 0 0 0.1200287789106369 0 0.4856090694665909 0 0 0 0.399147629737854 0.278046727180481 0 1.795057311654091 0.977313756942749 0 0.3013841360807419 0 2.100053168833256 0.8429673463106155 3.542737126350403 2.625193506479263 2.522290274500847 0 0 0 0 0.5918389558792114 0.6660363972187042 0 0.8017123341560364 0 0 0 0 0 0 0 0 0.06351694464683533 0.2745649516582489 1.936949588358402 0 1.281620174646378 2.213664770126343 3.572065465152264 0.7455384731292725 0.1569736450910568 0 0 0 0.07197283953428268 0.08878154307603836 0 0 3.135567650198936 0.5469966605305672 0 0 0 2.650611951947212 0.7873854115605354 3.380335055291653 0.1267673820257187 0.478847935795784 0.4722038209438324 0.3014461398124695 0.1155561283230782 0 0 0 0 0 0.0829981341958046 0 0 8.05642843991518 0.3334797918796539 1.428573854267597 461.0304966792464 3.762828290462494 65.71438995748758 7.676129773259163 840.3375390693545 2.866415396332741 0.8299265056848526 3.156378373503685 73.33319982141256 0 4.187142744660378 1.007675439119339 71.31979236006737 0 0 0 0.5732078477740288 0 251.2806670442224 5.294703878462315
1038.532605472952 1339.255435690284 2891.91788058728 1227.606970082968 1992.342032607645 337.9987595379353 4217.03166589886 870.729356046766 1773.752882011235 1244.507713530213 1469.654832489789 41.93517756462097 1123.959018170834 1828.302916139364 20.08066834509373 3.685623176395893 0.2231993973255157 0.5685654804110527 0.1051662638783455 1.385706096887589 3.642490960657597 0 1.329451359808445 0.944224439561367 0.6410415470600128 0.2821956798434258 0.7011196240782738 0.3147742003202438 0 0 1273.065894819796 45.29036599397659 27.96098948270082 0.229939229786396 0.6527587175369263 0.6965736523270607 0.5686654075980186 0.609316386282444 0.7154886871576309 0.09887804836034775 1.858737237751484 0.388124093413353 0.08171055465936661 0.4896901622414589 0.2954240515828133 0.2685485407710075 125.2878135703504 10.47490728646517 1.187219597399235 1.228023439645767 0.3872504010796547 0 0 0.1013648435473442 4.025931615382433 5.135356348007917 156.938389249146 638.2428813241422 15.44057563692331 62.21654372662306 0.9337465688586235 1.538272716104984 0.0810486227273941 36.94675742089748 2.975068863481283 6.94635983556509 5.57829262688756 3.529892593622208 1.210556641221046 1.486207395792007 11.71458996832371 1.638430520892143 0.09226840734481812 305.3003180250525 67.10677981004119 146.4219730719924 5.525244064629078 1.864752225577831 5.652839690446854 82.13176423683763 0.7140291184186935 4.457676447927952 11.5535321906209 0.2229696288704872 6.072562120854855 4.789353426545858 7.079987656325102 0 0 0.07795564085245132 0.3150383532047272 0 0.2625464126467705 0.2577639073133469 0.5256562232971191 12.91828250139952 8.904750883579254 0 2.25193776935339 381.0648248046637 0.484026812016964 2.623860344290733 2.976802684366703 0.2298603653907776 2.49108025431633 9.137906171381474 8.414853394031525 1.921527147293091 11.15272759646177 9.981819011271 0.381132960319519 10.67637886106968 15.65864213556051 8.494086712598801 6.177790604531765 0 0.6075718328356743 0 0.3393425196409225 0 0 0 0 0 0 0 0 0.08733820170164108 0.1566330194473267 0 0 0 0 0.5944072008132935 2.8975770175457 1.580659009516239 0.3634913563728333 1.047715798020363 0 1.45047353208065 1.343551866710186 4.696650676429272 2.647142924368382 1.762909345328808 0.2139423713088036 0 0 0.1326054781675339 0 0.2959605753421783 0 0.08320093899965286 1.679729431867599 0 0 0 0.07279357314109802 0.09169109165668488 0.2704089283943176 0 0.1512323319911957 0.07232408225536346 1.024718292057514 0.1610620468854904 0.3760439604520798 0.2526019141077995 6.371883183717728 0.9356767237186432 0 0 0 0 0.07033444941043854 0 0 0.08299491554498672 2.665392853319645 0.620362401008606 0 0 0.08095783740282059 3.862567320466042 0.8615098744630814 3.354891374707222 0.4043220728635788 0.240164540708065 0.3337557464838028 0 0.2363074794411659 0 0 0 0 0.05769655108451843 0 0 0 5.337977364659309 0.9425102472305298 1.117628581821918 336.9009246602654 11.0510910525918 271.7209711745381 41.00794258713722 366.1107314564288 21.40137233585119 1.971149027347565 13.4994497820735 27.96542762964964 0.1464256346225739 2.010970398783684 1.017253622412682 19.89328892529011 0 0 0 0.9076944440603256 0.4611755460500717 85.97300370782614 3.935591168701649
462.9787193387747 2891.91788058728 1500.758964546025 97.77321431040764 1037.826987817883 42.78609751164913 356.7713891193271 3541.210098564625 1133.074057631195 108.6280650347471 2428.958636134863 22.32930538058281 497.4219943396747 1685.078305378556 6.022651635110378 2.279547519981861 0.09491702914237976 0.1601475477218628 0 2.093759797513485 12.21913403272629 0 9.014615155756474 6.634541980922222 3.777560442686081 4.114445239305496 3.842083178460598 0.1299707442522049 0 0 2766.976828277111 323.3510187715292 93.4914882928133 1.132475815713406 6.908431366086006 2.64874329417944 1.587050504982471 1.490088947117329 0.5189881324768066 0.579833872616291 7.70986857265234 1.206387788057327 0.3260667622089386 0.5201181173324585 0.1956629306077957 0.2889659702777863 17.28684417903423 2.676003731787205 0.5263424590229988 0.5668282434344292 0 0 0 0.4115593582391739 1.493157349526882 1.754522681236267 47.55404995754361 440.9145347103477 3.871594175696373 8.078750155866146 10.36097667366266 7.230944462120533 0.9919941425323486 88.91028286516666 0.7647449262440205 1.396674245595932 0.9068075716495514 0.2686504423618317 0.8639605790376663 8.041447997093201 19.77142009139061 4.441970087587833 0 65.96003660559654 18.67859670519829 28.18961528688669 3.826159857213497 1.417388044297695 57.1119420081377 483.7987332493067 5.801412917673588 39.36175552010536 1.988764882087708 0 0.7899782955646515 0.5425992086529732 1.740807808935642 0 0.0904667004942894 0.0796208381652832 0.09274651110172272 0.09034967422485352 0.6724057048559189 1.110131911933422 0.5498307123780251 7.428214594721794 13.04018867015839 0.1198669299483299 2.720114380121231 294.4247143268585 1.511902846395969 0.1031916439533234 0.7947193384170532 0 0 0.8353267014026642 2.148108914494514 2.320876389741898 6.016742467880249 3.488753773272038 0 5.048032410442829 8.365884386003017 4.897628910839558 6.498680852353573 0.3057180270552635 0.2642495185136795 0 0.5263054221868515 0 0 0 0 0 0 0 0 0 0 0 0.09349820017814636 0.5239495262503624 0 0.1172714456915855 0.7543524205684662 0.6330257505178452 0 0.4167221263051033 0 2.786784499883652 0.9395264834165573 6.699771150946617 3.704655278474092 0.9931821972131729 0.1244022399187088 0.1200417578220367 0.08161032199859619 0 0.6622272953391075 0 0 0.7945730686187744 0.3148745521903038 0 0.08476392179727554 0 0.1162106096744537 0.2236377224326134 0 0.164259061217308 0 0 0.1635621190071106 0 0.566010482609272 0.925857812166214 3.285526610910892 1.030995614826679 0 0 0 0 0 0 0 0.2648988515138626 4.993864253163338 0.5847953930497169 0 0 0.09654629975557327 4.176385015249252 0.2072932049632072 5.154426664113998 0.2218008637428284 0.6717316508293152 1.721543475985527 0 0.2313738688826561 0.1849921196699142 0 0 0 0 0 0.09617920219898224 0.107556439936161 3.581698685884476 1.469392389059067 1.508393436670303 48.93014282733202 3.000516057014465 36.1247855424881 7.822849035263062 71.80395124107599 1.711598426103592 0 1.958690159022808 4.773038096725941 0.1708879619836807 2.272548049688339 0.4015351384878159 5.214832343161106 0 0 0 0.3710237294435501 0 16.59148253500462 3.429217390716076
1141.181671913713 1227.606970082968 97.77321431040764 855.7029295638204 44.25715659558773 265.6341139227152 1075.361829638481 12.10770203918219 122.848748870194 2988.306574773043 41.38342605531216 13.59505596011877 230.0516938939691 227.537093706429 3.247791029512882 0.3642924055457115 0.08298397809267044 0.3180530518293381 0 0.1860172674059868 0.4600018635392189 0 0 0 0 0 0 0 0 0 237.3348068669438 0.1297378689050674 3.714254662394524 0.06601063162088394 0.06376072019338608 0 0.08755067735910416 0.3155690208077431 0.149925097823143 0 0 0.08677637577056885 0 0.1425410956144333 0 0 45.77906128019094 4.477180890738964 0.1401134133338928 0.352976880967617 0.1397299841046333 0.09837201982736588 0 0.2154295891523361 3.965153895318508 3.352998975664377 158.2163767106831 372.3578057363629 17.0308281108737 35.58497615158558 0.1409958153963089 0.3978827744722366 0.1259506642818451 4.486151605844498 1.828114327043295 3.321862202137709 3.356813874095678 0.943390678614378 0.1531520262360573 0.1608196869492531 0.1147423833608627 0.1455014050006866 0.09909889847040176 232.3514650911093 19.11096324026585 49.96412696689367 0.5136656388640404 0.2375451847910881 0.06625302881002426 2.290458090603352 0.08518987894058228 0.06021040305495262 5.680430375039577 0 2.889729131013155 2.408729948103428 3.558191277086735 0 0 0 0 0 0.2441485822200775 0.09495785087347031 0.2432349026203156 11.30261707305908 3.377239942550659 0 0.492668092250824 451.091812543571 14.19347950816154 13.00008148699999 176.6919569447637 134.9198951125145 5.506847403943539 193.4505171254277 18.2962941005826 233.2440388798714 51.3007682338357 98.51500208675861 0.4452711194753647 36.76022824645042 17.16514834016562 8.050985753536224 3.469790935516357 0 0.3784996867179871 0 0.0890711173415184 0 0 0 0 0 0 0 0 0.4065619707107544 0 0.2803300321102142 0 0.3549842834472656 0 0 9.695516139268875 1.965251766145229 0 0 0 0.3891271576285362 0.7414738833904266 0.3301494270563126 0.5051893144845963 0.1744419485330582 0 0 0 0 0 0.1698968112468719 0 4.254241995513439 3.891501672565937 0.1441007107496262 0 0 0 0.06665563583374023 0.6594158262014389 1.022466741502285 0.1709045246243477 3.402730390429497 12.66137762367725 0.3061835840344429 0.8060299009084702 0 0.571804940700531 3.013212621212006 0.4767269641160965 0.870245173573494 0.1335499249398708 0.2984219193458557 0 0 0 0 0.4136703759431839 0 0 0 0 1.110769629478455 0 0.3878903687000275 4.08805987238884 5.568609178066254 1.462175190448761 0.5140633210539818 0.08315048366785049 0.2772345393896103 0.07265518605709076 0 0 0 0 0 0 5.296183355152607 0.4124740362167358 0.3693116307258606 187.9760220870376 3.636902458965778 102.3899074494839 12.30261960625648 590.5123519897461 6.434388637542725 0.8872548341751099 2.808627635240555 36.93720132112503 0 14.79347068816423 3.451816521584988 38.39842171221972 1.231943905353546 0 0 0.3506710827350616 0 90.50423823297024 4.050491459667683
38.50451009720564 1992.342032607645 1037.826987817883 44.25715659558773 1279.358349554241 5.121908202767372 1833.755841679871 158.0062079131603 1812.581913940609 787.3790070489049 599.175476282835 5.661350339651108 382.1161682680249 838.1438164487481 12.88251753896475 2.614858239889145 0.1038385704159737 0.1533001586794853 0 0.089836485683918 0 0 0 0 0 0 0.1335572600364685 0 0 0 66.40258251875639 2.454503111541271 0.8455718904733658 0.09042180329561234 0 0 0.09293536096811295 0 0 0 0.1583020761609077 0 0.08711036294698715 0.09123016148805618 0 0 37.87892791628838 2.650099776685238 0.2954382672905922 0.2611616402864456 0.1618178561329842 0 0 0 0.680418036878109 1.109377890825272 14.23455807194114 58.76643287390471 1.80536063015461 12.72465886175632 0.3502153009176254 0.5053008794784546 0 7.454645738005638 0.07057809829711914 1.053978890180588 0.5753903537988663 0.8301045820116997 0.3309072703123093 0 0.1069824248552322 1.487143814563751 0 49.61917355656624 17.88854713737965 45.5676129758358 2.962989218533039 0.764368548989296 0.4130227118730545 3.803306572139263 0.2026169523596764 0.3656937517225742 2.014326445758343 0 0.9508011117577553 0.502415344119072 1.698193244636059 0 0 0 0.08393509685993195 0 0.1917270049452782 0.09584556519985199 0.08702190220355988 1.683382734656334 1.219101957976818 0 0 6.575293108820915 0 0.2822370380163193 0 0 0.1691449731588364 1.439403504133224 0.1402859687805176 1.118371814489365 2.666917748749256 4.472536563873291 0 4.84581695497036 6.701949208974838 2.667841695249081 2.719406202435493 0 0.1283692866563797 0 0 0 0 0 0 0 0 0 0 0.3420371115207672 0 0 0 0 0 0 0.2610538601875305 0 0 0.4053199663758278 0 2.662920393049717 0.4934885501861572 2.182723395526409 0.5532508119940758 0.3077965378761292 0 0 0 0 0.1795734912157059 0.3482834249734879 0 0.4531593322753906 0 0 0 0 0 0 0 0 0 0.1902125626802444 0.5896286517381668 0.2348424345254898 0.2738035619258881 0.7230110168457031 2.568512745201588 0 0 0 0 0 0 0 0 0 1.363066367805004 0.2081716805696487 0 0 0 0.991883859038353 0.270294688642025 0.8903236240148544 0.4498796015977859 0.5986338555812836 0 0 0 0 0 0 0 0 0 0 0 3.112894646823406 0.1457629650831223 0.1123896390199661 110.5297562405467 2.46001061052084 81.24044294655323 16.17129570990801 27.59660931676626 8.712093360722065 0.2736318111419678 5.286014974117279 4.088484898209572 0.2153057754039764 0.7453582063317299 0.5256828665733337 1.733076080679893 0 0 0 0.846575066447258 0.605536937713623 8.279721468687057 2.02132174372673
152.4940713196993 337.9987595379353 42.78609751164913 265.6341139227152 5.121908202767372 0.1990459263324738 47.53576909005642 13.49786311388016 3.876045450568199 462.3907498270273 17.62740939110518 323.5491185858846 212.4762659147382 38.86259774118662 0.7481917664408684 1.413123272359371 0.6557868123054504 0 0 0 0.08515354990959167 0.3850593566894531 0 0 0.5224500894546509 0 0 0 0.394044429063797 0 35.08990586549044 0 47.94656316936016 0 0 0.6475535482168198 40.734853297472 3.431350186467171 4.17485298961401 1.590986981987953 0.1077786535024643 0 0 0 0 0.5432589426636696 1.447055868804455 0 0 0 1.324194729328156 4.263636745512486 2.90728972107172 0.2314869090914726 0 0.2891698330640793 179.0510838031769 19.55054804682732 4.291405439376831 0.8050614446401596 4.47678054869175 25.0107958689332 1.251598805189133 0.1595552861690521 0 0.1109529659152031 0.145501047372818 0.5925714671611786 0.09020434319972992 0.2060984671115875 22.49251390248537 127.868039958179 7.205864809453487 8.122378140687943 0.1879023984074593 1.020027123391628 0.2278994917869568 0.1104284152388573 0.1484349370002747 17.64142712950706 0 6.987348757684231 0.1946355104446411 0.3367970809340477 0.1489360779523849 0.3467170745134354 0.09972430765628815 0.1131346523761749 0.3452575355768204 2.979072198271751 2.229824677109718 3.121455743908882 0 0.7871197611093521 1.441631279885769 269.6702020317316 74.91001600027084 6.548941865563393 3.520016804337502 355.4442440420389 0.3190819174051285 4.620797418057919 0.4670320600271225 0.4415258169174194 2.159893997013569 8.214653864502907 27.14202199876308 3.965965576469898 34.73519628494978 33.6359222009778 1.093223750591278 27.05947174876928 58.04212968051434 27.116256326437 5.202652595937252 0.1283655613660812 0 0 0 0 0 0 0 0 0 0 0 0 0 0.1803968027234077 0 0.1034575030207634 0 0.1376412659883499 1.740098372101784 0.8272400796413422 0 0 0 1.185977160930634 0 0.4290938973426819 1.183676950633526 0.4038387387990952 0 0 0.1418305635452271 0 0 0 0 0 0.1440134644508362 0 0 0 0 0 0 0.07279074937105179 0 0.1951822191476822 1.13637138158083 0.6305722594261169 0.5271818041801453 0 1.387933604419231 0.1060612425208092 0 0 0 0 0 0 0 0 2.546904124319553 2.156947374343872 0 0.127045527100563 0 1.953974403440952 0.4502818435430527 0.9160323590040207 0 0 0.4060792475938797 0 0 0 0 0 0 0 0 0 0 18.53836835175753 0 0.4423932880163193 73.96314063668251 1.687746286392212 5.167006529867649 2.265620581805706 232.2877443134785 0.7042142450809479 0 0.5895742028951645 41.94099602103233 0 3.570918135344982 0 54.73182095587254 0 0 0.8362753987312317 0.3280659317970276 0 97.05033437907696 17.37599013745785
315.8383424691856 4217.03166589886 356.7713891193271 1075.361829638481 1833.755841679871 47.53576909005642 1353.261858657002 65.89134265482426 2614.938143111765 2511.053264826536 459.3925492838025 137.4857459291816 1552.982779569924 1754.416466537863 36.4813032746315 7.682940371334553 0.7501912638545036 0.4596494734287262 0 0.3051949068903923 0.4527529403567314 0 0 0.2237320840358734 0.08594664186239243 0 0 0.1225334256887436 0.2018411606550217 0 149.8859340921044 4.569991752505302 1.13599482178688 0.1021190285682678 0.1956068202853203 0.1206618249416351 0.1150186359882355 0.2180707901716232 0 0 0.1866506785154343 0.1514501795172691 0 0.639552928507328 0 0.08433901518583298 127.1096903160214 5.273342251777649 0.5392219200730324 0.09145057201385498 0.5394818186759949 0.08218014985322952 0 0.2316418364644051 2.442619748413563 3.853936862200499 42.53937762230635 180.6525153815746 5.51834287494421 39.07568583637476 0.1482718661427498 0.6353178843855858 0.164343848824501 18.88102178275585 1.545138854533434 3.349775910377502 3.048259023576975 1.838919080793858 1.250031277537346 0.6116284430027008 2.552443534135818 6.043504483997822 0 163.9110278449953 40.42141359299421 129.6981231272221 10.37973387539387 4.632010735571384 0.3559013232588768 3.894250132143497 0.09322493523359299 0.9182219803333282 5.825693398714066 0.08553104102611542 2.913249529898167 1.72745331376791 3.551310986280441 0 0.0748957172036171 0 0 0 0.7534005492925644 0.1641919836401939 0.2673724368214607 22.94931156933308 4.976136818528175 0.5819778442382812 0.2366545647382736 19.85150178521872 2.277693286538124 1.772972732782364 4.114542089402676 0.8660184815526009 2.411755122244358 7.25008924305439 2.788598351180553 7.302413523197174 24.21537071466446 21.36986017227173 2.155269622802734 31.04380469769239 32.76569618284702 19.65862047672272 13.51217245310545 0.4236609637737274 0.1324554979801178 0 0 0 0 0 0 0 0.1887294054031372 0 0 0.1181860789656639 0 0 0 0 0 0 4.4096699655056 3.774473778903484 0.2208422720432281 0.9695260673761368 0 9.336955368518829 0.9151277467608452 8.58664808422327 3.094490617513657 0.9372426643967628 0 0 0 0 0 0 0.09913887828588486 0.9960609823465347 1.355860009789467 0 0 0 0 0 0 0.4447413682937622 0 1.314168639481068 2.625543244183064 0 0.6448580697178841 2.100123375654221 9.239523433148861 0.6291999965906143 0.1986323595046997 0.1629029288887978 0 0 0 0 0 0 10.38167538493872 1.285345375537872 0.253481537103653 0.08180492371320724 0 6.12909073382616 2.616867825388908 9.054832838475704 0.6248184517025948 0.7769773155450821 0.2623083591461182 0.09844392538070679 0.9221544042229652 0 0 0 0 0 0.08157471567392349 0 0 12.61822136491537 1.56149323284626 2.239354684948921 395.2988519445062 7.610331960022449 254.7132803052664 63.74883434176445 131.3123045004904 17.13321420550346 0.3924726247787476 19.18663988262415 19.170185521245 0 3.136481367051601 1.703877419233322 10.91736073046923 0.1628772914409637 0 0.9720208793878555 2.125195115804672 1.366088539361954 44.44490659236908 8.952138856053352
271.8693630620837 870.729356046766 3541.210098564625 12.10770203918219 158.0062079131603 13.49786311388016 65.89134265482426 1001.802139885724 404.259607963264 21.59891197085381 1678.937080182135 7.636274576187134 140.8889278993011 1382.743294663727 83.07615750283003 38.32674324512482 1.526808723807335 0.8517852947115898 0.2338540777564049 8.126335803419352 35.23569025099277 0.09792356193065643 23.5777794867754 16.63946396112442 21.13918256014585 6.1532898619771 10.95138063281775 1.475491002202034 0.2110971212387085 0 1684.649271078408 2016.565259762108 105.2377887517214 8.243990577757359 25.83562240749598 22.25451236218214 16.71250069141388 15.67027914524078 6.385543949902058 10.22530927509069 15.19332756102085 2.428900212049484 1.117824040353298 48.72148121893406 0.6982142925262451 8.107229016721249 134.0156030133367 3.474815107882023 0.384395033121109 1.058452546596527 0 0.2310994565486908 0.2859055697917938 0.09024155139923096 0.7557837218046188 1.075559712946415 30.27097530290484 220.0251840949059 3.627845741808414 30.19119383767247 113.8743372187018 56.46701276302338 4.117052115499973 661.3368842601776 0.8407468497753143 1.560515522956848 1.389512546360493 1.258181810379028 3.048672832548618 20.36263030767441 13.72219321876764 6.041045382618904 0.6091112792491913 108.9820411913097 73.98761753737926 170.4498554132879 185.8337261378765 215.5341045409441 853.9144275486469 1573.271906472743 124.9509782269597 297.0798842310905 3.452390432357788 0 1.555295072495937 0.9292852133512497 2.801698356866837 0 0 0.1209084987640381 0.4621264114975929 0.4525091126561165 1.513495542109013 2.302952952682972 1.540539182722569 21.57587330043316 10.99584115296602 1.121771827340126 2.964482925832272 83.59574167430401 0.6529597789049149 0 0 0 0.797694593667984 0.4677282422780991 0.1541014909744263 0.5890625864267349 1.797816567122936 1.715571485459805 0.199404239654541 2.312457837164402 3.561803884804249 2.741501584649086 3.756286390125751 0.4341061040759087 0.09403016418218613 0 0 0 0 0 0.1410994827747345 0 0 0.1348367929458618 0 0 0.1324145495891571 0 0.706816703081131 0.1524803265929222 0.617867723107338 0 0.8587674126029015 0.1057868450880051 0 0.1636992692947388 0 2.407348088920116 1.150988236069679 4.550075486302376 2.070450492203236 0.7471581771969795 0.384741984307766 0.2698437422513962 0.2006219998002052 0 0.1818262487649918 0.1834405660629272 0 0.08042403310537338 0.1482736468315125 0 0.1900105252861977 0 0.08996031433343887 0.7630164250731468 0 0 0 0 0.6622434109449387 0 0.07282848656177521 0.2776786983013153 2.175658509135246 0.4512445405125618 0 0 0 0 0 0 0 0.2243562042713165 2.02732764929533 0.1115351691842079 0.4297925159335136 0 0.3521367460489273 1.725865259766579 1.086228385567665 1.339594431221485 0.3010710701346397 0.2039060890674591 0.2653139382600784 0.1086178869009018 0.07034019380807877 0.08213508129119873 0 0 0 0.06858078390359879 0 0.08617059886455536 0.1088822260499001 1.749157145619392 1.026717565953732 1.656136117875576 213.9792905375361 6.503608178347349 174.452283333987 64.42027658969164 55.114781036973 11.31008303910494 0 12.79844356328249 6.27231802046299 0.09371422231197357 2.323826372623444 0.1344159841537476 3.160967469215393 0 0 0.2752660512924194 3.148138262331486 0.6486933380365372 22.90454610437155 3.162682749330997
22.39851937070489 1773.752882011235 1133.074057631195 122.848748870194 1812.581913940609 3.876045450568199 2614.938143111765 404.259607963264 931.790569357574 624.3860410377383 783.0754968598485 28.4086551964283 926.830013372004 929.7143327444792 14.42676451057196 4.897687681019306 0 0 0.0926748663187027 0 0 0 0.110506072640419 0 0 0 0 0 0 0 41.66139461100101 4.899863846600056 0.5129964351654053 0 0 0 0 0.4486680179834366 0.09878005087375641 0 0 0 0 0.08822875469923019 0 0.1027401685714722 26.78767423331738 1.234131664037704 0 0 0.06335015594959259 0 0 0.07802155613899231 0.2559153586626053 0.4362355172634125 5.83282046765089 19.02850546687841 0.4460213854908943 6.212179489433765 0.08383715152740479 0.102532684803009 0 2.799779489636421 0.592885572463274 0.150264285504818 0.1647991240024567 0.1494415551424026 0.08732008934020996 0 1.16098153591156 1.170577079057693 0 19.57683257013559 8.379082679748535 25.84424737095833 4.32129243016243 1.658075548708439 0 29.87943090498447 0 0.1977903097867966 0.946950227022171 0 0.4770228862762451 0.06683798879384995 0.4748532995581627 0 0 0 0 0 0 0 0 10.3520361110568 0.9932684525847435 0 0.395278126001358 4.087487265467644 0.3531111255288124 0 1.781098328530788 0 1.092536069452763 0.7423980832099915 1.64219755679369 3.941569916903973 7.374757893383503 7.391416452825069 0.4772772192955017 8.560168862342834 12.88743372261524 7.792959935963154 6.082777462899685 0 0.08874554932117462 0 0 0 0 0 0 0 0 0 0 0 0 0 0 0 0 0 0.1630043387413025 0.8881091475486755 0 0 0 4.616795621812344 0.9474467858672142 4.603384360671043 1.225646369159222 0.3933378085494041 0 0 0 0 0 0.1078175976872444 0 0.590358205139637 0.4059529080986977 0 0 0 0 0 0 0 0 0.1082655936479568 0.1256023943424225 0 0.4626277089118958 0.6561957150697708 5.529245302081108 0.3748239651322365 0.1177083775401115 0 0 0 0 0 0 0 5.072402819991112 0.2077161520719528 0 0 0 3.273547112941742 0.7034444436430931 2.913629777729511 0.1018008515238762 1.082303181290627 0 0.1553700715303421 0 0 0 0 0 0 0 0 0 4.026464551687241 1.103647865355015 1.098232187330723 103.1091221645474 2.281964749097824 45.07931704074144 17.29982145130634 21.53094585239887 1.924460031092167 0 4.467864483594894 6.517161540687084 0 0.9316870123147964 0.1915050595998764 8.009159341454506 0.1297753900289536 0 0.6254293769598007 1.801548659801483 0 11.73919064551592 4.713261172175407
1289.879936210811 1244.507713530213 108.6280650347471 2988.306574773043 787.3790070489049 462.3907498270273 2511.053264826536 21.59891197085381 624.3860410377383 2325.445544265211 223.6529398411512 440.6731902509928 5574.426984064281 837.7255089506507 64.438173212111 15.15613719075918 1.237371973693371 0.1652941331267357 0 0.4784086719155312 0.6032128855586052 0 0 0.1863320469856262 0.1180252805352211 0 0.1961502581834793 0.4016450643539429 0.1695836037397385 0.08786101639270782 132.0067842453718 2.640906393527985 7.272784322500229 0 0.1172124668955803 0.2001335248351097 12.31490810215473 1.134286656975746 0.6281586885452271 1.077689044177532 0 1.044915974140167 0 0.5732148960232735 0 0.4951809123158455 160.6055775210261 8.427886344492435 0.5027836337685585 0.3099502474069595 0.1777047961950302 0.1246809810400009 0 0.3561882376670837 3.759281381964684 4.247175894677639 115.9727791808546 243.8951946608722 10.05952028930187 57.92217203602195 1.437929421663284 2.492465019226074 0.09083341807126999 11.45436136424541 2.061942029744387 4.455294996500015 3.061290629208088 2.277993820607662 1.023498401045799 0.5836589634418488 45.57532372325659 21.5245179310441 0 223.950761847198 38.93271169066429 142.5223589241505 10.49991045892239 7.36798357218504 0.3755606263875961 9.41361328214407 0.443346843123436 2.230913020670414 7.568006083369255 0 3.801360562443733 2.169912934303284 4.63202128559351 0 0.2418381795287132 0 0.3251738101243973 0 0.8423673510551453 2.059166952967644 2.008406013250351 180.9933319091797 28.52275004982948 0.3208553194999695 2.503067880868912 361.8965558409691 7.209127731621265 19.02586091309786 36.69526728242636 33.03914150595665 30.92628252506256 103.1673451438546 101.7367551773787 64.65120307356119 281.4337021335959 244.7342172563076 20.2550096809864 318.8667453378439 366.5093825384974 196.9338476806879 129.6296325623989 1.674112029373646 1.827549330890179 0.7312358319759369 0.3661263883113861 0 0 0 0 0 0.09102388471364975 0 0 0 0 0.1934042870998383 0 0.8851868510246277 1.19411101937294 0 37.40020196884871 19.94776894152164 0 4.930408217012882 0.9871716499328613 59.67075430601835 14.48223195225 61.53147269785404 19.1575725749135 6.370657570660114 0 0 0 1.80945211648941 4.880516454577446 3.598076395690441 0 7.218767300248146 7.174315698444843 0.3696816861629486 0 0.1215271651744843 0.7831377238035202 0 1.065573185682297 0.4921035021543503 0.6775642260909081 6.151358619332314 17.84455247223377 1.201457425951958 7.60572537779808 14.09134396910667 85.20551732182503 8.576056785881519 1.188179187476635 1.274229630827904 0.2972213700413704 0.08015941828489304 0 0.1184620633721352 0 0 68.7402423620224 4.939564719796181 0 0 0 66.13070534914732 14.41893468052149 50.82071423530579 8.865056335926056 12.44797991961241 3.521672658622265 1.62601375579834 3.400953128933907 0.37635537981987 0 0 0 0 0.5103376507759094 0.2589097023010254 0 131.4703743159771 10.65331855416298 12.85404351353645 1120.743368685246 20.11321498453617 347.2744705304503 95.68931330740452 895.8858459368348 28.60424876213074 2.744325697422028 43.19008154422045 246.4881931841373 0.7097977995872498 35.25897009670734 7.289009101688862 236.4097367301583 3.82128468900919 0.4762182235717773 5.166556261479855 4.08564966917038 1.029933929443359 439.9214187040925 88.07784583419561
211.7881734669209 1469.654832489789 2428.958636134863 41.38342605531216 599.175476282835 17.62740939110518 459.3925492838025 1678.937080182135 783.0754968598485 223.6529398411512 680.594164185226 51.83562596142292 2683.593269616365 2468.405414804816 27.07862605899572 12.2291304320097 0.35319734364748 0.0874912291765213 0 0.7094935551285744 2.792106859385967 0 0.8858026787638664 0.694296807050705 0.5282644703984261 0.807238794863224 0.3753210157155991 0 0.2160602658987045 0 686.5169670060277 62.80790291726589 37.8882100135088 0 0.7005327641963959 0.7793671190738678 6.088318735361099 2.707866288721561 1.933720022439957 0.7223519310355186 1.27339968085289 0.64858078956604 0 0.7125165387988091 0 0.1035762801766396 38.94118882715702 1.531181767582893 0.195725753903389 0.3429359570145607 0.1006627082824707 0 0 0 0.798897884786129 0.6863038837909698 12.06260350346565 64.90271909534931 1.437209039926529 10.47914256155491 1.148678809404373 4.37543598562479 0 15.477637976408 0.3858025297522545 0.8036961257457733 0.158949539065361 0.4935024306178093 0.2528247162699699 0.890481986105442 10.25109646469355 1.645699366927147 0.2019144371151924 40.05613050609827 16.86076299101114 55.53606093674898 9.903848528862 7.113326102495193 65.6111805588007 787.46747161448 0.9610949456691742 150.788709551096 1.119225181639194 0 0.7707155644893646 0.2073354721069336 1.241305202245712 0 0.08655057847499847 0.08134683966636658 0 0 0.68661729991436 0.1023799777030945 0 21.10586623847485 8.965050555765629 0.2895087599754333 1.971415005624294 52.90966898947954 0.4982767701148987 0.4704649597406387 0.2736897394061089 0.1430403590202332 0.2328866347670555 0.7247952520847321 0.2617470324039459 0.9222331047058105 2.485356621444225 2.829155817627907 0.6240447163581848 3.488495245575905 5.005918771028519 2.118403136730194 2.662274524569511 0.09521998465061188 0.1344053447246552 0 0.1123862490057945 0 0 0 0 0 0 0 0 0 0 0 0.1481554955244064 0.1305021047592163 0 0 0.4687658026814461 0.1243698820471764 0 0 0 1.671292401850224 0.2185132652521133 1.652534179389477 1.13929009437561 0.08097310364246368 0 0 0 0 0.2086377590894699 0.09362147003412247 0.07138630002737045 0.1071890145540237 0.1019883453845978 0 0 0 0 0.1152421608567238 0 0 0 0 0.07591241598129272 0 0.2891960367560387 0.4561440199613571 2.543654106557369 0.1442520916461945 0 0 0 0 0 0 0 0 2.447869189083576 0.1270404160022736 0.2126465141773224 0 0.06395604461431503 1.58883909881115 0 0.5950704962015152 0 0 0 0 0.1408703327178955 0 0 0 0 0 0 0 0 2.228035762906075 0.465238019824028 0.6641555577516556 102.0382497757673 2.153192095458508 63.19810858368874 27.37977064400911 26.19247452914715 4.371492132544518 0.18143330514431 6.565892904996872 2.834409527480602 0 0.5639411732554436 0.2386645451188087 1.652399525046349 0 0 0.1730862855911255 0.8508886694908142 0.3634219765663147 17.28620805591345 2.833729438483715
31.39088482409716 41.93517756462097 22.32930538058281 13.59505596011877 5.661350339651108 323.5491185858846 137.4857459291816 7.636274576187134 28.4086551964283 440.6731902509928 51.83562596142292 8.640736743807793 1857.832886181772 75.23424836248159 59.87829715013504 63.4703650996089 9.132812783122063 0 0 0 1.865899913012981 0.3203750997781754 0.1311277449131012 0.2617303282022476 6.72554362565279 0.4145341366529465 0.2307611405849457 1.544358931481838 0 0 12.68933860212564 2.87934435158968 131.9452511966228 0.6703862398862839 0.4040253609418869 11.25280867516994 190.3134301751852 40.49454725533724 66.86822824925184 16.39934996515512 2.27811336517334 0.2171763703227043 0 2.814180850982666 0 0.2657264396548271 41.77648530900478 0.760985478758812 0.2447985112667084 0.1759415864944458 0.09004327654838562 1.333675995469093 3.535842694342136 0.2505810558795929 0 0.07999773323535919 13.42570909112692 11.54550132155418 0.5288633331656456 4.887082174420357 1.795678660273552 121.690418086946 7.077752664685249 12.37248520553112 0 0 0.08962662518024445 0.2769703194499016 0.5190043523907661 1.16563368588686 261.5870222598314 6.678069330751896 0.9862944856286049 11.17435429990292 10.40024969726801 34.66724905371666 21.57676368951797 32.43622935563326 1.253349512815475 69.62378811091185 0.5497682690620422 62.8354265615344 0.1170796602964401 0.07154034823179245 0.07209893316030502 0.4914348572492599 0.07523912191390991 0.5122591257095337 0.07709266245365143 0.5227307975292206 0.3869348838925362 0.6214950084686279 0.6081693843007088 0.3221273273229599 0.2865916267037392 518.8486425802112 177.6557178348303 2.235288269817829 106.8080054298043 98.34609335660934 1.558994695544243 6.082136571407318 6.706767790019512 0.5857376903295517 4.960775129497051 9.271505437791348 31.01312001049519 14.70071983337402 77.56843921542168 63.81066448241472 4.668153464794159 101.6688970178366 142.1344939619303 71.1793904453516 34.94943676143885 0.5463050156831741 0.2377596274018288 0 0 0 0 0 0.2414175122976303 0 0 0 0 0 0 0 0 0 0 0 6.172879755496979 3.479648552834988 0.0838918462395668 0.6572704315185547 0 14.15974967926741 0.4343746528029442 10.81275091320276 2.490563340485096 0.9198230355978012 0 0 0.1727427393198013 0.2744353115558624 0.1081110015511513 0.101332850754261 0 0.1379454880952835 1.280201122164726 0 0 0 0 0.5648735612630844 0.09943954646587372 0.1520224958658218 0 0.6761997044086456 2.595533199608326 0.2886288166046143 0.6273146495223045 1.917945221066475 12.04976014792919 0.363981157541275 0.1145442947745323 0.06973909586668015 0 0 0 0 0 0 16.81336802244186 3.109166614711285 0 0 0.07541275024414062 13.36354882270098 2.433637984097004 8.779120445251465 1.559709131717682 1.068192571401596 0.2779843285679817 0.4737270846962929 0.2556427270174026 0.2949164509773254 0 0 0 0.09318891167640686 0.1193152591586113 0 0 58.50058064609766 2.508164256811142 1.260206341743469 350.7043713182211 7.370018512010574 82.44091368466616 62.24598200619221 392.0563281774521 3.673044808208942 1.785601496696472 17.16762848943472 41.9767767265439 0.2472841590642929 4.161131896078587 0.5020396560430527 42.16849824786186 0.4356691837310791 0 0.8776475340127945 5.706532031297684 0 485.7188908085227 33.19582167267799
131.6168984286487 1123.959018170834 497.4219943396747 230.0516938939691 382.1161682680249 212.4762659147382 1552.982779569924 140.8889278993011 926.830013372004 5574.426984064281 2683.593269616365 1857.832886181772 933.6707178577781 2858.023487359285 188.3512587025762 118.372268602252 8.46889691054821 0.3109346628189087 0.1187527701258659 1.067590415477753 5.077203713357449 0 1.830887325108051 2.493865519762039 44.8599773272872 1.409440621733665 1.635785602033138 1.360741838812828 0.4914690107107162 0 148.3658391684294 22.70134405046701 837.8558717444539 0.5246068239212036 1.60782016813755 97.61718100309372 675.2000263631344 181.3695161491632 76.9134493470192 23.29410167783499 3.76467015594244 0.9355504065752029 0.3079689368605614 6.766448237001896 0 0.1221058741211891 164.7036801986396 1.903184056282043 0.886339083313942 0.3853571638464928 0.4287262633442879 0.4964163154363632 0.8718715533614159 0.2006751745939255 1.382018133997917 1.46987496316433 22.77655594423413 68.22053580731153 2.104499101638794 31.19732087105513 6.537233673036098 234.0815547704697 9.151581615209579 38.20421212166548 0.2142784968018532 0.866192527115345 0.5996039882302284 0.6063732802867889 1.299595773220062 3.543919309973717 369.4186524003744 20.24584401398897 0.8793060258030891 65.0868813097477 41.36839592456818 164.3224339038134 59.66110099107027 75.34575885534286 5.412351779639721 262.392818570137 0.9350963830947876 76.9845032915473 1.767146103084087 0 1.206811346113682 0.5440344698727131 1.779022544622421 0.08833546936511993 0.1699027642607689 0.3564706668257713 0.643126480281353 0.1739507615566254 0.51523707062006 0.3864327296614647 0.5895666554570198 988.2060642465949 115.2988363727927 1.284508444368839 69.13539099693298 76.55621614307165 6.873976536095142 11.28551842272282 12.91013850271702 1.837397031486034 13.60072896629572 27.99472369998693 40.01212668418884 30.08771041035652 196.1777218356729 136.3433719426394 10.91964165866375 222.8436253592372 290.8956661447883 161.2626837641001 99.02659547328949 1.597436234354973 1.80543490499258 0.08516637235879898 0.1397796124219894 0 0 0 0.1116514801979065 0 0 0.460867315530777 0 0.2275944203138351 0 0 0 0 0.5128825157880783 0 19.51010619103909 10.15523964911699 0 0.9290786162018776 0.09333045780658722 51.04124787449837 5.271539755165577 40.21808866411448 11.56479677557945 3.251539878547192 0 0 0 0.1594411432743073 0.6808322072029114 2.090135231614113 0 3.466162584722042 4.663309320807457 0 0 0 0.3784974738955498 0.3702241256833076 0.31038548797369 0.7088533639907837 0.2399980127811432 2.916010066866875 6.975746795535088 0 2.718578733503819 4.527443878352642 47.70693547278643 4.873755939304829 0.4349139928817749 0.3576756566762924 0.0767773911356926 0 0 0 0 0.08663611114025116 56.39660315960646 4.319910749793053 0 0.1347669214010239 0 40.95115450769663 6.622709937393665 31.33993045240641 6.334647208452225 4.66266006976366 1.14001677185297 1.091642796993256 0.5496231988072395 0.09476789087057114 0.3112083822488785 0 0 0 0 0 0 120.688726529479 7.392125524580479 8.037323050200939 948.8724121600389 25.37959214299917 268.3136069178581 172.336628023535 416.6251056492329 13.79701886326075 3.265999294817448 41.0371298789978 92.91246797889471 0.1059253513813019 14.26183532178402 3.910736478865147 103.3139568194747 2.048894263803959 0 3.908776745200157 9.654391512274742 2.667032718658447 631.0853981077671 72.65933254361153
