153.7897313460708 3871.334985993803 797.2325109690428 1775.125422716141 227.3186321556568 56.96662670373917 306.2361261844635 311.4903608933091 17.04737377166748 2271.320440262556 214.4013585448265 66.67744594812393 156.2642231732607 153.0514637306333 10.68692383915186 4.663648903369904 0.955598957836628 0.1314844191074371 0 0 0.8993363827466965 0.1709915399551392 0 0.1525103449821472 2.138362526893616 0.1515583246946335 0.2474266588687897 0 0.1843136698007584 0 280.9481890052557 9.983168616890907 14.80102437734604 0 0 1.321026161313057 3.097395971417427 0.7290979325771332 0 0.4256845414638519 0.8394518345594406 0.1141194626688957 0.2928570657968521 1.140290513634682 0 0.4368252456188202 15.82133726030588 1.185856968164444 0.1108357682824135 0.2999800145626068 0.5771373137831688 0.164266437292099 0 0 7.99424896389246 8.55963010340929 120.0054389238358 173.8804662004113 114.0972056016326 17.3308929502964 0 2.453149288892746 0 2.925429321825504 6.999555297195911 2.882435716688633 2.534659586846828 0.4989548102021217 0.5771535709500313 0.257435142993927 6.759579539299011 0.5468395203351974 0.1462691426277161 109.731248319149 5.434601329267025 9.043839856982231 1.610422372817993 1.376910097897053 0.7615152597427368 38.79766460508108 0.2291986271739006 2.395036056637764 13.25414261966944 0.2636619508266449 4.934089511632919 6.947695627808571 1.276908911764622 0.4006193354725838 0.7805048227310181 1.499219283461571 0.4146478697657585 0.8345519527792931 1.130634911358356 0.3369375690817833 0.1527544260025024 11.46084168553352 0 0.08843854069709778 0 486.4256210178137 0 0 3.16148416697979 0.5329560041427612 0 7.310894280672073 4.2093276232481 2.567255631089211 5.578097328543663 5.770774811506271 0.1387771666049957 4.951026737689972 14.22515755146742 12.89893981069326 6.559823162853718 0.1060860157012939 0.1923659443855286 0 0 0 0 0 0 0 0 0.1644795536994934 0.1057811304926872 0.2250673025846481 0.1376927047967911 0.1578050255775452 0.1314872354269028 0.1631700992584229 0.1235904023051262 0 0.1532632261514664 0 0 0.563951849937439 0 5.752794913947582 0.3767846897244453 3.479028649628162 1.232585221529007 0.4700990617275238 0.1273259222507477 0 0 0 0 0 0 0 0 0 0 0 0.1653340309858322 0.1166689544916153 0 0 0 0 0 0 0 0 0.8538937717676163 0 0 0 0 0 0 0.2370520830154419 0 0 5.044654577970505 0.1353869885206223 0.1487105637788773 0 0.08549021929502487 0.1381078362464905 0 0 0 0 0.3116274774074554 0.1794140785932541 0 0 0 0 0 0.1008571088314056 0 0 0 13.01110778003931 4.226732827723026 1.709966368973255 96.13432204723358 2.577981814742088 106.4823628589511 14.93064831197262 1221.866299927235 10.0386698693037 0.3391698747873306 18.00982563197613 5.513165809214115 0 0.5766051039099693 0.3919148743152618 16.1225900053978 0 0 0 7.322307862341404 0.4953509271144867 180.2737889960408 1.960232570767403
3871.334985993803 1542.265612475574 1199.092027373612 2427.345912374556 982.8095338195562 242.9497513025999 2345.35968708992 753.9605110436678 1816.030222922564 2650.727015987039 1186.272174112499 140.7911840379238 2290.27640581876 1836.707501381636 46.19813470542431 10.69345366954803 4.50206083804369 0.6666839867830276 0 0.2274544686079025 1.32291667163372 0.2447705268859863 0.8168482631444931 0.1459789425134659 1.154362246394157 0.1772307008504868 0.7769394144415855 0.195389986038208 0.2987285330891609 0.3114055991172791 1460.989712670445 52.34183060377836 59.65544068068266 0.08988534659147263 0.385675884783268 1.404799804091454 12.02711963653564 3.751219488680363 0.8128314912319183 0.795644149184227 0.09558123350143433 0.1219856515526772 0.6678697168827057 1.06730941683054 0.3044984042644501 0.8522572591900826 202.5951962992549 10.6186346039176 1.518040284514427 0.8171959072351456 1.993718147277832 0.6052017658948898 0.4854898750782013 0.2350443229079247 30.2159496024251 34.29786166548729 142.6080139130354 366.241458363831 283.3178842514753 189.6341326385736 0.3667074143886566 2.771009989082813 0.6500664055347443 52.51613434404135 29.52540498226881 19.33506175130606 15.03207819163799 1.89119853079319 0.9108026623725891 1.28520992398262 10.22757630050182 1.827966719865799 0.2352512776851654 515.2457917109132 68.28570128232241 57.95087764412165 17.78946693986654 4.136721760034561 5.845336399972439 68.11415289342403 0.8491843566298485 6.126635387539864 89.02068688720465 0.08879187703132629 26.54693801701069 28.93278634548187 5.570591405034065 0.7413738965988159 4.49655769765377 0.9089569747447968 2.696704484522343 0.8080490007996559 1.687648631632328 1.771948128938675 0.2050957605242729 11.30839651823044 0 0 0 1334.303755111992 0 0 1.076736614108086 0 0.8763525485992432 14.88939861953259 9.647895701229572 6.702314436435699 5.834878906607628 12.47581858932972 0.825297124683857 16.12892230600119 20.11949693411589 21.07799980789423 5.434648603200912 0 0.2976814955472946 0 0 0 0 0 0 0 0 0.1374748200178146 0 0.4455074667930603 0 0 0.2878503352403641 0 0.4710084423422813 0 0 0 0 1.19518768787384 1.109931588172913 6.809599220752716 1.042694747447968 8.718673370778561 1.418012946844101 1.769604697823524 0.1342640668153763 0.1265924572944641 0.148087665438652 0 0 0 0.1086297929286957 0 0.1702226847410202 0 0 0 0.6142459735274315 0.686403289437294 0 0 0.5858956873416901 0 0 0 0 0 1.302203819155693 0 0 0.2164888754487038 0.3057806417346001 0.1308308094739914 0 0.1406266540288925 0 0.1331995874643326 8.360157392919064 0.4704631343483925 0 0.1090799197554588 0 0.2660274505615234 0 0.1345361173152924 0 0 0 0 0 0 0 0.2123934403061867 0 1.219224654138088 0.4305154979228973 0.304437518119812 0 13.29677755385637 9.299041271209717 4.505303390324116 824.1711094155908 19.01040882617235 1257.204520434141 64.92684281617403 2135.448893502355 97.37521198391914 0.907077856361866 212.6030182540417 7.745329640805721 0.4403630793094635 0.2558014988899231 0 15.67400106787682 0 0 0 47.04951105266809 2.909156233072281 241.3251049742103 4.501126453280449
797.2325109690428 1199.092027373612 1618.754734672606 74.22532492876053 255.6725336387753 8.175147771835327 173.147864818573 4336.066792719066 331.2041861563921 124.4715583249927 1874.169301398098 41.23734110593796 231.4030188769102 988.8193754032254 41.58937335759401 23.61221230775118 3.435009896755219 1.109035238623619 0.2301486134529114 0.725707471370697 3.847028136253357 0 1.787957198917866 0.9263694286346436 3.444605022668839 1.134175136685371 1.947301499545574 0.7643629163503647 1.333463713526726 0.2051235139369965 3641.976894311607 950.1352516412735 85.2555460780859 0.6477446705102921 2.894954353570938 2.103541351854801 18.13537780195475 4.945583805441856 0.5197569727897644 1.097579136490822 2.262609422206879 0.7102235704660416 1.335004203021526 3.087684273719788 0.6314309164881706 2.487606525421143 109.6226335018873 9.593352556228638 1.981517568230629 3.346180118620396 3.133907318115234 0.8346705436706543 0.2811181545257568 0.1793335527181625 13.88480180501938 25.2646916359663 127.2170831933618 918.2843625470996 229.0858153626323 105.4562918543816 6.697373241186142 12.74108722805977 3.348887130618095 236.820478014648 19.62731593847275 11.25551653653383 12.08519110828638 4.553395859897137 7.665620513260365 3.47723800688982 14.3018651008606 1.536956489086151 0.20991350710392 434.6917395964265 87.51068869978189 48.7106855660677 27.29517588764429 6.055478021502495 63.0029736161232 551.7176193892956 6.035076916217804 48.45532873272896 50.61113642156124 0.2349403500556946 18.37782466411591 22.62607949972153 6.591548539698124 1.200539335608482 4.938686184585094 3.190792538225651 2.41538268327713 0.584921270608902 8.770221583545208 2.481143154203892 1.251774974167347 6.00541552901268 0.2161489576101303 0 0.2102968543767929 571.1724768653512 0 0 0.9891957491636276 0.3965528011322021 0.3737960457801819 3.894626080989838 2.464331865310669 6.090414598584175 1.075008556246758 3.858965471386909 0.1636594533920288 3.479739665985107 10.55303690582514 15.01019842922688 4.871969111263752 0 0 0 0 0 0 0 0.1338398307561874 0 0 0.641470268368721 0 0.6404285579919815 0.1168318763375282 0.1239999681711197 0.3678715527057648 0.3019206970930099 0.7836005985736847 0 0 0 0 0.1953685581684113 0 5.664962746202946 2.286831751465797 4.72079236805439 2.856190614402294 2.994628749787807 0.2486464455723763 0.2393038421869278 0 0 0 0 0 0.3841311037540436 0.1245175153017044 0 0 0.4363968968391418 1.071649268269539 0.5807108730077744 0 0 0.5163745805621147 0.1616605147719383 0.1113614588975906 0 0 0.4068730175495148 1.251062244176865 0 0 0 0 0.2806319519877434 0 0 0 0.2172065153717995 7.769544079899788 1.07654220610857 0.1437367051839828 0.1062870770692825 0.242008812725544 0.3571840226650238 0 0 0 0 0 0 0 0.1216044351458549 0 0 0 0.5127870738506317 0 0.2115213125944138 0.09655945003032684 8.977873750030994 5.358658172190189 6.506328366696835 369.0274657458067 11.81949547678232 582.7175103649497 50.82872097194195 482.5451708137989 38.44893584400415 1.243720278143883 91.83685000985861 2.494296073913574 0 1.560363098978996 0.2261376082897186 1.844845563173294 0 0 0.7384564727544785 23.81992591917515 0.5864624977111816 105.1039496660233 2.639229401946068
1775.125422716141 2427.345912374556 74.22532492876053 633.0928905308247 382.5153702199459 496.1719037145376 2417.100649416447 4.156860247254372 127.8670936226845 3334.560945093632 19.89879651367664 137.7138460278511 951.3923482745886 298.5803540050983 2.004706412553787 0.6195605546236038 0 0 0 0 0 0 0 0.1863867342472076 0 0 0 0 0 0.1336991339921951 8.15647304058075 0.7206789255142212 0 0 0 0 0 0 0 0 0 0 0 0 0 0 11.4582906961441 1.014366559684277 0 0 0 0 0 0 5.572476863861084 5.623557545244694 39.74595844745636 64.16703205555677 53.39718736708164 15.31502608209848 0 0.4031577110290527 0 1.239052429795265 4.186606869101524 1.982253015041351 1.724427372217178 0 0 0.1030773892998695 1.350767612457275 0.5654973387718201 0 65.04128357023001 5.41497765481472 6.891465894877911 1.480265058577061 0.4205658212304115 0.1145584955811501 0.3239784240722656 0 0.6028833985328674 9.010951831936836 0 2.675812743604183 3.618937090039253 0.7284611314535141 0 0.5095511823892593 0 0 0 0 0 0 12.54924017190933 0 0 0 463.0418058857322 0.1866751909255981 0 0 0 0 17.06583513319492 7.448676332831383 0.5221157819032669 3.698888674378395 6.472094371914864 0 7.645286045968533 9.15807369351387 12.06958454847336 2.25213211774826 0 0 0 0 0 0 0 0 0 0 0 0 0.2601478695869446 0 0 0 0 0 0 0 0 0 0 0.1642299294471741 1.238589867949486 0 1.004995167255402 0 0 0 0 0 0 0 0 0 0.6247915029525757 0 0 0 0.3020921051502228 0 0 0 0 0 0 0 0.8926538825035095 0 0 0 0 0 0 0.1658935546875 0.1898357421159744 0 0 0 0 2.670752122998238 0 0 0.09756749123334885 0 0 0 0 0 0 0 0 0 0 0 0 0 0.1318370848894119 0 0 0 5.910436630249023 1.632950216531754 2.19232451915741 44.53725889325142 1.177967831492424 95.25796239823103 5.276128128170967 1115.328665286303 11.93910847604275 0 6.211388379335403 2.710953027009964 0 0.5459508895874023 0 4.897329330444336 0 0 0 24.79929226636887 4.086831018328667 123.0873694717884 1.504127696156502
227.3186321556568 982.8095338195562 255.6725336387753 382.5153702199459 1031.572840258479 20.76322150230408 4102.968325957656 239.1552743017673 5290.31935788691 1632.62593819201 1355.061927765608 51.56549859046936 1068.679193407297 2130.265463083982 15.52512320876122 1.768164411187172 0.3783916532993317 0 0 0 0.1635808348655701 0 0 0 0 0 0 0.3926477432250977 0.2335017919540405 0 42.5183314755559 6.483325488865376 7.261655747890472 0 0 0 2.076214522123337 0 0 0 0 0 0 0.3111976981163025 0 0 63.46858701109886 1.780941717326641 0.5042342096567154 0.2208463549613953 0.3282120153307915 0 0.1557417362928391 0.3788883686065674 3.277463063597679 2.923523053526878 8.919017530977726 23.89741767942905 24.7461789175868 38.5517737492919 0 0.1922277063131332 0.2796582877635956 13.6846090555191 3.952536262571812 1.878083869814873 1.938372440636158 0.5148019790649414 0.1133135631680489 0 1.471236228942871 0.6292780637741089 0 62.29157283902168 18.72767681628466 15.77961015701294 8.016087777912617 1.495746850967407 1.620240598917007 4.437960803508759 0.3892843127250671 0.3419039249420166 12.71763928979635 0 3.449209921061993 2.907428413629532 0.7656048461794853 0 0.6431374251842499 0 0.0936354398727417 0 0.1844756901264191 0 0 3.187541589140892 0 0 0 26.0118375197053 0 0 0 0 0 4.44540236890316 2.61401179432869 7.263537719845772 2.056668788194656 6.769753620028496 0.1423919647932053 10.45658949017525 9.165875181555748 11.88069629669189 3.275556147098541 0 0 0 0 0 0 0 0.1630878895521164 0 0 0 0 0 0 0.1337572336196899 0 0 0 0 0 0 0 0 0 2.746834695339203 0 6.684525027871132 0 0 0.1451322585344315 0.1261380016803741 0 0 0 0 0 0 0 0 0 0.1464882344007492 0 0 0 0 0 0 0 0 0 0 0 0 0 0 0 0 0 0 0 0 7.29689334332943 0 0 0 0 0 0 0.8354037404060364 0 0 0 0 0 0 0 0 0 0 0 0 0 8.834070086479187 2.219878077507019 1.604696005582809 376.3320174664259 3.749994225800037 349.7688090056181 20.99548980593681 174.9031410291791 23.2999819368124 0.8047554343938828 116.8687754124403 2.028956949710846 0 0.2186937630176544 0.3511799275875092 5.559646397829056 0 2.016000986099243 0 25.65164512395859 2.009346723556519 30.33125369995832 1.61935630440712
56.96662670373917 242.9497513025999 8.175147771835327 496.1719037145376 20.76322150230408 9.480226710438728 75.65551384538412 1.301314473152161 7.141807854175568 2659.08527328074 2.184091225266457 503.9805347919464 220.8269194066525 38.5185399055481 0.2192499563097954 0 0 0 0 0 0 1.027023479342461 0 0 0 0 0 0 0 0 1.552596643567085 0 2.593634203076363 0 0 0 3.894844621419907 0 0.48525071144104 0 0 0 0 0 0 0 0.7786676064133644 0 0 0 0 0.5651492178440094 0.1369880437850952 0 0.1820058524608612 0.288138747215271 65.37836319208145 1.080704845488071 13.65479781478643 0.09962716698646545 0 0.1478625386953354 0 0 0 0 0.1222718954086304 0 0 0 39.062396094203 24.68883243948221 4.643352150917053 0.9572795480489731 0 0.1150725409388542 0 0 0 0 0 0 0 0.4728201851248741 0 0.4189726114273071 0.3495082259178162 2.253383234143257 2.011586375534534 1.37811204046011 0 0.1303498446941376 0 0 0 152.1974048316479 37.43831111490726 2.434460639953613 5.224016919732094 117.8377594202757 0.3381620049476624 24.03584930300713 0.6348033249378204 2.472857415676117 1.06839656829834 7.61446550488472 56.51001080870628 4.255078509449959 7.550460875034332 24.46857534348965 0 13.59764949977398 23.38296380639076 17.47502258419991 2.499844819307327 0 0 0 0 0 0 0.124405212700367 0 0 0 0 0 0 0 0 0 0 0 0 0 0 0 0 0 2.622651040554047 0.3265695571899414 4.976956754922867 0 0.6111182570457458 0 0 0 0 0 0 0 0 0 0 0 0 0 0 0 0 0 0 0.4138614237308502 1.510451316833496 0 0 0 0 0 0 0 0 0 0 0 0 6.689250029623508 0.3459239304065704 0 0 0 2.259931027889252 0 0 0 0 0 0 0 0 0 0 0 0 0 0 0.1090323403477669 20.15116222202778 1.335458919405937 0.3363253995776176 14.42791782319546 0 2.386555917561054 0.3113377094268799 186.3407117128372 3.957659132778645 0 4.245402276515961 21.95816631615162 0 0.1281967014074326 0 62.83293700218201 0 0 0 1.280635476112366 0 205.0969072654843 12.97725489735603
306.2361261844635 2345.35968708992 173.147864818573 2417.100649416447 4102.968325957656 75.65551384538412 764.4063244760036 14.17789401113987 1476.347679451108 3831.292529210448 129.7482932507992 152.3337390124798 2007.250380247831 1369.958237409592 12.03922495990992 3.84077724814415 0.9998100697994232 0.1110534593462944 0 0 0 0 0 0 0 0.2083565294742584 0 0.1972020715475082 0 0 11.92138388752937 2.512713141739368 2.542306333780289 0 0 0 1.263208478689194 0 0.1506190747022629 0 0 0 0 0.3313109278678894 0 0 42.93725057691336 1.204957693815231 0.6005294024944305 0 0.4586491584777832 0 0 0 2.068440943956375 2.99559323489666 7.00652789324522 15.39052454382181 15.95703653991222 20.0796800032258 0.3309250175952911 0 0.1983466148376465 10.1828845590353 2.114070244133472 1.384449362754822 0.9047542661428452 0.1699893921613693 0 0 7.648516178131104 0 0 43.9268543869257 9.307586379349232 11.46570604294538 2.728202372789383 0.9341893047094345 0.3286190181970596 0.4131491333246231 0.1337477117776871 0.6266078948974609 8.186832137405872 0 2.66068721562624 1.62740582972765 0.7040553987026215 0 0.4186920151114464 0.08670999854803085 0.3825406953692436 0 0.1981369629502296 0 0.1822102218866348 21.42881755530834 0.367040604352951 0 0.1367092430591583 28.57124687731266 0.9017102494835854 3.164688237011433 18.7819467484951 11.9587322473526 0 14.01099365949631 23.93200236558914 9.37738274037838 36.75361381471157 32.79650364816189 0.2243653237819672 58.40519513189793 42.09267525374889 36.20399568974972 9.284761890769005 0 0 0 0 0.1134955435991287 0 0 0 0 0 0 0 0 0 0 0 0 0 0 0 0 0 0 0 5.346673175692558 0 6.86586882174015 1.099232971668243 0 0 0 0 0.1088290065526962 0 0 0 0.9263490214943886 1.64283087849617 0.5678836330771446 0.1760045886039734 0 0 0 0.4740438908338547 0.3304093182086945 0 2.963297329843044 0.7603001892566681 0.3455892354249954 0 0 1.953325092792511 0.3264414370059967 0.1244785413146019 0.6364648789167404 0 0 0 0 0 0 13.03189633786678 0 0 0 0 0.447907030582428 0 0.1650770902633667 5.700187228620052 0.496603436768055 2.628130942583084 0.1390912085771561 0.2673366516828537 0.1086288914084435 0 0 0 0.1741708666086197 0 0 0.1002840995788574 26.41905649006367 3.861638732254505 0.8423250764608383 295.8960104137659 2.310324907302856 221.9642977043986 18.38167932629585 201.2819813713431 14.0604735314846 0.8766964972019196 94.84647153317928 5.017600789666176 0 6.240916706621647 0.7519083321094513 15.79465875774622 0.2878949791193008 0 0 16.79594028741121 0.4827376008033752 60.21354163438082 7.944125428795815
311.4903608933091 753.9605110436678 4336.066792719066 4.156860247254372 239.1552743017673 1.301314473152161 14.17789401113987 966.2946306839585 186.6411804109812 22.96203117072582 2466.341153562069 21.19564728438854 124.821939483285 1367.470697872341 137.8399782180786 67.01463942229748 8.287300586700439 1.618280634284019 0.9542862996459007 7.587435767054558 28.07405941933393 1.216391086578369 15.56971140950918 6.183973573148251 14.26803651452065 2.344901837408543 5.420339561998844 0.9851548373699188 2.003715768456459 1.047362059354782 2175.901036977768 1044.784030973911 102.6851694434881 5.917054645717144 13.62293360382318 10.4964212179184 27.65995267033577 14.5991824939847 2.084318116307259 3.420363992452621 7.835301637649536 3.811977095901966 9.120356574654579 8.353381432592869 2.616642348468304 22.48759777843952 223.4562613293529 10.59008195996284 4.454115875065327 12.08633274585009 12.52908100932837 2.184981435537338 0.6489161401987076 1.43398579955101 13.79567170888186 20.20513324439526 88.87573268264532 452.9195616096258 173.0596774145961 155.0612423866987 48.85967998206615 120.7924109697342 21.01515444368124 471.5641068965197 17.3007273003459 15.75406555831432 20.55762722343206 14.35130508989096 38.21548519283533 33.03342393785715 16.41800883412361 1.403471991419792 0.347316712141037 426.6097791716456 139.966906838119 105.0109056085348 84.89359926432371 27.62552083283663 961.7823162525892 1154.152012638748 33.40429256856441 954.6002854257822 50.38594762980938 0 18.09719169139862 25.06101278215647 10.9454515427351 1.020936101675034 6.057913035154343 0.8452546894550323 7.437116213142872 2.688029013574123 48.1826141923666 13.42378298938274 3.038581848144531 2.676202893257141 0.1755330413579941 0.8230969309806824 0.8606299310922623 275.1282435059547 0 0.4291930645704269 0 0 0.7397233247756958 1.086504653096199 0.2250484079122543 1.649675592780113 0.8598042726516724 2.697450831532478 0.2512091994285583 1.535826608538628 5.094221144914627 5.670137405395508 2.540600642561913 0 0 0 0 0 0 0.30326197296381 0.4355132058262825 0 0.09647572785615921 1.485684312880039 0 0.4775654524564743 0.1383778154850006 0 3.127683497965336 0.5155993402004242 2.30415204167366 0 0 0 0 2.349591985344887 0.2737545967102051 5.723245806992054 2.572210632264614 10.46673130244017 1.829931892454624 4.579224862158298 0.8390271663665771 0.8972589150071144 0.09168752282857895 0 0 0 0.4609836116433144 0 0.1237398386001587 0 0 0.7539615631103516 1.726846344769001 2.662540644407272 0 0.3933403193950653 0.2210087850689888 0 0 0 0 0.2090840041637421 0.3359793424606323 0 0 0.3198796212673187 0.2970486134290695 0.1955964863300323 0.2668582275509834 0.2193410620093346 0 0.4741696566343307 5.321503490209579 0.5604615807533264 0.2742661461234093 0.2569867223501205 0.1783278286457062 0 0 0.1404421180486679 0 0 0 0 0 0.1254490613937378 0.09615640342235565 0.331951230764389 0.1987695395946503 0.7440707236528397 0.9775515422224998 0.8479711040854454 0.1264096647500992 5.426278173923492 7.163023836910725 6.311261676251888 650.8654594346881 26.19870061427355 878.659087471664 123.9891224056482 251.2689189761877 47.65530742704868 2.589793309569359 161.2654358744621 4.50261627882719 0.1131090372800827 0.1443809419870377 0.3668891936540604 2.60970401763916 0.6805478930473328 0 0 54.9962742626667 6.876670345664024 72.68168821930885 2.209182538092136
17.04737377166748 1816.030222922564 331.2041861563921 127.8670936226845 5290.31935788691 7.141807854175568 1476.347679451108 186.6411804109812 978.308464884758 360.4236520379782 1150.232123270631 53.65792106091976 904.2522444427013 1271.427688509226 18.99053847789764 4.859829604625702 0.1353936940431595 0.505892276763916 0 0 0.5107871145009995 0 0 0.206978365778923 0.1322262734174728 0 0 0 0 0 10.41145546734333 4.070070758461952 14.10007366538048 0.1435294449329376 0 0.3044252842664719 0.4084170013666153 0 0 0 0 0 0.1816136240959167 0.4297129660844803 0 0.1840336173772812 38.27733287960291 0.7654887288808823 0 0.1310147047042847 0.2603761255741119 0 0 0 0.5483628213405609 0.7852925807237625 1.501508809626102 5.766942329704762 6.609965391457081 19.05285771936178 0.1686443686485291 0.4065603613853455 0 6.179226458072662 1.203671060502529 0.4439318403601646 0.3117818608880043 0.1056996807456017 0.430153451859951 0.1388643831014633 6.806445971131325 0.1972032785415649 0 20.50766102969646 7.002660535275936 13.48986645787954 6.976745799183846 2.536811619997025 1.138089403510094 2.015344902873039 0.2142253071069717 3.687522679567337 4.502093560993671 0 1.186452373862267 0.8744546696543694 0.5931452140212059 0 0.440454363822937 0 0.2208586931228638 0 0.5323113948106766 0.1078362986445427 0 11.39414411783218 0.7500157952308655 0 0 2.593115329742432 0 6.162987381219864 0.6555576622486115 0.1471380591392517 1.666144251823425 8.364990964531898 14.63648261129856 13.11909057199955 7.497417390346527 24.61381809413433 0 24.67617197334766 33.10483612120152 39.93883641064167 16.43191136419773 0 0 0 0 0 0 0 0 0 0 0 0 0.3556517660617828 0 0 0 0 0 0 0 0 0 0 0 9.356780037283897 0 8.088210254907608 0.2018215358257294 1.10390430688858 0 0 0 0 0 0 0 0.9793546795845032 0.5736869722604752 0 0 0 0 0 0 0 0 0 0 0 0 0 3.038628280162811 0 0 0 0 0 0 0 0 0 18.07678017765284 0.2196567803621292 0.2525136768817902 0 0 1.334113985300064 0 1.081064224243164 0.7184673547744751 0 0.645185649394989 0 0 0 0 0 0 0 0 0 0 30.1836082264781 8.97929710149765 3.279888823628426 259.6058492958546 3.033346138894558 168.5994896143675 23.70930999517441 72.83128924667835 15.06398886442184 0.6665107607841492 75.16321991384029 7.783324509859085 0 0.7012399137020111 0 9.289139449596405 0.4775969386100769 0 0 18.81122705340385 1.415679812431335 25.67071320861578 8.312292367219925
2271.320440262556 2650.727015987039 124.4715583249927 3334.560945093632 1632.62593819201 2659.08527328074 3831.292529210448 22.96203117072582 360.4236520379782 2770.821502745152 90.7357224971056 2305.345286503434 7429.891532957554 750.8681763410568 27.0237000733614 5.796891197562218 0.6707607954740524 0 0 0.1321338713169098 0.3609877079725266 0.4647629261016846 0 0.2721118927001953 0 0 0 0 0 0.2308217883110046 8.37067212164402 2.73573511838913 55.78472329676151 0 0 0.1853740364313126 8.874984443187714 0 2.54149979352951 0 0 0 0 1.124150440096855 0 0.6619026511907578 52.71933329850435 2.186871685087681 0.2674424722790718 0 0.351025179028511 0 0 0 3.491486944258213 5.412769310176373 34.46377991139889 44.01757830381393 46.42120184004307 32.48658312857151 0 0.1026669144630432 0 7.213510766625404 5.208813846111298 2.337685585021973 2.840844698250294 0.2314139008522034 0.1300771683454514 0 70.42783273756504 0.1440255343914032 0 77.65309719741344 10.43716401606798 14.38745074719191 7.702680259943008 1.267858281731606 0.4391015693545341 2.632590726017952 0.3639905899763107 2.343976803123951 12.76358917355537 0 4.236659623682499 3.867321856319904 1.096351265907288 0 0.1104514971375465 0 0.3084971532225609 0 0 0 0 247.3000439107418 5.394307777285576 0 0.4915410578250885 715.7691528201103 4.560796722769737 56.54357755184174 38.26173542439938 54.06610046327114 2.539622902870178 117.2178817391396 277.4608967155218 94.55125886201859 107.6576028168201 216.1360684633255 1.290313631296158 222.6139727905393 408.6920387372375 336.7048200294375 86.10047537833452 0.7442054077982903 1.144629493355751 0 0 0 0 0 0 0 0 0 0.1580801457166672 0 0.660619705915451 0 0.689300537109375 0.1104587018489838 0.1582826226949692 0 0.1559496074914932 0 0 1.097209453582764 0 43.08993404358625 2.618995383381844 46.60433103144169 3.218863785266876 6.593531295657158 0.3423989117145538 0.1312995254993439 0 0 0 0 0 1.371946766972542 4.013782426714897 0.1469756364822388 0 0 0 0 0 0.5793263018131256 0 1.10742375254631 0.3441308736801147 5.324978947639465 0.1419293582439423 0 19.53362189233303 0.3734282553195953 0.6356675326824188 0 0 0 0 0 0 0 95.39926162362099 1.156106263399124 0 0.109896793961525 0.1874194443225861 6.331894740462303 0 0.7151469886302948 1.583400823175907 0.8870840668678284 2.217875957489014 0.1434457898139954 0 0 0 0 0 0.1135183498263359 0.2904154807329178 0 0 235.6904205977917 46.44072134047747 24.23674085736275 580.8352429419756 4.143501795828342 305.6558689326048 31.32118709385395 2337.222636461258 34.64081207662821 0.8982512578368187 169.2700379639864 77.24042032659054 0.1659158766269684 5.556822031736374 0.2740315049886703 252.0604619383812 0.1645857840776443 9.619647026062012 0 26.63154129683971 4.007630169391632 1320.203433252871 109.4731858372688
214.4013585448265 1186.272174112499 1874.169301398098 19.89879651367664 1355.061927765608 2.184091225266457 129.7482932507992 2466.341153562069 1150.232123270631 90.7357224971056 4209.501981526613 171.3390102982521 1287.185161471367 3928.617065340281 63.70803245157003 35.14423416554928 6.460217244923115 1.235261172056198 0.3238100707530975 0.5065244287252426 3.942334674298763 3.83616977930069 3.92873802781105 1.434377521276474 13.71702180802822 1.063434928655624 6.06328023225069 1.390275657176971 4.955044388771057 1.094457775354385 321.6365461051464 79.94482316076756 889.8286126852036 0.7504471242427826 3.502153292298317 10.72445374727249 137.1216209977865 39.30129887163639 6.109285295009613 4.954586148262024 4.541244775056839 2.214108534157276 1.341005362570286 6.852035254240036 0 2.493367657065392 95.72040197998285 2.105002701282501 0.5666305348277092 0.9848583191633224 2.701473288238049 2.126112006604671 2.624027267098427 1.197906792163849 1.826638489961624 3.294241659343243 13.51267920434475 49.69501537084579 31.97641041874886 50.00592269748449 3.461548700928688 61.39068926125765 2.110999450087547 30.05737709254026 5.192547358572483 3.527522705495358 4.553379952907562 3.904313363134861 6.723199106752872 5.232768207788467 97.93795615434647 5.655529513955116 0.6276658624410629 86.14018106460571 24.52207917720079 36.41359690576792 18.40241666138172 10.8653097525239 89.11225107312202 855.7843894809484 0.6654199659824371 75.07521437108517 10.04787755012512 0.4160706251859665 4.893254995346069 6.885234601795673 2.716184869408607 3.025249741971493 3.597890630364418 4.748927667737007 3.471887856721878 3.849175542593002 13.26177651435137 6.275671146810055 1.454237565398216 14.28245298564434 1.56503738462925 0.5312922596931458 2.440829932689667 65.47588490694761 0.5315737128257751 1.801402509212494 0 0.3490290641784668 0.1278071999549866 7.437237992882729 8.8885737657547 8.082491025328636 3.945062339305878 12.48314605653286 0.5157042965292931 16.19694773852825 24.15065187215805 23.89276836067438 11.27386438846588 0 0.5646102875471115 0 0.1616056263446808 0.1533614695072174 0 0 0.157142773270607 0.4432026445865631 0.3746036365628242 1.775108128786087 0 1.496121823787689 0.5887432098388672 0 1.627225235104561 0.9091400429606438 1.747079029679298 0 0 0 0 0.9837939739227295 0 13.41214299201965 3.041638635098934 18.7997777312994 8.950233437120914 8.228355124592781 2.169415429234505 0.8488902524113655 0.1541341990232468 0 0 0.1115944981575012 0 0.3021839261054993 0.3276030868291855 0.3187613785266876 0 0.8027800917625427 1.974732935428619 3.313981778919697 0 0 0 0.2426340281963348 0.11881984770298 0.1613009572029114 0 0.6524375677108765 2.32103319466114 0 0 0.2661689817905426 0.1026277989149094 0 0 0 0.1497213095426559 0.5183191448450089 21.38620907068253 2.286313883960247 0.1659683734178543 0 0.8648457378149033 1.412000507116318 0 1.621848493814468 0.6370561122894287 0.2999798059463501 0 0 0 0 0 0 0 0 0 0.1083176136016846 0.1549842804670334 21.95209168642759 19.47771774977446 16.5265650972724 587.4329622834921 14.53698600828648 387.8068201690912 84.67466411739588 127.3021941334009 26.79452831298113 0.56845623254776 138.9886160120368 8.235909536480904 0.2758857905864716 0.798201248049736 0.2188020199537277 8.000704675912857 0 0 2.716126680374146 47.1341595351696 5.44406969845295 30.2232807725668 7.921896070241928
66.67744594812393 140.7911840379238 41.23734110593796 137.7138460278511 51.56549859046936 503.9805347919464 152.3337390124798 21.19564728438854 53.65792106091976 2305.345286503434 171.3390102982521 215.4472950100899 1234.908365398645 278.866277128458 19.41351555287838 11.01324116438627 0.7777606099843979 0 0.3951389491558075 1.296686977148056 0.2917402982711792 9.001258954405785 0.4370889812707901 0.5490402579307556 3.530449390411377 0.1985782384872437 0.2656150162220001 3.008794188499451 13.11627831310034 0.920306533575058 2.362932369112968 0 123.9118053168058 0.1735094487667084 0 0.8111373037099838 189.583644002676 22.95268024504185 10.98114866018295 4.355291679501534 1.185892149806023 0.630907341837883 0.1520699560642242 1.151659160852432 0.5235858038067818 0.226304292678833 17.73951346427202 0.4779981076717377 0.1901014596223831 1.131096631288528 0.1621882170438766 5.781543083488941 16.7926511913538 2.911854431033134 0.5371930003166199 0.8543467968702316 0.7277776896953583 1.405249565839767 2.527038015425205 4.266740262508392 0.6086150407791138 16.91541051864624 0.160589724779129 0.3468401581048965 0.5595586821436882 0.2265159636735916 1.177691712975502 0.2071430757641792 0 0.7519127130508423 194.8493655025959 32.87417528033257 5.034513130784035 9.240287013351917 1.577545389533043 4.736987210810184 2.331643469631672 3.470966055989265 0.3023745119571686 26.39424201846123 0.112200565636158 0.8792487382888794 1.52891680598259 1.586319789290428 0.3809231966733932 2.476005710661411 0.2985620647668839 4.325903542339802 5.555235840380192 5.889605827629566 2.307046830654144 4.415127813816071 0.7650487124919891 1.478921681642532 0.7754268497228622 869.7095758616924 24.04711597412825 5.178245648741722 14.15601782500744 49.16911055147648 1.743565827608109 17.03004340827465 9.106814995408058 7.268933318555355 3.515705637633801 64.32024133205414 116.4968293607235 55.88913303613663 50.44517663866282 143.0804552137852 3.4731225669384 150.0249418318272 258.9856892079115 213.1811584457755 54.60013271123171 1.098574541509151 0.4039076566696167 0 0.9888137131929398 0.1220884248614311 0.1428928375244141 0 0.4439949095249176 0 0.1568192839622498 1.692293584346771 0.3423580527305603 3.369862206280231 0.2849261611700058 0.5950044691562653 2.362873815000057 1.951603166759014 2.804098308086395 0.7042937204241753 0 0.6967420279979706 0.117483876645565 4.348344013094902 0.8796153962612152 40.96781823784113 10.48626688122749 51.95146143436432 12.89831966906786 13.12801048159599 1.568697869777679 0.5660373270511627 0.1764470934867859 0 0 0.9720487296581268 0.4665959179401398 0.4823906421661377 0.6840501204133034 0 0.5181607007980347 0.9645955562591553 3.97778632491827 2.033846631646156 0 0 0 0.7668779790401459 0.08956483006477356 0.4179781675338745 0.2363809049129486 2.290002703666687 6.790302403271198 0.1138262078166008 0 0.09694600105285645 0 0 0 0 0 0 86.42498476803303 7.19184684753418 0.5398250296711922 0.4514774009585381 0.5405240505933762 4.481922119855881 0 1.930428326129913 0.5868740156292915 0.459169864654541 1.544596076011658 0 0.5350846648216248 0.268609881401062 0 0 0 0.3492065742611885 0 0.6918407008051872 0.1570277959108353 195.690596781671 62.83334776759148 34.97737114131451 264.1429141759872 9.555397003889084 78.57123298197985 30.51452552527189 372.0425064116716 3.926972791552544 0.3107661306858063 36.69615852832794 32.41701222956181 0 4.685454182326794 1.309109762310982 62.78055849671364 0 0 0 16.49983986467123 3.365723550319672 697.3503808304667 81.49132104218006
156.2642231732607 2290.27640581876 231.4030188769102 951.3923482745886 1068.679193407297 220.8269194066525 2007.250380247831 124.821939483285 904.2522444427013 7429.891532957554 1287.185161471367 1234.908365398645 1914.335108011961 3985.518331035972 57.14179928600788 31.99207570403814 2.956809192895889 0.8538559228181839 0 2.689642369747162 1.168433591723442 9.094405800104141 0.2102456539869308 0.5177470743656158 4.886628106236458 1.639851972460747 1.526761263608932 3.35122175514698 18.82180866599083 1.939531415700912 11.06229209899902 4.913464918732643 617.0997070372105 0 0.1709676533937454 2.666013449430466 286.6167330667377 280.8003198802471 27.82505097985268 8.227209329605103 1.21913081407547 0.9400716871023178 0.9320797175168991 3.21966664493084 0.1677796393632889 0.1136204674839973 69.24550179392099 1.46282709389925 0.9729870706796646 0.6513145789504051 1.215346962213516 7.814153157174587 28.54880564659834 6.207651302218437 1.288156636059284 2.621705882251263 4.203735627233982 8.222641080617905 11.85316620767117 27.2419588342309 0 121.7753053754568 0.8630445748567581 5.939351506531239 1.977575056254864 1.607788093388081 2.318340986967087 0.9054068326950073 1.483590789139271 0.2047052830457687 367.6782730817795 26.02290192246437 1.380726963281631 33.76474166661501 7.461031995713711 18.04191070795059 7.870347328484058 6.43673200160265 1.619045078754425 73.18435201048851 0.2725280523300171 6.998610317707062 6.270741373300552 0.302884578704834 1.749908916652203 4.901708662509918 1.094760157167912 3.884913332760334 6.063437804579735 5.794384956359863 2.465528145432472 3.804290682077408 2.814453043043613 1.800263747572899 2.803904950618744 1233.370831772685 4.904233656823635 1.559382051229477 7.136911541223526 26.2552150413394 2.14988711476326 15.6784009039402 18.8638788163662 7.7221285328269 4.754101507365704 85.59169977158308 152.550004273653 80.62385261803865 91.27571275830269 179.3673160076141 3.01728492975235 200.1508257389069 343.6516090780497 307.3565501272678 78.25117163360119 1.308197766542435 0.228149525821209 0 0.1034018844366074 0.1347183734178543 0 0 0.7321395576000214 0.154316321015358 0.776415079832077 2.770936235785484 0.9184145480394363 2.327695272862911 1.142559573054314 1.334294483065605 4.414699755609035 2.999210000038147 3.764945633709431 0.5226633995771408 0.7063395157456398 0 0.1338863968849182 4.005717799067497 1.144518062472343 61.68910217285156 11.48151326924562 64.86996873468161 19.93221053481102 15.87145109474659 1.383779883384705 0.7109384983778 0 0 0 0.4021576270461082 0.1652909070253372 2.056088708341122 2.869707137346268 0 0.1642654836177826 1.445432804524899 6.991799615323544 3.894533134996891 0 0 0 1.211754277348518 1.066223293542862 2.042128369212151 0 2.0762959420681 16.44297754764557 0.8857454359531403 0 0 0.2201888859272003 0 0 0 0 0.4528435319662094 122.9860966950655 9.605991594493389 0.9738808870315552 0.3388544917106628 1.399865761399269 9.19644969701767 0 0.3624736368656158 2.091087237000465 0.4079903140664101 1.851028561592102 0.6215177178382874 0.4578374177217484 0.1011552810668945 0.1016391515731812 0.1415155231952667 0.4836895316839218 0 0 0.6030212640762329 0 282.2834070920944 83.42991533875465 46.72832313925028 671.7380299866199 7.626808322966099 283.6967330276966 77.72849442064762 382.658749230206 21.2356074899435 0.820377990603447 137.0741842016578 49.48744344711304 0.6062518432736397 10.32799099385738 1.368020415306091 95.36395651102066 0.5418251752853394 3.437777161598206 0.1799367666244507 40.00736754387617 3.479263156652451 621.0494611412287 94.10189387202263
