50.800049059093 1687.808141127229 815.8662889450788 1369.178337529302 31.14231869578362 31.62582762539387 498.3419052809477 8.733578652143478 4.060797572135925 1546.354776665568 72.17864526808262 304.357188090682 326.2252610623837 59.35132713615894 1.264003977179527 1.328012853860855 0 0 0 0 0 0.177428349852562 0 0.662355475127697 0.2657963410019875 0 0.27078577876091 0 0.1353652626276016 0 875.9353726059198 4.861939817667007 6.145070545375347 0 0.4943622648715973 0.3012596592307091 0.5452879965305328 0 0.2567131295800209 0.1363047063350677 0 0.1160472109913826 0 0.3437016680836678 0 0.2442995384335518 17.40347216278315 2.152123853564262 0.2778152525424957 0 0.270348995923996 0.3367256224155426 0 0 1.633800841867924 1.485168471932411 130.8805426731706 675.7620211392641 69.73171399906278 13.26580560207367 0.08604878187179565 0.5008315593004227 0.2468029111623764 17.45641124248505 2.243349269032478 1.14623349905014 1.356669403612614 0 0.1149767264723778 0.1629727482795715 3.550477117300034 0 0.1054152846336365 182.5303759761155 18.53829680383205 7.813986599445343 2.280658453702927 0.4858031719923019 0.1941411644220352 13.89016503840685 0 0.2788679599761963 15.01238354295492 0 1.21591941267252 1.820406831800938 0.3486398383975029 0.09082937985658646 0.4228127375245094 0 0.3400870338082314 0 0 0 0 11.12538865953684 1.73568058013916 0 0 735.938082575798 0 0 0 0.6739412546157837 0 0 0 0.2495614886283875 0 0.1241536810994148 0 1.098863273859024 0 0.1323659271001816 0 0 0 0 0 0 0 0 0 0 0 0 0 0 0 0 0 0 0 0 0 0 0 0 0 0 0 0.5382245853543282 0 0 0 0 0 0 0 0 0 0 0 0 0 0 0.2218291908502579 0 0 0 0 0 0 0 0 0 0 0 0 0 0 0 0 0 0 0 0 0 0 0 0 0.581000804901123 0 0 0 0 0 0 0 0 0 0 0 0 0 0 0 0.3175210058689117 0.2645156234502792 0.6264282092452049 27.96522750705481 2.743248641490936 81.50367707759142 11.09242564439774 450.8885591775179 19.95467121899128 0 1.802665017545223 1.46238661557436 0 0 0 0.5977396368980408 0 0 0 0.4921499788761139 0 199.5857424214482 0
1687.808141127229 1687.006815068424 1202.751983255148 719.6042564362288 1404.753867901862 38.51488918066025 2326.839834079146 28.64236810058355 1750.828324854374 923.1130938231945 1731.248927041888 18.83547323942184 685.3108764737844 1497.62096850574 21.55268386006355 6.97139984369278 0.546711340546608 0.4237179458141327 0 0.3387399688363075 0 0 0.4678547009825706 0.1663065254688263 0.1432290375232697 0 0.3809114769101143 0 0.2117088735103607 0.1368768662214279 1568.954169429839 27.3691176995635 21.67152853310108 0.361674539744854 0.9536907523870468 0.912278950214386 5.936293505132198 0.8746067062020302 2.666979752480984 0 0 0.1364560276269913 0 1.515753455460072 0.6611128374934196 0 211.7135915383697 4.89177793264389 0.2631058096885681 0.1474859714508057 0.9439600482583046 0 0 0 4.221114031970501 3.333917066454887 126.489840336144 315.6329264864326 131.5896567590535 84.37958612293005 0.4434730783104897 4.381857067346573 0.21914242208004 47.64817471802235 6.607950136065483 3.927082404494286 1.924854405224323 0.6989462971687317 0.2347455769777298 0 15.66125756502151 0.2448262721300125 0.1031166687607765 341.5625926628709 91.88420825451612 93.0165744125843 53.52654284983873 6.622499160468578 2.029508620500565 42.2226203456521 0.3429519832134247 3.966325744986534 52.22272294014692 0 3.072930634021759 5.219267338514328 2.641472429037094 0.1223963499069214 1.937923356890678 0 0.4373419210314751 0.345698781311512 1.785297736525536 0 0.1271451115608215 22.56301891803741 4.464458718895912 0 2.85942468047142 518.6284192278981 0 0 0.9309216737747192 0.642143189907074 1.375827491283417 3.06231501698494 2.937849104404449 2.591091632843018 2.108880743384361 2.659952163696289 1.215979695320129 2.831032872200012 7.836351484060287 3.923974931240082 1.204583436250687 0 0 0 0 0 0 0 0 0 0 0 0 0.1143785417079926 0 0 0 0 0 0 0 0.5647170543670654 0 0 0 0 1.061119079589844 3.194183811545372 2.143603593111038 0 0 0 0 0 0 0 0 0 0 0 0 0 0 0 0 0 0 0 0 0 0 0.6727855801582336 2.847374320030212 0 0 0 0 0 0 0 0 0 1.026319943368435 0 0 0 0 1.309943735599518 0.5773892402648926 0 0.2783656716346741 0.2859685719013214 0 0 0 0 0 0 0 0.4346384108066559 0 0 0 1.176733732223511 0.1196968406438828 3.405497059226036 197.6520280689001 12.95780066400766 618.0550004020333 107.2931772843003 542.6574123948812 126.8323095142841 1.805181674659252 41.28140709549189 10.74227252602577 0.6578078120946884 0.3334288001060486 2.044952772557735 2.554353058338165 0 0 0.6068693846464157 10.8715194016695 3.055929481983185 356.5004149004817 3.524764955043793
815.8662889450788 1202.751983255148 708.0055439770222 36.17981936782598 531.8928562030196 2.74750480055809 59.56409039348364 1102.869588986039 635.942988216877 6.408856883645058 4826.534268967807 1.776880338788033 8.482029564678669 1890.280579119921 33.56129283457994 28.10981848835945 2.237884774804115 0.6488261818885803 0.5864981934428215 1.158623211085796 1.485703259706497 2.234791189432144 18.27333222329617 8.46889091283083 14.28189277648926 0.2618027925491333 6.774874433875084 0 0.9553360864520073 1.998961359262466 3823.106314457953 619.0757713392377 235.9778427481651 9.218425609171391 30.11233751475811 18.69266877323389 12.19143579900265 14.12862142920494 13.74813065677881 5.585928127169609 0.4423043131828308 0.7945838421583176 2.341616667807102 2.63459924608469 1.332358852028847 2.256909847259521 105.400505207479 2.053435452282429 0.7415947765111923 3.176811374723911 1.243379533290863 6.274576008319855 2.12211661785841 0.9357771873474121 1.117682732641697 1.403271116316319 68.67018737643957 206.3283752053976 50.91793210804462 33.72970744222403 8.71063007414341 91.82279415428638 2.568198941648006 64.08360463380814 1.713612496852875 1.386242337524891 0.9771433398127556 0.6032586172223091 8.240470081567764 4.093610167503357 7.292197436094284 3.11765792965889 0.2655712589621544 157.160160087049 79.33171680569649 74.99319801479578 40.52607883512974 17.30973547697067 22.38618361204863 1049.231413699687 1.33542662858963 177.1203381791711 17.76610169559717 0 1.91274381428957 2.50284131616354 2.069363221526146 0.1276451945304871 0.8198866099119186 0 0.6182892993092537 0.3423969149589539 11.27377136051655 0.9384383708238602 0.6977674067020416 7.915453359484673 3.654518693685532 1.038256883621216 4.344993382692337 290.3363921195269 0 0.4353864118456841 1.762830376625061 0.7505524158477783 0.7223434448242188 1.058380126953125 0.3210249692201614 0.7690519690513611 0.9838418364524841 0.1808540821075439 0.51185242831707 0.800933375954628 2.253756761550903 1.0687435567379 0.3868448138237 0.6197834089398384 0.434540718793869 0 0.1025416702032089 0 0 0.2221162915229797 0 0.548973523080349 0.8160814642906189 0 0 0.7049613147974014 0 0 0 0.6474701538681984 0 0.1118335276842117 2.833003774285316 0.6993258893489838 0.1034355014562607 1.095775812864304 0 0.6669086888432503 1.772514052689075 6.825774721801281 12.30947712063789 2.111180640757084 0 0 0.1496917456388474 0.2486638799309731 0.9581615328788757 1.400239482522011 0.164656326174736 0 0.550700917840004 0 0 0 4.162864029407501 0.5911405831575394 0 0 0 0 0.4747617468237877 0 0.9761417210102081 1.671376302838326 5.471082046627998 0.3256479874253273 0 0.08253240585327148 0 0.1554844528436661 0 0.1271965801715851 0 0.1402448713779449 2.497817993164062 0.9402530342340469 0 0 0 1.939096681773663 1.553826294839382 1.051123663783073 0.3747974038124084 0.120445191860199 0.5311101377010345 0.2853162735700607 0.5800395160913467 0 0 0 0 0.105404295027256 0 0 0 1.222001969814301 5.185379259288311 10.32481480389833 92.23537207394838 3.836510680615902 208.5472770258784 43.810491733253 134.1340805888176 37.92590200901031 0.1584678739309311 26.50837359577417 9.008580684661865 0.1370691508054733 0.6222274973988533 1.552825704216957 1.296496599912643 0.1277123540639877 0.2635543048381805 0.2616863995790482 8.436893701553345 2.65025869011879 112.1192700266838 2.817073926329613
1369.178337529302 719.6042564362288 36.17981936782598 184.3896156847477 12.88284513354301 369.1719054579735 567.04663117975 0.457228809595108 1.324541538953781 727.4245597869158 4.686295755207539 433.2371704131365 974.8444743603468 183.3385685905814 1.79792595654726 0.307819664478302 0.5105288028717041 0 0 0 0.1263240128755569 0 0 0 0 0 0 0 0 0 224.3084474653006 0.8224533945322037 7.254732459783554 0 0 0 2.659399479627609 0 0.2510042190551758 0.2429372221231461 0 0 0 0 0 0 25.39598134160042 2.171377077698708 0.3574069291353226 0 0.4926512688398361 0 0 0 1.033256679773331 0.9047560542821884 62.99409766495228 122.1345840394497 40.62303699553013 15.74009213596582 0 0.09876468777656555 0 8.680615410208702 2.17464005947113 0.5878781154751778 1.17087297141552 0.1176338866353035 0 0 0.6656093150377274 0.1060333177447319 0 104.2874538302422 9.675689466297626 10.01806666702032 4.73952828347683 0.7563656568527222 0 2.150942102074623 0 0.4246022403240204 11.81022907048464 0 0.5562149807810783 1.441993147134781 0.09505104273557663 0 0.4085238426923752 0 0.1023272275924683 0 0 0.1264601051807404 0 6.221567362546921 0 0 0 616.1222874671221 0 0 0.8978180587291718 8.268346294760704 0.4210943579673767 9.558298379182816 0.5056828856468201 1.889746934175491 4.390685185790062 1.912977188825607 0 4.896299421787262 2.718341499567032 0.9523825347423553 0.9425797909498215 0 0 0 0 0 0 0 0 0 0 0 0 0 0 0 0 0 0 0 0.3386918008327484 0.3907813131809235 0 0 0 0 0 0.6499444991350174 0 0 0 0 0 0 0 0 0 0 0 0 0 0 0 0 0 0 0 0 0 0 0 0 0 0 0.1419975012540817 0 0 0 0 0 0 0 0.7272355705499649 0 0 0 0 0.1598235666751862 0 0 0 0 0 0 0 0 0 0 0 0 0 0 0 0 0 0.5305600687861443 80.86561285704374 2.21474826335907 93.37834625691175 14.97475145757198 617.1456925794482 22.47195524722338 0 4.22556983679533 11.56336133182049 0 0.1876025646924973 0 3.787364095449448 0 0 0 1.027319312095642 0 170.7454066798091 0.729410707950592
31.14231869578362 1404.753867901862 531.8928562030196 12.88284513354301 780.6028784513474 5.677844777703285 1058.956033706665 38.54243265092373 3260.165468841791 18.59912052750587 1864.756699070334 6.618012085556984 775.4489655941725 3079.675769835711 16.20846339315176 5.942880727350712 1.020119547843933 0.3152654767036438 0 0 0.1819773614406586 0 0.1159751564264297 1.043879717588425 0 0 0.1485056728124619 0 0.5107741206884384 0.1675586104393005 75.29455005377531 25.20589939504862 9.09302693605423 0.4448027610778809 0 0.2591825425624847 3.3559600263834 0.1717785000801086 2.633059501647949 0.2706234306097031 0 0.2424255087971687 0 0.6316645294427872 0.3790340423583984 0.09554035216569901 113.8417408913374 3.119388826191425 0.4839488565921783 0.2028820291161537 0.3936369344592094 0.4047027081251144 0 0.2448334544897079 1.136507391929626 0.7383992001414299 22.28541236370802 26.35606654733419 28.28698737919331 32.18393544107676 0.253922313451767 4.689268812537193 0 15.33989806473255 2.076270461082458 1.255126796662807 1.281952135264874 0.1204345151782036 0 0 16.02952952682972 0.4531061947345734 0 72.23825790733099 33.40560942143202 59.45285516232252 25.31383474171162 4.15509407967329 0.9721551388502121 10.35324334353209 0.2131055593490601 4.277557142078876 13.57576992362738 0 1.923521019518375 1.684803664684296 0.2142052054405212 0 0.4863348826766014 0 0.7427107617259026 0 0.2988935708999634 0 0 61.33696612715721 4.653809234499931 0 1.257124230265617 8.724236577749252 0.5352800488471985 1.935007452964783 2.820494413375854 0.4759656339883804 1.457047879695892 6.109742008149624 3.302159607410431 6.307420149445534 3.493721038103104 6.439572691917419 0.7654582411050797 5.495010137557983 15.29057693481445 12.21597519516945 6.801234990358353 0 0.5467497706413269 0 0 0 0 0 0 0 0 0 0 0 0 0 0 0 0 0 1.316977143287659 2.991419315338135 0 0 0.1117780208587646 0.7210005819797516 4.134421974420547 2.094539880752563 3.192230880260468 2.998283624649048 0 0 0 0 0 0 0 0 0 0 0 0 0 0 0 0 0 0.09357950836420059 0.08884696662425995 0 0.6313420534133911 0.4276703596115112 7.120809897780418 0 0 0 0 0 0 0 0.1402130126953125 0 6.578204944729805 0 0 0.3505469188094139 0 10.98089328408241 3.199194312095642 2.358561784029007 0 0 0.5077759623527527 0 0.8690844178199768 0 0 0.2111527100205421 0 0 0 0 0 5.47614648938179 7.258091732859612 5.182519778609276 132.234695866704 4.266755923628807 266.3279483169317 64.76493622362614 174.0488216355443 68.95208302885294 0.6390371918678284 58.15011117607355 26.61391055583954 0 0.4060269296169281 1.853777930140495 3.571264147758484 0 0 0.8688617050647736 7.664931744337082 1.787440180778503 117.5505535453558 11.32534998655319
31.62582762539387 38.51488918066025 2.74750480055809 369.1719054579735 5.677844777703285 3.752443537116051 139.6999517977238 1.525538742542267 4.100419923663139 851.0420192331076 2.928469732403755 456.0069540590048 298.9835811108351 75.40314693748951 0 0 0 0 0 0 0 1.827613338828087 0 0.2392051517963409 0 0 0.1547376066446304 0 0.1629275679588318 0 16.79721467196941 0 28.91041553020477 0.3791681528091431 0 0.6919920593500137 27.93316762149334 3.268353909254074 15.42902005463839 0.972300723195076 0 0.1764366924762726 0 0.1519525498151779 0 0 0.5005948841571808 0 0 0 0.3970087245106697 1.633507952094078 8.32280758023262 0.3335500061511993 0 0.2309751734137535 134.8338462859392 43.66002476960421 7.546247713267803 0.2652954161167145 0 12.89192555844784 0 0 0 0 0.3046610876917839 0.1488026529550552 0 0 266.4951474517584 314.3225469365716 33.64345885068178 9.740479774773121 0 0 0 0 0 5.578092724084854 0 0.2294592261314392 0.2405545264482498 1.784808345139027 0.3876031786203384 1.192500323057175 0.1199927851557732 5.159980326890945 1.168952256441116 5.347220368683338 1.081441387534142 0.6077652126550674 0 0.5610379427671432 0.3043996095657349 319.1143119335175 367.6510683745146 118.5470467209816 33.7355779260397 476.9363109394908 0 1.263595044612885 4.148205325007439 2.565726086497307 1.493189513683319 5.965387403964996 8.82719025015831 5.893962413072586 3.255322769284248 7.992997705936432 2.073028057813644 6.216605499386787 10.74918273091316 3.445596724748611 2.875829309225082 0.2757193148136139 0 0.1167367696762085 0.1270281970500946 0.116771899163723 0 0.1173917651176453 0.1246670708060265 0.3747044503688812 0.3233888298273087 0.2713723182678223 0.522894948720932 0.455365777015686 0 0.9098881334066391 0 3.00130133330822 1.28821175545454 1.587011270225048 0.2126310467720032 0.3205597996711731 0.3851269260048866 0.5242326408624649 0.2874653488397598 0 0.2830687686800957 1.012048035860062 2.383407108485699 2.094741269946098 0.1540064662694931 0.5611476451158524 0 0 0 0.6210302785038948 0 0.08434158563613892 0.1287220418453217 0 0.1315579563379288 0.4961946681141853 5.080383360385895 1.958028316497803 0 0 0 0 0 0 0 0.3010424077510834 4.50175729393959 0 0.4039455950260162 0 0.1399331241846085 0 0 0 0 2.219657421112061 3.989931121468544 5.319109611213207 1.442521303892136 0.931413933634758 0.9531531184911728 0.8840430974960327 0 0.2020333409309387 1.000655569136143 0 0 0.4388079717755318 0.4010053128004074 0.1156857386231422 0.2415291965007782 0 0.1331471502780914 0.7478336095809937 0.7744171470403671 0.3983319848775864 0.2559091821312904 2.833006948232651 1.847258925437927 1.007898591458797 114.8852790370584 0 3.36036429554224 0.5876117050647736 150.5424477383494 2.053062319755554 0.2444645836949348 0.30007304251194 76.67003777623177 0.3338436484336853 0.2229638174176216 0.3580157831311226 17.29877476394176 0 0 0.2778512835502625 0.4422830045223236 0 41.97476876527071 8.487266346812248
498.3419052809477 2326.839834079146 59.56409039348364 567.04663117975 1058.956033706665 139.6999517977238 283.1796522289515 6.548159703612328 2046.614310614765 660.328093200922 104.6341534331441 626.4274823144078 1347.715194612741 1972.72952901572 21.78666321188211 8.602362036705017 3.173238798975945 0.2204707562923431 0 0 0 0 0.2972572892904282 0 0.2934412360191345 0 0 0.1170176640152931 0 0.2805649638175964 112.5919492691755 12.33925835043192 14.52404177188873 0.6230702847242355 0.4923508763313293 0.1859515160322189 8.818154707551003 0 5.216745987534523 0.7076181024312973 0 0 0.2139073759317398 0.9166679531335831 0.2599830329418182 0.1989437192678452 136.2490525767207 2.855837255716324 0.4447886273264885 0.2695325911045074 0.791182853281498 0 0.1236196607351303 0 1.224268972873688 1.163844287395477 38.43986523896456 57.19294820725918 36.55759083479643 42.24715685844421 0 4.530815690755844 0 21.45516259968281 2.271261520683765 1.507890835404396 0.6357101425528526 0.1033180952072144 0 0 47.13612507283688 0 0 107.4822549149394 40.18058101087809 63.52602187544107 33.28255980461836 8.009505398571491 0.3924566954374313 10.74808144569397 0.1401771008968353 1.713961437344551 17.73427087068558 0 1.47162701189518 1.624135330319405 1.288570374250412 0 1.320639535784721 0 0.5322951599955559 0 0.3665602058172226 0 0 98.8915389329195 8.980840489268303 0 2.715975373983383 100.0912594646215 3.531340390443802 5.111833304166794 31.43721979856491 55.92712393403053 6.069295197725296 28.03636792302132 14.63265800476074 31.79781614989042 23.23120531439781 20.39401943981647 3.882712155580521 83.64723338186741 28.46791912615299 17.22138496488333 13.61221231520176 0.6880915760993958 0 0 0 0 0 0 0 0 0 0 0 0 0 0 0 0 0 0 4.849892348051071 4.853126704692841 0 0 0 3.721961960196495 1.741838440299034 11.01980140060186 5.973020598292351 3.740332201123238 0 0 0 0.7980003952980042 0 0 0 0.873484805226326 0.883958637714386 0.1024835854768753 0.1613965034484863 0 0.714036226272583 0.1736739426851273 0.103030301630497 0.258492611348629 0 2.413083203136921 1.756185181438923 0.9753244668245316 0 2.35901153087616 9.679238244891167 1.329915389418602 0.2406839057803154 0.11317178606987 0 0 0 0 0 0 10.56146865338087 0 0 0 0 8.323502942919731 0.2296196818351746 7.740474089980125 2.618632756173611 1.924089379608631 1.553659774363041 1.297451794147491 0 0 0.2151583284139633 0 0 0.3051350265741348 0 0 0 5.976475015282631 7.303967267274857 11.92033052444458 229.5053021460772 6.158905230462551 366.9000974223018 89.00337332487106 488.3743901103735 83.82025250047445 0.6000413149595261 71.04400227218866 72.78131694346666 0 9.864517487585545 4.482166901230812 31.23870276659727 0.9957336038351059 0.1432358026504517 1.9014802724123 25.29497593641281 0.9566868394613266 346.6860633864999 16.13846557587385
8.733578652143478 28.64236810058355 1102.869588986039 0.457228809595108 38.54243265092373 1.525538742542267 6.548159703612328 1484.263729587197 20.75938471406698 0.2175301164388657 2071.379340298474 2.251558065414429 3.516913875937462 1055.750846281648 43.02076931297779 42.5668880417943 10.00154706090689 17.80713304877281 5.673982456326485 58.82640992850065 22.86669439822435 5.641694113612175 73.32021476328373 37.70659604668617 39.13883949816227 1.594433404505253 27.35036207735538 1.954993106424809 2.50333259254694 4.849870532751083 784.7928597703576 3874.202206075191 158.7068630680442 59.74675630778074 119.6138075590134 70.43178892880678 25.23638194054365 39.38800824433565 32.14700204133987 21.35193663835526 3.014505304396152 10.02896967530251 84.75074242800474 58.22912112623453 26.28887479007244 116.7897247746587 104.6073060259223 3.982185453176498 5.622736781835556 70.3490159958601 6.088047675788403 10.99845848232508 5.968122705817223 5.24385467171669 0.9427000284194946 0.8082477524876595 39.88203469663858 90.01436877995729 33.38752771168947 29.6874827966094 313.5887140929699 304.8291494324803 48.59046067297459 413.0528250560164 1.015239670872688 5.579440385103226 3.088950902223587 9.259955756366253 132.59748069942 85.96704494953156 11.02977841347456 6.179356530308723 0.4533264711499214 111.4659035354853 112.1427461802959 91.01716612279415 295.3853457421064 312.8359047695994 773.1205535829067 2242.031476847827 439.1770021542907 1606.266352593899 13.21235883980989 0.7422049343585968 2.481109246611595 2.976703487336636 13.96560490131378 0 1.383458070456982 0.2605577111244202 2.49078693985939 2.076080210506916 189.7399204820395 5.030156932771206 4.973547197878361 6.688586711883545 7.602367281913757 1.321185782551765 13.07058825343847 12.3984819278121 0.2327223494648933 0.2887671887874603 0.3547327816486359 0 1.643996298313141 1.723835587501526 0.1348568052053452 1.839966118335724 1.413031667470932 0.5410305112600327 0.5979504883289337 3.223756544291973 4.26763191819191 2.344268843531609 2.924539349973202 0.4542264491319656 1.091903582215309 0 0.7624418959021568 0 0 0.1299928575754166 0 0.5670703276991844 0 0.097040094435215 0.2235095500946045 3.046548441052437 0 1.394463688135147 0.1054914891719818 1.942314349114895 0.5395902246236801 0.6946500390768051 3.380356065928936 2.949170932173729 1.180550277233124 1.787155494093895 0.6456668674945831 1.927638523280621 4.252204217016697 12.23749442398548 16.55596678704023 3.492432072758675 0.1878596842288971 0.1638557314872742 0.8288700953125954 0.2322955057024956 0.6684132218360901 2.562239408493042 0.3314612507820129 0.2619564086198807 0.2401615083217621 0 0 0.2295616716146469 10.31504046916962 0.6321711838245392 0 0 0 0.4461602419614792 0.209159143269062 0 0.5268547758460045 1.564467281103134 12.41173473000526 0.8502971976995468 0 0 0 0.1179675832390785 0 0 0 0.6431809440255165 5.116673655807972 4.013188220560551 0.3268478214740753 0.3868751376867294 0.1329485028982162 3.41604495793581 2.87014065682888 6.385486245155334 0.7017635107040405 0.4033452570438385 0.1155927330255508 0.230472095310688 0.9494330063462257 0.1185615435242653 0 0 0 0 0.3729977533221245 0.2613639310002327 0 2.861142210662365 7.292691297829151 21.69935500621796 111.7754301205277 9.289592206478119 177.6852701082826 45.89307688176632 55.14696806669235 25.04920329153538 0.6051583290100098 18.81773464381695 14.21766074001789 0.6851055547595024 1.823331832885742 2.022901006042957 4.565734103322029 0 0 0.1337261945009232 5.297945328056812 1.911651998758316 53.18842897564173 7.179449118673801
4.060797572135925 1750.828324854374 635.942988216877 1.324541538953781 3260.165468841791 4.100419923663139 2046.614310614765 20.75938471406698 436.0509290546179 8.058479145169258 750.6831078529358 15.94638599455357 1054.110514119267 2042.619263827801 17.55082113295794 9.294436685740948 0.7786110863089561 0 0.2618050873279572 0.2679704427719116 0 0.1697612702846527 0.1359117478132248 0.2466209977865219 0.3755467087030411 0.4738731384277344 0.1979214772582054 0.3100663125514984 0.4075206816196442 0 16.91636847704649 15.78636328876019 28.97939865291119 0.1153195649385452 0.2324853092432022 0.09434696286916733 12.20899949222803 0.9373030513525009 5.416936561465263 0.8240629062056541 0 0 0.1160972937941551 0.7369401901960373 0.1943517476320267 0.4761281684041023 62.68851213902235 0.912293441593647 0 0.2767116650938988 0.1960173696279526 0 0 0 0.225813239812851 0.1906395256519318 6.16781672090292 6.456481516361237 14.14716171473265 17.39403808116913 0 6.55647374689579 0.1572517901659012 5.103086680173874 0.7670708522200584 0.105506919324398 0.1156411319971085 0 0.4046308994293213 0 33.99119716882706 0.1164997145533562 0 24.8154651671648 8.647871635854244 39.52002522349358 15.92578082531691 5.007950603961945 0.9592499285936356 21.91035607457161 0 4.716199018061161 5.876639805734158 0 0.8979961946606636 0.658015176653862 0.1020724028348923 0 0.3031353354454041 0 0.2490204125642776 0 0.3710311055183411 0 0.1416390836238861 61.10376164317131 7.487999007105827 0 3.886401981115341 1.343135967850685 0.4196265935897827 0 0.6969636380672455 2.562421187758446 2.0393106341362 9.353382766246796 2.170931249856949 13.255256280303 16.05448921024799 6.694899767637253 2.830303698778152 13.52966625988483 24.56033636629581 10.38372417539358 13.63870937377214 0 1.069894552230835 0 0 0 0 0 0 0 0 0 0 0.09892235696315765 0 0 0 0.124589204788208 0 0 0.7785044014453888 0.6203208267688751 0 0 0 3.725381746888161 1.493104130029678 9.824328511953354 4.769509933888912 1.660342611372471 0 0 0 0 0 0 0 0 0.4520796537399292 0 0 0 0 0.8673132359981537 0 0 0 0.2267222627997398 0 0 1.43840229511261 0.7679526060819626 12.2612314671278 0.1381970345973969 0 0 0 0 0 0 0 0 6.810257777571678 0 0 0.144625335931778 0 7.341502279043198 1.565618485212326 2.314493298530579 0.1800613105297089 0.3384354710578918 0 0 0.2378224283456802 0 0.09580126404762268 0 0 0 0 0 0 7.949808374047279 8.163003504276276 11.51823627203703 143.2493927553296 2.922421112656593 141.1536001563072 42.67745079100132 102.1984046027064 44.27127075940371 0.8328247964382172 74.58105704933405 19.18226207792759 0.3319286704063416 2.088294699788094 0.5340867638587952 7.101760149002075 0.7288267910480499 0 0 12.2800412774086 0.9682436585426331 98.02605125308037 16.43316677212715
1546.354776665568 923.1130938231945 6.408856883645058 727.4245597869158 18.59912052750587 851.0420192331076 660.328093200922 0.2175301164388657 8.058479145169258 660.2502092570066 2.588145568966866 1031.004147544503 3173.037123695016 370.8312736973166 0.6172184199094772 0.342031329870224 0 0 0.1342475712299347 0 0 0 0 0.1467626988887787 0 0 0 0.2158435583114624 0.4555091112852097 0 46.9330066293478 0 84.93704605102539 0 0 0.5479460954666138 74.91807392239571 0.7605587542057037 10.86652834713459 0.5926080793142319 0 0 0 0 0 0 5.637472227215767 0.1050645411014557 0 0 0 0.1800780147314072 1.584902957081795 0 0.1072479635477066 0.3739048838615417 55.05099047720432 33.92724894732237 11.02718272805214 4.882155954837799 0 1.609080672264099 0 1.083681017160416 0.2171976268291473 0.1921375319361687 0.08986306190490723 0 0 0 355.9323334544897 0.6210756301879883 0 33.45433389395475 1.496778011322021 1.807367153465748 0.4864924550056458 0.615112878382206 0 8.07294625043869 0 0 2.581496171653271 0 0 0.4797573834657669 0.1701301485300064 0 0.08134479075670242 0 0.0777621865272522 0 0 0 0 125.0367884337902 81.72882623970509 1.404234290122986 12.32857123017311 660.4851623550057 0.9928993806242943 22.26862655580044 71.47418282926083 123.64267103374 9.809070602059364 201.7190385311842 75.47382940351963 30.2939805239439 64.02603264153004 68.17910213768482 3.0860605686903 80.57089619338512 90.92876953631639 36.50751905888319 9.073501892387867 0.3451958894729614 0.1235652416944504 0 0 0 0 0 0 0 0 0 0 0.3293797671794891 0 0 0 0 0 0.1000437289476395 2.461467884480953 5.291631236672401 0 0 0 1.474116459488869 0 4.664470680058002 2.792382121086121 0.7184768542647362 0 0 0 0 0 0.1013457030057907 0 1.068239718675613 0.9553724825382233 0 0 0 0.370784617960453 0 0.5792238041758537 0 0 1.617250241339207 1.340641409158707 1.022164367139339 0 0.6867911815643311 12.088887155056 0.81900954246521 0.09712590277194977 0.09375631809234619 0.09902834892272949 0 0 0 0 0 9.087782494723797 0 0 0 0 9.389364436268806 1.053817093372345 3.164560608565807 1.566073723137379 2.219783440232277 1.283017456531525 0.1025962457060814 0 0 0 0 0.1665376275777817 0 0 0 0 4.230693064630032 2.410140380263329 7.160047352313995 550.1483834758401 0.4916094988584518 23.83062198013067 3.667040877044201 1250.875588707626 3.563172981142998 0 3.03617063164711 163.0047050490975 0 3.253060884773731 0.737424299120903 73.37642848491669 0.626587986946106 0 0.1741391569375992 2.623580127954483 0.4912474453449249 804.8503438532352 20.7210626527667
72.17864526808262 1731.248927041888 4826.534268967807 4.686295755207539 1864.756699070334 2.928469732403755 104.6341534331441 2071.379340298474 750.6831078529358 2.588145568966866 1338.690988242626 41.47491657733917 166.9439768567681 2467.928559273481 45.19331247359514 38.4842169508338 4.358058705925941 0.9648334681987762 1.840350046753883 2.724902369081974 2.273764468729496 6.20133364200592 17.11541769653559 8.191656276583672 24.03242227435112 2.321092091500759 7.339500367641449 4.27356418967247 5.164365157485008 3.8852643892169 593.7729737311602 137.4711039811373 399.9709884300828 12.50483307987452 39.22818765044212 62.3966858536005 308.6930027455091 120.0793938711286 131.7343333736062 28.57411696016788 0.6871231645345688 3.100900791585445 2.148290991783142 4.649534575641155 4.658116668462753 4.141240134835243 71.31175781041384 2.22565333545208 0.5468646287918091 2.000347249209881 1.112263388931751 5.221705138683319 12.37138213217258 9.539021596312523 0.2974428683519363 0.2729930579662323 19.01094846427441 44.09714211523533 18.16272813826799 23.86693473905325 7.793365098536015 221.4669571071863 8.519295334815979 15.50801840424538 0.6123127341270447 0.2679540291428566 0.8564766570925713 0.4762414395809174 4.595881417393684 3.757066063582897 78.7073734998703 10.52175734192133 1.564201414585114 57.49657119065523 26.90305414050817 73.72015526890755 28.63406528532505 18.52272042632103 3.168325453996658 572.1829409524798 0.4571778923273087 50.94297770410776 8.517113842070103 0.2324298247694969 1.035596027970314 0.9836603105068207 0.5721882432699203 0.5816038325428963 0.6969284564256668 0 0.594295546412468 2.088656589388847 7.990409910678864 1.363580666482449 1.98359040915966 42.85239880532026 28.6429042071104 4.079573340713978 31.10965510457754 35.21525525301695 0.9559029638767242 0.1208641827106476 3.209658578038216 2.299751028418541 2.910095311701298 2.897077590227127 1.278228104114532 7.94244110584259 5.686573572456837 4.489403083920479 2.44633874297142 9.997281402349472 10.23383083194494 7.287250623106956 4.988542802631855 1.404712334275246 2.038438610732555 0.1765714585781097 1.612667843699455 0 0.1421310603618622 0.0986873134970665 0 1.596272632479668 0.1050380766391754 0 0.2552904114127159 2.938634350895882 0 0.3138968348503113 0.1235946640372276 2.601080030202866 1.03855250030756 1.42746014893055 1.85668671131134 3.179368615150452 0.728638269007206 2.321570917963982 0 1.911054007709026 6.37665543705225 13.90696088224649 18.14958611130714 4.242726035416126 0.3303849324584007 0 0.09309469908475876 0 1.843955397605896 1.446418508887291 0.1099153980612755 0 0.5344404950737953 0 0 0 9.901840128004551 0.5106485337018967 0 0.1103950515389442 0 0 0.4889272972941399 0 2.883090801537037 2.507506541907787 13.80282652378082 0.2563274353742599 0 0.1047126799821854 0 0 0 0 0.1165251582860947 0.1561618000268936 8.564895987510681 2.596944183111191 0.2177090346813202 0 0 11.43388384580612 2.94573836773634 7.502372197806835 1.09710419178009 1.578154191374779 1.316413588821888 0.5523086860775948 1.242037355899811 0.08644247055053711 0.1384330838918686 0.1482115983963013 0 0.08884278684854507 0.254722535610199 0.1385065913200378 0.1226291880011559 7.539454936981201 14.86578933149576 26.14311744272709 112.9104469195008 5.541552811861038 129.17723120749 40.16637700051069 64.17672646790743 28.08155730366707 0.4011701345443726 36.2316020950675 23.84049210697412 0 3.442410744726658 1.826991125941277 3.732538819313049 0.1577045321464539 0.3691252171993256 0 15.37395100295544 1.471341162919998 57.17230000346899 21.55554358661175
304.357188090682 18.83547323942184 1.776880338788033 433.2371704131365 6.618012085556984 456.0069540590048 626.4274823144078 2.251558065414429 15.94638599455357 1031.004147544503 41.47491657733917 128.0644358545542 792.9861440211535 514.1544548720121 15.8269354403019 14.82075978815556 0.8583713620901108 0.3655647411942482 1.333553411066532 0 0.3258981108665466 1.755981177091599 0.1234964728355408 0 0.8957033008337021 0.1469936817884445 0.8115403205156326 2.361259244382381 2.296302661299706 0.5188571214675903 3.760538496077061 0 132.9642487615347 0.1127627491950989 1.309693202376366 6.227910578250885 166.2094057053328 18.0279668495059 115.0548771694303 9.999893866479397 0.4870777726173401 0.7148493081331253 0.2896126955747604 2.956260457634926 1.484296761453152 0.8575490191578865 17.8662074804306 0.4640610441565514 0 0.8204227983951569 0 1.81223526597023 16.69835302233696 2.936136722564697 0 0 3.621635615825653 3.97462747246027 2.428203545510769 3.585481353104115 1.13744680583477 6.734609641134739 0.9117541462182999 1.511224880814552 0.1921757310628891 0.1220351681113243 0 0.3863876834511757 0.5658979713916779 0 158.5580878406763 2.646350026130676 0.4045796245336533 4.904026925563812 1.266989231109619 17.92419315874577 7.072883017361164 8.168921485543251 0.5498824864625931 27.24675457924604 0.3030434772372246 1.897831298410892 0.6398623958230019 0 0 0.2185428515076637 0 0.1707126796245575 0.1735439896583557 0 0.3801974207162857 0 0.4331529438495636 0 0.8349764943122864 314.613666921854 71.21952258050442 0.8129236698150635 33.31211458146572 58.88084229826927 0.1254824697971344 8.698712483048439 17.40479815006256 31.28928308933973 6.636023059487343 30.58326400071383 28.3361134827137 37.06454509496689 54.1626788303256 56.66006319969893 8.596966907382011 79.49532201141119 126.5231613069773 92.86240504682064 22.53801153600216 1.548784203827381 1.477907881140709 0.1310036480426788 0.9330005943775177 0 0 0 0.1534857302904129 0.1088389828801155 0.3174587190151215 0 0.2730144262313843 0.286909818649292 0 0.2419956550002098 0.3457545340061188 1.002244308590889 0.6226764544844627 0.7107759714126587 4.9289635643363 6.43667446821928 1.134717963635921 0.345305398106575 0.6716998219490051 6.698225304484367 2.95686237514019 16.78465193510056 11.76421966403723 4.318351373076439 0 0.3950149416923523 0 0.1359969675540924 0.6375057548284531 0.7533592954277992 0 0.1724846065044403 1.089820191264153 0 0.1140479668974876 0.170160174369812 3.35524957627058 0.2578040808439255 0 0 0 1.342708364129066 0.5252752155065536 0.665122464299202 1.592657454311848 1.593906879425049 27.47865376621485 0.2393072992563248 0.1203423961997032 0 0.08390835672616959 0 0 0 0 0 31.07824230194092 1.607308015227318 0 0.1478216648101807 0 20.41903313994408 3.072249293327332 9.559939041733742 2.13904245197773 0.2428849041461945 1.429352112114429 0 3.364393666386604 0.2223524302244186 0 0 0 0 0 0.1508676707744598 0 14.61002878844738 9.97692333906889 22.9372803196311 221.9227524548769 0.590249702334404 32.59225097298622 20.56329775601625 246.9038095623255 13.97185295075178 0.7715515643358231 21.40951097756624 130.7128793671727 0 5.389667898416519 4.888821586966515 46.32553358376026 0.5786280632019043 0 0.2363098561763763 6.952953316271305 2.45699080824852 781.3622552603483 43.01610430330038
326.2252610623837 685.3108764737844 8.482029564678669 974.8444743603468 775.4489655941725 298.9835811108351 1347.715194612741 3.516913875937462 1054.110514119267 3173.037123695016 166.9439768567681 792.9861440211535 1458.853894948959 3922.186314441264 34.76070591807365 29.77583103626966 2.673191197216511 0.117388017475605 1.93401725590229 0.7297783717513084 0 9.026851862668991 1.953475631773472 0.7210317701101303 3.377456001937389 1.04974240064621 1.477760568261147 4.173068195581436 7.402899585664272 1.306444704532623 7.609945401549339 2.327907890081406 478.965189114213 3.198664918541908 3.263367787003517 13.41661861538887 463.9067612811923 47.4712130650878 276.9308471232653 37.57692704349756 0 2.916158623993397 1.057695589959621 5.32574775069952 4.1887226998806 3.132445335388184 44.35953876376152 0.4233272895216942 0.6080403178930283 2.286820821464062 0.1366820335388184 6.407048583030701 48.21380621194839 13.20850420743227 0.09144711494445801 0.07552823424339294 7.789540022611618 5.540570802986622 5.619629018008709 7.56006944924593 1.693501323461533 17.01467069238424 2.509615391492844 1.967184662818909 0.4755148515105247 0.4180411621928215 0 0.0954907089471817 1.09922231733799 1.800029173493385 258.9194638133049 4.127090692520142 1.262241758406162 15.36661945283413 7.058017894625664 41.75678270310163 15.17597193270922 13.42218440771103 1.28229782730341 72.22680263221264 1.550238013267517 2.365035720169544 2.14491081982851 0 0.1845944970846176 0.2609108984470367 0.4686899036169052 0.1654576510190964 0.1839351505041122 0.188420295715332 0.6157683730125427 0.6844372898340225 0.615554541349411 0.1419543772935867 2.462556101381779 527.2563156187534 68.22984452545643 3.807213880121708 95.27982297539711 42.55458556115627 2.852578610181808 7.102680027484894 32.91091111302376 50.65359373390675 16.53946642577648 44.84365154802799 27.48811358213425 57.5525629222393 64.60072174668312 65.67835960537195 8.611830547451973 162.163952127099 139.9725360274315 96.66587572544813 40.30266130715609 2.596483871340752 2.456522233784199 0 0.9655141830444336 0 0.3030609935522079 0.3432190120220184 0.1330233514308929 0.7147436514496803 0.2048713266849518 0.2428183853626251 0 1.459303520619869 0 0.5648066774010658 0 4.225981824100018 0.4848751053214073 1.105467736721039 10.23322279006243 13.48915164172649 0.9112914130091667 2.798755571246147 0.1483266204595566 13.14033120125532 5.341750226914883 28.97811978310347 20.95643594861031 4.961677208542824 0.3320712447166443 0.2405503243207932 0.1093187108635902 0.5189156606793404 0.8575929924845695 1.689118959009647 0.1222960501909256 0.7510155439376831 2.107727617025375 0 0 0 5.588946916162968 0.4373339861631393 0.340246208012104 0.1557802110910416 0 1.917034789919853 1.707337930798531 1.778495371341705 2.214263342320919 2.436911389231682 47.07879646867514 2.717941381037235 0.6983827650547028 0.09581848233938217 0.1477487534284592 0 0 0 0 0.1087033674120903 42.43032974749804 3.510572969913483 0.1088129580020905 0.5040988922119141 0.4005867019295692 30.40609439462423 3.325531244277954 14.00426562875509 1.776952564716339 2.986143462359905 2.04915264248848 0.1354760825634003 1.35515982657671 0.1037177518010139 0 0 0 0.1130324602127075 0 0 0 21.96542059630156 21.80224193632603 37.90496616065502 260.0441285669804 3.886938616633415 68.97489947080612 36.88771070539951 228.6245004460216 13.74964807927608 1.007142931222916 43.14168837666512 159.8668913319707 0.9894084483385086 11.55264634639025 7.785644538700581 56.88579250872135 1.584897696971893 0 3.511878579854965 14.643221154809 1.288859665393829 784.2857366502285 65.20842448621988
