755.3738225102425 3433.377921938896 464.9979846775532 882.0637492090464 44.89881680905819 250.3478882610798 241.2139753848314 11.71321302652359 1.264446228742599 538.4649449884892 28.67581594735384 362.3768896088004 95.69863724708557 16.24160584062338 1.297653347253799 0.6225867569446564 0.261588454246521 0 0 0.3846110999584198 0 0 0 0.2395320683717728 0 0 0 0.2065625041723251 0.7356258481740952 0 770.2711313888431 10.44669532030821 13.66905854642391 0 0.2765419110655785 0 5.948910370469093 0.7217531129717827 0.2741368412971497 0 0 0.3106607794761658 0.360542431473732 0.1637987345457077 0.1333184391260147 0 30.20163670182228 1.677280157804489 0.5816756188869476 0.2319132164120674 0.5073076635599136 5.727960824966431 0 0.2158913761377335 2.651876978576183 4.495408430695534 242.3693124949932 477.356793269515 27.38185669481754 26.35954416543245 0.4724636599421501 5.292173333466053 0.09781318157911301 1.091834671795368 3.351494573056698 1.780277110636234 1.26893150806427 0.8541826903820038 0.8464681357145309 0.8381611257791519 18.26535389572382 37.69233652949333 0.8624884188175201 120.4385251402855 14.52821337431669 15.57581796497107 0.1417231261730194 0.2478866428136826 0.1396641582250595 9.775047063827515 0.1840545386075974 8.721666738390923 14.01958508789539 0 3.218758411705494 1.986279435455799 0.722617544233799 1.566795989871025 0.6893812716007233 1.380556523799896 1.359446965157986 1.335315629839897 3.238740012049675 0.5516294240951538 0.4936518520116806 188.0553437322378 44.19629240036011 5.485881507396698 6.7212173640728 945.6273103505373 0 4.288149923086166 2.429408088326454 51.10726450383663 0 7.943633198738098 12.52717892825603 2.855679377913475 18.62461769580841 12.65996925532818 0 3.629460349678993 7.395311899483204 4.0254021063447 0.2742785215377808 0 0 0 0 0 0 0 0 0 0 0.142376184463501 0 0 0 0 0 0 0 0.14600969851017 0 0 0 0 0 0.2461175471544266 0 0.2214572429656982 0.1234360262751579 0 0 0 0 0 0 0 0 0 0 0 0 0 0 0 0 0 0.1373431384563446 0 0 0 0 0 0 0 0 0 0 0 0 0 0 0 0.2939145937561989 0 0 0 0.3073099553585052 0.170278936624527 0 0.134189784526825 0 0 0 0 0 0 0 0 0 0 0.1272658705711365 0 0.1677552759647369 2.233224451541901 0.6512307524681091 0.3561987578868866 185.9386024549603 4.888539269566536 91.95609850436449 14.44111146777868 473.9824843779206 4.576918549835682 1.324378594756126 3.27531535923481 7.977144479751587 0.09260409325361252 0 0 16.9238146096468 0 0 0 0 0 562.9518650323153 16.02136854827404
3433.377921938896 3642.778441265225 1422.8152051121 1009.093543738127 1130.027566298842 169.4909061193466 2288.417770221829 116.61442130059 838.2023335248232 1499.601612746716 340.088078007102 463.1532849818468 2742.788205549121 2838.650304079056 67.11837046593428 6.858356907963753 4.95242728292942 2.060086905956268 0.4343262240290642 1.11169595271349 1.575719945132732 0.1214034035801888 1.002557218074799 1.338066294789314 0.2285319045186043 0.6320435032248497 0.6082167401909828 0.9999450147151947 0.2613247334957123 0 2423.91271084547 41.48413728922606 167.2938316315413 0.267967976629734 0.9812001213431358 0.1419588029384613 49.69981699436903 14.52853234857321 6.743093892931938 0.8537172377109528 2.01689949631691 1.475554123520851 6.379731245338917 1.876164563000202 0.3712036311626434 1.744744956493378 450.9572170823812 20.80380675196648 5.074858017265797 6.645013175904751 4.063753060996532 0.2845798134803772 0.4715911448001862 0.6286508440971375 15.53786467015743 20.48983760178089 340.0330964624882 1286.342905715108 85.3965180516243 183.6552326753736 4.250054970383644 39.08151143044233 0.5911005586385727 94.1132101342082 24.63931293785572 22.91189905256033 7.76805967092514 11.14197360724211 10.93021154403687 6.736000470817089 58.4046138972044 2.875234186649323 0.0955924391746521 832.7634459063411 300.6500478982925 437.2912788689137 37.05692227929831 5.099239774048328 1.8626973554492 78.53709700703621 2.406834356486797 40.52066461741924 77.46426444500685 0.3510498553514481 19.74281819164753 11.16638179123402 6.412347964942455 0.473469465970993 4.411305755376816 0.1914914697408676 4.675746388733387 0.6645518317818642 27.70293080806732 4.392937831580639 1.842792876064777 43.08464135229588 0.4758003875613213 0 4.094689413905144 643.181621029973 1.438930302858353 3.094677746295929 3.983016811311245 91.93176177144051 0.6670999526977539 42.97020172327757 16.50636330991983 6.039355844259262 70.68171996623278 16.02812848240137 7.972662836313248 19.15388559550047 23.22199688106775 10.64476171135902 8.750870004296303 0.3535995036363602 0 0 0 0 0 0.130266472697258 0 0 0 0 0.2144842147827148 0 0 0.1366222947835922 0 0.5969552248716354 0.1195714920759201 0 1.468279659748077 0 0 0 1.018147453665733 1.925078548491001 0.1358996331691742 6.548092857003212 4.708082087337971 2.127666942775249 0 0 0 0 0 0.3612106442451477 0 0 0.1257430166006088 0 0 0 0 0.1617130935192108 0.2329254820942879 0 0 0 0.3246990740299225 0.4086543470621109 0 0.4053386002779007 3.640826150774956 0 0.1427296698093414 0 0.0965544730424881 0 0 0.09948967397212982 0 0 2.874983377754688 1.548982381820679 0.2390492707490921 0 0.312353178858757 5.333689913153648 0 3.332453638315201 0 0 0.7031920999288559 0.1648459583520889 0 0 0.3579951673746109 0 0 0.1061288043856621 0.09789081662893295 0.1757614016532898 0 7.293649964034557 1.409649431705475 0.9715040326118469 842.4880259111524 45.87758617848158 1097.154915124178 173.7508863434196 227.3387611731887 53.07538969069719 5.38281112909317 21.17654253542423 19.45023427903652 0 0.9995777308940887 0.9344542324542999 23.39972461760044 0 0.2178298234939575 0 4.41395265609026 2.354084804654121 236.2513370886445 35.91270545870066
464.9979846775532 1422.8152051121 1368.486405491829 2.875931464135647 309.5649170428514 2.85448531806469 41.16524714231491 1633.317559845746 283.5297104343772 4.843660593032837 2800.712435603142 14.47494088113308 273.5551742464304 2611.281062312424 31.04276870191097 13.04599884152412 2.29699944704771 3.478866063058376 0.4262381866574287 1.10219706594944 5.308245994150639 0 6.689299508929253 4.765555307269096 1.213620573282242 0.5115227252244949 2.039294920861721 0 0 0.2495995536446571 4377.614811860025 428.7420784085989 653.7712304219604 0.1034141927957535 5.116380929946899 0.9447274208068848 137.7102157995105 36.25434090197086 15.81072951853275 1.618641026318073 7.035165779292583 3.637553006410599 14.60191164910793 1.59464767575264 0.8269379585981369 1.706832408905029 104.979430526495 3.297303356230259 4.056144401431084 22.71382531523705 16.34191889315844 1.026920348405838 0.7604814395308495 0.5941619724035263 1.967406161129475 2.206673607230186 55.51206714659929 438.6666734814644 12.73530088365078 29.23371455818415 19.32600250840187 129.6570174619555 2.160846054553986 86.45757311582565 2.922687642276287 10.00919107347727 11.90274813771248 27.74941409379244 37.39399507641792 28.81179209053516 89.49939470738173 1.865022897720337 0.1627210825681686 134.5258512869477 81.92919208854437 106.9051307365298 16.76996380835772 4.428333505988121 22.87269905209541 585.3347842916846 9.627548560500145 286.2200821042061 13.41071816533804 0 2.833898775279522 3.71758733689785 6.869731396436691 0 0.859606146812439 0.1745590269565582 5.910355418920517 3.517887562513351 106.3134267106652 8.269168056547642 5.31416529417038 9.080262556672096 0.3554441630840302 0.1976660788059235 12.35097017139196 116.6635569036007 0.3246470391750336 0.1332331150770187 1.054872266948223 0 0.5115301012992859 3.138577327132225 3.267692215740681 1.62818256765604 2.747402839362621 1.862974487245083 3.777495622634888 2.978029519319534 10.1206287369132 5.674503087997437 5.512373350560665 0.3752842247486115 0 0 0 0 0 0 0 0.6601109802722931 0 0.1473468691110611 1.086966544389725 3.39829108864069 0 1.803985044360161 0 3.210465289652348 0.127683088183403 1.260147377848625 0.2807686626911163 0.3505994826555252 0 2.254418924450874 1.375494331121445 1.807858407497406 2.682202503085136 8.038785271346569 6.018425710499287 5.864134542644024 0 0.1695038825273514 0.1782103180885315 0 0.7640118300914764 0 0 0 0.3730979859828949 0 0 0.2513224855065346 1.911338210105896 0.967139333486557 0 0 0 0 0 0.3414825201034546 0 3.050201833248138 3.963530890643597 0.4807360172271729 0 0 0 0 0 0 0.09236833453178406 0 1.333490662276745 0.4684817641973495 0.1665965467691422 0.1292841732501984 2.098729506134987 5.270961634814739 0.5209401547908783 2.950260192155838 0 0 0.1236108466982841 0 0.1268969625234604 0 0 0 0 0.3043019324541092 0.7708084061741829 1.457603961229324 0 3.256000652909279 2.633017465472221 3.159798420965672 188.6464128494263 10.83659459650517 203.6699597314 49.96226339787245 7.991290725767612 11.61549774557352 0.3396274894475937 6.414766624569893 6.13240560144186 1.081215187907219 1.426269926130772 1.064041718840599 7.166563481092453 0 1.405707001686096 0.4705517292022705 3.996127530932426 1.692699104547501 17.26031014323235 8.166828915476799
882.0637492090464 1009.093543738127 2.875931464135647 420.2573599666357 8.278839938342571 460.4016388356686 1007.975538820028 0.2785389423370361 0.7193365097045898 1834.468932233751 2.392139911651611 2050.301784545183 608.4370618760586 29.42738135159016 1.345708273351192 0.09192328155040741 0.1058455780148506 0 0 0 0.3379188179969788 0 0 0.08613225817680359 0 0.1657650619745255 0 0 0 0 103.0568640902638 0.1223700419068336 12.02500632405281 0.1585152894258499 0 0 17.02804876863956 0.1024896055459976 0 0.09216370433568954 0 0 0.1383784860372543 0 0 0.1040779650211334 27.98772724717855 1.321853019297123 0.09400494396686554 0.08699047565460205 0.1172186061739922 0 0 0.1728263795375824 1.182350240647793 1.293496124446392 57.33419279754162 131.2218229919672 8.354639679193497 15.12453988939524 0.1687367409467697 0.6185322552919388 0 0.5158931463956833 2.791543886065483 0.8041863217949867 0.2587207406759262 0 0.4015737250447273 0 17.86810660362244 2.419845342636108 0 81.12195652723312 10.97805554419756 18.23434784263372 0.2493290454149246 0 0 0.3333238586783409 0 0 6.394094154238701 0 1.867220655083656 0.5489779487252235 0.2160012051463127 0 0.5573365464806557 0 0.1239252090454102 0.1753856986761093 0.0960921049118042 0.1124425083398819 0.1385341435670853 87.40337754786015 2.529691457748413 0 0.297717273235321 372.9626369476318 0.3858356475830078 6.222489848732948 10.25523839890957 118.2093175798655 0.2332319468259811 44.04297290742397 31.19240215420723 7.136964082717896 66.52276729047298 21.05168001353741 0.351220890879631 7.151867851614952 14.58272572606802 5.347584381699562 1.895941957831383 0 0 0 0 0 0 0 0 0 0 0 0 0 0 0 0 0 0 0 0.1304624527692795 0 0 0 0 0.1324425637722015 0 0.3963795900344849 0 0 0 0 0 0 0 0 0 0 0 0 0 0 0 0 0 0 0 0 0 1.145781233906746 0 0 0 0 0 0 0.1139358058571815 0.1036865040659904 0 0 0 0 1.555716723203659 0 0 0 0 0.4993152618408203 0 0 0 0 0 0 0 0.1145121455192566 0 0 0 0 0 0 0 4.137092590332031 0.1231818348169327 0 124.8988427221775 3.874670080840588 53.73265440016985 5.761825360357761 362.3083872646093 1.558922171592712 0.1182611137628555 1.301975749433041 6.648773357272148 0 0.2101110517978668 0 20.6131876707077 0 0 0 0 0 469.5087463930249 21.01130519807339
44.89881680905819 1130.027566298842 309.5649170428514 8.278839938342571 1319.775691643357 0.4552049934864044 1286.002722002566 220.0589416623116 4249.002601660788 83.23365015536547 421.793941386044 21.15692456811666 1363.380053140223 4182.105961434543 38.2278131917119 3.809114784002304 1.351075619459152 0.168659582734108 0.09582684934139252 0.2437245398759842 0.5001350343227386 0 0.08840331435203552 0.3079216554760933 0.1580698043107986 0.08274276554584503 0 0.2019716128706932 0.1316807866096497 0.3126735091209412 189.1795652806759 22.02899610996246 34.94355120509863 0 0.3007750511169434 0 17.66154607385397 1.810454420745373 0.6773448586463928 0.3019560277462006 0.2890640646219254 0.4583249166607857 0.4082544669508934 1.251439198851585 0.1946973502635956 0.1876494288444519 203.0421900302172 5.803322054445744 1.347078964114189 2.265590630471706 2.181873098015785 0.2213204801082611 0.3891721665859222 0.1092312932014465 3.512519799172878 4.991604775190353 42.65243732184172 184.2384500131011 19.40666659921408 57.00981420278549 0.7832580804824829 10.07292341440916 0 52.82037921994925 4.415474571287632 4.2713772803545 0.9496774971485138 0.8253051266074181 1.510794311761856 0.77347481995821 24.15840732306242 0 0 211.9879475086927 118.6205867081881 188.7096955254674 26.42168249934912 2.163888685405254 0.1860820949077606 6.725679241120815 1.113056719303131 4.208711564540863 16.87202668190002 0 4.78869154304266 3.045499458909035 1.159315004944801 0 1.317978121340275 0 0.7152908816933632 0 3.765520945191383 0 0.8378955274820328 19.46355571597815 0 0 0.4875109046697617 27.68408787995577 0.7152508199214935 0.7253443747758865 2.578004196286201 1.906102359294891 1.057364486157894 22.39964038133621 7.307930022478104 1.957976534962654 6.488055378198624 8.814366936683655 3.480964571237564 8.453150078654289 14.4866780564189 6.052033998072147 6.006956309080124 0 0 0 0 0 0 0 0 0 0 0 0 0.9996653199195862 0 0 0 0.5301828533411026 0.12128946185112 0.1642564386129379 2.10297754406929 0 0 0 0 0.9110734611749649 0.6393078714609146 1.857482314109802 1.481358610093594 0.2213127315044403 0 0 0 0 0 0 0 0 0 0 0 0 0.7801264524459839 0 0 0 0 0 0 0 0 0.2711608558893204 0 0 0 0 0 0 0 0.1077399477362633 0.1083477362990379 0 1.005278721451759 0 0 0 0 0.4126030206680298 0 1.371286809444427 0 0 0 0 0 0 0 0 0 0.1080745980143547 0 0 0.1373264491558075 3.990744262933731 0.9809814989566803 1.299304440617561 426.7269043400884 16.48462328314781 467.5432961732149 104.4102012291551 27.0137449875474 34.42424034327269 1.430967718362808 8.940980300307274 10.98461937904358 0.1107093617320061 0 0 9.699776992201805 0 0 0 1.183065474033356 3.230688460171223 37.65831703692675 16.38253928720951
250.3478882610798 169.4909061193466 2.85448531806469 460.4016388356686 0.4552049934864044 6.026647225022316 41.99493859708309 0 1.212604463100433 387.2069769203663 0.4488647282123566 161.6612049043179 38.76355819404125 5.503787681460381 0 0.4632705897092819 0 0 0 0 0 5.112856388092041 0 0.6320705860853195 0 0.3270978629589081 0.2855313718318939 0 0 0.2293389290571213 62.47277449071407 0 6.688476264476776 0 0 0 26.23911169171333 0.5316038131713867 4.606947332620621 0 0.2105841040611267 0 0 0 0 0 3.492241322994232 0.6870413273572922 0 0.1757873296737671 0 42.80109621584415 1.024140685796738 2.476791381835938 0 1.036541037261486 26.07459399104118 40.60562311112881 3.06660307943821 3.525201335549355 0.2569841742515564 0.9326924085617065 0 0 0.8160245195031166 0.5242938250303268 0 0.1829665154218674 0.2317333519458771 0 185.1199260354042 225.4822332710028 19.97429077327251 14.26317714899778 2.233867540955544 1.14945487678051 0 0 0 0 0 0 2.622972637414932 1.843691669404507 0.3162223100662231 2.743681989610195 0.1382376849651337 2.400953486561775 3.963910631835461 16.06493082642555 2.955826714634895 10.33191187679768 0.2931391894817352 0.3103898465633392 7.135959655046463 205.7848868817091 369.9740348160267 46.65397977828979 68.65910069644451 176.4264864474535 0.2964426279067993 1.419396325945854 1.117636516690254 18.70448312163353 0 2.002399474382401 3.835312873125076 0.717348039150238 9.531154483556747 2.748414158821106 0 2.483735635876656 2.899675473570824 0.6661271899938583 0.7749162018299103 0 0 0 0 0 0 0 0 0 0 0.2796003073453903 0 0 0.3172778785228729 0 0.3405438959598541 0 0.5746457725763321 0 0 0 0 0 0 0 0 0 0 0 0 0 0 0 0 0 0 0 0 0 0 0 0 0.2356018424034119 0 0 0 0 0 0 0 0 0 0 0 0 0 0 0 0 0.1639369130134583 0 0 0.1767108142375946 0 0 0 0 0 0 0 0 0 0 0 0 0 0 0 0.1196595653891563 0.6473885625600815 0.3170597553253174 0 1.970393970608711 0 0 223.8765414208174 4.565411262214184 8.617643214762211 0.421602338552475 56.88179884850979 0.671025276184082 0.4662295579910278 0 6.33125114440918 0 0 0 6.618064805865288 0 0 0 0.180686429142952 0 65.43586294353008 8.305852890014648
241.2139753848314 2288.417770221829 41.16524714231491 1007.975538820028 1286.002722002566 41.99493859708309 1229.230593182147 15.80101930350065 1094.182704403996 2340.519170984626 98.55765417963266 1045.732763215899 8002.500001035631 2280.293790586293 40.71621610969305 5.87078133225441 1.772734895348549 0.6891437694430351 0.08991871029138565 0.254319429397583 0 0 0 0.7676198035478592 0 0.1890242695808411 0 0.09425047785043716 0 0 84.37528669089079 12.58894660323858 53.93737478554249 0.1277654618024826 0 0 38.39986123144627 3.718745745718479 1.165328443050385 0 0 0.3547469675540924 0.1979807466268539 1.789978295564651 0.3141204044222832 0.7323217913508415 230.7973605543375 3.927884720265865 1.44124636054039 0.5787263587117195 0.2371859550476074 0 0 0.2936307340860367 3.92368920892477 4.169084623456001 56.19555570185184 183.206482924521 22.02422434091568 69.65123035013676 2.145380310714245 20.38236181437969 0.1207459047436714 34.4376901909709 6.894546814262867 3.907185241580009 2.211143314838409 1.514930978417397 3.137457519769669 0.7772094905376434 69.90945908427238 0 0 218.546378724277 96.32400072365999 161.7046997621655 15.7323559448123 1.239349648356438 0.2408256903290749 8.288468524813652 1.36276587843895 10.22434472292662 18.35632867366076 0 5.778601795434952 2.827829338610172 1.893832571804523 0.3062234073877335 1.470112264156342 0.2039037197828293 1.539746731519699 0.2317081466317177 4.756141841411591 0.661694347858429 0.2976043745875359 111.8904483318329 2.480765372514725 0 1.895650327205658 63.66907156258821 2.519733101129532 12.55184392631054 14.30123596638441 77.10474099963903 2.591346502304077 101.2799369171262 40.65434877574444 19.69786441326141 95.70612792670727 34.69393893331289 13.92773977667093 30.06300175189972 58.53345840424299 26.45719180256128 15.07176512479782 0 0 0 0 0 0 0 0 0.9239085912704468 0 0 0 0 0 0 0 0.200763463973999 0 0 2.785577401518822 2.294440403580666 0 0.258147269487381 0 3.870806232094765 2.410152703523636 5.403568103909492 1.862560227513313 1.839357137680054 0 0 0 0 0 0 0 0 0.3967297077178955 0 0 0 0.7770798206329346 0 0.1005253940820694 0 0 0.2723253965377808 0.5653890371322632 1.074263900518417 0 1.138132572174072 7.652579061686993 0 0 0 0 0 0 0 0 0 6.256708838045597 0.4369833618402481 0.1387230455875397 0 0.5673417747020721 10.28953738510609 1.056225419044495 0.2552738189697266 0 0 0 0 0 0 0 0 0 0 0.1945569068193436 0 0 21.1551668792963 3.224737159907818 5.45081153512001 689.0990487709641 20.78961353003979 540.0512428581715 142.281452730298 54.22645794600248 37.15203935652971 1.999408230185509 20.32108843326569 22.50196908414364 0.09721637517213821 0.4087307155132294 1.266004681587219 50.34248052537441 0 0 0 5.7524394094944 7.093672946095467 148.3862929493189 72.64969348907471
11.71321302652359 116.61442130059 1633.317559845746 0.2785389423370361 220.0589416623116 0 15.80101930350065 1322.983955606818 445.6235466450453 0.6410522907972336 3907.674835212529 1.958789065480232 60.61942787468433 1854.451265722513 10.22415816783905 4.48908107727766 1.551363080739975 5.200049422681332 0.1489051282405853 6.465282782912254 8.10569816827774 0 5.854504950344563 6.069053061306477 1.205697223544121 0 3.088883385062218 0.4271743148565292 0.1591647267341614 0 507.6620107963681 1693.541897274554 527.6885405778885 3.419880598783493 3.820377558469772 0.6963715553283691 57.32648787647486 21.77008667588234 6.686497405171394 0.8406239897012711 6.897258073091507 2.109829679131508 21.73838728666306 0.8279319554567337 2.013015359640121 4.30928710848093 34.0452099069953 1.804666191339493 2.441898703575134 8.065418101847172 11.03529418259859 0.4081525206565857 0 0.7880120202898979 0.503757081925869 0.228849284350872 9.496940165758133 87.97837886214256 1.944538071751595 8.030184306204319 116.4278240650892 184.6756669059396 3.152234494686127 186.2562727704644 0.7006477564573288 4.212496720254421 6.758954130113125 19.93131984770298 48.42743872851133 38.54303488880396 29.21451341360807 0.5478460788726807 0 26.06278786808252 29.84561010450125 32.49094446748495 38.38539121299982 153.0523708611727 852.4532283619046 2524.738827995956 148.0875220969319 1351.824227809906 1.581593178212643 0 0.6646564230322838 1.587990127503872 7.822839319705963 0 0.1932513564825058 0 2.023629166185856 1.096917048096657 88.88107002526522 1.587946899235249 3.2107103317976 5.522454634308815 0 0 6.683129817247391 11.69353196024895 0.7262425273656845 0.2474589720368385 0.5059054493904114 0 0.15310338139534 1.226866036653519 0.6513380706310272 0.3439153283834457 1.226979024708271 0.523687481880188 1.125114113092422 1.61674639582634 3.465524978935719 1.194234035909176 1.898472808301449 0.2954586893320084 0.2962170243263245 0 0.4903648495674133 0 0 0 0 0.1734418272972107 0 0.23114413022995 0.1609342992305756 0.672684445977211 0.41086345911026 0.5444549769163132 0 1.539395280182362 0 0.6225691288709641 0.1003435105085373 0.3904789984226227 0 0.4679439067840576 0.4346225559711456 0.7191920951008797 0.5574093461036682 1.685071855783463 2.51729866117239 1.23271881788969 0 0 0 0 0 0 0 0 0.2680022418498993 0 0 0.133654847741127 0.5837375670671463 0.8788171708583832 0 0 0 0.1084127575159073 0 0 0 0.8851450681686401 0.7438675314188004 0 0 0 0 0 0 0.2689449340105057 0 0 0.7660107389092445 0.9056918174028397 0 0.7684778496623039 0.1861221790313721 3.700261130928993 0 0.1377392411231995 0 0 0 0 0.288938395678997 0 0 0.2275785654783249 0 0 1.137729682028294 0.9303514286875725 0 0.4826627746224403 0 2.558154426515102 72.00554779917002 3.282666638493538 55.48331267386675 19.20707073062658 2.200964078307152 3.495871543884277 0 0.9088193997740746 3.648597314953804 0.1040139198303223 1.042428627610207 0 5.136335909366608 0 0 0 0.7178300023078918 0 2.425485953688622 2.135402381420135
1.264446228742599 838.2023335248232 283.5297104343772 0.7193365097045898 4249.002601660788 1.212604463100433 1094.182704403996 445.6235466450453 708.6289688050747 14.52112466096878 745.7416531443596 11.79652436077595 1659.470748603344 3051.268777817488 4.933859102427959 0.3792263045907021 0.3106959536671638 0.1833565235137939 0 0 0 0 0 0 0 0 0 0 0 0 13.13334402441978 7.535145439207554 40.5353407561779 0 0 0 11.31934460997581 0.9364353716373444 0.2783647030591965 0 0.3094023019075394 0 0.170709103345871 0.2675300613045692 0.1544647663831711 0 24.79155169427395 0.2671203538775444 0.2004557400941849 0.3427755832672119 0.6423243433237076 0 0 0.1234993934631348 0 0.4745881855487823 2.65843953192234 8.070195473730564 0.942950040102005 5.274410285055637 0.2488228529691696 3.704405464231968 0.07721803337335587 7.895179241895676 0.5200087949633598 0.6031826287508011 0.8440450355410576 0.2141306027770042 0.7721452265977859 0.6730121225118637 13.30082435905933 0 0 13.99713105708361 11.81251710653305 21.46642817556858 1.98848170042038 0.6155356392264366 0.6109689176082611 23.1571598649025 0.3322832956910133 21.60491701215506 0.5240901708602905 0 0.1949480473995209 0.2376382276415825 0 0.1433346420526505 0 0 0 0 1.121617868542671 0.589340977370739 0 10.23852963745594 0 0 0.1207161471247673 1.132409490644932 0.1638608276844025 0.1647758930921555 1.035300835967064 0 0 2.624500378966331 2.514124631881714 3.325694039463997 0.9086304903030396 3.173379585146904 1.450161024928093 1.81984144449234 3.718337818980217 2.458599537611008 0.3035450577735901 0 0 0 0 0 0 0 0 0 0 0 0 0 0 0 0 0 0 0 0.5588481426239014 0 0 0 0 0.1875195354223251 0.1333249509334564 0.1781454980373383 1.072195395827293 0.5123761296272278 0 0 0 0 0 0 0 0 0 0 0 0 0 0.1347897052764893 0 0 0 0 0 0 0 0 0.5563158392906189 0 0 0 0 0 0 0 0 0 1.477121084928513 0 0 0.121651329100132 0 1.270919904112816 0 0 0 0 0 0 0 0 0 0 0 0 0 0 0 0.4921119958162308 0.6097917705774307 0.1381900608539581 74.02827440947294 2.166656091809273 50.20367637276649 16.51970055699348 1.982305184006691 2.539632588624954 0.2433527559041977 1.455913752317429 2.004254549741745 0 0.4511799663305283 0 5.991414070129395 0 0 0 0.241130456328392 0.321767121553421 3.855713590979576 4.766143321990967
538.4649449884892 1499.601612746716 4.843660593032837 1834.468932233751 83.23365015536547 387.2069769203663 2340.519170984626 0.6410522907972336 14.52112466096878 1629.544696524739 1.602125242352486 3957.0753993541 4864.853256039321 272.9053016006947 1.25861132889986 1.002202346920967 0.290680319070816 0 0 0 0.4322921931743622 0 0 0 0 0.1551254689693451 0.3157874643802643 0 0.6787362545728683 0.1421429514884949 25.73129263520241 0.3615800738334656 148.8768288940191 0.2344978302717209 0 0 131.321855917573 0.2702002823352814 2.84223872423172 0 0 0.356020525097847 0 0.09626420587301254 0.2931528761982918 0 26.46340680867434 0.6830308958888054 0 0.1463659256696701 0.78731419891119 0 0 0.1616543233394623 1.068449072539806 1.766723789274693 23.14431847631931 59.69024107605219 2.90780421346426 12.3407341837883 0.1018571630120277 3.032088205218315 0 3.701323725283146 0.9273617193102837 1.139224022626877 0.2277762442827225 0.2211384624242783 0.2990625500679016 0 220.7369253709912 4.928014159202576 0 46.42767398059368 14.98175090551376 20.82045773416758 0.9543780609965324 0.4070936962962151 0 0.3264019414782524 0.1199664324522018 1.130879431962967 5.357391946017742 0 0.9961998537182808 1.132959969341755 0 0 0.8829039260745049 0.1141600757837296 0.1342667639255524 0 1.408879712224007 0 0.1170116364955902 185.9256950244308 24.71407580375671 3.36852502822876 9.613246865570545 158.6989556401968 5.825558453798294 53.14535553008318 39.46410263329744 163.1347932890058 3.948519423604012 174.8151807114482 184.6438001692295 58.30091501027346 158.736878991127 126.1651478558779 32.6616135686636 79.30392091721296 162.0263877958059 67.96193930506706 29.03561153262854 0 0 0 0 0 0 0 0.1629910171031952 0 0 0.1292490065097809 0 0 0 0 0 0 0 0 4.623696342110634 2.257371798157692 0 0 0 3.893121711909771 0.2310295701026917 5.394034184515476 2.054958894848824 1.668492317199707 0 0 0 0 0 0 0 0.1520256251096725 0 0 0 0 0.1528776288032532 0 0 0 0.1235965564846992 0.2426542788743973 0.114490270614624 3.583626478910446 0 0 1.606708213686943 0 0.1260578036308289 0 0 0 0 0 0 0 11.68228291720152 4.943950936198235 0.1540956497192383 0.2274819314479828 0.7182575091719627 9.841556370258331 0 1.873721182346344 0.5372446551918983 0.1307627409696579 0 0.1027674376964569 0.1537882089614868 0 0 0 0 0.3034422695636749 0.1132806390523911 0.167532205581665 0.2544158697128296 51.14847069978714 4.383255876600742 2.879067279398441 364.1175694987178 7.065082974731922 77.51434978842735 12.77531120181084 330.7392231225967 5.332514762878418 0 2.078907802700996 49.60274005681276 0 2.284576177597046 0.1223504543304443 188.1209697201848 0 0 0.1669148951768875 0 0.7281752675771713 766.0565318763256 354.0050315931439
28.67581594735384 340.088078007102 2800.712435603142 2.392139911651611 421.793941386044 0.4488647282123566 98.55765417963266 3907.674835212529 745.7416531443596 1.602125242352486 1512.823183961213 23.76617841422558 883.2767841219902 3981.971094079316 22.34580510854721 8.316021732985973 1.130045421421528 3.222335875034332 0 1.593261525034904 4.131582573056221 0 3.724556788802147 2.467959240078926 0.7053826749324799 0.1924963742494583 1.439986422657967 0.4102300554513931 0.124443918466568 0.2313036620616913 610.267034843564 378.6313702017069 912.2726893424988 0 2.161979988217354 0.3752315938472748 220.0277922302485 36.4389391541481 17.37217047810555 0.6100907176733017 4.380887515842915 1.265026949346066 6.991995371878147 1.139347031712532 0 1.266612835228443 78.37729712575674 1.383410520851612 1.856989294290543 6.704777792096138 8.746903456747532 0.430166095495224 0.1502330899238586 0.324782058596611 1.124843895435333 1.10163875669241 18.06320369243622 111.2809081673622 5.601477183401585 14.78196655213833 20.52998384088278 135.385503962636 0.51113560795784 39.41895073652267 0.7691697925329208 3.812344700098038 7.678131103515625 12.15620625764132 15.84951630234718 16.26829893887043 119.8142234906554 1.669206410646439 0 58.80425786226988 43.10549078881741 76.5326574742794 14.8019929304719 13.20695611834526 88.40776173770428 294.3007103726268 36.64669100940228 240.1711824163795 4.095029011368752 0.1039463058114052 2.021788939833641 1.527736730873585 3.090747371315956 0 0.641173243522644 0 3.198452785611153 0.5494279861450195 61.26003102958202 4.582323104143143 1.276190206408501 15.53899726271629 0 0.9085164666175842 13.27813835442066 17.73812236636877 0 0.7569615095853806 0.868365153670311 0.1096805483102798 0.8489042669534683 3.198225468397141 1.830706365406513 0.1445656418800354 3.390024200081825 1.203124701976776 2.355220749974251 3.802049741148949 8.753447398543358 3.6842917278409 5.791244462132454 0.2866091430187225 0 0 0 0 0 0 0 0 0.1678377240896225 0.2852931916713715 0.3536426424980164 2.359772443771362 0 1.088925451040268 0 1.399887271225452 0.8191253840923309 0.3747503757476807 0.3681871742010117 1.209884762763977 0 0.37771125882864 0.4535002857446671 0.3928775414824486 1.633612290024757 3.765922479331493 2.622244246304035 2.873129472136497 0 0 0 0 0 0 0 0 0 0 0 0 1.215236969292164 0.4168374687433243 0 0 0 0 0.3429024219512939 0 0 1.281054377555847 3.418232619762421 0 0 0 0 0 0 0 0.1142968237400055 0 1.291402660310268 1.446152940392494 0 0.1513727456331253 1.059580579400063 2.492740169167519 0.1924348324537277 4.354827493429184 0 0.1562016904354095 0 0 0.1333314180374146 0 0 0 0 0.2848253548145294 0.2445653900504112 0.8553952872753143 0 2.764674127101898 1.340787760913372 2.543554738163948 138.2744646668434 6.875071406364441 137.543944247067 39.1332677975297 4.639782913029194 8.558289207518101 0.8694017678499222 4.291989684104919 3.73278845846653 0.2204842120409012 1.167106881737709 0.1609892994165421 3.62061582505703 0 0 0 1.159145936369896 0 7.896041631698608 5.388735428452492
362.3768896088004 463.1532849818468 14.47494088113308 2050.301784545183 21.15692456811666 161.6612049043179 1045.732763215899 1.958789065480232 11.79652436077595 3957.0753993541 23.76617841422558 853.8257897496223 3143.790611736476 288.1595320403576 8.719452232122421 2.943425558507442 0.1121799871325493 0.3655539900064468 0 0.4903083145618439 0.2517171204090118 0 0 0 0 0 0 0 0 0 9.455700591206551 1.112567603588104 266.5699668824673 0 0 0 608.8790997713804 9.318434596061707 7.567884370684624 0 0.4669831842184067 0.1402944475412369 1.870920240879059 0 0 0 26.23111730068922 0.3044275641441345 0.8790095001459122 2.190919175744057 1.642082720994949 0 0 0.1044400185346603 0.3654232919216156 0.4298612549901009 4.212504550814629 21.10986211895943 1.011434033513069 4.702826641499996 0.2058908566832542 16.56689617037773 0 7.122625827789307 0.7029215693473816 1.726968333125114 1.714242517948151 4.2763442248106 2.843167215585709 2.329312056303024 306.858435742557 2.501692995429039 0 14.10577634721994 8.853896878659725 12.06170256435871 2.972853526473045 0.1767636686563492 0 4.845670029520988 0 4.221196874976158 2.101300962269306 0 0 0.5325682461261749 1.326162748038769 0 0 0 1.932250738143921 0.1885162889957428 13.50667627900839 0.6941394209861755 1.653003513813019 304.1588563323021 5.134395837783813 0 9.006249241530895 36.02417920529842 4.023181989789009 17.75840346515179 20.7469689399004 76.19706083834171 4.611370749771595 102.6048621162772 77.9928331002593 43.93692715466022 116.0520759820938 64.87615472823381 22.35809452831745 77.60230018943548 111.0783846825361 58.3134653493762 33.09968078136444 0.2172476500272751 0 0 0 0 0 0 0 0.8798176646232605 0 0.1224376261234283 0.2983289957046509 1.772116780281067 0 0 0 0 0 0 10.1311372295022 2.598294176161289 0 0.2381970286369324 0.7300464510917664 6.276700675487518 1.569593444466591 8.822810381650925 2.967124074697495 4.890481814742088 0 0 0 0 0.3356299847364426 0 0 0.1691784858703613 0 0 0 0 0.6702040433883667 0 0 0 0 0.2546393573284149 0.652381420135498 2.24338261783123 0 1.94748318195343 7.123437032103539 0.1603905707597733 0 0 0 0 0 0 0.1686542630195618 0 11.27402304857969 2.713809981942177 0.1300985962152481 0.1226698532700539 0 16.79926727712154 0 2.750718079507351 0 0.204931229352951 0 0 0 0 0 0.1420667916536331 0.1275916546583176 0 0.2667888328433037 0.2195097059011459 0 36.5183507874608 6.04731673002243 4.383340276777744 252.9485352411866 4.124365009367466 66.27130846679211 29.02483282983303 46.54983476549387 8.628774404525757 3.86309327185154 4.59995348751545 50.40676245838404 0 1.370855391025543 0.2873167097568512 118.9362428933382 0.6578373908996582 0 0 0.2424553334712982 0 383.3188199847937 180.0056249648333
95.69863724708557 2742.788205549121 273.5551742464304 608.4370618760586 1363.380053140223 38.76355819404125 8002.500001035631 60.61942787468433 1659.470748603344 4864.853256039321 883.2767841219902 3143.790611736476 3792.202865004539 4232.305745042861 58.8679358586669 20.08447486162186 0.8270816430449486 2.311443619430065 0 0.578900508582592 2.508431613445282 0.3201226890087128 1.241235762834549 2.166913896799088 0 0.1125482618808746 0.3086234927177429 0.8332052230834961 0.7465895414352417 0.1500887125730515 40.64904054999352 13.79415924102068 1254.665479958057 0 0.3116137683391571 0 641.9382917359471 34.06026685237885 28.89415212720633 0.5358672440052032 2.693333625793457 1.514526218175888 7.141992002725601 0.5914584621787071 0 1.831145659089088 211.8176977187395 1.854920521378517 3.720596313476562 6.094357289373875 8.915767431259155 0.5375263094902039 0.9777380526065826 0.5073346197605133 1.158692888915539 1.961208418011665 19.29741007089615 69.43108851462603 11.60931963473558 37.48116611689329 3.542664520442486 56.84540268778801 0.7531459778547287 62.09457155317068 1.957622915506363 4.810993812978268 8.554268822073936 13.44871543347836 16.73601090908051 8.918352946639061 484.6595157161355 1.843831360340118 0 95.58212784677744 63.24296344816685 143.8719985857606 29.67831199616194 3.575593553483486 1.655818864703178 29.89934051036835 1.94833692163229 37.21574097126722 6.526809521019459 0.09575120359659195 1.80650220066309 1.936827167868614 4.327699072659016 0.3477739095687866 0.5372041612863541 0.09928063303232193 3.515745654702187 1.104028381407261 42.55503982305527 3.191325150430202 1.867437273263931 744.6547707393765 1.786501407623291 0 16.90866452455521 21.40329153835773 7.282063826918602 25.91829632222652 31.1685888171196 32.31732723861933 8.800831258296967 204.0496099814773 114.6314082592726 57.89235481619835 135.7265706285834 91.9965565353632 47.30459582060575 129.6829198151827 194.1988373398781 104.7305835112929 72.38442898541689 0.6040531396865845 0.4513759762048721 0 0 0 0 0.5172060132026672 0 0 0 0.2721898406744003 0.6714325696229935 1.940624386072159 0.117253303527832 0.3738395273685455 0.9015151262283325 2.424767307937145 0.2763983905315399 2.178546100854874 13.73180148750544 5.036531567573547 0 0.1891946345567703 0.9852442592382431 15.51791125535965 9.134731806814671 23.4005034416914 11.77155298739672 11.53644981235266 0 0 0.547979325056076 0 0.1960297673940659 0.2138431221246719 0 0.570811539888382 0.6629436165094376 0 0.2347055375576019 0.8770982772111893 1.763460993766785 0.1650257855653763 0.3414818197488785 0.1836164444684982 0 0.144993469119072 0.1320886462926865 2.267069771885872 0 2.904043018817902 18.90857738256454 0 0 0 0 0 0 0 0.6556754112243652 0.2525061368942261 23.61542475223541 5.210189700126648 0.734625905752182 0.4878160506486893 0.3637246787548065 37.30519413203001 1.148460239171982 12.53191577643156 1.696059361100197 0.3815724700689316 0.3488749116659164 0 0.1095065474510193 0 0 0.1535121649503708 0 0 1.078870512545109 0.6346975862979889 0 82.59994331747293 9.891159258782864 16.73206478357315 770.1988688036799 20.50673047453165 442.8800713643432 169.8582287505269 30.89450287073851 25.92219705879688 3.119987219572067 19.18682917952538 67.19321799278259 0.1385006606578827 4.822108536958694 1.819139964878559 151.673118814826 0 0 0.2571715712547302 7.899872839450836 2.696529075503349 358.1585388034582 241.1989726573229
16.24160584062338 2838.650304079056 2611.281062312424 29.42738135159016 4182.105961434543 5.503787681460381 2280.293790586293 1854.451265722513 3051.268777817488 272.9053016006947 3981.971094079316 288.1595320403576 4232.305745042861 2682.987384326756 60.98873449116945 18.47855202108622 2.481977507472038 2.69206827878952 0.3644177913665771 1.039968475699425 2.486826688051224 0.5847193449735641 2.228530406951904 2.414603114128113 0.2200148403644562 0.7266476228833199 2.046133190393448 0.2164777368307114 0 0 213.352670699358 87.17597809433937 1826.135283902287 0 1.602450281381607 1.425122305750847 1374.596477419138 62.06676168739796 29.38980304449797 0.7002917677164078 3.966240331530571 0.8685832247138023 10.99474119395018 1.357756219804287 0 0.8563226237893105 203.7844748273492 4.281554467976093 4.269730620086193 11.50985493510962 9.407279714941978 1.1586032807827 0.2546477913856506 0.6460013091564178 1.380821444094181 2.107144460082054 22.6444194689393 95.13216321915388 13.82450208067894 39.985460922122 6.402941688895226 240.8868011459708 0.4341541230678558 61.52620796859264 2.793087273836136 7.364832811057568 7.187818802893162 15.60220564901829 15.85486791282892 13.82345765084028 382.9037330299616 1.764701336622238 0 124.1603547036648 77.80609960854053 174.4452748373151 34.4435495659709 5.131634071469307 6.567348249256611 287.7904839366674 4.052937604486942 190.984048627317 8.488458089530468 0 2.171144023537636 2.820579893887043 4.469403333961964 0 1.416157245635986 0.540555477142334 4.430901661515236 1.948332637548447 58.06324097514153 3.653278991580009 4.024875849485397 132.7449284493923 0.3997927010059357 0 17.20892306417227 14.80793572962284 2.21826583147049 4.012467503547668 9.659491583704948 2.236098557710648 2.07928529381752 31.12562323361635 26.08353273570538 15.11808906495571 24.63025193661451 19.8570187240839 15.82352930307388 27.33994283527136 57.43667454272509 32.16147678345442 28.39502259343863 0.1415762454271317 0.2606223821640015 0 0 0 0 0.1333244889974594 0.1324142068624496 0 0 0.174935057759285 0.3238838613033295 0.8697692453861237 0.6694443821907043 1.211816146969795 0 3.234474003314972 0.139138326048851 0.7471694797277451 4.192090071737766 0.9727509617805481 0 1.971606642007828 0.9786652773618698 7.464529857039452 2.87589618563652 13.87221667170525 5.094566516578197 8.082930527627468 0.1662588268518448 0.2426517307758331 0 0 0.5034793019294739 0.1134344711899757 0 0 0.09982550144195557 0 0 0.6451754197478294 1.320952847599983 0.6235007345676422 0 0 0 0 0.8886143937706947 0.2299502715468407 0 1.748394399881363 4.966906949877739 0 0 0 0 0 0.5663341879844666 0 0.2979641854763031 0 8.987632900476456 2.333994999527931 0.6289373636245728 0.1115075200796127 1.886398613452911 14.83791837841272 0.1348205953836441 3.872034572064877 0.464876264333725 0.6912094950675964 0 0 0.1547229290008545 0 0.1948745548725128 0 0.2019940912723541 0.3520762324333191 0.7460149377584457 0.1312628835439682 0.1359318941831589 21.24861074984074 4.74463663995266 7.406172871589661 412.6669833511114 17.45653977245092 384.2156555876136 116.3967170640826 17.95884680747986 20.39773426949978 2.065184332430363 12.93830019980669 27.9732074290514 0 1.709196828305721 0.5823611468076706 27.82811886072159 0 0 0 9.22287705540657 3.061930671334267 62.96117011457682 64.00208743661642
