219.6150102689862 2307.815346106887 512.7172599583864 1931.469050183892 375.3378825858235 117.1245588809252 497.4099445343018 373.7375723049045 17.62272883206606 1437.051002502441 182.6871492788196 110.2866470366716 95.23083238303661 123.9454810097814 7.601932495832443 4.971125483512878 0.1068377867341042 0.1623199433088303 0 0 0.3905203193426132 0 0.2987186759710312 0.3421318531036377 0.4191891700029373 0 0.4375868737697601 0 0 0 235.5650716945529 18.57583521306515 14.05537385493517 0 0.676684133708477 0.7266789749264717 2.880291990935802 2.08709891885519 0.2868805378675461 0.2278603166341782 0.3853633105754852 0.1279887557029724 0.10711969435215 0.7778105586767197 0.3472901955246925 0.2011414617300034 19.88130033761263 3.071426019072533 0.6987832710146904 0.5683834105730057 0.4713908582925797 0.4382508918642998 0.1171094849705696 0 8.06713979691267 6.170284956693649 282.8126474395394 526.0614987909794 175.1278910413384 19.17828676104546 0.4475095570087433 4.437881104648113 0 4.559254117310047 6.233808629214764 0.6889953017234802 1.692023150622845 0.7967042848467827 0.5917503088712692 0.2248909026384354 3.27168757468462 0.3616562634706497 0 87.65721291303635 3.127815283834934 6.992683574557304 3.105993054807186 2.257384762167931 3.870816230773926 80.06536269932985 0.4395196363329887 13.19666612893343 14.66727404296398 0.4478638172149658 1.457059666514397 5.386863775551319 1.197693064808846 0.348582960665226 1.074201762676239 0.6218658611178398 0.6901020333170891 0.1960768774151802 0.5783875733613968 1.189501360058784 0 13.04040914773941 0 0 0.1184941083192825 902.3559131473303 2.182956218719482 0 0.8542675375938416 0 0 3.4554822742939 2.331435635685921 0.5501240789890289 1.027207642793655 4.986655652523041 0 1.650165528059006 3.172791242599487 1.378963574767113 1.169587567448616 0 0 0 0 0 0 0 0 0 0 0.2029474675655365 0.3680190443992615 0 0 0 0.1706413775682449 0 0.195405438542366 0 0 0 0 0.3509393036365509 0 0.3317742943763733 0.3947499245405197 3.8377540782094 0.5589265078306198 0.7469338104128838 0 0 0 0 0 0 0 0 0 0 0 0 0.3616628348827362 0.128861665725708 0 0 0 0 0 0 0 0 0 0 0 0 0 0 0 0 0 0 1.076035052537918 0.2633437514305115 0 0 0.09740220010280609 0 0 0 0 0 0 0 0 0 0 0 0 0 0 0.1308501362800598 0 0.7720640599727631 0.858861543238163 0.64084842056036 78.68798294663429 4.237996697425842 95.19693655520678 17.85826481133699 1350.271090976894 9.610354520380497 1.860752299427986 1.222139753401279 4.476427435874939 0 0 0.2436078637838364 9.535225033760071 1.117564797401428 0 0 3.064663678407669 0 228.7015905827284 4.902725249528885
2307.815346106887 1994.563351035118 1100.229888282716 1434.060725741088 1879.332018353045 166.4740523993969 1778.669775769114 941.2278741896152 1253.342626787722 1054.510046206415 778.3607141375542 93.52094694972038 1077.398356072605 1248.394629471004 31.74796167761087 9.461977444589138 1.489683888852596 0.9763541594147682 0.1162368729710579 0.1987551152706146 0.5283001363277435 0 0.7838848307728767 0.7641369253396988 0.9269362464547157 0.3457192480564117 1.078938916325569 0.1317524909973145 0 0.5498796552419662 865.1109146848321 54.01480550318956 46.70593047142029 0.08364135771989822 0.586446724832058 0.8284620195627213 16.33058387041092 3.603554099798203 0.3813723027706146 0.5135550647974014 0.5928804725408554 0.3179410248994827 0 1.073389634490013 0.1054895147681236 0.3313838168978691 287.9456433951855 16.49448449909687 4.449100881814957 1.15339532494545 1.96349424123764 0.5530401766300201 0.4900920987129211 0 28.34921565651894 26.53102438151836 231.1938412189484 533.2082300633192 367.0624147206545 183.1851269602776 0.4911869764328003 7.14746268838644 0.1428877264261246 70.95678111165762 25.02551017701626 3.482029668986797 6.340241611003876 1.162931047379971 2.804305024445057 1.081015780568123 6.173384606838226 0.3887305110692978 0.1258943676948547 374.2703793421388 46.13040019571781 83.54376727342606 28.6367978900671 7.063900291919708 3.808248326182365 119.4082428961992 1.161142796278 20.2400711402297 87.60627429187298 0.3858747184276581 8.499798975884914 24.01502983272076 5.391225315630436 0.6762389168143272 1.949877001345158 1.015331745147705 1.252571552991867 0.2032622396945953 2.204247489571571 1.894148617982864 0.9371725171804428 6.011861175298691 0.1080221608281136 0 0.3514970242977142 943.2252856716514 0 0 1.247036337852478 1.431685924530029 0 2.002991870045662 0 2.631987422704697 5.540251329541206 3.475476711988449 0 3.952854469418526 5.323612920939922 6.248295105993748 1.206104025244713 0 0 0 0 0 0 0 0 0 0 0 0 0.1308832168579102 0.1255171447992325 0.1411809921264648 0.4369354695081711 0.1632698625326157 0.174145296216011 0 0 0 0 0.5851811021566391 0.2751589119434357 3.243138864636421 0.7382999211549759 3.177127197384834 1.813309282064438 0.5804338976740837 0 0 0 0 0 0 0 0 0 0 0 0 0.4958847016096115 0.1347509771585464 0 0 0.240218847990036 0 0 0 0 0 0.94184809923172 0 0 0 0 0 0 0.1250957548618317 0 0.1151859685778618 4.461457505822182 0.4073889553546906 0 0 0.3343809321522713 0.1749590784311295 0 0 0.1423526555299759 0 0 0 0 0 0 0.2576305270195007 0 0.103707417845726 0.375878319144249 0.1448071599006653 0 1.75229574739933 2.418006546795368 1.020365625619888 450.2596292123199 22.93358366936445 1013.071319386363 191.8161532059312 755.1142401620746 66.82152253389359 1.533622622489929 11.04357988387346 4.793575674295425 0 0.2482981979846954 0.8513335585594177 6.388331115245819 2.06426215171814 0 0.1694667786359787 7.749032691121101 0 133.8572911918163 1.094421051442623
512.7172599583864 1100.229888282716 1471.343708954751 120.6131684631109 347.620005980134 10.62518966197968 81.77938871085644 4476.584399931133 328.647539652884 40.29134061187506 1554.05315926671 65.17380349338055 233.5361935049295 1116.275769107044 29.64420995861292 19.90694445371628 1.936247400939465 0.3860858976840973 0.09200281649827957 2.100977629423141 5.765079684555531 0 2.669826045632362 1.326014742255211 6.307118080556393 0.9690647274255753 1.807854175567627 0.619464784860611 0.9806802421808243 0.1682965904474258 2728.722450166941 736.9436446651816 92.64622050523758 0.2564723938703537 3.716878548264503 4.168997213244438 29.08018519729376 11.57156913727522 0.8381623700261116 1.146709270775318 4.938931778073311 1.03868168592453 2.282619170844555 2.136429861187935 0.3423815965652466 2.21566092222929 109.3456782996655 9.971924133598804 1.881922669708729 4.683147497475147 2.345920518040657 0.8778429180383682 0.4202740788459778 0.3811867982149124 14.06781808286905 14.84590236097574 171.9250851497054 902.0020671933889 218.8516897186637 81.41098661720753 8.124690823256969 23.49825443327427 1.599488735198975 145.233447521925 13.9104406312108 2.287652932107449 4.028882183134556 2.777501739561558 10.15520215779543 5.176357761025429 7.787803195416927 1.206780686974525 0.383878082036972 237.599005959928 55.3737001940608 46.93961986154318 18.38366917520761 6.534055970609188 30.46007837355137 634.0693090632558 12.0409450083971 97.1821431517601 36.93818434327841 0.2706506848335266 4.678757481276989 14.44059681892395 3.833690568804741 1.190854862332344 4.318557113409042 2.582986600697041 1.607919037342072 0.9583516195416451 10.20346543937922 2.178251467645168 0.67808498442173 4.465515792369843 0 0 0.2480441406369209 609.6660655662417 0.1018800213932991 0 0.5858060121536255 0 0 0.6196929216384888 0 0.1359776258468628 0.8466027230024338 2.731555283069611 0 1.10667746514082 3.061460301280022 4.030589714646339 2.095879703760147 0 0.1129829660058022 0 0 0 0 0 0 0 0 0.7545833736658096 0 0.1557857841253281 0.2489802241325378 0.1787253320217133 1.1793552339077 0.2992990240454674 0.4112829566001892 0.3187672793865204 0 0 0 0.147602766752243 0.1143922954797745 4.124392136931419 1.625876873731613 5.683506585657597 3.775497995316982 1.72833202034235 0 0.236716240644455 0 0 0 0 0.119600422680378 0 0 0 0 0.2224100306630135 1.001871481537819 0.8164533823728561 0.09490403532981873 0 0.3764505684375763 0 0 0 0.1514764726161957 0.1428153514862061 0.655813068151474 0 0 0 0 0 0.1118408218026161 0.09744351357221603 0 0 4.974234841763973 0.3357246369123459 0.1513318121433258 0 0.2967375516891479 0.5222868323326111 0 1.19522562623024 0 0.7576635479927063 0 0 0 0 0 0 0 0.105426661670208 0 0 0.1941426619887352 0.5264354944229126 2.852931417524815 3.176646068692207 220.5360010415316 13.81462017446756 331.1686787083745 64.8052075356245 169.5442966148257 18.95429491996765 0.5692894905805588 7.116687543690205 1.573884598910809 0.1483147591352463 0.6357289925217628 1.202971965074539 4.510028123855591 0 0 0 11.92787804454565 0 38.374168433249 1.304203614592552
1931.469050183892 1434.060725741088 120.6131684631109 318.0157732367516 253.9887617528439 524.7791822999716 1000.954944208264 2.254906602203846 94.71669583022594 2624.445454850793 29.54394941031933 147.612365141511 605.2269760221243 225.1263165175915 2.284587860107422 0.2044268548488617 0.3577570468187332 0.2355475872755051 0 0 0 0 0.1686575263738632 0 0 0 0 0.1050131320953369 0 0 13.65144228935242 1.127932615578175 6.487779527902603 0 0 0 1.915938943624496 0 0.2447949349880219 0 0 0 0 0 0 0 30.74972330033779 3.537862069904804 0.6276652216911316 0 0.1733312159776688 0 0 0 5.32305008918047 5.103340767323971 81.67374424636364 141.105765402317 95.10859943181276 25.38816457241774 0 0.1326186209917068 0 9.508251339197159 5.613426767289639 0.7380910068750381 0.7462911829352379 0.2300552427768707 0 0 9.066773056983948 0 0 68.63684041053057 4.427729360759258 10.57915300875902 2.537921093404293 0.5254610478878021 0 5.188424497842789 0.3123431950807571 0.1078200563788414 16.43231107294559 0 1.186286181211472 4.071884252130985 0.9019099771976471 0 0.5750447437167168 0 0.5017550960183144 0 0 0 0 3.703940764069557 0 0 0 569.7348994538188 0.2161009907722473 6.810483030974865 4.151677623391151 0.3209125995635986 0.4234746098518372 8.124416947364807 0.7853507399559021 7.795519351959229 11.91209751367569 25.24068774282932 0.8563683331012726 14.85909684002399 9.475892052054405 7.53489588201046 1.065443262457848 0 0 0 0 0 0 0 0 0 0 0 0 0 0 0 0 0 0 0 0 0.5440220236778259 0 0 0 3.76760122179985 0 7.792306542396545 1.070192217826843 1.21159154176712 0 0 0 0 0 0 0 0.143772080540657 0.3216023445129395 0 0 0 0 0.3032179474830627 0 0 0.1249048188328743 0.1183438673615456 0 0 0 0 0.3082976639270782 0 0 0 0 0 0 0 0 0 2.41398797929287 0 0 0 0 0.9975617080926895 0 0 0.3644662648439407 0 0 0 0 0 0 0 0 0 0 0 0 4.22487285733223 0.4264500439167023 1.632427990436554 50.75760287046432 3.20594197511673 135.4103213399649 19.90016976743937 1088.569936990738 9.903711780905724 0.1459303349256516 1.358263313770294 7.045311391353607 0 0.3781357631087303 0 19.5175079703331 0 0 0 1.217978596687317 0 213.9659065231681 2.886575400829315
375.3378825858235 1879.332018353045 347.620005980134 253.9887617528439 1081.640177026391 11.60120810568333 2865.947895623744 245.8787808418274 6014.646772384644 802.4572616517544 691.4449352025986 44.547732681036 952.1946801617742 2242.139471456409 17.08763577789068 6.207738034427166 0.3450550213456154 0 0.11544568836689 0.1057794317603111 0.2842904329299927 0 0.2564753592014313 0.157271683216095 0.2660068720579147 0 0 0 0 0 72.67655179649591 12.0428911074996 13.52666801214218 0 0 0.1637174785137177 9.98862911760807 0 0.2448002845048904 0 0.4890343546867371 0.2439460009336472 0.2337098568677902 0.6897118091583252 0.1403609663248062 0.1329685300588608 97.80889274179935 3.465936802327633 1.330172136425972 0 0.2607459723949432 0 0 0 4.808597788214684 4.942516036331654 25.49780210107565 53.70103921741247 46.50568591803312 55.37583076953888 0.3123321384191513 0.6157603040337563 0 29.0072133615613 3.763725109398365 0.8781190887093544 1.060916863381863 0.3053918033838272 0.2200777679681778 0.1682312339544296 9.780480206012726 0 0 79.52500493079424 14.30644448101521 37.48556946218014 21.47421315312386 2.845621809363365 1.502325288951397 6.946172028779984 0.3521474525332451 2.879834517836571 13.216577231884 0 1.231905445456505 3.305497743189335 0.8567370995879173 0.4775267392396927 0.258481465280056 0 0.1400529891252518 0.1297303140163422 0.1358980089426041 0.3705414161086082 0.233044445514679 1.523090869188309 0 0 0.3843643963336945 36.98602739721537 0 3.294564604759216 0.2279689908027649 0.8745502829551697 0 4.82574550807476 2.894472002983093 3.454849898815155 9.581571757793427 3.761162295937538 0 5.408940136432648 11.38803879916668 5.786695212125778 2.885750949382782 0 0 0 0 0 0 0 0 0 0 0 0 0 0 0 0.1238945573568344 0 0 0 0 0 0 0 0 1.722389996051788 0 7.713869720697403 0.9393084943294525 0.3434313535690308 0 0 0 0 0 0 0 0 0.3197766244411469 0 0 0 0.6056452989578247 0 0 0 0 0 0 0.7656179070472717 0 0 1.267718940973282 0 0 0 0 0 0 0 0 0 5.279534041881561 0 0 0 0 0.2220836877822876 0 0 0 0 0 0 0 0 0 0 0 0 0.1336388736963272 0 0 6.651034846901894 3.411624416708946 1.087810710072517 364.0189431086183 7.894654370844364 324.7223866581917 99.81402146816254 59.63292410969734 29.7019681930542 0.871022030711174 12.40513184666634 1.730749353766441 0 1.35852587223053 0 3.116927146911621 0 0 0.3820401132106781 9.577084928750992 0 26.01310053467751 3.047084644436836
117.1245588809252 166.4740523993969 10.62518966197968 524.7791822999716 11.60120810568333 39.35502727329731 76.72370126843452 2.594532683491707 7.589615136384964 1882.40169570595 2.763671323657036 417.5820028632879 196.5338743925095 37.19546082615852 0.4150919914245605 0.244156576693058 0.2664709389209747 0 0 0 0 1.84920172393322 0 0 0 0 0 0 0.6937216520309448 0 12.18996965885162 0 12.01907497644424 0 0 0 13.04713076353073 1.36224040389061 1.951224371790886 0 0 0 0 0 0 0 1.989817053079605 0 0 0 0 3.418902561068535 2.116338491439819 0 0.1461301743984222 0.4913877621293068 107.1711024343967 9.056850329041481 4.294424280524254 0.6623164415359497 0 3.150143891572952 0 0 0.2601428776979446 0.1413058340549469 0 0.1197989732027054 0 0 68.07573960721493 131.4860590919852 7.775418773293495 0.8796351253986359 0 0.1054822131991386 0 0 0 3.519453525543213 0 3.978395834565163 0.5473286807537079 3.122536465525627 0 0.2630709782242775 0 4.98586043715477 1.281152442097664 7.696736767888069 0.229825034737587 0.1208427995443344 0 0 0 347.0778589248657 126.7399211227894 6.183573581278324 14.11422047019005 193.4183814674616 7.027600765228271 25.99159181118011 3.270235240459442 0 0 4.12894694507122 14.91507315635681 7.368347346782684 8.482711285352707 26.49689437448978 0 14.34398087859154 23.99186138808727 12.48444648087025 1.732863739132881 0.3779643476009369 0 0 0 0 0 0 0 0 0 0.1730158776044846 0 0 0 0 0 0 0.338893249630928 0 0 0 0 0 0 0.2069131582975388 0 6.224646016955376 1.848445534706116 0 0 0 0 0 0 0 0 0 0 0 0 0 0.1339156627655029 0.1243797168135643 0 0 0 0 0 0 0 0 1.319563746452332 0 0 0 0 0 0 0 0 0 4.224534884095192 0.175029918551445 0 0 0 1.415257573127747 0 0 0.682064950466156 0 0 0 0 0 0 0 0 0 0 0 0 5.917265087366104 3.416754066944122 0.8631661310791969 3.603367954492569 0 3.09050364792347 1.388234838843346 265.081049606204 1.731594055891037 0.1215375959873199 0 0 0 0.1444046497344971 0 73.72960448265076 0 0 0 0 0 146.6562894806266 5.444267749786377
497.4099445343018 1778.669775769114 81.77938871085644 1000.954944208264 2865.947895623744 76.72370126843452 576.6515887975693 12.70528414845467 1036.566053152084 2110.168866574764 57.21608445048332 268.0513539612293 2111.050066038966 1523.987049564719 17.4939658716321 7.308734811842442 0.5064957365393639 0.1918577551841736 0 0 0.4678695946931839 0 0 0 0.2200899422168732 0 0 0 0 0 23.22790027409792 9.723261117935181 13.36668363213539 0.225484773516655 0 0 4.44831520318985 0.8897019177675247 0 0 0.1088469848036766 0 0 0.4663146659731865 0 0 107.5305428504944 1.778787687420845 0.7774522751569748 0.1805480867624283 0.6596035435795784 0 0 0.3043408989906311 3.690955728292465 4.772270187735558 29.15903290361166 53.65620607882738 55.916015394032 58.13905308395624 0 1.84175655990839 0 29.33401314169168 4.497421719133854 0.6413194313645363 0.9884637147188187 0 0.4323131740093231 0.2769144922494888 19.28169510513544 0 0 77.38107194006443 14.97165491431952 34.12478265166283 15.46739415079355 4.068656787276268 0.9969666749238968 11.9911939278245 0.3465211316943169 4.162011630833149 17.52686771005392 0 1.50453519821167 3.138510704040527 0.5604594275355339 0.6012845635414124 0.3098477497696877 0.102691650390625 0.2365976497530937 0.1429087966680527 0.4034468755125999 0.1334481984376907 0.2922918796539307 20.63256052136421 0.2617648839950562 0 0.1827550977468491 58.50731982290745 2.470000497996807 8.03848098218441 19.53197269141674 16.31503091752529 0.1804220229387283 18.36493265628815 6.608532503247261 10.67716856300831 42.11583606898785 37.6973190009594 0.6575406193733215 39.35893688350916 34.25675313174725 30.94894804060459 8.58132091909647 0 0 0 0 0 0 0 0 0 0 0 0 0 0 0 0.1515392661094666 0 0 0 0 0.3796512484550476 0 0 0 9.136634223163128 1.512379094958305 16.02294404059649 2.563249662518501 1.368067234754562 0 0.265311062335968 0 0 0 0 0 1.079823151230812 0.7722299098968506 0 0 0 0.5864743292331696 0 0.3153298944234848 0.1348774582147598 0 0.8092008829116821 0.3532850071787834 0.2476128041744232 0 0 1.936894580721855 0.5541454553604126 0 0.1074742749333382 0 0 0 0 0 0 10.82315796613693 0.2107229679822922 0 0 0 1.889814913272858 0 0 3.751774497330189 1.373390734195709 0.833119161427021 0 0.2307582348585129 0 0 0 0 0 0 0 0 8.218209818005562 3.86878427118063 2.831420689821243 428.1442350745201 10.59602415561676 352.6171105504036 127.7241164520383 148.4304900690913 34.76061923056841 0.2704501003026962 15.15782122313976 4.239955902099609 0.2531942427158356 4.491821326315403 0.5277222543954849 22.42769097536802 0 0 0 8.806741029024124 0.8380140662193298 81.33508162200451 8.047223702073097
373.7375723049045 941.2278741896152 4476.584399931133 2.254906602203846 245.8787808418274 2.594532683491707 12.70528414845467 520.4465134739876 154.6351587176323 9.415085919201374 1851.33378507942 31.27856051921844 118.6321162134409 1556.628830045462 110.9181255176663 56.68112530559301 4.452230103313923 1.975710012018681 0.1188967972993851 4.073284842073917 37.17486251890659 1.07303649187088 21.03129048645496 7.502463333308697 11.74461242556572 3.818486325442791 8.274031639099121 0.2344779297709465 1.017548635601997 0.5139878466725349 1262.95314848423 642.7558856531978 73.38623914122581 3.980958916246891 19.14049944281578 11.01180185377598 21.64291961491108 17.07208133488894 1.794071793556213 2.984861083328724 15.12244618684053 2.913077630102634 10.53588504344225 8.996644370257854 3.622817680239677 21.03728863596916 269.1751138195395 7.600357554852962 4.627628967165947 14.20870297402143 10.6232793033123 2.668395780026913 2.008781313896179 0.551562488079071 9.483753584325314 10.95407899469137 98.05703163892031 442.2589169889688 143.7501265704632 133.818870253861 74.95594046264887 181.4504945427179 7.740462183952332 331.109244287014 10.53700100630522 3.431095980107784 8.301310241222382 10.3481869623065 44.58187253773212 39.00136598944664 3.988545134663582 2.077110216021538 0.3676764070987701 226.9212214723229 87.91607310622931 116.9529039338231 93.4752618893981 30.96807204931974 741.3176385015249 1713.317456267774 67.55967891961336 1428.147404074669 27.27808272093534 0.8577766194939613 3.889629565179348 17.85532117635012 8.177437625825405 2.088230855762959 4.56670568883419 2.382036924362183 6.367452874779701 1.097585439682007 60.978485904634 8.609688341617584 3.828145682811737 2.058884561061859 0.1807626187801361 0 0.8234629482030869 214.9534500017762 0 0 0.3585839867591858 0 1.310642868280411 0.6181939244270325 0 1.919680006802082 0.4395205080509186 1.326305910944939 0.3234582543373108 1.131654217839241 0.885732427239418 3.034519135951996 4.39519165456295 0 0.1667999029159546 0 0 0 0 0 0 0 0 0.779205285012722 0.3318385779857635 0.9214433431625366 0.4653139114379883 0.1855874508619308 1.650849938392639 1.835096448659897 1.080814473330975 0.4241357743740082 0 0 0.1162384003400803 1.554111748933792 0.2923444807529449 3.958231508731842 3.235982567071915 3.725595131516457 2.559969067573547 3.076010994613171 0.7667141854763031 0.5919098556041718 0.2735760360956192 0 0 0 0.4178973957896233 0 0 0 0 0.7107499986886978 1.609927900135517 2.218420103192329 0.155999630689621 0 0.1068915128707886 0 0 0 0 0.4243485033512115 1.192907422780991 0 0 0 0 0 0 0.1052997633814812 0.1090630814433098 0.3368330299854279 3.562126226723194 0.9516124129295349 0.1220386996865273 0.1627875864505768 0.8369875550270081 0 0 0 0 0 0 0 0 0.09720806032419205 0 0 0 0.2006126940250397 0.1160558834671974 0.1188992708921432 0.1939039975404739 0.6296083182096481 5.070655599236488 4.44890895485878 603.7827941849828 34.2288656681776 609.1429487317801 211.4917226806283 103.7126490920782 40.62798414379358 1.071328386664391 18.22222411632538 4.963720813393593 0 0.8317963778972626 0.3910007178783417 2.926837638020515 0.5184083580970764 0.2610527873039246 0 28.90633387863636 0.2779757380485535 29.05285307019949 1.444417804479599
17.62272883206606 1253.342626787722 328.647539652884 94.71669583022594 6014.646772384644 7.589615136384964 1036.566053152084 154.6351587176323 729.9190377444029 152.9226623922586 1044.055932447314 93.61195942759514 945.321906119585 754.4137350544333 15.06793697923422 9.273767858743668 0.3622464239597321 0.2652121186256409 0.08778432011604309 0.1346462368965149 0.4463131278753281 0 0.3756099343299866 0.1196945309638977 0.4260154440999031 0.3909503519535065 0.2768335938453674 0 0 0 6.615167088806629 2.697762258350849 28.84885257482529 0.1397292762994766 0.6201895624399185 0 10.48752669245005 2.649168342351913 0.2274769991636276 0.1245769336819649 0.2377930134534836 0.1089372113347054 0.1026903688907623 0.9840230941772461 0 0 42.30167504400015 0.4694696888327599 0.2572014778852463 0.2133785039186478 0.2956235185265541 0.6417796835303307 0.3138883411884308 0.2162979543209076 0.2077536135911942 1.129936493933201 2.830298885703087 6.376742377877235 5.705206766724586 14.50084382295609 0 3.942831940948963 0 6.045202501118183 1.138258703052998 0.08252795785665512 0.3853289261460304 0.390137106180191 1.195700511336327 0.2343096733093262 13.51521475613117 0.1428270936012268 0 14.04338971525431 4.651658408343792 17.39822863042355 7.328823275864124 3.398282244801521 0.3975352942943573 12.42344800382853 0 15.86756438016891 2.769405402243137 0 0 1.12453506141901 0.1244325712323189 0 0.323350802063942 0.4392447397112846 0.776680089533329 0.2383483648300171 1.550510190427303 0.6238171607255936 0.1411283016204834 10.44714596867561 0 0 0.2736294344067574 4.584962882101536 0 5.21210715174675 2.177353739738464 0.7657989263534546 1.097485482692719 12.90988178551197 2.079075738787651 8.632682651281357 15.00118219852448 17.31148288398981 1.544631123542786 13.21793012320995 26.72834056615829 20.62028820067644 10.42619355767965 0.4954230189323425 0 0 0 0 0 0 0 0.5416465997695923 0 0 0 0 0 0 0.1270671039819717 0.2414477169513702 0.1489676982164383 0 0.2333252429962158 0 0 0 0.5067411065101624 8.410079590976238 1.348603308200836 8.811286747455597 2.568794377148151 0.1099158003926277 0 0 0 0 0 0 0 0.1422830522060394 0.7232135236263275 0 0 0 0.6001967191696167 0 0 0 0 0 0 1.182101368904114 0 0 5.379384279251099 0 0 0 0 0 0 0 0 0 13.10771488398314 0.4021972864866257 0 0 0.1263382881879807 4.791729167103767 0 3.644397154450417 0 0 0 0 0 0 0 0 0 0 0.1061086729168892 0 0 6.436529830098152 6.24993522465229 4.162114106118679 202.7119747400284 5.20332133769989 96.76620817184448 52.86267420649529 15.67179162055254 9.787707716226578 0 5.64937686920166 2.374027609825134 0 1.76632522046566 0.5270987004041672 14.40713021159172 0 0 0 7.508028104901314 0 28.66903394460678 4.784623071551323
1437.051002502441 1054.510046206415 40.29134061187506 2624.445454850793 802.4572616517544 1882.40169570595 2110.168866574764 9.415085919201374 152.9226623922586 3047.17262750864 67.21949377655983 2074.179370254278 5501.849732026458 756.6691917330027 26.77424721419811 7.302438713610172 0.1243062540888786 0 0.2013354301452637 0 0.2834384068846703 0 0.1427978128194809 0.5372842997312546 0.2072596997022629 0.1285564750432968 0.7902279123663902 0.3268623054027557 0.1780714690685272 0 14.12136828899384 2.761818945407867 131.0681124776602 0 0.7736671566963196 0 43.31135544925928 5.994699522852898 0 0 0.3172686994075775 0.3288425356149673 0 1.072118803858757 0 0.124953031539917 115.1692438498139 2.454338319599628 1.564514435827732 0.09102935343980789 0.5001447573304176 0 0.2942806780338287 0.2052259594202042 4.080149814486504 6.046799831092358 80.55898110568523 88.127556219697 75.57385201752186 58.91941913217306 0.2385391443967819 2.351495936512947 0.1847440749406815 23.99647726863623 4.198658622801304 0.9238418117165565 1.838959567248821 0.9481009989976883 0.9764464274048805 0.9165640398859978 131.5889178290963 0 0 77.75020755827427 9.820701770484447 36.91371508687735 16.17642559111118 6.334674574434757 0.825218677520752 21.64214860647917 0.8425409570336342 10.25889953970909 16.62492547929287 0 1.282397858798504 4.609408140182495 1.744107462465763 0 1.260712936520576 0 0.7683548778295517 0.1167377978563309 0.9723569452762604 0 0.1233444586396217 341.5308613777161 1.883854880928993 0 3.775375217199326 519.3529855906963 1.39659222215414 77.15549544990063 39.4928759932518 30.73514440655708 5.307652071118355 115.8569064736366 62.72739569842815 107.6084008663893 197.5358509868383 244.8909955397248 8.103745028376579 164.1209157556295 305.8289505690336 203.9821948260069 73.64519637078047 0.4440157786011696 0.2768165469169617 0.957414373755455 0 0 0 0 0 0 0 0 0 1.033388197422028 0.2911387085914612 1.627409100532532 1.132375478744507 0 0 0.1510240882635117 1.856287509202957 1.181044161319733 0 1.758023500442505 0.363358199596405 58.28705015778542 4.580768793821335 86.154152110219 13.93384903669357 3.295585319399834 0 0 0 0 0.1761860996484756 0 0 2.15221694111824 2.099580883979797 0 0 0 1.64454597234726 0 0 0 0 0.4449172616004944 0.1772972196340561 5.687168851494789 0 0 24.67320115864277 0 0 0 0 0 0 0 0 0 79.24072397500277 1.426771432161331 0.2071411907672882 0.331158310174942 0.4468429684638977 13.76014725863934 0 7.696110859513283 2.024316877126694 0.3263609409332275 2.178686320781708 0 0 0 0.1740387827157974 0.1290258467197418 0 0.1293852925300598 0 0.5200665593147278 0.4346148073673248 83.13064050674438 35.24939972162247 26.69751179218292 838.1962114647031 22.9102243706584 414.7144651636481 168.0322173386812 1067.311245977879 40.60990327596664 15.25260101258755 34.49783430993557 23.07010382413864 0.1134975329041481 9.831118434667587 2.265148848295212 210.6116298437119 0 3.642490386962891 0 18.74115872383118 0.3255651593208313 1240.029254630208 96.83683602511883
182.6871492788196 778.3607141375542 1554.05315926671 29.54394941031933 691.4449352025986 2.763671323657036 57.21608445048332 1851.33378507942 1044.055932447314 67.21949377655983 2526.924453936517 206.0304407179356 1207.781496375799 4089.897240325809 36.83558539301157 24.06607528030872 3.98647154122591 1.738284006714821 0.09039256721735001 0.8193297013640404 6.420899383723736 3.064446628093719 4.541656695306301 1.315383926033974 20.60073207318783 2.52324016392231 4.749371513724327 0.5621600300073624 1.682966157793999 0.1611336171627045 151.7552252411842 18.60736440122128 637.102474719286 0.3330752998590469 4.097316525876522 12.75391758978367 173.9591683745384 68.06829112023115 5.145938538014889 3.279824793338776 5.210290476679802 1.854610666632652 0.4303584843873978 1.552679613232613 0.1759053468704224 0.8443067967891693 64.53091238439083 1.640304252505302 0.9495355114340782 1.978291526436806 5.195584036409855 4.248990125954151 1.686172440648079 1.643667474389076 1.697373263537884 2.587015561759472 15.99162492156029 48.82260172069073 27.14961658418179 26.64380771666765 1.413445711135864 53.6464012786746 2.467860519886017 13.90219416469336 0.9251948893070221 0.4789344817399979 2.556316219270229 1.621534660458565 3.97831767052412 4.739544339478016 55.7964288443327 0.4963178783655167 0.2358660101890564 39.55239557474852 7.486108727753162 22.6404951736331 14.63056053221226 9.615967601537704 33.50730973482132 752.0136506929994 0.2527046129107475 56.12955917418003 6.609923511743546 0.820377804338932 0.1870079338550568 4.533890470862389 0.8545987457036972 4.421921394765377 4.683864742517471 5.614486917853355 4.402727641165257 3.000204376876354 8.362167716026306 4.937743172049522 0.765049010515213 14.20910881459713 0.8806365430355072 0 1.28578282892704 55.77156858146191 1.332786679267883 0.7229207754135132 0.2394396811723709 2.43817937374115 0.8467280566692352 4.720603063702583 1.344584569334984 2.517346695065498 3.47940169274807 8.02073809504509 0.9363058060407639 5.001305937767029 9.981097787618637 10.82680424302816 6.971568584442139 0 0.1247887760400772 0 0 0 0 0 0.2392064481973648 0 0.1584632992744446 2.627709791064262 0 0.9255743473768234 0.5370829850435257 0 2.146803051233292 1.200593687593937 1.106932401657104 0 0 0 0 2.401892900466919 0 10.01225951313972 4.059500977396965 23.0428926423192 8.633453078567982 6.220878131687641 0.7531372532248497 0.1131411790847778 0.1602818369865417 0 0.1191133484244347 0 0.2897385358810425 1.586987614631653 0.6438353881239891 0 0 0 2.728475466370583 1.877451576292515 0 0 0.09516648203134537 0.7872429490089417 0 0 0.1591660380363464 0 5.256510093808174 0 0 0 0.1280619651079178 0 0 0 0 0.238028459250927 10.29872020334005 1.548561945557594 0.4736526012420654 0 0.981555849313736 2.364730358123779 0 1.484830856323242 0 0 0.1482734531164169 0 0 0 0 0 0 0.1780694723129272 0 0.231995016336441 0 5.218125507235527 15.27263166755438 10.64806015044451 364.4175935536623 10.05644904077053 178.0090563744307 82.88708689063787 40.87339809536934 16.06282098591328 0.396583080291748 10.62734421342611 4.729930803179741 0 2.61370275169611 0 3.933310478925705 0 0 0 14.39430148154497 0.6677579283714294 11.68454275280237 4.656106904149055
110.2866470366716 93.52094694972038 65.17380349338055 147.612365141511 44.547732681036 417.5820028632879 268.0513539612293 31.27856051921844 93.61195942759514 2074.179370254278 206.0304407179356 289.5924179032445 1201.845647700131 329.0847133696079 13.46412146836519 7.689729996025562 1.720643848180771 0.6127916425466537 0 0.1323430240154266 0.3616676926612854 5.640324771404266 0.6794270277023315 0 4.444095268845558 1.81285086274147 1.40671057254076 0.9323939681053162 6.586929440498352 0 1.625668033957481 0.136549174785614 115.9768136590719 0 0.216760665178299 2.153643220663071 249.919190056622 26.62544395029545 12.14337109029293 5.041310623288155 3.35344024002552 2.899469330906868 0.2974411994218826 1.113835610449314 0.3458138182759285 0.4468302130699158 23.01865316927433 0.5159404873847961 0.3395956307649612 0.6160304248332977 1.376381568610668 5.780719242990017 9.936449080705643 3.297251850366592 0.1146450340747833 0.8368230387568474 4.250762201845646 2.282791912555695 5.307900674641132 5.420233137905598 0 12.28169602155685 0.1282586455345154 8.000916361808777 0 0.1539286226034164 0.7374435514211655 0.3000731915235519 0.3234715163707733 0.6087906807661057 203.3452412933111 8.392427086830139 0.7756968811154366 6.50802194327116 1.378033921122551 4.487011797726154 3.271146439015865 2.424000054597855 0.2731281816959381 21.12848652899265 0 1.112641736865044 0.832868218421936 0.1332446783781052 0 1.817709736526012 0 3.200040109455585 2.835097186267376 3.931187979876995 1.881063386797905 1.520128816366196 0.9712732955813408 2.36166750639677 3.064637318253517 1069.006564505398 19.84970922768116 0.5286293029785156 13.24394762516022 49.56760773062706 0.9028066694736481 38.57521492242813 21.98500717431307 10.60167204588652 4.577358767390251 95.89332435280085 21.27985642850399 61.37667666375637 134.8389415293932 161.658325523138 4.673465877771378 133.9086942598224 246.6306311413646 180.7072461843491 56.26566519588232 1.489738315343857 0 0 0 0 0 0 0 0 0 1.994049221277237 0 3.374059572815895 1.107516229152679 0.7069804817438126 2.128235131502151 0.677550733089447 1.399715900421143 0.1237340420484543 0.1650881916284561 0.2595953866839409 0 4.180088356137276 0 36.07998707145452 5.220848470926285 50.03485490381718 11.07684652507305 12.43457850068808 0.5669037401676178 0.3158649504184723 0 0 0 0.1729433834552765 0 1.018909245729446 2.257963463664055 0 0.1459387987852097 0.4738485217094421 3.991879172623158 2.422917976975441 0.3946119844913483 0.4314857125282288 0 0.9229210317134857 0.1325551569461823 4.983840227127075 0.2303097546100616 0.1906940490007401 14.671630859375 0 0 0.2840146422386169 0 0 0 0 0 0 64.55919172614813 7.088344812393188 0.9118187800049782 0 0.6292224898934364 10.14262457937002 0 11.91948690265417 1.114405572414398 0 1.983771480619907 0.4363758191466331 0 0 0 0.1250947415828705 0.2504730820655823 0.1024833098053932 0.5725535303354263 0 0.6362131536006927 91.96658430993557 36.51177586615086 23.44259599596262 250.7985774055123 7.678824156522751 64.65145472437143 41.56241031736135 126.8872172683477 5.399939075112343 0 9.975595623254776 15.38843583315611 0.1394733488559723 12.629817686975 2.465823449194431 66.85522748529911 0.5966286659240723 0 0.5111700892448425 10.90154266357422 0.4083291292190552 876.0979209989309 92.34099819511175
95.23083238303661 1077.398356072605 233.5361935049295 605.2269760221243 952.1946801617742 196.5338743925095 2111.050066038966 118.6321162134409 945.321906119585 5501.849732026458 1207.781496375799 1201.845647700131 1683.855120301247 3396.890961356461 44.2588656693697 28.49544771015644 2.943761013448238 1.101442933082581 0 0.2218386232852936 1.652493700385094 5.454632580280304 0.7035531923174858 0.1371651887893677 11.25007685273886 4.106126718223095 4.049258194863796 1.818924561142921 11.60743824392557 0.1599425375461578 8.829044796526432 2.565826095640659 544.3695385456085 0 1.399226270616055 5.836132325232029 516.12909848243 352.8817079216242 26.11294323205948 6.935813255608082 4.717309303581715 3.776992425322533 0.1908613592386246 2.628657601773739 0 0.2909258157014847 86.95112143456936 2.02311647683382 0.7689310312271118 0.7828296646475792 1.617325343191624 10.74828263372183 21.85867312550545 6.232100076973438 2.056981220841408 3.25077785551548 11.82259535044432 15.44061381369829 16.48131998628378 31.69285953044891 1.158832728862762 150.7226930558681 0.4343078434467316 8.329342983663082 1.325647011399269 0.1858174800872803 0.9401976466178894 1.03597479313612 1.718006238341331 1.96650056540966 257.58442556113 14.34293828904629 0.6696633249521255 32.8828306645155 4.888234362006187 29.67674373090267 16.39363510906696 11.35735523700714 1.247544765472412 118.0722006484866 0.3663727343082428 20.85866159945726 5.5740787088871 0.892285518348217 0.4502599686384201 4.479628048837185 0.7553729042410851 3.29746849834919 5.267892144620419 5.282307721674442 3.650381200015545 2.844515740871429 6.008635431528091 5.084049306809902 8.737323746085167 1302.182501241565 7.860758602619171 0.3689187467098236 10.30453205853701 43.0563979446888 1.711756646633148 59.50065523386002 26.54082647711039 15.43356237560511 8.720858953893185 117.5902585014701 31.53969673812389 69.81504244357347 189.5720401480794 210.4505215361714 9.223642356693745 161.9136747941375 299.2211712524295 239.1784153878689 83.32099226117134 1.913760766386986 0.5578948110342026 0.3818473219871521 0.2095936387777328 0 0 0.1991098076105118 0.7911961376667023 0 0.1449657827615738 2.707438692450523 0.1361065655946732 3.230246864259243 0.4446366131305695 0.860674075782299 3.103202722966671 2.360159419476986 2.606748335063457 0.2517493143677711 2.34887408465147 2.493419587612152 0.08832961320877075 3.913792550563812 0.3121819421648979 65.62005868554115 9.363862551748753 97.88749039173126 23.5264008641243 12.98710107803345 0.4184930622577667 0 0 0 0.3418753743171692 1.589258961379528 0 1.15851891040802 2.521403394639492 0 0.1329532712697983 0.3884800598025322 6.758076667785645 2.436876386404037 0 0.1132134571671486 0 3.158182099461555 0.4250297397375107 6.756956487894058 0 0.1895282864570618 24.8155899271369 0 0.2188455611467361 0.4958042651414871 0 0 0 0.2917985320091248 0 0.3272806107997894 110.678207911551 7.864242993295193 0.9773775413632393 0.3132855370640755 1.320496968924999 19.19605608284473 1.454071223735809 3.411521553993225 1.556229546666145 0.1367131173610687 1.426068522036076 0 0.3494732528924942 0.2135487496852875 0 0 0.08801426738500595 0.2053206190466881 0.1134714186191559 0.1576520353555679 0.2510654181241989 117.9981585144997 62.36675904691219 42.82528600096703 672.1423847600818 18.21869058907032 262.303794786334 125.6234318986535 122.9734637364745 28.37490431219339 0.3432042375206947 20.15226791799068 26.47208484262228 0.1222342923283577 20.06818412989378 4.760642997920513 93.59941446781158 0 2.385664701461792 0.2191922217607498 26.93912597000599 0.9570997357368469 647.1703552007675 100.951259881258
