40.5627755522728 2170.524373658001 753.8907855302095 1472.864099651575 327.8285610154271 42.95992137491703 1856.805757708848 27.03980765491724 98.7468900308013 1544.509318575263 283.2359063774347 120.6479624584317 387.6065022721887 308.1513424217701 4.350003995001316 0.458915501832962 0.1263986676931381 0.104282833635807 0 0 0 0.3223283737897873 0.06871332973241806 0.1133100166916847 0 0.1362068951129913 0 0.1989003121852875 0 0 320.4855380877852 0.7021822109818459 5.626782462000847 0 0.2947136834263802 0.1493315845727921 5.076752558350563 0.1344978809356689 0 0 0.54691182076931 0.2799005284905434 0 0.1042754501104355 0 0.1203812211751938 19.2547073662281 11.28659977018833 0.1274424642324448 0.3203578516840935 1.42418010532856 0.9240270927548409 0.7758991420269012 0 16.13423843681812 15.01933570206165 590.3409460783005 627.5827412083745 82.93180684745312 40.63557288050652 0 0 0 1.817049324512482 6.42410134524107 8.90269236266613 1.861492075026035 2.528722137212753 0.4869926199316978 0.1448176205158234 17.02684740722179 5.998222455382347 1.520122811198235 224.1409016698599 6.464662328362465 14.76398151367903 0.2213217541575432 0.3841382637619972 0 8.351500496268272 0 0.4775448516011238 52.91922556608915 0.4348539412021637 18.39663106948137 2.966171413660049 6.415268301963806 0.4043751358985901 1.364347033202648 1.498996660113335 0.9877222627401352 0.7765955179929733 0.5359839349985123 0.9581484347581863 0.7856860905885696 67.36107072979212 25.35449789464474 1.627100080251694 0.8628885447978973 747.7799263447523 0 0.6302060186862946 0.4775333404541016 0 0.2977777719497681 0.8257593512535095 0 0 16.34673161804676 0.6486469507217407 1.915927708148956 2.920268714427948 5.517351895570755 6.451358482241631 0.7345235049724579 0.1369793862104416 0.3031473457813263 0 0 0 0 0 0 0 0 0 0 0 0 0 0 0 0 0 0 0 0 0 0 1.478427737951279 0 1.50035360455513 0 1.515807807445526 0 0 0 0 0 0.2280814498662949 0 0 0.1285094171762466 0 0 0 0 0 0 0 0 0 0 0 0 0 1.669408813118935 0 0 0 0 0 0 0 0 0 1.418552823364735 0.4637625813484192 0 0 0 0.4499496519565582 0 0 0.5547837615013123 0 0 0 0 0 0 0 0 0 0 0 0 6.137630969285965 1.154942765831947 0.2803971469402313 33.94704832881689 3.24573341012001 160.6139889359474 42.70406753569841 565.5240844711661 15.70186776667833 8.468998290598392 1.107673332095146 1.4211186170578 0 0.9127704277634621 0 9.673354804515839 0 0 0 1.501046568155289 0 175.9946723729372 6.032381117343903
2170.524373658001 1404.311512030661 681.6096701994538 942.4682030305266 2811.125925764441 58.72666998207569 3229.312824398279 126.8260869160295 5041.544127255678 576.8862566798925 678.3788220211864 55.4626771658659 2023.873828232288 1434.379132822156 30.79802043735981 3.831601142883301 0.5984847173094749 0 0 0.1152301505208015 0.6053759232163429 0.2829232215881348 0.2981090396642685 0.2674987837672234 1.378219410777092 0.178992748260498 0.2166011333465576 0.1080330312252045 0 0 2669.259785398841 2.496458359062672 4.004025734961033 0.1076301410794258 0.7749919965863228 0.8721818327903748 1.224667102098465 0.1034488007426262 0.1627364531159401 0 0.3886955082416534 0.1428525000810623 0 0.4024572521448135 0 0.1091643869876862 79.86685434728861 28.64731101691723 0.5676297843456268 0.182753786444664 1.759835362434387 0.269907683134079 0.3344338536262512 0.3355641514062881 23.96337151527405 22.81547424942255 289.1293158829212 584.2081957608461 73.1164600327611 102.2453387901187 0 0.4758306965231895 0.1477237641811371 15.45845080167055 10.82587786763906 14.44128230214119 2.775167249143124 7.185176141560078 0.6288997977972031 0.3408361002802849 3.757992126047611 2.425557568669319 0.1855787634849548 348.4445167705417 57.47285934537649 70.74935942143202 2.920025236904621 1.944735251367092 0.5169790461659431 7.299986377358437 0.5068556442856789 1.476609908044338 71.81763445585966 0.6429503262042999 31.74688898772001 8.132777281105518 12.79975011199713 0.2677089273929596 1.441444464027882 0.5855067893862724 1.015131987631321 0.1279112100601196 1.450373336672783 0.2497187927365303 0.8314611837267876 16.33591249585152 2.742019206285477 0.3044933378696442 0 1061.662917278707 0 0.4826673865318298 0.41302090883255 0 1.571254730224609 0.8499488830566406 0.6830158829689026 0.7715387344360352 5.672601819038391 2.457119926810265 0.7363595962524414 6.431095495820045 8.169376790523529 10.20701707154512 2.78968595713377 0.1573128551244736 0 0 0 0 0 0 0 0 0 0 0 0 0 0 0 0.1422519832849503 0 0 0.2147145867347717 0 0 0 0 1.717727281153202 0 2.166852310299873 0.1144136860966682 0 0 0 0 0 0 0 0 0 0 0 0 0 0 0 0 0 0 0 0.1236332207918167 0 1.042420983314514 0 2.310030966997147 0 0 0 0 0 0 0 0 0 4.61182314157486 0 0 0 0 1.005344212055206 0 0 0 0.1234798803925514 0 0 0.3023610413074493 0 0 0 0 0 0.1222856417298317 0 0 8.052197225391865 0.6747342646121979 0.2818359136581421 216.6746625453234 8.19315455108881 454.6027692258358 78.36439450085163 249.3044626563787 13.13007099181414 7.296716637909412 8.66758219897747 3.716303840279579 0 0 0 7.747987806797028 0.5186960101127625 0 0 1.71889229118824 0 109.4167853072286 10.7677216231823
753.8907855302095 681.6096701994538 923.5858266279101 510.4530828222632 2282.376862153411 33.7781296223402 58.34357005357742 2613.805633671582 894.6110180690885 128.4165182113647 3412.037409320474 21.88555050641298 168.5056996569037 1102.739460982382 18.70824006944895 7.645324505865574 1.909053854644299 0.5743626281619072 0.5621085688471794 1.874129205942154 12.55395175516605 0 18.97674684226513 5.520925618708134 32.26228339970112 9.647680170834064 14.40988747775555 4.687956072390079 4.681639447808266 1.291140720248222 4833.596242688596 841.0247425511479 64.83615150302649 2.241078041493893 34.55826856195927 16.94449646770954 19.37025468051434 4.826179891824722 1.145725823938847 2.613987103104591 18.16653837263584 9.626586399972439 0.9131549224257469 1.028116814792156 1.291191376745701 3.291610226035118 42.73841350525618 12.67371156066656 0.5963476225733757 2.115076743066311 15.06279626488686 1.67728628218174 0 0.9504836350679398 9.47214462608099 6.374734006822109 177.0575127825141 758.6745905801654 37.64479480683804 50.41175279766321 5.363279283046722 70.38857859373093 2.04550363868475 625.3235270157456 6.133971244096756 7.067059509456158 1.92854530364275 5.089727431535721 6.437200054526329 11.85178335011005 3.926168225705624 1.002574652433395 0.3318152725696564 207.0596954524517 126.4558321163058 46.12836247682571 9.024228319525719 6.052382059395313 28.87110253423452 575.4750187769532 3.955061621963978 203.6132891029119 30.8251081854105 0.4914223700761795 14.46352559328079 3.050214819610119 4.419031351804733 0 3.864447213709354 0 11.13147577643394 0.9115985780954361 30.00316119939089 27.74237292259932 11.28939112275839 3.956242822110653 1.454859405755997 0.1982948333024979 0.1037418395280838 179.0396299883723 0 0 0 0 0.4734234809875488 0.865270733833313 0 0 0 1.056443080306053 0 0.9878993332386017 2.187737494707108 3.25193789601326 2.055195607244968 0 0 0 0 0 0 0 0 0 0 0 0.1745469272136688 0.1465918570756912 0.5422552824020386 0 0 0.3742206767201424 0 0.116194099187851 0.5708577036857605 0 0.1340391933917999 0.2416550666093826 0 0.7219481766223907 0.2586552053689957 1.657057464122772 0.8382679000496864 0.3894706517457962 0 0.2609107196331024 0 0 0.1470005065202713 0.3979648277163506 0 0 0 0 0 0 1.042173460125923 0.3819440603256226 0 0 0 0 0 0 0.2368724346160889 0 0.8874461278319359 0 0 0 0 0 0 0 0 0.4784292429685593 0.661267064511776 0.5535910576581955 0 0.1352391242980957 0.7352603822946548 1.279254674911499 0 0.2215611785650253 0.2168092355132103 0 0 0 0 0 0 0 0 0 0.124210424721241 0.1712204217910767 0.1390924602746964 4.050030440092087 1.023768484592438 2.87978783249855 115.4122002795339 5.086467914283276 211.9666683524847 49.35825806856155 68.52874844521284 6.888835981488228 3.728816397488117 4.497737012803555 2.371661558747292 0.5010277032852173 1.487533293664455 0.3559460341930389 0.4833316802978516 0 0 0 0.9933318197727203 0.2172811031341553 40.38253315538168 5.713897749781609
1472.864099651575 942.4682030305266 510.4530828222632 746.9469835907221 477.0119760781527 180.792221903801 1598.329742982984 0.8184100985527039 114.6780855059624 1996.325718782842 128.3663767129183 352.9668972864747 1913.800964564085 168.0530447289348 2.557848833501339 0.2052867412567139 0.1190781965851784 0 0 0 0 0 0 0 0.1040940061211586 0 0 0 0 0 5.071938872337341 0.1334067434072495 0 0 0 0 0.6078788638114929 0.1135363653302193 0 0.09288009256124496 0 0 0 0 0 0 12.23786839842796 4.556642256677151 0.2397838309407234 0.3943511545658112 0.1690120995044708 1.656630426645279 0.1833547353744507 0 4.473484009504318 7.229630172252655 78.01656783372164 48.39171668887138 20.71660024672747 21.01289772242308 0 0.2329141646623611 0 0.1250095516443253 2.247478350996971 3.815644942224026 1.003206804394722 1.218269295990467 0.09297142922878265 0 9.150766238570213 4.87295626103878 0.3368523418903351 90.2190667539835 3.742841869592667 11.22011002898216 0.1321489959955215 0 0 0 0 0 20.18075878918171 0.5384916216135025 8.694301411509514 1.833836771547794 3.815434448421001 0 0 2.139091476798058 1.002542436122894 0.7049634009599686 0 0.3758361786603928 0.1101428866386414 57.56016489863396 8.433744877576828 0.1904289871454239 1.462137058377266 329.8513628095388 0 1.014587268233299 1.693222492933273 0 0.1914723515510559 0 0.9806663393974304 0 70.53519912064075 10.8220930993557 2.988399922847748 13.53048577159643 19.11095413565636 16.2219904884696 2.056215792894363 0.1864268183708191 0 0 0 0 0 0 0 0 0 0.248595654964447 0 0 0 0.3099592626094818 0 0 0 0 0.3719128221273422 1.859969258308411 0 0 0 1.369270116090775 0 0.2720395475625992 0 0.1569980531930923 0 0 0 0 0 0 0 0 0 0 0 0 0 0 0 0 0 0 0 0.7434368133544922 0 0 1.296410098671913 0 0 0 0 0 0 0 0 0 2.783077247440815 0.1857561618089676 0 0 0 1.923032730817795 0 1.235787257552147 0 0.6872836947441101 0 0 0 0 0 0 0 0 0 0.1169471815228462 0 15.90533567965031 2.173416867852211 0.4207834899425507 45.60348808765411 2.447414554655552 107.9372108876705 20.69724155962467 369.047483637929 4.024025954306126 1.530776262283325 1.668761603534222 6.080917224287987 0 0.7633457183837891 0.1378335505723953 11.76457506418228 0.1621385514736176 0 0 1.035025000572205 0 154.098495952785 17.08216272294521
327.8285610154271 2811.125925764441 2282.376862153411 477.0119760781527 2373.969358876348 17.40536174178123 382.978425770998 309.7188042998314 2689.858955942094 663.0194419771433 1147.925801977515 68.66476486623287 276.6929187849164 518.5819210410118 70.50612197071314 8.011927135288715 0.5161129683256149 0 0.2327529489994049 0.2576570138335228 0.4298224076628685 0 0.1771354004740715 0 0.1097731068730354 0.2464410588145256 0.08997282385826111 0 0 0.1312567442655563 485.917006328702 5.384584866464138 2.3852748721838 0 0.5330861583352089 0 2.441600628197193 0 0.352809801697731 0 0.2157500460743904 0.09021934866905212 0.08963620662689209 0.7488315105438232 0 0 119.2433616295457 19.10230320692062 0.2224405556917191 0.4439479038119316 1.063131920993328 0.1941780745983124 0 0.1716570258140564 9.255194112658501 11.69095485657454 95.82687249034643 256.2303422614932 31.57571902871132 84.97432467341423 0 0.8482057005167007 0 36.11997666954994 8.938838578760624 9.268711097538471 1.292323730885983 5.794053204357624 0.9885668456554413 0.6771065145730972 4.714328460395336 0.2373076975345612 0 235.8014972321689 111.2415839955211 134.2064135074615 12.93243433535099 4.643385417759418 0.1713352128863335 4.742740593850613 0 1.391391351819038 45.2135972827673 0.3600747957825661 21.39918144792318 6.396236501634121 9.72207485884428 0.3916792571544647 0.9741697534918785 0.1271110028028488 0.6108499765396118 0 0.716740608215332 0.1434641033411026 0.6184248253703117 3.890734270215034 0.8669597655534744 0 0.5385492742061615 64.47284609824419 0 0.5394826680421829 0 0 0 0.3592395186424255 0.1937588900327682 0 2.374555110931396 0 0.6161938309669495 2.410936802625656 5.827169746160507 10.46072480082512 2.231942638754845 0.6024119108915329 0.2245159596204758 0 0 0 0 0 0 0 0 0 0 0 0 0 0 0 0 0 2.167870044708252 0 0 0 0.140636682510376 2.58081854134798 0.2340507209300995 1.072569638490677 0.6682571992278099 0.2436513900756836 0 0 0 0 0 0 0 0.2192447334527969 0.2730253785848618 0 0 0 0 0 0 0 0 0 0 0 0.2471541464328766 0 1.454836249351501 0.2047528922557831 0 0 0 0 0 0 0 0 2.434280514717102 0 0 0 0.2826455533504486 0 0 0.5146623849868774 0 0 0 0 0 0 0 0 0 0 0 0 0 6.702874422073364 0.5638617426156998 2.044423788785934 329.1697390601039 10.40931189805269 444.2451196834445 121.6333048641682 59.45844003558159 21.16235572099686 5.27069066464901 21.18380487710238 5.430428296327591 0 0.1997583657503128 0.5855707079172134 0.9706812351942062 0 0 0 4.298453167080879 1.081495761871338 38.65452244132757 7.935467980802059
42.95992137491703 58.72666998207569 33.7781296223402 180.792221903801 17.40536174178123 2.0313930362463 50.23498094081879 2.859364748001099 4.335804596543312 395.7017001062632 13.74092888832092 184.9249768555164 175.3359931781888 24.49089296907187 0.8001294583082199 0 0 0 0.2597083747386932 0 0 3.026470184326172 0 0 0 0 0 0.2254362255334854 0 0 22.45748442411423 0 2.703656643629074 0 0 0 10.90362140536308 0 0.6222199201583862 0 0 0 0 0.2041130363941193 0 0 1.031104877591133 0 0 0 0 18.28610154986382 0.5310749113559723 0 0.3156812936067581 0.6507377699017525 166.9841511249542 6.157059460878372 26.25644952058792 0.9383715763688087 0 0 0 0 0 0.3022100925445557 0 0 0.1916192620992661 0 120.9979534745216 176.0286313444376 21.45160213112831 4.040150381624699 0.6324989646673203 0.2673763036727905 0 0.153002455830574 0 1.37202637642622 0 0 0.2555582225322723 1.167244091629982 0.1909768432378769 0.8143814951181412 0 9.653193213045597 4.530347622931004 34.44720278680325 4.620502844452858 9.624292984604836 0 0 0.1822319775819778 208.6828678250313 166.0875468999147 20.65823104977608 11.8457493185997 241.5011374428868 0 0 1.231395900249481 0 0 0 0 0 2.29650516808033 1.038009703159332 2.963505029678345 1.042149156332016 4.25824174284935 3.770271718502045 0.3862503916025162 0 0 0 0 0 0 0 0 0.2269585430622101 0 0 0 0 0 0.5120957940816879 0 0.6871791332960129 0 0 0 1.291551887989044 0 0 0 0.6959398537874222 0 0.6942191570997238 0.8811701685190201 0.3088369369506836 0 0 0 0 0 0 0 0 0 0 0 0 1.028469294309616 0.1553621739149094 0 0 0.3032905459403992 0.2419419288635254 0 0 0 0 0.4437496960163116 0 0 0 0 0 0 0.1412447243928909 0 0 0.3792738765478134 2.385186478495598 0 0 0.1860673129558563 0 0 0 0 0 0 0 0 0 0 0 0 0 0 0 0 2.307266131043434 0 0.6543977558612823 6.413660630583763 0.1415733993053436 5.955625981092453 2.336275413632393 245.9849114492536 12.56741662323475 0.298582136631012 0 3.277467310428619 0.3309587836265564 0 0.1507016718387604 3.284882634878159 0 0 0 0 0 109.0956314504147 5.01235468685627
1856.805757708848 3229.312824398279 58.34357005357742 1598.329742982984 382.978425770998 50.23498094081879 349.3658396750689 4.63974404335022 795.7136073559523 1785.528727374971 85.1638612896204 125.4466006532311 2648.9971659109 1711.698752500117 43.65833305567503 3.772259622812271 1.243456587195396 0.5045299381017685 0 0.1764470338821411 0.6377129405736923 0.1333853900432587 0.09799565374851227 0.1025727391242981 0.09653265029191971 0 0 0 0.09328067302703857 0 106.954430937767 1.429935693740845 1.800794273614883 0.09727156907320023 0.3277588710188866 0.161484107375145 1.884096190333366 0 0.1708438247442245 0.230833426117897 0 0.5533246397972107 0.09716953337192535 0.3797977194190025 0.1406333297491074 0 105.9597997963428 28.55592152476311 1.131649054586887 0.283930242061615 1.443275578320026 0.49421226978302 0.1047546565532684 0 20.09668183326721 17.60871375352144 144.6109026446939 206.9481578320265 59.6201780512929 108.716554120183 0 1.861463636159897 0 13.24291744083166 8.467083945870399 16.74236382544041 3.483111269772053 9.063801191747189 0.947349414229393 0.2225725725293159 6.421806514263153 1.755600199103355 0.6345347464084625 320.5553529337049 64.9254200309515 104.3819123208523 7.550134375691414 3.918369799852371 0.1039910465478897 1.776957094669342 0.3410752937197685 0.3882355615496635 77.83052110671997 0 30.40167963504791 7.530841365456581 13.73861993849277 0.2389965131878853 1.375875771045685 1.272367760539055 0.7196587547659874 0.2175889611244202 0.2344343513250351 0.1232387199997902 0 25.08605170249939 2.144406646490097 0.2294949144124985 0.9956058114767075 138.2943548858166 1.143695577979088 1.31537438929081 1.012215569615364 10.13186031579971 0 10.71645669639111 1.81708861887455 2.115561932325363 15.28648822009563 5.070128992199898 5.443865239620209 24.14774779230356 26.14464546740055 19.02595456689596 7.885167695581913 0.2967617213726044 0.09937204420566559 0 0 0 0 0 0 0 0 0 0 0 0 0 0 0 0 0 0.5567817166447639 1.702081337571144 0 0 0 3.333715826272964 0.5030332207679749 3.359209030866623 0.1344699561595917 0 0 0 0 0 0.1217325478792191 0 0 0.1143544092774391 0.9640491306781769 0 0 0 0.1861795037984848 0 0.1378697752952576 0 0 0.6296454295516014 0 0.2275655567646027 0 0 2.510393634438515 0 0.1352331787347794 0.1433278471231461 0 0 0 0 0 0 6.933624938130379 0.5167573392391205 0 0 0 1.240217730402946 0 0.4643976539373398 0 0.6271907985210419 0.1389147639274597 0 0 0.1202146112918854 0 0 0 0 0 0 0 24.721077054739 2.325560957193375 1.81468852609396 329.8074756637216 13.21831699460745 548.0951823145151 112.1174947619438 193.3225944936275 19.41790001094341 6.918624140322208 12.17543396353722 6.303377270698547 0 2.912454672157764 1.039818182587624 7.233937978744507 1.623747169971466 0.1378912031650543 0.9167346358299255 5.715591058135033 0.4466923177242279 115.4630413725972 25.69856172055006
27.03980765491724 126.8260869160295 2613.805633671582 0.8184100985527039 309.7188042998314 2.859364748001099 4.63974404335022 1069.498419381678 201.8233964592218 6.263591915369034 1406.076272159815 6.762426964938641 48.91901384666562 282.7575744763017 114.8274382948875 56.88608726114035 12.26898953318596 7.146699175238609 5.856726005673409 20.37494234740734 62.03781169652939 2.048783048987389 50.33010207116604 15.63069844990969 97.63278825581074 46.47625236958265 52.38441159576178 30.27811476588249 21.36135765910149 11.37497292459011 1137.234672859311 2721.744471125305 351.3098979741335 18.21452578902245 108.9092706888914 47.51575328409672 103.385117739439 50.95801734179258 11.48766297101974 18.95907890051603 60.57268280535936 51.59726475179195 10.44198103994131 18.99811514467001 5.055504456162453 13.18280682712793 100.2895547449589 7.704873539507389 2.24725815653801 9.926917709410191 40.17583725601435 5.157648757100105 0.1540231704711914 12.19468574225903 2.349980972707272 4.171497225761414 84.15504862368107 461.354180984199 18.74816916882992 52.22867940366268 78.17722842097282 352.988689981401 8.745943933725357 703.4380731061101 2.216842457652092 3.511537805199623 2.19789994508028 11.76221120357513 20.94550310820341 39.14233972877264 9.048794128000736 4.570210188627243 0.5065784826874733 179.2114160805941 348.2508911266923 200.1792720109224 479.3267371281981 808.5980352833867 773.517761580646 3738.5325069502 222.5353048741817 1020.987953312695 17.18313498795033 0.2773669213056564 9.009692259132862 3.193830370903015 5.658753298223019 0.1425911486148834 17.60863068699837 0.1165178939700127 57.63466397672892 14.05988103151321 114.4434855207801 100.6735182255507 73.67881188541651 1.39963972568512 2.16248744726181 0.3145556375384331 5.850938953459263 28.98178581148386 0.1549030542373657 0 0 0 0 0.3475402891635895 0 0 0 0.7926360368728638 1.582945674657822 2.967310860753059 8.642928190529346 12.63707086443901 6.232345893979073 0 0.6846463680267334 0 0 0 0.1585671156644821 0 0 0 0.9419766366481781 2.17583104968071 0 0.4626519754528999 0 0.8771654814481735 0.5347698330879211 0.8242810517549515 0.5301094204187393 0.2207504957914352 1.464817255735397 0.7879002392292023 0 0.1369568407535553 0 7.729539677500725 0.552075982093811 11.49062506109476 5.873918548226357 2.350251607596874 0 0.5294872373342514 0.1289485543966293 0 0.2361228168010712 2.33197159320116 0 0.1868312805891037 0.5883095413446426 0 0 1.166764870285988 2.652469962835312 2.948968753218651 0 0.3494107127189636 0.1979811787605286 0.621717095375061 0.1356251388788223 0 4.615421444177628 0.9850365370512009 8.687036663293839 0 0 0 0 0 0 0.4010368287563324 0.5292555838823318 0.6226141303777695 7.761731959879398 2.38305301964283 0.2203114777803421 0.6489681601524353 1.750903323292732 3.017808824777603 0.7072716951370239 3.266301304101944 0.12838976085186 0.4470606595277786 0.137535035610199 0 0.4684037640690804 0 0 0.228521466255188 0 0.1706550717353821 0 0.1823666393756866 0.1970606744289398 7.130758136510849 3.591667488217354 7.43549969792366 317.303768068552 7.210353627800941 327.7243804186583 150.0262995138764 24.70970958471298 12.70428250730038 0.8616176918148994 32.50468568503857 9.989698857069016 0.1829669028520584 4.925568632781506 1.270095095038414 2.314125657081604 0.6587096750736237 0 0 8.761989384889603 0 28.76968954503536 8.495045892894268
98.7468900308013 5041.544127255678 894.6110180690885 114.6780855059624 2689.858955942094 4.335804596543312 795.7136073559523 201.8233964592218 854.8578287363052 332.674570389092 1473.807024545968 105.4427777528763 473.8270885422826 1348.861154258251 25.44949897378683 3.654368497431278 0.1588248908519745 0 0 0 0.3375998139381409 0.1004537716507912 0.1931627243757248 0 0 0.4912242889404297 0 0 0.2652119994163513 0 226.247619971633 2.318045377731323 3.232939183712006 0.09390866011381149 0.4089131876826286 0.3147093951702118 0.606497198343277 0 0 0 0.3947132527828217 0.1183750107884407 0.1655760705471039 0.2931289374828339 0 0 31.74393729865551 4.302715443074703 0.2090483233332634 0.1145217418670654 0.1916498988866806 0.2087030112743378 0 0 2.116079308092594 1.994940251111984 24.17338386178017 69.57457469403744 9.041999101638794 23.4776604399085 0 0.3702635616064072 0 14.5418718457222 0.8036542609333992 1.493625842034817 0.4117013365030289 1.355895645916462 0.7594230994582176 0.3701836913824081 9.241841375827789 1.839649885892868 0.293976753950119 59.14181359857321 38.64874947816133 41.66195480525494 5.517039105296135 2.498048543930054 0 2.593904390931129 0.1031167134642601 0.6300792768597603 9.821469649672508 0 4.030331484973431 0.9948117882013321 1.532616063952446 0 0.5948944836854935 0 0.3144010603427887 0 0.4003089144825935 0.4186801463365555 0.3641078025102615 4.155271038413048 0 0 1.055381119251251 20.62660068273544 0.2664301097393036 0 0 0 0 1.197952032089233 0.1636132150888443 0 3.664240568876266 0.5036501884460449 1.361703649163246 5.020397648215294 6.189971640706062 11.66296990215778 4.026113644242287 0.3087730705738068 0.4370148181915283 0 0 0 0 0 0 0 0 0 0 0 0 0 0 0 0 0 0.3650284707546234 0 0 0 0 2.657496482133865 0 5.187078908085823 0.6996060609817505 0.1759431064128876 0 0 0 0 0 0 0 0 0.2702799439430237 0 0 0 0 0.1638850271701813 0 0 0 0 0 0 0 0 1.56907656788826 0 0 0 0 0 0 0 0 0 3.660277038812637 0.1546346098184586 0 0 0 1.440870642662048 0 0 0.1456648111343384 0.3521755337715149 0.2666245996952057 0 0 0 0 0 0 0 0 0 0 9.176650986075401 1.88957704603672 0.3437481373548508 105.7265762984753 2.595241464674473 106.5199491977692 39.44191117584705 23.75578915327787 6.337179727852345 0.7975155189633369 9.245488494634628 2.828151613473892 0 0.5170299559831619 0 3.356219500303268 0 0 0.7374182343482971 1.902245163917542 1.882450640201569 28.3721828982234 15.69957329332829
1544.509318575263 576.8862566798925 128.4165182113647 1996.325718782842 663.0194419771433 395.7017001062632 1785.528727374971 6.263591915369034 332.674570389092 1504.388309292495 223.6535690277815 1832.919596619904 6803.838194362819 366.3769813552499 75.53413523733616 8.791167326271534 1.998212419450283 0.1229301244020462 0.1288486570119858 0.2800081446766853 0.2805654034018517 0.5665765702724457 0.1023513004183769 0 0.08455701917409897 0.11078230291605 0 0.2526312172412872 0.220210075378418 0.135681688785553 24.85524246841669 1.550565704703331 9.363895520567894 0 0.5859925597906113 0 14.24021314829588 0.1925042420625687 0.403278224170208 0.1025596782565117 0.8896325305104256 0.6476911455392838 0 0.8798824027180672 0 0 138.8149340823293 26.5065935626626 1.088091515004635 0.2700811177492142 1.54220999777317 5.488509230315685 0.5881373733282089 0 18.40937069058418 21.93446146696806 186.5470911636949 135.5690838173032 68.80563575774431 125.0766598209739 0 1.025994397699833 0 10.42077576369047 12.04844237118959 12.76324598491192 2.516015745699406 6.430890098214149 0.9360857903957367 0.2205052748322487 112.8120936304331 19.75928515195847 5.38867162168026 315.8902791142464 66.61786032468081 133.092701330781 5.90010254830122 5.212729841470718 0.3947981372475624 8.338943131268024 0.1099231541156769 0.3070278316736221 64.84994002431631 1.419455893337727 29.60816911607981 8.181042358279228 12.03196097910404 2.047941714525223 2.676385834813118 5.844954453408718 2.106909528374672 2.414888605475426 0.5033684968948364 0.1669622361660004 0.792787104845047 173.0787298381329 40.77598577737808 5.456881031394005 2.542886555194855 627.3827141299844 1.955029055476189 2.635901123285294 11.50328742712736 15.19099724292755 2.381816878914833 26.36484891176224 9.856285259127617 2.389831781387329 59.11804588139057 39.27585481107235 18.29463239759207 61.36968678981066 113.0019232258201 109.6357637271285 40.51416251808405 0.5175160467624664 0.9476936161518097 0 0 0 0 0 0 0 0 0 0 0 0 0 0 0 0 0 5.771377816796303 4.165614232420921 0 0.1490435153245926 0 15.65742752701044 0.223283663392067 15.68320068717003 1.97916080057621 0.6283179521560669 0 0 0 0 0.2553654909133911 0.1365947276353836 0.227580338716507 0.141371563076973 1.288896188139915 0 0 0.154135450720787 0.1535187512636185 0 0.1296615600585938 0.1225069761276245 0 0.4059638828039169 0.9020838439464569 0.428059883415699 2.138169527053833 0 18.4868071526289 0.8492375016212463 0.3101947009563446 0.1973983943462372 0 0 0 0 0 1.219748020172119 46.96901773661375 1.655431792140007 0 0 1.682270646095276 4.621205374598503 0 6.773342788219452 0.2943941354751587 2.609131671488285 0.6072583794593811 0.1349315047264099 0.4253953248262405 0 0 0 0 0 0 0.4201061725616455 0 112.3136285096407 4.712164714932442 6.630675733089447 725.0858271792531 16.21224579960108 733.9818293601274 207.7130996510386 896.8556425571442 35.9643541648984 5.983122661709785 35.17962469160557 32.15788252651691 0.7193789333105087 8.303358927369118 1.192114055156708 72.93776161968708 0.5694611668586731 0 1.36000594496727 11.70523501932621 2.535076081752777 650.292900159955 170.360523879528
283.2359063774347 678.3788220211864 3412.037409320474 128.3663767129183 1147.925801977515 13.74092888832092 85.1638612896204 1406.076272159815 1473.807024545968 223.6535690277815 883.9787661209702 385.9406666383147 778.3195853233337 2169.832111440599 210.2499163225293 136.3924106955528 20.54752012342215 3.073564447462559 2.135482810437679 2.47766799479723 5.730603732168674 9.49476420879364 9.211879923939705 5.567849367856979 43.78743259608746 15.89886485785246 15.30174145847559 22.63446374237537 19.24691651016474 6.34658870100975 1922.778921477497 498.4893297702074 628.2500143200159 2.544691532850266 14.39930957555771 15.71634109318256 396.2514702901244 20.97881086915731 13.65361530333757 17.57980286329985 51.07203919440508 57.05817660689354 7.658403187990189 19.31300151348114 3.346035026013851 16.61993134021759 141.1973450407386 10.25246405601501 1.848084859549999 9.344053983688354 44.58456145972013 32.1451233625412 4.17897018045187 16.3440071195364 6.654388204216957 6.461558327078819 102.7858504205942 345.7693494334817 24.36680628359318 62.26620063185692 13.45987696945667 77.9124091938138 1.180584222078323 137.8767845407128 2.571166597306728 5.683940820395947 2.125223308801651 7.970320090651512 9.860221318900585 13.58221396803856 172.053795568645 17.65749477595091 0.4467395544052124 183.3084783703089 206.9493261352181 260.1461733579636 86.56820378452539 62.82597654312849 3.72893675416708 408.2076558321714 15.77168519049883 43.47478830814362 21.00338155031204 0.1236255392432213 9.804929330945015 2.248589560389519 7.661244951188564 0.8443805798888206 27.0241279527545 1.370544165372849 95.54286713153124 29.24699487537146 46.77691449970007 149.8139871805906 161.455447986722 123.6090362295508 50.47302161157131 2.073564782738686 10.89771121740341 91.87183857709169 2.048329286277294 0.9735283851623535 1.241185933351517 0.6063652634620667 1.717632994055748 4.103538975119591 0.6326599717140198 0.4994008243083954 18.48374743759632 12.52337712049484 20.91741920262575 36.46010930091143 67.04923797398806 106.927276276052 56.51680205762386 3.292790569365025 2.477433227002621 0 0.3225139081478119 0 0.1354760080575943 0 0.1458888053894043 1.305836424231529 0 1.628615833818913 0 0.7057223916053772 0.1815703958272934 1.089120633900166 0.5731746256351471 4.402700155973434 0.8394666016101837 0.9166159182786942 4.393705479800701 8.619125932455063 0.3517505526542664 2.330403655767441 1.431819088757038 57.37356954067945 3.415281854569912 60.33620096743107 30.94718346744776 4.572510175406933 1.220934502780437 0.4818113297224045 0.5226954072713852 0 1.889992870390415 4.271516710519791 0.8439324423670769 0.5303979516029358 3.629634507000446 0 0 1.910926222801208 9.909157454967499 6.418061956763268 0 0.3556680530309677 0 0.9513727724552155 3.269731312990189 0 7.387074127793312 6.3022740483284 46.0925006493926 2.247293047606945 1.032097727060318 0 0.1408926546573639 0 0.3526350259780884 0 0.5390090569853783 1.674750313162804 71.58589851111174 8.273739621043205 0.5221358984708786 1.39488373696804 4.151602730154991 9.670452415943146 2.863943189382553 14.59255428612232 1.999781407415867 3.256308928132057 1.132317118346691 0.3343411460518837 1.322853997349739 0.2016870900988579 0.1213700920343399 0.1324333995580673 0 0.5743845105171204 0.8454239070415497 1.531277276575565 0 42.91859455406666 24.35898484289646 56.65656964480877 652.7137188538909 19.45909821987152 542.2571700513363 292.474290214479 85.51369293034077 24.04755468666553 3.064842768013477 75.86116255819798 40.5719009116292 1.771111071109772 17.09564015269279 4.637314826250076 34.75094079226255 2.332548089325428 0.1351298391819 3.773049920797348 21.23495377600193 5.758249744772911 127.7602868676186 78.87143988907337
120.6479624584317 55.4626771658659 21.88555050641298 352.9668972864747 68.66476486623287 184.9249768555164 125.4466006532311 6.762426964938641 105.4427777528763 1832.919596619904 385.9406666383147 137.0268817692995 1997.13535143435 431.2998771443963 48.14821301400661 14.06096891313791 1.307705573737621 0.4586449861526489 0.1361037045717239 0 0.9729817733168602 2.486595392227173 0.4289122149348259 0 0.1530956923961639 0.2510658800601959 0.7811882868409157 0.5347680449485779 1.008250877261162 0.160820871591568 7.803946800529957 0.6423170268535614 11.0410567894578 0 0.2669499441981316 0.2329920530319214 18.70509916543961 0.2430023327469826 0.4029706418514252 0.2471807897090912 2.851886883378029 2.666260227560997 0.6375821307301521 1.240533791482449 0 1.109813943505287 42.59426321834326 1.037541732192039 0.3338314145803452 0.1120419651269913 2.561301916837692 5.49341681599617 0.9679511487483978 0.3416577354073524 0.2852721065282822 1.593364901840687 30.42356491833925 14.10369574278593 7.029430367052555 16.71091616153717 0.3221068382263184 1.449757620692253 0 3.990255571901798 0.284702330827713 0.8261307701468468 0.1146862134337425 1.538797102868557 0.7776927649974823 0.3790915608406067 89.38560792058706 6.562143579125404 1.016417890787125 37.3582441881299 25.35742975026369 48.99739383906126 12.21523571014404 4.917708963155746 0.4171950668096542 17.26562344282866 0.4274926632642746 1.142582476139069 3.831647373735905 0 3.346109725534916 1.15691140294075 0.7998629733920097 0.158302053809166 2.134420141577721 0.4966604858636856 6.810106620192528 1.251518487930298 4.00191941857338 8.938800543546677 7.740520000457764 412.9163288772106 33.83007131516933 1.103944808244705 10.81989397108555 165.1605527848005 1.474878087639809 2.153269156813622 0.9491309225559235 0 4.322555214166641 11.82673200964928 1.259175375103951 2.266797453165054 31.10203102976084 26.25878863036633 30.03194146603346 73.17245475202799 121.2542796656489 184.3066462948918 76.72545703500509 1.36091298609972 2.992381133139133 0.1011709421873093 0 0 0 0 0 0.3061690032482147 0 0 0 0 0 0 0 0.1385418772697449 0 0 4.611851699650288 9.276304617524147 0 1.30289888381958 0.2871308773756027 44.66331717371941 1.42746664583683 44.86506724357605 5.167754538357258 0.8677077740430832 0 0.5229976624250412 0 0.1265016049146652 0.9363486766815186 0.4958492815494537 0 0.382622517645359 2.447512127459049 0 0 0.1312965303659439 1.108773492276669 1.227032035589218 0.5312207937240601 0.4947732612490654 0 2.22205725312233 1.607353806495667 1.259875580668449 1.001377306878567 0.5548189878463745 41.9957260042429 2.171652190387249 0.6673133820295334 0.6070848703384399 0 0 0.3182044327259064 0.1590141355991364 0 0.2510564476251602 83.92449177056551 1.374761059880257 0 0.1375545561313629 0.6590020880103111 13.83802166581154 0.819408655166626 7.049890577793121 2.006561584770679 3.219737589359283 1.028723292052746 0.2887784540653229 0.8920361399650574 0 0 0 0 0.1066164076328278 0 0.1332077085971832 0.1433852761983871 111.214548625052 17.08287688344717 24.15402435511351 269.6257925778627 4.081664025783539 204.8050835579634 105.8766770064831 263.7255728691816 11.8215371593833 0.3721851706504822 29.53140896558762 31.91163854300976 0.3819031119346619 20.99308280646801 4.890467450022697 47.86699748784304 1.86475470662117 0 2.753369972109795 13.92809641361237 3.179858326911926 553.6462894380093 218.5032613575459
387.6065022721887 2023.873828232288 168.5056996569037 1913.800964564085 276.6929187849164 175.3359931781888 2648.9971659109 48.91901384666562 473.8270885422826 6803.838194362819 778.3195853233337 1997.13535143435 909.083030462265 1964.88781760633 211.5121778845787 85.25253102183342 10.7082342505455 1.738549925386906 0.3031652644276619 0.7582324594259262 2.193041421473026 7.233457177877426 2.660342589020729 0.7778494879603386 4.883336879312992 1.654404491186142 2.36261960119009 5.079383134841919 4.714020013809204 1.397727161645889 423.7990883737803 20.00503662973642 227.5667522549629 0.6573224738240242 1.69017393887043 0.7026286274194717 257.3216175585985 4.427416928112507 1.841288216412067 2.404865190386772 13.87815976142883 12.52645194530487 0.7741240561008453 7.698169641196728 0.9582982510328293 4.601550526916981 194.4803051650524 16.91105733066797 1.289120808243752 2.640268892049789 13.06881405413151 22.9915751889348 6.057045213878155 3.499702513217926 8.906771183013916 12.67533883452415 113.3521013781428 229.4442790225148 46.18109103292227 108.182429894805 4.784411996603012 8.528552673757076 1.44198140501976 64.89404687285423 5.396155036985874 7.596383050084114 2.386555321514606 5.927569143474102 3.198368564248085 5.224797494709492 664.7396363839507 20.31638994067907 0.9615556448698044 256.7574715688825 208.1286808252335 290.766855597496 72.20535923540592 38.66953783482313 1.790518656373024 77.14080596715212 4.55544225871563 5.375879339873791 37.2371164932847 0.6134603321552277 20.5695623755455 4.250036813318729 6.878883972764015 0.1381448358297348 12.76515491306782 3.76679539680481 39.20970615744591 12.7271426320076 12.46686276048422 50.21510852873325 55.18005722761154 1251.536120727658 312.0440171211958 2.326408565044403 62.22193517535925 217.2587358653545 5.347682125866413 2.348328530788422 10.36887773871422 5.991521686315536 11.95479683578014 21.95044210553169 5.921305686235428 3.050167143344879 80.15050131082535 43.33487541973591 73.80169726908207 165.0867581889033 256.0600331276655 405.0186872258782 171.0204022303224 5.628286182880402 4.306512087583542 0.3870185911655426 0 0.2422329038381577 0.2464445754885674 0 0 0.1708968281745911 0 0.5591827929019928 0 0.9310008734464645 0 0.180467501282692 0.1160134598612785 1.993143551051617 0.5433434247970581 0 10.73594202101231 17.13260890543461 0.2023719102144241 2.498360276222229 1.776818677783012 112.3677401319146 6.930197089910507 115.8066118881106 19.56562977284193 6.902410969138145 0.6912164092063904 0.7183340638875961 0 0 4.408952198922634 1.208107128739357 0.1166700199246407 2.815301984548569 6.675424091517925 0.5822340995073318 0.4890138059854507 3.240992441773415 3.050264604389668 2.764001697301865 0 0 0.1774861365556717 2.632803469896317 3.594355188310146 1.116894543170929 4.380815342068672 3.259157329797745 101.5187513902783 5.172747254371643 1.498815350234509 0.3150967359542847 0.1074554696679115 0.2048458009958267 0 0.6876318454742432 0.1860426068305969 1.570878550410271 195.5115443617105 8.853051543235779 0 1.301461890339851 3.398700207471848 40.27642105519772 1.988351620733738 17.5472886711359 6.466334566473961 8.001285627484322 4.748259328305721 1.641089662909508 4.013704344630241 0.7997554168105125 0 0 0 0 0.8365281373262405 0 0 230.8091538026929 36.28207303583622 77.13687408715487 845.1507394686341 19.63008048385382 732.2177936807275 370.6946774274111 403.706089310348 41.2977012693882 4.653928652405739 94.96144654601812 78.4269525334239 0.7427021712064743 44.79872565716505 15.02621667087078 110.7494015917182 7.146588638424873 0.5628655552864075 7.791093215346336 27.54857189953327 12.85391302406788 824.6937020197511 415.7000956982374
