502.727822817862 695.0314753055573 564.1919062286615 1171.4957639575 0 153.584296643734 164.9763337820768 372.1033930182457 10.42288887500763 774.07479018718 159.4631872326136 16.00354452431202 90.83732484281063 360.1855979636312 20.91358961164951 13.0555302426219 12.16988603770733 0.683349646627903 1.082759596407413 2.240032285451889 1.636285312473774 0.35662492364645 1.244685851037502 1.532627925276756 2.392816416919231 0.343787208199501 0.7466531097888947 0.3673297688364983 0.4594581499695778 0.1015213504433632 1670.588175550103 91.90861321240664 136.8325142487884 1.241503491997719 1.956132031977177 4.953122563660145 4.87159226089716 4.825603514909744 0.6323501616716385 0.678928554058075 3.604542903602123 1.698295153677464 0.7127116695046425 1.261406727135181 1.784790061414242 0.1066595911979675 129.4299288466573 5.038999363780022 3.421448521316051 0.2690732404589653 3.720783740282059 0.8465985879302025 0.8504087775945663 0.3167395442724228 3.008577398955822 3.137500002980232 73.86400001496077 1065.251016132534 13.1207672804594 19.37896003574133 1.41355437785387 6.404142782092094 0.143597885966301 112.3568795248866 3.109405294060707 1.260048732161522 0.5974276214838028 3.782409220933914 2.927167937159538 3.110371254384518 6.489601947367191 32.76955115795135 0.5851350575685501 76.72180767357349 154.451495282352 110.0888268426061 66.95668301731348 23.70169842988253 5.911131903529167 371.64696007967 0.5145234316587448 22.14837934076786 2.704302996397018 0.1044857352972031 3.06009716540575 1.10105100274086 2.084757782518864 0 0.3098155856132507 0 0.4779803231358528 0 3.27665913850069 1.051526769995689 0.217274472117424 55.48671804368496 14.31312076747417 5.32175250351429 3.295419357717037 668.4967978000641 0 0 1.27305468916893 1.185972511768341 0.6217597424983978 1.013345867395401 5.060156479477882 0 2.743035957217216 11.94080377370119 1.56079213321209 2.069981567561626 1.233166888356209 1.636946856975555 0.8106603771448135 0.2203472778201103 0 0 0 0 0 0 0 0 0 0 0 0.1409856975078583 0 0 0 0.1078108251094818 0 0.1346665322780609 0.1973078697919846 0 0 0 0 0.6632611304521561 0.3493425771594048 2.464835047721863 0.5839005783200264 0.1763295382261276 0 0 0 0 0 0 0 0 0 0.1142865419387817 0 0 1.176689729094505 0 0 0 0 0 0 0 0 0.3134979903697968 1.917167462408543 0 0 0 0 0 0 0 0 0 2.319724328815937 0 0.1601298898458481 0 0.141064926981926 0.5592324286699295 0 0 0 0 0 0 0 0 0 0 0 0 0.1086148098111153 0 0 4.874327652156353 0.3658373728394508 0.1172414124011993 437.2358133718371 8.021581575274467 323.5020114332438 63.41811364889145 559.5110635310411 34.61294747889042 4.216013476252556 22.69304555654526 10.64597395062447 0 0.3181208893656731 0 23.69269296526909 0 0 0 0.4061582088470459 0.2034621387720108 129.1360645070672 30.82437638193369
695.0314753055573 742.7558757066727 2253.23980589956 177.7304524332285 0 4.153653562068939 916.5421947687864 871.463548861444 832.0868952274323 787.9165483191609 1176.054528944194 77.26268319785595 597.1247197762132 3001.845518402755 25.66129450500011 23.80408287793398 16.16287079453468 0.4071472883224487 1.019342392683029 1.057888180017471 0.5408974587917328 0 0.2246827334165573 0.2455881386995316 0.6894372701644897 0.5814276337623596 0.2829890176653862 0.1980897784233093 0.209408313035965 0.319637194275856 783.7657789960504 214.7098887860775 69.8260111734271 0.3710673153400421 0.3691542521119118 1.014274403452873 6.278856992721558 2.738613948225975 0.6017909646034241 0.3286818116903305 1.062880642712116 0.1098119243979454 0.3345065265893936 4.100714392960072 0.8269409835338593 0.1281758099794388 99.03279030323029 1.252538949251175 2.369516037404537 0.1974682584404945 0.5357086956501007 0 0.1647014170885086 0.1656840890645981 1.148977413773537 0.9609167128801346 13.95178385078907 98.81108295172453 5.537006691098213 12.24235665053129 0.132123202085495 7.329850383102894 1.167148418724537 35.89214304834604 1.909228593111038 0.1438658088445663 0.3355514705181122 0.4712004214525223 0.9992739409208298 0.4940472766757011 10.11922722309828 4.575346618890762 0 32.08039522171021 55.11842961609364 77.53251051157713 67.25546841323376 32.13664293289185 1.856639482080936 118.2545950263739 0.8451620861887932 15.60591976344585 1.298012807965279 0.227352648973465 1.371489971876144 0.5376199334859848 0.706329733133316 0 0.0958230197429657 0.1013809889554977 0.1645422130823135 0 1.484456911683083 0.7552401572465897 0 43.02894069254398 7.016370885074139 0 4.980561479926109 41.93954610824585 0 0.8082052171230316 2.330342233181 0 2.833706870675087 1.974707819521427 1.584803402423859 0.1802347749471664 4.199758172035217 8.525452986359596 1.601140946149826 5.531504698097706 3.687174960970879 1.556178197264671 7.124694362282753 0.5583854019641876 0.1065396517515182 0 0 0 0 0 0 0 0 0 0 0.1487718224525452 0 0 0 0.4731883108615875 0 0 1.629154987633228 0 0 0 0 4.038432218134403 2.64427250623703 6.670437410473824 1.558340430259705 0.3335090279579163 0 0 0 0 0 0 0 0 0.6305569112300873 0 0 0 0.4077901244163513 0 0 0 0 0 0.2701723575592041 0.1159442290663719 0 0.7354938238859177 6.486784540116787 0 0 0 0 0 0 0 0 0.113151453435421 6.700970821082592 0.7734384685754776 0 0 0 4.239432476460934 0.6060686260461807 3.313120551407337 0 0 0.4557303637266159 0 0 0 0 0 0 0 0 0 0 9.607629701495171 3.182920597493649 7.022935576736927 498.8252784311771 5.474164120852947 219.0473998337984 67.95047418028116 94.29109686613083 29.58254476636648 2.005032405257225 47.44884225726128 15.05484712123871 0 1.591557264328003 1.041440866887569 14.70858505368233 0 0 0 1.263851046562195 0 9.786712169647217 8.771410286426544
564.1919062286615 2253.23980589956 1019.124852001667 107.7513865828514 0 0 1719.082267835736 889.5642211586237 529.7072010040283 584.7419895529747 1127.161808073521 12.39314770698547 652.142611593008 3351.326724484563 18.96924237161875 21.20739255845547 10.14108924567699 0.4396654814481735 0.1082991734147072 0.3223629295825958 1.767978757619858 0 0.5047158151865005 0.6228942945599556 0.7596887052059174 0.1165070980787277 0.6411975771188736 0.1511334776878357 0.2500365674495697 0.09340357035398483 627.7030898034573 209.0557680428028 55.63864241540432 0.2155442014336586 0.9046470522880554 3.113449953496456 1.993764251470566 1.202054150402546 0.4327610582113266 0.2367168739438057 2.270564675331116 0.3814235478639603 0.200018934905529 2.94282353669405 0.7096915319561958 0.1060735955834389 58.17343866825104 0.5505117028951645 1.037463039159775 0.2063034102320671 0.8308441042900085 0.132367342710495 0.1184563562273979 0 0.6662440001964569 0.6813007593154907 7.418673299252987 51.57911521196365 1.878555312752724 6.06223713606596 0.276151567697525 0.6533322036266327 0.2505398541688919 38.96082400530577 0.3097927868366241 0.4214185327291489 0.325317308306694 0.9732705056667328 1.459087699651718 0.7668479830026627 3.746827676892281 1.991875633597374 0 14.57251436263323 29.92931790649891 42.55349864065647 44.31214769929647 31.19992291927338 2.358461424708366 161.6644486188889 0.7026367411017418 11.10262707620859 0.2597538381814957 0 0.9205529317259789 0.3011453673243523 0.3259016945958138 0 0.1099314168095589 0 0.1183092147111893 0 1.524197921156883 0.604797251522541 0.1919245719909668 9.974754251539707 0.5332332849502563 0 1.422140285372734 12.56123285740614 0 0 0 0 0.2559683322906494 0 0.2219640761613846 0 0.303936094045639 0.4280861914157867 0.8819827735424042 1.614981263875961 0 0.4940940737724304 1.204128324985504 0.1873419880867004 0 0 0.1788464039564133 0 0 0 0 0 0 0 0 0.2140852436423302 0 0 0 0 0 0 0.4665699303150177 0 0 0 0 0.6040393859148026 0 0.5027541071176529 0.2308258935809135 0.2390972524881363 0.145454078912735 0 0 0 0 0 0 0 0.4392512440681458 0 0 0.143217608332634 0 0.1660751402378082 0 0 0 0 0 0 0 0 2.058872878551483 0 0 0 0 0 0 0 0 0 1.071862049400806 0 0 0 0 0.4767088294029236 0 1.392731577157974 0 0 0 0 0.2347797304391861 0 0 0 0 0.09119327366352081 0 0 0 1.263419076800346 0.7141459882259369 1.263360321521759 191.3043211773038 3.964609511196613 98.01513630151749 36.49082215130329 27.82827092707157 11.23061226308346 1.078001253306866 21.2989546507597 0.5485038459300995 0 0.2021509557962418 0.1781825423240662 0 0.174001932144165 0 0 1.007692061364651 0 3.265702150762081 0.3935854434967041
1171.4957639575 177.7304524332285 107.7513865828514 285.7548472881317 0 67.67821300029755 206.2748072147369 34.64256627857685 417.2915662527084 727.344382494688 44.26300495862961 118.1299607902765 173.0894603580236 525.1237568855286 0.4748163968324661 1.213811948895454 0.3463730812072754 0 0.2418246120214462 0 0 0 0 0 0 0 0 0 0.1953843384981155 0.1283312886953354 13.22882300615311 7.371832169592381 23.10831278562546 0 0 0 0 0.3130344450473785 0 0 0 0 0 0 0 0 8.135236516594887 0 0 0 0 0 0 0 0 0 6.481926575303078 25.60181564092636 0 0.949882298707962 0 0 0 3.532183602452278 0.1095226183533669 0 0 0.3249602913856506 0 0 1.124042928218842 0.1753327399492264 0 4.047901690006256 9.974444732069969 6.301077418029308 1.364172458648682 0.5411120355129242 0 50.81623907387257 0 0.6660102009773254 0.1611247360706329 0 0.1588555723428726 0 0 0 0 0 0 0 0 0 0 11.79460655152798 0.8664551377296448 0 0.1203292608261108 109.5014603883028 0 0 0 0 0.1688120067119598 0.1357686966657639 0 0 0 0.5900702476501465 0.1833032220602036 1.130483478307724 0.5104608535766602 0 1.368161156773567 0.2168142348527908 0 0 0 0 0 0 0 0 0 0 0 0.2042905241250992 0 0 0 0 0 0 0 0 0 0 0 1.258003816008568 0 0.3545517027378082 0 0 0 0 0 0 0 0 0 0 0.3897554576396942 0 0 0 0 0 0 0 0 0 0 0 0 0 0 0 0 0 0 0 0 0 0 0 0.2112248539924622 0 0 0 0 0 0 0 0 0 0 0 0 0 0 0 0 0 0 0 0 0.1130955815315247 0 0.6189579367637634 26.58625186979771 0.771293431520462 20.39492501318455 4.24738584458828 343.6568886488676 0.8673209398984909 0 1.601168602705002 1.452645540237427 0 0.1850278526544571 0 0.4373546242713928 0 0 1.148781657218933 8.646924018859863 0 10.48406045138836 1.550307303667068
0 0 0 0 0 0 0 0 0 0 0 0 0 0 0 0 0 0 0 0 0 0 0 0 0 0 0 0 0 0 0 0 0 0 0 0 0 0 0 0 0 0 0 0 0 0 0 0 0 0 0 0 0 0 0 0 0 0 0 0 0 0 0 0 0 0 0 0 0 0 0 0 0 0 0 0 0 0 0 0 0 0 0 0 0 0 0 0 0 0 0 0 0 0 0 0 0 0 0 0 0 0 0 0 0 0 0 0 0 0 0 0 0 0 0 0 0 0 0 0 0 0 0 0 0 0 0 0 0 0 0 0 0 0 0 0 0 0 0 0 0 0 0 0 0 0 0 0 0 0 0 0 0 0 0 0 0 0 0 0 0 0 0 0 0 0 0 0 0 0 0 0 0 0 0 0 0 0 0 0 0 0 0 0 0 0 0 0 0 0 0 0 0 0 0 0 0 0 0 0 0 0 0 0 0 0 0 0 0 0 0 0 0 0 0 0 0 0 0 0
153.584296643734 4.153653562068939 0 67.67821300029755 0 1.818731427192688 1.145981684327126 0.3777091950178146 0 168.4451034218073 0 12.19369119405746 1.717691123485565 2.578836128115654 0 0.1172693967819214 0 0 0 0 0 3.010963678359985 0 0 0 0 0 0 0 0 12.57828044891357 0 3.541761338710785 0 0 0 2.898725561797619 0.4638362973928452 0.1034896373748779 0 0.4504674971103668 0 0 0 0 0 1.32312848418951 0 0 0 0 1.466486915946007 1.700659692287445 0 0 0 23.29819458723068 16.96528822183609 0.5666608810424805 0 0 1.572023585438728 0 0 0 0 0 0 0 0 22.32537183910608 145.3180035352707 1.677467346191406 0.3065332174301147 1.912711188197136 0.8292750716209412 0 0.3531867563724518 0 2.322463914752007 0 4.881152272224426 0 0.1243423223495483 0 0 0 0.4948673248291016 0.1219445914030075 0.3135108798742294 0 0.1066779270768166 0 0 0.3936919122934341 61.82071301341057 51.83445079624653 29.66706390678883 7.483853548765182 60.06355196237564 0 1.172266498208046 1.234828025102615 0.8538616299629211 0.4287775754928589 0.6884433627128601 9.309271693229675 0 3.484016180038452 15.89880488812923 1.644132182002068 4.920789435505867 3.638680279254913 0.6957056373357773 2.193604484200478 0.1823015809059143 0 0 0 0 0 0 0.1310086399316788 0 0 0.1444621831178665 0 0 0 0 0 0 0.1476335674524307 0.2106498032808304 0.3992315232753754 0 0 0 0 1.509394899010658 0.1206745132803917 0.9382725656032562 0.4538893401622772 0.1138889789581299 0 0 0 0 0 0 0 0 0 0 0 0 1.72756789624691 0 0 0 0 0 0.3522771298885345 0 0 0.113616906106472 1.024983569979668 0 0 0 0 0 0 0 0 0 2.068395733833313 0.5778932943940163 0 0 0 0.6695129722356796 0.2275409400463104 0.2431304156780243 0 0 0 0 0 0 0 0 0 0 0 0 0 8.717467054724693 0 0.6374118328094482 29.34681335091591 0 4.027054533362389 0 43.73919463157654 0 0.1130401939153671 0 5.966560661792755 0 0.4881255477666855 0 22.7029926776886 0 0 0 0 0 51.31223541498184 28.22471714019775
164.9763337820768 916.5421947687864 1719.082267835736 206.2748072147369 0 1.145981684327126 479.4305012077093 277.6245292052627 721.1422886550426 937.3381758630276 1510.392090409994 123.3551657795906 1705.34658767283 2622.421764679253 9.750185690820217 11.59332517534494 3.261212341487408 0.2351171597838402 0 0.2962860986590385 0 0 0.2568821012973785 0.111708365380764 0.164145439863205 0 0.3144321963191032 0 0 0.1357241123914719 33.76291830092669 33.72933977097273 11.05463622510433 0.09315486252307892 0 0 2.35878948867321 0.8856010288000107 0.6258752942085266 0.3983561396598816 0 0.1263457089662552 0 1.113107047975063 0.5426989495754242 0.1028865054249763 31.26943230628967 0 1.149654820561409 0.2743308395147324 0 0 0 0 0 0.1879738494753838 4.176690585911274 10.70444226264954 1.00689360499382 2.064179331064224 0.6941368132829666 5.274568811058998 0 4.599342659115791 0.2816271632909775 0.1334574818611145 0.106793224811554 0.09036209434270859 0 0 21.30657295137644 1.18085503578186 0 6.426762633025646 11.37110681086779 17.51412077993155 17.64455049484968 14.75757187604904 0.5412654280662537 12.98878772556782 0.1156383231282234 11.11484731733799 0.126164436340332 0 0.2490496411919594 0.1207846403121948 0.116497166454792 0 0 0 0 0 0.1312626004219055 0.1181933060288429 0 100.8303761780262 10.07453332841396 0.3274589478969574 3.930498346686363 1.088073402643204 0.2588408663868904 1.345857813954353 1.868369057774544 0 1.667941093444824 1.954640060663223 2.151394233107567 0.6681782454252243 4.969207927584648 13.70072589814663 4.598899073898792 7.875536166131496 6.048606693744659 7.106799192726612 11.69606737792492 0.3708875998854637 0 0.3408533036708832 0.4487896263599396 0 0 0 0 0.162114605307579 0 0 0 0.9629456996917725 0 0 0 0 0 0 2.297251261770725 0 0 0.6726119890809059 0.7060848474502563 7.939350619912148 4.459003761410713 9.213107518851757 2.84637401252985 1.226107388734818 0 0 0 0 0 0 0 0 1.036080330610275 0 0 0 0 0.261656790971756 0 0 0 0.6431562900543213 0 0 0 0.8112412244081497 10.83299451321363 0 0 0 0 0 0 0 0 0 12.87241595238447 0.1783668100833893 0 0 0 6.347648233175278 1.305977031588554 4.4048171043396 0 0 0.1559442579746246 0.1055092811584473 0 0 0.1088372468948364 0 0 0 0 0 0 16.32766032963991 2.97542367130518 7.973918713629246 205.7159592434764 0.8976159989833832 55.81871224194765 26.76004691421986 25.55395720899105 9.097951151430607 1.368497848510742 16.09684979915619 9.513006560504436 0 1.010086998343468 1.961002424359322 19.96443273127079 0.2814078330993652 0 0.1617705225944519 1.364319413900375 0 9.84796915948391 11.40447698533535
372.1033930182457 871.463548861444 889.5642211586237 34.64256627857685 0 0.3777091950178146 277.6245292052627 211.9391129389405 97.44979807734489 56.77194816619158 845.0718601644039 110.3166464716196 172.7383551746607 1553.174672067165 71.77687825262547 173.2606477439404 32.87969273328781 1.907027579843998 2.30406865477562 31.70873203128576 47.50659991800785 2.10359326004982 15.04037868231535 11.11493380367756 26.54480012506247 1.966822110116482 4.548231869935989 2.26060227304697 1.467912763357162 0.9991753101348877 1018.995345033705 725.4133296832442 194.6475621312857 25.23338788002729 48.92877425253391 116.7478063330054 58.91791905462742 78.37922959774733 14.79869196563959 17.53537688404322 46.53491470962763 22.83467859774828 5.767674937844276 16.3364377617836 4.199134655296803 3.6252636089921 159.6017769873142 3.203728705644608 9.678358972072601 9.390660531818867 25.80799449980259 2.223461486399174 2.233850732445717 1.952266521751881 2.198501475155354 1.189795546233654 14.70625093579292 173.188160918653 4.593558952212334 13.47325927764177 31.83498729765415 64.6744827106595 3.726590164005756 669.7953086718917 1.389490477740765 1.15281718224287 1.221214227378368 16.92246697843075 26.95246514678001 57.06219611316919 52.42974447458982 3.054865159094334 0.3425818979740143 44.78382187336683 156.2921294867992 138.7704049125314 474.6696612909436 533.4516452550888 783.9815656989813 1724.040580511093 28.02433547377586 1016.670444212854 1.709900416433811 0.1203897073864937 3.11823570728302 0.3805689141154289 6.04625977575779 0 0.6139673218131065 0.534922868013382 2.482507102191448 0.2866002023220062 52.38710060715675 14.72879672795534 3.328416086733341 65.98172448575497 7.139990344643593 0.3232406377792358 8.528962343931198 14.73222123086452 0 0 0.497164785861969 0 0.4708774536848068 0.230742022395134 0.3570083975791931 0 1.399571314454079 1.721000842750072 1.590802028775215 1.515471249818802 1.91214020550251 2.915807895362377 5.659209847450256 1.0998560115695 0.09924706816673279 0.2036669254302979 0 0.195497140288353 0 0 0 0 0 0.8982421904802322 0 0.8328056633472443 0 0 0 0 0.128434807062149 0.1299321055412292 1.122431568801403 0 0 0.6313938051462173 0.2125170677900314 4.586916610598564 2.045622475445271 6.03478616476059 3.382738515734673 0.7130903527140617 0.9502988457679749 0.9686483666300774 0.1127520427107811 0 0 0 0 0 0.2958900779485703 0 0.2302280142903328 1.411562591791153 1.000963129103184 3.397518761456013 0 0 0 0 0.09291355311870575 0.2312023788690567 0 0.296316385269165 7.525333166122437 0.2262100130319595 0 0 0 0 0.1005132421851158 0.1222126036882401 0 0.1148867085576057 5.92448203265667 0.3033320680260658 0.5520775690674782 0.3563847541809082 0.6914117857813835 2.17750097066164 0.1185243278741837 3.109903126955032 0 0 0.0912141278386116 0 0 0 0 0 0 0.1250350326299667 0.4126341938972473 0.393380731344223 0.3736770823597908 6.026316158473492 3.9773168861866 6.288591951131821 357.0448859110475 33.88948177546263 246.9658760353923 104.4259642064571 54.5796609967947 25.27525617927313 0.5136127024888992 37.59387722611427 3.764946967363358 0.3929273411631584 2.999012008309364 0.27583147585392 1.561337828636169 0 0 0 3.788963243365288 0.6459433436393738 8.889043986797333 5.659968234598637
10.42288887500763 832.0868952274323 529.7072010040283 417.2915662527084 0 0 721.1422886550426 97.44979807734489 217.1993027925491 343.7926227450371 765.2324196100235 1.910808026790619 860.4031868577003 1776.47231605649 0.4917638152837753 0.5357228666543961 0.2267233282327652 0 0 0 0 0.2351052314043045 0 0 0 0 0 0 0 0 9.080020353198051 1.032601714134216 0 0 0 0 0.3687194585800171 0 0 0 0 0 0 0 0 0 1.060799494385719 0 0 0 0 0 0 0 0 0 0 0 0 0.3084104955196381 0 0 0 0.4687787592411041 0 0 0 0 0 0 0.6517343521118164 0 0 0.4840067327022552 0.5164240598678589 0.2632671296596527 0.1743795275688171 0 0 3.549800336360931 0 1.016045570373535 0 0 0.1049962490797043 0 0 0 0 0 0 0 0 0 0 1.80552464723587 0.2924386858940125 0 0 0 0 0 0 0 0 0 0 0 0 0 0 0 0 0 0 0 0 0 0 0 0 0 0 0 0 0 0 0 0 0 0 0 0 0 0 0 0 0 0 0.1628541499376297 0.175219863653183 0 0 0 0 0 0 0 0 0 0 0 0 0 0 0 0 0 0 0 0 0 0 0 0 0 0.4888594746589661 0 0 0 0 0 0 0 0 0 0.4682406187057495 0 0 0 0 0 0 0 0 0 0 0 0 0 0 0 0 0 0 0 0 0.1698815822601318 0 0.3557080700993538 5.653057143092155 0 1.961062863469124 1.18241274356842 0.5977822542190552 0 0 0 0 0 0 0 0 0 0 0 0 0 1.307275146245956 0
774.07479018718 787.9165483191609 584.7419895529747 727.344382494688 0 168.4451034218073 937.3381758630276 56.77194816619158 343.7926227450371 1217.839636184275 285.7092126607895 286.4857550337911 2411.049349591136 1213.953294463456 15.69675496220589 8.860675357282162 11.80171528458595 0.1491259783506393 0.641274593770504 0.5848798602819443 0.3646652549505234 4.368258625268936 0.3636845424771309 0.4440013840794563 0.2849658653140068 0.255381740629673 0.5570852160453796 0.8295659348368645 0.09073895215988159 0 122.0032127052546 39.18822409957647 24.23753605782986 0 0.304316058754921 0.9351173415780067 14.21386569738388 3.319206416606903 1.61241190135479 0.4510616064071655 0 0.223146378993988 0.2302268072962761 1.562174744904041 0.6625427603721619 0.2276933863759041 94.95106639713049 1.432906694710255 1.650813020765781 0.1892159879207611 0.5333758816123009 0.9867621511220932 1.782380253076553 0.1685652881860733 1.349840000271797 0.9878947138786316 25.80147721618414 127.6843842044473 3.92141255736351 9.671397022902966 0.2318686246871948 12.87486934661865 0.2093810215592384 21.84059071540833 1.501801826059818 0.4418571218848228 0 0.2122548520565033 0.3616356998682022 0.1021309196949005 93.42954233288765 115.7556550204754 2.010029330849648 37.18220555782318 54.54519142955542 67.595967464149 35.70495685189962 15.04081968963146 1.043884821236134 35.89038947224617 0.9574107825756073 29.07650312781334 1.030829384922981 0.224908746778965 0.8284714072942734 0.1554879248142242 0.2967358753085136 0.2345875650644302 0.4713774770498276 1.01091293990612 0.3840282782912254 0.3595779538154602 0.2106681615114212 0.30005744099617 0 335.0014828667045 101.9658093973994 28.87753953039646 22.22675291448832 512.7926829755306 4.954583093523979 18.36572693288326 56.06887040287256 15.09564024209976 19.72422863543034 34.25091725587845 102.8928374499083 5.826502248644829 123.4014882668853 339.5897342935205 49.49452178925276 102.7430119812489 80.51315255463123 60.7597643211484 84.0118905454874 3.203029945492744 0.3552870526909828 0 0.2077616602182388 0 0 0 0 0 0.4002312421798706 0 0 2.691317930817604 0 0.1833669990301132 0 0.9950796961784363 0.110370546579361 0.2045328468084335 15.64217230677605 1.275358282029629 0 1.340045481920242 2.298799425363541 41.45019064843655 9.527253113687038 45.87319040298462 12.10145170986652 3.15708601474762 0 0 0 0.1077566593885422 0 0.3321278989315033 0 1.250659972429276 3.244616605341434 0 0.3019806742668152 0 2.291576765477657 0.3200338780879974 0 0.1419592499732971 0 0.6955581158399582 2.839671090245247 0 1.836628019809723 2.946430884301662 53.26981512457132 1.615234598517418 0 0 0 0 0 0.2076765820384026 0 0.3305626064538956 102.4954468980432 2.391314417123795 0 0 0 53.97799692302942 4.723553150892258 34.03252945095301 0 0.9129991382360458 2.521140374243259 0.8741695284843445 2.721576616168022 0.3158665597438812 0 0 0 0.1138146072626114 0 0 0 198.150787577033 21.57486850768328 38.78147751092911 978.7710756883025 12.72955319285393 236.6459610760212 65.78255251795053 814.1842038109899 31.17977966368198 4.933112755417824 52.81207032501698 172.1597074121237 0.3116932511329651 23.59973651170731 6.952792681753635 436.4831609129906 4.001268163323402 5.220645308494568 2.561475142836571 0.1402759104967117 0.5699737071990967 466.3753517642617 309.5876275151968
159.4631872326136 1176.054528944194 1127.161808073521 44.26300495862961 0 0 1510.392090409994 845.0718601644039 765.2324196100235 285.7092126607895 539.5217616558075 69.54525308310986 1130.716084986925 2337.422046810389 4.295360900461674 13.0494539886713 0.9629858359694481 0.3097973391413689 0 0.1006441712379456 1.6450574696064 0.5496470704674721 0.4941234961152077 0.106378085911274 1.045534215867519 0 0.4262494444847107 0.2439627200365067 0.2530059218406677 0 126.5617944225669 129.1895450353622 54.12807248532772 0.4656764790415764 0.8489936366677284 4.645688183605671 11.119045317173 4.917940534651279 1.31592158973217 1.11163118481636 2.301835976541042 0.8750448152422905 0.2864173650741577 1.104319803416729 0.6436271965503693 0.2609360590577126 7.718791112303734 0.1073975190520287 0.3870378583669662 0.2026248574256897 0.693204827606678 0 0.5507698059082031 0.1378102898597717 0 0.1279361695051193 0.6906640082597733 4.342891074717045 0.952008992433548 0.4438786953687668 0.1573214083909988 2.525677874684334 0 6.307681821286678 0 0 0 0.3564245104789734 1.301348388195038 0.838045097887516 17.04256010055542 0.1339132487773895 0.1400715410709381 2.125962816178799 3.035019963979721 6.216567657887936 11.17722914367914 8.244085438549519 25.29840609431267 144.6619923710823 0.9181204587221146 15.01236189901829 0.170630544424057 0 0 0 0.326204352080822 0 0 0 0.1336199790239334 0 1.547670170664787 1.21784907579422 0.1723567694425583 10.13375119864941 1.880882784724236 0 1.562559299170971 1.142075054347515 0 0 0.1085034683346748 0 0.5915237069129944 0 0 0 0.4524734616279602 0.2551965266466141 0.2892574220895767 0 0.4568153321743011 0.102328784763813 1.074763752520084 0 0 0 0 0 0 0 0 0 0 0 0 0 0 0.1810528486967087 0.2435989081859589 0 0 0 0 0 0 0 0 1.031984500586987 0 0.3952505588531494 0 0 0 0.4324848353862762 0 0 0.09323129802942276 0 0 0 0 0 0 0.1757146120071411 0 0 0 0 0 0.1619963347911835 0 0 0 0 0.9765408560633659 0 0 0 0 0 0 0.1178458482027054 0 0 1.048259600996971 0.145231768488884 0 0 0 0.2046933099627495 0 0.2762552350759506 0 0 0 0 0 0 0 0 0 0.1770114451646805 0 0 0 0.5543853044509888 0.6313332095742226 1.035057313740253 24.90451503545046 0.9114168509840965 15.12225809693336 6.751892238855362 3.838199362158775 1.472458869218826 0.1187819838523865 2.075839936733246 1.576382145285606 0 0.1199694648385048 0.08829160034656525 0.2160011827945709 0 0 0 0.1274595707654953 0 0.900886058807373 0.1953638792037964
16.00354452431202 77.26268319785595 12.39314770698547 118.1299607902765 0 12.19369119405746 123.3551657795906 110.3166464716196 1.910808026790619 286.4857550337911 69.54525308310986 94.13386918604374 1251.879297167063 340.0843540132046 29.20170977711678 111.842043325305 14.53309021890163 0.2979199215769768 0.6666553169488907 1.586125962436199 2.756584599614143 12.33077801764011 1.920366905629635 0.730710506439209 10.2201931849122 0.6169436350464821 1.568063147366047 3.305713385343552 9.401013374328613 1.082473784685135 8.965787097811699 5.985493175685406 271.2799895405769 0.5754603520035744 1.643836304545403 42.06589914858341 604.9606059193611 92.86525276303291 28.82431907951832 20.17458263784647 18.72461658716202 9.747480630874634 0.1249469444155693 5.254551574587822 0.4550917595624924 0.563202328979969 56.26983797550201 0.4340426176786423 2.436121672391891 1.39558207243681 7.235440224409103 6.74665229767561 11.10641346871853 1.504839465022087 0.4963872134685516 0 3.755873747169971 13.66738522797823 0.8083867281675339 3.812823764979839 0.7209188342094421 32.62997694313526 0.11473698168993 5.806173071265221 0.2700085192918777 0.4087472930550575 0.5697679743170738 6.515554130077362 6.005949087440968 2.232142463326454 499.5899655818939 13.12525080144405 1.262345060706139 9.173813037574291 14.55362173914909 29.48353211581707 40.00631791353226 47.72398190200329 1.385450206696987 163.0072130337358 0.1176414638757706 38.51205149292946 0.3407270759344101 0 0.3028492480516434 0.2578812316060066 1.681891933083534 0.0998624786734581 0.564709410071373 1.337246350944042 1.743959419429302 0.7353097945451736 15.83104063570499 10.52015805989504 2.506260834634304 848.0843504145741 127.0283716395497 5.333354562520981 72.38401439785957 3.264152243733406 1.463882319629192 6.939640514552593 5.949584908783436 0.9297665134072304 5.989016182720661 7.745132602751255 9.931042090058327 2.641628250479698 15.90996932983398 47.61358018219471 26.13637611269951 32.84540770947933 27.55128581821918 21.4425835236907 42.12089645862579 2.025720775127411 1.411781303584576 0.3913081288337708 0.09867289662361145 0 0 0.07783310860395432 0.7202801555395126 0.1001257076859474 0 0.6750654727220535 0 1.079085908830166 0 0.4733858853578568 0.1257574707269669 1.109959244728088 0.1463815271854401 0.2481852322816849 7.844851240515709 0.3118838593363762 0 0.4306874200701714 1.386311247944832 37.56152654439211 12.06219679862261 35.03275553137064 7.708501644432545 1.813336193561554 0.8064206838607788 0 0 0 0.123140349984169 0 0.4713662564754486 0 2.421315394341946 0 0.1258570551872253 0.5120333433151245 2.474429532885551 1.574950829148293 0 0.1250746697187424 0 1.082417733967304 0.7343327105045319 0.8298569470643997 0.176592156291008 1.237709611654282 45.04642681032419 0.5279056951403618 0 0 0 0.1098265200853348 0.1086311191320419 0.4740085601806641 0.1808865368366241 0 57.53422909229994 1.125049471855164 0 0 0.3931959643959999 29.01197075098753 3.56806505471468 20.51504963636398 0 0.2105473130941391 1.520864114165306 1.290337458252907 1.231391288340092 0.1512686461210251 0 0 0 0.09372366964817047 0.2261436507105827 0.3472167700529099 0.1634567975997925 75.50416086614132 21.05536922067404 34.92293910682201 295.2185854315758 8.789516128599644 108.8407725393772 56.54251101613045 43.66374137997627 12.25910207629204 1.734746277332306 25.35534885525703 46.78325827419758 0.5108607634902 16.69995123147964 4.59395144879818 72.04668710380793 0.2895010411739349 0.9925429821014404 2.460091359913349 1.627292171120644 1.136315256357193 70.68967632949352 51.51126679778099
90.83732484281063 597.1247197762132 652.142611593008 173.0894603580236 0 1.717691123485565 1705.34658767283 172.7383551746607 860.4031868577003 2411.049349591136 1130.716084986925 1251.879297167063 621.1528810560703 2212.888243876398 14.53594962507486 50.05623750388622 8.246217653155327 0 0.1144938990473747 0.3713783770799637 1.100867688655853 3.573109269142151 0.9341099634766579 0.4260530471801758 2.954290315508842 0 0.1424756795167923 0.3595844060182571 1.990776672959328 0 21.11334843933582 24.58535604923964 1093.950940780342 0 1.653891451656818 12.4936483502388 742.9803385511041 180.9703690260649 37.48692937195301 5.365626461803913 5.012473456561565 3.283882513642311 0.2662999555468559 2.931243255734444 0.7685143053531647 0.2371077835559845 36.22040338069201 0.7904445827007294 1.494372993707657 0.8666160851716995 4.744774125516415 0.744421973824501 2.057751297950745 0.3538060933351517 0.1157394275069237 0.222341313958168 4.495862007141113 6.869962669909 1.070915155112743 2.523398049175739 0.1179101690649986 31.72351676225662 0.3297092095017433 2.22270742803812 0.2216343730688095 0 0.2021588012576103 2.455810539424419 2.282058976590633 2.174596451222897 161.7079787105322 6.560520976781845 0.217263326048851 6.226547122001648 11.90098961442709 18.76139859110117 25.2230653911829 28.59423693269491 0.3540558442473412 85.762889534235 0.1239491999149323 27.226204238832 0 0.1057268977165222 0.306430421769619 0 0.3459068834781647 0.1791382282972336 0.3618693053722382 0.12309430539608 0.2212973684072495 0 4.412250876426697 5.055745750665665 1.636195488274097 293.7638630121946 13.62021601945162 0.5030149072408676 23.17634306102991 0.8292052745819092 0.6513113975524902 1.358037821948528 2.713316947221756 5.387529343366623 1.457541547715664 4.306699231266975 3.293561831116676 0.797722727060318 8.611249148845673 22.57122459262609 8.466689608991146 13.37557965517044 8.758927933871746 6.226509653031826 15.02382313460112 0.9672084301710129 0.09795553237199783 0 0 0 0 0 0 0 0 0.4201074838638306 0 0.8184374198317528 0.5103681683540344 0 0 0.5506550148129463 0 0 2.382711380720139 0.1309775561094284 0 0.8586857467889786 0.1275583505630493 10.90804147720337 4.847449868917465 11.78005789220333 5.000832602381706 0.6560018584132195 0.3876341581344604 0 0 0 0 0 0 0 0.8170816525816917 0 0 0 0.9591403901576996 0.1254155188798904 0 0 0 0 1.430366545915604 0 0 0.5306545495986938 13.41845001280308 0 0 0 0 0 0 0 0 0 19.14337792992592 0.7718779146671295 0 0 0.1187642216682434 11.59990996867418 0.3635696172714233 7.740699492394924 0 0 0.272613063454628 0.2898039370775223 0.5212617143988609 0 0 0 0 0 0 0.1259043216705322 0 23.09800873696804 6.708407029509544 12.7928197234869 200.6973290219903 6.816888272762299 71.52522686123848 36.87585732340813 26.19414512813091 8.397199600934982 1.596212238073349 18.52174673974514 14.8671562820673 0 3.131127178668976 1.860044553875923 26.40054092556238 0.2127379328012466 0 0.3132810145616531 0.105457678437233 0 17.39952532947063 19.20796035975218
360.1855979636312 3001.845518402755 3351.326724484563 525.1237568855286 0 2.578836128115654 2622.421764679253 1553.174672067165 1776.47231605649 1213.953294463456 2337.422046810389 340.0843540132046 2212.888243876398 1602.434136047959 66.12896201014519 158.0651011094451 28.99895808845758 0.3835134282708168 1.485996559262276 2.030226051807404 6.749138757586479 2.12940414249897 1.527411818504333 2.687357194721699 7.108672149479389 0.4434249401092529 1.41934772580862 0.240509420633316 2.212300151586533 0.339189201593399 387.9435858950019 245.229790173471 403.5765011608601 1.691230036318302 4.997842907905579 17.65368943661451 640.631377235055 78.51565580815077 15.48328772187233 6.797746330499649 13.37067952752113 6.195098251104355 1.074185349047184 13.29571235924959 2.865936957299709 0.6789847537875175 120.6036931201816 1.642503224313259 7.605196058750153 3.091739721596241 6.30770031362772 0.7218240424990654 1.886463016271591 0.5349371656775475 0.2284262999892235 1.320499524474144 11.22901502996683 33.3316615447402 3.888097949326038 10.01778616011143 2.475654095411301 29.43689345568419 1.433334872126579 26.1117972061038 0.6259800121188164 0.1901906207203865 0.4079914689064026 3.128176063299179 7.133144110441208 6.363173343241215 268.4422454237938 8.690791711211205 0.1064088270068169 27.99663672596216 49.16657596826553 101.016683138907 122.787911772728 140.2119402363896 17.93589118868113 146.2824966907501 1.180396780371666 52.32764527946711 0.4064596593379974 0 1.105282731354237 0.1998791322112083 0.878263957798481 0 0.2771710976958275 0.1325959861278534 0.6997130736708641 0.5997740477323532 9.55497957020998 5.95246047526598 1.615419581532478 501.7017897963524 47.2687633484602 1.123480603098869 26.45173992216587 4.872260555624962 1.566008768975735 5.424185283482075 5.187999412417412 1.054462343454361 5.065148152410984 6.831602066755295 8.224363885819912 0.7647106572985649 12.05338219553232 44.20886781811714 22.69557235389948 26.95901445299387 25.93545358628035 19.52970545738935 40.6238704547286 2.31634321808815 0.3880957886576653 0 0 0 0 0 0 0 0 0.1903207302093506 0.2089477032423019 0.2500729113817215 0 0.1965228989720345 0.7086244896054268 0.3260359615087509 0.1272976696491241 0 6.356256261467934 0.2882294505834579 0 0.6111907064914703 1.396035097539425 30.99298413097858 7.263297736644745 36.0241386666894 8.642336398363113 3.066079579293728 0 0 0 0.08908020704984665 0.9410922825336456 0.1389776468276978 0 0 2.706129804253578 0 0 0.6237893998622894 1.403128363192081 0.8595298156142235 0 0 0 0.5645404979586601 0.4355110228061676 0.2757553085684776 0.4164473414421082 1.953368291258812 46.59826514869928 0.108533002436161 0 0 0 0 0.1595666259527206 0.2911996319890022 0 0 48.85794071108103 2.959526374936104 0.1085828766226768 0.491383321583271 0.3299378901720047 27.96517376601696 5.766715444624424 21.64974018931389 0.08354191482067108 0.5839211717247963 1.391199670732021 0.5240286365151405 0.6455710977315903 0 0 0 0 0 0.1406067907810211 0 0.2128200232982635 58.99907379597425 14.98918844759464 33.21846807003021 658.5856895521283 16.00917642563581 232.0654799714684 125.9643206819892 68.47112017124891 31.33218294382095 4.937542021274567 69.32023953646421 32.97067295014858 0.113543413579464 15.37430917471647 3.716080762445927 72.83068504184484 0.271517738699913 0 3.776428177952766 5.028600856661797 1.541053250432014 31.67204321920872 35.83563633263111
20.91358961164951 25.66129450500011 18.96924237161875 0.4748163968324661 0 0 9.750185690820217 71.77687825262547 0.4917638152837753 15.69675496220589 4.295360900461674 29.20170977711678 14.53594962507486 66.12896201014519 628.1932300180197 2159.093460544944 490.1539736911654 1.493669152259827 32.91455726325512 3.988305315375328 0.9294809922575951 0.2995231002569199 0.4523702710866928 0.7853238135576248 13.95767065882683 0.4959208145737648 1.755754739046097 0.5033358708024025 0.5103043615818024 0.603869616985321 22.06769654899836 28.65989945083857 34.20343904942274 5.687523953616619 2.945345520973206 12.06337551772594 46.26144167035818 23.73897016048431 38.76028146594763 13.17932213842869 2.905181877315044 1.278730615973473 6.577681303024292 132.3431010246277 34.62491084635258 29.63904882222414 319.9661309123039 4.818257182836533 19.44109091162682 15.30072875320911 1.99815921485424 0.4710052162408829 5.838100448250771 0.4196914285421371 0.9784277454018593 0.4698692858219147 2.286331817507744 4.130699545145035 13.34708192944527 150.1363651975989 63.92693372815847 34.59277139604092 31.54453380405903 7.585806176066399 0.1881363838911057 0.3859666436910629 0.2053167745471001 3.285859078168869 16.55757535994053 5.437641508877277 39.32444244623184 6.245298095047474 0.1296885460615158 269.8051185160875 25.01319146156311 2267.463354565203 414.6883943900466 618.641006283462 30.39947812259197 30.56157803535461 32.92758994549513 72.43459235876799 0.4914132431149483 0.1298640966415405 1.670007683336735 0 7.900948107242584 0 0.1563135087490082 0.2813065052032471 0.2987065762281418 0.09380128234624863 2.866399832069874 0.2359587475657463 0.4902041852474213 11.88329087197781 19.5767877176404 0.8695237785577774 55.58227115124464 5.220339074730873 0 0 0 0 0 0 0.1570780873298645 0 0 0.393111065030098 0.4064257591962814 0.1391004920005798 0.4617070183157921 0.4765707179903984 0.5317808017134666 0.1333244144916534 0 0 0.9404043853282928 0 0 0 0 0 0 0 0 2.169009894132614 0.1500086486339569 0 0 0.7493731081485748 0.3708314150571823 0.0983855202794075 0.24154432117939 0 0 0.8563998937606812 0.9556946754455566 1.057583555579185 3.301003649830818 2.613832846283913 4.05619840323925 2.46153649687767 0.0947815403342247 0 0 0 0.2028862535953522 0.1001185700297356 0 0 0 0 0 0 2.867041431367397 0 0 0 0 0 0 0 0 1.668531104922295 3.165479801595211 0 0 0 0 0 0 0 0 0 1.304804071784019 0.7834265753626823 0 0 0 0.4541836306452751 0.2327760979533195 1.824500314891338 0 0 0 0.2011429071426392 0 0 0 0 0 0 0 0 0 0.3575087189674377 1.787630163133144 4.57737921923399 17.57638055831194 21.58595567196608 198.8506672084332 30.74664103239775 3.99068309366703 5.87273670732975 0.165614902973175 3.982463046908379 2.583948269486427 0 0.8594733029603958 1.467923797667027 0 0 0 0 0.743621289730072 0 1.234416745603085 3.092442534863949
