263.1431479752064 3741.508980892599 513.8279845118523 1550.793280802667 87.20850197970867 61.9949466586113 337.3166056722403 45.83856584876776 21.45548549294472 794.3436407446861 83.92034684121609 186.6119219958782 85.32538322359324 15.61277143657207 1.492810569703579 1.188754588365555 0.1329724937677383 0 0 0.08929307758808136 0 0 0 0 0 0 0 0.1711630970239639 0 0 775.0527537092566 6.34856853634119 0.2220786213874817 0 0 0.7299574166536331 1.927277885377407 1.102692097425461 0.8450183421373367 0 0.2144925519824028 0.1038229316473007 0 0.1171280965209007 0 0.2554953992366791 21.60166119784117 1.880186334252357 1.208700567483902 0 0.2832293584942818 0.3740594387054443 0 0.1229091435670853 6.786584757268429 5.893993355333805 369.8542116656899 990.5161604210734 55.05736102163792 8.340341933071613 0.1948233395814896 0.2581844106316566 0 9.809703759849072 3.931810468435287 1.552229627966881 0.9762565046548843 0.491234265267849 0 0 6.374233841896057 7.325975224375725 0.75252865254879 126.1771107688546 17.44487787038088 18.01349680125713 1.744111724197865 0.4366753697395325 1.540162093937397 1.875175297260284 0.6195442155003548 1.798407606780529 10.66553894430399 0.5093601867556572 1.07018581032753 5.673347853124142 0.2580248713493347 0.3504118323326111 0.6371602788567543 0.9937695786356926 1.376478165388107 0.1881061494350433 0 0 0.3581608831882477 32.43621538579464 15.35366362333298 0.8681182563304901 3.451448738574982 1685.510816603899 0 0 0.2140988260507584 3.776329860091209 0 1.984816342592239 0 0 0.214202344417572 1.936857089400291 0 0 2.366091281175613 0 0.9598407447338104 0 0 0 0 0 0 0 0 0 0 0 0 0.8312502503395081 0 0 0 0 0 0 0 0 0 0 0 0.3391406089067459 0 0.5976901203393936 1.27624049782753 0.7348870635032654 0 0 0 0 0 0 0 0 0 0 0 0 0.4163154363632202 0 0 0 0 0 0 0 0 0 0.4090702831745148 0 0 0 0 0.1144793778657913 0 0 0 0 0.7268241718411446 0 0 0 0 0.1177155748009682 0 0.7595956325531006 0 1.250303864479065 0 0 0 0 0 0 0 0.1962196230888367 0 0 0 2.447981663048267 0.4131978750228882 0.1233373507857323 126.7856558039784 5.305659346282482 76.59641586244106 3.848155364394188 1381.900316804647 9.731659352779388 1.925652138888836 0.414449006319046 10.34151165187359 0 0 0 10.0400268882513 0 0 0 0.1328698098659515 0 186.4929755330086 1.510685443878174
3741.508980892599 4687.200823605061 1722.565371960402 1243.126167178154 2180.476362042129 32.20388431102037 2915.866025805473 361.0123890191317 389.922644212842 683.4757461026311 973.4712506681681 91.3629794344306 983.8077895119786 721.9749996066093 11.57175369560719 5.781707987189293 0.7923110127449036 0.1793910339474678 0.4170182794332504 0 0.0948091596364975 0 0 0.1136213541030884 0.4141118675470352 0.2964170500636101 0 1.009483873844147 0.1495078802108765 0 2570.425803810358 22.25282640755177 17.5720352679491 0.3266854807734489 0.6023849174380302 0.4316106736660004 7.070355847477913 1.190491452813148 1.449854165315628 0.1843002662062645 0.7073652036488056 1.269050247967243 0.3097108453512192 4.173919513821602 0.08762364089488983 2.380303785204887 186.6087623387575 5.734979636967182 1.939534217119217 0.6155191212892532 1.646197840571404 0.103768490254879 0.5962420254945755 0.3964950069785118 16.12479877471924 15.90269015729427 305.1047396212816 853.1673943474889 121.2503165900707 63.01586589217186 2.249902829527855 5.672483690083027 0.6214439272880554 134.5119136050344 12.52630008757114 7.744147248566151 5.620274685323238 1.218523561954498 0.505583867430687 0.4591860249638557 22.02378126233816 0.9797116070985794 0 489.6989987418056 189.5084906369448 216.9456913024187 42.0557244643569 4.119383566081524 5.33967862278223 29.61103071272373 6.194977916777134 5.212961964309216 43.80718579888344 1.058832280337811 6.1374546661973 25.6347219273448 2.361004017293453 0.2983933240175247 3.082422040402889 0.4928804412484169 3.536884739995003 0.4239293187856674 0.7265369668602943 1.387301042675972 1.014710448682308 9.991661667823792 11.63865215331316 0 5.73281941562891 885.4716688171029 0.1047692596912384 0.3074606657028198 1.115618586540222 17.68360625207424 0 19.60720448940992 0 23.11356997489929 8.38635129481554 5.795709609985352 0 9.598840609192848 4.426116541028023 1.243847653269768 3.455409668385983 0 0 0 0 0 0 0 0 0 0 0 0 0 0 0 0 0.156733438372612 0 0 0.5947479829192162 0.509143203496933 0 0 0 1.122608296573162 0.1601478010416031 3.539019837975502 1.581630885601044 0 0 0 0 0 0 0 0 0.6107149720191956 0 0 0 0 0.4572009146213531 0 0 0 0 0 0.2451978698372841 0.1669091433286667 0 0 1.925332501530647 0.3416033387184143 0 0.1121013835072517 0.09586667269468307 0 0 0.08318320661783218 0 0 1.378470458090305 0 0 0 0 1.240452587604523 0 0.2869579717516899 0.9363041371107101 0.9087810888886452 0.2276423424482346 0 0 0 0.1649315804243088 0.1999004259705544 0 0.1621904969215393 0 0 0 3.146585464477539 0.1384230405092239 1.757851794362068 520.3596666157246 12.45627016574144 362.1345531344414 22.20693111419678 800.576932631433 29.73516692966223 3.170117266476154 3.41018395870924 11.66666986048222 0 0.7019116580486298 0.1374163180589676 8.306403800845146 0 0 0 7.366161450743675 0.160118579864502 122.8612031489611 4.723093613982201
513.8279845118523 1722.565371960402 1795.454753696918 106.401434533298 757.4646140486002 11.84560316801071 33.12389336526394 3950.924063056707 304.3246478959918 7.241836227476597 1634.483919039369 9.469123661518097 84.27987841516733 290.3983992561698 7.144968464970589 6.286216333508492 1.57898336648941 0.5586098358035088 0 0.09985834360122681 1.619574874639511 0 0.06926193833351135 0 1.604728154838085 0.4209472313523293 0.08833136409521103 0.492330476641655 0 0.07644180208444595 4393.414613485336 616.2749695703387 122.7297964394093 0.6402620300650597 1.176492661237717 3.147234924137592 15.21433526277542 2.691552959382534 2.018156051635742 1.509603105485439 1.903019770979881 1.39084517210722 0.8406244292855263 2.430607579648495 0 5.175278224050999 92.70754233747721 2.482045829296112 1.034019060432911 1.439180850982666 0.551245704293251 0.1967072114348412 0.4069415852427483 0.09359638392925262 6.474338293075562 7.084672570228577 125.5278517827392 566.4595595374703 45.86856269091368 28.4875977858901 19.1858731508255 44.42996912449598 4.428602904081345 375.6968659386039 7.600242748856544 3.836105212569237 3.327178150415421 0.6368662193417549 0.5720510557293892 2.377069406211376 18.72022085636854 2.131479755043983 0 231.4131148010492 253.84532096982 143.7739507779479 50.62862808257341 4.575067833065987 203.589044675231 359.1720848381519 36.18543000519276 178.1809226870537 20.1678369268775 0.2741031125187874 2.757313869893551 8.633625201880932 0.5106649473309517 0.1075341999530792 1.574898049235344 0.4787195473909378 1.406589403748512 0.07281448692083359 1.493040919303894 0.4958271160721779 0.3693950101733208 3.058280684053898 10.48713079839945 0 7.954953089356422 197.7594067752361 0.3604863584041595 0 0.4260636568069458 0 0 0.2762897983193398 0 0.3998627215623856 0 3.024889588356018 0 0.6986697316169739 1.415064163506031 0.275359682738781 0.2533547952771187 0 0 0.1404964625835419 0 0 0 0 0 0 0 0 0 0.1891786009073257 0 0 0 0 0 0 0 0.2487197071313858 0 0 0 0.9053153470158577 0.7953454852104187 1.102467380464077 0.9294472336769104 0.7804092168807983 0 0 0 0.3282859623432159 0 0 0 0.3843178749084473 0 0.2538827955722809 0 0 0.09425757080316544 0 0.4571053683757782 0 0 0 2.032825589179993 0.985485851764679 0 0 2.36196605861187 0.3155162036418915 0 0 0 0 0 0 0.1135692968964577 0 0.9194619879126549 0.1209242418408394 0 0 0 0 0 0 0.7950206696987152 0.8673732280731201 0 0 0 0 0.1077838018536568 0.2917352616786957 0 0.1807388141751289 0.09928155690431595 0 0.1153757125139236 0.9301934689283371 0.8088010102510452 1.753466069698334 155.1337619647384 4.929820708930492 134.2901492267847 9.601495184004307 208.4381769970059 9.291445285081863 1.239184372127056 1.014465697109699 5.676542371511459 0 0 0.1262162774801254 2.040412098169327 0.5363094806671143 0 0 3.044795542955399 0.1179701164364815 38.89919157326221 3.159937113523483
1550.793280802667 1243.126167178154 106.401434533298 239.0685148462653 52.20232435315847 364.5599753633142 700.406791895628 13.86360700428486 7.610643520951271 1039.098511189222 26.09876933693886 1366.76617872715 1220.665301218629 17.16497775912285 2.085995689034462 0.4533011093735695 0 0.3325409516692162 0 0 0 0 0 0 0 0 0 0.1252156496047974 0 0 109.8829283639789 0.8109979555010796 3.788222678005695 0.1013894975185394 0.115263432264328 0.2091575413942337 8.807354427874088 0 0.7598206996917725 0.1079577729105949 0.1039264649152756 0.3488631471991539 0.1066521406173706 0.3629090860486031 0.1047253981232643 0.7752184644341469 36.42389186471701 1.805943921208382 0.4216456860303879 0.4756252840161324 0.6721658781170845 0.1391086578369141 0.4397188127040863 0.1017289906740189 5.642546236515045 5.955789193511009 147.6169535964727 276.5478650778532 50.62062936276197 19.33263093233109 0.3945975676178932 1.213134750723839 0.2618337422609329 12.03900808095932 4.797776065766811 2.202399596571922 3.026714220643044 0.7863008007407188 0.1630952060222626 0.1055766120553017 23.30254177749157 0.9243671447038651 0.2377480193972588 155.69890832901 25.956298597157 39.6094957664609 3.123210214078426 0.2522177696228027 0.55300472676754 0.56511090695858 0.6236564740538597 0.5601922646164894 15.41963995993137 0.4991504028439522 2.01350599527359 7.341743588447571 0.7189871892333031 0.0974012091755867 1.442758612334728 0.6895018741488457 0.4593198150396347 0.1484271287918091 0 0.3300584256649017 0.2017566785216331 23.19309008866549 4.087897621095181 0.2764931917190552 0.7025207504630089 750.7557182163 0 0.9007755517959595 1.167072243988514 4.131198197603226 1.106409430503845 4.861169725656509 0.8074173033237457 2.615871787071228 8.994395136833191 9.027783893048763 0.6108419746160507 1.410939007997513 7.931581497192383 1.020183145999908 5.301097795367241 0 0 0 0 0 0 0 0 0 0 0 0 0.6406899690628052 0 0 0 0 0 0 0.5561072751879692 1.465795829892159 0 0 0 1.538941964507103 0.780356228351593 1.918770648539066 1.442217521369457 1.48582935333252 0 0 0 0 0 0 0 0 0 0 0.32369264960289 0 1.42571097612381 0 0 0 0 0.5307028070092201 0 0.2619734406471252 0 0 1.086966879665852 0.5528132915496826 0 0.1732428073883057 0.158688098192215 0 0 0 0 0 2.418299674987793 0 0 0 0 1.212900809943676 0 0.1105456575751305 0 0.2350044250488281 0.4315466284751892 0.6032046675682068 0.1817321330308914 0.1199178397655487 0 0 0 0 0.206761360168457 0 0 7.574358150362968 0 2.000201188027859 274.3520017638803 4.264874584972858 91.94603911787271 3.826985403895378 935.6680143550038 9.130678124725819 0.6008968949317932 0.4381347000598907 33.10961322486401 0 0.7320009469985962 1.162819027900696 22.70058485865593 0 0 0 0.7601467669010162 0 212.7143832221627 4.256764449179173
87.20850197970867 2180.476362042129 757.4646140486002 52.20232435315847 1904.580103851855 4.689054369926453 1068.385795034468 351.7892715111375 2028.430315837264 202.4461278989911 934.0242999494076 60.01454326510429 1004.681417115033 4323.451124161482 16.85233487933874 9.936825457960367 0.9550888761878014 0.1840613037347794 0.2781720831990242 0.09850506484508514 0.1095993295311928 0 0 0.1378680318593979 0.3733138218522072 0.08924220502376556 0 0.3087455183267593 0.1403572112321854 0 166.244267590344 7.40766754001379 13.83258453756571 0.07715699076652527 0.6319498345255852 0.2294724360108376 4.789470255374908 1.29239671677351 0.6990067288279533 0.746570311486721 0.3030481338500977 0.5147900283336639 0.09845735132694244 1.773189514875412 0.09033608436584473 2.457944042980671 174.4487124457955 1.873883426189423 0.3161821588873863 0.5966725423932076 0.8768509179353714 0 0 0.2317728623747826 4.3565968349576 5.1670897975564 46.89461633190513 84.16196383535862 30.84581042453647 27.38515748083591 1.712977178394794 4.165898762643337 0.8242089003324509 67.6213156953454 3.641891039907932 3.262077122926712 2.233538828790188 0.6829054057598114 0.1805390864610672 0.2120859399437904 24.11330139636993 3.60543454438448 0 125.3428436666727 73.65698266029358 96.31070877611637 35.11299192905426 2.387247152626514 2.414141535758972 41.00646796822548 2.228749439120293 3.863245479762554 13.46491990238428 0.4679789692163467 1.81914883852005 8.258950784802437 0.6080964803695679 0.4273881539702415 0.8254474028944969 0 1.56202694773674 0 0.08880903571844101 0.2911360859870911 0.4244906231760979 19.23823714256287 19.29911257326603 0 10.23523166775703 14.06114402413368 0.2569699138402939 0.3259791135787964 0.4300259202718735 0.1100997477769852 1.196648120880127 2.115557670593262 0 3.033605590462685 5.59860148280859 7.479483187198639 0.9099917113780975 6.18681462854147 6.537092611193657 0.2161124348640442 3.450962260365486 0 0 0 0 0 0 0 0 0 0 0 0 0.3887082040309906 0 0 0.1573289185762405 0 0 0 1.576921820640564 0.9136969000101089 0 0 0 2.330656878650188 1.789504334330559 9.102323420345783 3.410442158579826 0.7279288172721863 0 0 0 0 0 0 0 0.2881353497505188 0 0 0 0 1.17742258310318 0 0 0 0.2485245317220688 0.4083234667778015 1.401622518897057 0 0 0.1532034128904343 3.032849833369255 0.2465361505746841 0 0 0 0 0 0 0 0 3.009473845362663 0.2866175919771194 0 0 0 0.5598764792084694 0.2285875529050827 1.545334950089455 0 2.584531858563423 0.9555538594722748 0 0 0 0 0 0 0.2933806627988815 0 0 0 5.79500125348568 0.750785119831562 2.456627264618874 553.5695255324244 11.47164237499237 249.8057111799717 34.09060728549957 88.56990069895983 20.74402622878551 0.9075719490647316 6.044008269906044 16.82104057073593 0 1.491879850625992 0.1223564818501472 11.30093829333782 0 0 0 8.356700897216797 0.4889902770519257 48.73547498136759 9.963298454880714
61.9949466586113 32.20388431102037 11.84560316801071 364.5599753633142 4.689054369926453 3.518210336565971 58.20516891777515 4.229428872466087 1.988000571727753 625.7100776955485 0.4117479622364044 227.3872908502817 71.52061944454908 3.369783610105515 0.4939010143280029 0 0.1788371503353119 0 0 0 0.319318413734436 8.012308239936829 0 0 0 0 0 0 0.1808705925941467 0 10.32526315748692 0.1129016503691673 3.705563604831696 0.2799446582794189 0 0.2006878554821014 15.98405179381371 3.738975390791893 5.593872293829918 0.181599423289299 0.1501263231039047 0.5660101622343063 0 0 0 0 0.6459026783704758 0 0.1162957027554512 0.1191224306821823 0.249042697250843 28.21888990700245 2.449893474578857 2.87894319742918 0 0.4953845590353012 25.65397422015667 12.81119089573622 2.502321422100067 0.2990045845508575 0 4.053237348794937 0.3547145128250122 0.1365945488214493 0.3048133030533791 0.3184572160243988 0.2189852818846703 0 0 0 123.9708759561181 190.318956695497 19.27037958800793 1.753176517784595 0.2676201611757278 0.1124434247612953 0.1255763024091721 0 0.4401573538780212 1.151834398508072 0.1773773282766342 0.9753210097551346 0.5008512884378433 1.053107023239136 0 1.482772827148438 0 6.884888239204884 3.005406893789768 28.48145986348391 1.005866803228855 1.649912506341934 0.265618622303009 0.1760053783655167 3.00599543005228 281.2273714989424 183.1843623816967 47.69684236496687 61.94062085449696 164.5557153522968 0.09736631810665131 0 0.9085264801979065 6.011148199439049 0 2.45346674323082 0.6571294069290161 2.583765521645546 7.536202386021614 5.304703056812286 0.4538566768169403 4.070343345403671 8.113077819347382 1.117760293185711 4.097938075661659 0 0 0 0 0 0 0 0 0 0 0 0 0 0 0 0 0 0 0 0 0.2610557377338409 0 0 0 1.919234350323677 1.906681917607784 4.820715233683586 0.1266234666109085 1.310980647802353 0 0.3142367154359818 0 0 0 0 0 0 0 0 0 0.1716884076595306 0 0.5257760137319565 0 0 0.09520021080970764 0 0 0 0 0 0.4030853286385536 0.2567739188671112 0 0 0 0 0 0 0 0 3.286220356822014 0 0.4703032225370407 0.1460926085710526 0 0.4128700569272041 0.7809551954269409 0.3808482810854912 0.3634302318096161 0.295118123292923 0 0 0 0 0 0 0 0 0.3555590808391571 0 0.1323273181915283 16.45844562351704 0.9105386883020401 0.43443962931633 117.5006398111582 1.295517176389694 1.074335023760796 0.2288369089365005 168.0530484318733 0 0 0 22.87635658681393 0 0.1720535755157471 0 24.19958954304457 0 0 0 0 0 35.12934102118015 7.77241962403059
337.3166056722403 2915.866025805473 33.12389336526394 700.406791895628 1068.385795034468 58.20516891777515 717.7325706928968 39.51829675585032 852.4333125352859 1704.696460776031 79.40267111361027 673.4282652139664 3961.088548600674 2413.299649506807 14.08385577052832 8.750575795769691 1.243889138102531 0.1409114748239517 0 0.3379395082592964 0.2358593419194221 0 0 0 0.6204082146286964 0.1781600564718246 0 0.4827592745423317 0.4009159952402115 0 114.8148086741567 6.295736491680145 24.57381991297007 0.3646153882145882 0.5693125575780869 1.566986799240112 24.33436483889818 1.588784232735634 2.941011600196362 0.6371599212288857 0.4377148896455765 0.5965733900666237 0.08247607946395874 2.371079124510288 0.4545903429389 2.41076347976923 173.5719682201743 3.592059589922428 1.02692149579525 0.5979325845837593 0.9159434661269188 0.1295839846134186 0 0.2372120395302773 8.379770159721375 6.871053472161293 109.9593599662185 186.8739045187831 64.22507503628731 42.01704348623753 1.939922519028187 5.72256975620985 0.6275872811675072 48.50626132637262 7.493900611996651 4.894527673721313 2.491521462798119 0.5580852627754211 0.189014658331871 0.4407424628734589 85.67296362668276 6.977229252457619 0 225.2317451238632 79.53539088368416 120.5537205040455 29.42928475886583 3.321647152304649 2.357608273625374 7.321577675640583 3.590003497898579 8.530973397195339 24.02186651527882 0 2.985999576747417 14.22686836868525 0.3851052597165108 0.2867080718278885 1.687967248260975 0 2.785301879048347 0 0.5648489370942116 0.3952999264001846 0.3728703185915947 122.4388886317611 45.06544491648674 0.1197338178753853 21.69182237237692 110.9702500700951 1.23800490796566 0.4545637965202332 15.79861491918564 29.82786872237921 0.9358157813549042 35.78517965972424 0.3304517567157745 70.00426179170609 46.19879179447889 29.58207301050425 1.694696232676506 65.85301069170237 32.67707775533199 5.311380788683891 16.50428622961044 0 0.2278920412063599 0 0 0 0 0 0 0 0 0 0 0.1661103069782257 0.5820303335785866 0 0 0.2838965058326721 0 0 5.070514194667339 2.218427874147892 0 0 0 8.841369964182377 3.795516580343246 21.94553331285715 8.426108069717884 0.6743150800466537 0 0 0 0 0 0.3146280646324158 0 3.169863894581795 1.874500513076782 0 0 0 1.67782036960125 0 0 0.1243442744016647 0 2.288074240088463 4.175048895180225 0.1715476810932159 0.6191909313201904 1.111997619271278 12.68178448081017 0.7724980860948563 0 0.1167661994695663 0 0.1077679768204689 0 0 0 0 15.08340203762054 0.6136778965592384 0 0 0 3.674995020031929 0.2151139229536057 3.678831093013287 2.038067653775215 7.535215757787228 1.219089739024639 0.6481617242097855 0.2013736367225647 0 0 0.3269156664609909 0 0.08699309080839157 0 0 0 24.80979800969362 3.737348347902298 5.176138639450073 703.0646855831146 12.06078016012907 313.1229156255722 36.7175327539444 253.5678431540728 23.44468604028225 0.8740321174263954 5.313222616910934 53.13130609691143 0.09533205628395081 6.879139997065067 1.235119223594666 53.11489268392324 0.2124259471893311 0 0 6.379512585699558 0.5227424651384354 128.1672902479768 23.13513036072254
45.83856584876776 361.0123890191317 3950.924063056707 13.86360700428486 351.7892715111375 4.229428872466087 39.51829675585032 910.8185260593891 528.4841438531876 48.36728873103857 902.7418383359909 245.3511874452233 843.330834813416 2234.625601969659 50.78817708790302 37.04512128978968 2.300874285399914 0.334076777100563 0.09486549347639084 0.1732449680566788 2.330798387527466 0.24160997569561 0 0 6.654017813503742 1.941710188984871 0 0.9492655694484711 0.137906551361084 0.113432988524437 752.6832818835974 2000.633073829114 871.6352484077215 1.051546566188335 4.441123597323895 13.56860198825598 361.5986576527357 19.93855658173561 13.04570950567722 9.140893146395683 3.747258640825748 3.60623823851347 0.8501667231321335 5.531195744872093 0.4463623464107513 3.285161234438419 233.1498652249575 1.894538871943951 1.289854966104031 1.189048707485199 0.5190595835447311 0 1.733245052397251 0.1782992035150528 3.535542391240597 3.582899883389473 36.96925212442875 137.1077972725034 20.10697184503078 28.56635156273842 76.92542282491922 236.1073648631573 4.685901053249836 258.3998565003276 3.305003814399242 2.436079449951649 1.872397504746914 0.2324117869138718 0.4359932020306587 2.552836880087852 446.6009320914745 11.89505619555712 0.1023835763335228 110.9867182448506 140.5178130120039 138.9559333771467 88.91393503546715 183.3679811358452 1666.80194850266 874.6775483936071 307.8961220011115 1257.479816064239 13.05722104758024 0.09794338792562485 1.87655384093523 6.343611776828766 0.6241488829255104 0 1.458149611949921 0.08296532183885574 1.07090025395155 0 2.268270239233971 0.7021512612700462 0.720329225063324 48.72716519236565 36.42098713666201 0 38.1815724670887 25.40599415451288 0 0 0.8778518736362457 1.73627508431673 2.160731419920921 3.638908252120018 0.4870957434177399 3.326190233230591 5.180318854749203 15.5760428160429 0.9630474448204041 4.484111346304417 13.9029234573245 1.701268970966339 10.64230997115374 0 0 0 0 0 0 0 0 0 0 0 0 0 0.6810426712036133 0.9198448061943054 0 0.9938587546348572 0.3355837166309357 0 2.515942357480526 1.759472519159317 0 0.2735075354576111 0 7.422924429178238 4.191545605659485 14.90072417259216 5.007402442395687 1.546877168118954 0 0 0 0 0 0.1461394429206848 0 1.054612278938293 0.4424355626106262 0 0 0 0.3851248770952225 0 0 0 0 0.9855313152074814 2.873351514339447 0.4315831363201141 0 0 7.627103045582771 2.619316413998604 0 0.2327798753976822 0.2075357660651207 0 0 0 0 0 6.25438466668129 1.411310836672783 0.1944524347782135 0 0 1.025869064033031 0.6909409984946251 1.689278118312359 3.272331081330776 2.494517937302589 0.2623887956142426 0 0 0 0 0 0 0.194460354745388 0 0 0 13.83223139494658 2.262511141598225 4.521768346428871 468.6855387985706 5.704727955162525 274.2806154713035 49.01022936403751 46.33149305731058 17.29221481829882 1.558671236038208 5.118529587984085 25.77218078076839 0 2.589194878935814 0 18.99908576905727 0 0 0 8.992186300456524 0.4604268670082092 71.38632258027792 16.3809704631567
21.45548549294472 389.922644212842 304.3246478959918 7.610643520951271 2028.430315837264 1.988000571727753 852.4333125352859 528.4841438531876 608.9804172068834 58.91905646771193 927.7263996601105 17.14943347871304 2516.191873885691 2302.102161549032 6.986927792429924 4.155231922864914 0.6284500062465668 0 0.2025801539421082 0 0.2701959982514381 0 0 0 0 0.09975402057170868 0.1048669591546059 0.1205293014645576 0.1231644824147224 0 34.45933915674686 3.774288311600685 23.04206283390522 0.07728908210992813 0 0.3950769975781441 9.247917756438255 0.2337272614240646 0.3289302587509155 0.2363988682627678 0 0.1284923851490021 0 0.7357844859361649 0 0.6889035329222679 54.09555976092815 1.280838057398796 0.4745173752307892 0.1848747357726097 0.1723501682281494 0 0 0 1.376722753047943 0.7979631498456001 10.41003774106503 18.12408955395222 7.161957822740078 8.414361655712128 0.2769485712051392 3.401568114757538 0.619766466319561 18.63759353756905 1.026839308440685 1.314869672060013 0.6431887596845627 0.3013196438550949 0 0.09172085672616959 17.71175663173199 0.9111650586128235 0 27.48908020555973 16.01306962221861 27.50689658522606 11.22318188101053 0.9761742427945137 8.755537554621696 87.45452569425106 1.140725888311863 7.462075285613537 3.13751257956028 0 0.7003478035330772 2.056764893233776 0.1172591298818588 0 0.5481934770941734 0 0.3594568818807602 0 0 0 0 11.57746407389641 11.70498691499233 0 7.947327569127083 4.276436917483807 0.1956920027732849 0.4287716150283813 0.4495519995689392 0.8319282606244087 0 0.54737389087677 0.5562906563282013 1.156338050961494 3.242973953485489 5.346848249435425 0 1.692634493112564 3.700845003128052 0.8124856054782867 3.393893748521805 0 0 0 0 0 0 0 0 0 0 0 0 0.1344515532255173 0 0 0 0 0 0 0.3713751956820488 0.2859376072883606 0 0 0 1.92843184620142 0.5243366360664368 6.226928442716599 0.958631657063961 1.224571168422699 0 0 0 0 0 0 0 0 0 0 0 0 0 0 0 0 0 0 1.358958080410957 0.1138291135430336 0 0.2827054858207703 3.004910863935947 1.581662982702255 0 0 0 0 0 0.08751483261585236 0 0 2.484567813575268 0 0.1337984204292297 0 0 0.7213782072067261 0.6349241137504578 0.6372592747211456 0.3410918265581131 1.246030002832413 0 0.2028590589761734 0 0 0 0 0 0 0 0 0 3.014402493834496 1.014131426811218 1.821239769458771 201.0385350137949 3.919511534273624 87.1471765562892 18.3514607027173 29.26830863207579 5.316586501896381 0.08845943957567215 1.98126482963562 9.363725706934929 0 0.8692134320735931 0.3743288815021515 4.885071977972984 0 0 0 3.07719662040472 0 15.18481443822384 3.987878650426865
794.3436407446861 683.4757461026311 7.241836227476597 1039.098511189222 202.4461278989911 625.7100776955485 1704.696460776031 48.36728873103857 58.91905646771193 1429.555127367377 41.77935748547316 2975.367694929242 4430.844407565892 199.1413973495364 3.072790466248989 0.6363297030329704 0.4539838582277298 0 0 0 0 0 0 0.1023158580064774 0 0 0 0.3954584747552872 0 0 42.21321902424097 0.906224325299263 32.29106719791889 0 0.4373972415924072 0.1101470738649368 61.88344757258892 0.9044108092784882 1.827048048377037 0.6447389721870422 0.1034764498472214 0 0.3359720483422279 0.7419238239526749 0 1.22841439396143 45.68068106472492 0.7092892900109291 0.2161233797669411 0.09685643017292023 0.4332096874713898 0.5063201859593391 0.09501001983880997 0 3.391927272081375 3.051592729985714 105.0330037176609 135.004891872406 32.29815117269754 13.75850560516119 0.782629981637001 1.709127396345139 0 9.234247513115406 2.142453275620937 2.074696481227875 1.314409822225571 0.5881337597966194 0.1532741338014603 0.0960221067070961 208.7912760525942 11.3617737442255 0.1177260056138039 100.6365578323603 16.14922013878822 34.47507172077894 3.830402076244354 0.2832063287496567 1.526745267212391 2.819445185363293 0.5851043835282326 2.439431846141815 14.44138088077307 0.172995962202549 0.9796620160341263 4.592518202960491 0.7328985407948494 0 0.3791137263178825 0.7697776630520821 0.7280765622854233 0.2015394270420074 0.4731925055384636 0.5011178180575371 0.308695986866951 169.0168731808662 101.527037627995 1.041170500218868 57.09793036431074 636.9829317480326 2.469865992665291 4.518250182271004 18.76841650158167 47.00512884557247 3.766499571502209 70.37827780097723 7.801099613308907 20.09986013174057 99.14294829964638 118.9427264407277 4.681557670235634 42.19561524689198 172.1157531887293 12.7864957973361 64.91913441568613 0 0 0.1613706350326538 0 0 0 0 0 0 0 0 0 2.921127289533615 0 0 0 1.234268426895142 0.1407225281000137 0 11.01858204603195 5.041236869990826 0.2853586375713348 1.98476904630661 1.12301230430603 46.2010825574398 9.181212767958641 73.8376856520772 15.51432730257511 3.667707338929176 0.1988086104393005 0.1099027022719383 0 0 0 0.4416397511959076 0 3.353464119136333 0.09524799883365631 0 0 0 3.63218104839325 0.1431602984666824 0.6283928751945496 0.2328706830739975 0.1422892361879349 2.118912361562252 6.892724230885506 2.654112383723259 0.9044481813907623 1.925577342510223 27.20189987868071 3.375867553055286 0.5657269731163979 0.07570352405309677 0.3103267401456833 0 0 0.09925869852304459 0 0 60.82277115434408 0.2083035707473755 0 0 0 9.003907151520252 0.2580514550209045 7.686782613396645 6.45712873339653 10.83981384336948 0.5287377014756203 0.4723655581474304 0 0.5007805228233337 0 0 0 0.2634904384613037 0.09940993785858154 0 0 170.9238535985351 14.36611887812614 17.67274045944214 1150.501051031053 7.243907980620861 107.4655306860805 9.939782321453094 1322.709350980818 10.56631863117218 4.659237086772919 2.714238382875919 278.3712771758437 0.2912338674068451 6.900572024285793 4.831061840057373 230.7328549176455 0.979811817407608 0 0.2918436527252197 2.240876972675323 0 780.6293314248323 112.6509056091309
83.92034684121609 973.4712506681681 1634.483919039369 26.09876933693886 934.0242999494076 0.4117479622364044 79.40267111361027 902.7418383359909 927.7263996601105 41.77935748547316 261.8231108114123 137.276032589376 1461.414065301418 4048.379219643772 16.40854396671057 14.19217582046986 1.051118396222591 0.09303547441959381 0.3238588869571686 0 0.4518702179193497 0.2054953724145889 0 0.1742357462644577 1.457850828766823 0.4385218173265457 0.1251238435506821 0.2995552122592926 0 0 252.5176052004099 64.02835293859243 493.264344714582 0.2071962133049965 0.8270281553268433 5.774094358086586 249.7719225510955 9.113086119294167 6.06081286072731 2.72880931198597 0.9005394801497459 0.6778160035610199 0.07694170624017715 1.736617378890514 0.3755327686667442 1.199810601770878 86.32009791582823 0.8140653073787689 0.3611845150589943 0.5193151161074638 0.3814440667629242 0.1071441024541855 0.3695192039012909 0.09539740532636642 2.937486909329891 2.234171181917191 22.04329689592123 61.5475258231163 13.08436001092196 11.87773476541042 4.652726493775845 49.75788141041994 0.6019227579236031 54.71017509698868 1.481693834066391 1.128681190311909 0.8756274878978729 0 0.07394010573625565 0.8251309469342232 181.541410677135 1.350801005959511 0 54.98203705251217 44.5943962931633 59.65528287738562 27.03930846601725 3.804310746490955 121.9271852821112 595.4991918727756 9.20953968167305 374.686741694808 6.700215205550194 0.1156591325998306 0.9205238223075867 3.556783773005009 0.1131492778658867 0 1.131187260150909 0 0.5651253014802933 0 0.854384645819664 0.5753528773784637 0.09642169624567032 24.01058122515678 13.93911252915859 0 19.32991721481085 19.42333627492189 0.1077358946204185 0 0.3545566499233246 0.1455092281103134 0 1.14368999004364 0 0.6539056301116943 2.247253611683846 2.386530414223671 0.1099902093410492 1.787520907819271 3.735796391963959 0.1215876266360283 3.397286608815193 0 0 0 0 0 0 0 0 0 0 0 0 0 0 0 0 0.140925794839859 0 0 0.2372181937098503 0.1358687430620193 0 0 0 1.20013502985239 0.9430887624621391 2.929027929902077 0.4471272081136703 0.3461084067821503 0 0 0 0 0 0 0 0 0 0 0 0 0 0 0 0 0 0 1.537774726748466 0.1103584691882133 0 0 2.198610499501228 0 0 0 0.1138479188084602 0 0 0.09455333650112152 0 0 2.968922935426235 0.5065952390432358 0 0 0 0.7666356489062309 0 0.4787813276052475 0.584129735827446 0.2456322908401489 0 0 0 0 0 0.0946488082408905 0 0.2152680233120918 0 0 0 2.237142220139503 1.410014286637306 0.592560313642025 225.5388318747282 4.223305530846119 116.7950555682182 16.43020172417164 40.15312060713768 7.371449984610081 2.096682272851467 2.904454134404659 4.788138024508953 0 0.2569152116775513 0.4208812713623047 5.550397738814354 0 0 0 2.826087556779385 0.3391355872154236 27.00437526404858 3.044872671365738
186.6119219958782 91.3629794344306 9.469123661518097 1366.76617872715 60.01454326510429 227.3872908502817 673.4282652139664 245.3511874452233 17.14943347871304 2975.367694929242 137.276032589376 293.667253062129 1937.849475346506 422.7854683846235 15.63631099462509 11.95356350392103 0.8740044832229614 0.2926253154873848 0.1688959896564484 0.2451498955488205 0.6138462200760841 0 0 0 4.500467397272587 0.7553107589483261 0 1.148844167590141 0.4849939942359924 0 21.17915762960911 6.705784052610397 130.4957750961185 0.3043951541185379 3.001273423433304 10.98316660523415 299.4981017336249 18.73303811997175 14.87977633625269 7.540142737329006 0.4817202538251877 2.241800248622894 0.1118603050708771 1.915406860411167 0.3484189212322235 1.514967709779739 52.11381175369024 0.7573411166667938 0.6540127173066139 0.4516045749187469 0.575465552508831 0.1294799298048019 1.037643298506737 0 1.459088310599327 1.34376022964716 31.590949177742 42.03521606326103 15.10771650820971 8.761562094092369 2.802839808166027 25.57194427400827 1.211995884776115 11.14914958924055 1.340586647391319 0.2298518568277359 1.093253701925278 0.1049768552184105 0 0.3662359192967415 430.8824644088745 14.6161043792963 0.3382793515920639 53.38576512783766 15.10116913169622 24.91346907615662 9.456446148455143 1.506907343864441 5.619209505617619 82.80105350911617 0.9193069413304329 14.26324903219938 6.660398624837399 0.2181301191449165 0.5139894634485245 2.865746341645718 0.3536121621727943 0 0.1016004160046577 0.5111181735992432 0.1189822778105736 0 0.6656021401286125 0.5889865905046463 0.1034265160560608 301.5897716730833 66.45160462707281 0 49.86407329887152 77.70751295238733 1.581398122012615 1.78264058381319 3.132171340286732 30.36223790049553 1.633284851908684 34.27402474731207 3.204607620835304 11.66314189881086 51.87961961328983 41.86212191730738 3.504375874996185 24.98846483975649 58.72649473696947 5.586722932755947 33.9145669490099 0.1020803079009056 0 0 0 0 0 0 0 0 0 0 0 1.017999790608883 0.1458389312028885 0 0 0.294445127248764 0 0 3.782124474644661 4.592813685536385 0 0 0 24.83069691807032 3.99033161252737 51.73266796767712 10.28562247008085 3.99646619707346 0 0 0.1156238541007042 0 0 0 0 3.69586593657732 1.586581587791443 0 0 0 1.43523782491684 0 0.1377696543931961 0.2904722541570663 0 1.164113782346249 5.760584160685539 0.2781169414520264 0.7932575792074203 1.502037927508354 23.34382599592209 3.229925103485584 0.8995743244886398 0 0.2920908629894257 0 0 0 0 0 31.21903362125158 0.7994401454925537 0 0 0 6.09333461523056 0.4499816000461578 2.542964965105057 3.686949841678143 5.02836237102747 0.8187083676457405 0.995994433760643 0 0.08143548667430878 0 0 0 0.1202146485447884 0 0 0 63.58166565746069 6.407834023237228 8.790307700634003 319.6075707003474 5.226388707756996 89.44379463046789 14.7267307266593 178.0017235428095 6.634673915803432 0.3754056096076965 2.651009812951088 94.15066758543253 0 7.805933706462383 1.555493406951427 82.12844181805849 0.5631484389305115 0 0.1900711953639984 3.751297846436501 0.2175508588552475 300.052750594914 65.49749617278576
85.32538322359324 983.8077895119786 84.27987841516733 1220.665301218629 1004.681417115033 71.52061944454908 3961.088548600674 843.330834813416 2516.191873885691 4430.844407565892 1461.414065301418 1937.849475346506 4757.340186662972 7623.522346131504 65.69387269765139 55.29289198666811 3.969851143658161 0.5747681707143784 0 0.4341982007026672 1.989877693355083 0 0.1599412113428116 0.3773371279239655 5.412348903715611 1.433648742735386 0.2720810174942017 1.471462063491344 1.133778974413872 0.2652533203363419 74.30226455628872 19.01183222979307 729.9663387984037 0.3438014909625053 3.128409214317799 15.09576796740294 887.382537946105 35.32452092319727 18.255222029984 7.309420511126518 2.460197277367115 3.559036932885647 0.3832441940903664 5.211838021874428 0.608438715338707 5.603468962013721 252.4812559485435 1.529360756278038 1.637061446905136 1.488930746912956 0.42608492821455 0.1840221285820007 3.433179713785648 0.9312763437628746 3.361994110047817 4.745453305542469 46.95708698034286 66.91784825176001 30.97048836201429 27.81514368206263 7.228927277028561 42.49931476265192 2.875713154673576 55.47997676581144 4.045132227241993 2.661847621202469 2.097542025148869 0.8677544221282005 0.7628544643521309 1.450039640069008 841.1350958421826 31.58999409526587 0 105.1521714702249 52.10031799972057 102.2915844768286 43.66893441230059 6.716837227344513 15.10064999759197 192.8992416337132 11.36171358823776 49.87063270807266 12.24405781179667 0.2199272215366364 2.093629278242588 6.759124517440796 0.3236140981316566 0.6064573675394058 0.9284971356391907 0.2388755679130554 1.559953317046165 0.1929811835289001 2.031149253249168 0.5439262166619301 0.8524906486272812 694.0668274611235 163.443476781249 0.4034797102212906 99.35782398283482 46.33996626734734 4.775189839303493 2.766909688711166 7.403594829142094 70.90195145457983 3.238717876374722 61.02548090368509 2.625464290380478 24.51610884815454 136.470388405025 92.77525150775909 6.580924496054649 52.84994435310364 117.2865447849035 15.22521551698446 81.60702029615641 0.1822763681411743 0.3409003913402557 0.2148878574371338 0.1651997566223145 0 0 0 0 0 0 0.1723718345165253 0 2.046702712774277 1.107778236269951 0.1022632792592049 0 0 0.5788782238960266 0 16.58554121851921 12.52042533457279 0 0.3471569865942001 0.1017674431204796 47.06798512488604 19.79678888618946 109.6740321218967 24.86542916297913 5.650982730090618 0 0.5222117900848389 0 0 0 0 0 3.349199131131172 1.308309227228165 0 0 0 2.337807103991508 0.1713808923959732 0.2411688566207886 0.5892878472805023 0 8.240967504680157 15.41156053543091 0.6167824417352676 1.964917778968811 2.000941812992096 56.97667081654072 9.343389436602592 1.104422248899937 0 0 0 0.08713315427303314 0 0 0 68.7148075774312 1.99870502948761 0 0 0 12.69743431359529 3.936149686574936 7.842684827744961 8.182166665792465 17.70682305842638 3.473612517118454 1.639640115201473 0 0 0 0 0.08743936568498611 0.3064934462308884 0 0 0 125.1087377369404 19.87374546378851 30.1538473367691 1177.968855552375 23.28039015084505 421.9299734309316 84.87913655489683 163.3700833469629 26.66464137285948 2.203791126608849 10.64667791873217 176.3129750564694 0.3632866591215134 24.10051345080137 8.612197771668434 162.6314061954618 0.2989878356456757 0 0 19.06233464181423 0.8722106516361237 425.3108181357384 127.5358181670308
15.61277143657207 721.9749996066093 290.3983992561698 17.16497775912285 4323.451124161482 3.369783610105515 2413.299649506807 2234.625601969659 2302.102161549032 199.1413973495364 4048.379219643772 422.7854683846235 7623.522346131504 2587.32415843755 39.13447604328394 38.59778666496277 2.42485436052084 0.924395851790905 0 0.1467645168304443 1.929707147181034 0 0.3104995340108871 0 8.517075583338737 1.941744394600391 0 0.6037141978740692 0.3128287494182587 0 116.3155472204089 139.3161164969206 1588.401970632374 1.106072284281254 2.772563360631466 31.10014709085226 1860.293192148209 50.50934178382158 31.62728320807219 8.092368483543396 1.589169695973396 1.414019651710987 0.4076986312866211 4.96805027872324 0 2.741900786757469 166.6771218180656 1.015813916921616 0.7031001448631287 0.213271364569664 0.2630034908652306 0.3998918831348419 1.817877262830734 0.6822934150695801 2.050544701516628 1.197444647550583 16.40708797425032 33.83730063587427 10.55667320638895 14.94766617566347 43.62055104970932 198.3331103548408 4.438650168478489 65.83407913893461 1.870557583868504 0.4186384007334709 1.30949055403471 0.1911584958434105 0.3686036467552185 0.940942570567131 927.7543028220534 5.973359651863575 0 46.97812525182962 40.96270273625851 71.10872356593609 35.94025500118732 6.708884008228779 168.2956446111202 689.7365464866161 37.91500794887543 842.9979869127274 6.188657261431217 0 0.4479422867298126 3.954885274171829 0.205893948674202 0 0.480877198278904 0.2180853113532066 0.502492368221283 0.2274407744407654 1.498556092381477 0.9356269985437393 1.147901266813278 73.49201913177967 56.57952566444874 0.1483243852853775 99.32912277430296 5.458456248044968 0.2015821859240532 0.7752438858151436 1.091726511716843 13.61481186747551 0.3685328662395477 9.515816114842892 0.124688595533371 3.013108015060425 17.6972217336297 11.19255951792002 2.546116560697556 9.686093255877495 19.66562429815531 0.9895731657743454 12.43404741585255 0 0 0 0 0 0 0 0 0.09981982409954071 0 0 0 0.4016963243484497 0 0 0 0 0.2644560039043427 0 3.29387865960598 1.52058456838131 0 0 0 9.79769004881382 3.302791684865952 22.39907917380333 5.86875718832016 2.051275976002216 0 0 0 0 0 0 0 1.860470935702324 0.115473747253418 0 0 0.1601255685091019 2.056668192148209 0 0 0 0 1.055350065231323 2.847059048712254 0.3040769100189209 0 0.4128974750638008 10.43788433074951 1.924665898084641 0 0 0 0 0 0 0 0 10.63115055114031 0.9111363142728806 0 0 0 3.100829415023327 1.191508412361145 2.084231480956078 2.29909760504961 4.23569617420435 0 0.2376655712723732 0 0 0 0 0 0.1085346937179565 0 0 0 20.20963391661644 4.352211199700832 8.766204439103603 503.3158988431096 8.377672933042049 223.6109861955047 53.84277600049973 39.55955216288567 13.69104190170765 1.919929586350918 8.388065025210381 23.80512724816799 0 5.115353770554066 1.635004550218582 24.89927814900875 1.009909942746162 0 0 18.95763089507818 0.3523277044296265 69.1106593310833 23.69876638054848
