52.35696516931057 2478.301584914327 2334.228671215475 2025.615022569895 201.0952197313309 54.74347326159477 848.5140801370144 114.8427219465375 49.90302462875843 1316.951399162412 1062.339936539531 46.77427327632904 93.07117622345686 40.70323659479618 3.055109180510044 1.047791436314583 0 0 0 0 0.1137553453445435 0 0 0 0 0 0.6053984761238098 0 0.5321155786514282 0 387.9144263342023 0.7604367062449455 0.3000397980213165 0 0 0 0 0 0.1837104558944702 0.1282043606042862 0 0 0 0.2592308819293976 0 0 11.62199891358614 0.8684880957007408 0 0 0.2986508160829544 0.4094270914793015 0 0 6.543108589947224 9.190756194293499 67.62462819367647 167.3909054398537 23.97264829277992 47.62179443985224 0 0.3926460146903992 0 3.32417381554842 0.9220125079154968 1.08796576410532 0.8139309138059616 0.1864263862371445 0.255585290491581 0.1142745465040207 0.1899325251579285 4.504236459732056 0.2999456226825714 74.20479479432106 9.158360816538334 11.72881377488375 0.8434660881757736 0.3678558394312859 0 7.158856101334095 0 0.4471280202269554 7.839615181088448 0.3688012883067131 1.195494562387466 3.274890094995499 0 0.0887480229139328 0.7688687965273857 0.194627046585083 0.7219831347465515 0.3486027121543884 0.3907279074192047 0.305662140250206 0.2073332592844963 36.19524693489075 1.256996810436249 0.7815366238355637 0.237450435757637 242.9361424297094 0.4649797379970551 45.89919078350067 21.07157131284475 19.4387988448143 1.667126029729843 72.84601201117039 11.69766961038113 16.19072958827019 59.82956589758396 57.68060164153576 1.000837683677673 71.76845166832209 108.1229119673371 62.41865008324385 2.835580892860889 0 0 0 0 0 0 1.804293632507324 0 0 0 0 0 0 0 0 0 0 0 0 1.692578375339508 0 0 0 0 5.471305683255196 0 0.6797270029783249 0 0 0 0 0 0 0.1188492178916931 0 0 1.132267117500305 0.3752899020910263 0.194653108716011 0 0 0 0 0.2389937490224838 0.263359546661377 0 2.352102607488632 1.51913258433342 2.060533985495567 0 0 2.805621147155762 0 0 0.242563396692276 0 0 0 0 0 0 6.487558752298355 0 0.2080604434013367 0 0 0.107500433921814 0 0 0 1.400436639785767 0 0 0 0 0 0 0.3614568114280701 0 0 0.1144028604030609 0 12.25240261107683 3.22656611353159 0.6125881224870682 270.2219599559903 6.226504541933537 85.81584517657757 23.78247939795256 899.7699840590358 7.078043073415756 4.25963170081377 5.551326304674149 11.22710275650024 0.1132745668292046 2.636968165636063 3.443572796881199 456.718330129981 0.3152720779180527 0 0 0.1686162203550339 0 301.3390614911914 25.84004021435976
2478.301584914327 1898.475540697575 2880.754327744246 812.6971234679222 2302.938549079001 221.8399117439985 3518.007600434124 113.2064504250884 2615.15576069057 2506.170034691691 1164.439016871154 42.74272322654724 2299.676393374801 980.1697893217206 35.21457100659609 6.43124295771122 0.776683434844017 0.6202026754617691 0.09859082847833633 0.08880171179771423 0.1505468040704727 0 0.1513726413249969 0.1039187610149384 0.9365635365247726 0.1009967252612114 0.1006486490368843 0.08829843252897263 0.3793546855449677 0.1041565388441086 758.7222946956754 3.169807970523834 3.730517894029617 0 0 0.5933627486228943 1.054545000195503 0.9308279231190681 0.4015855118632317 1.385721400380135 0.2177909016609192 0.2488039880990982 0 0.8668113276362419 0.1226760298013687 0.1371370702981949 150.4240219816566 5.568861328065395 1.005022369325161 0.4819763749837875 3.386259123682976 0.5840026810765266 0 0.2486374452710152 26.15361692756414 34.19679902493954 113.2246912717819 435.4666896611452 77.62644647806883 190.484677799046 0 1.87159463763237 0 30.94943521171808 7.300304889678955 6.140967838466167 2.739056318998337 1.285567164421082 1.306020215153694 0.4198455512523651 2.320826962590218 2.694782979786396 0.1632176488637924 267.8567909225821 71.70695605129004 72.37037001550198 7.25239384919405 3.455524660646915 0.4873416349291801 9.67680612206459 1.158016502857208 1.292298644781113 36.13858878612518 1.361951924860477 4.852754637598991 12.46424683183432 1.826385110616684 0.790162518620491 2.889405161142349 0.1810029372572899 3.232867144048214 0.2865708395838737 1.77392315864563 0.923018679022789 1.054202854633331 4.778776213526726 0.3289442509412766 0.1484028100967407 3.554605260491371 1254.403029300272 1.275888338685036 29.28750589489937 19.79099415242672 11.63858523964882 2.537604942917824 61.34016457945108 6.333636343479156 18.37364411354065 23.6563688442111 25.60073234885931 1.614613190293312 62.97215730696917 76.00879561901093 53.53941411525011 14.04693830758333 0.3047262728214264 1.251263007521629 0.09591919183731079 0 0 0 0 0 0 0 0 0 0 0 0 0 0.7559018805623055 0.1188367232680321 0 4.479241117835045 0.3094911873340607 0 0 0 26.58371280133724 3.222012050449848 24.76839651912451 9.75069834291935 7.126606233417988 0 0 0 0.1488795131444931 0.9570955187082291 0 0 1.935866050422192 0.7919799983501434 0 0 0 0.9489636719226837 0 0 0 0 1.810644119977951 3.825108096003532 1.064478948712349 1.88002897053957 0 19.26282766461372 5.361810505390167 0.1168077066540718 0 0.2410427182912827 0 0 0 0 0 15.87829576432705 1.90089076757431 0 0 0.1149002984166145 0 0.385006308555603 9.068516105413437 0.9358382746577263 1.219296663999557 0.9885581806302071 0 0 0 0 0 0.2160921096801758 0 0.1970793530344963 0.1103127151727676 0 16.81240388005972 46.52296226471663 46.01230082660913 666.5788849145174 24.42928025126457 671.3263077810407 135.4778201803565 575.9269408509135 38.33879911899567 15.363316193223 66.34493979811668 14.18954282999039 0 21.23454632610083 10.10021929442883 151.7015241011977 1.001159518957138 0.2780900597572327 1.364554926753044 14.38643017411232 1.620836317539215 473.0586834698915 19.66864578425884
2334.228671215475 2880.754327744246 437.2925208732486 11.39397177100182 1751.120031245053 4.087568417191505 137.2899864315987 2112.400928586721 925.1462429910898 76.95527746528387 1834.040427736938 6.766379177570343 216.3543337583542 619.7767096832395 69.95404322445393 25.31667184084654 1.248220048844814 1.017249450087547 0.151778370141983 4.250002965331078 20.66644971072674 1.131644934415817 0.4375945031642914 0.4112869426608086 5.81864158064127 1.835511952638626 1.715369805693626 0.692550390958786 1.834684520959854 0.2464648857712746 3354.145578481257 396.2485718205571 14.17081320285797 0.59622523188591 0.1982940882444382 1.328134536743164 2.768693186342716 4.14003786444664 3.588548488914967 7.834317557513714 7.730461828410625 1.219868503510952 2.931334562599659 1.66177062690258 0.4839700683951378 0 164.5446001291275 8.658401034772396 2.884131550788879 6.441363267600536 21.46635308116674 1.784044437110424 1.699738048017025 1.396274216473103 17.39332976937294 24.52616350352764 123.0898261219263 893.3705941811204 60.16903153806925 139.3708295896649 5.25270539522171 16.51961328089237 0.676091268658638 534.8936231955886 4.342931516468525 12.20526993274689 12.39393451809883 35.7386657372117 59.13620603829622 25.79885986447334 2.484848886728287 5.369030639529228 0.1131602674722672 225.0726691931486 125.6191149652004 92.0868241712451 25.39485736936331 18.29108884930611 48.66648610681295 713.4298051148653 1.473369672894478 108.0556145682931 26.74390752613544 1.001516789197922 7.332425139844418 10.12007156014442 17.75271901488304 0.08764024823904037 2.80487048625946 1.112504914402962 6.95110858976841 3.083167053759098 66.38419742137194 6.848231859505177 2.690406419336796 0.7798869162797928 1.606061801314354 0 3.54275418817997 1164.513556182384 0.7404662370681763 1.332628235220909 2.800037279725075 0 0.7470409423112869 4.470006935298443 0.6097293794155121 4.331169456243515 0.4358499348163605 1.104173317551613 1.84548707306385 8.877047024667263 8.856226354837418 5.5801962018013 6.096444457769394 0.9856603890657425 0.5536315590143204 0.1343645304441452 0 0 0 0 0 0 0 0.7210451513528824 0 1.305274300277233 0.4930306747555733 1.131378389894962 0 2.444234572350979 1.989956617355347 1.774595722556114 1.59218292683363 0.177086666226387 0 1.342400804162025 0.1729575991630554 10.88140641152859 2.301226198673248 5.679560244083405 7.464602112770081 5.272447600960732 0.2605094313621521 0.417693093419075 0.2419454008340836 0 0.3819035738706589 0.8522060513496399 0 0.9157885834574699 0.1158173754811287 0 0 0.1824841201305389 5.867919720709324 0 0 0.3866348266601562 0 0.2970410212874413 1.615303233265877 0 0.8056084811687469 0.4960638880729675 5.874267846345901 0.7934437468647957 0.3977847993373871 0.5412569344043732 0 0 0 0.1942907646298409 0 0.4850309565663338 6.746663995087147 2.680871561169624 0.1636324524879456 0 0.6962626948952675 0.4808803796768188 0.1438963562250137 5.6338120251894 0.2843116521835327 5.706431522965431 0.965284489095211 0.3339868485927582 0.5763457417488098 0 0 0.1228398606181145 0 0 0.3577349707484245 0.7597597390413284 0.111455924808979 3.557893887162209 22.76257539540529 18.66945742815733 398.1910333633423 31.69609795510769 500.2783982083201 132.9300211817026 254.5377978011966 23.28892359137535 9.338147878646851 34.2215238660574 7.850330129265785 0.9936099350452423 11.09894843399525 5.789304569363594 10.95869328081608 0.3709725812077522 0.3236788883805275 0 7.993577942252159 0 121.1411331892014 6.359904266893864
2025.615022569895 812.6971234679222 11.39397177100182 179.3649128526449 471.2371850088239 625.9634913504124 1173.838339239359 0.9812163859605789 25.80884435772896 738.5566501915455 12.78564670681953 64.50076681375504 963.5472169369459 77.04332302510738 0.5939010381698608 0.3939539417624474 0 0 0 0 0 0 0 0 0 0 0 0 0 0 8.261750906705856 0 0 0 0 0 0 0.145681768655777 0 0 0 0.1766912788152695 0 0 0 0 3.558933943510056 0.2242710143327713 0 0 0.1097220405936241 0 0 0 1.356917232275009 2.740009374916553 7.84255289286375 19.53722263872623 3.397122770547867 10.3990456238389 0 0 0 1.161186635494232 0.09307672083377838 0.5071405842900276 0.3214309886097908 0.2813381552696228 0 0 0 0 0 14.21525443345308 2.881389312446117 2.37867160141468 0 0 0 0 0 0 1.760095819830894 0.3761537298560143 0.181631401181221 0.5086620822548866 0 0 0.2136309519410133 0 0.1012403219938278 0 0 0.1087309196591377 0 9.197006031870842 0.7657256126403809 0 0 79.36303551495075 0 7.36113977432251 5.460759937763214 2.311107888817787 1.059798881411552 13.33124536275864 3.763754934072495 4.049889415502548 11.56637242436409 13.36923372745514 0 18.66810597479343 30.62326458841562 15.1266401335597 0.7410957962274551 0 0.1260170489549637 0 0 0 0 0 0 0 0 0 0 0 0 0 0 0 0 0 0 0 0 0 0 0.9202912524342537 0 0.3916250765323639 0 0 0 0 0 0 0 0 0 0 0 0 0 0 0 0 0 0.1123809218406677 0 0.7618565708398819 0.4521901160478592 0.3027441501617432 0 0 0 0 0 0.1117882952094078 0 0 0 0 0 0 2.588186122477055 0 0 0 0 0 0.1531151235103607 0 0.5167027488350868 0 0 0 0 0 0 0 0 0 0 0 0 6.204321622848511 2.192082613706589 0.7331474870443344 13.3395601734519 0.7649176120758057 24.43518673628569 4.828070312738419 93.5305492579937 1.769212767481804 0.9620867446064949 0 0 0 0.2554145753383636 0.3458833992481232 58.06158809363842 0 0.1258398294448853 0 0 0 180.5774336233735 5.855632022023201
201.0952197313309 2302.938549079001 1751.120031245053 471.2371850088239 1401.129465647042 65.09964525699615 1898.564910985529 35.84501120448112 2654.953830592334 2966.171570591629 697.9245026856661 181.342738956213 1599.92565856874 1326.922590449452 22.16946166753769 2.022123835980892 0.2456363290548325 0.1287350058555603 0.1055179834365845 0 0.4140547588467598 0 0 0 0.40827976167202 0.08001919835805893 0 0.1082101538777351 0.8062585890293121 0.1088411435484886 188.5117421075702 0.6004218310117722 2.678173840045929 0 0 0 0.2206749022006989 0 1.51965955644846 0.1197279468178749 0.1841172873973846 0.2487379163503647 0 0.308226965367794 0 0 90.97568632662296 1.762695342302322 0.3491132482886314 0.3126546442508698 1.419482909142971 0.1673614531755447 0.2495937198400497 0 7.191411092877388 8.425980865955353 21.51376951485872 64.01391700655222 14.85048660635948 51.13018569350243 0.1986812055110931 0 0 10.89495870471001 1.578109577298164 1.170694693922997 1.13606945425272 0.6448244228959084 0.2750971540808678 0.3630978912115097 1.420428395271301 4.753954857587814 0 61.83198808133602 20.56974413245916 31.80379723012447 2.572586663067341 1.049360327422619 0.1143836602568626 2.752769395709038 0.1259432584047318 1.556249648332596 14.70985712856054 0.7161329090595245 1.452230930328369 2.971477530896664 0.2534910514950752 0.2988978326320648 1.010548032820225 0.2689069733023643 1.329819358885288 0.4686452522873878 0.2732946798205376 0.2723122462630272 0.1093556806445122 23.82185138761997 1.59829543530941 0.2048195153474808 1.984613597393036 64.22469633817673 0 7.881172686815262 12.59230747073889 3.968337208032608 2.250222057104111 47.72436065226793 2.445814549922943 18.54800261557102 14.96988613158464 19.83691222965717 1.973776258528233 60.59570235013962 59.695730663836 53.63399561494589 22.23210867494345 2.060880228877068 0.8564111739397049 0 0.2625152468681335 0 0 0 0.4375863373279572 0 0 0 0 2.274867400527 0.2920342087745667 0 0 0.5250281989574432 0 0 4.192750632762909 0 0 0.1409271955490112 0 37.73597447574139 7.893246456980705 47.09778714925051 11.58620594441891 4.653294652700424 0 0.6146622747182846 0 0 1.945960745215416 0 0 4.097346134483814 0.5919215381145477 0 0 0.2479289174079895 2.120351105928421 0.3873164355754852 0.2996152341365814 1.588305860757828 0 3.70080478489399 2.577100947499275 0 0.6294740736484528 0.9741280078887939 30.27882900834084 3.502673633396626 0.2387695908546448 0.8557897955179214 0 0 0.155104473233223 0 0 0 25.5717161744833 1.646305650472641 0 0 0.1066674068570137 1.464403986930847 0.6032006144523621 16.33526356518269 2.926748052239418 3.29357348382473 1.418939083814621 0.3743127733469009 0.7271460890769958 0 0 0 0 0.1131188869476318 0 0 0 20.09919936209917 67.20639129728079 60.47007972747087 482.6721105948091 15.33390302211046 336.8973733708262 73.71122039854527 94.66411106288433 19.2697915956378 4.505984395742416 64.713633261621 20.00662642717361 0.2722239196300507 30.9360548183322 13.39215246587992 82.08269552141428 1.377118192613125 0.7372012883424759 0.6872960925102234 6.178648725152016 1.533049613237381 183.8830150142312 20.5423970296979
54.74347326159477 221.8399117439985 4.087568417191505 625.9634913504124 65.09964525699615 2.985568583011627 184.3244413286448 1.006454825401306 12.78656223416328 784.9547938406467 14.05985879898071 278.2533886730671 127.4099322855473 25.55520825088024 0.1305006444454193 0.1464004665613174 0.1155751869082451 0 0 0 0 1.000739395618439 0 0 0.3258199840784073 0 0 0 0.1190463006496429 0 49.91533961892128 0 3.791522890329361 0 0 0 1.593175545334816 0 0.3017681837081909 0 0 0 0 0 0 0 0 0 0 0.2325164079666138 0.226054459810257 26.06453987210989 0.1448581218719482 0 0 0.2038224339485168 111.9309060126543 0.8903141617774963 3.879121981561184 0.1826305091381073 0 3.286814659833908 0 0.1336568892002106 0 0 0 0.1101078763604164 0 0 23.5921618938446 305.7014980241656 36.62192957103252 0.1129001528024673 0 0.3057774603366852 0.4556868374347687 0.1643619686365128 0 2.653301686048508 0 0.370993047952652 0.1014921963214874 1.023292541503906 0 0.8332773745059967 0 5.92349386960268 2.943890385329723 22.86045677214861 3.042082279920578 12.52944954484701 0 0.1282035559415817 1.555860221385956 57.92829409241676 136.1700102686882 75.08859488368034 20.74899752438068 338.5534300357103 0 2.174496904015541 1.45349258184433 11.52041381597519 0.1209335997700691 4.719538673758507 0.2017962634563446 0.9586623162031174 5.969885349273682 3.05987798422575 0 3.68333738297224 10.02645868062973 9.13574905693531 0.6280101537704468 0.2886141389608383 0.4751088619232178 0 0 0 0 0 0.2869368046522141 0 0 0.1361463218927383 0 0.1369595974683762 0.371076799929142 0.1484925448894501 0 0.6922576576471329 2.981252625584602 0.4011649265885353 0 0 0 0 0 0.5476459562778473 0 2.721314661204815 1.859731242060661 0.4847450479865074 0 0 0 0 0.3906239569187164 0 0 0 0.4640001207590103 0 0 0 4.698233261704445 0.1120874509215355 0 0 0 0.1334220468997955 0 0 0.1401103883981705 0 0 0.798157125711441 0 0 0 0 0 0 0 0.09479657560586929 1.874551221728325 8.478734970092773 0 0.0964362621307373 0.1063599660992622 0 0 0 0 0 0.6021549105644226 0 0.2941760122776031 0 0.09618033468723297 0 0 0.2008596062660217 0.3748968616127968 0 0 2.245344564318657 17.05666191875935 9.236444845795631 6.112836040556431 0.5606636554002762 1.967771463096142 0.4406110495328903 454.0341081470251 9.515844896435738 0.1512124985456467 0 2.756909102201462 0 2.12897789478302 0.8505962789058685 7.001533441245556 0 0 0.5791563987731934 0 0 139.8110062628984 11.78363119065762
848.5140801370144 3518.007600434124 137.2899864315987 1173.838339239359 1898.564910985529 184.3244413286448 283.7357983738184 4.587054811418056 487.5094937086105 3879.855834871531 47.89649239182472 119.9148116409779 5914.474308356643 1936.892136991024 12.30169674009085 1.816444590687752 0.5473837107419968 0 0 0.08627182990312576 0.2674132734537125 0 0 0 0.1978966593742371 0 0.08891744166612625 0 0 0.1150297373533249 51.94772426784039 0.9622829556465149 0.1333989650011063 0 0.2559318244457245 0.1348708420991898 0.415452629327774 0 0.8279061317443848 0.2240184471011162 0 0 0 0.1225287318229675 0 0.1803215444087982 56.4569788724184 2.504179678857327 0.331407755613327 0 1.003824584186077 0 0.1200632229447365 0 6.606375902891159 9.53095081448555 22.60005377978086 77.55156163871288 16.24855189025402 60.28589750081301 0.1944375336170197 0.5931278467178345 0 8.07893417775631 2.053734920918941 1.732028298079967 1.190671160817146 0.4968280494213104 0.2258850038051605 0.3927669525146484 0.281295508146286 1.419281825423241 0 66.35618149489164 21.90471939742565 23.76132810115814 2.065307520329952 1.035618476569653 0 1.127716489136219 0.07500315457582474 0.1360349506139755 11.63231910020113 0.4202593043446541 0.9670608192682266 4.722573086619377 0.1055968254804611 0.2962648198008537 0.8314693123102188 0.3042959123849869 0.8564732298254967 0 0.2248852476477623 0.1922089979052544 0.1656500250101089 17.12977458536625 0.4324395656585693 0.239602193236351 0.7731900960206985 125.3512615039945 1.571988075971603 23.85917693376541 28.89093039184809 21.53604248166084 1.966348230838776 81.25836358964443 8.970029890537262 21.27104509621859 35.3640211224556 36.25230468064547 0.7401739358901978 78.68592093139887 80.01527331024408 66.23316965997219 13.14237462729216 0.9184853583574295 0.5700751170516014 0.2650934755802155 0.1108821332454681 0 0 0 0 0 0 0.3719666600227356 0 0.7690038979053497 0 0 0 0.1022229120135307 0 0 5.732870787382126 0.5232874900102615 0 0 0 20.91426946222782 1.95913091301918 24.59727557003498 6.442726790904999 4.491805762052536 0 0.1924393326044083 0 0 0.8304945975542068 0.5263510644435883 0 1.695098213851452 1.685082912445068 0 0 0 1.377057813107967 0 0.4920446798205376 0.2126274779438972 0 1.476103223860264 2.901187352836132 0.7769404798746109 0.3813100755214691 0 10.83287881314754 1.895894691348076 0 0 0 0 0 0 0 0.5500657558441162 20.61937836557627 0.2329154014587402 0 0 0 0 0.9201415479183197 6.05227230489254 4.630566820502281 1.228577315807343 1.333044193685055 0.3343765437602997 0 0 0.1346767246723175 0 0 0.1139817237854004 0 0 0 25.91457457095385 41.97256135195494 37.30431193113327 266.9660163447261 7.317626021802425 238.9216901436448 41.63626746833324 168.9743188172579 13.21493405103683 4.678674623370171 31.9800847619772 14.87092439085245 0 14.90502006560564 6.968763284385204 107.2887148037553 0.1414350569248199 0.3973539769649506 0.5321216285228729 2.375136628746986 0 338.8633293360472 16.78593212366104
114.8427219465375 113.2064504250884 2112.400928586721 0.9812163859605789 35.84501120448112 1.006454825401306 4.587054811418056 1591.924951434135 64.99964147806168 15.51619304716587 1817.53265247494 6.769245579838753 185.2391683980823 682.8397497013211 173.408227622509 82.55531837046146 5.753554731607437 6.386493995785713 0.7455354481935501 16.28826055675745 85.21967326849699 2.32489575445652 1.586664274334908 1.434748716652393 63.75051169097424 10.12112136185169 10.12123368680477 4.957544356584549 6.744304016232491 3.375508658587933 1682.635851591825 3257.201863437891 88.62461852282286 1.95734216272831 3.896415337920189 34.43176251649857 42.82353844493628 58.92424414306879 23.85168807208538 48.93595060706139 21.9275836572051 2.217436082661152 16.22723361849785 39.73429075628519 1.954141467809677 1.081750325858593 290.1939297094941 19.57694620639086 11.7466658577323 38.54676826298237 59.83011884987354 6.48851502686739 7.208255417644978 6.839047163724899 16.4228818193078 22.52274924516678 81.30116598308086 527.7819348573685 42.91529502719641 138.801170475781 140.843231856823 155.9690808653831 4.553901985287666 1234.872275970876 6.702922381460667 30.07710594683886 29.42272632569075 90.07387431710958 151.9207321628928 74.0551101192832 30.00989054888487 14.18839134275913 1.703592896461487 219.7247692346573 174.4619445577264 231.4244555309415 873.9710965082049 1165.366538137197 993.7747738659382 1350.110064707696 149.5307855904102 656.9099546074867 29.62240152806044 1.132409512996674 14.19893890619278 11.22348611801863 53.5403800457716 0.6753941997885704 3.861739702522755 3.813628606498241 16.28208477795124 4.90278859436512 193.8803966715932 28.76823547482491 9.137457139790058 7.089047521352768 1.915730714797974 0.1843977719545364 10.82892473042011 370.5913125649095 0 1.934958986938 3.198223553597927 0.4303988516330719 0.7792567759752274 13.36321227252483 0 6.360264733433723 2.278929173946381 1.622633874416351 1.444332748651505 12.85341560840607 10.4609410315752 13.69994923472404 7.768205069005489 1.235590711236 1.099497318267822 0.623635858297348 0 0 0 0 0.9945226013660431 0 0 5.15140762925148 0 2.600626312196255 0.2683066055178642 1.450115695595741 1.351343914866447 4.022195011377335 8.374694973230362 1.982693791389465 5.585926115512848 0 0.1788286715745926 1.644683375954628 0 15.56829033046961 1.975325375795364 15.06354646384716 11.35448829829693 5.860129103064537 1.623702883720398 0.1233483776450157 0.7861950471997261 0 0.7691102176904678 0 0 1.239477328956127 2.318945601582527 0 0.4101466163992882 1.210882626473904 13.11504577100277 5.916113957762718 0.1927892118692398 0.428665965795517 0.208454392850399 0.8093934804201126 0.7877635359764099 0 1.530682377517223 1.442775994539261 8.480328589677811 3.633828684687614 0.7922347038984299 0.4442712664604187 0.148560032248497 0 0.6390167027711868 0.4392679110169411 0.2182601243257523 1.102230608463287 11.30175819993019 6.713047027587891 0.5158714428544044 0 1.963210344314575 0.6887575387954712 0 7.247778117656708 0.1605112701654434 2.860298782587051 0.5543188527226448 0.4299351572990417 0 0.1124107986688614 0.4651581048965454 0.5690707117319107 0.2843102067708969 0.2026948854327202 0.868778795003891 0.8647268414497375 0.4072782397270203 6.075537778437138 43.13865312933922 31.68351147323847 732.7734633162618 73.49516216665506 800.2272429168224 238.5733238309622 113.1331505104899 42.82316469401121 6.242882162332535 68.46222221106291 11.36594888567924 0.1324324905872345 16.30506511032581 11.30287064611912 9.157951071858406 0.1302307546138763 0.5807801336050034 1.368470877408981 20.5444562882185 2.565294936299324 101.6994296237826 7.555657528340816
49.90302462875843 2615.15576069057 925.1462429910898 25.80884435772896 2654.953830592334 12.78656223416328 487.5094937086105 64.99964147806168 589.7017470374703 510.1413337364793 919.0806564465165 30.63808497786522 526.3831327855587 902.4176428765059 17.10648267716169 2.479719936847687 0 0 0.1628610193729401 0.1325350701808929 0.1078600138425827 0 0 0.1044512465596199 0.2101337984204292 0 0.1028638407588005 0 1.009825691580772 0 122.4114995077252 6.162246964871883 20.66952955722809 0 0 0 3.760602355003357 0 1.130628943443298 0.09300895035266876 0 0 0 0 0 0 46.69357261806726 0.8592251986265182 0 0.1108525395393372 0.5434977114200592 0.1111980155110359 0 0.1116326451301575 2.236107543110847 4.368777401745319 6.604522988200188 17.83620505034924 7.345562525093555 18.67902486026287 0.1309814900159836 1.391597703099251 0 4.231484852731228 0.850397877395153 1.602881230413914 0.5849624201655388 0.2859742268919945 0.7964465022087097 0.2167276740074158 2.393670186400414 3.230634704232216 0.1373010128736496 21.79935409873724 10.09188206493855 20.12603479623795 3.099543668329716 0.8245872929692268 0.2478658184409142 3.24048513174057 0 2.047921881079674 5.743717096745968 0.1048968657851219 0.8589004203677177 1.367631107568741 0.3340763375163078 0.1175509914755821 0.7420139089226723 0.3854266256093979 0.6074406951665878 0.08554662019014359 1.255965262651443 0 0.5189114511013031 4.955325901508331 0 0 0.4419514834880829 15.38162444531918 0 1.915984600782394 7.065004900097847 0 2.726751022040844 21.37028795480728 0 11.85737390071154 6.134691327810287 9.395583733916283 1.433602750301361 32.30265333503485 23.73452973365784 19.39176415652037 14.19840501993895 0.7127489447593689 0.320830449461937 0.1191071048378944 0.3576118350028992 0 0 0 0 0 0 0.1826697289943695 0.643767774105072 1.611522287130356 0 0 0 0.2328924983739853 0 0 8.50422427803278 0 0 0 0 24.71066348254681 3.106545515358448 27.60051661729813 10.40124551206827 3.8816844150424 0.1776858419179916 0 0.103154681622982 0 1.393591530621052 0 0 1.258389890193939 1.317451864480972 0 0 0 1.251960881054401 0 0.8632745742797852 0.9376868903636932 0 0.5322995707392693 0.7776082530617714 0.4978356808423996 0.2381661832332611 0.1099497303366661 20.79899666458368 2.70700067281723 0.4710914492607117 0 0 0 0 0 0 0.8353554904460907 22.75108373165131 0.9840133190155029 0 0 0.1378477811813354 1.623078197240829 1.030708521604538 9.931625515222549 1.919308014214039 0.7530290335416794 0.7153198644518852 1.248068243265152 0 0 0 0 0 0.2043179422616959 0 0 0 16.46684999018908 49.76369494199753 46.35170365869999 262.5097942203283 7.883720397949219 163.6801890805364 43.44900929927826 17.82227592170238 12.77173144370317 2.605698548257351 30.36146639287472 14.02104969322681 0 18.85178508609533 12.90988906472921 26.78252573311329 1.384759724140167 0.09662275761365891 0.408279150724411 3.283217117190361 0.6410425752401352 44.13650661706924 9.078333951532841
1316.951399162412 2506.170034691691 76.95527746528387 738.5566501915455 2966.171570591629 784.9547938406467 3879.855834871531 15.51619304716587 510.1413337364793 962.5756417512894 172.0037246719003 1721.053779676557 5692.836336582899 779.4133447110653 15.32761752605438 3.635018393397331 0.3489029109477997 0.2494146898388863 0.1517909467220306 0 0 0 0 0 1.45744626969099 0 0 0.1347510665655136 0 0 40.14327876269817 0.9423423781991005 23.72658231854439 0 0 0 24.90768804401159 0.8540207892656326 5.153910182416439 0.3985211998224258 0.3546130657196045 0 0 0.127326563000679 0 0.6175488829612732 22.8160682618618 0.4834990501403809 0 0 0.2448071241378784 0.9263168722391129 0.114652581512928 0 1.34336131811142 3.298502057790756 19.76202566921711 17.7281289473176 4.978288181126118 16.78392580151558 0.4615477025508881 0.5089462846517563 0 4.210726298391819 0.7558826208114624 0.3945267349481583 0.1241653636097908 0.08691224455833435 0.3889049366116524 0.1926813721656799 62.84741224348545 38.70859849452972 0.6520180255174637 20.07563029974699 8.235667288303375 13.7924827709794 4.558859251439571 2.963922269642353 0 2.948176667094231 0 0.1851570308208466 2.156268939375877 0.09693228453397751 0.5760424137115479 1.077088832855225 0.1315259635448456 0.7229028642177582 0.09389812499284744 1.041830226778984 0.3969801962375641 0.4633388966321945 0.3763390406966209 0.1729351282119751 0 151.552574083209 77.8169497102499 3.833801776170731 13.77340560406446 202.6009009703994 4.515377297997475 57.55384606122971 82.47911792248487 28.23080061376095 11.34391041100025 285.2837687209249 33.63474917411804 126.8899898082018 91.20210316032171 131.3245271742344 11.04033700376749 346.5713438019156 370.3146717473865 311.987333342433 97.2836112678051 5.103186823427677 4.783910758793354 0.1387916058301926 0.3708511590957642 0 0 0 0 0 0 0 0 5.460651040077209 0.1190328449010849 1.004099816083908 0.2408909499645233 0.305111899971962 0.5376488417387009 0.291238397359848 40.7332808971405 1.76147449016571 0.1197147220373154 1.78228060901165 0.331684410572052 146.7493274286389 16.63232638686895 140.2666029408574 40.32580284774303 19.99960973858833 0.7700897455215454 0 0.1278271228075027 0.8519393801689148 5.224919751286507 0.3335114419460297 0.1664255559444427 11.11320519447327 5.760577999055386 0.2319644540548325 0 0.6421557664871216 1.864900678396225 0.5563429594039917 0.6264900043606758 2.885937631130219 0 10.92971283197403 11.2520866394043 0.7790601849555969 2.465993776917458 0.6025401949882507 101.7464262247086 20.41885086894035 1.646006867289543 2.034807696938515 0 0.4982587993144989 0 0 0.5360519289970398 0.4575004056096077 122.6180805936456 8.080837786197662 0 0 0 11.97523012757301 3.756673902273178 48.19584867358208 9.95591763406992 12.12563141435385 6.454883173108101 3.423444464802742 3.805155426263809 0.312096118927002 0 0 0 0.2248520329594612 0 0.5422807335853577 0.3135485947132111 135.8632202297449 274.8503542840481 216.805826023221 398.4162196293473 13.30090857297182 138.4124879390001 65.78925538808107 348.8245161995292 8.768077604472637 1.650644987821579 48.7746956050396 62.57295408844948 2.240278914570808 106.3174195066094 50.00445538014174 343.2457986623049 3.795871317386627 1.076037049293518 6.806884080171585 8.233865350484848 6.728782206773758 794.9769279807806 126.239118821919
1062.339936539531 1164.439016871154 1834.040427736938 12.78564670681953 697.9245026856661 14.05985879898071 47.89649239182472 1817.53265247494 919.0806564465165 172.0037246719003 2193.073320627213 202.0514950305223 1541.836929135025 1852.987737491727 121.0677884891629 57.45491769909859 4.856936194002628 0.7307545989751816 0.615113228559494 4.184111297130585 17.29116421192884 7.031847357749939 0.2383174523711205 0.6758265048265457 84.06591170281172 6.766559891402721 11.71449184417725 1.623298734426498 13.81900022923946 4.15767128020525 1172.774722605944 343.375420793891 1130.422276519239 0.4510455578565598 4.317471131682396 41.61814704537392 153.8739515990019 125.8025771230459 52.12537853419781 112.3164846152067 7.717850983142853 0.1557478308677673 1.041929811239243 3.28672668337822 0.1695810258388519 0.572318509221077 194.5375173166394 4.282443635165691 1.840523086488247 3.27322918176651 19.50718126446009 14.98488914221525 13.5939681828022 4.614900127053261 14.270611718297 17.42053832858801 54.84760782122612 275.6912136003375 33.65877138078213 95.80444191396236 1.512635119259357 321.8621783927083 0.13030044734478 116.8078182563186 2.81061926484108 6.208232924342155 10.29633868485689 15.94662313908339 26.40500838309526 17.15669495612383 136.1228652521968 14.50052075088024 3.825700327754021 149.2102567330003 83.93128233402967 116.0153155848384 53.40662979334593 40.22504060715437 24.93380156904459 589.68997643888 0.9310160204768181 203.0283783972263 22.26122599095106 0.7488900646567345 4.134717531502247 9.498350843787193 5.649974957108498 1.177848897874355 3.063897848129272 5.375572040677071 8.466478981077671 3.489740073680878 53.37686798721552 10.23580274730921 5.196829274296761 84.34194309264421 27.36748997122049 0.8697105944156647 21.55446220189333 352.7078380659223 1.332351624965668 8.807983264327049 27.28376767784357 1.811456292867661 3.415416985750198 75.43695106357336 2.396724313497543 38.45311875641346 20.89513093978167 14.62826105207205 9.712421625852585 115.6213090121746 91.84244692325592 104.6480271443725 41.33082501590252 3.623081833124161 3.214704915881157 0 0 0 0 0 0.6802911758422852 0 0.6856347620487213 3.499312497675419 0 7.718963891267776 1.015791490674019 1.545196376740932 1.589127466082573 3.047205783426762 5.282050967216492 2.88634081184864 11.69401741027832 0.6727747321128845 0 1.76664987206459 0.9014196395874023 74.91949584335089 5.584478057920933 65.43527533859015 29.27528814971447 19.14657208323479 0.785470724105835 0.5314433574676514 0.1639666110277176 0.1415889263153076 3.000869490206242 0.5697765871882439 0.2648370265960693 3.168317265808582 5.642034329473972 0.1958882510662079 0.7023598253726959 0.5492423176765442 13.64630290865898 6.148844368755817 0.5971082746982574 0.678876519203186 0 4.161757007241249 3.868905358016491 0.7747779041528702 3.64802297949791 0.8547567874193192 37.49666500091553 8.888239562511444 0 0.463565319776535 0 0 0 0.1247766241431236 0 0.9631097838282585 68.0372242629528 8.550987213850021 0.6459925174713135 0 2.299650251865387 4.738504603505135 2.295034438371658 30.469627186656 5.758192889392376 8.840584971010685 2.428556084632874 3.00725544989109 2.248944863677025 0 0 0.1061064302921295 0 0.08262117207050323 0.2293548062443733 2.410636492073536 0.1086324229836464 60.66761790961027 158.6544228643179 133.6248272061348 911.9200776964426 44.88741105049849 691.6993079558015 257.7614472806454 123.9616776332259 38.01417699456215 5.686402060091496 88.36149177700281 28.35544412583113 1.422461569309235 56.36339439451694 25.82952520251274 72.80800329148769 2.529405795037746 0.2016274258494377 1.9488635212183 26.30881253629923 2.837666049599648 179.7875543236732 29.15035857260227
46.77427327632904 42.74272322654724 6.766379177570343 64.50076681375504 181.342738956213 278.2533886730671 119.9148116409779 6.769245579838753 30.63808497786522 1721.053779676557 202.0514950305223 311.3986573219299 2004.814675852656 292.0739742219448 17.79057041555643 13.9724245890975 0 0 0 0 0.6847054809331894 0.9863942861557007 0 0.2099077180027962 3.095632001757622 0 0.1504387557506561 0.1341291218996048 0.3060244470834732 0.3626966699957848 8.511663489043713 0.1335203945636749 47.59574007987976 0 0 0.5234745293855667 90.8649549856782 2.760833747684956 8.353528492152691 5.36023373156786 0.3153715431690216 0 0.1393868029117584 0.9624533802270889 0 0 11.75466315448284 0.4130538925528526 0 0.1191769018769264 0.4464186728000641 1.038036733865738 1.041782289743423 0.4582765698432922 0.2840215116739273 0.6054969355463982 17.5611459389329 3.335369467735291 1.071923390030861 3.377143077552319 0.6724022626876831 8.828683346509933 0 6.249384440481663 0.1025509610772133 0.1267593502998352 0.4661365523934364 0.6505441814661026 0.4093366786837578 0.5786027014255524 149.8055564165115 6.30423130095005 0.8087389320135117 5.710772059857845 5.882793411612511 9.565820597112179 6.10625035315752 7.113299243152142 0.2988924235105515 11.38921737670898 0 1.76135865598917 0.8870108723640442 0 0 0.2212210148572922 0 0 0 0.6166013479232788 0.3512032181024551 0.7442638427019119 0.2878423482179642 0.1561204642057419 0.3146118670701981 721.0782045423985 64.93853880465031 1.340256899595261 42.11924152821302 111.4155498147011 1.676180645823479 31.20047897100449 61.62119707465172 5.619565069675446 9.752404108643532 207.8629962280393 14.47962048649788 91.34434313327074 82.42005363851786 108.962578818202 6.797892674803734 316.4699669256806 394.4668452367187 345.6550868824124 70.62509669363499 2.052737362682819 1.44017631560564 0 0 0 0 0 0.1570900082588196 0 0 0 0 1.22855369746685 1.011616468429565 0.1087565496563911 0 0.948487788438797 0.5061232298612595 0.3373447209596634 20.1141098216176 0.2729842960834503 1.175988793373108 0.2890776395797729 0 86.49651844054461 4.389905758202076 24.86453272402287 12.89247857779264 4.893087275326252 0.1166250705718994 0 0 0.3329390287399292 1.290374010801315 0 0 3.718429066240788 2.289294667541981 0 0 0.3248791247606277 2.339520327746868 0.6208814010024071 0.7934772670269012 1.665532290935516 0.3281174302101135 3.014895185828209 7.060881398618221 2.066731244325638 0.395505428314209 0 17.25876837968826 6.463459216058254 1.207733660936356 1.147938087582588 0 0 0 0 0 0.2308978885412216 141.6594375446439 5.145094454288483 0.134111151099205 0 0.124842070043087 4.090396121144295 0.6330844759941101 9.642425015568733 3.215198844671249 8.797573275864124 2.855115205049515 0.5632181614637375 1.118497632443905 0.1027556210756302 0 0 0 0 0 0.2104981988668442 0 221.2512250095606 116.3341531008482 66.14351373910904 118.8723564967513 3.27488362044096 53.35015084594488 29.2497360855341 239.7537354379892 3.279274292290211 0.4514851570129395 7.588998794555664 18.94565929472446 0.538002073764801 28.81326920539141 17.75994566828012 167.7382010892034 0.7195079326629639 0.6638264656066895 0.2040628045797348 6.033666744828224 1.310561418533325 804.1192781329155 139.3291956558824
93.07117622345686 2299.676393374801 216.3543337583542 963.5472169369459 1599.92565856874 127.4099322855473 5914.474308356643 185.2391683980823 526.3831327855587 5692.836336582899 1541.836929135025 2004.814675852656 1527.976993434131 3360.453295655549 75.44077037274837 49.51013059914112 2.432578042149544 0.6773080676794052 0.1234765499830246 0.3528282642364502 1.711931839585304 4.624420255422592 0 0.2587698101997375 23.42498249560595 0.7886557430028915 2.972033068537712 0.1389926970005035 4.369282402098179 1.125215858221054 229.0638992860913 12.81385244429111 972.5546457245946 0.1025818735361099 0.8784529268741608 9.747214019298553 747.0308294147253 56.19930121302605 106.3008854538202 49.97953230887651 1.307001791894436 1.512332364916801 0.1044252663850784 2.103224530816078 0.09906452149152756 0.1340919882059097 79.67434767633677 1.059443756937981 0.7479096949100494 0.4168834313750267 3.513202093541622 7.478212617337704 13.94176705926657 1.074164979159832 2.40452266484499 3.201626561582088 13.05538921058178 31.84613721817732 6.625626474618912 21.66072306782007 0.907319150865078 98.62977303564548 0.4563063010573387 25.49683643877506 0.8853261098265648 0.563297763466835 1.791560932993889 2.264627918601036 2.936044529080391 3.147006630897522 314.2495147064328 28.02379966527224 3.394792556762695 30.12511307746172 30.41925875842571 39.6928596124053 21.82343707978725 27.33049303293228 0.141433909535408 61.56464006751776 0.801577128469944 17.72958534955978 3.920051425695419 0.0936434417963028 1.728166617453098 1.458361484110355 0.3480931594967842 0.4850765466690063 0.6859238520264626 2.303452156484127 1.993972532451153 1.364151619374752 4.036173433065414 1.755548842251301 1.397681012749672 632.7469617500901 40.7820091843605 5.064867451786995 48.69380755722523 87.55925137549639 3.947383373975754 37.83572348952293 83.71074705570936 13.93339213728905 15.75297951698303 263.0412550419569 11.41153755784035 127.7097187638283 97.65883383154869 98.36000897735357 13.50095217674971 398.0839394405484 427.4200077354908 410.9974547997117 116.990924037993 5.98245283216238 3.670397162437439 1.172161750495434 0.1202481389045715 0.1184226647019386 0.1752819418907166 0.598480761051178 0.1552827805280685 0 0 1.812107443809509 0.486875131726265 4.288244068622589 0.3416590690612793 0.6960984319448471 0.3937567174434662 3.569558031857014 4.885156616568565 0.342436894774437 30.41425666958094 0.9212021827697754 0.1467133760452271 1.555191427469254 0.7703500986099243 162.9268221929669 10.7271923571825 82.53766468167305 38.84942678362131 23.93435754626989 1.158673778176308 0.1030863001942635 0.1322943717241287 0.5086440742015839 2.626194179058075 0 0 7.700110711157322 10.78891302645206 0 0 0 10.8168737590313 2.287045016884804 1.82855362445116 2.98396273702383 0.2123667001724243 7.173078946769238 6.786854781210423 3.481914967298508 2.954510897397995 2.568806082010269 51.81460052728653 17.40309634059668 3.027702309191227 1.851807318627834 0.1210593804717064 0.1230485364794731 0.1900745183229446 0.1094461977481842 0 1.384426638484001 198.3923008441925 10.42500992119312 0.3538942635059357 0.1174031794071198 0.3338056206703186 5.232998132705688 2.571105673909187 33.73312161117792 8.182305000722408 22.08821264654398 7.341008856892586 2.724026530981064 1.292809918522835 0 0 0 0 0 0 0.6878815740346909 0 223.8138723298907 253.779355071485 183.5669081881642 523.118469029665 11.44369351118803 265.6294022724032 138.7466091960669 136.8006705343723 9.788816638290882 3.35391578823328 46.84504814445972 58.11346691846848 1.953221596777439 96.74686297774315 40.02243209630251 232.3628710731864 3.907282665371895 4.684124231338501 4.200971648097038 11.59059955179691 3.647171005606651 552.7552226036787 143.2713026851416
