579.4067934453487 4094.419823348522 697.2198732197285 1014.291748203337 491.6571726500988 78.14900533109903 485.2759130373597 32.51843459159136 11.85309164971113 300.9807755574584 43.07995547354221 55.58558063954115 64.96596145629883 13.29336839169264 2.781499780714512 0.2865338027477264 0 0 0 0.4041800945997238 0.5401787757873535 0 0.3909219652414322 0.3151556551456451 0.5270035862922668 0 0 0 0 0 838.540040127933 12.0099641084671 14.53668490797281 0 0 0.6449646353721619 1.818280294537544 0.1546057909727097 0.9094557762145996 0.4876088201999664 0 0.1360940933227539 0 0.5185180008411407 0 0.4136390909552574 29.01223696023226 6.350973501801491 0.1098066419363022 0 1.04769691079855 0 0.1348787546157837 0.1164069548249245 28.12171332538128 29.1766118183732 545.1552293151617 1341.571165941656 243.9799330607057 98.72982924431562 1.296489216387272 3.816830396652222 0.1021960750222206 143.7074737623334 14.49571656435728 3.908950336277485 3.015429712831974 0.7751770168542862 0 0.4231309443712234 5.22609855979681 0.4722493141889572 0.1102591976523399 343.529666878283 48.7190143018961 26.66448135674 7.404254026710987 1.307075649499893 2.513183437287807 20.68962939083576 1.241390839219093 6.288075767457485 53.48459235578775 0.2726493328809738 8.912551581859589 9.627427689731121 1.936278067529202 0.4587436318397522 4.226571321487427 0.2551359608769417 2.012867324054241 0.204708531498909 0 0.1017141118645668 0.3796482533216476 71.65973925590515 20.07071304321289 0 1.204778283834457 657.6055397689342 4.075153172016144 37.1522708684206 10.55202640593052 5.403879880905151 13.31837442517281 33.85915836691856 6.559262692928314 17.19020383059978 13.33915442228317 18.18465285003185 1.930785357952118 14.59319086372852 10.56596848368645 3.769657365977764 0.1676226705312729 0 0 0 0 0 0 0 0 0 0 0 0 1.842884927988052 0 0 0 0 0 0 0.8178355693817139 1.647718042135239 0 0 0 0.6361707746982574 0 3.649577856063843 1.075068354606628 0.6357246041297913 0 0 0 0 0 0 0 0 0.3858940005302429 0 0 0 0.4186781346797943 0 0.2468436807394028 0.1877946108579636 0.2302509769797325 0 2.316535502672195 6.364242359995842 0 0 2.250446692109108 0 0 0.1054903343319893 0 0 0 0 0.1018918007612228 0 2.286862269043922 0.2858229875564575 0 0 0 0.1981583833694458 0 1.12518048286438 0 0 0 0 0 0 0.4239896237850189 0.1147357001900673 0 0.5047345533967018 0.2233456894755363 0 0 2.698065385222435 0 0.6915836185216904 360.9306874349713 11.65014806389809 302.5544878989458 28.43931979686022 1381.434218257666 10.13948750495911 14.41679855436087 0.8415473774075508 31.55265645682812 0.7229708284139633 1.119239464402199 0.6812619715929031 260.6411141306162 0.233433872461319 0.9502213001251221 0 0.8428820669651031 0 503.7469472885132 19.82379687577486
4094.419823348522 3666.161439374089 1810.181981742382 920.5336122885346 2731.181412138045 288.3396395072341 1599.251644305885 94.46973638236523 487.0180534943938 533.5788730680943 305.8399453908205 61.2538301423192 1187.953284204006 1075.414536826313 36.85840719938278 6.052999496459961 0.2524648681282997 0.7473806291818619 0.3024265170097351 1.208930768072605 0.5694885179400444 0.2049206495285034 0.6600296124815941 1.361452035605907 0.8960379734635353 0.2716412246227264 0.9275547564029694 0.3015454709529877 0.4674803093075752 0 1753.271144293249 60.21385519206524 101.6649931371212 0.1049710586667061 0 4.15643548220396 5.071888193488121 2.31838957965374 2.140292055904865 1.035603359341621 0.2927119061350822 0.139906108379364 0.1224795505404472 2.191246144473553 0.3287524953484535 0.7211268618702888 218.9155822321773 8.127532482147217 1.13943599909544 0.1080097630620003 2.074505738914013 0.5373746976256371 1.147860363125801 0.7667559534311295 30.02102826535702 30.71873286366463 160.8092003688216 972.0204297751188 153.2538414746523 289.8502008393407 2.450597681105137 13.87781003862619 0 430.4597082212567 18.59068562090397 4.406320258975029 5.936082184314728 0.6720492467284203 1.611640274524689 1.883042044937611 13.50655434280634 1.875352889299393 0 466.2595361322165 155.0275566279888 169.3816544488072 53.14465587586164 10.34347315877676 17.78656840324402 83.41635028272867 3.399086877703667 33.97443912178278 68.40613919496536 0.2935799360275269 14.44565351307392 14.39375057071447 3.138847172260284 0.9302023351192474 12.11637454479933 0.1009907424449921 2.387142039835453 1.192611925303936 0.3986518681049347 0.2103468924760818 0.4844044148921967 28.0392025411129 0.9808024615049362 0 3.297769278287888 533.5211205482483 3.519446313381195 28.14855921268463 15.0971926227212 5.280110523104668 16.08521591126919 42.6906423792243 4.295901857316494 10.77323391288519 17.01372201740742 11.04296183586121 4.42708021402359 25.37568297237158 11.47758732736111 6.401375286281109 6.471928775310516 0 0 0.2806376218795776 0 0 0 0 0 0 0 0 0 2.212589502334595 0 0 0 0.163786768913269 0 0 3.785132095217705 3.16547779738903 0 0 0 7.658538788557053 0.2674223184585571 7.546245045959949 3.425552904605865 1.7718605697155 0 0 0 0 0 0 0 0 0 0 0 0 0.8024727702140808 0 0.5562333688139915 0 0.3258951678872108 0.3077639564871788 0.6937800049781799 2.967549115419388 0.1292199939489365 2.530003070831299 4.670949205756187 5.131238400936127 0 0.1232165545225143 0.210029311478138 0 0 0.2135483920574188 0 0 8.872690379619598 0 0 0 0 10.29641060531139 0 14.9522719681263 0 0.4219762980937958 0.3223130702972412 0.2756198942661285 0 0 0 0.2427015528082848 0 0.1264077872037888 0.2539059072732925 0.1391117721796036 0 6.168133541941643 1.406206250190735 0.248701848089695 644.9450495541096 16.50704414397478 759.5198646560311 67.3886895403266 571.4507022276521 22.91741111129522 7.045118056237698 12.40898136794567 20.23726919293404 0.6027649715542793 7.315096773207188 1.199478752911091 128.4996039867401 0.4311874061822891 0.8976621925830841 0.3246049880981445 11.57378938794136 0.8610315918922424 458.724584646523 28.75829297304153
697.2198732197285 1810.181981742382 3503.749136701226 98.99987935274839 1329.877123072743 24.47512272000313 71.28578545898199 1852.068857870996 242.040040679276 3.950202487409115 1777.095491036773 13.00757094472647 92.10504055023193 924.4603901430964 40.4358866289258 20.66982590407133 1.327744103968143 2.710188366472721 0.5633889362215996 10.30339069664478 16.8086531162262 0 10.15149290859699 11.85789942741394 6.242550954222679 1.012632787227631 1.226000964641571 0.7829215675592422 0.266593262553215 0.5284160301089287 4925.048934213817 3279.014020010829 610.3463242799044 3.970085240900517 3.444301076233387 3.818502821028233 29.00930020958185 11.43306862562895 13.26635434478521 5.072582304477692 4.788981273770332 4.043266728520393 3.263410933315754 8.82673642039299 2.117583468556404 6.806593589484692 130.7202966138721 5.939010128378868 1.905774481594563 3.47424902766943 1.130169160664082 0.7428770512342453 2.744946286082268 0.3954553380608559 13.35017411410809 13.09615664929152 99.48023694753647 972.3025649487972 88.48782214522362 125.0288319811225 74.34724932909012 168.7284351661801 2.836813911795616 617.6102468520403 7.055165342986584 3.481196217238903 3.931691274046898 0.8605888411402702 9.03248355537653 23.85204619914293 88.67845027893782 14.44444777816534 0.2141009643673897 238.5881035327911 109.753684014082 116.7601665779948 141.7139402106404 62.87959063798189 321.6233265027404 943.3441973999143 61.76565609127283 547.7091772332788 33.96618309617043 0.4248591288924217 5.663096509873867 7.232807300984859 3.672766514122486 0.2152069360017776 5.330728739500046 0.4447868466377258 1.20800543576479 0.5514758750796318 12.05847104638815 2.44609222561121 2.605834305286407 71.81095378100872 7.209108494222164 0 6.031660705804825 118.328131146729 3.133370831608772 1.532739266753197 9.111390322446823 5.179162055253983 14.73333294689655 24.11041839420795 0.6423658728599548 10.56242540478706 13.03897911310196 4.99512854218483 6.544558748602867 35.35352595150471 14.67453965544701 6.647451758384705 21.8751558214426 0 0.4324867501854897 0 0 0 0 0 0 0 0.1513537615537643 0.5047905445098877 0 8.011823192238808 0 0.4450037479400635 0 0.2396217435598373 0 0.1134186387062073 27.2170087993145 24.67189536988735 0 2.582610249519348 0.1499760150909424 49.92084815353155 6.034576669335365 39.54333351552486 14.41701371222734 18.20640149712563 0 0.3016049265861511 0 0.6059980988502502 0.1536273062229156 3.376135557889938 0.5140358209609985 0.3500052094459534 0.7751181721687317 0 0 0 1.014324560761452 0.133230060338974 0 0.9844825267791748 0.1028320491313934 1.161372102797031 5.017213232815266 0.2414530366659164 0.1932533830404282 6.08073465526104 38.59146869182587 18.76574812829494 0.6658115386962891 0.1206810995936394 0 0.1128411963582039 0 0 0.09341282397508621 0 30.17582507431507 1.22231251001358 0 0.3645361065864563 0 31.95641930401325 2.391177147626877 45.53859405219555 1.035378530621529 1.700359582901001 0.5268876701593399 2.231045186519623 0.2175575196743011 0 0.2048273161053658 0 0 0.3234871998429298 0.5309886112809181 0.14999820291996 0 15.5426611751318 15.5179433375597 10.17104223370552 381.5902278870344 10.61439324915409 358.9958572536707 40.07784178853035 103.1921725422144 7.867881253361702 12.24571762233973 12.34696323424578 19.20483575761318 0.3476862981915474 9.68028336763382 0.9356400370597839 17.28257444500923 0.1904631406068802 1.62409657984972 0 16.33979154378176 0.333817332983017 98.42151238024235 21.05011446774006
1014.291748203337 920.5336122885346 98.99987935274839 392.5533920004964 278.1749759018421 382.9584335684776 480.1283829286695 3.149382904171944 2.361640296876431 906.5237211361527 24.4392207339406 1034.33309045434 1186.809601232409 17.90428868681192 1.243571445345879 0 0 0 0 0 0 0 0 0 0 0 0 0 0 0.1095646023750305 58.84082782268524 0.5429276749491692 1.730835288763046 0 0 0 0.3442499041557312 0.8200046345591545 0 0 0 0 0 0 0 0 9.201548613607883 0.6498241573572159 0 0 0.1116938367486 0 0 0 4.460074454545975 3.629947759211063 17.26260793954134 95.10356007516384 21.64963868260384 25.11948788166046 0.2693276479840279 0.2060700953006744 0 27.97027533501387 2.321665950119495 0.6109996140003204 1.089637912809849 0.1233734637498856 0 0 0 0.1169798970222473 0 60.0192718654871 14.6845336034894 8.040571875870228 2.223931640386581 0.5143001675605774 0 0.1083749234676361 0.4963933452963829 0.1359966546297073 11.04793579131365 0 1.858650825917721 1.987466394901276 0.161478117108345 0.3160010576248169 2.15094980597496 0.1037864834070206 0.1315841823816299 0 0 0 0 5.06208923459053 0 0 0 149.7350158542395 2.458518877625465 25.68338038772345 21.21149187535048 11.07714988291264 11.30706655234098 144.3856382444501 8.726234123110771 11.98167012631893 37.85134163498878 22.07016154378653 1.569476693868637 27.73320849239826 32.38211716711521 10.40532059967518 0.8200647532939911 0 0 0 0 0 0 0 0 0 0 0 0 0 0 0 0 0 0 0 2.314154699444771 2.51024055480957 0 0 0 0.8415414988994598 0.2593355774879456 0.5670587420463562 0.1912414580583572 0 0 0 0 0 0 0 0 0 0 0 0 0 0 0 0 0 0 0.1012661308050156 1.192046009004116 5.182988196611404 0 0.5437864065170288 0 0 0 0 0 0 0 0 0 0 2.494419872760773 0 0 0 0 1.20868718624115 0 2.341424524784088 0 0 0 0 0 0.1015414670109749 0 0.09005039185285568 0 0 0 0 0 3.681862846016884 0.1129966378211975 0.2194773554801941 47.60658944398165 1.938366301357746 71.09173466265202 3.369572483003139 401.0976968035102 1.300800986588001 0.8718029856681824 0.1148739159107208 11.8440228998661 0 0.8083864524960518 1.273225471377373 125.4148007929325 0.1075691506266594 0 0 0 0 409.1740594878793 21.62354021519423
491.6571726500988 2731.181412138045 1329.877123072743 278.1749759018421 1349.719710178673 8.409553050994873 1454.087684042752 82.44054812937975 3359.729524113238 145.1835715994239 1072.251678854227 4.930525586009026 584.7539233416319 1697.428766652942 27.39268108457327 4.442722335457802 0.3286224901676178 0.2374923154711723 0.1451938599348068 0.1081159040331841 0.5827341675758362 0 0 0.1091543808579445 0.9320856630802155 0.2889504879713058 0.172068789601326 0.5926316827535629 0 0.1218406930565834 213.4352021217346 9.207953996956348 51.64545822143555 0 0 0.8981839790940285 3.665853515267372 0.7432036846876144 0.8254012763500214 0.1313302516937256 0 0.2713542580604553 0.1534190326929092 0.4702764227986336 0.1131289750337601 0.1144669130444527 114.0988370552659 2.485941506922245 0.2700941115617752 0 0.864818774163723 0 0.1418570727109909 0 5.480905584990978 5.873991377651691 16.2473603785038 111.7564407661557 28.1325806453824 93.27123838663101 1.650706544518471 11.80514317005873 0 135.4719831719995 3.315384469926357 2.098720073699951 1.893052615225315 0.4249566420912743 0.8769542500376701 0 17.236302703619 3.184052765369415 0 114.9588305875659 52.97215357422829 87.73967932164669 39.69061285257339 6.502664171159267 2.118535846471786 7.766967669129372 2.084826089441776 12.87525887787342 13.59435918927193 0 3.41478680819273 3.072211004793644 0.7566106244921684 0.4748684465885162 3.391807936131954 0.1130066215991974 0.6850352883338928 0.09488414973020554 0 0 0.1334322094917297 42.82817362248898 0.6346760988235474 0 0.8787067085504532 11.60999619215727 1.453798443078995 1.619431376457214 8.078114852309227 0 4.820245206356049 14.10456423461437 0.4305388331413269 8.482893690466881 9.831427529454231 5.14484478533268 1.511995926499367 11.44894444942474 7.881822392344475 3.786394998431206 4.571401834487915 0.4956564903259277 0 0 0 0 0 0 0 0 0 0 0 2.015331089496613 0 0 0 0.7762825489044189 0 0 5.204651415348053 6.351206034421921 0 1.254991888999939 0.7590512037277222 11.58893045037985 0.243819996714592 5.671806991100311 4.181867033243179 2.263561755418777 0 0 0 0 0 0 0 1.762368440628052 0.3833924829959869 0 0 0 0.4008125066757202 0 0.4885125756263733 0 0 0.286916583776474 1.552718639373779 0 0 4.213467121124268 6.75167740881443 2.492662876844406 0 0 0 0 0 0.1039832755923271 0 0 10.85442087054253 0 0 0 0 10.91294807195663 0 10.15799550712109 0.6218178272247314 0 0 0 0 0 0 0 0 0 0.1196402981877327 0 0 7.015715450048447 0.6043917834758759 0.7940607666969299 372.7346660271287 6.871790528297424 319.1333317607641 34.42644548416138 50.58907299488783 8.237082734704018 0.8974806368350983 9.74634575843811 6.078819170594215 0 1.908968657255173 2.670831374824047 10.11679647862911 0 0.1229596585035324 0.1039106771349907 10.06983114033937 0 40.85258670896292 7.932807460427284
78.14900533109903 288.3396395072341 24.47512272000313 382.9584335684776 8.409553050994873 0.7134556770324707 146.611827082932 1.843787804245949 0.6702839136123657 488.7605082318187 2.005369767546654 121.7042887359858 102.4055839776993 5.492137923836708 0.9905700087547302 1.622223228216171 0 0 0 0 0 0 0 0 0.1569715589284897 0 0 0 0 0 15.18815195560455 0 10.11440746486187 0.1051192283630371 0 0 3.183829441666603 0 2.563220828771591 0 0 0 0 0 0 0.1260215938091278 0.3588970601558685 0 0 0 0 4.881551340222359 0.2188482582569122 0.2008634954690933 0.1363468766212463 0 103.8712756857276 1.118304997682571 3.258624941110611 0.6731892824172974 0.6699609756469727 0.7291447520256042 0 0.4426229298114777 0 0 0 0.1722499877214432 0 0 43.80738890171051 32.77473437786102 0.2871679365634918 0.436685636639595 0.3049263954162598 1.047253414988518 0.4104043543338776 1.164191573858261 0.2193290591239929 0.1578395813703537 0 0.2630644738674164 0 0 0 0.09561022371053696 0 0.5443045645952225 0 2.678628459572792 0 1.871246159076691 0 0 0.4559317231178284 67.16666188836098 36.39610829949379 0.407075047492981 9.689101442694664 630.8182779699564 1.892198860645294 21.72141499817371 13.24698387086391 9.278673902153969 22.19623444974422 37.96460762619972 8.437388345599174 15.81653498113155 28.77324117720127 22.13082113862038 5.510599732398987 16.70253965258598 14.68417043238878 5.375382959842682 0.8344106376171112 0 0 0 0 0 0 0 0 0 0 0 0 0 0 0 0 0 0 0 0.2380202859640121 0 0 0 0 0.1874945014715195 0 0 0 0.4991042912006378 0 0 0 0 0 0 0 0 0 0 0 0 0 0 0 0 0 0.5927231013774872 0.8802440166473389 2.931210860610008 0 0 0.2271765023469925 0.683332085609436 0 0 0 0 0 0 0.208617091178894 0 0 0 0 0 0 2.575797766447067 0 2.602094143629074 0 0 0 0 0 0 0 0 0 0 0.1538197994232178 0 0 5.669760972261429 0 0.1311780661344528 2.590489625930786 0 1.982306882739067 0 507.0428147464991 0.8609625101089478 0 0 14.50177416205406 0 0 0 136.6193658709526 0 0 0 0 0 40.79602706432343 22.07741019129753
485.2759130373597 1599.251644305885 71.28578545898199 480.1283829286695 1454.087684042752 146.611827082932 930.7466661259532 10.20492199808359 581.7590770348907 1238.52698148787 502.7278283387423 130.8073247671127 5055.547192871571 2949.644720524549 33.16448079794645 7.404638826847076 1.565297931432724 0.3608424291014671 0 0.7245180308818817 1.339149296283722 0 0.4827889800071716 0.8802921622991562 0.6484545171260834 1.051144674420357 0 0.3545182198286057 0.136125311255455 0 134.5932075083256 16.47408005595207 136.1221061497927 0.4439719170331955 0.2330994457006454 3.872241154313087 8.337489455938339 1.19283589720726 2.960591301321983 2.029860429465771 0.6070098429918289 0.3941378891468048 0.1339901387691498 3.612611502408981 0.893684946000576 2.438193909823895 112.7177315726876 3.208087243139744 0.4850678071379662 0.7338478565216064 0.5897791013121605 0 0.2829185053706169 0.1615617573261261 9.776580423116684 8.680803053081036 28.25367975234985 140.8417337760329 36.58597477525473 108.4520765393972 4.532035440206528 26.08917762339115 0.146465852856636 142.7828412428498 4.625769898295403 1.271696880459785 1.070279113948345 0.4361763522028923 1.130120053887367 2.004812970757484 33.00459384173155 0.4238107204437256 0.1219347789883614 137.952419757843 55.87675880640745 97.09129817038774 34.73395982384682 18.43151219934225 6.343294009566307 11.33044163882732 4.455595262348652 22.83912664651871 18.04557747393847 0.4257235527038574 3.818385787308216 4.542499929666519 1.305645309388638 0.4926492348313332 3.012654952704906 0.3289215862751007 0.8320335894823074 0.8395672813057899 1.45039264857769 0 0.1868868321180344 144.2167327702045 5.810333296656609 0 2.650215856730938 35.2571270018816 3.914796635508537 38.47909580171108 105.9349119290709 73.12449586391449 36.98807908594608 179.1593776494265 23.11381794512272 81.71762233972549 155.9969070032239 35.74436823278666 21.52246387302876 108.5991139113903 50.82096972316504 18.88060330599546 13.60834653675556 0 0.7235775589942932 0 0 0 0 0.4654461741447449 0 0 0.4320723712444305 0 0 2.703686565160751 0 0.4376942813396454 0 0 0.2934370338916779 0 34.3931322991848 19.73625159263611 0 0.9467345476150513 0 21.70476704835892 5.696115210652351 25.52686113864183 2.530403897166252 6.893147841095924 0 0 0 0 0 1.173296332359314 0 0.9255292862653732 1.605913206934929 0 0 0.469653457403183 1.124240428209305 0 0.1296102702617645 0 0 0.8495840951800346 2.855495415627956 4.418620593845844 1.095816671848297 6.19618433713913 18.24368487298489 8.689305856823921 0 0.322495810687542 0 0 0 0 0.2181851491332054 0 29.54211532324553 0.9101177081465721 0 0 0.2213930189609528 30.04450395703316 0.9722301661968231 22.38477519154549 1.570037625730038 2.012912981212139 0.1934414803981781 0.6030601412057877 0 0.2158003747463226 0.09770957380533218 0 0.9024715423583984 0.2389365062117577 0 0 0 32.60324151813984 4.386033907532692 3.488181613385677 387.0226447433233 6.340158924460411 347.1532254070044 36.0726410895586 120.5967192277312 5.674959272146225 3.592137150466442 9.395060263574123 15.59095440804958 0.553997814655304 18.14975716918707 0.919592522084713 104.2287526503205 0.5714603960514069 0 0.2167712450027466 11.59192963689566 0.2312680035829544 315.1374411433935 58.15530846267939
32.51843459159136 94.46973638236523 1852.068857870996 3.149382904171944 82.44054812937975 1.843787804245949 10.20492199808359 2448.73760753125 99.01129218935966 0.821661539375782 4862.171129539609 19.67985153198242 126.4223565459251 2148.495003715158 67.93517311662436 36.8702859133482 3.457143872976303 7.59429057687521 0.8862485885620117 36.46618147194386 39.27876088023186 0.8717870712280273 26.98680951446295 26.40562337636948 11.11568601429462 3.721473947167397 5.132678844034672 4.600783348083496 0.5865694880485535 0.7279407382011414 375.2129723653197 1646.841277964413 846.2735113352537 10.82446777075529 4.542142659425735 13.5874138250947 26.73472790420055 19.24039971828461 16.8047683686018 12.78442796319723 11.75205957889557 11.78774879127741 6.715107902884483 24.09834456443787 4.929241269826889 20.7415069937706 168.8884335830808 5.283691875636578 4.204456739127636 11.57804933935404 2.768520899116993 2.240104675292969 5.85409277677536 0.9832321777939796 3.891782440245152 4.909398898482323 15.39448928833008 110.8806265220046 22.11156286299229 79.71503747999668 328.8039485961199 256.827110491693 11.28828755021095 265.2454750910401 2.029143907129765 1.395752549171448 1.398198895156384 3.315218426287174 29.33383124321699 73.08951270580292 87.70433228462934 25.68898904323578 0.4202089011669159 91.66505965590477 71.93675760179758 144.0467400848866 158.9098662286997 351.717427328229 1827.228163726628 2156.392261572182 498.4250184446573 2824.572330802679 8.252326279878616 0.1201773956418037 2.816264614462852 1.779659293591976 7.436066068708897 0.09353043138980865 2.112231932580471 0.4589868038892746 2.017509125173092 1.278633780777454 22.44195548444986 4.262353375554085 10.99633944034576 139.1212043091655 9.065450690686703 0 12.42247201502323 5.327825181186199 3.223207294940948 0.7945825606584549 9.848012745380402 3.656183898448944 22.79125878214836 50.40158128738403 0.1940076947212219 23.321936622262 15.08302655816078 6.775078386068344 7.506983697414398 55.76144076883793 10.89671970903873 12.68967689573765 18.03953959047794 0.8874769657850266 0.4333772659301758 0 0 0 0 0 0 0 0.1348049640655518 0.1354904919862747 0 3.633727133274078 0 0.8682667389512062 0 1.027079164981842 0.2298839092254639 0 36.64440448582172 23.06848482042551 0 0.9660884141921997 0.7153746038675308 54.26469147205353 9.071116834878922 39.72227789461613 20.13630805909634 12.27755758911371 0 0.1639530807733536 0 0 0 5.060615122318268 0.1552295982837677 2.153698235750198 1.244036391377449 0 0 0 3.440225541591644 0 0.1263666599988937 0.8689378798007965 0 1.549029320478439 2.693967618048191 3.723020911216736 2.18811696767807 7.230936765670776 38.35387040674686 22.12733216583729 0 0.09212330728769302 0 0 0.573716938495636 0 0.1836968660354614 0.9788525849580765 31.26964764297009 4.032392531633377 0.2118013203144073 0 1.574175864458084 34.62147694826126 2.095187336206436 50.86031298339367 0.8730157390236855 2.887219652533531 1.73799404501915 2.092915937304497 0 0 0.104465514421463 0 0 0.1345502585172653 0.1196728944778442 0 0.3357840776443481 25.75297644734383 11.16617076098919 11.13081096857786 575.8371202722192 8.462999001145363 365.6315974965692 81.75375982373953 45.66970557719469 9.078431516885757 1.647786632180214 13.37646164000034 25.73115353286266 0 14.89671333879232 3.150793507695198 18.77582579851151 0.1670967787504196 0.6155966222286224 0.3214314877986908 32.60500256717205 2.905360966920853 62.28651537746191 20.22736798226833
11.85309164971113 487.0180534943938 242.040040679276 2.361640296876431 3359.729524113238 0.6702839136123657 581.7590770348907 99.01129218935966 248.410864777863 5.821770638227463 867.919510871172 5.044824346899986 300.0549209117889 1019.967845216393 17.76965188235044 3.625464536249638 0.1834320574998856 0.1320160329341888 0 0.3480864465236664 0.7809800133109093 0 0.5611492767930031 0.4104597121477127 0.6310780942440033 0 0.1464201956987381 0.5910226926207542 0 0.08721127361059189 41.75733580440283 7.330370709300041 39.48954972624779 0.144545391201973 0.2612754106521606 0.3979499489068985 2.673548012971878 0.7779843434691429 0.3869262933731079 0.4590923935174942 0 0.1934150457382202 0 1.261690534651279 0.1094789877533913 0.4243510439991951 52.32337073236704 0.5665149986743927 0.4145885184407234 0 0.3078062385320663 0.189158707857132 0.1788665056228638 0 1.913643911480904 4.525060348212719 4.107228122651577 21.45792737603188 9.467082738876343 37.23525317758322 1.09254514425993 6.427814997732639 0 44.53466859459877 0.9768072962760925 0.6210571303963661 0.5872150287032127 0.2073085457086563 0 0.6268316507339478 8.910836823284626 1.964747071266174 0 40.01151025295258 20.70932407677174 44.57785055786371 18.52878830581903 6.462980024516582 8.957477979362011 24.22239300608635 0.8413326889276505 10.38499737530947 4.567937888205051 0.3058619275689125 1.06808565557003 1.197030059993267 0.1054853275418282 0.5036772936582565 0.6726003065705299 0 0.6202157661318779 0.1948327869176865 0.1658552139997482 0.09899618476629257 0 22.27023109793663 0.9810048788785934 0 0 1.051137298345566 0 1.593435525894165 3.347930520772934 0.2167133092880249 6.237068176269531 13.16336339712143 3.091666251420975 2.997898504137993 6.780546769499779 4.071181550621986 2.500650092959404 13.82992692291737 4.500318750739098 2.738097630441189 3.859684854745865 0 0 0 0 0 0 0 0 0 0 0 0 1.110321044921875 0 0 0 0.1161360144615173 0 0 8.97482442855835 2.680148005485535 0 0.3607728481292725 0 6.351733975112438 0 9.095374196767807 3.180509656667709 0.4074067771434784 0 0 0 0 0 0 0 0 0 0 0.2111379206180573 0 0.386664092540741 0 0 0 0 0 1.327017426490784 0 0 1.311540484428406 7.060220897197723 2.727567598223686 0.5801042318344116 0 0.09029799699783325 0 0 0 0 0 5.400078237056732 0 0.3262207806110382 0 0 12.77219061553478 0 6.329415842890739 0.1792817413806915 0.2547663152217865 0.2009967863559723 0 0.7965855896472931 0 0.08417808264493942 0 0 0 0.2266901284456253 0 0 11.32093401253223 1.759760975837708 0.4613051861524582 154.6886011734605 3.967095293104649 130.0914331004024 17.33801632374525 12.88393119722605 3.015672147274017 3.132409080862999 2.271399520337582 5.486164942383766 0 2.391350269317627 0 10.5251432955265 0 0 0 5.55732573568821 0.1335502564907074 10.83814467489719 3.282043099403381
300.9807755574584 533.5788730680943 3.950202487409115 906.5237211361527 145.1835715994239 488.7605082318187 1238.52698148787 0.821661539375782 5.821770638227463 786.7432013005018 3.612376660108566 986.8429283350706 3968.677655190229 54.38000427931547 1.923256695270538 1.808786354959011 0 0 0 0.4769827276468277 0.3656056821346283 0 0.1494858860969543 0.1451495736837387 0.6111223995685577 0.3277532756328583 0 0.1755885928869247 0 0.1147873848676682 16.44736807048321 0.7835723534226418 44.32110269367695 0 0 0 4.48492231965065 0.706632137298584 2.28747995197773 0.5412924438714981 0.3130225241184235 0 0 1.282385520637035 0 0.6628642231225967 8.23151058703661 0.2603481039404869 0 0 0 0 0.6819306910037994 0 1.093711219727993 1.723249278962612 11.66191747784615 21.75077974796295 5.644085131585598 10.33424586057663 0.5469273328781128 2.184573799371719 0.1011787131428719 12.72760032862425 0.6231386810541153 0.5231865048408508 0.3020192533731461 0 0.8451267778873444 0 48.0859979391098 0.9301477074623108 0 16.30359204858541 3.168728090822697 6.574672378599644 1.965953357517719 2.690570086240768 0.1000181213021278 1.453629359602928 0.7921694666147232 0.3351276516914368 2.862662270665169 0.1087454929947853 0.5063101276755333 0.5573539286851883 0 0 0.342023953795433 0 0 0 0.28206866979599 0 0.09067949652671814 312.0003981292248 22.21940924227238 0 3.00937519967556 161.6052149385214 5.675119765102863 96.79550750553608 154.2950407639146 123.8676441311836 136.7820732295513 492.2734070420265 46.46810448169708 127.1306959539652 218.6485190913081 185.1908158361912 40.60745649039745 438.4701408520341 308.5486300289631 249.9292336553335 27.32876561582088 0.3478818237781525 0 0 0.1258007138967514 0 0 0.1542069613933563 0 0 0.1818123906850815 0 0 1.587954640388489 0 0.1022497415542603 0 0 0 0 44.59247244894505 23.90742919594049 0 0 0 24.42683494091034 0.7561108320951462 11.46418349444866 1.703033551573753 0.1407051980495453 0 0 0.1274011135101318 0.7885082960128784 0 2.912840366363525 0.7495809197425842 0 0.1092702150344849 0 0 0 1.098604083061218 0 0.09652850776910782 0 0 1.481360122561455 3.501062795519829 12.74234507232904 0 0 13.56453712284565 5.752982147037983 0 0 0.1098585277795792 0 0 0.2040146738290787 0 0.1852899789810181 51.73690201342106 7.096734762191772 0.3959383368492126 0.130099892616272 0.2874965369701385 49.57381050288677 0.2703365832567215 21.06778061389923 0.55928785353899 2.612229987978935 1.336319833993912 0 0 0 0 0 0 0.1249853745102882 0 0 0 107.5952620357275 5.442681632936001 3.211231559514999 40.05490861088037 0.7123122215270996 26.72214114665985 4.322478748857975 299.8204609304667 0.7906022816896439 0.6165232807397842 0.2700663059949875 41.70888234674931 0 13.04564658552408 2.358023568987846 344.349537089467 7.677135288715363 1.076146677136421 0.9492830038070679 0.4909792095422745 0 1124.321130536497 274.6709281504154
43.07995547354221 305.8399453908205 1777.095491036773 24.4392207339406 1072.251678854227 2.005369767546654 502.7278283387423 4862.171129539609 867.919510871172 3.612376660108566 2083.644299693406 47.45665287971497 1009.935716256499 2846.28121060133 56.78442262858152 33.08781415224075 1.096288852393627 1.445285253226757 0.3973427265882492 7.318838581442833 11.6355502307415 0 11.32858563959599 10.42302249372005 9.906115092337132 2.041319534182549 3.212356992065907 2.12466949224472 0.7484012991189957 1.646480962634087 81.3748883754015 127.0245305448771 667.0182753950357 2.98363084346056 1.540574379265308 4.610180974006653 32.24645593762398 12.29886145144701 13.92738115787506 14.80647022277117 4.600457057356834 1.54178449511528 1.132302030920982 12.09560556709766 0.8534879758954048 3.912586733698845 111.3119428008795 1.642246939241886 1.376522354781628 2.302476420998573 0.5994733721017838 0.8788640946149826 2.526784405112267 0.2426566854119301 1.519874580204487 2.095073282718658 7.47506445646286 36.43501126766205 9.475592017173767 51.38362328708172 28.90469110757113 140.9192029908299 2.862391412258148 107.9980535358191 0.6894189491868019 0.6822962611913681 0.9308568611741066 0.9847154021263123 5.927811793982983 19.99124145507812 81.42618338018656 11.12664803862572 0 51.51917549222708 28.28538516908884 102.4584278389812 74.59725842624903 68.72815156728029 324.8603868037462 1481.119295880198 32.45934947580099 808.3956607431173 4.838403396308422 0.09305855631828308 1.967471569776535 0.6827029213309288 1.425487443804741 0.3160492181777954 1.316533379256725 0.3898627609014511 0.9844873771071434 0.2597852945327759 6.232634723186493 1.694106049835682 2.93065457046032 176.0512462705374 9.596789613366127 0 7.156710386276245 2.222520232200623 5.640862137079239 5.945886313915253 17.06831197440624 0.8047568500041962 28.7491876333952 89.10416838526726 2.515329778194427 24.87855084240437 30.12105319648981 11.4890348315239 13.06727822124958 71.79780464619398 24.18399505317211 20.25011053681374 20.14166113734245 0.843980610370636 0 0.4376442357897758 0 0 0 0 0 0.2402922064065933 0 0 0 4.19196891784668 0 1.378046780824661 0 0.6031000018119812 1.286474704742432 0.1636986583471298 45.46595153212547 23.762171626091 0 0 0.1359595954418182 40.91211821883917 4.135864615440369 33.35822856426239 8.063451483845711 7.671473324298859 0 0 0 0 0.9733637720346451 0 0 0.8120700120925903 0.2290861755609512 0 0 0 0.9720776751637459 0 0.1658976525068283 0 0 0.4015529975295067 5.963853910565376 1.024853825569153 0 4.839729487895966 27.80022113025188 19.30612251162529 0 0 0 0 0 0 0.1265287697315216 0.65213393419981 35.75060771405697 1.013432949781418 0 0 1.028176553547382 39.27679808437824 2.004454702138901 33.37570358812809 1.26945848762989 2.230866894125938 0.2118657678365707 0.8134352117776871 0 0 0 0 0 0.2133417129516602 0.141401544213295 0 0.2975964248180389 30.42519353330135 9.626410618424416 5.053215071558952 390.1227469146252 5.452316515147686 274.7502034306526 46.55892636626959 35.68905489146709 8.357986949384212 5.252293631434441 12.43192952126265 26.95323072373867 0.1615352928638458 11.2049091309309 3.650531873106956 38.18848621845245 0.2069175541400909 0 0 22.42513860017061 2.613276571035385 50.49712920933962 32.61267749965191
55.58558063954115 61.2538301423192 13.00757094472647 1034.33309045434 4.930525586009026 121.7042887359858 130.8073247671127 19.67985153198242 5.044824346899986 986.8429283350706 47.45665287971497 62.01841825246811 893.5438950583339 140.8691353574395 31.48879722505808 33.99150679260492 1.310340225696564 0.6872550696134567 0.1146110966801643 4.738134130835533 9.166796788573265 0 5.10721130669117 11.15905986726284 14.33765868097544 6.626213923096657 5.871590510010719 4.30571111291647 0.6777277439832687 1.438524201512337 11.93780474364758 13.8270962536335 463.3780117034912 0.9460034668445587 0.3057587891817093 4.934189185500145 348.1696231514215 12.80191422253847 39.27467457950115 25.62035502493382 6.097088634967804 1.173960909247398 0.3501960337162018 16.97979384660721 1.506498567759991 12.33518448472023 33.40784218907356 0.6043896898627281 1.57045641541481 2.630920842289925 0.2312222942709923 0.6727874353528023 9.821914613246918 0.1175935119390488 0.1468423157930374 0.2580898106098175 1.584040507674217 7.264161877334118 3.133795127272606 8.207142472267151 25.0082628801465 53.47241096198559 5.983501903712749 33.8343738541007 0.1112102046608925 0.195778451859951 0.2165329679846764 0.8217389509081841 7.689220175147057 12.61116690188646 487.1641549170017 19.0800072401762 0.2808121144771576 10.65541104227304 6.669722519814968 20.47100146114826 28.30012229830027 53.11766295135021 3.274893306195736 21.18961930274963 16.69752417504787 25.60975789278746 1.564478687942028 0.2950301170349121 0.3986784443259239 0.2333225235342979 0.904710091650486 0 0.3442782238125801 0.1618705093860626 0.4278678596019745 1.66342843323946 13.55453101545572 3.462725535035133 1.64241960644722 867.9743844866753 84.70062619447708 0.9820907711982727 12.7068378329277 16.65651641786098 4.599849864840508 19.06407322734594 55.26564352214336 14.36227896809578 51.55239024013281 224.1609739735723 11.66529303789139 58.57420571893454 85.59166540205479 52.57427722215652 25.30467753112316 221.395724684 103.5102955773473 95.22140239924192 22.96146528422832 0.6223806291818619 0.1107175126671791 0 0 0 0 0.3162518888711929 0.108807161450386 0.1524138301610947 0 0.6565868556499481 0 1.717369899153709 0 0.1326724290847778 0.3093316256999969 0.3482310920953751 0 0.08989859372377396 39.26620266586542 20.39572843909264 0 0.4736139476299286 0.1550581157207489 27.66126373410225 2.554106473922729 15.66308456659317 3.342156857252121 0.8481873273849487 0 0.4415511190891266 0.1441585719585419 0 0.4489734172821045 0 0.2637553811073303 1.484185092151165 0.3938396722078323 0.1924783289432526 0 0.4608817100524902 0.6056297570466995 0.1293918341398239 0.1010266542434692 0.1176711693406105 0 2.136865809559822 2.966791167855263 3.086652085185051 3.130634784698486 2.984637409448624 16.35602362453938 7.609640643000603 0 0.2765058577060699 0 0 0.1224297732114792 0 0 0.3805732429027557 41.44941959530115 2.393657572567463 0.1570431292057037 0 0.8558629602193832 42.22142246365547 1.294773101806641 26.69346311688423 0.4606174677610397 0.6525020003318787 0.678272619843483 0.1299512833356857 0 0 0 0 0 0 0 0.6613404005765915 0.183349534869194 71.44398054480553 6.296723142266273 5.803530022501945 109.3236299455166 6.68002288043499 88.36089015752077 17.10669669508934 46.42625387758017 0.5695375800132751 0 4.588851749897003 5.591452330350876 0.1460600048303604 7.985408671200275 1.320587337017059 69.82998144626617 0.9626895785331726 0 0 11.03405026346445 0.4872257113456726 444.7219442352653 125.2665897011757
64.96596145629883 1187.953284204006 92.10504055023193 1186.809601232409 584.7539233416319 102.4055839776993 5055.547192871571 126.4223565459251 300.0549209117889 3968.677655190229 1009.935716256499 893.5438950583339 4119.619267113507 3467.231549672782 107.7246384993196 109.5010635778308 2.450468972325325 2.132569029927254 0.8885392844676971 15.91367798298597 36.30259643495083 0.298198789358139 19.8178329616785 23.79345255345106 45.74335936456919 13.60139332711697 8.209683291614056 6.632572546601295 3.058591589331627 4.435865588486195 65.28663597255945 69.22836215794086 2736.070064671338 3.860068254172802 5.035481795668602 4.778563156723976 666.1098161265254 48.00759813934565 109.6297236680984 77.46727509051561 15.65465155988932 7.057430773973465 5.357159309089184 53.3316633105278 2.687491618096828 24.1111216172576 146.9401195421815 2.567531906068325 3.195723675191402 5.788424275815487 2.470333941280842 1.571986608207226 24.04589764028788 1.711766488850117 2.206806167960167 2.924046292901039 10.48817676305771 42.98165844380856 13.91316521912813 60.73694847524166 68.61891330033541 122.6952487230301 10.31556624174118 144.593681499362 1.82685936242342 1.381768062710762 1.382757559418678 2.562354892492294 22.84972180426121 44.24129262566566 848.1822053268552 26.1230878084898 0.9869557023048401 66.23442419618368 35.54093692451715 108.8654807433486 121.1108633652329 159.0690791085362 22.88967101275921 143.6197109594941 52.51745712012053 158.0979321300983 7.975749917328358 0 2.493685305118561 1.346616841852665 4.039852671325207 0 1.409791298210621 0.7507637366652489 1.775793813169003 0.8873884603381157 30.44479291886091 7.616859197616577 6.948061488568783 1361.316554859281 67.66198244690895 2.557766675949097 45.17294782400131 17.42396596074104 7.005780413746834 34.84669774025679 120.1497249901295 41.58747743070126 149.2711950019002 462.2670269981027 24.73269016295671 148.0319092869759 194.9760185852647 125.397432282567 60.00148276984692 418.4551860913634 134.2482067719102 145.7118375226855 67.40039260685444 0.4884589985013008 0.4777128547430038 0.8487456887960434 0.1177111342549324 0.8002038598060608 0 1.952464148402214 0 0 0 0.1857435554265976 0.2472669333219528 6.338730037212372 0.2055404037237167 1.756829157471657 1.703023910522461 1.519863918423653 0.4988709464669228 1.90585745871067 104.8593847006559 61.26563877612352 0 2.159937381744385 0.2790025845170021 78.29125637561083 7.598678275942802 67.49756523966789 12.14479178190231 17.12528391927481 0.1534883826971054 0 0.1335341334342957 1.126384571194649 1.457956358790398 3.193297892808914 1.033227205276489 4.051664933562279 1.051887303590775 0.1697621643543243 0.9283934533596039 1.152887977659702 2.081914357841015 0.5893423482775688 0.4232766702771187 1.236932590603828 0 2.101512029767036 11.07070855051279 11.54662699997425 2.424703523516655 6.653240859508514 65.75185656547546 39.74376767873764 0.6878616362810135 0.3070842772722244 1.891810059547424 0 0.2732751965522766 0.1135504171252251 0.2914599031209946 1.494510516524315 124.268609136343 7.059949174523354 0.2812830805778503 0.6625604704022408 2.389694586396217 119.0657334849238 2.157655298709869 83.48722103238106 1.989535488188267 5.475619830191135 1.161179453134537 1.275594785809517 0.5864568501710892 0 0 0 0.1113950312137604 0.1542031913995743 0.3872797042131424 1.191221863031387 0.3634812235832214 172.3829250633717 13.94836722314358 11.43368587642908 473.3056106045842 12.16410744190216 372.2152977883816 82.34510523825884 60.48145873099566 6.165874950587749 1.175874650478363 12.42324041575193 33.57220961153507 0 25.55140917748213 6.339550711214542 160.1564576327801 1.231851190328598 0.1288982331752777 0 23.57435123622417 2.71136686205864 520.8769145384431 226.0666108429432
