110.1637187898159 3035.143298558891 590.1906655430794 1185.078796178102 3.548465728759766 36.11298167705536 369.7953931465745 4.036388084292412 0.2675274610519409 748.6422073915601 3.684638239443302 53.68135039508343 39.27073408663273 15.45632451027632 0.5163538381457329 0 0.1198969334363937 0 0 0 0.1325933188199997 0.1799226999282837 0.2927657589316368 0.4604248479008675 0.2292331084609032 0 0 0 0 0 411.2054244428873 14.60970497876406 1.269089356064796 0.2367755770683289 0.3003950864076614 0 0 0 0.1210997253656387 0.1129180192947388 0 0 0.1918368488550186 0.1958501562476158 0.1841520965099335 0 23.99890133738518 1.677259668707848 0 0.1147187054157257 1.041586488485336 0.1513723284006119 0 0.3590815663337708 7.851758845150471 7.620229423046112 94.50710045546293 314.5589486137033 46.56007774919271 24.04227078706026 0 0.6064342558383942 0 16.30963258445263 3.889481514692307 3.365727111697197 1.036786489188671 0.7697062119841576 1.011482983827591 0.1171507611870766 12.99383632838726 2.809297412633896 0.1375481188297272 95.42916663736105 3.383096389472485 4.526311993598938 0.4358134642243385 0.09607125073671341 0.1756607592105865 2.845947071909904 0 2.675245434045792 14.84743658453226 0.6003191322088242 5.018422283232212 8.363181754946709 0.9758677408099174 0 1.271298512816429 0.3861741423606873 1.090666443109512 0.1530834436416626 0.2180456146597862 1.067446991801262 0 31.0495542883873 25.50399975478649 0.2869154512882233 1.184147410094738 331.0316354483366 0 0 0 2.103643476963043 0 6.071125984191895 3.497825756669044 1.521332174539566 12.05568473041058 3.891819059848785 0 1.60979388654232 8.33546493947506 3.456648007035255 0 0.5240658223628998 1.455305159091949 0 0 0 0 0 0 0 0 0 0 0 0 0 0 0 0 0 0 0 0 0 0 4.7510666847229 0 6.271243661642075 0.1479872316122055 0 0 0 0 0 2.001479625701904 0 0 0 0 0 0 0 0 0 0 0 0 0 0 0 0 0 0 0.5536603331565857 0 0 0 0 0 0 0 0 2.644381254911423 0 0 0 0 0 0 0 0 0 0 0.6008273363113403 1.220324158668518 0 0 0 0 0 0 0 0 0.5124425143003464 3.531222581863403 10.64588029682636 18.38909407705069 3.933716796338558 94.60735080391169 10.87444467097521 493.18816152215 16.26554225385189 2.490007966756821 0.2296185716986656 14.93529744446278 0 6.092530593276024 0 1.136324048042297 0 0 0 5.143625169992447 0 500.6395869776607 15.60032457113266
3035.143298558891 2886.248796984553 1331.229207515717 1217.335231371224 995.8676742687821 294.7060140371323 1097.768461622298 601.2848732993007 447.1128523424268 495.2643084302545 820.2720844745636 7.644878745079041 690.7615573778749 1537.747262500226 18.68974586576223 1.571844913065434 0.7893700674176216 0.4866592064499855 0 1.014791563153267 2.075851365923882 2.094089701771736 2.984334789216518 1.77950955927372 1.221547901630402 1.491575539112091 1.103800058364868 0 0.2252575233578682 0.3110758438706398 1314.668583959341 9.863046631217003 28.82744079828262 0.6889323368668556 0.6559710651636124 0 3.157814972102642 1.74907286465168 1.736858859658241 0.9959702491760254 0.5530043467879295 0.6540707051753998 1.06065721809864 0.2460158690810204 0.2653540968894958 0.4776917845010757 396.4460621327162 11.23142485320568 0.6626496389508247 0.8233107328414917 4.739418037235737 0.9626188278198242 0 0.6844712868332863 31.79212098568678 39.40760246664286 163.5750845149159 367.7123840153217 180.0259196683764 171.8425658047199 1.673664204776287 3.894755318760872 0.5666228085756302 218.5737668648362 17.25661059468985 13.58418616652489 6.542937412858009 3.701700560748577 6.302883453667164 0.9250321835279465 7.233870826661587 4.210406273603439 0.08813298493623734 569.3629326894879 87.07386647164822 147.7809183672071 18.7617431730032 0.2996801286935806 1.641566812992096 137.0686609894037 2.77039796859026 8.709085434675217 72.63464872539043 0.990415133535862 23.6509025990963 38.77251649647951 6.075713485479355 0.09143552184104919 5.232727460563183 0 3.418176181614399 1.293988943099976 4.080958098173141 2.362437784671783 0.7737779468297958 16.20568257570267 8.272555552423 0.1174851953983307 5.520804099738598 647.3931162580848 0 11.32144522666931 0.2158217281103134 2.86136782169342 0 51.29465594887733 0.9669002592563629 55.79418803751469 67.46673972904682 15.74033808708191 1.699178963899612 21.61807020008564 42.10834391415119 33.74631492048502 20.78983095288277 7.398729614913464 6.770303145051003 0 0.1857380568981171 0 0 0 0 0 0 0.199958860874176 0 2.46802020072937 0 0 0.8854310512542725 0 0 0.1644145399332047 0 0.6462016701698303 0 0.6599815785884857 0.6631272435188293 36.43593499064445 0.6645869016647339 46.50593035668135 10.38762935996056 5.586816661059856 0 0 0 0 5.324451468884945 2.623339489102364 0 0.2232524901628494 4.789110645651817 0 0 0 0.1225870624184608 0.5704896748065948 0 0.6448367834091187 0.1876687034964561 3.352287389338017 0 0.9135392308235168 0.316377580165863 0 22.09156365692616 1.368671149015427 0 0 0.1059622913599014 0 0.6179982200264931 0 0 0 40.93316641449928 2.073677562177181 0 0.1498244106769562 0 11.48559138178825 0 2.291087448596954 2.877448238432407 3.420954644680023 4.537823975086212 2.842611096799374 2.013634078204632 0.1357084661722183 0.1048761829733849 0 0.095255047082901 0.6932280212640762 0 0 0 11.15290212631226 40.8262736722827 89.94291954487562 354.8323027193546 20.0390606969595 1026.334862820804 207.0559601262212 575.9704822674394 161.0842607989907 10.27665480971336 35.5929763391614 39.79960561543703 0.1437528878450394 32.70335530489683 8.379321299493313 21.80283008515835 1.516472399234772 0.141805574297905 1.676290899515152 17.15092558413744 0 620.0229530185461 52.85492517054081
590.1906655430794 1331.229207515717 1525.570957221091 112.360738530755 125.0289735943079 26.38799555599689 106.8354160785675 2600.635498777032 218.8200366795063 18.33220711350441 2037.420564956963 0.4405353218317032 105.9944299533963 1384.706697136164 25.55631113797426 5.873059518635273 1.311676047742367 2.171632997691631 0.1078613251447678 13.98175993561745 46.09617099165916 18.72730824351311 58.49676402658224 31.07697971910238 18.88333461433649 8.645207472145557 18.63078083842993 2.009115658700466 1.98085643351078 1.953686080873013 2754.627359606326 103.0836549326777 210.8816884532571 8.625581957399845 11.56853392720222 6.936139017343521 13.7789046689868 15.06784667819738 7.883688673377037 12.55083119124174 10.96316737681627 10.47798573970795 7.98468030244112 0.5041223391890526 0.8809661418199539 0.56899493932724 194.0549349859357 4.281958863139153 0.9510966762900352 2.377074390649796 45.3541339635849 10.38925455510616 1.206032380461693 7.11311648786068 11.3305476680398 12.25021934509277 60.49319026619196 207.0021307095885 59.32795160263777 61.73506586253643 11.55835453420877 73.16685244441032 2.141830898821354 190.637915737927 7.941904954612255 8.273491218686104 8.403293699026108 20.46064260601997 33.64705706387758 9.540161736309528 43.43631207942963 10.99320195615292 0 204.9017512500286 72.03949247300625 115.613691650331 25.64601837098598 3.051610171794891 34.13553799688816 1423.207490503788 8.640152335166931 223.5679392442107 26.18200484663248 0.4627311751246452 8.864228069782257 15.26883759349585 5.81425753980875 0.1305033713579178 9.933260388672352 0.08605784177780151 26.82839009910822 10.37685036659241 49.70784424245358 19.20670478790998 10.49061331897974 4.967230916023254 32.13213841617107 0.8085714653134346 15.42161426693201 247.6847526431084 0 3.380452156066895 0 0 0 20.96903491020203 1.757608950138092 19.62077440321445 20.15676835179329 3.741403743624687 1.162780970335007 9.445947349071503 17.56608363986015 21.05891800671816 11.71379283070564 5.913377441465855 7.783325053751469 0.1473206728696823 2.04539443552494 0 0 0.3620345145463943 0 0 0.1715355813503265 0.5293471962213516 0 0.7285327091813087 0.4335424080491066 0.9674840196967125 0 0.2159270495176315 1.254162415862083 1.312467455863953 0 0 0.742545485496521 2.819271504878998 1.702171862125397 31.09294521063566 0 55.92245399951935 29.39620492607355 2.829703085124493 0.1500787138938904 0 0 0 8.082957908511162 5.245823308825493 0 0.3408086374402046 3.27282826602459 0 0.1317811906337738 0.4730789661407471 1.465667381882668 2.195348531007767 0 0 0.1042731106281281 0.7401706874370575 2.40085680782795 1.851928472518921 2.975991144776344 0.505800187587738 11.80374293029308 0 0 0 0 0 0.4138774648308754 0 0.160714253783226 0.6878799572587013 30.29855164885521 1.218351870775223 0 0.6252747923135757 0.8168155401945114 5.535035103559494 2.698645621538162 1.191129088401794 1.007876969873905 5.667624279856682 5.451761551201344 0.953679621219635 2.220904186367989 0.2972772121429443 0.1104667261242867 0 0 0.2455497309565544 0.1810020804405212 0.1288565844297409 1.055391073226929 6.036208227276802 41.47808165103197 90.74416033178568 187.386547267437 15.77426165342331 449.4885534197092 131.9625700041652 104.8126879036427 50.29797656834126 3.168778106570244 24.47925519198179 30.15960292518139 0 36.68027509003878 22.58521687239408 7.585521548986435 0.7537694573402405 0.1097735911607742 0 6.816481724381447 1.392009407281876 113.2257367148995 22.80542621016502
1185.078796178102 1217.335231371224 112.360738530755 280.4825097322464 11.86519342660904 332.9578862339258 304.3515402600169 1.01463083922863 0.1182054951786995 767.8036837130785 1.278076827526093 258.445261657238 468.2697644233704 39.71905833482742 1.071115225553513 0.4872553423047066 0 0.1173448041081429 0 0 0 0 0.08554040640592575 0 0 0 0 0 0.1245995908975601 0.09791871160268784 51.32195040583611 0.07990896701812744 0.1052199155092239 0 0 0 0 0 0 0 0 0 0 0 0 0 19.99780356138945 0.4511323720216751 0.1257228702306747 0 0 0 0 0 2.778239130973816 3.5114706158638 19.495372004807 40.20371701568365 17.51002464443445 14.94564951211214 0 0.08592257648706436 0 5.178704150021076 1.378154926002026 1.461025573313236 0.4457226172089577 0.2903389632701874 0 0 0 0 0 38.19953405857086 2.778336144983768 4.672884412109852 0.275720588862896 0 0 0.3936108648777008 0 0 5.661932848393917 0 2.22591558098793 2.365757569670677 0.6311276704072952 0 0.737931564450264 0 0 0 0 0 0 12.99870055913925 0 0 0 183.5049511119723 0.1485195308923721 1.044905856251717 0.4383693635463715 3.441054105758667 0.1607910394668579 5.443876445293427 3.301252111792564 3.9239731580019 18.72148579359055 4.04176376760006 0.3454408943653107 3.657687738537788 15.41524781286716 7.601575374603271 0.7858080118894577 0 0 0 0 0 0 0 0 0 0 0 0 0 0 0 0 0 0 0 0 0 0 0 0 0 0 0 0 0 0 0 0 0 0 0 0 0 0 0 0 0 0 0 0 0 0 0.1536529809236526 0 1.166394472122192 0 0 0.3505120277404785 0 0 0.1350462734699249 0 0 0 0 0 0 0.4864041358232498 0 0 0 0 0 0 0 0.09843894094228745 0 0 0 0 0 0 0 0 0 0 0 0 3.939538151025772 0.4413817822933197 0 12.90667662024498 2.534782662987709 50.59936023503542 7.08630682528019 212.2155930697918 9.29025837033987 0.3923274651169777 0.2940225899219513 0.5782901644706726 0 0.3684366270899773 0.1193958520889282 3.904036745429039 0 0 0 0.5329464077949524 0 397.1057504415512 14.64436675608158
3.548465728759766 995.8676742687821 125.0289735943079 11.86519342660904 1470.721630915999 1.015840590000153 1117.562074869871 915.3354579955339 1920.036788672209 66.0228977650404 1507.847578465939 0.338912308216095 236.0344980582595 2344.185146652162 5.649318896234035 0.09849958866834641 0 0 0 0 0 0 0 0 0.1127287596464157 0 0 0 0 0 16.5880619212985 2.090094923973083 0.3570495843887329 0 0 0 0 0.124675065279007 0.1074866577982903 0 0 0 0.1237680539488792 0 0 0 69.61246021091938 0.692908838391304 0.1240049302577972 0 0.3814171254634857 0 0 0 1.91882149875164 2.096576578915119 5.955606997013092 3.633187748491764 10.49473506212234 12.07278298586607 0 0 0 15.28732522577047 1.102828793227673 0.7013750448822975 0.1891653761267662 0.2778160274028778 0.2146508917212486 0 1.7083884999156 1.16264671087265 0 43.19484777003527 14.76242576539516 35.36685924232006 3.989984840154648 0.2173513546586037 0 8.327651523053646 0 0 4.343286283314228 0 1.123506546020508 1.982667170464993 0.244415782392025 0 0 0 0.3108371794223785 0.4117711111903191 0.1399978846311569 0.1148516908288002 0 1.114149630069733 1.987154215574265 0 1.847464509308338 1.023001313209534 0 3.961308598518372 0 1.067311763763428 0 36.62823493778706 0 24.16315819323063 27.3839213848114 8.538115561008453 2.106070339679718 12.77208207547665 20.0646333321929 12.98492358624935 11.72856286168098 4.120532907545567 3.56274276226759 0 0.1300370991230011 0 0 0 0 0 0 0 0 0 0 0 0.7844384908676147 0 0 0 1.576565742492676 0 0 0.8573577702045441 0 20.36371810734272 0.5975966453552246 17.65830030292273 3.117414563894272 1.479444861412048 0 0 0 0 4.179435305297375 4.062179729342461 0 0.6932535469532013 0.78974749147892 0 0 0 0 0 0 0 0 0.1144623458385468 0.9329764991998672 0 0.6775822937488556 0 6.246071100234985 1.083372861146927 0 0 0.4797846674919128 0 0 0 0 0 25.05606130510569 1.495156854391098 0 0.2527405917644501 0 4.379193931818008 0.2591539919376373 0.2141172587871552 3.66282245516777 0.8945783525705338 2.757281698286533 0 0 0 0 0 0 0.1530296355485916 0 0 0 3.937345251441002 23.7829672396183 50.03545807301998 117.5698885694146 3.713883802294731 180.4304469823837 66.25822355598211 15.33499138057232 36.06822868436575 2.006596133112907 18.13473831117153 12.08229970932007 0 14.2979294732213 6.664820320904255 5.483230531215668 3.214447379112244 2.475578352808952 0 4.39784549176693 0 9.264917716383934 14.04054238647223
36.11298167705536 294.7060140371323 26.38799555599689 332.9578862339258 1.015840590000153 2.41040201485157 106.9448028802872 0.9134004414081573 2.683509111404419 387.3785057067871 2.628909826278687 171.5274069607258 147.9607825055718 20.16637001931667 0.5956429690122604 0.623701311647892 0.112282432615757 0 0 0 0 4.699594080448151 0 0 0 0 0 0 0 0 12.35416862368584 0.1083767339587212 14.07496026158333 0 0 0 12.12225797772408 0.2053051590919495 0 0.1697459071874619 0 0 0 0.6610165536403656 0.1065031737089157 0.4796857237815857 0.5159925222396851 0 0 0 0.8256686627864838 20.20350348949432 4.782628014683723 0.1611485630273819 0 2.033241078257561 124.3675992935896 6.501229800283909 9.052418813109398 0.8410700112581253 0.2911413013935089 0.8446840569376945 0 0.1227574571967125 0 0 1.380900144577026 0.4361492246389389 0 0 109.9060593694448 246.8811051249504 55.86867655813694 1.710462257266045 0.2356797829270363 1.041341193020344 0.3441576063632965 1.206612765789032 0 5.569424159824848 0.988756962120533 0.8923653662204742 0.4016931504011154 3.962533622980118 0.09697778522968292 11.16516187787056 0 14.98690812289715 37.11583160609007 47.81721436977386 15.37050166726112 46.82912415266037 0 0 1.810278527438641 136.6232633143663 600.5313298851252 108.7530061304569 18.14820356667042 294.6160960942507 0 0.4878612756729126 0.1805360913276672 1.12816846370697 0 4.584120765328407 5.092551410198212 1.738411962985992 13.60745374858379 3.894386053085327 0 1.30647124350071 8.903542429208755 6.02997699379921 0.3259143531322479 0 0 0 0 0 0 0 0 0 0 0 0 0 0 0 0 0.1166782155632973 0 0.1963864266872406 0 0 0 0.1675741225481033 0 0.3607071340084076 0 0.1875773370265961 0.2049573510885239 0.1142687723040581 0 0 0 0 0 0 0 0 0 0 0 0 0 0 0.1913921311497688 0 0.2495928779244423 0 0 0 0 0 0 0 0 0.1472769677639008 0 0 0 0 0 0.2176363319158554 1.884022101759911 0 0 0.7220208942890167 0.1352893859148026 0 0 0 0 0 0 0 0 0 0 0 0 0.5444197356700897 0.1414215862751007 0 0 3.634564653038979 0.1709438115358353 0.7316977828741074 5.633264623582363 1.007197178900242 4.427667506039143 1.109000310301781 99.56208480894566 0.2394301220774651 0.3218394443392754 0.6627300307154655 0 0.116712860763073 0.1293127983808517 0.286334365606308 6.149214074015617 0 0 0 0.8556116968393326 0 22.59827356040478 4.104427874088287
369.7953931465745 1097.768461622298 106.8354160785675 304.3515402600169 1117.562074869871 106.9448028802872 325.9223717302084 22.34190684556961 606.6477182358503 1459.924979999661 137.5220497474074 55.22006769478321 4054.888244912028 896.8926777243614 16.60346122831106 1.6876530200243 0.7063361033797264 0.4773935228586197 0 0 0 0.1294296234846115 0.1998371258378029 0 0.1886280030012131 0.1015743762254715 0.1067002341151237 0 0.1802871599793434 0.2383441776037216 104.7616101205349 1.363151662051678 1.927324138581753 0 0 0 4.630669251084328 0.2640140503644943 0.8245134949684143 0.4741774648427963 0.1344944089651108 0.3700202256441116 0.3232555687427521 0 0 0.2408470511436462 215.4981850013137 4.186343029141426 0.3349458649754524 0.1248413100838661 0.2367749512195587 0 0 0.1627140194177628 11.80431479215622 15.61329842358828 42.69803536683321 63.17449324578047 58.27429713308811 69.61743269860744 0.5679102689027786 0.1604228317737579 0.1063167080283165 67.09779734164476 6.106546089053154 6.039703838527203 3.245599612593651 1.512769818305969 1.042383663356304 0 7.926937729120255 5.114446237683296 0 214.6199900358915 45.29330176115036 96.1512229219079 11.02497844398022 1.77945901453495 0.7012198120355606 4.622087389230728 0.7894803956151009 0.764555037021637 24.52991789579391 0.2991271913051605 7.7003238722682 13.95281787961721 1.462080657482147 0 1.343151934444904 0 0.2188000530004501 0.3412906005978584 0.2141297087073326 0.2688223421573639 0.5056953728199005 63.93865341693163 7.712225094437599 0 4.517537236213684 74.83985522389412 0.3064722195267677 7.235521048307419 8.754495605826378 7.203481465578079 4.527178168296814 195.6902403384447 13.83482350409031 197.815656401217 204.6833927035332 50.24376328289509 6.206738144159317 96.42089937627316 156.1254972964525 126.4890724942088 54.21370840072632 8.175879739224911 15.53254250437021 0.5016120076179504 0.4125318378210068 0 0 0 0.3020927011966705 0 0 0 0 0 0 0 0 0 0 0 0 1.363867044448853 0 0 0 77.39857584238052 0 86.87156145274639 25.07767254114151 1.704834580421448 0 0 0 0.3774981647729874 15.67553243041039 3.012671768665314 0 3.844183027744293 4.4394461363554 0 0.1044068858027458 0 0.1075099781155586 0 0 0.2050890699028969 0 10.7879171743989 3.661612406373024 3.921857893466949 0.7082009166479111 1.125138089060783 39.41303089261055 4.707084566354752 0 0.1169570088386536 0 0.164843887090683 0.2521713823080063 0 0 0 124.8831624239683 4.140524223446846 0 0 0.2927978038787842 15.09008647501469 0.2939035892486572 5.483514249324799 6.695961594581604 8.118873931467533 14.05563223361969 2.379738628864288 2.9780353307724 0 0.08299942314624786 0.1165023148059845 0 0.1148354709148407 0 0 0 42.00583752989769 87.16511573642492 127.7752218768001 393.4935363680124 16.96082799136639 575.1979201510549 180.1308050900698 119.8873642086983 105.8639533147216 10.43942341953516 56.59129621088505 53.53465691208839 2.033146053552628 46.66328129917383 25.34673917293549 30.14201943576336 3.595025718212128 0.2665412053465843 2.267164766788483 15.7794079631567 1.186404287815094 296.043819218874 82.09149045497179
4.036388084292412 601.2848732993007 2600.635498777032 1.01463083922863 915.3354579955339 0.9134004414081573 22.34190684556961 887.8435574620962 237.7950471639633 2.324473217129707 1164.363117352128 7.343497216701508 91.80816404521465 555.0036150440574 48.43305107206106 5.227756902575493 0.9867329373955727 0.5510820373892784 0 8.698263294994831 16.40798541903496 3.995061829686165 21.88955448567867 11.06335016340017 12.9942017942667 3.151691965758801 9.798988424241543 0.8118998408317566 0.5424293428659439 1.077076658606529 622.9763634577394 1647.692895017564 131.3043076694012 4.577559739351273 8.383371934294701 5.48972138017416 26.54215414077044 16.62033330649137 8.967622376978397 5.837041579186916 2.562599465250969 4.000336386263371 5.286595486104488 2.392190620303154 0.1338240653276443 2.925772294402122 187.5767049267888 2.218382552266121 0.213395819067955 2.020633466541767 12.6734189838171 7.053457617759705 0.9714025929570198 1.741128750145435 1.35638502240181 1.678304582834244 10.88057878613472 20.49217268079519 13.57861708849669 18.14024972915649 41.27356168627739 73.06128326803446 1.176001124083996 186.3856539651752 1.640049077570438 3.093037255108356 0.9729930683970451 7.237935461103916 15.81510204821825 2.500798970460892 20.53146514296532 4.176150009036064 0.1683880984783173 82.52043405175209 77.81455829739571 152.9625088050961 85.03407779335976 56.75563077628613 279.8594056516886 1232.160939723253 104.9643794074655 788.7823503613472 6.70789548009634 0.1102075949311256 2.237221024930477 3.013174332678318 4.507865414023399 0 5.419090107083321 0.8509292900562286 8.73431384563446 4.430080085992813 12.61423302441835 5.332006551325321 5.615508131682873 2.28681905567646 4.602602981030941 0.2339552342891693 8.088820941746235 1.582162790000439 0 0 3.094316050410271 1.247082591056824 0.1916331201791763 29.58710621297359 0 16.95730626583099 17.93399243056774 5.592709168791771 1.77919502556324 13.56963846087456 16.83999710530043 7.732836186885834 5.758845016360283 3.253306612372398 4.546211510896683 0 0 0 0 0 0.3787471204996109 0 0 0 0 0 0.1700329035520554 0 0.1421036571264267 0.1544440984725952 0.4958717077970505 0 0 0.5491699054837227 0 1.510590419173241 0 12.39127077162266 0 28.92253428697586 6.653461523354053 1.254155151546001 0 0 0 0 3.411590419709682 0.2733641117811203 0.5126323103904724 0.1129552647471428 1.75830066204071 0 0.1181933283805847 0.1310330629348755 0.2568024843931198 0.289143443107605 0 0 0 0 0.1895360052585602 0 1.194649502635002 0.72746641933918 9.428319722414017 0.8904637098312378 0 0 0 0 0 0.1221361681818962 0 0 15.5180379152298 0.8855218887329102 0.1524797081947327 0.5237073749303818 0.1198306307196617 3.960260927677155 0 0 0.7225381955504417 1.655472919344902 1.474021226167679 0.2748628258705139 1.360911644995213 0.4573952257633209 0 0 0 0.4251528158783913 0.3644224479794502 0 1.952564120292664 2.209939286112785 15.56929887086153 35.22923143953085 326.4466155022383 10.39648278057575 458.6358334496617 218.4368701204658 26.4846374168992 58.3713665753603 7.092544846236706 51.82291552424431 24.97662587463856 0 26.35512148588896 9.405145317316055 11.12420362234116 0 0 0.4672270864248276 17.23975199460983 0.8117600381374359 19.85976396501064 14.19606657326221
0.2675274610519409 447.1128523424268 218.8200366795063 0.1182054951786995 1920.036788672209 2.683509111404419 606.6477182358503 237.7950471639633 58.00129306316376 14.67114862799644 494.2049145698547 0 104.9202024638653 272.1536615937948 3.037498719990253 0.2720215022563934 0.2356831729412079 0 0 0 0 0 0 0 0 0 0 0 0 0 2.374712906777859 1.060632184147835 1.373274564743042 0 0 0 0 0 0.1513806283473969 0 0 0 0 0 0 0 17.18604405969381 0.1095947176218033 0 0 0.3527438044548035 0 0 0 0 0.2892170995473862 1.469898983836174 0.382889062166214 1.747540593147278 1.678956210613251 0 0 0 4.374116949737072 0.09894301742315292 0 0.179748997092247 0 0 0 2.16284567117691 0.9877147078514099 0 8.524883605539799 3.607019379734993 8.254776030778885 1.157546207308769 0 0 1.438272640109062 0 0 0.494146354496479 0 0.1052380129694939 0 0.4814032688736916 0 0.09355048090219498 0 0 0 0 0 0 0.4037600159645081 1.690014258027077 0 0.1933631300926208 0 0 0 0.2301137149333954 1.321693748235703 0 22.2429380863905 0 15.14190067350864 18.85904325544834 6.205597698688507 1.299480080604553 4.207411557435989 10.48296329379082 17.32403835654259 4.28964951634407 0.6673197150230408 1.682452484965324 0 0 0 0 0 0 0 0 0 0 0 0 0 0 0 0 0 1.310711026191711 0 0 0 0 9.661094531416893 0 8.417809769511223 1.667454764246941 0 0 0 0 0 0.1683787852525711 1.12767705321312 0 0.1230110600590706 0.2573263570666313 0 0 0 0 0 0 0 0 1.220215916633606 0.1703850030899048 0 0 0.414713978767395 13.08703349530697 0.5938500761985779 0 0 0 0 0 0 0 0 10.26868556439877 0.2175463736057281 0 0 0 0 0 0 0 1.294950775802135 1.151035897433758 0.1475235521793365 0 0 0 0 0 0 0 0 0 2.891049265861511 15.97738216072321 23.97059917449951 40.74132446199656 0.2226942181587219 46.93518342077732 25.43506133556366 2.206437960267067 7.037526711821556 0.3025883436203003 3.793352037668228 2.478900015354156 0 9.410847410559654 3.539982497692108 6.812325954437256 0 0 0.1629843264818192 3.701703652739525 1.267257213592529 3.360793799161911 3.009238973259926
748.6422073915601 495.2643084302545 18.33220711350441 767.8036837130785 66.0228977650404 387.3785057067871 1459.924979999661 2.324473217129707 14.67114862799644 1057.315630584955 39.2134517878294 855.4721892625093 5335.00996094197 278.4497692734003 5.530354306101799 1.109380833804607 0.2699980288743973 0.1413598507642746 0 0 0.1381434202194214 0 0 0 0 0.2414847537875175 0 0 0 0 38.25276447832584 0.2477787211537361 8.30687104165554 0 0 0 56.96298764646053 0 2.653614670038223 0.4239055588841438 0 0.1224421784281731 0 0 0 0 47.46620112657547 0.9661009162664413 0.2317550480365753 0 0.2776050120592117 0 0 0.1060315743088722 2.932198889553547 3.294053040444851 22.62757717072964 31.44411384314299 16.95506501942873 18.11928853392601 0.1221342086791992 0.308735579252243 0 10.21250245720148 1.456464476883411 1.259615011513233 0.1090046092867851 0.195038415491581 0 0 271.1311749666929 1.65586444735527 0 54.33022180199623 8.212384104728699 17.84651846438646 1.540946260094643 0.3044205978512764 0.6017007976770401 1.622848659753799 0 0.3242497071623802 6.29741658270359 0.1912986785173416 2.548340857028961 3.745112977921963 0.3051206097006798 0 0.3669365420937538 0 0.2757235690951347 0.1066402122378349 0.0869474858045578 0 0.3976506590843201 333.5496114641428 66.9997598528862 0 8.693439394235611 195.8339041396976 0.1358117014169693 25.57303147017956 5.834697231650352 18.88577230274677 0.9743407964706421 124.9481202960014 21.31679758429527 83.48791114985943 152.8422490805387 55.03564058244228 6.303243219852448 55.86481928825378 168.5145863294601 115.9439387172461 16.55902144312859 4.386014595627785 2.891483440995216 0.1447021514177322 0 0 0 0 0 0 0 0 0 0 0 0 0 0 0 0 0.1566709131002426 1.49517534673214 0 0 0 17.59766241908073 0 8.857621565461159 6.003250241279602 0.1347555220127106 0 0 0 0 4.221697062253952 0.5674675703048706 0 0.1115525811910629 0.9486677795648575 0.2724834084510803 0 0 0 0.3560651540756226 0.106467105448246 0 0 0.3422364816069603 1.055256009101868 2.720888674259186 0.4653138220310211 0 4.188385397195816 0.8619918674230576 0 0 0 0 0 0 0 0 53.63842302560806 0.5295749306678772 0.1614200919866562 0 0 1.611593276262283 0.160586416721344 0.4402244091033936 4.678114086389542 1.416699782013893 1.869561307132244 1.380734398961067 0.3314921110868454 0 0 0 0 0 0 0 0 67.05250205099583 26.60510945320129 26.57184579968452 122.714454382658 4.2525255382061 121.551588229835 42.94834995269775 173.9765217602253 18.90476054698229 0.6349338665604591 14.36430362612009 12.14321982860565 0 10.80655784904957 5.184337735176086 42.97962585091591 0.3035643398761749 0 0.1482105851173401 7.260650470852852 0 718.7157810851932 138.1755094528198
3.684638239443302 820.2720844745636 2037.420564956963 1.278076827526093 1507.847578465939 2.628909826278687 137.5220497474074 1164.363117352128 494.2049145698547 39.2134517878294 727.5944009646773 24.52947424352169 1160.477274872363 2423.499602109194 44.89229660481215 6.229934863746166 1.018250688910484 0.2529623210430145 0.124312549829483 0.5703671276569366 0.2516714185476303 3.385135166347027 2.508256122469902 0.8474131375551224 4.66186948120594 0.3967388048768044 2.541049763560295 0 0.4513255953788757 0.09460477530956268 166.8496721684933 339.8551697432995 115.7333803251386 0.09635329246520996 0.6441839262843132 3.400069892406464 71.01107202470303 14.98955684900284 14.155299089849 4.319587275385857 1.307015605270863 1.02710548043251 0.6788655444979668 0.5446290448307991 0.1734212934970856 0.3373030722141266 152.2319982647896 1.147260762751102 0.262321263551712 0.2371086627244949 3.766562826931477 3.402059212327003 1.268670193850994 0.6070465594530106 2.543574184179306 2.233172371983528 9.543427035212517 11.80418100953102 13.03154234588146 21.26851508021355 0.128569558262825 37.97898054867983 0 39.37425751239061 1.051485568284988 1.537123322486877 1.186907410621643 1.544220998883247 1.533577889204025 0.1469255387783051 40.25560584664345 4.010859720408916 0 68.62995653599501 50.18356504291296 129.6634866073728 28.7326685115695 5.454645968973637 2.76763891428709 197.605983927846 0.6969226971268654 11.75134804099798 6.157147757709026 0.4732472002506256 1.652211017906666 3.133406415581703 1.494680196046829 0.09995314478874207 0.7756571173667908 0 2.774606168270111 1.677970103919506 1.58852206915617 2.385798491537571 2.377903789281845 8.144262850284576 7.759631760418415 0 12.07392664253712 4.989869952201843 0 3.187705934047699 4.056288823485374 6.264567315578461 1.254712000489235 82.2641962915659 0 88.78359047323465 66.85390862822533 14.04175463318825 8.91808457672596 27.90119196474552 48.96252274513245 40.79611231386662 18.52360218763351 7.240112461149693 8.88177939504385 0.1132804080843925 0.3813944086432457 0 0 0 0 0 0.5062916278839111 0 0 0.1751012057065964 0 0.1882472410798073 0 0 0.401538759469986 0 0.8910859823226929 2.011859863996506 0 2.297672748565674 0.2097479104995728 35.5663350969553 1.959446161985397 51.44823009520769 17.07110042870045 3.11584809422493 0 0.2045543342828751 0.2941824495792389 0 9.864979967474937 2.755427181720734 0 0.2255568727850914 2.047664031386375 0.1137765273451805 0 0.1611533015966415 0.3745006322860718 0.7915748953819275 1.035112142562866 1.877776861190796 0.7513185515999794 1.486883223056793 0.6768381968140602 0.2929506748914719 2.38841138780117 0 13.95465540885925 2.007547125220299 1.138114683330059 0 0 0 0.1020657420158386 0.1293545216321945 0 0 48.1392687484622 2.220111355185509 0 0 0.6070262789726257 4.787167757749557 1.307698681950569 3.019463419914246 9.851749323308468 7.316543594002724 6.77439733594656 1.937787987291813 2.345019057393074 0.09919244796037674 0 0 0 0.2072378993034363 0.323771134018898 0 0 7.85668221116066 58.16933736205101 77.49417862296104 484.5543333813548 18.77351881563663 451.2839248627424 222.8734355047345 28.59583789855242 60.25484909117222 7.316925019025803 72.58059241622686 47.87567796558142 0.6678197979927063 35.43624117225409 13.51364355534315 9.973196133971214 3.849074855446815 0 2.156569585204124 32.88954919576645 1.390174150466919 19.65674647688866 28.74249052256346
53.68135039508343 7.644878745079041 0.4405353218317032 258.445261657238 0.338912308216095 171.5274069607258 55.22006769478321 7.343497216701508 0 855.4721892625093 24.52947424352169 68.33300860226154 275.035601079464 61.10546909272671 12.13098746538162 3.750081598758698 0.2809546291828156 0 0.2335034981369972 0.3179949223995209 0 1.140793412923813 0 0.08631640672683716 0.1117628365755081 0 0.3983112797141075 0.09351561218500137 0.1265558451414108 0 0.1239749863743782 0.3660593032836914 25.29090644419193 0.1094073280692101 0 0.4699400067329407 47.64784560352564 5.370009899139404 7.762087382376194 1.567034006118774 0.193315789103508 0.1021948903799057 0 0.4661853015422821 0 0.8720224797725677 16.00383862107992 0.09036639332771301 0 0.1208508238196373 0.5220698118209839 1.700767248868942 0.2129301279783249 0.5827381536364555 0 0 1.757693111896515 0.6501790210604668 0.6419025585055351 0.9140772819519043 0.1790299266576767 3.924040198326111 0 5.097381487488747 0.2023495584726334 0 0 0.1238965690135956 0.2342360317707062 0 90.98144648969173 5.465223342180252 0 6.065722249448299 8.821200780570507 24.09822354465723 9.191700294613838 3.197476446628571 0.2664942964911461 16.27815322577953 0.3421295285224915 0.923542857170105 0.2312573492527008 0 0.1938507258892059 0.1012460440397263 0.3341399878263474 0.5334744676947594 0.333601176738739 0.109569251537323 1.137852996587753 0.5911651849746704 0.12950399518013 0 0.7628142684698105 648.5143902599812 33.06324297189713 0.1728578805923462 11.32082218676805 46.29947040975094 0 7.231085255742073 5.857361748814583 11.46020312607288 4.701956361532211 173.0886255949736 39.27502164244652 141.2369325384498 186.4773389846087 103.4983723759651 4.377975478768349 86.37812506407499 178.1922225654125 155.122507289052 36.88429459184408 3.848279245197773 5.906283922493458 0.3134961724281311 0 0.1511159837245941 0 0 0.1303565800189972 0 0 0 0 0.5381769984960556 0 0.2251836508512497 0.1204847171902657 0 0.1454264670610428 0 0.1666190624237061 1.237998262047768 0 0 0.3454797863960266 17.79360619187355 0.2744648158550262 11.68604066967964 7.184336602687836 0.8066558539867401 0 0 0 0.123762384057045 6.266171850264072 2.401601284742355 0 0.234358012676239 2.889124721288681 0 0.3018946349620819 0 0 0 0 0 0 0.2089849561452866 2.557914741337299 1.43735383450985 1.330902844667435 2.280202686786652 6.302627116441727 0.9348563626408577 0.150514081120491 0.09323562681674957 0 0.1235787495970726 0.1134147420525551 0.1143740490078926 0 0.119009792804718 97.40476262569427 0.1838016510009766 0.136666551232338 0.1106316074728966 0.3220460712909698 9.182972729206085 0.4134884476661682 3.353005051612854 1.865099892020226 3.530967429280281 5.302262745797634 1.35069827735424 0.7587364763021469 0 0 0 0 0.8427942842245102 0.3402872532606125 0 0 90.04645776003599 49.87507759779692 34.95342615246773 220.223256342113 4.422135546803474 53.69411037862301 49.00490366667509 26.82913941890001 3.454688102006912 0.2768244221806526 22.5053386092186 15.27699522674084 0.417872428894043 18.55886771529913 8.031538836658001 18.60858035087585 0.184885248541832 0 1.24654308706522 11.17094673216343 0 341.1410766020417 121.8347867354751
39.27073408663273 690.7615573778749 105.9944299533963 468.2697644233704 236.0344980582595 147.9607825055718 4054.888244912028 91.80816404521465 104.9202024638653 5335.00996094197 1160.477274872363 275.035601079464 1677.882616490126 2653.636728659272 69.22006959468126 18.50576827675104 1.273323625326157 0.2400659695267677 0.24245785176754 0.2747716307640076 0.3064269721508026 8.741775780916214 0.2216767072677612 0.7002184018492699 3.617582142353058 0.2107934951782227 1.113154798746109 0.4053227603435516 0.7940548583865166 0.08661966770887375 8.1319894567132 2.150810040533543 577.7116639837623 0.6462525576353073 0.1196262091398239 3.237885855138302 635.2588146403432 76.92954873293638 60.90727592259645 12.74072154611349 0.1952569037675858 1.212898872792721 0.2652274742722511 3.22667221724987 0.6817031800746918 1.538878366351128 110.6987568214536 0.7927040085196495 0.3842911794781685 0.3271693289279938 3.134516850113869 4.349962681531906 6.157797954976559 2.341203913092613 0.5394428670406342 0.7088858634233475 6.07115863263607 6.717769667506218 6.132798202335835 8.166068591177464 0.6052974537014961 73.02952942252159 0.336810901761055 33.41356624662876 0.3793880045413971 0.2981984689831734 1.344218537211418 1.23770759999752 0.617658905684948 0 250.2068300396204 14.05480843782425 0.1043933033943176 40.39153438061476 49.70278862863779 143.842573441565 54.50927832722664 12.26045796275139 0.428105428814888 219.3859571367502 1.819785468280315 21.75709130614996 2.016296900808811 0.4264302998781204 1.192828424274921 1.222801312804222 0.626911036670208 0 2.058288462460041 0.2012902423739433 6.461404196918011 6.280358240008354 0.7083622366189957 1.851582050323486 6.466828227043152 1096.34255746007 39.6765950396657 2.537483409047127 42.30451199412346 64.16888873279095 1.155902147293091 40.01006209850311 16.0004013851285 23.14846268296242 4.789882965385914 464.656614266336 35.1962011307478 387.7995472103357 502.1575243547559 125.587091460824 22.48508067429066 196.3268176913261 403.8739144653082 348.3266115635633 78.28736240416765 15.9221114590764 20.52645201981068 0.9449781700968742 0.5044408887624741 0 0 0 0 0 0 0 0 0.5375933274626732 0 0.1078223511576653 0 1.116403609514236 0.7078425139188766 0 0.2826000899076462 3.086265787482262 0 0 1.911239504814148 76.15854381024837 0.8720269054174423 73.2518221065402 16.57907703518867 5.980265185236931 0 0.4351001977920532 0 0.1392944604158401 19.78860360383987 5.901612259447575 0 4.94272568076849 11.66575276106596 0.1534704715013504 0.09092993289232254 0.2757600545883179 0.7275348901748657 0 0 2.025693565607071 0.9621476009488106 4.160294994711876 5.140138223767281 5.722297310829163 5.555894732475281 1.042900159955025 49.19645383954048 3.432727821171284 0.3535660728812218 0.5078452602028847 0 0 0 0.2946425378322601 0 0 245.6352522298694 6.13841786980629 0 0.129092738032341 0.4124023392796516 24.4512622654438 5.26329205930233 4.237164333462715 12.24125587195158 14.39020599424839 22.26096450537443 5.149900794029236 5.215028285980225 0.3460424095392227 0.1504997611045837 0.2694741040468216 0 1.898504249751568 1.093085817992687 0.1299690157175064 0.2878742516040802 160.2862463966012 178.2434085160494 137.726211167872 908.5085733383894 21.29341708868742 392.2419492453337 300.154911339283 54.70690099895 36.61611215770245 5.358688361942768 102.8403065800667 75.14353732019663 0 83.81717753410339 34.02766165137291 70.9728464782238 7.141817808151245 0 8.793937116861343 34.60762103646994 2.604455396533012 427.3356427177787 225.667953632772
15.45632451027632 1537.747262500226 1384.706697136164 39.71905833482742 2344.185146652162 20.16637001931667 896.8926777243614 555.0036150440574 272.1536615937948 278.4497692734003 2423.499602109194 61.10546909272671 2653.636728659272 1409.784543827176 49.86170859634876 10.48809559643269 2.189694859087467 0.224570706486702 0 0.1961999833583832 0.2981792986392975 6.140611410140991 0.6239405870437622 1.205917857587337 4.739708974957466 0.1231201738119125 2.733104899525642 0.1452925056219101 0.8331603780388832 0.09506579488515854 83.05178229510784 44.32685133069754 588.1930820792913 0.312974825501442 0.2418268769979477 3.204978212714195 493.1099947392941 58.23716229945421 48.5718671604991 9.743758380413055 0.1376110911369324 0.3943092152476311 0.117423988878727 1.561731860041618 0.5785243287682533 1.975427716970444 107.7294165864587 0.1052864417433739 0 0.4784996882081032 2.871983796358109 6.030743882060051 3.084178678691387 1.985476799309254 1.199705325067043 1.480097591876984 7.01224847137928 6.195026583969593 8.888632990419865 8.520894594490528 1.205442234873772 85.59057900309563 0 27.11621046811342 0.8657959178090096 0.7754756659269333 1.119305171072483 0.4541108906269073 0.8269584402441978 0 131.1368064880371 15.15964660048485 0 43.34276073426008 42.23451720923185 121.1271221712232 31.76018094271421 9.225812464952469 1.040084004402161 254.2250287085772 1.370545908808708 21.08326934278011 3.016348995268345 0.4901664853096008 0.9499157071113586 2.003435872495174 0.8772040754556656 0 1.821045055985451 0.3373354971408844 4.696398727595806 3.71232021600008 1.191655084490776 2.629795327782631 4.748851865530014 101.8835093677044 19.47106915712357 0.2873751074075699 40.9731053635478 20.3702210560441 0 19.1741064786911 11.13737836480141 12.51677477359772 1.980108246207237 181.3612254858017 4.896542951464653 168.369422338903 192.7063883543015 29.45642159879208 17.62480334937572 81.21968778222799 134.7242508903146 111.558396935463 39.66312519460917 14.30499766021967 12.35789133608341 0.2727402299642563 0.6235968098044395 0 0 0 0.3766648769378662 0 0 0 0.119062677025795 0.4787367582321167 0 0 0 0 0 0 0.2548494935035706 1.627282202243805 0 0 0.1685261577367783 49.66215229779482 0 57.0522987768054 16.33295015990734 7.469638332724571 0 0 0 0 9.674061976373196 1.672300308942795 0 0.7392265275120735 10.33176080882549 0 0 0 0.1561280936002731 0.5724292546510696 0.1027389615774155 0.1157938167452812 0 7.76731812953949 2.398605674505234 0.2975828349590302 1.591061174869537 1.328879311680794 23.496676877141 2.45192751288414 1.539739176630974 2.402672462165356 0 0 0.2297908365726471 0 0 0.08018707484006882 105.7600623741746 4.974870875477791 0 0.4656575620174408 0 11.65438325703144 3.206218928098679 3.156468704342842 9.838667042553425 9.236579313874245 13.15876675397158 3.040157832205296 4.697393663227558 0 0 0 0 0.4763214066624641 0 0.1640671193599701 0 37.72141097486019 92.35548663884401 110.023141220212 576.8968899026513 16.41130485385656 349.548840790987 229.0601277947426 33.82031634449959 45.95922631770372 13.7580195069313 68.81183387339115 47.13345202058554 0.5710780322551727 60.70315715670586 17.63685527443886 32.14215186238289 4.591028608381748 0 4.341729626059532 25.70521678775549 0.8580411672592163 87.16730802506208 59.0124928355217
