21.73363484442234 2326.575737975538 716.111308068037 1000.996290236712 51.04286777228117 44.6550135165453 433.9369605183601 223.1523449867964 13.40292429924011 678.2892840653658 86.51933322846889 108.1052192747593 112.5920816808939 139.4823006093502 2.565058574080467 1.133692353963852 0 0.08294742554426193 0 0.1050429791212082 0.4112568944692612 0 1.055044285953045 1.254753619432449 0.4956256523728371 0 0.6226933225989342 0 0.1275270581245422 0.5044891238212585 416.7573213800788 85.39585311710835 9.125370793044567 0.2476088479161263 0.3171725124120712 0.5283123925328255 1.786266028881073 0.2511827573180199 0.09284833818674088 0 0.3579156547784805 0.09165073186159134 0.5769028812646866 0 0.1281264275312424 0 11.06417660415173 0.4168760478496552 0 0.3521392941474915 0.3257817104458809 0.2761301398277283 0 0 0.8747872784733772 3.547834441065788 58.41132845729589 380.7612977996469 15.89128736406565 10.28591854870319 0.1302720010280609 0.7614599764347076 0 23.16694792360067 2.09129786491394 1.704166494309902 0.7784640416502953 0.8546628430485725 0.288692481815815 1.478479512035847 12.88551564514637 8.256181076169014 0.4396953880786896 63.25337658822536 22.41684053838253 14.69149173051119 4.742971800267696 0.6995526701211929 19.02973023802042 57.87410366535187 0 5.48625124245882 5.556270904839039 0.09210134297609329 0.7088390961289406 1.161481693387032 0.5636082291603088 0.1256124228239059 1.18373966217041 0 0.1040367037057877 0.1300691068172455 1.100586593151093 0.3499819487333298 0.4527638033032417 25.56054607778788 17.47728681564331 0.189940944314003 1.152624189853668 598.585862480104 0 5.415821135044098 2.297643348574638 0.4505711495876312 0.7252683117985725 1.559221476316452 10.16971176117659 2.622254610061646 87.1816551014781 9.771245226264 2.13766086101532 9.196089051663876 7.105555303394794 1.867088533937931 3.544047944247723 0 0 0 0 0 0 0 0 0 0 0 0 0 0 0 0 0 0 0 0.6224014163017273 2.981691345572472 0 1.759925484657288 0 1.00158229470253 0 0.2601069957017899 0.0930175855755806 0.5067364573478699 0 0 0 0 0 0 0 0 0 0 0 0 0 0 0.126613050699234 0 0 0 0 0.4093931019306183 0 0 3.18910988420248 0 0 0 0 0 0 0 0 0 4.243357576429844 0 0 0 0 1.271564424037933 0 0.555131196975708 0 0.4745589941740036 0 0 0 0 0 0 0 0.10518728941679 0 0.1217679530382156 0 2.305216059088707 0.2330808788537979 1.116975516080856 168.4664291515946 3.024355955421925 30.5755802989006 7.272074162960052 330.948646388948 5.855403698980808 2.290829733014107 3.06283513456583 28.26727927476168 0 1.132826112210751 0 62.05677872896194 0 0 0 0.6192861273884773 0 310.1915045380592 26.41596508026123
2326.575737975538 2284.791750341654 1149.080254741013 1161.019099235535 1056.039492160082 139.5731914639473 2786.030035227537 820.7578833401203 801.8772479519248 837.4838261827826 616.3514372482896 83.72476048767567 755.6056967154145 1265.672060877085 37.19281721115112 5.69151259958744 0.2164783403277397 0.5063413828611374 0.2308142781257629 0.8092063516378403 0.5077322572469711 0.2428143918514252 1.043595649302006 0.6818452179431915 0.957933284342289 0 1.143991686403751 0.2166654318571091 0.0893731489777565 0.1455155313014984 1200.107571639121 47.55285774171352 24.01881116628647 0.7362190932035446 0.8971269130706787 0.7340222150087357 3.332124769687653 1.144719257950783 0.9732751399278641 0.242551863193512 1.302544735372066 1.190950833261013 1.211879398673773 0.4863666296005249 0.4482783153653145 0 126.9030399098992 4.915046446025372 0.4187381640076637 1.000846311450005 3.166918575763702 0.268990620970726 0 0 3.473641753196716 20.60759556293488 145.0986949130893 679.9810011312366 65.56652278453112 81.00856315344572 0.574312798678875 2.38384585082531 0.09538284689188004 202.0598314926028 7.734278455376625 13.94463058561087 6.314114078879356 6.021311096847057 1.594302587211132 3.432615615427494 7.241747371852398 0.09808610379695892 0.2292900010943413 277.9506383091211 317.8549204841256 235.5713252127171 91.99737707525492 2.876923590898514 12.12979409843683 184.3547628447413 1.060208089649677 6.891774393618107 25.70800530910492 1.026207059621811 7.359316423535347 10.78258264809847 2.327970210462809 0.6654839590191841 3.601877197623253 0 1.409486122429371 0.0776670053601265 2.608935214579105 1.45268353074789 0.7669435814023018 12.40238875150681 2.689637586474419 0 2.131471276283264 1091.251254975796 0 4.320961713790894 2.903214491903782 0.6235229521989822 1.005285128951073 3.870108172297478 6.738027483224869 3.164335533976555 26.58556820452213 9.683593526482582 2.935422867536545 6.690967999398708 7.539929807186127 2.920441970229149 4.484528802335262 0.09890055656433105 0 0 0 0 0 0 0 0 0 0 0 0.09963404387235641 0 0 0.1251851469278336 0.1425488889217377 0.1160005778074265 0 0.4797625094652176 6.653248392045498 0 0.2506757825613022 0 1.013610765337944 0 1.323448494076729 1.096615456044674 0.2880601361393929 0 0 0 0 0.145429790019989 0 0 0 0 0 0 0 0.4455926939845085 0.08956298977136612 0.5881562083959579 0.5104096531867981 0.4696478620171547 0 0.09126956015825272 0.3336707949638367 0 0.3899433016777039 5.195025622844696 0 0 0 0 0 0 0 0 0 7.283431798219681 0.5322637856006622 0 0 0.09892841428518295 6.400707386434078 0 0.8497404679656029 0 0.2820336222648621 0 0 0.2343315482139587 0 0.4380823448300362 0.1184459328651428 0 0.1836189404129982 0 0 0.1020045056939125 3.300360403954983 2.333552733063698 3.491383127868176 226.1613041833043 17.86880597472191 251.3997246921062 31.79018283635378 467.5990363955498 34.43510762602091 1.854385510087013 8.421295963227749 12.05607783794403 0 0 0 35.92641682177782 0 0 0.1212674304842949 8.454188711941242 0.1838795840740204 253.2064183279872 25.83238299190998
716.111308068037 1149.080254741013 1012.630331113935 56.92798142880201 339.9931909218431 7.262288868427277 125.3535120487213 4352.000813983381 276.9669730290771 33.25528252124786 1117.393281921744 17.1807711943984 269.3827989548445 1126.002444542944 25.72971998155117 7.39683822542429 0.3730058297514915 3.108241632580757 0 6.875535398721695 9.335968591272831 0.1995199024677277 22.61967957019806 7.667897127568722 6.261401951313019 0.4836410880088806 3.35207936167717 0.2952021956443787 0 0.2002872377634048 3146.085900165141 292.9187056496739 62.44077204912901 6.690980091691017 11.63837200403214 2.55372791737318 5.436029829084873 2.232282541692257 1.469873234629631 0.9194368273019791 4.971496649086475 6.607735097408295 11.4040288105607 1.466114781796932 2.434306189417839 0.8095401749014854 79.82543739676476 2.299209930002689 1.675973236560822 6.440836369991302 1.685191228985786 0.6950178146362305 0 0.8122808337211609 1.680742256343365 8.88521795719862 81.34728099405766 478.4934890493751 33.04734136909246 41.20313389599323 2.767110869288445 2.987423323094845 1.51771254837513 387.2878336384892 2.861725628376007 6.46401672065258 3.04360319674015 6.050702467560768 7.914085447788239 51.97735716402531 8.864545747637749 4.866798892617226 0.09276716411113739 152.6255762577057 220.7426655441523 148.3692928031087 84.95317952334881 3.960993520915508 190.4167075827718 761.9135748893023 2.627381511032581 51.74374101310968 14.8232375010848 0.08141332864761353 2.850129872560501 6.545243926346302 1.74387863278389 0.1725007295608521 2.774791367352009 0.09576274454593658 0.8082803562283516 0.4087928608059883 24.21320810168982 7.435980871319771 3.799859941005707 14.10102337598801 3.397758774459362 0 1.546092957258224 226.2979777082801 0 0.5585806667804718 0 0 0.2929719984531403 1.215473428368568 0.4255504906177521 1.482054106891155 1.617848828434944 1.066664062440395 2.320368431508541 2.834874019026756 2.741045974195004 1.53825931251049 2.727258063852787 0.1535315364599228 0.3195548355579376 0.08761817961931229 0.1074585616588593 0 0 0 0 0 0 0 0 0.9310569390654564 0 0 0 0.8712178021669388 0.2308420538902283 0.2311571091413498 0.1230204403400421 1.487351477146149 0.6094850078225136 4.103682205080986 0.6423161402344704 3.034806460142136 1.11733615398407 3.135250195860863 4.530159711837769 2.607889771461487 0 0 0 0 0.4734890162944794 0.917545273900032 0 0 0.124002993106842 0 0 0.257544219493866 2.500929333269596 0.3874959871172905 0.2276919111609459 0.09121828526258469 0.1177889332175255 0 0.3995515108108521 0 1.290717959403992 1.880025371909142 6.686686918139458 0 0 0 0 0 0 0 0.08984412252902985 0.100060373544693 9.216334775090218 2.3683977201581 0 0 0 4.856221280992031 0.300110250711441 1.224701650440693 0 0.39539435505867 0.4103203564882278 0 0.1526769697666168 0 0.6411944851279259 0.1139877364039421 0 0.2784654125571251 0.1424641907215118 0 0 3.853580839931965 3.536298952996731 4.484399929642677 120.9644893854856 7.492998898029327 140.7694198489189 21.19340188056231 60.78474596142769 14.76758489012718 2.397547461092472 5.599122755229473 3.247258938848972 0 0.468057744204998 0.7532727718353271 0.498269721865654 0 0 0.382310152053833 2.208703354001045 0 30.27952690422535 12.08523264527321
1000.996290236712 1161.019099235535 56.92798142880201 450.9599789977074 37.64072638005018 85.66824025660753 365.5279585570097 5.0491753667593 9.257114216685295 1900.338462054729 33.90212363004684 234.7176936268806 374.9354894682765 43.8794177621603 0.3030796721577644 0 0 0.08344054222106934 0 0 0 0 0 0 0 0 0 0 0 0 13.07326330989599 0.09481637924909592 1.968434408307076 0 0 0 0.1987132430076599 0 0 0 0 0 0.1142429932951927 0 0 0 0.9620597586035728 0 0 0 0 0 0 0 0 0.1964423060417175 5.734616130590439 24.32760743051767 1.619216926395893 1.490855842828751 0 0 0.0918019562959671 2.030444778501987 0.1941725015640259 0.2031898498535156 0.1444622576236725 0.5183162316679955 0.1336296200752258 0 0.2961456626653671 0 0 9.728251963853836 6.473428510129452 2.804221294820309 0.4157062098383904 0 0 1.359980389475822 0 0 0.6890339553356171 0 0.2826953083276749 0.345498614013195 0 0.08934570848941803 0.07428285479545593 0 0 0 0 0 0 2.34038782119751 0.823124885559082 0 0 230.1222694069147 0 0.6231368184089661 0.3085741251707077 1.024886727333069 0 25.57909007370472 1.080828815698624 1.586413979530334 106.4760000407696 10.44644849002361 2.246274024248123 54.38866241276264 38.3833087682724 35.20457874238491 2.621900737285614 0 0 0 0 0 0 0 0 0 0 0 0 0 0 0 0 0 0 0 0.4945218563079834 0.8450021147727966 0 0 0 2.487368240952492 0 0 0.1161631420254707 0 0 0 0 0 0 0 0 0 0 0 0 0 0 0 0 0 0 0 0 0 0 0 0.6617017835378647 0 0 0 0 0 0 0 0 0 2.786042273044586 0 0 0 0 0.3507439792156219 0 0 0 0 0 0 0 0 0 0 0 0 0 0 0 4.260031640529633 0.335243433713913 0 15.62087997794151 0 4.678287826478481 0.2614599987864494 232.7257206216455 0.7797694206237793 0.09684792160987854 0 6.387895226478577 0 0 0 7.643954306840897 0 0 0 0 0 99.99256851524115 6.516107738018036
51.04286777228117 1056.039492160082 339.9931909218431 37.64072638005018 2480.338123634458 1.998849906027317 1103.573355875909 339.69107285887 2721.253705710173 242.8323824927211 823.0009876936674 3.207808747887611 529.1685979664326 583.396923519671 18.85433480143547 2.447838865220547 0 0.1677230894565582 0 0 0 0 0.4075641632080078 0 0.1099744513630867 0 0 0.1296171247959137 0 0 140.436641998589 10.45708841085434 4.434695355594158 0.2158841416239738 0 0 1.26661804318428 0 0 0 0 0.145420178771019 0 0.382440060377121 0 0 86.58850331604481 1.970043666660786 0 0.09163610637187958 0.5075917169451714 0 0 0.1335754096508026 0.8946695700287819 3.683775939047337 16.09810023754835 76.16551443934441 9.905054740607738 27.31023758649826 0.09629475325345993 1.843637995421886 0 80.63958597183228 1.733969151973724 2.92790649086237 1.823538668453693 1.830579057335854 0.2147658243775368 0.7560746595263481 6.507430240511894 0 0 45.3370078727603 91.8322264701128 111.654563754797 67.33406906574965 1.690801814198494 0.4657244011759758 15.29563767462969 0.720332533121109 1.671418197453022 7.793148092925549 0.1865627467632294 1.898360319435596 2.735351577401161 0.7912206128239632 0.0888955295085907 2.106365412473679 0.1009952425956726 0.215673953294754 0.1871883720159531 0.2139793187379837 0.6024438291788101 0 9.137095123529434 4.420463293790817 0 0.4596548676490784 31.90734182298183 0 0.6752040982246399 0.5728972032666206 0 1.663509160280228 1.816134765744209 3.681778326630592 2.340346679091454 2.901322856545448 3.09053136408329 1.100171253085136 2.460789620876312 4.088560916483402 1.85080523788929 2.253325060009956 0.1170329302549362 0 0 0 0 0 0 0 0 0 0 0 0 0 0 0 0 0 0 0.5440777242183685 1.609046816825867 0 0.2301583737134933 0.1100803911685944 2.821900896728039 0 1.157112166285515 0.9819500744342804 0 0 0 0 0 0 0 0 0 0 0 0 0 0 0.4589569270610809 0.1026140600442886 0 0.1220045015215874 0 0 0.2545143365859985 0 0 3.101220741868019 1.218559265136719 0 0 0 0 0 0 0 0 8.591469302773476 0 0 0 0.1845762133598328 3.107817694544792 0 0.5889386236667633 0 0 0 0 0 0 0.2365725114941597 0 0 0 0 0 0 1.568611159920692 1.689267553389072 0.7068075686693192 145.5841478332877 7.935423269867897 136.286003164947 12.84644361585379 32.92764146625996 17.15299995988607 0.8695169389247894 7.047675967216492 2.590932533144951 0 0.6881980895996094 0 7.636899724602699 0.1123088523745537 0 0 2.625685386359692 0 31.46408156305552 10.23532523959875
44.6550135165453 139.5731914639473 7.262288868427277 85.66824025660753 1.998849906027317 0 37.78348769247532 2.444537736475468 1.813411600887775 198.620166040957 2.459155365824699 20.12048743665218 19.02891890704632 16.63468877226114 0.2204578965902328 0.7879700064659119 0 0 0 0 0 0.1447438597679138 0 0 0 0 0 0 0 0 6.55693444609642 0 9.625519469380379 0 0 0.3382544815540314 7.925576284527779 1.505062729120255 1.386130899190903 0 0 0 0 0.4117627441883087 0 0.143425390124321 0.4998816475272179 0 0 0 0.2194120213389397 2.683762304484844 0.7783515304327011 0 0 0.6148186177015305 66.26231190562248 12.72416720539331 1.003584071993828 0.3201562911272049 0 6.770670160651207 0 0.1636054515838623 0 0 0.3354425132274628 0.131640687584877 0 0.09706702828407288 65.31490042805672 340.7319486439228 14.19333358854055 1.19869577139616 0.2166812121868134 0.1628561168909073 0.1018805652856827 0 0 2.870329767465591 0 1.047525689005852 0.225284568965435 1.02483919262886 0 0.2277271002531052 0 1.265288718044758 1.273337498307228 7.672764390707016 1.289358250796795 2.185511127114296 0.865726962685585 0.4179078191518784 0.3383582830429077 460.1099995672703 291.3291061371565 35.03176745772362 12.84019715338945 204.3650959432125 0 1.574119091033936 0 0 0 0.5562079399824142 0.8236138969659805 0.409627765417099 3.842078045010567 1.731294706463814 0.1332952529191971 2.044705182313919 1.502622753381729 0.829212412238121 1.200641661882401 0.1480955481529236 0 0 0 0 0.5413194894790649 0 0.4399588704109192 0 0 0 0 0 0 0 0 0 0.3834857195615768 0 0 0.6823141500353813 0.4844928085803986 0 0 0.4832776933908463 0 0.7821677327156067 0.1188669875264168 0.1216793060302734 0 0 0 0 0 0 0 0 0 0 0 0 0.593672901391983 0.1111621260643005 0 0 0 0 0 0 0 0 0 0 0 0 0 0 0 0 0 0 0.704550176858902 0.8103582113981247 0 0 0 0.4229263365268707 0 0 0 0 0 0 0 0 0 0 0 0 0 0 0 0.3169733136892319 0.6573877334594727 0.8852057978510857 13.29831589758396 0.8078842163085938 2.739518731832504 0 50.30128154158592 0.3518266379833221 0 0 9.399131059646606 0 0 0 13.2754720300436 0 0 0 0 0 66.93315840512514 13.52591676265001
433.9369605183601 2786.030035227537 125.3535120487213 365.5279585570097 1103.573355875909 37.78348769247532 177.3496089056134 34.64214941114187 1192.053240552545 1496.325868137181 198.1152399107814 17.24195930361748 930.3964503705502 1640.613435059786 35.1739900931716 4.196825295686722 0.1800061538815498 0.4584457650780678 0.1646945178508759 0.4625247940421104 0 0 0.0870148167014122 0.6196453869342804 0.8003997355699539 0 0.08138232678174973 0.2157603725790977 0 0 197.9713883399963 13.1900393217802 7.52226510643959 0.4367654994130135 0.1000427082180977 0.4899098947644234 1.407165870070457 0.1593142598867416 0.2417947873473167 0.3477662354707718 0.1289059221744537 0 0.3501548767089844 0.5053436085581779 0.2401703894138336 0.1073629260063171 139.2459195703268 4.055641628801823 0.1873687952756882 0.1363968476653099 0.7691445052623749 0 0 0 1.054841727018356 8.961465813219547 43.23741320520639 188.4392695501447 23.19705272465944 47.14440326392651 0.08872075378894806 2.179584115743637 0 111.2501957416534 4.419532388448715 7.201713383197784 2.746394000947475 4.419820934534073 0.8105600327253342 1.460751563310623 23.03591557592154 0.8059922754764557 0 105.437377512455 179.1762885525823 190.9952742233872 89.19885434955359 2.273299239575863 1.726316228508949 4.061121977865696 0.1923543810844421 4.424816593527794 15.00766742229462 0.1993548348546028 3.571651674807072 5.966925323009491 1.146953150629997 0.3628381937742233 2.234358832240105 0 1.360880568623543 0.08593578636646271 1.182255901396275 1.034759849309921 0.420358695089817 48.73860441893339 11.93595864623785 0.133609339594841 0.482036754488945 170.3829896897078 0 7.0718042999506 5.313584461808205 0.7166418209671974 1.7965197712183 15.41857920587063 5.032608419656754 28.93876492977142 27.90157125890255 14.7874148786068 8.09744269400835 92.34929388016462 64.35887329280376 17.97602347284555 8.518588297069073 0.2353216782212257 0 0 0 0 0 0 0 0.1347675025463104 0 0 0 0 0 0 0 0 0 0 1.856956586241722 10.11995461583138 0 0 0 6.949785687029362 0.4897035956382751 4.952332980930805 1.097500011324883 0 0 0 0 0 0 0.408441960811615 0 0 0.2751268446445465 0 0 0 0.1100255846977234 0 0.2654381468892097 0 0 0 0.1004206165671349 0.4909871816635132 0 0 9.754794895648956 0.7726313173770905 0 0 0 0.1133888512849808 0 0 0 0 26.28418406844139 1.109121412038803 0 0 0 12.09269049018621 0 4.342308044433594 0.2889416217803955 0.5324221253395081 0 0 0.3542971312999725 0.1451360732316971 0.1118846014142036 0 0 0.1046511232852936 0 0 0.1355388760566711 11.30724580585957 6.250431291759014 8.002610482275486 285.4713779240847 13.86741011589766 239.365392409265 35.89101143926382 192.9156506508589 32.4010167196393 1.958347104489803 19.42276658862829 17.95793168246746 0.3437945693731308 1.805562689900398 0.1332418173551559 35.18628667294979 0.2251354902982712 0 2.010860964655876 6.788190312683582 0 170.6749529466033 32.42872856557369
223.1523449867964 820.7578833401203 4352.000813983381 5.0491753667593 339.69107285887 2.444537736475468 34.64214941114187 897.2516867518425 234.6773169413209 7.933780431747437 719.5178349167109 46.90233467519283 412.1683483719826 1286.587464280427 114.9161352515221 58.95126098394394 2.956427283585072 11.34374494850636 0.4355740621685982 48.99632140994072 52.98140895366669 0.2429490834474564 142.1780656427145 35.78781776130199 35.05572394281626 2.484796658158302 22.80957288295031 0.4354975819587708 1.47174459695816 1.852667912840843 1442.587480515242 1678.92651514709 157.1977415084839 50.84413921833038 82.38621849566698 22.91704639792442 48.46171170473099 8.32611933350563 9.125307112932205 8.143090113997459 20.23981054872274 29.78724256902933 45.44812156260014 8.955387935042381 13.84142007678747 9.736606061458588 239.5878289043903 3.528210334479809 2.348481804132462 20.71078588813543 4.685194082558155 1.770590253174305 0.4600774049758911 2.005273967981339 0.7501768991351128 6.43783013522625 33.97499127686024 190.4772005602717 18.37279442697763 40.18164765834808 64.19206377863884 33.29364360868931 33.82240840792656 329.8327065780759 2.509855754673481 7.817077286541462 2.692510508000851 7.70593186467886 22.52613086998463 235.6844354197383 41.58126717060804 6.598536655306816 0.420526459813118 83.1411454230547 187.0870727449656 301.5240193977952 349.8338320329785 143.321081854403 914.1190501525998 1074.329866401851 52.61400303989649 562.3333157524467 14.56334866583347 0.2895733118057251 3.440331354737282 5.225743927061558 4.961769208312035 0.1290052235126495 2.22447394579649 0.7412853464484215 2.933655828237534 1.665812149643898 101.9005738422275 23.09024511277676 11.30469808727503 31.80189480632544 7.914288081228733 0.1271577626466751 7.073317818343639 63.0144531801343 0.3162043020129204 1.742557711899281 3.321428351104259 0.1091247797012329 1.683752976357937 1.90375304967165 1.677561044692993 3.800617143511772 3.133909299969673 6.416581057012081 4.731307871639729 6.692439049482346 7.865431398153305 2.223548099398613 5.703605487942696 0.1084521934390068 0.1432703584432602 0 1.746052719652653 0 0 0.1114699617028236 0 0 0 0.3718064948916435 0 0.9670747444033623 0.6427160501480103 0.1015937179327011 0.1010840833187103 0.629204660654068 0.7626957967877388 0.09974043816328049 0.9363415092229843 5.514434196054935 0.3411440700292587 1.964682042598724 1.704956740140915 5.106182128190994 1.572584584355354 5.154265724122524 5.931107565760612 3.529161617159843 0 0.2837373539805412 0.140407383441925 0 0 0.545597605407238 0 0 0 0.1232410743832588 0 0.6707909032702446 3.961515054106712 1.44802675396204 0.3051350265741348 0 0.1022202670574188 0 0.2826756462454796 0 0.8961682543158531 4.560261465609074 10.99387200921774 0.1284935474395752 0 0.103202298283577 0 0.1763502955436707 0 0 0 0.7483559027314186 23.7647917792201 2.43003373593092 0.3883400559425354 0.1195451691746712 1.22323939204216 9.249126277863979 0 4.959660232067108 0 0.8024550676345825 0.3484129309654236 0 0 0.387661375105381 0.5088458210229874 0.112295001745224 0 0.1091379523277283 0.5394572541117668 0.4570461362600327 0.2542506903409958 9.110450647771358 11.051255017519 9.800449512898922 513.0192847624421 20.65531551092863 360.6584558784962 69.02239605039358 53.58249697089195 34.62084054946899 3.117994301021099 25.44981905072927 9.858956173062325 0.1459356695413589 1.223826318979263 1.815091401338577 5.07286211848259 0 0 0.3486576825380325 16.81650622934103 0.2388929575681686 35.53813309967518 24.18399240076542
13.40292429924011 801.8772479519248 276.9669730290771 9.257114216685295 2721.253705710173 1.813411600887775 1192.053240552545 234.6773169413209 514.5927025750279 190.1816734150052 784.9109978601336 14.68262939155102 594.3677663728595 511.8816285431385 24.17973611503839 5.68783788383007 0.2128120586276054 0.193138599395752 0 0.09350761026144028 0.6571778655052185 0 0.8065252304077148 0.1320244073867798 0.3709158450365067 0 0.307856559753418 0.1170560494065285 0 0.1297372728586197 63.81816490739584 7.581174708902836 8.919897556304932 0.1273091435432434 0 0 1.228277415037155 0.1049687564373016 0.09116895496845245 0 0.9380171820521355 0.8540126606822014 0.2543431743979454 0.1131922379136086 0 0.09217261523008347 73.3910103738308 0.4343660771846771 0.3652245253324509 0.1298487186431885 0.6456985771656036 0.15958271920681 0 0 0.2219281792640686 2.492072939872742 4.278002582490444 20.69242747873068 6.026969365775585 15.67485085874796 0.06841641664505005 3.007057167589664 0.2971964478492737 28.53129135072231 1.103805035352707 2.70523876696825 0.6683951392769814 1.536668427288532 0.2876361608505249 2.103905133903027 20.30978407710791 0.4775581955909729 0 21.91388615965843 43.89268378913403 82.27158857136965 52.69147783517838 2.94589951634407 2.169847019016743 17.09988990426064 0 3.057962991297245 3.650658659636974 0.08563365042209625 0.7137152105569839 1.435154490172863 0.2836579084396362 0.09674686938524246 0.7196226865053177 0 0.185197226703167 0.0945030078291893 1.648818962275982 0.8125086650252342 0.5094210281968117 38.67462765425444 10.09994433820248 0 0.8937921673059464 9.952037207782269 0 2.293958008289337 1.965822160243988 0.5569208413362503 2.305906221270561 2.674338892102242 5.189367040991783 4.731362625956535 5.352416217327118 11.1600064188242 6.792266562581062 11.40297669172287 15.36851307749748 4.058231338858604 6.007456235587597 0.109423041343689 0 0 0 0 0 0.5910529494285583 0 0 0 0 0 0 0 0 0 0 0 0 1.165885403752327 11.86469016969204 0 1.183639168739319 0 5.438165254890919 0.3640738427639008 3.175181731581688 2.150204375386238 0.1131198182702065 0 0 0 0 0 0 0 0 0 0 0 0.4880499243736267 0 0.1178576722741127 0 0.3365667760372162 0 0 0.8279614299535751 0.5217118710279465 0.1989077478647232 1.845951110124588 8.595606878399849 0 0.4802738726139069 0.1242188289761543 0 0.09427704662084579 0 0 0 0 24.52217418700457 0.6982067823410034 0.7062357068061829 0 0.4319018423557281 7.025733307003975 0 4.036357805132866 0 0.2830170392990112 1.239373169839382 0.2529829740524292 0 0.6439005434513092 0.1094046235084534 0 0 0 0.1578812450170517 0 0 9.890309073030949 5.201339155435562 8.516639217734337 196.0666668191552 5.690660178661346 118.9190163090825 17.85925032198429 24.49503314495087 13.72652287781239 1.127062611281872 11.41163053363562 7.650598540902138 0 1.062964394688606 0.8295722454786301 15.82437325268984 0 0 1.694497600197792 3.246992006897926 0.1455360054969788 42.64212208241224 20.21939839422703
678.2892840653658 837.4838261827826 33.25528252124786 1900.338462054729 242.8323824927211 198.620166040957 1496.325868137181 7.933780431747437 190.1816734150052 1128.631656847894 12.90677877515554 876.6635023206472 3018.30415956676 409.3152489215136 22.18868513405323 1.569985672831535 0.2651655822992325 0.1579626202583313 0.1023314893245697 0 0.1555759608745575 0 0.1809578388929367 0 0.4490770399570465 0 0 0.1261580139398575 0 0.1456030458211899 48.80900608748198 5.438838891685009 55.21864721924067 0.1214097440242767 0.1509418785572052 0 9.624566301703453 0.4710870236158371 1.292537838220596 0.1484979540109634 0.2531028240919113 0 0 0.09190815687179565 0.122156597673893 0.09114305675029755 82.41678884625435 2.132356829941273 0 0.1410092860460281 1.20293116569519 0 0.1347704827785492 0.2757215201854706 1.17997632175684 5.258787356317043 28.53143820166588 118.379760093987 12.28617794811726 31.77080573886633 0.1197530552744865 3.792282149195671 0 76.48798236250877 2.503659799695015 3.802435159683228 2.009194739162922 1.493049710988998 0.3544849529862404 0.1381475329399109 48.70554175972939 3.662316620349884 0 59.11501444876194 121.5265408977866 111.6718015596271 42.79128606617451 1.304580517113209 0.7894209325313568 5.358695149421692 0.3979508280754089 1.077770426869392 11.04779357463121 0.2662892788648605 2.505754500627518 4.493209488689899 0.3571324795484543 0 2.370159395039082 0.3251682817935944 0.4485563039779663 0.3886228203773499 0 0.2804243639111519 0.6576016247272491 208.3067409396172 45.47919625788927 0.2158799767494202 1.297618120908737 298.5353003367782 0.7203382328152657 27.38598497211933 33.37087423354387 70.11778132617474 21.22382905334234 54.24294321984053 62.69853281974792 91.79352293163538 222.5046914964914 122.1474512144923 46.49461461603642 193.105333827436 148.8427177518606 48.47941447794437 34.28434243798256 0.4454629495739937 0.3550484180450439 0 0 0 0 0 0.1279690563678741 0 0 0 0 0.2789571732282639 0 0 0 0 0.1337427496910095 0 4.725061357021332 48.40375562757254 0 0 0 19.14331510663033 1.911230608820915 10.87957135587931 1.399309158325195 0 0 0 0 0.1146901622414589 0 0.5710093677043915 0 0 1.298163026571274 0 0 0.3507943227887154 0 0 0.1051862165331841 0.5084232538938522 0 0.2725025117397308 1.422940857708454 2.695002108812332 0.4735304117202759 0 18.36917991936207 2.00981929898262 0 0.890838049352169 0 0.1075062677264214 0 0.1209013313055038 0 0.3374921083450317 84.37318940460682 0 0.1609351634979248 0.1125340312719345 0 46.137968942523 0.1442813128232956 9.128308810293674 0 1.235396236181259 0.3634018450975418 0.1505551189184189 0.1183344572782516 0 0.5382795333862305 0 0 0.1944819763302803 0 0 0 60.07155527174473 16.07476024329662 15.53153726458549 348.781868390739 8.392400361597538 159.4053580313921 24.61247600615025 404.1783098205924 23.98892912268639 1.079589799046516 13.47858862578869 91.94537515938282 1.485346928238869 4.2985710054636 2.715878129005432 283.3193695396185 1.276624873280525 0 3.37266643345356 9.17864466458559 0 1073.890524588525 286.4152296483517
86.51933322846889 616.3514372482896 1117.393281921744 33.90212363004684 823.0009876936674 2.459155365824699 198.1152399107814 719.5178349167109 784.9109978601336 12.90677877515554 325.6812898889184 32.61126965284348 1126.561774291098 1867.631464473903 36.49024035036564 15.73823248594999 0.9012893885374069 0.3350761905312538 0 1.259371317923069 2.446913823485374 0.7669527232646942 5.368764862418175 3.030036762356758 6.244509488344193 0.6702769100666046 3.851844750344753 0 0.4975551962852478 0.7529463618993759 161.4551618173718 12.94160253554583 97.52348628640175 0.5459029898047447 2.723828032612801 2.383270539343357 27.67272728681564 2.818420112133026 4.435386821627617 2.440356880426407 3.452719978988171 4.234881766140461 1.177106268703938 2.782238826155663 0.5864774361252785 0.2887721136212349 73.27109281718731 0.7864400446414948 0.6231629177927971 1.392690233886242 0.7782332897186279 0.2775644510984421 0.208038255572319 0.2587750852108002 0.3010923936963081 2.583981104195118 10.27260655909777 36.51065772771835 5.626424096524715 10.72522412985563 0.3002019971609116 8.180776342749596 0.1321006715297699 28.98338237404823 0.8166917115449905 1.079900503158569 0.7242600321769714 1.522083707153797 0.6615023091435432 13.99050815403461 36.1287434399128 2.871618136763573 0.2048479318618774 17.32155933976173 36.91462664306164 80.12273844331503 72.79343327879906 7.994785226881504 17.88619701564312 286.4463131129742 0.2486824095249176 22.21304697543383 3.013180740177631 0.1829401552677155 0.9584648013114929 1.5079355686903 0.9092771857976913 0.3676237463951111 0.6568101495504379 0 0.6228657141327858 0.5940555036067963 16.24592100828886 6.187335729598999 2.92964518815279 56.17842691391706 17.52545054256916 0 5.725405141711235 23.73836272209883 0.1281586289405823 2.686697751283646 0.9086218178272247 0 1.842284455895424 4.167746961116791 3.155921034514904 3.981528058648109 9.235380440950394 5.718490310013294 6.5661780834198 12.04044382274151 15.6699211075902 4.306700758635998 8.156909555196762 0.5209203660488129 0.2479748278856277 0 0 0 0.1450225412845612 0 0 0 0 0.2327708378434181 0 0.2567355334758759 0 0 0 0 0.206682525575161 0 0.731533408164978 11.44557174295187 0 0.9498822391033173 0.4297781214118004 6.143221765756607 1.79072017967701 4.708346948027611 2.201281413435936 0.4438625872135162 0 0 0 0 0 0.3543866872787476 0 0 0.2625743746757507 0 0 0 0.2310641333460808 0 0.1039857864379883 0 0.09730085730552673 0 0 0.1810175627470016 0 0.1087090447545052 9.030181363224983 0 0 0.1687480509281158 0 0 0 0 0.1135651394724846 0.103122778236866 33.53087831288576 0.5794841647148132 0 0 0.148571789264679 8.693717777729034 0 6.412520051002502 0 0.4534761160612106 0 0.1141548082232475 0.2839764803647995 0 0.1085767596960068 0 0.2102360427379608 0 0.1160653606057167 0.125067412853241 0 10.91540379077196 13.10441425442696 10.67244426906109 250.6714993268251 6.897335238754749 119.0299721732736 24.88540472835302 30.10795627534389 13.76406020671129 0.8202083483338356 17.19723225384951 7.578431382775307 0.5390197262167931 2.168426796793938 1.003713458776474 17.53279434889555 0 0 0 6.788570426404476 0.5175679177045822 40.01551830023527 25.38420483469963
108.1052192747593 83.72476048767567 17.1807711943984 234.7176936268806 3.207808747887611 20.12048743665218 17.24195930361748 46.90233467519283 14.68262939155102 876.6635023206472 32.61126965284348 40.22542375326157 909.8862696290016 268.1231896132231 10.21679110080004 3.699081495404243 0.1171779856085777 0.2238752767443657 0 0.1091892570257187 0.8152171969413757 1.054847553372383 0.9205938503146172 1.160942316055298 1.602525301277637 0 1.824331201612949 0.5829431116580963 0.5301691591739655 0.2023080587387085 10.19818180054426 3.175331071019173 148.3811490982771 0.4519347846508026 1.179188326001167 0.1325739920139313 344.9109249636531 6.137198619544506 13.61162500083447 2.521602310240269 2.242183603346348 3.289674609899521 0.664035476744175 0.8696272149682045 0.1420218050479889 0.3747506737709045 31.49386737495661 0.4531357288360596 0.1192158386111259 0.7249502837657928 0.3856714814901352 0.8467299267649651 1.300819635391235 0.2226737439632416 0.3621651157736778 0.7829457595944405 2.049691341817379 9.711686551570892 2.531450249254704 5.872053638100624 0 46.62689933925867 0.1570291519165039 11.45433238893747 0.3199804052710533 0.8164940401911736 0 0.538417287170887 0.6205389723181725 6.885966345667839 162.5408343598247 3.082398362457752 0.1081218793988228 9.78475184738636 16.17963743209839 28.37557093054056 22.25988985598087 1.150251917541027 1.051476001739502 33.90518102049828 0.3288779407739639 9.023207001388073 2.045824103057384 0.08654821664094925 0.641808807849884 0.8897031918168068 0.2154037281870842 0 0.7854922264814377 0.1375392228364944 0.6753754392266273 0.2559729367494583 8.092008985579014 3.884184598922729 3.247849322855473 307.9520301744342 54.15381127595901 0.5857317447662354 20.71353213489056 16.90867663919926 0.1549600213766098 7.387280970811844 6.773708313703537 2.30293020606041 7.748309232294559 13.74709371477365 11.08941005170345 17.8339694365859 17.61691035330296 22.36884984374046 16.58600290119648 32.06141095608473 36.35307388752699 12.9678812623024 19.79651798307896 0 0.2934372872114182 0 0.1555153131484985 0 0 0 0 0 0.206130176782608 0.163408100605011 0 0 0 0.1218554824590683 0.1037661880254745 0.3247885555028915 0.2744187563657761 0 2.658091202378273 18.7813388556242 0 0.3337542414665222 0.6581425219774246 14.65120396763086 0.7321916818618774 9.594072625041008 0.52231565117836 1.295771718025208 0 0 0 0.1301579922437668 0 0.2114256024360657 0 0.7972874045372009 0.103916808962822 0 0 0.3699539750814438 0.6143380627036095 0.4371143206954002 0 0.4788763523101807 0 0.8198731541633606 0.2985281050205231 0.1482216417789459 0 1.204928085207939 16.71750478446484 0.3817419335246086 0.09032166004180908 0 0 0 0.4504377841949463 0 0.1302771866321564 0 58.90912091732025 0.8097838312387466 0 0 0.2674292549490929 15.19883613288403 0 6.300210580229759 0.5254766345024109 1.172301508486271 0.9262421354651451 0.09707911312580109 0.2634416520595551 0.1020396426320076 0.215734988451004 0 0 0 0 0.141450822353363 0.1544643342494965 32.90853483229876 7.723066382110119 7.180854775011539 141.483267955482 4.079759262502193 61.10942608863115 13.87430679798126 26.18475728482008 10.14734223484993 0.6109746992588043 9.794766888022423 21.92494915425777 0.1776193529367447 3.088535353541374 1.202899307012558 50.95152298361063 0.8450227677822113 0 1.491918116807938 4.307710863649845 0 186.8443726599216 63.73491381108761
112.5920816808939 755.6056967154145 269.3827989548445 374.9354894682765 529.1685979664326 19.02891890704632 930.3964503705502 412.1683483719826 594.3677663728595 3018.30415956676 1126.561774291098 909.8862696290016 1725.641988888383 3672.63429351151 37.78877059370279 13.50469986349344 0.7498097792267799 0.9519099742174149 0 0.7217627465724945 2.055202685296535 0.2684524804353714 4.660964995622635 2.696846313774586 5.759848393499851 0.8610986471176147 3.313521459698677 0.3498489409685135 1.054877564311028 0.2998411059379578 59.16773775964975 7.08251965045929 1153.017952173948 0.310055211186409 2.9732366502285 1.523011974990368 429.8279112577438 5.024706281721592 15.73040129244328 1.998739212751389 4.587355583906174 4.666813872754574 2.208785206079483 1.796426296234131 0.769235298037529 0.6936590820550919 128.1561991348863 1.001339741051197 0.4855529740452766 1.097280971705914 1.58858397603035 0.488974004983902 0.6810547113418579 0.5236955359578133 0.6544448137283325 2.970379985868931 9.769980646669865 37.90034776180983 10.49183554202318 23.4896697178483 0.3322481065988541 38.78229965269566 0.2152836173772812 37.31055456399918 1.477697379887104 2.966828472912312 0.8286728262901306 1.74372124671936 1.275818854570389 15.62059509009123 285.4375816956162 8.10469850897789 0.1050157025456429 33.17653705924749 62.20862099528313 103.5703213587403 91.69732216000557 5.853426165878773 3.490947231650352 144.977048791945 0 20.04713855683804 6.721187047660351 0.09416135400533676 1.588944494724274 2.571186706423759 0.4587395638227463 0 1.703939251601696 0.3410744145512581 1.178013101220131 0.8591152355074883 17.35906489193439 6.80055321007967 5.320875741541386 878.2647129222751 65.23060242086649 0.146181121468544 19.26845982670784 48.31396768242121 1.13934401422739 14.36673557758331 21.32305735349655 12.17937741428614 14.15072886645794 22.03497959673405 31.85561814904213 43.36943701654673 52.55311617255211 60.94206281006336 37.22833878546953 101.8639738187194 82.48937477916479 25.49378634989262 43.486184284091 0.3845276236534119 0.1709914952516556 0 0.4189436435699463 0 0 0 0.4762836992740631 0.4174904227256775 0 0.3933887034654617 0 0.2376283258199692 0.3123510181903839 0.1055639758706093 1.835864543914795 0.2253381982445717 0.2076791673898697 0 3.494265258312225 47.35413763672113 0.1698816120624542 0.3328768014907837 0.2595476806163788 29.72985806316137 7.063495725393295 20.46378065645695 7.014521136879921 0.5076876282691956 0 0 0 0 0.1141875982284546 0.0926663801074028 0 0.5347829163074493 1.218190170824528 0 0 0.296273410320282 1.277753300964832 0.2886514961719513 0 0 0.1261643916368484 0.9214108735322952 0.4086543619632721 1.217724114656448 0.7601626217365265 1.772384941577911 42.08582438528538 1.794438876211643 0 0.3680625557899475 0.1096955388784409 0 0 0.114595964550972 0 0 131.0111550465226 0.2619168609380722 0 0 0.6149687767028809 44.68092396110296 0.4817109853029251 19.53241395950317 0.4636770784854889 2.246536210179329 1.764411091804504 0.268514946103096 0.808326855301857 0.144014298915863 0.2274691462516785 0.1189880147576332 0 0.1213862746953964 0 0.2131288126111031 0.1745370626449585 70.35181094706059 26.23295313864946 30.00958675891161 417.4140310361981 11.64673441648483 225.2191675826907 44.48711933940649 63.46280335634947 28.49229289591312 1.093872562050819 22.77645119279623 40.31087319552898 0.3911229074001312 6.517515167593956 1.621838785707951 120.3167021945119 0.4829457998275757 0 2.245115548372269 13.68893925845623 1.097569614648819 312.5603779107332 147.2911049351096
