540.0365467965603 4799.296967715025 1748.245644442737 856.0505022779107 47.78384577482939 191.6363230794668 378.0329983904958 94.3415193259716 4.198679618537426 511.4365796521306 102.770887427032 11.66914527118206 43.51347541064024 63.89817407727242 1.439654469490051 4.044089660048485 0.2026615887880325 0 0 0 0.1025991588830948 0.5987364053726196 1.148162983357906 1.208614349365234 2.630005523562431 0.3109454438090324 1.663710996508598 0.2710930407047272 0 0.1393267959356308 1777.828440561891 2.331938922405243 23.80783522874117 0 1.292621605098248 1.148674495518208 14.66072682291269 3.184702731668949 2.795121170580387 1.094256319105625 0.09632621705532074 0.3300435245037079 0.1139656156301498 0.6936453580856323 0 0.1103546023368835 6.627800278365612 4.750996649265289 0.1142056807875633 0.1254502832889557 4.038592346012592 0.3057448267936707 0.2410586401820183 0 0.8423380553722382 5.741425722837448 214.2611820995808 526.1405146047473 31.7542639374733 9.981475256383419 0 4.164977945387363 0 10.71295525878668 7.531569458544254 5.078644834458828 3.164520904421806 1.5815424695611 0.3939705640077591 0.279144249856472 5.69957147538662 1.683865576982498 0 61.44958516210318 7.060110121965408 4.423049412667751 2.002736382186413 6.349750891327858 4.892887696623802 50.78859262913465 0.2512947544455528 17.5503701120615 5.07890198379755 0.8338998034596443 4.412237145006657 8.443679690361023 0.249449759721756 0 3.439342513680458 0 3.657119788229465 0.2992822751402855 1.2295141518116 0.4073917120695114 0.541875809431076 63.23763259500265 2.764146201312542 0 3.750557869672775 1044.775573298335 0.9480079412460327 1.42905580997467 4.69513151049614 22.80152009427547 4.046347737312317 9.277120761573315 10.57626631855965 1.380378797650337 14.22329070419073 14.37615993618965 0.238710880279541 8.179248370230198 6.739258714020252 9.52758514881134 0.6789778620004654 0 0 0 0 0 0 0 0 0 0 0 0 0.09519600123167038 0 0 0 0 0.2027378380298615 0 0 0.1174609661102295 0 0 0 0.4335840344429016 0.1307359635829926 1.44875081628561 1.094353340566158 0.08089923113584518 0 0 0 0 0 0 0 0 0 0 0 0.1300682425498962 0 0.1516472399234772 0 0 0 0 0 0 0.1754077225923538 0.2442828118801117 1.966898277401924 0 0 0 0 0 0 0 0 0 0.6610273346304893 0 0 0 0.2629726082086563 1.772802300751209 0 0.7462671250104904 0 0 0 0 0 0 0 0 0 0.1180860251188278 0 0 0 1.618310764431953 0.358954980969429 0.5177960991859436 115.3457784280181 2.51765564084053 99.13688717782497 18.89817714691162 1283.062022306025 24.54934457689524 6.698428586125374 4.269791252911091 10.50548888742924 0.2538551688194275 0.4892450198531151 4.369457803666592 16.77986288070679 0.1197538524866104 0 0.112645335495472 0.279329240322113 0 536.6890546754003 5.424053691327572
4799.296967715025 3280.872194267809 1308.651165165007 1322.110258303583 1652.675387151539 52.54159534722567 3529.525606326759 584.8970074057579 1069.189427919686 1606.910339660943 534.0405999720097 37.86127872020006 650.6967241317034 2116.830842927098 23.06050342321396 12.75366095453501 0.7151845023036003 0.2338756024837494 0.1560537666082382 0.2255852967500687 0.1706261336803436 1.704109221696854 1.598472610116005 0.5555536970496178 2.912832513451576 0.164818286895752 2.689314484596252 0.8110783845186234 0.3112904131412506 0.1616662442684174 993.330006301403 11.60775706917048 90.83059054613113 0.3455034643411636 0.8121042251586914 1.252875030040741 47.32447008788586 7.805498473346233 6.180886827409267 2.215186014771461 0.7009371444582939 0.583746001124382 0.1025315597653389 2.83662074804306 0.5719542428851128 0.5857166647911072 117.5520501434803 12.66586524248123 1.517895124852657 0.6105247810482979 17.66163389384747 1.323468409478664 0.5256735906004906 0.1119235530495644 2.126432977616787 18.6660757958889 201.6735690683126 555.4307810291648 60.03197354078293 59.39395692199469 0.09045187383890152 8.237421073019505 0 97.58947687596083 23.22942411899567 21.33109310269356 17.53481107205153 7.571650609374046 1.408592529594898 0 34.07370156794786 1.237512283027172 0 199.4771986529231 157.0160181745887 76.13956981152296 77.25210661441088 23.00243604183197 8.766083113849163 96.09477791190147 0.9188401252031326 24.40621013939381 15.11089384555817 0.8960129916667938 17.63792201131582 33.20114652812481 1.664806790649891 0.4414237141609192 14.20171635597944 0.1465322822332382 14.92078856378794 1.530656270682812 0.9071378037333488 2.607077494263649 1.106239654123783 51.24264414608479 12.73716051876545 0 6.133508689701557 350.4473556727171 4.46735518425703 9.299627125263214 27.24664930999279 8.406290933489799 27.57500831782818 75.48043727874756 27.20842854678631 50.56201799213886 79.55607303231955 116.10496789217 17.98801515996456 79.74899847060442 97.82632309943438 97.20946152508259 31.98543035984039 0.121408112347126 0 0 0 0 0 0 0 0 0 0 0 0 0.6270282864570618 0.1091418266296387 0 0.1219105571508408 0.324947714805603 0.1893816292285919 11.23049613088369 3.925027906894684 0.1128314808011055 0.09801214188337326 0 9.519843511283398 0.1841607987880707 12.50206273049116 0.9182386472821236 0.6761901751160622 0 0.1233319416642189 0 0 0 0 0 0.3170540332794189 0.4470862299203873 0.2292310744524002 0 0.1079564765095711 0.247162327170372 0 0 0 0.2725346982479095 0.8369592651724815 2.569955222308636 0 0 0.1081419959664345 18.8511181473732 6.759791269898415 0.9122714400291443 1.48012501001358 0 0 0 0 0 0.1040067970752716 20.75506198406219 1.401802226901054 0.1396243423223495 0 0.1202781423926353 19.06081321835518 0.2279049679636955 11.62600632756948 3.210408881306648 2.894631631672382 1.327715039253235 0 0.09921630471944809 0 0 0 0.2631083130836487 0.1118664667010307 0 0 0 28.04600463807583 4.515025220811367 4.975739553570747 387.682565741241 12.33279648423195 868.8710858747363 126.7976604178548 278.2851269319654 68.5099126547575 4.01099057495594 64.93206039816141 4.168691769242287 0 14.64524765312672 0.7206305712461472 13.64083501696587 1.985470116138458 2.478000842034817 0.1813380718231201 4.160416215658188 1.370653450489044 209.8705242350698 35.7580014243722
1748.245644442737 1308.651165165007 751.5977307930589 58.628677777946 908.8025717586279 9.965324148535728 239.8813427463174 3063.884157076478 957.6015735268593 97.05467319488525 2758.150873474777 68.07707162946463 538.1638029962778 1931.535005033016 30.13866324722767 36.0268791243434 1.413817085325718 1.406419947743416 0.09529991447925568 1.468782320618629 0.4135250523686409 11.57046344131231 15.17451554536819 11.53554832935333 40.72157417237759 1.377437099814415 30.17827316373587 3.201486870646477 1.727725110948086 2.611874714493752 2427.506253711879 49.10458449274302 273.4953726381063 0.9111416041851044 18.91641935706139 12.17677143961191 153.2908841520548 53.59240663051605 37.06755591928959 18.84073646366596 4.611759439110756 2.806127473711967 0.8141603469848633 10.69051080942154 0.4002990648150444 0.8818635195493698 82.93388223648071 8.073839016258717 1.78464774787426 1.248460091650486 16.49391359090805 5.301176279783249 1.509982421994209 0.9270885139703751 0.6815779730677605 6.124816700816154 123.4625573009253 537.556807667017 27.70082576572895 27.11403749883175 0.7162689790129662 60.42794635891914 0.2230754420161247 110.9773529991508 13.00402779877186 12.01367051154375 13.0710845887661 7.573677517473698 5.017307505011559 1.864563018083572 58.92433255910873 2.143314428627491 0.140043631196022 110.5352182388306 88.75910423696041 45.39852076768875 50.85097952187061 50.53574849665165 159.6075520589948 1094.667011670768 3.223989844322205 425.2115565538406 8.35508394241333 0.8813593685626984 10.07735923677683 15.83826649188995 1.749062180519104 0.2329898178577423 5.974221594631672 0.1051021590828896 9.462649464607239 2.508849993348122 14.77505568414927 6.743527628481388 2.859805442392826 39.02717964351177 13.66088024526834 0 18.53975512832403 281.5950349718332 5.70364923030138 1.548574417829514 7.198988854885101 3.241223432123661 16.58584582805634 45.2485963627696 5.056523531675339 20.95883416384459 37.46459994465113 41.0173292979598 8.839860238134861 37.06473587453365 39.84417587518692 42.50593568384647 17.18170606344938 0 0 0 0 0 0 0 0 0.1022493094205856 0 0.2518801167607307 0 0.1291790306568146 0 0.1432443559169769 0.8063401952385902 0.343018002808094 0.7787620350718498 0.4471352845430374 7.713680490851402 1.553714007139206 0 0.3704656884074211 0 9.426955573260784 0.76273213326931 14.18503542244434 3.311448208987713 1.068415500223637 0.3927830308675766 0.6394275948405266 0 0 0.2254477143287659 0.1914803758263588 0 0 0.4810063093900681 0 0 2.072288334369659 1.016300544142723 4.001727007329464 0 0 0.2041806727647781 0.2544260770082474 0.911992222070694 0 0.6845743283629417 0.8619592860341072 15.6669635027647 4.557701930403709 0 0.1492826193571091 0.09492494910955429 0 0 0.2375178560614586 0 0.1215458735823631 15.8950704112649 1.529518075287342 0 0.6178975701332092 2.102245226502419 14.76411947607994 3.589622125029564 10.43330466002226 0.1598528772592545 2.999237269163132 0 0 0.1382843852043152 0 0 0.3924707174301147 0 0.2859769910573959 0.2291452810168266 0.436704158782959 0 9.716591112315655 6.923496775329113 6.192478395998478 317.9507460743189 6.836825512349606 407.7402353361249 91.94854918122292 79.49526916444302 27.83811487257481 2.439204894006252 51.64377285540104 1.419792398810387 0.4400164037942886 3.813132926821709 0.5145818069577217 2.646551333367825 0.1104853078722954 0.2617119923233986 0 8.239585541188717 0 66.88191845268011 15.92924427986145
856.0505022779107 1322.110258303583 58.628677777946 1396.464365825057 28.18119496107101 763.5061502605677 2319.81151355803 0.4450302496552467 5.150541737675667 3894.670344695449 1.816673398017883 7.21481466293335 145.3779719695449 67.63062082231045 1.654013812541962 0 0.1254707723855972 0 0 0 0 0 0 0 0 0 0.2302956283092499 0 0 0 88.03899724781513 0.8362755477428436 0.3714339137077332 0 0 0 0 0 0.0980457216501236 0 0 0 0 0.1346149891614914 0 0 9.715417489409447 6.164760731160641 0.5539279654622078 0 5.417493462562561 0.09458915889263153 0 0 1.197341449558735 9.649803318083286 114.5150456726551 299.8847991153598 33.45290641486645 11.28031330555677 0 0 0 26.79832553863525 13.8304802402854 8.283403307199478 6.208429954946041 1.801002040505409 0 0 0.1184511557221413 0.296327643096447 0 91.57764751464128 26.52527252584696 5.160462215542793 2.520137779414654 0 0 0 0 0 8.38505307585001 0.4319785311818123 6.502248302102089 14.26113229244947 0.1091858297586441 0.2509491816163063 5.525889925658703 0.2018719762563705 4.78937241435051 0.5253671482205391 0 0.5414224863052368 0 10.3505545258522 0.6640925407409668 0 0 330.920700237155 2.948846384882927 8.056379310786724 11.85589668154716 237.3332444280386 0.4907310903072357 4.211631506681442 34.7137506455183 9.103706926107407 22.70239999890327 19.89873018860817 1.061933875083923 7.4737948179245 12.6035258769989 4.274574667215347 2.607016056776047 0 0 0 0 0 0 0 0 0 0 0 0 0 0 0 0 0 0 0 0.4734071046113968 0.8626647591590881 0 0 0 0.2769221663475037 0 0 0.4078341424465179 0 0 0 0 0 0 0 0 0.1928965002298355 0 0 0 0 0 0 0 0 0 0.358556441962719 0.116760216653347 0.2923512160778046 0 0 1.116079561412334 0.1794474124908447 0 0.09721352905035019 0 0 0 0 0 0 0.2368746548891068 0 0 0 0 1.380491182208061 0 1.941240310668945 0.1739715933799744 0 0 0 0 0 0 0 0 0 0 0 0 1.439785361289978 0.1498164087533951 0 49.65142946690321 2.148660987615585 206.4710123240948 20.0626515597105 510.9415154904127 23.59204267710447 2.719700843095779 0.7616516053676605 4.406880557537079 0 0.9634347409009933 0.2150076627731323 32.56029915809631 0.3593124374747276 0.1315009444952011 0 0 0 395.3437701538205 14.34915718436241
47.78384577482939 1652.675387151539 908.8025717586279 28.18119496107101 887.2307348251343 8.556579917669296 2313.537550613284 390.974061049521 4453.256169885397 579.3525116443634 1087.178348340094 17.11521197110415 424.0113377571106 2856.166468277574 9.120872460305691 3.658860549330711 0 0 0 0 0 0.4360696226358414 0 0.1240674331784248 0.4628058820962906 0 0 0 0.2574071958661079 0 56.27022740244865 1.040112361311913 13.82349452376366 0.3534000515937805 0 0.2585113644599915 9.035356551408768 0.5720865055918694 0.6478900462388992 0.09281636774539948 0 0.281054675579071 0 0.5120724737644196 0 0 29.49299906939268 1.444183178246021 0.2511744499206543 0 2.063745126128197 0 0.1267897039651871 0 0.2531074658036232 0.6125310063362122 12.218769274652 7.718431495130062 5.157050929963589 8.599454052746296 0 0.7673675194382668 0 6.371073700487614 2.177292317152023 2.472100868821144 1.224956795573235 0.6522774547338486 0 0 8.611575804650784 0 0 14.3184325248003 18.20181019604206 20.76013780385256 20.28539305925369 9.108137965202332 0.4304026663303375 7.652487091720104 0.227321021258831 1.302350416779518 0.7677467986941338 0 0.7551390826702118 2.194182500243187 0.1150665804743767 0 1.998150460422039 0 0.8191197589039803 0 0.1164849475026131 0 0 21.67827888578176 2.778672851622105 0 1.358048409223557 5.202157661318779 3.334460981190205 3.077411532402039 9.181060060858727 4.419581636786461 14.11472235620022 27.99286361783743 9.138189882040024 21.13610017299652 45.49828288704157 51.14715318381786 9.321408525109291 37.281339854002 49.74297411739826 47.63730426877737 12.55191107839346 0 0.1478813588619232 0 0 0 0.1020258367061615 0 0 0 0 0 0 0.1367068588733673 0 0 0 0 0 0 2.200593054294586 0.6835749372839928 0 0 0 5.574629858136177 0 6.737883538007736 0 0.1246240362524986 0 0 0 0 0 0 0 0 0 0 0 0 0 0.2266780436038971 0 0 0.1308198124170303 0.3465898633003235 0.6667859852313995 0 0 0 8.716532424092293 4.44713106751442 0 0.09387732297182083 0.112013466656208 0 0 0.1121131777763367 0 0.2325253263115883 7.587730146944523 1.543894454836845 0.249032273888588 0 0 7.68087562918663 0.5124050825834274 4.951970987021923 0.4660982862114906 0.3215499371290207 0 0 0 0 0 0.1608417481184006 0 0.2200415432453156 0 0 0 12.62174773216248 2.929510414600372 0.4975826889276505 127.1420329287648 3.911541968584061 133.090098425746 35.82743086665869 19.39750220626593 13.3324996009469 2.474355086684227 23.39306066930294 0.516003705561161 0 2.90032647550106 0 10.02343592047691 0.6690719723701477 0 0 1.758939027786255 0 31.41097452491522 18.28290186822414
191.6363230794668 52.54159534722567 9.965324148535728 763.5061502605677 8.556579917669296 5.017737030982971 219.829144269228 2.800044506788254 5.13879033178091 1585.316016972065 1.367963343858719 200.0555464327335 110.4172542542219 26.59120017290115 1.606299206614494 1.83033561706543 0.2899337336421013 0 0 0 0 2.020014360547066 0 0 0 0 0 0 0.1828497499227524 0 9.044591993093491 0 31.27462239563465 0 0 0 38.34583405405283 1.862112641334534 7.787574470043182 0.2370049208402634 0 0 0 0.3204636424779892 0 0.5052066892385483 1.00368208438158 0.1503956764936447 0 0 0.2401719242334366 12.21504434943199 0.6553816199302673 0.7778311371803284 0 0.5435867607593536 57.76650080829859 31.49386467039585 7.474681749939919 2.417508497834206 0.6686854362487793 5.126170128583908 0 1.583799883723259 0.5603194981813431 0.5418469160795212 0.4043746590614319 0 0 0 45.78673128783703 46.70594714581966 6.702349096536636 4.016999363899231 1.577497631311417 0.2292609363794327 0.3980275690555573 1.279671110212803 0.2600408792495728 1.753099486231804 2.006048560142517 4.318003430962563 0.3402497619390488 1.652904160320759 0.1676522642374039 1.471413128077984 0 4.411428891122341 1.087367475032806 7.834395475685596 1.135236762464046 5.026399947702885 0 0 1.970998778939247 466.3780418336391 195.1596268564463 8.240589454770088 29.45617432147264 439.5058601498604 4.977466478943825 35.89723409712315 13.33526948094368 67.8965265005827 9.782000735402107 16.85429711639881 77.42706167697906 10.11434052884579 35.64474220573902 49.10169394314289 5.499741673469543 12.51850481331348 18.70770780742168 16.37589058279991 3.285249449312687 0 0 0 0 0 0 0 0 0 0 0 0 0 0 0 0 0.2761456221342087 0 0.1319839656352997 1.452710270881653 0 0 0 0 0 0 1.309454165399075 0.1219116151332855 0 0 0 0 0 0 0 0 0 0 0 0 0 0.68834488093853 0 0 0 0 0 0.3249150812625885 0 0 1.325670599937439 0.118726059794426 0 0.1081320121884346 0 0.1779363751411438 0 0 0 0 0 0 0.2475599497556686 0 0 0 2.716316282749176 0 0 0 0 0 0 0 0 0 0 0 0.1636873781681061 0 0.1568784862756729 0 1.910029381513596 0.6657869815826416 0.7426902502775192 111.4348545968533 0.2848672270774841 9.455581106245518 2.042129017412663 308.8020109534264 10.56678621470928 4.271014824509621 0.6667084395885468 5.784173965454102 0 0 0 83.64886721968651 0 9.498989105224609 0 0 0 170.7495149970055 34.9002198278904
378.0329983904958 3529.525606326759 239.8813427463174 2319.81151355803 2313.537550613284 219.829144269228 1661.829246036708 99.98150911927223 2509.696048468351 5198.611519679427 203.9914952814579 532.993751488626 3842.008639067411 2515.750595644116 28.34728752076626 17.01097836345434 0.9521540924906731 0 0.1122388914227486 0.2055547162890434 0 0.5147976875305176 0.1318004876375198 0.34024877846241 1.365492209792137 0.150119885802269 0.63686303794384 0.1139625087380409 0.3598448932170868 0 156.179731182754 6.395215377211571 54.98898120224476 0 0 0.2277990132570267 44.43251889944077 1.363144710659981 2.063520170748234 0.9800199791789055 0 0.109807163476944 0 3.281215228140354 0.1333802342414856 0.1401388794183731 124.6761360540986 10.36193482577801 2.291587322950363 0.2401655316352844 11.84808488190174 0.1506009101867676 0.497518315911293 0.3151677623391151 1.110230356454849 14.09897807240486 108.1172015145421 223.5279551893473 46.39998584985733 42.92010387033224 0.1354058682918549 1.843346104025841 0 72.58363495022058 19.85125999897718 15.28770545870066 12.02496390789747 4.759120889008045 0.3142849206924438 0.2010910511016846 64.68246191740036 0.528272420167923 0 134.2807841673493 109.3115986734629 68.56903120875359 61.19582028687 28.64886010438204 0.2570687010884285 10.322734631598 0.7573585957288742 6.164093725383282 8.930891841650009 0.6442876607179642 13.17880963534117 25.95640963315964 0.638063482940197 0.4185482412576675 11.94709672033787 0 13.05664096772671 1.098360672593117 0.6757873743772507 1.492616213858128 0.3333932906389236 106.0591956302524 16.93817065656185 0 7.519674524664879 95.11986232548952 12.51928893476725 26.95233389735222 136.6119927912951 55.01333563029766 48.2162389010191 170.4254794493318 76.53144273161888 108.8068279027939 182.8063856288791 230.5325037911534 32.44620835781097 161.0326058343053 231.7617708519101 211.9435568898916 50.36429464817047 0.2766765654087067 0 0 0 0 0 0 0.2471151500940323 0 0 0.1133061870932579 0.1714198738336563 0.1193821877241135 0.1020722612738609 0.5284717231988907 0 0 0 0 25.32128977775574 7.726801171898842 0 0 0.1130083948373795 16.86712988466024 0.2973190397024155 23.7456221356988 1.445642098784447 0.1060238257050514 0 0.1792242377996445 0 0 0 0.1019426509737968 0 0.506354920566082 2.156334608793259 0 0 0.2989406734704971 0.1006307676434517 0.1631760597229004 1.587362930178642 0.3514449596405029 0.5898443907499313 2.659011609852314 4.467395916581154 2.205346539616585 0 2.5827556848526 31.49710806459188 16.08336141705513 0.5803471133112907 0.8441280797123909 0.367069311439991 0.57124362885952 0 0.1185272485017776 0 0.4529957622289658 32.90566889196634 4.147195011377335 0.1667869389057159 0.1410167366266251 0 31.93492969125509 2.323924332857132 19.5958773419261 1.802660264074802 5.258915156126022 1.789249829947948 0 0 0 0.2429701536893845 0.1441413760185242 0 0.5386275500059128 0.3636386021971703 0.292531356215477 0 60.89084657281637 10.05209175497293 6.171751648187637 431.4608234837651 10.28620537370443 805.9981765896082 124.4367701783776 256.5409380123019 63.62917840480804 7.478420905768871 67.73223377019167 5.987217508256435 0.1006005108356476 20.7770743817091 1.718557626008987 35.30080459266901 0.8293495625257492 0.5268675982952118 0.7052587866783142 4.504263892769814 1.269602179527283 465.2186541035771 100.6107261627913
94.3415193259716 584.8970074057579 3063.884157076478 0.4450302496552467 390.974061049521 2.800044506788254 99.98150911927223 566.1400621235371 370.4794570654631 19.61506022512913 2347.90447460115 44.16394041478634 346.3512427583337 1851.809497579932 39.09344036132097 43.35183615982533 0.6187120378017426 2.432544499635696 0 2.71209279447794 5.742129743099213 12.78764681518078 34.72399044781923 22.44847107678652 71.27508714795113 3.403577700257301 47.04605540633202 2.866099819540977 1.923500441014767 4.078680120408535 2038.095254220068 1694.632506705821 373.824897326529 6.395139239728451 56.24390204250813 30.88358567655087 177.3337372094393 72.26646914333105 37.24534446001053 27.25585123151541 14.04881408065557 10.72059807181358 3.15317614376545 10.81866849213839 1.513269186019897 1.663104899227619 126.2741344347596 4.095326960086823 2.045969888567924 2.729397930204868 25.3182120770216 8.008506186306477 1.783104225993156 0.9897105544805527 1.329643473029137 4.61616475880146 36.20709131658077 93.52234710007906 11.88469828665257 28.63661062717438 11.03152601420879 95.31593158841133 1.501718901097775 163.4174270033836 7.283100664615631 10.33495259284973 12.92788203805685 15.73850020766258 15.97972826659679 18.35140533000231 69.17836068570614 2.224303908646107 0.1188829317688942 54.4104546085 81.15361177921295 74.4557900801301 93.97572217136621 86.66157858073711 1007.705236196518 2235.124898850918 21.67551083862782 1982.284270949662 4.661164917051792 0.2959488481283188 6.488883808255196 12.40062522888184 1.809351488947868 0 5.563164427876472 0.8208631873130798 6.905472800135612 2.047193013131618 62.42115221172571 11.52369359135628 4.953202985227108 70.84120583534241 25.57849746197462 0 22.73568607121706 22.49066472053528 5.745245307683945 1.913850694894791 7.541317626833916 1.225175499916077 15.65755964070559 51.65478277951479 6.972940981388092 30.38630881160498 40.11543095856905 54.61321043968201 16.46409264951944 45.08472645282745 40.72147815674543 52.33919575065374 20.58712073415518 0.458858922123909 0.4818106442689896 0 0.2761776372790337 0 0 0 0.158967450261116 0.2404849603772163 0.5801183581352234 1.37203373759985 0.21681959182024 0.9277573749423027 0.4502863585948944 0.7027067914605141 1.512873455882072 0.5749031528830528 1.585192762315273 0.1005550473928452 14.31817376613617 2.518400177359581 0 0.6102613657712936 0.1307252794504166 10.97185825556517 2.574863985180855 14.86847853660583 8.146920166909695 2.330659359693527 1.12135449051857 1.518594607710838 0.7581510245800018 0 0.09260746836662292 0.3282286003232002 0.4909723699092865 0.5403481721878052 1.104416862130165 0 0 2.435826927423477 2.529151372611523 5.398294076323509 0.4044578149914742 0.6161471754312515 1.062233440577984 0.8075693696737289 2.172001294791698 0 0.6639102101325989 3.080460421741009 27.28361351042986 5.908094897866249 0 0.9232757017016411 0 0.4095433950424194 0.08850940316915512 0 0 0.7784141525626183 16.99717324227095 2.189267791807652 0.1422701328992844 0.1148958206176758 2.184123009443283 17.30023781955242 2.455173067748547 15.53361389040947 0.8524704426527023 3.451889172196388 0.09721075743436813 0 0.6340266987681389 0.4193257689476013 0 0 0 0.1102080419659615 0.1817284151911736 1.196507468819618 0.147337481379509 11.16432762891054 7.710006326436996 11.7372250109911 430.6441884785891 16.74879787862301 454.5281596034765 108.8671884685755 52.58135268092155 39.82121678441763 2.811669871211052 87.81552046537399 4.882966704666615 0.613054171204567 12.07390885800123 0.6513235121965408 7.854054644703865 0.3599616140127182 0.1743954569101334 0.1054530590772629 6.979566372931004 0 35.46622338891029 18.2648653909564
4.198679618537426 1069.189427919686 957.6015735268593 5.150541737675667 4453.256169885397 5.13879033178091 2509.696048468351 370.4794570654631 429.3122119754553 96.32110577821732 1253.588976331055 20.78854499012232 423.5088036358356 707.4510674029589 7.740756951272488 5.043586231768131 0.2454078868031502 0.3440546095371246 0 0.1365837901830673 0 0.2358837276697159 0.4048404768109322 0.2038293778896332 0.9003756567835808 0 0.09877262264490128 0.5930679142475128 0.1656796038150787 0 14.23642911016941 1.806947879493237 24.03944030404091 0 0.2223871201276779 0.09629464894533157 9.803056113421917 1.050410725176334 0.9953964129090309 0.3027660623192787 0 0.2214279174804688 0 1.815792568027973 0 0.1263865083456039 19.93253321945667 0.3739536628127098 0.2703337371349335 0.1166884377598763 0.7055171057581902 0 0 0 0 0.4082671999931335 4.46074054390192 3.76949642598629 1.72624708712101 5.214644968509674 0 1.024598903954029 0 6.785775259137154 1.178633108735085 1.39128915220499 0.8540847450494766 0.5479050874710083 0.08113398402929306 0.09445365518331528 7.112948715686798 0.113628201186657 0 8.139989241957664 10.67324121296406 15.20390555262566 13.64345937222242 11.52667681127787 0.1357499212026596 52.94398099929094 0 3.148145943880081 0.4948488920927048 0 1.166317358613014 1.426863469183445 0.2364485710859299 0 0.4802597761154175 0 1.068136230111122 0 0.3584108203649521 0.4512651935219765 0.130375012755394 13.1159934848547 1.965170666575432 0 2.075548201799393 1.04565542191267 0.9877779483795166 2.090367689728737 7.218225292861462 1.335513427853584 8.818447329103947 20.42393714189529 7.628587156534195 10.51845338195562 27.32758823037148 27.68769113719463 9.014191411435604 21.57303941994905 41.11348034441471 29.08342865854502 9.616798646748066 0 0 0 0 0 0 0 0 0 0 0 0 0.115062803030014 0 0 0.1831618249416351 0.1191459223628044 0 0 5.305418387055397 0.9493388682603836 0 0 0 2.911464795470238 0.09949653595685959 3.923041604459286 0.1539041250944138 0.3543341979384422 0 0 0 0 0 0 0 0.1237964034080505 0 0 0 0 0 0 0 0 0 0 0.6495043486356735 0.1194017454981804 0 0 5.975679762661457 3.690993994474411 0.08816944807767868 0 0 0 0 0.556431770324707 0 0.1254187822341919 7.481202706694603 1.266761794686317 0 0 0 5.825102001428604 0.9303569942712784 3.962135598063469 0.6760213077068329 1.639430403709412 0 0 0 0.1124019101262093 0 0 0 0.1111164391040802 0 0 0 10.66841028630733 3.366982840001583 1.338566660881042 102.2163719385862 2.97195652872324 90.68205497413874 26.31906805932522 11.93569947034121 6.890409655869007 1.231800407171249 16.5024061948061 1.479159586131573 0 1.98797320574522 0.4792720004916191 3.92587348818779 0.1538451761007309 0.1238298937678337 0 1.583763271570206 0.2748948335647583 26.00739673525095 10.53422516584396
511.4365796521306 1606.910339660943 97.05467319488525 3894.670344695449 579.3525116443634 1585.316016972065 5198.611519679427 19.61506022512913 96.32110577821732 2735.686185017228 26.32136780023575 2635.265446737409 4551.798012815416 435.4315595775843 10.83485213667154 8.94126783311367 0.1257951110601425 0 0 0 0 1.800056755542755 0.2791722863912582 0.5298625528812408 0.6452636197209358 0 0.4114412069320679 0 0.1250451505184174 0 55.89506912231445 3.540916033089161 114.9545718058944 0 0.350134402513504 0.7591581642627716 65.83120338618755 1.71284906566143 3.315190568566322 0.1105672121047974 0.1457932740449905 0 0 1.682210937142372 0 0.9072246849536896 44.39510101824999 4.957805976271629 0.7014302611351013 0 5.702685840427876 0.422348216176033 0.2461994215846062 0.1576268523931503 0.3298436999320984 6.145295515656471 66.55817714333534 125.3087684214115 22.03554990887642 14.38001358509064 0.08462429046630859 1.273222297430038 0 27.81537532061338 11.07410701364279 8.086749881505966 5.473466090857983 1.938789658248425 0.4749496355652809 0.1347397416830063 190.3073428496718 0.8980791717767715 0.2287081182003021 59.0096718147397 38.18860203772783 22.91030357778072 21.62468302994967 12.55039297044277 0.6796417981386185 6.583704099059105 0.4586652219295502 3.261806443333626 6.063182346522808 0.8629027232527733 6.456376597285271 9.759713284671307 0.2410998940467834 0 5.28492334485054 0 5.451508067548275 0.1850583106279373 0.2356963828206062 0.4747862964868546 0.2845387309789658 246.505307674408 44.66017469763756 0 16.88444571942091 194.0261472836137 24.35149152576923 76.50044002383947 132.2729421854019 185.9265952110291 104.530675470829 337.0310466438532 271.7335754036903 227.4285415485501 438.8410621136427 559.3294629454613 63.68703447282314 295.2935777232051 559.2458687201142 387.8553478643298 70.20012487471104 0 0 0 0 0 0 0 0 0 0.1091390997171402 0 0 0 0.1312314420938492 0 0 0 0.2908912897109985 0 32.74464306235313 10.60581728070974 0 0 0.3417430520057678 27.11860182881355 0.1301454454660416 25.53196372836828 4.283489674329758 0.8731438964605331 0 0.7330288887023926 0 0 0 0.5573266670107841 0 0.6846991777420044 1.861905723810196 0 0 0.170027107000351 0.1517315804958344 0 0 0.179331511259079 1.592817932367325 4.507622674107552 10.15493207424879 1.670460805296898 2.082361459732056 0.727925680577755 39.31417190283537 20.31919775903225 1.363096356391907 1.974193915724754 0 0.1345334053039551 0 0.4029439613223076 0.2109237164258957 0 42.68050619214773 10.75581854581833 0.8744297623634338 0 0 44.92316897213459 6.170892849564552 22.01530066877604 1.097190402448177 5.853528901934624 0.1337640583515167 0 1.008374929428101 0 0.3732240498065948 0.6830088347196579 0.3572040498256683 2.09418898075819 0.1798999458551407 0.8725335896015167 0 135.224031150341 11.12472820281982 9.494484387338161 238.8987786769867 4.584845580160618 356.6680175065994 65.00997778773308 635.4656530469656 43.61844746768475 10.15365986526012 39.11300195753574 4.281611621379852 0.7900806814432144 22.36989764869213 6.730395972728729 159.6591127291322 1.560174323618412 5.94942307472229 0 2.180855736136436 0 1706.054292112589 285.8697465583682
102.770887427032 534.0405999720097 2758.150873474777 1.816673398017883 1087.178348340094 1.367963343858719 203.9914952814579 2347.90447460115 1253.588976331055 26.32136780023575 955.3925745487213 57.97349761426449 689.5722437053919 3384.586061991751 12.30696365237236 15.0809547752142 0.677409753203392 0.6118163466453552 0.09085353463888168 0.5486965104937553 0 8.994320757687092 0.3833011463284492 0.9199297800660133 7.390405178070068 0.9130112528800964 2.947728008031845 0.4655362516641617 1.785881049931049 0.5061483755707741 372.9695817679167 39.15028334408998 564.8017261400819 0.4743979275226593 1.733309343457222 1.990385487675667 153.1758543252945 51.23029153048992 34.4937214627862 5.93379034101963 0.6617462038993835 2.04072218388319 0.2153310850262642 4.570398397743702 0 0 28.82595112174749 0.8738481402397156 0.6528737843036652 0.2400729283690453 1.660431705415249 6.739325270056725 0.5897314622998238 1.174425408244133 0.1090984866023064 1.559611305594444 13.50720838457346 33.0306444466114 3.050309501588345 6.516695164144039 0 96.91874885559082 0 24.12086267024279 1.187174633145332 3.090476118028164 1.833197496831417 0.3778018280863762 0.3140000849962234 0 35.75023731589317 3.028952725231647 0 15.78294455260038 17.74157725274563 13.47983956336975 16.55176614969969 23.2858152538538 140.1806979477406 676.9162465557456 0.2410951927304268 129.4720909148455 0.8190094009041786 0 1.942339055240154 2.884203903377056 0 0.131969228386879 1.662767432630062 0.5039104074239731 2.067373722791672 0.7783035635948181 1.014920353889465 1.191208392381668 1.217157296836376 20.15692259371281 7.792294323444366 0 10.71159553527832 9.567515879869461 2.944958239793777 0.3264648765325546 2.563628926873207 0.5278279781341553 3.742849096655846 9.461254686117172 1.314502015709877 10.33887006342411 9.543171562254429 15.42273232340813 3.694921292364597 14.93987057358027 15.94194339960814 12.12826800346375 6.244734466075897 0.1175380721688271 0 0 0 0 0 0 0 0.14687180519104 0 0.2887045741081238 0 0 0 0.3329691216349602 0.1533949226140976 0.4513927698135376 0.2482001483440399 0.2060973197221756 1.447374671697617 0.7544849738478661 0.1392581462860107 0 0.1819161623716354 3.060830384492874 0.1717251390218735 5.578934073448181 1.501317791640759 1.111332148313522 0.2117025256156921 0 0 0 0 0 0 0 0.4059407114982605 0 0 1.229462951421738 0.8054647743701935 1.192891523241997 0 0 0.2662677317857742 0.6803300455212593 0.7126329466700554 0 0 0.1011780276894569 7.977377817034721 4.94031248986721 0.182372123003006 0 0 0 0 0 0 0.2628053724765778 4.912725709378719 1.591538697481155 0 0 1.115389093756676 7.389100924134254 0.1841651350259781 5.045074723660946 0.6665534749627113 1.725357979536057 0 0 0 0 0 0 0 0 0 0.1054521203041077 0.1131056100130081 4.237739771604538 4.779601275920868 2.456903047859669 141.9922523126006 2.745537176728249 104.9216693267226 31.33410150557756 19.91238819807768 9.262671485543251 0.507875919342041 25.61363268643618 1.188730880618095 0 1.669664539396763 0.3342396169900894 6.235794067382812 0.5186727643013 0 0.2814396917819977 2.121769025921822 0 12.96463737636805 7.288095228374004
11.66914527118206 37.86127872020006 68.07707162946463 7.21481466293335 17.11521197110415 200.0555464327335 532.993751488626 44.16394041478634 20.78854499012232 2635.265446737409 57.97349761426449 32.21428405493498 729.2582086846232 262.0934860706329 11.74927145987749 23.12872318178415 0.2087980508804321 0.344319149851799 0 0.1149575337767601 0 21.71096915006638 0.1650459766387939 0.5972276329994202 1.864185333251953 0 1.883399032056332 0.9843423515558243 1.723764419555664 0 18.29767666012049 5.169613011181355 128.420078843832 0 0.2706941440701485 0.2280706241726875 245.4310168325901 8.018124982714653 12.68150164932013 1.24721447378397 0 0.5687096938490868 0.5200230628252029 4.224785469472408 0.1628258973360062 0.8262391090393066 18.14603081345558 0.362164206802845 0.4000875204801559 0.6483246833086014 0.7830316871404648 12.50130631029606 6.848849512636662 0.09789466112852097 0 0.1785397753119469 5.948405481874943 8.070541389286518 0.519979864358902 2.420465067028999 0.1212306320667267 7.268861852586269 0 15.44178278744221 1.151625998318195 0.1948425099253654 0.7986518368124962 0.2879730463027954 0.2222538590431213 0 108.4303418248892 9.554682508111 0 7.269971057772636 9.071544870734215 13.56145403534174 13.47242872416973 24.70808489620686 0.9461256489157677 44.86457009613514 0.2325665727257729 5.324627071619034 0.8181458041071892 0 0.4592227712273598 0.7252396866679192 0.1677008122205734 0 0.7606584876775742 0.7676046043634415 1.581618413329124 2.227362781763077 0.1159713566303253 0.3587638288736343 1.909948237240314 545.3271820098162 29.48865731060505 1.948498606681824 16.76521879434586 41.00792513042688 2.046971082687378 9.343959555029869 23.29732571542263 10.19026710093021 19.65785674750805 62.76901638507843 52.15840481221676 48.29039624333382 101.8202818110585 97.11445480585098 21.13438085466623 91.15555113554001 175.4317001253366 137.9890361130238 43.02909058332443 0 0 0.1926117986440659 0.3506945297122002 0 0 0 0 0.1861807554960251 0.7555634379386902 0.435437798500061 0.4305165857076645 0.6381855681538582 0.3274455964565277 0.6496939137578011 0 1.399803571403027 1.355198189616203 0.1345812827348709 5.154951214790344 3.496255964040756 0 0 0 10.74413606524467 0.3020111620426178 11.5233410820365 1.812767826020718 1.7231734842062 0 0.1548973023891449 0.1800676882266998 0 0.1583376079797745 0.9584662839770317 0 0.1206225678324699 0.4571195244789124 0.1230818033218384 0 1.879453331232071 4.188324175775051 0.1565110385417938 0 0 0.1376490741968155 0.1189043521881104 2.323233559727669 0.3101092278957367 0.3733549416065216 0 9.267753385007381 3.885751269757748 0 0.1352743357419968 0.2579150497913361 0 0 0 0.327791839838028 0.4647400379180908 29.0513199865818 10.0239874869585 0.9847548454999924 0 0.5018194168806076 18.91409197449684 0.3185119330883026 4.391747005283833 0 0.194830134510994 0.1616557091474533 0 0.13143689930439 0.3945228159427643 0.3193124532699585 0.1995903551578522 0.1295590847730637 0.4597091227769852 0.114519901573658 0.2529109120368958 0 74.51528102904558 9.356878355145454 5.331573247909546 86.73173199594021 1.425249293446541 47.66207887977362 23.54527392983437 58.37517581880093 2.710655570030212 0.3974987268447876 16.134636066854 2.522250778973103 0 6.02545341104269 2.143714070320129 16.38351765275002 0.2614819630980492 0 0.3034813702106476 1.513021759688854 0 691.5626662299037 135.1929578483105
43.51347541064024 650.6967241317034 538.1638029962778 145.3779719695449 424.0113377571106 110.4172542542219 3842.008639067411 346.3512427583337 423.5088036358356 4551.798012815416 689.5722437053919 729.2582086846232 1263.118139818311 3431.5989927724 42.34826922416687 67.77915979921818 2.033000260591507 1.028503507375717 0 0.4664836227893829 0.1519477218389511 24.06665969640017 0.5469670593738556 2.223419427871704 6.688100285828114 0.1738510876893997 3.354580424726009 2.019014589488506 2.544558137655258 0.6553270816802979 87.18074079602957 17.42733407020569 451.4033894315362 0 1.118466511368752 1.621008917689323 294.9785777032375 16.14604795724154 50.75304299592972 5.658098794519901 0.1088652908802032 1.66198256611824 0.3840261772274971 14.41820696741343 0.446540854871273 0.244814820587635 78.34909483790398 2.279759339988232 1.063735328614712 0.6272223740816116 3.345783315598965 15.45160882174969 7.369177170097828 0.9948688447475433 0.1523789018392563 2.859459333121777 25.23570527881384 33.49439830332994 9.710378736257553 13.82445446401834 0.2060854658484459 24.47442389279604 0 60.48705171793699 3.404641561210155 3.360987067222595 4.366529710590839 1.429670251905918 0.6896909102797508 0.1541977673768997 441.2217589765787 13.25734556466341 0.5571296662092209 34.87189688533545 36.08481323719025 45.06189970672131 40.64854968339205 88.06966583430767 4.320765346288681 314.4629339501262 0.582833930850029 32.27763251215219 1.877018190920353 0.3548606634140015 2.089665614068508 3.751058727502823 0.2116961032152176 0.3251808434724808 2.259058505296707 1.022644087672234 3.507595367729664 1.97247052192688 1.118969321250916 1.827681213617325 2.321923784911633 876.4650940895081 51.85096527636051 3.047087818384171 37.64288637042046 35.72407465428114 10.82709814608097 12.1808428093791 39.50627498328686 16.8636177033186 45.731993958354 128.2271718606353 63.30277036875486 98.87233509123325 170.7365416362882 207.6810998991132 38.47833950817585 181.8102542459965 332.7049341648817 271.5799853354692 78.9801122173667 0.1553702354431152 0.6301842778921127 0 0 0.151625856757164 0 0 0 0.2789835631847382 0.3350952565670013 0 0.6069625020027161 0.5875874385237694 0.1775561273097992 0.3148602992296219 1.485053971409798 0.7102415785193443 1.105504721403122 0.806868240237236 13.16221401840448 3.986228071153164 0 0.5392399728298187 0.222478486597538 23.67695745080709 1.385295212268829 27.90194419771433 3.71440726518631 2.060442321002483 0 0.5294845029711723 0 0 0.318499356508255 0.262738972902298 0 0 0.8620903342962265 0 0.1488542556762695 2.044897332787514 3.10801100730896 2.169474706053734 0.3966503515839577 0 0.257608488202095 1.419799193739891 5.326815620064735 0.4607121199369431 0.2215759456157684 0.5708379298448563 39.33633482456207 10.84489216655493 0.6576415300369263 0.5532456859946251 0 0.1211467608809471 0 0.4018543288111687 0.2373834550380707 0.9054417610168457 61.13041467219591 18.71520707756281 1.727070927619934 0.2659675106406212 1.348630525171757 27.40297431498766 0.7648270502686501 12.02248314768076 1.789077915251255 2.951860494911671 0.1851315498352051 0.4274034053087234 0.2727384567260742 0.5190456360578537 0 1.091720744967461 0.1626352369785309 1.382013939321041 0.9637753590941429 0.7701626718044281 0 103.0478829592466 21.70179353654385 15.57912719994783 400.0364142283797 5.60425691306591 255.1360236406326 95.60716013610363 77.71382162719965 20.70837257057428 4.947681203484535 65.75763552635908 3.395928643643856 0.2514777705073357 16.44093397259712 1.124297849833965 22.0885763913393 0.3720729351043701 0.2790695577859879 0.2194586247205734 4.784929618239403 0 680.4152974486351 225.7963350489736
