338.0385060682893 2265.229194976389 450.6830965429544 1563.606336966157 125.3689095303416 83.3337327837944 415.3776272758842 19.44140076637268 17.83841034770012 1213.111731089652 75.50793791562319 27.99492637068033 81.39770402759314 109.3747060969472 4.085619196295738 3.089114420115948 0.2823839485645294 0.09325433522462845 0.1220870167016983 0.0938197448849678 0.3294133841991425 0.7443770542740822 0.2883527502417564 0.4667097255587578 0.2220824360847473 0 0 0.6268465891480446 0.6124398857355118 0 1158.730860315263 9.075478233397007 78.70196010917425 0 0.5176671370863914 0.3896876499056816 38.7918443530798 0.7166684418916702 2.27964886277914 0.3846330270171165 0.4255719929933548 0.3075619637966156 0.1866879463195801 0.7589382007718086 0.4223391935229301 0.07719161361455917 119.5938547775149 11.49782435595989 0.7324216514825821 0.1933569237589836 0.8921483680605888 0.7400973364710808 0.3152499720454216 0.2107524797320366 13.70994447171688 7.152518674731255 239.7263497933745 691.2444534525275 49.03786315768957 97.78284711390734 0.07808028906583786 1.591467492282391 0.1071799546480179 87.12686307728291 9.368876770138741 1.107661373913288 1.759649440646172 0.4643288180232048 0.451793260872364 0.3560027405619621 26.36748996376991 0.9991336464881897 0.1618963629007339 250.6600789017975 51.63824692368507 43.81332066655159 12.85799507796764 1.791540525853634 1.46172047406435 31.06473848968744 0.6691806241869926 6.714778535068035 41.38427677005529 0.4772943183779716 4.806641034781933 4.985152684152126 0.6135482713580132 0 1.247678995132446 0.2326899766921997 0.6834996491670609 0.4142990782856941 0.47333974391222 2.0543078109622 0.7197400033473969 47.28442834317684 5.995737448334694 0 3.927829466760159 1114.497188795358 0 0 0.379620224237442 3.771739095449448 1.211268901824951 6.945053085684776 22.59255791455507 5.617854416370392 18.24043661355972 18.7943926602602 0.1855405271053314 7.210259191691875 14.97354997694492 6.138273887336254 9.770530559122562 0 0 0 0 0 0 0 0 0 0 0 0 0 0.2207854837179184 0 0 0 0 0 0 0 0 0.2139588743448257 0 1.03191164880991 0.8260881900787354 1.424911700189114 0.2180477231740952 0.09086029976606369 0 0 0 0 0.4447691142559052 0 0 0 0 0 0 0 0.1881521791219711 0.1176033318042755 0.1803305372595787 0 0.5107695758342743 0.120138019323349 0.2843114659190178 0 0 0 5.308231897652149 0 0 0 0.2820301353931427 0 0.08166272193193436 0 0 0 1.411840990185738 0 0 0 0.09171502292156219 1.690550357103348 0 0.4468250572681427 0 0.6134237051010132 0.1035731211304665 0 0 0 0.2685716524720192 0.09797676652669907 0 0.291639119386673 0.1031290516257286 0 0 5.313799507915974 1.145534873008728 0.1353632807731628 127.4601042717695 11.28631793707609 207.253678381443 18.07924762368202 824.7442382276058 29.06480564922094 1.384924434125423 2.335525013506413 12.25375655293465 0.1942223608493805 0 0.5396265834569931 55.46162605285645 0 0.409163311123848 0 1.453629925847054 0.3853667080402374 325.8618734180927 30.84456623345613
2265.229194976389 3939.253284756094 1884.117052905262 3037.426934719086 1640.051261737943 191.8832297623158 3022.728513035923 285.6145364493132 1754.299909517169 3112.113345094025 1020.620546959341 109.2087095454335 912.2076702192426 2361.249519772828 33.99158356338739 14.44205796718597 1.965903826057911 0.9925815165042877 0.5844129323959351 0.5177211463451385 0.7104855477809906 2.392108179628849 2.317451626062393 2.330789506435394 0 0.5354724377393723 0.2122969627380371 0.6480346620082855 0.8821949884295464 0 1723.715909227729 42.33052485436201 328.7019732668996 0.5182869955897331 0.7249089926481247 0.387365311384201 126.2252501323819 3.852657608687878 2.575194999575615 0.7738410830497742 0.9958024695515633 1.36151996254921 1.388012334704399 1.518098555505276 0.8883724883198738 1.31963873654604 299.1193702667952 12.97715935856104 2.94594332575798 1.233195617794991 2.702634885907173 0.6507744118571281 0.6839946582913399 0.9405589401721954 16.44903664290905 9.450125120580196 159.323140822351 502.9688438586891 52.30126604065299 131.7060556747019 2.948976635932922 6.748602941632271 0.4176525771617889 198.0879112631083 11.93967521190643 2.261723883450031 2.061184525489807 0.7119561657309532 3.523811459541321 1.401729866862297 69.84838487952948 0.7843019887804985 0.1514972895383835 308.9065768942237 137.7884762883186 184.0892221853137 65.03921007737517 12.35206359624863 7.461389400064945 123.1293382272124 3.17942912876606 24.14024054631591 41.70880726724863 0.5297678485512733 6.196555107831955 8.525633476674557 1.951400317251682 0.3012610152363777 1.81248215585947 0.3329320251941681 1.872746206820011 0.504415825009346 1.263048030436039 3.944938093423843 0.7253767773509026 40.129817917943 1.328659608960152 0 1.72355729341507 509.1493053510785 0.09138566255569458 0 0.6728469580411911 5.602202653884888 0.2302709966897964 4.55460087954998 4.3379897326231 2.788428589701653 12.21000229567289 5.873469710350037 0.8908814936876297 10.78849719464779 8.41453006118536 4.309757173061371 15.47156745940447 0.1020674929022789 0 0 0 0 0 0 0 0 0 0 0 0 0 0 0.1440185010433197 0 0.1244330331683159 0 0.6544374227523804 0 0 0 0 3.640366069972515 1.371654160320759 3.901384174823761 1.023026533424854 0.3604027777910233 0.09330280125141144 0.1404527872800827 0 0 0 0 0 0.3081902265548706 0.3897073119878769 0 0 0 0.7658446580171585 0 0.1602268293499947 0 0.3227311447262764 0.2402473762631416 0 0 0 0.1827388554811478 3.743817120790482 0 0 0.1047978103160858 0.07611532509326935 0 0.08510364592075348 0 0 0 3.364732712507248 0.3126525282859802 0 0 0 0.9984414204955101 0.2469038069248199 0.5702171251177788 0.9201084971427917 0 0.0832044705748558 0.1556964367628098 0 0 0.2722671031951904 0.09215119481086731 0 0.4393120780587196 0 0 0 8.776979386806488 1.740777984261513 1.211376011371613 311.5687627866864 16.22126356512308 532.4670187532902 76.94636557251215 241.1859453320503 76.95998802036047 6.424646154046059 38.57608918845654 2.133344911038876 0 2.467850603163242 0.2488097101449966 8.746118023991585 0 0 0 7.472737424075603 1.75164794921875 113.8377012759447 9.063185967504978
450.6830965429544 1884.117052905262 1494.44432862103 153.3066290318966 624.8785914555192 18.49430477619171 326.8899064287543 1206.882380254567 963.3888727501035 126.6677051633596 2322.822844706476 40.05599290877581 206.9837552979589 1210.417686186731 13.44471944868565 7.39947385340929 3.376650124788284 0.3660414516925812 0.7272506207227707 1.041692093014717 1.455542512238026 2.482544556260109 5.178929187357426 3.102748796343803 0.4991929978132248 1.381538785994053 0.7531640380620956 0 1.800607115030289 0 3050.569669134915 614.6954874545336 519.9880847483873 1.016949340701103 3.440104641020298 0.5189592018723488 167.7934391573071 6.100465767085552 5.457623817026615 0.8326382264494896 2.294571213424206 3.862703189253807 1.193808920681477 0.6282432377338409 1.412817440927029 1.231876976788044 83.63723769783974 3.728025481104851 1.643401682376862 0.6436280459165573 1.067721903324127 1.471598662436008 1.536982297897339 1.100321151316166 4.42650742828846 3.044332817196846 61.71315379440784 544.6788414791226 15.6872805096209 40.79205396771431 3.292400062084198 26.8341169655323 0.8214438110589981 598.7874367684126 3.937655560672283 0.8058477193117142 0.5716734454035759 0.9392665326595306 3.114915370941162 4.091277837753296 76.42939858883619 0.5448112264275551 0 125.2679794430733 89.6556808128953 52.84671337157488 39.33078723400831 36.52200179547071 70.13440668582916 532.4790478497744 3.813023887574673 132.1127153709531 11.56413684040308 0.09781792759895325 1.474903956055641 2.4542640671134 0.382287859916687 0 0.4505572319030762 0.7420403212308884 0.7077672705054283 0.5840234756469727 4.038653820753098 4.694374457001686 2.464517176151276 20.18858227878809 2.285833217203617 0 2.960637614130974 248.8273447155952 0 0.6371869444847107 0 1.017971470952034 0 1.065362609922886 0.724257580935955 1.196340918540955 2.855385862290859 2.13325309753418 0.5031772330403328 4.72016978263855 3.916205607354641 1.819399930536747 7.414963282644749 0.2642127051949501 0 0 0 0 0 0.1575240045785904 0 0 0.1214546114206314 0.1826833188533783 0 0.7447268068790436 0 0.2047891914844513 0 0.513094961643219 0.2510139867663383 0 0 0 0 0.112469308078289 0 3.437261939048767 1.201083451509476 3.426946640014648 1.302760429680347 0.7259470224380493 0 0 0 0 0 0 0 0.5305082052946091 0.5425001531839371 0 0 0.09769529104232788 0.8113090991973877 0.4808100610971451 0.215592235326767 0 0.3559660762548447 0 0 0 0.2437610179185867 0.9624647498130798 2.401498787105083 0 0.2085669934749603 0 0.07764886319637299 0 0 0.1946375593543053 0 0 1.677765898406506 0.6271804645657539 0.0782775804400444 0 0 1.179722659289837 0 1.201158940792084 0.09926842153072357 0 0.2890580296516418 0 0 0 0.1022112220525742 0 0 0.125234916806221 0 0 0 1.959588244557381 1.793091237545013 2.027453802525997 118.0714151114225 4.262112911790609 117.2223063707352 20.6617478504777 78.60844438523054 14.85552445799112 1.176290638744831 6.964930899441242 2.122375965118408 0 0.5397011190652847 0.1538168340921402 2.203240916132927 0 0 0 2.278271682560444 0.3310159891843796 27.23006642609835 3.183543629944324
1563.606336966157 3037.426934719086 153.3066290318966 320.9350307732821 147.7519206777215 231.2650119066238 696.2142239809036 0.7261075004935265 11.22411689907312 2479.329142540693 15.84537862986326 73.85220164060593 366.4381340816617 157.1164635047317 2.179421536624432 0.3332004249095917 0.08797661960124969 0.08181745558977127 0 0 0 0 0 0 0 0 0 0.136913537979126 0 0 236.1562209278345 3.735464878380299 18.22454528510571 0.1007836684584618 0 0 11.70356980711222 0 0.1247592195868492 0.100300133228302 0 0.1083070859313011 0.1331804692745209 0.08665043115615845 0.09159289300441742 0 64.65507577359676 1.753357149660587 0.544798456132412 0 0.5771792605519295 0 0.1168761402368546 0 3.646258443593979 2.889942638576031 42.17595447599888 94.24783452600241 12.2937079668045 31.66112548112869 0.07263189554214478 0.3905863165855408 0 24.5140620097518 2.374923728406429 0.4290024489164352 0.2560064345598221 0.289129264652729 0.1837186515331268 0 8.255409710109234 0 0 65.24064871668816 19.67164809256792 27.32906537503004 6.110175788402557 0.5199852958321571 0.175797775387764 3.480716437101364 0.5357235074043274 0.1798242852091789 10.56373312324286 0.253262035548687 1.142544567584991 1.045427605509758 0.2816895917057991 0 0.1602330133318901 0.09345211833715439 0.2383808866143227 0.1812276169657707 0 0.2728149592876434 0 34.54324562847614 0.2788044512271881 0.6473548412322998 0.157319113612175 717.0821682587266 0 2.714135631918907 7.093795172870159 13.70643065869808 0 27.83399246633053 42.36141012609005 15.11503902077675 30.57301091402769 12.98102417588234 0 11.38605944812298 16.14725317060947 4.903353169560432 6.644432127475739 0 0 0 0 0 0 0 0 0 0 0 0 0 0 0 0 0 0 0 0 0.2112551778554916 0 0 0 1.478667855262756 0.1417224705219269 1.118590861558914 0.1045383512973785 0 0 0 0 0 0 0 0 0.4653515070676804 0.1715887188911438 0 0 0 0 0.1281346827745438 0.1103784665465355 0 0.3270459622144699 0.09900616854429245 0.1017942279577255 0 0 0 0.5335039645433426 0 0.2542705833911896 0 0 0 0 0 0 0 1.899411574006081 0 0 0 0 0.8876965343952179 0 0 0.7017640694975853 0.09096213430166245 0 0 0 0 0 0 0.09997694194316864 0 0.1205103546380997 0 0 4.249913036823273 0.7259434312582016 0.5153278410434723 83.12753686308861 1.442365534603596 95.11920785158873 11.25245783478022 736.8376196250319 21.05287883430719 1.204531796276569 3.392558947205544 7.082815915346146 0 1.414648815989494 0.2596477568149567 18.47358065843582 0 0 0 0.5887188240885735 0 333.7354810163379 20.03402642905712
125.3689095303416 1640.051261737943 624.8785914555192 147.7519206777215 1024.446388930082 8.087704390287399 1972.82809381932 149.0390998870134 3184.258944138885 562.9074340984225 615.1418517827988 53.65383622795343 471.6198607087135 2962.877042867243 15.81933218985796 7.800634436309338 1.364522710442543 0.2894620224833488 0.4653808102011681 0.2962455153465271 0.3749233037233353 0.1103399991989136 1.834285713732243 1.119059942662716 0 0.09281998872756958 0.08882997184991837 0.2393149957060814 0 0 151.6216367073357 11.67989738285542 63.3272111043334 0.3081568107008934 0.7409889847040176 0 23.33584463596344 0 0.7110165357589722 0.06983179599046707 0.634930782020092 0.5299134403467178 1.16233791410923 1.54869107156992 0.8050742670893669 1.009420193731785 89.20599822700024 2.997570879757404 1.44831009209156 0.4302018061280251 0.4106711745262146 0 0.0984489843249321 0.3995644524693489 1.912492275238037 1.784661442041397 21.96658187359571 57.59754328802228 8.011959046125412 26.92796017974615 1.332220882177353 2.89538985490799 0.2623078972101212 51.63917372375727 2.679282948374748 0.1451015621423721 0.3326900973916054 0.6171271950006485 1.738112673163414 2.590291261672974 15.13229206204414 0.2716464698314667 0 49.14599137380719 24.36270592361689 54.96127756685019 20.60074983537197 4.852302595973015 5.92122895270586 20.10756573081017 3.010620348155499 9.252868339419365 6.33501274138689 0 1.150849550962448 1.20416583865881 0.4438797533512115 0 0.06666791439056396 0 0.6472682952880859 0.112680695950985 1.00522343069315 1.515520036220551 0.3316200971603394 23.471230648458 0.3218731880187988 0 1.373361051082611 27.68465232849121 0 0 0.9505171179771423 0.4024556130170822 0 3.185452938079834 1.210095316171646 2.285478115081787 5.950207337737083 4.701973490417004 0.1183683499693871 7.065140664577484 7.448433130979538 3.049321606755257 8.977176904678345 0 0 0 0 0 0 0 0 0 0 0 0 0 0 0 0 0 0 0 0 0 0 0 0 1.468958683311939 0.3241433203220367 2.030138291418552 0.914977453649044 0 0 0 0 0 0 0 0 0.3319650217890739 0 0 0 0 0 0 0 0 0 0 0 0 0 0 1.624482221901417 0.1401703506708145 0 0 0 0 0 0 0 0 1.42563820630312 0 0 0 0 0.8039582222700119 0 0.4089012816548347 0.507100336253643 0.2447296977043152 0.2167541012167931 0 0 0 0 0 0 0 0 0 0 3.666700311005116 2.072303511202335 1.218660749495029 144.6323267892003 5.598881997168064 155.7738606110215 27.89630613476038 35.43672830611467 26.20333084464073 0.8422721028327942 23.19402480125427 2.063086748123169 0 0.338723212480545 0.1685736477375031 5.560645498335361 0.1050486117601395 0.343160480260849 0 5.341769613325596 1.160284072160721 25.6595404073596 6.804160974919796
83.3337327837944 191.8832297623158 18.49430477619171 231.2650119066238 8.087704390287399 2.099188163876534 60.16461446136236 0.4961804449558258 1.815155357122421 314.1423976272345 2.923201076686382 35.21946714818478 38.80352483689785 7.542052678763866 0.348894789814949 0.2276151031255722 0 0 0 0 0 0.4387109279632568 0 0 0 0 0 0 0 0.1084423884749413 85.720778465271 0 11.76415029168129 0 0 0 20.39888836443424 1.374934151768684 4.556794255971909 0 0.08289415389299393 0 0 0 0 0 2.426635876297951 0 0 0 0 0.7012404054403305 1.285735547542572 0 0.1034526154398918 0 21.28038232028484 22.49032592028379 0.6447406858205795 1.489519111812115 0.189638540148735 0.3195081353187561 0 1.305096164345741 0.1925534680485725 0 0 0 0 0 58.26023271679878 51.46062278747559 0.3461521118879318 2.475200906395912 0.4516075700521469 0.5365561917424202 0.4521167650818825 0 0 1.392117872834206 0 0 0.6354980021715164 0 0.07248178124427795 0.1668030917644501 0.1010725870728493 0 0 0 0 0 0 0 0 259.6766263991594 146.9342371374369 10.54042726755142 53.40883696079254 220.676996819675 0 0 1.535288453102112 0 0.4546836912631989 0.14894799888134 5.872250869870186 1.909013748168945 2.27250137925148 6.713874682784081 0.1690791696310043 1.759202092885971 3.918362587690353 2.281891688704491 1.042264558374882 0 0 0 0 0 0 0 0 0 0 0 0 0 0 0 0 0 0 0 0 0.413683146238327 0 0 0 0.8168146312236786 0 0.4734384343028069 0 0 0 0 0 0 0 0 0 0.7440115809440613 0.3830659687519073 0 0 0 0 0 0 0 0 0 0 0 0 0 0.1139263212680817 0 0 0 0 0 0 0 0 0 1.193125776946545 1.238374352455139 0 0 0 0.2506144046783447 0 0.1666377633810043 0.5037457346916199 0 0 0.2292102873325348 0 0 0 0 0 0 0 0 0 1.978551104664803 0.1234985962510109 0 3.656589522957802 0 4.65452616661787 0.3327786400914192 155.5951419323683 1.082549296319485 0.1189567744731903 0 2.604192733764648 0 0.634559154510498 0.1975689828395844 7.411645591259003 0 0 0 0 0 97.70159792155027 11.79409049451351
415.3776272758842 3022.728513035923 326.8899064287543 696.2142239809036 1972.82809381932 60.16461446136236 788.4172430001199 27.72422194480896 1179.197374887764 2175.932146698236 306.9737187027931 443.4054471552372 4496.513397790492 2036.952691823244 32.78839204460382 18.61722289025784 4.275300174951553 1.440593831241131 0.3826233744621277 0.7835406810045242 1.644514180719852 0.2759569883346558 2.946171931922436 2.429992236196995 0 0.4086086750030518 0 0.2871271446347237 0.9159669801592827 0.1034710183739662 132.1755753606558 19.53742563724518 157.2137119919062 1.054246313869953 0.6185330972075462 0.1463738083839417 53.95222266763449 0.5929552614688873 1.098600164055824 0 1.418397299945354 1.605890788137913 2.002416998147964 1.478176929056644 0.9019711911678314 1.445581756532192 171.3621384575963 4.605378493666649 2.735976971685886 0.9107872396707535 1.213757015764713 0.2609048783779144 0 0.4520625472068787 5.238955564796925 2.290794007480145 44.00506522879004 85.32592058926821 17.26003048568964 56.68263995274901 4.024238549172878 6.128595173358917 0.5600785687565804 69.79012943059206 2.584082301706076 0.2569475919008255 0.7345349788665771 0.2024340778589249 4.094053454697132 3.183733314275742 46.8174067735672 1.005491524934769 0 92.05144103616476 48.79884802550077 98.84176050871611 37.74613203853369 8.453980684280396 8.96235328912735 19.4794951453805 5.291603401303291 17.37173875421286 15.82438577711582 0.09700250625610352 2.908285140991211 2.722675494849682 1.322226032614708 0 0.7280748337507248 0.1166445091366768 0.8108400031924248 0 3.056179493665695 2.887106224894524 0.8192187175154686 123.3553192988038 2.735520288348198 0 3.282005131244659 55.03870560228825 0.6961124613881111 3.524981483817101 29.02922862023115 64.83549799025059 1.641990393400192 103.1875915825367 16.95428120344877 51.30078273266554 66.89851983636618 48.84098589420319 2.253407746553421 65.60279071331024 49.87445074319839 11.84623250365257 30.0307424813509 0.1040729284286499 0 0 0 0 0 0 0 0 0 0 0.370886892080307 0.5055743530392647 0.0865781158208847 0 0 0 0 0.4053763747215271 0.7602179795503616 0.4917256459593773 0 0 0.2051252871751785 8.201738603413105 3.118420749902725 9.807118058204651 0.9444201737642288 0 0.1457551121711731 0 0.1008561924099922 0 0 0 0 3.246625825762749 1.719903469085693 0 0 0 0 0 0.1625002846121788 1.062183223664761 0.0837462991476059 0.4103212282061577 1.154938459396362 0.3191017806529999 0 0.9806146323680878 6.033005863428116 0.5069004967808723 0.1825137063860893 0 0 0 0 0 0 0.08571584522724152 7.31690888106823 0.5149722546339035 0 0.2220601737499237 0.09272968769073486 5.341455027461052 0.2318473905324936 0.6804577857255936 1.722671113908291 1.610895983874798 1.594680868089199 0 0 0 0 0 0 0.2717121317982674 0 0 0 18.12090941518545 3.276223264634609 3.515239708125591 383.8203660547733 7.68177330493927 322.0179422870278 71.61711872369051 123.9213876798749 62.54282407462597 2.286885946989059 52.72073159366846 11.23220593482256 0 7.685997672379017 1.964808747172356 10.27510005235672 0.3819372206926346 0.1742463335394859 0 9.247334219515324 1.375127092003822 101.5991453081369 26.93539270758629
19.44140076637268 285.6145364493132 1206.882380254567 0.7261075004935265 149.0390998870134 0.4961804449558258 27.72422194480896 764.6070541739464 462.5481846928596 11.96373109519482 1478.378021635115 8.107096366584301 53.63195227831602 552.7342449575663 22.93899879604578 20.3383561745286 9.750928930938244 6.446029245853424 8.342721499502659 11.71218976378441 17.72661276906729 2.590136878192425 27.01037829369307 15.59037355333567 0.3793010041117668 1.936014071106911 1.263539426028728 1.489583313465118 2.023916713893414 0.4452185481786728 699.1807429865003 1298.540353134274 431.117540627718 14.54906226694584 11.7848514392972 1.590998739004135 61.04702881723642 5.872944414615631 2.651564687490463 2.241866283118725 10.23301746696234 8.75129871815443 27.36004553735256 44.73025134205818 19.49505301564932 31.83430451154709 79.76567704230547 4.244321502745152 7.989576816558838 4.669947780668736 3.379162214696407 1.565849721431732 0.9949254542589188 1.765446163713932 1.953079342842102 0.648947075009346 10.34720286726952 64.57807476073503 4.157475128769875 18.94453525543213 110.7147206962109 160.5679512992501 10.89706945419312 403.4948578998446 0.9449674636125565 0.3628847077488899 1.222127668559551 2.583284832537174 28.57186388224363 44.81810791790485 18.55769072473049 0.9011690020561218 0.1967024877667427 33.89361223578453 56.95964223146439 67.08992544561625 75.47002249956131 480.8552023097873 1295.027425229549 1150.715888217092 274.9118932783604 1282.800810221583 4.768948890268803 0 0.6396808251738548 0.530585028231144 3.497040078043938 0 0.6333139836788177 2.031530059874058 2.289195030927658 0.3196216821670532 24.01991787552834 20.44860019534826 4.921976789832115 3.547996178269386 0.728006511926651 0 0.7108525782823563 11.52835084497929 0 0 0 0 0 0 0.1880558133125305 0.2560642585158348 0.6420729905366898 0.3488104939460754 0 0.2177267596125603 0.5783985033631325 0 0.3253496587276459 0.1403186321258545 0 0 0 0 0 0 0 0 0 0 0 0.1253311485052109 0 0 0.1886389553546906 0.7584145665168762 0.4363203942775726 0 0 0.3686161935329437 0 0.2647828459739685 0 0.3138557299971581 0.2663942575454712 1.073789477348328 2.181150570511818 0.5322159230709076 0 0 0 0 0 0 0 0 0.1095706894993782 0 0 0 1.467139057815075 0.2801857143640518 0 0.1458771675825119 0 0 0 0 1.065143644809723 0 0.6206366270780563 0 0 0 0 0 0 0 0 0 0.6485932171344757 0.6136509031057358 0 0 0.1850568354129791 0 0 0.1294724941253662 0 0 0 0 0 0 0 0 0 0 0 0 0.08564919233322144 0.3526647612452507 1.174689300358295 1.594138354063034 82.04866714030504 4.833611525595188 106.2571288794279 19.95221446454525 6.76004645973444 9.813467644155025 0 5.920620203018188 2.89324888586998 0.09613826870918274 0 0 0.9421104788780212 0 0 0 2.356815502047539 0 6.227448262274265 0.9868491888046265
17.83841034770012 1754.299909517169 963.3888727501035 11.22411689907312 3184.258944138885 1.815155357122421 1179.197374887764 462.5481846928596 509.7493289485574 150.0958760157228 1090.695711761713 62.41145964711905 1310.380631610751 1225.987528763711 7.941908061504364 3.822532810270786 1.236669033765793 0.5978257358074188 0.2766700088977814 0.6229083314538002 0.6864823326468468 0.123982846736908 1.795749351382256 0.2186884209513664 0 0.1979541182518005 0 0 0.1712328642606735 0.1094838008284569 39.11062682420015 6.914370223879814 122.1601811349392 0.4669164642691612 0.4427026212215424 0 30.76844266057014 0.6823005676269531 0.3744631186127663 0.2216560617089272 0.4602025002241135 0.4818399995565414 0.3524869829416275 0.3933003172278404 0.7879510596394539 0.2898736149072647 29.87253773957491 0.304552249610424 0.9033494368195534 0.2645063847303391 0.4061709195375443 0.1043058782815933 0.2064364105463028 0.1387478709220886 0.8175180405378342 0.4389071986079216 5.399370662868023 11.09604440629482 2.058386906981468 8.677989967167377 1.234589606523514 2.226852923631668 0.4335359185934067 14.29815252125263 0.4411545172333717 0.1745074167847633 0.09152890741825104 0.113078735768795 0.8837578743696213 0.8679170832037926 15.33809831738472 0.332623302936554 0 13.30450310558081 7.864498764276505 19.33698391914368 8.461685568094254 3.260414734482765 5.090919077396393 78.9980300962925 1.584506526589394 26.55345946550369 1.878138534724712 0 0.462075836956501 0.0693090409040451 0.12542325258255 0 0.07185254245996475 0 0.3547971323132515 0 1.018823400139809 0.8796672448515892 0.2472168356180191 14.27338210493326 0 0 0 4.414372518658638 0 0 0.2628900408744812 0 0.1367575377225876 1.960448391735554 1.524116195738316 2.009595297276974 6.189214155077934 5.376580841839314 0 4.488490305840969 5.48082123696804 3.194128826260567 4.623275771737099 0 0 0 0 0 0 0 0 0 0 0 0 0 0 0 0 0 0 0 0 0.5500136539340019 0 0 0 0.7031304761767387 0.1301662623882294 1.413551829755306 0.3631866201758385 0.1241347119212151 0 0 0 0 0 0 0 0 0 0 0 0.09784566611051559 0 0 0 0 0 0 0 0 0 0 0.6844608783721924 0 0 0 0 0 0 0 0 0 2.019591130316257 0 0 0 0 0.4568720012903214 0 0 0 0.09901499003171921 0 0 0 0 0 0 0 0 0.08825485408306122 0 0 3.323188401758671 1.555842138826847 0.4125014543533325 78.45287165790796 1.965044632554054 53.72585152089596 14.28757531940937 13.78137509524822 11.32386927306652 0 16.25791136920452 1.386186957359314 0 0.3208477273583412 0 3.525605529546738 0 0 0 1.402075842022896 0.5542594194412231 8.572958670556545 3.986386515200138
1213.111731089652 3112.113345094025 126.6677051633596 2479.329142540693 562.9074340984225 314.1423976272345 2175.932146698236 11.96373109519482 150.0958760157228 2525.739466242492 64.98146803677082 3189.055169396102 7684.47095951438 928.0102532282472 16.56474220007658 6.118993252515793 2.200108364224434 1.071444638073444 0.549227699637413 0.2062615528702736 0.3463879451155663 0.7192458808422089 0.8052783831954002 0.3889713734388351 0.1091811284422874 0.4948322847485542 0.1773055195808411 0 0.2723753154277802 0.08822876214981079 211.6011203974485 38.11685013025999 221.4748334288597 0.7195884585380554 0 0.2412216365337372 325.4317304342985 4.572067931294441 4.266943648457527 0.1084241718053818 0.5018515884876251 0.9056105688214302 0.2042094096541405 0.3659752756357193 0.6673190221190453 0.4591973349452019 177.3207485303283 6.644903793931007 2.454597659409046 0.5094050392508507 0.3610222488641739 0 2.136191606521606 0.418911449611187 7.659553021192551 3.257860593497753 68.23235247284174 112.3414745330811 27.45765855908394 67.11772886291146 1.927405931055546 7.910406336188316 0.3148045614361763 68.95520980656147 4.696869410574436 0.9003725349903107 0.8954891115427017 0.4483150169253349 0.9583630338311195 0.811769150197506 518.9537711441517 6.251871973276138 0 129.8058726601303 48.28251302242279 85.43903351575136 20.52901940792799 2.774190984666348 2.047455132007599 8.682519666850567 0.3487402200698853 5.770277194678783 23.84986907243729 0.1874005198478699 3.074248380959034 2.781390152871609 0.5588929280638695 0.1016512140631676 0.5124214068055153 0 0.09961254894733429 0.5070548579096794 0.7675752937793732 1.679979622364044 0.16226527094841 633.9473003745079 94.25276070833206 0 32.24515648931265 355.749433234334 0.4536168575286865 1.38169938325882 30.57726273685694 81.98517814278603 3.229956261813641 139.9617007449269 74.89274831116199 55.19523234665394 288.4657963812351 153.1237833052874 3.178421005606651 251.7309249714017 289.2735607549548 121.0466494336724 84.7876041084528 0.38341224193573 0 0 0 0 0 0 0 0 0 0 0.09691871702671051 1.671254433691502 0 0.1480889022350311 0 0 0 0 0.5977097898721695 2.1850531026721 0.09353436529636383 0 0 9.683654330670834 5.505579054355621 19.98192533105612 2.526698000729084 0.1517847776412964 0 0 0 0 0 0.1009866967797279 0 3.05381041020155 2.53992061316967 0 0 0 0.4090726226568222 0 0 1.301933750510216 0 0.3404997512698174 0.2734228894114494 0 0 0.9762638211250305 13.18821634352207 0 0.1551937609910965 0 0.1896369010210037 0 0 0 0 0 16.70318209379911 0.8060648515820503 0 0.1452165096998215 0.2680067792534828 6.444308586418629 0.6063740849494934 5.918796509504318 0.9217238500714302 1.169050477445126 0.7291229516267776 0.1351476311683655 0.5734511315822601 0.09194344282150269 0 0 0 0.3120463863015175 0.09320496767759323 0.09960556775331497 0 62.51054640114307 7.381551578640938 5.780072838068008 598.4179224818945 7.910133130848408 369.0603723675013 75.52775043994188 640.5594414174557 88.32485310733318 2.237246103584766 94.86947740614414 29.95280965417624 0.1996495425701141 5.608800083398819 1.157508254051208 97.0387277752161 0.1835851669311523 0 0 8.437072545289993 0.3892615437507629 543.6168461591005 139.6675546765327
75.50793791562319 1020.620546959341 2322.822844706476 15.84537862986326 615.1418517827988 2.923201076686382 306.9737187027931 1478.378021635115 1090.695711761713 64.98146803677082 630.8688914850354 65.59372712671757 508.616541326046 2241.242945753038 16.779909722507 8.487335443496704 3.520135052502155 0.3881124034523964 0.7505760788917542 1.898308001458645 1.726224720478058 2.443054236471653 5.184123665094376 3.400892525911331 0.2093259766697884 0.7945760190486908 0 0.7499854788184166 2.371678397059441 0.3154919296503067 842.3373972252011 462.8630819395185 1167.756270669401 2.167959526181221 2.873736299574375 0.4821174293756485 264.2567958831787 8.816994272172451 3.154907591640949 2.369998320937157 2.724580630660057 3.559479609131813 2.300052717328072 1.308735594153404 1.422442510724068 2.587528273463249 60.5602704808116 2.72336883097887 2.213975705206394 1.301374033093452 1.849290497601032 1.829238839447498 0.2686430066823959 0.6178659573197365 1.086122743785381 0.8465715423226357 20.56314351782203 73.85217986255884 6.27206689119339 19.70750559866428 6.824891217052937 36.470338948071 0.2676872909069061 95.8165634945035 1.133976839482784 0.1689246967434883 0.4600338190793991 0.5018416941165924 3.57941559702158 3.720851235091686 102.6518035978079 0.6333050653338432 0.121201865375042 44.39747169986367 30.73095637559891 42.91625196486712 23.42288137972355 23.25520028918982 145.9264747053385 630.9411893114448 7.593643054366112 243.3919448107481 5.21957416087389 0 1.452464960515499 0.9260466620326042 1.331278525292873 0 0.7242665365338326 0.8186634182929993 0.9377015456557274 0.1161256432533264 2.865161456167698 4.752097710967064 2.766778163611889 13.54099529981613 1.903791606426239 0 0.9184561744332314 38.71565132588148 0 0 0.3541077896952629 0.1921171247959137 0.3547802865505219 0.7223362922668457 0.1347426623106003 0.795965388417244 1.379272446036339 1.183396607637405 0.2769328355789185 3.69280020147562 2.711785830557346 1.653480917215347 6.462569490075111 0 0 0 0 0 0 0 0 0 0 0.140560194849968 0 0.5196354612708092 0.1709770411252975 0.1277261078357697 0 0.3897890448570251 0 0 0 0.2135598808526993 0 0.2385137379169464 0 1.364848077297211 0.3758419901132584 0.753571055829525 1.280672408640385 0.1090499758720398 0.1534297317266464 0 0 0 0 0 0 0 0.3044785931706429 0 0 0.2632605284452438 0.4439640790224075 0.1680673062801361 0 0.2652127519249916 0 0 0 0 0.4262654781341553 0.2947057485580444 0.5991105064749718 0.1810717582702637 0 0 0 0 0 0 0 0 1.450190827250481 0.5243489220738411 0 0 0 1.356051817536354 0.3930710554122925 0.2182919606566429 0 0 0 0 0 0.08513344079256058 0 0 0 0.08490186184644699 0.08951655775308609 0 0 1.322155021131039 1.54153523594141 1.494314454495907 106.2276270762086 2.853403024375439 96.58225610852242 19.11284887045622 17.62181509286165 9.352654062211514 0.6246739998459816 7.453724071383476 0.553666889667511 0 0.9390576034784317 0 1.695488840341568 0 0 0.2074535340070724 5.327894121408463 0.1942568570375443 9.628306537866592 3.164631269872189
27.99492637068033 109.2087095454335 40.05599290877581 73.85220164060593 53.65383622795343 35.21946714818478 443.4054471552372 8.107096366584301 62.41145964711905 3189.055169396102 65.59372712671757 341.5878637433052 1582.477756880224 206.6877901926637 15.36659902334213 7.991784207522869 1.930034838616848 0.1098134070634842 0.1589259952306747 0 0.4346789196133614 1.126087501645088 1.644782416522503 1.599523261189461 0.08547497540712357 0.1386176645755768 0.2309895753860474 0.3888327926397324 1.03833170235157 0 36.07899859547615 3.54343618452549 88.14747691899538 0.2598962485790253 0.4860129356384277 0.1382379531860352 202.7721670642495 6.378103151917458 3.194580316543579 0.126001700758934 0.9943976476788521 0.4485856518149376 0.1693141013383865 0.3516276255249977 0.3190169259905815 0.2711041420698166 34.55461363494396 0.5194535255432129 0.3442497402429581 0.472034864127636 0.1606872826814651 0.4660040438175201 0.7028573751449585 0.7765854373574257 0.1951315104961395 0.08250587433576584 5.058933317661285 4.557849489152431 1.737654440104961 6.618616819381714 0.8577365353703499 3.798650234937668 0.2216158807277679 9.960150107741356 0.321513444185257 0 0.2225467935204506 0.0992644727230072 0.6403846368193626 0.3429232090711594 333.7578217163682 2.326055631041527 0 8.589998483657837 3.902780465781689 17.38212195038795 12.65268792212009 2.158950142562389 3.712146803736687 24.01620603352785 0.709477499127388 9.557705029845238 2.050596728920937 0 0.2492749094963074 0.1078727468848228 0.0840999037027359 0 0.08676606416702271 0 0.3367811515927315 0 1.267575763165951 1.59699459373951 0.4322460442781448 816.2685516104102 63.16908530890942 0 15.45642313361168 32.06361030042171 0.2594882845878601 0.262271411716938 6.47470011562109 4.242438614368439 4.311570219695568 18.25277987867594 21.09596372395754 24.98556190729141 65.04688138514757 53.06121874600649 3.331366345286369 60.61639019101858 103.9521185979247 33.60273258388042 89.04579722136259 0.3824040219187737 0.08510250598192215 0 0 0 0 0 0 0 0 0 0 2.039145618677139 0.09422630071640015 0 0 0 0.129436582326889 0 0.4845105111598969 0.4544268846511841 0 1.379851102828979 0 20.34110932797194 4.505251668393612 20.86847876012325 2.898414842784405 1.380891986191273 0 0.1153187453746796 0 0 0.4922556281089783 0 0 2.190886795520782 2.06578154116869 0 0 0.3174501955509186 0.2144817858934402 0.3118045032024384 0.1708509474992752 0.5383401587605476 0 0.5324688106775284 0.301940344274044 0 0 0.6876963600516319 18.78483112156391 0 0.335379958152771 0 0 0.07320739328861237 0 0 0 0 26.68403252214193 0.4318380132317543 0.399355411529541 0 0.0912824347615242 4.887435533106327 0 2.445028759539127 2.318460911512375 0.7144839391112328 1.00811405479908 0.1512981802225113 0.1749807670712471 0 0 0 0 0 0 0 0 53.98685070127249 13.10476956516504 3.869322791695595 216.9297459498048 1.945540942251682 70.97479129582644 17.15425002574921 67.50137388706207 9.282971382141113 0 9.412177175283432 12.69371085613966 0 6.011127389967442 0.8607112765312195 43.1469948142767 0 0 0.1388220489025116 5.776367962360382 0.2137036174535751 236.9318258315325 86.58045902103186
81.39770402759314 912.2076702192426 206.9837552979589 366.4381340816617 471.6198607087135 38.80352483689785 4496.513397790492 53.63195227831602 1310.380631610751 7684.47095951438 508.616541326046 1582.477756880224 2769.228752456605 3525.486659668386 41.50166220963001 23.35410511493683 4.730679214000702 1.460281632840633 0.3401803225278854 0.9222285822033882 2.213926039636135 2.674579799175262 5.011578962206841 3.655226685106754 0 0.5244161933660507 0.6454146206378937 0.2571137323975563 1.562860541045666 0.2360891997814178 92.04998226463795 19.02459190040827 725.4882902354002 1.141197428107262 2.990046113729477 0.4928075149655342 1025.053102336824 9.294702604413033 9.112371906638145 1.908625334501266 3.380527719855309 3.097894854843616 1.405107080936432 1.00683780759573 1.728237882256508 1.338233977556229 121.8944409266114 2.525730907917023 2.448481105268002 1.109716944396496 2.296500898897648 2.683347716927528 0.955263264477253 0.4143697470426559 2.248696386814117 0.9895141422748566 17.42054377496243 33.42542446404696 8.268541254103184 31.42233674228191 3.135415382683277 20.97854738682508 0.4403314366936684 42.44894886761904 0.946293368935585 0.4418215453624725 0.2112966179847717 0.7938531413674355 4.536054998636246 5.088992014527321 896.2489568591118 3.424832463264465 0 33.21215661615133 25.47901660203934 70.98136465996504 38.2345819324255 9.833709396421909 18.16770351678133 63.86261700093746 5.910243041813374 39.34549875557423 5.23721419274807 0.3582091629505157 0.7306342273950577 1.46717781573534 1.20040150731802 0 0.1432736068964005 1.087781175971031 0.4694942384958267 0.164236456155777 4.905861251056194 5.743046082556248 1.214530028402805 1150.989584088326 9.041299395263195 0 11.32055509090424 41.46446328610182 0.2516168355941772 2.073108971118927 9.435179777443409 16.50836965441704 5.196108601987362 80.25431303679943 37.14855159819126 46.53821181505919 162.3851029202342 76.3346501365304 5.572708874940872 166.7675574868917 173.2894598394632 57.47507247328758 108.8205208107829 1.271620810031891 0.5624400302767754 0 0.4503779858350754 0 0 0 0.1187427490949631 0.1069604381918907 0 0.2573067843914032 0 4.459007434546947 0.09981804341077805 0.2644705176353455 0 0.3791363760828972 0 0 1.089580904692411 1.654059574007988 0 0.3093168660998344 0 19.35286098718643 5.404693439602852 28.8610927015543 6.819699957966805 1.553446255624294 0.5856644660234451 0.7145687341690063 0.2777923047542572 0 0 0.8267270028591156 0 2.315280169248581 4.134976610541344 0 0.5065183043479919 0.1461916863918304 5.825261935591698 0.2544322088360786 0 0.2098422199487686 0.1105865836143494 0.3183207660913467 0.4523670673370361 0.1055567562580109 0.5404486656188965 0.4661352634429932 22.31395892798901 0.8613120466470718 0.5699381679296494 0 0 0 0 0 0 0 25.08282285928726 5.131588444113731 0 0.1174847930669785 0.4040858373045921 10.81062845140696 0 4.573535084724426 2.293597973883152 0.7051902487874031 1.567436322569847 0 0.2380056753754616 0 0.1127426326274872 0 0 0.09333343803882599 0 0.2493879497051239 0.2411686554551125 82.39439617842436 44.25574591010809 41.01680786907673 425.8011413663626 7.443277277052402 214.8357476443052 58.8301936686039 94.94372315704823 31.13375742733479 1.626392863690853 41.12766806036234 26.10285578668118 0.1514876484870911 13.67509630322456 1.27980001270771 36.66768802702427 0 0.3852145671844482 0.1668477952480316 17.36987961828709 0 228.2216232419014 95.93555323779583
