196.7776570692658 1399.427290916443 519.2475838512182 1674.561592020094 172.2566133588552 59.83772186934948 657.4712668657303 66.43210711330175 15.02014201134443 1495.351042836905 246.3096918985248 472.5289178565145 245.3475667908788 81.0066010504961 2.784343428909779 0.4735384881496429 0.2049801647663116 0.09755971282720566 0.1421122997999191 0 0 0 0.1055220738053322 0 0 0 0 0 0 0 270.6388548985124 6.14349240809679 38.94621649384499 0.1030022501945496 0 0 10.75720749795437 0.1630674004554749 0.3994585871696472 0 0 0 0.1485298722982407 0.8181544318795204 0.120089590549469 0.9788618981838226 27.98967548459768 8.518311686813831 0.4897154569625854 0.1367083489894867 0.1330327540636063 0 0 0.1749326884746552 23.52673142403364 19.35236239433289 415.729106746614 713.5547596886754 95.20161221921444 37.06223774701357 1.843883372843266 2.610960520803928 0 33.22173417359591 7.99050534516573 7.416514009237289 1.207391113042831 1.721803851425648 0 0.1058222874999046 19.39657585322857 3.858237951993942 0.1504897326231003 89.75691364705563 52.5620833709836 30.60661174356937 2.479976788163185 3.849940419197083 2.07570431381464 18.31512948870659 0.9147313982248306 2.352749675512314 23.76843481510878 0.1607209146022797 6.140279330313206 2.656812161207199 2.547594308853149 0 0 0 0.4183850288391113 0.1414201706647873 0 0 0 90.70585761964321 10.84804794192314 0.2221607565879822 0.5678933411836624 1458.629810526967 0 3.111870288848877 0.2487076073884964 0 0.2718421518802643 4.169104173779488 3.855335593223572 4.464114472270012 4.899007573723793 4.96670438349247 0 9.77767738699913 6.425324991345406 14.69287600368261 4.930628471076488 0 0 0 0 0 0 0 0 0 0 0 0 0 0 0.1135429367423058 0 0 0 0 0.1650595664978027 0.699702262878418 0 1.209525942802429 0.189960852265358 5.250097632408142 0.3013816773891449 3.558596037328243 0.8557696789503098 0.4099687933921814 0 0 0 0 0 0 0 0 0 0 0 0 0.09226273745298386 0 0 0 0 0.5286367982625961 0 0 0 0 1.614286780357361 0 0 0 0 0 0 0 0 0 7.637590892612934 0.2133359611034393 0 0 0 1.635533079504967 0 2.019434385001659 0.1963641047477722 0 0 0 0 0 0 0 0 0 0 0 0 7.134134143590927 1.123804673552513 4.329088762402534 161.2149386182427 2.628360651433468 185.7974422946572 25.01700215041637 932.5118380412459 33.63551267236471 1.61510743200779 7.065867081284523 18.94225509464741 0.2110550105571747 2.209663242101669 0.1834229826927185 17.30456040799618 0 0 0 2.27907906472683 0 188.1370261535048 2.294586598873138
1399.427290916443 1505.930329680443 2210.538055360317 1464.949873968959 2152.012615315616 54.49021227657795 1601.597471736372 244.5960783138871 472.8520959690213 818.4116149395704 1275.277447670698 129.9094861522317 373.2148444876075 387.8647291064262 15.97001472860575 3.007416412234306 0.8740188479423523 0.08741318434476852 0 0 0 0 0.1204644739627838 0 0 0 0.09784507751464844 0 0 0 1368.208576194942 43.50182505697012 137.3136098012328 0.4224968105554581 0 0 37.27662084251642 1.474175043404102 0.6424971967935562 1.040311239659786 0.3265522420406342 0.2900086045265198 0.1138975843787193 1.612538665533066 0.3254129961133003 1.023652732372284 139.5055075213313 10.06562322378159 0.9413724094629288 0.5871571823954582 0 0.1489828377962112 0 0 21.93804488331079 23.58188401162624 180.7071357443929 453.1181276738644 99.7717714831233 89.84294909983873 2.738282039761543 8.690003491938114 0.164108470082283 104.818629167974 10.44711482524872 10.66224602609873 1.518210865557194 2.133805572986603 0.7470527961850166 0.3266531899571419 59.59195238351822 0.8739072978496552 0 169.230899207294 133.4215566217899 146.2817032709718 14.89040497690439 9.493493869900703 3.952118240296841 51.84064535796642 0.7673413902521133 7.879874557256699 28.52332059293985 0.2064143791794777 6.885439813137054 2.242197602987289 5.295619480311871 0 0 0 0.1661432832479477 0 0.4889283031225204 0.2741239666938782 0.1396575123071671 24.49583321809769 6.088183268904686 0 2.224228337407112 1058.567527748644 1.929057277739048 0.6041568964719772 3.71659117937088 0.3457443714141846 3.74614929407835 17.79442504048347 6.429628223180771 10.76030069589615 25.06981913745403 16.2990642786026 2.543496236205101 36.61036436259747 21.90902170538902 40.5388168990612 19.83362298458815 0 0 0 0 0 0 0 0 0 0 0 0 0.2630239725112915 0 0 0 0.5746121406555176 0.4156184494495392 0 2.798964604735374 2.959467962384224 0 0.6063704192638397 0 22.81794281303883 2.05519300699234 18.54673140496016 4.862955339252949 1.528323248028755 0 0 0 0 0 0 0 0.5472415685653687 0.2747716903686523 0 0 0 0.4703826904296875 0.2534843683242798 0 0 0 0.4119919911026955 0.2280359715223312 0 0.6850361227989197 0 15.83868157863617 0.6884568631649017 0 0 0 0 0 0.09766782075166702 0 0 30.35160752385855 0.6836896538734436 0 0.1430323570966721 0 11.01164259761572 2.168322861194611 6.130931459367275 0.6198233067989349 0.1516129523515701 0 0 0.2130484580993652 0 0 0 0 0 0 0.1750339418649673 0 22.37951219826937 4.376799717545509 22.56885586678982 524.0547757968307 8.131606906652451 465.1380462646484 117.830532155931 380.865798547864 69.86220616847277 1.996911786496639 21.55470121651888 47.91174709051847 0.5009762346744537 7.310868725180626 2.693803861737251 24.4090678691864 0.9237375855445862 0 0.8800686150789261 20.23735198378563 0.5347699820995331 128.0938421785831 12.62350338697433
519.2475838512182 2210.538055360317 1197.721152693033 343.3426625952125 2835.648095816374 31.56312604248524 203.2967016771436 1958.443926393986 209.8667083755136 204.149651363492 1478.577922128141 81.84506643563509 489.5822415202856 706.3699541985989 24.69376991689205 5.621632739901543 0.8023227378726006 0.4527839124202728 0 0.1217134743928909 0 0 0.1130157336592674 0 0.7156819105148315 0 0 0 0 0 5000.412675075233 273.8353946357965 398.6880668848753 0.1963664591312408 0.2025078535079956 0 123.0447647944093 3.61280645430088 4.321020513772964 0.1948232501745224 0.3662042170763016 0.8565138727426529 0 2.160920016467571 0.2858659476041794 0.9075011312961578 56.44663477689028 4.869487956166267 0.2844313681125641 0.1453950256109238 0.3721009194850922 0 0.4302871823310852 0.3260932564735413 8.055445171892643 9.874408572912216 107.5711408033967 420.0098285451531 53.32972770184278 40.57723530381918 0.6179340183734894 42.27276577800512 0 56.15507297962904 3.745088495314121 4.178159207105637 0.8702022880315781 0.522023618221283 0.19524085521698 0.4002818092703819 176.1932607889175 0.1511949300765991 0 71.19970927387476 85.60197761654854 73.58633037656546 6.670321188867092 7.032869853079319 12.15436233580112 561.1897046342492 1.841481305658817 20.21585421264172 11.59840723127127 0 3.397085420787334 1.28928092867136 3.069446764886379 0 0 0 0.5831904411315918 0.1305619031190872 0.7399330362677574 0.6503506451845169 0.6594348251819611 28.02337367832661 16.45363572239876 0 9.395117439329624 455.3843501880765 3.41165953874588 3.716860271990299 2.882332742214203 1.968866840004921 5.806076183915138 33.91199141740799 14.1013839840889 21.68462374806404 11.699916690588 16.63844612240791 7.368598125874996 64.24835730344057 41.1452616378665 94.05376578122377 56.09520851075649 0.330963522195816 0.2756851017475128 0 0 0 0 0 0 0 0 0 0 0.5998433083295822 0.1634206175804138 0.1879192888736725 0 0.3200820535421371 0 0.2340002804994583 6.005923137068748 2.186868607997894 0.1162315979599953 0.8470636010169983 0 66.74327927082777 8.81969927251339 63.09720433503389 18.66570520401001 8.037796624004841 0 0.1257540136575699 0 0 0 0 0 0 1.803069770336151 0 0 0.1371404528617859 1.521027103066444 0.2979277968406677 0.3726168870925903 0 0 1.973584927618504 1.374158754944801 0.3830975294113159 1.477083653211594 6.749634474515915 48.63859438896179 1.254447042942047 0 0.4288737922906876 0 0 0 0 0 0 80.9912770614028 4.36941197514534 0.150171771645546 0 0 24.36554020643234 0.5140025019645691 19.03223459422588 4.658556014299393 2.252221286296844 0.3363844752311707 0.4369072318077087 0.3838215172290802 0 0 0 0 0.5079346895217896 0 0 0 43.84104084968567 21.61609433591366 68.49204950034618 431.3658421114087 4.593786671757698 198.156338147819 57.77671919763088 177.6598661765456 30.66298718005419 1.420303024351597 7.77382256090641 54.74646250903606 0 22.0893888771534 4.782130740582943 60.27211424708366 2.065461039543152 0 2.152070581912994 12.9217124581337 0.7092093825340271 78.91708156466484 23.87929345667362
1674.561592020094 1464.949873968959 343.3426625952125 713.0393066853285 298.1629676297307 369.0870040655136 970.6302141621709 5.466139428317547 27.58464577049017 2447.638078697026 61.97565294802189 2663.405666507781 1115.184636540711 41.30975025892258 2.794338583946228 0.9498570412397385 0.2370576784014702 0.08731244504451752 0 0 0 0 0 0.2872022986412048 0 0.147002711892128 0.157727912068367 0 0 0 113.5919927582145 6.670256420969963 21.47269573062658 0.409977063536644 0.1330195516347885 0 8.336695797741413 1.129863321781158 0.3272562921047211 0 0 0 0 1.281959362328053 0 0.1106325015425682 63.7602209225297 7.838176093995571 0.4185940846800804 0 0 0.3120365142822266 0 0.253557026386261 16.37710028141737 17.79359547048807 158.5076177343726 402.7159946635365 82.2885140106082 51.85118041932583 0.2541226372122765 1.29635813087225 0 55.63549396395683 6.52140274643898 6.4444834664464 1.231111444532871 1.547700844705105 0.2298822402954102 0.2303228080272675 15.33915849030018 0.1969584077596664 0 99.54663858562708 71.1513434201479 55.70451837778091 4.040528856217861 3.106286779046059 1.436968311667442 2.552784025669098 1.795808658003807 2.552408628165722 20.32965587824583 0.3554422333836555 4.253302901983261 2.201528966426849 2.119348473846912 0 0 0 0.2380747571587563 0.4193444550037384 0.09953930228948593 0.3762647211551666 0 85.71190270781517 4.659027308225632 0 1.435518451035023 472.1311262249947 0.5497153103351593 1.699800997972488 8.788053780794144 1.592952340841293 1.461104080080986 19.58294522762299 4.11154143512249 2.014214411377907 21.94338226318359 9.863610848784447 0.5817658752202988 8.848685517907143 4.583814963698387 9.838503688573837 4.890226900577545 0 0 0 0 0 0 0 0 0 0 0 0 0.2461790591478348 0 0 0 0 0 0 0.8810096681118011 0 0 0 0 5.462602682411671 0 2.437213346362114 0.1649164855480194 0.4640572667121887 0 0 0 0 0 0 0 0 0 0 0 0 0 0 0 0 0 0 0.1452988088130951 0 1.988369703292847 0 2.025348916649818 0 0 0 0 0 0 0 0 0 4.829385094344616 0 0 0 0 0.9299960136413574 0.3095030188560486 0.4061195850372314 0.3425682932138443 0 0 0 0 0 0 0 0 0.3365732431411743 0 0 0 10.31807371973991 1.664069011807442 3.708763487637043 244.513157710433 2.892106667160988 283.8241397738457 52.12024941295385 678.0620232373476 42.10248233377934 2.259130105376244 16.31623950600624 10.96245360374451 0.2466458529233932 0.8553548008203506 0.7610509991645813 12.495575517416 0 0.3378071039915085 0.6250652670860291 3.227714747190475 0.3298391997814178 203.7883723080158 4.092959061264992
172.2566133588552 2152.012615315616 2835.648095816374 298.1629676297307 1029.771237067878 3.905195489525795 2012.956731908023 751.0236165449023 1688.679015256464 401.7704931944609 1766.233748711646 39.16202013939619 106.5894165411592 239.1296830028296 13.6864757090807 1.984303884208202 0.1500920504331589 0 0.2200449258089066 0.1842266321182251 0.111862376332283 0 0 0 0 0 0.2726105228066444 0 0 0 167.445701956749 42.29998736083508 16.4444113522768 0 0 0 11.29723486304283 0.4175114929676056 0.8385201841592789 0 0 0 0.3617526292800903 0.6388188004493713 0.2120515331625938 0.3206350579857826 74.41881069540977 4.506506823003292 1.421842873096466 0 0.2550743222236633 0 0 0.1379298269748688 7.883069187402725 6.904362894594669 45.11144034564495 115.6752250939608 34.55516225099564 50.90419386327267 1.885597243905067 6.400892704725266 0 48.98368697613478 4.801157437264919 3.766727708280087 0.4976083412766457 0.5125646367669106 0.2207303270697594 0 19.9847566485405 0.5676987767219543 0 78.74447377026081 59.63633040338755 85.96709766238928 12.00926446169615 3.980584405362606 0.8820493966341019 5.153522938489914 0.6392425820231438 2.238911725580692 12.48287238180637 0 2.423834428191185 1.103695556521416 2.387941233813763 0 0 0 0.3780286759138107 0.1833881288766861 0.108128510415554 0 0.1556501537561417 6.078659653663635 3.779398240149021 0 1.776227861642838 71.83285432308912 1.74846613407135 2.203861504793167 0.2890341579914093 0 2.700848579406738 6.27617372572422 1.110622048377991 6.845561027526855 8.912452891469002 13.53169465065002 1.086383312940598 24.59679843485355 11.51658727228642 24.7971570417285 8.653784796595573 0 0.8888391256332397 0 0 0 0 0 0 0 0 0 0 0 0 0 0 0 0 0 0.6697358191013336 1.751271307468414 0 0 0 11.89444978535175 0.4005209505558014 8.613002508878708 3.353988781571388 0 0 0 0 0 0 0 0 0 0 0 0 0 0.3691478818655014 0 0 0 0 0 0.1029660329222679 0 0.3828888237476349 0 9.118545427918434 0.3244726657867432 0 0 0 0 0 0 0 0 21.25755316019058 0.367769330739975 0 0 0 7.68705291301012 0 4.086172208189964 2.123290717601776 1.248759210109711 0 0 0.2226811945438385 0 0 0 0 0 0.1026329547166824 0 0 16.3337150812149 3.394221916794777 11.82154011726379 320.8200268372893 5.55404294282198 231.3240413591266 78.2760189846158 68.30723186582327 32.86947427690029 1.228815570473671 14.13811133801937 15.46468047052622 0.2430734783411026 3.937256246805191 0.6628832221031189 8.060044050216675 0 0 0.2835932075977325 10.12441432476044 0.135678842663765 51.35845531523228 3.823632396757603
59.83772186934948 54.49021227657795 31.56312604248524 369.0870040655136 3.905195489525795 3.567186951637268 33.0576079338789 1.981363490223885 2.833982229232788 620.5683535933495 4.390432611107826 145.0058442652225 50.46518311649561 6.237399280071259 0 0 0 0 0 0 0 0.4874017238616943 0 0 0 0 0 0 0 0 20.55889658629894 0.1604036688804626 6.730464205145836 0 0 0 9.512048214673996 0 0.1687358021736145 0 0 0 0 0 0 0 0.4988935738801956 0.2619814276695251 0 0 0.2241797596216202 1.876106053590775 0 0 0 0.6799973621964455 77.33453817665577 20.49353111535311 4.24919193983078 0.7155673801898956 0 1.882962018251419 0 1.144713997840881 0 0 0 0 0 0 79.87685563415289 99.36801417171955 16.28817276656628 0.7159381434321404 0.6877266764640808 0.3581149056553841 0 0 0 0.1467671692371368 0 0 0.2309353947639465 2.045053720474243 0.1267974078655243 1.124217346310616 0 0.7044448405504227 1.403125986456871 2.791096657514572 0.9214591532945633 1.957713216543198 0.1304875612258911 0 0 215.7832130640745 189.6207916140556 11.65426138043404 11.6616033166647 188.2858423665166 0 0 0.255312442779541 0 0.1599901467561722 3.643446683883667 4.012278914451599 0.5426021814346313 3.922285959124565 5.432733282446861 0 4.241609916090965 2.10431857407093 3.727744296193123 1.3121098279953 0 0 0 0 0 0 0 0 0 0 0 0 0.1477509289979935 0 0 0 0.6066325753927231 0.3214639723300934 0.410455584526062 0 0 0 0 0 0.8090106397867203 0 0.499035656452179 0.6518856287002563 0.8736129254102707 0 0 0 0 0 0 0 0 0 0 0 0 1.145915575325489 0 0 0 0 0 0 0 0 0 0.3360909521579742 0 0 0 0 0 0 0 0 0 1.959348767995834 1.975670054554939 0 0 0 0 0 0.3988367468118668 0 0 0 0 0 0 0 0 0 0 0 0 0 4.511806175112724 1.607208326458931 1.453695602715015 16.46716719865799 0 4.192705899477005 0.1408420354127884 95.30958339571953 2.417274542152882 0.1326827108860016 0 1.734606385231018 0 0 0.1786170154809952 4.170300483703613 0.3665215671062469 0 0 0 0 43.60684880614281 6.346549272537231
657.4712668657303 1601.597471736372 203.2967016771436 970.6302141621709 2012.956731908023 33.0576079338789 1058.752814359963 217.036444850266 1884.233284763992 2671.456759907305 864.4302655905485 505.8950282111764 1450.594783306122 1002.20346108824 24.73342721909285 3.963461644947529 0.2368535548448563 0.1126428321003914 0 0 0 0 0.1383829861879349 0 0.12367894500494 0 0.1277062594890594 0 0 0 99.35357977449894 56.29966984689236 45.04398411512375 0 0 0 26.91680108010769 0.3621335700154305 1.28715917468071 0 0.7967159152030945 0 0 0.8746614530682564 0.1086373403668404 0.7250191941857338 116.0136125534773 5.213899984955788 0.3658797889947891 0.1130447760224342 0.1297130435705185 0 0 0.1006076037883759 9.353512391448021 8.932280041277409 55.65772789716721 95.40341062098742 39.28758043050766 67.46291660517454 1.465780593454838 8.89303919672966 0.1199114918708801 54.79921023547649 4.092463187873363 3.555988602340221 0.4509941190481186 0.8591400682926178 0 0 80.30979926884174 0 0 94.88649931550026 63.09439490735531 102.2723149880767 15.28391799330711 5.168067708611488 3.670520581305027 19.96280100941658 1.080318167805672 5.191085889935493 12.85017577558756 0.207663893699646 3.18749725073576 0.9915753155946732 2.369614653289318 0 0 0.123864971101284 0.2539320066571236 0 0.1202544122934341 0 0.2035617381334305 59.54375652968884 4.867840051651001 0 2.99627635627985 55.5175853073597 3.372085250914097 9.460185900330544 5.233059793710709 2.935370460152626 7.62585823237896 41.60630616545677 8.576528310775757 18.41555400192738 58.57318538427353 37.67231848835945 11.23924881219864 77.14653817564249 49.19298568367958 86.95333641022444 52.71178139746189 0.4108984172344208 0.279055118560791 0.1505814641714096 0 0 0 0 0 0 0 0 0.2012593895196915 0 0 0 0 0 0 0 4.59066553413868 7.140320748090744 0 0.8046225905418396 0 49.25843802839518 5.391609594225883 29.83640359342098 7.732821680605412 1.533928766846657 0 0 0 0 0 0 0 0 1.162587895989418 0 0 0 0 0 0.2248656749725342 0 0 1.656182967126369 1.129301823675632 0.6992005407810211 0 0 25.11725585907698 1.483862638473511 0.246221512556076 0 0.6625357568264008 0 0 0 0 0 75.5879932641983 2.314031556248665 0 0.2643364667892456 0 20.71078775078058 0.2731376588344574 14.92760943621397 4.858731530606747 1.454455345869064 1.35197351872921 0 0.1307520717382431 0 0 0 0 0 0 0 0 60.21841870248318 16.22740902751684 33.71653201431036 617.6016950011253 4.145811855792999 343.863486148417 132.427527397871 117.1705940961838 59.95444816350937 0.6777666062116623 16.03522112965584 78.61750945448875 0.3453186303377151 13.04946964979172 3.353969365358353 54.34990583360195 1.229213461279869 0.2913094013929367 0.8151300847530365 22.95775385946035 0.9479300081729889 170.7059400677681 25.25526221096516
66.43210711330175 244.5960783138871 1958.443926393986 5.466139428317547 751.0236165449023 1.981363490223885 217.036444850266 1076.978618904948 1445.784809634089 64.93857645243406 4023.876518681645 112.2291113585234 816.0270192846656 2495.028451316059 60.60966736078262 13.1508327126503 1.155211456120014 0.1461712867021561 0.3482182025909424 0.2983684241771698 0 0.1690532863140106 0.471577450633049 0.3006869554519653 1.956015735864639 0.7373189181089401 0.3387871980667114 0 0 0 398.9656549170613 1886.165504001081 379.9940427392721 1.245688505470753 0.650518387556076 0.6841787546873093 88.54050738364458 5.386811211705208 2.788746982812881 0.6537137478590012 0 0.3629785925149918 0.4508964046835899 5.314258076250553 0.5626412779092789 1.81707938760519 125.0835354924202 1.820924945175648 1.600545361638069 1.475475504994392 0.576718345284462 0 0 0.5426008850336075 3.341921336948872 3.118645817041397 33.69508658349514 77.07580461353064 21.75942254811525 44.64462041854858 5.059855774044991 24.314916215837 0.4927231669425964 164.776567876339 1.949635863304138 1.952995494008064 0.2911573499441147 0.7040325924754143 0.4725717306137085 1.305882275104523 104.2541656270623 0.8583425357937813 0.1861106604337692 61.5448617041111 102.5826669633389 136.1341693326831 82.64261475205421 75.75647014379501 477.379295617342 1660.705622605979 10.90892169624567 445.2105999365449 5.537822678685188 0.2422517091035843 1.29914602637291 0.4187300354242325 1.560298316180706 0 0 0 0.8833341747522354 0 1.500241227447987 0.6288914978504181 0.6537861898541451 18.6811233907938 3.810011498630047 0 4.44082935154438 53.16660219430923 1.32001369446516 2.457622706890106 1.400468900799751 0.5687011480331421 10.40378725528717 22.10319185256958 3.473867833614349 11.07487423717976 10.78452681005001 15.05834336578846 4.215525887906551 48.22680985927582 29.95705514401197 57.78442290425301 31.54658341407776 0.1466287225484848 0.3796829879283905 0 0 0 0 0 0 0 0 0 0 1.331365957856178 0 0.130849689245224 0.1639735251665115 0 0.1339404881000519 0 2.84496483206749 0.8290823996067047 0.1201992481946945 1.049411654472351 0 34.32255394756794 2.180371046066284 27.25185488909483 7.80109753459692 3.88743057101965 0.5033242702484131 0 0 0 0 0 0 0 0.6696478724479675 0 0.3397366106510162 0 2.192052938044071 0.1880361139774323 0 0 0.09900194406509399 0.6586668640375137 1.628670334815979 0 0 4.857419267296791 18.65486487746239 1.374128565192223 0 0.6066036522388458 0 0 0 0 0 0.3818281590938568 52.27336473017931 1.321337476372719 0 0 0 13.09704891592264 1.678244262933731 9.414192989468575 1.6541398614645 0.1030298396945 0.2857500314712524 0 0 0 0.3196907043457031 0 0 0.1364483833312988 0 0 0 27.06409139931202 9.176522068679333 29.685592032969 522.3186886385083 3.936056338250637 231.5012007430196 116.9415321946144 60.08240390568972 37.89473647624254 1.100671499967575 12.82561618834734 42.9995054602623 0 14.41045463085175 3.863113895058632 38.49683322012424 0 0 1.202814906835556 20.94095212221146 0.6547717452049255 49.64773842692375 13.32099023461342
15.02014201134443 472.8520959690213 209.8667083755136 27.58464577049017 1688.679015256464 2.833982229232788 1884.233284763992 1445.784809634089 542.8095357194543 400.5110152214766 2461.959070317447 80.21201472729445 390.7355787530541 688.6462582424283 23.7288836017251 3.714489363133907 0.1112148687243462 0 0 0.2069393545389175 0 0 0 0.3265394121408463 0 0 0 0.5051144957542419 0 0 48.6407478004694 59.41833502799273 25.50752772390842 0 0.1229915991425514 0 13.97131255269051 0.1973011493682861 0 0 0 0.1379464417695999 0 0.4263658821582794 0 0.4041917249560356 72.87193677574396 1.806229718029499 0 0 0 0 0 0.3788815438747406 3.901015490293503 2.852928422391415 20.84068274497986 35.92358736693859 14.33109394460917 35.93593559414148 0.3156222626566887 7.094638615846634 0 24.19810542464256 1.902968816459179 1.425255730748177 0.3794542327523232 0.2115125209093094 0.3301491737365723 0 33.45899084210396 1.015152454376221 0 48.40471310913563 32.28590200841427 80.7539976015687 13.77356983721256 3.918686546385288 0.957588367164135 10.54534047096968 0.5365623384714127 3.303495235741138 3.440317787230015 0.114949144423008 1.483270391821861 0.3515985533595085 1.020710654556751 0 0 0 0 0 0.202716052532196 0 0 16.57469786703587 3.242272257804871 0 2.146323427557945 17.20028934627771 1.080511868000031 0.812339261174202 2.516961812973022 0.227167621254921 4.078205227851868 17.41203516721725 6.355886578559875 12.49384447932243 11.19174897670746 16.10622090101242 1.866388231515884 37.71489001065493 32.0814031213522 49.71826294064522 28.9570899605751 0 0 0 0 0 0 0 0 0 0 0 0 0.7581118941307068 0.1607317179441452 0 0 0 0.2847998738288879 0 2.069397687911987 1.377591669559479 0 1.20632791519165 0 20.98334083706141 0.8437588810920715 12.64102609455585 6.052575521171093 0.3973893225193024 0 0 0 0 0 0 0 0 1.537365078926086 0 0 0.1745844632387161 0 0 0 0 0 0.2640754580497742 0.166085809469223 0.3203680217266083 0 1.817487299442291 17.76974869519472 0.141979843378067 0 0 0 0 0.1717099398374557 0 0 0 37.88161294907331 0.8040048778057098 0.1710595786571503 0 0 11.55616264045238 0 5.298649229109287 1.680890545248985 1.935944929718971 0.7302315384149551 0 0 0 0 0 0.1268618702888489 0 0 0 0 34.55080455541611 6.86347683519125 19.27790612727404 332.9056703001261 4.664274670183659 163.6832546964288 74.47977026551962 41.51794365048409 25.14838245511055 0.5531138703227043 11.36188864707947 28.68510756641626 0 6.117708876729012 2.420639529824257 18.44520546495914 0.3083018362522125 0.1406394392251968 0.1559779942035675 11.6018163561821 0.1887456327676773 55.13883666694164 12.54117184877396
1495.351042836905 818.4116149395704 204.149651363492 2447.638078697026 401.7704931944609 620.5683535933495 2671.456759907305 64.93857645243406 400.5110152214766 1036.445936284959 77.48245938122272 2870.84404207021 4741.035789452493 548.8362924084067 3.567903846502304 0.6384272649884224 0.1104388684034348 0 0 0 0 0 0 0 0 0 0 0 0 0 65.00498411804438 9.682195410132408 90.18304049968719 0 0 0 67.844667121768 1.319102540612221 0.1244308575987816 0.8001601696014404 0 0 0 0.2394320964813232 0 0.1149619519710541 28.73322764784098 3.823680520057678 0.3233229368925095 0 0.1361839920282364 0 0.9896427392959595 0.0990847572684288 9.962374031543732 9.219397068023682 93.76562406867743 205.2282078042626 45.48266989737749 23.91868527978659 0.3992470130324364 7.424782551825047 0.3278037309646606 28.97281235456467 3.995574660599232 4.962505593895912 0.5478968471288681 0.5298882499337196 0.2414265871047974 0.1936298310756683 180.2268045023084 0.1840070188045502 0 52.23314581811428 28.74148750305176 29.3195188716054 0.7063973844051361 1.791756689548492 0.7443668767809868 6.150898613035679 0.3894775956869125 2.006807401776314 10.30524786561728 0.2336758971214294 2.456698477268219 1.434629216790199 2.249968722462654 0 0.1084137335419655 0 0.4127920269966125 0 0.1288510411977768 0 0.2567690312862396 194.4978163391352 46.32885435223579 0.1785190254449844 3.917510613799095 375.922012835741 2.96946032345295 11.63196162879467 9.836815536022186 6.361477255821228 17.30560509860516 42.25326637923717 48.31389708817005 29.38797672092915 37.60385322570801 79.81210543215275 4.69937764108181 109.6815326288342 74.16743301600218 136.392532043159 34.34197963774204 0.4314610958099365 0.1923868507146835 0 0 0 0 0 0 0 0 0 0 0 0 0 0 0 0.2055823653936386 0 2.707533799111843 3.029574126005173 0 0 0 42.18734540790319 1.802090167999268 20.32925268262625 4.024413533508778 0.6563043147325516 0 0 0 0 0 0 0 0 0.1529997736215591 0 0 0.1716210246086121 0.4466754198074341 0 0 0 0 1.047700509428978 0.1292009502649307 2.349909633398056 0 0.6379011273384094 21.45356597006321 0.3391029834747314 0 0.1234372705221176 0 0 0 0 0.143745169043541 0 86.90428084880114 10.83601801097393 0.2192449122667313 0 0 11.49596258252859 0 6.024305269122124 0.7917974144220352 1.112281456589699 0 0 0.2337324619293213 0 0.3335022032260895 0.3157496154308319 0.4042348861694336 0 0 0 0 137.3636029288173 10.52182307839394 25.14204839617014 354.5547090396285 2.574615642428398 152.7623436152935 23.08559761941433 616.9346883967519 18.31219858676195 1.717977195978165 5.70394092053175 62.64512896537781 0 6.144560880959034 1.958395719528198 131.2196821644902 0 0 0 2.93726821988821 0.6703271269798279 739.4166711866856 86.56857930123806
246.3096918985248 1275.277447670698 1478.577922128141 61.97565294802189 1766.233748711646 4.390432611107826 864.4302655905485 4023.876518681645 2461.959070317447 77.48245938122272 1333.116448797286 156.7346940860152 1564.494244642556 3306.68849966675 43.76954210549593 11.56814448535442 1.73603643476963 0 0.5239632725715637 0.136701688170433 0.1451415419578552 0 0.4740016162395477 0.6084937155246735 0.4863188117742538 0 0 0.3039482980966568 0.1863616108894348 0 464.8415694236755 433.4945206269622 706.3934004157782 0 0.4138444662094116 0.1890047341585159 118.7527655214071 5.955340266227722 5.452598012983799 0.6684366464614868 0.3848047256469727 0 0 2.853804089128971 0.1350022852420807 1.483741343021393 64.36749805510044 1.286868117749691 0.2964945137500763 0.19271419942379 0.953749381005764 0 0.4848860800266266 0.8338612020015717 2.113910853862762 3.955904372036457 33.93296337872744 82.0184795036912 19.17518657445908 28.0989783629775 0.4288157075643539 13.20654583722353 0.3811581283807755 43.01099763810635 1.642613358795643 2.475903004407883 0.3769130259752274 0.4848983958363533 0.9066469296813011 1.051239103078842 92.92752691358328 0.6526678949594498 0.2518580853939056 45.45419190078974 42.61648215353489 62.69984854757786 11.00675035268068 11.22512118518353 20.60735815018415 674.7140428498387 0.8060130923986435 4.810025617480278 5.690784998238087 0 1.013006530702114 0.6194168925285339 1.740201905369759 0 0.5487990379333496 0 0.2593530863523483 0.3188002705574036 1.491187006235123 1.03456711769104 0.8105364292860031 19.33974212408066 3.168953090906143 0 2.608345791697502 116.5422872081399 1.090124025940895 2.882600069046021 6.486701369285583 0.5461506247520447 3.377666771411896 15.45071132481098 3.887286514043808 10.23414493352175 9.577933922410011 18.63347341120243 3.993905395269394 40.33189118653536 21.09156314283609 54.2801596224308 28.70467748492956 0.8543186187744141 0 0 0 0 0 0 0 0 0 0 0 0.7780919224023819 0 0 0 0.2524731159210205 0.1533737331628799 0.8190260082483292 1.003287687897682 1.338066324591637 0 0.1372917890548706 0 23.51123371720314 1.760290950536728 15.81923282891512 4.246967747807503 3.3627739995718 0 0 0 0 0 0 0 0.1146387383341789 0.3746015876531601 0 0 0 0.7528224065899849 0 0 0 0 0.3852681666612625 0 0.1417412310838699 0 2.039674341678619 16.54525610804558 0 0 0.1428243517875671 0 0 0 0 0.3458532243967056 0.2271633595228195 38.62393978238106 1.555291935801506 0 0 0.1552278846502304 11.694336168468 1.654531747102737 7.003268167376518 0.1669870764017105 0.4877813905477524 0.4056158065795898 0.238269567489624 0 0.2128617614507675 0 0 0 0.3324142023921013 0 0 0 28.66000857949257 9.785977728664875 20.7756457850337 356.0948784947395 2.652843803167343 164.6777883544564 73.78527560085058 51.17637304961681 21.34151681512594 0.9245984554290771 7.315858922898769 28.26635348051786 0.4173356294631958 6.854028135538101 2.020148143172264 19.92568600177765 0.9100451469421387 0 1.08614718914032 15.51182125508785 0.1602489650249481 52.01622027903795 9.149179548025131
472.5289178565145 129.9094861522317 81.84506643563509 2663.405666507781 39.16202013939619 145.0058442652225 505.8950282111764 112.2291113585234 80.21201472729445 2870.84404207021 156.7346940860152 229.8418018966913 1360.535489499569 397.021590270102 13.16287355870008 4.921655133366585 0.8227459788322449 0 0 0 0 0 0.1596507579088211 0 0 0 0 0 0 0 40.96948187798262 23.82096805423498 83.74313917011023 0.213966578245163 0 0.7347827553749084 172.6160067766905 3.157387986779213 5.077344283461571 0.2859620749950409 0 0 0 1.316346012055874 0 0.2452231645584106 23.75097603350878 1.6079266294837 0.2970321401953697 0 0.2420237734913826 1.259428322315216 0.1407373547554016 0.1403271108865738 3.375241599977016 3.769388921558857 33.6857735812664 69.93599390983582 16.96153344959021 12.32433822751045 0.5547155067324638 3.741495735943317 0 13.81327598541975 1.692691922187805 2.943508766591549 0.2764028385281563 1.026371821761131 0.4123306274414062 0 176.4591251835227 1.134454771876335 0 20.73458464443684 16.44038631767035 15.33922615647316 2.733271174132824 3.051878646016121 0.6948381960391998 16.06253442913294 0.2780463844537735 2.734871976077557 5.657293573021889 0 1.320559456944466 0.3004720062017441 0.8433704525232315 0 0 0 0.1362689882516861 0 0.2726750373840332 0 0 275.548376724124 47.28765139728785 0 4.084952689707279 81.22112863510847 2.412240736186504 4.719280764460564 6.031953729689121 3.417854174971581 8.033478006720543 37.46487227082253 11.01935166865587 26.08212168514729 24.57273958623409 45.29134173691273 5.635203458368778 107.1503727585077 69.42751865833998 141.23069486022 58.24451021105051 0.8227260783314705 0.2764245271682739 0 0 0 0 0 0 0 0 0 0 0 0 0.2357426732778549 0 0.900599017739296 0 0 3.442173570394516 4.084877878427505 0 1.268263578414917 0 56.6327983289957 3.839330583810806 28.67066338658333 7.161425799131393 1.89109180867672 0 0 0.1272243410348892 0 0 0 0 1.234004229307175 0.2603245303034782 0 0 0 0.3296556919813156 0.2499271184206009 0 0 0.219467893242836 1.193980187177658 1.787584252655506 0.4317164570093155 0 1.105191826820374 29.12981060892344 2.094529494643211 0.3888576179742813 0 0 0 0 0 0 0 116.7722015231848 5.58662037551403 0.748996838927269 0.2006029635667801 0 17.23338272422552 0 12.00374238193035 1.808437347412109 2.221275500953197 2.284272544085979 0 0.1180550679564476 0 0 0.436312273144722 0.5642297863960266 0.1534125506877899 0 0 0 99.08004583418369 18.38356173783541 41.22944682836533 196.6648289188743 0.7669946700334549 82.03228979557753 26.38267181813717 155.7016025334597 13.86418484896421 0.1036073416471481 5.667599253356457 56.35614592581987 0 10.69799840450287 2.202350109815598 49.28542123734951 0.4891270250082016 5.973837375640869 0 4.494335502386093 0 335.4330805763602 62.82044890522957
245.3475667908788 373.2148444876075 489.5822415202856 1115.184636540711 106.5894165411592 50.46518311649561 1450.594783306122 816.0270192846656 390.7355787530541 4741.035789452493 1564.494244642556 1360.535489499569 1902.483416311443 5054.492414712906 65.98430387675762 19.81462517380714 2.638030052185059 0.3446634262800217 0.6916199997067451 0.1291120797395706 0 0 0.1572751253843307 0.1551078855991364 0 0.3622795343399048 0 0 0.3843827694654465 0.2416087239980698 146.7772773504257 144.9189921244979 424.1691225394607 0 0.2979061901569366 0.1056763604283333 235.5586502328515 7.8685682117939 15.74281175434589 0.5552708506584167 0.1568748205900192 0.4658657014369965 0.7695814073085785 2.251630403101444 0.3773171901702881 0.7437898367643356 83.47577078640461 2.228049241006374 1.312545672059059 0.8699193149805069 0 0.619779109954834 1.043696060776711 0.1360445767641068 4.716572627425194 3.21016638725996 31.15575750172138 67.03531567007303 19.79961468279362 30.39355579763651 0.654230535030365 9.214849554002285 0 30.5063334479928 2.619797505438328 2.572648555040359 0.2856514602899551 0.7478776797652245 0.5217835083603859 0.6357425376772881 287.3556240275502 3.487911887466908 0.3041224032640457 43.49179703742266 31.05177392065525 79.57517053186893 16.4285938590765 13.04936274886131 2.892392486333847 102.6249489784241 1.385642163455486 5.178565084934235 3.8670504540205 0 1.50921868532896 0.3313149511814117 1.497055798768997 0 0.09797404706478119 0 0.9790713787078857 0.5774176120758057 1.346004702150822 0.8452697098255157 0.3379007279872894 634.4102011248469 58.10690355300903 0 7.006267890334129 90.21651668101549 8.985993295907974 9.37582078576088 17.61395906656981 8.60782165825367 26.47342197597027 90.01844219863415 24.93653904646635 61.77806124091148 67.08021784573793 93.33677230030298 20.29169871658087 237.6424314677715 155.419789724052 321.3400988951325 149.3790743350983 0.7094786316156387 0.3100676685571671 0.6095014214515686 0 0 0 0 0 0 0 0.8643816113471985 0.1560455709695816 0.4226348474621773 0 0.2836310863494873 0 0.749025285243988 0 0 8.698988318443298 8.513264305889606 0 2.057752162218094 0.2803367078304291 138.7203900441527 6.244053184986115 67.35447219014168 14.71917997300625 2.586638733744621 0 0 0 0.188450425863266 0 0.2511018216609955 0 0 2.856511451303959 0.1133517101407051 0 0.2233480662107468 0.901994377374649 0 0.4542730301618576 0.7836954891681671 0.1187109053134918 1.403480492532253 5.751986883580685 2.790749192237854 0 1.096155419945717 69.407481379807 4.275010898709297 0.6091699004173279 0.2956353724002838 0 0 0.2120946049690247 0 0 0 280.3686278760433 12.53785875439644 1.627615109086037 0 0 56.14376527070999 1.562892273068428 26.23736120015383 6.938003152608871 5.514354608952999 2.084831073880196 0.8079072684049606 0.6775184944272041 0.1117282807826996 0.1547144949436188 0.3532278090715408 0.5150554925203323 1.016751281917095 0 0 0 216.1496297568083 48.74713359028101 101.5471299141645 584.9925530701876 5.496301464736462 202.7760574221611 110.9710481390357 115.9514399692416 28.63374204188585 0.9189298897981644 10.19834749400616 107.0427618846297 0.1434268951416016 22.53011648356915 4.310467809438705 119.6091493815184 1.427765652537346 1.557953089475632 0.8640863001346588 24.92284251749516 0.3530523180961609 444.2518384382129 127.7998994961381
81.0066010504961 387.8647291064262 706.3699541985989 41.30975025892258 239.1296830028296 6.237399280071259 1002.20346108824 2495.028451316059 688.6462582424283 548.8362924084067 3306.68849966675 397.021590270102 5054.492414712906 1617.97982133925 63.0203395858407 17.64155035465956 1.505477145314217 0.4098198115825653 0 0.2299017012119293 0 0 0 0 1.914405465126038 0.1716931909322739 0.3256902545690536 0.3455626368522644 0 0 202.0705854222178 254.7791843265295 1823.032042853534 0.8348771780729294 0.7577205449342728 1.907985493540764 306.0363743081689 20.79458089917898 7.956237748265266 0.6529776602983475 0.7637682855129242 0.3164613246917725 0.4924129992723465 3.981583334505558 0.6356535106897354 1.231448121368885 78.69955158233643 1.261926159262657 0.371687039732933 0.2692079842090607 0.7728035300970078 0 0.1267412155866623 0.520314022898674 2.525183044373989 2.412494800984859 17.84460870176554 45.24117048084736 13.8073797672987 27.3080405369401 0.725756861269474 44.24897373467684 0.4294378906488419 40.47788569331169 1.421088181436062 1.415753170847893 0.1789662092924118 0.8071326687932014 1.014547973871231 0.8393808081746101 170.1922180429101 2.661112613976002 0.1569052636623383 42.05320423096418 34.39146094769239 85.29802566766739 17.00389524549246 15.33667536079884 17.98568258434534 344.8341145962477 1.049671836197376 14.09296780079603 3.074422016739845 0 0.4992040172219276 0.3892218843102455 0.4718871861696243 0 0 0 0.1477493345737457 0 0.4824718087911606 0.9100305289030075 0.4190242439508438 75.65229823440313 7.259076341986656 0 4.317871049046516 58.10815156251192 3.438830181956291 2.611798822879791 6.933471105992794 1.020838260650635 8.619548738002777 20.16953203082085 5.06138913333416 13.09270057082176 11.87016187608242 27.56263220310211 8.02355083823204 66.9021949917078 50.54422313719988 90.74930257350206 46.6663960441947 0.3086881041526794 0.1816210895776749 0 0 0 0 0 0 0 0 0.2935838997364044 0 1.873906150460243 0 0.2925442755222321 0.275887131690979 0.134152740240097 0 0.2601228952407837 2.200476199388504 3.310884982347488 0 1.098985627293587 0.1224464178085327 43.97781348973513 3.532947599887848 26.52879458665848 9.021720863878727 3.501536518335342 0.3537976741790771 0.2995949238538742 0 0 0.4003728032112122 0.3777829259634018 0 0 0 0 0 0.3473623692989349 2.28767467290163 0 0 0 0 0.2844244390726089 0.1087763532996178 0.8321534544229507 0.7683195471763611 0.9935903549194336 25.15935567766428 1.87098154425621 0.2744292318820953 0.3989191502332687 0 0 0 0.1437911242246628 0 0 90.5463353395462 6.149958893656731 0.7053414285182953 0 0 17.89098047465086 1.405389502644539 8.48884392529726 2.003684133291245 1.561970137059689 0.8177074193954468 0 0 0 0 0 0 0 0.1471031308174133 0 0 61.1851402670145 17.81497991085052 36.4412342980504 497.4365662783384 5.633760683238506 174.9121608659625 107.1377362310886 52.60008182376623 32.65492069721222 2.380455523729324 13.33093509823084 30.01686176657677 0.4119599759578705 11.18654076755047 2.151433259248734 31.95933052897453 0.5497961640357971 0 0.3459393084049225 15.39267752319574 0.1382889896631241 101.9374041855335 36.14087273180485
