591.7588319480419 3232.831111848354 399.8721942156553 1373.757314905524 99.78702573478222 137.1997526586056 1074.005731739104 126.4789281636477 22.40173698961735 1411.92241602391 194.536819986999 266.5920797511935 454.4705594033003 201.3888424113393 3.919962905347347 0.5584988296031952 0.1057551801204681 0 0 0.2027595937252045 0.1742145270109177 0.1838245093822479 0 0 0.201913446187973 0.1135489195585251 0 0 0 0 1262.809281587601 2.493082024157047 23.17527885735035 0.1508299559354782 0.2627099826931953 0.3971009403467178 3.908338591456413 0.5325097963213921 0.1371593028306961 0.1341971606016159 0.2685211300849915 0 0.1154713779687881 0.106953427195549 0 0 49.6416430324316 1.343755178153515 0 0 0 0.6075786352157593 0.1566650718450546 0 17.19431163370609 10.87920046597719 144.1131217554212 360.848383538425 34.2347546890378 48.15566799789667 1.085453502833843 5.600133895874023 0 3.846845738589764 6.987295500934124 6.319585986435413 1.249328531324863 0.3348281159996986 0 0 14.14335964620113 9.648768365383148 1.093554601073265 190.4803988859057 13.85863836854696 51.48618630319834 0.5239450633525848 0.5069789588451385 1.850862048566341 57.5873686671257 0.1931649148464203 3.021189540624619 27.64872630685568 2.05813817307353 1.562663540244102 7.108427673578262 0.3280546441674232 0.07666759192943573 2.368226110935211 0.684181772172451 0.8174773529171944 0.1432131975889206 0 0.1087004095315933 0.271605595946312 48.95275641977787 14.42387764155865 1.409111589193344 1.380999431014061 1862.428024485707 4.157870531082153 32.31215050816536 30.86761105060577 50.63740806281567 12.43465353548527 42.01283399760723 19.26915888488293 31.46468316018581 47.82665481418371 69.35300724953413 10.17246252298355 74.29303083568811 45.84447184205055 37.43542748689651 19.03978303819895 0 0.1172638833522797 0 0 0 0 0 0 0 0 0.4746898114681244 0 1.362996160984039 0 0.393195629119873 0 1.056863740086555 0 0 13.22446766495705 3.728284120559692 0.9617623686790466 9.214577093720436 0.9809492826461792 4.025710955262184 8.081855446100235 28.32708692550659 4.990900442004204 3.042916536331177 0.2014603763818741 0 0 0 2.969088971614838 2.121901258826256 0 0 0.5481070578098297 0 0 0.6493552923202515 3.31512700766325 0 0 0 0 1.480001300573349 0.1217596828937531 0.3343547582626343 8.370208859443665 7.043368965387344 24.99626082181931 0.3917795121669769 0 0 0 0 0 1.500690340995789 0 0.5176439881324768 7.44817379117012 0.1938111335039139 0 0 0 26.17229294776917 0.7542580962181091 6.893535554409027 0.09677612781524658 0 0.3145004510879517 1.066013395786285 0.6966211795806885 0 0 0 0 0 0.09199656546115875 0 0 15.13732607662678 4.648804180324078 5.921712286770344 324.5368775874376 12.72689460963011 111.6181773915887 31.98097908496857 1043.896485224366 23.32382670789957 43.51433683186769 2.644463606178761 19.04116726666689 1.589307725429535 5.403547063469887 4.239321574568748 56.86535061895847 0 13.65131737291813 0 0 0 790.270490206778 64.3344395160675
3232.831111848354 2872.441366054118 1689.002964496613 409.7184326052666 803.9107133001089 49.1848833784461 3745.904697984457 973.6453166380525 1218.321083277464 2061.067082427442 1263.910603448749 447.1977218389511 3114.91372602433 2870.734225831926 23.55038230866194 5.79196435213089 0.9099819511175156 0.1007215976715088 0.09700287133455276 0.9830123409628868 1.222298666834831 0 0 0 0.1700231730937958 0.1526456326246262 0 0.2919256761670113 0 0 2493.751553460956 49.75372835993767 70.067666657269 0.1733861714601517 0.6336547583341599 0.9451767206192017 4.418683528900146 1.752661220729351 0 0.4185619205236435 0.3254863321781158 0 0.4052592590451241 0.6793655008077621 0.4443092718720436 0.8699149414896965 208.7705053910613 6.479205451905727 0.08483735471963882 0.5037565305829048 0.5724554434418678 0 0 0.116603709757328 54.09154856204987 37.28057866543531 56.74692463129759 594.8121170848608 77.48971381038427 151.7204049378633 3.484714150428772 4.797724142670631 0.2083577364683151 72.73183885961771 30.51974406838417 28.08017125725746 4.215911533683538 1.130504950881004 0.758355438709259 2.661057062447071 6.071433074772358 1.336908996105194 0 532.4215956777334 178.8393448889256 258.0017862692475 14.16977498680353 1.139330178499222 12.45406033843756 225.0176629945636 2.842007771134377 16.04245144873857 94.77832911536098 8.082032293081284 11.3711574524641 23.08524040132761 1.542140021920204 0.1674458831548691 1.456070400774479 0.1563845500349998 1.224604211747646 0 2.834704913198948 2.368494525551796 0.716125875711441 75.00288314372301 2.016830995678902 0 0.3306016325950623 1462.909036636353 0.353631280362606 6.572184458374977 17.45802167803049 12.58046948164701 2.385441266000271 30.66701505333185 9.627495557069778 16.91302473843098 35.12628231942654 27.23115839809179 8.049737893044949 70.63774841278791 31.06264727562666 35.54484301060438 24.26863050460815 1.786207050085068 1.111473798751831 0 0 0 0 0 0 0 0 0 0 0 0 0 0.1737241744995117 0.3024633526802063 0 0 7.620322495698929 6.316089853644371 0 1.116308301687241 0 13.50975435227156 4.348201766610146 27.67916060239077 3.874787397682667 0 0.1686152666807175 0.2488352581858635 0 0.299587219953537 0.4856171607971191 1.314797207713127 0 0.5335026681423187 0.9637678042054176 0 0 0.1107568815350533 2.810535669326782 0.1124542653560638 0.6815691888332367 0.1142852455377579 0 0.1748148649930954 0.6518121063709259 0.2368273735046387 1.107882291078568 0.536423921585083 32.25171103328466 0.620424896478653 0 0 0 0 0 0 0 0.1199597418308258 18.46088574081659 0 0 0.1483869999647141 0.7278264462947845 24.03523480892181 0.3856908679008484 6.528249576687813 0.107729360461235 0.4716242551803589 0.3144131004810333 0.3142538964748383 1.318955659866333 0.1262376308441162 0.1978138610720634 0 0 0.1300348490476608 0.1056277453899384 0 0.1244893446564674 28.36227532476187 9.621652074158192 6.62195236235857 188.5046143978834 13.63601906970143 490.844492033124 104.4793200790882 447.1533899083734 91.82203309237957 8.364703059196472 37.83798349648714 10.35289670526981 0.1435204297304153 5.181678973138332 3.59627428650856 5.156715095043182 0 0.6089136824011803 0 6.550711251795292 0 418.6214128285646 17.83852943778038
399.8721942156553 1689.002964496613 1656.354334257543 4.592377439141273 672.3049644902349 0.6485020220279694 528.2848790735006 3252.356415532529 788.2507735490799 9.309538587927818 2567.814264141023 66.80426160991192 547.1077377572656 3593.530364833772 11.64654044061899 4.167415514588356 2.866995990276337 0.3473363146185875 0.1093892008066177 8.109111078083515 12.88828800618649 0 0.5828403532505035 0.4729469269514084 0.7999445796012878 0.7310364246368408 0 0.3610028475522995 0 0 4835.294776916504 540.9507706463337 98.33775947242975 1.823613926768303 2.679749138653278 3.768715143203735 7.08601413667202 3.056400947272778 1.347086057066917 0.6726017594337463 1.957674689590931 2.267673410475254 4.044180743396282 0.1803076788783073 0.1714827567338943 5.779601566493511 58.02480448782444 1.546708725392818 1.7976448610425 1.224797740578651 3.456655457615852 0.1384691148996353 0.191834419965744 0.9217392355203629 12.25939624011517 8.410475037992001 14.91934779286385 247.0249765738845 19.684022128582 40.5609942600131 38.42292255163193 45.87253368645906 2.385208986699581 101.5941619947553 7.547359295189381 6.89966344088316 1.570081606507301 3.272842705249786 7.642894275486469 24.51493334025145 3.32464287430048 2.199193805456161 0.2628427967429161 145.7968568056822 77.44827136397362 92.8200314566493 8.242303729057312 7.128238096833229 90.68013665825129 818.3877755403519 20.78846754133701 272.7437522038817 23.54319503158331 1.469296969473362 2.263982087373734 4.842547867447138 1.823431201279163 0 0.6768485680222511 0 1.877088412642479 0 13.34264009445906 8.584718205034733 3.900076329708099 18.43620344996452 2.214994847774506 0.1782087832689285 0.3101284205913544 203.1941327527165 0 0 1.098456650972366 0.1598110496997833 0 2.298345655202866 0.2256122231483459 2.646724134683609 0.4825676158070564 1.178633794188499 0.4584127962589264 2.832322925329208 1.477523386478424 2.124126076698303 1.288753002882004 0.2928162142634392 0.8699534013867378 0 0 0 0.3386033177375793 0 0.2835837081074715 0 0 0 0 0.2962925881147385 0 0 0 0 0 0 1.200550377368927 0 0 1.654313504695892 0.5560638606548309 2.981457822024822 1.087518736720085 5.721996963024139 3.077186048030853 0.6863639131188393 0 0 0 0 0.1696009486913681 0 0 0 0.9178856164216995 0 0 0.1150306984782219 1.465504065155983 0.1590891629457474 0 0 0.07875656336545944 0.08488268405199051 0.1811383739113808 0 1.297206208109856 0.5801109075546265 3.568025209009647 0 0 0 0.1133920326828957 0 0.2692894339561462 0 0 0.8518073111772537 1.570899799466133 0.7812993973493576 0.5120056718587875 0.0907776728272438 0.5647215098142624 1.59000413864851 0.1364866346120834 0.6221857815980911 0 0 0 0.1321966946125031 0.4466669112443924 0 0.09038946777582169 0.1018931120634079 0 0.09659844636917114 0.1104905977845192 0.2647122666239738 0 0.8748976439237595 2.359686397016048 3.482651211321354 55.00300849974155 3.662242449820042 129.2061771042645 34.62506473064423 56.16562478989363 19.94447600096464 1.484130509197712 14.59701628237963 2.396772742271423 0.4925889074802399 0.5133961066603661 0.3217660710215569 0 0 0.1317870765924454 0 2.036752820014954 0 40.52045022696257 1.029236674308777
1373.757314905524 409.7184326052666 4.592377439141273 246.1781598180532 4.293316811323166 194.9097474217415 415.5889457315207 1.274604797363281 5.497863814234734 1429.085536122322 2.438404142856598 821.7280190736055 961.4540913701057 94.18046686053276 0.404368169605732 0.2444967404007912 0 0 0 0 0 0 0 0 0 0 0 0 0 0 73.33591366559267 0.3940151631832123 0.4635056555271149 0 0 0 0.9316000044345856 0 0 0 0 0 0 0 0 0 13.07707384228706 0.7777261957526207 0 0 0 0 0 0.1690517365932465 5.443972796201706 2.458186320960522 7.752526141703129 30.53743892908096 6.660874210298061 10.65933066606522 0 0.2480120584368706 0 0 2.118704557418823 2.277174599468708 0.4441097974777222 0 0 0.2030743360519409 0 0 0 41.43063747882843 6.160622335970402 13.34812935441732 0 0 0 0 0 0.1032437607645988 7.888317883014679 0.6273304373025894 0.5707993805408478 1.819135904312134 0 0 0 0 0.08334939926862717 0 0 0 0 11.96541883051395 1.32365357875824 0 0 289.5991061553359 0.3482812717556953 8.207725532352924 38.64191640168428 41.38227842748165 1.267581783235073 26.47486067563295 7.567008376121521 12.81974388659 29.60649921745062 22.65469159930944 0.2547281682491302 24.45875249058008 25.99531454592943 11.30215778201818 5.614241182804108 0 0.7973716259002686 0 0 0 0 0 0 0 0 0 0 1.029218792915344 0 0 0 0.8973015546798706 0 0 3.82989265024662 0.1904004067182541 0 0 0 1.441977590322495 0.233116626739502 2.082414299249649 1.021156549453735 0 0 0 0 0 0 0 0 0 0.1216081380844116 0 0 0 0 0 0 0 0 0.1080194786190987 0.1012338623404503 0.3451426401734352 0.9212096333503723 0 3.277428761124611 0 0 0 0 0 0 0 0 0.1034886538982391 1.732901453971863 0 0 0 0 5.441778309643269 0 0.7020531743764877 0 0.1292558014392853 0 0 0 0 1.329028129577637 0 0 0 0 0 0 2.058477461338043 0.1269470900297165 1.674944713711739 17.7115246206522 0.7205056473612785 30.06473114341497 6.160910524427891 220.840556897223 3.786385610699654 4.354949571192265 0.4284478798508644 3.214383542537689 0 0 0.4936956763267517 11.10447077453136 0 0.5085846185684204 0 0 1.276059627532959 282.4282193854451 10.07803227007389
99.78702573478222 803.9107133001089 672.3049644902349 4.293316811323166 2650.487638756633 1.917207032442093 1644.796966612339 196.5963503271341 5299.663305267692 81.81116151064634 632.172913827002 13.09744897484779 909.0351524055004 1791.610094472766 4.666838116943836 0.906124085187912 0.6142473891377449 0 0 0 0 0 0 0 0 0 0 0 0 0 260.4647709429264 19.73453099280596 8.452758699655533 0 0 0 0.7533443048596382 0.2708748355507851 0 0 0 0.1098622605204582 0 0.09431694447994232 0.08508754521608353 0 32.21596013754606 2.12651964277029 0.5380958914756775 0.09275856614112854 0.1138529255986214 0 0 0 7.276905678212643 5.443303160369396 3.311976775527 69.27633497864008 9.405210942029953 21.64556092023849 0.5129854381084442 1.681271187961102 0 22.57224164903164 5.506591804325581 3.444843798875809 1.060797415673733 0.08720559626817703 0.1796070039272308 0.3108277767896652 0.4185058698058128 0.1157853007316589 0 61.12139102816582 42.42820116132498 50.34214582294226 3.146128565073013 0 0.204638198018074 4.255090229213238 0.5374111607670784 0.5522020906209946 12.93490173667669 0.8458735644817352 1.839742816984653 4.188845299184322 0.4823643639683723 0 0.4989635795354843 0 0.08894355595111847 0 0.5575602278113365 0.1262958943843842 0.682729035615921 21.9033020734787 0.7918786108493805 0 0 39.35450510680676 0 0.1700976639986038 3.242733329534531 1.066397964954376 0.2493056207895279 4.570216774940491 0.7444959580898285 2.784329459071159 3.035543233156204 3.388982102274895 2.175795614719391 8.901836059987545 2.865909144282341 6.083720520138741 6.431004241108894 0.4214952066540718 0 0 0 0 0 0 0 0 0 0 0 0 0 0 0 0 0 0 0.3204477652907372 1.471576303243637 0 0 0 2.948100730776787 1.362065196037292 6.88599469512701 1.176871992647648 0 0.1256262362003326 0 0 0 0 0.120552770793438 0 0 0 0 0 0 0 0.1439712941646576 0 0 0 0 0 0.1401660889387131 0 0 7.869847074151039 0.443776473402977 0 0 0 0 0 0 0 0 5.479661464691162 0 0 0.108354814350605 0 4.422872692346573 0 0.5401733666658401 0.1291891485452652 0 0 0 0.213440828025341 0 0 0 0 0 0 0 0.339456170797348 4.730984717607498 1.856924578547478 1.817958801984787 46.23582318425179 4.583944566547871 89.79488635063171 16.12799721956253 35.66630929708481 13.97492360323668 1.117171630263329 9.028290361166 0.3609299138188362 0.1982637345790863 1.036751456558704 0.9644354581832886 0 0.2075326442718506 0 0 1.076018959283829 0 31.95320529490709 1.583055421710014
137.1997526586056 49.1848833784461 0.6485020220279694 194.9097474217415 1.917207032442093 6.320335268974304 59.91407790780067 0.9184293299913406 0.9609123170375824 476.0384138524532 3.553181268274784 162.4721105694771 112.0239022299647 58.5106808245182 2.384099073708057 2.927288733422756 0.536242850124836 0 0 0 0 2.462214678525925 0 0 0 0 0 0.5334716886281967 0.1573320031166077 0 3.390980869531631 1.123772785067558 56.84235161542892 0 0 0.5802137851715088 43.29234883934259 10.48759155720472 1.135922752320766 0.8411082029342651 0 0.1288467794656754 0 0.88956418633461 0 0.8731911480426788 1.809850104153156 0 0 0.06257969886064529 0.407821886241436 3.391823679208755 1.046752035617828 0.1096233353018761 0 0.2660126090049744 35.0175871104002 4.687510453164577 1.526961907744408 0.1902904361486435 2.903420060873032 39.09375416487455 0.1669966727495193 0.3487511277198792 0.1657816171646118 0.1457098424434662 0.9390956535935402 0 0 0.1902738660573959 138.2114472314715 276.9774189293385 21.24635856598616 1.309968538582325 0.5377456992864609 2.108752533793449 0.1001796871423721 0 0.1399593502283096 3.867901034653187 1.248324438929558 9.801746144890785 0.2934604808688164 0.2623227536678314 0.1563145667314529 1.32269037514925 0 2.066251948475838 6.33957763761282 19.53097051382065 5.013623990118504 3.630097694694996 0.294640839099884 0.1705373525619507 0.1654029339551926 409.205721989274 195.06036439538 39.15600070357323 21.1668356359005 148.485727198422 0.08712292462587357 0 0 1.015910625457764 0.4404028058052063 2.26648885011673 0.482250452041626 0.8767191469669342 5.30436497926712 2.925972610712051 0 2.380040645599365 1.606811210513115 1.06137952953577 0.687057226896286 0 0.1352838426828384 0 0 0 0 0 0 0 0 0 0 0.5162201374769211 0 1.613061144948006 0 1.565228819847107 1.083926200866699 0.144379198551178 2.273646116256714 0.1472351998090744 0.7819249927997589 0.1934836059808731 0.1654832810163498 1.529999189078808 0.8092095702886581 2.206119515001774 5.629132129251957 1.145712673664093 0 0 0 0 0 0 0 0 0.3402312994003296 0 0 0 7.541350588202477 0 0 0 0 0.0760883167386055 0 0 0.6034227162599564 0.6407299339771271 0.8327474147081375 0 0 0 0 0 0 0 0 0.1311634629964828 1.051723316311836 10.49039274454117 0 0.1617196351289749 0.2471086084842682 1.309869416058064 0 0 0 0 0 0 0 0 0 0 0 0 0 0 0 0.3552633225917816 4.45029790699482 3.185364581644535 16.91404739022255 0.2653857544064522 5.096191249787807 2.165446750819683 48.01059041917324 0.911826565861702 0.1222105398774147 2.195803686976433 1.800267390906811 0.1138171479105949 0.2943229600787163 0 0 0.3342238068580627 0 0 0.310754805803299 0 30.66621958464384 3.963226020336151
1074.005731739104 3745.904697984457 528.2848790735006 415.5889457315207 1644.796966612339 59.91407790780067 711.7069641277194 115.3630841374397 1569.567216485739 1958.129419561476 555.6748959794641 500.7861652746797 4032.346159785986 3494.572645843029 21.71835494041443 4.94318912923336 0.9102538675069809 0 0 0 0 0 0 0.2014568671584129 0 0.154524952173233 0 0.4370570182800293 0 0 254.4717091396451 19.12883194535971 22.2425035238266 0.1139193922281265 0 0.4096237272024155 3.841944448649883 0.2294633015990257 0.2377525791525841 0.1138627305626869 0.2575657814741135 0 0.2685272246599197 0.8154455870389938 0.09612974524497986 0.3010337129235268 121.51957257092 5.521668419241905 0.1577025502920151 0.3254105225205421 0.2847344800829887 0 0 0.3232981711626053 26.39031092822552 17.50532936677337 14.69207785278559 153.9592263624072 28.79385999590158 75.84366983175278 1.903120294213295 4.640443414449692 0.4016645327210426 70.33919110894203 15.14315783977509 16.89224829152226 2.577412404119968 0.4572502449154854 0.1754903718829155 0.3880827650427818 3.715172223746777 3.76708909869194 0 180.597695723176 118.0418415889144 158.7229549214244 12.22558110207319 0.6886967122554779 1.243937462568283 7.928346410393715 1.239783048629761 5.784777447581291 51.18017670512199 3.580477029085159 6.931961707770824 10.58144928887486 0.8532517775893211 0.08327554911375046 1.567400731146336 0 0.3453786224126816 0.08624086529016495 0.1004811450839043 0.4670641198754311 0.07178086787462234 175.5347297117114 2.793549746274948 0 0.2453387156128883 177.4509173706174 5.463912680745125 16.38357812911272 69.48226919770241 48.1120532900095 15.64078707993031 91.31870971620083 17.43435136973858 61.99095143377781 94.31855494529009 56.03136975318193 17.72124037891626 126.9421355947852 56.24344033002853 61.61895949393511 55.25090124458075 2.088051959872246 2.075099170207977 0 0 0 0 0 0 0 0 0.1059924364089966 0 0 0 0 0 0 1.429273009300232 0 21.81541543453932 9.752891972661018 0 6.297063708305359 0 30.68236423283815 14.33279482275248 68.49458580464125 12.3675230294466 1.046761453151703 0 0.4725761711597443 0 0.4352949559688568 0.8470231294631958 1.166425138711929 0 1.555945307016373 3.500746987760067 0 0 0.2421441972255707 1.270753487944603 0.1934026032686234 0.6843661665916443 1.024471960961819 0.2223798185586929 3.466223679482937 5.858778975903988 3.076846480369568 5.394998177886009 1.173080921173096 77.11388413608074 3.074611730873585 0 0.1041027307510376 0 0 0 0.1260511726140976 0 0.7622435688972473 44.95659417659044 2.224046036601067 0 0 0.275418296456337 51.48767732083797 0.1236375570297241 12.87102101743221 2.481507577002048 3.559966363012791 1.200394928455353 1.556681871414185 1.949173986911774 0.09065308421850204 0.2267787829041481 0 0 0 0 0 0 52.24912457168102 15.54326375573874 18.01549635827541 180.5044889487326 13.81611251085997 338.4326723963022 73.17512559890747 222.9123718366027 58.1190026178956 1.692103855311871 34.32841233164072 29.05776423960924 1.793699719011784 16.94809956103563 9.454681374132633 14.58646123111248 2.045926213264465 0.7384447455406189 1.633451893925667 5.275091901421547 0.7097599506378174 399.5235078036785 41.22281593829393
126.4789281636477 973.6453166380525 3252.356415532529 1.274604797363281 196.5963503271341 0.9184293299913406 115.3630841374397 2493.998756282032 505.7670162171125 0.453369140625 2464.507977217436 16.02712117880583 173.7269703224301 2189.976860143244 28.52678412944078 9.86425942927599 6.171516224741936 1.714444451034069 1.174799039959908 43.52728683501482 49.25186640769243 0 4.177693359553814 6.806205548346043 4.314474478363991 1.609370738267899 0.622286930680275 0.4863300621509552 0 0 2675.021238297224 2717.59888716042 108.4257368370891 7.171818301081657 10.44794644415379 11.27932388335466 13.20387752354145 17.11693444103003 2.278071060776711 1.991102367639542 6.548633418977261 5.905980937182903 31.54761635512114 19.63451477885246 4.915387041866779 101.6762290894985 73.58479458838701 2.625424392521381 3.363296493887901 11.97855866700411 9.150468431413174 0.8629871755838394 0 1.896163292229176 11.81437781080604 9.509368501603603 11.58884957432747 343.9007285833359 17.55123889446259 50.3029159642756 713.4339017495513 502.1286365389824 14.5952166095376 745.7490261718631 7.627739168703556 10.23721889778972 2.51351248845458 14.4767168238759 38.22402320802212 113.1244045644999 9.056698627769947 4.150749728083611 0.459747850894928 156.3045654818416 165.9749901369214 148.2467533648014 320.5564646497369 171.0929657891393 1390.336202032864 1982.093206852674 833.9769676029682 2849.73656295985 26.50772991031408 1.307953655719757 3.749635435640812 6.587269693613052 9.246417187154293 0.189672663807869 1.1830715239048 0.1621163487434387 6.338268786668777 1.162137612700462 53.57132630050182 29.57362765073776 13.77190082520247 12.36111281812191 3.710435166954994 0 0.3392501771450043 83.61366611719131 0 0 0 0 0 0.1321232616901398 0 0.3404872417449951 0 0.2653489410877228 0.7918988764286041 1.371735334396362 1.065360523760319 1.406443044543266 1.922857195138931 0.1374735087156296 0.2009383141994476 0 0 0 0 0 0 0 0 0.1737167537212372 0 0.1377964019775391 0.1299310624599457 0.4658151865005493 0.2456547021865845 0.2650336623191833 0.2313030958175659 0 0.4002353250980377 1.603953562676907 0.2217629104852676 5.300463020801544 1.025207951664925 3.160825274884701 4.085756078362465 8.206261903047562 7.612289346754551 3.46132130920887 0 0 0 0 1.074913531541824 1.149853982031345 0 0 0.5447808802127838 0 0 0.5939606726169586 5.717040456831455 1.180902436375618 0 0 0.07460345327854156 0 0.1126356348395348 0 3.609480559825897 1.107220105826855 6.947924055159092 0.6355929970741272 0 0.1080308556556702 0 0 0 0 0.09999072551727295 0.3543498069047928 3.536558896303177 1.196357682347298 0.4266750141978264 0.4355246648192406 1.461031943559647 2.488451167941093 0.6504760980606079 0.3850665837526321 0 0.5933849886059761 0.1043671816587448 0.8028540164232254 1.039869956672192 0 0 0 0 0 0.2058515250682831 1.187908530235291 0.1168731153011322 0.905803382396698 2.885124132037163 8.365959160029888 121.9376972615719 10.77576391398907 190.3753651045263 54.23624812811613 52.6896837875247 27.96690330654383 1.140573285520077 29.8440213277936 2.38518276065588 0 1.279344610869884 0.413673922419548 0.2602348029613495 0 0.1094105467200279 0 7.824547089636326 0 38.47562339901924 2.039131782948971
22.40173698961735 1218.321083277464 788.2507735490799 5.497863814234734 5299.663305267692 0.9609123170375824 1569.567216485739 505.7670162171125 733.9730989634991 50.2383719086647 789.3756577074528 8.134881898760796 1660.916247546673 1346.52899825573 1.280128911137581 0.9373554736375809 0.2678747028112411 0 0 0 0 0 0 0 0 0 0 0 0 0 45.18194308131933 5.152266003191471 1.360543146729469 0 0 0 0.5468716025352478 0 0 0 0 0 0 0 0 0.1187476143240929 7.673396408557892 0.1087789013981819 0 0 0 0 0 0.1580427587032318 1.528744161128998 1.145832903683186 0.9330786094069481 11.2609831392765 2.534964583814144 4.308684661984444 0.1035339757800102 0.6216067224740982 0 9.543099522590637 0.7715642750263214 0.6973260715603828 0.305970311164856 0 0 0.1130832433700562 0.7621548250317574 0.5523322224617004 0 8.898672915995121 9.988328069448471 14.88461699336767 1.513254344463348 0.2834678962826729 0.09999246895313263 18.12717688828707 0.2735966891050339 0.4753198474645615 3.177810743451118 0.09031230956315994 0.3429732546210289 0.6750534251332283 0 0.08560015261173248 0 0 0 0 0 0 0.0786273181438446 8.905069604516029 0.1194883957505226 0 0 6.753366686403751 0 0 0 0.4806423783302307 0 1.133619889616966 1.31615275144577 2.175056636333466 4.120703727006912 1.104163832962513 0.6948771625757217 6.532805077731609 2.160489171743393 4.556645713746548 2.897399961948395 0 0 0 0 0 0 0 0 0 0 0 0 0 0 0 0 0 0 0 0.9662478417158127 1.014871880412102 0 0.3617997467517853 0 0.8298869282007217 0.2620359659194946 4.629682272672653 0.1611502319574356 0 0 0 0 0 0.2079877257347107 0 0 0 0.1688130795955658 0 0 0 0 0.3152303695678711 0 0 0 0 0.1209660246968269 0 0 0 4.283479288220406 0.4252696633338928 0 0 0 0 0 0 0 0 3.254940286278725 0 0 0 0 3.066174507141113 0 1.151553094387054 0.5171484053134918 0.1980670988559723 0.1078646704554558 0.123054213821888 0.512793242931366 0 0 0 0 0 0 0 0 4.934133596718311 0.9466803371906281 0.6206021010875702 11.25051296502352 0.5835167318582535 18.54878673702478 2.832375764846802 5.23844899982214 3.775378286838531 0.1158578917384148 3.847321674227715 0.8672441244125366 0 0.9358996227383614 0 1.09529347717762 0 0 0 0.4986336827278137 0 7.279995910823345 1.22880694270134
1411.92241602391 2061.067082427442 9.309538587927818 1429.085536122322 81.81116151064634 476.0384138524532 1958.129419561476 0.453369140625 50.2383719086647 1748.604320317507 22.86132580041885 3891.600684098899 5234.962290965021 621.8883839845657 4.572228498756886 1.250763207674026 0.2317642569541931 0 0.08728712052106857 0 0 0 0 0 0 0 0 0 0 0.1045640110969543 36.72553011775017 0.8047075122594833 130.8061861917377 0 0 0.6589252054691315 32.3925498649478 2.447565421462059 0.3763460367918015 0.2420334592461586 0 0.4416588842868805 0 0.1852473616600037 0 0.1314684450626373 24.83368989080191 0.9994827285408974 0 0 0.2067072987556458 0.1345921158790588 0.5185459852218628 0.2404609471559525 5.277074195444584 5.244550809264183 20.81424362957478 26.0239934399724 11.09062498062849 12.03017846494913 0 3.953260198235512 0 6.679127648472786 2.270864203572273 2.123224794864655 0.2637229710817337 0.07762308418750763 0 0.1090155318379402 31.80916512012482 5.07710175216198 0.3035473823547363 39.98792593181133 13.14608672261238 25.41064885258675 3.279537320137024 0.2678589671850204 0.1230814903974533 10.06234019994736 0.8787345662713051 2.277179166674614 9.894087456166744 1.07411490380764 1.119758136570454 2.22536251693964 0.2777357771992683 0 0.1906731575727463 0.4978411942720413 0.4871283024549484 0 0 0.3154382482171059 0 274.2558848932385 17.98845472931862 0.2558578848838806 1.284407511353493 408.0022780299187 5.280087105929852 42.43525408953428 88.70591432601213 128.3760678991675 17.97403928637505 199.0680830329657 62.5377531722188 112.9239967018366 188.6495466977358 250.2228053882718 33.1036486402154 395.6902945786715 188.0750049799681 178.2466824501753 91.3464717194438 0.5476674512028694 0.3214195743203163 0 0 0 0 0.1749797910451889 0 0 0 0.3198902755975723 0 1.352833703160286 0 0 0 0.3373777568340302 0.1271648705005646 0 22.8799957036972 10.74755236506462 0.2190318405628204 4.866027444601059 0.3346729576587677 37.13753577321768 7.482931867241859 61.52943780273199 4.237343609333038 0.1586179286241531 0.571986973285675 0.3341346383094788 0 0 1.139922924339771 0.2054004073143005 0 0.789524994790554 2.245850071310997 0 0 1.259134463965893 2.628566518425941 0.1183944717049599 0.1972526982426643 0 0.1038172543048859 1.677208885550499 2.832691557705402 2.805721655488014 1.29258719086647 1.29732608795166 63.82087640464306 2.76716598123312 0 0 0 0.1146959662437439 0 0 0 0 79.82845421880484 2.446778543293476 0 0.8847717270255089 0.7719866558909416 62.72726478427649 3.043086089193821 7.491939716041088 1.043171085417271 2.319326832890511 1.085024110972881 1.189896069467068 0.8788663372397423 0 0 0 0.2276988923549652 0.1081084460020065 0.1327241361141205 0.591426819562912 0 145.3772157132626 12.22412937879562 12.35093241930008 64.95128156244755 1.239325702190399 67.59560107439756 12.72720888257027 384.908113412559 12.23542805761099 0.7429763898253441 16.13738903403282 30.26880400627851 0.441364198923111 11.382916405797 2.083066463470459 27.03260514140129 0.1409650295972824 0.98314368724823 0 2.831537753343582 0.2265003100037575 1585.262750424445 170.525389328599
194.536819986999 1263.910603448749 2567.814264141023 2.438404142856598 632.172913827002 3.553181268274784 555.6748959794641 2464.507977217436 789.3756577074528 22.86132580041885 719.142874866724 80.71965335309505 2208.942730128765 4206.917742840946 13.56890448927879 4.918760843575001 1.862421102821827 0 0 0.9342759698629379 3.583514027297497 0 0.1604563593864441 0.1821072101593018 0.2516532242298126 1.933428779244423 0 0.5453348457813263 0 0 605.2387190759182 66.01731285452843 202.2000825852156 0.1641349494457245 1.141821980476379 3.668388724327087 31.52760057151318 9.134263627231121 0.9179550111293793 1.175857812166214 1.132079422473907 2.094500951468945 0.3910081759095192 0.403857134282589 0.1435526907444 1.368215218186378 32.13799832761288 1.02717249840498 0.3215240985155106 0.2391354292631149 0.8829160183668137 0.3255105316638947 0.7679373919963837 1.597296252846718 5.816411733627319 3.467761382460594 4.572589501738548 62.86776953190565 5.155125498771667 17.70585296303034 14.30243592709303 29.64104856550694 0.8046582192182541 37.30183316767216 2.690923169255257 3.185380954295397 0.7663938850164413 1.004117958247662 1.327643245458603 3.707366406917572 16.10184053331614 3.685608826577663 0 46.9001157283783 40.02075025439262 54.6684028506279 14.07830505818129 2.050503864884377 35.55436611175537 861.2428030222654 3.734399482607841 65.30993781983852 9.081406481564045 0.7113751694560051 0.6697045415639877 2.437515445053577 0.3659117221832275 0.1087587028741837 0.2383765876293182 0.4466387629508972 1.032521545886993 0.6530320793390274 4.681976214051247 5.051107190549374 4.538118220865726 46.26166797429323 9.199597649276257 0.3385436236858368 0.6850581392645836 48.86568604409695 0 0.2947606444358826 0.131360337138176 0 0.4557542502880096 1.350745566189289 0.4296567887067795 0.9232457280158997 0.8725791275501251 0.8438290655612946 0.5777783319354057 3.303181566298008 1.479376018047333 3.061161287128925 5.15283215045929 0.6143290773034096 0 0 0 0 0 0 0 0 0 0.1407968252897263 0 0.3220075666904449 0 0 0.1345992982387543 0 0.5505518317222595 0 1.114569738507271 0.8309314176440239 0 0.7726787924766541 0 4.559250026941299 1.565160155296326 10.62412236630917 2.612928092479706 0.238041453063488 0.09995101392269135 0 0 0.2689925283193588 0.5901657715439796 0.3218827247619629 0 0 0.3016653656959534 0 0 0.1188980937004089 0.8422138169407845 0.6628726571798325 0 0 0 0 0.09325075894594193 0 0.5367446094751358 0.3946945071220398 8.668878100812435 0.7958957701921463 0 0 0 0 0 0 0.09593295305967331 0.1368589550256729 3.668964266777039 0.136669710278511 0.3603838458657265 0.1006383374333382 0.4402276426553726 2.834856815636158 0.6137347966432571 0.3994443267583847 0.2199592515826225 0.5054096952080727 0.1086279228329659 0 0.3974330127239227 0 0 0 0 0 0.1152368262410164 0.1225616857409477 0 3.836307011544704 3.997375249862671 4.474493995308876 50.95237769931555 2.435779131948948 71.10293122380972 16.61033100634813 28.83812233805656 8.469465740025043 0.7121319845318794 15.64694511890411 2.25220925360918 0.08593624085187912 1.166822902858257 0.1392956972122192 1.198471233248711 0 0 0 3.512461364269257 0 20.63465030491352 5.467783734202385
266.5920797511935 447.1977218389511 66.80426160991192 821.7280190736055 13.09744897484779 162.4721105694771 500.7861652746797 16.02712117880583 8.134881898760796 3891.600684098899 80.71965335309505 434.2241273745894 1714.29723764956 517.2741618156433 30.9226286560297 21.31569635868073 7.197585754096508 0.216765858232975 1.345231764018536 2.040442481637001 5.477190479636192 1.81641697883606 0.9286079406738281 3.503889843821526 7.133314535021782 11.99840266257524 3.55393123626709 22.13999164104462 3.088835671544075 0 16.47338512539864 3.831355050206184 425.5837062820792 0.4022499620914459 2.037424445152283 8.899702623486519 734.452550150454 75.23088343441486 16.14058262109756 4.340180486440659 6.486002199351788 11.87954711914062 0.0847625657916069 2.69734513759613 1.75009474158287 2.877370148897171 38.19039966911077 0.4734277129173279 0.9471236318349838 0.6817717552185059 0.7939804345369339 4.404726549983025 5.897770561277866 12.79453887045383 3.177662469446659 1.475079357624054 3.007863946259022 15.13714154809713 2.388015054166317 9.757334910333157 19.02778444439173 43.87278328835964 1.427690848708153 26.35610162466764 1.905619494616985 0.9596308879554272 0.3674072921276093 0.298986978828907 1.274158827960491 1.923525646328926 367.4810080975294 50.65108302235603 0.8899051547050476 14.62587741017342 26.054543428123 44.92032843083143 24.15593373775482 8.013126544654369 1.106611654162407 157.5607080087066 1.468346036970615 8.407507881522179 5.702535688877106 0.2883467972278595 0.7711228057742119 1.486228846013546 0.2378072664141655 0.1311279535293579 0.3840410932898521 0.5656404718756676 0.9164792001247406 1.0440623909235 4.96573880314827 10.03339856117964 10.61647019535303 1357.830003909767 389.6540118679404 3.365595415234566 38.91625192016363 67.2879104539752 4.711456872522831 11.33961575478315 30.53043772280216 18.53471875935793 10.92769101262093 100.202774040401 21.1255996748805 57.68869622796774 64.32237610220909 74.88251375406981 27.6126574203372 235.0373427569866 95.56284182518721 120.8011534288526 95.64861030131578 3.310794346034527 4.729920566082001 0 0 0 0 0.5213953107595444 0.6064284220337868 0 0 1.512416854500771 0 1.836887985467911 0 1.126545883715153 0.5531198158860207 0.472201406955719 0.4183783754706383 0.2741532325744629 26.24207126349211 12.03957983851433 0 6.469031900167465 0.3980711698532104 66.01830320060253 10.37885056436062 109.8047605976462 11.92709937691689 5.155915223062038 0.5393390655517578 0.2524096891283989 0.09114372730255127 0.5348315611481667 2.846634067595005 2.793190509080887 0 1.00663086026907 5.846287868916988 0 0 1.640937007963657 8.74827641248703 1.715580940246582 0.247724637389183 0 0.1812159940600395 1.324780106544495 2.435959942638874 0.3164058923721313 4.359264478087425 2.034203678369522 96.89464419335127 2.993960879743099 0 0.1006029397249222 0 0 0 0 0.1138716414570808 0.3014621436595917 90.29609905928373 3.845680586993694 0.4660317152738571 0.5357585251331329 0.4890221059322357 65.30220625549555 1.584648728370667 12.82577637583017 1.750014431774616 2.058565869927406 2.562271498143673 1.920960739254951 3.158260375261307 0.09302007406949997 0 0 0.144025906920433 0.2314696758985519 0.09913270175457001 0.3333569914102554 0.1178939640522003 124.7011451050639 36.68261518329382 34.07774268835783 195.7003262937069 11.32722847163677 114.098655693233 45.44861458986998 82.74972439557314 19.28894903510809 1.544932156801224 39.04232066869736 41.02243809401989 0.926380917429924 16.57233695685863 6.04402082413435 16.30643916875124 0.271009586751461 0 0 13.94009168446064 2.54524651914835 565.2541477531195 75.32437375187874
454.4705594033003 3114.91372602433 547.1077377572656 961.4540913701057 909.0351524055004 112.0239022299647 4032.346159785986 173.7269703224301 1660.916247546673 5234.962290965021 2208.942730128765 1714.29723764956 2922.346643745899 5594.950405985117 50.29393324255943 22.99138053506613 4.542634755373001 0.5151622593402863 0.1971197724342346 0.81241475045681 4.846901655197144 1.70577646791935 0.8279329240322113 1.557357497513294 4.830572471022606 4.16157478094101 0.4571929425001144 8.824566140770912 0.5740822702646255 0.6005000472068787 92.3571690171957 21.0961601510644 1635.74854195118 0.1501576006412506 6.199559599161148 8.807334050536156 973.165698453784 109.5000612661242 8.136553764343262 3.028269313275814 5.039957009255886 7.401095785200596 1.320490755140781 2.619503259658813 1.003584608435631 3.110147498548031 82.83328028023243 1.760462336242199 1.629900917410851 0.4022533595561981 1.875226452946663 1.708463683724403 1.594410330057144 8.250587902963161 9.214242115616798 5.155038349330425 6.83081890642643 61.98000334203243 8.884722478687763 30.94496533274651 11.61518236994743 61.30669226497412 1.88832788169384 76.8460341244936 4.443730168044567 4.723706185817719 1.832264930009842 1.772681057453156 0.9192846342921257 3.031968764960766 352.2615247666836 41.36848229169846 0.4576086476445198 50.86325758695602 70.74068027734756 118.45309112221 41.22128149122 12.18243786692619 3.834779158234596 412.4947251826525 3.192636877298355 37.16669793426991 18.08446244895458 0.9536783024668694 2.820702083408833 4.214724317193031 0.5367176532745361 0.1939975172281265 0.8671798557043076 0.1770444065332413 1.980862520635128 0.807318702340126 6.267281122505665 8.396433390676975 11.75191980600357 1400.409678444266 124.332776285708 0.7951540946960449 12.6176398769021 85.98721382766962 5.193306997418404 14.3633828908205 45.99047265201807 36.30118050426245 16.79257407039404 118.2148204669356 20.33187063038349 103.9787088260055 117.8384442403913 112.3808868527412 38.32877830415964 629.5877491831779 150.4347208887339 257.733057744801 148.6369877159595 4.625656701624393 5.62731559574604 0.8180582523345947 0 0 0 0.106787197291851 0.7190106511116028 0 0.2162980884313583 1.467474550008774 0 2.793582417070866 0.1948804706335068 0.9011981934309006 1.065634034574032 0.3446419090032578 0.702868640422821 0 39.06658785790205 23.80060638487339 0 11.588931389153 0.2490240782499313 99.47632177919149 30.12930341809988 163.0458265990019 25.0087346509099 1.467729650437832 0.724107414484024 1.372600309550762 0.8036919832229614 0.841210775077343 4.000477895140648 3.915892720222473 0 1.178407467901707 5.243851244449615 0 0 1.767502710223198 7.101178020238876 2.201035514473915 0.3561612144112587 0.3334563001990318 0 2.586114205420017 4.470607988536358 1.013908736407757 7.538900338113308 6.510404922068119 166.368798866868 7.001451134681702 0.1935852915048599 0 0.1968381404876709 0 0 0.1128998622298241 0 1.112602777779102 135.3225719928741 3.373055890202522 0.1153485104441643 0.8751488700509071 1.142413787543774 115.1511763930321 2.084796197712421 25.69718974083662 1.385311849415302 3.861537121236324 6.939383782446384 1.378570638597012 7.545201569795609 0 0 0 0 0 0.7759539633989334 0.741604246199131 0.5959433242678642 160.2360031157732 49.36030711978674 57.49442003667355 253.9713975638151 9.490100562572479 222.6950433552265 69.25686313211918 135.0247677415609 28.60991246253252 3.475345499813557 73.00990678369999 62.89123322814703 0.5199174135923386 25.25541982799768 11.10643441975117 14.14103654772043 1.202343329787254 0.091664157807827 0.6735865771770477 14.47075834870338 1.057769730687141 542.0800920203328 91.31138666719198
