352.7001245468855 1747.921724840999 586.7740120813251 954.1217256933451 90.09561534225941 93.50776375830173 897.7287917286158 501.1283935755491 23.60506004840136 1119.880733557045 300.8973358571529 76.57760629057884 158.6983163058758 385.4169562757015 13.58368416875601 6.656569495797157 0.8674469590187073 0.1105899065732956 0 0.1319844573736191 0.5803181231021881 0 0.5586660206317902 1.150610208511353 0.8530554994940758 0.1164159700274467 0.8622648492455482 0.4516904652118683 0 0.2329797446727753 1746.673658445477 25.94056839495897 61.50564986467361 0.1001546308398247 0.733847051858902 0.1569575667381287 22.84789118915796 0.9179389104247093 2.732768774032593 0.1064320504665375 1.562890753149986 0.8331817016005516 0.3311481848359108 0.8638422340154648 0.311554528772831 0 34.02771074324846 7.574736721813679 1.974914453923702 1.154910422861576 3.648818485438824 1.014735922217369 2.246896326541901 0.2039156556129456 25.5602715909481 20.37070950865746 410.5774001777172 920.7278451472521 169.0834993198514 39.14196674525738 1.154925338923931 3.39922046661377 0.2922759279608727 49.97338503599167 3.56385450065136 6.826265305280685 3.988094113767147 6.73761110752821 0.8772914409637451 1.385973505675793 20.09624574333429 11.61502090096474 0.5644038692116737 547.1096906363964 97.73872309178114 86.2661449611187 13.38210079818964 5.174914613366127 1.478329882025719 379.0318584218621 0.1219500675797462 12.42703557759523 39.71233578026295 0.7805262133479118 6.506721392273903 13.56037863343954 2.764159336686134 0.4346648082137108 3.76643093675375 0.1131641864776611 3.790464870631695 0.9889816418290138 3.270340949296951 2.532277576625347 2.779264412820339 134.435200765729 96.74668276309967 4.365586340427399 8.574292875826359 1396.055925443769 0 0 0.4192087054252625 0.1817359626293182 0 0 3.160640597343445 0 8.878485888242722 7.215993463993073 0 3.043108776211739 17.44359150528908 2.107985854148865 4.009651944041252 0 0 0 0 0 0 0 0 0.1730361431837082 0 0 0 0 0 0 0 0 0 0 0 0 0 0 0 1.174220338463783 0.3977046012878418 0.7690072953701019 0.2761640846729279 0.2828526496887207 0 0 0 0 0 0 0 0 0 0 0 0.1111179292201996 0 0 0.09557697176933289 0 0.9371740221977234 0 0.1066943556070328 0 0 0 0.180877149105072 0 0 0 0.4427667781710625 0.3271780163049698 0.1329837888479233 0.2209870144724846 0 0 0.7368233799934387 1.2558783441782 0 0 0.08587896823883057 1.345775827765465 0 0.7153208255767822 0 0 0 0 0 0 0.1842497065663338 0.09880436956882477 0 1.921482764184475 0.4345267191529274 0 0 2.43231825530529 0 0 174.1147273257375 21.34378147870302 213.5131859853864 32.94410070031881 1283.178986735642 25.68422432988882 7.891343131661415 1.812188312411308 6.188511431217194 0.7897157743573189 0.2439375668764114 0 6.144836992025375 0 0.3278210610151291 0 0.882529191672802 0 275.4070843309164 4.834853827953339
1747.921724840999 2711.535520300269 2030.588105678558 777.7755943462253 2935.094619691372 103.1468638330698 6450.118892997503 552.3538001701236 1498.146414853632 1373.915032759309 3181.564321748912 279.0340616703033 1489.164357937872 3520.626651205122 29.33958288282156 12.76332683861256 1.009338423609734 0.997150607407093 0 0.432871975004673 0.7543707713484764 0 2.39156149327755 3.708264239132404 3.297258384525776 1.250064916908741 1.653838902711868 1.441132470965385 0.09996482729911804 0.5901162028312683 2248.395052433014 140.7772540450096 62.90303114056587 0.3790271729230881 1.392852440476418 0.8134941607713699 22.12416095286608 0.9299577176570892 1.628079630434513 0.6792621538043022 3.753426760435104 1.165037482976913 1.401627570390701 1.201770476996899 0.6593258827924728 0.7821241319179535 92.87994043529034 11.9033440053463 1.941673174500465 1.0140031427145 5.463776968419552 0 0.0802299752831459 0.4079673290252686 30.59383875131607 28.47984157502651 127.0243904441595 314.3198603689671 117.1933596581221 95.23558125644922 2.72982943803072 8.501695238053799 0.5476730614900589 235.2245804443955 5.509392745792866 9.299366123974323 6.731688380241394 7.400503605604172 1.754970736801624 5.631406635046005 9.281595923006535 0.08414557576179504 0.09598397463560104 579.217950604856 217.7668744847178 246.7992867380381 55.45481370389462 10.32692204415798 2.237190909683704 419.8283794373274 0.7030577138066292 38.40135426819324 52.96210596710443 0.8704137951135635 11.54362417757511 15.99010603129864 4.026504196226597 0.4059303551912308 3.966776318848133 0.2337290197610855 7.469972282648087 1.12663209438324 8.607592307031155 3.592022858560085 2.328127458691597 7.443032450973988 1.944387570023537 0 3.430687583982944 512.4855741336942 0.6029484122991562 2.832022666931152 61.38432712852955 51.57436822354794 1.873065948486328 142.080918893218 20.27690650522709 41.4360324293375 67.37573868781328 51.71902235597372 0 35.65878994017839 18.08662883937359 5.005167827010155 7.788070768117905 0 0.284259170293808 0 0 0 0 0 0 0 0 0 0 0 0 0 0 0 0 0 1.224376164376736 2.060477584600449 0 0 0 5.119132325053215 0 1.334978125989437 0.1972261518239975 0.09565365314483643 0 0 0 0 0 0 0 0.2774894163012505 0 0 0 0 0 0 0.3721076771616936 0.2131468057632446 0.7770254909992218 0.530765525996685 1.36607038974762 0 0 0 0.9699338376522064 0.959211453795433 0.1391436904668808 0.509636789560318 0.7266553565859795 0.8881319016218185 0 0.3846609592437744 0 0 2.483829289674759 0.1584997624158859 0 0 0.5765197649598122 1.136719681322575 0.8118129670619965 2.034322075545788 1.977865859866142 2.525888986885548 0.3903518170118332 0 0.2492886632680893 0 0.7472581565380096 0.3829729184508324 0 2.242168046534061 0.3850952610373497 0 0 3.396340548992157 0 2.028286494314671 259.8348739817739 35.06974749267101 408.8155592903495 39.93055790662766 403.4794563278556 34.69920989871025 6.096913248300552 5.317208886146545 7.116865694522858 0.6017029881477356 4.783577859401703 1.936734840273857 10.72090619802475 0.4621735811233521 0 0 2.79314099997282 0.2544378116726875 147.170155659318 1.297995962202549
586.7740120813251 2030.588105678558 1522.336898483336 44.97157041728497 1529.398057244718 13.49493077397346 301.4762989655137 3866.308978311718 1944.498913943768 101.8857614025474 2711.935195162892 6.290068104863167 184.1354236677289 1505.175785042346 25.65960866957903 21.34652012586594 0.5070614814758301 0.8267003446817398 0.2473790049552917 2.144175931811333 8.120677836239338 0 20.34147114306688 30.88837534934282 13.67792719602585 10.36635732650757 8.147436924278736 3.766428858041763 0.7786761522293091 4.507539384067059 6268.631297126412 530.6547214910388 185.3581603318453 1.047212108969688 9.470375925302505 5.252412997186184 19.70532379299402 4.851912446320057 2.53507050126791 1.473102234303951 27.33509426563978 6.109745398163795 3.76487947255373 2.256981171667576 0.3410059586167336 2.759998999536037 69.17595665156841 8.124777965247631 2.836214058101177 3.021709151566029 4.836179405450821 0 0 1.380819492042065 17.48575411736965 18.27458686381578 90.92574147135019 336.34336155653 65.17388834059238 61.0949973538518 30.03949981182814 40.25063922256231 3.621840789914131 405.892447732389 4.456941120326519 5.71324809640646 4.6128289103508 5.546606354415417 6.359683476388454 34.11987914144993 5.672868937253952 1.719951115548611 0.1078269928693771 385.8689640015364 202.1804757341743 212.215696297586 63.42380873113871 25.1357633471489 11.40215380489826 1557.006611935794 7.295591592788696 349.1916461437941 32.463916644454 0.7670020163059235 10.52714385837317 8.614977121353149 4.114385232329369 0 3.577220067381859 0.1042294353246689 4.221783578395844 0.7793575450778008 55.48048807680607 8.796409018337727 2.647623434662819 2.234740719199181 0.4646927565336227 0 2.834706954658031 167.475611910224 0 0 0.8637400269508362 0 0 0.6725999116897583 0 0 0.7054833248257637 0.1549223363399506 0 1.296604357659817 0.1613655388355255 0.3276221007108688 2.833759933710098 0 0 0 0 0 0 0 0 0 0 0 0 0 0 0 0.3433230817317963 0 0 0 0 0 0 0 0 0.490460991859436 0.4935472905635834 1.023935317993164 0.4827369526028633 0 0.6966358125209808 0.1390790641307831 0 0 0 0 0 0 0.1171009093523026 0 0 0 0 0.9449424892663956 0.1519261077046394 0 0.4610323309898376 0 0 0 0 0 0.1794483512639999 0 0 0.1959591135382652 0.2770489677786827 0.3999529331922531 0 0.2192143127322197 0.1075421273708344 0.1397822499275208 0.6014526337385178 0.1419845372438431 0 0.1349618881940842 0.1922154873609543 0 0 0.688854768872261 0 0 0 0 0 0 0.4120726361870766 0.186118021607399 0 2.15565586835146 0.4543186873197556 0.328410804271698 0 0.4549554437398911 0 0.4953047186136246 149.9443087950349 23.11363582313061 263.0916189625859 33.16537901759148 87.13713890314102 20.16873151808977 3.393798790872097 3.755881495773792 3.126005932688713 0.906266838312149 0.5071125477552414 0.2966165244579315 0 0 0 0 3.025892302393913 0.4590267241001129 73.95856552571058 0.7341914623975754
954.1217256933451 777.7755943462253 44.97157041728497 916.2998334020376 20.26526203751564 240.4112441390753 1114.676741927862 0.6647168546915054 4.531833156943321 4071.473580501974 10.29833741486073 313.595729470253 445.2121150568128 20.21405578404665 3.858450800180435 0.5246099084615707 0 0 0 0 0 0 0.3591599613428116 0 0.1024475619196892 0.09963341057300568 0 0.07668404281139374 0 0.09365855902433395 79.6319622322917 5.802877224981785 1.493291422724724 0 0 0 0.5073204040527344 0 0 0 0.1000999733805656 0.2420349419116974 0 0.1396825462579727 0.1028095483779907 0.1102864071726799 18.21333350241184 2.63169202953577 0.3153822347521782 0 0.7642747014760971 0.1384153664112091 0 0 7.211490228772163 7.025460660457611 80.80038690567017 74.71649204939604 44.80193881690502 19.30473190546036 0.08674570918083191 0.1585744172334671 0 21.51478899270296 1.31238217651844 2.162146478891373 1.377729281783104 1.312586516141891 0.327345035970211 0 2.357265084981918 0 0 165.2587704136968 26.23043479770422 32.73021580278873 3.368822164833546 0.1280545592308044 0.1243215128779411 0.4210714399814606 0 0.2539741694927216 15.92790516465902 0.2423357665538788 2.23641349375248 4.20539902895689 0.9498627260327339 0 0.6972966641187668 0.1177269816398621 1.087561763823032 0.1101765111088753 0.3027935400605202 0.5491142049431801 0.2737259641289711 25.39310222864151 2.026856333017349 0.1260270923376083 0.4659959673881531 420.5677143633366 0.4696587473154068 2.831088811159134 69.56197988986969 78.14554561674595 0.788328617811203 103.329595208168 34.69271911680698 14.53073151409626 79.44876123964787 29.94733110070229 0 80.94721481204033 103.6635557860136 80.2250909358263 1.964170694351196 0 0 0 0 0 0 0 0 0 0 0 0 0.1036884784698486 0 0 0 0 0 0 1.722429037094116 0.1061131805181503 0 0 0 0.1950466930866241 0 0.5549086928367615 0 0 0 0 0 0 0 0 0 0.2071995288133621 0.1364184468984604 0 0 0 0 0 0.3112984001636505 0.1022861301898956 0.8173404484987259 1.244627118110657 0.7647863924503326 0.4509067088365555 0 0 0 0 0 0.1752663776278496 0 0.3565385118126869 0 0.1229886934161186 0 0 0.3835446238517761 0.2121367305517197 0 0 0 0.2310644537210464 0 0 0.9981166496872902 1.123332530260086 0 0.1153615340590477 0 0.1986789330840111 0.09940668195486069 0.1123638525605202 0 0.4656386002898216 0 0.1159590035676956 0 1.855388164520264 0.1679496467113495 0 104.4208026006818 7.104770243167877 98.70937571674585 7.78275802731514 1149.191793166101 8.629440478980541 3.221812553703785 0.4208183810114861 4.604390621185303 0.3525285199284554 1.154717862606049 0.2132254540920258 10.56845028698444 0.2304914072155952 0 0 0.5643790289759636 0 93.90767633169889 2.153153069317341
90.09561534225941 2935.094619691372 1529.398057244718 20.26526203751564 1903.816242285073 8.066825091838837 3756.668125867844 186.9499259516597 4868.962010279298 188.7762281224132 1342.784566104412 14.68359281122684 628.3571699783206 1690.154550492764 21.70478446781635 11.97750852257013 0.4587187618017197 0.4116441980004311 0.1059481576085091 0.1021842807531357 0.1878155097365379 0 0.3195114210247993 0.6939545571804047 0.4079568684101105 0.2185976356267929 0.09157519042491913 0.4431701451539993 0.1071744114160538 0.09733171015977859 273.8239691928029 143.6011350303888 20.1564933359623 0 0 0.2548955306410789 17.03249413520098 1.757983013987541 1.272901594638824 0 1.32485193759203 0 0.427820511162281 0.6199407801032066 0.3971645906567574 1.076258845627308 59.98051510006189 4.416756898164749 0.9316091537475586 0.422453947365284 2.558928318321705 0.1028381586074829 0 0.1035546362400055 8.604298688471317 8.423973575234413 12.83035589009523 27.89033710956573 28.21401365101337 40.1352826282382 1.757798455655575 11.14353152364492 0.5385569781064987 169.7951162308455 2.171762987971306 4.776836797595024 2.078910283744335 4.276447340846062 0.8089892193675041 0.7263064682483673 16.17078333348036 1.702915906906128 0.2734935358166695 141.3694362714887 81.53143030405045 163.0920376181602 50.64178409427404 7.587526299059391 1.898384295403957 35.77250254899263 0.4296784698963165 12.79984611272812 16.04258520901203 0.2732166647911072 4.502653740346432 6.159430406987667 2.596783258020878 0.2024530246853828 1.921347953379154 0 3.379462033510208 0.5723288133740425 1.718891702592373 0.9506878554821014 1.131563358008862 7.518161945044994 0.9798829704523087 0 8.87292455136776 8.014160864055157 0 0 2.355469778180122 0 0.9504188746213913 15.81152099370956 0.1730928421020508 0.1725841760635376 18.34925188869238 3.076459750533104 1.152904644608498 13.31553490459919 8.279947698116302 14.04217800498009 27.16125755012035 0.2372125312685966 0.177318662405014 0 0 0 0 0 0 0 0 0 0.2720792591571808 0 0 0 0.1343405693769455 0 0 0 1.386196374893188 1.318017065525055 0 0 0 11.86412346363068 0 4.576400443911552 0.7696010619401932 0.1144758611917496 0 0 0 0 0 0 0 0 0.666408896446228 0 0.321774959564209 0 0 0 0.09773921221494675 0 0.3865279629826546 0 0.1582447439432144 0 0 0 6.180803626775742 1.084820121526718 0 0.09562384337186813 0.1034976989030838 0.3822860196232796 0 0.3126903176307678 0 0 6.922045797109604 0.5817510485649109 0 0 0.1932046189904213 7.702160894870758 0.4489738643169403 12.04119481146336 0.3883942514657974 0.3655336052179337 0.1200405359268188 0.1658754348754883 0.1207391917705536 0 0.1732788234949112 0.4024483188986778 0 1.107049815356731 0.3030940145254135 0 0 3.840122207999229 3.431117385625839 3.672682002186775 224.5370705649257 15.39070215821266 262.1979362443089 35.24638928472996 47.01863831281662 21.24703362584114 2.456611603498459 4.613258048892021 10.18634812533855 0.2014966458082199 1.282992139458656 0.735195130109787 6.578541874885559 0 0 0 4.273319117724895 0.6234513595700264 48.89492580294609 7.573940351605415
93.50776375830173 103.1468638330698 13.49493077397346 240.4112441390753 8.066825091838837 3.697902262210846 198.4766071736813 2.419115573167801 1.879649132490158 724.9377224743366 4.740034893155098 192.3095247447491 109.6807175725698 11.4882668107748 0.4507933855056763 0.4572291225194931 0 0 0 0 0 1.03501558303833 0 0.3118847012519836 0 0 0 0 0.6161941736936569 0 21.79368428885937 0.1405232697725296 10.01806458830833 0 0 0 37.66674520075321 1.343169957399368 5.529251754283905 0.5381511151790619 0 0 0 0 0 0.2573646008968353 0.6696630567312241 0.4029961451888084 0 0 0 3.41714346408844 3.446855500340462 0.1169281974434853 1.404615007340908 2.305828273296356 191.1507558450103 13.92740555852652 11.61804058402777 0.9068688154220581 0 0.7609864175319672 0 0.2966374233365059 0.1038378477096558 0 0.1428459733724594 0 0.1103124171495438 0 73.65812969952822 69.33289560675621 3.240173980593681 21.23726018518209 0.8312428146600723 2.245135068893433 0.1212384700775146 0.4889505803585052 0 2.517622068524361 0 1.961801148951054 1.33163645118475 0.7908213287591934 0.1458344012498856 0.8571163043379784 0.118320994079113 1.822212591767311 2.698739841580391 1.686070203781128 3.932452768087387 5.839581876993179 0.1177082359790802 0.8690362870693207 1.735708013176918 230.9289975315332 227.2771826982498 20.84517791867256 71.30162136256695 176.0630416423082 0 0.2829433381557465 0 0 0 0 1.903701305389404 0 2.61323381960392 7.512039065361023 0 2.473773598670959 5.446705907583237 2.724253728985786 1.066670224070549 0 0 0 0 0 0 0 0 0 0 0 0 0 0 0 0 0 0.1946185678243637 0 0.2588932514190674 0 0 0 0 0.8865443170070648 0.1404849290847778 0.2491007000207901 0.6131602898240089 0.2738490104675293 0 0 0 0 0 0.1493547260761261 0 0 0 0 0 0 0.5256546288728714 0 0 0 0 0 0 0 0 0 0.853204756975174 0 0 0 0 0 0 0 0 0 0.1575993597507477 1.294408231973648 0 0 0 1.303402259945869 0.2088900655508041 0.3892767429351807 0 0 0 0 0 0 0.1306806206703186 0 0 0 0 0 0 2.335328385233879 0.6267058998346329 0.1623025834560394 55.35627316683531 0.6706147044897079 6.71626940369606 0.7990313246846199 283.7833964079618 4.380672603845596 0.4490318149328232 0.2494122534990311 1.942217081785202 0.1801743805408478 0.1764736324548721 0 12.31943371891975 0 0 0 0.3372605741024017 0 61.20536252111197 8.684873223304749
897.7287917286158 6450.118892997503 301.4762989655137 1114.676741927862 3756.668125867844 198.4766071736813 1318.807449117303 20.79954247921705 2400.606600038707 2650.729025617242 1173.172658436 638.5709054544568 3751.43693805486 2471.969328761101 66.03735423833132 41.12835532426834 0.5911758542060852 0.7645114660263062 0.1078921556472778 0.6977370008826256 0 0 0.3472001627087593 0.8231901749968529 0.3958879262208939 0.5859178602695465 0.1465662568807602 0.2915487959980965 0.2478381916880608 0.5744143277406693 398.9746359586716 198.9671316444874 130.4725892916322 0 0.1943843513727188 0.5488927513360977 134.1773386150599 11.38678292185068 9.123544380068779 1.634441629052162 0.3424427658319473 0.9414210543036461 0.8284106627106667 2.453268945217133 1.616813264787197 1.920065388083458 142.2852258533239 13.88753840327263 3.04100327193737 1.602470099925995 4.43295942991972 0.2128347679972649 0 0.6280874162912369 28.37159886956215 28.10459300875664 62.0167234018445 100.3735908046365 91.20549789816141 106.6313541457057 4.295702017843723 68.3493883907795 0.9508119523525238 358.7933206930757 6.921190112829208 10.02246326953173 7.127837181091309 9.975841037929058 2.729935683310032 1.768633037805557 165.4041400998831 9.233300693333149 0.1025819778442383 470.7639199197292 198.5993487611413 374.1929341182113 102.6791739314795 27.24493777751923 2.344098217785358 74.21688623726368 1.713907025754452 49.05273762345314 45.80031937360764 1.189857855439186 11.42383347451687 19.19182128459215 3.709819011390209 0.5990931019186974 6.654016464948654 0.123294934630394 7.184920288622379 1.165117725729942 4.524626486003399 2.57946690171957 2.158863388001919 113.0705608278513 6.908784508705139 0.3170052468776703 54.87966926395893 85.20251592248678 2.219070538878441 6.688669055700302 94.58750707656145 100.2364503517747 23.63071592152119 171.4115490689874 82.16400523483753 151.1943176686764 184.618279248476 160.5870237573981 13.52424131333828 276.5537407770753 124.4082065448165 122.7420601993799 190.7759125828743 1.698150709271431 0.9908773228526115 0 0 0 0 0 0 0 0 0 0 0 0 0 0.4650556147098541 0.1608554869890213 0 0 15.11862799525261 5.243828393518925 0 0.8897275328636169 0 114.1079909652472 0.5180924534797668 27.55609080940485 7.116937689483166 0.699878066778183 0.2706063389778137 1.891071751713753 0 1.755923762917519 1.067232310771942 0.4319396018981934 0 2.328827038407326 2.247984297573566 0.1236166134476662 0 0 0 0 0.7273791208863258 0.7683288380503654 1.096749372780323 4.99985658377409 9.446300908923149 0.1661961376667023 0 0 58.19452038407326 6.361160285770893 0.6667321026325226 0.7775467187166214 0.7481134459376335 1.32664392888546 0.2964915931224823 0.3952611535787582 0 0 45.42046033591032 11.6222277879715 0 0 1.356279492378235 52.60166867077351 9.46358060836792 70.9552511125803 7.588196478784084 15.2534496486187 3.276879318058491 0.8791845738887787 0.7374056577682495 0.3155423551797867 1.064790047705173 0.2833314538002014 0.199825830757618 4.334206946194172 1.211595542728901 0.5354453921318054 0.5105107426643372 58.93874042481184 21.16508807241917 29.1342071890831 705.2670379206538 46.76787603646517 648.5629298910499 87.04851904511452 456.740553021431 52.24612491577864 8.266857758164406 16.47262703627348 89.43140196800232 1.437720648944378 24.69684838503599 4.181260332465172 102.0420923829079 4.217034362256527 0.7633922696113586 0.7617123126983643 11.63794752955437 1.195667997002602 303.5612684115767 66.96162091195583
501.1283935755491 552.3538001701236 3866.308978311718 0.6647168546915054 186.9499259516597 2.419115573167801 20.79954247921705 902.0713823661208 80.94323022663593 4.075083188712597 2442.385157555342 1.051916018128395 41.27180200815201 1151.989412866533 21.05261491984129 37.33130953460932 0.7982834503054619 2.095908589661121 1.238276086747646 14.31867715716362 41.55487069487572 0.1741655766963959 57.55691340565681 67.02902325987816 23.05578298121691 20.61165744811296 15.62005235999823 5.623073577880859 0.85976542532444 12.77120294421911 2072.79861959815 2515.389501057565 165.3281593620777 4.842491343617439 21.20728296786547 14.48483176529408 49.88745409250259 10.59917688369751 3.50554221868515 6.057254910469055 58.19700086116791 9.089904241263866 27.00401844084263 11.75737286359072 7.804427951574326 29.07475720345974 41.44348427653313 2.686770215630531 1.565620109438896 12.54215166717768 3.18457642942667 0 0 1.401129066944122 3.795117288827896 5.02297143638134 14.92197253555059 58.93167899549007 12.91451865434647 19.30178316682577 299.5968656018376 126.8935120329261 11.81091294437647 387.4209439530969 0.7577351853251457 4.301739245653152 2.453985743224621 5.695127286016941 18.30607519298792 130.2198021635413 12.7970142364502 0 0.195136621594429 87.01650040596724 76.95323894917965 121.7942976281047 107.0211628824472 150.7817051708698 1151.935534395278 3740.033735454082 192.7721465379 2470.234699629247 8.371124386787415 0.1065828800201416 2.459798693656921 2.629675447940826 5.209031909704208 0.1815795674920082 1.496558092534542 0 1.631918542087078 0.1215219274163246 115.1693954840302 11.13314411044121 1.035460859537125 9.946126222610474 1.721361309289932 0 4.4130744561553 26.82960991561413 0 0 0 0 0 0.1929027438163757 0 0.4177045524120331 1.773712366819382 0.3041955083608627 0 1.702789500355721 1.026792913675308 2.489254906773567 3.024480998516083 0 0 0 0 0 0 0 0 0 0 0.3427576720714569 0 0 0 0 0.4974725246429443 0.121956579387188 0 0 0 0.2139454483985901 0 0 0 1.681268617510796 0.2849010527133942 1.03570020198822 0.3394336849451065 0.2244428172707558 0.4501424133777618 0.5182411819696426 0 0 0 0.2045054137706757 0 0 0 0 0 0.2653222382068634 0 1.809277445077896 0.08980347961187363 0 0.1756386756896973 0 0 0 0 0 0.5980323255062103 0.2002931535243988 0 0 0 0.4348573610186577 0 0.08537142723798752 0 0.1643448919057846 1.558547481894493 0.1166699901223183 0.3678831458091736 0 0.2053012102842331 1.226343929767609 0.2144941091537476 3.910868734121323 0 0 0 0 0 0.1366834193468094 0.1967676877975464 0.1161918863654137 0 0.8488844782114029 0.1889844685792923 0.1752440929412842 0 0.3511770814657211 0.5170039236545563 0.4451883286237717 92.96423294395208 12.27879586070776 141.547562584281 25.60875045508146 17.83805195987225 11.31843712180853 0.6289031654596329 3.043510042130947 0.9121985286474228 0.4883591085672379 0.1543969959020615 0 0 0 0 0 3.457082480192184 0 18.61960103362799 0.490196704864502
23.60506004840136 1498.146414853632 1944.498913943768 4.531833156943321 4868.962010279298 1.879649132490158 2400.606600038707 80.94323022663593 978.8646188825369 39.52349927276373 1686.914243668318 10.44423031806946 964.9926620572805 1326.208175376058 10.19587817788124 9.717368587851524 0 0.1481621116399765 0.2279252409934998 0.09752172231674194 0 0 0.1561277955770493 0.4019047319889069 0 0 0 0 0.4769536107778549 0 209.1135416477919 35.33651597052813 20.10364693403244 0 0 0.523402988910675 19.08589067310095 2.901180759072304 2.622717387974262 0.1091453433036804 0.1355184763669968 0.1346280574798584 0 0.8152076378464699 0 0.2574873194098473 20.22117625176907 0.9249167293310165 0.5945746451616287 0.1843770444393158 0.9077885672450066 0 0 0 2.784739851951599 1.97196938842535 1.783772632479668 8.880394086241722 5.925112836062908 9.748509846627712 0.878121629357338 6.892491027712822 0.0969817116856575 51.27484828233719 0.5189429000020027 1.34963995218277 1.207511305809021 1.1279701218009 0.1949135735630989 0.4483003318309784 22.89962655305862 1.382134139537811 0.1241220980882645 31.55194681882858 20.20088352262974 44.45163564383984 20.86126621812582 7.737538747489452 0.2618008777499199 159.7560461908579 0.2112521231174469 7.887091882526875 3.710842028260231 0.1802440136671066 0.9707080349326134 1.635920867323875 0.5606741532683372 0.09426619857549667 0.1884530782699585 0 0.5192887261509895 0 0.7458814978599548 0.4683632701635361 0.3660808950662613 13.88774588704109 0.6207264810800552 0 8.254038386046886 2.920006021857262 0 1.422234311699867 1.22821968793869 0.2791581153869629 1.234366834163666 30.66539442539215 3.282598629593849 0.179407075047493 21.74747960269451 4.427474766969681 0.371207594871521 20.99359998106956 9.406343869864941 17.77535270899534 34.54426296055317 0.5276430547237396 0 0 0 0 0 0 0 0 0 0 0 0 0 0 0 0 0 0 2.426529750227928 3.558133691549301 0 0 0 18.62284584343433 0.4593806862831116 4.002748548984528 0.6416169703006744 0 0 0.1674353927373886 0 0 0.2603954672813416 0 0 0 0 0 0 0 0 0 0 0 0 0.8304627984762192 0.8269599825143814 0 0 0 8.649042516946793 2.339970484375954 0 0.1587305217981339 0 0.1039186418056488 0 0.3014358282089233 0 0.1402607262134552 7.780651494860649 0 0 0 0 7.22566382586956 0.5308395773172379 9.476469606161118 2.04214858263731 1.535073012113571 0.1885838657617569 0.3039014339447021 0.131258562207222 0 0.08243033289909363 0 0 0.4638728275895119 0 0 0 6.57910168170929 4.351819768548012 4.473575256764889 91.23503112047911 3.468727447092533 79.02132257074118 18.07357370853424 16.25192505866289 6.095984004437923 0.6206804364919662 3.206748805940151 8.862893328070641 0.1281207203865051 3.449249401688576 0.5789341777563095 5.00043086707592 0 0 0.7114348262548447 1.266688801348209 0 17.94991468638182 6.121916376054287
1119.880733557045 1373.915032759309 101.8857614025474 4071.473580501974 188.7762281224132 724.9377224743366 2650.729025617242 4.075083188712597 39.52349927276373 3881.841365940869 87.87884785979986 3027.11929756403 5278.845355600119 389.0941588208079 11.38328679651022 8.256858430802822 0.2551539167761803 0.2935518845915794 0.1016868948936462 0.2075408473610878 0 0.4908765405416489 0.1253999173641205 0 1.236460171639919 0.3062638267874718 0 0.1804254055023193 0 0.1448325514793396 98.82365933060646 27.41714573651552 55.52275449037552 0.1347293108701706 0 0.2844003438949585 179.3891740515828 5.156212449073792 11.57446737587452 1.064821124076843 0.2364920824766159 1.00723622739315 0.2156432643532753 0.6866171360015869 0 0.349605068564415 35.84737505763769 4.267713725566864 0.4281723350286484 0.7466612756252289 2.572257049381733 0 0.6609503030776978 0.2236689701676369 10.61614651978016 12.13840908557177 194.2920241206884 62.93536972254515 53.60575354844332 30.79210927337408 0.6447169333696365 15.73797958344221 0 61.21499006450176 2.211524933576584 3.759086154401302 1.70953032374382 2.259586721658707 0.2044325321912766 0.753673754632473 200.8815535977483 3.772795394062996 0.2778071463108063 195.755406357348 41.81913101673126 73.06307080388069 16.32292600721121 6.593711540102959 0.2445022165775299 17.44149596989155 0 5.267292268574238 18.25790967792273 0.2817897349596024 4.531159080564976 5.55967553704977 1.16935720294714 0.1119922176003456 1.261362843215466 0 3.014548666775227 0.4410304948687553 0.5975081548094749 0.8268172815442085 0.651817575097084 168.4749653190374 109.4591614305973 0.3723625838756561 56.99316817522049 555.2781114131212 0.5221514403820038 8.467929303646088 19.942323371768 20.44427140802145 13.59470799565315 18.53465390205383 85.82216094434261 16.38433565199375 187.0903098136187 175.0849680602551 2.869575798511505 359.1883939653635 264.0302651226521 327.655752286315 143.2206665277481 0.1516649276018143 0.2759471088647842 0 0 0 0 0 0 0 0 0 0 0 0 0 0 0 0 0 4.894369557499886 2.167203396558762 0 0.2955911755561829 0 47.68411758542061 0.3086601495742798 7.508461065590382 1.803203448653221 0.378868468105793 0 0.3415417075157166 0 0.2845681607723236 0 0.8919299840927124 0 0.8078563511371613 0.4323790669441223 0 0 0.3797694891691208 0 0 1.11405424028635 0 0 1.883034832775593 1.137795992195606 1.209136873483658 0.8476602435112 0 15.15139083564281 7.947650358080864 0.4600553512573242 0 0.2098429352045059 0 0 0.5068829283118248 0 0 34.79322670400143 14.09411261975765 0.8032745271921158 0.4007057100534439 2.490000322461128 27.62270097434521 4.412367403507233 15.99874621629715 2.090775519609451 1.19082897901535 0.1245043575763702 0.320361539721489 0.1203858479857445 0.1045161113142967 0.3606270477175713 0.1476607620716095 0 1.98307142406702 0.640563927590847 0 0.1261129677295685 139.9854636490345 14.06469178199768 10.8586762547493 896.6586951836944 13.52683109790087 186.9980128109455 25.86983727663755 1945.241323851049 19.7882112339139 3.4186747148633 4.949919141829014 104.9085734635592 0.1911090835928917 4.533774361014366 2.533198736608028 218.4144237339497 0.585449755191803 0.1793865114450455 0 1.564349457621574 0 850.3944813460112 253.807968467474
300.8973358571529 3181.564321748912 2711.935195162892 10.29833741486073 1342.784566104412 4.740034893155098 1173.172658436 2442.385157555342 1686.914243668318 87.87884785979986 945.6150204017758 36.91180829703808 1993.313149504364 2214.879881642759 41.04505863040686 89.49481727182865 0.6813565790653229 0.3324138298630714 0.1157609149813652 0.2176451086997986 2.117539376020432 0 12.03154254704714 17.20866167545319 16.63404424488544 9.702086053788662 6.586273461580276 3.722699582576752 0.5359576791524887 3.152636036276817 785.8147995918989 181.5632923692465 365.9554274231195 0.3311579972505569 5.059012487530708 8.212214387953281 229.6660160496831 20.11353144794703 11.75608969479799 4.224128074944019 21.34643102437258 5.745199896395206 1.117628388106823 9.30930170416832 1.021326214075089 1.652132615447044 63.5087424069643 2.278932772576809 2.51381778717041 2.535006172955036 1.043011531233788 0 0 1.212632231414318 5.866612210869789 5.696454755961895 11.20319832861423 34.89606995880604 17.32017076015472 26.67456519603729 3.266945414245129 78.30103827267885 1.703969061374664 178.9646225497127 1.402328364551067 2.486724324524403 2.15002852678299 2.782764427363873 2.467190228402615 21.73465186357498 42.39753127098083 1.370972633361816 0 77.15386826545 56.23728284239769 153.3028390109539 106.9937178492546 81.67190886288881 6.27044315636158 1030.674254357815 1.577819399535656 168.5051454827189 6.308104731142521 0.3101390674710274 2.575989872217178 3.82072364538908 1.661168359220028 0 1.875244811177254 0 1.640068031847477 0.5036612451076508 40.34391061961651 9.022339008748531 0.9787602797150612 20.2559402436018 3.609876826405525 0.08795028924942017 10.75519873201847 23.13760675489902 0 0.1298026442527771 1.038457587361336 0 0.8728890120983124 14.62959989905357 0.289425253868103 0.3616729378700256 6.129088774323463 1.812638074159622 0 6.43125207722187 6.233094274997711 6.799999117851257 15.51305698603392 0 0 0 0 0 0 0 0 0 0 0.4997799098491669 0 0 0 0 0.207995593547821 0.1091276556253433 0 0 1.099402368068695 0 0 0 0.2980045974254608 9.277247875928879 0 3.137164227664471 0.393146350979805 0.5352842882275581 0.2887559831142426 0.1177239641547203 0 0.2443087249994278 0 0.2013356387615204 0 0 0.192244827747345 0 0 0 0 0.3543470948934555 0 0 0 0 0 0 0 0.1101867109537125 2.393968239426613 0.5445170998573303 0 0 0.2317895665764809 0.09463902562856674 0 0.2616662606596947 0 0 4.165972530841827 0.124057911336422 0 0.0970686599612236 0.104667991399765 3.559224933385849 1.687820240855217 4.14120788872242 0.2186247706413269 0.4878979027271271 0 0.2767200469970703 0.2311863154172897 0 0.2710094973444939 0 0 0.424856074154377 0.4390633702278137 0.1507424712181091 0.3232548236846924 6.172378525137901 1.527354188263416 3.873848631978035 237.3571653217077 12.99621368199587 213.09852784127 45.38090821355581 28.79673279821873 13.95582731813192 2.274662829935551 4.861482039093971 4.364512115716934 0.2277361676096916 0.5284068733453751 0.2668757289648056 4.494988292455673 0.4169520139694214 0.07582209259271622 0 6.290871001780033 0.4245002567768097 29.18712928146124 2.427687123417854
76.57760629057884 279.0340616703033 6.290068104863167 313.595729470253 14.68359281122684 192.3095247447491 638.5709054544568 1.051916018128395 10.44423031806946 3027.11929756403 36.91180829703808 319.2893015146255 2056.821688234806 234.3668964803219 9.398721911013126 29.40128842741251 0.3724222406744957 0 0 0.5792161226272583 0 0 0.5402721762657166 2.748132541775703 5.066854059696198 0 0.3361155688762665 0 0 0 8.761189237236977 8.905657142400742 62.42743077129126 0 0.350694552063942 0.1305606812238693 262.9494135081768 8.32288783043623 13.27635410428047 2.122048527002335 1.373797670006752 0.6981373727321625 0.3083272576332092 2.647403977811337 0.2485809326171875 0.6132830828428268 16.10103367269039 0.8351864442229271 0.3958335742354393 0 0.5669529959559441 0.1938288956880569 0 0.3628972768783569 0.3908039629459381 1.02719733864069 15.06325800716877 3.442729659378529 3.292710691690445 3.970771566033363 0.628188893198967 15.47706655412912 0.285974457859993 23.54486542195082 0.1116731837391853 0.5390913635492325 0.2021123990416527 0.5072849690914154 0.6153164654970169 2.791945718228817 153.3960938081145 1.329746127128601 0 13.40464405715466 7.318145833909512 26.01183085888624 20.75480489432812 20.58199270814657 0.6523385941982269 26.97766926139593 0.374756895005703 5.360338538885117 1.992007486522198 0 0.4513970911502838 0.2714040204882622 0.1343016773462296 0.1165827065706253 0 0.1737160980701447 0.4389744326472282 0.1017719283699989 7.832706496119499 1.153594568371773 0.1104322895407677 300.8851144760847 4.323570504784584 0 23.13247260451317 41.79905779659748 0.1570907235145569 2.187667846679688 18.8993798866868 6.799274176359177 18.68350654840469 10.59089809656143 43.87875099480152 14.51206949353218 114.4817641526461 82.8632188141346 5.010854676365852 199.3715425729752 140.2277418375015 153.3228415474296 149.4452307969332 0.1852763146162033 0.3058845102787018 0 0 0 0 0 0 0 0 0 0 0.5444080531597137 0 0.1731933057308197 0 0 0 0 7.768907785415649 5.895087093114853 0 0 0 53.1346872150898 0 10.83710578083992 3.192455872893333 0 0 0.5586658716201782 0 1.236280962824821 0 0.292952686548233 0.1745376437902451 0.3487546369433403 0.7547530680894852 0 0 0.5399570465087891 0 0 0.579803541302681 0.3865551352500916 0.2872839868068695 0.6887951493263245 1.855340130627155 0.2671902477741241 0 0 20.36612915992737 1.516310572624207 0 0 0 0.1685550063848495 0 0 0.1594087332487106 0 33.80765351653099 6.587833672761917 0.4536373913288116 0 0.5027198642492294 43.2640610486269 5.496677294373512 31.68022154271603 3.491082206368446 2.809776216745377 0.5471842736005783 0 0.3375487923622131 0 0 0.2752378582954407 0 0.5295226499438286 0.286119669675827 0.1373339593410492 0 91.91294410824776 7.663815870881081 10.58271461725235 225.1282496750355 3.627446793019772 72.24289403110743 26.91928823292255 296.4519759714603 7.882788762450218 0.249978743493557 4.543578252196312 40.04129962623119 0 7.59466989338398 2.70925384759903 91.00237615406513 1.548705101013184 0.6834614127874374 0.2515515387058258 5.038616485893726 1.639209181070328 427.3697454929352 121.3767444193363
158.6983163058758 1489.164357937872 184.1354236677289 445.2121150568128 628.3571699783206 109.6807175725698 3751.43693805486 41.27180200815201 964.9926620572805 5278.845355600119 1993.313149504364 2056.821688234806 4485.978628575802 6998.382608562708 53.63570833206177 126.5762164145708 0.6574507877230644 0.5864930152893066 0.5283029973506927 0.5825959965586662 0.6004530861973763 0.1968433707952499 4.122215032577515 4.865991361439228 8.388521254062653 1.693703711032867 1.744595915079117 0.2413378804922104 0.1526082903146744 0.8106625080108643 105.4811611324549 90.66709004342556 604.7448510378599 0.4436193332076073 1.794039130210876 2.940417349338531 387.576466396451 27.07675782591105 19.80755281448364 2.357854574918747 5.9931735470891 1.719090037047863 1.221282608807087 12.83921770006418 1.507917009294033 2.79434697329998 102.0977235585451 3.098818190395832 2.67771739512682 3.89222839474678 2.337049834430218 0 0.2119646221399307 0.9988131523132324 6.351869195699692 7.102101542055607 23.75478828698397 14.05121459811926 23.97065695375204 31.84724242240191 2.560112588107586 60.45793128013611 1.329142734408379 185.2334571108222 0.9967822134494781 2.532829396426678 1.743679009377956 2.989308886229992 1.156289711594582 7.323333844542503 321.4740507155657 12.43490427732468 0 89.76953803747892 51.65662349015474 186.653299510479 147.663988403976 111.7248042300344 2.361648939549923 212.4070944786072 2.651596240699291 32.55454153567553 9.070666745305061 0.1140171959996223 1.746221601963043 4.097112365067005 0.8981946483254433 0 1.052612580358982 0 1.541847266256809 0.3669306188821793 23.37248913943768 4.907361209392548 1.09086386859417 493.6740329638124 9.591452598571777 0 66.08543072640896 40.96114088594913 0 5.540337055921555 25.11211271584034 12.91968350112438 23.70440858602524 29.24841038882732 44.86769334971905 14.77122935652733 160.2534408122301 112.1184511631727 14.1519955098629 320.773340575397 203.5316079631448 272.888600602746 379.6190411746502 1.078829824924469 1.334450200200081 0 0 0 0 0 0 0.2675112262368202 0 0 0 1.128003358840942 0 0 0.1436297297477722 0 0 0 14.2107255756855 16.27285666763783 0 0.5825445353984833 0.1987030208110809 155.4992917478085 1.106308296322823 29.43125668913126 9.956175126135349 0.7629380077123642 0 0 0.1420404762029648 1.781844481825829 0.3987098783254623 0.2298325896263123 0 2.140784442424774 2.828246399760246 0 0 0.2151201367378235 0 0.5485018640756607 0.4188402518630028 0.3958693072199821 0 2.532938078045845 3.951159819960594 0.34035325050354 0.1309510320425034 0.5319940447807312 65.33341825008392 12.87225093692541 0.5841828137636185 0.3425900042057037 0.3528532236814499 0 0 0.2720347717404366 0 0.3155663087964058 81.67111769318581 11.78651589155197 0.9393765777349472 0 0.2694036066532135 109.6342267841101 6.074703112244606 105.700851932168 7.071765102446079 7.605186887085438 3.172220900654793 1.492251843214035 1.107449382543564 0 0.4108566865324974 0.1919029206037521 0 0.62124053388834 0.5699299573898315 0.1891380995512009 0.1497949212789536 138.8737602084875 30.06332322955132 36.87362826615572 701.1122796162963 16.98258497565985 375.2505067884922 121.5881902053952 274.7055520936847 30.12073779851198 3.039599716663361 18.0426417067647 105.8363392725587 0.3014150857925415 25.61175048351288 6.345880679786205 153.0987349748611 1.034189186990261 0.128424346446991 0.1327866762876511 18.84958313405514 3.322200015187263 432.759345471859 128.7565975636244
