355.0216581150889 1163.745260939002 157.6540547087789 1028.735301569104 25.16735656559467 266.4790096953511 472.1062188446522 117.3144759535789 38.97413889318705 1540.044459328055 95.08024026453495 71.49639274179935 196.1810747310519 131.9327059015632 8.48210421204567 0.9468744173645973 0 0.08755050599575043 0.3166848868131638 0 0.570551224052906 0 0 0.08624310046434402 0 0 0.09292669594287872 0.2089942693710327 0 0 933.7786307185888 14.46723262220621 20.41870205849409 0 0.1622515469789505 0.6095813661813736 1.745258465409279 1.0504514798522 0.2165121287107468 0.3268841803073883 0.2220679894089699 0.109856866300106 0 0.5637338608503342 0.07016176730394363 0.08634445071220398 75.70910546183586 4.896041378378868 0.8503609150648117 0.3910290598869324 1.510681048035622 0 1.068110197782516 0 1.813945032656193 3.852351993322372 215.4789949133992 892.1826583072543 50.00147556513548 97.58831703662872 0.09019124507904053 1.890403904020786 0 18.36236374080181 1.898435041308403 2.437749132514 1.198605582118034 0.7474509030580521 0.175871767103672 0.4356670081615448 2.05161539465189 0 0 463.7999229133129 122.357193954289 200.7354167923331 12.25382404774427 1.656485594809055 3.787628814578056 53.87788862735033 0 2.636902175843716 17.46279651671648 0.09409863501787186 1.264141261577606 2.11787960678339 1.27513213455677 0.1907074674963951 0.8625432029366493 0 1.116343259811401 0.3767276406288147 1.319390945136547 0.8538742810487747 0.1924313753843307 7.115637041628361 0.6364993080496788 0 0.2805003076791763 723.3739490732551 0.4405069127678871 4.302358232438564 16.44327560812235 4.701536223292351 5.173202537000179 13.67818660289049 17.03364227712154 12.90001679956913 11.52314961701632 29.84887259453535 4.609440140426159 35.93867082893848 15.14516404271126 7.69076956063509 16.330058157444 0 0.1518431305885315 0 0 0 0 0 0 0 0 0.3468354046344757 0 0 0 0 0 0 0 0 0.7107740938663483 4.666173823177814 0 0.5017988085746765 0 0.3779840096831322 0.507837176322937 1.530769288539886 0.3775011822581291 0 0 0 0 0 0 0 0 0.5121562629938126 0 0 0 0 0 0 0 0.1600991040468216 0 0.7188574969768524 0.9169853031635284 0 0.07807092368602753 0 5.472523532807827 0.252243846654892 0 0 0 0 0 0.08696088194847107 0 0.1185469776391983 2.747097723186016 0 0 0.09311269223690033 0 18.12154933810234 1.637272834777832 5.52613665163517 0.497682198882103 1.199488244950771 0.1985793262720108 0 0 0 0 0.1063698157668114 0 0 0.1002897396683693 0 0 8.125856816768646 1.369305841624737 0.6328582167625427 362.7648806199431 5.541691347956657 125.6509128883481 10.02779519557953 1166.511466428638 8.783248014748096 1.61681217700243 9.396995149552822 11.99570348113775 0.07778073847293854 1.264769837260246 0 31.88765336573124 0.146498516201973 0.1556264460086823 0 0.453886866569519 0 442.9910132363439 2.678301699459553
1163.745260939002 1408.823332712054 2081.488664902747 427.1315799951553 1328.18696911633 144.0030208677053 1880.494083561003 687.5406821295619 1600.56348285079 2161.260058000684 1320.375002034009 217.0163219794631 875.0130858644843 1647.808861784637 29.08103334903717 4.258554346859455 0.5259614810347557 0.2938302457332611 0.1925349831581116 0.100371353328228 0.7233939543366432 0 0.1091672703623772 0.3500830009579659 0.08430428802967072 0.4299517422914505 0.3299563229084015 0 0.1261404901742935 0 1857.754979729652 156.0402645245194 80.3536563962698 0.4062503427267075 0.9880347847938538 1.643578536808491 9.661252737045288 4.837514780461788 1.488686166703701 0.1070955172181129 1.127573035657406 0.7217303141951561 0.3687291890382767 0.9084654152393341 0.390690416097641 0.4325682818889618 217.4691135585308 8.179676152765751 1.573650799691677 0.582960769534111 3.447469383478165 0.2061469331383705 0.0835956484079361 0.103697158396244 2.898782767355442 6.572079457342625 242.2739789076149 973.3066248446703 75.72344490140676 158.91013045609 1.936192192137241 11.85919436812401 0 37.146843098104 3.671233400702477 3.949152819812298 2.840342819690704 2.407106719911098 0.7195013090968132 2.422841444611549 23.49625850468874 0 0 596.4281912669539 215.5858932882547 373.400876685977 66.15104960650206 5.846363797783852 33.42436642199755 207.3262271881104 0.7344067245721817 10.10881216078997 25.88744137436152 0.5452243611216545 2.380371771752834 3.741422019898891 1.683266013860703 0.2124621644616127 2.170092098414898 0.2086531668901443 2.308911919593811 0.1592049151659012 3.77810674905777 1.241075322031975 0.3681663796305656 82.58392581343651 11.029013492167 0 1.033216424286366 501.4623258933425 1.254320062696934 1.406033165752888 8.264569543302059 2.063381895422935 5.046012356877327 8.114465482532978 7.480958193540573 13.97474710643291 9.071276873350143 25.35191956907511 9.968545228242874 40.42236414551735 16.47013584524393 12.4142864793539 44.8033032938838 0 0.4213406443595886 0 0 0 0 0 0 0 0 0 0 0 0 0 0 0 0 0 2.113582268357277 3.197793953120708 0 0 0 4.110207460820675 1.062889531254768 7.866980619728565 0.3935132324695587 0.1120651736855507 0 0 0 0.1254964172840118 0 0.1101704761385918 0 0.08703915774822235 0.2201177403330803 0.1577528864145279 0 0 0.2315910086035728 0 0 0.1057572439312935 0 0.3890357166528702 0.8566351011395454 0 0 0.4856186211109161 8.94848321378231 0.7752704098820686 0 0 0.09423056244850159 0.1178669109940529 0.07861784100532532 0.1185119897127151 0.08780790120363235 0.08837059140205383 7.367514081299305 0.515711709856987 0 0.1025084257125854 0.393029697239399 28.89536947011948 2.109674274921417 13.64680372923613 0.3861797600984573 1.306479148566723 0.3564337193965912 0.490717925131321 0.4478339552879333 0.08057935535907745 0 0 0 0.09472139924764633 0.1048899814486504 0 0 29.81955033540726 1.391925029456615 1.869911871850491 601.4104094356298 15.61218772083521 431.1368269473314 48.09584254771471 761.0885367393494 46.77552606910467 1.717052541673183 86.52833950519562 7.460202373564243 0.5234596431255341 1.602474644780159 0.09561361372470856 8.120313405990601 0.2258464246988297 0.3241986036300659 0 7.660014286637306 1.359948232769966 110.907582692802 12.20873731374741
157.6540547087789 2081.488664902747 1054.256639875472 23.15253452211618 699.1190836876631 5.426374994218349 114.4263389259577 2334.186789758503 1049.16687617451 295.5186371952295 1794.113921001554 29.82627588510513 96.2553957849741 1245.669317007065 6.134035483002663 2.526313468813896 0 0 0 0 3.45519545674324 0 0.9723824709653854 0.9077192842960358 0.322284460067749 1.564072504639626 0 0.4422907009720802 0 0.8157300353050232 3434.428364597261 543.1826987415552 90.61149600148201 0.5193082466721535 3.269327990710735 2.917530834674835 8.663827210664749 10.45063832402229 2.740432046353817 0 1.952258042991161 1.028520904481411 0.2003565728664398 0.08589819818735123 0.25811867415905 0.9571227505803108 55.43187829107046 1.319002322852612 0.4137097299098969 0.5402897521853447 1.086792565882206 0.3684632778167725 0 0.1311274170875549 0.2523335367441177 0.710231177508831 72.29353623837233 387.5562372356653 16.36268827319145 28.9539108723402 3.562647610902786 20.66822343319654 0.1211306378245354 64.78612019121647 0.2449859604239464 1.372330464422703 0.2699615955352783 0.964161328971386 1.666068509221077 2.813476726412773 9.705583475530148 0.3215834423899651 0 127.2681684270501 74.12569078058004 78.95376375317574 22.24700479209423 12.56523288786411 118.4862215220928 582.9569012969732 0.8846967071294785 23.77552696317434 4.68561390042305 0 0.4099122062325478 0.3349781781435013 0.5684042647480965 0 0.3966904059052467 0 0.118140809237957 0.09263370186090469 7.126895688474178 0.7807578444480896 0.5589765906333923 25.87595994025469 5.849262222647667 0 0.702832393348217 41.25737033784389 0.2138281688094139 1.784171618521214 2.303354293107986 0.3814175948500633 1.008222177624702 0.2181727141141891 1.356954075396061 6.003922313451767 2.352395616471767 6.202771060168743 2.270701169967651 11.6432553678751 5.821638412773609 3.820322260260582 16.96915367245674 0.07075182348489761 0.0882890596985817 0 0 0 0 0 0 0 0 0.1103927344083786 0 0 0 0 0 0 0 0 0.1920672208070755 1.595047704875469 0 0.2044057995080948 0 1.159350268542767 0.1524544805288315 4.720061480998993 0.6647716015577316 0.2685778588056564 0 0 0 0 0 0.2338023781776428 0 0.0966399759054184 0 0 0 0 0.1914842203259468 0 0.1819190680980682 0 0 0 0.1055502817034721 0 0.1909539252519608 0 2.20970169454813 0.8721292167901993 0 0 0 0 0.1871621012687683 0.09066683053970337 0 0.1930048912763596 1.493896700441837 0 0.3448048830032349 0 0 8.464549131691456 0.5753099322319031 2.795349158346653 0.1076692193746567 0.3535008728504181 0.6242180615663528 0 0 0 0 0 0 0.2055967897176743 0 0 0.1902144402265549 8.130387589335442 1.099373668432236 0 114.2157371416688 2.895474947988987 82.27932099997997 10.40712976455688 95.17059693485498 10.12014865130186 0.3471444100141525 20.94790354371071 3.405782945454121 0 0.3360718637704849 0.07368447631597519 1.562116116285324 0.1543404459953308 0 0 1.743508502840996 0 19.13804565370083 5.814784877002239
1028.735301569104 427.1315799951553 23.15253452211618 254.9389448314905 4.214397899806499 317.7833039462566 625.8256490156054 1.494039207696915 6.004705764353275 3050.945747993886 12.99886259436607 530.9970943406224 1996.987076751888 71.13976509124041 1.341433189809322 0.2179654091596603 0 0 0 0 0.09820064157247543 0 0 0 0 0 0 0 0 0 131.966004319489 3.139220170676708 4.877461053431034 0 0 0 1.9395896717906 0 0.1049777567386627 0 0 0 0 0.1049287617206573 0 0 14.17941662669182 0.2446204349398613 0 0 0.1817398145794868 0 0 0 0.2105428576469421 0.4148585125803947 16.84392683953047 61.77025870978832 3.342106409370899 8.25963132083416 0.1478769332170486 0.2885118648409843 0 1.609283618628979 0.08623889088630676 0.1133536770939827 0.09306333959102631 0 0 0.09902053326368332 2.249058432877064 0.1219157949090004 0 38.65583104640245 12.06580148637295 18.30946870148182 2.912194415926933 0.08657758682966232 0.1466887444257736 0.532375268638134 0 0.208703450858593 1.58582029491663 0 0 0.09911066293716431 0 0 0 0 0.09441222250461578 0.09602512419223785 0.248571440577507 0 0 22.82464410364628 0.7935988828539848 0 0.3280017450451851 131.9633483737707 0.2911848276853561 5.545825377106667 29.9909800812602 31.7192173153162 1.686000980436802 56.04528976976871 37.37179108709097 8.00348711758852 34.05693715065718 32.23469554632902 1.764608822762966 19.24795929342508 13.64546530693769 3.594802029430866 5.802078850567341 0 0 0 0 0 0 0 0 0 0 0 0 0 0 0 0 0 0 0 0.5763166472315788 0.3667625486850739 0 0 0.422907829284668 0.8276839032769203 0.6556535810232162 1.438890740275383 0 0 0 0 0 0 0 0 0 0.09281059354543686 0.09901661425828934 0 0 0 0.1646349728107452 0 0 0 0 0.1541372537612915 0.4138551503419876 0 0 0 1.687632486224174 0.5410136505961418 0 0 0 0 0 0 0 0 0.3332102596759796 0 0 0 0 5.544542104005814 0 0.6127108484506607 0.3261532485485077 0.3482323437929153 0.5777574330568314 0.08897029608488083 0.08881130814552307 0 0 0 0 0 0 0 0 4.293389111757278 0 0.1090294942259789 85.92977087944746 0.6868502572178841 17.58936301618814 3.769050225615501 407.759867541492 2.701735444366932 0 2.4124905616045 5.017764031887054 0 0.6221048757433891 0.1130651161074638 12.92769879102707 0 0 0 0 0 74.81761057674885 2.230527840554714
25.16735656559467 1328.18696911633 699.1190836876631 4.214397899806499 570.8952262997627 0.3129008635878563 1190.323980778456 207.0692751407623 3205.259371578693 520.6066821813583 755.3910198658705 23.1138778552413 539.3540162742138 1755.678905457258 3.229253843426704 0.2435700967907906 0.1036815270781517 0 0 0 0.1237782016396523 0 0 0 0.09089162200689316 0 0 0 0 0 68.73573905229568 18.68353433161974 9.633914239704609 0 0 0 1.544340305030346 0.09385379403829575 0.1178015545010567 0 0 0.08867259323596954 0 0 0.08810510486364365 0 24.0728100836277 0.7525564506649971 0 0 0.3330656215548515 0 0 0 0.3250623717904091 0.980951115489006 11.23698635399342 23.57411246746778 6.251025401055813 11.65637589991093 0.106890581548214 0.587606318295002 0 2.86884368211031 0.2569536194205284 0.4754353240132332 0.4165348708629608 0.2037206292152405 0 0.3646740838885307 5.670785382390022 0.1982674300670624 0 29.39068925380707 13.25260784476995 27.25770972669125 10.22705724090338 0.4955033510923386 1.818241082131863 5.041279226541519 0 0.4334952160716057 1.532080635428429 0 0.2759893760085106 0.250144861638546 0 0 0.07554364949464798 0 0.2393865138292313 0 0 0 0 25.55359818041325 2.098468407988548 0 0 1.047664955258369 0.5031543895602226 0 2.410097502171993 0.3352947533130646 0.2376522347331047 2.681231863796711 0.9701670333743095 4.716414757072926 1.688618250191212 5.120447911322117 3.329601094126701 11.09847827255726 4.88297227025032 3.911011509597301 12.07171146571636 0.08806110918521881 0 0 0 0 0 0 0 0 0 0 0 0 0 0 0 0 0 0 0.2390099391341209 0.4751217141747475 0 0 0.1098362356424332 1.021154567599297 0.1079465374350548 3.058514073491096 0.131863921880722 0.1036919206380844 0 0 0 0.1393574774265289 0 0 0 0 0.1077762395143509 0 0 0 0.1009526178240776 0 0 0 0 0.3475825488567352 0.143730416893959 0 0 0 2.643439710140228 0.1294323205947876 0 0 0 0 0 0 0 0 2.50777679681778 0.2900107726454735 0 0 0 5.324402928352356 0.4667916893959045 3.308249033987522 0.1106519177556038 0.08986209332942963 0.1075675114989281 0 0 0 0 0 0 0 0 0.3764177858829498 0 10.29533522576094 0.3105474859476089 0.8708407506346703 75.04336978495121 2.552628256380558 49.65700393915176 6.372579164803028 47.04845148324966 7.8874866142869 0.0969722718000412 9.378395639359951 0.7961481213569641 0 0.5165144875645638 0.2476652860641479 1.675788693130016 0 0 0 0.7110036388039589 0 8.61420638859272 4.138667225837708
266.4790096953511 144.0030208677053 5.426374994218349 317.7833039462566 0.3129008635878563 28.19045542180538 64.44571708142757 1.348907791078091 2.733196087181568 943.6907611191273 2.548586755990982 98.21814033389091 52.70898267626762 12.03523606061935 0.5702918618917465 0.135760024189949 0 0 0 0 0 0.1378355324268341 0 0.1238378882408142 0 0 0 0 0 0 36.28144595772028 1.411440901458263 32.03822439908981 0.3834900259971619 0.1337379068136215 0.1225042045116425 31.60058422386646 2.414239585399628 13.01010794192553 0.1404418498277664 0 0 0 0.1241274923086166 0 0 1.868884392082691 0 0 0 0.448847308754921 3.602843582630157 0.4988586083054543 0 0.1263389438390732 0.1086530536413193 46.76603800058365 19.1006665378809 3.548685573041439 1.345358304679394 0.1287547051906586 1.573202639818192 0 0.4298488050699234 0.1024878695607185 0.1344929337501526 0.3117689788341522 0.1055842041969299 0 0.1114723607897758 197.7706635817885 60.15372185409069 5.887773767113686 4.86138204485178 1.857774406671524 2.531388029456139 0.5602254942059517 0.1484869867563248 0 0.2234786674380302 0 0.2890835776925087 0 0.756658673286438 0 0.4346481636166573 0.3074915558099747 1.522065035998821 0.9752764627337456 7.04799472540617 1.77698577195406 1.037528872489929 0.3412856459617615 0 0 304.2358722910285 100.7193211019039 26.79040768742561 20.14743559807539 218.7130939215422 0.4366545155644417 5.438526719808578 9.797105342149734 4.728035792708397 3.003942981362343 6.468222260475159 15.62631058692932 11.24204710870981 7.951916247606277 27.86478617787361 3.736475884914398 25.16689285635948 10.66925098747015 5.973847433924675 9.455048128962517 0 0 0 0 0 0 0 0 0 0 0 0 0 0 0 0 0.1114067360758781 0 0 0.8509831726551056 0.6992532312870026 0 0 0 0.6963876336812973 0 0.8734661638736725 0.335987500846386 0 0 0 0 0 0 0 0 0 0.07999727874994278 0 0 0 0.2108308225870132 0 0 0 0 0 0.2568678557872772 0 0 0 1.198735259473324 0.648193933069706 0 0 0 0 0.07774278521537781 0 0 0 1.641750261187553 0.1500785797834396 0 0 0 6.720684759318829 0 1.715990327298641 0 0 0 0 0 0 0 0 0 0 0 0 0.1062601804733276 8.953853830695152 0.3148971498012543 0.4459954053163528 83.17521526664495 1.676364481449127 3.303140617907047 0.7258740589022636 137.6390521898866 0 0 0.7765121459960938 7.97730229049921 0 0.2351685762405396 0 25.58781023323536 0 0 0 0 0 292.161060847342 4.563607089221478
472.1062188446522 1880.494083561003 114.4263389259577 625.8256490156054 1190.323980778456 64.44571708142757 621.1032878383994 34.81295306235552 1170.435050748289 3094.132573880255 426.6575110703707 1125.652406975627 3564.641233921051 1262.459265977144 8.551991701126099 1.048030734062195 0 0.15282142162323 0.1067879945039749 0.1121384277939796 0.1949968934059143 0 0 0.2243120074272156 0 0.1404599398374557 0 0 0.122541218996048 0.1032704412937164 145.6341733634472 22.16071585565805 38.38638159632683 0 0.3928248137235641 0.1253088861703873 10.03893332183361 3.206719033420086 0.9785022735595703 0 0.481039747595787 0.09355899691581726 0 0.09639586508274078 0 0.1917670220136642 73.51424113661051 1.778599411249161 0.2505690827965736 0.2846802100539207 0.7239385172724724 0 0 0.1082136482000351 0.5592848584055901 0.9679844826459885 32.27607058733702 67.49643911421299 16.10842900723219 32.58029340952635 0.3492718413472176 2.117425568401814 0 7.46233969181776 0.8688592687249184 1.064145907759666 0.3943939805030823 0.3294548019766808 0.1947012767195702 0.08583548665046692 18.59661345928907 0.1300532817840576 0 96.44656422734261 42.21395682543516 78.85455336421728 20.87639094889164 1.391693152487278 4.11642824113369 5.559628762304783 0.2272713780403137 1.886544421315193 6.765201285481453 0.1090522930026054 0.6786467060446739 0.5001552179455757 0.1983863785862923 0 0.5969118773937225 0 0.1643853560090065 0.1130499765276909 0.6648975536227226 0.3860484212636948 0 117.7424808442593 6.423020794987679 0 0.7352918237447739 8.497963391244411 0.9514855593442917 1.134957358241081 8.289844736456871 1.338885582983494 3.604862652719021 13.8273052573204 7.08339386433363 39.01384574919939 16.00309793651104 34.34819272905588 10.66996299475431 159.9477966949344 34.10799094289541 24.80904753506184 47.01430188119411 0.3398905619978905 0.2910480797290802 0 0.1485586017370224 0 0 0 0 0 0 0 0 0 0 0 0 0.09940841794013977 0 0 1.923148266971111 3.146969877183437 0 0 0 4.121761508285999 0.7955198958516121 10.15055454522371 0.6842841431498528 0 0 0 0 0 0 0 0 0 0.5426948666572571 0 0 0 0.1183263063430786 0 0 0 0 0.2321838364005089 0.7346604764461517 0 0 0 12.24245447665453 0 0 0 0 0 0 0 0 0.4057395458221436 8.378018565475941 0.8186670392751694 0.1446640640497208 0.1253469437360764 0 24.13872269541025 0.5885760188102722 10.07329821586609 0.4780035987496376 1.232498325407505 0 0.2895806059241295 0.5994227677583694 0 0 0 0 0 0 0 0.1163162663578987 37.20444364845753 1.848894789814949 2.460615701973438 203.3533861264586 5.339246965944767 149.552658200264 19.24457999318838 194.8949329331517 21.37104863673449 0.3494127988815308 31.24565850198269 3.246840044856071 0.291258841753006 1.700040489435196 1.787669003009796 7.056412518024445 0.5544167831540108 0.09614497423171997 0 1.847482159733772 0.6298407018184662 67.51728688180447 20.39286676794291
117.3144759535789 687.5406821295619 2334.186789758503 1.494039207696915 207.0692751407623 1.348907791078091 34.81295306235552 1090.949112437665 277.1573388054967 9.189937800168991 2067.613569036126 42.78923919796944 112.7185954079032 779.2830472365022 22.70593319833279 10.25127749890089 0.4525824785232544 0.3509238883852959 0.09253709018230438 1.096426539123058 19.30871289223433 0 4.556483142077923 5.687158420681953 0.2972052693367004 7.203343831002712 1.459528289735317 0.9942345023155212 0 0.403529480099678 1987.613688714802 1721.19043366611 176.2044562995434 4.086940951645374 12.89648855477571 11.03693069517612 27.13352650403976 30.93206104636192 8.039515562355518 0.5764539241790771 7.62270025908947 3.62441772967577 1.135187275707722 3.105033054947853 0.1795967742800713 3.257116049528122 123.535142980516 1.814403973519802 1.872459791600704 4.399699091911316 5.54580219835043 0.4947589412331581 0.2150764092803001 0.1088849082589149 0.9850846827030182 1.515917390584946 54.43033254146576 201.9502048194408 21.21952609717846 44.97314132750034 35.46608178317547 96.39305908232927 1.837557911872864 150.2176997065544 1.37438703328371 3.171752706170082 1.527339309453964 5.550920955836773 14.30199953168631 17.94747736304998 31.43793861567974 1.421419516205788 0 132.9058228880167 129.2259794548154 169.0178830996156 116.6572489961982 350.0717999860644 1569.014547497034 899.9352576360106 12.68233807384968 282.9872400611639 6.346281200647354 0.1044516265392303 1.118356607854366 0.8228513151407242 3.979716718196869 0.08268964290618896 0.9408137425780296 0.242700956761837 0.3516296595335007 0.2059274986386299 34.25690717995167 4.776561364531517 1.370631285011768 25.65756767243147 5.380959242582321 0 2.335056014358997 14.44105398654938 0.0761234238743782 0 0.1185990422964096 0 0.1107329577207565 0.1272640377283096 0.1352677792310715 1.273661948740482 0.2255832254886627 0.4163403362035751 1.24794190376997 2.616999164223671 2.371735759079456 0.7248610109090805 7.043836921453476 0.08087980002164841 0.08322125673294067 0 0 0 0 0 0 0 0 0 0 0.2535192668437958 0 0 0.4302163124084473 0 0.1218600571155548 0 0.5126498565077782 1.139678135514259 0 0 0 2.198319815099239 0.864723227918148 4.845072142779827 0.6912689208984375 1.551761120557785 0.3361636400222778 0 0 0 0 0.1002613827586174 0 0 0.09985048323869705 0.1372919976711273 0 0.1052322685718536 0.6145689487457275 0.2943920120596886 0 0 0.08578560501337051 0.07337961345911026 0.1939622238278389 0 0.3081763908267021 0.6814614683389664 4.95991924405098 0.6101933270692825 0 0 0 0 0.2913175523281097 0.08388212323188782 0.1096878573298454 0.08488766103982925 1.592550441622734 0.2122442722320557 0.218793548643589 0.2240756824612617 0.07863326370716095 4.840207256376743 0.1769592463970184 3.541775442659855 0.227802112698555 0.1420460790395737 0 0 0.1911227479577065 0.09373124688863754 0.09102059155702591 0 0 0 0 0 0 2.364124037325382 0.7506450936198235 1.645463034510612 224.2139562293887 8.53570681810379 188.1563689410686 32.49795281141996 96.85016412287951 24.62222053855658 0.3637058213353157 44.29492966085672 1.273450121283531 0 0.5029511451721191 0.1130268946290016 0 0 0.2359972447156906 0 4.063927866518497 0.8748517856001854 12.01471918821335 2.587131753563881
38.97413889318705 1600.56348285079 1049.16687617451 6.004705764353275 3205.259371578693 2.733196087181568 1170.435050748289 277.1573388054967 932.2645488008857 486.7563573494554 947.8911595493555 133.8746742010117 690.9442531764507 1086.332462780178 7.445168979465961 1.911217771470547 0 0.1011912748217583 0 0.1110568270087242 0.4177258610725403 0 0.1227602660655975 0 0.1207321882247925 0.3116624876856804 0.2714427560567856 0 0.109685130417347 0 115.5811382830143 30.86755930632353 41.40361124277115 0.1111778616905212 0 0.5555042922496796 13.53104428201914 1.460600413382053 0.8345283269882202 0 0.5066716894507408 0.09803692251443863 0 0.4259380549192429 0 0 47.52797526866198 1.312367878854275 0.3380206823348999 0.193143717944622 0.4305618926882744 0 0 0 0.6191670671105385 0.6880778893828392 14.11839231848717 24.00269716233015 8.962977975606918 16.67733170837164 0.6075884476304054 5.235453180968761 0 4.5936389118433 0.2669837772846222 0.5047967582941055 0.3368423953652382 0.2754769772291183 0.1875822991132736 0.4007387980818748 12.91508275270462 0.2728354930877686 0.1502747237682343 41.31926883757114 16.81943169981241 40.72302730381489 18.82795134931803 2.553703241050243 7.89900104701519 22.59535503387451 0.1047599241137505 3.408434219658375 2.820708096027374 0.08764257282018661 0 0.415265865623951 0.08765330910682678 0 0.2522268146276474 0 0 0 1.287531979382038 0.2376543879508972 0.08705678582191467 62.15975519269705 10.941416233778 0 0.4412240013480186 3.443098708987236 0.9226891472935677 0.9056138917803764 4.881376065313816 1.077528432011604 5.999591633677483 4.241277664899826 2.49500548094511 11.49158044159412 7.245244391262531 14.67797236144543 7.243183828890324 27.19617450982332 14.88608599454165 9.689697951078415 37.94706457853317 0.1198251396417618 0 0 0 0 0 0 0.8520120307803154 0 0 0 0 0 0 0 0 0 0 0 3.648391008377075 3.553639054298401 0 0 0 4.798914723098278 1.039249584078789 6.27673514932394 0.6343599185347557 0.5245851874351501 0 0 0 0.2682528719305992 0.08624109625816345 0 0 0 0.3996124044060707 0 0 0 0.382131852209568 0 0 0 0 0.3304799646139145 0.8834661394357681 0 0.1924083679914474 0 10.65651690214872 1.153159320354462 0 0 0 0 0 0 0 0 7.250793255865574 0.6973453089594841 0 0 0 23.06107515841722 2.790236309170723 11.38814728707075 0.3891538083553314 1.461217693984509 0.4421513229608536 0.5160748511552811 0.09001780301332474 0 0 0 0 0 0 0 0 28.30555834621191 1.768789418041706 1.617060214281082 158.3335512578487 5.302345588803291 101.3757406249642 20.81076338887215 81.81212422251701 14.67816267162561 0.1155691370368004 31.87921311706305 2.649624079465866 0 0.9385933354496956 0 5.068540155887604 0.4421884343028069 0.1022417470812798 0 2.732350587844849 0.589053675532341 28.60581551492214 13.9883099719882
1540.044459328055 2161.260058000684 295.5186371952295 3050.945747993886 520.6066821813583 943.6907611191273 3094.132573880255 9.189937800168991 486.7563573494554 2327.517516136169 154.0937954559922 2299.448087505996 4943.37116701901 681.8309576287866 4.509515769779682 0.9696306735277176 0 0 0 0 0.09913011640310287 0 0 0.2616904079914093 0.4091804027557373 0 0.0988127812743187 0 0.2103531062602997 0 161.0675987675786 10.44211569428444 331.3702378794551 0 1.008964061737061 0.3787197321653366 154.017436131835 2.426702409982681 2.816886574029922 0 0.3445935249328613 0.1596163064241409 0.187446728348732 0 0 0 40.03491448611021 1.211000941693783 0.3852693513035774 0.3449690267443657 0.2064489722251892 0.1384006589651108 0.5127434134483337 0 0.6042464450001717 0.8679827004671097 23.26624473184347 74.09780546277761 11.36277262866497 19.33608800172806 0 4.678534097969532 0.1283690482378006 7.834844440221786 0.3443328067660332 0.4619765505194664 0.5713843181729317 0.3019680976867676 0 0.3168016523122787 178.2090538069606 1.519326388835907 0.120266392827034 67.98288810998201 20.07835260033607 41.09988249838352 7.038149155676365 1.324555426836014 2.199854597449303 7.422437272965908 0.3719340115785599 1.548035614192486 3.559701189398766 0 0.3629438504576683 0.3298677355051041 0.2341267243027687 0 0.2460166290402412 0.0797109454870224 0.5964964628219604 0.08486269414424896 0.3511917814612389 0 0 485.248718701303 43.37404298782349 0.4272104203701019 0.7961720526218414 125.3917054459453 5.675032384693623 16.13454083353281 82.4543132558465 42.77403198927641 32.04309560358524 101.0498734414577 105.8116812929511 139.8772200345993 142.4604294896126 249.4506743997335 60.6282971650362 397.728987686336 220.8092514649034 120.3156784623861 213.4663367047906 0.2323094382882118 0.40929164737463 0.1245996654033661 0 0 0 0 0.9129517525434494 0 0 0 0 0 0 0 0 0 0 0 8.589067555963993 23.0930917263031 0 1.525541067123413 0 20.25241605192423 1.740561932325363 28.59929574280977 3.251668401062489 0.2728365659713745 0.486169844865799 0.1413375586271286 0 0.5876086503267288 0.2295477539300919 0 0 1.302771426737309 1.286218784749508 0 0 0.1158825606107712 0.4497270211577415 0.1255369484424591 0.2658825218677521 0 0.0836547389626503 1.754784367978573 4.153769254684448 0 0 0 51.16386794298887 6.547071047127247 0.1309002041816711 0 0 0.201788455247879 0 0 0 0.3367045149207115 36.67378631979227 3.112251453101635 0.1302810460329056 0 0 141.0616788119078 7.490033283829689 46.85830402374268 2.538202896714211 3.422842256724834 1.689745768904686 1.15976457297802 1.166068859398365 0.09838632494211197 0 0 0 0.08221613615751266 0 0 0.2090855240821838 177.8249576762319 4.351893104612827 4.948395557701588 490.7036180198193 4.802624076604843 98.50670333206654 13.96234031021595 1141.88181860745 13.53096804022789 0.7860500812530518 33.12026787549257 31.36714178323746 0.1032454743981361 6.28080528229475 2.227657213807106 90.20478485524654 1.029683262109756 0 0.1117095351219177 2.857819721102715 1.033657886087894 714.8279275298119 90.79843995720148
95.08024026453495 1320.375002034009 1794.113921001554 12.99886259436607 755.3910198658705 2.548586755990982 426.6575110703707 2067.613569036126 947.8911595493555 154.0937954559922 744.0255751013756 474.2865660116076 2339.98930606246 3230.536114886403 17.07445324212313 9.111310228705406 0.2266726717352867 0 0.1083403527736664 0.6595364883542061 5.626638174057007 0.1040831357240677 2.10864146053791 2.341732151806355 0.7236782684922218 2.743389345705509 0.7431911453604698 0.4944488778710365 0.2200039476156235 0.8589255958795547 415.5986386835575 179.6887937858701 1044.863797739148 0.5974149107933044 5.772840514779091 11.53863389790058 154.532089613378 44.45660807192326 14.16808328032494 1.222172923386097 2.236247129738331 2.019255213439465 0.6639333516359329 2.864205665886402 0 0.5910884588956833 91.38109603524208 1.603334747254848 0.9780737832188606 1.251508943736553 1.634512051939964 0 0.5633887946605682 0 0.6234739050269127 0.7926508039236069 18.36171767860651 51.18471116572618 14.0123638510704 22.68229801207781 9.374282322824001 101.3941025808454 0.3261120319366455 11.80379449576139 0.2673642933368683 0.7110868319869041 0.8504363894462585 2.251929998397827 4.333013758063316 5.351996637880802 128.9458345621824 1.599605865776539 0.08638881891965866 48.78008205443621 32.52802056074142 71.3021737486124 37.42848947644234 17.474743463099 192.1062753796577 1127.279314480722 3.840613931417465 99.77597625553608 2.95307881385088 0 0.1897500231862068 0.4094868674874306 0.6853068768978119 0 0.4663607552647591 0 0.2895764261484146 0 11.32947136461735 3.297363363206387 0.3952335268259048 83.24097284674644 15.13730154931545 0.1280011385679245 3.337246336042881 8.331983029842377 0.4071005135774612 0.2982103377580643 2.84059727191925 0.09638126939535141 1.668242692947388 1.670485019683838 2.126887299120426 7.422024257481098 2.610507071018219 7.154529005289078 5.803437434136868 18.31240081787109 8.042835541069508 6.026978522539139 27.91592593491077 0.1029724180698395 0.2002901136875153 0 0 0 0 0 0 0 0.1691020727157593 0 0 0.09283183515071869 0 0.1785607039928436 0 0 0 0 0.8786296844482422 2.074751071631908 0 0.2082360312342644 0.1452390104532242 5.271542347967625 0.420297384262085 6.940948866307735 1.663465403020382 0.5352494642138481 0 0.09220105409622192 0 0.1851220354437828 0 0 0 0.1774037331342697 0 0 0 0.1089423224329948 0.4411487728357315 0 0 0.3253082931041718 0 0.4507727101445198 0.3111964017152786 0 0.204024963080883 1.037203699350357 10.94204575568438 0.2092725485563278 0 0 0 0.1254427880048752 0 0 0 0 7.22132582962513 0.7903811112046242 0 0 0.09122641384601593 18.02706331014633 1.985923528671265 9.904393501579762 0.5935460403561592 1.703079707920551 0.6712974011898041 0 0.3503197431564331 0 0 0 0 0 0 0 0.08547837287187576 17.80631535500288 1.319330938160419 1.153039745986462 287.4609874710441 5.83921305090189 159.6542331278324 42.40790946781635 102.0920299887657 26.65074656903744 0.2221639528870583 51.82272557169199 4.096186570823193 0 1.361017562448978 0.7186647355556488 4.040679931640625 0 0 0.1258655935525894 4.177843704819679 0.1293143928050995 29.51020946353674 12.83463921397924
71.49639274179935 217.0163219794631 29.82627588510513 530.9970943406224 23.1138778552413 98.21814033389091 1125.652406975627 42.78923919796944 133.8746742010117 2299.448087505996 474.2865660116076 310.5581209138036 1940.805199146271 712.858864210546 8.746554560959339 4.578252166509628 0.1889417544007301 0.1739686727523804 0 0.4319994375109673 2.261330671608448 0.480829656124115 1.445849470794201 0.6606495305895805 2.226159520447254 1.600651681423187 1.38910648971796 0.1231393218040466 0 0.3375815898180008 65.34077722579241 29.06441008299589 510.6233359053731 0.6197755560278893 2.787794359028339 4.130526632070541 590.3632131889462 22.96363072097301 35.3246156051755 1.862420208752155 1.226927734911442 0.8999027162790298 0.323739230632782 2.073179371654987 0 1.462276972830296 37.34091079980135 0.5956560075283051 0.4862866029143333 1.144998513162136 1.265744999051094 0 0.6013983339071274 0 0 0.2743274345993996 9.064419500529766 24.12590754032135 1.557522222399712 7.331562839448452 4.658203795552254 41.17161493748426 1.330181464552879 14.69685027003288 0.196054995059967 0.6200755760073662 0.1691653355956078 1.132934436202049 2.339759707450867 2.076251521706581 322.1135535389185 13.50043887645006 0 14.36532512307167 15.41285505890846 24.63402920216322 12.84242867678404 10.08317750692368 12.03143027424812 61.05338464677334 3.238457717001438 14.08460045605898 0.3243105411529541 0 0.267423003911972 0.1769495457410812 0.8433677330613136 0 0 0 0.5471532493829727 0.2775155678391457 7.320887915790081 0.6706447601318359 0.2098575234413147 1153.13283316046 75.06299442052841 0.7937255799770355 22.26392477750778 3.918078176677227 2.330077901482582 5.033143199980259 16.55249555408955 1.742678433656693 9.600979775190353 14.86079403012991 12.15171460062265 38.34561393409967 22.28585445135832 55.08215327560902 23.84670857340097 102.9284988194704 48.62198020517826 34.79000557214022 118.1311095580459 0.5056788995862007 0.3419340252876282 0.1144699528813362 0 0 0 0 0.309255838394165 0 0 0.2065723985433578 0 0 0 0 0 0 0.152054026722908 0 3.411749117076397 6.426319755613804 0 0 0.1435356289148331 14.26464883983135 1.933538913726807 17.24177324771881 2.651368416845798 0.8374073132872581 0 0.1142342984676361 0 0.1656575724482536 0.09120619297027588 0.131613090634346 0 0.5801396742463112 0.6760803982615471 0 0.1236634403467178 0.1096745356917381 0.4073689207434654 0.1003403291106224 0 0 0.1452977024018764 0.758009061217308 2.464075066149235 0 0.275550402700901 1.289115250110626 30.25272245705128 2.395069248974323 0 0 0 0 0 0 0 0.09893132746219635 26.51034434884787 4.256421484053135 0.3541728630661964 0 0 51.86367900669575 5.026371404528618 21.21142462641001 1.183368779718876 3.578008539974689 0.8857948184013367 1.004558198153973 0.6723187193274498 0 0 0.1305192559957504 0 0 0.09421852231025696 0 0 111.355717971921 5.101513907313347 4.566327609121799 135.5656749010086 3.514350861310959 51.762246273458 15.92034158110619 164.0452176854014 5.311404556035995 0 21.50049956142902 9.595093682408333 0.1988439410924911 4.440253190696239 0.7597616612911224 11.07153823971748 0.2269390374422073 0 0.6369549632072449 1.458188779652119 0 333.5761513262987 66.26850602775812
196.1810747310519 875.0130858644843 96.2553957849741 1996.987076751888 539.3540162742138 52.70898267626762 3564.641233921051 112.7185954079032 690.9442531764507 4943.37116701901 2339.98930606246 1940.805199146271 3608.331594601274 5331.416422195733 10.58494284749031 5.048177435994148 0.1840034425258636 0.09745338559150696 0 0.09181234240531921 3.582301326096058 0.1253826022148132 1.509539544582367 0.5215361565351486 0.9635540246963501 0.6524531543254852 0.3033367544412613 0.1259245276451111 0.1121343076229095 0.1075772568583488 56.01434380561113 30.07892496138811 814.2991749942303 0.8439951092004776 1.593766525387764 4.852904863655567 348.5661433562636 23.80267114937305 16.17516402900219 0.8396918699145317 1.469659067690372 0.4960528388619423 0.251226007938385 3.389554977416992 0.1433857083320618 0.1010812446475029 64.02178364992142 0.7988655939698219 0.2342660576105118 0.6924099177122116 1.662528701126575 0.4404271245002747 0.5938258767127991 0.13344606757164 0.1858556345105171 0.7973339483141899 11.13478429615498 25.99796485900879 7.318244010210037 13.884701192379 2.719777621328831 34.86627992987633 0 9.032823391258717 0.1650638729333878 0.6083445847034454 0.2583064287900925 1.472609393298626 1.657140508294106 3.720692940056324 203.9052941203117 3.102013975381851 0.2329503297805786 33.86187429726124 15.1685354039073 40.44573645293713 18.70902130752802 8.600029282271862 15.81663473695517 106.5948239639401 1.710062995553017 11.88888075202703 1.940715573728085 0 0.3052159622311592 0.6819533929228783 0.4006961733102798 0 0.2246019169688225 0 0.259112685918808 0.126192569732666 5.955591574311256 1.20863700658083 0.1093214154243469 764.0720019191504 36.15091171115637 0.1275549232959747 8.17936447262764 3.813471704721451 1.947835698723793 1.09485387802124 16.69506423175335 2.712891153991222 9.828621834516525 18.89282940328121 13.32248454540968 32.66443363577127 26.04930499196053 52.15638785809278 27.08132957667112 98.36071172356606 50.27551435679197 34.62912176549435 116.849134221673 1.303582429885864 0 0.1054494231939316 0 0 0 0 0.2632391005754471 0 0 0.1143725737929344 0 0 0 0.2484475821256638 0 0 0 0 3.068645343184471 8.526901103556156 0 0.8803914189338684 0 13.26758143305779 1.008398547768593 22.1457311809063 2.822076641023159 0.7363460510969162 0 0 0 0.2062623202800751 0.07495438307523727 0 0 0.4525732547044754 0.2681371718645096 0.07939714938402176 0 0.3342911377549171 0.8288042172789574 0.09982527047395706 0.2521293759346008 0 0 0.8049299269914627 2.040000945329666 0 0.1121615171432495 0.5570907890796661 27.38137754797935 4.459491290152073 0.1199837028980255 0 0 0.07461412250995636 0 0.1015755087137222 0.1485976874828339 0.1017074584960938 25.01670681685209 2.899457454681396 0.3417997807264328 0.09623924642801285 0 53.39032880216837 2.634618759155273 25.14220291376114 1.070919170975685 2.459374472498894 1.352741032838821 0.9541517123579979 0.3196704536676407 0 0 0 0 0 0 0.1228026747703552 0 98.26683538407087 4.625378094613552 5.472275130450726 212.5505099669099 3.915136493742466 97.06589028984308 25.63158640265465 128.9430827274919 15.61848302185535 0.2183799594640732 34.88890565931797 6.082628421485424 0.2111320570111275 1.760086111724377 0.3264237195253372 11.01534485816956 0.5613424256443977 0 0.3577925860881805 5.677079826593399 0.2406334206461906 193.3502728939056 48.66257630288601
