430.0918444097042 2519.148432672024 1687.327130518854 1567.072501726449 134.3919654935598 30.87720315158367 449.2387504056096 72.41618496179581 51.12750718742609 600.4140221253037 202.0857400000095 86.8321902602911 59.87350338697433 102.4620810821652 1.737186595797539 1.340491689741611 0.08795051276683807 0.0947810485959053 0.3741929233074188 0.07752437889575958 0 0.324388176202774 0 0.09281490743160248 0.2902098223567009 0 0.1388744115829468 0 0.1216349303722382 0 777.5989365652204 4.804163984954357 110.5562988594174 0 0 0.9609623551368713 9.011718064546585 1.271191887557507 2.43448431789875 0.2589991092681885 0.2359982803463936 0 0 0.1645473316311836 0.3676068410277367 0.1062681302428246 16.4194565191865 1.078169330954552 0.4312694147229195 0 0 0 0.1322551071643829 0.0817660465836525 7.985929802060127 15.48065075278282 209.3066560700536 977.9296738877892 101.4295236952603 14.59368222951889 0.7732527479529381 7.493586808443069 0 15.64701221138239 7.171141847968102 3.033885903656483 0.4531805068254471 0.5120298713445663 0.197390191257 0.09030900895595551 109.864910364151 4.44754946231842 0.2878937497735023 87.58172935992479 40.85964848101139 6.417120240628719 3.748414397239685 0.2452849075198174 0.6950100883841515 238.2815278172493 0.2218619361519814 8.280946709215641 27.58586718142033 0 1.597418583929539 5.037356443703175 0.5223740339279175 0.1063088625669479 0.7430359795689583 0 0.1142663657665253 0.09225877374410629 0.255911760032177 0 0.2537828460335732 438.1012271344662 24.64833742380142 0.5674562603235245 2.132070302963257 1231.510750845075 0 0 0.2627255320549011 3.190446794033051 0 4.695189237594604 3.805788815021515 0.7435770630836487 0.231316864490509 1.183682769536972 0 0.7699431329965591 1.877093061804771 0.5453149974346161 1.490229085087776 0 0.1028479561209679 0 0 0 0 0 0 0 0 0.3634830713272095 0 0 0 0.3110127747058868 0 0.7457333356142044 1.116678759455681 0.1732211709022522 0.4141206443309784 0.3926790952682495 0 0 0.3526531457901001 0.4733351171016693 0.5713297128677368 0.3980062007904053 1.367684155702591 0.2852604538202286 0 0 0 0 0 0 0 0 0 0 0 0 0.6159339621663094 0.1798919439315796 0 0 0 0 0 0 0 0.4759644269943237 0.4156062602996826 0 0 0 0 0 0 0 0 0.1151952147483826 2.549157902598381 0 0 0 0.2389479503035545 0.2181603312492371 0.5644501149654388 0.6960275918245316 0 0.4206117689609528 0 0 0 0 0 0 0 0 0 0.2660214900970459 0 2.099621675908566 1.362856358289719 0.5419963076710701 315.8389475941658 5.952094532549381 201.6744109913707 29.06881193071604 770.9369887188077 9.997491493821144 1.335816666483879 6.139424160122871 8.442582458257675 0 0 0 6.296206027269363 0 0 0.4089339375495911 12.68582912534475 0 198.316801443696 0
2519.148432672024 1234.803270637989 972.0173503980041 1362.059413716197 1526.407553516328 6.335420921444893 2096.765986248851 278.1976673901081 805.5838467329741 1146.861734315753 861.7411820814013 93.7272099852562 265.9326607733965 982.3916264027357 11.197350718081 4.553310588002205 0.7498885914683342 0.4626864641904831 0 0.08491145819425583 0.3103850111365318 0.2332916408777237 0.07829347252845764 0.07918324321508408 0.3995910063385963 0.08889960497617722 0.1684646606445312 0.1672486886382103 0.7505019903182983 0.07902716100215912 818.9259104281664 14.3512930944562 284.9982925355434 0 0.2249821797013283 0.8720336407423019 5.837751612067223 2.252339892089367 2.003628328442574 0.5980881676077843 0.1018569022417068 0.3195511624217033 0.1692054569721222 0.6406308114528656 0.2594552934169769 0.3222054615616798 69.27936463057995 4.499399051070213 0.9928959608078003 0.1933465898036957 0.7200416475534439 0.3134084343910217 0.8806126937270164 1.210889175534248 11.10400668531656 26.62190812081099 68.51353448629379 380.1492916718125 86.74317417293787 39.8141688555479 0.7400406450033188 16.90158706903458 0.3061781227588654 42.25076268613338 14.44941499084234 6.473836701363325 2.993259735405445 2.349441006779671 0.6347245499491692 0.0603225864470005 18.33014763891697 0.2615941688418388 0 122.671502314508 53.38090122491121 34.30724224448204 23.14246185868979 1.755117423832417 2.369273446500301 417.9230103045702 0.549032237380743 17.34053215384483 42.81115491688251 0.3978394418954849 4.526819460093975 9.008941359817982 0.9969888776540756 0.9055784419178963 1.773081384599209 0.3575606346130371 0.9388707205653191 0.2782996222376823 0.2605564817786217 0.3228236213326454 0.411733515560627 12.94471620023251 2.977669335901737 0 2.800019890069962 443.2528553158045 0 0.505948007106781 0 3.218808770179749 0 0.8696227371692657 0 0 0 0.7610395178198814 0 0 0 0.5900888890028 0 0.1154094859957695 0 0 0 0 0 0 0.1299359649419785 0.2838222086429596 0.5781720876693726 0.3303135931491852 0 0 0 0 0 1.654528141021729 0.6648674160242081 0.1017119586467743 0 0.2453009635210037 0 0 0 0 0.3565927445888519 0 0.9279283732175827 0.09696677327156067 0 0 0 0 0 0 0 0 0 0 0 0 1.211130604147911 0 0 0 0.2569963559508324 0 0 0 0 0 0 0 0.100914366543293 0 0 0 0 0 0 0 0.7370672225952148 0 0 0 0 0 0 0.9894275665283203 0 0.5890125036239624 0 0 0 0 0 0 0.1769927069544792 0.08223867416381836 0 0 0 0.589568704366684 0.7939524203538895 0.4019694328308105 258.0236154198647 20.10718428343534 583.366895891726 94.28599825501442 298.1789258942008 33.10953886806965 4.516970291733742 31.18464611470699 2.591574132442474 0 0.08779506385326385 0 0.9982843101024628 0 0 0 33.19090414047241 0.1625616103410721 78.11988950520754 2.056836172938347
1687.327130518854 972.0173503980041 1139.585810929537 318.7089793980122 1093.246695905924 2.548921793699265 166.1522836834192 1148.881281070411 590.9832635968924 7.62212923169136 1544.683042019606 17.70101778209209 62.37763451784849 1176.097265861928 41.19975355267525 22.4431741386652 12.2746759057045 1.253966219723225 1.486019238829613 2.609443098306656 9.43695841729641 3.100724346935749 5.83490951359272 6.171037152409554 8.065832734107971 0.981773778796196 12.19295286387205 0.1314233765006065 4.706381715834141 2.395723059773445 3012.596595138311 863.4043816104531 357.3095439970493 2.35580188035965 5.619568362832069 7.915500074625015 12.14907616376877 10.80362519621849 7.854799553751945 8.474925056099892 1.917130321264267 3.593607150018215 1.922941200435162 2.715798184275627 1.55546198785305 3.526258006691933 111.9421905875206 8.459448605775833 2.753295391798019 3.159493751823902 4.073812521994114 1.624093607068062 6.095343410968781 4.338514469563961 12.34009193629026 30.86408245190978 69.20573988556862 549.435152836144 85.20112020894885 47.50777710974216 26.1005948856473 62.87167972326279 1.158344976603985 595.0381358712912 17.87443588674068 11.53967460989952 4.069062083959579 5.334953308105469 8.329973667860031 7.831588856875896 49.65017101168633 1.117568053305149 1.707608640193939 185.1319723501801 167.2043131738901 85.45103939622641 74.56800654530525 26.1093080714345 161.749901548028 1558.662962220609 34.90253660827875 404.6683740094304 39.15157902985811 0.3038893789052963 6.696629606187344 9.819446951150894 1.854965522885323 0.9595824182033539 2.938936784863472 0.238109864294529 1.464399695396423 0.9783866256475449 5.263775400817394 2.171123012900352 2.837702922523022 29.69388473033905 20.08343691378832 0.2272146940231323 9.735355973243713 228.7586972266436 0.1050250977277756 0 0 0 0.1285123974084854 0.4242473244667053 0.1310483068227768 0.1451584845781326 0.6188287436962128 0 0 0 0.2986348867416382 0 0.7602391242980957 1.198247194290161 0.7036803364753723 0 0 0 0 0 0 0.3720012605190277 0.3271754086017609 2.627431780099869 0 0.2112867832183838 0 0.1234347596764565 0 4.060918435454369 3.865923248231411 0.7683230936527252 0 0.4118400812149048 0 2.049127526581287 0.1489672362804413 0 0.3350497260689735 1.095281675457954 3.374660864472389 1.123105689883232 0 0.5176313668489456 0 0.2055373936891556 0 0.9291873425245285 0 0 0 0 0 1.51117841899395 5.057994186878204 1.427375137805939 0 0 0.09283671528100967 0 0 0 0 1.824428856372833 1.55657634139061 0 0 0 0.1843476295471191 0.2367053031921387 0 0 0.5057234168052673 0.1418744921684265 1.676864452660084 0 0.4707621037960052 0 1.333322040736675 0.3960081487894058 2.055603250861168 0.9585472047328949 0.1775262057781219 0 0 0 0.2423522919416428 0 0 0.1076415702700615 0 0.6430894210934639 0.4439842253923416 1.530192337930202 1.101919561624527 1.798310235142708 6.763929285109043 1.247633993625641 370.9701739549637 43.42706692218781 602.7518159933388 124.3281987681985 139.356724716723 31.24546367675066 3.04727116972208 27.99535874277353 5.889121793210506 0 0.3495160043239594 0 4.087113678455353 0 0 0 42.28174610435963 0.2975880205631256 67.04689890891314 1.863211899995804
1567.072501726449 1362.059413716197 318.7089793980122 331.5828861147165 100.2564448490739 108.1600025296211 1249.123105660081 26.73541519790888 28.47964775562286 1042.667061835527 27.77918194979429 612.6127182692289 1000.645343706012 127.176516726613 0.9234731644392014 0.356558121740818 0.1316833794116974 0 0 0 0 0.1297513842582703 0 0 0 0.1584726944565773 0 0 0 0 94.70921318978071 1.127389796078205 20.02754140645266 0.104483425617218 0 0 6.653243988752365 0 0.261628769338131 0 0 0 0 0.08066669851541519 0.2676970809698105 0 17.99216727167368 1.587531395256519 0.610453836619854 0 0.1826295554637909 0 0.1294895261526108 0 6.262943878769875 12.56292927265167 63.99658716470003 365.4733959808946 56.86192368716002 15.56160835921764 0 0.2442088276147842 0 8.982688568532467 6.827751643955708 2.4106340482831 0.6777685582637787 0.597840316593647 0 0 28.36177372187376 2.460697531700134 0 65.41764119267464 31.5718914270401 9.179265365004539 4.868366830050945 0.09094031155109406 0 1.279196433722973 0.06786378473043442 0.169823944568634 18.06804500520229 0 1.058783531188965 3.218453086912632 0.3620559945702553 0.1733138710260391 0.6633892953395844 0.09661354869604111 0.3535528630018234 0.1029920279979706 0 0.2112108543515205 0.08602462708950043 93.77110105752945 1.910748794674873 0.7212835550308228 0.5096028000116348 594.6185584887862 0 0.2506414651870728 0.387507826089859 1.500863820314407 0 8.053993135690689 0.8052265048027039 0 0.9663634449243546 0.9571067988872528 0 0.2140556424856186 1.500649064779282 1.18483504652977 0.6075107753276825 0 0 0 0 0 0 0 0 0.1804149150848389 0 0 0 0 0 0 0 0.4900089055299759 0.1319431364536285 0 0 0.1699578762054443 0 0.488275021314621 0 0 0.4232994318008423 0.4833108484745026 0.7686111330986023 0.2995211556553841 0 0 0 0 0 0 0 0 0 0 0 0 0 0 0 0 0 0 0 0.1780992448329926 0 0 0 0 0 0 0 0 0 0 0.1395922601222992 0 0.7946654260158539 0 0 0 0 0.2485715448856354 0 1.075713887810707 0 0 0 0.4530088305473328 0 0 0 0 0 0 0 0 0 0.6533615291118622 1.255299419164658 0.283408135175705 137.4377629607916 6.42246238142252 194.7911800518632 28.33453910052776 710.2950431331992 10.18565342575312 1.032647602260113 2.731190070509911 4.073228359222412 0 0.2621671557426453 0 8.953152909874916 0 0 0 6.004273533821106 0 189.0495816916227 0.3023352026939392
134.3919654935598 1526.407553516328 1093.246695905924 100.2564448490739 1930.40061417222 0.7584773004055023 1970.182773560286 346.5038731098175 2810.904710069299 203.2610321342945 883.3395050987601 31.80803564190865 592.0507060587406 1063.142962649465 3.712027750909328 0.6520692259073257 0.4541568234562874 0 0.408869206905365 0 0.2583593428134918 0 0 0.3146426305174828 0.4125429093837738 0 0.1402856409549713 0 0 0 48.28373081982136 2.202159307897091 14.30943465232849 0 0 0 0.5150454640388489 0.1579300612211227 0.5045489370822906 0 0 0 0.08214510232210159 0.1602448970079422 0 0 19.23737242072821 0.6099351420998573 0.3098690658807755 0 0.07381035387516022 0 0 0 2.254721380770206 3.649767309427261 3.299778386950493 13.84044466167688 8.950241476297379 7.26441041380167 0.1261507421731949 1.747552767395973 0.122747890651226 6.013462916016579 1.291085906326771 1.248852513730526 0.5509079024195671 0.540297843515873 0 0.1531824767589569 5.616985574364662 0 0 14.09602601081133 7.667198956012726 8.340907253324986 6.397485420107841 0.6937278136610985 0.1508038192987442 11.18937207758427 0.2094462513923645 3.089245587587357 4.065305091440678 0 0.5548762753605843 0.6736242398619652 0.1598074287176132 0 0.3046405836939812 0 0.07630003988742828 0.4385402128100395 0.1028540432453156 0.1434047818183899 0 6.45124164223671 1.322626560926437 0 0.2952373400330544 20.71942513436079 0 0.5329878926277161 0 0 0 0.1594659239053726 0 0 0 0 0 0.3072642683982849 0.3963106572628021 0 0 0 0 0 0 0 0 0 0 0 0 0 0 0 0 0 0 0.3531646430492401 0 0.3646771013736725 0.463937908411026 0 0 0 0 0 0 0.4840596318244934 1.009606540203094 0.6586211323738098 0 0 0 0 0 0 0 0 0 0 0 0 1.9019565731287 0 0 0 0 0 0 0 0 0 0 0 0 0 0 0 0 0 0 0 0.9525640606880188 0 0 0 0 0 0.3576517105102539 1.196196287870407 0 0 0 0 0 0 0 0 0 0.09475205093622208 0 0 0 1.164363220334053 0.714293509721756 0 113.3677980229259 3.646229952573776 142.5982997491956 34.55016971379519 16.55961355566978 6.238540299236774 0.555936187505722 12.32942581176758 0.915442943572998 0 0 0 1.81369024515152 0 0 0 19.37575172632933 0 13.78766326606274 0
30.87720315158367 6.335420921444893 2.548921793699265 108.1600025296211 0.7584773004055023 2.316556870937347 5.901350319385529 1.81820747256279 0 154.6329502463341 3.999455466866493 64.19440823793411 44.09685233235359 17.32933470606804 0.1271076500415802 0 0.1436841636896133 0 0 0 0 0 0 0 0 0 0 0.08615011721849442 0 0 0.4535194933414459 0.1275028735399246 11.56414545327425 0 0 0.2778260409832001 13.48407332599163 0.2859670519828796 1.650600090622902 0 0 0 0 0 0.1082062497735023 0.5354468375444412 0.2182179167866707 0 0 0 0 0.2668072283267975 0 0.2787953391671181 0.2081925719976425 0.1958485022187233 34.91116108000278 12.31601564586163 0.2899182587862015 0 0.9747159481048584 4.875419840216637 0.1254432797431946 0 0 0 0 0 0 0 244.7694837078452 125.6004231870174 1.23625498265028 0.3774271905422211 0 0 0 0 0 1.656696856021881 0.4811504483222961 1.270476639270782 0.321973443031311 0.2414378449320793 0 0 0 0.208173431456089 0 0.4729565307497978 0 0 0 0 0 622.1798645406961 164.8199337348342 12.74866096675396 6.305189050734043 306.983211800456 0 1.303083121776581 1.266130670905113 2.741308391094208 0 4.681933954358101 3.029879063367844 2.207132562994957 1.744640797376633 4.178033217787743 0 1.375929489731789 6.222497463226318 0.8106251060962677 0 0.5807443782687187 0 0 0 0 0 0 0 0.9556801915168762 0.1215050742030144 2.97241597622633 0.2694557905197144 0 0.1072878390550613 0.796259805560112 0 2.451477766036987 3.251289822161198 0.2167154401540756 0.3620722740888596 0 0 0.1469874978065491 0 1.778681561350822 0.5895640403032303 1.371153399348259 3.454125441610813 2.959998451173306 0 0 0 0 0 0 0 0 0 0 0 0.7205073013901711 2.491214193403721 1.041844591498375 0 0.1969884634017944 0 0 0 0 0 0.1286537647247314 0.3502711355686188 0 0 0 0 0 0 0 0 0 8.265555530786514 0 0.9435226619243622 0.1219770833849907 0.5070994421839714 0.5614059790968895 0.7432861924171448 1.715247593820095 0 0.1624333560466766 0.1834643632173538 0.2796762734651566 0.1671780794858932 0 0 0 0 0 0 0 0.2544784620404243 10.89910469949245 2.490497410297394 1.702127374708652 287.5913110300899 0.5922240614891052 4.690295696258545 1.349968045949936 232.4371677041054 1.028904557228088 0 0 15.92257205396891 0 0.1402368396520615 0.1231773495674133 41.02361972630024 0 0 0 0.328853964805603 0 118.510384067893 4.108631998300552
449.2387504056096 2096.765986248851 166.1522836834192 1249.123105660081 1970.182773560286 5.901350319385529 706.0790234878659 40.83661451935768 920.1208485215902 991.0304595082998 343.2987535968423 358.8867314010859 1650.242009595037 2953.379244856536 18.24644212424755 8.115783266723156 2.614891551434994 0.1713310480117798 0.1403508186340332 0.08846887201070786 0.1921825036406517 0 0 0.5762313455343246 0.3875439316034317 0.0829818993806839 0.795224741101265 0 0.2994815707206726 0 125.3004228398204 10.64628697931767 120.0913918539882 0.1466937661170959 0.5394534766674042 0.7184860780835152 11.29564823210239 0.5589391589164734 1.492084465920925 1.131961114704609 0.07781816273927689 0.2515033185482025 0 0.4592084884643555 0.4368680045008659 0.596357449889183 64.17621594667435 3.480259731411934 0.5430591106414795 0 0.6365900486707687 0.6045920699834824 0.2036064490675926 0.2708583772182465 7.212600082159042 15.09370235353708 24.59413659572601 104.9267760664225 46.06759741902351 28.76664400100708 0.9138903617858887 7.324303545057774 0.08758487552404404 20.73506431281567 9.469306491315365 4.909765124320984 2.164665766060352 1.271429039537907 0.1431402303278446 0.1215083822607994 43.32470413297415 0.6466335654258728 0 62.85233182832599 31.87690313905478 30.96184851974249 27.35146313160658 2.01237902790308 0.3016408681869507 39.2453630939126 0.4608012810349464 13.3572134822607 25.28221879899502 0.07341849803924561 2.923700347542763 6.427910730242729 0.3963627368211746 0.3061763942241669 1.508090250194073 0.2995090037584305 0.7081063911318779 0.184178851544857 0.4038720652461052 0.2060591503977776 0.4185385555028915 121.4451882243156 14.42134010791779 0.2566986680030823 4.803770482540131 93.29802169650793 0.1156997755169868 1.472002781927586 0.7116997539997101 2.760200098156929 0.221586674451828 11.13776345551014 2.131880357861519 0.8672206997871399 0.5244474858045578 3.125714004039764 0 0.3495111465454102 4.195875242352486 1.205283731222153 1.431248426437378 0 0 0 0 0 0 0.5281797647476196 0 0.1955721527338028 0 0.2201573997735977 0.6920433044433594 0 0 0.5499570667743683 0 3.652841076254845 1.681819960474968 0.7342368811368942 0.7311980128288269 0.1610869169235229 0.771065354347229 2.413748979568481 0.7156091332435608 0.2724857926368713 0.8832375407218933 1.797297887504101 5.912799350917339 4.304562777280807 0 0 0 0 0.3827612400054932 0 0 0 0.21309994161129 0 0 0 5.822193637490273 0.30665123462677 0 0 0 0.08233275264501572 0 0 0 0.3772238194942474 0.8511450290679932 0 0 0.07953920960426331 0.07557802647352219 0 0 0 0 0 8.512728229165077 0 0 0 0 0.5307308435440063 1.45927020907402 3.460427761077881 0 0 0 0 0 0 0 0.08567002415657043 0.08250439167022705 0.1871524900197983 0 0 0.3973198533058167 7.510077387094498 5.774034537374973 1.10124333947897 408.057269603014 21.86310579627752 478.989092066884 117.391984552145 107.4987716972828 28.13238444924355 3.690962888300419 37.45334500074387 9.982475414872169 0 0.9857261180877686 0 3.128294914960861 0 0 0 45.96597557514906 0.6679114401340485 94.96138774603605 0.8693774342536926
72.41618496179581 278.1976673901081 1148.881281070411 26.73541519790888 346.5038731098175 1.81820747256279 40.83661451935768 668.1514611020684 377.2308373078704 3.645294815301895 642.7813910469413 20.09662367403507 53.92581030726433 723.0950074791908 87.87851578742266 51.69997778534889 23.49649286270142 2.209908254444599 2.550405904650688 4.721639335155487 24.59950722754002 10.29192966967821 25.74380788207054 24.05028752237558 29.04640478640795 1.154032520949841 42.31017152220011 3.249662354588509 11.90813653171062 5.752028800547123 867.6225347742438 1464.876008175313 210.3398626223207 10.2092465236783 24.25135717540979 33.90682231634855 27.56085661053658 34.80647288262844 26.98437152802944 26.25314185768366 5.821061134338379 12.41557120531797 5.516040928661823 30.85699763894081 8.838253207504749 15.78955239802599 144.4383045211434 9.796890892088413 4.302701495587826 7.536893308162689 8.796753317117691 8.319145679473877 10.11424609273672 9.043757930397987 8.564943328499794 16.62558042630553 24.96920951455832 127.9698524773121 36.14603367447853 52.72328408807516 86.73986836522818 234.4807245209813 7.126586705446243 461.6995275393128 11.42927508801222 10.11750565469265 3.508652180433273 7.1466099396348 22.41380014270544 18.26717656850815 72.52577617764473 5.444517210125923 2.621657237410545 120.7284930497408 98.79718540608883 119.5406042337418 219.8693308904767 201.9874430671334 912.3849131986499 1457.777383923531 191.0726891458035 2288.486353397369 29.17018191516399 0.1613135412335396 7.89101580530405 7.428681522607803 5.03162582218647 0.970432847738266 2.97346930205822 0.6649289429187775 1.788650266826153 1.131831459701061 17.52828764915466 9.715653844177723 9.408152051270008 76.57025127112865 29.47506137937307 0.9197358042001724 28.48476251959801 33.77155566960573 0 0.1359258145093918 0 1.257786318659782 0.2553049027919769 1.361102998256683 1.080091692507267 1.244115710258484 2.469091609120369 1.00396591424942 0 0.7867942899465561 0.679499477148056 0.3305985629558563 1.963892571628094 0.2929359972476959 0.1547927856445312 0 0 0 0.2591857314109802 0 1.591250389814377 0.3969410359859467 0.320697546005249 8.038669168949127 0 0.6162560284137726 0.1578610092401505 1.963169485330582 3.050312399864197 12.11949793994427 11.18619468063116 2.796890415251255 0.6716365218162537 1.104920580983162 0.5840291380882263 1.279933020472527 4.008078828454018 1.338033318519592 1.055274657905102 1.771753266453743 5.173509694635868 4.758169509470463 0.7677626013755798 2.548731565475464 0 0 0 0.9264011979103088 0 0 0 0 0 5.587774164974689 8.65250688791275 6.868090629577637 0 0 0.2817019447684288 0 0 0 0.4516035094857216 0.9153928458690643 0.4361189156770706 0.6112586632370949 0 0 0 0.1748093664646149 0.1386109739542007 0.1303641796112061 0 1.474770545959473 3.684145919978619 0.5867348909378052 1.533429354429245 1.623854666948318 6.944647051393986 0.3962721526622772 0.7300872206687927 3.563913226127625 0 0.2132122665643692 0.2237461358308792 0 1.103743106126785 0 0.09637179225683212 0 0 0.3180464804172516 0.6450693979859352 5.225699260830879 1.746815152466297 6.134488806128502 7.010325975716114 3.950949624180794 571.2964247241616 69.7333904132247 643.226559214294 193.6154169812799 64.50461297482252 30.26875748485327 4.823100730776787 42.95597897469997 14.64157046377659 0.1322058439254761 1.151426836848259 0.6497597470879555 3.953002691268921 0.2745434641838074 0 0 78.30070069432259 1.707161515951157 74.53155947476625 3.357533305883408
51.12750718742609 805.5838467329741 590.9832635968924 28.47964775562286 2810.904710069299 0 920.1208485215902 377.2308373078704 344.5345716625452 189.5906607955694 2036.309878572822 96.48703099787235 883.3630679771304 1057.287319332361 5.603397682309151 2.507083557546139 1.012232840061188 0.2142593637108803 0 0.2197646200656891 0.233531765639782 0 0.3980621099472046 0.08861321955919266 0.1263365596532822 0 0.1131267696619034 0 0.4321928322315216 0.09829099476337433 31.66433969140053 3.713610157370567 61.43769235908985 0.3083157762885094 0.139238029718399 0.1144735291600227 2.518834680318832 0.5799539536237717 0.5334320366382599 0.1274042278528214 0 0.1266213953495026 0 0.3789093792438507 0 0.1229493767023087 15.34495113790035 0.3110377639532089 0 0.07738756388425827 0 0 0 0.2425874471664429 0.9337641298770905 2.805751100182533 2.961835332214832 9.193725593388081 7.153493545949459 6.998636938631535 0.4316508024930954 2.694868251681328 0.2433915734291077 7.068303719162941 1.630040250718594 1.177815057337284 0.08378887176513672 0.252437487244606 0.1163027733564377 0.2611024230718613 24.98987486213446 0 0 13.10975463688374 4.918287582695484 10.61112362146378 6.369253069162369 0.4807403236627579 0.4195748418569565 65.8618131428957 0.5532783195376396 4.867764487862587 3.82414972782135 0 0.3221715837717056 1.15601109713316 0.1396267712116241 0.1557475253939629 0.06418129801750183 0 0.149615190923214 0.1666371077299118 0 0 0 24.24800877273083 3.389707282185555 0 0.2874330878257751 14.67369780689478 0 0 0 0 0 2.09151703119278 0 0 0.4661299288272858 0.2364927232265472 0 0.3008577823638916 0.7458518445491791 0 0 0 0 0 0 0 0 0 0 0.4105761349201202 0 0.7106375098228455 0 0.315688818693161 0.323346346616745 0.2454547435045242 0 1.24450546503067 0.1044993698596954 0.1289348602294922 0 0 0 0 0.3644576966762543 0.2773082852363586 0.3530652523040771 0.5114312171936035 1.282054424285889 0.5881285965442657 0 0 0 0 0 0 0 0 0.2171050012111664 0 0 0 0 0 0 0 0 0 0 0 0 0.1167381703853607 0.4525297880172729 0 0.3957897424697876 0 0.2407206594944 0 0 0 0 0 1.34159429371357 0 0 0 0 0.3194380104541779 0 0.8767602145671844 0 0 0 0 0 0 0 0.08193286508321762 0 0 0 0 0 1.996630817651749 0.6025217175483704 1.846083514392376 121.2379845306277 7.339881740510464 105.7500922232866 36.76957380026579 21.10382875055075 8.293472126126289 1.60684110224247 12.209856338799 3.457603543996811 0 0 0 3.654722392559052 0 0 0 13.75055123120546 0.9651013016700745 18.03763570636511 0.7573519349098206
600.4140221253037 1146.861734315753 7.62212923169136 1042.667061835527 203.2610321342945 154.6329502463341 991.0304595082998 3.645294815301895 189.5906607955694 1638.659532189369 53.36904096603394 1923.998788148165 3306.404960870743 1142.343705676496 1.771620407700539 0.6428618356585503 0.8677093535661697 0.09703145176172256 0.09048455208539963 0 0.3243007436394691 0.187417283654213 0 0 0 0 0 0 0 0 26.45125734806061 2.000811442732811 59.18509968370199 0 0 0 40.31970900297165 0.5178488045930862 1.3471589833498 0 0 0 0 0 0 0 8.303194589912891 0.6350717842578888 0.2294372022151947 0 0.09459669888019562 0 0 0 1.752300515770912 4.040325284004211 23.58404770493507 85.37812794744968 18.57578002661467 4.802979700267315 0.947784312069416 0.5332309603691101 0 4.369476340711117 2.601806931197643 0.8071109801530838 0.2521855682134628 0.1835031434893608 0 0.3322433307766914 345.37657956779 2.034862473607063 0.1088874861598015 20.72864957153797 9.388147912919521 3.208600267767906 3.57646755874157 0.3018015995621681 0 5.6679702475667 0.2959299385547638 3.741939380764961 6.767160512506962 0 0.8869932889938354 1.567474640905857 0.06977396458387375 0 0.6005136296153069 0 0.07231330871582031 0.3172301277518272 0 0.1861797422170639 0 367.7137058153749 245.064379170537 0.1679712533950806 5.527148365974426 265.8359440118074 0.2285403460264206 7.58621671795845 8.477904543280602 16.88443686068058 2.732282519340515 31.39664478600025 34.70492553710938 4.703731633722782 24.83967210352421 20.96349495649338 0.7655083239078522 9.506422944366932 24.04179720580578 9.603531122207642 9.408712811768055 0 0 0 0.2127537280321121 0 0 0 0 1.00677977502346 0.175175353884697 1.091511130332947 0.1603181809186935 2.464153535664082 0 2.608867451548576 0.3177886605262756 8.2850072234869 4.395467557013035 0.6043120250105858 2.354954704642296 0.4630810394883156 0.3045789301395416 1.817154638469219 4.11026306450367 5.120447278022766 7.257554441690445 14.32380350679159 21.30417650938034 12.67663951963186 0 0.5858463644981384 0 0 0.147283211350441 0.1017142534255981 0 0 0.2313610911369324 0 0 0 8.272210299968719 0.2658166289329529 0 0 0 0.1199777573347092 0 0 1.783189713954926 1.789358660578728 5.523574158549309 0.2239922136068344 0 0 0 0 0 0 0 0 44.96153102815151 0 0 0 0 3.166259497404099 4.365270540118217 10.6731438934803 0.2520444095134735 0.1489308625459671 0 0 0.12331223487854 0 0 0.1001284569501877 0 0.09279634803533554 0 0 0 49.5116930603981 15.78887736052275 12.4542565792799 619.1479321569204 2.871991090476513 90.1869240924716 17.00888562202454 536.8732953295112 4.884891301393509 0.5463931113481522 2.147505573928356 94.89519612491131 0 0.1559094339609146 0.4177085533738136 124.2317331284285 0.1165586188435555 0 0 4.815998636186123 0 216.3996409401298 32.14852720499039
202.0857400000095 861.7411820814013 1544.683042019606 27.77918194979429 883.3395050987601 3.999455466866493 343.2987535968423 642.7813910469413 2036.309878572822 53.36904096603394 479.3584598228335 184.1957083940506 1164.762465849519 2191.873031146824 31.83621518313885 18.85398548096418 3.884098380804062 0.8200532868504524 1.084058649837971 0.5741893574595451 0.4727365002036095 6.812136679887772 0.8638058081269264 1.596525654196739 2.887655362486839 0.1118805110454559 4.175695590674877 0.9878843724727631 4.66289509087801 0.1182835772633553 198.9354213625193 38.02388896793127 700.7824944779277 1.186113089323044 1.476491749286652 14.47328882664442 129.1311908215284 44.50813306868076 42.91660094261169 5.83920855820179 0.2971706539392471 0.8112885430455208 0 3.578835152089596 2.273127183318138 3.706268802285194 51.51052083075047 1.868544086813927 0.6195971295237541 0.1807507127523422 0.2480251044034958 3.713339544832706 6.826946027576923 3.922098353505135 3.200215190649033 4.748151309788227 8.514900028705597 29.03988341242075 14.18663891404867 12.28281016647816 8.135635606944561 133.063353382051 1.549167841672897 41.2146995216608 2.736955657601357 1.96979758143425 0.5209942758083344 0.7949333265423775 0.3341101109981537 0.2064851745963097 203.1224549934268 7.903715647757053 1.487250931560993 26.026377864182 16.41138779371977 29.65755199640989 30.65525908768177 9.769067570567131 14.50976830720901 507.7818007320166 3.517633587121964 169.8530701473355 9.158443093299866 0.107987254858017 1.426835849881172 2.857914552092552 0.2349615767598152 0.1480198502540588 1.314707472920418 0.2643383592367172 0.3333005979657173 1.007627449929714 0.3930252864956856 0.4440635666251183 0.42173832654953 110.269794434309 43.58736142516136 2.357756547629833 25.91337372362614 25.59551012516022 0 1.47266536206007 0.8854619115591049 1.435226745903492 0 5.173471242189407 1.942618437111378 1.743239372968674 3.263290420174599 2.540898993611336 0.2238173335790634 1.466992676258087 5.969681233167648 1.506595753133297 1.119988605380058 0.9424165189266205 0.4679113030433655 0 0.3092075437307358 0 0 1.468533895909786 2.0701874345541 1.462723821401596 0.7699001953005791 9.423506230115891 1.624445244669914 0.4417691305279732 0.2325470298528671 1.511185266077518 1.693843618035316 14.04996975511312 16.15074726939201 2.404720470309258 1.300693914294243 0.5135540813207626 0.6557719632983208 3.128743104636669 2.414783731102943 0.2465860545635223 2.252796731889248 7.112500332295895 12.88958144187927 8.430842585861683 0.3687816560268402 0 0 0 0.5384630188345909 1.628913342952728 0 0.1082632765173912 0.2479301616549492 0 0 3.4237399995327 17.88447398692369 1.425093404948711 0 0 0 0 0 0 4.000654809176922 3.30753493309021 0.3808036223053932 1.54097905755043 0.4362674951553345 0 0 0 0.5507234483957291 0 0.1320656836032867 0 7.320027470588684 0 0.4103896170854568 0 1.521836332976818 1.045562028884888 1.282456405460835 5.952993400394917 0.5021877884864807 0.2499941810965538 0.518942192196846 0.2459088265895844 1.970443852245808 0 0.08429931104183197 0.1870070323348045 0 0.2019714042544365 0.2411242052912712 0.5917270854115486 0 10.96253843605518 9.790215373039246 6.887925177812576 352.1129719465971 21.01252022385597 267.0051430463791 112.9407713860273 39.1279926225543 19.12460651248693 3.146116279065609 29.39249734580517 20.67345436662436 0.2003619968891144 1.42867548763752 1.188275098800659 14.73172600567341 0.2084047645330429 0 1.166098117828369 51.03740300983191 1.043771512806416 66.80654811114073 5.077833250164986
86.8321902602911 93.7272099852562 17.70101778209209 612.6127182692289 31.80803564190865 64.19440823793411 358.8867314010859 20.09662367403507 96.48703099787235 1923.998788148165 184.1957083940506 80.1526030600071 1063.836842909455 787.7411966770887 3.782334178686142 2.240962401032448 1.128964796662331 0.1139025911688805 0.7386812344193459 0.1151742711663246 0.1429061591625214 2.503510095179081 0.1697210371494293 0 1.190398797392845 0 0.6542796194553375 0 1.017551302909851 0 3.555656723678112 4.344914466142654 214.0465891063213 0.5718778297305107 0.2482135146856308 1.184733837842941 201.2496382445097 26.37409541755915 40.31114796549082 2.844702459871769 0.1504863649606705 0 0 1.048881277441978 0.8463619500398636 0.8911226242780685 5.234463013708591 0.09965991228818893 0 0.3764662593603134 0 1.297188930213451 5.146663844585419 0.7246916964650154 0 0.5262642055749893 1.454663872718811 4.192423827946186 1.548379167914391 1.341711796820164 2.18178103864193 13.60801758617163 0.1276907026767731 7.611548647284508 0.2243905887007713 0.08378121256828308 0 0 0 0 230.2978742718697 4.135021522641182 1.357251025736332 2.099796123802662 2.196966797113419 0.952594630420208 3.511539198458195 1.117883086204529 1.148139491677284 36.4455945417285 0.5007946714758873 11.52302837371826 1.333455741405487 0 0.2395503968000412 0.08538651466369629 0.2126087322831154 0 0 0.1378804743289948 0 0.5280699282884598 0 0 0.1226701363921165 376.0246541947126 41.34347522258759 4.090014047920704 23.48960261046886 47.43494461476803 0.1337481886148453 2.95154482126236 1.200258582830429 5.899249032139778 2.015327647328377 8.289251744747162 3.827053889632225 2.02326825261116 11.76526889204979 4.820671655237675 1.064388632774353 4.674140796065331 11.18636120855808 4.784727141261101 5.028374642133713 0.3725474551320076 0.6967967450618744 0.1144940033555031 0 0 0 0.2795912623405457 0 3.051974579691887 0 4.437467716634274 0.3455940783023834 1.135268919169903 0.6993724703788757 2.322777688503265 1.125153370201588 12.39095316827297 9.680026538670063 3.128986157476902 1.505972415208817 1.824940748512745 0 3.042994931340218 2.503764629364014 5.207746788859367 3.135071270167828 7.06071063876152 20.22810284793377 11.00435723364353 0 0 0 0 1.10258923470974 0.8603543788194656 0 0 1.407329201698303 0 0.1579022705554962 0.2795030176639557 16.80958954244852 2.823495760560036 0 0 0 0.2471313029527664 0 0 2.830226674675941 1.764354236423969 5.793069288134575 0.5946325957775116 0 0.1440599709749222 0 0 0 0 0 0 26.31494334340096 0.2979358434677124 0.6531350761651993 0 0.3956445530056953 1.638761803507805 3.734517797827721 9.623275808990002 0.09269532561302185 0 0.3016441762447357 0.1357491761445999 0.7021709531545639 0 0 0 0 0 0.1621273010969162 0 0.1506553590297699 28.16032473742962 17.57205674797297 10.84630705416203 259.4444682747126 2.643126577138901 42.71045786142349 19.85722473263741 145.3953484743834 2.961156129837036 0.1047428473830223 6.494380801916122 41.98611099272966 0.1663193702697754 0.8737474232912064 0.3232251927256584 33.72975757718086 0.4322637170553207 0 0 15.74109212309122 0 337.447832480073 16.77132846415043
59.87350338697433 265.9326607733965 62.37763451784849 1000.645343706012 592.0507060587406 44.09685233235359 1650.242009595037 53.92581030726433 883.3630679771304 3306.404960870743 1164.762465849519 1063.836842909455 1520.587680071592 3570.023709125817 10.40332051366568 6.808799363672733 3.459103897213936 0.4620422422885895 0.5369089841842651 0.1557819992303848 0.2364619076251984 3.611365243792534 0 0 1.794017001986504 0 0.9321420565247536 0.5592432171106339 0.7314359545707703 0.6047603935003281 14.97851242870092 12.79104332625866 782.4550381377339 0.6255922168493271 0.3952115923166275 3.090990528464317 253.1373777091503 51.29665822535753 146.0695186257362 5.437594853341579 0.581267923116684 0.2241451740264893 0 2.295840747654438 0.7110483795404434 2.601202070713043 16.27381621301174 0.2714994326233864 0.3225108683109283 0.1081155687570572 0 1.73549522459507 4.760892666876316 1.29831749945879 0.7140538096427917 1.427858404815197 2.710256867110729 9.789409667253494 5.730739764869213 3.655501998960972 4.262358359992504 40.808209374547 0.2768773883581161 16.60652377456427 0.7541700154542923 0.1476606428623199 0.3450787141919136 0.1607116833329201 0 0 434.3529825359583 5.254469737410545 1.259463764727116 8.171973399817944 5.199355773627758 5.69574087113142 10.0251435264945 4.848577298223972 2.293507143855095 90.8141343742609 1.193716250360012 24.25731937587261 2.525861069560051 0.1219981536269188 0.2697922363877296 0.445058785378933 0 0.07730097323656082 0.07392250746488571 0.2515058889985085 0.2331228107213974 0.1260268539190292 0.1304143071174622 0.402226597070694 0.3925004675984383 1072.285113625228 38.40323409438133 2.706302583217621 57.41348265111446 36.78464119881392 0.7518620491027832 4.511616915464401 6.880782105028629 6.558655455708504 3.154179081320763 35.10228657722473 13.94943012297153 4.624761015176773 14.27617536485195 6.947836592793465 1.431281343102455 5.67973780632019 14.62044340372086 6.340184330940247 9.342364117503166 0.3443884253501892 0.4093669652938843 0.3875699117779732 0 0 0 0.3728626295924187 0.7115022093057632 6.038221068680286 0.3722212910652161 5.055628277361393 0.6917253881692886 0.7326051816344261 0.9360592737793922 4.700546652078629 1.506300412118435 24.17563846707344 12.94111474603415 4.845574527978897 4.102710254490376 1.968475699424744 0.2545951902866364 6.108546808362007 4.450325518846512 5.159553065896034 4.986349701881409 7.221834316849709 33.98464282602072 15.50232793390751 0.271296501159668 0 0 0 3.92410235106945 2.787010163068771 0 0.4371827021241188 0.4931373000144958 0 0.102689616382122 0.4341166242957115 24.20519372075796 1.771793693304062 0 0 0.106894887983799 0 0.3305655270814896 0.2743203192949295 3.793855711817741 7.818934313952923 8.666114963591099 0.5139581710100174 0.3549217060208321 0 0 0 0 0.1554322689771652 0 0 38.51883900165558 0 0.1612960696220398 0.2537733539938927 1.446444779634476 1.052252396941185 2.048403568565845 16.35479824244976 0.5165596455335617 1.28587131947279 1.014966413378716 0.4171859472990036 2.284817166626453 0 0 0 0 0 0 0 0.5700179189443588 36.38413759320974 24.84540332853794 14.31081989407539 354.0839608535171 8.729226499795914 121.1134862005711 61.56999626755714 128.578961417079 5.213275916874409 1.255588881671429 17.26535169035196 55.90929802507162 0 0.9208024144172668 0.6215580403804779 53.54189591109753 0.488677591085434 0 0.2793745994567871 34.5742000862956 0.4092614054679871 289.5329309403896 15.10583212226629
