945.4647336378694 4728.491046905518 723.4456869289279 2551.17383402586 118.7139481529593 235.0065052956343 475.6165619716048 11.27582416683435 11.60042530298233 1489.443259008229 88.74120695143938 27.27621579170227 65.68524311482906 33.21693149954081 0 0.3483648002147675 0 0.11373171210289 0 0 0 0.1635852009057999 0 0 0.4308237433433533 0 0 0 0 0 1606.455922022462 0 1.692082419991493 0 0 0 0.438629999756813 0.1189476624131203 0 0 0.2223498299717903 0 0 0 0 0 15.59715271741152 0.7121555358171463 0 0 0.5906882360577583 0 0 0 5.2114312723279 2.011555425822735 311.1925895437598 618.1214327588677 54.31683051586151 24.10124178230762 0 0 0 1.231636755168438 1.451337307691574 0.5970583856105804 0.1092777326703072 0 0.08670803159475327 0.2718164771795273 0.2681398317217827 0.3441324383020401 0 219.011820293963 12.8140896782279 14.47573026269674 0.2074451446533203 0 0.1712821125984192 9.253916755318642 0 0.3584087938070297 5.005632281303406 0 0.4081643745303154 0.8087367340922356 0.09872407466173172 0 0.0991494208574295 0 0.1937087699770927 0 0 0.08229471743106842 0 28.24395808577538 5.578017368912697 0 0.3800662457942963 2321.270620211959 0 7.072711110115051 1.376585304737091 6.869130969047546 1.281051278114319 4.469313621520996 21.35698415338993 3.690415576100349 17.18186719715595 79.13461734354496 9.113540172576904 81.31369595229626 80.90334597975016 30.32746230065823 14.4257644712925 0 0 0 0 0 0 0 0 0 0 0 0 0 0 0 0.2552330195903778 0 0.1203509196639061 0 2.242122605443001 0.8006316423416138 0 0 0 2.882305309176445 0 1.033943101763725 0 0 0 0 0 0 0 0 0 0 0 0 0.1161723881959915 0 0.0920703262090683 0 0 0 0 0.5993944704532623 0.1968058198690414 2.220610797405243 0 4.210353136062622 0 2.190851986408234 0 0 0 0 0 0 0 0 23.67171511054039 0.4143262505531311 0 0 0 0.3177220821380615 0 0.8298287987709045 0.4569046199321747 0 0 0 0 0 0 0 0 0 0 0 0 29.91392388939857 1.556356146931648 3.266790121793747 319.3501215875149 9.949287630617619 56.26029308140278 4.950244627892971 1442.984679333866 6.323580197989941 6.881452560424805 0.6174855306744576 0 0 3.066441297531128 0 5.200840458273888 0.1225561201572418 7.371062755584717 0 0 0 840.8190247416496 67.29839344322681
4728.491046905518 4782.985705375671 3426.041676193476 1883.65273924917 4057.729958981276 52.24405705928802 4192.507396489382 432.5678955093026 4032.540968306363 628.3613958880305 4480.047070018947 262.3260636106133 711.1827104240656 1190.525318913162 4.301210150122643 4.843867987394333 0.3406297415494919 0 0 0.2968928813934326 0.3609279096126556 0 0 0.117450512945652 0.5592866390943527 0.2669093236327171 0.3855368494987488 0.06949890404939651 0 0.08545246720314026 2457.270885884762 10.56591708958149 22.31443394720554 0 0.4941885992884636 0.1343504190444946 2.656539797782898 0 0.5979356318712234 0 1.615007184445858 0.4563905075192451 0 0.9955899268388748 0 0.1435324549674988 201.9393799602985 8.648783400654793 0.4752951636910439 0 5.873120471835136 0 0 0.3825991749763489 32.14732659608126 13.3999882787466 149.0685024410486 804.5683604478836 141.3280725255609 200.0948325023055 1.133852504193783 0.8759802877902985 0.1716726049780846 165.642556399107 13.56945978850126 5.467135094106197 0.8308214247226715 1.606716260313988 1.30775835365057 1.096383698284626 5.834130614995956 5.470646411180496 0 825.4433076232672 193.3057593405247 357.9287536367774 28.88915645331144 3.526603348553181 2.023603938519955 270.1514101326466 1.754946820437908 5.699676610529423 32.48484495282173 0.2204547002911568 6.120573461055756 4.345687747001648 1.115050069987774 0 0.7671005949378014 0 2.310560926795006 0.3183890581130981 4.127906464040279 2.086300231516361 0.4040230363607407 2.224145874381065 4.954474881291389 0 3.864931255578995 528.3700866177678 0.8595046624541283 0.3755497336387634 0.5668168663978577 0 1.210629463195801 3.819238632917404 1.007630705833435 0.1360762864351273 0.6704727858304977 5.554611772298813 11.60990372300148 17.61653569340706 11.1592331379652 4.07765331864357 4.754551112651825 0.3770244717597961 0 0 0 0 0 0 0 0 0 0 0 0.2501644790172577 0 0 0 0 0 0 0.9026756286621094 0 0 0.1945744454860687 0 4.123685583472252 0.554002583026886 9.954768143594265 2.716279409825802 0 0 0 0 0.8713207840919495 0.1265175938606262 0 0 0.7310560643672943 0 0 0 0 0 0 0 0 0 1.661939665675163 1.098097860813141 1.198479413986206 0 0.929264709353447 4.848161153495312 7.65246319770813 0 0 0 0 0 0 0 0 4.177925817668438 0.867598831653595 0 0.1003033593297005 0.1192825064063072 1.157904356718063 0 0.8333539366722107 1.321992293000221 0 0.1152364835143089 0 0 0 0 0.0900312140583992 0 0 0 0 0 5.026071488857269 4.289293840527534 4.317832373082638 429.4453477412462 25.97305978834629 489.5005891695619 60.39654178917408 284.8181959167123 43.45395816117525 3.413778625428677 30.85524779558182 2.035017289221287 0.7197554707527161 1.985971570014954 0.255991131067276 4.157106935977936 0.4400872588157654 0.1016536355018616 0 3.894477717578411 0 162.0400741025805 11.00525802373886
723.4456869289279 3426.041676193476 3170.808164782822 70.30732051283121 740.4492613077164 1.308833405375481 134.5267758667469 3440.14609208703 420.116409227252 16.29298666864634 4973.874432705343 14.01752150058746 254.7815537005663 2151.618633553386 15.63209902495146 24.21529754251242 1.963415175676346 1.263495564460754 0 0.1043009385466576 10.01144426316023 0.1149726882576942 4.510642603039742 12.90665297210217 9.942060209810734 2.424355633556843 4.18122186511755 0.2352148666977882 0.1150077655911446 1.066811755299568 4738.170444488525 808.361870534718 141.7130930647254 0 12.61914311349392 12.86078144609928 9.571648634970188 4.132192716002464 1.935348957777023 0.2383669316768646 20.66657763719559 1.865888059139252 0.2510790303349495 1.883880600333214 0 0 108.6612374931574 4.232540398836136 1.569732487201691 1.657800927758217 12.75648265331984 0.2220302596688271 0.5861425921320915 0.3640982434153557 11.61465450376272 4.003851912915707 53.13880512863398 354.9797757640481 39.89755046367645 83.06730484962463 14.54982464760542 23.02057962864637 0.4808336198329926 823.5639680624008 5.875298030674458 3.905073709785938 3.221395902335644 8.448109440505505 14.93702395260334 23.70401585102081 5.382026761770248 3.294967517256737 0 302.5987376123667 154.2073065191507 258.2373381331563 60.73244911432266 12.15987810492516 88.25611916929483 3080.945425003767 6.723897315561771 139.8387249559164 13.08727069199085 0 3.053220681846142 1.181621082127094 4.465999066829681 0.0902213528752327 0.2968551516532898 0.09255016595125198 1.427790649235249 0.3846861943602562 49.41006197780371 3.261395871639252 0.8964790627360344 0.9946696162223816 15.29608103632927 0 3.469331912696362 63.51090190559626 0 0 0 0 0 0 0 0 0 0 0.3950901180505753 2.039083927869797 1.660033315420151 0.2347504794597626 1.643311530351639 0.1939496845006943 0 0 0 0 0 0 0.1205776929855347 0 0.1646201312541962 0.4499394744634628 0 0.7256419435143471 0 0 0.2238316982984543 0.197350300848484 0 0.09823378175497055 0.4327569901943207 0 0 1.224547043442726 0 2.891681827604771 0.3019999489188194 4.672373421490192 2.009173668920994 0.6614510789513588 0.1192625313997269 0.1081143468618393 0 0.2608009502291679 0.09727098792791367 0.2804295644164085 0 0.1864099651575089 0.4089818224310875 0.09468134492635727 0 0.1971855014562607 0.7487445324659348 1.150775663554668 0.1010613366961479 0.1320272982120514 0 0.6177498698234558 0.5946401208639145 0 0.121634379029274 3.718434281647205 1.418840274214745 1.282206073403358 0 0 0 0 0 0 0 0.1376732885837555 0.4456371665000916 1.742575205862522 0 0 0.4494077190756798 1.870417311787605 0 0.2871869504451752 0.3976890295743942 0.3145778775215149 0.1208838522434235 1.204836249351501 0.176805391907692 0 0 0 0 0.1205824613571167 0 0 0.2847465202212334 0.1200049221515656 2.617181390523911 5.028201520442963 150.7285032570362 9.307605795562267 216.7818722054362 37.82860146462917 29.8498438373208 15.67571081966162 0.5302146300673485 15.47299189120531 4.635091558098793 0.1086645200848579 2.134375661611557 0 0.9804638624191284 0 0.1084503829479218 0 2.371029928326607 0.2289311587810516 32.78691801428795 3.258067816495895
2551.17383402586 1883.65273924917 70.30732051283121 1084.075404822826 20.55830198526382 323.6787934228778 2358.746734626591 4.216784797608852 30.38911634683609 2821.802879191935 28.5589322000742 158.5144398808479 288.6812574416399 40.02879717946053 0 0 0 0 0 0 0 0 0 0 0 0 0 0 0 0 63.00165749341249 0 0.1865836009383202 0 0 0 0.1646668612957001 0 0 0 0 0 0 0 0 0 45.09394603967667 2.550447538495064 0 0 1.603576205670834 0 0 0 9.070535644888878 2.758676029741764 60.45363672077656 161.3212957978249 52.43110539764166 47.29963899403811 0 0 0 3.499196223914623 3.51515968888998 1.018353998661041 0.1371927410364151 0.3529455289244652 0 0 0 0.670661985874176 0 281.660284049809 24.21958246082067 38.30499269068241 1.31735922396183 0 0.108736664056778 0.294790506362915 0 0.1133591011166573 9.106052882969379 0 0.6803310811519623 1.249134175479412 0 0 0.1058959066867828 0 0.4016658514738083 0 0.09282528609037399 0.4300240278244019 0 1.955775156617165 0.3613686561584473 0 0.3077112957835197 718.3396070376039 3.639375351369381 3.752585276961327 3.651144459843636 16.99773401021957 1.045319378376007 11.93779627978802 11.60319583117962 12.79198963940144 55.30054466426373 43.96150542795658 11.95191159844398 94.93955530971289 76.48039269447327 38.99827257543802 23.06800992041826 0 0 0 0 0 0 0 0 0 0 0 0 0 0 0 0 0 0 0 2.746665447950363 0.5697357654571533 0 0 0 5.297021709382534 0 3.573128700256348 0.1741162687540054 0.1878432482481003 0 0 0 0 0 0 0 1.328018836677074 0.1149019300937653 0 0 0 0 0 0.4436014369130135 0 1.090610384941101 1.781706348061562 1.846268653869629 0 0 0 0 0.849550187587738 0 0 0 0 0 0 0 0 26.48777694255114 1.28410916030407 0.129317119717598 0.1070840805768967 0 1.808040678501129 0 0 0.9395547062158585 0.141387864947319 0.5314916968345642 0.4034467190504074 0 0.1068500801920891 0 0 0 0.1979089230298996 0 0 0 28.73778185993433 2.069838270545006 0.7391835451126099 65.43647041916847 3.898799940943718 107.1820511370897 8.607623696327209 476.9293709918857 5.875336229801178 4.85272154211998 2.419184781610966 0 0.1389916241168976 3.37473027408123 0.1233764737844467 2.905268728733063 0 0.2481072619557381 0 0.2730372175574303 0 411.5980183631182 59.36680655181408
118.7139481529593 4057.729958981276 740.4492613077164 20.55830198526382 5326.732058010995 0.7611063569784164 1805.032640784979 116.8070820271969 4577.55758921802 59.85288143157959 3896.886689260602 15.05227243155241 286.0769727006555 320.9006756842136 2.217161595821381 1.812441982328892 0.2578205764293671 0.09574099630117416 0 0 0.2421148270368576 0 0 0 0 0 0 0 0 0 128.020854793489 3.752442821860313 0.930131733417511 0 0 0.4009881913661957 0 0.23538488894701 0 0 0.1336346417665482 0 0 0.08983528614044189 0 0.1242233216762543 42.50900277495384 1.254547126591206 0.1133463233709335 0 0.7893697917461395 0 0 0.100542239844799 3.216127328574657 2.106682941317558 8.540688827633858 45.19323596358299 15.4180458933115 33.28512381762266 0.1931175142526627 0 0.2184185907244682 42.96927934139967 1.79015401750803 0.9060541689395905 0 0.07938766479492188 0.3410567119717598 0.07394766807556152 0.09499745815992355 0.6778656244277954 0 92.07460940629244 38.38838379085064 85.46388567239046 11.53320623934269 1.822054855525494 0.1815551146864891 0.6377633661031723 0.5390424653887749 0 6.691799409687519 0 0.8596551045775414 0.4565776437520981 0 0 0.264492578804493 0 0.1600275486707687 0.1099102050065994 0 0.2317855283617973 0 0 4.035831019282341 0 1.955645367503166 3.470674343407154 0.3070584535598755 0 0 0 0 1.161013349890709 0 1.655469059944153 0 0 0.6806748509407043 3.279362097382545 1.402271211147308 0 0.8557607233524323 0 0 0 0 0 0 0 0 0 0 0 0 0 0 0 0 0 0 0 0.7805673182010651 0 0 0 0 2.27003039419651 0.1937601715326309 2.074108213186264 0.3583252876996994 0.3909482061862946 0 0 0 0 0.5022449493408203 0 0 0 1.114645451307297 0 0 0 0 0 0 0 0 0.7595757246017456 0.297567754983902 0 0 1.005166530609131 1.661746501922607 1.291123032569885 0 0 0 0 0 0 0 0 0 0 0 0 0 0 0 0.3463335037231445 0.6986410021781921 0 0.6695128083229065 0 0 0 0 0 0 0 0 0 0 0.1407172530889511 1.656509473919868 5.175949200987816 120.9781700447202 6.31523647159338 105.0413980036974 17.89584541320801 9.858982637524605 10.05734994262457 0.7773154228925705 12.38706117123365 0.2150929719209671 0 1.818852573633194 0 2.204710721969604 0 0.109238401055336 0 2.822833545506001 0 13.78897098451853 1.353668391704559
235.0065052956343 52.24405705928802 1.308833405375481 323.6787934228778 0.7611063569784164 10.01108419895172 59.13032796978951 0 0.8216727524995804 1086.589705698192 0.6715495139360428 119.1637484282255 119.5836532860994 23.67633678019047 0.1536348760128021 0.3255374580621719 0 0 0 0 0 16.63925606012344 0 0 0 0 0 0 0.7221802175045013 0 21.56484344601631 0.4798840582370758 5.080928221344948 0 0 0 8.257715791463852 0 0.532079815864563 0 0 0 0 0.187352180480957 0 0 0.4788323938846588 0 0 0 0 22.67148794233799 27.90081870555878 0 0 0.5545881539583206 112.8327418416739 5.314821258187294 0.4555174708366394 1.72806216776371 0 0.1731182634830475 0 0 0 0.1122907549142838 0.29366285353899 0 0 0.1605800092220306 67.35866248607635 84.59113653004169 10.12966483086348 0.6132515072822571 0.7787788510322571 0 0 0 0.2431176155805588 0.6411443650722504 0 0 0 2.856167986989021 0 1.811613544821739 0 3.083066992461681 3.973293952643871 11.70684844255447 2.137918569147587 4.070136189460754 0.1883495002985001 0.1237685680389404 0.5462047606706619 548.5494424849749 392.0702813565731 40.73093307763338 28.67747275531292 441.7636734321713 0.3817564025521278 2.081210821866989 0.8689894527196884 0.3348525762557983 0.5978985577821732 3.529378935694695 12.24480962753296 2.502125531435013 17.29797798395157 46.62375880777836 2.002423286437988 63.08201096206903 43.51643359661102 23.60390123724937 17.09003707766533 0.1286733746528625 0 0 0 0 0 0 0 0 0 0 0 0 0 0.1593134701251984 0 0 0 0.281988263130188 0.6591212451457977 0 0 0 0 5.131588004529476 0 1.640571057796478 1.022490300238132 0.3715407848358154 0 0 0 0 0 0 0 0 0 0 0 0 0.880971372127533 0.121655747294426 0.1850054711103439 0 0 0 0 0 0 0 0 0.1194086819887161 0 0 0 0 0 0 0.1265655905008316 0 25.07586267590523 3.396259635686874 0.1530675143003464 0 0.4979287832975388 0.4315943717956543 0 0 0.3018183410167694 0 0 0 0 0.5197301506996155 0.1777002215385437 0 0 0.2249576449394226 0.1158277168869972 0 0 25.33195395767689 2.090763553977013 3.470555528998375 5.437785290181637 0.1669846922159195 1.297878235578537 0.2786933481693268 177.7681114524603 0.5174034833908081 0 0 0.1484484672546387 0 0.6451832056045532 0 0.8944151848554611 0 0 0 0 0 133.658911190927 51.44956557452679
475.6165619716048 4192.507396489382 134.5267758667469 2358.746734626591 1805.032640784979 59.13032796978951 437.6001740098 10.98866937309504 2601.917586058378 2128.585161030293 1314.28301230073 342.8291182741523 2159.601935893297 3760.819534257054 9.47164074331522 10.1643263399601 0.3783056885004044 0.2629628702998161 0 0 0.3094702288508415 0 0 0.1920965537428856 0.1193499490618706 0.08554279059171677 0 0.1034686639904976 0 0 181.511536821723 7.78780011087656 0.2692945897579193 0 0.07003399729728699 0.1020541787147522 2.324272982776165 0.7826198637485504 3.800129562616348 0 0 0.09199120849370956 0.2061498239636421 0.4456207975745201 0 0.09448838233947754 169.2581649646163 5.515185929834843 0.121978759765625 0 3.751384444534779 0.1020675972104073 0.1302562206983566 0.08739673346281052 23.19901393353939 6.047532916069031 48.43612833321095 166.9114193692803 70.84595207870007 129.2948611602187 0.7370333224534988 0.09663297235965729 0 95.48606506735086 6.868711352348328 1.494439333677292 0.4442099928855896 0.9624501019716263 0.404522106051445 0.3901219815015793 3.047713965177536 19.38623841106892 0 387.0158991962671 98.80127847194672 293.769126676023 38.67913489788771 5.304682791233063 0.6930898204445839 1.700398571789265 0.8901694267988205 0.3503293618559837 19.98903760313988 0 3.407821163535118 1.88274959474802 0.3392352014780045 0 0.2853816077113152 2.265534162521362 1.479536078870296 0.2198011800646782 0.5809171199798584 1.565985307097435 0.3889594599604607 6.545113027095795 38.30258046090603 0 4.672520846128464 113.681149892509 5.735399074852467 3.441437900066376 6.049387022852898 0.8026189208030701 3.255199700593948 14.15170769393444 2.21869683265686 10.80685056746006 7.811246871948242 9.541996225714684 25.01533672213554 51.91569986194372 22.82404918968678 14.19019888341427 24.95819541066885 1.127533815801144 0.3263194859027863 0 0 0 0 0 0 0 0 0 0 0.275383323431015 0 0 0 0 0 0 18.41521921008825 1.243402570486069 0 2.339813947677612 0 25.79517073184252 1.633601665496826 39.4665232822299 4.668847128748894 2.105744309723377 0 0 0 0.5758018493652344 0.9851589500904083 1.790741205215454 0 2.552612133324146 0.5124097615480423 0 0 0 0.1712134480476379 0 0 0.8600329160690308 0 5.513708390295506 3.786832831799984 1.005247168242931 0 8.376721039414406 17.02272456139326 25.50269222259521 0.1859095245599747 0 0 0 0 0.09439938515424728 0 0 12.5971682742238 5.782997488975525 0 0 0 9.493553146719933 0.1534116417169571 8.905526772141457 10.15776071697474 4.049911618232727 3.016027070581913 3.624902039766312 0 0 0 0 0 0.111046589910984 0 0 0 9.016295865178108 15.28403668105602 33.48747070133686 572.4560117721558 29.12087926268578 436.1295691207051 79.69902865588665 109.907486461103 60.78292970359325 8.992285087704659 50.41344578564167 10.94105288386345 0.1255418807268143 20.51581914722919 4.167338192462921 16.02682802081108 1.238689720630646 0.3405485600233078 0.4007821977138519 8.525747790932655 0.115114763379097 126.7525152266026 30.52794171869755
11.27582416683435 432.5678955093026 3440.14609208703 4.216784797608852 116.8070820271969 0 10.98866937309504 2113.99885944277 78.35625284910202 2.232525482773781 3061.54441857338 6.622015483677387 64.3115002810955 1788.839004576206 34.15867284685373 62.0062149092555 2.730069845914841 0.8936710506677628 0 2.685015313327312 33.20641773194075 0 12.0239517018199 22.11691827327013 18.44829943031073 4.110764801502228 6.334217444062233 0.3009773194789886 0 0.8205984756350517 1218.27300042659 3622.525117449462 55.64419750124216 0.1876067668199539 16.28752918541431 23.96769095212221 7.85807991027832 8.128574505448341 1.977225415408611 2.363215245306492 33.34583619982004 2.334937535226345 1.659404270350933 19.93573889881372 0 1.180599592626095 159.7180847674608 4.520878277719021 2.086241826415062 3.113351136445999 10.97620905935764 0.7976646050810814 0.3078804537653923 0.5452776923775673 4.335573792457581 1.434190206229687 11.77828425168991 95.04745740443468 17.18409999459982 57.97647454589605 163.7001406177878 62.18514782935381 2.742611601948738 1218.275142729282 4.318616099655628 3.142067484557629 2.658249422907829 10.29920707643032 22.89462091773748 69.31739967316389 4.255493015050888 2.149280540645123 0 133.3011468797922 214.3963103443384 528.0209669396281 720.2473234161735 345.9247694537044 1631.489767976105 3007.958148784935 375.8874356672168 832.4871095493436 8.077729672193527 0 1.537349842488766 0.9682284444570541 7.792468264698982 0 0.08874307572841644 0.09684509038925171 0.7484062314033508 0.4721098467707634 67.9222387522459 2.150718063116074 1.046876557171345 0.9202094674110413 1.989305295050144 0 4.60400115698576 1.276078023016453 0.5982798710465431 0 0 0 0 0 0.4359042942523956 0.886188805103302 0 0.812534898519516 1.669650971889496 1.297944009304047 0.7713175415992737 0.1694342046976089 0.4617447257041931 0.1090031266212463 0.387142226099968 0 0 0 0 0 0.152142122387886 0 0 0.3684387356042862 0 0.6690927296876907 0 0 0.1965750902891159 0 0 0 1.149065360426903 0.5465317368507385 0 1.157520040869713 0 0.933274008333683 0.8889246135950089 2.681129366159439 1.264340192079544 0.7931218892335892 0.1097472682595253 0.6275803297758102 0 0.2794858813285828 0.221151128411293 0.2221283838152885 0.132396787405014 0 0 0 0 0.3126349523663521 1.219349138438702 1.627514578402042 0.3289194777607918 0 0.08045618236064911 0.4740906655788422 0.1395426392555237 0 0.2118280678987503 1.190740533173084 0.8277951031923294 0.8490299731492996 0 0.08414140343666077 0 0 0 0 0 0.3855536282062531 0.2892011553049088 0.4626600816845894 0.1683908849954605 0 0.703731581568718 0.1336665749549866 0 0 0.6199280023574829 0 0 0 0.1511257290840149 0 0 0 0 0 0 0.3116873651742935 0.09850751608610153 1.593987643718719 1.708896234631538 5.688082158565521 216.3020326048136 11.2594997510314 260.3370059877634 64.71900414675474 12.09171255677938 24.85015545040369 1.182075835764408 26.1877538561821 2.168075501918793 0.2281251400709152 0.8081692531704903 0.433970183134079 0.5442495867609978 0 0 0 6.799601688981056 0.8543546944856644 9.789891347289085 2.5304224640131
11.60042530298233 4032.540968306363 420.116409227252 30.38911634683609 4577.55758921802 0.8216727524995804 2601.917586058378 78.35625284910202 2658.79299762845 453.30268163234 3769.274186328053 2.965940788388252 414.1800807863474 633.1502337902784 3.237639784812927 2.969168916344643 0 0 0 0 0 0 0 0 0 0 0 0 0 0 39.64139825105667 3.61073961108923 0.2823496758937836 0 0 0 0.58686763048172 0 1.350952789187431 0.09985394030809402 0 0.2403897121548653 0 0 0 0 25.80948234349489 0.6744121164083481 0 0 0.5270031318068504 0 0 0 1.637795843183994 0.3220443204045296 3.649262778460979 11.83513259142637 5.972214303910732 15.25628854334354 0 0.342447429895401 0 21.41442903131247 0.4039379134774208 0.3200043067336082 0 0 0.07915956526994705 0 1.006498977541924 4.711256355047226 0 34.41560530662537 16.1333814561367 51.99276347458363 13.2123084589839 0.6950050294399261 0.3452946841716766 1.468426950275898 0.2970512881875038 0 1.57865921407938 0 0.5223677605390549 0.18684933334589 0 0 0.09392374008893967 0 0.1714138314127922 0 0 0 0.2070375978946686 0.3799914717674255 7.69811549782753 0 0.2813090980052948 0.3515999913215637 1.419525325298309 0 0 0 1.820016756653786 1.097286462783813 0 1.627098441123962 1.248925805091858 0.4261298477649689 5.092895999550819 5.668746531009674 2.771160766482353 0.552015095949173 5.34061062335968 0.1551994383335114 0.2441729456186295 0 0 0 0 0 0 0 0 0 0 0 0 0 0.1102616935968399 0 0 0 5.023425236344337 1.07138580083847 0 0 0 6.160262659192085 0.9367284327745438 7.122094564139843 1.145631566643715 0 0 0 0 0.2170192897319794 0 0.1918240189552307 0 0 0.3565942794084549 0 0 0 0 0 0.146618515253067 0.1292784065008163 0 1.094410374760628 1.099667005240917 0.7880720496177673 0 0.2834579944610596 4.089961543679237 2.150853142142296 0 0 0 0 0 0 0 0 0.8820980861783028 0 0 0 0 2.569699853658676 0 1.866579830646515 3.014322958886623 0.6514895334839821 0.5613024830818176 2.01635268330574 0 0 0 0 0 0 0 0 0 0.5138689279556274 3.616389319300652 6.910248041152954 102.8068313896656 4.732613414525986 64.4775957763195 14.6974126175046 8.961612164974213 8.911469951272011 0.6157010793685913 10.3370541036129 2.26903261244297 0.1729516685009003 3.277485236525536 0.5848835706710815 3.373146116733551 0 1.546049833297729 0 1.67576003074646 0 4.18481682986021 3.032777056097984
1489.443259008229 628.3613958880305 16.29298666864634 2821.802879191935 59.85288143157959 1086.589705698192 2128.585161030293 2.232525482773781 453.30268163234 2857.762044459581 274.1353946626186 2197.341626167297 10489.97990780324 2481.585752494633 3.351100884377956 2.768917314708233 0 0 0 0 0 0 0 0 0 0 0 0 0 0 60.31764647364616 1.088085167109966 5.329872459173203 0 0.2026454359292984 0 24.72628618776798 0 1.771671622991562 0 0 0 0.1323359459638596 0.2323456704616547 0 0 73.32095062732697 2.628173410892487 0.1222742646932602 0.118899755179882 2.18385674059391 0.1159087046980858 0.3997576236724854 0.147921547293663 12.42692486941814 4.156308621168137 73.1537933498621 128.3244942426682 55.49343820661306 65.04000109434128 0 0 0 21.16855845600367 4.706014275550842 2.564016543328762 0.1339021474123001 0.6849671676754951 0 0.1873913407325745 107.7965604066849 39.20058943331242 0 276.0310299322009 43.21920462697744 101.5610729753971 10.97123470157385 0.7262623980641365 0.3525192961096764 0.40152807533741 0.4268904104828835 0.2114064916968346 12.30916534364223 0 1.457986414432526 2.236571438610554 0.0791090801358223 0 0.2004367932677269 0.09164484590291977 0.489786796271801 0.1026195958256721 0 0.8784801810979843 0.09897878766059875 45.73303823173046 74.80884027481079 0 16.36865133792162 641.8041634559631 19.63286812603474 49.0492998957634 93.78569473326206 233.4187287688255 23.07408529520035 52.38669399917126 138.3385427296162 46.41361689567566 92.94243174791336 138.1738323941827 106.0346062332392 463.7765915766358 401.7262826934457 145.4855188131332 160.0576191842556 0.9950586631894112 2.468482159078121 0 0 0 0 0 0.2429985851049423 0 0 0 0.1846621781587601 0 0 0 0 0 0 0 56.56821822375059 7.325098872184753 0 11.20575225353241 0 92.46474629640579 15.33150620758533 101.0037835240364 13.46899905800819 2.442751631140709 0 0 0 3.012718021869659 0.7255469560623169 0.8343634605407715 0 5.864014141261578 2.733297720551491 0 0 0 0.4548802375793457 0 3.150123409926891 2.459255538880825 0.5047271698713303 16.84203670173883 21.2196511849761 6.468617886304855 0.1645509898662567 31.53619328141212 62.32914739847183 64.03365795314312 1.049561321735382 2.170475147664547 0 0 0 0.4555866718292236 0.3273466229438782 0 146.3303122296929 26.01151914894581 0.3643288016319275 0.07375461608171463 0 28.60498057305813 0.7272627353668213 29.40689742565155 25.12668234109879 15.42256130278111 8.285195976495743 11.00434946268797 1.009012646973133 0 0 0.297917515039444 0 0.5620970129966736 0.09060037136077881 0 0 110.3643199577928 52.48048113286495 100.4400980323553 264.4757332354784 11.63374298810959 194.7431912571192 29.42340069264174 576.6424534469843 22.94662298262119 4.02165699005127 16.44350074976683 30.48796523362398 7.479760222136974 47.1138249784708 4.810097217559814 52.82611976563931 3.25549840927124 14.38877111673355 0.6108829975128174 1.69554591178894 1.875338956713676 1116.949705824256 210.8996587693691
88.74120695143938 4480.047070018947 4973.874432705343 28.5589322000742 3896.886689260602 0.6715495139360428 1314.28301230073 3061.54441857338 3769.274186328053 274.1353946626186 4218.173591561615 16.44674972444773 699.7516551986337 5597.691709794104 15.60583326220512 21.71596624702215 0.6575765907764435 0.4188186749815941 0 0 0.3437966927886009 0 0.0975506454706192 0.09630262851715088 0.9709895402193069 0.2666108161211014 0 0.1781514137983322 0 0 517.6889752820134 14.99327326565981 35.50675191730261 0 0.6692464575171471 1.303742125630379 7.99934695661068 0.6855598539113998 0.8851097524166107 0.5238317251205444 1.070748411118984 0.2090737521648407 0.111220046877861 1.057377584278584 0 0 81.36355338990688 1.362796008586884 0.2625052332878113 0.3005036860704422 1.446790501475334 0.1030837669968605 0.1259701102972031 0 5.570550739765167 0.9228263273835182 10.4932246953249 47.59456697106361 19.3337574377656 42.55682764202356 0.564543828368187 0.6534148082137108 0.09311791509389877 73.12912244349718 2.643884383141994 0.6502035781741142 0.4797116965055466 0.6336737498641014 0.8414670452475548 0.6653206869959831 11.08442944288254 5.721308849751949 0 92.76483905315399 55.91128332912922 190.8499291464686 58.83477533608675 7.562723062932491 5.112913571298122 618.6031465306878 0.8915617093443871 24.60568808764219 6.768486894667149 0 0.9752183184027672 0.5521670281887054 0.3675116300582886 0 0.166371762752533 0 0.1645005866885185 0.1114379540085793 3.150025509297848 0.5669524893164635 0.3291355222463608 3.732615031301975 7.641379997134209 0 1.592086531221867 5.846258617937565 1.093164823949337 0 0 0 2.708649337291718 0.1713266223669052 0 1.069750681519508 2.875021874904633 0.375982791185379 12.78455363214016 9.980896130204201 3.225564435124397 2.787403032183647 7.555894993245602 0.38448666036129 0 0 0 0 0 0 0 0 0 0 0 0.2626849114894867 0 0 0 0 0 0 4.973683170974255 0 0 0.2638892531394958 0 7.682907447218895 1.336105942726135 12.12308765947819 2.112810999155045 0.1765123084187508 0 0 0 0.437396228313446 0.08847517520189285 0.114476166665554 0 0.1381554454565048 0.4609891846776009 0 0 0 0.1613769382238388 0.1696410030126572 0.2802055403590202 0.2628407925367355 0 2.755797132849693 1.489832863211632 0 0 1.515068247914314 7.005808144807816 7.321036905050278 0.1113545224070549 0 0 0 0 0 0 0 3.495747931301594 0.8934640437364578 0.1383113116025925 0.08116984367370605 0 2.248375788331032 0 2.782139852643013 3.017605930566788 1.875004261732101 0.4263134896755219 0.864755392074585 0.3041546046733856 0 0 0 0 0.06964261829853058 0 0 0 1.845860838890076 7.557018719613552 15.4508396089077 279.0220234543085 15.20116133987904 160.2020725980401 54.36178877204657 18.72190195322037 29.71370856463909 1.43686655908823 27.59289885312319 4.193142242729664 0.1324300169944763 7.882380306720734 1.014784350991249 3.294355794787407 0.1858265697956085 0 0 4.966751851141453 0.7253181338310242 12.28690415620804 5.629740819334984
27.27621579170227 262.3260636106133 14.01752150058746 158.5144398808479 15.05227243155241 119.1637484282255 342.8291182741523 6.622015483677387 2.965940788388252 2197.341626167297 16.44674972444773 88.17771703004837 1644.497327052057 204.843631438911 18.73626618087292 21.34051925688982 1.182982362806797 0.3225724697113037 0 0 0 0 0 0 0.1692152470350266 0 0 0 0 0 1.808257520198822 0.2524073794484138 9.557015210390091 0 0 0.1297091245651245 22.05645674467087 0.9597239941358566 0.7967347428202629 0 0.6315324231982231 0.1159422770142555 0 0.3377746716141701 0 0 27.49971035867929 0.318708211183548 0.5619391277432442 0.0842721164226532 0.6611489355564117 0 0.1142168566584587 0 1.10414432734251 0.2236021533608437 3.348315060138702 2.371641054749489 2.906654685735703 7.763730242848396 0.5146048665046692 0.1105767786502838 0 3.001739487051964 0.2102709859609604 0.506029948592186 0 0.37348522990942 0.4753440096974373 0.5411153435707092 109.1847085803747 13.48810661584139 0 11.97648887336254 5.305191457271576 56.49166174978018 12.15243295580149 3.032251283526421 0.101255863904953 6.734002567827702 0.114310011267662 0.2576786577701569 1.101317256689072 0 0.4250811710953712 0.1029578670859337 0.2179315164685249 0 0 0 0 0 1.268535867333412 0.1014905050396919 0 364.2711973115802 23.31356737017632 0 6.165161669254303 28.63849002122879 24.88790534436703 17.54737240821123 9.725013121962547 42.38995109498501 24.68852813541889 46.48959268629551 19.28794873505831 32.6644347012043 62.54016834497452 67.67589918524027 132.6465049833059 453.6234511956573 306.8617858067155 175.6991361901164 268.2874725088477 1.051760278642178 0.9279212057590485 0 0 0 0 0 0 0 0 0 0 0.5252681225538254 0 0 0 0 0 0 71.28027053922415 6.512780770659447 0 1.741194128990173 0 121.5046482607722 5.534760996699333 81.75824624300003 4.96204412728548 1.311852365732193 0 0 0 0.4802954494953156 0.2328768447041512 0 0 4.104877173900604 5.280789025127888 0 0 0.4536489248275757 0.09478935599327087 0.9332460761070251 2.901909798383713 3.214223615825176 0.50082828104496 17.81862086802721 21.0813754349947 0.9667765498161316 0 14.48703663051128 32.99137727171183 48.06280913203955 0.9888875856995583 1.803034983575344 0.08541098982095718 0 0 0 0 0 184.1695637255907 18.32327645272017 0.6723286956548691 1.093480259180069 0 20.78389366716146 1.383907109498978 10.72495500743389 18.1245758831501 11.76726460456848 4.740129552781582 9.683121614158154 1.465366125106812 0.08007050305604935 0 0.1698105484247208 0.4181944727897644 0.2604899480938911 0.1449928134679794 0 0 80.21444200724363 50.20290266722441 62.31664385646582 279.5899813696742 12.17782554030418 71.83548644185066 42.76986041665077 32.35801357030869 16.61183726042509 5.281456172466278 20.90741889923811 24.72958229482174 1.363883525133133 57.8154695853591 12.06519115716219 27.88927999138832 3.845764949917793 9.918872609734535 1.272162601351738 7.572170987725258 2.916484490036964 472.8690078556538 91.27458353340626
65.68524311482906 711.1827104240656 254.7815537005663 288.6812574416399 286.0769727006555 119.5836532860994 2159.601935893297 64.3115002810955 414.1800807863474 10489.97990780324 699.7516551986337 1644.497327052057 5084.499434657395 6972.076661735773 59.67412636429071 75.06632811576128 3.291800476610661 0.1190251782536507 0 0.1180939972400665 0.6474510356783867 0.1069223582744598 0.1244046837091446 0.2227271348237991 2.121941424906254 0.2367771565914154 0 0 0.1777589917182922 0 47.5733564645052 4.49382308870554 537.9655506312847 0 1.047519937157631 0.9225566759705544 45.52504501491785 1.54688336700201 4.470241755247116 0.650619275867939 1.742621757090092 0.882673978805542 0 1.624599635601044 0 0.1728019788861275 140.7070832550526 1.107036009430885 1.970756947994232 0.5623698234558105 2.677820213139057 0.121909499168396 0.5803341269493103 0.09106854349374771 6.145468197762966 1.340233199298382 10.76000504940748 17.5948373451829 18.7262275442481 53.27407088875771 1.216340392827988 46.65104925632477 0.1092827171087265 38.53211814165115 1.655270643532276 1.383991993963718 0.5155112370848656 1.930547222495079 2.217109963297844 1.689678706228733 180.3630584850907 59.02529851347208 0 81.62281312793493 44.14436023682356 297.305403329432 77.20796622335911 13.95715925842524 1.135677345097065 149.2263222038746 1.162263944745064 7.933022655546665 4.870822332799435 0 1.764755062758923 0.912037193775177 1.016561932861805 0 0.8959711492061615 0 0.58009422570467 0.08615604043006897 6.094809338450432 0.5203166380524635 0.1052314266562462 494.7792570441961 62.74322554469109 0 28.41285129636526 38.86966121941805 52.65429948270321 17.3526064902544 32.70351809263229 9.799888879060745 48.80925190448761 113.3476701080799 11.08058810979128 67.72624652087688 91.67363807559013 49.06130085885525 245.7687738090754 699.9693582504988 350.5225032940507 218.3511351123452 395.4948051646352 6.538816161453724 3.652570784091949 0 0.123381182551384 0 0 0 0 0.1165305227041245 0 1.502903938293457 0 4.657822102308273 0 0 0.14697265625 0 0.2157469391822815 0 177.4703241735697 11.69953551888466 0 9.102589495480061 0 221.9983070269227 16.81683306396008 224.8400711864233 23.46139778196812 3.98080974817276 0.3281606435775757 0 0 1.713849380612373 0.3777746707201004 2.003166943788528 0 18.29078394174576 12.01103743165731 0.2516619265079498 0 0.1994735896587372 1.529519088566303 0.2345115020871162 9.270977005362511 5.383546814322472 0.9456953406333923 38.87280450761318 53.25996922701597 2.822393953800201 0.8173328042030334 48.60947823524475 103.3193858936429 128.7830549404025 0.9553215280175209 3.181466691195965 0.1169847100973129 0 0 0 0 0 222.2701274380088 18.8464457243681 0.3818067014217377 0.4322387874126434 0.08857353776693344 60.20729052275419 1.103191047906876 39.35678339004517 61.51188777387142 29.54243899136782 12.35979191213846 13.51363541185856 6.636851020157337 0 0.1461508870124817 0.278181403875351 0 0.1226297095417976 0 0 0 92.00736626237631 102.6245153993368 191.7794280722737 987.0714066252112 32.15104358643293 332.5800958350301 185.4865773692727 66.94348350167274 58.71829771250486 15.76426899433136 95.42736230045557 78.96032128483057 8.38251817971468 143.693196631968 18.01955630630255 85.59973169863224 10.23700818419456 10.55515971779823 3.093942373991013 35.0077608525753 5.216707743704319 500.2748063802719 151.380628272891
33.21693149954081 1190.525318913162 2151.618633553386 40.02879717946053 320.9006756842136 23.67633678019047 3760.819534257054 1788.839004576206 633.1502337902784 2481.585752494633 5597.691709794104 204.843631438911 6972.076661735773 1396.547503210604 139.9155062586069 187.8800001144409 6.552425898611546 0.5946732684969902 0 0.2548110485076904 1.233718723058701 0 0.5212505683302879 2.014912240207195 9.558741942048073 0.244712769985199 1.853582464158535 0.213197372853756 0.633470244705677 0.527626633644104 277.2157010063529 14.50321100652218 620.0939080119133 0 3.610496379435062 13.83508668094873 239.5491198673844 10.92216470092535 9.822526194155216 2.454843960702419 8.903434805572033 1.62204659730196 0.3661693334579468 5.169026367366314 0.09142019599676132 0.4177281185984612 293.3830746784806 3.460912860929966 3.155118055641651 0.9620652049779892 7.873317293822765 0 1.330293923616409 0.3630639389157295 8.335183389484882 3.271519787609577 15.3665711581707 36.92645017802715 35.60113779455423 110.7513359412551 1.966088756918907 73.10015384107828 0.1824672445654869 88.09182965755463 3.906975463032722 3.449237614870071 2.004453241825104 6.045844122767448 7.900570780038834 6.838122338056564 167.3730104863644 65.59423030912876 0.1141671389341354 148.5797174721956 94.36850354075432 669.7378012835979 209.615006685257 28.65725381672382 15.46850630640984 2103.683200262487 3.166798703372478 95.55702645331621 11.99390757828951 0 1.419925518333912 1.837737835943699 4.383629992604256 0 0.12818743288517 0 0.9582509472966194 0.387635625898838 22.74749807268381 2.880832806229591 0.7568644136190414 126.6614127606153 69.84707477688789 0.1500159353017807 58.37659405916929 10.13311222195625 41.76893727481365 15.99286544322968 3.769888117909431 0 32.06016830354929 12.60170096158981 1.153659328818321 39.55563159286976 24.05618849396706 13.80817521363497 169.3062317073345 298.2227417007089 140.344876691699 90.62551041692495 186.8254804983735 3.477658547461033 3.140703141689301 0 1.416884131729603 0 0 0.1409554928541183 0.1313650459051132 0 0 0.6585895642638206 0 2.88174906373024 0 0 0.3456386402249336 0.1011994704604149 0.5911693647503853 0 118.476184271276 12.74330770224333 0 8.534818023443222 0 144.6400901973248 12.49391386657953 145.6349368616939 23.26366127282381 3.884132772684097 0.1042335107922554 0.1856589466333389 0 5.968928188085556 0.6343793272972107 2.93633521348238 0 10.17401475459337 5.886844545602798 0 1.087707117199898 0.8609647825360298 1.518401823937893 1.387319572269917 6.077451474964619 5.052678823471069 0.693606473505497 29.85750135779381 39.28152614086866 1.586128041148186 1.689532026648521 26.18754100054502 90.50602235645056 94.31704284995794 1.266149125993252 2.218940600752831 0.6625783890485764 0.1061558201909065 0 0 0 0 87.5312817543745 14.37643789499998 0.5027643740177155 0.2119842916727066 0 39.66487677395344 3.01696366071701 25.71942050009966 37.51114093512297 21.22302433103323 14.60111946612597 15.1297652348876 2.374595060944557 0 0 0.3455840945243835 0.2989931702613831 0.2954615876078606 0.2054676711559296 0.4157920256257057 0 36.19614826887846 84.46123633533716 154.7532998323441 1611.658780030906 53.29528431594372 638.7164792716503 320.7380413860083 60.30751121044159 117.2398455217481 7.533113732933998 172.8989051431417 55.96886613965034 2.095822304487228 88.21835438162088 14.60444820672274 52.06408681720495 7.219918429851532 3.154818840324879 0.5397795885801315 52.50410528481007 8.117514863610268 144.5395509153605 108.2048266381025
