258.3566461056471 3668.724344402552 938.7839860245585 1034.508930116892 271.6792579367757 15.92256766557693 266.8059120848775 116.8999992087483 64.62055522948503 553.1215888783336 230.5391633585095 9.236429549753666 118.5680909007788 117.7726555615664 0 0.4358416646718979 0.1101217791438103 0 0.2544641196727753 0.9747699648141861 0.8511143773794174 0.1392266154289246 0 0.2515258938074112 0.3844219967722893 1.407650634646416 0.3579181134700775 1.400079548358917 0.7016040086746216 0 607.9524984285235 3.570564649999142 18.16402869671583 0.3672487512230873 0.8516721799969673 0.2913731783628464 3.160050570964813 1.432570204138756 1.348138891160488 2.114341996610165 0.2319827899336815 0.5882381573319435 1.479267686605453 0.1036354005336761 0.4277831315994263 0.389941081404686 35.17634933441877 0.2076817378401756 0.3242653757333755 0.3207848519086838 0.2063505798578262 0.3405966684222221 0.1199842840433121 0.8404922410845757 2.816789761185646 1.14508032053709 128.1040588989854 379.870539560914 17.31531615555286 22.2227696403861 0.1256996840238571 0.3911059945821762 0.163278803229332 4.277069501578808 1.118785433471203 0.557227611541748 0.2746385857462883 0.6691841781139374 1.235759265720844 2.069751106202602 1.203621484339237 0.3474887609481812 0.1268654465675354 62.58953202515841 7.484726913273335 3.249691277742386 1.792807124555111 0.1550396382808685 3.016490906476974 45.69681485742331 0 3.188252314925194 5.523336783051491 0 0.2754816636443138 0.4837257191538811 0.117767408490181 0 0 0 0.1077127829194069 0.4053180292248726 1.328672923147678 0.6529478952288628 0.6237049847841263 3.320482775568962 0.1353912353515625 0.8474347591400146 0.1607227176427841 1125.249181009829 0 0 4.64625358581543 0 1.555031061172485 3.881464287638664 0.9755863547325134 2.182755693793297 6.007683545351028 5.56602269411087 2.130954712629318 3.496515206992626 7.314503073692322 1.647731423377991 2.109925217926502 0.1055150181055069 0 0 0 0 0 0 0 0 0 0 0 0 0 0 0.5372437536716461 0 0 0 0 0 0 0 0 1.31098859757185 0 0.6901001483201981 0.7784419879317284 1.077380038797855 0 0 0 0 0 0 0 0 0 0 0 0 0.2177317664027214 0.4502517208456993 0 0 0.190135195851326 0 0 0 0 0 2.822063744068146 0.08918558061122894 0 0 0.1351916790008545 0 0 0 0 0 2.332908801734447 0 0 0 0 0.927624985575676 0 0.1089986562728882 0 1.403592348098755 0.08725620061159134 0 0 0 0 0 0 0 0 0 0 1.447237066924572 1.799591667950153 1.040444247424603 212.6803498342633 3.58312252163887 69.77977309376001 6.14289279282093 753.7351717352867 23.13022253662348 3.995577469468117 0.9537330269813538 5.868601463735104 0 0 0 17.41878342628479 0 0 0 1.266742587089539 0 181.4154242426157 0.2968726009130478
3668.724344402552 4187.763473637402 974.4722767844796 1742.184165284038 1737.641957119107 17.27717262506485 2756.969541974366 178.8954953700304 849.2090239748359 1981.903574377298 651.8806443214417 338.5288287550211 2055.018891960382 1484.677122920752 5.573910154402256 2.424786515533924 0.7089563608169556 0.8069036826491356 0 2.493342839181423 1.70846626162529 2.396038487553596 1.758158892393112 1.011546216905117 0.4045810848474503 3.190110266208649 0.7146681547164917 3.775168396532536 1.475222222507 0.48029625415802 1472.767245709896 27.56914630532265 47.12288299202919 0.9235757365822792 2.142968460917473 2.254248544573784 18.23226974904537 5.533538043498993 4.873021446168423 4.239174850285053 3.992266111075878 3.938337966799736 5.06842203438282 0.8584820479154587 0.6659363880753517 0 137.3790566027164 0.6799942255020142 1.308037273585796 3.635665632784367 1.203634798526764 2.652692198753357 0.3106036707758904 4.219700857996941 8.37356198579073 6.227960772812366 258.6048223823309 966.6457779854536 45.61468917876482 81.7942588403821 0.1101987287402153 2.129897475242615 0.6932814419269562 84.61724797636271 5.100602939724922 0.7783591821789742 1.194784194231033 2.159071192145348 5.943035908043385 5.935420140624046 34.1010872349143 4.571666896343231 0.1285904794931412 270.3267865106463 45.16336200386286 36.64746803790331 17.69321133941412 1.141299903392792 0.3874180614948273 46.01336120814085 0.845675490796566 8.289427757263184 24.98240847140551 0.4454387277364731 0.5539371892809868 1.772611021995544 1.657329708337784 0.1272308230400085 0.4226118475198746 0.3308765441179276 1.005144990980625 0.275428906083107 5.042750045657158 2.283701553940773 0.7618330270051956 24.41767457127571 5.379528924822807 0 1.515959307551384 747.1826076880097 0.0936758816242218 2.505147039890289 6.712021932005882 1.284094095230103 3.80104123800993 20.85935237258673 0.6509710103273392 11.66263317316771 14.58293084800243 6.093148998916149 9.773909673094749 28.67508041113615 27.09375837445259 15.26580069959164 16.2278226390481 0.4165305346250534 0.2674703821539879 0 0 0 0 0 0.2659482955932617 0 0.1490269005298615 0.3839147537946701 0 0.6143961772322655 0 0.09129994362592697 0.1797092407941818 0 0.526111789047718 0 1.381217829883099 1.58242492377758 0 0.3469889461994171 0 11.37900680303574 0.5629664063453674 12.55166744440794 3.654213726520538 2.606442861258984 0.4679517447948456 0 0.1981703788042068 0 0 0.3607892394065857 1.940523236989975 0.1340927481651306 0.2178317978978157 0 0.159993976354599 0.3969481885433197 0.7324095219373703 0.6192934736609459 0.1363000273704529 0 0.1996721923351288 0.5221068188548088 0.269000455737114 0 0.2441059574484825 0 9.747683823108673 0.4270070493221283 0 0 0 0 0 0 0 0 21.12302383035421 0.1314441412687302 0 0 0 9.216445758938789 0.7070291340351105 7.989062316715717 0.3173120394349098 1.182255119085312 0.5383551716804504 0.2157143577933311 0.2572419121861458 0 0.3009732812643051 0 0 0 0.1586538106203079 0.1081940680742264 0 12.70830088108778 6.969573177397251 6.339121282100677 393.805417098105 16.44010281562805 348.2196918725967 41.67586666345596 670.6030591353774 45.53199739009142 3.066984817385674 19.15069978684187 8.309038288891315 0.09293392300605774 1.640240795910358 0.5724736079573631 18.2458526045084 0.2159349173307419 0.2737893536686897 0 41.14948280155659 2.031791359186172 70.51183626055717 8.935986734926701
938.7839860245585 974.4722767844796 1057.263732664287 110.1875702887774 727.2885066047311 2.405858874320984 33.56812708079815 1755.203087709844 286.5969422012568 65.28886684030294 4206.722746357322 21.71134525537491 117.7488619685173 1128.334727860987 6.898719571530819 3.790913961827755 3.769690811634064 5.180347509682178 2.293460071086884 39.47399742901325 19.54625426977873 4.866590544581413 12.17379225045443 12.44181651622057 2.774130642414093 13.94831208139658 3.010425105690956 16.14114851504564 3.216377653181553 0.5009789243340492 2491.834994502366 948.7024597227573 205.6800883412361 19.90031424164772 14.38005468249321 16.56304781138897 27.77257915586233 18.3224146142602 14.94547981023788 10.28563427180052 17.98488467186689 31.9064085111022 57.74870343506336 3.372806414961815 6.828407935798168 14.58175558596849 155.0685174539685 3.240482360124588 5.160158008337021 26.82623463124037 8.771888740360737 6.066121608018875 2.48050394654274 19.71013416349888 6.683719158172607 4.18160755187273 119.4767631813884 614.3116649910808 25.6119983792305 50.07686165720224 17.38499273359776 13.86878105252981 25.77272195369005 553.5448548048735 4.48521626740694 10.4995458573103 6.427033297717571 19.68863444030285 51.38470947742462 57.59896546602249 36.45413471013308 8.696745865046978 0.7595678344368935 176.0022228360176 46.12530253827572 52.44271201640368 35.72415158897638 5.573100417852402 61.9516264796257 1004.723479941487 25.97058033943176 329.7055640816689 23.45762120187283 0 4.501718416810036 3.190768606960773 10.23986220359802 0 1.117540113627911 0.7711008712649345 2.201035186648369 1.863636292517185 38.94003783166409 10.00457398593426 7.510487847030163 16.2747335806489 7.635696537792683 0.3785572052001953 4.256541185081005 214.6187271773815 0.09361834824085236 0 1.508305549621582 0.635400116443634 1.073738411068916 4.747399762272835 0.1576522290706635 2.860390953719616 2.077128291130066 0.6347493827342987 4.314691878855228 8.248544447124004 5.707553893327713 6.949227556586266 11.20297048985958 0.4305075034499168 0.4251959100365639 0 0 0 0 0 0.1381070017814636 0 0 1.684246823191643 0 1.034926995635033 0 0 1.767286859452724 0 1.255272746086121 0.1184731721878052 0.7710356861352921 0.3594857752323151 0 1.437924861907959 0.8495507538318634 13.05371053516865 0.45672507584095 12.67228478193283 11.51633919775486 8.575565554201603 1.484902955591679 2.393195524811745 0 0 0.4350259378552437 0 1.14093080163002 0 0.682820238173008 0 0 0.1599985510110855 2.900065198540688 7.574091590940952 0.2030135616660118 0 0.1261989176273346 0.1724864318966866 0.6660018190741539 0 0.255455806851387 0.6460078060626984 12.09525851905346 0.3435740768909454 0.0950184240937233 0 0 0 0 0 0.1172884553670883 0.5306018441915512 18.05754644423723 1.218171693384647 0.3370581269264221 0.07225436717271805 1.018644154071808 6.573614522814751 0.1623158156871796 7.384455598890781 0.1671692058444023 0.5680688098073006 0 0.4179197773337364 0.228570468723774 0 0.1038288176059723 0.09757208824157715 0 0 0.2163019329309464 0.1267436593770981 0.4218453094363213 7.837995693087578 9.717533990740776 15.61692560464144 521.4574478939176 27.47512800991535 419.6508105546236 55.56439279764891 330.5035797804594 42.23553813993931 1.6778878942132 28.77983065694571 7.694818690419197 0.6228532791137695 1.832338623702526 1.71755687892437 7.12677988409996 0.1844328641891479 0 0.09152992069721222 5.742973133921623 0 29.25298245996237 7.780116513371468
1034.508930116892 1742.184165284038 110.1875702887774 403.3098592832685 387.9567726925015 92.35334974527359 877.1760767996311 3.376023955643177 88.70696440339088 2788.519271418452 219.2339173406363 102.635013282299 1245.761066347361 113.2602193281054 0.2103311493992805 0.09426972270011902 0 0 0 0.0787300243973732 0 0 0 0 0.2854982912540436 0 0 0 0.7305284738540649 0 105.1510298848152 1.911304980516434 0.2582797184586525 0 0 0 0.5390773415565491 0 0 0 0 0 0 0 0 0 34.03692089021206 0.2319507375359535 0 0 0 0.1217619851231575 0 0 2.480413034558296 1.390613913536072 89.10660590231419 232.9989979937673 13.5952016338706 21.30459029972553 0.09933715313673019 0 0.2480644732713699 10.92163462936878 0.9222306907176971 0.3792306482791901 0 0.08830206841230392 0.4299535378813744 0 1.47766150534153 0 0 75.64170733094215 7.093864098191261 3.629519462585449 1.776583045721054 0 0.2024473994970322 1.18389293551445 0.1082076206803322 0.2229377254843712 6.210586860775948 0.1513463705778122 0.196561835706234 0.8407237976789474 0.08065935969352722 0 0 0 0 0 0 0 0 5.08415861427784 1.901096820831299 0 0 516.1253658086061 0 2.981563448905945 4.966693714261055 0.9082075655460358 1.093588680028915 13.82013658434153 3.165514752268791 10.42574816197157 18.15581249445677 10.55090705305338 4.892814584076405 17.7200371325016 15.30592413246632 7.066001310944557 7.423305302858353 0 0 0 0 0 0 0 0 0 0.1186867654323578 0 0 0 0 0 0 0 0 0 1.020216770470142 0 0 0 0 0.889991506934166 0 0.7254941761493683 1.165714144706726 0.1703939437866211 0 0 0 0 0 0 0 0 0 0 0 0 0 0 0 0 0 0 0.5189777612686157 0 0 0 1.526770912110806 0.1833688169717789 0 0 0 0 0 0 0 0 5.923164457082748 0 0 0 0 1.271456182003021 0.4359318315982819 0.7010574191808701 0 0.5040867701172829 0 0 0 0 0 0 0 0 0 0 0 4.062137946486473 0.1375131011009216 0.9924564957618713 255.4088872298598 2.238202698528767 56.42417347431183 3.072477228939533 1188.721397794783 13.25613106042147 1.039477907121181 1.496401503682137 4.10063698142767 0.1375669538974762 0.3564008921384811 0 50.54729153215885 0 0 0 0.7047039270401001 0.7736198902130127 157.2118864879012 4.079464912414551
271.6792579367757 1737.641957119107 727.2885066047311 387.9567726925015 927.2998439967632 6.835314095020294 592.8732181191444 364.0998957976699 2254.55845157057 1353.554779626429 1003.878657184541 455.7553873360157 1543.196989744902 3022.663028925657 4.286607839167118 0.8968499451875687 0.1374732404947281 0.2133050262928009 0 1.568702846765518 1.377153515815735 1.45554281771183 0.2996364831924438 0.9309575334191322 0.2974542230367661 1.418116211891174 0.1605421751737595 2.363208435475826 1.398070082068443 0.2414322197437286 271.1442163437605 15.78693398088217 32.46594375371933 0.9799181446433067 0.6585228443145752 0.1636574119329453 14.72876241803169 2.623776562511921 2.865652672946453 2.174810834228992 0.8493206799030304 1.797024175524712 2.729037806391716 0 0.1471478343009949 0.3739745989441872 69.7654399946332 0.6900607049465179 0.3012915551662445 1.502491489052773 1.343985944986343 0.9941546991467476 0.4462687820196152 2.862066768109798 3.010952174663544 2.574014909565449 53.92031051963568 196.7648621499538 12.2182129919529 23.93161560595036 0.7092605382204056 3.635310709476471 0.3816992342472076 46.51399395614862 0.7061616852879524 0.628584124147892 0.7562490478157997 1.831695415079594 4.524239972233772 5.201590150594711 39.76890617609024 0.4477861821651459 0 89.73745509237051 18.35568332672119 27.18461811542511 14.6106198951602 1.863551676273346 0.2539990842342377 26.57579705864191 0.5025342777371407 5.085091568529606 7.56972698867321 0.2283728271722794 1.016401648521423 0.8393478840589523 0.1038256213068962 0 0.1208297312259674 0.3310357630252838 0.889642171561718 0.1317813843488693 4.017361328005791 1.08832098543644 0.1777128726243973 44.6571142822504 4.816612668335438 0 0.557919055223465 50.83758456259966 0.5787751153111458 0.1806173175573349 7.406589806079865 2.139808163046837 4.038472220301628 24.98056361824274 1.318166881799698 16.47265404462814 15.95554945617914 13.10157017409801 12.75684635341167 32.41415947675705 28.08233949542046 27.73168321698904 19.27870593965054 0.3825747445225716 0.09376423060894012 0 0 0 0 0 0.1850375384092331 0 0.1613610982894897 0.3735344409942627 0 0.3701502978801727 0 0 0.3551467657089233 0 0.7191576659679413 0 0.665295735001564 0.1248933076858521 0 0.1800412237644196 0 13.74469883739948 2.009254217147827 10.55611986666918 3.453016810119152 0.811913937330246 0 0 0 0 0 0 0 0.4458153545856476 0.2404720261693001 0 0 0 0.5285031795501709 0.6618708223104477 0 0.0781947523355484 0 0.6408443972468376 0.4229317307472229 0 0.601115420460701 0.4377484917640686 11.20510472357273 0.7025924772024155 0 0.0940747931599617 0 0 0 0 0 0.1229773685336113 28.29082638025284 0.2607833445072174 0.24627735465765 0 0.1317339539527893 14.95386249572039 2.783228889107704 8.050570577383041 0.195348858833313 0.3316373974084854 0.4377694055438042 0.1209748983383179 0.1231156513094902 0 0.1023483574390411 0 0 0 0 0 0 17.02407678216696 5.475216306746006 8.241249650716782 253.6529341191053 7.56297492980957 197.1506498679519 25.21804624795914 163.4777839630842 16.18487170338631 0.8742160648107529 15.0911256223917 7.126429796218872 0 3.483917616307735 0.2585975453257561 15.51111800223589 0.5605233982205391 0 0 3.751481086015701 0.0953211635351181 53.834697060287 7.33968497812748
15.92256766557693 17.27717262506485 2.405858874320984 92.35334974527359 6.835314095020294 1.646086275577545 16.91573338955641 11.05420273542404 1.142714291810989 253.9471977800131 17.9216970205307 54.69342604279518 35.95392972230911 5.101022481918335 0 0 0 0 0 0 0 0.2937492430210114 0 0 0 0 0 0 0 0 1.954432487487793 0 1.829250514507294 0 0 0 0.9142050445079803 0 0.7550286203622818 0.1520629972219467 0 0 0 0 0 0 0.656697541475296 0 0 0 0 2.49839223921299 0 0.7869976609945297 0 0 25.49762667715549 3.403844684362411 0.9081033766269684 0 0 0.2638703584671021 0 0 0 0 0.1216792538762093 0 0 0 10.14430253207684 122.5533127486706 3.158285908401012 0.3258142545819283 0 0.1998228877782822 0 0 0 0.659768134355545 0 0.7237953245639801 0 0.1166298165917397 0 0.1785567030310631 0 0.8147233501076698 0.7330500259995461 1.439522862434387 0.09802009910345078 0.1482296288013458 0 0 0 73.85429905354977 43.24786056578159 13.66491574048996 4.891842484474182 469.0295229256153 0 3.240446925163269 1.860986828804016 1.391846656799316 0 9.093601152300835 0.3259370028972626 3.358253598213196 4.990565180778503 6.444186583161354 1.103419452905655 5.517524756491184 4.949662290513515 3.709095299243927 1.060059428215027 0 0.08078818768262863 0 0 0 0 0 0 0 0 0 0 0.1284208297729492 0 0.1613701730966568 0 0 0 0 0 0 0 0 0 1.121861219406128 0 0.2654190808534622 0.7233461067080498 0.1093451157212257 0 0 0 0 0 0 0 0 0 0 0 0 0.7065116614103317 0 0 0 0 0 0.0883781835436821 0 0 0 0.1250351518392563 0 0 0 0 0 0 0 0 0 1.000709883868694 0.6735728979110718 0 0 0 0 0 0.7137461304664612 0 0.110195130109787 0 0 0 0 0 0 0 0 0.1268764585256577 0 0 0.6892396360635757 0.7787831053137779 1.568024858832359 17.22482228279114 0 1.070991531014442 0 99.62036269903183 1.751829996705055 0 0 0.09241209179162979 0 0.1947523728013039 0 22.3698211312294 0 0 0 0 0 84.62697910517454 4.984382137656212
266.8059120848775 2756.969541974366 33.56812708079815 877.1760767996311 592.8732181191444 16.91573338955641 659.5109777152538 12.97328185290098 479.6865840777755 2237.729556836188 81.53547802567482 731.575871810317 4440.713207013905 1207.36936493963 1.95209988951683 1.224423289299011 0.4666599780321121 0.2531023919582367 0 1.436680927872658 0.588538371026516 0.3211880922317505 0 0.4232573658227921 0 0.5531065762042999 0 0.6706369966268539 0.5740086585283279 0 134.2730823308229 10.12432885915041 27.8231213092804 0.2975169718265533 0.1100794449448586 0.4277504533529282 17.32254043966532 1.559352658689022 2.142643615603447 1.001450225710869 0.7495241463184357 2.312381125986576 1.722590312361717 0.334485337138176 0.3335968255996704 0 55.95991932600737 0.1090134605765343 0 1.020798310637474 0.1887255534529686 0 0 1.184020109474659 3.200344294309616 1.952748402953148 57.59315129369497 180.7163499593735 11.27404455840588 24.92658292502165 0.2664024755358696 2.461272910237312 0.1210938021540642 33.68959758430719 0.9759709239006042 0.5704765841364861 0.1351748406887054 0.3965834230184555 1.258807197213173 1.613156735897064 50.86762573570013 3.738876633346081 0.1368152797222137 80.26397845894098 15.32941342890263 15.06954189389944 12.8565883114934 0.9888240098953247 0.09382038563489914 13.74151510745287 0.8364245295524597 2.41186111420393 10.20881855487823 0.4118492901325226 0.2904102131724358 0.4909723624587059 0.521403431892395 0 0 0 0.1148711666464806 0 3.249635778367519 0 0.1632144153118134 99.93215830624104 6.125242859125137 0 1.17070010304451 96.37266325205564 1.099969230592251 1.531885504722595 14.64996474981308 2.830100670456886 5.514534085988998 45.58372392505407 0.7597324252128601 28.78830555826426 36.55992187559605 29.38105230033398 20.45051501691341 70.08794502913952 57.0077691078186 37.93828465044498 36.57386118918657 0.4759224876761436 0.1698930412530899 0 0 0 0 0 0.133231520652771 0 0 0.1629262715578079 0 0.2286284118890762 0.1286768168210983 0 0.6101392954587936 0 0 0.1712499260902405 2.818908981978893 1.154620587825775 0 0 0 17.78149200230837 0.6278713941574097 15.33161419630051 4.285705782473087 1.041026070713997 0 0.1262554526329041 0.1042121052742004 0 0.4810454994440079 0 0 0.2171270698308945 1.041822135448456 0.08693715929985046 0 0 0.3014868497848511 0.4152927398681641 0.1000907719135284 0 0 0.5819162279367447 1.052049957215786 0.1060199365019798 0 0 19.85823001712561 1.180773183703423 0 0.1525623947381973 0 0 0 0 0 0.09537246823310852 39.8033744841814 0.177023783326149 0.2298184484243393 0 0 21.1588074862957 1.123954437673092 9.084174156188965 0.7028573751449585 1.637660019099712 1.13606520742178 0.3139467462897301 0.2171553894877434 0 0.1061544865369797 0 0.2711513340473175 0 0 0 0 29.67947521060705 8.852486565709114 9.638338059186935 266.961924649775 4.941200062632561 175.9948015734553 24.96818871051073 402.8466653004289 16.52564775198698 1.231649734079838 11.94625972211361 8.451341219246387 0.1300996690988541 4.646443329751492 0.5227706432342529 33.38726585358381 0.3082891926169395 0 0.08827608823776245 4.460028648376465 0.8102386593818665 128.7760336920619 20.457704000175
116.8999992087483 178.8954953700304 1755.203087709844 3.376023955643177 364.0998957976699 11.05420273542404 12.97328185290098 1905.725376754999 137.7404354140162 68.51711695641279 2690.085132613778 2.768749751150608 34.54255436360836 218.8688651248813 12.55431027710438 6.068442396819592 3.67540580779314 9.269052185118198 2.104586407542229 72.73323360085487 33.3612899929285 2.713582791388035 29.76080881804228 33.18705791980028 4.562520183622837 19.38233759999275 4.280644789338112 22.08193536102772 3.753090910613537 0.6833657026290894 1422.002442315221 2742.329052880406 139.5140885710716 39.19780869781971 43.80650872737169 46.99769303202629 15.70897547155619 28.08606276661158 5.987226910889149 8.857772327959538 31.01832515001297 41.46170009672642 86.9445426017046 12.68300192803144 13.10968753695488 36.63869736343622 158.96999104321 3.788432449102402 4.958466060459614 36.33526329696178 17.0435703843832 7.078208394348621 1.482500210404396 24.30531580001116 3.904746063053608 3.204808346927166 88.45641276240349 608.1189071908593 19.86946132779121 37.41015022993088 74.70450949668884 20.93871205300093 68.13745160400867 650.4256871715188 4.30257947742939 13.29187353700399 8.401106037199497 23.07201939076185 78.01986126601696 87.02989156544209 17.34388683736324 3.783119939267635 0.4557328075170517 148.9490606933832 122.0045585334301 75.77051924169064 100.6496490240097 56.57982038706541 588.5146177336574 2512.5714257285 125.8485313877463 1518.887996770442 17.56585285812616 0.5134496241807938 7.061517342925072 3.353342525660992 13.11672973632812 0.1238787621259689 0.523450180888176 0.6999581307172775 4.308607675135136 2.341659672558308 54.53634166717529 17.97663766890764 9.319048710167408 10.39467254281044 5.121146224439144 0 4.314899258315563 73.65293287485838 0.2345778271555901 0 1.50063456594944 0 1.329737216234207 4.209262572228909 0.1086468547582626 2.541512489318848 0.9931721314787865 0.456344798207283 1.224164433777332 3.930868878960609 3.872410759329796 3.220718592405319 6.331148363649845 1.026889152824879 0.5214748159050941 0 0 0 0 0.1283469945192337 0.171342745423317 0 0.3062683045864105 1.803523406386375 0 0.8112975358963013 0.8504076898097992 0.3645277470350266 0.9946567267179489 0 2.909350648522377 0.1389874964952469 0.8969936519861221 0.5973987132310867 0 1.007698774337769 0.1603473722934723 6.352562047541142 1.076185412704945 11.40422123670578 11.88865345716476 7.055692821741104 1.756240874528885 1.037706628441811 0.3334542810916901 0 0.3862264156341553 0.5126712918281555 1.154483243823051 0 0.6281294375658035 0 0 0.8205591365695 3.188609935343266 5.144277147948742 0.1277666091918945 0 0.08739646524190903 0.4506922140717506 0.4067335873842239 0 0.8618228882551193 2.398784548044205 6.877446994185448 0.1980064511299133 0 0 0 0 0 0 0.2299941256642342 0.6208291351795197 11.18720203638077 0.2980587184429169 0.8479631245136261 0 0.5498821511864662 4.154337994754314 1.288770750164986 6.346558265388012 0.6402715966105461 0.3778109326958656 0.1777838915586472 0.3164092376828194 0.1700653359293938 0.1308943331241608 0 0 0.09171910583972931 0 0.428773358464241 0.4366021305322647 0.2845948934555054 2.034827582538128 7.70831997692585 10.45341800153255 593.480063855648 32.7784289047122 458.1110925897956 76.50706445425749 275.4512469545007 40.29667207598686 1.656943559646606 36.08155100047588 8.930131688714027 0.1743334531784058 2.665585406124592 0.101738415658474 9.057879768311977 0.1110155284404755 0 0 15.35882276296616 1.229780435562134 21.76819717884064 4.538784459233284
64.62055522948503 849.2090239748359 286.5969422012568 88.70696440339088 2254.55845157057 1.142714291810989 479.6865840777755 137.7404354140162 522.3430438488722 189.68721139431 1198.362588137388 83.57481317222118 708.6573779881001 1355.914747573435 0.9330707937479019 1.089663803577423 0 0.556194856762886 0 1.55872667580843 1.776838526129723 0.7295916527509689 0.8061718046665192 0.802278533577919 0.1067151427268982 2.387513130903244 0.1817698776721954 0.39898681640625 0.38454919308424 0 109.0286006107926 6.890051603317261 29.59415885806084 0.6715072840452194 0.5698639750480652 0.9634765684604645 12.92202305048704 3.487286970019341 3.832690060138702 3.038338653743267 1.430988684296608 2.378590635955334 0.7402148321270943 0.1659442186355591 0.1339689791202545 0.3081140369176865 24.74509827792645 0.4946635365486145 0.210873931646347 1.013389401137829 0.2571035623550415 1.274780966341496 0.7254397496581078 0.9057602062821388 1.471244677901268 0.5419878959655762 23.72353053838015 76.06912051141262 4.909684292972088 11.16178842633963 0 0.7135995626449585 0.7679339051246643 15.64502168446779 0.5712397918105125 0.1932365521788597 0.566343754529953 0.2544426918029785 2.922916516661644 2.362829014658928 17.8010169416666 0.8423031121492386 0 30.95821735262871 10.85046581923962 13.96926745027304 8.336023941636086 0.5196872800588608 0.2931031286716461 28.69017426669598 0 3.038797579705715 4.890274673700333 0 0.375512532889843 0.3153772950172424 0.1380740106105804 0 0 0.2849994897842407 0.2434031069278717 0.3149064481258392 1.872190646827221 0.6987132355570793 0.1198092699050903 26.24723523855209 2.747151046991348 0.3915045559406281 0.2969068884849548 15.82235734164715 0 0 2.060024842619896 1.080646991729736 0.5749060362577438 10.57259897887707 0 7.624958179891109 12.69731815159321 5.57663256675005 5.851544722914696 16.98473002016544 15.44263583421707 14.73431587219238 13.55443738400936 0 0.3882536664605141 0 0 0 0 0 0 0 0 0.26969113945961 0 0 0 0 0.5175277441740036 0.2716852426528931 0 0 0.6935378238558769 1.256785109639168 0.1304311752319336 0.6107176542282104 0 7.034548617899418 2.17075227946043 6.516558066010475 2.595488399267197 0.8093951568007469 0.3040317595005035 0 0 0 0 0 0 0 0.3961934894323349 0 0 0.1530140787363052 0.2850441485643387 0.3456573188304901 0.07347749173641205 0.08993843197822571 0 0 0.5335184559226036 0 0.9054428935050964 0 8.279284901916981 0.2003719657659531 0.08059031516313553 0 0 0 0 0 0 0.1266621202230453 15.28437016159296 0 0.1443534940481186 0 0.2055053263902664 6.710502006113529 0.4591507464647293 3.760306634008884 0.2878972962498665 0.2340896427631378 0.1734466329216957 0 0.1085663512349129 0 0 0 0 0 0 0 0 6.609894491732121 4.699847392737865 3.474444627761841 115.2376787140965 2.483070805668831 81.46445076167583 13.64031303673983 56.99507860094309 7.517495334148407 0.8178709149360657 6.46000961214304 3.742337636649609 0.632267527282238 1.270372122526169 0.4633100554347038 5.105919569730759 0 0 0.6047921404242516 2.626522481441498 0 24.62864867597818 6.183111175894737
553.1215888783336 1981.903574377298 65.28886684030294 2788.519271418452 1353.554779626429 253.9471977800131 2237.729556836188 68.51711695641279 189.68721139431 3502.087068535388 582.1036322638392 2487.395524583757 6018.976108439267 868.2806000337005 2.572083428502083 0.3299139142036438 0 0.08131778985261917 0 0.8946577832102776 0 0.1477451473474503 0 0.1102227345108986 0.1237554624676704 0.3665987253189087 0 0 0 0 237.6996100693941 8.347551554441452 85.15594469755888 0.2157158255577087 0 0.4982463121414185 86.34767567366362 1.169423013925552 2.946901932358742 0.6480260267853737 0 0 0.997552827000618 0.1111560240387917 0.09543372690677643 0.2847295477986336 85.62424275279045 0.9902881681919098 0 1.006863720715046 0 0.4791573882102966 0 0.565043568611145 4.810268238186836 1.916905827820301 94.8189053684473 240.3599130138755 19.74704767018557 41.59562658518553 0.07814919203519821 1.394487380981445 0.7954276353120804 47.50061095505953 2.219862498342991 0.3485009968280792 0 0.9092734679579735 1.154921144247055 0.4458258375525475 474.7356214523315 4.357743978500366 0.1081844642758369 117.0669223293662 21.37265617400408 22.77359404414892 8.884862683713436 1.218614883720875 0 19.368626922369 0.4443184658885002 4.618410147726536 14.36292331665754 0.1259446293115616 0.7916935160756111 0.8726986199617386 0.204931452870369 0.0868297666311264 0.1251961439847946 0.1296921819448471 0.4079936444759369 0 1.286400362849236 0.121433213353157 0.1304172724485397 407.6644296497107 58.6320568472147 0 1.169210761785507 355.7373366802931 2.889764957129955 8.607859149575233 85.83693198114634 15.30064095556736 20.78695998340845 192.1456502526999 20.66393341124058 110.7945028170943 159.4862752109766 127.6389882564545 54.33848413825035 243.3151353523135 234.9344558119774 151.1833315715194 108.5292052775621 0.9498565271496773 0.4438386186957359 0.0969952791929245 0.0775420144200325 0 0.1423593014478683 0 0.169939711689949 0 0 0 0 0 0 0 0.5129198431968689 0 0 0 9.091446608304977 1.65709313005209 0 1.034514367580414 0.2229816466569901 48.85309859365225 3.512453593313694 25.8249082788825 11.66907461732626 2.844111680984497 0.1138846352696419 0 0 0.3015141263604164 0.7889008596539497 0.1039751470088959 0 0.6078994795680046 1.933670416474342 0 0 0 0 0.5936216115951538 0 0.5120780318975449 0 1.600833356380463 3.447137586772442 1.521256878972054 0 0.3228560090065002 41.67046163231134 4.085800066590309 0.09452067315578461 0.1660344898700714 0 0 0.1210617944598198 0 0 0 129.5316488593817 1.541313767433167 0 0 0 56.62042331695557 4.621946722269058 30.14012439548969 1.623480409383774 2.069990590214729 0.5774189010262489 0.4229747653007507 0.4836710542440414 0 0 0 0 0 0.2054876387119293 0 0 94.01664123684168 24.08653803914785 20.36042718589306 741.4089645892382 9.390748418867588 224.9031632766128 27.81272403895855 2111.257913351059 28.32357539236546 1.431359522044659 21.18640542775393 22.9890398606658 0.2687623649835587 9.21536573767662 0.9416952505707741 257.5493726655841 0.7882406413555145 0.2761786729097366 0.09635335206985474 10.83661893010139 0.3314006328582764 902.0021852850914 64.74419648200274
230.5391633585095 651.8806443214417 4206.722746357322 219.2339173406363 1003.878657184541 17.9216970205307 81.53547802567482 2690.085132613778 1198.362588137388 582.1036322638392 2665.021874278784 104.9686175882816 602.1535071507096 3097.389623768628 9.416589334607124 6.543709009885788 1.781342037022114 2.410462729632854 0.1622407585382462 12.23311403393745 12.34618370234966 11.27605347335339 5.35381069034338 10.52437071502209 3.288454383611679 28.7694628611207 2.763578660786152 24.48381447046995 8.958592660725117 0.2512938007712364 920.547063216567 108.7503513097763 388.8992261514068 3.494938895106316 8.770435743033886 13.9395240470767 122.9164441749454 58.72813077270985 48.9560042321682 39.58766030520201 14.71991105377674 18.50873623043299 13.44481564313173 2.23904225975275 0.7098338827490807 1.297038994729519 71.5173921957612 2.58782435208559 4.175983980298042 12.57131280004978 6.905222229659557 11.87655604630709 4.424887932837009 13.60699835419655 1.759689912199974 1.766090326011181 39.73171416670084 222.8396737650037 7.403298638761044 17.2201182320714 0.7629250213503838 30.81733252853155 7.018871486186981 90.78374789655209 1.381834082305431 3.40567471832037 3.614007234573364 6.325872413814068 27.8936931937933 26.56973788142204 48.71340123564005 7.333132423460484 1.75440726429224 66.38945126533508 20.09838236123323 33.36842537671328 24.5640876442194 3.836801342666149 63.13191026449203 1098.177616246045 0.668252170085907 126.661313071847 6.89381517469883 0 1.427236348390579 2.411389514803886 4.398044928908348 0.8813969120383263 1.637179903686047 1.46548692882061 3.842308908700943 3.088357396423817 24.92567128688097 11.30311082303524 2.838172473013401 17.46707231551409 9.273143790662289 0.1233807131648064 6.197651207447052 100.6316703408957 0.2397499158978462 0 2.997254319489002 0 1.840251237154007 9.031496942043304 0.1343798786401749 5.877658002078533 4.714696310460567 5.015776559710503 6.611270003020763 13.45573494583368 12.61461663991213 17.50246530771255 17.06526247411966 0.5833827406167984 0.6582314446568489 0.1688271388411522 0.2309729158878326 0.1013023629784584 0 1.042805641889572 0.1455741077661514 0 0.377436637878418 3.920706763863564 0 1.095073349773884 0.5242304503917694 0 2.917748719453812 0.825020469725132 3.39592257887125 0.2477972358465195 1.001794971525669 0.9777833893895149 0 0.5817463099956512 0.1232123002409935 16.42592723667622 5.290897957980633 16.97695695608854 14.58683036267757 7.160874024033546 1.966969162225723 0.5823264122009277 0.2438539415597916 0.1895074248313904 0.1481887996196747 0.5226492285728455 0.8133900165557861 0.1577360033988953 0.7551291286945343 0 0 0.7090294510126114 5.09943462908268 7.42000724375248 0.1645021587610245 0 0 0.7808728516101837 1.124763458967209 0 2.805712856352329 0.9812860637903214 19.40160121023655 1.447810724377632 0.1812258213758469 0 0.1520873755216599 0 0.1275647431612015 0 0.2687499225139618 0.5570273995399475 22.15003057569265 1.786331966519356 1.271262608468533 0.130008652806282 0.7725324779748917 11.43348411470652 2.966438256204128 12.55688647180796 0.3455155491828918 1.789653845131397 0.3300267159938812 0.6239314824342728 0.5756373554468155 0 0 0 0 0 0.1159066036343575 0.2700977474451065 0.3317119181156158 10.56314396858215 12.47562067955732 17.85181245952845 406.3586714342237 18.00131261348724 233.7621726766229 58.15773586183786 150.6595529764891 25.15653982758522 0.8222968131303787 26.22081650793552 10.45078413933516 0 2.756127990782261 0.7014655992388725 8.008034363389015 0.08468979597091675 0 0.5458512976765633 10.22521518170834 3.311860650777817 18.37240251153708 9.022986277937889
9.236429549753666 338.5288287550211 21.71134525537491 102.635013282299 455.7553873360157 54.69342604279518 731.575871810317 2.768749751150608 83.57481317222118 2487.395524583757 104.9686175882816 161.7889220565557 1610.13961353898 542.2628841623664 2.102614760398865 0.3920986577868462 0.1317345350980759 0.3600859045982361 0 1.000419922173023 0.141974613070488 0.9649168848991394 0 0 0.1200831457972527 1.163110956549644 0 1.905464150011539 0.1933983713388443 0.2513970509171486 6.031635537743568 2.610041990876198 49.79414291679859 0.6907931417226791 0 0 67.36257656663656 2.901425205171108 6.600911967456341 2.367161825299263 0.8311756998300552 0.5372032970190048 0.5350436940789223 0.247902050614357 0 0.1270959824323654 10.40761210769415 0.1283584833145142 0.1687601506710052 0.3739238530397415 0.2366964742541313 0.6765211373567581 0.8503983169794083 1.375146463513374 0.2758243829011917 0.2549250274896622 2.362333469092846 10.78861786425114 0.972209706902504 1.247186131775379 0.1126629188656807 3.582066670060158 0 4.289442889392376 0 0 0.1177742704749107 0 1.079410433769226 0.7682078927755356 88.27199855446815 1.038866311311722 0.2838514670729637 5.513757362961769 1.691465795040131 4.970649093389511 1.615065261721611 1.066691339015961 0 14.86543507874012 0 2.008943155407906 0.3989519625902176 0 0 0.1451779305934906 0 0 0.1342016458511353 0 0.1264505684375763 0 1.186405956745148 0.399980291724205 0.5849210917949677 703.1459092050791 33.62811190634966 0 1.330147251486778 8.793804794549942 1.78679883480072 4.767130494117737 28.3826652765274 0.6603111028671265 14.27245732396841 97.00458336621523 3.712307199835777 66.171347476542 88.98741790652275 66.78303540498018 39.31002319604158 159.3659236729145 152.470621548593 117.4002898335457 83.58520101010799 0.9252876415848732 0.3675331622362137 0 0.09568222612142563 0 0 0 0.1174169778823853 0 0 0.1222751513123512 0 0.2858102917671204 0.2223530113697052 0.6768142357468605 0 0.164760947227478 0 0 6.18087612837553 1.365488499403 0 0.1108207404613495 0 40.00342833250761 0.8020768612623215 21.49608071893454 5.103861913084984 0.7528351470828056 0.3066828846931458 0 0.09611964970827103 0.1425423622131348 0 0 0 0.2619938403367996 0.7606863602995872 0.09289105236530304 0 0 1.299386702477932 0.1358576267957687 0 0.08453116565942764 0 1.073040276765823 2.307737171649933 0.08330002427101135 0 0.1137618646025658 32.8042770549655 2.651089921593666 0 0.07364562898874283 0.07905429601669312 0 0 0 0 0.199254609644413 107.3015903756022 1.684499077498913 0 0 0.1526417881250381 46.29837761819363 1.090717867016792 19.85885339975357 1.1582305803895 2.654666222631931 1.223802544176579 0.9813298434019089 0.6888576671481133 0 0 0 0 0 0.1310228258371353 0 0 93.13864963501692 19.41736304014921 16.44421013444662 71.41297274082899 0.7232798039913177 29.93125730007887 10.53169256448746 204.0338492840528 1.776425644755363 0 4.860233768820763 16.7144340723753 0 7.429955072700977 0.7414751946926117 69.44760882109404 0.2522895559668541 0 0.5270997732877731 1.715092882514 0 558.4597796201706 64.5067885145545
118.5680909007788 2055.018891960382 117.7488619685173 1245.761066347361 1543.196989744902 35.95392972230911 4440.713207013905 34.54255436360836 708.6573779881001 6018.976108439267 602.1535071507096 1610.13961353898 3453.738129019737 5317.031078368425 14.27284824848175 5.963416256010532 2.817401364445686 1.609702832996845 0.1267298012971878 2.593126326799393 2.106390751898289 7.391095817089081 1.763678066432476 2.177038803696632 1.083246573805809 9.991219520568848 0.4032233133912086 10.94902405142784 7.352406226098537 0.8602438420057297 72.85741612315178 19.04421407729387 846.0705223232508 0.5113555118441582 0.7735393792390823 1.047242194414139 765.0070702135563 23.57457537204027 60.97096882760525 22.69068489968777 2.797376483678818 4.073408372700214 3.835202068090439 2.417109295725822 0.2303539291024208 0.2489747852087021 70.68762336671352 0.3997628539800644 0.2960949242115021 3.260130755603313 2.247134134173393 6.613444432616234 5.362759433686733 4.266088716685772 2.739931620657444 1.595942616462708 32.33319722861052 119.0947275310755 8.247865542769432 18.75529292970896 0.5222127363085747 54.87682390213013 0.4603173732757568 34.52965267002583 1.099735729396343 1.604782871901989 0.7958879694342613 1.180950999259949 5.277279540896416 6.34076389670372 335.0902649462223 11.27768755704165 1.300787784159184 64.48883927613497 17.42133607715368 42.80574990063906 22.75429627299309 8.691235288977623 1.006615102291107 165.7292370647192 0.5075649619102478 27.19757024943829 6.156350009143353 0.1165192648768425 0.6275423914194107 0.7926581352949142 0.7435139343142509 0.6411407664418221 0.2460471019148827 0.5093679279088974 1.415803827345371 1.141150407493114 6.629689119756222 3.941652312874794 1.680996134877205 1481.142425127327 87.034911647439 2.115198984742165 14.92083363980055 61.41437786817551 4.297012075781822 8.504267752170563 66.26683590561152 7.620883919298649 32.88592790067196 189.0301636233926 6.352233827114105 125.0327393859625 167.9510712623596 126.3562339395285 96.4837461411953 339.9072776436806 312.4162995219231 260.1330533102155 209.0782387107611 1.486339911818504 2.475332990288734 0 0 0 0 0.1212775036692619 0 0 0.2923857271671295 1.296341836452484 0.1166346594691277 1.573631942272186 0.4965198561549187 1.151574917137623 0.6228884607553482 0.7508897259831429 1.703934878110886 0.8314637839794159 15.81092085689306 6.90776465088129 0 1.383022874593735 0 121.8061901703477 3.198507308959961 69.46446410566568 18.65722458064556 5.973070099949837 0.6060479879379272 0.5361106246709824 0.1212522685527802 0.7690640315413475 0.6401058807969093 1.065958067774773 0 1.471594899892807 3.47064895927906 0 0 0.4167765229940414 2.358002327382565 2.241430185735226 0.3525752350687981 0.5189171209931374 0 3.743459574878216 6.429647713899612 0.7276191711425781 1.068925015628338 4.158965691924095 92.22716323286295 9.464808873832226 0.08401071280241013 0.1366558820009232 0.3532137125730515 0 0.08696495741605759 0 0 0.1687106341123581 283.3133346065879 4.605811007320881 0.8334725126624107 0.1233780980110168 0.6675814166665077 107.7768645361066 6.048212438821793 59.39461582899094 3.38273624330759 9.367417983710766 4.323922604322433 2.391725853085518 2.233783565461636 0.08391573280096054 0 0 0.1938794180750847 0 0 0.2671608924865723 0.2673313915729523 212.8754976764321 64.56334302574396 50.06924147158861 409.6219246387482 7.030397206544876 210.9525047019124 54.87382534891367 361.6753097549081 19.55195914208889 0.9212133884429932 21.74621450901031 42.99566555768251 0.4202793538570404 22.29734788089991 2.658709816634655 107.5838481262326 2.16176763176918 0.1219838708639145 0.6839298903942108 6.941861748695374 1.324070438742638 657.1534956917167 107.5088759511709
