167.976100191474 3389.993145562708 454.4226502105594 2517.924018718302 131.9253676906228 98.6543652266264 269.9946490675211 40.72519551217556 14.53822395950556 1724.378861315548 53.74626944959164 49.19045761972666 304.4095778539777 109.177979759872 3.752443693578243 0.2081077545881271 0 0 0 0 0.2371124848723412 0 0.4531287401914597 0.3987681567668915 0.1994392722845078 0.1047561690211296 0.1337060481309891 0 0.533807210624218 0 782.4932215213776 99.52201429754496 81.27098122984171 0.4139969646930695 0.1096751987934113 0 27.94419007748365 0.8318784460425377 0.6370208486914635 0.2524688094854355 0.289946436882019 0.4952341020107269 0.1084823086857796 0 0 0.5508199483156204 4.09756888449192 0.5847455486655235 0.2549075409770012 0.120885506272316 0 0.2516392692923546 0.1015867441892624 0 4.503620266914368 3.60982871055603 286.8247194737196 378.8807353079319 24.18082315474749 8.395874872803688 0.4892096817493439 9.954492695629597 0.3586239218711853 8.368142627179623 3.397852897644043 1.751719444990158 0.2641817554831505 0.2679212912917137 0.4577725976705551 0.3256080448627472 10.51137825101614 2.434302374720573 0 107.4905952587724 30.71506644785404 31.914999589324 1.757368080317974 0.4462815821170807 1.499330669641495 35.2390928119421 1.305775947868824 6.538628712296486 3.150095507502556 0.4439398646354675 1.661703407764435 0.7479604855179787 0.755419060587883 0 0.4985919594764709 0.2543509379029274 0.6011175587773323 0 0.1217765286564827 0 0 39.76122688502073 1.864709436893463 0 0.9257873520255089 736.8580292910337 0.1764786392450333 1.847184479236603 1.866852045059204 15.24321323633194 0.8985634446144104 3.608168452978134 1.969580680131912 1.451560497283936 3.021356619894505 3.196182981133461 0.7744301557540894 7.298159703612328 6.803727939724922 3.346694052219391 2.036764159798622 0 0 0 0 0 0 0 0 0 0 0 0 0.7489134520292282 0 0 0 0.134375274181366 0 0 0 0 0 0 0 2.234539598226547 0 2.291364200413227 2.163335248827934 0.8077156841754913 0 0 0 0 0 0 0 0 0 0 0 0 0.2214658707380295 0.1095451712608337 0 0 0 0 0 0 0 0 3.371216401457787 0 0 0 0 0 0 0 0 0.1760886013507843 5.251297287642956 0 0 0 0 1.344865441322327 0 1.103544764220715 0.09515295922756195 0.1009310260415077 0.4311363101005554 0 0 0 0 0 0 0 0 0 0 3.570743761956692 1.176954880356789 2.893439896404743 347.6335006579757 3.303074486553669 38.5246674194932 17.89340867847204 229.1329757273197 5.802284613251686 2.637945465743542 0.6224934086203575 22.82385328412056 0 0.181307777762413 0.2483475506305695 27.98589803278446 1.119387745857239 0.6778713911771774 0 0.3228010237216949 0 126.4593092948198 0.9912362694740295
3389.993145562708 3933.466300264001 640.6570488512516 3136.992119640112 1835.376834504306 414.1709624379873 2667.087594695389 601.2866276204586 2608.953651748598 3172.879014842212 1864.73646364361 193.0166153982282 3660.535851605237 5380.411710359156 22.24634459614754 3.147753156721592 0.5159411206841469 0.1113815754652023 0.1392420530319214 0 0.7066850140690804 0 0.6276468262076378 0.3530641496181488 1.244927600026131 0.1221902742981911 0.1249241903424263 0.09423788636922836 0.1629609912633896 0.1335517764091492 2599.597983933985 61.39189779758453 165.3390695676208 0.1014632284641266 0.2132510244846344 0 69.1639184653759 2.278767727315426 2.880440063774586 1.534166231751442 0.3366306200623512 0.2556921690702438 0.240270584821701 1.501144148409367 0.2140522748231888 0.6125848144292831 89.16930171847343 3.636429212987423 0.643629677593708 0.1059244647622108 0.9840710535645485 0.1325429826974869 0.4500447362661362 0.4430065676569939 20.69319757819176 19.43328622728586 203.2516361176968 247.458996117115 69.38380514085293 84.08217083662748 0.8732326626777649 17.62410788983107 0.7896444648504257 101.9715249463916 16.79186647385359 10.6097210124135 1.105570375919342 3.390529789030552 0.7148767188191414 0.8675345480442047 41.25763296335936 0 0 349.8155413269997 231.6407302767038 234.267688177526 27.94238968193531 1.841187089681625 0.9249720796942711 172.2188625782728 1.009249493479729 6.039686813950539 20.59579368680716 1.911509938538074 9.85278008133173 6.008426301181316 2.418871216475964 0.08184429258108139 1.602179385721684 0.09541209042072296 2.33394368737936 0.2127518579363823 0.6929609328508377 1.347307160496712 0.5117121040821075 22.87273577600718 0.6878315508365631 0 3.749644979834557 851.6467781364918 0 1.413840293884277 1.358897410333157 4.580582216382027 0.6376394033432007 36.65405980497599 2.154425293207169 3.824519954621792 5.598983906209469 6.702491782605648 0.3807976096868515 15.11356017738581 16.81266281753778 10.98728986829519 7.213141970336437 0 0 0 0 0 0 0 0 0 0.1147298216819763 0 0 0.471756249666214 0 0 0.1687902808189392 0 0 0.1000804677605629 1.346963711082935 0.3307538628578186 0 0.7729631513357162 0 7.097947902977467 1.566407173871994 7.175057247281075 2.965148277580738 2.992606677114964 0 0 0.1737942546606064 0 0 0.6599785089492798 0 0 0 0 0 0 0.4882817342877388 0 0.5834424495697021 0 0 0.7069098502397537 0.2323778122663498 0.2080904245376587 0.5989702939987183 0 11.18808916211128 0.3707870841026306 0 0 0 0 0 0.6907297372817993 0 0 31.12626938521862 0 0 0 0 2.841751463711262 0 5.494542613625526 0 0.1864994764328003 0 0.195051521062851 0 0 0 0 0 0 0 0 0 6.460616417229176 14.37268094718456 17.04614716023207 365.1397344172001 12.97056600451469 429.2402764111757 63.75350265949965 514.9278228878975 44.82802353799343 11.94350447505713 12.5831495821476 17.09280659258366 0.1824850291013718 2.433762438595295 1.263696946203709 27.05450807511806 0.1155097857117653 0 0 7.870973758399487 0 163.2077344655991 4.302750132977962
454.4226502105594 640.6570488512516 899.7200855240226 136.7493332400918 237.4185618907213 113.1045431047678 55.60002750903368 2320.43224093318 507.9698723629117 44.23214035481215 2510.266304202378 215.3028542026877 603.595074288547 1812.008165828884 5.332214668393135 5.113368086516857 0.7036464810371399 0.1137878075242043 0.1116466671228409 1.323631018400192 5.419552206993103 1.975063741207123 5.838176392018795 3.723343253135681 1.747225373983383 0.9013325273990631 3.051922060549259 1.901461459696293 0.3809596449136734 0 2838.122254513204 209.7617207616568 963.6840749755502 2.162952519953251 3.335704289376736 0.2284303605556488 194.3467051833868 6.184671767055988 3.752626687288284 1.225179016590118 2.855202384293079 1.509679771959782 1.94773031771183 1.061943903565407 0.5403764322400093 1.540312945842743 17.69932829588652 1.169811233878136 0.3903593122959137 1.574496172368526 0.1018982231616974 0.1345076560974121 3.426071457564831 1.365281023085117 3.254969090223312 3.195293918251991 75.37663742899895 132.0649558231235 13.50049483031034 11.04848772287369 2.894354440271854 236.262203194201 0.5652482733130455 26.95427267998457 3.144761547446251 1.843370780348778 0.6275753974914551 3.153623886406422 1.869814015924931 4.819823294878006 48.8683276027441 0.9275637120008469 0 69.12615428119898 45.4699927046895 44.39345057308674 10.81682613492012 4.360520921647549 33.5729319229722 1249.179017215967 8.931137949228287 114.2684523612261 3.023366339504719 0.3013392239809036 2.294685192406178 1.419098384678364 2.491645529866219 0 0 0.1274822652339935 0.3359444364905357 0 4.300604686141014 0.6607520505785942 0.6692406833171844 5.502876229584217 0 0 0.92092165350914 331.9626262411475 0.4277087450027466 0 0.7675530165433884 0 0 1.248677358031273 0.2314590364694595 0 0.6805460900068283 1.181259706616402 1.040072560310364 0.4722249507904053 1.645632833242416 1.527572251856327 0.5636623203754425 0 0 0 0 0 0 0 0.1189411804080009 0.2581434547901154 0 0.3330870568752289 0 0.220096580684185 0.1019473671913147 0.6259886845946312 0.1687770187854767 0.9335959032177925 0.5587869584560394 0.4398212358355522 0 0 0 0 0 0.8163341879844666 1.198657184839249 1.499940164387226 2.890069484710693 2.364854924380779 0.1509228944778442 0 0 0 0 0 0 0 0 0 0 0.1880669444799423 2.443151846528053 1.143156059086323 0 0 0 0 0 0 0.1464682370424271 0 0.7481558173894882 0.6667749136686325 0 0 0 0 0 0 0 0 3.803898014128208 0 0 0 0 0.6278389766812325 0 0.9536186903715134 0.1865445375442505 0.4197573214769363 0 0 0.1547428816556931 0 0 0 0 0 0 0 0.1002917662262917 0.5150151401758194 3.484127007424831 7.785907998681068 93.46351793408394 1.89489484578371 73.40834962576628 20.37432287633419 224.8211437016726 8.281645379960537 2.573038302361965 1.36077456921339 1.398231774568558 0 0.5788104981184006 0.1320607215166092 4.419890239834785 0 0 0 1.100378610193729 0 57.38008233904839 2.31022897362709
2517.924018718302 3136.992119640112 136.7493332400918 658.5162140205503 135.1959177032113 698.0958378985524 868.6455677300692 1.365454539656639 6.190864652395248 2738.966454662383 6.151660226285458 49.5100764259696 1270.789722628891 49.517568603158 7.31849230080843 0.2222196310758591 0.100029431283474 0 0 0 0.2119735479354858 0 0 0 0.1450575888156891 0.08254897594451904 0 0 0 0 330.6794059276581 1.659688010811806 2.544291250407696 0 0 0.5669765472412109 1.116721406579018 0.07414258271455765 0.5566792786121368 0 0.1043017208576202 0 0 0.1992845833301544 0 0.2327684462070465 12.90450144559145 1.178027845919132 0.7023803293704987 0.09657558053731918 0.1088176667690277 0.135539174079895 0 0 5.450606614351273 6.197060488164425 106.4969834089279 84.01808864623308 26.80906865745783 19.04704371839762 0 1.028768852353096 0 21.36333069950342 6.251628667116165 3.510545216500759 0.6279953569173813 1.063210785388947 0.3817479759454727 0 2.354586347937584 0 0 137.4232317060232 67.10739723592997 61.36266473680735 2.880331963300705 0.939767137169838 0.3146715685725212 1.163261324167252 0.6857485771179199 0.2088277414441109 6.93859887868166 0.5387097671627998 2.956515312194824 1.774826496839523 0.6851786375045776 0 0.3118625655770302 0 0.6120015382766724 0 0 0.5595545992255211 0 1.357549220323563 0 0 0.4945402145385742 206.7472458705306 0.2686454653739929 5.619680784642696 0.4083986058831215 31.58713400363922 0 7.089957386255264 16.4073221385479 0.2240695208311081 15.3981426358223 1.588363498449326 0 2.205330312252045 11.8010094165802 1.356572598218918 1.406857252120972 0 0 0 0 0 0.09464448690414429 0 0 0 0 0 0 0.5473188757896423 0 0 0 0 0 0 0 0 0 0 0 0.224602036178112 0 1.089161768555641 1.204753071069717 0 0 0 0 0 0 0 0 0 0 0 0 0 0 0.1344943046569824 0.2445256561040878 0 0 0.08390287309885025 0.1038903519511223 0.4683479592204094 0 0 1.233417719602585 0.09857279062271118 0 0.06984992325305939 0 0 0 0 0 0 1.278464332222939 0 0 0 0 0.135935977101326 0 0 0 0.1024196818470955 0 0 0 0 0 0 0 0.1845049560070038 0 0 0 0.7275058329105377 0.1662341058254242 0.9560323357582092 105.6501277759671 3.643668077886105 71.00886093825102 20.37127646058798 181.8016909584403 3.140867508947849 3.730222456157207 1.052663765847683 6.85241511464119 0 0.2396415024995804 0.4522778391838074 13.71127891540527 0 0 0 0.849653422832489 0 63.05073529481888 1.034870073199272
131.9253676906228 1835.376834504306 237.4185618907213 135.1959177032113 312.4271407648921 8.920813150703907 273.7203917428851 41.83548396080732 4482.961318291724 1416.954615190625 307.1781516671181 72.82875575870275 628.8650271371007 1721.001295916736 10.12506626546383 2.045859590172768 0.3666713684797287 0 0.08896470814943314 0 0 0 0.102781169116497 0.2801585271954536 0.1138249635696411 0.2103230506181717 0 0.1227131560444832 0 0 357.8777466490865 51.37121825665236 12.9609313160181 0 0 0 18.23071248829365 3.393614806234837 13.66415505111217 1.793535530567169 0 0.2320453524589539 0 0.1817958131432533 0 0.167642816901207 49.24621467292309 1.659363813698292 0.3622524812817574 0 0 0.1799847185611725 0 0.3016040921211243 6.091488473117352 7.261081118136644 30.37568697333336 31.95981778204441 20.04380693286657 32.25628519803286 0.09406068176031113 3.460788443684578 0.5784736275672913 38.08133452385664 5.942913234233856 3.763707850128412 0.3417925089597702 1.233374707400799 0.08918476104736328 0.08641859889030457 78.85015969723463 0 0 80.38552802801132 60.39762929826975 94.8381514698267 19.02065080404282 0.9024895802140236 0.319903165102005 3.767943888902664 0.3589634820818901 1.347037091851234 5.987346328794956 1.03646594285965 4.979648880660534 3.25353617221117 0.8516003042459488 0 0.6125710159540176 0 0.7321335971355438 0.1631709337234497 0.5220591574907303 0.4240846037864685 0.2409540861845016 36.15843192487955 0 0 9.667159952223301 23.41106846183538 0.1396275758743286 0.4993360489606857 3.530563786625862 1.272372499108315 2.281562641263008 8.923119567334652 3.594766862690449 9.907543934881687 9.97834274917841 11.57073944807053 2.767837852239609 42.22910884022713 43.24457006156445 22.24683693796396 14.84954269975424 0.1014780551195145 0.2435236424207687 0.1375338137149811 0 0 0 0.3163591623306274 0 0.2748110890388489 0 0 0 0.4551062881946564 0.2817717492580414 0 0.2344553172588348 0 0.1397978961467743 0 2.506933487951756 1.49816931784153 0 0 0 20.2481856122613 3.232146553695202 11.46410848945379 6.305159419775009 7.392256118357182 0 0 0 0 0.5703535676002502 0 0 0 0 0 0 0 0.1923069655895233 0 0.09204991906881332 0.6736444234848022 0.08638377487659454 0.1286535859107971 1.533551886677742 0.5923671424388885 0 0.8348259329795837 23.54649123549461 2.744271382689476 0 0.3870155513286591 0 0 0 0 0 0.25122931599617 72.61952745914459 0.6469138860702515 0 0 0 14.44853385537863 0 13.07152023166418 0.09194628149271011 0.1062980890274048 0.1711900532245636 0.8624659776687622 0 0 0 0 0 0 0.6508916020393372 0 0 17.81566888093948 42.43220664560795 42.70208289474249 310.8579669073224 6.387402430176735 274.8710896670818 47.31020516902208 90.87390631437302 35.57560605555773 4.29015825688839 16.68942385911942 35.09797163307667 0.09208853542804718 5.387879014015198 0.9405583217740059 53.64156073331833 0.77481359988451 0 0 5.361165896058083 2.674570143222809 46.1510816141963 9.489087335765362
98.6543652266264 414.1709624379873 113.1045431047678 698.0958378985524 8.920813150703907 12.45763853192329 25.17663774639368 1.83582428842783 1.375805795192719 1135.104503497481 5.676942951977253 75.92758096009493 106.2652270123363 15.41959282755852 0 0 0 0 0 0 0 1.1895422488451 0 0 0 0 0 0 0.1507432609796524 0 25.01283220946789 0 10.94528494030237 0 0 0 10.31657752394676 0.1347488909959793 7.761749722063541 0 0 0 0 0 0 0 0.1585217863321304 0 0 0 0 4.843876659870148 0.9183129519224167 0 0 1.059420146048069 330.025954388082 11.2985622882843 0.6730562672019005 1.153740644454956 0 0.5045874416828156 0 0.6730687990784645 0 0.2010533213615417 0 0 0 0.0940522775053978 109.8743341267109 151.7019916921854 19.90316120535135 4.979117214679718 3.385585658252239 2.894361287355423 0 0 0 3.4533756300807 0 0.1540437042713165 0 2.174880653619766 0 0.5637872815132141 0 22.25297096371651 1.978728160262108 12.23726157099009 0.3227005898952484 0.2891358286142349 0 0 0.4460103213787079 337.9852467477322 142.3978824913502 13.55327792465687 46.26723784208298 905.3009203374386 0 7.784491837024689 1.4250608086586 14.21885579824448 1.283075131475925 14.70230181515217 13.22656898200512 12.28291925787926 12.0576611533761 40.39572025835514 1.518994018435478 36.16509950906038 33.63217209279537 9.96818583458662 5.398215308785439 0 0 0 0.1262302547693253 0 0 0 0 0 0 0 0 0.139287143945694 0 0.6425919160246849 0 0.6705318093299866 0 0 1.35739191621542 0 0 0 0 1.538608253002167 0.3441006541252136 0.7757633179426193 1.357014805078506 0.1460323333740234 0 0 0 0 0.1797281354665756 0.157031238079071 0 0 0 0 0 0 1.120558351278305 0 0.0748356431722641 0 0 0.1601298302412033 0 0 0 0 3.400643870234489 0 0 0 0 0 0 0 0 0 14.48899422585964 1.190469294786453 0 0 0 1.640524737536907 0 1.576247438788414 0 0 0 0 0 0 0 0 0 0 0.1011250615119934 0 0 12.0554483383894 3.863565236330032 2.795811578631401 270.1467635333538 0.1813894659280777 5.83069521933794 0 228.0420463383198 3.772756904363632 0 0 68.491973772645 0 0.5675419718027115 0.1266919672489166 103.8739054501057 0 0 0 0 0 183.2401244565845 21.84823250770569
269.9946490675211 2667.087594695389 55.60002750903368 868.6455677300692 273.7203917428851 25.17663774639368 508.8678758889437 1.058499969542027 143.8119824528694 2844.487441167235 2.342801488935947 101.1418784856796 5975.788207300007 1471.011207282543 5.347485572099686 0.09492340683937073 0.1323818415403366 0 0 0 0 0 0 0.1363602727651596 0 0 0 0 0 0 322.0361509919167 17.52659010142088 3.798614636063576 0 0 0 3.371983669698238 0.6812432929873466 3.7734270170331 0 0 0.07680092006921768 0 0.287865050137043 0 0 22.44774048775434 0.6414108574390411 0.3171105310320854 0.2232473716139793 0.416027843952179 0 0.1149716377258301 0 4.23552380502224 4.930160999298096 35.2844505161047 43.76062543690205 15.87167858332396 23.11519878357649 0.08817636221647263 0.2007184401154518 0.06963961571455002 28.6620382219553 5.964318878948689 3.220773972570896 0.2705140262842178 0.6794118583202362 0 0.1035011932253838 14.96366319805384 0.7887870669364929 0 78.37869045138359 59.62650958448648 67.89096684753895 6.225579902529716 0.2395835742354393 0.4365497902035713 0.6650173217058182 0.09544730931520462 0.9355153068900108 6.605741314589977 0.2836816161870956 3.883455403149128 2.318066693842411 0.3333223387598991 0.07438951730728149 0.3350371271371841 0 0.7468929141759872 0 0.09748002141714096 0.6443053930997849 0.2503935173153877 24.9966294914484 0.3165767267346382 0 4.654976889491081 35.65029744058847 9.680854752659798 13.96484329551458 102.4308847486973 71.83100566267967 1.516532346606255 99.20227858424187 27.96909625828266 7.254769593477249 117.9730128869414 36.38118440657854 0.2501990869641304 178.7315097376704 70.53027625381947 10.34476055949926 7.410491891205311 0 0 0.1138082295656204 0 0 0 0 0 0 0.1539196670055389 0 0 0 0 0 0 0.1306014806032181 0 0 5.527504712343216 0 0 0 0 5.973150245845318 1.269596233963966 4.654092974960804 2.548504717648029 1.796952851116657 0 0 0 0 0 0.2273086607456207 0 2.385134294629097 2.168919339776039 0 0 0 0.2835613787174225 0 0.9558253437280655 1.565366812050343 0.3627029359340668 12.72832585126162 12.91723175346851 2.211920410394669 0 0 4.846884250640869 9.982262827455997 0.327937588095665 0.6702283695340157 0.09978772699832916 0 0 0 0 0 24.65123218297958 0 0 0 0 4.8054493740201 0.08859462291002274 4.098100028932095 6.309345304965973 10.02063684910536 3.735089406371117 2.077596932649612 0.6636978983879089 0 0.06839805096387863 0 0 0 0 0 0 9.934157267212868 8.500093035399914 11.19964055716991 107.6773741990328 3.012520298361778 114.9692685306072 17.57945823669434 60.60218020528555 11.8389194086194 2.178098857402802 3.166610658168793 16.32980666309595 0 23.61564146727324 2.707787565886974 50.89905086904764 2.49434270709753 0.2849969416856766 0 1.512298285961151 1.563231706619263 43.14037711173296 13.22948787361383
40.72519551217556 601.2866276204586 2320.43224093318 1.365454539656639 41.83548396080732 1.83582428842783 1.058499969542027 243.6958334967494 92.34240631014109 3.66981928050518 467.9080877900124 30.15314543247223 81.0348562374711 328.141701772809 23.97102607041597 30.80923333764076 3.402946501970291 1.744114205241203 0.2518383711576462 9.493263699114323 44.54603537917137 5.365009754896164 37.49568130075932 36.53212135285139 5.316162697970867 5.379951305687428 9.788229636847973 2.487931229174137 0.9972062110900879 1.307638347148895 847.7631111815572 1616.031831733882 411.308051392436 11.76726859807968 14.87543065845966 1.332219049334526 57.89089799672365 18.51455989480019 2.123162366449833 2.750176787376404 13.96253702789545 9.080118417739868 7.95488191395998 7.505949832499027 5.676223240792751 11.30073905736208 92.31563837081194 2.622339628636837 0.1562134474515915 10.3396911919117 1.532559305429459 2.908046394586563 4.841935120522976 2.02866742759943 3.242807030677795 4.357641793787479 15.66870023310184 19.18877019733191 7.826200388371944 24.27688470482826 31.31096762418747 402.6353867128491 4.25288375467062 107.4017117023468 3.65170282125473 8.222162917256355 3.842980608344078 16.16388616710901 17.26661032438278 53.90789636969566 27.51279616355896 2.063375920057297 0 45.05128192901611 69.28557648509741 76.91112120449543 65.70249350368977 66.42228938639164 632.884538166225 1138.230056017637 97.78871032595634 745.6731701046228 3.834058061242104 0.2307396531105042 2.297755688428879 1.667847141623497 11.76019697636366 0.1214433610439301 0.5216030329465866 0 0.6011272743344307 0.4909320771694183 39.64236455410719 2.039580762386322 1.786783494055271 0.1011763587594032 0 0 1.41436131298542 18.55690691620111 0 0 0 0 0 0.1903227716684341 0 0.4270803034305573 0 0 0 0.1082475185394287 0.1599923968315125 0 0.743543341755867 1.312192291021347 0 0 0.1254963278770447 0 0 0 0.1469993144273758 0.6736487746238708 0 0.3545570969581604 0 0.9624603763222694 0 1.551784887909889 2.053048938512802 1.965168289840221 0 0.8105945885181427 0.5839202105998993 0 0.3481380045413971 0.6805775761604309 0.6731042265892029 1.250536218285561 0.8531384617090225 2.310852721333504 3.998838737607002 7.830749563872814 0.2514508068561554 0 0 0 0.2918997704982758 0.3711579144001007 0.2146329283714294 0 0 0 0 0 5.918023280799389 0.5213586688041687 0 0 0 0 0.1582635492086411 0 0.548066645860672 0.750633716583252 1.139797575771809 0 0 0 0 0 0 0 0 0.2714835405349731 2.362146712839603 1.253129184246063 1.225219652056694 0 0.9359235018491745 0.4089819937944412 0 0.5463954210281372 0 0 0 0.2074541002511978 0 0 0 0 0 0.09313615411520004 0 0 0 0.4536961764097214 6.121045529842377 7.354716695845127 305.9303846359253 7.300032578408718 324.4466569498181 98.60184457153082 50.94704899191856 37.72134993970394 1.582647822797298 9.562299847602844 3.211464315652847 0 1.524666234850883 0.2404468804597855 1.441065311431885 0 0 0 12.96242865920067 1.468588292598724 13.36551131308079 0.9487464874982834
14.53822395950556 2608.953651748598 507.9698723629117 6.190864652395248 4482.961318291724 1.375805795192719 143.8119824528694 92.34240631014109 152.9928096607327 246.753915399313 191.8767021372914 51.3972222879529 225.84352504462 854.0721038579941 6.618972897529602 1.371594287455082 0.4563006460666656 0.1549112796783447 0 0 0 0 0 0 0.4565207734704018 0.1680903881788254 0 0.4802678227424622 0.2274038642644882 0 106.0218051671982 44.45919170975685 8.584695532917976 0.1090348064899445 0.09397679567337036 0 20.35065848380327 2.315158873796463 11.65634153038263 0.4258000552654266 0 0 0 0 0.1633799225091934 0 35.14195866882801 0.4736001491546631 0.6379621997475624 0 0.07232280075550079 0 0 0 2.127114608883858 2.646041616797447 11.58583948761225 12.30248170346022 6.365227401256561 15.69401279836893 0 2.891278013586998 0 14.68680813163519 1.793202444911003 1.014213711023331 0.3962663561105728 0.7490850836038589 0.09864354878664017 0 77.76430340111256 0.9498711377382278 0 31.08540938794613 26.39130449295044 45.63263639807701 11.64098282158375 1.983465649187565 0.1085416749119759 3.241794764995575 0.0925142914056778 1.369626864790916 3.118708319962025 0 1.790846072137356 0.7328335717320442 0.07808232307434082 0 0.5862179175019264 0 0.5773535519838333 0.2253284528851509 0.1768621504306793 0.120884470641613 0 46.85768136382103 1.38500314950943 0 9.206761494278908 6.938153117895126 2.129413403570652 1.915148444473743 4.083999618887901 2.09249384701252 0.7660884112119675 22.2620817348361 3.445254996418953 13.86009823530912 11.27235223352909 19.85737849026918 2.494893103837967 42.82101933658123 59.56936868280172 28.61359893530607 24.48022913187742 0.1275089532136917 0.6400783658027649 0 0.8382322788238525 0 0 0.1375689804553986 0 0.2203314900398254 0 0 0 1.444193035364151 0 0 0.379318431019783 0 0 0 3.466737911105156 0.959037221968174 0 0 0 24.29491161555052 3.904396280646324 14.41554012149572 6.449996598064899 6.209283210337162 0 0 0 0.3328902721405029 0 0.4975308179855347 0 0 0 0 0 0 0.2531437277793884 0.287274181842804 0 0.2712419033050537 0 0.4046364650130272 3.482956618070602 0.1495586782693863 0.7447480261325836 0 26.65460339188576 3.905323103070259 0 0 0 0 0 0 0 0 99.57853509485722 0 0.1874818056821823 0 0 13.86602937430143 0 12.46000515669584 0.3710487633943558 2.428176909685135 1.369693130254745 0 0 0 0 0 0 0 0 0 0 25.01135870069265 51.61663169413805 42.96456665545702 298.2673106342554 2.730026289820671 167.5278701409698 42.76084216684103 41.15771123766899 22.16955395787954 1.383590765297413 12.12832073867321 25.2717070505023 0.38423091173172 2.90210960060358 1.140564233064651 57.01980821043253 0.6437641978263855 1.445622764527798 0 8.430438369512558 1.041627168655396 54.32523334026337 13.07206214219332
1724.378861315548 3172.879014842212 44.23214035481215 2738.966454662383 1416.954615190625 1135.104503497481 2844.487441167235 3.66981928050518 246.753915399313 2033.625550851226 8.484469853341579 2748.519555091858 7048.52300413698 1234.400310017169 15.75230222195387 1.215821042656898 0.6515922024846077 0 0 0.503665879368782 0.5263740867376328 0 0.09724289178848267 0 0 0 0 0 0 0 531.3090332299471 17.20833633840084 16.80463001877069 0 0 0 22.4462124556303 0.09367497265338898 9.791977308690548 0.1134384125471115 0 0 0 0.7133362889289856 0.2508878260850906 0.1174874827265739 51.30451829731464 1.648356415331364 0.719944141805172 0 0.4509204104542732 0 0.1665438860654831 0.334158718585968 9.255498193204403 12.7207495495677 127.1404808461666 92.44747946411371 38.73287719488144 51.61581513285637 0.2098312824964523 1.126913070678711 0.08950870484113693 54.16779211908579 10.09355846047401 6.557684257626534 1.026637129485607 1.345968775451183 0.4053531363606453 0.08151324093341827 79.80211710184813 0.1089199632406235 0 225.8263397589326 127.3091968595982 143.4152730181813 13.09013447910547 1.336467668414116 0.6613630652427673 1.150441989302635 0.3310793414711952 0.5381857603788376 14.5392711982131 0.8038774281740189 6.731283009052277 3.115515388548374 1.423238150775433 0 1.151315160095692 0 1.730130814015865 0.1025184467434883 0.2629912942647934 0.9027398303151131 0.2938469424843788 83.59277151525021 1.047827005386353 0 12.99166643619537 341.1627551019192 2.378969624638557 14.04258086532354 17.04038690030575 60.6452954262495 5.90297245234251 79.63542077690363 34.62512557953596 48.09120924025774 55.69682130217552 143.3825287669897 4.721481710672379 143.664909273386 195.2438125982881 72.78043512254953 36.09254714846611 0.2589080631732941 0.4584495723247528 0.108442634344101 0 0 0 0 0 0 0.5780948549509048 0 0 0 0 1.675126671791077 0 0.8277536332607269 0.6371474862098694 0 5.996186219155788 0.9987019002437592 0 1.09584903717041 0 29.90674971789122 5.725540436804295 13.1725839599967 10.76055932044983 6.04704312980175 0.1406826972961426 0.8979114294052124 0 0 0.1484425812959671 0 0 0.8007830008864403 1.965712875127792 0 0 0 0.5985065698623657 0 0.2794865444302559 0.2871601283550262 0.1002844125032425 1.58920393884182 1.708451554179192 4.64267386496067 0 0 37.78806460648775 2.688557974994183 0 0 0 0 0 0 0 0 136.3986030891538 0.7026797905564308 0.1991413682699203 0 0.1384628713130951 21.31124231219292 0 20.24263019114733 0.4084882885217667 2.16157765686512 0.4331216812133789 1.01067316532135 0.1771926134824753 0 0.1111868396401405 0 0 0 0 0 0 66.17275924235582 62.89084628224373 50.22928873449564 1205.686839595437 11.95897375047207 298.2043716460466 54.20237167179585 779.1901265755296 35.13608783483505 6.019488200545311 17.01227048784494 157.9409222230315 0 5.154009066522121 0.6794275715947151 306.140584141016 0 0.2604466378688812 0 3.897889599204063 0 398.9969505667686 72.86677566915751
53.74626944959164 1864.73646364361 2510.266304202378 6.151660226285458 307.1781516671181 5.676942951977253 2.342801488935947 467.9080877900124 191.8767021372914 8.484469853341579 291.6512019336224 123.7141919061542 394.5696658939123 1068.77411416173 26.08842543512583 20.57951706647873 3.406614415347576 0.4418825507164001 0 1.366117089986801 5.817810997366905 11.66646780073643 9.34584142267704 6.744431897997856 13.47649718075991 3.946056008338928 16.97497341036797 8.095231339335442 0.9129684120416641 0.7993004322052002 504.7768349573016 171.7498813644052 680.1230649873614 0.8902345448732376 5.081455059349537 1.370454475283623 113.8562430739403 22.83309625089169 11.90923380106688 3.13627715408802 22.87740661203861 5.400728076696396 0.3574691712856293 1.802705459296703 0.8995793163776398 1.146895788609982 99.82582003623247 0.5887842699885368 0.3211537674069405 0.2566272988915443 0.5254881009459496 3.416227027773857 26.71850880980492 9.959321260452271 3.933845363557339 4.366249158978462 16.57156464457512 19.29418554157019 11.48141856491566 30.66538546979427 1.305762343108654 147.6266373470426 0.4712594151496887 50.52979774028063 3.951146081089973 2.572249561548233 0.477836973965168 1.866090923547745 1.57213144749403 4.824872218072414 133.587648421526 1.581149652600288 0.415610134601593 52.0832691192627 59.58812368661165 88.34463460743427 49.60235929489136 15.82784744352102 11.53303647041321 999.1536581665277 1.266902074217796 11.9152325540781 4.483653627336025 0.1330467164516449 2.564353175461292 1.639990337193012 0.8477179035544395 0.2737243995070457 1.067356683313847 0.2005879282951355 0.9177020341157913 0.6439935266971588 6.968855760991573 0.4253306239843369 0.2838777452707291 125.4402067065239 1.614814206957817 0 8.206946387887001 18.42196599394083 0.7711378633975983 0.734585702419281 1.284064114093781 0.4168491959571838 0.8353511095046997 2.351592153310776 0.1863404810428619 1.682423032820225 1.025788597762585 5.163617223501205 1.713637836277485 13.74979799240828 18.07776492834091 7.922316558659077 7.534187540411949 0 0.2449406981468201 0 0.5461994409561157 0.4606517255306244 0 0 1.909014850854874 0 0 0.3646939247846603 0 1.326951317489147 0.2270605266094208 1.600407496094704 1.629644736647606 2.455135196447372 2.221160463988781 0.6920076906681061 0.5258169770240784 0.2763103842735291 0 2.741172015666962 0.2552642822265625 8.901610001921654 0.5424254611134529 9.42645113915205 8.999260850250721 9.148064061999321 0.5494389533996582 0 0 0 0 0.1555499881505966 0 0 0.8025278747081757 0 0 0.6399761438369751 5.453964218497276 2.253123387694359 0.1091215461492538 0 0 0.3284286856651306 0.7417729496955872 0.2568891048431396 0.6329846978187561 0 11.06002449989319 2.173526078462601 0 0 0 0 0 0.1905798465013504 0 0.3886289298534393 38.28453534096479 2.036422595381737 0 0 0.1680491715669632 3.544470593333244 0 6.78447874635458 0.1481243520975113 0.8644535839557648 1.063534110784531 0.1404904574155807 0 0 0 0.1015085130929947 0 0 0 0.28690305352211 0 8.270036526024342 31.14048202335835 28.54408994317055 581.7672797217965 4.552652984857559 385.6277295649052 121.6303961724043 71.14589834213257 41.70237186551094 7.052334912121296 13.59107578545809 5.435205101966858 0.1160146594047546 2.683975398540497 0.4802959933876991 11.38579435646534 0 0 0 21.64647817611694 1.427221834659576 29.90546818822622 7.839018426835537
49.19045761972666 193.0166153982282 215.3028542026877 49.5100764259696 72.82875575870275 75.92758096009493 101.1418784856796 30.15314543247223 51.3972222879529 2748.519555091858 123.7141919061542 169.2336442545056 1009.860119208694 326.0504846572876 13.19911104440689 12.21287810057402 2.112858638167381 0 0 0.5707438588142395 0.1955177783966064 4.32181105017662 0.5965441465377808 1.033297941088676 0.5179888010025024 0.4507560431957245 1.450099736452103 1.495835557579994 1.442101985216141 0 140.8265919387341 30.753861322999 87.9200085029006 0.2507307454943657 0.6896262392401695 0 328.5699944868684 7.642511069774628 31.100455917418 5.576767303049564 2.385971494019032 1.406243443489075 0 0.5046881437301636 0.4313561767339706 0.8889148309826851 50.30894193053246 0.08891709893941879 0.6010640561580658 0.1939331963658333 0.2818668633699417 0.8504132628440857 11.4299403950572 0.2681219577789307 1.012404680252075 1.051295422017574 14.31546714901924 9.594674825668335 9.049182645976543 16.25111749768257 0.9327890798449516 44.89418943971395 0 39.2490578815341 1.607597760856152 2.003803059458733 0.1007233113050461 0.583293117582798 0.7580845803022385 1.499757878482342 289.8212142437696 6.231483027338982 1.035863816738129 26.06267023086548 40.78015363961458 52.69366450607777 24.68639313429594 9.004595123231411 0.6421762555837631 82.04347392916679 0.2712954506278038 3.247558943927288 1.761613100767136 0.1558313220739365 1.434304721653461 0.6928226575255394 0.294479601085186 0.8442416489124298 0.2259301096200943 0 0.4166004955768585 0.1009709537029266 1.942333184182644 0 0 1277.351920887828 18.92715609073639 1.712012976408005 31.36922384053469 32.82929211109877 2.830585166811943 8.338913209736347 21.35584316402674 9.766484133899212 15.14404124766588 85.32175456732512 25.53900495171547 60.87149216234684 47.27394857257605 127.7081309854984 12.88565281033516 258.5598958656192 308.4279047846794 145.2613658681512 102.4998558163643 0.1931734383106232 0 0.1086811125278473 0.4699626266956329 0 0 0.1105402708053589 0.37147356569767 0.110563762485981 0.6888484284281731 0.1258466988801956 0 0.2268172055482864 0.1585403084754944 0.6137161627411842 0.6284694373607635 0.6778913885354996 0.1674865931272507 0.433895155787468 8.63239648193121 1.767818190157413 0.326753668487072 0 0.8148876130580902 99.38640231639147 8.328854933381081 39.55355212837458 23.89890172332525 17.76248653233051 1.253939986228943 0 0 0.6974146068096161 0 0.5760590881109238 0 0.9330179616808891 0.9444916546344757 0 0 0 1.983585961163044 0.2629710212349892 0.2347852662205696 0.1115444526076317 0 1.117704078555107 4.409059427678585 3.904050931334496 0 0.9408250749111176 103.2894269004464 10.15439110249281 0.1857604533433914 0 0 0 0 0 0 0.1121901199221611 481.789027415216 5.110395535826683 0.2256995216012001 0.1553145200014114 0 55.04846330732107 0 57.85405941307545 1.887969374656677 4.27728895097971 0.7367561310529709 1.921131521463394 0.8478185310959816 0 0 0.3090378046035767 0 0 0 0 0 169.4220974221826 206.0623336955905 149.8118874207139 551.3301510438323 3.958127155900002 200.1632425785065 90.9927499294281 193.2633517757058 28.00710393488407 1.000373683869839 10.46434543281794 94.85132640600204 0 10.60223986953497 2.408441856503487 212.7456257864833 0.7322280257940292 0 0.2224475890398026 11.14271913468838 0.8785747289657593 997.5356093347073 151.1838208809495
304.4095778539777 3660.535851605237 603.595074288547 1270.789722628891 628.8650271371007 106.2652270123363 5975.788207300007 81.0348562374711 225.84352504462 7048.52300413698 394.5696658939123 1009.860119208694 1898.001843005419 1032.850410759449 26.25944751501083 12.95984676480293 1.303388774394989 0 0 0.2690556198358536 1.516093656420708 8.264705613255501 0.7195661962032318 1.820797473192215 10.44304095208645 0.2720478847622871 2.022123113274574 4.160774283111095 26.3849381506443 0.4880140051245689 606.8090646639466 65.53383218497038 811.9553213641047 0.160452738404274 2.050456166267395 2.011541798710823 543.153092443943 43.56864229589701 363.7985350489616 42.62965615838766 5.035842843353748 2.538383178412914 0 0.8890511766076088 0.5008089914917946 1.030756182968616 89.6564529761672 1.788173370063305 0.3314958587288857 0.3295062184333801 0.9801877364516258 4.818571150302887 50.11125018447638 9.422707468271255 10.37405635416508 10.08126932382584 62.2489848062396 60.59038770198822 30.09924969822168 42.81157890707254 0.4805003702640533 55.37436728179455 0 70.11385300755501 7.643101751804352 5.42908975481987 0.999031737446785 1.346860788762569 0.5877715349197388 1.768683455884457 604.6768162548542 5.778218850493431 0.3593881577253342 142.5914136767387 133.2997183352709 133.8040816634893 39.75602662563324 12.79230898618698 0.9986140578985214 57.42858801782131 0.3404608219861984 6.391471393406391 8.198577351868153 0.8452692553400993 5.693707838654518 3.156627245247364 1.902378626167774 0.2272723093628883 0.5959887951612473 0 0.8305309936404228 0 2.301201842725277 1.385462544858456 1.344712913036346 911.1137591302395 9.300292178988457 0.216099739074707 151.3403095826507 59.56792055815458 1.519445575773716 11.28722798079252 23.68973091989756 12.74322435259819 8.910792149603367 207.5217781290412 23.01201080530882 61.1987526267767 131.8041220381856 127.610516615212 10.91331887990236 249.7986812144518 284.3435447737575 143.1531186550856 93.95169769972563 0 0.4585486948490143 0.4075616225600243 0.4596652165055275 0 0 0.294738382101059 0 0.2655699700117111 0.3538763374090195 0 0.2502711936831474 2.315781161189079 0 0.6197861582040787 0.4656674563884735 0.9767230525612831 1.652638241648674 1.600023150444031 12.77142726629972 2.103591755032539 0.1491666436195374 1.186748176813126 0.5545688271522522 90.22768384218216 8.769357040524483 51.61899533867836 27.55454996973276 24.93644373118877 0.3564099743962288 0.1668025255203247 0.2652411162853241 0 0.1237717345356941 0.5028755515813828 0 0.1662819087505341 1.672299943864346 0 0 0 3.740972951054573 0.8277523443102837 0 0 0 2.527238093316555 1.74088853597641 3.584307864308357 0.2925397455692291 2.064441531896591 100.5381499156356 7.603956326842308 0 0.1806487292051315 0 0 0 0 0.1675998419523239 1.020634546875954 420.5504286661744 4.830788128077984 0 0 0.3068532943725586 49.75203796476126 0 55.54692455381155 0.4662080183625221 4.650025010108948 1.452246583998203 1.642646118998528 1.635068289935589 0 0.1035484448075294 0.1560356020927429 0 0 0 0 0.1303317248821259 132.7091875597835 175.4836344718933 173.287602879107 829.7566413730383 7.553771294653416 436.8588469102979 137.3195656165481 242.8388508409262 60.20239317417145 4.488169871270657 18.89823921769857 139.6217424944043 0.2234391570091248 12.43005105108023 1.856311425566673 295.4174549356103 0.8073326498270035 0.09623189270496368 0.1037844568490982 10.92869283258915 2.805247336626053 547.7732468396425 122.213688544929
