470.0453659966588 2374.647571600974 254.6899988204241 1344.368581548333 72.92340812832117 65.47205969691277 392.0727433264256 54.90389956533909 19.07385796308517 1660.322931349277 269.949975349009 110.2068019658327 310.3895500004292 208.703063249588 2.454284928739071 0.5324392318725586 0.204898938536644 0.313755065202713 0 0 0 0 0 0 0 0 0 1.157514005899429 0.1508801132440567 0 470.6381767988205 3.512561842799187 19.53413923829794 0 0 0 9.054722458124161 2.961461074650288 4.958619184792042 0 1.88107255846262 1.697471126914024 1.261456489562988 0.2114223092794418 0 0 10.71783331781626 1.895923927426338 0.5749508142471313 0.5874315500259399 3.080515138804913 0.3030905574560165 0 0.7722136974334717 9.646589867770672 21.7277193441987 263.7498832568526 1122.892153725028 183.6161197125912 7.136803895235062 0.1150667741894722 0.6088632345199585 0 18.21324706822634 9.072456106543541 9.447568632662296 0.7914385423064232 4.808639779686928 0.7552268579602242 1.578978672623634 42.18409350514412 2.888947278261185 1.220328502357006 93.56397989392281 40.55339532345533 6.226307556033134 4.533349260687828 1.079126417636871 0.7036717683076859 47.91420497000217 0.3103715777397156 2.343416899442673 22.75541743636131 0.09925005584955215 11.34169444441795 5.165462777018547 1.151317909359932 0.1060030311346054 2.230811342597008 0.2110925912857056 1.482225768268108 0.5833158046007156 4.513040766119957 2.3633022159338 0.8283098787069321 310.0435525178909 13.79125761985779 0.841835081577301 2.331573963165283 1129.15037676692 0 0.5333582311868668 0 0 0 3.436996325850487 0.352175697684288 1.287983804941177 5.104471728205681 1.641794502735138 0.5170465111732483 2.672144934535027 4.645321875810623 3.529145501554012 1.019346445798874 0 0 0 0 0 0 0 0 0 0 0 0 0 0 0 0.1177117675542831 0.1401718705892563 0 0 0 0 0 0 0 0.9508954212069511 1.062095820903778 2.919361174106598 0.1370790302753448 0.1440785229206085 0 0 0 0 0 0 0 0 0 0 0 0 0 0 0 0 0 0 0 0 0 0.4715437591075897 0.669623851776123 0 0 0 0 0 0 0.1239359453320503 0 0 0.8766146600246429 0 0 0 0.1346892416477203 0.3179508745670319 0 0.3740909099578857 0 0 0 0 0 0 0 0 0 0.3994927927851677 0.20306096971035 0 0 0.7044164538383484 0.6538204848766327 1.133781239390373 102.4921671003103 2.954845227301121 81.86488173902035 23.78516253083944 1020.928998880088 1.806685552000999 0.800730898976326 6.659192532300949 22.88080541789532 0 0 0 4.53925484418869 0 0 0 0 0 223.7709495574236 3.389845579862595
2374.647571600974 3658.581674613059 1016.850441202521 3191.412978179753 3454.849442072213 28.30802938342094 2075.12894859165 114.5427628159523 3584.989755392075 955.6093338429928 1314.644799917936 76.55508518218994 1374.778440967202 3055.766830548644 40.83686193823814 3.071378283202648 0.7011038586497307 0.7807189226150513 0.1260046809911728 1.09442937374115 0.2244906350970268 0 0.1300397664308548 0.1417515724897385 0.4414907097816467 2.090709641575813 0.1148374900221825 0.8962570205330849 0.1985357254743576 0 2073.172478564084 27.32305866479874 106.1585630774498 0 0 0.2518131285905838 36.02448196709156 8.457451499998569 9.293679490685463 0.4463828802108765 3.091430023312569 5.272129088640213 1.211791530251503 3.561088286340237 0.3139696419239044 0.1817651093006134 141.6256311684847 13.00891070067883 0.5741034671664238 4.730790577828884 12.81596676260233 0.4691692590713501 0.4170252978801727 1.352355629205704 37.75838779658079 76.8998771160841 137.3115442171693 774.4212189763784 225.5977468267083 142.5314489379525 2.799070239067078 5.073481909930706 0.1622456759214401 184.1321655362844 57.58409384638071 50.46139604598284 6.11174688488245 18.31132990121841 3.924495831131935 5.86511617153883 47.90190906077623 0.6351521015167236 0.2532052993774414 318.2570471465588 261.6828193366528 134.0222827643156 55.31337562948465 6.185384839773178 6.217618979513645 117.5217484161258 4.073555715382099 10.81140969693661 107.4449141547084 0.3806190937757492 73.70834828913212 27.51071304827929 12.40362498164177 0.2575240060687065 12.01526303589344 1.518168285489082 7.292986251413822 2.234086871147156 10.18299513310194 7.7210373878479 2.583775065839291 36.84913586080074 0.4213881939649582 0 1.988091692328453 1046.113673150539 0 1.580157145857811 1.797251835465431 2.273967117071152 0 23.27195793390274 2.811550989747047 12.90562948584557 13.65962666273117 6.46534238755703 0.1421325206756592 20.82277161628008 38.47558401525021 21.92481155693531 7.227332100272179 1.173774816095829 0 0 0 0 0 0 0 0 0 0 0 0 0 0 0 0.1360050290822983 0 0 2.006245583295822 0.5022586584091187 0 0 0 10.84405790269375 0.867514505982399 6.977922819554806 0.9184542968869209 1.013757467269897 0 0 0 0 0 0 0 0 0 0 0 0 0 0 0 0 0 0.1425740420818329 0 0.3540357053279877 0 0 3.018637537956238 0 0 0.1518277823925018 0.2858909890055656 0.2507891207933426 0 0.8006144315004349 0 0 9.540231145918369 0 0.1284420043230057 0.1740630865097046 0.2211802750825882 3.697897791862488 0 1.540298208594322 0 0.3397395610809326 0 0 0 0 0 0 0.1212271451950073 0.7341988384723663 1.150652796030045 0 0 14.2848027125001 2.766235634684563 3.737577572464943 405.3779419064522 26.5753431096673 790.9096218794584 164.6137678325176 784.9762584790587 35.23212563991547 5.236668325960636 48.05434467643499 57.37906480580568 0 0.9889955818653107 0.171862468123436 14.99172441661358 0 0 0.9373212456703186 1.209052324295044 0 190.7495709434152 23.87276888638735
254.6899988204241 1016.850441202521 862.4864007383585 825.358221590519 1002.732238575816 18.00539296865463 157.1905412599444 1498.357118457556 2665.000437349081 157.7826980948448 2823.121764525771 15.49143882840872 199.8471066579223 2127.238598480821 10.36710146069527 3.908543132245541 0.3515896797180176 0.1457732021808624 0 1.730835057795048 8.484445758163929 0 1.753343179821968 0.3807542622089386 0.2155945599079132 0.4314746111631393 0 1.356485918164253 0.1613083928823471 0 3089.789394035935 84.48126033693552 75.0025085285306 0.1296294033527374 0.9171777218580246 0.7731163501739502 22.01265751570463 8.529514700174332 6.029670357704163 0 14.95843871682882 8.062144234776497 5.574513338506222 0.777395561337471 0.1243217289447784 0 18.05002997815609 1.362544827163219 0.5973851829767227 3.297105237841606 7.794487535953522 0.2493827566504478 0 0.8451907783746719 3.59299647808075 7.330237403512001 31.62988825887442 299.0810056254268 32.71706212311983 10.99399285763502 4.576187781989574 10.90561456233263 0.4563556909561157 29.14781853556633 4.397280409932137 5.882450498640537 0.504824087023735 11.8508408665657 11.02119511365891 49.52951584756374 29.5038054138422 1.286314576864243 0 33.96586829423904 32.28504448384047 15.77217596024275 7.034194275736809 1.860418640077114 9.498910166323185 702.2249655425549 0.8731429725885391 84.89408005774021 5.197738900780678 0.12111846357584 6.495836697518826 2.269833713769913 5.023158937692642 0 2.145030982792377 0.1197191178798676 0.8103440701961517 0.3875719010829926 101.7780453190207 11.28587811440229 0.8925562053918839 12.01378765702248 1.476979270577431 0 1.584469810128212 189.2704284712672 0.5213824510574341 0 0 0 0.7041404545307159 6.038563273847103 1.896841317415237 1.856962099671364 2.213352784514427 0.9851421564817429 1.221158280968666 6.494006097316742 14.10890490561724 11.29831587523222 1.482198253273964 0 0 0 0 0.1592941582202911 0 0 0 0 0 0.84278654307127 0 0 0 0 0.2471801266074181 0 0.1366740465164185 0 1.139888480305672 0.1728436052799225 0 0 0 6.124942682683468 0 4.435199446976185 0.8478104025125504 0.3791614472866058 0.2410781905055046 0.9087367951869965 0 0 0 0 0.1214407458901405 0 0.2971710860729218 0 0 0.1240857243537903 0 1.149079456925392 0 0 0 0 0 0 0 0 4.968316316604614 0 0 0 0 0 0.1146472468972206 0 0 0.5078424364328384 6.444134764373302 0 0.4910901784896851 0.2239646837115288 1.182003311812878 0.4001137018203735 0.1270940601825714 0.2314409911632538 0 0 0.2011358290910721 0 0 0 0 0 0 0 0.1248930692672729 0.2753708809614182 0.3702974915504456 5.55706474930048 2.591225102543831 1.748831309378147 51.91230544447899 7.778014831244946 68.23648057132959 26.26436304301023 36.60457863658667 3.28433745354414 0.6294132173061371 6.435421116650105 8.866657897830009 0.1357094794511795 0.6567294225096703 0.4839158356189728 3.067397981882095 0 0 0 0.1838131099939346 0 11.20479819923639 8.659587666392326
1344.368581548333 3191.412978179753 825.358221590519 192.2931305319071 315.1440306082368 132.7521522194147 1993.150955103338 65.28220425546169 83.70435005426407 3056.604534938931 224.5250887125731 469.0952524244785 2213.869144499302 208.092355825007 2.663162499666214 0.1270800679922104 0.3835901468992233 0.6541891694068909 0 0.1866453886032104 0 0 0 0 0.1740982681512833 0.1583958566188812 0 0 0 0 123.5193493366241 2.842840239405632 2.400567330420017 0 0.1318108886480331 0 1.636507153511047 0.5610122084617615 0.5822168216109276 0 0 0 0.2788259238004684 0.7774294167757034 0.1105118095874786 0.2528350055217743 18.09441138803959 2.176120169460773 0 0.7942803502082825 1.876132644712925 0.122985377907753 0 0 7.981057859957218 19.96067624539137 69.43513855338097 213.0160060375929 102.8044152781367 16.61127915978432 0.6246102601289749 0.2267616093158722 0 28.27088272571564 14.10669357329607 9.305289678275585 0.779049426317215 3.77450866997242 0.9142314940690994 0 13.13497580587864 0.1778463423252106 0 81.5900956839323 57.15631279349327 13.00453254580498 9.821675390005112 1.420569881796837 1.138579800724983 3.775983594357967 0.5804045051336288 0.7827041670680046 21.91248967498541 0.1241981834173203 11.60660915821791 5.492302566766739 3.152563847601414 0.1119038760662079 3.078344270586967 0.2702389881014824 1.049375094473362 0.2023540288209915 1.53330947458744 0 0.3734559714794159 180.4520302861929 1.858181446790695 0.181226521730423 1.110578924417496 547.2410197108984 0 1.108994945883751 0 2.335240185260773 0 6.053656339645386 2.25223408639431 1.551252439618111 4.757734417915344 2.361612975597382 0.3616258203983307 3.358347326517105 8.272599205374718 3.97767573595047 0.4001629054546356 0 0 0 0 0 0 0 0 0 0 0 0 0 0 0 0 0 0 0 0 0 0 0 0 1.901095256209373 0 1.033144503831863 0 0 0 0 0 0 0 0 0 0 0 0 0 0 0 0 0.1533818691968918 0 0 0 0 1.029566198587418 0 0 0 0 0 0 0 0 0 0.3566191494464874 0 0 4.163199201226234 0 0 0 0 0.1680202037096024 0 0 0 0 0 0 0 0 0 0 0 0.3964079022407532 0 0 0 0.8659200146794319 0.3404856026172638 0.6294738203287125 118.6301093026996 3.351774476468563 136.0348304957151 27.63098727166653 856.9419420957565 5.094712048768997 0.2022976875305176 3.812315411865711 23.3746759518981 0 0 0 12.9893874078989 0 0 0 0 0 145.8745952993631 5.747686237096786
72.92340812832117 3454.849442072213 1002.732238575816 315.1440306082368 4061.231347173452 7.213010251522064 1655.043567582965 302.9544407278299 6659.041338324547 275.2935840636492 523.3187220990658 20.05041682720184 304.2970398813486 2404.172551937401 42.05939292907715 0.8914662450551987 0.1381527930498123 0 0 0.1549389809370041 0.1385638117790222 0 0.1269970536231995 0 0 0 0 0 0 0.162965402007103 165.0671739578247 7.337964862585068 18.96644019335508 0 0 0 9.124587997794151 3.11681542545557 2.855011761188507 0.3507697880268097 0.3762686103582382 0 0.6428500860929489 0.4983191043138504 0 0 115.6467412635684 7.976272635161877 0.5602670013904572 1.728717871010303 4.436993189156055 0.4988310933113098 0 0.1793684065341949 12.64035017043352 29.24371282756329 21.65680184215307 92.84848036617041 44.51775753498077 102.4088291674852 0.5703260451555252 2.295912533998489 0.4904308319091797 60.41257815063 21.68923272192478 20.89523428678513 2.091076925396919 8.00210116058588 2.150487326085567 0.5225304365158081 46.51771841943264 1.078582167625427 0 114.3677206039429 97.60414297878742 107.4256649985909 38.77191546559334 1.839502304792404 2.327264122664928 13.88064110279083 1.492141611874104 3.212489150464535 33.18117002397776 0.1428864896297455 35.27297630906105 9.694425895810127 3.538378246128559 0.5216876044869423 6.000305347144604 0.6788196489214897 2.270684532821178 0.5243767574429512 1.932779982686043 0.5835554376244545 0.536831445991993 12.31145133078098 4.769183292984962 0.08559925854206085 2.484950065612793 31.4050677344203 0.2854284644126892 2.279506176710129 3.435617044568062 1.244059085845947 0 39.10878686606884 4.128953367471695 24.02430123090744 15.93956452608109 15.01286260783672 2.97653292119503 43.61344337463379 87.7013077288866 48.28030424565077 13.72588346898556 0.3087899684906006 0 0 0 0 0 0 0 0 0 0 0 0.5673336386680603 0 0 0 0 0 0 2.201096713542938 0.784681648015976 0 2.452374130487442 0 12.47002093493938 1.945569217205048 11.51966431736946 0.7546228766441345 1.411883115768433 0 0 0 0 0 0 0 0 0 0 0 0 0 0 0 0 0 0 0.5833013951778412 2.58094896376133 0 0 5.425840154290199 0 0 0 0.2003703862428665 0.1555781215429306 0 0 0 0 25.64940713346004 0.156390443444252 0 0 0 7.800355806946754 0 4.36932373046875 0 0 0 0 0.6946651935577393 0 0 0 0 0.140982374548912 0.3430352956056595 0 0 29.12910975515842 12.15862812101841 6.440850481390953 365.6977971196175 10.52538524568081 475.4149585217237 121.8288937062025 143.6595361754298 24.62222398817539 2.392808198928833 47.81476067006588 92.28758415579796 0 1.589713215827942 0.9623556733131409 30.18497684597969 0 0 0 1.691358059644699 0 79.55594627559185 50.50051365792751
65.47205969691277 28.30802938342094 18.00539296865463 132.7521522194147 7.213010251522064 2.939349085092545 39.46382451057434 0 2.235562935471535 265.225185751915 3.897154077887535 98.31732203066349 82.51080805063248 11.44213710725307 0 0 0 0 0 0 0 0.2532640174031258 0 0 0 0 0 0 0 0 13.1640302836895 0.2641381919384003 3.013359993696213 0 0 0 2.710868261754513 0.2734391987323761 1.85470899939537 0 0 0 0 0 0 0 0.2587692886590958 0 0 0 1.880867920815945 11.42159705609083 0.7259730473160744 0 0 1.913136057555676 162.8304625451565 10.7589960694313 20.1264811232686 0.8024357110261917 0 0 0 0 0 0.7281723916530609 0.2997202575206757 0.5213200449943542 0 0 72.22312704473734 156.435115903616 43.94310390949249 2.357733935117722 2.007712841033936 0 0 0.1097044348716736 0 0 0 0 0.4773561209440231 1.189792610704899 0 2.189356051385403 0 5.969698488712311 5.468757033348083 18.42741800099611 5.0538464859128 7.976382993161678 0.1862621307373047 0.5635009706020355 1.786387272179127 464.5504186153412 207.0040273070335 69.84307196736336 17.70868001878262 267.440294072032 0 0 0 0 0 1.144147038459778 0 0 0 0 0 0.4646149873733521 0.7541888058185577 0.3059388548135757 0 0 0 0 0 0 0 0 0 0 0 0 0 0 0 0 0 0.2211087644100189 0 0 0 0 0 0 0 0.1400700062513351 0 0.1173962205648422 0.2673299312591553 0.1090529039502144 0 0 0 0 0 0 0 0 0 0 0 0 0 0 0 0 0 0 0 0 0 0 0 0 0 0 0 0.1547703742980957 0 0 0 0 0 0.5759325921535492 0 0 0.2715246751904488 0 0 0 0 0 0 0 0 0 0 0 0 0.3190539181232452 0.4147043377161026 0 0 0 0 0.129860132932663 7.045767031610012 0.6519770175218582 2.185760736465454 0.6508668959140778 131.4685118049383 0.361869141459465 0 0 3.237053573131561 0 0 0 0.6795574426651001 0 0 0 0 0 32.24120032787323 0.9678514450788498
392.0727433264256 2075.12894859165 157.1905412599444 1993.150955103338 1655.043567582965 39.46382451057434 935.1439483314753 8.780735097825527 5814.899967744946 1610.443616330624 85.19673185795546 91.89914147555828 6001.34125392139 3573.074706748128 28.09683699160814 0.784551702439785 0.4511646032333374 0.4002060443162918 0.2875203043222427 0 0 0 0.1351786106824875 0.1393672078847885 0 0.2836927622556686 0.1484505236148834 0.4080998748540878 0.1654973030090332 0 106.5039390325546 3.995690912008286 33.07491327822208 0 0 0.7680063843727112 16.1782058775425 5.881050117313862 4.232679963111877 0 0.2542974427342415 0.1172084733843803 0.3313022553920746 1.104190446436405 0 0 93.07724682986736 4.177126988768578 0.8591987639665604 1.851031832396984 6.331371404230595 0.1234956532716751 0.09785864502191544 0.1361135840415955 12.29135396331549 31.10590767115355 37.78131487220526 146.4434252604842 68.51983416825533 77.05454524606466 0.4118108376860619 1.884547397494316 0 66.75470866262913 19.68701131641865 18.61324138939381 1.76684582233429 7.351294629275799 1.401808343827724 0.743355467915535 66.48999388515949 0.1979799419641495 0.108396016061306 119.6621483564377 98.79617006331682 73.44548999518156 25.0379209369421 3.061150260269642 2.19778211414814 18.97613716870546 1.449745878577232 6.518402948975563 38.95262847095728 0 24.12175527215004 9.810778401792049 4.125086754560471 0.4805497974157333 4.439880177378654 0.5376008898019791 2.291252866387367 0.6554962769150734 0.4871733337640762 1.312300190329552 0.4174237847328186 58.37236881256104 4.077032715082169 0 2.567380726337433 73.20728975534439 14.10524524748325 41.63008092343807 170.3989935517311 91.92725501954556 5.413187369704247 361.9649564176798 19.31443704664707 59.43701800704002 278.7961947768927 71.24132087826729 2.771800652146339 177.7529837861657 204.2063093930483 121.6645065844059 16.28360633552074 0.3454661965370178 0.1815565973520279 0 0 0 0 0 0 0 0 0 0 0.8655989170074463 0 0 0 0 0 0 5.229085981845856 2.00837904214859 0 0.8532984256744385 0.7500013709068298 32.02566856145859 1.142710447311401 16.23888935148716 1.144403159618378 1.368537932634354 0 0 0 0 0 0 0 3.523246303200722 1.147393435239792 0 0 0 0 0 4.784425228834152 5.408511742949486 2.178781479597092 8.271048873662949 6.979463443160057 7.648894123733044 0 1.670454502105713 12.9316735714674 3.715989425778389 1.891686365008354 1.610241368412971 0.8479960784316063 0.1450489461421967 0 0.452490508556366 0.1389653235673904 0 44.62703123688698 0.2293052226305008 0 0 0.2872276306152344 14.24401444196701 0 4.15979839861393 11.21285900473595 13.39632518589497 2.13262727856636 1.577878966927528 0.6588182300329208 0.3299204260110855 0.7876183986663818 0 0 0.7702415138483047 0.2342985272407532 0.244947537779808 0 59.28650680929422 18.65437723696232 17.38165366649628 504.7102022096515 10.49109653383493 431.5987867116928 117.1327694058418 460.7240702658892 26.72121703624725 0.6518749892711639 61.90855252742767 276.4355680793524 0.3706472739577293 25.10707764327526 6.142167523503304 157.0203503072262 0.1748344302177429 0 3.095170050859451 1.253652304410934 0 227.1622788235545 129.0998737215996
54.90389956533909 114.5427628159523 1498.357118457556 65.28220425546169 302.9544407278299 0 8.780735097825527 1924.297008737922 265.7184790074825 26.81517772376537 5145.045779675245 7.927079617977142 130.6035970970988 2180.193039022386 41.48753061890602 10.33764256536961 0.9673371315002441 2.313392661511898 0.2562463283538818 7.244972735643387 22.21172220259905 0 6.552448585629463 3.104107320308685 0.4393795058131218 1.450334526598454 0 1.25261864066124 0.177779883146286 0 1634.114249333739 4129.502890579402 78.35092458873987 3.093626387417316 2.744611829519272 0.7778018787503242 13.51115757972002 6.275863274931908 6.567389741539955 0.3967599123716354 15.75472559779882 8.581968493759632 21.06924246251583 4.992390394210815 0.9090112596750259 2.241330415010452 122.782793007791 5.480090662837029 1.858541890978813 9.33595547825098 10.41747415065765 0.5901757329702377 0 0.2133613377809525 9.683842822909355 19.34575260430574 24.7091631218791 194.5387208536267 57.39058120548725 93.31400553882122 198.12945651263 17.97059664130211 5.273507982492447 795.4744381681085 13.09351155161858 15.02894076704979 2.9649847894907 14.10600853711367 21.24911446124315 59.33311292529106 8.813118159770966 0.4407347440719604 0.09902248531579971 125.4990321323276 252.7334727421403 142.7992891147733 662.3694668710232 261.9844812750816 1719.182557925582 2486.886645875871 142.3715391382575 916.5693244338036 30.95624877512455 0 22.21840600669384 6.993927784264088 12.26020695269108 0.1405537873506546 3.022915415465832 0.2676930651068687 2.291254714131355 0.8113944381475449 83.87246923148632 11.10052794218063 1.854317083954811 1.919207632541656 0.1075668632984161 0 0.3332227766513824 51.22238416224718 0 0 0 0.3272852301597595 0 0 0 0.1723939925432205 0.1213886365294456 0.118600495159626 0 0.525198370218277 1.826071552932262 0.4296171963214874 0 0 0 0 0 0 0 0 0 0 0 0 0 0 0 0 0 0.194343164563179 0.3073914349079132 0 0.2173344641923904 0.2673485279083252 0 0 0 0.3957457840442657 0.08984078466892242 1.083783835172653 0.4169567674398422 0 0 0.1183715090155602 0 0 0 0 0 0 0 0 0 0.6393518298864365 0 0.1400623917579651 0 0 0 0 0 0 0 0 0.3918762803077698 0 0 0.1072404384613037 0.1783030331134796 0 0 0.2166193276643753 0 0.1619780361652374 0.9104917943477631 0 0 0.1579972952604294 0.3410647660493851 0.1498388946056366 0 0 0 0 0 0 0 0 0 0 0 0.1456397771835327 0.1560866385698318 0.3871074020862579 0.2718943729996681 0.1492340117692947 0.5092492997646332 1.229821652173996 96.15286640077829 10.58237887173891 313.0109156370163 78.73091021180153 54.04326812922955 10.86130124330521 0.6595243513584137 12.76408042758703 2.34667681157589 0.2385378628969193 0 0.618496835231781 0 0 0 0 0.776047945022583 0 28.84699411690235 1.134975627064705
19.07385796308517 3584.989755392075 2665.000437349081 83.70435005426407 6659.041338324547 2.235562935471535 5814.899967744946 265.7184790074825 1331.742441490293 116.6157170534134 1744.243671283126 7.237650021910667 497.0081646442413 1491.448919549584 13.0012616738677 0.9321847259998322 0.153606191277504 0 0 0.1357507258653641 0 0 0 0 0 0 0 0 0 0.1208087652921677 327.6769228577614 1.633641868829727 13.26281885802746 0 0 0.2133030295372009 7.771292865276337 0.956228643655777 2.805285051465034 0 0 0.6946086138486862 0 0 0 0 32.46593386679888 0.7364795655012131 0 0 1.034147024154663 0 0.19209885597229 0 2.309671059250832 3.070171266794205 5.413042642176151 11.92280381172895 5.815665014088154 18.72863231599331 0.1701060384511948 0.3293891251087189 0 15.44032521545887 2.720429956912994 3.804841257631779 0.1939203143119812 1.009384490549564 0 0.1723746657371521 19.74142886698246 0 0 18.68419089913368 10.89682067930698 29.98152302950621 9.173635825514793 0.1196317225694656 0 6.494200117886066 0.1907431930303574 1.412138760089874 4.996568292379379 0 3.731803223490715 1.402572914958 0.1104195117950439 0 1.218147024512291 0 0.8519442602992058 0 0.7842597365379333 0.2749078422784805 0 7.771771863102913 2.023188322782516 0 0.8376250863075256 11.87036536633968 0 2.13241782784462 1.667298838496208 1.553236186504364 0.4214008748531342 32.8731292784214 1.841379478573799 11.81505307555199 13.14276352524757 8.880234450101852 0.2174755185842514 32.26262579858303 59.32824151962996 33.02929039299488 4.60676197707653 0 0.6241076588630676 0.7051590085029602 0 0 0 0 0 0 0 0 0 0 0 0 0 0 0 0 3.67612960934639 0 0 0 0 10.99719626456499 0 5.01837332546711 0 0 0 0 0 0 0 0 0 0 0 0 0 0 0 0.1795531511306763 0 0 0 0 0 0.296744093298912 0 0 2.906214639544487 0 0 0 0 0 0 0 0 0 11.82737597078085 0 0 0 0 2.442823395133018 0 1.636394292116165 0 0 0 0 0 0 0 0.5647515058517456 0 0 0 0 0 11.5059802159667 5.190811440348625 5.537185445427895 123.4485381469131 3.286737740039825 98.25378592312336 33.91537508368492 32.76096342504025 7.407777264714241 0.5610394775867462 16.62504059076309 67.71198680996895 0 0.2655941545963287 0.4036824405193329 18.89001861214638 0.2872146666049957 0 0.5762786865234375 0.6447712332010269 0 40.92790947109461 30.99814994633198
1660.322931349277 955.6093338429928 157.7826980948448 3056.604534938931 275.2935840636492 265.225185751915 1610.443616330624 26.81517772376537 116.6157170534134 2023.426940277219 41.56367529928684 3925.41997307539 12673.04711088538 1609.618505239487 3.234313040971756 0.5476368367671967 0.3369824588298798 0 0 0 0 0 0.1196825206279755 0 0 0 0 0 0 0 49.71026658266783 1.682716384530067 14.33090274035931 0 0 0 7.671767979860306 1.112989038228989 3.224142767488956 0 0 0 0.3758521378040314 0.5595810115337372 0 0 18.59111711382866 1.964939460158348 0.362909197807312 0.5120221376419067 1.852791659533978 0 0 0 6.118918716907501 11.83584107458591 123.0019807368517 132.4615686684847 81.89802645891905 12.9262959882617 0.5246697589755058 0.1078350245952606 0 18.15527699142694 7.830719955265522 8.000777713954449 0.5981020331382751 2.521140560507774 1.206677839159966 0.553762674331665 61.16056670248508 1.484394267201424 1.518184334039688 58.92735747992992 39.59338222444057 12.35348632931709 1.656122356653214 0.3270351737737656 0.2605650126934052 1.640053063631058 0.5106304660439491 1.215152785181999 16.9254976734519 0.1759338825941086 7.226600162684917 5.498930864036083 0.633393332362175 0.489369623363018 2.388622134923935 0.5506329983472824 0.5245385095477104 1.11052480340004 0.4334398880600929 0.1187783777713776 0.1207714825868607 355.5028144270182 61.27332742512226 1.783038064837456 1.691855028271675 631.1206538528204 3.503764852881432 18.05573507398367 120.3423384428024 187.4089096039534 0.3220722377300262 79.5952216386795 28.08761341124773 25.51652462780476 78.32905203104019 83.38476367294788 1.158008217811584 68.46476832777262 142.5093959793448 97.71940696239471 6.172434613108635 0.5229650735855103 0.3856151700019836 0.1236389502882957 0 0 0 0 0 0 0 0 0 0.8598560094833374 0 0 0 0 0 0 2.45263983309269 0.1822123378515244 0 0 0 7.066056452691555 0 5.845873780548573 0.5001558065414429 0 0 0 0 0 0 0 0 0.402778223156929 0 0 0 0.1129990071058273 0 0 0.7729829847812653 0.1426768451929092 0.2746842950582504 1.20139117538929 1.163190916180611 5.686897575855255 0 0 3.301956281065941 0.2950544655323029 0.2549355328083038 0.4623090326786041 0 0.3900797963142395 0 0.3412380367517471 0 0 12.91887328773737 0 0 0 0 3.221748903393745 0 1.218135967850685 0.5932734161615372 1.793444707989693 0 0 0 0.2509801387786865 0.1534253805875778 0.2632148563861847 0 0.3502605110406876 0.239097073674202 0 0 14.50213371217251 4.173032313585281 3.924305364489555 481.9468385279179 2.080834895372391 123.6453056558967 37.0869116038084 1375.586941339076 10.9379568696022 0.4312723129987717 13.14094986021519 202.5153748169541 0.5621474981307983 4.963154494762421 1.310880199074745 98.57949708402157 0.3458942472934723 0 0.5934583097696304 0 0.6004286408424377 323.358987390995 71.93334628641605
269.949975349009 1314.644799917936 2823.121764525771 224.5250887125731 523.3187220990658 3.897154077887535 85.19673185795546 5145.045779675245 1744.243671283126 41.56367529928684 2337.822643741965 29.70761960744858 400.1292181387544 3494.827512480319 52.86833491921425 14.42730989307165 0.9081571698188782 0.2813588976860046 0 0.09812090545892715 0 0 0 0 1.404510378837585 3.701002299785614 0 8.555756911635399 0.91177698969841 0 2272.424647040665 256.3776023387909 841.807070247829 0.1427026689052582 0 0.8960190564393997 354.6923402547836 114.7090361341834 84.4043128117919 2.995517447590828 21.57455711811781 49.64908336102962 0.9639136046171188 2.914534084498882 0 0 72.81190201640129 4.111211113631725 1.087334141135216 4.242231905460358 14.082837857306 1.441838324069977 0.5906417667865753 11.3842386007309 5.036822535097599 14.40208728611469 38.83153361827135 281.0915238037705 47.5734313800931 38.61980703473091 2.440638512372971 34.39180475473404 0 62.90738682448864 7.721541486680508 8.129040479660034 2.245340287685394 6.957069858908653 5.752902455627918 12.24662428349257 294.2813323289156 0.3407045006752014 0 70.41899683326483 67.97706741839647 64.19427113234997 38.82439083606005 6.065911866724491 2.825328163802624 317.1654391288757 0.8040550425648689 11.07473148405552 19.89568605273962 0 12.54458363354206 4.016006469726562 6.65132612735033 0.427029013633728 3.772752776741982 0.2431558594107628 2.139497153460979 2.515319459140301 59.19103463739157 30.75011426210403 9.007832780480385 6.0881342664361 0 0 11.30717548727989 189.3006955310702 0 0 0.5648590326309204 0 0.9988216906785965 8.662492960691452 0.2469161301851273 5.203640043735504 3.363629892468452 1.42798525840044 0.5575135052204132 7.643333256244659 17.72491329908371 13.78061401098967 3.732638768851757 0.9369357451796532 0.1276975572109222 0 0 0 0 0.2109831422567368 0 0 0 0 0 0.7621446549892426 0.1118461638689041 0.2902660965919495 0 0.1551565378904343 0 0 0.5795327126979828 0.8340838700532913 0 0 0.1764010339975357 9.011732742190361 0.6748285889625549 13.6567360907793 1.783926367759705 2.173789173364639 0.1399536281824112 0 0 0 0 0 0 0.1742761433124542 0.3218725323677063 0 0 0.6487901955842972 0 0.5957173854112625 0 0 0 0 0 0.1450855582952499 0 1.317978978157043 3.547284990549088 0.373216450214386 0 0 0 0 0.1853051036596298 0 0.4101942628622055 0 9.198124498128891 0.4845383763313293 0.1421286910772324 0.3023315370082855 2.639081984758377 4.243874087929726 0 2.415153339505196 0 0 0.4119042158126831 0 0 0 0 0 0.2020391076803207 0 0.9697633534669876 0.6050751805305481 0.16680708527565 8.233442589640617 5.799175031483173 6.125468894839287 229.5345460623503 11.26452834159136 218.2272274792194 96.06616920977831 97.98830669373274 9.04070882499218 0.6044839769601822 33.4272972792387 20.07638977468014 2.385244935750961 0.8252165019512177 1.153954148292542 5.560582831501961 0 0 0.6849198937416077 0.1914596110582352 0 35.97663202136755 12.97941797971725
110.2068019658327 76.55508518218994 15.49143882840872 469.0952524244785 20.05041682720184 98.31732203066349 91.89914147555828 7.927079617977142 7.237650021910667 3925.41997307539 29.70761960744858 348.2953003197908 1351.530467629433 220.0749635100365 8.665122792124748 2.818147636950016 0 0 0 0 0 0 0 0 0.4720942974090576 0 0 0 0.6723982691764832 0 15.71482627093792 1.919488072395325 17.64593917131424 0 0 0 46.47899706661701 13.35654738545418 3.096337229013443 0.8473169207572937 0.4069100618362427 0.9913701117038727 0.1386170983314514 0.3050034418702126 0.1301593035459518 0 12.94616099447012 0.2399991601705551 0 0 0.0872797816991806 0.1663155555725098 0 0.3783503621816635 0.4837833046913147 1.317664079368114 13.19944162666798 11.97232767939568 6.091665782034397 3.656451962888241 0 1.831166192889214 0 5.740499079227448 0 1.16093610227108 0.1207418218255043 0.6986116394400597 0.5432545244693756 0.1531397998332977 35.37145663797855 2.883402615785599 0.5085717439651489 9.664053000509739 8.114523068070412 7.484308920800686 4.143894337117672 0.55789914727211 0 3.493035390973091 0 0.3698336556553841 2.007949888706207 0 0.8009296655654907 0.39592644572258 0.1788514107465744 0 0.1192044615745544 0 0 0.1110920384526253 0.2800553515553474 0 0.256879098713398 366.600871399045 12.79639552533627 0 0.570645809173584 74.18012902140617 0.2600986063480377 7.287580788135529 1.244311332702637 8.090922430157661 1.653439745306969 57.19973184168339 5.659245684742928 30.84673817455769 34.23667833954096 19.01650605350733 1.426909171044827 68.20400950312614 133.756049208343 87.51613773405552 11.65165407955647 0 0.1066028922796249 0 0 0 0 0 0 0 0 0 0 0.1493109315633774 0 0 0 0.1019819602370262 0 0 3.123675689101219 0.3075205385684967 0 0 0 17.18177486211061 1.480916082859039 8.321618050336838 0 0.9032090753316879 0 0 0.2331223636865616 0 0 0 0 0.1952419281005859 0.7237281799316406 0 0 0 0 0.2012477219104767 0.1134181320667267 0.2238691300153732 0 0.2833446264266968 0 3.474793083965778 0 0.8833003044128418 6.200543351471424 0 0 0 0 0 0 0 0 0 27.98656798154116 0.4825977981090546 0 0 0.1419702768325806 5.184229098260403 0 3.99383407831192 0.4779733717441559 0.10139100253582 0.08663173764944077 0.182369738817215 0 0 0 0 0 0.1013382375240326 0 0 0 45.00696893781424 9.714693687856197 7.911035843193531 166.2414174005389 1.39988624304533 52.61572618037462 27.56522981822491 311.5624629110098 8.163522019982338 0 11.66460830718279 140.5771865472198 0.2163696736097336 1.46720452606678 1.671513855457306 56.30115640163422 0 0 0.1766221523284912 0 0 508.9743009582162 150.7089999243617
310.3895500004292 1374.778440967202 199.8471066579223 2213.869144499302 304.2970398813486 82.51080805063248 6001.34125392139 130.6035970970988 497.0081646442413 12673.04711088538 400.1292181387544 1351.530467629433 3261.579605996609 3336.760673828423 74.5208892300725 13.82813958823681 1.123298138380051 0.177722156047821 0 0.1167698353528976 0 0.5368812084197998 0 0.2704507932066917 0 0.555835485458374 0.1107605397701263 2.312843933701515 1.124127879738808 0 182.3792294412851 18.64177326858044 329.0912303104997 0.1965026706457138 0 2.142867982387543 450.5599486976862 211.2348111048341 32.65262530744076 15.81549423933029 1.132917940616608 8.259793907403946 0.1389894038438797 2.23120079934597 0 0 104.943815343082 2.00440838932991 0.8473336473107338 1.015372693538666 2.777328312397003 1.308914661407471 5.08163383603096 3.779775723814964 7.868112780153751 14.02722671627998 36.27523000538349 70.6898881867528 34.97604712843895 53.12391896545887 1.525858499109745 17.69085282832384 0.1948789358139038 45.74225491285324 7.441391877830029 9.25316859036684 0.8050250858068466 2.125768922269344 0.8265161141753197 1.323537766933441 346.0114304125309 5.849380388855934 0.2243039533495903 67.98231348395348 50.62069669365883 85.35741101205349 42.8581362888217 3.916262038052082 0.1073901206254959 78.07090786844492 2.493284687399864 7.083647824823856 16.08506637811661 0.1591258496046066 10.77431957423687 4.408883944153786 1.616679668426514 0.7862679362297058 3.029752939939499 0.3851189985871315 1.016575589776039 0.4023449495434761 7.603806383907795 3.208662308752537 4.668029703199863 1990.078626647592 41.84848321229219 0 16.00998142361641 125.3744947612286 1.143503323197365 28.06485648453236 17.39249788224697 45.30096551030874 3.399275779724121 366.6079030111432 20.13206331431866 154.6105004698038 222.90600900352 135.9697769209743 12.6541151329875 395.8962383121252 668.1532693505287 470.08032489568 61.48395638167858 1.103020541369915 0.7863527908921242 0 0.1771407276391983 0 0 0 0 0.1522980630397797 0 0.2007811963558197 0 0.5669122710824013 0 0.332072451710701 0 0.2554551810026169 0 0 9.273472115397453 4.649338394403458 0 7.874925017356873 0 90.04891243577003 6.657559715211391 38.73712600022554 5.920152135193348 2.81666674464941 0 0.4875680357217789 0 0.1142258644104004 0 0.9364807307720184 0 0.1257878988981247 1.955725409090519 0 0 0.3136492073535919 0.1799295395612717 0.1501386016607285 0 0.155137374997139 0 2.346374928951263 1.875195607542992 13.28615581989288 0.145092099905014 2.606872528791428 31.74487362056971 2.155174687504768 0 0 0 0 0 0.1244728714227676 0 0 129.2175852358341 3.928841382265091 0.2151146605610847 0.1007848456501961 0.278223842382431 28.98894379287958 1.242953896522522 14.00128024071455 0.4258526712656021 0.5611802786588669 0.9357571005821228 0.1180657893419266 0.2411530762910843 0 0.1388604491949081 0.6130011975765228 0 0.09548556804656982 0.2658978775143623 0.1200119480490685 0 188.7152038812637 52.60913223028183 42.89580421149731 789.023943759501 15.4131860435009 379.074766613543 196.7780661657453 559.0119037479162 24.37961185723543 0.5382937341928482 87.36593736708164 692.1148758754134 0 8.202194347977638 2.778912350535393 244.6379295065999 1.273008264601231 0 1.805486440658569 3.061195582151413 1.433965027332306 1034.998219117522 553.4082594439387
208.703063249588 3055.766830548644 2127.238598480821 208.092355825007 2404.172551937401 11.44213710725307 3573.074706748128 2180.193039022386 1491.448919549584 1609.618505239487 3494.827512480319 220.0749635100365 3336.760673828423 2673.357680544257 134.2090139836073 23.35277326405048 0.6929468810558319 0.4169264361262321 0.2267959862947464 1.38176517188549 0.7512294054031372 0.9705621004104614 0 0.2269384488463402 0.7552085816860199 6.330387242138386 0.2088453769683838 1.731188520789146 0.8201145082712173 0.2349058613181114 993.1171491295099 54.40344686806202 3211.59454151988 0 0.223746195435524 0.9161932468414307 1162.413917124271 562.5690989121795 117.3220300450921 14.92601473629475 13.78996244817972 31.6859385818243 1.027030639350414 5.910512663424015 1.016917839646339 0.9354706257581711 192.4175063669682 5.825019486248493 0.7064861208200455 2.041844084858894 9.791313990950584 2.322054982185364 4.994424812495708 12.5707538202405 9.384294010698795 19.61654681712389 35.28740472346544 152.143995679915 48.64154372364283 104.2231720909476 1.742836438119411 103.1859772950411 0.7277276366949081 91.60832925885916 13.04639296233654 15.59616133570671 1.799740515649319 8.406379878520966 3.396443575620651 5.293984048068523 569.0914881154895 5.513664126396179 0 97.09850816428661 109.7486562728882 179.9174490496516 83.60909792780876 7.277470774948597 2.016899168491364 242.4827238991857 0.9515091329813004 6.858584500849247 25.42202736437321 0.1129647418856621 18.1035093665123 5.966984733939171 4.2344671189785 0 3.521291203796864 0.08978965133428574 4.371534548699856 3.808445014059544 32.8285903558135 16.65207421034575 9.088105320930481 248.0457859784365 5.36490336060524 0 13.94914679229259 135.9813969954848 1.661734253168106 6.259991124272346 8.912693798542023 9.236464396119118 1.332407310605049 142.9687428772449 7.577177539467812 67.15999614447355 70.89081305265427 37.111802123487 5.513035461306572 159.2513164356351 293.3205651119351 174.9983390644193 38.1962083876133 0.3071891069412231 0.3186147287487984 0.1269300132989883 0 0 0 0 0 0 0 0 0 2.834445871412754 0 0.1809117645025253 0 0.2100664675235748 0 0 8.951167315244675 2.524796217679977 0 2.160939186811447 1.660370223224163 49.99141871184111 9.435911774635315 31.10360632836819 5.711650095880032 5.889982789754868 0 0 0.1565772145986557 0 0 0.411478728055954 0 0 1.108533717691898 0 0 0.1875488311052322 0.153848722577095 0.4734596163034439 0.2205146700143814 0 0 0.5948424190282822 1.194268003106117 6.443470925092697 0 5.359695136547089 22.5537162348628 0.6972318738698959 0.1382193118333817 0 0 0.1192083954811096 0 0.6893237009644508 0.3655366599559784 0 74.2974209561944 1.949335366487503 0.3658874928951263 0.3521005511283875 0.6116368472576141 21.36901387572289 0 11.66465615481138 0.6877303719520569 0.2204460352659225 0.4238013252615929 0.444903239607811 0 0 0 0.140687882900238 0 0.3103156685829163 0 0.5244580209255219 0 104.332849368453 40.13033147156239 33.93687452375889 820.8824214488268 21.53782692551613 603.6773909404874 280.362853474915 230.7504670396447 37.78446908295155 1.274391859769821 131.5495195686817 271.2238526716828 0.721089094877243 3.062767885625362 3.126930311322212 102.4410614818335 0 0 1.217774897813797 4.605471104383469 1.434599906206131 376.1436263248324 226.2817643359303
