347.0547011047602 5403.592021286488 619.5334389805794 1419.586114153266 234.8569391742349 211.059007294476 1518.820091463625 22.10435273498297 10.38102962076664 1032.467964701355 190.0032385662198 779.2999126464128 965.1347304657102 162.5822539329529 0.7200674414634705 0 0.1014648452401161 0 0 1.015960589051247 0.1032450124621391 0 0 0 0.1267698854207993 0 0.08870850503444672 0 0 0.1035015434026718 370.9858893081546 1.816601291298866 1.8404625877738 0 0 0.6637635827064514 1.44591499119997 0 0.9225849360227585 0.3942764401435852 0 0.1242210865020752 0 0.7041994854807854 0.2234704494476318 0.2238590642809868 20.31282952427864 1.729881182312965 0.3620473891496658 0.1018915921449661 0.3177620023488998 0 0 0.3424531668424606 10.63368026167154 40.71311965584755 432.0592597350478 1264.555841214955 104.0676172301173 13.93829108774662 0 0.104282908141613 0 1.975352093577385 20.25382824242115 6.218161337077618 1.695123739540577 0.6151623278856277 0 0.1394867897033691 32.78439835458994 0.8969597220420837 0.1260821521282196 344.8201041966677 75.75813598930836 32.84072244167328 0.3996007964015007 0.7111541554331779 0 21.30719167739153 0.09120939671993256 0.3936210498213768 30.53558152914047 0.6973832324147224 3.942521959543228 19.45039834827185 0.3317480236291885 0.9660458266735077 3.491936460137367 0.1023839116096497 0.8731289133429527 0.5710115060210228 0 0.1098251789808273 0.1519318819046021 7.82619135081768 2.089483752846718 0.1836586892604828 1.207240864634514 1140.099959671497 0 1.383452638983727 1.491333559155464 0 0 3.363456696271896 1.90916745364666 2.060921370983124 26.12862409651279 5.11072088778019 0.444255143404007 7.471900790929794 9.858771294355392 3.930549576878548 0 0 0 0 0 0 0 0 0 0 0 0 0 0 0 0 0 0 0 0 0 0 0 0 0 1.677826285362244 0.2977361083030701 0.9238303303718567 0.9717681556940079 0 0 0 0 0 0 0 0 0 0 0 0 0 0.1241556480526924 0 0 0 0 0 0 0 0 0 0.1516450643539429 0 0 0 0 0 0 0 0 0 0.1936712861061096 0 0 0 0 0 0 0 0 0 0 0 0 0 0 0 0 1.683147788047791 0 0 0 0.8387334197759628 4.783460274338722 0.1623588353395462 811.102368094027 11.5915701687336 342.5249523222446 33.18117742240429 2110.244609393179 55.53651347756386 7.50700381398201 10.78731875866652 9.034425817430019 0.3706967681646347 0.7049812227487564 0 15.28568312525749 0 0.1431768834590912 0 18.07359693944454 0 411.9036995172501 3.478656195104122
5403.592021286488 4210.135311253369 2091.122888214886 1101.663957126439 2133.124548994005 243.8289069458842 3858.199893921614 322.2023228853941 2685.303931050003 1018.281404837966 903.2859869599342 31.06878546625376 224.9355611801147 1319.713745780289 16.12061873823404 2.448282703757286 0.3670055791735649 0 0 0.2094668447971344 0 0 0 0 0 0.1667200326919556 0 0 0 0 2752.799085848033 16.42710016667843 3.256813146173954 0.1558458209037781 0 0 0.395601399242878 0.9520714730024338 0.6861647963523865 0.610297679901123 0 0.1378229409456253 0 1.076368607580662 0 0.4247288405895233 132.9961235970259 5.749232955276966 0.3272926807403564 0 1.255682520568371 0.1008016541600227 0 0.1605424731969833 20.7274888753891 83.32940435409546 308.2888090014458 1335.874335415661 130.759465329349 57.32776256650686 0.1014011055231094 0.1106434911489487 0 31.40942472219467 51.10884689539671 19.84229452908039 4.903799131512642 1.906266734004021 0.3437247201800346 0.09989608079195023 7.465754687786102 0.8149694353342056 0.294678196310997 619.1434717029333 303.3867954313755 244.7356415614486 2.130136363208294 1.400532819330692 1.35865131020546 58.83951315283775 0.390379324555397 2.579955033957958 108.6056304126978 1.875885739922523 14.18912640959024 48.13615154474974 0.5392156466841698 1.987210690975189 14.83611907064915 0.6476702094078064 1.8742810562253 0.3977588266134262 0.2458691149950027 0.4635629430413246 0.1612104475498199 4.905130386352539 0.4832625985145569 0 0.6053345203399658 1043.157327622175 0 0.6008392870426178 0.9975250661373138 0.3914695382118225 0 0.4434858560562134 0.6375658810138702 0.9688513725996017 24.56777307391167 2.883097261190414 0 4.615124315023422 1.935685724020004 1.477125123143196 0 0 0 0 0 0 0 0 0 0 0 0 0 0 0 0 0 0 0 0.1256278157234192 0 0 0 0 0 0 0 0.6236850470304489 0.1247594058513641 0.3120419383049011 0 0 0 0 0.7044340372085571 0 0 0 0 0 0 0 0 0.3201479017734528 0 0 0.2334756106138229 0 0 0 0 0 0 0 0 0 0.1964491903781891 0.1450936645269394 0.1416945904493332 0 0 0 0.8132016062736511 0 0 0 0.102050393819809 0 0 0 0 0 0 0 0.7741845846176147 0 0 0 0 0.4496143609285355 0 0 0 1.03311325609684 1.926389932632446 1.1116042137146 830.9368568137288 17.41497123241425 1013.645192719996 74.7820485830307 756.560031875968 84.33866459131241 6.267182260751724 34.10498308390379 6.183806508779526 0.3613431975245476 0.2825942933559418 0.1171167269349098 6.151513755321503 0 0.4675860181450844 0 57.42613035440445 0 252.1749518811703 4.916425414383411
619.5334389805794 2091.122888214886 2903.96676043421 5.087068855762482 1153.718974910676 1.94273279607296 299.863771520555 3888.608851529658 608.6287310272455 18.84185327589512 3751.501966886222 8.672055214643478 79.2062714099884 3116.070355199277 19.58034517616034 6.713309898972511 4.832412369549274 0.4192715883255005 0.6911254674196243 2.908411547541618 56.50413379818201 1.518011435866356 2.338523700833321 0.1326973289251328 1.843490608036518 10.68651171028614 0.5681727379560471 3.832782700657845 1.650118172168732 0.3416448831558228 4065.881007678807 860.1148987412453 38.33045664429665 8.232909739017487 3.735523529350758 4.487506791949272 8.89413295686245 13.86192085593939 2.326283186674118 0.5112956166267395 17.63701103627682 0.8138492852449417 6.371597141027451 6.722933456301689 2.559936970472336 12.11034321039915 87.70726679265499 5.72599832713604 1.712900198996067 3.558659896254539 6.549376554787159 0.430311307311058 0 3.044099405407906 9.744661748409271 38.09572108089924 170.2244510650635 1645.528933919966 69.09908404946327 28.75203340500593 15.16171485185623 71.35914523899555 3.823644503951073 102.3590421825647 31.19979156553745 35.26335867494345 21.00152889639139 34.13915049284697 26.16303693503141 35.40438514202833 8.764406815171242 1.87067249417305 0.1106386333703995 345.2287580668926 270.8949750289321 150.2077487185597 10.12414194643497 37.3119755834341 114.1453228220344 1748.895674042404 5.235901974141598 368.4258827567101 54.74777748435736 1.228735156357288 10.46795016527176 30.11833623051643 14.56707407534122 0.4394837617874146 8.84567715972662 0.2082487121224403 2.462729334831238 0.3516673296689987 23.89972285181284 2.583717934787273 1.339588865637779 7.842474035918713 1.365332961082458 0 3.161321610212326 252.320147164166 0 1.507517576217651 0.2570237815380096 0 1.334058403968811 0.9980907440185547 0 0 0.5142615437507629 0.480107456445694 0 3.64450266957283 2.473865315318108 1.13298387825489 0 0 0 0 0 0 0 0 0.2688390910625458 0 0 1.152049273252487 0 0 2.773600697517395 0 1.00555157661438 0.1619415730237961 2.603725254535675 0.6247374266386032 0 0 0 0.7224972248077393 0 2.713166870176792 0 2.139418065547943 0.9505843073129654 1.286461234092712 0 0 0 0 0 0 0.2828410267829895 0 0 0 0.1902198195457458 0 0.2935313284397125 2.212661266326904 0 0 0.2179274559020996 0 0 0 0 0 2.274034261703491 0 0 0 0 0.2914706468582153 0.2536757290363312 0 0 0.2317660301923752 1.915446072816849 1.392940312623978 0 0 0.9507011324167252 0 0 0 0 0 0 0 0 0.2707690894603729 0 0 0 0.1697434037923813 0.1092735156416893 0 0.2491727620363235 0.458354264497757 1.912836402654648 1.802164763212204 303.0057466477156 12.28412393480539 441.9529563263059 60.62985323369503 71.46931283175945 26.86950204521418 2.600805073976517 16.39527405798435 2.057797685265541 0.4454677179455757 0.726995050907135 0.2440703511238098 0 0 0.1777835339307785 0 2.944335356354713 0 78.23410898447037 1.60461737215519
1419.586114153266 1101.663957126439 5.087068855762482 369.0759080350399 79.20723583549261 157.7820704728365 2550.605432316661 0 11.37656381726265 1600.003126710653 2.836611486971378 3473.762063704431 3081.169508814812 28.01415544748306 0.1390141248703003 0 0 0 0 0 0 0.2650774717330933 0 0 0 0 0 0.4187856018543243 0 0 4.798175737261772 0.3611275553703308 1.728765994310379 0 0 0 1.367427840828896 0.1953455954790115 0 0 0 0 0 0 0 0 6.527417831122875 0.3950776606798172 0 0 0 0.1542587280273438 0 0 2.61666651815176 7.926651321351528 41.12085204571486 100.7835777625442 12.78484013676643 3.227584548294544 0 0 0 1.129226937890053 2.976538963615894 0.9650893732905388 0.424352839589119 0 0 0 80.20182047784328 0.2961261421442032 0 46.93115401268005 11.42021467536688 10.6100130751729 0.1932977288961411 0 0 0 0 0 5.698529131710529 0.221612736582756 1.135778866708279 2.444173686206341 0 0 0.6715049967169762 0 0.1670239418745041 0.1245255023241043 0 0 0 17.27908171713352 30.60482922196388 0.5016540884971619 0.2153701484203339 306.7466624379158 0.2056159228086472 0.632219985127449 0 0 0 1.457393079996109 0.17166368663311 0.2796539962291718 12.79130095243454 1.386343583464622 0 0.9911017119884491 8.2470443546772 0.5415623337030411 0.2691840827465057 0 0 0 0 0 0 0 0 0 0 0 0 0 0 0 0 0.1328007876873016 0.5082172155380249 0.1269771009683609 0 0 0 0 0 0 0 0.1329117566347122 0 0 0 0 0 0 0 0 0 0 0 0 0 0 0 0 0 0 0 0 0 0 0 0 1.082163527607918 0 0 0 0 0 0 0 0 0 0 0.3170447796583176 0 0 0 0 0 0 0 0 0.1440893709659576 0 0 0 0 0 0 0 0 0 0 0 3.166516900062561 0 156.8396414369345 0.7167614325881004 74.87071119993925 5.559446811676025 627.9346865713596 7.148973546922207 0.61929751932621 1.888390481472015 0.6269741952419281 4.096054673194885 0 0 2.72514109313488 0 0.1825103461742401 0 2.027655065059662 0 132.5642214417458 1.625323265790939
234.8569391742349 2133.124548994005 1153.718974910676 79.20723583549261 2915.066251151264 10.70751835405827 3620.574123710394 95.34569672495127 12406.00837920606 160.4299279749393 1865.804295413196 23.75167945772409 388.943808414042 3026.312068141997 20.92809640616179 2.598009124398232 0.2098097503185272 0 0 0.3789507821202278 0 0 0 0 0 0 0 0 0 0 111.5842925310135 38.20532519370317 4.69072750210762 0.2396163791418076 0 0 2.840584099292755 0 0.5235317423939705 0 0 0 0 1.765413135290146 0 0.1200028657913208 121.3319894969463 4.820986539125443 1.002027571201324 0.2566696628928185 0.7512160390615463 0 0 0 10.1795040294528 33.43422769010067 46.30336817353964 209.6167264655232 29.49733147770166 37.15117281675339 0.4093987122178078 1.685761511325836 0 50.58850943297148 27.39394235610962 9.69852089881897 2.549582868814468 1.341182254254818 0.2320903688669205 0.1078581437468529 11.58011230826378 0 0.4210022911429405 215.1507279723883 236.6695003211498 253.1589794754982 8.622498191893101 1.078645311295986 0.1887268126010895 23.12634121626616 0.2231021746993065 1.528503738343716 64.85213626176119 0.3669905737042427 7.356112122535706 20.81721021980047 0.4064084962010384 1.152014121413231 10.490632802248 0.6597340628504753 1.509704329073429 0.1905670911073685 0.1606703549623489 0.3498685210943222 0.1047284454107285 10.96903320401907 0 0 4.423283338546753 27.89653371274471 0 0 0.4946825802326202 0 1.151432156562805 0.772674560546875 2.407662063837051 0 5.776240915060043 1.218557938933372 0 7.401571944355965 11.56085687875748 9.351089000701904 0.3441292643547058 0 0.5090510845184326 0 0 0 0 0 0 0 0 0 0 0 0 0 0 0 0 0 0 0 0 2.800731658935547 0 2.940311849117279 1.628537178039551 2.278739720582962 3.224643588066101 0 0 0 0 0 0 0.7640355825424194 0 0 0 0 0 0 0 0 0 0 0 0 0 0 0 0 0.9463100433349609 0 0 0 0 0 0 0 0 0 7.815976813435555 0 0 0 0 2.488067626953125 0 0 0 0.1250730454921722 0 0 0 0 0 0 0 0.2014447301626205 0 0 0 1.612486958503723 0.1738300323486328 1.618083298206329 455.1693521887064 9.07417618483305 600.273390263319 50.47307973355055 111.410090982914 33.0525706782937 1.018100738525391 35.29651445895433 5.350093320012093 0.2379775941371918 0 0 1.961014226078987 0 0.2880366444587708 0.158778965473175 14.99720542877913 0 70.12286607921124 2.547068580985069
211.059007294476 243.8289069458842 1.94273279607296 157.7820704728365 10.70751835405827 3.276842825114727 181.5184364840388 0.1022395342588425 5.01568628847599 611.9240803271532 2.054600410163403 471.4224989488721 334.8840564861894 24.31057566404343 0.748308464884758 4.426966100931168 0.9739915058016777 0 0.5654886960983276 0 0 5.251420930027962 0 0 0 0 0 0.1191492602229118 0.1607798188924789 0 0.5324149131774902 0 5.361186280846596 0.3239906132221222 0 0 24.10072864592075 4.485351622104645 13.62192319333553 3.730743780732155 0 0 0.3144263029098511 1.087613642215729 0 0.2103876769542694 1.351363994181156 0 0 0 1.354198336601257 21.65161018073559 1.05684906244278 5.143783718347549 0 0.09672285616397858 295.3752667531371 15.57578820735216 8.15825978666544 0 0 0 0 0.1803854256868362 0 0.3101650178432465 0 0.1317347139120102 0 0 246.7460862025619 388.9140406250954 49.69236178696156 2.405990928411484 1.238477699458599 1.810105808079243 0 1.241893395781517 0 0.5616377145051956 0 0.1892701983451843 0.2593658342957497 2.090615466237068 0.2381030544638634 0.6088560670614243 0 7.960356369614601 7.552321091294289 40.8761445954442 3.006544671952724 7.829313293099403 0 0.991756483912468 3.134344130754471 432.2136744558811 204.9654795080423 29.15808591246605 94.60580818355083 254.0637672543526 0 0.5509582608938217 0.117146909236908 0.2319883704185486 0.6701463311910629 0.6338619887828827 1.538055926561356 1.074044153094292 2.091598674654961 1.7586450278759 0 0.3608424067497253 1.778197810053825 2.218133434653282 0.1393635869026184 0.2970580384135246 0 0 0 0 0 0 0 0 0 0 0.3495225310325623 0.6698817014694214 0.1299222856760025 0.6162484958767891 0 3.523051083087921 1.381501421332359 1.23600972443819 0 0.1528361737728119 0 0.2324608415365219 0 1.194227650761604 0.3335654437541962 1.52350939810276 5.803584776818752 4.79913018643856 0 0 0 0 0 0.117666207253933 0 0 0.1450071930885315 0 0 0 5.752947650849819 0 0 0 0 0 0 0.1361641883850098 0 0 0.3902135491371155 0 0 0 0 0.1078685894608498 0.110623262822628 0 0.1225200667977333 0.1635807901620865 1.19544018805027 8.011357307434082 0 0.1093469932675362 0.5685133188962936 0.5178622007369995 0 0 0 0 0 0 0.3164532333612442 0 0.1366319358348846 0.1764038354158401 0 0.1016720905900002 0.1273700296878815 0 0 0.4500544369220734 3.721030943095684 3.615804947912693 90.48803560435772 0.4721187055110931 9.477498754858971 2.188521921634674 403.8235292956233 1.986637517809868 0 0 6.006526820361614 0 0.538156196475029 0.1313114166259766 5.857753232121468 0 0 0 1.507806435227394 0 61.14763554185629 5.13269405066967
1518.820091463625 3858.199893921614 299.863771520555 2550.605432316661 3620.574123710394 181.5184364840388 3678.470513358712 16.00917104631662 7247.027436539531 3933.659194000065 535.5603910908103 234.9064989387989 5555.112480677664 5721.671867214143 42.13594670593739 6.183420985937119 0.7644338980317116 0 0.1026565805077553 0 0.7067707479000092 0.1509194821119308 0 0.1298454701900482 0 0 0 0.1594655513763428 0 0 69.53948796540499 21.93536198139191 25.42956276237965 0.1616865396499634 0 0 33.57028104364872 8.479679375886917 2.549549236893654 0.1601286977529526 0.2040556967258453 0.3363825678825378 0.0778161883354187 4.105622731149197 0.9762521982192993 0.7833976149559021 166.4506284445524 7.430625267326832 0.734578512609005 0 0.924376592040062 0.3733299225568771 0 0.6288501024246216 16.33336506038904 44.84868547320366 67.24296501278877 231.419811822474 50.66036135703325 57.11284240335226 0 1.470949158072472 0 45.02730779349804 34.50336349755526 15.82183426618576 3.739526994526386 1.939368940889835 0.3457145690917969 0.3602448552846909 71.63599207997322 0.5862540304660797 2.104188516736031 319.2743136957288 276.7378090545535 331.4091746881604 7.575278848409653 5.653940267860889 1.058930791914463 10.97135400772095 0.2727024853229523 0.941072128713131 85.98165138810873 0.8386549577116966 11.24601928144693 28.86480285227299 0.3825186640024185 0.5797359198331833 10.85988482832909 0.2284067124128342 3.937116548418999 0.3872053325176239 0.2020697444677353 0.5765578076243401 0.9176745936274529 108.6670949012041 11.20875059068203 0.7206782102584839 4.653127551078796 78.42510627955198 1.530192188918591 6.988338723778725 32.77777222543955 12.57137789577246 6.680513963103294 97.18352084606886 23.31063728779554 33.48321276903152 207.7922378852963 74.4032776877284 7.41494032740593 108.9971733018756 141.5131746530533 77.47830816358328 11.90921959280968 0.5623671412467957 1.003364205360413 0 0.1712895631790161 0 0 0 0 0 0 0.4676046669483185 0 3.569321691989899 0 0.1306905597448349 0.14232037961483 2.415863625705242 1.121289491653442 0.1287643164396286 0.9234488755464554 1.728762000799179 4.107819557189941 1.145194053649902 0 19.34039999544621 2.264611288905144 36.22226941585541 9.903775811195374 6.190798953175545 0 0 0 0 0 2.241717755794525 0 0 1.010967373847961 0.3441227674484253 0 0 4.108540534973145 0 0 0 0 0.1116960346698761 0.7739425599575043 1.091306246817112 0 0.5755978226661682 17.04164579510689 0 0 0 0.2558734714984894 0 0 0.6060484945774078 0 0 54.00373619049788 0.5695487260818481 0 0 0 8.630277410149574 0 1.008656859397888 0.3933905065059662 0.6344989538192749 0.5471779704093933 0 0 0 0 0 0 0.143498569726944 0 0.1316569149494171 0 14.47320441901684 4.863091245293617 16.52041570842266 1213.088791675866 24.03908808529377 914.5125422626734 94.92584473639727 488.1066089272499 49.45255772769451 3.65625673532486 60.13887248933315 48.3141967356205 1.836199522018433 6.415520817041397 0.9400415569543839 69.9279967546463 0 2.923271022737026 0.195917159318924 22.48399298638105 0 292.0793944150209 48.28420071303844
22.10435273498297 322.2023228853941 3888.608851529658 0 95.34569672495127 0.1022395342588425 16.00917104631662 2507.542052522302 264.4917041361332 0 4867.893339633942 0.7265337854623795 11.7172661498189 1307.598659530282 28.67453018575907 9.433342300355434 3.864616267383099 0.8022573292255402 0.5179761797189713 7.444393143057823 88.25891733169556 2.043204426765442 6.710141159594059 0.2780722081661224 3.573464401066303 7.554421633481979 0.6962285339832306 7.137791693210602 2.266999498009682 0 968.3320903107524 2697.918793275952 27.05843523144722 23.70364309847355 5.774745926260948 10.51693804562092 4.776430696249008 16.75865668058395 0.8571280837059021 0.9409987032413483 18.16383896768093 0.2887436598539352 7.960221938788891 20.89470861107111 4.784833878278732 34.03330228477716 115.0414112731814 6.57133211940527 2.761964417994022 5.814045034348965 5.529034927487373 0.6366687417030334 0 3.869758814573288 5.863525085151196 15.71589060872793 30.34512032568455 347.2748798578978 17.83883641660213 27.04419399797916 103.8901922553778 174.5046718716621 16.0291933119297 363.6763874590397 28.01978415250778 40.6838970258832 21.30407794564962 36.44559473544359 31.41010527312756 41.30430541187525 1.593253657221794 1.237813279032707 0 138.6474371924996 278.2797252461314 211.9520290791988 196.144610516727 403.9700523167849 1187.198700726032 3886.514656804502 93.15702880173922 1862.283811852336 42.00616113096476 0.1961640492081642 9.655265524983406 19.00530371069908 21.76506288349628 0.3992233499884605 5.199477769434452 0.4573433771729469 2.03308816999197 0.5652650073170662 27.62890411168337 1.218350894749165 1.818759746849537 1.195966511964798 1.67017113417387 0 0.8131090998649597 33.82025617361069 0 0 0 0 0 0 0 0 1.853981614112854 0.1611614972352982 0 1.511265441775322 0 1.332208126783371 0.2447333186864853 0 0 0 0 0.1610769331455231 0 0 1.337092041969299 0 0 3.053710967302322 0 0 0 0 4.581163048744202 0.3461785167455673 0.6956856548786163 0 0 0 0 0 0.658682107925415 1.598214462399483 0 0.8244253098964691 0.5588966012001038 0.3745569884777069 2.771524250507355 0.1749540716409683 0 0 0 0.722459614276886 0 0 0 0.1968397051095963 0 0 0.5589463114738464 2.019909977912903 0 0 0.1358913332223892 0 0 0 0 0 0.737220823764801 0 0 0 0.2670971751213074 0 0.2841357886791229 0 0 0.1972245723009109 0 0 0 0.1189411506056786 0.2782190591096878 0.283573716878891 0 0 0 0 0 0 0 0.2469079494476318 0.1794135123491287 0 0 0.4618789851665497 0.7541741952300072 0.1117312461137772 0 0.6288955062627792 0.2185797542333603 0.9023562222719193 302.0384882166982 13.41668950021267 413.7272644340992 63.83688946068287 27.35315107554197 14.92544113099575 0.419955737888813 22.12788923084736 3.029160588979721 0 0 0.6604576110839844 0 0 0 0 8.83748759329319 0 26.88079962879419 1.431766226887703
10.38102962076664 2685.303931050003 608.6287310272455 11.37656381726265 12406.00837920606 5.01568628847599 7247.027436539531 264.4917041361332 2797.516954213381 58.21584165096283 3097.185623943806 13.66545131802559 1697.474167004228 3434.068763226271 12.71055595576763 2.75946056842804 0.2301174253225327 0 0 0 0 0.9016323685646057 0 0 0 0 0 0.1841896921396255 0.8310122489929199 0 13.60484015196562 10.98505749553442 8.792078033089638 0 0 0 12.22777447104454 3.476438462734222 1.433802261948586 0 0 0.4645330011844635 0 0.9911283105611801 0 0.1358850300312042 33.82913683354855 0.8648363500833511 0 0 0.2843523472547531 0 0 0 0.6046549528837204 3.110650025308132 2.945274218916893 16.8398166000843 2.95840098708868 5.67496982216835 0 0.6327528357505798 0 14.82655628025532 4.547806546092033 0.8004261925816536 0.4791046530008316 0.4214475676417351 0 0.8044551759958267 26.08621795475483 0 0 26.44398535043001 41.26162147521973 58.41703274846077 4.335791617631912 4.421690210700035 0.2964936345815659 8.069390177726746 0.2166246771812439 0.1213804334402084 11.06160300970078 0 1.097656562924385 2.398768663406372 0.2291513830423355 0 1.016264125704765 0 0.2115594148635864 0.178180605173111 1.097765147686005 0 0.1628658771514893 29.55371458828449 3.084984883666039 0 5.88857014477253 2.176894299685955 1.138096332550049 1.401650339365005 2.561375021934509 0 1.164060533046722 9.696484461426735 3.323420114815235 10.91968002915382 14.31299526244402 14.50561279058456 2.293413698673248 26.91597855091095 29.39572656154633 24.39918971061707 6.050732091069221 0 0 0 0 0 0 0 0 0 0 0.1175632327795029 0 0.5956434607505798 0 0 0 0 0 1.279682159423828 0.1397566944360733 0.2292715460062027 0 0.1283509731292725 0 4.360044941306114 0.5714884400367737 10.3203761652112 3.920627251267433 1.8448306620121 0 0 0 0 0 0 0 0 0.4557607024908066 0 0 0 0 0 0 0 0 0 0 0.3245520889759064 0 0.2217323929071426 2.210815697908401 0 0 0 0 0 0 0 0 0.1682317703962326 16.34114024043083 0 0.1352386623620987 0 0 3.39990670979023 0 0.5155516266822815 0 0.6794268488883972 0 0 0 0 0 0 0 0 0 0 0 5.24725940823555 2.572399482131004 5.067747011780739 221.2987920194864 4.4381058588624 158.2771402522922 22.01115210354328 21.81714290380478 7.401166185736656 0.2183008044958115 15.97783887386322 9.618950009346008 0 0.3202596604824066 1.098234713077545 10.95718989521265 0.3735069334506989 0 0 5.73200561106205 0 34.58465969562531 11.77140735089779
1032.467964701355 1018.281404837966 18.84185327589512 1600.003126710653 160.4299279749393 611.9240803271532 3933.659194000065 0 58.21584165096283 2498.606446072459 10.85220837593079 5611.100454851985 9043.000653646886 217.7177652418613 1.175798676908016 1.817204400897026 0 0 0 0.1944330036640167 0 1.363549292087555 0 0 0.5367899537086487 0 0 0 1.04845118522644 0 2.185299292206764 1.194206021726131 13.05234155058861 0 0 0 24.33366855233908 2.435829982161522 2.206739515066147 0.7041396200656891 0 0.1699271947145462 0 0.8065997213125229 0 0 5.677143655717373 0.1090179234743118 0.6091464310884476 0 0.4618470668792725 5.10304394364357 0.1602894961833954 0.7645059823989868 1.31709598004818 4.1192427277565 68.12091299146414 48.38401678949594 8.615204244852066 0.4720771461725235 0 0.1546730399131775 0 1.571103945374489 1.669869780540466 0.8855005651712418 0.4581576585769653 0.1350036859512329 0 0 349.8789589107037 59.30301420390606 7.682220630347729 29.68522924184799 12.0170891135931 9.487330444157124 0 0.7163400948047638 0 1.121087357401848 0 0.3390715569257736 5.154729902744293 0.4980015158653259 0.223849281668663 1.636552907526493 0 0.7117605432868004 1.236746534705162 5.071084506809711 0.8366698250174522 1.228171646595001 0 0 1.311891049146652 265.0186931937933 115.1459481716156 6.017761543393135 21.87319506704807 222.1770446226001 0.1110000237822533 13.42001115530729 9.358877532184124 15.29485684633255 5.194155931472778 49.40519561618567 35.45839136093855 19.22289308905602 153.2210587337613 98.94250782579184 1.973382785916328 145.8356945067644 170.4836783409119 53.77410119026899 3.047829031944275 0 0 0 0 0 0 0 0 0 0 0.4324356615543365 0 0.8310089632868767 0 0.2716040760278702 0.3955373018980026 1.645302750170231 0.3112443834543228 0.5239403322339058 0.1678856164216995 0.2354246973991394 0 1.205472350120544 0 3.995535895228386 1.303814902901649 7.640834152698517 4.215147510170937 1.825750827789307 0 0 0 0 0 0.413951188325882 0 0.2724735885858536 0.1076582744717598 0 0 0.295276865363121 0.298386350274086 0 0 0.1277149617671967 0 0.2858233898878098 0.6142577528953552 1.704032808542252 0 0 4.400481671094894 0 0 0 0 0 0.1693204194307327 0 0.09799794107675552 0 13.72107534110546 1.999946549534798 0 0 0 1.781015485525131 0 0.8984792232513428 0.117704801261425 0.2059803605079651 0.3348347693681717 0 0.5559472441673279 0 0 0 0 0 0 0 0 19.43646937608719 6.162620395421982 3.519182339310646 1218.306271225214 0.5383075252175331 62.46587517857552 6.432910285890102 1072.612366914749 7.008871905505657 0.3373542279005051 3.048411667346954 48.71239399164915 0.4651838690042496 0.4953059107065201 0.3489912450313568 115.1831627488136 0.4563826322555542 0 0 7.452692046761513 0 644.762015208602 85.22960516810417
190.0032385662198 903.2859869599342 3751.501966886222 2.836611486971378 1865.804295413196 2.054600410163403 535.5603910908103 4867.893339633942 3097.185623943806 10.85220837593079 2868.246820524335 130.2899058386683 942.2209580689669 8055.749066829681 50.99519856274128 19.56803452968597 4.180233232676983 8.337944388389587 1.378099963068962 19.15741237998009 94.70920176804066 13.9238718599081 2.742850944399834 0.5544513761997223 16.54531344771385 27.57742148637772 5.37983201444149 16.81976760178804 15.02661392092705 2.532680377364159 592.1523790881038 105.0292869284749 951.7108024507761 2.360160291194916 1.169091880321503 12.5496713668108 384.039714448154 122.1962155401707 43.31065641343594 10.84468807280064 60.55416558682919 12.01351200044155 3.055314406752586 12.8814385086298 1.550598829984665 2.901023834943771 101.8400467410684 3.430826611816883 1.895121455192566 2.92193591594696 8.485329180955887 23.2013573795557 7.554775565862656 14.9481770247221 3.759359106421471 10.91199684143066 43.46522638946772 258.5450073033571 18.59730493277311 22.48372737318277 1.638322532176971 34.43175671994686 1.017789632081985 63.62036219239235 12.07872089743614 24.47601825743914 18.33068712800741 24.05091356486082 15.78168445825577 65.37259756028652 137.1268794387579 14.26420757174492 1.017366036772728 99.71697640419006 121.6565373241901 182.3061497882009 18.86952060461044 42.58280012011528 34.61717569828033 808.0468431264162 2.971865631639957 48.70165968686342 23.48136151582003 0.4217680394649506 3.669603958725929 15.76407977193594 3.739639215171337 0.9170967787504196 2.416433975100517 4.182413429021835 3.014108099043369 6.452629789710045 58.72866742312908 11.99104037135839 27.01229219138622 39.89025464653969 10.42091812193394 0.1712909489870071 30.63166741281748 98.44635660201311 0 0.1722399592399597 1.188184589147568 0 0 5.84724298119545 0.1527566760778427 2.306744799017906 6.172912426292896 4.87175178527832 2.139534965157509 10.48825617134571 14.72610829770565 12.80681340396404 6.018843740224838 0.7589224576950073 0.4995711222290993 0 0.3093593418598175 0 0.2228377312421799 0.6245289444923401 5.239711850881577 1.087978482246399 0.6868947744369507 26.26770070195198 0 1.054756164550781 0 1.295454919338226 10.52255612611771 5.492308609187603 11.36531218886375 1.043831005692482 0.6452984362840652 0.2913036644458771 0.9316903352737427 0.1818177402019501 1.217940837144852 7.376418009400368 2.171195447444916 18.51902534067631 8.684358134865761 8.346928231418133 5.620645552873611 1.378015965223312 0.1907012760639191 0 0 2.307246446609497 1.022589474916458 0.3456536829471588 0 0 0.9859133064746857 1.236275434494019 9.018956176936626 18.72015611082315 0 0 0 0.1024901568889618 0 0 0 0 5.458172753453255 0 0.596085250377655 0.2228997051715851 0 0 0 0.1928455978631973 0.2766010612249374 1.314539968967438 15.22249050438404 4.192763209342957 1.111577391624451 0.1694999784231186 0.4695464372634888 2.39356692135334 0 2.026381075382233 0 0 0.6438854932785034 0.3273272514343262 0 0 0 0 0 0.1007642075419426 0.6338156089186668 0 0 4.151832267642021 8.016194984316826 12.07749957591295 579.4952288791537 27.24054618179798 425.5261333435774 100.7177910879254 51.22355947643518 24.61721857637167 0.8216217011213303 29.32591816782951 8.728799588978291 0.5262730717658997 1.108404062688351 0.7320233881473541 3.454081773757935 0.9096682667732239 0.9481022655963898 0 7.688361309468746 0 41.75900424271822 6.039871133863926
779.2999126464128 31.06878546625376 8.672055214643478 3473.762063704431 23.75167945772409 471.4224989488721 234.9064989387989 0.7265337854623795 13.66545131802559 5611.100454851985 130.2899058386683 321.9704870507121 2245.716628544033 436.7346480190754 11.40096211433411 19.2684143781662 0.395037516951561 0.1647366881370544 0 0.6482592225074768 3.417983651161194 2.657936066389084 0 0 1.132673531770706 0.8343392610549927 0.6718026697635651 2.396718263626099 4.596548527479172 0 5.585073858499527 2.890766561031342 64.36528712511063 0.14454086124897 0 0.3396430313587189 127.2670677453279 15.28488846123219 29.4304346293211 1.617648914456367 2.516910225152969 2.758843868970871 0.3476812541484833 10.87110532820225 0.2195424139499664 0.3182677254080772 21.55502562224865 0.2598584145307541 0.1982393711805344 0.2803534269332886 0.941053032875061 12.86043471843004 7.100407361984253 3.023164078593254 0.1075996309518814 4.179516069591045 28.21773932129145 54.72297960519791 5.341174207627773 2.333271168172359 0.3779018372297287 2.380594193935394 0.3243019282817841 5.241167865693569 1.910634994506836 0.7040901705622673 0.5797217413783073 0.09886894375085831 0.3335858434438705 0.9183679223060608 240.889325812459 13.81944833695889 0.6402302831411362 17.26368603855371 12.20642831921577 25.34663589298725 4.604078270494938 25.37062511593103 1.129529014229774 24.82229495048523 2.031682774424553 0.9155960083007812 1.441224001348019 0 0.2114645466208458 1.255379170179367 0 0.3784710764884949 1.123547725379467 1.677192285656929 0.2243583500385284 1.646042838692665 0.6914469301700592 1.383905172348022 8.893380925059319 548.4385504722595 54.39397840201855 4.633506938815117 28.20751406252384 208.3973530679941 1.106444843113422 11.0925223082304 16.34216197580099 1.931913435459137 6.499871820211411 33.34363362193108 29.25077117234468 41.28458450734615 83.29131108522415 105.0588017255068 10.46793283522129 132.4940468370914 112.8385347351432 88.38000949472189 13.90544804930687 0.2875220030546188 1.376331135630608 0 0 0 0.1647639125585556 0.5459817051887512 0 0 0 1.969141185283661 0.1661799848079681 0.4346687868237495 0 2.290932029485703 1.446697905659676 2.407476104795933 5.270616367459297 0.7854442000389099 1.31666174530983 0.2528237700462341 0.3357625007629395 1.946089565753937 0 23.92048452794552 0.6823314130306244 36.72369143366814 10.63206773996353 10.26022429764271 0 0 0 0 0.1628154069185257 1.357018321752548 0.1564786285161972 0.7494730353355408 0.1440909802913666 0 0 0 5.018835246562958 1.338204026222229 0.4534109830856323 0 0 1.041903726756573 0.2868968397378922 1.60756553709507 0.2393472045660019 0 13.97416305541992 0.2094395458698273 0 0.31104975938797 0 0 0 0 0.124461755156517 0.2361510172486305 62.6326759904623 4.428972318768501 0 0 0 3.827756762504578 0 4.44085830450058 0.4901551976799965 2.235906809568405 0.2172073200345039 0.4307075440883636 0 0.1177377924323082 0 0 0 0 0 0 0 25.15501605719328 20.72870138287544 19.2413763999939 684.8945275247097 5.85803847014904 93.51260683685541 31.16786953806877 608.9110417887568 10.47298634052277 0.5849618539214134 8.528423376381397 53.07580855488777 2.391393661499023 6.102683693170547 1.426005616784096 88.99218522012234 0 0.3221087902784348 0 4.158829212188721 0 583.8339973092079 103.5020969957113
965.1347304657102 224.9355611801147 79.2062714099884 3081.169508814812 388.943808414042 334.8840564861894 5555.112480677664 11.7172661498189 1697.474167004228 9043.000653646886 942.2209580689669 2245.716628544033 3568.091230869293 6672.602854095399 31.74525426328182 37.19768206775188 3.243434280157089 3.152357444167137 3.974326550960541 1.324505820870399 12.18785302340984 18.74323803186417 0 0 8.358652710914612 4.598393440246582 1.516205132007599 8.948125153779984 14.26962827146053 3.037049114704132 20.78734737634659 7.164970904588699 724.7948782891035 1.184550851583481 0 6.392474696040154 697.970992192626 171.3488208651543 151.3784738779068 13.95025464147329 9.922033488750458 5.472039833664894 1.517467513680458 31.41099269688129 1.404013454914093 2.848826915025711 58.63659425824881 0.4090846180915833 0.6431351602077484 0.1591519415378571 3.178240559995174 31.08467668294907 23.34437431395054 15.00246407091618 0.6503365337848663 5.850509971380234 31.51762797683477 46.78900090605021 6.319129072129726 7.50809334218502 0.7191527709364891 23.97633171081543 0.3483510613441467 17.9809814915061 2.825333178043365 3.470651999115944 2.405343286693096 3.213385216891766 3.060776323080063 10.12958096712828 956.0836185291409 33.67518836259842 5.121004141867161 34.18523396551609 38.135473318398 76.80464492738247 10.27922597527504 52.39237725734711 0.8477116972208023 165.6734186336398 1.531292021274567 1.76947970688343 8.192209050059319 1.849713996052742 1.675021305680275 3.506943851709366 1.636152818799019 0.5860917642712593 2.861279353499413 5.329078942537308 1.131712183356285 4.984517052769661 13.2766235396266 4.136735990643501 24.12708519399166 1249.268425419927 102.7456604838371 4.294280156493187 90.32651337981224 149.8463205620646 1.941936977207661 27.16432102769613 28.53603177517653 16.28810489922762 20.01683488488197 84.59197714179754 72.69905258715153 112.5313474610448 328.5025194585323 273.8169252872467 25.39946334809065 339.6968787759542 447.5428488329053 228.9473583772779 36.70815013349056 1.28577421605587 3.825873866677284 0.2429859787225723 0.1442005038261414 0 0 0 1.125131085515022 0 0.5361108332872391 6.311873286962509 1.838345468044281 11.22508160769939 1.004479005932808 2.77998124808073 4.252623021602631 13.54795035719872 12.06865480542183 5.384920291602612 4.21376746147871 2.747364118695259 3.122651860117912 6.58369916677475 1.667764127254486 73.42791271209717 6.055160477757454 108.3004972562194 40.01359633356333 28.26128894090652 2.550074189901352 0.275559663772583 0 0 0.6391533762216568 2.252035766839981 0 0.7010809779167175 1.802457980811596 0 1.43267610669136 0.3337917327880859 16.91295079886913 7.86392779648304 0.320300281047821 0.1362797468900681 1.257445693016052 1.125441543757915 1.114092439413071 3.970872685313225 0.9289688766002655 0.1848850548267365 48.48203304409981 0.6368130072951317 0 0.08672294020652771 0 0 0.5391696393489838 0 0 0.124068908393383 156.4440687596798 11.6675046980381 0.5393203347921371 0.2019663900136948 0.5790354162454605 19.53505431115627 0.1803829818964005 11.09822358191013 1.257100149989128 0.4660106673836708 2.287022888660431 0.7182159721851349 0.6844325363636017 0 0 0.8412875533103943 0 0 0 0 0 63.44062305986881 43.74774090200663 56.35684672743082 1475.702150046825 15.47579694539309 293.9694388881326 106.517826333642 676.1322031244636 32.71158631891012 3.989625863730907 24.5846176892519 123.3397404626012 0.3877648264169693 14.94057369977236 2.934359021484852 189.7975351586938 2.899734161794186 0.9728338718414307 0.7992497533559799 8.361810982227325 0 923.2382751256227 225.6464393287897
162.5822539329529 1319.713745780289 3116.070355199277 28.01415544748306 3026.312068141997 24.31057566404343 5721.671867214143 1307.598659530282 3434.068763226271 217.7177652418613 8055.749066829681 436.7346480190754 6672.602854095399 3461.613476477563 113.0002839639783 59.74173643440008 5.423198573291302 7.701503604650497 1.609467975795269 10.40834283828735 63.70365627110004 29.13022562861443 2.233564525842667 0.1489902138710022 22.64538662880659 31.04796800017357 6.736221134662628 24.39229008555412 27.97851803898811 9.680000081658363 169.0738640651107 52.87093728780746 2634.056319236755 4.21807898581028 2.104675844311714 15.42162381857634 1612.518834106624 489.1328339874744 235.6678602471948 31.43097478151321 42.27315139770508 16.87393993139267 4.82668325304985 38.28357787430286 4.690603718161583 5.617154069244862 195.0065704584122 3.954095117747784 2.488300621509552 2.275087967514992 8.05528911203146 49.35306610167027 37.1828870922327 30.93489791452885 5.059145249426365 18.66351960599422 28.09790740907192 125.5342427566648 16.84362596273422 41.68221172690392 1.148899644613266 74.80157674849033 2.936816930770874 62.13118945807219 19.34502899646759 17.41893944144249 15.81614086031914 21.11992727220058 8.583469480276108 46.65354476869106 707.1830887496471 37.5999394133687 2.953580997884274 111.7451811656356 165.9861908107996 363.7608702629805 37.47357266396284 114.1277650594711 2.485814481973648 299.3003248870373 4.582682155072689 29.80903083831072 47.5272675678134 3.305477418005466 6.394069917500019 16.16286117583513 1.745510138571262 1.730837792158127 5.907485514879227 5.3815912976861 3.471584908664227 7.809080690145493 47.61629379540682 20.29513406008482 60.60601460188627 372.8555081412196 48.05116871744394 0.678757518529892 133.7912262603641 53.3749520406127 2.021554410457611 21.49826496094465 22.61617358028889 2.626361027359962 21.89444376528263 53.56753160059452 43.53416156768799 69.93875848501921 121.1660403162241 167.7501034066081 17.60854910314083 215.577976167202 195.6298342943192 179.2488078102469 50.09471780061722 3.224259726703167 4.102309912443161 0.6383756548166275 1.388973914086819 1.534602910280228 0.25025475025177 0.9233513325452805 6.333221405744553 1.690307796001434 1.25042662769556 17.53105138242245 5.260832145810127 10.09214852750301 1.066295728087425 5.054587632417679 9.525777503848076 16.69076526910067 15.25615337491035 5.660706825554371 2.633474200963974 3.047082766890526 4.071823507547379 14.20214679837227 3.397937595844269 75.29486345499754 8.465483322739601 118.2561743184924 55.91288452595472 37.95775896310806 4.953630283474922 0.2002829164266586 0.2834712415933609 0.1742954403162003 1.510743349790573 4.412613578140736 2.17902547121048 0.6761012226343155 2.876342579722404 0 0.325884148478508 0.9989558458328247 21.15075450390577 20.71386992931366 0.4747393131256104 0.5762493759393692 0 2.481206186115742 0.7581810355186462 3.643222756683826 2.960560590028763 0.4582149237394333 47.03182053565979 2.229481279850006 0.6157574653625488 0.4400277882814407 0 0 0 0 0.5732313543558121 0.5961086824536324 158.4282506033778 12.97656637430191 1.687155932188034 0 1.393105186522007 24.73512664437294 0 11.91248527169228 0.8546466082334518 2.200896203517914 3.509540215134621 0.6725534945726395 0.6652756929397583 0.1573206037282944 0 0 0 3.013443127274513 0.5679178684949875 0.4192454516887665 0 57.74063696712255 48.78417414426804 70.34574994444847 1726.483663156629 47.5487762466073 924.0407570376992 232.8775264546275 171.9053522497416 71.78873752057552 1.622875548899174 90.05822131037712 97.65004107356071 0.7547326982021332 18.81828276067972 1.372596189379692 94.49338763207197 1.076178967952728 2.17612886428833 0.6598211526870728 29.09057534486055 0 360.3506248816848 116.7430976182222
