171.5819825157523 3343.174617789686 187.0468430966139 1492.362685643137 74.6838785558939 92.93034252524376 299.7346147671342 126.7189968898892 45.12702679634094 537.2518043145537 353.5839706212282 12.1144390553236 99.84363696724176 267.7556328997016 2.189964190125465 0.7285291776061058 0 0 0.1034455001354218 0.1571728587150574 0 0 0.2899372577667236 0 0 0 0 0.279823437333107 0 0 136.843461945653 0.1296345740556717 5.579028181731701 0 0.1617353111505508 0 2.803578615188599 0 0 0 0 0.193810909986496 0 0 0 0 45.55920732021332 3.173273757100105 0.09498198330402374 0.2141841724514961 0.1000850200653076 0 0.09259090572595596 0.1154219061136246 4.023316338658333 5.558418482542038 299.7874861583114 393.3315237313509 29.09481282532215 56.46372869610786 0.1100763529539108 0.08909666538238525 0 3.843972265720367 3.594955429434776 2.680766187608242 1.938353702425957 0.6272081434726715 0.4383811727166176 0.5076166689395905 1.172166109085083 0.4031121581792831 0.2614879086613655 291.4338138327003 28.8818616271019 28.89024557173252 0.4257836043834686 0 0 27.3681031242013 0.08355428278446198 0.201791450381279 31.59730409085751 0.1427831202745438 3.410082004964352 3.559415951371193 1.256438694894314 0 0.4763328731060028 0.1376118063926697 0.3948244601488113 0 0.2738789170980453 0.1591517627239227 0 19.86046968400478 0 0 0.2342621386051178 1570.935746759176 0 4.088501870632172 1.302269913256168 1.317277744412422 0.2416450381278992 13.45053119957447 2.730762258172035 2.447276182472706 15.99052975326777 5.367831580340862 0 9.956477537751198 7.217613987624645 4.89922896027565 0.6763987839221954 0 0 0 0 0 0 0 0 0 0 0 0 0 0 0 0 0 0 0 0 0 0 0 0 1.886530257761478 0 0 0.2484121173620224 0 0 0 0 0 0 0 0 0 0 0 0 0 0 0 0 0 0 0 0 0 0 0 0 0 0 0 0 0 0 0 0 0 0.6209820732474327 0 0 0 0 0 0 0.8678420782089233 0 0 0 0 0 0 0 0 0 0 0 0 0 0.8637965247035027 0.2387823313474655 0.2206786572933197 241.6978838145733 6.150110736489296 118.0865988209844 15.1030139029026 626.9246025905013 9.666606843471527 3.19151383638382 1.696027599275112 16.46160405874252 0 0.4878544211387634 0.1949943751096725 31.60666814446449 0 0 0 0 0 139.0880133062601 2.835664846003056
3343.174617789686 718.9270187988877 1087.605191521347 393.4733973070979 1137.743786841631 157.3275947421789 654.9381323978305 451.3934507071972 1910.234292037785 1666.806400410831 1967.975305810571 209.8285035863519 573.5349003449082 1686.928282514215 14.85310275107622 5.136684060096741 0.3788015395402908 0.1415724456310272 0 0.09323631227016449 0.1285181492567062 0 0.2183050513267517 0 0.3309368789196014 0.4651791155338287 0 0 0 0 780.5676232352853 12.03294874727726 14.20772398263216 0 0.1389662772417068 0 11.83053037524223 0.3121294751763344 0 0 0.2402111813426018 0 0.4724456369876862 0.2590869441628456 0.1011157333850861 0 261.2225446030498 6.673010118305683 0.09174513816833496 0.3553338423371315 0.5109417513012886 0 0 0.9442277774214745 7.0083192512393 9.230035521090031 360.0759857743979 594.90173497051 55.05036044865847 149.7093492299318 0.6288024187088013 0.4709596931934357 0.1217706799507141 26.0742457062006 7.041506715118885 5.992331832647324 1.870173655450344 0.9550520479679108 1.568876579403877 1.717896930873394 0.6176261752843857 1.874883055686951 0 634.3993263468146 103.9667113348842 123.3686015158892 8.989951573312283 0.6427532806992531 0.5688516795635223 51.18477613478899 0.4437363967299461 1.038787543773651 73.38606226444244 0 6.829450093209743 5.654094457626343 2.470081679522991 0 1.163084700703621 0 0 0.1078074350953102 1.192647248506546 0.3437135741114616 0 13.56148506700993 0.4299550503492355 0 0.101610504090786 1971.404831886292 0.335550457239151 3.178148314356804 8.453050032258034 4.18044139444828 5.44821535050869 31.30695956945419 6.31193869560957 7.927440717816353 27.74014545232058 22.92553090304136 2.036045849323273 56.86121255159378 86.63325258344412 49.00220559537411 13.77119427919388 0 0 0 0 0 0 0 0 0 0 0 0.2592546343803406 0.1215061172842979 0 0 0 0 0 0 0.1540771871805191 0 0 1.925439655780792 0 9.702997431159019 5.700182244181633 9.198713958263397 1.739674456417561 0.5973687916994095 0 0.2988453507423401 0 0 0 0 0 0 0.2776394188404083 0 0 0 0 0.1040611267089844 0 0.1187261268496513 0 0 0 0.8377417325973511 0.6451089382171631 10.60636167228222 0.810510978102684 0 0 0 0 0 0 0.08533389121294022 0 0 38.57745752483606 0 0 0 0 1.957870110869408 2.245752021670341 1.704420804977417 0.1465180963277817 0.9550398588180542 0.2604190111160278 0 0 0 0 0 0 0.115099772810936 0 0 0 11.69911249727011 4.199763298034668 3.316878214478493 548.065314784646 15.09891746938229 588.4103443399072 86.41738414764404 485.5031819865108 94.44545087963343 7.474969878792763 30.21708647161722 35.40526919066906 0.3665090426802635 2.354711711406708 1.106304809451103 39.57281099259853 0.4222129285335541 0 0 0.8478864282369614 0 237.6903748586774 27.47360048443079
187.0468430966139 1087.605191521347 606.0049686655402 5.730526067316532 320.1402235478163 7.969935692846775 54.7319952994585 2255.834406033158 433.0405258461833 64.59327979385853 2164.96020745486 6.096350014209747 114.3720518499613 538.8516312614083 6.263735167682171 4.872994139790535 0.3014775663614273 0.2057332098484039 0.8068405985832214 2.574629686772823 10.92638282477856 0.1056903228163719 10.91099394857883 4.781672798097134 0.3717888742685318 0.3999134600162506 1.147007346153259 0.3894553482532501 0 0.205281674861908 2416.102584503591 96.59786906838417 7.760086640715599 3.259714998304844 4.097568854689598 0 2.911222144961357 0.1138999164104462 0 0 3.815051138401031 0.9522810205817223 0.5686891078948975 0.1493007689714432 2.281011797487736 0.4182333201169968 38.30795965343714 1.281835988163948 0.7239423766732216 4.183533243834972 2.590982496738434 0 0 0.3534535095095634 0.6433289274573326 1.108678303658962 120.8945462107658 473.8614885509014 8.856904432177544 17.69026226550341 4.305786497890949 1.915659874677658 0.2343586534261703 40.49334858357906 1.279247775673866 6.752242185175419 4.842379599809647 10.83858932554722 37.13080068677664 24.69501247256994 1.090945392847061 0.7401803731918335 0 96.61085993051529 36.43089241534472 24.81931345909834 3.447002977132797 2.139039300382137 27.12242251634598 498.4539394378662 1.640740975737572 61.67050863802433 10.27246058732271 0 4.063301078975201 0.8880354911088943 8.321928672492504 0 0 0 0.8245407938957214 0 22.02764204144478 0.7177116498351097 0.4529887437820435 0.6089323759078979 0 0 0 500.9243721067905 0 0 1.130849428474903 0.5011431276798248 1.933921754360199 2.538031682372093 1.874390780925751 1.071480929851532 3.248021610081196 2.891880646348 0 5.15399294346571 8.943583548069 6.387404464185238 1.746793299913406 0 0 0 0 0 0 0 0 0 0 0 0 0 0 0 0 0 0.1322567462921143 0 0 0 0 0.1493927389383316 0 1.289252445101738 0.8979557156562805 1.824138671159744 0.1616574972867966 0.5584660768508911 0.252921037375927 0 0 0 0 0 0 0 0 0 0 0 0 0.2686518132686615 0 0 0 0 0 0 0 0 0 0 0 0 0 0 0 0 0 0 3.595002926886082 0 0 0 0 0.1456178724765778 0 0 0 0 0 0 0 0 0 0 0 0.1425203084945679 0.1195736452937126 0 0.1605851501226425 0.8476746380329132 1.829972214996815 0.1622492223978043 55.4219973385334 2.218331977725029 77.63803862035275 15.92659477889538 96.43553952127695 13.44846156984568 0.7098548263311386 3.398825474083424 6.413359828293324 0 0.4801871627569199 0 4.511820495128632 0 0 0.1699753999710083 0 0 21.6550727263093 2.817593410611153
1492.362685643137 393.4733973070979 5.730526067316532 303.6712506115437 22.309057071805 1137.488859839737 1672.193425223231 1.566866025328636 198.7982084974647 3110.228956907988 7.542497761547565 208.7765854671597 729.5307749435306 145.2586196884513 4.117418833076954 1.696175932884216 0.1290590465068817 0 0 0 0 0 0.08402983844280243 0 0 0 0 0 0 0 39.20575936883688 0.21061010658741 0.7428881973028183 0 0 0.475580245256424 1.982850700616837 0 0 0 0.1222742944955826 0 0 0 0 0 75.45704883337021 3.003301665186882 0.1377996504306793 0.093205526471138 0.3130080997943878 0 0 0 3.367974460124969 5.490831911563873 164.3550738021731 208.4001007005572 25.43682191520929 64.07924816012383 0.3118466660380363 0.137995257973671 0 3.87319478392601 2.368424139916897 3.127253837883472 0.9554403424263 0.3683743104338646 0.2026637494564056 0.09347326308488846 1.630571849644184 0.954930305480957 0.5278013050556183 265.4489511922002 24.87789959460497 34.35002657026052 1.195979438722134 0.1033560931682587 0.09546897560358047 0.08817657828330994 0.1199231669306755 0.09623117744922638 28.55448856204748 0 3.75686402618885 2.058897376060486 0.8541571646928787 0.1111854016780853 0.2642811983823776 0.1319378167390823 0.1257160753011703 0.1655248999595642 0.1241077035665512 0 0 46.88187153637409 0.8127120658755302 0.7879573702812195 0.1360844075679779 860.1290667578578 0.9595236554741859 7.085650905966759 12.82445930689573 20.00942002236843 5.260353922843933 31.23969478905201 33.22836719453335 7.440239071846008 41.1193692907691 30.48943923413754 0.5419393107295036 38.30579919368029 46.80614910274744 23.52362911403179 2.975131712853909 0.2695896327495575 0 0 0 0 0 0 0 0 0 0 0 0.9557018876075745 0 0 0 0 0 0 1.113552778959274 0.3779266476631165 0 0 0 2.714550197124481 2.354429960250854 2.057841300964355 0.1494080275297165 0.352832019329071 0 0 0 0 0.4804227352142334 0 0 0.448569044470787 0.2469736263155937 0 0 0 0 0 0.2325397953391075 0.08989859372377396 0 0.3698060065507889 0.6137030720710754 0 0 3.572320833802223 0.9422616362571716 0 0 0 0 0 0 0 0 0.1029178202152252 11.73230626434088 0.164595901966095 0 0 0 0.1180622950196266 1.354112446308136 0.6587280631065369 0.4130546078085899 0.3330166935920715 0 0 0 0 0 0 0 0 0.09815197438001633 0 0 7.862099312245846 0.7743898034095764 0.9451310709118843 657.7631704583764 5.45442458987236 166.9015108421445 26.5340234786272 652.3900820761919 27.7801648825407 4.649263761937618 7.272534646093845 74.47898149490356 0 0.470333993434906 0 102.7282440587878 0.2441187351942062 0 0 0.1397610157728195 0 253.7260300219059 18.22910544276237
74.6838785558939 1137.743786841631 320.1402235478163 22.309057071805 1983.994890153408 10.25147910416126 1606.18597175926 92.25217768549919 3288.766459457576 1811.416234403849 1450.877868436277 254.9243938922882 350.4010558128357 1241.795233644545 10.94538585096598 5.685568541288376 0.3776854649186134 0 0 0.1628230065107346 0 0 0.1344164609909058 0 0 0 0 0.4915003180503845 0 0 123.3698250055313 2.480789095163345 0.8968500196933746 0.2117361426353455 0 0 1.816608712077141 1.258293390274048 0 0 0 0 0 0.09889412671327591 0 0 102.5958877876401 2.423098459839821 0 0 0.09878333657979965 0 0 0 1.73450069129467 1.778647758066654 38.91706725955009 81.63332092016935 11.78256445378065 28.63000816106796 0.1105120480060577 0.1910342574119568 0 13.1631186902523 1.889825314283371 0.7470900267362595 0.3590742275118828 0.2834667190909386 0.1391743421554565 0.1570996195077896 0.6342838406562805 0.5365006327629089 0 114.0566344261169 33.03696354478598 57.14863284677267 5.95820452272892 0 0 3.162854351103306 0 0.3714398741722107 13.69086776673794 0 1.2872499153018 1.195283852517605 0.5535344779491425 0 0.2178960889577866 0 0 0 0 0 0 8.369707018136978 1.277385979890823 0 0 33.82998734712601 0.4383836388587952 0.8422307372093201 4.770527616143227 0.8948467075824738 1.180263221263885 17.47978688031435 2.164109364151955 8.333441749215126 28.86359927803278 18.5159230530262 2.37508001178503 45.8521573767066 62.17020814865828 31.4885785728693 4.763979017734528 0 0.105134129524231 0 0 0 0 0 0 0 0 0 0 0 0 0 0 0 0 0 0.3175292909145355 0 0 2.155307471752167 0 7.938606940209866 4.78747496008873 7.339633569121361 0.561247743666172 1.286244511604309 0 0 0 0 0 0 0 0.5729025602340698 0.0885872021317482 0 0 0 0 0 0 0 0 0 0 0 0.3786275684833527 3.680194333195686 1.948511123657227 0 0 0.1890745013952255 0 0 0 0 0 0 28.07604983448982 0 0 0 0 0.8172127902507782 1.291406631469727 2.02588963508606 0.2647611126303673 0.2127796858549118 0 0 0 0 0 0 0 0 0 0 0 6.949309758841991 4.320988975465298 1.702834732830524 275.7309298664331 8.98746632784605 225.8979531303048 43.69955241680145 45.74332682043314 58.20891403406858 0.9965317100286484 17.10196989774704 14.77886469662189 0 1.540088802576065 0 13.8224231749773 0 0 0 3.236680343747139 0.1672081500291824 81.09611924737692 14.15640921890736
92.93034252524376 157.3275947421789 7.969935692846775 1137.488859839737 10.25147910416126 1.137151211500168 129.7173000276089 2.862416788935661 40.53807236254215 961.1608638167381 9.4137973934412 234.3830225542188 253.9365574866533 41.70253264904022 0.732257641851902 0 0 0 0 0 0 0 0 0 0 0 0.2648781090974808 0.1975922137498856 0 0 13.4375289529562 0 13.56586174666882 0 0 0 30.12860601395369 0.8135710209608078 2.87488004565239 0 0 0 0 0 0 0 0.7884262725710869 0.1052924767136574 0 0 0.6810402423143387 8.38522731512785 1.022150054574013 0.1780537813901901 0 0.8072582110762596 61.65775867551565 6.219966121017933 1.953507959842682 0.1080099120736122 0.4394571781158447 0.1712763160467148 0 0 0.180886521935463 0 0.1412801891565323 0.1167765334248543 0 0 204.0394106060266 135.8486783206463 9.968188107013702 3.857685044407845 0 0.758367732167244 0.1104325950145721 0 0 2.382737770676613 0 0.8269823789596558 0.5212945118546486 2.333089716732502 0 2.353453390300274 0 4.90227797627449 4.207290634512901 7.324537821114063 2.072132617235184 3.813623711466789 0.1329865753650665 0.1658933460712433 0.4253232330083847 524.655011549592 14.11280880868435 1.652425229549408 31.31214145570993 379.6120269820094 0 9.283493295311928 5.5703035145998 3.557319581508636 2.06046661734581 19.57059621810913 12.0810387134552 5.290547370910645 31.85078263282776 18.24338881671429 0.2583716213703156 21.62951497733593 24.45783866941929 9.946829877793789 1.175834506750107 0 0 0 0 0 0 0 0 0 0 0 0.2605426609516144 0.104148842394352 0.2719736993312836 0 0 0.3308528959751129 1.097318768501282 0.1870403438806534 0 0 0.2342390269041061 0.9401409029960632 0 0.1958070546388626 0.287470817565918 2.014177151024342 0.3464568331837654 0.4769746512174606 0 0 0 0 0 0 0 0 0 0 0 0 1.039554208517075 0 0 0.1024859771132469 0 0.353623166680336 0 0 0 0 0 0 0.1424432843923569 0 0 0 0 0.1733060777187347 0 0 7.263354875147343 0.7023894339799881 0 0.1151802837848663 0.1690027713775635 0 0.2100011855363846 1.301084011793137 0.7562231123447418 0.4518748223781586 0 0 0 0 0 0 0 0 0.5088614225387573 0.2651257514953613 0 1.875755213201046 0 1.086880423128605 137.582357801497 0.1527170538902283 2.985944986343384 1.295961767435074 114.7534715756774 0.6864676773548126 0.1405226141214371 0.4275589138269424 50.76582518219948 0 0 1.268929108977318 47.00478663295507 0 0 0 0.159718319773674 0 147.6402358934283 6.814472123980522
299.7346147671342 654.9381323978305 54.7319952994585 1672.193425223231 1606.18597175926 129.7173000276089 388.2751334682107 7.469177603721619 3043.552509441972 3788.146224625409 278.2160746082664 1018.325318723917 7415.55827268213 3217.233930766582 28.26333233714104 11.40667080134153 0.2466496899724007 0.1872636526823044 0.1145319491624832 0.3314418643712997 0.2858961820602417 0 0.3236584588885307 0 0.3178384900093079 0.124328687787056 0.3327835276722908 0.4484706670045853 0.3267962336540222 0.130864605307579 164.7780530005693 4.685931101441383 4.650064334273338 0.1836187094449997 0.09563881158828735 0 7.462844774127007 0 0 0 0.4296849220991135 0.4686938524246216 0 0.1959467232227325 0.1205206960439682 0.07604774087667465 225.5582249313593 4.070445083081722 0.5101557746529579 0 0.2992967218160629 0.26594078540802 0 0.2519653812050819 5.80837470293045 4.722423993051052 112.8285055458546 173.7346547618508 29.99522607773542 87.19431871175766 0.255478136241436 0.1499337255954742 0 19.59132450819016 2.889165475964546 4.226215928792953 0.7541934251785278 1.236157052218914 2.041656218469143 0.8260689377784729 3.68023132532835 2.58259304612875 0 299.8257853984833 61.46299625188112 107.2134697437286 10.7734150737524 1.210588715970516 0.1628558933734894 1.743211582303047 0.5379866510629654 0 36.61791948974133 0 4.616226769983768 3.645320639014244 1.173452220857143 0 0.3049159198999405 0 0.0904325544834137 0 1.605810388922691 0.8085995689034462 0.43586665391922 67.02122863382101 4.094429314136505 0 0 73.57249346375465 2.183469422161579 8.638951390981674 25.42890533804893 13.77321168780327 11.69239706546068 97.20472247153521 28.09850768744946 27.85853127390146 125.7275877073407 77.52026661485434 4.466838501393795 175.1798082366586 233.3899718895555 116.5669426172972 20.19940414279699 0.8194575980305672 0 0 0 0.3056982457637787 0 0 0 0 0 0 0 1.204310417175293 0 0 0.1913693845272064 0.3432020843029022 0 0 0.8635096102952957 2.186090297996998 0 2.047478795051575 0 26.29019909352064 6.582490488886833 17.53780241310596 1.013589352369308 0.5974472090601921 0 0 0 0 0 0 0.1503612995147705 1.035767018795013 1.102361977100372 0 0 0 0.2804067209362984 0 0 0 0 0.3529810011386871 0.2156445682048798 0.809141993522644 2.544936813414097 3.774540632963181 4.705420322716236 0 0 0 0 0 0 0 0 0 85.60886190086603 0.2061517685651779 0 0 0.1242561116814613 1.840700685977936 2.330889590084553 2.706351675093174 1.118175141513348 0.1039499193429947 0 0 0 0.1121462732553482 0 0 0 0 0 0 0 35.39090977609158 4.164859361946583 8.056558482348919 673.5277320444584 17.77866683155298 503.3012035116553 105.8083791360259 207.3362425491214 118.9895214810967 5.194881267845631 37.16451152414083 72.61103307455778 0 4.315538242459297 1.892249129712582 122.19021628052 0.3803221881389618 0 0.1951794773340225 6.11818240582943 0 387.4886044561863 76.48822826892138
126.7189968898892 451.3934507071972 2255.834406033158 1.566866025328636 92.25217768549919 2.862416788935661 7.469177603721619 964.4001901447773 66.48445481806993 5.375684782862663 1097.903208203614 2.383746400475502 53.3106090426445 267.9506719857454 49.99333733320236 28.18575360625982 0.5439688637852669 0.1986827254295349 0.6417215466499329 3.226972162723541 22.7122642621398 0 24.61456559598446 10.98971993476152 2.270980633795261 2.938774824142456 10.14066902548075 0.4979967772960663 0.1150282621383667 1.163980767130852 2950.855459943414 613.3146591112018 20.53977125883102 5.153938144445419 10.64236748963594 0.1106676086783409 5.143948391079903 0.921885259449482 0.1277339458465576 1.454410701990128 11.50500464439392 3.836737811565399 0.8024505749344826 0.7493803203105927 2.732480332255363 0.4274019673466682 203.7862889319658 4.664085350930691 0.4772634208202362 3.306014582514763 7.193638511002064 0.7901765704154968 0 1.020441100001335 2.143228754401207 2.083254843950272 180.0187107399106 596.4755542203784 22.38903135806322 51.06446638703346 6.709896735846996 9.395655579864979 0.4532012939453125 364.8747470900416 2.26248936355114 8.770315364003181 5.983404465019703 12.42123392224312 54.27964401990175 35.50569371879101 0.8484465777873993 0 0.0929076224565506 250.7137806415558 135.6190177276731 150.6427030712366 63.38383369147778 218.7918360978365 141.0418558940291 424.7390904203057 7.358766458928585 98.82519197463989 23.92830837517977 0 5.002311728894711 2.44658475369215 8.752666503190994 0 0.2817974612116814 0.1312686651945114 0.7422409877181053 0.1230183839797974 36.67834679782391 3.721640922129154 0.3833420872688293 1.439558088779449 0 0 0 140.4773195236921 0 0 0 2.037253379821777 0 0.1649070084095001 1.051300168037415 0 0.5215274542570114 0.3561861962080002 0 1.237605445086956 0.4588482081890106 1.092526957392693 0.1064213737845421 0 0 0 0 0 0 0 0 0 0 0.1401108354330063 0 0 0 0 0 0.08143478631973267 0 0.1308895349502563 0 0 0 0 0 0.2478917241096497 0.1118428483605385 0.6890385672450066 0.07097827643156052 0.1859682574868202 0.2237087488174438 0 0.09372954815626144 0 0 0 0.1710205227136612 0 0 0 0 0 0 0.1160908043384552 0 0 0 0 0 0 0 0 0 0 0 0 0 0 0 0 0 0 1.159397594630718 0.1032550558447838 0 0 0.3339883834123611 0 0 0 0 0 0 0 0 0 0 0 0 0 0.3808682560920715 0 0 0 0.8047255352139473 0.6974048316478729 226.2044656202197 7.617956027388573 325.142241679132 70.09351263940334 68.87184628844261 59.40949634462595 3.307263061404228 20.64061905443668 2.285193994641304 0.4414281249046326 0 0 0 0 0 0 3.695919044315815 0 43.43784908950329 0.4866670817136765
45.12702679634094 1910.234292037785 433.0405258461833 198.7982084974647 3288.766459457576 40.53807236254215 3043.552509441972 66.48445481806993 1079.75509172678 567.4130236431956 1203.864239215851 75.33073979616165 261.806505292654 1288.483481034636 12.70066978782415 4.617293797433376 0.1199561282992363 0 0 0 0 0 0 0 0 0 0.09417987614870071 0 0.1399044841527939 0 45.39593394845724 2.661518812179565 1.028899952769279 0.0811893418431282 0 0 1.336172997951508 0 0 0 0.1189421117305756 0.2791230604052544 0 0 0 0.1145816445350647 57.5381910726428 0.2280981615185738 0 0 0 0 0 0.1605224460363388 1.193912990391254 1.414199165999889 18.53313668817282 26.65720720589161 6.162497386336327 15.53235321491957 0 0 0.1754007637500763 3.701141700148582 0.4491876289248466 0.6334029957652092 0.3795791491866112 0 0.5006677508354187 0 2.217920832335949 1.145185962319374 0 53.96244376152754 17.37471675127745 33.53852067887783 4.598560698330402 0.3784789592027664 0 1.104680426418781 0 0.1934037059545517 5.803092241287231 0 0.8725459426641464 0.8210903704166412 0.7161273881793022 0 0.09101642668247223 0 0.1696701720356941 0.1465456783771515 0.1032425984740257 0.1114639267325401 0.1757467985153198 4.95013889670372 0.3504602909088135 0 0 18.50404395163059 0.5332056805491447 1.948173247277737 6.832265757024288 4.057277664542198 6.668906785547733 20.23888057470322 3.175598904490471 7.573250509798527 20.36971495300531 16.53688533604145 1.26412595063448 42.75012531876564 47.63411104679108 29.4117860943079 7.070867069065571 0.1384014487266541 0 0 0 0 0 0 0 0 0 0 0 0 0 0 0 0 0 0 0.4493304044008255 0 0 1.395418107509613 0 9.558976531028748 2.4290556833148 5.528405413031578 1.186646200716496 0.4027183055877686 0 0 0 0 0 0 0 0 0.1202226728200912 0 0 0 0.4813921749591827 0 0 0 0 0.6811310648918152 0 0 0 3.600246965885162 1.80480682849884 0 0.2631973624229431 0 0 0 0 0 0 0 26.24648460745811 0.3736275434494019 0 0 0 0.7686986103653908 0.7633060291409492 2.318792924284935 0.1152655705809593 0 0 0 0 0 0 0 0 0 0 0 0 8.706255026161671 5.051910161972046 4.604515813291073 216.8458438515663 6.868208363652229 132.643185198307 35.21999681740999 37.07580682635307 31.23995746672153 1.070765182375908 22.30463327467442 21.57143516093493 0 0.2365230694413185 0 22.64161817729473 0 0 0 2.432790115475655 0 48.56072272360325 15.71817813813686
537.2518043145537 1666.806400410831 64.59327979385853 3110.228956907988 1811.416234403849 961.1608638167381 3788.146224625409 5.375684782862663 567.4130236431956 2100.329392135143 47.25545959174633 1877.947009190917 5970.558736264706 254.1738249287009 16.55799997597933 6.310248829424381 0 0 0 0 0 0 0.3335972726345062 0 0.1621253788471222 0.1436932533979416 0 0 0 0 27.19857995212078 0.1834996789693832 9.837970778346062 0 0 0 49.93245966732502 0 0.1164629310369492 0.3652442321181297 0.1212023571133614 0 0 0.1480703502893448 0.2485119700431824 0 110.0109249874949 1.384465828537941 0 0.1144280582666397 0.2100622206926346 0.4935643672943115 0 0 1.995323576033115 2.559380292892456 63.37065899372101 67.45679439604282 17.92040251195431 44.34074968844652 0.2662277221679688 0 0 6.858061864972115 1.893677473068237 1.359851635992527 0.5686132609844208 0.5787426009774208 0.917880192399025 0 11.61952768266201 5.185672670602798 0.09710955619812012 135.3750630542636 23.38752929866314 44.00559777766466 5.488080553710461 0.6173376217484474 0 1.135069191455841 0.1005351096391678 0 17.97659666091204 0 1.710561618208885 1.058097682893276 0.2120610475540161 0 0.2269702553749084 0 0.4725558087229729 0 1.767685651779175 0.569001704454422 0 199.1924910247326 25.43933044373989 0 0.07726672291755676 396.3278613016009 3.661347948014736 42.51142575591803 57.808005400002 39.49555207788944 32.42487355321646 234.4569695815444 90.14910232275724 63.77404979616404 272.1450767442584 187.0289048030972 12.83639029413462 351.1585954353213 440.4464736059308 240.447751544416 46.76791929453611 0.1598369032144547 0.6970347538590431 0 0 0.09444663673639297 0 0 0 0 0 0 0 2.089213252067566 0.4976570904254913 0.2257023453712463 0.1258353441953659 0.1327821761369705 0 0 7.518612422049046 0 0 14.96374586224556 0.5644765645265579 52.52319541573524 17.23370849341154 63.35601023584604 3.692965030670166 0.944312185049057 0 0.1809524744749069 0 0 0 0 0 2.349864058196545 2.469177819788456 0 0.2365410476922989 0 0.943236231803894 0.2685166001319885 0.1047989651560783 0.8093873262405396 0 1.243627309799194 1.306171521544456 1.197161883115768 0 18.21225260198116 9.114208221435547 0.1438722461462021 0.1076565533876419 1.409343540668488 0 0 0 0 0 0.5572987198829651 182.6851730793715 0.8632791638374329 0 0 0.09408198297023773 16.18774063140154 3.148728251457214 8.486540943384171 6.228154689073563 1.18802248686552 1.872926019132137 0 0.301544576883316 0 0 0 0 0 0 0 0 54.95577050000429 19.63305611163378 15.87985456734896 1266.913461104035 11.43113730847836 296.1975442692637 70.58192383497953 725.1048842445016 83.98696872591972 5.006659790873528 33.32287608087063 267.0834251344204 0.6522141695022583 8.300095058977604 2.661283388733864 411.4967864453793 0.3699687123298645 3.611452102661133 0.5883853808045387 2.23009529709816 1.01234795153141 1188.534701757133 116.4819002375007
353.5839706212282 1967.975305810571 2164.96020745486 7.542497761547565 1450.877868436277 9.4137973934412 278.2160746082664 1097.903208203614 1203.864239215851 47.25545959174633 1290.8856684044 27.10133422911167 775.4028591811657 1562.308207146823 86.86082538217306 52.58462292701006 0.8901568651199341 0.1078614518046379 0.3444688990712166 2.218777246773243 15.19553777575493 2.527891620993614 21.69624975323677 12.95779061317444 9.693882845342159 6.94856645911932 21.99677117168903 2.119618706405163 1.660946756601334 5.646626122295856 1329.975444987416 34.22974669188261 650.7725013718009 0.7899622395634651 6.218425922095776 0.3803964555263519 154.5015858858824 5.228960558772087 0.3898508548736572 9.819977082312107 39.20892480015755 17.89014064520597 1.127223365008831 2.084011323750019 0.6102647855877876 0.5172123461961746 175.2510705217719 2.947990901768208 2.079208828508854 3.296680375933647 11.42490970343351 1.673732131719589 0.2902239188551903 3.141840517520905 2.830857895314693 1.917330615222454 104.6091921404004 225.6711883693933 16.94640090316534 40.28030303120613 0.8413380905985832 1.019851021468639 0.4057341739535332 35.60077883303165 2.084034062922001 5.640000410377979 6.707285486161709 11.23176640272141 32.35400681197643 29.2813069447875 23.16396767646074 1.165690548717976 0.1323265433311462 172.6366285160184 65.05179505050182 148.8806512206793 29.33315299451351 11.77240519970655 6.029408097267151 96.07202799618244 1.346864275634289 5.367659874260426 19.98975591361523 0 4.00200043618679 2.28225365281105 6.96481116861105 0 0.5157719030976295 0 1.825768582522869 1.678461842238903 57.3168383166194 20.63257303088903 3.614170216023922 7.303221091628075 0.3437732309103012 0 0.5867822170257568 276.2143635228276 0.1053055599331856 1.266544222831726 0.682405449450016 0.117029182612896 1.254682160913944 3.92991728335619 1.0078244805336 0.9359524771571159 5.339428968727589 2.587558217346668 0 10.03851787000895 16.53134410828352 11.86045329272747 4.083150468766689 0.1012149527668953 0 0 0.1565575152635574 0 0 0 0.403925858438015 0 0.1074475347995758 0.6625489294528961 0.5402316004037857 0.2720058634877205 0 0.2190404459834099 0.2117909044027328 0.1177181676030159 0.4756926372647285 0.2366556003689766 0 0.09533151984214783 0.8621952459216118 2.033029168844223 0.2298522889614105 4.205787062644958 0.7848193868994713 5.721368327736855 2.426652885973454 1.109159633517265 0 1.23230716586113 0 0 0 0.2480747103691101 0 0 0.1919364109635353 0 0 0.1827021539211273 1.892370231449604 0.614506870508194 0 0 0 0 0 0 0 1.404498524963856 1.394006967544556 0 0.2431653290987015 0 0 0 0.2493530511856079 0 0.2309444919228554 0.4520858228206635 10.81517367810011 0.7009960487484932 0 0 1.278661973774433 0.5897854939103127 0.120196171104908 1.098565101623535 0.08745861798524857 0.0939563661813736 0 0 0.1981967762112617 0 0 0 0 0.1238921210169792 0.2150194048881531 0.2967077940702438 0.1179251372814178 3.17926013469696 2.141860790550709 2.564818978309631 399.8989392891526 11.57942681759596 312.6211343035102 108.5653597638011 85.66565769910812 59.14244794845581 3.094129577279091 31.31350857764482 4.536167025566101 0 0.9441441893577576 0.634367898106575 8.452648431062698 0 0 0 9.479418553411961 0.7765668779611588 44.6357354298234 6.684605479240417
12.1144390553236 209.8285035863519 6.096350014209747 208.7765854671597 254.9243938922882 234.3830225542188 1018.325318723917 2.383746400475502 75.33073979616165 1877.947009190917 27.10133422911167 40.12612465769053 2847.566605016589 132.778782568872 28.28484569489956 12.80262462794781 0.7664175108075142 0 0 0.1156794726848602 0 1.808254405856133 0.6061948090791702 0.2345891296863556 0.7994043678045273 0.6200038492679596 0.9963321536779404 0.1499100178480148 1.429824441671371 0.1577399373054504 1.465060256421566 0 45.44983601570129 0 0 0 201.1095581948757 1.755453303456306 0.3425857126712799 1.465701796114445 3.291632801294327 1.704503357410431 0.1272477954626083 0 0 0.1161486282944679 20.99974405765533 0.09651095420122147 0.3102438896894455 0 0.8525360971689224 4.156991362571716 0.8028522729873657 3.053260087966919 0 0.2394843995571136 8.020207643508911 2.577683173120022 1.701824687421322 1.327491603791714 0 0.3338624238967896 1.310123771429062 0 0 0.5991065055131912 0.6698061972856522 0.2339469864964485 0.3247658014297485 0.622948169708252 112.3660062924027 9.446656450629234 0 8.276886716485023 1.096365131437778 11.45077721774578 4.089447684586048 2.818175010383129 0 12.25965842604637 0 0.7256513983011246 0.7073477357625961 0 0.09359993785619736 0.1025808528065681 0.1087032854557037 0 0 0 0 0.8928110897541046 2.247328817844391 2.961870342493057 4.059830367565155 920.1674667522311 94.20039266347885 0 8.277488276362419 134.1915357112885 1.052301935851574 3.924843318760395 11.99236016720533 5.637437872588634 7.524328961968422 50.00482751429081 17.20848408341408 13.74041102081537 76.71432946622372 44.53558494150639 2.559291176497936 116.1267683655024 181.4972799867392 78.75964545458555 16.1533408164978 0.874016635119915 0.1235353872179985 0.1089293137192726 0.5709479749202728 0 0 0 0 0.3729456961154938 0 0.2778735160827637 0 0.155915379524231 0 0.4679806232452393 0.2659618854522705 0.6830566972494125 0 0.3812083899974823 0.9428776726126671 0.1000558584928513 0 1.416743993759155 0.09269683063030243 19.42966346442699 3.749463811516762 13.69576229900122 4.885521970689297 1.102626547217369 0.4188420474529266 0.3088006004691124 0 0 0 0.6426905989646912 0 0.1854066550731659 0.6637375205755234 0 0 0.2937813997268677 2.468180507421494 0.2203034609556198 0 0 0 0.1610648334026337 0.1525129377841949 0.08885996788740158 0 1.746538296341896 2.220243580639362 0 0 0 0 0 0 0 0 0.08194559067487717 81.19104988873005 1.847328126430511 0 0 0.1754939407110214 3.394972793757915 0.3301195800304413 0.8578768670558929 0.9782624244689941 0.2264038547873497 0.3339527696371078 0.3171941339969635 0.2827576920390129 0.2409320697188377 0 0 0 0 0 0 0 42.68210048228502 7.197890900075436 8.237674735486507 295.3426723629236 6.00055455416441 46.99120116233826 37.23521632701159 253.0858734324574 16.76765067875385 0.9832775145769119 13.22832756489515 23.79279673844576 1.847551487386227 2.524628832936287 1.133836410939693 43.43409711122513 0.4820642173290253 0 0 5.833401933312416 0 647.7415868416429 137.5213796570897
99.84363696724176 573.5349003449082 114.3720518499613 729.5307749435306 350.4010558128357 253.9365574866533 7415.55827268213 53.3106090426445 261.806505292654 5970.558736264706 775.4028591811657 2847.566605016589 1804.617819197476 2102.248489566147 149.7755403369665 84.00215394049883 3.373605370521545 0.1125616207718849 0.4159514009952545 0.5033205449581146 1.339742466807365 11.02353918552399 4.753850944340229 2.837042756378651 4.326957724988461 1.734237484633923 10.74919211119413 3.390970304608345 2.920348629355431 3.749590940773487 35.48951207101345 0.3888356387615204 451.6501306220889 1.316932618618011 1.301065973937511 0.1880558580160141 289.2789511308074 8.061057604849339 0.8850155398249626 34.23646119982004 21.5377583950758 17.89539042115211 0.5955075025558472 1.034955576062202 0.3624275997281075 1.426087185740471 167.0004544109106 1.25977848470211 1.482967831194401 1.369394272565842 11.90879252552986 7.861867636442184 0.8200958669185638 7.49044019728899 0.803701288998127 1.09387369453907 23.18128010630608 25.87470480054617 7.55608756095171 16.82646115869284 0.7833214402198792 13.42488361895084 1.460497379302979 3.765396408736706 1.097511649131775 2.151135325431824 3.321944370865822 4.408310517668724 9.668102912604809 7.907984733581543 283.8705218210816 15.30787099152803 0.7188202291727066 62.07326795905828 18.59478048980236 108.3110098987818 28.74151891469955 10.3423839583993 0 120.6865372955799 1.116651758551598 6.320680022239685 7.323842108249664 0 1.876996211707592 0.4685605838894844 2.318330690264702 0.09136984497308731 0.6408040821552277 0.303505465388298 0.5851746201515198 3.350148469209671 37.05233472585678 17.50151870399714 11.42862892150879 1491.376191571355 49.07610728591681 0 3.598869606852531 192.9788071736693 4.996722556650639 20.07325737923384 66.05659078061581 30.95873891562223 29.53442630916834 217.9136189520359 66.86608117073774 67.4733262360096 275.9211578667164 188.3163841813803 7.214234493672848 450.1617831140757 625.7454845607281 300.0135272145271 60.45289841294289 0.4235534965991974 0.7751851081848145 0 0 0 0 0.9648702517151833 0.3333899974822998 0 0.130449041724205 0.491527646780014 0 4.122466646134853 0.1539909243583679 2.635256007313728 0.6670260727405548 3.436785906553268 1.566881783306599 0.926963746547699 5.028644867241383 0.6759945079684258 1.408251121640205 8.914183385670185 0.9615724608302116 64.70095692574978 16.73330204933882 53.49743376672268 11.57239766418934 7.284786209464073 0.2187355160713196 1.590468898415565 0.2575835585594177 0.3386880457401276 0 2.206384167075157 0.1851927116513252 2.456462100148201 2.924591600894928 0 0 0.5326821058988571 3.54817845672369 1.835395969450474 0 0 0 3.301310352981091 0.7347632497549057 2.50628499686718 0.9873929172754288 14.53787974268198 8.700351364910603 0.252026155591011 0.1849666386842728 0.6444332376122475 0 0.4956592321395874 0 0.3269170820713043 0.2340217530727386 0.5192594528198242 231.4833056628704 7.06937612593174 0.1263980865478516 0 1.594005733728409 6.895534813404083 2.248830959200859 7.996741324663162 2.995916359126568 1.645623631775379 0.6795720979571342 0.09731473028659821 0.1372426748275757 0.1047932803630829 0 0 0.1032081544399261 0.1216385439038277 0.3063556998968124 0.9309482574462891 0.3003451824188232 123.9182133153081 24.1832225844264 28.59803767502308 1523.738732658327 35.12838194519281 351.6849706172943 227.3229468539357 425.1184754520655 110.1063386723399 4.639295548200607 84.97719407826662 120.3456779196858 0.4240947365760803 10.11330191046 2.06745408475399 174.787850022316 1.212751448154449 0 0.1061198338866234 27.05329325050116 0.7881391495466232 1445.607745833695 330.2548076733947
267.7556328997016 1686.928282514215 538.8516312614083 145.2586196884513 1241.795233644545 41.70253264904022 3217.233930766582 267.9506719857454 1288.483481034636 254.1738249287009 1562.308207146823 132.778782568872 2102.248489566147 1147.852919913828 154.8971051499248 79.71786431968212 2.104857102036476 0.265518456697464 0.496504545211792 0.6638732776045799 8.318649895489216 4.615002050995827 8.279354810714722 5.415902145206928 9.163012847304344 3.957847408950329 19.61394654214382 3.486008614301682 2.112047307193279 4.953399494290352 199.6549599096179 3.327107265591621 1405.873435042799 1.229338608682156 1.804865136742592 0 647.7673913910985 16.09297123551369 0.7326239719986916 14.68241529166698 34.50869304686785 21.46368458122015 0.2256130054593086 1.049491412937641 0.4764923229813576 2.290528528392315 198.6363683193922 1.959732614457607 1.981641933321953 2.056520745158195 17.72308294475079 7.029280960559845 1.243359923362732 6.103334568440914 2.468842104077339 1.55244342982769 46.15978340804577 78.58686745911837 11.86957740038633 31.56311722099781 2.164903186261654 7.406720101833344 1.502618186175823 16.70457892864943 1.937832087278366 4.319990575313568 8.060582667589188 7.608685009181499 23.88820910453796 20.82263347506523 176.889855183661 4.573678858578205 0.3435091078281403 113.5035147219896 37.86607862263918 154.7486687302589 35.64190051704645 12.14585120230913 0.1024041697382927 161.6594305410981 1.345284812152386 5.825662240386009 14.15076973289251 0.1497609317302704 1.759409673511982 2.385656632483006 6.538324125111103 0 1.330103613436222 0.8229526728391647 3.363027818500996 1.267266027629375 52.05202779918909 25.8378384411335 10.96091818809509 114.2664872929454 8.026090249419212 0 0.4163914918899536 113.7702004611492 2.164093188941479 1.433752313256264 16.97707571089268 7.181645624339581 7.306506842374802 51.32087086886168 10.65364198386669 21.234967418015 58.07490989565849 40.2299332395196 2.736365139484406 117.2378782555461 161.3661129325628 86.65370751917362 18.87096814066172 1.241728104650974 0 0 0.1096139326691628 0 0 0.1193267852067947 0.1310801059007645 0 0 0.8836861923336983 0.179669976234436 0.966076672077179 0.2159730941057205 1.661065936088562 0 1.556673161685467 1.58782172948122 0.5106362849473953 1.034924641251564 1.057286210358143 0.4195481836795807 8.132537446916103 0.401005357503891 32.98310695588589 5.463345125317574 27.00545850396156 4.440108098089695 4.252321250736713 0.3834725394845009 0.1504635214805603 0.2595314010977745 0 0.1216740384697914 0 0.1934430599212646 0.2868902385234833 0.3368027731776237 0 0.3831603527069092 0 2.751918390393257 1.361146725714207 0 0 0 0.08117198199033737 0.1489415243268013 0 0.80459064245224 7.49584324657917 5.974608674645424 0 0.1248387470841408 0 0 0 0.09705270081758499 0 0.3975769430398941 0.3226980566978455 98.95604441314936 1.48229569196701 0.2325141429901123 0.2138020396232605 1.614187173545361 2.923477932810783 1.092891037464142 3.816052608191967 2.28976034373045 0.416283130645752 1.057347282767296 0 0.09858864545822144 0.7139014527201653 0 0 0 0.4220414236187935 0.695049837231636 0 0.1332094073295593 37.11223411560059 14.6312248557806 12.746696844697 1069.382675394416 27.81365975737572 422.7117813080549 208.9299744442105 98.36959984898567 107.0253301262856 5.699468202888966 71.69225063920021 29.14836126565933 0.4110066667199135 5.022782117128372 0.5426615551114082 39.86167673021555 0.6479703485965729 0 0.1390593200922012 18.48572109639645 0.2744108438491821 165.8046159520745 69.95283991843462
