83.87679056823254 2387.603806629777 328.1713016331196 1759.657291457057 20.08295242488384 58.19133798778057 346.9478056877851 115.0904858484864 14.69377969205379 1200.377583138645 37.49125441163778 16.68538746237755 47.15635787695646 80.36686907708645 3.115024402737617 0.4929727762937546 0.1340083479881287 0 0 0 0.1515859961509705 0 0.2469076216220856 0 0.1193741336464882 0.09739274531602859 0.1196895092725754 0 0 0 628.5563540533185 3.761428654193878 5.275292761623859 0 0 0.1144115328788757 9.724114380776882 0.369624026119709 0.2943972125649452 0 0.3815419673919678 0 0.2894189357757568 0 0 0 23.72458979487419 2.730218321084976 0.3304772302508354 0.1018355935811996 2.342985346913338 0.1231841593980789 0 0.3468850404024124 6.276823319494724 10.09429648518562 252.9382810294628 492.6402403488755 29.99673694372177 13.83848757296801 0.2537577673792839 0.9846478924155235 0 4.372025519609451 6.657956570386887 3.817367851734161 4.16092873364687 2.193028494715691 1.03254909068346 0 10.58742975443602 6.281807243824005 0.2993959188461304 141.1501960679889 17.42233971506357 14.81802020967007 3.066046260297298 0.9384661391377449 0.2182276248931885 7.329347774386406 0 0.9655589535832405 17.93333871662617 0 4.72014170140028 3.997069306671619 1.185190260410309 0.4620693773031235 2.370707586407661 0 1.023471318185329 0.1347596049308777 0.7895886525511742 0 0 67.77328909188509 9.254075415432453 0.1762824654579163 2.135321959853172 1057.90006031841 0.8184117823839188 2.801729992032051 0 1.763520613312721 0 1.094676770269871 2.053972736001015 0 7.756094008684158 9.11205030977726 0.5108987241983414 6.957979559898376 19.31389328837395 19.04885836690664 6.834998115897179 0.1317019462585449 0.1029628589749336 0 0 0 0 0 0 0 0 0 0 0 0 0 0 0 0 0 0.8985556736588478 1.515225037932396 0 0 0 0.6015870273113251 0 6.249707035720348 0 0 0 0 0 0 0 0 0 0.8487446904182434 0 0 0 0 0 0 0.1183731034398079 0 0 0 0.6428653001785278 1.034416556358337 0 0 1.859023749828339 0.806413397192955 0 0 0 0 0 0.24726203083992 0 0 4.620270952582359 0 0 0 0.1071430146694183 3.915173664689064 0 1.099876523017883 0.403427392244339 0 0 0 0.1287601143121719 0 0.0934314951300621 0 0 0 0.2781746312975883 0.1289319694042206 0 5.266864866018295 1.970494583249092 1.016992822289467 313.0484761968255 3.906896039843559 154.991191983223 14.4214897826314 711.5426729246974 18.21900113672018 0.9615791663527489 5.773215927183628 53.86223739385605 0 0.3659905791282654 0.1461381465196609 67.24913398176432 0 0 0.3264915347099304 1.291474640369415 0 188.3299602940679 30.29312969744205
2387.603806629777 4726.845818191767 2620.376034632325 1559.64406105876 1934.945810414851 245.2730364948511 5516.348253116012 306.9844579845667 1592.405258327723 2412.782854095101 1318.201032400131 36.90124749392271 802.1373984143138 1488.727634221315 14.54901766031981 1.75910446792841 0.6403425559401512 0.7177444770932198 0 0.1148601844906807 0.455447219312191 0 0.1024319306015968 0 0.1045448109507561 0 0 0 0 0 3423.538919270039 14.74547754973173 25.58414586633444 0.09318408370018005 0 0.2488455474376678 27.31886348873377 0.8626827225089073 1.208739534020424 0.1193102449178696 0 0 0.9595294743776321 0.8661536201834679 0.07624207437038422 0.3324515670537949 195.4892851635814 10.64716950803995 1.840809307992458 2.693916074931622 10.36214903742075 0.2726578861474991 0 0 15.85560551285744 22.13531792163849 282.5739468336105 1101.818440333009 68.53414064645767 78.2053656578064 0.5248772576451302 0.3429589048027992 0 98.80776570737362 19.22496562451124 17.66413902491331 12.21968691051006 5.56464484333992 1.34986700117588 0.7807602733373642 15.59475295245647 6.281520202755928 0 494.7223310619593 216.5311725437641 132.7975254654884 19.65752369165421 3.223521657288074 2.774607092142105 10.50019185245037 1.065547965466976 1.440154112875462 47.03461024165154 0.08322085440158844 20.01216022670269 14.55253449082375 3.633390389382839 0 8.218891717493534 0.2593583464622498 4.589767836034298 0.6549719870090485 1.010042011737823 0.5313168913125992 0.3919955566525459 12.20004841685295 6.401911348104477 0 3.66267778724432 1046.966014690697 1.467724964022636 3.487209290266037 0.7103623151779175 0.8156452178955078 2.298572212457657 14.704564422369 1.483224749565125 0 8.874054610729218 2.883087903261185 2.406833060085773 9.033578231930733 13.38068075478077 25.79276295006275 7.216364398598671 0.08946014940738678 0 0.2459506839513779 0 0 0 0 0 0 0 0 0 0 0 0 0 0 0 0 2.165227562189102 2.618256874382496 0 0 0 2.81548672914505 2.53920516371727 10.87662653625011 1.085140705108643 0.522259846329689 0 0 0 0 0 0 0 0 0 0 0 0 0 0 0 0 0 0.6198304295539856 0.4131408184766769 0 0 0 9.794310748577118 0 0.1179454550147057 0 0.1332774311304092 0 0 0.2834807187318802 0 0 8.145024105906487 0 0 0 0.3556129559874535 12.04840476810932 0 5.87869356572628 1.550233289599419 0.4040419012308121 0.6642012223601341 0 0.1091147214174271 0 0 0 0 0.1106483787298203 0.8423421457409859 0 0 5.536667130887508 4.515370182693005 6.671944335103035 318.036515571177 15.60819499194622 629.5535783842206 55.83445820212364 484.0096463412046 55.59704845398664 4.211191669106483 41.2285333648324 11.3261404633522 0.1785182356834412 1.965028047561646 0.1952149122953415 14.01870170235634 0 0 0.8758498579263687 1.184814877808094 1.356060862541199 171.5489197820425 8.155458711087704
328.1713016331196 2620.376034632325 1075.258013859391 189.1745079904795 1022.697614118457 30.68691930174828 508.0589661449194 2321.995751582086 681.8571065962315 387.9375001043081 1716.368242003024 29.83863002806902 539.2430060207844 2152.362423866987 9.338796071708202 3.477646291255951 0 0.5991406291723251 0 0.495811939239502 2.561776831746101 0 1.144882328808308 0.7521408051252365 1.295064464211464 0.3782443404197693 0.6938405632972717 0.100675992667675 0 0 4385.113898701966 149.1194207966328 60.6655216217041 1.23717774450779 1.228591248393059 1.705973297357559 40.0139197036624 1.838759042322636 2.526501700282097 0.7704923674464226 1.317263424396515 0.1686615198850632 2.245084844529629 0.2341341003775597 0.988830953836441 0.2351666167378426 46.7339423596859 2.267454490065575 0.4055721536278725 2.929262325167656 3.39537438005209 0.09744563698768616 0 0.128668949007988 3.720939815044403 5.437048904597759 95.9846665263176 574.7739222869277 18.64487836509943 16.76114812493324 0.8358762413263321 7.796871230006218 0.1071063503623009 235.555830180645 3.399798229336739 3.094080865383148 3.497273147106171 2.362003333866596 5.328421525657177 2.850560009479523 31.65517155826092 6.775365002453327 0 120.7007525488734 55.98459106683731 41.45385558158159 13.85730952769518 7.678038939833641 3.766399055719376 165.9366388693452 0.4603841081261635 20.61342708021402 9.957051366567612 0 4.447318755090237 2.736970104277134 2.167084202170372 0.09248694777488708 1.785967193543911 0 0.7861042097210884 0.6101580783724785 5.5915507376194 0.8928552567958832 0.1162946075201035 8.942496977746487 4.447817094624043 0 7.9324911236763 220.9756659045815 0.7655517533421516 2.146666631102562 0 0 1.317059904336929 1.083117932081223 0.4062675386667252 0.3427496552467346 4.854482397437096 3.571405909955502 1.923277169466019 4.297175645828247 6.717425413429737 11.3835749104619 4.980174198746681 0.1462199091911316 0 0 0 0 0 0 0 0 0 0 0 0 0 0 0 0 0 0 1.407971821725368 1.811182096600533 0 0 0 3.613068580627441 1.175430059432983 6.316873446106911 2.074189305305481 0.2330678850412369 0 0 0 0 0.1585615873336792 0 0 0 0 0.3603160977363586 0.1874121874570847 0 0 0 0 0 0 0 0.2939652800559998 0 0 0 5.048281580209732 0.3108211308717728 0 0 0 0 0.09951955080032349 0 0 0 3.718503251671791 0.5363510251045227 0 0 0.0981520339846611 6.920596890151501 0 3.319617584347725 0 0.1141552701592445 0.1500876843929291 0.1157194077968597 0.1475399136543274 0 0 0 0 0.2234199419617653 0.2960239499807358 0 0.1464159190654755 4.445465967059135 2.354714542627335 7.582405887544155 112.3325092568994 5.484641492366791 138.2196699827909 25.34445971995592 80.27028430998325 9.115202262997627 1.134403191506863 15.43971574306488 5.89998459815979 0 2.930032528936863 0.3214335665106773 8.17735430598259 0 0 0.5561001598834991 1.375408470630646 0 45.21080279350281 10.13814406096935
1759.657291457057 1559.64406105876 189.1745079904795 247.689868979156 14.6399199962616 715.5578105449677 552.6773558780551 5.113693460822105 73.08527679741383 2618.171590678394 9.018263019621372 7.869503997266293 59.16580618917942 75.16222292929888 1.535694040358067 0 0.1359944194555283 0.09863431006669998 0 0 0.1101854294538498 0 0 0 0 0 0 0 0 0 32.04624179750681 0.8957663998007774 1.227803915739059 0 0 0 0.8109641522169113 0 0 0 0 0 0 0 0 0 36.09381230175495 1.462105132639408 0 0.3951967805624008 1.236640341579914 0 0 0 2.932875074446201 5.53046241402626 64.8052653670311 131.4434917196631 14.8067032918334 13.55998987704515 0 0 0 7.003059737384319 3.170779190957546 2.867883965373039 1.750393331050873 2.033426374197006 0.2296395748853683 0 2.17285468429327 0.1983461827039719 0 109.0812905356288 25.93428648263216 19.84154753386974 0.9825484603643417 0.1827753633260727 0.2912250906229019 0.09200078248977661 0 0.2549986317753792 9.794254660606384 0 3.422090001404285 3.312311053276062 0.7383550107479095 0 2.208097219467163 0 0.3507769182324409 0.151657298207283 0 0.4107039868831635 0.1147653982043266 34.86311455070972 0.1415835022926331 0 0.3662687540054321 635.5142947733402 2.834475301206112 21.50434613227844 97.61775997281075 237.8159329742193 1.292865633964539 79.57987512648106 54.69027805328369 16.92780755460262 30.05565458536148 30.05578222870827 2.192978471517563 10.88437384366989 10.65685003995895 8.356771945953369 1.419538408517838 0 0 0 0 0 0 0 0 0 0 0 0 0 0 0 0 0 0 0 0.5145328789949417 2.311814412474632 0 0 0 2.195026904344559 0.3054563999176025 0.6730997562408447 0.7026850581169128 0 0 0 0 0 0 0 0 0 0.4606235027313232 0 0 0 0 0 0 0.2005375325679779 0.0859794020652771 0.997503325343132 0.7601942420005798 0.432506650686264 0 0 0.3008480072021484 0.1759583204984665 0.1084065586328506 0 0.09943688660860062 0.1213546171784401 0 0.1465615779161453 0 0 1.647976577281952 0 0 0 0 1.352923318743706 0.1727469861507416 1.462854772806168 1.087666749954224 0.3200339525938034 1.052477635443211 0 0 0.2748121693730354 0 0 0 0 0.239976093173027 0 0 0.9632356464862823 0.2985686957836151 3.235538348555565 89.85185988992453 3.144460447132587 146.3239236623049 7.142551243305206 740.2274033948779 16.89956703782082 0.8534486666321754 5.202817872166634 13.6124941855669 0 5.637860417366028 0.7354264110326767 33.68052860349417 0.2207414209842682 0 1.916890323162079 0.6322299838066101 0 97.79196588695049 13.41384643316269
20.08295242488384 1934.945810414851 1022.697614118457 14.6399199962616 5825.423391237855 0.504837840795517 3371.541329614818 141.8352960497141 4996.156903460622 1415.151692017913 3590.36565271765 6.461939513683319 580.3400223255157 1567.993451155722 2.465968102216721 0.354553334414959 0.1230020150542259 0.2462628856301308 0 0 0 0 0 0 0.1088859960436821 0.09594286233186722 0 0 0 0 99.14067970216274 9.83831150084734 0.8789295256137848 0 0 0.1517136543989182 2.155115783214569 0 0.1534245312213898 0.09842723608016968 0 0 0 0.1483831256628036 0 0 26.63440420478582 0.6883854866027832 0.4364825412631035 0.5014541745185852 0.8602188900113106 0 0 0 1.510124586522579 1.142425537109375 12.26345063745975 51.57507913559675 2.939588740468025 10.25882574915886 0.247651681303978 0.2834478318691254 0 17.64190250635147 1.14738854020834 1.677635602653027 0.8156606405973434 0.2279021292924881 0 0 0.8733424544334412 0 0 37.15161620080471 35.06156092137098 25.40968254208565 5.239263169467449 0.6873669922351837 0.5884507447481155 0.5433605387806892 0 0.5031700506806374 3.124862320721149 0 1.833003245294094 0.7925747781991959 0.3200159966945648 0 0.994535319507122 0 0.5414905324578285 0.117280513048172 0.1209408640861511 0.09476090222597122 0 0 1.081594258546829 0 0.5714191198348999 10.14216208457947 0.6586312353610992 0.1964054852724075 0 0 0 0 0 0 1.770240873098373 3.182395860552788 0.3675688952207565 0.5893855392932892 3.917173579335213 4.632325150072575 0.7390995472669601 0 0 0 0 0 0 0 0 0 0 0 0 0 0 0 0 0 0 0 0.1242317259311676 0.1942354440689087 0 0 0 0.8657368719577789 0 0.9179781004786491 0 0 0 0 0 0 0 0 0 0.2846972048282623 0 0 0 0 0 0 0 0 0 0 0 0.1045073047280312 0 0 0.9285043627023697 1.4300177693367 0 0 0 0 0 0 0 0 0.3646001517772675 0 0 0 0 2.297800302505493 0 0.5550369620323181 0 0 0 0 0 0 0 0 0 0 0 0 0 0.5984432101249695 0 1.945434868335724 57.64763010293245 2.087702922523022 59.16933111846447 8.799981318414211 16.32972313463688 6.270548976957798 0 10.74967365711927 0.745509147644043 0 0.2357615083456039 0.3905546963214874 0.778667226433754 0 0 0 0 0 7.01557918637991 0
58.19133798778057 245.2730364948511 30.68691930174828 715.5578105449677 0.504837840795517 39.90740838646889 26.06248572468758 9.286166802048683 3.702658943831921 1487.053549662232 16.61591027677059 95.06852674484253 103.7790922224522 18.96640628576279 1.191498726606369 0.3746877461671829 0 0 0 0 0 1.165461838245392 0 0 0 0 0 0 0 0 42.3428497761488 0 20.03142350912094 0 0 0 35.81850050389767 0.9654539674520493 7.703172028064728 0 0 0 0 0 0 0 3.126222588121891 0 0 0 0.1442375332117081 8.261728204786777 0.3214497268199921 0 0 1.339874647557735 73.04699087142944 6.725445613265038 1.716637134552002 0.4744918048381805 0 3.999078921973705 0 0.5159926041960716 0 0 0.1535679847002029 0 0 0 158.6866684556007 106.4648093283176 4.246606156229973 4.135608464479446 1.894820801913738 2.917474023997784 1.024781994521618 0 0 7.708840161561966 0 1.420626416802406 0.6609009206295013 0.657356396317482 0 0.9978457614779472 0 2.216960355639458 1.826762095093727 4.441936567425728 2.302623756229877 2.427551612257957 0 0 0.1294472515583038 295.5591114908457 148.4705378115177 9.496222317218781 35.47967038303614 274.9926439523697 0.1631623953580856 0.3849078714847565 0 2.205877184867859 0 0 1.472890421748161 0 1.882540836930275 4.562028452754021 0.295308917760849 2.973642557859421 3.738828271627426 4.613763272762299 3.092536434531212 0 0 0 0 0 0 0 0 0 0 0 0 0 0 0 0 0 1.677028805017471 0 0.4495707899332047 0.7343833521008492 0 0 0 0 0.3769334852695465 2.320086054503918 0.4322126880288124 0 0 0 0 0 0 0 0 0 0 0 0 0 0.7926713526248932 0 0 0 0 0 0 0 0 0 1.520185679197311 0 0 0 0 0 0.1035701781511307 0 0 0 4.643398925662041 1.151511073112488 0 0 0 1.215192601084709 0 1.041731998324394 0 0 0 0 0 0 0 0 0 0.1566657721996307 0 0 0 2.394342064857483 0.3282608091831207 0.8050415515899658 48.3414625748992 0.4649098962545395 9.917176000773907 4.58680010586977 156.9660804569721 0.4152564704418182 0 1.443287670612335 15.6839604973793 0 0 0 15.40769881010056 0 0 0 0 0 62.22571098804474 13.28596615791321
346.9478056877851 5516.348253116012 508.0589661449194 552.6773558780551 3371.541329614818 26.06248572468758 1390.913281463087 80.19332061707973 1958.51725281775 2555.660125300288 651.4748641252518 7.490701705217361 2672.570397421718 1230.062207758427 10.29498167335987 1.546574085950851 0.4410949796438217 0.4882332310080528 0 0.1973721235990524 0.1973036527633667 0 0 0 0 0 0.09380950778722763 0 0 0 232.2237587496638 10.29212313890457 0.8696986883878708 0.1912591606378555 0 0 0.6054597273468971 0.7708954587578773 0.3025556951761246 0.1316575109958649 0.1014281958341599 0.3055129945278168 0.7435766384005547 0.1096615195274353 0.1010117903351784 0.2380951121449471 141.9925209656358 4.892974093556404 0.5079838559031487 1.835545659065247 4.876465834677219 0 0 0.2213364392518997 6.738513253629208 7.940986983478069 72.40201788395643 253.4432253688574 21.94269891083241 50.59795109182596 0 0.2577921822667122 0 65.25982090085745 9.812376156449318 7.580643586814404 6.560118541121483 2.263946764171124 0.8307509571313858 0.1174483746290207 2.156718112528324 1.151427060365677 0 211.7504901662469 161.3636474683881 101.4051280319691 19.95386534184217 0.9365042671561241 1.877177968621254 3.2222730666399 0.6256678625941277 1.459723748266697 19.79850573092699 0 8.839032202959061 5.764423847198486 1.786084622144699 0 3.813878044486046 0 2.164632238447666 1.310306631028652 0.3924842849373817 0.1967559531331062 0.1496743410825729 10.54332320392132 25.31038545072079 0 0.6636983007192612 64.04398978501558 11.68823233246803 27.31896683573723 83.41152812540531 35.18766560405493 3.016034379601479 131.5296029597521 57.92643845081329 100.6312308013439 31.41997337341309 56.42234375327826 3.230935081839561 60.89706843346357 16.27139967679977 16.17042155563831 4.995842210948467 0.8243740648031235 0.3049579560756683 0 0 0 0 0 0 0 0 0 0 0 0 0 0 0 0.3622946441173553 0 5.46860471367836 2.259792320430279 0 0 0 2.598968356847763 0.5733086168766022 5.39274325966835 2.523833304643631 0.4509462937712669 0 0 0 0.2231538072228432 0.09917164593935013 0 0 1.461054407060146 3.631463304162025 0 0 0 0 0 0 1.407500468194485 0.1111201420426369 6.746756985783577 9.400975219905376 0.1179727092385292 0 0 3.197000555694103 4.346381142735481 0.5317460894584656 1.733146317303181 0.08689659088850021 0.2999110743403435 0.1309549510478973 0.3365292251110077 0 0 5.54057439416647 0 0 0 0 7.085775151848793 0.7790842801332474 2.774936459958553 5.06094903498888 4.387216381728649 3.174677491188049 0.15006223320961 0.2959931790828705 0.9153800085186958 0 0 0.1690936088562012 0 0.8701226860284805 0.1431164890527725 0 5.409489907324314 1.945618033409119 3.04158428311348 254.1721756905317 10.78999838232994 375.2394092604518 33.57211714982986 135.4525972306728 30.14612850546837 1.437203735113144 33.09298761934042 23.10006260871887 0 39.66390532255173 5.642657496035099 39.35889475047588 1.524559520184994 0.2505519390106201 2.14631861448288 0.5830138027667999 0 64.3513074144721 15.85468451678753
115.0904858484864 306.9844579845667 2321.995751582086 5.113693460822105 141.8352960497141 9.286166802048683 80.19332061707973 1467.526822328568 89.29027353227139 87.23047093302011 2029.280294924974 32.85002642124891 260.6937046125531 1426.686468169093 48.15687640011311 29.55998420715332 3.326274216175079 11.64938967674971 1.540218196809292 15.91598608344793 51.78080955892801 1.638347201049328 13.59128295630217 7.804715976119041 38.44841735810041 3.288161113858223 9.232137486338615 0.7252886891365051 0.120879054069519 0.4431127458810806 2889.916522629559 3014.850017040968 425.1003920063376 15.86492059379816 28.8434909209609 20.09954819083214 221.1831046789885 45.79407907277346 39.52158092707396 5.918499879539013 21.16292514652014 4.060366667807102 55.92457278817892 10.00451987981796 10.44065621495247 24.00066333264112 136.543374016881 4.32381397485733 4.864236228168011 58.0949781537056 33.40559396147728 1.177534058690071 0.9626986160874367 0.9006002694368362 2.528319992125034 4.376490198075771 75.1344843506813 527.2960556894541 16.43527920544147 23.35844624042511 50.59728190302849 252.01078748703 8.988193795084953 1343.285536199808 3.06584843993187 4.588473334908485 5.072888672351837 20.72609041631222 71.24141090363264 56.29851441085339 190.9314390346408 18.81758423149586 0.1831943690776825 137.6057991161942 200.8789974153042 172.4287907779217 184.5725657194853 177.2957595065236 1023.180498175323 3908.707889996469 146.5481585860252 2127.375217147171 7.865856274962425 0.07495210319757462 5.409167543053627 2.400147788226604 42.93628147244453 0 2.051992185413837 0.4720298200845718 3.163142159581184 1.633359223604202 67.04609730094671 7.800143972039223 0.7046955078840256 49.87765319645405 44.99748484045267 1.033911824226379 62.43675985187292 123.5507232546806 1.583724200725555 0.55720254778862 0.5287068486213684 0.2538197040557861 3.756302490830421 0.4088565707206726 1.14884053170681 0 5.852572694420815 5.527064211666584 4.185798138380051 6.675300344824791 12.17009045928717 23.0067537650466 12.34130442142487 0.3846141248941422 0.3363745510578156 0.1903677880764008 0 0 0 0 0.2376939058303833 0 0 0 0.6422988176345825 0 0 0 0.1548985838890076 0.6492502987384796 0.1168097481131554 0 6.912228979170322 3.838418327271938 0 0 0.2331115752458572 9.494616031646729 1.916498921811581 14.54135540127754 10.48568201810122 0.9081383869051933 0.4187273532152176 0.4197921901941299 0.1203445568680763 0 0 0 0 0.7717568054795265 0.291323259472847 0 0 0 2.791329950094223 0.3217015713453293 0 0 0.1008741110563278 0.7493842989206314 1.409194350242615 0 0.6780253350734711 0 12.90353811532259 2.512895539402962 0.1352207809686661 0 0 0 0.1133046597242355 0 0 0.4826344102621078 11.61322604119778 3.985509514808655 0 0 0.1035499200224876 13.87392009794712 0 8.912872597575188 1.191469989717007 2.036281913518906 0.7927350029349327 0.3391751274466515 0.2348165959119797 0.2196336463093758 0 0 0 0.1212428882718086 0.6691308543086052 0 0 7.284681081771851 13.52484160661697 16.7698989585042 210.7320387661457 13.20602522790432 233.322135053575 66.6416849642992 58.96854518353939 11.82234320044518 1.232608906924725 38.09072675555944 10.60649330168962 0.1213551685214043 2.99631829559803 1.221538066864014 5.64266799390316 0 0 0.6912523210048676 3.449984639883041 0 68.14013689756393 18.0951863899827
14.69377969205379 1592.405258327723 681.8571065962315 73.08527679741383 4996.156903460622 3.702658943831921 1958.51725281775 89.29027353227139 1755.250428885221 1094.845268383622 2328.140402570367 7.44630654156208 1921.14061268419 2521.08698464185 1.998719431459904 0.8242903873324394 0 0.09282229095697403 0 0.1568566858768463 0 0 0 0 0 0 0 0 0 0.08689063787460327 44.23397144675255 4.926118478178978 13.23702701181173 0 0 0 4.446806773543358 0.0724651962518692 0 0 0 0 0.1111060008406639 0.5396705865859985 0 0 24.42492100596428 0.2343809977173805 0 0.3182820603251457 0.09102562814950943 0 0 0 1.1395323574543 0.4066529348492622 5.663054138422012 22.66687458753586 1.453351482748985 5.528230614960194 0 0.07491745054721832 0 9.737910486757755 0.6888208612799644 0.6950831413269043 0.214757539331913 0.3146194964647293 0.1609377413988113 0 3.416729912161827 1.430256307125092 0 20.22159549593925 18.09725412726402 20.22615779191256 3.69919066131115 0.3338376805186272 0.8304642885923386 47.83616246283054 0 0.3454966247081757 1.389733605086803 0 1.025186687707901 0.428385928273201 0.2185501307249069 0 0.3246185407042503 0 0.3669775649905205 0 0 0 0 2.548855617642403 1.783260405063629 0 0.7023715302348137 6.099310770630836 0.2382420301437378 0.2419910877943039 0.4008523523807526 0 1.823800206184387 1.787822365760803 0.2263789921998978 0 4.324242629110813 2.747426584362984 0.9101753085851669 2.853450559079647 7.566935077309608 10.6666801571846 4.487617716193199 0.1217376515269279 0.1168978214263916 0 0 0 0 0 0 0 0 0 0 0 0 0 0 0 0 0 1.000261254608631 1.629367060959339 0 0 0 2.522595882415771 0.1396479308605194 3.982019186019897 0.8964845240116119 0 0 0 0 0 0 0 0 0 0.3523356020450592 0 0 0 0 0 0 0 0 0 0.1388549208641052 0 0 0 4.484892427921295 0 0 0 0 0 0 0 0 0 5.04266569018364 0 0 0 0 4.36881397664547 0 1.270472422242165 0 1.129002317786217 0.2341038137674332 0 0.316186897456646 0 0 0 0 0 0 0 0 2.111659996211529 3.612183250486851 1.631648100912571 63.95375910401344 2.467963516712189 46.97887919098139 9.039861060678959 10.67192461341619 5.461083136498928 0.5662780255079269 12.90646460652351 3.467283487319946 0 0.345528855919838 0.5393948256969452 5.993996828794479 0 0 0 0.8155778348445892 0 12.48487457633018 5.995320118963718
1200.377583138645 2412.782854095101 387.9375001043081 2618.171590678394 1415.151692017913 1487.053549662232 2555.660125300288 87.23047093302011 1094.845268383622 5161.547776654363 388.5835426598787 1930.239940933883 10874.79145129025 993.1749151796103 23.87536214292049 5.072281055152416 0.3918839246034622 0.2151115089654922 0 0.5612780749797821 0.1042996644973755 0.1184629425406456 0 0 0.2396771833300591 0.1163029745221138 0 0 0.3135729506611824 0.1137755960226059 174.2573824748397 22.22658558189869 40.33151312172413 0 0.2291199117898941 0 74.16281078010798 2.151103310286999 2.337128788232803 0.2874157652258873 0 0.1085835993289948 0.5654172152280807 0.2642396688461304 0 0.1604776233434677 322.3469189554453 6.222745172679424 1.211278289556503 2.258897721767426 5.714219555258751 1.06553990393877 0.1356571912765503 0.2653965353965759 10.75826825946569 12.25174681097269 132.0142196044326 278.9795666486025 32.59403663128614 86.11558368802071 0.220673106610775 0.3870160430669785 0 90.71828785538673 10.11906237155199 8.418539837002754 7.88962821662426 3.836049415171146 0.3287320211529732 0.2798419520258904 140.4454078748822 48.17418876290321 0.2417965829372406 307.6690364778042 221.9719615802169 180.6532588526607 35.09733838587999 5.102991357445717 2.686398588120937 7.125838920474052 1.094527900218964 1.120428517460823 26.01181060820818 0.195080853998661 12.65571673214436 9.413624972105026 2.589346967637539 0.1342702060937881 3.562910258769989 0.6743250787258148 3.102439604699612 0.5125551074743271 0.3940711170434952 0.478200189769268 0.2243933901190758 413.3761026859283 181.6916079744697 1.079365760087967 13.89552839100361 1139.00087377429 13.28775329142809 34.6017332971096 18.89472991228104 34.76783864200115 18.27969441562891 5.433097913861275 51.41341036558151 3.034121349453926 102.6052840650082 113.7011964321136 36.25806122273207 128.3772171884775 184.3720101714134 311.8927673995495 103.7676464915276 0.660545825958252 0.744891881942749 0 0 0 0 0 0.5694484114646912 0 0 0 0 0 0.4091857522726059 0 0.8077303171157837 0 0 0 49.90601862967014 43.97895653545856 0 0 0 37.40466461330652 4.214710287749767 68.19606609642506 29.49431227147579 2.636711537837982 0 0 0 0.8133964240550995 0.1444948762655258 0 0 1.476316049695015 4.289999932050705 0 0.3997677862644196 1.625938668847084 0.2084854394197464 0 0 0 0 3.892271481454372 9.208545342087746 4.994626209139824 0 0 91.40244424343109 8.063169687986374 0.368115097284317 0.6753860488533974 0.1122969537973404 0.3812421709299088 0 0.1324795037508011 0 0 102.316790394485 1.989880755543709 0.2092724293470383 0 0.2171717137098312 102.0304917916656 2.05867101252079 34.13984963297844 1.713686622679234 5.394017837941647 4.578471794724464 0.6253049224615097 2.497847646474838 0.3576216548681259 0.2361231297254562 0 0.6148858666419983 0.1619422137737274 0.3553077429533005 0 0 88.77563828974962 52.80791657418013 61.94625836610794 1331.705048121512 21.34912396967411 770.2499261200428 133.5971818938851 1320.440381430089 75.78150061517954 5.889071717858315 178.5691473931074 206.1324038207531 0 18.16920375823975 3.774078071117401 370.5212399214506 0.6485049426555634 4.019222736358643 1.341408148407936 6.35438160598278 0 538.0689403861761 228.7403464019299
37.49125441163778 1318.201032400131 1716.368242003024 9.018263019621372 3590.36565271765 16.61591027677059 651.4748641252518 2029.280294924974 2328.140402570367 388.5835426598787 1873.586281001568 120.2378667593002 1710.783405974507 6914.915094569325 25.08678314089775 9.949995197355747 0.9454256072640419 0.3269012793898582 0.1883155480027199 0 1.580087415874004 0 0 0 0.7921756356954575 0.5373034179210663 0.7699755132198334 0 0 0 769.2281529903412 154.9420427456498 818.5960471183062 0.1885519474744797 0.3711112290620804 0.6416354775428772 445.6299467459321 11.89641511440277 23.6334982290864 0.3137866780161858 0.8345548957586288 0.4699042066931725 1.001149609684944 0.2776774019002914 0.1362494379281998 0.5746061131358147 99.92216478288174 0.74763123691082 0.4464569538831711 0.7933105453848839 2.640028581023216 0 0 0 1.532460458576679 1.713678665459156 23.04295302927494 120.9853029176593 5.409000642597675 18.06606477499008 0.1285993754863739 32.95756627619267 0 71.97193902730942 1.528443843126297 2.145764663815498 1.783480003476143 1.804043561220169 1.969031393527985 0.6508470997214317 300.6500902399421 8.162146732211113 0.1335962414741516 63.44670034945011 81.51764047145844 104.6887545958161 40.43952744454145 11.09410045295954 1.600986137986183 1412.398106373847 0 39.87405408918858 4.243481606245041 0 1.772141210734844 0.7745939046144485 2.12720200419426 0 0.604692131280899 0 1.261846147477627 0.3138302341103554 2.760780371725559 0.6461841985583305 0.1439838707447052 94.68628042191267 67.59521991759539 0 55.25458060950041 39.12956538796425 2.040450245141983 1.987836606800556 1.85320058465004 0.7500901222229004 3.201319880783558 0 2.113380201160908 0.265859067440033 6.431825488805771 5.280091114342213 3.389994509518147 9.318625405430794 17.45642920583487 36.42287483811378 11.99499685317278 0.1061682850122452 0.2100119143724442 0.1102401837706566 0 0 0 0 0 0 0 0 0 0 0 0 0.397920161485672 0.3926165997982025 0 0 5.972011141479015 3.965317122638226 0 0 0 4.604589380323887 0.1135838702321053 7.321130566298962 2.640589065849781 0.3104818090796471 0 0 0 0.1078984811902046 0 0 0 0.2243476361036301 0.4233559668064117 0 0 0 0 0 0 0 0 0 0 1.414152383804321 0 0 13.52734588086605 2.31378310918808 0.1202179715037346 0 0.09790847450494766 0 0 0 0 0 10.57548595964909 1.520211175084114 0 0 0.1205140426754951 12.62164196372032 0.286485493183136 3.638996571302414 0.3577025085687637 0.9638727828860283 0.7359793558716774 0 0.296225368976593 0 0 0.1838535368442535 0 0 0.1560295075178146 0 0 9.081662178039551 8.08444444835186 7.507907718420029 250.4316496253014 10.07297023385763 167.6603400558233 56.57571233808994 65.1029983907938 10.12213783711195 0.8121567741036415 50.54107347130775 9.110277488827705 0 2.406541660428047 0.9631123244762421 9.943044446408749 0.18979811668396 0 0 3.250856600701809 0.5659390091896057 95.35434076189995 17.97984220832586
16.68538746237755 36.90124749392271 29.83863002806902 7.869503997266293 6.461939513683319 95.06852674484253 7.490701705217361 32.85002642124891 7.44630654156208 1930.239940933883 120.2378667593002 40.05573807656765 1559.542125582695 157.3109779655933 23.22177597880363 8.835160419344902 0.4538048282265663 0 0 0.09475826472043991 0.1219744011759758 0 0 0.1588113307952881 0.1040229499340057 0 0 0 0 0 14.4181454628706 4.378586746752262 17.25006216019392 0.2061809003353119 0 0 111.2198391929269 0.2674790993332863 1.041725181043148 0 0.1498695909976959 0 0.1031945794820786 0.1694919317960739 0.1541403830051422 0.3069829195737839 49.71183811128139 0.6881874948740005 0.7656184211373329 0.5246899724006653 0.618423767387867 0 0 0 0.1293961703777313 0.3029965311288834 6.748362012207508 8.492843486368656 1.539457745850086 7.190284863114357 0 1.667901277542114 0 8.878430396318436 0.7697803974151611 0.2917807325720787 0.2624204382300377 0.1227060779929161 0.8170930743217468 0.1563504487276077 234.1722257584333 8.737130105495453 0 13.18369857221842 20.37947855144739 55.20846568793058 12.71569921076298 3.222511872649193 0.56437087059021 11.52132992446423 0 0.5450910478830338 0.7648503109812737 0 0.6564963683485985 0.2257183045148849 0.1675539091229439 0 0.2159921303391457 0 0 0.09383869171142578 0 0.4357525855302811 0 571.7128439024091 415.5969510450959 0 53.56989446282387 60.51802564412355 6.339487560093403 11.10247641801834 5.329061567783356 5.519248679280281 5.654495246708393 0.8638529777526855 17.56773768365383 1.960807375609875 38.47082126885653 51.5473223105073 13.36979806423187 48.78381077200174 95.222591124475 159.834550075233 45.93008753657341 0.1020975932478905 0.5396685749292374 0 0 0 0 0 0.4101925790309906 0 0 0 0 0 0 0 0 0 0 0 12.60558704286814 14.79584927856922 0 0 0 16.03359843790531 3.538783960044384 18.47651924192905 5.765347167849541 0.6310574114322662 0 0 0 0 0 0 0 0.2477546408772469 1.447267949581146 0.1911808699369431 0 0.1752027720212936 0.3995067179203033 0 0.1022615134716034 0 0 0.3232001066207886 3.24750953912735 2.117519959807396 0 0 30.99285927414894 4.828817829489708 0 0 0 0 0 0.1222663521766663 0 0.137755498290062 50.99496677517891 0.2440219819545746 0 0 0 38.57242372632027 0.1324641555547714 13.37378191202879 0.8482236117124557 0.2662233635783195 0.3711351826786995 0 0 0 0 0 0 0.1677578091621399 0 0 0 46.29835838079453 11.02431257069111 15.0000018030405 261.7225663736463 3.62476147711277 92.78229289501905 58.07620554417372 260.1696690917015 3.81176432967186 0.9273276627063751 39.2886281311512 79.44764398038387 0.1412395238876343 5.685535453259945 1.528881207108498 128.2590799853206 0.1364222913980484 1.850734233856201 0.4381337463855743 4.932077422738075 0 415.5766383633018 126.0657170116901
47.15635787695646 802.1373984143138 539.2430060207844 59.16580618917942 580.3400223255157 103.7790922224522 2672.570397421718 260.6937046125531 1921.14061268419 10874.79145129025 1710.783405974507 1559.542125582695 1922.167911812663 8017.53093650192 67.37268586456776 26.13892813771963 1.111288622021675 0.3749601915478706 0.1105513349175453 0.1682872921228409 0.670589454472065 0 0.1152398735284805 0.1860634312033653 1.00010572373867 0 0.306298665702343 0.5567049384117126 0.1667429208755493 0.2175074592232704 202.4627488330007 27.58076918870211 349.4621564820409 0.1149917244911194 0.4158917814493179 1.095116324722767 274.9826680794358 2.196137472987175 3.900334179401398 1.175205878913403 1.033270820975304 0.2585453391075134 0.651577852666378 1.386446803808212 0.6588622853159904 0.2227986678481102 219.1894043385983 1.705804951488972 1.392075069248676 1.900594592094421 3.631606310606003 0.1213806718587875 0.4359911531209946 0.3282722681760788 1.405865490436554 2.805068105459213 25.49543780088425 91.36261432617903 7.001659892499447 35.49240826815367 0.4151644334197044 5.026311755180359 0 58.21801177412271 1.319526538252831 1.9901103079319 2.083181910216808 1.259039729833603 2.362504899501801 1.06436625123024 309.9886835440993 23.79789575189352 0.1414968520402908 96.72174082696438 124.8056814521551 222.3656072020531 60.97071799635887 10.07365973293781 1.912968046963215 70.95034357905388 0.5053996592760086 2.844531245529652 6.186230853199959 0 2.080282546579838 1.725187286734581 1.766787670552731 0 0.9485207125544548 0 0.4362234994769096 0.1066756695508957 2.302959904074669 0.3873450830578804 0.1009984835982323 959.4459182098508 188.4118650630116 0 33.75344959646463 86.51116190105677 15.74503313004971 21.85126089304686 12.11159475892782 8.236005835235119 15.15402783453465 5.016419649124146 29.67776194214821 3.89547236263752 96.87609873712063 85.32963117957115 34.87644675374031 123.7420969679952 208.6438820213079 339.3471399173141 111.2395129427314 0.09766979515552521 3.758278973400593 0.1082281842827797 0 0 0 0 0 0 0 0 0 0 0 0 0 0 0 0 36.76096373796463 40.13319266587496 0 0 0 36.369872815907 3.548927187919617 59.10738032311201 22.23453409969807 2.447174206376076 0 0 0 0.1119027957320213 0.2172488123178482 0 0 1.357518702745438 2.504971124231815 0.4335302412509918 0 0.2860807180404663 1.345988601446152 0 0 0 0 2.997878007590771 8.933066591620445 2.107368096709251 0 0 86.64287225902081 12.71806033700705 0.4321074187755585 0 0 0 0 0.1728930175304413 0 0 107.2950180843472 2.586437903344631 0 0.1616089344024658 0.1369549185037613 111.0021598115563 4.206308797001839 27.59551779180765 1.504484631121159 5.376349367201328 2.893056519329548 1.179007865488529 4.103730440139771 0 0.165437713265419 0 0 0.9637241885066032 0.5796433836221695 0 0 86.5134644061327 45.51837180554867 46.89637354761362 763.247268602252 21.61790327727795 386.1305728331208 162.7915283814073 338.5207749530673 24.07830685377121 6.535902693867683 146.8985906764865 133.7780354171991 0.1587864309549332 17.13902513682842 5.179850526154041 224.2777919992805 0.08958113938570023 0 2.590511970221996 10.31652190536261 0.5637813061475754 531.2258096113801 221.3722061738372
80.36686907708645 1488.727634221315 2152.362423866987 75.16222292929888 1567.993451155722 18.96640628576279 1230.062207758427 1426.686468169093 2521.08698464185 993.1749151796103 6914.915094569325 157.3109779655933 8017.53093650192 2983.563936889172 33.59458501636982 10.59253742545843 0.7409030720591545 0.5967604890465736 0.1023998931050301 0.189641959965229 0.7870676219463348 0 0.4976509883999825 0.1145074963569641 1.179502993822098 0 0.99139454215765 0.1045948788523674 0.1266889870166779 0 595.8607734814286 70.71760649979115 981.3695513829589 0 0.6996205672621727 0.4396524131298065 1604.523540489376 31.99503879994154 21.82915354520082 0.8205400928854942 1.705242455005646 0.5462742149829865 0.9542433470487595 0.6718842387199402 0 0.3265630081295967 139.6420880481601 1.618336014449596 1.221074469387531 1.228346347808838 3.299421101808548 0.8452387005090714 0 0.2492472156882286 2.603608667850494 3.996966682374477 32.79995413124561 157.2171117886901 7.075901418924332 31.1864160746336 0.2321979105472565 130.3679159134626 0 68.99228945374489 2.789433710277081 1.754160560667515 1.769919514656067 1.635246366262436 2.624051310122013 1.223313570022583 358.5032657533884 8.980086751282215 0 98.26498419046402 121.857691064477 138.0412393510342 39.15026358515024 8.293379701673985 5.281285777688026 559.798194155097 1.082420594990253 60.02027493715286 7.075895339250565 0.07481482625007629 2.931796498596668 2.238105595111847 2.251365140080452 0 1.672237060964108 0 1.069749936461449 0.3369799181818962 1.661927543580532 0.4710832312703133 0.107074037194252 94.32161239534616 83.4765737131238 0 47.95848500728607 53.82894942909479 5.548937536776066 5.234999038279057 1.868909731507301 2.148218095302582 4.59136863052845 0.777666449546814 3.563155859708786 0.3746689781546593 18.53537094593048 14.20441101491451 9.043113097548485 23.77769090980291 43.73878472298384 65.58038754016161 30.48655672371387 0.484661191701889 0.2435961067676544 0 0 0 0 0 0 0 0 0 0 0 0 0 0 0.1749896556138992 0 0 11.55889520049095 12.11526536941528 0 0 0 12.77604673802853 3.994487732648849 21.57254130393267 5.984520740807056 1.301429636776447 0 0 0 0.1255394518375397 0 0 0 0.3802991136908531 0.8286482095718384 0 0 0 0.1113047003746033 0 0 0.09710102528333664 0 1.358992867171764 2.512634932994843 0.1518467962741852 1.544890403747559 0 30.59921088814735 3.168181605637074 0 0 0 0 0 0 0 0 28.65069203078747 0.5179399400949478 0 0 0 28.585867844522 0.8984328135848045 9.144455499947071 0.2980771958827972 3.005509108304977 1.440789975225925 0.2744767516851425 0.4430462196469307 0 0 0.2183107286691666 0 0.2946402356028557 0.09621424973011017 0 0 15.97549752891064 12.37824013829231 13.41158253699541 439.237794816494 11.99898942559958 266.3472837582231 88.55075680464506 86.28300630301237 18.1443727761507 1.85200659185648 84.57040671259165 19.85128936171532 0 4.584835164248943 1.310268945991993 26.96971943229437 0.4831901788711548 0 0.2739085257053375 5.544155091047287 0.149926021695137 92.36274283379316 34.64511619508266
