232.849547855556 1352.290375456214 654.2012439072132 450.6349148601294 11.22717295587063 45.18245949596167 45.77213766425848 56.35378175973892 2.15883694589138 886.6744581907988 44.89999632537365 62.3946624994278 45.06485539674759 28.69422485679388 0.4172729179263115 0.450924925506115 0.1796966940164566 0 0.286737248301506 0.1464211940765381 0.2788141369819641 0 0 0 0.5376588255167007 0 0 0.2000465244054794 0 0 702.0957165881991 8.026888333261013 0.2481426298618317 0.09029009938240051 0.1374817788600922 0.4265521094202995 1.946541391313076 0.5446146726608276 0.1236205920577049 0.09405065327882767 0.1246843636035919 0.08874393999576569 0.3215689286589622 1.120590895414352 0.09862975776195526 0.2459051012992859 19.41082075983286 2.0014768242836 1.330093145370483 0.2636120393872261 0.8450973778963089 0 0 0 8.058724127709866 7.230534672737122 175.0498952642083 525.1349911540747 82.33111816644669 30.48723356425762 0.1078067347407341 0.8805767670273781 0.1452215909957886 7.455928757786751 3.865109257400036 1.962582156062126 1.338653348386288 0.5214801579713821 0.5110416933894157 0.6002023369073868 7.288752168416977 0.2625985443592072 0.3604556918144226 183.5204499512911 30.56813449412584 16.48246809095144 1.695681363344193 0.5181124657392502 2.194263495504856 22.05528618395329 0.5891037508845329 2.640218406915665 12.14927086979151 0.9081737026572227 2.811713129281998 5.464804850518703 0.380852036178112 0.7750112190842628 1.639997884631157 0.1268156915903091 0 0 1.735633872449398 0.4085763171315193 0 48.33726119995117 9.571811482310295 0.1436381042003632 1.573282569646835 779.4168398603797 1.014117658138275 11.16984756290913 8.304946273565292 1.63849900662899 0.5494444370269775 11.80998153984547 6.510657027363777 3.568697214126587 11.90561846643686 16.49072167277336 0.8531394451856613 10.67253845185041 4.758278071880341 2.037577241659164 5.180632062256336 0 0 0 0 0 0 0 0 0 0 0 0 0 0 0 0 0 0 0 0 0 0 0 0 0.4190263673663139 0 0.8010566830635071 0 0.1632918119430542 0 0 0 0 0 0 0 0 0 0 0 0 0 0 0 0 0.2294871434569359 0 0 2.31698089838028 0.1004121229052544 0.7279201745986938 3.172632575035095 0 0 0 0.1382580697536469 0 0 0 0 0 1.629112251102924 0 0 0 0 0.938773512840271 0 0 0.1663889139890671 0 0 0 0 0 0 0 0 0 0 0 0 1.525287248194218 0 1.971074357628822 101.9308484792709 5.953567549586296 150.9163068234921 10.50449652969837 437.0507428124547 15.59171839803457 2.991850644350052 8.366818301379681 18.61023211479187 0 0.2798729240894318 0.7401968240737915 50.89372962713242 0.107698068022728 0 0 6.437436476349831 0 571.8622306734324 3.291621655225754
1352.290375456214 1490.467987202108 2392.798129223287 577.3339068889618 1815.145019695163 129.9206414222717 1316.308700740337 814.1528529971838 2675.610002994537 419.9456995651126 1626.781971819699 30.23758973181248 743.5879943817854 1161.421233020723 22.5174302905798 10.74381377547979 2.864887729287148 0.7230428606271744 1.554297581315041 0.9796459823846817 0.8909768164157867 0.3231049403548241 0.3591083958745003 0.1152297630906105 5.036674171686172 0.4674314707517624 0.440599262714386 0.2453757524490356 0.1763137429952621 0.259353369474411 1464.714098140597 129.2191571295261 10.66708412021399 1.38198921084404 0.6819242388010025 4.483822904527187 4.776697926223278 3.857111111283302 0.969212606549263 0.5800183564424515 1.741325378417969 0.3446932882070541 1.502012401819229 3.979214623570442 1.342521086335182 2.799149677157402 233.3781398162246 11.08577916026115 3.821067601442337 2.114070154726505 4.597805105149746 0.1669469475746155 0.1232650950551033 0.5013085156679153 31.91395223140717 34.08571325987577 189.4337260052562 605.0732027217746 197.1905461549759 160.0431537851691 2.819225512444973 6.32468194514513 2.01201206445694 77.39550767838955 15.83610274642706 11.80462093651295 9.950666762888432 2.786250904202461 3.052066162228584 3.293034784495831 6.052532881498337 0.8039072975516319 0 373.6238038539886 212.3963441848755 129.8662599027157 42.80843877792358 11.0639171153307 18.53529182821512 143.0095436125994 3.12475062161684 10.64398113638163 51.68882007151842 3.407768569886684 14.05297366529703 34.19195780158043 1.658655293285847 3.14283299446106 10.84488239884377 1.05094238370657 2.215868376195431 1.108675360679626 10.35187608748674 1.729706764221191 0.6881555989384651 84.28170284628868 2.214636370539665 0 1.299289502203465 349.2275454476476 0.9990160092711449 27.74163866788149 12.77315216511488 5.868138648569584 0.8441028073430061 50.25538069009781 16.39905827492476 9.193172112107277 46.34038062393665 72.23775816708803 2.58559438586235 37.3018704354763 24.28243112564087 14.31406780332327 10.67692070454359 0.1050748750567436 1.141587257385254 0.4892315566539764 0 0 0 0 0 0 0.1503408700227737 0 0.5222884565591812 0.1155227497220039 0 0 0 0 0 0 0 0 0 0 0.1137093007564545 13.00660863518715 1.22381691634655 4.475403346121311 2.046094119548798 0.1858034878969193 0 0 0 0 0 0 0 0 0.5980329960584641 0 0 0 0 1.03183613717556 0.3485046923160553 0 1.5620301887393 0.6327559798955917 0.5023848637938499 5.9052769318223 0 1.169657230377197 13.47242156416178 0.1694032549858093 0 0 0.3335512802004814 0.09594284743070602 0 0 0 0 7.621995441615582 0.2009632438421249 0 0 0 6.054601036012173 0.53966224193573 3.93233235180378 2.057925201952457 0 0.9421537145972252 0 0.2913165688514709 0 0 0 0 0.8081578612327576 0.3395235612988472 0.09438183903694153 0 15.21820949018002 4.009981125593185 9.228921927511692 804.8922698646784 79.49876710772514 1163.832662157714 130.929198384285 366.4687229394913 113.1072854399681 16.40417785197496 125.1702655479312 19.6336702555418 0 2.943727508187294 1.75115992128849 56.82227982580662 0.2287929952144623 0 0.8526688516139984 27.11180376261473 1.280580058693886 764.8623272404075 35.05562149733305
654.2012439072132 2392.798129223287 573.824500054121 48.05718628317118 570.896875821054 7.133568122982979 74.1741009503603 2796.603449493647 1320.979353845119 15.36213154345751 1904.920297123492 20.01855506747961 258.7928472012281 1521.863459385931 8.48087066411972 5.981897316873074 0.8370364680886269 0.8577910289168358 0.1359418481588364 1.513554006814957 3.263430804014206 0 0.1151466891169548 0.6133062914013863 12.89421533793211 1.944310374557972 0 0 0 0 1893.142436392605 231.9872886389494 19.8954661488533 0.5905840918421745 2.18911650031805 14.96208392083645 6.173433475196362 23.28566890954971 0.6906419470906258 1.555098809301853 1.849032118916512 0.9011495262384415 0.5726489573717117 2.263928353786469 0.4556784853339195 0.930501900613308 52.2036068290472 2.645108588039875 2.15170169621706 2.301148436963558 4.792165793478489 0.3326641470193863 0 0.1870255470275879 7.3639030829072 7.180781625211239 45.65075533092022 256.5108234137297 39.9204258620739 39.65009465068579 4.582045286893845 19.77677275985479 1.138782873749733 32.42096725106239 4.277367487549782 3.034381277859211 2.44812248647213 2.253151133656502 6.342669390141964 9.08429629355669 5.403657115995884 1.647229790687561 0 104.7246517986059 78.00494335591793 40.22471498697996 16.65505377948284 4.601936675608158 306.7728181630373 815.2963717058301 1.684118948876858 54.65628740936518 13.15844468027353 1.093257203698158 3.952193573117256 7.597866758704185 2.031462371349335 0.7207112833857536 2.456567980349064 0.0986531674861908 1.029698915779591 0.338909350335598 27.93526869267225 3.931456163525581 0.4502146244049072 13.57597622275352 0 0 0.4196321219205856 188.6742268502712 0 0 4.269708871841431 0 1.076032787561417 12.70098826289177 0.1620295792818069 6.924963161349297 4.641992576420307 3.713116966187954 0 10.50413086265326 5.181298956274986 2.180381536483765 9.718428060412407 0.5927694886922836 0.2718126028776169 0 0 0 0 0 0 0 0.1480753123760223 0.1125541552901268 0 0.3703134134411812 0 0.09693127125501633 0 0 0 0 1.807742148637772 0.8145975470542908 0 0.1150782778859138 0 7.899395681917667 1.503112554550171 10.29700290411711 4.245586067438126 0.5305991470813751 0 0.1200277954339981 0 0 0 0.1931625306606293 0 1.976110994815826 0.1167095974087715 0 0 0 0 0.1847671717405319 0 0 0.6066483557224274 0 0 0 0.4664949774742126 1.056025937199593 15.66215267032385 0.3338139653205872 0.1654156595468521 0.2266118675470352 0 0 0 0 0 0 15.74064047634602 0.1066968590021133 0 0 0.1830386370420456 11.04379266500473 2.182193875312805 4.437707647681236 0.3317110911011696 0 0.330293096601963 0.4369204267859459 0.3447351157665253 0.2150796353816986 0 0 0.1207502633333206 0.3121480271220207 0.2286257892847061 0 0.64393150806427 11.40213104337454 14.35641252249479 10.557790979743 133.7943576276302 14.53970171511173 206.8593150377274 20.44069430232048 42.53304577618837 24.87481123209 1.852377042174339 25.15143410861492 11.29972584545612 0 4.052663750946522 2.971860229969025 8.338180661201477 0 0 0 9.362542077898979 0 69.01574393361807 4.500237062573433
450.6349148601294 577.3339068889618 48.05718628317118 327.7980875149369 456.0271241366863 218.522119730711 1423.634637661278 0.2406438961625099 1.494886837899685 2817.714795589447 0.4453631117939949 1284.561253115535 739.1738870888948 8.817158557474613 0.4120612591505051 0.3191362321376801 0.1471551805734634 0 0 0 0 0.08811042457818985 0 0 0 0 0 0 0 0 102.8841932192445 0.9593663886189461 0.4722699970006943 0.09348087757825851 0 0 0.5516164898872375 0.237183466553688 0 0 0 0 0 0.5510138347744942 0.08037101477384567 0.2309266701340675 10.70615174621344 0.9651895388960838 0 0.09935887157917023 0.2252697050571442 0 0 0 5.711968287825584 4.512637220323086 39.36811735481024 147.6054321080446 38.83267097175121 21.50493910908699 0.08333050459623337 0.3220027089118958 0 1.588344588875771 1.413017727434635 1.968049176037312 0.7299719974398613 0.3238512948155403 0 0 4.026916302740574 0.4998516216874123 0.1377954632043839 77.12553998082876 17.12801361083984 9.08333794772625 0.9660720527172089 0.4294002503156662 0.2387140616774559 0.5636704042553902 0.4332194179296494 0.4574202075600624 7.15849694609642 0.3312888592481613 1.165115647017956 3.583818100392818 0.3376990407705307 0.4256746917963028 0.7154152244329453 0.2864664793014526 0 0 0.07800737023353577 0 0.0935218557715416 134.4762346670032 2.165303505957127 0.2243172824382782 1.205529376864433 458.62412045151 1.950449101626873 22.07129666954279 67.94644320011139 48.44522058963776 1.051894158124924 38.72109542042017 14.66203589737415 11.23300183564425 173.6769483983517 59.1548066213727 0.6329425126314163 35.34639152139425 109.3736149817705 16.14397079497576 5.000426515936852 0 0 0 0 0 0 0 0 0 0 0 0 0 0 0 0 0 0 0 0 0 0 0 0 1.689942307770252 0 0.4026311561465263 0.1235597282648087 0 0 0 0 0 0 0 0 0.158411905169487 0.1241441443562508 0.4573723673820496 0 0 0.1026280447840691 0 0 0 0 0.8858199194073677 0.1844680905342102 4.875363439321518 0 0 1.043198943138123 0.345973014831543 0 0 0 0 0 0 0 0 2.99614229798317 0 0 0 0 2.801981896162033 0 0 1.273262940347195 0.3774070739746094 0.3351113796234131 0 0 0 0 0 0 0.2004594430327415 0 0 0 7.365477420389652 4.278691820800304 1.642658762633801 31.21174877882004 4.976162485778332 101.4259282797575 10.79919841885567 171.4741052910686 8.900632418692112 5.983796335756779 2.251715674996376 18.60654656589031 0 1.538630843162537 0.1205248236656189 68.37987384200096 0.208256334066391 0 0 4.790918126702309 4.915366888046265 800.5970623865724 29.08093327283859
11.22717295587063 1815.145019695163 570.896875821054 456.0271241366863 4907.467572554946 4.08358907699585 3110.647215217352 179.3032112494111 12884.93257710338 922.7429302111268 621.5510720312595 62.42489030957222 2086.435650929809 3444.627058565617 12.00692591071129 8.804173938930035 0.7032171338796616 0.2101345211267471 0.361262284219265 0.5667619928717613 0.1330918818712234 0.1101509556174278 0 0.6263853907585144 1.411385633051395 0 0.09712009876966476 0 0 0 164.9973002150655 79.00245780497789 7.392787501215935 0.2520147189497948 0.1429902017116547 1.332108318805695 2.302411869168282 0.8836680427193642 1.347768396139145 0.2492488324642181 0.1035227403044701 0.3689490333199501 0.5634144246578217 1.434332825243473 0.1767539456486702 0.7809226214885712 87.04864793270826 1.410864681005478 0.6099883317947388 0.4491997137665749 0.4927172362804413 0.1077751964330673 0 0 4.247148066759109 5.72807851433754 31.26646465063095 74.22094637155533 32.0080222338438 33.8990748077631 0.5329620465636253 1.605445057153702 0 27.75441089272499 2.576380096375942 1.406181931495667 1.911712177097797 0.3522090017795563 0.302653081715107 0.643303245306015 1.107494220137596 0 0.3424709364771843 46.06492995470762 47.80101773887873 38.9006475135684 21.22761177271605 5.065598458051682 8.968825116753578 10.56817642599344 0.4979762881994247 1.680957742035389 8.588021539151669 1.768482394516468 1.333045601844788 4.373872295022011 0.6830356642603874 0.4385539665818214 1.362442433834076 0 0.3320337310433388 0.2053439170122147 4.52918554097414 0.5489752292633057 0.3226789012551308 21.63337689638138 0 0 0.2381020411849022 4.157834403216839 0 3.556572735309601 2.936360210180283 0.8340048789978027 0 3.170097753405571 1.653385818004608 1.353877991437912 2.442399829626083 10.11793624609709 0.1106495559215546 10.58147681504488 8.792325265705585 4.135873138904572 10.14644269645214 0.1191131770610809 0.3350183665752411 0 0 0 0 0 0 0 0 0 0 0 0.8343101739883423 0 0 0 0 0 0 0 0 0 0 8.992867514491081 0.1220953017473221 2.436034098267555 1.346208550035954 0.5315447449684143 0 0 0.107162244617939 0 0 0 0 0 0.8611423373222351 0.3081246316432953 0 0 0 0 0.09240107238292694 0 0.1096798256039619 0.8525764346122742 0 2.346922233700752 0 0 1.754100143909454 0 0 0 0 0.1402574628591537 0 0.1226504072546959 0 0 5.819239072501659 0 0 0 0 4.244667410850525 0 1.26690262556076 1.478248476982117 0 0.1124044060707092 0 1.014580100774765 0 0 0 0 0 0 0 0 12.40384612977505 6.277894869446754 11.74281116575003 367.6605056375265 29.39380848407745 269.4204540103674 33.32232643663883 85.60811614245176 45.29461954534054 1.955554187297821 69.68582232296467 6.308719143271446 0 0.7017648220062256 0 0.5026581436395645 1.275503396987915 0 0.4972711503505707 5.383113503456116 0.1589563190937042 49.41787132620811 7.993531137704849
45.18245949596167 129.9206414222717 7.133568122982979 218.522119730711 4.08358907699585 5.173586040735245 52.83949468284845 4.154521264135838 1.058894820511341 631.8626694306731 4.298083707690239 86.82656987011433 81.97789303958416 30.45398844778538 2.123449757695198 3.375610664486885 0.7575130984187126 0.3801625743508339 0.08037632703781128 0.08709327876567841 0.1060391589999199 0.7235343456268311 0 0 1.675249360501766 0 0 0 0.1047655791044235 0 25.46928835660219 3.239308826625347 16.32318779826164 0.1007295995950699 0.1151935607194901 0.411454863846302 33.37321834266186 4.124199815094471 3.370265476405621 0.8357693180441856 0 0.1997261345386505 0 2.017979994416237 0 0.3496409803628922 4.572934195399284 0.3345848619937897 0.1980323642492294 0 0.2174017503857613 4.074410974979401 1.302057899534702 0.3416134491562843 0.6449282094836235 1.037316516041756 80.09560143202543 31.14928916096687 6.627014495432377 3.231441475450993 1.50738001614809 26.57037134468555 0.2489522844552994 1.716590166091919 0.2869248762726784 0.3848968967795372 0.2505011111497879 0 0.4678200334310532 0 187.7996352985501 97.6592563688755 22.06842214614153 14.59903040528297 4.732464373111725 3.214403294026852 2.427961111068726 1.768491312861443 0.3964221030473709 8.635997243225574 0.7453227341175079 18.61641388386488 0.9483126029372215 6.577844552695751 0 4.207955382764339 0.08528232574462891 12.96439439058304 0.8766674995422363 24.52047244459391 0.8910682275891304 1.658850841224194 0.1446297764778137 0.3719699457287788 0.29938904941082 209.4153084009886 231.0610403120518 15.66197232156992 57.5743762627244 292.5756419971585 0.1872650980949402 10.18791754543781 3.267768070101738 2.358210623264313 0 14.39816772937775 5.435806058347225 4.192909866571426 17.32243129611015 22.83053035289049 1.384633183479309 11.19913446158171 6.878396585583687 3.64227582514286 1.494418308138847 0.0996779128909111 0.07878119498491287 0 0 0 0 0 0 0.1233271136879921 0 0 0 0 0 0 0 0 0.09986738860607147 0.09259252995252609 0.2260430455207825 0 0 0.2382624223828316 0 1.121451534330845 0.09089554846286774 0.381180077791214 0.3752569556236267 0.1282458454370499 0 0 0 0 0 0.1157141625881195 0.1143699958920479 0 0 0 0 0 0 0 0 0 0 0.1316005736589432 0.1233935356140137 2.26407864689827 0 0 0.2539793327450752 0 0 0 0 0 0 0 0 0 1.344568781554699 0.5618022233247757 0 0 0 0 0 0.1791442483663559 0 0 0 0 0 0 0 0 0.1969416886568069 0.1801580935716629 0 0 0 3.20774369686842 0.3078366443514824 0.8157034069299698 50.48671872168779 1.242097526788712 24.13279289752245 5.206671290099621 76.70021799206734 3.624665677547455 0.4181846529245377 7.524976782500744 6.499593965709209 0 0 0.2600668370723724 14.24557317793369 0.1517101675271988 0 0 1.991108417510986 0 61.05148173123598 18.06176301091909
45.77213766425848 1316.308700740337 74.1741009503603 1423.634637661278 3110.647215217352 52.83949468284845 1072.789769083261 18.0986745133996 2546.90725299716 2244.60301553458 66.99854165315628 1019.543296992779 4003.596751928329 1675.260759681463 7.164546214044094 4.996018081903458 0.1476542055606842 0.1386543214321136 0 0.3125139772891998 1.018534719944 0 0 0 1.924325652420521 0 0.32550048828125 0.2197062522172928 0.3019536435604095 0 69.79594805091619 17.38662467896938 14.87322786450386 0.190888337790966 0.1979348510503769 0.8591815382242203 6.619005717337132 2.127002701163292 0 0.2048090472817421 0.2352538928389549 0.1427456587553024 0.2722822427749634 1.175071194767952 0.2290841788053513 0.5010050237178802 41.26269316673279 1.48741690069437 0 0.4048652052879333 0.7449936494231224 0.1305344551801682 0.2699358910322189 0.1848438531160355 2.440509222447872 3.733831584453583 24.56811356544495 50.03987398743629 26.62475531548262 22.30173394829035 1.997378885746002 2.137433215975761 0 12.23877242952585 2.072922803461552 2.895914375782013 0.584103137254715 0.3878468573093414 1.546452343463898 2.366332784295082 5.32661709934473 0 0 32.31711636483669 28.86002693325281 20.61736392974854 8.004105247557163 4.2988490909338 1.533290423452854 9.269660122692585 0.1022665947675705 3.519523069262505 4.645482055842876 0.1536318957805634 1.954124584794044 2.494699485599995 0.4605630561709404 0.1194175705313683 1.195090055465698 0.2263797521591187 0.2857538461685181 0.2717311084270477 5.682987384498119 0.7641496807336807 0.4496444389224052 137.1445524916053 0.6762642711400986 0 0.2386367991566658 15.47012481093407 1.249400518834591 12.83817880600691 9.850656494498253 9.531014285981655 3.544945031404495 55.73691985011101 10.39716314524412 16.59774115681648 61.63638550788164 70.59551227092743 4.598169885575771 94.08225354552269 34.53782623261213 24.09772916138172 14.47689372301102 0.1627682000398636 0.1348596513271332 0 0.136135458946228 0 0 0 0 0.2407374680042267 0 0 0.1461753696203232 0 0 0.2109065502882004 0 0 0 0.134719654917717 1.629411168396473 0 0 0 0.1794817000627518 12.41882785409689 0.1207849979400635 5.476701386272907 0.3221030160784721 0 0.1162785962224007 0.1267825663089752 0 0 0 0 0.3681425899267197 0.1052540168166161 0.313339963555336 0 0.1192073822021484 0 0 0 0 0 0 0.1526815593242645 0.816130518913269 1.595429077744484 0 0 4.428555734455585 0.1507822573184967 0 0.2291845381259918 0 0.1351423561573029 0.4101381301879883 0 0 0 19.49863336235285 0.1052765846252441 0 0 0.1031745597720146 9.86236797273159 0 3.487892240285873 0.5363698601722717 0 3.676198557019234 0 0.1566096246242523 0.165443167090416 0 0 0 0 0 0 0 29.9629143178463 9.266739442944527 10.66453685611486 230.4390042796731 15.62223822623491 175.9573678821325 23.89884593337774 60.29599104076624 34.52471913397312 1.399051144719124 40.86748234927654 19.00490814447403 0 1.695614986121655 0.8495513200759888 33.73193927109241 0 0.3220425546169281 0 8.35481670498848 0.6314430236816406 255.6586682423949 44.13930955529213
56.35378175973892 814.1528529971838 2796.603449493647 0.2406438961625099 179.3032112494111 4.154521264135838 18.0986745133996 1274.518556945026 343.0763774439692 7.465080671012402 1470.041508555412 15.6905098259449 201.3092876449227 992.8386450782418 17.19342564791441 14.96858274191618 1.492309384047985 1.020631946623325 0.2136539220809937 5.261699765920639 14.67968162894249 1.016318336129189 0.5690905749797821 1.377010695636272 51.58245969563723 6.360639646649361 0.1184159368276596 2.836847029626369 0 0.2053153067827225 1482.979358896613 1707.334563568234 137.9244129285216 2.878740251064301 7.867350876331329 59.67713705450296 48.72552184760571 96.48435204476118 4.789071008563042 6.727635957300663 10.08575244992971 3.551678888499737 3.031008191406727 2.73558684438467 0.884137824177742 3.176272578537464 52.67357663810253 1.590088315308094 3.462368302047253 5.604983508586884 12.15648597478867 1.10070775449276 0.7288709804415703 0.8651460856199265 2.617770366370678 2.24782408028841 14.75241708010435 64.50936499238014 12.98363253474236 24.62375590205193 50.73106835782528 91.2979769334197 3.788519270718098 36.70525117218494 2.627561658620834 5.677351504564285 5.573495723307133 7.395247891545296 29.30902452766895 35.00836138427258 17.2676869481802 0.41608677059412 0.1003277376294136 29.2411140203476 42.8327097594738 31.52642972767353 23.10519208014011 15.43576759845018 759.7565877139568 758.5026434510946 52.9064689129591 546.0855774655938 4.886984087526798 0.09594195336103439 1.662096500396729 7.292865812778473 4.99339547753334 0.2377028837800026 1.509198695421219 0.4254912137985229 2.914109967648983 1.09003222733736 110.6555177345872 19.96096456795931 1.333490647375584 15.11680433154106 0.3985120579600334 0.2478897869586945 1.34060076624155 34.72434917092323 0 0 0.2566072046756744 0.1203358545899391 0 4.814957775175571 0.1517058610916138 3.298438735306263 4.122357927262783 3.958714097738266 1.464578434824944 5.782516144216061 2.53897675126791 1.329173125326633 7.979850023984909 0.6636032685637474 0.2258266359567642 0 0 0 0 0 0 0 0 0 0 0 0 0 0 0 0 0 0.3637621253728867 0 0 0.2868776023387909 0.1092930808663368 4.364279471337795 1.454281687736511 4.112847670912743 1.761302806437016 0.4132081493735313 0 0.1349097788333893 0.1216914653778076 0 0 0 0.3079850375652313 0.09992574900388718 1.117913894355297 0 0 0.1338176429271698 0 0.449972540140152 0 0.1508127897977829 0 0 0.6333497762680054 0 0 0.4598805904388428 5.09288514405489 0 0 0 0 0.09959442913532257 0 0 0 0 7.410178944468498 0 0 0.1179704144597054 0.1692441999912262 12.57218021899462 0.1447372287511826 5.150126859545708 0 0.1131351068615913 0.3422160297632217 0 0.09359955042600632 0.288210853934288 0 0 0 0 0.2423225194215775 0 0 9.796159483492374 5.315291859209538 7.506336867809296 134.6013880595565 13.71114048361778 131.276160299778 22.25067169964314 21.73675602674484 21.42840855568647 1.630949728190899 32.69592996686697 2.1615394577384 0.9701707065105438 0.6570492014288902 0.3299295678734779 5.073884785175323 0.09253600239753723 0 0.6885949373245239 4.851479656994343 0 25.91377233713865 2.563009187579155
2.15883694589138 2675.610002994537 1320.979353845119 1.494886837899685 12884.93257710338 1.058894820511341 2546.90725299716 343.0763774439692 2129.822292745113 37.5876389592886 807.618669167161 16.36754713952541 784.0800563469529 1311.031278662384 12.37047753483057 10.10280327498913 1.63076389580965 0.1051614657044411 0.2341615334153175 0.2223353907465935 0.7004618123173714 0 0.1210037991404533 0.1442846953868866 1.975360192358494 0 0.1192613244056702 0 0.2314878553152084 0 36.94406107068062 18.41307693719864 7.529429562389851 0.4338557422161102 1.097589954733849 2.128245785832405 3.241569325327873 4.947425611317158 0.2366334795951843 0.808490090072155 0.6292300373315811 0 1.098553508520126 1.486039504408836 0 0.6402924358844757 38.70480858534575 0.7281740233302116 0.4273798689246178 1.193048983812332 0.7493320778012276 0 0.1752069741487503 0.1401138752698898 1.566742241382599 0.2777555584907532 16.1218499019742 27.50550185889006 9.729253984987736 22.87323275953531 0.9992218092083931 2.947961181402206 0 10.23790734261274 1.170445650815964 0.3632076531648636 0.4954118281602859 0.4628985300660133 1.129808038473129 3.943083085119724 5.001873508095741 0 0 16.93337143212557 25.45093962550163 23.51372413337231 15.59792668372393 4.842601574957371 2.589287094771862 17.85726729035378 0.4238297641277313 5.403146989643574 2.108028203248978 0.1033007353544235 1.486422710120678 1.959779784083366 0.7810629904270172 0.1380425542593002 0.7741963341832161 0 0.5193796008825302 0.1661769449710846 7.837247259914875 1.04665707051754 0 9.015735633671284 0.6293884515762329 0 0.1234159767627716 2.361885547637939 0 0.3351048827171326 2.573181338608265 0 1.466136991977692 10.72851301729679 0.3471641391515732 1.124641597270966 5.319934919476509 8.534418188035488 0 7.976933211088181 4.341877311468124 4.74575112760067 15.49053042382002 0.7712146565318108 0.1077999919652939 0 0.1204476952552795 0 0 0 0 0 0 0 0 0 0 0.1412930339574814 0 0 0 0 0.2516986355185509 0 0 0.7587322890758514 0 7.296476669609547 0.3411462008953094 6.874152697622776 0.2549572661519051 0.7136402726173401 0 0 0 0 1.48301112651825 0 0 0 0.3237867429852486 0 0 0 0 0 0 0 0.1201722472906113 0.1488669365644455 0.2372898310422897 0 0 0 10.94809041917324 0 0 0 0 0 0 0 0 0.453140527009964 13.00227716565132 0 0 0 0.174032136797905 4.032712146639824 0.9041552692651749 0.3084627091884613 0 0.1071418896317482 0.7696349024772644 0.335509866476059 0.6909273117780685 0 0 0 0 0 0 0 0 12.70716769993305 6.610976576805115 7.610927544534206 289.2129250466824 24.58257948607206 137.6231016814709 24.11017693579197 50.01422506570816 25.69323448836803 1.830183431506157 51.45070414245129 6.115650743246078 0 1.034564018249512 0.191177025437355 7.542786806821823 0 0 1.636967182159424 9.08050012588501 1.464866176247597 19.78769151866436 6.198284730315208
886.6744581907988 419.9456995651126 15.36213154345751 2817.714795589447 922.7429302111268 631.8626694306731 2244.60301553458 7.465080671012402 37.5876389592886 1391.213216006756 18.84881396591663 1340.556279890239 2449.773595251143 171.267237007618 1.450728543102741 1.266042664647102 0.9726513028144836 0.2877219617366791 0 0.1450865715742111 0 0 0 0 4.771625272929668 0.5215008705854416 0.2834611535072327 0.2575862258672714 0 0 21.77907152473927 1.67137610912323 7.40580727905035 0 0 1.885806411504745 25.28761202841997 11.49825599789619 1.968679033219814 0.6930830851197243 0.20142662525177 0 0.1347266733646393 1.375125274062157 0.1850171089172363 0.2304892688989639 9.724532276391983 0 0.3177351355552673 0 0.4574877247214317 0.537568062543869 0.6728757321834564 0.5040143132209778 1.201466336846352 1.287866003811359 13.52413329482079 31.41196373850107 7.003283709287643 7.287495888769627 0 5.536383718252182 0 2.650182865560055 1.648501843214035 1.222874499857426 1.608938470482826 0 0.818040207028389 0.3137465119361877 206.3695808127522 0.7937656417489052 0.1325212568044662 21.96026508510113 5.805077947676182 8.277982980012894 2.010491251945496 1.140238210558891 0.4177940934896469 1.133098386228085 0.1160000041127205 2.970854565501213 2.535322606563568 0.1026086211204529 0.2071483954787254 0.8150584772229195 0.1077551394701004 0 1.12104094773531 0.108002096414566 1.019607037305832 0.7830196917057037 3.641265727579594 1.274407528340816 0.1573524177074432 719.7420251294971 11.58473500609398 0.5592188984155655 3.095084629952908 87.84623096138239 3.071879476308823 54.51487221568823 39.79494643956423 11.09194064885378 13.49086061120033 170.4210021421313 50.11045645177364 45.29762094467878 183.6488251313567 260.9972973838449 12.13306151330471 160.328043654561 95.8479043468833 58.02562486380339 31.68263885378838 0.569756492972374 0.3496080711483955 0.2263528034090996 0 0 0 0 0 0.1103141084313393 0 0 0.4923125505447388 0 0.1048415452241898 0.1843514889478683 0 0 0 0.08363246917724609 3.783686742186546 0.2783617079257965 0.2566093355417252 0 0.6244215965270996 20.57655519992113 0.5577076897025108 8.316593736410141 0.935330756008625 0.2895300760865211 0.2559066563844681 0.1216480955481529 0.09392010420560837 0 0 0 0.9137424826622009 0.2797402441501617 0.6859573125839233 0 0.1102594882249832 0 0.4783124625682831 0 0 0.2187497243285179 0.2971156984567642 1.132508873939514 0.363496445119381 13.57424025982618 0 0.2495919167995453 10.55699926614761 0.6116523742675781 0 0.114542230963707 0.1109474524855614 0 0.202652782201767 0 0 0 37.36288826167583 0.8638674914836884 0 0.2247767448425293 0 21.85096899420023 0 6.813270375132561 1.807670198380947 0.1169496104121208 1.461222417652607 0.1548973917961121 0 0.3359052240848541 0.1132768616080284 0 0 0 0.3238725364208221 0 0 101.9265252873302 17.52433629333973 15.66921579092741 63.27145040035248 2.292712613940239 53.46988845616579 8.442713245749474 67.24180947989225 6.056744068861008 2.836479149758816 10.94225062429905 37.02292549610138 0.4953451156616211 4.386003136634827 0.9744717627763748 129.7561099305749 0.386476568877697 1.001116514205933 0.4899096190929413 17.38964818418026 0 740.9049250632524 200.6441116407514
44.89999632537365 1626.781971819699 1904.920297123492 0.4453631117939949 621.5510720312595 4.298083707690239 66.99854165315628 1470.041508555412 807.618669167161 18.84881396591663 1335.776988252997 57.34703552722931 683.0455929413438 3173.293843507767 10.52536629885435 9.027101904153824 0.4217977225780487 0.830936998128891 0 1.034657798707485 5.340009450912476 1.148140825331211 0 0.5182080268859863 46.90441243350506 3.601132154464722 0.2134110629558563 1.342366345226765 0.6950820311903954 0.3850890919566154 282.9449405372143 47.68985418230295 1052.806053593755 0.1136365905404091 3.053861007094383 39.28965602070093 143.4709880650043 122.1266661509871 9.728329584002495 9.438457064330578 6.41186834871769 1.615121245384216 1.161532685160637 1.764516524970531 0.1254125982522964 0.4272136241197586 25.91875327378511 0.3903346508741379 0.9177970141172409 1.794633537530899 9.004111088812351 0.3929466530680656 0.5667889788746834 0.4124299138784409 0.9180262610316277 0.7786005139350891 6.627451002597809 17.99636006355286 5.24987967312336 15.47766437381506 3.494586497545242 172.6027761548758 0.1152804493904114 10.05986338853836 1.433031037449837 1.612998209893703 2.940020553767681 2.196702152490616 9.887225344777107 12.42105218023062 46.48831594735384 1.13833636790514 0.1271082907915115 8.833818934857845 13.68114279955626 16.3266286700964 8.783497698605061 2.747432328760624 59.53152229636908 1330.049041107297 0.2676810994744301 519.7435569614172 0.7397341802716255 0.2644086629152298 1.212211854755878 2.795793533325195 1.581412225961685 0.2237999588251114 1.064887687563896 0.3166956678032875 1.669318653643131 0.7268037647008896 48.88042768090963 14.2194866836071 0.9003642648458481 16.34035040438175 1.098550714552402 0 5.581760823726654 10.27723843604326 0 0 1.537990272045135 0 0.5702278763055801 4.822040237486362 0.2468414530158043 0.5584745705127716 1.307740829885006 1.576869942247868 0.6754345297813416 4.770270280539989 2.322048097848892 0.764754131436348 4.49202261865139 0.223674900829792 0.09668055176734924 0 0 0 0 0.1511555165052414 0.1125279143452644 0 0.1089530140161514 0.2469354942440987 0.8521207571029663 0 0 0 0 0 0 0 0 0 0 0 0.2652832865715027 3.679693527519703 0.6506060510873795 7.503357723355293 1.188218548893929 0.08793596178293228 0 0 0 0 0 0 0 0 0.2427855208516121 0 0 0 0.106592208147049 0.2679446190595627 0 0 0.1106907054781914 0.08651824295520782 0 1.224894404411316 0 1.466613925993443 5.08635701239109 0 0 0 0 0 0.2281133383512497 0 0.2799224853515625 0 6.264426715672016 0 0.2526984959840775 0.09038423746824265 0.1242624744772911 3.592732205986977 0.3914503753185272 1.854565635323524 0.09544658660888672 0.1406927555799484 0.09276384860277176 0 0.2083571404218674 0 0 0 0 0 0 0 0 6.248964600265026 4.911547869443893 7.897651463747025 89.36308663338423 16.82468847930431 68.0303693562746 13.85644429922104 14.2097911387682 9.948908105492592 0.6702971607446671 21.5586019679904 1.449025705456734 0.286549985408783 0.7391167506575584 0.1348437070846558 1.647301554679871 0 0 0 1.307308360934258 0 9.923512935638428 2.105171158909798
62.3946624994278 30.23758973181248 20.01855506747961 1284.561253115535 62.42489030957222 86.82656987011433 1019.543296992779 15.6905098259449 16.36754713952541 1340.556279890239 57.34703552722931 167.5264250785112 1622.028144441545 121.9409162327647 5.892184287309647 6.707129962742329 0.1256065368652344 0.398386724293232 0.2258387356996536 0.1978774592280388 0.9834060668945312 1.450773969292641 0 0.1185823604464531 10.38660734891891 0.4393166899681091 0 0.2484149932861328 1.478696942329407 0 6.169506475329399 1.500714406371117 27.63970975577831 0 0.8693865761160851 7.940081089735031 177.2830141037703 32.49285558611155 6.846527203917503 6.032472908496857 1.611518114805222 1.899355255067348 0.2975902855396271 1.589189797639847 0.1092623099684715 0.206173948943615 13.21607153117657 0.09710362553596497 0.5237086117267609 0.7981995269656181 5.924321599304676 0.920704111456871 2.099101506173611 1.366420395672321 0.4065690338611603 0.2743077129125595 2.80151441693306 4.129253059625626 2.129351764917374 2.625978574156761 0.7885103970766068 25.3535326346755 0.1305804699659348 1.600604102015495 0.5744990408420563 0.868115670979023 3.427971474826336 2.256718590855598 6.57923848927021 4.835232615470886 521.6126015260816 2.36422111093998 0.3509696871042252 4.038185864686966 3.223052076995373 5.435118049383163 5.198037944734097 3.611531987786293 0 23.9405757188797 0 11.7643840610981 0.2672556340694427 0 0.8858655467629433 1.221649453043938 0.9146071746945381 0 1.551543965935707 0.5917605832219124 2.278404176235199 0 23.89091987162828 7.261535368859768 0.2251005545258522 996.0962981805205 13.8106295093894 1.021502435207367 12.96994456648827 14.05842101573944 0.9074394106864929 13.55814972519875 13.50150094926357 3.649667769670486 3.323191419243813 101.4402229338884 12.46522838622332 28.31124405562878 95.91103133559227 102.8247252106667 8.400002308189869 106.3718102350831 50.86150792986155 37.22327192127705 47.65602193772793 0.8452844843268394 0.7871345281600952 0.1088418141007423 0 0 0 0 0 0.1220061928033829 0.1072154715657234 0.1266152560710907 0.1498367190361023 0.2026254385709763 0 0.4432937502861023 0 0.09985204041004181 0 0.2899070605635643 2.532245866954327 0.9741936326026917 0.115771621465683 0.3117983117699623 0.106941431760788 29.98918799310923 1.549736440181732 14.9504596143961 2.599009022116661 2.005395911633968 0.2626067250967026 0.3227504044771194 0 0 0 0 0.1000349372625351 0.2983445301651955 1.362844787538052 0.1105712503194809 0 0.3441037088632584 0.487580731511116 0.1062792837619781 0 0 0.259798675775528 1.051417827606201 0.7212464809417725 3.490992501378059 0.6027929037809372 0.2270378917455673 24.27242541313171 0.8381404504179955 0.1082177460193634 0 0.200496532022953 0 0.5127538964152336 0 0 0.3654627799987793 50.92093068361282 0.6453606337308884 0 0.1734248995780945 0 32.97955083101988 1.394899412989616 7.522879503667355 1.327110506594181 3.244641967117786 1.541524842381477 0.7371076717972755 1.261993564665318 0 0 0.1773910075426102 0 0.07897950708866119 0 0 0 102.7705901414156 19.69413521140814 31.09682312607765 114.975078932941 5.184519931674004 41.09442608058453 14.78996676951647 15.57396089285612 12.07248535752296 0 16.28276930749416 30.77704709023237 0.4424804821610451 7.76835897564888 1.795615769922733 63.60312151908875 1.296930775046349 0 1.963653668761253 2.256755799055099 0.3734356760978699 192.7019997239113 77.51615387201309
45.06485539674759 743.5879943817854 258.7928472012281 739.1738870888948 2086.435650929809 81.97789303958416 4003.596751928329 201.3092876449227 784.0800563469529 2449.773595251143 683.0455929413438 1622.028144441545 4203.834795765579 2591.913530357182 27.40795804560184 23.75094095617533 1.820889241993427 0.4878282845020294 0.190584309399128 0.8186418935656548 4.876393251121044 5.980526693165302 0.2296485602855682 1.112430229783058 51.50209158658981 2.606621779501438 1.059238329529762 3.163929805159569 2.717495024204254 0.433341458439827 32.89316102862358 9.845693297684193 302.1690041273832 1.004530698060989 2.262090854346752 30.0848957374692 752.9280714094639 144.1464805752039 29.7522552087903 24.30378556996584 7.632003150880337 1.564120650291443 1.886279344558716 5.072869099676609 0.2911959290504456 0.7740952596068382 65.41745966672897 0.2619413360953331 2.49699579179287 5.142779983580112 15.32793440669775 3.371186271309853 11.93338260054588 2.153285436332226 0.8681773468852043 1.337014563381672 13.82697907090187 22.44788506627083 12.37525918334723 19.57550203055143 3.260361909866333 99.18350111693144 0.3325587883591652 12.03249324113131 0.6418402567505836 3.652803398668766 5.260505095124245 8.008237138390541 23.87418323755264 17.87514171749353 712.4318845495582 4.471823208034039 0.3756269440054893 14.8128854483366 17.77451837807894 31.0694782435894 26.19382011145353 9.047857612371445 0.7755179554224014 202.0720976665616 0.5041044130921364 49.68673275411129 2.357109725475311 0.3524212390184402 0.6855136156082153 4.03764521330595 4.131043843924999 0.2263115420937538 2.735196948051453 0.5484062507748604 4.726714484393597 2.022880874574184 81.07784132659435 15.47319664806128 3.02742000669241 901.6951912045479 17.31239704787731 2.409301042556763 25.3459349796176 19.24070674180984 5.071688689291477 31.81547596305609 49.46094312518835 13.96102498471737 19.56453093141317 196.448804102838 24.92181865870953 75.42193439602852 170.5866593942046 226.4419780671597 18.92222728580236 188.666754886508 114.979489736259 78.73331485688686 114.8066613972187 3.64909353852272 1.177207835018635 0.2029834240674973 0 0 0 0.2484646365046501 0 0.3010441064834595 0.2546649128198624 0.1100238636136055 0.9982554167509079 0.4718877598643303 0.4200213849544525 0.4856975451111794 0 0.1955583989620209 0.9556875377893448 1.057262502610683 14.02784956991673 0.4202386811375618 0.4495202600955963 0.3070465847849846 1.269255213439465 76.30808784067631 5.137529082596302 40.79982022941113 12.45101817697287 4.734066866338253 0.5036464408040047 0.3527248501777649 0.2009628415107727 0 0 0.9692374467849731 2.259643547236919 1.974047638475895 3.393377989530563 0 0.2393711730837822 0.1264480650424957 1.229523994028568 0.4232867509126663 0.4785638451576233 0 0.2329546809196472 2.594346910715103 0.8063585609197617 6.74550998210907 2.940313532948494 4.295228235423565 65.89146270602942 1.867305532097816 0.3748241066932678 0.09061632305383682 0 0 0.3747955337166786 0.5707332119345665 0 0.7895089536905289 104.3001787960529 1.234959982335567 0 0.1983987092971802 0.9666561633348465 83.48761708289385 2.360559038817883 34.70045206695795 3.376753307878971 3.562890321016312 7.215729117393494 1.139193199574947 0.8330991268157959 0 0 0 0 0.3343898504972458 0.2319815829396248 0.1096090376377106 0.2408309876918793 200.3259996250272 49.09377156943083 82.59564446657896 384.6528346687555 20.7243200019002 176.1048477515578 42.75345735996962 47.9152021035552 34.62633003294468 0.6019889712333679 82.77640350908041 48.9474226012826 0.1756633967161179 15.59929186850786 5.044390685856342 94.81008778512478 1.579613193869591 0 1.783443078398705 15.4891292899847 1.029774069786072 296.5604841858149 141.551533319056
