359.7423962801695 2441.219368621707 244.0197296217084 1815.941680543125 1.961833983659744 33.01218275725842 465.998326972127 433.9149912819266 2.149449177086353 1167.212645016611 480.1985571086407 102.4670703858137 93.66506407409906 449.4028265848756 1.354031786322594 2.496135234832764 0.5558489337563515 0 0 0.5606276988983154 1.888382747769356 0.5216449350118637 0.9999051615595818 0.1264289021492004 1.739552743732929 0.2723583579063416 0.2495535686612129 0.2247892841696739 0.1289366185665131 0.1350078582763672 1820.736192390323 1.440736822783947 26.32308579981327 0.1292935013771057 0.5321638733148575 1.170947805047035 11.18618980050087 2.566991962492466 1.922487504780293 1.185596294701099 3.858836889266968 1.574359588325024 0.473840594291687 0.2901031970977783 0.1156476214528084 0 32.32451628148556 8.261791504919529 1.246237397193909 1.572575606405735 3.361223965883255 2.941884897649288 0.1291353553533554 0.317275695502758 3.511399775743484 2.490982353687286 519.8607121556997 1236.05953374505 74.43309228122234 35.90843785554171 1.942028775811195 8.789695277810097 0 55.04452049732208 1.363463312387466 3.614161901175976 9.846590094268322 4.476434484124184 1.599354967474937 4.824579887092113 56.1356764882803 52.61623093485832 9.341648407280445 279.4074695780873 28.47360572963953 15.18544658273458 4.333369731903076 2.416816353797913 8.729860171675682 107.8356303796172 2.611944496631622 16.10809572041035 17.53126536309719 0.9039093479514122 2.038605041801929 5.975676260888577 1.386403769254684 3.145426735281944 3.869568526744843 5.339807964861393 2.445876903831959 3.23669707775116 6.372979193925858 4.769574701786041 2.892019867897034 120.9149082899094 41.44428461790085 3.637679927051067 6.411135047674179 1414.223102927208 0 0 0.8575530052185059 0.2793737947940826 2.435883402824402 6.425019204616547 0.2829298973083496 6.12858784198761 3.666595339775085 2.245784431695938 0.1270704716444016 8.041319236159325 5.322687745094299 6.703344136476517 14.24463188648224 0 0.5640720725059509 0 0 0 0 0 0.1071378514170647 0 0 0.2268947139382362 0 0.6152977347373962 0 0 0 0 0.1141991317272186 0 4.821696579456329 1.150703966617584 0 0 0 2.128528088331223 0 3.57268663495779 0.455365315079689 0 0 0.3006931692361832 0 0 0 0 0.1182509586215019 0 0.1289059966802597 0 0 0 0.1271916627883911 0.1262895911931992 0 0 0.1904976740479469 0.2610780000686646 0 0 0 0 0.9833746999502182 2.685596942901611 0 0 0 0 0 0 0.2116217687726021 0 4.458039633929729 0.1459565013647079 0.4519462138414383 0.1365230679512024 0.495404876768589 5.99555116891861 2.012329816818237 0 0.09055016934871674 0 0 0 0 0 0.1180628761649132 0.09376721829175949 0 0.3224368467926979 0.187353327870369 0.3039049431681633 0 0.839724987745285 2.048339992761612 0.298208937048912 79.03139347583055 9.481847323477268 111.7377666458488 17.48927229642868 643.6796836853027 158.4481489732862 2.364613078534603 1.459037192165852 1.749961689114571 0.170242115855217 0.4823305830359459 0 0.3262967765331268 0 0.1458408981561661 3.700407266616821 1.088450990617275 0 451.9683299064636 1.550759300589561
2441.219368621707 3320.357030421495 2871.850178636611 258.1771028339863 1574.569077335298 55.76633329689503 3824.586491174996 1615.653858691454 2861.658556878567 798.5006147176027 6333.918297894299 56.75570350885391 1040.879359029233 6421.999448664486 19.85653756558895 8.533483132719994 2.314089559018612 1.427487656474113 0.2102808579802513 0.9571827128529549 7.521798156201839 1.757469959557056 2.634101346135139 2.789853669703007 2.128511063754559 1.211867481470108 0.9793902486562729 1.087781794369221 1.407852672040462 0.2648067027330399 2932.188660211861 44.90258360654116 95.11761786788702 1.665535971522331 1.703020863234997 1.487327121198177 23.85522935539484 2.92365450412035 3.53168748319149 4.969462297856808 8.701164431869984 4.430374778807163 1.099963240325451 1.995178028941154 0.4540221095085144 0.888632595539093 299.9626419320703 43.3267515823245 3.218014732003212 5.42159578949213 10.48258797824383 2.14028637111187 2.614612862467766 0.7769566848874092 12.67633550614119 11.55516963452101 336.76605989784 657.1532238200307 84.57893899828196 232.7586932405829 3.159100711345673 32.8826407417655 0.7207442224025726 654.5167634487152 8.891017459332943 19.34312546998262 26.34407134354115 29.92030939459801 5.373263858258724 13.85500326752663 84.70470727980137 5.547446079552174 0.3443159237504005 687.0959287062287 321.9597968831658 171.2070999369025 89.61768887937069 16.70698298513889 28.34395959228277 208.9353616535664 4.415346577763557 36.03131598979235 56.89692274481058 1.325235895812511 16.88501477241516 36.32682716846466 11.38476970046759 1.611455984413624 18.21937078982592 3.879486873745918 9.589821167290211 4.438863828778267 17.39821153134108 14.49859990924597 9.165465340018272 66.01627510040998 22.42793946713209 0 5.320399455726147 684.0212897434831 8.028187841176987 10.75348944962025 15.98503217846155 3.841553963720798 13.74963031709194 41.24067376554012 14.96783463656902 81.56248276680708 35.58035297691822 61.09257969260216 16.21171669661999 82.41442871838808 52.28468369692564 45.14870331436396 196.2509250193834 0.2368698492646217 1.276705995202065 0 0 0.1157793924212456 0 0 0.1115388572216034 0 0 0.4044685289263725 0 0 0 0 0.1246173977851868 0 0.5110111311078072 0 28.53215315937996 6.796169579029083 0 0 0 26.77555487304926 0 29.53976707905531 2.953841507434845 0 0.5122017189860344 0.5138760954141617 0 0 0.5423480123281479 0 0 1.539567150175571 2.815518692135811 0 0.1555769890546799 0.2780576124787331 0.09771275520324707 0.3484071120619774 0.8813471049070358 0 0.9672011807560921 0.8884438797831535 0.5570915937423706 1.32533885538578 0 0 46.49876841902733 9.82602596282959 0.230392225086689 0.1104280427098274 0.3387109860777855 0.2320471033453941 0 1.614308081567287 0.2627400755882263 1.159776210784912 69.30488875508308 0.6177961826324463 0.08399353176355362 0.7429526746273041 0.8248127847909927 35.55907640606165 1.503080740571022 15.604900598526 0.661336787045002 2.919059596955776 1.548773586750031 1.225211568176746 1.207655869424343 0.08795264363288879 0.6591456085443497 0.4630658179521561 0.2083969563245773 2.535565435886383 2.522934205830097 0.8073357716202736 0.2180339992046356 79.52466963976622 18.2515702098608 13.43604012578726 296.604072265327 31.3760864585638 725.5840711817145 103.3924228921533 355.0879225730896 216.0224406644702 4.297585919499397 15.02146013081074 7.246399812400341 0.5431894361972809 10.0201086550951 2.700934201478958 3.064833149313927 3.432001084089279 0 0.9701046198606491 10.59285376220942 0.9815514087677002 557.3039415702224 77.5192704051733
244.0197296217084 2871.850178636611 1149.906940191984 0.653958722949028 751.3779810592532 0.1914943009614944 376.520273886621 3456.532891467214 904.9802846983075 14.05794668197632 5065.137027040124 11.42657333612442 146.2907390743494 3259.042818687856 8.724387027323246 8.394596315920353 1.632989652454853 2.403886005282402 0.191854827105999 1.915327951312065 19.68628497421741 1.955989986658096 5.391777351498604 3.479957215487957 3.451863944530487 1.1760638281703 1.874723710119724 0.784038744866848 1.298422761261463 0.6953889802098274 2693.623558826745 553.4140303134918 83.32465037703514 5.105346284806728 4.642723172903061 2.541574195027351 18.39743387699127 4.657917886972427 4.755907088518143 6.711315870285034 21.96529144048691 8.973544247448444 3.236151821911335 2.593330726027489 1.730780810117722 0.5173666551709175 50.20364779978991 3.025019615888596 2.838352762162685 5.332933001220226 13.86746893078089 5.204796031117439 0.9430459886789322 1.466764666140079 1.145940698683262 0.5301593914628029 25.81791801005602 107.4637861475348 5.784686967730522 29.17716010659933 16.10895276814699 71.492012552917 1.125934459269047 359.80140324682 0.8283006399869919 2.417853109538555 5.359661012887955 11.09756606817245 12.12690257281065 48.48498179763556 11.27957394719124 8.17981243878603 0.3420351147651672 62.39713042229414 84.28171864897013 41.54674108326435 66.94219519197941 29.97803197801113 226.8905788064003 503.0685580223799 26.91677042096853 158.8156384974718 4.31357529014349 0.3585898727178574 1.776390895247459 2.826048940420151 1.851481042802334 0.09957414865493774 2.471755519509315 1.691471427679062 4.659260250627995 5.860185496509075 49.42913193255663 22.99615406244993 10.84191875904799 6.505609065294266 2.4677909091115 0 3.75949951261282 63.90679790824652 1.053802400827408 0 0 0 0.45094034075737 0.3679285943508148 0.1331778466701508 1.087785333395004 1.870468974113464 1.341632857918739 0.7102252766489983 2.289648450911045 0.8808919042348862 1.818141281604767 7.421168863773346 0.2091530188918114 0.3742099776864052 0.2009192109107971 0 0 0.1070066094398499 0.3486397266387939 0.1359288394451141 0 0 0.6556820794939995 0 0 0 0 0.1080227717757225 0 0 0 0.6500492542982101 0.3544487059116364 0 0.3452633619308472 0 3.736985966563225 0.1142881065607071 4.221569322049618 0.6807212308049202 0 0.6536203771829605 0.5357931405305862 0 0 0.4181477874517441 0 0.1436594128608704 0 0.5668877437710762 0 0 0.1609887778759003 0.2955041453242302 0.5518579408526421 0 0 0.07322569191455841 0.2975011467933655 0 0 0 0.1917224675416946 8.084813959896564 1.866784684360027 0.1033773496747017 0.07980905473232269 0 0 0 0 0 0.6236671805381775 5.66835080832243 0.814153328537941 0 0.5256694853305817 0.5159758627414703 1.809796072542667 0.1094026491045952 1.990209922194481 0.342596523463726 0.3108667433261871 0.3986633569002151 0.1018303483724594 0.3126045688986778 0.1197738945484161 0 0 0 0.5618488341569901 0.3894285559654236 0.2195374295115471 0.2390473261475563 4.38970060646534 4.886676132678986 1.615586504340172 68.20629615336657 11.83992317318916 90.91008219122887 23.94902281463146 11.40297175198793 14.87860015034676 0.4215680360794067 2.430032059550285 2.392873875796795 0 1.658879704773426 0.5556119307875633 0.1059181913733482 0.2599935531616211 0 0.3842355534434319 5.886013925075531 0.1286306828260422 22.48640406876802 4.023943513631821
1815.941680543125 258.1771028339863 0.653958722949028 656.071430772543 1.394828617572784 103.1087750345469 743.0607187598944 0 20.58181698620319 1325.81053635478 2.610045000910759 230.0646395534277 543.8239181488752 574.1097432225943 0.1372909843921661 0.105873629450798 0.3154517114162445 0 0 0 0.1363630294799805 0 0 0 0 0 0 0 0 0 108.6636677980423 0.1519866436719894 5.916537791490555 0 0 0 0.6571680158376694 0 0 0 0.1547880172729492 0.194328561425209 0 0 0 0 20.12797003239393 5.453964844346046 0.7595429420471191 0.153037816286087 0.6203997880220413 0.1298209428787231 0 0 1.092355735599995 1.90267188847065 68.77258864045143 88.14106415212154 23.14437282085419 24.28956475108862 0 0 0 39.67812958359718 1.033073179423809 2.19794587045908 2.58839014172554 2.086624749004841 0.09700445830821991 0.3079368621110916 2.125235579907894 0 0 105.8204208239913 18.65589422732592 9.479025922715664 1.258778803050518 0.4017669260501862 0.1304938793182373 0 0 0 7.508887253701687 0.220373846590519 1.426453091204166 3.553535766899586 0.9348930567502975 0 2.294680863618851 0 0.6728336662054062 0 0 0.3020187318325043 0 7.365946188569069 0 0 0.1145643144845963 264.568725913763 0 0 0 0.2295311689376831 3.155088946223259 2.681693851947784 0.5600121170282364 4.431411758065224 2.869458541274071 4.431621044874191 4.263265609741211 4.217679396271706 5.819676458835602 3.082095980644226 9.885619059205055 0 0 0 0 0 0 0 0 0 0 0 0 0 0 0 0 0 0 0 0 0 0 0 0 0 0 1.289902746677399 0 0 0 0 0 0 0 0 0 0 0 0 0 0 0 0 0 0 0.3211498335003853 0 0 0 0 0 2.29717156291008 0 0 0 0 0 0 0.1107333898544312 0 0 2.809545993804932 0 0 0 0.1233948692679405 3.46888230741024 0 0 0 0 0 0 0 0 0.1653578132390976 0.1128730252385139 0.136986255645752 0.3131655529141426 0.3767574429512024 0 0 3.597102612257004 0 0.8494988679885864 14.8552024513483 2.627034716308117 56.50398115813732 3.236403971910477 374.2545102536678 55.85518874228001 1.439871735870838 0 0.4610226452350616 0 0 0.4753462299704552 0.2655357420444489 0 0 0 0.2310456782579422 1.198800444602966 263.5120293423533 0.9285013526678085
1.961833983659744 1574.569077335298 751.3779810592532 1.394828617572784 3309.182402715087 0.1693050116300583 2450.039492145181 55.2984122261405 2110.862408176064 18.3300239443779 983.2348038554192 1.866387367248535 459.3261321634054 2128.837709501386 3.59858063608408 0.8059956207871437 0.2254212275147438 0 0 0 0.303703211247921 0.3144592791795731 0.1554492861032486 0 0.1148640140891075 0 0.1472905725240707 0 0 0 45.18230564892292 4.579443998634815 6.323535367846489 0.09875299036502838 0 0 1.712718971073627 0 0.6262527108192444 0.2925494462251663 0.1078715026378632 0 0.09146100282669067 0.215129978954792 0 0 33.91417814046144 2.6283123716712 0.519252322614193 0.1682232543826103 0.5908736661076546 0.6122795194387436 0.1139017343521118 0 0.712067037820816 0.282923512160778 2.921573139727116 7.056246109306812 2.739848889410496 18.63339933007956 0 0.7858134806156158 0 35.00256627053022 0.5404753983020782 1.23184072971344 1.700511112809181 0.6294816881418228 0.1011888161301613 0.3222730234265327 6.606612406671047 1.028507485985756 0.08875250816345215 30.52104809135199 31.79008860141039 22.96652494370937 13.01674816757441 2.494024023413658 0.2568290084600449 0.8103138506412506 0.4595348834991455 0.7274791225790977 2.463218882679939 0 0.432187981903553 2.043871246278286 0.6510088220238686 0.103264257311821 1.414701290428638 0.1765340268611908 0.406807579100132 0.2352577298879623 0.9326854720711708 0.7254196405410767 0.3702585101127625 8.182493209838867 1.36395750939846 0 0.1234294772148132 0.7921683043241501 0 1.067167699337006 2.40896700322628 0.423896037042141 1.496715143322945 4.707565814256668 3.25790399312973 16.33037820458412 6.954572379589081 10.14277155697346 2.271965995430946 11.23131632059813 9.216217085719109 3.950432665646076 22.66575075685978 0.1254391372203827 0.2173742055892944 0 0 0.1049894988536835 0 0 0 0 0 0 0 0 0 0 0.1117349788546562 0 0 0 3.095501556992531 0.5423471033573151 0 0 0 3.220923751592636 0 3.709542490541935 0 0 0 0.2581292688846588 0 0 0 0 0 0.09007443487644196 0 0 0 0 0 0.0922047421336174 0 0 0 0.09137710183858871 0 0 0 0 6.974597245454788 0.2150732278823853 0 0 0.1282666474580765 0 0 0.10333002358675 0.08529846370220184 0 8.173430323600769 0 0 0.2454869449138641 0 7.928104162216187 0 2.111237406730652 0.09397529810667038 0.1135136336088181 0.3179964274168015 0 0.1485772728919983 0 0 0 0.0924670547246933 0.2636406421661377 0.08588418364524841 0 0.2399051859974861 12.43595082312822 3.39606498926878 1.388010159134865 60.12852872908115 4.481795564293861 70.87008108198643 14.58143540471792 10.06374180316925 8.459165699779987 0.2727165445685387 2.928105801343918 1.116930522024632 0 1.55650918930769 0.2563420757651329 0 0 0 0.32150599360466 3.1923443749547 0 16.57711887359619 12.12046999484301
33.01218275725842 55.76633329689503 0.1914943009614944 103.1087750345469 0.1693050116300583 0 42.69382610172033 0.3271136730909348 1.816673278808594 291.1077020168304 0.2727698087692261 143.0904154628515 89.06219410896301 15.53512023389339 0.2032992094755173 0 0.1283490508794785 0 0 0 0 0.691423311829567 0 0 0 0 0 0.4607186019420624 0 0 1.499362215399742 0 14.14698801934719 0.2886331081390381 0 0 13.62528918683529 0 0.8703406304121017 0.4429752379655838 0 0 0 0 0 0 0.1300124824047089 0 0 0 0 6.736641466617584 0.4563309848308563 0 0.4025105386972427 2.132849276065826 25.01103645563126 6.391112416982651 0 0 0 0.8605897426605225 0 0.2407485619187355 0 0.1134031265974045 0 0 0.162080392241478 0 88.65144602954388 182.8794782906771 43.59331768751144 0 0.1059066280722618 0.2437902688980103 0 0 0 0.3600605726242065 0 0 0.2621356248855591 2.25275381654501 0 1.097764931619167 0.1152677163481712 8.419571168720722 2.93249798566103 15.99645431339741 0.2308405935764313 0.5801214054226875 0 0.2749140411615372 0.5755210220813751 240.8765372037888 133.4939076304436 8.194182589650154 8.327442795038223 190.2889312803745 0 3.173298180103302 3.506286859512329 0 2.33843207359314 3.017674922943115 0 6.807746231555939 5.166985899209976 1.812888264656067 0 3.841128408908844 7.841159373521805 1.202428162097931 6.42106619477272 0.1749314367771149 0 0 0 0 0 0 0 0 0 0.1456553936004639 0 0 0.1127190813422203 0 0.117339238524437 0 0.1495365649461746 0 1.524468779563904 0 0 0 0 0.1350940465927124 0 0 0 0 0.1245662048459053 0 0 0 0 0.1607318818569183 0 0 0 0 0 0.1207254752516747 0.1582583785057068 0.4046446904540062 0 0 0.1610561013221741 0 0 0 0 0 0.1613887399435043 0 0 0 0 0 0 0 0 0 0.6240425631403923 0.5590342283248901 0.5933703482151031 0 0 2.448772192001343 0 0 0 0 0 0 0 0 0.2387167811393738 0 0 0 0 0.1440731734037399 0 1.84166456758976 0.13361456990242 0.3954231739044189 0.8527355641126633 0 0.8414660841226578 0.137761265039444 91.43292781710625 0.5634440183639526 0 0 0.2466024532914162 0 0 0.8512798100709915 0 0 0 0 0 0 44.38116296380758 0.7325796186923981
465.998326972127 3824.586491174996 376.520273886621 743.0607187598944 2450.039492145181 42.69382610172033 1718.562160424888 72.34916324168444 2344.411199532449 2330.099809616804 582.9285346344113 183.0301053971052 3922.365609310567 5813.334349617362 22.29243726283312 8.749702252447605 1.62896041572094 0.5074292495846748 0.1083966419100761 0.5864782705903053 1.175139077007771 1.287981227040291 0.7702066153287888 1.235169664025307 0.4312534630298615 0.1127617359161377 0.1515844166278839 0.6178185045719147 1.102808341383934 0 373.181641317904 19.78957816213369 109.596893504262 0.9907939285039902 0.7162494957447052 0.9399237111210823 17.40514709055424 2.372986949980259 2.650669105350971 3.405770733952522 3.172571301460266 2.462335474789143 0.4286753684282303 1.120619364082813 0.3450109288096428 0 183.4785974025726 17.24761434644461 2.666219338774681 2.149539016187191 5.026803530752659 6.12699630856514 0.6928490698337555 1.881038017570972 4.911963649094105 4.515264011919498 79.35949381440878 148.7497751191258 27.0685637742281 118.7640364170074 1.389363057911396 4.848063178360462 0.2487777918577194 286.3723376840353 4.232013463973999 7.71726481616497 10.94857951998711 11.52225092798471 1.106477051973343 5.116387754678726 56.29404343664646 3.040337815880775 0.1071364134550095 268.3053940311074 165.6034468188882 118.6309133693576 64.49887459725142 11.22257730364799 3.898490875959396 6.062235079705715 2.093742311000824 3.894111327826977 22.74989451467991 1.433952577412128 7.551102429628372 15.38839342445135 4.518737398087978 0.4268189743161201 9.639423921704292 2.57843191921711 5.544195219874382 3.766244687139988 8.026592075824738 4.680780492722988 8.048572771251202 107.7240475863218 12.36364312469959 0 4.819230385124683 78.71707233041525 8.152207635343075 15.88623632490635 33.49931740015745 14.54749222099781 21.17415980994701 78.65598065406084 37.34643835574389 130.6116560325027 73.49130026996136 106.2507305145264 24.73950756341219 121.334926918149 114.545830950141 80.41141913831234 257.8610155060887 1.474130965769291 1.833620622754097 0 0 0 0 0.7822219729423523 0 0 0.1266715526580811 0.8122215643525124 0 0.1121882945299149 0 0 0.1130499988794327 0 0.1139691397547722 0 30.83953673392534 5.766123622655869 0 0 0 36.79328566044569 0 28.10494441539049 2.812430642545223 0 0.482388973236084 0.1174839362502098 0 0.4630411863327026 0.1562080681324005 0 0 1.022723972797394 2.304654777050018 0 0 0.1025604605674744 0.1004979610443115 0.23001978546381 0.09415511786937714 0.5732870101928711 0.1389659345149994 0.5943997874855995 1.383832432329655 1.148856103420258 0 0 53.34303738921881 9.070865243673325 0 0.2771883904933929 0.1340456455945969 0.09373842179775238 0 0.2065120488405228 0.1007242798805237 1.228064388036728 82.27775833755732 0.520268902182579 0 0.728572852909565 0.7237318605184555 45.38963544368744 0 24.26889491081238 0.7626085504889488 3.36595506966114 1.430563822388649 0.309882752597332 1.226509280502796 0 0.218190036714077 0.162055492401123 0.1011846959590912 1.118151664733887 1.229120701551437 0.21625005453825 0.293247252702713 103.4785292297602 18.42329528182745 9.789599820971489 358.2121226489544 25.50598627328873 444.1357551887631 87.31024908274412 160.8893626481295 93.28440392762423 1.689131207764149 26.10116397589445 11.16993943601847 1.097102895379066 10.88754069805145 2.415965244174004 6.432451978325844 0.7531699538230896 0 2.368123799562454 25.42126692831516 0.9935393333435059 365.7519075497985 108.0922635048628
433.9149912819266 1615.653858691454 3456.532891467214 0 55.2984122261405 0.3271136730909348 72.34916324168444 876.1248483732343 285.6438146829605 13.54737813770771 1341.452991776168 9.227620959281921 98.24505771696568 1799.969657227397 8.063635066151619 12.89894500374794 1.385437540709972 3.713481090962887 1.567106425762177 4.877527140080929 57.73992794007063 2.75240221619606 15.75155154615641 9.37146769464016 6.560437023639679 4.017336085438728 3.882802098989487 0.7783008068799973 2.088781580328941 1.730277583003044 2123.409802392125 1597.542656905949 127.3067789450288 17.45947284251451 15.86172023415565 4.210729941725731 12.13746526837349 8.108074679970741 5.262588679790497 8.884385108947754 37.31442666053772 16.08167751133442 8.004720330238342 17.38532892614603 7.072042778134346 4.376182094216347 38.76090786606073 2.462641254067421 1.872151389718056 13.04426655173302 20.80865907669067 5.634765625 2.160955592989922 1.135268278419971 0.3754985183477402 0.7510537952184677 11.81256097555161 30.22340323776007 3.378008343279362 21.01182693243027 94.02757916599512 233.9237083792686 6.649461507797241 301.5188669785857 0.4695981219410896 2.627412982285023 4.186232805252075 15.70856843143702 26.21218370646238 130.2450492754579 18.52466437965631 0.9882992282509804 0.3960352092981339 44.33009765297174 52.46897039562464 36.60372606664896 151.3271810933948 466.5925981774926 1150.782334141433 1293.07120680809 170.7535347640514 709.4483889862895 3.001773558557034 0 1.269369252026081 3.226676926016808 2.423971064388752 2.287963926792145 3.760080307722092 3.404180712997913 4.457692824304104 7.2612030133605 90.95430032908916 46.81986036151648 17.73123507201672 1.02292999625206 0.2701968401670456 0 5.790332049131393 15.2286743298173 0 0 0 0 0 0 0 0 0 0 0 0 0 0.1349059492349625 1.240572802722454 0 0 0 0 0 0 0 0.2475105971097946 0 0 0.6867498680949211 0 0 0 0 0.2684004753828049 0 0.1222018301486969 0 0 0 0 0 0 0.2357599958777428 0.1210569739341736 0.4551460072398186 0.6970821842551231 0.09475938230752945 0.401551179587841 0.7310501635074615 0 0 0 0 0.2681852579116821 0 0 0 0.1097653806209564 1.039718464016914 0.2008004933595657 0.751753531396389 0 0 0 0 0 0 0 0 0.5785173326730728 0 0 0 0.1013098657131195 0.0996214747428894 0 0.2046792879700661 0.09478136152029037 0.9413378015160561 0.9153507128357887 0.7842342033982277 0 0.260099321603775 0.9760852605104446 0.6849179193377495 0.3054792284965515 1.727832742035389 0 0.1204547584056854 0 0 0 0.1131199821829796 0.1180628463625908 0 0 0 0.2764849662780762 0.7408682107925415 0 0.3683201223611832 0.2528820931911469 0.1099506542086601 64.52016762644053 22.50583797693253 74.99161064624786 20.6558101028204 6.527538157999516 6.209122896194458 0 3.687542639672756 2.515566170215607 0.6584675908088684 1.162278093397617 0.2936877310276031 0 0 0 0 2.588529631495476 0.3277567028999329 10.27570389211178 0.3534946665167809
2.149449177086353 2861.658556878567 904.9802846983075 20.58181698620319 2110.862408176064 1.816673278808594 2344.411199532449 285.6438146829605 307.1099197268486 117.8618854284286 443.7446531057358 1.357704997062683 262.5661530792713 614.927016325295 5.869199573993683 1.142144620418549 0.3991327360272408 0.1546394675970078 0 0 0.4696709588170052 0 0.1008628383278847 0.1514594703912735 0 0 0 0.332988053560257 0.4873490780591965 0 33.53292518109083 7.035149894654751 7.850051805377007 0.2325478345155716 0 0 2.596404917538166 0.8091518357396126 0.756342701613903 0.4564165621995926 0.5886289179325104 0.5561358407139778 0.3811739459633827 0.5126024037599564 0.3055396378040314 0.3660551533102989 38.49329502880573 3.458421662449837 0.8347234651446342 0.4559145495295525 0.2957784533500671 0.3559714928269386 0.4299828484654427 0.1962291747331619 1.06568419188261 1.149217367172241 4.511956617236137 8.21550302952528 1.789342351257801 21.6567030698061 0.1132883951067924 1.094816200435162 0 41.10775309801102 0.8020322248339653 0.8582881242036819 2.654103979468346 2.289904274046421 0.6181414350867271 1.838644221425056 6.545770555734634 0 0 35.57722615450621 36.6864500567317 25.44228903949261 14.57193265110254 3.245206244289875 3.933584935963154 1.087311744689941 0.8387724831700325 0.6815081462264061 2.927384622395039 0.1788539886474609 1.553076468408108 1.198585733771324 0.9900914058089256 0.09616395086050034 1.127515867352486 0.3813695162534714 1.232600122690201 1.228379406034946 1.591454267501831 1.675091102719307 0.4943327754735947 12.29113875329494 2.296761780977249 0 1.046610005199909 1.393914446234703 1.665045030415058 1.187712460756302 1.116049334406853 0.7217669486999512 2.340457558631897 5.841563269495964 3.03116463124752 12.85343216359615 5.522387713193893 8.89738368242979 1.47617869079113 10.92310270667076 11.80812844634056 11.40156341344118 25.55671003460884 0 0.8704621195793152 0 0 0 0 0.09869244694709778 0 0 0 0.1057445108890533 0 0 0 0 0 0 0 0 5.214437544345856 0.6808419227600098 0 0 0 4.126903243362904 0 4.789752051234245 0.105148933827877 0 0 0.1452404856681824 0 0 0.1370742917060852 0 0 0.4527353942394257 0.2694429457187653 0 0 0.2313959747552872 0 0 0.08226246386766434 0 0 0.1405956447124481 0 0.3361599445343018 0 0 6.398864075541496 0.1805204302072525 0 0 0.08639835566282272 0.1387917697429657 0 0 0 0 5.360372960567474 0.1311303973197937 0 0 0 7.714786626398563 0 2.672006458044052 0.1067788526415825 0 0.3417113721370697 0 0.3834158703684807 0 0.07921280711889267 0 0 0 0.3538820892572403 0.2557901740074158 0 10.28185695409775 2.601413108408451 2.334769189357758 81.4458534643054 4.67037720233202 82.69619560241699 17.79580084979534 7.462691441178322 8.385379023849964 0.2900421768426895 3.877361603081226 1.766191318631172 0 0.3281016051769257 0.2414703220129013 1.552067115902901 0.9937600642442703 0 0.1311855912208557 4.980740740895271 0 22.49598316848278 9.848106577992439
1167.212645016611 798.5006147176027 14.05794668197632 1325.81053635478 18.3300239443779 291.1077020168304 2330.099809616804 13.54737813770771 117.8618854284286 1288.063623800874 40.45828905701637 1553.096558377147 7211.180221118033 1882.091427475214 8.337830029428005 7.859709583222866 1.34354542195797 0.3111189976334572 0 0.2096626088023186 1.562562718987465 6.983852110803127 0.966627724468708 0.4383049160242081 0.471872091293335 0.3241428434848785 0.7580986320972443 0.3115940988063812 2.313428461551666 0 59.40004448592663 2.531893625855446 206.1332189440727 0.2841023206710815 0.9941562786698341 0.6072369068861008 49.31173322349787 1.372550010681152 5.987606503069401 4.433150254189968 4.647850930690765 2.386812806129456 0.4899520426988602 0.2691266238689423 0 0.1710729151964188 43.75700731575489 2.965831659734249 0.7837300896644592 1.158958040177822 4.315127015113831 10.55217622220516 1.684223495423794 0.9796299412846565 1.1955751106143 0.8867477849125862 46.19079920649529 42.8291524797678 12.34793584048748 25.81633281707764 0.6879543513059616 2.197805777192116 0.3542837202548981 45.57987800240517 0.4633722305297852 1.150958433747292 3.00364688783884 2.903505899012089 0.957037478685379 4.175678595900536 97.37931232154369 13.88930919766426 1.734028317034245 72.83510793745518 27.28695164620876 36.00137387961149 16.44274789094925 7.196108996868134 1.850675582885742 1.76248824596405 2.120148375630379 2.095924630761147 4.079940535128117 0.220958337187767 1.176074177026749 2.810291923582554 0.8403150141239166 0.4169294759631157 0.5556854158639908 3.689477406442165 3.023065969347954 8.577716618776321 6.227862760424614 6.734890148043633 15.44964104145765 219.0170142203569 14.42173114418983 2.118089824914932 6.522500738501549 355.5239400863647 10.61375997215509 51.25324311107397 157.0392889231443 22.33424326777458 29.42276521027088 146.7748785614967 51.55932596325874 176.1274521350861 106.6593252047896 116.3170857131481 25.33239433169365 169.1822617873549 120.7886540442705 81.02774693071842 209.4012345522642 0.2605324760079384 0 0 0 0.2821891903877258 0 0.7010569646954536 0.2800939083099365 0 0 0.9484425112605095 0 0.1340792030096054 0 0 0.9386158064007759 0 0.6185575276613235 0 31.28376192599535 4.067180901765823 0 0 0.256743848323822 20.45698157697916 0 15.85659149289131 0.8142873793840408 0.09912984073162079 1.271892130374908 0.3056240379810333 0 0 1.560422018170357 0 0 0.5341139882802963 1.273517370223999 0 0.4567742645740509 0.294517308473587 0.8405644595623016 0.2538740634918213 0.2068205550312996 0.1517574042081833 0.454010397195816 4.422779984772205 1.915872842073441 2.34647025167942 0 0 24.48775690793991 7.789263293147087 0.5445044189691544 0.2347192913293839 0.2093528509140015 0.7889950275421143 0 0.1972498148679733 0.6873163431882858 0.7412542402744293 40.86939994245768 2.478295043110847 0 0.4323771595954895 0.5000834167003632 39.79538881778717 0 8.603201240301132 3.4180056899786 2.736535452306271 1.186106339097023 0.9403447061777115 2.091828808188438 0.1006387919187546 0.3239824995398521 0 0 0.4143001437187195 0.2590481266379356 1.396048814058304 0.4947808682918549 75.48089936375618 8.451591312885284 3.37336528301239 167.4801752120256 6.998858228325844 113.5935001969337 33.55930564552546 724.8437416926026 40.77047845721245 0 4.899777799844742 7.803937807679176 0.279411718249321 6.562724478542805 2.444673523306847 16.34652635455132 0.6920484751462936 0 0.115886501967907 7.984253458678722 0.448620468378067 944.6858131885529 48.21676632016897
480.1985571086407 6333.918297894299 5065.137027040124 2.610045000910759 983.2348038554192 0.2727698087692261 582.9285346344113 1341.452991776168 443.7446531057358 40.45828905701637 783.6106191650033 57.04408906400204 425.3234785050154 2212.150982312858 2.900557644665241 4.113091833889484 0.1192418783903122 0.5484364628791809 0 1.249216496944427 1.570330396294594 1.726642593741417 0.3631008714437485 1.237167492508888 4.457440659403801 0.3477995693683624 0.697105661034584 0 1.554291725158691 0.62361790984869 780.1477271169424 40.49200877547264 281.2006350010633 0 0.7863877862691879 4.519458055496216 38.8611948043108 9.49851231276989 10.02238208800554 7.388914369046688 8.495843812823296 5.040180422365665 0.7433323860168457 0.7419877946376801 0.125256359577179 0.7857903838157654 17.52435714751482 0.5204761996865273 0.522148497402668 1.380112834274769 4.673007465898991 3.734017804265022 3.23901155591011 1.058303728699684 0.09671036154031754 0 10.03867706656456 16.17176272720098 1.972076155245304 6.284217037260532 1.147824466228485 12.94827389717102 0.2531997859477997 31.35784185677767 0.2656057253479958 0.2877889797091484 1.65277835726738 1.477315135300159 2.152653984725475 6.02466893196106 33.27018435299397 0.5403938889503479 0.2344531267881393 18.86020767688751 14.14519257843494 13.6743201315403 8.076158471405506 5.381546534597874 124.142887853086 407.0301895439625 1.997811868786812 40.33675580471754 0.9301368519663811 0 1.058644406497478 0.8674747347831726 0.2856978625059128 0.150929257273674 0.3015691936016083 1.086651757359505 1.934718936681747 3.792467162013054 10.29448729753494 8.784469909965992 10.35855656862259 3.071202352643013 1.078331142663956 0 8.904132485389709 16.11508659273386 0 0 2.096065044403076 0 0 0 0 1.271682426333427 0.319197028875351 0.5346464514732361 0.1476818472146988 0.1610125303268433 0 1.063360407948494 2.471532486379147 0 0 0 0 0 0 0 0 0 0.2045594230294228 0.2319495603442192 0 0 0 0 0 0 0.1202066540718079 0 0 0 0 0 0.3757632374763489 0.2264202311635017 0 0.7135456502437592 0.09850307554006577 0 0.2741020321846008 0 0 0.3494292497634888 0 0 0.120273157954216 0 0 0 0.1329598277807236 0.4985071867704391 0.1054015308618546 0.627581462264061 0.1090133860707283 0 0 0 0 0 0 0 0.1419632434844971 0.1593988388776779 0 0 0 0 0 0 0 0.3670525252819061 0.1163075864315033 0 0.1097224801778793 0.1720830202102661 0.3866189867258072 0.9614610224962234 0 0.2962827086448669 0 0 0.1026177108287811 0 0.1205857619643211 0 0 0 0 0.1776441782712936 0 0.4012095034122467 0 1.150313928723335 0 0.8443760573863983 42.25200668722391 3.497711986303329 33.54346255213022 8.688881918787956 6.07408818602562 5.128861099481583 0.1245896965265274 1.665664218366146 0.159314826130867 0.1305667459964752 0.2424432188272476 0 0 0 0 0 2.399187594652176 0.5432343482971191 8.052693471312523 0.4261686727404594
102.4670703858137 56.75570350885391 11.42657333612442 230.0646395534277 1.866387367248535 143.0904154628515 183.0301053971052 9.227620959281921 1.357704997062683 1553.096558377147 57.04408906400204 31.74540400505066 606.2892296388745 202.2682439386845 10.37706709653139 9.950927466154099 2.123601697385311 1.696318939328194 0 0.5640497729182243 2.462034747004509 8.427029848098755 0.8311896026134491 0.7526271939277649 4.816414520144463 0.8947640880942345 1.736716866493225 1.047107666730881 2.651033982634544 0 20.57980556041002 1.792980074882507 68.22413493692875 1.36244311183691 1.113420277833939 2.28492671251297 85.95358321070671 8.561308771371841 16.70996859669685 10.86011746525764 7.516701936721802 4.470814570784569 0.14373479783535 1.163129858672619 0.284963496029377 0.1374281197786331 31.28370647877455 1.106115095317364 0.9046630710363388 2.55941878259182 6.567849867045879 18.4098783954978 7.326209932565689 2.579796344041824 0.3173596411943436 0 3.012496553361416 5.410154432058334 0.7384376674890518 9.748290307819843 0.8919234871864319 4.304156363010406 0.507825955748558 25.42339561134577 0.1417507976293564 0.2635658085346222 1.139901623129845 2.254708416759968 2.8959866091609 7.158564552664757 47.64235642552376 11.06990233063698 0.8517159819602966 12.96380984783173 16.50737655907869 27.08850121498108 14.16690613329411 5.754396893084049 2.658546596765518 39.73281919956207 2.427507296204567 7.149449422955513 0.8861833438277245 0.1229632049798965 0.72739227861166 0.914581224322319 1.368783570826054 0.1798977553844452 0.8668869435787201 5.626945398747921 3.264969155192375 10.08174079656601 14.38927194476128 10.79395838081837 22.26296086609364 350.0518168956041 11.47115129977465 0.4909912049770355 11.22812590003014 45.62507548928261 4.426123790442944 20.94527757167816 67.6178801804781 38.79390010237694 11.34182946383953 102.8087799698114 36.01093330979347 117.1684743911028 70.73569956421852 63.66936972737312 14.50186593830585 102.153103530407 63.24862146377563 53.21967829763889 113.7561176866293 0.7374395951628685 0.7019726559519768 0 0 0.8421653211116791 0 0.1279444396495819 0.7572052925825119 0 0 0.6434045806527138 0.1593149453401566 0.09698700159788132 0 0 0.9023766443133354 0.2341777831315994 0.2719304412603378 0 15.48180757462978 3.411940515041351 0.1944831162691116 0 0.2637004852294922 12.20814223587513 0 8.405382476747036 0.3483566716313362 0 1.06956185400486 0.6863078102469444 0.164428323507309 0 0.2328199148178101 0.1438396275043488 0.737206757068634 1.342413142323494 1.234259605407715 0 0.1602681577205658 0.2418316006660461 0.4656901955604553 0.5633099302649498 0 0 0.2790038287639618 0.6298025324940681 1.548697158694267 1.426980070769787 0 0 15.66127486526966 1.266277402639389 0 0 0.1532679349184036 0 0.1875152885913849 0.08070298284292221 0.1189599558711052 0.2890289574861526 22.39738274365664 1.776702970266342 0 0.3617391288280487 1.041177786886692 19.23525403439999 0 0.9974586367607117 0.6606371402740479 0.304881289601326 0.413699209690094 0.1920610070228577 0 0 0 0.1331927180290222 0 0.1676108837127686 0.140561655163765 0.8521429002285004 0.5854398161172867 43.41477763652802 5.37309205532074 2.411652289330959 129.0008742362261 5.498263262212276 62.97360400855541 34.15910069644451 120.8139006197453 10.77108488976955 0 7.986867837607861 2.470571473240852 0.4058847054839134 3.519226163625717 0.4484285861253738 16.34785279631615 2.49267890304327 0 0.2660257592797279 9.120351329445839 0 559.2771755158901 50.56853890419006
93.66506407409906 1040.879359029233 146.2907390743494 543.8239181488752 459.3261321634054 89.06219410896301 3922.365609310567 98.24505771696568 262.5661530792713 7211.180221118033 425.3234785050154 606.2892296388745 4112.05062700063 4960.916201330721 38.2659260481596 29.9837790876627 4.889843121170998 2.810704715549946 0.1066618338227272 2.007248945534229 9.459151148796082 14.69609976559877 3.164520896971226 1.816687017679214 11.65501995384693 0.8516698777675629 1.881117388606071 3.609473802149296 6.021641433238983 0.4938693717122078 87.52060929685831 8.474963620305061 1176.230188988149 1.448028199374676 3.632609844207764 11.1732389330864 392.6605596914887 35.02138118445873 60.94405397772789 25.367053642869 21.08543212711811 7.968447595834732 1.318563617765903 1.387215882539749 0.581245593726635 0.4321636110544205 128.1625274121761 5.469960905611515 3.18904285132885 6.854196205735207 20.84430286288261 26.08319400250912 11.91216757148504 3.409893333911896 1.727853901684284 0.5637022480368614 11.05434636771679 22.90340722352266 5.082031838595867 49.85282634943724 3.262396231293678 15.10293417423964 0.8358925580978394 120.5562532693148 0.9262558817863464 2.711936071515083 5.251502990722656 8.730055078864098 11.59305127710104 27.30726107209921 130.2251255884767 7.586343184113503 1.236507274210453 68.08803243935108 82.0363794863224 107.0662206038833 58.5120884552598 18.13649391382933 8.390759721398354 145.6929571479559 6.531761273741722 27.14773011207581 7.061582654714584 0 1.640128612518311 5.3151700720191 3.81478975713253 2.016144543886185 4.358705379068851 8.790148623287678 9.356543973088264 19.83531076461077 38.84735330194235 38.90164669603109 48.36695969104767 525.1206977814436 5.676330365240574 0.6218185424804688 40.58891004323959 39.50406566262245 5.147296488285065 33.26973091065884 40.86234918236732 14.369170576334 24.54506051540375 147.5433333367109 56.61746348440647 187.5786490514874 106.4091884717345 111.5229502022266 20.63320703804493 194.2981135174632 112.9478096216917 77.84466172754765 240.3183428570628 0.9356613755226135 0.9531479552388191 0 0 0.6841509789228439 0 0.2250263541936874 0.718636229634285 0 0.1093010157346725 2.031734935939312 0 0.3830403611063957 0 0 0.5287711322307587 0 0.8469889760017395 0 29.34209071099758 3.645223870873451 0 1.825620085000992 1.332079023122787 30.38510411977768 0.5899890959262848 16.33287630975246 1.53009308129549 0.3046298921108246 1.895673386752605 0.766792044043541 0.1537340432405472 0 0.1396922469139099 0 1.97899155318737 1.22051864117384 1.052486434578896 0 0.5451938211917877 0.7821526378393173 0.129025787115097 2.167622074484825 0 0.2815527617931366 0.3067332059144974 2.891371965408325 1.513920053839684 0.7852571830153465 0.2527830600738525 0.3425845205783844 31.48434805124998 0.6948424130678177 0.1233083680272102 0.3125132173299789 0.2100920230150223 0 0 0.1032520905137062 1.060202777385712 1.490938767790794 58.23610346019268 2.529627986252308 0.576691135764122 0.5725772976875305 0.8164989352226257 44.46028183400631 0 12.6972923874855 0.8004900813102722 3.878347270190716 3.260516151785851 1.500771373510361 3.08670437335968 0 0 0 0 0.6287274435162544 0.2315993905067444 0.9655380249023438 0.4186469465494156 101.168142542243 11.92912492156029 7.286392875015736 442.6052849665284 18.35276112705469 285.4933277592063 99.70436500757933 113.3049545139074 27.76952970772982 0.8211627826094627 17.17255033552647 8.231478124856949 0.4411208927631378 10.3780140504241 2.603145256638527 18.66511772572994 3.258658677339554 0 0.4313513338565826 35.0274967327714 5.417839348316193 617.9535450413823 100.9801413714886
