210.7353581860662 2374.976147443056 585.3238505125046 1103.242997415364 32.53141781687737 149.1990329101682 370.4065992385149 45.20714061707258 16.00666039437056 2638.999290280044 12.5697523728013 386.8784581497312 121.1385314539075 377.7945178747177 4.69632089138031 0.3433952778577805 0.7276437431573868 0.1019919961690903 0.1089490130543709 0 0.3510233089327812 0 0 0.09901160001754761 0.4795621857047081 0.2572571858763695 0.2290420532226562 0 0 0.1078659221529961 1980.188895992935 4.940935045480728 43.14450404047966 0.0919855609536171 0.6970469430088997 0.4676832407712936 15.60347253084183 0.4985905066132545 2.189402155578136 0.5252045691013336 0.4255310893058777 0.2372544407844543 0 0 0.091071717441082 0.09381195902824402 9.149917162954807 0.4563019052147865 0 0 0.2441864386200905 0 0.1648526191711426 0 0.2950301840901375 1.269286528229713 96.4488011226058 1229.198644421995 12.60949137061834 17.13284127414227 0.2862941771745682 1.360862515866756 0 8.384187199175358 0.1935985237360001 0 0.1885838881134987 0.1003720834851265 0.754667654633522 0.6493215933442116 78.39199337363243 4.877205431461334 0 237.5817975178361 22.25814863294363 59.44277685880661 3.85732951015234 0.8764308243989944 0.5372833162546158 16.69433138519526 0.1251893043518066 3.305545128881931 2.309527404606342 0.3148760721087456 0 0.4744610860943794 0 0.1070806160569191 0.08614467084407806 0 0 0 0.6453783139586449 0.1500041633844376 0 107.0270257368684 20.47924803942442 1.153052344918251 11.89397214353085 729.8025477007031 0 0 0 1.459671020507812 0.4785068035125732 0.3354230225086212 2.665515929460526 0 2.880892768502235 4.763636544346809 0 0 1.573853567242622 0.1508877277374268 1.401291310787201 0 0 0 0 0 0 0 0 0 0 0 0 0.1516757905483246 0 0 0 0 0 0.1879629045724869 0 0 0 0 0 0.1965309828519821 0 0.3165801763534546 0.2294492274522781 0.6577308773994446 0 0 0.4663702845573425 0 0 0.8643646687269211 0 0 0 0 0 0 0 0 0 0 0 0 0 0 0.6527610421180725 0 0 0 0 0 0 0 0 0 0 0 0.8330431282520294 0 0 0 0 0 0 0 0 0 0 0 0 0 0 0 0 0 0 0 0 2.244667828083038 0.4249514639377594 0.2643704935908318 167.0055186375976 3.706876903772354 59.21807476133108 25.74441187828779 237.7534666135907 3.235587663948536 0 1.171182215213776 12.31161631643772 0 0 0 5.960674822330475 0 0 0 0.8664944916963577 0 93.44771561771631 3.483459413051605
2374.976147443056 1514.936738684773 563.5389170348644 2666.083446025848 1579.09723521769 273.7352927029133 3435.451652720571 356.5541645213962 603.5714350417256 1712.19763571769 377.9024723246694 709.5539752170444 1542.284039869905 3550.6318673715 13.67341593652964 4.163297452032566 0 0 0.1411979049444199 0 0.2161210551857948 0 0.2195770815014839 0.1931812688708305 2.118596896529198 1.363899871706963 0.7681422457098961 0.4389870837330818 0.09711113572120667 0.1021439954638481 1853.365576408803 19.78556305915117 116.9008390307426 0.07616705447435379 1.903690293431282 1.35624673217535 46.67830482125282 0.8195420727133751 2.322960175573826 0.9879964590072632 2.028292313218117 1.054742112755775 0.3177955448627472 0.8360667526721954 0.09613064676523209 0.4988688230514526 79.5784510076046 0.7377237007021904 0.1420270353555679 0.4351874142885208 0.2648712694644928 0 0 0 1.92001435905695 2.848615519702435 71.29467755556107 711.5617422387004 13.09175032377243 41.65907866507769 0.4869377687573433 1.72440543025732 0.1717371791601181 106.1569115966558 2.244464568793774 0.6110055893659592 0.9952130764722824 0.09395604580640793 1.958378165960312 0.5085828974843025 193.6152655035257 1.632272332906723 0 378.0855234786868 126.9585697799921 228.4745326563716 33.31672298163176 7.622362919151783 1.985862791538239 45.46894858777523 0.7876119613647461 6.905528083443642 8.999660536646843 1.315897934138775 1.542503722012043 1.077592223882675 0.8143862336874008 0.4236331880092621 0.3479991555213928 0 0 0.1026094853878021 2.333826273679733 0.3474399223923683 0 98.49844525754452 15.33196033537388 0.4889174997806549 23.22968403249979 558.7074039578438 0 0 0.8637330830097198 1.844132363796234 1.025845259428024 0.925034761428833 0.9328963160514832 0.5249613523483276 7.585267931222916 4.972683921456337 0 0.8239415884017944 8.468089804053307 1.024761870503426 9.396647125482559 0 0 0 0 0 0 0 0 0 0 0 0 0 0 0 0 0 0 0 0 0 0 0 0 0.7723357826471329 0 4.688982248306274 0.3814702332019806 0 0 0 0 0 0 0 0 0 0 0 0 0.1833691447973251 0 0 0 0 0 0 0 0 0.8536614775657654 0 6.384464047849178 0 0 0 0 0 0 0 0 0 4.982824340462685 0.7207043170928955 0 0 0 0.3177480697631836 0 1.003900140523911 0 0 0 0 0 0 0 0 0 0 0 0 0 5.828730292618275 1.228977054357529 1.138668514788151 271.7801188975573 7.806197136640549 168.9887181147933 46.92025647312403 198.924633719027 3.009660355746746 0 7.769305996596813 18.38098523765802 0 0 0 7.979828357696533 0 0 0 11.74403169751167 0 61.01250157505274 8.052868865430355
585.3238505125046 563.5389170348644 459.9021765515208 113.6766990944743 1045.442504137754 57.73210346698761 195.3651478514075 1448.183695487678 232.7628129869699 56.37237363308668 482.1288804337382 152.6045201644301 297.3917169496417 4065.985557198524 3.651798740029335 2.392728626728058 0.217246450483799 0.3168965280056 0.09675406664609909 0.2793425768613815 2.432823106646538 0 1.787286333739758 2.810450375080109 10.02766990661621 2.624740421772003 2.620145507156849 1.45331734418869 0.3937502726912498 0.4161700755357742 2837.052701026201 883.144980289042 371.4905436113477 0.07585248351097107 6.288065180182457 4.990923658013344 41.05975472182035 3.817520514130592 3.438124500215054 3.283142276108265 10.69799668341875 4.835526935756207 1.251508660614491 0.451473169028759 0.1164271682500839 0 16.37949842214584 0.2392740473151207 0 0.103565439581871 0.3799461424350739 0 0 0 0.2116957455873489 0.7004879638552666 30.93416451662779 498.6070600226521 3.50142677873373 7.71223895996809 3.140017054975033 5.322193995118141 0.5269452109932899 94.2725632712245 0.1194864958524704 0.2962232604622841 0.3941059783101082 2.662549652159214 11.09094771742821 5.33730947971344 139.7177216038108 0.2618119418621063 0 125.6416919007897 51.2736299932003 45.82692240923643 15.34840819984674 5.631963759660721 62.84553200751543 721.3936405777931 2.46586961299181 77.0129214450717 1.505874186754227 0 0.2223721221089363 0.1144553422927856 0.3250276744365692 0 0.08250517398118973 0 0 0 12.20567474514246 2.080190815031528 0 26.90813930332661 14.53984162956476 0.141978994011879 29.13112297654152 109.1722253188491 0 0 0.3257845938205719 0 0 0.1606353372335434 0 0.2400030568242073 0.8620045781135559 0.9918691962957382 0.2011448293924332 0 1.829300090670586 0 2.654546968638897 0 0 0 0 0 0 0 0 0 0 0 0 0 0 0 0 0 0 0 0 0.1427992135286331 0 0 0 0.3885001391172409 0.7874571084976196 3.118629895150661 0.2135390043258667 0 0 0 0 0 0 0 0 0 0 0 0 0 0 0 0 0 0 0 0 0 0.104192703962326 0 2.95696958899498 0 0 0 0 0 0 0 0 0 2.387659549713135 0.1004581153392792 0 0 0 0 0 0.1641438901424408 0 0 0 0 0 0 0 0 0 0 0 0 0 1.869038283824921 0.3702499270439148 1.540135070681572 63.50581098347902 0.9563792794942856 40.14624749869108 11.47637058794498 56.69095302373171 0.678549200296402 0 2.03207241743803 3.821536287665367 0 0.3995213210582733 0 1.206742614507675 0 0 0 1.101606741547585 0 8.828011535108089 0.7273111641407013
1103.242997415364 2666.083446025848 113.6766990944743 712.9946605116129 53.70760084688663 29.11525048315525 1032.532484650612 39.46424156427383 19.26462393254042 1492.494845867157 130.1356709823012 356.9640753865242 325.2159017995 120.4980345070362 1.502837471663952 0.8807229846715927 0 0 0 0 0 0 0 0 0 0.3571382164955139 0 0 0 0 112.5100770518184 0.6246513724327087 2.066805735230446 0 0 0 0.41374471783638 0.08663581311702728 0.113553985953331 0 0 0 0 0.135868027806282 0 0 9.353175066411495 0.2740571349859238 0 0 0 0.1737833172082901 0 0 0.2735863029956818 0.6143846809864044 13.04658200591803 132.0640922114253 2.273883856832981 7.856411963701248 0.1971388757228851 0.2511787712574005 0 15.26243606954813 0.1775316223502159 0.204250693321228 0 0 0.1077318787574768 0 6.207930400967598 0.2095780372619629 0 84.10867292433977 21.64356182515621 37.12904018908739 3.506009243428707 0.2199221104383469 0 0.3534613475203514 0.08522576838731766 0.1417683213949203 0.7805368006229401 0.1012393087148666 0.1928189769387245 0.2057095170021057 0.2199539020657539 0 0.3371768295764923 0 0 0 0 0 0 25.54294088482857 1.21533428132534 0.4118887782096863 3.324907854199409 104.2899645268917 0.2990990281105042 1.721729397773743 14.62258493900299 5.200806975364685 0 3.19004425406456 1.048917025327682 0.8315296173095703 1.903514117002487 9.659200876951218 0 1.098403811454773 0.5113025158643723 0 0.1735033690929413 0 0 0 0 0 0 0 0 0 0 0 0 0 0 0 0 0 0 0 0.4857561588287354 0 0 0 0 0 0 1.036974489688873 0 0 0 0 0 0 0 0 0 0 0 0 0 0 0 0 0 0 0 0.3851441293954849 0.8461194485425949 0 0 0 0.8045063614845276 1.699689507484436 0.1575282514095306 0 0 0 0 0 0 0 1.002281665802002 0 0 0 0 0 0.4629590511322021 0 0.1338101029396057 0.1432126313447952 0.7278489172458649 0 0 0 0 0 0 0 0 0 0 0.536777138710022 0.7273792624473572 0 53.72680126130581 0.5117170736193657 30.15226133912802 8.242799818515778 164.5450920015574 0.772781178355217 0 0.4438012838363647 2.632167518138885 0 0.285017728805542 0 1.2441286444664 0 0 0 2.157254502177238 0 36.91667846590281 0.5150230526924133
32.53141781687737 1579.09723521769 1045.442504137754 53.70760084688663 1468.575071126223 1.267528660595417 2596.618263311684 567.321442425251 2613.658963084221 56.08440176397562 278.3477146476507 23.30343837291002 1292.162898115814 3147.610858082771 2.753207542002201 0.4762313812971115 0 0 0.1826359927654266 0.1154755204916 0 0 0 0.1335739940404892 0.08622808009386063 0 0 0.2531403377652168 0 0 80.78723302483559 3.664243772625923 1.841203115880489 0 0 0 0.7972403094172478 0.0862332358956337 0 0.1692785993218422 0.1131836995482445 0 0 0.483715794980526 0.1162950918078423 0.08407443761825562 29.60051596909761 0.6887436807155609 0 0 0 0 0 0 0.6490616872906685 0.8663796111941338 5.894328780472279 35.3312169238925 1.657942593097687 7.757471106946468 0.08629325032234192 0.6675115153193474 0 31.5267099738121 0.5299008712172508 0.105769656598568 0.1942864954471588 0 0.1174439638853073 0 9.949624858796597 0 0 38.54026391357183 23.9419382661581 38.3964077308774 12.83324353396893 3.143925070762634 0.2265762314200401 3.826003074645996 0.1267377734184265 0.4656113162636757 1.448510102927685 0 0.1829099506139755 0.2399212792515755 0 0 0.09435825049877167 0 0 0 0.2557200789451599 0.1124315708875656 0 14.5586861371994 2.748797476291656 0.1703311949968338 2.492652952671051 2.799422286450863 0 0 0 0 0.2365533858537674 0 0.8449385464191437 0 4.358005836606026 1.284433498978615 0 0.2582472264766693 1.348875820636749 0 1.128009736537933 0 0 0 0 0 0 0 0 0 0 0 0 0 0 0 0 0 0 0 0 0 0 0 0 0.7332945168018341 0 1.584640048444271 0.5554954409599304 0 0 0 0 0 0 0 0 0 0 0 0 0 0.1979187726974487 0 0 0 0 0 0 0 0 0.7030351161956787 2.28138567507267 0.08470703661441803 0 0 0 0 0 0 0 0 3.259336590766907 0 0 0 0 0.7686886191368103 0 0 0 0 0 0 0 0 0 0 0 0 0 0 0 2.002956539392471 0 0.5887580662965775 62.85047300904989 0.6595661789178848 42.45794930309057 13.74309860914946 14.17181283980608 0 0 1.043575078248978 4.444998770952225 0 0 0 3.335550710558891 0 0 0 2.333368748426437 0 9.23693460226059 2.939485505223274
149.1990329101682 273.7352927029133 57.73210346698761 29.11525048315525 1.267528660595417 1.712867319583893 16.03378810733557 6.420311972498894 2.272756516933441 180.1248749941587 0.7108885645866394 63.17511737346649 21.15422636270523 35.80494979768991 0 0.1117884814739227 0 0 0 0 0 0.7428779602050781 0 0 0 0 0.1090028882026672 0 0 0 156.9881324321032 0.6143413558602333 10.96290536224842 0 0 0.2222837656736374 11.52289048582315 1.550765052437782 9.623697318136692 0.1544118523597717 0.1184579133987427 0 0 0 0 0 1.96617615967989 0.1381123661994934 0 0 0 3.370029479265213 1.021835118532181 0 0 0.3078835904598236 185.0909595862031 105.9706852138042 2.565993085503578 1.683983087539673 0.3237965404987335 21.95034413784742 0 2.808072380721569 0.2590111196041107 0.5232405066490173 0.2247708663344383 0 0.1589837670326233 0 88.42163386195898 68.50283606350422 3.468601897358894 17.4247152581811 1.93754281103611 5.755710892379284 0.4406923651695251 0.4391638487577438 0.1258941441774368 3.717632606625557 0 17.81305222958326 0.6420383900403976 0.482671707868576 0 1.602268047630787 0 1.369024269282818 1.13826921582222 4.785450249910355 0.8633132725954056 1.930307477712631 0.3649581372737885 0.3102521896362305 0.3215838074684143 175.6714569926262 224.318727850914 34.47941747307777 52.01902915537357 873.8451718240976 0 0 0 0 0 0 0 0 0 0.3913161307573318 0 0 1.48694172501564 0 1.630142033100128 0 0 0 0 0 0 0 0 0 0 0 0 0 0 0 0 0 0.1308187395334244 0 0 0 0 0 0 0.3406712114810944 0.2689282447099686 3.360534258186817 0.2758744955062866 0.1254205107688904 0 0 0 0 0 0.9162569344043732 0 0 0 0 0 0 0.3974358737468719 0 0 0 0 0 0 0 0.4307325184345245 0 1.276058912277222 0 0 0 0 0 0 0 0 0 1.16626650094986 0.5811426937580109 0 0 0 0.211940810084343 0 0 0 0 0 0 0 0 0 0 0 0 0 0 0 0.8644155859947205 0 1.364276736974716 7.962930470705032 0.1807612329721451 5.49959746748209 4.247246950864792 167.5168752223253 1.4486093968153 0 0 3.360426664352417 0 0 0 0.7977163046598434 0 0 0 0 0 157.1526229530573 2.207192838191986
370.4065992385149 3435.451652720571 195.3651478514075 1032.532484650612 2596.618263311684 16.03378810733557 772.2324280515313 196.8974496722221 821.1265263333917 1711.140352800488 262.2245079874992 252.4546053931117 4607.046926997602 2557.686761640012 26.9485846310854 8.689380533993244 0.9589128270745277 0.2904905527830124 0 0.3252022340893745 0.1048009768128395 0 0.2160487174987793 0.4663867503404617 0.6998387947678566 0.217109851539135 0.2515909895300865 0.5564504191279411 0.4911194890737534 0.3433344885706902 371.7647711783648 31.18852650374174 17.3207338899374 0 0.4290270954370499 0.2008137479424477 11.9404491186142 0.50848039239645 1.043125413358212 0.4326403513550758 1.017933927476406 0.4035220742225647 0.6821221858263016 3.428620874881744 0.09413932263851166 0.382699690759182 175.7090232819319 1.685472972691059 0.7965882495045662 0 0 0.1246446371078491 0 0.1191818788647652 2.340582102537155 3.717615082859993 42.03191804140806 224.5779274329543 9.557124949991703 58.92384744435549 0.4738239943981171 0.227952815592289 0 164.2292976155877 2.424212232232094 1.765521854162216 0.9446934312582016 0.8641059771180153 1.077890634536743 0.5097214058041573 70.25241204351187 2.014716565608978 0 271.1838261187077 155.0596659630537 272.4076415374875 68.91151551902294 21.80960100144148 3.350770652294159 18.11869172006845 1.50017473846674 6.844901330769062 9.426014237105846 1.922325402498245 1.110410138964653 2.185746155679226 0.5141307264566422 0.3541062697768211 0.1623309478163719 0.1230752021074295 0 0 0.9938841536641121 0.1111421659588814 0 141.9875519871712 16.66415464878082 0 20.93231730908155 18.14265383780003 1.715213820338249 5.838844075798988 70.647136464715 12.04806226491928 0.4544426500797272 4.810194067656994 7.35400415956974 5.246096573770046 31.52590420097113 35.33340717107058 0.892611175775528 4.532129883766174 21.40996100753546 2.113856270909309 27.581577681005 0 0 0 0 0 0 0 0 0 0 0 0 0 0 0 0 0 0 0 2.665744699537754 0.161853164434433 0 0 0 3.938867837190628 0.5718949884176254 15.95696644484997 0.149943932890892 0 0 0 0 0 0.2209301143884659 0 0 0.1196184083819389 0.2665649354457855 0 0 0 1.218226030468941 0 0.08737525343894958 0.1184238642454147 0.09215424209833145 0.9285138249397278 0.7096028923988342 0 0 0 19.75097798556089 0.4682123363018036 0 0 0 0 0 0 0 0 24.13651858270168 0 0 0 0 3.983750090003014 0.2739492952823639 0.3926554620265961 1.003640316426754 0.4723663479089737 0.5804364606738091 0.9346624687314034 0.2062197625637054 0 0 0 0 0.1182128638029099 0 0 0 20.26465826481581 1.68868063390255 5.870229721069336 473.5411255583167 10.94458544254303 267.108430609107 75.83398630470037 85.29296020418406 5.482481740415096 0.1482958644628525 7.663999743759632 35.19538116455078 0.2512587010860443 1.153722353279591 0.5972726941108704 31.85832708328962 0.1548384130001068 0 0 8.499259412288666 0.6998333185911179 101.1475187391043 34.33144993335009
45.20714061707258 356.5541645213962 1448.183695487678 39.46424156427383 567.321442425251 6.420311972498894 196.8974496722221 789.6182156056166 187.8434418290854 62.94333338737488 1126.337968081236 786.561990685761 1236.333265073597 3374.275195389986 5.039982236921787 2.264496318995953 0.08647285401821136 1.979304201900959 0 0.466594509780407 5.880650475621223 0.122250072658062 5.784102216362953 6.224941566586494 25.32297992706299 6.302723057568073 7.664891645312309 2.84888606518507 1.020905658602715 0.4996139034628868 1321.353593409061 1910.297772087157 1078.54039966315 0.7873251214623451 24.50171028077602 14.66313271224499 157.2361254692078 8.808277875185013 11.53869611024857 10.47256061434746 22.46120738238096 9.716544590890408 4.770481310784817 4.630459792912006 0.1029963418841362 1.574834056198597 17.39612510800362 0.4094268977642059 0.2389185428619385 2.210171312093735 1.637425690889359 0 0.5508967414498329 0.37972342222929 0.4980268403887749 0.5498797744512558 10.37787662446499 119.2956345677376 1.49560584872961 5.081802226603031 7.084325894713402 71.89118827879429 1.014192298054695 274.9335094690323 0.3863565400242805 0.2363595217466354 0 5.887571170926094 20.74023097008467 11.6850264146924 377.3009074926376 0.9533397033810616 0 45.4912384301424 47.99309109151363 32.07115958631039 64.81684438884258 46.34301870316267 764.2879261150956 2063.347317926586 9.901826255023479 673.6585332006216 0.6495806127786636 0.09496428817510605 0.1860159188508987 0.2001814022660255 0.1288612186908722 0.1131835579872131 0.1365152299404144 0 0.7238929271697998 0 27.75134349614382 5.120989285409451 0.7367007434368134 35.1044705286622 28.83319666236639 0 65.51914640516043 21.99311638623476 0 0.3503746688365936 0.1801752001047134 0 0 0.09493107348680496 0 0 1.563276022672653 0.4087734967470169 0.2250170558691025 0.5585676208138466 2.836959391832352 0 2.608256757259369 0 0 0 0 0 0 0 0 0 0 0.3067194819450378 0 0 0 0 0 0 0 0.1543994545936584 0 0 0 0 0.1226202473044395 1.113836340606213 0 3.586166247725487 0 0.3034991398453712 0 0 0 0 0 0.2019765675067902 0 0 0 0 0 0 0.1675883159041405 0 0 0 0 0 0 0 0.2995140999555588 0 4.162350729107857 0 0 0 0 0 0 0 0 0 2.305704198777676 0 0 0 0 0.2198376208543777 0 0.1341283619403839 0 0 0.4941191971302032 0 0 0 0 0 0 0.1610207408666611 0 0 0 1.830934852361679 0.8787075132131577 3.404127657413483 49.53932905197144 1.282721795141697 30.97834687680006 8.329270251095295 12.69066277146339 0 0 0.5227978453040123 1.941999167203903 0 0 0 2.22532245516777 0 0 0 0.3781546056270599 0.8404964804649353 8.236939251422882 2.710549212992191
16.00666039437056 603.5714350417256 232.7628129869699 19.26462393254042 2613.658963084221 2.272756516933441 821.1265263333917 187.8434418290854 283.2483857646585 14.69211017340422 257.2456703111529 37.80139864981174 1139.436593368649 2069.3082575351 3.511969521641731 0.7736952230334282 0 0 0 0 0 0 0 0 0.07866621017456055 0.142811194062233 0.08009213954210281 0 0 0 76.35693369805813 9.125161848962307 12.87840151041746 0 0 0 0.5723154544830322 0 0.1154336482286453 0.08468309044837952 0 0.08518087863922119 0 0.4396720081567764 0 0.0923461988568306 18.68576887995005 0.5089135020971298 0 0 0 0 0 0 0.4132340997457504 0.2745608389377594 2.819063074886799 22.25584679096937 0.726001501083374 4.643759645521641 0 0 0 20.61440601944923 0.2700550258159637 0.1877464056015015 0.2110079005360603 0 0.1223092973232269 0 12.10060591995716 0 0 24.1746189519763 18.0505458638072 25.72896087169647 9.295935980975628 4.12475424259901 0.9045207872986794 13.3912231400609 0.3786111921072006 0.942302905023098 0.5470754206180573 0.1090831160545349 0.09915547072887421 0.3246936425566673 0 0 0 0 0 0 0.1770025566220284 0 0 6.852545060217381 0.09672477096319199 0 2.465557187795639 3.777322940528393 0 0 0 0 0.463053360581398 0.2856734097003937 0.8460114151239395 0 1.139167286455631 0.4021264463663101 0.2485960274934769 0 0.7171536535024643 0 0.2146513313055038 0 0 0 0 0 0 0 0 0 0 0 0 0 0 0 0 0 0 0 0 0.1802972555160522 0 0 0 0.3973715007305145 0 0.7789600715041161 0 0 0 0 0 0 0 0 0 0 0 0 0 0 0 0 0 0 0 0 0 0 0 0 0.4904274940490723 0 0 0 0 0 0 0 0 0 0.301715686917305 0 0 0 0 0 0 0 0 0 0 0 0 0 0 0 0 0 0 0 0 0.9798207730054855 0 0 37.15420985966921 0.9623780399560928 27.41949331015348 6.00427770614624 9.437627419829369 0 0 0.3455668464303017 4.512079820036888 0 0 0 1.469691514968872 0 0 0 1.216170430183411 0 4.160113304853439 1.13704614341259
2638.999290280044 1712.19763571769 56.37237363308668 1492.494845867157 56.08440176397562 180.1248749941587 1711.140352800488 62.94333338737488 14.69211017340422 1966.23901116848 152.1061918735504 1941.630065731704 4844.211311273277 1068.506527215242 9.481292679905891 2.232627280056477 0 0.1027811318635941 0.1080576851963997 0.1858088672161102 0.4807814061641693 0 0.1683667898178101 0.4502833485603333 2.001012735068798 0.5559180974960327 0.7507158517837524 0 0.1434853971004486 0 298.6479831263423 9.223553568124771 50.7269067466259 0.2265338450670242 1.858729176223278 1.311306685209274 58.99777375161648 1.235549837350845 3.788577444851398 0.9123075157403946 1.785398691892624 0.6817144304513931 0.5150696188211441 0.7687651664018631 0 0.222173698246479 71.01754084974527 1.360155738890171 0.1782228946685791 0.1365768611431122 0.3059393242001534 0.8332213759422302 0.1766861528158188 0 1.208090953528881 3.37357285618782 51.37367574870586 380.5216514095664 10.24895197153091 32.12199562042952 0.127317801117897 8.014255248010159 0 58.36445496976376 1.07933846861124 1.113318763673306 0.74372548609972 0.6363589093089104 1.480236805975437 0.3086693733930588 514.8145031481981 22.41629710793495 0.6667188704013824 280.7047612369061 77.73475816845894 160.6990598887205 20.89758852869272 4.415331490337849 1.131307125091553 14.61155471950769 0.3842951729893684 14.5215912759304 4.735305607318878 0.8299932703375816 0.8775712847709656 2.377193920314312 0.09367897361516953 0.2054710537195206 0.1948770135641098 0 0 0.5589346885681152 2.324346385896206 0.2577936798334122 0.1556284874677658 1300.670942924917 261.5282749682665 5.614824309945107 95.52376098930836 855.1815671846271 3.107478238642216 10.6242673099041 83.36379012465477 34.06303173303604 3.702434480190277 367.6783569306135 18.02065527439117 48.39512006938457 178.4673229753971 85.45380824059248 4.267481431365013 30.6451356112957 85.23875244706869 9.668415881693363 67.66914992034435 0 0.2157081216573715 0 0 0 0 0 0 0 0 0 0 0 0 0 0 0 0 0 2.587889432907104 3.052752435207367 0.2635511457920074 0 0 8.746147349476814 2.549351036548615 31.43268991261721 1.685589216649532 1.698738232254982 0 0 0 0 0 0.2575311362743378 0 0 0.444143682718277 0 0 0 1.273009717464447 0 0 0.2695435285568237 0 1.216487422585487 2.927571102976799 0.3487327471375465 0.2473359256982803 0 43.28473088145256 0.2502255812287331 0 0 0 0 0 0 0 0 55.78086060285568 0 0 0 0 4.630694463849068 0 0.1809094995260239 0.4723238721489906 1.189251892268658 0 0.4211432337760925 0 0 0 0 0 0 0 0 0 54.4565090239048 6.672106385231018 9.878445960581303 640.717829965055 5.069651491940022 170.8489120900631 48.05682294815779 1052.477498441935 3.558868512511253 0 4.59172298759222 150.1654254347086 0 2.871990211308002 0.6368222236633301 91.66765882074833 0.1806946992874146 0 0 6.758846297860146 0.5279287099838257 829.6729811280966 127.8127251267433
12.5697523728013 377.9024723246694 482.1288804337382 130.1356709823012 278.3477146476507 0.7108885645866394 262.2245079874992 1126.337968081236 257.2456703111529 152.1061918735504 578.2875531613827 587.9151696488261 2024.727386958897 5050.345398165286 1.182023093104362 0.3507578670978546 0 0 0 0 0.2160045281052589 0 0 0.3749311864376068 1.485940150916576 0.3323065564036369 0 0 0 0 116.6807274147868 19.63717473298311 161.4209406673908 0 0.329194039106369 0.60089972615242 69.03235421329737 0.1162940189242363 0.203145258128643 0.3603885918855667 0.3821137621998787 0.2611415833234787 0 0.2410191297531128 0 0 8.009688600897789 0 0 0 0.1988379210233688 0 0 0 0.297299362719059 0.1452546566724777 1.055858910083771 10.30422611534595 0.1319493800401688 1.718501836061478 0.3513302505016327 0.2663147151470184 0 13.42713416367769 0.2014055103063583 0 0 0.3635380193591118 0.775057315826416 0.4142886698246002 168.2216129079461 0 0 6.859396636486053 6.756159216165543 8.895594738423824 5.256534732878208 4.890208832919598 8.206071443855762 217.9624192491174 0 4.383925884962082 0.2236270979046822 0.08618004620075226 0.09915655851364136 0 0 0 0 0 0 0 0.5637904182076454 0.2691365778446198 0 5.13377108424902 2.207414224743843 0 7.9784876704216 2.158812291920185 0 0 0 0 0 0 0 0 1.084080085158348 0.3987501263618469 0 0 0.6193682253360748 0 0.4682220742106438 0 0 0 0 0 0 0 0 0 0 0 0 0 0 0 0 0 0 0 0 0 0 0.3192080557346344 0 0 0 0 0 0 0 0 0 0 0 0 0 0 0 0 0 0 0 0 0 0 0 0 0 0 0 0 0.8242577910423279 0 0 0 0 0 0 0 0 0 0.1471521407365799 0 0 0 0 0 0 0 0 0 0 0 0 0 0 0 0 0 0 0 0 0.9749338552355766 0.1537466794252396 0.4090334475040436 10.86613528430462 0.2086097598075867 10.40583731979132 1.790752865374088 3.407819390296936 0 0 0.6900622546672821 2.590234249830246 0 0 0 0.9359459578990936 0 0 0 0.173992395401001 0 4.512761645019054 1.844157963991165
386.8784581497312 709.5539752170444 152.6045201644301 356.9640753865242 23.30343837291002 63.17511737346649 252.4546053931117 786.561990685761 37.80139864981174 1941.630065731704 587.9151696488261 124.682315595448 1192.28808324784 407.4089087545872 16.46287919580936 7.324565961956978 0.5993398278951645 0.2105621099472046 0 0.1390703469514847 0.9326597899198532 0.1815451234579086 1.664457246661186 2.401646345853806 10.80152571946383 3.573404565453529 2.070763282477856 0.6441636756062508 0.5835771188139915 0.9905672743916512 152.2323559299111 26.85044098645449 62.69957030564547 0.08645520359277725 10.15067504346371 3.432457096874714 116.9903471395373 1.804025940597057 5.455350078642368 4.768201544880867 10.61261828243732 7.161151014268398 2.750964663922787 1.7711546048522 0 0.1697411313652992 64.23604133725166 0.4986118152737617 0.5299853011965752 1.748144418001175 2.493745416402817 0.5204953998327255 0.2204097509384155 0.116676352918148 0.2832593768835068 0.8696772232651711 7.784814074635506 59.19429402798414 2.374940045177937 11.54437790066004 0.6985263153910637 3.507458627223969 0.2993309497833252 43.26082824170589 0.2065150514245033 0.5806597694754601 0.249666802585125 2.860672399401665 19.72529789805412 3.714431531727314 560.566814750433 9.439052730798721 0.1909406185150146 55.65361553430557 31.44907841086388 70.37824659794569 36.02557861804962 18.35774823278189 6.089518092572689 85.10186100751162 1.101963602006435 16.69615343958139 2.785840302705765 0.1056566312909126 0.2437665909528732 0.3185088112950325 0.3807975873351097 0.2480292990803719 0.6302893757820129 0.1728494614362717 0.3879184573888779 0 12.92046615481377 2.879567205905914 0 1116.503419645131 205.014807574451 1.809481650590897 145.7266482636333 46.43274319171906 0 4.162088811397552 5.606552988290787 3.440801903605461 4.718234956264496 12.41675181686878 13.19483248889446 3.710638709366322 89.19594968110323 76.43367113173008 4.661889404058456 15.23902858048677 100.2708714604378 11.32056264579296 139.3772859945893 0 0.5184756815433502 0 0 0 0 0 0.746906965970993 0 0 0.2935000658035278 0 0.1365930438041687 0 0 0.2766245007514954 0.5386465787887573 0 0.09746184945106506 0.3244389146566391 2.22306777536869 0 0 0 19.96571408212185 1.993849791586399 64.24664660543203 2.645696058869362 1.385108217597008 0 0.3666794300079346 0 0 0 0.4335878193378448 0 0 0 0 0.1880260705947876 0.322352796792984 1.652181252837181 0.1538665592670441 0 0 0 0.3971424698829651 0.3209282159805298 0 2.511616438627243 1.173980116844177 88.77381206303835 0.1467426866292953 0 0 0 0 0 0 0 0 95.34147511422634 0.229400098323822 0 0 0 10.16591584682465 0.7663230299949646 4.259228855371475 0 0.3868475779891014 0.8891258537769318 0.1287344247102737 0 0 0 0 0 0 0 0 0 106.7800033017993 16.6381034553051 25.53410441428423 407.4328980892897 2.698352836072445 103.6880004182458 21.72938098758459 181.3133130222559 0.4401483535766602 0 5.186608821153641 206.9072633385658 0 0.8810013830661774 0 115.3559910729527 0.371646374464035 0 0 4.726932749152184 0.8402131497859955 744.551585175097 170.3224975541234
121.1385314539075 1542.284039869905 297.3917169496417 325.2159017995 1292.162898115814 21.15422636270523 4607.046926997602 1236.333265073597 1139.436593368649 4844.211311273277 2024.727386958897 1192.28808324784 3108.402424231172 6566.440005667508 31.01610320061445 11.88575019687414 1.083761602640152 0.4561267271637917 0.09046272188425064 0 2.054674848914146 0.207167811691761 2.704761251807213 2.018141143023968 9.155788637697697 0.9933434128761292 2.395164802670479 1.236051395535469 0.7917392328381538 0.6178785562515259 245.0810044631362 51.69719183444977 317.5077578648925 0.1062408685684204 7.225685440003872 3.493853442370892 378.021636210382 11.32467614114285 5.180573217570782 2.139379926025867 6.886885985732079 4.170441374182701 1.962010622024536 4.427270770072937 0 0.408440537750721 133.8952694609761 0.9437625035643578 0.5038556307554245 1.048055484890938 0.9658476784825325 0.3396234810352325 0.2339110895991325 0.1070371344685555 0.8526632711291313 2.294068291783333 15.00509240478277 105.7419626265764 4.177553772926331 30.26031489670277 1.130938246846199 4.71566765755415 0.1620598286390305 121.0828699916601 1.21346452832222 1.226537078619003 0.7317020371556282 2.421122476458549 10.46665591746569 3.620541572570801 471.9323235377669 3.53166463971138 0 130.9617365896702 101.3753052428365 185.2044958174229 75.55996111035347 43.62817391008139 14.25730826705694 303.3953389748931 2.959951691329479 30.88986884057522 6.453710995614529 1.114456355571747 1.039970323443413 1.676931641995907 0.4040427058935165 0.2760078608989716 0.1061310991644859 0.3580863773822784 0.458756148815155 0 8.659251436591148 2.641437247395515 0.1217627748847008 505.0565343797207 55.34021949023008 0.7272583544254303 135.273924767971 21.1795756816864 0.5351049900054932 0.1573436707258224 1.89708486199379 3.253973886370659 2.527680814266205 2.771387100219727 6.026852518320084 1.351065292954445 54.83845071494579 42.64832093566656 2.583725765347481 4.940783374011517 54.16110422462225 4.637016944587231 67.11955756694078 0.2066992372274399 0.1537909656763077 0 0 0 0 0 0.3492314219474792 0 0 0 0 0 0 0 0 0 0 0.3403896689414978 0.1302952915430069 1.57184237241745 0 0 0 13.58848357945681 1.583530575037003 37.72722140699625 2.117951989173889 0.4259413182735443 0 0 0 0 0.3918937146663666 0.5519693791866302 0 0 0 0 0 0 2.582602746784687 0 0 0 0 0 0.1644398123025894 0.2547390162944794 1.175487697124481 1.104219928383827 40.41839378327131 0.7307186126708984 0 0 0 0 0 0 0 0 41.9693530574441 0.1743350774049759 0 0 0 5.390602588653564 0 1.059366449713707 0.09770552814006805 0.1954342722892761 0 0 0 0 0 0 0 0 0 0 0 63.333764731884 9.654126599431038 16.37840664386749 427.7494425401092 6.782373495399952 186.1091522723436 50.78920452296734 78.54993329197168 2.164497956633568 0 5.798188023269176 117.8713267743587 0.4167886078357697 0.4281664192676544 1.698772072792053 55.62461247295141 0.307209849357605 0 0 7.401502445340157 1.85430908203125 249.6990742906928 87.99341402202845
377.7945178747177 3550.6318673715 4065.985557198524 120.4980345070362 3147.610858082771 35.80494979768991 2557.686761640012 3374.275195389986 2069.3082575351 1068.506527215242 5050.345398165286 407.4089087545872 6566.440005667508 1155.658020377159 23.99028979986906 9.079495228827 0.2629129812121391 0.08799014240503311 0 0 0.9588169753551483 0 1.486294873058796 1.945879481732845 11.41022480279207 4.081679545342922 3.045806586742401 2.295513585209846 0.3064714297652245 1.248155355453491 1542.696128033102 190.4493830054998 915.4973319917917 0.1921157091856003 7.96652913838625 4.913359522819519 759.4976618289948 4.406214848160744 5.345745362341404 3.661371968686581 11.57081213593483 4.67543038725853 2.092298358678818 4.887325294315815 0 0.374466098845005 107.965006545186 1.115909345448017 0.7611780241131783 0.4413507804274559 1.677713483572006 0.1115292087197304 0 0 1.370019070804119 1.555086195468903 24.60995052754879 192.7893054932356 5.235289707779884 28.36189398169518 0.8200495094060898 0.8529019355773926 0.1101419553160667 137.3317939788103 1.932162828743458 1.180996477603912 1.074616484344006 1.100153706967831 7.494721867144108 3.022646583616734 967.8154007270932 0.1974600255489349 0.3912960439920425 126.0547599941492 98.17093852907419 161.2369676530361 71.99005775153637 42.07845301926136 74.91131755709648 839.5744361430407 2.836209885776043 28.68098819255829 5.225751541554928 1.069852747023106 0.8829499930143356 1.425765044987202 0.2902672961354256 0.0956244021654129 0.1990630254149437 0.3258016407489777 0.3806947693228722 0 11.5322480648756 3.218521505594254 0.222262367606163 139.1923695504665 30.44836810976267 0.5981405377388 110.4073821231723 63.48652344942093 0 0 2.155107900500298 0.1361595988273621 1.424014240503311 1.776517927646637 3.496256798505783 0 24.66202356666327 17.34287840873003 0.5516929030418396 2.478293366730213 20.69071099162102 2.202053599059582 26.90610221028328 0 0 0 0.4335285723209381 0 0 0 0 0 0 0 0 0 0.1207554563879967 0 0 0 0 0 0 0 0 0 0 4.346045456826687 0.6937893778085709 12.06156999617815 0.9781948179006577 0.5044849961996078 0 0 0 0 0 0 0 0 0 0 0 0 0.5618588328361511 0 0 0 0 0 0 0 0.2523449957370758 0.4081161320209503 16.86791652441025 0.2643192708492279 0 0 0 0 0 0 0 0 16.71345147490501 0 0 0.1386293172836304 0 2.356104716658592 0.09225605428218842 1.038256898522377 0 0.3417462408542633 0 0 0 0 0 0 0 0 0 0 0 17.32195330411196 1.50439977645874 6.98425131291151 236.0278711244464 6.017740279436111 138.7532809302211 30.65666711330414 47.08277398347855 0.8521463349461555 0.1111243441700935 4.187527798116207 34.69325407594442 0.1111975535750389 0.4902418553829193 0.1594989150762558 23.35892710089684 0 0 0 4.621806018054485 0.2095157504081726 68.70590774714947 25.81341157853603
4.69632089138031 13.67341593652964 3.651798740029335 1.502837471663952 2.753207542002201 0 26.9485846310854 5.039982236921787 3.511969521641731 9.481292679905891 1.182023093104362 16.46287919580936 31.01610320061445 23.99028979986906 935.9474837779999 1945.540686391294 318.0889344066381 22.65942629426718 20.08652070909739 2.295347973704338 1.200161181390285 0.4633337557315826 0.944147914648056 3.367911651730537 11.80209893733263 3.461769007146358 4.641201391816139 3.214874140918255 2.165995970368385 3.583277992904186 4.52658249437809 1.85637067258358 61.98430249840021 6.190516710281372 2.697013989090919 14.2727900147438 87.8401952907443 32.91223015636206 69.86781814694405 28.50362721830606 4.267726518213749 1.540105417370796 13.32753919810057 161.3164226561785 15.63351938128471 138.842422761023 397.7224598973989 2.881580509245396 19.3695185482502 12.73847252130508 0.1466684639453888 0.1311466246843338 11.50741358846426 1.872402682900429 0.6055997982621193 0.6985150054097176 0.9029087573289871 1.62937667965889 0.6579730585217476 273.1499154269695 34.06277822703123 77.01355811208487 8.174013264477253 3.396855771541595 0.1039830222725868 0.4993083626031876 0.7753181830048561 3.408873423933983 16.32612888514996 6.385902583599091 45.42923675477505 1.771766737103462 0.2218241766095161 298.6394202262163 14.04973354935646 1507.855115242302 610.403222233057 332.2541518360376 5.215367525815964 21.39728546142578 18.83341500163078 54.02651443332434 3.397757850587368 1.115809448063374 0.1204508319497108 0 4.825439617037773 0.1163191199302673 0.3483423590660095 0 0.09286777675151825 0 4.727531112730503 2.24005763977766 0.5338581800460815 6.167436003684998 16.81228798627853 1.342918783426285 98.5234681814909 0.8846032992005348 0 0 0 0 0 0 0 0.2935335636138916 0 0.1272254884243011 0 0.09253707528114319 0.1819689273834229 0 0.9931080341339111 0.1153293699026108 0.3511180132627487 0 0.4973009377717972 0 0 0 0 0 0 0.1411047428846359 0 0.9363437071442604 0.152197539806366 0.156716987490654 0 0.4862971603870392 0 1.244506418704987 0 0 0 0.864425964653492 0.114978015422821 0.8890451788902283 1.982192374765873 2.607724457979202 2.334719076752663 2.832373157143593 0 0.2898830771446228 0 0 0 1.67316659539938 0 0 0 0 0 0 4.05128288269043 0 0 0 0 0 0 0 0.3450145721435547 0.7846989035606384 1.136770069599152 0 0 0 0 0 0 0 0 0 0.4119614958763123 1.567422837018967 0 0 0 0 0 0 0 0 0.3515259623527527 0 0 0 0 0 0 0 0 0 0.3546890616416931 0.3001651167869568 0.6448301747441292 3.536967359483242 329.6486096158624 4.596976891160011 202.2962379977107 32.93622666597366 25.31630507856607 0.5817910134792328 0.150187149643898 11.42451624572277 27.0455334559083 0.7569852471351624 0 1.105039499700069 2.209284722805023 0 0 1.45745861530304 116.6981827095151 14.75106570124626 5.560911156237125 2.20143374055624
0.3433952778577805 4.163297452032566 2.392728626728058 0.8807229846715927 0.4762313812971115 0.1117884814739227 8.689380533993244 2.264496318995953 0.7736952230334282 2.232627280056477 0.3507578670978546 7.324565961956978 11.88575019687414 9.079495228827 1945.540686391294 1525.345617473125 276.7204625308514 254.4671807736158 107.4946849495173 19.27662429958582 2.098026603460312 0.9882393181324005 1.042426191270351 5.155928239226341 54.94251134991646 11.38777815550566 10.67346297204494 13.61656173318624 9.745269253849983 3.865555077791214 4.101836450397968 2.509785816073418 70.71980416029692 42.08023352175951 6.463259823620319 49.81432891637087 175.1555089205503 124.1474218666553 265.3834423273802 155.3688709884882 13.83980330824852 8.075055956840515 104.2249188795686 763.6370075270534 163.0264368802309 1201.014733441174 1024.198924146593 20.81937705725431 98.92253251373768 159.2874262407422 2.08708468079567 0.8330474942922592 90.26709372550249 3.299297690391541 0.7435421720147133 1.646765500307083 2.794286772608757 7.783780932426453 1.584134176373482 42.91726021468639 137.0595789775252 167.7304628863931 23.33290606737137 57.53266973793507 0.8788421973586082 2.560687631368637 0.7662589699029922 27.36918080598116 153.0727127715945 45.31275749951601 63.37328197807074 7.945055142045021 0 52.62933913618326 104.2982142791152 1479.414249595255 1002.811284720898 1098.011509507895 16.16017975658178 11.01553150266409 104.0211526975036 111.4673744887114 5.357385985553265 0.4842913970351219 6.63013731688261 0.3969265520572662 77.20589508116245 0 1.262055769562721 0 0.6107641607522964 0.3675003349781036 13.15043572336435 8.876971915364265 1.458286285400391 4.606499575078487 23.69921191781759 4.125826798379421 213.9452600628138 0.4309586882591248 0 0 0 0 0 0 0 0 0 0 0.1303441822528839 0 0 0.1586522161960602 0.4834629446268082 0.6167167872190475 1.224799603223801 0 4.21928383409977 0 0 0.8657612800598145 0 0 0 0.309967428445816 0 8.414235293865204 1.496915996074677 2.975442014634609 0.8677449524402618 3.391713581979275 1.826384730637074 6.5013407766819 0 0 2.264595717191696 11.65102335065603 3.171415813267231 0.3714789003133774 3.181201353669167 9.563866674900055 6.976889327168465 11.54092311114073 0 2.459123626351357 0.3313758075237274 0 0.2589898109436035 11.84866085648537 0 0 0.4680733978748322 0 0.1531148254871368 0 19.35375320911407 1.33351768553257 0.1986897736787796 0 0 0 0 0 4.488958865404129 4.584477171301842 0.7410736903548241 0 0 0 0.4998947381973267 0 0 0 0 0.3254724442958832 0.1002415791153908 13.56486720591784 0 0 0 0 0 0.1953378468751907 0 0 0.5412764549255371 0.1186454296112061 0.08747383207082748 0 0 0 0 0 0 0 0.3741719126701355 0.7902652472257614 3.876467615365982 6.601857908070087 550.3241094946861 11.39908151328564 831.6523899435997 140.1522566154599 31.37466759979725 2.21069110929966 0.168695941567421 15.14430898427963 35.3136083483696 0 2.280540265142918 1.688095301389694 2.198904037475586 0 0 0 41.88177116215229 3.516981333494186 6.383742339909077 2.697888866066933
