252.1538840979338 1784.332103192806 651.7718422263861 2193.833144716918 30.41235802322626 87.55381369590759 355.9187603369355 86.28495142608881 57.06774174422026 1175.626785434783 304.8084679991007 142.7931695729494 289.5644952058792 355.9489853382111 5.630531124770641 1.332414202392101 0.8896261677145958 0.2030873075127602 0 0.272042490541935 0.08988310396671295 2.508253902196884 0.1364322304725647 0 0 0.1084978207945824 0.2019428461790085 0 0.5007627829909325 0.2718580886721611 617.1194620728493 4.586033806204796 6.816603139042854 0 0 0.09781251847743988 1.954702697694302 0.403305396437645 0.3802476674318314 0.1041588112711906 0.7624516114592552 0.1103179305791855 0 1.155679799616337 0 0 16.95744666457176 8.155672155320644 0.4987620413303375 0 4.130552686750889 3.765068374574184 2.933516293764114 0.2183383405208588 2.807111777365208 2.829122096300125 142.8510439693928 994.2831611633301 22.31876198202372 37.05763478577137 0.2679762095212936 0.7841509655117989 0 12.22217469662428 3.491301298141479 6.25116253644228 6.506707698106766 4.877749003469944 0.7574255391955376 0.2683256044983864 45.64959666877985 23.323685541749 3.864697299897671 207.5479557141662 95.63926328718662 57.77107098698616 5.137577317655087 1.122294098138809 0.7029171288013458 24.86078526079655 0.2443873956799507 0.4136157557368279 4.619685128331184 0.3195130079984665 4.370182178914547 3.625518344342709 2.777536496520042 1.075364485383034 4.472846150398254 2.673686906695366 3.89200372248888 1.146192796528339 0.2026360780000687 1.154492989182472 0.9343953356146812 263.3167004436255 89.9256185144186 14.61890659481287 6.211472779512405 886.485557846725 0 2.800544917583466 6.127297163009644 17.33781942725182 0.1317053139209747 4.004841141402721 5.554769054055214 1.272592186927795 15.49265535920858 23.40102159231901 0.6662312150001526 4.576805144548416 8.856791712343693 3.893436521291733 0.9930817037820816 0 0.1515584737062454 0 0 0 0 0 0 0 0 0 0 0 0 0 0 0 0.1686704605817795 0 0.264557808637619 0.3289783895015717 0 0 0 0.1374853402376175 0 1.217093236744404 0 0.1290166974067688 0 0 0 0.3120843768119812 0.8896908164024353 0 0 0 0 0 0 0 0 0 0.1126422211527824 0 0 0 0 0.33913753926754 0.1819189935922623 0.1412675082683563 1.480382367968559 0 0 0 0 0.1364174485206604 0.5315175652503967 0 0 0 1.587958067655563 0 0 0 0 1.348311819136143 1.600624680519104 1.284958362579346 0 0 0 0 0 0 0.08823408186435699 0 0 0 0 0 0 1.821765907108784 0.5199180170893669 0.2552586197853088 221.6273043975234 2.679028801620007 181.1097812205553 18.65936489403248 1046.051204785705 19.08682259917259 0.745745837688446 1.883746773004532 5.171370051801205 0 0.6229807734489441 0 35.40378431975842 0 0 0 0.9959272220730782 0.191767081618309 856.471809618175 7.195058397948742
1784.332103192806 1920.295785404742 3264.679628305137 1564.041198395193 1788.768950864673 11.54998385906219 4531.466022759676 208.407433912158 1888.889874912798 1173.733363032341 2474.412967570126 13.98464704304934 879.933742672205 575.9782903343439 26.03727103769779 1.755359299480915 1.669023893773556 0.09844715893268585 0.2218078896403313 0.4498768970370293 0.09753738343715668 0 0 0 0.1136531159281731 0.2069941535592079 0.4393983334302902 0 0.2036381810903549 0 2005.74447876215 7.523053854703903 4.61081924289465 0.1003357917070389 0 0.1996587514877319 0.270332895219326 0.1123129054903984 0.2113498523831367 0 0.1940299719572067 0.6392742395401001 0.07476393133401871 0.506108820438385 0.09045598655939102 0.08748209476470947 94.51895569264889 14.21838210523129 0.2125144451856613 0.3473436832427979 4.981731474399567 0.08821158111095428 0 0.1242118999361992 2.681034334003925 3.851648785173893 30.22865626960993 417.2244833558798 17.47983404248953 68.8514456525445 0.07825668901205063 1.208940118551254 0 119.4185240641236 5.923071697354317 7.961360082030296 10.18310625851154 11.43369065970182 1.424590319395065 0.6567750945687294 3.914738982915878 0.1232705116271973 0 181.7990594431758 271.1721057221293 165.9155516922474 50.74763887375593 2.444611631333828 0.5007274523377419 11.38293442130089 0.1928064823150635 1.798738315701485 6.684944108128548 0.2448662295937538 4.433381773531437 4.995615176856518 4.195444136857986 0.6184097677469254 6.775893740355968 1.573023736476898 7.129782892763615 1.722567729651928 0.6530914530158043 1.203772991895676 0.2934021279215813 11.40600095689297 0.7998444139957428 0 0.746561661362648 346.6056510284543 0 1.738826245069504 2.858008436858654 6.785364367067814 0.3348282873630524 3.472941569983959 2.20424185693264 1.512710049748421 12.65070670098066 8.758822068572044 0.6842756420373917 4.505899824202061 4.66921678930521 2.116451933979988 1.257658004760742 0 0 0 0 0 0 0 0 0 0 0 0 0 0 0 0 0 0 0 0.3385597318410873 0.2850247919559479 0 0 0 0.1390791237354279 0 1.291843339800835 0 0.3156948536634445 0 0 0 0 0 0 0 0 0.129648357629776 0 0 0 0 0 0 0 0 0 0 0 0 0.6491135954856873 1.498733535408974 0 0 0 0 0 0 0.08966021239757538 0 0 2.263773687183857 0 0 0 0 2.960208006203175 0.2288559973239899 0.3046397715806961 0 0 0 0 0 0.1250827759504318 0.1814023852348328 0 0 0 0 0.2127745896577835 0 1.841818481683731 0.4511620700359344 0.6766789108514786 267.5724143460393 10.24100720137358 659.0138932988048 103.2865446731448 473.6312955766916 48.94445385783911 1.971678242087364 22.34918005019426 7.296517074108124 0.2773294746875763 0.1225487664341927 0.6545856297016144 12.44952565431595 0 1.812918066978455 0 4.717931255698204 1.402456551790237 159.7903991118073 3.876554377377033
651.7718422263861 3264.679628305137 1049.195296533406 174.0639994069934 1449.552282907069 8.198771692812443 641.1048263087869 1309.767241060734 1323.931799449027 366.8280514627695 4202.896094575524 52.27089551836252 893.3879865780473 1265.326524026692 5.027455359697342 4.467542186379433 0.9050212725996971 0.4623033627867699 0.1074951216578484 1.235750399529934 5.199810288846493 1.029121547937393 1.8012705296278 1.631999291479588 2.219074971973896 5.25493985414505 3.5117147564888 1.0933837890625 1.395597614347935 1.346845246851444 3671.406512141228 366.8102947100997 26.74651157110929 0 1.628745563328266 5.272401824593544 6.200493738055229 6.115738391876221 1.691450223326683 1.878370605409145 7.849247515201569 3.485812962055206 0.2975112646818161 0.993134506046772 0 0 16.74300286918879 1.880615137517452 0.692454919219017 0.2552749738097191 4.711961187422276 0.1160422638058662 0.6097304597496986 1.646346852183342 0.3721252977848053 0.2603375017642975 8.162328943610191 378.2445381581783 2.983024939894676 11.20732836425304 0.7209658250212669 18.10541041940451 0.428657628595829 82.27032278478146 1.298878163099289 1.211975440382957 1.446752578020096 2.521057724952698 1.942561276257038 7.86863125115633 9.312954619526863 0.8527503609657288 0.3491935059428215 33.32783009111881 55.07486698031425 22.60893280804157 18.50235400348902 5.09295566380024 10.65708453208208 224.7068051546812 0.2022282630205154 14.89896456152201 0.7298880144953728 0 0.5798975080251694 0.240900881588459 0.2686915248632431 0.1768819317221642 0.5055693089962006 0.4730556085705757 0.6564158573746681 0.2011544331908226 15.36173732578754 5.757214926183224 2.789683051407337 29.22373779863119 3.009628802537918 0.2596056833863258 1.399848572909832 163.8285147473216 0.5768178105354309 0 1.047361493110657 1.268449768424034 0.6218938156962395 1.809214264154434 0.1122851520776749 0.9371103197336197 3.791067503392696 3.162786081433296 0.3714379072189331 3.456769891083241 4.942654177546501 1.28562343120575 1.97408926486969 0 0.10059604793787 0 0 0 0 0 0 0 0 0.4509544298052788 0 0.4767491519451141 0 0 0 0 0 0 0.4401599913835526 1.025651462376118 0 0.07847236841917038 0.1293083131313324 0.4109534621238708 0.1940309703350067 3.151706628501415 0.107468917965889 0 0.5463013872504234 0 0 0.09460660815238953 0 0.09951414912939072 0.09717099368572235 0 0 0 0 0.1865577921271324 0.2726026400923729 0.1965354681015015 0 0 0 0 0 0 0.09871774911880493 0.1383549273014069 1.638952493667603 0 0 0 0.1983722746372223 0 0 0 0 0.1091277003288269 2.064901918172836 0.09238871186971664 0 0 0.09843564033508301 3.265276372432709 0.8563231378793716 1.438181951642036 0 0 0.3790662214159966 0 0.3042516782879829 0 0 0.1440518945455551 0 0.221802830696106 0.1104453131556511 0.2002553567290306 0.1572372019290924 0.9960950091481209 0.9597019106149673 1.23194957524538 40.82967972010374 2.508167885243893 89.16869136691093 17.31755296140909 88.74944020062685 5.514624878764153 0.1511145234107971 3.770719803869724 1.218176506459713 0 0.5570578649640083 0 0.6537969410419464 0.1619311422109604 0 0 1.693214684724808 0.3516145348548889 36.11718936264515 3.166239462792873
2193.833144716918 1564.041198395193 174.0639994069934 563.1179586648941 5.76169641315937 46.51980572938919 807.4998899549246 1.667296931147575 38.60341392457485 2775.71724781394 6.18848517537117 97.24565523862839 300.4199740961194 63.26167841255665 4.558184832334518 0.3743201494216919 0.6157488375902176 0 0 0 0 0 0 0 0 0.1273724883794785 0 0 0 0 79.33779886364937 0.11995929479599 0.5389394760131836 0 0 0 0.2345915585756302 0 0 0 0 0 0.08125913143157959 0.2940236330032349 0 0 19.54129081964493 5.694578632712364 0.29471156001091 0 2.202073521912098 0 0 0 1.229073449969292 0.8946599662303925 17.39282646775246 122.8212344869971 11.16582101583481 24.36255645751953 0 0 0 19.37451324611902 2.048830442130566 3.262638501822948 2.267091050744057 4.798324316740036 0.1039116680622101 0 0.147705540060997 0 0 93.847561866045 73.70260570943356 45.93750159442425 4.941854402422905 0.2525647282600403 0.08918601274490356 0.2945085987448692 0 0 2.694092079997063 0.0907619372010231 2.32564003765583 1.664466440677643 2.089786008000374 0.1817480623722076 2.529780440032482 0.7602751404047012 2.405042216181755 0.2127414345741272 0 0.1178159415721893 0.3198553025722504 34.20353522896767 0.2659768462181091 0.3080235868692398 0 754.1976103484631 0 0.9290542900562286 5.368643626570702 8.269202888011932 0.5252509713172913 3.908315546810627 7.037712529301643 4.232082664966583 30.06677187979221 19.79835312068462 1.643048442900181 4.950030900537968 4.046930678188801 0.7025907188653946 2.582735806703568 0 0 0 0 0 0 0 0 0 0 0 0 0 0 0 0 0 0 0 0.7496961355209351 1.061462312936783 0 0 0 0 0 0.5581158176064491 0 0 0 0 0 0 0 0.1173775643110275 0 0 0.134792372584343 0 0 0 0 0 0 0 0.0799897089600563 0 0 0 0 0 2.006687700748444 0 0.1413926631212234 0.1195122003555298 0 0 0 0 0 0.2923227548599243 1.219761326909065 0 0 0.0847138836979866 0 1.132592722773552 1.164391219615936 2.035577684640884 0 0.1329392939805984 0 0 0 0 0 0 0 0 0 0 0 1.567115396261215 0.7151830792427063 0 119.7310481220484 4.82820787280798 182.4763291478157 19.73803284019232 934.4565976262093 14.44314346462488 0.731541633605957 8.231634676456451 2.706699714064598 0 0.6521477103233337 0.208878830075264 25.36509184539318 0 0 0 1.308428555727005 0.8936464637517929 144.8010183125734 5.619776546955109
30.41235802322626 1788.768950864673 1449.552282907069 5.76169641315937 2755.099354058504 1.032771348953247 4777.367217957973 42.25049866735935 2517.521572314203 697.1313972696662 788.5067369639874 2.638086795806885 877.6934849992394 299.8848131224513 8.407058894634247 3.132077053189278 0.7455845177173615 0 0 0 0 0 0.2099661529064178 0 0.09146808087825775 0.1485560387372971 0 0 0 0 94.12648515403271 4.30145388841629 1.195025362074375 0 0.1350204199552536 0 0.2348155975341797 0.1196992695331573 0 0 0.190905787050724 0.4063483476638794 0 0.2022338956594467 0 0 18.56851117312908 0.7305120602250099 0.1119375973939896 0 0.2000744789838791 0 0.305636465549469 0 0 0.2595925480127335 1.030556455254555 18.38655533641577 0.5458257421851158 4.22221315652132 0 0.246746614575386 0 16.22575622051954 0.2737224772572517 0.3471767604351044 0.7302844375371933 0.8540845289826393 0.09882074594497681 0.2342719212174416 1.143798872828484 0 0 7.277383767068386 18.040217846632 13.57027926295996 12.13790778070688 1.288423493504524 0.09763114154338837 3.460603766143322 0.2073975950479507 0.1535782516002655 0.08111262321472168 0.1009581312537193 0.5015253722667694 0.3171061426401138 0.1882049515843391 0 0.4459371566772461 0.09481430798768997 0.4363006129860878 0 0.2015824168920517 0.2587722837924957 0.115216076374054 3.674354054033756 0.666308581829071 0 0.1247912123799324 6.281861945986748 0 0.1468777060508728 0.4447978138923645 1.13066678494215 0 1.731473818421364 1.291069902479649 0.5528644919395447 4.645060375332832 3.305510476231575 0.2769118845462799 2.593718782067299 4.349094547331333 0.6098699495196342 0.8402422964572906 0 0.1056396663188934 0 0 0 0 0.1608518809080124 0 0 0 0 0 0 0 0 0 0 0 0 0.4023861065506935 0 0 0 0 0.1241295486688614 0 0.7561099529266357 0 0 0 0 0 0.08427944034337997 0.1128715649247169 0 0 0 0 0 0 0 0 0 0 0 0 0 0 0 0.1325562447309494 0 1.311966359615326 0 0 0 0 0 0 0 0 0 0.4233646243810654 0.1614795625209808 0 0.227059617638588 0 2.43583295494318 0.9629043936729431 0.4776570796966553 0 0 0.136921152472496 0 0 0 0 0 0 0 0 0.2448200285434723 0 0.5593735426664352 0.4658413678407669 0.3988446071743965 71.8224406465888 3.449033543467522 95.85048402100801 35.28294543921947 47.80008120834827 7.711125649511814 0 8.175273664295673 2.08230385184288 0.3599242269992828 0.4843126833438873 0 2.741685673594475 0 0 0 2.933038502931595 1.36846436560154 9.973006792366505 5.746001228690147
87.55381369590759 11.54998385906219 8.198771692812443 46.51980572938919 1.032771348953247 2.137788310647011 8.780583016574383 0.92703478038311 2.462775945663452 453.80010189116 4.704452201724052 133.4923623278737 94.06958597153425 22.12801990658045 0 0.3521650657057762 0.1116279289126396 0 0 0 0 6.136003702878952 0 0 0 0 0 0 0.1314070820808411 0 79.09106448292732 0.297560378909111 4.731011867523193 0 0 0 2.146203152835369 0 0.6608883440494537 0 0 0 0 0 0 0 0 0 0 0 2.872807741165161 10.74877337366343 6.823718748986721 0.1094735413789749 0 0.3715925812721252 32.082255885005 1.524730622768402 0.2726183533668518 0.1328218430280685 0 0.8959862887859344 0 0 0 0.086174376308918 0.18569715321064 0.5615533143281937 0 0 108.3111749961972 70.37176562100649 13.33665953576565 0.348041832447052 0.2806895598769188 0 0.3302616402506828 0 0 3.730961546301842 0 0 0 0.4929431453347206 0 0.9928131774067879 0 2.641352094709873 2.833152033388615 9.047376655042171 3.761887304484844 3.507357783615589 0.5358745753765106 0.2410743907094002 0.4991729930043221 249.6779317110777 257.4437866434455 46.65534869581461 12.76297743618488 140.8772244304419 0 0 0 0.8628321141004562 0 0.529427632689476 0 0.4808102250099182 2.965761497616768 2.909456357359886 0 0.4262161105871201 2.217464596033096 0 1.140025466680527 0 0 0 0 0 0 0 0 0 0 0 0 0 0 0 0 0.136204332113266 0 0.1108771860599518 0 0.1935561448335648 0 0 0 0 0 0 0 0 0 0 0 0 0 0 0 0 0 0 0 0 0 0 0 0 0 0 0 0 0 0 0 0 0 0 0 0 0 0 0 0 0 0 0 0 0 0 0 0.2400682866573334 0 0 0 0 0 0 0 0 0 0.1025630608201027 0 0 0 0.3879360258579254 0 0 14.29690437018871 0.8712619096040726 0.5319431498646736 0.1572370678186417 114.2841700017452 1.65603968501091 0 0 0 0.1077518537640572 0 0 1.802331879734993 0 0 0 0.1650844365358353 0 61.10584209859371 0.641769140958786
355.9187603369355 4531.466022759676 641.1048263087869 807.4998899549246 4777.367217957973 8.780583016574383 2320.07527551055 15.22942108660936 3517.799315497279 3165.326295845211 465.4106813892722 131.5129584372044 3903.863917432725 583.3184841945767 37.01468984037638 7.357936643064022 1.981788590550423 0.1958465948700905 0.08569307625293732 0.2189114317297935 0.4932792782783508 0.09468191862106323 0 0.1203176006674767 0.1134432330727577 0.07885540276765823 0.203315868973732 0.5968730226159096 0 0 377.3628280833364 14.34464231133461 1.520068362355232 0 0 0.2516099214553833 0.1164492890238762 1.07002867013216 0.9590751454234123 0.2231762185692787 0.5865593180060387 0.6643499135971069 0.3043527901172638 1.303254328668118 0 0.5556731000542641 95.11324396729469 4.453658424317837 0.6861009374260902 0.3441173657774925 2.022793918848038 0 0 0 1.009595990180969 2.28114315867424 10.36510814726353 139.0576639026403 6.693203456699848 37.80205339193344 0.2784109935164452 1.263278320431709 0 98.61951447278261 2.564474850893021 3.753585159778595 4.186684787273407 4.170267298817635 0.5173257514834404 0.8732595816254616 3.075139179825783 0.1247133314609528 0 70.54739878326654 141.6460477933288 99.36226098239422 59.25308173894882 5.729931592941284 3.509394071996212 7.414661213755608 0.4251311272382736 0.9581894725561142 2.743356592953205 0 2.487883783876896 1.966443747282028 3.087050631642342 0.5995807349681854 3.658771209418774 1.332694970071316 4.23850017786026 0.1806956082582474 0.3531200289726257 0.3276262581348419 0.1177695021033287 50.35733356326818 1.928590029478073 0 1.054367318749428 72.3644991517067 0.391717255115509 0.8646821677684784 17.32026106119156 23.79963293671608 2.281515263020992 13.03895521908998 6.023086920380592 3.781419090926647 46.19885487109423 44.7383104711771 1.64031296223402 15.42151954770088 21.97757577896118 6.963505536317825 6.013849787414074 0.4571267366409302 1.221964992582798 0 0 0 0 0 0 0 0 0 0 0 0 0 0.1254234611988068 0 0.0986708477139473 0 1.982255838811398 2.486789099872112 0 0 0 1.209572948515415 0 5.083071507513523 0.1669979691505432 0 0 0 0 0 0.125473827123642 0 0 0 0.5505771562457085 0 0 0.3443554937839508 0.1384717524051666 0.2721385657787323 0 0 0 0 0.1721455529332161 0 1.056892365217209 0.1719939708709717 5.796407833695412 0.3483959585428238 0 0 0 0 0 0 0 0 8.339175090193748 0.1074311509728432 0 0 0.4353765621781349 8.881754837930202 1.83667928725481 3.798953950405121 0 0.4647234752774239 0.823367528617382 0 0.09846387058496475 0 0 0 0 0 0.09830659627914429 0 0 7.714963681995869 1.416264072060585 1.542951308190823 344.5403781533241 13.90453430265188 535.4414793923497 154.6033173128963 309.4008009284735 40.73646679520607 1.363292813301086 40.03057849407196 11.2043868675828 0 2.754987753927708 0.6257464960217476 18.45249032229185 0.1612663865089417 0 0.5542227774858475 19.59407299011946 2.304603457450867 103.2009369954467 23.77708262950182
86.28495142608881 208.407433912158 1309.767241060734 1.667296931147575 42.25049866735935 0.92703478038311 15.22942108660936 2243.219591915607 129.7499455139041 44.6003814265132 5056.093610011041 87.30015560984612 475.7100958004594 1630.896344155073 29.65074320137501 22.23925592005253 11.20636611431837 4.293878927826881 0.735050767660141 12.52260548621416 75.9039059728384 3.61641751229763 25.99911989271641 30.30967640131712 59.58822783827782 58.47795762866735 57.54417563229799 16.66256371885538 16.9527907371521 13.09345578402281 967.0106472223997 3099.56089887768 250.901284314692 1.280618458986282 44.00494579225779 112.6911579146981 11.88013251125813 134.1496537029743 17.92835705727339 41.85719494521618 89.58457102626562 36.10161033272743 4.601316913962364 95.92443041503429 0.8659394830465317 6.167829215526581 53.16668026149273 1.152379006147385 3.441934987902641 3.284093596041203 25.13712915033102 3.37568923085928 2.699055895209312 10.34500126540661 0.5167587921023369 0.462202712893486 2.572648666799068 85.75538549572229 1.54556579887867 8.525491587817669 64.11137494444847 674.3712321221828 21.98695117235184 635.5587414950132 0.8152185156941414 0.8381079882383347 1.363964676856995 7.750144615769386 20.2582439109683 91.07467085123062 21.21549446135759 0.8921244591474533 0.2580490037798882 17.871018525213 62.00379256904125 40.15619705617428 215.896815828979 434.1873065829277 1881.578615941107 2924.891337431967 89.63661285489798 1869.414562031627 0.29594686627388 0.1031009405851364 0.5634275451302528 0.3208647668361664 1.255054764449596 0.0785934180021286 1.160739183425903 0.2358792871236801 3.38769306242466 0.6398726776242256 101.7851563543081 28.90007626265287 15.13169924169779 53.83125794678926 7.063167594373226 0.1955281943082809 5.995825842022896 15.15919823944569 0 0.5141935050487518 0.2530050948262215 1.261027231812477 0.3724563419818878 1.617395602166653 0.08704342693090439 1.39819709956646 6.428877793252468 1.505901843309402 0.9517014548182487 3.248320572078228 4.595260739326477 1.272373840212822 2.270645946264267 0 0.2847115248441696 0 0.2672776877880096 0 0 0.07970228046178818 0.3242848217487335 0 0.6931871473789215 4.077140785753727 0.3195754587650299 0.4478120878338814 0.935357853770256 0 1.78169059753418 0.1183249652385712 1.976125329732895 0.1715252101421356 0.09086222946643829 1.158757619559765 0 0.5053669586777687 0.253386989235878 0.268285945057869 0.5100201740860939 3.370787516236305 0.8606012240052223 1.805437088012695 1.755656488239765 0.9130196496844292 0.1338663995265961 0.9875169694423676 0.1991680487990379 0.6070639714598656 0.8373202085494995 0 0.3434825614094734 0 0 1.490188978612423 0.5694248974323273 3.376931369304657 0 0 0 0 0 0 0.8917918130755424 0.3313026428222656 2.727042138576508 0.1391457617282867 0 0 0 0 0 0.1324474364519119 0.3084021285176277 0.7524734884500504 2.180084757506847 1.269588597118855 0.2707639038562775 0.2119622528553009 0.5665186271071434 2.618845522403717 1.105099029839039 1.506245784461498 0 0 0.2050970643758774 0 0.4869705215096474 0 0 0 0 0.07588837295770645 0.3156216219067574 0 0.3127498105168343 1.694313645362854 1.623867258429527 0.7790191546082497 135.3831619247794 11.03278060257435 186.2320643514395 56.76144775748253 38.37194760888815 9.806136503815651 0.2675872445106506 14.37651135027409 4.569007255136967 0.6799120828509331 0.9985255599021912 0.3401439636945724 2.220054522156715 0 0 0 11.79546320438385 2.345376066863537 14.70026685297489 6.473210193216801
57.06774174422026 1888.889874912798 1323.931799449027 38.60341392457485 2517.521572314203 2.462775945663452 3517.799315497279 129.7499455139041 745.2032748088241 732.3035206496716 1461.343605719507 12.61822784692049 1297.636901766062 717.7243977934122 19.04674571752548 8.684824757277966 2.014577582478523 0 0.1182610765099525 0.6889559775590897 0 0 0 0.1030930280685425 0.2232512086629868 0.1155632734298706 0 0.1448411196470261 0 0 192.9825721159577 14.20528402924538 1.422917574644089 0 0 0.1368096023797989 0 0.3763022571802139 0.3431250676512718 0 0.6663349568843842 0.08956757932901382 0.2239409163594246 0.8466252833604813 0.121524341404438 0.2308690249919891 39.26510837674141 1.811429910361767 0.4437980949878693 0 0.6069607138633728 0.1651062816381454 0 0 0.5749211385846138 0.6528959795832634 2.091961935162544 30.61867446452379 1.645718954503536 6.772634945809841 0 2.777593068778515 0.1556658297777176 32.25909212231636 0.5130427032709122 0.9624826535582542 0.7603383213281631 0.9897328615188599 0.08910657465457916 0.3101801574230194 3.104463919997215 0 0 13.70947895944118 28.23270517587662 29.97023524343967 30.80770985037088 5.774248048663139 0.9775766134262085 19.71399652957916 0.2232863828539848 0.872356005012989 0 0.08760358393192291 0.1784909218549728 0.3200194463133812 0.2593916952610016 0 0.8712802231311798 0.09706626832485199 0.3202971071004868 0.1982897818088531 0.5344849228858948 0.4718135371804237 0.1324692070484161 19.15789285302162 1.196814380586147 0 0.591139480471611 8.067944601178169 0 0.4466869682073593 1.518293499946594 4.303186133503914 1.030437149107456 5.306074403226376 2.004015542566776 2.947874844074249 14.49333284795284 15.86354634165764 1.577995173633099 5.509905084967613 11.00139702856541 3.954961389303207 2.302095271646976 0.1461175382137299 0 0 0 0 0 0 0.1986034363508224 0 0 0 0 0 0 0 0 0 0 0 0.2499426826834679 0.5495915859937668 0 0 0 0.20325967669487 0 2.68853621929884 0.172868087887764 0.1022987216711044 0 0 0 0 0 0 0 0 0 0 0 0 0 0 0 0 0 0 0 0 0.3574679642915726 0.1500360071659088 3.125567577779293 0.1202989742159843 0 0 0 0 0 0 0.08490222692489624 0 2.676394663751125 0 0 0 0 3.79839713126421 1.418829619884491 3.359032474458218 0 0 0.0829370990395546 0 0.09848780930042267 0 0 0 0 0 0 0.2191351801156998 0 3.639869369566441 0.8500958904623985 1.426383517682552 150.4715495333076 7.050836697220802 174.2564221695065 70.93083231151104 90.21968232095242 13.99017944931984 0 18.76033725589514 1.883504323661327 0.7603828907012939 0.8225525915622711 1.134871959686279 4.722878627479076 0.5431060791015625 0 0.2241042703390121 9.450605109333992 3.716772094368935 25.17029622197151 7.265791364014149
1175.626785434783 1173.733363032341 366.8280514627695 2775.71724781394 697.1313972696662 453.80010189116 3165.326295845211 44.6003814265132 732.3035206496716 2790.62465325743 400.623073592782 1501.80112798512 4414.378025569022 1055.137224853039 59.3459592461586 27.25845284759998 6.225000560283661 0 0.4248843640089035 0.7277457192540169 0.9451377689838409 1.290896192193031 0.0800367072224617 0.1355077475309372 0.2345000505447388 1.113204434514046 1.797068737447262 0.5514659136533737 0.3346249237656593 1.268996179103851 230.2830361276865 18.74060692638159 9.707463458180428 0 0.1248131841421127 0.2793193235993385 2.153985284268856 2.153605289757252 1.674564518034458 0.3997269794344902 1.319861717522144 1.722454875707626 0.4994945749640465 2.246877565979958 0 0.5663925483822823 141.9995932877064 7.749273680150509 2.763875104486942 0.07836533337831497 3.742148146033287 1.17898017168045 1.406767383217812 0.4849654957652092 1.530202947556973 1.195343300700188 30.04972932487726 118.3783641010523 11.38832756876945 40.56481719762087 0.5202042460441589 5.73427514731884 0 115.685649394989 2.644357390701771 2.805609434843063 5.671093583106995 5.310122013092041 1.293480850756168 1.659187443554401 69.2732892408967 10.17016475647688 1.592413559556007 86.90177591145039 121.3042763844132 114.5004177540541 103.9738403633237 23.71344222128391 4.080097265541553 25.36461117118597 2.760907620191574 4.603198006749153 1.997516892850399 0 2.920117065310478 2.459549434483051 3.905188657343388 0.3071685954928398 3.651716105639935 1.148733347654343 3.37325107306242 0.3656458929181099 2.969307959079742 1.527910850942135 1.609310477972031 975.9776761904359 97.88980337232351 8.289600551128387 4.946598663926125 657.0017559081316 0.6966680884361267 24.8971674144268 61.65399587899446 151.4653950929642 14.69411641359329 87.60894557833672 52.66164211928844 45.12656998634338 396.7820217683911 416.6507128179073 32.93016446381807 164.8561855703592 223.7484640106559 61.44826290756464 55.40587336570024 3.191688656806946 2.50363589823246 0 0.2903793454170227 0.5140582919120789 0 0.7767035067081451 1.12249168753624 0 0.3358117938041687 0.3508817628026009 0 0 0.125761866569519 0 0.8124296590685844 0 0.29328852891922 0 7.710748858749866 18.25040792673826 0 0.1109646856784821 0 10.52829471975565 2.732519775629044 36.16269325464964 1.255971550941467 1.171105958521366 0.1314681470394135 0.8542147129774094 0.1620427668094635 1.068698152899742 3.280439645051956 0.435012586414814 0.2097800821065903 1.398310981690884 3.485978558659554 0 0.2295054718852043 1.513603448867798 0.8820441961288452 0.4984414726495743 0 0 0.06243984028697014 0 1.656675845384598 1.537927195429802 4.090185023844242 0.7697763741016388 31.68531349301338 1.665616311132908 0 0 0 0.2324335873126984 0.265042781829834 0.2440857887268066 0 1.890025489032269 41.5794476121664 1.637993492186069 0.1014633849263191 0.08235321938991547 0.2665649354457855 72.27182850986719 15.30932387709618 32.07905027270317 0.649317279458046 2.147391743957996 2.277411743998528 0.3784570321440697 3.462684914469719 0 0 0 0 0 0 0 0.4338609427213669 74.036835283041 11.48677507787943 8.943360365927219 1191.70607945323 21.33099155128002 720.960760422051 270.3787602186203 1522.403802722692 66.66403792798519 0.7992820888757706 100.3762397691607 50.11992940306664 0.7551053315401077 8.921905383467674 3.458600506186485 254.7703331410885 1.13555745780468 0 1.33855190128088 50.44259126484394 12.64998058974743 1275.467854067683 202.0728118047118
304.8084679991007 2474.412967570126 4202.896094575524 6.18848517537117 788.5067369639874 4.704452201724052 465.4106813892722 5056.093610011041 1461.343605719507 400.623073592782 2851.494997054338 140.4501561746001 2940.498443745077 3451.126901768148 26.04027279466391 32.51337823271751 6.636508569121361 0.8277801349759102 0.3792563155293465 1.695563830435276 1.840070158243179 3.920049972832203 0.8192407563328743 2.732156090438366 6.223664902150631 8.992223024368286 10.38762013614178 3.562848106026649 6.182403236627579 3.765969663858414 807.094723880291 413.5635761395097 458.5374157428741 0 2.29243016242981 5.426287144422531 50.57257094234228 16.78932324051857 10.78460798412561 8.249627567827702 12.15392548590899 7.839136570692062 0.8263008520007133 5.805234111845493 0 0.6950948089361191 37.8127768188715 1.810564041137695 1.641507901251316 0.3128656670451164 5.344658218324184 1.491751618683338 6.001015029847622 4.292166918516159 0.09635311365127563 0.2343905493617058 3.20104818791151 78.60899144411087 1.807567521929741 7.712103798985481 1.317351534962654 161.2292206287384 0.3441389501094818 76.85404172539711 1.016361743211746 0.4894652515649796 1.009609721601009 2.12163107842207 1.11511454731226 3.889567792415619 67.51830672472715 1.945092082023621 0 17.46571934223175 43.33268158137798 36.51446098089218 57.19208922982216 30.99474702775478 74.34835070371628 1490.327615186572 0.08819597959518433 48.14438303560019 0.6376346722245216 0 0.6442661583423615 0.4276460371911526 0.9893465787172318 0.2534965574741364 0.8080262392759323 0.09907391667366028 0.8807282075285912 0.2604711949825287 9.890451729297638 5.985148847103119 4.302146278321743 58.99377755075693 14.60927264392376 0.7997592687606812 14.16705757379532 26.17833853513002 0.08081353455781937 0.7818019911646843 1.690061844885349 1.583778604865074 0.3605892285704613 2.888295337557793 1.061613723635674 2.580955989658833 15.9648492410779 9.965121947228909 3.740073665976524 7.062191717326641 14.82635487616062 5.363589629530907 5.719939514994621 0.2054159864783287 0.111930325627327 0 0 0 0 0 0.1566612273454666 0 0.1865740716457367 0.4620861709117889 0 0.2857325375080109 0 0.121363990008831 0.4218480736017227 0.4379406943917274 0.7800552099943161 0 0.4361078515648842 1.55751409381628 0 0.2391768842935562 0.1168036460876465 1.930627599358559 0.4555951207876205 5.668319746851921 0.5527871251106262 0.2037601992487907 1.115677624940872 0.1430501788854599 0 0.1083564162254333 0.811303436756134 0.5071244016289711 0.5050254240632057 0 0.5333291664719582 0 0 0.4815793335437775 0.6077204346656799 1.301205694675446 0 0 0 0 0 0.2090463638305664 0.763439305126667 0.8475963994860649 4.364850230515003 0 0 0 0 0 0.1016514077782631 0 0 0.2206030413508415 6.308334849774837 0.1076426357030869 0.2454847991466522 0.2610480189323425 0.1094243973493576 5.398103155195713 3.79959300160408 4.193059258162975 0.07118891924619675 0.2693196833133698 0.3150948882102966 0 0.5276198461651802 0 0 0 0 0 0.08595413714647293 0.3174375966191292 0.09396567940711975 4.587686844170094 2.062650628387928 1.612146355211735 153.9870221689343 5.00079295784235 165.5670702233911 46.19173360615969 48.87171883881092 6.534035556018353 0.4114477559924126 14.53233632445335 2.544105708599091 0.1742254793643951 1.394630655646324 0.3633351549506187 1.16004154831171 0.1639905869960785 0 0.09786360710859299 12.63398168236017 2.078823775053024 40.37963078916073 14.67990982532501
142.7931695729494 13.98464704304934 52.27089551836252 97.24565523862839 2.638086795806885 133.4923623278737 131.5129584372044 87.30015560984612 12.61822784692049 1501.80112798512 140.4501561746001 101.454698190093 1920.302653282881 599.4536374732852 20.27811121195555 39.16972800344229 8.520817779004574 1.078853614628315 0.120224729180336 2.580213010311127 1.273431308567524 7.935636043548584 0 2.39259260892868 3.253871835768223 6.392452105879784 9.912596628069878 4.288852110505104 7.18233448266983 2.838560506701469 63.73130149394274 25.18730534613132 345.3033897727728 0 0.8748683854937553 2.228011198341846 335.2822231724858 26.01899918168783 53.75315970927477 12.66533242166042 9.366499371826649 8.018475450575352 1.049160361289978 7.720986351370811 1.114613711833954 1.02476878464222 23.78264322131872 0.9029885455965996 1.773119784891605 0.4529344514012337 6.769126892089844 4.663492113351822 18.29033713787794 11.27176335453987 0 0.5324094668030739 1.171276234090328 11.40198481827974 0.559532955288887 3.655291974544525 1.091356962919235 9.37928082048893 0.8661259263753891 46.30457779020071 0.2828211039304733 0.3014793246984482 0.7122979611158371 0.7717641741037369 1.991738319396973 4.109887138009071 506.8264357298613 10.84783927351236 0.4848494827747345 6.575129590928555 19.21964278072119 17.72036474943161 47.00966236740351 36.29063449054956 3.963229715824127 133.6652086526155 0 2.716309435665607 0.5112037807703018 0 0 0.1450201198458672 0.2021261230111122 0.1035289764404297 0.2748795971274376 0.7943814396858215 0.550254300236702 0.6365311145782471 8.808121763169765 8.873820051550865 5.485903181135654 598.2482736855745 433.759266987443 9.597878664731979 210.4183064997196 70.79867333173752 0.7106620445847511 3.902897536754608 15.65362308174372 29.75330446660519 4.303965300321579 27.3925318941474 11.67014200240374 17.49945718795061 144.3371774479747 95.72962400317192 11.2220149114728 48.13213340938091 81.61607783287764 23.64707280695438 19.74130713194609 1.594376958906651 0.8574088290333748 0 0.2712501659989357 0 0 0 0 0.5934893637895584 0.4374210089445114 1.578609749674797 0 0.5579224601387978 0.4109563902020454 0.2200991958379745 0.9324148520827293 0.597704291343689 1.465996913611889 0.219814121723175 2.256523258984089 5.891658537089825 0 1.366409949958324 0.5063768774271011 5.140839517116547 2.303187072277069 20.65403200685978 1.197502292692661 1.727317087352276 1.029054328799248 0.5963602438569069 0.1754524856805801 0.1936895176768303 3.084842525422573 1.704904951155186 0.4866895377635956 0.4247695058584213 0.3968014717102051 0 0 1.108646862208843 1.455291047692299 1.742580473423004 0 0 0 0 0.3284625560045242 0.3408062905073166 3.837859608232975 0.8465398699045181 14.44420824944973 0.09367267787456512 0 0 0 0.06821219623088837 0.6514336466789246 0 0 0.1424844413995743 23.22617007791996 1.535886988043785 0.08101285994052887 0.4709688425064087 0.2906719744205475 30.66173673421144 8.825287587940693 13.95057265460491 0.253528043627739 1.249892674386501 0.7012176290154457 0.1057974621653557 1.62871727347374 0 0 0 0 0.09223569929599762 0 0.1245246902108192 0 37.95245812833309 9.990596316754818 5.980392545461655 321.6823319941759 5.293215923011303 138.4352005049586 56.39040779322386 145.2609899416566 12.28990012407303 0.8524397909641266 24.83360388875008 12.26753681153059 0.8826927617192268 4.756110563874245 2.478977702558041 38.66966444253922 0.3831923007965088 0 0.7775395214557648 16.04985021799803 4.279610611498356 435.1786495298147 87.01688528060913
289.5644952058792 879.933742672205 893.3879865780473 300.4199740961194 877.6934849992394 94.06958597153425 3903.863917432725 475.7100958004594 1297.636901766062 4414.378025569022 2940.498443745077 1920.302653282881 1605.463116414845 3064.352913148701 51.81341624259949 67.23064376413822 12.11333014816046 1.802268892526627 0.4178272411227226 2.850594110786915 2.80858438462019 7.870038628578186 0.9088251441717148 3.429164089262486 6.58040214329958 5.193855553865433 10.541718095541 3.848305150866508 6.799607388675213 3.799582362174988 232.8862100020051 38.74631271511316 829.356161236763 0.1305741667747498 2.547141864895821 6.453544445335865 953.9912837669253 27.08638239651918 85.33658371865749 12.62602486461401 14.18604784458876 8.769288249313831 1.135974951088428 9.178832106292248 0.7108284160494804 1.423856757581234 70.89168249070644 0.7007955685257912 2.939229242503643 0.7274929955601692 6.103756509721279 3.282547816634178 16.99059335887432 8.160018652677536 0.1947846785187721 0.1817381754517555 4.348114132881165 31.97557080537081 3.529259897768497 9.802158631384373 0.8025635406374931 29.76053862273693 0.1017833575606346 92.9303480014205 1.165377900004387 0.9162080362439156 1.101142033934593 1.689360745251179 1.799316167831421 5.421985059976578 615.6668749973178 10.38882263749838 0.4884208887815475 12.54354080557823 45.37329857796431 48.92719806730747 124.237553589046 77.31546661257744 27.17529244720936 293.5213004797697 0.4612858965992928 8.841372534632683 0.7805251702666283 0 0.6533526405692101 0.3571335598826408 1.131147973239422 0.21061772108078 0.8778415322303772 0.4462017938494682 1.011331930756569 1.02100895345211 10.34457305818796 8.841528117656708 5.088779143989086 1046.990661799908 217.7229693457484 5.776132516562939 154.8748331665993 64.04840272665024 1.530148953199387 12.36935384571552 31.74080873280764 59.42031309753656 6.273888155817986 52.41296164691448 24.06161300837994 25.37553632259369 238.0943683385849 193.0040455833077 19.49776240438223 78.92998295277357 131.2953440621495 44.91170579940081 39.80752209573984 1.856258422136307 1.73034480214119 0 0.6027371361851692 0 0 0.2732687816023827 0.3084924966096878 0 0 1.055584520101547 0.1987976431846619 0.8286324664950371 0 0.1129445359110832 0.2108972519636154 0.2048565745353699 0.9711310118436813 0 5.216467224061489 6.638430692255497 0 0.5966973677277565 0.7913660928606987 10.94863153249025 1.113700725138187 31.14225777238607 1.203857682645321 1.332234017550945 0.2800558283925056 0.5036828964948654 0 0.5699827894568443 1.775762595236301 1.591316014528275 0.1034256741404533 0.5941973552107811 1.269830755889416 0 0 0.4316261261701584 0.8931014910340309 2.485588409006596 0 0.1024939268827438 0.1240489855408669 0 0.4346799403429031 0.6311296373605728 3.105139575898647 1.500305384397507 22.03009838610888 0.9564371779561043 0 0 0.1056514978408813 0.179401233792305 0.1998700872063637 0.2013795524835587 0.1109344065189362 0.9801049828529358 33.34844841808081 0.7232846841216087 0 0.3369252532720566 0.4897647574543953 46.07121225446463 13.43063043802977 23.16858936101198 0.2223796471953392 1.337323941290379 2.240347161889076 0.2144714593887329 1.764440841972828 0 0 0 0 0 0.2224791571497917 0.4399160593748093 0 56.59413219243288 10.70475723594427 7.025944478809834 565.5856180265546 11.90881875902414 327.9758806079626 132.7204291522503 206.7577166035771 18.64090064167976 0.7814122661948204 56.82504155486822 18.31315159797668 1.261059001088142 5.706901043653488 2.567493677139282 72.32268159836531 1.334881663322449 0 1.455035619437695 28.87032742798328 8.016847103834152 547.6242941841483 144.089387781918
