48.40727020800114 955.0851274505258 206.7869925796986 1340.685050725937 52.01837619394064 49.80894555151463 432.4501051902771 16.95902985334396 12.51036421954632 1280.180710755289 73.75597508996725 211.4643389806151 96.05020518600941 45.60103706270456 3.704671010375023 1.605448015034199 0.2531700953841209 0 0 0 0.484337642788887 0 0.3992159962654114 0.1568883061408997 0 0 0 0.2937912940979004 0.1378915458917618 0.1308852136135101 527.5745705366135 11.62339817732573 16.97120630741119 0 0 0.4666150212287903 1.894629783928394 1.810352452099323 0.469187930226326 0.09462904185056686 0.2176762074232101 0 0.2080256938934326 0 0 0.558482825756073 13.81168751418591 1.757416523993015 0.1698839217424393 0.1945889890193939 0.1117523163557053 0 0 0.2162501364946365 13.85027570277452 14.40593789517879 265.3451389372349 1028.65523237735 60.24912233650684 28.87362939119339 0.4840661063790321 0.4874289929866791 0 42.88771753758192 1.604980438947678 0.5814734771847725 0.1078180745244026 0.772392712533474 0.4510438218712807 0.4315399080514908 12.88711952418089 0.7961525097489357 0 135.9140235036612 52.93298527598381 28.95184823125601 11.63321328908205 4.411832556128502 2.304851964116096 155.4615461826324 0.114825613796711 5.056708857417107 23.04133034497499 0.61666139960289 1.389209367334843 3.489173457026482 1.434239141643047 0.09571917355060577 0.09724266827106476 0.1055404618382454 0.09302113950252533 0 0.9080912917852402 0 0.103069856762886 21.31926077604294 1.871129348874092 0 0.9800142645835876 954.0424525663257 0 0 3.6652672290802 0.8244826570153236 1.545172810554504 16.61514349281788 1.147242218255997 6.235065937042236 41.94692252576351 6.106483995914459 0 15.54802809655666 4.315477877855301 9.07582388818264 5.82772146910429 0.1184119135141373 0.1384883522987366 0.4410004913806915 0 0 0 0 0 0 0 0 0 0 0 0.09359152615070343 0 0 0 0 2.420480459928513 0.6634868830442429 0 0 0 2.376597970724106 0 1.583246424794197 0.08002997934818268 0 0 0 0 0 0.1023546606302261 0 0 0 0 0 0 0 0.1670928299427032 0 0 0 0 0 0 0.3980152606964111 0.162567675113678 0 2.169436067342758 2.324437692761421 0 0 0 0 0 0 0 0 1.946067370474339 0.3343217670917511 0 0 0 0 0 0.09727076441049576 0 0 0 0 0.09944982826709747 0 0.1501269042491913 0 0 0.1117991134524345 0 0 0 1.298170641064644 0.6137446761131287 1.700622066855431 109.6763750612736 7.20806036144495 90.12309152632952 17.29204975813627 1008.259324476123 9.102163471281528 9.355492807924747 14.07209141552448 1.688877306878567 0.2736433446407318 0.4006035923957825 1.034169808030128 21.88643936812878 0 3.931551791727543 0.1866658478975296 0.7382069975137711 0 183.0830615088344 3.459033146500587
955.0851274505258 2055.101759955287 770.9560551196337 612.1109559237957 1537.360781788826 214.8230302035809 2559.997046813369 118.5440791621804 2515.993346832693 1157.65133792907 1192.97728921473 383.940467312932 1976.367715284228 3138.625087894499 53.71056745201349 21.00661122053862 1.46878220140934 0.5217469036579132 0 0.2220285460352898 1.002048566937447 0.8778610825538635 0.4259606152772903 0.818009726703167 0.1471676975488663 0.3565274029970169 1.980850920081139 0 0.2078953981399536 0.2895652055740356 2066.887103550136 238.7334711700678 194.2683807238936 0 0.3184762448072433 1.03883808106184 36.29459145665169 4.850659117102623 2.707502566277981 1.303819715976715 2.753261797130108 0.7310583889484406 0.7623743116855621 2.342161484062672 0.1777834743261337 0.8063588812947273 156.7149602547288 15.60799927264452 0.8653125613927841 2.918506562709808 0.8372129574418068 0.6367932260036469 0.2504029870033264 0.9658714532852173 35.43901240080595 47.44430275261402 249.9099442958832 1106.739533178508 144.1721615567803 178.9813171178102 6.330557823181152 6.52234548330307 1.290349408984184 374.3236415535212 6.31224499642849 3.419386051595211 1.921468257904053 2.255646884441376 3.474080242216587 1.73770248144865 156.761270314455 2.659601807594299 0 614.3984141349792 361.6452160328627 429.549001224339 162.9427196830511 49.35383870452642 18.62914469093084 813.4360456839204 2.917200446128845 37.58114101737738 91.94784113764763 3.333815909922123 8.772896341979504 16.68986525386572 5.539238721132278 0.2159092053771019 2.360161043703556 0.1403665691614151 0.8835673406720161 0.454271525144577 4.966071046888828 0.7017688751220703 1.263186201453209 109.8547759279609 33.61436524242163 0.8670300245285034 4.449299141764641 601.3901523202658 5.627415895462036 1.411942109465599 27.07617820799351 2.734187602996826 4.424265831708908 59.35567672550678 6.172177359461784 71.44086380302906 17.73393702507019 10.79300961643457 4.970394432544708 116.1583098396659 39.86737038195133 69.70067830383778 84.87247359752655 3.418961852788925 2.861632689833641 0.1062147617340088 0.1142823770642281 0 0 0 0 0 0 0 0 0 0 0.1028257608413696 0 0.4290919080376625 0 0 26.73463655263186 14.27325863391161 0 1.287637308239937 0.3790309801697731 57.14711485803127 10.14758459478617 27.80293419212103 6.487230964004993 1.736280180513859 0 0 0 0 0.2514704242348671 0.8030909895896912 0 0.5503397881984711 2.907494984567165 0.09174944460391998 0.1332342177629471 1.29115317761898 0.3675499185919762 0.1027539893984795 0.1008992195129395 0.9433304220438004 0.3626822605729103 0 1.784969247877598 0 1.390163213014603 6.152580507099628 47.43913860619068 8.942429333925247 0.7430736199021339 0.08862370252609253 0 0.1873437464237213 0 0.1091795340180397 0 0 46.20854742825031 9.604078114032745 0.6503812968730927 0 0 13.01536563038826 0.5920846313238144 9.955413244664669 0.1219687089323997 3.776492401957512 4.414487145841122 0.9721289426088333 1.390009135007858 0 0 0.5678403601050377 0 0.1029137670993805 0 0.1074043735861778 0 48.30541355162859 14.01035404205322 12.96162597835064 763.7126452922821 25.40294127166271 669.2375154644251 108.4775148183107 920.6823045685887 44.54577603191137 22.71805304288864 138.5825985744596 13.80194061994553 3.817828513681889 9.784140892326832 3.619122132658958 13.1481125280261 0.9230725467205048 0.9479605630040169 0.3033163398504257 15.66738165169954 1.898041851818562 228.5009918138385 33.31821655482054
206.7869925796986 770.9560551196337 813.1346962302923 15.00909896194935 580.2168337330222 9.543956018984318 54.43835785984993 867.8481693863869 189.7838753536344 14.79333472251892 1729.257739789784 4.073561131954193 64.22572629153728 656.8534126952291 24.95717331022024 16.78530743718147 1.918140277266502 0.7903356179594994 0 0.6940151154994965 3.130575232207775 0.8992137536406517 4.102378033101559 1.418226674199104 0.2775087356567383 0.9925947040319443 2.519430764019489 0.479583278298378 0 0.8992141932249069 2936.462317042053 407.0097085535526 158.396796785295 0 1.0685645788908 3.098229497671127 38.18903037160635 45.32303324341774 6.293929733335972 1.377783104777336 5.734869405627251 1.464619129896164 4.174618825316429 2.857395440340042 0.3193938136100769 0.8413491547107697 48.40642862021923 2.944176368415356 0.8137490600347519 6.417145758867264 2.165967836976051 0.8009249046444893 0.6426863744854927 1.550614260137081 6.991483576595783 7.307506464421749 60.84631448239088 594.5985412746668 23.52068722993135 44.31988213956356 7.042115598917007 17.14557970315218 2.206782378256321 347.9851586595178 0.8005982637405396 0.9323442205786705 0.5241364389657974 3.79741944372654 10.77272866666317 14.05573353916407 159.7658125758171 27.10577733814716 0.185597151517868 129.6404255703092 149.3089843094349 152.4561887606978 99.227040797472 57.49233947694302 336.9803845211864 1303.088874310255 0.8521807938814163 203.5455121845007 17.39971701055765 0.6267866566777229 2.063534311950207 2.779529824852943 4.161782413721085 0.09932451695203781 0.5153500810265541 0 0.5516336262226105 0.389699324965477 23.13547539710999 2.535239569842815 2.159577123820782 49.4972395375371 114.4161979556084 0 7.00107828527689 117.6425012350082 3.062713421881199 0.6808970049023628 12.49730661511421 0 4.006793424487114 16.16993434727192 0.1580068469047546 27.26525703072548 3.727221608161926 3.93235869705677 1.543633624911308 48.47670957446098 16.81260284781456 22.73515345901251 69.092922270298 5.21990405023098 3.406375050544739 0 0 0 0 0 0 0 0.1197235882282257 0.1094412356615067 0 0.422962062060833 0 0.2032261043787003 0.1483570486307144 0.1949892789125443 0.2414921149611473 0.07817748934030533 24.05152145773172 10.16350236535072 0 1.260999172925949 0 66.76407338678837 17.79978971928358 57.13681454211473 19.17221517860889 3.499872297048569 0 0 0.1051531434059143 0.09920381009578705 1.390133775770664 1.708336859941483 0.1170849576592445 0.5973247140645981 5.391260989010334 0 0 0 1.79155495017767 0.1113683357834816 0.3145255446434021 0.4449970126152039 0.08501749485731125 0 2.666800253093243 0 3.72548171877861 9.714208178222179 68.68195404857397 10.13493322581053 0.5282498151063919 0.9923471212387085 0 0.130082756280899 0 0 0 0 33.49419399350882 5.220853269100189 0 0 0 7.990837201476097 1.687895759940147 16.9362361356616 1.97881393879652 3.333960667252541 4.424650549888611 0.3297192603349686 0.7292082905769348 0 0 0 0 0 0 0 0 20.79922319948673 23.8463833630085 41.59685159474611 273.7103621512651 10.05340128391981 187.1470529511571 40.35301792621613 109.9354268237948 18.27460832893848 4.123596675693989 53.77270690351725 22.55999291688204 0.4145412668585777 7.380989849567413 5.29421654343605 9.750996723771095 0.1051179692149162 0 2.274257205426693 6.275574415922165 1.595752656459808 41.4967523291707 9.540544956922531
1340.685050725937 612.1109559237957 15.00909896194935 360.6196203604341 66.5622471421957 709.1135901510715 452.4355587437749 2.525401555001736 9.271786533296108 1945.751213975251 13.75385467708111 1187.845697581768 990.2894688844681 77.81546567380428 2.722682677209377 0 0 0.1449320614337921 0 0 0 0 0 0 0 0 0 0 0 0 146.5938448980451 5.606000743806362 2.211041614413261 0 0.1166239604353905 0 0 0 0 0 0.132099449634552 0 0 0 0 0.4113955870270729 18.98797030001879 1.683761656284332 0.3693700581789017 0.0946386530995369 0.3247122019529343 0.1103959456086159 0 0.1147816553711891 9.806554421782494 13.58390475809574 103.7131463885307 497.8427743315697 38.98642571270466 32.91017481684685 0.1404849886894226 0 0.6458902060985565 27.5711117759347 1.648491151630878 0.6230695992708206 0.5180279985070229 0.412530891597271 0 0.1968581900000572 0.7679190263152122 0.6254202127456665 0 135.354410149157 51.55627277493477 38.38997510820627 12.48975379765034 0.4873818755149841 1.778652295470238 11.43372874706984 0 1.030319027602673 25.59428565204144 0.9771316647529602 1.967426553368568 3.698053188621998 1.620155371725559 0 0.6199351325631142 0.1321371495723724 0.4894630014896393 0.09845393896102905 0.09409540146589279 0 0.2302059158682823 3.994448527693748 0.5733665153384209 0 0 437.2680516242981 2.213269159197807 2.311895966529846 4.427082270383835 1.733123764395714 1.361805975437164 12.30744443833828 1.826525971293449 12.01723065972328 113.6740858703852 9.333924844861031 0 25.30519312620163 8.719811461865902 14.40388531982899 2.987607717514038 0 0 0 0 0 0 0 0 0 0 0 0 0 0 0 0 0 0 0 1.034476280212402 0 0 0 0 1.816472291946411 0 1.283888250589371 0 0.1698131412267685 0 0 0 0 0.867001473903656 0 0 0 0 0 0 0 0 0 0.2315480932593346 0.2310472950339317 0 0 0 0 0 0.1089562848210335 0 0.4553504884243011 0 0 0 0.1200996711850166 0 0 0 0 2.880033075809479 0.5633843839168549 0.1475455164909363 0 0.1266283541917801 0.6700601577758789 0.132131963968277 1.651632100343704 0.1636720150709152 0.4405657052993774 0.350527435541153 0 0 0 0.283332496881485 0 0 0 0.1196999773383141 0 0 6.592603474855423 0.2764993906021118 3.502627953886986 71.21349028497934 5.80076938867569 89.19551457464695 12.26545584201813 681.6068432107568 4.641550235450268 4.102239720523357 9.576590552926064 0 0.795541062951088 0.1388368457555771 0.2391661778092384 13.27800494432449 0.4219456613063812 3.378871142864227 0 0.8759930282831192 0 123.5403443872929 11.84813478589058
52.01837619394064 1537.360781788826 580.2168337330222 66.5622471421957 577.3933840245008 2.113481007516384 1341.456750124693 74.64436033368111 2042.005479104817 157.8609690591693 871.5964411199093 89.40982836484909 632.8883886411786 1801.614963971078 14.69637121260166 7.000242426991463 0.2505712881684303 0.09211528301239014 0 0 0.1674353182315826 0 0 0 0 0 0.8744882270693779 0 0 0.1097663268446922 163.4543755054474 46.20795432478189 31.88663789629936 0 0 0 10.05340513586998 1.276275262236595 0.6142886802554131 0.1190172284841537 0.117714948952198 0.1068936511874199 0.2371634840965271 1.727382466197014 0 0.1861754953861237 30.2262347266078 1.323258616030216 0.1460773199796677 0.09774332493543625 0.08537328988313675 0 0 1.720547206699848 4.71622259169817 4.52366491407156 17.81732849031687 62.33582896739244 15.14941735565662 27.19809789955616 1.352857850492001 2.659496732056141 0.2059709429740906 61.92801689356565 0.7573682516813278 0.3375895470380783 0.2343838438391685 0.299603097140789 0.4510419964790344 0.61013063788414 53.70838063210249 0.1151223555207253 0 70.8649315237999 47.57467143237591 89.29029979556799 29.17099465429783 12.36773815751076 4.106459386646748 69.21533335000277 0 5.052193753421307 11.24961912631989 0 1.16750992834568 2.046176560223103 0.6294785737991333 0.1038448959589005 0.1158221438527107 0 0.1918699070811272 0.08757157623767853 1.27069978415966 0.1026017367839813 0.3703824207186699 48.40980149060488 19.21373126655817 0 1.3802310526371 10.68412622064352 5.580052994191647 0.3818771243095398 8.61161045730114 0 6.414483904838562 14.64188323915005 0.1200767830014229 18.49366535246372 6.689873330295086 9.838528528809547 2.01318983733654 52.38719903677702 18.02936614304781 30.57086310535669 36.07559230178595 1.300399214029312 0.7289996817708015 0 0 0.1110116541385651 0 0 0 0 0 0 0 0.09326191991567612 0 0 0 0 0 0 10.84176091849804 6.352652877569199 0 0 0 19.57882922142744 1.724208787083626 13.89095488190651 2.361809462308884 0.5680080428719521 0 0 0 0 0.1193340048193932 0.1958006769418716 0 0.4713268876075745 0.8166598677635193 0 0 0 0.2205205410718918 0 0 0 0 0 0.2571049854159355 0 1.102072201669216 0.9989318177103996 13.38421250879765 1.477769568562508 0 0 0 0 0 0 0 0 21.10681896656752 5.95373460650444 0 0 0 0.7747514545917511 1.072617918252945 4.578229688107967 0.3827542513608932 2.114856757223606 1.819075502455235 0.6247742176055908 1.550452053546906 0 0.09957458078861237 0.1056770980358124 0 0 0 0 0 26.20731516182423 3.880751952528954 5.65107885748148 198.2705123350024 5.407041646540165 119.2561704441905 23.88496675342321 38.99886251240969 10.49409041553736 2.112826734781265 41.43000639230013 4.129963546991348 0.2311123684048653 1.958470568060875 1.099069565534592 6.91521979868412 0 0 0.4314545691013336 2.907178953289986 0.1288159191608429 32.29610580950975 6.588222481310368
49.80894555151463 214.8230302035809 9.543956018984318 709.1135901510715 2.113481007516384 0 94.69994132220745 0.2686198279261589 1.054567694664001 893.7226740717888 1.404411792755127 151.5646325200796 108.7212489917874 6.929290577769279 0.3016152754426003 0.1468109935522079 0 0 0 0 0 6.274864137172699 0 0 0 0 0.4347434639930725 0 0.8666611388325691 0 13.02519386261702 0.1402273774147034 2.152161836624146 0 0 0 7.624822340905666 0 1.281781636178493 0 0 0.4490929692983627 0 0 0 0 0.2479268014431 0 0 0 0.7677439525723457 20.4472599029541 9.595375314354897 3.89409726858139 0 1.937147572636604 48.51745174825191 3.317196786403656 3.144842311739922 0 0.7394468635320663 0.6498005092144012 0 0.1221856772899628 0.1027469113469124 0 0.3053357899188995 0 0 0 130.1101783514023 115.8700659796596 15.02136414498091 0 0 0.2140480354428291 0.1401671171188354 0 0 2.193714998662472 0 1.225835375487804 0 8.683625750243664 0 3.947542138397694 0.4595501273870468 8.212098613381386 6.003153555095196 21.34451300650835 3.794098980724812 13.26972588151693 0.1384289711713791 0.1179784908890724 4.89977803081274 44.02891077846289 57.14723080396652 30.78239013999701 3.598059743642807 267.3695887327194 0.4517090618610382 0 0.4249247014522552 1.286683544516563 0 7.659200012683868 1.94730481505394 4.213368371129036 24.49608986079693 2.947521939873695 0 10.14359024167061 6.665074378252029 5.110919460654259 1.719700619578362 0 0 0 0 0 0 0 0 0 0 0 0 0.2594807147979736 0 0.09793281555175781 0 0.5033404156565666 0.1096287071704865 0.1006529480218887 0 0 0 0 0 0.2838173508644104 0 0 0.4237481355667114 0.147791862487793 0 0 0.2582052275538445 0 0 0 0 0 0 0 0.09993155300617218 0.2589076906442642 0.2320175096392632 0.2764743119478226 0.2106437981128693 0 0.09467095136642456 0 0 0 0.1074277311563492 0 0 0 0 0 0 0 0 0 0 0.1277201622724533 1.032060295343399 1.237083986401558 0.1436161994934082 0 0.1222311481833458 0 0 0 0 0.08994254469871521 0.10349440574646 0 0 0 0.08540816605091095 0.08105674386024475 0.2101348042488098 0 0.107700377702713 0.1138684153556824 0 2.281196743249893 0 0.3599209561944008 2.064501479268074 0.7732399329543114 1.350583031773567 0.1138187125325203 56.74914687126875 2.193950518965721 0 0.1535763591527939 0.2600508034229279 0.5448688864707947 0.4548216834664345 0 9.806148380041122 0 0 0 0 0 35.21121346205473 11.46103228628635
432.4501051902771 2559.997046813369 54.43835785984993 452.4355587437749 1341.456750124693 94.69994132220745 757.9743820428848 8.384540446102619 927.9195373132825 858.0649568513036 345.5199426189065 518.7249800115824 3715.048329234123 493.1824736893177 11.66797452419996 3.977502025663853 0 0 0 0 0.1703488677740097 0.1493415981531143 0.1215575784444809 0 0 0 0.1495161205530167 0 0 0 168.7119570672512 36.89565723389387 7.128175362944603 0 0 0.1343251317739487 7.651449516415596 0.1189507097005844 1.031982958316803 0.2858108133077621 0 0 0.1060214266180992 0.7644480466842651 0 0 53.70259485393763 4.553704284131527 0.561587855219841 0.5142730697989464 0 0.3317810595035553 0 0.253564178943634 12.55017480999231 12.51883621513844 63.0059482678771 252.1608666852117 42.37023542821407 53.78430192917585 0.1549576371908188 0.2257832586765289 0 74.26050500571728 1.241441071033478 0.628329910337925 0.3354222476482391 0.8016794845461845 0.2620688080787659 0.1954045444726944 18.47733418643475 2.450081184506416 0 188.9300478175282 94.90605918318033 116.8319913595915 30.60631962865591 6.420296832919121 2.20896577835083 7.822048842906952 0.3499604910612106 1.344781965017319 36.01993542164564 0.4713348671793938 2.903328135609627 4.43279192596674 2.595265947282314 0.2273946553468704 0.6971299350261688 0 0.2475519478321075 0 0.2613801583647728 0 0.238135077059269 34.68073441833258 7.339611932635307 0.759223535656929 0 60.45571126788855 3.934566542506218 4.97305078804493 32.1256869584322 29.42765325307846 3.813408970832825 117.1289931088686 9.98687282204628 146.0708872377872 63.90243533998728 16.38500288873911 0 55.98268711566925 23.99286632239819 31.98340977728367 36.91419021040201 0.1085072681307793 0.6071251109242439 0.432076096534729 0 0 0 0 0.2703944146633148 0 0 0.1353635489940643 0 0 0 0 0 0 0.1659822314977646 0.1875094771385193 11.1637549996376 1.02372470498085 0 0 0 13.96535684168339 4.079494118690491 9.213147580623627 0.490194246172905 0.1317531019449234 0 0 0 0 0.1174647733569145 0 0 0.2912330031394958 0.2639533579349518 0.2398183643817902 0 0 0 0 0.1745252460241318 0.4171663299202919 0.09949902445077896 0.1138923242688179 1.597325891256332 0.7491496503353119 0.5086888670921326 0.9543163180351257 12.46046036481857 2.64075568318367 0.2576101720333099 0.6018680259585381 0 0 0 0 0 0 6.421919047832489 3.549652338027954 0.1645198166370392 0.1188913136720657 0 2.000888168811798 0 4.925632506608963 1.265609979629517 0.5824835374951363 1.345592588186264 0.6218275427818298 0.9235213398933411 0.1170439198613167 0.1211174204945564 0 0.1166188344359398 0 0 0 0 21.06255839020014 3.323203355073929 3.304788872599602 200.2755393832922 8.908857047557831 193.1962566748261 29.78386061638594 273.8681082203984 13.94177579879761 8.063899345695972 35.18713467568159 5.062784023582935 0.3266222327947617 2.128748700022697 1.328208416700363 14.85695813596249 0.2285860180854797 0.7550112754106522 0.8376553058624268 3.137313738465309 0 140.8119941428304 20.9508223682642
16.95902985334396 118.5440791621804 867.8481693863869 2.525401555001736 74.64436033368111 0.2686198279261589 8.384540446102619 640.4009530618787 31.35243089497089 2.763242021203041 1348.055242605507 2.633466124534607 45.4306333810091 328.2117726877332 26.5931498631835 28.32863963395357 1.410896942019463 1.778131730854511 0 2.312697343528271 12.5103611946106 0.5145456343889236 18.2712364345789 6.308750949800014 0.12993423640728 2.638950899243355 11.40328754484653 0.9885681793093681 0.1887372583150864 2.041035786271095 950.3405840247869 1607.449299961329 192.3048266246915 1.000320568680763 1.994225844740868 9.751594267785549 36.81007315963507 21.39530797302723 7.565912887454033 0.9748148769140244 23.76533354818821 5.776470772922039 14.79335682839155 7.013860121369362 0 1.359137356281281 44.5557259619236 2.869279980659485 2.115602694451809 19.9337143599987 8.637519039213657 1.259894363582134 2.167093053460121 4.467921130359173 3.044035561382771 3.544090576469898 20.12830495089293 104.0533220246434 12.81860752403736 30.30222585052252 28.13482899218798 46.35756512731314 5.248079299926758 409.601759724319 0.3198011964559555 2.236945316195488 0.9400791600346565 9.813501238822937 31.85504094511271 46.38562193512917 151.7157497406006 16.94799739867449 0.1421532779932022 76.12868572026491 106.5054371058941 146.6453177034855 151.3719723895192 169.9638618901372 1742.850316107273 3366.018511392176 5.269726403057575 1011.567202731967 8.822164125740528 0.1305442303419113 1.322298713028431 1.6830949857831 10.27632407844067 0.0963490903377533 0.1051592379808426 0.2532567977905273 1.319658868014812 1.20128183811903 86.72258450090885 8.531093582510948 11.15546461939812 27.48155223578215 47.82061113417149 0 7.605376183986664 9.783200569450855 2.084475174546242 1.401371598243713 5.722611844539642 0 1.525389105081558 8.503638565540314 0.1307228058576584 11.05401196330786 2.695080563426018 2.998575806617737 1.875262543559074 32.05011916905642 6.231066547334194 21.71917961537838 41.44977369904518 3.299581199884415 2.34789877384901 0.1061119139194489 0.2857078090310097 0.2020074874162674 0 0 0.2291652262210846 0 0 0.5488768368959427 0 1.135533139109612 0.238276019692421 0.533929631114006 0.1972836554050446 0.598443441092968 0.2612785398960114 0.3543768301606178 16.17074748128653 4.7962516695261 0 1.383347146213055 0.3102938309311867 28.12111502885818 6.896411590278149 17.00670643150806 11.07872347533703 2.490981340408325 0.1315683275461197 0.1927257031202316 0.4996284767985344 0 1.585640035569668 1.184648022055626 0.1213322803378105 1.065829396247864 2.699302919209003 0 0.2568707168102264 0.2357714548707008 1.724357292056084 0.5537480115890503 0 0 0 0 2.670730516314507 0 3.182792477309704 6.029334209859371 28.58509297668934 4.609617814421654 0 0.2072145640850067 0 0 0 0 0.1179163604974747 0.2526208460330963 14.39683781564236 2.226380653679371 0.3404193371534348 0 0.2429132461547852 3.439870335161686 1.132123589515686 10.63593468815088 0.5337674543261528 2.422357268631458 1.369239754974842 0.101374439895153 0.4002553448081017 0 0 0 0 0.09991860389709473 0.3289489448070526 0.1068652346730232 0.1267680078744888 10.58717133849859 14.8581774905324 13.05634532123804 203.3668755292892 17.0007353797555 145.3756262883544 36.3194355070591 27.0884899571538 12.02602577209473 1.402036651968956 44.43873978406191 15.46332298964262 2.185385942459106 5.695007115602493 1.926115922629833 5.009619690477848 0 0 1.573318712413311 6.250016063451767 0.7477533668279648 21.02029120177031 3.974678434431553
12.51036421954632 2515.993346832693 189.7838753536344 9.271786533296108 2042.005479104817 1.054567694664001 927.9195373132825 31.35243089497089 838.179636657238 162.2833921685815 892.4765442162752 133.3706617951393 1681.977015011013 1328.84253886342 11.86208555102348 6.198794223368168 0.9025758355855942 0 0 0 0 0.2867170572280884 0 0 0 0.4980708360671997 0.5446342825889587 0 0 0 52.26693043857813 31.86480567604303 31.2380695194006 0 0.5803983211517334 0 9.597271881997585 1.647786729037762 0 0 0.5790509581565857 0.1083855479955673 0 0.4021159633994102 0.2066652923822403 0.5423329174518585 22.0691482052207 2.262060739099979 0.2647063881158829 0 0.1009062379598618 0.3455601334571838 0 0.4870430752635002 2.156049579381943 2.184820182621479 9.836507014930248 28.07866103202105 8.37420142441988 23.68464359641075 0.7053093016147614 0.1791786700487137 0 33.58774468302727 0.9826010763645172 0.08860867470502853 0.1083116233348846 0 0.4210803508758545 0 50.54263526946306 0.6146077364683151 0 47.5103671848774 25.74812223017216 60.12095472216606 18.62145263701677 9.312827557325363 1.040672115981579 71.32537957280874 0.130105122923851 3.75365674495697 7.652405895292759 0 0.3908665850758553 0.615805558860302 0.5099788829684258 0.09400761872529984 0.3516649156808853 0 0.1811675578355789 0 0.3565618246793747 0 0.08443526178598404 35.66720545291901 9.840745382010937 0 0.1253513693809509 2.482344157993793 1.364696383476257 0 2.333675056695938 0.7212920188903809 4.478103086352348 21.44277930259705 2.406910762190819 30.15445052087307 1.904117003083229 7.095455922186375 1.198577865958214 46.04260165989399 14.76680988073349 23.24617263674736 35.24779562652111 1.398742720484734 1.86009356379509 0 0 0 0 0 0 0 0 0 0 0 0 0 0 0.09774202108383179 0 0 7.937586463987827 2.497663721442223 0 0 0 16.49549750983715 4.043489694595337 8.79616155475378 2.730578728020191 0 0 0 0 0 0 1.011037155985832 0 0 1.352575041353703 0 0 0 0.4074528068304062 0 0 1.644866347312927 0 0 0.6415966302156448 0 0 0.6559011787176132 19.70528404414654 1.276838660240173 0 0 0 0 0 0 0 0 16.88220153003931 2.0264702886343 0.4607018232345581 0 0 2.391649201512337 0.1440820544958115 6.015555828809738 0.4573927521705627 2.626347124576569 0.6192560642957687 0.3285360783338547 0.215126134455204 0 0.1174640282988548 0 0 0 0 0 0 24.75042343139648 6.082696028053761 4.566529273986816 153.9525535330176 3.613005876541138 75.12019309401512 15.48906691372395 15.77876435220242 6.930405832827091 1.96004880964756 42.08445377647877 5.735643036663532 0 0.9032098650932312 0 0 0 0 1.134465634822845 5.407350912690163 0.5859778225421906 26.8342165350914 6.505073077976704
1280.180710755289 1157.65133792907 14.79333472251892 1945.751213975251 157.8609690591693 893.7226740717888 858.0649568513036 2.763242021203041 162.2833921685815 2022.617190092802 191.2004104554653 2171.090027734637 6525.886311046779 179.6914305537939 14.36540057510138 15.82756504416466 3.086175821721554 0.5885099992156029 0 0.3178894519805908 0.4861064255237579 11.7001551836729 0 0 0 0.7636314630508423 3.068148598074913 2.232964307069778 4.142078414559364 1.096158981323242 70.10072027146816 8.131726056337357 54.57471983134747 0.3834897428750992 0.4408587068319321 0.6915157437324524 68.08648415654898 1.221816405653954 2.59882739931345 1.418079942464828 2.59239599108696 0.1401713192462921 0.4737559258937836 1.995339475572109 0.2850903570652008 2.182621642947197 18.8902233466506 1.72474293410778 0.4388767331838608 0.500211127102375 0.6985374465584755 9.097832664847374 3.970135435461998 12.37826283276081 7.37970669567585 7.845994532108307 76.80753380060196 250.1246873363853 19.84490532428026 22.40806598961353 4.084884949028492 1.55038258433342 1.689843833446503 29.35206300020218 0.8115175440907478 0.353781670331955 0.3672277256846428 0.6883565485477448 0.6660883128643036 0.1894440799951553 253.7500544860959 13.37468189746141 0.8219450637698174 84.37320812046528 37.20911435037851 41.52509718388319 16.69217620044947 5.760102510452271 2.218081645667553 5.390102446079254 1.863133370876312 12.80540231615305 13.50444351881742 0.5469231680035591 0.8304916769266129 1.436744324862957 1.108584098517895 0.7879305481910706 0.5625411942601204 1.042759418487549 0.3304247409105301 1.787933394312859 0.3498253524303436 1.526242941617966 2.749746881425381 379.9173856750131 116.530819915235 1.891083970665932 0.9773176163434982 664.1516343802214 2.112524092197418 7.059986308217049 48.30489709973335 20.57078064978123 8.082733556628227 123.289775185287 35.07784506678581 116.3146780282259 75.35631225258112 56.32214498519897 1.108681812882423 287.3319845348597 113.5849980562925 128.9761411473155 50.51442065089941 1.425607405602932 0.3303697854280472 0 0.2965577393770218 0.2364101558923721 0 0 0 0 0 0 0 0.6064883917570114 0.1051682606339455 0.4391919523477554 0 0.968285396695137 0.1440130770206451 0 13.61032952368259 5.778469577431679 0.2387965768575668 0.09896852076053619 0.257808081805706 12.98185706138611 4.231044113636017 17.67502561211586 4.346975222229958 0.6853215023875237 0.4752573370933533 0 0.1150897443294525 0 0 0.5531868785619736 0 0 0.320713959634304 0 0 0.7937517613172531 1.539062730967999 0.1617912501096725 0.2559778839349747 0.2733329236507416 0 0.9945056438446045 0.3098276257514954 0.2997891008853912 2.300662592053413 1.604854412376881 17.45752312242985 6.447553902864456 0.111835204064846 0.1366222649812698 0 0 0 0 0 0 28.27335831522942 12.77219382673502 1.102971769869328 0.3802289515733719 0 6.579404950141907 4.163724951446056 0.1738279312849045 0.365114152431488 3.060957476496696 0.9257050603628159 0.09981276094913483 0.2354107648134232 0 0.4444603323936462 0.09171751141548157 0.3305286765098572 0.3099935352802277 0 0 0 85.73874364793301 5.460696086287498 6.963056951761246 187.8212233558297 4.995619677007198 103.8695935681462 32.29650427401066 1391.651490613818 11.31935854256153 7.432034052908421 25.69475515186787 13.74772729724646 5.265387535095215 2.891339965164661 1.512808479368687 85.23347139358521 0 0.6132176667451859 1.025072976946831 2.470931500196457 0.3562792539596558 914.9447998702526 114.5387108698487
73.75597508996725 1192.97728921473 1729.257739789784 13.75385467708111 871.5964411199093 1.404411792755127 345.5199426189065 1348.055242605507 892.4765442162752 191.2004104554653 873.9742369502783 120.1556344330311 1987.849881626666 4250.408616043627 70.51796223223209 66.50531303137541 3.259677827358246 0.7275585159659386 0 1.5279725715518 1.759671933948994 2.825583912432194 3.926275566220284 3.248310402035713 1.866725109517574 1.455825075507164 11.05090668797493 0.8160648494958878 3.133856855332851 2.946600213646889 350.0302062556148 129.7964647933841 565.1828935816884 0 1.061732836067677 5.114772722125053 99.78746697306633 15.04753802716732 11.59648912400007 0.8783750385046005 6.320401817560196 2.257749743759632 1.417206145823002 7.638624109327793 0 1.264307595789433 92.55304582417011 3.284275136888027 0.9600818306207657 4.981087274849415 2.013137310743332 2.90608261525631 0.5547767281532288 4.298130206763744 6.075765423476696 6.712823085486889 21.65940692275763 92.08849561214447 18.02153976261616 58.10835319757462 10.14056494832039 25.36646710336208 5.295447140932083 192.6191976442933 0.9466850906610489 0.8905305415391922 0.5283096358180046 3.197568342089653 8.826676607131958 7.805297933518887 234.7468296289444 5.573504738509655 0.1213448345661163 109.984554104507 95.98179066181183 296.0937154591084 141.0693156123161 100.5735278725624 42.95914802700281 1210.663565792143 3.643650487065315 94.80320989340544 17.41403806209564 0.3404048159718513 1.177885472774506 2.785854913294315 3.69755807518959 0.1183400675654411 0.7613196298480034 0.4259678870439529 0.4498795047402382 0.2203098684549332 20.73639763891697 3.605831108987331 5.778849877417088 100.7939462512732 42.91785535216331 0 4.286827564239502 10.01816073060036 5.630178324878216 1.295312941074371 26.77771278470755 0.6478985548019409 14.21161834895611 44.04672480374575 3.843835741281509 86.54821683466434 11.15037935972214 13.99278952926397 4.2054782807827 144.753939256072 43.59199301898479 83.10931817442179 126.1657947003841 4.238138400018215 3.742215074598789 0 0.2126696556806564 0 0.3236579298973083 0 0 0 0 0.2516654133796692 0 0.4069894924759865 0 0.09100764244794846 0 0.6693954616785049 0.118979349732399 0.2827283963561058 31.79767325520515 14.68442427366972 0.1808838099241257 0.09077931940555573 0.1279990375041962 54.40603899210691 8.827359579503536 32.35880448669195 8.982976026833057 1.848700262606144 0 0.2642316520214081 0.1066263914108276 0.1779024302959442 0.5616729706525803 1.661602228879929 0 0.6921289339661598 3.813216827809811 0.0863405242562294 0.4698277711868286 0.5656509473919868 0.8453381136059761 0.4670897126197815 0.3013977035880089 0.1814895421266556 0 0.1077610179781914 2.531750239431858 0 3.240170404314995 4.6716333553195 54.39365686476231 11.26307919621468 0 0.1235886290669441 0 0 0 0.1216069906949997 0.09256958961486816 0 66.2762229219079 10.13849373906851 1.006001256406307 0 0.2933290079236031 9.816898606717587 1.618261829018593 14.98483119159937 2.461357429623604 6.513687998056412 5.882791563868523 0.9650776237249374 0.7413678616285324 0 0 0.1022912859916687 0.09377957880496979 0 0 0.09335445612668991 0 62.44312458485365 19.42384849488735 17.07794557511806 534.1200330108404 9.989594861865044 303.1773156002164 99.52136517316103 51.16953583061695 32.61309753358364 4.847277022898197 137.6432081311941 13.28127443790436 1.152372881770134 8.807287871837616 2.222813755273819 7.867216855287552 0.6275150626897812 0 2.077556252479553 22.64495872706175 1.549305468797684 77.38048833608627 25.69471725076437
211.4643389806151 383.940467312932 4.073561131954193 1187.845697581768 89.40982836484909 151.5646325200796 518.7249800115824 2.633466124534607 133.3706617951393 2171.090027734637 120.1556344330311 405.3271129578352 2837.929300718009 131.0562849193811 31.69741819053888 39.96249844878912 4.763672091066837 0.9909585267305374 0.2468635737895966 0.8373774066567421 0.5990392491221428 18.48661863803864 1.14775525033474 2.328076779842377 1.358084067702293 3.169539093971252 6.770234048366547 3.781999498605728 9.203100442886353 4.098946675658226 11.324985653162 1.514233268797398 39.33473713696003 0 0.417334109544754 1.649345137178898 43.06051425635815 2.164636306464672 1.165127567946911 5.086367070674896 2.425643980503082 1.783224172890186 2.087336719036102 5.902520552277565 3.050867557525635 6.504157207906246 20.12965626269579 0.2148698642849922 0.09403535723686218 0.2888293340802193 0.9205158054828644 21.27115125209093 8.510057799518108 16.67074759304523 0.6381679326295853 0.379108726978302 7.082843698561192 11.89667545258999 2.436733283102512 8.842964470386505 8.278923459351063 10.99273876100779 4.198754176497459 3.988832347095013 0 0 0.1103085875511169 0.2073872610926628 0.9385266676545143 1.507857762277126 215.8451658338308 18.76238375157118 0.2745355814695358 9.67313888669014 6.244064830243587 46.39642205089331 18.44505437463522 14.20045949518681 2.997121095657349 25.07572331279516 1.135587424039841 37.72872902452946 1.205305583775043 0.3628933727741241 0 0.3751270622014999 0.4780515506863594 0 0.2885344102978706 0 0.3877969533205032 1.50091889500618 3.572763912379742 0.8401016741991043 6.980003900825977 621.3580628037453 335.3547196015716 0.1390825062990189 15.54145154356956 171.4827456697822 3.364396668970585 4.001019820570946 23.87676747888327 1.882881984114647 2.85244257748127 64.5304467305541 14.09829305112362 75.10986509174109 23.27704701572657 32.92879118025303 2.209613412618637 153.7111642211676 60.98750626295805 82.19761548936367 43.51309971511364 2.093122474849224 1.547576732933521 0.2179954499006271 0.3772999942302704 0 0 0.1206693649291992 0 0.1994322463870049 0 0.1191379576921463 0 1.640109546482563 0.1001844629645348 0.8957183957099915 0.1038005650043488 1.796684138476849 0.4921650439500809 0 11.6682345867157 6.0778529047966 0.1336606740951538 0.2687971591949463 0.2114205434918404 14.82306622713804 3.299468860030174 5.689332120120525 7.97503162920475 4.051870830357075 0.8443100452423096 0 0 0.09220163524150848 0.282203271985054 1.613436311483383 0 1.077572718262672 1.359039150178432 0.1492836177349091 0 0.8518222272396088 3.651593960821629 0.4552581310272217 0 0.1312471032142639 0 0 1.735460452735424 0 2.077810816466808 2.153938837349415 10.36737433820963 1.240738302469254 0 0.1157896146178246 0 0 0 0 0 0.2822462320327759 30.33382640779018 13.98040233552456 0.8054952323436737 0.3821616992354393 0 2.715434849262238 2.332153171300888 4.669671609997749 1.224430374801159 1.432139754295349 1.068689927458763 0.3519960343837738 0.6143623292446136 0 0 0.1082642525434494 0.4912011623382568 0 0 0 0 66.23374611139297 7.185412175953388 9.40952954441309 219.1670816838741 3.069934874773026 75.28380059450865 43.77957796305418 242.9451840594411 8.98194333165884 2.548803992569447 30.53158164769411 13.31834932416677 0.6477875709533691 4.944295316934586 2.683369964361191 16.10464282333851 0.1548005789518356 0 1.0696761906147 10.83296273648739 2.301828049123287 587.5273295044899 70.10563439875841
