305.9665291234851 1363.948860988021 796.3467146754265 1812.638804242015 64.32136525958776 104.0631499886513 453.6978536322713 59.86002012342215 91.98556118458509 1803.398976139724 123.6808456853032 63.6584015712142 178.2115638703108 53.78995878249407 0.8950194120407104 0.3018991574645042 0.6380470097064972 0.1010397747159004 0 0.09670785069465637 0 0 0 0.09337534010410309 0 0.2899482399225235 0 0.4675596877932549 0 0 854.3317432999611 1.398585341870785 3.767387084662914 0 0 0 3.557455778121948 0 1.254775881767273 0.2772283852100372 0 0 0 0 0 0 9.303793601691723 1.941837973892689 0.4034241139888763 0.08048474788665771 2.572947807610035 1.703540429472923 0 0.559279665350914 2.742298878729343 3.199807569384575 165.9451624080539 300.0780001580715 23.98368728905916 4.269309908151627 1.177900984883308 0.7168295830488205 0 13.81807465106249 6.464268997311592 5.709872543811798 1.689641691744328 1.902120806276798 0 0 27.33978568017483 19.75247423350811 1.393783867359161 122.1911519318819 70.76617613434792 12.38920679688454 0.4115872234106064 0.131573274731636 0.4590432792901993 2.553314439952374 0.4968531280755997 0.9362512454390526 7.997133791446686 0.4093149974942207 2.840100347995758 3.951379530131817 0.6928581595420837 0.3552547097206116 1.62575276941061 1.29620274156332 3.697029806673527 1.008603550493717 0.3068127855658531 0.3668981194496155 1.212328463792801 249.2933366075158 11.65016271173954 0 3.224704839289188 698.9835608750582 0.3240309879183769 2.627448000013828 3.38924777507782 2.366716355085373 1.279034592211246 17.12917133420706 1.567563131451607 7.847669750452042 13.80435077100992 8.707850642502308 4.632734499871731 24.70304822176695 5.933138906955719 7.652746044099331 1.878200940787792 0 0 0 0 0 0 0 0 0 0 0 0.2974653542041779 0 0 0 0.4804368317127228 0 0.3910822868347168 0.123048335313797 0.9453002065420151 0 0.4400420784950256 0 0 1.756708547472954 0 0.9773853719234467 0.1021373420953751 0.117237813770771 0 0 0 0 0 0 0 0 0.1585552394390106 0 0 0 0.1516998708248138 0 0 0 0.1890183463692665 0.3651315271854401 0 0.8444610610604286 0 0 1.873725533485413 1.05045235902071 0 0 0 0 0 0 0 0 1.220458172261715 0 0 0 0 0.716624028980732 0.1465779691934586 0.410626046359539 0.2143222242593765 0.2797094136476517 0.4519334435462952 0 0 0.1137185096740723 0.1051593571901321 0.1219219192862511 0 0.3313425481319427 0 0 0 3.446291230618954 0 0.6845788732171059 247.5503319650888 6.680522754788399 115.1620019003749 19.91610354185104 254.2930569946766 4.335857093334198 0.3780230730772018 1.519022159278393 16.96811798214912 0 0.6188325881958008 0 26.62373344600201 0 0 0 17.13814750313759 0 112.3549146652222 5.410907618701458
1363.948860988021 1466.232365529984 628.6361313164234 448.7045161128044 1153.545511543751 105.5206025466323 1994.380024842918 227.0493544265628 739.3717239126563 545.9609346091747 608.8374268785119 15.97478967159986 461.787390395999 548.4702739566565 6.198907673358917 2.310093559324741 0.5303349494934082 0 0 0.090493343770504 0 0 0 0.2899011000990868 0.4142019301652908 0.3049987703561783 0.08448100090026855 0.1998239234089851 0.7017344683408737 0 918.9479367360473 5.92664896696806 2.141255535185337 0 0 0.2104502469301224 4.19509033113718 0.1494101360440254 0.3389266133308411 0.1611895933747292 0.2732627391815186 0.09651229530572891 0.3103152886033058 0.1013916432857513 0.1764549911022186 0 58.38343875110149 3.733048394322395 0.2508444786071777 0.2366612255573273 4.208849228918552 0.5231475085020065 0.1331412941217422 0.1128733232617378 3.991194747388363 3.481470756232738 113.9054057188332 271.5057958811522 25.62911994755268 27.87269943207502 0.9101298898458481 1.025895975530148 0.1794924288988113 64.38059915602207 8.769885167479515 8.124666951596737 3.719589054584503 3.082260087132454 0.1034009829163551 0.09019222855567932 2.651492789387703 0.3014211058616638 0 176.7429858148098 166.2128752395511 79.04793416708708 15.3708760291338 1.236164659261703 1.684000514447689 11.97072839736938 0.7801946252584457 2.693020954728127 12.76685696095228 0.131162628531456 6.333524502813816 7.311811223626137 1.695521548390388 0.08389383554458618 2.97578039765358 0.8008479923009872 3.629593595862389 0.6687157973647118 0.6168159693479538 1.054133012890816 2.16146843880415 22.85693127661943 2.207057245075703 0.4260770529508591 0.9171178713440895 431.2092208638787 0.1139929592609406 2.33652201294899 3.876593671739101 0.7755967006087303 1.962867312133312 19.64042404294014 1.118807964026928 9.877579316496849 13.33639149367809 6.950807824730873 5.458920814096928 29.54305511713028 9.067968428134918 12.98988913744688 4.975922361016273 0.1325115412473679 0 0 0 0 0 0 0 0.3173711597919464 0 0 0 0.11593147367239 0 0.4095485806465149 0 0 0 0.1856151446700096 4.368163421750069 0.6915724277496338 0 0 0 5.044540323317051 0.2253037020564079 3.604689724743366 0.695827804505825 0 0 0 0.2352159917354584 0 0 0 0 0 0.4213139414787292 0 0 0 0 0 0.10334762185812 0.1584934592247009 0 0 0.2888778746128082 0.6063537746667862 0 0 3.797087252140045 1.387078985571861 0 0.295393243432045 0 0 0 0 0 0.1797161996364594 7.538773447275162 0.3292971551418304 0 0 0 1.615699730813503 0.3453875333070755 1.514484517276287 0 1.224973827600479 0 0.277847908437252 0.09038370102643967 0 0 0 0 0.08128990232944489 0 0.3114922121167183 0 8.648179911077023 0.8470090553164482 0.5555317997932434 233.5069493949413 13.2010336369276 256.7371347770095 29.88632925599813 213.3254668340087 10.62617624551058 0.7816840559244156 6.986677147448063 22.9104018881917 0.1778139621019363 2.433398954570293 0.188896656036377 21.56793380528688 0.3234273195266724 0.08654152601957321 0 8.44910129904747 0 80.54460735619068 5.67216132581234
796.3467146754265 628.6361313164234 257.8317528665066 217.7792343050241 947.581853069365 132.9863422513008 833.3409202322364 1521.169312462211 1340.654646124691 385.1984865292907 1164.961550593376 41.72187428921461 695.9954234436154 1107.947896212339 4.283224537968636 3.862812921404839 0.1866834312677383 0 0.2330276295542717 0.4096883907914162 1.517991624772549 0 1.353642575442791 1.917214937508106 2.160658188164234 1.825734421610832 1.054575629532337 1.793465942144394 2.42907652258873 0.5129909440875053 1538.672945901752 72.9916175827384 83.16592578589916 0.2014508992433548 2.053877763450146 2.728093817830086 14.58979331701994 2.392515130341053 1.120793245732784 0.5788006111979485 6.800916530191898 1.238451905548573 0.3346987888216972 0 0 0.165658675134182 16.33835783600807 1.307268433272839 0.4923165664076805 0.539476178586483 0.6036317273974419 0.4619772434234619 0.4700292870402336 2.202823802828789 0.7137749344110489 0.6955145448446274 44.92130118608475 135.866911701858 6.470903463661671 4.729006797075272 2.737820148468018 39.47596302628517 2.09604137390852 105.9775298461318 1.990361221134663 1.477305740118027 0.5564194545149803 0.6379273161292076 0.5164369493722916 1.683865435421467 8.638093709945679 3.625551149249077 0 44.47013603150845 56.35439763963223 23.54288505017757 27.00549845397472 56.4366050362587 81.66676999628544 394.6017254665494 9.022322975099087 206.4386557415128 3.396437741816044 0 0.806845985352993 2.023172728717327 0.1498533338308334 0 0.4746083319187164 0 0.6478471308946609 0.7560891658067703 3.14265576004982 1.783047050237656 1.203194156289101 66.74665066599846 1.580134630203247 1.042059600353241 0.380341149866581 274.6568676829338 0 0.5525916814804077 3.317028120160103 0.7746634036302567 2.959313735365868 14.42796236276627 0.3375812172889709 9.762217365205288 8.399955235421658 5.579510487616062 5.142438754439354 27.20401745289564 8.367680996656418 10.77203690260649 6.233175486326218 0.2007431760430336 0.2533682808279991 0 0.8884903490543365 0 0 0 0 0 0 0 0 0.1015756651759148 0 0.3002711534500122 0 0 0.1093132123351097 0.4408074617385864 5.486819386482239 0 0 0 0.136359691619873 9.934043936431408 0.2259562015533447 6.104110091924667 1.306578673422337 0.6907923668622971 0.1166123077273369 0 0 0 0 0 0 0 0.3181126564741135 0 0 0 0 0.2912739515304565 0 0 0 0.2336434796452522 0.2968975901603699 0.661138229072094 0 0 8.724058866500854 1.566360853612423 0 0.07883826643228531 0 0 0 0.1066646128892899 0 0 10.13625448942184 0.1218489930033684 0 0 0 2.193883568048477 0 5.781231015920639 0.3320894837379456 1.568619571626186 0 0 0 0.09690172225236893 0 0 0 0.0802835151553154 0 0 0 10.93501038104296 2.033392928540707 3.026953227818012 158.6392746269703 3.259661734104156 67.34109558910131 11.01292306929827 199.8525911271572 5.276354163885117 0 3.240943029522896 19.64130692929029 0 3.218575894832611 0.212784931063652 24.35852593183517 0 0 0 3.341246575117111 0 35.96125324815512 8.6588971093297
1812.638804242015 448.7045161128044 217.7792343050241 477.8529746234417 102.3849354535341 333.281413026154 1123.289104409516 2.632174342870712 284.9010591581464 1996.932229325175 12.25275095552206 83.54481953382492 535.189904101193 40.99184204638004 1.021729417145252 0.2627971321344376 0 0 0.1083462238311768 0.1017338633537292 0.1086452156305313 0 0 0 0 0.09145941585302353 0.1236507445573807 0.09989285469055176 0.1498083770275116 0 331.0498086512089 0.7818148955702782 0.289765365421772 0 0 0.08264720439910889 0.4193496257066727 0.231913149356842 0.2693663910031319 0 0.1869299411773682 0 0.1131957769393921 0.07955710589885712 0 0.09211892634630203 11.6006300970912 0.4658515676856041 0 0.07777965813875198 0.948922261595726 0.1945590674877167 0 0.1226390451192856 1.93055260181427 1.59731213748455 37.75368343293667 82.41191817075014 9.089582033455372 7.461085431277752 0 0.2238197922706604 0 15.13643295317888 4.00428731739521 2.565775968134403 1.397485062479973 0.6116465330123901 0.2357758954167366 0.1037989854812622 2.064838826656342 1.671580821275711 0 64.36973791569471 53.28287876397371 17.92768497020006 1.701733112335205 0.1074834614992142 0.1984187215566635 0.1662319079041481 0 0.3373413905501366 5.598889514803886 0 1.72179589420557 2.586346447467804 0.397308848798275 0.3782235309481621 1.076591238379478 0.5593437626957893 0.5160726979374886 0.2028197273612022 0.1510425209999084 0.41348996758461 0.2996691018342972 38.88912817835808 0.448797345161438 0 0.3717631101608276 557.6782302930951 0.1277182102203369 11.47410992532969 4.495347253978252 16.60088616609573 1.481138288974762 19.03222630918026 3.942231670022011 6.000359244644642 12.06769878417253 6.938077516853809 3.374453440308571 16.34364700317383 6.064135521650314 4.889527633786201 1.188757836818695 0 0 0 0 0 0 0 0 0 0 0 0 0 0 0 0 0 0 0 2.426244519650936 0.1045384109020233 0 0 0 1.106861293315887 0 0.32073013484478 0 0 0 0 0.1024163886904716 0 0 0 0 0 0 0 0 0 0.1106758192181587 0.2172659337520599 0 0 0.08044271171092987 0.204554557800293 0.675030380487442 0.4735925421118736 0 0 1.029964692890644 0.3282316625118256 0.09571779519319534 0 0 0 0 0 0 0 1.231717333197594 0.1537261605262756 0 0 0 0.3798900470137596 0 0.7001537680625916 0.6072674766182899 0.626938171684742 0 0 0 0 0 0 0 0.1065790429711342 0.101758286356926 0 0 3.01832477748394 0 0.2157443016767502 117.6183083355427 3.477163948118687 84.87666702270508 12.43148893862963 217.682365424931 2.676628291606903 0 1.381471157073975 9.910039812326431 0.1249056234955788 0.5111104696989059 0 23.52180827409029 0 0 0 7.374821960926056 0 37.73484598845243 2.763896107673645
64.32136525958776 1153.545511543751 947.581853069365 102.3849354535341 503.7748984247446 10.21556489169598 463.2143036350608 7.831062279641628 949.3654943928123 1806.751110255718 458.8009865283966 30.32381692528725 137.4890173524618 125.3070538491011 11.97935049980879 5.416830457746983 0.7286874949932098 0.2925900742411613 0.09639981389045715 0.2146279290318489 0.2339213714003563 0 0 0.2823788970708847 0.2657244279980659 0.2109724581241608 0.09626425802707672 0.4875565767288208 0.4140296429395676 0.3782298341393471 296.1598551273346 7.635050669312477 3.726131834089756 0.08965090662240982 0 0 2.808549158275127 0.7632071822881699 0.2942978367209435 0.4154160916805267 0.1365036517381668 0.1837213337421417 0.08483797311782837 0.3109503760933876 0.2039919793605804 0.1824890598654747 81.21130677312613 1.76857940107584 0.3395610973238945 0.1825330555438995 3.17685354501009 0.5662826150655746 0 0 1.778903909027576 1.660812124609947 18.93434228748083 64.70103067159653 8.943585425615311 27.25558695942163 0 0.864018440246582 0.2669112682342529 58.86134395748377 3.861806586384773 4.761364758014679 1.070066124200821 1.378973320126534 0 0 2.457297094166279 3.041621170938015 0 80.47082478553057 103.2548243105412 94.93832153081894 30.51016794890165 1.887382186949253 1.015942953526974 1.015428796410561 0.4530255943536758 1.976485386490822 7.114153631031513 0 2.859414346516132 3.637131169438362 0.8432705625891685 0.1655994579195976 1.056702181696892 0.3794173002243042 1.850189454853535 0.5998395383358002 0 1.035934001207352 0.8287188410758972 15.40988716483116 0.7893657386302948 0 0.6149893403053284 26.41283749789 0.09442629665136337 3.729760810732841 8.65908444672823 1.100998915731907 4.747031338512897 31.24302503466606 0.7093190476298332 18.82537965476513 21.21477468311787 16.16626083850861 14.63566941022873 70.05339330434799 25.63611087948084 25.97304190695286 14.23948382586241 0 0 0 0 0 0 0 0 0.3349636495113373 0 0 0 0 0 0.2005230188369751 0 0 0.1839013993740082 0 12.55893478542566 0.3217671886086464 0 0.166253924369812 0 17.22386242449284 0.7821465730667114 8.209928497672081 1.59827446192503 1.026677913963795 0 0 0 0 0 0 0 0 0.5009996891021729 0.09697014093399048 0 0 0 0.09897835552692413 0.1133842095732689 0.2833510935306549 0.1007293090224266 0.6869155019521713 0.7128920704126358 0.5738677829504013 0 0 11.24560546129942 3.43132770806551 0 0.2961690276861191 0.1924025416374207 0 0 0 0 0 20.42117786407471 0 0 1.171020269393921 0 2.773190535604954 1.682953894138336 3.154349036514759 0.4448256716132164 2.439589023590088 0.7471338585019112 1.054214864969254 0 0.1011188551783562 0 0 0 0 0 0 0 27.45701398700476 2.384058259427547 2.370055966079235 203.0928240194917 7.639541648328304 265.0005891621113 27.05015458911657 51.42314802110195 18.99997112154961 0 15.40881753712893 37.57352714985609 0 7.696746960282326 1.39143418520689 34.6615542024374 0.2969401180744171 0 0 1.278470933437347 0 65.05580243468285 14.2613607943058
104.0631499886513 105.5206025466323 132.9863422513008 333.281413026154 10.21556489169598 5.148504555225372 37.39409273117781 6.43416240811348 8.766660705208778 879.8709703907371 12.34285613894463 178.7006434649229 188.314527079463 23.55319008231163 0.5424511656165123 1.091860212385654 0 0 0 0 0 0.1631841212511063 0 0 0 0 0 0 0 0 100.1160898804665 1.468969404697418 8.59483940154314 0 0 0 16.3461712449789 0.08256834000349045 6.995637692511082 0.5788207501173019 0 0 0 0.1821006238460541 0 0 2.226470939815044 0 0.1428961753845215 0 3.101727440953255 11.04230372607708 2.309085324406624 2.072967708110809 0.6931347921490669 0.427213579416275 69.31073062121868 12.75376354902983 2.25614121556282 0.9377515837550163 0.7710458189249039 1.280864641070366 0 0.7897831425070763 0.7407461255788803 0.4208429604768753 0.4974596500396729 0 0.2572012841701508 0 156.6555737406015 126.53410166502 6.572950415313244 11.07440833747387 4.849148593842983 4.273842856287956 0.4636541754007339 0.1257118135690689 0.1322220414876938 0.8099992424249649 0 0.8203637599945068 0.8217929527163506 1.411615207791328 0.2381144464015961 2.288798913359642 0.5612522140145302 1.178953930735588 6.209228619933128 10.00890282541513 5.389890044927597 7.996047280728817 0 3.446393214166164 8.005233645439148 338.0595356076956 99.56837133318186 7.181629315018654 31.17076721787453 327.6626218408346 0 1.300625987350941 1.351167939603329 0.6036641150712967 0.3599208444356918 5.941582925617695 0.8461875393986702 3.114155821502209 4.527690529823303 4.093611694872379 1.967256769537926 6.065135046839714 3.003355771303177 1.814152017235756 0.5730080977082253 0 0 0 0 0 0 0 0 0 0 0 0.2957423999905586 0 0 0 0.1475309133529663 0 0.4768215864896774 0 0.3851088210940361 0 0 0.194815456867218 0 0.6552571281790733 0 0.4922546446323395 0 0.5816289335489273 0 0 0 0 0 0 0 0 0 0 0 0 0.4153159260749817 0.5411240458488464 0.1007339060306549 0 0 0.09944093227386475 0.1141008883714676 0.2569163143634796 0 0 0.4748244509100914 0.1222371309995651 0 0 0 0 0 0 0 0 1.21380827575922 0.324100524187088 0 0 0.1565492004156113 0.237015575170517 0 0.1114234700798988 0 0 0 0 0 0 0 0 0 0.1084914728999138 0 0 0 1.775428481400013 0.2358042001724243 0.433915339410305 32.03786999732256 0.6696086227893829 19.98422680050135 4.727385200560093 74.90565813332796 0.1124601066112518 0.4408743530511856 1.201439395546913 2.550888583064079 0 0.1056214645504951 0 5.576641760766506 0 0 0 2.996819049119949 0 25.06547368317842 2.668179482221603
453.6978536322713 1994.380024842918 833.3409202322364 1123.289104409516 463.2143036350608 37.39409273117781 47.6856949403882 15.84819836169481 503.2762645334005 2507.965548247099 316.3286655172706 486.4420079365373 4286.647814624012 3740.883743859828 15.91131859272718 7.327162742614746 0.7380019128322601 0.08700551837682724 0.1113673374056816 0.2656997293233871 0 0.142570823431015 0 0.7546631097793579 0.4508859887719154 0.7603604197502136 0.08000364899635315 0.4185308888554573 0.206631101667881 0.2927277535200119 336.4564193636179 8.735142432153225 3.078503951430321 0.1918501481413841 0 0.1693276613950729 3.965056248009205 0.3090786337852478 1.111988611519337 0.8266960978507996 0.3427518978714943 0.3247585445642471 0.08378918468952179 0.2247334122657776 0.08651012182235718 0.2615106105804443 95.96722977608442 4.039729356765747 0.1000806540250778 0.2104966640472412 3.868737123906612 0.2012064903974533 0.092686727643013 0.2057101801037788 2.547326788306236 4.039711177349091 53.12684916704893 141.2331889644265 18.5024439394474 44.82996659725904 0.9380496442317963 2.446708552539349 0.08983853459358215 76.56777987629175 7.879084698855877 8.053744897246361 3.276453509926796 3.032793618738651 0.2116254791617393 0.08358979970216751 3.319599166512489 2.137503154575825 0 158.9412557929754 162.2786462306976 119.5225868448615 31.54586421698332 2.262569047510624 1.140903614461422 2.837834380567074 1.341253414750099 3.063626304268837 11.79761294275522 0.100318431854248 4.722789324820042 7.299074217677116 0.694929227232933 0.0991654172539711 3.332419127225876 1.222267486155033 4.003469049930573 0.754760853946209 0.3900087922811508 1.36254083365202 0.8346548601984978 19.57879736274481 6.678200349211693 0.2264298498630524 0.5532948300242424 81.36253630369902 0.3661473616957664 4.263002209365368 8.56561715900898 1.501509197056293 4.679207772016525 45.12783417850733 2.045791208744049 23.44858825206757 25.93582971394062 23.74345385283232 13.52287867665291 78.4823866263032 29.51785653829575 35.72454714030027 16.94982078671455 1.28111407160759 0 0 0 0 0 0 0 0 0 0.09030545502901077 0.3457793891429901 0.1217854842543602 0 0 0 0.1978569775819778 0.5984249711036682 0.1793001145124435 13.36430247873068 0.3295134603977203 0 0.5270324349403381 0 17.84063906222582 0.6727583929896355 10.67405284941196 0.7302285581827164 0.4700322076678276 0 0 0 0.4047069922089577 0.1203125566244125 0 0.1017272844910622 0.4042641296982765 0.9738887995481491 0 0 0 0.1329161077737808 0 0.18922059237957 0 0 0.2036198079586029 1.082413606345654 0.6733447164297104 0.5433960556983948 0.385828971862793 10.44241022318602 2.741246223449707 0.0910097137093544 0.3771197274327278 0 0 0 0 0 0 20.43145734071732 0.09617938846349716 0 0.09795713424682617 0.1734532490372658 3.888824447989464 0.7275565266609192 4.712363108992577 2.09957267343998 2.134950511157513 0.3425763472914696 0 0.09783563762903214 0 0 0 0 0 0 0.113188199698925 0 31.7970339730382 2.361790180206299 2.238358125090599 271.0542849823833 12.66679272800684 366.063440233469 37.19402897357941 77.9161719083786 20.9998804628849 0.6353501752018929 14.98244657367468 33.38455013930798 0.3104647099971771 6.277429409325123 0.09098261594772339 36.78476824611425 0 0.08210472762584686 0.09371643513441086 6.342973127961159 0 86.9542470946908 13.88925909996033
59.86002012342215 227.0493544265628 1521.169312462211 2.632174342870712 7.831062279641628 6.43416240811348 15.84819836169481 380.2509067803621 210.3206442296505 95.16055792570114 598.536327958107 90.186150200665 756.556867107749 1605.46076259762 25.92820747196674 28.06440352648497 2.482726037502289 0.09985077381134033 0.1264386624097824 0.2848486602306366 2.485884889960289 1.187300123274326 0.544730968773365 3.212977893650532 3.79912544041872 3.940342731773853 2.20847961306572 1.628149576485157 2.830504350364208 0.5548454597592354 2331.617664672434 773.0294069126248 196.6224257275462 0.5018630474805832 5.095792330801487 5.399717472493649 28.64797706902027 13.20542597770691 5.143961675465107 2.805459797382355 9.565457172691822 5.656828597187996 0.3332064002752304 0.4631264358758926 0.2331146001815796 0.7782978117465973 79.16786425560713 1.546943195164204 0.4976001307368279 1.355993531644344 1.421975634992123 3.034984864294529 0.9727509468793869 3.143151938915253 1.635197348892689 1.464687131345272 24.82802131026983 105.6892741918564 7.389561958611012 20.6286009028554 9.869036160409451 86.26894600689411 1.52984606474638 252.6578147262335 3.073637627065182 3.16386466473341 1.381691515445709 1.204485520720482 0.4058544114232063 3.744112528860569 9.220964670181274 5.229352235794067 0 79.23352437466383 135.0363289639354 98.06449223309755 78.17354620248079 29.83662416785955 559.786989711225 885.2529054284096 30.25576128810644 828.4340022802353 4.618687108159065 0 2.583203226327896 2.713644318282604 0.6935905963182449 0 0.5881270468235016 0.1219745501875877 1.392452977597713 1.367870219051838 5.574720576405525 4.900949336588383 2.724338173866272 101.1005480811 6.520401954650879 0.6121615767478943 1.911465629935265 35.50873890519142 0.2020841091871262 4.535925760865211 5.773210197687149 1.604183033108711 4.598200432956219 30.20791393518448 0.5975279733538628 15.75980482250452 19.71848767995834 11.58037015795708 12.93698228895664 63.16542188823223 20.88056275993586 28.65352159738541 23.40975443273783 0.5924012959003448 0.5619889870285988 0 0 0 0 0 0 0.1394878029823303 0.2119940370321274 0.1295518428087234 0.213399201631546 0.3584678322076797 0 0.2234156131744385 0 0 0.3444735035300255 0.5528396368026733 15.90210268646479 1.813261978328228 0.1149202808737755 0.2166723981499672 0 25.29532241821289 0.1104968190193176 18.7187412828207 1.973111398518085 2.177093930542469 0 0 0 0.1964556127786636 0 0.1312161684036255 0 0.4191923439502716 0.4778405278921127 0 0 0.1913750916719437 1.031956560909748 0.1965052634477615 0 0 0.09702850133180618 1.240051575005054 0.7739850208163261 0.5349316745996475 0 0.2725710272789001 18.5215854421258 3.925555139780045 0.3068232834339142 0.2464660853147507 0 0.08881378918886185 0.09324739128351212 0.09383843839168549 0 0 26.58846393227577 0.579684391617775 0.210530586540699 0 0 6.628965049982071 1.987494714558125 10.49477252364159 1.987622208893299 5.448114044964314 0.8375299423933029 0 0 0.0898568406701088 0 0.07551901787519455 0 0.3105563297867775 0 0.1097470372915268 0 28.64667762070894 4.043761536478996 6.148616388440132 220.0025859326124 8.034118123352528 220.4400798007846 29.39599277824163 44.3405005261302 17.3506873473525 0 13.32312079519033 36.06372543424368 0 11.08657675236464 0.2328241243958473 40.5707615762949 0.4538547396659851 0 0.5334210395812988 2.384013921022415 0 54.36183779686689 13.07735429704189
91.98556118458509 739.3717239126563 1340.654646124691 284.9010591581464 949.3654943928123 8.766660705208778 503.2762645334005 210.3206442296505 354.3462050557137 371.0692561119795 598.1566335558891 44.83278479427099 549.9984512552619 140.0923135355115 20.76568136364222 12.39357252418995 1.721076682209969 0.1709875538945198 0.1839191690087318 0.105034738779068 0 0 0.09414160996675491 0.2801318466663361 0.2384097427129745 0.2970574647188187 0.07474610954523087 0.1396258324384689 0.2850733399391174 0.1884610056877136 344.0908871889114 16.61022301763296 3.576588943600655 0.09544502943754196 0.2141333520412445 0.1723219230771065 3.929369255900383 0.6695933789014816 0.413230337202549 0.1777320504188538 0.091326043009758 0.09716363251209259 0 0.08864360302686691 0 0 95.28252951800823 1.885449908673763 0.4165689200162888 0.2882871404290199 3.597973689436913 0 0 0.4194750264286995 1.42924527078867 2.643719613552094 18.78958747535944 60.78846915066242 8.329877056181431 31.82180719822645 1.107012346386909 0.9443852752447128 0.1839803755283356 71.67670944333076 3.84348214417696 4.878530509769917 1.758666127920151 1.180928438901901 0.09257557243108749 0 1.311669744551182 1.594051569700241 0 87.40135499835014 121.2872924283147 111.6155807301402 46.16655755788088 1.892145603895187 0.9804698750376701 1.699814423918724 1.056333862245083 2.252232313156128 7.405585989356041 0 3.1529795601964 3.472202681005001 0.7787677645683289 0.08662664890289307 1.368825942277908 0.3248122707009315 2.012311115860939 0.9964877292513847 0.3325205370783806 0.8394224420189857 0.6716110184788704 19.89790476113558 2.786424748599529 0 0.2944419905543327 27.87437677383423 0.2498545050621033 4.150512978434563 8.395082257688046 1.644423931837082 5.791698053479195 34.24415550380945 2.029419898986816 25.45848894119263 25.05397549271584 19.52178265154362 14.80568958818913 80.48447240889072 29.1304324939847 32.67991358786821 17.94505990296602 0.1841583997011185 0.09758913516998291 0 0 0 0 0 0 0 0 0 0 0.1031213626265526 0 0 0 0 0 0.1539718359708786 10.74784634262323 0.7169571742415428 0.1184936463832855 0.4294278919696808 0 21.64173965901136 0.6687094792723656 12.02721257507801 1.072454005479813 0.3617570102214813 0 0 0 0 0 0 0 0.1009259298443794 0.2177996262907982 0 0 0 0.09720767289400101 0 0.3855963051319122 0.2465231791138649 0 0.4765160083770752 1.110964722931385 0.5952389761805534 0 0.3093644604086876 12.67915399372578 4.610017865896225 0 0.6564784049987793 0 0.09050503373146057 0 0.121452584862709 0 0 25.10836543142796 0 0 0.1779364496469498 0.07944054901599884 3.665368221700191 1.229924470186234 6.651868402957916 1.421949304640293 2.883489713072777 0.4409874677658081 0.1248406246304512 0.4751780405640602 0.09152236580848694 0 0 0 0 0.1043431833386421 0.09473373740911484 0 33.03839338570833 2.570709742605686 2.953726306557655 225.9883351400495 9.056559853255749 285.4117342233658 28.74501463025808 37.89304656535387 24.02130114287138 0 20.1732552498579 31.50610230863094 0.3723856955766678 4.57708828151226 1.610539309680462 27.73930128663778 0.5553574860095978 0.8715205490589142 0.7900211066007614 3.631622925400734 0 62.78463409096003 13.69863016158342
1803.398976139724 545.9609346091747 385.1984865292907 1996.932229325175 1806.751110255718 879.8709703907371 2507.965548247099 95.16055792570114 371.0692561119795 1124.65103110671 241.4546732157469 1240.319652870297 6253.859728552401 219.6819372549653 6.548211328685284 2.615946389734745 0.8427932932972908 0.1996613442897797 0 0 0 0 0 0.5762078985571861 0 0.4338949248194695 0 0.4240963160991669 0.1339727342128754 0.2526081427931786 295.4381686970592 2.766262777149677 4.390183053910732 0.274530827999115 0.1297456026077271 0 5.860136575996876 0.2144208699464798 1.46909386664629 0.09921446442604065 0 0 0 0.2997714877128601 0 0.08126665651798248 41.7967189475894 2.476129099726677 0.8011936619877815 0 3.58422427624464 1.185450807213783 0.3433064892888069 0.08411668241024017 2.312747023999691 3.052400693297386 48.87779431790113 74.06360090523958 11.29496359080076 16.23815164715052 0.1439080536365509 0.7450173795223236 0 28.34022910147905 4.747182883322239 2.772405378520489 1.957297205924988 1.896068379282951 0.1624576970934868 0 17.05825265496969 18.62899766862392 0.1465279757976532 80.91517645120621 78.7696545496583 45.01730931550264 11.11175981909037 0.7931690737605095 0.3781890794634819 0.9854449704289436 0.8112801313400269 2.147945083677769 6.693149484694004 0.5246036723256111 2.611357308924198 3.626646466553211 0.0980263277888298 0.9066125974059105 1.399132385849953 0.8796033784747124 2.296078585088253 0.4025202691555023 0.417682059109211 0.9070192500948906 2.636596865952015 141.5500727295876 4.732324406504631 0.2663853466510773 3.569314897060394 556.8550115674734 1.182698406279087 21.43457424640656 35.37364780902863 11.3225312680006 17.51288511604071 176.9852809458971 11.61909464746714 100.486233882606 139.8676522597671 115.7333489060402 57.43526555597782 332.6900595873594 132.2730207666755 118.1652751863003 33.31548915803432 0.1779891178011894 0.5576711893081665 0.2778855562210083 0 0 0 0 0 0 0 0.1604979038238525 0.5924857035279274 1.946097694337368 0 0.3480546772480011 0.1199932247400284 0 0 0 30.26332043856382 1.229201503098011 0.7348719835281372 0.7217521965503693 0.2365906313061714 42.46326763927937 1.105225183069706 17.86707526445389 1.792732171714306 1.739678338170052 0 0 0 0.3619695603847504 0 0 0 0.4719648882746696 1.181140430271626 0 0 0 0.2005210071802139 0 0.2597140520811081 0.4938967674970627 0.09951074421405792 0.7460436224937439 2.589584872126579 3.992075547575951 0.08809098601341248 0 21.51977559924126 6.681873962283134 0 0.6465587019920349 0.2096185982227325 0 0 0.1096560060977936 0 0.2328314185142517 48.09196922183037 0.1317120045423508 0 0 0 9.02301300317049 1.54427245259285 10.5056237205863 2.549192368984222 2.604133427143097 0.6685203239321709 1.156294889748096 0.631598949432373 0.1014381498098373 0 0 0 0 0.130313441157341 0 0 92.64411132782698 4.559151493012905 3.845086276531219 627.360195428133 7.459640093147755 171.8654692694545 19.21335137635469 467.5312661379576 11.01876886934042 1.298323571681976 7.839851930737495 131.6865487471223 0.2267490401864052 11.94519833475351 0.8415566235780716 192.8973081558943 0.9977262392640114 0 0.7964446991682053 14.43540356308222 0 371.6747879832983 74.71886557340622
123.6808456853032 608.8374268785119 1164.961550593376 12.25275095552206 458.8009865283966 12.34285613894463 316.3286655172706 598.536327958107 598.1566335558891 241.4546732157469 201.5914731249213 174.0073775500059 1580.030180826783 1836.546526059508 28.77677094936371 32.14222990721464 3.355627208948135 0 0.5161636024713516 0.2098824605345726 0 2.951772600412369 0.1592218577861786 1.434558235108852 2.851426303386688 3.170509338378906 0.6279706135392189 2.449056662619114 1.905775353312492 0.5160207152366638 1056.846380412579 206.1151713952422 203.2845519334078 0.3153784647583961 0.8343732357025146 6.423450574278831 121.8600939363241 37.12178452312946 14.97150518000126 2.970976628363132 9.609713613986969 3.919289954006672 0.1849314421415329 1.21071345359087 0.3817121610045433 1.381856016814709 83.14590398222208 0.8653502762317657 0.9778687506914139 0.2298157066106796 2.298449769616127 3.418610766530037 2.301851071417332 4.074847377836704 1.39576893299818 1.667869858443737 24.99479135870934 70.57810394465923 7.424696557223797 20.87494588643312 1.358549237251282 247.110231615603 0.4602968543767929 114.3889909759164 3.031189069151878 3.91558013856411 0.7299605160951614 1.39900816231966 0.2256436496973038 0.498137503862381 34.87364137172699 12.86266872286797 0 72.81942467391491 106.865291506052 91.80145942419767 55.91725698113441 9.830559529364109 48.30852755904198 116.2442419081926 3.050579734146595 92.84631110727787 5.221135914325714 0 2.413600660860538 3.311925895512104 0.7870899885892868 0.08628637343645096 1.613542459905148 0.41097691655159 1.765889868140221 0.3603661730885506 1.656751535832882 2.62525287270546 5.672148294746876 137.0315964967012 11.92038963735104 0.6882480904459953 1.122640535235405 44.77992532402277 0.692150704562664 5.087830401957035 10.09807986021042 1.702912166714668 6.094504743814468 57.81111484766006 2.324897475540638 35.30807364732027 37.10139012336731 27.46652413904667 29.07647804170847 127.6785139292479 44.76777266710997 54.5553060323 39.19303932785988 0.3091340214014053 0.3808984756469727 0 0.6797463893890381 0 0 0 0 0.250513955950737 0 0 0.1363103687763214 1.214582070708275 0.4777172058820724 1.092698350548744 0.4124373197555542 0.766765259206295 0.7765560150146484 0.9814140796661377 22.15851687639952 0.8916341960430145 0 0.6019649133086205 0.1191752478480339 44.73159880191088 0.9256523251533508 26.12735456228256 2.837655641138554 3.573943607509136 0 0.2815163135528564 0 0.2539863884449005 0 0.5623781383037567 0.6810805797576904 0.7982880622148514 1.124887607991695 0 0 0 1.460800148546696 0 0.1350156366825104 0.2732451185584068 0.1549359709024429 0.4209165647625923 0.9322107136249542 1.241927415132523 0.6507122442126274 1.142851516604424 30.9296495243907 6.205483660101891 0.1918290108442307 0.6980322897434235 0 0 0 0 0 0 58.13498551398516 2.839157328009605 0 0 0 11.55662076175213 2.476363524794579 13.90173164755106 3.578289054334164 7.920295648276806 1.930235400795937 0.3437883332371712 0.3756325542926788 0 0 0 0 0.2228476703166962 0.1067075133323669 0 0 64.90045120567083 7.003055043518543 11.48105448484421 304.3596214652061 7.14372743666172 244.3230981454253 32.27727806568146 66.79646429419518 24.02237882465124 0.4061719477176666 22.06907541304827 71.20964949578047 0.1642109006643295 16.70149553567171 1.848180271685123 60.54165951162577 1.056692942976952 1.027796745300293 0.2777858301997185 3.208425313234329 0 129.2908595651388 30.83857145905495
63.6584015712142 15.97478967159986 41.72187428921461 83.54481953382492 30.32381692528725 178.7006434649229 486.4420079365373 90.186150200665 44.83278479427099 1240.319652870297 174.0073775500059 23.84923707693815 2229.665505923331 189.8451251611114 31.41125633567572 28.53885850310326 1.614560894668102 0 0.2502247393131256 0 0 3.559033647179604 0 0.3757279366254807 0.09602028131484985 1.754111170768738 2.619771711528301 3.154590457677841 8.195979371666908 0.4015820994973183 116.3433854877949 13.60233420133591 40.54565628618002 0 0.3571307808160782 1.419090643525124 567.6413685530424 4.945575825870037 89.71077256649733 27.93256667256355 2.090961635112762 4.3139378875494 0.09881153702735901 1.224386461079121 0.1010022684931755 0.967207744717598 49.30738589167595 0.2569019496440887 0.7925140038132668 0.09956497699022293 1.095161445438862 4.208930671215057 24.63903158903122 7.939632467925549 0.3120168447494507 0.1385015398263931 14.21256750822067 17.82059776037931 2.740806952118874 9.333990909159184 1.43213301897049 5.636252507567406 0.3839700371026993 30.2207455933094 1.461084321141243 0.4220573380589485 0.3152575641870499 0.2850122526288033 0 0 197.864781357348 70.64872562140226 0.1432072222232819 25.45658519864082 30.57260385155678 46.04242895543575 27.20187949389219 4.168426834046841 7.805367454886436 180.0334221869707 1.378733471035957 5.661837160587311 2.335692130029202 0.1578748673200607 0.2157295346260071 0.9782106876373291 0.1989157944917679 0.1257343739271164 0.727074109017849 0.6178423166275024 1.194306932389736 0.7629587799310684 0 2.015440948307514 7.702345184981823 659.0235447213054 53.29378922283649 6.135241940617561 3.304736375808716 119.4099873304367 1.009382098913193 5.035185225307941 9.771710082888603 2.793406128883362 10.00868979841471 49.67817953228951 3.081296548247337 41.80198054015636 38.48798607289791 38.51030724495649 23.1548985466361 158.736020244658 60.48915124684572 74.15475178509951 66.73417469114065 1.171652920544147 0.3632678464055061 0 0.3846896439790726 0 0.1443120986223221 0 0.1825228333473206 0.6850969940423965 0.3101205229759216 0.1290731579065323 0.4755267947912216 2.750424571335316 0.4333023875951767 2.550929516553879 0 0.4412769749760628 0.5138033106923103 1.446790851652622 23.85970071703196 1.100264340639114 0.4377787709236145 0.5003781169652939 0.2746419012546539 96.30240696668625 2.895169019699097 55.70173784345388 7.355401940643787 5.442457020282745 0 0 0 0.08238135278224945 0.09662922471761703 0.3762929663062096 0 0.766602523624897 2.104513347148895 0 0 0 5.598419316112995 0.7167977392673492 0.2683131694793701 0.4826492890715599 0.2881457433104515 0.4444465786218643 3.025256805121899 0.8087077736854553 0.9302432984113693 1.011712625622749 51.50429341197014 7.755886398255825 0.1761515140533447 0.945806123316288 0.1783033460378647 0.07556381821632385 0 0 0 0.3419130966067314 111.0234518423676 4.15267725288868 0 0 0 17.67018941044807 2.950541451573372 23.18005368858576 3.58050812035799 11.56454315781593 1.261334016919136 0.9106094464659691 1.13247125595808 0.7381425425410271 0 0 0 0.1152299866080284 0 0 0 110.6942318752408 21.39240580052137 22.82696039229631 206.5404618680477 3.26903810352087 168.9561023041606 30.41281022876501 181.0113399773836 19.55839528888464 0 16.47853694111109 34.55921319127083 0.210878811776638 18.84073486179113 4.739718347787857 39.34110919386148 0.7991421669721603 0 1.338535860180855 1.284429684281349 0 634.2856287136674 85.61724677681923
