722.3584192171693 2054.343746043742 1698.025640167296 537.4203104898334 146.1712961271405 233.4599119126797 109.2152897641063 36.87652069330215 2.474623672664165 167.2606386765838 44.22873963415623 13.79833914339542 31.79069876670837 8.403543241322041 3.134786330163479 2.214059680700302 0.173250287771225 0 0 0 0.3990690857172012 0.8383886218070984 0.4756537228822708 0.9024006277322769 0.122468926012516 0 0 0 0 0 511.1727018207312 0.2076111733913422 6.252039209008217 0.7197443246841431 0.149060994386673 0.6484704613685608 0 0.4343918859958649 1.256000459194183 0.5592779517173767 1.153271220624447 0.5444017946720123 0 0 0.1238655745983124 0 7.375602528452873 0.3373282551765442 0 0.330213226377964 0 2.230459593236446 0.2558919787406921 0.3127051293849945 2.556069329380989 3.465645425021648 103.4161596596241 217.1303655356169 27.22919970750809 4.021833345293999 0 1.949203997850418 0 19.42708160728216 0.554607667028904 0 0.1765192374587059 0.1241324916481972 0 1.178169578313828 5.647932544350624 28.08145044744015 0.1570429801940918 72.76024200022221 14.53578743338585 30.15481816232204 0.36882034689188 0.1001824587583542 24.74126259982586 59.28728856891394 0 53.60298269987106 1.713313899934292 0.6197684034705162 0.0940181240439415 0.5253567919135094 0 0.3752669245004654 0.265741840004921 0.8822819218039513 0.1908087879419327 0.1293081343173981 0.6365642249584198 0.3626865521073341 0.9563557803630829 12.98745113611221 13.20671577751637 0 4.657024756073952 583.3486618325114 0 0.3636790215969086 0.6594799757003784 0.5575990676879883 0 0.8288169652223587 0.7678941786289215 0.2803947627544403 1.358472630381584 0.3383478075265884 0.1968963891267776 3.037864163517952 4.355570897459984 1.367617234587669 0.16129070520401 0 0 0 0 0 0 0 0 0 0 0 0 0.711269810795784 0 0.5514066219329834 0 0 0.2500132620334625 0 0.2985602617263794 0.128989651799202 0.4729434251785278 0 0 0.1403949111700058 0.2832489609718323 0.1563651263713837 0.5242570787668228 0.1306463032960892 0 0 0 0 0 0 0 0 0 0 0 0 0 0.3550987839698792 0 0 0 0 0 0.2878037095069885 0.790443480014801 0 1.929846599698067 0 0 0 0 0 0 0 0 0 1.717228755354881 0 0 0 0 0.6693673729896545 0.4591311812400818 1.817421436309814 0 0.1457762271165848 0 0 0 0 0 0 0 0.1916014850139618 0 0.1627706438302994 0.15195132791996 0.7606300562620163 1.890754655003548 1.681512273848057 92.79952709376812 2.497113890945911 24.81101286411285 7.216367900371552 230.0903220698237 5.962672427296638 0.2050302624702454 2.433852434158325 10.36171607673168 0 0.1990192756056786 0 1.133083701133728 0 0 0 0 0 75.3776478767395 1.28124226629734
2054.343746043742 2103.652671292424 1253.505068391562 2138.244559820741 1513.778501812369 598.9595685228705 2757.970442090183 198.2143542841077 929.7519643381238 1348.752688519657 534.1070260927081 500.0185561254621 1776.612899243832 947.6010546907783 34.95478881895542 6.552296578884125 1.487598463892937 0.1550215184688568 0.2082013487815857 0.233146034181118 0.4339969158172607 2.517157539725304 0.2259307205677032 0.6380405649542809 0.5720118954777718 0.4263836443424225 0 0.2203247770667076 0.09006828814744949 0 1073.507284015417 19.79276746511459 42.75733222812414 0.4403586313128471 1.015617519617081 1.083840303122997 15.36397317051888 0.7895435988903046 5.361565500497818 1.335806041955948 2.894938014447689 0.5575046837329865 0.6581418961286545 0.7662545442581177 0.4630605354905128 1.120055451989174 176.1499581634998 4.949950098991394 1.577349066734314 1.082391351461411 0.4643941931426525 3.44819100946188 1.205140650272369 0.5958919823169708 72.794776879251 65.80697622150183 409.4288472011685 782.0875254198909 136.6476160958409 144.0084781907499 0.4149151965975761 4.318177208304405 0.2734311744570732 356.6524410098791 6.597932741045952 0.5144557356834412 1.588495656847954 0.2283314689993858 0.7502219490706921 1.234324634075165 48.06686585396528 28.76445133984089 1.162466078996658 562.2951040007174 374.654731169343 639.9288337640464 63.79034440219402 2.803278841078281 26.59431464225054 130.8901875801384 1.216174997389317 48.01287353411317 35.26501621305943 6.669724151492119 0.4299918115139008 19.84129842743278 1.061765894293785 2.881960660219193 4.272496748715639 4.254318624734879 1.871163003146648 0.7869919389486313 0.1672902256250381 1.523358948528767 1.399470597505569 115.1359419003129 20.15730264782906 0.2224521711468697 20.40663188695908 1097.527900621295 0 0.977986216545105 5.900290369987488 1.863631144165993 1.780823454260826 14.27466801553965 4.504594936966896 4.124395459890366 6.996816530823708 13.59456554055214 7.687137007713318 25.79552553594112 33.90269485116005 12.29797331243753 9.133518606424332 0 0 0 0 0 0 0 0 0 0 0.1371145248413086 0 0.4800848811864853 0 0 0.2965060770511627 0.2618872821331024 0 0 0.5410086363554001 2.0345548838377 0 0.8584531247615814 0 0.9557055234909058 1.665305197238922 3.667114920914173 1.359221860766411 0.4528568834066391 0 0 0.09375143796205521 0 0.1900871843099594 0 0 0 0 0 0.08447255939245224 0 0.3448128700256348 0.162736788392067 1.013792186975479 0 0.184206947684288 0.1414602212607861 0.2298626452684402 0.7503995075821877 0 0.4950072169303894 7.834250524640083 0.306709848344326 0 0 0.4177582412958145 0.6320155560970306 0 0.2383905202150345 0 0 12.27893760800362 0.6981832683086395 0 0.08493693172931671 0.07425358146429062 3.270599067211151 0.3907172679901123 3.837717048823833 0.6250205338001251 0.5705000162124634 0.3604697287082672 0 0 0.07021526247262955 0.262233555316925 0 0 0.4324517846107483 0.2762789726257324 0.09390472620725632 0.0851428434252739 10.90084832906723 10.36597444862127 5.073196887969971 717.8480457887053 36.67434788495302 541.1519214250147 78.41730634123087 438.2116285078228 115.5487101972103 9.936953440308571 44.83197801560163 79.79188746213913 1.315491646528244 3.54350346326828 1.337691843509674 12.12596549093723 0.2764608487486839 2.215535752475262 0 6.68104625493288 0.2963527739048004 309.7654789611697 18.52346243709326
1698.025640167296 1253.505068391562 311.4660249426961 58.85274974256754 371.3624903447926 133.597197920084 32.70532808825374 2397.566072769463 206.4398490227759 211.7241369634867 1332.136191301048 379.8059200271964 195.4876088872552 598.6756870523095 44.22065994143486 15.29752513021231 2.575150363147259 0.8367934599518776 0.08658182621002197 1.426935635507107 5.603150226175785 2.100294023752213 2.824476651847363 3.192362993955612 3.251755222678185 1.863782107830048 1.096078358590603 2.085686951875687 0.9769627451896667 0 2716.38741196692 911.5799947753549 97.7433267980814 3.964685887098312 3.861303001642227 4.259762711822987 19.37829508632421 3.170398853719234 9.739196226000786 3.41799384355545 5.415929846465588 1.995364181697369 1.409466691315174 1.235785707831383 2.067307978868484 1.326646111905575 137.1475954726338 3.165446802973747 1.442911744117737 1.258255414664745 0.5412242785096169 2.571390703320503 3.467481449246407 2.404712229967117 39.73270509392023 37.21137708052993 193.5358209460974 763.2596524506807 63.89908087253571 79.62753510847688 6.17655686289072 8.782108828425407 0.3593097105622292 568.3167866915464 2.795897144824266 1.36872910708189 0.8152873404324055 0.4337859004735947 1.170589081943035 10.3780223056674 69.20973715186119 12.08857026696205 0.5007538050413132 302.8904504142702 260.1817231550813 418.9151877313852 109.8041000813246 96.54312748089433 272.2443678081036 939.2143426686525 3.831580951809883 287.9338509067893 22.05849487707019 3.887462541460991 0.7392115518450737 12.06960749998689 0.8800510168075562 1.730873852968216 2.226089991629124 2.349778473377228 1.556619897484779 1.141757346689701 2.306258887052536 2.16260452568531 3.267324797809124 44.4632680118084 9.411601662635803 0.07374272495508194 20.27462554723024 309.7520720809698 0.4469776898622513 0 1.597143992781639 0 2.142931491136551 9.250330477952957 0.6829123646020889 3.117385789752007 4.852566510438919 2.938625663518906 6.557985447347164 20.38277016580105 23.46830911934376 14.07777734100819 7.815303891897202 0.4201122373342514 0 0 0 0 0 0 0 0 1.208554059267044 0.4670622646808624 0.3968621045351028 0.3600062429904938 0.6303242743015289 0.7931390553712845 0.6454185917973518 0.3122445791959763 1.061992391943932 0.8459595292806625 2.070260003209114 1.275127083063126 0.613570511341095 0.8291536867618561 0 1.358416810631752 2.24555616080761 4.068269059062004 7.775234870612621 1.664036028087139 0 0 0.2610095292329788 0.3585821390151978 0.5244193077087402 0.4559662044048309 0 0 0 0 0 0.2831578701734543 1.371565073728561 1.531732901930809 0.06888312101364136 0.1155961453914642 0.3843943774700165 0.08545412123203278 0.9486030414700508 0 0 0 14.28856581449509 0.3370542377233505 0 0.08177189528942108 0.6788496822118759 0.2756563872098923 0.1529653966426849 0.2127915322780609 0 0.1762098222970963 15.20786458998919 1.17269466817379 0 0.1876642629504204 0.08703247457742691 5.316527247428894 2.701563403010368 11.68687008321285 0.4549943208694458 1.10687343776226 0.4804315119981766 0 0.118715763092041 0 0.2769070118665695 0 0 0.4923303872346878 0.4620872735977173 0 0.3110468685626984 4.511758640408516 10.26655373722315 10.27745709568262 342.2833469435573 22.93011961132288 331.0126636922359 44.80813310295343 84.49280488491058 49.47841873764992 5.265089686959982 28.26783004403114 37.16240035742521 0.6434138044714928 2.712500289082527 1.12959948182106 8.512393578886986 0.8776968941092491 0.8913686275482178 0 6.966493554413319 0 91.94185426086187 8.824744649231434
537.4203104898334 2138.244559820741 58.85274974256754 344.0793141871691 74.88269653171301 306.1249541938305 514.8712487518787 1.498066417872906 0.2750901877880096 1031.887307032943 0.7543062567710876 515.1482510194182 726.2393561303616 28.67167314887047 2.116720139980316 0 0.07073152810335159 0 0 0 0 0.3001280725002289 0 0 0 0 0 0 0.1470265835523605 0 37.66378054767847 0.253943033516407 0.833017036318779 0 0 0 0.1893183439970016 0.2303683385252953 0.6304294764995575 0 0 0 0 0 0 0 12.91979346424341 0.08937316387891769 0.09963973611593246 0 0.1939449682831764 2.472673170268536 0.1405985653400421 0.09677816182374954 7.257488884031773 6.110832370817661 57.72476816177368 78.94330275803804 20.36774195730686 9.700853168964386 0 0 0 32.75097056478262 0.1712369918823242 0.1603788137435913 0 0 0.0822073221206665 0.1617238819599152 5.730309829115868 38.53271953761578 0.7258654087781906 62.96771387010813 38.06731681525707 59.67406672239304 3.240741908550262 0.1333010792732239 0.2628057599067688 1.439166828989983 0 1.369824200868607 2.328300639986992 0.9386516660451889 0 1.278453826904297 0.08471595495939255 0.1183783859014511 0.337800569832325 1.127174697816372 0.4814828559756279 0.2038348242640495 0.1009863168001175 0.0938708633184433 0.5551466718316078 77.51128992438316 12.62991012632847 0.422354593873024 0.1469474285840988 501.5879998058081 0 1.17533366382122 3.548754259943962 2.857745423913002 0.3018465638160706 5.254226803779602 8.311619445681572 2.365181922912598 10.2065070271492 4.760903224349022 1.744585901498795 9.775575391948223 17.25233124941587 7.124231822788715 1.555113941431046 0 0 0 0 0 0 0 0 0 0 0 0 0 0 0 0 0.1800572127103806 0 0 0.7064186781644821 0.1232773661613464 0 0 0 0.5242594182491302 0.1551409512758255 0.2483198270201683 0.8897217884659767 0 0 0 0 0 0 0 0 0.1185648068785667 0 0 0 0 0 0 0 0 0 0 0 0.3757562339305878 0 0 1.769881308078766 0 0 0 0.1347155421972275 0.1436964124441147 0 0 0 0 3.159443236887455 0 0 0.1886136382818222 0.1354224383831024 0.6042955219745636 0 0.1080953329801559 0 0 0 0 0 0 0 0 0 0 0 0 0 7.767289757728577 1.59806839376688 1.434696801006794 306.4754957556725 2.971935324370861 38.55063059926033 7.424713134765625 554.9456971436739 3.510390654206276 1.249065890908241 2.755118057131767 46.77986127883196 0.1935972422361374 0.4800642058253288 0.3403382524847984 25.20513962209225 0 0.5025549679994583 0 0 0.2073954939842224 255.0808944255114 20.14511162787676
146.1712961271405 1513.778501812369 371.3624903447926 74.88269653171301 264.8653169572353 17.02476991713047 630.848708294332 1675.030569195747 3137.832130879164 917.9294838756323 2118.900082856417 611.7609056010842 1439.370132029057 2867.197719357908 12.26767004281282 2.54611698538065 0.3292922452092171 0.08765082061290741 0 0 0 0 0 0 0.1009516716003418 0 0 0.2318740636110306 0 0 133.1203908100724 16.32229685783386 12.34100171923637 0 0 0.5774899572134018 9.024188712239265 1.495818734169006 5.571190670132637 0.6105691120028496 0.8191571459174156 0 0 0 0 0.168298676609993 75.37252350151539 1.606515094637871 0.2315425425767899 0 0.2636413872241974 0.3054501339793205 0.7012985348701477 0.5531395673751831 13.49358521401882 14.14897928386927 24.85466991364956 64.14747955650091 14.66504753381014 43.86874308437109 0.1970928758382797 1.976992577314377 0.1180044561624527 73.34337259083986 1.623198211193085 0.156836986541748 0.2376645505428314 0 0 0.1423981487751007 47.22554498910904 3.837596245110035 0 75.8882775194943 63.50560833513737 132.961891695857 32.94861432164907 2.639259457588196 16.37881692498922 19.53714790195227 1.090809836983681 8.990159437060356 8.997414506971836 1.431105546653271 0 5.01985128223896 0.1973079517483711 0.6701351031661034 0.9894679188728333 0.5371951386332512 0.4083577394485474 0.06871086359024048 0.06959322839975357 0.2722793146967888 0.1126343533396721 115.0482964515686 3.614917576313019 0.09572652727365494 31.89752604812384 32.22363579273224 0 0.2411092817783356 1.76877923309803 1.696923166513443 2.809332668781281 12.70427690446377 5.290020376443863 3.920449420809746 6.586745984852314 6.82147504389286 7.856154516339302 25.81911292672157 34.8145514279604 14.59511708468199 7.963342748582363 0 0.109419159591198 0 0 0 0 0 0.1509985327720642 0 0 0.3600937128067017 0 0 0 0 0 0 0 0 2.050911977887154 0.5690683722496033 0 0.2642070204019547 0 1.372961267828941 0.5069642066955566 2.979933761060238 1.634120434522629 0 0 0 0 0 0 0 0 0 0.1928224563598633 0 0 0.09160424768924713 0 0 0.06990343332290649 0.3895321190357208 0.1366052776575089 0.08970262855291367 0 0.4536841213703156 0 0.1880829781293869 12.1334502696991 0 0 0 0 0 0 0 0 0 13.83848892152309 0 0 0.1065814793109894 0 4.538817837834358 0.2937149107456207 5.882609888911247 0 0 0.1578518450260162 0 0 0 0 0 0 0.07856817543506622 0.1583636626601219 0 0 12.19589632749557 9.601318567991257 5.338066168129444 430.2785499095917 8.726150572299957 254.5013685598969 18.80517392605543 64.15174785256386 90.75341295450926 1.421196207404137 37.19572387635708 74.70963415503502 0.2324258983135223 0.6102093756198883 0.2328804507851601 6.319593980908394 0.2409708499908447 0.4701911434531212 0 3.235488101840019 0 83.74384120851755 16.08284007012844
233.4599119126797 598.9595685228705 133.597197920084 306.1249541938305 17.02476991713047 15.02712014317513 56.59701444208622 4.573037400841713 1.787796646356583 255.3721355050802 4.682364389300346 26.96812950074673 49.1107234954834 7.100816801190376 0.3715482801198959 0.1326372772455215 0.1386718153953552 0 0 0 0 1.754067331552505 0 0 0.4036730229854584 0 0 0 0 0 184.6894221156836 0.1998243629932404 1.182480588555336 0 0 0.1562983393669128 0.6138925850391388 0.6463008522987366 1.239812105894089 0.1292906403541565 0 0 0 0.248794287443161 0 0 0.743891254067421 0 0 0 0 14.88665749877691 0 0.2373725399374962 0.5895559415221214 0.5853098928928375 201.8150297179818 38.58208035677671 6.161878384649754 0.471368819475174 0 1.027193382382393 0 2.103263705968857 0 0 0 0 0.1721653789281845 0.2977902144193649 4.974952310323715 104.6884696185589 3.467744000256062 9.404059983789921 1.548452280461788 4.267486765980721 0 0 2.544938430190086 8.182135537266731 0 6.628121927380562 0.256735272705555 0.3357649147510529 0 0.1246782764792442 0.1124549582600594 0.4888706207275391 0 4.420599229633808 0.1106670200824738 0.871773399412632 0 0 0.4058567062020302 9.684028416872025 44.87596057355404 1.308401852846146 4.915338769555092 376.7668020948768 0 0.2032404989004135 2.243023574352264 0 0 2.731238394975662 2.192781716585159 0.1741626709699631 0.9332375228404999 1.344248428940773 0.1685953587293625 3.479482248425484 3.906238690018654 1.278263121843338 0.1822305172681808 0 0 0 0 0 0 0 0 0 0 0 0 0 0 0.8572368621826172 0 0.2083424627780914 0 0 0 0 0 0 0 0 0 0.5762067586183548 0.2571894079446793 0 0 0 0 0 0 0 0 0 0 0 0 0 0 0 0 0 0 0 0 0 0 0 0.2187785506248474 0 0 0 0 0 0 0 0.151684507727623 0 0.9165621474385262 0.1930459290742874 0 0 0 0.6505625247955322 0 0.2184013277292252 0.1305182874202728 0 0 0 0 0 0 0 0 0 0.1162631586194038 0 0 1.661433026194572 0.419213742017746 0.248031809926033 68.41688414663076 0.1357465535402298 4.006553702056408 0.4463241025805473 387.9758464992046 0.8419235646724701 0.2032716572284698 0.2961171716451645 10.99614004790783 0 0 0 2.709586068987846 0 0 0 0 0 85.77569880336523 10.15110471844673
109.2152897641063 2757.970442090183 32.70532808825374 514.8712487518787 630.848708294332 56.59701444208622 1127.2441707775 19.62754498422146 2540.216468162835 2970.726406335831 110.271024428308 840.5481207594275 7069.781607370824 3717.922872141004 12.34075175970793 4.668470814824104 0.7584762275218964 0 0 0 0 0.1254523545503616 0 0.1258019953966141 0.8887358084321022 0 0.2137415558099747 0.1103660985827446 0 0 27.28350696712732 5.305827185511589 18.30339047312737 0.09903717041015625 0 0.2700172066688538 14.62375535070896 2.346031367778778 6.647228009998798 1.118640542030334 0.5920764803886414 0.07139363139867783 0 0.7966723963618279 0 0.09482040256261826 54.49347595870495 0.9976933375000954 0.5328039228916168 0.1442957036197186 0.1962049752473831 1.256317935883999 1.741393178701401 0.4858139306306839 15.10423841327429 11.61090278625488 40.67625638842583 58.48537027090788 14.41227205097675 38.08728993684053 0.3478996381163597 3.174024984240532 0.4068384319543839 55.63028773665428 1.069465957581997 0.1468258202075958 0.4124905914068222 0 0.1497721374034882 0.126841127872467 96.73017318546772 16.34892754256725 0.08365815132856369 75.95794811099768 61.28842633962631 115.8946401923895 20.21570385247469 0.9979462847113609 8.372027918696404 8.74832958728075 0.189215824007988 8.70405038446188 6.359665162861347 0.6823170781135559 0.09424248337745667 3.751759208738804 0.1047378405928612 0.6138484552502632 0.7672702595591545 1.292099192738533 0.409089706838131 0.4209256023168564 0.07299825549125671 0.599833257496357 0.1507103890180588 432.0121162682772 12.35610075294971 0 46.63895579427481 91.37929178029299 1.988618448376656 3.968275114893913 39.59529262036085 28.3510227650404 9.957970090210438 80.86809469014406 21.31399297714233 18.82560223340988 87.44275206327438 75.94975212216377 26.59277603775263 126.5881429165602 154.977368965745 72.29202201962471 36.18159106373787 0.08990788459777832 0.2801440432667732 0 0 0 0 0 0 0 0.1085735484957695 0 0 0.2892880216240883 0.4281707778573036 0 0 0.1439535170793533 0 0 5.108703784644604 6.743781819939613 0 0.1238984167575836 0 6.374207504093647 1.590042501688004 7.831073015928268 3.684795044362545 0.2494120299816132 0 0 0 0 0 0 0 0 0.5017548128962517 0.07328995317220688 0 0 0.397331103682518 0 0.2386086881160736 0.4972444176673889 0.3106433600187302 0.8701584190130234 2.858219929039478 0.7520220428705215 0 0.1082225069403648 29.38488381356001 2.360706776380539 0 0.6883023232221603 0 0.1171756610274315 0 0 0 0 56.59904474020004 0.6764933615922928 0 0 0 16.51748821139336 2.225445777177811 23.05447076261044 3.008197225630283 2.692641504108906 1.499528855085373 0 0 0 0.112008199095726 0 0 0.09605818241834641 0 0 0 50.10678332298994 34.97811825573444 17.6181321516633 476.3115908280015 7.638051725924015 193.0164001248777 21.30215528607368 156.1818582117558 62.31295916438103 0.8130563795566559 31.53723008930683 210.9163585603237 0.2046858891844749 10.73119236528873 1.366095826029778 34.8919630870223 2.444174662232399 1.387228071689606 1.664609916508198 24.2556729093194 0 285.5590355843306 91.25101044774055
36.87652069330215 198.2143542841077 2397.566072769463 1.498066417872906 1675.030569195747 4.573037400841713 19.62754498422146 1707.447998963296 664.8173875808716 114.605642080307 3248.497349508107 255.6833555698395 106.3220081552863 676.6248346790671 61.77837592363358 30.01566230505705 5.125525064766407 3.750545345246792 0.8363233432173729 4.95230820029974 8.686456300318241 2.293776765465736 6.218878701329231 5.028257690370083 3.369421824812889 1.022128954529762 0.6959547400474548 0.572752483189106 1.94128742814064 0 692.3995008021593 999.1372520625591 56.42697802186012 12.6323638856411 5.86906848102808 3.66790896654129 13.11041235923767 1.951119929552078 4.443110749125481 3.185541667044163 15.82413093745708 11.60967127978802 8.690671071410179 15.43413504213095 20.95562503486872 26.36328166723251 319.6154724359512 6.443251959979534 3.942218042910099 10.00455205887556 1.370959214866161 2.77813733369112 5.475297272205353 1.770174644887447 22.95258966088295 15.40196745842695 24.24592700600624 57.47022811323404 16.31651242077351 71.1624544262886 34.3090031221509 25.83358354121447 20.33662277460098 158.5407988354564 3.580167427659035 6.870184876024723 7.032574981451035 2.090689972043037 9.55587051063776 19.65717469155788 33.47002494335175 11.31488919258118 0.09654626995325089 66.46915154904127 89.77963998913765 196.0223444290459 93.01930129528046 120.0790461972356 2304.747382044792 900.951024711132 151.3024397566915 1171.753023423254 16.14964630454779 1.204247251152992 2.097051560878754 7.698888652026653 5.726236395537853 0.8763193041086197 1.685865327715874 1.486432336270809 4.432099297642708 1.146337926387787 5.215620562434196 10.36274199187756 12.20277012139559 8.985657840967178 1.90228133648634 0 15.40091949701309 37.54702880978584 0 0 0.3878942728042603 0.1579648852348328 0 2.072327613830566 0 1.819495275616646 2.705589845776558 1.031050935387611 4.326880410313606 10.16951417922974 11.41272050142288 5.391891121864319 4.823000602424145 0 0 0 0 0.3445034027099609 0 0.2052356004714966 0 0 0 1.636093601584435 0 0.596830815076828 0.9356054663658142 0.9498253166675568 0.8859080523252487 0.1275766342878342 0.5242443084716797 0.5906304270029068 0.3056589961051941 0.7078983187675476 0.2135924696922302 0 0.1980715841054916 0.6827652156352997 1.556765824556351 1.619823314249516 6.261128306388855 0.1241169571876526 0.3858903348445892 0.2850265949964523 0.1827741861343384 0 0 0.7752129435539246 0.2368025481700897 0 0 0.2167629152536392 0.09243326634168625 0.373773992061615 1.031240433454514 1.659842565655708 0 0 0.2680791243910789 0 0 0 1.174052447080612 0.4409879073500633 10.72203049808741 0 0 0.2404839918017387 0.5816019400954247 0.256924957036972 0.0878828838467598 0 0 0 9.769665561616421 0.8332844972610474 0.6103255301713943 0.1832123845815659 1.390971645712852 3.505785375833511 0 4.812272578477859 0 0.4247152060270309 0.1654154807329178 0.2358036488294601 0.336140513420105 0 0 0 0 0.314249761402607 0.08241806924343109 2.072342984378338 0.8740416988730431 2.21538895368576 6.160149328410625 6.201925531029701 660.3381781503558 18.96061280369759 704.256853595376 43.47508911043406 75.38946568220854 201.0530755370855 1.488574922084808 80.78937170654535 32.93757570534945 0.07689458131790161 1.049571916460991 0.3700394704937935 1.05213925242424 0 0.6226550862193108 1.33687686920166 14.08882233500481 0.370231568813324 58.51709850877523 3.752136893570423
2.474623672664165 929.7519643381238 206.4398490227759 0.2750901877880096 3137.832130879164 1.787796646356583 2540.216468162835 664.8173875808716 567.1274949237704 258.8887692689896 920.9907257407904 217.0237047970295 730.9909065961838 1538.678303726017 21.87513892352581 9.64437410235405 1.385117590427399 0 0 0.1276805400848389 0.1172359213232994 0.4865848571062088 0.2899387329816818 0.1301350295543671 0.2708560526371002 0.7623111978173256 0.09550619125366211 0.2673116326332092 0.1440161466598511 0 6.69640825688839 10.01686901599169 25.84689985215664 0.4870988801121712 0.4064707383513451 1.17001336812973 21.64121793210506 1.995746955275536 16.1069408878684 1.214930519461632 0.4382124990224838 0.5577377080917358 0 0.09761639684438705 0.5617233887314796 0.2599608078598976 73.68402548134327 0.4615275412797928 0.1773241311311722 0.2907937690615654 0.1119934022426605 0.8046297878026962 1.744901701807976 0.5407433360815048 8.025269515812397 7.554510898888111 6.977951310575008 5.360137149691582 5.89613364636898 27.92294812947512 0.8035013526678085 5.045314945280552 0 12.83747667074203 0.8901269808411598 0.3224215060472488 0 0.115863524377346 0 0.6100465804338455 104.7534748241305 6.120313495397568 0 31.87270717322826 21.14514350146055 68.77385719120502 13.50100900232792 2.082570262253284 122.4318827986717 30.37844891101122 0.8846556022763252 32.94337607175112 4.113397434353828 0.7445770874619484 0.189260721206665 1.923158213496208 0.1198344975709915 0.4006142094731331 0.60275549441576 0 0.5283233299851418 0.08604555577039719 0.08880559355020523 0.4289227798581123 0 110.2519767284393 15.88441567122936 0.7130722999572754 80.57429093122482 8.648370258510113 0.6857480406761169 2.634740754961967 6.218756526708603 1.384795680642128 6.230999499559402 26.83057680726051 6.651286736130714 10.77323871850967 20.29468370974064 13.99760439991951 27.2523031309247 80.84960272908211 101.1140712350607 42.86119228601456 25.59896215051413 0 0 0.1337995678186417 0 0 0 0 0 0 0 0 0 0.2972133010625839 0.1979671269655228 0.1507314592599869 0 0 0.1601929813623428 0.1306630074977875 4.323725804686546 3.604415878653526 0 0.5573415905237198 0 2.594927616417408 3.311018295586109 7.083289861679077 5.754522688686848 0 0 0 0 0 0 0 0.3392413556575775 0 0 0 0 0 0.8608273267745972 0 0.08320920169353485 0 0 0.1014760509133339 0.3234721496701241 0.6479940265417099 0 0.1161090806126595 32.54708158224821 0.8043665885925293 0 0 0.09953631460666656 0 0 0 0 0 37.31127435714006 1.308008193969727 0 0 0 12.81626798212528 3.051278039813042 22.93042686581612 0.1858157217502594 0.287168487906456 0.2322459444403648 0 0 0 0.07858980447053909 0 0 0.07745376229286194 0 0.08390786498785019 0 27.40216712653637 28.56402284651995 12.99273570626974 537.1743356660008 7.633749574422836 246.9081035256386 17.4750904738903 49.70491165667772 90.00612710416317 1.115196399390697 65.6151368021965 159.9756266474724 0.2128099203109741 3.236824683845043 0.2377033457159996 13.36642584204674 1.36207914352417 0.3214933574199677 0 7.982713669538498 0.1335663497447968 83.83836962282658 29.43243035674095
167.2606386765838 1348.752688519657 211.7241369634867 1031.887307032943 917.9294838756323 255.3721355050802 2970.726406335831 114.605642080307 258.8887692689896 2188.365162342787 84.40005773305893 3575.023602537811 4075.673551775515 465.1214601397514 2.812630735337734 1.741937644779682 0.2311429232358932 0.197686180472374 0 0 0 0.9971225708723068 0 0 0.8780658841133118 0 0.105678528547287 0 0.1255119144916534 0.1433896422386169 18.87719909101725 0.326691746711731 7.820322021842003 0 0 0 9.255422428250313 0 3.816846936941147 1.095763638615608 0.1195322945713997 0.3874444514513016 0 0.1623382270336151 0 0.2832863926887512 14.41528112441301 0.5197338163852692 0 0 0 9.325248815119267 0.7630321159958839 0.6360714212059975 1.638535693287849 1.715210907161236 39.65903213620186 11.36791786551476 3.349642366170883 7.961372807621956 0 2.598109841346741 0 8.020580857992172 0.3849361836910248 0 0 0 0 0.8990602940320969 192.688046656549 127.9562377557158 2.52835962921381 17.56190643459558 11.47847858071327 21.8770509287715 1.820262163877487 0.1913623362779617 1.690479069948196 5.562718085944653 0.5869863480329514 1.318229854106903 0.9293448030948639 0.4928366765379906 0.08649454265832901 0.4632502421736717 0.1104980260133743 0.504445806145668 0.2139558494091034 4.265074618160725 0.3442007899284363 1.293655678629875 0 0.4386036843061447 1.064702957868576 1084.860422924161 75.28349216282368 2.046923384070396 37.96083852648735 306.8815916031599 1.210117965936661 27.99980664998293 38.26984071731567 21.09656293690205 10.51938155293465 88.78809801489115 102.2812417149544 32.90540631115437 116.1444774866104 76.30706652998924 26.18196015059948 176.3258600011468 229.2076707109809 102.8119611144066 45.75242585688829 0.1366437971591949 0 0 0 0 0 0 0 0 0 0 0 0.2350294888019562 0 0 0 0 0.3791688978672028 0 1.58530929684639 5.514031618833542 0 0.3326185643672943 0 5.839498154819012 1.526004768908024 5.987954661250114 3.493166483938694 0.1377604156732559 0 0 0 0 0 0 0 0 0 0 0 0 0.9149446189403534 0.6937978193163872 0 0 0 0.1365141123533249 1.309699572622776 2.273383527994156 0 0 27.31785339862108 0.1252350360155106 0 0 0 0 0.1194100975990295 0 0 0 70.88789830356836 1.640362612903118 0 0 0 14.88834578543901 1.87230721116066 13.90175858139992 0.5794158950448036 0.3646983206272125 1.572633385658264 0 0.09242446720600128 0 0 0 0 0 0 0 0 118.5056454017758 34.27299585938454 16.80154978483915 651.1493377611041 2.695983558893204 54.6151384934783 5.284964144229889 526.4863439649343 26.03798110038042 0.1683472618460655 11.64430596679449 390.9548063352704 0.1215439066290855 2.344398140907288 0.1482862681150436 135.7589328587055 1.572206720709801 0.1606054455041885 0.20462965965271 2.02836811542511 0 1341.992828965187 250.9643647447228
44.22873963415623 534.1070260927081 1332.136191301048 0.7543062567710876 2118.900082856417 4.682364389300346 110.271024428308 3248.497349508107 920.9907257407904 84.40005773305893 2101.974151842296 1100.85689586401 1306.206713564694 4087.63789062947 65.51470350474119 37.73200348764658 2.640366837382317 2.545376092195511 0.1030497997999191 2.340042643249035 12.57699073851109 14.55110784620047 10.76156938076019 10.23117120563984 20.72813936322927 7.319817185401917 4.227297402918339 11.20660780370235 3.871370196342468 1.186578080058098 148.3479349017143 48.17609661817551 674.2022462412715 8.588186822831631 8.941902242600918 22.22781641036272 241.2020297497511 34.180031940341 40.17634780704975 18.98779229074717 33.01274362206459 20.14024673402309 3.380065307021141 2.304467543959618 3.240661963820457 3.542995601892471 105.8280066475272 1.563975356519222 2.333713211119175 3.017805159091949 1.614333033561707 8.461645193397999 14.96539173275232 10.68676446378231 6.373854890465736 4.695830024778843 8.880341708660126 26.23028610646725 7.806830301880836 25.11808644980192 5.819914996623993 71.3330205604434 2.211043983697891 33.25097364187241 1.031476989388466 0.8949394300580025 0.9842924103140831 0.109291136264801 2.253768138587475 23.84737433493137 447.2738585919142 53.44777272641659 1.876658238470554 29.93610670417547 21.98581234365702 63.98948505520821 24.7299005612731 7.723270647227764 374.9485323354602 924.6456334367394 2.208238512277603 689.6306963413954 3.369525298476219 0.412089966237545 0.3109489604830742 3.038870476186275 1.162163950502872 0.2288274019956589 0.7419450730085373 3.063076511025429 1.334276728332043 1.281979963183403 6.96459899097681 4.53464799374342 5.633826933801174 62.97599038481712 21.03356529772282 0.7198132425546646 78.2636100128293 14.93113312870264 0.2798460125923157 0 2.62370041012764 0.1480830907821655 4.030530080199242 11.22701834142208 0 11.2982691898942 6.576925411820412 5.713637053966522 15.29035419970751 40.76649211347103 55.22719470411539 26.87372098118067 23.65197529643774 1.147275112569332 2.254767782986164 0 0.2746818363666534 0 0 0.4852773547172546 0.5626680552959442 0 0.348836213350296 0.4090941846370697 1.311491906642914 4.709363356232643 1.320398300886154 2.369500584900379 1.278814807534218 4.223938755691051 4.976764798164368 3.478853657841682 4.279531449079514 3.81976268440485 0.957064226269722 3.825637869536877 0.1178859919309616 6.189663290977478 9.257742866873741 12.77501931786537 26.65216179192066 7.822974808514118 2.347179755568504 0 0.9147932380437851 0.2995202541351318 0.2221977412700653 3.00087421387434 0.2911320626735687 0.1432313919067383 0.7667649611830711 0 0.1529279202222824 1.333936706185341 11.32641573250294 4.016833275556564 0.6674748510122299 0 0 0.4278173744678497 1.558522403240204 0 0 2.557708472013474 45.42097574472427 2.40294798463583 0 0 0.1811988651752472 0.1338896155357361 0 0 0 0.6294114142656326 49.70085473358631 7.931477427482605 0.2208664566278458 0 0.7490928769111633 11.65264468640089 3.390259146690369 32.05604925751686 0.2955661118030548 0.9058592468500137 0.7985326945781708 0.4012777656316757 0.2443204522132874 0.08698251098394394 0 0 0 0 0.3622910603880882 0.4487554579973221 1.223864823579788 12.09087461233139 48.82524973154068 46.06915425509214 598.1690730154514 9.183004111051559 300.2054094076157 32.89586416631937 52.13262470811605 90.1204844340682 0.7354718893766403 65.06527746468782 103.4027713611722 0.3989265561103821 5.939506031572819 0.5873297899961472 10.2160406857729 1.290548741817474 0.5227866917848587 1.048921436071396 6.757628686726093 0.9581100940704346 46.06257324665785 23.63466557115316
13.79833914339542 500.0185561254621 379.8059200271964 515.1482510194182 611.7609056010842 26.96812950074673 840.5481207594275 255.6833555698395 217.0237047970295 3575.023602537811 1100.85689586401 362.0154364258051 1176.42250059545 836.3019654005766 9.893659599125385 6.03696271032095 0.9043719917535782 0.6555939689278603 0 0.6911644786596298 1.751232087612152 8.267129674553871 0.3501256108283997 1.017846092581749 4.186005309224129 0.8972562849521637 0.1513904929161072 1.684520334005356 1.192355528473854 0.5868617594242096 7.533501200377941 2.474968776106834 126.3736022561789 0.5979666858911514 1.278370097279549 5.596583113074303 75.55419896543026 24.5883803665638 53.77841144055128 14.01956961303949 5.607329122722149 0.1355830430984497 0.3954718708992004 0 0 0.479376032948494 17.57589057832956 0 0.4549244418740273 0.1741228252649307 0 6.460637509822845 20.74722614139318 5.581059284508228 1.018416807055473 0.7987647503614426 2.218502521514893 5.20760889351368 0.8344167396426201 4.414854012429714 0.2235842496156693 36.39854712039232 1.560779243707657 3.632525108754635 0 0 0.09951198101043701 0.1161842048168182 0.339059442281723 1.701665908098221 445.9244459122419 74.52585076540709 2.288911633193493 4.291372202336788 10.75883221626282 9.109307318925858 3.033065430819988 0 2.377478785812855 90.81791661679745 0.7502556443214417 9.631386570632458 0.4258597642183304 0.2296669855713844 0 0.296644814312458 0 0 0.7613347172737122 2.132724776864052 0.2562538534402847 0.5582409128546715 0.7168988361954689 0.144387274980545 2.501128189265728 1174.722407922149 119.7159786373377 4.475127145648003 143.3118411302567 24.65112964808941 0.393821083009243 2.761329531669617 9.464426398277283 5.168794900178909 6.542044192552567 39.81582996249199 10.98228733241558 23.60251519083977 56.75021941959858 19.47347989678383 27.95003922283649 116.3147713541985 152.6766294389963 79.8195313513279 54.14537423104048 0.227132074534893 0.242734968662262 0.232618659734726 0.2593870684504509 0 0 0 0 0 0 0 0 1.926790669560432 0.140841543674469 1.627458684146404 0.7692308127880096 1.168073385953903 1.552954152226448 0 7.062223888933659 6.631934985518456 0 1.279953479766846 0 11.09548487514257 4.379651829600334 14.24823385477066 12.03657785058022 0.3883477225899696 0 0.4366857707500458 0.1508086174726486 0 0 0.3004148304462433 0 0 0 0 0 0 2.318964377045631 0.6943360567092896 0 0.3414900749921799 0 0 0.2397074699401855 0 0.1648745834827423 1.023990198969841 54.41134841740131 0.6732958555221558 0 0.1081680655479431 0 0 0 0 0.1169809550046921 0.3036471381783485 85.98713363707066 6.437551759183407 0.2759334743022919 0 0.6329813301563263 21.92857376486063 1.044415667653084 31.03830702602863 2.016825601458549 0.552124559879303 0.3856255039572716 0.3371652141213417 0 0 0 0 0 0 0 0.4195138365030289 0 49.32757027447224 51.77301593869925 47.15333364903927 231.2302970588207 2.654759481549263 59.42028021812439 6.866892106831074 64.10595495253801 20.48885080218315 0.2443075478076935 11.00822508335114 157.8787901550531 0 5.146358251571655 0.3167136907577515 16.30261744558811 1.088890850543976 0.2056354954838753 0.2602086961269379 1.083322696387768 0.1155584827065468 424.857669942081 111.0120133087039
31.79069876670837 1776.612899243832 195.4876088872552 726.2393561303616 1439.370132029057 49.1107234954834 7069.781607370824 106.3220081552863 730.9909065961838 4075.673551775515 1306.206713564694 1176.42250059545 2437.753843814135 3649.354903049767 22.81709782779217 12.22654965519905 3.097128733992577 0.3229038566350937 0 0.6980876550078392 1.635453134775162 5.180975571274757 1.659813418984413 1.330580338835716 6.196962460875511 1.385677799582481 0.6145906299352646 3.277626231312752 0.8256804198026657 0.5053730309009552 8.755593582987785 1.380302667617798 490.1006153225899 0.2979883253574371 0.4501517713069916 5.690577834844589 324.9169919714332 49.22839689254761 76.69213120639324 19.18470786511898 4.036644712090492 2.348924092948437 0.09176688641309738 0.8992461711168289 0.7795432880520821 0.6913603246212006 28.4592727124691 0.3090441077947617 0.1325075626373291 0.8276528120040894 0 5.182215847074986 29.50589419901371 3.655446201562881 2.140594005584717 2.186720818281174 8.350876465439796 8.968834482133389 2.935919769108295 6.727365583181381 0.8248162418603897 21.62753260135651 1.256541386246681 9.175483740866184 0.1096623316407204 0.271467924118042 0.2232079282402992 0.1177338436245918 0 3.058909706771374 603.069337412715 58.47753571718931 0.9927005022764206 14.2361381277442 13.0726245418191 29.5973961353302 4.292318403720856 1.136147357523441 30.94014244526625 90.63252794742584 0.7667282521724701 28.45271621644497 1.348090790212154 0.1850125342607498 0 0.7236568853259087 0 0 0.09556987881660461 1.058043792843819 0.4533222168684006 0.4370077848434448 0.3003647029399872 0.2994132488965988 0.6267588511109352 611.5016227066517 36.60834071785212 2.91288486123085 262.9865814298391 45.86172323673964 1.38016577064991 3.209775291383266 21.70965503901243 25.00541143119335 12.48399744927883 84.05598314851522 17.28616315126419 27.10496241599321 89.25000342726707 38.07397355884314 49.35074591636658 171.5911442115903 232.4779504090548 116.5762208029628 63.69644591957331 0.4603487774729729 0.1213950365781784 0.1520833224058151 0 0 0.1302942633628845 0 0.1999154686927795 0 0 0.3516207486391068 0 1.595312528312206 0.9923778623342514 1.224555745720863 0.3808000683784485 1.074525892734528 0.6909176409244537 0.1443529427051544 8.377179086208344 9.944378882646561 0.1029529348015785 1.227796763181686 0.1473671197891235 11.01248348504305 7.494557350873947 17.15451143682003 14.91555660218 1.729179695248604 0.5474715158343315 0 0.1029807403683662 0 0.8277712464332581 1.475738823413849 0 0 0.2123702168464661 0 0 0.1091248989105225 2.154852345585823 0.5742028504610062 0 0.4024263918399811 0 0.25221848487854 0.5306720286607742 0.6174650341272354 0 2.545751042664051 71.60300070047379 1.395157590508461 0.1156942173838615 0.1458523571491241 0 0 0.09858997166156769 0 0 0 108.0037505105138 2.641904562711716 0 0 0.2824014127254486 24.30502977222204 1.611911818385124 47.6659267321229 0.7143148332834244 1.161169193685055 1.069338299334049 0.94132299721241 0 0 0 0 0 0 0 0.3924083560705185 0 78.51467369496822 72.39057046920061 46.14143095165491 351.5290437936783 2.209285087883472 94.3627015426755 11.69960221648216 101.5054866299033 35.20387595891953 1.072957441210747 22.11543413996696 231.7762096524239 0.1899683922529221 4.700242415070534 1.282690145075321 35.64987321943045 0.8232031613588333 0.1462126970291138 1.136961854994297 3.604368910193443 0.1481243222951889 304.2015786841512 125.0594379231334
