192.7020642906427 2585.165235184133 1541.749482341111 702.1914302334189 98.02905775606632 128.4352741390467 284.193311907351 150.354889139533 35.02074633538723 1804.185265645385 172.9353230893612 8.753774739801884 61.02015945315361 103.8791170492768 1.038213320076466 0.6031123995780945 0.1385803073644638 0.08296330273151398 0 0 0 0.7386117428541183 0 0 0.1328518241643906 0.1375574916601181 0.1515284329652786 0 0 0 961.1611506044865 5.235443137586117 29.45124638825655 0 0 0 5.812636107206345 0 0.8403474390506744 0.3027292340993881 0 0 1.024011477828026 0.1872358024120331 0.8066443800926208 0.2578561305999756 8.581428416073322 0.404697485268116 0.104290671646595 0.1049043089151382 0.0753074511885643 0.6254096478223801 1.382670655846596 0 3.954866491258144 10.56783975660801 183.3128797113895 618.9122782275081 58.1127710044384 9.813065208494663 0 2.94853787124157 0 9.673712752759457 1.592749357223511 0.1986614316701889 0.313480369746685 0.2585070133209229 0 0.4066175520420074 14.48446951061487 3.306789457798004 0 125.4272595345974 20.46820512413979 12.82769196480513 4.4979467689991 0.1202091351151466 0.494469903409481 43.30401669442654 0.4979825019836426 2.094286389648914 6.947254367172718 0.3902907371520996 0.7049858719110489 3.037242904305458 0.2635018900036812 0.1835252195596695 0.1665546894073486 0.2183483242988586 0.3069353848695755 0 0.6069268435239792 0.3221351951360703 0.2957277670502663 90.48842446506023 14.03741954267025 0.4713935330510139 7.83808721601963 1436.9707217291 0 0 0.6874518990516663 0 0.1445872038602829 25.93145968019962 1.207951635122299 1.138012617826462 0 5.641752079129219 2.031007587909698 1.669144839048386 3.97686679661274 3.665393024682999 2.529460199177265 0 0 0 0 0 0 0 0 0 0 0 0 0.6536969766020775 0 0.1074758246541023 0 0 1.434801578521729 0 0 0.2496566325426102 0 0.2851468026638031 0 1.810640878975391 0.6337739080190659 1.577297016978264 0.9993298798799515 0.1379485130310059 0 0 0 0 0.09042942523956299 0 0 0 0 0 0 0 0.5493864417076111 0 0 0 0 0 0 0.1698970645666122 0 0.7744237184524536 0.1272737830877304 0 0 0 0 0 0 0 0 0 0.874590128660202 0 0 0 0 0 0 0.1760469228029251 0.08584070950746536 0 0 0 0 0 0 0 0 0 0 0 0 7.654000356793404 0.2003073841333389 0.5947136878967285 110.9171110093594 3.549697637557983 48.43518216907978 11.27009795606136 899.8930414915085 5.483768321573734 1.38434511423111 3.292038328945637 3.094441458582878 0 0.4547090083360672 0 14.76952187716961 0 0 0.1292327791452408 1.691537529230118 0 192.7294522076845 0.2643688917160034
2585.165235184133 3817.554232113063 3225.490653716028 2310.995568223298 1213.035830706358 314.6961601525545 1295.6769554317 790.9812326356769 791.6560810729861 1962.931663677096 1390.095956645906 206.6427928060293 624.3055050224066 1430.363528743386 15.29244751483202 9.482364840805531 1.754065498709679 0.3521503731608391 0.2000337615609169 0.1897565796971321 0.3707132339477539 0.8357721716165543 0.4605536237359047 0.7330995127558708 2.274437323212624 1.037197962403297 1.085266850888729 0.2613076940178871 0.2808024734258652 0.478611133992672 1683.495113059878 133.5088913664222 200.3812540322542 0.242637112736702 2.485910572111607 0.5682968348264694 50.82731111347675 1.714127950370312 7.588843546807766 1.470825284719467 0.1392804235219955 0.6416433826088905 0.4123474955558777 1.824811480939388 0.08660196512937546 0.5801749676465988 75.2534591704607 2.415387541055679 1.426151104271412 0.5585305169224739 1.838679738342762 1.881272375583649 0.7422028183937073 0.8150803297758102 12.44759245961905 30.92202156037092 150.9554767906666 788.1854612231255 99.14542179554701 49.69638400524855 0.727045051753521 14.18728064745665 1.395781770348549 225.3272597193718 5.228850930929184 2.068375587463379 2.830252110958099 2.089764535427094 0.6581727042794228 0.9496827125549316 44.00161750614643 2.90271570533514 0.2145580127835274 344.0140387266874 152.4308224618435 133.4360302388668 92.75597408413887 3.831618808209896 1.510996364057064 425.1992114931345 0.5577194467186928 21.17410010844469 22.58986102044582 0.6252341791987419 2.866258315742016 10.71947795152664 1.164967618882656 0.6705963462591171 1.589165754616261 0.1618987172842026 0.6437664031982422 0.5914282277226448 0.7722806259989738 0.3361750766634941 1.924224883317947 32.30813909322023 6.26558019220829 0.2616208344697952 11.94784840941429 1250.315581291914 0.3353703618049622 0 1.699109353125095 0.3295058906078339 8.261837735772133 12.01959457993507 1.476484954357147 6.610956571996212 10.64322014153004 11.55633793026209 4.726725488901138 11.81259978562593 20.49977440387011 19.08618257194757 11.4611199349165 0 0.405988372862339 0 0 0 0 0 0 0 0 0.2008315473794937 0 4.187161169946194 0 0.4747660532593727 0.2222703695297241 0.9378803223371506 0.1329383105039597 0.2103125303983688 0.5548728853464127 0.9673293828964233 0 4.099144876003265 0.3347072601318359 11.89208548516035 6.403396837413311 24.0986240953207 11.17144263535738 3.290419690310955 0 0 0 0 0 0 0 0 0.284403070807457 0 0 0.4530772566795349 1.080537877976894 0.858448714017868 0 0 0 0.414887547492981 0 0 0 3.715149812400341 7.725485749542713 0.8458945229649544 0 0 0 0 0 0 0 0.4402838349342346 11.42984715849161 0.9851133450865746 0 0 0 8.032099574804306 0 4.102158173918724 0.3217585980892181 0.8052533119916916 0.9663045778870583 0.6961266621947289 0.336959183216095 0 0 0 0 0 0 0 0 25.33092258870602 4.816189877688885 10.10037860274315 413.0175467804074 11.44781059026718 272.3503115102649 62.28235727548599 533.7984591647983 10.93221694976091 2.44145555794239 31.30614532530308 13.4815144315362 0 5.600260145962238 0.5889072269201279 10.14657887816429 0.5982846915721893 3.156048282980919 0.09027335047721863 5.170817025005817 0 101.1868162676692 5.539727747440338
1541.749482341111 3225.490653716028 1210.411257773638 438.2086753845215 308.4394159391522 43.528350263834 144.3400438651443 2892.446761712432 365.2955423891544 346.3120220825076 2282.850137524307 13.22655360400677 173.9428738355637 1208.890628039837 13.12647955864668 8.772857189178467 1.046748496592045 0.2665693834424019 0 0.2793120518326759 0.8704404681921005 1.40000107884407 1.082519367337227 4.187490165233612 4.342086285352707 0.6710584238171577 1.231207877397537 0.1220822408795357 0.4072065353393555 0.8522398695349693 3621.435422450304 667.092512845993 267.8873932808638 0 5.417439647018909 1.140713930130005 43.26640609651804 2.165022127330303 7.169696643948555 2.011221528053284 0 0.1308276504278183 2.699813582003117 0.5798230022192001 0.1909982264041901 1.337497621774673 41.31071534007788 1.637270212173462 0.1188656687736511 2.080623641610146 6.174575947225094 1.527049273252487 1.070452138781548 0.2457842603325844 6.154889062047005 15.80963031947613 90.37748617678881 767.2447010204196 48.65440289676189 20.6181154102087 1.292127259075642 30.03616038709879 4.337727665901184 185.7941778004169 2.853269271552563 3.686217270791531 8.451626293361187 9.369540236890316 5.878893360495567 3.596515171229839 31.94845689088106 6.20119246840477 0.3206876963376999 167.3360074460506 80.37697660923004 52.38308483362198 47.99081178754568 4.540167152881622 20.62884642183781 1449.496683694422 0.3353176862001419 88.50892755389214 9.656600803136826 0.4290779605507851 1.120762661099434 21.02096788585186 4.979615785181522 0.2914254888892174 2.000143803656101 1.078353770077229 0.6115011274814606 0.6225944757461548 7.75829266756773 4.013350315392017 3.16325793415308 14.08262242376804 5.316612236201763 0.7577053010463715 8.034989066421986 411.7607330083847 0 0 0.2842486202716827 0 3.467532888054848 8.013058617711067 0 4.812449559569359 3.223942741751671 4.709909714758396 1.368224948644638 7.043206587433815 10.92374435812235 11.39977616816759 7.919662736356258 0.3252858147025108 0.6373953968286514 0 0 0 0 0 0 0.2126406580209732 0 0.1386719644069672 0.2590916901826859 3.364784143865108 0 0.5477649420499802 0 0.8524919748306274 0.5131313800811768 0.1877321302890778 0.4623580724000931 0.1255013048648834 0 2.16336353123188 1.491001397371292 11.71758945286274 4.843730337917805 19.4465533643961 7.830468870699406 3.842029377818108 0 0 0 0 0.1043683364987373 0 0 0 0.161835640668869 0 0 0 1.803752310574055 0.1153346449136734 0 0 0 0 0.3217267394065857 0 0 2.093223422765732 11.32448883354664 0.2024754285812378 0 0 0 0 0 0 0 0 10.85203013569117 1.316017597913742 0 0 0 6.07315881550312 0 2.743770748376846 1.098914556205273 0.3775100409984589 0.09633982926607132 0 0.3611445426940918 0 0 0 0 0 0 0 0 13.83527614921331 3.674967341125011 9.905465513467789 202.144488543272 5.772828608751297 119.6854893788695 33.27725948393345 142.1410122364759 4.162413239479065 4.086917825043201 21.99510902166367 8.222691029310226 0.1451103240251541 3.576261192560196 0.2532077133655548 5.349127233028412 0.1116494834423065 0.1218176633119583 0 3.279247999191284 0.108912281692028 36.16601665318012 3.669847838580608
702.1914302334189 2310.995568223298 438.2086753845215 237.7433844655752 234.9813841432333 230.5380664467812 632.6724138334394 54.76152785122395 71.98372299969196 2288.393405631185 307.6402065455914 71.24873150885105 334.6621434763074 44.13459561765194 0.1257900446653366 0.1250655353069305 0.2033949345350266 0 0 0 0.1189966723322868 0 0 0 0 0 0 0.1336666345596313 0 0 40.15090877562761 2.970737591385841 10.55841442197561 0 0 0 2.716879919171333 0.3956460282206535 2.204436078667641 0 0 0 0 0.211968295276165 0.08774524927139282 0 6.600475400686264 0.227206714451313 0 0.0708230584859848 0 0 0 0 1.729190528392792 5.31053102016449 34.06393717229366 124.053010866046 22.28399240225554 7.592811219394207 0 3.841783851385117 0 18.60431627184153 0.5263349041342735 0 0.1223762780427933 0 0 0 5.166425034403801 0.9135978668928146 0 59.86508591473103 13.11324766278267 11.05199996381998 4.87394268065691 0.4213551357388496 0 7.34784896671772 0 1.823581509292126 2.264315515756607 0.2472750917077065 0.5773333385586739 1.13223185390234 0 0.171130508184433 0 0 0 0 0 0 0 19.33741389214993 2.829075664281845 0 1.523059114813805 449.5055115297437 1.109289817512035 3.639580547809601 3.683009743690491 14.75498729944229 1.640825510025024 9.426903486251831 9.695426225662231 0.8024236261844635 14.03522941470146 22.23644417524338 1.452798530459404 1.46292071044445 5.46957078576088 5.205503173172474 0.7811712473630905 0 0 0 0 0 0 0 0 0 0 0 0 0 0 0.940630316734314 0 0.1657152026891708 0 0 0 0 0 0 0 1.441581666469574 0 0.4260169565677643 1.470013201236725 0 0 0 0 0 0 0 0 0 0 0 0 0 0 0 0.1007537394762039 0 0 0.6142352893948555 0.3312173336744308 0.3673362284898758 0 0 1.071837663650513 1.394852936267853 0 0 0 0 0 0 0 0 1.009625732898712 0 0 0 0 0.3661812841892242 0 0 0.7218983173370361 0.961575835943222 0.1142733097076416 0 0 0 0 0 0 0 0 0 0 5.731559336185455 0.2949380278587341 0 96.98966153711081 0.7344730868935585 24.31184316426516 3.500460565090179 380.3911446109414 1.645483516156673 0.5696330666542053 2.557323008775711 1.048434555530548 0 0.6105443090200424 0.1386071443557739 10.00316436588764 0.1172915548086166 0 0 9.141727566719055 0 76.44723479449749 1.66972953081131
98.02905775606632 1213.035830706358 308.4394159391522 234.9813841432333 401.8278587460518 3.579619511961937 1029.74471335113 350.381212644279 3334.841414198279 766.626706585288 1430.380054168403 91.09325890243053 317.6528454944491 3300.835158571601 5.354758888483047 2.404637858271599 0 0 0 0 0.1165323108434677 0 0 0 0.1506206542253494 0.09488587081432343 0 0 0.1470406204462051 0 85.03607217222452 59.02816763520241 14.17476492375135 0 0 0 7.671454228460789 0.1041234508156776 0.9383998066186905 0.6136300042271614 0.1118199750781059 0 0.1548194289207458 0.5433652624487877 0.07109786570072174 0 20.30811433494091 0.5092453435063362 0.1948055997490883 0.3412538766860962 0.5763365924358368 0 0.107846736907959 0 1.627328597009182 4.448664762079716 10.21253537386656 40.92457910627127 9.030303373932838 10.41526126861572 0.1604869142174721 6.885983482003212 0.1062994673848152 49.17499297112226 1.157862700521946 0.7707433179020882 0.6576059982180595 0.4527831077575684 0.1602755412459373 0 9.319971486926079 0.5672347247600555 0 45.12604273110628 24.57427859306335 31.16928282380104 31.10325519740582 1.549613066017628 0.5511606931686401 20.57148879021406 0.08217910677194595 7.120242826640606 4.345185026526451 0 1.091514304280281 1.345865592360497 0.08914291113615036 0.09121458232402802 0.08157879114151001 0 0.08685794472694397 0 0.6499183028936386 0.1000123098492622 0 4.929741024971008 0.4316969811916351 0 3.502051398158073 10.72019444406033 0 0 0.2313070446252823 0 3.421254068613052 7.348685160279274 0.6796668767929077 3.654619634151459 2.539704531431198 2.898046135902405 1.497329577803612 3.793818436563015 6.618608459830284 10.04569573700428 2.851889744400978 0.2066816464066505 0.1158101335167885 0 0 0 0 0 0 0 0 0.1214031502604485 0 1.265796527266502 0.5144475698471069 0.3422234952449799 0 0 0 0 0 0 0 2.288024798035622 0 5.149620980024338 1.551740847527981 8.411627918481827 0.9175728186964989 0.5320074707269669 0 0 0 0.1385270357131958 0 0 0 0 0.1172793880105019 0 0 0 0.1071841046214104 0 0 0 0 0 0 0 0 1.05723462998867 3.921464219689369 0.403653010725975 0 0 0 0 0 0 0 0 3.852811716496944 0.3142274916172028 0 0 0 1.605685696005821 0 1.523006692528725 0.4837492108345032 0.2026841342449188 0.5172931551933289 0 0 0 0 0 0 0 0 0 0 11.01286896318197 0.5177267491817474 3.899726308882236 138.1899292469025 3.134443864226341 75.83160290122032 23.18273373693228 27.86262370646 3.51157058775425 0 13.61177273839712 2.757813833653927 0 2.709698118269444 0 4.137585639953613 0 0.2720108181238174 0.9255210161209106 2.040753841400146 0 13.29845672100782 2.877417854964733
128.4352741390467 314.6961601525545 43.528350263834 230.5380664467812 3.579619511961937 25.10772028565407 27.33615521341562 9.182781100273132 2.00735791772604 637.9209581613541 7.287338405847549 123.1274430155754 87.64815329015255 11.67209392786026 0.1235878318548203 0 0 0.1214388981461525 0 0 0 8.436929769814014 0 0 0 0 0 0 0.1607594341039658 0 3.788289576768875 0 13.20259530842304 0 0 0 15.77536548674107 0.5954635888338089 7.253763437271118 0 0 0 0 0 0 0 0 0 0 0 0 9.619136787950993 7.467731699347496 1.010510087013245 0 0.1180263310670853 144.4500815495849 5.123068407177925 12.60177510231733 0.2082248330116272 0 8.425706192851067 0 0.5422515273094177 0 0 0 0 0 0 62.11649882793427 94.09491184353828 11.22422391176224 0.8229122906923294 0 0 0.1314443647861481 0 0 9.406207457184792 0 1.055764645338058 0 0.4958850592374802 0 0.5475292876362801 0 6.054369002580643 0.6813515797257423 10.15789879858494 0.4430479854345322 3.181685365736485 0 0 0.6576286926865578 599.1060153990984 291.0080278366804 18.15077679604292 65.19354563951492 546.4560604542494 0 0.3430102169513702 0.5755261778831482 0 0.8725159764289856 1.184066727757454 0.8816932290792465 0.4771379232406616 1.061765864491463 4.768916860222816 0.2441515028476715 1.590658873319626 4.38690871745348 0.5117451250553131 0.3647308200597763 0 0 0 0 0 0 0 0 0 0 0 0 0 0 0 0.1463590264320374 0.1107878759503365 0.1743873655796051 0 0.6484089493751526 0 0 0 0 0.1515468955039978 0 0.9625440835952759 0 0 0 0 0 0 0 0 0 0 0 0 0 0 0 0 0 0 0 0 0 0 0 0 0.2963268309831619 0 0 0 0 0 0 0 0 0 0.1784315705299377 0.5654494762420654 0.1480193734169006 0 0 1.711835265159607 0 0 0 0 0 0 0 0 0 0 0 0.1176808178424835 0.112221971154213 0 0 3.12728925049305 0.1721331924200058 0.09555137157440186 48.19232082366943 0 0.5744853913784027 1.121130526065826 243.5043921098113 2.292663097381592 0.124880239367485 0.3461281955242157 2.721353441476822 0 0 0 7.774267315864563 0 0 0 0 0 96.4216175749898 1.634288489818573
284.193311907351 1295.6769554317 144.3400438651443 632.6724138334394 1029.74471335113 27.33615521341562 1435.809455625713 111.9855923503637 1144.263207726181 2418.822022549808 961.9655068665743 673.2295527681708 8461.25154504925 5013.323630750179 17.5992473512888 8.310720659792423 1.702410034835339 0.4735750108957291 0.3315072953701019 0.1735771894454956 0.1189793050289154 0.2872926443815231 0 0.3339104056358337 0.9019034504890442 0 0.1848601698875427 0.4094896093010902 0 0.1159115508198738 155.6640141904354 110.342400752008 50.93898638337851 0.1310316175222397 0.4389313384890556 0.4092063382267952 31.93885573744774 0.8392447829246521 5.416704259812832 0.9115702286362648 0.6962102577090263 0.106465257704258 0.1665350422263145 0.7842039167881012 0.1808427721261978 0.07887160778045654 73.688013240695 2.108516715466976 0.6550025939941406 0.426641933619976 1.066131889820099 0.5524282306432724 0.2187425047159195 0.1032226234674454 7.382464163005352 18.99541492760181 50.46991071850061 203.3163315430284 44.86355319619179 40.16220023483038 0.4036912620067596 16.36107636988163 0 140.6850280612707 3.777054779231548 1.609772622585297 1.942010588943958 1.409904919564724 1.03675539046526 0.7161114811897278 46.64809462428093 2.26360285282135 0 182.4966399222612 86.93410390615463 108.0979719683528 89.1385537981987 4.338336028158665 1.545877575874329 62.28705410659313 0.4571495726704597 19.04225004464388 15.49657955020666 0.368746854364872 2.85584694892168 7.56873358041048 1.851645603775978 0.4700987860560417 0.6604935079813004 0.09111512452363968 0.2042724192142487 0.09657535701990128 1.897311359643936 0.3633603900671005 0.759050264954567 44.14672392606735 4.485414691269398 0.2642946019768715 8.030271843075752 111.4218787029386 0.09903191030025482 0 3.0173399746418 1.121640488505363 8.069578252732754 15.8005333840847 4.391738682985306 16.07070314884186 15.24879501760006 18.79794418811798 9.946507394313812 22.02123937755823 46.04239543527365 35.43140032142401 10.96968312561512 0.3093201741576195 0.1309730559587479 0 0 0 0 0 0 0 0 0 0 2.420508541166782 0 0.0928872749209404 0 0.1544862985610962 0 0 0.6874761953949928 3.619331017136574 1.262990117073059 4.313415244221687 0.7548974752426147 24.16504194587469 7.431701965630054 26.86228264868259 5.43060789257288 3.622806966304779 0 0 0 0.1012463644146919 0 0.1492257714271545 0 0 1.883469417691231 0 0 0 0.8653831705451012 0 0 0 0 1.463892951607704 0.5209968686103821 0 0 1.112643852829933 16.16546320170164 0.1704167574644089 0 0 0 0 0 0 0 0 25.84815031290054 0.9819878712296486 0 0 0 8.724239140748978 1.729850620031357 4.494323626160622 0.9601746946573257 2.290375515818596 0.4948036447167397 0.581874743103981 0 0 0 0 0 0 0 0 0 44.37067021429539 3.144541703164577 14.68374219536781 422.0770175084472 10.32667692750692 235.8389927372336 60.83644369989634 189.4641085118055 9.769604928791523 1.820299506187439 35.87924251705408 18.55527703464031 0.2537872046232224 3.989777520298958 1.334557257592678 18.9966154396534 0 0.3195157870650291 0.1592423170804977 7.188492931425571 0 68.22612032294273 12.05158254504204
150.354889139533 790.9812326356769 2892.446761712432 54.76152785122395 350.381212644279 9.182781100273132 111.9855923503637 3117.668795339763 507.7018016800284 125.7157273888588 3558.506806097925 3.621372915804386 80.54588816314936 688.2333344146609 45.37104304134846 39.51636883616447 8.995239891111851 24.00848005712032 8.788093134760857 17.39522270858288 20.9129566475749 1.249715358018875 5.050680384039879 13.8652523830533 14.13827919960022 4.642080187797546 8.141271613538265 1.667681902647018 0.8763920813798904 1.239640302956104 1114.389453202486 5170.643441334367 247.6974560245872 16.88093998283148 29.6694138199091 3.949605472385883 22.60660988837481 4.335252463817596 8.13022918254137 3.024987265467644 4.229712553322315 2.037243351340294 39.224958114326 121.74079554528 20.35812674462795 79.67410357296467 113.6833985894918 10.79901364445686 10.18717025220394 81.7006381675601 59.3782943636179 6.641966640949249 3.197416290640831 3.396280415356159 5.322042658925056 16.40403807908297 24.51414018124342 223.6657729372382 24.87313167005777 26.84294494986534 100.1473552957177 284.9904271811247 34.83065347373486 318.5690255463123 14.49160162359476 68.75461436063051 90.35915028303862 164.4794865772128 137.8991269394755 51.07261352986097 16.85352796316147 9.090495705604553 4.281541734933853 122.2907023429871 107.3916587159038 111.9485975652933 371.4528307244182 601.8131579086185 2228.016828455031 3594.488976083696 329.9465688019991 2703.375952504575 12.59031303226948 0.2200790196657181 16.37350478768349 172.5793440379202 168.9848293215036 1.594740442931652 7.165099300444126 0.3998276814818382 13.18329826742411 3.44921986758709 100.461801931262 24.55199617147446 12.70431852340698 12.06877121329308 5.059827119112015 0.5281103849411011 5.569495163857937 65.90951745212078 0.09699059277772903 0.1216018721461296 0.6103531718254089 0 1.039115592837334 2.76357527077198 0 0.6010193079710007 0 0.7870777249336243 1.532280474901199 2.680101670324802 5.013819046318531 4.468769885599613 3.672914773225784 0.4218556061387062 0 0 0 0 0 0 0.2164055407047272 0 0 0 0.2259675711393356 8.214852847158909 0 3.513653315603733 0.1107418015599251 2.22232960164547 0.9932042211294174 0.1435642838478088 0.2508527040481567 0 0.1851131618022919 4.493323668837547 3.053351223468781 6.980560779571533 6.803074680268764 20.98365763574839 8.009246088564396 5.017872422933578 0 0 0 0 0.1477302014827728 0 0 0 0.4920700341463089 0 0 0.1722535192966461 3.870285160839558 0.5670307278633118 0 0 0 0 0 0 0 2.858358308672905 6.441569298505783 0 0 0 0 0 0 0.1094912961125374 0 0 6.116872504353523 3.216028675436974 0 0.7864765971899033 0.2466549277305603 2.636928603053093 0 3.956089004874229 0.4499079138040543 0.8918154463171959 1.46054520457983 0.2548786401748657 0.2869178503751755 0 0 0 0 0 0.3642095476388931 0.6643219068646431 0 3.916264459490776 4.414691761136055 10.42540719360113 457.7415749058127 15.79813335835934 262.2911210730672 95.08547256886959 51.51601428538561 8.637480728328228 1.508857905864716 51.11109853535891 13.90731766074896 0.6554187461733818 5.847124919295311 0.4419927373528481 1.064146190881729 0.3922577351331711 0 1.266036346554756 7.453430891036987 0.7767366170883179 23.1632828861475 1.496633052825928
35.02074633538723 791.6560810729861 365.2955423891544 71.98372299969196 3334.841414198279 2.00735791772604 1144.263207726181 507.7018016800284 701.6331248432398 314.195572309196 1538.33919749409 82.10684036463499 1674.595051914454 2934.601410716772 11.61418063938618 5.822192065417767 0.7245774939656258 0.2126915901899338 0.2959935516119003 0.0875820517539978 0.1033470407128334 0.1455342471599579 0.1255180984735489 0.1010560169816017 0.3957383409142494 0.1755727231502533 0.1548851579427719 0.2261767983436584 0.3688712269067764 0 69.8153854906559 79.45803975313902 36.98842488229275 0.3869900032877922 0.8226478099822998 0 17.94844114035368 0.6162383332848549 2.794445529580116 0.1096886768937111 0.1025587171316147 0.2560477256774902 0.2529320567846298 0.6403767094016075 0.1851984113454819 1.017053186893463 39.83512219041586 0.6380549073219299 0.3960275799036026 0.2632336616516113 0.9976447224617004 0.831451416015625 0.2684645280241966 0 3.504702359437943 5.026721835136414 9.205194085836411 36.95398090034723 9.162886306643486 15.71375627815723 0.3239695429801941 11.83431982249022 0.6641169115900993 50.80903932452202 1.712657131254673 0.9861543774604797 2.655194573104382 2.698036417365074 1.093660399317741 0.9158273860812187 15.04378148168325 0.9163241982460022 0 48.71399357542396 30.45945760607719 52.82633428275585 49.56088076531887 3.543309189379215 2.062439478933811 130.1199299395084 0.2848212942481041 15.93104313313961 6.991105876863003 0.1181107833981514 0.5945347547531128 3.070420764386654 1.325114328414202 0.2948309332132339 0.4055862724781036 0.111842155456543 0.3324195668101311 0.3548914566636086 1.775132492184639 0.7009983360767365 0.6750150620937347 14.01595576107502 0.9093387573957443 0.1672138571739197 5.10468915104866 6.439136676490307 0.4898089021444321 0.1993853747844696 0.5253808945417404 0.1178884506225586 5.09386371076107 6.194414436817169 0.2043003290891647 6.359862849116325 5.454415008425713 7.551447078585625 4.972337566316128 7.136159859597683 19.16300525516272 15.80031269043684 7.367988146841526 0.109173595905304 0.1074645146727562 0 0 0 0 0 0 0 0 0 0 2.822013549506664 0.1109651401638985 0 0 0.7446534857153893 0.1198643743991852 0.6012719869613647 1.319273635745049 0.9140329360961914 0 2.144992150366306 0.2963398396968842 11.84754429012537 5.745841883122921 16.76623174548149 5.854177936911583 2.398719295859337 0 0 0 0 0 0 0 0 0 0 0 0 0.2387426793575287 0 0 0 0 0.3079312741756439 0 0 0 1.051328152418137 8.034796379506588 0.4972118586301804 0 0 0 0 0 0 0 0 10.97569090127945 0.4543774351477623 0 0 0 2.338748253881931 0.1158517822623253 3.580178514122963 0.3867709711194038 0 0.1211410164833069 0 0.3779179304838181 0 0 0 0 0 0 0 0 22.10409737378359 2.2101109623909 9.188940770924091 222.5452942326665 4.713180400431156 115.042376562953 35.31419502943754 28.1385647803545 3.838511258363724 0.2425789386034012 19.9354704990983 9.22864343225956 0.126118391752243 2.964749947190285 0.5663617700338364 3.023538812994957 0.3817891180515289 0 0.1203905716538429 0.7820007503032684 0.5241750329732895 22.87312713265419 5.549502119421959
1804.185265645385 1962.931663677096 346.3120220825076 2288.393405631185 766.626706585288 637.9209581613541 2418.822022549808 125.7157273888588 314.195572309196 2486.622015334666 339.8928348571062 2069.868715777993 8124.573245227337 707.3284649178386 23.01915969699621 10.4733315333724 1.620557688176632 0.7348411157727242 0.2864628583192825 0.3697705119848251 0.5199331492185593 0 0.9308217763900757 0.8312847763299942 0 0.7223965227603912 0 0.3522957861423492 0.1260018646717072 0.1072763726115227 278.5171362683177 78.47204422205687 160.1426195129752 0.4243625551462173 0.2309389412403107 0.1682651340961456 201.7251924425364 2.816667936742306 18.70176036655903 0.1573296636343002 0.2826328873634338 0.1037891507148743 0.2342211380600929 2.218919940292835 0.5933178216218948 0.4765749424695969 143.9951698854566 4.385800257325172 1.589758172631264 0.3697845637798309 0.8580584898591042 0.4327042102813721 0.7523975446820259 0.383709192276001 19.26088653504848 40.49265092611313 131.7873226627707 445.7543705478311 112.0402873829007 68.16249793767929 1.740902408957481 80.40926116704941 0.1714876741170883 240.6684383004904 6.85553515702486 1.691462859511375 1.126090928912163 0.9282961338758469 0.186577633023262 0 651.4551539942622 3.741697765886784 0 378.1599680036306 177.1247780546546 183.2718970999122 118.0626174286008 5.130669802427292 1.37395603209734 152.2739136666059 1.103219129145145 53.27104400843382 28.0300635099411 1.279740557074547 4.649340413510799 9.737488955259323 1.594873234629631 0.6030717492103577 0.8674667924642563 0.1223437860608101 1.376952767372131 0 0.9805895239114761 0.545370377600193 2.820162519812584 627.2348840609193 40.62076932191849 1.785594940185547 68.5251787006855 954.1134112551808 0.8941465988755226 1.959854617714882 19.38558470457792 33.70845706760883 32.30842148512602 169.9756382256746 24.90503580868244 64.82453858852386 77.19521604478359 137.7151687443256 27.14979121088982 71.93106207996607 161.9147598445415 114.3694829568267 31.22551448643208 0.3856201618909836 0.2496230527758598 0 0 0 0 0 0 0 0 0 0 4.429998695850372 0 1.78249229490757 0.1612938344478607 0.8250741809606552 0 0 4.520202353596687 5.521342635154724 1.786292910575867 13.79689873754978 3.178615272045135 45.29697176814079 16.40835780650377 65.74242359399796 12.05607579648495 4.018545381724834 0 0 0 0 0.1340946555137634 0 0 0.2661296874284744 0.7783884704113007 0 0 0 1.465241685509682 0.3658782243728638 0.3759221136569977 0.1966989189386368 0.09857736527919769 2.122277610003948 0.5389391556382179 0.6290819197893143 1.618074417114258 3.734369188547134 23.21386393904686 2.532256916165352 0 0 0 0 0 0 0 0 57.84981670975685 2.627798557281494 0 0 0 17.53302066773176 1.789160430431366 12.75373268127441 3.609449364244938 2.628957271575928 1.649374380707741 1.27098236978054 0 0 0 0 0 0.1666643619537354 0 0 0 203.3444539010525 6.442762553691864 24.48347982764244 1816.68594199419 26.45402950048447 494.6238526552916 157.6134640425444 1545.70871424675 28.77846645563841 4.773449465632439 110.1928441748023 53.41412118822336 2.458339244127274 21.45351511985064 2.503057368099689 127.3889174461365 0.1116653680801392 1.091544352471828 3.752986550331116 12.00123898684978 0 632.7605802491307 39.49684689193964
172.9353230893612 1390.095956645906 2282.850137524307 307.6402065455914 1430.380054168403 7.287338405847549 961.9655068665743 3558.506806097925 1538.33919749409 339.8928348571062 2399.253771372139 52.23297443985939 1796.499870762229 4845.03610779345 28.63131649792194 15.76873414218426 2.268687628209591 0.160667359828949 0.1389138251543045 0.2795408293604851 2.11835889518261 1.96157792955637 1.762791991233826 3.158919379115105 7.430540062487125 1.742309093475342 2.885504744946957 0.3081642985343933 1.420801669359207 1.13767483830452 622.9670206233859 258.1805941611528 904.9403231739998 0.3432128578424454 6.006497770547867 2.313200712203979 196.8161758631468 2.921059936285019 12.76893752068281 1.999550208449364 0.962671771645546 0.9532069116830826 2.657395467162132 1.287185154855251 0.3219776377081871 0.42165457457304 59.8524781987071 1.399041227996349 0.8023209497332573 1.842158600687981 6.208997696638107 6.889775097370148 2.820607751607895 1.359482333064079 3.682491645216942 5.768122307956219 20.74960710853338 126.3194739073515 14.38958788663149 16.98315973579884 0.2659043669700623 26.29809868335724 4.394388474524021 68.27020306140184 1.233703479170799 2.408325888216496 7.857893064618111 6.970307633280754 4.473972946405411 4.574578203260899 102.8539219126105 11.75573074817657 1.060436502099037 59.75616313517094 41.19352526962757 63.98629672825336 71.80015244334936 4.584135882556438 4.934411130845547 1562.509736672044 0.5336356237530708 83.57416541129351 5.210516437888145 0 0.9870816096663475 17.96183628588915 3.308369643986225 0.7136416584253311 1.489295653998852 0.2313857823610306 1.85503463447094 1.054666504263878 9.616978257894516 3.776070192456245 10.03617001324892 40.04858626425266 7.643652364611626 1.132683351635933 8.744817912578583 50.85084950178862 0.1374413371086121 0 4.561786711215973 0.5421394109725952 7.427415683865547 9.169045239686966 0 16.48409748077393 4.150589048862457 8.510690830647945 8.769994527101517 14.54992818087339 25.70327285677195 26.4549064040184 14.72205410152674 0.6610611230134964 1.124857231974602 0 0.1222920492291451 0 0 0 0 1.771895423531532 0 1.154172152280807 0.4493659734725952 5.475322350859642 0 0.3325701951980591 0 1.201825156807899 0.3598862886428833 0.7394970208406448 0.911713719367981 3.230250865221024 0 3.897357657551765 3.106781490147114 22.79240392148495 16.10253624618053 41.11573594808578 14.20243103057146 7.567621678113937 0 0 0 0 0.2360837906599045 0.1397069692611694 0 0 0.8300943970680237 0 0 0 1.945710815489292 1.19054663926363 0.2123395800590515 0 0 0 0.3367570787668228 0 0 1.799716413021088 21.10200910270214 0.4216122031211853 0 0.1511865556240082 0 0 0 0 0 0 19.97308523207903 4.793200582265854 0 0 0.1274794638156891 8.265026278793812 1.656606435775757 6.291258111596107 0.8210343569517136 2.737229272723198 1.015645377337933 0.3880442008376122 0.2303594499826431 0 0 0 0 0 0 0.4497136771678925 0.1913293600082397 32.50223793834448 5.729734547436237 20.08147434145212 388.1097052395344 8.497783027589321 168.9855305403471 60.27911528944969 52.28261815011501 4.742403782904148 4.739793948829174 48.15297708660364 20.08979567885399 0.2757254242897034 7.386996448040009 2.796662800014019 5.769843131303787 1.227439999580383 0.3895908445119858 0.2357624620199203 5.391435578465462 0 33.27768261730671 9.626375213265419
8.753774739801884 206.6427928060293 13.22655360400677 71.24873150885105 91.09325890243053 123.1274430155754 673.2295527681708 3.621372915804386 82.10684036463499 2069.868715777993 52.23297443985939 247.3255246132612 2056.069791838527 122.8481219410896 2.191599853336811 0.3853524029254913 0 0 0 0 0 2.158241555094719 0 0.3653528988361359 1.58414800465107 0 0.2523186802864075 0.5100128799676895 1.944440081715584 0.467466339468956 3.652772180736065 3.365687064826488 58.37791559100151 0 0 0.1747402399778366 235.5509530901909 4.972601041197777 30.96082627773285 1.281260952353477 0 0.9571516662836075 0.14019875228405 0 0 0.1255311965942383 3.637218296527863 0 0 0 0.3799534142017365 1.162981733679771 1.593985348939896 1.11446937918663 0 0.3508106768131256 3.951108291745186 1.736617535352707 0.24964240193367 1.284722968935966 0.2128715515136719 25.44270421564579 0 4.654574908316135 0.1076743975281715 0 0.09330670535564423 0 0 0 134.3381761536002 8.336855858564377 0 2.305181547999382 0.647136002779007 1.703396111726761 1.795320533216 0.1547773331403732 0.2356582880020142 23.14630545675755 0 1.556289330124855 0 0 0 0.2288666218519211 0.1429335325956345 0 0.2911996245384216 0 0 0.3041222095489502 0 0.5400934219360352 3.451304867863655 988.2018104493618 174.8541088104248 0.903576135635376 16.14864744246006 43.94730196893215 0.7576348036527634 0.8471074029803276 8.581844545900822 0.2147098034620285 25.30546941608191 82.42462105304003 8.368998348712921 41.24281924217939 41.38195100426674 91.77197380363941 25.04161470383406 63.71903067082167 148.1586118862033 101.8678273409605 37.14153046905994 0 0.2393386363983154 0 0 0 0 0 0 0 0 0 0 2.982061132788658 0.1470741927623749 0 0 0 0 0.6560150384902954 4.192873321473598 3.170411862432957 0 2.545700296759605 0 26.9060704857111 2.849350243806839 24.26513110846281 4.121056631207466 1.833536617457867 0.260181725025177 0 0 0 0.3837193846702576 0 0 0.4201527535915375 0.3177675306797028 0 0 0 0.60127092897892 0 0 0 0 0.5318750217556953 0.75482377409935 0.1783997714519501 0 2.267524629831314 16.93559230864048 1.162244096398354 0 0 0 0 0 0 0 0 54.24801566451788 0.5910876840353012 0 0 0 15.22923114150763 0 5.795872375369072 0.7189067229628563 0.5389732718467712 1.10781205445528 0 0.3694417700171471 0 0 0 0 0 0 0 0 191.030029758811 2.224255561828613 9.941168792545795 120.2497091814876 0 6.510652467608452 6.395018346607685 212.9317033216357 0.1815208941698074 2.197722196578979 2.37800869345665 20.16201452165842 0 10.57545354217291 1.247013226151466 72.5303126424551 0.1460038125514984 0.6755610108375549 0.2869496941566467 0.2367023825645447 0 359.3760847747326 44.20051653683186
61.02015945315361 624.3055050224066 173.9428738355637 334.6621434763074 317.6528454944491 87.64815329015255 8461.25154504925 80.54588816314936 1674.595051914454 8124.573245227337 1796.499870762229 2056.069791838527 4357.380878187716 7099.406502015889 20.59076952934265 12.60177873075008 2.428094454109669 0.2067695632576942 0.2397627010941505 0 0.6219782382249832 1.811804801225662 0.8993819504976273 1.154476709663868 3.874518059194088 1.168537229299545 2.029926851391792 0.922920361161232 2.380188584327698 1.102023333311081 65.97318039089441 46.20945930480957 778.2495243698359 0.107983410358429 2.928404957056046 1.451834067702293 445.5949576050043 20.37282151728868 170.7104275003076 9.75339063256979 0.1430225074291229 0.8113389015197754 0.6450125500559807 0.657379113137722 0.1481243222951889 0.418412409722805 54.53982519358397 0.4338562041521072 0.7394010946154594 0.6215395927429199 3.199985004961491 4.062837578356266 11.77718446403742 2.881378561258316 1.750846371054649 5.739414185285568 12.66584473848343 42.43032596260309 14.14936493337154 14.69578441977501 0.3204420208930969 44.08938583731651 1.538036487996578 37.93282402306795 0.5893838331103325 1.270437136292458 2.07320087403059 1.951141819357872 1.899352848529816 0.9954914227128029 319.5997793525457 14.90388153493404 0.5050425827503204 51.659104578197 22.29547295719385 43.40755628794432 41.57978262752295 3.148511245846748 1.37421290576458 404.2253704220057 0.5641366392374039 35.57822663336992 5.221821188926697 0 1.127821944653988 5.901146046817303 1.044875927269459 0.3820170238614082 1.237088158726692 0.5694561749696732 0.8823638260364532 1.138393878936768 2.716459035873413 1.208916366100311 6.078075669705868 931.8468122109771 32.95443940162659 2.337525054812431 35.77960146963596 60.67716806381941 1.504643529653549 2.710931554436684 16.98883152008057 3.361713171005249 65.45663484185934 129.2989353314042 17.64684710651636 81.73180573433638 75.96735568344593 138.7512601017952 49.51872202008963 111.5455456003547 233.8796974793077 190.6334732919931 77.04736084491014 0.4452322274446487 1.740007020533085 0 0 0.2517609298229218 0 0 0.1987923234701157 0.3433395028114319 0 0.6726395636796951 2.10766526311636 16.16489842534065 0.2248380482196808 0.6443210169672966 0 0.5749062746763229 1.117951348423958 1.169222742319107 6.097170114517212 10.37399134784937 0 10.27810829132795 1.908649332821369 94.61598166823387 27.72240110486746 121.402678757906 25.85922291874886 9.557025700807571 0 0 0 0.3470332473516464 0.5744820609688759 0.5065605565905571 0 0 2.519955709576607 0 0 0.5426029115915298 1.970727182924747 0.7775228023529053 0 0.6094840168952942 0 1.755758516490459 2.946385592222214 0.2859015464782715 0.3656263947486877 5.519641637802124 66.67137635499239 1.782113946974277 0.2318508177995682 0 0 0 0 0 0 0 110.0787423849106 4.123582810163498 0 0 0 30.29625290632248 1.347267985343933 15.60080640017986 3.029098242521286 2.174645356833935 2.130420126020908 2.40915359556675 0.7828101217746735 0 0 0 0 0 0 0 0 326.6368750706315 11.68052910268307 45.73947590589523 511.2653896808624 6.767101980745792 138.0275970771909 71.44024330377579 172.8995300531387 3.208596140146255 1.590335011482239 38.18455994129181 47.87331713736057 1.933632060885429 25.7514330893755 4.348947234451771 81.40165723115206 0.7391183748841286 0 1.326488643884659 5.133287116885185 0.9415526241064072 377.6380556449294 65.55755289644003
