99.7113589271903 947.8351436331868 304.8570352122188 774.2732394859195 5.067814402282238 46.26507244259119 416.0580691471696 26.91371832787991 2.522782005369663 577.9039188101888 21.10271764546633 11.62518489360809 12.75146090239286 9.253763377666473 1.432265847921371 0.1080984845757484 0.09633772820234299 0 0 0.2223908826708794 0 0 0 0 0.08665329217910767 0.09154000133275986 0 0 0 0 668.1033792421222 6.550564058125019 3.198832884430885 0 0 0.1169423386454582 0.6833886876702309 0.09035588800907135 0.5536685809493065 0 0.09959639608860016 0.1354936808347702 0 0.1013324931263924 0 0.2096235677599907 13.3466275036335 3.142297357320786 0.2179006859660149 0.223644994199276 3.379487305879593 0 0 0 1.238426558673382 2.506885297596455 71.0313261449337 492.8393570482731 9.306138150393963 4.153009802103043 0.2123798877000809 2.050099395215511 0 42.48176269233227 5.340793915092945 4.205602087080479 3.801694460213184 2.911084242165089 0 0 3.014719396829605 6.770802021026611 0 172.3780421689153 109.7541574686766 26.45208038389683 2.77818451821804 0.9086189940571785 1.299094960093498 3.448423899710178 0.7487618029117584 0.457890696823597 10.73515807837248 0.3307768404483795 4.258868642151356 4.637869238853455 0.4688647463917732 0.9874124005436897 1.828724503517151 0.08929912000894547 0.7220890820026398 0.2888424918055534 0.1149672269821167 0.446855753660202 0 22.50862943381071 1.50326532125473 0 1.218489266932011 614.041796259582 0.4322666227817535 1.202502764761448 8.706156507134438 3.890224166214466 3.422090269625187 16.10087708383799 1.772359788417816 11.02457037568092 34.5721867904067 11.9832810536027 11.92083857953548 18.83859424293041 23.36483991891146 5.812426023185253 8.040061078965664 0 0.405752569437027 0 0 0 0 0 0 1.112236648797989 0 0 0 0.9193640500307083 0 0.3551523089408875 0 0 0.2710646092891693 0 3.191940397024155 3.51945073902607 0 0 0 0.6863133311271667 1.535463005304337 1.982621975243092 0.4876963570713997 0.1030704081058502 0 0 0 0 0 0 0 0 0 0 0 0 0.281374603509903 0 0.1192120090126991 0 0 0.1975318118929863 0 0.4524422883987427 0 0 1.688226215541363 1.177918739616871 0 0 0 0 0 0 0 0 2.106439046561718 0.2026942819356918 0 0 0 7.035009533166885 0 3.620588034391403 0.3339399993419647 0.6846546232700348 0 0.09370093047618866 0 0.09152892976999283 0 0.07398605346679688 0 0 0.08931922912597656 0 0.2836288809776306 5.023130968213081 0.2236166149377823 0.5609275102615356 327.7796652019024 5.158062323927879 141.9059919789433 29.21235343068838 563.6885862722993 5.7242761105299 1.077921390533447 2.153558574616909 33.70273973792791 0.09038514643907547 3.110864579677582 0 49.36281903833151 0 2.033447712659836 0.1611078828573227 0 1.11913275718689 328.0078537017107 3.110829874873161
947.8351436331868 1031.881197474897 952.8535372763872 306.3085718229413 483.7241770401597 171.7354168221354 684.8220319077373 416.5533613115549 516.4627923443913 443.4761499911547 991.7617120966315 62.43886340409517 250.3980470150709 541.8534319549799 4.36371274292469 2.035862602293491 2.645090945065022 0 0.08064459264278412 0.1801932379603386 0 0 0.5467385873198509 0.7248047143220901 0.1982176080346107 0.4362384751439095 0.6342920660972595 0.2067192420363426 0.09740721434354782 0.1800399273633957 1221.395400516689 26.13227045536041 71.17020907998085 0 0.3035293817520142 0 4.917392201721668 1.376532271504402 2.029931880533695 0.5696426928043365 0.2488981485366821 0.2640371844172478 0 1.351123467087746 0.1712697818875313 0.8734277412295341 74.63705652207136 8.133146449923515 1.579673640429974 0.4710094705224037 8.482203684747219 0 0.4523057341575623 0.4359375461935997 3.067318387329578 4.338798120617867 34.04660145193338 307.9361208826303 14.29505527764559 28.07562105357647 0.9512464255094528 9.476635687053204 0.1857218742370605 100.2744835317135 12.02401605248451 11.77184434980154 9.582816109061241 8.102425806224346 1.459372356534004 0.3352017253637314 5.184867583215237 2.432962067425251 0 240.9455858245492 232.426302626729 130.0802221596241 39.05414341390133 4.293783687055111 10.73183030635118 58.02678409963846 2.892058119177818 30.79418316483498 15.27027268707752 0.8400441482663155 11.38641259074211 11.58934416621923 1.78727213293314 1.453858599066734 6.149813085794449 0.160176046192646 3.192238241434097 0.6692578047513962 0.5774829760193825 2.593436479568481 1.048795357346535 37.55281180888414 2.582141071557999 0 1.812288001179695 431.8100794702768 0.1187962219119072 0.7288138568401337 3.545076414942741 0.9406899809837341 1.544151224195957 8.48989924043417 0.681190550327301 6.514634095132351 15.70046476274729 4.335183523595333 6.104055933654308 10.33391331881285 9.697382412850857 2.739466063678265 5.49284016340971 0 0.09733420610427856 0 0 0 0 0 0 0 0 0 0 0.2173127681016922 0 0 0 0 0 0 2.850164167582989 2.25737913697958 0 0 0 0.8408313319087029 0.7464439943432808 3.666921511292458 0.1731077134609222 0.2988116219639778 0 0 0 0 0 0 0 0 0.2093771249055862 0 0 0.07443953305482864 0 0 0 0 0.0866919681429863 0.09517618268728256 0 0.1258844137191772 0 0 3.7404730245471 0.2608391940593719 0 0.1614786088466644 0 0 0 0.102410726249218 0 0 3.126599036157131 0 0 0 0 6.343222200870514 0.4862540662288666 3.888175167143345 0 1.220193535089493 0 0 0 0 0.3854589983820915 0 0 0.1532140150666237 0 0.1610333696007729 0 5.180694244801998 0.223527118563652 1.031245090067387 223.6646988615394 15.32145454734564 372.9497007802129 75.60530371963978 341.9609470516443 19.14313048869371 1.44910591095686 4.107663162052631 16.34221221506596 0.169212594628334 0.9792046695947647 0.3380023911595345 18.42370891571045 0.1970031708478928 0.09683909267187119 0.2518694773316383 2.673465318977833 0.7328357100486755 117.5421001017094 4.543420635163784
304.8570352122188 952.8535372763872 552.1861334145069 19.51756240427494 734.9205249771476 122.2459020465612 622.5079052001238 1703.421479202807 646.4855306148529 271.526070907712 1335.485964491963 137.9471397921443 290.5381260663271 605.5018813982606 3.381491847336292 3.061752714216709 1.011870793998241 0.1176466345787048 0.09649930149316788 0.1495809406042099 1.74326141923666 0 0.5783281177282333 0.111215703189373 1.352204412221909 1.214414492249489 0.6142365783452988 0.3308322131633759 0 0 1710.985616773367 84.04419785737991 292.1529869586229 0.5220953524112701 0.6533802226185799 1.520659998059273 20.34597241133451 2.280400902032852 5.155711822211742 0.6704230085015297 1.933257289230824 0.6279065832495689 0.3462372422218323 0.9962034523487091 0 0.5946045592427254 18.79198570549488 1.377142556011677 0.3059031665325165 0.1767018809914589 2.464278034865856 0.09713912010192871 0.2873106375336647 0.08353510499000549 1.052425481379032 1.066054068505764 11.48892909288406 75.62897031754255 2.86614915728569 6.226985268294811 7.316031433641911 49.27639697492123 0.5265747606754303 105.9568640738726 1.69433332234621 2.895846240222454 1.709644570946693 1.485448010265827 0.1982799917459488 1.379514530301094 23.13654232025146 0.858084574341774 0 52.37058722227812 83.60374706238508 40.29519072920084 28.79786362498999 3.345068752765656 174.0351849943399 382.1252104640007 10.41932626068592 179.7268635928631 2.678261987864971 0.1989941149950027 2.683354400098324 1.936072215437889 0.4820325896143913 0.5389423966407776 1.282038405537605 0 1.406457275152206 0.2564844712615013 2.113247916102409 2.751318149268627 0.1782876253128052 145.1507258787751 8.093524426221848 0 4.228719614446163 84.47201079875231 1.709668837487698 1.677735567092896 4.399758256971836 1.772877112030983 1.335914008319378 8.405457682907581 0.2417253032326698 6.849819183349609 17.38353533297777 4.065150618553162 10.35802406817675 10.91217445582151 14.86996411532164 2.981280289590359 14.21227975934744 0.5161634087562561 0.09818613529205322 0 0 0 0 0 0 0 0 0 0 0.3787836953997612 0 0.8815100193023682 0 0 0 0 7.629423968493938 3.4474111571908 0 0 0 2.581017307937145 1.491459175944328 10.24463780224323 1.05858688056469 0.8775848224759102 0 0 0 0 0 0.5082945823669434 0 0 0.3633112758398056 0 0 0 0 0.2163941934704781 0 0.1854929476976395 0 0.3033655658364296 1.145968846976757 0.1235199123620987 0 0 10.2950509339571 0.7661033049225807 0 0 0 0 0 0 0 0 7.403534181416035 1.367914855480194 0.106256328523159 0 0.09407669305801392 16.63612075150013 0.4735087677836418 10.05725951492786 0.2373349666595459 2.387224681675434 0.6862806305289268 0.2997224703431129 0.3028083369135857 0 0 0 0.2913940846920013 0 0.09568614512681961 0 0 11.49982949346304 1.033946238458157 3.075110100209713 91.98444996029139 3.029273390769958 88.17924361675978 23.64768373221159 158.2176704481244 4.847883068025112 1.151120066642761 3.101947151124477 11.5235623717308 0.1818633750081062 2.328986585140228 0.9325265437364578 20.47805954515934 0.2807158231735229 0 0 2.013920940458775 0 62.0994274392724 6.506520517170429
774.2732394859195 306.3085718229413 19.51756240427494 347.7334879934788 0 630.5013466626406 314.5423745512962 0.4386970400810242 3.124227523803711 1018.071311496198 2.004997424781322 20.37814395129681 20.82232734560966 9.033407680690289 0 0.2354431971907616 0 0.09753543883562088 0 0 0 0 0 0 0 0 0 0 0 0 81.39055823534727 1.464489340782166 0.1950066462159157 0 0 0 0.2961485162377357 0 0.4636675640940666 0 0 0 0 0.2197933122515678 0 0 7.049017414450645 0.777851440012455 0.1297885328531265 0.0873737558722496 0.3701218515634537 0 0 0 0.09249263256788254 0.2769741714000702 3.868146546185017 22.89178363978863 0.2152257710695267 2.449769072234631 0.09557324647903442 0 0 8.360406033694744 0.8984729051589966 1.069834664463997 0.6371104717254639 0.3630317002534866 0 0 0.8203589245676994 0.2628798484802246 0.3932780921459198 16.8946847692132 18.76231995224953 9.076017200946808 1.775531470775604 0.09201280027627945 0.1085778176784515 0.7418356463313103 0.189517930150032 0.5471583232283592 1.615677669644356 0 0.9685652926564217 0.5750902518630028 0.1617269814014435 0 0.4879336878657341 0 0.09571016579866409 0 0 0.2932150661945343 0 20.19011708348989 0 0 0.4029549360275269 239.3631038069725 0.5866895914077759 0 2.545200549066067 1.31622438877821 0.6515116840600967 7.546449944376945 0.4488651007413864 6.836613431572914 17.32297959923744 4.109011575579643 6.288045167922974 11.86484939604998 15.19031534343958 2.059653401374817 9.567532561719418 0 0 0 0 0 0 0 0 0 0 0 0 0.5356624573469162 0 0 0 0 0 0 3.7342589199543 3.153139904141426 0 0 0 0.8662066459655762 1.644972056150436 3.338228099048138 0.4825780689716339 0.1012236401438713 0 0 0 0 0 0 0 0 0 0 0 0 0 0.1403063237667084 0 0 0.1366093456745148 0.7011149376630783 0 0 0 0 2.811053052544594 0 0.1455164551734924 0 0 0 0 0 0 0 1.331606298685074 0 0 0 0 7.034107439219952 0 4.035996563732624 0.1321363747119904 0.3127462938427925 0 0.3394478261470795 0 0 0 0 0 0.09067778289318085 0 0 0 7.058450907468796 0.1363912671804428 0.5653390884399414 95.32154583930969 0.6148011833429337 28.97072936594486 7.10411012917757 318.9151467531919 1.727665163576603 0.2327901124954224 0.2751243114471436 17.489926032722 0 0.2634025514125824 0.4373560920357704 20.1642462387681 0 0 0 0 0.4055690765380859 89.61688643693924 4.148555919528008
5.067814402282238 483.7241770401597 734.9205249771476 0 804.3975446149707 0.8244103491306305 1336.455368891358 142.3227949291468 1399.352609924972 330.3875161632895 1155.827869459987 0.9451427310705185 254.6480382680893 348.1277841478586 1.185749053955078 0.6606769114732742 0.7455761954188347 0.0696786642074585 0.2980452999472618 0 0 0 0.1474907547235489 0.09154747426509857 0.08470406383275986 0.1062014624476433 0 0 0.1478199809789658 0 94.10671555250883 5.158072479069233 3.222109578549862 0 0 0 0.4135830774903297 0.08635973185300827 0.2181979119777679 0 0 0.1041792929172516 0 0 0 0.07830960303544998 17.68503221124411 1.264787159860134 0.3522265926003456 0.1680214926600456 1.121567912399769 0 0 0.1071952953934669 0.3749170228838921 0.2897451370954514 0.8359356299042702 12.10402631014585 1.306296966969967 6.1452302262187 0.2525142878293991 0.2953346967697144 0 20.78367656469345 1.074681427329779 1.651197299361229 1.170839086174965 0.3191360384225845 0.2806345745921135 0 0.2107327207922935 0 0 23.20737579464912 31.52037284523249 26.09059894829988 16.06122241169214 1.252244748175144 0.3933887705206871 0.08324059098958969 0.4347855895757675 0.6340887919068336 1.950766816735268 0 1.099994912743568 0.9268471896648407 0.2912548184394836 0.1647053137421608 0.5902941152453423 0.08646015077829361 0.5807921662926674 0.09479815512895584 0 0.1927078515291214 0.07672097533941269 1.593808762729168 0 0 0.07596874237060547 4.991808541119099 0 0 0.1559788882732391 0 0 0.1359099596738815 0 0.8934855908155441 0.4926459193229675 0 1.216532722115517 0.7386438623070717 0.5398522168397903 0 0.280137687921524 0 0 0 0 0 0 0 0 0 0 0 0 0 0 0 0 0 0 0 0.1137501373887062 0.1148392707109451 0 0 0 0.1305542439222336 0 0.1354467123746872 0 0.2615931332111359 0 0 0 0 0 0 0 0 0 0 0 0.07613556832075119 0 0 0 0 0 0 0 0 0 0 0.7540550529956818 0.0872674435377121 0 0 0 0 0 0 0 0 0.4159133285284042 0 0 0 0 0.6735520884394646 0 0.1942273676395416 0 0 0 0.1241788789629936 0 0 0 0 0 0 0 0 0 0.1478491425514221 0.09772265702486038 0 31.62345921248198 2.221062310039997 65.64035945385695 15.13362595438957 11.2416794449091 4.242494702339172 0 0.9569671452045441 0.9068002700805664 0.1226733848452568 0 0 0 0 0 0 0.4144236594438553 0 6.697498671710491 0.1547060906887054
46.26507244259119 171.7354168221354 122.2459020465612 630.5013466626406 0.8244103491306305 5.125446975231171 107.5058553889394 3.258606642484665 1.163210228085518 822.995645865798 1.809444680809975 116.7648986279964 56.60382360219955 5.10027988255024 0 0.5695311799645424 0 0 0 0 0 1.098449252545834 0 0 0 0 0 0.2135030776262283 0.3933120965957642 0 192.319146618247 4.231251068413258 10.09422602504492 0 0 1.70666541159153 9.489520236849785 2.584980942308903 13.16150688380003 0.6134860515594482 0.09604716300964355 0 0 0.1173621341586113 0 0 2.3351930975914 0.1055617332458496 0 0 0.216627798974514 11.1214956343174 1.289129853248596 0.9622953981161118 0 0.2605352848768234 20.53071413189173 18.73723688721657 0.6007863134145737 0.3426480367779732 0.8726049065589905 17.42759148776531 0 4.661145500838757 0.2219419926404953 0.3425936177372932 0.9695794731378555 0.3567233979701996 0 0 103.1423639208078 168.7671805769205 4.592151813209057 10.62163577228785 8.332757703959942 4.535220377147198 0.5432451441884041 0.2924377769231796 1.57554167509079 1.585491575300694 0.786866307258606 4.381313763558865 0.3354099914431572 0.3753922656178474 0.3902536258101463 0.5450839698314667 0 2.740585394203663 1.147745043039322 5.807497464120388 2.950380057096481 7.280926465988159 0 1.40265791118145 8.147997640073299 137.2614408582449 44.07819083333015 3.834668755531311 32.38461748510599 209.7113593518734 0.3015526086091995 2.202268093824387 5.176999390125275 3.228387244045734 1.81268360465765 10.34538930654526 1.729851305484772 9.26744356751442 22.36624459177256 8.329139925539494 10.69254924356937 16.28882241994143 18.73784153908491 3.559115141630173 4.615806087851524 0 0 0 0.1201016008853912 0 0 0 0.2504340261220932 0.3413276970386505 0 0.924523338675499 0 0 0 0.4405189082026482 0.9520274102687836 0.248736284673214 4.992439404129982 0.2230513915419579 1.284229844808578 1.531818017363548 0.4392113387584686 0 0 0.924938403069973 0.3009456396102905 1.711673825979233 0.1200818791985512 0.2719445005059242 0 0 0 0 0 0 0 0 0 0 0 0 1.309852175414562 0.215638630092144 0 0 0.1177335381507874 0 0.4790969789028168 0 0.1752981692552567 0 0.5607169046998024 0.461885504424572 0 0 0 0 0 0 0.1218345686793327 0 1.256831228733063 1.579320415854454 0 0 0 4.650269895792007 0 3.168397895991802 0.1556119322776794 0.6383008658885956 0 0 0.09057042747735977 0 0 0 0 0.1411938965320587 0.1150891110301018 0 0 6.711820349097252 0.1002606227993965 0.2240900099277496 82.73585490137339 1.393834874033928 11.77297493070364 3.151512823998928 168.9146524965763 1.247668921947479 0 0.517146572470665 14.89822783321142 0.09873141348361969 0.3960265964269638 0.1006756499409676 34.21805199980736 0.5115200877189636 0 0 0 0 155.1330250352621 8.609316192567348
416.0580691471696 684.8220319077373 622.5079052001238 314.5423745512962 1336.455368891358 107.5058553889394 263.0911094918847 171.3073420450091 1300.586318783462 1745.922946572304 691.0260835513473 57.39839391410351 2955.191632352769 2505.615445658565 5.789128609001637 2.332270868122578 1.864414751529694 0.3443985283374786 0.2110414057970047 0.2602850794792175 0.1002088114619255 0.1053750514984131 0.4202409014105797 0.7637179717421532 0.08740852028131485 0 0 0 0.2380456477403641 0.4502623006701469 333.2344402745366 15.9994193688035 1.559053935110569 0.2193176001310349 0 0.2079055532813072 0.424840547144413 0.09446721524000168 0.448608934879303 0.1880620718002319 0.161884680390358 0.4926283732056618 0.1984588727355003 1.416413322091103 0.08731938898563385 0.5572192594408989 67.09225103259087 3.949005573987961 0.7112072482705116 0.5847537592053413 4.93513847887516 0.2099688649177551 0 0.08147557079792023 0.9498590901494026 1.414233803749084 6.740281566977501 69.43707767128944 4.62500637024641 22.09374478459358 0.7034624665975571 1.418388359248638 0.1009674742817879 75.51269491761923 5.473338089883327 6.976098284125328 5.066475234925747 4.686060093343258 0 0 1.171183280646801 0.4212975800037384 0 111.4183109253645 133.0444279462099 100.7673020884395 52.31986632943153 6.795273177325726 1.430116482079029 1.142968997359276 1.728496223688126 1.434876784682274 7.53187508136034 0.2129118666052818 6.913119681179523 5.415344730019569 1.333016067743301 0.6616596877574921 3.573075287044048 0.1562870591878891 3.31073809415102 0.1574786454439163 0.2537353411316872 1.298552796244621 0.898821659386158 18.63508455455303 1.546304367482662 0 0.8882399871945381 61.53653954714537 0.5752812922000885 0.3703880235552788 1.345797002315521 1.114071920514107 1.195405550301075 3.833220683038235 0.3319132775068283 4.647177718579769 9.276270784437656 1.556699670851231 3.140755996108055 4.594175979495049 9.162387646734715 1.106849744915962 4.048503652215004 0 0 0 0 0 0 0 0 0 0 0 0 0 0 0 0 0 0 0 1.478401318192482 1.973396897315979 0 0 0 0.7738586142659187 0.5785242095589638 1.661887429654598 0.1270979940891266 0.4945504441857338 0 0 0 0 0 0 0 0 0 0 0 0 0 0.1725163757801056 0 0 0 0 0.6725151911377907 0.09243585914373398 0 0 2.297275505959988 0.5137879103422165 0 0 0 0 0 0 0 0 1.373638212680817 0 0 0.1562104895710945 0 6.330548152327538 0 1.837923221290112 0 0.1168516054749489 0 0 0 0 0.09413664042949677 0 0 0.07948758453130722 0 0 0 5.688759326934814 0.4649899527430534 0.3987312465906143 166.8081077709794 13.2270522788167 273.7635363340378 59.73991088569164 101.1228509917855 18.51127910614014 0.5218997895717621 3.876943364739418 7.160185411572456 0.1023974567651749 0.4504154250025749 0.2448065131902695 10.1330364048481 0 0.08192558586597443 0 2.550833776593208 0 53.7936397716403 2.927047796547413
26.91371832787991 416.5533613115549 1703.421479202807 0.4386970400810242 142.3227949291468 3.258606642484665 171.3073420450091 807.4286959022284 492.6300251036882 263.4836020097136 810.3212382346392 366.210849031806 1021.107361786067 2511.903454847634 6.890028484165668 10.05919279158115 2.177660554647446 0.2875663414597511 0.1211674958467484 0 2.307654425501823 0 0.8095036670565605 0.8082070648670197 1.628105632960796 0.7325792014598846 0.2157531976699829 0.4029677659273148 0.5464369282126427 0.113844707608223 1777.661813311279 650.8198196664453 759.1642814353108 0 2.08001746982336 1.941842451691628 31.78237071633339 3.600905045866966 6.070054724812508 0.5448851808905602 2.327977530658245 2.328576132655144 0.752298928797245 3.434986092150211 0.5480765700340271 1.708605252206326 39.08295030891895 1.805876366794109 0.635166309773922 1.031590677797794 3.026646584272385 0.1591205894947052 0.2369642928242683 0 0.9787233620882034 0.3884523808956146 2.326891459524632 38.9315927401185 3.206644557416439 13.00065350532532 17.66793309152126 110.9198896363378 0.7035719677805901 128.6798222512007 2.533536218106747 3.572095081210136 1.89627867937088 2.781824335455894 0.9623495563864708 1.279701977968216 33.03589073568583 1.433312952518463 0 48.66168081015348 102.5993151813745 73.08303738385439 95.69699319452047 56.37818934768438 1370.972561605275 1190.776685886085 32.0433088093996 610.0952440500259 3.066398061811924 0 3.683009542524815 2.350796788930893 0.5477425828576088 0.1640667468309402 2.202443733811378 0 1.209060661494732 0.1717019081115723 1.796663373708725 2.90374344587326 0.1686569303274155 109.8705990165472 4.12481277436018 0 4.595406711101532 8.488432966172695 0.4552414864301682 0.1566874384880066 1.993626289069653 0.3378905653953552 1.397138349711895 2.771046973764896 0.09981171041727066 2.778911136090755 10.21527891606092 2.233200825750828 5.823696956038475 5.457588315010071 8.046677283942699 1.443075411021709 6.085522390902042 0 0 0 0 0 0 0 0 0 0 0 0 0.3776876628398895 0 0.1266445964574814 0 0 0 0.1606091111898422 2.741092473268509 1.516079798340797 0 0 0 2.442676149308681 1.406636841595173 6.11163355410099 0.8677994757890701 0.5928375869989395 0 0.105070173740387 0 0 0 0 0 0.0854332372546196 0 0 0 0 0 0.1178544610738754 0 0 0 0 0.2394696921110153 0.2376065477728844 0 0 4.515325486660004 1.224914684891701 0 0 0 0 0 0 0 0.1198160648345947 2.871504351496696 0.4165265411138535 0 0 0.1199432238936424 8.577127233147621 0.5416119694709778 3.401695974171162 0 1.124085657298565 0.1290231794118881 0.5471901446580887 0.08770709484815598 0 0 0 0 0 0 0 0 7.675799667835236 0.3540508896112442 1.075171053409576 91.51962792873383 6.003063067793846 113.2802179530263 29.11787997931242 28.26839599013329 7.243367202579975 0.3986223638057709 3.194440551102161 6.068407490849495 0 1.841680288314819 0.09731944650411606 9.015604048967361 0.4831972122192383 0.08185894042253494 0 2.896327152848244 0 28.74480087310076 5.560947902500629
2.522782005369663 516.4627923443913 646.4855306148529 3.124227523803711 1399.352609924972 1.163210228085518 1300.586318783462 492.6300251036882 135.476686373353 177.5097541064024 694.6966381371021 3.991213589906693 800.1499833911657 222.2829030305147 3.475815415382385 2.483435720205307 1.578459247946739 0.1004857942461967 0.1032910719513893 0 0.2653569579124451 0 0.1018970757722855 0.3677572757005692 0 0 0 0 0 0.07120271772146225 73.60955055058002 8.818245768547058 3.919009298086166 0.07386954873800278 0.1655643135309219 0 0 0 0.1536144912242889 0 0 0 0 0.3126786053180695 0.07693313807249069 0.1739757880568504 22.61308278143406 1.045026585459709 0.1793542504310608 0.3277144953608513 1.233832724392414 0 0.2430815771222115 0 0.2043859101831913 0.3661854565143585 1.311029598116875 7.930338628590107 2.046591527760029 8.992506362497807 0.7465914040803909 0.7341212555766106 0 29.50773371756077 1.165025465190411 1.163772292435169 1.30753892660141 0.8299500942230225 0.1637758389115334 0 0.4273411110043526 0.1397847235202789 0 21.64181727916002 39.43017607182264 33.31231551617384 32.613934263587 3.79035222530365 1.17995697259903 1.511238038539886 0.6764546930789948 1.448425330221653 2.039925068616867 0.1881187632679939 1.46477584540844 1.188550919294357 0.1784542500972748 0.1122257262468338 0.8207176178693771 0.07715325057506561 0.2311094403266907 0.07388284802436829 0.102939784526825 0.4695064425468445 0.09818002581596375 11.77485840767622 0.6981406360864639 0 0.2929529622197151 2.580672778189182 0 0 0.2359195351600647 0 0.6289087459445 1.636418275535107 0 1.149493597447872 2.877161905169487 0.3690380230545998 1.058402389287949 2.254967033863068 3.905515566468239 0.6926213428378105 2.837073162198067 0.08108559995889664 0 0 0 0 0 0 0 0 0 0 0 0 0 0 0 0 0 0 0.9238864630460739 0.3347509279847145 0 0 0 0.7859280481934547 0.2823476493358612 1.643223777413368 0 0.08647670596837997 0 0 0 0 0 0 0 0 0 0 0 0 0.1552086174488068 0 0 0 0.08963482081890106 0 0 0 0.199249342083931 0 0.5409132540225983 0.1414517611265182 0 0.07288242876529694 0 0 0 0 0 0 1.801180221140385 0.3075609803199768 0 0 0 2.269833534955978 0 3.278187803924084 0 0 0.1862632483243942 0 0 0 0 0 0 0.08223867416381836 0 0 0 2.38230649381876 0 0.4102924913167953 52.96494857221842 5.214023269712925 82.24973423779011 18.59509883821011 18.03452358394861 5.049482688307762 0.2710707038640976 1.894569903612137 2.232775337994099 0 0.4368194416165352 0.2238584458827972 1.127544358372688 0 0 0 0.9324284121394157 0 12.38492544740438 1.381609551608562
577.9039188101888 443.4761499911547 271.526070907712 1018.071311496198 330.3875161632895 822.995645865798 1745.922946572304 263.4836020097136 177.5097541064024 843.0208393633366 345.6713775619864 1206.054517626762 5157.905438549817 1003.337813641876 17.6158155798912 13.19884064048529 5.561302617192268 0.190366193652153 0.7269534543156624 0.1976701468229294 0.6427479460835457 0.1993995606899261 0.3401284217834473 0.8254571333527565 0.429835170507431 1.017566315829754 0.389468789100647 0.3114101365208626 0.1074339896440506 0.08683095127344131 377.2551561817527 30.39615278691053 25.00523812323809 0.1980727687478065 0.3322531282901764 0 6.298190779983997 0.9294140413403511 2.470405347645283 0.3698063567280769 0.2715690955519676 0.1124101877212524 0.09537189453840256 2.220616787672043 0.9777429774403572 0.3281767815351486 94.13910556584597 3.039121188223362 0.7831875681877136 0.6299802660942078 4.173505634069443 1.193124003708363 0.29156094789505 0.3000915125012398 1.697482921183109 1.19467593729496 10.0621485710144 58.69670534133911 7.480932295322418 37.26369024068117 1.083992160856724 9.746187128126621 0.43919587880373 130.8014511615038 5.834835052490234 6.247164107859135 3.853814743459225 3.950541503727436 0.7905097231268883 0 28.80089084804058 29.07814595848322 0 101.0021794363856 151.9990947246552 140.0421239510179 134.3236669823527 18.86695178598166 5.495200112462044 4.408471561968327 2.780396245419979 6.2544766664505 6.504192315042019 0.4255420193076134 4.546994842588902 4.672223418951035 1.219176597893238 0.5457135364413261 4.539079308509827 0.4575551599264145 3.494729466736317 0.6123628318309784 0.3362054601311684 1.817864716053009 0.7589903101325035 716.9044857099652 66.89231966435909 0.1830845326185226 5.438248127698898 266.6686778664589 8.307431690394878 19.0553150549531 77.14281890541315 28.7627102509141 44.21145942807198 176.915622740984 19.67991895228624 139.2017003893852 400.9983620643616 104.0680588856339 166.0445257425308 254.3479747846723 358.7326033487916 63.40039017051458 166.0279709473252 1.774671629071236 1.03971790522337 0.5823940634727478 0.2626748383045197 0 0 0 0.2455771416425705 0.1302860379219055 0 0 0 2.149013914167881 0 1.054384045302868 0.1128763779997826 0 0.2046616971492767 0 74.70719627290964 57.7918387055397 0 0 0.1305698305368423 26.74448508024216 20.38482546061277 93.18695635348558 5.223136149346828 4.78092049062252 0 0.0824987068772316 0 0.5577832460403442 0.1018379405140877 0.5457248762249947 0 0.7379789650440216 0.9449941590428352 0.1225133240222931 0 0.2414129450917244 0.7931817844510078 0 0.5500685051083565 0.2173471972346306 1.602838598191738 2.726776212453842 5.445592261850834 1.690809652209282 0.3545487150549889 0.4155559837818146 82.7213197723031 24.5747614055872 0 1.776276811957359 0.393807478249073 0.2226348966360092 0 0 0 0 73.57540060579777 4.406341791152954 0 0 0.09972146153450012 190.9703705310822 5.051034025847912 77.93944463133812 2.410258285701275 14.03051855415106 1.883888341486454 2.664700761437416 2.07897163182497 0.4501429572701454 0.1356068104505539 0 0 0.2628720253705978 0.1704502776265144 0.1547299027442932 0.1705442667007446 200.8830206021667 5.339138470590115 13.82256954908371 1042.347070403397 25.08185835182667 391.7103750035167 134.1182160079479 646.2558589503169 39.47467185556889 2.467603094875813 22.85053405165672 192.3782234340906 1.244337245821953 22.85992593318224 6.27589625120163 329.8468733802438 5.218492224812508 0.4173955172300339 1.913873322308064 6.239070452749729 0.9772127568721771 1492.803927026689 128.7004462331533
21.10271764546633 991.7617120966315 1335.485964491963 2.004997424781322 1155.827869459987 1.809444680809975 691.0260835513473 810.3212382346392 694.6966381371021 345.6713775619864 630.0555499717593 402.4134493395686 1771.485906496644 1911.686307735741 6.472779870033264 11.15907414257526 1.277482442557812 0 0 0.104329340159893 0.09074526280164719 0 0.2020650431513786 0.1224377304315567 0.8022988364100456 0.2491474971175194 0.1008693501353264 0 0 0.2937177643179893 501.2458217591047 102.9321699589491 309.3538779094815 0 0.7996681779623032 1.237870134413242 64.0990234464407 1.92734383046627 2.942634381353855 0.1612925976514816 1.220370575785637 0.5449472665786743 0.2917691990733147 1.708421841263771 0 0.4702540636062622 26.40465826541185 1.15938488394022 0.1542466431856155 0.2517461329698563 1.629230998456478 0 0.2445829510688782 0 0.0823260173201561 0.2456001043319702 2.423354908823967 21.32228191941977 2.255809292197227 8.61814246326685 3.276245713233948 99.8088997527957 1.110140830278397 41.84268068522215 1.754627611488104 1.366013966500759 1.080528795719147 0.907089427113533 0.1717686355113983 0 36.90152387320995 0 0 28.81603057682514 47.87108347564936 45.18104811012745 47.25041738897562 10.38509903848171 88.70523372292519 537.2348059639335 6.197707556188107 225.1185088381171 2.399745099246502 0.07460702210664749 1.722934424877167 1.831587091088295 0.2722486555576324 0.1767730861902237 0.5484222173690796 0.08024051785469055 0.8504184633493423 0 0.2097513750195503 1.020600117743015 0.2806683853268623 53.93533316999674 3.761297941207886 0 1.905467242002487 7.09745842218399 0.2686725854873657 0.4797733724117279 0.6059762164950371 0.2315310388803482 0.3705446720123291 1.929760195314884 0 1.597095407545567 5.948615297675133 1.255414240062237 2.161582447588444 4.70384531468153 5.817148290574551 1.415753729641438 4.852601200342178 0.09483711421489716 0 0 0 0 0 0 0 0 0 0 0 0.2245386764407158 0 0.1416571885347366 0 0 0 0 1.26989708095789 2.133331656455994 0 0 0 0.9961362928152084 1.421108931303024 4.73682226985693 0.9703536704182625 0.6084960103034973 0 0 0 0.1170753389596939 0 0 0 0 0 0 0 0 0 0.1159707456827164 0 0 0 0.09253200143575668 0.2611791789531708 0 0 0 1.772626534104347 1.515705689787865 0 0.1285743415355682 0 0 0 0 0 0 2.666743576526642 0.3341489881277084 0 0 0.09470511972904205 4.899711795151234 0.4380644857883453 4.06762906908989 0 0.2751400247216225 0.09767735749483109 0.121483787894249 0.09432040899991989 0 0 0 0 0.1085439324378967 0 0 0 4.871039509773254 0.5750292912125587 0.9664595797657967 80.51009728759527 3.689259551465511 77.92124642431736 24.20962374657393 22.38873209804296 4.595703400671482 0.373927891254425 1.751107282936573 4.938327364623547 0.2394457757472992 2.343759872019291 0 4.945231273770332 0 0.1320060193538666 0 1.96980482339859 0.4255060851573944 20.29238972067833 2.486053228378296
11.62518489360809 62.43886340409517 137.9471397921443 20.37814395129681 0.9451427310705185 116.7648986279964 57.39839391410351 366.210849031806 3.991213589906693 1206.054517626762 402.4134493395686 99.50606568157673 1272.072488233447 309.8118989244103 27.7020453363657 33.75249656289816 1.039700396358967 0.1168361604213715 0.5550275593996048 0.09970556944608688 0.2025882974267006 2.557347118854523 0.234964445233345 0.8355169296264648 8.042117729783058 7.831180736422539 1.292293399572372 9.841715678572655 13.17656883597374 0.5563380345702171 192.8558964133263 49.00732676684856 398.5745552703738 0.08318433165550232 3.167749591171741 26.25840675085783 1601.801451385021 66.78485120087862 177.0562650635839 12.67260887473822 2.758266985416412 3.284146949648857 0.08089806884527206 3.349742591381073 0.1078495681285858 0.9073677957057953 52.05275705456734 0.473205953836441 1.026302091777325 0.3543576374650002 1.069939441978931 2.273641563951969 5.174282364547253 2.856173262000084 0.4432407394051552 0.5472230017185211 2.166094295680523 12.5792673304677 1.830634221434593 9.273596063256264 3.798925437033176 117.7494784742594 4.162574507296085 63.77835449576378 0.8286816477775574 0.9327216222882271 1.390006594359875 0.7241682931780815 0.419796459376812 1.638050809502602 615.4094751626253 25.91188395023346 0.1179265528917313 22.27738424390554 51.8490234464407 58.79457601159811 97.68833064287901 19.30219758301973 25.83980675786734 181.8517322018743 2.213492833077908 54.05478176474571 1.24175538122654 0.0834939032793045 1.648040361702442 1.380707964301109 0.4423249438405037 0.09304969757795334 0.8432630598545074 0.1327688992023468 0.9002296105027199 0.1902018189430237 1.101450547575951 2.011086262762547 3.058329664170742 984.099816724658 145.5137360244989 0.1752770990133286 81.14686895161867 27.41923622786999 2.67070547491312 2.228165477514267 9.083135887980461 4.891726642847061 6.929907277226448 23.71967870742083 3.753071971237659 16.85296905785799 66.32879821956158 14.72370138764381 29.73530501127243 47.54615852981806 67.49628134071827 15.7932927981019 61.89487893879414 2.030667051672935 0.5432263538241386 0.1576393097639084 0.2337920665740967 0 0 0 0 0 0 0 0.2890118807554245 1.244093902409077 0 1.348309226334095 0 0 0.2504047676920891 0 20.18526159226894 12.88851211220026 0 0.2760184407234192 0.1049417778849602 14.98597693443298 7.295727118849754 41.759989798069 4.824979491531849 2.970623642206192 0 0 0 0 0.2865708321332932 0.239379808306694 0 0 0.7592180073261261 0 0 0 0.6162441745400429 0.3339545130729675 0 0.2481854185461998 0.4500131905078888 1.310188226401806 3.29796689748764 0.4974004179239273 0 0 33.8368728980422 5.710586383938789 0 0.07920920103788376 0.3054670542478561 0.06669493764638901 0 0 0 0 41.2996289357543 7.401001445949078 0.1035462841391563 0 0.1282530426979065 50.22567508369684 1.283441714942455 29.74964993447065 1.085443325340748 5.88874090462923 1.054437533020973 1.155848741531372 1.065586194396019 0 0 0 0 0.2247903868556023 0.319989487528801 0 0 71.74621133506298 6.725809074938297 15.79042332619429 293.3853018209338 9.779768347740173 144.2114242687821 60.43222017586231 98.4228550940752 16.40214578807354 0.08050311356782913 11.85411304235458 20.04858727753162 0.657436765730381 10.91283778846264 3.872371152043343 35.90333753079176 0.7476630434393883 0.1899774372577667 0.7139421701431274 6.845326587557793 1.43553651124239 548.4433745518327 50.85061107575893
12.75146090239286 250.3980470150709 290.5381260663271 20.82232734560966 254.6480382680893 56.60382360219955 2955.191632352769 1021.107361786067 800.1499833911657 5157.905438549817 1771.485906496644 1272.072488233447 2064.927716612816 4791.103056944907 25.029978916049 31.8482711315155 3.63329241424799 0.1411610543727875 0.2498654872179031 0 1.104793362319469 1.459684282541275 0 1.082325801253319 5.277601756155491 3.437176674604416 1.433918416500092 2.726480446755886 13.80608958005905 2.611569628119469 225.1822943240404 47.84775400161743 1215.704722888768 0 4.924341231584549 45.05604545772076 1264.318196371198 63.40965505689383 70.03088451176882 4.973362728953362 2.504799276590347 2.863979414105415 0.1911492049694061 3.120054364204407 0 0.5841544568538666 73.64943560957909 1.780868098139763 1.145295523107052 0.7039505690336227 1.584668710827827 1.31791079044342 3.221385523676872 1.370256908237934 0.5613387152552605 0.4045860916376114 2.609068393707275 16.14509151875973 2.274485148489475 17.52011741697788 3.949294872581959 174.3462261483073 3.048200309276581 90.64872837811708 1.059047311544418 2.431352473795414 2.023209549486637 1.238314040005207 0.2275730222463608 0.5498604401946068 392.6028162837029 14.50874878466129 0 41.67288129776716 80.02244505286217 88.26204752177 127.2939740940928 22.32243029028177 27.26381787657738 272.9790764525533 1.951019890606403 83.85810405761003 1.833893433213234 0.1985302045941353 2.754222720861435 1.032343663275242 0.3413815721869469 0.3861872032284737 0.9365572184324265 0.1904953643679619 1.065836302936077 0.2324940711259842 0.7175905182957649 0.8693172559142113 0.6154421865940094 1079.852817684412 63.24220817536116 0 38.23555161058903 18.17211530357599 2.285456895828247 3.264171801507473 16.66214876621962 7.016154460608959 10.28988976031542 34.3404645845294 4.411803163588047 35.45833853632212 123.7457417845726 21.89499797672033 46.48878507316113 64.92343973368406 112.3639946877956 20.04986108839512 78.34784305095673 1.854515746235847 0.3480381742119789 0 0 0 0 0 0 0.5655800104141235 0 0 0 2.421383164823055 0.1487851738929749 0.7431152239441872 0.1219282522797585 0 0.1953100711107254 0.08900754898786545 28.8303494155407 20.39566484093666 0 0 0 19.27371670305729 10.08796016126871 51.28122168779373 4.57437140494585 4.60258637368679 0 0 0 0.106513686478138 0.2933874949812889 0.6773004755377769 0 0.694124162197113 1.438679382205009 0 0 0.1433790773153305 1.07237733900547 0 0.181842215359211 0.1063979119062424 0.2451398819684982 0.6286208257079124 3.297956749796867 0.322987012565136 0 0 40.58897269517183 8.453741781413555 0.1989125087857246 0.5595226734876633 0.07885538041591644 0.1246919184923172 0 0 0.08920804411172867 0 45.99506466090679 5.685277134180069 0.1779317259788513 0.1179493516683578 0.09811460971832275 71.07697626948357 3.20124426484108 37.52782549709082 1.008890457451344 6.191301599144936 1.336878135800362 1.335338339209557 1.474183216691017 0.1528021544218063 0 0 0 0 0 0.1041691452264786 0.07853078097105026 97.7063684463501 5.007968164980412 16.29237355291843 276.8009273037314 10.62375479191542 193.3882723227143 81.20672250539064 95.85783591121435 18.4001325070858 0.1249099373817444 9.3828329667449 35.26160833239555 0.3055767863988876 10.22538996487856 3.160342931747437 52.94032757729292 1.46827807277441 0.2535934448242188 0.1084110662341118 8.166310407221317 1.927980646491051 567.3639858961105 56.03488847613335
