211.7800745666027 995.5836070328951 271.3566480651498 568.4992854371667 88.69710759073496 182.9409001618624 311.7080821096897 22.2092616558075 18.29682273417711 600.0932468771935 90.82512013614178 67.23055532574654 256.1287946850061 105.9159730523825 10.54369555413723 1.912460036575794 0.08477593213319778 0 0.222656212747097 0 0 0 0.3055722713470459 0 0.1450816988945007 0 0 0.1602448225021362 0 0 815.4962194636464 10.76599093526602 20.53472878038883 0 0.1865061521530151 0 3.489492870867252 0.6025275364518166 0.9758408665657043 0.3617457523941994 0 0 0.319168858230114 0.1316815167665482 0.2560974806547165 0.1758533343672752 115.5986076369882 6.374187141656876 0.4334126338362694 0.3208645656704903 2.100983247160912 0 0 0 1.235454201698303 2.860231898725033 268.1701369732618 1605.511112235487 22.20934502035379 87.93471631407738 0 0.2013889998197556 0 33.61270387470722 5.860227055847645 3.88356975466013 1.861968211829662 2.230911195278168 0.6865356862545013 0.5601845532655716 6.98738881200552 1.385036185383797 0.41130031645298 434.3679284676909 83.95745665580034 161.5276488810778 9.673699550330639 2.027112051844597 2.175545006990433 29.50823320448399 0.09723668545484543 0.3685647249221802 13.74475019425154 0 3.317035026848316 2.199146769940853 1.45043745264411 0.2783560380339622 1.565439835190773 0.1269041448831558 0.3878870978951454 0.1195073947310448 0 0.4295899569988251 0.3118440061807632 27.87857234477997 19.56726139783859 0.374945804476738 4.544717088341713 903.7408675178885 0 5.56738355755806 0.8066402077674866 17.20253801345825 1.660912930965424 2.252426534891129 3.045818343758583 5.380258500576019 12.77401669323444 5.366072624921799 0 10.85063910484314 5.790659911930561 8.259677797555923 4.389402568340302 0 0 0 0 0 0 0 0 0 0 0 0 0 0 0 0 0 0 0 0 0 0 0 0 0.6923463344573975 0.8833405375480652 0.9000372290611267 0.9496724009513855 0.7827627658843994 0 0 0 0 0 0 0 0 0.2594271004199982 0 0 0 2.106128215789795 0 0 0 0 0 0 0.9132957309484482 0 0 2.759806625545025 0 0 0 0 0.08978546410799026 0 0 0 0 0.9245119467377663 0 0 0.1199878603219986 0 3.009114220738411 0 2.402018129825592 0 0 0 0 0.3469721972942352 0 0 0 0 0.08625279366970062 0.0866284966468811 0.1336731016635895 0 0.1374432146549225 1.257278338074684 0.1188029646873474 184.9552914202213 5.759272642433643 169.5991683453321 16.10622620582581 853.6368662640452 24.85240695625544 3.911543980240822 1.795493476092815 15.07715457677841 0 0 0 62.07644103467464 0 0 0 0.1484135240316391 0 298.5584589838982 1.397957846522331
995.5836070328951 1168.619784496725 956.6323762014508 1196.727860808372 944.903399720788 188.541731595993 1019.222894959152 196.0235328897834 1049.065645985305 804.4750670045614 812.0726074650884 227.074270427227 785.1448473855853 1189.247157603502 43.7355993911624 7.425797015428543 0.787638321518898 0.2114019170403481 0 0.1152580454945564 0.1424119174480438 0 0.4788188859820366 0.1074214950203896 0.9722587466239929 0.1293569356203079 0.8455196917057037 0.4662504345178604 0.1246238425374031 0 1396.396447427571 114.1883334591985 93.5574048012495 0 0.8288741484284401 0.2711298912763596 11.68288853764534 1.25162560492754 2.137727737426758 0.4549950733780861 0.455699048936367 0.07781364023685455 0.3666188567876816 1.123423688113689 0.1739967912435532 0.2060685604810715 335.5069045200944 11.29227500408888 1.242709390819073 1.264834441244602 3.290582753717899 0 0 0.0930945873260498 2.793149158358574 1.352489091455936 201.5751936659217 1024.624749653041 21.88573419302702 144.3167616650462 0.1745553612709045 1.195453695952892 0 138.1811243072152 4.757093168795109 4.637332733720541 2.831350438296795 2.741198845207691 0.4598870649933815 1.310353584587574 29.49127996712923 0.6905677765607834 0.1612413674592972 491.1357235386968 161.4134869724512 309.822938516736 63.90490808337927 4.511632405221462 7.54892972111702 103.9831556528807 0.5112842991948128 5.473094180226326 18.921560972929 0 5.059706307947636 2.69899445399642 1.610274620354176 0 1.717103630304337 0 0.7532222792506218 0.1917780637741089 0.4260026067495346 0.5974839553236961 0.1995020359754562 59.13900553435087 1.677849695086479 0 5.099292859435081 358.6083852946758 0.1411376744508743 4.989793300628662 2.490529701113701 27.52154956758022 2.501535505056381 15.39184237271547 4.094168305397034 7.831007957458496 34.72323275357485 11.12472402304411 2.903860926628113 55.26643551141024 24.82761383056641 23.14426411688328 18.97349172085524 0 0 0 0 0 0 0 0 0 0 0 0 1.498241573572159 0 0 0 1.110812842845917 0 0 0.4799014776945114 0.8375168740749359 0 0.1694745570421219 0.5825546979904175 4.597326569259167 5.847021698951721 12.25820875912905 7.126670777797699 1.739773750305176 0 0 0 0 0 0 0 0 0 0 0 0 0.7723208367824554 0 0 0 0 0.1164439916610718 0.2848838865756989 2.573416590690613 0 0 7.461420759558678 0.1164206266403198 0 0 0 0 0 0.08132373541593552 0 0 3.238106064498425 0.2233115583658218 0 0 0 6.99235150963068 0 4.306359469890594 0.5690226554870605 0 0.7440479099750519 0 0.09128540009260178 0 0 0.07173582911491394 0.08397315442562103 0 0 0 0 4.646461121737957 4.365667141973972 2.950052350759506 223.2821142673492 10.37544529885054 321.9616688042879 30.07755234092474 375.595280341804 27.65419836342335 0.5837478488683701 19.71245424449444 10.10739777982235 0.1330353915691376 0.2079128623008728 0.8098366260528564 57.19192710518837 0.5760918259620667 0 0 2.328838318586349 0 267.6417613476515 9.824888713657856
271.3566480651498 956.6323762014508 1450.679672852159 146.5101857930422 722.9269454628229 16.25256711244583 198.9168244898319 1300.782192930579 1148.399308614433 33.24803552031517 1857.083282321692 31.93268635869026 228.8999035954475 1065.817749410868 28.87107634544373 6.923103541135788 1.933808609843254 0.2104256898164749 0 0.1205301955342293 0.9568681195378304 0.1298375725746155 4.896029710769653 1.561690531671047 2.415088772773743 0.09124022722244263 1.717303939163685 0 0 0 2451.41444901377 685.6622499898076 107.2887870073318 0.741499125957489 3.686450988054276 0.6996482610702515 11.70764801651239 1.402244634926319 2.447660908102989 0.3539354577660561 2.546411618590355 0.3835748881101608 0.8235567733645439 0.5652881413698196 0.3322402015328407 0.1750293597579002 138.4618544951081 1.864030987024307 0.1061975881457329 1.048045828938484 1.563991695642471 0.1310174465179443 0 0.5158400386571884 0.6032450795173645 0.4082663357257843 68.61226895451546 694.0551952943206 4.769339628517628 43.4535309523344 0 4.369234971702099 0 121.6036757528782 0.7275873050093651 1.733709312975407 1.002280563116074 0.7911546900868416 1.932326249778271 5.501872420310974 11.98203773796558 0.4933150112628937 0 152.0665504783392 81.81398352980614 104.0085819661617 33.5270184725523 3.745962589979172 119.4054510816932 578.6415301635861 0.8190369307994843 24.31949267536402 5.169914305210114 0 1.019722312688828 0.5634745135903358 0.6005607321858406 0 0.2560292258858681 0 0.5078830868005753 0.192877285182476 1.525331266224384 0.5574633851647377 0.6945915296673775 2.868650361895561 0 0 5.373651146888733 107.6035019680858 0 0.3881275653839111 1.628068655729294 0.9873221665620804 0.1217621341347694 1.02950456738472 0.2942768335342407 1.315808907151222 3.024790428578854 2.746959410607815 0.4309496283531189 10.82965851575136 4.037549547851086 2.345214948058128 2.206641063094139 0 0 0 0 0 0 0 0 0 0 0 0 0.6230129599571228 0 0 0 0 0.1051978692412376 0 0 0.4122886061668396 0.3641884624958038 0 0 1.184885390102863 0.6813179776072502 3.080730237066746 2.042261578142643 0.1603261679410934 0 0 0 0 0 0 0.1118478924036026 0.2175444662570953 0 0 0 0 0.5680250078439713 0 0 0 0 0 0 0 0 0.8294166922569275 0.871481716632843 0 0 0 0 0 0 0 0.1326046735048294 0 1.131702288985252 0 0 0 0.09655632078647614 1.303458213806152 0 1.463635914027691 0 0 0 0 0 0 0 0 0 0 0 0 0 0.4807250052690506 1.134564749896526 0.6292313486337662 73.25792668014765 3.836386777460575 116.3949019685388 17.1077229231596 44.31673286110163 8.335467554628849 0.3215050995349884 8.651462234556675 1.557216167449951 0 0.1403713375329971 1.090076468884945 7.1211998462677 0 0 0 0.3103590309619904 0 24.49106799811125 1.861110396683216
568.4992854371667 1196.727860808372 146.5101857930422 237.3954334259033 39.63623501360416 211.0857894122601 495.7196791321039 0.8586933016777039 4.160437420010567 689.6547961384058 2.39299350976944 376.1295824050903 1056.620633408427 199.5784644782543 0.2429843097925186 0.2943702638149261 0.125972643494606 0 0 0 0 0 0 0 0 0 0 0 0 0 27.37137170135975 0.4022166728973389 8.339555621147156 0 0 0 0.2754428386688232 0 0 0 0 0 0 0 0 0 14.41180390864611 0.4304697290062904 0 0 0.1575726568698883 0 0 0 0 0 15.27580276876688 63.08485558629036 1.099123395979404 8.499595530331135 0 0 0 1.14918652176857 0.5374393612146378 0 0 0.2995785921812057 0 0 1.661744885146618 0.757085308432579 0 30.64178290218115 4.66544035077095 12.615309715271 0.6414436995983124 0 0.1170830428600311 0.3217432200908661 0 0 2.118614740669727 0 0.2147249132394791 0.2219337597489357 0 0 0.2393197119235992 0 0 0 0.1386744976043701 0.67727991938591 0 23.4208208322525 0.998319149017334 0.3919548839330673 0.1842896193265915 197.3072957843542 0 0.3887732625007629 1.216533467173576 15.43029895424843 0 4.028582647442818 1.684449791908264 0.980983555316925 14.0037232786417 3.881123244762421 0 6.330632723867893 2.612708657979965 3.480739116668701 0.8130223751068115 0 0 0 0 0 0 0 0 0 0 0 0 0.3862385153770447 0 0 0 0 0 0 0 0 0 0 0 0 0.7627515196800232 0.2939765304327011 0.1606647819280624 0 0 0 0 0 0 0 0 0 0 0 0 0 0 0 0 0 0 0 0.3085170984268188 0.3572305142879486 0 0 1.043316841125488 0 0 0 0 0 0 0 0 0 0.5118900090456009 0 0 0 0 0.1387912929058075 0 0 0 0 0 0 0.09798555821180344 0 0 0 0 0 0 0 0 0.7558963447809219 0 0 24.572495482862 0.3571848571300507 16.55467309802771 0.750130333006382 238.9141828343272 2.943606793880463 0 0.2145844995975494 1.453038454055786 0 0 0 18.14433152228594 0 0 0.8472148776054382 0 0 121.8230815008283 2.980200096964836
88.69710759073496 944.903399720788 722.9269454628229 39.63623501360416 930.7490121237934 6.638759575784206 862.0186621397734 292.1188278570771 3517.978982113302 38.45248924940825 724.6972870156169 8.753634326159954 425.1540611833334 612.8333314880729 28.05280229449272 4.116345264017582 0.8493427261710167 0 0 0 0 0 0.1272138059139252 0 0 0.185988113284111 0 0.4070716947317123 0 0 243.7334308624268 108.2490122839808 11.31389227509499 0 0 0.1395145803689957 3.972511060535908 0.1649681851267815 0.842040091753006 0.09365864098072052 0.2258121892809868 0.183036707341671 0.1767521053552628 0.1612740904092789 0.1905885934829712 0 151.5554920956492 2.304974727332592 0.3158463686704636 0.1542181000113487 0.6776766628026962 0 0 0 0.3548146635293961 0.7615852504968643 47.5708813816309 203.8471892252564 6.789407528936863 45.12170577049255 0.08941097557544708 1.36196356266737 0.07636748999357224 76.59377104043961 0.9594672620296478 1.577666878700256 0.628397561609745 0.5908957794308662 0.07507552951574326 0.3684097081422806 10.28601080179214 0 0 137.4103623479605 66.47683950513601 120.9478483647108 39.4389533251524 1.943679466843605 2.448215670883656 12.1759332716465 0.5155417695641518 1.228459537029266 5.101488292217255 0 1.747710004448891 0.9381044656038284 0.5776439979672432 0.08836685866117477 0.3094788193702698 0 0.09398052096366882 0.07797599583864212 0.1580592095851898 0.1030519381165504 0.09235282987356186 14.78195215761662 0 0.1876818686723709 1.764431238174438 12.84410914033651 0 2.384205803275108 0.5185667127370834 2.118614539504051 0 5.363002859055996 1.72815078496933 8.063310593366623 6.688473008573055 4.540710411965847 2.065367355942726 25.06515420228243 8.196840405464172 11.38852303475142 7.459143817424774 0 0 0 0 0 0 0 0 0 0 0 0 0.156874343752861 0 0 0 0.235896959900856 0 0 0 0.188776969909668 0 0 0 3.447488620877266 3.235025033354759 6.765843912959099 3.896367892622948 1.378094904124737 0 0 0 0 0 0 0 0.1344599723815918 0 0 0 0 0 0 0 0 0 0 0 0 0 0 3.908605664968491 0 0 0 0 0 0 0 0 0 2.884400829672813 0 0 0 0 3.999875739216805 0 2.670350410044193 0.1244456022977829 0 0.07229771465063095 0 0 0 0 0 0 0 0 0 0 2.041311651468277 1.631900377571583 0.5940118730068207 124.0092163234949 5.531250521540642 134.1542333364487 18.20896270126104 33.1748983412981 9.491229347884655 0 13.04746617376804 2.433638781309128 0 0.1562552899122238 0 11.7554077655077 0 0 0.1085107177495956 1.056970521807671 0 49.36120592057705 2.39466218650341
182.9409001618624 188.541731595993 16.25256711244583 211.0857894122601 6.638759575784206 1.483143031597137 69.34561095386744 0.4210549294948578 2.644655272364616 475.2910837382078 4.426321506500244 70.85909623652697 121.1424743160605 48.35399988293648 0.1230222433805466 0 0 0 0 0 0 3.122814670205116 0 0 0 0 0 0 0 0 32.88190279901028 0.3872787207365036 18.01676531136036 0 0.115780346095562 0 23.96168331801891 0.1157664284110069 5.896818280220032 0.1334917694330215 0 0 0 0 0 0 1.990258634090424 0.1172399148344994 0.1155032962560654 0 0 12.25657196342945 2.724839702248573 0 0 0.2784813195466995 110.7127004191279 54.66583172976971 1.504847183823586 2.503368653357029 0 0.8700639009475708 0 0.389902800321579 0 0 0 0 0 0 116.2707981988788 160.2649420946836 13.46129024773836 10.63587053865194 0.9265819191932678 1.445749044418335 0 0 0 2.429149374365807 0 0.4652519375085831 0.3486454486846924 2.438070550560951 0 0.578508660197258 0 2.79883948713541 1.785368092358112 12.33065678924322 0.3008651733398438 0.7810612469911575 0 0 0.1593293398618698 196.6402203887701 233.9999552816153 63.68078118562698 78.47002642601728 315.2032584547997 0 0.7273556590080261 0.7114854454994202 1.762303471565247 0 0.2263118624687195 0.2187217175960541 1.560936450958252 7.016526773571968 2.461240947246552 0 3.965074688196182 2.105768755078316 0.9715427607297897 0.6897207796573639 0 0 0 0 0 0 0 0 0 0 0 0 0 0 0 0 0.1121710240840912 0 0 0 0 0 0 0 0 0 0.1357563138008118 0.4874415025115013 0.09999793767929077 0 0 0 0 0 0 0 0 0 0 0 0 0 0 0.123552992939949 0 0 0 0 0 0 0 0 0 0 0 0 0 0 0 0 0 0 0.3415266275405884 0 0 0 0.1128681302070618 0 0.9361587762832642 0 0 0 0 0 0 0.1191757470369339 0 0 0 0 0 0 0.7289516627788544 0 0.3723924458026886 16.93953618407249 1.05188524723053 5.110173441469669 0.3348687067627907 176.6180851832032 0.7854512929916382 0.1841338127851486 0.15547876060009 0 0 0.1030576154589653 0 15.30687543749809 0 0 0 0 0 56.19824093580246 1.086093559861183
311.7080821096897 1019.222894959152 198.9168244898319 495.7196791321039 862.0186621397734 69.34561095386744 418.0102119296789 265.6307244747877 1334.542881309986 851.5676103532314 356.9575270041823 302.5720731019974 1559.077881112695 2504.595729723573 41.7788869664073 8.868479676544666 0.8037472739815712 0.1059641614556313 0 0 0.3317627906799316 0.1806712448596954 0.5625082403421402 0.4946233332157135 0 0 0.4828085154294968 0 0 0 100.8802443444729 72.19609642028809 43.21916706860065 0 0.1364351958036423 0.1062654405832291 12.74748550355434 0.710843026638031 1.217637218534946 0.1404794156551361 0.09514206647872925 0.5281768888235092 0 0.6221499592065811 0.1382083296775818 0 242.4367456659675 4.333118133246899 0.1025563403964043 0.09597939252853394 1.180041953921318 0 0.6378312110900879 0.2067501544952393 0.119475468993187 1.10561154037714 67.20446705818176 240.6953503340483 10.33890448510647 64.9418723359704 0.1008592173457146 1.43503013253212 0.1250933855772018 73.70489286631346 2.701474763453007 1.515960738062859 1.22804418951273 0.4950622022151947 0.2460702881217003 0.3142411857843399 47.40329822897911 1.711377799510956 0 183.6142223775387 79.07917588949203 159.247638836503 57.43693205714226 3.3348553404212 5.155184425413609 15.91425003111362 0.6459459885954857 4.908134773373604 7.921632006764412 0 1.589900158345699 0.8428045362234116 0.8881794735789299 0 0.8556374683976173 0 0.8907660245895386 0.1033342331647873 0.0697413757443428 0.1278329342603683 0 145.5660198330879 1.542879015207291 0.1767768561840057 6.349645547568798 61.03844381123781 0 21.33770653605461 16.27932745218277 19.27941910922527 4.424153298139572 35.3987864330411 12.70087912678719 28.99234364181757 80.85196331888437 45.64766072481871 11.88707803934813 135.8009195849299 62.92475076764822 52.93413981050253 47.27155375480652 0.9329057037830353 0 0 0 0 0 0 0 0 0 0 0 0 0 0.8515889644622803 0 1.098740458488464 0 0 1.257523782551289 1.540791109204292 0 0 0 13.50685985386372 7.926904045045376 34.69659148156643 12.84687315672636 4.188954532146454 0 0 0.1302528530359268 0 0 0.84776371717453 0.1562503427267075 0.2974629104137421 0.8939033523201942 0 0 0 4.424465700984001 0.1018691435456276 0 0 0 0.1776441335678101 1.317839913070202 9.640140533447266 0 0.4888425767421722 18.8358947634697 0.2955066338181496 0.0866868868470192 0.07974545657634735 0 0.09705659747123718 0 0.1361985057592392 0 0 13.56649563461542 0.2702728807926178 0 0 0 21.06595911830664 0 13.57581149041653 0.5109610036015511 0.5019576922059059 0.1869853138923645 0.2196550294756889 0.2083767503499985 0 0 0 0 0.07259421050548553 0 0 0 17.16371487826109 6.428744956851006 12.50699508935213 234.0093515142798 9.384033337235451 217.0576497837901 36.37502502650023 138.1323716491461 15.9011345654726 0.1410565823316574 31.45216684043407 17.98538517951965 0 4.655331693589687 1.206098802387714 127.8245498016477 0.4932161867618561 0.5628692507743835 0.6509823054075241 1.118967086076736 1.012961104512215 344.0014991164207 24.70512962341309
22.2092616558075 196.0235328897834 1300.782192930579 0.8586933016777039 292.1188278570771 0.4210549294948578 265.6307244747877 525.1975849494338 1176.830250836909 5.801450312137604 1291.13956668973 17.68584021180868 432.5234073922038 2618.321190387011 54.9051975235343 16.32735472917557 4.074062190949917 0.4317234084010124 0 1.488693095743656 3.435452163219452 0.3592420816421509 20.63175725191832 6.756106041371822 6.658206582069397 0.6664682030677795 8.556534796953201 0.3695349618792534 0.3044977188110352 0 539.354772798717 1793.714741550386 137.9521046131849 2.90604206174612 12.07227858155966 2.432363480329514 5.639766126871109 2.152833871543407 2.163323737680912 0.7066570296883583 7.139900669455528 2.616894379258156 2.542361095547676 3.198835641145706 0.9590122103691101 0.7068629488348961 120.7471170201898 1.751669980585575 1.481015563011169 2.448804065585136 0.3480393439531326 0.1197625249624252 0.2486105337738991 0.652333565056324 0.1858336329460144 0.0993816927075386 24.57427963614464 193.4299343377352 2.451785393059254 19.81557334959507 2.605135783553123 37.81763896346092 0 158.4917778298259 0.1557914689183235 1.735799804329872 1.431403793394566 1.558238185942173 3.674607306718826 20.11458101868629 4.734972305595875 0.4615610986948013 0 75.64260912686586 82.29112932831049 108.2391701415181 85.41890167444944 69.90730074048042 501.8311138674617 1193.074821151793 2.634509012103081 265.108817987144 1.935012012720108 0 0.4779692366719246 0.4261066019535065 1.21831351518631 0 0.5302407518029213 0 0.5268929451704025 0 3.154667645692825 2.199499279260635 0.8368729054927826 1.788282342255116 0 0 1.405367374420166 11.93695389479399 0 0.4026626646518707 0 0 0 0.7022401988506317 0 0.1528903394937515 0.6399904638528824 0 0.7855648398399353 2.472584187984467 3.764743261039257 1.184725925326347 1.530561216175556 0 0 0 0 0 0 0 0 0 0 0 0 0 0 0.1027106940746307 0.1155929639935493 0 0 0.1731818318367004 0 0 0 0 1.047821283340454 0.7420529723167419 0.707622617483139 1.98789494484663 0.9934720546007156 0.6657391488552094 0.133732408285141 0 0 0 0 0 0 0 0 0 0 0 1.019468605518341 0.1294408291578293 0 0 0 0 0 0 0 0 1.072533212602139 0 0 0 0 0 0 0 0 0 0.5719739198684692 0 0 0 0.2503391578793526 0.5593583136796951 0 0.3854109644889832 0 0 0 0 0.2386527583003044 0 0 0 0 0 0.1749649345874786 0.3614958822727203 0 0.967365063726902 0.3785749301314354 0.4533332511782646 100.4593454226851 4.400924235582352 99.71681617200375 19.64976842701435 9.506828278303146 4.11613418161869 0 11.38530552387238 3.572783678770065 0 0.2568240165710449 0 0 0 0 0 0.7862062677741051 0.5923354625701904 6.40603268891573 0.4298201948404312
18.29682273417711 1049.065645985305 1148.399308614433 4.160437420010567 3517.978982113302 2.644655272364616 1334.542881309986 1176.830250836909 801.0700794756413 43.30413113534451 1443.665298573673 7.708330258727074 379.1155268326402 676.8837021440268 9.605290845036507 1.219707272946835 0 0 0 0 0 0 0 0 0 0 0 0 0 0 111.0754070095718 33.96970251202583 18.77111239731312 0 0.1744927614927292 0 4.647675156593323 1.005023315548897 0.4851757287979126 0.114365316927433 0 0.178985595703125 0 0.1474853754043579 0 0 44.92984668910503 0.3516272827982903 0 0 0.2056160122156143 0.1291589140892029 0 0 0 0.08628225326538086 9.316656351089478 46.28264133632183 1.445170223712921 9.906260572373867 0 0.5231818482279778 0 19.25562661886215 0.2258317172527313 0.3522001951932907 0.1939036920666695 0.2216171473264694 0 0.1715224981307983 4.548079311847687 0 0 27.46185639500618 19.36394855380058 31.2020051702857 12.47834825515747 1.032120279967785 1.194541782140732 78.19365265965462 0 2.365042999386787 1.0518888682127 0 0.08335611969232559 0.1785934418439865 0.08117856830358505 0 0.08189734071493149 0 0 0 0 0 0.1455877125263214 10.34182645380497 0 0 0.8987173289060593 3.906105317175388 0 0.5884044766426086 0.3914057910442352 0.6288323998451233 0 3.059320777654648 0.4255025237798691 2.638080775737762 2.569206118583679 4.069069668650627 1.082002550363541 21.18145627528429 8.140461310744286 6.930930152535439 6.460076861083508 0 0 0 0 0 0 0 0 0 0 0 0 0.3569190204143524 0 0 0 0 0 0 0 0 0 0 0 2.200295589864254 1.704868793487549 2.687898010015488 2.73578605055809 0.8580063059926033 0 0 0 0 0 0 0 0 0 0 0 0 0.8270788937807083 0 0 0 0 0 0 0 0 0 2.887243613600731 0 0 0 0 0 0 0 0 0 1.615542694926262 0 0 0 0 2.708881720900536 0 1.449371412396431 0 0 0 0 0 0 0 0 0 0 0 0 0 1.365855053067207 0.8210392892360687 1.325422585010529 42.17323322594166 0.5087612867355347 35.81151051074266 9.253362022340298 9.404519230127335 3.659429393708706 0 6.818776324391365 2.405378490686417 0 1.020729817450047 0.3643241822719574 7.898015394806862 0 0 0 0.5476773977279663 0 18.18665400892496 4.411954641342163
600.0932468771935 804.4750670045614 33.24803552031517 689.6547961384058 38.45248924940825 475.2910837382078 851.5676103532314 5.801450312137604 43.30413113534451 573.628694884479 12.91289163380861 889.1945378854871 5067.085615299642 794.6598896682262 3.503338195383549 0.5664194822311401 0.4367442280054092 0 0 0 0 0.5082259625196457 0 0 0.1258115470409393 0 0.4273932576179504 0 0 0 11.63961534947157 1.699750378727913 161.3990648835897 0 0 0 34.2488751411438 0.4396970272064209 2.678938657045364 0.1381292045116425 0.4812781810760498 0 0.1546620726585388 0 0 0 19.62350288033485 0.3443697839975357 0 0 0.3561297282576561 1.324263796210289 0.6201691478490829 0 0.2872501611709595 0.213464543223381 31.01036394387484 60.54674653708935 3.059364408254623 11.29448761790991 0 0.5530301257967949 0 4.535252757370472 0.5191530287265778 0.5502619966864586 0.1693873852491379 0.1863031983375549 0 0.288783885538578 81.02899724990129 31.18954876065254 1.33211038261652 42.20114284008741 7.629631534218788 13.33046163618565 2.823452778160572 0.1479874849319458 0 3.510381206870079 0 0 1.725657425820827 0.4771876335144043 0.451269119977951 0.2236065715551376 0 0.5569078028202057 0.4396357089281082 0.6253914088010788 0.4413469135761261 0 0 0 0 149.0712703168392 27.14174070954323 9.379647269845009 20.12098845094442 420.2432491332293 0.6170423328876495 26.79695455729961 13.74818729609251 29.15173882246017 7.180063769221306 45.12628564983606 19.06231279671192 35.06337428092957 90.42277052998543 51.07690864056349 5.935411654412746 141.2185880020261 87.04406583309174 68.70459346473217 32.08552196621895 0.09335839003324509 0.4614055901765823 0 0 0 0 0 0 0 0 0 0 0.833942174911499 0 0 0 0.657177209854126 0 0 1.241876363754272 0.8236478716135025 0 0.9577395915985107 0 7.954554073512554 1.497539974749088 16.6161430105567 4.482435740530491 3.111475519835949 0 0 0 0 0 0 0 0 0.09619065374135971 0 0 0 1.102905057370663 0 0 0.1253957748413086 0 0.2019981741905212 0.4582110419869423 7.264050215482712 0 0 11.33601257205009 0.07815858721733093 0 0 0 0 0 0 0 0 8.12294614315033 0.7015857249498367 0.2159786075353622 0 0 12.90273523330688 0 8.233208231627941 0.5795406103134155 0.3496144413948059 0.2825675755739212 0 0.08673557639122009 0 2.900640726089478 0 0 0 0 0 0 11.34619744867086 5.896230109035969 4.871094033122063 134.021571546793 1.822535172104836 25.68385046720505 3.880721434950829 472.1687662899494 3.79318904876709 0 3.154718354344368 24.92118062078953 0 1.853837586939335 0.2533561885356903 214.1919119507074 0.2252085506916046 0 0.1044476926326752 0 0 866.5952825918794 38.64626847952604
90.82512013614178 812.0726074650884 1857.083282321692 2.39299350976944 724.6972870156169 4.426321506500244 356.9575270041823 1291.13956668973 1443.665298573673 12.91289163380861 635.3636150062084 86.0398730263114 1223.787324585021 2859.505012340844 89.02701699733734 28.58426985144615 7.779902271926403 0.1189529299736023 0.1111968159675598 1.450822994112968 2.784727618098259 1.14365354180336 19.33947551995516 7.837278097867966 10.15230273455381 0.7076212465763092 13.63233096897602 1.049738496541977 0.2965049743652344 0.2778203040361404 797.4823062345386 561.6853957027197 362.0010416433215 1.159770429134369 9.921420678496361 3.551781468093395 78.94785505533218 15.67132177203894 21.10201735049486 4.148988604545593 12.42655822634697 3.124189622700214 1.997621215879917 0.5799713358283043 0.3856782764196396 0 198.4625368118286 2.313818924129009 0.6110196933150291 0.6506440415978432 1.229868099093437 2.813027396798134 0.5161608457565308 1.028685420751572 0 0.544752724468708 35.75659519433975 193.5351546257734 4.519979536533356 31.80194365233183 0 115.6032756194472 0.1644330993294716 108.2005721330643 0.7298653796315193 1.197816476225853 1.799904964864254 1.071385450661182 3.78106264770031 19.32125804573298 54.70361687242985 0.4315865412354469 0.09090398252010345 101.2594787329435 76.11737237870693 135.3825532495975 84.62108126282692 11.40471782535315 190.9975039660931 547.03159250319 0.4446917772293091 79.66856610029936 1.835231460630894 0 0.7586141377687454 0.4886299297213554 0.7684907838702202 0.07936670631170273 0.2408599108457565 0 0.2435422316193581 0.6776509582996368 5.480870313942432 1.968526497483253 1.360621124505997 22.00807552039623 1.023205950856209 0.429872453212738 18.88246215134859 27.44660193473101 0 1.723883494734764 0.6405841484665871 0 0.5106007978320122 6.312266655266285 2.740104228258133 1.726991802453995 9.113698534667492 5.441878706216812 3.377927146852016 23.61650019139051 16.72593914717436 13.16783436387777 15.33769861608744 0 0.1082086116075516 0 0 0 0 0 0 0 0 0 0 1.96834933757782 0 1.194150343537331 0.1059299185872078 0.8070269152522087 0.1271031051874161 0.7136051654815674 0.6389975696802139 0.355286717414856 0 0.1913783401250839 0.8752298057079315 4.898302771151066 6.288934528827667 13.82599719613791 10.44293359667063 4.004592388868332 0 0 0 0 0 0.5322698503732681 0 0 0.2183657884597778 0 0 0 1.822613298892975 0.1169160380959511 0 0 0.1067037358880043 0.312875360250473 0.2417166084051132 0 0.3294870257377625 0 12.80105372518301 0.1279831379652023 0 0 0 0 0 0 0 0 5.603614844381809 0 0 0.1307796090841293 0.3278068602085114 7.296353690326214 0 3.621285401284695 0 0 0 0 0.1434583067893982 0 0 0 0 0.1341853737831116 0.1310942471027374 0.2355625778436661 0 5.185240216553211 7.482098110020161 7.223157308995724 253.6759380400181 8.337681598961353 190.6461293920875 54.69545803964138 42.03473022580147 11.52042520046234 1.575225353240967 29.43534792214632 6.753412254154682 0 0.7172291055321693 0.3323441371321678 10.81687588989735 0.3834049701690674 0 0 2.24359380453825 0.1949939727783203 28.0991507768631 8.235156320035458
67.23055532574654 227.074270427227 31.93268635869026 376.1295824050903 8.753634326159954 70.85909623652697 302.5720731019974 17.68584021180868 7.708330258727074 889.1945378854871 86.0398730263114 63.11010129749775 856.033226788044 194.0430141165853 15.44908134639263 6.683292090892792 3.773798756301403 0.1397770941257477 0 0.1816211640834808 0.1615826487541199 0.3754004538059235 0.7525475174188614 1.035738453269005 3.309398025274277 0.2665111720561981 1.137065172195435 0.2951135784387589 0.3318847715854645 0.1846425235271454 13.9622220620513 3.836703635752201 210.3775952532887 0 1.688391596078873 2.143953368067741 113.9927864819765 8.785575963556767 22.06547358632088 1.593612886965275 1.532655164599419 0.4904824644327164 0 0.2872183471918106 0 0 24.44018016755581 0 0.1873507648706436 0.1005708202719688 0.3788458555936813 0.1430897116661072 1.46984338760376 1.393526114523411 0 0 2.651041731238365 5.18348877876997 1.514283619821072 2.455014489591122 0 9.405645683407784 0 4.124321617186069 0 0.2855229750275612 0 0.5269921869039536 0 1.67754140496254 98.48072344809771 2.174835160374641 0.1148871704936028 7.12064952403307 0.8565052300691605 7.331002719700336 3.373589769005775 1.421109989285469 0.1912505477666855 16.09309893846512 0 0.392868384718895 0 0 0.08361572027206421 0.08184167742729187 0 0 0.1077347099781036 0 0 0 0.588702529668808 1.28504878282547 0.3817221373319626 311.1072539016604 2.054393112659454 0.2946374416351318 35.16089001297951 24.77908895909786 0.311740443110466 5.345313847064972 4.210959553718567 20.0523936226964 1.916989773511887 23.0473717302084 6.682730868458748 25.78262788802385 31.9061653316021 23.55135399848223 7.390381537377834 95.56742369383574 49.26587519794703 36.25584942102432 25.41599900275469 0.1022356674075127 0 0.9323627948760986 0 0 0 0 0 0 0 0 0 1.059782072901726 0 0 0.1033171862363815 0.8286413103342056 0 0 1.187464639544487 0 0 0 0.3645376563072205 14.74773772805929 5.292030222713947 22.60479561239481 11.50058943778276 5.226065769791603 0 0.3458667248487473 0.1366985291242599 0 0 1.185860276222229 0 0 1.072134152054787 0 0 0 2.892658799886703 0.1114891022443771 0 0 0 0.2684457451105118 0.5197446793317795 3.123957052826881 0 0 15.51289297640324 0.2866075038909912 0 0 0.092182457447052 0 0 0 0 0 10.78957736492157 0.9569553136825562 0.2723700702190399 0 0 19.31382869929075 0 9.569395944476128 0.2817578464746475 0.3124468773603439 0.2056076973676682 0 0.8100277259945869 0 1.047110319137573 0.1624526530504227 0 0 0 0 0 13.87317959219217 9.191288307309151 8.260471977293491 68.20201581716537 1.288447871804237 36.13479699194431 16.70269370079041 55.79107860475779 1.885887935757637 1.19472074508667 5.806641794741154 9.720343060791492 0.1412338018417358 1.229592069983482 1.673180401325226 60.46424740552902 0.2011880874633789 0 0 0.6485530585050583 0 214.3354746252298 19.78227539360523
256.1287946850061 785.1448473855853 228.8999035954475 1056.620633408427 425.1540611833334 121.1424743160605 1559.077881112695 432.5234073922038 379.1155268326402 5067.085615299642 1223.787324585021 856.033226788044 1929.669024661183 2877.160183794796 66.40709483623505 19.82609105110168 8.640430547297001 0.2394117712974548 0 0.4381272494792938 0.5653311163187027 0.9166771769523621 3.732520587742329 2.214817903935909 6.938105195760727 0 3.153272353112698 0.1509551405906677 1.7305968105793 0 56.10985143482685 34.92755351960659 1086.29547136277 0.3108841180801392 3.029784709215164 1.423209346830845 268.8997135460377 18.52926272153854 39.42573615163565 3.487440399825573 6.554073087871075 0.9500609338283539 0 0.6355324164032936 0.255920022726059 0 146.7674078941345 1.648017600178719 0.5845312178134918 0.3885542154312134 0.8496022745966911 1.465404957532883 1.290921613574028 1.339721456170082 0 0.6695742607116699 18.24289780855179 59.02060639113188 3.312817431986332 21.03307622671127 0 17.02570136636496 0 34.4731537476182 1.073005728423595 0.276127427816391 0.2543142884969711 0.09664274007081985 0.521815150976181 6.781507410109043 321.5966214388609 2.000290475785732 0.2656562179327011 51.08130857348442 25.18224730342627 51.0496759340167 32.66993698477745 4.762090101838112 6.059464082121849 120.7490560784936 0 6.123888343572617 1.852301716804504 0 0.6195346936583519 1.280917935073376 0.2209304422140121 0.1209772825241089 0.399784654378891 0.3933327198028564 0.2343848571181297 0 3.880605526268482 1.355594336986542 0.7716047763824463 976.2659726589918 5.525806903839111 1.158798351883888 45.58033706992865 55.38371552526951 0.7836691811680794 22.75450970232487 21.68810751289129 42.28006084263325 5.507829621434212 64.91346187889576 21.97432531416416 55.26331242918968 108.7628373727202 80.97347720712423 22.77688801288605 294.7669477537274 138.3048678562045 122.3057626411319 103.4782728180289 1.254762805998325 0.5568755716085434 0 0.3907690644264221 0 0 0 0 0 0 0.4321731477975845 0 1.864719823002815 0 1.184911519289017 0 1.461590953171253 0.6824345141649246 0 2.830076135694981 5.05745442211628 0 0.1167329549789429 0.1099325120449066 43.3846972733736 14.83805048465729 79.24662540853024 31.70148938894272 11.15816278010607 0 0.747644305229187 0.1703632473945618 0 0 3.081073962152004 0 0 0.6990240514278412 0 0 0 6.520839899778366 0.8301810920238495 0 0.4838089495897293 0 0.6907467916607857 0.6766703352332115 6.009013220667839 0.3340629637241364 0.2976123988628387 56.95350226759911 0 0.4760727882385254 0.3132284432649612 0 0 0 0 0 0 31.26604817062616 2.368847921490669 0.1466549932956696 0 0 52.11851570755243 0.1368416249752045 25.38206453621387 0.8096779510378838 1.117252878844738 1.940117336809635 0 0.7465906143188477 0 0.08146966248750687 0.1580254584550858 0 0.1471129059791565 0.2036125063896179 0 0 43.62060524523258 31.89164765924215 28.75118118524551 252.2031068652868 7.757127217948437 173.8689034804702 53.57101146131754 118.1973231732845 11.65443560481071 0 28.42342168092728 27.34533452987671 0.2465430423617363 5.255534566938877 2.218043930828571 182.7292077168822 0.2185666039586067 2.513750910758972 0.7489470764994621 2.119370698928833 0 503.9942653104663 52.40337815880775
105.9159730523825 1189.247157603502 1065.817749410868 199.5784644782543 612.8333314880729 48.35399988293648 2504.595729723573 2618.321190387011 676.8837021440268 794.6598896682262 2859.505012340844 194.0430141165853 2877.160183794796 790.6928760036826 139.2229738086462 50.26627253741026 15.31131759285927 0.6281821206212044 0.902656614780426 0.9712289199233055 2.33071843534708 2.587175413966179 22.36712340265512 7.873900391161442 19.80583865195513 1.212713345885277 15.93983106315136 2.202011786401272 2.509440213441849 0.1420052349567413 297.8755234256387 145.1996893808246 946.4405179843307 1.499670401215553 12.67924758046865 10.20485264062881 403.6051386073232 41.71853716671467 71.75187017023563 8.265688076615334 16.72612222284079 4.036609530448914 0.6266361996531487 2.825958020985126 0.09162844717502594 0.1183123141527176 285.2518038675189 1.335125833749771 0.3383104130625725 1.04607617110014 1.68361683934927 2.718799024820328 4.517451092600822 1.925407312810421 0.2502117604017258 1.161008879542351 28.55277881771326 99.85927973687649 6.696503035724163 36.62116658687592 0.249399721622467 257.4595769271255 0.902673251926899 80.48384048044682 1.29279413074255 1.934571146965027 1.272776074707508 1.697705708444118 2.776183769106865 20.46128498762846 288.0272702649236 1.543280258774757 0.09479950368404388 81.80444276332855 67.21876783668995 133.3435981795192 84.27309458702803 15.68068684637547 38.85937868058681 349.4691987931728 0.6864123418927193 62.86020582914352 3.782156005501747 0.1958917081356049 1.120301283895969 0.8436539545655251 1.051237367093563 0.1463735848665237 0.5537618547677994 0 0.4182488173246384 1.351221084594727 4.423210956156254 2.077686220407486 3.079428754746914 325.6646652519703 4.40262134373188 0.5570298582315445 75.09112773090601 34.79965654760599 1.262625023722649 16.02231772989035 16.85415876656771 12.91197919100523 4.808246254920959 56.38292280584574 15.50197184085846 47.1210834607482 78.31663179397583 73.93250302225351 18.15956742316484 244.8793254941702 143.3274328708649 133.6749971583486 122.0395878851414 0.7867766991257668 0.3557825982570648 0.1390387862920761 0 0 0 0 0 0 0 0.131256565451622 0.1521396189928055 0.515788808465004 0 2.044674679636955 0.3202908784151077 4.074434325098991 0.6843085289001465 0.3530030250549316 2.04384158551693 2.66439601033926 0 1.8768215700984 1.145490109920502 50.77087253332138 19.44434556365013 82.52174863219261 44.39788199216127 14.89405479282141 0.3226568698883057 0.1094530448317528 0 1.076480865478516 0.2492069900035858 2.353568211197853 0.2045437842607498 0.1566592007875443 1.019280061125755 0 0 0.1418734639883041 12.84107185155153 0.8872184157371521 0 0 0.1509398967027664 1.283973060548306 0.7643570899963379 8.227062933146954 2.599370092153549 0 71.02900192141533 0.1650891751050949 0 0 0 0.2472273409366608 0 0.1056285724043846 0 0 36.57704731822014 2.94991335272789 0.137616366147995 0.1541345417499542 0.09559296816587448 51.7006112486124 0 29.05921706557274 2.447477333247662 0.3457235991954803 1.161593921482563 0.2825966477394104 0.3136059492826462 0.0861315056681633 0 0 0 0.06844013184309006 0.1346156597137451 0.3128816857933998 0.1332672238349915 49.69846457242966 40.11867725104094 51.26075522601604 461.9454321116209 20.60517439246178 327.0813534930348 96.20703146606684 96.4429944306612 19.57057482004166 0.2134129256010056 69.09950373321772 21.30064070224762 0.8874525874853134 5.138007216155529 4.219106249511242 137.0133313536644 1.567946821451187 0 2.226958006620407 2.073252573609352 1.060187965631485 296.3883024156094 44.37991109490395
