141.6237563863397 2726.922944493592 148.090951025486 2214.222271047533 62.96019148081541 86.43532426655293 443.6954884529114 33.5047400072217 27.72034128755331 1449.271736621857 137.12038282305 145.8698593527079 176.1178877949715 131.1258462890983 3.579641669988632 0.7191873341798782 0.1029025465250015 0 0 0 0.1307039260864258 0 0 0.09046907722949982 0.1486140936613083 0 0 0 0 0 617.7503225728869 2.581734888255596 43.52180508524179 0 0.2783893793821335 0.6624644920229912 15.73488631844521 3.24485670030117 2.259927123785019 0.1328362822532654 0.1994973421096802 0 0 0.1766014322638512 0 0.08565404266119003 29.65196744352579 3.159827753901482 0.0994299128651619 0.1201726570725441 1.506754361093044 0 0 0.2776499092578888 9.67056593298912 9.832342058420181 179.4768959954381 365.724188812077 56.92864374443889 4.045750826597214 0.5011080652475357 20.95782182365656 0 3.736188150942326 7.121045827865601 4.969454757869244 3.89786946028471 1.680895440280437 0.5518514141440392 0.4394218027591705 29.92061197757721 0 0 235.1989727690816 68.65812554955482 21.00899436324835 3.120174586772919 1.795136377215385 0.2917692512273788 72.70524574071169 0 39.55313036590815 19.22757302224636 0.2869203984737396 6.488943047821522 8.950487338006496 0.870624840259552 2.012696981430054 2.269138664007187 0 0.4231904447078705 0 1.413168482482433 0.1081217974424362 0.1991505920886993 174.1466392055154 1.735995277762413 0 2.250830076634884 644.8799733445048 0.1457300931215286 0.5851176083087921 0.5121394917368889 11.50647830963135 0.1179639399051666 0.6483736783266068 0 0 6.84162924438715 0.9938723668456078 0.6302789300680161 3.325539872050285 5.606672532856464 3.917625181376934 4.066415846347809 0.4412887990474701 0.3903035223484039 0.1123781278729439 0 0 0 0 0 0 0 0 0 0.9051983654499054 0 0.119053065776825 0.1601441949605942 0 0 0 0.6046188920736313 0.1852436363697052 0 0.284822404384613 0 5.671137169003487 2.60010202229023 7.709645956754684 2.949294745922089 2.713096894323826 0 0 0 0 0.119384378194809 1.141456484794617 0 0 0.1163098365068436 0 0 0 0.1487550139427185 0.1363809108734131 0 0 0 0 0.08879582583904266 0 0 0 7.487992160022259 0 0 0 0.1031977385282516 0 0 0 0 0 9.216308459639549 0 0 0 0 2.136514492332935 0 2.457875989377499 0 0 0.2843193113803864 0 0.09830331802368164 0 0 0 0 0 0 0 0 8.477452531456947 7.372385494410992 8.319106414914131 132.341083265841 4.609380960464478 113.4770237281919 12.14101729542017 368.5145277380943 11.48160943388939 1.282957479357719 2.946720629930496 16.33753600716591 0.1045649722218513 1.378958910703659 0.09375035017728806 3.188429996371269 0 0 0.2570568695664406 1.714813768863678 0 116.3980287462473 12.67965105175972
2726.922944493592 3596.033466778696 880.7684360444546 2338.298866003752 2132.31283634901 44.91197159141302 6172.813917398453 796.5565860942006 1802.256336294115 2257.277275942266 4792.475924275815 184.4658173918724 780.3373625203967 2499.394464276731 47.47287014126778 7.570862136781216 0.5293219462037086 0.08721062541007996 0.1099024564027786 0.2364378646016121 1.114089101552963 0.2464680671691895 0 0 1.297306269407272 0 0 0 0.1264468878507614 0 2293.325618833303 10.77678272873163 280.5688551217318 0.09273678809404373 1.038731247186661 0.9270004779100418 19.97172650694847 2.639957047998905 1.272009670734406 0.7113572210073471 1.462888561189175 0.9079066812992096 0.3114101514220238 2.026188656687737 0 0 222.3395552262664 7.888453654944897 0.6913626119494438 0.6082999855279922 2.134217292070389 0.4539592787623405 0 0.4723415523767471 15.82409255951643 18.7175289914012 121.495136603713 350.2282433360815 45.37437633424997 18.17864482104778 1.136389575898647 12.88153659552336 0 65.84935581684113 16.57981885224581 11.52274304628372 8.824512355029583 4.658084526658058 0.480517789721489 2.719466410577297 19.26741333305836 0.9611834660172462 0 326.9324079118669 202.985249556601 179.8102119341493 61.90408575534821 17.54553651064634 2.635253429412842 627.1601781249046 0.9512856900691986 91.04872457683086 33.6882686689496 0.4425379782915115 13.6195133626461 19.79207836091518 2.640435270965099 2.362609639763832 5.08653699606657 0.1096271201968193 1.514203980565071 0.1256684809923172 4.821844086050987 1.445025533437729 0.7177614346146584 84.60724422335625 8.738403402268887 0 13.14658115804195 1296.156901627779 0.5506994351744652 0.6092430278658867 4.723090656101704 22.71400885283947 1.995077915489674 8.781331710517406 1.556928157806396 2.344296805560589 54.87246155738831 8.417243987321854 1.974884942173958 10.74942806363106 29.18539632856846 21.79559197276831 19.04392962157726 0.6480367332696915 0 0 0 0 0 0 0 0.4110841751098633 0 0 0.1428746730089188 2.159243293106556 0 0 0 0.1084061488509178 0.1055385321378708 0 1.24692140519619 1.440116420388222 0.2190456688404083 0.9296735823154449 0.1990297883749008 20.69248289614916 5.133160635828972 19.02894135564566 3.593380123376846 4.483405493199825 0 0 0 0 0 0.2111548483371735 0.1435971260070801 0 0.5185101181268692 0 0 0.1157674416899681 0.3729338347911835 0.1080308482050896 0 0 0 0 0.2959531843662262 0 0.3866479396820068 0.6222905963659286 15.57449343800545 0.1973260343074799 0 0 0 0 0 0 0 0 43.53039186447859 0 0.1186528652906418 0 0.1170951053500175 8.370769202709198 2.032680459320545 11.78087418526411 0.1084761619567871 0.1743169128894806 0.4366066679358482 0.1506872177124023 0.2747392207384109 0.1197395175695419 0 0 0 0 0 0 0 21.08502808958292 12.03276696801186 12.96238067746162 420.9899646565318 13.07779254764318 428.2258744612336 53.34113576263189 231.23071257025 23.96290535479784 4.70827217400074 11.87883300334215 70.05662666261196 0.1158558055758476 2.75664547085762 0 27.23913299292326 0.1149821132421494 0 0 3.470930054783821 0.1425021141767502 166.0453743040562 54.30632071942091
148.090951025486 880.7684360444546 1984.242402471602 196.3101865127683 264.3177900090814 13.04902864247561 86.49540314823389 3997.60976421833 232.6630152389407 178.1651132628322 4137.004192017019 42.14696906507015 188.7967107146978 1548.560114480555 53.86408738046885 10.71809638291597 2.079319000244141 0.6750162020325661 0 3.484102413058281 31.11074721813202 0.7147213369607925 9.032960943877697 0.4586300253868103 8.440222702920437 2.308411717414856 0.1273924708366394 0.4230967164039612 0 0.1075010448694229 3946.340855494142 173.2860382944345 222.1066086441278 3.439088448882103 33.82912039756775 14.12705972790718 33.53914169967175 12.90412063896656 4.218702614307404 2.727156974375248 19.14801736176014 6.804889217019081 1.352537699043751 1.878725752234459 0.1339026838541031 1.885541573166847 172.5734225511551 11.65185603499413 1.828642494976521 4.986423559486866 8.33296799659729 4.225827224552631 1.813992664217949 1.42522194981575 10.14802182465792 9.967542514204979 65.84868189692497 425.7395314648747 22.46292421966791 19.26270524412394 12.09465869516134 58.90992899984121 0.8134223446249962 205.2454209551215 10.45588122308254 8.850677199661732 9.069601222872734 8.728070788085461 31.19458094239235 45.89099866896868 18.12755242735147 2.71058963239193 0.8129237815737724 221.3236138112843 238.8672519475222 200.5599113404751 84.85384809225798 50.5831995010376 107.0602451711893 1590.891341969371 9.918738290667534 684.0402779281139 28.14016176760197 0.5137051343917847 13.87932781875134 12.58669091761112 6.942778684198856 1.442496635019779 4.65017457306385 0.5344351381063461 1.573847115039825 0.9875754415988922 95.34809515625238 15.02574031054974 5.281114645302296 58.60333275049925 13.26899194717407 0.1610242128372192 17.8995066434145 65.03202779591084 0.464610256254673 0.1245931014418602 1.663188472390175 0 1.450931720435619 0.9082035794854164 0.4937758445739746 0.9643594771623611 4.190781079232693 3.621553063392639 0.7009438052773476 5.458550781011581 9.071940615773201 7.727471955120564 16.65444350242615 0.2230017334222794 0.4023238644003868 0.2663084864616394 0 0 0 0.1540568172931671 0 0.09328806400299072 0 0.7954228967428207 0 1.415206454694271 0.2578649669885635 0.4446028545498848 0.285275861620903 0.8205448091030121 0.2743109688162804 0.3836297988891602 1.195345036685467 0.3599665611982346 0.1516360193490982 1.832958847284317 1.249498650431633 20.56001047790051 5.781863674521446 18.52221181243658 6.024837777018547 5.23077730089426 0.2802973836660385 0.6592054888606071 0 0 0 0.5149867683649063 0 0 0.1344583481550217 0 0 0.6201814487576485 1.896307431161404 0.622758150100708 0 0 0 0 0.1528125107288361 0 0.5048224553465843 1.758437514305115 15.8322678655386 0 0 0.227401576936245 0 0 0 0 0.1243572309613228 0.3125761747360229 27.68667808920145 0.6411276832222939 0.5010227262973785 0 0.9466308057308197 7.084943912923336 0.9808572381734848 5.715944036841393 0.08970616012811661 0 0.177493616938591 0 0.4643082246184349 0 0 0 0 0.2167475298047066 0.2246686220169067 0 0 12.41336794942617 11.46211685985327 12.18952986598015 300.2142229154706 13.72507433593273 309.1992132663727 54.83572714775801 61.67045774310827 17.51014088839293 2.023244388401508 11.05795815587044 40.09468621760607 0.1095572486519814 2.709801286458969 0.2055374383926392 7.804609246551991 0.4242620915174484 0 0 3.24084335565567 0 107.0074404478073 29.46109672635794
2214.222271047533 2338.298866003752 196.3101865127683 699.2321328818798 74.77133888751268 727.6685795858502 192.5135135725141 4.07110071182251 10.7253444865346 2582.311598137021 231.1012541800737 43.06776975095272 49.1875829398632 17.46387263387442 1.723302446305752 0.4361786991357803 0.2063550651073456 0 0 0 0 0 0.08245333284139633 0 0 0 0 0 0 0 86.7701109573245 0 7.73590362817049 0 0 0 2.834685526788235 1.592055410146713 0 0 0.9371902942657471 0.1828991547226906 0.0968901738524437 0 0 0 58.41902676224709 3.861862502992153 0.7854091972112656 0.3999827951192856 0.9822141230106354 0 0 0 6.385781370103359 10.36353422701359 56.53063395619392 97.32039556652308 21.42137891054153 6.23423333466053 0.06610521674156189 4.218596063554287 0 3.532721765339375 8.726075202226639 5.231095768511295 4.727975383400917 1.76071510463953 0.1800409778952599 0.09996789693832397 1.128976911306381 1.790876150131226 0 159.4543877057731 62.0019441395998 31.91200371086597 3.334459185600281 0.4545067325234413 0 7.076322197914124 0 12.95772084593773 20.45523869991302 0.08451402932405472 7.137446343898773 9.829162515699863 1.596206463873386 0.9867181703448296 2.197885505855083 0.09690278023481369 0.1749595627188683 0 0.1786076501011848 0.3045040220022202 0.07864534109830856 28.67834469676018 2.051175177097321 0 0.1952149420976639 938.6984494552016 0.1055476740002632 2.358250603079796 14.32372307777405 21.32713468372822 0 6.251022562384605 4.403759345412254 0 13.84747071564198 6.399804711341858 0 0.2023299932479858 0.156231164932251 0.1940902918577194 1.30533304810524 0 0 0 0 0 0 0 0 0 0 0 0 0.3172282576560974 0 0 0 0 0 0 0.09496629983186722 0 0 0 0 1.112291321158409 0.622364304959774 1.437281176447868 1.669349506497383 0.3007497936487198 0 0 0 0 0 0 0 0 0 0 0 0 0 0 0 0 0.07601281255483627 0 0.6415488198399544 0 0 0 3.210069596767426 0.1088944897055626 0.1492146402597427 0 0 0 0 0 0 0 1.253980949521065 0 0 0.09618190675973892 0 2.512263864278793 0 0 0.1825205087661743 0.2357712686061859 0 0 0 0 0 0 0 0 0 0 0 0 0.4257880598306656 0.8246456980705261 89.54276282340288 3.657837338745594 157.8151977285743 5.886510543525219 787.3711358979344 9.253855526447296 0.5676170065999031 2.223259784281254 7.941941253840923 0.09706918150186539 1.121554784476757 0 1.324879534542561 0 0 0 0 0 68.80325440317392 2.404729425907135
62.96019148081541 2132.31283634901 264.3177900090814 74.77133888751268 4643.875180229545 2.890160977840424 2214.273422285914 52.48461014032364 4313.427792161703 1119.942540466785 2378.230260312557 22.29082198441029 632.4462624043226 1157.359321638942 13.16248275339603 1.117063008248806 0.08442398905754089 0 0 0 0.1042205616831779 0 0 0 0 0 0 0 0 0 66.29403053969145 2.074480310082436 2.939320668578148 0 0 0 0 0.1008336693048477 0 0 0.1706897467374802 0.08240944147109985 0 0.4660346433520317 0.2018571346998215 0.09684738516807556 59.501852825284 1.314206942915916 0 0.3677594140172005 1.152494758367538 0 0 0 1.230146504938602 1.777173645794392 4.513183601200581 23.36555055528879 1.408565372228622 4.17936647683382 0.1167909651994705 0.4738433510065079 0 30.19598998874426 3.335985615849495 1.527462489902973 1.555506646633148 0.4451360702514648 0.1984167546033859 0.08229611814022064 0 0 0 26.62376953661442 30.71344765275717 57.40621291100979 23.78910001367331 11.70151992887259 0.3916377425193787 3.129247330129147 0 1.567922115325928 3.368142619729042 0 1.579608485102654 2.723178543150425 0.08584145456552505 0.09432685375213623 0.5170058235526085 0 0 0.08642720431089401 0.08492743968963623 0 0.07968068867921829 7.112300090491772 0.1151162385940552 0 0 16.28760570287704 0.1152359172701836 0 0.2515809759497643 0 0 0 0 0 1.770751394331455 1.037521362304688 0.2166154682636261 1.236821174621582 3.705117247998714 1.989988081157207 0.7386141121387482 0 0 0 0 0 0 0 0 0 0 0 0 0.1306035369634628 0 0 0 0 0 0 0 0 0 0 0 0.8318655043840408 0.2917388156056404 1.13575941324234 0.4023448675870895 0.3236872032284737 0 0 0 0 0 0 0 0 0.1029132083058357 0 0 0 0 0 0 0 0 0 0 0 0 0 1.272602543234825 0 0 0 0 0 0 0 0 0 2.884784139692783 0 0 0 0 0.6492608934640884 0 1.576626278460026 0 0 0 0 0 0 0 0 0 0 0 0 0 0.6312354430556297 0.2164983451366425 0.1346802711486816 70.92803441733122 0.872637465596199 92.78063576668501 10.57958000898361 27.45430931448936 7.025534510612488 1.031002156436443 1.448814183473587 6.422847121953964 0 0 0 2.413512110710144 0.3053669333457947 0 0 1.775170542299747 0 18.71241639554501 4.560663245618343
86.43532426655293 44.91197159141302 13.04902864247561 727.6685795858502 2.890160977840424 61.05987006425858 57.50170557200909 9.447465226054192 3.37491075694561 1496.761019691825 11.97513884305954 134.5813060253859 135.6802355349064 49.36214868724346 0.8932905048131943 0.969634123146534 0.09933829307556152 0 0 0 0 4.657970890402794 0 0 0 0 0 0 0 0 8.085990451276302 0.9536001607775688 83.70958134531975 0 0.1362512409687042 0.634881779551506 86.97930920869112 8.264561116695404 4.631229259073734 0 0 0 0 0 0 0 4.9812371134758 0 0 0.09435821324586868 0 17.39813982695341 0.1690052002668381 0.1200150698423386 0.4024457037448883 1.5366490483284 25.32401785254478 6.279464103281498 0.7166735455393791 0.1075923293828964 1.061369247734547 51.1971281170845 0 0.5299277529120445 0.08661451935768127 0 0 0 0.1186970993876457 0 57.45477490872145 259.4870371371508 11.67003838717937 3.411226749420166 1.884433731436729 3.449373848736286 1.361782386898994 0.4781130105257034 0 41.12998213618994 0.139965146780014 72.13690147548914 1.01342811435461 1.4388717263937 0.1788745671510696 3.911388017237186 0 3.633395165205002 7.980993688106537 13.82994230091572 1.250083491206169 4.177049532532692 0 0 0.4072240442037582 84.14175437390804 82.66999113559723 10.96878656744957 22.82865121215582 234.7986187264323 0 0 0.3558024391531944 1.111105054616928 0 0 0.3696808665990829 0.1549345105886459 4.782163605093956 1.402373254299164 1.231397479772568 3.523662284016609 3.9731440320611 3.662538960576057 1.412571594119072 0 0 0 0 0 0 0 0 0 0 0 0 0.8637255728244781 0 0 0 0.1113600581884384 0.2725450992584229 0.1363580524921417 0 0 0 0.4846869856119156 0 3.566039763391018 0.4988649636507034 2.244722343981266 1.274081520736217 0.8194601982831955 0 0 0 0 0 0.5268589854240417 0 0 0 0 0 0 0.1085639744997025 0 0 0 0 0 0 0 0 0.1183112263679504 1.902433000504971 0 0 0 0 0 0 0 0 0 3.755460113286972 0.1967709958553314 0 0 0 0.2131383419036865 0 0.6566953584551811 0 0 0 0 0.100899264216423 0 0 0 0.1723715960979462 0 0.2018471658229828 0 0 0.9505099356174469 3.122969068586826 3.099255576729774 111.0574021786451 0.2960787788033485 9.605013146996498 2.7613665163517 114.2688713669777 0.9188054800033569 0.2748035937547684 0.1152169927954674 15.64473812282085 0.133724570274353 1.486713998019695 0 9.311648324131966 0 0 0 0 0.1594860404729843 39.94255596399307 7.549451395869255
443.6954884529114 6172.813917398453 86.49540314823389 192.5135135725141 2214.273422285914 57.50170557200909 1073.769904911518 9.721108503639698 2845.704598240554 2392.20750926435 519.791982203722 41.6195660084486 3982.433814696968 2383.282264150679 34.84755792468786 4.142999313771725 0.07355677336454391 0.1701613292098045 0 0 0.4105240628123283 0 0 0 0.178737185895443 0.0777413472533226 0 0.2187685146927834 0 0 216.4107523337007 4.523179620504379 2.318363927304745 0 0.09804651886224747 0 1.322392955422401 0.1978907883167267 0.152808204293251 0.09499469399452209 0.08062619715929031 0 0.3006609156727791 1.538248412311077 0 0.2667181789875031 246.2902131676674 7.736487127840519 0.9989662393927574 0.1860854476690292 1.176243588328362 0 0 0.1809205487370491 14.25135283917189 16.29119825363159 45.54772976785898 137.5154678151011 17.18275588005781 21.63954052329063 0.2529947087168694 1.310014456510544 0 97.08767523616552 15.02235136926174 10.97613640129566 9.875983096659184 5.064326502382755 0.8057522922754288 0.1049617603421211 0 0.09869325906038284 0 191.7483101785183 164.275820709765 211.9748528450727 66.28633143007755 14.78456728905439 2.277902103960514 4.149597980082035 0.4334008544683456 4.47852785885334 31.29517967998981 0.9111032262444496 11.65559064596891 16.00026428699493 2.761354565620422 2.355677008628845 4.263882331550121 0.09211977571249008 0.5835265889763832 0.2965285181999207 0.5768052786588669 0.2722288817167282 0.3961479589343071 21.98314745724201 0.3425394892692566 0 0.5258170068264008 162.8404571115971 0.2179008647799492 0.2061304673552513 11.29987723380327 4.340725868940353 0.1194857358932495 0.402442067861557 0.5936984270811081 0.2938152849674225 7.457520991563797 3.234992191195488 0 14.4911777228117 6.283391766250134 6.635507956147194 4.897229306399822 0 0 0 0 0 0 0 0 0 0 0 0 0.2217123061418533 0 0.1345020979642868 0 0.5075952410697937 0.4378974139690399 0 0.467873677611351 0.09283565729856491 0 0 0 4.966108493506908 0.3539158627390862 3.470792710781097 1.056038536131382 0.4402211010456085 0.1040553599596024 0 0 0 0 0 0 0.1152366995811462 0 0 0 0 0 0 0 0 0 0.1620918586850166 0.07794352620840073 0 0 0.1493453234434128 4.118201479315758 0.1292462646961212 0 0 0 0 0 0 0 0 8.454854674637318 0 0 0 0.1635657995939255 1.820307783782482 0.7502830773591995 2.493644900619984 0.08908408880233765 0.1161086112260818 0.2343771010637283 0 0.2380566596984863 0 0 0 0 0 0 0 0 2.870307676494122 2.51435886323452 2.514702171087265 286.4998599737883 10.4207054451108 457.4635891243815 40.49376200139523 273.9464864507318 27.24922972172499 3.932689823210239 7.173662908375263 19.66522664576769 0 1.177979618310928 0 6.109495848417282 0.1134499683976173 0 0 1.79712963104248 0 83.59570213407278 14.70451489835978
33.5047400072217 796.5565860942006 3997.60976421833 4.07110071182251 52.48461014032364 9.447465226054192 9.721108503639698 1997.161257229745 70.38310413062572 28.07155502587557 1939.745667561889 15.6597890406847 60.78637114167213 547.7429072335362 78.42260257154703 24.59222565591335 3.591135278344154 1.975955232977867 0.7951462268829346 13.57181971520185 82.37265514582396 5.551486685872078 28.74993371218443 2.261719882488251 35.409902587533 10.83464190363884 1.007885135710239 0.7814177572727203 0.4678015410900116 0.1086522564291954 531.9435232579708 2648.845482394099 207.3607341721654 20.65011887252331 109.9230951294303 54.31419508159161 62.74413400143385 60.46927773207426 11.16272570937872 8.169889636337757 45.92009687423706 26.09402911365032 21.43106351792812 11.92525768280029 0.8224210068583488 8.204176098108292 175.2016598731279 2.582428403198719 6.206282034516335 22.6996331140399 15.9457244426012 11.92729480564594 2.894273847341537 6.964145943522453 2.332620196044445 2.549075968563557 9.999286785721779 76.22948058694601 3.495388314127922 8.948919333517551 359.8087356984615 261.4782889783382 3.538662120699883 398.6727507412434 1.311899751424789 6.424864813685417 6.918385773897171 15.50028795003891 76.34794841706753 144.352459333837 22.56951685249805 5.114330224692822 0.8689155429601669 41.25636508688331 104.9581343010068 220.4637366682291 314.6569138690829 518.835234567523 2361.146137259901 2609.719938628376 468.1843686327338 3405.119351036847 5.308045566082001 0 5.446700312197208 4.365058496594429 15.6384005099535 0.08106935769319534 2.265118606388569 0.5722220987081528 2.009383983910084 6.113727673888206 201.5305108949542 29.82044623047113 17.34551238268614 63.87307288497686 19.00634489953518 0.6156820058822632 19.64391646534204 20.1655530333519 0.4595978334546089 0.1946612671017647 0.7650210559368134 0 0.6896377205848694 0.2498470321297646 0 0.2367578223347664 0.7450919151306152 0.811016283929348 0.6280130594968796 2.244559273123741 6.18295331299305 4.562614925205708 9.027351960539818 0.09984204918146133 0.09084348380565643 0 0 0 0 0 0 0 0.3444489985704422 0.2646942660212517 0.5865376591682434 1.415387973189354 0 0.7179715111851692 0.2079516649246216 1.294328302145004 0.144829273223877 0.1038205698132515 0.8517233058810234 0.5052961111068726 0.7338889539241791 0.8579210713505745 0.8570091277360916 9.735628023743629 2.710171781480312 10.55466540902853 3.934635736048222 5.543718054890633 1.333552673459053 0.3255571573972702 0 0 0 0.1672000586986542 0.2449685111641884 0 0.3114609345793724 0 0 0.6704203635454178 2.113813102245331 0.6622402220964432 0 0 0 0 0 0 0.1278422176837921 0.1948880851268768 12.73992185294628 0.3116658926010132 0 0 0 0.1579900532960892 0.4273261725902557 0 0.3042625486850739 0.4596995636820793 14.98011611402035 1.042116418480873 0.220014676451683 0.1414821296930313 2.147831313312054 3.361621253192425 0.9102092087268829 4.034434735774994 0 0 0.3491784632205963 0 0.09154489636421204 0 0 0 0 0 0.3268710225820541 0 0.1127169355750084 6.060863874852657 7.936677955091 8.474298842251301 297.1538620516658 22.66853832453489 254.6889142990112 87.51170071214437 34.67537558823824 15.73672519624233 4.119084194302559 16.28799057751894 13.73085513710976 0.2602529376745224 1.819260157644749 0.07557141780853271 2.801725715398788 0.08771365880966187 0 0 7.930712670087814 0 55.43377932906151 21.46266561001539
27.72034128755331 1802.256336294115 232.6630152389407 10.7253444865346 4313.427792161703 3.37491075694561 2845.704598240554 70.38310413062572 1462.235779926181 1087.887633308768 1660.248288609087 44.09032544493675 1418.212275609374 1070.531812094152 17.69104210287333 1.635436229407787 0 0 0 0 0.1866307854652405 0 0 0 0.313798576593399 0.1330080032348633 0 0 0 0 50.96681297570467 2.054820045828819 36.93512710183859 0 0.1700799465179443 0 1.2607162296772 0.2135986983776093 0.4627634882926941 0 0 0 0 0.6587508618831635 0 0 65.59500561654568 0.6420785635709763 0.2117498591542244 0.2148907035589218 0.3178102299571037 0 0 0 1.238683857023716 1.116666480898857 4.660653211176395 16.95774675905704 0.9800958633422852 3.642937242984772 0.2028146833181381 1.442219540476799 0 27.63509628176689 2.062762804329395 1.071306385099888 0.928781233727932 0.3489097058773041 0 0.2020662426948547 0.560853123664856 0 0 20.77099908143282 27.74580579251051 60.01107238233089 31.14785308390856 14.48267903923988 0.4828558936715126 132.5777806341648 0.2008280754089355 2.83332010358572 3.397039741277695 0 0.9510620161890984 1.523052640259266 0.1764952540397644 0.08352088928222656 0.5291702374815941 0 0.09199011325836182 0 0.3036167025566101 0 0 10.32160028815269 0 0 0.1414860635995865 11.35501405596733 0.09972187876701355 0 0.1273251920938492 0 0.103652648627758 0.1961172968149185 0.1408786922693253 0.2328557372093201 1.393856078386307 1.356132410466671 0.5923628062009811 2.882651798427105 5.533643819391727 3.368799611926079 2.950889632105827 0.1144658848643303 0.1542547196149826 0 0 0 0 0 0 0 0 0 0 0.1245888099074364 0 0 0 0 0.4573198854923248 0 0 0 0 0 0 3.954444125294685 0.8231449946761131 2.176610365509987 0.6220761314034462 0.2024822160601616 0 0 0 0 0 0 0 0 0 0 0 0 0.1167783737182617 0 0 0 0 0 0 0 0.09734693914651871 0 1.995986513793468 0 0 0 0 0 0 0 0 0 7.040405206382275 0 0 0 0 1.656303197145462 0 3.171667478978634 0 0 0 0 0 0 0 0 0 0 0 0 0 3.803671225905418 1.983993232250214 3.739133983850479 90.65884747356176 1.707207165658474 95.30481073260307 17.21765464544296 25.44850447028875 7.76110852509737 0.7532959431409836 3.261021859943867 7.996310845017433 0 1.504085063934326 0 4.546504154801369 0 0 0 1.511996105313301 0 29.39103873819113 9.750844597816467
1449.271736621857 2257.277275942266 178.1651132628322 2582.311598137021 1119.942540466785 1496.761019691825 2392.20750926435 28.07155502587557 1087.887633308768 4265.151022344828 313.518165551126 1184.024877466261 10616.79080874473 1070.192743204534 90.26838085800409 7.869724705815315 1.234270602464676 0.1940234676003456 0 0.08664716780185699 0.1464560180902481 0 0 0 0 0 0.1542377173900604 0 0 0 189.6693187430501 12.7649095132947 61.16508044302464 0 0.4200939834117889 0.8722726404666901 43.02241981774569 5.06144392490387 3.483536764979362 0.1430394500494003 0.2618099376559258 0 0.6129221543669701 1.400447532534599 0 1.034060150384903 521.2813332602382 10.97572153061628 1.101042240858078 1.74717602878809 2.790872342884541 0.2747972011566162 0 0.2344014793634415 20.66507265716791 23.2458531409502 73.09332771599293 129.7509561255574 26.04491657018661 34.65247316658497 2.599978692829609 30.97650857269764 0 185.9116267412901 22.8880830258131 13.28122554719448 15.56075838953257 7.347306080162525 1.535180181264877 1.290065705776215 19.37753520905972 7.564342953264713 0 276.3172089904547 215.0084563195705 386.5501889139414 130.6978409662843 35.14391589164734 4.279856540262699 57.79803721606731 2.183047756552696 72.08648945391178 47.13974376022816 0.1102786213159561 15.52187072485685 26.27716717869043 3.322387598454952 3.130089394748211 9.044598668813705 0.2783957421779633 1.342807829380035 0.255186952650547 1.539390929043293 0.1901951879262924 0.7244115769863129 189.940098516643 18.06160889565945 0.2173903286457062 9.97146175801754 824.4656263738871 1.081575393676758 0.9208481833338737 10.68628944456577 7.807082310318947 4.460579067468643 5.88334795832634 3.664507620036602 7.047066614031792 57.68143028765917 38.62150614708662 5.942419767379761 56.75775900483131 98.37268085032701 61.36845827847719 52.41260196268559 1.919067651033401 0.4393741190433502 0 0 0 0 0 0 0 0 0 0 3.171266987919807 0.4618828445672989 0 0.1840293258428574 1.539318419992924 0 0.2889634370803833 4.105315342545509 2.05311407148838 0 3.424618139863014 0 47.61185061186552 12.27530885487795 44.71905636787415 10.96317993104458 11.15754518657923 0 0 0 0 0.1722901314496994 0.3673463389277458 0 0 0.8398844674229622 0 0.401173859834671 0.1275003403425217 0.5774021148681641 0.2527288869023323 0.1206993609666824 0 0 0.2910458371043205 1.239568568766117 0 2.583785131573677 0.7453591227531433 52.56280758231878 0.1960635632276535 0.1410521864891052 0.1830621361732483 0 0 0 0 0 0 92.47239631414413 0.5952527225017548 0 0 0 22.26826654374599 3.475662186741829 30.25376099348068 0 0.6763005629181862 1.301842272281647 0.1070987433195114 0.1109658554196358 0 0 0 0 0 0 0 0 53.60594828426838 29.21490221470594 30.15749139338732 1790.532035820186 28.97014667093754 1025.537496395409 127.3725594729185 1741.164567410946 83.63439550250769 14.19488008320332 35.12025365978479 243.6871551498771 0 6.558350473642349 0.08903751522302628 96.21469841897488 0.09549965709447861 0 0.1322705000638962 14.56954388320446 2.48662942647934 493.4988951086998 127.29944203794
137.12038282305 4792.475924275815 4137.004192017019 231.1012541800737 2378.230260312557 11.97513884305954 519.791982203722 1939.745667561889 1660.248288609087 313.518165551126 2967.957531057298 171.521970808506 1090.034839950502 2912.394877247512 24.21244332939386 7.301589988172054 0.3277344405651093 0 0 0 0.1237787306308746 0.3151897788047791 0 0 0.8282606899738312 0 0 0 0 0 190.9596699252725 22.89269191771746 1242.834310643375 0.2269220352172852 0.2753727436065674 1.80680039525032 53.65837853401899 20.4865315258503 1.229527555406094 1.045058012008667 0.8635877370834351 0.3323816359043121 0 0.6741451174020767 0 0 54.03340815752745 1.207395136356354 0.4298304915428162 0.2195993438363075 0.3395481035113335 0 0 0 1.673034019768238 1.15652421861887 8.067338466644287 27.46476991474628 3.734111733734608 3.848313689231873 0.5590592920780182 116.7354850247502 0 23.86681759357452 1.504439868032932 1.01462197303772 0.9451424852013588 0.8022143244743347 0.9162847623229027 1.377819061279297 42.95214448869228 0.3385176658630371 0.2169727385044098 25.9705713018775 27.29478749632835 64.26163750886917 29.09920478612185 10.14021977037191 0.7392784953117371 2372.279897920787 0.3964356258511543 235.5919366553426 3.067617140710354 0 1.408544905483723 1.598188288509846 0.1049275174736977 0.07937595993280411 0.6491093337535858 0 0.1971716806292534 0 1.822157077491283 0.6094070822000504 0.5176763609051704 126.0148631110787 16.39800803363323 0.2634052336215973 29.2991077452898 39.54003012925386 0.1495969444513321 0.09023798257112503 1.270691938698292 0 0.4623768553137779 0.26607596129179 0.1661613136529922 0.375881664454937 4.17830216139555 2.364538915455341 0.8156603574752808 5.902392081916332 11.60529167205095 8.733840376138687 7.558875039219856 0 0.2865260615944862 0 0 0 0 0.162913516163826 0 0 0 0 0 0.7660655304789543 0 0.4849711582064629 0 0.2670947089791298 0 0.2615506947040558 0.6809150725603104 0 0 0 0.1126558855175972 8.758763700723648 3.280659176409245 7.099785126745701 1.403588511049747 1.017315626144409 0 0 0 0 0 0.0823509618639946 0.388186514377594 0 0 0 0 0.09662718325853348 0.6031860113143921 0 0 0 0 0 0.08801747858524323 0 1.862978652119637 0.2909126877784729 5.637318596243858 0.2474899813532829 0 0 0 0 0 0 0 0 18.78475505113602 0 0 0 0 2.092999875545502 0.5726027116179466 3.506544470787048 0 0 0.31369299441576 0 0.1825848892331123 0 0 0 0 0 0 0 0 10.00631001591682 5.760965600609779 6.151243850588799 153.2811187729239 3.83764062076807 103.8374946936965 21.76716040074825 32.86228393763304 9.954305075109005 0.4429121389985085 3.522328555583954 15.83318398892879 0 1.352299436926842 0 6.421312563121319 0 0 0 4.841609999537468 0 50.28745461255312 32.59220216423273
145.8698593527079 184.4658173918724 42.14696906507015 43.06776975095272 22.29082198441029 134.5813060253859 41.6195660084486 15.6597890406847 44.09032544493675 1184.024877466261 171.521970808506 17.22247245907784 1298.649537816644 357.125979706645 6.818404592573643 1.548347964882851 0.1044913828372955 0 0 0 0.240894079208374 0 0 0 0 0 0 0.3229063749313354 0 0 15.18080458790064 0.6660518199205399 65.2836337685585 0 0.1584244966506958 0 52.04563366621733 0.2515810057520866 3.215781301259995 0 0.1965149939060211 0 0.2049666345119476 0.1883159056305885 0.1480343043804169 0.1185873597860336 31.06896448135376 0.4788218438625336 0 0 0 0 0 0 0.6498065739870071 0.7327016592025757 4.858601786196232 7.40513987839222 0.4692816510796547 2.292689211666584 0.4487943053245544 5.962487727403641 0 8.945340715348721 0.8927772492170334 0.178748145699501 0.7750168070197105 0.4845960810780525 0.2553281113505363 0.8560325056314468 111.7094267010689 0.3989711999893188 0 10.21966794133186 7.290992811322212 19.45183315873146 6.304512843489647 2.457459732890129 0 66.50946196913719 0.5630016922950745 11.77890389412642 1.314460322260857 0 0.5035026222467422 1.331380948424339 0.09497901052236557 0 0.1657430455088615 0 0 0 0.127567782998085 0.3166293948888779 0 461.7549464404583 105.6333719044924 0 97.70985676348209 110.1712446212769 0.6694884970784187 0.1162741035223007 3.532038867473602 0.1661513894796371 2.729325339198112 2.958676159381866 2.16808308660984 2.239015698432922 20.73251267522573 12.24609694629908 1.962411940097809 15.45780748128891 40.65268318355083 27.76090132445097 22.66467048972845 0.2940832823514938 0.1195713207125664 0 0 0 0 0 0 0 0 0 0 0.4436575546860695 0 0 0 0 0.7270061373710632 0 2.227400675415993 0.7408933266997337 0 0.5791117548942566 0 18.36338234692812 2.323315694928169 12.69626564532518 3.234187349677086 1.919080160558224 0 0 0 0 0 0 0 0 0.2090038433670998 0 0 0 0.3438685238361359 0.1046384647488594 0 0 0 0 0.6829521134495735 0.1577704846858978 0.4680454432964325 0 16.09934957325459 0.09627877175807953 0.09081468731164932 0 0 0.1008747965097427 0 0 0 0 46.01219181716442 0 0 0 0 8.885074093937874 0.4773174375295639 12.06592956185341 0 0.0818498358130455 0 0.07933063060045242 0 0 0 0 0 0 0 0 0 25.40506073832512 9.964345313608646 8.018853403627872 288.928590118885 1.921230725944042 72.06649299710989 15.76337508112192 234.7144307941198 5.620247051119804 0.6457605510950089 1.23786973208189 75.22427317500114 0 2.824739120900631 0.1306065618991852 43.09816266596317 0.1606424748897552 0 0 3.259673476219177 0 387.2216070443392 85.99823877960443
176.1178877949715 780.3373625203967 188.7967107146978 49.1875829398632 632.4462624043226 135.6802355349064 3982.433814696968 60.78637114167213 1418.212275609374 10616.79080874473 1090.034839950502 1298.649537816644 1992.411496005952 2652.532197736204 45.97723196446896 9.745403826236725 0.2622922658920288 0 0.1744708269834518 0 0.6485342085361481 0.5332060158252716 0.09982828795909882 0 0 0 0 0 0 0 57.02333031594753 9.45333731174469 622.1725476682186 0.08454188704490662 0 0 198.161630474031 11.82362252473831 5.242446549236774 1.191627442836761 0.6006603017449379 0.4722989350557327 0 0.8643378019332886 0 0.2425597161054611 134.0080445930362 0.8495381101965904 0 0.1323245167732239 0.7754710912704468 0 0 0.5882609412074089 1.888134740293026 3.387170948088169 8.095838561654091 18.73838912695646 2.10712506622076 6.4570202678442 0.3610085844993591 45.49261387437582 0 34.74892591685057 2.336404621601105 1.653911449015141 1.347619574517012 0.7209198102355003 0.5558779239654541 1.288140550255775 258.2912544161081 0.7538229823112488 0 33.38397189229727 35.33609664440155 101.9698746651411 44.67682851850986 15.19818805903196 2.179912492632866 253.0760750696063 0.2323119342327118 61.51282185316086 4.184409871697426 0 1.99691417068243 1.668223105370998 0.4869673401117325 0.3339496627449989 0.8750523552298546 0 0.5771595686674118 0 1.691541634500027 0.3656779900193214 0.1973935216665268 2058.351967170835 146.9942023232579 0.249883234500885 140.0869424641132 161.8672845885158 1.924008458852768 1.701735436916351 13.3665404766798 0.3213037475943565 7.899620577692986 5.990923583507538 2.672122500836849 7.028744466602802 82.72735693305731 30.11371407657862 7.989971794188023 51.4759863987565 104.7551366910338 72.20070926100016 70.92981082946062 1.355212315917015 0.09401056170463562 0 0.1897803619503975 0 0 0.1079970151185989 0.1421432197093964 0 0 0.1166347041726112 0 2.054612815380096 0.3866800740361214 1.135932594537735 0.3476480543613434 2.079075835645199 0 0 2.824079237878323 2.929326273500919 0 2.579075150191784 0.3764136433601379 53.52813556045294 11.05770009756088 46.51873262226582 9.388652920722961 12.65582118928432 0 0 0 0 0.1013612300157547 1.589430123567581 0 0.1988736316561699 0.3651405274868011 0.1055958420038223 0 0 0.9723786041140556 0.09938254952430725 0 0 0 0.1277086287736893 1.765630923211575 0.09529703110456467 1.096018314361572 1.648292049765587 49.34184199571609 0.5529753863811493 0 0.1214758530259132 0 0 0 0 0 0 121.5195502415299 0.4629197120666504 0 0 0 28.90091239660978 3.720260009169579 35.29732437431812 0.3105691969394684 0.2861083298921585 0.7456124424934387 0.1968503296375275 0.726419024169445 0 0.1172052472829819 0 0 0 0 0 0 65.25527495890856 28.46845040470362 26.76487995684147 781.6204889118671 6.550623863935471 242.4748883321881 61.30718030035496 369.8874556571245 22.44734873622656 3.075406491756439 9.219505272805691 215.0243228003383 0 10.37020083516836 0.8481281474232674 100.033694408834 1.943689480423927 0 0.4240370392799377 9.812599524855614 0 617.0554537698627 216.3481188639998
131.1258462890983 2499.394464276731 1548.560114480555 17.46387263387442 1157.359321638942 49.36214868724346 2383.282264150679 547.7429072335362 1070.531812094152 1070.192743204534 2912.394877247512 357.125979706645 2652.532197736204 1447.591982975602 67.92221895605326 13.66043633967638 0.9625313580036163 0 0 0 0.944842129945755 0 0 0 0.3215568661689758 0.4739750027656555 0 0.1381773352622986 0 0.1346684396266937 152.2873560264707 18.84872134774923 712.1640929281712 0 0.6320810914039612 0.406628429889679 185.7465555071831 25.63162004202604 4.990283571183681 1.530098907649517 1.622807532548904 0.3281734809279442 0.3218254148960114 0.990602619946003 0 0.1336053609848022 168.1069028452039 1.10240875929594 0.2797395810484886 0.5810358822345734 0.5379113629460335 0 0 0.1479912102222443 2.447649411857128 2.390883632004261 10.63105743378401 32.54050016403198 4.13360370695591 8.605107687413692 1.426888361573219 89.22727949917316 0 57.36746606230736 2.271029122173786 1.903051301836967 1.416833706200123 1.109813563525677 1.311766624450684 1.75262775272131 177.7659854590893 0 0 42.24600791186094 57.9136875718832 149.4417371824384 77.22055185586214 31.70090719312429 2.740444339811802 1277.933370672166 0.3864710032939911 172.3201552554965 5.257179215550423 0.07891244441270828 2.354359917342663 2.720181323587894 0.5942394807934761 0.5411471128463745 0.5289465263485909 0 0.2588644474744797 0 1.371237270534039 2.099640071392059 1.257162883877754 631.7501456588507 69.97832729667425 0 104.6170140951872 89.02437254041433 1.438014946877956 0.6411472633481026 7.825998894870281 0.3839921355247498 3.418037429451942 3.881262540817261 2.057870388031006 4.163204535841942 25.20433055609465 22.06923902779818 4.961471930146217 29.70967165380716 64.96904258430004 43.55977497249842 38.06374123692513 1.289267055690289 0.6760034114122391 0.1055847108364105 0 0 0.4848814904689789 0 0 0 0 0.215549923479557 0 2.243055738508701 0.4669615477323532 0.2628296315670013 0.4119346439838409 0.9231173396110535 0.2191654518246651 0.2196449786424637 2.128182597458363 1.602402061223984 0 1.803490981459618 0.1735173910856247 40.23203016072512 10.93088129162788 32.60001057386398 6.138572998344898 8.600595340132713 0 0 0 0 0 0.5689283609390259 0 0.4464093521237373 0.413670152425766 0 0 0.4185773730278015 1.048647925257683 0.1292343288660049 0 0.09129280596971512 0 0.08974836021661758 0.4624498635530472 0 0.977885514497757 0.2273578196763992 31.02510380744934 0.6536528170108795 0.1349973678588867 0.1953352242708206 0 0 0 0 0 0 81.19692503660917 0.3708863332867622 0 0 0 14.67109829932451 3.285073012113571 21.43990761786699 0.7493527755141258 0.2630055323243141 0.4215174540877342 0 1.068885624408722 0 0 0 0 0 0 0 0.1875358372926712 46.31714151799679 19.88875994086266 19.59905839711428 559.0786204487085 10.67326775938272 276.9171448871493 69.52942505478859 136.9055181518197 22.20786788314581 2.799939006567001 13.93596574664116 121.0562543943524 0 6.700301393866539 0.454418733716011 49.19835975021124 0.6147260665893555 0 0.3029738515615463 8.504922285676003 1.112465426325798 347.1312511712313 135.5661953091621
