658.7059745192528 4411.488414905965 1577.240746319294 653.0156533867121 520.4558600261807 276.7447213083506 444.6294441148639 524.6403878852725 67.50453989952803 358.8507437929511 496.1333324983716 11.44318599998951 225.0161650031805 75.22040921449661 2.42187625169754 0.6275157779455185 0.109084777534008 0.1002512276172638 0 0 0.2336958646774292 0.1706850677728653 0.80482317507267 0.1314075440168381 0 0 0.6110618561506271 0 0 0 707.3231116756797 4.049316629767418 9.09709045290947 0 0.651044487953186 0.233184739947319 4.642379410564899 0.5224118232727051 1.515984863042831 0.4804083183407784 0.1286159753799438 0.144473984837532 0.1297296732664108 1.240123212337494 0 0 15.49350170791149 3.595656901597977 0.2162167280912399 0 0.2858028560876846 0.2851933091878891 0.2801066637039185 0.3995814844965935 14.13497649878263 23.61383708566427 185.9863893687725 633.9380270391703 84.74913580715656 21.08756463974714 0.7348078042268753 1.179421626031399 0 64.75946268439293 4.918283589184284 1.535161346197128 0.3854552730917931 0.6003682538866997 0.1642893850803375 0 4.41572593152523 2.667551532387733 0.270777516067028 124.7787178605795 37.98444244265556 24.24619910866022 3.695510342717171 0.8703039959073067 1.744811058044434 30.4543794170022 0.3253059461712837 6.755851306021214 22.66387119144201 0.3610673919320107 4.372359931468964 3.35510616004467 0.9415061324834824 0 0.8791696652770042 0.1336098164319992 0.6383148804306984 0.4999713152647018 0 0.08661447465419769 0.6486956551671028 20.39262872934341 3.510499402880669 0.3302086591720581 1.88446806371212 1380.41477651149 0.13692407310009 0 0 0 0 1.605795860290527 0 0.7624471187591553 0.4744620770215988 0.1921153217554092 0.9774274677038193 1.111378788948059 4.217770963907242 3.688854396343231 0.1220127642154694 0 0 0 0 0 0 0 0 0 0 0 0 0 0 0 0 0.1409493833780289 0 0 0.3165497779846191 0 0 0 0 2.585406333208084 0 0.3756123930215836 0.2270946800708771 0 0 0 0 0.1504057496786118 0 0.2323610559105873 0 0 0.231968104839325 0 0 0 0 0 0.1400264054536819 0 0 0 0 0 0.09571120887994766 0 0 0 0 0 0 0 0 0 0 0 0.6025963872671127 0 0 0 0 0.4778689444065094 0 0 0 0 0.4264019131660461 0 0 0 0 0 0 0 0 0 0 1.152493685483932 0.8738313913345337 1.273530289530754 97.24624080955982 3.596532963216305 48.9857536777854 0.8456315919756889 402.8025070875883 22.00456178188324 1.521299943327904 2.815489299595356 0.4590209573507309 0 0.138704240322113 0 0.7697674036026001 0 0 0 0 0 208.4112679734826 1.11057411134243
4411.488414905965 7275.168621629477 3394.292930275202 1067.239175893366 2347.986851729453 136.5701557099819 2189.785590708256 830.2752922922373 2365.67947793752 1487.327193684876 1884.356265202165 62.20850306004286 1988.857118107378 3199.589773997664 46.29601740092039 12.94692273437977 1.456497319042683 1.344219461083412 0.06889091432094574 0.5010106414556503 1.209230095148087 1.081435576081276 1.441353246569633 0.9495344012975693 2.69406071305275 1.867330983281136 3.359991878271103 1.147725455462933 0.2815695106983185 0.700414702296257 1751.599673897028 35.33601937443018 117.3616647049785 1.58403555303812 1.92671599984169 2.954397290945053 59.76857935637236 7.827674530446529 23.59050621837378 3.465548537671566 5.929758109152317 2.056382991373539 1.251448459923267 9.692382387816906 0.3602388724684715 1.016295693814754 197.8227323666215 16.64202551543713 2.093891277909279 0.8223275393247604 1.476448751986027 0.6212431937456131 2.321515895426273 1.141631126403809 34.31343193352222 72.19878662005067 206.7249052226543 690.7458718791604 145.9352920651436 143.0142924785614 1.823596194386482 15.0562042593956 1.1955925822258 195.3829209432006 17.22565627843142 4.763912625610828 1.142873115837574 3.830192595720291 2.202105678617954 2.584381476044655 44.79571004956961 1.459303468465805 0 257.0897265672684 155.3423469215631 176.625049367547 82.56050572544336 13.21511051803827 15.53614208102226 269.6347754150629 6.865505240857601 77.76574805378914 92.416833370924 0.8984530344605446 26.32607222348452 11.5578749999404 6.692910715937614 0.1777081340551376 10.23267175257206 0.5578489378094673 5.957482323050499 2.429527387022972 2.826843306422234 1.553825959563255 1.496929988265038 20.28187897801399 4.660724677145481 0.1679922938346863 17.87478414922953 808.3209046274424 0.6981196328997612 0.2545550391077995 2.651008412241936 0.3616946041584015 0.3641355037689209 5.787227600812912 0.7143208533525467 1.348709970712662 9.271132364869118 1.885023027658463 2.763240814208984 9.663186579942703 24.31062976270914 16.94094128161669 5.464729867875576 0 1.918542385101318 0.1436166316270828 1.122214376926422 0 0 0 0 0 0 0 0.3925980925559998 0.3771851509809494 0 0.1124433651566505 0.139323964715004 1.09259407967329 0 0 1.525540322065353 0.9240447878837585 0 0 0.8038515001535416 5.255726471543312 3.641190677881241 9.128059267997742 9.131605952978134 1.753998436033726 0 0 0 0 0.2399695441126823 0.875276230275631 0 0.1943006217479706 2.035509638488293 0 0 0 2.730774343013763 0.3517767339944839 0 0 0 0.09944269806146622 1.00411169230938 0 1.28181966394186 1.356547020375729 3.379820242524147 1.591655775904655 0 0 0 0.1427443474531174 0 0 0.1013374850153923 0.107134036719799 12.55655716359615 1.204196289181709 0 0 0.4717150181531906 0.3284613713622093 0 0.9391005635261536 0.9125790596008301 1.62715645134449 0.3466830924153328 0 0.1035038158297539 0 0 0.3414993435144424 0 0.3376639410853386 0.2270600646734238 0 0 4.792245678603649 11.84482608735561 17.08426523953676 482.7457185909152 29.10901205986738 470.0630400851369 12.93977431207895 426.1732459962368 112.6252620518208 3.741814538836479 33.1757208108902 13.11928760260344 0.3250763118267059 3.602077327668667 0 3.548160910606384 0.72320955991745 0.1938792318105698 0.4154617935419083 0 0.2688731253147125 264.8695980012417 11.40874138474464
1577.240746319294 3394.292930275202 2674.908434122801 1.76873405277729 687.9497933611274 0.4277391880750656 17.68380308896303 3693.510414898396 1099.48577105999 6.148836731910706 3153.484948605299 65.55108499526978 220.7010771259665 1308.472426734865 27.04920543730259 21.32812536507845 1.606348149478436 1.615780510008335 0 2.03225315362215 7.438381880521774 0.9100062996149063 8.588914915919304 3.349282555282116 9.566268227994442 2.676244482398033 6.300317272543907 0.144820898771286 0.9361315369606018 0.4228569716215134 3361.393507532775 1033.824041895568 159.2217366918921 0.9401563182473183 7.111220091581345 5.253193557262421 88.89230615645647 9.812832742929459 35.13334298878908 7.585141845047474 11.40874619036913 3.608787044882774 5.461866207420826 6.821424335241318 0.9089972078800201 0.98459592461586 59.27102738618851 3.919222012162209 1.126748219132423 1.66736789047718 0.6870090290904045 1.157648831605911 2.838468961417675 1.088274285197258 6.394480802118778 15.48122207820415 58.51100164651871 308.928584985435 41.77223037183285 27.55596075952053 7.453349858522415 25.60373458266258 0.9608151018619537 244.7281939387321 5.541881397366524 1.720065094530582 0.3426108732819557 1.90278559923172 2.334787204861641 12.30511724948883 41.90463830530643 2.3745346814394 0 75.69309961795807 58.81255745887756 48.68615589290857 32.38546047359705 15.06342931836843 275.4483688399196 1472.99359574914 70.84421810507774 597.2294881790876 19.36009719222784 0 3.947129562497139 2.116900838911533 2.301739022135735 0 1.481960706412792 0.2634699195623398 0.7326202169060707 0.6699583381414413 4.134844087064266 1.275291904807091 2.315148964524269 13.68342709541321 4.055330380797386 0.1624060124158859 15.60672006756067 188.9690062254667 0.8267834484577179 0.3217851221561432 1.988568991422653 0 0 1.917657375335693 0.5105514824390411 0.9668120890855789 1.124833136796951 0.7609657049179077 2.182983785867691 5.959048360586166 12.20891818404198 16.41758377104998 4.06551368534565 0.8028815612196922 1.095211401581764 0 1.029659084975719 0 0 0 0.1745762526988983 0 0.3129132688045502 0.357176773250103 0.3298990875482559 3.763429522514343 0 0.7382881715893745 0.21823650598526 0.2215316891670227 0.1388004571199417 0.2907460033893585 1.137498408555984 0.6985306739807129 0 1.317139357328415 0.2347411662340164 6.927730925381184 1.326096177101135 4.866217136383057 12.64885649085045 2.551893703639507 0 0.5733842551708221 0 0 0.156268373131752 0.8008972257375717 0 0.3971392661333084 0.8008824065327644 0 0 0 4.595351792871952 1.682885095477104 0.5934397429227829 0 0 0.3845483288168907 1.311035454273224 0 1.180683761835098 0.7274901270866394 2.19333291053772 0.5020705908536911 0.1748673021793365 0 0 0 0 0 0 0.9855056554079056 9.418889291584492 1.453501328825951 0 0 0.2981173098087311 2.565068945288658 0 1.29871378839016 0.5583563446998596 3.943252854049206 0.5960627496242523 0.2053138017654419 0.5100495144724846 0 0 0 0.1019164323806763 0 0.2927549183368683 0.2348700761795044 0 1.677554681897163 9.626947514712811 18.90992874652147 191.4988205209374 9.87273870408535 123.6906759440899 17.20155216753483 39.62681702524424 28.79931625723839 0.1537909060716629 12.12085129320621 10.72500306367874 0 3.611280456185341 0 2.281421259045601 1.615941107273102 0 0.1276445239782333 0.6598193049430847 0.9135529696941376 57.20539127290249 8.296917602419853
653.0156533867121 1067.239175893366 1.76873405277729 653.6886404007673 72.15450999885798 921.1112117767334 1494.714849226177 0.7604610770940781 6.949644297361374 1648.050243161619 0 338.6942936480045 2257.947631835938 48.05672790110111 1.023726917803288 0 0 0 0 0 0 0 0 0 0 0 0 0 0 0 22.66236533224583 0.4122482389211655 0 0 0 0.1979900598526001 0.9526409506797791 0 0.6953814625740051 0.2225064039230347 0 0 0 0.2243314534425735 0 0 4.342813618481159 0.5384849831461906 0.08807121962308884 0 0.1735757291316986 0.1422744244337082 0 0 2.498293846845627 4.304094538092613 18.70447887480259 39.95544720441103 9.098289810121059 6.43715700507164 0.3061566352844238 0.2064795345067978 0.2797224521636963 7.780389040708542 0.8990943059325218 0.2609249651432037 0 0.2934665605425835 0 0 0.1932807564735413 0.5596793293952942 0 18.11610630899668 9.332512207329273 7.099708080291748 1.464216120541096 0 0 0.4687611982226372 0 3.934240818023682 3.065990015864372 0 1.111432760953903 1.200542367994785 0.3960140720009804 0 0.5897183194756508 0 0.4161990880966187 0.1163256913423538 0 0 0 5.802163347601891 0.3009859323501587 0 0 235.8227677419782 0 0 0 0 0 5.138129889965057 1.106905579566956 0 28.24471506476402 0.4295250177383423 0 0.5307851582765579 1.267068937420845 2.176015198230743 0.3918139785528183 0 0 0 0 0 0 0 0 0 0 0 0 0 0 0 0 0 0 0 0.3186395764350891 0 0 0 0 0.2883080840110779 0 0.2740346789360046 0 0.4825693368911743 0 0 0 0 0 0 0 0 0 0 0 0 0 0 0 0 0 0.3353047966957092 0 0 0 0 0 0 0 0 0 0 0 0 0 0 1.808875650167465 0 0 0 0 0 0 0 0 0 0 0 0 0 0 0 0 0 0 0 0 0.6874721497297287 0 2.027710065245628 70.58333368599415 1.096579439938068 14.94604418426752 0.1817804574966431 427.4781243428588 3.60413359105587 0 0.8050508946180344 2.95411142706871 0 0 0 0.2249617576599121 0 0 0 0 0 123.5807656124234 0.9321379512548447
520.4558600261807 2347.986851729453 687.9497933611274 72.15450999885798 2987.013692580163 18.81802454590797 1001.215072721243 175.1734336987138 6286.665344178677 371.1538957357407 802.2684997245669 19.27861779928207 476.6389389112592 2877.778058074415 37.08714543282986 5.218317396938801 0.3587985411286354 0.1772431582212448 0 0.3412750586867332 0 0 0.1295316219329834 0.1210128739476204 0.2909579873085022 0.6114236861467361 0 0.2862297743558884 0.1510543823242188 0 230.8176576569676 22.8176626265049 7.037694714963436 0 1.201665908098221 1.903312854468822 11.15213925391436 2.87860032916069 12.56624840945005 0.8655143603682518 0.4544210061430931 0.2919338867068291 0.1148209273815155 2.099524959921837 0.07956000417470932 0.2171185314655304 180.1738517209888 11.38241440057755 1.865712098777294 0 1.027738220989704 0.1248864829540253 0.1070917695760727 0.111409567296505 15.15448220074177 35.74346526712179 52.37858472019434 148.7199623882771 43.27050725370646 99.19323024898767 1.522479578852654 9.376167833805084 0 112.9498376846313 11.86188797652721 3.497048586606979 0.6950936987996101 1.937191151082516 0.6507041305303574 0.4713255614042282 22.69278854131699 0.7051417306065559 0 98.03090163320303 75.07813037931919 124.1309423819184 84.89786390215158 2.947542294859886 2.439452067017555 13.87400940060616 3.404208213090897 23.27768258750439 48.9981611892581 0.1796127781271935 15.65690284222364 7.743134275078773 4.179875835776329 0.6769779026508331 5.448501847684383 0.5396310165524483 2.925221025943756 1.825973391532898 0.1198796778917313 1.23629479855299 1.296564735472202 8.436963453888893 3.364420846104622 0 12.34019705653191 77.40531725436449 0.3243856877088547 0.6979036927223206 1.569661483168602 0.2716687917709351 0.3427567780017853 0.8953426480293274 0 1.120390832424164 1.032725840806961 2.843150794506073 0.7601496577262878 11.10247851908207 8.822246141731739 9.323875524103642 2.498256720602512 0.1224999129772186 0.134881466627121 0 0 0 0 0 0 1.325076103210449 0 0 0 0.325689896941185 0 0 0 0 0 0 0.2443136721849442 0.3882001936435699 0 0 0 5.185477547347546 1.439604505896568 3.437962308526039 4.721483170986176 2.420079976320267 0 0 0 0 0 0 0 0 0.5364153981208801 0 0 0 1.646478429436684 0 0 0 0 0.6241540908813477 1.002518773078918 0 0 0.8633362650871277 1.791457325220108 0.1461944878101349 0 0 0 0 0 0 0 0 5.124360740184784 0 0 0.1194919273257256 0 0.3775029629468918 0 1.197409361600876 0.4372231960296631 1.619999021291733 0.1875053495168686 0 0 0 0 0 0 0.1475953310728073 0 0 0 3.265646152198315 3.390327222645283 5.536460876464844 465.8342879787087 18.98923983424902 405.0096350461245 14.53305535018444 217.8924334719777 97.37228462845087 1.419590532779694 33.49350751936436 9.285198017954826 0 3.224655732512474 0 5.126532554626465 0.4294420480728149 0 0.2517380118370056 0 0.8082248270511627 120.4979743510485 5.625088855624199
276.7447213083506 136.5701557099819 0.4277391880750656 921.1112117767334 18.81802454590797 1.215124681591988 108.7919485569 0.5801901817321777 3.477388210594654 408.9778589531779 0.5872906446456909 42.63241314888 92.97757195681334 11.01970763504505 0.09342502057552338 0 0 0 0 0 0 1.50683106482029 0 0 0 0 0 0.147577166557312 0 0 3.095334991812706 0 2.461391806602478 0 0 0 5.116890609264374 0 2.482414186000824 0.5366326719522476 0 0 0 0 0 0 0.3845402747392654 0.4912430495023727 0 0.1520386040210724 1.291697785258293 16.96087694913149 1.041977390646935 0.3460996747016907 0.1151576340198517 3.010649040341377 53.79813063889742 13.87608677148819 3.586004085838795 1.264653325080872 0 0.62929368019104 0 3.134017556905746 0.6550905406475067 0.4068241119384766 0 0.489916980266571 0.1346941292285919 0 50.21164557337761 360.3808138668537 19.92787798494101 5.240224108099937 2.627486795186996 0.7934756577014923 0 0 0 0.7898361831903458 0 0.3626919984817505 0.9197120890021324 6.432066276669502 0.1098756045103073 1.326656132936478 0.1437046974897385 9.955412559211254 9.932984478771687 18.28812129050493 3.516784563660622 14.2284472361207 0.495759129524231 0.6483176052570343 2.370290845632553 189.3260792940855 284.0421376377344 22.90893898904324 28.94482037425041 275.3212114349008 0.2875379323959351 0 0 0 0 0.3030694425106049 0 0 0.3255656212568283 0 0 3.100049450993538 1.119388461112976 0.6961653083562851 0 0.1036014780402184 0 0 0 0 0 0 0 0 0 0 0 0.22108094394207 0 0.1298743337392807 0 0.48990548402071 0.5694293230772018 0.5892888233065605 0 0 0 0 0 0.9529142528772354 0 0.3968440592288971 1.545885138213634 0.4646788686513901 0 0 0 0 0 0 0 0 0.2825148403644562 0 0 0 2.019318878650665 0.3344999402761459 0 0 0 0 0.1768010258674622 0 0 0 0 0 0 0 0 0 0.113718718290329 0 0 0 1.053412660956383 4.061781212687492 0 0.2372076213359833 0.2893198579549789 0 0 0 0.2644462585449219 0 0.09194426983594894 0 0 0 0 0 0 0 0 0.1440302580595016 0 0 3.659091353416443 3.186486974358559 9.951171025633812 0.5358063727617264 2.196175441145897 0.1401749849319458 47.99102193117142 0.7135858237743378 0.6607691794633865 0 1.906575463712215 0.141680046916008 0.2634047269821167 0 2.628439664840698 0 0 0 0 0 37.03612271696329 2.151713848114014
444.6294441148639 2189.785590708256 17.68380308896303 1494.714849226177 1001.215072721243 108.7919485569 1239.889148123562 9.356322936713696 1745.788853317499 2946.460257738829 56.24454888701439 187.8114598989487 3434.609307944775 4037.470033191144 19.39263692498207 3.953550472855568 0.4005299955606461 0 0 0 0.4178293794393539 0 0 0 1.466911554336548 0.1208154484629631 0 1.020217582583427 0 0.1322035491466522 92.01644235104322 9.248212426900864 14.13349673897028 0 0 4.165605932474136 33.4432692155242 7.342676043510437 27.85522350668907 2.18722739815712 0 0.2476754859089851 0.1096550449728966 1.913319878280163 0.2862370386719704 0.2340259552001953 91.16965003311634 7.344450458884239 0.4180994257330894 0.2092065662145615 0.6827880889177322 0.1014774739742279 0 0 8.789507202804089 24.73715960979462 51.53761626780033 110.4535554051399 36.68456135690212 53.74899284541607 4.356750875711441 25.15738648176193 0.127891018986702 63.82165172696114 7.867302916944027 2.466563418507576 0.6350884512066841 1.441628880798817 0.232810951769352 0 80.04884061962366 2.565778464078903 0 73.70731262862682 49.24852593243122 64.80363874137402 35.91593059897423 2.128080852329731 1.630643405020237 17.96973692625761 1.016214735805988 80.15068078041077 29.58123390376568 0.1968512833118439 8.658692479133606 5.065474160015583 2.774356812238693 0 1.941237941384315 0.2156751453876495 2.1657405346632 0.5636220499873161 0.1629275679588318 0.181548111140728 0.4638130739331245 70.08360167592764 6.0848193988204 0 33.75268499553204 125.4857673421502 0.9835925474762917 2.711817249655724 22.62587003409863 20.15783993899822 2.819351360201836 40.79669107496738 8.913962423801422 5.916049897670746 32.24937242269516 14.67825400084257 5.546753086149693 37.82872501015663 53.43570525199175 51.56165673583746 11.43324200809002 0.1737799197435379 0.4377802759408951 0 0 0 0 0 0 0 0 0 0 3.023672550916672 0 0 0 0 0 0.6240785717964172 1.569238021969795 2.504644334316254 0 3.509630262851715 0.4069242775440216 17.10130071640015 3.982877641916275 11.95753130316734 21.51778703927994 9.914747528731823 0 0 0 0.1056297197937965 0 0 0 0.4778659343719482 0.6762887239456177 0 0 0 3.415171340107918 0 0 0 0 2.418249383568764 2.497181490063667 0 0 0.5143702030181885 2.744398295879364 0.3384987115859985 0 0.1154996901750565 0 0 0 0 0 0 21.6556980535388 1.666753947734833 0 0 0 3.286805361509323 1.101572826504707 5.598488688468933 1.997203946113586 3.01797166466713 0.9432358965277672 1.200231432914734 0.3146657943725586 0 0 0.1146256402134895 0 0.1176892966032028 0 0 0 13.50896016508341 18.7089629471302 24.28667079657316 389.9859038442373 19.16931550204754 230.4174365773797 7.859095096588135 329.5391950160265 60.68398784846067 3.36784540861845 30.23586355894804 28.27990929037333 0 6.39700598269701 1.052878275513649 15.75581277161837 1.89249175786972 0.1527554988861084 0.3619451820850372 0.4551725387573242 0.3758456408977509 308.7601149305701 22.77983167767525
524.6403878852725 830.2752922922373 3693.510414898396 0.7604610770940781 175.1734336987138 0.5801901817321777 9.356322936713696 948.3971093147993 153.9513821303844 6.295969784259796 3447.360577017069 60.49479360878468 228.5749443024397 1177.538351997733 52.61746114492416 34.01543386280537 3.313371554017067 3.558971017599106 0.0963248535990715 4.415273688733578 12.5832981839776 2.526592917740345 19.4339249804616 12.54761290550232 8.080621622502804 3.211525842547417 10.66019779443741 3.121903225779533 0.5843013823032379 1.263228870928288 1317.942568667233 1151.098776444793 163.9705261066556 5.562083922326565 23.36148086935282 6.031241655349731 71.67997258901596 16.9296016395092 53.47018411755562 9.819701164960861 18.62463069707155 5.15608111768961 12.53102232515812 13.03111929446459 2.256267219781876 4.756374284625053 143.6258228570223 6.603034637868404 4.115596704185009 6.520390011370182 2.211948625743389 1.322574324905872 6.643084362149239 3.306067384779453 6.603999249637127 12.95781583338976 28.77794139832258 135.1545155271888 22.71951275318861 51.59160099923611 14.55276592820883 65.69059834629297 0.6493611559271812 221.5909874141216 4.508740656077862 2.011858485639095 1.201135590672493 4.732853248715401 4.043835647404194 43.38629341870546 94.54976661503315 9.442510277032852 0.2622015178203583 59.72730731219053 63.29235158860683 97.35830839723349 94.06320524215698 38.0776649415493 1469.703715220094 4449.547234922647 445.7387024834752 2216.743590205908 16.80434695631266 0.1921314373612404 6.062137104570866 3.048877507448196 3.393601022660732 0 1.416715197265148 0.3655641227960587 0.9909186512231827 1.378775052726269 13.20115751028061 1.426386602222919 3.32319700717926 13.16269969940186 3.15512016415596 0.7526545226573944 29.23854076862335 64.60927221924067 0.864329919219017 2.053278744220734 1.386709213256836 0 0.4474057555198669 2.478523939847946 2.066594123840332 3.542156040668488 0 3.963341593742371 1.78786002099514 8.239973872900009 13.43129330873489 18.54255621880293 4.39176133275032 0.4976984411478043 0.9198039919137955 0 0.4557319208979607 0 0 0 0 0.3651656210422516 0.1105736941099167 0.4926034957170486 0.2712597846984863 3.168846607208252 0.3496295511722565 0.5066424310207367 0 1.48085967451334 0.2276162803173065 0.3333281427621841 2.566567964851856 1.807367026805878 0 0.3207677006721497 0 11.19203285872936 1.66259378194809 8.149665735661983 19.81771837174892 10.94646102190018 1.508378654718399 1.920904442667961 0.11356520652771 0 0 2.907126784324646 0 0 0.4827167615294456 0.1289338022470474 0 0.7383615225553513 6.339973703026772 1.478402122855186 0 0 0.1376980841159821 2.546515017747879 2.198312364518642 0 1.229749225080013 1.293716758489609 6.454710736870766 1.308172196149826 0 0 0 0 0 0 0.1036814749240875 0.4343608766794205 16.32763377577066 3.862545982003212 0 0.1397464871406555 1.491158939898014 0.1443237811326981 0.4130188077688217 1.408598065376282 1.38386394828558 1.336565271019936 1.553707994520664 0.3506156802177429 0.7612003013491631 0 0 0 0.09544863551855087 0.2528878003358841 0 0.5033445954322815 0.3117362707853317 3.887943804264069 18.93384123593569 28.20537270605564 556.628611728549 16.56711229681969 334.6246261224151 32.63571683317423 62.03427889943123 65.2794394120574 0.4228995144367218 47.30927791446447 14.3437896668911 0.219488337635994 7.018205910921097 0 6.121468096971512 0.924760490655899 0 0.1295766085386276 0.4473290741443634 1.410564213991165 55.26092531532049 11.0000786781311
67.50453989952803 2365.67947793752 1099.48577105999 6.949644297361374 6286.665344178677 3.477388210594654 1745.788853317499 153.9513821303844 911.7155808061361 58.42475144565105 1615.550402030349 14.88984632492065 322.1341659575701 2261.871541984379 13.95216618478298 3.720273554325104 0.1558482199907303 0 0 0 0.1874979436397552 0 0 0 0 0.138890415430069 0 0.135601744055748 0.1731526106595993 0 46.02789282053709 5.637295015156269 6.691851168870926 0 0.1621050536632538 0 5.511257648468018 0.7101327180862427 9.018912732601166 0.1529617756605148 0 0.1250085681676865 0.1115200892090797 0.3429289609193802 0 0.2633731886744499 49.71860145032406 1.439616367220879 0.1490552127361298 0 0 0 0 0.2709634900093079 2.666591964662075 6.471861809492111 8.14182060956955 19.69351783394814 6.745614424347878 21.07215841114521 1.038877367973328 12.95259755849838 0 26.39142525196075 1.561010017991066 0.7945795580744743 0.2280878201127052 0.298245333135128 0.09497475624084473 0.2982846051454544 32.92380008101463 0.6188179850578308 0 15.43381942808628 12.92141830921173 31.87072542309761 25.38354225456715 1.600556321442127 2.896422982215881 230.8533008396626 0.3188760802149773 25.44921327382326 8.356556102633476 0 3.98048185557127 1.68053125590086 0.9948701560497284 0.2380272299051285 0.3826960921287537 0 0.3634358644485474 0.4197700545191765 0 0.2847298681735992 0.304850161075592 11.44764967262745 1.31151357293129 0 8.625476956367493 11.48237602412701 0.1438772678375244 1.304375052452087 2.314895331859589 0 0 1.390780836343765 0.1814897656440735 2.205229729413986 2.258395910263062 5.097269997000694 3.238715343177319 5.542852789163589 11.27407347410917 12.10990715026855 1.732721090316772 0 0.139697477221489 0 0 0 0 0 0 0 0 0 0 0.5084222555160522 0 0 0 0.9476765990257263 0 0 0.4318041428923607 1.406000047922134 0.4572748839855194 0 0.4664711356163025 2.704436786472797 0.5110772848129272 3.651532232761383 4.689889371395111 0.6188073307275772 0 0 0 0 2.608221471309662 0 0 0 0.2581203430891037 0 0 0.374356135725975 0.380327045917511 0 0 0 0 0 0.5708974599838257 0 0 1.744916796684265 1.178232118487358 0.183491587638855 0 0 0 0 0 0 0 0 9.70639806240797 0 0 0 0 0.4888163805007935 0 0 0.6304985582828522 2.557628393173218 0 0.9274021983146667 0 0 0 0.2662585750222206 0.136776477098465 0 0 0 0 4.28413587808609 2.544277146458626 7.525549352169037 152.8130358457565 6.200631953775883 103.346766076982 4.590992256999016 39.69566648453474 23.52264981716871 0.1280680298805237 15.2853747010231 3.680382251739502 0 1.21498791873455 0 1.373121351003647 0 0 0 0 0.7410038709640503 50.87526322901249 5.23006945848465
358.8507437929511 1487.327193684876 6.148836731910706 1648.050243161619 371.1538957357407 408.9778589531779 2946.460257738829 6.295969784259796 58.42475144565105 2053.424084559083 11.02766950428486 2331.99024745822 5771.435508444905 374.9206257089972 1.382943019270897 1.116131246089935 0 0 0 0 0 0 0 0 0.6338860690593719 0 0 0 0 0 26.78591497242451 1.234259389340878 36.77873229980469 0 0 4.30433988571167 40.26084303855896 13.95828008651733 36.34237153828144 2.81222540140152 0 0 0 0.4674863517284393 0 0 13.00394565612078 1.020407110452652 0.3139446079730988 0.1138049960136414 0 0 0.1306146383285522 0 2.740427866578102 5.783567190170288 45.47562486678362 37.41503956913948 11.57916252315044 11.12161757051945 2.169679880142212 27.16455426812172 1.898571729660034 15.82879392057657 1.678644612431526 0.6050268486142159 0 0.09470986574888229 0 0 131.2473763525486 0.1198127344250679 0 17.47575805336237 10.02551104128361 14.79389530420303 4.068308778107166 0 1.194013580679893 28.84343918412924 1.663539282977581 108.244937941432 5.384794838726521 0 1.233126156032085 1.195816993713379 0.4552492275834084 0 0.1301579624414444 0 0.2322669923305511 0.5480014383792877 0 0 0.111562542617321 201.7929310426116 16.00301110744476 0.6031419634819031 41.23349377512932 443.4938694387674 2.220824308693409 1.205830723047256 8.152129262685776 2.885777622461319 1.937534362077713 24.36894805729389 17.26898494362831 8.9131019115448 53.44906114041805 24.48322922736406 4.933597721159458 35.99693740159273 79.1130582690239 76.58143827319145 8.186886213719845 0.8646939098834991 0.1999965310096741 0 0.1325008422136307 0 0 0 0 0 0 0 0 2.436411708593369 0 0 0 0.5370570421218872 0 0 1.874236382544041 2.505867034196854 0 0 0 14.97089789807796 3.394921779632568 11.96005630493164 10.86955477297306 7.948480427265167 0 0 0 0 0 0.9075345993041992 0 0.222534753382206 0.2387273013591766 0 0.1762444376945496 0 0.1274423152208328 0.3873730897903442 0 0 0 0.2103945016860962 2.804684974253178 0 0.1541626304388046 1.599648952484131 4.220659710466862 1.814535513520241 0 0 0 0.3473785221576691 0.6540919542312622 0 0 0 19.11601353436708 3.24622642993927 0 0 0 0.8845236897468567 1.708166539669037 1.339227467775345 0.6283130571246147 3.937967747449875 0.5107524916529655 0 1.108787775039673 0 0 0 0 0 0 0 0 12.07875909656286 18.3994357958436 18.73218608647585 334.6882531195879 1.045633666217327 32.15762730687857 0.845458984375 894.4315025135875 8.218311563134193 0.2095821648836136 2.987491875886917 51.81304397433996 0 6.992356024682522 1.553017735481262 29.61077333986759 0.1686863750219345 0 0.2101996243000031 0 0 975.0636779293418 36.38993258774281
496.1333324983716 1884.356265202165 3153.484948605299 0 802.2684997245669 0.5872906446456909 56.24454888701439 3447.360577017069 1615.550402030349 11.02766950428486 2561.991170488298 88.43529568612576 532.1002659276128 3189.038811460137 20.07778917998075 14.2346011325717 0.8581624254584312 1.006230071187019 0 0.1375260949134827 1.257310554385185 0.8489247858524323 1.258713200688362 1.873032763600349 6.545102074742317 4.813375115394592 4.518029823899269 1.459748581051826 0.2074035108089447 0.1050341427326202 429.680791079998 25.52957525849342 876.2841312810779 0.4170072972774506 6.332907721400261 4.525529503822327 316.4303769916296 35.60801476240158 72.75811271369457 11.3461741656065 11.05199971795082 3.720184922218323 1.940458714962006 4.253423605114222 0 0.6460950821638107 52.2835418432951 2.576216392219067 0.7543651983141899 0.4486792683601379 0.295758493244648 0.8282313346862793 4.187097981572151 1.569711647927761 2.84245290607214 7.611745841801167 14.99355039745569 57.88691016286612 10.88517686724663 25.68389305472374 0.9606390073895454 172.4554117172956 0.3245367705821991 37.19578871876001 1.068082466721535 1.070730604231358 0.6407100036740303 0.8810696676373482 0.108414314687252 5.041024789214134 157.3027681410313 3.562348693609238 0 20.89252419024706 19.69145088642836 42.93853119760752 29.42754969000816 8.017061784863472 17.23407849669456 932.973072335124 2.56355158239603 150.0901396423578 10.60554588586092 0.1000377982854843 3.289076946675777 0.9160197526216507 0.7357756122946739 0 0.8475728780031204 0 0.8510918170213699 0.4106429219245911 1.166496239602566 1.522890478372574 5.017532601952553 29.62074130773544 5.595247954130173 1.075640141963959 10.06930147856474 50.32849299907684 0 0.8547441363334656 0.6659837961196899 0 0.4901129901409149 2.395402386784554 0 0 1.312310755252838 2.381888493895531 0.8004005700349808 9.537905782461166 19.23153920471668 15.57035617530346 3.212043583393097 0.2733281850814819 1.163930721580982 0 0.1162363365292549 0 0 0 0 0 0.1227938830852509 0.1375329047441483 0 2.301828421652317 0 2.537481911480427 0 0.5418736785650253 0.2827642858028412 0.6102326810359955 0.7688840106129646 1.795124024152756 0 0 0 10.05958987027407 0.8799499869346619 2.082441166043282 14.93552090227604 5.728097751736641 0.4038524031639099 0 0 0.1133981645107269 0 0.3466022461652756 0 0.5678430497646332 0.177698627114296 0 0.3731100857257843 0.3243546038866043 3.281456559896469 0.1594455987215042 0 0 0 0.8048713803291321 1.292542025446892 0 1.498253218829632 0.6067700386047363 1.301745235919952 2.575690150260925 0.570717453956604 0 0 0.1196000054478645 0 0 0.1015498787164688 1.005998030304909 9.310532033443451 5.079394027590752 0 0 0.3344202637672424 0.9270221590995789 0.3792901933193207 1.242959037423134 0.8006885796785355 2.55837693810463 1.27953539788723 0.5353924632072449 0.3081251606345177 0 0 0 0 0 0 0 0 3.466123804450035 9.48875929415226 19.12373589724302 199.6111573576927 10.82756469398737 125.347901314497 15.26135810464621 23.59241992980242 24.14275497943163 0.4656214192509651 16.87713502347469 10.21479122340679 0 2.22449741512537 0.5251173973083496 1.319804087281227 0 0 1.070030219852924 0.1165191531181335 1.008050233125687 34.56531465798616 5.104208290576935
11.44318599998951 62.20850306004286 65.55108499526978 338.6942936480045 19.27861779928207 42.63241314888 187.8114598989487 60.49479360878468 14.88984632492065 2331.99024745822 88.43529568612576 264.0404821038246 1341.585077255964 541.6629659384489 4.941577047109604 4.542291201651096 0.1620439738035202 0.5454549789428711 0 0.4554470479488373 0.23590187728405 0.2254763543605804 0 0 0.9881070703268051 0.1832606643438339 0 0 0 0 6.432326979935169 6.88719379901886 51.35396003723145 0.2875551581382751 0.3245081305503845 0.8153682053089142 92.93707659840584 6.093968570232391 38.11956851184368 4.966566920280457 0.6811584234237671 0 0 1.580375865101814 0 0 7.030879408121109 0 0 0.2931498885154724 0 0 2.514302894473076 0 0.7653497532010078 0.925805039703846 3.546810925006866 6.019778415560722 2.125598080456257 2.545966029167175 0.4455015361309052 9.455044507980347 0 5.200028404593468 0.492475725710392 0.2795076444745064 0 0 0 0 243.8831271529198 5.26325136423111 0 3.301606699824333 2.726995535194874 5.167400352656841 3.533612295985222 3.694924809038639 0 16.40692123770714 0.2960351854562759 15.74246540665627 1.866590358316898 0 0.5352906435728073 0 0 0.1329346299171448 0.1018975228071213 0 0 0.2297219038009644 0 0 0.6466264575719833 1222.761517480016 38.89058550447226 2.840856641530991 53.24900397658348 47.44833236932755 3.670308127999306 1.199942849576473 13.15644828975201 0.9299100637435913 3.973412066698074 24.33388948440552 22.76729282736778 14.4656268954277 13.31415255367756 45.30510970205069 18.38314186036587 85.11136315762997 136.403137922287 188.8940618187189 26.93973009288311 0.7484110742807388 0.2291291207075119 0.2042269259691238 0.094696044921875 0 0 0 0 0 0 0 0 3.873891621828079 0 0 0.1305714696645737 0.1757828593254089 0 0.9144569039344788 10.92249970883131 5.035924442112446 0.1523873955011368 0.1600074917078018 0.8619421720504761 39.85621386766434 4.09969986975193 18.32708583772182 20.98690864443779 7.630276039242744 0.1616373658180237 0 0 0.1011695712804794 0.3369079828262329 0.116541400551796 0 0.9000578075647354 1.618774175643921 0 0 0.2428720593452454 3.834193728864193 0 0.1817472279071808 0.955249235033989 0 2.369859308004379 4.326227873563766 0.2175507918000221 0.133818730711937 3.216567747294903 13.27156590670347 4.517219044268131 0.2201351225376129 0 0 0 0 0 0 0 67.55723364651203 3.081694819033146 0.3773057758808136 0 0.302724614739418 3.876017995178699 3.225879848003387 3.415813371539116 4.186326764523983 8.439593330025673 1.796176761388779 0 1.341511204838753 0 0.1356239914894104 0 0 0 0.1848817318677902 0 0 31.41313438862562 27.75840410590172 38.6889762878418 160.2756734862924 3.125354409217834 30.11074586957693 8.194651670753956 285.4414451420307 9.088729217648506 2.529667615890503 7.346982404589653 54.79389154165983 0 12.59811455011368 0.1029767617583275 31.38400927186012 2.441508039832115 0 1.237415216863155 0 0.9346986413002014 1054.078897193074 117.9102068245411
225.0161650031805 1988.857118107378 220.7010771259665 2257.947631835938 476.6389389112592 92.97757195681334 3434.609307944775 228.5749443024397 322.1341659575701 5771.435508444905 532.1002659276128 1341.585077255964 3477.505228862166 6409.220125369728 15.44413764774799 10.70674056559801 0.4912042021751404 0 0.1212036609649658 0 0.6030125766992569 0.6782640665769577 0 0.7379937469959259 7.205169677734375 1.561497554183006 2.236576423048973 1.581726595759392 1.059416919946671 0 37.20101803541183 13.72379387915134 278.4634687900543 0 0 0.8633192479610443 1271.965077109635 102.4923941046 301.0403522625566 14.36286271363497 3.54823262989521 1.475616112351418 0.6538063436746597 5.617084011435509 0.09373089671134949 0.8645617514848709 54.21040715277195 2.596123777329922 0.2317248582839966 1.382939495146275 0.2124414145946503 3.203241884708405 19.66403394937515 1.314675644040108 4.804628200829029 6.719303846359253 17.99490060657263 46.95086216926575 14.40833174437284 14.14010395854712 6.642535820603371 50.71300399303436 0.7187767773866653 27.66951458901167 2.41753850877285 0.7402339726686478 0 0.3171130865812302 0 1.521667405962944 725.9234569221735 11.77603024244308 0 30.51633653044701 16.29566038399935 25.48402354121208 22.2264828979969 11.20793749392033 1.352242827415466 73.87886152416468 0.9227117598056793 97.47010982036591 8.808204397559166 0 2.41646458953619 1.488203667104244 0.3896529227495193 0.3474758565425873 0.4146153554320335 0.2559523209929466 0.476172536611557 0.2781384810805321 0.3331684917211533 0.8675214722752571 0.6601491421461105 1474.492462947965 36.35085306316614 2.237155824899673 86.89735832810402 75.79741413146257 6.51603227853775 14.93242190033197 16.81604819744825 2.655380815267563 6.278780743479729 38.48839197307825 18.67730869352818 25.26867503672838 55.64117880165577 51.04355227947235 18.58907228708267 107.5283028259873 221.3499304950237 230.3592258915305 46.94270271807909 2.003130830824375 2.156185261905193 0 1.132457494735718 0 0 0 0 0 0 0 0 8.177042908966541 0 1.64895524084568 0 1.223874017596245 0.2010838538408279 0.3438400700688362 15.04427943378687 6.557429231703281 0 2.859896063804626 1.071507275104523 68.07856487482786 21.49442486464977 28.68007495254278 47.12823554873466 16.96313688904047 1.124695032835007 0 0 0 0.2335491552948952 4.226601302623749 0.2598459124565125 1.180983230471611 1.092715620994568 0 0 0.2400804311037064 5.87305012345314 0.1666085571050644 0 0.592501625418663 0 4.191150419414043 7.343725331127644 1.136872373521328 4.61975783854723 5.226967692375183 16.53724566102028 2.052220955491066 1.187046334147453 0 0 0 0 0 0 0.1600233614444733 101.5336461439729 5.462508633732796 0 0 0.1192701533436775 6.3047826141119 2.519354850053787 14.40687534213066 5.730409637093544 11.53202401846647 2.209720142185688 0.6974487751722336 2.908912539482117 0 0.6487618982791901 0 0 0 0 0 0 42.89930118620396 58.19628120213747 82.0471758544445 398.6083655431867 12.05691587924957 137.3465135917068 13.27083016932011 356.0454366058111 29.58375679701567 1.545205786824226 25.30301433056593 96.50154962390661 0.43638014793396 19.73742435127497 1.921866655349731 37.98631584644318 3.330445438623428 0.1187738850712776 2.590488128364086 0.3807247579097748 0 1099.661525182426 135.0000028386712
