373.445746332407 1584.368851736188 1493.082862362266 975.2423791736364 180.9318418055773 308.2088555246592 1009.144273117185 51.26266485452652 243.5731047689915 1387.501131631434 189.0109731480479 150.5165409222245 137.0416327640414 69.32209637016058 64.65008657425642 31.22634579986334 3.506948485970497 0.3071141988039017 0.3601656779646873 0.310866966843605 0.1491398513317108 0.3994631543755531 0.4377110078930855 0.4664173498749733 1.441605478525162 0.9178229942917824 0.7331757172942162 0.08965781331062317 0.7773322239518166 0 1648.613402068615 72.36661668866873 31.90908684581518 0.942340224981308 2.98476430773735 4.750096589326859 2.546306870877743 1.877712532877922 6.145376779139042 1.378561712801456 2.96988783031702 0.2449109852313995 0.1004084572196007 1.336844652891159 0.635977104306221 0.5590089559555054 118.197260081768 0.4482788592576981 0.7019945159554482 0 0.1197081357240677 0 0.5565247908234596 0 0 0 14.18890900909901 403.4485520943999 8.869524911046028 56.92846275120974 1.204556450247765 5.095150895416737 0.1497042626142502 77.18411471694708 0.1170061603188515 0 0.2396547570824623 0.243080846965313 1.261484645307064 0.6165859326720238 7.261320859193802 2.807753831148148 0 11.09679839015007 12.44682590663433 68.86106692254543 619.1464634537697 9.858485363423824 17.13182428479195 24.29861086606979 1.055284678936005 10.56556332111359 0.6797894760966301 0 0.3918400481343269 0.1057459264993668 0.4947685375809669 0.1000290438532829 0.105141393840313 0 0.09596455842256546 0 0.4505617246031761 0.09974680840969086 0 51.64753393828869 2.837779983878136 0 3.118605494499207 722.4767820760608 0 0.3115853071212769 1.802452750504017 0 0.4112417101860046 2.00105132162571 4.725061133503914 2.346057757735252 0.550131767988205 16.10447223484516 0.7888126969337463 10.58149383962154 5.503005027770996 2.099351160228252 3.586672246456146 0.1806960701942444 0 0 1.409357465803623 0 0 0 0 0 0 0 0 0.08765377104282379 0 0 0 0 0 0 0.7163497805595398 0 0 0.9020656943321228 0 1.138017639517784 0.6973486393690109 5.158562459051609 1.8124158680439 0.9589580819010735 0 0 0 0 0 0.9361750781536102 0 0.0741291418671608 0.4055733680725098 0 0 0 0.3945030570030212 0 0 0 0 0 0 0 0.1733550354838371 0.3811748474836349 0.8105020821094513 0.08980275690555573 0 0 0 0 0 0 0 0 1.270437747240067 0 0 0 0 1.302926510572433 0.1210532784461975 0.6316171586513519 0 0 0.1909100040793419 0 0.09738646447658539 0 0 0 0 0 0 0 0 7.238798543810844 0.1142816692590714 2.100234590470791 202.6796002686024 2.560988634824753 129.9528783261776 8.707829967141151 889.3911558315158 1.226448103785515 0 13.29993937909603 27.38905136287212 0 0.8036870434880257 0.3299747407436371 30.85202342271805 0 0 0.2196560055017471 0.6728799641132355 0 96.16082221269608 2.86528592556715
1584.368851736188 3756.625056654215 3988.8178614676 162.905970364809 1290.034968286753 75.87204237282276 1636.657946318388 68.17885130643845 2375.789453595877 1636.460096150637 331.4067068621516 1093.618619032204 930.1874114796519 954.2072120010853 71.82892620563507 58.46135853230953 3.853362187743187 0 0.1107873618602753 0.209919661283493 0.325565330684185 0 0.5610622614622116 0.2538937479257584 1.366613000631332 1.010476976633072 0.8593024909496307 0.2254870161414146 0.1928810179233551 0.1189387515187263 1089.383608080447 72.86673012375832 24.33240972459316 0.5963646098971367 1.622123897075653 2.182728312909603 0.4777064397931099 1.741282813251019 2.70781247317791 0.3897390738129616 2.16092523932457 0 0.08628413826227188 0.6004093885421753 0.7122794538736343 0 105.3595484048128 0.6617314964532852 0.2324403524398804 0.1059258878231049 0.1797249242663383 0 1.069098718464375 0.2095449715852737 0 0 5.505835771560669 116.2766272872686 2.493079788982868 19.25697370618582 0.3843258023262024 1.577324599027634 0.1030259504914284 40.88172134757042 0 0.09445840865373611 0.3526717647910118 0.2373648807406425 0.1148959398269653 0.7408349364995956 4.862845651805401 0.6589994728565216 0 3.066147685050964 6.741368249058723 70.78654213994741 512.2427439689636 12.3964132219553 14.42295622825623 16.52086078375578 0.3961290121078491 5.848859235644341 0.7991966009140015 0 0.1439099162817001 0 0.1612118557095528 0 0 0 0.1838345676660538 0 0.270340196788311 0 0 60.53729993849993 5.248990401625633 0 1.627331852912903 370.5898489505053 0.09423136711120605 0.1288943141698837 1.618902020156384 0 0.601073682308197 0 1.712875992059708 0.5701841711997986 0.3944413363933563 6.317480072379112 0.3406016528606415 10.29332403093576 5.906675443053246 2.706325903534889 2.828107245266438 0.2049244791269302 0 0 0.2857461273670197 0 0 0 0 0.1176703050732613 0 0.1769243180751801 0 0 0 0 0.5203971117734909 0 0 0 1.130649916827679 0.7816815078258514 0.3559697270393372 0.3305027261376381 0 1.762974627315998 1.050852179527283 2.687491990625858 1.907191395759583 1.805228002369404 0 0 0 0.1131956726312637 0 1.091886460781097 0 0 0.3194716945290565 0 0 0 0.5861460715532303 0 0 0 0 0 0 0 0.4684401527047157 0.944479376077652 2.406009532511234 0.406687930226326 0 0 0 0 0 0 0 0 1.29948566108942 0 0 0 0 1.244554243981838 1.020574182271957 1.7265964448452 0 0 0 0 0.07870522886514664 0 0 0 0 0 0 0 0 7.034245893359184 0.8159010112285614 2.283868886530399 112.1253451481462 3.911670289933681 207.0366702377796 22.78090339899063 140.0643824934959 0.8849022090435028 0 23.39186639338732 8.784489877521992 0 0.917802169919014 0.3109013214707375 14.09846253693104 0.3940426856279373 0 0.1418693959712982 3.306382790207863 0 7.254762455821037 3.576709404587746
1493.082862362266 3988.8178614676 1537.927560560405 72.75496391952038 966.8750376030803 51.63530110567808 610.1165826395154 1478.707440167665 1079.541050493717 361.8960244208574 2131.256042286754 221.1279631108046 111.6932641863823 774.7763079181314 217.2330484911799 206.1176117509604 15.14770221710205 4.550847619771957 15.33953017741442 27.14715720713139 18.04503170400858 1.348966203629971 47.69214225560427 35.20750875771046 21.02264995872974 10.90349183231592 28.80840630829334 3.543248303234577 2.907093554735184 2.52361822873354 2233.982906408608 726.4356110394001 206.2599705979228 61.55860024690628 75.47414585202932 57.43777453899384 11.57260577380657 33.84840275347233 34.68904607743025 16.68172102421522 47.71797522902489 4.135317988693714 14.62431837618351 80.47553514689207 29.3535370901227 24.56487439572811 219.7802499160171 4.842800170183182 5.177491828799248 26.64747336506844 5.81597988307476 2.046776734292507 6.612925186753273 3.630130916833878 0.1134801879525185 0 21.60841566324234 597.9492777138948 13.0864794626832 100.684657856822 153.1808947995305 102.7713821306825 10.38104853034019 347.7574023157358 0.1806348115205765 2.112878926098347 4.742694906890392 22.96809282898903 49.82008334249258 43.80602411180735 33.54682584106922 15.16257064789534 0.3742418438196182 15.1854650080204 50.4653836786747 216.1781480386853 1532.473591633141 72.43675038218498 925.4288158342242 505.0510374158621 167.9113619476557 685.8947197794914 1.291524283587933 0.2235862761735916 2.296222075819969 0.1349704563617706 28.5110063329339 0.09817149490118027 0.0801263153553009 0.2667523249983788 0.2553783878684044 0.7022871822118759 12.58723090589046 3.885976739227772 2.492387264966965 50.59943484514952 32.0328222438693 1.674643263220787 11.88309095054865 483.2724716663361 0 0.0869368314743042 0.8904940634965897 0 0.4913296550512314 0.9799226596951485 1.171885944902897 2.467790462076664 1.201883293688297 4.428525678813457 0 7.131468921899796 7.794124819338322 5.635498069226742 6.049828425049782 0.9392059110105038 0.8935173116624355 0.2239034995436668 1.347620092332363 0 0.06582670658826828 0 0.3877411261200905 0 0.1133431419730186 0.3925381749868393 0 0.4938077181577682 0 0 0.3465164601802826 0.9070801287889481 0.352190837264061 0 2.038389444351196 1.00161150842905 0.4411045014858246 1.645750664174557 0.2706506252288818 4.241405360400677 3.408527050167322 12.31783699989319 8.621111184358597 5.117818754166365 0 0 0 0.5778931528329849 1.047463525086641 2.859354540705681 0 0.07847589254379272 1.886047929525375 0 0.1739955767989159 0.5535362809896469 2.875616773962975 0 0 0 0 0 0.5220461115241051 0.06744170188903809 2.71829841285944 3.186989963054657 5.344000823795795 0.9714684188365936 0 0 0 0 0 0 0 0 6.26671901717782 1.510520562529564 0.4767105281352997 0.2468498349189758 0 2.136578187346458 1.768164254724979 2.888353615999222 0 0.4517115876078606 0.1901936084032059 0 0.7484514638781548 0 0 0 0 0 0 0 0 6.768731258809566 2.580086354166269 12.98719074577093 119.6305599361658 13.57207331061363 296.4930713325739 27.25055614858866 128.4581081941724 1.545807629823685 0 25.39448487013578 15.65584495291114 0.09168154746294022 3.789236951619387 1.823030117899179 8.329184181988239 0.4153123795986176 0 0.5239757969975471 0.5696621239185333 0.556287944316864 13.8696086332202 5.48811087012291
975.2423791736364 162.905970364809 72.75496391952038 105.4757853448391 17.12741747498512 236.623665779829 149.8810947686434 0 36.66920554637909 1405.044592514634 22.35655909776688 766.6867319196463 90.56215414404869 12.31336203217506 6.653370037674904 2.664084032177925 0.4322559386491776 0 0 0 0 0 0 0 0 0 0 0 0.09690544009208679 0 11.43218220770359 3.036446914076805 0 0 0 0 0 0 0 0 0 0 0 0 0.09126252681016922 0 7.235068671405315 0.1277477890253067 0 0 0 0 0 0 0 0 0.1070041134953499 3.276179760694504 0.9234604611992836 1.496018096804619 0 0 0 0.6950858235359192 0 0 0 0 0 0 0 0 0 0 0 4.834764584898949 22.10230106115341 0.3087973594665527 0.2346258163452148 0.4240125715732574 0 0 0 0 0 0 0 0 0 0 0 0 0 0 0 4.278900921344757 0 0 0 141.7467750906944 0 0 0 0 0 0 0 0.1399589627981186 0 0 0 0.7284528464078903 0.1910065710544586 0.3610636591911316 0 0 0 0 0 0 0 0 0 0 0 0 0 0 0 0 0 0 0 0 0 0 0 0 0 0.2245766445994377 0 0.1394861042499542 0 0 0 0 0 0 0 0 0 0 0 0 0 0 0 0 0 0 0 0 0 0 0 0 0.1293011009693146 0 0 0 0 0 0 0 0 0 0.2823953926563263 0 0 0 0 0 0 0 0 0 0 0 0 0 0 0 0 0 0 0 0 0.1703061163425446 0 0 4.062992691993713 0 10.20603271573782 0.982470266520977 314.7048537060618 0 0 1.138408243656158 1.222187995910645 0 0 0 0.3181643933057785 0 0 0 0 0 21.74174721539021 0
180.9318418055773 1290.034968286753 966.8750376030803 17.12741747498512 237.1437877416611 2.641051754355431 333.1831267625093 5.609637677669525 917.4653963446617 159.6659766882658 133.4006440639496 218.8042061775923 472.8001039028168 954.3666243255138 13.87016434967518 23.99759308248758 1.06586055457592 0 0.1350737810134888 0 0 0 0 0 0 0.1395781338214874 0 0 0 0.1051540374755859 19.48557840287685 15.58421804010868 2.024234145879745 0 0.1204927042126656 0.7069360837340355 0 0 0.448405534029007 0.2413878738880157 0.1439710855484009 0 0 0.2827980369329453 0 0 24.82164232432842 0.1148069426417351 0.272783026099205 0 0.09605539590120316 0 0.1519350111484528 0 0 0 0 2.148611173033714 0.1086046397686005 1.422832511365414 0 0.1497102677822113 0.167294442653656 4.356934934854507 0 0.1936017274856567 0 0 0 0 1.45183677226305 0 0 0 0.3718386888504028 13.18669136613607 48.5466193780303 4.1338050365448 1.479187846183777 0.282619372010231 0 0.1232993006706238 0.1149312034249306 0 0 0 0 0 0 0 0 0 0 0 0 36.67094258964062 1.122601047158241 0 0.7509645968675613 3.079509422183037 0.3436367511749268 0 0.2851875126361847 0 0 0.5140548646450043 0.8128559142351151 0.9695615321397781 0.2529762014746666 3.580660365521908 0.5281796306371689 3.927661702036858 3.017544366419315 1.305261880159378 1.609468430280685 0 0.1097385883331299 0 0.08663571625947952 0 0 0 0 0 0 0 0 0.08663360029459 0 0 0 0 0 0 1.744734928011894 0.5150266587734222 0 0 0.5688023865222931 0 0.6124294474720955 2.438067607581615 0.8994933292269707 0.3177656605839729 0 0 0 0.1123721599578857 0.5304253697395325 0.09375041723251343 0 0 0.453606940805912 0 0 0 1.307171449065208 0 0 0 0 0 0 0 0 0.3224884048104286 2.071040995419025 0.6068956553936005 0 0 0 0 0 0 0 0 0.1932976841926575 0.1733837276697159 0 0 0 0.8440454676747322 0.7495104596018791 0.2294222414493561 0 0.2787085175514221 0.1467648297548294 0 0.09218543022871017 0 0 0 0 0 0 0 0 5.660182498395443 0.2693519666790962 0.7696570381522179 56.54001321643591 1.803996995091438 67.05202174186707 8.94984595477581 14.2448628693819 0.3669399917125702 0 12.40182571858168 5.380979530513287 0 0.8621140271425247 0.5116092190146446 5.957128420472145 0.1965799629688263 0 0.2495289444923401 1.111083626747131 0 4.135782331228256 1.987415656447411
308.2088555246592 75.87204237282276 51.63530110567808 236.623665779829 2.641051754355431 22.34517525881529 98.0153653472662 0.2379446178674698 15.14951685070992 1007.056625112891 22.11669569462538 50.29279907047749 56.66062025725842 12.36737513542175 26.23844800144434 0.9440435320138931 0.1745816767215729 0 0.1422759592533112 0.1182690858840942 0 0 0 0 0 0 0 0.1149014756083488 0 0 124.7293921709061 7.20833420753479 5.788888871669769 0 0.1361560970544815 0 1.047946959733963 1.030735850334167 3.667512647807598 0.343609519302845 0 0 0 0.2143396735191345 0 0.1349070221185684 46.13432120531797 0.3713398277759552 0.1370605826377869 0 0 1.495901919901371 0.517632469534874 0 0 0 14.33744992315769 149.1455777287483 6.939234375953674 30.42578588426113 0.137420117855072 3.642329931259155 0.3308409601449966 4.869530200958252 0.08765979111194611 0.1447979062795639 0 0 0.1727410107851028 0 29.47903150320053 117.0433923304081 3.030680909752846 9.132975123822689 2.890475660562515 20.10029346495867 152.9815054982901 0 0.2788822203874588 0.5022686570882797 0.3166163861751556 0.5529426336288452 0.1916549950838089 0 0.2338221743702888 0.1357958167791367 0 1.635091431438923 0.1291107982397079 1.520045585930347 0 0 0 0 0 139.386729195714 119.1483436524868 11.49550326168537 6.542927235364914 38.34630970656872 0.5880504548549652 1.443338222801685 1.540056675672531 0 0.4967421889305115 2.870792180299759 10.44735959172249 5.792442463338375 4.060879893600941 36.81444361805916 1.048548504710197 19.51207403093576 18.11774424463511 7.039183355867863 4.289668649435043 0.3534518107771873 0 0 0.1907949447631836 0 0 0 0 0 0 0 0 0 0 0.264944463968277 0 0 0 0 1.79683180898428 1.700406089425087 0 0.5501467883586884 0 0.385688878595829 0.3813792690634727 3.082278072834015 1.881431773304939 0.5232848674058914 0 0 0 0 0.1109945997595787 0.2334626615047455 0 0 0.6660203039646149 0 0 0 0.5895270332694054 0 0 0 0 0 0 0 0.09518773853778839 0.5669789165258408 1.714452125132084 1.106246031820774 0 0 0 0 0 0 0 0 4.298293434083462 1.463785573840141 0 0 0 1.097366720438004 0.6112025454640388 1.467240206897259 0 0 0 0.08141903579235077 0.2994697690010071 0 0 0 0 0 0 0 0 30.89682051539421 0.7961285412311554 2.919650480151176 79.22378521412611 0.2020524442195892 53.51638738065958 1.327879756689072 108.064802646637 0.9208494871854782 0 0.4534962028264999 28.85854966193438 0 1.106757052242756 0.1711087375879288 49.76793243736029 0 0 0.5792775452136993 0.3116463422775269 0 78.8896576911211 44.41088240593672
1009.144273117185 1636.657946318388 610.1165826395154 149.8810947686434 333.1831267625093 98.0153653472662 223.0500223189592 4.633535549044609 1182.176371254027 2786.769362300634 146.4773576557636 1427.765567459166 3088.463710278273 2173.542517572641 49.04796382039785 56.94875223189592 3.030007012188435 0 0.1240011677145958 0 0 0.123443104326725 0.1460456848144531 0 0 0 0.3946435377001762 0.2919599637389183 0.4037059247493744 0.09401709586381912 37.76627028733492 25.41524458676577 4.78979466855526 0 0 0.321162536740303 1.074214726686478 0.4042798280715942 0.5342741012573242 0.2986686453223228 0 0 0 0.7243066430091858 0.2881591320037842 0 74.66841389983892 0.392388604581356 0.4067982584238052 0.2189198508858681 0 0.1213227361440659 0 0 0 0 0.5105293542146683 5.472601994872093 1.426832340657711 6.818368323147297 0 0.2192834913730621 0.1207808703184128 15.19541686028242 0 0 0.09614889323711395 0.2075787559151649 0 0.1610910147428513 5.918455377221107 0.6044399738311768 0 1.150114938616753 0.1223495975136757 38.65340597182512 159.8022049516439 14.34315515309572 5.234180748462677 0.2417886480689049 0 0.958524726331234 0.1137337014079094 0 0.09075926244258881 0 0 0 0.1179216951131821 0 0.2276041954755783 0.2758689224720001 0 0.0951957032084465 0 153.4624716639519 5.107565946877003 0 0.5264024138450623 13.78563511371613 0.294421598315239 0.210196927189827 5.91649254411459 0 0.2944795042276382 2.347618520259857 4.992927581071854 5.892095915973186 3.947208590805531 20.11342487484217 1.414163917303085 26.86038624495268 25.35939920693636 8.787849515676498 12.52009133994579 0.269574299454689 0.4357004910707474 0.217705987393856 0.1445725709199905 0 0 0 0 0 0 0 0 0.3720984160900116 0 0 0 0 0.1581757515668869 0 2.248084530234337 1.28012540191412 0 1.546054847538471 0.1788372397422791 3.182382069528103 2.373537689447403 13.45103228092194 4.499472394585609 1.174922302365303 0 0.1680485010147095 0 0 0.9703638181090355 1.331331789493561 0 0.2100870162248611 1.408804878592491 0 0 0 3.014248482882977 0 0 0 0 0 0.09927424043416977 0.1344283670186996 1.608294099569321 0.7664352804422379 5.188835687935352 1.113487005233765 0 0 0 0 0 0 0 0 4.965944834053516 0 0 0 0 3.130781374871731 2.349492758512497 4.241401821374893 0 0.07446993142366409 0 0 0.4710535556077957 0 0 0 0 0 0 0 0 19.42142167687416 1.605930179357529 3.940999694168568 169.8593323305249 4.436513811349869 208.0152641907334 26.9647995531559 106.601443849504 0.9045242220163345 0 40.12272346019745 22.27586333453655 0.1935107111930847 2.926361732184887 1.482216618955135 29.97087769210339 0.2026780098676682 0 0.6468245536088943 2.095016703009605 0.6717415750026703 24.27123989909887 9.216713286936283
51.26266485452652 68.17885130643845 1478.707440167665 0 5.609637677669525 0.2379446178674698 4.633535549044609 415.0698090791702 39.60477831959724 7.724195644259453 2542.974308624864 2.272252060472965 2.252302177250385 367.5639486014843 17.45329365134239 89.5359735712409 2.945650361478329 0.9604245871305466 4.216169916093349 7.544988453388214 5.899205155670643 0.5677040219306946 11.07039130479097 8.630609072744846 2.5341467410326 2.948202550411224 4.834597565233707 0.8725415468215942 0 0.4431235045194626 230.8517962545156 663.4323079138994 68.05480699241161 14.70137023180723 15.36269356310368 13.31254629045725 1.978813193738461 9.037870027124882 7.662842139601707 4.716438338160515 8.588938280940056 1.910737283527851 3.535539299249649 25.16251175105572 8.891386151313782 7.462783791124821 22.27729196846485 0.6525428220629692 0.6725588142871857 5.137667097151279 0.9784607961773872 0.1652646660804749 0.5699902549386024 1.146338224411011 0 0 0.2986672222614288 6.928461857140064 0.392263725399971 2.806818127632141 70.18060198426247 60.37040273845196 3.904141694307327 122.6514170616865 0 0.5547837242484093 0.7642399147152901 5.26260032504797 10.83820825070143 10.31354197114706 2.803973816335201 2.036726653575897 0 0.8034731149673462 2.476401835680008 18.80554931610823 223.6389295980334 66.67551879584789 595.1754282787442 498.0849134922028 74.03987032175064 216.1802024096251 0.1025050431489944 0 0.7709063515067101 0 4.142627038061619 0 0 0.1085496619343758 0 0.07309803366661072 3.27809526771307 0.510365255177021 0.1761355400085449 4.062302470207214 2.570572510361671 0.3866448551416397 0.5830754637718201 26.85555658489466 0 0 0 0 0 0 0.07755400240421295 0 0 0.2088372111320496 0.1024525463581085 0.4424522593617439 0.485587514936924 0.1762275323271751 0.4732985347509384 0.0688498243689537 0 0 0.1573662459850311 0 0 0 0 0 0 0.2414812296628952 0 0.08897082507610321 0 0 0 0.07862364500761032 0 0 0 0 0.1193734407424927 0.138794057071209 0.4260346591472626 0.07859276235103607 0.1979936584830284 1.000016063451767 1.412132922559977 0.505408026278019 0 0 0 0 0.06842977553606033 0.2656028717756271 0 0 0 0 0 0 0.5624935105443001 0 0 0 0 0 0 0 0.08027678728103638 0 0.3744708672165871 0.1042957007884979 0 0 0 0 0 0 0 0 0.4043056070804596 0.4837039709091187 0 0 0 0.2558834999799728 0.1566789448261261 0.1766663417220116 0 0 0 0 0.07417382299900055 0 0 0 0 0 0 0 0 0 0.3627537339925766 1.099225424230099 9.004318378865719 2.035345785319805 37.73184411227703 3.61684738099575 5.69769174605608 0.1059455573558807 0 3.499295808374882 0.8193695321679115 0 0.4478063657879829 0.2560382708907127 0 0.08437472581863403 0 0 0 0 0.5376327112317085 1.119300208985806
243.5731047689915 2375.789453595877 1079.541050493717 36.66920554637909 917.4653963446617 15.14951685070992 1182.176371254027 39.60477831959724 2055.976861208677 234.351996012032 1951.71611405164 361.5454451590776 1791.899417288601 3239.715033069253 48.05402142554522 108.4604814574122 4.612121760845184 0.1006660908460617 0.6912332475185394 0.1152620017528534 0.205117478966713 0 0.4186168685555458 0 0.3928321301937103 0.4224584177136421 0.279734343290329 0.1100859493017197 0.4126298055052757 0 71.22486457228661 50.25361315906048 43.20050936937332 0.4344421625137329 0.08806904405355453 0.7634952813386917 0.5690751150250435 0.9617133736610413 2.605338633060455 0.7183828800916672 1.077248737215996 0 0.1054787412285805 1.188975900411606 0.317805290222168 0.116408571600914 67.31932882964611 0.3469097763299942 0.9439126774668694 0.1011424735188484 0.1147028580307961 0.1944499164819717 0.1451930999755859 0.2387512922286987 0 0 0.8284668698906898 5.527777746319771 0.9437853544950485 4.27845823019743 0.8523485884070396 3.451127044856548 0.1052258834242821 23.98763091862202 0.2400202676653862 0.09993380308151245 0.1966835558414459 0.08422811329364777 0 0.1170663386583328 10.46959649771452 0.5810922086238861 0 0.939687043428421 0.2890773117542267 43.96396651864052 156.231659501791 30.44916155934334 15.4761801213026 16.99363574385643 0.1068601012229919 2.330978035926819 0.1129425466060638 0 0.1043312400579453 0 0.08640619367361069 0 0 0 0 0.1093317121267319 0 0.3101925328373909 0 147.642700061202 6.977784231305122 0 1.612308174371719 12.09533134847879 0.2974897176027298 0.734661877155304 2.214237794280052 0 1.077799275517464 4.693047672510147 4.282328680157661 4.535093247890472 3.531825222074986 11.97224032878876 1.834541246294975 23.23982554674149 15.91855075955391 9.979738801717758 11.54884492605925 0.4998338371515274 0.4939713254570961 0.1716158092021942 0.2255120649933815 0 0 0 0 0.1684681475162506 0 0 0 0 0 0 0 0.1735035479068756 0 0 3.466620266437531 2.46224283427 0 0.7450941652059555 0 2.400293231010437 1.40161419659853 10.9316169694066 4.826275639235973 2.593752197921276 0 0 0.1125088259577751 0.2780292183160782 0.2129865512251854 1.965502917766571 0 0.5081781968474388 1.016255959868431 0 0 0 1.677179299294949 0 0 0 0 0.109569326043129 0.1144752502441406 0 1.703894108533859 0.6660420447587967 7.647382892668247 1.729807563126087 0 0 0 0 0 0 0 0 4.98408430814743 0 0 0 0 4.636045292019844 2.383471541106701 4.254985429346561 0 0 0 0.08790094405412674 0.3879018872976303 0 0 0 0 0 0 0 0 20.35760087519884 0.4304038286209106 5.189447984099388 237.6512652486563 8.67986249178648 250.6489030197263 35.03363746404648 54.18814721703529 1.673231966793537 0 45.86753089725971 24.98408504575491 0 4.561150334775448 0.9511985927820206 24.31883364915848 1.09543539583683 0 1.085840657353401 1.958872750401497 0 17.45404061675072 8.376347333192825
1387.501131631434 1636.460096150637 361.8960244208574 1405.044592514634 159.6659766882658 1007.056625112891 2786.769362300634 7.724195644259453 234.351996012032 1889.466978028417 64.52965592592955 1142.85760115087 5981.404607489705 177.9553418084979 169.0049285069108 58.13880204409361 8.446944460272789 0.1644327789545059 0.3104466199874878 0.7500747591257095 0 0.2365954965353012 0 0.2320422679185867 0.6943856403231621 0.3101553395390511 0.6843670830130577 0 0.232077345252037 0 185.838613063097 42.7004128023982 4.874935269355774 0.1073290929198265 0.5458839386701584 0.8238390535116196 0.1743970215320587 0.709448367357254 1.570488646626472 0.8145798519253731 0.6898854300379753 0.1215434968471527 0.118218220770359 1.618050336837769 0.3671921268105507 0 242.7225157693028 0.724252425134182 0.347181111574173 0.08054737001657486 0.3180012106895447 0.4287863373756409 1.167241826653481 0.3343886360526085 0 0 15.57527751475573 113.3545361757278 8.22885137796402 63.66778916120529 0.352118544280529 3.073460079729557 0.09971380978822708 29.541036054492 0 0 0.1046688184142113 0.1457827985286713 0 0.3801092058420181 11.63709346950054 21.60540692508221 0.4917515516281128 11.33230198174715 2.901663586497307 163.6765375956893 686.3935695663095 23.36297358572483 10.17750015854836 2.020833998918533 0 0.7375814244151115 0.4375949129462242 0 0.478004164993763 0 0 0.4040446877479553 0.1086263731122017 2.193355113267899 0 0 0 0.09766752272844315 0 217.2689845860004 36.97454124689102 1.770410776138306 3.413025468587875 209.6245351135731 1.79548417031765 11.17813167721033 28.1555624678731 0 5.368972666561604 28.02674721181393 64.80985499173403 42.29184106737375 33.20733445137739 221.9417030513287 11.27270913124084 160.0826270282269 138.0160905569792 51.68645659089088 34.34846838563681 2.665474958717823 0.3966727927327156 0.345074251294136 0.758626788854599 0 0 0 0 0.8744326233863831 0 0 0 0.533293329179287 0 0.4251503646373749 0 1.352576687932014 0 0 16.61148845404387 10.65618073195219 1.065197825431824 4.122670732438564 0.7572160065174103 9.427527487277985 4.299674428999424 32.10054948180914 10.79905621707439 3.592743262648582 0.1915272772312164 0.1110501140356064 0 0.3985028862953186 0.9437263086438179 5.060383141040802 0 0.234490692615509 3.127951607108116 0 0 0 2.211141891777515 0 0 0 0 0.09842517226934433 0.2864970117807388 0 5.306479461491108 1.720678463578224 17.06710128486156 5.051477923989296 0 0 0 0 0 0 0 0.1241632848978043 16.64510114490986 0.4775097146630287 0 0 0 12.50723467767239 6.818431675434113 10.56052843481302 0 2.49732893705368 0.2226458415389061 0 2.104455970227718 0 0 0 0 0 0 0 0 179.3027729541063 4.331769496202469 11.48376749455929 647.4518209248781 6.531573064625263 381.2026668563485 31.73371557146311 1255.133450560272 3.070463381707668 0 45.62676801532507 215.1903229430318 0.1117252707481384 12.17123579978943 1.755251243710518 312.336434841156 1.40751039981842 0.2360680252313614 3.589188255369663 2.043506801128387 0 546.1569083333015 144.047983109951
189.0109731480479 331.4067068621516 2131.256042286754 22.35655909776688 133.4006440639496 22.11669569462538 146.4773576557636 2542.974308624864 1951.71611405164 64.52965592592955 1286.45659892261 320.1499177962542 263.5200317949057 1718.079035028815 91.60261953622103 404.1024936363101 19.86043237894773 1.43493390083313 1.484191067516804 7.242944329977036 14.67840173840523 2.804903119802475 13.5459289252758 13.15283784270287 21.62798210978508 21.09431021660566 17.89171195030212 6.427481539547443 4.843503892421722 1.129646211862564 412.0459296703339 1058.534847617149 898.7673983201385 6.926657065749168 29.81336999684572 74.88717382401228 51.2896261587739 94.05244268476963 108.875077880919 30.1580373942852 43.13632191717625 4.16003630310297 1.413789696991444 18.24174451082945 4.297414265573025 3.202765606343746 109.113815933466 0.8868895769119263 2.662789285182953 1.049301542341709 1.211892902851105 1.119972422719002 10.13813471794128 2.629790931940079 0 0 2.379842840135098 18.33987961709499 1.304922081530094 9.264900751411915 16.93369705229998 379.8911636695266 2.641975581645966 115.9603839889169 0 0.3053510114550591 1.598942421376705 4.276812441647053 9.015855833888054 16.19687180966139 120.0900165811181 6.246539443731308 0.1458753347396851 0.9243636652827263 3.060190126299858 80.78530999273062 415.7847751304507 122.0570345148444 1479.6889552176 913.645987868309 6.960018955171108 658.6565120145679 0 0 0.1932725161314011 0 1.776102051138878 0 0 0.2017069831490517 0.08743955194950104 0.432091012597084 10.24518724530935 2.459710150957108 0.3661241307854652 74.81391963362694 35.30381084233522 0.9396927282214165 35.75811965018511 43.40293926000595 0.1142588704824448 0.1532293409109116 0.8763012140989304 0 0.7731332629919052 0 0.8278041630983353 1.339885771274567 0.5735154375433922 2.464707605540752 0.1048702225089073 7.467167176306248 4.197368755936623 2.914918161928654 2.797203600406647 0.6513286679983139 0.2472734227776527 0.06807816028594971 0 0 0 0 0.1320588886737823 0 0.09234165400266647 0.2193140834569931 0 0.1194166764616966 0.3039263784885406 0 0.2363605797290802 0.45462866127491 0 0 0.7105614244937897 0.7410502433776855 0 0.1148421317338943 0.09405874460935593 2.083423346281052 1.046201199293137 6.834527902305126 4.372237600386143 1.304678339511156 0 0 0 0.1502199321985245 0.5942936614155769 0.2519761547446251 0 0 0.6925429403781891 0 0.09423799067735672 0.3663716241717339 0.7178893461823463 0.1031246408820152 0 0 0 0 0 0 0.9051250815391541 0.508918009698391 2.587510652840137 1.451323062181473 0 0 0 0 0.2699042707681656 0 0 0 3.781897388398647 0.6033834293484688 0 0.1136713176965714 0 1.703079529106617 1.085174076259136 2.134675092995167 0 0 0.08416333049535751 0 0.1506962403655052 0 0 0 0 0 0 0 0 5.081658102571964 1.679827935993671 3.634631529450417 182.7741635814309 13.73034948855639 287.9996510744095 38.45300264656544 73.49743221700191 1.313159354031086 0 48.73053142428398 7.402370817959309 0 2.022035896778107 0.7283089011907578 3.600024238228798 0 0 0.7711405009031296 1.652587592601776 1.141844242811203 8.779349759221077 6.009326957166195
150.5165409222245 1093.618619032204 221.1279631108046 766.6867319196463 218.8042061775923 50.29279907047749 1427.765567459166 2.272252060472965 361.5454451590776 1142.85760115087 320.1499177962542 114.5946852713823 2124.836290903389 333.0548484250903 24.66407963633537 236.2835951894522 8.665123499929905 0.5048074945807457 0.9127272143959999 2.483096055686474 3.790652245283127 11.48218112438917 2.502281434834003 4.004489168524742 9.493042469024658 7.361892223358154 7.413276851177216 9.829134650528431 4.028012834489346 0.6704769134521484 13.22782027721405 10.5499746799469 471.5158035978675 1.634697332978249 9.021050810813904 14.31887379288673 306.891847230494 34.04181228205562 238.3478408977389 22.7313644066453 27.27663926035166 1.749904073774815 0.5955949127674103 12.36174611747265 0.7180021107196808 0.161960780620575 47.47211750596762 0.3092503100633621 3.11936341971159 0.6669123992323875 1.486740499734879 2.767255298793316 40.60266096889973 3.265403784811497 0.1405818611383438 0 0.1437944918870926 1.89534966647625 0.2067631632089615 1.883374512195587 1.947612434625626 8.006698973476887 0.7124440595507622 4.960107691586018 0 0.3829746246337891 1.041503377258778 2.102885387837887 4.519248209893703 7.110633544623852 533.2023294195533 6.564551569521427 0.4600451439619064 0.4549851194024086 0 17.91415087878704 56.8025880753994 43.48564797639847 6.268020369112492 8.500677287578583 0.4545150771737099 14.65225274115801 0.3090427666902542 0 0.192745752632618 0 0.9579330682754517 0 0.1919143944978714 0 0.4049196541309357 0.1663839891552925 2.374731488525867 1.343208745121956 0.2735804170370102 1025.593648962677 179.5077698528767 1.407555639743805 163.0635020807385 2.403495669364929 2.080275379121304 2.369467429816723 13.54679930210114 0 3.626960568130016 10.395622164011 11.85444377362728 16.38557038456202 9.144126690924168 56.21270430088043 4.827950730919838 82.77011678367853 62.25987142324448 38.66124949604273 40.02383602410555 3.784578904509544 1.606437154114246 0.1597337424755096 3.017191149294376 0 0 0 0 0 0 0.8708360642194748 0 1.067377343773842 0.5934934020042419 1.431424982845783 0.3315300419926643 0.1731492355465889 0 0 13.02915882319212 7.714445985853672 0.1139934435486794 1.902732156217098 0.4524095952510834 13.73420848697424 5.849027678370476 32.96635224670172 13.6691123098135 7.326217643916607 0 0 0 1.504860237240791 1.684987768530846 4.002367898821831 0 0.3650840818881989 3.930617347359657 0 0.08256456255912781 0.2428928837180138 2.006966471672058 0.8660269230604172 0 0 0 0.07497429102659225 0.7902829721570015 0.1815565302968025 3.831176020205021 3.301387816667557 21.33660274744034 5.307040855288506 0 0 0 0 0 0 0 0 20.20866543799639 2.205592855811119 0 0.1172294914722443 0.1431495249271393 12.62098400294781 6.417465642094612 11.9998124986887 0.1668073832988739 0.4740202501416206 0.2700583413243294 0.1802414655685425 2.055178098380566 0 0 0 0 0 0 0 0.3128401935100555 75.52016316354275 5.839322842657566 17.11216431111097 220.9953178316355 8.364902764558792 218.9095841161907 41.43526676297188 65.02869284152985 0.8205853700637817 0 50.37570304423571 72.98452446609735 0.2195619344711304 12.6111752986908 2.641030021011829 83.18244121968746 0.8686395734548569 0 3.580651111900806 3.756411775946617 1.877219885587692 114.1759373620152 45.25406147539616
137.0416327640414 930.1874114796519 111.6932641863823 90.56215414404869 472.8001039028168 56.66062025725842 3088.463710278273 2.252302177250385 1791.899417288601 5981.404607489705 263.5200317949057 2124.836290903389 2582.529918782413 3513.89624183625 38.55179725587368 184.8437403663993 4.757436349987984 0.6935496181249619 0 1.377535320818424 4.157606407999992 6.085228763520718 1.583448775112629 2.275478824973106 5.705111674964428 3.275470927357674 5.198746502399445 4.064380705356598 3.349392279982567 0 19.97026312351227 15.74873571842909 849.3732754066586 0.3170825690031052 2.508497536182404 10.5553158596158 140.1943432986736 42.86131062358618 146.7743377313018 15.68761307001114 11.81036000698805 1.396892994642258 0.1901796236634254 6.028992123901844 0.5592727363109589 0.2373468726873398 63.52114097774029 0.3091232478618622 0.5981392487883568 0.2149372100830078 1.272855848073959 0.08834552019834518 19.78816308826208 3.798946604132652 0 0 0.4901365488767624 2.64406056702137 0.4795689433813095 2.185233913362026 1.590408638119698 9.884517446160316 0.1387687474489212 9.455488853156567 0.09959619492292404 0.1792911887168884 0.8448254987597466 1.920776627957821 1.521178349852562 1.984906204044819 302.5236396044493 3.555024407804012 0.2719300165772438 0.1167545467615128 0.6574822217226028 28.14839823544025 91.91969580948353 35.42481470108032 6.789114467799664 2.244929581880569 0.8908806294202805 7.949392959475517 0 0 0.224991999566555 0 0.7092945873737335 0.3263399302959442 0 0 0 0.206556648015976 1.578784883022308 1.007293008267879 0.3752691000699997 2257.200544647872 67.73105361312628 0.125056192278862 85.7149967700243 3.800117649137974 2.22893150895834 3.340321689844131 21.13303425908089 0 4.257630929350853 18.7509191930294 26.86074167490005 32.39875557273626 36.45298890769482 116.454323656857 5.840938597917557 169.6050045564771 148.6908543258905 55.89878641813993 45.69199039787054 3.422871969640255 2.14711806178093 0.165216788649559 3.896151281893253 0 0 0.2875558435916901 0.1488617211580276 0 0 0.4754928350448608 0 1.427237205207348 0 2.080204084515572 0.108626514673233 0.9530644342303276 0.5531386137008667 0.2244158536195755 15.42893525958061 6.677845761179924 1.231673896312714 2.900619439780712 1.00160851329565 13.34498974680901 8.090529724955559 42.77312155067921 20.6556810438633 8.565633494406939 0.7831939458847046 0 0.1060921922326088 0.7715694159269333 1.292903065681458 8.433948025107384 0 0.7143792733550072 3.731900937855244 0 0.1777799502015114 0.1915530413389206 5.548025660216808 0.3099318146705627 0 0 0 0.2742099761962891 0.3455195352435112 0.2590819224715233 5.964842565357685 4.691451862454414 25.92305628210306 4.720248654484749 0 0 0 0 0.08839142322540283 0 0 0.1289637982845306 17.12530478090048 2.109436996281147 0.1953611224889755 0.3584633767604828 0 17.11854213476181 6.700872518122196 12.98037020117044 0 0.8049598708748817 0.3970526829361916 0 2.350471064448357 0.08993738144636154 0 0 0 0 0 0 0 92.43924142420292 5.816497750580311 19.23479880392551 307.6459818556905 5.832442171871662 272.4622886925936 50.651909917593 78.76925007998943 2.085544861853123 0 55.80357916653156 125.2804738730192 0.09744157642126083 14.87412994354963 4.581437617540359 154.4026596173644 1.382887281477451 0 2.481010675430298 2.627424910664558 0 92.8951428681612 47.28558713942766
69.32209637016058 954.2072120010853 774.7763079181314 12.31336203217506 954.3666243255138 12.36737513542175 2173.542517572641 367.5639486014843 3239.715033069253 177.9553418084979 1718.079035028815 333.0548484250903 3513.89624183625 980.422724634409 93.99550925195217 812.6301655843854 24.76017533987761 0.8088206052780151 1.729495652019978 8.196527257561684 15.65850451588631 6.801561400294304 12.46046856045723 15.09436025470495 21.80510398000479 21.73352191597223 19.78130695968866 7.890852071344852 5.501636236906052 1.301726773381233 139.1664388850331 196.5968423038721 1237.165429823101 7.262183353304863 32.58588625490665 69.83943757414818 204.346866555512 98.7937838435173 201.8831725120544 35.48663461208344 43.72025661170483 3.467247545719147 1.076939225196838 39.7954515889287 7.35690588504076 2.589237295091152 148.9956451058388 2.217542625963688 6.200863063335419 1.972990341484547 2.547028049826622 3.903252124786377 19.08234821259975 5.36902167648077 0 0 0.3774900138378143 6.777833014726639 0.390299879014492 3.806705243885517 14.49385211616755 191.8160560876131 3.283802017569542 67.33858397603035 0.2773931473493576 0.6730033904314041 1.310051262378693 6.614887498319149 10.18122242391109 17.39794956892729 421.7076755538583 8.394727185368538 0.2141226753592491 0.4668656289577484 1.970328718423843 77.10426267236471 274.4084134101868 225.179835498333 239.4315217509866 193.725627347827 5.664994858205318 331.7015371620655 0.2161829620599747 0 0.4153484106063843 0.09208494424819946 2.5256587266922 0 0.07829149067401886 0.2797134295105934 0.3346506431698799 0.6066132038831711 9.812561638653278 1.785545356571674 1.05755203217268 1052.978875100613 90.21335378289223 0.5316910296678543 76.94487148523331 7.802164860069752 2.877692811191082 1.822478301823139 14.05627755820751 0 2.224021896719933 9.751780316233635 11.9034059047699 15.52319112420082 11.98228444904089 51.07648649811745 4.07360615581274 82.00088144093752 62.48350987583399 33.38488509505987 39.59522906690836 3.7170485034585 1.497200958430767 0.5130555182695389 1.646278601139784 0 0 0 0.2247880697250366 0 0 1.251115575432777 0.1069853529334068 0.7686153501272202 0 0.3428331017494202 0.1061806529760361 0.6893069595098495 0.2279547303915024 0 11.92021758109331 6.868135400116444 0.09134657680988312 2.918424934148788 0.5156118869781494 13.19651386886835 5.643013119697571 37.08550933748484 16.62211022526026 6.163341358304024 0 0 0.1555546373128891 0.877991758286953 1.207147598266602 3.797885812819004 0 0.3121267929673195 4.021194562315941 0 0.09849075227975845 0.3758860751986504 4.055715911090374 0.5064914226531982 0.06298477947711945 0 0 0.1725019663572311 0.697689488530159 0 4.813931412994862 3.969020657241344 21.86501751095057 5.902508072555065 0 0 0 0 0 0.09830536693334579 0 0 21.92565201222897 1.444080278277397 0.1410626173019409 0 0.1420250684022903 14.2424208521843 6.434315048158169 12.13146179914474 0 0.3544699251651764 0.4106069654226303 0.07426639646291733 2.091584276407957 0.0954950749874115 0 0 0.0890800952911377 0 0.2944604083895683 0 0 70.84497480094433 6.819567359983921 15.25025276094675 674.6321052014828 33.41944764554501 768.5412919819355 135.0444120243192 112.5599511042237 3.728294707834721 0 170.6858977302909 63.22225294262171 0.8556627035140991 12.60949114710093 4.11774068325758 66.6823715493083 0.7508094310760498 0 1.769879691302776 8.663084864616394 0.9335572868585587 59.7267355658114 36.97171904146671
