250.6716199740767 1787.163184724748 870.4288110584021 399.2798281759024 212.6268149912357 293.872093334794 455.5927795171738 102.7708517313004 4.688390798866749 466.7178316488862 119.5069567710161 48.87969514727592 40.61642759293318 61.65486034750938 2.474442183971405 1.403223283588886 0.3235407322645187 0 0 0.09727346897125244 0 0 0 0.3705864548683167 0 0 0 0.3400126248598099 0 0.2968307435512543 159.8962748497725 1.890914134681225 24.90157464146614 0 0 0 6.083570472896099 0.4039576053619385 0.2654657885432243 0 0.2492007687687874 0.2890765890479088 0.1005309894680977 0 0 0 32.7954421415925 0.8129112049937248 0.5133017003536224 0.2269587516784668 1.876008957624435 2.145989470183849 0 0.1122566908597946 4.915437363088131 5.08069172501564 179.4318577051163 400.4590307325125 41.13425245136023 33.25845423340797 0 0.1672367006540298 0 5.961439110338688 6.00904281437397 6.748378209769726 1.983210414648056 2.041566573083401 0.4088004603981972 0.79196797311306 29.63576176017523 20.76750326156616 3.330422922968864 115.7863073945045 3.22521635144949 7.374045699834824 0.3857130110263824 0.6213015988469124 0.1018982455134392 5.800772689282894 0 0.5586043149232864 8.947854973375797 0.8463350757956505 2.841545253992081 4.796426199376583 0.4593114778399467 1.062746651470661 2.582456968724728 2.104299373924732 0.9826686605811119 0.5778828486800194 0 0.4490567445755005 0.3678130134940147 78.93885963410139 31.81967154890299 1.428115367889404 1.806105278432369 685.157501719892 0 0.7829059958457947 0.6727474927902222 0 0.4674428105354309 7.022041186690331 0.1520988792181015 0 50.2683826982975 1.595967173576355 0 3.182837799191475 6.174555972218513 0.9503851011395454 0.5746417939662933 0 0 0 0 0 0 0 0 0 0 0 0 0 0 0 0 0 0.1981777846813202 0 0 0.2574509382247925 0 0 0 0.1630696505308151 1.015214115381241 1.455198042094707 0.2596684172749519 0.2544434368610382 0 0 0 0 0 0 0 0 0 0 0 0 0 0.1305588185787201 0 0 0.7217203602194786 0 0 0 0 0 1.031220898032188 0 0 0 0 0 0 0 0 0 1.026277326047421 0 0 0 0 0 0 0 0 0 0 0 0 0 0 0 0.1586930602788925 0.1037139445543289 0.1228261217474937 0.1922588795423508 0 0.7803182303905487 1.015073627233505 0 84.52086599171162 3.910301797091961 55.47469845414162 3.597385533154011 1181.769610993564 4.231099545955658 0.1710207611322403 0.8361858278512955 2.195625841617584 0 0 0.1641649603843689 1.919634342193604 0 0 0 1.984412208199501 0 379.1557842046022 0.1686724126338959
1787.163184724748 1422.064238004386 1073.373423956335 1565.877938970923 1501.076332643628 497.7475960701704 1116.226381152868 381.7651194557548 782.2282319888473 644.9603087306023 1330.910605356097 143.9327017366886 709.3942153230309 2295.081461839378 26.63151922076941 6.726459011435509 0.5654775649309158 0.2763237506151199 0 0.1986651197075844 0.3718386963009834 0.1271701008081436 0 0.1283453553915024 0 0.2101486548781395 0 0 0.1423220783472061 0 1239.411925591528 12.41581344604492 137.0745778009295 0.1229860559105873 0 0.1780760884284973 16.95496061444283 1.450079999864101 1.721273839473724 0.2096280306577682 0.1956967413425446 0.5040167272090912 0.7428945526480675 1.193281657993793 0.1074439585208893 0.3129380494356155 209.9855228662491 6.496289484202862 1.623883783817291 1.097504876554012 6.167567051947117 1.446036480367184 0.7488132119178772 0.9959868341684341 20.53357838094234 15.796326585114 277.7907329946756 603.1550737023354 107.4189961701632 172.3366663977504 0.7505876943469048 1.239058218896389 0.7720473408699036 89.07014526426792 22.44825801998377 26.90449816733599 9.555359356105328 9.948654696345329 2.170754358172417 0.4895829260349274 31.15670469403267 5.963855437934399 1.463556490838528 399.3384497016668 42.16320028156042 85.55526118725538 17.71813531219959 10.17147396504879 1.300504438579082 25.39618461579084 0.6711235567927361 1.936918780207634 29.44865957647562 2.869986966252327 9.09754317253828 17.57561992108822 3.860471732914448 0.5609909221529961 7.904200866818428 1.323423348367214 5.671367727220058 1.865540720522404 2.414518266916275 2.28018007427454 0.9677017778158188 39.11648017168045 6.684289619326591 0.6421827226877213 2.806041836738586 973.2723753154278 0.6536743193864822 0 0.1629481762647629 0.3749712407588959 0.8310461789369583 2.265155300498009 2.572539031505585 0.4397544711828232 23.31093764305115 5.711741909384727 0.6721890568733215 4.720583513379097 9.254686862230301 6.779013104736805 7.299884304404259 0 0 0 0 0 0 0 0 0 0 0.1415518373250961 0.189982071518898 0.4121185839176178 0 0 0 0 0 0 1.529363811016083 0.3680635392665863 0 0.322250097990036 0 3.277246579527855 1.303774833679199 8.726259358227253 3.340399011969566 2.341574609279633 0 0 0 0 0 0 0 0.3350635170936584 0 0 0 0 0 0.2984873056411743 0 0 0.149718850851059 0 0 0 0 0 4.398794755339622 0 0 0 0 0 0 0 0 0 9.286670856177807 0.1809132248163223 0 0 0.3394188284873962 1.053905814886093 0 0.1306971311569214 0.1168098747730255 0 0 0 0 0 0.1082007214426994 0 0 0.3001762181520462 0.3964599817991257 0.1400744616985321 0 4.117971904575825 4.323345609009266 7.610778361558914 284.7754978463054 9.030238561332226 333.976753950119 21.639054864645 1073.98561064899 26.53556228429079 2.060126513242722 9.154450863599777 8.700355276465416 0 0.3612984120845795 0.4654677659273148 5.814983934164047 0.1444113403558731 0 0.5723323076963425 3.490327656269073 0 313.1880087926984 5.881684616208076
870.4288110584021 1073.373423956335 1392.335511185229 33.32346022129059 440.520833440125 68.84302919358015 83.32467227429152 3757.421730481088 644.5098157227039 117.4050565883517 2094.505139164627 204.4275177270174 514.7389799207449 1399.632727555931 44.26727977395058 27.4299983009696 4.047590225934982 1.866435632109642 0.2647851407527924 1.978218704462051 9.122652962803841 0.4105620980262756 1.847655147314072 0.9035230427980423 0.7410860955715179 3.472788594663143 1.385166361927986 2.509049922227859 0.1886043101549149 0.4726182818412781 3434.290920354426 193.9716475084424 294.3858850374818 0.2285979986190796 0.4090187847614288 2.287077814340591 28.79827626794577 3.558696657419205 3.39321593940258 0.143232062458992 14.95850002765656 3.790284298360348 9.533808678388596 5.486198373138905 0.3256532698869705 0.269689753651619 146.0148220285773 5.847796238958836 2.581876449286938 6.203313268721104 15.03836228698492 2.823587886989117 0.6391279175877571 2.197244517505169 16.16924294084311 9.448685109615326 237.1721915602684 867.1572572514415 74.55020932108164 113.1943606734276 4.529801242053509 41.32822119444609 1.35750488191843 551.5584725216031 15.64368738234043 16.9763462767005 13.26621951162815 15.86522746086121 25.19428788870573 27.20171709358692 34.50809772312641 0.9526508152484894 0.2356444150209427 345.3707996755838 109.3174152076244 95.47484655678272 68.0090945661068 59.00527044385672 45.91259840130806 484.5893964916468 2.618500955402851 151.767335049808 15.16009419411421 2.334504544734955 8.590741947293282 10.62099837511778 3.251172073185444 0.2399241849780083 4.534495025873184 0 1.897041514515877 1.753539226949215 58.59352896362543 18.75352555513382 6.470170103013515 16.82663067430258 3.485641747713089 0.1377663910388947 3.521110981702805 285.2374333068728 0.8930944353342056 0.2295478880405426 0.5754786133766174 0.3272215127944946 1.815122559666634 2.054075360298157 6.519909963011742 3.671107664704323 4.148439601063728 7.257973246276379 1.693833120167255 6.420970663428307 21.1071912497282 16.15557464212179 6.796863719820976 0.09964410215616226 0 0 0 0 0 0 0 0 0 0.8700334876775742 0 1.185338750481606 0 0 0.6889257729053497 0.7097316980361938 0.4320788681507111 0 1.53719237446785 0 0 1.561058342456818 0 9.220367848873138 6.568745881319046 17.46167386323214 6.134690672159195 4.906191162765026 0 0.2383371591567993 0.7365740984678268 0 0.9438787400722504 0 0.3268497884273529 0 0.2431508749723434 0 0 0.1592714339494705 2.069208696484566 1.652328252792358 0 0 0.088709756731987 0 0.4551540911197662 0.2046561986207962 0 0.3875583708286285 12.95186750590801 0 0.5291646122932434 0.1331357359886169 0 0 0 0 0.3130735456943512 0.1504441350698471 20.27204374969006 0.3646738827228546 1.045126885175705 0.1661019921302795 1.981691993772984 2.910214677453041 0 2.448033556342125 0 0.1312684267759323 0.7795247435569763 0 0 0 0 0 0.1523057520389557 0.1002854555845261 0.9875529408454895 0.4203358888626099 1.659774973988533 3.427661865949631 7.249692983925343 17.55350567400455 211.3752250298858 16.87212990969419 245.1839684098959 33.26238811016083 309.2168734669685 19.71261788159609 0.2770312577486038 6.501498535275459 10.08698044717312 0 1.944994553923607 0.90447998046875 10.25868263095617 0 0 0 0.5200162827968597 0.4469936788082123 99.88475690037012 10.0025879740715
399.2798281759024 1565.877938970923 33.32346022129059 417.2383641898632 227.9502117708325 554.9135611355305 1501.400916047394 0.8978693932294846 3.925675958395004 1945.102852210402 2.707268610596657 829.2535628005862 720.0157629922032 42.44329261779785 2.060768455266953 0.4611763879656792 0 0 0 0 0 0 0 0 0.2787859439849854 0 0 0 0 0 4.569330975413322 0.3032150864601135 3.09221887588501 0 0 0 1.820524796843529 0.2818035632371902 0.5461439490318298 0 0 0 0.1158286482095718 0 0 0 12.13915675878525 0.5226288586854935 0 0 0.6168539449572563 0.7667187750339508 0.1742675751447678 0 0.8911058902740479 1.9582584425807 33.45413843542337 38.65887017548084 6.931020155549049 9.982737623155117 0 0 0 1.033113673329353 1.496066212654114 1.198296390473843 0.3968012183904648 0.2483682259917259 0.1722749024629593 0 13.3805385529995 5.864981353282928 1.028682537376881 22.49822491407394 3.008363030850887 2.974750630557537 0.9434688985347748 0.1325941383838654 0 0 0 0 1.658562697470188 0.1105075031518936 0.8626095205545425 1.485553130507469 0 0.1707180440425873 0.5534379184246063 0.8911744728684425 0 0.2828982248902321 0 0.1200678050518036 0.3972985297441483 48.93156368285418 11.56399548053741 0.6705562770366669 0.9166314154863358 207.3703095540404 0.1321333646774292 1.126644402742386 3.618953630328178 18.2223072052002 0.1526654213666916 60.01995301246643 6.027849420905113 0.815407857298851 76.54956299066544 13.29928044974804 0 59.66361013054848 21.91939303278923 5.379917368292809 1.420336350798607 0.1273894608020782 0 0 0 0 0 0 0 0 0 0 0 0 0 0 0 0 0 0 0 0.1330014914274216 0 0 0 3.048202946782112 1.20868182182312 0.8670423924922943 0.7516944408416748 0.1440964043140411 0 0 0 0 0 0 0 0.2130807638168335 0.1936933100223541 0 0 0 0.2177489697933197 0 0.09926788508892059 0 0 0.5019033253192902 0.1792901605367661 0.1423387080430984 0 0 1.92230387032032 0 0 0.09682833403348923 0 0 0 0 0 0 3.855143964290619 0.3605447709560394 0 0 0 0 0 0 0.7176815122365952 0.3416274562478065 0.1806651055812836 0 0 0 0 0 0 0.2028036192059517 0 0 0 2.008512333035469 0.8642221689224243 1.124840348958969 85.9809256196022 0.4843551963567734 16.71503653377295 1.880610503256321 399.9492332264781 1.472869023680687 0 0.571561336517334 4.919557258486748 0 1.023302599787712 0 3.016255304217339 0.5028195828199387 0 0 1.528639167547226 0 165.0898338183761 4.578413873910904
212.6268149912357 1501.076332643628 440.520833440125 227.9502117708325 477.9649293646216 49.36628689616919 711.0405004695058 240.4620080664754 3681.503101944923 185.2710455060005 1454.339193351567 48.19230339676142 343.4541341513395 2782.364930428565 55.56314466893673 14.92659402638674 1.016670569777489 0.5695467293262482 0.2599902451038361 0.193137526512146 0.6721908003091812 0 0 0.3504295349121094 0.1811913251876831 0 0 0 0.09763777256011963 0.09771034121513367 150.4791028872132 13.19864863157272 9.893418528139591 0.1141231879591942 0.4160963892936707 0.1345316767692566 4.980209045112133 1.078165531158447 1.92181970924139 0 0.2352509871125221 0.2891250550746918 1.448005139827728 3.84821429848671 0.4746525287628174 0.5451837778091431 233.3588130325079 4.337608270347118 1.66897214949131 1.068330198526382 5.271338731050491 0.8411362543702126 0 0 9.242841973900795 11.53130003809929 105.969857133925 121.4264136478305 49.1991580799222 112.4448500797153 1.149407185614109 4.797797329723835 0.2625158727169037 110.2893448248506 14.64394652843475 18.21136048436165 6.108548529446125 6.943762749433517 3.16139579564333 1.412362135946751 18.01402649283409 0.8656372055411339 0.1897769719362259 281.3104012832046 50.66413942724466 149.4161848425865 40.75760200619698 35.27315250039101 3.379487231373787 15.14813762903214 2.359651923179626 8.403600536286831 19.07648852467537 2.619265615940094 5.943610265851021 10.54072938114405 2.280185088515282 0.2131820544600487 5.654883645474911 0.6031902730464935 2.351626761257648 0.3459345921874046 2.284195810556412 2.057360284030437 1.267458960413933 10.29259023070335 1.997622214257717 0.09687729179859161 3.522510603070259 46.79188131541014 0.2953983247280121 0 0 0.813888818025589 1.060578256845474 10.00561229884624 2.177507221698761 0.2081612795591354 7.98979340493679 7.006361991167068 0.5567381381988525 7.846706569194794 11.05081149935722 7.12559001147747 4.832175463438034 0 0.2384530454874039 0 0 0 0 0 0 0 0 0 0 0 0 0 0.427789181470871 0 0 0 0 0.9871284365653992 0 0 0.3168244063854218 5.095186606049538 1.328071594238281 4.231347024440765 3.65478827059269 1.789419993758202 0 0 0 0 0 0 0 0 0.8466545194387436 0 0 0.1412278264760971 0.3052199184894562 0.1346359252929688 0 0 0 0 0.1478092223405838 0 1.30384373664856 1.183147430419922 6.758927881717682 0 0 0.1252165138721466 0 0 0 0.1160796880722046 0 0 13.84326105564833 0 0 0.114160344004631 0 0.1818283498287201 0 0.7587351500988007 0.2120284587144852 0 0.2324523031711578 0 0.1146216690540314 0 0 0 0 0.3209125101566315 0.1158463284373283 0 0 5.246373407542706 3.374893099069595 5.870921462774277 338.1123933568597 14.00018017739058 431.8804734498262 44.43091020733118 204.2805043309927 55.57202097028494 0.9623104780912399 20.10009299963713 15.77773667871952 0 1.695294618606567 0 3.747339487075806 0 0 0.3005943596363068 3.167586714029312 0 93.48336084932089 3.761545345187187
293.872093334794 497.7475960701704 68.84302919358015 554.9135611355305 49.36628689616919 42.19407510757446 273.788560025394 3.134569630026817 1.295356258749962 778.6629869863391 8.210638910531998 130.5172411873937 82.29708574712276 10.20253254473209 0.1292323619127274 0 0 0 0 0 0 0.4209160059690475 0 0 0 0 0 0 0 0 5.397127658128738 0.1682821959257126 9.254018574953079 0 0 0 13.79465307295322 1.384927198290825 1.191519469022751 0 0 0.1286060512065887 0 0 0 0 0 0 0 0 0 8.685434922575951 1.741728737950325 0 0.1561235040426254 0.50787553191185 30.98144520074129 5.077694892883301 0.1324000358581543 0 0 0.354201540350914 0 0 0.09066838771104813 0 0.1710135638713837 0 0 0 166.4969409108162 152.3108953461051 21.74557634443045 0.7872297614812851 0 0.2257535606622696 0 0 0 0 0 0 0.1458602994680405 0.9268534928560257 0.1170028001070023 0.3235766515135765 0.1181573197245598 6.666757769882679 2.228956565260887 17.81458903104067 1.434065245091915 1.933399066329002 0 0.1448155045509338 0 223.536279335618 72.93835742026567 15.04023921489716 11.13019648194313 73.46950775384903 0 0 0 0.3248895704746246 0 1.955667465925217 1.08614906668663 0.324338287115097 43.12178714573383 1.239533722400665 0.1444483995437622 1.323095366358757 0.6187874227762222 0.9156311303377151 0.3048405200242996 0 0 0 0 0 0 0 0 0 0 0.137157991528511 0 0.2817579805850983 0 0.1253123134374619 0 0.5385906398296356 0.8693990558385849 0.1556318998336792 0 0 0 0 0 0.1636299192905426 0 2.06631863117218 0.9901988804340363 0 0 0 0 0 0 0 0 0 0 0 0 0 1.526603326201439 0 0 0 0 0 0 0 0 0 0.9402844309806824 0.2858262360095978 0.1892579197883606 0 0 0 0 0 0 0 1.90920877456665 1.779171913862228 0 0.227615162730217 0.3497220203280449 0 0 0 0 0 0 0 0 0 0 0 0 0.2499450072646141 0 0 0 0 0.1448182314634323 0.477400153875351 13.53180710226297 0.1767101734876633 0.8407362177968025 0.1421589851379395 124.9348033666611 0.6699820309877396 0 0 0.8943281471729279 0 0 0 0 0 0 0 1.272555351257324 0 55.83732213079929 1.302372261881828
455.5927795171738 1116.226381152868 83.32467227429152 1501.400916047394 711.0405004695058 273.788560025394 733.1138383597136 15.83046063780785 2152.564181029797 3028.607949487865 150.7567917555571 657.4035744741559 5508.148451462388 5035.627823837101 67.79675202071667 20.96929428726435 0.8223716467618942 0.08617173135280609 0.2586741298437119 0 0.1558342576026917 0 0 0.1722903549671173 0 0.2620764970779419 0 0.4538153260946274 0 0 49.39769707620144 10.15407133847475 20.54561844468117 0.08491029590368271 0 0.1363908499479294 11.67403215169907 3.411817789077759 2.903636083006859 0.1017539948225021 0.6787264570593834 0.6124430447816849 0.9211947247385979 3.755758918821812 0.1065640449523926 0.2518889009952545 208.2752122581005 3.648420251905918 0.3694806694984436 0.6650663912296295 3.365754276514053 1.115969069302082 1.074713915586472 1.367185771465302 9.267943546175957 7.169786110520363 88.3342657238245 86.21049549430609 45.64216686040163 95.81381292641163 0.935834214091301 2.984219118952751 0.4607946425676346 74.45901746302843 13.15778813511133 12.98911899328232 6.017267242074013 5.502716936171055 1.797291181981564 0.8069723919034004 44.32698850333691 3.345731630921364 0.7673916816711426 213.1501557156444 34.55249068886042 119.4300910383463 26.43060037493706 23.72306808829308 1.530799761414528 13.36794465780258 1.101111479103565 4.227867394685745 11.73922728747129 1.35392976552248 6.008732296526432 10.53791731595993 1.49133537709713 0.2947075814008713 4.004542924463749 0.9686590954661369 1.924864500761032 0.6794071868062019 3.724605552852154 1.210593275725842 1.500379115343094 62.60451623797417 7.096815921366215 0.2713585644960403 4.180109091103077 95.26950876414776 2.461042635142803 9.552882626652718 46.16366225481033 31.59106948971748 7.235652700066566 59.43204455077648 30.61228381097317 13.98492379486561 85.6938498467207 58.54858945310116 4.429883822798729 126.9633746221662 116.4288246110082 52.57532797753811 22.04109691828489 0.1883980631828308 0.2487207502126694 0 0 0 0 0 0 0 0 0.2324703484773636 0 1.078965395689011 0 0 0.226199597120285 0 0.7034818232059479 0.09209706634283066 2.296568982303143 2.083389148116112 0 1.768075197935104 0.458738774061203 18.03517016768456 9.272028043866158 25.24562459439039 9.468994840979576 7.513122275471687 0 0 0 0 0 0.5406296253204346 0 1.00743106752634 1.373676143586636 0.1284780204296112 0 0 0.6328479871153831 0.5394638776779175 0.07615850865840912 0.2390178591012955 0.08402431756258011 1.065936490893364 1.058550432324409 0.882714532315731 0.143036350607872 0.7308413982391357 31.55668392777443 2.010018236935139 0.2725761160254478 0.5367993339896202 0 0.1038700342178345 0 0 0 0 54.63224288076162 0.2232517451047897 0.1770712733268738 0.1281428337097168 0.1142228469252586 7.64000891149044 0.3676909506320953 4.837643206119537 2.157863922417164 0.6455294638872147 1.322349451482296 0.5890853255987167 0.7337660416960716 0.2270778343081474 0 0 0 0.3530751913785934 0.3266069889068604 0.1933692097663879 0.3719083368778229 10.91387525200844 14.83905571699142 24.38985245674849 535.0489085689187 16.4483153000474 393.6794027388096 65.49357261508703 366.389946423471 59.5769864320755 2.481941670179367 24.48612873256207 34.57972881197929 0 8.668320819735527 2.028988510370255 31.49059161543846 3.657349966466427 0 0.2354146540164948 7.57919080555439 0.9735578000545502 236.7721081003547 27.40957251936197
102.7708517313004 381.7651194557548 3757.421730481088 0.8978693932294846 240.4620080664754 3.134569630026817 15.83046063780785 1875.515134170651 116.8067278414965 19.56956168264151 2952.925244413316 278.8644124791026 669.6476235315204 1901.126980565488 86.61773296445608 84.15940596908331 11.90636868774891 9.33089455217123 0.4232663512229919 34.88335148990154 115.3567175343633 2.069230131804943 19.80316443741322 17.39808566868305 7.066233031451702 20.88929285854101 13.75260958075523 9.526020653545856 1.13744255900383 5.048211984336376 1639.506437979639 3878.132603920996 1164.81296543777 0.5697273015975952 6.783876061439514 24.33434556424618 99.68553676456213 22.13564448058605 6.601540178060532 7.064576268196106 65.74651159346104 30.68394996970892 179.8801381662488 41.75664923340082 2.888783924281597 37.86447463929653 155.3182511180639 4.056719452142715 11.76710025966167 39.36426932364702 38.18437578529119 15.36989071965218 6.769524037837982 14.50021161884069 4.256106667220592 4.557315401732922 60.73628437519073 148.6091463342309 18.56532137840986 54.33530526608229 175.7731968536973 183.5164248347282 23.85906238853931 1268.26595466584 5.884706728160381 23.31067514419556 35.65472614020109 40.56818284839392 156.869456589222 240.0119566246867 53.23084861785173 2.158904016017914 1.322947099804878 141.0533542260528 110.5037987157702 121.9937946945429 797.9931808114052 679.1011176481843 1184.632387131453 2776.520656846464 240.0908348932862 1578.861674122512 5.826642788946629 0.6188977807760239 3.688855364918709 13.22461329400539 9.717546328902245 0 7.916102819144726 0.4616072624921799 8.001614883542061 10.00955713540316 244.0202429518104 84.61610732227564 36.4948548451066 5.832755744457245 1.846824899315834 0 6.779479317367077 42.5355369001627 0.1398395895957947 0.1976256966590881 0 0.305990993976593 0.8360072821378708 4.508632853627205 2.429201751947403 1.355114042758942 2.01622699201107 4.328324571251869 2.101816274225712 7.456494450569153 14.22084132581949 9.073624737560749 6.570021294057369 0.1137365624308586 0.2763458117842674 0 0 0 0 0.8502426743507385 1.611750856041908 0 0 6.111504413187504 0 1.282027095556259 0 0.1201960891485214 6.392838597297668 0.8044810593128204 3.433628231287003 0 0.8222671300172806 0.5682640075683594 0 2.044266626238823 0.7776467129588127 5.970498360693455 6.054764688014984 12.16977260261774 7.485150374472141 4.491188801825047 1.821397930383682 1.002459898591042 0.8096377104520798 0 0 0 0.7860788851976395 0.2889488637447357 0.3653015643358231 0 0.1845378577709198 1.448112919926643 2.332476601004601 12.29490971565247 0.0897463783621788 0 0 0 0 0.158041924238205 0.7063246220350266 1.10310634970665 11.05598449707031 0.1268317252397537 0 0 0.1034689098596573 0 0.2786655128002167 0.2955583333969116 0.3513870388269424 0.802949495613575 17.33889284729958 2.641163170337677 1.745585978031158 0.7734133079648018 7.825814604759216 1.683301046490669 0.09943635761737823 1.17380840331316 0.113674707710743 0.1046624481678009 0 0.2783864438533783 0 0.4391887485980988 0 0 0 0.4984278529882431 1.300017595291138 2.480859383940697 2.012253418564796 4.737399153411388 9.436271786689758 12.64085983484983 286.1707563400269 51.67821765691042 287.8966202288866 77.10138518363237 60.37554867565632 20.898273229599 1.695273816585541 8.817958489060402 15.70017936825752 0.9559621512889862 1.630859568715096 1.178311198949814 4.549519568681717 0.7249317765235901 0 0 2.125429138541222 0.5734283328056335 34.13743244111538 8.472882263362408
4.688390798866749 782.2282319888473 644.5098157227039 3.925675958395004 3681.503101944923 1.295356258749962 2152.564181029797 116.8067278414965 400.1383528709412 27.18707486987114 688.1295968145132 34.05441634356976 1012.986086755991 940.2340333834291 28.43209934979677 10.97131874412298 0.5721710920333862 0.4796145930886269 0 0 0.505529597401619 0 0 0 0 0 0 0 0.1577393412590027 0 22.13583841174841 5.051504634320736 22.09194274246693 0 0 0.2700229287147522 7.605356223881245 0.4831643849611282 0.998199075460434 0.1141475141048431 0.3519481420516968 0.2937294542789459 0.6260358691215515 1.061647698283195 0.2400228381156921 0.3348140940070152 56.1486764550209 0.2536095082759857 0.9964347407221794 1.377605810761452 1.213185109198093 0.1195632293820381 0.3223223239183426 0.1480248272418976 1.052094638347626 1.705818340182304 16.72423758357763 13.04885556548834 10.68023433536291 24.86953139305115 1.113804079592228 2.626898691058159 0.470157116651535 20.71878405660391 1.423089109361172 3.094347082078457 1.992491722106934 1.231692612171173 0.4704250991344452 0.695868618786335 8.637887448072433 0 0 49.60561572760344 10.22941648215055 49.58166873455048 15.54324754327536 9.222277924418449 1.193521805107594 15.09274154156446 0.6548329517245293 4.645273827016354 1.627199113368988 0.3227907940745354 1.25640594214201 1.054464623332024 0.2598613202571869 0.1085916236042976 1.362862065434456 0.1954213827848434 0.9569315761327744 0.3693066611886024 2.844213895499706 1.378594033420086 1.112219296395779 3.927270323038101 1.916245803236961 0 1.413845591247082 3.290785893797874 0.4016851782798767 0 0.4246997535228729 0.5790283977985382 1.909094601869583 0.9648924916982651 0.16804039478302 0.5853316187858582 2.771283388137817 3.116874247789383 0 5.528331935405731 8.30296067148447 4.596082344651222 4.030702695250511 0.1193116679787636 0 0 0 0 0 0 0 0 0 0 0 0 0 0 0.4506684243679047 0 0 0 0 0 0 0.611086905002594 0 2.59330540895462 3.479139670729637 6.791440725326538 0.9850300699472427 3.292529083788395 0 0 0 0 0 0 0 0 0.3756622076034546 0 0 0 0 0.1075722873210907 0 0 0 0 0.1241589412093163 0 0 0.4042023122310638 3.168564796447754 0.4505665302276611 0 0 0 0 0 0 0 0 8.18173024058342 0 0 0 0.3945053219795227 0 1.219659268856049 1.984923139214516 0 0.191857248544693 0 0 0 0 0 0 0 0 0 0 0.1441276967525482 3.014842003583908 3.300765097141266 7.710273429751396 134.437085904181 6.286993712186813 120.7231538668275 26.89912141114473 24.91333220154047 18.66596747934818 0.5250895246863365 8.647435434162617 8.996183529496193 0 0.3570029139518738 0.3140605986118317 4.229250401258469 0 0 0.5356512069702148 1.541027069091797 0 17.94137312471867 4.671732172369957
466.7178316488862 644.9603087306023 117.4050565883517 1945.102852210402 185.2710455060005 778.6629869863391 3028.607949487865 19.56956168264151 27.18707486987114 2139.68391020596 63.57593262195587 3090.405213207006 3627.781282506883 207.50115673244 7.82910230755806 2.632473178207874 0.2898685038089752 0 0 0.1166667118668556 0 0 0 0 0 0.1258519291877747 0 0 0 0 8.364471569657326 1.048387721180916 36.82671062648296 0 0 0.3220703899860382 35.03078654408455 0.4931067526340485 1.704124629497528 0 0 0.5408798605203629 0 0 0 0 36.06303844600916 0.5493851900100708 0 0.2123888283967972 0.2611932903528214 1.96782548725605 1.751709684729576 0.3153032958507538 2.1249905154109 0.2243165969848633 48.44707394391298 19.10866921395063 4.404650777578354 11.3168728724122 0 1.177316963672638 0 5.402532137930393 1.179861590266228 1.868286274373531 0.5084439814090729 0.3828095495700836 0.103335976600647 0 99.30734154582024 13.22065432369709 1.913998484611511 21.41562859714031 3.536811515688896 14.0402203425765 2.167505763471127 2.636870831251144 0.1257090717554092 1.434307716786861 0 0.2473968341946602 2.144586011767387 0.1350381076335907 0.307744100689888 0.8553701713681221 0.142082005739212 0.3203814923763275 0.651054210960865 1.327805280685425 0.3965050876140594 0 0 0.2857236340641975 1.980783104896545 178.7285014092922 40.97627859562635 0.5877287089824677 3.913354277610779 245.518790371716 2.176970243453979 10.17649874091148 51.59137886762619 122.3793153762817 13.5894892513752 313.3656883090734 60.11678709089756 33.48003533482552 327.8988991230726 193.3879252523184 8.539050817489624 274.2775021344423 500.7035402655602 219.5706910789013 28.29133905470371 0 0.6373824328184128 0 0 0 0 0 0 0 0 0.7028734087944031 0.2360889911651611 0.9405739307403564 0 0 1.718954294919968 0.6083068996667862 0.1545419543981552 0 2.296531215310097 2.218375980854034 0 5.884747982025146 0 18.25143925845623 9.232208043336868 26.84445537626743 6.225917294621468 6.784472070634365 0 0 0 0 0 0 0 0.5555955171585083 2.163237504661083 0 0 0 1.133000507950783 0 0 0.146207720041275 0 0.733746737241745 0.5359895378351212 0.8859228491783142 0 0.7475379705429077 30.25998026132584 1.2048419713974 0.5253392308950424 0 0 0 0 0 0 0 68.39665319770575 1.847578182816505 0.1332778632640839 0 0 5.88969399034977 0 6.072805419564247 0.5511072874069214 0.1329562366008759 0.8681896105408669 0 0.8507418036460876 0 0 0 0 0 0.1240658909082413 0 0 38.61082726716995 15.7976606041193 22.55274279415607 787.9121731594205 13.52156494557858 62.68241760879755 14.77773501724005 834.7244471535087 9.806044690310955 0.8479375392198563 4.609929025173187 60.12165075540543 0.3100768029689789 6.071207389235497 0.5076437741518021 72.38656507432461 0.5891168713569641 0 0 3.819836765527725 0.7981925010681152 677.0763634368777 90.41694205999374
119.5069567710161 1330.910605356097 2094.505139164627 2.707268610596657 1454.339193351567 8.210638910531998 150.7567917555571 2952.925244413316 688.1295968145132 63.57593262195587 1208.658029399812 361.7237376198173 2762.019132606685 5656.168044373393 67.38246501237154 56.04380623996258 7.479758895933628 2.416211262345314 0.1475358456373215 3.887509115040302 3.179814271628857 0.9891223460435867 0.5397640466690063 2.329177305102348 4.455961316823959 3.169191636145115 5.733995631337166 4.479261428117752 0.9116445779800415 1.798452168703079 439.4553674533963 155.9695188254118 1376.606554150581 0 1.062995731830597 7.408370822668076 338.8770999237895 39.82437278330326 17.77140050381422 2.666588857769966 8.441254578530788 10.17729746550322 2.428154401481152 2.866683796048164 0.1009872630238533 1.683999352157116 119.1769002825022 1.657285489141941 0.7754782736301422 5.388242028653622 5.358859047293663 10.37606600672007 5.366956971585751 12.02587518841028 3.457478858530521 2.706405498087406 47.87102383375168 80.53998918831348 20.22121184319258 46.74517980962992 7.379783391952515 71.31103159487247 5.449782684445381 71.75111784785986 4.902445994317532 5.496931791305542 6.187283262610435 5.639042042195797 7.506013736128807 6.984353125095367 110.6312939524651 2.900439783930779 1.017952516674995 112.496872626245 27.05358872562647 88.75333908945322 35.57764039933681 34.65949179232121 6.59482953697443 996.2127662226558 1.642436467111111 143.9466869682074 5.873693116009235 0.9229212701320648 1.830370083451271 5.28545156866312 1.468795776367188 0.2380356639623642 2.052998788654804 0.3579571172595024 3.694651447236538 3.447220183908939 20.75479350239038 17.19909510761499 18.56518471986055 10.85409183055162 3.040770158171654 0.3005122095346451 11.12931061536074 45.04853358864784 0.2973629683256149 0 0.1991202980279922 0.3534218370914459 3.287643656134605 3.175834834575653 6.140411183238029 1.291930541396141 4.096466869115829 8.792648449540138 1.441872283816338 17.24749509990215 24.56220026314259 15.52831345051527 8.191702514886856 0.11818727850914 0 0 0.1608644872903824 0 0 0 0.1382360458374023 0 0 5.437863387167454 0 0.7461269348859787 0 0.7652274668216705 1.88110376894474 0.7608296275138855 1.792450457811356 0 2.576357059180737 1.04049526154995 0 1.10078027844429 0 10.18010788410902 5.33941587805748 16.1175194978714 9.60667809844017 4.373289339244366 0.7519190758466721 0.7309384793043137 0.1576515585184097 0 0 0.1986701637506485 0.8851600587368011 0 1.108164861798286 0 0.4191771149635315 1.751286543905735 1.755919255316257 5.913812778890133 0 0 0 0 0.1967594027519226 0.4422134310007095 0.7717602103948593 2.580772578716278 18.7566752359271 0.1710310280323029 0 0.092145174741745 0 0 0 0 0 0.5333979576826096 26.41734151542187 1.049805507063866 1.5100928992033 0 3.440950512886047 2.232833117246628 0.9762609004974365 2.036117419600487 0.3914767801761627 0.1867556571960449 0.4189295470714569 0.1177176758646965 0.1380986869335175 0 0 0 0 0.1295382380485535 0.6366872191429138 1.093566603958607 0.4216399937868118 8.260450460016727 6.004632703959942 17.81132137030363 260.0426651984453 19.93505299836397 221.0781805813313 54.40359036624432 71.02153904736042 25.11787920445204 0.3209809064865112 13.79231745004654 17.70605982840061 0.3027107417583466 0.1410629898309708 0.4290043413639069 13.53749909996986 0.1111772432923317 0 0.1424009054899216 2.195480242371559 0 52.264225512743 16.88259540498257
48.87969514727592 143.9327017366886 204.4275177270174 829.2535628005862 48.19230339676142 130.5172411873937 657.4035744741559 278.8644124791026 34.05441634356976 3090.405213207006 361.7237376198173 445.9896432608366 1084.582484647632 299.3305616080761 20.51109068840742 15.42243165522814 3.446407541632652 0.3516275957226753 0 0.5891262590885162 0.1616816967725754 4.193698823451996 0.3679830133914948 0 0 0.6844622045755386 0 0.8490506708621979 0.1594042330980301 0.09822782129049301 14.83272714167833 1.360212132334709 146.9808911159635 0 0.1776304841041565 0 174.5842192918062 19.52393625676632 5.363974675536156 0.4653013348579407 1.335060521960258 3.27726387232542 0.2371073961257935 0.5022644549608231 0 0.6571241915225983 22.97432401031256 0 0.4711430221796036 1.412129171192646 0.9924129918217659 19.632692232728 28.72621271014214 8.908564127981663 0.1346509009599686 0.4433462768793106 11.09695905447006 5.562916085124016 2.65772745013237 3.292670033872128 1.920923173427582 31.26471322774887 0.2062330543994904 4.782905712723732 0.2489379495382309 0.5866838917136192 0.9989878535270691 0.4182152450084686 0.563083328306675 0.302119255065918 152.1449811905622 24.66927556693554 4.14365067332983 12.95160046964884 2.73141223937273 13.73355416953564 4.120001539587975 3.522763893008232 0 10.94882145524025 0.3709610253572464 2.521046549081802 0.5140000134706497 0.3713017851114273 0.4564538151025772 0.5331049561500549 0.4029054269194603 0.4771756902337074 1.170941814780235 2.319400474429131 1.379676051437855 2.15117484331131 3.235439665615559 2.00861407071352 10.0284581258893 743.0714953541756 22.72890794277191 2.837779209017754 9.421372011303902 41.75666750222445 1.89329831302166 8.580634579062462 4.29895144701004 20.20037467777729 16.42602731287479 39.22198584675789 45.16482829302549 14.42263485491276 149.4113963916898 114.710730150342 12.31856652349234 92.73611549288034 195.0809896215796 156.5031868517399 50.18134294450283 0.8092048317193985 0.648486539721489 0.7259000986814499 0 0 0 0 2.11702336370945 0 0 6.166713103652 0 3.336237706243992 0 0 1.311423502862453 0.6235280409455299 2.054125070571899 0.1471394598484039 6.840922303497791 2.72186367213726 0 3.707614570856094 0.3062581568956375 36.86036887764931 13.17565861344337 59.7086004242301 24.77696047723293 14.33557949960232 0 0.1626293510198593 0 0.1601157486438751 0 0 0 0.546159565448761 2.567788615822792 0 0 0.4947144389152527 2.505058243870735 5.892864175140858 0 0.3719082474708557 0.1973900943994522 0.2722903490066528 0.8538174703717232 0.1921332180500031 3.258378952741623 4.265482157468796 51.16287809610367 1.94364270567894 0.5790109038352966 0 0 0.2139199376106262 0 0 0 0 141.5618968829513 3.050098150968552 0.8150838762521744 0.2570589110255241 1.163037404417992 9.196436196565628 1.873693943023682 8.59460024535656 0.1248770579695702 1.156967610120773 0.7087126523256302 0.1535781621932983 0.1208179369568825 0.1258453577756882 0 0 0 0 0.1195660009980202 0.1498372852802277 0.1712304651737213 51.49277459084988 39.88668299466372 41.45967002213001 355.2463531196117 4.187869489192963 56.90201273560524 20.61405500769615 208.6648907139897 7.367401354014874 0.6459899544715881 4.243470892310143 64.3220908716321 0.1692890077829361 7.269836969673634 1.421422034502029 53.06182101368904 1.035868138074875 0 2.669775113463402 4.582878604531288 0 643.8655097037554 146.2532574236393
40.61642759293318 709.3942153230309 514.7389799207449 720.0157629922032 343.4541341513395 82.29708574712276 5508.148451462388 669.6476235315204 1012.986086755991 3627.781282506883 2762.019132606685 1084.582484647632 2914.147571004927 5185.631602466106 96.76360150426626 66.72979962825775 7.303335703909397 0.9300489723682404 0.8231553956866264 1.829046033322811 1.513318493962288 2.092057183384895 0 0.3582701683044434 0.8293326944112778 0.159312441945076 2.145406238734722 2.093726046383381 1.325699150562286 0.4612778499722481 60.51914567500353 15.89976977556944 1030.830486230552 0 0 2.556408159434795 307.1246936395764 42.5701799839735 12.12439674884081 0.4322022870182991 3.091353967785835 5.873856231570244 1.548672132194042 2.662644274532795 0.4879984781146049 0.2233641222119331 163.8576225936413 1.874854996800423 1.232089929282665 3.447834156453609 4.126652486622334 15.4100796058774 19.2735908254981 11.58470515161753 2.085640475153923 3.228677779436111 39.16505520045757 33.60599209368229 19.33536618947983 48.58070816844702 2.934550985693932 50.16411861032248 2.239869341254234 54.27194911986589 3.592291034758091 7.390215948224068 4.137302972376347 3.832584910094738 2.134358987212181 2.558318130671978 450.9237649515271 17.76455058157444 3.614176489412785 109.1393631473184 23.06282008439302 123.2446559220552 37.90007965266705 27.02040183544159 2.260372623801231 69.74129068106413 0.5699402615427971 9.44525471329689 3.817853718996048 0.1693495362997055 1.29855127632618 4.473286412656307 0.6173839494585991 0.5589850544929504 3.403575494885445 1.097325161099434 2.198747880756855 6.001397475600243 8.183239437639713 6.75478870421648 15.6625149846077 568.0569833517075 17.68672214448452 1.3709367364645 17.99364987015724 38.11386802792549 4.917456462979317 12.67201571166515 11.3417247235775 39.9267593473196 27.28866724669933 118.8731748536229 63.46321095526218 33.99503456056118 219.92032122612 147.4390722960234 27.67183448374271 236.1144972518086 347.9091033264995 208.4584921002388 94.78356893360615 0.6146069765090942 0.7991484850645065 0.3174605965614319 0 0 0 0.1784842014312744 1.083235785365105 0 0 3.820855304598808 0.1091078817844391 6.929728373885155 0 0.2907663807272911 1.365541264414787 0.9443388357758522 0.7132140696048737 0 14.21253643929958 7.858358681201935 0 7.195584580302238 1.153095260262489 70.64275159686804 36.81666730344296 114.4376366958022 53.14873436838388 20.03271310031414 0.1318137794733047 0.6197321712970734 0 0.269444465637207 0 0.523049533367157 0.4438439458608627 1.436785064637661 3.840742036700249 0 0.8482285737991333 2.58906502276659 4.443112574517727 6.974841825664043 0.1536266356706619 0 0 1.289749473333359 1.369770966470242 1.688901163637638 6.239495724439621 10.43773001432419 111.294125020504 3.062269911170006 0.2489148825407028 0 0 0 0 0 0.1540018767118454 0 249.6922356039286 2.50138908624649 1.418454840779305 0.6130194216966629 1.546262428164482 21.72588749229908 4.244960457086563 23.65873646736145 2.289279125630856 2.736098915338516 2.219117291271687 0.4854400455951691 0.2538850605487823 0 0 0 0 0.2374372184276581 0.708100751042366 0.3234773054718971 0.5062545537948608 81.11554843187332 71.48421750217676 98.52264672517776 759.5606902390718 27.03025345504284 333.7794671207666 100.0197543278337 207.3281152993441 47.28424244374037 1.952077783644199 28.9630414173007 112.1653562784195 0.414733499288559 14.94592236727476 4.413290068507195 91.65207385271788 4.500322103500366 0 0.3463617563247681 6.540549144148827 1.246213376522064 519.1475823000073 177.6973887532949
