230.8955255299807 1697.463655367494 482.0832825303078 2134.757510997355 60.44860358536243 175.9312301725149 250.0950404256582 357.0892661064863 11.10578314960003 2176.874096564949 193.8843992352486 239.6842555850744 519.5670152902603 210.2603362947702 6.125126995146275 1.30205786973238 0.5311531499028206 0.3661445826292038 0 0 0.9652162939310074 0 0.6780212223529816 0.7376809120178223 0.1990920305252075 0.5917394757270813 0.8597486615180969 0.1070144847035408 0.8374317288398743 0.1652231961488724 383.1451323702931 4.164675757288933 15.98411449044943 0.3502391874790192 0.9744789004325867 0.1674404740333557 27.84255059063435 2.324139297008514 1.154156655073166 1.263777427375317 0.4670141041278839 1.211076594889164 0.1048065200448036 0.3298119008541107 0 0.2968140095472336 28.71395749598742 18.51061256974936 1.711383655667305 0.5413419306278229 0.3924634531140327 0.58470119535923 0.3024936616420746 2.532059729099274 29.59598373621702 61.44020210951567 337.8981454074383 765.5453414544463 151.5050770193338 30.85155468434095 0.501584604382515 2.214691817760468 0 13.1486477330327 31.43043029308319 15.3784513771534 2.544650696218014 3.399404495954514 1.643089093267918 0.9325300455093384 61.9401840120554 0.7529283761978149 0.5104713141918182 199.6037767380476 6.21847753226757 30.38356377184391 2.610352866351604 0.8329761028289795 2.414746403694153 90.91482175141573 0.1306039094924927 13.00624440610409 61.83332967013121 0.425967663526535 22.02774468809366 21.59170643240213 8.312472805380821 0.13507479429245 2.312895849347115 0 1.660359755158424 0.5196465104818344 2.220795169472694 1.831196360290051 0.8726897314190865 124.9848034381866 21.70007897913456 0.6595646739006042 3.422847703099251 919.481272354722 0 0.5415464490652084 2.892774596810341 10.06004920601845 1.337746441364288 44.60840198397636 6.02557909488678 16.45635376870632 19.59859488904476 22.7869835793972 0.5632665157318115 11.11610762774944 29.01383675634861 17.18710464984179 1.014268919825554 0.1462982892990112 0 0 0 0 0 0 0 0.6207737922668457 0 0 0 0.2630803883075714 0 0 0 0.705449178814888 0.3227238655090332 0.6738653257489204 0 0 0.1883734315633774 0.7347302436828613 0 2.395639345049858 0.6421416997909546 2.761371582746506 1.674540191888809 1.400558575987816 0.2419536411762238 0 0 0.1883495002985001 1.380996719002724 0 0 0 0 0 0 0.4186435639858246 0.264938086271286 0 0 0.1555750072002411 0 0 0 0.1844971477985382 2.181856498122215 0.4459390938282013 1.808175519108772 0.55307936668396 0 0 0 0 0 0.1184204965829849 0.1710036247968674 0 1.721616253256798 1.009354114532471 0 0 0.2560777887701988 2.570079401135445 1.276628315448761 0.9455901682376862 0 0 0 0 0 0.2551373541355133 0.130312368273735 0.1373140066862106 0 0 0 0 0 3.196693331003189 0.2082728892564774 4.027958258986473 281.5594448000193 16.19682528823614 180.2541618123651 29.8324039876461 721.3424706757069 33.92816662043333 5.953206345438957 3.814698569476604 10.0091463252902 0 2.32386789470911 0 61.95297126471996 0 0 1.697959303855896 0.306058794260025 0 403.2277974486351 12.29577858746052
1697.463655367494 2156.620370440185 1110.125203408301 2216.548887111247 2226.112930759788 83.5500024408102 1759.773530557752 1098.64250857383 2835.819311119616 570.0497776642442 1836.671803355217 40.73709239810705 919.5863754302263 2037.149597764015 46.85097203403711 3.68102066218853 1.292682282626629 0.08431369066238403 0.1265437304973602 0.2152300328016281 3.017588965594769 0.366336852312088 1.681986734271049 1.192551910877228 0.2478183507919312 2.542308978736401 1.298825860023499 0.3121712356805801 0.2572011649608612 1.739311307668686 1567.979088641703 16.59136456996202 68.38113702833652 1.398516595363617 0.4890370070934296 0.5080551207065582 51.04983219504356 4.83216854929924 1.640985250473022 1.03724330663681 0.7608072981238365 3.338583305478096 0.4657397046685219 1.395485803484917 0.5771110728383064 0.7516007199883461 225.8359421044588 45.43288327008486 4.625269360840321 1.350869372487068 1.852739311754704 0.1500268578529358 0 1.519712500274181 45.95521096140146 81.86626909673214 108.6150776743889 696.0614281818271 137.4114838764071 162.316694624722 1.006661765277386 2.969306424260139 0 119.7103455141187 57.19793476164341 30.09781011193991 3.268555238842964 8.14082670211792 3.404715031385422 5.895792379975319 24.01946860551834 0.160692498087883 0 376.4223879501224 71.6340389251709 177.8613221570849 21.82587809115648 3.847165293991566 5.320271030068398 129.1624040007591 1.095061495900154 16.87793812155724 97.28620628267527 0.4237115234136581 40.42275953292847 44.44206989556551 18.72163458913565 0 4.788688667118549 0 4.472876913845539 1.658914379775524 9.213845804333687 2.658692471683025 2.595853038132191 5.999020367860794 0.8415253609418869 0 0.5405565053224564 1137.423291124403 0 3.413620263338089 7.450389429926872 8.121238060295582 1.967407658696175 119.5344427525997 10.27844911813736 36.39751274883747 19.93022055923939 28.3992866948247 3.188550263643265 17.77067361027002 42.6609595939517 33.25695367902517 4.607140719890594 0.4686572253704071 1.2833601385355 0 0 0 0 0 0 0 0 0 0 0 0 0 0.2872414588928223 0.5165427550673485 0 0.8826150819659233 0 0.5947716236114502 0 1.604205161333084 0 11.77084776759148 2.438868641853333 22.65495683252811 11.33565091341734 3.204556912183762 0 0 0.4258180782198906 0.9888489246368408 0.2026853412389755 0.7886058986186981 0 1.142234489321709 0.4222879931330681 0 0 0 0.6244622468948364 0 0.6421580463647842 0.38341224193573 0.8199620470404625 0.8276109397411346 0.8046085238456726 0.3477427661418915 3.164366975426674 2.478809222579002 6.147653207182884 0 0 0.1922794580459595 0 0 0 0 0 0.1211887449026108 13.27055448293686 2.852452993392944 0 0 0.3253377825021744 6.469615742564201 1.298877686262131 2.14982795715332 2.673815824091434 0 1.321991264820099 0.1820557117462158 0 0 0 0 0 0.6199867650866508 0.1248911917209625 0.302580438554287 0.1113152951002121 11.29963344335556 10.52495270222425 16.85233609378338 600.245531834662 38.69308743625879 632.8688729330897 100.932284720242 535.3471607938409 55.64501114189625 6.389416545629501 55.39116486907005 16.12771248072386 0.2469445243477821 9.405745908617973 1.735288068652153 44.73601308465004 0 1.076583862304688 0 2.50825309753418 0 292.5438569039106 11.38666053116322
482.0832825303078 1110.125203408301 1869.720578998327 53.70175944268703 117.4756480529904 4.144958034157753 41.57207152247429 3513.816129393876 185.3936663717031 15.12322571128607 1353.057340793312 36.22520973533392 480.3322946950793 1432.155909970403 36.27933760732412 11.50973411649466 0.8851730525493622 1.503757417201996 0.9184326529502869 4.603498786687851 25.90256229788065 0.5999872237443924 19.45226854085922 10.85536302626133 5.729934610426426 2.098910458385944 7.557063661515713 0.4736702144145966 0.9095990508794785 4.390310235321522 3373.386924736202 196.4324701279402 59.34967979043722 17.12563962489367 2.822464570403099 5.190950803458691 50.49554795026779 16.53758894652128 4.414328947663307 8.338219963014126 2.500222414731979 4.705294020473957 3.347420901060104 2.525931715965271 1.154674239456654 1.450046524405479 69.11480020731688 7.89041592925787 1.979125522077084 9.447713114321232 1.704670399427414 2.035995006561279 0 4.868239536881447 9.301252864301205 14.98307566344738 19.59066285192966 193.1437301561236 29.46277126669884 47.90257652848959 23.25583531707525 26.05667352676392 0.5925771296024323 110.5723034888506 12.71671722084284 8.11989963054657 3.946978077292442 7.895684160292149 17.75281543284655 45.23603686690331 27.4035317003727 0 0 94.55266938358545 30.04539997130632 67.37812175601721 21.62501739710569 11.41141028702259 114.0868387594819 919.6350342482328 10.00248537957668 436.8095313757658 22.48726890236139 0.2190277650952339 8.719375602900982 9.316672600805759 8.406260676681995 0 1.268279828131199 0 1.705829702317715 1.305353432893753 65.06687331944704 4.387304618954659 3.863481841981411 9.402245715260506 2.938149005174637 0 1.859189748764038 156.5367807149887 0 0 0 0.794481635093689 0 3.018359884619713 0.2779207229614258 2.678501531481743 0.9188304990530014 2.467946514487267 0.2573525011539459 1.711378484964371 3.460882350802422 4.684368014335632 1.945317253470421 0.4465882778167725 0.2611820101737976 0 0 0 0 0 0 0.1494636386632919 0 0 0.1052626520395279 0.2171907424926758 0 0.2674115970730782 0.1163021400570869 0.5565411671996117 0.1212980523705482 0.126960277557373 0.5845825672149658 0 0.5867898762226105 0.7353441119194031 0 5.390979155898094 0.4263424128293991 4.22968690097332 4.979461312294006 1.525089539587498 0 0 0.1370259523391724 0 0.3014332354068756 0.7199075073003769 0 0 0.2059598416090012 0 0.1727417260408401 0.3351000100374222 0.3176423609256744 0.1232767254114151 0 0.3920700550079346 0.1720850020647049 0 0 0 0.4523993283510208 0.5359603688120842 1.626872316002846 0 0 0 0 0 0.1705920249223709 0 0.08765803277492523 0.5865116268396378 3.688583269715309 1.603857517242432 0 0.2243084833025932 1.180243119597435 1.746366545557976 0.4641943275928497 0.2710671275854111 0.1252875179052353 0 0.5484566688537598 0 0.6154927164316177 0 0 0 0 0.1438957899808884 0 0.4530799761414528 0.2468808740377426 1.946375355124474 4.127744361758232 3.014505587518215 211.2914931848645 15.21050161868334 166.0432841181755 49.39591250568628 61.52151825278997 13.88064558058977 1.438026793301105 20.24839912354946 4.604335509240627 0.2285964637994766 2.470365799963474 0.7677146345376968 5.294701725244522 0 0 0 1.5632104575634 0 45.56899061799049 2.09087461233139
2134.757510997355 2216.548887111247 53.70175944268703 871.4727507457137 127.3921898081899 564.077519826591 1183.025578722358 4.733543612062931 26.85775198042393 3359.701945915818 3.826611511409283 1247.663794755936 2172.691532559693 74.84563189744949 5.656090892851353 0.2125296890735626 0 0 0 0 0 0 0 0 0 0 0 0 0 0 111.7475287690759 0.3218902423977852 0.5763009116053581 0 0 0 1.819964721798897 0.09814037382602692 0 0 0 0.1584536135196686 0 0.1211100891232491 0 0 54.98793280124664 20.75548209995031 0.8220139518380165 0.5585807487368584 0.5369892790913582 0.1109159216284752 0 0 26.30457267910242 42.11850940436125 138.8504321575165 306.1064392030239 95.89466792345047 50.56889772415161 0 0.2015504240989685 0 17.95582815259695 28.40198296308517 16.58109595626593 2.283564172685146 2.20361902564764 1.280767597258091 0 3.162625357508659 0.2338143438100815 0 174.0478541776538 16.00849011540413 35.98836234211922 2.264695674180984 0.51544389128685 0 1.177155263721943 0 0.8778847828507423 45.69996204972267 0.2279270738363266 17.7556748688221 17.77131599932909 6.347869917750359 0 3.031783074140549 0 1.787714913487434 0.4551303088665009 0.6626961529254913 0.7555704638361931 0.2237695679068565 7.625981822609901 0.6887273192405701 0 0.316813126206398 600.6018219962716 1.325322926044464 13.68214548379183 63.81553721427917 56.40458264946938 2.762831345200539 129.7425228655338 28.76566656678915 35.12028073519468 58.54223623871803 64.28723136335611 1.824375361204147 31.39988313615322 75.85194862633944 25.13547789305449 1.745889738202095 0.5695741698145866 0.3761487007141113 0 0 0.2199732810258865 0 0 0 0 0 0 0.1594522297382355 0.1509031504392624 0 0 0 0.5928531289100647 0 0.2040280699729919 0 0.1370094418525696 0.3148504495620728 0.2993990778923035 0 1.352610498666763 0.7034676820039749 2.630906730890274 1.372978657484055 0.7364451587200165 0 0 0 0 0.5128117203712463 0.7939507365226746 0 0.6920513734221458 0.5368655696511269 0 0 0 0 0 0.08783023804426193 0.6050426959991455 0.2484806329011917 0.6439272463321686 1.295475952327251 2.542765706777573 3.413345217704773 0.2406308203935623 0.4496260136365891 0.59940205514431 0.6987674906849861 0.7896294221282005 0.0837642103433609 0 0 0 0 0.6796062439680099 4.218386344611645 0 0 0 0.2579738348722458 0 0 0.4754461795091629 2.37890662252903 0.2937009185552597 0.1047502681612968 0 0.1196261569857597 0 0 0 0 0.3525898680090904 0.08577962964773178 0.1257822662591934 0 11.28028190135956 0 2.678927004337311 191.1951079294086 14.05429487675428 233.9468678608537 25.23267460614443 834.4508339241147 24.7398438975215 5.30127128213644 3.198750510811806 13.19097077846527 0 9.407779932022095 0.4153092503547668 72.04759220778942 0.655341349542141 0.6264068484306335 0 0 0 437.4809816628695 18.49879429489374
60.44860358536243 2226.112930759788 117.4756480529904 127.3921898081899 1205.862290993333 7.903866216540337 2587.656594008207 981.7719719260931 1697.534632109106 418.8178003206849 2723.166343830526 6.425729915499687 505.1683460175991 1223.972737029195 36.60237674415112 0.7827852740883827 0.1099158227443695 0 0 0 0 0 0 0 0 0 0 0.8001802563667297 0 0 183.2445866987109 3.43465393781662 2.582270547747612 0 0 0 6.490918666124344 0.2382768541574478 0.5170513391494751 0 0 0.4312920570373535 0 0.7388585954904556 0 0.1227224990725517 121.4802823215723 10.03964820504189 0.3775712698698044 0.9791731461882591 0.2484561428427696 0 0 0.4564018100500107 7.007008083164692 13.71494106948376 7.580934204161167 56.49832082539797 21.64889599382877 67.81108362972736 0.1112591102719307 0.4201738983392715 0 29.52807404100895 8.759043380618095 5.027770534157753 0.7983236759901047 0.7287881225347519 0.1162136122584343 0.1823714524507523 6.980736523866653 1.665753424167633 0 87.22162625193596 32.9800641015172 85.53978504240513 11.99802780151367 1.217829994857311 0.2045557051897049 2.726747147738934 0.312989853322506 1.033868655562401 16.72861565649509 0.09748239815235138 7.198732852935791 5.788904279470444 3.908507324755192 0 1.034711353480816 0 0.7413496077060699 0 0.3311156779527664 1.078648149967194 0.6641312763094902 2.967066526412964 0 0 0.09717579185962677 9.396195687353611 0 0.4983008801937103 6.136635541915894 1.911742076277733 4.28288871049881 65.46822288632393 7.856772392988205 52.57352101802826 22.7699511051178 26.47776080667973 2.61961555480957 37.46877577900887 55.33379326760769 56.52626918256283 10.04618571698666 1.816250175237656 0.2712693810462952 0 0 0 0 0 0 0.2242874801158905 0 0 0 0.2883887588977814 0 0 0 1.200321912765503 0 0 0 0.7992047667503357 3.589892476797104 1.780121803283691 0 30.72610300779343 9.453948557376862 48.56512647867203 20.0746755450964 3.412416771054268 0 0 0 2.264210820198059 5.463160663843155 2.422599121928215 0 2.331440016627312 4.848247244954109 0 0 0 0.5365000665187836 0.3876218646764755 0.3007597923278809 1.641581058502197 0.1073165461421013 3.054609268903732 1.181655824184418 0 6.64773017168045 2.859978169202805 22.21760891377926 0.5870559811592102 1.57366481423378 1.038957819342613 0.2487037032842636 0.1403161734342575 0 0 0 0.2335448265075684 30.48733352124691 6.031602203845978 0 0 0 14.72288171947002 3.170167088508606 8.014150857925415 3.912342205643654 1.043902814388275 2.50163845717907 1.19291889667511 0 0.3863759338855743 0 0 0 0 0 0 0 19.4498647749424 25.58233660459518 47.94753639400005 441.2603107616305 11.97801017016172 245.7090060040355 61.56944408267736 62.62832881510258 26.95909846574068 1.122781999409199 70.23637018352747 38.21788639575243 0 30.77361283451319 6.197982713580132 42.14147767424583 1.830161482095718 0 0.8080542087554932 2.409709349274635 0.2444033920764923 72.44467662274837 30.31736876070499
175.9312301725149 83.5500024408102 4.144958034157753 564.077519826591 7.903866216540337 0 187.050300642848 4.972402542829514 4.959152400493622 1542.959245450795 4.580850705504417 278.8423950448632 183.8928025737405 11.56384187936783 0.2275571078062057 0.2710316404700279 0 0 0 0 0 0.2144725918769836 0 0 0 0 0 0 0 0 12.00895442068577 0.20304274559021 3.591480329632759 0 0 0 20.77532091736794 2.661877855658531 3.714968681335449 0 0 0 0 0.1358573883771896 0 0 1.101425155997276 0.3360642641782761 0 0 0.161173403263092 4.07198278605938 0 1.26631286740303 0.5031511411070824 2.831729799509048 182.4935534745455 25.08730771392584 13.89450038224459 0.3909743651747704 0.2988548576831818 1.464348182082176 0 0.4442436993122101 0.2457801699638367 0 0 0 0 0 158.2501444816589 32.86095693707466 1.779168054461479 4.805861510336399 0.5612068623304367 0.44904625415802 0 0 0 1.642845839262009 0 0.7798949480056763 0.7116229459643364 1.248081147670746 0.2381201535463333 1.084160208702087 0 2.670203767716885 1.561302900314331 2.880908325314522 0.4450426399707794 2.532881945371628 0 0.2154931277036667 0.231592059135437 167.0312019884586 103.8401237130165 2.872455507516861 10.83729732036591 167.7739329859614 0 0 0.4765826016664505 0.5932016372680664 0 9.538217157125473 0.5432346761226654 1.467394113540649 1.468526363372803 1.764785304665565 0 1.153185501694679 2.441597267985344 1.171414509415627 0 0 0 0 0 0 0 0 0 0 0 0 0 0.1111914590001106 0 0 0.3605867624282837 0 0 0 0 0 0 0 0 0.350801944732666 0 0.5219975858926773 0.2120951041579247 0.1362641751766205 0 0 0 0 0 0 0 0 0 0 0 0 0 0 0 0 0 0 0 0 0 0 0 0 0 0 0 0 0 0 0 0 0.5480968207120895 0.6313612461090088 0 0 0 0 0.1499092429876328 0 0.2808950543403625 0 0 0 0.6024439930915833 0 0 0 0 0 0 0 0 1.58810231089592 0.1686742454767227 0.4489626437425613 2.232696816325188 0 1.478577226400375 0.9394473880529404 152.9691994041204 14.45338426530361 0 0 0.5559428632259369 0 0.2906829416751862 0 3.237049698829651 0 0 0 0 0 43.7842927351594 1.568350315093994
250.0950404256582 1759.773530557752 41.57207152247429 1183.025578722358 2587.656594008207 187.050300642848 1783.2341914922 300.1695527359843 2043.002949908376 4025.615963131189 885.8719315975904 108.8179618120193 3520.533991113305 1826.81924906373 38.87095598131418 1.293846786022186 0.248292401432991 0 0.2380984947085381 0.1913638710975647 0 0.1844718605279922 0 0 0.44153892993927 0 0 0.4204427301883698 0 0 150.618518859148 2.672072842717171 3.703561872243881 0 0 0 9.1481943577528 1.487031683325768 0.7381075024604797 0.2113858759403229 0 0.5735144317150116 0 0.1141595244407654 0 0 146.0071521773934 18.17307161539793 2.586380869150162 0.9490189626812935 0.3707058504223824 0.2050701230764389 0 0.5407952070236206 16.16914930194616 27.60723729431629 23.8991322889924 110.2759129554033 41.05667839199305 94.12757106125355 0.2358252480626106 2.496103070676327 0 46.1782728433609 17.18103162944317 10.27296384423971 0.9862045273184776 2.217753991484642 0.7773384302854538 0.2696149200201035 15.01129787415266 0.9700706303119659 0 138.1006703451276 40.77849031984806 106.9091215655208 12.48899617046118 1.765834704041481 0.1478560715913773 1.437416695058346 1.186022892594337 1.183991767466068 31.98880768567324 0.08779329061508179 12.50677759200335 10.45279295742512 6.693969033658504 0.2264595180749893 2.355384171009064 0 2.177087105810642 0.4309617802500725 0.6142937988042831 1.021084077656269 1.329627498984337 43.32869429886341 1.499772071838379 0 2.328204244375229 69.81108531355858 2.711594879627228 16.34682953357697 73.45611899346113 54.00864680856466 16.89332739263773 352.3708286732435 39.06154875457287 195.6977301836014 122.7985624596477 140.3375384807587 10.81215226650238 180.2419715076685 284.7291107028723 230.9204900711775 46.94190268218517 1.307722270488739 1.708630718290806 0 0 0 0 0 0 0 0 0 0.1847594678401947 0.6717549264431 0 0 0.693537175655365 2.403146415948868 0 0.1499684005975723 2.454976603388786 3.045452743768692 0.8698804974555969 1.248193979263306 0.9509752988815308 77.88510100543499 18.37702168524265 109.6274752318859 52.88533660769463 7.792527571320534 0.4326674342155457 0 0 1.160518258810043 7.537216901779175 4.044059261679649 0.1831158846616745 6.232808567583561 4.873547315597534 0 0.2224747538566589 0 0.3061197400093079 0.2631192803382874 1.482959240674973 3.803786471486092 0.3631891012191772 5.568690657615662 6.04690920561552 2.983200319111347 20.25039014220238 14.27766194939613 51.27416165173054 4.619454801082611 3.510790005326271 2.85831418633461 0.7794539034366608 0.3094013631343842 0 0.2019936889410019 0 0.2322017401456833 105.1054531633854 11.48505699634552 0.2580949664115906 0 0.2192474603652954 46.91943727433681 15.5089675784111 21.94300964474678 13.36338967084885 1.096852377057076 3.365945339202881 0.6574817597866058 2.203185677528381 1.946306943893433 0.2046778202056885 0.1869562417268753 0 0 0 0 0 94.97185177356005 67.77661429345608 104.094425663352 590.7295264229178 21.27422387897968 367.4914856106043 73.78899110108614 333.414091616869 38.94471008330584 2.566750563681126 93.66099382191896 81.71312092244625 0.7692722231149673 72.37235858291388 13.40015356242657 132.0756881460547 6.941588290035725 0 4.577779978513718 1.310141801834106 0.7847713232040405 404.3062198460102 84.33321552723646
357.0892661064863 1098.64250857383 3513.816129393876 4.733543612062931 981.7719719260931 4.972402542829514 300.1695527359843 1271.392900615931 638.6231672018766 8.581647612154484 1080.643038190901 29.33368866145611 435.0013516694307 1266.909886680543 159.483157068491 38.06670264899731 1.875413529574871 7.224727593362331 1.441774941980839 16.70773305743933 57.28545583039522 3.246486604213715 42.02674462646246 20.21371868997812 11.34082364290953 4.729202836751938 22.28158798068762 3.889087051153183 2.071948349475861 11.59859766811132 3079.471088804305 1685.436051569879 124.3820474296808 35.46161208301783 13.36222296953201 19.79115351289511 197.5087630227208 60.89061772078276 7.862835995852947 14.26258572936058 8.761421181261539 16.94164673984051 13.8143207654357 7.027962774038315 7.569808714091778 6.855386480689049 246.7382022812963 12.97505464404821 3.134606927633286 27.94566878676414 4.556472554802895 3.181580863893032 0.4394390881061554 11.14854383468628 10.42964864522219 14.92636530846357 13.52814596891403 140.5567678436637 31.43129131197929 118.475599296391 167.1935864537954 33.95584903657436 4.438054077327251 249.6722036898136 12.85413336008787 9.9006452485919 6.07968358695507 17.71302280575037 46.04499785602093 101.5907864123583 71.57138401269913 1.878784477710724 0 133.4871686697006 86.11361148953438 258.9662123918533 82.31120504438877 82.12421488761902 842.8764722049236 666.6661271452904 191.9204879850149 681.8204947412014 20.28079985827208 0.1001897975802422 10.84840077906847 13.15153039246798 15.91567394137383 0 1.351101577281952 0.2621528804302216 3.838729821145535 2.252471014857292 136.6822514384985 8.066959254443645 7.206763662397861 16.31687764823437 5.267225347459316 0 1.77534868568182 103.2904996201396 0 0 0.5266016721725464 0.1407852470874786 2.519640475511551 9.887323603034019 0 7.293876647949219 1.160162791609764 0.6309049278497696 0.4678412526845932 3.632939144968987 6.227555595338345 9.049229495227337 3.122235834598541 1.379329897463322 1.076572343707085 0 0.1080514118075371 0 0 0.2205815464258194 0 0.2817504853010178 0 0.1499400734901428 0 0.3909840434789658 0 0.5551387220621109 0.1108922734856606 1.957346461713314 0.3027824684977531 0.4722966179251671 0.6170405447483063 0 0.5456570088863373 0.22893887758255 0.1189267262816429 7.924515254795551 2.055178508162498 11.19286704808474 9.456177324056625 5.435827285051346 0 0 0.2759852185845375 0.2027452439069748 1.104807280004025 0.9387097060680389 0.580857627093792 0.3751920163631439 0 0 0.3663773462176323 0.3668957352638245 1.788683854043484 1.772893004119396 0 0.3450200408697128 0.19334676861763 0.5179347544908524 1.051671013236046 0 2.418006777763367 5.078108057379723 4.495072275400162 1.544149935245514 0.9595464617013931 0.3001035302877426 0 0.1431366801261902 0 0 0.3472454249858856 1.748730339109898 10.47392483055592 2.52056573331356 0 0.3700501844286919 1.960447624325752 2.899742014706135 2.176348879933357 1.754561215639114 0.8678588345646858 0.6980831399559975 0.6129458323121071 0.5366788432002068 1.270030707120895 0.3552626445889473 0 0 0 0.1010880395770073 0.6607802882790565 1.04445880651474 0.8264743462204933 3.567154973745346 12.74642734229565 13.58299972116947 711.3945416212082 25.56582085043192 403.1552974134684 195.4701859131455 44.49483662843704 39.27354119718075 1.180116645991802 125.8415288701653 10.51823608577251 0.5349043980240822 3.704161956906319 2.093627244234085 7.431310579180717 0 0 0 8.278946354985237 0.3343043327331543 39.73903024941683 10.1213264092803
11.10578314960003 2835.819311119616 185.3936663717031 26.85775198042393 1697.534632109106 4.959152400493622 2043.002949908376 638.6231672018766 289.2588213980198 422.9852020442486 1534.36975684762 13.28109849989414 651.8152415007353 621.5227650254965 25.47768895328045 1.840200178325176 0.2345049679279327 0 0 0 0.1553150415420532 0 0 0.1071048974990845 0 0.13649982213974 0 0.6073293536901474 0.3686095774173737 0 58.94593837857246 1.843184888362885 2.48537515103817 0 0 0 4.029081754386425 1.232178874313831 0.7426235377788544 0.3047145307064056 0 0 0 0.2875582575798035 0 0 68.31790366768837 2.705399625003338 0.1397731006145477 0 0 0 0 0.1957379430532455 1.981616497039795 4.152710609138012 2.890524886548519 8.177357748150826 9.150136858224869 30.47476378828287 0.3166327178478241 0.3186503201723099 0 11.27697736769915 3.163424663245678 1.959359593689442 0.08391855657100677 0.1173459812998772 0.2670609503984451 0.08765492588281631 5.736556068062782 1.093531847000122 0 30.3447645008564 12.40754941105843 51.237713560462 6.859716795384884 1.104619726538658 0 2.938276574015617 0.1193429529666901 1.980037823319435 3.538835920393467 0 3.613823376595974 1.832342699170113 1.431046225130558 0 0.3062393739819527 0 0.3863715007901192 0 0 0.1109689474105835 0.3627269342541695 7.715436235070229 0.2715813964605331 0 0.4052629172801971 1.940903410315514 1.21106693148613 0.7425870895385742 10.57339444756508 3.433303743600845 7.055870816111565 87.12098187953234 5.561021208763123 98.24241103231907 26.15362229943275 25.71380700170994 7.415754422545433 49.61444500088692 86.95225144922733 81.59534282237291 16.6508649289608 2.20537643134594 1.471916988492012 0 0.4119212925434113 0 0 0 0 0.2206829935312271 0 0 0 0.585108757019043 0 0.2504479587078094 0 0.5773873031139374 0 0 1.977891221642494 0.6917401105165482 0.2068672031164169 0.6772900521755219 0 39.47600334882736 10.10668706893921 61.83639194071293 18.54987458884716 6.55615046620369 0 0 0.2278816848993301 1.128779530525208 3.814713805913925 3.340326368808746 0 2.194192841649055 1.168131127953529 0.2697686553001404 0 0 1.081500217318535 0.1404041945934296 0 1.85228443145752 0.3003967553377151 1.106006637215614 1.165313005447388 1.051147282123566 6.224148124456406 7.554149091243744 27.96785858273506 0 0.6690414398908615 1.65294523537159 0.1738603562116623 0.5704046338796616 0 0 0 0 47.73304827511311 3.594924584031105 0.6393446028232574 0 0 18.7493504434824 7.963655799627304 9.784079730510712 4.744263753294945 0.47493776679039 2.036782547831535 1.612872362136841 1.843070060014725 0 0 0 0 0.2208043038845062 0 0 0 30.88264705240726 30.73201312124729 37.7175312936306 337.2004929110408 7.285825774073601 119.2001146748662 46.72554805874825 18.08710958808661 14.92998085916042 0.2957943230867386 59.7598195001483 20.18846939504147 0.3436838835477829 23.68285171687603 6.386831805109978 54.03072746098042 0.5256200432777405 0 0.612138569355011 2.390865907073021 0 52.76514074206352 26.24225123971701
2176.874096564949 570.0497776642442 15.12322571128607 3359.701945915818 418.8178003206849 1542.959245450795 4025.615963131189 8.581647612154484 422.9852020442486 1882.75660598278 40.289241746068 3281.429730057716 6437.589700832963 1603.959531605244 5.309495009481907 0.2395949736237526 0.1191239953041077 0 0 0 0.1077816858887672 0.2231986373662949 0 0 0.115234412252903 0 0 0 0 0 36.89562544971704 0 16.17463032156229 0.1635890752077103 0 0 53.25020492076874 0.3383766561746597 1.309056848287582 0.7987651228904724 0 0.1094334721565247 0 0.1799423694610596 0 0 31.99950533360243 6.582352623343468 0.5026626884937286 0.3915737047791481 0.1184388622641563 1.830342024564743 0 0.4208982884883881 12.62092553824186 21.63727844506502 156.9855700805783 132.595253482461 42.48571982979774 28.46043822169304 0 0.2481511533260345 0.2412074059247971 9.028084695339203 13.8933781683445 4.073062166571617 0.8278281763195992 1.28347235918045 0 0.09746836870908737 154.3032546043396 2.319880217313766 0.3255808651447296 76.14090702682734 7.469597801566124 19.19363772124052 2.192007653415203 0.4165671467781067 0 1.491698548197746 0.1211734339594841 0.530809685587883 19.83150053024292 0.5107823610305786 6.85991657525301 8.905175417661667 3.290234185755253 0.2769477069377899 1.321446612477303 0.3849518150091171 1.39802810549736 1.235341861844063 0.1175222173333168 0.6140069738030434 0.6856368631124496 157.4866964370012 36.6311581581831 0 4.063874647021294 636.5752622559667 0.1251541823148727 12.91903074085712 45.05953942984343 56.64727608859539 10.44347812235355 319.0214814767241 64.46976612508297 147.6641007140279 130.5630506873131 207.1136568486691 5.099583059549332 116.0268801525235 293.19169087708 180.2091564685106 19.98126956820488 0.4190934672951698 0.9518511891365051 0 0 0 0 0 0 0 0 0 0 0 0 0 0 0.4898392558097839 0 0 0.6016387939453125 3.553497195243835 0 0 0 27.15362457931042 4.609060138463974 23.81611761450768 6.262186363339424 1.366211235523224 0 0 0 1.026137709617615 0.1327753812074661 0.8865476846694946 0 1.480253845453262 0.1527888178825378 0 0.6697925478219986 0 0.6229417026042938 0 0.1241551414132118 1.711092427372932 0.2490816041827202 1.171882629394531 0.5218475461006165 2.298215910792351 4.361663311719894 2.99638432264328 16.0662547647953 0.9618863016366959 1.089368082582951 0.6864333003759384 0.1811176091432571 0.5994162037968636 0 0 0 0 52.26077106595039 5.290428057312965 0.6514882743358612 0 0 12.24824999272823 2.845524549484253 4.509370714426041 3.222952522337437 1.189368963241577 0.8353457748889923 0.5407949984073639 1.870692133903503 0 0.1062401905655861 0.9015933275222778 0 0 0 0 0 98.11988944560289 14.73260213434696 17.58993811905384 197.0376921072602 5.874810747802258 115.6929880008101 16.54249487817287 999.1251424998045 20.64964213222265 1.738056212663651 4.40711535513401 43.62507854402065 0.872453972697258 16.75619452446699 2.712503276765347 197.0583390668035 2.338881880044937 0 0.4303336143493652 0 0 695.4218885302544 90.73202700167894
193.8843992352486 1836.671803355217 1353.057340793312 3.826611511409283 2723.166343830526 4.580850705504417 885.8719315975904 1080.643038190901 1534.36975684762 40.289241746068 323.9981892779469 56.7178236246109 1765.652581758797 5913.036604978144 86.83224728703499 24.75140863656998 1.114614509046078 0.5135668814182281 1.280759185552597 0 4.450514003634453 1.317913115024567 5.849310696125031 2.879903517663479 3.325835108757019 0.6626290678977966 9.129448503255844 3.356989026069641 3.106930166482925 4.950490742921829 540.4605940803885 28.88646727055311 1428.187080167234 3.077820636332035 0.8028802126646042 0.8642846494913101 1203.982584625483 57.20171557366848 6.874886326491833 4.541768074035645 3.212879210710526 3.740210570394993 0.2103754803538322 4.390394367277622 1.359802268445492 1.335571855306625 125.0270851999521 4.489931412041187 0.917886845767498 1.469410471618176 0.5726169049739838 1.737785711884499 0 12.0454443693161 3.009579822421074 5.744810149073601 4.463122434914112 43.20055188238621 11.27532923966646 44.40555422753096 1.480312205851078 15.30685003846884 1.404419831931591 41.34767471253872 4.653836622834206 3.376887306571007 1.182521604001522 2.579009264707565 2.554798625409603 8.9938810095191 315.6021630093455 2.057124570012093 0.1060462519526482 47.93494275212288 30.93401144444942 105.8290325626731 39.26330121606588 13.87234265357256 42.4635079279542 158.6613439098001 0.6962882950901985 22.59943280369043 6.169273160398006 0 2.824335977435112 3.201267100870609 3.229938492178917 0 0.4902433753013611 0.4717545211315155 1.050027802586555 0.1019413396716118 15.95292787253857 4.368483982980251 2.463629931211472 17.79182285815477 4.928392268717289 0 0.642900824546814 42.74826624244452 0 2.364150404930115 1.103241130709648 0 1.71029506623745 17.1625615209341 0.1935538947582245 10.53449000418186 2.346600346267223 2.208909064531326 3.531677022576332 8.093974322080612 13.53008491545916 15.21672872453928 8.216899260878563 1.004114791750908 0.333467036485672 0.1221528351306915 0.08453100174665451 0 0 0 0 0 0.1808990836143494 0.1530714184045792 0.1707886457443237 0.3838115856051445 0.1498885899782181 0.6272300258278847 0.6810312569141388 1.917413957417011 1.074204593896866 0.8589152172207832 0.1356974542140961 0.5799045860767365 0.1310076415538788 1.242513760924339 0 13.29190384596586 2.895443774759769 19.54826606065035 11.29145885258913 4.058134630322456 0.1679466515779495 0.1972603499889374 0.2157360315322876 0.3021249771118164 1.101832434535027 1.138282522559166 0.1187188848853111 0.7370708435773849 0.7653212025761604 0 0 0 2.330218903720379 0.6157367378473282 0.1148827224969864 0.1215293556451797 0 0.5732781291007996 0.1215099468827248 0 3.120269149541855 2.232040502130985 10.21143577992916 0.3223225772380829 0.735493965446949 0.2881586700677872 0 0 0.1023391559720039 0 0.1611562967300415 0.4674155414104462 17.23089991509914 2.095585487782955 0.2909429967403412 0.1632530689239502 0.2007130831480026 7.194175511598587 2.913223341107368 4.971617221832275 2.789835579693317 0.1169717311859131 0.9879226759076118 0.9706023186445236 0.1214161515235901 0 0 0.1305342018604279 0 0 0 0.106123760342598 0.3357209339737892 7.340830430388451 17.21932043135166 19.02109747380018 654.3304108157754 11.37696935236454 211.2359338030219 123.8439659029245 29.30163481086493 20.87684811651707 1.122945666313171 120.3520968332887 8.068042986094952 0.1178122982382774 7.832086898386478 2.880275219678879 6.08842308819294 0.3359006941318512 0 0.207900658249855 8.379296571016312 0.7990282773971558 31.52871482819319 12.47244533896446
239.6842555850744 40.73709239810705 36.22520973533392 1247.663794755936 6.425729915499687 278.8423950448632 108.8179618120193 29.33368866145611 13.28109849989414 3281.429730057716 56.7178236246109 111.244773581624 1314.986621946096 91.85779310762882 11.81565062701702 5.551978431642056 0.1152585074305534 0 0.1477958261966705 0.1486889719963074 0.4382895082235336 0 0 0.1400215178728104 0 0 0.1923294067382812 1.002834886312485 1.058013647794724 0.1878943890333176 13.4165925309062 0.2011235952377319 30.28010582923889 0.1357520073652267 0.1120103895664215 0 165.0548676401377 2.375862181186676 0.9557157829403877 0.8314109593629837 0 0 0 1.725347049534321 0.6353611052036285 0 16.50197657942772 2.454545587301254 0 0 0.2344239950180054 0.332524299621582 0.09249221533536911 0.903808981180191 3.099126845598221 4.363034203648567 29.05012853443623 26.38843703269958 7.517516143620014 7.149257577955723 0.1247247159481049 2.734445855021477 0 5.510533861815929 3.016282677650452 1.589454643428326 0.1967974752187729 0.3257520720362663 0 0 310.2130631506443 3.549208551645279 0.6819976568222046 14.96265999227762 3.999338530004025 11.10613810271025 4.012001976370811 3.312979206442833 0 18.78600066155195 0.1396322101354599 2.815577000379562 5.197540208697319 0 1.256323851644993 1.877315439283848 0.3373098373413086 0.4845651090145111 0.3290570750832558 0 0.22757338732481 0.1237522438168526 0.477306604385376 0.2561607286334038 0 578.2223982661963 42.49725130200386 0.2715929746627808 3.831418052315712 123.4508028924465 0.9043737798929214 3.865325585007668 22.68796786665916 12.77941958606243 12.82440961897373 229.1246691420674 31.40744187682867 169.8799801915884 105.0123336538672 134.7930675148964 9.835667788982391 150.1746996715665 337.2612833306193 283.1219131723046 53.75587666034698 2.390376321971416 1.375679045915604 0 0 0 0 0.2673874199390411 0 0 0 0.1381746232509613 0 0 0.1154066920280457 0 0.2222180366516113 0.2459003105759621 0.1586553603410721 0.1153929680585861 1.462239429354668 3.45277938246727 1.031537026166916 0 0 89.583874322474 8.794534280896187 53.70088550448418 14.60608664900064 3.436683915555477 0 0 0 0.6837692856788635 4.369373068213463 0.8666849285364151 0 2.276689767837524 2.328689306974411 0 0 0 0.8049428090453148 0 0.4776117280125618 1.096454851329327 0.2753975167870522 2.26172874122858 0.4267505556344986 0.5043013542890549 5.417635351419449 4.094538345932961 53.34672686457634 0.4235430955886841 1.660941496491432 0.9526308551430702 0.2882498800754547 0 0 0 0.254406064748764 0.1435577571392059 135.3540759906173 14.24101063609123 0.1523432582616806 0.3633967936038971 0.2071580141782761 39.19400596618652 7.595329314470291 14.18731606006622 7.683591365814209 1.031129688024521 2.456675305962563 0.5370511412620544 0.2719273045659065 0.1679610162973404 0 0.1385576277971268 0 0.1869180351495743 0 0 0 159.6957507133484 48.94713530689478 47.21395105868578 173.6364722698927 1.694806888699532 49.20562569051981 23.16707579791546 266.7917541563511 6.025045529007912 0 14.95457752048969 30.30937231332064 0.8330345898866653 33.81131473183632 8.168156087398529 84.35972075164318 1.310641422867775 0.7637623846530914 1.34452897310257 1.159193217754364 0 947.4211864247918 167.0819136574864
