515.0428161621094 3458.162950731814 674.9813828468323 971.0435696840286 100.2405546084046 487.9558766484261 313.1626319438219 98.1583336815238 16.34725713729858 763.5997120663524 171.249309130013 108.3473863825202 192.9995176717639 57.11043539643288 0.4430089518427849 1.966278180480003 0.3597602322697639 0.313399076461792 0 0.6243440806865692 1.364059083163738 3.179925046861172 5.722858466207981 3.970502622425556 3.364395007491112 0.4332170188426971 3.280278354883194 0.3067891895771027 0.8936498612165451 0.7104049772024155 984.8749758079648 16.22697019577026 15.24253511428833 1.141017027199268 5.108577951788902 2.140282936394215 20.89493691176176 3.968810208141804 10.02721554040909 2.927404575049877 3.366730645298958 1.904735714197159 1.045269794762135 1.550436027348042 0.2296514287590981 0.5058448165655136 23.0063137114048 0.6038076728582382 0.7113671898841858 2.190036080777645 1.543287500739098 11.16370237618685 3.421022318303585 1.536162361502647 10.43425427377224 16.52172343432903 229.0668249279261 768.5730289891362 114.2431395724416 22.12312306463718 3.525006592273712 9.756795398890972 0.4391342848539352 14.5310100466013 2.57140289247036 1.005031079053879 0.9550179839134216 0.9534977748990059 2.892699860036373 3.108406484127045 26.94063778221607 100.4798211082816 1.053854808211327 335.4182792752981 38.27187553793192 16.00724650174379 2.937875621020794 2.694438971579075 5.30958154052496 53.66182593256235 2.754255063831806 20.5966484323144 11.78237704187632 2.012529984116554 0.4088968932628632 5.712844207882881 1.086410693824291 1.815293557941914 1.858139000833035 3.666045129299164 0.7322603687644005 1.721459858119488 3.444764792919159 6.361301869153976 4.115022584795952 321.294364541769 220.0889101922512 20.59587548673153 23.28679913282394 561.9760947003961 3.382147885859013 41.9003853648901 9.371441781520844 5.255306750535965 2.854061707854271 8.384911201894283 24.07720104604959 6.647356659173965 12.130853921175 19.32638217508793 3.711917579174042 16.54556638002396 28.61534695327282 12.49317961186171 4.263290695846081 0.2941992357373238 0.161571279168129 0 0.08662572503089905 0 0 0 0 0 0 0.1333763301372528 0 0.1832337230443954 0.2688669860363007 0 0 0.2540752291679382 0.6427896320819855 0.1719500124454498 4.923946738243103 2.391807109117508 0.1189242005348206 0.2435804605484009 0 1.811478398740292 0.6110789626836777 2.539788790047169 2.526731677353382 1.331331104040146 0.4669072329998016 0 0 0 0.1108370274305344 0.3909676223993301 0 0 1.710467159748077 0 0.7793087512254715 0.12436743080616 1.023666128516197 0.1350555121898651 0 0.3007835447788239 0 0.1306585967540741 0 2.84263750910759 0.3612683787941933 0.1135739237070084 5.841449461877346 0.8021593987941742 0.1424365490674973 0.1275951564311981 0 0 0 0 0.112940177321434 0 14.12461430579424 1.641941040754318 0 0 0.1331974416971207 2.437567315995693 0.7253667712211609 1.912810824811459 0.7036863937973976 1.720878809690475 0.4478746354579926 0.2528563365340233 0.4265940189361572 0 0.2676487192511559 0 0.1173747032880783 0 0 0 0.09109164029359818 49.64522689580917 4.483010545372963 6.569943532347679 69.7307840809226 6.56285434961319 50.26569673418999 7.680011287331581 567.6074874922633 22.73248088359833 4.531182490289211 1.837701462209225 18.27573846280575 0 3.235442742705345 1.642559468746185 199.7965086996555 0.2930935397744179 0 0 10.64312613010406 0.2539029493927956 994.4451064839959 41.10783150047064
3458.162950731814 5331.769680671394 1130.310859292746 838.2528428658843 3008.67125672847 596.0770153850317 3237.96522000432 945.5307552888989 1308.866540208459 1666.772784002125 1611.279964953661 348.2256749495864 1988.159304283559 2667.71915371716 29.57986321300268 33.18582033365965 2.073763959109783 0.09650791436433792 0.1098317205905914 1.269435115158558 2.383728079497814 2.259911216795444 11.06887658685446 6.863812178373337 7.23283963650465 0.6813159883022308 6.701583124697208 0.4967542961239815 3.99836528301239 1.67990792542696 1900.748303547502 121.9961196407676 104.7953480705619 1.762677408754826 10.77868631482124 3.393360301852226 83.78411199897528 10.22424709796906 30.44782457500696 7.504007682204247 7.301942259073257 3.840541377663612 1.033642798662186 14.69648940116167 0.2628677859902382 5.207146316766739 141.2881673201919 3.054335229098797 1.2732884734869 4.315990418195724 1.470261923968792 3.228508770465851 2.845958836376667 1.975143395364285 22.92119734734297 43.62286946177483 173.2420461401343 959.0602244436741 101.1036686748266 72.98424320667982 7.927125208079815 22.79036108404398 0.9318675324320793 167.1847770363092 10.48944955319166 2.66613931208849 1.67498154938221 1.963923878967762 4.926444031298161 6.924176789820194 117.0841016024351 22.91016855835915 0.9097269326448441 485.2028366774321 204.9787575155497 155.1737027838826 60.5508778989315 62.1727963462472 19.44594840705395 130.2605333477259 9.802963919937611 43.19206371903419 33.72773639857769 3.756573766469955 1.68135280162096 15.35260923951864 2.094962067902088 0.8346772715449333 3.322215378284454 1.46668579429388 1.370835147798061 1.127628289163113 7.090480603277683 12.12941388785839 9.316920377314091 280.6982413604856 137.5702759772539 2.580033898353577 51.07917004078627 589.2790845930576 4.381318241357803 15.55082952976227 6.683640316128731 1.696602627635002 6.516536638140678 8.428544670343399 8.656644411385059 13.29410493373871 11.77007078379393 16.82199973613024 6.514487877488136 21.38765333592892 33.95106150954962 19.52497298270464 10.61765642464161 2.727381557226181 1.690893709659576 0 0.136381670832634 0 0 0 0 0 0 0 0.09631231427192688 0 0 0.1187143325805664 0.3056416809558868 0.1004422307014465 0.2389166727662086 0.1314935237169266 10.36719801276922 3.383898183703423 0.1675131469964981 0.4037385210394859 0 4.742360137403011 0.7091362103819847 3.348733000457287 7.368874095380306 0.7295908257365227 0 0.2883325070142746 0 0 0.3152454644441605 0.2567012012004852 0 0.08750402182340622 3.55643368512392 0 0.1085957959294319 0.1206036135554314 1.246647968888283 0.2261897996068001 0.2549493014812469 0.1837484985589981 0.3836411610245705 0 0.5514596700668335 0.862050473690033 0.455507829785347 1.684336245059967 9.913691200315952 3.684783346951008 0 0 0 0 0.1103956624865532 0.1368213444948196 0 0.1261996030807495 27.3270850032568 0.3617568537592888 0 0 0.4601596370339394 6.608854047954082 1.93696416914463 5.807994820177555 0.2244161888957024 3.709183610975742 2.263094455003738 1.193989433348179 0.2024269998073578 0 0.2942920327186584 0.2843111902475357 0 0.09575539827346802 0.1026035472750664 0 0 57.04362756758928 13.24528206884861 17.55070339888334 542.8093621209264 26.27670706808567 288.1858070269227 33.96866585314274 544.8946008384228 57.25646843016148 7.426693871617317 34.4816337749362 18.41460118442774 0.3936017751693726 7.576274625957012 2.255185768008232 57.81964431703091 1.263386100530624 0 0.7446962893009186 7.238379769027233 1.443090692162514 396.9667101129889 41.82684560865164
674.9813828468323 1130.310859292746 1759.738793253899 37.6803944259882 1074.244982242584 159.9760896340013 63.17664899677038 2845.55665140599 441.3845771998167 94.32323575019836 2881.779344670475 28.69189582765102 135.4673997461796 713.0912041887641 4.680382609367371 6.641640439629555 1.099675290286541 0.8946657925844193 0.2073814868927002 3.201170913875103 9.632695265114307 3.801067024469376 40.94434519857168 23.48970492184162 28.32470005005598 2.580020174384117 21.94646169245243 1.996864959597588 12.05097883939743 5.967840917408466 3227.93155836314 813.0572315528989 149.226240105927 4.202431626617908 45.67941446602345 11.37979301065207 127.1358689069748 27.3175345659256 69.06074377894402 18.42162722349167 23.8878757879138 10.21143592149019 3.651823185384274 3.81094016879797 0.6034291386604309 3.836795829236507 12.92889209091663 1.070052869617939 1.093235827982426 12.03556916862726 5.024290904402733 2.904796004295349 6.408275470137596 5.670431666076183 1.052708484232426 1.554749123752117 19.43482884019613 322.0547663643956 11.37599677592516 3.334010526537895 48.52177261561155 84.10030294209719 2.470441691577435 199.7958437055349 0.3496811762452126 1.348971001803875 1.213908553123474 5.027912922203541 16.5655419677496 32.83877218514681 130.8503340706229 14.99503065645695 0.521034300327301 33.35177198052406 11.55075623840094 7.943770237267017 4.608640819787979 29.72451303899288 180.3648772761226 729.5476753860712 61.95577125996351 288.413103275001 1.911549158394337 0.1229434162378311 0.8380501791834831 0.716392420232296 2.46918273717165 0.1090448722243309 1.262010149657726 0.8680225983262062 3.923482872545719 1.323590658605099 24.57896836847067 40.31617423892021 20.71082532405853 156.0748351514339 78.79267366230488 1.18406430631876 90.66792784631252 142.2239074632525 1.589002810418606 5.894970647990704 4.709524936974049 1.566699922084808 4.431880407035351 5.887035638093948 4.565420180559158 7.104719556868076 6.393359996378422 12.27473428100348 5.706363320350647 13.95564908534288 26.78902524709702 15.3951723203063 11.6155406460166 2.445994257926941 1.313462130725384 0 0.107539214193821 0 0 0 0 0 0.1496941894292831 0.1445906013250351 0 0 0.175572082400322 0 0 0.1882111430168152 0.1228287220001221 0 7.487896770238876 1.638811342418194 0 0.2918126806616783 0 4.959868751466274 1.90457309037447 5.874421775341034 9.071615777909756 0.5601319968700409 0.1117834523320198 0 0.2052897959947586 0.1129612326622009 0.6077893525362015 0.4856160879135132 0 0 2.506435379385948 0.3459799587726593 0.3168286979198456 0.1098720505833626 0.5231635719537735 0.9519523605704308 0.1075487732887268 0 0 0.2009385973215103 0.9776938632130623 0 2.254272453486919 2.593484915792942 12.75096166133881 2.230394124984741 0.7115159630775452 0 0 0.1079657375812531 0.3091301620006561 0.4199680462479591 0.1243175491690636 0.1345042735338211 16.06372141093016 1.632277473807335 0.1299772709608078 0 0.3745301887392998 9.53694798797369 1.504321604967117 9.088058263063431 1.610832318663597 3.435723185539246 2.750754676759243 0.6957830861210823 1.056490674614906 0.2721122205257416 0 0 0 0 0.325614258646965 0.2568563371896744 0.2156450152397156 35.92177498340607 6.678893961012363 17.53968448936939 48.92823113501072 2.124840557575226 21.68534628301859 5.816944308578968 73.82798505574465 2.446245722472668 0.09311148524284363 2.699718333780766 15.99371097236872 0 6.998734690248966 1.875681929290295 25.21761845052242 1.328769527375698 0 0.1894540339708328 1.347265675663948 1.385383754968643 122.6878541857004 26.79115834087133
971.0435696840286 838.2528428658843 37.6803944259882 578.4849829226732 29.9309810474515 191.4711992517114 559.1235003694892 1.593328684568405 12.09232513606548 1750.318676173687 7.83923663944006 887.9950862973928 734.3220029622316 58.66591718047857 1.390963196754456 1.048843935132027 0.2878774553537369 0 0 0.1340613663196564 0.09753228724002838 0 0.0948585569858551 0.1230322569608688 0.09379850327968597 0.117324598133564 0 0.08356419205665588 0.1458504796028137 0 89.80638315528631 1.753803983330727 4.368438735604286 0.1105900332331657 0.09295722097158432 0.1281528472900391 0.3933200761675835 0 0.3459628522396088 0.1068284064531326 0.2506747022271156 0.09774436801671982 0 0.479429230093956 0.1064235046505928 0.6049075871706009 37.72274887561798 0.3188106194138527 0.4934758245944977 0 0 0.4490907266736031 0.2324136942625046 0 5.896994091570377 11.72717744112015 37.07917971163988 158.5370787978172 25.16475812345743 22.49827992916107 0.268923819065094 0.1962507665157318 0.3401023745536804 14.36132954061031 2.015862382948399 1.36138267070055 0.2172981128096581 0 0 0.09094419330358505 2.642223693430424 1.061170324683189 0 149.4756189659238 42.14362764358521 29.1528894752264 4.193770036101341 5.229619964957237 0.3674590364098549 0.8099744319915771 0.406659722328186 0.2749189659953117 11.11796577274799 0.4567032977938652 0.2129997238516808 4.355365805327892 0.2159635126590729 0.2223591208457947 0.7151632606983185 0 0.09159693866968155 0.2227420136332512 0.09760604053735733 0.1067991033196449 0.09597856551408768 51.19370590895414 25.4560434743762 2.104952663183212 1.077269487082958 58.00553230196238 0.1651941537857056 0.6213790029287338 0.1373684853315353 0 0 0.570852518081665 0.7376975864171982 0 0.6943276971578598 1.438124477863312 0 0.8860577642917633 0.8333449810743332 0.5149575024843216 0 0 0 0 0 0 0 0 0 0 0 0 0 0 0 0 0 0 0 0 0.7527963221073151 0 0 0 0 0 0 0 0.1562734842300415 0 0 0 0 0 0 0 0 0 0 0 0 0 0 0 0.1334790140390396 0 0.1057977378368378 0 0 0.1776428073644638 0 0 0 0.5099219679832458 0 0 0 0 0 0.1763269305229187 0 0 0.6633523106575012 0 0 0 0 0 0 0 0 0 0 0 0 0 0 0 0 0 0 0 0 1.978892609477043 0.5119755864143372 0.3605774492025375 93.83961087465286 4.868074007332325 58.52220065146685 6.00589793920517 46.34235047549009 16.51307164877653 2.302215948700905 3.953238777816296 0.3627014458179474 0.07280667126178741 0 0 0.8893519416451454 0 0 0 0.3437798023223877 0 42.67415129393339 0.4093747735023499
100.2405546084046 3008.67125672847 1074.244982242584 29.9309810474515 2664.956380240619 5.335457324981689 3046.731546700001 826.0778805539012 5274.405869886279 136.707819417119 1563.045312300324 35.45352690666914 1834.046958610415 5371.455360740423 5.928035721182823 8.402721837162971 0.4851053506135941 0 0.1090492829680443 0 0.08475325256586075 0.1122633218765259 0.851420633494854 0.2141694203019142 0.494254931807518 0 0.0983363538980484 0 0.1066634505987167 0.1052741184830666 155.8054782152176 24.7196474596858 18.41714219748974 0.1007784232497215 0.4539167806506157 0.2518655359745026 6.460230492055416 0.1122109070420265 1.76888370513916 0.2101262360811234 0.1107939705252647 0.09578211605548859 0 3.178678601980209 0.1123484373092651 0.8097172453999519 20.54116209596395 0.1249035745859146 0.1335351169109344 0 0 0 0 0.09469026327133179 2.15876242518425 6.433346815407276 9.24808032810688 64.53916303813457 8.962180383503437 9.799579486250877 0.3301312550902367 1.730387859046459 0.0970686674118042 32.91731987893581 1.524482205510139 0.09765863418579102 0.3059886544942856 0 0.1008348241448402 0.2533598393201828 12.34129207581282 0.3579810410737991 0 40.94573643058538 32.93939280509949 24.42500688880682 11.6921190097928 14.81841638684273 3.626222722232342 10.29711554944515 0.5697333589196205 1.216744862496853 2.887743279337883 0.5929187014698982 0.3644539713859558 2.159321814775467 0.08876983821392059 0 0 0 0.1577067524194717 0 0.1367933452129364 0.5273728296160698 0.3837786465883255 18.55086869746447 2.744040854275227 0.4064789712429047 2.001773461699486 6.435275584459305 0.2578488439321518 1.248415261507034 0.8787790313363075 0 0.6034249812364578 0.4342324137687683 1.893109567463398 0.7536786645650864 1.189682550728321 2.143031805753708 0.3466871678829193 2.989807687699795 4.324060715734959 1.7501270622015 0.6836319714784622 0 0 0 0 0 0 0 0 0 0 0 0 0 0 0 0 0 0 0.4327764213085175 1.534243576228619 0.203725129365921 0 0 0 0 0 0.1012220159173012 0.7261552810668945 0 0 0 0 0 0 0 0 0 1.445714354515076 0 0 0 0.1395474076271057 0 0 0 0 0 0.5499823093414307 0 0.6532207280397415 0.1094063371419907 0.3799380213022232 0.1045519784092903 0 0 0 0 0 0 0 0 2.622213296592236 0.3918508887290955 0 0 0 0.1369581073522568 0 0.1791681498289108 0.2656340301036835 0 0.1135142147541046 0.1301536858081818 0 0 0 0 0 0 0.1113349869847298 0 0 2.667164422571659 0.5719570517539978 0.9020247608423233 92.9032521545887 3.676267668604851 43.43267922848463 5.209168657660484 22.73749324679375 6.051518574357033 1.026519164443016 6.075376965105534 0.4151832461357117 0.1437493115663528 0.9454155638813972 0 8.86226886510849 0 0.123267762362957 0.09403802454471588 0.8776552081108093 0 19.42882537096739 2.169148057699203
487.9558766484261 596.0770153850317 159.9760896340013 191.4711992517114 5.335457324981689 5.845201015472412 26.3272427469492 4.049364283680916 0.4483326077461243 322.5947450697422 16.59812829643488 40.11562342941761 42.17494904249907 10.30355878174305 0.7608489245176315 2.37303950637579 0 0 0 0 0.1230916455388069 8.702266678214073 0.2409163787961006 0.09085109829902649 0 0 0.1010708287358284 0 0.1114325150847435 0 167.4772554263473 3.381041333079338 0.8055473119020462 0 0.2478647232055664 0 3.483185306191444 1.279357098042965 7.535680167376995 1.139796040952206 0 0 0 0.6075394973158836 0 0 5.28859405964613 0.2758148461580276 0.2880134731531143 0 0.09973201900720596 35.7125347033143 4.272144675254822 0.3871826827526093 1.166423864662647 3.05938545614481 67.29784908890724 57.50280201435089 12.43077726662159 4.727084927260876 0.7931720912456512 0.9120285287499428 0 1.862638406455517 0.3727303221821785 0.4029935002326965 0.1317856162786484 0 0.1250526458024979 0 18.23259435594082 356.9590450674295 9.656198166310787 44.58974768966436 9.026144199073315 4.638441912829876 1.021362349390984 1.076338961720467 0.2186109572649002 3.635054089128971 0.338443398475647 2.36717963218689 1.28766031563282 3.740725100040436 0.1022383868694305 1.931093201041222 0.3195773363113403 5.97952326387167 1.491831846535206 15.56582663953304 0.6653168275952339 2.756628431379795 0.3456421345472336 0 1.136509709060192 151.2579924315214 563.1269964575768 91.50223605334759 33.06619112193584 322.5081209093332 0.2620521485805511 23.19906318187714 3.676129072904587 3.550827622413635 1.520391128957272 1.914567977190018 15.1189957857132 1.000151067972183 7.851544350385666 13.49946796894073 2.108474731445312 5.853801131248474 12.58286236226559 5.340079009532928 2.18273201584816 0.2252374961972237 0.3988959491252899 0 0.2832745611667633 0 0 0 0 0.675116240978241 0 0 0 0 0.2200950533151627 1.635629773139954 0 1.12712037563324 1.870690926909447 0.6600842475891113 1.690516345202923 0 0 0.1624050140380859 0.4372365325689316 0.9420565888285637 0 0.6511115282773972 1.193825855851173 0.494248278439045 0 0 0.1863811463117599 0 0.3325318694114685 0.4662924408912659 0 0 0.1261191666126251 0 0 0 3.046088129281998 0 0 0 0 0 0 3.664839684963226 0.719527006149292 0 1.580528356134892 0.3148611336946487 0 0 0 0 0 0.1485301554203033 0 0 6.294717416167259 2.908334970474243 0 0 0 0.7720551043748856 0.9666003882884979 0.3558295518159866 0 0 0.2602295875549316 0 0 0 0 0.135411262512207 0 0 0 0.1258340179920197 0 24.9621600061655 0.8855083137750626 3.305222168564796 19.3338950201869 1.763006389141083 8.214121341705322 1.253737226128578 99.76084788143635 4.812925413250923 0.395541675388813 0.4489103257656097 4.191785678267479 0 0.1483163088560104 0.1447845846414566 65.46792067587376 0.1920176893472672 0 0 0 0 89.25289961695671 29.29846081137657
313.1626319438219 3237.96522000432 63.17664899677038 559.1235003694892 3046.731546700001 26.3272427469492 632.7007774487138 29.97186582535505 2945.42009536922 1143.913878872991 137.6496125310659 359.3726247921586 1790.633012130857 3604.029978521168 22.63808041065931 23.65690834820271 2.283863611519337 0.3754886314272881 0 0.2827121466398239 0.270937904715538 0.07900702953338623 0.1950676515698433 0.2347823604941368 0.3271412327885628 0.1296331137418747 0.3089932650327682 0.2178673297166824 0.6043347716331482 0 182.3307288959622 49.49221802502871 35.68167360126972 0.6380266100168228 0.1791483014822006 0.3812008425593376 6.021356523036957 0.3728731051087379 1.197378724813461 0.8373656198382378 0.08101944625377655 0.2142090052366257 0 10.0555429533124 0.5394109636545181 3.403867423534393 76.00982403755188 1.895788326859474 0.8695544227957726 0.190254732966423 0 0.3143077939748764 0.3691489323973656 0.3151103779673576 9.14453712105751 18.01248005777597 30.35700756311417 168.2447480857372 25.78691495209932 30.32733195275068 1.477579608559608 0.9966035559773445 0.6023450195789337 90.12217697501183 3.864744685590267 1.394566252827644 0.4391576126217842 0.1655037850141525 0.8868942484259605 0.5748972743749619 11.05157214403152 2.123108558356762 0.1402567327022552 157.5041762441397 91.88675517588854 92.26810907572508 41.00041521340609 51.82257594913244 7.34729789942503 4.59506268799305 2.428016595542431 0.3995782509446144 12.68693408370018 1.423057354986668 0.6586713790893555 5.460046052932739 0.2440796196460724 0.08709198236465454 0.7303252369165421 0.1829238906502724 0.1022429689764977 0.1085635647177696 0.3126792907714844 0.08765370398759842 0.1065885648131371 80.15347591042519 8.388250313699245 0 2.723303362727165 11.84350895881653 1.361126452684402 2.479499787092209 9.925558477640152 0.1195953711867332 1.102894306182861 12.41484393179417 2.984417520463467 5.994425550103188 14.84536573290825 3.747148625552654 1.078101173043251 8.805423483252525 7.458182491362095 4.647446639835835 1.722565189003944 0.1551907658576965 0.09933420270681381 0 0 0 0 0 0 0 0 0 0 0 0 0 0 0 0 0.4996488094329834 3.091927148401737 0.1154509782791138 0 0 0 0.8526154831051826 0 2.034983746707439 1.688117563724518 0 0 0 0 0 0 0 0 0 1.286389283835888 0 0 0 0.8016341328620911 0.2501034140586853 0 0.4340440332889557 0 0 0.4229180216789246 0.1120759248733521 0 2.177082702517509 3.4450773447752 0.1238092258572578 0 0 0 0 0 0 0 0 5.581654414534569 0.0808863565325737 0.08246464282274246 0 0 0.4824793934822083 0.3395752012729645 1.206871867179871 0.178962916135788 0.3940902128815651 0.9500591456890106 0.5440129786729813 0 0 0 0 0 0.3312018737196922 0 0 0 16.42047293484211 1.622680060565472 3.791219651699066 327.9330419674516 12.85238216817379 149.3806907087564 21.62591364234686 87.56902065873146 26.93060181289911 2.867233924567699 17.72689390182495 4.350103475153446 0 1.835979819297791 0.1826386749744415 12.14970297366381 0.2877907156944275 0 0 4.324794091284275 1.667795270681381 61.52232167869806 10.34339312463999
98.1583336815238 945.5307552888989 2845.55665140599 1.593328684568405 826.0778805539012 4.049364283680916 29.97186582535505 791.0290260612965 438.3946912586689 14.23007530719042 2872.138385646045 9.550277426838875 78.38002521544695 697.0393860265613 3.658753842115402 5.195799127221107 3.730653926730156 2.015404626727104 0.3702513128519058 4.46433998644352 20.36989421397448 2.439884565770626 50.41910817474127 24.43226087838411 32.89363472163677 2.033121265470982 21.43121355772018 1.482588618993759 8.240662947297096 5.17752069234848 599.724947206676 338.8403372615576 162.8839303553104 8.184278607368469 66.48694448173046 14.83866745233536 72.08850388228893 30.71142423152924 48.12899571657181 18.87951430678368 23.92127134650946 12.04714887589216 6.127182900905609 75.28688683360815 0.7125470861792564 25.39134261012077 8.960418902337551 0.873652957379818 1.191352158784866 11.89226880669594 4.43060190975666 1.18787670135498 6.001993164420128 5.200605623424053 0.3195648863911629 0.9577182158827782 3.92244827747345 29.66717745363712 1.203739561140537 1.519682116806507 238.9010373950005 224.4981500804424 15.47297408431768 31.34196081757545 0.08067786693572998 1.957172624766827 1.275003463029861 4.859717480838299 17.1340074762702 53.299161888659 50.61959021538496 6.633492320775986 0.803569570183754 6.610164068639278 3.454461358487606 4.079825855791569 6.923463076353073 819.9173993915319 2372.675555750728 1879.617017954588 646.6743116378784 1205.490110807121 0.7746482715010643 0 1.262631073594093 0.5866578221321106 4.87045044451952 0 0.6720526143908501 0.2021093219518661 2.945607230067253 0.7367693036794662 27.90268231928349 24.99712956696749 13.12576171755791 43.92289819568396 18.09850340336561 0.4269289970397949 47.84111662954092 18.75781884789467 0.9156334847211838 1.865614131093025 2.454634010791779 0.388028085231781 0.8667057231068611 0.8038073927164078 1.172071307897568 0.7377887666225433 0.811600349843502 2.921250723302364 1.325137987732887 2.721056297421455 6.520265899598598 3.62627837061882 1.821749247610569 0.8626883551478386 0.0978938415646553 0 0 0 0 0 0 0 0 0.3876475244760513 0 0.1204270198941231 0 0 0 0 0.181833803653717 0 2.363636814057827 0.2784602642059326 0 0 0 1.000527009367943 0.3974504172801971 1.552492305636406 1.602353177964687 0.3042227774858475 0 0.1584444344043732 0.2157580330967903 0 0 0.1090869531035423 0 0 1.148605473339558 0 0 0.5849547386169434 0.1641751378774643 0.3154537752270699 0 0 0 0 0.1281589269638062 0 0 0.5139134302735329 3.733411528170109 0.555112786591053 0 0 0 0.1280855536460876 0.2155774161219597 0 0.1047054305672646 0 3.222200863063335 0.2397141456604004 0 0.1028687581419945 0.8669737949967384 1.976521320641041 0 1.044252187013626 0 0.3030293136835098 0.6057556122541428 0 0 0.1991671323776245 0 0 0 0 0.2962601259350777 0.2165656089782715 0.1998457238078117 6.363810084760189 1.207311220467091 2.701349094510078 33.15211530029774 1.144646383821964 16.18718533962965 7.742308408021927 5.755464002490044 1.948844365775585 0.1414009779691696 1.505212426185608 3.099492400884628 0 2.232621811330318 1.069448947906494 5.11199426651001 0 0 0 0.9532845318317413 0 20.87891180068254 5.839109256863594
16.34725713729858 1308.866540208459 441.3845771998167 12.09232513606548 5274.405869886279 0.4483326077461243 2945.42009536922 438.3946912586689 644.3502079993486 18.84989358484745 816.3852656781673 15.9065475910902 1037.14326108247 2314.131252288818 2.350251771509647 3.435772433876991 0.1769866794347763 0 0 0 0.2445026189088821 0 0.3759111166000366 0.3008171021938324 0.111192524433136 0 0.1281799376010895 0 0 0 46.49902997165918 10.70470284670591 27.6739144474268 0 0.1777531951665878 0 4.630932971835136 0.2893779054284096 0.4849505871534348 0.3064448982477188 0.08507604151964188 0.117715872824192 0 2.604157604277134 0.0813986212015152 0.7208381742238998 7.807032078504562 0.2413246259093285 0 0.09382190555334091 0 0 0 0 0.6147096008062363 1.39791601896286 2.416117310523987 12.74763491004705 1.629158958792686 1.545769579708576 0.2138124778866768 0.855341449379921 0.1564925611019135 9.736725628376007 0.07916443049907684 0.08036103099584579 0.1395661979913712 0 0.1650674492120743 0.09821296483278275 8.350352756679058 0.4113649949431419 0 10.66383983194828 8.379667460918427 8.409602485597134 4.509746335446835 8.255100078880787 4.696552038192749 10.13508830219507 0.9041774943470955 1.412104025483131 0.7558811008930206 0 0.08531036972999573 0.7283161804080009 0 0 0 0 0 0.1449731141328812 0 0.1007081642746925 0.114923857152462 3.83880839496851 1.435335785150528 0 0.981192834675312 0.8757331967353821 0 0.1478344053030014 0 0 0 0.539477527141571 0.1605894267559052 0.1245515048503876 0.1282140761613846 0.2842515110969543 0 0.1035835817456245 0.2218141555786133 0.4649568572640419 0.1687864810228348 0 0 0 0 0 0 0 0 0 0 0 0 0 0 0 0 0 0 0 0 0 0 0 0 0 0 0 0.1228030994534492 0 0 0 0 0 0 0 0 0 0.3435036838054657 0 0 0 0 0 0 0 0 0 0 0 0 0 0.1361202895641327 0 0 0 0 0 0 0 0 0 0.5191312804818153 0 0 0 0 0 0 0 0 0 0 0 0 0 0 0 0 0 0 0 0 1.366998285055161 0 0 23.81769516319036 0.7254402115941048 10.48152007162571 0.9297768473625183 6.032143145799637 2.176352053880692 0.09516328573226929 2.693068936467171 0 0 0 0 0.6115797013044357 0 0 0 0 0.1755566745996475 2.381319046020508 0.9986983314156532
763.5997120663524 1666.772784002125 94.32323575019836 1750.318676173687 136.707819417119 322.5947450697422 1143.913878872991 14.23007530719042 18.84989358484745 1590.776971139014 44.85024809837341 1647.173676691949 2950.223349161446 702.6087154299021 6.957130648195744 10.95092815905809 0.1254910677671432 0 0 0 0.1163981631398201 0.9505169689655304 0.1790735349059105 0.3174914419651031 0 0 0 0 0.1757837533950806 0 98.7051600292325 8.312426522374153 87.85089937597513 0.3938591033220291 0 1.2222870439291 27.76472344249487 0.8755051493644714 4.133690506219864 0.2904909551143646 0 0 0 5.138436160981655 0.1632079035043716 1.15131887793541 40.42185796052217 0.8979353234171867 0 0 0 1.932584643363953 1.183032289147377 0 4.570652827620506 7.808867909014225 38.74406234174967 129.5235383734107 26.80675990134478 16.8146266117692 0.3845063894987106 2.650251820683479 0 18.5237590149045 1.362456180155277 0.481515146791935 0.1070703789591789 0.09286686778068542 0.08531385660171509 0 164.4654162451625 21.08499164879322 0.2793935313820839 124.4084649309516 34.12332909554243 30.13140460848808 11.9719580411911 14.09319522231817 1.7003483325243 3.850162044167519 0.7108928337693214 1.560380294919014 6.076496176421642 1.172558933496475 0.4765874445438385 2.997296690940857 0.08111217617988586 0.3976922482252121 0.2613309919834137 1.140385620296001 0.1208423376083374 0.1698470115661621 0.1179887875914574 0.09313083440065384 0.8750634789466858 690.6578544676304 351.711573600769 5.475041300058365 41.52850024402142 241.024056173861 5.771875500679016 57.27154029905796 23.80320972204208 7.092590615153313 11.85143963992596 29.48824649304152 36.16938186436892 32.08188209682703 40.45755527168512 42.82736880332232 13.04082327336073 66.47266065329313 87.40573325753212 38.85937371850014 22.98192352056503 2.286858014762402 0.5995548665523529 0 0 0 0 0 0 0 0 0 0 0 0 0 0 0 1.295409649610519 0 14.52256294339895 3.497966378927231 0 0.4325301051139832 0 10.19680704176426 0.1673985719680786 5.653457351028919 4.62897665053606 1.560227125883102 0 0 0.1155492067337036 0 1.236442387104034 0 0 0.977293848991394 4.698860235512257 0 0 0.0890524834394455 0.6302600055932999 0 0 0.3307045698165894 0 0.5755941867828369 0.9811228439211845 2.744123086333275 1.80241022258997 2.541804820299149 27.70847428590059 4.269070073962212 0 0.4868723750114441 0 0.1401386708021164 0 0 0 0 38.61542269587517 1.462316781282425 0 0 0 9.991243414580822 1.758066415786743 12.62760648876429 2.446735270321369 5.278392165899277 1.477358303964138 1.85198187828064 2.25478345900774 0.2206713855266571 0 0 0 0 0 0 0 120.0665167570114 16.7052403986454 22.32971604168415 157.2223216816783 4.875030055642128 61.13371485471725 10.12684609740973 79.16967535018921 16.65460308641195 0.9036363810300827 11.92402053624392 31.00110483169556 0.7103254199028015 9.784444704651833 4.290593862533569 230.0088798180223 3.212106138467789 0 0 1.612340971827507 1.000163525342941 516.1752068474889 91.17457547038794
171.249309130013 1611.279964953661 2881.779344670475 7.83923663944006 1563.045312300324 16.59812829643488 137.6496125310659 2872.138385646045 816.3852656781673 44.85024809837341 2834.113120354712 196.9461182132363 749.2532844468951 2565.232224434614 18.74072407186031 36.6454720646143 1.146396271884441 0.639796681702137 0.391929030418396 0.9003049954771996 3.346718482673168 6.569516360759735 13.74296127259731 8.37818618118763 18.59268296509981 1.174856379628181 8.632509060204029 2.034484960138798 10.85061913728714 3.505901381373405 701.795150257647 253.1138693392277 1731.224490068853 2.78037341684103 17.13803396373987 21.1215305775404 618.974704913795 72.8966428488493 141.4176616966724 22.75978220999241 6.9224973320961 8.416478723287582 1.456684939563274 19.73678954690695 1.380001157522202 6.549338273704052 41.64784051477909 0.314443051815033 1.495443180203438 5.790847159922123 2.325624518096447 1.943523801863194 4.6734359562397 5.732839524745941 2.478503659367561 3.59808661043644 11.89257555454969 78.5458368062973 8.088861390948296 11.53718072921038 21.37770811468363 413.8652262017131 4.277234680950642 96.2833294570446 1.081861615180969 1.078752458095551 0.2188438922166824 1.721369348466396 4.028054915368557 7.190766409039497 509.9935661926866 9.716410480439663 0.467636413872242 37.94433929771185 35.70429185032845 47.20621233433485 33.8370054885745 66.44908793270588 217.8112266436219 1460.93810890615 76.05600492656231 632.2427280843258 3.294066525995731 0.2766617313027382 0.8503726869821548 1.02737907320261 1.885572232306004 0.07184205949306488 1.134609639644623 0.272502064704895 2.203470155596733 1.105567052960396 7.473858788609505 15.20127713680267 17.20559085160494 200.1417516171932 77.65003968030214 1.287684306502342 171.931080982089 30.87367913872004 1.248227387666702 4.131153978407383 6.616110734641552 1.030082851648331 5.011045046150684 9.272982530295849 6.004753090441227 4.551030114293098 6.516451045870781 9.63829243928194 7.88415289670229 15.56995655596256 20.38362603634596 16.42723052948713 8.269206717610359 1.308757059276104 0.4937668070197105 0 0.1200763657689095 0 0 0 0 0 0 0.2066296190023422 0 0.3578636571764946 0 0 0 0.2536713182926178 0.6117792874574661 0 9.512686118483543 2.729987904429436 0 0.4656538516283035 0.1695063710212708 4.191150829195976 1.199380472302437 3.683509983122349 6.304939769208431 0.8357033431529999 0 0.3258330821990967 0.2375155314803123 0 0.1242893561720848 0.2017475515604019 0.6317922472953796 0.4722671657800674 3.063314408063889 0 0.2927497327327728 0.1354803144931793 0.8138283491134644 0.3542862087488174 0 0 0 0 0.5930228605866432 0 2.447583645582199 1.814040169119835 16.9012882784009 0.5801673978567123 0 0 0 0.2533290386199951 0.3583105131983757 0.464970737695694 0 0 17.99979119002819 0.09765519201755524 0.1378719955682755 0 0 4.0671022310853 1.873630501329899 4.613991111516953 0.6740870475769043 3.254857048392296 1.199769258499146 0.09565263241529465 0.4269900247454643 0.4873789250850677 0 0 0 0 0 0 0 29.21271196007729 9.088228523731232 13.71100793033838 164.7540873661637 5.207439169287682 63.59982438385487 15.22076194733381 43.13845492899418 11.51026487350464 0.3740707039833069 10.18698588013649 11.7367772012949 0.2568407356739044 5.331003360450268 4.55980920791626 18.12035001069307 0.7316858172416687 0 1.205682769417763 2.36440022289753 2.456477537751198 98.90542523562908 31.60791437327862
108.3473863825202 348.2256749495864 28.69189582765102 887.9950862973928 35.45352690666914 40.11562342941761 359.3726247921586 9.550277426838875 15.9065475910902 1647.173676691949 196.9461182132363 145.8039867505431 1080.148477070034 429.5232669264078 20.30060425400734 45.70395310223103 1.733584530651569 0.09681693464517593 0.1856418624520302 0 0.2078360170125961 0.1406181156635284 0.1386760324239731 0.4670410081744194 0.563977412879467 0 0.1322357654571533 0.09737797826528549 0.9459822177886963 0 38.30885975062847 29.64238809794188 256.4080429747701 0.6602433621883392 0.3015104159712791 0.5193599537014961 150.1747360378504 4.922432444989681 12.85020285844803 3.877572186291218 0 0.3051100298762321 0.1303435266017914 16.38983732461929 0.2430126443505287 2.63773287832737 31.26046945899725 0.1834611445665359 0.2520108669996262 0.09243481606245041 0 0.1416976302862167 1.371393144130707 0.1732271909713745 1.145386762917042 2.703859120607376 5.611802734434605 27.42363261431456 6.953216671943665 7.673444703221321 2.023057900369167 51.29834757000208 0.2898338586091995 29.7564240321517 0.7708241939544678 0.244101494550705 0 0.3954432606697083 0.5702113211154938 0.939033716917038 203.6416138857603 5.761798642575741 0 28.33128470182419 23.96478562057018 35.36247523128986 24.37394236028194 39.94185471534729 6.683283559978008 46.38727144151926 2.910534732043743 13.97148907929659 2.544096618890762 0.06758345663547516 0.1668723970651627 1.203069321811199 0.4048522785305977 0 0.3923799023032188 0.3117519021034241 0.0791034996509552 0 0.1134818717837334 0.3376412466168404 0.5904146283864975 794.5719809904695 58.68700341135263 2.603870049118996 26.71660588681698 8.696999303996563 3.646832160651684 18.1181331500411 12.25241058319807 2.789033442735672 6.947842255234718 10.71719975024462 15.69089336693287 12.84600900858641 16.3712977617979 27.60100554674864 9.384277544915676 18.25027890503407 38.1628805398941 20.711780205369 6.791036859154701 1.79523429274559 0.6399194598197937 0 0 0 0 0.3723119795322418 0 0 0 0 0 0 0 0 0 0 0 0 10.86904308944941 0.7818655520677567 0 0 0 5.316490426659584 0.3680295497179031 3.809816002845764 2.588202394545078 0.227165088057518 0 0 0 0 0 0.3069697916507721 0 0.1119885593652725 1.848409995436668 0 0 0 0.1496808007359505 0 0 0 0 0 0.5297439843416214 0.628606989979744 0 1.828154027462006 7.667813219130039 0.8869029730558395 0 0 0 0 0 0 0 0 24.65167228877544 0.1398282647132874 0 0 0 5.117889419198036 1.538036569952965 4.552836030721664 0.7415702641010284 2.212669484317303 0.9777561277151108 0.1168941855430603 0 0 0 0.1025361940264702 0 0 0 0 0 68.96835256367922 4.733691394329071 10.19832703471184 212.2879944816232 3.051019594073296 62.85518807917833 15.60192559659481 47.78419496119022 9.768120214343071 0.489227183163166 15.055778644979 15.1410585641861 0.1113002747297287 5.455274552106857 1.801463901996613 104.0114760696888 0.3189561814069748 0 0 2.936294510960579 2.151056796312332 295.8978795558214 41.27684280276299
192.9995176717639 1988.159304283559 135.4673997461796 734.3220029622316 1834.046958610415 42.17494904249907 1790.633012130857 78.38002521544695 1037.14326108247 2950.223349161446 749.2532844468951 1080.148477070034 1813.053946115077 3975.611175946891 59.46461582928896 117.6618224307895 4.362347230315208 0.4736063554883003 0.2220687121152878 0.1134839430451393 0.9437963292002678 0.4224025681614876 1.878433413803577 1.639953687787056 1.082561023533344 0.1043641641736031 0.8450951129198074 1.708189576864243 0.6896550729870796 0.2039970383048058 204.0075587704778 121.5234167203307 1199.566731274128 1.324867524206638 0.8677924051880836 1.917153760790825 251.6690534465015 10.06437638401985 23.52956825494766 4.32166351377964 0.5506917983293533 0.8070140704512596 0.442683570086956 49.42676055431366 1.678920157253742 8.479466415941715 126.4201259836555 1.609416164457798 1.209219388663769 0.705593466758728 0.3054473474621773 0.5027938783168793 1.495186232030392 0.5306224375963211 7.22636728733778 14.30772817879915 26.41264493763447 136.9912900477648 21.96688105165958 36.79158651828766 6.762979537248611 83.30794607102871 1.72771579772234 158.3262344077229 3.890415176749229 1.193853311240673 0.4338785260915756 0.08704908937215805 1.066356502473354 1.903620228171349 401.9995631575584 4.488887034356594 0.1200535446405411 133.4644422456622 107.6454436406493 140.5686971619725 83.44845523685217 152.5712769478559 29.73033710569143 127.8214497566223 14.30916246771812 21.1000882089138 12.05566100031137 1.124473333358765 1.362441390752792 5.24661772698164 0.5541257187724113 0.6165508851408958 1.270586915314198 0.5792747586965561 0.5407406389713287 0.5581661909818649 1.858727514743805 0.7913512885570526 0.9356937184929848 842.0728305354714 71.21358732879162 0.5975382924079895 42.53771281242371 15.27296078205109 1.883711814880371 24.06458021700382 19.26296851038933 2.720648445188999 9.532868042588234 17.41306133568287 18.3839503377676 19.36358235031366 19.71299491077662 30.82167004048824 9.541420623660088 59.1617644354701 66.69563595950603 39.98056573420763 12.33296247571707 0.5816782638430595 0.1139469817280769 0 0 0 0 0 0 0 0 0 0 0.3819366991519928 0.1308372765779495 0.245730847120285 0 0.178698867559433 0 0 15.00608354061842 4.054047115147114 0 0.2077038213610649 0.1118182688951492 5.366328172385693 0.4342378452420235 7.647199973464012 5.939654886722565 0.8870295658707619 0.2871021926403046 0 0 0.2004726380109787 0.2397677451372147 1.003837361931801 0 0.7076852917671204 2.476665042340755 0 0 0 0.7664489522576332 0 0.2068458050489426 0 0 0.09268777817487717 0.5697949528694153 0.2875291407108307 0.3717207908630371 0.7877336591482162 13.30737553536892 2.690698482096195 0 0 0 0 0 0 0 0 29.16753625124693 0.5368270725011826 0 0 0 8.006801128387451 1.805933810770512 5.128958337008953 1.324240036308765 3.696373142302036 3.092333011329174 0.6438365057110786 1.408415585756302 0 0.08396081626415253 0 0 0 0 0.3174404799938202 0 88.35606297850609 14.43510737270117 17.06086732447147 616.1889248117805 15.8946690261364 198.8595822229981 44.41229636967182 128.2979723513126 36.95040997862816 3.098780088126659 42.35530998557806 15.907435759902 0.7215329632163048 5.642644256353378 1.815765246748924 83.19506160914898 0.6330276727676392 0.0849607065320015 0 10.7841487750411 1.59002748131752 276.7771452441812 59.22993329912424
