309.7922937273979 1521.245546512306 648.8625411912799 508.6077900454402 3.591936334967613 106.3243654221296 231.7457235306501 20.91877353191376 0 635.1131026148796 11.1526845395565 49.54931599646807 57.5133895277977 6.653777197003365 3.21722337603569 0.3116553723812103 0 0 0 0 0.2316476404666901 0.2321979701519012 0 0 0.25216144323349 0.1323284506797791 0 0.1472373008728027 0 0 542.6760423704982 0.3537828475236893 4.793281555175781 0.09475380182266235 0 0.4590822830796242 1.268084660172462 0.3461958393454552 0.8849465698003769 0.624008946120739 0.3677506968379021 0.6712126210331917 0 0 0 0 31.01231352239847 1.051271617412567 0.6593172252178192 0.1625728160142899 0.9488687738776207 0.8556890711188316 0.1103920862078667 0.1321669816970825 8.91166789829731 20.0792992413044 212.1300087422132 777.2334164977074 58.45284863561392 23.51737254112959 0 0.2256522327661514 0 16.6075412184 7.585185527801514 5.322783142328262 0.4099428653717041 0.5410439968109131 0 0 0.7852394878864288 0.4019591435790062 0 159.6072446778417 24.94586587697268 31.56213233619928 1.546257562935352 0.1727106422185898 0 11.34846374392509 0 0 6.763000719249249 2.88871393352747 2.816813535988331 7.119656778872013 0.6126833334565163 0.7894062176346779 3.571731075644493 0.4386094287037849 0.1977633088827133 0.5092924758791924 0 0.1248046830296516 0 1.938215017318726 3.762334629893303 0.3710359334945679 0.7283231094479561 1037.913958720863 0 0.8758226037025452 0.5899442732334137 0 0 4.934282392263412 4.691889762878418 0.4590434730052948 14.39214776456356 0 0 2.319702327251434 1.276049457490444 0.2543854415416718 1.817222252488136 0 0 0 0 0 0 0 0 0 0 0 0 0 0 0 0 0 0.1175969988107681 0 0 0 0 0 0 0.7493533343076706 0.3687788099050522 0 0.3343155905604362 0 0 0.1428443193435669 0 0 0 0 0 0 0 0 0 0.1584848612546921 0 0 0.3324244022369385 0 0 0 0 0 0 0 0.3809080123901367 0 0 0 0 0 0 0 0 0.1981315910816193 0.9558624029159546 0 0 0 0 0.5624121427536011 0 0 0 0 0.1347458064556122 0 0 0 0 0 0 0.1375496834516525 0 0 0 0 0 1.90527480840683 135.8768933564425 8.95507450401783 103.944634385407 17.77407393604517 1080.959398858249 12.08167171478271 3.770332798361778 4.804136663675308 0.5917012393474579 0.4452555179595947 0.238367572426796 0 4.450589179992676 0 0 0 0 0 217.7583739385009 0.6247137635946274
1521.245546512306 1642.079708449543 2695.415833264589 1138.770359635353 716.8085694760084 94.74778269976377 1992.419779360294 302.3047896921635 621.2247007340193 933.9585126191378 374.1455565840006 253.3960649222136 2518.196588419378 2144.527652278543 65.62675756961107 22.87369687855244 1.576046727597713 0.2629515454173088 0.2526630684733391 0.1539522558450699 0.9390423074364662 2.24177286028862 0 0.651140458881855 2.822366006672382 1.703152157366276 0.2309708967804909 0.4845334216952324 0.2321396544575691 0.7098380848765373 1348.562674067914 46.15505706518888 75.44484680891037 0.4367060363292694 0.6485859230160713 5.447725661098957 46.89901043474674 9.373152688145638 11.60653704404831 4.838587656617165 2.744605258107185 2.282615639269352 0.4849632829427719 1.037880763411522 0.575182132422924 0 328.9843270257115 7.959621228277683 1.28597666323185 0.6010618656873703 6.860185191035271 5.809132345020771 2.128188923001289 2.985278688371181 26.62538181245327 102.9959845542908 227.5470324754715 851.1552018523216 128.7744817361236 189.5922409892082 0.2338586375117302 3.019805863499641 0 140.872727535665 43.42207369953394 27.98379585146904 1.914955355226994 2.436316519975662 0.6901553496718407 0.9227939248085022 28.53872285783291 38.11331781744957 0.7439265698194504 529.0297821685672 287.7492511421442 356.9218920767307 62.75366049259901 9.866664431989193 1.230527080595493 107.1506589129567 0.1529917567968369 1.360121577978134 30.61791733652353 17.0188931375742 16.91782553493977 46.81136000901461 3.820250600576401 2.828168720006943 20.23263671994209 1.977632381021976 5.446171641349792 3.734908267855644 0.6625319346785545 3.419815815985203 4.152377799153328 22.8047583475709 13.40546863526106 0.9432078972458839 9.523413337767124 1115.365710221231 2.910775601863861 2.415115088224411 21.81274150311947 2.918485045433044 16.4185538738966 68.28914456814528 6.308342128992081 28.80491624772549 24.45305663347244 4.22041978687048 4.614040091633797 37.74717316776514 17.14663996547461 28.0936876013875 27.62044186145067 6.198178581893444 1.95095893740654 0 0.5016277581453323 0 0 0 0.4909387528896332 0 0 1.579179242253304 0 0.3817197009921074 0.1367194801568985 0 0.1211861968040466 0.2354183867573738 1.114229500293732 0 44.07582750916481 1.97603252530098 0 0.3404975235462189 0 42.29797505587339 14.4044025093317 48.4533197209239 24.51989991217852 4.068146057426929 0.3478041887283325 1.549381375312805 0 0 2.14935015141964 2.802949793636799 1.737247452139854 2.519390255212784 6.184802941977978 0 0.6083372831344604 0.2839040607213974 1.668954148888588 0.8708014190196991 2.954070717096329 0.9700987339019775 0.7512263879179955 3.206067055463791 10.91651745140553 1.225464940071106 2.179181382060051 20.104476749897 66.15329286456108 12.66813429445028 0.753611221909523 2.660716630518436 0.3607266843318939 0 0.2201188057661057 0.2906032800674438 0.1438529342412949 0.9266387596726418 26.69221759587526 3.900168389081955 0.9395875334739685 0 1.14313443005085 16.55277068912983 37.58717384189367 85.8940846323967 7.236152566969395 7.756131775677204 8.384477898478508 0.9117642641067505 3.063469246029854 0 0.6150613576173782 0 0 0.3121810555458069 0.3324246555566788 0.2032398283481598 0.1796348094940186 9.727506384253502 29.68413980305195 62.56417637318373 1002.396438956261 59.21005732566118 991.0776313766837 141.7620149925351 559.461781218648 49.24715369194746 5.402032621204853 84.31315072625875 32.81308498978615 1.674143604934216 44.17065495997667 10.94406620413065 23.71564485132694 2.50845804810524 0.1062844768166542 5.247276246547699 3.0261360257864 0 299.1976596489549 30.76573321223259
648.8625411912799 2695.415833264589 1477.54245621711 14.70436222851276 198.6075087636709 7.81642160564661 64.74657278507948 2380.446870960295 284.4547181129456 39.75197160243988 1093.84866258502 84.8645458444953 666.1645442396402 2386.524280391634 32.1406174749136 30.5246596634388 1.955721586942673 1.203619062900543 0.2014466747641563 0.6811139360070229 11.99625774472952 7.556434772908688 2.341003626585007 2.953441523015499 16.3662608191371 14.57357554882765 0.7080715075135231 2.221462234854698 0.2243778929114342 1.066886782646179 1810.090863667428 377.48442209512 243.7517967820168 0.4908292666077614 4.871172107756138 30.63900576531887 138.1962714418769 34.93994308263063 35.07688684761524 28.94244023412466 24.90668787807226 20.03578893095255 1.304415911436081 1.15590750426054 0.08763730525970459 0.2711057141423225 112.5134183913469 0.9491022378206253 2.244899816811085 3.236432723701 6.442855775356293 33.63986092060804 8.958687171339989 13.91402164846659 4.64316101372242 14.33308939635754 52.14821203798056 491.0041595026851 22.13201466202736 30.94292572140694 1.139336213469505 16.91804423928261 0.1361521929502487 62.22271502017975 5.436677567660809 5.160731479525566 2.407896533608437 1.924993328750134 7.129727087914944 13.04963590949774 71.93316239863634 62.64315049350262 4.222707189619541 107.6497609466314 74.07851659506559 79.79113458842039 29.39655402302742 16.08868744969368 80.97022900730371 716.9743147715926 0.2925672009587288 11.65746827423573 4.315930113196373 2.785064555704594 4.002557545900345 10.49534429609776 1.430811487138271 0.9497118145227432 5.787692800164223 4.95762999355793 0.8193144425749779 2.027211792767048 16.69009324163198 21.92599569261074 19.31700700521469 17.9285654053092 37.83530064672232 2.162066482007504 28.5188339650631 185.0472252964973 4.923955179750919 0.5268047899007797 12.67375175654888 0.3895843327045441 8.91992162913084 18.23247437179089 1.076068699359894 17.27567529678345 2.970103204250336 0.5581159591674805 2.674377471208572 15.10110078006983 10.14343273639679 6.563237212598324 16.23603032529354 4.823347233235836 3.251810140907764 0 0.2972845733165741 0 0.1957798898220062 0 0.9959014505147934 0.166553869843483 0.1304724812507629 3.454857245087624 0 2.060873158276081 3.322703465819359 0.1290160417556763 0.8175333738327026 0.4694084152579308 4.61720834672451 0 45.64196035265923 1.121470838785172 0 1.547069683670998 0.1363039314746857 34.69527171552181 12.51340092718601 46.72678267210722 32.34641849249601 5.891970194876194 0.8756670504808426 5.17968387901783 0.2891839444637299 0 0.9438614100217819 3.416414961218834 0.2462050914764404 0.9547429233789444 7.626562885940075 0.180516242980957 1.722733691334724 7.826227635145187 4.77495764195919 7.479484625160694 2.62221122533083 2.267445646226406 0.1173947528004646 2.221667654812336 4.300305612385273 0 1.050130248069763 16.33134937286377 67.8987627401948 8.821027360856533 0.4488561302423477 1.83535522967577 0.2355920746922493 0.2101813703775406 0.08667290955781937 0.1197084560990334 0.1079644113779068 5.284994885325432 22.91733284294605 17.16558041423559 8.380517303943634 0.2459690794348717 2.793575420975685 14.19375376403332 33.83116416633129 73.95513325929642 8.460451684892178 5.334458135068417 5.858940444886684 3.221631564199924 1.980529233813286 0 0.1449356377124786 0 0 0.170647606253624 0.834385022521019 2.221900299191475 0.4765573665499687 7.151148840785027 40.27150382101536 69.57224179059267 367.2697668075562 11.91687097400427 217.9437233135104 49.30966984480619 68.24787971377373 10.93694171309471 2.437253773212433 27.17387444525957 35.71160346269608 0 40.75148375332355 11.35948979854584 14.2470278441906 3.703810028731823 0.3919759392738342 0.6109315156936646 4.185164459049702 0.1681894809007645 57.16186328232288 29.93515093624592
508.6077900454402 1138.770359635353 14.70436222851276 171.3381464630365 2.22896745800972 227.7881320863962 475.9149362295866 0 0 907.7149940729141 0.5831791162490845 415.5592109560966 687.180985763669 14.44174477458 0.656083844602108 0 0 0 0 0 0.2156798839569092 0 0 0 0 0 0 0 0 0 42.87632444500923 2.274519883096218 0.10629553347826 0 0 0 0.2923683971166611 0 0 0.1706448644399643 0 0 0 0 0.1047014594078064 0 11.63479869812727 0 0 0 0 0 0 0 1.118265271186829 4.723894380033016 16.57061520963907 34.29175790399313 6.523048713803291 9.412920035421848 0 0 0 3.594406872987747 1.497157014906406 1.167652308940887 0.09588102251291275 0.09785782545804977 0 0 1.130308233201504 1.266244769096375 0 21.99282135814428 8.845424994826317 11.55738142877817 0.8155355900526047 0 0 0.4975369945168495 0 0.100253738462925 2.240300707519054 0.7898522317409515 0.2165372371673584 1.829316668212414 0 0 0.7502631098031998 0 0 0.1304725557565689 0 0 0 5.672868669033051 0 0 0.419192761182785 160.0630790516734 0.6672264337539673 1.114775627851486 3.563094332814217 5.135496884584427 0.1602203994989395 10.28233695030212 0.4262594282627106 1.242391586303711 36.36556980013847 0 0 3.77320671081543 15.55424046516418 5.65533035248518 1.068423718214035 0 0 0 0 0 0 0 0 0 0 0 0 0 0 0 0 0 0 0 0.9639953374862671 0 0 0 0 0.2126145511865616 0.6568080186843872 0.4234497398138046 0.2037428766489029 0 0 0 0 0 0 0 0 0 0.6967596113681793 0 0 0 0.09118825197219849 0 0.1160150542855263 0 0 0 0.4086101949214935 0 0 0 0.6252522766590118 0.2616534531116486 0 0 0 0 0 0 0 0 0.9540531188249588 0 0 0 0 0 0 0 0.2044021785259247 0 0.1563489139080048 0 0 0 0 0 0 0 0 0 0 0 0.6142303645610809 0.416446179151535 46.89331044256687 0.4481019079685211 31.62792620807886 4.259315326809883 357.8285612463951 1.397089764475822 0.4697195440530777 1.666752338409424 1.762820526957512 0 0.9120891094207764 0 0.3609646558761597 0 0 0 0 0 73.25860870629549 0.2089788466691971
3.591936334967613 716.8085694760084 198.6075087636709 2.22896745800972 885.100339025259 2.489335969090462 295.711115270853 63.85420504212379 1342.488502368331 10.66778142750263 469.8397099524736 4.106816798448563 357.0660247653723 3164.291762255132 18.39473339915276 5.201300404965878 0.2837331295013428 0 0 0 0 0 0 0 0 0.2285422310233116 0 0 0 0 31.35615694522858 9.016008004546165 4.441431418061256 0.08387553691864014 0 0.1178573817014694 2.086330890655518 0.2427182197570801 1.756724268198013 0.114432118833065 0.1813351362943649 0.436501145362854 0 0.4369304031133652 0 0 68.40578870475292 1.415094025433064 0 0.103849932551384 0.5155320018529892 0 0.4076021611690521 0 2.388867631554604 8.054006144404411 6.984334327280521 14.3261244893074 5.74263346940279 24.41611643135548 0.2238977402448654 0.5514253973960876 0 21.79487679898739 3.95190354436636 1.709190137684345 0.2837361320853233 0.439154364168644 0 0 3.34020421653986 16.10203010588884 0 41.6513999029994 37.93634939938784 60.18413140624762 15.86012648046017 2.733559809625149 0 1.627317443490028 0 0.1021218597888947 2.371470034122467 1.389181226491928 1.117670565843582 2.753878876566887 0 0.1047312542796135 2.036030553281307 0.3647179082036018 0.6022758930921555 0.3495022132992744 0.228823721408844 0.2419380843639374 0.1226555034518242 11.70507349073887 5.29824461042881 0 4.205667451024055 2.895013876259327 2.446742445230484 0.6190277636051178 12.25100533664227 0 7.441592320799828 26.18505731225014 1.824160277843475 14.35251447558403 2.758205056190491 3.515573650598526 0.3775421977043152 15.44918562471867 7.302415728569031 11.86853962391615 13.80999787151814 1.466099053621292 1.647334069013596 0 0.3317642509937286 0 0 0.5113686323165894 0.3246355652809143 0 0 0.178290069103241 0 0 0.641216516494751 0 0 0 1.298359870910645 0 27.18869612365961 0 0 0 1.039859533309937 17.25378555059433 7.452437609434128 17.58662388473749 10.27884287387133 1.554242536425591 0 0 0 0 0 0.2514164745807648 0 0.9139334708452225 3.363017007708549 0 0.2575311064720154 0 0.3633764684200287 0 1.327217914164066 1.319452047348022 0.1212055310606956 1.570182614028454 3.377677872776985 0 0.7654300481081009 8.139523461461067 26.45975185930729 5.027687534689903 0.4702523052692413 1.07741754502058 0 0 0 0.3857057392597198 0.8063068985939026 0 9.861779019236565 1.358837306499481 0 0 0 4.556789219379425 12.0562110170722 35.66864329576492 5.416000314056873 1.447785124182701 3.884559378027916 0.4973747432231903 0.2551475167274475 0.1854330152273178 0.2524577081203461 0 0 0 0 0.4027453362941742 0 4.064302697777748 13.82582235336304 31.10337744653225 300.8575115576386 11.15460056066513 169.1414432451129 34.93114314228296 15.42360724508762 9.040281660854816 0.3268586993217468 24.35696189850569 13.39978395402431 0.1125279888510704 27.71248193085194 4.708319485187531 11.7686892747879 1.648661077022552 0.1244347542524338 1.02963899075985 0.8613661825656891 0 27.1417146101594 12.56033696234226
106.3243654221296 94.74778269976377 7.81642160564661 227.7881320863962 2.489335969090462 0 70.52644527703524 0 0.2355254739522934 361.9898131340742 0.1589431762695312 159.3004458099604 99.48546955734491 4.91839662194252 0 0.130383774638176 0.3234241902828217 0 0 0 0 2.293187037110329 0 0 0 0 0 0 0 0 13.34346917271614 0.567048579454422 4.027358815073967 0 0 0 6.234714582562447 0 2.132572084665298 0 0.1358400136232376 0 0 0 0 0 0.2630060315132141 0 0 0 0.1111749932169914 24.58900552242994 7.765139900147915 0 0.2238746732473373 2.053284272551537 159.3888083919883 47.54946926981211 2.865149050951004 0.08268443495035172 0 0.4826204776763916 0 0 0 0 0.3274458348751068 0 0 0 42.95716740190983 443.397634588182 31.58114178478718 2.283272705972195 0 0.2432043626904488 0 0 0 0.3294105529785156 0 0 0.5359340906143188 3.901461847126484 0 1.750776551663876 0 6.227050065994263 1.320541329681873 20.74493215978146 0.1636472046375275 3.456596486270428 0 0 0.1962096840143204 172.6652406603098 286.3825267553329 42.6111271455884 15.57731807231903 263.5636965185404 1.475877046585083 1.582364916801453 0 0 1.374760448932648 4.879130244255066 3.435763239860535 3.48283264040947 10.5835842192173 5.930187880992889 0 5.889117896556854 7.633768498897552 3.702594250440598 0.7863295376300812 0.1550183594226837 0.3652988374233246 0 0 0 0 0 0 0 0 0 0 0 0 0 0 0 0.1182630807161331 0 2.852768063545227 0.9695571064949036 0 0 0 1.391337901353836 0.1588341891765594 0.7385468035936356 1.844754800200462 0.2415922433137894 0 0 0 0 0.52475506067276 0 0 0 0.3024680912494659 0 0 0 0.1266233772039413 0 0.673083484172821 0 0 0 0.1457057744264603 0 0 0 1.16781759262085 0 0 0 0 0 0 0.1417347937822342 0 0 4.031282022595406 0.7117073535919189 0 0 0.1276447474956512 0 0 0.3881844878196716 0 0 0.1601471751928329 0 0 0.0822523906826973 0 0 0 0 0.1403002291917801 0 0 2.477459579706192 1.955181241035461 1.038508549332619 7.324523851275444 1.334887869656086 2.004327937960625 0.7047030627727509 132.0944390520453 0.1453739702701569 5.185357876121998 0.1449082344770432 0 0 0.6764699518680573 0 24.54804623126984 0 0 0 0 0 43.09204036742449 0.8717804402112961
231.7457235306501 1992.419779360294 64.74657278507948 475.9149362295866 295.711115270853 70.52644527703524 475.6328132450581 6.4647161886096 3549.449129864573 939.1454327180982 120.6527690663934 208.1924405694008 4355.47069337219 5759.508794337511 25.90971595048904 11.04700846225023 0.2221767902374268 0.106822781264782 0 0 0 0.2602088525891304 0 0.2521319761872292 0.2909107059240341 0.1576905101537704 0 0.2304085791110992 0 0 89.33893814682961 4.60324888676405 7.106279440224171 0 0 1.189263813197613 9.427761629223824 0.9536761268973351 2.675584271550179 0.4275710359215736 0.2603995800018311 0 0.3144578412175179 0.593351885676384 0.09521195292472839 0.09855958819389343 95.16802190989256 3.163659378886223 0.216040812432766 0.6634304821491241 1.080252677202225 0.9110603630542755 0.09480099380016327 0.2671375274658203 5.527201503515244 20.95248302817345 34.10519309341908 65.49685953557491 21.60912661999464 45.86297856271267 0 1.155974976718426 0 27.23317854106426 7.607816971838474 5.206123389303684 0.6200259402394295 0.4304864034056664 0.2196619212627411 0.1144372820854187 14.1826248690486 21.71422331780195 0.0999295562505722 90.50047233700752 59.68625090271235 89.48428245633841 17.70008365064859 4.732173755764961 0.7854155451059341 4.886625692248344 0 0.3468466848134995 5.42474852502346 3.055280663073063 3.500445075333118 10.22342550754547 1.353527590632439 0.7686664685606956 2.997268430888653 0.1318505257368088 1.078551076352596 0.4504797458648682 0.2326400950551033 0.2153282091021538 0.4257868379354477 59.59226530790329 13.08748303353786 0 6.016873389482498 86.20938385277987 8.470021583139896 7.66636548936367 58.06160725653172 25.01154032349586 29.56000250577927 143.7214560061693 19.38194978237152 91.22519591450691 66.89229841530323 29.64173069596291 6.99024523794651 301.7837516888976 60.47974227368832 104.3024512752891 56.22076776623726 4.449144974350929 6.85856020450592 0.4502425193786621 0 0 0 0.3102822005748749 0 0 0.4117730855941772 0 0 0 0 0.1306805461645126 0 0.7147562205791473 0 0 77.95378096401691 2.913525238633156 0.2820778489112854 1.498966187238693 0 57.76130878925323 22.93829543888569 62.03811978548765 32.98048521578312 10.46367736160755 0.6185998320579529 0 0 0.9505840390920639 0 2.273653000593185 0 3.071277111768723 11.81158243864775 0.412822961807251 0.8209661245346069 0.1397563964128494 0.7864741086959839 0 2.772548906505108 0.5879755318164825 0.2408936619758606 6.101725585758686 14.50865120440722 0.2192873954772949 1.499259352684021 27.44555774331093 95.3094427883625 11.23951064050198 1.683982148766518 1.983359888195992 0 0 0.1978414207696915 0 0 0.8755013346672058 54.58166155219078 5.504695191979408 0.2484512776136398 0 0.4242575466632843 19.11430355906487 32.5811897367239 106.2067936062813 12.22977382689714 5.634197376668453 12.39944208413363 2.71304789185524 2.994100838899612 0 0.2574816271662712 0 0 0.1423285007476807 0 0 0 14.70314985513687 37.57743778824806 67.17648746073246 423.6897922232747 18.14823011308908 268.3967144191265 49.97307702898979 245.5159253552556 13.61256133019924 3.511950455605984 38.1928718984127 32.06309415400028 0.6876309514045715 73.63672199100256 12.79172609746456 41.88263772428036 7.041689559817314 1.741336822509766 4.060728341341019 2.067530363798141 1.763598039746284 190.7276866286993 46.31838682293892
20.91877353191376 302.3047896921635 2380.446870960295 0 63.85420504212379 0 6.4647161886096 1917.084161266685 84.69660796225071 1.597970724105835 1507.925628840923 41.05256666988134 221.6077964454889 1408.820568457246 82.35483655333519 73.41470771282911 3.754740692675114 11.13915205001831 0.9257190078496933 9.299054436385632 74.89225143194199 12.17019408941269 10.0095053166151 8.248152516782284 33.49785088002682 41.14854715019464 3.14629902690649 7.374838583171368 0.8536278828978539 1.765426099300385 683.2430890575051 1934.404724225402 335.2852422967553 13.42516606301069 15.93973445892334 71.19879379868507 174.8881856203079 92.1791609749198 63.85227593034506 52.57110952585936 78.54659184068441 35.20606183260679 27.68290878087282 20.18262464553118 4.582652501761913 19.85442981868982 272.1111527681351 3.907579250633717 3.049712762236595 28.4214683920145 23.11969937384129 50.19749883562326 16.44658261537552 23.8427871093154 2.69277261197567 16.01273577660322 18.80782501399517 82.81871365010738 15.32886838167906 50.93231578171253 44.31963860243559 152.4287563860416 5.2809744104743 356.2310306578875 6.383506990969181 9.380191758275032 6.552746050059795 8.240181222558022 41.1131442040205 116.7919157743454 55.04776678234339 19.19469226151705 3.520257450640202 106.5514596626163 116.7004795521498 214.1659933924675 167.9230541065335 184.0113500803709 816.343153886497 1679.715136967599 134.5314466878772 988.5753283277154 3.710928231477737 1.906427152454853 5.015516072511673 20.82047929614782 9.219169564545155 2.153971500694752 11.27724353969097 6.267698220908642 8.722548373043537 9.695528209209442 63.18766695261002 40.62510178238153 35.25534424930811 12.8395082578063 5.96590418368578 0.8004039973020554 25.00771563500166 16.97093612700701 1.368836224079132 0.1946052312850952 7.655074372887611 0 3.445205450057983 6.610636003315449 1.098228335380554 5.417270198464394 0 1.250549547374249 0.1893360018730164 10.34310802817345 2.816542536020279 5.111283622682095 8.019502833485603 1.560234420001507 0.1700960844755173 0.5565977096557617 0.1020903512835503 0.1231353878974915 0.1230456903576851 0 2.300590306520462 0 0.1098998934030533 4.64966007322073 0 1.404299177229404 0.2412931174039841 0.5569360554218292 1.637812845408916 0.5834788307547569 6.209273643791676 0.5064533352851868 9.593999117612839 0 0.2519158869981766 0.375639870762825 0.1049263477325439 9.819146536290646 3.004281610250473 5.879715375602245 5.973777689039707 2.357276298105717 1.185027867555618 9.251168146729469 2.453134037554264 0 0.1237126365303993 0.7217273265123367 0.626423180103302 0.2514553666114807 0.9074069038033485 0 1.65724916011095 12.04114364087582 4.855087742209435 13.01264210045338 0.699913777410984 0.1291394233703613 0.08330846577882767 1.365103796124458 0.9317147582769394 0 0 4.319059044122696 5.374576106667519 2.451155476272106 0.2277688682079315 1.073963515460491 0 0 0.3077004253864288 0.3853841722011566 0.7160259708762169 12.61859360337257 9.509005337953568 6.837381258606911 12.54996883124113 0.7665500640869141 9.998175397515297 2.540117397904396 2.481070846319199 11.12352243065834 1.052186064422131 1.310070440173149 0.7810827642679214 0.3814240992069244 1.291213750839233 0 0.2500555515289307 0 0 0.3771051317453384 0.5400967001914978 4.675147518515587 2.973904497921467 1.657133847475052 8.368457302451134 17.01453808695078 627.9983407557011 23.2561249807477 435.9407036155462 105.1361303925514 23.7027421221137 21.47482508420944 0.4588329270482063 59.44978475570679 22.36359789222479 1.183478787541389 16.10398517549038 4.985624983906746 2.204917304217815 0.3472861498594284 0.1279707252979279 0.8539660274982452 6.164310187101364 1.592183709144592 32.00466761738062 10.84809277206659
0 621.2247007340193 284.4547181129456 0 1342.488502368331 0.2355254739522934 3549.449129864573 84.69660796225071 851.5855729132891 1.369155511260033 922.4404102414846 0.9101246744394302 183.0320518836379 1671.558169558644 6.850633300840855 3.386122725903988 0.1178952232003212 0 0.1033480986952782 0 0 0 0 0 0.1234155222773552 0.1164482310414314 0.1097663789987564 0.1049887537956238 0 0 4.612477794289589 2.077940329909325 5.418573468923569 0 0 0 3.536707162857056 0.1328809708356857 0.5845739617943764 0.2000399753451347 0.2936170846223831 0.2519703656435013 0 0.5942835137248039 0 0 20.05350166559219 0.2784394919872284 0 0 0.220158152282238 0.3843944296240807 0.1564862132072449 0 0.2352557182312012 0.9498370587825775 1.788527503609657 0.3099749535322189 1.503916822373867 5.683007478713989 0 0 0 5.551847659051418 0.945655919611454 0.7592457309365273 0.1114481538534164 0 0 0 2.535363078117371 3.716593205928802 0 11.16250763833523 7.531222052872181 15.44447279721498 4.92347227036953 1.123799718916416 0 2.288495197892189 0 0.2605856284499168 0.6162699535489082 0.520231269299984 0.2600224688649178 0.587824173271656 0 0 0.5675853863358498 0 0 0.1250881105661392 0 0 0.1198913231492043 3.021390840411186 1.61260487139225 0 1.015860468149185 0 0.7142977863550186 0 2.263223946094513 0 4.30514332652092 8.222427055239677 0.2365732789039612 3.124286949634552 0.5973809808492661 0 0.4928684532642365 4.136585041880608 3.357228860259056 3.517569422721863 2.854048177599907 0.3361968845129013 0.9329711645841599 0 0 0 0 0 0 0 0 0 0 0 0.6762840151786804 0 0 0 0.1340659111738205 0 5.602948516607285 0 0 0.7596888542175293 0 4.447837725281715 0.6896968632936478 5.393511086702347 3.349585890769958 0.2963639795780182 0 0 0 0 0 0 0 0 0.6381678879261017 0 0 0 0 0.1473079323768616 0 0 0 0.4877346605062485 0.4714446812868118 0 1.500272274017334 2.335520327091217 12.82928830385208 0 0.1220528483390808 0 0 0 0 0 0 0 5.413002416491508 0.9656274318695068 0 0 0 1.336061209440231 2.492055535316467 9.286053419113159 0.9612610787153244 0.298135869204998 1.42438742518425 0 0 0 0 0 0 0 0 0.1277807503938675 0 0.6269731521606445 3.763279497623444 5.369237437844276 95.97862497717142 3.207326486706734 49.68555025756359 11.46212615072727 3.364374294877052 1.236081480979919 0.5778999924659729 7.339392192661762 3.070964246988297 0 6.335478037595749 0.7950225621461868 3.244210943579674 1.924768298864365 0 0 0 0 6.827762350440025 2.609539270401001
635.1131026148796 933.9585126191378 39.75197160243988 907.7149940729141 10.66778142750263 361.9898131340742 939.1454327180982 1.597970724105835 1.369155511260033 1058.241680815816 5.466052025556564 1466.896928519011 3779.884554803371 61.22223181277514 3.148098945617676 0.6931586414575577 0.1053005903959274 0 0 0.09188593178987503 0 1.286778680980206 0 0 0 0 0 0 0 0 60.65934208780527 0.8867646306753159 6.393428280949593 0 0 0.3092164695262909 37.78620737791061 0 5.822522968053818 0.7100455090403557 0 0.1379322409629822 0.1586079299449921 0 0.09405142813920975 0.9849085584282875 15.03933278471231 0.7561846449971199 0 0 0.4482276141643524 9.040951058268547 10.79047288000584 0.5017962008714676 1.245473496615887 5.543576307594776 55.82366677373648 46.45782716572285 9.105471707880497 11.04341176897287 0 1.630430042743683 0 10.21981869637966 2.014713108539581 1.211620934307575 0.4038723930716515 0.4768171310424805 0 0 95.33591202646494 74.08103483170271 11.37454894930124 27.24305826425552 11.50155173242092 11.96822859346867 1.783040046691895 0.909724086523056 0 0 0 0 1.646712526679039 1.028799697756767 1.315024897456169 3.166659347712994 0.1106342971324921 2.501094810664654 0.9850327968597412 6.266408607363701 0.09164582937955856 0.5876008793711662 0 0 0.2063391804695129 133.2581653445959 148.9779226928949 41.8315200060606 35.79419296979904 348.7357323765755 3.657546602189541 31.08708679676056 43.86292465031147 53.61915011703968 15.79748311638832 143.6877324283123 35.89982019364834 37.42763516306877 125.0413836240768 36.13106371462345 2.042054429650307 311.6850610524416 103.6394535079598 201.6284340694547 28.8927136361599 1.47397381067276 0.3218325227499008 0.1346847712993622 0 0 0 0 0.2319175153970718 0 0 0.2580320537090302 0 0.7961106896400452 0 0 0.1881704032421112 0 0 0.144464835524559 30.94053912907839 0.3901951909065247 0 0 0 27.81253053992987 2.86801640689373 8.582527913153172 5.304634228348732 1.664499402046204 0 0 0 0 0.7614899873733521 0 0 0.3687779158353806 2.028921082615852 0 0 0 1.076758578419685 0 0.6661228165030479 0 0 0.9208562076091766 1.138288572430611 3.570449829101562 0 4.503165140748024 28.50139982998371 3.393611893057823 0 0.8262776583433151 0 0 0 0 0 0 43.83729989081621 1.399617165327072 0 0 0 10.76484587788582 6.084040626883507 16.13452255725861 1.246675677597523 0.4282892569899559 2.339434035122395 0.3165736347436905 0.2282229065895081 0 0.09433481842279434 0 0 0 0 0 0 18.23906520009041 9.602517865598202 17.10843227058649 227.2345889881253 3.812885545194149 46.72651308774948 5.824336171150208 1017.438545301557 2.442153699696064 2.244136139750481 5.304187759757042 9.75999403744936 0.1086253151297569 11.81630662083626 2.332751467823982 42.94888998568058 2.641686260700226 0 0.604172945022583 0.1810059249401093 0.353020578622818 492.4926702007651 44.55507784336805
11.1526845395565 374.1455565840006 1093.84866258502 0.5831791162490845 469.8397099524736 0.1589431762695312 120.6527690663934 1507.925628840923 922.4404102414846 5.466052025556564 1918.431988067925 223.1231472864747 1533.460464701056 6498.199560433626 31.10031391680241 35.43484268337488 2.174569733440876 2.289420962333679 0.2150106951594353 0.2501504719257355 3.235521763563156 9.799690753221512 1.508560419082642 2.494191750884056 14.10825473070145 8.190490320324898 1.054086059331894 2.539014644920826 0.573189876973629 0.5507036149501801 101.1394535526633 110.449380852282 1276.156018227339 0.2117674872279167 1.685989357531071 31.45622904598713 572.1047088205814 72.76139453053474 88.29259003698826 31.12078229337931 18.2610696926713 14.20774793624878 1.115393489599228 1.48480112105608 0.5115221068263054 1.007929101586342 79.06062693148851 0.3269446194171906 0.9503851160407066 1.872653841972351 4.407476156949997 27.70161360502243 13.99483718723059 13.79202543199062 0.8379050344228745 3.102935001254082 6.198795050382614 16.45574077218771 3.377932570874691 14.70045395940542 0.1078840419650078 172.9751685708761 0.486475482583046 24.14400451630354 1.893360756337643 1.627444662153721 1.185942873358727 0.4563790410757065 2.246195033192635 3.707626797258854 203.3361636400223 15.64282239973545 1.635695718228817 22.78478986024857 25.79670924693346 63.51130086183548 24.3510437309742 17.19226362556219 8.301077730953693 1508.844571210444 0.2651313617825508 238.7568117380142 1.726180166006088 0.8447150439023972 1.047716490924358 5.452759720385075 1.16156218200922 0.6292826011776924 2.673829957842827 2.388968296349049 0.5276525318622589 4.164472430944443 5.051588647067547 7.56409116089344 13.62599732726812 26.54454242438078 10.49753477424383 0.8130929172039032 39.62396713346243 5.190375335514545 1.011181987822056 1.552881479263306 7.729404166340828 0.4982524216175079 6.61125011742115 17.16154965758324 1.28690904378891 9.270921751856804 0.9467563033103943 1.123938992619514 0.7243040800094604 12.3188456594944 7.648730777204037 11.35201890766621 12.07676707953215 1.045176967978477 0.5698212310671806 0.2510706931352615 0 0.2039958462119102 0 0.2532598599791527 1.68195516616106 0.4738180637359619 0 3.584936238825321 0 0.919513002038002 0.152075782418251 0.5892289951443672 1.672296859323978 0.7008378505706787 3.948885276913643 0.1292169243097305 14.0507405474782 1.144173055887222 0 0 0 14.95052967220545 3.219103038311005 12.39528045803308 6.527352079749107 3.572108447551727 1.627838253974915 3.335707224905491 0.4233222752809525 0.3449676781892776 0 0.4224395230412483 0.2202163487672806 0.8096902593970299 2.232944317162037 0 1.140383049845695 4.276367664337158 4.535951755940914 8.106813825666904 0.1962332427501678 0.1949982345104218 0 2.06707775592804 0.9993122741580009 0 0 2.047585844993591 15.8243412822485 3.067802995443344 0.192030668258667 0.6944484934210777 0.2564707696437836 0.2430014461278915 0 0.201828345656395 0 5.960574045777321 14.00592065602541 5.648897513747215 4.841172322630882 0 2.311520174145699 5.060483410954475 4.396750450134277 15.53010655939579 1.285665966570377 1.28371986746788 1.279547192156315 0.3925235271453857 0.4902178421616554 0 0 0 0.1358863711357117 0.2319589853286743 0.1111204251646996 1.037771821022034 1.039391070604324 4.390540599822998 10.19877222925425 15.06712939590216 317.1273392885923 9.166172124445438 152.4973634257913 48.72412063926458 11.95925043523312 9.461763419210911 0.8130991980433464 18.86010403931141 14.78435368090868 0.9267504811286926 12.22813035547733 1.40438624471426 9.061231933534145 0.8150130957365036 0 0.8684328645467758 3.153397984802723 1.158491969108582 16.48984085023403 11.33894204348326
49.54931599646807 253.3960649222136 84.8645458444953 415.5592109560966 4.106816798448563 159.3004458099604 208.1924405694008 41.05256666988134 0.9101246744394302 1466.896928519011 223.1231472864747 137.9870582818985 758.9743768721819 53.7093189433217 9.095012560486794 11.83755819499493 0.5338209271430969 0.2649135068058968 0.08997170627117157 0 0 1.218182280659676 0 0 0.6502975448966026 0.5837808102369308 0.1058427020907402 0.2397421002388 0 0.08644701540470123 3.652777552604675 0.1117546632885933 28.05937194824219 0 0 0.2281919047236443 170.6333376243711 2.65406496077776 30.80810504406691 1.498447448015213 1.214201718568802 0.4588806107640266 0 0.6018203720450401 0.08691084384918213 0 13.5649391412735 0.1052137836813927 0.1174901276826859 0.2127606943249702 0.1368452459573746 3.402329601347446 2.013474240899086 1.412798710167408 0 0.3056582808494568 5.147537350654602 1.637567490339279 0.607218936085701 2.92015628516674 0 5.308788791298866 0 1.455920465290546 0.2861113995313644 0 0 0 0 0.3122083246707916 143.8932683840394 7.815351828932762 1.284779988229275 2.197823874652386 3.16132315993309 7.352923192083836 3.145048312842846 2.951057441532612 0 4.994272276759148 0 0.1994190663099289 0 0.1265944093465805 0 0.5444749221205711 0.09708050638437271 0 0 0.3785488083958626 0 0.1035694181919098 0 0.6612715646624565 1.31819611042738 372.9107979685068 30.16713772714138 2.261412650346756 37.87666960805655 59.36119805276394 7.197884634137154 11.83194002509117 48.77129346877337 3.6849170550704 22.96019567549229 152.4253641068935 28.68998083472252 72.66888146847486 40.52156388759613 24.89032472670078 7.615458086133003 122.2080555483699 68.38262118399143 91.25043267756701 60.32812941819429 1.155674882233143 0.3049746006727219 0 0 0 0 0 0.1238883063197136 0 0 0.3714877218008041 0 0 0.3244005143642426 0 0 0.08830109238624573 0.1801809519529343 0 54.84089577198029 1.822879150509834 0 0 0 60.89292054623365 6.656837090849876 18.72605165839195 9.145162209868431 2.350782722234726 0 0 0 0 0.3809419646859169 1.00456990301609 0.2628524005413055 0 0.4040289223194122 0 1.094947278499603 0.7100161463022232 0.1621960401535034 1.066462129354477 0.7175792902708054 0.2929172515869141 0.2332074642181396 4.193067245185375 2.982879400253296 0 0 4.232497662305832 44.45930508524179 7.322079665958881 0.4235148951411247 0.7037762030959129 0 0 0 0 0 0.4983293861150742 71.86537721008062 7.870845392346382 1.17184953391552 0 0 17.75291647017002 10.49183866381645 41.30322100222111 5.741173282265663 3.086926035583019 2.699079565703869 0.5956844016909599 1.184858784079552 0 0.08710268139839172 0 0 0.09938590973615646 0 0.462125688791275 0 34.97768464684486 26.48000159859657 24.62334330379963 143.7925753965974 0.5612713098526001 30.29852017760277 11.35010732710361 360.2061989158392 2.337238043546677 1.749076008796692 4.113244153559208 8.997162126004696 0.232362225651741 21.68495889008045 3.34381015598774 33.80142664909363 1.162956908345222 0 0.9953884184360504 1.583404734730721 0.8176154494285583 597.1362538784742 76.48640978336334
57.5133895277977 2518.196588419378 666.1645442396402 687.180985763669 357.0660247653723 99.48546955734491 4355.47069337219 221.6077964454889 183.0320518836379 3779.884554803371 1533.460464701056 758.9743768721819 4694.696420520544 4725.353391058743 59.94342912733555 66.2501929923892 3.08481477946043 1.470866024494171 0.8279826119542122 0.2027928978204727 2.284117005765438 5.049555040895939 0.2642934918403625 0.8536133766174316 4.294096685945988 3.04001922160387 0.3450514599680901 2.386414639651775 0.1052984371781349 0.7545093894004822 16.47656887024641 1.868412926793098 401.8554047495127 0.4208772927522659 0.8530090004205704 6.076331876218319 590.7684647813439 29.39544696360826 263.3903901427984 8.429050736129284 4.819600537419319 4.55219142884016 0.4035712108016014 2.051735453307629 0.5077138319611549 0.9688006564974785 103.4170109033585 0.6295279413461685 1.101835623383522 0.5791543871164322 2.360308788716793 15.33278250694275 10.88938399404287 6.775677666068077 1.410360187292099 5.394890561699867 13.02202999591827 5.366297319531441 5.459837816655636 18.6909562125802 0.1509294062852859 54.97534251958132 0 16.7907796651125 1.782399281859398 2.128664441406727 1.183373421430588 1.110226772725582 0.6702669709920883 1.582133628427982 260.2700212299824 31.47158949822187 1.306511737406254 27.37242544442415 21.41054164618254 84.47760112583637 27.97383654117584 22.14469555020332 0.2712773010134697 99.20223654061556 0.08640382438898087 4.456637732684612 2.08093985170126 0.9609900191426277 0.9965694695711136 4.108236983418465 0.6273602992296219 1.262562043964863 2.443961910903454 1.747046500444412 0.683496505022049 2.497766964137554 2.571722909808159 3.522906787693501 7.484920524060726 611.1216743886471 27.7855711877346 1.065330624580383 58.65915557742119 44.2976098805666 25.54808153957129 28.32488994300365 136.0283686891198 11.43446940928698 69.65018528699875 393.3452941998839 39.04315996915102 195.366757042706 109.4493414610624 46.55253264307976 15.42070467025042 262.3719676136971 159.4846586063504 233.5149326249957 142.2635596469045 4.224970027804375 3.544370956718922 0 0.5325937271118164 0 0 0.5380723103880882 0.1659558564424515 0 0.3591547608375549 2.423472888767719 1.6038718521595 2.234682209789753 0.09358185529708862 0.1309525817632675 0.7250553071498871 1.016808211803436 2.568837560713291 0.5033183097839355 165.5828709453344 11.7996174544096 0 2.04561185836792 0.1064963042736053 166.488636136055 19.21928536891937 87.10813814401627 36.02454194426537 10.60982319712639 0.8768418282270432 2.231478504836559 0.5158048868179321 0.8050656020641327 3.154614180326462 3.651446290314198 0 3.077139303088188 11.01438821852207 0.2505136430263519 1.652809083461761 2.687231458723545 6.603885985910892 4.438196413218975 4.615290582180023 2.87296462059021 0.3256266117095947 9.689865291118622 16.78991641104221 2.623794421553612 1.866175144910812 31.52447590231895 165.6555642262101 24.88592769950628 1.369666576385498 4.443420223891735 0.5400709807872772 0.3650195151567459 0 0.3710403442382812 0.2499012053012848 1.566655233502388 201.3423053771257 8.613935932517052 2.735892571508884 0.150838315486908 2.203280687332153 54.32031999528408 43.36509349197149 148.6079857796431 23.09444048255682 10.43855967372656 10.42047034949064 2.553936883807182 3.005403712391853 0.6501777842640877 0.1020030602812767 0.1738972812891006 0 0.2081523388624191 0.1516449600458145 1.35642372071743 0.840158611536026 78.84264195710421 79.57120592147112 103.5242880284786 610.4328195601702 15.04492597281933 229.4671320691705 78.19894987344742 327.4156327694654 12.24592259526253 5.720963478088379 40.10831101983786 39.60397857427597 3.160894483327866 85.56594828516245 22.00372113287449 73.82742927223444 3.27640525996685 0 2.022746540606022 8.098890066146851 0.827248677611351 740.1318809688091 160.634943716228
