336.1776446923614 964.358844794333 246.9543559849262 1050.785743802786 4.910222217440605 151.9155631810427 177.3942526504397 31.04403720796108 4.858476221561432 847.5794357508421 68.24445587396622 5.506493136286736 51.75676336884499 80.51744887977839 7.413981564342976 1.690452478826046 1.060761705040932 0.1862088367342949 0 0.1483390778303146 0 0 0.114082932472229 0 0 0 0 0.09449721127748489 0 0 749.6258724480867 5.496355377137661 9.478435754776001 0 0 0 7.350097596645355 0.5578361600637436 0.3448158204555511 0.3923086225986481 0.6085819825530052 0 0 0.757673941552639 0 0 100.0917022153735 16.74051074683666 0.9608666524291039 0.2186209708452225 2.943623714148998 0.4458953440189362 0.1547292619943619 0.1255738735198975 4.288863249123096 14.36170474439859 33.97988817095757 180.4587634801865 25.76612938940525 43.30615954101086 0.4772843867540359 4.062913663685322 0 11.38808163255453 11.28592646121979 10.18952921777964 4.928835988044739 3.359473459422588 0.5342350676655769 0.2606609910726547 5.429264388978481 4.404136404395103 0.1099639087915421 243.4855332523584 32.11898025125265 67.72393677383661 7.625239111483097 1.282968737185001 0.2280174046754837 32.94605097174644 0.5686758682131767 5.553772330284119 30.07114843279123 0.08222109824419022 12.39087828248739 7.243727255612612 2.3016247600317 0.08545238524675369 3.478093564510345 0.2357473373413086 1.237651631236076 0.8264361470937729 1.38462195545435 2.380369812250137 0.5833021104335785 53.72619238495827 8.862775348126888 0.1768598556518555 0.4943792521953583 1169.054301023483 0 2.738021522760391 1.964321300387383 2.059331491589546 1.948665142059326 23.69594940543175 15.55924578011036 3.850893944501877 61.05276520550251 42.57177762687206 1.002697855234146 13.26144556701183 32.72032088041306 8.83895654976368 4.057807773351669 0 0 0 0 0 0 0 0 0 0 0 0 0 0 0 0 0 0 0 1.11567796766758 3.145498603582382 0 0.1375091522932053 0 2.150832109153271 0.1139407381415367 1.443686671555042 0.4509209841489792 0.5548014119267464 0 0 0 0 0 1.233079671859741 0 0 0 0 0 0 0 0.6535965204238892 0 0 0.1099216639995575 0 0.2577448487281799 0 1.610425546765327 0.1350600123405457 4.043977849185467 2.404179394245148 0 0 0 0 0 0 0 0 5.83657668530941 1.34403595328331 0 0 0 5.416297487914562 1.156542301177979 3.870594397187233 0 0 0 0 0 0 0 0 0 0.1827276274561882 0.08646370470523834 0 0 18.86117119342089 1.837914854288101 1.040482759475708 267.4352916777134 5.242401123046875 439.0715343430638 64.68139059841633 1046.795431509614 26.74252840876579 4.603245072066784 15.32942321151495 15.29387371242046 0 0 0.2593746781349182 26.2803620994091 0 1.649744987487793 0.3506135046482086 1.675449684262276 0.1810497492551804 562.6698865443468 29.88567772507668
964.358844794333 1392.496215969324 698.5027314946055 2042.616276986897 1280.643556006253 157.9487548694015 2804.009766452014 618.8532049432397 1042.377395749092 2631.08915207535 2526.011364027858 38.53502234816551 1151.033170320094 1771.404570192099 80.09085427224636 25.35971886664629 2.610114119946957 0.1061341837048531 0.2614546120166779 0.1451983600854874 0.9567258507013321 0 1.020998567342758 0.2052559554576874 0.8790622502565384 0.6169198006391525 0.4893031567335129 0.08129870891571045 0.1635387539863586 0 1689.389471657574 68.09414780139923 72.45944926142693 1.077168241143227 1.124146342277527 0.5687154531478882 33.81052294373512 7.558306805789471 1.83087957650423 1.048342034220695 1.579229138791561 1.224114865064621 1.230354569852352 2.248337619006634 0 0.8728835508227348 388.520083732903 27.31939393281937 1.799264594912529 0.9350564479827881 2.796597547829151 0.4181548357009888 0.3856737464666367 0 9.13640221208334 18.07989273965359 32.96148387342691 300.3585280552506 31.33637044578791 69.54117729514837 7.938141532242298 16.20617423951626 0.272035039961338 74.62380990386009 19.10844273120165 14.59312841296196 6.511176325380802 5.038598150014877 1.661848306655884 4.602907463908195 14.37305598706007 16.27077367156744 0.153831958770752 351.8758943378925 125.7290020510554 202.9002926871181 109.1690364256501 13.18109111487865 6.221444368362427 238.7677527964115 8.123047836124897 48.22055424749851 37.61909779161215 0.3445293232798576 17.54519733041525 10.18435425311327 3.056230388581753 0.08606866002082825 3.750587824732065 0.3085163980722427 2.923019833862782 0.5534784495830536 4.766337715089321 6.884323537349701 2.072856582701206 28.36454356461763 1.867975823581219 0.1715047806501389 1.602682590484619 1435.492498755455 1.167530074715614 0 0.8872832506895065 0.8903082311153412 1.914989829063416 16.1736311763525 2.495696231722832 6.285663738846779 59.54281240701675 13.87279242277145 0.9331089407205582 5.154859311878681 16.8011310249567 7.218480341136456 10.86962675303221 0.5727204084396362 0.3764776289463043 0.2404232025146484 0 0 0 0 0.1196290478110313 0 0.4304597675800323 0.146443635225296 0 0.2816422358155251 0 0 0 0.1551016122102737 0.1152535602450371 0 3.196206994354725 1.530459985136986 0 0 0 5.911042988300323 3.637908361852169 11.73856704682112 3.375815562903881 0.4416050389409065 0 0 0 0.7285872995853424 0.3003365993499756 0.7275004237890244 0.1855911016464233 0 0.1242221891880035 0 0 0 0.1177948862314224 0.2466665357351303 0 0.3336532711982727 0 0 0.7709507495164871 0 3.297660857439041 0.8687500953674316 9.35762445628643 1.87852868437767 0.1768821030855179 0.0851699486374855 0 0 0.5697003379464149 0.09291467815637589 0 0 9.435264624655247 0.5073693320155144 0 0.4580944776535034 0.3381063863635063 9.064779467880726 0.9757096171379089 8.437749974429607 0.2049203664064407 0.1380257457494736 0.1158872917294502 0.5721757411956787 0.9495131224393845 0 0 0 0 0.3048588559031487 0 0 0 10.67847283184528 2.277327984571457 3.906075268983841 321.2854206562042 10.82734823226929 915.1811926141381 188.0179818198085 823.0301619172096 107.4776599630713 6.555769868195057 87.06540724635124 11.91635870188475 0.4925727844238281 0.8599869385361671 1.619461342692375 3.671896114945412 0.8577587306499481 0 0.2975866943597794 7.493174649775028 3.028688281774521 173.2876433134079 22.68396604806185
246.9543559849262 698.5027314946055 1204.749114081264 73.26570013910532 674.0042189136147 6.284729316830635 115.2063954025507 2300.942004516721 365.4145836830139 281.4488153904676 3424.270119801164 25.79858100414276 389.230083540082 1573.801123514771 55.08608400821686 34.88539185374975 5.815182887017727 0.5745573714375496 0 1.740459524095058 6.923417955636978 0.5521722584962845 5.068303056061268 3.093055568635464 2.074284344911575 1.717028304934502 1.402299761772156 0.7134899199008942 0.9295086264610291 0 3425.267850466073 266.604340031743 128.4377852529287 2.07491834461689 2.912539280951023 1.117021150887012 50.40514857321978 18.72788921743631 7.508834958076477 3.121499560773373 7.276503838598728 2.957979775965214 3.889607317745686 6.689981117844582 0.2908563017845154 3.670006684958935 108.6144849509001 8.114625684916973 2.162602595984936 0.8175886198878288 4.196114473044872 1.257056005299091 0.315776139497757 1.26734159886837 2.192082606256008 4.819007854908705 19.29855480790138 448.8467388451099 13.53157737851143 18.49072453379631 48.85025656223297 48.3260810226202 2.290955312550068 153.8957045376301 5.660931415855885 5.110514611005783 3.512946095317602 5.874681681394577 5.446847803890705 21.96476705372334 24.30933887511492 25.45201424509287 0.8278670161962509 153.1628318205476 62.69923928380013 78.63956037163734 71.20651552081108 26.46500837802887 81.52940806001425 1145.319104351103 58.56289763748646 334.1292687579989 14.0946214273572 0.1531945988535881 6.141392529010773 3.368120562285185 1.843380764126778 0.08401447534561157 1.041293546557426 0 3.060873620212078 0.2188683226704597 28.62239647656679 25.3881778344512 6.254449777305126 12.80787196010351 2.76605823636055 0.1290564835071564 1.64885288476944 343.5613221973181 0.1244526281952858 0 0.2490882873535156 0 0.1101369336247444 10.60378309339285 0.729865700006485 2.735262803733349 7.501945212483406 7.217494249343872 1.30788066983223 1.958361461758614 4.429905399680138 2.449540354311466 5.981800153851509 0.3416350483894348 0.7374274879693985 0 0.1577862054109573 0 0 0 0 0 0 0.5350193977355957 0.1070095151662827 0.3499747589230537 0 0 0.1129376515746117 0.1085323244333267 0.2590185403823853 0.137835904955864 2.241623617708683 0.9375292509794235 0 0.6918153762817383 0 4.865954510867596 3.533955864608288 9.413729518651962 4.037208236753941 1.807495258748531 0.4374474585056305 0.3364719524979591 0 0.3328086733818054 1.190917909145355 0.627358615398407 0.2390946969389915 0 0.4787454530596733 0 0 0.4036866426467896 0.9671206921339035 0.5733644291758537 0.1019222587347031 0 0.07612960785627365 0.09117306768894196 0 0 5.776602946221828 0.7807813733816147 6.063440270721912 1.358058899641037 0.4660878479480743 0 0 0 0.3775018006563187 0.3127883225679398 0.1399862468242645 0.6997875794768333 5.368264734745026 0.6096970438957214 0.2727235853672028 0 1.151568278670311 7.758334174752235 2.465990237891674 9.066372118890285 0.1244825422763824 0.3645185530185699 0 0.2683002054691315 0.5495028123259544 0 0 0 0.100891001522541 0 0.432280071079731 0.3327971026301384 0.1260952800512314 1.659984417259693 0.6440911218523979 3.075540959835052 205.2882933691144 19.63697449862957 204.8957462757826 63.87973818928003 100.822100199759 20.53503829985857 1.401428148150444 53.93904112279415 7.063431315124035 0.1162062585353851 1.853761963546276 1.646387077867985 3.629258587956429 0.4314854145050049 0 0 6.722489789128304 3.798654839396477 31.32925190031528 8.364642456173897
1050.785743802786 2042.616276986897 73.26570013910532 472.0743261650205 13.40581963956356 361.8893171101809 549.2297847270966 2.692986413836479 4.301647588610649 2083.102135702968 5.003711447119713 5.591380178928375 106.1758845448494 137.1829284355044 8.342803537845612 0.5355115532875061 0.5369169116020203 0 0 0.07155795395374298 0 0 0 0 0 0 0 0 0 0 89.76814981549978 1.431233398616314 10.28845819830894 0 0 0.1129192411899567 6.473373100161552 1.670552030205727 0.3988582044839859 0 0 0 0 0.1153851598501205 0 0 89.50868181884289 6.380703710019588 0.78204245865345 0 1.251528613269329 0 0 0 3.074265621602535 4.887716762721539 9.622626736760139 45.63141778856516 9.960381969809532 23.68160893768072 0.5311211943626404 5.87530218064785 0 7.827647089958191 5.872401505708694 4.071783944964409 1.52321145683527 1.554301604628563 0.1296258568763733 0 13.72196586430073 22.54979999363422 0 105.4167628288269 24.9048798084259 46.45391641557217 6.32261748611927 0.9984704330563545 0.4120771735906601 5.052119702100754 0.9531410336494446 6.83008486032486 11.71299368143082 0.09341499954462051 6.497800476849079 2.748250357806683 1.07121729105711 0 1.40765105932951 0.6291730999946594 0.4362303912639618 0 0.3018028438091278 0.4171305373311043 0 131.2522237449884 3.044326022267342 0.3644696027040482 0.5631352514028549 648.2039486542344 0 2.458412632346153 23.88961519300938 48.02900163829327 2.904363885521889 65.17202119529247 27.73756997287273 13.27699023485184 184.643383204937 48.58352908492088 2.269839748740196 51.56630772352219 71.17595894634724 18.08663246035576 12.88207896053791 0.1437036544084549 0.3482591807842255 0 0 0 0 0 0 0 0 0 0 0 0 0.3654546737670898 0 0 0 0 3.043647885322571 0.2100299447774887 0 0 0 5.154440149664879 3.235644221305847 6.444451726973057 1.747560746967793 0.5117466598749161 0 0 0 0 0.4238400161266327 0.7708226144313812 0 0 0.9695743918418884 0 0.1923126429319382 0 0 0.1317498534917831 0.1251651793718338 0 0 0 0.2895089387893677 0 1.80783611536026 0 6.406045392155647 2.184701099991798 0 0 0 0.3166056871414185 0 0 0 0 6.479481026530266 1.337367475032806 0 0 0 8.352189153432846 1.651967704296112 6.432620882987976 0.1034602373838425 0 0 2.177374631166458 0 0 0 0 0 0 0 0 0 21.57555024325848 1.703579187393188 2.824928402900696 247.8553954958916 2.298941388726234 298.1929942592978 48.68724977225065 1185.916308395565 27.51990988850594 1.552236445248127 15.55320906639099 13.52676695585251 0 1.81983520835638 0.1665776968002319 17.9059726446867 0 0 0.257339209318161 1.714234232902527 0.1843282580375671 359.2645354494452 49.4409876614809
4.910222217440605 1280.643556006253 674.0042189136147 13.40581963956356 1263.453986540437 0 2027.868665024638 52.61154217272997 3298.401287898421 1526.258123852313 776.5942321792245 28.60670337080956 880.983283534646 990.5555985718966 42.4499924108386 7.747735239565372 1.16621907055378 0.07807431370019913 0.261177659034729 0.09504400193691254 1.102030172944069 0 0 0 0 0.2015210539102554 0 0 0 0 105.0300417244434 17.76232757419348 4.654884845018387 0.08458922803401947 0 0 2.354031145572662 1.395519092679024 0.3744921088218689 0.2554930150508881 0 0.4069818183779716 0 0.4458991587162018 0.1125390455126762 0 108.6626716405153 1.763425290584564 0.8607174754142761 0.1075500845909119 0.206646203994751 0 0 0.1235905066132545 1.19281318038702 1.01318521797657 3.289168454706669 39.69998205453157 3.223304122686386 7.837311267852783 1.238364912569523 1.594054035842419 0 21.28377552330494 1.390566885471344 1.677105225622654 0.3149592503905296 0.5274864137172699 0.1937658786773682 1.142730690538883 2.926770262420177 9.235619053244591 0.1217858269810677 33.49314783513546 27.80731185525656 41.88331576436758 54.82538352161646 4.677774511277676 1.036590985953808 7.976110152900219 0.801517628133297 8.324972346425056 2.361890330910683 0 1.903730973601341 0.3519678041338921 0.3249487951397896 0 0.2445327341556549 0 0.4376019760966301 0.09493466466665268 1.393172197043896 0.8103174045681953 0.2675133645534515 10.07562395185232 0.2517278790473938 0 0.3296486139297485 5.093851841986179 0.15116286277771 0 0.3634364902973175 0.204526960849762 0.8044828921556473 8.703939214348793 0.1691273003816605 2.928091734647751 14.357391923666 11.68015540391207 1.413635313510895 3.933780245482922 7.797811046242714 3.772965781390667 6.245370090007782 0.6735333353281021 0.1956407427787781 0 0 0 0 0 0 0 0 0 0 0 0 0 0 0 0.2162700295448303 0 2.918578326702118 0.8599807024002075 0 0 0 3.972853384912014 1.097631812095642 6.876400955021381 2.86688257008791 1.233323283493519 0.1318143308162689 0 0.1339920908212662 0.3915792107582092 0 0.1212842985987663 0 0.1467075794935226 0.1504141390323639 0.1640876233577728 0 0 0.1129808127880096 0 0 0 0 0 0.1989036127924919 0 1.752921402454376 0.8347074687480927 8.255437321960926 0.4566345810890198 0.09651646763086319 0.1357193887233734 0 0 0 0.105952650308609 0 0 3.893349647521973 0.5792725831270218 0 0 0.1218811795115471 5.403228759765625 2.129268169403076 5.903017237782478 0.1705016493797302 0 0.2806061506271362 0 0.2088767737150192 0 0 0 0 0 0.1164126172661781 0 0 3.608936674892902 1.139748148620129 2.647194109857082 107.8911790251732 3.15182438492775 177.0704781860113 60.66771929711103 147.980112850666 35.80518320947886 0.73915995657444 40.36390489339828 1.997914828360081 0.7913514822721481 0.7090242877602577 0 1.864313334226608 0 0 0 3.07735513150692 0.2803999781608582 15.76704446226358 7.711605340242386
151.9155631810427 157.9487548694015 6.284729316830635 361.8893171101809 0 9.469207122921944 7.849581152200699 0.6796380877494812 2.352514289319515 491.904471039772 1.647195644676685 15.89181436598301 21.33502867817879 11.18308275192976 1.824098154902458 0.3977732360363007 0 0 0 0 0 0.2834346890449524 0 0 0 0 0 0 0 0 10.04336738586426 0.414760023355484 11.09165081381798 0 0 0 12.86140406131744 1.05899840593338 2.677895307540894 0.2081626802682877 0 0.2878548502922058 0 0.139387458562851 0 0.1898512840270996 5.077444076538086 0.3658785820007324 0 0 0 4.61308129876852 0.7166687846183777 0 0.5149464383721352 0.3177466541528702 1.126212686300278 0.5149937868118286 0 0.4222291558980942 0 0.7883797883987427 0 0 0 0.101603202521801 0 0 0 0 74.08589634299278 108.3638970255852 4.078685186803341 1.360353052616119 0.6046428084373474 0.7620896846055984 0.8523151874542236 0 0 2.238036632537842 0 0.208016648888588 0.8473853319883347 0.3994947597384453 0.1185129135847092 0.08815646171569824 0 1.216601215302944 1.767255827784538 6.878560654819012 1.428696878254414 3.930168025195599 0 0.3114925473928452 2.018784753978252 108.7872561067343 41.86665014922619 10.98681691288948 8.586174145340919 146.5437835603952 0.1600691080093384 0 2.841011345386505 3.46529620885849 0.4405112266540527 9.060086160898209 21.7641267478466 4.290193542838097 30.00054997205734 29.53894110023975 1.702821880578995 7.751924559473991 21.56510190665722 4.970700815320015 4.266555279493332 0 0 0 0 0 0 0 0 0 0 0 0 0.2153778150677681 0 0 0 0 0 0 1.969103083014488 0 0 0 0 3.946794435381889 0.6892016679048538 1.780455134809017 0.849174976348877 0.8074557259678841 0 0 0 0 0 0.2071231752634048 0 0 0.1727232336997986 0.1376424431800842 0 0.1398472785949707 0.1370820999145508 0 0 0 0.08220331370830536 0 0.5812125355005264 0 0.2003726661205292 0 2.815911576151848 0 0 0 0 0 0 0 0 0 6.393173843622208 2.372417509555817 0 0 0.1112264692783356 5.190957069396973 0 1.639833182096481 0 0 0 0 0 0 0.6160107851028442 0 0 0 0.1017553582787514 0 0 15.4684502184391 0.3398766815662384 0.9487836211919785 88.45927223563194 0 12.96348790079355 3.873042464256287 156.5450999289751 2.667059227824211 0 0.4902902245521545 9.198602706193924 0 1.346778184175491 0 18.21482279896736 0 0 0 0 1.103023648262024 104.3973847851157 34.70238815248013
177.3942526504397 2804.009766452014 115.2063954025507 549.2297847270966 2027.868665024638 7.849581152200699 946.8873576298356 19.37707827240229 1897.729269444942 3879.964414156973 355.2383178547025 244.7916081249714 3298.59856903553 2114.634627297521 63.17964592576027 22.97414962947369 3.280555985867977 0.2378318011760712 0.1856732070446014 0.2308706492185593 0.585835687816143 0 0 0.5728511586785316 0 0.2077736854553223 0 0.1440087407827377 0.2093228399753571 0 153.0877044275403 12.47821436822414 13.36437575519085 0.5552726536989212 0 0.09989355504512787 16.15011475235224 2.827889263629913 2.082742713391781 0.5323607996106148 0.1441204696893692 0 0.8749956414103508 2.335766799747944 0.1312984973192215 0.9053395763039589 215.4198036342859 8.377240024507046 1.487719543278217 0.191025011241436 1.199320092797279 0.3872563242912292 0 0 1.540139183402061 5.049941316246986 6.27858728915453 70.3026400655508 9.02403762191534 23.56137641519308 4.93982407450676 9.372097179293633 0.2069516479969025 28.44350420683622 4.031446631997824 4.099279724061489 1.903387248516083 2.013068772852421 0.2430457845330238 2.552685804665089 15.30457059293985 35.42214547097683 0.1388874351978302 88.89826696366072 54.6352506056428 94.10651843249798 84.37089497596025 8.933460168540478 2.975607752799988 26.8783286139369 3.602730929851532 17.60479130595922 10.59821593016386 0.08651211112737656 5.064000651240349 1.728372931480408 0.5780358836054802 0 1.044063083827496 0.09994145482778549 0.3255840539932251 0.1948214322328568 3.432960376143456 2.532712429761887 0.7058044448494911 83.15671684592962 2.818014673888683 0.3126178234815598 0.8316678032279015 37.95254235714674 3.011840686202049 1.240031935274601 18.61115379631519 13.10669100284576 3.007151745259762 94.33658236265182 6.827022090554237 26.34991781413555 110.9887736588717 95.9329256862402 6.295523516833782 60.47059348225594 49.87050973623991 25.05629485845566 34.23255154490471 1.237698867917061 0.4526270851492882 0.1024875193834305 0 0 0 0 0 0.1382079869508743 0.2782156765460968 0.557868592441082 0 0.4757792055606842 0 0.3034380674362183 0 0.3688862174749374 0 0 10.74534891545773 3.451302506029606 0 0.2301681041717529 0 17.56820833683014 4.797844856977463 23.42066755145788 10.52367617934942 1.687867633998394 0 0 0 0.4055755138397217 0.2741162776947021 0.8980414420366287 0.1634764969348907 0.8457868173718452 1.013234697282314 0 0 0 0.6140083372592926 0.5309396982192993 0.3283608183264732 0.286952942609787 0 0.2142049521207809 3.507201232016087 0 3.476824514567852 2.652264587581158 27.99075825512409 3.290369816124439 0.2468832358717918 0.6451709344983101 0 0.3171021342277527 0.2817631959915161 0.1122359335422516 0 0.3039518296718597 23.70286580175161 2.376825138926506 0.1359796524047852 0 0.2196759358048439 23.27764892578125 6.692298948764801 18.88462107628584 1.28155667334795 1.461933761835098 1.327242128551006 0.8182611688971519 1.285041525959969 0.3079114705324173 0 0 0 0.3539683967828751 0 0.08615950495004654 0.1198489740490913 18.56216289848089 4.251042984426022 9.49052981287241 251.7469283789396 7.799128696322441 422.8762824162841 113.7711038812995 391.1246368661523 67.91293086111546 1.706237740814686 76.79201496392488 11.97069841623306 0 12.47545994073153 4.224062450230122 16.84806521236897 0.3793805316090584 0 1.64714215695858 12.09988620132208 4.127534151077271 61.27407228201628 45.88054629415274
31.04403720796108 618.8532049432397 2300.942004516721 2.692986413836479 52.61154217272997 0.6796380877494812 19.37707827240229 931.5899201631546 183.2892130613327 10.93749254196882 1872.405470877886 11.94370824098587 134.3132283762097 2491.260747022927 68.058877363801 35.71637276560068 5.093972556293011 1.833984978497028 0.3312460407614708 2.278194762766361 9.284390866756439 0.5304582566022873 7.351226508617401 4.466322235763073 2.323079228401184 1.54113607853651 0 0.799630381166935 0.4483031779527664 0.1003397703170776 816.0660367980599 373.4047686308622 211.6539158672094 4.628578171133995 6.239730030298233 2.367528468370438 57.58335898071527 31.98505608737469 6.676519699394703 3.622205883264542 10.52934049069881 6.529509596526623 4.054355226457119 7.260058045387268 0.8205316737294197 4.136645443737507 102.2805745750666 2.539452344179153 2.575242608785629 2.385548047721386 6.118753843009472 1.810796186327934 0.2516342997550964 1.527781404554844 0.543369472026825 0.8533887565135956 4.01401736587286 46.98377659916878 2.572367511689663 7.078981213271618 88.349036462605 73.99608758091927 2.299398764967918 43.16602904349566 1.394975136965513 3.566234931349754 1.63022119551897 2.518284626305103 4.945753946900368 37.15496879070997 19.7638329192996 11.99216631054878 0.1468928158283234 37.22749972343445 33.45234250277281 47.35886527597904 98.69071716070175 40.93369314074516 1125.488429568708 3342.805498749018 80.3065889403224 1071.335659086704 3.115381434559822 0 2.912437722086906 0.5190731100738049 1.315821595489979 0 0.1687781661748886 0.1007180213928223 3.06874094158411 0.3090282306075096 57.65363336354494 46.55821902304888 10.26691034436226 9.251634567975998 1.507704243063927 0 1.511429697275162 18.43441325426102 0 0 0.4334381520748138 0 0.460194319486618 4.095398135483265 0.3775238543748856 3.069167792797089 2.969956606626511 1.201283827424049 0.2369324639439583 1.104225985705853 3.775572597980499 1.594506986439228 3.702769793570042 0.2086432725191116 0 0 0.3651467561721802 0 0 0 0.1511879414319992 0 0.1291354894638062 0.1267313063144684 0 2.299801789224148 0 0.1772440224885941 0 0.2614141777157784 0.9690842255949974 0.3170539140701294 1.105812393128872 0.6409962624311447 0 0.7266453206539154 0.3448521196842194 2.250081568956375 2.156612418591976 3.987049639225006 4.797791294753551 2.970238722860813 0.3239558190107346 0.7440279647707939 0.2290955930948257 0 0.1073151528835297 1.397770583629608 0.2983389869332314 0 0.1584499925374985 0 0.1732543259859085 0.5093396753072739 0.4690295159816742 2.737384118139744 0 0.1326091736555099 0 0 0.1360824853181839 0 1.844283543527126 1.173299290239811 4.548619464039803 0 0 0 0.1242905482649803 0 0 0.151507630944252 0.393635056912899 1.197424687445164 1.843647070229053 1.628044232726097 0.7145778611302376 0 1.247401021420956 1.896196775138378 1.971512943506241 2.056765623390675 0.2571574449539185 0 0.130363330245018 0.5927047580480576 1.143901914358139 0 0 0 0 0 0.2695417404174805 0.666243277490139 0.240985780954361 0.6019243746995926 1.075783252716064 1.989659406244755 242.0218775719404 23.99021756649017 141.0295469090343 78.96158663183451 72.03826348483562 21.04898770153522 0.5487150624394417 64.09575496613979 2.684345327317715 0.2600388079881668 1.047284752130508 0.1193048357963562 0.2610954195261002 0.3946485817432404 0 0.4867213368415833 7.580371350049973 4.529546305537224 9.893392272293568 5.989200353622437
4.858476221561432 1042.377395749092 365.4145836830139 4.301647588610649 3298.401287898421 2.352514289319515 1897.729269444942 183.2892130613327 719.18254378438 241.7206348106265 1220.23343244195 53.97133521735668 721.7968116104603 732.8763391971588 29.64945320039988 15.41110313683748 1.492354303598404 0.09311267733573914 0.388811357319355 0.3301005065441132 0.2769296616315842 0 0.2777689546346664 0.1798572987318039 0.4452636539936066 0 0 0 0 0.1193831339478493 30.88127297908068 3.972661286592484 15.2771544829011 0.1509091407060623 0.1564906239509583 0 12.47467017173767 2.287084393203259 0.8216964453458786 0.191192626953125 0.7459052801132202 0.4080422595143318 0.5338137000799179 1.762011162936687 0.117764912545681 0.8306642770767212 35.9010396078229 0.2438403218984604 0.7585347890853882 0.3222167864441872 0.106057420372963 0 0.1000712364912033 0 0 0.172283299267292 0.1390613615512848 4.315304271876812 0.4641649723052979 1.741502247750759 6.733302243053913 8.18071722984314 0.26531882584095 5.988124504685402 0.1902696937322617 0.1080950573086739 0.06149842962622643 0.4733552187681198 0.6971826776862144 3.821373149752617 9.377908706665039 25.32123643159866 0 5.341655924916267 8.403852939605713 20.1402800604701 31.97456592321396 7.890951164066792 2.031656712293625 32.46835477650166 5.02175073325634 29.31805264949799 0.5063497051596642 0 0.1194695755839348 0.07895343750715256 0.1099236533045769 0 0.06635470688343048 0 0.3655736893415451 0 3.111753955483437 2.622217752039433 1.382856830954552 31.82852222025394 1.345195963978767 0 0.136183962225914 3.302812792360783 0.7946039810776711 0 2.103222832083702 0.8086213916540146 3.729805439710617 29.27142219990492 1.638280808925629 9.931171923875809 26.32611730694771 25.57538446784019 4.173480786383152 11.54930675029755 25.48598349094391 10.80373608320951 19.73218232393265 0.5928613469004631 0.1865817904472351 0 0.2760093063116074 0 0 0 0 0 0 0.3051679879426956 0 0.6965112164616585 0 0 0.1346566677093506 0.4938418939709663 0 0 8.001153260469437 3.350833117961884 0 0 0 11.93959484249353 3.128626421093941 13.67533130198717 6.921759724617004 1.248464167118073 0.1510914266109467 0 0.6576597988605499 0.5708944946527481 0.4608609080314636 1.534294687211514 0 0 0.4537231922149658 0 0 0 0 0.2524873316287994 0.10371433198452 0 0 0.159844234585762 0.6421933099627495 0 2.785156577825546 2.02936851978302 21.54252287745476 4.624232985079288 0.4610426723957062 0.3479205369949341 0 0 0.111263781785965 0 0 0.1171998679637909 12.85309695452452 1.703827038407326 0 0 0.1187215894460678 16.89948264509439 5.104811474680901 13.04657266288996 0.2835638448596001 1.671238541603088 0.09833137691020966 0 0.4533401727676392 0 0 0 0 0 0 0.1762042790651321 0.1390637755393982 10.8316932618618 2.603054463863373 7.343749530613422 139.3437909632921 4.839963287115097 54.62591259181499 23.34140235930681 43.77740018069744 7.915604524314404 0.08586888760328293 36.84266541153193 5.283303059637547 0.4503078311681747 2.48761385679245 1.080119021236897 4.01410374045372 0.4513708651065826 0 0.1361015439033508 2.268360212445259 1.672150731086731 17.73919782042503 30.64158590137959
847.5794357508421 2631.08915207535 281.4488153904676 2083.102135702968 1526.258123852313 491.904471039772 3879.964414156973 10.93749254196882 241.7206348106265 1206.89157512784 63.29849806427956 756.8205080479383 7182.115861058235 760.6748960465193 89.53544066846371 29.61018163710833 3.162802889943123 0.5924041792750359 0 0.1089830324053764 0.3295182585716248 0.7182061076164246 0.9905291348695755 0.9270889610052109 1.495136827230453 0 0.2505286410450935 0 2.06388846039772 0.3112218901515007 63.40423378348351 6.59112960100174 253.137607678771 0.2259389609098434 0 0 293.0820183604956 11.61475618928671 3.342045277357101 2.704798892140388 0.8228956460952759 0 0.7675591260194778 3.528761498630047 0.1218543201684952 0.5091698169708252 268.8405748680234 7.380912691354752 3.071788318455219 0 1.274010993540287 0.7323258146643639 0.8335999250411987 0.1444724500179291 1.710301890969276 4.621431641280651 3.388187892735004 43.37164804339409 6.712380655109882 24.54983372241259 5.372479230165482 54.92539320886135 0.4050048440694809 32.67308278381824 5.072421222925186 3.288429729640484 0.730667881667614 0.9180157110095024 0.4205412417650223 1.432634621858597 187.6105505675077 211.394653879106 0.330564022064209 74.20917870849371 53.8011959195137 90.43715687841177 85.31358695030212 9.589097686111927 1.961420923471451 59.21992039680481 2.945215545594692 87.58180969953537 11.50755936652422 0 5.150961056351662 2.044739440083504 1.303135111927986 0.4165685102343559 0.9126968532800674 0.4695522040128708 0.4402182847261429 0.2570172995328903 4.391961716115475 3.519176296889782 0.2367326244711876 927.7473272830248 70.83225464820862 0.6810657680034637 5.990823678672314 167.5737879946828 6.425635620951653 7.733251303434372 20.84642241895199 7.704922094941139 23.43639730662107 281.5335745289922 50.33200757205486 110.5563710555434 422.2807070463896 305.6714503467083 27.51649749279022 128.4051978886127 254.8063163235784 120.3352876007557 142.8599770665169 4.163016259670258 2.15277661383152 0.4979287981987 0.1284312009811401 0.1137396991252899 0 0 0 0 0.1881061196327209 0.3546117171645164 0 2.206711262464523 0.5214435607194901 0 0.2616318762302399 0.1136433556675911 0.1409274339675903 0 36.61672837287188 20.37763085961342 0.3505458235740662 1.772646248340607 0 64.6549965441227 21.45929714292288 87.12968491762877 35.88927467167377 7.165195770561695 0.5932327210903168 0.417840763926506 0.1155965775251389 1.82373908162117 2.176444694399834 6.295326575636864 0.191062718629837 0.701178640127182 2.713229775428772 0.2914166897535324 0 0.2967834174633026 1.049107477068901 1.096797741949558 0 0.2771905437111855 0.1714826375246048 0.7142102271318436 5.281786918640137 2.491191625595093 20.52113927155733 9.938847422599792 124.1106237918139 16.32418420910835 0.1861594915390015 0.5418663173913956 0 0.1009388417005539 1.399289935827255 0.4875602722167969 0.1145830452442169 0.7187440767884254 84.89685995876789 9.23800066113472 0.4465932101011276 0 0.1241069138050079 104.6408766210079 32.55797150731087 106.2362201437354 3.525051221251488 5.349109500646591 2.069749549031258 3.027643121778965 3.737183533608913 0.5442540347576141 0 0.5695144236087799 0 0.4532626867294312 0.3199485391378403 0.2080085724592209 0.1497017592191696 134.1492810621858 15.50679961591959 35.10182733088732 1028.359747372568 9.067566499114037 534.9324040859938 178.501003369689 1211.286273874342 101.3298762589693 2.42714499682188 199.9372291266918 60.01708773523569 1.001550413668156 18.16448387503624 7.723115541040897 71.4134473875165 4.801621824502945 0 1.49378290772438 13.11653037369251 3.941540718078613 454.5554601028562 303.312305226922
68.24445587396622 2526.011364027858 3424.270119801164 5.003711447119713 776.5942321792245 1.647195644676685 355.2383178547025 1872.405470877886 1220.23343244195 63.29849806427956 1800.573636367917 17.69317007064819 563.1907433047891 2764.55941490829 20.30649023503065 15.89938920736313 1.582542754709721 0.3286364004015923 0 0.1873466521501541 0.5910568535327911 0 0.7481759786605835 0.7376638799905777 1.073564082384109 0.5795538127422333 0 0 0.116263709962368 0.1019380688667297 596.3648694977164 52.56275808811188 246.2228655070066 0.2006029486656189 0.8447754681110382 1.007701069116592 63.3774331510067 21.74750516563654 6.936347983777523 2.046647727489471 3.555017523467541 1.441549479961395 0.5113417729735374 3.564024962484837 0.08479004353284836 0.6646930053830147 33.94622880220413 1.997593238949776 0.425082303583622 0.2297685369849205 1.278314530849457 0.9334340244531631 0 0 0.2786025404930115 0.2498558312654495 0.7676518484950066 19.36800545454025 1.54473815113306 4.232982933521271 6.270959503948689 38.57818906754255 0.4654199481010437 8.898261815309525 0.8014497607946396 1.024890638887882 0.4682963192462921 0.5959702804684639 0.6397808790206909 5.810117527842522 22.76954083889723 10.26962015032768 0 16.17989872395992 12.16647186130285 19.38824319094419 24.42634256184101 8.714907705783844 11.95759315043688 1000.427479662001 5.504978477954865 92.76854439079762 1.614124856889248 0 1.017634227871895 0.2277042344212532 0.3783292695879936 0 0.08273636549711227 0 0.603349931538105 0 6.91066662222147 7.347392395138741 1.286558710038662 9.540872752666473 2.179855644702911 0 0.5268234461545944 22.79457203298807 0 0 0.1324797123670578 0.1471525877714157 0.3637686967849731 4.810910075902939 0.5635495185852051 3.082142487168312 9.159967541694641 2.812290281057358 0.3918912410736084 3.479713216423988 3.956740014255047 1.476152792572975 3.985641181468964 0.7048865482211113 0 0 0 0 0 0 0 0.1224311888217926 0 0 0 0 0 0 0.1488541215658188 0.1374703198671341 0 0 1.900821700692177 2.297726526856422 0 0.2980965077877045 0 2.856679804623127 1.448387369513512 4.170671842992306 1.64928162842989 0.6725111976265907 0 0 0 0 0.1338556557893753 0.2034848928451538 0.4115284979343414 0 0.774456113576889 0 0 0.2461482435464859 0.4241202771663666 0.2514481917023659 0 0.2736320495605469 0 0 0 0 0.4702949225902557 0.8696507811546326 4.207435056567192 0.2764667570590973 0 0 0 0 0.1051170825958252 0 0 0.1580185890197754 3.140828423202038 0.5502761155366898 0.2140087634325027 0 0 3.279265999794006 0.5993637815117836 4.805732823908329 0.365168958902359 0.1816990375518799 0.1495325565338135 0.4874164760112762 0.1628223359584808 0 0 0 0 0 0.1150684356689453 0 0 2.623417884111404 0.3526063933968544 1.407787151634693 86.80127534270287 5.384068116545677 57.24614275991917 20.75444462895393 40.35115133970976 10.94422942399979 0.1626156270503998 24.57189147174358 1.65086542069912 0.2892032191157341 0.497769221663475 0.1361553221940994 1.168589636683464 0 0 0 0.7242838740348816 1.007278263568878 8.725336603820324 9.307952471077442
5.506493136286736 38.53502234816551 25.79858100414276 5.591380178928375 28.60670337080956 15.89181436598301 244.7916081249714 11.94370824098587 53.97133521735668 756.8205080479383 17.69317007064819 35.87459725141525 1087.65639808774 168.1054792106152 5.963137201964855 6.401190049946308 0.5247858911752701 0 0 0 0.444499135017395 0 0.4333950877189636 0 0 0 0 0 0 0 4.280834540724754 0.3421310037374496 65.0305757522583 0.1313356459140778 0 0 201.6413452774286 12.01317947357893 7.137098982930183 1.675468482077122 0 0.6899633407592773 0 0.9764335304498672 0 0 3.363238766789436 0 0 0 0.2364798709750175 0 1.425919249653816 0.2259751707315445 0 0 0 0.7946322709321976 0 0.2714706063270569 0.7060490101575851 15.95523853600025 0 1.413438081741333 0 0 0 0.3639741316437721 0 1.050373882055283 184.7790790349245 52.28732948005199 0.1114934012293816 1.601102367043495 1.675756640732288 2.324488900601864 6.62607703357935 2.643593437969685 0.1567224860191345 27.22202701866627 1.635529831051826 18.22073096036911 0 0 0.1096243411302567 0 0 0 0 0 0.1170806139707565 0.1056627631187439 2.353885591030121 2.341597609221935 1.305056415498257 767.1507659777999 3.37903918325901 0.1056598126888275 1.786851689219475 2.906182453036308 1.213980674743652 0.3186043202877045 5.658862680196762 1.651738807559013 2.762348771095276 56.06156862527132 7.864068657159805 21.1371765434742 71.12463819235563 48.05466514825821 6.627640947699547 32.51875832676888 72.03565960377455 31.52334999293089 39.61209131777287 0.8629100546240807 0.2550930753350258 0.1282390356063843 0 0 0 0 0.1806062459945679 0 0 0 0 0 0 0.1488094478845596 0 0.1170272305607796 0 0 3.538179866969585 3.239724725484848 0 0.1526649594306946 0 17.45690865069628 2.139919318258762 11.32172640413046 4.966429077088833 0.4463449493050575 0 0.1288382560014725 0 0 0.1559185981750488 0.735723614692688 0.1780750006437302 0.3199523314833641 0.3886713162064552 0 0 0 0.2142636775970459 0.1098512560129166 0 0.1387553960084915 0 0.1134472191333771 0.4974533766508102 0 1.092146545648575 0.2243988662958145 15.57988749444485 2.132826149463654 0 0.4112416356801987 0 0 0 0 0 0 30.65688628703356 1.789330311119556 0.1168405711650848 0.2538899779319763 0 15.3336845189333 2.555965714156628 12.62194141745567 0 0.1200441867113113 0.6203311532735825 1.084531895816326 0.5957072749733925 0 0 0 0 0.1072321012616158 0.1023875325918198 0.1322236210107803 0 38.33650951832533 1.836298331618309 5.11027118563652 42.70369661599398 1.854012727737427 8.024833522737026 4.526253424584866 26.39588202536106 1.19440633058548 0 4.797346413135529 5.358840398490429 0.1412234157323837 5.660854890942574 1.181302882730961 7.523566529154778 0.7931234538555145 0 0.1207087859511375 1.00175829231739 0.6135585904121399 106.6065645068884 86.84684620797634
