618.5162903293967 3969.071522690356 683.0845436006784 2135.215600393713 51.79451852291822 115.3609806224704 306.1303670555353 219.8659266233444 6.302735343575478 1279.82557836175 20.50036014616489 10.42130702733994 22.08803986757994 42.46463841944933 2.134289026260376 0.8198294416069984 0.6036495193839073 0 0 0.1193465068936348 0.7160410210490227 0.337839275598526 2.055965915322304 2.847245872020721 0.7768071219325066 0.5269153565168381 0.5526324063539505 0.1151353940367699 0.2829011604189873 0.2626629397273064 1129.57269334048 74.54401372373104 16.16588888317347 0.2127693444490433 0.5530749186873436 0.8586757853627205 3.303013928234577 1.052774034440517 0.216955728828907 0.3921102657914162 0.2938935458660126 0 0 0.1080394610762596 0.1424332112073898 0 39.17990599572659 8.272751927375793 0.8604098409414291 0.1879462227225304 0.6353050097823143 0.7930188402533531 0.2739307954907417 0.1813373565673828 11.28039757162333 13.25240572541952 198.3089562058449 626.4131210520864 72.98100578784943 50.21499846875668 2.729268126189709 2.512687101960182 0.6667248830199242 16.92747800052166 13.33891721814871 4.844026818871498 1.3208948969841 2.873472429811954 1.23466819524765 1.447448372840881 17.25166025012732 44.88387431204319 2.882864259183407 409.2570124492049 49.80665575712919 31.60413365066051 3.218133471906185 1.776076033711433 4.117948308587074 85.58998546749353 0.1607734858989716 29.31491231173277 32.9560132548213 1.391370698809624 5.545451030135155 3.468652233481407 2.867349751293659 0.8446721881628036 1.265332981944084 1.371816508471966 0.2915594130754471 0.695152685046196 1.697719372808933 1.012330859899521 0.2825124263763428 82.0442793443799 40.87204927951097 1.338574767112732 0.8630239963531494 1018.886667363346 0.1278149783611298 5.576075702905655 3.215592071413994 2.170416459441185 5.84066203981638 2.629549853503704 28.93469116091728 1.449459314346313 4.555831722915173 56.61230906844139 1.963304713368416 12.56218282133341 28.86529293656349 9.027693182229996 3.343947611749172 0 0 0 0 0 0 0 0 0 0 0 0 0 0 0 0 0 0 0 1.161670967936516 7.920914098620415 0 0 0 1.158885084092617 0 3.288182333111763 0 0.1391325742006302 0 0 0 0 0 0 0 0 0 0 0 0 0 0 0 0 0 0.170555979013443 0 2.749053969979286 0 0.1535894572734833 2.169646471738815 0.409278079867363 0 0 0 0 0 0 0 0 4.108675695955753 0 0 0 0 1.921714976429939 0 0 0 0.1246341317892075 0 0 0 0 0 0 0 0 0 0 0 12.57297234237194 0.2818403244018555 0 752.0517056807876 14.34319354593754 146.6446919590235 49.69948583096266 883.2745636031032 24.96216557919979 4.282391309738159 7.776195734739304 84.28877323865891 0 0.2756203711032867 0 71.89533624053001 0 0.1097260490059853 0 1.977113708853722 0 405.9578397125006 27.49350441992283
3969.071522690356 2004.923913754523 1240.864205405116 3755.385943897069 1109.133842356503 67.50502999871969 1027.173719234765 438.7030728161335 749.5318249389529 1771.819422878325 2977.678105078638 100.4290266931057 777.2224861606956 2556.645119488239 23.32218993455172 7.943630412220955 2.05490156263113 0.3927966579794884 0.218965083360672 0.1098408922553062 1.227755837142467 0.5265798196196556 1.492961928248405 3.567041464149952 1.191876247525215 0.1531979590654373 1.066604420542717 0.4684906154870987 0 0.5795186683535576 1233.002421252429 90.27450785413384 46.82155556976795 0.07042630016803741 0.838396854698658 2.24142387509346 13.26832488924265 1.937981903553009 1.067867115139961 1.367699272930622 1.341273412108421 0.3127513229846954 0 2.286532297730446 0.7121070995926857 0.2692918255925179 235.4691139087081 30.60045676678419 3.645001605153084 1.318497620522976 1.344574950635433 0.6274574473500252 0.3688050806522369 1.566220931708813 24.61457467824221 34.50336126610637 93.06828259676695 398.1596576869488 67.14794047176838 133.4811094924808 4.114249274134636 8.414142526686192 0.6404400318861008 43.47222974896431 38.64870624616742 21.75737674534321 4.929095976054668 13.70670707523823 2.533615283668041 4.024245500564575 34.25608524680138 1.117168545722961 0 652.171512760222 220.5663286298513 262.695713326335 92.08689278364182 36.19088191539049 6.595701828598976 412.8645553290844 1.43870560079813 34.89269611239433 82.41804832220078 2.514873549342155 25.41536167263985 10.48632909357548 11.30176318436861 0 4.629619494080544 0.2051993682980537 1.748521037399769 0.8597801178693771 1.268031410872936 1.937941625714302 1.098659195005894 25.03804113715887 3.504051014780998 0 0.9826854541897774 492.2040900662541 0.784442238509655 1.016086399555206 0.6195500791072845 2.283522129058838 0.3327388390898705 0.2446469515562057 4.666240692138672 1.497608870267868 7.446804858744144 11.90182843059301 1.666690893471241 7.748882509768009 14.06788839399815 2.215881638228893 2.481436237692833 0.5650992393493652 0 0 0 0 0 0 0 0 0 0 0 0.2887875735759735 0 0 0.1696143597364426 0 0 0 0.9226156249642372 2.222954452037811 0 0.6190314292907715 0 1.75043024122715 0.3446047455072403 4.090092822909355 0.9645580872893333 0.6658772304654121 0.1726397573947906 0 0 0 0 0 0 0 0.1326499879360199 0 0 0 0 0.2162106409668922 0 0.08294203877449036 0.08091533929109573 0 0 0.6535362601280212 0.174926295876503 0 1.922682672739029 0 0.1288688033819199 0.1088995337486267 0 0 0.1463890969753265 0 0 0 7.800682000815868 0 0 0 0 5.300972424447536 0 1.568603783845901 0.6051582768559456 0 0 0.1916769295930862 0 0 0.08634090423583984 0 0 0 0 0 0 9.817117810249329 2.16006938368082 1.453288614749908 348.4991791844368 24.70540477335453 530.4998527914286 97.00626646727324 244.6987315118313 46.239223562181 5.794906795024872 21.25315644592047 9.096721112728119 0.3336515203118324 0.4170440062880516 0 7.403740845620632 0.196707621216774 0.1104706227779388 0.4088710397481918 3.671530663967133 1.302281618118286 120.558290489018 10.69624777883291
683.0845436006784 1240.864205405116 1713.41918644309 48.59500806033611 558.638809427619 3.139066204428673 33.30789525061846 2945.695926405489 156.3884249553084 37.02496856451035 3306.328402012587 29.28138427436352 120.6608806475997 2067.270347900689 17.094656445086 6.069692432880402 1.627185374498367 0.6951792389154434 0 1.348667927086353 0.8027548119425774 0.2616694569587708 4.829621680080891 10.39064269512892 4.676223769783974 0.6652481257915497 4.919250749051571 0 0.5484668612480164 0.3973256126046181 2202.049593366683 740.0075371488929 79.74657369405031 1.423877164721489 2.228710182011127 5.067533798515797 9.173065915703773 5.528747834265232 3.862032376229763 3.550072230398655 2.090692639350891 0 0.8502100855112076 1.590289369225502 0.2796169444918633 0.6705469116568565 92.78534684330225 12.03240496665239 1.647973448038101 2.332949243485928 0.6806189715862274 1.023131795227528 0.5153866782784462 0.7095813006162643 8.942319639027119 13.64240322262049 64.46374418959022 300.4872804805636 33.83433895558119 48.81021285057068 2.637319304049015 8.99354449659586 1.061611242592335 140.581843867898 11.52478720992804 11.01875555515289 3.413857840001583 11.68990182876587 4.104537390172482 10.35884706676006 26.39580500870943 2.038004294037819 0 324.7336109690368 153.0463534295559 123.1166090965271 65.89519509673119 31.047148630023 40.14118732511997 1338.49874060601 2.349053561687469 149.796761110425 32.32854134589434 0.9919311478734016 8.936517342925072 3.794462382793427 8.639022648334503 0.1019021347165108 2.6039047986269 0.3972558379173279 2.194428667426109 0.8912160620093346 3.779523096978664 1.111619368195534 0.994418740272522 4.282685905694962 0 0 1.382224403321743 152.4612345397472 0 0 0.09693559259176254 0 0.1955031603574753 0 0.1334533542394638 0 0.4296256750822067 0.9392478913068771 0 0.7601542398333549 1.468615278601646 0.5597563832998276 0.1089687943458557 0.07691849023103714 0 0 0 0 0 0 0 0 0 0.1671574264764786 0 0.3190566599369049 0 0 0 0 0.1826797425746918 0 0.1296925991773605 0 0 0 0.4166413247585297 0.596710592508316 1.467809945344925 1.052938215434551 0.4988780170679092 0 0 0 0 0 0 0 0.1069900617003441 0.07034313678741455 0.3140101879835129 0 0 0 0.09645570069551468 0.1421536058187485 0 0 0 0 0 0 0 0.2489066272974014 0.4484367147088051 0 0 0 0 0 0 0 0 0 2.306038647890091 0.4364607930183411 0 0 0.09807880967855453 1.974530011415482 0.6106462478637695 0.1042581126093864 0 0 0 0 0.11829873919487 0 0.07984282821416855 0 0.1170815527439117 0 0 0 0.1132400259375572 1.824490524828434 1.508799448609352 0.5979049876332283 123.3676495403051 9.749390862882137 192.3046234920621 37.86440850049257 59.82351991534233 15.30068940669298 1.284712187945843 7.732583202421665 2.980406507849693 0.1528941243886948 0.2248395830392838 0 0.5933686494827271 0 0 0 2.641246378421783 0.1759711354970932 33.38897707313299 3.461174003779888
2135.215600393713 3755.385943897069 48.59500806033611 641.0777925848961 30.26078554987907 246.3077989369631 912.803047850728 1.381460778415203 7.053339436650276 1116.46685808152 5.376043796539307 96.55988028645515 251.1566247269511 41.8601351827383 0.2664586454629898 0.1280878186225891 0 0 0 0 0 0.1006187722086906 0 0.1646403968334198 0.07766788452863693 0 0 0 0 0 26.43150566518307 0.2957499325275421 1.865490600466728 0 0 0 0 0 0 0.1223844885826111 0 0 0 0.168772004544735 0 0 18.99052488058805 5.501330524682999 0.2542904615402222 0 0 0 0 0 3.766205340623856 4.41939502954483 24.84810854494572 50.5089383944869 10.56255459785461 18.63172646611929 0.1634490489959717 0.1640115678310394 0 3.204565733671188 5.287086680531502 2.673820212483406 0.4672598540782928 0.7813963070511818 0 0 3.307471141219139 1.306301698088646 0 100.893931299448 27.88095515221357 21.6762105897069 2.524875022470951 0.2522823438048363 0.1792268753051758 4.311698585748672 0.1568412184715271 0.6760781332850456 15.98276901245117 0.3412050530314445 3.847037255764008 1.104275792837143 1.206729613244534 0 0.3596670255064964 0 0.1896174475550652 0 0.1140694990754128 0 0 26.49431316554546 1.734643161296844 0 0 339.6849282309413 0.2124955728650093 2.56723253428936 31.50164748728275 27.82110691070557 1.123097248375416 127.1771159768105 9.916282288730145 5.178440153598785 99.34157641232014 26.2171852439642 0.1721433699131012 15.22584810107946 6.748637430369854 6.569478273391724 0 0 0 0 0 0 0 0 0 0 0 0 0 0 0 0 0 0 0 0 0.1712579727172852 0 0 0 0 0.3107322156429291 0 0.3139476776123047 0.4257082641124725 0 0 0 0 0 0 0 0 0.08565789461135864 0.2657307386398315 0 0 0 0 0 0 0 0 0.6312022805213928 0.6770235821604729 1.231158100068569 0 0 0.7098670601844788 0 0 0 0 0 0 0 0 0 0.702728807926178 0 0 0 0 0.5440843626856804 0 0.2493739426136017 0.7753744572401047 0 0.0867169126868248 0.09722404927015305 0 0 0 0 0 0 0 0 0 2.602733448147774 0 0 91.31374264508486 2.423459820449352 47.96095090359449 11.27313118427992 398.5855261087418 7.174903623759747 1.30672138184309 2.429730407893658 10.66492719203234 0 0.384263776242733 0.3301036134362221 8.968260012567043 0.3772542998194695 0 0.1836886256933212 0.6413492262363434 0.2874296605587006 113.1015243828297 4.082315102219582
51.79451852291822 1109.133842356503 558.638809427619 30.26078554987907 1391.069994434714 0.6691784262657166 604.8590690121055 253.8027187287807 1502.475396998227 645.4606062844396 2856.344044096768 82.65537399798632 636.2272593230009 1508.273471042514 21.87678770720959 6.586274169385433 1.285749331116676 0 0 0.09079632163047791 0.6960529237985611 0 0.4909745007753372 0.8971657305955887 0.2477636337280273 0 0.2697892189025879 0.1371493935585022 0.0831514298915863 0.1232634484767914 64.99209941923618 39.12520484626293 7.765007302165031 0.1027235835790634 0.1075984239578247 0.7835485115647316 3.081927984952927 0.1096318662166595 1.308547347784042 0.3614646568894386 0.2037219107151031 0.1011648699641228 0.138215959072113 0.9722830653190613 0.09549268335103989 0.06629438698291779 111.76237629354 10.90718664973974 2.141400463879108 0.3387985527515411 0.4651105776429176 0 0 0.1071077734231949 6.736917801201344 10.48985675722361 6.948133714497089 39.81865672022104 8.09984365105629 37.67142034322023 1.242892108857632 4.79119149595499 0.2935676276683807 23.5405335649848 7.306057706475258 7.422148466110229 1.600344747304916 6.504273377358913 0.5576961040496826 0.2286050021648407 30.25231528282166 0.8529772758483887 0 124.3866192996502 50.3658110499382 110.3887146562338 58.96128584444523 24.95144506543875 1.652347229421139 10.5616533011198 0.8405895456671715 12.15222058445215 20.62497430294752 0.6499253660440445 8.435362249612808 3.052129477262497 3.181441284716129 0.1024243831634521 1.389523662626743 0 0.07882797718048096 0.5008739233016968 0.1961467117071152 0 0.4450767487287521 31.91997543722391 2.783883988857269 0 1.948544099926949 9.577172376215458 0.3655035942792892 0.8968661800026894 2.725886814296246 0.240430161356926 2.100019119679928 1.67914754897356 3.197847366333008 1.136554412543774 7.174298420548439 16.02788502722979 1.528146088123322 11.04320318251848 19.42359816282988 4.401960372924805 6.969820581376553 0 0 0 0 0 0 0 0 0 0 0 0 0 0 0 0 0 0 0 1.720001868903637 2.135350786149502 0 0 0.9358819425106049 3.574909619987011 1.451439157128334 7.033130757510662 1.256951898336411 1.181775644421577 0 0 0 0 0 0 0 0.1042755246162415 0.1582008302211761 0 0 0 0.1127577945590019 0 0 0 0 0.1000296026468277 0.2047025039792061 0.879226416349411 0 1.355463266372681 5.32418105006218 0.1045376360416412 0 0 0 0 0 0 0 0 11.49431939423084 0.1438861340284348 0 0 0 5.426289901137352 0.260089784860611 2.857311606407166 0.1613093540072441 0.227424755692482 0.1057844907045364 0 0 0 0 0.07903721183538437 0 0 0 0 0 11.17567168176174 1.462559953331947 1.104968905448914 179.7891514524817 12.54260940104723 247.1457322537899 46.99296429753304 59.79283483326435 23.44476025551558 1.409988194704056 9.367284633219242 10.45618023723364 0 0.6675757989287376 0.5351506844162941 7.802935346961021 0 0 0 2.989137373864651 0 43.29515641182661 13.65668906271458
115.3609806224704 67.50502999871969 3.139066204428673 246.3077989369631 0.6691784262657166 4.022189483046532 19.94695515185595 0.5246834754943848 0.7248763144016266 386.113843165338 1.119765266776085 40.49337162077427 16.10585948824883 4.64656463265419 0 0 0 0 0 0 0.2072096168994904 1.857498675584793 0.236128106713295 0 0 0.1889714002609253 0 0.1646185219287872 0 0 11.32178255915642 0 1.973658680915833 0 0 0 4.809163808822632 0 1.001880653202534 0 0.3909112811088562 0 0 0 0 0 0.408007487654686 0.4208968579769135 0 0.1202509105205536 0.5147208422422409 4.112448178231716 0.2427151799201965 0 0 0.9308110922574997 19.53173229843378 5.247512973845005 0 0 0 1.013798609375954 0 0.1539053320884705 0.1030416935682297 0 0.1019811481237411 0.1498456448316574 0 0 77.84267561137676 206.6312527135015 21.21226850152016 2.455893754959106 0.2443229705095291 0.3068936169147491 0.1359321475028992 0 0 1.022816926240921 0 0.1597584187984467 0 1.059148281812668 0 0.5983740389347076 0 5.572237499058247 5.439088873565197 14.08245215564966 1.301536574959755 5.729535363614559 0 0.1116459593176842 0.8796095103025436 174.4350724816322 102.0084225535393 10.7006312161684 3.780739054083824 144.7090923637152 0 1.608912974596024 1.743557706475258 0.1620167046785355 1.072337716817856 0.5665227621793747 9.588130533695221 0.6948835700750351 2.219028532505035 25.16454087197781 1.08188533782959 7.605233058333397 15.1975761577487 3.605918861925602 0.5110935568809509 0 0 0 0 0 0 0 0 0 0 0 0 0.3433510363101959 0 0.5271809846162796 0 0.1304859220981598 0.1479507237672806 0.302959993481636 0 0.7756483256816864 0 0 0 0.2398089691996574 0 0.7062473371624947 0.1395572572946548 0.2760289460420609 0 0 0 0 0 0 0 0 0.09020042419433594 0 0 0 0.56434465944767 0 0 0 0.1776761114597321 0 0 0.7907410264015198 0 0 0.1254523992538452 0 0 0 0.1980679482221603 0 0 0 0.0751757025718689 0 0.8253223747014999 0.4868707209825516 0 0.1416896432638168 0 0.7337727844715118 0 0.2542825043201447 0.07689885050058365 0 0 0 0 0 0 0.1275015026330948 0 0 0 0 0 6.585539810359478 0 0 57.55510869622231 4.115840300917625 1.55842661857605 0.9445983022451401 57.13429760932922 0 0 0.9112914800643921 14.47088275849819 0 0 0 12.34234470129013 0 0 0 0 0 48.86785389482975 20.71053562313318
306.1303670555353 1027.173719234765 33.30789525061846 912.803047850728 604.8590690121055 19.94695515185595 498.5497767403722 8.42810395359993 609.9903476834297 2386.717770121992 452.2572535723448 488.5325592085719 3853.111571423709 2171.971828311682 14.35542816668749 4.494470790028572 0.4772374033927917 0.5704316049814224 0.1032819002866745 0.1556576192378998 0.2347800135612488 0 0.5147925168275833 0.1578140109777451 0 0.1600996255874634 0.07198299467563629 0 0 0 45.61323337256908 19.23825305700302 9.658102117478848 0.3335254490375519 0.1333960443735123 0.5135550498962402 2.886032253503799 0.1351294219493866 0 0.191652774810791 0.2446489110589027 0 0 0.3494617193937302 0.0669294148683548 0 98.44922631233931 11.84724719077349 0.333197183907032 0.1088921427726746 0.4113713949918747 0 0.1104244068264961 0.1439632326364517 7.965260334312916 10.51486255228519 15.91616426408291 79.40192883461714 18.35416469722986 48.23899314552546 0.8664332553744316 5.779621101915836 0.1178875118494034 15.11017718166113 11.73617903143167 7.587143331766129 1.956099823117256 3.725614584982395 0.4711293652653694 0.6206721812486649 28.28981363773346 2.218774288892746 0 192.2424417473376 68.76247050613165 97.43149504065514 39.53830885887146 18.37381977587938 1.399283222854137 3.745628796517849 0.5923058539628983 9.530017584562302 28.03427546471357 0.4151084944605827 7.077106721699238 5.211047746241093 3.675605051219463 0.254475936293602 2.216685056686401 0 0.5670111030340195 0.1029060035943985 0.1782785728573799 0.2154582738876343 0.3267484754323959 58.53958033025265 2.791198492050171 0 0.08500843495130539 45.87924477458 0.208575427532196 0.7218669280409813 15.95208828151226 4.894013315439224 2.570401914417744 38.34698563814163 2.894550256431103 16.27784589678049 24.02862470597029 40.18569983541965 3.395011112093925 14.59092548489571 27.04177068173885 9.655126176774502 5.654965840280056 0 0 0.3964579105377197 0 0 0 0 0 0 0 0 0 0 0 0 0 0 0 0 0.9704619869589806 1.784815691411495 0 0 0.2478832602500916 3.083340704441071 1.890113323926926 8.48397121578455 0.818429671227932 0.9658110290765762 0.1507841348648071 0 0 0 0 0 0 0.09781215339899063 0.2417890802025795 0 0 0 0.1540030241012573 0 0 0 0 0.2574732303619385 0 0.5065771788358688 0.4591458141803741 0 7.564867220818996 0 0 0 0 0 0 0 0 0 13.70964902639389 0 0 0 0 7.943875648081303 0 0.8200701028108597 0.378924086689949 0.07561936229467392 0.09642969071865082 0 0.1232001781463623 0 0 0 0 0 0 0 0 17.58083821833134 1.412606507539749 2.566330909729004 168.4543280750513 8.92595262080431 236.6576408445835 43.67618177831173 82.45145051181316 18.30259583890438 1.422585181891918 10.79943455010653 13.42754285037518 0.1696150004863739 0.6430975273251534 1.192034438252449 14.15684907138348 0.3551600277423859 0.08643562346696854 0 2.612310983240604 0 80.58280522376299 17.76433117687702
219.8659266233444 438.7030728161335 2945.695926405489 1.381460778415203 253.8027187287807 0.5246834754943848 8.42810395359993 1110.173545978963 125.3707772344351 6.045544564723969 2037.114251919091 25.7993124127388 58.23245325684547 1876.141466274858 49.01948824524879 26.11963418871164 2.866719171404839 3.048400074243546 3.704050131142139 8.789382472634315 10.22463685274124 1.452202521264553 29.78369254618883 65.83317103981972 20.44021107256413 3.42802532017231 20.28144406527281 0.2557953223586082 2.238671138882637 1.946675889194012 1120.788437329233 2252.523121707141 165.5075922086835 12.26522716879845 17.44579324126244 35.74363117665052 30.85419578105211 28.62637557834387 10.99528810381889 23.57378603518009 12.43908555060625 1.8769700974226 17.25672625750303 9.981863975524902 8.857859842479229 9.843679204583168 145.2841079607606 14.37285567820072 6.626052290201187 17.13778590410948 11.14558446407318 3.334993004798889 4.255651786923409 2.523738652467728 5.065260618925095 9.858730174601078 25.94548636674881 159.0380006656051 15.9549991376698 48.96413616091013 107.1067218855023 43.65664737671614 8.652756422758102 320.8455540835857 11.62246964499354 22.42881521582603 7.675162576138973 52.47703839093447 38.06733013689518 56.55294324457645 55.33315316587687 2.581386834383011 0.1417076736688614 192.7539488859475 121.3051715940237 175.9916162565351 238.2428829446435 426.9900697693229 1058.657503627241 3059.068462386727 52.44802101701498 2315.56999540329 20.13236140459776 0.5422540158033371 10.20083547383547 4.529670346528292 26.49762440472841 0 2.266324914991856 0 4.970146045088768 2.783158466219902 31.60917954146862 5.963877946138382 2.747239127755165 7.478082440793514 1.361120775341988 0 2.70160436630249 38.19101090729237 0 0 0.2483402192592621 0 0.5918397009372711 1.042189963161945 0.1426462680101395 0.6535625755786896 0.3868680745363235 1.997998610138893 0 1.259608469903469 2.802879020571709 1.043867573142052 1.245494917035103 0 0 0 0 0 0 0 0 0 0 0.1949044913053513 0 0.4656580835580826 0 0.1431494206190109 0 0.1196401417255402 0.2438706606626511 0.3242545276880264 0.349593460559845 0.288671150803566 0 0 0.7252716422080994 0.9759058132767677 0.2478884011507034 2.993441432714462 0.4072558581829071 0.6106400936841965 0 0 0 0 0 0.3575614988803864 0 0 0 0 0 0.1434039026498795 0.3749087154865265 0.3027296811342239 0 0 0 0 0 0 0.4563672244548798 0.3797291368246078 1.126802682876587 0 0 0 0 0 0 0 0 0 3.671545118093491 0.3791150450706482 0.2132583260536194 0.1218277737498283 0 1.037296563386917 0.7239619046449661 0.7805523574352264 0 0.1391309946775436 0.08109350502490997 0 0 0 0 0 0.1255064457654953 0 0.2157341241836548 0 0.1133467853069305 2.780632987618446 0.1159994304180145 1.907053366303444 239.9411885365844 34.09213291108608 321.3737216070294 79.95630615949631 52.7067055106163 19.87637918442488 1.543491549789906 16.25663095712662 3.195980705320835 0.1583212614059448 0.3005076721310616 0.3957171589136124 2.247651070356369 0 0 0.1396786868572235 4.165974222123623 0.9038710296154022 27.57234010845423 4.231611222028732
6.302735343575478 749.5318249389529 156.3884249553084 7.053339436650276 1502.475396998227 0.7248763144016266 609.9903476834297 125.3707772344351 351.3309893608093 207.5650545656681 1316.464077122509 67.28980634361506 446.4957061707973 1194.541695386171 18.93268635869026 9.085539937019348 1.167524613440037 0.1216986402869225 0.08399476855993271 0 0.6501258462667465 0 0.4634075239300728 1.475183144211769 0.1745617836713791 0 1.293887555599213 0 0 0.1549045294523239 19.46235682070255 22.69148454070091 16.18257646262646 0.1021308451890945 0.3064734935760498 1.075792163610458 4.476440452039242 0.5461607798933983 0.4360268414020538 0.08851313591003418 0.4974266812205315 0.08653233200311661 0 1.5377187281847 0.1004408225417137 0 60.3934036269784 4.843595914542675 0 0.4025225341320038 0.9904587417840958 0 0 0.08777200430631638 1.382282011210918 3.47551191598177 1.60016617923975 11.46502387523651 4.432189226150513 16.093151666224 0.71080531924963 8.156873352825642 1.060814142227173 16.36621334403753 3.598575249314308 2.479189038276672 1.226434603333473 3.377458721399307 1.363393135368824 0.6495107188820839 28.25995603203773 2.270069971680641 0 39.89908296987414 19.3322364166379 60.96771660447121 35.66574191302061 23.89431297779083 3.098176345229149 17.70364212244749 0.5670734941959381 15.1332645714283 8.315059438347816 0.5450073629617691 3.09862307459116 1.298602513968945 2.794379279017448 0 1.034508086740971 0 0.6652302145957947 0.1441640704870224 0.9125192612409592 0.07611192762851715 0.7081938236951828 46.17106381058693 2.784625634551048 0 0.6228074580430984 2.375396616756916 0.232978530228138 0.9251926839351654 3.030556991696358 0.7572142034769058 2.910031467676163 0.7036147117614746 4.077084437012672 2.62531965225935 7.442349746823311 23.26066530495882 3.579955987632275 12.76700415462255 28.85989184677601 5.519030779600143 5.211102902889252 0 0.3517245054244995 0 0 0 0 0 0 0 0 0 0 0.3044895529747009 0 0 0 0 0 0 1.730408512055874 2.534345678985119 0 0 0.5420037508010864 4.662990227341652 3.774530872702599 8.835337750613689 1.831154704093933 0.1413529813289642 0 0 0 0 0 0 0 0 0 0 0 0 0 0 0 0 0 0.284939244389534 0 0.6324298530817032 0.5019160062074661 0.499252051115036 3.725462183356285 0.2552169188857079 0 0.08406320959329605 0 0 0 0 0 0 17.17573133856058 0 0 0 0 4.902740105986595 0.09211947023868561 3.454234592616558 0.1590405032038689 0 0.2356710433959961 0 0 0 0 0 0 0 0 0 0 17.12606304883957 1.74958536028862 4.796046428382397 139.2168338000774 10.14724385738373 151.9988067671657 36.00083457678556 42.0851798132062 17.87338294833899 0.921750895678997 11.10166636109352 14.16849622875452 0.2105019092559814 0.2486536651849747 0.3189079537987709 10.03393709659576 0.3143714964389801 0 0.2808533608913422 4.477090604603291 0 36.37552762776613 17.3882297873497
1279.82557836175 1771.819422878325 37.02496856451035 1116.46685808152 645.4606062844396 386.113843165338 2386.717770121992 6.045544564723969 207.5650545656681 1624.43032245338 19.79488303512335 3030.468222014606 6028.857678726315 431.1170043200254 15.36279701441526 5.729306049644947 0.7323382273316383 0.09472835063934326 0.2067495733499527 0.2366572543978691 0.2145002856850624 0.2357032895088196 0.7828197181224823 1.113058567047119 0.6202787533402443 0.3080108463764191 0.4220130294561386 0.5312397032976151 0.3376899361610413 0 26.346351608634 8.464737690985203 40.58376318216324 0.1503830701112747 0.3791734352707863 0.5333028733730316 16.46518665552139 0.3298175781965256 0.2418884932994843 0.4966759905219078 0.2173541635274887 0 0 1.399237811565399 0.09296487271785736 0.1763015612959862 97.59583127498627 11.49336610734463 0.8357050716876984 0.1542198210954666 0.7113310098648071 0.8718368336558342 0.5644140839576721 0.363946758210659 5.719743385910988 7.527484625577927 36.87153504788876 53.09629957377911 12.50659216195345 42.19406973570585 0.9443448781967163 11.85757452994585 0.2852942496538162 17.09344379603863 10.14345262944698 4.975347466766834 1.50110799074173 4.20075873285532 0.2214704677462578 0.8605014085769653 133.7624783143401 38.47361849993467 2.698215425014496 142.345169596374 36.93508589267731 85.26802522689104 30.21933118999004 17.4284475967288 1.9887959882617 8.166090697050095 0.7043130323290825 17.24336156994104 20.99606235325336 0.91413514316082 8.401912733912468 2.398301064968109 2.405780330300331 0.344545491039753 1.957575052976608 2.214627303183079 1.113477014005184 0.7934280633926392 0.9209227710962296 0.2592201009392738 0.4672043398022652 320.724516838789 43.47367115318775 1.840169608592987 0.759896457195282 519.8913305178285 3.604495070874691 13.0553579851985 25.35576166957617 12.41295674443245 21.72549700737 42.82053010910749 71.18740322440863 13.89670240879059 107.5819274708629 219.8944316208363 12.28658638894558 100.0400343313813 179.1950696855783 50.75775980949402 27.24729197472334 0 0 0.1994833052158356 0.1018185690045357 0 0 0 0.1677593290805817 0 0 0.2718488276004791 0 0.70486119389534 0 0.4221243858337402 0.1213441342115402 0.1701234132051468 0 0.1128373816609383 7.116406716406345 9.992170602083206 0 0.4398728013038635 0.4971139132976532 13.11751412600279 7.863110810518265 24.81970126181841 1.689837440848351 3.009290516376495 0 0 0 0 1.423318654298782 0 0 0 0.691282644867897 0 0 0 0.4208512455224991 0.634325385093689 0.09893688559532166 0.1688348203897476 0 0.862924188375473 1.711214080452919 10.31116418540478 0.1338395327329636 1.114512294530869 18.04515717178583 0.9128194153308868 0 0 0 0.1029164344072342 0 0 0.1149417832493782 0 47.98351995646954 0.1985413134098053 0 0 0 28.55459289252758 2.120960220694542 11.43158023804426 1.107783235609531 0 0.3979715406894684 0.1307651549577713 0 0 0 0 0 0 0 0 0 99.95564448833466 4.155099682509899 5.204766325652599 522.622967146337 14.74887263029814 285.9902829378843 52.90166134387255 848.0522414967418 29.25424553453922 1.404024697840214 19.92797117680311 147.5167778357863 0.7170184701681137 2.417007520794868 0.3931811898946762 123.3387945070863 0.3162837326526642 0.1245633438229561 0.5039267465472221 3.236951395869255 0 1076.706136122346 152.1948003694415
20.50036014616489 2977.678105078638 3306.328402012587 5.376043796539307 2856.344044096768 1.119765266776085 452.2572535723448 2037.114251919091 1316.464077122509 19.79488303512335 1788.635604098439 41.95260992646217 389.8068152219057 1785.238166809082 19.02731528133154 11.09310182929039 1.035866387188435 0.356987938284874 0.3462802916765213 0.9519946128129959 1.196890346705914 0.4038765877485275 1.86271720379591 7.487102977931499 4.040171355009079 0.7943029329180717 1.990054540336132 0.5574635565280914 0.7943427637219429 0.4562544673681259 67.95519607514143 38.22209799289703 269.9996264800429 0 1.54766858369112 5.176412418484688 34.99311865866184 11.93448071181774 4.788799822330475 7.638877719640732 2.046009197831154 0.1886197030544281 0.3027552589774132 1.411960572004318 0.3839847594499588 0 49.64880979806185 3.621108509600163 1.052202701568604 0.3786620423197746 2.095312342047691 2.209592878818512 1.93324413895607 1.295056045055389 1.021169424057007 2.121201269328594 2.054595239460468 10.01177790760994 2.625784739851952 15.02592162042856 2.327692158520222 32.15642282366753 0.8360608369112015 17.64217261970043 2.355416640639305 2.878346651792526 1.241104610264301 4.594195351004601 2.868592754006386 4.719968616962433 72.98348528146744 0.7411209493875504 0.3750422075390816 30.74864635616541 15.02996226400137 46.61606258898973 28.7981289178133 21.59152138978243 35.75004076957703 499.9612480401993 1.071292705833912 104.5192161723971 6.676743417978287 0 1.381454423069954 0.8450097963213921 2.875913687050343 0 0.4652630016207695 0 0.8488980978727341 0.3624496608972549 4.598890535533428 0.9404895678162575 0.578451432287693 15.62173487246037 2.105967685580254 0 1.892922967672348 4.109542965888977 0.1993166208267212 0.2111266553401947 0.6112944334745407 1.105688691139221 1.50716257840395 1.743244633078575 0.279889389872551 0.2783914506435394 1.533445335924625 7.044332191348076 0.9208916947245598 3.502530992031097 10.23443330079317 2.257196091115475 2.479100301861763 0 0 0 0 0 0 0 0 0 0 0 0 0.8249057233333588 0 0 0 0.1104727163910866 0.16163469851017 0 1.5236676633358 0.8051751330494881 0 0 0 2.271401338279247 0.6566915214061737 3.511961698532104 0.5675620213150978 1.370854549109936 0 0 0 0 0 0 0 0 0.2339015677571297 0 0 0.1317878216505051 0.1358050554990768 0.2500756978988647 0 0 0 0 0.3085498958826065 0.2264405190944672 0 0 1.625567235052586 0 0 0 0 0 0 0 0 0.1296604871749878 5.84675244987011 0.2467505633831024 0 0 0 1.860874958336353 0 0.6316428780555725 0 0 0.1649308502674103 0 0.124146856367588 0 0 0 0 0 0 0 0 5.966282144188881 0.8565888106822968 1.630878299474716 109.1008569300175 10.60146271437407 108.71808847785 20.61784921586514 26.01575283706188 11.87397540360689 0.355507954955101 8.630451932549477 1.363266818225384 0.3602212518453598 0.1968596577644348 0.3253135681152344 2.674919068813324 0.09673964232206345 0 0 1.792457111179829 0.3930431604385376 12.9534215182066 7.824986301362514
10.42130702733994 100.4290266931057 29.28138427436352 96.55988028645515 82.65537399798632 40.49337162077427 488.5325592085719 25.7993124127388 67.28980634361506 3030.468222014606 41.95260992646217 211.6436435729265 1729.234569691122 535.9967810809612 35.53665574640036 31.98369818925858 4.215551033616066 0.8995005786418915 0.3873430639505386 2.317273654043674 2.765277937054634 3.217166379094124 5.961558505892754 20.92903044819832 15.45279690623283 0.9345944449305534 6.861010365188122 0.6293837949633598 2.590395346283913 2.243601709604263 25.85902967303991 23.14086701720953 265.3719332739711 0.3965625315904617 6.104671031236649 7.653339430689812 232.3588754460216 16.40913505852222 13.74746511131525 11.35865534842014 7.717039547860622 0.882811963558197 1.255785554647446 4.661990284919739 0.1159139201045036 0.3691899850964546 39.79491997510195 1.92885822057724 1.755684301257133 3.314338430762291 6.886345364153385 8.810994796454906 7.90540649741888 4.486655905842781 0.7042803466320038 1.351282998919487 2.543424025177956 9.00602401047945 2.543393738567829 7.949040561914444 2.055299960076809 18.04947946220636 1.053079463541508 21.62663735449314 2.097629554569721 9.285387851297855 3.966536916792393 24.48711949586868 10.29817465692759 17.6990077868104 339.0917916223407 24.12518489360809 1.275477141141891 13.74873496592045 6.987241581082344 35.35532017797232 22.99789506196976 30.45668649673462 2.792353875935078 49.54992596060038 1.190966047346592 29.12418754398823 1.304625116288662 0 3.568181529641151 1.307909101247787 6.355413973331451 0 0.9245395734906197 0.3480352386832237 1.465370543301105 2.813527584075928 16.55255928635597 4.712559185922146 6.726672567427158 695.2308100387454 31.67841327190399 0.3567778617143631 7.051672801375389 28.08425918221474 1.649461142718792 9.115870848298073 16.32387691736221 2.512476339936256 16.40258488059044 8.937602832913399 36.21603868156672 7.948477104306221 38.17847665399313 158.0911918506026 19.2639994174242 86.3097580447793 138.3905570805073 41.03346136957407 29.69122876226902 0.1135401278734207 0.2916984260082245 0.1173113361001015 0 0 0 0.1087119802832603 0.8167646676301956 0 0.1070766821503639 0 0 1.909921921789646 0 0.5059503316879272 0 0.1660992354154587 0.4759769663214684 0 8.426261328160763 12.56369257718325 0 1.763833448290825 2.005053445696831 20.89447599649429 11.02066023647785 39.39097313582897 4.608266212046146 2.841978393495083 0.1143624857068062 0 0 0 0 0 0 0.2136149331927299 1.366320751607418 0 0 0.8557749837636948 1.743500769138336 0.7294489145278931 0 0 0 1.208314701914787 0.7267397716641426 5.095634773373604 0 1.446771070361137 20.2801371961832 1.851621255278587 0.1955772861838341 0 0 0 0.0996750146150589 0 0 0 70.23437839001417 0.5839498043060303 0.2552587389945984 0.2631445080041885 0.3480067849159241 33.18552566319704 1.116542249917984 10.35862435400486 0.4438168108463287 0.4767148941755295 0.7596844956278801 0 0.4142151921987534 0 0 0.1051011979579926 0 0 0.1394325941801071 0.5224282294511795 0.127641960978508 107.6687468290329 10.95426177233458 13.00799631327391 297.8886492028832 32.90333205461502 154.6867682784796 68.95917471498251 141.8869211897254 15.68419223278761 0 17.78326445072889 93.49048762023449 0.8578247725963593 5.462837673723698 3.363644652068615 80.61403328925371 2.476001121103764 0 0 5.169618003070354 0.6320976763963699 503.9371081590652 138.9870694354177
22.08803986757994 777.2224861606956 120.6608806475997 251.1566247269511 636.2272593230009 16.10585948824883 3853.111571423709 58.23245325684547 446.4957061707973 6028.857678726315 389.8068152219057 1729.234569691122 2901.434520170093 3030.425387553871 36.99640770256519 24.98722901940346 3.122801087796688 1.615098088979721 0.5862205624580383 1.720899306237698 2.044304490089417 2.495748981833458 6.536067560315132 19.24219916015863 10.3559867888689 0.2062980085611343 7.930969104170799 0.4856595695018768 2.151044361293316 2.196613416075706 23.53379382193089 31.58087696135044 733.9235244840384 1.109507121145725 5.501982897520065 9.295183233916759 293.0209228098392 12.56243815273046 19.47802316397429 11.89722245186567 4.27680217474699 0.5152484551072121 1.248672157526016 2.27666337788105 0.09663849323987961 0.704310417175293 52.64658917486668 3.376558318734169 3.072820439934731 3.019411347806454 4.352333940565586 5.492584981024265 7.440076686441898 2.85078451782465 1.053509563207626 1.968675583600998 0.6422295570373535 9.937894210219383 1.900882534682751 8.772196792066097 3.474490910768509 26.54091149568558 0.1357143521308899 26.92058430612087 1.938011631369591 9.972401462495327 4.793690823018551 19.29297315329313 12.37326105684042 15.81195773929358 444.1766906604171 16.5725452080369 0.5602837800979614 20.82593434303999 9.55028223991394 41.36280929297209 31.77198319882154 32.66484292596579 5.624861724674702 159.9498567730188 1.123418480157852 66.91434648633003 4.596626937389374 0 4.655862614512444 1.093472175300121 5.513257436454296 0 0.6851460710167885 0 2.50612798333168 3.230947487056255 12.93387223780155 3.105206340551376 3.124676041305065 773.470493093133 15.63246063888073 0.7274739742279053 14.00350598990917 9.556598499417305 2.46372027695179 7.216272264719009 15.91881835460663 2.103265255689621 16.02674673497677 15.54034420847893 26.01197121292353 11.50691727548838 80.39148913323879 114.7226381450891 14.19064167141914 116.9101881831884 111.0040107369423 43.5010444149375 28.3207393810153 0.09484294801950455 0.6494801342487335 0 0 0 0 0 0 0 0 0.1238150671124458 0 2.38896668702364 0 0 0.1174383237957954 0 0.7946253716945648 0.5613744109869003 8.604371570050716 12.86038844287395 0 2.433001503348351 1.214122503995895 23.12821156531572 16.75150388479233 31.58045830577612 5.792626246809959 3.799979843199253 0 0 0.1103126108646393 0 0.3006594479084015 0 0 0.1082468777894974 1.127457097172737 0 0.1312495023012161 0.3652549386024475 1.603039711713791 0 0 0 0 0.831087701022625 0.7931785508990288 2.318579614162445 1.740595698356628 1.329227656126022 18.61392901837826 0.3501583486795425 0.2441784515976906 0 0 0 0 0 0 0 66.60682502388954 0.2943916916847229 0 0 0.1791152805089951 29.73181995004416 1.241977848112583 8.45346137881279 0.5211241468787193 0.9157364442944527 0.09583920985460281 0.1042699366807938 0.2684481292963028 0 0 0 0 0 0.1487405300140381 0 0.1735079735517502 81.03112820535898 7.598514273762703 11.08262664079666 263.4833409115672 23.27085913717747 155.1012226566672 61.99536839127541 86.01434677094221 17.73905539512634 0.1209615990519524 13.66494634747505 70.7143629938364 0.2716669738292694 4.574218258261681 2.570744901895523 67.85474024713039 1.539954848587513 0.1382888704538345 0.4693827629089355 3.395195446908474 0.6429443955421448 301.1654755920172 99.83668534457684
