486.4250914156437 2833.383408784866 1029.893128037453 2857.404864214361 81.54473151266575 229.8315979987383 452.6541232466698 94.77788506448269 41.59265038371086 1148.601640850306 249.0433369427919 52.1407049447298 104.8027499094605 173.4092891216278 1.021765984594822 0.363798476755619 0 0 0 0 0.1507111936807632 0.9793388098478317 0 0 0 0 0.1073314771056175 0.195266455411911 0 0 850.044792175293 0 59.71736399829388 0 0.1678850948810577 0.2503095343708992 17.88002291321754 1.017009675502777 1.66091077029705 0.6641982197761536 0 0.5147662162780762 0 0 0 0 5.744962476193905 0.1315102130174637 0.159688800573349 0 0 0 0.5624135732650757 0 1.909448154270649 1.593654304742813 353.94798681885 153.7141176834702 11.05751134455204 4.376052588224411 0 1.60636855661869 0 1.799410991370678 0.4334441721439362 0.2186742648482323 0.6825527027249336 0 0.09676741063594818 0.1175252124667168 17.6132345199585 1.736376196146011 0 69.47506927698851 7.61564888805151 13.01311291754246 0.4894393011927605 0 0 19.42339536547661 0.2910930812358856 0.3073842376470566 2.123329401016235 0.3394681811332703 0.5797427743673325 0.2342333495616913 0 0.3245619833469391 0.1688766479492188 0 0.3172014951705933 0.5841058790683746 0.2464167028665543 0 0.1752423346042633 65.32744704186916 1.821354255080223 0 0.353687971830368 1783.755890220404 0 0 0 0 0 0 1.609964340925217 0.203068345785141 16.56193402409554 4.414773508906364 0 0.8627885580062866 5.74723656475544 4.389699339866638 0.3235052824020386 0 0.3535593152046204 0 0 0 0 0 0 0 0 0 0 0 0 0 0 0 0 0 0 0 0 0 0 0.8720517158508301 1.422747850418091 1.778352186083794 0.9198823794722557 1.553378328680992 0 0 0 0 0 0.1090202331542969 0 0 0 0 0 0 1.056155055761337 0.2681457102298737 0 0 0 0 0 0 0.1642734408378601 0 0.2975722253322601 0 0 0 0 0 0 0 0 0 1.982022434473038 0 0 0 0 0.5188385844230652 0 2.379073143005371 0 0 0.1146195977926254 0 0 0 0 0 0 0 0 0 0 3.093990087509155 3.501708000898361 6.54260028898716 145.2757335975766 1.780978381633759 37.85901119560003 6.793098144233227 967.6650233343244 3.720693573355675 5.23166162520647 2.560479074716568 9.834780156612396 0 0 0 7.771464049816132 0 0 0 0.28717440366745 0 188.3034854605794 2.183366313576698
2833.383408784866 3463.337183058262 1244.397630356252 1816.554614834487 1313.989141494036 64.59605790674686 2588.927784077823 33.03291551023722 1852.045967303216 1104.809247910976 343.6233288422227 28.37594999372959 1257.517764821649 1944.299062736332 4.142410822212696 0.823711022734642 0.2703592851758003 0 0 0 0.227898046374321 0.3938905596733093 0 0.3792885988950729 0.09832626581192017 0 0.2027893960475922 0.732296496629715 0.3555200099945068 0.2469518780708313 898.4945017695427 4.408642366528511 48.47718707472086 0 0 0.8452313169836998 5.731665693223476 0.608383446931839 1.011803843080997 1.412976339459419 0.466637097299099 0.3794696480035782 0 0.1064558550715446 0.09120322018861771 0 111.570250146091 5.055824771523476 0.4537685662508011 0.3849546983838081 0.6038355529308319 0.1908110529184341 0.8902850523591042 0.1516123712062836 16.78811184316874 5.251880697906017 425.5855940058827 337.4596781358123 46.92036601155996 120.2427931576967 0.1037978827953339 0.8383756875991821 0 79.25165574252605 4.988783150911331 3.746715642511845 0.9285338446497917 2.147553212940693 0.2958824783563614 1.151016071438789 5.044689446687698 0.4799610674381256 0 549.5458850562572 130.8284118399024 206.816290423274 15.08780784904957 0.3645236045122147 0.5871601104736328 15.93128333985806 0.2836950421333313 0.7808442786335945 31.27429389953613 0.1045026928186417 5.544776506721973 3.868281379342079 0.8743266463279724 0.4526597931981087 1.972418934106827 0 0.6290548592805862 0 0.2695346474647522 0.1583644151687622 0.8298422992229462 2.150629952549934 1.454496085643768 0 2.581627070903778 741.3695813640952 0 0 0 0 0 0.7765504121780396 1.929606094956398 0 76.44985274970531 1.82939513027668 0.3442278802394867 0 5.694583639502525 3.037467822432518 0 0 0.2278389930725098 0 0.1106568723917007 0 0 0 0 0.1465954333543777 0 0 0 0.2482517808675766 0 0 0 0 0.3434014618396759 0.1722161024808884 0 0 0 0 0 1.443014606833458 0 3.040615916252136 0.7128466740250587 1.417820975184441 0 0 0 0 0 0 0 0 0 0 0 0 1.086154580116272 0 0 0 0.2209467068314552 0 0 0 0 0 0 0 0 0.1093311533331871 0.4223261103034019 0.1035705730319023 0 0.1406054645776749 0 0 2.014196380972862 0 0 0 0 0 0 0 0 0 0 0 0 0.1269642859697342 0.09637941420078278 0 0 0.479165256023407 0 0 0 1.807696282863617 0.7053720057010651 5.838547423481941 450.5403409823775 16.19578135758638 536.0033571496606 67.08159236609936 737.0434130951762 25.00427041202784 2.958087272942066 43.44720747321844 3.140433952212334 0 0 0.1361287236213684 2.2889623939991 0 0 0.2651965618133545 3.244412377476692 1.113926500082016 136.3424364551902 6.009334236383438
1029.893128037453 1244.397630356252 1664.121093526483 343.9135071784258 694.1688637509942 47.01203987002373 149.0825550854206 1361.112305805087 1687.712840728462 32.44321051239967 1808.021781362593 31.04258275032043 363.5183290317655 1854.570476815104 10.32999924570322 5.461215376853943 0.2357187867164612 0.7803931161761284 0 4.791057758033276 61.79968635737896 1.780636563897133 2.61418554931879 3.455733455717564 18.73338655382395 4.010034456849098 13.4980116635561 2.316650278866291 0.6247150972485542 3.068898685276508 4293.720533274114 64.41781194508076 320.0617433935404 0.5476344898343086 10.21460043638945 24.78095154464245 52.57071717828512 10.25504436343908 2.027593977749348 7.675515681505203 27.01311247050762 5.901815332472324 5.592910677194595 0.3659527003765106 0 1.161182172596455 34.22218190133572 1.756760857999325 0.9231787249445915 5.440013326704502 1.081442549824715 0.1618697494268417 3.247733384370804 0.6925797387957573 2.410194113850594 1.812581293284893 264.7751829177141 545.6032837107778 9.834806114435196 23.50504468381405 51.83329955488443 16.75126121938229 11.27563013881445 385.3188321739435 1.294841811060905 3.616204150021076 2.592961609363556 2.999878071248531 19.07274414598942 80.49650935828686 29.7668959274888 1.069782376289368 0 157.7356908991933 96.09488340467215 57.55903010815382 13.29504761099815 1.449754811823368 70.5039661154151 283.5053125247359 3.960782654583454 183.414486899972 4.264978058636189 0.20853590965271 3.286639712750912 2.09062273055315 3.348814263939857 0 1.140559002757072 0.1297365128993988 0.5042520314455032 0.4440122917294502 30.6138933673501 4.289002940058708 3.251186661422253 4.5950957685709 8.568690925836563 0.1940373778343201 2.498737685382366 555.6366672068834 0 0 0.3007783591747284 0.1606005877256393 0 1.153388127684593 1.433308526873589 0.1706553995609283 2.186614751815796 3.181548163294792 0 1.250043913722038 6.996334075927734 5.128555938601494 0.2319885492324829 0.2893683612346649 0 0 0 0 0.2120981067419052 0 0 0 0 0.8883515596389771 0.1667357236146927 0 0 0.1558080315589905 0 0 0.1555749624967575 0 0 0 0 0 0.1640748530626297 2.764852702617645 1.540846705436707 5.398660883307457 2.098523274064064 3.320664376020432 0.2833439484238625 0.1036930903792381 0 0 0 0 0 0 0 0 0.1745516508817673 0.5750518962740898 1.332909017801285 1.028644308447838 0 0 0 0 0 0 0 0 0.8287239968776703 0 0 0 0 0 0 0 0.2148701697587967 0.6666109189391136 6.504038080573082 0.4572138786315918 0.09028003364801407 0.1127906069159508 0.4192538484930992 0.279308021068573 0.2089753895998001 1.086651772260666 0 0 0 0 0.5744184255599976 0 0 0 0 0.1793091595172882 0.2240535393357277 1.564939521253109 0 5.055659532546997 2.155747100710869 11.86155658960342 69.83686131238937 4.323534443974495 82.04909987002611 19.39218408614397 201.8342231288552 2.731734178960323 0.4406083077192307 9.492811039090157 4.498888030648232 0 0 0.1918080300092697 4.141969248652458 0 0 0 0.7763763666152954 0 43.69009156525135 5.596658825874329
2857.404864214361 1816.554614834487 343.9135071784258 914.5646153613925 105.0920084267855 305.5974054932594 623.7567385733128 3.43522260338068 7.548152253031731 2451.078108787537 12.48706842213869 315.9784274399281 1002.969830185175 71.8764878064394 0.2150502279400826 0.3096252679824829 0 0 0 0 0 0 0 0.105930283665657 0 0 0 0 0 0.1376341879367828 112.5406128838658 0.4282112121582031 4.250626556575298 0 0 0 0.128685936331749 0 0.2427969202399254 0.2196857184171677 0.1423966735601425 0 0 0 0 0 18.73994798958302 0.7823595404624939 0.2791787981987 0 0.1147904619574547 0 0 0 4.606241188943386 1.34840851277113 286.3777856379747 111.343067638576 19.30743139237165 26.37186994403601 0 0 0 6.818178564310074 1.519316919147968 0.4332392364740372 0.1388629823923111 0.3241051062941551 0.1112660095095634 0.1290048211812973 1.199936866760254 0 0 151.701166048646 20.35529375076294 40.60793469846249 1.554355509579182 0 0 1.340440280735493 0 0 11.52405025810003 0 1.269901387393475 1.13912807404995 0 0 0.2675960808992386 0 0 0.353932648897171 0.1563954502344131 0 0.1361265927553177 11.23064161837101 6.421276271343231 0 1.95699580013752 1231.335329726338 0 0.2218494862318039 0.2083071917295456 0 0 2.332228064537048 1.942105114459991 0 15.66945271193981 4.604807257652283 0 2.027625799179077 7.381402000784874 9.176971033215523 0 0 0 0 0 0 0 0 0 0 0 0 0 0 0 0 0 0 0 0 0 0 0 0 0 1.225877925753593 2.046413630247116 3.866229340434074 2.641621083021164 5.157921478152275 0 0 0 0 0 0 0 0 0 0 0 0 0.2558653652667999 0 0 0 0 0 0 0 0 0 0 0 0 0 0 0 0 0 0 0 3.018383786082268 0 0 0 0 0 0 0.2726353704929352 0 0 0 0 0 0 0 0 0 0.1102601364254951 0 0 0 1.737511977553368 1.317724138498306 10.59998242557049 179.291921146214 3.393965035676956 118.8288880586624 9.970886141061783 1342.816021695733 9.173512727022171 0.79384695738554 7.640253901481628 6.595953345298767 0 0.812367856502533 0 8.969899564981461 0 0 0 0.1359663009643555 0 121.9981068745255 4.225336149334908
81.54473151266575 1313.989141494036 694.1688637509942 105.0920084267855 5323.841097339988 2.698982611298561 1758.399138242006 9.323149673640728 5064.528857290745 341.7552168667316 528.7973335161805 5.484176740050316 726.2789177075028 2320.613607198 1.441126927733421 0.2154396325349808 0.1660666316747665 0 0 0 0 0 0 0 0 0.09073080867528915 0.09887414425611496 0.3124728426337242 0 0 96.54912044852972 1.365315809845924 4.024246633052826 0 0 0 0.7369695082306862 0.1859935075044632 0.4936528652906418 0.3394388854503632 0.3760112524032593 0.1204137057065964 0 0 0 0.1228734105825424 47.38511540740728 0.9873416945338249 0 0.1182204559445381 0.1190318390727043 0.121531069278717 0.2900940030813217 0.4904211461544037 2.633182853460312 1.235067397356033 50.76343592256308 67.46053691208363 6.349861189723015 38.24576088041067 0 0.0882536768913269 0 38.28695650398731 0.519709013402462 0.7390342876315117 0.206177793443203 0.3301220536231995 0 0.2205811515450478 3.400638356804848 1.000832259654999 0 107.606666021049 40.58383482694626 57.72765275835991 8.932726450264454 0 0 4.112500235438347 0 0.2253338471055031 4.027289748191833 0 0.8851574137806892 0.5597398579120636 0.1531256288290024 0 0.2140971124172211 0 0 0.1555918604135513 0.138565331697464 0 0.1265148371458054 2.083315417170525 2.2243572473526 0 1.975690215826035 27.15826430171728 0 0 0.6129159480333328 0 0 0.1307053118944168 1.087385073304176 0 7.813353419303894 3.757604271173477 0 1.092348039150238 6.76045423746109 4.54526536911726 0 0 0 0 0 0 0 0 0 0 0 0 0 0 0 0 0 0 0 0 0 0 0 0 0 1.427740335464478 1.047746926546097 4.020489409565926 0.4509194493293762 1.627575024962425 0 0 0 0 0 0 0 0 0 0 0 0 0.15445676445961 0 0 0 0 0 1.776624858379364 0 0 0 1.042643904685974 0 0 0 0 0 0 0 0 0 4.437760248780251 0 0 0 0 0 0 1.471428781747818 0 0 0.3954207301139832 0 0 0 0 0 0 0.1982350051403046 0 0 0 2.218582183122635 2.32221157848835 5.609593629837036 206.4347471669316 7.459530584514141 182.3048086613417 42.37120893597603 70.91758662462234 12.73996922373772 0.7852494865655899 29.62286952883005 8.967980176210403 0 0 0 5.986119344830513 1.08869457244873 0 0 2.201287135481834 0 22.64406876266003 0.7422660440206528
229.8315979987383 64.59605790674686 47.01203987002373 305.5974054932594 2.698982611298561 3.440280199050903 20.02142886817455 4.570272773504257 0.6267271041870117 366.039685562253 6.310836240649223 124.6562281548977 47.85545910894871 8.426982089877129 0.8694569319486618 0.4927656054496765 0 0 0 0 0 11.90511737763882 0 0 0 0 0 0.1608922183513641 0.270153820514679 0 62.11276152729988 0 6.61455737054348 0 0 0.1595925092697144 10.21640209853649 1.438286677002907 17.55708649009466 0.5950094312429428 0 0.1917319595813751 0 0 0 0 0.8533522486686707 0 0 0.1538584381341934 3.985178098082542 22.22625163942575 2.531218066811562 0.3455719649791718 0.1984510719776154 1.916323587298393 160.4881805181503 9.751521572470665 5.842865020036697 0.9190483242273331 0 2.136337921023369 0 0 0 0.2553203776478767 0.4964263439178467 0 0 0 153.1191540807486 214.6390618160367 40.63084983080626 2.973103210330009 0 0.8446686416864395 0 0.1525720059871674 0 2.147112742066383 0 0.2802708745002747 0.4860277473926544 8.071664847433567 0 5.212685763835907 0.1206570267677307 15.90971119701862 16.58830814808607 23.59298911690712 8.608979545533657 14.58950108289719 0 0.4595614075660706 7.044937148690224 234.7681894153357 101.5872661918402 10.30378203094006 28.48733153939247 379.0507335811853 0 0 0 0 0 0 1.07934544980526 0 1.573814034461975 2.737324073910713 0 0 2.575182795524597 0.9288762807846069 0.4850915968418121 0 0 0 0 0 0 0 0 0 0 0.3869055807590485 0 0 0 0 0 0 0 0.1359548270702362 0 0 0 0 0 0.7915316224098206 0 0.3986363559961319 0.8268496990203857 0.9095768332481384 0 0 0 0 0 0.1765528917312622 0 0 0 0 0 0.2429906129837036 0.8737901225686073 0 0.118416465818882 0 0.1398587673902512 0 0 0 0 0 0 0 0 0 0 0 0 0.1054273545742035 0 0 0.4819063097238541 1.999420925974846 0.1646778732538223 0 0.7175591960549355 0 0 0 0 0 0.3207843899726868 0 0.1871442943811417 0 0.1128283888101578 0.1650637835264206 0 0.3455934226512909 0.1546582579612732 0 0 2.312090292572975 1.126707881689072 2.969522640109062 37.04974544048309 0.5382629483938217 3.833788678050041 1.367532879114151 142.0627265125513 4.364230692386627 1.276887848973274 1.220765024423599 5.773248717188835 0 0 0 4.853444665670395 0 0 0 0.159716784954071 0 77.63244318962097 1.306151166558266
452.6541232466698 2588.927784077823 149.0825550854206 623.7567385733128 1758.399138242006 20.02142886817455 986.6662692278624 12.24748508632183 731.7177338898182 2639.751950070262 45.18821640312672 179.074874818325 3838.499573677778 866.0967332199216 13.95236450433731 1.565288670361042 0.7402433678507805 0.5475096255540848 0.1430358588695526 0 0.1206916719675064 0 0 0 0.1795362830162048 0.7861980497837067 0.1222386509180069 1.178811565041542 1.072114869952202 0.2118562087416649 109.3418041914701 3.235317461192608 1.871949724853039 0.1011365503072739 0 1.3139828145504 1.862389162182808 0.940678171813488 8.555027216672897 0.9835972860455513 0.104776419699192 0.808563806116581 0 0.1125468239188194 0 0 190.0109617635608 3.160044014453888 0.3021270781755447 0 0.8150816336274147 0.3237704932689667 2.745640777051449 0.5660334676504135 9.11881884932518 4.240413479506969 217.5390794351697 183.370188087225 34.17151119560003 140.0267519727349 0.2687532603740692 1.385110415518284 0 97.17539235949516 3.412293501198292 1.404003597795963 0.5677115321159363 2.016590513288975 0.8008546531200409 0.5028254836797714 20.90879210829735 1.696291267871857 0 403.1788386702538 129.9402046427131 231.4082699939609 31.59719486534595 0.7101918533444405 0.1174247786402702 4.73397071659565 0.1056930869817734 1.462652236223221 23.61369652301073 0.226874902844429 4.734828352928162 3.175437651574612 1.008033089339733 0.2077179253101349 2.263961561024189 0.3186492323875427 0.7341848313808441 0.3185630142688751 0.9846066981554031 0.4168678522109985 0.1247818842530251 10.12081335484982 31.00209173560143 0.4370682537555695 11.77679516375065 137.8261447995901 0 2.559502974152565 8.846381485462189 8.587331652641296 4.578217133879662 13.12325190007687 41.23965310305357 2.399889245629311 108.7045706361532 65.50996319949627 1.548147082328796 18.98142823576927 118.0513787344098 67.20496084541082 8.542631655931473 1.419132590293884 2.28052020072937 0 0.1510411500930786 0 0 0 0 0 0 0.5266469717025757 0.1578527987003326 3.051444172859192 0.3481497466564178 1.721835136413574 0.3506933450698853 1.693819388747215 0 0.6593405604362488 7.965948536992073 3.961574405431747 1.253205448389053 2.207894161343575 3.854908585548401 26.45014832913876 29.87615589797497 39.47793506085873 23.67307858169079 21.88114346563816 0 0 0 0 0.342820018529892 1.813233599066734 0 0.5950548052787781 2.688462570309639 0 0 0 4.616008907556534 1.038776144385338 0 0.392219603061676 0 2.280705988407135 2.926765024662018 0.4157362878322601 1.518078476190567 3.185447350144386 14.97230219841003 1.815821647644043 0.1489625424146652 0 0 0 0 0 0 0 51.85807709395885 1.432205677032471 0 0 0.4285926222801208 2.260192930698395 0.5420268177986145 11.37205576896667 1.012005805969238 1.151795744895935 0.2689716890454292 0 0.7151108384132385 0.08685886859893799 0.1209241300821304 0.1166331395506859 0.1314694285392761 0.1221521645784378 0 1.061507701873779 0 37.91902731359005 20.12835681438446 91.80245722085238 1137.297794893384 37.07357521355152 755.6185878366232 168.4695608541369 546.8869875371456 67.32552646100521 7.954573720693588 143.2267851009965 120.5598151534796 0 6.322189070284367 2.517324388027191 88.34354877471924 0.7289099097251892 0 1.213441848754883 4.138478681445122 1.131024062633514 156.8538501858711 46.18367241322994
94.77788506448269 33.03291551023722 1361.112305805087 3.43522260338068 9.323149673640728 4.570272773504257 12.24748508632183 683.5923293530941 142.8338300809264 2.915649466216564 2397.753851793706 44.15485455095768 172.7558303922415 540.0765907242894 43.89816048741341 19.85057060420513 1.583982184529305 3.888155445456505 0.2281050533056259 17.96709306538105 225.9908753186464 5.267781987786293 5.513268746435642 8.621122390031815 88.90254618227482 17.2289309874177 52.51289221644402 9.847113631665707 5.289280816912651 11.65498892962933 3278.839244842529 971.2858473435044 677.4302986264229 1.506571017205715 33.58237061649561 121.6229286342859 130.0228118747473 53.01592426002026 8.640857741236687 40.25452588498592 88.92181950807571 15.3495718985796 21.88713296502829 1.463028967380524 0.2919918596744537 5.874665334820747 118.6651666983962 4.812597036361694 3.548013091087341 13.64259630441666 7.682977050542831 3.609436899423599 4.482481449842453 2.356024704873562 2.838300988078117 1.811421580612659 242.5006453022361 678.2827337831259 12.71566279232502 69.22099865227938 367.3431619256735 122.251096278429 86.93201625347137 931.6147653162479 2.739326752722263 9.149766907095909 6.148162424564362 7.977536872029305 40.18047725409269 259.8473012596369 74.12724382430315 1.017513200640678 0.1754342168569565 300.1242181137204 251.2450835704803 221.079344548285 78.97043222934008 20.83284296095371 1025.062452897429 2907.514017477632 49.10548953711987 2425.562431722879 8.34187825769186 0 5.646066807210445 10.23826064169407 10.31895735859871 0 1.770982496440411 0.1194452866911888 2.231274329125881 0.4354690611362457 83.57503386586905 14.51844351738691 19.68488381057978 5.630634978413582 7.837406411767006 0.4074779003858566 3.228811480104923 160.1644905954599 0.7328024506568909 0 0.9261737465858459 0.2286834418773651 0.26823890209198 1.19622029364109 2.45683066546917 0 8.60359625518322 7.925110071897507 0.6538024544715881 1.581456497311592 12.15882040560246 7.683734610676765 0.4732257276773453 0.3571907877922058 0.3518886566162109 0.5542204976081848 0.2552559971809387 0 0 0 0.1255985647439957 0.2674051225185394 0 0.09442243725061417 0.3149849474430084 0.7387565672397614 0 0.6108879297971725 0.4049538373947144 0.7214533463120461 0.5306885838508606 0.1614221930503845 0.6880584359169006 1.390344262123108 0.1447515040636063 0.376224160194397 0.4442285597324371 4.777924165129662 2.445030361413956 3.671440258622169 4.48328048735857 3.37826332449913 0.424536406993866 0 0.1133644357323647 0 0 0 0.1266080141067505 0 0.5317933559417725 0 0.1230157241225243 0.327517919242382 3.530832029879093 0.8732276856899261 0 0 0 0.4741776287555695 1.085614562034607 0 0.5105666965246201 0.2559703886508942 2.808384165167809 0.8564431071281433 0 0 0 0 0.1441205888986588 0.1116370335221291 0.7351901531219482 1.113969042897224 10.81259751319885 0.8457444906234741 0.09266779571771622 0.3894163370132446 2.978688068687916 0.2157831937074661 0 1.662142798304558 0 0 0 0 1.006989389657974 0.1305588185787201 0 0 0 0.3274944946169853 0.6560345143079758 1.068626075983047 0.2030971348285675 4.944662794470787 5.044425427913666 17.54148367792368 145.8647280782461 10.55903193354607 223.2459436953068 61.90075707435608 76.45524893701077 9.481687642633915 0.2905427366495132 27.80412286520004 11.7013818025589 0 2.426861956715584 0.1244085505604744 5.006219103932381 0 0 0.1794032901525497 3.782794073224068 0 34.48954831063747 15.42083364725113
41.59265038371086 1852.045967303216 1687.712840728462 7.548152253031731 5064.528857290745 0.6267271041870117 731.7177338898182 142.8338300809264 1996.748500615358 93.05834750086069 1533.868375808001 15.65720491111279 933.4385092109442 2640.812206692994 9.611193291842937 0.7843557968735695 0 0 0.1582562774419785 0 0 0.1739346086978912 0 0 0 0 0 0 0.1332597434520721 0 75.56347751617432 1.352090448141098 19.40112040191889 0 0 0 5.136041328310966 1.301618307828903 1.064699560403824 0.447212740778923 0.1107569858431816 0.4048144817352295 0 0 0.0925915315747261 0 76.91037601232529 1.028496600687504 0.2727369740605354 0 0.10415268689394 0 0.3898329734802246 0 1.297124937176704 1.499052084982395 36.18315530568361 47.39378576725721 5.489696092903614 40.32848013192415 0.2118651494383812 0.1657516062259674 0 41.43494652956724 0.6286832168698311 0.558477558195591 0.318733274936676 0.671320416033268 0.3660667687654495 0.2154412269592285 6.699158579111099 0 0 88.93065086752176 47.26838684082031 79.7155547440052 18.5895646288991 0.2772765904664993 0.1279886960983276 24.52900787442923 0 1.166968286037445 6.219245865941048 0 1.02004799246788 0.8529107421636581 0.2531682550907135 0 0.6664230823516846 0 0 0 0.2374297529459 0.1146045923233032 0 0 2.094310134649277 0 4.486596405506134 9.711100287735462 0.4673182368278503 0 2.252103388309479 0.1881631910800934 1.109439328312874 2.299802780151367 3.963924959301949 0.1795878559350967 13.99638629704714 9.861567765474319 0 2.491788193583488 23.56702964007854 10.810820966959 0.8550368845462799 0 0.4023174345493317 0.1956530064344406 0 0 0 0 0 0 0 0 0.1911857426166534 0.1463535279035568 0 0 0.1945672631263733 0 0.6078500151634216 0 0.9109469652175903 0 0 0 0.6818978190422058 6.983266830444336 4.632863029837608 8.351372897624969 4.637913405895233 2.619166322052479 0 0 0 0 0 1.605623975396156 0 0 0.21551214158535 0 0 0 0.4551319777965546 0 0 0 0 0 0 0 0 0.5140286684036255 2.81861811876297 0 0 0 0 0 0 0 0 0 7.702604800462723 0.6397542953491211 0 0 0 0 0 3.566869258880615 0.4308360517024994 0.4097347259521484 0 0 0 0 0 0.1138242036104202 0 0 0 0 0 9.082132399082184 3.812406316399574 16.86588947474957 335.2172013297677 11.68933347612619 239.1780899614096 58.92547528445721 44.8434926122427 19.52873174846172 5.240084260702133 57.40713845938444 23.41302669048309 0.08896355330944061 2.407317668199539 0 10.19779044389725 0.8546873927116394 0 0 3.974666558206081 0 20.43043563514948 8.913560971617699
1148.601640850306 1104.809247910976 32.44321051239967 2451.078108787537 341.7552168667316 366.039685562253 2639.751950070262 2.915649466216564 93.05834750086069 2691.974740445614 5.60463085770607 2291.223260477185 10508.67432775348 528.7419623360038 2.991627335548401 0.3470851331949234 0 0.2105388939380646 0 0 0.1245361790060997 0.5506347119808197 0 0 0 0 0 0.7422611564397812 0.1346246898174286 0.1127345487475395 31.29785032570362 0 2.411492556333542 0 0 2.368771061301231 10.88630671799183 0.7889143824577332 12.54826808720827 3.159657701849937 0 0.6011711657047272 0 0.6326454281806946 0 0 36.30127246677876 1.065078221261501 0.1314227879047394 0 0 0.9829040914773941 1.80938845127821 0.1100490987300873 2.458731770515442 1.445129975676537 225.1446396112442 34.57988011837006 13.81058314442635 19.25614321231842 0.2284469604492188 0 0 6.628065794706345 1.347064338624477 0.200110025703907 0.1181178018450737 0.3608635514974594 0 0 117.3730579018593 10.89602611958981 0.494595855474472 70.562166236341 16.29318115115166 33.86027936637402 2.376456543803215 0.418498583137989 0 2.389978006482124 0.09666826575994492 0.429658979177475 4.174768887460232 0.1861869394779205 0.6537958085536957 0.3074418902397156 0 0.6072489619255066 1.874723963439465 0.7580221071839333 0.5392462760210037 1.396742761135101 0.1615070402622223 0 1.590430825948715 149.9330762773752 80.95020474493504 0.1399149149656296 17.69833189249039 1255.75328849256 0.5853190869092941 2.956161469221115 15.22048270702362 9.501689732074738 4.798730775713921 24.85736575722694 68.71480552852154 2.389063805341721 180.1104392111301 169.3830197826028 0.1675352901220322 43.18438519537449 235.6675937101245 118.3002017736435 9.154466271400452 0.4242225587368011 0.123869463801384 0.5498711615800858 0.1514293551445007 0 0 0 0 1.945590674877167 0.36036416888237 0.4266436100006104 0 3.026104867458344 0 2.12285053730011 0.1898951679468155 0 0 0.1712957173585892 6.894337683916092 0.7534934878349304 2.353159561753273 3.10498870909214 6.371051803231239 39.31167706847191 39.35441192984581 69.0795883089304 29.72350579500198 24.86875708401203 0 1.321189492940903 0 0 1.317370295524597 2.110097244381905 0 0 1.428398326039314 0 0 0.7890679985284805 7.727600961923599 0.5828500986099243 0 0 0 3.313606679439545 1.885438799858093 2.306920781731606 0.5569028854370117 3.920478463172913 21.36351445317268 0.09649533033370972 0 0.2118253111839294 0 0 0 0 0 0.3321272432804108 55.98387143015862 2.366409465670586 0 0 0.4671686291694641 7.450327321887016 0.9676130414009094 20.44447979331017 0 0 0.5587122440338135 1.26875364780426 1.81078577041626 0 0 0.101645216345787 0 0.1481802463531494 0 0 0.3276336193084717 73.80996732413769 27.86159493029118 100.1995566636324 1992.785037055612 29.23061423003674 158.1786470264196 53.57856276631355 1369.518365062773 28.24098689854145 13.95160375535488 57.63592919707298 378.1200617700815 0 12.53901323676109 2.64879435300827 258.2012771070004 1.694628238677979 4.939836978912354 0.2244507521390915 3.839832007884979 0 556.3975485265255 137.1212970912457
249.0433369427919 343.6233288422227 1808.021781362593 12.48706842213869 528.7973335161805 6.310836240649223 45.18821640312672 2397.753851793706 1533.868375808001 5.60463085770607 2544.568441912532 140.6348842829466 973.4543456956744 2422.367212370038 76.47783827036619 32.91054385900497 1.073715053498745 1.100285664200783 0 0.5093187466263771 10.41426692157984 14.28282269835472 0.9474447518587112 0.9986087456345558 10.97845470905304 3.243663892149925 9.286396749317646 3.188437454402447 6.909736469388008 3.888979993760586 670.6544014513493 40.95654705166817 1041.96844959259 0.3842303156852722 3.702274009585381 23.03847844153643 285.4788813367486 62.16855923086405 15.03037444502115 14.31966421753168 13.5631553158164 13.00143624842167 0.5821341574192047 2.813485503196716 0.2540097311139107 2.10832117497921 150.1742525398731 0.7756316363811493 0.9098844081163406 0.9789076894521713 6.407853282988071 5.644801862537861 6.712156891822815 5.218488156795502 1.423204474151134 1.253553986549377 94.94596572220325 143.5348208621144 8.211227931082249 72.55566423386335 12.94893577694893 171.2327970936894 2.976011477410793 78.13293581455946 0.6802311465144157 2.247190572321415 2.929839335381985 1.276985861361027 4.886233881115913 14.53736723959446 152.6917917504907 5.194539904594421 0.3903375491499901 167.8237850889564 79.87340845912695 185.2163137346506 62.26932625472546 14.24009925872087 12.30602782964706 1345.914616234601 0.6736853867769241 105.5692329406738 6.937546402215958 0.1936490684747696 1.290532596409321 4.06525145471096 1.188943311572075 0.4681219235062599 1.760367035865784 1.116100266575813 0.9481199160218239 2.311795070767403 16.0627633780241 10.04831486940384 20.58946000784636 19.82964111864567 22.191351801157 1.783794790506363 2.880561999976635 120.9718388393521 1.041910320520401 0 0.6475552022457123 0.5148377418518066 1.110282883048058 3.545362517237663 2.58328041434288 0.8559081703424454 17.0762724429369 15.28329729288816 1.522826343774796 3.306156620383263 33.96478458493948 19.87270765006542 1.696215689182281 0.9148038476705551 0.4192145839333534 0.1649315059185028 0 0 0 0 0.3082593753933907 0.1530664265155792 0.2325466424226761 0.996847853064537 0.2952754944562912 3.145437367260456 0 0.676222488284111 0 2.260539531707764 0.6877870857715607 1.069966532289982 0.93333700299263 0.3259940147399902 0.4069282412528992 1.269251428544521 0.8914739340543747 8.413831144571304 5.854349568486214 14.47381790727377 9.848229996860027 6.491645783185959 0 0 0 0 0 0.4061295390129089 0 0 1.098268732428551 0 0 0.3020131289958954 7.298073023557663 0.7856112420558929 0 0 0.1275230050086975 0.5761901140213013 0.328740656375885 0 0.5524167418479919 2.360663250088692 3.928983993828297 0 0 0 0 0 0.1138488426804543 0 0.1299320906400681 0.2524875849485397 18.69148290902376 3.260776042938232 0.7173347771167755 0.4352246075868607 0.3578270301222801 0.7812970653176308 0 3.155162289738655 0.614234447479248 0 1.341771684587002 0 0.1640413105487823 0 0 0 0 0 0.1297069787979126 0 0.1265583783388138 17.12852229177952 12.7242020368576 29.70752678066492 335.8306539282203 11.89862607419491 265.5607974752784 107.9665174335241 65.84384645521641 15.39363261312246 1.694651648402214 73.84979113191366 12.44137988984585 0 3.72670391201973 0 7.792917266488075 0 0 0 7.523671612143517 0.4219809770584106 48.29541124403477 25.81795464456081
52.1407049447298 28.37594999372959 31.04258275032043 315.9784274399281 5.484176740050316 124.6562281548977 179.074874818325 44.15485455095768 15.65720491111279 2291.223260477185 140.6348842829466 129.4653891175985 672.1874562799931 266.4814150705934 25.43296375870705 7.406077921390533 0.8565997406840324 0 0 0 0.3635693714022636 37.67209659516811 0.1846860349178314 0.2093709707260132 0.5002863556146622 0 0.6192631423473358 0.7220153510570526 4.785117357969284 0.8333874344825745 17.3767461925745 0 25.19714729487896 0.2186360061168671 0 0.518024280667305 91.62331362068653 2.780019268393517 32.92171853780746 4.123956568539143 0.3284603357315063 6.188264742493629 0.1351491808891296 0.8866153061389923 0.1645858138799667 1.248260632157326 35.37858062237501 0.2306456938385963 1.076392009854317 0.2477064952254295 3.026781424880028 18.56402112543583 29.5103340819478 5.621627509593964 0.1052651479840279 0.8172398284077644 36.08043703436852 4.581801630556583 2.644152253866196 11.288568764925 4.613938868045807 3.141052350401878 0.7260846793651581 3.037328690290451 0 0.1784698069095612 1.092896364629269 0.1726813912391663 0 0.6763205528259277 670.8308692425489 27.52413985133171 5.409487441182137 11.72198984026909 4.734670095145702 30.41241756081581 11.08612401783466 4.876414239406586 0.6711392998695374 39.46874921023846 3.856871843338013 6.698162168264389 0.2846748307347298 1.112643405795097 0 1.388248898088932 0.598373606801033 1.655925750732422 4.316788285970688 4.521452128887177 1.627184227108955 6.546589210629463 1.129772335290909 1.785838961601257 21.5753505975008 1495.564082980156 413.0958920419216 12.86958496272564 30.01331494748592 176.4379597976804 0.5933282375335693 3.715008825063705 12.24885594844818 8.963729068636894 7.797849208116531 34.88923085480928 74.35051135718822 5.112551882863045 190.8080754876137 217.9361045360565 0.9791724234819412 44.37451837956905 346.3526151329279 175.1018551439047 15.20035068690777 5.536414407193661 0.265656977891922 0.1772744953632355 1.487230017781258 0 0 0 2.858772605657578 0.1548710316419601 0.2082595229148865 1.562268421053886 0.2769277840852737 5.0237110927701 0 1.765854261815548 0.8741095960140228 2.45875496417284 1.765449583530426 0.8430504351854324 9.931119486689568 1.617192752659321 0.4592391103506088 2.650335028767586 0.2662218511104584 35.65165028721094 14.91897931694984 60.04118283092976 34.54934530705214 20.34746836870909 0 0.3418718576431274 0.48540860414505 1.077696710824966 0.3674910366535187 2.742447979748249 0 0.4261386692523956 3.221588462591171 0 1.196847915649414 5.416208907961845 14.99361204355955 2.816017434000969 0 0.9742342829704285 0 1.656318604946136 0.3716210126876831 0.3529582172632217 1.135400697588921 1.603804767131805 21.81775689125061 0 0.6787502765655518 0 0 0 0 0 0.3138967752456665 1.168158158659935 83.07471294701099 26.67372392863035 6.282206431031227 2.35639950633049 1.036444514989853 4.986345618963242 0.984286367893219 16.43965281546116 0.2333275154232979 0.1334748268127441 4.555061906576157 1.491023689508438 1.118043839931488 0.5153499841690063 0.6238623857498169 2.050833195447922 2.595936760306358 0.1262503862380981 0 1.858589269220829 0.5393651723861694 125.5364728569984 97.0701507627964 105.507224842906 596.0710154548287 9.270790204405785 64.34403066337109 50.33884018659592 528.1795028522611 5.532598294317722 4.279746890068054 39.2536742836237 294.8328471779823 0 10.6109057366848 3.903503224253654 231.7389112710953 1.269524574279785 1.347630262374878 0 6.59202067553997 1.161462858319283 893.3340550214052 267.8371872156858
104.8027499094605 1257.517764821649 363.5183290317655 1002.969830185175 726.2789177075028 47.85545910894871 3838.499573677778 172.7558303922415 933.4385092109442 10508.67432775348 973.4543456956744 672.1874562799931 2469.318567156792 3335.75068564713 136.3886236101389 45.53188856691122 2.921507224440575 0.1427659541368484 0.4351294785737991 0.1642688512802124 0.9677044004201889 31.98279279470444 0.3799909204244614 0.6193281561136246 1.885969273746014 0.6391081437468529 3.138642959296703 6.925193935632706 14.07322372496128 2.909986138343811 91.7126023247838 2.065570876002312 615.6513777822256 0.4691736325621605 0.6417061686515808 3.152323417365551 264.4934152662754 39.67240347713232 74.70036441087723 29.77312208712101 1.946344554424286 9.73648039996624 0 1.376465536653996 0.3483122587203979 0.6286900341510773 289.980451181531 0.824615903198719 1.024383641779423 0.5168072208762169 3.189278967678547 21.161446839571 57.77163876593113 11.322938144207 4.213360369205475 2.760719254612923 55.60855161398649 41.6355073004961 8.799319349229336 111.0782310888171 4.944828197360039 45.31662975251675 1.439096570014954 51.38548465073109 1.25363302230835 0.4540075063705444 1.268903322517872 2.31853985786438 2.069003976881504 3.722687788307667 437.4214581027627 29.51755967736244 2.568373546004295 132.5367801338434 74.88133217394352 272.0866611674428 85.48469808697701 20.35540064424276 0.4234421253204346 248.4022579714656 3.643878720700741 6.951535388827324 4.745583586394787 1.007260769605637 1.612408094108105 3.101565510034561 0.6496411859989166 1.382225498557091 3.60126044601202 3.166845075786114 1.676876083016396 3.822526901960373 5.03591699898243 4.134313404560089 25.24128778278828 577.2196409702301 157.2598103433847 12.9659927636385 48.53754299134016 111.2517859116197 2.454248532652855 3.679821714758873 26.21768802404404 11.62052056193352 15.13877336680889 54.24158212542534 110.8572859466076 10.73469331860542 377.2303344234824 356.4472417011857 1.997265383601189 91.48184725642204 590.5264401882887 313.086696960032 37.55001351237297 1.616595432162285 1.97374714165926 0.6599977612495422 1.119461193680763 0 0 0.3280396461486816 3.906804904341698 0.8621177077293396 0.2393959015607834 0.4762119501829147 1.141576364636421 13.90997759997845 0.6982041001319885 5.051149733364582 0.332795038819313 4.789501778781414 4.154398530721664 5.178938552737236 6.186984151601791 3.417937442660332 3.461545445024967 3.944604262709618 8.552855379879475 83.57102627307177 63.23520573973656 160.4954681992531 77.0044067054987 61.8673527687788 0.5184190273284912 0.4290956854820251 0.264135330915451 0.1213047727942467 0.3229775428771973 8.634476840496063 0 3.174616888165474 4.621451176702976 0 0 6.197287730872631 30.64140861481428 4.599612161517143 1.484970092773438 0 0 1.691815137863159 2.206487342715263 0.8338581174612045 4.32318501919508 10.52873975038528 48.13034944236279 9.185279905796051 0.6840196251869202 0 0 0.1412342488765717 0 0 0.1272571831941605 0.5891586691141129 186.9426169246435 16.82521575689316 2.615855112671852 2.268524043262005 1.22300760447979 14.09329822659492 4.645816877484322 48.58718422055244 2.337303884327412 2.84901961684227 2.911099374294281 1.5438052713871 3.08093187212944 0 2.655561573803425 0.3019468784332275 0.79206483066082 0.3623341247439384 0.525603175163269 0.3547897934913635 1.044565707445145 238.3192748948932 145.9488493353128 298.4436605870724 1923.042283698916 40.36180731654167 602.6770084351301 332.011734880507 373.0655419304967 46.24222066998482 14.28416328132153 241.3488085269928 461.372967004776 0 31.52004674077034 6.465033501386642 361.0441514253616 4.918647363781929 5.890031158924103 0.4961949288845062 20.56161439418793 3.294458314776421 638.3068849220872 315.4833201169968
