414.2133763805032 2824.3055678159 654.1980544254184 2160.107901111245 75.45583129674196 306.1472119539976 508.9547860249877 188.8221820816398 16.01258037239313 1288.614947885275 165.5030711814761 96.77348668128252 234.8929709792137 30.67291838675737 2.029000408947468 1.102984890341759 0 0.2102971374988556 0 0 0.7720579504966736 0.1450057923793793 0.1511391252279282 0.6517439186573029 1.222105644643307 0.1066106930375099 0 0.1219487264752388 0 0 633.2333829179406 101.0018275976181 4.090472087264061 0 0.2857419699430466 2.012243010103703 1.982449680566788 0.09921395778656006 0.6885926872491837 0.0923660546541214 0.7931282222270966 1.740641236305237 0 0.2222500219941139 0 0.4506640806794167 20.39992567151785 2.064525067806244 0.5643816366791725 0 0.2104347348213196 0.4543563574552536 0 0.2741886228322983 12.21426209062338 26.6130397990346 215.372913107276 146.625366717577 67.45404696464539 32.10870707035065 0.4057738035917282 0.5749038979411125 0.1179642900824547 51.25898796319962 7.050760895013809 4.60356967151165 0.218793697655201 0.7906275913119316 0.7650982365012169 1.310902759432793 14.62462648749352 5.688855990767479 0.7224236875772476 232.8284946754575 23.45901806652546 30.33619211614132 3.368192203342915 1.659571588039398 0.2201854214072227 118.648863747716 0 3.023557879030704 15.26021856814623 0.4323788210749626 4.887571148574352 3.290103614330292 1.35190973430872 0.2496732175350189 0.6123304963111877 0.1197778955101967 0 0 1.278193905949593 0.249311737716198 0 52.81673264503479 21.31344068050385 0.3646209090948105 4.116457030177116 959.8392894491553 0 2.839121878147125 14.07100509852171 4.398154020309448 2.645239919424057 19.56737434864044 9.569845303893089 5.200678080320358 20.27235276997089 19.84874297678471 5.948596015572548 5.585762232542038 9.694459334015846 4.357273459434509 6.53719200193882 0.1673696786165237 0 0 0 0 0 0 0 0 0 0 0 0 0 0.1117289960384369 0 0 0 0.1740341633558273 3.480117350816727 0 0 0 0 0.9748224467039108 0.1478008776903152 1.838733829557896 0.6764403805136681 0.2681805193424225 0 0 0 0 0.806525707244873 0.1209757328033447 0.1542946398258209 0 0 0 0 0.138173520565033 0.288888230919838 0.1828594356775284 0.7228072881698608 0 0 0 0 0 0 0 3.006233543157578 0 0.8600479364395142 0 0 0 0 0 0 0 0.7991850972175598 0 0 0 0 6.678265936672688 3.531392276287079 2.383500099182129 1.684659242630005 0 1.668075919151306 0 0 0.1471507698297501 0 0 0 0 0 0 0 1.021752133965492 8.142375037074089 2.591402947902679 116.3676416799426 5.654586642980576 127.4873807281256 55.47184534370899 1174.548929236829 10.88678014278412 1.630972847342491 1.74545805901289 8.910906165838242 0.124703586101532 2.731995463371277 2.310797207057476 54.13064712285995 0.105310432612896 0.4808850362896919 0 0.3974143862724304 0 342.2050592005253 1.750463262200356
2824.3055678159 3543.433311998844 2984.29249946028 1380.380175426602 1990.376935333014 407.359015904367 4538.96538516134 601.1900844275951 1044.329054452479 2901.202579826117 1306.888375319541 115.1368688046932 1602.285449236631 1537.336106024683 24.69945672154427 4.275030829012394 1.50640632212162 0.2090442627668381 0.1016824468970299 0.5506102293729782 0.2563034519553185 0 0.5751301050186157 0.4236312359571457 1.178878620266914 0.508446529507637 0.6235941201448441 1.133367635309696 0.1365152597427368 0.1149870678782463 1466.321170136333 91.08050521463156 29.32613816857338 0 0.1971209049224854 1.693647287786007 7.384990729391575 2.733032077550888 2.933003775775433 1.197923637926579 1.657025828957558 1.949671417474747 0.9343817234039307 1.742987833917141 0.4952322840690613 1.644542180001736 171.2840692326427 11.68402421474457 0.7162611410021782 2.17631508409977 1.852171182632446 0.1099880784749985 0.3091163411736488 0.3985609859228134 39.12065110355616 102.5416288897395 147.1182718202472 258.9281940758228 121.8811030983925 172.3646458312869 2.166504368185997 5.518955610692501 1.768569238483906 305.5564524456859 29.99397500604391 21.20513498038054 2.877393029630184 3.400621615350246 4.751965291798115 2.10552354156971 41.42111513763666 2.257726937532425 0 578.7923658341169 161.4920008480549 268.2913736030459 43.77369178086519 13.48462073504925 1.525077439844608 280.8768070936203 1.76862458884716 9.296781696379185 73.5568101555109 2.092133730649948 31.68102666735649 20.5292786732316 5.087011411786079 0.1222452074289322 2.158856004476547 0.2245778888463974 0.8854437246918678 0.1327639520168304 2.857757769525051 0.9306238293647766 0.8400227278470993 28.00593160092831 15.52038175612688 0.1686980575323105 10.43354763090611 947.734281308949 3.794146418571472 1.05441914498806 43.70809499174356 8.18519514799118 22.44593417644501 65.05427758395672 18.18281084299088 35.809963747859 76.76292352378368 38.90860737860203 36.02117590606213 40.96359544992447 64.08624561876059 33.72499272972345 34.58543248474598 1.558213740587234 0.1525563448667526 0.1712780594825745 0 0 0 0 0 0 0 0.2992645502090454 0 0 0 0 0 0.3544256165623665 0 0.2109698504209518 12.21305030584335 1.623741164803505 0 0 0 15.53986079990864 1.74971216917038 24.61974006891251 8.847048886120319 2.226978100836277 0.1373442560434341 0 0 0 3.418859362602234 0 0 0.6638244986534119 3.246691286563873 0 0 0 0.48762246966362 0 1.347313225269318 0 0 4.343087032437325 2.281695023179054 0 5.126833185553551 2.060370445251465 20.31085446476936 3.98405596613884 0.7501387000083923 1.043204694986343 0 0 0 0.09996680170297623 0 0 23.30314494669437 1.133379563689232 0.1455774158239365 0.1146263256669044 0 43.78391022980213 6.084542095661163 4.304770588874817 6.324648886919022 7.319046318531036 1.370859533548355 0.9928319454193115 0.5017207860946655 0.1365568190813065 0.1627590954303741 0.2896304279565811 0 0 0.577078640460968 0.1596887409687042 0 11.2862753123045 32.05360193550587 36.88601856678724 957.9914521425962 48.15261200815439 934.7688570395112 162.3356404453516 824.0740450173616 90.06932675093412 9.816361963748932 36.94233832508326 30.32619227468967 0.2388616278767586 18.18562107533216 6.730673015117645 47.36803668737411 0.1923125982284546 1.188706815242767 0 3.974491149187088 0 366.0716494843364 18.84374235570431
654.1980544254184 2984.29249946028 2621.944378085434 113.4533997699618 855.7180259227753 53.63524781167507 526.1697064563632 2575.069082610309 750.308664649725 332.5881460607052 2895.973454475403 59.86172452569008 506.0313625559211 1624.705993957818 21.99297810345888 4.913093104958534 0.4744629561901093 0.6379325836896896 0 1.149133019149303 7.674818232655525 0 2.17286191880703 3.351676307618618 3.937488593161106 1.343829050660133 1.160264551639557 0.3295079320669174 0.3175370693206787 0 4767.544680915773 863.4034377261996 34.05414358526468 0.5967974290251732 2.651046618819237 3.774546191096306 15.86104439198971 3.174751460552216 2.914882570505142 0.6201926246285439 21.70141169428825 14.2056058049202 0.3607563823461533 1.230420798063278 0.1733019202947617 0.9532114043831825 89.98010507971048 5.335177466273308 0.7449428290128708 1.560327187180519 3.13373439013958 0 0 0.6880998909473419 14.30865598469973 39.18401262909174 76.61543028056622 170.3147217258811 43.51000011712313 75.24654614180326 0.4539564549922943 10.67928020656109 0.528985932469368 229.1628088802099 13.93334701657295 11.30135188251734 0.9439740777015686 3.988847233355045 5.189300626516342 10.62615349143744 44.81309450417757 3.165295049548149 0 232.6273171901703 97.37484274059534 143.9085246622562 55.52852445840836 15.81638535112143 15.25307978689671 1008.064177051187 1.514037899672985 51.10103285312653 27.89027997851372 0.8224923461675644 15.20226813107729 8.553283758461475 2.600508287549019 0 0.8787041381001472 0.5621005296707153 1.805675745010376 1.19233649969101 14.90769103169441 2.202740974724293 2.519754640758038 11.7780004888773 13.97523456811905 0 3.947754636406898 350.7677663937211 1.856958150863647 1.412890911102295 7.218984290957451 1.956955447793007 10.19370341300964 27.55610807240009 3.063293218612671 11.07651464641094 20.42328624427319 7.822036117315292 9.142251402139664 16.7006536796689 15.44242175668478 15.05897904932499 17.57636842131615 0 0 0 0 0 0 0 0 0.5757285952568054 0 0.4066805839538574 0 0 0 0 0.2586084976792336 0.2568078935146332 0.9459994435310364 0.1663695126771927 5.202302202582359 2.050546035170555 0 0 0.1554255187511444 8.748439624905586 1.00261777639389 12.52507197856903 2.106910645961761 0.5750135779380798 0.9355546981096268 0.1956056952476501 0 0 0 0 0.4601946845650673 0.8353275060653687 1.291572690010071 0 0 0.3471268713474274 0.5999955758452415 1.149823024868965 0 0.7670084536075592 0.2725736051797867 2.232941746711731 0.2778824865818024 0 0.7995173931121826 0.4547002911567688 9.375221475958824 0.9106082916259766 0 0.7811549156904221 0 0 0.1418145745992661 0.1162140592932701 0.3476063460111618 0.1050207242369652 8.427863970398903 3.180850073695183 0 0 0 10.63642621040344 1.021513417363167 2.116129040718079 4.077193796634674 1.370536208152771 0 0 0.1519752144813538 0 0 0 0 0 0.2581671327352524 0 0 5.331699326634407 19.38035430759192 18.0467671006918 299.6050238162279 13.63418565690517 340.4440651908517 51.25508474558592 143.7541722133756 34.52827211469412 0.9660592898726463 12.5001822039485 15.41703419387341 0.1658798903226852 12.88307023793459 0.6869292929768562 4.64229816198349 0 0.595160998404026 0 2.356427818536758 0 70.06574288010597 8.885556772351265
2160.107901111245 1380.380175426602 113.4533997699618 499.2328924238682 20.73572008311749 1243.371019735932 442.4222613871098 4.411829434335232 3.931639462709427 2801.317678652704 4.523564212024212 629.6230268925428 1644.130115143955 35.71070978045464 1.074795871973038 0.1096083670854568 0.1009040400385857 0 0 0.1345562785863876 0.1029741391539574 0 0.1033987775444984 0 0 0 0 0 0 0 83.36222169548273 3.96036522090435 0.2911441922187805 0 0 0.2071254104375839 0.1768702119588852 0.7014574930071831 0.9359251856803894 0 0.2453348934650421 0.1081237122416496 0 0.1345705986022949 0 0.1333377808332443 14.42879701405764 1.898779213428497 0 0.139713317155838 0.2473860457539558 0 0.1308023035526276 0 7.266593620181084 18.47027924656868 49.43773572891951 48.33713126927614 29.7705735117197 28.85420095920563 0.1278090626001358 0.4522523581981659 0.1374575942754745 27.98936730623245 4.532609343528748 4.037945471704006 0.3085868656635284 0.5211600139737129 0.2061680853366852 0 3.280612327158451 0.8870635330677032 0 136.2019101008773 15.56192118674517 21.99162898212671 1.197279840707779 0.291333481669426 0.2307305037975311 2.207077018916607 0.2038994953036308 0.4506880715489388 14.16167069971561 0.3764548301696777 3.776167988777161 2.460125952959061 0.3236591294407845 0.2638507485389709 0.3214443996548653 0 0 0 0.3665624707937241 0 0 21.99513670802116 1.328269459307194 0 0.7926791608333588 460.6698156446218 0.2797069847583771 3.25573742389679 18.55135995149612 33.148118019104 2.484891176223755 15.22918228060007 30.07247638702393 9.00130707025528 87.86679589748383 177.642981082201 1.849390357732773 16.79327499866486 117.4683658033609 48.8359594270587 2.106154978275299 0 0 0 0 0 0 0 0 0 0 0 0 0 0 0.1169151812791824 0 0.1392540633678436 0 0 1.840755388140678 1.337455332279205 0 0 0 0.6913986653089523 0 0.8069576621055603 0.09261814504861832 0 0 0 0 0 1.83882212638855 0 0 0 0 0 0 0 0 0 0 0.1644012928009033 0 0.2787396386265755 0.5831320211291313 0.1351232677698135 0 0 4.081109970808029 0 0.09728586673736572 0 0 0 0 0 0 0 0.8415330052375793 0 0 0 0 1.506754040718079 0 0 0.7498820498585701 0.2274900153279305 0.1242958083748817 0 0 0.1157290115952492 0 0 0 0.2355741336941719 0 0 0 17.04367052018642 0.7408163994550705 2.299099504947662 35.24555791169405 5.677649736404419 104.7191717550159 31.3510677292943 493.4300873726606 4.270259067416191 0.3343336284160614 0.3129236251115799 4.004601016640663 0 2.213343963027 1.274429306387901 32.98402977734804 0 0.2109991461038589 0 0 0 213.9472928792238 9.928261555731297
75.45583129674196 1990.376935333014 855.7180259227753 20.73572008311749 2073.321484006941 6.560936361551285 3738.995992518961 288.7675289511681 3194.685207866132 426.2462622448802 2626.624000042677 124.8859653323889 1569.153819724917 3421.09091451019 18.45994867384434 3.354277528822422 0.5013595223426819 0 0 0.1605146676301956 0 0 0 0 0.9064850434660912 0.1116355806589127 0 0.1153615713119507 0 0 64.35615224391222 5.183707632124424 9.693855695426464 0 0 0.8025617748498917 6.386577486991882 0.4073586761951447 1.919702410697937 0.4614251255989075 0 0.6306058913469315 0 0.2645851075649261 0.1318335682153702 0 70.42920154333115 2.796795688569546 0.5828511714935303 0.4310393407940865 0.2438284009695053 0 0 0 4.385232895612717 20.04942107200623 8.712240055203438 13.6178145185113 20.84476975351572 46.88886062055826 0 2.714392051100731 0 44.61260629445314 7.250827871263027 3.950585849583149 0.08256404846906662 0.5901413708925247 0.718517117202282 0.1221788078546524 29.34229789674282 1.023563385009766 0 73.5475310459733 37.85668861865997 87.69899395853281 20.08979988098145 7.131950095295906 0.4991971105337143 9.089789800345898 0.1291869878768921 0.7043370977044106 13.99808014184237 0.1952418982982635 5.149609446525574 3.34659219533205 1.791218742728233 0 0.4174213260412216 0 0.2813134491443634 0 0.1224925294518471 0.2070579677820206 0 14.9787275493145 14.2115925103426 0 3.756960242986679 16.2130189538002 0.8170724511146545 0.3358014822006226 36.00843930244446 3.558703318238258 19.81159208714962 78.97859782725573 5.647841461002827 38.66474990546703 54.41928670555353 17.0303551107645 36.37473134696484 36.27302075177431 61.73906830698252 44.73984228819609 34.47776684165001 0.1684195250272751 0.1382358521223068 0 0.6649866104125977 0 0 0 0 0 0 0 0 0.1757441610097885 0 0.2335563451051712 0 0 0 0 12.3432685136795 6.160786211490631 0 0 0 12.6310128569603 0 15.94864240288734 5.434260547161102 0 0 0 0 0 4.015996180474758 0 0 2.467959098517895 1.775203064084053 0 0 0.1473074555397034 0.4212990999221802 0 0 0 0 0.6000576466321945 0.7929827868938446 0 4.338134497404099 0 20.45498360693455 4.396018981933594 0.6021097600460052 0.3304141461849213 0 0.1778051853179932 0 0 0 0 21.21497125923634 0.772369772195816 0 0.1364574730396271 0.1167561933398247 43.58328512310982 5.294901013374329 2.665608435869217 5.807791322469711 6.112844452261925 1.376473136246204 0.8879364132881165 0.595268726348877 0 0 0.2928894013166428 0 0.1110098361968994 0 0.1189142391085625 0 9.860171549022198 17.70509451627731 32.57636889815331 427.9625066891313 12.78519865870476 280.7321721985936 43.43098928779364 37.77893230319023 41.26117101311684 0.2003107666969299 18.71008918434381 18.75990809500217 0 9.837815634906292 4.401047885417938 6.003773763775826 2.071716666221619 0.1805257946252823 0 3.651948377490044 0 48.59836652874947 19.74202778935432
306.1472119539976 407.359015904367 53.63524781167507 1243.371019735932 6.560936361551285 46.02030172944069 121.297328338027 6.035789161920547 0.6454980671405792 1786.227726101875 7.416966661810875 191.4198830872774 173.1962127387524 9.731806144118309 0 0 0 0 0 0 0.3245121836662292 1.604677960276604 0 0.09688692539930344 0 0 0 0 0 0 169.8630432486534 2.781076222658157 8.562849596142769 0 0 0 7.521053373813629 0.994590163230896 1.793298900127411 0 0 0 0 0 0.1766655296087265 0 0.2775130197405815 0 0 0 0 6.556941136717796 0.9733289033174515 0.1990848332643509 0.1291636675596237 0.4708019495010376 236.2137987986207 3.580205477774143 32.96937664598227 0.6083239838480949 0.1545690596103668 1.778538748621941 0 1.327428102493286 0 0.12369005382061 0 0 0 0 123.9889124110341 120.2415612190962 10.68972066044807 9.687105372548103 0 0.9315436705946922 0.2668915018439293 0 0 9.865953147411346 0 0.2467366605997086 0.1968038976192474 0.4167133495211601 0.1367849409580231 0 0 5.383939608931541 1.216975010931492 6.276569359004498 0 0 0 0 0 112.7090063989162 193.9620148837566 27.65781985223293 20.51658248156309 218.5062207952142 1.125244379043579 0 1.558434575796127 1.044320821762085 0 4.077951774001122 2.966918140649796 0.2504975497722626 5.83862416446209 0.6284096539020538 0.1577077656984329 0.886234238743782 0.7068987041711807 0.9032282084226608 0.3489920198917389 0 0 0 0 0 0 0 0 0.202177956700325 0.1818784773349762 0 0 0 0 0.8498320281505585 0 0.2116014212369919 0.7275046482682228 0 0 0 0.1305026412010193 0 0 0 0 0 0.6379695907235146 0.235521674156189 0 0 0 0 0 0 0 0 0 0 0 0 0.3008570075035095 0 0 0 0.1548484861850739 0 0 0 0.2490849494934082 0 0.285812646150589 0 0 0 0 0 0 0 0 0 0.1834764033555984 1.746214687824249 0 0 0 0.3245106637477875 0 0 0 0 0 0 0 0 0 0 0 0 0 0 0 0 0 0.6928542703390121 3.216087281703949 0.2662434205412865 4.439682483673096 2.146348714828491 291.9988806694746 27.34205255657434 0.2987043559551239 0 0.9935274124145508 0.1338428258895874 0.2427288889884949 0 5.333083689212799 0 0 0 0 0 117.0360044762492 0.7061173021793365
508.9547860249877 4538.96538516134 526.1697064563632 442.4222613871098 3738.995992518961 121.297328338027 1393.745210498571 28.89002142101526 1825.536826953292 1949.625881962478 1453.689383916557 492.5239501968026 4841.143567591906 3098.871852263808 22.81906209886074 2.896505489945412 1.143412806093693 0.1679171472787857 0 0.3969098851084709 0.2996008992195129 0 0 0 0.6164043247699738 0.4982136636972427 0 0.2185806930065155 0.3305482864379883 0 131.9638691842556 23.61770131438971 13.24752049148083 0.1147115230560303 0 0.4222031533718109 8.926520779728889 0.9265349581837654 2.619311884045601 0.9353556260466576 0.1304323375225067 1.276386968791485 0.7418083623051643 1.106035746634007 0 1.305067218840122 93.86725936084986 6.761035606265068 0.8570407330989838 1.588504388928413 0.7836521416902542 0 0.2912063002586365 0 20.60811274498701 50.89843939989805 39.00970958918333 76.75972376763821 57.08291024714708 91.56311988085508 1.059695810079575 0.8136641159653664 0.8645978271961212 149.845984607935 18.4770290479064 11.67618608474731 1.067643336951733 2.074305064976215 1.938040487468243 0.466653048992157 40.85282587260008 2.573866441845894 0 255.6349065899849 87.21576146036386 149.5165063515306 24.72234628349543 8.120625182986259 0.3377225548028946 9.722063086926937 0.7336338981986046 1.833848387002945 40.5375539958477 0.8765068203210831 16.24665211141109 9.683016926050186 1.303465068340302 0 1.204097509384155 0 0.6032040640711784 0.1110463365912437 0.581201359629631 0.1077153459191322 0.938245490193367 38.23101322352886 12.69160805642605 0 4.291544742882252 59.75305589288473 8.13360457867384 25.75938809663057 266.4520723521709 167.3164651617408 40.66767716407776 196.6895805075765 75.69264859706163 114.3847244083881 226.1621631979942 86.13530850410461 64.95447017252445 268.0159426033497 138.8614679574966 100.8555754944682 64.98233527690172 0.7250563055276871 0 0 0 0 0 0 0 0.1683351099491119 0 0 0 0 0 0 0 0 0 0 14.09359313547611 8.630768805742264 0 0 0.2273503988981247 20.42366293072701 0.9619531780481339 22.89000132679939 6.059081509709358 0.1466466188430786 0 0 0 0 4.225570417940617 0.5019750595092773 0 8.792791411280632 3.616313971579075 0.1106990650296211 0 0.17048279941082 0.1520063579082489 0.1730297207832336 1.690085336565971 2.847580447793007 0.9129938185214996 6.937838166952133 13.89375890046358 1.780282348394394 2.286198139190674 0.8066198825836182 27.52478821575642 9.123685896396637 2.337201222777367 1.863319300115108 0.08933259546756744 0.2214188501238823 0 0 0 0 37.07268616557121 3.460618510842323 0.7830202430486679 0.3498027548193932 0 72.55813445150852 18.05145701766014 5.654754638671875 15.66792524605989 24.39672487974167 7.742296494543552 2.059819445014 0.3640429899096489 0.785995826125145 0.2571352198719978 0 0 0.2160716876387596 0 0 0 17.70810925960541 35.77813212573528 35.81500555574894 713.4226371645927 26.30818815529346 562.0286899134517 90.99921792000532 345.0017427653074 65.15854865312576 1.700312577188015 21.94500656425953 34.24389251321554 0.5128627792000771 38.90092922747135 9.790417015552521 51.22700428217649 4.124843426048756 0.4292988330125809 0.4341772198677063 3.022986605763435 0 298.2371915951371 54.14353147894144
188.8221820816398 601.1900844275951 2575.069082610309 4.411829434335232 288.7675289511681 6.035789161920547 28.89002142101526 2434.169667340815 87.34534737467766 36.41168916970491 3685.840692557395 27.49984877556562 147.4623339027166 854.8304292038083 53.63778728991747 18.76430901885033 0.7147307991981506 1.932525418698788 0.4668279513716698 13.12131691724062 51.82972042262554 1.015149772167206 13.82738099247217 12.28119322657585 15.76459881663322 3.474362559616566 5.864857047796249 1.075136333703995 1.422559499740601 0.3073398768901825 1009.371732987463 4122.620076559484 77.25665491074324 15.72206266969442 11.2011943012476 23.46851462125778 14.14358325302601 19.92226013541222 7.097433470189571 1.765244714915752 77.80016591399908 49.42207051813602 6.090556412935257 5.618521608412266 1.136664748191833 35.48636192083359 140.6750216186047 6.978537641465664 2.246091887354851 13.46911921352148 9.256923012435436 2.090075761079788 0.1699748337268829 7.774919889867306 8.58263074606657 26.90841767936945 33.57866900414228 66.64361471682787 34.24362057447433 86.29611743241549 82.22391771525145 51.37514282763004 23.28347104042768 350.4588947296143 9.658522717654705 14.4338538274169 4.181331470608711 17.05083132535219 56.92051093280315 67.79961776733398 62.99410184472799 4.653455585241318 0 133.7355902269483 111.4213893339038 201.7602647319436 150.2210177332163 453.4913468360901 882.7674095481634 3177.573171541095 23.71922025084496 1020.278217040002 25.44800993800163 0.1981370374560356 12.15016941726208 7.783644214272499 13.77501104027033 0.1491827815771103 0.9126096218824387 0.2709979712963104 4.764558263123035 2.066349700093269 151.1537018194795 8.052629023790359 6.453693494200706 19.20702882111073 10.10746639221907 0 10.37337975203991 113.4012564793229 0.3675626814365387 0.4255526959896088 10.09899799525738 0.4591459035873413 5.182425990700722 20.73696313798428 1.400111809372902 4.16013565659523 10.65208332240582 2.156674697995186 12.4722435772419 12.32252302765846 14.67321733385324 13.99985645711422 15.51393707096577 0.248668909072876 0 0 0 0.3471913784742355 0 0.4127661734819412 0 0 0.3446118384599686 2.224459052085876 0 0 0.3514175266027451 0.2444876283407211 0.5338179841637611 0 0.8671907931566238 0.2014833986759186 2.283475279808044 1.337924748659134 0.1186938285827637 0.4999872446060181 0 10.56663857400417 1.570006251335144 16.34605327248573 7.598937317728996 0.2322097346186638 2.448761537671089 1.257143445312977 0.1679608523845673 0 0 1.121332675218582 1.034670412540436 1.272936820983887 0.1364915072917938 0.1688867509365082 0 0.906113401055336 2.124887570738792 2.805243194103241 0.1652721613645554 0 0.2219563275575638 1.327134110033512 0.6495672017335892 0 0 0.1584203839302063 10.90676540136337 0.8201300501823425 0 1.075549930334091 0 0 0.4029883742332458 0 0.8334558233618736 1.930140197277069 14.11895257234573 2.010250478982925 0.4524491280317307 0.5388227105140686 0.4998309016227722 13.12411729991436 2.597367227077484 1.924734145402908 3.59042900800705 0.8806879222393036 0 0.4580358862876892 0.3265329301357269 0.5210913419723511 0 0 0 0.9071033075451851 0.2142968103289604 0.6910077556967735 0 4.360688887536526 23.13776203989983 29.54414393007755 487.298548810184 24.22891403734684 396.4318529814482 49.75534222275019 58.02470520138741 56.183553352952 1.906043589115143 23.49621024727821 10.90950739383698 0.3457047045230865 9.761216416954994 2.420351341366768 0.1995016783475876 0.2809137105941772 0.1048333048820496 0.1362978667020798 2.03141650557518 0 38.17116862535477 14.30046657472849
16.01258037239313 1044.329054452479 750.308664649725 3.931639462709427 3194.685207866132 0.6454980671405792 1825.536826953292 87.34534737467766 512.0681352168322 52.4203840047121 1802.890318915248 26.47872042655945 936.0332983136177 1781.152060121298 4.730912812054157 0.4573483094573021 0 0.09226473420858383 0 0 0 0 0 0 0 0 0 0 0 0 13.22081904858351 1.159449599683285 0.8719472587108612 0 0 0 2.722086891531944 0.417565256357193 0.5617890655994415 0 0.1870394200086594 0 0 0.4714891090989113 0 0.1469504088163376 15.60106232762337 0.3068651780486107 0 0.1417409181594849 0 0 0 0 1.742937356233597 3.35499931871891 1.217211604118347 2.80982444435358 4.946489386260509 10.2256590873003 0 0 0.1538853496313095 10.97062154114246 0.8270716741681099 0.6204810366034508 0.1205066069960594 0.2165041416883469 0.1967372074723244 0.1122233420610428 4.077252104878426 0 0 13.98133109509945 10.13168993592262 18.98604658991098 7.397392481565475 2.679818645119667 0.3374312743544579 7.816622547805309 0.1312880367040634 0.3907218277454376 2.237182706594467 0 1.249322384595871 1.282696709036827 0.6879864558577538 0 0.09442739188671112 0 0 0 0 0 0 3.085283249616623 2.900096297264099 0 0 2.276576191186905 0.1156047508120537 0 7.667316094040871 0.3733235448598862 4.662362858653069 12.8672309666872 2.382424205541611 7.323518700897694 12.42900013923645 8.336759209632874 6.038175597786903 6.043127685785294 11.2487161681056 8.336315393447876 8.057940080761909 0 0 0 0 0 0 0 0 0 0 0 0 0 0 0 0 0 0 0 0.5078718662261963 1.002213582396507 0 0 0 0.585778996348381 0 2.586859077215195 0.1422253400087357 0 0 0 0 0 4.369785666465759 0 0 0 0 0 0 0 0.1467231959104538 0 0 0 0 0 0 0 0 0 4.19495952129364 0.147552564740181 0 0 0 0 0 0 0 0 3.213082760572433 0.370780885219574 0.1711546033620834 0 0 7.246101826429367 0 0.3866306245326996 0.3233905136585236 0 0.2211165875196457 0 0 0 0 0 0 0 0 0 0 1.960759311914444 3.852881848812103 4.553834602236748 88.5068099424243 1.944501154124737 58.46365458518267 7.556502781808376 5.728782221674919 6.316368997097015 0.09106939285993576 2.586278729140759 2.57149364054203 0 2.170284032821655 0.3434026837348938 3.201615869998932 0 0.09162994474172592 0 0.6772999167442322 0 9.299984432756901 4.507486626505852
1288.614947885275 2901.202579826117 332.5881460607052 2801.317678652704 426.2462622448802 1786.227726101875 1949.625881962478 36.41168916970491 52.4203840047121 2633.05899322778 149.5308975726366 4940.559239313006 5831.38007350266 243.6535033732653 4.778966449201107 1.481560081243515 0.3247776478528976 0.1127947792410851 0 0.2666964679956436 0 0.1286655366420746 0 0 0.2115873545408249 0 0 0 0 0 149.5258877500892 12.51019987463951 37.39723508059978 0.2231724187731743 0.1019656285643578 0 16.17756056785583 2.206574529409409 0.2389970794320107 0 0 0 0.2898425459861755 0 0 0.3168040812015533 33.64405716210604 2.139627754688263 0.3478505834937096 0.3732950538396835 0 0.4396356344223022 0 0.118710994720459 10.42494408786297 24.88655153661966 63.19363022595644 48.1381819024682 39.49241622537374 38.12337976694107 0.3793744444847107 1.792126953601837 0 65.07581974565983 4.471762858331203 3.448340862989426 0.2572799474000931 0.5737518891692162 0.1115467399358749 0 237.9142571687698 2.08983202278614 0 157.9400758743286 26.28018798679113 43.92348060756922 3.934093549847603 1.752623587846756 0.5259679853916168 7.089212663471699 0.8037926182150841 0.5314477160573006 17.55708965659142 0.2769288048148155 6.905344679951668 5.119871750473976 0.2010326236486435 0.2788383290171623 0.2365988940000534 0.1131620928645134 0.3577812761068344 0 0 0 0.09273728728294373 150.3533934950829 34.12714998424053 0 7.458567008376122 409.787255898118 8.824564419686794 7.298567093908787 146.4960422366858 46.7388474419713 56.78594013303518 341.1098372489214 116.2725322619081 134.022124260664 330.2170569375157 223.1864215061069 87.92140528559685 232.910908728838 360.654441960156 179.2165549471974 80.55742864310741 0.1291563957929611 0 0 0 0 0 0.1032101213932037 0 0 0 0 0 0 0 0 0 0 0 0 12.2636504471302 7.896522909402847 0 0 0 26.94375415891409 0 27.52300807833672 7.56592769920826 1.611319974064827 0.2129895091056824 0.1231840848922729 0 0.926398754119873 14.48088020086288 0 0 5.650662258267403 4.70412503182888 0 0 0 0 0 3.022745385766029 0.4654934704303741 0.08381926268339157 6.542193412780762 5.755993008613586 0.1050942540168762 4.154342114925385 2.343188047409058 39.64003145694733 2.816374629735947 0.3654870688915253 2.908247143030167 0 0.5294638872146606 0.2910671234130859 0 0 0 52.15587279200554 5.958296030759811 0.820489838719368 0.129741758108139 0.5816276073455811 69.56985142827034 7.920825123786926 8.930018126964569 13.62831262499094 15.53212978690863 1.39317299425602 1.757858753204346 0 0.6684046387672424 0.1417390555143356 1.247144281864166 0.9937474578619003 0.3363386392593384 0 0.7231190800666809 0 44.68129336833954 30.50682832300663 45.61437261849642 338.6383425891399 12.8744096159935 214.5409014895558 59.63123318552971 1359.740638881922 37.89569146931171 6.748033136129379 15.45325921475887 43.89444667845964 0 18.7892204746604 8.058181092143059 189.9825850427151 7.769673407077789 7.390778601169586 0 1.229385584592819 0 1487.009935602546 101.747109465301
165.5030711814761 1306.888375319541 2895.973454475403 4.523564212024212 2626.624000042677 7.416966661810875 1453.689383916557 3685.840692557395 1802.890318915248 149.5308975726366 3074.858073584735 173.4841920882463 2253.836657613516 5375.191695213318 60.3778480142355 21.22648398578167 2.852749742567539 0.8189344853162766 0 0.6392229944467545 1.116314470767975 0.7264214754104614 0.1738130897283554 0.6696381866931915 6.423239961266518 1.032835155725479 1.200083993375301 2.651557013392448 1.857551485300064 0.228240579366684 253.5027788728476 155.6435849890113 427.3422904610634 0.698935478925705 1.442905440926552 3.683041706681252 47.43725389242172 15.52861521393061 6.070036970078945 3.241154439747334 12.58222585916519 12.23534798622131 0.1097540035843849 4.235576763749123 0.1589344292879105 1.357015244662762 115.0169683098793 2.83023951202631 1.482744939625263 1.034660682082176 0.7149647250771523 1.757664978504181 0.4695304036140442 6.021048009395599 8.381051950156689 12.25978084653616 9.536376275122166 24.47053474187851 25.55201634019613 58.59231785684824 0.9170361384749413 18.21105475723743 0.9717657715082169 130.1234984919429 5.950946837663651 4.54799061268568 0.6736306175589561 1.193053394556046 1.082364328205585 1.470339521765709 74.54012069106102 3.815744027495384 0.6833124756813049 70.67497126758099 57.12861164659262 137.590092882514 79.79746154695749 37.04059771448374 0.8387120962142944 878.3525020927191 0.9625373184680939 38.92531991750002 13.06013915687799 0.09895162284374237 6.172081001102924 3.894807256758213 0.9481068626046181 0 0.3084824457764626 0 0.2282402142882347 1.560448631644249 2.536185629665852 1.512600056827068 3.644588336348534 53.07847274839878 7.399619251489639 0 4.275502227246761 29.94870710372925 0.7394033372402191 0 17.73642048239708 2.373047411441803 9.793093144893646 30.38003890216351 5.941805109381676 15.23648355156183 19.32035092264414 7.627044916152954 22.61523480713367 21.03612445294857 32.76763135939837 34.44708217680454 29.30412155389786 0.1408807784318924 0 0 0 0 0 0.1764901131391525 0 0 0 1.874049082398415 0 0.4675358980894089 0.1705796867609024 0 0.5409080386161804 0 0.4135767668485641 0.3998459354043007 2.120513051748276 1.439130157232285 0 0 0 11.71740834414959 0 14.4054968431592 2.940737329423428 0.4155367091298103 0.8817950785160065 0.1424836665391922 0.4974794685840607 0 0.9038999080657959 0 1.345722451806068 3.850581884384155 1.875092476606369 0 0 0.8065393269062042 0.2945078685879707 0.787002831697464 1.42346853017807 0.5002324283123016 0 1.112043470144272 0 0 0.5805017650127411 2.277424812316895 18.01677112281322 2.845693826675415 0 0.4072352051734924 0.2634764462709427 0 0 0 0 0.599147841334343 20.89100375771523 1.795438289642334 0.722234308719635 0.1820855587720871 0.8333713561296463 22.68033128976822 2.806494534015656 3.369238689541817 3.492331147193909 0 1.368757694959641 1.170791268348694 0.1456709355115891 0 0 0 0 0 0 0 0 9.291678167879581 24.75871020555496 25.25661589205265 687.8453428968787 20.07173673063517 360.5069871619344 57.00311220437288 46.70190692692995 47.70457664132118 0.4404799491167068 27.86618871241808 14.75468510389328 0.5146775245666504 7.630586877465248 2.96162287145853 5.628503680229187 0.9085858464241028 0.1004959717392921 0 4.646870732307434 0 37.80837278813124 18.15639221668243
96.77348668128252 115.1368688046932 59.86172452569008 629.6230268925428 124.8859653323889 191.4198830872774 492.5239501968026 27.49984877556562 26.47872042655945 4940.559239313006 173.4841920882463 216.4268966466188 1280.629184536636 338.8964940682054 34.35851253569126 15.1097335293889 2.520626075565815 0 0 0 0.9462637305259705 0.3318130373954773 0 0 1.006958335638046 0.09995738416910172 1.45878604054451 1.381161898374557 0 0.2080326974391937 4.781289950013161 12.59171122312546 129.0443467572331 0.6385049670934677 0 0.2332140058279037 72.71716763824224 16.86320572346449 11.93024512380362 2.372509956359863 1.22632272541523 3.539622917771339 0.1084214895963669 2.082153379917145 0.3140134364366531 0.3640593662858009 36.88788869231939 0.3010997250676155 0 0.8631805554032326 0.3202369213104248 1.453109845519066 0.4333129823207855 1.961174055933952 0.8595011383295059 2.601133398711681 5.475496366620064 3.954244963824749 6.021020077168941 11.66487122327089 0 6.741578593850136 0.4484650939702988 31.14285310357809 0.7824132442474365 1.496966101229191 0 0 0.4990622475743294 0.2861639410257339 167.6560454368591 4.586434736847878 0 18.05621580779552 11.21800743043423 31.54315386712551 19.89105932414532 13.18361953645945 0.123433880507946 85.33446592837572 0.2840451672673225 2.395073547959328 2.876564629375935 0.08177069574594498 1.235978379845619 0.4407763257622719 0.1877083629369736 0.2202932089567184 0.2101057097315788 0 0.2687514126300812 0 0.2039550766348839 0.9301214516162872 0.4154742360115051 911.132140763104 30.95570120215416 0.2033912539482117 2.930463314056396 22.30971916019917 3.91456463932991 1.631741583347321 100.9065504074097 17.04013676196337 40.10587956011295 327.1033519208431 53.76565864682198 134.8009044751525 270.2220127284527 118.667437940836 101.7153779342771 163.8169786334038 378.0367455482483 261.5941535905004 100.7692218869925 0.6058765053749084 0.1284874528646469 0 0 0 0 0 0.1892353892326355 0 0 0.1251304596662521 0 1.040741071105003 0 0.3591581359505653 0.5059089064598083 0.2701669931411743 0.1395298391580582 0 20.63849374651909 9.773055948317051 0 0 0 38.39769480377436 0 25.47745356708765 4.302263841032982 0.3064331710338593 0.3876571655273438 0 0.1988371163606644 0.1194499656558037 6.695021390914917 0.50532466173172 0 0.9877220690250397 6.755339965224266 0 0 0.6450847089290619 0.2695262432098389 0.7783411666750908 0.5791572332382202 0 0.349055141210556 3.326007552444935 1.170215733349323 0 1.327576451003551 3.7931057959795 34.35885488986969 2.022247448563576 2.547351196408272 0.8723000586032867 0 0 0.1587719172239304 0 0 0 111.0786660388112 13.88365156948566 2.016336694359779 1.82624813914299 0 76.56208303570747 5.356027185916901 2.830226331949234 5.72589198499918 8.085603907704353 2.433094680309296 0.2572368010878563 0.1336138099431992 0 0 0.7694338858127594 0.571843758225441 0.2782353609800339 0 0.1244944036006927 0 83.71840041130781 64.05855869501829 48.23488188534975 435.3298776894808 4.713811159133911 107.692005045712 16.8714213296771 333.4947637841105 23.11888217926025 1.947391748428345 10.85384861379862 28.75274354964495 0 23.3397871106863 5.540766358375549 33.31714707612991 0.1613647043704987 0 0.110538437962532 2.17208206653595 0.3562684655189514 1066.223273538053 203.4423514381051
234.8929709792137 1602.285449236631 506.0313625559211 1644.130115143955 1569.153819724917 173.1962127387524 4841.143567591906 147.4623339027166 936.0332983136177 5831.38007350266 2253.836657613516 1280.629184536636 5134.428831972182 6983.152095600963 153.0924009159207 67.97491670399904 3.678947664797306 0.337195061147213 0.1027988791465759 0.8849847167730331 1.373994708061218 0.7115408927202225 0.1098221614956856 1.050569452345371 14.10044731199741 1.341415137052536 2.313736416399479 4.808905482292175 2.010762378573418 1.781878799200058 29.54342931509018 38.21320552378893 826.2936253175139 1.258365020155907 0.2660981267690659 5.560168012976646 480.8689527586102 109.1183263137937 62.08129875361919 16.18724432587624 2.96370105445385 10.14867558330297 0.7379878312349319 10.82854004204273 1.469381168484688 4.040266670286655 184.9469190835953 2.890128903090954 0.9171352982521057 1.389227189123631 0.3612944334745407 1.43650384247303 1.938960045576096 7.184386879205704 6.128259405493736 15.74815727770329 17.30565255880356 16.83180136233568 32.2437325194478 77.17704570293427 2.471720196306705 70.50676000118256 1.668531909584999 143.8728487342596 7.132864087820053 6.578278340399265 0.5959117040038109 0.9391027241945267 1.804730787873268 0.6051232516765594 402.8667123541236 14.94330374896526 0.2404855117201805 99.28406351059675 59.41485682874918 174.6212646886706 106.2517761215568 61.31594124436378 0.3911038860678673 469.699830532074 1.733859203755856 15.04635560512543 15.06387279927731 0.1972363814711571 6.373087473213673 4.607199497520924 1.42998780310154 0.272111564874649 0.8629384487867355 0.1602635532617569 2.229500196874142 1.019181177020073 1.40580452978611 0.2842224836349487 4.700784102082253 1830.408870764077 79.61129270493984 0 14.03419457376003 33.6944278255105 9.260808430612087 6.284498780965805 192.2761798426509 31.88136797398329 121.7580092698336 554.1828993558884 62.37892159074545 227.5943694338202 477.5253483057022 194.0334250256419 210.1061467155814 366.8771442770958 667.5965374782681 465.4598939940333 238.8109847009182 1.362483240664005 1.198768079280853 0 0 0 0 0.1407938748598099 0.2946404814720154 0 0.278901644051075 0.1298369169235229 0.2992299646139145 0.4676009863615036 0 0.1010440960526466 0.4948780685663223 0.2463541701436043 0.3842919319868088 0.9256517216563225 41.96186048537493 21.20388673245907 0 0.4780353754758835 0 72.72272843122482 3.140973664820194 58.04986207187176 9.714996114373207 1.897445909678936 1.396288029849529 0.2107957452535629 0.1287527233362198 0 3.296230435371399 1.291608400642872 0.1436028778553009 6.073149979114532 7.850757226347923 0.1272903680801392 0.1554015427827835 0.8984626084566116 2.234135791659355 1.422627918422222 0.3157016336917877 2.718353092670441 0.1646381765604019 10.43887361139059 11.24125572293997 0.2259956896305084 4.867635667324066 5.034836128354073 75.57531028240919 10.39512009173632 1.137403964996338 0.1868630200624466 0 0 0.1146927922964096 0 0 0.1301681697368622 210.9373071268201 24.81792771816254 4.662648133933544 3.306717172265053 0.1603089720010757 198.3082885295153 27.45696246623993 10.68079280853271 23.28002163022757 14.90320707857609 7.5489691644907 0.9636778384447098 0 0 0.2921294867992401 0.5943120345473289 0.6541475206613541 0.870764285326004 0 0 0 175.955062136054 159.4759966209531 108.0034981071949 1597.311202183366 28.6014391630888 534.5678564533591 92.00483017414808 356.371396265924 83.33273209631443 1.021278642117977 42.70156137645245 55.08531421422958 0.147231325507164 43.59497758746147 11.38725657761097 50.30255924165249 0.6663466095924377 0.7026608288288116 1.140031136572361 10.35549216717482 1.256024211645126 1052.896097131073 326.8214951455593
