60.62389570474625 2258.155596315861 644.0937023162842 758.8969670459628 50.21828578412533 16.95831897854805 56.22189310193062 10.88854542374611 1.967114254832268 258.0780446901917 20.00983957946301 4.143313765525818 15.3740079253912 14.11034449934959 2.700107052922249 0.3590208292007446 0.1495769321918488 0 0 0 0 0 0.1902009546756744 0.1327530741691589 0 0 0.2307564467191696 0 0 0 452.7926244735718 0.2678159028291702 3.997971713542938 0 0 0 4.952632501721382 0.2407705932855606 0.1066344156861305 0 0 0 0 0 0 0 12.54838436841965 0 0 0.158427432179451 0.1499492675065994 0 0.2591888308525085 0.1348538249731064 4.74866871535778 1.908451922237873 40.84101199358702 633.133874155581 45.60653999447823 29.63361309468746 0.6901666224002838 0.9667046666145325 0 30.17969859391451 1.290199808776379 0 0 0 0.3849179893732071 0 16.89134515821934 8.249619156122208 0.6604431867599487 89.10626737773418 6.544882372021675 16.53780614584684 3.264028877019882 0.5750602781772614 0.8085885941982269 17.0691157579422 0.4334450215101242 0.7886038273572922 4.124288409948349 0 0.4485913440585136 1.002572059631348 0.3360547572374344 0.1002568528056145 0.1195394247770309 0.3597451746463776 0.1035585403442383 0.2465637102723122 0.347647562623024 0.09992175549268723 0.1601444631814957 33.41569642722607 8.030376553535461 0.433195561170578 4.412799805402756 537.6651351898909 0 0.3912080973386765 0 0.2332985699176788 0.4563311636447906 1.849556103348732 0 0.3490960747003555 6.53279621899128 0.8491553291678429 0.288023516535759 0.1965963393449783 1.890343554317951 2.646459996700287 0 0 0.1968707889318466 0 0 0 0 0 0 0 0 0 0 0 0 0 0 0.3258186876773834 0 0 0.7919094115495682 0.1424863189458847 0 0.2086928337812424 0.5098778307437897 0.1555698662996292 0 0.3973875194787979 0.7723335325717926 0.1195981502532959 0 0 0 0 0 0 0 0.185703456401825 0.4968505352735519 0 0 0 0.3058877885341644 0 0 0 0 0 0.1251944452524185 0 0.6628372371196747 0.5256808549165726 0.4330469816923141 0 0 0 0 0 0 0 0.2585271000862122 0 1.69953914731741 1.192489460110664 0 0 0 0.1403049528598785 0 0.6429239511489868 0 0 0.1831466406583786 0 0.2353206276893616 0 0 0 0 0 0 0 0 0.1384954899549484 0.4157255589962006 0.1601132899522781 326.967220954597 0.2814691960811615 38.28128416836262 2.817330621182919 811.0987471863627 5.530146069824696 0.3507900089025497 1.339817017316818 13.39919659495354 0 0.3778189122676849 0.6411443948745728 1.968031749129295 0 0 0.2042975127696991 4.688462227582932 0 107.3417313843966 1.430266633629799
2258.155596315861 2814.455703713 1028.264576360583 3069.4334166646 1144.557992100716 187.7147165313363 2762.38636726141 42.03604385256767 388.4600638523698 3302.992353767157 277.2888692170382 346.6098126843572 2860.950238078833 1247.679918289185 79.21532472223043 1.900293618440628 1.486704744398594 0 0.3039116710424423 1.074919998645782 0 0.1475199013948441 0 0.0974997878074646 0 0.4963212087750435 0.2017043679952621 0.1204234063625336 0 0 1571.018916837871 11.72649536281824 25.70599709451199 0.3793098330497742 0.1870329082012177 0 24.12764217704535 1.454535841941833 2.116229690611362 0.7208728939294815 0 0.1002230942249298 0.7312511503696442 3.967009499669075 0.3414267525076866 0 329.3957501873374 1.911357097327709 0.385133296251297 1.383207723498344 0.2060558199882507 0.4634622633457184 0.6785840168595314 0.443122997879982 28.76745852082968 20.84772257506847 128.6875317171216 1229.130481794477 232.0769054219127 393.7915457114577 1.330796293914318 9.59084078669548 0.2057498767971992 876.9390086382627 15.01680764555931 2.695683412253857 0.4855051562190056 0.3938507735729218 0.8711123391985893 1.52824217826128 32.53345854580402 3.022800654172897 0 656.4470027238131 121.4299729540944 475.3164641261101 102.6388644054532 23.20168745517731 3.512168899178505 46.89814535528421 4.165056638419628 10.11765574663877 51.99516175687313 0.1290503144264221 3.263647750020027 10.25220835208893 3.299672581255436 0 2.175253786146641 0 0.5056314244866371 0.2941743731498718 1.197321243584156 0.4678698256611824 0.3129553347826004 35.2819095775485 2.539287395775318 1.116141021251678 1.045130357146263 647.5479631125927 0 1.332136780023575 0.5068295150995255 0.628206193447113 1.471667274832726 11.44487819820642 0.7527388632297516 1.590168789029121 17.86741608381271 5.142036512494087 3.635768309235573 5.953878551721573 14.84907426685095 13.78306361287832 3.764065250754356 0.3768180161714554 1.404078349471092 0 0 0 0 0 0 0 0 0 0 0 0 0.2826439440250397 0 0 0.34679314494133 0.1481647491455078 4.173245511949062 0.7992880344390869 0 0.176487147808075 0.214852049946785 8.731463722884655 1.016704171895981 4.832643002271652 0.7396394163370132 1.654223769903183 0 0 0 0 0.1200719997286797 0.1446294486522675 0 0 0.2907485961914062 0 0 0 0.346218928694725 0.1886245757341385 0.1007434204220772 0 0.1074167639017105 0.5436307191848755 0.4321455359458923 0.1012688651680946 0.3189986646175385 2.210669741034508 7.93819485604763 1.690899431705475 0 0 0 0.1051763072609901 0 0 0 0 14.06129773706198 0.5301421582698822 0 0 0 2.830150336027145 0.9667845368385315 9.618608601391315 0.2974921464920044 0.8018981516361237 0.3997958227992058 0.9365915581583977 0.2593634724617004 0 0 0 0.3531328439712524 0 0.1100467294454575 0 0.1047758162021637 7.746991328895092 4.586874917149544 5.433505952358246 1063.952206268907 12.28791194409132 695.9184410125017 92.67812000215054 1420.536744102836 194.2373441383243 5.182055339217186 92.84812907129526 30.46136477589607 0.2240194156765938 0.3303124755620956 1.33044745028019 16.18676572293043 0.5804093331098557 0.2098439186811447 0.3920411914587021 5.65232889354229 0 349.3047640696168 16.12622237950563
644.0937023162842 1028.264576360583 766.4991869404912 161.9834358096123 1120.721611000597 25.87809129059315 83.24761374294758 3669.176041595638 393.5894268378615 321.8874369412661 3148.157360091805 206.186618745327 572.3853758201003 967.4208638966084 30.09814894199371 5.577089548110962 1.291261605918407 0.3265749365091324 0 0.4411117881536484 5.803976848721504 0.1970312893390656 2.556616723537445 0.9514724910259247 0.1052165403962135 0.2701578438282013 0 0.3680707216262817 0.1020522192120552 0 3482.319582924247 53.8388944491744 152.0596540868282 0 0.4053231030702591 0 60.60703106224537 1.042136415839195 3.589150920510292 0.9882807582616806 1.524806186556816 1.034475520253181 3.255381554365158 3.47507680952549 0.1565038561820984 1.599596612155437 73.27908198535442 0.743907056748867 0.138811782002449 2.492142669856548 1.553799249231815 1.63247475028038 1.030257925391197 0 6.082908913493156 3.353752829134464 35.48692535609007 461.5069763213396 46.0102207660675 71.18631216138601 5.565572693943977 15.8027725815773 1.85878312587738 560.5154285430908 2.825799643993378 0.8906883150339127 2.469773106276989 0.9749885648488998 8.991949267685413 5.871328517794609 95.92931140959263 4.946470871567726 0 133.387736774981 34.95718465000391 114.9828259646893 45.36102133244276 22.90711108595133 18.8966628909111 1158.257023431361 2.768805153667927 108.0755667164922 11.2274129614234 0 1.121500343084335 3.208310350775719 4.818604663014412 0 0.8734540864825249 0.7479092925786972 0.3858320042490959 0.6828738749027252 10.05380526185036 0.4472628831863403 3.235625416040421 24.70964385569096 5.94283102452755 2.781933069229126 7.058837883174419 98.28412915021181 0.6844789683818817 0 0 0 0 0.9340217411518097 0 0.7804481387138367 1.321792438626289 0.7022672593593597 0.4883165061473846 1.68774351477623 3.644270285964012 4.183200180530548 1.510963544249535 0.1138822585344315 0.4962322413921356 0.2422496378421783 0.3612242937088013 0 0 0 0 0 0 0 0 0.4279545620083809 0 0.4297973141074181 0 0.378955751657486 0 0.5121292769908905 1.952382981777191 0.6080014556646347 0.1466304957866669 0.2917994260787964 0.2098189741373062 4.465205371379852 0.514396607875824 3.192261949181557 2.160674162209034 2.111875288188457 0 0 0 0 0.4185446053743362 0 0 0 0.1256419122219086 0 0.2770209908485413 0.2141543477773666 0.7545143514871597 0 0.5824800729751587 0 0.09194460511207581 0 0 0 0.2368987277150154 1.841191217303276 3.26537998020649 0.1669889241456985 0 0 0 0.122901126742363 0 0 0 0.4707904160022736 5.408302500844002 0.612648144364357 0.3997479379177094 0 0.2359262257814407 1.77427613735199 1.868671923875809 2.463733091950417 0 0 0 0 0.1338190734386444 0 0 0 0 0 0 0 0 0.791843444108963 2.764754071831703 2.382829114794731 171.2732959836721 11.47201389819384 130.3995653316379 19.19832620769739 120.5365872904658 28.07577320188284 0.4816823750734329 28.09364146739244 8.340595163404942 0.4898528456687927 0.8652540147304535 1.030304312705994 1.088212892413139 0.6948124170303345 0 0 5.396791338920593 0 66.33403214067221 8.01348677277565
758.8969670459628 3069.4334166646 161.9834358096123 602.5218301862478 103.0591549798846 304.4833600223064 1233.310032650828 1.165852107107639 5.84309621155262 2305.317892082036 7.037937209010124 605.3419257104397 960.2302306443453 6.481479778885841 4.098745658993721 0 0.2473813742399216 0 0.1338742971420288 0 0 0 0.1232069060206413 0 0 0 0 0 0 0 77.01606919616461 0.3026208728551865 0.8137345612049103 0 0 0 0.7951488941907883 0 0.3865850865840912 0 0 0 0 0.1167777851223946 0 0.3096673786640167 19.48170299828053 0 0 0.286454439163208 0.1129183322191238 0.1083850413560867 0.144437849521637 0 3.407431341707706 1.462880045175552 15.02400003373623 125.6825288161635 23.13398517668247 37.11407551169395 0.2666036635637283 0 0 51.59308900684118 2.412951342761517 0.2361499965190887 0.2203244790434837 0.09910424053668976 0.1244906112551689 0 4.457466214895248 3.215248316526413 0.1889109164476395 68.04134098440409 6.157491952180862 31.94705881923437 3.79741358757019 0.6735410541296005 0.364737868309021 0.607019305229187 0.1230334639549255 0.447046123445034 5.624081619083881 0 0 0.8231029063463211 0.2072940170764923 0 0.1091477125883102 0 0.09983021020889282 0 0 0 0 12.1578430980444 2.197802767157555 0 0.6864005327224731 172.1081362068653 0 0.9773409217596054 53.88634419441223 98.28827866911888 0.5139633417129517 77.32518089562654 31.29543507099152 8.822575286030769 120.3339458554983 47.58753401041031 0.8114541471004486 44.98816549777985 157.6493981927633 16.12780073285103 0.5707452893257141 0 0 0 0.1361621767282486 0 0 0 0 0.4210084080696106 0 0.113709919154644 0 0 0 0.7404384315013885 0 0.2549241185188293 0 0.222770519554615 2.408376201987267 0 0 0.1508366167545319 0 1.233779832720757 0.4715875387191772 0.4388201311230659 0.520892322063446 0.3999829068779945 0 0 0 0 0 0 0.4010651409626007 0.1724925339221954 0.7372088432312012 0 0 0 0.2093096226453781 0 0 0 0 0.4160625115036964 0.9054107218980789 0 0 0 1.78049910068512 0.5744251906871796 0.1863756030797958 0 0 0 0 0 0 0 4.954763561487198 0 0 0 0 0.7919781506061554 0 1.336681842803955 0.5776003450155258 0.1723146587610245 0.1778611689805984 0.3560058772563934 0 0 0 0 0 0 0 0 0 6.557199105620384 0 0.5690663456916809 390.7266039699316 0.9694851562380791 48.91198091208935 5.002283930778503 1072.549094326794 10.67865041643381 0.8762570321559906 3.832318179309368 16.24008896946907 0 1.748626127839088 0.306390106678009 11.10650330781937 0.341637521982193 0 0 0.2910537421703339 0 58.3715790361166 3.344454243779182
50.21828578412533 1144.557992100716 1120.721611000597 103.0591549798846 2116.35677177459 14.59027998149395 1657.242820851505 430.502360239625 4893.100215122104 507.290842153132 2370.304898902774 257.3239201903343 2397.630299173295 5712.723254911602 39.12540458142757 3.446993485093117 0.7909432351589203 0 0.5446480512619019 0.2189264670014381 0.1357161700725555 0 0 0.08255453407764435 0 0 0 0.1256429553031921 0 0 127.0258327499032 8.863371290266514 28.13926562666893 0 0 0 27.67122887820005 1.8990877866745 1.493530593812466 1.52435003221035 0 0 0.2745817303657532 1.16852156072855 0.4134396761655807 0.4398573189973831 91.33478308469057 0.6120405420660973 0.1169775202870369 0.4904497861862183 0.1428599059581757 0 0 0 2.372983433306217 1.820287927985191 6.46518263220787 61.61112303286791 10.18013284355402 50.31637644022703 0.5155118778347969 11.84863676130772 0.255968376994133 116.3069848716259 1.681667827069759 0.2169053927063942 0 0.1385559290647507 0 0.3411809802055359 34.91600653529167 0.3618321120738983 0 47.7006918117404 16.873844653368 101.7852763459086 51.47392760962248 21.05315957218409 0.8016241863369942 17.45842607319355 1.721394084393978 6.741240993142128 4.860483452677727 0 0.2202624082565308 1.656452365219593 0.386455774307251 0 0.2211407124996185 0 0.2040186896920204 0 0 0 0.1878862231969833 29.87708197534084 5.324533700942993 0 2.060765907168388 5.528339423239231 1.454034060239792 0.1818605065345764 1.018696814775467 0.6062796264886856 2.598923206329346 6.87290396541357 1.851745620369911 1.695833519101143 4.388639762997627 6.092506445944309 4.056699767708778 4.394600987434387 15.80446447432041 19.54434109479189 6.177441231906414 0 0.3985452950000763 0 0 0 0 0 0 0 0 0 0 0 0 0.08848424255847931 0 0.2192053645849228 0 0 7.735412895679474 0.8752153515815735 0.1929670125246048 0.5055554509162903 0.3056238293647766 12.60244140774012 0.9319215714931488 7.906052961945534 0.2873733937740326 1.424577333033085 0.2662404179573059 0 0 0 0 0.324792891740799 0 0.1167207136750221 0.9164055436849594 0 0 0 0 0 0 0.2472376227378845 0 0.9745789617300034 0.3377471268177032 0 0.3053165078163147 0.7767784297466278 15.14744874835014 4.337987899780273 0 0 0 0 0 0 0 0.1833731532096863 23.78786170482635 0 0 0 0 4.755890294909477 1.524981737136841 6.299209117889404 0.3257717192173004 0.9327765852212906 0.5123472735285759 0.1371400654315948 0.2773866355419159 0 0 0 0 0 0 0 0 11.24090538918972 6.858367040753365 6.400694996118546 408.7178553640842 6.747881174087524 189.2946042343974 33.182820931077 84.65742568671703 57.55496133118868 0.6519593596458435 55.42390301078558 41.1396071985364 0.2327383607625961 1.378094524145126 0.1644928008317947 10.95220217853785 0 0 0.3800317943096161 6.87586498260498 0 82.61359643936157 23.23618534207344
16.95831897854805 187.7147165313363 25.87809129059315 304.4833600223064 14.59027998149395 9.199437439441681 30.09023846685886 1.314480140805244 1.180214405059814 177.8861073851585 4.12631157040596 81.94530940055847 39.28640112280846 7.143052384257317 1.545079186558723 1.65245920419693 0.2582961469888687 0 0 0 0 0.8955343067646027 0 0 0 0 0 0 0.4000632241368294 0 6.739901453256607 0 17.50589215755463 0.3607378005981445 0 0.1745869070291519 27.62703895568848 2.38717032968998 2.777997404336929 0.1031572073698044 0 0 0 0.8296397775411606 0 0 0.6876957267522812 0 0.5096378326416016 0 0 6.974714651703835 0.504953145980835 0 0.2374135553836823 0.2519051730632782 38.70734448730946 56.87256102263927 4.285275749862194 1.427271902561188 4.229350000619888 9.654558107256889 0 2.348055429756641 0 0 0.1847094595432281 0 0 0 166.0655890628695 214.8468287214637 14.0275698825717 8.642764300107956 0.1569589078426361 1.810582011938095 0.6625971421599388 0.2611003369092941 0 10.7510969042778 0 7.28117910027504 0.4954149425029755 0.5936221033334732 0 0.2117203325033188 0.3325857743620872 3.071636073291302 3.062863156199455 11.91363743692636 1.347366027534008 4.585243739187717 0.294746071100235 0 1.738904848694801 96.57252542674541 132.6964663118124 12.04885756969452 57.86294843256474 104.2447687536478 0 0 0 0 0 0.1587350964546204 0 0 1.201107516884804 0.1425279825925827 0.2911278158426285 0.1391887813806534 1.136559531092644 0.6556988954544067 0 0.1154155507683754 0.9407498314976692 0.1591536849737167 0.8227237239480019 0 0 0 0 0 0 0 0.1539220958948135 0.3487467467784882 0 0.9213890880346298 0 2.061900317668915 0 0.8818002268671989 0 0.3326334357261658 0.3363294303417206 0.5824743583798409 0.2851871401071548 0.5391111895442009 0.1149596273899078 0.3429610356688499 3.362540505826473 2.993301138281822 0 0 0 0 0.3069933205842972 0.9470283538103104 0 0 0.1260760426521301 0 0 0 4.817871406674385 0 0 0 0 0 0 0 0.3598406761884689 0.1229149326682091 0.2662971019744873 0 0 0 0 0 0 0 0 0 0.66171695291996 8.28819777071476 0 0 0.1175352036952972 0 0.1808712333440781 0.7024168372154236 0 0 0 0 0 0 0 0 0 0.1616889536380768 0 0 0 0.3618950396776199 7.917479187250137 2.620902292430401 47.70969135314226 0.5330459326505661 6.259807974100113 1.656915128231049 207.6988166868687 2.732017762959003 0 0.301255390048027 3.649976037442684 0 0.1163548529148102 0.1228456199169159 1.117431029677391 0 0 0 0 0 34.24248871952295 0.9156920909881592
56.22189310193062 2762.38636726141 83.24761374294758 1233.310032650828 1657.242820851505 30.09023846685886 837.0678944215178 13.39991997182369 1532.856953345239 4971.69656984508 349.4737238511443 1047.232482008636 7004.363272458315 3167.420223481953 73.74903416633606 5.102233320474625 1.83919669687748 0 0.3514191806316376 0.1116097494959831 0 0 0 0.1135083585977554 0.2556025981903076 0.3754017129540443 0.09548503160476685 0 0.2300281897187233 0 145.4257485643029 3.822932921350002 28.33668697625399 0 0 0.1858694553375244 25.14886721968651 3.288395404815674 1.066673308610916 0.1077933683991432 0.548062652349472 0.1180356293916702 0.5691496878862381 1.815837115049362 0.3765021488070488 0.4748968333005905 202.6338951438665 0.8872357532382011 0.4663336724042892 1.136731401085854 0.2131799980998039 0 0.1017535924911499 0.2667693197727203 7.074506230652332 6.107902534306049 19.21992398798466 137.025436796248 37.85218967497349 128.9029944166541 2.053462646901608 22.31474749743938 0.3006598353385925 246.8674954399467 4.033110156655312 0.3920610845088959 0.1439670920372009 0 0.2382094189524651 0.1153915226459503 47.4782999753952 4.019497245550156 0 149.4190669134259 38.54524982720613 234.2552396208048 89.98596975207329 29.66397012025118 3.746564380824566 15.10482227802277 1.336752951145172 11.66977670043707 15.28757917881012 0 0.9957349672913551 2.256820760667324 1.461813449859619 0 0.3557212874293327 0 0.5863329693675041 0.1151295602321625 0.6872851550579071 0.2275677621364594 0.5946516469120979 68.96061101555824 9.311159268021584 0.2511157765984535 6.449763849377632 13.24380468577147 2.451789110898972 4.896863609552383 30.68091231584549 18.5248037725687 6.672117374837399 84.31692249327898 10.01955339312553 4.975143507122993 75.27163887768984 44.6882299259305 9.53350143134594 69.17903855443001 57.6490243524313 46.00861521810293 17.19208271056414 0 0.6624229550361633 0 0 0 0 0 0 0 0.256030797958374 0 0 0.100451335310936 0.3391112387180328 0 0 0 0 0 15.2034060433507 2.363133296370506 0 0.7429731786251068 0 27.40807580947876 1.882613718509674 16.22470137476921 3.303263127803802 1.192082107067108 0 0 0 0 0 0.487802654504776 0 0.8006516247987747 0.9447654858231544 0 0.2190753668546677 0 0 0 0 0.1210921406745911 0 1.403584696352482 1.715933114290237 0 1.687030255794525 2.108443066477776 34.46516601741314 11.47460020333529 0.424208790063858 0.09590563178062439 0 0 0 0 0 0 53.21283663064241 0.5635987520217896 0 0 0 8.605069547891617 2.044969663023949 20.17093819379807 1.884646885097027 2.061626151204109 1.698615789413452 0.1440442949533463 0 0.2572381794452667 0 0 0 0 0 0.1538529992103577 0 25.27241928130388 14.63808263838291 11.31927732378244 1036.41817843169 13.54801662266254 431.5133939906955 81.99618048220873 367.2585364803672 163.2245774567127 1.20490936934948 100.5621662288904 82.95635470747948 0.2335446625947952 6.961113348603249 3.679760374128819 43.09379661828279 2.398954316973686 0.1802466660737991 0.7044758051633835 1.998491421341896 0.2994872629642487 223.9768962487578 64.78672278672457
10.88854542374611 42.03604385256767 3669.176041595638 1.165852107107639 430.502360239625 1.314480140805244 13.39991997182369 2087.877989724278 283.7497560307384 2.624926224350929 4814.573544614017 65.67414504289627 215.0323177650571 617.7134364023805 43.38614776730537 11.2311020642519 3.835238121449947 1.05897618830204 1.530356347560883 6.870704963803291 13.81536304205656 0 8.601286679506302 2.616925612092018 0.472440741956234 1.016130894422531 0 0.524636298418045 1.383026272058487 0 2524.790001221001 1804.807390637696 96.74969232082367 5.537609845399857 2.559245362877846 0.7786671668291092 28.64070823788643 1.533722564578056 2.308212667703629 0.6134842485189438 2.60756154358387 3.791780650615692 28.35899472236633 9.429883070290089 0.7757309079170227 14.41141818463802 86.02494936436415 1.986989036202431 0.7121226787567139 15.36725518852472 2.826194263994694 2.006481677293777 0.1053774878382683 1.885201252996922 0.9372828006744385 0.7369420677423477 4.312722243368626 165.1028795614839 6.989552848041058 28.25809863954782 53.99375159293413 28.37941199541092 18.03471278399229 746.8360196128488 0.5253219977021217 1.351945534348488 3.059686340391636 2.024186260998249 32.73167101293802 30.46500971913338 43.40867450833321 3.732733830809593 0.5507491827011108 32.66606618463993 21.30133663117886 90.12618063390255 97.89964003115892 111.6711054071784 2127.014677911997 3913.680297382176 26.12858957052231 2524.525855310261 2.702614776790142 0 1.504998788237572 0.5244460478425026 18.40592063963413 0.1914061456918716 1.991381861269474 0 2.397246859967709 1.639975987374783 27.79274414479733 2.970764800906181 10.76668371260166 15.42720805108547 5.512761518359184 0.7912502288818359 3.027216583490372 4.749345734715462 0.4458555281162262 0 0 0 0.3772732615470886 0 0 0 0.6834032833576202 0 0.6623169481754303 0.1588611751794815 0.4873143136501312 1.791708663105965 0.1189513877034187 0 0.6054103001952171 0 0.2062092125415802 0 0 0 0 0 0 0 0.3426139280200005 0.5558250099420547 0 0 0.235696941614151 0.4889931008219719 0 0 0.1291037499904633 0.3974677324295044 0 0.9205809012055397 0.1232044324278831 3.375185340642929 1.142303548753262 2.477443143725395 2.005353093147278 2.272332295775414 0.1783283948898315 0.3615867346525192 0.7156330719590187 0 0.4502335041761398 0.3046942800283432 0 0.3009121716022491 0 0 0.4066644459962845 0.3939177244901657 1.690551429986954 0.4929585605859756 0 0 0 0 0.1395820826292038 0 2.194120824337006 1.668192431330681 3.739349111914635 0.9759927690029144 0 0 0.2595766261219978 0.1144867464900017 0 0.137815922498703 0 0.2053467780351639 2.72955459356308 0.9855461269617081 0 0.2735631167888641 1.247038602828979 0.78825843334198 0.1889954954385757 3.006532251834869 0 0.1610164195299149 0 0.1798102706670761 0 0 0 0 0 0 0.4531511664390564 0.2137426435947418 0 0.3685059249401093 1.060086250305176 2.065041206777096 154.7761097252369 15.85642633587122 130.2176652550697 28.07729421555996 20.14795407652855 32.81923782080412 1.115269973874092 18.29104635864496 2.61630817502737 0.6293882578611374 0.621185690164566 0 0.819490522146225 0.6105190515518188 0 0 0 1.406717240810394 17.5335802808404 1.76415342092514
1.967114254832268 388.4600638523698 393.5894268378615 5.84309621155262 4893.100215122104 1.180214405059814 1532.856953345239 283.7497560307384 1253.391697734594 90.86195614933968 805.1187648698688 95.1265232115984 1535.023944661021 2382.062541536987 40.17365901172161 4.909854136407375 0.9326989501714706 0 0.32296472042799 0 0 0 0 0 0 0 0.1622993946075439 0 0 0 38.82690224796534 2.730123907327652 30.32587503641844 0 0.1413627713918686 0 19.36480090022087 1.271008916199207 1.610077179968357 0.2190893143415451 0.2675182819366455 0.2747125178575516 0.1212251111865044 1.698602184653282 0.3745834976434708 0.2576939314603806 79.94593286514282 0.7576237991452217 0 0.5314808785915375 0.2160858809947968 0.1881329566240311 0 0 0.9747096449136734 0.7982720509171486 1.759084686636925 15.33897913247347 2.91303825378418 27.52064212411642 0.3902573436498642 14.76302379369736 0 55.65058582276106 0.5362492650747299 0.09388883411884308 0 0.103273443877697 0.3659004271030426 0.6048109233379364 19.52548442780972 0.434192880988121 0 23.042953312397 8.623520031571388 79.50679451227188 52.4560806453228 22.41390769183636 0.4329201281070709 20.50731301307678 1.188200354576111 7.585326038300991 2.698309347033501 0 0.2286834791302681 0.2311563789844513 0.4828784540295601 0 0 0 0.1083915531635284 0 0.2627716809511185 0.0888180211186409 0.7695817053318024 21.57493308186531 8.422683775424957 0.1573964357376099 3.668379962444305 0.5510902255773544 1.492799162864685 1.033952742815018 1.236628368496895 0.9462113678455353 3.240894913673401 10.09958383440971 1.830223351716995 1.726275041699409 10.29806466400623 4.398159682750702 2.371752329170704 7.107396058738232 22.94517797976732 21.00443628430367 7.435014866292477 0.4724615588784218 0.5602932423353195 0 0 0 0 0 0 0 0 0 0 0.2405002117156982 0 0 0 0 0.2434249371290207 0 4.577120959758759 1.578599967062473 0.518778920173645 0 0.3451882004737854 14.81256435066462 1.006663411855698 7.075398400425911 0.7498941048979759 1.997819267213345 0 0 0 0.4667567759752274 0.1474179923534393 0 0 0.7091737240552902 0.583021491765976 0 0 0 0.1037055850028992 0 0 0.1343942731618881 0 0.2684474810957909 1.556354805827141 0.1230430826544762 0.5110541731119156 2.401973098516464 15.5284102410078 4.07498000562191 0 0 0 0 0.1752018332481384 0 0 0 24.5772926658392 0.9949377775192261 0 0 0 5.774017229676247 1.913408294320107 10.85726211965084 1.02956610918045 0 0.4756355285644531 0.1031956821680069 0 0 0 0 0 0 0 0 0 13.7462340593338 7.142010062932968 5.660340711474419 411.7903682366014 4.505376875400543 164.3244252130389 35.93409706652164 66.51090974360704 55.3512564972043 1.037821516394615 67.2279991954565 35.43772042542696 0.2379714101552963 1.574866391718388 0.6574305891990662 16.36716078221798 0.8985699117183685 0.1910939365625381 0.7419125139713287 0.3284973800182343 0.2436416149139404 66.07627577334642 24.97875438630581
258.0780446901917 3302.992353767157 321.8874369412661 2305.317892082036 507.290842153132 177.8861073851585 4971.69656984508 2.624926224350929 90.86195614933968 2012.811915487051 35.41695658862591 3057.328056842089 6085.617052406073 112.8457204774022 18.40614611655474 0.886369563639164 0.7495679706335068 0 0 0.2173627614974976 0 0 0 0 0.2906458973884583 0 0 0.1314464509487152 0 0 121.5984790697694 2.067322745919228 41.71478042006493 0 0 0 66.34104350209236 10.32813550531864 1.499928280711174 0.3742424547672272 0.1980019807815552 0.5363354086875916 0 0.2914988249540329 0.1907890886068344 0.1318148672580719 64.16891109198332 0.2575812190771103 0 0 0 0.5588029772043228 0.5011952742934227 0 2.87609501183033 2.744107134640217 21.73978427797556 104.7726430818439 29.52657824009657 44.74523090571165 0.6336670815944672 40.25911623239517 0.3040665686130524 80.74663579463959 0.9882286190986633 0.1045252978801727 0.1187108159065247 0.3681121468544006 0.3284533321857452 0 192.9461129754782 11.42580324411392 0 78.27905541658401 12.11002194136381 62.24077109992504 16.81055250018835 3.549028031527996 0 23.11389914155006 0.4012397676706314 10.31817062199116 6.565036483108997 0 0.9463600367307663 1.489589869976044 0.5577921867370605 0.3110099583864212 0.4604135602712631 0.5842584446072578 0 0.4903239011764526 0.2706219553947449 0 0.4286162853240967 375.9751002043486 42.97572988271713 0.2482030540704727 16.38628071546555 108.322553306818 3.954520955681801 4.195071712136269 11.92074555158615 7.079035341739655 10.28786979615688 73.93418174982071 7.261523455381393 18.01013803482056 63.72018972784281 43.90839287638664 18.16407279670238 91.98239807039499 154.9205880463123 93.85436279326677 24.08333084732294 0 0.2825695276260376 0 0.3981853947043419 0 0 0 0 0 0 0 0.131771132349968 0 0.3720066696405411 0.42654649913311 0 0.4981201440095901 0 0.1082836464047432 29.41620402038097 2.266435541212559 0.8316197395324707 0.1154249310493469 0.1884580701589584 49.07547065615654 2.969495505094528 27.42583109438419 3.63064032047987 2.090070828795433 0 0.1738340705633163 0 0.6610876321792603 0.8790192455053329 2.823982179164886 0 0.2102508246898651 2.000247642397881 0 0 0 0.6968353241682053 0.2591052949428558 0.4619406759738922 0 0 1.735011331737041 3.463396511971951 0.5766562074422836 2.818404033780098 0.9193294942378998 43.22733204066753 8.644393928349018 0 0 0 0.1820835322141647 0.1459481716156006 0 0 0 95.99042023718357 0.342572420835495 0.126263439655304 0 0 17.20787930488586 2.101625040173531 32.795983299613 2.474518202245235 3.924497812986374 3.777608431875706 0.2508206218481064 1.158680707216263 0 0 0 0 0 0 0 0 51.10683638602495 26.60539122670889 18.84904032945633 1941.56960105896 5.515785165131092 170.3043640777469 34.29140000790358 1272.733735822141 92.47828853875399 1.337548404932022 69.34078607708216 231.9992811605334 0.4863603115081787 5.949461929500103 1.870345450937748 98.14490874111652 0.6157392859458923 0 0.4504267871379852 4.298658594489098 1.238810300827026 432.4279270544648 114.4495414048433
20.00983957946301 277.2888692170382 3148.157360091805 7.037937209010124 2370.304898902774 4.12631157040596 349.4737238511443 4814.573544614017 805.1187648698688 35.41695658862591 3642.98216855526 372.3026039600372 3082.020786985755 2787.113359443843 71.52538481354713 19.96366760134697 3.811825186014175 0 0.5337279364466667 1.581785947084427 9.500991627573967 5.095939695835114 5.751223504543304 3.729612231254578 1.320485338568687 4.755583986639977 0.9284349083900452 0 2.46058015525341 0.5418186485767365 519.9485835582018 29.58331456780434 1152.999062165618 2.948740571737289 4.329589739441872 1.278799340128899 347.301005281508 23.39546594023705 11.30730912089348 5.186089754104614 8.308643236756325 7.229749172925949 5.775718942284584 11.37546884268522 2.866277024149895 6.458105407655239 88.04982192069292 1.539965651929379 0.9842795878648758 4.685562878847122 4.260436333715916 9.847918152809143 3.234631940722466 1.243303388357162 3.048806443810463 1.401822708547115 2.786968290805817 53.74624699354172 7.726701401174068 32.25266072899103 6.535653673112392 216.4481113553047 5.054350167512894 120.2184856086969 0.3031323552131653 1.915933817625046 4.037625581026077 4.142130516469479 25.18374721705914 12.60831435024738 209.4318047761917 10.1928203701973 0.9985147565603256 30.07705717533827 12.4947252497077 102.097776979208 84.03861400485039 47.88349012285471 35.11399459838867 1849.741352267563 5.392594449222088 144.0103627666831 2.244759656488895 0 1.383027620613575 2.867937110364437 6.227499671280384 0.3391340374946594 1.751008041203022 2.447392880916595 2.787960708141327 4.267729632556438 19.69234103709459 2.897321946918964 9.941415205597878 80.854776494205 16.72184924781322 5.879587113857269 14.92698210477829 8.642959348857403 0.3683408498764038 0 0.3820265829563141 0 1.431400924921036 3.31093967705965 0 0.9452444016933441 2.868352726101875 2.142096847295761 2.128685936331749 1.971546709537506 9.357809476554394 9.839943781495094 4.025163374841213 0.7536533549427986 1.924066454172134 0.2239304557442665 2.382633402943611 0 0 0.3237281441688538 0 0.421747662127018 0 0.1402045488357544 0.2636725455522537 2.537141911685467 0 2.348986364901066 0.563237190246582 2.986203610897064 0.8189995437860489 1.405381828546524 3.85429547727108 0.122899241745472 0.5067007020115852 4.15938538312912 1.017801389098167 14.90881389379501 1.358374647796154 9.916657038033009 7.931414686143398 6.085064180195332 0.2215567529201508 0 0 0.4283019304275513 1.528794273734093 4.255094729363918 0.1607533693313599 2.265840515494347 0.3935826793313026 0 0.131026491522789 0.9749024510383606 4.998527623713017 1.211954727768898 0 0.2582316398620605 0.485494464635849 1.145028002560139 0.306361086666584 0 6.552472732961178 6.784212596714497 15.02947106957436 3.536414556205273 0 0 0 0 0.258977971971035 0.1228040978312492 0.1032239645719528 0.4279859215021133 16.38731770962477 3.057025268673897 0.1508586555719376 0.1217806786298752 0.4157624691724777 3.6045241355896 1.613658227026463 11.6945279315114 0.5577891170978546 1.384150274097919 0.6991706192493439 1.166482426226139 0.5085155963897705 0.1833643317222595 0 0 0 0.2891064882278442 0.2922372594475746 0 0.2784896492958069 6.797747492790222 15.52329638600349 13.09483464807272 355.532692886889 16.43656123429537 200.8188770338893 46.95923261344433 37.54665125161409 49.72933739423752 0.3140985518693924 66.33897481113672 21.19435802102089 0 1.520239010453224 1.408353015780449 4.5721505433321 0.885336697101593 0 0.1525629013776779 1.262408316135406 0.2262839525938034 57.20841548591852 17.2155197262764
4.143313765525818 346.6098126843572 206.186618745327 605.3419257104397 257.3239201903343 81.94530940055847 1047.232482008636 65.67414504289627 95.1265232115984 3057.328056842089 372.3026039600372 169.5978578776121 1281.217461377382 162.6544983163476 55.20285978168249 17.1363303437829 2.870838567614555 0 0.1292805820703506 0 1.781680837273598 2.832117259502411 1.474026545882225 0 0.3375186547636986 0.4429415017366409 0.3228417634963989 0.2086591124534607 0.9972019195556641 0 11.16363067179918 1.894606396555901 73.54371459782124 0.1762336492538452 0 0.1497422009706497 100.3170435875654 4.539939627051353 4.047219589352608 2.203707210719585 0.7666898816823959 1.759383261203766 2.055867061018944 4.104870893061161 0.4041880741715431 1.598106116056442 54.16106612235308 0.2981021404266357 0 1.140352167189121 1.058657631278038 2.105813026428223 3.228613063693047 0.1453688889741898 0 0.5235941335558891 2.169981919229031 7.224714770913124 0.9698908627033234 10.67075905948877 3.327067039906979 29.59627392888069 1.03756394982338 31.7580481916666 0.1083523780107498 0.2038314566016197 1.702251136302948 0.8303080126643181 3.986920922994614 1.438036307692528 143.0452293679118 12.40282781422138 1.136575147509575 7.391953654587269 4.243480838835239 55.51635349541903 56.45817410945892 23.77508829534054 1.624047502875328 20.4704526886344 1.824613727629185 9.896746151149273 1.306593708693981 0.1672815680503845 0.2913591638207436 0.3192737251520157 2.193669609725475 0.8923487663269043 0.2249436676502228 0.9313374236226082 0.2570520862936974 1.748912118375301 3.114170596003532 0.3822929933667183 3.395133756101131 1112.215842783451 43.59123964607716 5.015778884291649 8.557385101914406 17.71964527666569 2.944349907338619 3.198523133993149 3.423978924751282 5.324025675654411 14.88712568581104 45.22693103551865 5.558874145150185 9.134345054626465 47.98689369857311 28.52615495026112 16.9228403866291 38.17034728825092 119.0537745133042 110.5894474387169 29.67957615852356 0.8455154076218605 2.397974200546741 0.1788498759269714 2.560782127082348 0 0.132489413022995 0.1320346742868423 0 0.4994214251637459 0 0.1476403921842575 0.5066853910684586 1.121033079922199 0.4565585255622864 0.6756485998630524 0.1541222929954529 1.807980976998806 0.5867417380213737 1.265017449855804 31.02232654392719 6.065664768218994 0.1424026042222977 2.432798832654953 0.8642328679561615 79.4489224255085 2.37663060426712 37.14437559992075 7.841932497918606 5.96005018055439 0.4857097864151001 0 0.1331646889448166 0.8285339623689651 0.5445073843002319 2.423116274178028 0 1.046686142683029 0.9777044579386711 0 0 0 3.10856556892395 0.2876665443181992 0 0.449687123298645 0 1.775428518652916 5.398533403873444 0.3712011203169823 3.980068176984787 5.576039828360081 51.51910255104303 14.54325275868177 0 0 0 0.1118951737880707 0.1085730418562889 0 0.1558516770601273 0.2620640695095062 127.0241291299462 2.387205481529236 0.2054875791072845 0 0.3481733798980713 27.67149844765663 5.27900392562151 41.48950849473476 3.470733158290386 3.780380442738533 5.597956165671349 0.3712392076849937 1.189765870571136 0.343779519200325 0 0 0 0.1068110466003418 0 0 0 62.91463405638933 38.70176555216312 30.97196402400732 979.9565403610468 7.885555066168308 134.3985666781664 48.94671423733234 564.9486656039953 37.85909280925989 0.5218830406665802 63.606286264956 167.0605512559414 1.035444110631943 7.73664315789938 3.170433647930622 79.26468101888895 1.990230515599251 0 1.828441843390465 0 0.3302267789840698 864.5844644904137 191.3893507793546
15.3740079253912 2860.950238078833 572.3853758201003 960.2302306443453 2397.630299173295 39.28640112280846 7004.363272458315 215.0323177650571 1535.023944661021 6085.617052406073 3082.020786985755 1281.217461377382 7585.487015403807 3867.929003179073 199.3853017687798 48.3927862867713 6.201978638768196 0.6735925152897835 1.257975652813911 1.581829622387886 5.084341138601303 4.112332329154015 4.028965570032597 1.896841645240784 0.5879097133874893 1.45951609313488 0 0.3828423768281937 2.670806467533112 0.5716272369027138 46.29058773815632 5.378007814288139 530.4997148960829 0.9307928681373596 1.085912808775902 0.6978937387466431 416.6980561465025 23.76043519377708 25.75003354251385 7.195449747145176 2.517667524516582 4.283774256706238 2.988449528813362 15.26627393811941 1.784505151212215 6.997815519571304 221.5508910864592 0.9282794147729874 0.583426296710968 5.297450438141823 3.422201000154018 10.79297599196434 6.526872001588345 1.497283294796944 3.010858573019505 2.050872445106506 2.712034046649933 21.46734917163849 6.528894186019897 62.79478584975004 8.87426021695137 81.55528809130192 2.070243209600449 128.005158059299 0.6946098059415817 0.9776806831359863 1.740531206130981 3.118094056844711 11.86937929689884 5.468713663518429 275.0761998966336 22.07576742768288 0.394680492579937 41.65494011342525 17.76640076190233 210.2288568019867 191.7750441357493 78.36272538453341 3.511269889771938 135.8583045229316 4.955306597054005 30.69368679076433 3.906667068600655 0 0.9121236205101013 1.240365974605083 8.121555432677269 0.09340894967317581 2.300743818283081 2.923343598842621 3.234956376254559 5.456170037388802 14.38502422720194 1.907310798764229 10.26312491297722 677.3536192774773 46.65759924054146 11.24972416460514 29.092080488801 14.33672604709864 5.68415954709053 4.832137152552605 10.34663937240839 7.190155640244484 21.03240440785885 70.6771028637886 8.276254832744598 21.21204905956984 69.94450754672289 36.22467113286257 26.30629780888557 66.65815917402506 147.8362506404519 140.2432830631733 40.7034614533186 2.63066677749157 4.731666415929794 0 3.491619110107422 0.1676128059625626 0 0.146678701043129 0 0.4901695251464844 0.3238197565078735 0.3951758295297623 1.0459154099226 2.950288154184818 0 3.029685378074646 0.3069029003381729 2.698863111436367 1.852496273815632 1.977716460824013 47.98227548599243 7.060401797294617 0.3527301251888275 4.453303061425686 1.973138049244881 96.6080636754632 6.726839408278465 50.29665856063366 15.83007385581732 11.48799296468496 0.4723819345235825 0.1125198304653168 0.1090524420142174 0.7039843499660492 4.720680601894855 5.102046929299831 0.2283159494400024 2.005926683545113 2.72197912633419 0.1296839118003845 0.3084596991539001 0 7.757894486188889 1.598025627434254 0 0.1366239041090012 0 2.538973666727543 5.889459259808064 1.047199428081512 8.309280350804329 12.71288079023361 90.21185698360205 21.70323610305786 0.3085727095603943 0 0 0 0 0.6326608657836914 0.1654746979475021 0.2138282656669617 175.8350801989436 3.906842224299908 0.4397567510604858 0 0.452398344874382 30.64839484542608 6.310038402676582 64.04743269830942 6.27122437953949 5.627697750926018 5.32600823789835 0.7615891844034195 3.21720615029335 0.2114062905311584 0 0 0 0.1801784485578537 0 0.3840661346912384 0.1797216385602951 78.71076165884733 62.76584002375603 49.9457051306963 1727.752671279013 25.94286447763443 544.909732311964 142.8575179353356 330.3507731258869 147.8535661846399 2.002976402640343 226.6945979073644 209.2595364302397 0.7718425691127777 16.22982630133629 4.649317041039467 84.87678188085556 4.027036622166634 0.4099182635545731 2.492684118449688 3.637579068541527 1.825397521257401 639.7141680270433 177.9462041929364
