347.1947766393423 3560.926912687719 605.040526561439 740.8394855260849 107.5582062453032 144.7071732282639 275.2098438516259 74.6387235596776 9.644951924681664 910.1138770729303 188.2076091095805 392.6901044547558 144.4128625094891 176.0310222357512 3.105095103383064 0.8928578943014145 0.4315546154975891 0.1070311516523361 0.2270183712244034 0.2327060997486115 0.4809764176607132 0.1554560512304306 4.418989382684231 1.859104685485363 4.595587879419327 0.3302120268344879 2.855907134711742 0.4882245138287544 0.1509068459272385 0.2014609724283218 958.8262897059321 19.45831248909235 47.84586423635483 1.441455252468586 3.348263941705227 1.479796379804611 22.78615156561136 3.257707014679909 1.400445863604546 2.503513775765896 2.146951124072075 1.224541857838631 0.09741782397031784 0 0.700855664908886 0.7752844914793968 20.30042326450348 0.4430127441883087 0.1176432892680168 0.9778860956430435 1.095945328474045 0.4872367307543755 0.2758541628718376 0.8867657408118248 7.824465297162533 13.254101164639 213.8939480409026 405.5803300663829 38.25556111335754 11.43392699211836 0.09010113030672073 1.887930735945702 0.1912608742713928 18.18404272943735 4.108144506812096 1.542077392339706 1.186304032802582 0.4841039329767227 2.140361629426479 3.392276436090469 19.23567583411932 19.64127716422081 0.8773084878921509 157.7785709053278 10.3560361713171 6.690055102109909 2.991370134055614 0.9494795128703117 1.064890190958977 57.78643588721752 0.2141605615615845 5.983294874429703 6.382106013596058 0.2450157552957535 0.2495881468057632 4.071120068430901 0.3413941115140915 0.3668573796749115 2.741178728640079 0.2887632548809052 0.8467604145407677 0.4319445267319679 2.923016376793385 1.214499481022358 1.08057327568531 150.6127317398787 8.542599946260452 0.1890673190355301 4.749526463449001 1269.433207578957 0.8983067348599434 0 0 15.85871297121048 0.2631061673164368 0.5575796961784363 0.8514455556869507 0 20.75780764222145 2.481913074851036 0.5837028622627258 2.465006366372108 6.600733980536461 5.111846044659615 1.244818076491356 0 0.123028501868248 0 0 0 0 0 0 0 0.1842638999223709 0 0 0 0 0 0 0 0.1945951879024506 0 0.9858720973134041 0.1515925228595734 0 0 0 3.226785190403461 0 1.852954387664795 0.4731767475605011 0.1308705806732178 0 0 0 0 0 0 0 0 0.2239988967776299 0 0 0.6787895858287811 0 0.3672447055578232 0 0 0 0 0.444350078701973 0 0 0 3.439506463706493 0.527300238609314 0 0 0 0 0.1163381710648537 0 0.1897262334823608 0 4.876095175743103 0.6957675218582153 0 0.4104193821549416 0.1044629216194153 0.1141176372766495 0 0 0.1986352205276489 0 0 0 0 0 0 0 0 0.1016119047999382 0 0 0.3167384266853333 6.47494599968195 3.177805453538895 1.505760982632637 86.78261230140924 5.947327390313148 78.66429772228003 3.277175605297089 561.4931828305125 10.45252020657063 0.6502691358327866 7.011247493326664 25.93273791670799 0.1230252087116241 1.143599472939968 0.1263638287782669 12.83966502547264 0 0 0 0.3584014177322388 0 172.778537042439 9.838830403983593
3560.926912687719 4255.614453740418 1530.327541477978 2476.7283654809 1630.177524492145 119.4018002301455 4389.780976615846 448.6688268557191 432.2109284251928 2584.104543358088 888.9070329293609 69.21574617922306 1113.258711472154 1170.439920730889 16.76311275362968 3.309359073638916 4.985815361142159 0.1447603404521942 0.4698998108506203 1.19085593521595 2.256212592124939 0.9135834649205208 9.978317320346832 7.338688723742962 12.19270146638155 0.5843643024563789 12.64058467745781 1.281284183263779 1.387761801481247 1.322007119655609 1549.140686988831 128.4677208214998 153.6586297601461 4.059123329818249 6.361692495644093 2.87922453135252 80.5038957670331 8.945205830037594 5.748863004148006 4.660173751413822 3.667235121130943 2.967313803732395 1.657614253461361 1.734891638159752 0.8566848114132881 0.8259243741631508 182.5615572482347 4.126619838178158 1.53900858014822 1.926105216145515 6.32548725605011 2.580631755292416 0.3612104058265686 2.261464826762676 31.13512451946735 54.39909189939499 350.3748888932168 541.8681731522083 123.2960009500384 85.59045380353928 1.664036326110363 6.970222242176533 1.010443314909935 198.6557093262672 29.77306240051985 7.104978047311306 3.985010154545307 3.575478479266167 4.585984721779823 12.72626643627882 38.78472878038883 7.810766659677029 0.1439507603645325 748.3530494719744 139.0087220594287 94.896519780159 25.01908577978611 3.930410705506802 4.839029438793659 159.453572101891 0.7921751961112022 14.61962189525366 37.68116241693497 1.460251770913601 2.70478568226099 28.20382728427649 0.6005727350711823 0.6021375432610512 11.48112689703703 1.421389624476433 7.51609443873167 2.127458117902279 8.382713600993156 3.511558316648006 2.876657865941525 132.0467133074999 8.569020323455334 1.928747415542603 5.282991901040077 2131.338588960469 1.530461460351944 0.106589213013649 2.322317570447922 40.25987994670868 0.1834251284599304 4.125946454703808 0.2958150953054428 1.301817134022713 92.62460568547249 9.301948331296444 0.7155131846666336 2.282366156578064 25.20462369173765 8.798388287425041 9.419674091041088 0 0.1792274862527847 0 0 0 0 0 0.2196220755577087 0 0 0 0 0.1560478061437607 0 0 0.1604499816894531 0 0 0 7.490582227706909 1.40485280752182 0 0 0 6.808403454720974 0 3.904703408479691 2.724827647209167 0.3653360158205032 0.3740805983543396 0 0.118987575173378 0 0 0 0 0 0 0 0 0.3449602276086807 0 0.9348369836807251 0 0 0 0.08733715862035751 1.24849709123373 0 0 0 6.750016063451767 2.880135759711266 0.1033590510487556 0 0 0.1632250249385834 0 0 0.2246420383453369 0.1418764442205429 19.18632230907679 0.4893273413181305 0.4802547544240952 0.8250777497887611 0.4822908937931061 2.399232402443886 0.2582841217517853 1.733817033469677 0 0.591942697763443 0.4107439815998077 0 0 0.3031566441059113 0 0.09502887725830078 0 0 0.2517374157905579 0.604589432477951 0.1478395611047745 20.25521200895309 7.837944708764553 5.501696929335594 637.4775952026248 37.71646927297115 691.7227691859007 26.30516621470451 463.425365678966 88.44144991785288 3.715513058006763 62.90164445340633 39.44976904988289 1.332155078649521 1.315608248114586 0 17.69349697232246 0 0 0 6.108618006110191 0.2397118881344795 178.5709730237722 17.05854740738869
605.040526561439 1530.327541477978 1923.350069500506 27.84355397522449 287.8370970860124 5.829904541373253 91.85426281392574 2017.912607073784 484.439435556531 29.19979927688837 2344.559897325933 51.78062977641821 787.5282872617245 1860.066780045629 23.4382539242506 4.904169775545597 3.373117454349995 2.327496752142906 0.2920474857091904 1.840574219822884 7.782684288918972 3.160575017333031 37.04832222312689 25.1232185959816 35.02738033980131 2.737160451710224 32.15206594020128 2.113638311624527 2.254361301660538 2.780094057321548 3337.031882457435 1489.31560934335 306.8201743066311 20.22733061015606 24.54831862449646 10.10637667030096 98.34056144952774 17.1544421389699 10.38802623003721 10.47603703290224 13.21972434222698 9.603664129972458 6.155551493167877 1.916530951857567 4.811976388096809 3.659389577805996 160.9117825180292 4.342449426651001 1.705893769860268 8.385866791009903 7.165528796613216 3.494240894913673 1.351051822304726 6.114443890750408 16.21494948118925 31.39396665245295 145.0558840855956 267.7737772464752 66.55784210562706 61.31532453000546 2.090569756925106 17.37473565340042 0.934233233332634 392.5222672373056 14.16499073058367 5.17443323880434 6.222737513482571 4.712007604539394 18.88761973381042 41.65222714841366 47.74671020358801 7.788668103516102 0 462.3451567590237 119.1306014321744 84.5407305508852 34.15726835280657 7.10909965634346 52.69597688317299 752.8636891618371 9.596783488988876 103.4119927361608 19.23454151302576 0.8641485571861267 3.627521127462387 17.81737610697746 3.609629340469837 0 7.361189797520638 0.5300078541040421 4.164625830948353 2.397554874420166 26.16096482425928 6.77401652187109 6.647983521223068 120.116384960711 8.810988545417786 1.229008808732033 7.076882995665073 460.9916609078646 1.991174042224884 0 1.01164373755455 0 0.1294427663087845 0 0.6317754983901978 0.6180148869752884 5.510681062936783 6.514904871582985 0.4781032204627991 2.362308502197266 23.92081213742495 5.08985461294651 7.286231487989426 0.09813674539327621 0.269324779510498 0 0 0 0 0.5904607474803925 0 0 0.3697799891233444 1.312446795403957 0 0 0.1024226024746895 0 0 0.5107925087213516 0.7188046276569366 0 5.949189327657223 3.745496660470963 0 0 0 5.250260323286057 0.5822869762778282 2.481561720371246 4.122879400849342 1.663874812424183 1.60256852209568 1.696078792214394 0.3072868138551712 0 0 0 0.3878222405910492 0 0.08876877278089523 0 0 0.7153965979814529 0.8787207007408142 2.60979849845171 0 0 0.195910707116127 0.2418230697512627 0.6153127402067184 0 0.7285439372062683 0 6.150817319750786 2.417713582515717 0 0 0 0.1403773427009583 0.200134314596653 0.09563790261745453 0.1349581182003021 0.6167066693305969 27.64627832174301 1.559452436864376 0.2621740624308586 0.7631827145814896 1.872464910149574 1.239264868199825 0.6006704270839691 4.213980928063393 0 0.2681574821472168 0.1390471011400223 0 0.1749605238437653 0 0 0 0.2135458141565323 0.5918285846710205 0.1291629672050476 0 0.08883127570152283 17.58234722912312 9.987922705709934 10.06270220130682 555.6867592185736 45.44428078830242 565.428215265274 26.73886048793793 65.29439464211464 68.36306546628475 2.264773197472095 44.23134036362171 29.40128228068352 1.065868958830833 3.202355667948723 1.094384297728539 15.05839191377163 0 0 0 6.386527642607689 1.138426229357719 94.69178637117147 21.17910082638264
740.8394855260849 2476.7283654809 27.84355397522449 468.2198097109795 140.1236783713102 352.8010232746601 883.2288932353258 1.270123906433582 87.56758649647236 4105.688500106335 1.945562340319157 1296.518634438515 505.0370444878936 5.919355243444443 0.367566779255867 0 0.6534862816333771 0 0 0 0 0 0 0 0 0 0 0.1255182176828384 0 0.1101149544119835 79.3703104108572 0.9817321747541428 5.338764756917953 0 0.09699880331754684 0 6.397718533873558 0.4791480749845505 0.9879116117954254 0 0 0 0 0 0 0.2005190327763557 14.93865123391151 0.2021158188581467 0 0 0.4524983465671539 0.1479284018278122 0 0 4.240293502807617 5.397197082638741 56.53987505286932 78.12934187799692 14.04248832911253 4.368671409785748 0 0 0 7.173755496740341 2.279922530055046 0.6929499506950378 0 0 0 0 8.144840389490128 13.40688289701939 1.108402863144875 75.07652684301138 8.801433898508549 6.001405850052834 0.4167759269475937 0.1150005161762238 0.1132414117455482 0.1404687911272049 0 0.1553142368793488 6.763691119849682 0 0.09557697176933289 1.927416779100895 0 0.317436084151268 1.534006506204605 0.3462895005941391 0.1093225702643394 0.1501508057117462 0 0 0.2069201096892357 163.2872656583786 8.437054350972176 1.072674229741096 1.803595259785652 474.6528904289007 0.2430839985609055 7.726073548197746 13.86595202982426 67.68004885315895 0 1.839204549789429 32.4174734801054 1.375076651573181 84.99574285745621 16.20563563704491 0 1.477730304002762 8.100927352905273 1.655332535505295 1.027780964970589 0 0 0 0 0 0 0 0 0 0 0 0 0 0 0 0 0.2476265281438828 0 0 0.6018713712692261 0 0 0 0 1.231995344161987 0 0.4351305365562439 0.1433993875980377 0 0 0 0 0 0 0 0 0 0.1464279145002365 0 0 0 0 0 0.1235684752464294 0 0 0.2625406607985497 0.4499687775969505 0.1959478408098221 0 0 0.9073475003242493 0 0 0.1618884205818176 0 0 0 0 0 0 1.657925650477409 0.2244069874286652 0 0 0 0 0 0 0.8372099474072456 0.1765792071819305 0 0 0 0 0 0 0 0 0 0 0 0.9784059822559357 0.4530377388000488 0.9996799677610397 18.521683357656 1.668211981654167 33.55246971547604 0.2502517625689507 534.4232186749578 4.612070374190807 3.780574426054955 0.6840591877698898 57.59431633353233 2.572795391082764 0.3271819651126862 0 13.2976685911417 0.1775719970464706 0 0 0 0 165.0860769897699 2.000664383172989
107.5582062453032 1630.177524492145 287.8370970860124 140.1236783713102 1256.593151532114 1.443602994084358 1880.228385791183 317.7150226980448 3565.50674469769 478.2549148052931 832.0106735005975 37.98017980158329 2458.342219002545 2869.778317138553 6.308918252587318 0.5207033902406693 0.9314458966255188 0 0.1319537311792374 0.3573159202933311 0.4199098348617554 0.1635434627532959 1.294660151004791 1.083951473236084 1.649774834513664 0.690920814871788 1.302456773817539 0.2119174301624298 0.1312737315893173 0.1998713761568069 119.5251728147268 15.45044301450253 34.30000787228346 0.07779307663440704 0.5486283823847771 0.5462157651782036 26.3246343806386 0.7338765859603882 1.843451179563999 0.3924257308244705 0.6897653788328171 0.6018142253160477 0.2183846533298492 0.827243335545063 0.1291239857673645 0.5974345281720161 86.86174592375755 1.023037262260914 0.9495856389403343 0.3577914535999298 1.411854848265648 0.3143342584371567 0 0.9379887878894806 5.127697229385376 9.909375138580799 28.02932216972113 35.26545099914074 22.22994435578585 28.09809056669474 0.2433430477976799 1.578894093632698 0.1035396978259087 70.0195347815752 5.311218909919262 1.104572750627995 0.6379226073622704 0.6582117006182671 0.2803487256169319 0.7680797204375267 20.82681860029697 0.4649807959794998 0 130.5527512654662 33.89886704087257 38.25255772471428 19.97048205882311 2.776829928159714 0.3152815923094749 11.2454197332263 0.1032167375087738 1.010873727500439 7.574408523738384 0.2882547006011009 0.512566976249218 5.901239432394505 0 0.2073891311883926 3.268822357058525 0 1.483418323099613 0.08575359731912613 0.9157143831253052 0.6506736427545547 0.2307012379169464 50.25757163017988 1.161410123109818 0.612347200512886 3.46156457811594 144.1953721120954 0 0 0 0 0 0.5707221627235413 0.1864510625600815 0.9954724311828613 11.95664221048355 3.016995429992676 1.30789452791214 0 6.977586664259434 4.758770748972893 3.291162133216858 0 0 0 0 0 0 0 0 0 0.1014187186956406 0 0 0 0 0 0 0 0 0 3.51539920270443 0 0 0 0 4.159481257200241 0 1.340794622898102 0.9699731916189194 0 0 0 0.3721776902675629 0 0.8825791478157043 0 0 0 0.1797734349966049 0 0 0 0 0 0 0 0 0 0 0 0 0 0.3455666303634644 0 0 0 0 0 0 0 0 0.1983565092086792 15.59903364628553 0 0 0 0.1449598073959351 0.1873593777418137 0 0.8312920480966568 0.1462894529104233 0 0 0 0 0 0 0 0 0 0 0 0 9.642737843096256 4.272202871739864 0.1754071712493896 515.882950656116 15.0509647578001 352.5758730918169 13.54425135999918 42.31833648681641 53.69884279370308 0.350761279463768 54.18402762711048 8.730857521295547 0.261700838804245 0.7844261974096298 0 7.863855421543121 0 0 0 6.41779825091362 0.4314820617437363 36.59723147749901 10.96835099905729
144.7071732282639 119.4018002301455 5.829904541373253 352.8010232746601 1.443602994084358 11.05625966191292 33.24848267436028 5.885254368185997 8.548334568738937 808.0936428308487 7.06600172072649 447.5203687772155 132.6561594754457 12.17068403214216 2.28671757876873 0.6062180697917938 0.1470101475715637 0 0 0 0 1.176585927605629 0 0 0 0.093287393450737 0 0 0 0 1.623162776231766 1.083598136901855 30.97899381816387 0 0 0 41.28777857869864 0.4164683595299721 5.915700271725655 0.6060879305005074 0.2129646390676498 0.1496455669403076 0 0 0 0 2.832376651465893 0 0 0 0.2599820643663406 2.745257660746574 0.3907204866409302 0.2606665268540382 0.09153468161821365 0.806181438267231 52.35871411114931 4.849780239164829 1.438583426177502 0.5382746309041977 0 2.459247767925262 0 1.309551440179348 0 0.102129228413105 0 0 0 0 91.80511170625687 231.6692226678133 10.31453368812799 3.445252656936646 0.995010182261467 0.8820744603872299 0.8984466046094894 0.7494139075279236 0.2062913477420807 6.988818392157555 0 1.170140817761421 0 1.543316945433617 0.2325941845774651 0.3870033696293831 0 4.331631578505039 2.014833688735962 5.733981646597385 0.9813947007060051 1.345718815922737 0 0.5277248546481133 0.4115067571401596 234.8108866661787 184.0395275205374 15.46676932275295 48.65070307254791 284.0545774549246 0.2921747863292694 0.4699294567108154 1.909543767571449 4.56725749373436 0.3774804472923279 0.4275215864181519 2.369098216295242 1.877274185419083 12.64293892681599 11.54292502999306 0.5999894738197327 0 13.87694568932056 3.520529724657536 2.879641696810722 0.2432417273521423 0 0 0.1009420230984688 0 0 0 0 0 0 0 0 0.184789165854454 0 0 0 0 0 0 3.391969352960587 0 0 0 0 2.500568211078644 0.5817501395940781 1.409252315759659 3.575724333524704 0.1499358862638474 0 0 0 0 0 0 0 0 0 0 0 0 0.5030945986509323 0.3433483093976974 0 0 0 0 0.1398080587387085 0 0 0 0.6579770445823669 0 0 0 0 0 0.1489161550998688 0 0 0 6.520112335681915 2.069693878293037 0 0 0.1380170285701752 0.1277980208396912 0 0.7371979206800461 0 0 0 0 0 0 0 0 0 0 0 0 0 8.940382421016693 5.780642129480839 9.020031370222569 28.39637739956379 1.140414252877235 13.19132035970688 2.374315217137337 191.7712014317513 0.9159651100635529 0.3956140279769897 0.7183273434638977 69.98974924534559 0 0.8280242681503296 0.2263736203312874 44.08060818910599 0 0 0 1.575015395879745 0 33.87709365040064 8.72738966345787
275.2098438516259 4389.780976615846 91.85426281392574 883.2288932353258 1880.228385791183 33.24848267436028 1826.380716890097 9.500462174415588 2089.508399240673 2786.764065042138 120.333540789783 787.5197037756443 5936.949789725244 2021.147450916469 7.748445443809032 1.998357087373734 2.063088744878769 0 0.09141829609870911 0.121172808110714 0 0 0.9238636866211891 0.8618755862116814 0.5616990849375725 0 0.9989358931779861 0.4500935077667236 0.3799699544906616 0.2506466209888458 131.5044642463326 10.34595318883657 22.33661646395922 0.2638307213783264 0.2421141490340233 0 16.6392620652914 0.8617836013436317 0.7227057069540024 0.5783686637878418 0.3083716258406639 0.3568525314331055 0.1556311994791031 0.110703706741333 0.3386436402797699 0.334170013666153 66.15709092468023 1.358336314558983 0.1202580109238625 0.2919166088104248 1.56482170522213 0.1449264287948608 0 0.2895232141017914 5.157023251056671 9.394720554351807 36.04794719815254 44.16655144840479 22.37191555649042 27.56562798470259 0.2633035555481911 0.299118772149086 0 63.52105641365051 5.594427295029163 1.916552402079105 1.406797930598259 0.2490737363696098 0.4859807640314102 0.2838159278035164 14.04040397703648 1.178426176309586 0 134.8796009272337 28.58764074742794 28.91117897629738 10.15199313312769 1.026604153215885 0.5919176712632179 5.740407668054104 0.1310728043317795 1.346984386444092 9.394076302647591 0 0.2652868553996086 4.45425995439291 0.08549593389034271 0 3.050868034362793 0 2.455307655036449 0.1545951217412949 0.7362357899546623 0.6113437712192535 0.7882875576615334 39.44836637377739 1.524755373597145 0 0.8018993884325027 240.507130920887 0.7258917614817619 0 44.42740316689014 8.533826693892479 0 2.06998947262764 0.5810174494981766 10.51375722885132 98.6335269510746 7.858978495001793 0.2323740273714066 3.088696032762527 8.273890927433968 4.014004960656166 3.632127165794373 0 0.6013413891196251 0 0 0 0 0 0 0 0 0 0 0 0 0 0 0 0 0 2.781556889414787 0 0 0 0 6.430298022925854 0.5475810170173645 2.189482808113098 0.5219660848379135 0 0 0 0 0 0 0 0.1105606257915497 0 0.5933018326759338 0 0 0.2948768734931946 0 0.5032761693000793 0 0.1190227642655373 0 0 0.1215009093284607 0.1378662884235382 0 0 2.796060189604759 0.5346533507108688 0 0 0 0.1169028356671333 0 0 0 0 6.788534373044968 0 0 0.1086160987615585 0.393045961856842 0.3076810538768768 0 0 0.5584513247013092 0 0.1448728144168854 0 0 0 0.1266322880983353 0 0 0.1066485792398453 0 0 0 11.14646629989147 3.750533208250999 0.6421296820044518 334.8317425996065 11.26650389283895 260.1695127785206 12.67643982172012 81.53132806718349 49.69741916656494 0.6583159565925598 30.06304228305817 17.19090270996094 0 0.9094161614775658 0 16.58524967730045 0 0.2037960886955261 0 2.561079308390617 0.384908452630043 57.20877140760422 7.779774218797684
74.6387235596776 448.6688268557191 2017.912607073784 1.270123906433582 317.7150226980448 5.885254368185997 9.500462174415588 1111.903143823147 240.7557280734181 4.898876622319221 3722.117767818272 52.02317699044943 266.54931987077 1256.044392906129 34.34622825682163 10.23925642669201 4.836875557899475 2.946358785033226 0.8790116608142853 6.99588892608881 27.70395381003618 4.492104306817055 81.28250522166491 49.83297359198332 70.85171449184418 10.12704922258854 40.06956508755684 4.958601094782352 1.262745715677738 4.338503606617451 719.962635345757 1729.617591150105 295.5304891914129 62.45123201608658 70.08812972903252 27.24272801727057 116.1693373546004 32.53287930041552 17.26275423169136 21.10281532257795 30.40092407912016 28.52396738529205 52.52037328481674 34.04010859876871 22.77287858724594 42.26052413135767 140.767685636878 4.176283210515976 3.647746533155441 47.65491691976786 26.76987262070179 8.385772898793221 1.437203951179981 16.78790526092052 4.505389109253883 10.18357413262129 30.38237500190735 81.57234962284565 17.39682194590569 33.94174491614103 69.92354906350374 77.55310896039009 3.899200424551964 334.5126833096147 6.767815008759499 20.41373907774687 17.76878561079502 30.73297417163849 61.15073975175619 135.77306856215 47.44471061229706 9.755334995687008 0.9494335800409317 167.9209012165666 70.06068572402 66.55269084870815 67.61443501710892 60.37851120531559 1147.934122756124 2218.267941616476 380.6038302779198 1700.49649643898 8.503640063107014 0.1485709547996521 9.84818983823061 16.06198661029339 25.02396506071091 0.5647864043712616 8.220744408667088 1.588808514177799 7.733199961483479 3.032801777124405 69.48270709067583 13.15968316793442 11.76005562394857 118.3693806529045 8.962991893291473 1.707076713442802 14.40396565943956 66.16610655933619 1.409290283918381 0.1125388666987419 0.986147403717041 0 1.208119302988052 0.8024069592356682 0.3412204384803772 1.443417191505432 4.337500765919685 10.01045865565538 2.898607209324837 2.862682849168777 22.5014635398984 7.387602806091309 6.566610381007195 0 0.2505342736840248 0 0 0 0 0.2512053251266479 1.797370463609695 0 0 0.3736486732959747 0 0.5201316475868225 0 0 0.3050009161233902 0.434399276971817 0.459995836019516 0 5.107826314866543 1.070226736366749 0 0 0 8.202305987477303 0.4631491079926491 8.012629665434361 5.680223941802979 1.521344602108002 1.168720901012421 0.4738920629024506 1.002875789999962 0 0.1476749777793884 0 1.560441195964813 0 0.5519864410161972 0 0.2482146024703979 3.625954255461693 0.9769201204180717 3.736371025443077 0.3536425232887268 0 0.09975355863571167 0 0.8820940032601357 0 0 0 9.866726949810982 0.9773293882608414 0 0 0 0.4380551129579544 1.177678316831589 0.3502791449427605 0.818541094660759 5.576337911188602 29.83380306512117 2.346878379583359 1.008560359477997 2.309924229979515 4.000968888401985 1.689777232706547 1.36916895955801 1.762793064117432 0.9888032078742981 0.2227864935994148 0.2203350961208344 0.2399580329656601 0.09634285420179367 0.8905734717845917 2.542717322707176 0.1524115949869156 0 0.4831812530755997 1.042394898831844 0.8934503570199013 0.5179279893636703 17.43863368034363 9.11737447977066 9.719684682786465 513.0373960137367 54.93094653636217 397.024043649435 32.59150747209787 25.1531860679388 40.45647055655718 1.424583442509174 37.89637339860201 33.21791387349367 1.365001603960991 1.785051390528679 0.2353381216526031 11.14799402654171 0 0 0.4547507166862488 8.214994534850121 0.7959190607070923 45.66466321051121 17.86334320902824
9.644951924681664 432.2109284251928 484.439435556531 87.56758649647236 3565.50674469769 8.548334568738937 2089.508399240673 240.7557280734181 692.9492614269257 241.3632095754147 1304.661710143089 122.372341170907 3041.178087428212 2275.61135391891 6.5780119150877 0.9336421713232994 0.417333796620369 0 0 0 0.8261819109320641 0.7577722445130348 2.900434248149395 3.31695219874382 3.716698922216892 0.9910652562975883 2.820289850234985 0.8768798559904099 0.4963149949908257 0.6218985468149185 24.82982105761766 6.243986733257771 141.1006518900394 0.568558543920517 1.966147348284721 1.458850227296352 75.43917164206505 4.478352785110474 2.559591203927994 1.798354998230934 1.652719855308533 0.743744894862175 0.3488525599241257 0.108383372426033 0 0.1080555617809296 37.7468244060874 0.4252080693840981 0.3500308766961098 0.2425686717033386 0.5332390666007996 0.2139285206794739 0.5458047389984131 1.596529610455036 1.733130127191544 2.9208053201437 7.768937334418297 7.953572660684586 5.911332756280899 10.80694077908993 0.1024766266345978 1.439324297010899 0 25.67041403055191 1.784106381237507 0.4010194689035416 0.7252049446105957 0.3812471702694893 1.6706478074193 2.506826788187027 31.28054721653461 1.774627208709717 0.101245254278183 40.81675408035517 14.36165558546782 12.58345329016447 10.40461418032646 2.089981645345688 0.1034035012125969 34.31456150114536 0 2.420163251459599 1.881417267024517 0 0.1930953040719032 2.380519188940525 0.8785547316074371 0 1.465595498681068 0.1143174320459366 0.2843604758381844 0.4493390023708344 1.041788600385189 0.6400424689054489 0.8117557913064957 66.72221520543098 2.009770616889 0.8421554416418076 5.089032739400864 26.5243626087904 0.977331705391407 0.1203413754701614 0.9791712760925293 0 1.016180515289307 0 1.269489899277687 0.3515576422214508 8.335667476058006 7.493448168039322 0.7557825148105621 1.126165136694908 14.19814233481884 6.309781774878502 2.60047735273838 0 0 0.1098713651299477 0 0 0 0 0 0 0.3206472247838974 0.203564777970314 0 0 0 0 0 0.1494642049074173 0.1522975564002991 0 4.779305160045624 0.983108788728714 0 0 0 4.634324856102467 0 1.944288201630116 0.9627231061458588 0.338139221072197 0 0 0 0 0 0 0 0 0 0 0 0.169642761349678 1.09213250875473 0.7780861556529999 0 0 0 0.09246137738227844 1.183566391468048 0.3365240395069122 0 0 1.292941093444824 1.817248150706291 0 0 0 0 0.1803956031799316 0 0 0.1406953036785126 16.94378849118948 0 0 0 0 0.8442891985177994 0.1479412317276001 2.607389882206917 0.2370981723070145 0.3789262622594833 0.2679693102836609 0 0 0 0 0 0 0 0 0 0 15.70218330621719 6.045982748270035 2.649041563272476 268.8925297111273 6.322999432682991 133.9130572080612 10.0929089486599 19.23221088200808 19.45913294702768 2.916287086904049 20.01043154299259 14.22317510098219 0 0.541319340467453 0.4858453571796417 9.835162758827209 0 0 0 3.122811034321785 0.172286331653595 37.93574878573418 10.8639132976532
910.1138770729303 2584.104543358088 29.19979927688837 4105.688500106335 478.2549148052931 808.0936428308487 2786.764065042138 4.898876622319221 241.3632095754147 2831.547461993992 27.23407691717148 3693.662354469299 4553.589709609747 297.7700104862452 1.294192373752594 0.4411071687936783 0.3297832459211349 0 0 0 0 0 0 0.3976519107818604 0.1802922636270523 0 0.5262487530708313 0.2785115242004395 0 0 43.90956178307533 2.544355690479279 44.10488217324018 0.2465718239545822 0.4600016921758652 0 90.1473922431469 0.9718104004859924 5.239338546991348 0.5058199614286423 0 0.9062597155570984 0 0 0 0 9.081025116145611 0 0.2743685841560364 0 0.1171804443001747 0.3141772598028183 0 0.5252186506986618 1.265753351151943 3.441282495856285 25.76694316416979 33.94191814213991 6.52468890696764 3.191058084368706 0 1.152065843343735 0 11.43940475583076 1.783676445484161 0.5219831913709641 0.2375216856598854 0.1466024219989777 0.2753385305404663 0.1667747050523758 186.5683935433626 24.41339462995529 1.249425105750561 43.42919210344553 5.944902993738651 3.024594344198704 1.225621625781059 0.510341040790081 0 2.792332693934441 0 0.3381465971469879 1.611728481948376 0.1225907355546951 0.3302935138344765 1.507392719388008 0 0.3650586009025574 0.6689556017518044 0.4306368678808212 0 0.4306182116270065 0.3283765017986298 0.305646613240242 0.4476993381977081 480.0956510603428 19.66746133565903 3.199462473392487 23.37555681169033 206.3994092717767 4.425105430185795 6.727575361728668 29.94691056013107 100.5208870619535 1.673713371157646 12.71919238567352 39.57961247861385 7.795005917549133 103.8210617601871 98.15107654780149 1.953801721334457 46.71461770683527 140.7139114812016 30.37778033316135 13.43282987177372 0 0.1457404047250748 0 0 0.1129230260848999 0 0 0 0 0 0.3419455587863922 0 0.4605726152658463 0 0 0 0 0 0 15.55236161500216 0.5485894903540611 0 0 0 7.634688131511211 0 3.470416486263275 2.090101987123489 0.8545200824737549 0 0.1594447940587997 0 0 0.1688661724328995 0 0 0 1.012456305325031 0 0 0 0 0.1186317279934883 0 0 0 0.6763554587960243 4.926765955984592 0 0 0 7.873127959668636 5.231121435761452 0 0.2145195156335831 0 0 0 0 0 0 38.22434727102518 0.2514324188232422 0 0 0 2.557297587394714 1.535396352410316 6.238581664860249 0.9958952739834785 1.156475760042667 0.4621866121888161 0.8131435513496399 0.2364665791392326 0 0 0 0 0 0.1128315925598145 0 0 49.22588992863894 7.357012093067169 5.579926706850529 65.72572202980518 0.9509598612785339 43.48716913163662 2.401541024446487 551.0916723906994 4.175049409270287 0.09695839881896973 4.720731914043427 352.8962193652987 0 2.80296491086483 0.3815211206674576 163.1493514552712 0 1.238687992095947 0 0.451937347650528 0 535.5404300615191 26.52087423950434
188.2076091095805 888.9070329293609 2344.559897325933 1.945562340319157 832.0106735005975 7.06600172072649 120.333540789783 3722.117767818272 1304.661710143089 27.23407691717148 2228.224274732172 165.8062274307013 2360.065523505211 3538.346824504435 13.76101297140121 5.658874087035656 2.077373005449772 1.027509339153767 0.2546522617340088 1.067528367042542 9.318864673376083 5.13916552066803 23.00516855716705 19.07455143332481 45.86212786287069 5.01436422765255 25.21394937485456 3.587657183408737 3.215645745396614 4.34516403824091 357.2699591889977 214.8329984098673 1395.0307437554 5.847424536943436 25.44713864475489 15.02913688868284 519.3600050285459 63.83357340097427 42.01990365236998 24.88498124480247 16.21531956642866 7.861684754490852 2.687596827745438 0.95902019739151 1.253583237528801 1.801371701061726 57.32099286466837 0.516696996986866 0.9771757051348686 5.497006557881832 3.39910527318716 8.017358630895615 3.608437493443489 8.711340881884098 3.143238924443722 5.231636956334114 28.70236734300852 44.74330122023821 13.53436694294214 18.62529069930315 2.569994233548641 96.16239047050476 1.499595396220684 74.38718365877867 4.454213328659534 2.811876825988293 3.120592221617699 1.797000251710415 13.37273333966732 28.51232162117958 158.4663521498442 16.45832566916943 0.6503603234887123 91.49984076619148 24.14766989648342 28.85256857424974 20.13552236557007 3.836191110312939 37.67392291128635 995.6177262440324 1.871555536985397 117.5302065461874 5.351810596883297 0.1142757534980774 1.185016103088856 5.074595369398594 2.444866180419922 0.4914336502552032 4.16095132380724 1.388173803687096 2.592835068702698 3.362060889601707 21.5214878693223 6.504730932414532 7.91262024641037 212.9631453901529 11.94157330691814 4.522420145571232 23.49873053282499 79.03950297087431 1.531351000070572 0 1.80464942753315 0 0.8583824932575226 0 1.584128677845001 0.2297065556049347 3.852601699531078 15.98726165294647 2.075504511594772 6.460258513689041 24.13237958401442 7.499652899801731 13.57515183836222 0.4096472263336182 0 0.1303138434886932 0 0.2316225320100784 0 0.2781053110957146 0 0.2163551598787308 0 2.329680807888508 0.1269493997097015 0.4328019767999649 0 0 0.09890034794807434 0 0.6927813589572906 0 7.358146399259567 2.052601270377636 0 0.2435955852270126 0 7.314545497298241 1.257023006677628 7.533475250005722 9.044412925839424 2.84551065415144 1.610231854021549 0.09747211635112762 0.2275726646184921 0 0 0.2823352515697479 0.9690269827842712 0 0.1279880255460739 0 0 2.961251594126225 3.47495398670435 3.934320837259293 0 0 0.1583672314882278 0.2748174220323563 1.190654963254929 0 0.5246948003768921 0.2105861455202103 7.682921431958675 1.423979736864567 0 0 0 0.3562533333897591 0.5441408604383469 0.1526016443967819 0.2784716933965683 0.8572784215211868 36.0220587849617 1.283863112330437 0.7031202167272568 0.4416249394416809 1.636410661041737 3.504537902772427 1.790738880634308 3.511795148253441 0.08723343908786774 1.389235228300095 0.5222899615764618 0.2569411173462868 0.08553006500005722 0.2685969173908234 0 0 0 0 0.4496767893433571 0.1222478076815605 0.1078892052173615 27.4849893823266 19.91633224487305 16.57083363085985 360.8012790605426 28.87304352223873 213.9670310020447 20.46518610417843 25.68001566827297 20.5067782998085 0.5881336629390717 32.91774272173643 28.52572495490313 0.3687694072723389 2.791751153767109 0.5871047005057335 20.39518938213587 0 0 0 6.9236149340868 0.3810053914785385 45.77725891768932 21.13982237875462
392.6901044547558 69.21574617922306 51.78062977641821 1296.518634438515 37.98017980158329 447.5203687772155 787.5197037756443 52.02317699044943 122.372341170907 3693.662354469299 165.8062274307013 611.7832615897059 1930.846174038947 232.4670797139406 1.671391278505325 1.188079170882702 0.3625370413064957 0 0 0.1399494856595993 0.4460272863507271 5.286570645868778 0.9070619195699692 1.281246669590473 3.714373633265495 0.5195090174674988 1.65403588116169 2.578909076750278 1.591832913458347 0.1313301026821136 7.494969643652439 2.021858714520931 224.6866186857224 0.3429161310195923 1.422231175005436 2.013926632702351 507.4986938610673 23.93411427736282 50.22322282195091 7.80916541069746 1.597010686993599 1.089954651892185 0.1164402961730957 0.2305942624807358 0.1421958953142166 0.2061597108840942 9.638660877943039 0.1443959176540375 0.180945098400116 1.369017668068409 0.1022939234972 3.137469910085201 3.968209847807884 6.951895102858543 0 0.4580399692058563 2.657554589211941 2.749372415244579 1.048838630318642 1.334422044456005 0.3145831227302551 21.60084991157055 0 5.200635567307472 0.1008607521653175 0 0.7515961080789566 0 0 0.6386994570493698 230.4559646621346 10.25466724485159 0.2499971091747284 5.785434797406197 3.565293788909912 4.548688337206841 1.88825449347496 2.17713875323534 0.497828871011734 33.96768887341022 0 9.475509107112885 0.2113453894853592 0.5398915708065033 0 0.4842020869255066 0.2002750858664513 0.5605971142649651 0.6495131477713585 0.6965161487460136 0.2324419692158699 1.358029380440712 2.074032880365849 0.6177116483449936 3.182404696941376 870.8859341442585 14.4588768184185 5.004767537117004 24.90766718238592 24.8921932503581 9.777929306030273 0.7145566642284393 12.14183421432972 2.823087245225906 5.53606490790844 8.265425160527229 10.96200845390558 5.411247156560421 59.63558520376682 98.11513455212116 8.702698141336441 17.25525639951229 180.4970644190907 51.76350210607052 36.30452336370945 0.1024474203586578 0.5368030816316605 0 0 0 0 0.6654497981071472 0 0 0 0.2213165163993835 0 0 0 1.056209176778793 0.1995404064655304 0.9635302871465683 0.6517242044210434 0 30.07344186306 3.815751537680626 0 0.1405366957187653 0 25.82528008520603 0.7581052184104919 13.54673797637224 2.490093559026718 0.561397597193718 0 0.3839489221572876 0.09079484641551971 0 0 0.2367759943008423 0 0 0.2331682071089745 0 0 0.1915785670280457 1.591021195054054 1.125414706766605 0 0.1105205863714218 0 0.8615875467658043 4.67647610604763 0.1687430292367935 0 0.1690104901790619 20.34035301208496 7.77983295917511 0.1083179116249084 0.1382519155740738 0.1964435055851936 0 0 0 0 0.1110725700855255 116.9186764508486 0.9249038398265839 0 0.3399188220500946 0 6.702400602400303 0.6612568646669388 7.913622789084911 1.586932927370071 2.284042075276375 0.3785892203450203 0.3715790957212448 0.234723299741745 0 0 0 0 0 0 0.2553880736231804 0 107.9809721708298 35.56663390249014 20.0429764315486 83.73904311656952 2.736946567893028 34.13565692305565 5.855673566460609 115.4322301149368 3.913321927189827 2.813289403915405 5.625050470232964 339.9675919264555 1.680762246251106 4.75511309504509 0.9144651591777802 194.8423886299133 0.1314546912908554 0 0 0.9589226245880127 0 531.9145979881287 92.51407846063375
144.4128625094891 1113.258711472154 787.5282872617245 505.0370444878936 2458.342219002545 132.6561594754457 5936.949789725244 266.54931987077 3041.178087428212 4553.589709609747 2360.065523505211 1930.846174038947 6052.127884052694 5301.712485291064 15.49149829894304 3.720205835998058 2.060082420706749 0.1612741649150848 0.2567887529730797 0 2.810243092477322 5.475866593420506 16.04606978595257 12.32451192289591 20.10647116601467 3.042829275131226 14.27175367623568 3.390226677060127 2.950527057051659 3.527589567005634 41.34034895151854 11.06651540845633 1351.782845027745 5.426671341061592 8.229469925165176 5.049264200031757 1207.198200374842 49.0180562287569 59.32069592177868 14.89562426507473 6.712851241230965 5.613430261611938 0.5817850306630135 0.5263106003403664 1.329841271042824 1.339085340499878 63.7479432374239 0.7164782509207726 1.129978060722351 2.665161937475204 2.093682430684566 6.008520260453224 7.044824950397015 7.98795822262764 2.459115840494633 4.233364537358284 13.65196976810694 14.42754039913416 10.08138099312782 15.17201440781355 1.606161177158356 29.24274176359177 1.655916094779968 44.10151598602533 3.023726977407932 1.54549440741539 2.222034446895123 1.087804518640041 6.476882196962833 7.944184653460979 608.9709762111306 13.0433532372117 1.800237372517586 59.76824755966663 15.76024796813726 25.14046625047922 18.5735994130373 5.399715587496758 0.4585482627153397 97.9036910533905 0.4066896438598633 8.368313275277615 4.924762777984142 0.3927705734968185 0.3887631669640541 3.38669565320015 1.39923582226038 0.7319948226213455 2.872119590640068 0.7960623800754547 1.935714110732079 2.202600702643394 9.05721377581358 2.710811719298363 4.341265127062798 1230.603665821254 28.5217794328928 3.989358082413673 32.60212121158838 83.99613394588232 11.42501490563154 2.285608775913715 19.3163837492466 4.800944566726685 3.879518866539001 7.216506406664848 11.97429315000772 8.544764637947083 92.56439397484064 124.0237789154053 5.618264220654964 23.76580032706261 247.8588903471828 75.1906985938549 62.39440018683672 0.4733746945858002 0.6755969226360321 0.1232004836201668 0 0 0 0.09347406774759293 0.1222750768065453 0 0.8742998391389847 0.605678915977478 0 0.1560395807027817 0 0.1867725551128387 0 0.544800378382206 0 0.2895000278949738 46.99720575660467 11.10467176139355 0.09187617152929306 0.1421381086111069 0 52.69106628745794 2.121381178498268 21.85658775269985 8.588551715016365 0.7313548624515533 0.953372061252594 0.4717700183391571 0 0.3284896612167358 0.1570233553647995 0.1373200416564941 0.6842498332262039 0.1105713918805122 0.3817451372742653 0 0.2654154598712921 1.22249536216259 3.321979627013206 1.36587531119585 0 0.09878114610910416 0 1.826311863958836 10.52720321714878 0.4414996057748795 0.5663155913352966 0.5644587874412537 34.14954760670662 11.91496798396111 0 0.1010014042258263 0.08904878795146942 0.1194024160504341 0.1211390271782875 0 0 1.002749063074589 178.8182881250978 3.273970283567905 0.4180096834897995 0.6977027729153633 0.8489800617098808 9.719529755413532 3.236094765365124 12.21998640149832 3.036011107265949 5.468478910624981 1.615168169140816 1.26589635014534 0.8367213308811188 0.4169780611991882 0 0 0 0 0.2870388925075531 0.5450714081525803 0.4101495668292046 183.440002091229 67.28489152342081 40.79386428743601 440.2314191684127 21.77376544475555 247.4257618114352 19.85520602762699 77.9847549200058 25.66727306693792 2.237447366118431 34.83483838289976 266.3944575488567 3.200511991977692 8.668868757784367 1.060616828501225 199.0201407000422 0.6464212238788605 3.813738465309143 0 6.253606118261814 0.2126563191413879 421.52122785151 147.9063063189387
