115.4772337824106 1339.501019395888 327.3591056242585 1044.843176819384 287.8467816859484 37.78963108360767 315.9769379347563 144.0415779650211 225.1515645459294 865.8246622681618 114.264492072165 50.41252511739731 477.626065865159 93.28171497583389 1.130441144108772 0.1021914109587669 0 0.1079840958118439 0 0 0 0 0 0 0 0 0 0 0 0 328.2358989864588 4.93872557580471 1.438966140151024 0 0 0 0.1438634991645813 0 0 0 0 0.1379669904708862 0 0 0 0 27.18025085330009 2.158420294523239 0.08918705582618713 0.1037249639630318 0 0 0 0 1.923481792211533 2.425345838069916 196.6427470594645 232.4933589249849 30.60615547001362 14.47961264848709 0 0.1325492709875107 0 11.79248165339231 2.677087210118771 1.911921702325344 0.2629376798868179 1.478492513298988 0.2275474071502686 0 0 9.975735068321228 0.6365358680486679 204.1981585174799 22.2669735327363 11.61593951284885 1.530100651085377 0.1606516242027283 0.1463537961244583 1.418539956212044 0.09355785697698593 0 6.984839931130409 0.1347991526126862 2.621578507125378 2.867046356201172 0.5654066801071167 0 0.7237105965614319 0.282221794128418 0 0 0 0 0 25.97399038076401 4.823654055595398 0.7222917377948761 0 787.7179900035262 0 1.817942500114441 1.353465914726257 1.071905270218849 0.1618318110704422 3.964124195277691 0.2865842878818512 0.8933882415294647 7.413447193801403 1.01602990925312 0 9.158708095550537 10.7988546192646 8.942547090351582 0.150827631354332 0 0 0 0 0 0 0 0 0 0 0 0 0 0 0.2506996989250183 0 0.1171909421682358 0.1377290636301041 0 0 0 0 0 0 0 0 0 0 0 0 0 0 0 0 0 0 0 0 0 0 0 0 0 0 0 0 0 0 0 0 0 0 0 0 0 0 0 0 0 0 0 0.2520587965846062 0 0 0 0 0 0 0 0 0 0 0 0 0 0 0 0 0 0 0 0 0.2359124347567558 0 0 38.28339198231697 0.9201829209923744 70.48745737969875 5.574405521154404 376.2953933253884 15.37936301529408 0.8958237990736961 0.3942132890224457 4.965849086642265 0 0 0 2.71645599603653 0 0 0 0 0 126.9392509534955 1.430007100105286
1339.501019395888 965.5445685684681 1951.540469512343 363.3333307057619 2291.515830174088 38.19370369613171 1905.19431579113 364.2339359149337 954.4168393835425 950.4296492040157 761.8466673716903 5.183411031961441 512.8317842334509 115.1603443101048 3.674920417368412 0.4243562147021294 0.1410504579544067 0 0 0 0 0 0.0853370726108551 0 0 0.1006561741232872 0 0 0.5491190552711487 0 1434.002254337072 10.47223399579525 8.881532453000546 0 0 0 1.418130122125149 0.4755689650774002 0.1886563450098038 0 0 0.2749724984169006 0 0.5760315284132957 0 0 92.30447040498257 3.846654988825321 0.298505574464798 0.1954646185040474 0.3238867521286011 0.1349732130765915 0 0 5.529586523771286 4.366993099451065 152.8130167499185 222.2780186012387 26.8858464807272 27.9725319519639 0.1016541421413422 0.583409495651722 0 35.90682002902031 4.171061329543591 5.215987093746662 1.240447372198105 1.74129019677639 0.1795392632484436 0.1195677667856216 0.5063660144805908 0.4625595062971115 0 313.9066917300224 68.10267962515354 30.42189434170723 5.139426164329052 0.4962543770670891 0.3040642514824867 1.86038289219141 0.2213328331708908 0.5171147063374519 15.256004139781 0.127908319234848 3.551068238914013 6.507216311991215 2.208662733435631 0.6518883034586906 0.384377084672451 0.2524441927671432 0.159083217382431 0 0 0 0.1118491515517235 10.1236242428422 0.2143012881278992 0 0 1666.752746060491 0 0 1.493639826774597 3.482076779007912 1.579288423061371 22.34006622433662 0.3729013204574585 1.054149568080902 18.14490604400635 4.236230976879597 1.188555404543877 22.0026271045208 15.46254675835371 26.67398169636726 5.022048786282539 0 0 0 0 0 0 0 0 0 0 0 0 1.211113214492798 0 0 0 0.104257695376873 0 0 0 0.1385254561901093 0 0 0 0 0 0.1174267828464508 0 0.09181969612836838 0 0 0 0 0.139639139175415 0 0 0 0 0 0 0 0 0 0.2955872118473053 0 0 0 0 0 0 0.5814825594425201 0.1064749583601952 0 0 0 0 0 0 0.1997250914573669 0 0 3.887344561517239 0 0 0 0 1.334584683179855 0.4934812635183334 0 0 0 0 0 0 0 0 0 0 0 0 0 0 6.63918174803257 0.6271204948425293 0 162.6621909365058 3.362454421818256 211.3392493054271 22.09028600156307 490.69153816998 47.20983788371086 1.700955674052238 11.72610025107861 8.004988469183445 0 0 0 15.18784219026566 0 0.2706408500671387 0 1.940160140395164 0 152.7601117566228 4.628495410084724
327.3591056242585 1951.540469512343 401.7541180104017 93.42203917354345 444.1093122437596 8.047813102602959 318.9016355872154 1644.022911421955 270.3359431177378 60.01160881668329 604.2995777279139 13.5628564953804 148.715959072113 450.1468226537108 7.161265566945076 3.032240778207779 1.452129118144512 0.2082440853118896 0.1081905663013458 0 1.256924107670784 0 2.556082896888256 1.445260167121887 0.2471936121582985 3.020466096699238 0.8794886320829391 0.1534502059221268 0.2395113930106163 0.2133423089981079 2893.070578172803 422.7897853702307 96.5794964954257 0.5631093606352806 0.3716611266136169 0.1010265350341797 15.15431519597769 2.12964191287756 0.714957170188427 0.4177305400371552 6.275572739541531 1.798479706048965 1.211027815937996 1.032912373542786 0 0.1444432288408279 104.5357884764671 1.721589431166649 0.3335926085710526 0.7815151065587997 1.810558415949345 0 0 0.6536886468529701 4.724042780697346 3.871825210750103 118.3795393407345 414.1735346093774 18.78352005034685 29.60695374757051 0.236459843814373 3.377481773495674 0 174.3974555581808 3.863680250942707 4.098291248083115 1.09987847507 2.038232386112213 3.623427115380764 9.956646241247654 11.32075084745884 4.351629391312599 0 330.855241574347 150.4810158982873 51.83183963596821 15.28326454013586 2.57863012701273 4.023286037147045 199.2203563600779 0.9955947622656822 10.20997168123722 14.24296649545431 0.2344435304403305 3.221675217151642 4.947825312614441 2.006554372608662 0.220620833337307 0.9716823920607567 0 0.9250651076436043 0.1989927291870117 14.09238058328629 5.812911510467529 2.112838342785835 14.48677860200405 5.145552054047585 0 0.8026068955659866 589.2808026820421 0 1.804712533950806 0.6037197113037109 0.2646490931510925 2.017108619213104 10.90595589578152 0 0.7214950025081635 4.271138891577721 4.734419010579586 0.8815756067633629 17.37026384472847 12.5993883907795 25.37454933673143 6.167488910257816 0 0.1776095181703568 0 0 0 0 0 0 0 0 0 0 0.1321099251508713 0.1400752514600754 0.1833322048187256 0 0.1822077259421349 0.4371578842401505 0.105779305100441 0 0 0 0.1326805204153061 0 3.905717194080353 0 0.5017839074134827 0.5617233365774155 0.09273714572191238 0 0 0 0 0.1284819394350052 0 0 0 0 0 0 0 0.1740652322769165 0.1103923171758652 0 0 0 0.1005482375621796 0 0 1.52191099524498 0.3965886756777763 1.422713369131088 0 0.4230969250202179 0 0 0 0 0 0 0.1019361466169357 9.745178207755089 1.162039138376713 0 0 0 4.052297011017799 2.091210424900055 3.329716004431248 0 0 0 0 0 0 0 0 0 0 0 0 0 8.154216267168522 1.557150363922119 6.314391635358334 117.7506177723408 3.677291214466095 214.2621069550514 26.93514686077833 150.2030794471502 44.25339446216822 1.794166624546051 11.28363367170095 4.679674535989761 0 0.4749387800693512 1.281569719314575 3.834794521331787 0 0 0 4.747528463602066 0.869452565908432 72.53792545199394 5.563510350883007
1044.843176819384 363.3333307057619 93.42203917354345 103.924404323101 336.8008656725287 577.282308742404 1391.498769760132 3.994201377034187 61.90036591142416 2094.544546939433 44.08397087454796 219.5391983240843 2775.740307062864 77.9663108959794 0.3099554777145386 0 0.09066715091466904 0 0 0 0 0 0 0 0 0 0 0 0 0 85.5997052192688 0.5387061312794685 0.1810808628797531 0 0 0 0 0 0 0 0 0 0 0.1129061877727509 0 0 24.51219335198402 0.5476676821708679 0 0.1327054500579834 0.111795462667942 0 0 0 1.49274367839098 1.288392782211304 72.64723677933216 52.60420960187912 11.70886443555355 9.015594609081745 0 0.08482246845960617 0 8.420151211321354 1.678147614002228 1.236479751765728 0.300960898399353 0.9423986002802849 0 0 0 1.449970230460167 0.371692880988121 102.0696863159537 16.41147093474865 10.56978614628315 0.7010158747434616 0.2646010667085648 0.215883806347847 0.1981079131364822 0 0 6.107247352600098 0 0.699571892619133 2.08875810354948 0.6738188862800598 0 0.2002503722906113 0.2313301935791969 0.1031389012932777 0.1082600206136703 0 0 0.1736647933721542 10.71031120419502 0.7750688493251801 0 0 1018.438383795321 0 0.5841352939605713 0.5738363265991211 2.608571976423264 0 8.421891801059246 0 0.2907355427742004 34.59352101385593 2.197977796196938 0 6.612924493849277 75.04940564930439 14.83041995018721 0.3955564200878143 0 0 0 0 0 0 0 0 0 0 0 0 0 0 0 0 0 0 0 0 0 0 0 0 0 0 0.173445001244545 0 0.1078203991055489 0 0 0 0 0 0 0 0 0 0 0 0 0 0 0 0 0 0 0 0 0 0 0 0 0 0 0 0 0 0 0 0 0.1298877149820328 0.1115309447050095 0 0 0 0.2180125415325165 0.1780263036489487 0 0 0 0 0 0 0 0 0 0 0 0 0 0 1.641955897212029 0 0.07551649212837219 25.6378974840045 0.4160770177841187 59.11050033569336 4.994028627872467 356.9922977462411 12.9390377253294 0.5022810995578766 2.260392054915428 8.559121996164322 0 0 0 4.044826835393906 0.3146391808986664 0 0.5602864027023315 0 0 293.682659946382 2.328994587063789
287.8467816859484 2291.515830174088 444.1093122437596 336.8008656725287 90.00200120359659 5.501296326518059 882.9287950024009 11.54056383669376 239.9264895543456 672.3559069484472 72.51156106591225 6.944156661629677 296.7462772428989 111.6014998406172 6.712811507284641 1.218936517834663 0 0.1067634299397469 0 0 0 0 0 0 0.4582298696041107 0.1290051490068436 0 0.2550006806850433 0 0 117.329964376986 3.32671269774437 4.014980494976044 0 0 0 0 0 0 0 0 0.1330467164516449 0.1198932901024818 0.4342051297426224 0 0 123.3234147578478 2.521109469234943 0 0.1066539660096169 0.2442747503519058 0 0 0.1733387559652328 3.603100650012493 3.862688407301903 43.20638477057219 53.48082346469164 11.85995876789093 20.24187850952148 0 0.3372234106063843 0.1086659952998161 36.47788347303867 4.205008737742901 2.819903455674648 0.7512843981385231 0.9874687269330025 0.1875725463032722 0.406532384455204 0.9270957112312317 1.398802131414413 0.1368967145681381 161.0127895846963 73.42778708040714 37.46959594637156 5.022665619850159 1.325055345892906 0.6386158168315887 1.337115913629532 1.026404090225697 0.3565270602703094 13.26378946006298 0.3312041163444519 3.102119527757168 3.705393701791763 1.278229743242264 0.1491010636091232 0.4173640161752701 0 0.1176441684365273 0.09406761825084686 0.3455030173063278 0.0829969197511673 0.3351559638977051 8.264626726508141 0 0.1536036133766174 0 88.54737478494644 0 2.883627533912659 1.48503965139389 4.62166203558445 3.700964197516441 45.34515029191971 0.5055227875709534 5.098709508776665 18.3673111051321 14.04814716428518 2.336260825395584 63.32718537002802 47.14503975212574 90.06698013097048 18.62005617469549 0.1317611336708069 0.393188089132309 0 0 0 0 0 0 0 0 0 0 0 0 0 0 0 0 0 0 2.515298143029213 0 0 0 2.936377987265587 0 0.7884058505296707 1.434801995754242 0 0 0 0 0 0 0 0 0.4170262515544891 0.332709014415741 0 0 0 0 0 0 0 0 0 0 0 0 1.096711456775665 0.6681657284498215 0 0 0 0 0 0 0 0 0 13.37375254184008 0 0 0 0 3.909080341458321 2.106544077396393 1.514816306531429 0 0 0.2107831388711929 0 0 0 0 0 0 0 0 0 0 18.74826296418905 1.276376143097878 3.92156782746315 295.159979455173 3.070554740726948 298.0950011089444 43.73421674966812 213.7862969785929 68.88156583160162 1.414019659161568 21.53512375056744 20.66115514934063 0 1.576879292726517 1.009435683488846 9.247593939304352 0 0 0.6159209609031677 6.420752882957458 0 131.9295318424702 8.036490984261036
37.78963108360767 38.19370369613171 8.047813102602959 577.282308742404 5.501296326518059 3.329783201217651 11.06965287774801 4.609058827161789 8.917781099677086 605.9804048910737 8.371963836252689 88.6759762018919 259.9983548372984 47.50577045977116 0 0.123285599052906 0 0 0 0 0 0.420873761177063 0 0 0 0 0 0 0 0 43.53683564066887 0.4345096945762634 21.73056657612324 0 0 0 6.429096922278404 0 0 0 0 0 0 0 0 0 0.6760709062218666 0 0 0 0 0.8898502588272095 1.169879168272018 0 0 0.2925262972712517 68.07295686006546 6.32143346965313 4.215665251016617 0 0 0 0 0 0 0.3837310001254082 0.4223403111100197 0 0 0 10.05139514803886 295.0252809226513 36.80243138968945 4.108335755765438 0 0 0 0 0 9.570035442709923 0 0 0 3.889498867094517 0 3.277654394507408 0 9.991487927734852 4.88538958132267 15.27223889529705 1.243351027369499 0.609891265630722 0 0 0.137211874127388 159.0769635438919 78.68710631132126 16.598777115345 0.6511062383651733 111.1169043034315 0 0 0 0 0.1952800303697586 1.377549894154072 0.2398434579372406 0.2151761502027512 1.623908907175064 1.052930258214474 0.1153447851538658 1.916141100227833 3.868870168924332 3.050088152289391 0.08883097767829895 0.4175620824098587 0.1149313598871231 0 0.1354130208492279 0 0 0 0 0.1313587129116058 0 0 0 0 0.1211510226130486 0.2012323960661888 0 0.8788349777460098 0.1287535578012466 0.2300951704382896 0 0 0 0 0 0.1259591579437256 0 0 1.080753408372402 0.8392749801278114 0 0 0 0 0 0.4979782849550247 0 0 0 0 0 0 1.702950410544872 0 0.1194130778312683 0 0 0 0 0 0.5829020366072655 0.3745633736252785 0 0.1606764942407608 0 0 0 0 0 0 0 0 0.5119306147098541 2.660895004868507 0 0 0 0 0 0.6143833175301552 0 0 0 0.124455638229847 0 0 0 0.1497800946235657 0 0 0 0 0 0.6046251505613327 0.8034183979034424 0.65650674700737 6.951257675886154 0.4877032935619354 1.244167774915695 0 137.8817567080259 0.3263302743434906 0 0 0.7427565008401871 0 0.3913379907608032 0.1009321659803391 0.5324648022651672 0 0 0 0 0 42.94112672656775 0.9177893847227097
315.9769379347563 1905.19431579113 318.9016355872154 1391.498769760132 882.9287950024009 11.06965287774801 113.7078725099564 6.064929559826851 311.4495244771242 855.4160520881414 238.3026292994618 135.7464106753469 296.5817551761866 7.785666912794113 1.370220452547073 0.2191280648112297 0.2831129729747772 0 0 0.08435629308223724 0 0 0 0.09864475578069687 0 0 0 0 0 0 45.43044435232878 1.735575027763844 0.4603969529271126 0 0 0 0 0.1793562769889832 0.1402703672647476 0 0.09953615814447403 0.1111805737018585 0.141517847776413 0.1155295148491859 0 0 54.91254311800003 1.885630056262016 0.2061170786619186 0.422576054930687 0.4289036765694618 0.08396337181329727 0.1117196604609489 0 2.603951528668404 2.448285229504108 47.41930040717125 52.82157633453608 9.38525602221489 14.47202837467194 0.1082660630345345 0 0 18.6208501085639 2.276827767491341 3.047745794057846 0.6789943873882294 0.8690940737724304 0.109886147081852 0.2119083032011986 0.5399052500724792 1.048977315425873 0.2012686282396317 138.7688103988767 34.03528156131506 23.73635867983103 3.935675486922264 0.4151405319571495 0.4342822358012199 0.9548207744956017 0.193443775177002 0.1922810599207878 8.595524981617928 0 2.84625867754221 3.365050211548805 0.9462627246975899 0 0.3045650497078896 0.27101831138134 0 0 0.32057224214077 0.2809730395674706 0 4.118435621261597 0.2543573677539825 0 0 123.1751573234797 0 2.764252699911594 1.174769818782806 5.649357497692108 1.067544110119343 18.24114943295717 0.446366086602211 2.948301255702972 11.18818994611502 7.479128822684288 0.3331956788897514 36.79853719472885 25.65739494562149 41.11504409462214 4.56560543179512 0 0 0 0 0 0 0 0 0 0 0 0 0 0 0 0 0 0.1092035174369812 0 0 0 0 0 0 0.3391087576746941 0 0.09871382266283035 0.7502036690711975 0 0 0 0 0 0 0 0 0 0 0 0 0 0.1036332994699478 0 0 0 0 0 0 0.8734973073005676 0 0 0.408900648355484 0 0 0.1274928897619247 0 0 0 0 0 0 4.592309921979904 0 0 0 0 1.4761713296175 1.029471039772034 0.1741208136081696 0 0 0 0 0 0 0 0 0 0 0 0 0 7.72478399425745 0.1331049501895905 0 94.94486375153065 1.160508394241333 136.7810708060861 15.31299242377281 200.2531635686755 26.28039794415236 0.67380091547966 7.549587786197662 5.884811729192734 0 0.1882593780755997 0.8520554900169373 11.85602453351021 0 0 0.1313381046056747 8.402459844946861 0 128.6197198480368 6.815372176468372
144.0415779650211 364.2339359149337 1644.022911421955 3.994201377034187 11.54056383669376 4.609058827161789 6.064929559826851 700.1997821852565 67.82293450087309 12.08399225026369 240.2286217808723 20.18397057801485 124.3226076066494 379.439658716321 88.98463903367519 28.87942580133677 7.262184657156467 5.469631604850292 0.8561947792768478 5.478059574961662 19.00512149184942 0.2745919823646545 6.762782908976078 4.251122236251831 0.9881530404090881 16.93880614638329 2.664231404662132 2.342842437326908 0.4254038631916046 1.116168156266212 1181.251488685608 3558.430782258511 45.288021042943 1.611165411770344 3.37461543828249 0.4504436403512955 38.68340057134628 8.710856236517429 6.627731829881668 1.841725029051304 31.8743084743619 15.09156282991171 41.33628908544779 34.5831036195159 4.426137834787369 17.59724935889244 386.419069647789 5.901243627071381 3.471609048545361 26.96134125441313 7.663505271077156 0.7382777705788612 0.3182444348931313 3.774452313780785 5.522635534405708 6.182918161153793 71.42483044415712 203.8298381716013 17.06259253621101 55.54471977800131 40.89633545279503 41.70852756500244 2.912641786038876 502.8848433569074 6.851917237043381 7.653421677649021 3.728572979569435 10.2490126490593 49.6627698764205 84.05372375994921 28.36000139266253 12.85452592372894 0.1155452579259872 320.0896039381623 315.9704543575644 221.7535983398557 444.0392617955804 248.8239119499922 1058.674756959081 961.0384606271982 148.3835036233068 1011.375317841768 21.34763001650572 0.1074426919221878 6.527653366327286 8.035694487392902 11.69682317227125 0.1233176738023758 1.770972058176994 0.3146019503474236 8.163722656667233 1.49402441829443 73.13649157434702 26.311743311584 12.41657223552465 25.66397707909346 13.13191044330597 0 3.874738991260529 266.804722815752 0 0.3181287050247192 0 2.381141975522041 1.566653788089752 22.882796831429 0.5993740111589432 3.272353783249855 4.789957143366337 7.36876342445612 0.5145095884799957 28.69615090638399 15.57398387789726 64.66875794529915 19.86297748237848 0.6434253752231598 0.618565246462822 0 1.634227901697159 0 0 0.2871493995189667 0 0.09581073373556137 0.2829261869192123 0 0.1977023482322693 1.026952169835567 0.09991975873708725 0.2224033996462822 0 1.026671215891838 0.7437051758170128 0.7749961987137794 0.6143950521945953 1.02931971848011 0 0.893525704741478 0 10.55091217905283 2.13562884926796 3.54884272813797 5.230305232107639 1.47985578328371 0.1808251887559891 0 0 0 0 1.409241735935211 0 0.4457550644874573 0.5045817047357559 0 0.2772698998451233 0 1.419539980590343 0.2739139497280121 0.5005588531494141 0 0 0.1295243501663208 0.1266653388738632 0 5.388327583670616 5.410426303744316 4.883987255394459 0.1744042187929153 0.266520768404007 0.1870534271001816 0.07530471682548523 0 0 0 0.09662085771560669 0.834405891597271 24.30369193851948 2.769122950732708 0 0 0.1189133748412132 17.68634725362062 11.58655304461718 12.19307161867619 0.4543346017599106 1.566384077072144 0.101096048951149 0.1035122647881508 0 0 0 0.08273422718048096 0 0.1460754871368408 0 0.118536964058876 0 14.79508996009827 13.39648818224669 11.24749256670475 641.5490779429674 13.20900348573923 736.4142214357853 150.0900794044137 203.4138860553503 159.3370335102081 6.101020701229572 60.36809124052525 17.08042577654123 0 4.60421234369278 2.419395595788956 6.292547233402729 0.5328132435679436 0.6494689583778381 3.611208446323872 13.12525853514671 0.545246422290802 82.97526349127293 10.22880094498396
225.1515645459294 954.4168393835425 270.3359431177378 61.90036591142416 239.9264895543456 8.917781099677086 311.4495244771242 67.82293450087309 25.71382459253073 560.7152455225587 592.4522422254086 37.90622961521149 620.1032179147005 85.72887552529573 11.67243601381779 0.2527176663279533 0.3913517147302628 0 0 0 0 0 0 0 0 0.1435375362634659 0 0 0.1117167472839355 0.09138727933168411 133.3912190273404 7.734135247766972 6.004329830408096 0 0 0 3.087645292282104 0.2220134064555168 0 0.1551413089036942 0.3344428017735481 0.1109911501407623 0 0.5852430835366249 0 0.08846829831600189 146.4220620915294 2.349244616925716 0.1950714290142059 0.7807586789131165 0 0.7594768404960632 0 0.460021510720253 3.201162576675415 4.347664147615433 46.41424774378538 59.10375112295151 13.43077582120895 25.1178842484951 0 0.8171542286872864 0.1221902742981911 33.81860603392124 4.198469385504723 3.846784219145775 1.019439406692982 2.189123265445232 0.7485960051417351 0.1151268854737282 1.07647231221199 2.361480206251144 0.1591219455003738 183.8198887780309 81.03068062663078 54.82334458082914 10.86717186123133 1.269157633185387 0.3535095378756523 1.599658116698265 0.5117731019854546 0.3143529519438744 12.73399824649096 0.1207164824008942 3.674140013754368 3.778762057423592 0.7128454148769379 0.1788530051708221 0.6269541755318642 0 0.113018199801445 0 0.420428991317749 0.3086036890745163 0.2728442847728729 28.14097933471203 0.4412837326526642 0 0 111.1767037436366 0 4.862724214792252 4.462828576564789 9.256755858659744 10.60688931494951 93.06102114915848 0.2930321395397186 11.92162190377712 36.90596157312393 42.12456076592207 2.400569498538971 163.1542600616813 124.461436919868 233.1571638062596 36.07609662413597 0.1321851164102554 1.039630219340324 0 0 0 0 0 0 0 0 0 0 0 0 0 1.209084391593933 0 0 0 0 2.468763768672943 0 0 0 18.83064305782318 0 3.371849671006203 3.04505667835474 0.257404237985611 0 0 0 0 0 0 0 0 0.2607388123869896 0 0 0 1.045940399169922 0 0 0 0 0.7193120718002319 0 0 0 2.386883363127708 1.953825667500496 0 0 0 0 0 0 0 0 0 44.43496541678905 0.7852296233177185 0 0 0 12.68925199657679 4.041253626346588 4.470283843576908 0 0 0 0 0 0 0.458206444978714 0 0 0 0 0 0 53.43413656949997 2.881695970892906 4.698658838868141 506.1121516525745 5.759768649935722 389.7687512636185 63.00352943688631 303.5241570472717 101.2462742030621 3.018115259706974 43.8365230858326 28.9094332754612 0 1.096897229552269 2.315522149205208 20.47062708437443 0.9380826354026794 2.297627449035645 0.8418415039777756 8.089272156357765 0.3296692371368408 238.7572873458266 25.76372322440147
865.8246622681618 950.4296492040157 60.01160881668329 2094.544546939433 672.3559069484472 605.9804048910737 855.4160520881414 12.08399225026369 560.7152455225587 759.1413027942181 151.4703187793493 484.5136290863156 4927.092632070184 361.4669008255005 2.054937653243542 0.09067758917808533 0.2079997360706329 0 0 0 0 0 0 0 0 0 0 0 0 0 43.28945811092854 1.443468347191811 14.00469516217709 0 0 0 20.43762437999249 0 0 0 0 0 0 0.1243087872862816 0 0 21.95032883435488 0.3664709478616714 0.1279977709054947 0.1054753735661507 0.2353567332029343 0 0.4445855021476746 0 0.7868470847606659 1.610969856381416 75.34928008913994 32.84811811894178 7.808554448187351 5.495077148079872 0.08853328227996826 0.1343771070241928 0 3.936273723840714 1.420638203620911 1.397873722016811 0.8426120728254318 0.5048266351222992 0.09298759698867798 0 52.93321438133717 45.50566896051168 8.942222975194454 75.70889718830585 15.34913798421621 7.843531519174576 1.130987510085106 0.3171462342143059 0 5.919036448001862 0.2082822099328041 0 4.295981541275978 0.6572625711560249 0.9368431568145752 2.938907623291016 0.5788126364350319 2.549552842974663 1.71298461407423 4.637644402682781 0.1860864534974098 0.1197776719927788 0.1050035953521729 0 0.1810438558459282 124.5263352096081 14.33003297448158 3.785546287894249 0.2439000606536865 597.0662249997258 0 6.558387219905853 1.645431660115719 15.67243517190218 3.808976195752621 68.36494299024343 4.507852017879486 4.414757840335369 30.93129005283117 32.26201009750366 1.415220536291599 78.82105682790279 94.93456531316042 116.0896830558777 10.37893180549145 0.08491986244916916 0.1608230620622635 0 0 0 0 0 0 0.1602600365877151 0 0 0 0 0 0.1057248488068581 0 0.1108093708753586 0.1222816631197929 0.1165708303451538 0 0.4128551483154297 0 0 0 0.4419229030609131 0.09306133538484573 0.3455188274383545 0.3862199559807777 0 0 0 0 0 0 0.2386436611413956 0 0 0.1031308993697166 0 0 0 0.2154815793037415 0 0 0 0 0.1764128357172012 0.1153675615787506 0.8061659187078476 0.4911225512623787 0.4519621133804321 0.6880396381020546 0 0 0 0 0 0 0 0 0 11.34971585869789 0.4937180578708649 0 0 0 2.690618097782135 2.063027366995811 1.99734702706337 0 0 0 0 0 0 0 0 0 0 0 0 0 22.76227504760027 0.7108999788761139 0.2175276577472687 64.41542635113001 1.129482544958591 49.50816135853529 7.300314329564571 699.1158106923103 12.60547735542059 0.2456114441156387 3.21263924241066 22.16949532181025 0 1.597731880843639 0.1212056800723076 20.21714643388987 0.1119491755962372 0 0 0.3705808222293854 0 662.7988882139325 28.30919640511274
114.264492072165 761.8466673716903 604.2995777279139 44.08397087454796 72.51156106591225 8.371963836252689 238.3026292994618 240.2286217808723 592.4522422254086 151.4703187793493 52.20254441350698 207.9635529667139 1572.001262977719 3286.949760973454 100.2132073193789 30.99330718815327 3.375842966139317 0 0.4608275815844536 0.3572928830981255 0.5346629470586777 0 1.492564372718334 1.252033986151218 0.3317863270640373 1.644087977707386 1.113921068608761 0.5912884920835495 0.8900954350829124 1.347867757081985 257.3650068715215 315.8010335713625 544.3841026574373 0.2114027068018913 0.6225877851247787 0.2627176567912102 163.6418759450316 5.328011460602283 6.321202412247658 0.7348241657018661 7.007781431078911 3.723824851214886 0.1203300505876541 3.573120549321175 0.1155200153589249 2.338770531117916 294.4874421656132 2.013106651604176 1.717364005744457 0.5980568081140518 1.799997009336948 0.7631439045071602 0 1.252217315137386 3.174013718962669 2.558405719697475 28.87066514045 62.42224095761776 9.440640404820442 27.73602508753538 1.894060671329498 14.60206588357687 0.3260511383414268 88.99857806414366 2.011673286557198 4.598840244114399 1.392311781644821 1.97827235609293 2.088214412331581 2.441961646080017 214.1699949726462 23.24875726550817 0.2300258576869965 162.0735819265246 134.0835934504867 143.8577241078019 44.14457461237907 18.98409603536129 3.007802240550518 96.54450072348118 2.604137890040874 5.304052874445915 11.01003133505583 0.126862496137619 3.353373542428017 3.92431466281414 1.81634183973074 0.1943089738488197 1.065625138580799 0.4186961948871613 4.224101096391678 1.125237502157688 6.219997435808182 12.4823614358902 6.527289025485516 158.3981089070439 34.66260456293821 0 6.884104333817959 90.92799423635006 0 1.32913875579834 3.496846556663513 4.925438150763512 11.38695480674505 129.0779902264476 0.6803498119115829 11.33877156674862 24.60469182580709 35.15255644917488 4.860530808568001 150.7244267389178 103.8034922033548 273.0434039309621 71.73587318509817 1.172788389027119 1.909073233604431 0 1.019938066601753 0 0 0 0 0.159944549202919 0.1178185492753983 0.2333171367645264 0.1049242243170738 0.218484491109848 0.3490060567855835 0.6800294518470764 0 0.2788754031062126 0.4431318417191505 0.9264845103025436 0.3379257917404175 4.55476401001215 0.2445366308093071 0.7771299257874489 0.1137805581092834 30.42401372641325 0.4557240977883339 4.25614670664072 5.223250329494476 2.74691990762949 0 0 0 0 0.1316866725683212 1.466615244746208 0.1184086129069328 0.7778647541999817 0.5233674868941307 0 0.2592498660087585 0 2.236295506358147 0.2804970666766167 0 0 0 0 0.2858977764844894 0 6.601282969117165 6.427351124584675 11.18504801392555 1.22968864440918 0 0.4327129125595093 0.2796923816204071 0 0 0 0 0.2433681935071945 82.78442789614201 3.341928161680698 0 0 0.2352083399891853 46.09963349252939 20.92521820962429 22.32945699989796 1.336873479187489 0.2209292724728584 0.4057411327958107 0 0 0 0.07313080132007599 0 0 0 0 0 0 71.07028321921825 16.63014324754477 19.08001878857613 1228.022009894252 11.19603350758553 638.1802051439881 195.5783884748816 206.367309242487 198.4990519732237 2.931985065340996 66.95383433997631 27.37816005945206 0 8.006545282900333 5.814609967172146 22.22059251368046 1.384994089603424 0.2724528014659882 2.486922815442085 23.12977339327335 0.4489904046058655 187.3968290016055 46.29605581611395
50.41252511739731 5.183411031961441 13.5628564953804 219.5391983240843 6.944156661629677 88.6759762018919 135.7464106753469 20.18397057801485 37.90622961521149 484.5136290863156 207.9635529667139 27.66636775434017 1320.929778650403 79.04198974370956 2.250362955033779 0.3820003941655159 0 0 0 0 0 0 0 0 0 0 0 0.1137589663267136 0 0 5.049002192914486 0.1237652748823166 6.917897373437881 0.1195762455463409 0 0 15.5928531140089 0 0 0 0.3082846850156784 0 0 0 0.2761264443397522 0.5628741085529327 3.32623266428709 0 0 0 0 0 0 0 0 0.6551740914583206 4.13006217032671 1.330122455954552 0.2726163938641548 0.5268852338194847 0.117432028055191 0 0 1.384668007493019 0 0 0 0 0 0 13.5136951059103 14.45912662893534 0.5296629220247269 3.583513274788857 3.329739473760128 1.598204560577869 1.241044074296951 0.6806854233145714 0 65.19592213630676 0.4460422694683075 0 0 0 0.08560878783464432 0.5029385909438133 0 0.2776079773902893 0.1135099902749062 0.87858896702528 0 0 0 0 0 162.3360470682383 15.57053770124912 0.9392673373222351 0 37.12626137584448 0 1.117417141795158 0.1798944175243378 3.974861666560173 4.996579460799694 46.06860600411892 0.5657238066196442 5.120713368058205 11.08305311203003 27.53342713415623 1.867915935814381 61.73212222009897 39.5133643373847 117.3734448552132 17.80854854732752 0 0 0 0 0 0 0 0 0 0 0 0 0 0 0 0 0.09967451542615891 0.1343258023262024 0 0 0.7417880669236183 0 0 0 3.968592539429665 0.1384368389844894 0.3217602372169495 0.1082777380943298 0.0986999049782753 0 0 0 0 0 0 0 0 0.08814895898103714 0 0 0 0.1392669528722763 0 0 0.4257438480854034 0 0.2962290048599243 0 0 2.056340873241425 1.304625704884529 1.981652781367302 0 0 0 0 0 0 0 0 0 19.7904881387949 0 0 0 0 7.260810703039169 2.309101544320583 2.961762167513371 0 0.4894123375415802 0 0 0 0 0 0 0 0 0 0 0 34.23094310611486 3.048976950347424 1.737021513283253 38.43404863029718 0.9192484766244888 10.29074095934629 5.12384620308876 95.96705597639084 2.413691230118275 0 0.586437001824379 9.91151162981987 0 0.7477215230464935 1.65705431997776 8.617100119590759 0 0 0 1.002094686031342 0 358.6003786474466 26.54644656181335
477.626065865159 512.8317842334509 148.715959072113 2775.740307062864 296.7462772428989 259.9983548372984 296.5817551761866 124.3226076066494 620.1032179147005 4927.092632070184 1572.001262977719 1320.929778650403 314.0494103357196 679.1262611523271 23.22111993283033 10.41870033740997 1.198782980442047 0 0 0 0 0.1384245753288269 0.1333553940057755 0.08431140333414078 0 0 0 0.3755767121911049 1.973488308489323 0.1417686492204666 73.13168335705996 8.943996854126453 215.6497531309724 0 0.3840196430683136 0 138.2791872397065 0.6718749478459358 0.9273033812642097 0 0.8981142342090607 0.6024701967835426 0 1.254397504031658 0.1357118040323257 0.6555277705192566 86.22018228471279 1.294351004064083 0.2562506422400475 0.4004909694194794 0.09910294413566589 1.426914930343628 1.406983762979507 0.8092503920197487 2.414210587739944 4.141799762845039 73.3801394701004 52.35166186839342 11.61558830738068 15.01900961995125 1.716387219727039 14.74506690353155 0.3271355479955673 23.01504261791706 1.576344542205334 2.382864743471146 0.8495565801858902 1.331422492861748 0.4324811771512032 0 423.6140177100897 50.14156479388475 5.624088600277901 140.1440178155899 43.96470294892788 41.41177056729794 8.940875709056854 6.44923897087574 1.17175181210041 229.4702013358474 0.9928319975733757 3.019615456461906 7.729814179241657 0.8954228460788727 1.820300243794918 4.123351573944092 0.7467023506760597 1.95133414119482 0.6322061493992805 2.800690375268459 0.7835857793688774 0.08366931974887848 0.6948681771755219 0.6827318370342255 0.7672917991876602 1198.433227285743 58.14249049127102 0.9872237741947174 0.7236864417791367 350.5291240587831 0 10.98972099274397 6.721345216035843 27.00936922430992 29.64990957081318 285.0474687367678 2.91316756606102 32.43645755946636 89.76647457480431 126.9272611290216 7.712226539850235 407.6305623948574 307.9321964606643 666.9488345682621 107.8120975717902 0.3480422496795654 0.4785714447498322 0 0.1022892966866493 0 0 0 0 0 0 0 0.7284016609191895 0 0 0 0 0.1612926870584488 0.499960258603096 0.2102303206920624 0.5240040943026543 6.829724095761776 0 0 0 40.3126132786274 0.2482813894748688 7.679119579493999 6.053526028990746 0.7899813205003738 0 0 0 0 0.5363712906837463 0.3685955181717873 0 0.2157062143087387 0.9962198138237 0 0 0 1.619178406894207 0 0 0 0 0.3495683968067169 0 0.8625072240829468 5.765241593122482 2.673849545419216 14.50221772491932 0.2089768052101135 0.2286575585603714 0 0.1320849806070328 0 0 0 0 0 131.8149127736688 3.475738264620304 0.3045139908790588 0 0 54.61284323036671 16.30122300982475 30.15767417103052 0.2731079012155533 0.1643032878637314 1.670829333364964 0.09348242729902267 0.2462115734815598 0 0 0 0.1718571931123734 0 0 0 0 179.3726993352175 25.61326812207699 20.55008985847235 440.9374259114265 4.396264687180519 193.3540074825287 44.72534973174334 613.8414012119174 57.63525397330523 1.134507015347481 20.24218592792749 42.86170832812786 0 6.228822626173496 4.447728864848614 58.16456808894873 1.851137340068817 1.812969088554382 0.6596882939338684 5.00822826474905 0.4011390209197998 1279.236967839301 137.4730837494135
93.28171497583389 115.1603443101048 450.1468226537108 77.9663108959794 111.6014998406172 47.50577045977116 7.785666912794113 379.439658716321 85.72887552529573 361.4669008255005 3286.949760973454 79.04198974370956 679.1262611523271 353.6187016740441 44.85672982782125 17.96701683849096 1.622378773987293 0 0.1258603632450104 0.1388434767723083 0 0.6074514985084534 0.318653404712677 0.1831033751368523 0 0.7489951178431511 0.5388330444693565 0.3466800898313522 1.286798618733883 0.4008834213018417 104.6416191235185 14.48851884156466 284.4997156560421 0 0.3233602643013 0 290.5702800676227 1.790106154978275 2.293321296572685 0 0.919432520866394 2.144036628305912 0 1.208566173911095 0 1.124618157744408 97.22929302603006 1.297295019030571 0.3952270820736885 0.08796986937522888 0.4528857916593552 1.033938035368919 0 0.4852583259344101 0.7873003929853439 1.047571614384651 24.93551071733236 27.29213810712099 5.505526714026928 12.48274128884077 0.6910063177347183 29.07686109095812 0.3753744214773178 33.11372892558575 0.8831521272659302 1.88899988681078 0.6956567391753197 0.478431262075901 0.4195562228560448 0.8474309891462326 700.0425184220076 37.66547200828791 2.434259884059429 73.22094055265188 45.86907117813826 52.69087945669889 15.87870577722788 10.08162167668343 1.455034241080284 251.9052614867687 1.502502121031284 1.578990578651428 4.43593991547823 0.2158730924129486 1.066708944737911 1.343077346682549 0.2271565869450569 0.9317169412970543 0.3246872872114182 2.061542950570583 1.223474644124508 0.2399170771241188 1.213788256049156 1.698048487305641 1.761225320398808 678.1925263628364 63.85411058366299 1.691134586930275 4.912377238273621 100.2213656380773 0.1760105565190315 20.5982184484601 8.911807008087635 30.33652294427156 32.28829652070999 319.3747544139624 2.496845066547394 36.62156245112419 74.20696771144867 119.8805393651128 10.15159238874912 447.9838440567255 273.123842716217 688.1675424054265 126.8502268493176 1.205966450273991 0.7538948729634285 0 0.2440711706876755 0 0 0 0 0 0 0.1837365627288818 0 0.3304165378212929 0.08752495050430298 1.357937961816788 0 1.075770504772663 0.7167573794722557 0.4630319401621819 0.2382350489497185 6.798836454749107 0.3666018843650818 0.7746220901608467 0 44.8586290627718 0.6476804241538048 5.90289880335331 4.702293485403061 1.105925112962723 0 0 0 0 0.3716821521520615 1.775420144200325 0 0.5439643412828445 0.7407961785793304 0 0 0.1171669960021973 2.021736524999142 0.1180465146899223 2.007748365402222 0 0.4574559777975082 0.1406389176845551 0.5713668167591095 0.4274782240390778 8.435459055006504 5.917813904583454 14.42563758045435 0.2201404795050621 0.338347390294075 0.5839429497718811 0 0 0 0 0 0 144.2184553220868 1.910732313990593 0.2023388296365738 0 0 64.03076497465372 21.33243160694838 29.1215261593461 0 0.8650000095367432 0.8867380321025848 0 0 0 0 0 0 0 0 0 0 189.3833049312234 24.35086450725794 16.58515177667141 765.2759846523404 7.703631043434143 239.7799165919423 76.77628920972347 290.0773876905441 90.23957562446594 4.773297697305679 39.49869002401829 54.82674334943295 0.4071780741214752 6.872739724814892 4.507993072271347 50.19941682368517 3.421886950731277 0.1528213918209076 1.39164175093174 11.23527415841818 0 930.5258368700743 124.4596182331443
1.130441144108772 3.674920417368412 7.161265566945076 0.3099554777145386 6.712811507284641 0 1.370220452547073 88.98463903367519 11.67243601381779 2.054937653243542 100.2132073193789 2.250362955033779 23.22111993283033 44.85672982782125 228.0808518081903 1100.210640475154 264.1787208244205 6.960608199238777 10.68171057105064 6.174472816288471 1.095546200871468 0.3460359573364258 6.287678495049477 15.6919103115797 24.22351787984371 6.452278979122639 15.69411959499121 4.204687237739563 6.552584126591682 12.52339776605368 1.824212037026882 28.97058803588152 68.46284668892622 3.134651556611061 2.61577495187521 20.28072030097246 60.01972145587206 51.75717136263847 44.28019051253796 22.211331859231 7.847899213433266 4.450042463839054 5.530381314456463 188.1722480654716 17.32427576929331 21.2623613551259 533.3310704156756 9.800627738237381 26.44543055444956 13.70416028052568 2.690395295619965 2.060728952288628 5.224953182041645 2.161787360906601 1.689068578183651 1.410307481884956 1.764935828745365 3.092179194092751 1.028473541140556 145.2025893777609 17.9737009704113 88.63612212985754 4.888555690646172 16.64491395652294 1.975632287561893 4.238857254385948 1.370100595057011 13.42876133322716 15.40842418372631 7.338070176541805 10.8931055366993 12.59115053713322 0 424.5973341315985 48.30461179465055 1141.178331092 448.44628277421 1488.715859495103 70.52216611802578 222.003578543663 80.25008561462164 87.69525534659624 6.231630980968475 0 2.43915468454361 2.546508334577084 13.27666376531124 0.6989478543400764 1.20186934620142 1.053253903985023 4.961945787072182 2.802485980093479 8.722717724740505 4.168709769845009 6.398204430937767 3.065468713641167 3.563727535307407 0 6.233903497457504 0.5232175812125206 0 0 0 0 0.5249308943748474 0.7611603885889053 0.557470515370369 0 0.1273106336593628 0 0 0.8904022350907326 2.129700474441051 2.933267012238503 5.800391793251038 0.9395632371306419 2.082897715270519 0 0.5614709779620171 0 0 0 0 1.353677503764629 0 0.3419686406850815 0 0.3796412348747253 0.1156504452228546 0.930700808763504 0 1.923048593103886 0.4367626905441284 0.909277580678463 0.1046277061104774 0.1031647846102715 0 1.703710354864597 0 6.655937395989895 0.3378474712371826 2.514652490615845 5.918782390654087 1.993684180080891 0 0 0 0 0.628647543489933 1.622341558337212 0 0 0.9419675394892693 0 0 0.127357006072998 3.789728008210659 0 0 0 0 0 0 0 11.63157811015844 2.417470827698708 1.606949090957642 1.067565619945526 0.1482354700565338 0 0 0.179561585187912 0 0 0 0 5.257395833730698 4.974979639053345 0.5819071829319 0 0 2.85620966553688 5.964336968958378 5.292223811149597 0.6884735748171806 0.3485046252608299 1.703773632645607 0.2593027353286743 0.1144058182835579 0 0 0 0 0 0 0.4976752623915672 0 1.239987879991531 7.605874225497246 11.17282716184855 17.26159822940826 13.52084340155125 442.4465262666345 69.11338942497969 2.321363389492035 5.485372826457024 0.2388675808906555 2.9912980645895 3.719162851572037 0 2.718633435666561 1.55871220678091 3.0150106549263 0.9388218894600868 0 0.4392869547009468 1.001444220542908 0 10.13962785899639 3.516136713325977
