293.3085904940963 4296.875184476376 883.3544042482972 1409.366495504975 11.76555907726288 220.07359559834 361.3974457457662 89.39122320711613 3.173771299421787 582.6526234596968 81.44163573533297 17.62841740995646 26.22890727221966 176.104520983994 5.188700705766678 2.327058777213097 0 0.09428735822439194 0 0.1204752549529076 1.334758691489697 0 0.8181385546922684 2.440459780395031 0 0.3361267000436783 0.2238380089402199 0 0 0 2745.88648275286 73.88455575704575 4.290222749114037 0.5902793183922768 0.2638176307082176 0.1543664336204529 0.9973574802279472 0.5171450674533844 0.7845702618360519 0 0.1170541942119598 0.3448599278926849 0.2682516425848007 0.1212719231843948 0 0 11.79616530239582 3.021619513630867 0.3156918585300446 0.1293340623378754 0.3434948399662971 1.52095016092062 0.4420988857746124 0.2372291013598442 7.754957966506481 17.38198335468769 106.2385433018208 337.4250407442451 61.75503883510828 89.4877230450511 0.8847941160202026 0.9047453254461288 0 23.38527602702379 5.221439152956009 1.845708698034286 1.748636662960052 0.7241651490330696 1.188169904053211 1.591149643063545 2.305332504212856 19.89356423914433 0.6996551305055618 199.4019573554397 35.05708548426628 57.55899853259325 1.972986064851284 0.4826838299632072 0.2993374913930893 24.20951411128044 0 3.855582006275654 19.06965913623571 1.130060419440269 2.849094241857529 5.945229664444923 1.350874327123165 0.6848221123218536 1.074469491839409 0.8012235909700394 0.3888719901442528 0.5299232006072998 0.5117240473628044 0.1950499936938286 0.3713706359267235 146.599576599896 18.67917235195637 3.434199750423431 4.462722681462765 628.2925103232265 0 6.282696008682251 6.653054237365723 8.449857607483864 5.102335929870605 11.71967884898186 15.23765750229359 7.570994153618813 25.77611309289932 38.77492423355579 0 5.629803135991096 9.436115607619286 2.303789258003235 0.2377713620662689 0 0 0 0 0 0 0 0 0 0 0 0 0.1022102013230324 0 0 0 0 0 0 3.125383794307709 0.1356383860111237 0 0 0 0.550594300031662 0.3236161470413208 0.09251918643712997 0 0 0 0 0 0 0 0.1214170157909393 0 0 0 0 0 0 0.1142535880208015 0 0 0 0 0.4451406598091125 0 3.450366348028183 0 0 0.2250555008649826 0 0 0 0.2650865614414215 0 0 0 0 0 1.807603195309639 0.1270688772201538 0 0 0 0.9665476083755493 0 0 0.7058613300323486 0 0.1003135219216347 0 0 0 0 0 0 0.3121352270245552 0.1064944863319397 0 0 1.594284653663635 0 0.710597462952137 172.0611603111029 6.991553857922554 75.53845284879208 9.813812419772148 506.9117179960012 14.64761476963758 16.10989568382502 1.05862732976675 6.994166880846024 0 0.4713322520256042 4.743145942687988 63.35234332084656 0 4.435311317443848 0 0 0 486.9889389052987 20.00442084670067
4296.875184476376 3638.15625962615 2867.530533790588 613.1862016394734 2620.50562915951 243.6210609376431 1716.890978753567 579.6575540527701 975.6428524330258 442.6508158370852 1542.922956004739 31.16119468212128 595.0823629498482 2179.897660315037 57.84124275296926 33.88886640965939 1.140958480536938 1.112217307090759 0.4965487718582153 0.2924545481801033 1.851180650293827 0.402105987071991 2.682731375098228 3.504660286009312 0.8607715591788292 0.3580718412995338 1.365096539258957 0.4007959812879562 0 0.937255859375 1375.995545096695 122.2516186758876 10.27191953361034 0.7748326286673546 2.897321477532387 0.2579387128353119 2.657146707177162 0.5885133072733879 1.159550964832306 0 2.95193088799715 1.106464810669422 1.075220815837383 1.594339109957218 0.1785804256796837 0.9743170589208603 332.809108749032 20.0675812214613 3.583270862698555 2.520025566220284 2.270285241305828 0.9865427911281586 0.2203259691596031 0.4380461275577545 21.17506574839354 52.82198797538877 68.06804380565882 303.3707516118884 75.87152564525604 193.3771173581481 1.763398036360741 2.497223079204559 0 211.1899502128363 22.23170604556799 11.37678585201502 8.668172731995583 7.173088312149048 2.2650031670928 2.931262724101543 9.800879664719105 7.746121451258659 0.6225360482931137 296.6757947430015 246.4097231402993 346.9376822933555 148.2280310541391 24.58630830049515 3.043241001665592 131.8151109293103 2.344418540596962 8.386704973876476 59.78643556684256 3.494034729897976 12.63110388815403 22.95141527801752 7.430025115609169 0.8145180866122246 10.21039170026779 1.908975452184677 6.183858707547188 2.659579731523991 2.679161608219147 2.198910467326641 2.565826050937176 56.58581288158894 13.53347501903772 0.8524561822414398 2.261460445821285 412.7052396684885 2.404674112796783 7.272786796092987 14.03309562802315 3.461724460124969 13.98598679900169 52.07205206155777 10.92370754480362 31.10406629741192 39.3428947776556 60.41240784525871 2.360856860876083 31.7055948227644 31.09135949611664 13.64659131318331 15.10910035669804 0 1.078806884586811 0 0.40163853764534 0 0 0 0 0.1105580776929855 0 0 0 0.3253785148262978 0 0 0 0 0 0 7.044686943292618 0 0.1500502526760101 0.1106786578893661 0.3612889498472214 4.735838189721107 1.989749692380428 3.688405819237232 0.491291731595993 0.5308569297194481 0 0 0 0.9527232646942139 0 0.5175774022936821 0 0 0.4633669629693031 0 0 0 0.5557126104831696 0 0 0 0.09745649993419647 0 0 3.913749098777771 0.1797015368938446 1.344390392303467 8.235682524740696 1.270530223846436 0 0.1027265265583992 0.1984500586986542 0.1941021308302879 0 0 0 0.1135354489088058 12.87799559533596 0.3882991969585419 0 0 0.1608817428350449 17.39733597636223 4.100572824478149 5.79866386204958 0 0.1834427714347839 0 0 0 0.09081726521253586 0 0.2259645834565163 0 0.8833639845252037 0.3739317357540131 0.1620753705501556 0 8.385101154446602 5.786959379911423 0.6844451650977135 376.2905613705516 17.50478947162628 695.9018180221319 66.92482666671276 413.1870838329196 43.31396977603436 8.660185292363167 40.75160644948483 2.867540016770363 0.1356983333826065 8.595440573990345 2.089294388890266 14.91030329465866 0 0 0.2902165055274963 7.946676634252071 0.7948971390724182 329.9675263687968 16.11957305669785
883.3544042482972 2867.530533790588 2863.003522098064 31.14038242399693 516.4023024663329 38.43663646280766 365.1521205157042 3556.808807067573 622.8281269297004 7.316700421273708 2204.363651752472 20.96370013803244 296.2651813700795 2164.074700914323 46.74249096214771 64.42098598182201 2.20761726051569 1.703970164060593 0.5616395100951195 5.673072747886181 36.7383112385869 1.056764751672745 46.17036233097315 59.98709584027529 5.002678863704205 9.325851269066334 9.53849671036005 2.621503703296185 1.11088564991951 2.567981421947479 3955.932066597044 1625.809643834829 20.47655073553324 6.9095588773489 30.42545995861292 2.529425151646137 4.148047797381878 3.974674470722675 4.027272664010525 1.292694658041 34.09983118623495 9.959935210645199 9.165168486535549 4.918486773967743 3.773305259644985 1.321111254394054 201.6500211283565 10.17467895895243 2.15023085474968 5.689210698008537 1.061032079160213 1.642925187945366 0.4360049292445183 5.541535452008247 8.179266363382339 21.16775661334395 26.98557980358601 160.666277371347 30.92049740254879 86.76694338768721 7.275973096489906 21.02843167632818 0.1071953251957893 635.4133268892765 8.466815963387489 6.909874550998211 4.806582771241665 5.025118231773376 18.41747225821018 53.36008859425783 6.303680174052715 5.463369704782963 0.2212077975273132 151.7506618797779 189.1006419211626 239.5008950531483 193.1834974884987 59.5752561762929 36.00259380042553 1634.333900608122 4.663312137126923 176.2817040830851 32.84173170477152 1.419895686209202 6.241881318390369 10.44874425977468 7.059543430805206 0.8687392100691795 4.214833468198776 1.157037429511547 2.982614628970623 1.028439775109291 29.4468554854393 6.23234449326992 5.31801626086235 7.284822084009647 5.998345360159874 0.9038758352398872 5.08908324688673 101.5829700604081 0 0 6.072159051895142 2.068438291549683 0.6437909603118896 9.775948017835617 0.691167950630188 4.069171383976936 9.27046662569046 18.21390223503113 0 2.986722692847252 1.882630050182343 1.762874476611614 6.670324698090553 0.2990674450993538 0.2090257331728935 0 0.1159707456827164 0 0 0 0.1594096422195435 0 0.5117513239383698 0.8978179469704628 0 0.371472179889679 0.2683250308036804 0.4166097417473793 0.3717949092388153 1.010289646685123 0.5644718408584595 0.2007613033056259 2.616842985153198 0 0 2.091540791094303 0.7178427949547768 2.588107168674469 3.323880024254322 3.092006720602512 2.762839615345001 1.675189673900604 0.2395555302500725 0.2866796031594276 0.09239351004362106 0 0.4121615067124367 1.112860605120659 0.1864209920167923 0 0.419499397277832 0 0 0.2479816377162933 2.077475011348724 1.414198823273182 0 0 0.1056565791368484 0 0.09707427769899368 0 0.1053958311676979 1.277569778263569 3.044679418206215 3.961510181427002 0 0.1159054636955261 0.09058645367622375 0.3419180363416672 0.4157368764281273 0 0 0.2009267807006836 6.376058101654053 1.605074197053909 0 0 0.5707994475960732 8.926928833127022 0 2.726783737540245 0.4649944305419922 0.1006704196333885 0.1125532761216164 0.1416451334953308 0.09864851832389832 0.2603313699364662 0 0.1024686992168427 0 0 0 0.6585992351174355 0 2.061121642589569 3.620283804833889 3.204851016402245 196.0599379763007 10.08356019854546 350.0712125897408 41.32995653897524 51.00370673835278 18.10390664637089 4.517822951078415 26.41108413040638 2.549120701849461 0.4633116275072098 3.675696648657322 0.5749189779162407 2.75744141638279 0.1150625795125961 0 1.125815346837044 8.058189824223518 0 60.61812467128038 5.030554614961147
1409.366495504975 613.1862016394734 31.14038242399693 382.4075257480145 6.556508488953114 658.9216435700655 660.2676574662328 2.405804365873337 6.583549283444881 1822.486843377352 6.419733569025993 267.6047777086496 206.1660464853048 16.07129493355751 9.805902853608131 1.579161502420902 0.342956431210041 0.3923303112387657 0.0845726802945137 0.1378459185361862 0.3412166237831116 0.2362970411777496 0.09929994493722916 0 0 0 0 0.2262655198574066 0 0.09578244388103485 231.2242839038372 0.5737574324011803 0 0 0 0 1.097526155412197 0.5157009735703468 1.19054388999939 0 0.1212492138147354 0.08032731711864471 0.3239820376038551 0.1927584931254387 0 0.1042329296469688 60.84176971018314 6.265892997384071 1.113882958889008 0.500462494790554 0.3952797949314117 1.053217254579067 0.1606341153383255 0 9.433143012225628 22.49344911426306 39.45192919671535 126.6837856695056 37.90502333641052 92.81764499843121 0.4915423095226288 0.1967189386487007 0 23.0089068338275 9.345517009496689 4.69881197065115 3.253089122474194 3.553303927183151 0.3516442775726318 0.1217415258288383 1.466771565377712 10.22368808835745 0.6733867153525352 151.5418272465467 71.14987748861313 93.20517459511757 10.90733724832535 1.498499296605587 0.1153012216091156 0.2217594161629677 0.2045415490865707 1.046458214521408 29.97666980326176 1.526455521583557 5.081959590315819 7.989272370934486 3.601148091256618 0.2469658926129341 4.428363725543022 0.7821789532899857 1.970620706677437 0.6622336506843567 0.1108648255467415 0.4780384376645088 0.5155199393630028 98.80512294173241 5.941931284964085 3.18467078357935 3.163520358502865 227.6927461847663 0 7.32906785607338 5.106135591864586 4.661434099078178 4.0232103317976 26.40284785628319 7.9607253074646 13.04695145785809 32.86062155663967 25.43254821747541 0.8772273659706116 6.024230182170868 9.024904102087021 2.31800277531147 2.958949416875839 0 0 0 0.2897052466869354 0 0 0 0 0 0 0 0 0 0 0 0 0 0 0 1.390397965908051 0 0 0 0.1387642025947571 1.367939889431 0.4839583039283752 0 0.1986251771450043 0.2428129017353058 0 0.2257145941257477 0 0 0 0 0 0.7708724141120911 0 0 0 0 0 0.2397269606590271 0 0 0 0 0 0.7548864781856537 0 0 0.1785017102956772 0.1423429399728775 0 0 0 0.2118556350469589 0 0 0 0 2.61735001206398 0.2635520398616791 0 0 0 1.774746969342232 0 0 0 0.1010886579751968 0 0 0 0 0 0 0 0.1082737296819687 0 0 0 2.032415300607681 0.6959085762500763 1.194369465112686 41.2138621583581 4.633915260434151 172.9532234892249 12.18265224993229 290.836796246469 12.50852506607771 8.743226148188114 1.870294690132141 3.35180002450943 0 0 0.1896021217107773 24.11791095137596 0 0.1142567321658134 0 0 0 398.8136666044593 29.21107702702284
11.76555907726288 2620.50562915951 516.4023024663329 6.556508488953114 2561.468570671976 1.360636249184608 3405.247789315879 103.5924355536699 5478.512294247746 34.63523060083389 1305.722596645355 7.327208280563354 750.7250508144498 1434.855278775096 32.11852137744427 28.12108208239079 0.7002620548009872 0 0.4352803081274033 0.419611893594265 0.6687197238206863 0 0.4151939153671265 0.2589251399040222 0 0 0.268762469291687 0.2496649995446205 0.1226263493299484 0.1279300004243851 63.05289287865162 16.51707163453102 2.589359223842621 0 0.3527950271964073 0.1523172557353973 4.32924984395504 0.1346474140882492 1.640787482261658 0.2412756457924843 0.3480218201875687 0.4862286373972893 0.1805422008037567 0.3765386044979095 0.1194559261202812 0.1076626032590866 137.9246377795935 4.717013224959373 0.6725872084498405 0.3373372703790665 0.6150922328233719 0.123723953962326 0 0 2.937191516160965 5.192502446472645 5.760769732296467 12.95153952389956 11.27866023033857 23.66684318333864 0.9166188761591911 2.254826463758945 0 81.83917937427759 3.492713592946529 1.827953524887562 0.8881034851074219 0.8354499712586403 0.8443719074130058 0.6822208166122437 14.43158508837223 1.641477838158607 0.09809006750583649 34.61080738902092 48.65786404907703 100.794540502131 101.3892251104116 15.40217232704163 1.134907111525536 12.50605385005474 0.706390768289566 2.313356913626194 6.99680633097887 0.165883794426918 1.443913489580154 3.370001703500748 1.123531974852085 0.1477221846580505 2.044102288782597 0.4323343187570572 1.229549929499626 0.29978346824646 0.3106659650802612 0.3143781647086143 1.023242369294167 28.42660517245531 8.296541884541512 0.3696504533290863 2.14308113604784 2.186508722603321 0.8546755611896515 4.681537389755249 21.21770951151848 0.7100344300270081 19.01922136545181 52.68717955052853 6.288885176181793 47.53454810380936 26.40303041040897 77.06918147206306 4.478825807571411 30.79681714624166 39.57709613442421 25.53241457045078 26.41636715829372 0.8369585424661636 1.669030614197254 0 0.3430425822734833 0 0.1060057133436203 1.030267834663391 0 0 0 0 0 0 0 0.2822647392749786 0 0.1272398084402084 0.7797111868858337 0 15.22934997081757 1.988088071346283 0 0.1660338789224625 0.1499300301074982 11.11854936182499 0.4583562314510345 5.18537150323391 0.9217750281095505 0.220424123108387 0 0.1375199109315872 0.1078223288059235 0 0 0.5359192490577698 0 0.1656902581453323 0 0 0 0 0 0 0 0 0 0.9647477269172668 0 0 0 2.649707555770874 9.884358145296574 0 0 0 0 0 0 0.0860656201839447 0 0 32.78294858336449 0.4724126085639 0 0 0 35.32880610227585 0.8900812864303589 6.121597900986671 1.401038229465485 0.861548900604248 0.7372663766145706 0.97737717628479 0.1811200678348541 0 0 0 0 0.08528272062540054 0 0 0 10.36089929938316 8.864882320165634 5.383632153272629 258.6153415963054 8.254042364656925 293.7951584905386 39.52053158730268 21.30199304223061 20.78988221287727 4.856608994305134 40.20179013162851 7.283239975571632 0 3.173398658633232 1.995968282222748 3.31348118185997 1.134350776672363 0 1.948021024465561 8.391703628003597 0 32.83533443510532 30.49039706587791
220.07359559834 243.6210609376431 38.43663646280766 658.9216435700655 1.360636249184608 11.02103787660599 100.2916840910912 4.218846127390862 0.193006843328476 787.9647677242756 1.45752526819706 53.4772615134716 37.28658207505941 10.73355530202389 2.333209335803986 6.477526262402534 0.1466307491064072 0 0 0 0 3.974996320903301 0 0 0 0.1548542678356171 0.1345985978841782 0.1544381231069565 1.331675127148628 0 190.7770763486624 0.3777786120772362 16.05664619803429 0.131560280919075 0 0.1980956345796585 6.339318618178368 4.099799953401089 8.852769754827023 0.5458363220095634 0.1779163926839828 0 0 0.4839315116405487 0 0 3.399222083389759 0.550504669547081 0 0 0.5889385193586349 22.67395605146885 3.815142884850502 2.930193111300468 0.3204443901777267 1.276686914265156 73.23662082105875 14.17684036493301 2.928383216261864 5.474031299352646 2.439494222402573 10.4265194311738 0 0.7009167447686195 0.7315901219844818 0.09755433350801468 0.4322515875101089 0.2655245140194893 0 0 18.41476644575596 268.4446130916476 17.84259111434221 11.64933230727911 2.849028572440147 5.641732960939407 1.454767435789108 1.605665922164917 0.232075423002243 10.25699980556965 2.354312837123871 10.17937324941158 2.687147617340088 1.448815643787384 0.2379609644412994 0.5921072885394096 0 3.057791881263256 2.421119689941406 15.03026045113802 1.071030341088772 3.574292480945587 0 0 1.292424842715263 198.2913716286421 236.7567912340164 47.63420490175486 40.39428594708443 260.2459422498941 0 0.9302102327346802 3.850973457098007 2.686898946762085 0 4.865915909409523 2.958434551954269 6.66510421037674 23.48387414216995 11.80587102472782 0.3921134173870087 2.34975303709507 3.5576311647892 1.291821882128716 0.9172246009111404 0.2787283286452293 0 0 0 0 0 0 0 0 0 0.1741848140954971 0 0.1308709681034088 0 0.0929073765873909 0 0 0 0 0.2239620834589005 0 0 0.3225827515125275 0.5224298089742661 0 0 0 0.3857745230197906 0 0 0 0 0 0 0.155443012714386 0 0 0 0 0 0 0.5350516065955162 0 0 0 0 0 0 1.307096570730209 0 0.2632705569267273 0.499937891960144 0 0 0.1611605584621429 0.1085174232721329 0.1326120048761368 0 0 0 0 1.973806455731392 0 0 0 0.09532887488603592 0 0 0 0 0 0 0.1339555680751801 0.1232376992702484 0 0 0.422098308801651 0 0.1418114006519318 0.1597052961587906 0 0 0.3259415328502655 0.4122581705451012 1.574158415198326 25.41518065333366 0.5486365854740143 13.64447782933712 4.730235479772091 242.0258212387562 0.8349958509206772 0 2.386113360524178 0.5256111323833466 0 0 0 6.925233423709869 0 0 8.083741188049316 0.9788836240768433 0 107.9056620448828 20.65173861384392
361.3974457457662 1716.890978753567 365.1521205157042 660.2676574662328 3405.247789315879 100.2916840910912 1063.938986547291 44.52590660750866 3667.844278886914 2113.685237728059 480.7652055993676 422.9915787279606 4157.474129505455 4936.943512752652 41.09768231213093 51.00897620618343 2.19104390591383 0.5365083068609238 0.1034506410360336 0.2158022448420525 0.4586380198597908 0.1866161823272705 1.191970139741898 1.402375385165215 0.1266534328460693 0.1483482271432877 0.2771889567375183 0 0.5234570354223251 0.2628982961177826 243.0378732159734 27.36308767646551 6.174892544746399 0.4926206171512604 0.4821034371852875 0.29562708735466 4.240734361112118 0.8601931631565094 1.404408723115921 0.4067225083708763 1.308281473815441 0.3614541292190552 0.1830175518989563 2.024591311812401 0.429575152695179 0.6774484217166901 253.7148640751839 10.89173110574484 0.6202360540628433 0.4403215795755386 1.522649958729744 1.020438194274902 0.112466499209404 0.3844335973262787 9.494890764355659 24.204665184021 21.49873086065054 89.12102460861206 38.76366375386715 88.13480956852436 1.098431453108788 2.639090053737164 0 144.0302584543824 11.10059177875519 6.179811760783195 3.1684665158391 3.253986567258835 1.559789218008518 0.6627645790576935 38.35585009306669 2.94366979598999 0.09215371310710907 121.8890179693699 146.7464794740081 234.1201797202229 132.5413790047169 27.12124856561422 1.050416074693203 13.62970888614655 0.5354154035449028 4.05448766797781 32.11550429463387 0.6850925981998444 6.176162056624889 10.28633401542902 3.953224167227745 0.9026523604989052 6.944852709770203 0.6478799059987068 2.319435797631741 1.337980672717094 0.8368725180625916 0.9445685297250748 0.7282057479023933 141.6380051970482 15.39049486815929 0 4.694856137037277 46.59524986147881 3.459103338420391 11.17245738208294 88.99812434613705 9.973610922694206 31.12223723530769 167.9538556262851 19.12555356323719 116.6827439814806 113.782005444169 171.6727576255798 6.045597076416016 73.33943779021502 126.470885425806 59.58489969372749 44.12508669495583 1.367020778357983 1.46120049059391 0 0 0 0 0 0.1364108622074127 0.2950447499752045 0 0 0 0.1052598506212234 0 0 0 0.09185531735420227 0 0 27.01185720413923 6.861397549510002 0.09683366864919662 0.3466088175773621 0.1339236497879028 18.43512786924839 0.7186383008956909 8.600978806614876 0.2924890369176865 0.1951431557536125 0.9192691445350647 0.9725332707166672 0 0 0 0.6066484600305557 0 0.4858136624097824 1.388017669320107 0 0 0 0.1418777406215668 0.2254580706357956 0.1178702339529991 1.257540225982666 0.1898558288812637 0.1037229523062706 1.252427093684673 0 0.4123330116271973 1.29657381772995 12.99077049642801 3.100167773663998 0.09697301685810089 1.146642528474331 0 0 0 0.5491472110152245 0 0 39.95494397729635 2.407433703541756 0 0 0.2580599337816238 50.97780291736126 1.594094812870026 11.08870269358158 1.648545995354652 2.063723176717758 1.365614652633667 0.638412743806839 0.1260250955820084 0.1137464642524719 0 0.1353635340929031 0 0.3149678409099579 0.09801864624023438 0 0 36.01922293007374 16.98721574991941 5.960217148065567 409.9521633386612 11.22426372766495 562.4580786600709 59.69509740918875 81.4186302497983 36.134063847363 4.150856107473373 50.64210760593414 5.720225028693676 0 15.32856643944979 3.520017273724079 34.80944734811783 3.575610160827637 0.08548151701688766 0.1606370806694031 10.35776804387569 1.229457244277 235.9342472329736 126.5283851325512
89.39122320711613 579.6575540527701 3556.808807067573 2.405804365873337 103.5924355536699 4.218846127390862 44.52590660750866 1889.969660997391 198.3721479251981 7.547021627426147 2393.048340663314 94.77847734093666 650.0972505062819 2261.125478297472 68.02162502706051 156.4917698204517 2.236725367605686 5.436252631247044 1.466957502067089 37.21747437864542 102.1334069371223 1.625619806349277 100.1121903285384 129.1630747243762 10.75188035517931 17.67936217039824 23.12083834409714 9.313833937048912 2.143149152398109 7.421456500887871 774.2096407935023 2616.927629128098 133.646278001368 18.36343621462584 82.99815065413713 5.121187001466751 40.03363256901503 10.76736851036549 9.476261667907238 3.507390350103378 85.92164036631584 22.78278032690287 39.43581957370043 31.22269002348185 10.30758624523878 20.87194142490625 180.0910836011171 6.748094171285629 4.732576534152031 26.07777081429958 2.159951359033585 3.901221722364426 2.638220503926277 16.89616215229034 2.604312002658844 6.240521870553493 7.061551131308079 31.29649265110493 9.614063166081905 27.91014102101326 399.5046310573816 166.9405554160476 1.610601030290127 384.475605070591 3.346495918929577 6.573532417416573 2.110490545630455 7.798553891479969 67.73682678490877 143.7629315555096 35.87165413051844 21.27251946926117 2.164939604699612 43.01996748149395 83.20651658624411 162.4964431598783 296.8914621770382 444.1118350401521 1000.755808711052 2449.830661445856 400.0776708126068 2206.875789500773 8.625078745186329 0.112111009657383 2.913174584507942 3.162540026009083 19.48511382192373 0.2773362398147583 1.571929283440113 1.316823393106461 1.743232093751431 0.8966758921742439 73.47054546326399 15.51340160518885 18.29155734181404 29.6339610144496 17.3802066296339 4.389718055725098 10.26553050428629 10.78503075987101 0 0 4.034665316343307 0.4191460311412811 5.855730265378952 9.681880176067352 0 7.345718994736671 4.554889336228371 6.019308432936668 0 3.312280237674713 7.150461614131927 8.200133666396141 13.32135289907455 2.33156044781208 1.370778277516365 0.2426678463816643 0.1268806755542755 0.2553543150424957 0.3223051056265831 0.1490838676691055 0.1224896237254143 0 0.3582464382052422 3.232623815536499 0.1105212867259979 0.5173387676477432 0.25638347864151 0.5335197523236275 1.080045640468597 0.7581180408596992 1.74057549983263 0 5.679290056228638 1.054676875472069 0.3416041806340218 2.209580950438976 1.659598775207996 7.937994316220284 4.155825145542622 8.252769850194454 5.459435991942883 2.257126100361347 3.882680341601372 0.2821135967969894 0.3472965210676193 0.1124695539474487 0.9347462356090546 1.771714851260185 0.8281799256801605 0.2030665278434753 1.141306780278683 0 0.2234739512205124 0.686181977391243 4.912212572991848 2.949783965945244 0 0 0 0.6879060864448547 0.4162826836109161 0 1.145259499549866 5.050805732607841 9.977619595825672 2.691999793052673 0 0.08775944262742996 0.1705919206142426 0.1405346840620041 0.1971822381019592 0 0.09384328126907349 1.20927669852972 11.17049990594387 5.019580699503422 0.1579320728778839 0 0.803810678422451 13.93267306685448 1.980046182870865 6.741552531719208 0.3742772191762924 1.95622955262661 0.6064615473151207 0.1422163546085358 0.4660562202334404 0.1224784255027771 0 0 0 0.5767025724053383 0.0911833718419075 0.2114613056182861 0.1399823725223541 3.158785223960876 10.04183565825224 7.259372301399708 290.1044747531414 11.38643401861191 338.8246963992715 61.2207800373435 22.996896058321 15.88749621808529 1.951087951660156 51.01096403598785 8.272026531398296 0 7.05901038646698 2.700892217457294 2.67616280913353 1.04366809129715 0 0.5979410633444786 11.48580503463745 0.604826346039772 17.19476329535246 9.608363315463066
3.173771299421787 975.6428524330258 622.8281269297004 6.583549283444881 5478.512294247746 0.193006843328476 3667.844278886914 198.3721479251981 955.6276819854975 41.82328578829765 1331.893191978335 8.7705939412117 625.144073612988 1201.239318281412 12.34191489964724 20.16841502487659 0.4640816301107407 0.1030962765216827 0 0.2109271362423897 0 0 0 0.5694260746240616 0 0.1296326369047165 0.09915170818567276 0.1028984189033508 0 0 15.28056960552931 1.744915977120399 0.8425048589706421 0 0 0 1.013010963797569 0.6837576925754547 0.6679371297359467 0.1096320822834969 0.2342104241251945 0.1144031062722206 0.2597032561898232 0.6727360114455223 0 0.1312954872846603 62.3043996989727 1.222239322960377 0.4814016669988632 0.09986603260040283 0.1166098639369011 0 0 0 1.093147404491901 1.45793080329895 1.866541050374508 2.847701042890549 4.73475243896246 7.055120170116425 0.402575358748436 1.245736382901669 0 24.17048174887896 1.391823932528496 0.4421406015753746 0.4975176006555557 0.5921829342842102 0.1123539060354233 0 13.17002370208502 0.2376233637332916 0 9.217694282531738 13.32736112177372 41.02820568531752 35.52207050472498 9.704403012990952 0.09108810871839523 48.15386968106031 0.3052477687597275 1.496444471180439 2.284787148237228 0 0.4970092549920082 1.276780411601067 0.1938050463795662 0.1443163603544235 0.66783357411623 0 0.07926090806722641 0 0.4671063721179962 0 0.2581531777977943 33.58003798127174 5.59173846244812 1.157976433634758 0.7765101566910744 1.254716649651527 0.3900007307529449 0 13.26502725481987 0 4.673858061432838 58.62848041206598 7.171304553747177 33.10665369033813 28.20370158553123 48.32551629841328 3.689805090427399 29.3401130437851 40.87894140928984 17.95843042433262 17.86226003617048 0.211353600025177 0 1.137158632278442 0 0 0 0 0 0 0 0 0 0 0 0 0 0.1555236577987671 0 0 7.5972620844841 0.5243450403213501 0 0 0.1863799691200256 4.61981688439846 0.4594033062458038 5.86660248786211 0.1952457204461098 0.2849180996417999 0 0 0 0.3085736036300659 0 0.2341355085372925 0 0 0 0 0 0 0.121434323489666 0 0 0 0 0.6919573545455933 0.2497937679290771 0 0 1.880258679389954 18.41891354322433 0 0 0.7768798768520355 0 0 0 0 0 0 25.05760996043682 0.1834248453378677 0 0 0.08672293275594711 21.06576178967953 5.304925620555878 7.443747624754906 0 0.4062308073043823 0.5972184240818024 0 0.3525592461228371 0.3231565058231354 0 0 0 0 0 0 0 10.80066312849522 8.706758171319962 3.564268358051777 134.5479318127036 2.027960643172264 139.0711161196232 21.08634695410728 11.62281162291765 9.314898170530796 3.472178488969803 14.20760777592659 1.483697295188904 0 2.107434168457985 5.052344679832458 8.820430442690849 0 0 0 2.077204510569572 0 31.97302889823914 25.50270317494869
582.6526234596968 442.6508158370852 7.316700421273708 1822.486843377352 34.63523060083389 787.9647677242756 2113.685237728059 7.547021627426147 41.82328578829765 1907.731321468949 8.253766015172005 1197.199654109776 3371.910694621503 360.9785374477506 7.921047486364841 13.10669998079538 0.2718421742320061 0.1745853126049042 0 0.2048315107822418 0.275378406047821 0.303808331489563 0 0.5974035114049911 0 0.3908525705337524 0.1340479552745819 0 0 0 96.70942417532206 2.008076339960098 13.98429235816002 0 0 0 16.20119915902615 1.787902802228928 3.116627685725689 0 0.443111427128315 0.1898190379142761 0.2985383942723274 0.5778156444430351 0 0 45.40305630117655 1.956094481050968 0.3124134913086891 0.1132509186863899 0.5762521401047707 4.011215999722481 1.39723140001297 1.15242438018322 5.753151684999466 12.71264018118382 23.30971793085337 42.68919169902802 17.42847719043493 44.4286316037178 1.268032535910606 4.441340371966362 0 15.23791800439358 5.100618198513985 2.005902290344238 2.401071973145008 1.18537326157093 0.3108300641179085 0 194.3869749978185 25.38478741049767 2.291236601769924 60.17958239465952 37.14338678121567 52.17598352581263 9.751131080091 8.872200585901737 0.312223806977272 4.389399617910385 0.8832359686493874 3.980616644024849 10.46982975304127 0.5692515969276428 1.710329644382 4.295211918652058 1.585480995476246 0.3584195822477341 2.060823753476143 1.077142268419266 1.061964921653271 0.7479172870516777 0.3524550423026085 0.4601872935891151 0.6911547854542732 514.7177294045687 188.6541284620762 5.477698653936386 24.00961770862341 177.6220593675971 0.4370416700839996 25.87862049043179 43.38155638426542 22.59496195614338 27.88682541251183 170.8255896419287 55.51936021447182 129.751056805253 196.2123763412237 284.709540605545 6.135221123695374 162.7227067947388 210.5374521017075 48.04154482483864 25.37124402821064 0.5992845818400383 0.6482021659612656 0 0 0 0 0 0 0 0 0 0 0.1266036480665207 0 0 0 0.2291917502880096 0.1416745781898499 0 21.353340908885 3.7812380194664 0 0 0 12.52281507104635 0.2986172661185265 1.810864426195621 0.1018973514437675 0.2365928739309311 0 0.147672027349472 0 0 0.3570659309625626 0 0 0 0.192273810505867 0 0 0 0.2331262826919556 0 0 0 0.1120432689785957 0 1.763016194105148 17.97492927312851 0 0 3.113424614071846 2.024221979081631 0.1276852190494537 1.246236979961395 0 0 0 0.09715265780687332 0 0.3076050281524658 29.86996813863516 4.306247659027576 0.2184912711381912 0 0 30.82517352700233 6.030086413025856 2.268934547901154 0.1172578036785126 0.1070757731795311 0.3463716134428978 0 1.201235741376877 0.07335226237773895 3.595478057861328 0 0 0 0 0 0 37.38484285026789 8.720819965004921 2.758107960224152 77.11357843875885 2.293097406625748 112.3112013414502 10.10980201512575 390.3517753332853 7.435095377266407 1.651174671947956 8.506037756800652 14.45437250286341 0 6.9892463311553 2.989493548870087 82.07265128195286 0.2235039621591568 0 0.8109307363629341 1.486257016658783 0 1236.303664952517 334.8148092851043
81.44163573533297 1542.922956004739 2204.363651752472 6.419733569025993 1305.722596645355 1.45752526819706 480.7652055993676 2393.048340663314 1331.893191978335 8.253766015172005 2114.46974222362 59.42685817182064 795.6898389533162 5091.306804224849 15.65239122509956 44.06394880264997 1.527261056005955 0.3646578267216682 0.1159982830286026 0.486811138689518 2.823416255414486 0 3.117882125079632 5.021985322237015 1.831387601792812 1.640175484120846 2.286433234810829 0.2702517211437225 0.5714816451072693 0.9764115065336227 116.004319101572 14.47400312125683 120.4462067112327 0.1045657321810722 3.341813124716282 0.5246035158634186 25.99984686076641 3.319229081273079 3.256164826452732 0.8282072246074677 5.715154111385345 0.5295675322413445 0.2494071796536446 3.531200274825096 0 0 33.35784853249788 1.254592314362526 0.5603291988372803 0.4357406049966812 0.3901426419615746 0.4849693030118942 0.2286641597747803 0.9649521857500076 0.6757494956254959 0.951303593814373 1.658533520996571 9.426880240440369 1.819864198565483 7.160319052636623 0.5856770500540733 8.410144321620464 0 23.63927498459816 0.6200977340340614 0.4444404691457748 0.587621197104454 0.08875864744186401 1.183637328445911 2.90789756923914 21.6087507084012 4.250166639685631 0.4133434891700745 8.836675487458706 10.31625561416149 31.79483782500029 26.85935193300247 32.23374208062887 0.2349009215831757 863.4003524258733 0.2415880188345909 14.12261660397053 1.58585811406374 0 0.2784309759736061 0.6560275703668594 0.3027952089905739 0.09054411947727203 0.1847988367080688 0.2043705061078072 0.310879610478878 0.09781621396541595 2.13199458271265 0.7827720269560814 0.2212958708405495 12.75446500629187 8.674008525907993 0.7275922894477844 4.7567173615098 6.102925784885883 2.341436386108398 0.2803228497505188 2.461729049682617 2.109352767467499 7.443080335855484 16.05274564027786 1.413780212402344 13.70423829555511 3.977009892463684 15.35491171479225 0 10.86523312330246 12.24223849177361 3.183093905448914 4.614983201026917 0.579173743724823 0.2417559027671814 0 0.1222869902849197 0 0 0 0.2920430302619934 0 0 0.2532554492354393 0.1987780034542084 0.2577227652072906 0 0.1902100592851639 0.3255184888839722 0.09135483950376511 0.1048754900693893 0.1194451078772545 3.917145580053329 0 0.1046975925564766 0.1388611644506454 0.2296722829341888 2.225968807935715 0.2568508088588715 0.7432284504175186 0.9002119228243828 1.049110718071461 0.3943005502223969 0.1886580288410187 0 0.1672122776508331 0.2339539676904678 0.2657798677682877 0 0.9014576971530914 0 0 0 0 0.2433754727244377 0.1164336875081062 0 0 0 0.8575190305709839 0.1382400989532471 0 0 0.5387114137411118 6.02006658166647 0 0 0 0 0 0 0 0 0 4.633638717234135 0.6249180361628532 0 0 0 7.342817813158035 0.2704885303974152 5.065286636352539 0.8081086575984955 0.7539124190807343 0 0 0 0 0 0 0 0 0 0 0 5.1590526252985 3.880206555128098 2.845163352787495 93.38374528288841 4.051806569099426 74.13140482455492 17.07270611822605 5.470367938280106 4.65867505967617 1.147743500769138 17.35543187707663 3.937816016376019 0 3.161882534623146 0.7028986141085625 1.297985732555389 0 0 0.20726378262043 5.493195205926895 0 12.6795684620738 4.804793074727058
17.62841740995646 31.16119468212128 20.96370013803244 267.6047777086496 7.327208280563354 53.4772615134716 422.9915787279606 94.77847734093666 8.7705939412117 1197.199654109776 59.42685817182064 255.5526509582996 1514.634291514754 288.410135678947 28.86913651227951 114.5189675688744 3.526888780295849 1.037058115005493 0.5136647522449493 0.1241860464215279 1.504700794816017 4.393628403544426 0.5727307796478271 2.052811674773693 4.30420283973217 2.798285812139511 2.831847928464413 2.810104049742222 5.482482373714447 1.747286140918732 13.12834099680185 5.688127249479294 183.6264442577958 0.583253875374794 1.07073949277401 1.073851525783539 129.3625086322427 31.37437199801207 26.6264533996582 4.446318715810776 7.355947397649288 1.05625456571579 0.304048515856266 5.597001224756241 0.4060039818286896 0.2903343066573143 41.45387297868729 0.3180654048919678 0.1475492119789124 0.6929696872830391 0.3713270649313927 3.848251357674599 6.044052317738533 10.37054600566626 0.4897184297442436 1.71947668492794 3.211249686777592 3.468597069382668 3.001397684216499 5.480823315680027 2.448816657066345 136.02125030756 0.1342743933200836 30.34457758069038 0.9661513492465019 0.3480352014303207 0.3020044416189194 0.4606814458966255 0.6400942578911781 2.855380743741989 351.5203861221671 25.55487284064293 2.306087292730808 6.84340788424015 9.595483534038067 36.49499937146902 28.83713776618242 56.09162367880344 2.807536728680134 75.53342444449663 2.265454664826393 66.57614307105541 1.045681141316891 0.1412518322467804 0.4239007160067558 1.244818434119225 0.4622712805867195 0 0.3427090719342232 0.9564206078648567 0.1001109927892685 0.3234300389885902 2.650019600987434 1.113071300089359 2.473470777273178 865.6674401536584 102.50284653157 7.123234570026398 38.09353016316891 18.09633614867926 0 11.80811201035976 25.82223658263683 3.566398203372955 29.15033695101738 117.3224537968636 26.22709211707115 82.99092162400484 87.14660236239433 186.2059207558632 3.019688844680786 84.62796468287706 94.04131385684013 40.13297517597675 36.06359834969044 1.253421820700169 0.5131024122238159 0 0.4861364811658859 0.1419073641300201 0 0 0 0.1234530135989189 0.3484847545623779 1.208925753831863 0 0.3873201459646225 0.2799542546272278 0 0.7973460257053375 0.3806177154183388 0.8639490008354187 0 13.590531244874 2.182321548461914 0 0.8404466882348061 0.4829453080892563 14.646304436028 2.108060844242573 4.779555961489677 2.59906942397356 1.05011198669672 0.2142895013093948 0.2233274430036545 0 0 0.1391833424568176 0.6083763167262077 0.1840499043464661 0 0.3670297861099243 0 0 0.7302648201584816 1.003485143184662 1.947011679410934 0.55322265625 0.2150441333651543 0 0.6148000955581665 0.5462185740470886 4.431189119815826 0.8043290451169014 1.682819999754429 15.27467354387045 2.045390054583549 0 0.4503604397177696 0 0 0 0 0 0 37.35946255922318 4.414537236094475 0 0 0.08667810261249542 41.66797530651093 0.7659957557916641 9.320302233099937 0.08386139571666718 2.750271245837212 1.191045045852661 0.6960310637950897 1.256770901381969 0 0.1088635101914406 0 0 0 0.2167713195085526 0 0 26.74423179030418 16.0159158706665 6.278153710067272 183.137683570385 4.075660295784473 129.1310800537467 37.12780196964741 46.84611993283033 7.97645565867424 2.105455562472343 32.63137167692184 11.65875718742609 0 10.2106587216258 5.650199487805367 33.14604014158249 1.234030187129974 1.702953435480595 1.237570777535439 11.09506776928902 2.08563369512558 352.3731330633163 206.8664978817105
