437.6021269336343 3156.79380235076 788.4392178803682 2468.902381509542 100.515063084662 127.3896215334535 257.7012718394399 71.99398627132177 8.714968100190163 1475.37631367892 90.5071938559413 9.739182509481907 43.40272961556911 29.57700537890196 0.7101215049624443 0.3283184617757797 0 0 0 0.1497336626052856 0 0 0 0 0 0 0 0 0 0 727.2067187353969 2.124425157904625 4.911582916975021 0 0.06942953169345856 0 2.295986481010914 0.08249488472938538 0.3635196089744568 0 0 0 0.1447545811533928 0.08375714719295502 0 0 44.43396636843681 2.764352411031723 0.6414217501878738 0.1457282155752182 0.09629710763692856 0 0 0 3.508040182292461 3.173016637563705 141.9299576804042 359.6230258122087 81.04312401264906 21.69652312248945 0 1.098794594407082 0 14.86447189748287 6.904748134315014 5.100596934556961 1.647140301764011 1.545204438269138 0.2463534399867058 0.07035251706838608 7.650356478989124 0.7296241521835327 0 203.7600787580013 25.94813722372055 18.53341003507376 6.256462477147579 0.4036705866456032 0 3.903342954814434 0 0.3628758043050766 21.99436256289482 0 3.188057497143745 2.172078214585781 0.9987597689032555 0.3553510010242462 0.9653939679265022 0.2853698283433914 0.08441411703824997 0.211366593837738 0 0.07821712642908096 0 23.80035521090031 4.820870637893677 0.1080207899212837 0 611.8128640130162 0.222771555185318 3.77896736562252 6.870335727930069 1.636569291353226 0 11.93812189251184 8.892979323863983 1.142575189471245 16.47779725492001 7.615983992815018 0.1469343304634094 3.606369771063328 16.1738338842988 5.075806751847267 1.907628603279591 0 0.1341758817434311 0 0 0 0 0 0 0 0 0 0 0.2995471954345703 0 0 0 0 0 0 0.2371710762381554 0 0 0 0 1.281833484768867 0 1.491116411983967 0 0 0 0 0 0 0 0 0 0 0 0 0 0 0 0 0 0 0.1756361424922943 0 0.1211674213409424 0.4679416716098785 0 0 0.4517771825194359 0.1046123057603836 0 0.1669620200991631 0.07525113970041275 0 0 0 0 0 3.989912018179893 0 0 0 0 0.9076078273355961 0 0.5141269564628601 0 0 0 0 0 0 0 0 0 0 0.08337949961423874 0 0.228224441409111 2.502912968397141 1.173011735081673 1.363168954849243 146.7791181653738 2.183564320206642 92.09524370729923 5.982984565198421 725.6519046276808 8.992678046226501 2.517299897968769 7.764853678643703 15.3299451097846 0 0 0 23.429293371737 0 0 0 0.8313242495059967 0 231.58774433285 1.974867664277554
3156.79380235076 4214.844592157751 3500.063597485423 1447.195006124675 2424.544593349099 122.1590631529689 1753.358225986362 620.2611510828137 1206.149169489741 1771.677064556628 2061.481503978372 135.3576967045665 281.6489368900657 886.5482548289001 22.73946817964315 5.341901369392872 0.2844214886426926 0.5143368802964687 0 0.3155111446976662 0.07699551433324814 0 0.3529361858963966 0.1689604222774506 0.3890083432197571 0.1060600653290749 0.1826309338212013 0 0.3079097270965576 0.07914084196090698 2610.140452571213 26.60734961926937 12.88087522238493 0.07870634645223618 0.2194567769765854 0.1246254146099091 3.275190025568008 0.8177026212215424 0.4046141058206558 0.5405203253030777 0.1114786639809608 0.3725778982043266 0.8657765462994576 0.5252779573202133 0.1466418281197548 0.07881698757410049 209.5658084750175 4.24846887588501 0.1700115948915482 0.6732281260192394 0.4973320141434669 0.06374774128198624 0.1820948719978333 0.475586511194706 3.353856317698956 4.003750383853912 56.24604625254869 380.2216194197536 54.19328717142344 135.5651518553495 0.5833817981183529 2.951608397066593 0.1809306219220161 171.0621422752738 12.68838905543089 9.704799804836512 1.790994398295879 2.725848186761141 0.4567711427807808 0.3441871888935566 24.93545344471931 1.074008584022522 0 467.445853844285 190.1909329742193 203.089755743742 85.34075137227774 4.481989935040474 1.893074132502079 13.40741990506649 0.2665297761559486 4.770818419754505 44.63133782893419 0.07601417601108551 6.973972387611866 5.128562703728676 2.720202259719372 0.1205262094736099 3.939032480120659 0.07433585077524185 0.1322850659489632 0.08439838141202927 0.3234019055962563 0 0.2501663714647293 13.5697377845645 5.206333480775356 0 1.334385961294174 377.5635937452316 0 4.031903862953186 3.602836832404137 1.641166970133781 0.6712916642427444 24.52410580217838 4.820805326104164 2.705563589930534 26.18596451729536 7.708707749843597 0.6193212643265724 6.760064639151096 13.95726498961449 8.361425869166851 5.968477427959442 0.2434350252151489 0 0 0 0 0 0 0 0 0 0 0 0 0 0 0 0 0 0 0.8157878741621971 0.1398085802793503 0 0 0 8.990705281496048 0.2280385345220566 1.739965729415417 2.593061782419682 0.1690026819705963 0 0 0 0 0 0 0 0.1642840951681137 1.26859500259161 0.09408164024353027 0 0 0.827390156686306 0 0.09860064089298248 0 0.1955613046884537 1.216613367199898 0.1741454154253006 0 0 0 6.429752245545387 0.3048917353153229 0 0.1357547417283058 0.1035179495811462 0 0 0.07021614164113998 0 0 12.98146860301495 0 0 0 0 2.356863781809807 0 1.04255460947752 0.8510765135288239 1.853882126510143 0.3231053054332733 0 0.5911907255649567 0 0.1486696004867554 0 0 0.1694479510188103 0.07288218289613724 0 0 6.383311957120895 3.44047936052084 4.027124084532261 280.9033234193921 5.363892905414104 347.779206879437 30.25578647106886 786.3112357035279 41.29947150498629 3.338834993541241 38.12761403620243 13.90374290198088 0.08799625188112259 2.824863493442535 0.680662676692009 18.36229939758778 0.1158992201089859 0.1907661110162735 0.1371961086988449 2.105730898678303 0.2569504678249359 130.0563225001097 5.531456768512726
788.4392178803682 3500.063597485423 2393.975910589099 32.61074306070805 768.1433081813157 14.84624211490154 164.9346585944295 3867.413369759917 265.0004418715835 124.0114778764546 2200.104008805007 54.25373819470406 292.0816939845681 811.5517603456974 16.60603127628565 16.7549007050693 0.6825605928897858 1.926876302808523 0.241652712225914 2.029460452497005 2.476684384047985 0 18.92658648639917 15.44238140434027 11.68713363260031 0.1045946776866913 16.69111885502934 0.0690225288271904 0.6690098643302917 4.118932195007801 7804.839756343514 1318.977230910212 102.0587223321199 7.217005707323551 20.3629732504487 6.244728334248066 24.07003036141396 5.969598464667797 3.490772642195225 4.664218559861183 2.836073324084282 3.219303824007511 4.339981228113174 1.794215686619282 1.971548646688461 1.397224113345146 123.5211814083159 4.954988479614258 1.278033241629601 4.290060915052891 0.6607009842991829 0.2868756204843521 1.087731122970581 0.3973526507616043 2.546956442296505 3.908808648586273 86.03096719831228 822.392453558743 74.72668314352632 85.0351527184248 4.313816569745541 67.81992491707206 1.790816806256771 417.499627366662 10.46066284924746 7.987549968063831 1.895985692739487 2.484189286828041 5.162058927118778 9.234937988221645 77.52744922041893 4.582802899181843 0 460.9965433701873 237.7203295081854 141.1319817714393 93.06612559407949 11.22791510820389 11.82570558041334 788.6762459203601 1.866456270217896 157.9662162959576 32.39420886337757 0.1377313733100891 5.621261641383171 5.194686383008957 3.225800827145576 0.1569940820336342 3.194691926240921 0.1551183089613914 0.3017274737358093 0 10.77914194762707 2.40509807318449 0.777662917971611 23.62492772936821 19.93450462818146 0.2292088121175766 9.95621432363987 205.5171508491039 0.4835934340953827 1.744114324450493 2.397881083190441 0.406427264213562 1.118544787168503 1.134602919220924 2.108476608991623 1.825089856982231 6.39803284406662 6.096297673881054 0.8362005278468132 7.132578782737255 18.73257254064083 10.62442041188478 10.89492883533239 0.6367610469460487 0.1043338179588318 0 0 0 0 0 0.1076261773705482 0 0 0.3327631652355194 0 0.4016756787896156 0 0 0 0.9360494837164879 0.2296008169651031 0.1855016052722931 1.405502669513226 0.4991419464349747 0 0 0 19.27368921041489 0.4209331348538399 5.701352477073669 5.588588006794453 1.745048128068447 0 0 0 0 0.09213466197252274 0.6045302599668503 0 0.3318059742450714 2.90658737719059 0 0 0 1.110580042004585 0.2584362402558327 0.1904880031943321 0.09386421740055084 0.1748375222086906 0 0.2748881578445435 0.1787509918212891 0.2845251634716988 0.1613056808710098 8.741753742098808 0.2135495766997337 0 0.567374050617218 0.3617385253310204 0.1209263503551483 0 0 0 0 17.1165385171771 0.6549869477748871 0 0.08040174096822739 0 7.012370370328426 0.09643146395683289 3.941243633627892 0.9482498690485954 0.7118742316961288 0.6278854012489319 0.54281897097826 0.4250998049974442 0.07303807884454727 0.09081266820430756 0.1085370257496834 0 0.2682171165943146 0 0.08307487517595291 0 8.902407415211201 10.73229898512363 11.99546463787556 166.9400061443448 5.038317151367664 210.9192606396973 19.33840152621269 122.791708342731 17.94754464179277 2.371806487441063 23.1138126924634 13.20361586660147 0 5.300773464143276 1.436602041125298 8.363007366657257 1.400739826261997 0 0.1109852567315102 1.729838758707047 0 62.62695278227329 6.096503637731075
2468.902381509542 1447.195006124675 32.61074306070805 1064.912225469947 74.24798230826855 522.2504577338696 418.9102736487985 5.864345021545887 43.62126210331917 3456.092965334654 7.349334619939327 76.78919251263142 106.0415769740939 62.66870436817408 1.45249480754137 0.4888274669647217 0 0 0 0.08107344061136246 0 0 0 0 0 0 0.07466330379247665 0.1242552846670151 0.07304508984088898 0.07777979224920273 125.6125150620937 1.819971106946468 1.136128671467304 0 0.07211384922266006 0.111730232834816 0.7459079697728157 0 0.1903648152947426 0.07285837829113007 0 0 0.1519224941730499 0.08812783658504486 0 0 45.97298209369183 1.386667162179947 0.1902507916092873 0.3767392225563526 0.1777858585119247 0 0 0 1.545550845563412 1.534362562000751 22.07334363460541 103.6536571383476 21.1517104357481 26.55647163838148 0 0.4635069519281387 0 20.9847200140357 4.29272373020649 3.125337928533554 1.118050701916218 0.6302680596709251 0.1638839691877365 0.0776408314704895 2.03529018163681 0 0 136.5799167230725 36.10971906781197 32.7551434263587 11.9130620136857 0.404224768280983 0.1852590665221214 0.9553551375865936 0.07619848847389221 1.021220736205578 12.99884684383869 0 2.506066247820854 1.510387971997261 1.027483887970448 0 1.21317420899868 0 0 0 0 0 0.09621244668960571 8.538611963391304 0.6344961673021317 0 0.6493732184171677 216.6059518158436 0.5130010098218918 7.623706810176373 13.18814218044281 2.082463651895523 0.194780021905899 46.55178295820951 10.16794595867395 1.330300264060497 31.01378864049911 7.794177055358887 0.4151438325643539 5.620740234851837 17.8782429471612 7.869608044624329 2.350935198366642 0.1231794580817223 0 0 0 0 0 0 0 0 0 0 0 0 0 0 0 0 0 0 0.1044585555791855 0 0 0 0 2.227417856454849 0 0 1.046691469848156 0 0 0 0 0 0 0 0 0 0.0813116580247879 0 0 0 0 0 0 0 0.08742394298315048 0.1012218669056892 0 0.4042571783065796 0 0 0.6817001476883888 0.1850421130657196 0 0.1754428297281265 0 0 0 0.128922775387764 0.1830295026302338 0 7.205768831074238 0 0 0 0 1.571340478956699 0 0.8684228956699371 0 0 0 0 0 0 0 0 0 0.07533849030733109 0 0 0 3.417034327983856 0.0831119492650032 0.2106880396604538 110.5848820731044 1.58108814060688 76.92487966269255 6.234043501317501 855.2334020808339 7.947632811963558 1.074909083545208 7.932657115161419 11.85191075503826 0.08689136803150177 0.6995913460850716 0.1852224916219711 28.38201711326838 0 0 0 0.08482876420021057 0 168.5072324648499 1.215757913887501
100.515063084662 2424.544593349099 768.1433081813157 74.24798230826855 1398.015351839364 5.086945839226246 1615.721112206578 1068.458806954324 3178.238516882062 1422.911726534367 3796.747059933841 380.680872425437 652.1060651987791 2947.529927946627 8.108628302812576 2.707222431898117 0 0.06597191095352173 0 0 0 0 0.1340731307864189 0.0825493261218071 0 0 0.06880780309438705 0 0 0 156.4560250639915 15.32484643161297 6.455433860421181 0 0.06286151707172394 0.5325963273644447 3.069280914962292 0.4697656556963921 0.127453550696373 0.2156228721141815 0 0.06405887752771378 0.1550251320004463 0.6109845489263535 0 0 58.01322064548731 0.7997677475214005 0 0.5023674704134464 0 0 0 0 0.2538731619715691 0.895879901945591 7.312852114439011 68.95082806050777 6.97137426584959 32.66380590945482 0.1662640199065208 2.061045564711094 0.06766167283058167 59.11692560464144 2.897650524973869 2.026621304452419 0.5059039741754532 0.4247517734766006 0.07227873802185059 0 16.14491716772318 1.542726099491119 0 88.28338204324245 45.5194883570075 54.35784254968166 30.74341208487749 2.683498807251453 0.560508631169796 4.660627715289593 0.09997256100177765 2.019265450537205 6.847720347344875 0 2.059143044054508 1.029512196779251 0.4581378698348999 0 0.5196219086647034 0 0.126315101981163 0 0.07102267444133759 0 0 8.857629097998142 2.278957150876522 0 0.4257966130971909 12.84073667228222 0.4972218200564384 0.5180794596672058 1.308251947164536 0.1728838682174683 0 5.384894698858261 3.974895551800728 1.867899350821972 7.253725573420525 5.008103400468826 0.2218066230416298 6.541559383273125 15.38769648969173 7.986595571041107 8.52259273827076 0 0 0 0.07224491238594055 0 0 0 0 0 0 0 0 0 0.129354253411293 0 0 0 0 0 1.663139872252941 0.3347645178437233 0 0 0 5.902403630316257 0.2393629923462868 1.329240687191486 2.86822734028101 0 0 0 0 0 0.3719452619552612 0 0 0 0.7791886851191521 0 0 0 0 0 0 0 0.1239820644259453 0.4541921317577362 0.5279471203684807 0 0 0 5.82019304484129 0.6870474815368652 0 0.09951505810022354 0 0 0 0 0 0 8.724822051823139 0.3248347640037537 0 0.07285789400339127 0 2.382954955101013 0.1471305638551712 0.8176833242177963 0.3675057515501976 0 0.8932156786322594 0 0.1093693375587463 0 0 0 0 0 0 0 0 5.434791557490826 2.069545701146126 2.847879528999329 69.86069978773594 1.804648160934448 89.45024142414331 8.899521298706532 35.67036271840334 10.03229580074549 0.3257282897830009 11.90715640038252 5.839477382600307 0.08154011517763138 2.402599260210991 0.1998926997184753 5.91223606467247 0.2879460230469704 0.3413651287555695 0 0.2670153677463531 0 16.84113039821386 2.951984569430351
127.3896215334535 122.1590631529689 14.84624211490154 522.2504577338696 5.086945839226246 9.563051760196686 30.75049307197332 4.298457346856594 3.98469865322113 829.4125428274274 6.778231650590897 123.0083113908768 81.0920662805438 38.1747353374958 1.035488814115524 0.5261984542012215 0 0 0 0 0 2.627879276871681 0 0 0.3039894253015518 0 0 0 0 0 25.64102543145418 0.5972200781106949 56.84877049922943 0.1221697703003883 0 0 21.58538979291916 0.678211122751236 3.494727306067944 0.4599889516830444 0 0 0 0 0 0 2.413651689887047 0 0 0 0.1999273300170898 6.61242738366127 1.263579964637756 0 0 2.609522610902786 50.54787766188383 2.328724049031734 0.3118510693311691 0.7221561521291733 0 1.412122949957848 0 1.077706754207611 0 0.1544866487383842 0.3611984848976135 0 0 0 147.7272115051746 345.735473304987 32.61955893039703 1.764456659555435 1.109328925609589 1.202745541930199 1.055056683719158 0.4513510316610336 0 2.783546045422554 0 0.08122507482767105 0.2795127406716347 6.039567478001118 0 1.102155536413193 0.1221505925059319 21.59691678732634 4.248738527297974 10.45288836956024 1.90376204252243 1.267987839877605 0 0 0.9270302206277847 315.0173830986023 187.4138548970222 20.70816124975681 23.44989868998528 129.3132766932249 0.6732668355107307 6.691710904240608 15.82824058830738 4.423079505562782 0.6529348567128181 6.333919212222099 20.63507682085037 4.326651245355606 19.4184255450964 20.56872762739658 0.5598070099949837 12.41654267907143 41.85473864525557 17.03528650850058 6.287968762218952 0 0.1006756871938705 0 0 0 0 0 0 0 0 0 0 0 0 0 0 0 0 0 0.4609942138195038 0.3008915632963181 0 0 0 7.124257944524288 0.1891491860151291 0.7477956935763359 3.105361849069595 0.395472876727581 0 0.4901547431945801 0 0 0.09990385174751282 0.09238676726818085 0 0 0.4066638648509979 0 0 0 1.3612180352211 0 0.1552592366933823 0 0 0 0.5293338745832443 0.7193474769592285 0.1109343394637108 0 2.563453391194344 0.1709563434123993 0 0 0 0 0.2418824434280396 0 0 0.1579277813434601 18.24347963184118 1.527706563472748 0 0 0.1367975622415543 1.30100753903389 0 0.1326470971107483 0.1649700105190277 0.3837634101510048 0.3708153292536736 0 0.2155541703104973 0 0 0 0 0.1332330852746964 0.1323392540216446 0 0 12.11988874524832 5.004648827016354 5.467991262674332 41.30503804981709 0.2361097186803818 4.694863602519035 0.7016953900456429 116.6949966773391 1.673231638967991 0.9190278947353363 0.3749215751886368 13.76930224150419 0 1.981026701629162 0 33.61454932391644 0 0 0.1122256517410278 0 0 43.61218506842852 15.10667283833027
257.7012718394399 1753.358225986362 164.9346585944295 418.9102736487985 1615.721112206578 30.75049307197332 1571.632936172187 146.5182755626738 2565.68546576798 3470.62544940412 464.684665068984 666.1012929230928 4766.04472168535 6479.839821517467 16.69999319314957 7.007188051939011 0.3169835656881332 0.2352092415094376 0 0.2530090287327766 0.1359431520104408 0 0.193300012499094 0.2917861677706242 0.1890656352043152 0.1064881905913353 0.1427916213870049 0 0.2180303409695625 0 125.3015111759305 21.83759149909019 18.15410616248846 0.08425492793321609 0.4927582740783691 0.1447254121303558 9.120115175843239 0.3458263427019119 0.7660159096121788 0.1189419031143188 0 0.08781357854604721 0.5626109763979912 0.8356286138296127 0.1174481883645058 0.1705676540732384 107.3535944521427 1.320958219468594 0.1654991954565048 0.132932998239994 0.09280147403478622 0 0 0.1500638127326965 0.5527328327298164 1.173707000911236 14.83851481229067 102.3802233934402 11.85061303526163 60.81533127650619 0.4833441451191902 2.770332798361778 0.1612769439816475 92.26889292150736 4.105732478201389 2.95973365008831 0.7079224213957787 0.8093421533703804 0.2320046350359917 0.08221209794282913 44.63874293863773 0.7163059934973717 0 156.9558053575456 81.77563701570034 103.3394515663385 58.71464154869318 5.131289683282375 0.6318394020199776 6.624951101839542 0.09082168340682983 3.1062977835536 12.28003603965044 0 1.396045252680779 1.922615267336369 0.8850667253136635 0.0829615518450737 1.469985388219357 0 0.3936746865510941 0 0.1734777390956879 0 0.1750289425253868 39.91869593411684 9.51115508377552 0 1.085542894899845 29.31649100780487 1.166595183312893 4.740394711494446 30.36226204037666 13.25815331190825 0.9192588925361633 15.23208811879158 11.35358425229788 6.341747052967548 34.46465614438057 10.70556139200926 0.3210555538535118 16.22278176993132 36.78733108192682 20.61351545900106 14.22032687813044 0 0.3849169760942459 0 0 0 0 0 0 0 0 0 0 0.08380024880170822 0 0 0 0 0 0 1.563233278691769 1.283472046256065 0 0 0 20.0012366771698 1.094364866614342 3.718874908983707 5.721191853284836 0 0 0 0 0 0 0 0 0.4250612258911133 2.314754649996758 0 0 0 0.396384172141552 0 0 0 0.287517711520195 0.2021124362945557 1.072988949716091 0.132175400853157 0 0 9.008856706321239 2.160291895270348 0.1425109952688217 0.5973374769091606 0.07720029354095459 0 0 0 0 0 26.1232800707221 0 0 0 0 8.184095956385136 0.2337339371442795 4.722657211124897 1.571673162281513 1.659101024270058 2.115409597754478 0.09999773651361465 0.2626391425728798 0 0 0 0 0 0 0 0 12.58479477465153 3.591111697256565 10.06272323429585 171.6466277390718 2.545132637023926 177.3930304013193 10.86893036961555 141.6184059381485 25.29475980252028 0.7438144907355309 20.81255370378494 14.35258031636477 0.4517879486083984 5.298577077686787 1.15932460129261 17.29001238197088 0.9968569874763489 0 0.1683885157108307 1.57264307141304 0.1773841679096222 38.01338897645473 11.07176687568426
71.99398627132177 620.2611510828137 3867.413369759917 5.864345021545887 1068.458806954324 4.298457346856594 146.5182755626738 3095.077611833811 325.8123280256987 66.50542668998241 5092.456283770502 38.04372198134661 314.2259962260723 1606.813348628581 43.31929092109203 61.33017187565565 1.785292722284794 10.02917747199535 1.445640735328197 16.41910733282566 16.56612175703049 0.1700732186436653 96.7046727091074 65.17516729980707 76.1843377687037 0.9531586989760399 66.64226873964071 0.2590273097157478 3.047632984817028 12.00159303098917 688.1506340280175 3645.823945891112 138.693706817925 38.66573142260313 115.6966846734285 46.42002595961094 30.70196677744389 19.47682859748602 5.871286943554878 16.75913075357676 14.15343314409256 10.76291951537132 40.74873142689466 8.234056979417801 8.950122661888599 10.94069255143404 127.6136170253158 1.944257892668247 2.149835929274559 17.88642200082541 1.512841530144215 1.520921908318996 2.68209870159626 4.65232115238905 0.6671560257673264 0.8877180591225624 13.83699542284012 138.6798320896924 9.380361344665289 43.8879261687398 79.848593339324 213.4211546629667 13.87609386444092 692.3946438282728 2.732676710933447 2.08056752383709 1.104016445577145 2.444234862923622 16.30517944693565 57.62945386022329 61.62603344023228 4.381717264652252 0.2456334158778191 120.3481329679489 127.2922056950629 121.3300665840507 489.8022520914674 471.7906645685434 1430.716919735074 3524.952087439597 38.93480762094259 2833.567931190133 8.265241473913193 0 1.178948953747749 0.5540485754609108 5.590813215821981 0.09503933042287827 0.8586074188351631 0 0.9714005291461945 0 41.10773355513811 8.566341549158096 1.503716394305229 16.32924633473158 15.38459748029709 0 8.153556935489178 16.1734162569046 0.3694275468587875 0.5026268362998962 1.486443541944027 0 0.2067950218915939 0.6045231223106384 2.160470843315125 1.193902812898159 4.190354563295841 4.464786469936371 0.2148720473051071 5.654448941349983 10.42163854837418 3.350667148828506 5.598135262727737 0.5586703941226006 0.09142981469631195 0 0.1105165481567383 0 0 0 0 0 0.2213300168514252 0 0 0.1965763494372368 0.2646711468696594 0.3536013886332512 0 1.480940133333206 0.362844817340374 0 0.6593718230724335 0.2424654215574265 0 0 0 11.07529848814011 1.106715142726898 3.942817717790604 3.497643359005451 1.366915054619312 0 0.1316725164651871 0.1539844572544098 0 0.1337858885526657 0 0 0.5588697195053101 1.39791689068079 0 0.09087265282869339 0.1298377513885498 2.524150550365448 0.7797687649726868 0 0 0 0.216570645570755 0.6119674518704414 0 0 0 6.038450159132481 0.482224814593792 0 0.1433588191866875 0.1146178692579269 0 0 0 0 0 10.62959522753954 0.7833925858139992 0 0 0.130836620926857 3.233141347765923 0 3.420991487801075 0.2712824940681458 0.4922724664211273 0.4750590771436691 0.1599571704864502 0.7196693867444992 0 0 0 0 0.07641511410474777 0.1057851910591125 0 0 5.063950076699257 7.177910678088665 7.631522409617901 238.5242980793118 4.942939206957817 190.7659219019115 17.15853964537382 53.12169201672077 24.92079894989729 0 16.89755868166685 8.531252406537533 0.2090310603380203 4.230002626776695 0.7700859233736992 4.034490883350372 0.1326543837785721 0 0.1990612223744392 2.795623250305653 0.2185958623886108 15.05513481795788 3.379303231835365
8.714968100190163 1206.149169489741 265.0004418715835 43.62126210331917 3178.238516882062 3.98469865322113 2565.68546576798 325.8123280256987 771.4600469172001 673.5421439707279 971.3603448271751 272.2240835353732 773.6441748961806 1339.562613323331 5.137068271636963 3.062076643109322 0 0.09317005425691605 0.2061299607157707 0.0848907008767128 0 0 0 0 0 0 0 0 0.09297803044319153 0 21.82102078944445 8.991752795875072 5.60399254411459 0 0 0 2.474650964140892 0 0 0 0 0 0.1363558024168015 0.1125165522098541 0 0 19.50137271732092 0.3375424072146416 0 0 0 0 0 0.1199331507086754 0.3973824307322502 0.21291334182024 1.278519071638584 13.13684988021851 0.708956815302372 11.3285845965147 0 1.44312059879303 0.1369965821504593 20.38662937283516 0.5323764085769653 0.4050396159291267 0.1551525443792343 0 0 0 14.05347527563572 0.3828297257423401 0 19.24441602826118 10.98947210609913 18.79586728662252 13.16803933680058 1.144164320081472 0 0.8060525059700012 0.1347283720970154 0.4597396031022072 1.192839793860912 0 0.4515449032187462 0.1436101347208023 0.1965034157037735 0 0.07882559299468994 0 0 0 0 0 0 11.7380046248436 3.362663559615612 0 0.3907903730869293 1.98928951472044 0.2194507420063019 3.041349917650223 2.097588710486889 1.115203522145748 0.4222284257411957 13.02729449421167 3.256245851516724 1.910749725997448 12.76381754875183 5.50954008102417 0 4.716718830168247 17.37840893864632 7.560004584491253 7.998561598360538 0.1844980716705322 0.2217537984251976 0 0 0 0 0 0 0 0 0 0 0 0 0 0 0 0 0 0.9636131972074509 0.5992904007434845 0 0 0 7.945266969501972 0.3346040546894073 1.590124435722828 1.959210313856602 0.09272482991218567 0 0 0 0 0 0.489907294511795 0 0.5032099634408951 0.9323179796338081 0 0 0 0 0 0.0668475329875946 0 0 0 0.2739518359303474 0 0 0 5.430803850293159 0.1983459442853928 0 0 0 0 0 0 0 0 11.3025388866663 0.2448720484972 0 0 0 2.248843841254711 0.1910965293645859 1.750357173383236 0.08892485499382019 0.8094805404543877 0.09440435469150543 0 0.1779448017477989 0 0 0 0 0 0 0 0 7.23607312887907 4.271426372230053 4.740802973508835 32.77031834423542 0.4459915459156036 29.69631443172693 3.507119596004486 14.77548657357693 5.225559391081333 0.2060909643769264 5.661164484918118 7.028024807572365 0 1.753577210009098 0.1761083155870438 2.686738550662994 0.1013877168297768 0 0.5570198521018028 0 0 6.687698766589165 2.820444904267788
1475.37631367892 1771.677064556628 124.0114778764546 3456.092965334654 1422.911726534367 829.4125428274274 3470.62544940412 66.50542668998241 673.5421439707279 4528.089454576373 117.0153887495399 4015.422173537314 7175.406385183334 2107.932711347938 23.64237323403358 9.649223297834396 0.3226116299629211 0.1539796963334084 0 0.1415432542562485 0 0 0.2805802896618843 0.2302523776888847 0 0 0.05904849246144295 0.1641525104641914 0 0 127.3503808416426 23.33379442244768 133.5242017731071 0.06519992649555206 0 0.3719330653548241 78.51047100871801 0.9655429869890213 0.9815740510821342 0.93215661495924 0.07806723564863205 0 0.3000901006162167 1.924729712307453 0.5558810755610466 0.2076224684715271 201.3865147158504 2.484970957040787 0.1759997233748436 0.2390730455517769 0.3364541083574295 0 1.086624383926392 0.1709015816450119 0.886218786239624 2.409036405384541 25.40883217006922 143.4398211240768 24.47716330736876 94.02375094592571 0.2539927437901497 15.40834363549948 0 94.57324818521738 6.200574077665806 4.547300338745117 1.418683610856533 1.331715703010559 0.3830850049853325 0.4643025249242783 396.4196216762066 9.06473683565855 0 246.3189549073577 106.3726995959878 132.0751524269581 69.02857772260904 11.55222651362419 0.8545251041650772 16.35981696844101 0 7.798482082784176 24.11991340667009 0 3.537025921046734 2.537741780281067 1.403358846902847 0.3916711434721947 2.321036756038666 0 0.09324174374341965 0 0.1667399108409882 0.07712297886610031 0 508.8893156945705 70.67869368940592 0 12.90586963295937 152.8279796540737 4.803651295602322 46.6602089703083 55.55418952554464 17.95892246067524 6.465142205357552 54.99859391152859 77.59808877110481 26.84827511757612 151.3876435384154 107.7021232321858 6.63533229380846 85.17318528145552 260.69407428056 138.2674139887094 65.10628063231707 1.591693490743637 1.043505661189556 0 0 0 0 0 0 0 0 0 0 0 0 0 0 1.312601983547211 0 0 8.21716383099556 3.198806561529636 0 0 0 79.97396986931562 2.32488751411438 11.5781284570694 12.97663879394531 0.17679563164711 0 0 0 0.2064942717552185 0.781015582382679 0.1057033389806747 0 3.644157640635967 5.996410086750984 0.07638602703809738 0 0 0.315045453608036 0 0 0.3181458711624146 0.5230675339698792 2.275407865643501 3.912982359528542 3.37358658015728 0.2911151126027107 0 37.04537764936686 4.92260467261076 0.08900324255228043 0.9399940520524979 0 0 0 0 0 0.1008039340376854 126.6489167511463 0.1425630152225494 0 0.0908697172999382 0 40.67656142264605 0.6608771607279778 11.92252729833126 3.872280292212963 2.904904060065746 4.112408496439457 0.433236837387085 1.938008412718773 0 0.1165785640478134 0 0 0 0 0 0 78.74522069096565 20.8112041130662 36.86296544224024 449.0664869248867 4.043361239135265 337.4718734622002 24.21062755212188 926.1207026541233 58.66318585723639 2.593810349702835 44.64640388637781 92.12400361150503 0.1675171703100204 21.41793552786112 4.703908145427704 208.1211044415832 3.31677021831274 0.09694793820381165 0.787310004234314 3.583826176822186 0.3586036264896393 347.5157857686281 59.98340458422899
90.5071938559413 2061.481503978372 2200.104008805007 7.349334619939327 3796.747059933841 6.778231650590897 464.684665068984 5092.456283770502 971.3603448271751 117.0153887495399 4196.601252377033 104.8573302477598 1156.644853040576 4288.405102334917 46.80074469000101 62.77463707327843 0.1912359744310379 0.7586427144706249 0.1154212355613708 0.1803702265024185 0.7540736794471741 0 13.99202159792185 11.41852185130119 18.96373955905437 0.08438777178525925 13.39259675890207 0.6482262685894966 2.065482787787914 4.639110535383224 358.4768297448754 412.0505212619901 681.604901522398 1.794069789350033 15.28675456345081 14.47883959114552 116.1002714931965 27.27780697494745 9.989682868123055 6.855601355433464 0.3413347974419594 0.2809387743473053 0.5198504403233528 6.900656513869762 0.586944967508316 0.6624912247061729 133.2502589821815 1.012480184435844 0.7425644844770432 0.7417161613702774 0.6578888073563576 0.6566724330186844 0.6653420552611351 0.06920996308326721 1.124258443713188 0.7807520404458046 12.22861696779728 95.51811735332012 8.751924246549606 45.76015073060989 2.095240287482738 32.26128569990396 1.040076963603497 194.6389017924666 1.812537204474211 1.495863623917103 0.4032795205712318 0.5404162183403969 0.2766451686620712 0.4217210561037064 166.1982466243207 6.269741803407669 0.5323749780654907 97.81610038876534 90.94657903164625 118.0751488879323 126.0454714000225 42.99154771119356 13.0008807182312 371.7181706726551 0.4198744967579842 18.6779802814126 7.375164836645126 0 2.051912933588028 1.578455612063408 1.074164003133774 0.0844697505235672 0.6913785710930824 0 0.06360264867544174 0 1.948482267558575 0.4846568182110786 0.3112346455454826 39.49972017109394 35.53910127282143 0.2618311941623688 15.95064815878868 17.28175223618746 3.51157158613205 0.3969930857419968 2.15088264644146 0.7881966829299927 1.814776867628098 1.915874689817429 3.346634805202484 2.971572883427143 8.79559601098299 6.304279580712318 1.032146900892258 8.328207835555077 21.54532451182604 13.60792696475983 12.92350731045008 0.5415558740496635 0.2966747060418129 0 0 0 0 0.6783477067947388 0 0 0 0 0 0 0 0 0.1299883276224136 0 0 0 2.184159301221371 1.485117986798286 0 0 0 25.78645429760218 0.5641119107604027 7.420772776007652 8.16379289329052 1.762412346899509 0 0 0 0.2897127270698547 0.2048687562346458 0 0 0.3873634040355682 2.124126687645912 0 0.1915470808744431 0.1810271292924881 0.758394330739975 0 0 0 0 0.6713269650936127 1.061449691653252 0 0.7112692221999168 0.109255738556385 14.06683752685785 1.520217105746269 0 0 0 0 0.1030980497598648 0 0 0 26.89495185762644 0.6821488067507744 0 0 0 9.033070266246796 0.436672143638134 6.905055060982704 0.6269353851675987 2.184294022619724 2.031666532158852 0.3100847601890564 0.5201586782932281 0 0.07729467004537582 0 0 0.121819019317627 0 0 0 10.44297911971807 17.41953132301569 23.58640092611313 275.550454877317 3.563353024423122 199.2236887738109 12.55629646778107 74.4963231831789 30.05634989589453 0.9756569489836693 26.10532244294882 18.28726794570684 0.2873346209526062 4.545968383550644 1.532053753733635 8.09065218269825 1.284448347985744 0 0.9690944403409958 3.148933626711369 0.3976422175765038 27.66818003356457 12.12687876075506
9.739182509481907 135.3576967045665 54.25373819470406 76.78919251263142 380.680872425437 123.0083113908768 666.1012929230928 38.04372198134661 272.2240835353732 4015.422173537314 104.8573302477598 128.784778483212 1450.568652622402 316.4242042452097 5.722048185765743 6.76588798314333 0.379300944507122 0 0 0 0 0 0 0 0.088027223944664 0 0.2157725915312767 0 0 0 8.899291642010212 6.020718179643154 71.04720186442137 0.08688242733478546 0.07792553305625916 0 97.35550674051046 1.865889973938465 0.7405724972486496 1.034076489508152 0.1747018694877625 0 0 0.3494231179356575 0 0.2490242570638657 33.06914615631104 0.09535660594701767 0.09719140827655792 0.1428470015525818 0 0 0 0 0 0.2433537021279335 1.352348521351814 7.167347200214863 1.0247508212924 9.047249011695385 0 9.686789080500603 0 12.15356381982565 0.2851640433073044 0.2211560010910034 0 0 0.1007250174880028 0 313.3082097619772 10.58378618210554 0.4130539000034332 16.17421548813581 8.554498136043549 15.07458978146315 14.77041722089052 6.315301485359669 0.3760491237044334 15.12374729663134 0 1.319093257188797 1.806643940508366 0 0.2277077808976173 0.2993011772632599 0 0.1305273026227951 0 0.299884021282196 0 0 0.1171338260173798 0 0 1192.110709756613 101.5936050862074 0.7843182533979416 5.950869664549828 55.67918500304222 2.847012855112553 11.83346471935511 26.0271297544241 11.6186889782548 5.063369423151016 17.44073884934187 45.84238772839308 25.45848596841097 81.28817741572857 73.14685078710318 3.570987164974213 83.96199026703835 230.2902955710888 113.9319545179605 79.14756688475609 2.221782691776752 0.6976662278175354 0 0 0 0 0.09247695654630661 0 0 0 0 0 0.07736643403768539 0 0 0.3208542987704277 0 0 0 7.731702990829945 3.030346050858498 0 0 0 88.42544609308243 2.811597913503647 10.7434323579073 9.852547444403172 1.031432077288628 0 0 0 0.2447415068745613 0.7486925795674324 0 0 2.147158056497574 7.803496927022934 0.09342844039201736 0.4068189561367035 0 0 0.09395936131477356 0 0.8078996762633324 0.1234676539897919 1.542326241731644 2.004421666264534 1.189715221524239 0.4135124832391739 0 41.6040110886097 4.652769163250923 0.3960802480578423 0.3704812824726105 0 0 0 0 0 0 158.5588952302933 0.7737234979867935 0 0 0 33.539550319314 0 12.5626897662878 4.735906764864922 3.393700785934925 4.837403319776058 0.5395284369587898 1.724014952778816 0.2710959538817406 0 0 0 0 0 0 0 108.4183996096253 21.83157707005739 38.67158901691437 87.61533543467522 1.77396647632122 61.89166716486216 3.810349382460117 63.21528507769108 13.16431791335344 0 7.570987366139889 59.93589096516371 0.5469712018966675 16.09710193425417 2.226343549787998 114.9773511588573 3.33299595117569 0.5530415549874306 0.5521099045872688 1.111178077757359 0.1219055354595184 247.3287771493196 87.11595323681831
43.40272961556911 281.6489368900657 292.0816939845681 106.0415769740939 652.1060651987791 81.0920662805438 4766.04472168535 314.2259962260723 773.6441748961806 7175.406385183334 1156.644853040576 1450.568652622402 3728.153584763408 5056.587367124856 26.46635911613703 32.48951704055071 0.8941328525543213 0.4243378713726997 0.1021690368652344 0.07584250718355179 0.08498983085155487 0 0.1729997768998146 0.4335359409451485 0.1285952925682068 0 0.2177503257989883 0.09114466607570648 0.1282507926225662 0.1329175680875778 67.65798412263393 58.6844429820776 580.1174899563193 0.1689633429050446 0.1431650370359421 0.2720930129289627 320.1656825691462 6.575586594641209 2.309233762323856 1.557551488280296 0 0.07156333327293396 0.679463230073452 4.60710908472538 0.08256053924560547 0.08202897757291794 98.69325103610754 0.525287002325058 0.1045018211007118 0.1710380539298058 0.08004268258810043 0 0.1816621720790863 0.1629848331212997 0.6469182744622231 0.3327858746051788 5.492116361856461 39.03694555908442 4.813509233295918 33.65403066575527 0.6147238612174988 14.53478186577559 0 72.82203507423401 1.128985315561295 1.114606536924839 0.3917158767580986 0.5195052996277809 0.2904409989714622 0.2565599679946899 916.6608247384429 10.67332562059164 0.3800385966897011 57.12791407853365 36.42275774478912 76.1833981834352 69.06500986218452 23.67155016958714 1.22071935236454 50.96051935106516 0.61442481726408 3.101358063519001 6.87643875926733 0 1.252165645360947 1.42739225178957 0.5138014853000641 0 0.8038136288523674 0 0.1064859628677368 0 0.3523076474666595 0.3690884187817574 0.1110437139868736 1160.664015375078 84.94398741424084 0.3028761744499207 9.338484831154346 38.87041425704956 6.38250670582056 12.86832018941641 34.39889708906412 17.12951774150133 14.27449570596218 33.32056024670601 33.35699369758368 61.96546250581741 231.3751444593072 128.1501911506057 5.814948678016663 153.7950697094202 367.9808529317379 230.3570786565542 111.2359165251255 1.729266412556171 0.6778379380702972 0.2196821570396423 0.0915364995598793 0 0 0.08749643713235855 0.1740512251853943 0 0 0 0 0 0 0 0 0.5866188406944275 0 0 17.09678491950035 8.153221271932125 0 0 0 126.0015360713005 1.925812505185604 23.95588165521622 19.65701757371426 1.179108947515488 0 0 0 0.4077985063195229 0.425574965775013 0.3966050148010254 0 1.11872273683548 12.23732547461987 0.4688616096973419 0 0.1372904777526855 0.4097606092691422 0 0.1331267803907394 0.1065786331892014 0.207958459854126 2.892433322966099 4.832727633416653 1.982498183846474 0.6690215021371841 0 73.72531274706125 8.179201684892178 0.482392929494381 0.5111707746982574 0 0.2606901451945305 0 0 0 0 193.1837416067719 1.282100491225719 0 0 0.1866251677274704 55.17470752447844 0.9544627517461777 24.01993890106678 3.905130065977573 7.188943356275558 7.085651367902756 2.807320170104504 2.296320281922817 0 0 0 0 0 0 0 0 127.8129225820303 46.05667863786221 63.92262466996908 225.4530093073845 2.448308080434799 152.7606013268232 11.06967230141163 102.829409122467 23.58885370194912 0 22.2732518017292 77.51219715178013 0.8974716886878014 33.58698869496584 4.715634942054749 92.88590469956398 5.158247537910938 0.09374134987592697 2.18172051012516 2.964431315660477 0.3928337246179581 171.9119952619076 95.87570709735155
