407.7173729017377 1510.508428879082 297.0604556798935 1273.897195339203 27.92839359492064 81.67135788500309 138.622273042798 69.74366257339716 6.010457910597324 479.6646945849061 55.26698886603117 167.1312854364514 71.10918094962835 49.70816209167242 3.149421125650406 3.228844955563545 0.339255690574646 0.1970508843660355 0 0.3006961867213249 1.457262724637985 0.1738266795873642 0.6019256189465523 0.3572996854782104 1.801292583346367 2.157020188868046 0.2342892661690712 0.3592177629470825 0.1032795533537865 0 764.7620693072677 8.542550601065159 13.52082727849483 0.3093360289931297 0 1.593168064951897 11.1518025174737 2.685551412403584 0.4693950861692429 0.4431792721152306 1.380265980958939 0.5533630922436714 0.7089856863021851 0.8883016705513 0.1957132816314697 0.1005611270666122 64.30860262364149 3.557873353362083 0.5080992951989174 0.5552788898348808 10.22487096488476 0.7571498081088066 0.3057720512151718 0.4245953410863876 14.82159738242626 12.64268221706152 228.0037477239966 1153.377768523991 42.06044211983681 51.39963308721781 0.7825184687972069 3.890944801270962 0.3856046721339226 104.8820348158479 13.65695937722921 5.632207773625851 2.806600861251354 1.73165524750948 0.4026922136545181 2.075346209108829 10.49136987328529 0.9086716994643211 0.109722875058651 230.2734212353826 50.16659448295832 53.74484448879957 5.924075819551945 1.220824010670185 0.7366432994604111 48.91438216716051 0.08572249114513397 10.58831697702408 28.81349477916956 0.08757039904594421 21.00816447287798 10.92832069098949 0.2430089190602303 0.3706883788108826 7.766975492238998 0.1167246103286743 3.710974998772144 1.141300991177559 0.8909510597586632 1.270339816808701 0.8279159590601921 35.26208978891373 2.167609810829163 0.2714100182056427 0.9776283353567123 1149.201525330544 0 0 0.155368372797966 0.8534283861517906 2.330910667777061 3.656217820942402 0 3.755528599023819 0.5653579086065292 0.2361033111810684 0.2900452613830566 3.093954108655453 1.319026507437229 0.5967614278197289 0.7753258943557739 0.1142627075314522 0 0 0 0 0 0 0 0 0 0.1547710597515106 0 0 0 0 0 0 0 0 0 0 0 0 0 0.3877136260271072 0 1.083736903965473 0.1004617959260941 0.227754145860672 0 0 0 0 0 0 0 0 0 0 0 0 0 0 0.08234070241451263 0 0 0 0 0 0 0 0.5469714552164078 0 0 0 0 0 0 0 0 0.1354819685220718 0.7054037600755692 0 0 0.1149962767958641 0.08729351311922073 0.3930594623088837 0 0.7020159512758255 0 0 0 0 0 0 0.1132996752858162 0 0 0 0 0 0 0 0.1189655661582947 1.010181590914726 68.44589558243752 3.594760924577713 228.8297321498394 26.26063531637192 662.9063154533505 3.890580072999001 1.047661155462265 2.650494635105133 3.878391802310944 0.2310686632990837 0.3062881529331207 0.1766905188560486 2.585941851139069 0 0 0 14.04993963241577 0 112.7863762006164 1.444951087236404
1510.508428879082 1527.726425461471 1615.001974105835 1477.279351063073 1293.651499599218 197.7083246707916 1824.3706747666 487.0051497295499 532.1317486539483 1006.768385708332 729.6931587457657 172.5765367224813 1756.428143978119 1602.188962973654 23.73916503787041 7.389745116233826 0.9755531921982765 0.1169518753886223 0.181058257818222 1.050516150891781 1.861104875802994 0 0.3561401963233948 0.6716249734163284 1.271354980766773 4.944668054580688 0.5679236948490143 0.6166631430387497 0.38368259370327 0.1922469064593315 2116.971893131733 43.91838035732508 53.09345396608114 0.3965424001216888 0.5921430662274361 2.953895024955273 32.96061723679304 4.357601322233677 1.885858289897442 1.258802875876427 4.321716509759426 3.338759176433086 0.9775590002536774 1.798138238489628 0.2487457916140556 0.9147371202707291 348.8141718357801 10.38349737972021 1.274627842009068 1.611978210508823 25.36888702958822 0 0.2031814083456993 0.7930267304182053 22.45725750178099 21.51648501306772 141.5788171440363 892.4242323338985 66.11624193191528 137.6664530411363 1.846354797482491 9.005778223276138 0.9981915205717087 431.4123196080327 19.83146464824677 14.9119338542223 8.23257614672184 4.335027284920216 1.003648176789284 4.311826549470425 23.00069186091423 2.920565381646156 0 530.9313937276602 235.4622939005494 255.884043097496 59.79003933817148 3.177995346486568 2.687882162630558 146.4824925139546 1.732927560806274 23.49774017184973 59.81932944059372 0.7355668842792511 47.71433974057436 20.76742993295193 1.196355722844601 0.1707521229982376 16.5061294361949 0.1056396961212158 10.19475923478603 1.729456700384617 3.243292458355427 7.0382129997015 1.731945358216763 16.90009127557278 0.5556014180183411 0 1.429302260279655 765.2562507763505 1.653679594397545 1.378569781780243 6.948757492005825 3.20334979146719 12.02703160047531 56.88418556749821 0.9911755174398422 77.72751701623201 12.06827288120985 4.623740583658218 11.8855228126049 65.57875606417656 23.27917461842299 19.45889340341091 10.54680660367012 0.3410408645868301 0 0 0 0 0 0 0 0 0 0 0 0.4544224739074707 0 0 0 0 0 0 0 0.5790906548500061 0 0 0 12.26545021682978 0.3685515373945236 16.9051953330636 1.744090765714645 1.023341327905655 0 0 0 0 0 1.52767014503479 0 0.552721381187439 1.1449184268713 0 0 0 0.8330192863941193 0.1895129233598709 0.1130132004618645 0.4911313652992249 0 0.3030811846256256 0.4950076341629028 0 0 0 27.81633155792952 0.2683718800544739 0 0.4752256497740746 0 0 0 0 0.1000628769397736 0 17.45812952518463 1.343919828534126 0.2013543993234634 0 0.08561893552541733 11.85081181675196 1.682321578264236 8.44180916249752 0.3015844821929932 0.2555869519710541 0.6842020526528358 0 0 0 0.08278800547122955 0 0 0.1892686784267426 0.1082670167088509 0 0 9.876056894659996 7.350493498146534 9.987167440354824 320.4945843592286 11.70265167951584 728.472877278924 60.30247531086206 708.5131905674934 12.99929252266884 1.353365689516068 22.19973121583462 60.49650528281927 0.2871364802122116 4.428773008286953 1.021732173860073 45.39101845026016 0.1568993479013443 0 0.17585189640522 7.633258625864983 2.058831512928009 173.2087773829699 42.51175500452518
297.0604556798935 1615.001974105835 651.0341322571039 61.87328878045082 318.5248030871153 7.866592720150948 55.2791385948658 2659.290478132665 301.7014555260539 14.20702157914639 2176.823027715087 26.23133580386639 276.3611286357045 1929.204492166638 17.84092573821545 12.88111107051373 0.9172582551836967 0.6746249422430992 0.1687118113040924 1.51739826798439 10.92714499682188 0.5720936208963394 1.646276712417603 2.573644168674946 3.920099720358849 11.48556051403284 1.08675080537796 3.556370064616203 0 0.1202864721417427 2950.661780871451 423.7092805281281 119.3301611170173 1.257910192012787 3.214070208370686 11.20672408491373 45.32164326310158 17.22145719081163 3.587750568985939 2.188506200909615 11.19723630696535 6.518833734095097 2.359752461314201 3.149633824825287 0.4468588456511497 1.615402080118656 69.84536617994308 1.772509135305882 0.9268632009625435 1.592666998505592 3.434449315071106 0 0.2114833146333694 1.209898352622986 2.70328888297081 2.676544427871704 24.68489376455545 313.6568577513099 11.74125950038433 19.8113194257021 7.239317297935486 35.43179926276207 3.182275265455246 256.7581387907267 1.954985372722149 1.638135127723217 0.9001422673463821 1.922777205705643 1.126034453511238 9.165388375520706 22.05349072813988 1.777424156665802 0.2387716025114059 72.99395113438368 35.26596266031265 41.89818041026592 16.39078396558762 4.937968991696835 11.66522050648928 838.2137162908912 4.281358167529106 115.0580959245563 4.846581302583218 0.09864667057991028 3.483795531094074 2.94169157743454 1.434894025325775 0 1.697531528770924 0 1.172145918011665 0.09324950724840164 4.775489002466202 2.664173141121864 1.176025740802288 3.742626741528511 1.684573605656624 0 0.9636937379837036 160.7480125427246 0.389581710100174 0 0 0 1.440985828638077 1.623979032039642 0.4621086120605469 3.275549024343491 0.5430222153663635 0 0.4574429094791412 2.885900884866714 0.3092678189277649 0.9610817730426788 1.072253912687302 0.2876825705170631 0 0 0 0 0 0 0 0 0 0.2634546011686325 0.1073252335190773 0.6935489252209663 0 0 0.4064875990152359 0 0 0 0 0 0 0.1356639713048935 0 1.448233857750893 0.5781839340925217 2.629298321902752 0.8099019676446915 0.9080178365111351 0.2796593904495239 0.1756872981786728 0 0 0 0 0 0 0 0 0 0.1399968713521957 0.1308398544788361 0.1267532408237457 0 0 0 0 0 0 0 0 3.653202317655087 0 0 0.2350001037120819 0.08937668800354004 0 0 0 0.1078992262482643 0 1.422432765364647 0.2481764554977417 0 0 0.3712970018386841 0 0.2636753916740417 0.6091071739792824 0 0 0 0 0 0 0 0 0 0 0 0 0 1.412955142557621 1.905190847814083 2.754395373165607 61.33743868768215 3.393898569047451 103.1536336168647 19.63345855474472 41.40676315873861 3.329018577933311 0.2017616033554077 10.49392454326153 1.22638837993145 0 0.8999751135706902 0.1096321940422058 2.88343620300293 0 0 0.8513975739479065 3.431985072791576 0.1919027715921402 16.45755941420794 2.830779671669006
1273.897195339203 1477.279351063073 61.87328878045082 716.8595102354884 207.3698625192046 252.5398951172829 1214.13762062788 4.290417388081551 26.0579464957118 1763.503323927522 4.230082452297211 1854.821721293032 1177.481595061719 58.42506846785545 1.146152563393116 0 0.1913211196660995 0.1090379506349564 0 0 0 0 0 0 0 0 0 0 0 0 41.7614329084754 1.04233917593956 3.127012893557549 0 0 0 8.838261380791664 0.1256961524486542 0 0.1932796388864517 0.127818301320076 0.2059747353196144 0.1966264694929123 0.09027459472417831 0 0.09617669880390167 36.09787709265947 1.260596752166748 0.09296552836894989 0.08749687671661377 2.023222893476486 0 0.1155397444963455 0 3.873426973819733 3.803576700389385 63.46992942690849 183.688624471426 10.20667971670628 21.34528486430645 0.1756294071674347 0.2086309865117073 0 23.64990299195051 4.17306961864233 2.083155818283558 1.275701425969601 0.4020656868815422 0 0.130260556936264 3.012118577957153 0.2820418179035187 0 74.57638678699732 20.77619607001543 23.19566490501165 2.23688168078661 0.09029021859169006 0 0.4993189945816994 0 0 10.28400001674891 0.2098909839987755 4.359829545021057 3.713897183537483 0 0 2.121137969195843 0 0.8065618425607681 0.6345662027597427 0.4470742642879486 0.5214819982647896 0 35.29859095066786 0.4183601438999176 0 0.1335414350032806 576.2487437948585 0.4317214041948318 3.966338455677032 15.72923155128956 65.54254387319088 4.077685549855232 34.51190373301506 6.363466992974281 24.2420277968049 35.03762567043304 6.531666830182076 1.469332903623581 33.61181382834911 74.28821999579668 15.24037152528763 3.319212600588799 0 0 0 0 0 0 0 0 0 0 0 0 0 0 0 0 0.4123669564723969 0 0 0.1939278095960617 0 0 0.5774887204170227 0 1.211721122264862 0.4446504265069962 1.688169479370117 0.5545570850372314 0.1442663222551346 0 0 0 0 0 0 0 0 0.106547437608242 0 0 0 0.3115849196910858 0 0.09617802500724792 0.1287824362516403 0 0.253319188952446 0.1062017008662224 0.1871359646320343 0 0 3.386777520179749 0.2942653000354767 0 0 0 0 0 0 0 0 1.62087819725275 0 0 0 0 3.96581369638443 0 0.9492400735616684 0.1774185001850128 0.5622779726982117 0.6052071005105972 0 0 0 0 0 0 0 0.07973258197307587 0 0 2.214455544948578 0.1111630797386169 1.125401690602303 117.2134955823421 2.772589556872845 86.07556954026222 5.447552174329758 783.9432835876942 1.328690581023693 0.1079188510775566 2.101988032460213 18.66011370718479 0 1.311144530773163 0 21.56498438864946 0 0 0 4.926887363195419 0 95.68023329973221 13.84941710531712
27.92839359492064 1293.651499599218 318.5248030871153 207.3698625192046 1010.144902341068 7.865828819572926 1386.05814114213 942.2846522778273 3948.29784078896 350.3983814194798 1224.469896554947 39.16221011430025 520.5111244320869 2290.491183578968 17.78465589135885 2.271588958799839 0 0.2032581493258476 0.09541837126016617 0.1053202450275421 0 0 0 0 0 0 0 0.1331767588853836 0 0 160.6158958151937 24.8681877925992 8.203101322054863 0 0.1160848066210747 0.160047173500061 6.658580183982849 0.9859474152326584 0.2136210501194 0.2329620867967606 0.2323303669691086 0.3786384835839272 0.436070129275322 0.6385084539651871 0.1008676663041115 0 151.8964361995459 3.396905168890953 0.5745352581143379 0 4.071763128042221 0.2677028179168701 0 0.4813918918371201 3.524213023483753 4.83129570633173 18.48210086673498 72.79558850079775 14.42336509376764 37.05971521139145 0.1125163063406944 1.787512518465519 0 98.56439415365458 3.439087942242622 2.009654127061367 1.146670371294022 0.5785122439265251 0.2195852994918823 0.114229716360569 11.35147180408239 2.595736443996429 0 102.2155642285943 62.44452437013388 95.26353141665459 26.62147797644138 0.9466231912374496 0.4190681278705597 12.60136890411377 0.1946204230189323 1.892687365412712 10.81935980170965 0.1084572300314903 6.36819089949131 3.254888385534286 0.4741250276565552 0.234067976474762 3.354457870125771 0 1.61647729575634 0.2146060839295387 0.4062054306268692 2.125334814190865 0.2813871875405312 30.97692319005728 2.771707400679588 0 1.058891206979752 13.46085061132908 2.868742823600769 1.117252349853516 7.584735661745071 3.305874116718769 19.09551933407784 49.61297851055861 1.323209971189499 75.65972825139761 10.27254723012447 7.022634968161583 8.414953544735909 82.52578134089708 23.89503184705973 28.46847249567509 12.95709355175495 0.1217879131436348 0 0 0.1151750311255455 0 0 0 0.3066110610961914 0 0 0.6500123143196106 0 0.1737456619739532 0.7819151282310486 0 0 0 0 0 0.4123738929629326 1.943235501646996 0 0 0.3621214032173157 16.34260130673647 4.718935661017895 24.94691080600023 1.970625683665276 1.007622390985489 0 0 0 0 0 0 0 0.2059092670679092 0.693757951259613 0 0 0.3736407160758972 0 0 0 0.1345314383506775 0 1.259876474738121 0 0 0 0 30.31505466997623 0.1430583894252777 0 0.1718834489583969 0 0 0 0 0 0 21.86814300715923 0.349456399679184 0.1283979117870331 0 0 16.14977174252272 1.313882604241371 12.11292529851198 0.1956772208213806 0.3325410485267639 0.8853325545787811 0 0 0 0 0 0 0 0 0 0 11.18720674514771 10.50451643764973 9.217947617173195 139.1651629656553 5.341794155538082 264.7066428735852 31.03718093037605 91.29964812844992 9.382275372743607 0.8513457551598549 19.54116080701351 40.73539388179779 0.1020198464393616 4.303024753928185 0.7468678057193756 44.44878903031349 1.198468998074532 0 0.09603278338909149 5.181315965950489 0.1226848512887955 54.17162221670151 43.92623915523291
81.67135788500309 197.7083246707916 7.866592720150948 252.5398951172829 7.865828819572926 0.6264148354530334 105.5414661169052 1.243749961256981 6.503563262522221 365.15003541857 3.226275369524956 243.0493131503463 89.87546940892935 8.382993370294571 0 0 0 0 0 0 0 6.605692960321903 0 0 0 0 0 0 0 0 6.132838860154152 0.1039185896515846 13.33568709343672 0 0 0 25.94111485034227 2.973254859447479 4.141400218009949 0.1303922981023788 0.297465443611145 0 0 0 0 0.1149507984519005 0.7235956192016602 0 0.1055736169219017 0.09911168366670609 0.7471500635147095 42.98456886410713 0.7245866060256958 2.272366210818291 0.3317722156643867 0.4172917529940605 123.7172593101859 14.33247403055429 3.143224313855171 0.5649086236953735 0 4.40944380313158 0 0.3986547887325287 0 0.1492684632539749 0.2200261279940605 0 0 0 120.0420530885458 51.56213962286711 16.17453907430172 0.9879399687051773 0.5654029250144958 0.2456789538264275 0 0 0 2.751148484647274 0 0.7232812941074371 0.118090845644474 2.067237250506878 0.2276227697730064 1.9595687687397 0 6.782943896949291 7.768339030444622 15.55151195824146 2.484429322183132 8.037373967468739 0 0.4737167730927467 2.939898058772087 104.0394690185785 74.20749022066593 12.63997869193554 18.32024332880974 396.768175393343 0 0 0.2107546925544739 0.4493115842342377 1.155943125486374 3.6565325781703 0 2.413292810320854 0.8287776112556458 0.7640244662761688 0.1430344730615616 5.064736038446426 1.755235344171524 1.299655005335808 0 0 0 0 0 0 0 0 0.3711491525173187 0 0 0.1483018696308136 0 0 0 0 0.1304557621479034 0 0.2882795333862305 0 0 0.4068417549133301 0 0 0 0.3539075702428818 0.1196594685316086 0.4893437400460243 0 0.2815601676702499 0 0 0 0 0 0 0 0 0 0 0 0 0.2453906089067459 0 0 0 0 0 0 0 0 0 0.1858646273612976 0 0 0 0.1045430228114128 0 0 0.1039172112941742 0 0 0.158898800611496 0 0.1991215199232101 0 0.1238140910863876 0.3173052072525024 0 0.1083210781216621 0 0 0 0 0 0 0.1160432249307632 0 0 0 0 0 0 0.4455444812774658 0.1591147482395172 0 17.51070288568735 0.0946173220872879 1.776595540344715 0.1247356608510017 137.9447378367186 1.517650529742241 0.2747734859585762 0.6634190678596497 2.812683701515198 0 0.3828449249267578 0 1.229881584644318 0 0 0 0 0 53.3290037587285 6.713355883955956
138.622273042798 1824.3706747666 55.2791385948658 1214.13762062788 1386.05814114213 105.5414661169052 591.5492095351219 39.19562919437885 619.2006941661239 2363.030617587268 136.2595469132066 681.9855479300022 2224.520550429821 1293.52976834029 24.4505912438035 7.031205110251904 0.4408141747117043 0.3344288691878319 0.1284066438674927 0 0.2769709676504135 0 0 0.1201464161276817 0.1006731390953064 0.36683738976717 0 0.5111095532774925 0.1299722790718079 0 85.92149443924427 14.99059139937162 13.91351522505283 0.2174846306443214 0.1344873160123825 0.2377798408269882 21.11054576933384 0.9959602728486061 0.263337142765522 0.2857026606798172 0.9040423706173897 0.1906422525644302 0.1800505071878433 0 0.1308455467224121 0.07634996622800827 138.2197726070881 2.728152826428413 0.3558893129229546 0.3073985725641251 6.291414208710194 0.08368420600891113 0 0.493809275329113 4.748741626739502 4.568514607846737 25.32116763293743 82.65039938688278 11.10060901939869 35.98638810962439 0 2.434847958385944 0.1025657579302788 78.40223808586597 4.052131958305836 3.332671068608761 1.145744413137436 0.8237584605813026 0 0.3736724779009819 26.35789635777473 3.74562081694603 0.1147519201040268 97.94413117319345 55.22860330343246 86.61032153666019 27.36926639080048 2.729608751833439 0.3543950393795967 7.529818512499332 0.1913010030984879 1.246606051921844 10.12161178141832 0.09967237710952759 8.001213297247887 4.338583558797836 0.3956182599067688 0 2.94407220184803 0 1.993038795888424 0.4342145770788193 1.053704015910625 0.8373307660222054 0.6582146733999252 144.9637198969722 4.966353431344032 0 0.9693070501089096 69.56237379461527 4.729055926203728 5.932664558291435 57.92181582003832 50.72269380837679 57.73711197823286 181.4463302642107 10.59776337444782 240.8858680129051 80.30596193671227 28.59050613641739 32.69608473777771 218.2249185070395 90.61821413040161 82.00107427686453 31.49004137516022 0.3156643211841583 0 0 0 0 0 0 0.4452847838401794 0 0 0.3530247211456299 0 1.259127467870712 0 0.7233937382698059 0 0.121192067861557 0 0 0.8029917776584625 4.184967905282974 0 0.6984420418739319 0.5410883724689484 40.26107640564442 5.297769531607628 51.28561305254698 6.398153148591518 2.728178188204765 0 0 0 0.2836057096719742 0 0 0 1.501864522695541 1.407773897051811 0 0.4826082289218903 0.259149968624115 0.2375518083572388 0.3948270529508591 0.2691610753536224 0.4463754370808601 0.3986210972070694 0.9389452785253525 2.050438717007637 0.3388675898313522 0 0 63.33841073513031 0.5768646150827408 0.3971878066658974 0.7719872146844864 0 0 0 0 0 0 48.92547009885311 1.294012278318405 0 0 0 34.90062906593084 4.420244589447975 23.66069741547108 4.079186417162418 1.762879833579063 3.215618588030338 1.021114572882652 0.2742054238915443 0.3345534205436707 0 0 0 0.1347398310899734 0 0 0 46.21441193670034 18.27848085016012 22.80246031284332 322.2427649572492 7.658885255455971 252.5884413942695 34.83102583140135 375.8420368656516 13.53211493045092 0 25.44863282889128 84.39431623369455 0 15.90341268479824 3.542347118258476 102.1522172987461 1.59203739464283 0.2148135006427765 0.4506011605262756 6.64943128824234 1.006524085998535 227.5515601709485 169.3306217938662
69.74366257339716 487.0051497295499 2659.290478132665 4.290417388081551 942.2846522778273 1.243749961256981 39.19562919437885 1134.139363124967 478.812766507268 4.127620339393616 1914.363313570619 18.29821990430355 180.8244201019406 1364.724064812064 63.13314053416252 53.4155345633626 3.953800946474075 5.50042387843132 1.032810017466545 18.6062113493681 93.6426682472229 1.653320997953415 29.52181468904018 16.06293162703514 13.98173335939646 67.29517184942961 5.232190892100334 15.06898088753223 0 0.481325775384903 871.6488639041781 3150.841907933354 553.2788715437055 11.31068688631058 28.14896460622549 70.7320162653923 203.3917020484805 69.13423173874617 20.1613754928112 18.0074293166399 60.21160944551229 21.75239413231611 17.97252989560366 12.82262068241835 4.637239769101143 13.5088829100132 160.4957642033696 3.28370076417923 6.793339170515537 11.24165032058954 3.649613551795483 1.170787543058395 2.787786461412907 3.755546361207962 1.729991234838963 0.7646621838212013 12.10369012504816 104.1839607134461 5.792269937694073 23.04759883135557 198.8954934552312 332.8554502651095 38.7163945287466 302.1142730042338 1.238439984619617 6.623744331300259 2.058578930795193 10.04472883790731 14.99383744597435 68.75692266225815 84.25497752428055 6.842712089419365 0 53.41247354447842 56.41004885733128 102.2596966847777 259.221739590168 184.1757986173034 583.1491479277611 2276.94818097353 152.9309007078409 1675.222052179277 4.223422177135944 0 5.429995559155941 1.523093029856682 7.712693139910698 0 1.807868398725986 0 1.444494336843491 0.3642600402235985 28.96013071388006 13.57735093683004 8.242099307477474 6.462014734745026 2.792984507977962 0.1423967331647873 3.486755542457104 38.42884682863951 0.09368576109409332 0.5191181302070618 0.3690595030784607 0.5709458589553833 1.632961049675941 0.484122022986412 0 4.056088492274284 0.398093044757843 0.2060574293136597 0.2454701215028763 4.689015112817287 1.217570886015892 0.6955049932003021 0.1293763518333435 0.1477150917053223 0 0 0 0 0 0 0 0.1232180967926979 0.4803815931081772 0.5222581923007965 0 1.394326701760292 0.2473083138465881 0.2964784055948257 0.3647085279226303 0.1895665153861046 0 0 0 0.1131723895668983 0.3023820817470551 0.363633468747139 0.3353394791483879 3.099935039877892 1.793629460036755 7.402636453509331 3.547822348773479 5.219367988407612 0.5671812295913696 0.1258368790149689 0 0 0 0.1176556795835495 0.3580343723297119 0 0.1418700963258743 0 0.175260454416275 0.27469202876091 1.118654169142246 0.7971492409706116 0 0 0 0 0 0.1526192426681519 0 0 4.072860792279243 0 0 0 0.09831734746694565 0 0 0.1116451695561409 0 0.2668020874261856 3.265261009335518 0.3768894523382187 0 0 1.018508121371269 1.060066640377045 0.3650427758693695 4.243005812168121 0.09931917488574982 0 0.09797875583171844 0 0 0 0 0 0 0 0.1517064273357391 0.3783236891031265 0 1.328102320432663 2.328674040734768 5.997332684695721 161.5072554200888 5.159140065312386 198.1607945263386 56.55442543327808 37.72395474463701 5.794852502644062 0 35.49696417152882 6.783785104751587 0 2.007217638194561 0.6457204222679138 0.9574779272079468 0 0 0 6.069013744592667 0.3066988289356232 9.430234879255295 6.7305793389678
6.010457910597324 532.1317486539483 301.7014555260539 26.0579464957118 3948.29784078896 6.503563262522221 619.2006941661239 478.812766507268 228.8359727188945 146.1687908023596 922.1947431489825 31.74337795376778 884.7868722304702 624.4672347009182 30.4194377809763 6.596400544047356 0.2043911144137383 0.1461116224527359 0 0 0.2310931235551834 0 0.1546281278133392 0.123195469379425 0.07506430149078369 0.2168822810053825 0.1290173828601837 0.1117178350687027 0 0 77.8111542314291 32.10838498175144 10.68661639839411 0.2925330474972725 0.09547761827707291 0.2798773050308228 13.84036713838577 1.397274173796177 0.1124564632773399 0.2524401918053627 0.3336710408329964 0.250001534819603 0.1052963063120842 0.8657800778746605 0 0 136.8135694786906 3.334336198866367 0.71131282299757 0.2086431086063385 2.280153304338455 0 0 0.09763443470001221 1.642436370253563 2.325482651591301 9.99302577227354 35.19106870889664 8.377282924950123 28.4042716473341 0.09752683341503143 3.497458234429359 0.09160485863685608 51.87451557070017 2.193251147866249 1.982593342661858 0.9032304212450981 0.6724331825971603 0.3677351474761963 0.3208766877651215 22.41347874701023 3.925979897379875 0 60.72858286648989 42.40788211673498 88.4641627445817 28.46544077247381 4.462822340428829 0 15.18691495805979 0.105452761054039 1.997831098735332 5.539991676807404 0.08695981651544571 4.617174804210663 1.612166590988636 0 0 1.606927543878555 0.2496745362877846 1.685460321605206 0.3638183772563934 0.4901827722787857 0.5444666519761086 0.2933343350887299 52.07527697086334 1.619629897177219 0 1.688446000218391 5.352349728345871 1.217152327299118 0.4014475643634796 7.36940535902977 4.218926109373569 25.05830791592598 73.54271750897169 0.8137419521808624 99.32636674493551 15.8790073543787 8.294230714440346 14.42918613553047 116.0466190055013 41.59650531411171 39.13393324613571 19.81336580961943 0.2328216582536697 0.1199926882982254 0 0 0 0 0 0.1466289162635803 0 0 0.2042439579963684 0 0.2366394102573395 0 0.1531552076339722 0 0 0 0 0.2005827724933624 2.642046362161636 0 0 0.1286748051643372 23.55425175279379 2.916872300207615 34.38235869258642 2.807851374149323 2.075555354356766 0.1228022351861 0 0 0 0 0 0 0.1351370066404343 1.26979373395443 0 0 0.2012273073196411 0.6010802984237671 0.1057210043072701 0.7248822748661041 0.3096953630447388 0 0.9266160950064659 1.382917746901512 0 0 0 42.54072408378124 0 0 0.171393945813179 0 0 0 0 0 0.1551612913608551 27.18248861283064 0.6540973857045174 0.122907891869545 0 0 22.04068341851234 3.416727893054485 12.14511401206255 1.150339931249619 1.616124004125595 1.011881753802299 0 0 0 0 0 0 0 0.09967242181301117 0 0 22.34531159698963 11.00642465800047 16.15139837563038 196.8808209300041 6.405826836824417 236.5710047334433 30.94575251638889 83.41902255266905 9.830079391598701 0.827092170715332 38.6515261977911 45.34289559721947 0 7.01108043640852 0.835708886384964 51.80823543667793 0.3544842898845673 0 0 7.083627805113792 0.8654403537511826 63.15161462128162 80.89612507075071
479.6646945849061 1006.768385708332 14.20702157914639 1763.503323927522 350.3983814194798 365.15003541857 2363.030617587268 4.127620339393616 146.1687908023596 891.7708989083767 4.309067003428936 1673.783096730709 2315.60098811239 205.7256494536996 3.787030585110188 3.182989530265331 0 0.1000543013215065 0 0.09778855741024017 0.3992693722248077 0.2402472719550133 0 0 0.1374514847993851 0.2509327828884125 0.1117434054613113 0 0 0 11.19437377154827 0.3554138988256454 80.06866026669741 0 0 0.4468953609466553 108.9659224972129 1.487541154026985 1.046845600008965 0.09695921838283539 2.305581778287888 0.8353819251060486 0 0.4104797765612602 0.1114778742194176 0 19.67520481348038 0.3008277714252472 0 0 2.316025607287884 2.427329711616039 0 0.1606192588806152 0.7386678606271744 1.032739847898483 47.97678869962692 43.97155183553696 4.248159937560558 5.967044435441494 0.6541179716587067 2.536450177431107 0 11.59991037100554 0.7049070596694946 1.169883660972118 0.2697214484214783 0.3083663135766983 0 0.3917027339339256 123.6207084432244 8.602120727300644 0.8894804492592812 20.72711262106895 9.280379824340343 11.95729774981737 2.299773819744587 0.9740796759724617 0.1098972633481026 2.25246724486351 0.1156600117683411 0.9504965245723724 3.820684477686882 0.123990386724472 2.002223938703537 1.202603243291378 0.1280957907438278 0.1314520835876465 1.05830916762352 1.151861988008022 0.9285689294338226 0 0.8316557630896568 0.1583112180233002 0.2678405195474625 242.7134471088648 17.60254161059856 1.546027049422264 3.23077779263258 411.8523628413677 0.09350293129682541 2.134080722928047 17.9077865332365 98.88654240220785 31.8372069299221 116.4688051715493 42.22083298116922 155.9518752321601 83.19742819666862 97.97920902818441 13.6002000644803 133.6257571876049 82.24764041602612 83.64779080450535 17.40992855280638 0.1218193620443344 0 0 0 0.1842920482158661 0 0 0 0 0.1407113820314407 0 0 0.9824377298355103 0 0 0 0.1890683770179749 0 0 0.7066500931978226 0.8442587852478027 0 0 0 10.72881273180246 0.9435081481933594 12.70377947390079 1.667031973600388 0.8983303606510162 0 0 0 0.3049363493919373 0 0.2179609835147858 0.3226557075977325 0.424921378493309 0.6480722278356552 0 0 0.2515113651752472 0.5436780750751495 0 0.3375831469893456 0 0 0.2685960531234741 0.348916232585907 0.1250405311584473 0 0 14.3744560405612 0 0.125860258936882 0 0 0 0 0 0 0 20.28357320278883 0.8225238770246506 0 0 0.1964287310838699 12.46998603641987 0.8407537490129471 4.74741767346859 0.5313006192445755 0.1081134751439095 0 0.1275331825017929 0 0 0.1212421655654907 0 0 0 0 0 0 45.60435226559639 5.780774354934692 6.295916572213173 280.9727638885379 2.332357436418533 39.96277045458555 5.3341284096241 556.5370227470994 1.634741380810738 0.7547825276851654 3.905716359615326 35.23802840709686 0 3.523759603500366 0.6364228278398514 62.27938309311867 0.411464124917984 0 0 1.039236232638359 0.6835898756980896 257.9746226146817 163.4618568196893
55.26698886603117 729.6931587457657 2176.823027715087 4.230082452297211 1224.469896554947 3.226275369524956 136.2595469132066 1914.363313570619 922.1947431489825 4.309067003428936 596.1696343719959 46.75811163336039 908.4916277974844 2068.87056414783 43.47960852086544 19.209383495152 1.221756234765053 0.9209162890911102 0 0.4456161558628082 4.332631073892117 0.4839113280177116 0.1729931682348251 0.8870124369859695 5.081804655492306 9.135247796773911 0.5014729425311089 4.221043437719345 0.7633272632956505 0 325.359775416553 113.8202783465385 793.0352793857455 0.8658295273780823 1.901458248496056 8.909578375518322 295.6632020026445 38.64931484311819 12.35889260470867 7.010666809976101 6.35402213037014 4.486300125718117 0.7706843838095665 4.104611083865166 1.011245504021645 2.782801866531372 120.5922818630934 1.474123857915401 2.844226740300655 1.372452266514301 2.197578363120556 1.581605635583401 3.051336787641048 3.328835375607014 0.5981695353984833 1.853502079844475 10.32326600700617 55.04598438739777 7.899818286299706 23.8099532276392 1.900569401681423 61.27063849568367 1.912739247083664 52.09034579247236 1.813609689474106 1.14032781124115 0.2998855710029602 1.344985321164131 0.7761175483465195 2.043985202908516 114.6388510912657 4.225341215729713 0 51.63237945735455 35.52962732315063 86.13820972293615 36.21149261295795 6.651772074401379 6.952306151390076 871.2971856147051 2.391892120242119 70.13147722929716 3.250822111964226 0 4.128906652331352 1.269993416965008 0.251225546002388 0 1.55623397231102 0 1.304822497069836 0.2781659066677094 2.037780076265335 1.408618785440922 1.776369571685791 22.94615384191275 2.861622929573059 0.6102185994386673 4.268834158778191 20.58597569912672 0 0.5002299547195435 1.400370746850967 1.411901697516441 3.13135127723217 5.870082184672356 0.1783794313669205 6.952738299965858 2.032092303037643 1.394881308078766 2.064500346779823 9.707402445375919 7.574577875435352 5.272873409092426 3.778355784714222 0.09492050111293793 0 0.2478746771812439 0 0 0 0 0.3288492560386658 0.1205209717154503 0 0.4247668534517288 0.2447389662265778 1.525888480246067 0 0 0.114886462688446 0.2145562320947647 0.1006671264767647 0.2141386270523071 0 0 0 0 0.2806358188390732 4.911008417606354 0.7542833536863327 6.222204610705376 2.355376005172729 2.855922602117062 0.4910235702991486 0 0 0 0 0.5386379510164261 0 0 0.4790575578808784 0 0 0.1421623229980469 1.408706068992615 0.3866142407059669 0 0 0 0.3213028311729431 0 0 0 0.216672495007515 8.075412899255753 0 0.1115604564547539 0.1048068180680275 0 0 0 0 0 0 8.745867140591145 0.7076671198010445 0.1186894178390503 0 0.6205948367714882 3.893975667655468 0.2976515665650368 2.909115925431252 0.3035440072417259 0 0.2661194801330566 0 0 0 0 0 0 0 0 0 0.1548862606287003 5.599831260740757 4.344049565494061 4.768967367708683 177.4463553354144 7.283629722893238 186.375845849514 39.73163032531738 55.17185761034489 8.301783174276352 0.3130555525422096 44.57771778851748 5.108284428715706 0.1669187247753143 2.129536516964436 0.1154025718569756 7.724392548203468 0 0 0.3480139672756195 9.728836737573147 1.527074053883553 15.85143196582794 12.40338836610317
167.1312854364514 172.5765367224813 26.23133580386639 1854.821721293032 39.16221011430025 243.0493131503463 681.9855479300022 18.29821990430355 31.74337795376778 1673.783096730709 46.75811163336039 69.34939229488373 725.0236682593822 95.67148398607969 21.39745056629181 12.62211607396603 0.5804520696401596 0.6279677897691727 0.2311418354511261 0.5181801989674568 3.002843767404556 0.8708294034004211 1.008360162377357 0.8337028026580811 0.8378986567258835 5.18933292478323 0 1.239562541246414 0 0.6461392641067505 3.185074105858803 1.09940829873085 88.78859693557024 0.2362920418381691 0.4020157381892204 3.929035402834415 140.5331355184317 5.682979553937912 10.83250863850117 0.7076341807842255 5.03513003885746 2.328001417219639 0.9094160124659538 2.866315864026546 0.3222450092434883 1.129029005765915 37.18430255353451 0.1044603511691093 1.79801195114851 0.1031107753515244 0.4173997566103935 0.6477694660425186 1.013171747326851 2.057092152535915 0.5626353323459625 0.3640954867005348 10.24768598377705 12.69779267162085 2.858547911047935 5.405750945210457 2.27867353707552 6.722330115735531 0.7368871048092842 2.222187794744968 0.520301379263401 0.9386861324310303 0.6697626188397408 0.6681814044713974 0.9825662225484848 2.646331444382668 140.5443866625428 17.65262335538864 0.2947670966386795 10.27282309532166 4.086629137396812 24.54969874024391 7.570504911243916 5.938679717481136 0.1279850155115128 22.09348361194134 1.289965860545635 3.192388013005257 0.8010368421673775 0.09230881184339523 0.9510191455483437 0.2715554982423782 0.3021063506603241 0 0.3887631073594093 0.2107307314872742 0.6568278223276138 0 1.249182693660259 1.429562970995903 1.58143775165081 574.8408455327153 43.49113039672375 1.000869162380695 18.75999852269888 92.5852954313159 0.3446669355034828 0.5494681596755981 10.01670702546835 5.626887761056423 30.17556114494801 73.29708616435528 0.7244844734668732 126.9279580563307 17.89811909198761 11.53859236091375 15.1568136960268 128.7029061093926 42.14784290641546 48.37054595351219 14.86903025954962 0.094600610435009 0.2513929232954979 0 0 0 0 0 0 0 0 0 0 1.235553249716759 0 0.3081908673048019 0.4323377758264542 0.106057845056057 0.2710290998220444 0 0.766156904399395 2.048995047807693 0 0 0 24.37686790525913 2.527149729430676 22.94046577811241 3.487241186201572 2.926932282745838 0 0.1176388785243034 0 0 0 0 0 0 2.579974673688412 0 0 0 1.387237682938576 0.4571526646614075 0.2726370915770531 0.165206715464592 0 0.2730801999568939 0.8256529867649078 0 0 0.1736243218183517 38.45836952328682 0.1896384656429291 0.3561026751995087 0.4050975739955902 0 0 0 0 0 0 31.27898738533258 1.224861435592175 0.1273473054170609 0 0 19.76726520806551 1.93187840282917 14.06483463943005 0.633557602763176 1.125060454010963 1.42888417840004 0.140807256102562 0 0 0 0 0.1424287110567093 0.1173716485500336 0.1329772919416428 0 0 30.05564368516207 9.512457981705666 13.96023841202259 205.8492510765791 4.22162801772356 76.23721404373646 30.41809473186731 230.1809644177556 3.532418102025986 0 28.8729666993022 24.98975389450788 0 8.82093945145607 2.221209086477757 30.67317204922438 0.4532162845134735 0 0.1918994635343552 3.572151616215706 0.8406830281019211 259.9803301244974 132.6073731556535
71.10918094962835 1756.428143978119 276.3611286357045 1177.481595061719 520.5111244320869 89.87546940892935 2224.520550429821 180.8244201019406 884.7868722304702 2315.60098811239 908.4916277974844 725.0236682593822 3031.674837812781 3858.396359346807 79.80425480008125 41.93915252387524 2.337879292666912 0.7514475807547569 0.3839122205972672 1.071216970682144 8.223182402551174 1.242882028222084 2.000181294977665 1.258230924606323 2.228790119290352 7.936211414635181 0.2040411531925201 5.423051208257675 0.2018829435110092 0.3749436363577843 34.26923174411058 12.32119052112103 470.5468346327543 0.8422107324004173 1.320760160684586 3.63966777920723 501.7390125542879 14.17307928949594 10.19404289871454 4.561773426830769 8.563957341015339 6.802485957741737 1.319432273507118 4.671340368688107 1.468714989721775 1.642494939267635 161.1511766910553 1.576321728527546 2.450644098222256 1.470271527767181 2.388334020972252 1.663046963512897 2.199057832360268 3.573989152908325 1.390573643147945 1.224585942924023 10.72939524799585 14.34999747574329 6.673139736056328 21.99196023494005 2.98665938526392 17.71627204120159 2.109416730701923 16.14097961783409 1.511898294091225 1.607651844620705 1.24602397531271 2.408782936632633 1.670890867710114 6.834192752838135 224.2730771079659 25.3045696169138 0 34.22284612804651 20.639488235116 102.1919687688351 35.36164142936468 14.33246619999409 0.1973030567169189 128.7117288410664 1.011493317782879 14.56855577975512 4.150306709110737 0 2.192282326519489 1.0975676253438 0.7936555370688438 0.3148325234651566 0.7108306512236595 0.09446476399898529 1.961900264024734 0 4.62537844479084 2.345435924828053 2.098201029002666 817.3849259465933 27.92044486105442 1.651176005601883 14.26027695089579 44.78129637241364 3.429826334118843 3.49204483628273 24.68782016634941 28.60555607825518 61.95163209736347 149.0633103325963 3.497806906700134 229.9769072905183 50.2677967697382 23.52539962530136 30.91218034923077 238.7080803960562 91.22503473609686 86.1563460752368 32.94967136532068 0.1847717314958572 0.4551992788910866 0 0 0 0 0.1433934569358826 0 0 0 0.528675489127636 0 2.626153811812401 0 0 0 0.4701810330152512 0.2749619707465172 0.1102997586131096 1.517073817551136 4.807077199220657 0 0.2978203892707825 0.1866509914398193 40.65974748134613 5.65068045258522 51.39968682825565 7.477653585374355 5.882083393633366 0.4060376733541489 0.4895605593919754 0 0 0 0 0 1.005385495722294 1.481339253485203 0 0 0.520507924258709 1.427774913609028 0.9270099923014641 0.1912006437778473 0.6736370474100113 0 1.068787626922131 1.36279658973217 0.2807724624872208 0.3511506319046021 1.189662873744965 75.8125548735261 0.1210519596934319 0.3613750636577606 0.2904403954744339 0 0.1067850291728973 0 0 0 0.4988424479961395 70.87248243391514 1.227711550891399 0 0 0.4902654737234116 35.5167551189661 4.100256219506264 23.75265994668007 2.033996164798737 1.786587953567505 2.315161257982254 0 0 0 0.09105736017227173 0 0 0 0.2292260229587555 0 0 63.49097805470228 26.21811489015818 28.14391668885946 485.44640096277 15.06910145282745 269.5332547277212 86.27108685672283 258.8496420308948 17.38446700572968 1.233208492398262 99.66510094702244 71.54317556321621 0.2316129356622696 14.28865898400545 2.628354430198669 69.67496475577354 2.276776596903801 0 0.590722918510437 14.36636240035295 0.4756809547543526 289.5522911995649 232.2993036583066
