607.1979338675737 3708.164604321122 604.9625854715705 1579.008811980486 15.5378406047821 119.0441553816199 256.0866335630417 146.9450572282076 0.9082645252346992 1074.528592973948 49.91017469763756 109.6152759641409 219.5001850873232 31.53041081875563 4.343159839510918 1.64178478717804 0.08300734311342239 0 0.09845472127199173 0.094112329185009 0.5219382047653198 0 0.487920269370079 0.432289645075798 0 0 0.3213305324316025 0 0 0 908.2472403794527 10.87439969182014 12.34863863885403 0.09651090204715729 0.4863738119602203 0.1142100244760513 8.065545551478863 0.7293484136462212 0.8849390000104904 0.1865379959344864 0.1337525993585587 0 0 0.4093368425965309 0.0947759598493576 0 15.13116335123777 4.907414980232716 0.1993785873055458 0.3595489785075188 0.2481869757175446 0.7555181831121445 0.110875628888607 0 8.852284006774426 23.16742854565382 148.1830213442445 580.4056968092918 20.83330839127302 47.69387660175562 0.3531730026006699 4.187254846096039 1.076735742390156 1.035885766148567 7.942670233547688 11.66596360504627 3.318586945533752 1.582634374499321 0.9173488020896912 0 26.66935549676418 36.40360543131828 0.8946182280778885 324.3497058227658 14.05880377441645 19.13888784497976 1.784013964235783 0.3138454705476761 0.1693422794342041 108.9750081449747 0.6425484120845795 7.514740012586117 25.53214270621538 1.75661688297987 12.11940206587315 13.12100285291672 3.372770749032497 1.29252028465271 3.787188693881035 1.993553817272186 1.07016895711422 0.359886109828949 1.135556288063526 1.085517585277557 0.1059094592928886 363.156029291451 53.86480370163918 0.1442032903432846 11.52106080949306 1082.188541904092 0.1133299767971039 0.3655309975147247 9.935656256973743 3.355462819337845 3.543920069932938 12.52413637936115 5.628162033855915 22.21150266379118 22.04830242693424 26.30680522322655 1.809944167733192 27.55223625153303 18.93844798952341 13.31663081049919 0 0 0 0 0 0 0 0 0 0 0 0 0 0 0 0.1210905984044075 0 0.1820967197418213 0 0 1.50168177485466 0 0 0 0 0.2163713127374649 0.2125964462757111 0.5990901291370392 0.2442987933754921 0 0 0 0 0 0 0 0 0 0 0 0 0 0.1336393058300018 0 0.1526140421628952 0.1471710205078125 0.1050317361950874 0.278947189450264 0.4544105380773544 0 0 0 1.932676255702972 0 0 0.1154305711388588 0 0.1075503155589104 0 0.115544930100441 0 0 1.43634320795536 0.1525046825408936 0 0 0 0 0 0 0 0.2158373892307281 0 0 0 0 0 0 0 0.1076889857649803 0.261700764298439 0 0 2.297767646610737 0.7841161787509918 1.29292257130146 137.1310954317451 7.14723989367485 95.90632755309343 14.61891537904739 718.6173875331879 4.62453792989254 3.178963653743267 1.732539556920528 40.67830213904381 0 0.7390914484858513 0 55.35203173756599 0 0 0 0 0 419.4773393571377 45.36419785767794
3708.164604321122 4101.977746807039 1938.886429145932 1538.576238542795 1473.313966460526 411.2163315266371 4330.760572277009 557.6242565214634 385.9944246262312 3830.918058097363 1324.532611101866 317.6223885267973 1816.023972637951 1204.9976965487 68.80962900817394 12.70322005450726 1.880920194089413 0.395538404583931 0 0.4923042580485344 1.439243644475937 0.1326701194047928 1.034423127770424 0.1872783303260803 0 0.3472081124782562 0.3710237294435501 0 0.2355190813541412 0.2796309366822243 1789.355412043631 43.85092451423407 107.4205214753747 0.5159077197313309 0.7130424082279205 1.897655017673969 56.83281301707029 3.111313879489899 3.630220204591751 0.7589741423726082 0.709791898727417 1.204509407281876 0.102497436106205 0.8928470015525818 0.6974229514598846 1.805457398295403 304.091518111527 28.33909471333027 2.002098686993122 0.5127387344837189 3.538335300981998 0.1664655357599258 0.1817642226815224 0.113703116774559 38.79181429743767 84.32748422771692 100.5763761624694 449.5308938845992 25.88454382866621 192.3865724876523 6.176620297133923 13.07451425492764 2.539645604789257 55.70122274756432 40.70941005647182 47.35495764017105 12.15527606755495 10.7713802754879 2.248321987688541 0.2926474660634995 72.91185104101896 6.786622539162636 0.3118529319763184 646.9800066873431 166.7099449187517 244.0244059190154 59.6967605650425 3.954043462872505 1.039471611380577 530.173172429204 2.217145286500454 18.11435862630606 90.85785295069218 5.524156168103218 59.35348451137543 58.6358755081892 24.55461728572845 3.206158719956875 14.7373008877039 0.4995184764266014 10.30247947573662 0.7951645702123642 1.916847757995129 2.783103980123997 1.586420871317387 46.98189903795719 16.21045511215925 0.1614763289690018 12.6913774907589 1035.061024233699 1.200099408626556 10.88095685094595 54.12043238431215 22.33656142652035 59.49535945802927 99.62192430347204 29.68547978997231 147.4428276047111 91.11045408993959 150.3969284370542 9.62882948666811 207.6227039322257 119.8204601034522 96.10516304522753 31.46257102489471 0.837288498878479 0 0.3220060467720032 0 0 0 0 0 0 0 0 0 0.1293158829212189 0 0.4304163306951523 0.2264644503593445 0.223692998290062 0 0.4717058315873146 5.738978438079357 0 0.4147518277168274 0.2346856594085693 0 11.47572661191225 2.835156157612801 12.47156492620707 0.747853972017765 0.9787597209215164 0 0 0 0 0 0.406471773982048 0 0.6054054498672485 3.37750543653965 0 0 0.1056464612483978 0.8019425570964813 0 1.232817769050598 0.5876535624265671 0.1109470054507256 0.9062092751264572 3.767327986657619 0.6842747330665588 0 0.3831319808959961 6.787773221731186 1.534929901361465 0.4950951039791107 0.135804682970047 0.1497018039226532 0.1942277327179909 0.1150066554546356 0.9178751260042191 0 0 29.97702073305845 1.198793172836304 0 0.6897391304373741 0 4.223468840122223 2.461786016821861 0.164358988404274 3.675096988677979 3.14334662258625 3.314176633954048 0.4354850351810455 0 0.3082094341516495 0.3082318529486656 0.3281741440296173 0 0.6687824502587318 1.179130673408508 0 0 26.09759964048862 24.37230278551579 8.272404052317142 571.0282133370638 35.63372027873993 1131.467389054596 72.40136363357306 1341.394518829882 25.92418748140335 18.44153163582087 27.92901106178761 182.6495967656374 1.087784767150879 27.44060237705708 4.445768676698208 281.0601022318006 4.016897201538086 0.73684211820364 2.442500323057175 0.2979531288146973 0 917.1630683392286 196.473052226007
604.9625854715705 1938.886429145932 1275.986657485366 43.0456505343318 526.8128995224833 21.79586347192526 120.3714857399464 2443.078600622714 523.510429404676 163.5614286139607 2981.81253169477 8.549530074000359 74.73133628815413 1459.025820836425 47.67211256176233 21.49969528615475 1.300751537084579 0.344610683619976 0.5446247011423111 4.785083189606667 31.59822218865156 0.1354148536920547 24.41658234596252 8.194962657988071 0.6077523082494736 2.616849534213543 0.7688046768307686 0.3538810163736343 0.1868807524442673 0.1843229979276657 5871.372892439365 173.6727174967527 138.9632002711296 11.46924479305744 11.29600339382887 4.642568103969097 38.37638410925865 6.630582429468632 2.010516539216042 0.6881944090127945 11.23057986795902 2.345397882163525 3.70391845703125 2.992938362061977 1.36075896024704 1.626517541706562 182.3570413589478 20.82618384063244 2.940472602844238 3.877475574612617 18.38874215632677 0.2277981042861938 0.1552089601755142 0.5470662117004395 22.70390016585588 46.88650798797607 49.83415035903454 348.2926183566451 13.02747239172459 121.1892603933811 4.341983206570148 60.10827768594027 1.814038872718811 70.0715214535594 25.47344995290041 28.75835240632296 21.01637854427099 10.24755046516657 28.27555295825005 9.24527383595705 42.40822968631983 2.100579559803009 0.2105763331055641 420.0719831734896 132.3076622709632 168.1694502457976 46.2950651794672 4.693075895309448 50.88336859643459 2048.304253846407 6.757315203547478 418.0961390212178 49.92706592381001 3.251227624714375 38.15449110418558 51.04060859233141 19.95482231676579 1.270646341145039 15.0030085220933 0.682689942419529 16.49881488829851 0.7925452589988708 55.94977596402168 29.14273632317781 3.928839541971684 15.27138681709766 3.015396609902382 0 5.243788674473763 197.4514727890491 0 1.809383988380432 11.88207370787859 2.043857976794243 15.30032160878181 19.9140686839819 4.21451310813427 30.26562682539225 9.989504061639309 16.66134008765221 4.227755442261696 36.8034718260169 23.00504548847675 17.73496905714273 14.12956976890564 0.1227360367774963 1.278476297855377 0.3846777677536011 0 0 0 0 0.1275639086961746 0 0 0.1452091783285141 0.7027999758720398 1.13687552511692 0 0.6567352861166 0 0.8241636604070663 0.9888889789581299 0.9413746893405914 3.651947125792503 0 0.2942192852497101 0.4687528312206268 0 5.34736680239439 3.046156242489815 5.992038108408451 1.891093119978905 2.768310107290745 0 0 0 0.4177230596542358 0 0.3864932358264923 0 2.154525756835938 3.026146657764912 0 0 0.7811236679553986 1.67868983745575 0.3357351720333099 0 1.048720449209213 0.1997166275978088 0 2.190595641732216 0 0 0 3.425072520971298 0.8164223432540894 0 0.1102033406496048 0.1774755865335464 0.3316750004887581 0.09655969589948654 0 0 1.120258331298828 21.01151559501886 1.269105315208435 0 0.3742559254169464 1.986794732511044 0.5594136118888855 0 0 2.209166973829269 0 1.573475629091263 0.1457878053188324 0 0 0.2171517089009285 0 0.1073320582509041 0.6693063527345657 1.649228543043137 0.1651367545127869 0.5110390335321426 11.56604389101267 10.92036085575819 6.254242151975632 200.9920001477003 24.17955131828785 616.3948231041431 45.42946110665798 208.7076559588313 16.95978175848722 4.286566182971001 18.35862040519714 26.73370729386806 0.2182335630059242 22.34526090323925 3.153504051268101 33.4618714004755 2.196428716182709 0.2095479443669319 0.4507441073656082 0 0 142.8646189942956 20.1629483923316
1579.008811980486 1538.576238542795 43.0456505343318 612.034343034029 61.23801105469465 405.8064869791269 883.1242066845298 2.264367997646332 4.39946287125349 2513.053857542574 0.7556227371096611 191.4228388369083 1270.009813003242 29.36773066222668 2.448808781802654 0.1179664582014084 0 0 0 0 0 0 0 0 0 0 0 0 0 0 151.4716813117266 1.305004201829433 1.074264407157898 0.09054744243621826 0 0.165472000837326 0.3514805138111115 0 0 0 0 0 0 0 0 0 5.661698631942272 3.430717773735523 0.1072204560041428 0 0.5025604888796806 0.4732731729745865 0 0 5.461459763348103 10.68496391922235 39.6371066570282 108.2675315067172 5.24579544365406 19.83160535991192 0.1024524569511414 0.2684493064880371 0.2441112250089645 0.1066102832555771 3.96141555160284 4.196687430143356 1.73777187615633 0.5715634375810623 0.2928931638598442 0 4.408042095601559 4.57044506072998 0 108.6341913342476 5.594626173377037 7.518808223307133 0.3554612472653389 0.1323114931583405 0 1.805055133998394 0 0.2401720657944679 9.896003194153309 0.2876685336232185 5.246017664670944 5.604283683001995 1.917845480144024 0.6468334943056107 1.863008923828602 0.4235230386257172 0.8142686560750008 0 0 0.2075841948390007 0.1101786643266678 34.30453436821699 2.167105048894882 0.2299255281686783 1.356415577232838 450.0225670859218 0.1056893393397331 6.62928780913353 7.641373567283154 129.7945883125067 2.217525467276573 41.8328857049346 60.44561196863651 11.35060977935791 116.9548620730639 42.88500426709652 0.5894080102443695 66.44849965721369 142.7373773306608 184.6044640019536 0.2722552567720413 0 0 0 0 0 0 0 0 0 0 0 0 0 0 0 0 0 0 0 0.7064284235239029 0 0 0 0 0 0 0.1334580928087234 0 0 0 0 0 0 0 0 0 0 0.2724955677986145 0 0 0 0 0 0 0.1361735314130783 0 0.4834106713533401 0.5958411991596222 0.1370154619216919 0 0.1534264832735062 0 0 0 0 0 0 0 0 0 0.1708962172269821 1.151770435273647 0 0 0.2029096633195877 0 0 0 0 0.0934443324804306 0.4081487432122231 0.1160100251436234 0 0 0 0 0 0 0.1111910492181778 0.1154530569911003 0 0 12.59020743519068 0.1433689296245575 0 45.1352348998189 2.986393734812737 38.90414121001959 3.926526926457882 396.9126366004348 0.7159717455506325 1.159431755542755 0.8157566115260124 22.5934681147337 0 0.9094701930880547 0 36.73710971325636 0 0 0.1771255433559418 0 0 235.1535591930151 38.33948104828596
15.5378406047821 1473.313966460526 526.8128995224833 61.23801105469465 3088.765241719782 34.57911402732134 1533.980576612055 376.7474487572908 3702.939641147852 2006.827899605036 1992.264403693378 240.7440004721284 501.7561623826623 2554.611231014132 52.16216488927603 20.05408056080341 0.6930623129010201 0.2151228860020638 0.1318053156137466 0.1794364526867867 0 0 0 0 0 0 0 0 0 0 38.32962825894356 11.96165616065264 39.54847449064255 0.1211028397083282 0 1.152987942099571 105.7613112777472 4.578665673732758 1.059400424361229 0.8994322642683983 0.2455382198095322 0.1278726756572723 0 2.102045573294163 0.1598920375108719 1.101189076900482 145.6215073987842 6.425883904099464 0.9498359560966492 0.2212323769927025 1.134969152510166 0.09212873876094818 0 0.3866194635629654 4.998779594898224 15.46937175095081 5.454687111079693 18.67148277908564 3.038472950458527 44.70757530629635 1.617456711828709 4.209269024431705 1.279760010540485 30.84333454817533 7.085255682468414 7.138087816536427 1.97353257983923 2.439737029373646 1.107723385095596 0 155.7140046060085 8.578732892870903 0.35972660779953 90.24283879995346 56.10120725631714 123.0286136046052 46.72837518155575 5.554544612765312 1.123423926532269 19.91031546890736 1.309990413486958 3.384860031306744 11.18664336949587 0.792624719440937 9.833268105983734 10.07145948708057 4.470095947384834 0.6596027910709381 2.877386949956417 0.1962403804063797 1.187797732651234 0 0 0.4102237373590469 0.2126843258738518 54.2997307702899 9.390147097408772 0 13.50980351865292 7.439581416547298 1.102477088570595 3.313642740249634 74.2722712084651 7.539249241352081 94.47352468967438 126.9034493863583 12.51928715407848 231.8480570316315 74.97802671045065 91.18104630708694 23.80059592425823 265.3966998308897 143.5322669222951 166.6593606695533 61.94166295975447 1.454319208860397 0.3082280457019806 0.2249711155891418 0 0 0 0 0 0 0 0.9504833221435547 0 0.8156395554542542 0 0 0 0.1754702627658844 0 0 6.381447851657867 0 0 0 0 16.58525176346302 3.97946572303772 21.06628486514091 1.015067100524902 2.668162852525711 0 0 0 0 0.3859109282493591 1.384097188711166 0 3.018318131566048 3.229859717190266 0 0.1384237259626389 0 0 0 1.182376980781555 1.770356252789497 0 7.952134981751442 9.097594849765301 0.1709947884082794 2.202725291252136 1.519550323486328 26.24716405570507 3.403893709182739 1.871219754219055 0.5088678151369095 0 0 0 0.2545555531978607 0 0 91.67516216635704 1.083483099937439 0 0.2217439115047455 0 13.50618302822113 0 1.038012504577637 4.525541424751282 4.171551063656807 6.432983286678791 1.670593604445457 0.3354410082101822 0 0 0 0 0 0.2535367459058762 0 0 33.28898423910141 38.38855783641338 15.83004582673311 225.7056999951601 10.08158461004496 389.8993370905519 44.71300099045038 72.32837114483118 11.79960032552481 20.00571885704994 32.7980896756053 91.84029216319323 0.8248196244239807 65.1323154270649 18.49389839917421 157.2577123790979 6.090204283595085 3.570083618164062 8.59683146327734 0.1384207904338837 0 154.1636078804731 68.48907108604908
119.0441553816199 411.2163315266371 21.79586347192526 405.8064869791269 34.57911402732134 7.795772358775139 137.5332879796624 0.8682332783937454 2.711840033531189 841.7604938074946 1.697635427117348 111.1452220156789 177.1573808118701 10.11791151762009 3.633689410984516 3.227902807295322 0 0 0 0 0 0.4205365628004074 0 0 0 0 0 0 0 0 45.99597844481468 0 14.16969832777977 0 0 1.273635447025299 29.15041524171829 5.486624330282211 12.01562687754631 1.22418449819088 0 0 0 0 0.6367987394332886 0.9301164671778679 3.139362446963787 0.3265468776226044 0 0 0 11.99968783557415 0.3339353650808334 0 0.9908758848905563 7.435490034520626 147.4291897639632 55.86107978969812 6.299749277532101 4.507798954844475 2.371517941355705 12.28333757817745 2.590344652533531 0 1.824063181877136 0.7834775745868683 0.1877179965376854 0 0 0 149.5288065373898 342.6540125235915 25.35501050949097 30.92586532980204 2.329101525247097 2.797785423696041 0.6545582860708237 0.4308968260884285 0 1.113488093018532 0.3069932758808136 0.7464608997106552 3.202757835388184 3.878527104854584 1.71982529759407 2.627875611186028 0.6881693154573441 23.56282298266888 8.661879055202007 23.83908300846815 3.34359784424305 0.6629144921898842 0.08560953289270401 0 1.15028141438961 438.9771781042218 750.0712503045797 10.50789700448513 82.94684012234211 318.8931993097067 0 0 0.5862365514039993 0.9395827725529671 1.369015201926231 4.043295696377754 0.4429918378591537 4.05032117664814 16.57159911096096 4.365593075752258 0.153454601764679 4.990024603903294 6.184116385877132 4.556685030460358 0.5274082273244858 0.1380418241024017 0 0 0 0 0 0 0 0 0 0 0.2524420022964478 0.1759802103042603 0 0.1340188682079315 0 0 0 0 0.4687728732824326 0 0 0 0 0.3415550142526627 0.6075510680675507 1.852156728506088 0.4786199778318405 2.101672604680061 0 0 0 0 0.1162273436784744 0 0 0 0.5600243359804153 0 0 0 0.6127286404371262 0.1302350014448166 0 0 0 0 0.2281984910368919 0 0 0 0.8641373664140701 0.4730725437402725 0 0 0.1155054867267609 0.2153687179088593 0 0 0 0 1.837495319545269 4.626709625124931 0 0.1598361432552338 0 0 0 0 0.1047494783997536 0 0.3557267934083939 0.09875509887933731 0.2306656539440155 0 0 0 0 0 0 0 0 2.968466207385063 2.62739996612072 2.969855733215809 15.7023618221283 2.126628056168556 13.35431483387947 3.712837859988213 132.0481588840485 2.69153156131506 0.2046802490949631 1.842503450810909 1.892974361777306 0 1.100822195410728 0.816270686686039 4.298779830336571 0 0 0.6236526370048523 0 0 118.8406642004848 13.40572864562273
256.0866335630417 4330.760572277009 120.3714857399464 883.1242066845298 1533.980576612055 137.5332879796624 1433.949467264116 4.414522983133793 1392.623174861073 3837.970277026296 128.3020218461752 1000.02282525599 4161.922735564411 4707.037006720901 19.46829529106617 6.197612158954144 0.2025829255580902 0.1041857898235321 0 0.1342331618070602 0 0 0 0 0 0 0 0 0 0 30.23567075282335 2.124257005751133 12.66717814654112 0.09559567272663116 0 0.3241449892520905 28.32148957997561 1.056915730237961 1.057766728103161 0.5010448843240738 0 0 0 0.3527098596096039 0 0 54.76861615478992 2.924615547060966 0.3086325079202652 0.1971072256565094 0.3363311886787415 0 0 0.1687843799591064 5.910435557365417 9.212301425635815 9.558793604373932 18.32113657146692 1.479288436472416 21.0005968734622 0.2066987901926041 0.9919643700122833 0.2995242476463318 7.66522041708231 4.097650639712811 5.107304751873016 1.15596529096365 1.625496469438076 0.1468371450901031 0 49.60696961730719 6.698750302195549 0 56.56509168446064 22.59141477942467 42.18959832936525 15.62205047160387 2.411737635731697 0 3.080232612788677 0.375593326985836 1.195721186697483 10.94906085729599 0.5396866351366043 5.450937740504742 6.927258752286434 2.801051132380962 0.5308389365673065 2.50318731367588 0.1021502539515495 1.088838383555412 0.08555785566568375 0 0.2392655983567238 0.279825821518898 62.31854937970638 4.951646089553833 0 2.251473248004913 35.36624412983656 1.925104513764381 9.433921739459038 82.65152924507856 69.54372928291559 57.32410956919193 154.1759853288531 37.73349153250456 133.3746373653412 156.4585822075605 106.1868959516287 19.63050439953804 331.9023588076234 214.4917463958263 250.2431173250079 31.55632892251015 0.1740663796663284 0.8468262702226639 0 0 0 0 0 0 0 0 0 0 0 0 0 0 0 0 0 5.624039113521576 0 0 0 0 6.805111765861511 3.281452208757401 2.964024111628532 0.7892992794513702 0.8635928630828857 0 0 0 0 0 0 0 3.251974761486053 0.930351734161377 0.1558371633291245 0.1737972348928452 0 0 0 1.435802944004536 2.729903481900692 0.1005156859755516 2.287640899419785 3.51527414470911 0.6904237419366837 0.2855564653873444 0.1935233175754547 12.83294813334942 1.217280521988869 0.8462890982627869 0.3096911460161209 0 0 0 0 0 0 44.78104651719332 2.22708785533905 0 0 0 5.534604430198669 0.5274351239204407 0 3.00677002966404 1.111099787056446 2.464351236820221 0 1.454827666282654 0 0 0 0 0 0 0 0 42.16098576039076 14.52318559587002 1.387039676308632 113.87050165236 5.314882069826126 169.382637925446 17.73161415010691 174.4620231762528 4.844566985964775 6.695174679160118 9.130136139690876 93.44268288463354 2.298186525702477 29.05133324116468 7.55343272536993 141.8052608072758 2.627410061657429 0.155390202999115 3.645042702555656 0 0 302.0118831172585 127.8358314856887
146.9450572282076 557.6242565214634 2443.078600622714 2.264367997646332 376.7474487572908 0.8682332783937454 4.414522983133793 1289.035068519413 142.3367944806814 1.69235448539257 2021.487700678408 3.413630425930023 149.7283548489213 707.960799664259 88.7635982260108 63.68296746909618 3.608345128595829 1.342278145253658 1.379619754850864 13.66147965192795 36.55360850691795 0.2705494463443756 20.29370260983706 4.78456161916256 1.990803629159927 1.184194073081017 2.987432271242142 0.1540873646736145 0.5801582634449005 0.7407002523541451 2309.596209719777 1121.208761237562 161.8745015487075 9.653333626687527 12.15739313513041 3.519594699144363 20.4635462090373 5.985498115420341 1.326037466526031 2.433747120201588 13.81050442159176 4.082319997251034 29.74885475635529 16.77847266942263 1.958143159747124 12.43294762074947 194.6535127311945 18.52183871716261 4.484275385737419 32.13881372660398 20.15670013427734 0.2327862083911896 0.4468477815389633 1.348516993224621 6.657918624579906 16.47988092154264 12.29589734226465 128.3836909160018 5.059258855879307 77.28916382044554 63.84323512017727 83.16040349751711 3.624626725912094 139.3749407157302 8.124968901276588 27.69582656025887 20.05008582025766 18.84460300952196 117.8420831859112 30.10335520654917 16.9969329982996 1.881130501627922 0 192.1708398163319 137.7500202506781 210.2618438377976 127.1071889102459 41.88574574142694 784.4238751530647 2584.133887901902 324.4070876985788 2441.379086896777 19.21744855493307 1.865213915705681 21.58561920374632 37.62216103076935 51.56549733132124 1.136254973709583 10.37472029030323 0.4793154075741768 13.15323261916637 0.4430513605475426 79.96033880859613 30.37425743043423 8.293034493923187 18.81747090816498 4.457217045128345 0 2.969597779214382 48.95970789343119 0 0 8.108887448906898 0 1.34498418867588 7.399474486708641 0 10.11122258007526 1.02829746901989 5.245240032672882 0.9239735454320908 10.32309976220131 6.811098381876945 4.214440435171127 10.50882393121719 0.114334300160408 0.2935551106929779 0.1715009659528732 0 0 0 0 0.2826724871993065 0 0 0.5262706130743027 0 0.4685934782028198 0 0.3983354866504669 0.1944675594568253 1.88125291466713 0.1713219434022903 1.045784965157509 0 0 0 0.4217960238456726 0.1707285791635513 1.646109655499458 0.6892195194959641 0.5782173573970795 0.4392403140664101 0.663319043815136 0.1827991604804993 0 0 0 0 0.8675252348184586 0 0 2.064436465501785 0.186349555850029 0 0.792521633207798 1.249957710504532 0.3031157180666924 0 0 0 0 1.499220490455627 0 0 0.255354642868042 0 0.663280725479126 0 0 0 0 0 0 0.32290980219841 0.3641455769538879 8.218321405351162 0 0 0.5462235659360886 1.37529955804348 0 0.1669239699840546 0 0.9759168028831482 0 0.1489063501358032 0 0 0.1141521111130714 0 0 0 0.1945101544260979 0.5083321183919907 0.6412586122751236 0.1468502730131149 0.5064602941274643 1.851010128855705 4.888228297233582 206.1728599593043 15.33446786552668 430.8448609858751 63.28081241250038 50.41529825329781 11.69607109576464 2.149156235158443 29.5558327883482 5.435085222125053 0 7.665442481637001 0.1224638000130653 1.132244497537613 0 0 0.4557942152023315 0.695248156785965 0 33.24579698592424 3.022098690271378
0.9082645252346992 385.9944246262312 523.510429404676 4.39946287125349 3702.939641147852 2.711840033531189 1392.623174861073 142.3367944806814 561.7301835343242 169.0155544728041 1383.185792960227 78.60779944062233 368.4635201841593 899.9551565498114 54.29378388822079 26.63219852745533 0.6739269644021988 0 0.3117537647485733 0.3737131506204605 0.7144241407513618 0 0.2598148882389069 0.1428731232881546 0.1867556422948837 0.1279230713844299 0 0 0 0 21.12973058968782 8.460917100310326 24.26460904628038 0 0 0.437004029750824 47.28462591022253 1.34357001632452 1.496766097843647 0 0.1300411075353622 0 0 1.731344744563103 0 0.6205792874097824 93.36443637311459 2.62979955971241 0.819340854883194 0.1021800860762596 0.09286198019981384 0 0.1794818788766861 0 1.630108937621117 4.279979601502419 1.50961147248745 11.83147901296616 2.01625145226717 24.20515577495098 2.618500530719757 1.850478932261467 1.341778852045536 25.64461477100849 2.733086593449116 2.48376702517271 1.3926105722785 1.73549173027277 0.3653355315327644 0 61.38904562592506 2.752708733081818 0 47.26998957246542 38.71391709893942 103.4043136686087 45.51776488125324 7.896780878305435 0.3490489646792412 10.50760874897242 2.417087160050869 2.782212719321251 5.363007068634033 0.6808747202157974 3.499756552278996 3.283185824751854 2.308634251356125 0.5059198215603828 1.207885049283504 0.09665145725011826 0.7805426865816116 0 0.1427662074565887 0.9113685488700867 0.3810505047440529 30.25915467739105 5.137553036212921 0.2003281116485596 1.982040226459503 1.252636648714542 0.1328976303339005 1.500266879796982 16.88740356266499 4.029881566762924 29.27169010043144 40.26293253153563 4.113913297653198 90.82669729739428 32.31643861532211 34.47155718505383 17.70865868031979 113.3583083897829 51.93572341650724 66.36042644828558 19.42888809740543 0.4829742908477783 0 0 0 0 0 0.1362011432647705 0 0 0 0 0 1.12537881731987 0 0.7983402013778687 0 0 0 0 2.630569979548454 0.7553460001945496 0 0 0 6.213911943137646 4.395089864730835 4.193264231085777 0 0 0 0 0 0 0 0.3118797242641449 0 1.969349935650826 2.56463235616684 0.1140184327960014 0 0 0 0.4559116959571838 0.319412000477314 0.8873079493641853 0.2145260870456696 1.410098701715469 2.691151492297649 0 1.676896899938583 0 7.987584143877029 0 0 0.09492634236812592 0 0 0.8646376132965088 0 0 0 29.57681953907013 0.2950039431452751 0 0 0 3.48294423520565 0.1626274734735489 0.5405802726745605 1.446766473352909 0 0.5769276097416878 0.4172542840242386 0 0 0 0 0 0.1067588478326797 0 0.1776401251554489 0 20.05846783518791 17.2009943574667 5.510811991989613 161.9387243613601 7.622300624847412 216.185455262661 35.58053603768349 29.56172592192888 6.489103533327579 5.805170148611069 23.60360558331013 30.29069169610739 0 19.86740912497044 4.040837958455086 36.64098213613033 2.768220409750938 0 0.8322983682155609 0 0 53.101188801229 33.68309386074543
1074.528592973948 3830.918058097363 163.5614286139607 2513.053857542574 2006.827899605036 841.7604938074946 3837.970277026296 1.69235448539257 169.0155544728041 2275.021959222853 72.10484737157822 2427.285086400807 6429.419928818941 1125.908191807568 3.075086452066898 2.047251470386982 0.1006816104054451 0 0 0.08662043511867523 0 0 0 0 0 0 0.3905861973762512 0 0 0 54.27685894072056 0.4766940474510193 25.57716922461987 0 0 0 51.20348724722862 0.8332219421863556 0.869631752371788 0.1256536692380905 0.1620417535305023 0 0 0.1172296032309532 0 0 10.80122222006321 1.292793788015842 0.1210064962506294 0 0 1.270737633109093 0 0 2.475252822041512 7.167756281793118 61.88157103210688 49.67839533090591 4.748023606836796 8.209948346018791 0.2166115492582321 4.325984269380569 0 1.156171225011349 1.5189538449049 3.132964432239532 0.7183419838547707 0.2198565229773521 0 0 126.200072824955 46.3133596777916 1.580175988376141 55.91491886973381 4.741348348557949 6.706039845943451 1.424735188484192 0.7453106939792633 0 1.438660725951195 0 0.8673894926905632 6.103868037462234 0.842448502779007 3.8449532315135 3.79547793418169 1.056356072425842 1.75008299946785 2.605306848883629 1.550150498747826 0.3073908463120461 0 0 0.1648362427949905 0.443306989967823 427.7064150348306 55.59238072484732 0.4815347790718079 19.92661244422197 384.4334021955729 1.168197929859161 13.10791780054569 78.29730711877346 95.93093605339527 91.93133395165205 236.1909073293209 86.36315357685089 245.6292400732636 247.3296690806746 272.1483395621181 32.3193721473217 514.1322802975774 334.0881978943944 290.7423804551363 54.73865684866905 0.3874572068452835 0.3303388655185699 0 0.3941240310668945 0 0 0 0 0 0.1512908339500427 0 0 0 0 0.3178385198116302 0 0.1498742997646332 0 0 7.191409930586815 0.1218200549483299 0 0 0 14.83198966830969 9.508514031767845 7.999071039259434 0.6428110748529434 0.5571351945400238 0 0 0 0 0 2.24225427210331 0 2.366566307842731 3.577257215976715 0 0 0 0 0 0.4770888909697533 0.9009853228926659 0.1660115197300911 1.628583200275898 3.080727346241474 0.1700715720653534 3.365172386169434 0 7.021130964159966 0.53266341984272 0 0.2130536064505577 0 0 0 0.1402859538793564 0 0.5908533334732056 56.30437891185284 2.049098670482635 0 0 0.2800683379173279 2.186282798647881 0.3424281179904938 0.7828314900398254 4.142593041062355 1.886949241161346 2.66797312349081 0.2224976867437363 0.6351021453738213 0.2169722989201546 0 0 0 0 0 0 0 102.8992359340191 18.96875905245543 5.430150359869003 119.9362258538604 1.892664559185505 41.41840364784002 5.792434766888618 651.5045353099704 0.9493578970432281 23.32206365466118 3.420054569840431 207.4009859338403 0 40.34551873058081 4.747506596148014 366.5354155898094 3.893243208527565 0 0.8068487197160721 0 0 1134.521457366645 424.5548637956381
49.91017469763756 1324.532611101866 2981.81253169477 0.7556227371096611 1992.264403693378 1.697635427117348 128.3020218461752 2021.487700678408 1383.185792960227 72.10484737157822 2945.747905820608 14.08762426674366 908.5481041446328 3675.251154907048 28.15755082666874 26.77993057668209 0.4194703474640846 0 0.1175348311662674 0.2864984571933746 1.536565318703651 0.8918823152780533 1.080098986625671 1.071159422397614 0.3378616571426392 0.4450332522392273 1.249224945902824 0.1377683281898499 0 0 508.5416537672281 41.4490223005414 202.1776549518108 0.2342397794127464 2.258301362395287 7.717708110809326 41.40212260186672 14.12088587135077 1.745948396623135 1.096546947956085 1.282709091901779 1.944848388433456 0.1775723099708557 1.045195050537586 1.078528448939323 0.3739760369062424 79.91353016346693 1.528232902288437 0.2084634304046631 0 3.821624256670475 0.941072016954422 0 0.5920779258012772 2.551572173833847 5.35773292183876 4.353025838732719 16.59574631601572 1.132081121206284 19.21999586373568 1.270854324102402 36.24809044599533 0.274876780807972 23.50875487178564 2.74034433811903 3.884115807712078 2.702072627842426 0.7065610215067863 0.5342524275183678 1.663539990782738 30.13371273875237 1.364430367946625 0 48.39003998786211 31.63399712741375 65.0583860874176 34.47488366812468 6.873010918498039 0 345.5040696337819 0.3943545818328857 53.05183089524508 3.931800559163094 0.6064878404140472 4.730325937271118 6.709127381443977 2.475669004023075 0.1801467388868332 3.168480291962624 1.265422344207764 10.11057217419147 0.2087612301111221 5.953810960054398 8.394952818751335 3.338589228689671 11.35213287174702 2.831335872411728 0 3.787443369626999 9.530419953167439 0.7595991492271423 0 1.406993046402931 0.474083736538887 2.00670799612999 11.05280508100986 0.2193183898925781 13.92642571032047 4.829426735639572 13.3761763125658 2.284998878836632 22.89039438962936 11.23757922649384 13.88280724734068 11.76885357499123 0.4781410396099091 0 0 0 0 0 0 0 0 0.2017808258533478 0.2936449646949768 0.2714929580688477 0 0 0.1753628849983215 0 0.5986867249011993 0 0 0.9036814570426941 0 0 0.5699339509010315 0 5.465659663081169 0.4600861817598343 1.922329939901829 0.8852474838495255 0.440995842218399 0 0 0 0 0 0.2448107898235321 0 0 0 0 0 0.1778166145086288 1.185056000947952 0 0 0 0 1.750569224357605 0 0 0 0 3.193337857723236 0 0 0 0 0 0 0 0 0 9.908756151795387 1.43461012840271 0 0 0 0 0 0 1.117483139038086 0.1714597195386887 0.6883662492036819 0 0.6731493473052979 0.4036093354225159 0 0 0 0.226998895406723 0 0.08559366315603256 0 5.351299971342087 5.88924315571785 1.315802082419395 114.5363316982985 7.095053344964981 169.1252118498087 30.85709889233112 27.59957030415535 4.935729891061783 0.6489560380578041 18.79432145506144 13.99062077701092 0.5804837346076965 10.89298535883427 1.277673959732056 15.72778360545635 0.9068701416254044 0 0.7121131420135498 0 0 29.4401336684823 7.068780399858952
109.6152759641409 317.6223885267973 8.549530074000359 191.4228388369083 240.7440004721284 111.1452220156789 1000.02282525599 3.413630425930023 78.60779944062233 2427.285086400807 14.08762426674366 471.843525916338 2124.165540747344 221.0730401650071 7.064030759036541 8.728967405855656 0 0 0 0.1047946810722351 0 0.1731386184692383 0 0 0 0 0 0.1926746964454651 0 0 5.152146503329277 1.765630453824997 56.37986280024052 0 0 2.532790422439575 301.4223794341087 20.62217593193054 1.141273900866508 0.635180190205574 0 0 0 0.7440432757139206 0.1529735177755356 1.217813715338707 11.34898732602596 0 0 0 0.3372170552611351 0.5401770770549774 0 0.5864864438772202 0.5791498571634293 0.6837767288088799 7.227055333554745 1.509789913892746 0 1.646208100020885 7.601310715079308 17.0086305886507 5.276859670877457 2.103412225842476 0.7906847819685936 0.2584187984466553 0.2155715152621269 0.2893031388521194 0.2650757431983948 0 141.6385906636715 30.8674188554287 0.4533944055438042 4.927886806428432 0.8706194311380386 5.443138606846333 3.224907025694847 2.567957065999508 0 10.46489498019218 0.4063578099012375 3.646561816334724 0.7354702800512314 0 0.307237446308136 0.6266006007790565 0.1654735952615738 0.2496203929185867 0.9590939581394196 1.330339089035988 0.2163431793451309 0 0.2081855088472366 1.921319782733917 0.5914113968610764 866.0131197273731 9.982683047652245 0.3046112954616547 7.567031368613243 31.98633637279272 1.535964488983154 1.031547784805298 39.76126912236214 6.960521370172501 45.78526969254017 101.6155833303928 13.06064443290234 137.8598888143897 56.85265116393566 80.5589914098382 14.81354136765003 226.7000484913588 173.6857173219323 157.3420709893107 56.79184600710869 1.258138433098793 0.9350336715579033 0 0 0 0 0.1747724115848541 0 0 0 0 0.2246192693710327 0.4333081096410751 0 0.1689962446689606 0 0.2168387770652771 0 0.3543699085712433 6.250913292169571 0 0 0 0 21.15033205598593 3.158885985612869 7.89795871078968 2.767797909677029 2.397461101412773 0 0.1540614664554596 0.1635924279689789 0.3290290683507919 0.2780313864350319 0.8382932394742966 0 1.918642714619637 5.412658847868443 0 0.4793902486562729 0 0.4192619770765305 0 1.352229945361614 0.9157511591911316 0.3451355993747711 2.250514335930347 4.138463817536831 0 1.207658767700195 0.1267759799957275 12.00896528363228 3.135077655315399 0.1548944711685181 0.6858939453959465 0.1610400974750519 0.3528723120689392 0.1687963455915451 0 0 0.1421016305685043 89.07110879570246 9.374057576060295 0 0.1244340538978577 0 5.671483784914017 0.1406586319208145 0.606519341468811 2.935240745544434 7.77743960916996 3.387415207922459 0.4162106215953827 0.4885393679141998 0 0.1363889873027802 0 0 0 0 0.1708703637123108 0 67.59884027391672 26.79309360682964 13.52160805463791 46.69542697072029 1.769148610532284 27.84084747731686 8.375736556947231 82.23383320122957 1.418704122304916 4.768143981695175 4.829118974506855 50.50025826692581 0.2753923833370209 48.8559210896492 9.946579709649086 83.41544969379902 5.175505861639977 1.765621781349182 3.241690404713154 0 0 573.8178298547864 176.936214543879
219.5001850873232 1816.023972637951 74.73133628815413 1270.009813003242 501.7561623826623 177.1573808118701 4161.922735564411 149.7283548489213 368.4635201841593 6429.419928818941 908.5481041446328 2124.165540747344 3548.173398725688 4950.004215456545 173.201159492135 164.9219926595688 1.379335843026638 0.4703704491257668 0.3118630424141884 0.7702867239713669 1.57154905796051 1.441764682531357 1.207800880074501 0.6010959446430206 0.1899164915084839 0.1611587554216385 1.045263826847076 2.337115727365017 0.1728265732526779 0.283990316092968 43.75618802756071 9.07439137250185 1105.160126753151 1.624332062900066 0.5481381863355637 20.03806483745575 654.6231883689761 120.8531409278512 18.42937524616718 3.692453779280186 0.652720183134079 0.9971011132001877 0 9.422519229352474 1.944938004016876 3.481617629528046 204.0601224377751 5.289827883243561 1.161375284194946 0 8.474906161427498 3.330544278025627 0.8895953595638275 3.339208945631981 6.757509857416153 7.650034517049789 15.37597424536943 22.49729176610708 3.7551474198699 34.06555718183517 14.63358695060015 105.7341422587633 12.43023766577244 37.83417669683695 4.426303751766682 4.25750070810318 4.050888799130917 2.391067616641521 1.853315077722073 0.9991638958454132 521.03321570158 52.74451690167189 0.3285478353500366 86.61240281164646 58.8214109390974 193.6774724274874 111.3814249709249 40.67315185815096 1.386575609445572 109.5305608585477 4.482057504355907 17.91249074041843 9.661361254751682 0.915728747844696 6.15956100076437 8.485062599182129 3.678266584873199 1.013205453753471 6.99943995475769 2.027647711336613 15.37644827365875 0.5630039870738983 8.694330289959908 14.19377652555704 4.603145867586136 1949.577818587422 28.55797676742077 1.240196093916893 15.42357654124498 66.3374817892909 2.699197515845299 8.910910151898861 151.4873404577374 21.1079618036747 166.5140582323074 316.6348121091723 37.44510432332754 464.644959539175 245.9630851894617 227.902127340436 52.06596168875694 838.6832803189754 492.5147999450564 478.7356711402535 162.2761536762118 3.671220667660236 4.323236927390099 0.5835699811577797 1.693710193037987 0 0.2298678010702133 0.1301040798425674 0 0 0 0 0.7970568239688873 2.327674388885498 0.1087320894002914 2.103189900517464 0.3035882115364075 1.313074737787247 1.169589653611183 1.312190547585487 17.54593098163605 0.5178849995136261 0 2.720664665102959 0 55.60607667267323 11.91495296359062 25.22735884785652 8.573691919445992 3.676615849137306 0.6123698353767395 1.124808669090271 0 0.8401491343975067 1.178199648857117 1.719934344291687 0 5.427175551652908 13.30416305363178 0.6071766018867493 0.1847136318683624 0 3.3325125426054 0 4.832998432219028 3.426222361624241 0.2376777976751328 11.98445671796799 10.55103161931038 1.201679080724716 2.191058233380318 0.9681123793125153 37.65166117250919 4.937816552817822 1.217888779938221 1.074273064732552 0.1154023483395576 0.4444052651524544 0 0.4752387031912804 0 0.2612489089369774 224.3302166163921 17.54308843612671 0 0.1623687595129013 0.4867699593305588 11.94269716739655 1.433076024055481 5.95705346763134 9.004163436591625 10.83418576419353 9.415143370628357 3.533598527312279 3.981024250388145 0.5367725938558578 0.1052852421998978 0 0 0.1006847321987152 0 0.4304525256156921 0.6222932040691376 180.1063295602798 90.9195449873805 38.38765055686235 560.3702109754086 20.54013704508543 474.4969402104616 128.3606346398592 231.5333542972803 17.0447665527463 15.62743455916643 88.55210680514574 160.6086385250092 0.2693238407373428 127.8900063559413 20.68405471742153 227.859904050827 12.1099550947547 2.199753373861313 6.962832115590572 2.445438206195831 0.2976217567920685 949.8341344818473 402.5672813504934
