128.1382703557611 1701.364660002291 126.004290997982 1258.252629391849 16.56916629523039 48.24797296524048 337.1369919925928 50.74447568506002 10.63572642207146 964.4032980725169 355.1804986745119 65.32235260307789 126.0260396450758 353.0656180679798 0.2355961799621582 1.393784888088703 0.144162230193615 0 0 0 0.5395488142967224 0 0 0.189056321978569 0.5940625742077827 0 0 0.1357235312461853 0.1671634316444397 0 859.1312882825732 1.183667361736298 22.74928208440542 0 0.110205702483654 0.3771970048546791 12.80109856277704 1.984113782644272 0.7562803030014038 0.08778957277536392 0.8735547810792923 0.3073467835783958 0.235257588326931 0.1017894670367241 0.09176569432020187 0 7.039884552359581 3.071600198745728 0.1912472322583199 0 0.2263591066002846 0.383306697010994 0.6573866084218025 0 6.905882112681866 5.829265668988228 309.1686534658074 751.1950768753886 61.9966329485178 21.54118992388248 0 0.3747460842132568 0 2.735452003777027 5.50396853685379 5.657939225435257 0.4367445781826973 1.243353419005871 0.7276533022522926 0.497367650270462 18.12315418571234 1.006909817457199 0.1502170413732529 333.0647557787597 23.25441507250071 12.05566653609276 3.208760768175125 0.2172085344791412 0.08525641262531281 38.61763397604227 0 0.4377716332674026 14.48038168251514 0.2751159593462944 4.755740970373154 1.845011100172997 0.3389579728245735 0 0 0 0.307708241045475 0 0.6992425844073296 0.172687791287899 0.1533608585596085 116.3131043016911 6.745743311941624 0.2346634566783905 2.024007454514503 702.4090729504824 0 22.50405007600784 4.486667312681675 8.088786818087101 0.176704078912735 3.26396906375885 47.34517131745815 1.067219346761703 18.44711039215326 13.04114632308483 3.019624754786491 10.17354349792004 33.54151148349047 11.31517407298088 10.81625907868147 0.1265804618597031 0 0 0 0 0 0 0 0 0 0 0 0 0 0.6500444710254669 0 1.580174669623375 0 0.4412219524383545 0.1469833701848984 2.52236470580101 0.5507727265357971 0 0 3.909151643514633 0.9478137642145157 4.389103725552559 3.239046409726143 0.71140968054533 0 0.2887682914733887 0 0 0 1.418896347284317 0 0 0.3761133849620819 0 0 0 5.587473176419735 0 0 0 0 0.1510576903820038 0 0.4408229142427444 0 1.011269867420197 6.993497997522354 0.3516144454479218 0 0 0 0 0 0 0 0 9.042105220258236 0.5940925851464272 0 0 0 3.328429594635963 2.518462747335434 0.7279792502522469 0.2585621774196625 2.069638296961784 0.4527314007282257 0.4986011683940887 0 0 0 0 0 0 0 0 0 11.36977719515562 5.853209279477596 4.677493244409561 420.3461342081428 5.626741752028465 102.8544717505574 7.866933964192867 510.4236638993025 8.339366219937801 1.121709443628788 8.013239659368992 47.03730268031359 0 0.4500899091362953 0.4715987741947174 100.1771834045649 0 0 0.8725069910287857 1.086999639868736 0 307.0272296071053 2.914649471640587
1701.364660002291 1892.72331867367 2063.410405121744 547.7927626371384 2520.280706383288 129.7482222467661 2827.414199698716 815.5113497078419 2334.192380227149 1243.838681176305 1954.243822962046 178.8393492177129 862.6204826273024 2152.303892813623 3.451403714716434 7.71837405860424 0.8514642417430878 0.4503608494997025 0 0.4216635003685951 0.8924527764320374 0 0.1613819599151611 0.2313992157578468 0.8159370347857475 0.109575591981411 0.5738230794668198 0.3232051730155945 0.2309450879693031 0.09445542842149734 2858.552015908062 24.90122798085213 18.28847674280405 0 0.5489701926708221 0.3100678324699402 11.31327049434185 2.825637727975845 1.842505108565092 0.2094263657927513 0.1254279911518097 0.4258803203701973 0.8089489787817001 1.259912915527821 0 0.08004682511091232 53.21484239399433 15.9649112187326 1.666263975203037 1.168887637555599 0.6929741725325584 0 0.7296881154179573 0 15.13292010128498 13.25789738446474 146.9351181350648 658.8832477889955 75.97937665507197 166.2095935940742 0.3706658929586411 0.6722366809844971 0.3932264521718025 61.94369936734438 11.65983885526657 16.14249243587255 1.27671967446804 5.287545591592789 1.56771107763052 1.285919517278671 13.42263199388981 1.437711931765079 0 846.4339171461761 213.7936440184712 176.7399461567402 42.45951919257641 2.110556051135063 1.06541246175766 39.8559200912714 0.1749185472726822 3.861256420612335 42.53158091008663 0.1911114826798439 18.24375054240227 5.133836571127176 3.564047135412693 0.06599664688110352 0.1975176259875298 0 0.6596055552363396 0.1782093122601509 0.8947436586022377 1.007833316922188 0.9142553955316544 52.68762892484665 12.12119036912918 3.053912378847599 2.166616253554821 423.3757318034768 0.6088803559541702 5.021773606538773 1.909723043441772 2.570460394024849 0.8657312393188477 0.8370272070169449 19.16408079862595 1.870022237300873 6.677482649683952 4.349516950547695 2.123332768678665 6.537840344011784 12.25134764611721 4.631869442760944 10.07140874117613 0.1819278448820114 0 0 0 0 0 0 0 0 0 0 0 0.1686151325702667 0 0.1594668477773666 0 0 0 0 0.3523946851491928 0 0 0.5507270693778992 0.1498313248157501 2.912967227399349 3.691401362419128 5.128156989812851 3.490358635783195 0.8085584789514542 0 0 0 0 0 0.8968028426170349 0 0.09155420213937759 0.1536416411399841 0 0 0 2.528755135834217 0 0 0 0 0 0 0.09937112033367157 0 1.740259736776352 5.864579722285271 0.5580889880657196 0 0 0 0 0 0 0 0 6.102057166397572 1.41172868013382 0 0.1415354907512665 0 0.5721579343080521 0.5432936400175095 1.84649670124054 0.1631211787462234 0.2934029251337051 0.8539348542690277 0.172988086938858 0 0 0 0 0 0 0 0 0 5.95468482375145 3.639325350522995 5.63680324703455 227.9840217754245 27.39461269974709 539.8167712390423 82.31143768876791 397.8394415676594 62.18691544979811 3.158472843468189 51.97690161317587 14.20533967763186 0 2.173368662595749 0.4427729919552803 26.35735726356506 0 0 0 4.676941841840744 0 99.7600582242012 3.800296038389206
126.004290997982 2063.410405121744 980.005963742733 14.8885814473033 1842.744277626276 1.315446481108665 296.5344237610698 2108.623379476368 589.0661026835442 263.0170184895396 1773.83376672864 232.7629903107882 393.3741734623909 1562.588849961758 0.6564872041344643 2.805786028504372 1.349237069487572 0.1034184619784355 0 2.03121355175972 7.80607882142067 0 0.2384506464004517 0.5188060849905014 4.213260039687157 0.6519743800163269 1.311774089932442 0.3343481719493866 0 0.2361700162291527 2504.313177585602 811.977104626596 49.92190568894148 0.3577469140291214 5.089887902140617 1.855615429580212 26.89662606269121 1.939935281872749 1.078843861818314 0.2275243774056435 3.371402084827423 4.819961123168468 5.039712153375149 0.09194498509168625 0.1027274206280708 0.2163582667708397 11.06498749554157 2.517258524894714 0.3256653249263763 2.291146159172058 0.299389012157917 0 0.1976174265146255 0.8518751338124275 0.7165229544043541 1.925310391932726 24.07778795808554 199.5815414860845 9.998198784887791 20.43857236206532 0.8022372052073479 6.807341828942299 0.8425607979297638 102.5167156085372 0.609870009124279 2.221975088119507 0.3233415484428406 1.307607881724834 6.134300053119659 13.34732341766357 19.387784704566 0 0 103.866799429059 47.04672211408615 26.14900226891041 15.56545513868332 38.29874173551798 86.31020847707987 436.7852812558413 0.5358299016952515 57.73205033689737 4.97387582808733 0.09302286058664322 1.926015712320805 0.2460511550307274 1.080891415476799 0 0.08976083248853683 0.08419244736433029 0 0 10.26226656883955 1.782939016819 0.8043989017605782 3.012815102934837 0.5627087354660034 0 0.705696627497673 33.19758741557598 0 2.309724733233452 0.2992414087057114 0 0 0 4.991789050400257 0.5366345643997192 1.707680709660053 0.6341298222541809 0.215527817606926 1.675609424710274 5.521885603666306 2.074295409023762 2.36694698035717 0 0 0 0 0 0 0 0 0 0 0.1526935249567032 0 0 0 0 0 0 0 0 1.21518275141716 0.1039533093571663 0 0 0 1.14597225189209 0 0.793456181883812 1.642344884574413 0.08156155049800873 0 0 0 0 0 0 0 0 0.371817946434021 0 0 0.3147792220115662 1.042014241218567 0.2805329635739326 0 0 0 0 0 0 0 0.3854420185089111 1.073212139308453 0 0 0 0 0 0 0 0 0 1.968236558139324 0.7946548461914062 0.1796743869781494 0 0 0.6975333392620087 1.053318232297897 0.6243318915367126 0 0.1523777693510056 0 0 0 0 0 0.1083487197756767 0 0 0 0 0 3.322363339364529 1.466182991862297 1.939559064805508 45.52194625884295 4.85863733291626 72.67372240126133 14.82257860153913 28.0379890203476 8.197187215089798 0.09684998542070389 8.32681430131197 2.007945083081722 0 2.366718590259552 0 7.731494784355164 0 0 0.3906424641609192 1.704738073050976 0 19.01065830886364 0.9411065578460693
1258.252629391849 547.7927626371384 14.8885814473033 311.7997740954161 15.17818962782621 487.4439418315887 571.7803251370788 1.696218430995941 53.50718188285828 2047.494897939265 9.372403465211391 13.13489507883787 90.8777990937233 212.4809135720134 0.106098048388958 0.3371653258800507 0 0 0 0 0.2766891419887543 0 0 0 0 0 0.1714442372322083 0 0 0 205.5919263213873 0.1771304905414581 1.978963419795036 0 0 0.1478137373924255 1.556819781661034 0.5667044520378113 0.3165417909622192 0 0.135143905878067 0.08986885100603104 0.3831854537129402 0.08946723490953445 0 0 8.10040719807148 3.223975092172623 0.129919096827507 0 0.2456131130456924 0 0 0 5.678905233740807 4.980781547725201 75.03637102991343 203.1347607299685 28.07179590314627 30.96693881601095 0.1043691635131836 2.520661994814873 0 2.682671554386616 4.112195536494255 3.828078895807266 0.3526149019598961 1.045370891690254 0.09255288541316986 0.08274654299020767 3.209669500589371 0 0 250.7902421206236 28.9341041892767 16.60437027364969 1.90039986371994 0.4996647536754608 0 0.8450741618871689 0.1396860927343369 0.2843258082866669 13.89538852125406 0 3.400079235434532 1.165925063192844 0.5375239849090576 0 0.08973763883113861 0 0.09275463968515396 0 0.1716535910964012 0.1224754005670547 0 141.0264413952827 9.606980174779892 0 0.3038134872913361 168.1145603954792 0.2888824045658112 10.71722745895386 1.259694665670395 2.091422446072102 0 1.487212419509888 19.69042097777128 0.4338590800762177 6.879534117877483 4.773958206176758 0.6748303025960922 3.85449443012476 8.601829908788204 3.325397312641144 4.701485365629196 0 0 0 0 0 0 0 0 0 0 0 0 1.098895132541656 0 0.158869281411171 0 0 0 0.4491507112979889 0.1256521493196487 0.1703090965747833 0 0 0 2.566880233585835 2.368934690952301 2.085888735949993 1.366927087306976 0 0 0 0 0 0 0 0 0 0.5475398898124695 0 0 0 0.6397877484560013 0 0 0 0 0 0.1990385949611664 0 0 1.731409668922424 2.332499459385872 0.2740150690078735 0 0 0 0 0 0 0 0 3.362543046474457 0 0 0 0 1.701148092746735 0.4119133651256561 1.485013037919998 0.08847076445817947 0 0.3315093517303467 0 0 0 0 0 0 0 0 0 0 2.41437903046608 2.9994947463274 3.024444490671158 94.09654603898525 3.997949339449406 129.5364924818277 10.83250696212053 450.1291669756174 16.42459512501955 0.1341043263673782 5.619491793215275 15.68443951010704 0 1.137631952762604 0.3436114490032196 36.30713269859552 0 0 0 0.5428113788366318 0 140.3961932733655 2.048098385334015
16.56916629523039 2520.280706383288 1842.744277626276 15.17818962782621 2468.440684080124 2.947203397750854 2899.606160901487 759.1262480467558 2992.332602873445 1117.923076331615 2232.726278036833 46.1432918831706 1316.05847697705 2077.819450885057 1.720889709889889 4.061764068901539 0.1359356492757797 0 0 0 0 0 0 0.2234556972980499 0 0.1209001541137695 0 0 0 0 86.38858762383461 2.781703859567642 0.7746992707252502 0 0 0 0.5043824911117554 0.2312669903039932 0 0 0 0.09250029921531677 0 0 0 0 12.7575808390975 1.273217029869556 0.108559362590313 0 0 0 0.2908767461776733 0 0.6095847263932228 0.4541590213775635 3.783750351518393 23.38445504009724 3.778066724538803 17.9900845438242 0.08538044989109039 0 0 13.36070252209902 0.4034035950899124 0.3109515011310577 0.1666987016797066 0.2865894511342049 0.3114950358867645 0 0.1326174736022949 0.08729637414216995 0 52.01365495473146 28.05715168267488 37.72331499308348 13.95518456399441 2.192630238831043 0 0.7288154363632202 0.09224725514650345 0.4645317792892456 2.531169526278973 0 1.007437750697136 0.2953589037060738 0.09567374736070633 0 0 0 0 0.148286834359169 0.2677169889211655 0.2148108705878258 0 3.155957043170929 3.105756998062134 0.8716176152229309 0.3312893807888031 2.066444523632526 0 0.4905048459768295 0.1110697984695435 0.7960469052195549 0 0.5547441616654396 4.413519978523254 0.3238159418106079 1.306277245283127 1.044531062245369 0 1.578719139099121 3.944977417588234 3.324630416929722 1.700309909880161 0 0 0 0 0 0 0 0 0 0 0 0 0.1918034255504608 0 0 0 0.2246068716049194 0 0 0 0.5012526512145996 0 0 0 1.685976669192314 0.483863577246666 0.893387034535408 1.031236007809639 0.2197241485118866 0 0 0 0 0 0 0 0.1224200949072838 0.2175037264823914 0 0 0 0 0 0 0 0 0.110955499112606 0.5051578879356384 0 0 0.4686849415302277 2.570532016456127 0.2524575144052505 0 0 0 0 0 0 0 0 1.319597125053406 0 0 0 0 0.7752206325531006 0 0.7678454518318176 0.3136148750782013 0.678882896900177 0 0 0 0 0 0 0 0 0 0 0 0.5810322165489197 0.600677102804184 2.841999940574169 53.78132244944572 2.520778775215149 64.26110762357712 13.75265801697969 25.92880353331566 8.859510242938995 0.2068641856312752 14.09322778880596 3.632637478411198 0 0.417310357093811 0 2.65918193012476 0 0 0 1.191344782710075 0.2907254174351692 10.61912317574024 0.2829537242650986
48.24797296524048 129.7482222467661 1.315446481108665 487.4439418315887 2.947203397750854 1.282106876373291 76.25424929708242 2.636677630245686 0.5639815628528595 925.9438737332821 5.23260110616684 67.41438429802656 47.21215416491032 29.07190683484077 0.221685603260994 1.020484581589699 0 0 0 0 0 5.625841028988361 0 0 0 0 0 0 0.1902775168418884 0 48.42388768494129 0 16.59788219630718 0 0 0 26.3338830769062 2.792775951325893 18.08248817920685 0 0 0 0 0.2212366759777069 0 0 0.4472335278987885 0.09262800216674805 0 0 0 11.55372505635023 3.092216640710831 0 0.2466185018420219 1.948937423527241 99.13054033368826 78.19751010835171 6.907686769962311 1.358590625226498 0 5.396290495991707 0.4299944639205933 0.1464943885803223 0 0.1977098286151886 0.1326680034399033 0 0 0 207.531585380435 427.2784151956439 17.20263499766588 22.05567054450512 0.9932475909590721 0.6741857826709747 0.20242590457201 0.1177629083395004 0 5.072917252779007 0 5.93852261453867 0.8963650390505791 3.640601627528667 0.1664257645606995 1.517157584428787 0 9.840764656662941 0.6063458174467087 9.217335596680641 0.4002362564206123 0.8526674658060074 0 0 0.4743986427783966 395.4051845669746 338.5770191699266 23.87242263555527 50.06017106026411 215.7133099287748 0.7222614288330078 23.23885360360146 4.299530103802681 6.088475778698921 0.5413219630718231 0.8467032015323639 47.27297258377075 0.9795166254043579 12.29095298051834 11.21947908401489 0.7376227825880051 5.257216915488243 26.14459451287985 5.086615823209286 5.790142312645912 0.2382630631327629 0.147891104221344 0 0.2503846883773804 0 0 0 0 0.2882858961820602 0.1250946968793869 0 0.2354826778173447 1.676896661520004 0 2.005170054733753 0 2.157135032117367 0.6226367503404617 4.122813902795315 0.3476945161819458 1.781928882002831 0 1.270980626344681 0.2971739247441292 3.421031534671783 0.7430953308939934 3.177266091108322 6.493061102926731 2.542583055794239 0 0 0 0 0.8058401793241501 0.2567581087350845 0 0.3316246420145035 0.7251426428556442 0 0 0 6.923857353627682 0 0 0.1631472706794739 0.1257995665073395 0 0.9519158974289894 0.4540820568799973 1.842854127287865 0.8157459944486618 3.675752982497215 1.894548267126083 0 0 0 0 0 0 0 0 9.107277125120163 10.88071578741074 0 0 0.1088773906230927 0.5848913192749023 1.996827229857445 1.051103368401527 0.7262340784072876 1.336921095848083 0.347803883254528 0.9618671014904976 0.3200671523809433 0 0 0.2782975435256958 0 0 0 0 0 10.6125960201025 5.295250803232193 6.132071152329445 86.2280346006155 0.6075604259967804 6.01837220042944 1.046531938016415 108.6947942823172 1.19879624247551 0.4523748904466629 1.52489846944809 31.86993370950222 0.2856982350349426 1.031626880168915 0.2781161069869995 82.72746181488037 0.3089079558849335 0 0 0 0 280.3937461972237 18.41820591688156
337.1369919925928 2827.414199698716 296.5344237610698 571.7803251370788 2899.606160901487 76.25424929708242 452.1395132988691 317.5686049237847 2839.684928022325 2404.673614695668 996.5577104911208 38.3087479993701 2997.696950152516 2161.092778369784 3.942664131522179 9.649107575416565 0.5592609941959381 0 0 0 0 0 0 0 0.2775451019406319 0.2041983976960182 0.0958629846572876 0.2372357770800591 0 0 194.5919743701816 6.249663002789021 5.037921443581581 0 0.103170782327652 0.6197706013917923 3.896120205521584 1.450359314680099 1.326361685991287 0 0.1051303967833519 0.0733085423707962 0.07579437643289566 0.9441059529781342 0.08884633332490921 0.2186705768108368 42.13847969472408 6.032806873321533 0.2697981372475624 0.07419930398464203 0.2407925054430962 0 0 0 6.316571563482285 3.218579649925232 33.14752036705613 148.3563716448843 27.20936259627342 105.3692271858454 0.2400492951273918 0.7270921543240547 0.193462923169136 37.43829359859228 4.799396522343159 6.222871832549572 0.4975927174091339 2.338234201073647 0.2960425540804863 0.3744860216975212 7.080806203186512 0.5029406547546387 0 352.5578321181238 107.1357457414269 126.290995977819 39.97166347503662 2.710458986461163 0.7354379370808601 3.411492668092251 0.5008063912391663 2.043830618262291 16.86217387020588 0.08714614063501358 6.632991500198841 2.537479683756828 1.134596668183804 0 0.2121307477355003 0 0.2197860404849052 0.08168451488018036 0.1550499051809311 0.4896123707294464 0.100977249443531 36.94796827435493 8.698407664895058 1.868956983089447 3.362263105809689 17.36691804230213 0.2468428537249565 6.022897280752659 0.756864994764328 1.930387891829014 0.5222157835960388 1.855070553719997 11.50617072731256 0.1168481484055519 4.087461702525616 6.082217156887054 2.006768420338631 3.802636332809925 13.27134440839291 4.979077368974686 10.60123684257269 0.08585663884878159 0 0 0.4940000772476196 0 0 0 0 0 0 0.1187250167131424 0 0.5445307493209839 0 1.514713525772095 0 0.08727390319108963 0 0.4925827980041504 0.7866050750017166 0.656776562333107 0 0.704584151506424 0.3137866258621216 5.527710430324078 1.328269310295582 7.403609275817871 8.712499357759953 1.133185505867004 0 0 0 0 1.45744526386261 0 0 0 0.7782843410968781 0 0 0 2.089007973670959 0 0 0 0 0 0.08694875240325928 0 0 0.5561840832233429 4.436308190226555 0.595765233039856 0 0 0 0 0 0 0 0 7.236612536013126 2.041033864021301 0 0 0 2.473530650138855 2.460506819188595 1.419060751795769 0.7301634401082993 0.8856528848409653 0.09004632383584976 0.2066601067781448 0.7033364176750183 0 0 0 0 0 0 0 0 6.133331947028637 10.59174284338951 9.822512246668339 176.3949056714773 10.59226163476706 342.8488292768598 62.11650431156158 203.4282453134656 47.23897173255682 1.205984957516193 51.32444817572832 12.8052309975028 0 1.926894888281822 0.3480457365512848 24.8060667142272 0.7394326329231262 0 0.4854048490524292 6.237939395010471 0.1103963702917099 51.65554552525282 2.749147273600101
50.74447568506002 815.5113497078419 2108.623379476368 1.696218430995941 759.1262480467558 2.636677630245686 317.5686049237847 1299.262247122824 273.789953827858 116.8230127617717 2575.755883157253 114.5257846489549 294.9472995623946 2604.312970630825 6.453012235462666 31.13529842346907 9.315101064741611 4.20561246573925 0.5881377309560776 18.71852797269821 69.28671080619097 0.4351721107959747 1.551023676991463 3.293595775961876 43.46322766691446 4.566663026809692 9.084475629031658 3.889564149081707 0.5048256143927574 0.6179853230714798 2611.746000483632 945.2548697441816 108.4353169947863 1.061128109693527 31.45009727776051 25.33781260251999 60.81945809721947 9.643239073455334 2.046340353786945 1.435220167040825 21.56229014694691 19.35322389751673 60.11291493475437 27.55336549133062 2.571911685168743 4.483855627477169 36.65528001636267 7.77947323769331 6.506538733839989 19.95494594424963 1.041594475507736 0.164056733250618 0.3077192306518555 4.459733113646507 1.594136923551559 0.3175651207566261 25.47757561132312 270.0528006106615 10.77245238423347 32.04516919702291 23.58682762086391 20.34524646401405 7.04551687091589 509.08807656914 1.974214904010296 4.256757251918316 1.440776526927948 7.806369744241238 54.14734165370464 77.57877049595118 61.52715763449669 0.1340739727020264 0 145.3349869437516 132.5035926327109 101.5855943486094 110.9650283902884 223.5827470347285 369.8668580800295 1066.895585268736 83.82140203565359 386.481572277844 7.848613329231739 0 3.205122783780098 0.5517833009362221 12.59478215873241 0 0.09891950339078903 0.175677478313446 0.7207109406590462 0.1553109586238861 66.47336108237505 8.948816224932671 5.051737114787102 7.039161369204521 3.914721272885799 0.1686733961105347 6.921881273388863 24.62024632841349 0.102565236389637 0.2758307456970215 0.4382375627756119 0.1802234500646591 0 0 0.8217165842652321 0 0.7618891447782516 0.7960676997900009 0.3361466601490974 0.72334985435009 2.371745593845844 0 1.680886074900627 0 0 0 0 0 0 0 0 0 0 0.1331241279840469 0 0 0 0 0 0 0 0.2303470820188522 0 0.5172797590494156 0 0.4355523884296417 0 0.3495350182056427 0.9297221899032593 1.047559663653374 1.539755240082741 0 0 0.1486263871192932 0 0 0 0 0 0 0 0 0 0.8605825379490852 0.4865009188652039 1.166523315012455 0 0.325884073972702 0 0 0 0 0.08940412104129791 0.1701829731464386 0.7336474508047104 0 0 0 0 0 0 0 0 0 1.791418164968491 0.3622093945741653 0 0.127493292093277 0 0.5479034781455994 0.1552374958992004 0.2751403898000717 0 0.2500383406877518 0 0 0 0 0 0 0 0 0 0 0 2.694456599652767 1.186565734446049 1.173076003789902 104.5453915968537 15.44223725050688 160.1589806750417 49.51101364195347 36.90433291345835 13.49268473684788 0.1539101600646973 25.04535226523876 1.770867750048637 0 0.2567947804927826 0 1.886867672204971 0 0 0 6.938695549964905 0.4285407364368439 7.778439730405807 0.1462211310863495
10.63572642207146 2334.192380227149 589.0661026835442 53.50718188285828 2992.332602873445 0.5639815628528595 2839.684928022325 273.789953827858 444.3207059204578 539.2910748124123 1206.690824627876 64.95222674310207 1206.230261899531 961.1878481060266 0.0933535173535347 0.8183255046606064 0 0 0 0 0.1430894583463669 0 0 0 0.1537477672100067 0 0 0 0 0 17.7940868139267 0.2657899186015129 0.2021516561508179 0 0 0.1319038718938828 0.7872336953878403 0.407546728849411 0 0 0 0 0 0.1377561092376709 0 0 1.233277894556522 0 0 0 0 0 0 0.2044014781713486 0.1358723193407059 0.07453125715255737 0.2399779558181763 3.183562062680721 0.3318545371294022 0.8412260189652443 0 0 0 1.020282655954361 0 0.08976287394762039 0 0 0.1273372620344162 0 0.2999795973300934 0 0 5.493883341550827 1.83899649977684 3.741192243993282 1.78303362429142 0 0.1517022550106049 1.048566788434982 0 0 0.138021320104599 0 0.1011150255799294 0.07208845019340515 0 0 0 0 0 0 0.1236226260662079 0 0 0.7678133845329285 0 0 0 0.5664664059877396 0 0 0 0.1081371530890465 0 0 0.1239256039261818 0.1426113992929459 0.1976131647825241 0.7842970192432404 0.3539170250296593 0.6497930064797401 1.248681806027889 0.2920088022947311 0.612174890935421 0 0 0 0 0 0 0 0 0 0 0 0 0 0 0 0 0 0 0 0 0 0 0 0 0.09704127162694931 0.4398745000362396 0 0.9436063766479492 0 0 0 0 0 0 0 0 0 0.3690022230148315 0 0 0 0 0 0 0 0 0 0 0 0 0 0.2540507689118385 0 0 0 0 0 0 0 0 0 0.456849530339241 0 0 0 0 0 0 0.1126347929239273 0 0 0 0 0 0 0 0 0 0 0 0 0 0.3756103068590164 0.2335941642522812 0.1345812380313873 7.589599706232548 0.3199481964111328 7.804245427250862 1.980144999921322 3.079165257513523 0.5673786997795105 0.6551844477653503 1.065327867865562 0.378556877374649 0 0.4299060851335526 0.2945050895214081 1.452227599918842 0 0 0 0.4188933372497559 0 3.070120424032211 0
964.4032980725169 1243.838681176305 263.0170184895396 2047.494897939265 1117.923076331615 925.9438737332821 2404.673614695668 116.8230127617717 539.2910748124123 3276.141796715558 330.3247323036194 1275.772807426751 3673.400579184294 1579.46120017767 7.049765981733799 24.64403500407934 0.4411701038479805 0.1216326951980591 0 0 0.9187901318073273 0.1348373591899872 0 0.2663492932915688 1.229179918766022 0.3985214978456497 0.4372100234031677 0.823370136320591 0.1556925028562546 0 159.7935456708074 4.826819129288197 26.94728249311447 0.2218651175498962 0.3809354975819588 2.68043977022171 38.1153812110424 7.929620251059532 12.30982337146997 0.9700793623924255 0.7260274067521095 1.206157192587852 0.2311554923653603 1.265621721744537 0.1128353327512741 0.1396673619747162 64.61735087633133 4.872167579829693 0.5381200835108757 0.1145876422524452 0.7019305601716042 0 0.1721267551183701 0 4.748387090861797 2.707197099924088 40.45915293693542 144.455139182508 37.81039415299892 109.2421925961971 2.792554706335068 4.569230288267136 0.1057536378502846 65.9541484862566 3.570820651948452 4.69645407050848 0.4853362962603569 2.239608146250248 0.5881635919213295 0.350180059671402 79.44230897724628 15.66587197780609 0 317.4561185501516 121.6694558858871 175.0283917449415 59.82414318621159 4.777813121676445 0.7554412335157394 13.2801917642355 0 7.946132555603981 17.54670485854149 0 5.734766587615013 2.05125692486763 1.641163490712643 0 0 0 0.37934660166502 0.1085917577147484 1.729399643838406 0.4406391009688377 0.7704114839434624 757.2197219133377 176.6988614946604 21.34419338405132 20.41045667976141 171.049240604043 4.87422402203083 87.33824401348829 39.4279520213604 75.07579573243856 7.111958868801594 13.44357908517122 237.9982495978475 10.25393682718277 93.06880838423967 117.276797093451 32.12033718079329 71.10477268695831 234.7216959744692 92.50095055252314 115.7929468229413 3.210994839668274 1.350441284477711 0 2.60770446062088 0 0 0 0 0.6844677329063416 0 0 2.232922494411469 3.995522364974022 0 7.543019413948059 0 7.790714994072914 3.011459112167358 4.433034390211105 5.223626792430878 13.74856390058994 1.38589608669281 6.722681075334549 1.763047814369202 53.72341742366552 24.10581248253584 58.44824330508709 54.96900964528322 10.34105355292559 0.5249375104904175 0.8424199670553207 0.1028979048132896 0 8.710243865847588 5.057977735996246 0 4.484412923455238 3.60641223937273 1.331859230995178 0.3077161908149719 0 21.69879215955734 0.2782229483127594 1.202532276511192 0.1070718616247177 0 1.533416420221329 3.335094086825848 2.29699669033289 11.17734387516975 18.92841487377882 70.49869761615992 7.628263451159 2.098640516400337 0 0 0 0 0 0 0.964686393737793 86.40798397362232 8.477530166506767 0 0.1466933190822601 0.413856714963913 35.17730768769979 18.30740588158369 18.67449016869068 5.998142592608929 10.42389969527721 4.878843680024147 0.1303480267524719 3.053662948310375 0.1187897622585297 0 0 0 0 0.1446720063686371 0.4151185676455498 0 108.4643533974886 62.81244134157896 84.15635797381401 880.8612703308463 25.10800193995237 530.5816470831633 134.9839928075671 635.4522916004062 118.941809296608 3.918987460434437 206.0759405791759 126.2078544422984 0.9592751562595367 21.62978590279818 7.957505293190479 361.2174144238234 2.84943899512291 0 6.004291623830795 25.61554135382175 1.030357718467712 1184.131346061826 29.85907565057278
355.1804986745119 1954.243822962046 1773.83376672864 9.372403465211391 2232.726278036833 5.23260110616684 996.5577104911208 2575.755883157253 1206.690824627876 330.3247323036194 1136.131439261138 485.845277801156 2023.909245058894 3257.238766364753 7.390977971255779 33.69153312593699 0.8601076826453209 0.4542437642812729 0 0.2619563937187195 7.367891132831573 0.3403928875923157 0.4726243019104004 3.255727633833885 31.62364180386066 3.312096901237965 8.122186467051506 3.057150773704052 0.610513724386692 1.174876160919666 733.1082744970918 49.23228431493044 377.5318082198501 0.1479286700487137 10.6287589892745 13.81763275712729 194.2764082923532 30.91156150400639 7.585287123918533 6.422402076423168 10.52605384588242 14.90279942750931 0.7969909310340881 1.553703784942627 0.09695936739444733 0.1354402601718903 33.35234495997429 1.153331130743027 1.522599294781685 1.344336703419685 0.8111457526683807 0.5127849280834198 1.983214303851128 2.982541747391224 1.009605333209038 0.8228305131196976 15.03832613676786 97.96379627287388 11.12969793751836 28.52793767303228 0.1975776329636574 2.72768496721983 1.087789930403233 57.27540075033903 1.6697046905756 1.807170920073986 0.1948698461055756 0.6388242989778519 2.456357419490814 8.681739665567875 95.28958147764206 1.112901076674461 0 95.22233299538493 67.76923577487469 96.87769398093224 50.33865659683943 7.758774012327194 0.9262071773409843 217.7232707217336 0.1967844888567924 2.70475772768259 2.888499967753887 0.09997636824846268 1.736046977341175 0.1818122863769531 1.014652267098427 0 0 0 0 1.060598611831665 12.99467765539885 2.20988305658102 3.65700426697731 11.53989377617836 13.70221504569054 0.283214382827282 10.08754263073206 30.0362976193428 0.3758873119950294 2.866040699183941 0.1149598583579063 2.662853933870792 0.4806426763534546 0.4375467598438263 5.929630532860756 0 5.461191654205322 2.759266443550587 1.751040957868099 3.283979952335358 11.6020096167922 4.84454170614481 12.2398390173912 0.142342746257782 0 0 0 0 0 0 0 0 0 0.1607110947370529 0 0.1567836403846741 0 0.5309484899044037 0 0.710832417011261 0.1213697716593742 0.8651565611362457 0.5189143419265747 0.6463976874947548 0 0.7799783051013947 0 4.452591292560101 1.153409384191036 6.153946980834007 6.541948400437832 1.145946055650711 0 0 0 0.181095078587532 0.4924333840608597 0 0 1.197283670306206 0 0 0 0.1562327444553375 1.338642582297325 0.2083055675029755 0 0 0 0.09542687982320786 0.1541648507118225 0 1.883839018642902 3.141102373600006 5.310954876244068 0 0 0.3691736459732056 0 0 0 0 0 0 5.50188472867012 0.3246774822473526 0 0 0 4.252144478261471 2.031766101717949 1.386904627084732 0.1034765616059303 0.2398918271064758 0.1198292225599289 0 0.2430613189935684 0 0 0 0 0 0 0 0 6.660756275057793 8.522948063910007 9.192771553993225 148.5622540637851 9.726258747279644 146.0714810453355 44.20126279443502 37.48169004172087 20.76993426680565 0.1545656770467758 38.5478360503912 3.863783687353134 0 2.32686959207058 0.8806986510753632 9.408340521156788 0.4665838330984116 0 0.07611545920372009 6.915427498519421 0.7608322128653526 15.89845232665539 2.02777024358511
65.32235260307789 178.8393492177129 232.7629903107882 13.13489507883787 46.1432918831706 67.41438429802656 38.3087479993701 114.5257846489549 64.95222674310207 1275.772807426751 485.845277801156 199.4634662270546 1075.832269206643 504.999877948314 6.82974948734045 14.12145289033651 0.4414766207337379 0 0 0.1594667434692383 0.2329030781984329 2.666365370154381 0.1510424911975861 0.1159522235393524 5.05668792873621 0.5275744497776031 0.9848579838871956 0 1.360746249556541 0 110.6001268029213 3.737531386315823 25.20153552293777 0 1.008486174046993 21.04703840613365 135.2186722010374 42.00240837037563 49.28363141417503 1.803134307265282 1.097857102751732 1.248602032661438 0.4922829568386078 0.6605954989790916 0.1745445877313614 0.3102642744779587 17.45615170150995 0.2039787545800209 0 0.2743981406092644 0 0.9037590771913528 28.55035669356585 1.97319021821022 0.51097072660923 0.3209913223981857 5.766459580510855 25.9941513761878 5.414345540106297 13.9720457047224 0.7842914760112762 3.368961937725544 0.6012910977005959 18.70032131671906 0.3704581558704376 0.3450545072555542 0.2537891492247581 0.7834716662764549 0.3398014977574348 0.8733635172247887 201.6152508631349 2.324720986187458 0 38.62331736832857 20.35562959313393 43.55373927950859 19.97897156327963 2.025213450193405 0.1966660618782043 19.41533309966326 0.08665353804826736 7.102985367178917 1.450925134122372 0 0.5512251183390617 0.2487568706274033 0.07866848260164261 0 0 0 0.1995981633663177 0.4273016154766083 0.9536330550909042 0.4102489873766899 0.406632661819458 540.9419405311346 89.77795825898647 2.432629629969597 59.14249441772699 25.93083693087101 3.02394413203001 28.832508854568 12.27704371511936 17.88889100402594 1.26050741225481 9.711015231907368 85.60230009257793 4.710767641663551 39.1049721762538 51.8281721547246 12.24252285063267 28.57182902097702 98.3547867462039 34.88533360511065 45.84815356880426 0.3486813753843307 0.2071594819426537 0 0 0 0 0.5899880528450012 0 0 0 0 0.3187243565917015 3.009057268500328 0 2.370937027037144 0 1.443573370575905 0 0.6963299587368965 2.59482280164957 6.025766126811504 0.8983004987239838 1.934701770544052 1.024561613798141 21.29580193012953 7.710998371243477 24.62518228590488 19.44623468071222 5.395215138792992 0.1145893931388855 0 0 0.6675525903701782 1.71348150074482 1.486027806997299 0 0.8515993356704712 2.054993160068989 0 0 0.1446544528007507 5.80201368033886 0.1540120244026184 0 0.7096088379621506 0 0.461091510951519 2.629306927323341 0.8738336190581322 1.7787244617939 7.556140080094337 29.5900217294693 2.65862563252449 0.558187261223793 0.2480353266000748 0.3376995176076889 0 0.1265834718942642 0 0 0 41.98409290611744 2.796780645847321 0 0.08866586536169052 0 14.68861885368824 7.267284385859966 9.11311100423336 1.920975916087627 2.097080491483212 0.854125127196312 0.4641722142696381 0 0 0 0 0 0 0 0.09374669939279556 0 48.73933135718107 29.10373176634312 33.37480998039246 183.5178868994117 4.885049723088741 98.92818514257669 28.7792229950428 66.78432574868202 23.06235834956169 1.580132305622101 32.71178050339222 45.82858892530203 0 8.866547964513302 3.759882673621178 118.9821529462934 1.168367758393288 0 2.683670520782471 10.6816798299551 1.08642241358757 424.1284497231245 17.6066629961133
126.0260396450758 862.6204826273024 393.3741734623909 90.8777990937233 1316.05847697705 47.21215416491032 2997.696950152516 294.9472995623946 1206.230261899531 3673.400579184294 2023.909245058894 1075.832269206643 759.2197060957551 4594.778880365193 7.46130658686161 24.95663307607174 0.2674571573734283 0.2506283521652222 0 0 0.4905547052621841 1.598821565508842 0.4285107851028442 0.1084101274609566 6.38552276045084 0 1.449754126369953 1.501878753304482 0.4353907555341721 0 229.7504686564207 4.098256506025791 52.76230435818434 0.1378087550401688 1.265123464167118 9.54659017175436 67.71158342808485 19.0366332679987 17.98887882381678 3.605307705700397 2.099114760756493 1.725079201161861 0.2560724839568138 0.8708364143967628 0.2836800813674927 0.4815537333488464 29.93340047448874 1.869061157107353 0.4584328308701515 0.1540994197130203 0.1251745223999023 0.6275376379489899 8.164467990398407 1.384764835238457 0.5809257179498672 0.7284613996744156 13.36940074339509 55.87729023396969 10.90605989098549 23.37875106930733 0.778674952685833 2.736436083912849 1.152677476406097 26.73240566253662 0.6168219745159149 0.8824031427502632 0.5089043974876404 0.07662852853536606 0.2390678822994232 1.468192622065544 205.1215769201517 3.082609280943871 0.5680081844329834 67.00820753350854 39.7080167606473 70.82843209058046 30.31423368304968 2.325699836015701 0.2421320304274559 74.61159957945347 0.4542846977710724 6.579777948558331 2.451636232435703 0.2210583537817001 1.308099329471588 0.4322849214076996 0.2020837143063545 0 0 0.2742533087730408 0.1456087976694107 0 2.242547415196896 0.9088220745325089 0 757.4519807994366 52.35102316737175 0.2865728139877319 28.84798649698496 29.02189161628485 3.639837890863419 29.95225342363119 24.57326838374138 42.7308649122715 1.77691612392664 8.775259703397751 79.63392669707537 10.41170983016491 36.04474747925997 50.12397499382496 10.6302385404706 43.90341401845217 114.7192317321897 44.5333134829998 48.88579552620649 1.002496898174286 0 0 0 0 0 0 0 0 0 0 0.3329346776008606 3.081728868186474 0 1.426770240068436 0.1984649747610092 1.170997843146324 0.1097473129630089 0.9936012178659439 2.165045574307442 5.336318381130695 0 3.558323979377747 0.1157362088561058 29.68265364319086 13.07806294411421 31.17364101111889 22.87548235803843 3.573621109127998 0 0 0 0 3.343979567289352 0.9414815455675125 0 1.576345309615135 0.6149452924728394 0.212920218706131 0.2063380479812622 0.1991729736328125 9.124699629843235 0.1268013119697571 0.08908964693546295 0.6942891478538513 0 0.6617210060358047 2.413090452551842 1.089062958955765 3.703613743185997 8.356078818440437 30.79208867996931 2.352439165115356 0.7751394882798195 0 0 0 0 0 0 0 42.25296968966722 1.982967689633369 0 0 0.1854580342769623 14.81146876513958 7.852320052683353 14.44106024503708 1.319242917001247 4.307038478553295 1.39303082972765 0 0 0.4684533476829529 0 0.1365840286016464 0 0.1319318413734436 0 0 0 59.91300158947706 25.16161043941975 37.94427315890789 247.6016834899783 5.879675701260567 149.0669535174966 50.79480449855328 82.13393951207399 31.0580889582634 0.7600764632225037 47.01845357567072 37.21005609631538 0.3658099770545959 12.53966850042343 3.44114975631237 129.2187670096755 1.864929854869843 0.4439794421195984 2.241913959383965 12.42034451663494 1.551953822374344 406.013799905777 18.94362610578537
