339.6565109193325 4862.084809556603 611.1738241538405 1846.037612810731 660.9384489953518 116.659015417099 1088.577996604145 109.8184893578291 251.9221916720271 606.1382895261049 271.9882481470704 122.9895486012101 206.4021194502711 341.6400687173009 2.778466708958149 0.2360585555434227 0 0 0 0 0 0 0 0 0 0.1182436868548393 0.1681243479251862 0 0 0 1369.095448493958 2.595959894359112 2.796309612691402 0 0 0.3718055784702301 1.967505693435669 0.2830509468913078 0 0 0.128783643245697 0.1075639352202415 0 0 0 0 19.37501987069845 1.250459119677544 0.1392755806446075 0 0.9026982560753822 0 0 0 1.79647958278656 3.481856860220432 43.29068125784397 705.5081492364407 4.846006199717522 22.7416061013937 0 2.473653368651867 0 5.677256979048252 5.691384792327881 2.172034829854965 0.7329237163066864 1.130109652876854 0.2741643413901329 0.2802575826644897 35.84052616357803 5.130447655916214 0.8294608145952225 252.9075431376696 36.82017894089222 23.60186614841223 3.457861013710499 0.3669409453868866 0.0814238116145134 11.07032252848148 0.2512805014848709 0.9859646484255791 8.267432488501072 0.272477462887764 4.305471688508987 3.107941173017025 0.7686285898089409 0.3407266139984131 2.519084148108959 0 0.3479078412055969 0 0 0.4757975414395332 0.1114636659622192 271.4479904025793 5.081504046916962 1.068416446447372 0 1519.094077512622 0 0 0 0 0 1.691588684916496 0.2150684595108032 0 0.1367384791374207 4.4144107401371 0 0.9876911640167236 2.599202930927277 0.9407550096511841 0 0 0 0 0 0 0 0 0 0 0 0 0 0.4283318221569061 0 0 0.2853419482707977 0.4559507668018341 0 0 0 0 0 0 0 0.1411486119031906 0 0 0.7130056917667389 0 0 0 0 0 0 0 0 0 0 0 0 0 0.2068758457899094 0 0 0 0 0 0 0 0 0 1.52959880232811 0 0 0 0 0 0 0 0 0 1.349461369216442 0 0 0 0 0 0 0 0 0 0 0 0 0 0.1012144386768341 0 0 0 0 0 0 2.597496151924133 0.8697357773780823 0.2648154348134995 239.5657642409205 8.786137759685516 92.57072992622852 25.0788477435708 298.8846569806337 1.346713721752167 3.039803378283978 10.23766697198153 0.4444884657859802 0 0 0 16.40934634208679 0 0 0 4.569919273257256 0 163.7006134241819 2.404106967151165
4862.084809556603 3931.663660317659 3186.727652326226 1972.324999898672 5604.84300583601 345.8885235786438 4825.416882738471 337.0199929699302 1835.978211581707 865.6032517999411 1533.662033818662 32.37902868539095 1434.840132661164 830.439599506557 13.30338016152382 1.38610053062439 0 0 0 0.09697649627923965 0 0.1333725452423096 0 0 0 0 0 0.2658640071749687 0 0 2537.174661800265 7.296152882277966 5.494168147444725 0.0949098989367485 0 0.202562004327774 1.017137564718723 1.209287099540234 0 0 0.1367136836051941 0.5377170741558075 0.2804654017090797 0.4033758938312531 0.2264258712530136 0.09729459881782532 85.78777050971985 2.540340647101402 0.2438455745577812 0.3304136395454407 1.179346144199371 0.1262218803167343 0 0.1294113099575043 3.51589623093605 5.291292518377304 23.74180765450001 708.034550845623 4.851637408137321 91.56879856437445 0.1424940973520279 3.655184112489223 0.2396232634782791 63.26068932563066 9.255401849746704 3.597700946033001 2.93861910700798 2.135999284684658 0.5384100154042244 0.1015719398856163 4.116962715983391 0.1931084096431732 0.3615746945142746 363.2200482562184 139.2250271737576 108.7912910357118 17.92748712003231 2.139173157513142 1.230686336755753 24.91704702377319 0.5424109026789665 3.295106492936611 16.02087225019932 0.6858883574604988 6.351534239947796 4.469393156468868 1.111768424510956 0.1837561577558517 3.562079735100269 0 0.7504805326461792 0.8794112876057625 0.1216853186488152 0.636401355266571 0.460763044655323 20.20507673919201 1.707832157611847 0 0 1991.480774067342 0 0 0 0 0 2.592448979616165 0.5363040715456009 0 0.4146243184804916 3.51307588070631 0 3.096911624073982 3.450341783463955 4.182149082422256 0.2027771323919296 0 0 0 0 0 0 0 0 0 0 0.2199457287788391 0 0 0 0 0 1.143518693745136 0.1310131400823593 0 0 0.1525061130523682 0 0 0 1.036020815372467 0 1.4191684871912 0.3013925105333328 0.268670529127121 0 0 0 0 0 0 0 0 0 0 0 0 0 0 0 0 0 0 0 0 0 0 0 0 0 0 0 0 0 0 0 0 1.795921459794044 0 0 0 0 0 0 0 0 0 0 0 0 0 0.169846311211586 0 0 0 0 0 0 3.801783531904221 1.732264555990696 2.454976066946983 162.4608580097556 10.07132625579834 221.5255515873432 53.17534081637859 138.1637257114053 6.178665526211262 2.77655091881752 16.66021232306957 1.625050403177738 0 0.09889574348926544 0.1364394426345825 3.808880925178528 0.1580086797475815 0 0 22.35385594516993 0.2229288667440414 55.27554056048393 2.491463422775269
611.1738241538405 3186.727652326226 2830.959807209671 15.34887527674437 1281.128414928913 1.537892401218414 58.85003255307674 5146.269707463682 1170.940009459853 6.395633116364479 4171.453838206828 45.51837012916803 179.4132211133838 867.627338193357 12.64140796661377 7.081936627626419 0.2301390096545219 0.6830775886774063 0.1362383663654327 1.287321358919144 0.6061418727040291 0.2241290658712387 0.09885583817958832 0 0.1411591172218323 0.2150176763534546 0 1.39275923371315 0.2562563046813011 0 9897.590659439564 308.3858337253332 29.49763511866331 0.4707700088620186 0.09390981495380402 0.5104844719171524 4.877474397420883 3.473543338477612 0.347583681344986 0.2461213618516922 1.251094199717045 4.746128767728806 3.53729610145092 1.533272974193096 0.7088173925876617 1.31138788163662 55.88886545598507 2.240793488919735 1.42717020958662 5.027338095009327 1.009533226490021 0.2216375768184662 0 2.228444561362267 1.219834424555302 5.040391527116299 28.94834209233522 1097.445348061621 2.905010856688023 34.62189349532127 4.500183217227459 11.55205407738686 0.3830615878105164 241.5086980313063 4.282965958118439 4.817256078124046 2.396320305764675 3.789610624313354 10.22089954465628 7.51229540258646 5.935794927179813 0.8187029510736465 0 273.0310595184565 89.97352495789528 57.77067888528109 14.8373960480094 3.799135148525238 21.23356237262487 549.2538119778037 14.58251309394836 40.32000926136971 10.25583033263683 0.5020300149917603 4.388929218053818 2.396455556154251 3.555863372981548 0.08749579638242722 2.107633143663406 0 1.51142206043005 0.3098610863089561 15.41024969518185 8.466768972575665 2.814857333898544 6.738066487014294 1.874529853463173 0.1044593006372452 0 416.6206168904901 0 0 0 0 0 0.1437657475471497 0 0.6209204196929932 0 1.63789290189743 0.1139518544077873 1.996840104460716 3.034698121249676 2.205764658749104 0.8787292465567589 0 0 0 0 0 0 0 0.1164240837097168 0 0 0.2605011463165283 0 0.4996801614761353 0 0 0 0.3503936678171158 0.4580632746219635 0 0.1667634844779968 0 0 0 0 4.785414189100266 1.402476638555527 2.590693645179272 1.819613471627235 2.594173416495323 0 0.3282791450619698 0 0 0 0 0 0.1316096931695938 0 0 0 0 0.6749157011508942 0.3317286372184753 0 0 0 0 0 0 0 0.1961249262094498 0.5676368027925491 0.2767715603113174 0 0 0 0 0 0 0.3066983222961426 0 7.965583600103855 0.3702294155955315 0 0.09337487071752548 0.1262990236282349 0 0 0 0.08928181231021881 0 0 0 0 0 0.2090936899185181 0 0 0 0 0.1163678243756294 0 8.52554576843977 4.316895969212055 5.931820936501026 79.45915246754885 6.350902311503887 124.4648749120533 32.08254192769527 23.88256400078535 3.221057280898094 2.020791724324226 10.6330744177103 4.83220711350441 0.1102773770689964 0.1685066819190979 0.3567508161067963 1.343860194087029 0.2035327106714249 0 0.6669439077377319 11.00136744976044 0 15.7757046893239 1.179494820535183
1846.037612810731 1972.324999898672 15.34887527674437 555.9104313701391 144.1954715028405 430.7680556625128 2363.779751442373 1.286321356892586 42.58557806164026 1892.36418992281 4.74056077003479 274.8265043869615 715.3846384137869 16.49179417639971 0.9611952006816864 0 0 0 0 0 0.1100476458668709 0 0 0 0 0 0.104305624961853 0 0 0.09799645096063614 88.06374008953571 0.1433041840791702 0.727059617638588 0 0 0 0.1651826500892639 0 0.1544391810894012 0 0 0 0.1144004389643669 0.2885046601295471 0.08227349817752838 0 14.22903537750244 0.570912703871727 0.07837639003992081 0 0.3059590086340904 0 0 0 0.7282500043511391 1.801165871322155 9.418888196349144 199.8678225129843 2.125482670962811 19.80043597519398 0.278942696750164 0.3280490040779114 0 6.422930270433426 1.936585240066051 0.7770280539989471 1.041595056653023 0.1970245689153671 0 0 8.031958296895027 1.748727560043335 0.5509020686149597 119.6605358794332 37.94127700477839 19.84604880958796 1.941074401140213 0 0.08470661193132401 1.245173566043377 0 0.1186330690979958 5.705103792250156 0.4627076461911201 1.619610652327538 1.631803788244724 0.4717803001403809 0.1146772652864456 0.9518483206629753 0.2873014211654663 0.2989666536450386 0 0.07373661547899246 0 0 95.40620224177837 6.804571337997913 0.4636068344116211 0 1165.167564801872 0 0 0 0.621627077460289 0 0.4957958310842514 1.423571512103081 0 0.6224987879395485 1.545747794210911 0 0 1.526289597153664 0.2852545380592346 0 0 0 0 0 0 0 0 0 0 0 0 0 0 0 0 0 0 0 0 0 0 0 0 0 0.1601172238588333 0 0 0.3193582594394684 0 0 0 0 0 0 0 0 0 0 0 0 0 0 0 0 0 0 0 0 0 0 0 0 0 0 0 0 0 0 0 0 0 0.08818302303552628 0 0 0 0 0 0 0 0 0 0 0 0 0 0.1214819550514221 0 0 0 0 0 0 0 0.2999138534069061 0 59.88918877393007 2.301716350018978 49.0993142798543 13.91598603129387 540.8291854411364 0.8454563617706299 1.351522453129292 6.757271312177181 0.1193370148539543 0 0 0.1339880228042603 2.494328856468201 0 0 0 1.572297737002373 0.3233018517494202 174.5943277254701 0.7333868145942688
660.9384489953518 5604.84300583601 1281.128414928913 144.1954715028405 3356.047362774611 74.4041061475873 1790.628182090819 514.8684517815709 3073.095077186823 894.9868322238326 904.9882464632392 95.63984879106283 1128.18135573715 609.6838972494006 31.23570761829615 3.340081818401814 0.3249950557947159 0.4838384166359901 0.3107408210635185 0.2936339974403381 0.2153642028570175 0 0 0 0.1805074959993362 0 0 0 0 0 380.1242047995329 22.65851984173059 6.328504331409931 0 0 0.1682677865028381 0.1257887929677963 1.331051163375378 0 0 0 0 0 0.5922778323292732 0.1321459263563156 0.2058916464447975 229.8714626282454 2.638096332550049 1.123391039669514 0.5729395300149918 0.7861525416374207 0 0 0 1.712877593934536 4.162990994751453 10.81281971931458 299.2106653824449 5.827386721968651 156.1909874007106 0.5905035436153412 6.835369944572449 0 112.9556285068393 7.736923538148403 3.741070926189423 3.928644880652428 2.893872544169426 1.046710163354874 0 7.872023768723011 0.2975034713745117 0 294.5606864020228 196.1489581540227 185.5707177296281 47.09846986830235 2.776011444628239 2.6888577491045 10.70279898494482 0.4779461249709129 2.88939443975687 19.86707524955273 0.4974301904439926 6.04191117733717 4.210928328335285 1.944044068455696 0.1015978902578354 4.628789938986301 0.4398322999477386 1.753113448619843 0.3259917870163918 0.5018664672970772 0.4581696912646294 0.2368144765496254 68.93763336539268 3.566689968109131 0.2280961871147156 0.1081207767128944 239.915484175086 0 0 0 0 0.1866819709539413 4.473353505134583 2.961519956588745 3.354197651147842 2.518843978643417 14.89285410195589 2.245470881462097 6.397356197237968 11.93688680231571 8.681994304060936 4.347991600632668 0.2390198707580566 0 0 0 0 0 0 0 0 0 0.2068598419427872 0 0.201183944940567 0 0 0 0.1779827624559402 0 0 0.4340384900569916 0 0 0 0 1.763675093650818 0.1051508858799934 0.6352664530277252 0.4715262800455093 0.4203806519508362 0 0 0 0 0 0 0 0 0 0 0 0 0.3258516192436218 0 0 0 0.1261113286018372 0 0 0 0 0 2.274202257394791 0.476666584610939 0 0.09465839713811874 0 0 0 0 0 0 8.753861241042614 0 0 0 0 0.8121300041675568 0 0.3955351710319519 0 0 0 0 0 0 0 0 0 0 0 0 0 26.92377801984549 2.112372502684593 5.081567615270615 442.5273794308305 15.95299177616835 439.8939658850431 116.1055419370532 196.511539272964 17.29440096020699 3.577097095549107 60.30093655735254 10.33634419739246 0.0932987853884697 0.6150680184364319 0.126272976398468 19.12601117789745 0 0 0 9.862303346395493 0 142.0996658056974 12.47608985006809
116.659015417099 345.8885235786438 1.537892401218414 430.7680556625128 74.4041061475873 11.00152638554573 203.8257819637656 0.1802313178777695 45.88161500543356 509.797202937305 1.550324343144894 139.7657849416137 133.6864162757993 30.91030870378017 0 0 0 0 0 0 0 0 0 0 0.241382896900177 0 0 0.1303418874740601 0 0 11.90222726762295 0.114006295800209 2.934951722621918 0 0 0 5.407474726438522 0.4710603207349777 2.542586162686348 0.3523178994655609 0 0 0 0 0 0 4.4625463783741 0 0 0 0 2.476470693945885 1.726613238453865 0 0.1168509423732758 0.2978358790278435 40.80836147814989 47.88339257985353 1.08755400031805 3.997372701764107 0 0.9066954255104065 0 0.3386534154415131 0.5696505308151245 0.4001982286572456 0.3521624132990837 0.275051437318325 0 0 62.52941106259823 341.3916565030813 25.67575639486313 27.70972153544426 6.878686115145683 4.330110348761082 1.383227840065956 0 0 1.451612055301666 0 0.3941213935613632 0.4392024129629135 1.499637238681316 0.3104338869452477 1.619573995471001 0 15.17136818915606 9.480223417282104 7.233121752738953 1.190769955515862 1.154447883367538 0 0 0.2302620410919189 405.1184425354004 183.2932204157114 65.57619559764862 14.18313024938107 636.1252038255334 0 0 0 0 0 0.1453032046556473 0 0 0 1.326104521751404 0 0.1513700783252716 0.1830316632986069 0.4275546967983246 0 0 0 0 0 0 0 0 0 0 0 0 0 0 0 0 0 0.1210936903953552 0.137127086520195 0 0 0 0 0 0 0 0 0 0 0 0 0 0 0 0 0 0 0 0 0 0 0 0 0 0 0 0 0 0 0 0 0 0 0 0 0 0 0 0 0 0 0 0.6067886352539062 0 0 0 0 0 0 0 0 0 0 0 0 0 0 0 0 0 0 0 0 0.379920095205307 0.241290345788002 0.4106886982917786 51.20029038190842 1.593834593892097 18.24470249563456 3.977593161165714 144.6053513586521 0.3554829955101013 0 1.730778954923153 0 0 0.3087422549724579 0 7.78371000289917 0 0 0 0 0 29.02476882189512 0.8343051075935364
1088.577996604145 4825.416882738471 58.85003255307674 2363.779751442373 1790.628182090819 203.8257819637656 595.8822982683778 10.24634551256895 2086.942804984748 4428.9962759763 148.8905838951468 221.7113442793489 2497.418223574758 860.5264510586858 17.59524945169687 1.967001840472221 0.262441873550415 0.3284349665045738 0 0.1123773232102394 0 0 0 0 0 0 0 0 0 0 172.7196616604924 7.478397466242313 4.380569815635681 0 0.0777178481221199 0 1.958996407687664 0.5132929533720016 0.1396782249212265 0 0 0.1316974610090256 0 0 0.1214423030614853 0 120.3054075017571 1.826250053942204 0.09382534772157669 0.7297047674655914 0.7231134697794914 0 0 0 2.215596295893192 2.897562384605408 11.11224933713675 243.6004133671522 4.131381124258041 111.581515237689 0.6768533289432526 2.070637352764606 0.2609138190746307 51.33397424966097 5.224768221378326 2.628677725791931 2.984461791813374 1.802056580781937 0.272529162466526 0.1300372630357742 10.26433609426022 2.321673922240734 0.4282676726579666 230.9985685870051 124.0047105252743 112.569247931242 22.11724528670311 1.449292309582233 1.269441872835159 4.867427714169025 0.5409242734313011 3.622660867869854 14.24287381023169 0.174732431769371 5.74447362869978 4.013431787490845 0.3090615645051003 0.6318322718143463 4.143991455435753 0 1.646922864019871 0.1901600807905197 0.5824244618415833 0.1894647553563118 0.4198422729969025 127.6447785645723 9.470709174871445 0.1743794828653336 0 237.2100304588675 3.209991611540318 5.777689211070538 72.72302071750164 59.78812754899263 15.2391319796443 74.26953563094139 19.70108040422201 20.38121594488621 50.36533898115158 27.30355955660343 1.236549869179726 48.18059869110584 22.98252768069506 8.639528602361679 2.904631942510605 0 0 0 0 0 0 0 0 0 0 0 0 0 0 0.1013238131999969 0 0.07879631221294403 0 0 7.649498991668224 0.7672552391886711 0 0 0 1.570981577038765 1.167935103178024 3.670416831970215 2.346107125282288 0 0 0 0 0 0 0 0 2.138762578368187 0.6520000472664833 0 0.5737893804907799 0 0 0 1.263457991182804 0.9815739169716835 0 1.137520842254162 1.259762562811375 0.307897262275219 0 0 1.003312587738037 1.741566903889179 0.8016613200306892 0.879591092467308 0 0 0 0 0 0 13.97429972887039 0 0 0 0 0.5379150360822678 0 0 4.639944091439247 4.235272899270058 5.222738459706306 0.111296221613884 0 0 0 0 0 0 0 0 0 53.26846876740456 3.392717309296131 5.876896187663078 308.9793892353773 10.22736176848412 264.0750127732754 78.38719801604748 294.1193371042609 8.560962252318859 1.53269200772047 36.95098493993282 11.29889622330666 0.1214793026447296 15.61829559504986 0.6400564089417458 29.63975358754396 0.988392062485218 0 0 11.12642216682434 0 198.5568881779909 22.78217103332281
109.8184893578291 337.0199929699302 5146.269707463682 1.286321356892586 514.8684517815709 0.1802313178777695 10.24634551256895 3934.878316447139 664.7579424232244 1.148551851511002 2214.049703203142 60.77191027253866 149.7706324383616 785.9634198993444 93.6655537635088 55.8389240577817 4.807913318276405 11.6790022701025 3.113644152879715 21.64005500078201 16.63754460215569 1.165088430047035 2.81597763299942 2.854858241975307 2.006137378513813 3.627822928130627 0.3860329315066338 6.249089173972607 1.597169689834118 0.6260564103722572 2763.986457236111 2978.965848378837 110.2626388892531 7.102753192186356 1.909202732145786 2.935423038899899 17.36124482750893 14.85838345438242 0.7568371742963791 0.09035108983516693 14.49349309504032 34.5498249232769 63.79816801100969 31.65683248639107 13.68409327417612 31.18765992671251 263.4443323761225 8.923108965158463 11.75453843921423 49.74902299046516 6.753295429050922 1.939287029206753 0.5558988302946091 10.29706783592701 1.926741041243076 2.364959694445133 8.097751460969448 409.1255326345563 3.298788763582706 116.4895765706897 92.81447632610798 170.7482869997621 5.041009053587914 1778.744897939265 7.538906365633011 23.14690942317247 8.217204704880714 34.68929634988308 123.8423354402184 77.43209041655064 11.01403970271349 7.661550529301167 0 214.1325972750783 246.9488037824631 228.8876880258322 375.9264747127891 77.82445383816957 1824.142254084349 3493.794998854399 341.8286964222789 1046.103597961366 13.62211898714304 0.3525564074516296 12.60871864110231 4.310174152255058 34.69846531003714 0.08697092533111572 3.103173211216927 0 3.858197212219238 4.125727258622646 146.2795820534229 71.88452664017677 28.16871900856495 10.42288362979889 2.200658679008484 0 0.1836107894778252 82.8367887288332 0.489929661154747 0.1119834035634995 0 0 0.4284282028675079 1.491759702563286 0.4078583493828773 0 0.4817903339862823 1.931648246943951 0.4484034180641174 1.571990996599197 4.128702722489834 5.531667798757553 4.766262412071228 0 0 0.1147088333964348 0 0 0 0 0.5723973512649536 0 0 0.7635343000292778 0 5.022719390690327 0.2571747601032257 0.4160092622041702 0.09589432924985886 2.905154928565025 2.341602124273777 1.496839642524719 0.502582386136055 0.4053149223327637 0 0.6774697303771973 0 9.430563531816006 4.464952304959297 10.6574969664216 3.535856314003468 5.114412121474743 0 0.2122566029429436 0 0 0 0 0 0 0 0 0 0.7337702512741089 4.128198705613613 1.706776142120361 0 0 0 0 0 0 0 0.1664814352989197 4.786324009299278 0 0 0 0 0 0.1098073050379753 0.6497393995523453 0.212923638522625 0.37425896525383 15.21301323920488 0.1185130774974823 0.1979155689477921 0.3972441107034683 2.309780403971672 0.6522869318723679 0.1151425614953041 0.4297863245010376 0 0 0 0 0.6528170704841614 0 0 0 0 0.322300024330616 0.5009856298565865 0.6779831796884537 0.2414816468954086 15.5597587749362 10.08733556419611 23.34841836988926 243.2220691516995 18.97616199404001 372.2134380638599 105.2433805391192 30.75876276195049 12.44738900661469 1.251053430140018 30.35590125620365 7.362478882074356 0.6430018544197083 1.752410888671875 2.0494714230299 3.626270532608032 0 0.1097413003444672 0 6.973000280559063 0.1836051046848297 20.56208701431751 5.337549954652786
251.9221916720271 1835.978211581707 1170.940009459853 42.58557806164026 3073.095077186823 45.88161500543356 2086.942804984748 664.7579424232244 1472.088210739195 473.3900296241045 2172.809471406043 84.23967906087637 1110.368502937257 1554.040119379759 43.56033197790384 13.70852977782488 0.3072954043745995 0.3642385601997375 0 0.4126269742846489 0 0.6098606586456299 0 0 0.6764965876936913 0.3125257045030594 0 0.8138276338577271 0 0 181.4237502291799 58.55804067850113 46.47848066687584 0 0.1938556432723999 0.09476621448993683 7.684976182878017 2.314675077795982 0.581534206867218 0 0.4453850015997887 0.4144042953848839 1.263260185718536 0.567143127322197 0.4355553463101387 0.4526261240243912 218.7546669617295 2.118251733481884 1.673268862068653 0.7502328008413315 1.050239771604538 0.3059636205434799 0.2227238565683365 0.462825283408165 1.291884750127792 2.111016348004341 6.246641799807549 106.4242445155978 5.558779083192348 110.9395969137549 2.1667450517416 6.345387913286686 0.4415318667888641 72.95919615775347 4.333661414682865 3.201097413897514 1.959479384124279 3.000182934105396 2.344743676483631 0.4861152917146683 36.48845859616995 4.040196523070335 0.271254301071167 138.0894425883889 104.2377347946167 137.0557727217674 52.65446746349335 9.081664010882378 3.264134503901005 28.23636121302843 1.023104526102543 6.860609009861946 11.12980906665325 0.5361224338412285 4.481808535754681 2.879278540611267 0.8253127038478851 0.347173884510994 3.047325357794762 0 1.539177224040031 0.08580557256937027 1.717361465096474 1.403061889111996 0.1185022667050362 179.0596966594458 2.878267705440521 0 0.3873287737369537 118.2180292233825 1.293126136064529 0.4910758435726166 0.5064252614974976 0 0.6888206303119659 11.46970890462399 13.41462059319019 16.20435625314713 8.598704546689987 56.61570583283901 4.7291339635849 31.49141512811184 45.52172973006964 24.44685333222151 9.543737977743149 0 0 0 0 0 0 0 0 0 0 0 0 0.6390537023544312 0 0 1.165921211242676 0.9144548177719116 0.1563940197229385 1.546120882034302 0.1825291663408279 1.13271601498127 0 0 0 13.82349293678999 0.4155382812023163 13.61812838166952 4.239287227392197 2.223036468029022 0 0 0 0.8241701722145081 0 0 0 0 0 0 0 0 0.5629808902740479 0 0 0 0 0.08482886850833893 0 0 0 0 7.327070817351341 1.061871379613876 0 0 0 0 0 0 0 0.3676714301109314 33.64432436227798 0 0 0 0 2.237011402845383 0 0.532508373260498 0 0 0 0 0 0 0 0 0 0 0 0.1610750406980515 0 100.6496126577258 8.714781880378723 21.4238992407918 714.5469478294253 21.08694583922625 411.839994288981 127.9873172268271 172.5093037039042 18.62384744733572 1.524091720581055 89.96967225521803 40.26560264080763 0 1.736557841300964 0.3704050779342651 51.0698477178812 0 0 0 16.50331853330135 0 249.0644837245345 37.77493756264448
606.1382895261049 865.6032517999411 6.395633116364479 1892.36418992281 894.9868322238326 509.797202937305 4428.9962759763 1.148551851511002 473.3900296241045 2427.22259003669 14.53491823375225 2970.235452502966 6592.018368907273 544.8578523844481 1.283983051776886 0.1194481179118156 0 0 0 0 0 0 0 0 0 0 0 0 0 0.09764654189348221 38.90977716445923 0.6984953507781029 4.913612261414528 0 0 0 3.4186772108078 0 0.5360351800918579 0 0.1191041842103004 0.5595837831497192 0 0.08234484493732452 0 0 20.98751012980938 0.3302663341164589 0 0 0.3656659349799156 0.4141057878732681 0 0 0.7358212992548943 2.074794046580791 6.121767394244671 85.1481144875288 0.9882335066795349 14.4404336437583 0.1273080259561539 0.6531061381101608 0 9.513225734233856 1.547938995063305 0.3602230697870255 0.7717122361063957 0.5446437522768974 0.08960960060358047 0 103.8407278582454 14.81219381093979 2.57306095957756 66.8387788310647 29.43631978332996 19.83216208964586 3.385376147925854 0.2326761409640312 0.13990718126297 3.448726445436478 0 1.669759139418602 4.696058712899685 0.3351634740829468 0.8566412851214409 1.371753022074699 0.145659863948822 2.54010047018528 2.084171608090401 1.738703161478043 0 0 0.2986397966742516 0.1030755564570427 0.402817115187645 627.8984670937061 135.1989169865847 2.474018484354019 1.856658861041069 396.3433834910393 1.971685245633125 6.58956503123045 110.256246291101 31.93196919560432 5.899896293878555 140.4053734540939 42.67345704138279 18.53833267092705 79.00063481926918 80.59683081507683 0.5682724267244339 41.43707472085953 55.15684068202972 22.57685915380716 8.356042578816414 0 0 0.09040295332670212 0 0 0 0 0 0 0 0 0 0.3699077069759369 0 0 0 0 0 0.250796914100647 7.062991410493851 0.5156504362821579 0 0 0 4.287316113710403 0.7362375855445862 0.5000030696392059 0.8767375349998474 0 0 0 0 0 0 0.1210824772715569 0 0.6297701895236969 0.3107084631919861 0 0 0 0 0 0.4252775013446808 0.6975234821438789 0.109342098236084 0.9387908577919006 1.929185539484024 0 0 0.6271279454231262 1.894687801599503 0.8795142695307732 0.1186028644442558 0.3907017111778259 0 0 0 0 0 0 14.76204659789801 0.5414128303527832 0 0 0.1668005436658859 0.6727425307035446 0 1.136556357145309 2.229210272431374 1.058989375829697 2.562120869755745 0.1204280629754066 0 0 0.2051316350698471 0 0 0 0 0.1593738943338394 0 85.42455850541592 2.633287072181702 5.212903007864952 344.7853628396988 0.8478008881211281 51.89505626261234 13.69627819210291 866.9010523334146 0.9014122933149338 1.05795656144619 6.139388762414455 27.74728141725063 0.2656924277544022 5.36126609146595 0.6789583116769791 134.1584119424224 0.1609399914741516 0 0 0 0 620.1784256547689 54.10978396981955
271.9882481470704 1533.662033818662 4171.453838206828 4.74056077003479 904.9882464632392 1.550324343144894 148.8905838951468 2214.049703203142 2172.809471406043 14.53491823375225 911.3676612898707 245.6734321713448 711.0734952390194 3670.459773957729 40.28424238413572 14.7022757306695 0.9727172255516052 0.3156785741448402 0 0.1503489762544632 0.6143049597740173 1.686038315296173 0.2650054544210434 0 3.099707245826721 1.13390751928091 0.1340852975845337 3.712907388806343 0.7787263095378876 0.2071143090724945 707.4513338506222 285.0772288367152 466.1472361013293 0.1166987046599388 0 2.337187454104424 84.54748737812042 23.19417211413383 3.549983523786068 0.1016476228833199 2.660263925790787 5.782789044082165 1.071950279176235 0.7565828710794449 0 0.6009023785591125 149.7963601350784 1.401965349912643 1.410815462470055 3.106780052185059 0.9958318993449211 0.3208200037479401 2.421063110232353 4.282843381166458 1.655346639454365 2.38295990228653 4.547993458807468 194.8800219744444 3.084914848208427 82.09485413879156 2.324648484587669 49.04837787896395 0.7473042905330658 105.5464964136481 3.690999194979668 2.367182679474354 2.824789918959141 4.189169451594353 5.627178274095058 2.459101773798466 94.88692320883274 4.550998538732529 0 142.2484614476562 108.9161980226636 116.5282379835844 48.12148214131594 10.57539644837379 40.67151194810867 449.2552567273378 1.56976068764925 91.28964488208294 9.001818396151066 0.4472177922725677 3.25787191092968 2.06806505471468 2.19915334135294 0.09772662073373795 2.330696441233158 0 0.8854150548577309 0.2452471479773521 7.270469754934311 8.440329074859619 5.232393652200699 65.64969266206026 3.081511780619621 0 0.6054429337382317 93.17836464196444 0.1803228855133057 0.1043189242482185 0.1083386018872261 0 0.513570249080658 1.239954367280006 0.8661638796329498 2.453768670558929 4.29096681624651 5.152577362954617 0.5180903524160385 5.208468735218048 7.316664516925812 10.0289388448 4.659348718822002 0.7491219490766525 0 0 0 0 0 0 0.1326272934675217 0 0 0.6978626698255539 0.3719810843467712 2.394882328808308 0 0 0.7555435448884964 2.185371086001396 1.190154150128365 0.7426897585391998 0.1276710033416748 0.3159881234169006 0 0 0 8.205366007983685 1.079853266477585 6.446812480688095 2.345143131911755 2.291913285851479 0 0 0 0.5091820955276489 0 0 0 0 0 0 0 0.1279833614826202 1.340759173035622 0.7348088026046753 0.09849753230810165 0 0 0.2626883983612061 0.1500651389360428 0 0 0 4.021286346018314 0.8453711271286011 0 0 0 0 0 0 0 0.1603877395391464 14.64892584830523 0.795455127954483 0 0.1588472872972488 0.5833150446414948 1.075576439499855 0 0 0 0 0 0.2887948304414749 0 0 0 0 0 0 0 0 0 23.59519918262959 10.34433966130018 22.5776547268033 235.8605672046542 9.472670398652554 242.1746848225594 86.03472121059895 30.60112357884645 7.017120562493801 0.5103069543838501 31.15980177372694 12.38965962082148 0 0.1624162644147873 1.341484367847443 8.564247846603394 0 0 0 6.178624853491783 0.1886951774358749 28.71642826497555 7.272411003708839
122.9895486012101 32.37902868539095 45.51837012916803 274.8265043869615 95.63984879106283 139.7657849416137 221.7113442793489 60.77191027253866 84.23967906087637 2970.235452502966 245.6734321713448 180.1959094405174 1865.607519075274 1275.92507481575 12.64449934661388 7.775356605648994 0.5470438599586487 0.4138577878475189 0.4653770849108696 0.1750826388597488 0.3501172959804535 1.567333891987801 0 0 1.37005615234375 1.242633998394012 0 1.38995099067688 1.064299330115318 0 37.12537341564894 63.28451592475176 104.4894526302814 0.2435652166604996 0 0.1751302629709244 140.8078859895468 3.714088350534439 5.314786672592163 0.986991822719574 0.5821374505758286 3.707742981612682 0.533070333302021 0.1556941270828247 0.2238763421773911 0.3152755796909332 39.50960653275251 0.09250564128160477 0 1.374195761978626 0.1204172372817993 0.9856029152870178 2.95451495051384 4.20352303981781 0.09047429263591766 0.1154039576649666 2.821408540010452 20.80226872861385 1.358330205082893 15.87258147448301 1.585589833557606 4.207595035433769 0 14.82281897217035 0.4508011937141418 0.705902673304081 0.2669117599725723 1.072091817855835 2.978153266012669 0.9004092589020729 506.2743081226945 34.66333970427513 1.105982691049576 19.49401304870844 14.83275344222784 19.26257196813822 11.24266178905964 2.770765095949173 6.094618164002895 135.509309232235 0.6736826971173286 5.274924054741859 1.37442385405302 0.1108258068561554 0.5970766618847847 0.4456578195095062 0.3124758750200272 0.1611792743206024 1.152798712253571 0.1881569921970367 0 1.056324422359467 2.919181242585182 3.907420359551907 2.711266964673996 1103.112306267023 109.0590813905001 3.993695497512817 6.031038552522659 51.76566392183304 0.7743198275566101 3.183553546667099 9.833474867045879 24.92161719501019 7.845277100801468 81.97005491703749 45.35728899389505 33.77596229314804 89.75679328292608 106.703867636621 6.967868998646736 68.32843429595232 154.0332091152668 81.0082570835948 39.02177028357983 0 0 0 0 0 0 0.1870303153991699 0.131139874458313 0 0 0.8041731417179108 0 7.335432760417461 0 0.8900130689144135 0.5108325332403183 3.233725346624851 1.436206869781017 0.9734622985124588 5.463407538831234 3.973339855670929 0 2.224884808063507 0 36.07973193377256 5.426192864775658 35.94635325670242 12.41622524708509 6.459122084081173 0 0.645271971821785 0 1.779004573822021 0 0.07250388711690903 0 0.9613449648022652 0.7561618313193321 0 0 0.5227838605642319 2.498204067349434 0.8419533967971802 0.6152413785457611 0.6822462230920792 0.2008417844772339 1.010718926787376 2.213869407773018 0 0.1374922841787338 4.440908461809158 21.52181643992662 2.600750416517258 0.4449419900774956 0.4820166528224945 0 0 0 0 0 0 110.7225030809641 0.196410283446312 0 0 0.4154850095510483 5.600097566843033 0 4.07850456237793 2.620011612772942 2.664633832871914 2.452516779303551 0 0.2939217686653137 0 0 0 0.2546952664852142 0 0.1982390731573105 0 0 238.1643799096346 38.48533989489079 61.95066647231579 332.2603427171707 2.187310680747032 105.4794273450971 39.47654715180397 270.4924271181226 3.710773602128029 0 12.32987149804831 81.35674463957548 0.3728866726160049 12.26021855324507 3.057713836431503 135.5540571138263 0.7415706664323807 0 0.4250681400299072 4.007002323865891 0 659.1207354068756 90.02483527362347
206.4021194502711 1434.840132661164 179.4132211133838 715.3846384137869 1128.18135573715 133.6864162757993 2497.418223574758 149.7706324383616 1110.368502937257 6592.018368907273 711.0734952390194 1865.607519075274 3474.145060278475 4119.876959502697 33.09140574932098 20.97830884158611 0.4710625857114792 0.7430111616849899 0 0.4266251474618912 0.3409533500671387 10.933309212327 0.1418974250555038 0.6028293818235397 25.21584579348564 2.516589254140854 0.3123306035995483 7.830696851015091 8.204748585820198 1.074851274490356 108.0544069334865 67.45232302695513 303.1994022578001 0 1.444252967834473 3.895703688263893 172.476336851716 111.4200887978077 141.9089291095734 16.7790539264679 2.483824096620083 12.26246371865273 2.225663222372532 0.9221870824694633 0.2951962053775787 0.7463506907224655 130.9965571686625 1.37258592993021 0.876847505569458 3.86049722135067 1.228822849690914 1.764490187168121 38.18933847546577 22.49660892784595 0.3077364042401314 1.209901265799999 4.085496984422207 71.37688485532999 2.805035635828972 48.60152155160904 0.5352174565196037 20.09056979417801 1.59219579398632 38.41170933842659 2.230337060987949 2.920803412795067 1.476349629461765 2.36513264477253 3.146860741078854 2.611840322613716 482.1512980312109 55.86665722727776 1.251102216541767 60.81789347529411 45.87828579545021 64.0225548222661 29.84018851071596 10.65245717018843 10.12062128633261 294.7591060549021 2.334651157259941 20.80809092521667 5.056260749697685 0.1676018536090851 2.756855182349682 1.20454391092062 2.737324267625809 0.8330332264304161 2.314819797873497 1.03741616755724 0.8122471943497658 1.576525047421455 4.294701248407364 10.51700264215469 12.59122546762228 1144.320127308369 151.0192466378212 5.96127362549305 77.7136243134737 86.22450594604015 3.79064179956913 4.40281568467617 14.47763946652412 126.8123747706413 5.598852559924126 123.0227315276861 57.11258470267057 69.51382363587618 157.9946237951517 141.5687744095922 16.22475448995829 172.2604015171528 261.2423784136772 116.3413265869021 42.23830793052912 0.6635946482419968 0 0.1301146894693375 0.08780596405267715 0 0 0.1292865574359894 0.1303458958864212 0.8854374885559082 0 3.48931110650301 0.5049957633018494 13.30129962414503 0.7079361230134964 3.764736376702785 3.167376659810543 10.9017767906189 5.302234150469303 4.347554139792919 8.728592865169048 5.896821439266205 0 1.08635188639164 0.4145414531230927 52.69310827553272 9.784758597612381 51.31536534428596 23.92946939170361 19.63529093563557 0.2419242113828659 0.3857462406158447 0.2078714519739151 1.135462269186974 0 0 0 1.494473792612553 1.54503109306097 0.0957261323928833 0.1209085807204247 0.891660064458847 11.55468013137579 4.422442957758904 0.2092815637588501 1.209928259253502 0 1.435466729104519 1.269343070685863 0 0 0.7124298959970474 19.43189473450184 2.341180071234703 0.1299843937158585 0.4652747362852097 0 0.0908137634396553 0 0 0.1092847809195518 0 131.088304631412 3.709612600505352 1.73870787024498 0 1.947961330413818 9.243372417986393 0 1.704570636153221 1.495568819344044 2.057673335075378 3.135103493928909 0 0.2051564604043961 0 0.0965130627155304 0.1483629196882248 0 0 1.005236715078354 0.3584968745708466 0.3797289505600929 303.335686147213 59.75124582648277 110.3722483366728 664.7509511038661 6.383939050137997 278.6681616902351 98.70262798666954 232.8062638863921 10.47794207185507 0.3472920060157776 34.0373984053731 133.6471551805735 0 12.18781350553036 6.560852743685246 156.0020776391029 2.102227181196213 0 0.1098860949277878 6.540586993098259 0.2438956201076508 532.0036797299981 98.68243896961212
341.6400687173009 830.439599506557 867.627338193357 16.49179417639971 609.6838972494006 30.91030870378017 860.5264510586858 785.9634198993444 1554.040119379759 544.8578523844481 3670.459773957729 1275.92507481575 4119.876959502697 2176.984200417995 77.85628494620323 46.91111778467894 3.408074289560318 1.561717428267002 0 0.6775455996394157 1.48040172457695 25.70813746750355 0.1483785808086395 0.7518407255411148 67.15150866657495 7.465908274054527 1.644126832485199 18.06953516602516 14.21186135709286 1.786130100488663 345.3816645368934 238.7056746855378 1917.960478700697 0.5205911695957184 6.104770302772522 21.55967205762863 882.6922814697027 383.0200431644917 261.4586756378412 35.07339848577976 8.947408735752106 32.45351825654507 2.268362276256084 2.158864691853523 0.1017383337020874 1.728087231516838 257.483470402658 2.375939130783081 2.194856353104115 7.452574007213116 3.54118487983942 6.004248544573784 64.42580045759678 47.20588662475348 0.6431758776307106 1.112539008259773 3.977084390819073 117.9999102726579 4.016497135162354 92.93777707219124 3.966080889105797 143.7547767832875 2.270082280039787 93.22676876932383 3.337398871779442 7.214244335889816 2.237248376011848 6.013404570519924 12.96323014050722 6.797825872898102 976.6997597143054 79.82655063271523 2.190560564398766 105.8951866179705 81.92549014091492 135.5892434343696 80.18485094606876 28.11906664073467 60.87462455034256 911.1408529654145 4.183023646473885 143.5224328413606 6.247947134077549 0.255053274333477 4.666489608585835 1.800053261220455 5.691789485514164 1.278544127941132 2.89753670245409 0.6563959419727325 1.270901039242744 3.326270125806332 20.15622288733721 28.28756200522184 26.56988724321127 666.3965630456805 142.2284447327256 7.830657407641411 124.4564508497715 104.2738929688931 0.6343614384531975 2.45102097094059 1.97031057626009 0.6303339153528214 3.557548247277737 17.00678392499685 18.64502652734518 24.49538863450289 18.23367361724377 108.0751806348562 8.590430147945881 55.58852875977755 121.1157537475228 85.73185601830482 44.89478669315577 0.5331951826810837 0 0.3455552458763123 0 0.1030224934220314 0 0 0.935491532087326 0.1261911243200302 0 5.84423404186964 0.7966684103012085 23.77916034311056 4.928437322378159 8.444364465773106 5.07705070078373 23.38418864458799 9.8293516933918 7.304765686392784 3.897356495261192 6.042538769543171 0 1.754834316670895 1.021774485707283 74.23464515805244 17.92344039678574 60.23227337002754 41.46464896947145 36.31220369786024 0.1116570308804512 0.324058324098587 0 2.252624921500683 0 0 0 0.3467881232500076 1.256930068135262 0 0 2.186794966459274 20.46217016130686 8.169680759310722 0 0.2804411351680756 0 0.6206352040171623 0.7815601900219917 0 0 1.885539650917053 28.0949839502573 3.030406296253204 0 0.1386571079492569 0 0 0.1381842792034149 0 0.1379762440919876 1.128705911338329 174.217756986618 2.172405384480953 3.128414168953896 0.3968815505504608 5.374594837427139 8.329676270484924 0.1522240936756134 5.884444400668144 1.593246541917324 0.2140494883060455 0.2371876910328865 0.1276704370975494 0.542548656463623 0.1312575340270996 0 0 0.1870677471160889 0 1.688360497355461 0.3886958509683609 0.1388517618179321 272.7950328812003 100.0581495985389 178.1684811934829 773.259435147047 19.71345512568951 448.541276678443 173.0499026328325 101.1347411200404 17.46595475077629 0.6286759078502655 64.23921685665846 114.5098548680544 0.1059194579720497 8.711788333952427 5.50687375664711 110.4879584088922 1.154054343700409 0 1.446131944656372 16.33943570405245 0.4613628685474396 284.5961244553328 84.48415813595057
