130.415567740798 1885.800367727876 254.3048229292035 2099.241910241544 254.2682624533772 43.53275379538536 1041.753703430295 6.976572960615158 21.32283587008715 1763.425643742085 88.21353331953287 487.1525357216597 356.7356121018529 62.77722598612309 2.837660729885101 0.09484187513589859 0 0.5052348449826241 0.0973360687494278 0 0 0 0.0915381908416748 0.09392684698104858 0.3792705684900284 0.3041358515620232 0.1985436230897903 0.1253101974725723 0.2416940778493881 0 372.7767660692334 2.028571605682373 40.2269254103303 0 0.2012628242373466 0.1198285594582558 6.777626790106297 0.4917418360710144 0.4209176525473595 0.09715408086776733 0.200137235224247 0 0 0 0 0.1065438464283943 26.28848242014647 1.336772710084915 0 0.1028705239295959 1.070894218981266 1.422067277133465 0.1369699984788895 0.08803985267877579 6.543168477714062 7.922235175967216 109.467602416873 365.6937926188111 48.98381065577269 72.9922348856926 0.130001962184906 2.179399967193604 0.08335898816585541 10.36277052760124 4.410498067736626 3.699682392179966 2.578497491776943 1.665723018348217 0 0.3236854001879692 15.47734206914902 11.92959217727184 1.179183155298233 117.2546753436327 29.29392465949059 38.03354252129793 3.449265830218792 0.8142249211668968 0.2211226299405098 34.03055274486542 0 1.107179529964924 15.56150095164776 0.8032523170113564 1.957285024225712 6.111443571746349 0.6044809073209763 0.4319881051778793 3.078079618513584 0.4738161116838455 0.6399643868207932 0.9345070198178291 0 0.2454296052455902 0 83.22211250662804 23.33671924471855 0.7893947511911392 2.994916498661041 684.4695063009858 0 0 0 0 0 0 1.925949215888977 0.58152836561203 0 4.8726616948843 0 2.290654003620148 1.648551821708679 0.6702600717544556 0.8167558014392853 0 0 0 0 0 0 0 0 0 0 0 0 0 0 0 0 0 0 0 0 0.3619915843009949 0 0 0 0.3578516840934753 0 0.2534813582897186 0 0 0 0 0 0 0 0 0 0 0 0 0 0 0.1175809055566788 0 0 0 0 0 0 0.9309418797492981 0 0 0 0 0 0 0.3280045390129089 0 0 0 0 0 0.1726032346487045 0 0 0 0 0 0 0 0 0 0 0 0 0 0.1142604798078537 0.1128320842981339 0 0.1852869167923927 0.1115568578243256 0 0 1.739984929561615 0.09759514033794403 3.232984885573387 81.01966099441051 1.775168649852276 139.0185496434569 27.92002134025097 559.0000979155302 7.779091037809849 1.322414189577103 4.505790546536446 0.1974789798259735 0 0.08220447599887848 0 22.10988932847977 0 0 0 1.327479459345341 0 325.6548354774714 7.293955832719803
1885.800367727876 1743.290159523487 1060.494489990175 520.5555706396699 2217.175388820469 27.47465907037258 2160.91476649791 45.40925741940737 1134.059925414622 329.0165859758854 824.645677216351 60.22703516483307 552.2288024351001 1044.179497629404 19.36005496606231 1.281453520059586 0.4412384778261185 0.1810468211770058 0 0.1741907373070717 0.4822539389133453 0.1831279993057251 0.2913233861327171 0.5699979737401009 1.905081406235695 1.048657685518265 1.239454180002213 0.1183086782693863 0 0.1203063353896141 1518.662167951465 19.37252797931433 191.0627179816365 0.2983291521668434 0.8004224076867104 0.3507833704352379 43.26573222875595 4.311828672885895 2.203440926969051 1.189196445047855 1.338460057973862 0.4477555453777313 0.1048164665699005 0.2175281345844269 0.08684706687927246 0.4123919084668159 188.9853103607893 5.690159671008587 0.4561555534601212 0.6456514000892639 2.63265660405159 0.3293476998806 0.1495165526866913 0.2548083811998367 11.78440729528666 15.63227930665016 87.11417743563652 365.5490908101201 69.17112717777491 188.0652123615146 0.4862488433718681 3.331835605204105 0 53.15303230285645 12.45038782060146 9.658783197402954 6.428035743534565 3.807177476584911 1.03129131346941 0.2861578837037086 15.15165446698666 0 0.1594980731606483 216.749073818326 84.51094796508551 139.2560021355748 44.99784692376852 3.14483392983675 1.220270946621895 177.0556657016277 0.3961349502205849 6.944658689200878 35.71384207904339 1.114573694765568 5.073065504431725 12.97618268430233 1.781177520751953 1.429298467934132 6.657518573105335 0.3574012517929077 2.88156782835722 0.09257929027080536 0.4787150248885155 0.9119139835238457 0.6051292344927788 2.747698187828064 1.528078153729439 0.08097788691520691 1.729992136359215 797.0046490132809 0 0 0 0 0 0 0 0.4888747036457062 0.1370750963687897 1.773121036589146 0 0.6783703863620758 0.5607168823480606 1.821742400527 1.385197937488556 0 0.0897492840886116 0 0 0 0 0 0 0 0 0 0 0 0 0 0 0 0 0 0 0 0 0 0 0.8696175962686539 0 0.781292051076889 0.4945309609174728 0 0 0 0 0 0 0 0 0 0 0 0 0 0 0 0.09068656712770462 0.2140717357397079 0.5163537263870239 0.08196233958005905 0.2176987528800964 0 0 0 0.4356311857700348 0 0 0.1800059676170349 0.26036087423563 0.1647567227482796 0 0.3090420514345169 0 0 1.278073094785213 0 0.08399488031864166 0.2344377413392067 0 0 0 0 0 0 0 0 0.09606076776981354 0 0.07164830714464188 0.08807788044214249 0 0.175397627055645 0.2447025999426842 0 0.08915863186120987 2.268566474318504 0.9646246954798698 1.171218626201153 356.7362434715033 10.81504075229168 548.1216600909829 120.4709764532745 234.9476506710052 36.10421396791935 3.458601333200932 41.35262113809586 2.566929221153259 0 0.4017541110515594 0.10035190731287 2.109200716018677 0 0 0 11.71257818490267 0.1995225101709366 65.36123916506767 1.717654138803482
254.3048229292035 1060.494489990175 807.151025749743 20.22200890630484 937.5569758266211 0 204.9560788348317 1097.33642385155 1222.423442751169 6.738800160586834 2621.629739277065 45.05180509388447 411.2092112004757 1811.294463656843 18.22275748848915 5.081479601562023 0.3815553933382034 0.7657734900712967 0 0.8030836954712868 6.47220403701067 1.965242385864258 6.121333122253418 4.385199576616287 27.98351483047009 7.441920906305313 14.33439549803734 2.616551712155342 1.804273299872875 2.265992648899555 2386.93454220891 153.683366343379 238.1606321036816 1.566789820790291 12.33599560707808 13.1643984913826 96.29940227419138 45.73805231601 19.72726070135832 15.85503074526787 11.8331586420536 4.379881881177425 0.4185200855135918 0 0.549103170633316 0.5517625361680984 115.1356424316764 2.633136205375195 0.9040320068597794 0.7531784847378731 1.245656281709671 1.584307797253132 1.717441573739052 1.598239056766033 4.257016286253929 5.932776056230068 42.41239885240793 234.2615546584129 32.09460720419884 87.99918862432241 4.675958000123501 35.38470951467752 0.6096463352441788 114.4927994161844 4.391714036464691 4.228175528347492 1.2759630382061 1.997741013765335 1.911339946091175 3.835320964455605 44.44301472604275 1.519251130521297 0.3285417705774307 118.3685004040599 65.39574477821589 97.29173094034195 38.27240630239248 6.887283027172089 21.57215371727943 994.2828742265701 1.48821197450161 207.5455447286367 14.16413011401892 0.4284186884760857 1.820834062993526 5.803835019469261 0.9321187660098076 0.3521008491516113 2.402943998575211 0.348532997071743 1.599331624805927 0.1063193678855896 5.937137551605701 4.695037059485912 0.1326192617416382 9.946774162352085 7.01080422103405 0.08010275661945343 15.39132031798363 81.91865812242031 0 0.2438836097717285 0.2411575764417648 0 0 0 0.09625880420207977 0.992894321680069 0.4232508838176727 0.5567054599523544 0.6273708045482635 2.5636176019907 1.844513699412346 3.482270509004593 7.016070954501629 0.5133989304304123 0.7454958111047745 0.09052476286888123 0 0 0 0 0 0 0 0.1052200570702553 0 0 0 0.08078854531049728 0.3531377464532852 0 0.1155776605010033 0 0.555234856903553 0.09801823645830154 0 0 0 3.968619771301746 0.323218435049057 4.358595348894596 2.853296153247356 0.5143413692712784 0.1104121282696724 0.0949895903468132 0.1065272465348244 0 0 0.1119060963392258 0 0 0 0.0859801173210144 0.1706947982311249 0 0.6946816146373749 0.5250963345170021 0 0 0 0 0 0 0 0 1.471465714275837 0.1156344786286354 0.08127101510763168 0 0 0 0 0 0 0.1710175424814224 6.165752023458481 0.3910121023654938 0.1684179455041885 0 0.1117990538477898 0.3094219565391541 0 0.6956821903586388 0 0 0.3440232127904892 0 0.1185317039489746 0.3864198327064514 0 0 0 0.1024978384375572 0.266128197312355 0.09879015386104584 0.3211065977811813 5.020935632288456 4.458781234920025 7.757447376847267 207.553505666554 5.472106635570526 235.6395010724664 64.98217190057039 53.95337364077568 18.67051950097084 1.568669840693474 24.10388285666704 4.042637035250664 0 2.600919805467129 0 0 0 0 0 10.69180008023977 0 24.11216267198324 3.856482416391373
2099.241910241544 520.5555706396699 20.22200890630484 588.4192474931479 67.94929458200932 236.7216154038906 722.5830661728978 0 5.897043086588383 1630.834117725492 4.996372558176517 951.9700022041798 705.4206484258175 10.63049820065498 1.177526213228703 0.07061611860990524 0 0 0 0 0 0 0 0 0 0 0 0 0 0 38.64088866859674 0.9496059194207191 0.1709204018115997 0 0 0 0.6005950570106506 0.08429932594299316 0.217257060110569 0.09433303028345108 0 0 0 0 0 0.09414137154817581 31.41955801844597 0.5477068871259689 0 0.07741679251194 0.3768808618187904 0.1417027413845062 0 0 1.022181712090969 1.791546851396561 13.76916951686144 30.28706476837397 10.26897870749235 28.10597358644009 0 0.08457683026790619 0 3.225000567734241 1.314112640917301 1.318162724375725 1.210682518780231 0.2557664439082146 0.09703359007835388 0 3.286232620477676 1.772455289959908 0.096363864839077 27.1562764570117 9.74472127109766 12.52933225780725 3.062377735972404 0 0 0 0 0.1885895505547523 6.790630310773849 0.3294884189963341 0.5397057756781578 1.76318246871233 0.2729187682271004 0 0.6732670292258263 0.0848834440112114 0.3735269382596016 0.09409409761428833 0 0.211445190012455 0 36.72579212486744 3.662348017096519 0.1898760050535202 1.084525644779205 762.7536979392171 0 0 0 0 0 0 0 1.544335246086121 0 0.9529185891151428 0.4878483414649963 2.989404499530792 0.395069032907486 1.764533340930939 2.321616888046265 0 0 0 0 0 0 0 0 0 0 0 0 0 0 0 0 0 0 0 0 0 0 0 0 0 0 0 0 0 0 0 0 0 0 0 0 0 0 0 0 0 0 0 0 0 0 0 0 0 0 0 0.3421702682971954 0 0 0 0 0.08499693125486374 0 0 0 0 0 0 0 0 0 0 0 0 0 0 0 0 0 0 0 0 0 0.08844396471977234 0.07837449759244919 0 0 0.4759790599346161 0 0 59.05490959435701 1.030497081577778 85.22468608617783 15.25884378701448 546.051602743566 3.269443206489086 0.2408284172415733 5.824453383684158 1.484001353383064 0 0 0 8.300243377685547 0 0 0 0.84629737585783 0 186.9914507269859 1.905363738536835
254.2682624533772 2217.175388820469 937.5569758266211 67.94929458200932 1468.001566238701 1.007738590240479 1176.120074301958 345.6284955590963 2008.688715822995 118.4071671515703 421.171792306006 3.716128379106522 234.3325402885675 1185.152744814754 18.00735507160425 1.979825556278229 0.4755489975214005 0.2951882109045982 0.1848039925098419 0 0.1222380921244621 0.09330317378044128 0.1043590679764748 0.09741109609603882 0.4268805533647537 0 0.3736695945262909 0.09719866514205933 0.09282625466585159 0 173.2718251347542 15.03534759581089 10.00989984720945 0.2395359203219414 0.4287172332406044 0 2.256141044199467 1.204930394887924 0.3617253005504608 0.4539531394839287 0.2481490224599838 0.4513246640563011 0 0.110740952193737 0 0 145.932803362608 3.189833305776119 0.4145397916436195 0.3886809945106506 1.222518838942051 0.2139349579811096 0 0 4.693089343607426 6.147434964776039 20.15157032757998 54.20604655891657 20.40455228090286 74.42209600657225 0.1650359928607941 1.420848555862904 0.09703611582517624 33.29310330748558 4.081782937049866 3.510355062782764 1.99064289778471 1.50321039557457 0.1824904754757881 0.2412624061107635 8.504523910582066 0.06652196496725082 0 79.21237354725599 39.75487873703241 90.40031871199608 37.4379744976759 1.556188531219959 1.641375444829464 4.292663916945457 0.2958649843931198 2.08739809691906 13.4466797336936 0.09867342561483383 2.042730666697025 5.450836673378944 0.4996474832296371 0.402552418410778 1.949709661304951 0.1635738611221313 1.577392637729645 0.1079510822892189 0.2086238861083984 0.7676894813776016 0.4220329523086548 11.48526196181774 2.404176250100136 0 2.985788889229298 21.94130207598209 0 0 0 0 0.2935720980167389 0.8158280849456787 1.056391596794128 2.317872673273087 0.6969157978892326 1.140588402748108 0.1589305698871613 2.183200091123581 3.70184500515461 3.253562748432159 7.093316599726677 0 0 0 0 0 0 0 0 0 0 0 0 0 0 0 0 0 0 0 0.2433399558067322 0.2085851579904556 0 0 0 3.769345603883266 0 3.196996606886387 0.2583622857928276 0 0 0 0 0 0 0 0 0 0 0 0 0 0 0 0 0 0 0 0 0 0 0 0.3054008781909943 0 0 0 0.1529554799199104 0.07686001807451248 0 0 0 0 5.945447996258736 0 0 0 0 0 0 0.299680769443512 0 0 0 0 0 0 0 0.2155803367495537 0 0.08181563764810562 0.09835654497146606 0 0 8.915826342999935 0.3348673284053802 2.314576625823975 391.7926952913404 8.668734312057495 325.2159231156111 95.63286107033491 51.01213073730469 26.45964511483908 1.774510413408279 37.23644883185625 2.418158367276192 0 0 0 2.113310098648071 0 0 0 15.11803335696459 1.271705701947212 21.13778855651617 2.665781766176224
43.53275379538536 27.47465907037258 0 236.7216154038906 1.007738590240479 6.968857109546661 7.959122687578201 0.1628388613462448 0.1674146205186844 514.9280701428652 0.5832847356796265 143.4999826997519 72.70462752878666 11.38581605255604 0 0.2675208449363708 0 0 0 0 0 4.846373379230499 0 0 0 0 0 0 0 0 6.012160815298557 0.7674765586853027 11.20824559032917 0 0 0 31.2838194668293 2.155747547745705 2.756339967250824 0 0 0.2075414061546326 0 0 0 0 0.1571328490972519 0 0 0 0.5933370590209961 25.45408196747303 2.604347907006741 0.483301118016243 0.1975689008831978 0.3574139773845673 17.57458055019379 9.234991848468781 0.6270959079265594 0 0 2.989805862307549 0 0.3208952844142914 0 0.6072982475161552 0.8127915486693382 0.8658104464411736 0 0 135.4574917703867 136.6229952052236 19.17700835317373 0.1160388737916946 0 0 0.114303432404995 0 0 1.762449249625206 0 0 0.1812423020601273 1.537160933017731 0.07355902343988419 1.910633370280266 0 3.016308575868607 2.660147450864315 6.632081478834152 3.199655078351498 2.607606150209904 0 0.1192901507019997 1.596869118511677 484.3113858252764 308.3591029942036 18.97999595105648 50.26043352484703 202.6619334965944 0 3.521824240684509 0 0 0 3.88616406917572 1.088276386260986 2.290279805660248 0 8.526365607976913 0 4.254969656467438 4.559377357363701 6.193184167146683 2.376849621534348 0 0 0 0 0 0 0 0 0 0 0 0 0.1156812310218811 0 0.1056789755821228 0 0.2660161405801773 0 0 0 0.2992208451032639 0 0 0 0.2167623937129974 0.1124332398176193 0.2026464641094208 0.1123887300491333 0.1694921106100082 0 0 0 0 0 0 0 0 0 0 0 0 0.5961953699588776 0 0 0 0 0 0 0 0 0 1.028339266777039 0 0 0 0 0 0 0.4820905327796936 0 0 6.087552189826965 1.718075975775719 0.2058446407318115 0 0 0 0 1.541831016540527 0 0 0 0 0 0 0.1003088504076004 0 0 0 0 0 0 6.794232904911041 0 0.256855845451355 50.38984769582748 0.533662922680378 0.4833343476057053 0.8543281704187393 224.9327420443296 0 0.2785513699054718 0 3.45315183699131 0 0 0 41.38889686763287 0 0 0 0 0 275.5403436496854 10.68870651721954
1041.753703430295 2160.91476649791 204.9560788348317 722.5830661728978 1176.120074301958 7.959122687578201 919.712498113513 8.781911246478558 898.9286524131894 849.5948021560907 343.7149399966002 147.5766517072916 1967.964694857597 2040.350339613855 16.67234885692596 1.728679552674294 0.1943688616156578 0.4046201556921005 0 0.1556476503610611 0.08292049169540405 0 0 0.1071047708392143 0.2246892005205154 0.3208866268396378 0.2871682345867157 0 0.3351034820079803 0 105.1115804463625 10.03016436845064 18.27380830049515 0 0.3668230772018433 0.1617307960987091 5.103859417140484 0.1642366349697113 0.392359659075737 0.4801119863986969 0.4211093410849571 0.1360667943954468 0 0.2275767177343369 0 0.332721084356308 136.2509689331055 2.291830010712147 0.4807106778025627 0.2566413283348083 0.8697668015956879 0.1013384610414505 0.08037261664867401 0.09077960252761841 4.608586318790913 5.695191748440266 20.69736791402102 56.71540109068155 19.03600572049618 88.00165946781635 0.100697785615921 2.804964035749435 0.09108497202396393 26.03820866346359 4.943817026913166 4.407788135111332 1.735841065645218 1.655594632029533 0 0.1867123991250992 15.15945697575808 0.2708513140678406 0 83.79789633303881 37.67262360453606 87.58260310441256 30.18778678029776 1.769274979829788 0.3226830214262009 1.823177009820938 0 3.248608104884624 15.81301532685757 0.419076569378376 1.704592235386372 5.732454732060432 0.7326518073678017 0.3748582676053047 2.615615680813789 0.09963265061378479 1.17289125174284 0.09545059502124786 0.08265942335128784 0.4354085922241211 0 37.14631795138121 3.238233633339405 0 3.280117742717266 58.7365717664361 0.09864334017038345 0 2.15022748708725 0.4717574119567871 0 3.631753742694855 1.768865823745728 0.9248037934303284 1.534269630908966 1.374179989099503 0 10.16461198031902 7.449739091098309 7.67061373591423 9.570814341306686 0 0 0 0.3697989583015442 0 0 0 0 0 0 0 0 0 0 0 0 0 0 0 0.7151439785957336 0 0 0 0 5.787680849432945 0 5.061565935611725 3.064813822507858 0 0 0 0 0 0.1551239937543869 0 0 0 0 0 0 0 0.4643579721450806 0 0 0 0.3195357248187065 0 0 0 0 0 1.317215159535408 0.8662760853767395 0 0.1237516850233078 0 0.07640353590250015 0 0 0 0 12.26719132065773 0 0 0 0 0 0 0 0 0 0 0 0 0 0 0 0 0.1589129939675331 0 0 0 14.06861309707165 1.274096287786961 5.777954690158367 392.6917793899775 7.49600313603878 337.5838863477111 97.18787412345409 80.87372221052647 27.89025498181581 1.401874057948589 47.76123010367155 2.737519413232803 0.4902421534061432 0.1338031440973282 0.6180759072303772 3.22339802980423 0 0 0 19.31524417549372 0 54.13025109469891 3.758612543344498
6.976572960615158 45.40925741940737 1097.33642385155 0 345.6284955590963 0.1628388613462448 8.781911246478558 879.5423811003566 102.3157156705856 0.2261942476034164 2256.747939564288 5.304718531668186 39.28426258265972 466.9019933864474 21.40767402946949 35.60794530063868 3.619686543941498 9.007647454738617 0.2218135297298431 17.64464838057756 67.48313070833683 2.18006519973278 44.19728456437588 23.11586935073137 99.05350171774626 26.08625733107328 49.87091882526875 7.020134247839451 7.996700555086136 5.46904469281435 868.5879575908184 1769.940598204732 109.7570572346449 18.53268348425627 105.4708281233907 81.39409896731377 95.73960864543915 135.3509817123413 30.4847129508853 44.47912452369928 55.88376124948263 8.961324065923691 13.35154255479574 27.05334159731865 3.585680812597275 18.91757950931787 97.67880228161812 1.356638960540295 2.609973572194576 9.582572139799595 1.450605720281601 3.017974473536015 2.940672524273396 3.671369083225727 1.079986192286015 0.9384220391511917 9.784826643764973 61.26538011431694 6.673423044383526 24.45495661348104 352.0301768034697 276.4867456778884 36.58752930164337 824.3557788133621 1.018712811172009 0.9404869377613068 0.6308545395731926 0.8859574049711227 16.19214117527008 50.19478353857994 33.71015758067369 2.362401723861694 0.3529801666736603 35.5324209779501 58.34011277556419 92.16658605635166 114.0270519480109 232.0861566513777 1085.978270173073 2580.465431131423 284.8959267139435 3009.685725688934 2.289876960217953 0 0.5517619699239731 0.7125755399465561 1.081976562738419 0 0.4846003651618958 0.1296062171459198 0.6441626772284508 0.2544308304786682 36.85634344816208 14.44469087570906 1.540340252220631 2.98112814873457 5.451275214552879 0 22.21214772760868 3.506724685430527 0 0 0 0 0 0 0 0.9775177836418152 0 0.1701722294092178 1.108122676610947 1.651232957839966 1.243020616471767 1.068796798586845 2.48466619849205 0.09957778453826904 0 0 0 0 0 0 0 0.1419675201177597 0 0.7646298557519913 0 0 0.3246871531009674 0 0.8458941578865051 0.1113056689500809 0.450671561062336 0 0.2000903189182281 0 0 0 0.1192611157894135 4.223018229007721 0.1712095737457275 5.470775946974754 1.668290510773659 0 0.3659776374697685 0.4484497234225273 0.1161927729845047 0 0 0 0 0 0.4701480567455292 0 0.317082017660141 0.1217936873435974 1.231252513825893 1.752529554069042 0 0 0 0 0 0 0.1449646800756454 0 1.042358234524727 0.09000727534294128 0 0 0 0 0 0 0.1588340550661087 0.1119950488209724 4.614958137273788 0.6343011856079102 0.9720079004764557 0 0.6817732229828835 0 0 0 0 0.2745042145252228 0.6616153717041016 0 0 0 0 0 0 0 0 0.2352590560913086 0.259201280772686 2.469715349376202 4.188575811684132 7.320916198194027 141.1772163137794 3.177416242659092 103.4312611296773 48.5223520770669 7.060882277786732 12.0867351219058 0.2051500976085663 14.39590255916119 2.931447453796864 0.0947580561041832 1.136034660041332 0.1374492645263672 0 0 0 0 11.11982607096434 0 5.449454382061958 2.253584899008274
21.32283587008715 1134.059925414622 1222.423442751169 5.897043086588383 2008.688715822995 0.1674146205186844 898.9286524131894 102.3157156705856 457.7462962865829 124.7285771816969 777.4671221077442 18.97991807758808 850.286987632513 1070.444217436016 11.96141685545444 2.388744652271271 0 0.08751457929611206 0 0.1102885976433754 0.1873932480812073 0 0.09736303985118866 0.09285710006952286 0.5774207338690758 0.5697198137640953 0.324928991496563 0.09158817678689957 0 0.2368935495615005 95.72621694207191 15.44672436267138 26.30628528445959 0 0.4212935119867325 0.3671335950493813 13.0070725530386 1.790948145091534 0.643507182598114 0.6439367830753326 0.5832846015691757 0 0 0 0 0 91.33731451630592 0.4652067497372627 0 0.3402049914002419 0.171425998210907 0 0.1309493035078049 0.4015990793704987 0.5785680711269379 1.431910306215286 5.825755439698696 12.45005415380001 6.335330702364445 30.21704698354006 0.09256900101900101 2.126841388642788 0 24.65697132796049 1.893965445458889 1.630286179482937 0.9862511679530144 0.4903557300567627 0.09505245089530945 0.4663853645324707 26.6960706114769 0.4817191734910011 0 27.10207498073578 17.63386551290751 50.94190707057714 26.96016864478588 2.171973928809166 0.742122195661068 14.41836131364107 0.3132431656122208 3.919723443686962 3.901668213307858 0.08075550943613052 0.3327201679348946 1.200992725789547 0.2865548878908157 0 1.394229158759117 0 0.2513563856482506 0 0.1761305183172226 0.1961087882518768 0.09747437387704849 25.69672576338053 1.519244700670242 0 5.772598072886467 2.765802569687366 0 0 0 0 0 0 0.336440771818161 1.664108693599701 2.15635958313942 3.967889845371246 0 11.53800570964813 2.85982158780098 4.304496467113495 10.4197379425168 0.7124045938253403 0 0 0 0 0 0 0 0 0 0 0 0 0 0 0 0 0 0 1.481305122375488 0.3176286220550537 0 0 0 6.47441815584898 1.123012661933899 6.39005471020937 3.042759403586388 0.1618428528308868 0 0 0 0 0.2053761631250381 0 0 0 0 0 0 0 0.1182911843061447 0 0 0 0 0 0 0 0 0 4.195326909422874 0 0 0.08405646681785583 0 0.07899706065654755 0 0 0 0 13.20156870037317 0.7402697205543518 0 0 0 0 0 0.7216446995735168 0 0.3682579696178436 0 0 0 0 0 0 0.07695750147104263 0.08290146291255951 0 0 0 16.80126133561134 5.81276997178793 4.982424587011337 329.597156509757 4.410311378538609 172.7974934279919 69.90903942286968 30.43113265931606 16.54117462784052 0.6322874054312706 23.96026754379272 1.409430421888828 0.2488671541213989 0.8658645749092102 0 6.57778400182724 0 0 0 21.07858680188656 0.2260788828134537 18.04940760135651 2.649028360843658
1763.425643742085 329.0165859758854 6.738800160586834 1630.834117725492 118.4071671515703 514.9280701428652 849.5948021560907 0.2261942476034164 124.7285771816969 2463.038299098611 45.43175034970045 2316.352093450725 3312.944961152971 683.2665577232838 2.036184243857861 0.5511694550514221 0 0 0 0 0 0.7703752666711807 0 0 0 0 0.08685784786939621 0 0 0 16.04938212782145 0.9114482700824738 67.33624651283026 0 0 0 136.2331485599279 0 1.446758858859539 0.4673014134168625 0 0.1244017630815506 0 0 0.07351518422365189 0 19.18955950438976 0.2775307968258858 0 0 0.2456538528203964 1.515894256532192 0.4769779592752457 0 0.6617178022861481 0.9671932235360146 17.86567906290293 18.42431939393282 7.100685603916645 18.08494181185961 0 0.5539467036724091 0.1127376109361649 4.142295464873314 0.4118626937270164 0.4590961784124374 0.8421273082494736 0.3600564524531364 0.09472586214542389 0 208.9969113171101 15.41705997288227 1.844637244939804 16.27053780853748 5.338158316910267 11.9606636762619 2.429461471736431 0.5582097396254539 0 0.7016255110502243 0.08391742408275604 0.4260104075074196 3.906445175409317 0.1828979700803757 0.4161015003919601 0.6269655972719193 0.2907377555966377 0.1813129782676697 0.8600619584321976 0.6424987092614174 0.6792357712984085 0.1081082001328468 0 0.2003162801265717 0 143.6844227015972 46.72264344990253 2.474345430731773 7.326479077339172 563.3377531319857 0.3758430182933807 6.428387627005577 2.039636969566345 4.000022560358047 1.67021220177412 15.08861312270164 9.597334146499634 55.93453054875135 46.44331395626068 138.4288408607244 13.20848827064037 101.1688225343823 137.1964144855738 111.5088313817978 81.01484950631857 0.1116732135415077 0.2442027255892754 0 0 0 0 0 0.2522229552268982 0 0 0 0 1.590594291687012 0 0 0 0.1499815881252289 0.1432846933603287 0 10.5193447843194 1.693222709000111 0 1.053765535354614 0 39.04023467749357 0.4556084424257278 22.03695527464151 4.116685315966606 4.129983589053154 0 0 0 0.1157279908657074 0 0 0 0 0.7983750998973846 0 0 0.1240747347474098 0.8216052651405334 0 0.07275775074958801 0 0.103654220700264 0 0 2.863292679190636 1.231194123625755 0 14.24836876988411 0.6951688528060913 0 0 0 0 0 1.521095514297485 0 0 95.71865418553352 2.201258011162281 0.1561916023492813 0 0 3.588202334940434 0 2.416767969727516 0.09947685152292252 0.1546581387519836 0.2232140377163887 0 0.2946776449680328 0 0 0 0 0.08790848404169083 0.1112567633390427 0 0.5548182725906372 160.6946183517575 11.74492868036032 20.3279777020216 180.2092536240816 0.6257376000285149 52.99556332826614 10.17791742086411 710.4137191548944 3.175773613154888 7.215448930859566 2.981209926307201 21.86260372400284 0.1179779469966888 3.701598674058914 0.1576047241687775 274.2086113095284 0 0 0 0.4530130922794342 0 883.9913553446531 114.3846382796764
88.21353331953287 824.645677216351 2621.629739277065 4.996372558176517 421.171792306006 0.5832847356796265 343.7149399966002 2256.747939564288 777.4671221077442 45.43175034970045 874.9321609139442 61.57146555185318 1196.910333372653 3062.690512046218 37.25695773214102 10.27774787694216 0.09446531534194946 0.4757472202181816 0 0.5379937216639519 1.491821371018887 1.994360759854317 4.380370587110519 2.326360866427422 23.06840165704489 5.808369368314743 9.75879293680191 2.131425306200981 2.918775200843811 2.094204917550087 1617.301731474698 346.4549560621381 360.3264909014106 0.5438932999968529 6.644035503268242 10.60754886269569 162.7238570526242 40.72263142466545 23.52014120668173 16.7500861287117 9.358180768787861 3.914882935583591 0.5801806226372719 0.6657305508852005 0.2487270832061768 0.4675856903195381 212.4938751459122 2.59350548684597 1.054696194827557 0.7345051541924477 1.537896372377872 1.237943291664124 2.20456500351429 1.85511077940464 3.006443157792091 4.90165238827467 29.05251929163933 100.268885217607 23.12645573168993 83.18897470086813 1.496168188750744 77.6187542527914 0.4157070368528366 102.2454433962703 3.859350122511387 3.181252047419548 2.186530195176601 1.863417379558086 0.7510915398597717 1.33909185230732 94.04205943644047 1.926954299211502 0.07613249123096466 96.15863966196775 55.76222874224186 150.3137019127607 83.80141866207123 9.211689569056034 9.639534972608089 425.4329507127404 0.6297692954540253 126.3892911523581 11.69015298783779 0.5350490882992744 2.902145259082317 4.326501742005348 0.711214043200016 0.5096736922860146 2.821247778832912 0 1.416572391986847 0.7528708055615425 2.895377039909363 3.218930900096893 0.7440583184361458 28.02444472908974 6.970343336462975 0 24.43935116380453 32.58705794811249 0 0 0.4634950459003448 0 0 0 0 0 1.781556844711304 4.04850922524929 0.7720535397529602 8.154695823788643 6.140235140919685 5.171378009021282 8.120047509670258 1.102470993995667 0.3331632614135742 0 0 0 0 0 0.1041523739695549 0 0 0 0 0.08177918195724487 0 0 0.1157314404845238 0 0 0 0 0.2405649870634079 0 0 0 8.253935605287552 0 5.355471551418304 0.7515558376908302 0.4823411107063293 0.1347837597131729 0.3458814695477486 0.103316567838192 0 0.1351121664047241 0 0 0 0.2065993547439575 0.1054289191961288 0.08926147967576981 0 2.169769339263439 0.3508946970105171 0 0 0 0 0 0.2313763201236725 0 0 3.619457468390465 0 0 0 0.2283936962485313 0 0.08610230684280396 0 0 0.1478020250797272 9.443581461906433 0.2674801871180534 0.1122140809893608 0 0.4228475019335747 0 0 0.3092096149921417 0 0.1743815839290619 0.7809909358620644 0.1033823639154434 0.656434029340744 0 0 0 0 0.07595841586589813 0 0 0 10.54889363050461 8.040824241936207 9.46300732344389 550.7180574908853 9.720931649208069 357.739381313324 131.0573278814554 45.10237862914801 37.30731092393398 2.150357380509377 56.43398851901293 6.614264026284218 0.1965727731585503 1.097214207053185 0.2872533798217773 5.772626519203186 0.3963194489479065 0 0 29.74326972663403 0.5530141741037369 24.12891672551632 7.482805870473385
487.1525357216597 60.22703516483307 45.05180509388447 951.9700022041798 3.716128379106522 143.4999826997519 147.5766517072916 5.304718531668186 18.97991807758808 2316.352093450725 61.57146555185318 136.299932539463 2338.998997725546 190.9281280487776 6.312002554535866 2.07615777105093 0.1153793483972549 0.130109578371048 0.1962333172559738 0.1896447315812111 0.1408477574586868 1.132043778896332 0.7443370670080185 0.3810733184218407 2.912246696650982 1.537319891154766 2.358939744532108 0.9404536262154579 0.3156988024711609 0.5673664063215256 21.0556223988533 10.30241576582193 44.33078231662512 0.101836659014225 0.6437617763876915 1.398618929088116 257.0259893536568 4.761668182909489 3.286489576101303 2.423095211386681 2.266545660793781 0.6376150399446487 0 0.1043955236673355 0 0 25.98928604274988 0.2137041017413139 0.08396371454000473 0.1163904741406441 0 0.2624935880303383 0.3560920059680939 0.1168896779417992 0.220942497253418 0.3552690297365189 1.547370053827763 6.335386522114277 1.683326475322247 7.99241990596056 0 8.254475235939026 0 23.67053225636482 0.1951116621494293 0.1769671440124512 0.2376566603779793 0 0.09248986840248108 0.3972282260656357 120.9425876662135 0.9423427283763885 0.3733589649200439 6.445475369691849 5.336458422243595 14.54213409870863 8.220590464770794 2.603008069097996 0.731000542640686 7.972996532917023 0.2635815292596817 4.183165714144707 0.09628777951002121 0 0.3133479580283165 0.2420086935162544 0 0 0 0.1124669834971428 0 0 0.1157132759690285 0.4596375450491905 0.1674263328313828 196.6266553774476 11.12477652728558 0 12.66522685438395 73.33012358099222 0.2901049554347992 3.155086576938629 3.1969975233078 0 2.317159727215767 7.67117665708065 3.638448640704155 27.03962232172489 16.70208068192005 60.27284513413906 4.829887636005878 83.27305756509304 62.64170081168413 65.51269266009331 67.97189522534609 0 0.1610431671142578 0.3064587414264679 0.1608269512653351 0 0 0 0 0 0 0 0 0 0 0 0 0 0 0 1.566550105810165 1.911665767431259 0 0 0 33.12975686043501 2.149348676204681 17.44451256841421 9.384723342955112 1.435883209109306 0 0.1054601743817329 0 0.1390450298786163 0 0 0 0.1437913030385971 1.66509684920311 0 0 0 4.256858356297016 0.1136505454778671 0 0 1.634018331766129 0 0.155018150806427 0.8550066947937012 0 0 21.17439407110214 0.5680480971932411 0.479333907365799 0 0 0 0 0 0 0 70.09384787082672 1.118092976510525 0 0 0 1.898650676012039 0 0.1942163109779358 1.305056124925613 0 0.5423035100102425 0 0.3165825381875038 0 0 0 0 0 0 0.1285133361816406 0 108.7253492996097 19.07722394913435 25.80514484643936 159.4080586954951 0.7009499818086624 37.397032789886 19.10120622068644 178.2011441066861 2.152226597070694 1.692264541983604 12.99611485749483 10.87604866921902 0.2809136807918549 3.495640560984612 0 85.47806839644909 0 0 0.3798074722290039 5.183429919183254 0 339.9021510928869 50.49060465395451
356.7356121018529 552.2288024351001 411.2092112004757 705.4206484258175 234.3325402885675 72.70462752878666 1967.964694857597 39.28426258265972 850.286987632513 3312.944961152971 1196.910333372653 2338.998997725546 3440.209305092692 5831.409846298397 26.97580409795046 7.897752515971661 0.6111801341176033 0.2673884481191635 0 0.4545277953147888 0.9330474808812141 1.632248938083649 1.034312099218369 1.777787692844868 11.13883310556412 3.419423371553421 5.7052868232131 1.52510342001915 1.642990902066231 1.900425583124161 126.0555193647742 39.60356345027685 445.398274473846 0.2940196320414543 2.467423900961876 4.558819457888603 553.8332713767886 16.56210992485285 16.95606875419617 7.451880231499672 6.52922410517931 1.455971010029316 0.2129750624299049 0.3387606367468834 0.08491850644350052 0.1846763119101524 104.5140906050801 0.1911656558513641 1.425647355616093 0.7601444721221924 0.08369848132133484 1.53603258728981 0.9610519409179688 1.245301447808743 0.6174175888299942 2.531486801803112 7.482970379292965 18.0473562926054 6.431438885629177 26.02792622894049 1.348777532577515 35.26741928607225 0 75.21330296993256 0.7122223153710365 0.7233297526836395 0.4737485125660896 0.1204229295253754 0.2330952659249306 1.155901819467545 397.6290944963694 4.585385493934155 0 26.69575472176075 24.08122203499079 59.39448989927769 35.16869470477104 9.480468429625034 3.398097433149815 52.867032520473 0.1394535899162292 16.21956993639469 2.21259394288063 0 0.4697123095393181 0.2576084807515144 0.2973945215344429 0.1797635704278946 0.2014082223176956 0.124211274087429 0.6149880737066269 0.676867388188839 1.008656457066536 1.61041247099638 0.1958544701337814 797.4015535563231 30.81830437481403 0 39.78230463713408 50.25927178561687 1.213827788829803 1.257674515247345 1.447797127068043 0.3079178631305695 4.057338938117027 9.865572206676006 1.954356610774994 45.93833883851767 34.30037082731724 93.51724354922771 13.08283784240484 109.9501831308007 105.3552898019552 112.27356659621 111.7731833979487 3.710080027580261 0.9834279865026474 0 0.1060139834880829 0.1178227066993713 0 0 0 0 0.1164823696017265 0.1240990608930588 0 0.5475289225578308 0 0 0.7464519441127777 0.2680434286594391 0 0 5.500437758862972 3.86406010389328 0 0 0 67.62462941557169 5.214486226439476 49.78159587085247 18.72105406969786 1.384451232850552 0 0 0 0.1584130227565765 0.7338820695877075 0.5237835496664047 0 0.7038697525858879 3.175172880291939 0 0.08966066688299179 0 2.73693161457777 0.9317137226462364 0 0 0 0.1013485789299011 0.2361084595322609 0.5967432707548141 0 0.5116225481033325 28.35133711993694 3.504578493535519 0.2631402611732483 0 0 0 0 0 0 0.1064627915620804 123.6205341890454 2.710850961506367 0.2574120238423347 0 0.2562939673662186 4.165018349885941 0.09782115370035172 1.87916873395443 0.1901077330112457 0.7932156920433044 1.367949172854424 0.158441960811615 1.480687595903873 0 0 0 0 0 0.09938631951808929 0 0 170.8511332198977 36.50050980597734 67.33633305877447 574.7027085497975 4.825201116502285 156.3612603545189 83.88125623762608 156.359658010304 23.51899325102568 1.60407692939043 42.36807274073362 20.5970888659358 0 13.36022444814444 1.57724391669035 117.0247218683362 0 0 0.2306851297616959 21.10967463254929 2.484734013676643 339.1178490519524 66.18485179543495
62.77722598612309 1044.179497629404 1811.294463656843 10.63049820065498 1185.152744814754 11.38581605255604 2040.350339613855 466.9019933864474 1070.444217436016 683.2665577232838 3062.690512046218 190.9281280487776 5831.409846298397 1719.659927234054 39.72043412178755 11.6402999162674 0.08843288570642471 0.277662955224514 0 0.3922699168324471 2.645254194736481 1.949607647955418 2.423215195536613 2.441524110734463 13.16202336549759 4.815432414412498 8.218998692929745 2.580842480063438 2.775448732078075 0.9937777817249298 412.6122426316142 83.86908297240734 562.5228128731251 0.6944571286439896 3.234018348157406 7.845068916678429 567.2928724214435 27.81102123111486 22.9281070381403 10.00857663154602 8.366859674453735 2.33317457139492 0.4298182278871536 0.3059010952711105 0.1701432541012764 0.4148263409733772 155.3503565639257 1.369724661111832 1.209713250398636 1.278455697000027 0.6304962784051895 1.175543144345284 0.4186619371175766 0.7429817318916321 1.556270681321621 2.673752933740616 10.99240509420633 36.69805787503719 11.75239785015583 42.12951473146677 0.5131954997777939 109.4846288487315 0.1827318891882896 91.41277897357941 1.345761880278587 1.638962268829346 0.7788583189249039 0.6921424195170403 0.4666433557868004 0.590011790394783 228.6931375712156 1.197586894035339 0.07174177467823029 54.52297756075859 35.91284339129925 105.9440677911043 58.13686379045248 12.61168363690376 2.756874844431877 227.4588743001223 0.2902808338403702 56.4506539106369 4.803536161780357 2.016164697706699 0.6751125529408455 2.319330014288425 0.4502395913004875 0.461922325193882 1.117002792656422 0.09050243347883224 0.3865437731146812 0.5874910950660706 2.816485911607742 1.903026662766933 0.7571264877915382 166.7076131924987 15.83127785474062 0 40.81944271177053 16.75024428218603 0.8139111995697021 0.5339320003986359 0.898740291595459 0 1.862463146448135 3.959269717335701 1.936391964554787 14.07931330800056 10.72461415827274 24.39224250614643 2.29419331997633 33.00834476202726 38.54611326009035 52.00860340893269 43.28502608835697 0.7810413464903831 1.010562926530838 0 0 0 0 0 0 0 0 0 0 0 0 0 0 0 0.7361549735069275 0 3.59540468454361 1.555077001452446 0 0 0 32.91843449324369 0.6984309256076813 24.36947417259216 10.05991232395172 1.185297332704067 0 0 0.238960474729538 0.107231080532074 0.09534827619791031 0.1794647872447968 0 0 1.283784955739975 0 0 0 2.097639836370945 0.2376942932605743 0 0 0.08901003748178482 0 1.832247145473957 0 0 0.8440045118331909 10.10181630402803 1.737676858901978 0 0 0 0 0.2706817090511322 0.07958406955003738 0 0.2203378602862358 49.20198760181665 1.51481855660677 0 0 0.5932579562067986 3.642469555139542 0 1.159458070993423 0 2.315336212515831 0 0 2.793859407305717 0 0 0 0 0.07938681542873383 0.3450407236814499 0.2315931245684624 0.3045284822583199 81.98569612950087 21.7259664312005 32.10646187514067 603.8660786375403 9.509303197264671 240.2690555378795 108.570781417191 59.82803865522146 30.43808814138174 1.121697776019573 58.77317030727863 13.04427798837423 0 3.759034812450409 0.09215015918016434 20.43675647675991 0.7402380704879761 0 0 30.84753802418709 1.422857850790024 82.37082719802856 24.16545660048723
