129.3983127251267 963.2610536515713 225.8834873214364 2401.441435754299 4.47176405787468 40.70176216959953 308.1526468843222 18.07639058679342 0.6202275007963181 1331.344267442822 38.45265872776508 215.9247028827667 64.05676548928022 29.20984233915806 1.410921387374401 0.7247080877423286 0.1664297506213188 0 0 0.3983370438218117 0.1026703491806984 0 0 0 1.340420715510845 0 0.1403757631778717 0.153096541762352 0.1289691478013992 0 808.033380009234 0.6991763561964035 8.452926628291607 0.0803021714091301 0.1360948383808136 1.938351221382618 3.03090213984251 0.6703113690018654 1.749185219407082 0.4441260099411011 0.3443918079137802 0.3645600527524948 0.450086310505867 0.0965462252497673 0.2043600529432297 0.1002435386180878 4.493415966629982 2.969349883496761 0.10721405595541 0.4277042895555496 0.4519479423761368 0.2050318866968155 0 0.4048365652561188 2.582582265138626 4.176058515906334 147.8157700970769 661.2885935381055 63.15692091733217 3.752881541848183 0.4467847868800163 0.3959673643112183 0 7.693805523216724 3.879825785756111 0.3743515089154243 0.3752090483903885 0.1895555183291435 0.510470487177372 0.2410984709858894 17.84120311588049 2.120239153504372 0.1212288290262222 94.09961055964231 13.83738046884537 7.904776819050312 2.14937699586153 1.442789047956467 0.4335944876074791 17.94772889465094 0.1875071302056313 3.119661197066307 5.527749709784985 0.3240257054567337 1.159465707838535 2.671387173235416 0.2409165129065514 0.1328817009925842 0.1797545552253723 0.3108830153942108 0.2248417809605598 0 0.7309896349906921 0.1242382973432541 0 84.13315891474485 15.99602666497231 0.1854117959737778 1.866651818156242 1054.082933843136 0.5869487524032593 19.31789517402649 23.22054287791252 7.359633460640907 0 20.84263718128204 15.3110880702734 5.623334392905235 17.88915349543095 14.11759486794472 2.972617477178574 3.704518042504787 12.34451974928379 5.138864442706108 13.05480866879225 0 0.111757755279541 0 0 0 0 0 0 0 0 0.1606924384832382 0 0 0 0 0.1948344111442566 0 0 0 0 0.9343275427818298 0 0 0 3.340369358658791 0 7.697695843875408 1.121396943926811 0.09806126356124878 0 0 0 0 0 1.32907235622406 0 0 0 0 0 0 0.1177708134055138 0 0.5134509801864624 0 0 0.1446639001369476 2.323088049888611 2.04969522356987 0 1.179775357246399 14.65725535154343 0 0 0 0 1.76069164276123 0 0 0 0 6.874054633080959 0.4567595571279526 0 0 0 5.269118204712868 0.7651513814926147 2.392375767230988 0 0.1131272837519646 0 0 0 0 0 0 0 0 0 0 0 4.811723284423351 0.7645447552204132 1.282841682434082 467.5058879330754 3.18420685082674 85.07262124121189 7.067004844546318 691.5676241740584 6.981627181172371 6.383056685328484 2.04919008910656 120.9232781529427 0 1.973405778408051 0 120.4931168854237 0.859211653470993 0.96406489610672 1.169986069202423 0.3103385269641876 0 146.7273602560163 15.09732012450695
963.2610536515713 1860.787627339363 2046.686630561948 2683.757654435933 614.3570026382804 57.60942463576794 2990.929283156991 311.7417575120926 1955.592954814434 2294.06692263484 1110.550666451454 116.3538373485208 554.6757471635938 329.4384609609842 24.03170028328896 9.580552466213703 0.7141391709446907 0.3542579337954521 0 0.4848456308245659 0.4776330515742302 0 0.2548888772726059 0 3.205065421760082 0 0.1637237370014191 1.372403666377068 0 0.1957410275936127 2868.509312957525 7.49667402356863 18.00175687670708 0.8905233591794968 0.4220347627997398 2.105955399572849 9.80334909260273 1.385215453803539 2.477067999541759 2.922962002456188 0.3303500264883041 0.5796316340565681 0.587379090487957 0.8938050791621208 0.295096255838871 1.256457291543484 84.98609023541212 13.88859134912491 3.091305390000343 0.4687177389860153 1.031116709113121 0.8521313071250916 0.2310660481452942 0.1777706891298294 13.6723849400878 16.73967415839434 202.388652227819 808.8697045370936 147.7233943194151 32.15895728766918 0.754282534122467 2.023371398448944 0 123.4925538673997 13.84528151899576 2.690091654658318 2.129436798393726 0.9431869462132454 2.05025290697813 1.650927484035492 22.39426311850548 1.710574217140675 0.4843443632125854 317.1170538589358 169.1473145112395 146.6729343757033 27.62466363608837 4.919071808457375 0.9635195210576057 40.35485864430666 1.043393775820732 4.999922752380371 29.55892837047577 0.726617269217968 3.865996830165386 6.321209236979485 2.66477869451046 0 1.289390482008457 1.095192790031433 0.9513477981090546 0.3734053522348404 2.632552050054073 1.099437654018402 0.4146770313382149 18.65166375041008 5.433096431195736 0 1.857458218932152 769.6112252548337 0 16.04702292382717 32.24256390333176 10.22977338731289 0.6292129158973694 25.20485069602728 8.552974417805672 3.650550618767738 22.55713789910078 17.83451398462057 0.5442033186554909 7.103307209908962 24.77265428751707 9.76372405141592 17.75780855119228 0.6384465396404266 0.5633944869041443 0 0 0 0 0 0 0 0 0.5550626069307327 0 0 0.1456390172243118 0 0 0 0 0 1.06517168879509 0.4419281780719757 0 0.3284639716148376 1.244941830635071 6.144796997308731 0.3589300215244293 5.593230783939362 2.523245938122272 0.7369313314557076 0 0 0 0.3500300645828247 0 0 0 0.425305187702179 0 0 0 0.1132812947034836 0 0 0 0 0.09988448768854141 1.004507541656494 0.4232903718948364 0.9484728276729584 0 0 11.14775475859642 0.5921564698219299 0 0.09400764852762222 0 0 0 0 0 0 15.60987830907106 0 0 0 0.2564071714878082 12.45522822439671 0 1.926637515425682 0.2682366967201233 1.075318843126297 0 0 0 0 0.1015614494681358 0.2896076962351799 0 0 0 0 0 9.409022815525532 1.379968203604221 2.992078855633736 941.5037050917745 15.65662728995085 565.3375278636813 76.80775307118893 1065.299881748855 58.38413212448359 5.105361878871918 60.42654266953468 55.91293551027775 0 3.332739472389221 2.245434790849686 76.99335873126984 0 0 1.499719068408012 11.28693619370461 0.9972960948944092 267.0395822301507 22.83987399935722
225.8834873214364 2046.686630561948 1434.600224718451 447.166394174099 338.709584929049 2.866125658154488 888.0543094873428 1530.569326139987 1541.477515883744 324.4148245975375 1910.608623877168 293.6275669708848 1043.520197421312 1143.91389657557 24.39650465548038 24.47196622937918 2.486987426877022 1.907775655388832 0.2816930562257767 4.261675499379635 10.71034088730812 2.451141580939293 4.201619580388069 1.425450697541237 34.77227843552828 6.342801459133625 2.910351611673832 12.49496509134769 3.381827831268311 0.6786729916930199 4575.481271341443 242.9403736516833 125.2857898548245 1.491721108555794 5.933913581073284 35.78690958023071 65.95857266336679 32.8675763681531 14.71482431143522 15.7276782989502 18.41114728152752 15.82999173551798 6.381070882081985 1.641645081341267 1.113769717514515 1.569562472403049 51.55984101444483 8.19689966738224 2.669392935931683 6.140706114470959 2.904959887266159 1.122731253504753 1.449352025985718 5.582652688026428 4.268127523362637 8.538505904376507 96.62906939536333 777.5648355707526 61.98135942220688 16.18584981560707 4.732610173523426 15.53290044516325 0.6071744039654732 277.9437691196799 7.32382407784462 1.88064818829298 0.5102861151099205 2.460710100829601 21.04542590677738 39.18885562568903 82.29526896774769 0.2631670981645584 0.1037612408399582 141.8823947235942 175.1938113644719 95.43920604884624 35.77807515859604 95.71837110817432 183.5054551661015 988.4763961061835 11.26085621863604 169.7265783250332 13.68645092099905 0.6602781340479851 3.519930131733418 3.222716793417931 2.320493049919605 0 0.8661127388477325 0.1475832760334015 0.91391970962286 1.070983655750751 41.44087026268244 5.132701009511948 6.246298760175705 27.74708203226328 10.38689407706261 0 6.311331957578659 227.7827405259013 0.5113904029130936 2.1861911714077 8.138666033744812 4.851097717881203 0.2457280606031418 14.5180736631155 2.453986912965775 3.851931817829609 6.916287690401077 1.797327108681202 0.8458707928657532 3.560603760182858 8.200794212520123 2.613328456878662 10.02219054847956 0.3091818541288376 0.09849166125059128 0 0.1266101002693176 0 0 0 0.7461352497339249 0 0 2.693535134196281 0 0 0 0.1813799142837524 0.2811146080493927 0.1974113881587982 0.1900224983692169 0.4480855762958527 0.1826387792825699 1.067437186837196 0 0 0 7.178251825273037 0.5438493862748146 5.124297946691513 2.205843470990658 0.5798865556716919 0.5455862730741501 0.3509301245212555 0.2262677401304245 0 0.1145886555314064 0.6282739415764809 0 0 0.1217818558216095 0 0 0.2598240077495575 1.280195794999599 2.243623122572899 0 0 0 0 2.701593175530434 0 0 0 8.043816655874252 0 0 0 0 0 0 0 0 0.1904523372650146 10.18446455895901 1.092494994401932 0.3223076015710831 0.2276003062725067 0.1265310049057007 6.980865813791752 0 3.664245307445526 0 0 0.2759515941143036 0 0 0 0 0 0 0.3011619970202446 0 0 0 10.39122974872589 3.599998094141483 3.066401764750481 476.0640954449773 18.39698066562414 273.8399484455585 63.91331689804792 125.0931265279651 26.68583350628614 1.921323917806149 36.21130105853081 17.43909807503223 0.4809387028217316 1.969354301691055 1.380421757698059 12.45414835214615 0 0.1545484960079193 0 16.77289888262749 0.4639909565448761 28.61771976947784 11.52470064908266
2401.441435754299 2683.757654435933 447.166394174099 945.3732234537601 25.12369960546494 218.2592839151621 715.0596319586039 1.216142132878304 1.754657551646233 1579.584802158177 24.4562079012394 4.052354246377945 90.61408205330372 15.75703289359808 3.059754490852356 1.149290099740028 0.2955600097775459 0 0.09295638650655746 0 0 0 0.1369388848543167 0 0 0 0 0 0 0 191.8782026618719 0.1763893067836761 0.2524212896823883 0 0 0 0.2601289600133896 1.610767170786858 0 0 0 0 0.08984611183404922 0.1502216011285782 0 1.61266465485096 12.4969008564949 2.247199162840843 0.5850615799427032 0.203051820397377 0.114323765039444 0 0 0 5.34974230825901 5.20705634355545 132.7681153416634 525.381754592061 78.14690525084734 7.859638668596745 0.2212561219930649 0.1718457639217377 0 21.13253805041313 4.698880828917027 0.8638188540935516 0.1773698255419731 0.1520391553640366 0.2106408327817917 0.5853206813335419 1.936510235071182 0.2841017544269562 0.14647077023983 137.0979560092092 30.67385744303465 17.83950956165791 4.089749820530415 1.102406337857246 0.2607842311263084 0.4276440590620041 0.4020633846521378 0.178161233663559 7.628628440201283 0.5598657354712486 1.230584755539894 3.031421028077602 0.4152314588427544 0 0.2697173878550529 0.1183139085769653 0.124501034617424 0 0.1066297069191933 0 0 1.128318935632706 0 0 0.2922583222389221 1170.141844749451 6.890738770365715 27.13095986843109 103.5060430318117 63.05287870019674 0.1501175165176392 41.9448935687542 64.21311675012112 2.263200469315052 45.83360963314772 65.21562243998051 0.6529238522052765 6.25348699092865 11.66539936512709 2.324228331446648 5.987503349781036 0 0 0 0 0 0 0 0 0 0 0 0 0.2171010076999664 0 0 0 0 0 0 0.3372683674097061 0 0 0 0 2.41632491350174 0 0.3247439563274384 0.7336719930171967 0 0 0 0 0 0 0 0 0 0 0 0 0 0 0 0 0.1724957674741745 0 0.4451470077037811 3.312780112028122 1.144065633416176 0 0 3.458525247871876 0.3859118819236755 0 0 0 0 0 0 0 0 6.216190785169601 0 0 0.09806232899427414 0 3.569989368319511 0.220056876540184 1.180627346038818 0.66712836176157 0.5109002441167831 0 0.1985454112291336 0 0.1118070110678673 0 0.101151242852211 0 0.1116429343819618 0 0 0 4.455340623855591 1.768118798732758 1.365770444273949 260.8994098678231 2.444406993687153 158.0558259636164 11.81332178413868 766.9695869460702 16.88162291795015 1.948923915624619 12.04063837230206 61.33837190270424 0.09681268036365509 0.8728665485978127 0.4968318790197372 79.54532413184643 0.1440207809209824 0 0 0.7839750051498413 0 300.9179362729192 15.48595713078976
4.47176405787468 614.3570026382804 338.709584929049 25.12369960546494 485.901534318924 0.6014091372489929 2137.010780140758 104.9485339447856 3388.22088432312 377.1727433502674 688.840101338923 63.47346390783787 730.6308657675982 999.8023400604725 5.764734551310539 3.98269871622324 0.7130175679922104 0 0 0 0 0 0 0 0.4910651743412018 0 0 0 0 0 48.65906719118357 4.17037858068943 0.9444723352789879 0 0 0.3368982151150703 1.197620630264282 0.2361859828233719 0.7524714320898056 0 0.1241587623953819 0 0 0.1931812390685081 0 0 17.36856270581484 1.764996521174908 1.194326236844063 0.08024954795837402 0.3941976651549339 0 0 0 0.5973401963710785 2.155654162168503 12.67243210226297 36.45641013234854 12.88552007824183 5.497494451701641 0 0 0 19.6415681168437 1.455143868923187 0.3502209261059761 0.1662867367267609 0.09109770506620407 0.367318332195282 0.1291802227497101 7.112329050898552 0 0 28.14396654069424 23.34442286938429 42.09208507835865 9.503341287374496 2.358322210609913 0.6151369661092758 3.704675741493702 0.2748033031821251 0.7737023755908012 3.488052181899548 0.1365087032318115 0.7107501477003098 0.8536053225398064 0.4607494994997978 0 0 0 0 0 0 0.1371264159679413 0 11.88226760923862 0.1500491946935654 0 0.9164084494113922 4.662710309028625 0.1175322458148003 1.074930086731911 10.28640254586935 1.392714783549309 0.1632277816534042 7.409689150750637 3.45781496912241 1.793213538825512 9.253206498920918 3.236176438629627 1.844774544239044 1.716582991182804 6.378186322748661 5.50055094063282 4.672138281166553 0 0 0 0 0 0 0 0 0 0 0 0 0 0 0 0 0 0.09117726981639862 0 0 0.09344460815191269 0 0 0 1.722978726029396 0 1.431063324213028 1.23217311501503 0.1019541993737221 0 0 0 0 0 0 0 0 0 0 0 0 0 0 0 0 0 0.149265393614769 0 0.2450022101402283 0 0 2.858654350042343 0 0 0 0 0 0 0 0 0 3.542773336172104 0 0 0 0 3.28536069393158 0 0.3107903003692627 0 0 0 0 0 0 0 0.1042473465204239 0 0 0 0 0 1.726775676012039 0.148425966501236 0 164.2439261227846 3.005150280892849 75.24160845577717 13.48371019214392 28.41030418127775 8.657900489866734 1.414956875145435 12.00408533960581 6.398762859404087 0 1.070357918739319 0 12.39270587265491 0 0 0 2.263390004634857 0 23.25885710120201 7.222757637500763
40.70176216959953 57.60942463576794 2.866125658154488 218.2592839151621 0.6014091372489929 2.443902611732483 24.55906675755978 0.9178361892700195 0.6555708944797516 289.470959842205 1.451484262943268 113.4887957274914 42.89506825059652 4.484033674001694 0 0.1711576282978058 0 0 0 0 0 0.5166396051645279 0 0 0 0 0 0 0 0.1243943050503731 13.72800272703171 0 6.914970137178898 0 0 0 11.9786392301321 0 1.185328736901283 0 0 0 0.127513661980629 0 0 0 0.2367618978023529 0 0 0 3.714938126504421 14.84978093951941 0.6107504963874817 0.2274497747421265 0.2521760985255241 0.9822104796767235 74.3759517967701 35.71734970808029 5.817835532128811 0 0.2433314919471741 0.3447959721088409 0 0.289745531976223 0.1013131439685822 0 0 1.531385853886604 0 0 175.9171066135168 277.4534022957087 19.5835682451725 3.476045645773411 0 0.1215400993824005 0.08664431422948837 0 0 0 0.4188325107097626 0 0.3856934309005737 3.159197881817818 0 1.768898338079453 0.8444138616323471 4.647882327437401 7.612664319574833 12.00991722941399 3.913839280605316 5.879837788641453 0 1.152943566441536 1.382066771388054 429.2701282054186 332.4660820290446 16.31404326111078 31.12067579478025 544.7309927791357 0 4.184589475393295 3.973656862974167 1.313345536589622 0.2162793874740601 2.834955438971519 2.722224339842796 1.801889523863792 3.097754798829556 4.505264192819595 0 1.732322566211224 2.654096975922585 0.2671044766902924 0.79448401927948 0.8696203306317329 0.1165401861071587 0 0.1813602298498154 0 0 0 0 0 0 0.5455411672592163 0 0.2085353285074234 0.1522877514362335 0.09581293165683746 0 0.6378122121095657 0.2657565325498581 0.2302968874573708 0 0.2636872231960297 0 0.2117819115519524 0 1.50478033721447 0.6690041720867157 1.093780867755413 1.168319121003151 1.38448940217495 0 0 0 0 0.1409181654453278 0.2337061390280724 0 0 0 0.1174726411700249 0 0 2.834578610956669 0 0 0 0 0 0.2100956439971924 0 0 0 0.2057526111602783 0 0 0 0 0 0 0 0 0.09417005628347397 0.6464217454195023 1.417808830738068 0 0 0 1.283234789967537 0 0 0.1245871186256409 0 0 0 0 0 0 0.1273999810218811 0 0.3687394112348557 0 0 0.1209451705217361 0.2368492111563683 4.028959237039089 3.197427339851856 14.94480105489492 0.8682020902633667 5.637068197131157 0.5406470447778702 286.5155954062939 1.064416572451591 0 0.1894713491201401 12.97160844504833 0 0.1733162105083466 0 14.78703731298447 0 0 0 0 0 77.8920421153307 14.09312822669744
308.1526468843222 2990.929283156991 888.0543094873428 715.0596319586039 2137.010780140758 24.55906675755978 1747.278416097164 237.2422010079026 4741.088642306626 3370.52013425529 900.696000598371 278.5656081363559 5519.405841909349 2273.51910097152 21.61172413825989 15.02517984807491 0.7874499782919884 0 0.1894888654351234 0.07684961706399918 0.6211986765265465 0.4935281723737717 0.2097648233175278 0.1777819246053696 0.3836594149470329 0 0.09702155739068985 0.3555807918310165 0.1482808589935303 0.6006624847650528 148.4047173410654 8.787686467170715 13.00754749029875 0.08928309381008148 0 0.6188315823674202 6.485614001750946 2.125569052994251 1.54605408757925 0.6083825379610062 0.1408225446939468 0.3003435879945755 0.5620492398738861 0.7430084422230721 0.1234873160719872 1.163830615580082 64.04563182592392 6.415961481630802 2.909357480704784 0.3560124412178993 0.6907189935445786 0 0.1635605841875076 0.2085986584424973 3.308273144066334 4.694857805967331 48.06238155812025 167.479089319706 48.08792910724878 18.23675265908241 0.9200197532773018 0.3505434170365334 0.5429105162620544 61.73048764467239 6.673090718686581 0.8682200014591217 0.3098848462104797 0.3306674286723137 0.9425864666700363 1.013220198452473 30.80062893778086 1.590818285942078 0.4777685031294823 111.7562911584973 79.42529668658972 110.9459123462439 30.16253193467855 8.428007438778877 0.5980535671114922 8.522443823516369 1.004860624670982 1.955476827919483 11.65637710690498 0.3033447861671448 1.267697528004646 1.538250803947449 1.208314046263695 0 0.6943195536732674 0.1239565685391426 0.2786517143249512 0 1.072211883962154 0.1258066296577454 0.1312707513570786 109.0175195634365 6.592107146978378 0.2567913830280304 2.16656793653965 64.6046339944005 2.865192174911499 16.37562870979309 234.8924280107021 88.05583883821964 2.151125498116016 180.8885780125856 32.85006587207317 22.08343648165464 205.0864121317863 81.00318855047226 4.958306357264519 33.03634794801474 58.7750965282321 19.77592262625694 32.02589745074511 0.109867699444294 0.3063105046749115 0 0.1042007654905319 0 0 0 0 0 0 0 0 0 0 0.1218757927417755 0 0 0 0 2.653714001178741 1.264541178941727 0.2683591544628143 0.1246961578726768 0 12.9631372988224 0.9978811740875244 9.393149927258492 3.175758302211761 2.022691167891026 0 0 0 0 0 0.9821112751960754 0 0 1.156882889568806 0 0 0 0.7089893668889999 0.4386759102344513 0.1253779828548431 0 0 1.904012963175774 3.077241748571396 2.155584827065468 0 0 21.67759426683187 0.1193605437874794 0 0.2813002169132233 0.1006756573915482 0 0 0 0 0 34.3220976665616 0 0 0 0.08602921664714813 15.40237883478403 0.9110521674156189 6.14264327287674 1.291093744337559 0.4299977421760559 0.8696766793727875 0.3931250870227814 0.5702371448278427 0.1176371425390244 0 0 0 0.1291952580213547 0 0 0 32.6076512336731 3.628429047763348 6.012607768177986 628.9256933778524 11.50277304649353 299.143109112978 64.29783480614424 198.4315940067172 41.35644552111626 3.674500674009323 54.13628498464823 46.29786512255669 0.7355814576148987 11.88876061141491 1.75128748267889 68.86480224877596 2.126343637704849 0 2.224208772182465 9.019323453307152 1.834104731678963 305.6472808122635 71.58051858097315
18.07639058679342 311.7417575120926 1530.569326139987 1.216142132878304 104.9485339447856 0.9178361892700195 237.2422010079026 859.225337870419 859.5034576579928 119.0325287431479 2764.566668540239 207.4811893031001 1092.185982733965 3608.253792837262 29.93282624334097 21.82605522125959 1.609173282980919 1.206092178821564 0.1154809072613716 7.104658275842667 15.95084428042173 2.863482415676117 3.292892321944237 1.023496359586716 36.28939045220613 6.499744400382042 1.358826003968716 12.13460110127926 4.77472648024559 0.2485032081604004 868.1086693927646 864.0555531233549 155.743869125843 2.331977486610413 7.246504366397858 33.3548564389348 77.53012483566999 39.10967442393303 20.99352832138538 17.25640626251698 15.52773497998714 14.82185908406973 6.122756347060204 2.11635360866785 1.210042901337147 2.309634409844875 58.80306677520275 4.091291770339012 5.633519597351551 5.257139146327972 2.269127517938614 2.178238943219185 0.9404282569885254 5.472207523882389 2.262268200516701 2.101220227777958 33.80130909383297 172.5760157629848 30.53453236073256 14.20146319270134 24.99208550900221 31.74647560715675 2.024063766002655 613.5603763908148 2.863607615232468 0.7697452679276466 0.3529234528541565 2.947645306587219 19.1362757012248 45.14456460624933 87.24419283121824 0.7499483376741409 0.2665078341960907 76.50212409347296 101.1918438747525 116.3253243491054 196.6221469864249 182.9887191355228 656.5344124361873 1413.869808152318 109.2258368134499 340.6389789655805 6.674650713801384 0.09050017595291138 0.864529125392437 1.241401806473732 2.183309055864811 0 0.1997096315026283 0.7139953300356865 0.5500072538852692 0.2852131426334381 40.19405093044043 4.609561331570148 7.80998033285141 24.51201973110437 2.611760966479778 0 9.003049999475479 24.82746397703886 0.1299427598714828 0.2929675877094269 6.26649771630764 0.3378405421972275 0 9.503280401229858 0.6070767268538475 1.205623507499695 4.949131920933723 2.180237904191017 0.2311373129487038 2.144132815301418 4.950622908771038 1.929197378456593 5.746764682233334 1.182388693094254 0.4884172081947327 0 0 0 0 0.1048161759972572 0.2823190093040466 0 0 0.5168490707874298 0 0.1973318606615067 0.1193959340453148 0 1.056603133678436 0.3512605056166649 1.335461378097534 0.3879581913352013 0.1903348714113235 0 0 0 0 5.854747824370861 0.2226047962903976 3.624758392572403 1.814589209854603 0.5150945335626602 1.044888019561768 0.2287739813327789 0 0 0 0.2995342388749123 0 0 0 0 0 0.1515818238258362 1.420571506023407 2.673277869820595 0 0 0 0.1330570876598358 0 0 0 0 3.143189683556557 0 0 0 0 0 0 0 0 0.1867103427648544 8.443122357130051 0.6734239906072617 0.5364169180393219 0 0.5508683025836945 3.85673800855875 0 0.4903558790683746 0 0 0.3227991163730621 0 0.1096065118908882 0 0.08104515075683594 0 0 0 0 0.6767791956663132 0.1042950302362442 6.867914855480194 2.335906244814396 4.479917086660862 431.6961180791259 9.345406085252762 229.6433346197009 62.64379111677408 58.98131370544434 24.10466501116753 1.529765158891678 34.46439837664366 12.63866520673037 0.2413484007120132 2.944656401872635 0.9738681018352509 4.815816670656204 1.409554719924927 0.1868802756071091 0.652382105588913 11.91614896059036 0.4332500845193863 11.84664458781481 6.145208388566971
0.6202275007963181 1955.592954814434 1541.477515883744 1.754657551646233 3388.22088432312 0.6555708944797516 4741.088642306626 859.5034576579928 1214.033431619406 283.9040630161762 1724.84496602416 135.4966398775578 4716.907787837088 1944.279595553875 5.607506386935711 4.262365266680717 0 0 0 0 0 0 0 0 0.6885132342576981 0.1069361194968224 0.2129787504673004 0 0 0 6.603442944586277 1.765028141438961 6.325450956821442 0 0 0.649895578622818 4.102572657167912 0.2004323378205299 0.3236726000905037 0.2583425343036652 0.4672045707702637 0.3438022881746292 0.1145612001419067 0.3680771961808205 0 0.2241842746734619 10.66105170547962 0.6575004234910011 1.144850485026836 0 0.20009595900774 0 0 0 0.3578970730304718 0.1635847240686417 3.358028262853622 4.498334318399429 2.792712219059467 2.354741334915161 0 0.9741489738225937 0 3.639282561838627 0.2735186144709587 0.0725824236869812 0.07604289799928665 0 0.4405378252267838 0.2977476492524147 6.446795634925365 0 0 9.692677140235901 3.396394580602646 21.73475828021765 7.215328559279442 2.583688005805016 0.2875315845012665 11.13290022313595 0 1.080350302159786 0.5253684520721436 0 0.1501939445734024 0.1706633418798447 0.3143903464078903 0 0.143696241080761 0 0 0 0.4660176113247871 0.248267225921154 0.5163047462701797 30.71725814044476 1.197608105838299 0 0.8444045558571815 0.6060967147350311 0.2648334205150604 4.131589323282242 15.45060580968857 2.351852647960186 0.2834101021289825 17.35612195730209 5.497732996940613 2.720385752618313 16.90796640515327 9.187640145421028 1.344548389315605 7.563081160187721 18.70036864280701 6.146460123360157 8.249466978013515 0 0.09347314387559891 0 0 0 0 0 0 0 0 0 0 0 0 0 0 0 0 0 1.292955994606018 0.7384837716817856 0 0 0 3.076362334191799 0 2.9555499330163 1.252970807254314 0.1811741515994072 0 0 0 0 0.3821992874145508 0 0 0 0 0 0 0 0 0 0 0 0 0.1189167723059654 0.7753992825746536 0 0 0.1171758696436882 6.773239940404892 0.5867511630058289 0 0 0 0 0 0 0 0 11.62107537686825 0 0 0 0 7.708481848239899 0.08807710558176041 0.8474180847406387 0 0 0.1936789974570274 0 0 0 0 0 0 0.1200534924864769 0 0 0 7.687169939279556 1.152871504426003 2.708565197885036 101.4757878482342 1.016465090215206 32.809465713799 11.78181458264589 9.547352261841297 5.408542260527611 0.9580051898956299 8.762162521481514 8.484433963894844 0 1.098771438002586 0.536209762096405 12.16777197271585 0 0 0.2944270074367523 3.42764113843441 0.2437648773193359 70.91622553020716 18.49709946662188
1331.344267442822 2294.06692263484 324.4148245975375 1579.584802158177 377.1727433502674 289.470959842205 3370.52013425529 119.0325287431479 283.9040630161762 2125.82263840735 207.4510115608573 3158.631584636867 6446.09891987592 164.8096320480108 25.57578139007092 15.24287410080433 0.9171533584594727 0.2647000327706337 0 0.2770771533250809 0.1176907122135162 0.1396928727626801 0 0 1.113307558000088 0.4313181340694427 0 0 0 0 80.04403971880674 6.66565877944231 40.31317836791277 0.1406842172145844 0 1.149176269769669 33.22715819627047 1.792376711964607 2.260325513780117 0.5504349395632744 0.105397954583168 1.36220658570528 0.4470662996172905 1.268351189792156 0.3258306384086609 0.1784306466579437 57.94367621093988 4.935395024716854 2.747555382549763 0.3787173628807068 0.498869962990284 0.7885517776012421 0.6757055148482323 0.7504009902477264 2.927410051226616 3.676294341683388 81.61418161541224 225.5355646684766 54.35821332037449 16.51037330925465 0.3273459896445274 4.502154558897018 0.1654883623123169 28.91102366149426 4.362910188734531 1.131418168544769 0.7329637110233307 0.5268422141671181 1.577151015400887 0.8827818185091019 141.2448711022735 9.364844463765621 0 108.9149368479848 48.98009962588549 103.000018812716 26.85519088804722 7.816034629940987 0.7455089688301086 12.35966481268406 0.983391098678112 5.274934358894825 9.109495878219604 0.1380248069763184 1.470347054302692 2.31784899532795 0.7643593549728394 0.1256900131702423 0.4979618489742279 0.09278791397809982 0.2269557565450668 0.1015616655349731 0.9170037284493446 0.1242369413375854 0.0982709527015686 666.362563341856 45.36999246478081 0.2048897594213486 7.515422008931637 730.4142199456692 4.124360308051109 99.22215247154236 408.3271132707596 239.4026957377791 8.796182557940483 340.3779775425792 150.8020453229547 63.47487583756447 299.2910921648145 198.9800800979137 16.72632054239511 126.1496489271522 264.1968393921852 78.59852050244808 91.74929820001125 1.245007894933224 0.6905435845255852 0 0 0 0 0 0.2287070900201797 0 0 0 0 0.6211439371109009 0.09678865969181061 0.1885365694761276 0 0.3941235840320587 0 0 5.358440607786179 5.332731179893017 0 0.08979237824678421 0.1270952969789505 47.06733324378729 1.837485514581203 30.44787760078907 9.609480731189251 5.869226269423962 0 0 0 0 1.167701490223408 0.2715676426887512 0 1.235403716564178 0.3143361508846283 0 0 0 1.091814458370209 0.1148267835378647 0 0 0 3.914506688714027 9.592495620250702 6.987046346068382 0.5548223406076431 0 60.46268682181835 0.5187029987573624 0 0.1089322566986084 0.07479522377252579 0 0 0 0 0.2336153537034988 112.2349349930882 0 0.1346148550510406 0 0 78.59282597899437 1.551542371511459 17.89330216497183 1.734635598957539 0.9393193423748016 2.623243853449821 1.053624130785465 2.409869641065598 0 0.2044500857591629 0 0 0.6776272878050804 0 0 0 94.50438402593136 13.72691607475281 17.94802092760801 902.428029038012 10.90142156928778 269.0239705219865 71.372039668262 946.4544040858746 44.73860976099968 6.27652645111084 68.76910964399576 293.1674459129572 0.4879079759120941 16.31167586892843 4.526831462979317 467.5087234154344 3.296968460083008 0 0.5661725997924805 6.805494055151939 0.2177682369947433 3119.065396092832 455.0600983425975
38.45265872776508 1110.550666451454 1910.608623877168 24.4562079012394 688.840101338923 1.451484262943268 900.696000598371 2764.566668540239 1724.84496602416 207.4510115608573 664.1978941708803 407.9638019502163 2379.383292987943 2793.962903045118 13.81755367666483 13.60056994110346 2.761125840246677 0.7117341309785843 0 1.240025877952576 1.719599783420563 6.039520919322968 0 0.3072640895843506 20.21793238073587 3.738549098372459 2.417943254113197 11.70421162247658 6.456724561750889 0.9404081106185913 336.4124664515257 81.74483773857355 791.9489203765988 0.4266925454139709 0.6280461847782135 13.09296198189259 274.5264704301953 30.51204253733158 39.69357831776142 13.64176141470671 3.812045373022556 11.53469935059547 3.226233378052711 0.7387230768799782 0.7493655830621719 1.744198977947235 22.78662893176079 2.107255607843399 1.295071080327034 1.570017442107201 0.5280006974935532 1.936194658279419 3.259755373001099 9.357231870293617 0.4565705582499504 1.06520913541317 11.26724308729172 60.70829208940268 9.825227685272694 4.812332689762115 0.5171411633491516 19.01293348520994 0.6780433803796768 24.14534549415112 1.463140338659286 0.7584242895245552 0.3561573550105095 0.1157296970486641 5.809844009578228 6.648719124495983 322.3987220898271 0.4680855050683022 0.1998755931854248 29.85901725292206 25.76415188610554 43.49266532063484 13.7469886764884 8.651375733315945 32.56198182702065 241.7660028040409 2.051516205072403 45.80495777726173 2.224697194993496 0.1284037828445435 0.9273610562086105 0.5694827884435654 0.5734938383102417 0 0.2180953025817871 0.1344945728778839 0.372541569173336 0.4435453414916992 9.035093441605568 3.234087482094765 6.240363463759422 64.70348888635635 5.931135468184948 0 16.31904864311218 13.88266883790493 0 0.3939223885536194 2.563393570482731 0 0 6.140730127692223 0.2583679333329201 1.267406024038792 3.898523189127445 1.320166036486626 0.6257679015398026 2.653017401695251 5.294605374336243 2.827032297849655 4.768383644521236 0.1397577226161957 0.7417011186480522 0 0.0972425788640976 0 0 0 1.189154267311096 0 0 0.7289716750383377 0 0.09411703050136566 0 0 0 0.1929822266101837 0 0.3255614265799522 1.026604205369949 0 0 0.1979068890213966 0 5.174087375402451 0.2622552812099457 2.105098284780979 1.754616647958755 1.706604450941086 0 0 0 0 0.2737895324826241 0.3149503916501999 0.4809609055519104 0 0 0 0 0 0.9138517081737518 1.048326969146729 0 0 0 0 0.1479081362485886 0.5360738635063171 0 0 4.896912045776844 0 0 0 0 0 0 0 0 0.1641290485858917 6.477318897843361 0.3456785976886749 0.609541654586792 0 0 5.227991282939911 0 2.190394565463066 0 0.1099089309573174 1.146551564335823 0 0 0 0 0.192929670214653 0 0 0 0 0 5.799871511757374 2.751955091953278 3.21053209900856 164.1075901761651 7.167393155395985 81.43419819325209 29.02583231031895 22.00553116202354 10.52550216764212 0.3507179766893387 14.43062192946672 4.611833915114403 0 2.597454383969307 0 5.266082875430584 0 0 0 4.803739845752716 0 16.48657324165106 4.270978845655918
215.9247028827667 116.3538373485208 293.6275669708848 4.052354246377945 63.47346390783787 113.4887957274914 278.5656081363559 207.4811893031001 135.4966398775578 3158.631584636867 407.9638019502163 337.8782604038715 1183.822083294392 150.258982911706 18.02142804861069 21.1477462425828 1.195039942860603 0.4592915251851082 0.1685589849948883 0.3559305369853973 0.5795864015817642 1.702760607004166 0 0 5.488502770662308 1.41498988866806 0.3478981629014015 2.479375161230564 2.001453883945942 0 17.69138155132532 1.631608419120312 45.49094302207232 0.2750703692436218 0.2913361042737961 4.015216119587421 143.3793239220977 5.823191583156586 10.1669949144125 2.569800280034542 2.212612248957157 2.802982956171036 1.565339915454388 0.5469134375452995 0.5521968603134155 0.7289141640067101 25.32443445920944 0.2868106737732887 1.039168804883957 0.9454705491662025 0.2086428552865982 0.354531817138195 1.904429323971272 2.513666540384293 0.3465750366449356 0 4.118779256939888 5.493928715586662 3.973912000656128 3.815645165741444 0.2598859071731567 2.755180798470974 0.3582302108407021 3.146741434931755 0.7100331485271454 0.3852152451872826 0 0.4493570700287819 6.043903931975365 3.65261747688055 491.6917770206928 10.2759310528636 1.159093581140041 10.98172283917665 3.456981346011162 35.52678357064724 15.73496112972498 7.633109904825687 0 23.92366784065962 1.192538991570473 4.600327037274837 1.416582085192204 0.1099070608615875 0.4000925943255424 0.3811284005641937 0.4953691810369492 0.2106282860040665 0 0.5370371714234352 0.3695764020085335 1.302769035100937 6.476943261921406 1.828778192400932 3.114991568028927 1466.984804354608 54.2358797416091 0.8032926768064499 17.39175399392843 52.36628559976816 2.086299084126949 21.26678738743067 130.9617391228676 22.82923336327076 2.003302395343781 151.6828244626522 31.26600711792707 32.43412133306265 132.1425609365106 59.39791934937239 6.646830186247826 69.47132413834333 144.8013129234314 58.41428495198488 69.24516942352057 0.83475062251091 0.1008881255984306 0 0 0.0999874621629715 0 0 0.2572313547134399 0 0 0.4104247987270355 0.1353307962417603 0.1846585348248482 0 0 0.127498984336853 0 0.1493615657091141 0.1094516441226006 2.931592896580696 3.561397552490234 0 0.08672978729009628 0.3176323175430298 35.6865544244647 1.956744395196438 20.79522275924683 6.094164878129959 2.079434230923653 0.4531812071800232 0 0 0 0.1584592908620834 0.2549226805567741 0 0.8394078686833382 1.791231669485569 0 0 0 0.4836448654532433 0.5848524868488312 0.1089090704917908 0.5887612253427505 0.3271275013685226 1.005138874053955 4.905663050711155 1.140833392739296 0.2132651284337044 0.555249497294426 36.22472260892391 0 0 0.1421774327754974 0 0 0 0 0 0 94.36629022657871 0.127671867609024 0.1384240686893463 0 0.1288767009973526 44.03932785987854 0.2995643466711044 7.90239442139864 1.940759837627411 1.281926900148392 0.6136179640889168 0 0 0 0 0 0 0 0 0 0 77.83044446259737 9.45385779440403 11.73088655620813 329.9893953949213 10.63315112143755 73.30485796183348 37.5957173705101 88.09870329499245 11.00401829183102 0.9579573199152946 23.64685613662004 50.95085527747869 0 9.305957339704037 2.459127381443977 74.99341025203466 2.101256988942623 0.2500792443752289 1.195225358009338 9.771913930773735 0.3539544939994812 1433.189493060112 197.7716399282217
64.05676548928022 554.6757471635938 1043.520197421312 90.61408205330372 730.6308657675982 42.89506825059652 5519.405841909349 1092.185982733965 4716.907787837088 6446.09891987592 2379.383292987943 1183.822083294392 2694.871804669499 3671.613963872194 46.32012984156609 44.92148419469595 3.728923112154007 0.4852762445807457 0.2851596996188164 1.770498730242252 1.566026203334332 2.647189781069756 0 0.1404877007007599 13.63737062364817 2.391163274645805 1.392499186098576 6.87234278768301 5.919342264533043 0.418158732354641 87.21805401146412 7.910303853452206 269.9095891341567 0.4292494803667068 0.8972665444016457 8.873930111527443 262.624187476933 14.61522168666124 34.17381335794926 8.601262591779232 5.183634176850319 9.630654193460941 2.964588508009911 2.528190739452839 1.113673970103264 1.93232773244381 70.37495805323124 2.361943155527115 4.831193394958973 3.573362745344639 1.261831067502499 1.720302060246468 4.540546588599682 6.344972796738148 0.7429146841168404 0.9501179084181786 11.86565193533897 22.58592005074024 16.68198005110025 12.32121410965919 0.553363136947155 14.79722295701504 0.2647619843482971 11.27271791547537 1.350308686494827 0.908840723335743 0.1425997465848923 1.131225623190403 10.55016880482435 9.284602701663971 569.1029631644487 3.01855906099081 0.3460108041763306 37.15294687449932 19.05248082429171 119.9966517239809 45.96336574852467 21.87480284273624 0.5666791647672653 97.64349342137575 1.667614243924618 8.161237567663193 2.883185662329197 0.2441570237278938 0.9346145614981651 1.042893469333649 1.3800418227911 0.09522704035043716 0.4478737562894821 0.2107750177383423 0.5400689840316772 1.191295117139816 17.54384083300829 3.116395890712738 6.86470253765583 1002.532045155764 33.43720857799053 1.117799282073975 24.10577476024628 24.88055734336376 3.711429491639137 19.56384035199881 140.8442785292864 23.53926379978657 3.721514038741589 165.7445789501071 28.87283799797297 31.54838888347149 136.8680956140161 51.91092601418495 7.625566557049751 81.74555443972349 154.0600220486522 67.13958510756493 80.33444067835808 0.8319252878427505 0.3935162648558617 0 0.5696383565664291 0 0.1339730322360992 0.2818527817726135 0.1074327826499939 0 0 1.631082139909267 0.3152929246425629 0.8880575746297836 0.4115449786186218 0 0.4993779063224792 0.5399797186255455 1.381353385746479 1.293853096663952 3.313027419149876 1.874648109078407 0.2020709961652756 0.373934268951416 0 46.66734281182289 3.54172345250845 29.32314509898424 10.85215428471565 4.137548826634884 0 0.2481189668178558 0 0.2720219492912292 0 0.6975045800209045 0 0.5144084244966507 0.3074222803115845 0 0 0 1.536185905337334 1.197645418345928 0.7217874526977539 0 0 0.4918432086706161 5.752502240240574 2.733235776424408 0.8293432891368866 1.350322566926479 47.16435611993074 0.5827775597572327 0 0.2752725332975388 0 0 0 0.1805973425507545 0.10008455067873 0.1161631792783737 101.5695593729615 0.5046961531043053 0.2328656241297722 0.1063821986317635 0.1997755914926529 50.01107019931078 0.3233953267335892 9.096168249845505 0.8158441036939621 3.514937080442905 1.016374334692955 0.5483445525169373 0.0915769562125206 0 0 0 0 0.1270170956850052 0.1203713789582253 0 0 87.89090725779533 8.862724721431732 16.82036214321852 674.768087528646 14.56832028925419 203.2732527628541 89.92325115203857 71.88954471051693 29.525359980762 1.365453705191612 52.85478096455336 60.55153122544289 1.138723731040955 15.43493740260601 5.52961627393961 92.67617753893137 3.308518633246422 0 0.7900694087147713 17.5508087053895 1.50486034154892 853.1046293154359 185.1295392662287
