155.9149697870016 1142.672418676317 325.8770515844226 2112.593913182616 14.42889279127121 62.26294495165348 189.401284724474 46.76546949148178 2.294156670570374 1200.933668978512 15.77850787341595 463.7655187100172 35.24910261482 5.021384805440903 0.8826377913355827 0.4691561982035637 0 0.1079854369163513 0 0 0 0 0 0 0.3184732347726822 0 0 0 0 0 1313.187508173287 1.029157042503357 5.287546992301941 0.1846659630537033 0.1169465184211731 1.321331381797791 1.726201929152012 0.111884243786335 0.7940589338541031 0.1513730585575104 0 0 0.2993487864732742 0.1332581341266632 0.1022545769810677 0.2924791648983955 6.744135610759258 0.5881602764129639 0.3273487836122513 0 0.1882560104131699 0 0 0 14.3113629296422 23.81901104748249 194.7321231812239 597.855542846024 63.32126983255148 10.01802290976048 0.2248098999261856 0.4898524135351181 0 9.446915991604328 4.308894358575344 0.882074661552906 0.1944154724478722 0 0.3478183001279831 0 8.28966611623764 0 0 224.3838522136211 12.31172923743725 11.84156537801027 1.019159510731697 0.1063532531261444 1.536899887025356 6.811800137162209 0.1188062429428101 1.937262713909149 16.16733957082033 2.331708259880543 2.15120293200016 2.303347945213318 0.2148934155702591 0 0 0 0 0 0.6546811610460281 0 0.3921295702457428 55.45888686180115 16.76759804785252 0 0.2298571020364761 1177.165782853961 0 1.664617538452148 0 8.400470018386841 0 3.256004087626934 1.738381057977676 1.047759771347046 3.830385327339172 5.294127523899078 0 0.1693952977657318 3.110088251531124 0.6837689578533173 1.876228362321854 0 0.1171298697590828 0 0 0 0 0 0 0 0 0 0 0.1037586182355881 0 0 0 0 0 0 0 0 0 0 0 0.3768372535705566 0 0.2101924270391464 0 0 0 0.4587410688400269 0 0 0 0 0 0 0 0 0 0 0 0 0 0 0 0 0.7756693959236145 0.5854666829109192 0 0 2.610285848379135 0 0 0 0 0 0 0 0 0 0.185225710272789 0 0 0 0 1.691296100616455 0 0 0 0 0 0 0 0 0.1368020176887512 0 0 0 0 0 0 0 0.1668228507041931 0 141.0298897773027 9.206500627100468 150.4709269925952 5.23145567625761 772.3720481023192 7.104114517569542 3.971623040735722 1.206610590219498 3.364793121814728 0 0 0 19.32461933791637 0 2.940225496888161 0 0 0 163.4880743175745 8.212370723485947
1142.672418676317 2532.202232919633 2190.644275769591 2139.565054535866 986.1918253898621 101.0308345556259 3470.892225749791 362.896851092577 830.9372047483921 2939.219836726785 1378.575425520539 169.591826595366 444.4661762490869 182.057423427701 61.85447280108929 7.727388024330139 0.5082172453403473 0.4103732034564018 0.1227044090628624 0.3225056231021881 0 0.2286050617694855 0 0.2970770820975304 3.161597304046154 0.2846240773797035 0.2222471237182617 1.289727210998535 0.7693599164485931 0 2866.789840437472 19.88406702131033 30.83761454373598 0.1008226275444031 0.4838356003165245 2.125093355774879 10.94589035958052 1.206176288425922 4.309915065765381 0.844644658267498 1.259373933076859 1.131257221102715 0.9587115496397018 1.449135072529316 0.4057328626513481 0.4212266579270363 141.632828488946 4.569184325635433 0.09593094140291214 0.3896882683038712 0.8095108643174171 0 0.3555830419063568 0.5507225915789604 28.0666693970561 61.28828134387732 129.0934505462646 597.1274640485644 71.22279934585094 65.66427046060562 1.325365118682384 1.588196471333504 0.1830884516239166 151.5249097719789 8.465651467442513 1.674798488616943 0.7498116195201874 0.9885453507304192 0.4448293074965477 0.7240016832947731 36.1433861926198 0.173007532954216 0 431.1286383420229 218.9767144024372 217.5945351868868 50.55106568336487 5.142474465072155 2.189905717968941 34.38092662394047 0.6614357158541679 8.554677285254002 46.78290434926748 4.323032572865486 4.632677011191845 8.505910962820053 1.881204187870026 0.271714560687542 0.6351541578769684 0.1817221641540527 0.750346265733242 0 1.390845254063606 0.1107387691736221 0.8007658272981644 12.99128018319607 8.556921526789665 0 3.403048276901245 694.4421262815595 0.5115311741828918 1.500578105449677 1.865997977554798 9.967951118946075 3.402643382549286 51.18386209756136 4.471064552664757 5.287233620882034 13.59484869986773 39.71422371268272 1.585538029670715 13.03274372965097 35.82720483094454 10.01254024356604 12.38137476146221 0.2092906683683395 0 0 0 0 0 0 0 0 0 0 0 0.1370344460010529 0 0 0 0.09204519540071487 0.3551236763596535 0.1172801181674004 0.1657263934612274 0 0 0 0 10.55850693583488 0.9518352299928665 12.08632210642099 2.371283642947674 1.663185864686966 0 0 0 0 0 0 0 0.4106804132461548 0.4945796355605125 0 0 0 0.3734078854322433 0.2105215638875961 0.1390137523412704 0.1662263572216034 0 0.6744260787963867 0.3196001052856445 1.775534495711327 0.551485538482666 0.4555718600749969 17.57655867189169 0.5150634050369263 0 0.2285948842763901 0 0 0 0 0.4916214644908905 0 6.433521673083305 0.6381758600473404 0.1582087576389313 0 0.7273528575897217 10.95931848138571 0 1.766374170780182 1.379061132669449 0 0 0.1341915428638458 0 0 0 0 0 0 0 0 0 5.133752048015594 2.01024179905653 3.716616630554199 746.1302236989141 21.06484515219927 713.8428632318974 53.31579484045506 671.0489011853933 47.61372555047274 10.85849872976542 20.69566430896521 28.52962253242731 0 4.102488003671169 0.1192127913236618 36.81325165182352 0 0.1470783799886703 0 4.58274108171463 0.5328193306922913 168.9393794313073 19.7480937615037
325.8770515844226 2190.644275769591 1620.598859958351 99.5681974068284 594.7193710207939 24.52434003353119 280.9997169151902 839.277545042336 1298.145103961229 361.3987280353904 1998.960740029812 262.4922932609916 696.0381041765213 482.5578334480524 32.29615428298712 20.36941158771515 0.8812437057495117 0.317614421248436 0 1.109385997056961 2.969950921833515 0.2971805781126022 0.5121201574802399 1.386332705616951 30.40000266581774 5.798503249883652 2.326041772961617 8.965659767389297 1.581560380756855 0.5531286597251892 6779.552340738475 250.867187127471 121.5052483975887 0.3834362030029297 8.582142725586891 22.63042045384645 30.46843735128641 6.921079494059086 5.637202836573124 7.586422473192215 11.25611221790314 7.255840331315994 2.578299008309841 4.565339088439941 0.6574024632573128 1.236853621900082 58.95437898486853 1.466777488589287 0.3580569699406624 3.356568366289139 1.879170663654804 1.00849013030529 0.5848583802580833 2.746336966753006 12.2623627409339 29.36560700088739 83.45476854592562 476.1054855287075 37.82005337625742 26.26004195958376 3.016665697097778 13.89332238584757 0.6478089168667793 297.5752000287175 6.492503173649311 0.7955339029431343 0.49350506067276 3.085785627365112 10.82303159683943 11.30389466136694 36.72212406992912 1.637694090604782 0 200.0507925078273 103.9658993780613 94.29999627172947 33.76143848896027 15.61061733961105 103.8792422488332 544.7079282701015 4.72762356698513 222.1857597306371 19.56066261976957 2.911862671375275 2.996969409286976 3.674115002155304 1.656259581446648 0.08425866067409515 0.6864102408289909 0 0.3492453694343567 1.092521466314793 17.64627683162689 5.009453095495701 2.958984576165676 11.75913592427969 4.173354089260101 0 2.272907145321369 254.7892691791058 0 1.279661238193512 0 0 0.1911374926567078 4.215304091572762 0.747836522758007 1.562731876969337 8.574601709842682 10.88995054364204 1.879640609025955 3.265679717063904 8.958957701921463 3.196027256548405 4.873314000666142 0 0.1119307577610016 0 0 0 0 0 0 0 0 1.154458329081535 0 0.1152861043810844 0 0.08597574383020401 0.7558831423521042 0.1101106852293015 0.208942711353302 0 1.471220970153809 0.339354395866394 0 0 0 4.353054821491241 0.4268799126148224 3.667400516569614 0.9963895082473755 0.9891446605324745 0.419687882065773 0.1249608770012856 0 0 0 0.1297116577625275 0.1397099643945694 0 0 0 0 0 0.2034742757678032 2.239202454686165 0.2565149366855621 0 0 0.2392828911542892 0 0 0 1.020959973335266 6.532733216881752 0 0 0 0 0 0 0 0 0.1242124289274216 3.103860341012478 0.5639349222183228 0.1817051768302917 0 0.2113394737243652 2.363539859652519 0 2.487940937280655 0 0 0.2154146581888199 0 0.526668444275856 0 0 0 0 0 0.666215293109417 0.1195610389113426 0.4267313033342361 3.324414983391762 1.011020883917809 1.899646617472172 244.2945619896054 12.8961791023612 252.989311106503 40.05507464706898 104.4272918254137 11.91869210451841 2.219216845929623 5.140311196446419 7.824420481920242 0.1942621469497681 0.9880576059222221 0.4614448994398117 8.235972598195076 0 0 0 3.340625211596489 0.17800472676754 56.57360025495291 9.263670384883881
2112.593913182616 2139.565054535866 99.5681974068284 1005.832173749804 54.53775515407324 293.125354334712 1087.052032619715 1.19713731855154 0.6127568185329437 2755.884374275804 1.833035305142403 156.4566602557898 38.45494869351387 2.869928926229477 10.41212038695812 0.5063874125480652 0 0 0 0 0 0 0 0 0 0 0 0.1600344181060791 0 0 148.4243995025754 1.478405475616455 0.6037371531128883 0 0 0 1.240836277604103 0 0.349057637155056 0 0 0.1363620460033417 0 0.4547194987535477 0.3568524122238159 0 35.18014311790466 1.134809501469135 0 0 0.1063293367624283 0 0 0 15.06115680187941 35.85477440059185 106.6050741150975 349.7905388772488 59.48009692877531 21.39504692703485 0 0 0 27.4572376459837 4.042275063693523 0.8693098425865173 0.5127109363675117 0.118464894592762 0.1163326874375343 0.3222054988145828 2.345021963119507 0 0 269.51061424613 60.58163492381573 40.69348892569542 8.803726740181446 0.2774964421987534 0 0 0 0 25.04109401255846 3.204057551920414 1.840811468660831 3.818098492920399 0.09883406758308411 0.1822359412908554 0.3206389024853706 0 0.08926917612552643 0 0 0 0 8.649557113647461 0.6609061807394028 0 1.113065078854561 789.1419784575701 1.004814349114895 13.49251553416252 4.803354829549789 51.93525591492653 0.8410417437553406 19.49218353629112 49.59781843423843 2.616318434476852 41.20080925524235 53.12888525426388 0.7665606737136841 4.16597980260849 14.29853354394436 3.116719596087933 3.560750976204872 0 0 0 0 0 0 0 0 0 0 0 0 0 0 0 0 0 0 0 0.4662342667579651 0 0 0 0 1.846640795469284 0 0.782572403550148 0 0.1535362601280212 0 0 0 0 0 0 0 0 0 0 0 0 0.5338892042636871 0 0.1575837582349777 0 0 0.4752448797225952 1.102392226457596 0.4680067002773285 0 0 1.541164994239807 0.4539508521556854 0 0 0 0 0 0 0 0 1.533527165651321 0 0 0 0 3.590908229351044 0 1.675660312175751 0.1141239702701569 0 0 0 0 0 0 0 0 0 0 0 0 1.241400107741356 0.1961512416601181 0 204.1376619189978 9.711721003055573 297.2632780373096 11.27587246894836 892.1027431488037 15.53970650583506 5.061690017580986 2.098233237862587 17.89780978858471 0 0.154060959815979 0 27.46978078782558 0.7246679067611694 0.1221770346164703 0 0.3454401195049286 0 199.7537819966674 7.59390726685524
14.42889279127121 986.1918253898621 594.7193710207939 54.53775515407324 3360.029732726514 1.361412465572357 2325.190972805023 186.2148486375809 5738.809068486094 1520.924964889884 1723.056555740535 206.5223114788532 1317.323346339166 609.8437475636601 49.62354235351086 7.11593908816576 0.1593902558088303 0 0 0.09630261361598969 0 0.2327960282564163 0 0 0.3995044752955437 0.656063973903656 0 0.1510897725820541 0.2097332179546356 0.2028040885925293 148.3439886793494 18.18160323053598 8.062349960207939 0.2914909422397614 0 0.6521379351615906 4.213010199368 0.1236711144447327 1.853220298886299 0 0.2775052785873413 0 0 1.282640434801579 0.1811467036604881 0 78.92036399245262 1.373538367450237 0 0.2088395208120346 0 0 0 0.1019107922911644 6.755338452756405 11.4011782631278 19.9573261141777 104.4130363985896 14.33016769587994 32.32172400504351 0.3858970105648041 1.710702635347843 0.4166465103626251 72.11151698231697 1.943051800131798 0.9643170684576035 0.08058875799179077 0.2721814662218094 0 0.3449143022298813 34.25886591523886 0 0 98.06870438158512 117.8196065872908 144.2665884494781 43.70643135905266 6.306043684482574 1.991804122924805 2.653370596468449 0.3762681856751442 2.322063334286213 12.04851640015841 1.371111266314983 1.535401292145252 2.477205127477646 0 0.08491770178079605 0.4494119063019753 0 0.07664397358894348 0.1136332526803017 0 0 0 26.00910978019238 6.425747238099575 0 3.802954249083996 12.41334213316441 0.1022505164146423 2.574773460626602 0.9414232522249222 4.41929104924202 3.689494848251343 17.91476661711931 2.504036016762257 8.44410752505064 18.58541972190142 36.64538750052452 2.022833630442619 11.30089519172907 43.54060547798872 13.55105569213629 18.49461218714714 0.4296995103359222 0 0 0 0 0 0 0 0 0 0 0 0.5301641225814819 0 0.4082822501659393 0 0 0 0.1934706419706345 0.3344652056694031 1.290045440196991 0 0 0 10.33638436347246 0.9152992814779282 11.48936093598604 4.677157431840897 1.019751779735088 0 0 0 0 0.421363577246666 0 0 0 0 0 0 0 0.16814024746418 0.1442824751138687 0 0 0 0.8180204331874847 0.6311771273612976 0 0.5600446462631226 0.5925272107124329 18.51130397617817 1.904371291399002 0 0 0 0 0 0 0 0 12.32329466938972 0.1365551352500916 0 0 0 11.26171590387821 0 8.495566800236702 0.1504224836826324 0.9182721376419067 0.8276487365365028 0.09119505435228348 0 0.8986070156097412 0 0 0.09830866754055023 0 0 0 0 8.761601813137531 2.214202463626862 3.569494917988777 384.5466202497482 7.364019215106964 239.0429385975003 35.57383740693331 29.98503179103136 24.83408374339342 1.233150012791157 12.92459984123707 16.12226863950491 0.2443054616451263 1.896260723471642 0.1171253621578217 22.3675921112299 1.623888850212097 0 0 2.477217361330986 0 58.06937589496374 26.19749304652214
62.26294495165348 101.0308345556259 24.52434003353119 293.125354334712 1.361412465572357 1.603154838085175 16.29072816669941 0.9826121479272842 2.272572606801987 263.0418063849211 0.8971685469150543 237.1192921102047 30.10651807487011 1.142992526292801 0 0 0 0 0 0 0 0 0 0 0 0 0 0 0.1758483201265335 0 24.82719305157661 0 11.7180135846138 0 0 0 11.76751773804426 0.9800439924001694 4.68268720805645 0 0 0 0 0 0 0 0.3277015686035156 0 0 0.105089507997036 0.2920454144477844 4.278674155473709 0.7485919445753098 0.4116347134113312 0.1158159375190735 0.2535312175750732 107.5514178052545 19.44362904131413 8.234294936060905 0.2158482819795609 0 1.420012950897217 0.2979479134082794 0 0 0 0 0 0 0 80.68206161260605 123.6844788491726 9.724221728742123 4.484746642410755 0.3946180790662766 0.3462131321430206 0 0.8480495065450668 0 0.4515944421291351 0 0.5184856653213501 0.1496846377849579 2.13034650683403 0 0.2781698256731033 0 6.489756733179092 3.349415063858032 6.361775562167168 1.768588937819004 4.855563327670097 0 0.11380485445261 4.582363054156303 263.8589455485344 389.465199097991 8.430606931447983 24.21192227303982 441.3753543272614 0 2.74080316722393 0.1842276901006699 3.879614293575287 0 4.697900354862213 2.526132494211197 1.415995106101036 6.239280171692371 10.94424916058779 0 1.465564161539078 11.00182131677866 3.563955381512642 1.896567516028881 0 0 0 0 0 0 0 0 0 0 0 0 0 0 0 0 0.1354831159114838 0 0.2583210468292236 0 0 0.1633078008890152 0 0.1642053425312042 1.394045829772949 0 1.50402458012104 0 0 0 0 0 0 0 0 0 0 0 0 0 0 1.079667523503304 0 0 0 0 0.1882951110601425 0 0.1481068879365921 0 0 0.4733394384384155 0 0 0 0 0 0 0 0 0 1.637206360697746 2.444197475910187 0 0 0 0.2678963243961334 0 0 0 0 0.1004741191864014 0.2258480936288834 0 0 0 0 0 0 0.1925471872091293 0 0.2359436899423599 2.421621233224869 0.8678287714719772 2.531087189912796 41.52660219371319 0.1545252650976181 2.071223303675652 1.008198618888855 393.4499351680279 0.7323700562119484 0 0 12.98941761255264 0 0.480559766292572 0 21.40623115003109 0 0 0 0 0 84.29477645456791 11.34943038970232
189.401284724474 3470.892225749791 280.9997169151902 1087.052032619715 2325.190972805023 16.29072816669941 1456.49307487905 144.642280548811 2603.520855814219 3766.886252947152 439.1388405263424 208.7163781374693 5299.869016520679 1457.828109949827 66.71535189449787 12.97686833888292 0.7570949792861938 0.1860399916768074 0.1028444468975067 0.08461878448724747 0.4399590641260147 0 0 0.1193402260541916 1.300281830132008 0.3302478119730949 0.3574979081749916 1.16707194596529 0.4905952364206314 0.1348476856946945 159.9336993992329 15.28765541315079 18.36796854436398 0.1074107959866524 1.153977744281292 1.110499329864979 29.397257193923 0.7274316027760506 1.832282058894634 0.5094074606895447 0.2266221791505814 0.2475147247314453 0.1063992083072662 3.094682849943638 0.5422852784395218 0.6432402357459068 141.5068118497729 1.895030178129673 0.2570759728550911 0.8595903292298317 0.3551403060555458 0 0.2071236073970795 0.1081410869956017 12.4565856680274 28.5648835003376 40.13943177461624 201.2758391425014 27.71644031256437 47.60238720476627 0.3371200263500214 1.293459102511406 0 89.82363670319319 3.304523408412933 0.9591983109712601 0.6891353726387024 0.09119489789009094 0.5055981948971748 0.5216510966420174 71.28439904004335 2.647071585059166 0 185.9114023596048 169.1134398803115 192.4206758067012 57.05702155828476 9.948314271867275 4.87860144674778 4.026791036128998 1.291788533329964 2.823376029729843 22.14109306037426 1.652008339762688 3.939418144524097 3.918054983019829 1.28626611083746 0 0.431476391851902 0 0.1177669242024422 0.1107364669442177 0.9989407584071159 0.674642339348793 0 69.69228333234787 13.75030693411827 0 6.097032025456429 57.05356016755104 1.826951704919338 4.910530358552933 25.02439677715302 22.7684089243412 6.148120507597923 58.49603275209665 14.58977700769901 21.82471342384815 66.33583188802004 111.3968813195825 4.770270675420761 32.49653959274292 130.1956059783697 37.95499901473522 47.81299514323473 0.1556064039468765 0.3601768240332603 0 0.106709361076355 0 0 0 0 0 0 0.1109098196029663 0 0 0 0 0 0.1159084588289261 0.6996659636497498 0.5652481317520142 2.76155811548233 0.9500345587730408 0 0.9544410705566406 0 33.73198278993368 8.498123526573181 26.31922776252031 5.149074427783489 6.718366548418999 0 0 0.5132853612303734 0 0.8196092993021011 0.6058071479201317 0 0.4679894596338272 0.3214434087276459 0 0 0 0.7193191349506378 0 0.3039872050285339 0.5836526304483414 0 2.178166173398495 4.601146325469017 2.50749696791172 0.9946356564760208 4.370091080665588 43.99111980944872 1.883433222770691 0 0.3145222216844559 0 0 0 0 0 0 24.06742510944605 0 0 0 0 25.93647192418575 0 11.88354921340942 3.053581014275551 1.82606603205204 0.1608455926179886 0.6411132514476776 0.1816931962966919 0 0 0.1263012439012527 0 0 0 0 0.1412494033575058 24.98943155258894 4.239011734724045 6.604977294802666 798.8454225808382 13.58322723954916 476.8640285953879 63.86027704924345 162.218908034265 46.71087358146906 7.313302911818027 26.54169143736362 30.6003450602293 0 7.808625973761082 3.004063636064529 49.88395500183105 0 0.3341296762228012 0.3174050450325012 2.114294126629829 0.8079501390457153 220.7165088877082 75.62074170261621
46.76546949148178 362.896851092577 839.277545042336 1.19713731855154 186.2148486375809 0.9826121479272842 144.642280548811 662.015028886497 367.1589904725552 106.6532410159707 3510.779788300395 335.3584337756038 1463.859970100224 2661.972338341177 69.46501865983009 43.13509403914213 1.888270668685436 1.047825157642365 0.2885807901620865 4.473848760128021 19.97866868972778 0.4687638878822327 1.559934459626675 1.902822755277157 94.37784590572119 11.51834055781364 6.744915172457695 20.17045500874519 4.195847004652023 1.293106362223625 1855.973524801433 994.1197739318013 458.2780803516507 3.514945238828659 23.87124823778868 77.89205349981785 100.275489628315 23.0979154035449 16.67556399106979 18.69239606708288 32.13535372912884 14.61642902344465 10.54058741778135 8.838777683675289 1.568270422518253 2.441838108003139 133.8133365884423 1.697268143296242 3.682197548449039 12.54166129231453 5.079829208552837 3.14201158285141 0.4716958999633789 8.190073803067207 6.990366816520691 11.43309845030308 39.09402622282505 251.8665051013231 16.04555928707123 37.13835399597883 43.49641913920641 95.25966507941484 1.184407718479633 431.6801361963153 1.434176683425903 1.084732472896576 0.6373410522937775 7.466975055634975 28.20755865424871 48.16455407440662 83.40633880347013 4.48404960334301 0.3059930205345154 118.0564021617174 147.1323465034366 178.050519824028 130.1544946283102 54.58985973149538 908.2934034317732 2266.767795391381 103.6433839797974 1181.595963820815 9.770154550671577 1.030318550765514 1.163916423916817 2.277951531112194 5.063297465443611 0 0.6868258193135262 0.7489444091916084 1.538530096411705 1.725629165768623 55.8457243219018 14.40498357266188 19.71825743466616 18.94579788297415 5.997693218290806 0 10.34582950919867 58.21302830427885 0 0.2638534232974052 0 0 0 2.052566222846508 0.6753164529800415 0.6391826719045639 1.611094564199448 2.129901722073555 0.763057067990303 1.806781262159348 3.490035310387611 2.669477887451649 5.226386271417141 0.4096444696187973 0.5640454366803169 0.1515702456235886 0.3115349411964417 0 0.4932076334953308 0 0.9584039449691772 0 0 3.050301782786846 0.612512394785881 0 0 0.4937032237648964 2.979733303189278 0.8108622953295708 0.6445569694042206 0.9536985009908676 0.104139506816864 0.1589038521051407 0 0.2503520771861076 0 2.865036949515343 0.4985857456922531 3.219188846647739 2.292284078896046 1.900264769792557 4.490103513002396 1.028245605528355 0 0 0.3927771374583244 0 0.1913726180791855 0 0 0.1238561123609543 0 0.3810135424137115 1.786587566137314 5.604630596935749 0 0 0 0.2289772629737854 0 0 0.3432262688875198 0.173702597618103 4.857753045856953 0 0 0 0.1628358513116837 0.08913462609052658 0.189555287361145 0.3100256323814392 0 0.4335185587406158 2.96125502884388 0.7855498045682907 0.7897320538759232 0.1333042830228806 1.867911078035831 2.772136226296425 0 0.5408270284533501 0.2537485361099243 0 0.2291240319609642 0 0.08658310025930405 0.09258998185396194 0.2052950859069824 0 0.1217457801103592 0.2941742688417435 0.3932882845401764 0 0.8127622082829475 1.311298154294491 1.767144791781902 4.508970662951469 570.4680047258735 14.69323872774839 355.9961833134294 97.55114433169365 35.63030705600977 31.88475614786148 0.8134222999215126 21.48724225908518 3.97742722928524 0.390727773308754 1.894433349370956 0 3.176521897315979 0 0.1196091771125793 0 8.880004554986954 0 20.36749214679003 5.092174597084522
2.294156670570374 830.9372047483921 1298.145103961229 0.6127568185329437 5738.809068486094 2.272572606801987 2603.520855814219 367.1589904725552 666.9961840808392 308.5686853975058 2117.345966622233 254.2854428738356 4185.793173015118 1616.132789105177 8.163963407278061 3.550169385969639 0.3072373867034912 0 0 0 0 0 0 0.1619144380092621 0.4433120042085648 0.4628114849328995 0.1151453107595444 0 0 0 12.85750216990709 1.803401991724968 51.24675201624632 0.2767322435975075 0.1206108555197716 0.1233239769935608 22.75508125126362 0.1541972160339355 0 0.236858919262886 0.1202144920825958 0.3731276094913483 0.1257663518190384 0.9202948287129402 0.1503618359565735 0 12.03434026241302 0.09882614761590958 0.09746336936950684 0 0 0 0 0 0.2133205160498619 0.4118429198861122 0.5761566385626793 4.444662444293499 0.3319588154554367 4.045726887881756 0.1072022989392281 0.264591708779335 0 2.679943583905697 0 0 0 0.1085697710514069 0.14522784948349 0 23.10306569933891 0.1090178638696671 0 5.341611750423908 8.416628666222095 18.13573021441698 6.036910459399223 3.963587060570717 0.6090991199016571 5.85417665541172 0.08975200355052948 0.5897248834371567 0.8118092864751816 0.09034981578588486 0.1930126398801804 0.09164288640022278 0 0 0 0 0.4397844076156616 0 0.1201627850532532 0 0 18.14224827289581 2.263779297471046 0 0.4428290724754333 0.664235845208168 0 0.774742603302002 0.5832206308841705 0.3224565535783768 2.165283650159836 10.62810103595257 2.989650495350361 4.115891188383102 13.20175182819366 22.30596876144409 1.462764501571655 9.789725668728352 28.47056528925896 8.556391090154648 11.09873431921005 0 0 0 0 0 0 0 0 0 0 0 0 0 0 0.09799432009458542 0 0 0 0 0.1617841869592667 0.7247748374938965 0 0 0 5.568432301282883 0 3.326706141233444 1.458558358252048 0.3870104849338531 0 0 0 0 0.09437020123004913 0 0 0 0 0 0 0 0 0.2252507358789444 0.08805679529905319 0 0 0.4131563901901245 0.1038554608821869 0.5039920657873154 0 1.442772269248962 9.737568795681 0 0 0 0 0 0 0 0 0.2030604630708694 6.702408812940121 0.2188877910375595 0 0 0 4.962350770831108 0 2.801610797643661 0.9410227835178375 0.6252953410148621 0.1065543964505196 0 0 0 0 0 0 0 0 0 0 5.160375908017159 0.5424924939870834 0.8885594457387924 91.95087470114231 0.3293627128005028 32.40349432080984 10.00504893809557 2.419677808880806 1.727356910705566 0.1379993557929993 3.660441391170025 5.798995152115822 0 1.108515813946724 0 10.04483190178871 0 0 0.9615340232849121 0.8784307688474655 0 68.37973587960005 21.61446901410818
1200.933668978512 2939.219836726785 361.3987280353904 2755.884374275804 1520.924964889884 263.0418063849211 3766.886252947152 106.6532410159707 308.5686853975058 2133.362950772047 463.3258584663272 2906.963019654155 6603.63431904465 215.7599405944347 48.96778827160597 12.65131770819426 0.2721197903156281 0 0.1202930808067322 0 0.1341105997562408 0 0 0 1.025700457394123 0 0.3412092626094818 0.3090098053216934 0 0.1911507397890091 75.10815814137459 7.907865405082703 38.98048284649849 0.7657219767570496 0.2962734997272491 0.1205552071332932 34.52700591087341 1.346161782741547 3.119272410869598 1.274837821722031 0.1167910993099213 0 0 3.663589380681515 0.2686822861433029 0.1365644484758377 92.29397294670343 1.660851337015629 0 0.2907499074935913 0.1908320933580399 0 0 0.3279393911361694 14.6085864380002 25.51834630966187 65.54459777474403 201.8084684237838 39.44523760676384 32.11155570298433 0.2631276920437813 0.9008809179067612 0 44.56242703646421 3.271916016936302 0.5879322811961174 0.181886188685894 0.09811246395111084 0.289686530828476 0 260.1973922774196 3.952546164393425 0.1361479759216309 190.7383927181363 97.0376724973321 128.9082229807973 39.68483297526836 9.421172343194485 1.382925726473331 2.052942663431168 1.352299928665161 2.392383418977261 18.10077983140945 1.755326509475708 2.570960812270641 2.458235330879688 1.029459558427334 0 3.094922967255116 0 0.09504794329404831 0 0.5256230682134628 0 0 363.0035233646631 83.28248097002506 0 15.21004953980446 537.8221157863736 2.220955535769463 46.93385553359985 15.82075112313032 53.203040137887 22.97324331104755 206.3768475055695 50.39969041198492 74.60781736671925 214.2939202859998 420.0719028413296 19.70964003354311 130.9741957113147 454.8174843490124 116.2157298773527 130.6448333933949 1.445668764412403 4.023244105279446 0 0 0 0 0 0 0 0 0 0 0.7774534821510315 0.3458191752433777 0.6013491749763489 0 0 0.6332452893257141 1.874610275030136 4.657836921513081 4.576404809951782 0 1.239186502993107 0 87.54725977033377 5.98645706474781 56.78434373438358 16.7222463041544 11.01567350327969 0.2401012629270554 1.087710946798325 0 0 1.373512327671051 2.044039934873581 0 0.1132225841283798 1.088859498500824 0 0 0 0.9339538812637329 0.4810943007469177 1.66140142083168 1.128169015049934 0 5.050949603319168 4.811495766043663 13.85708838701248 1.628221169114113 6.86934994161129 123.0643083900213 3.032188445329666 0 0.7672581225633621 0 0 0 0 0.3425306156277657 0.3433807194232941 81.21792598813772 0.9736875146627426 0 0 0 77.39710164815187 0.1876630634069443 33.32968816161156 2.444699451327324 6.748229205608368 0.243573933839798 2.441853523254395 4.485967457294464 1.570669174194336 0.6239250898361206 0 0 0.1901983767747879 0 0.2764686048030853 0 64.30649399012327 9.444433808326721 19.99937956035137 1263.955709911883 14.48810754716396 429.3133002072573 65.98405759036541 1083.686604976654 41.26180704683065 5.390548259019852 26.86576949805021 236.2327028289437 0.1270537376403809 23.2747016698122 4.919768169522285 371.2244502231479 3.862152278423309 3.380737543106079 0.5471882075071335 3.547069877386093 0.2313469499349594 1956.785592384636 350.3680358454585
15.77850787341595 1378.575425520539 1998.960740029812 1.833035305142403 1723.056555740535 0.8971685469150543 439.1388405263424 3510.779788300395 2117.345966622233 463.3258584663272 1709.117221169174 546.4510803297162 2769.387772545218 2553.065007984638 26.29507133364677 31.10180538147688 1.814465180039406 0.3913244009017944 0 0.5939948856830597 2.262744337320328 1.699487298727036 0.257859468460083 2.431792706251144 82.90657931566238 12.3670075237751 9.080543383955956 23.88990362733603 9.689811803400517 4.02384777367115 235.2549622133374 103.8875229656696 1732.820371255279 1.323388427495956 9.050474226474762 41.84616107493639 351.5860313400626 35.78451786190271 53.80963449925184 24.65238136798143 17.38037653267384 25.01634923368692 2.847026705741882 5.33805787563324 1.184634678065777 1.982751779258251 50.19853113591671 0.6427955329418182 2.313899554312229 3.566708728671074 1.384094439446926 7.79841510951519 2.173576198518276 12.40523152053356 0.7758305966854095 1.795074470341206 4.728774316608906 22.05940188467503 1.602434761822224 10.60654975473881 3.068665526807308 83.53154923766851 1.451119109988213 17.03886079788208 0.3662985116243362 0.3085747957229614 0.3327594846487045 1.558008760213852 7.015339896082878 7.502570390701294 282.1342927217484 3.896111704409122 0.8506475836038589 18.69448081403971 26.04943026602268 62.33726871758699 26.9389088973403 22.28169242292643 63.51642790436745 730.2092877104878 3.594624198973179 301.8955059200525 2.159793496131897 0.09222263097763062 0.314033031463623 0.2830606773495674 2.14448644220829 0 0.2754151970148087 0.646756187081337 1.170170046389103 1.68371657282114 14.08340208977461 12.86984288692474 24.10362082719803 58.11939556896687 11.12106002122164 0 32.6512103676796 5.968029722571373 0 1.115504816174507 1.288321822881699 0.7367542386054993 2.043810904026031 5.232613489031792 1.213154435157776 6.241609685122967 6.55684719234705 12.69532281905413 2.362906664609909 7.163734301924706 17.31509225070477 6.64459989964962 10.71487883478403 0.4468381553888321 0.173865906894207 0 0.869182400405407 0 0 0.1472313553094864 0 0.3077691271901131 0 2.946295037865639 0.11612768471241 0.9531999751925468 0.1220070272684097 0.2138906791806221 3.373421564698219 1.134642444550991 2.534182749688625 1.282991759479046 0.2306371927261353 0.4114494621753693 0 0 0.1057440936565399 12.03884973376989 1.998041465878487 7.616100966930389 4.847392983734608 2.592821314930916 0.6893522292375565 0.6971550732851028 0.1529926061630249 0 0.1037466302514076 1.064640790224075 2.083333313465118 0 0.08772467821836472 0 0.1222899258136749 0.4569446742534637 3.548958010971546 7.035264782607555 0.3799551725387573 0 0 0.1637592166662216 0.6256086155772209 0 0.3152513951063156 1.163074761629105 13.13934428244829 1.331422507762909 0 0 0 0 0.1085352674126625 0 0 0.1406684964895248 6.694281592965126 2.897468090057373 0.6412553489208221 0 1.158061124384403 5.277993991971016 0.1806291490793228 2.713972821831703 0.6618436574935913 0 0.771206296980381 0 0.3139222711324692 0 0 0 0.1793268173933029 0 0.1396351158618927 0.2612326890230179 0.2603307142853737 9.326751232147217 2.851195454597473 5.251617833971977 267.4124691933393 7.796524487435818 127.6445121243596 49.62254735082388 14.81747724115849 9.744751684367657 0.542804554104805 6.503926411271095 9.376383513212204 0.4877788871526718 3.471108116209507 0.1371471881866455 12.03774605691433 0.5927707552909851 0 0 3.546000435948372 0 43.78007967025042 15.83688601106405
463.7655187100172 169.591826595366 262.4922932609916 156.4566602557898 206.5223114788532 237.1192921102047 208.7163781374693 335.3584337756038 254.2854428738356 2906.963019654155 546.4510803297162 209.2806221321225 1093.615303657949 121.6213573738933 32.06613830476999 30.75890529900789 0.5140066593885422 0.1147075966000557 0.246487058699131 0.2254275977611542 0.7998231500387192 2.54683355987072 0 0.2929720133543015 11.41998762637377 1.194685831665993 0.4596356600522995 5.016118139028549 4.98925069719553 0.6375713869929314 32.82912512123585 4.679652377963066 89.09792345017195 1.202186971902847 0.8677348271012306 4.646170869469643 474.7876720353961 5.467716567218304 12.24779981374741 3.709003783762455 3.453320600092411 8.020144619047642 2.273386098444462 6.681059531867504 0.5257561206817627 1.419439069926739 34.67914409935474 0.1231636106967926 0.1805288344621658 1.378685340285301 0.9648427069187164 4.182231873273849 7.699984729290009 5.113120369613171 0.6651394963264465 0.544652909040451 5.971089921891689 5.6827602237463 1.530963264405727 5.380548737943172 2.567639395594597 2.00314724445343 1.970105960965157 5.525134839117527 0.07445194572210312 0.104195348918438 0.1023517996072769 0.7710860446095467 2.471935734152794 2.014591723680496 522.5179639011621 5.135721661150455 0.3977436423301697 9.309004105627537 10.29486954212189 41.80931423604488 16.48128370195627 19.11361044645309 0.4156175330281258 20.15530660003424 4.637555211782455 3.574731752276421 1.076866544783115 0.1519603878259659 0.1875913441181183 0.3901705592870712 1.078234314918518 0.4346299916505814 0.2404302209615707 1.545258849859238 0.7768810912966728 1.046024769544601 4.360853716731071 5.237489618360996 7.104809120297432 913.8814588114619 37.74969308823347 2.45648404955864 78.86212560534477 109.4866012409329 2.340298123657703 15.74406172335148 10.68943715840578 17.19303101301193 16.04826690256596 115.0079924240708 34.35555978119373 50.18142096698284 136.9821934998035 259.2920532152057 14.30056990683079 97.93792808055878 378.50757150352 103.7381769195199 116.3265809193254 1.534222923219204 1.066483423113823 0 0.5580503642559052 0 0 0 0.2983995079994202 0 0 1.213360905647278 0.7824068740010262 1.348226919770241 0 0 0.719415158033371 0.6399799585342407 0.3571254462003708 0.5372989028692245 3.576882719993591 2.288518384099007 0.1016171053051949 2.200259484350681 0 74.63518458604813 6.982417359948158 47.8129191249609 13.03297690302134 4.647327944636345 0.7064158618450165 0.3793210536241531 0 0.1338540762662888 1.420570820569992 1.434031642973423 0.4296535849571228 0.3791026175022125 0.9705488905310631 0 0 0.2680500447750092 2.720321327447891 0.4147248566150665 1.482468545436859 1.234724819660187 0 4.841773092746735 6.338425077497959 5.414389528334141 1.09171424806118 3.765183351933956 69.1165667027235 3.052963338792324 0 0.7679052948951721 0 0 0 0 0 0.429094061255455 74.95254138112068 3.107720755040646 0 0.1069793254137039 0.5742311924695969 56.9757040143013 0.2392537444829941 22.67298343777657 6.530610598623753 4.318381860852242 2.164681315422058 3.099004238843918 0.6878566294908524 0 0 0 0 0 0 0 0.113646924495697 73.93904637545347 10.22231943905354 17.35640621185303 366.0720250159502 7.012130439281464 84.03692689538002 39.06955473124981 275.2605004757643 7.576876103878021 5.693124897778034 6.084373652935028 64.86600348353386 0.4677283763885498 16.0016061887145 2.210531435906887 129.5813630744815 2.12783470749855 0 1.287905484437943 2.358275592327118 0.489971399307251 1732.007271237671 322.2710789963603
35.24910261482 444.4661762490869 696.0381041765213 38.45494869351387 1317.323346339166 30.10651807487011 5299.869016520679 1463.859970100224 4185.793173015118 6603.63431904465 2769.387772545218 1093.615303657949 2219.20968747139 3172.450664371252 74.89361845701933 62.17213658988476 1.457883447408676 0.1130556538701057 0.1123116910457611 1.063566602766514 1.068134151399136 2.387238934636116 0.3831928297877312 1.478184163570404 32.42918784916401 3.835434146225452 3.208928383886814 12.01855210959911 4.313242241740227 2.524538643658161 90.67838111519814 8.760999582707882 283.1322577819228 1.059851452708244 4.188780389726162 13.15275775641203 241.8392617627978 30.92156977951527 23.06658121198416 9.535054676234722 9.490106530487537 12.2010917365551 1.851648025214672 14.19197051972151 0.6478640735149384 1.992972545325756 86.92978915572166 1.082188211381435 0.9729569479823112 3.39320545643568 1.279879368841648 3.178873278200626 3.688653603196144 6.205636531114578 1.030128493905067 2.015460602939129 4.194526821374893 13.31226963549852 4.372448310256004 19.81808345019817 1.232185959815979 8.866067446768284 0.8285593464970589 15.93423163890839 0.6647180467844009 0.1216438189148903 0.1633355319499969 1.951556347310543 6.062262296676636 3.64340590685606 464.6552004292607 3.021794550120831 0.3443633317947388 26.24390218406916 35.99165045469999 118.3899063318968 54.36717368662357 39.89841779321432 3.109485350549221 98.6263911947608 3.638563118875027 22.39954153448343 2.621204160153866 0.2729979828000069 0.6872208714485168 0.4948716163635254 1.318688482046127 0 0 0.4271971881389618 0.9844616502523422 0.5786924213171005 8.902358211576939 8.635075315833092 12.93409359455109 524.2834764197469 31.7772574275732 0.4888100624084473 27.91922551393509 15.61211544275284 0.7414200305938721 9.841725528240204 12.12692505866289 19.36582177877426 16.49330269545317 92.20706001669168 26.52909437566996 45.82022903114557 168.9415507316589 218.6667585298419 11.98477430641651 88.10545679926872 328.2953076064587 101.2553818672895 121.431320592761 1.61217287927866 0.4941935613751411 0.1298287957906723 0.2141337990760803 0 0 0.1362240314483643 0.5082264691591263 0 0 1.470700763165951 0 0.4053725749254227 0 1.38915091753006 0.9552818760275841 0.8139959871768951 2.013292513787746 0.5537695735692978 1.595699414610863 3.986986547708511 0 0.2064896449446678 0.2845560908317566 82.08655652403831 6.861408017575741 47.70740959793329 14.45110449939966 7.629761822521687 0.9057705104351044 0.6212017387151718 0.106088750064373 0 0.5888787880539894 1.257221095263958 0 0.6330083832144737 0.1126025915145874 0 0.1241211071610451 0.2589623779058456 3.01712117344141 2.113147653639317 0.6219576746225357 0.8823925107717514 0 6.154870726168156 6.245024167001247 4.027569949626923 0.08380201458930969 5.045694127678871 88.56594183295965 2.891114890575409 0 0.5896991193294525 0.1012623533606529 0 0.233459010720253 0 0 0.8156479597091675 79.59229630976915 2.353408738970757 1.234129682183266 0 0.7635850682854652 60.88337440043688 0.1337918788194656 27.92776921391487 5.796549774706364 2.607476778328419 2.937189966440201 0.9956740364432335 0.845182977616787 0 0.412210613489151 0 0 0.1424078047275543 0.1132824048399925 0.3216817229986191 0.3114102333784103 67.03155805915594 13.77511208504438 20.39607155323029 696.9903310164809 16.10690832138062 219.6758263558149 73.19791357219219 60.33984420448542 19.58585780858994 4.70990077406168 14.30110283195972 48.10435408353806 0.6388107463717461 11.17961048334837 3.791862227022648 91.61534432321787 2.879215970635414 1.306427486240864 0.5223031640052795 5.608606740832329 0.7207679748535156 649.7047942206264 233.2503139451146
