352.6218192204833 3869.872520551085 226.8356840834022 2352.625356018543 25.2022225484252 200.8608960211277 876.4068319946527 165.6492041572928 43.21685317158699 1386.227972522378 196.794550023973 112.5610271543264 213.1093037500978 256.5632789582014 0.1333300024271011 0.6013358682394028 0.201574794948101 0 0 0 0 0 0 0 0 0 0 0 0 0 146.2075774222612 1.033214271068573 3.034490823745728 0 0 0.1127568483352661 2.580295130610466 0.1243184581398964 0.4272474348545074 0 0 0.1253369152545929 0.2167361974716187 0.1009066924452782 0 0 21.86624732613564 3.080392248928547 0.1160748824477196 0 0 0 0 0.1174342036247253 13.12240570783615 8.010177925229073 142.6347064375877 267.173604734242 72.09145430475473 12.23847207427025 0.1355756819248199 0.5135705918073654 0 7.798330411314964 8.02763407677412 1.581126376986504 0.2057205513119698 0.1147880032658577 0.0798279196023941 0 3.909157916903496 1.121500492095947 0 32.55639299750328 10.38908435404301 2.376185394823551 0.5004715695977211 0 0 4.192780330777168 0.2145834416151047 1.2106738910079 13.99504361301661 0.6975330486893654 3.671582795679569 2.700901307165623 0.3050865083932877 0.0865311399102211 0.5239102691411972 0.1017018407583237 0 0 0.1987709477543831 0.2804513797163963 0 17.27764839679003 2.697861716151237 0.1997217237949371 1.40926206111908 604.3071185424924 0.9162279963493347 3.719913452863693 0.8421531915664673 0 0 0 9.926085919141769 0 2.949894160032272 10.17798183858395 0.9400985538959503 3.736445799469948 18.32125313580036 9.070383109152317 3.867615431547165 0 0.5096971392631531 0 0 0 0 0 0 0 0 0 0 0 0 0 0 0 0 0 0 0 0 0 0 2.273549869656563 0 0 0 0 0 0 0 0 0 0 0 0 0.7857161462306976 0 0 0 0 0 0 0 0.2181886732578278 0 0.2182727456092834 2.063890337944031 0 0 1.267677336931229 0 0 0 0 0 0 0 0 0 2.717408515512943 0 0 0 0 0.4542362093925476 0 0.3965203464031219 0 0.4651324152946472 0 0 0 0 0 0 0 0 0 0 0 2.653137058019638 0.1084773242473602 0.3062599450349808 173.1916441842914 1.75575041025877 61.5274106413126 6.095085144042969 737.2237558290362 27.67963753640652 1.78676576167345 3.426107041537762 12.03444501757622 0 0 0 26.41768975555897 0 0 0.8943647146224976 0.3969348967075348 0 412.287430755794 5.06452476978302
3869.872520551085 4962.89103589952 1116.526060894132 1172.174645721912 1169.847710184753 138.3676987215877 3999.21548781544 382.4425664022565 2013.43842600286 1497.049075998366 1726.094881467521 119.3501545712352 997.6976733580232 2417.766817465425 3.570590727031231 1.96620587259531 0.35739815980196 0.5315388441085815 0 0.09304988384246826 0 0 0 0 0.09718252718448639 0 0.1092692315578461 0 0 0 1389.247791714966 16.61531393975019 8.070533186197281 0 0.09346933662891388 0.1138165071606636 4.868607714772224 1.08983176201582 0.9990968555212021 0 0.405961737036705 0.1323982924222946 0.8881156742572784 1.610037907958031 0.3160679489374161 0.5933218002319336 108.3740560561419 16.14177318662405 0.7808844149112701 0.7239831611514091 0.3085838928818703 0.1057805866003036 0 0.5304598808288574 45.66181956231594 27.75816325098276 434.0325956568122 939.1932761594653 266.0814837291837 58.33560724556446 2.086065381765366 1.816540420055389 0 140.2486219853163 34.99311506748199 9.257425092160702 0.8980799242854118 1.839864872395992 1.596882209181786 2.58588582277298 4.12640455365181 0 0.09128864854574203 211.430813729763 110.6112998649478 44.76697126030922 5.322434484958649 1.045527212321758 0.9326936826109886 11.22314759343863 3.494159460067749 6.00271650403738 72.47787177562714 3.523343794047832 16.87356832623482 12.91047024726868 2.1263782158494 1.771951578557491 2.142006561160088 0.1012324467301369 0.2790448442101479 0 1.880122311413288 0.2693209946155548 0.8145780265331268 2.412771433591843 0 0 1.474470019340515 953.9985214099288 0.5305241420865059 0.2512167692184448 0 0 1.006317332386971 0 4.111745744943619 0.1967446058988571 1.76858201622963 2.437174052000046 0 2.72979810833931 9.689470365643501 5.381371937692165 3.982788190245628 0 0 0 0 0 0 0 0 0 0 0 0 0 0 0 0 0 0 0 0.6101898998022079 0 0 0 0.2663762271404266 1.343877032399178 0 0.2724478244781494 0.8911158591508865 0 0 0 0 0 0 0 0 0 0 0 0 0 0 0 0.1971471756696701 0 0.1938499584794044 0 0 0.4999506771564484 0 0 0.3922997489571571 1.093663051724434 0 0.1021734103560448 0.09876980632543564 0 0 0 0 0 1.708631314337254 0 0 0 0 0.3073057979345322 0.1623640060424805 0.2121270149946213 0 0 0.5255378484725952 0 0 0 0 0 0 0.0961642786860466 0 0 0 3.797609783709049 0.141729861497879 0.9937295243144035 244.5960614010692 18.44812927395105 304.4225583001971 38.71874257922173 432.4192795827985 105.504946872592 2.754443109035492 12.29291681200266 4.452826134860516 0.3547429814934731 0.450326606631279 0.6290951818227768 7.745408996939659 0 0 0 2.917222931981087 0.2475621849298477 289.9460973069072 1.994447901844978
226.8356840834022 1116.526060894132 1336.76657731086 4.074775159358978 1293.614753693342 23.34466413408518 402.3136774078012 5899.906110115349 1383.695917457342 24.35338458418846 4360.509937897325 3.765371114015579 64.71897180378437 1704.237940773368 4.951476857066154 1.846768744289875 0.2606623917818069 0.1107437834143639 0.1761798113584518 0.863145500421524 0.729349210858345 0.597402036190033 0.1423103958368301 0.3037668615579605 3.208807244896889 0.7450442314147949 1.040542535483837 0 0 0.5674189925193787 5068.149848662317 501.4108637347817 32.84396781772375 0.4773421362042427 4.358516059815884 4.412686549127102 19.82172014564276 4.998029589653015 7.365945316851139 1.540305085480213 4.15673304349184 4.328251615166664 0.5694819018244743 1.692123502492905 0.2157100588083267 0.3412553668022156 30.68618328869343 6.336355201900005 0.4559825733304024 1.657409705221653 0.3833358362317085 0.721917524933815 0 1.108863361179829 21.22138153016567 13.62654522061348 262.1743279919028 1103.874127447605 121.7005871012807 16.89976762980223 1.313222348690033 18.78573165088892 0.3567017763853073 278.0377760306001 14.89937868714333 3.51266373693943 0.2115383520722389 2.376941345632076 8.223366461694241 10.47112702578306 19.09620123356581 0.8602628111839294 0 75.60307420790195 45.7764146104455 17.71268813312054 3.323452658951283 4.545252338051796 19.43480748683214 383.3773280903697 1.487085655331612 71.62321695685387 25.63869979977608 0.5309446081519127 7.149450950324535 5.310717314481735 2.650712907314301 1.202653631567955 0.8515675663948059 0.2495801895856857 0.1909020096063614 1.079113677144051 10.92029282450676 3.631845772266388 2.184360168874264 5.220659159123898 1.842018648982048 0.1408273130655289 6.12843694537878 442.3656124398112 0.2227153331041336 0 0 0 0.1253922879695892 0 0.3126365542411804 0 0.2440480142831802 2.671719372272491 0 0.2462968528270721 2.043747060000896 1.623201042413712 1.895020976662636 0 0 0 0 0 0 0 0 0 0 0.2709392011165619 0 0 0 0 0 0 0 0 0.1973511278629303 0 0 0.1197878643870354 0 4.100368477404118 0 0.7850383445620537 0.501641109585762 0.4541679620742798 0 0 0 0 0 0.1246329620480537 0 0 0.1266643553972244 0 0 0.313591867685318 0.1229939013719559 1.24402891099453 0.1141585484147072 0 0 0.2805401831865311 0.1069395318627357 0 0.1966716945171356 0 0.6801263988018036 0.1739581972360611 0 0 0 0.1347014009952545 0 0.1137727349996567 0.3078323006629944 0 3.219741150736809 0.1792098581790924 0 0 0 0.4252790212631226 0.5262640714645386 0.4322018176317215 0 0 0.8935213387012482 0 0 0 0 0 0 0.08920244127511978 0 0.2210558950901031 0 1.332523487508297 0.3742834776639938 0.5658390894532204 64.29417027533054 4.703080147504807 94.01949242502451 15.41706603765488 147.9771819114685 25.3465917557478 0.8206618577241898 5.168208368122578 0.9105528444051743 0.08620613068342209 1.647408023476601 0.1862997859716415 0.2450603246688843 0 0 0 0.6903481483459473 0 101.7649413943291 2.283237770199776
2352.625356018543 1172.174645721912 4.074775159358978 875.1250163540244 17.47625611722469 654.3194982856512 592.1394477337599 1.084479384124279 3.235646933317184 2101.035740964115 3.465273812413216 213.9701551347971 604.4648183658719 83.38528234511614 0.1499677896499634 0 0.1130920350551605 0.141337513923645 0 0 0 0 0 0 0 0 0 0 0 0 46.93953704833984 0.4893305599689484 0.1122812479734421 0 0 0 0.2851990312337875 0.117075189948082 0 0 0 0 0 0.2051006332039833 0 0.08735119551420212 21.63444486260414 2.526128679513931 0 0 0 0.0967673659324646 0 0 8.220838956534863 4.311531849205494 61.01435180008411 95.32603029161692 42.2364873662591 7.940008133649826 0.1041146293282509 0 0 8.438544198870659 4.925006359815598 1.148093216121197 0.3741954639554024 0.1858517825603485 0 0.09917649626731873 0.5902491956949234 0 0 30.22267640382051 12.09214567393064 3.348709836602211 0.1120093911886215 0 0 0.3995963260531425 0.1937913447618484 0.1916198432445526 12.42344900220633 0.3226361349225044 1.84120486676693 1.78532737493515 0.1926301568746567 0.5136438757181168 0.4553543254733086 0 0 0 0 0.08648347109556198 0 16.71718461811543 0 0 0 487.1307704001665 0.3510586470365524 1.156815379858017 0 0 0.8440529555082321 0 4.479535430669785 0 2.23351277410984 4.915482930839062 0.7574552297592163 2.162180617451668 5.726017624139786 6.023433551192284 1.879585519433022 0 0 0 0 0 0 0 0 0 0 0 0 0 0 0 0 0 0 0 0.2952766120433807 1.222071871161461 0 0 0 0.333851546049118 0 0.263671875 0 0 0 0 0 0 0 0 0 0 0 0 0 0 0 0 0 0 0.09836910665035248 0.6070031523704529 0.7359888255596161 0 0 0 0 1.377406492829323 0 0 0 0 0 0 0 0 2.504927471280098 0 0 0 0 0.1254708617925644 0 0.1294451057910919 0 0 0.1491035372018814 0 0 0 0 0 0 0 0 0 0 0.9154801666736603 0 0 102.0697148144245 2.204453893005848 45.60185156017542 4.909300535917282 588.3342946693301 20.24575321376324 0.6540204808115959 1.836451448500156 9.812048465013504 0 0 0 13.67902210354805 0 0 0 0 0 218.4645695388317 4.243361115455627
25.2022225484252 1169.847710184753 1293.614753693342 17.47625611722469 3039.924531109631 2.373258590698242 1078.470548138022 34.13455396145582 2282.597428821027 301.9672327190638 1386.982681751251 19.32611702382565 69.91343043744564 251.5617656186223 2.380409725010395 0.111736036837101 0.3178796842694283 0.1149226576089859 0.1124462559819221 0 0 0 0 0 0.09919621795415878 0 0 0 0 0 117.1904377117753 5.356290064752102 0.9001974761486053 0 0 0 2.098199509084225 0 0.3282749950885773 0 0.3886439353227615 0.1910932660102844 0.1237985342741013 0.1054548248648643 0 0.3773970082402229 33.21972166001797 2.879238039255142 0.1808480694890022 0.1954387426376343 0.08992070704698563 0 0 0 6.510461039841175 3.996619455516338 45.49094690382481 69.80596082657576 35.69286371767521 18.69281657785177 0.8517335653305054 0.4865500032901764 0 55.20266833901405 6.57048749178648 1.265853218734264 0.2997835129499435 0.4815044924616814 0.7430539429187775 1.093200452625751 1.694729797542095 0 0 51.77804833650589 33.87680415809155 23.88551938533783 2.970306448638439 0.8845619484782219 0.5766867101192474 3.995074108242989 0.6782873645424843 1.926581300795078 11.78855971992016 0.1107673943042755 2.787148118019104 1.517223887145519 0.4651157408952713 0.1027861088514328 0.2220766767859459 0.09827188402414322 0 0.1149917095899582 0.3784705400466919 0 0.2582106292247772 1.792181722819805 0.1096081659197807 0 0 12.82487788796425 0.5690912008285522 0 0 0 0 0 1.945029482245445 0 0.6756375432014465 1.820485532283783 0.2326012253761292 1.698871731758118 3.448846161365509 3.676665738224983 1.871186286211014 0 0 0 0 0 0 0 0 0 0 0 0 0 0 0 0 0 0 0 0 0 0 0 0 2.458996891975403 0 0 0.3018791377544403 0 0 0 0 0 0 0 0 0 0 0 0 0 0 0 0 0 0 0.205328106880188 0 0 0 0 0.2091377675533295 0.4361587762832642 0 0 0 0 0 0 0 0.1814534813165665 4.05660156160593 0 0 0 0 0.9903934299945831 0 0.1501407474279404 0.1430065184831619 0.2734933495521545 0 0 0 0 0 0 0 0.0968744307756424 0 0 0 2.560982123017311 0 1.219908133149147 74.856325276196 4.529812924563885 98.28653535246849 11.39494339376688 17.16962517797947 34.56054633110762 0.3218989223241806 8.457261756062508 1.53080540895462 0 0.312786266207695 0 3.145413190126419 0 0 0 0.6992550194263458 0.8365849256515503 31.55165097862482 1.271749496459961
200.8608960211277 138.3676987215877 23.34466413408518 654.3194982856512 2.373258590698242 16.49024927616119 156.5411362275481 3.833657421171665 4.427061215043068 584.0554343760014 4.205874934792519 105.9448596388102 73.47545857727528 20.39938060194254 0.7646160572767258 0.6378909647464752 0 0 0 0 0 0 0 0 0 0 0 0 0 0 165.1037283241749 0 17.10661201179028 0 0 0 23.06411063671112 0.4201446771621704 2.113291844725609 0 0 0.1150186285376549 0.1157716438174248 0.3058633655309677 0 0.1392237693071365 2.570410087704659 0.2154538109898567 0 0 1.873311445116997 1.506866410374641 1.276422262191772 0 1.451980821788311 2.282369770109653 131.3220639899373 116.4561778604984 11.28528222441673 0.8652976900339127 0 0.2512592971324921 0 0.7190850973129272 1.129477709531784 0.4816445335745811 0.6673861593008041 0.3449053764343262 0.3058182597160339 0 97.16478914022446 112.1749399006367 10.8543154001236 4.121467605233192 0.5409095734357834 1.157506555318832 0 0.1258765161037445 0 7.146498337388039 0.251341700553894 0.6938323229551315 0.9966033771634102 0.5934816747903824 0.6628900840878487 1.778362348675728 0.1981387883424759 2.556338086724281 3.170009016990662 3.118989676237106 2.439692914485931 3.769879713654518 0.1383203566074371 0.8736521899700165 0 210.0608905404806 91.05834752321243 11.32190437614918 14.07884386181831 401.3040893673897 0.3271544575691223 1.587567567825317 0 0 1.162797778844833 0 17.17537078261375 0.9949733018875122 8.113357722759247 16.37424679100513 3.486906908452511 7.794683516025543 32.82282717525959 13.69908617436886 2.108643785119057 0.1239389628171921 0 0 0 0 0 0 0 0 0 0 0 0 0 0 0 0.1155535876750946 0 0.1327311545610428 1.052680775523186 0 0 0 0 1.455767884850502 0 0.2900175005197525 0.6296772211790085 0.1468673646450043 0 0 0 0 0 0 0 0 0.1981015801429749 0 0 0 0.4161412641406059 0 0 0 0 0.1130152717232704 0 0.3145724534988403 0 0 0.7938974946737289 1.089978888630867 0 0 0 0 0 0 0 0 4.144100531935692 0.4021208584308624 0 0 0 0.1164916157722473 0 0 0.6300052404403687 0.6992936879396439 0.7890888452529907 0.4805344939231873 0 0 0 0 0 0 0 0 0 7.513532847166061 0.5587564408779144 1.424189284443855 44.05784244835377 0.7404083907604218 5.944117367267609 0.8985717296600342 393.6024884134531 3.129186853766441 0.1834376007318497 0.2304029315710068 19.75799977779388 0 1.166700720787048 0 30.09455750882626 0 0 0 0.4323517680168152 0 158.8777029141784 8.434078618884087
876.4068319946527 3999.21548781544 402.3136774078012 592.1394477337599 1078.470548138022 156.5411362275481 483.9337948486209 81.53135522454977 1499.433913946152 2367.812981963158 1235.72331443429 408.7792644798756 1992.293896503747 2025.602014310658 13.49562462419271 1.901062972843647 1.650570288300514 0.4105589315295219 0.2167032286524773 0.1049402579665184 0.3337239325046539 0 0 0 0.4348669424653053 0 0 0 0 0 305.6136555671692 23.86880355328321 5.89298564940691 0 0.2179786041378975 0.1985161006450653 7.802291579544544 0.6169191300868988 0.8183629512786865 0.4143122807145119 0.7163918316364288 0.9425356537103653 1.546600431203842 1.532912097871304 0.1888268068432808 1.835965350270271 173.9280742630363 16.5560614168644 0.8598488196730614 1.046603307127953 0.09917663037776947 0 0 0.3690740615129471 36.78057984262705 19.54296001046896 287.2883225530386 381.9709274917841 204.5899540781975 93.5875523686409 1.503606572747231 2.723510704934597 0 203.9617709219456 30.5503508374095 8.10715214908123 1.223964996635914 1.411962129175663 2.703636698424816 3.214427746832371 14.46145629882812 0 0 263.6921480968595 154.5495121106505 105.190586835146 11.28988105803728 5.253601498901844 2.437218956649303 24.3427474424243 3.478474520146847 6.074117101728916 63.27166192233562 1.124618530273438 19.10973018407822 9.037737764418125 2.705650717020035 1.709551148116589 1.398953281342983 0.3887321874499321 0.4777153879404068 0.3817007914185524 1.342848554253578 0.2328613772988319 0.7485441192984581 30.31633295863867 1.312524691224098 0.122685544192791 1.500742480158806 169.4643806070089 4.195527426898479 2.690276294946671 0.6890016868710518 0 2.476215973496437 0 29.08236247301102 1.858392521739006 20.76127943396568 33.01309162378311 7.124317981302738 21.78452625125647 112.2012206092477 80.51836363971233 64.7914931550622 0.1745924204587936 0.1069963425397873 0.2009539157152176 0 0 0 0 0.4716329425573349 0 0.1173772364854813 0 0 0.3166547119617462 0 0 0 0 0 0 7.237943485379219 3.618291415274143 0 1.034885726869106 0 38.02042635530233 0.7318385690450668 9.555500060319901 3.567420482635498 0 0.1529047191143036 0 0 0.5981407761573792 0.2753651738166809 0.4041355550289154 0 0.5108387023210526 2.721208348870277 0 0 0 0.3931085169315338 0.1929878741502762 0 0.798097550868988 0 0.7232870534062386 2.310078762471676 0.9596713185310364 2.957827344536781 1.630689591169357 16.73746361583471 8.91047428548336 0.1560978889465332 0.1031098216772079 0.09486383199691772 0 0 0 0 0 57.98884585499763 0 0 0 0 8.597887486219406 1.129772901535034 5.35766276717186 1.523861832916737 4.129737846553326 5.288123652338982 0.9331570938229561 0 0 0.15909044444561 0 0 0.121372178196907 0 0 0 34.7100662663579 5.396317794919014 12.05762777477503 421.56725602597 19.33599789440632 465.6126314774156 54.26785506308079 313.176461353898 148.0156113430858 2.207239560782909 43.31937528401613 31.45508690923452 0 9.388124696910381 1.579658702015877 71.12931482493877 0 0 0.2358585745096207 10.84566781669855 1.448802530765533 368.1638769134879 25.33847296237946
165.6492041572928 382.4425664022565 5899.906110115349 1.084479384124279 34.13455396145582 3.833657421171665 81.53135522454977 2171.954524852335 176.4745392054319 1.393561698496342 1892.686554275453 6.414410509169102 58.64087717980146 1022.890613250434 29.67280317097902 17.95958421379328 2.083668522536755 2.303483486175537 0.5699768885970116 2.611569225788116 6.592440441250801 3.864709720015526 4.660302869975567 3.735329113900661 22.55367416888475 7.823278978466988 4.811747044324875 1.200283408164978 0 3.175613135099411 2184.431364640594 2485.422760553658 168.5712138265371 0.2787293270230293 26.39366639405489 26.11479023098946 92.29168633371592 63.45184219628572 37.42279374599457 7.200039446353912 21.66742103546858 25.28716964274645 5.009091936051846 10.60223846137524 0.3881298005580902 1.509191393852234 117.8624053895473 11.85241162031889 2.540682330727577 7.577501311898232 2.515480861067772 2.85712793469429 0.7661647573113441 6.258954450488091 19.62209432572126 9.214552000164986 190.4180590435863 501.8545709773898 106.5601357445121 60.40818727016449 20.27803649753332 170.6480911374092 2.373769819736481 552.6476005837321 16.04229141771793 6.588760875165462 0.6945311799645424 11.78876470029354 30.53281600028276 57.48073434084654 51.31751395761967 0.5775271952152252 0.2404526844620705 163.2122251167893 152.6602112948895 139.57028093189 40.71522258967161 89.0625167042017 1043.665568701923 1410.381885625422 26.86849710345268 1245.29798219353 31.51622295379639 0.2988144308328629 10.9285763502121 3.883561417460442 10.10476024448872 1.437375284731388 1.466675773262978 1.923345357179642 1.71414478123188 0.7244293689727783 62.03787184506655 20.79133615642786 6.692810945212841 23.07260784506798 3.913135387003422 0.1333838552236557 31.2221027687192 103.5952708348632 0.1395561397075653 0 0 0 0.3119795620441437 0 0.5659698247909546 0 1.202021598815918 1.213842138648033 0.937484011054039 2.2119110673666 8.498154401779175 7.240549564361572 12.14558698982 0.3700412213802338 0.2308294922113419 0 0.1259249746799469 0 0 0 0 0 0 0.9834292531013489 0 0.6507379561662674 0 0 0.1371983587741852 0.4399765133857727 1.139191776514053 0 0.6816885471343994 1.641084641218185 0.562273383140564 0.2380915880203247 0 7.746788002550602 0.111309714615345 5.342099107801914 2.516033113002777 0.7698296755552292 0.3078729510307312 0.6099111065268517 0.5768301337957382 0 0.5239536762237549 0.4817405343055725 0.5001845061779022 0 0.3426006361842155 0 0 0.9904969781637192 1.129210993647575 4.472709536552429 0 0 0 0.8636671900749207 0.7164236232638359 0 0.5043611377477646 3.131243608891964 5.242723196744919 1.391957178711891 0 0.09643333405256271 0 0 0.2396370619535446 0 0.7516906186938286 1.194203145802021 13.23919567465782 0.2817211747169495 0.1923582255840302 0 0.5408456847071648 2.397295169532299 0 2.897956192493439 0.1181900501251221 1.472584523260593 1.102640278637409 0.1166046261787415 0.8039730936288834 0 0 0 0 0.1892310753464699 0.9148438721895218 0.3778403401374817 0.2179849594831467 5.446255102753639 2.561619512736797 5.927328608930111 259.3863441646099 13.86198179423809 316.0401980727911 60.6845280751586 63.88642982393503 72.88174511492252 1.213849619030952 37.15797862410545 3.66120819747448 0.1141330376267433 1.363821402192116 1.409227728843689 3.86211484670639 0 0 0.2700584232807159 19.832643866539 3.474849417805672 89.76810807734728 4.964597977697849
43.21685317158699 2013.43842600286 1383.695917457342 3.235646933317184 2282.597428821027 4.427061215043068 1499.433913946152 176.4745392054319 918.8145742565393 391.1605501547456 1741.001571021974 55.81523825228214 270.4217044189572 814.4855569526553 6.834830664098263 2.377912767231464 0.4947647824883461 0 0 0 0 0 0 0 0.139636754989624 0 0 0 0 0 133.4045518115163 8.093996807932854 5.764058142900467 0 0.2167429998517036 0.1394111812114716 3.38330265879631 0.434811644256115 0.5884062796831131 0 0.3997807651758194 0.4150650575757027 0.08231358975172043 1.892844200134277 0.1823768019676208 0.3552673310041428 46.92116794735193 4.661596059799194 0.5182763710618019 0.4454262182116508 0.09687072038650513 0 0 0.1328356117010117 4.258297234773636 2.491256318986416 49.54950996488333 69.19248276948929 28.87511530518532 21.87240508943796 0.8220027312636375 0.7429767027497292 0 68.75221252441406 5.405812315642834 1.036981768906116 0.4004175812005997 0.4353297799825668 0.9436120539903641 1.103385001420975 7.998398326337337 0 0 61.96111763268709 47.06463291496038 45.25585670024157 7.366950988769531 6.264751516282558 0.2157435119152069 42.30993302166462 1.245641767978668 2.416641525924206 11.32178944349289 0.09749177843332291 2.673365853726864 1.302904866635799 0.4170100688934326 0.2023520395159721 0.2430742606520653 0 0.1741755083203316 0.4286235719919205 1.477698534727097 0.266512542963028 0.1344451457262039 12.6639966070652 0.4142847135663033 0 0.7387519478797913 14.93739669770002 1.389694966375828 1.029930353164673 0.2555451095104218 0 2.346712410449982 0 5.3907231092453 0.1974232345819473 8.227676622569561 9.421323582530022 1.953775689005852 7.402853697538376 30.65606918931007 27.02954672276974 26.00107628852129 0.5728760808706284 0 0 0 0 0 0 0 0 0 0 0 0 0 0 0 0 0 0 2.693936549127102 1.29520508646965 0 0.1505349725484848 0 13.15926413238049 0.4593725800514221 5.712110511958599 1.594181895256042 0 0 0 0 0 0 0.7933146953582764 0 0.3762623518705368 1.246257312595844 0 0 0 0 0 0 0 0 0 2.132509045302868 0.3466147482395172 2.00666818022728 0 11.8923973813653 3.641410857439041 0 0 0 0 0 0 0 0 22.68644443899393 0 0 0 0 5.131781496107578 0 2.513968124985695 0.2966876029968262 1.160472594201565 0.8737052232027054 0.2837428823113441 0 0 0 0 0 0 0 0 0 16.81177552044392 3.570861242711544 6.036198399960995 126.954132758081 6.140129834413528 141.8700712025166 19.42618483304977 36.32554992288351 41.47255029529333 0.1814720183610916 23.46676814556122 11.15450192987919 0 1.378290131688118 0.5825749263167381 13.37614287436008 0.519222691655159 0.2311695367097855 0.2130692303180695 4.714469894766808 0.7155450582504272 56.18423346430063 6.666254386305809
1386.227972522378 1497.049075998366 24.35338458418846 2101.035740964115 301.9672327190638 584.0554343760014 2367.812981963158 1.393561698496342 391.1605501547456 2526.692801550031 42.14889457076788 1926.071841076016 7687.86405223608 1154.300546325743 2.466813124716282 1.011653199791908 0 0 0 0 0 0 0 0 0 0 0 0 0 0 35.48709861934185 2.019979998469353 47.18495082855225 0 0 0.1173636540770531 232.7293846830726 0.5290174186229706 0.7145693376660347 0.1031060442328453 0.1730623096227646 0 0 0 0 0 43.93400106579065 3.083000510931015 0 0 0 0.1015317514538765 0 0 5.193268731236458 4.382332235574722 77.17441464215517 63.47908238321543 37.6962064281106 14.37928632646799 0.4389709159731865 1.196712896227837 0 23.44486749172211 3.884603351354599 1.218977570533752 0.4081439673900604 0.08505012094974518 0.3614571318030357 0.4603346735239029 122.8652986213565 3.420913428068161 0 40.36343105882406 23.00310178846121 19.24294650554657 0.6682011038064957 0.2218530923128128 0.1093764156103134 49.58704799413681 1.144468307495117 0.695674829185009 10.9032286554575 0.1637271642684937 2.245737954974174 1.45048426091671 0.6806148141622543 0.9499929919838905 0.6616682857275009 0.3670989722013474 0.1259896457195282 0 0 0 0 151.392837330699 28.83148937672377 1.419205754995346 5.571825712919235 374.5624656677246 10.84340170025826 22.42168354988098 5.080924347043037 1.858152627944946 18.25772702693939 2.759104698896408 128.6930663213134 10.61195745319128 71.55226055532694 123.0657467395067 17.3337638899684 89.02890390902758 389.1530241817236 247.5720437318087 136.2099378630519 1.064176291227341 0.1250180304050446 0 0 0.1702277064323425 0 0.8113476037979126 0.332672506570816 0 0 0 0 0 0 0.1153634488582611 0 0 0 0 20.79966007918119 9.98624324798584 0 2.029455184936523 0 72.05993862450123 0.1317074745893478 21.24629689007998 3.134720370173454 0 0 0 0 0.5139937177300453 2.331084996461868 0 0.2363077104091644 1.988724328577518 3.563014030456543 0 0.255762130022049 0.1243739649653435 0.2063088864088058 0.2674202024936676 0 0.6590160429477692 0.1014467105269432 2.022726021707058 4.910527974367142 4.831886053085327 2.041153162717819 7.448772877454758 33.30979831516743 15.61396512389183 1.133794009685516 0.1137956455349922 0 0 0 0 0 0 121.5777654498816 0.8658025860786438 0 0 0 23.69002092629671 3.813072085380554 13.63839181512594 2.866133198142052 9.950061604380608 7.697953432798386 2.887914784252644 0.6613797023892403 0 0 0 0 0.136665403842926 0.1342628449201584 0.138542503118515 0 139.2243786975741 12.6501424908638 26.46735317260027 259.961780063808 4.531403854489326 108.3043234497309 15.36495965719223 801.6384519040585 39.72381088882685 0 14.27661521732807 115.9484295770526 0.443570077419281 25.22703931480646 6.40667025744915 329.3193253278732 3.145648553967476 0 0.7049075365066528 2.856029272079468 2.242315232753754 1434.968334570527 125.5790093019605
196.794550023973 1726.094881467521 4360.509937897325 3.465273812413216 1386.982681751251 4.205874934792519 1235.72331443429 1892.686554275453 1741.001571021974 42.14889457076788 1400.100393697619 83.23441764712334 611.3515341728926 1746.671860769391 19.88776563107967 13.1860578879714 0.4416875168681145 0.8256452977657318 0 1.060504585504532 0.7460393160581589 1.082395195960999 0.4861777424812317 0.1215483099222183 4.641929320991039 0.1229255720973015 1.171124711632729 0 0.1813564002513885 0.1473971009254456 496.0002975463867 89.58339258283377 491.1590489968657 0.1331102848052979 2.306934624910355 2.211734235286713 270.6228490993381 36.35294352471828 39.59513425081968 3.311384588479996 3.028691880404949 7.959929212927818 0.6184200197458267 7.249584667384624 0.1062308475375175 1.003898851573467 63.24130114912987 5.06982210278511 0.3649879768490791 1.124538019299507 0.2972960919141769 1.633940368890762 0.7409854084253311 2.246002525091171 8.201209351420403 4.836689755320549 65.19501249492168 147.2890128195286 41.05291292816401 32.65865081548691 0.8708776161074638 42.54410269111395 1.130874484777451 92.10634854435921 5.57412576675415 2.747897200286388 0.1028316542506218 1.074660800397396 2.479100376367569 3.921398796141148 148.2607141584158 0.6366257965564728 0 83.48106475919485 61.39643390476704 94.17666579037905 19.16365118324757 33.59648638218641 40.80767849087715 714.5587658584118 3.374035328626633 46.08153157681227 12.6920258179307 0 3.919250532984734 1.73370748013258 0.9668756648898125 0.2890522852540016 0.4697272777557373 0.3004696369171143 0.1613515466451645 0.4016086608171463 6.129138879477978 5.938467584550381 1.843082800507545 70.46481078863144 7.49314708262682 0 34.67628525197506 76.46784051507711 1.612830437719822 0.6963668465614319 0 0 0.8839560747146606 0.2190365344285965 2.584580041468143 0.8265638500452042 1.724098086357117 2.082323357462883 0.2870865762233734 5.540895521640778 23.30435895174742 13.19922111928463 21.39693870395422 0.3340615183115005 0.1536809504032135 0 0 0 0 0 0 0 0 0 0 0 0.1474053263664246 0 0 0.1201827973127365 0.298566110432148 0 2.632537387311459 0.9963568076491356 0 0 0 14.91546333581209 0.5582767128944397 6.899897679686546 1.91781784594059 0.3722890838980675 0.09347628802061081 0 0.1285776197910309 0 0.6097064614295959 0.5605336427688599 0.4013269245624542 0.09047892689704895 1.423675775527954 0 0.1017012149095535 0.4340834021568298 0 0.8622978255152702 0.08098695427179337 0 0 0.29665906727314 1.415557771921158 0.1328315436840057 1.12314672768116 0.8497877418994904 6.543147347867489 3.321655742824078 0 0 0 0 0 0 0.1673864424228668 0 24.28458051383495 0 0.7147503644227982 0 0.2918996661901474 2.954500198364258 3.951445654034615 5.347930513322353 0.7513118758797646 1.079598695039749 0.7350652292370796 0 0 0 0 0 0 0 0.3334749937057495 0 0 14.64735295623541 1.496566891670227 8.613315775990486 222.5350586101413 7.134571954607964 201.2539710253477 52.03526179492474 48.1913955360651 42.00347682833672 3.363532446324825 30.7587261274457 8.200602002441883 0 4.153639413416386 0.8475379943847656 10.45108196884394 0.7130548059940338 0 0.133313849568367 16.173126116395 2.829001784324646 78.02881546318531 5.357454493641853
112.5610271543264 119.3501545712352 3.765371114015579 213.9701551347971 19.32611702382565 105.9448596388102 408.7792644798756 6.414410509169102 55.81523825228214 1926.071841076016 83.23441764712334 227.6399539411068 1129.569947443902 294.1103765070438 4.64835474640131 3.936207979917526 0 0 0 0.1541450619697571 0 0 0 0 0 0 0 0 0 0 3.551534593105316 1.120807625353336 42.83874296396971 0 0 0 104.4423254877329 1.063675791025162 2.250781066715717 0.4419449642300606 0 0 0.1352066844701767 1.472451202571392 0 0 12.62274952977896 0.5114793553948402 0 0.1172821745276451 0 0 0 0.1545680016279221 0.284997746348381 0.1021309494972229 11.44399479031563 6.473077416419983 4.547486916184425 3.167967975139618 0.2493308410048485 0.09462291747331619 0 5.893882721662521 0 0 0 0 0 0 60.03109010308981 0.6943244487047195 0 8.59677392244339 4.41344241797924 15.21061561256647 2.296101719141006 5.057229660451412 0 23.01217126846313 0.2021424099802971 0.1195412948727608 1.717714086174965 0.3027278855443001 0.215609572827816 0.1024360060691833 0 0 0 0 0 0.6340579986572266 0.1861285269260406 0.1393452882766724 0 449.6246828138828 25.30191043019295 0.09896060079336166 5.41435169428587 52.80273033678532 7.793637253344059 5.550058081746101 0.9588298797607422 1.438041433691978 9.309895694255829 0.3158152997493744 38.15892096608877 4.934351444244385 33.82939228415489 49.17074599862099 11.77914454042912 41.42755629867315 193.0302456319332 132.4202168136835 98.43421492725611 0.5365244597196579 0.1051369905471802 0 0 0 0 0 0 0 0 0 0 0 0 0 0 0 0 0 9.486075952649117 4.917721889913082 0 0.1355526745319366 0 49.78781300038099 1.21653188765049 11.68418127298355 5.698187060654163 0 0 0.3760572373867035 0.2628641426563263 0.6782613694667816 3.496833652257919 1.00572869181633 0.1048688143491745 0.5914571955800056 2.842119000852108 0 0 0 0.1683518588542938 0.1045343428850174 0.09353902190923691 0 0.1950570195913315 1.240286521613598 3.83214744925499 2.019626505672932 0.8599583208560944 0.8641530126333237 17.24361438304186 11.54896159470081 0.2406333535909653 0.08835922181606293 0 0 0 0 0 0 109.332279458642 0.3430919498205185 0 0 0.1102172136306763 12.31724724918604 1.139753244817257 6.709598124027252 1.959572494029999 8.203631989657879 3.886740535497665 2.643184207379818 0.2697244808077812 0 0.07884819060564041 0 0 0 0 0 0 94.61640353500843 9.18548858910799 18.43333470076323 61.47613605111837 5.208626806735992 40.25376038253307 13.5898766964674 121.6323970481753 12.42775622010231 0 10.23413124680519 39.35455794632435 0.1166499182581902 9.764413096010685 2.831345230340958 78.49825612455606 1.941522061824799 0.1091972589492798 0.9084917977452278 6.42886121571064 0 615.2557536438107 70.50231958925724
213.1093037500978 997.6976733580232 64.71897180378437 604.4648183658719 69.91343043744564 73.47545857727528 1992.293896503747 58.64087717980146 270.4217044189572 7687.86405223608 611.3515341728926 1129.569947443902 2407.867169544101 5779.529902875423 22.47061558067799 18.61501795053482 1.068007379770279 0.08892892301082611 0 0.2210722118616104 0.1449689269065857 0 0 0.1652830541133881 0.2712854146957397 0 0 0.3930491209030151 0 0 34.03425136953592 5.352674707770348 630.3689680695534 0 1.060506388545036 0.3811338245868683 287.9088883623481 10.98215823620558 11.05241088569164 0.09137300401926041 0.5189148262143135 4.084426656365395 0.5134353265166283 6.268232755362988 0 0 66.30264438688755 1.992594957351685 0.8306301012635231 0.6459584012627602 0 0.9560582637786865 0.09917619824409485 1.108831189572811 3.121675528585911 1.776408366858959 31.29858582466841 29.51064471155405 22.56315046548843 25.94951575249434 0.09932896494865417 6.363922230899334 0 44.04818572103977 3.562261506915092 0.6870831549167633 0 0.3489153385162354 1.047519721090794 1.230810351669788 185.0180241391063 0.9633904993534088 0 53.94779245555401 35.88735047727823 84.96276009082794 15.00169800966978 21.37585505843163 0.6553854122757912 107.5420272797346 1.741199038922787 5.498390048742294 8.534099325537682 0 1.563031651079655 0.9065425097942352 0.8129480108618736 0 0.4145613610744476 0 0 0 1.5869100689888 1.008907459676266 0.2740283012390137 452.065753556788 14.67485206574202 0 19.66207005083561 38.18373966962099 15.29676175117493 11.84614959359169 1.315876826643944 1.029065534472466 17.2833109870553 1.11384254693985 81.90586607158184 9.101153425872326 80.78195459395647 101.9968096762896 23.17243174463511 89.87959887832403 368.7904810607433 262.5978990718722 220.7740113139153 2.252322375774384 0.7637598514556885 0 0.1369544118642807 0 0 0 0.1156654730439186 0 0 0 0 0.1213639155030251 0.1655458062887192 0 0.1085037589073181 0 0.2653740048408508 0 21.57144778966904 10.74165900796652 0.6269090697169304 0.6893707737326622 0 129.71821924299 0.4826879277825356 35.69305384904146 10.77680684626102 0.6790883541107178 0.1719946265220642 0.2755225300788879 0 1.692113772034645 1.785559952259064 2.163957796990871 0 2.053476683795452 8.463391348719597 0.0962279736995697 0 0 0.1184066161513329 0.5420979112386703 0.2740907445549965 0.7203484624624252 0 2.570948526263237 10.15140198916197 4.012039251625538 3.156510889530182 8.482533797621727 50.94736301898956 22.37586038559675 0.570217527449131 0.332694411277771 0.1168128922581673 0.1869475245475769 0 0 0 0 220.5703085064888 0.1327435970306396 0 0 0.139541432261467 26.25775603950024 2.948270916938782 23.630670145154 5.632958896458149 16.76859340816736 13.81897605955601 5.165329813957214 1.044257521629333 0.1119584888219833 0 0 0 0 0 0.1063866317272186 0 161.8058608695865 24.69453001767397 46.59406735002995 329.4513615816832 11.02633314579725 211.222388677299 59.11161530017853 155.9752169027925 53.81709299981594 0.2113845199346542 37.29612481594086 93.80361126363277 0.2265463843941689 27.59538172930479 9.475584298372269 207.2843283414841 3.592083886265755 0 2.542927145957947 20.82005253434181 3.85796169936657 790.7481424286962 119.0121520385146
256.5632789582014 2417.766817465425 1704.237940773368 83.38528234511614 251.5617656186223 20.39938060194254 2025.602014310658 1022.890613250434 814.4855569526553 1154.300546325743 1746.671860769391 294.1103765070438 5779.529902875423 1386.898943789303 43.81769267469645 26.77444543689489 1.795703507959843 0.2593183070421219 0.5406636595726013 0.5072906389832497 2.909215196967125 1.207032665610313 0 0.7318851351737976 4.147636391222477 1.419889748096466 1.089422002434731 0.4230840802192688 0.6108945906162262 0.5448607802391052 350.0522303804755 40.52071098983288 1634.408675394952 0 3.42279014736414 4.222115524113178 812.3571645244956 66.37842859327793 74.74653642624617 2.220863670110703 3.834862887859344 8.989196419715881 1.17295840382576 12.8418036326766 0.1427474319934845 1.815107233822346 148.9488900378346 9.57108461111784 1.336153924465179 0.9415783807635307 0 2.786270879209042 1.547893345355988 4.248794339597225 12.01902756094933 7.122777350246906 90.26072496920824 156.0269688665867 71.69259162992239 75.04915433377028 2.549365438520908 51.52794595807791 0 144.7240711599588 8.817034669220448 2.564685322344303 0.5165837481617928 1.737868040800095 4.076848834753036 4.969399988651276 412.5243500098586 1.134158983826637 0 169.3525487184525 119.6490444988012 213.9583660587668 39.13274990767241 52.7841928973794 6.027421399950981 475.6054859012365 6.193619802594185 27.28876411914825 28.53192721307278 0.7820431515574455 8.894310228526592 3.93781752884388 2.240234352648258 0 0.7742279022932053 0 0.2179530784487724 1.224965572357178 5.687024921178818 5.616599217057228 4.768949076533318 225.1295641064644 21.72408363223076 0 105.6829386427999 79.95142760127783 7.608296744525433 4.57006848603487 0.6532682031393051 1.00500363111496 7.700629763305187 0 29.62640444934368 4.629264175891876 29.13819159567356 39.97998560220003 11.1195504963398 40.34882489591837 178.0013576000929 116.2751659378409 122.1403440013528 1.359430655837059 0.791679710149765 0 0.1546152979135513 0 0 0 0 0 0 0.2427081763744354 0 0 0 0 0 0 0.2554438412189484 0 15.90251970291138 7.487642385065556 0.1098107621073723 0.9751681685447693 0 93.11319218575954 1.061993785202503 28.88216293603182 8.717136979103088 0.7724241316318512 0 0.4692003428936005 0 0.3959353417158127 1.752950236201286 1.517142951488495 0 3.03020066767931 5.326105810701847 0 0 0.4959100633859634 0.8927407637238503 1.503395892679691 0.2000040337443352 0 0 1.960985079407692 4.82055502384901 1.345203369855881 6.825407534837723 2.916002228856087 44.24647104740143 14.50313152372837 0.4360767006874084 0.4943597838282585 0 0 0 0 0 0.2739240229129791 134.0018953084946 0.9338798895478249 0 0 0.1311021000146866 14.11775530874729 6.877271130681038 13.72418347001076 4.054244786500931 8.888381853699684 7.891147345304489 4.033123701810837 0.4354093000292778 0 0.09692542999982834 0 0 0 0 0 0 85.26912558078766 22.5213316231966 35.65417613834143 577.9611312001944 24.07738567143679 440.9597072154284 110.014985024929 126.2299146056175 114.0918187499046 1.650381676852703 83.99562121927738 50.76704380661249 1.378760039806366 19.34545724093914 4.563492462038994 73.25529202818871 2.052756294608116 0.1555423587560654 1.924468860030174 27.7714643701911 5.595368817448616 292.096160903573 42.14895631372929
