1048.076975852251 2668.452383674681 483.5435928031802 1784.682118244469 22.04016586393118 191.126827865839 310.2822051011026 86.69718278944492 16.03751579672098 921.5302253440022 58.82029840350151 65.1178051456809 54.47964791208506 19.44285627454519 2.100655309855938 0.5939457193017006 0.4321208745241165 0.2019765004515648 0 0.1917225271463394 0.3699977025389671 0.4797479584813118 0.263886496424675 0 0.1364350616931915 0.222798764705658 0 0 0 0 743.1277135759592 10.05780570954084 8.774513281881809 1.450697764754295 0.252085268497467 1.009290814399719 7.28754073381424 5.199632532894611 2.482583358883858 0.6410420015454292 0 0.1551324874162674 0.3631545081734657 0.976764976978302 1.390226542949677 0.7984164580702782 19.46329130977392 1.459018245339394 0 0.5588145442306995 0.3641357272863388 0.6962637379765511 0.2855275124311447 0 1.307239346206188 2.197693958878517 210.8536742627621 857.9658687338233 43.36571424454451 43.35034879297018 0 11.17295029759407 1.402014747262001 46.95458501577377 0.6856129691004753 0.9608645439147949 0.2249477729201317 1.370145343244076 0.9746154844760895 0.5724827647209167 8.895491115748882 11.23930110037327 0.2137492224574089 217.1294739469886 30.29102694243193 21.60252908617258 1.148582242429256 0.501024529337883 37.19051740318537 35.99835424125195 0.8633681908249855 16.53911139070988 5.384008817374706 0.1138290986418724 0.9389714449644089 0.2712946161627769 1.482318006455898 0.2844295874238014 0.6290363520383835 0.8326116874814034 0.1123534068465233 0.6932992488145828 0.2310214191675186 0.08019633591175079 0 345.380717240274 26.6564801633358 1.930411994457245 3.669381767511368 1267.258031599224 0.09702363610267639 0.7724805325269699 1.223025009036064 1.578144669532776 0.6047707796096802 0.1850793212652206 3.956873327493668 0.3663017749786377 1.300300672650337 8.763586446642876 0.585161030292511 1.750380128622055 17.82986679673195 4.63871106505394 1.9702964797616 0 0 0 0 0 0 0 0 0 0 0 0 0.3983745723962784 0 0.4486752152442932 0 0.7190191745758057 1.12981341779232 0 0 0.238329142332077 0 0 0 2.450243070721626 1.029640950262547 5.548262357711792 2.911814577877522 2.329528115689754 0 0 0 0 0 0 0 0 0.1734521836042404 0 0 0 3.008987873792648 0 0 0 0 0.6793511807918549 0 0 0 0 3.497124761343002 0 0 0 0 0 0 0 0 0 3.49789897352457 0.6723310798406601 0 0 0.1108958721160889 2.028879679739475 0 0.336786225438118 0.1991603225469589 0 0.2136375159025192 0 0 0 0 0.08765017241239548 0 0.09419264644384384 0 0 0 2.774309925734997 1.064474634826183 3.285558573901653 164.6559548377991 1.11207902431488 45.54064735025167 9.52057933062315 1021.774126656353 9.57795787602663 0.0966978594660759 7.719107903540134 19.43394163250923 0.4029559940099716 0.706245169043541 0 18.34801983833313 0.4041355848312378 0 0 2.400240167975426 0.1358033120632172 164.4929773882031 10.51339673995972
2668.452383674681 2191.476094830781 2021.278148103505 735.0501006320119 1421.455730974674 60.49244110286236 1648.799759943038 932.6298083439469 895.5868558995426 554.6248023658991 1587.730677939951 66.07672486454248 722.9221434742212 1149.353966116905 39.46962775290012 15.15427808463573 3.065720610320568 1.171636804938316 0.7313349917531013 2.053470276296139 0.4094344228506088 0 0.3392927274107933 0.8222373500466347 0.7546395137906075 0.3074513599276543 0.07122289389371872 0.1944438144564629 0.4245715960860252 0.08390174806118011 1146.583820641041 36.90563666075468 66.47788105905056 3.211351729929447 2.100161992013454 1.309789575636387 11.16734609752893 4.059175275266171 0.4602527096867561 0.9939504787325859 0.331275038421154 0.6063530221581459 0.7214467078447342 1.986228786408901 1.353639051318169 3.2472835034132 235.9640821218491 5.278143510222435 1.170926295220852 2.316660445183516 1.796207074075937 0.09418012201786041 0.2793191745877266 0.3931473717093468 8.21751868724823 12.7784025631845 128.0663684345782 688.725854024291 79.62307677045465 188.8215689174831 2.198404543101788 12.11837741360068 3.390388749539852 163.8632019385695 5.954274021089077 8.866596557199955 1.629144608974457 3.506630539894104 2.273517057299614 1.936293378472328 4.506107546389103 0.2500470578670502 0.1161436289548874 601.2452862039208 188.3228966072202 213.0040132515132 23.58498495817184 4.541278481483459 73.68298959732056 164.2574193477631 0.588488332927227 27.01918762549758 26.64680228382349 0 6.454342648386955 2.682068798691034 1.090798921883106 0.2820437103509903 0.6998617053031921 0.1031456142663956 0.1508997417986393 0.2040163651108742 0.692020408809185 0.4593901261687279 0.4753908663988113 21.48386628180742 1.984461821615696 0.155307799577713 2.008548147976398 389.5698998644948 0.1596960872411728 1.20106153935194 2.87403079867363 3.154982253909111 0.3084225356578827 0.5584793165326118 3.80678702890873 1.000095680356026 3.777177378535271 8.079453252255917 0.6042499542236328 2.365986734628677 18.92153038829565 6.180874370038509 3.06620280444622 0 0 0 0 0 0 0 0.1884176880121231 0 0.09331018477678299 0 0 2.071189343929291 0 0.3358061611652374 0.1478683203458786 1.197736084461212 2.751591548323631 0.4496741145849228 0.7383423894643784 0.6647932529449463 0 0 0 0.553991012275219 1.083865806460381 4.07685399800539 3.081230245530605 2.703728064894676 0.12739197909832 0 0 0 0 0 0 0 0 0.07861258834600449 0 0 4.224505789577961 0 0 0 0.1508212573826313 0.1181777119636536 0 0 0 0 1.203445948660374 0 0 0 0.06364846974611282 0 0 0 0 0 1.343155346810818 0.4077387079596519 0 0 0 0.7376978918910027 0.1864520311355591 0.6543633192777634 0.0906594917178154 0 0 0.1161863878369331 0 0 0.1594826132059097 0.3375544846057892 0 0 0 0 0 3.294247783720493 0.8805572390556335 3.260240003466606 685.2622770741582 14.76676000282168 383.5368052534759 79.86666962504387 697.0064679458737 38.82949855923653 2.603164821863174 37.67170620709658 21.3439329713583 0.4166738167405128 0.8522263169288635 0 18.33981561660767 0 0.4226783961057663 0 7.39132696390152 1.15113028883934 129.7346621491015 5.381161972880363
483.5435928031802 2021.278148103505 777.9289176762104 33.505800049752 1421.159451168031 11.38767126202583 119.0400663726032 933.3899056501687 227.3398317471147 76.57998067885637 1700.023902572691 57.31348392367363 339.7702948525548 853.2784887738526 18.07066410779953 10.46311788260937 3.421291999518871 4.03586707264185 4.241394825279713 11.83082748949528 7.359543532133102 0 2.154579967260361 2.095073819160461 2.023498229682446 0.6231968328356743 0.1411912590265274 0.945584237575531 0 0 3604.641016893089 249.3609235584736 197.5193581283092 27.43751444667578 14.12430269271135 9.852935738861561 35.78127823024988 14.32448131591082 0.7559728175401688 0.1771193370223045 3.314835295081139 3.70073813945055 4.807371221482754 7.019487597048283 14.27070301026106 20.70133715122938 56.83894168958068 1.661369621753693 1.054889813065529 12.03781209141016 1.412640303373337 0 0.09334065765142441 0.5736175253987312 1.27497099339962 2.747355237603188 39.81542101129889 397.390814024955 24.0354485809803 41.95968828350306 9.427930302917957 95.04662501066923 26.21558456867933 440.0572905614972 1.27544529363513 2.387877706438303 0.4120828360319138 3.830044336616993 11.89261399209499 12.65189073234797 18.14601261168718 1.171755790710449 0.07882864028215408 179.4062729179859 125.0707447379827 71.13700288534164 33.2386791780591 35.17862538248301 110.4004876986146 616.491015471518 7.921827629208565 271.2576752901077 5.976129680871964 0.1421773359179497 2.724846191704273 0.6331456378102303 6.814494512975216 0 0.1483846455812454 0 0.07522657513618469 0 3.279364496469498 1.681282766163349 1.001290202140808 5.228388518095016 2.351315006613731 0 0.5165908858180046 83.64678201079369 0 0.08360274881124496 0.9807026386260986 0 0 0 0.4107214510440826 0.4287762641906738 0.2188448458909988 0.5387965738773346 0.1255927383899689 0.642000213265419 7.301902733743191 1.361316785216331 1.189410723745823 0 0 0 0 0 0 0 0 0 0 1.079921960830688 0 0.1556253135204315 0 0.1208110898733139 0 0.8545487821102142 0.1364686638116837 0 0.1784535497426987 0.2405046969652176 0 0 0 0.5252476334571838 0.1180225536227226 1.987658306956291 0.4877730533480644 0.2935434579849243 0.2378830313682556 0 0 0 0 0 0 0 0 0 0 0 0.3746075928211212 0.2768535614013672 0 0 0 0 0 0 0 0 0.4219739213585854 0 0 0 0 0 0 0 0 0 0.9494588226079941 1.32048924267292 0 0 0 0.330712765455246 0 0.1004481837153435 0.1889849305152893 0 0 0 0 0 0 0 0 0 0 0 0 1.066877901554108 0.4242076575756073 1.587202616035938 158.4615504518151 4.2432466968894 84.10819932073355 21.92389804124832 102.4935076162219 6.389215849339962 0.3094040900468826 10.43170008063316 2.047237142920494 0.1194640323519707 0 0.1007541418075562 4.392623588442802 0 0 0 2.417611114680767 0 26.91276279091835 2.389022670686245
1784.682118244469 735.0501006320119 33.505800049752 511.697510458529 38.07263447344303 302.2701900824904 895.5346995405853 15.6095359697938 24.37158360332251 3243.528308324516 7.437812119722366 335.1354642063379 674.5574033558369 77.48448137938976 5.419372566044331 3.086445137858391 0.8619104623794556 0.5564911514520645 0.09049210697412491 0 0.1787382364273071 0 0 0.1164974644780159 0.1870653182268143 0 0 0.08025608211755753 0.08412709832191467 0 90.83968410268426 2.45766132324934 6.06675112247467 0.4687630012631416 0.1930060908198357 0.4723760187625885 4.898321151733398 3.688201814889908 1.429466485977173 0 0.2570990025997162 0.1088362410664558 0.5579092651605606 0 0.2538770213723183 0.3001606911420822 29.44918455183506 1.059474140405655 0.3755063414573669 0.1625337451696396 0.2836737707257271 0.459950715303421 0.1377503424882889 0 1.801579535007477 1.711423255503178 60.38889215886593 223.8350197002292 19.28655132651329 30.65959516912699 0 6.035422474145889 0.0732632651925087 14.96662773191929 0.9398552775382996 1.178948484361172 0.08300817757844925 0.5341705232858658 0.2566422671079636 0 5.281624063849449 6.29839251190424 0.1086783036589622 129.179093375802 21.45656628906727 23.86582443863153 1.494877249002457 0.4061250053346157 2.00636263936758 3.243779592216015 0 6.439239505678415 4.503178127110004 0.1709956675767899 0.8761484697461128 0.4933991096913815 0.5562449842691422 0 0 0.2828700318932533 0.07472575455904007 0.1267981827259064 0 0 0 144.4009269326925 9.245104178786278 0.6209055334329605 1.883766874670982 444.9064545929432 0.4089936539530754 4.721439436078072 90.2685217410326 21.81210291385651 0 61.23540855944157 19.229407325387 9.325810343027115 26.94423618912697 28.90482790768147 0.9006749987602234 9.023561403155327 40.91506522148848 12.22746389359236 8.458290100097656 0 0 0 0 0 0 0 0 0 0.3596980273723602 0 0 2.118478007614613 0.545796275138855 0.5244643986225128 0.3690008819103241 2.060090683400631 2.537657305598259 0.3134342283010483 0.6986099034547806 0.1611788719892502 0 0 0 2.705562941730022 2.39597649872303 5.861679144203663 4.15443193167448 6.433354087173939 0.1079205870628357 0 0 0 0 0 0 0 0.2936057075858116 0 0 0 6.016021147370338 0 0 0 0 0.113859735429287 0.09964576363563538 0 0 0 2.015009194612503 0.1209715306758881 0 0 0 0 0 0 0 0 4.741788230836391 2.675770938396454 0 0.1125567257404327 0 0.7704667001962662 0 0.5641797631978989 0.1806968748569489 0.3358145952224731 0 0 0 0 0 0 0 0.07786927372217178 0 0 0 5.375200040638447 2.080448858439922 4.701819598674774 275.9793567880988 7.061944209039211 56.40653375536203 17.57220504432917 942.4045347943902 6.19895651191473 0.3908562287688255 11.80130132287741 40.61004162579775 0 1.22174958884716 0.08795836567878723 42.17889374494553 0 0 0.931994840502739 1.740751251578331 0 84.69049854576588 6.989275500178337
22.04016586393118 1421.455730974674 1421.159451168031 38.07263447344303 1555.070178776979 2.198808915913105 1845.812869682908 825.6450777575374 2638.916425213218 223.1232437416911 2970.764653749764 24.6699576228857 404.7275204062462 1356.066569425166 17.23918408900499 6.413496218621731 0.9880730211734772 0.3753690347075462 0.1062869802117348 0.5170012526214123 0.614483430981636 0 0.1949802041053772 0.171867311000824 0 0.2022484764456749 0.09266379475593567 0 0.06945689022541046 0 88.10387460887432 19.00694158673286 17.61055926978588 1.056600525975227 0.9631760269403458 0.609073705971241 5.499714598059654 3.353780597448349 0.4739170223474503 0 0.1885295435786247 0.4656236618757248 0.2845892161130905 2.195990994572639 0.9771803021430969 1.43717248737812 67.34450413286686 1.753976382315159 0.1543345898389816 0.6547679007053375 0.5105784833431244 0 0 0.116321749985218 1.352131359279156 2.79265858232975 13.13747932761908 50.10991822183132 8.319662474095821 38.1098385900259 1.696185305714607 7.920108202844858 1.281064301729202 28.90312300622463 0.5288562141358852 1.670901190489531 0.2826127931475639 1.30695253610611 0.6219769641757011 0.7628689408302307 1.929537989199162 0.3030674159526825 0 83.09303117915988 35.10297702252865 64.18075957149267 7.264891929924488 4.128535188734531 41.31681639701128 41.10101881623268 0.5338057577610016 14.38606521487236 5.229040235280991 0 1.08967137336731 0.419961579144001 0.9177651032805443 0.07043369859457016 0 0 0.06642856448888779 0 0.2099807411432266 0.2075461074709892 0.1098512411117554 4.563737861812115 1.164406068623066 0 0.4719615131616592 6.084596805274487 0 0.2400469034910202 0.1296254247426987 0 0.2456378042697906 0.1419857889413834 0.6234742850065231 0.1618556380271912 1.063976973295212 1.232348054647446 0 0.6285973563790321 3.067348308861256 1.623683959245682 0.6030964031815529 0 0 0 0 0 0 0 0 0 0 0 0 0 0 0 0 0.1180038973689079 0.2016038596630096 0 0 0.1404248476028442 0 0 0 0 0.1850075647234917 0.6596309095621109 0.9876658394932747 0.6340505704283714 0 0 0 0 0 0 0 0 0.2531769871711731 0 0 0 0.6046500205993652 0.1314546465873718 0 0 0 0 0 0 0 0 0.3074931800365448 0 0 0.06582673639059067 0 0 0 0.2460476607084274 0 0 1.045553997159004 0 0 0 0 0.3064592704176903 0 0 0 0.08865780383348465 0 0.113227941095829 0 0 0 0 0 0.09890455007553101 0.07352651655673981 0 0 0.6133914887905121 0.3169857040047646 1.05956906825304 169.8988461270928 3.111339278519154 101.9901161715388 25.59634676575661 62.26474955677986 8.91196197271347 0.4578740671277046 10.11431115865707 3.052501142024994 0.06805609911680222 0.1562502831220627 0 1.772332936525345 0 0 0 2.284529872238636 0.1647712588310242 21.35449209064245 0.8294021636247635
191.126827865839 60.49244110286236 11.38767126202583 302.2701900824904 2.198808915913105 8.276210725307465 35.44048397988081 4.393938332796097 3.105842173099518 492.8512130528688 1.716561242938042 259.3754010051489 56.06126732379198 7.153527468442917 0.8587732836604118 0.5255110263824463 0 0 0 0.1380620747804642 0.7544176280498505 4.108108200132847 0.2261959612369537 0 0 0 0.3407930135726929 0 0 0 99.62926483154297 0.5573009550571442 19.62316816300154 1.638391800224781 1.726609066128731 4.698857121169567 24.73789185285568 16.71290454268456 6.244559057056904 2.637588158249855 0.1845945864915848 0.1002905145287514 0 0.9145717620849609 0 5.184610098600388 1.497507058084011 0 0 0 0.2938250228762627 11.35676755011082 5.291261523962021 0 0 0.4416834712028503 101.7845938429236 70.5253865942359 2.378709807991982 2.667888067662716 2.152318030595779 13.3571885228157 10.31441085785627 0 0 0.1847133040428162 0.5763663202524185 0.4086890146136284 0 0.2554536312818527 47.55105363577604 112.7686133757234 11.10440760850906 10.17574869841337 0.7636706382036209 1.29766196757555 0 0.1290682256221771 2.025870829820633 2.497018098831177 0 3.069562911987305 0.07920126616954803 1.322068467736244 0 0.2035447210073471 0 5.921818628907204 3.593983016908169 10.41437821835279 1.985362693667412 3.714091703295708 0.3168988823890686 0.8685495108366013 0.2164192646741867 391.2198994532228 142.3083931654692 32.92746837437153 21.00368725508451 441.0292170643806 0 1.234227329492569 0.3552912175655365 0.7431232929229736 0 0.2517783343791962 1.451928406953812 0.3281580805778503 0 4.804534763097763 0.5189859867095947 1.416598781943321 6.646680548787117 2.82352502644062 2.308953672647476 0 0 0 0 0 0 0 0 0 0 0 0 0.5903467535972595 0 0.3461230993270874 0 1.05168629437685 0.2243939191102982 0 0.4397299289703369 0 0 0 0 0.2461019903421402 1.015543177723885 0.9672986567020416 1.946075804531574 1.330056063830853 0 0 0 0 0 0 0 0 0 0 0 0 1.274663716554642 0.1519057154655457 0 0 0 0 0.07328636199235916 0 0 0 0.6437908411026001 0 0 0 0 0.1005323752760887 0 0 0 0 1.169463463127613 1.229405164718628 0 0 0 1.535289213061333 0 0.2085548490285873 0 0.3337266445159912 0 0 0 0 0 0 0 0.08306551724672318 0 0 0 2.512903153896332 0.2971794754266739 2.336536638438702 58.14514207839966 1.463258847594261 4.604603976011276 1.325711093842983 186.956105850637 0.3035396933555603 0 2.976231753826141 7.920738026499748 0 0.08202280849218369 0.5007885098457336 15.62039069831371 0 0 0.2285695225000381 0 0 97.69967307150364 4.299866311252117
310.2822051011026 1648.799759943038 119.0400663726032 895.5346995405853 1845.812869682908 35.44048397988081 744.2762052193284 92.14044345170259 1362.303197622299 1881.631195873022 1174.642737306654 451.4027441889048 3263.201802127063 1931.33810852468 37.53593134135008 15.48770575225353 3.61383631080389 0.4822763428092003 0.2474738731980324 0.5332381278276443 0.564563661813736 0 0.2312941029667854 0.7532117515802383 1.144569434225559 0.1843741461634636 0.4852631017565727 0.4138862118124962 0.09263445436954498 0 42.71035962179303 26.51955855637789 54.91343105584383 1.284405618906021 2.372382961213589 1.965483754873276 22.98818354308605 9.836549989879131 1.118245512247086 1.414391167461872 1.374013006687164 0.4225556924939156 0.6447715684771538 3.425670109689236 1.129537787288427 1.304011452943087 140.592319265008 2.780639246106148 0.9143938794732094 0.7252712845802307 0.6962366029620171 0.07740264385938644 0 0.4336180239915848 2.431800924241543 5.241934191435575 39.45321929454803 141.4397076331079 25.09618332237005 76.9267893396318 1.161100722849369 12.57906042411923 1.527322445064783 44.27282295376062 3.046994522213936 3.81436275318265 0.5782255753874779 2.462126720696688 1.067959293723106 1.057295240461826 11.49295160919428 3.285398691892624 0 192.7791143916547 52.48037652671337 116.2340208478272 13.09903018176556 5.368162587285042 43.8763454630971 29.44227135181427 0.9319446086883545 20.22367818653584 12.5967802926898 0.3377980142831802 3.306628357619047 1.497017182409763 1.124974220991135 0.2363971099257469 0.1318728886544704 0.4701150059700012 0 0.08842215687036514 0.9341800808906555 0.4655445069074631 0.2357010096311569 52.89785946905613 4.230869591236115 0 1.956107892096043 70.5669968277216 1.423694483935833 2.791981227695942 76.7539988681674 25.18144790828228 2.15001979470253 41.42222855985165 10.18160152435303 10.74764864891768 45.69170432537794 12.60738162696362 0.5776415765285492 11.2493497505784 24.18516381084919 12.12401898950338 7.181771486997604 0 0 0 0.3305270671844482 0 0 0 0 0 0.1327201873064041 0.1548289358615875 0.1060256510972977 0.9452994391322136 0 0.5120674222707748 0.5959665477275848 1.914444126188755 2.438024938106537 0.3862279802560806 1.586223416030407 0 0 0 0 3.118038944900036 1.635981671512127 6.653056263923645 5.004323795437813 1.683676190674305 0 0 0 0 0 0 0 0 0.1489923596382141 0 0 0 5.789789505302906 0 0 0.2136157751083374 0 0.6394901648163795 1.020269893109798 0.2783348560333252 0 0.2139004170894623 4.626248024404049 0.4329490810632706 0 0.06583808362483978 0 0.08971282839775085 0 0 0 0 5.257216282188892 0.8323410078883171 0 0.1169575676321983 0 2.113185830414295 0 1.268019273877144 0.1278506964445114 0.8044546917080879 0.07133442908525467 0 0 0 0 0 0 0.06951334327459335 0 0 0 4.570343412458897 2.338673144578934 5.197979561984539 565.7377397790551 11.98093904554844 226.3297598771751 58.23267312347889 353.0079661011696 19.50852175056934 0.4179913252592087 35.33917650580406 23.01488306373358 0 2.153290361166 0.2175754383206367 22.51984115689993 0.4630351811647415 0.4978828877210617 0.5394419878721237 4.90239692479372 0.3262953162193298 77.46542761102319 10.17644558846951
86.69718278944492 932.6298083439469 933.3899056501687 15.6095359697938 825.6450777575374 4.393938332796097 92.14044345170259 378.8918895199895 261.1070752516389 52.23089060932398 1029.703016079962 70.36143167316914 226.8200285062194 826.9257537983358 21.9009078592062 15.07584781199694 5.381039693951607 3.215286314487457 3.563750050961971 13.70696695894003 9.491249620914459 0 1.770122028887272 2.677479833364487 3.7664500400424 0.8082074820995331 0.7950124591588974 1.053767740726471 0.2141832932829857 0.1078337579965591 1553.177937053144 880.883671887219 431.6780588924885 30.55048093944788 20.20384593307972 13.10444764792919 74.67470479756594 36.16875962913036 0.9853703230619431 1.129966534674168 4.858270972967148 3.692136630415916 5.907190546393394 30.15055864304304 15.71066460758448 27.68692134320736 52.84067549556494 1.053971469402313 1.676489941775799 11.05271642655134 0.9874119609594345 0.2442750781774521 0 1.208349123597145 1.026045888662338 1.656727716326714 18.41338469833136 186.605869807303 11.09378926455975 28.95987259596586 17.97893901541829 374.3754155300558 31.27407532930374 284.3879869282246 0.8625456914305687 1.95674541592598 0.6997666358947754 4.919925533235073 10.54760242253542 13.57651197165251 28.61970148235559 1.267202615737915 0 90.00547540187836 78.59156309068203 64.12446667253971 87.83783156424761 132.1565631255507 453.6558342427015 1870.552708476782 11.00733844190836 2120.238209187984 4.853201530873775 0 1.34771279245615 0.5112559720873833 6.303491957485676 0 0.08452149480581284 0.105672650039196 0.1771999225020409 0.221475787460804 2.64417128264904 1.142484895884991 1.952315390110016 4.826371155679226 2.072329968214035 0 1.336961202323437 22.67260000854731 0 0.1360076367855072 0.2152290791273117 0 0 0.2730147540569305 0.5465569421648979 0 0 0.2338799983263016 0.3066522777080536 0 3.785495206713676 1.835300222039223 0.4099397361278534 0 0 0 0 0 0 0 0 0 0 0.1292898058891296 0 0.2132632583379745 0 0.332323282957077 0 0 0 0 0.1076408326625824 0 0 0 0 0.4349572882056236 0.6753405630588531 0.1727528423070908 1.119326442480087 0.241693377494812 0.1264988631010056 0 0 0 0 0 0 0 0 0 0 0 1.118303664028645 0.1217934191226959 0 0 0.08093971759080887 0 0 0 0 0 0.2241457924246788 0.1066238433122635 0 0 0 0 0 0 0 0 0.7646579593420029 0 0 0 0 0.4105120077729225 0 0 0.1814186424016953 0 0 0 0 0 0 0 0 0.1023960709571838 0 0 0 0.6791741400957108 0.3498143032193184 1.03723481297493 138.3079201951623 3.692337244749069 71.9069702476263 18.66071477532387 46.60479483753443 4.709090575575829 0.6028005033731461 8.399849221110344 1.339415483176708 0.326955109834671 0 0 0.4046098589897156 0 0 0 1.538889072835445 0 17.90753289312124 0.8873030915856361
16.03751579672098 895.5868558995426 227.3398317471147 24.37158360332251 2638.916425213218 3.105842173099518 1362.303197622299 261.1070752516389 405.9434214234352 167.745376393199 1150.943927176297 31.52287643402815 693.989523217082 736.2440143674612 17.60051333904266 10.15415567904711 1.38921008631587 0.4463238641619682 0.3509737998247147 0.337251290678978 0.6541320011019707 0 0.4535431638360023 0.07507439702749252 0.2336341589689255 0.09037482738494873 0.247537650167942 0.3914046883583069 0 0.08134867250919342 46.94579815119505 24.87204276770353 62.3395582139492 1.864468194544315 1.528941944241524 1.482093833386898 16.58777344226837 5.328675411641598 0.6001954823732376 0.1624472662806511 0.3180812448263168 0.1599518805742264 0.3301285058259964 3.165010370314121 0.787357285618782 1.323606662452221 55.140529692173 1.007060654461384 0.7367523685097694 0.8507449515163898 0.3124451413750648 0 0.1213513016700745 0.09638604521751404 0.6252463907003403 1.181669525802135 7.618392989039421 22.46700172126293 4.910831578075886 28.89318311214447 0.8382942453026772 17.51628289371729 0.9730277210474014 15.35375824570656 1.045261073857546 1.290632907301188 0.07770061492919922 0.7193630337715149 0.2581709399819374 0.8615601509809494 6.053241565823555 0.6209856271743774 0 51.44311348348856 20.11165657639503 60.27058485895395 7.033821806311607 5.362803101539612 52.08738208562136 95.84063140302896 1.092082988470793 56.20622415095568 3.536334346979856 0.06407693028450012 1.356482971459627 0.5893711224198341 0.6359490528702736 0 0.2898589000105858 0.266312837600708 0.06270503252744675 0 0.08884424716234207 0 0.08959610015153885 5.463378369808197 0.9791438430547714 0 0.3285369724035263 3.110211372375488 0.09178678691387177 0 0.3124420493841171 0.3453450500965118 0 0 0.652905747294426 0 0.2260503768920898 0.5392147302627563 0 0.09833654761314392 4.349487043917179 1.76036573946476 1.169476456940174 0 0 0 0 0 0 0 0 0 0 0 0 0.2034615650773048 0 0.2788441479206085 0 0 0.3261008262634277 0 0.1442290991544724 0 0 0 0 0.4637885019183159 0.3108877241611481 0.7745815962553024 0.2116915658116341 0.3127536624670029 0 0 0 0 0 0 0 0 0 0 0 0 0.123680368065834 0 0 0 0 0 0 0 0 0 1.032361201941967 0 0 0.06571277230978012 0 0 0 0 0 0 1.173608176410198 0 0 0 0 0.6898132562637329 0 0.09828796237707138 0 0 0 0 0 0 0 0.07398407161235809 0 0 0 0 0 0.7461795136332512 0.7550207227468491 1.143999502062798 143.577305726707 3.118305213749409 77.51598790287971 19.54507925361395 40.49078800529242 7.193260595202446 0.4477771148085594 9.891976840794086 2.553172737360001 0 0 0 0.8222216293215752 0 0.1052887365221977 0 1.5156065300107 0 13.96722655743361 1.519477561116219
921.5302253440022 554.6248023658991 76.57998067885637 3243.528308324516 223.1232437416911 492.8512130528688 1881.631195873022 52.23089060932398 167.745376393199 3396.191153742373 173.4852361306548 1855.061046011746 3830.807135649025 337.3374423533678 28.47005726397038 11.8507714420557 4.815762035548687 0.7621729373931885 0.221464216709137 1.035742752254009 1.08492223918438 0.1308534145355225 0.7971934825181961 0.4435079544782639 4.676451742649078 0.5019131675362587 0 0.6927627176046371 0.6563931703567505 0.1174155622720718 76.13896540552378 12.4638674557209 136.3155617713928 1.835317082703114 3.350025072693825 8.357160180807114 269.2604373842478 58.97532538324594 11.66288316249847 11.17875287681818 5.354156762361526 0.5705453753471375 0.4967523738741875 2.149816952645779 1.101675972342491 4.088602229952812 87.97281868010759 0.8363593742251396 0.6391526088118553 0.5889230743050575 0.1822206899523735 0.6279581412672997 4.218473613262177 0 0.8709235563874245 2.191895037889481 76.14133769273758 197.9594383537769 17.44911310076714 48.1656204238534 0.7611207589507103 18.98423688113689 4.324326261878014 31.19937901198864 1.400007620453835 1.465763621032238 0.4902635589241982 1.234506145119667 1.222986042499542 2.036260567605495 129.5573886483908 42.51352193951607 1.328026443719864 113.948001742363 20.50341929495335 40.38800168782473 3.264054514467716 3.807766333222389 7.120311796665192 13.06372693181038 1.224630743265152 11.67620888352394 6.87736140191555 0.3048280104994774 0.8870187029242516 0.8378294110298157 1.277784205973148 0.2108450531959534 0.4453535750508308 1.905048578977585 0 0.9925012588500977 0.7820634394884109 0.435656264424324 0.3074213862419128 739.7483857572079 86.01859967410564 1.749527111649513 20.76649578660727 570.9038388431072 2.116918414831161 14.1132538318634 99.80296306312084 31.64775762706995 3.247793301939964 49.32269221544266 57.27801841497421 11.98958791792393 36.44416488707066 57.24861224740744 2.755084753036499 38.92599613964558 301.236746609211 74.73838621377945 38.14480242878199 0 0 0 0 0.1125156357884407 0 0 0 0 0 1.41069607436657 0.360115110874176 5.770871162414551 0.804185152053833 1.207903645932674 0.124268963932991 5.642792567610741 4.651152178645134 1.425517603754997 5.061208866536617 2.696270316839218 0 0 0 16.48666153848171 12.54693325608969 36.95409011095762 23.82113053649664 11.47917459160089 0 0 0 0.1365520358085632 0.2989750131964684 0 0 0.621733695268631 0.08783318102359772 0 0.1210453286767006 0 14.48847542703152 0.2593110650777817 0.08664825558662415 0.1267041712999344 0 0.5253692418336868 1.457976803183556 0.1860301494598389 0 0 28.59878459572792 0.8183401525020599 0.09728936105966568 0 0.1356607675552368 0 0 0 0 0 43.271475084126 16.21081547439098 0 0.280694842338562 0.1124886870384216 11.70812273025513 0.2952651679515839 4.515062302350998 0.7685387879610062 0.8966488614678383 0.3656478524208069 0 0.1634909957647324 0 0.09768801182508469 0 0 0.1716813445091248 0 0 0 49.62787845730782 16.63971333950758 33.85559573024511 1327.801370121539 12.84548095613718 201.6262150853872 68.81933726370335 1521.576947271824 24.69406099617481 0.6231864839792252 60.70917462557554 113.8062780722976 0.1780868023633957 5.565030433237553 2.164211712777615 173.8763544782996 0.2746927589178085 0.5324840545654297 1.083920896053314 11.00086830556393 1.643949508666992 394.0782396569848 88.1519635245204
58.82029840350151 1587.730677939951 1700.023902572691 7.437812119722366 2970.764653749764 1.716561242938042 1174.642737306654 1029.703016079962 1150.943927176297 173.4852361306548 1004.526518009603 130.8421983718872 2354.74392144382 2701.055880539119 12.86105746775866 6.407067768275738 2.802246980369091 0.0857432559132576 0 0.8331329748034477 0.6499909162521362 0 0.2330045998096466 0.1130926162004471 0.3894033804535866 0.2144528701901436 0.2773454338312149 0 0.07946960628032684 0 355.7783678025007 156.8800805956125 444.5796820744872 1.198984958231449 1.817381270229816 1.596666716039181 54.86258065700531 15.03646535426378 0.2803394347429276 0.3837380707263947 1.310841955244541 0.4269248619675636 0.1497208625078201 1.525490149855614 0.5672426372766495 0.8619829341769218 27.23687373846769 0.3223921656608582 0.4555703103542328 0.4763431176543236 0.08314389735460281 0 0 0.2576413452625275 0.379329539835453 0.4213621020317078 7.035029269754887 25.74462243169546 3.257236301898956 11.12508936971426 0.6261100247502327 113.082932561636 2.333576794713736 20.99891201406717 0.297054760158062 0.4244649261236191 0.07021036744117737 0.6407302692532539 1.177947260439396 1.855483911931515 11.70729325711727 0 0 27.55398613959551 12.09999218583107 24.1626858189702 5.869066566228867 5.423119343817234 67.38153158128262 1076.640350043774 0.5223216861486435 357.7595140337944 1.365740247070789 0 0.4047873765230179 0.1591714099049568 0.5991674140095711 0 0.1682744771242142 0 0 0 0.2429810613393784 0.6938045099377632 0.1953628063201904 6.082800030708313 0.8708943575620651 0 0.564718134701252 5.843708246946335 0 0 0 0.6177582740783691 0 0 0.3140454888343811 0 0.1156143844127655 1.012707620859146 0.2209793031215668 0.6190623939037323 1.627800367772579 1.454387411475182 0.1040549427270889 0 0 0 0 0 0 0 0 0 0 0 0 0 0 0 0 0 0 0 0.3095987290143967 0 0 0 0 0.4449900463223457 0.2198054939508438 0.4918718934059143 0.452489472925663 0 0 0 0 0 0 0 0 0 0 0 0 0 0 0 0.06279584765434265 0 0 0 0 0 0 0 0.7426790669560432 0.08846403658390045 0 0 0 0 0 0 0 0 0.4461320713162422 0 0 0 0 0.4906356409192085 0 0 0 0 0 0 0 0 0 0 0 0.07061325013637543 0 0 0 1.248763158917427 0.1083741709589958 1.16155244410038 82.36658434569836 2.891155604273081 38.39458184689283 8.746627800166607 21.17181492596865 3.484062694013119 0 4.527917549014091 2.042725503444672 0 0.1535930782556534 0 0.9975087121129036 0 0 0 0.9794349670410156 0 9.198637664318085 1.482128135859966
65.1178051456809 66.07672486454248 57.31348392367363 335.1354642063379 24.6699576228857 259.3754010051489 451.4027441889048 70.36143167316914 31.52287643402815 1855.061046011746 130.8421983718872 160.827084466815 750.1868041455746 322.7088311389089 32.2834797501564 20.10981711745262 14.11789597570896 0.9594551622867584 0.6767075061798096 3.089934200048447 6.28031112998724 0 3.607662796974182 1.562834911048412 11.74387594312429 3.051808089017868 1.73213205486536 1.405467063188553 0.185902863740921 0 12.22231566905975 2.674464643001556 221.3632427453995 15.21379633247852 19.30543711781502 24.6546353623271 859.2323836609721 301.925846286118 56.83452555537224 26.52002720534801 7.840034149587154 2.975157454609871 0.7451386526226997 3.073455914855003 2.382711753249168 9.217644266784191 57.31351810693741 0.7810374051332474 0.5900193080306053 1.58645474165678 0.2206849008798599 0.7894390821456909 1.034738294780254 0.8423211425542831 0.3219279497861862 0.6814099922776222 26.95042530447245 29.02130875736475 3.789051204919815 13.36117586493492 2.36520716547966 124.7648741975427 19.97742892056704 5.300557814538479 0.4911489710211754 0.3682316318154335 0.1478706821799278 1.776174336671829 5.546210616827011 6.425176963210106 499.2193901017308 21.08686167001724 0.3685267791152 24.98462156951427 8.001223243772984 24.52443301677704 1.74690855294466 1.22681699693203 5.420547999441624 56.83538623154163 0.8724443539977074 30.72280965000391 2.388334944844246 0 0.4343274235725403 0 1.576378859579563 0.08509305864572525 0.1553754135966301 0.08830050379037857 0.1994281485676765 0 3.078264467418194 2.701855942606926 2.207752428948879 1714.716070301831 460.6119882464409 0.6497556269168854 141.533108599484 249.8389793634415 0.9662885591387749 14.51980856060982 17.13373155891895 8.654008805751801 3.294072687625885 9.290815964341164 58.70467453449965 8.564743004739285 12.01892196387053 62.59252122789621 4.149188220500946 27.63377971947193 306.8295822665095 98.49426360428333 48.0452177375555 0 0 0 0.1074032559990883 0 0 0.08307001739740372 0.08019613474607468 0 0.4275772273540497 1.304939150810242 0 4.090689606964588 0.2240112274885178 0.6040527895092964 0 2.412098430097103 0.9802101850509644 0.16339111328125 10.27725077420473 3.265902400016785 0 0 0 31.14374294131994 16.96585085988045 56.40403199195862 29.51379465311766 8.352335162460804 0.4224381223320961 0 0 0.419534407556057 0 0.165888711810112 0 0.3422005996108055 0.6164803877472878 0 0.08373754471540451 0.5304193422198296 6.762786373496056 0.4088037386536598 0 0.338670551776886 0.5011752918362617 0.799193799495697 1.364196375012398 1.202998355031013 0 0.2276497036218643 30.8240403085947 1.780327178537846 0.4796464294195175 0 0 0 0 0 0 0 63.95388505607843 7.837551794946194 0.2349036633968353 0.827788457274437 0 17.5712918639183 0.33074851334095 5.700865566730499 0.5397104844450951 0.8711099401116371 0.7725656405091286 0 0 0.06985430419445038 0 0.1014314517378807 0.7766043841838837 0 0 0 0 70.67469345778227 34.50285971909761 41.73486821353436 449.2312911748886 10.34804783761501 101.7874337211251 37.40407086908817 468.7795049324632 4.973818235099316 0.3827844336628914 27.63613466918468 62.77822382003069 0.8423922434449196 4.071593791246414 1.1310905367136 125.1426748484373 1.009097389876842 0 1.833933636546135 8.908722177147865 1.074797570705414 613.0821959897876 127.2678337469697
54.47964791208506 722.9221434742212 339.7702948525548 674.5574033558369 404.7275204062462 56.06126732379198 3263.201802127063 226.8200285062194 693.989523217082 3830.807135649025 2354.74392144382 750.1868041455746 2159.754966534674 3781.573854729533 63.04683864861727 42.25094306468964 19.95400003343821 2.22694668918848 0.9452358260750771 4.670975796878338 7.168097332119942 0 3.843878895044327 2.25062507390976 11.35424490272999 1.516147784888744 0.8674233183264732 0.5680089220404625 0.265305869281292 0.08757355064153671 23.13042628765106 25.63247963786125 838.2237211465836 13.15324095636606 21.81159041076899 16.5856658667326 1098.376457162201 386.6957540735602 12.57134980708361 36.56596714258194 6.547651618719101 4.094923995435238 1.28728374838829 7.651624985039234 3.00718792527914 10.4337417781353 137.8416767120361 1.728069797158241 2.234767459332943 2.716084912419319 0.2880160585045815 0 2.555613920092583 0.9115834683179855 0.9163253605365753 1.476808361709118 9.794544108211994 45.47018124908209 9.162082184106112 33.74016801267862 1.944693297147751 200.3037515431643 21.15844094753265 13.9260588362813 1.189792569726706 0.9328659027814865 0.7424596846103668 3.893702030181885 6.557753302156925 12.26825564354658 370.0227010622621 13.8840513676405 0.2799679636955261 63.11353311315179 19.9961923211813 69.91199364513159 12.22441349178553 9.072337992489338 38.43282774090767 368.1282814368606 1.777819477021694 65.52604015916586 5.030992396175861 0.05941737070679665 1.16047253459692 0.5503267124295235 2.273908860981464 0 0.08808673918247223 0.3645013123750687 0.09250205010175705 0.2946905791759491 2.749517396092415 1.801113940775394 1.526492513716221 186.2941075488925 33.44573210179806 0 29.42927008122206 57.34027509391308 0.5299180075526237 4.322934344410896 4.112993806600571 4.914858683943748 2.373180754482746 4.651580713689327 15.92812693119049 4.249626323580742 34.51231649518013 31.68322042375803 1.50956791639328 18.53183499723673 114.3714538812637 42.22581473737955 22.12963784486055 0.3018881976604462 0 0 0 0 0 0 0 0 0.354350209236145 0 0.2146875262260437 1.728156507015228 0.1355072855949402 1.029829114675522 0.2415243163704872 1.329721815884113 1.004704654216766 0.2257506847381592 3.322537988424301 1.379243612289429 0 0 0.6512407064437866 15.8260034173727 6.480217456817627 26.44668672978878 11.74392993748188 5.707188241183758 0 0 0 0 0 0 0 0.2750307321548462 0.3331486880779266 0 0 0.0927007645368576 4.24851331114769 0 0 0 0 0.3253186196088791 0.09553539007902145 0.1221057176589966 0 0.2291600406169891 16.03366716206074 0.7405755445361137 0.1140899434685707 0 0 0 0 0 0 0 25.83364529162645 8.42132480442524 0 0.1170723810791969 0 10.78362812846899 0 3.134798347949982 0.6461948379874229 0.4820773005485535 0 0.09962322562932968 0.1069890707731247 0 0.1476955711841583 0.2372122555971146 0.10588089376688 0 0 0 0 23.0113141387701 16.60306430608034 23.34117349237204 689.0370952039957 14.91241308301687 203.0158860385418 66.84875097870827 196.8578753098845 13.16658032685518 0.9150979816913605 45.76345099508762 26.60114719718695 0.9347431063652039 2.008666925132275 0.3365932404994965 36.51153987646103 0.7429887279868126 0 0.4202532172203064 10.71709461510181 0.568256601691246 159.0611976608634 54.17955444008112
