413.4797767177224 2543.566345378757 173.4543474316597 1311.411579832435 5.599637940526009 235.4861845225096 79.60935088992119 64.44914346188307 1.773353099822998 564.5393382608891 149.6870347633958 47.59736865013838 33.90204107016325 65.44450578093529 9.660110138356686 6.528842404484749 2.063332080841064 0.8349159583449364 0.5752213895320892 0.4947412386536598 4.346009649336338 5.208233550190926 5.8982293009758 0.8084767386317253 4.348788298666477 1.093729302287102 6.886890009045601 0.2656620964407921 1.035206988453865 0.8291690498590469 1312.197083152831 13.89191433787346 63.43113693594933 0 5.077397510409355 1.781815484166145 13.38834560662508 8.249090917408466 4.73743362724781 4.264940023422241 4.606886103749275 2.42779129743576 8.242047227919102 3.610001839697361 0.4371555745601654 0.2063963115215302 84.72223237901926 13.5877276211977 3.30449490994215 4.899833410978317 4.639248602092266 2.633547708392143 1.205625772476196 2.428157702088356 25.22589123994112 46.56789457798004 247.9838130772114 499.9089093953371 61.13945438712835 79.97967872768641 2.824829399585724 24.36577150970697 0.9198256283998489 14.29030290991068 25.84290452301502 19.7930945456028 5.228588804602623 2.240333877503872 14.2358675301075 19.13738152384758 22.88520655035973 3.224103085696697 0.8097182810306549 547.0583849623799 10.37418829649687 27.96490883082151 3.2797941416502 3.158440925180912 3.913043208420277 209.9291577786207 0.9639303982257843 49.44041749835014 61.79317256808281 1.313375435769558 26.86232280731201 29.91301469504833 5.78767366707325 0.5729835852980614 6.605922445654869 0.8950044140219688 5.32909133285284 1.310414060950279 20.25427029281855 12.83027369529009 3.302346304059029 271.3982648849487 11.47689001262188 0.5619502663612366 7.568887934088707 898.1143017858267 0.2977848649024963 20.62038350105286 6.232603371143341 5.03971055150032 0.3419738486409187 0.450167715549469 3.537937253713608 0 15.58570250868797 14.96257476508617 0.1095205694437027 0.1383609771728516 29.97689950466156 4.533919081091881 0.1886353641748428 0 0.724411278963089 0 0 0 0 0.1099499389529228 0.1672394573688507 0 0 1.276645369827747 0.1413846611976624 0.6434191465377808 0.1360384374856949 0 0.3478881418704987 0.3617845848202705 0.3246182203292847 0 1.101705059409142 1.629157662391663 0 0 0 4.043929621577263 0 5.315462738275528 1.416624717414379 0.5398962423205376 0.4101858586072922 0 0 0 0 0 0.6183151006698608 0 0 0 0 0.1267852336168289 0.5876649767160416 1.408396199345589 0.1213657930493355 0 0.1273262500762939 0 0 0.442640632390976 0 0 1.357323974370956 0 0 0.08939690887928009 0 0 0 0.1185809075832367 0 0 4.844340600073338 0.1804323643445969 0.3967532068490982 0 0.1357315480709076 0 1.255157291889191 3.532724469900131 0 0 0 0 0 0 0 0 0 0.3272861242294312 0 0 0.1188590452075005 12.73459903895855 0.971777968108654 1.74688807874918 341.6558647453785 15.36676855385303 375.5492899864912 54.83172566443682 660.4164166375995 46.48302514106035 4.019620656967163 14.68732793629169 43.45952513068914 0 9.311218716204166 1.644918903708458 59.43607191741467 0 6.223905563354492 0 0.4530896246433258 0.2950668632984161 453.9664532467723 16.10522450506687
2543.566345378757 2339.326281547546 2418.2817620188 2648.188820809126 1266.056169375777 113.6579584032297 4179.650141507387 1096.687354080379 3341.169911488891 3265.931836992502 3144.497013062239 572.6274331957102 3468.686029352248 2925.1552381441 25.16874581575394 11.77352369576693 5.3897740021348 1.308563411235809 0.4624005034565926 1.513242699205875 4.383531801402569 12.56322206556797 7.333963021636009 1.00681845843792 7.640324577689171 1.986741781234741 14.69183752685785 1.965000256896019 3.253250353038311 1.058886148035526 3061.819234155118 69.61340311169624 182.1417427957058 1.020421802997589 8.293405368924141 4.39438807964325 41.11213367432356 18.70005860924721 13.82769103348255 9.75786817073822 7.720975130796432 4.996239848434925 8.280598238110542 4.009801924228668 1.087640821933746 0.3281779959797859 193.266788110137 49.5058793053031 9.345209531486034 5.363565608859062 10.52593468874693 4.215752191841602 5.235561206936836 8.141594409942627 44.87618113309145 57.17197420448065 142.5487656742334 237.8630465641618 73.21514712274075 119.4114549458027 3.270128518342972 30.47108160704374 0.4296974986791611 99.87788615375757 42.4771420955658 42.67958910018206 11.90888597071171 6.422339469194412 18.70816764980555 25.73510612547398 59.27211793512106 1.965495102107525 2.162969835102558 525.0603204071522 47.42664664238691 92.41103564947844 18.28915777057409 7.313469231128693 5.740308336913586 488.1983918175101 3.252039425075054 82.87525470554829 110.2686872407794 3.731018543243408 75.89336316287518 54.97524873167276 11.9242826551199 0.468463808298111 10.18766085803509 2.69084195047617 12.12599269300699 5.466121718287468 34.15379107743502 17.79951309412718 6.890375182032585 104.5046067535877 1.858193919062614 0.8012904599308968 3.973328053951263 463.6666330173612 1.108236461877823 0.6179233193397522 0 6.862285137176514 0.3625129908323288 0 1.044148847460747 0 31.74059835076332 0.7218092083930969 0.2355610728263855 3.534080803394318 12.67996819317341 2.789741218090057 0.61308753490448 0 0.1660442352294922 0 0.1368570029735565 0 0 0 0.3741614073514938 0 0.4105843305587769 2.684775248169899 0.2132128328084946 1.151405066251755 0.3664079904556274 0.4434948265552521 1.19319000095129 1.291927441954613 0.4142392352223396 0.4850821271538734 2.982593849301338 0 0 0 0.1557676941156387 6.036255389451981 0.7377894222736359 6.942724347114563 1.904217302799225 0.7132392525672913 0.1461036056280136 0.2014012336730957 0 0 0.2789552211761475 0 0.26152703166008 0 0 0 0 0.3660847321152687 1.478416442871094 1.579619027674198 0.1233851909637451 0 0.1275042295455933 0 0 0.08645901083946228 0 0 3.512321338057518 0.2599985003471375 0 0 0 0 0 0.5364450812339783 0.3860003501176834 0 9.768072500824928 0.7831993252038956 0.4122170507907867 0 0.8276619017124176 1.213707834482193 0 7.383614718914032 0.3516660630702972 0 0.1039159446954727 0.3566957116127014 0 0 0.1138162091374397 0.1607056111097336 0 0.3029179200530052 0.6634311452507973 0 0.09615729004144669 4.854873508214951 2.428320832550526 5.242547385394573 1221.80780351162 43.90422352403402 1234.56290256232 133.0237962007523 707.1243596896529 170.9041045382619 5.486869007349014 104.4010462015867 7.544931098818779 0.2438788563013077 2.385657116770744 0.376196950674057 1.293916344642639 0 0.2652952820062637 0 19.01235678792 6.141023129224777 201.521587960422 9.349066227674484
173.4543474316597 2418.2817620188 2261.397260770202 53.07500945776701 565.2503210231662 5.772404558956623 195.4795549437404 2608.890598125756 1238.669275477529 143.649162530899 3467.375797703862 230.9185904189944 793.6359975934029 1702.02955558151 16.75000487267971 9.587131984531879 3.911721892654896 1.414620339870453 0.4172791689634323 1.084143035113811 9.331839099526405 9.934737414121628 13.00531266629696 1.722629994153976 12.89011234045029 2.725905045866966 16.79121170938015 2.561073899269104 2.327200293540955 3.50879479944706 2868.847413264215 686.3871636241674 177.4988524466753 2.081372477114201 14.93088924139738 5.956081956624985 26.88240455836058 24.8686745762825 8.451732665300369 9.271380700170994 15.11969319730997 6.869007363915443 28.33049357682467 5.299315847456455 2.384795784950256 3.92080245167017 88.20498183369637 17.57644072175026 5.611544989049435 18.64275504648685 11.7257913351059 4.180798754096031 3.628540150821209 6.36405736207962 13.3588754683733 20.12960074841976 65.88954179733992 284.2962405160069 22.89532930403948 47.87350132316351 25.34583035111427 85.71256911754608 1.956178784370422 129.1177956610918 18.0546652674675 22.33343798667192 7.884029984474182 5.082351580262184 55.02342167496681 66.35584697127342 22.05585908889771 2.059933476150036 1.091857008635998 266.6532392650843 46.79260555654764 39.89815376698971 16.54497387260199 22.23113693296909 66.99074114114046 1429.38218151778 19.2053981423378 431.575259193778 38.25998128205538 0.6930510923266411 31.28481316566467 18.58272115886211 14.21741541475058 0.362197071313858 5.855125427246094 1.007300145924091 13.12004462629557 5.596698760986328 66.78132984042168 23.89235298335552 11.96855145692825 25.66580145806074 2.546241708099842 0.376358762383461 3.975507438182831 67.15376316010952 0.8118649274110794 0 0.9505926370620728 0 0.1513183563947678 0 0.4957762658596039 0 1.411594986915588 0.8914568349719048 0.1067543402314186 0 3.063333377242088 0.3454813733696938 2.420265331864357 0.1009886711835861 1.116939343512058 0 0 0 0 0 0.2960786372423172 0 0 2.909718461334705 0 0 0 0 1.331006415188313 0.1019914671778679 0 0.3600925356149673 0.1356871277093887 0 0 0 0 4.869294069707394 1.116458058357239 3.20270960777998 2.040689289569855 2.599489696323872 0.736057922244072 0 0.2516570687294006 0.1131260618567467 0 0 0 0 0 0 0.2242229878902435 0.4351070001721382 0.4212256073951721 2.316276110708714 0 0 0 0 0.1929678395390511 0 0 0 1.042127572000027 0 0 0.1902783513069153 0 0 0.1289902031421661 0.1039603874087334 0 0.2816967070102692 5.488138742744923 0.347850076854229 1.425105772912502 0 0.3223694339394569 0.1350366771221161 0 0.9183770269155502 0 0.09357938915491104 0 0 0 0 0 0 0 0.4619299918413162 0.5213871970772743 0.9238147810101509 0.1712846457958221 3.498100727796555 1.923927314579487 2.408232301473618 336.8107996657491 18.77460965514183 356.6729764714837 43.35458172857761 123.7686183229089 56.01294033229351 0.386401392519474 25.611601524055 4.004654370248318 0.5036537945270538 0.4918499067425728 0.1472007185220718 0.2510757446289062 0 0 0 10.64129547774792 2.460863888263702 49.244793407619 2.846115209162235
1311.411579832435 2648.188820809126 53.07500945776701 554.8718604072928 2.85237044095993 393.7767915278673 939.4802450984716 0.5962176844477654 1.715308517217636 3173.171166427433 3.612937778234482 773.8639923930168 426.2373647764325 7.693579986691475 4.779140375554562 0.8291603699326515 0.7192164063453674 0.2497527897357941 0.129872739315033 0.2685075327754021 0 0.1246297731995583 0.1250327229499817 0.2244487553834915 0 0.1179616674780846 0 0.1419519335031509 0.505821168422699 0 73.67272984236479 1.8452278226614 0.4698493331670761 0 0 0 0.2360236495733261 0.1454337239265442 1.946966871619225 0 0 0 0.3306074142456055 0.4851536005735397 0 0.3476052582263947 54.01774962246418 13.29346293956041 1.649769023060799 0.4397040233016014 1.11542709171772 0.1442017257213593 0.2961656600236893 0 21.74278631806374 36.21430247277021 74.9813523888588 62.50499062985182 30.31530839204788 52.8320322856307 0.1770835965871811 1.41039827466011 0 6.894313640892506 20.71104736626148 19.24821951240301 5.744708433747292 0.6944481581449509 0.2433248162269592 0.5680670142173767 5.091474398970604 0.7247696816921234 0.1270486563444138 298.721292860806 7.024250634014606 19.39880382269621 0.8355303257703781 1.307858467102051 0.5026884451508522 1.251736201345921 0.3200412914156914 1.441279746592045 48.538728505373 1.579412989318371 30.42656188458204 25.26819194853306 2.991735622286797 0.3786681592464447 2.975585795938969 1.208368457853794 0.8326227739453316 0.5864049941301346 0.1232350692152977 0 0.3943898379802704 44.94286544620991 2.604992747306824 0 1.979514122009277 266.5168736428022 0 2.934814959764481 12.34249976277351 18.40581220388412 0 1.98609122633934 2.292472928762436 0 17.41099758446217 5.903487652540207 0 0 13.71320535242558 0.7607074379920959 0.4654330909252167 0 0 0 0 0 0 0 0 0 0 0 0 0 0 0 0 0 0 0 0 0 0 0 0 0 0 0 0.1208092495799065 0.5674311518669128 0 0 0 0 0 0 0 0 0 0.1782471537590027 0.1986445039510727 0 0.1284130811691284 0 0 0 0 0.1368776112794876 0 1.34183269739151 0 0 0 0 0 0 0 0 0 0.1624589264392853 0 0 1.095970749855042 0 0 0.1065942421555519 0 0 0 1.613951683044434 0 0 0 0 0 0 0 0 0 0.1547004580497742 0.09385716170072556 0 0 2.099406316876411 0.3443773984909058 0.3318544924259186 129.8931698054075 8.891163662075996 390.6616679131985 29.07907222956419 539.7211147248745 40.36100988835096 2.558733835816383 3.158401519060135 6.974433735013008 0.1647393107414246 0.3134393692016602 0.4448217153549194 14.95340479910374 0 0 0 0 0 398.0836515203118 9.217680409550667
5.599637940526009 1266.056169375777 565.2503210231662 2.85237044095993 2311.253006860614 0 2581.790366277099 517.3310592845082 5368.707629725337 671.1103707700968 940.7799264416099 55.80154199898243 3029.526330471039 1746.093337014318 2.316668957471848 1.204313635826111 0 0 0 0 0 0.9033313989639282 0 0.4433282911777496 0 0 0.9041116833686829 0.7398880124092102 0 0 36.7716196924448 13.11144722998142 4.083846837282181 0 0 0.1712359189987183 1.735834419727325 0.1378052085638046 0 0.1822400093078613 0.1400803774595261 0.5830922573804855 0 0.2660507410764694 0 0 17.19236598163843 6.287095725536346 0.2521889507770538 0 1.456018693745136 0 0 0.1724013984203339 2.760464362800121 3.867267861962318 8.177421763539314 8.385417506098747 3.853406667709351 11.30851333588362 0.1138993352651596 0.587018296122551 0 14.14888467639685 3.910412587225437 4.555072404444218 1.064360894262791 0.346498966217041 0.1070419624447823 0.3119466006755829 5.357071876525879 0 0 24.72062447667122 5.028654530644417 10.69634716212749 2.205848276615143 0.3709137439727783 0.1122394353151321 12.66567733883858 0 0.7795306742191315 8.725023731589317 0.3178714141249657 7.398558974266052 3.338388606905937 1.58417472243309 0.1980257257819176 1.217109054327011 0 0.613462045788765 0.6194209903478622 0.124429352581501 0.2190180718898773 0.3265978097915649 1.706557780504227 0 0 0 2.44629193842411 0 0 0 0 0 0 0 0 1.782970890402794 0 0 1.593478500843048 0 0 0 0 0 0 0 0 0 0 0.2299757450819016 0 0 0 0 0 0 0 0 0 0 0 1.120558738708496 0 0 0 0 0 0 0 0 0 0 0 0 0 0 0 0 0 0 0 0 0 0 0 0 0 0 0 0 0 0 0 1.099198222160339 0 0 0 0 0 0 0 0 0 0 0 0 0 0 0 0 0 0 0 0 0 0 0 0 0 0 0 0 0 0 0 0.8299515247344971 0 175.0922514796257 5.816345915198326 114.0708566829562 5.828646600246429 81.74673504382372 27.6810485124588 0.5231561958789825 14.06481993198395 0.6228015422821045 0 0.3013451397418976 0 0 2.619587898254395 0 0.9489815831184387 2.999581098556519 0 5.401556976139545 1.261447191238403
235.4861845225096 113.6579584032297 5.772404558956623 393.7767915278673 0 5.080133035778999 3.511805430054665 2.385841712355614 0 726.1435689777136 6.227779924869537 232.7569546625018 70.52374547719955 8.580061584711075 1.782137587666512 2.380240984261036 0.5533450320363045 0 0 0 0 2.203816384077072 0.1584256142377853 0 0.1290560364723206 0 0.2874470204114914 0.1607499420642853 0.202094778418541 0 161.4952546134591 1.362511187791824 12.75059827417135 0 0.1550129950046539 0.8270109072327614 21.2385695874691 7.082361094653606 27.60503125935793 1.973612792789936 0 0.2126527577638626 0 1.019656181335449 0 3.614710472524166 11.82723177224398 1.967617437243462 0.2729169428348541 0.1386245787143707 0.100571520626545 3.818714670836926 1.013335779309273 0.2883100658655167 2.753361076116562 10.34521719068289 190.886592566967 128.0749708265066 17.91916261613369 9.098457142710686 7.20658341050148 17.632369145751 0.9025860652327538 0.863919585943222 3.01172012835741 0.2643468677997589 0.3120392337441444 0.8004375547170639 0.2403434365987778 0.2990066260099411 118.4857691377401 108.4266996830702 28.79964891076088 73.46373988687992 0.6965613812208176 2.494006119668484 1.37243677675724 1.438270226120949 0.1125798001885414 5.713688343763351 2.933131948113441 9.756946936249733 6.694539166986942 12.7237830683589 1.839054934680462 4.684909887611866 0.420484371483326 15.61729054152966 22.4665180593729 32.18839982897043 2.214685223996639 3.988012291491032 0 0 0.1426353454589844 439.5451347976923 274.6654520481825 16.82535772025585 74.38037227094173 504.5986680090427 0.3087021112442017 17.82549494504929 0 4.889604151248932 0.1391938924789429 0 28.58830523490906 0 16.24649262428284 22.30340591073036 0 0.3473166525363922 40.20772317051888 10.84727013111115 0.9636557102203369 0.1081901639699936 0 0 0 0 0 0 0 0 0 0.1256136149168015 0 0.4930876642465591 0 0.1123064234852791 0 0.2422220706939697 0.1317628771066666 0.6526473164558411 0.4378151744604111 1.518424183130264 0 0 0 2.931034237146378 0 2.950506210327148 1.747083626687527 0.5467477738857269 0 0 0 0 0 0 0 0.1424979418516159 0.1291012018918991 0 0 0 0.1430850774049759 0.1536328047513962 0.5818070769309998 0.1424036622047424 0.1410156637430191 0 0.3852095603942871 1.975665718317032 0 0 1.195996969938278 0.4386215806007385 0.1413215547800064 0 0 0 0 0.1691557914018631 0 0 5.752283439040184 0.1383023113012314 0 0 0.3826225250959396 1.365727424621582 0 6.864868074655533 0 0 0 0.7235332727432251 0 0 0.3180607110261917 0 0.3134849220514297 0.5262376219034195 0.100313164293766 0 0 14.51584979891777 0.5746370553970337 2.863776378333569 72.71066415309906 1.508908361196518 42.17940022051334 10.48835121840239 105.5152492523193 17.79465436935425 0.4491940438747406 0.8077286779880524 41.29503610730171 0 0 0 66.89967489242554 0.9938121438026428 0 0 0.5575557351112366 1.15000331401825 86.58925901353359 33.26742634177208
79.60935088992119 4179.650141507387 195.4795549437404 939.4802450984716 2581.790366277099 3.511805430054665 1116.118573501706 18.82762952893972 1629.600960314274 2030.893160700798 278.550074853003 103.9683898091316 4934.90010510385 3707.809855848551 5.576086670160294 2.751567892730236 0.5749402567744255 0.5160237550735474 0 0 0.4362331330776215 0.2982150316238403 0 0.3220070600509644 0 0 0.2158423662185669 0.7285845279693604 0 0 81.41406919807196 8.301944181323051 2.186512470245361 0 0 0 0.5262823551893234 0 0.213893711566925 0.1350453644990921 0.1571243554353714 0 0.2903942614793777 0.3638736382126808 0 0.1379624456167221 33.35900731384754 8.395343355834484 1.436848044395447 0.5380302295088768 0.7456444427371025 0.1247466206550598 0 0.3767434656620026 4.165092565119267 10.99831483513117 15.35433056205511 16.65897984802723 11.46403137594461 19.26930282264948 0 0.5887757241725922 0 19.85635653883219 7.773177437484264 8.583865590393543 1.051359385251999 0.2385461181402206 0 0 9.819016814231873 0 0 67.59505781531334 10.86871362477541 16.12586902827024 4.331208691000938 0.4527398496866226 0.5659681409597397 4.759988978505135 0.1273970156908035 1.833298571407795 18.2613572627306 0.1308763027191162 15.9160385504365 9.199783653020859 1.727221928536892 0.09460470080375671 2.151092775166035 0.2369597554206848 0.3489630222320557 0 0.9275975748896599 0.6749342530965805 0.8526214361190796 11.40924319624901 2.340559244155884 0 1.810962975025177 3.832875281572342 0 0.4434567391872406 19.78071066737175 7.997560203075409 0 26.61659201979637 0.8150330781936646 3.929813295602798 51.01015892624855 0 1.853278040885925 17.26415437459946 4.19918093085289 7.74441459774971 0.3413109183311462 0 0 0 0 0 0 0 0 0 0 0 0 0 0 0 0 0 0 0 0.2529350817203522 0 0 0 0 0.6324558109045029 0 0 0.4396536648273468 0 0 0 0 0 0 0 0 0 0 0 0 0.1715686023235321 0 0 0 0 0 0 0 0 0 0 0 0 0 0.1165665164589882 0 0 0 0 0 0 0.811987116932869 0 0 0 0 0.3252077996730804 0 0 0 0 0 0 0 0 0.2132624983787537 0 0 0.1658227890729904 0 0 0 0.2769874632358551 0.7512426972389221 0 219.7849628031254 4.445176988840103 270.170037381351 17.33052674680948 160.3751160800457 46.35708018392324 0.7550158053636551 33.61550350487232 1.720056772232056 0.3226093351840973 0.6447841227054596 0.5672429800033569 0 0 0 0 4.582369267940521 0.9498981833457947 31.81614182144403 0.7206922769546509
64.44914346188307 1096.687354080379 2608.890598125756 0.5962176844477654 517.3310592845082 2.385841712355614 18.82762952893972 1190.106212250888 700.2687692642212 17.29839110374451 3156.804820306599 38.74863200634718 163.656057856977 905.094943806529 16.46235281229019 12.8688712567091 6.294285148382187 1.436624765396118 2.179778054356575 2.083814233541489 13.71163907647133 3.34694005548954 12.05636915564537 2.468668848276138 7.123757876455784 1.169272363185883 8.505131587386131 2.142758935689926 1.035030759871006 1.217654377222061 1748.120031140745 2268.585564911366 104.2023970559239 12.37087216228247 25.9323991984129 5.801852688193321 5.620968826115131 12.36994832754135 4.518978103995323 4.386823810636997 9.308218561112881 3.545577399432659 91.36575186997652 62.61871482431889 10.95608489960432 37.54884324222803 88.23008748888969 23.69000191241503 7.356683932244778 56.80800730735064 7.889762379229069 1.079383760690689 1.175596132874489 2.291378535330296 10.1830547451973 16.41223534941673 30.67619101703167 77.28558330982924 15.21304728835821 41.99458598345518 256.1197975873947 201.4321026131511 29.91059023141861 277.8839597553015 11.88588716089725 17.55261095613241 5.055743925273418 7.31277459859848 110.475608959794 100.6439368501306 4.150075696408749 0.5205693691968918 0.4227416813373566 150.1173699200153 50.34759299457073 42.91326539963484 60.30272725969553 203.8385497704148 767.2298253253102 2108.858486443758 547.8318782523274 1962.767871491611 37.24744552373886 0.5190896913409233 24.17429998517036 13.13343299180269 28.09380602091551 0.4011357799172401 6.78061705827713 0.5962659865617752 10.25261252373457 3.568249598145485 54.24910510331392 16.40942327678204 7.114732384681702 3.658924616873264 1.07235649228096 0 1.176632836461067 36.26683980971575 0.3208722770214081 0.5650274157524109 0.3030357360839844 0 0 0 0 0 0 0 0.09514148533344269 0 1.146378457546234 0 0 0.144762396812439 0 0 0 0 0 0 0 0 0.1253965795040131 0.680491715669632 0 0.4166628122329712 0 0.1169490292668343 0 0 0.3027259781956673 0 0 0 0 0 0 0.9895124137401581 0.1459679007530212 1.013832651078701 0.5991947203874588 0.4855466783046722 0 0.1007666140794754 0.2718187272548676 0 0 0 0 0 0 0 0 0.4737125188112259 0.2632999867200851 1.059662319719791 0 0 0.07485917955636978 0 0 0 0 0 0.3381276726722717 0 0 0.09256087243556976 0 0.639569453895092 0.4962470829486847 0.517752043902874 0 0 1.296304769814014 0 0.2884664088487625 0 0.8131431862711906 0.3578265905380249 0 0 0 0 0 0 0 0.4508590847253799 0 0 0 0.9358108341693878 0.975432850420475 0 0.2033966034650803 0.2628544494509697 1.471695832908154 0.8440036997199059 204.5403846949339 12.39757396280766 365.1363066732883 28.98719499260187 119.5959257334471 53.80826028436422 1.170811928808689 22.12431789189577 2.52707264572382 0.2888067662715912 1.136624433100224 1.277774319052696 0.09479580074548721 0 0 0 8.101331770420074 0.6045543104410172 28.50254747271538 1.124643415212631
1.773353099822998 3341.169911488891 1238.669275477529 1.715308517217636 5368.707629725337 0 1629.600960314274 700.2687692642212 1078.937927559018 253.5170832872391 1619.873949974775 122.855561286211 2576.373468533158 1774.287216097116 0.9243073463439941 0.1604476869106293 0.3504275679588318 0 0 0 0 0 0 0 0 0 0.190188854932785 0.3635832965373993 0 0 6.247828245162964 1.673011854290962 2.718235865235329 0 0 0 3.44011065363884 0 0.2713734209537506 0.2106821238994598 0.3224533498287201 0 0 0 0 0 1.767777428030968 0.2027564644813538 0 0 0.305776558816433 0 0 0 0.6477421969175339 0.4666936248540878 0.1109261438250542 0.6231137067079544 0.4019158780574799 0.1192192509770393 0 0.8777088820934296 0 3.116126462817192 0.1110627129673958 0 0 0.1124415174126625 0 0 2.440673276782036 0 0 2.437578976154327 0.1187609285116196 1.461985930800438 0.4213677644729614 0.1942909508943558 0 10.54885411262512 0 1.204713985323906 0.859633632004261 0 0.1322468668222427 0.1477150768041611 0.4097221344709396 0 0.09679238498210907 0 0 0 0 0.1293962299823761 0 4.763438105583191 0 0 0 2.760844558477402 0 0 0 0 0 0 0 0 0.4053049683570862 0 0 6.256825953722 1.350458234548569 0 0 0 0 0 0 0 0 0 0 0 0 0 0 0 0 0 0 0 0.1427690833806992 0 0 0 0 0 0 0.3315187692642212 0 0 0 0 0 0 0 0 0 0 0 0 0 0 0 0 0 0 0 0 0 0 0 0 0 0 1.639557838439941 0 0 0 0 0 0 0 0 0 0 0 0 0 0 0 0 0 0 0 0 0 0 0 0 0 0 0 0 0 0 0 0 0 23.99673596024513 0 15.81696289777756 2.527221277356148 9.268478125333786 1.363898187875748 0 5.238044127821922 0 0 0 0 0 0 0 0 0.2863249778747559 0.8844870328903198 2.461737789213657 0
564.5393382608891 3265.931836992502 143.649162530899 3173.171166427433 671.1103707700968 726.1435689777136 2030.893160700798 17.29839110374451 253.5170832872391 1889.952230781317 87.62522660195827 2734.188888087869 3708.712395995855 357.7305681556463 4.733049042522907 3.746697552502155 1.298147067427635 0 0 0 0.7072619795799255 1.927941545844078 0.1829728037118912 0.1383508145809174 0 0 0.6868039816617966 0.3348655700683594 0.1523518264293671 0.1646548509597778 32.84251394867897 3.574357338249683 15.30673559010029 0 0.1506346762180328 0 15.36892822384834 2.29840524494648 7.192302010953426 1.789912939071655 0.9816251546144485 0.1163958683609962 1.074876025319099 0.2301981225609779 0.3243135213851929 0 36.37528330087662 6.713588990271091 1.034904323518276 0.2969245538115501 0.960222989320755 0.5339868664741516 0.3276175856590271 0.3822998851537704 9.370718359947205 14.62283521145582 40.69852681457996 30.23353998363018 13.27560306340456 26.25376956909895 0.7197993546724319 3.743867605924606 0 8.675217770040035 11.2610645070672 8.160155892372131 1.834604203701019 0.4789730757474899 1.577415227890015 0.623983770608902 100.9648470878601 2.101957231760025 1.425653055310249 126.9922311306 4.6483049467206 11.76372929662466 3.344615966081619 1.67733558267355 0.1576283276081085 5.344079546630383 0.2542891353368759 1.403309755027294 23.24080292880535 1.403113313019276 13.84920033812523 9.946557380259037 1.995372444391251 0.3214288949966431 1.691150799393654 0.9671651795506477 1.398040354251862 1.020978093147278 1.560644663870335 1.527705758810043 0.3553129434585571 634.1239082068205 14.32453887909651 0.1681191772222519 12.93095757067204 267.3942437767982 3.50427021086216 50.88089848309755 18.06001652777195 10.45681591331959 4.096896171569824 0.6355423927307129 53.90116280317307 0 128.4793718010187 56.12111873924732 2.020333245396614 13.55024288594723 193.5958032160997 52.21858537197113 9.397373750805855 1.085273951292038 0.1695611625909805 0 0 0 0 0 0 0 0 0 0 1.995940446853638 0 0 0.364102765917778 0 0.1305155456066132 0 7.355933502316475 3.346008569002151 0.1926400363445282 0 0.196345716714859 22.28548639267683 2.241174876689911 23.02587939798832 4.839696265757084 3.508386373519897 0.3635185956954956 0 0 0 0 0 0 0 0.4337746500968933 0 0 0 1.020016849040985 0 0 0 0 0 0.3459099605679512 7.300719529390335 0 3.880717039108276 23.1608878672123 0.5960816144943237 0 0.2201404049992561 0 0 0 0 0.7044281214475632 0.4452821314334869 61.33086870610714 0 0 0 0 4.080439046025276 2.902082860469818 21.32957418262959 0.7379865944385529 0 0.2112729996442795 0 0 0 0.1083071082830429 0 0 0.101844385266304 0.1141555234789848 0.1422977149486542 0 111.1977938860655 9.753583908081055 10.96144606173038 245.4491926580667 11.47105102241039 231.8675553947687 31.7177842259407 474.8900380730629 18.25872354954481 1.270005971193314 15.2113975584507 135.4490793645382 0 4.621797889471054 0.7056296914815903 151.3737566620111 0.7311914563179016 0 0.7185656428337097 3.559544742107391 0 927.57040720433 167.7704661786556
149.6870347633958 3144.497013062239 3467.375797703862 3.612937778234482 940.7799264416099 6.227779924869537 278.550074853003 3156.804820306599 1619.873949974775 87.62522660195827 2360.352653123438 590.7913802117109 2170.804050542414 2636.348619297147 24.35542775690556 18.21546730399132 5.980782933533192 1.849148392677307 0.5056718736886978 2.211247183382511 7.260090462863445 43.42781207710505 16.0519293397665 4.956938840448856 23.64962259680033 3.830139189958572 44.8288222104311 5.580926083028316 20.42593172937632 6.885825946927071 698.9101834893227 162.1775426715612 1040.757411539555 1.546335980296135 20.02954549342394 11.93702385574579 449.0847432389855 126.8460564240813 48.37132182717323 51.76573299616575 21.68631318211555 8.794656097888947 7.084822624921799 4.210089981555939 2.813062109053135 0.8814242035150528 63.11180293560028 14.05303366482258 3.238091118633747 3.912505261600018 13.64252247661352 13.25435003638268 18.67776183784008 24.7412393912673 7.410440139472485 8.562463477253914 17.43362559378147 27.1198460906744 13.94163525849581 23.74658613651991 16.58999026566744 181.5621193274856 2.02165300399065 37.53165058791637 8.555424831807613 9.854067586362362 4.553997166454792 2.433936439454556 25.32286227494478 43.64757090061903 222.9230650514364 5.164312072098255 3.647158950567245 79.65176191180944 14.57718849927187 34.10094358026981 16.33087091892958 8.067515917122364 13.22495076805353 1100.681347951293 4.174190632998943 392.2413326576352 16.89378050714731 0.5522963181138039 18.70800304412842 10.20996307581663 6.179314732551575 0.1091526076197624 3.64981284737587 4.185033448040485 19.35792215168476 14.96435222029686 52.34551038593054 39.21065421402454 13.24266663938761 71.37804866582155 1.869396552443504 0.9250572323799133 11.99473415315151 27.5784792676568 0.2640821859240532 1.138796970248222 0.3668273389339447 0 0.7927441895008087 0.1629839241504669 0 0 2.844135954976082 0 0.9325405061244965 0.2755370736122131 11.49897436052561 5.755616992712021 1.953939542174339 0 0.3668470680713654 0 0 0 0 0.2724539116024971 1.454955689609051 0 1.588370271027088 7.713861659169197 0.7845260053873062 3.901506625115871 0 1.249149575829506 4.733008824288845 3.267310701310635 1.957266435027122 1.739496424794197 2.678171955049038 0.3926156610250473 0 0.5784844756126404 0 6.405569963157177 2.029996901750565 10.36248027533293 7.836538642644882 5.824693322181702 2.524505108594894 0.388628363609314 0.535049095749855 0 0 0.1317277103662491 0.2174586951732635 0.1023609489202499 0.4876582473516464 0 0 0.5154368802905083 5.98278895765543 9.070107407867908 0 0 0 0 0 0.1355863064527512 0 0 2.560284562408924 0 0 0.1209215074777603 0.1166369616985321 0 0.1048897281289101 0.1270110607147217 0 0.6340625882148743 11.28397261351347 1.107221230864525 1.536759905517101 0 2.012709952890873 2.612202920019627 0.4450242519378662 5.706982851028442 0 0.1947775781154633 0 0.2574319541454315 0 0.1161191463470459 0 0 0 0.122955247759819 0.6118341162800789 0.2261887192726135 0 4.582359597086906 4.217225588858128 10.64756017923355 553.9806135222316 26.05933131277561 295.7552872523665 74.16369196027517 117.0626076310873 32.3395122885704 1.016817010939121 37.03589475154877 11.54570142179728 1.033099889755249 2.085390895605087 1.162561416625977 2.068560905754566 1.329228639602661 0 0 15.13568603247404 4.125626519322395 27.55001435428858 9.148445904254913
47.59736865013838 572.6274331957102 230.9185904189944 773.8639923930168 55.80154199898243 232.7569546625018 103.9683898091316 38.74863200634718 122.855561286211 2734.188888087869 590.7913802117109 233.9369266852736 867.2522635757923 543.8961320519447 11.87369024008512 9.439764648675919 2.480466961860657 1.594173431396484 0.6363831833004951 1.172203056514263 2.835928976535797 38.73279763013124 5.742145270109177 1.431764706969261 5.930473119020462 1.141024671494961 14.53278234601021 5.584721826016903 21.62247951328754 3.878705471754074 22.51873722672462 4.899630889296532 210.902227923274 0.2006712555885315 2.803096741437912 2.79371677339077 407.7839627787471 236.942092679441 109.386741489172 82.62605155259371 6.938783809542656 2.936481148004532 1.656941778957844 1.813543654978275 1.935751363635063 0.5968553125858307 22.63570629805326 3.826363109052181 0.2498137801885605 1.487900212407112 4.4121498093009 8.99979392439127 29.24131708592176 16.9855614900589 1.215544290840626 1.344175048172474 5.655119009315968 4.735072694718838 2.628355421125889 6.816532157361507 0.3876236528158188 10.6500810533762 0.1081022769212723 6.760069973766804 1.265260964632034 1.261323839426041 1.067766733467579 1.155634768307209 8.248973347246647 9.806611128151417 429.46793987602 10.29034521430731 3.037581838667393 12.60787633806467 3.074133135378361 9.108294196426868 4.625244706869125 2.413125939667225 0.1540362983942032 63.65764113515615 0.1443865299224854 1.791150130331516 3.470063276588917 0 3.597860790789127 1.555477276444435 2.062842488288879 0 1.453497670590878 3.126039460301399 12.42156304419041 7.223494932055473 18.67883914709091 17.74126456677914 9.35474955290556 1844.022713020444 20.62614523619413 0.8398744910955429 39.516627214849 34.76933406293392 13.60290899127722 46.94554550945759 22.25715653598309 3.526958346366882 9.157423689961433 6.275535002350807 42.26382194459438 0.3294259011745453 163.5280312150717 48.24593749642372 9.101955190300941 25.54469382762909 281.0004243627191 56.7816055342555 24.08967328071594 0.7099932134151459 0.6082291305065155 0 0.3310962170362473 0.1157055795192719 0.2848844081163406 0.1483166217803955 0.3793918937444687 0.1332360655069351 0.2063509672880173 4.460056968033314 0 4.10114674270153 0.1716673672199249 1.563607186079025 4.254233740270138 4.831865936517715 1.811481773853302 2.393597885966301 28.53191068023443 3.875416122376919 0.1192319691181183 0.6064848303794861 0.8094715476036072 61.13234048336744 12.56838071346283 83.76107998937368 20.30721719563007 8.266050264239311 1.954794265329838 0.4617772549390793 0.2592924982309341 0.2315288037061691 0.5828165411949158 0.9195362031459808 0 0.1904869377613068 0.6458190307021141 0 0.5081510543823242 0.9096720069646835 10.88701573014259 6.822734899818897 0.09662938863039017 0.2383709475398064 0 1.000791177153587 1.880174785852432 7.082596555352211 0 6.743888169527054 63.12687481194735 0.9949636608362198 0.3711233586072922 0.1514987945556641 0.1995933428406715 0 0.11361014097929 0 0.4088001772761345 0.2735961899161339 141.2878268063068 1.610821753740311 1.047825396060944 0 0.96553635597229 21.91242300719023 4.610673293471336 63.67722279578447 0.9556057751178741 2.84443624317646 0.739963635802269 0.4291529804468155 1.191821679472923 0.1158945932984352 0 0.09800799936056137 0 0.1829474717378616 0.3757926449179649 0.5645171403884888 0.1266232132911682 163.9939716309309 29.4058525711298 44.61670368909836 460.3337056189775 22.4814865142107 124.9386867955327 60.46135682612658 95.64970970153809 12.24932922422886 0 15.7936260253191 108.333089157939 1.653520576655865 9.915487542748451 3.952866196632385 87.96453455090523 0 4.449433669447899 0.616264820098877 12.86036241054535 5.184055887162685 791.8634544685483 258.1360523402691
33.90204107016325 3468.686029352248 793.6359975934029 426.2373647764325 3029.526330471039 70.52374547719955 4934.90010510385 163.656057856977 2576.373468533158 3708.712395995855 2170.804050542414 867.2522635757923 2546.260387666523 4574.128759212792 21.06372891366482 17.64995501190424 2.866371907293797 1.349417582154274 0.7894209176301956 0.4785034209489822 5.359509915113449 33.33466623723507 4.379614412784576 1.749388471245766 4.579155839979649 2.784648448228836 10.85823629051447 7.388849228620529 18.05960948765278 3.872528612613678 41.0396181717515 13.97063663601875 482.7350098267198 0.5519225001335144 2.616446033120155 2.329405903816223 845.7406692132354 482.7963999807835 110.7678448855877 217.9670912399888 9.851070277392864 3.097575806081295 3.309150524437428 2.686528205871582 0.7859455347061157 0.6314554959535599 45.83929027616978 7.2937256321311 2.456956699490547 1.78573427349329 5.713925279676914 8.133067078888416 26.04125681519508 12.17788964509964 4.037980295717716 4.158152863383293 9.868960715830326 6.182221010327339 7.210858099162579 16.02629673480988 0.502951517701149 24.69867634773254 0.1598423272371292 17.4803659543395 4.253118634223938 5.947527691721916 2.814247041940689 2.307404980063438 9.688353098928928 11.88390535861254 411.2205194607377 5.271545894443989 0.9342352598905563 35.66293149441481 5.395469285547733 24.23485910892487 10.9949681982398 5.948368072509766 0.4432764053344727 139.6927030161023 0.9327055513858795 6.946904823184013 11.02890664339066 0.1020749807357788 9.613015867769718 4.502340249717236 4.04857449233532 0.2502428218722343 2.609650067985058 4.118335127830505 10.23508624732494 6.318033143877983 20.87477103620768 17.6060937717557 9.097906567156315 1464.381560154259 18.97747346758842 0.5753370374441147 34.21156215667725 16.6054075807333 9.088420167565346 23.14770970493555 18.09459752589464 8.534446254372597 6.355204239487648 4.640254363417625 17.33909836411476 1.464260876178741 132.1440761089325 41.72223350405693 5.278797179460526 28.90164452791214 216.8882645964622 46.98820442706347 19.81556706130505 1.163955137133598 0.8949213027954102 0.142956018447876 1.949909329414368 0.2894856482744217 0 0.2407751753926277 0.6723655611276627 0 0.6812043339014053 4.714435182511806 0.3079009056091309 5.104326628148556 0.1065708324313164 0.7861341461539268 5.636973559856415 2.554615244269371 2.426970638334751 1.790826134383678 16.77520511299372 1.916799753904343 0 0 2.088617935776711 54.04228564351797 5.508458577096462 67.59950098395348 10.42964553833008 9.265261739492416 0.1751544028520584 0.5566148310899734 0 0 0.140683650970459 0 0 0.1905937120318413 1.138112753629684 0 0.1058849468827248 0.2487099394202232 5.771888740360737 4.312612228095531 0.1779848337173462 0 0 0.4910333305597305 0.7836869582533836 4.267967447638512 0 2.913068145513535 53.56436255574226 1.786405526101589 0.2940654754638672 0.1285403072834015 0.09144148975610733 0 0 0.1515185683965683 0 0.1944122314453125 103.6243482902646 1.963516354560852 1.136046588420868 0.1201590299606323 0.8178662359714508 23.02483240514994 2.349499344825745 46.78720561414957 1.153663977980614 0.1228571385145187 1.12142875790596 0.7752303034067154 0.4331877827644348 0 0 0.112747810781002 0 0.3696791753172874 0.357269361615181 0.6631632447242737 0.2040060460567474 106.2393797561526 24.21436751633883 31.36467964202166 733.1677355542779 26.40977802872658 259.8615273982286 73.4984939917922 156.9848054125905 37.92826557159424 0.5558621287345886 43.30648651719093 74.23355412483215 0.2948237657546997 5.591189838945866 5.040319085121155 46.91735474765301 0.7770045399665833 0 0 16.70702122151852 3.634150564670563 459.2276784703135 175.5944215208292
