157.0439106747508 1029.842819720507 154.9937489926815 862.4380334168673 38.39258676022291 93.04969301819801 656.8568539246917 42.07394161075354 5.317318998277187 1479.212599895895 48.54218360036612 117.1930734738708 392.7901347652078 97.95006094872952 1.963984079658985 0 0 0.08691378682851791 0 0 0.1384259462356567 0 0 0 0 0.1286857426166534 0 0 0 0 1163.66903924197 1.625537373125553 0.7418226003646851 0 0 0.1575542688369751 0.4657877832651138 0.3139368817210197 0.8072991818189621 0 0 0.1062637120485306 0.2843033745884895 0 0 0.08965166658163071 29.60677310079336 1.099979370832443 0.337021715939045 0.187203161418438 0 0.1182415187358856 0 0 2.514538802206516 1.451792739331722 308.4319281503558 701.908585563302 142.1161158457398 17.27367374300957 0.2545920610427856 0.3270236700773239 0.08271360397338867 58.38758904486895 2.016410931944847 0.9784193858504295 0.1834167391061783 0.4533974900841713 0 0 0.7433872669935226 1.793015599250793 0 413.5062159821391 167.9649862200022 143.7379458546638 13.4737374484539 0.3032661825418472 0.09611219167709351 3.570685215294361 0.2450220808386803 0.6894049644470215 8.857548102736473 0.09451001137495041 1.138081327080727 1.730743423104286 0.6495543196797371 0.1038023754954338 0.2625442668795586 0 0.08328305184841156 0 0 0.1034918650984764 0 13.61864838004112 0.1914469599723816 0 0 1480.238863773644 0.1123098805546761 0.9672715216875076 3.365967825055122 0.4430451616644859 1.540064498782158 1.758311986923218 25.77846571803093 9.711258985102177 6.898438796401024 9.411014787852764 4.748596012592316 9.084537394344807 13.9594124853611 7.639595970511436 4.886918738484383 0 0 0 0 0 0 0 0 0 0 0 0 0 0 0 0 0 0 0 0.4220759570598602 2.363718554377556 0 0 0 1.397438161075115 0.423428475856781 1.233733549714088 0 0 0 0 0 0 0 0 0 0 0.1352050602436066 0 0 0 0.3093819618225098 0 0 0.08260031789541245 0 0 0 0 0 0.1876437664031982 4.546753890812397 0 0 0.112088106572628 0 0 0 0.08729443699121475 0 0 2.09439954906702 0 0 0 0 2.24519345164299 0 3.248303398489952 0 0 0 0 0 0 0 0 0 0 0 0 0 13.68140337616205 0.3732638210058212 0.5723621025681496 449.2409223467112 6.553529649972916 85.18639352917671 33.91615034639835 720.3599416539073 6.993874184787273 9.038846485316753 6.48247929662466 28.73342709988356 0 0.2508266419172287 2.41157329082489 16.93917234241962 0 2.414971351623535 1.725963950157166 0.2798439413309097 0 190.3742879629135 13.64091033488512
1029.842819720507 1464.893903195858 2333.854089580476 331.2322848215699 1503.988432258368 36.07738387584686 2991.308747574687 1052.160110145807 1108.650048054755 2353.581931494176 1652.583926036954 451.0448312014341 1970.819006338716 1721.100688546896 30.34705656021833 7.137409798800945 0.4695617333054543 0.08407500386238098 0.09135846048593521 0.4704178646206856 1.247523136436939 0.08667865395545959 0.4859462678432465 0.3307155147194862 0.1058077663183212 0.1674059182405472 0.1133460029959679 0 0 0 2098.543290741742 194.457392513752 7.323109596967697 0.4310756996273994 0.3030594736337662 0.7416715696454048 3.394790627062321 0.6493750810623169 1.065283767879009 0.4875362142920494 0.131781131029129 0.2337550148367882 1.344413481652737 0.7305992469191551 0.4058594331145287 0.5921764150261879 247.0360744670033 3.862401761114597 1.239315256476402 1.393049314618111 0 0 0.4500157237052917 0.1567791253328323 6.350188530981541 2.664639219641685 199.1365597844124 654.6811206787825 118.7716729417443 64.10154695808887 3.706277757883072 3.596565335988998 0.6350313648581505 350.4482495188713 4.111229911446571 3.311847016215324 0.8961641043424606 0.9635374248027802 1.538818255066872 0.8448930755257607 3.36811301112175 0.2963398396968842 0 536.9131771326065 461.8024049699306 584.4742531105876 218.4101055189967 11.15515352785587 7.988175578415394 207.5136827081442 3.362802319228649 8.406867548823357 23.4762265086174 0.1802409812808037 3.57024721801281 3.588657282292843 2.377514861524105 0.1067549213767052 1.507516801357269 0 0.7207819297909737 0.1584850400686264 0.3393736407160759 0.411985419690609 0.7708268314599991 38.29150140285492 2.158011771738529 0 0.6645141988992691 799.8993863090873 0 0.3647914379835129 1.74415822327137 0.6539570391178131 0.2074464112520218 2.322239942848682 8.566068381071091 6.771944031119347 3.970018766820431 6.42531893402338 12.47723200917244 11.2743077352643 21.51771707087755 9.150960199534893 13.22858773171902 0 0 0 0 0 0 0 0 0 0 0.1261985301971436 0 0.8351995125412941 0 0 0 0 0 0 0 1.851539179682732 0 0 0.5042306035757065 1.594622164964676 2.314537383615971 2.76997559517622 0 0 0 0 0 0 0.1449122130870819 0 0 0 0.1193109452724457 0 0 0 0.2001483738422394 0.1134741753339767 0.07634081691503525 0 0 0 0.09644624590873718 0 0 0 11.16015838831663 0 0 0 0 0.1103005334734917 0.109479233622551 0 0 0 3.578300960361958 0 0 0 0 3.88979422301054 0 4.270756475627422 0 0.4142336994409561 0.719113864004612 0 0 0.1425178349018097 0.29935372620821 0.1136010736227036 0 0 0.08649829775094986 0.1438248008489609 0 18.53800870478153 0.6446234807372093 2.244921483099461 293.1229265928268 17.2832735106349 224.52109708637 61.41715620458126 248.3468763753772 11.88942166417837 3.326900444924831 38.5061594620347 11.90905108302832 0.1839472204446793 1.930415689945221 1.151563756167889 1.357118740677834 0 0 0.4675646722316742 3.406586870551109 0.2478763535618782 100.350425414741 17.5158688724041
154.9937489926815 2333.854089580476 786.5745579451323 2.044171340763569 582.3724532723427 1.1031534075737 181.1415736451745 2622.267918974161 406.095302939415 192.2092105671763 2262.339800953865 34.76108585298061 237.8946153670549 766.6342132166028 9.503764435648918 4.288960494101048 0.2146272584795952 0.285118855535984 0 0.6742336079478264 1.583012372255325 0 0.7340119853615761 0.2576310560107231 0.1008418574929237 0.2149957343935966 0 0 0 0 2483.116119168699 597.1267983019352 4.682586975395679 0.4579751864075661 0.114649161696434 0.673187330365181 0.493977852165699 0.5175988003611565 0.5565028190612793 0.3983582481741905 0.1689226031303406 0.2404128238558769 2.104184746742249 0.5748011842370033 0.1832975447177887 0.695462629199028 52.88931186497211 0.5917253047227859 0.423522487282753 0.5049062073230743 0.09937208890914917 0 0 0 1.029225163161755 0.99346823990345 47.98329041898251 307.6996147483587 29.68627364933491 12.29229507595301 5.445228219032288 3.836235642433167 1.247230157256126 446.5198473110795 0.6234098523855209 0.8349302113056183 0 0.2636522948741913 1.705452769994736 1.545852534472942 0.4798362702131271 0 0 118.6663573533297 126.4799382165074 131.0566068738699 81.62179428339005 6.012047432363033 19.41286058723927 273.248340703547 5.102677024900913 14.19259909540415 4.009416304528713 0 0.7702267691493034 0.5445626080036163 0.6202733740210533 0 0.3487508445978165 0 0.1037055626511574 0 0.507517084479332 0 0.1022211164236069 6.126107454299927 0 0 0 64.11020434647799 0 0 0 0 0 0.3727911859750748 3.045859456062317 0.7477175444364548 1.687116794288158 1.258536398410797 1.212289452552795 2.556427173316479 3.272079899907112 2.237431228160858 1.890762843191624 0 0 0 0 0 0 0 0 0 0.115822970867157 0 0 0 0 0.1123898103833199 0 0.08152884244918823 0 0 0.113478347659111 0.5927819609642029 0 0 0 0.2248160094022751 0.3613640367984772 1.54459473490715 0 0.1046409457921982 0.1115250885486603 0.109996072947979 0 0 0 0 0 0 0.1435774117708206 0 0 0 0 0 0 0 0 0 0 0 0 0 1.895429700613022 0.1048168614506721 0 0 0 0 0 0 0 0 1.194998495280743 0 0 0 0 1.266838312149048 0 0.6493655145168304 0 0 0 0 0 0 0 0 0 0 0 0.1013293564319611 0 2.778271287679672 0.1031591519713402 0.9189574867486954 61.7653860449791 3.164411656558514 47.79261477291584 14.763243727386 20.8587699458003 1.984451793134212 0.5869561284780502 8.386835634708405 3.463695459067822 0 0.1099300533533096 0.0949828177690506 0.5774816572666168 0 0 0 0.8866472989320755 0 12.1882482022047 2.598115250468254
862.4380334168673 331.2322848215699 2.044171340763569 310.3748475760221 48.56213764846325 258.0618536099792 865.2850323170424 1.278769992291927 7.261904165148735 1889.388613730669 4.819876819849014 225.4034638702869 1005.697713084519 228.1072753742337 0.8797423616051674 0.1082745343446732 0 0 0 0 0 0 0 0 0 0 0 0 0 0 86.37142668664455 1.809561684727669 0.1092362403869629 0 0 0 0.1220434382557869 0 0 0 0 0 0 0 0 0.1103891134262085 20.55606225878 0.4219046011567116 0 0 0 0 0 0 0.5493046417832375 0.5824995413422585 31.95600322633982 67.72843581438065 19.81919854879379 11.45463643968105 0.1937566101551056 0 0 27.53697076439857 0.3416263982653618 0.2431476041674614 0 0 0 0 0.7128573879599571 0 0 102.4833447113633 57.30037978291512 56.19905542582273 11.89103882014751 0 0.1543449908494949 1.574871763586998 0.07920935750007629 0.3312501311302185 3.208081111311913 0 0.3797494322061539 0.7366425469517708 0.3037392050027847 0 0.1524179354310036 0 0.08684618771076202 0 0 0 0 15.90755291283131 0 0 0 204.3416024520993 0 0 0.1521717011928558 6.468811869621277 0 6.695305600762367 9.164719626307487 8.08197345584631 4.220350429415703 2.80259308218956 2.636742115020752 10.38783732801676 5.188741132616997 3.726241759955883 1.930512942373753 0.1222233697772026 0 0 0 0 0 0 0 0 0 0 0 0 0 0 0 0 0 0 0.1707349419593811 0.5593602657318115 0 0 0 0.6630197912454605 0 1.006817072629929 0 0 0 0 0 0 0 0 0 0.3487960994243622 0 0 0 0 0 0 0 0 0 0 0 0 0 0 2.219552718102932 0 0 0 0 0 0 0 0 0 0.5886726006865501 0 0 0 0 0.897638276219368 0.1013467460870743 0 0 0 0 0 0 0 0 0 0 0 0 0 0 6.946185052394867 0 0.6044536605477333 89.00448727607727 1.971668571233749 27.02402298897505 8.013094127178192 393.1234288737178 1.851106934249401 0.9437427148222923 3.559899963438511 5.699752449989319 0 0.2284558042883873 0.1051639392971992 5.050751402974129 0 0 0 0.4912808686494827 0 64.95823999494314 7.263006314635277
38.39258676022291 1503.988432258368 582.3724532723427 48.56213764846325 1548.718639627099 0.6865374743938446 2704.35665152967 359.4348358660936 2364.751613281667 610.4517940729856 1634.988745108247 86.47294359654188 1209.410019271076 2614.768342204392 6.720735982060432 2.460644945502281 0 0 0 0.1637310981750488 0.1927352324128151 0 0.1082383394241333 0.1902461871504784 0.1015742421150208 0 0 0 0 0 123.8266384229064 46.5655552148819 0.8928964734077454 0.3076678514480591 0 0 0.1927675604820251 0.261892557144165 0.4687283411622047 0.2274307534098625 0 0.09172666817903519 0.1745042502880096 0.5431309640407562 0.1015093252062798 0.09722914546728134 52.41639109700918 0.4839196056127548 0 0.08973857760429382 0 0 0 0 0.37954281270504 0.3058755248785019 7.213173538446426 27.79795415699482 5.824311748147011 9.004809133708477 0.4814989492297173 1.050008244812489 0 41.25325598567724 0.2551379725337029 0.3336457833647728 0.08064718544483185 0 0.1771219745278358 0.09905907511711121 0.5067679211497307 0 0 43.77129536867142 51.13798435032368 86.22565348446369 40.61334566771984 1.665081284940243 1.285717725753784 22.45061413943768 0.6416276469826698 1.496658720076084 3.054206728935242 0.09111994504928589 0.697482630610466 0.6524197682738304 0.1925590112805367 0 0 0 0.1711340397596359 0.1081603467464447 0 0.1192192509770393 0.1684881895780563 9.632480531930923 0.7406325340270996 0 0 5.321480423212051 0 0 0.1749761700630188 0 0.7004395127296448 0.8124865815043449 2.840565726161003 2.518759690225124 2.103862725198269 1.665256157517433 2.208590760827065 4.159548997879028 5.778084971010685 3.974469318985939 4.416712708771229 0 0 0 1.072974920272827 0 0 0.1204598471522331 0 0 0 0 0 0 0 0 0 0 0 0 0 0.1345659196376801 0 0 0 0.273491308093071 0 0.822043165564537 0 0 0 0 0 0 0 0 0 0 0 0 0 0 0.1069079861044884 0 0 0 0 0 0 0 0.3494675904512405 0 1.424004167318344 0.157398909330368 0 0 0 0 0 0 0 0 1.862479247152805 0 0 0 0 1.814413361251354 0 1.108932256698608 0.41001957654953 0 0 0 0 0 0 0.08335066586732864 0.09458170086145401 0 0 0 0 5.274626187980175 0 0.6230064705014229 50.52337054908276 1.698364660143852 34.12452820688486 9.914030157029629 15.53445902466774 1.983072675764561 0.188735656440258 8.44922086596489 1.927998408675194 0.2841784656047821 0.8807725384831429 0 0.9004271924495697 0 0 0 0.5756749957799911 0 15.60671105235815 5.178873546421528
93.04969301819801 36.07738387584686 1.1031534075737 258.0618536099792 0.6865374743938446 20.00423465669155 28.2866043522954 0.321298211812973 0 506.1172566488385 0.9817532151937485 53.19635714590549 55.7454639673233 21.41001383215189 0.2525123655796051 0.657685399055481 0 0 0 0 0 15.95463220775127 0 0.1671281903982162 0 0.3583148270845413 0 0.1394672840833664 0.4708086997270584 0 20.24596634507179 0 8.752556793391705 0 0 0.6062998324632645 10.30465380102396 1.860278785228729 14.07561765611172 0.3170066326856613 0.1709763258695602 0.4725598841905594 0 0 0 0 3.309858284890652 0 0.13605035841465 0 0.2489393875002861 32.26498232036829 21.63146302103996 4.759052023291588 0 0 116.35921035707 11.78445968031883 6.284496754407883 0.3151571750640869 1.505081832408905 3.370579242706299 0 1.763092219829559 0 0 0 0 0.1306179761886597 0 87.47300542145967 200.7246191203594 30.83201614022255 12.61261671036482 8.118901640176773 6.273438133299351 0.1016695871949196 0 0 1.666410058736801 0 1.871138826012611 0.2446709275245667 0 0.09831877797842026 1.999662570655346 0 0.6611033156514168 0.7637427225708961 7.129912041127682 0.7005085349082947 3.056301444768906 0.1513041853904724 0.1303478479385376 4.01268432289362 140.3812779039145 99.82914644479752 38.79790902137756 29.56725748628378 376.1299456208944 0 1.347135484218597 3.089923709630966 0.9280042797327042 0.1718538701534271 5.25868932902813 44.64684134721756 11.94727919995785 11.52964509278536 13.99516376107931 7.178257197141647 19.40000821650028 16.37990708649158 8.903843633830547 8.846562378108501 0 0 0 0 0 0 0 0 0 0 0 0 0.2623361423611641 0 0 0 0 0 0 0.9175014719367027 0.3823287785053253 0 0.2894688546657562 0.1181819811463356 0.1699484586715698 0.4639516249299049 1.51474092155695 0.3003384247422218 0 0 0 0 0 0 0.1071238592267036 0 0 0 0 0 0.105360634624958 0.5385857373476028 0.09726094454526901 0 0 0 0 0 0 0 0.1670238226652145 2.95851269364357 0 0 0 0 0 0 0 0 0 2.432255536317825 0.1901370584964752 0 0 0 2.711015999317169 0 0.8252897262573242 0 0.1185486018657684 0 0 0 0 0 0 0 0 0 0 0 15.5793838724494 0.2454331070184708 0.3169012665748596 187.1992295831442 0.5890553519129753 4.516366824507713 1.233723655343056 206.1777779012918 0.7227970808744431 0 0.8968194127082825 33.33985336124897 0 0 0 25.09275923669338 0 0 0 0 0 38.05153673142195 45.52348633110523
656.8568539246917 2991.308747574687 181.1415736451745 865.2850323170424 2704.35665152967 28.2866043522954 631.1556468904018 49.7915118560195 883.7031076550484 2042.873322896659 545.2518467456102 161.696988992393 4145.234812662005 3164.278366744518 11.75286944955587 2.508713729679585 0.08346480131149292 0.08119357377290726 0 0.1268770098686218 0.4607832208275795 0 0 0.1054534167051315 0 0 0 0 0 0 152.2099542319775 35.38622708618641 2.342660158872604 0.4619527235627174 0 0 1.137295268476009 0.2169454470276833 0.1902411952614784 0.08040866255760193 0.1090425252914429 0 0.3144298866391182 0.5816150084137917 0.08668408542871475 0.116930678486824 118.7308556288481 1.802328661084175 0.3764945045113564 0.3828622251749039 0.08593284338712692 0 0 0.1087933406233788 2.273377798497677 0.8916189074516296 35.32692541182041 85.75707770884037 25.80369701236486 27.94382381439209 0.9591337591409683 0.5176641941070557 0.56656514108181 97.55100636184216 1.987126804888248 1.724020920693874 0.4106942117214203 0.4482755437493324 0.2366034537553787 0.08792690932750702 1.248304314911366 0 0 184.1855451092124 169.1867558658123 206.1943281441927 80.07457230240107 3.035490572452545 1.402588605880737 19.92209835350513 1.122921973466873 2.9434619769454 8.955550536513329 0.07097413390874863 1.244374707341194 1.011746414005756 1.022079899907112 0.1690565869212151 0.2436894550919533 0.4402863681316376 0.1675561666488647 0.2500480338931084 0.08386405557394028 0 0.1753697246313095 27.01888195425272 0 0 0 30.49688868224621 0.4410600587725639 0.5901626423001289 5.249352820217609 5.851572692394257 0 34.49662414938211 12.72719349712133 21.19359292089939 13.32749226689339 7.458299987018108 4.705848723649979 43.57344977557659 18.89171279221773 11.33986337482929 11.3155684992671 0 0 0 0 0 0 0 0 0 0 0 0 0.7651323676109314 0 0 0 0 0 0 0.2778448164463043 0.7503976598381996 0 0.7631454467773438 0 2.128589883446693 0 2.736849926412106 0 0.1131637766957283 0 0 0 0 0 0.1158097088336945 0 0.1086035370826721 0 0 0 0 0.2044039219617844 0 0 0.1012964621186256 0 0 0 0 0 0 6.314509876072407 0.1218807250261307 0.08408248424530029 0 0 0 0 0 0 0 3.862896092236042 0.1178968921303749 0.142538845539093 0 0 1.279540941119194 0.2137840688228607 2.852113604545593 0 0.4831564053893089 0.16192626953125 0 0 0 0.185557022690773 0 0 0 0 0 0 15.78755014389753 1.025848373770714 0.7717875018715858 137.0315656960011 5.721063755452633 102.8149452656507 29.08120079338551 75.55954933911562 4.297814264893532 1.984956949949265 19.46312849223614 8.751820914447308 0.3014249205589294 1.321614786982536 0.3021047338843346 5.359778061509132 0.1111603528261185 0 0.215080700814724 0.7813746929168701 0 56.83160278201103 19.52848236262798
42.07394161075354 1052.160110145807 2622.267918974161 1.278769992291927 359.4348358660936 0.321298211812973 49.7915118560195 1032.551474444568 181.8261286243796 24.82811702042818 2633.912125617266 8.455760844051838 221.7694651931524 1214.290677621961 52.95588978379965 53.55324412882328 4.473440296947956 1.481305740773678 0.2771462723612785 12.4571824669838 36.57234017550945 0.1879467219114304 10.3411543443799 9.951006151735783 4.433970853686333 9.553935296833515 3.28605855256319 2.821221739053726 2.040107637643814 1.435786202549934 1323.13075979054 1914.76522038877 111.6403491273522 12.58451525121927 7.77616886049509 17.05534461140633 27.61224341392517 25.99591792374849 8.931017339229584 6.609215468168259 5.807275019586086 3.846075743436813 31.76549560576677 12.83731586486101 4.24423323571682 10.03677377104759 102.9333618208766 1.462739519774914 2.466163344681263 8.457019008696079 0.2373192012310028 0.3928531259298325 0.4907293766736984 1.360997177660465 1.035714358091354 0.2726844102144241 18.07438559085131 104.6091768220067 12.51390067487955 13.93447402864695 216.5825175866485 184.7219429016113 28.01204420626163 1278.687354058027 0.08913308382034302 0.5871097221970558 0.2924715504050255 2.347828395664692 25.49832859635353 24.66800472140312 15.75609610974789 1.638891078531742 0 74.26388767361641 119.1152156740427 174.0319185182452 1056.055297389627 861.6603922694921 1761.818355195224 2899.938396595418 468.4242024347186 1218.900309592485 3.032923147082329 0.07244985550642014 0.8087251484394073 0.6296142041683197 5.199452921748161 0 0.2780774384737015 0.1043434217572212 0.2359170466661453 0.2589322328567505 9.665176920592785 8.42531418800354 2.734427928924561 8.441749408841133 1.131296038627625 0.2316269427537918 2.314328879117966 16.48285936564207 0 0 0 0 0 0.1937707811594009 0.4771274402737617 0.1448072195053101 0.3855322599411011 0.142458364367485 0.4797429442405701 0.6406021267175674 2.225219130516052 0.9850373715162277 5.050603657960892 0.3190035372972488 0.5752626359462738 0 0.4345088973641396 0 0 0 0 0.174805223941803 0 0.1380388140678406 0 1.577135108411312 0 0.1971618756651878 0.2320586517453194 0.3738194853067398 0.4288229420781136 0.3186638653278351 0 0.3278979361057281 0.2332679033279419 1.278753966093063 1.640760481357574 1.166244223713875 3.081644468009472 4.097220867872238 3.218157358467579 0.9075529798865318 0.1162278056144714 0.268436074256897 0 0 0.1195372566580772 1.128449887037277 0 0 0.1232399493455887 0 0 0 1.859391562640667 0.5466260612010956 0 0 0 0 0 0 0 0.2166759669780731 4.506197966635227 0.09294021874666214 0 0.07471197098493576 0 0.0866079106926918 0 0.1042171269655228 0 0 1.205140650272369 0.5443126708269119 0 0 0 1.274055197834969 1.275047175586224 2.197780355811119 0.07939183712005615 0.5717055052518845 0.4151314496994019 0 0.2935283109545708 0 0 0 0 0 0 0 0 2.004574127495289 1.297233536839485 2.711918450891972 155.752610810101 6.334844939410686 92.6359605640173 31.57311980426311 13.99625691771507 4.730323687195778 0.2687223255634308 19.26486185193062 3.453282065689564 0.3022646009922028 0.7375414967536926 0.4150910153985023 0.2651949226856232 0 0 0 4.092170238494873 0 6.156689658761024 4.195565029978752
5.317318998277187 1108.650048054755 406.095302939415 7.261904165148735 2364.751613281667 0 883.7031076550484 181.8261286243796 317.1114922463894 95.49786296486855 856.761963263154 12.18894649296999 436.8172708004713 861.4015820175409 1.179482981562614 0.7548832297325134 0.09881980717182159 0 0 0 0.1281953752040863 0 0 0 0 0 0 0 0 0 26.35200796276331 8.742561295628548 0.8729462474584579 0 0 0 0 0 0 0 0 0 0 0 0 0 10.07541037350893 0 0 0 0 0 0 0 0 0 1.181886360049248 5.697996787726879 0.8911656513810158 1.72164124250412 0.1116973087191582 0.1467771679162979 0 8.982395343482494 0.08133906126022339 0 0 0 0 0.09238409250974655 0 0 0 8.912118062376976 8.813516937196255 13.22054852545261 8.321855373680592 0.8652660027146339 0 12.70330581068993 0 0.8976708501577377 0.474643848836422 0 0.2565205246210098 0.1655224114656448 0 0 0 0.1054029613733292 0 0 0 0.1405059248209 0 2.670638516545296 0 0 0 0.5486569777131081 0 0 0 0 0 0 0.7618910372257233 0.5668027177453041 0.579365611076355 0.5224651843309402 0.5179554671049118 0.9800582453608513 0.5391470342874527 0.9583122953772545 1.147415995597839 0 0 0 0 0 0 0 0 0 0 0 0 0 0 0 0 0 0 0 0 0 0 0 0 0.2316559627652168 0 0 0 0 0 0 0 0 0 0 0 0 0.09308884292840958 0 0 0 0 0 0 0 0 0 0 0 0 0 0.3703797459602356 0 0 0 0 0 0 0 0 0 0.4551346302032471 0 0 0 0 0 0.228395864367485 0 0 0 0 0 0 0 0 0 0 0 0 0 0 1.262307018041611 0 0.3011023998260498 8.328214704990387 0.1081721112132072 7.196768052875996 1.027204796671867 3.016592152416706 0.3290487080812454 0.2362681552767754 1.621338583528996 0.4852357283234596 0 0 0 0 0 0 0 0.4138760194182396 0 4.941502407193184 1.060607045888901
1479.212599895895 2353.581931494176 192.2092105671763 1889.388613730669 610.4517940729856 506.1172566488385 2042.873322896659 24.82811702042818 95.49786296486855 2607.705276116729 108.6017510220408 1683.410730645061 6283.98325047642 1043.703705497086 21.00849732011557 3.550334237515926 0.148245558142662 0.1787047758698463 0 0 0.0743635967373848 0.1557409167289734 0 0 0.1965789720416069 0.8329761624336243 0 0.3049555122852325 0.2663196623325348 0 121.0606870576739 11.96014088392258 53.62516383826733 0.2250797748565674 0.1583194583654404 0.1034231632947922 8.683971352875233 0.3683194890618324 1.767775408923626 2.967595487833023 0.5438245013356209 0.2503876239061356 0.1441052779555321 0.7346204221248627 0 0.4827975928783417 213.5110368430614 1.407208777964115 1.121305733919144 0.1993974819779396 0 0 0 0.2572368159890175 3.220924414694309 3.348740205168724 79.56127309054136 106.1503606289625 52.12015260756016 48.72335308045149 0.6560677736997604 5.313161917030811 0.3842771947383881 81.24374329298735 2.235844038426876 1.95703312009573 0 0.9332790598273277 0.7145050093531609 0.5227421000599861 23.75156935304403 0.6866132616996765 0 290.3767644017935 233.1481522247195 283.8018592894077 92.54166670143604 6.024715065956116 0.4765270054340363 30.12725514173508 0.6768631115555763 2.732873320579529 14.49539584666491 0.08877706527709961 2.613063417375088 2.290393799543381 0.9038322418928146 0 0.7509008720517159 0.2103015780448914 0.4035653248429298 0.3254504576325417 0 0.3090219497680664 0.4856533482670784 398.6753759607673 10.25333914160728 0.2463887929916382 1.358185142278671 377.7973260432482 0.1187058538198471 5.800340533256531 20.96683091670275 10.82362673431635 4.638242371380329 25.63243848830462 163.160937294364 81.39865404367447 54.23379654437304 82.1881120800972 45.61099875718355 119.1818716675043 142.5287646651268 65.1601824760437 90.32349669188261 0.3904639184474945 0.2755267024040222 0.1238039806485176 0.3805068135261536 0 0 0 0 0 0 0 0 0.7380652129650116 0 0.4879539012908936 0 0 0 0 2.380511820316315 12.57365255057812 0 0 0.3685206770896912 10.19568355381489 5.558896146714687 17.05372367799282 3.105404153466225 1.981387861073017 0 0.6116276681423187 0 0 0.3623845875263214 1.590367756783962 0 0 1.954214923083782 0 0 0.1180350631475449 1.461843907833099 0 0.08460723608732224 0 0.1974348574876785 0 0 0 0.09482955187559128 0.8450232148170471 58.16518914699554 0 0.3103464245796204 0.1109454780817032 0 0 0 0 0 0.1048654988408089 20.4129763841629 0 0 0 0 20.47557810693979 0.1149424910545349 16.23488865047693 0.2959204539656639 0.2739224880933762 0.5658402293920517 0 1.720773100852966 0 0 0 0 0 0 0 0 109.609663002193 5.159309692680836 7.228347651660442 699.0479087606072 10.31852816045284 180.8634277656674 48.97667594254017 693.884633757174 12.91283848881721 4.422095730900764 36.81561067700386 81.44358753412962 0.08876937627792358 1.82345125824213 7.265928268432617 57.35346896201372 0 0 0 1.613594941794872 0 526.4861919283867 195.0343646481633
48.54218360036612 1652.583926036954 2262.339800953865 4.819876819849014 1634.988745108247 0.9817532151937485 545.2518467456102 2633.912125617266 856.761963263154 108.6017510220408 1542.297335110605 34.0150393396616 1789.852853775024 3537.88394022733 38.66651268303394 27.51661211252213 1.446382857859135 0.1966265365481377 0.1741726025938988 1.515570960938931 4.18461212515831 0.2979515790939331 0.9342386201024055 2.118888594210148 0.8703144714236259 1.419990204274654 1.285389482975006 0.5746224150061607 0.9173536822199821 0.3044694364070892 709.5573251098394 122.948815010488 134.1639848947525 1.346605002880096 1.137469224631786 2.586483679711819 21.65285406261683 4.567534983158112 3.750855840742588 1.334725469350815 1.6190290376544 1.265722066164017 1.85167520493269 5.087835662066936 0.3133906647562981 0.8527553081512451 118.6808048337698 0.8690937012434006 0.5400795042514801 0.5652160942554474 0 0 0.4121821448206902 0.261125311255455 0.5487123653292656 0.4450359717011452 9.934539444744587 36.55073627829552 8.48970054090023 16.59465109556913 7.905153140425682 18.19959577918053 1.495777860283852 62.28464324772358 0.435469962656498 0.8700845167040825 0.1438501328229904 0.3735690861940384 3.280091606080532 2.370210640132427 13.18421640992165 0.519556812942028 0 43.10968570411205 56.82993147522211 126.9174780100584 114.2916033491492 28.23640550673008 40.43087812513113 766.298022441566 11.51430355757475 101.7824268639088 3.724074713885784 0 0.470075324177742 0.6073044165968895 0.7285627275705338 0.0934595987200737 0.1193395331501961 0 0.07368171215057373 0.1028412654995918 1.69011328369379 1.729914277791977 0.9202159568667412 62.60511840879917 4.344431191682816 0 1.484650030732155 12.5025250762701 0 0.5938178598880768 1.684270277619362 0.6309820562601089 0.1851330995559692 0.2801417857408524 8.600531034171581 3.43377311527729 2.594989411532879 5.638859950006008 6.42063844949007 4.418472662568092 15.6817481815815 7.765799671411514 9.553038813173771 0 0 0 0.2230685204267502 0.09876086562871933 0 0 0 0 0.2400489449501038 0 0 0.4783767014741898 0 0 0.1732111871242523 0.0998191237449646 0 0.2216034457087517 0.6656941175460815 1.598220825195312 0 1.507768034934998 0.1037638485431671 4.054407447576523 0.6261498555541039 5.861246317625046 0.2896739989519119 0.5357572585344315 0.1108865886926651 0 0 0 0 0.2170556858181953 0 0 0 0 0 0 0.7613750472664833 0 0 0 0 0 0 0.2497902363538742 0 0.9672791361808777 12.84973309189081 0 0 0 0 0 0 0 0 0 6.762450844049454 0.2275818660855293 0 0 0 6.944679856300354 0.3222779333591461 2.807127088308334 0 0 0 0 0.3909680545330048 0 0 0 0 0 0 0 0 13.73500233888626 1.383540853857994 2.604266069829464 203.1801499202847 5.825255133211613 102.0039334073663 33.99839969724417 21.98671225458384 4.490394569933414 0.8262022435665131 23.06623764336109 5.671318173408508 0.107251800596714 1.067420072853565 0.9937113672494888 1.924212872982025 0 1.780426979064941 0.131826713681221 3.864525124430656 0.1448084861040115 36.14126800745726 17.87630390375853
117.1930734738708 451.0448312014341 34.76108585298061 225.4034638702869 86.47294359654188 53.19635714590549 161.696988992393 8.455760844051838 12.18894649296999 1683.410730645061 34.0150393396616 162.4414955750108 2267.972127869725 271.2364360913634 29.74506668746471 16.84386560320854 7.158785752952099 2.264154456555843 0.706236369907856 2.863887473940849 10.8569203838706 11.68400959670544 4.740832567214966 2.363403812050819 4.370695114135742 24.25533699989319 11.39996132999659 27.46793500334024 11.28815586864948 2.707847207784653 8.122903071343899 2.221766017377377 235.5466659218073 3.657852374017239 0.962350144982338 8.118731535971165 305.4616962224245 31.37737543880939 83.44462072104216 30.38764228671789 17.65019107609987 18.88200240582228 1.750762663781643 2.304709851741791 3.470402650535107 2.921261504292488 74.58022044599056 0.1321215331554413 3.174140617251396 1.804374776780605 0.4202150106430054 1.341821737587452 25.22695457190275 12.71106915175915 0.532169908285141 0.1803025007247925 5.098886772990227 6.543119721114635 5.222968749701977 5.771159313619137 1.224117368459702 67.93151615560055 1.091212689876556 7.559393040835857 0 0.4770829156041145 0.1940654143691063 0.4087673425674438 2.847613632678986 9.316921539604664 336.7519008889794 15.86563315242529 0.3298818096518517 27.299654468894 21.79128314554691 46.56704211235046 27.48123423755169 8.908321186900139 0 24.49729245901108 0.8407208546996117 15.191251039505 1.798837229609489 0 0.3739817887544632 0.1517752334475517 0.2102813646197319 0.0827820673584938 0.1981846690177917 0 0 0 6.782436974346638 16.74283441901207 8.475227683782578 1171.070116177201 91.74758404493332 4.198415219783783 81.74017369002104 14.92519773542881 0 1.109255880117416 5.628575965762138 0.7801969051361084 2.637262485921383 6.925859354436398 30.59489308297634 17.32753669470549 14.1568141952157 25.42325259000063 16.7272537946701 43.89880708605051 61.66538916528225 30.55992286652327 47.26181034743786 0.8184705451130867 0.7342965826392174 0.225597620010376 0.4959889873862267 0.2277698963880539 0.09290561079978943 0.1802667081356049 0.1297123283147812 0.2219702303409576 0.3180176019668579 0.3334434479475021 0.2921657264232635 4.820409640669823 0.1146044731140137 1.792650640010834 0.2279084846377373 4.176568411290646 0.5594435036182404 0.7454285696148872 0.7520383670926094 7.776037871837616 1.311113260686398 3.142366319894791 6.14935702085495 11.043013677001 8.455182373523712 20.64774042367935 6.218569844961166 2.927853763103485 0.3196729049086571 0 0 0.648530475795269 0.4065895155072212 3.515829458832741 0 0.09849146008491516 0.8656631782650948 0 0.2645467072725296 0 7.240935131907463 0.5811775475740433 0 0 0 0 0.6112093403935432 0.346844881772995 1.845276221632957 3.430353783071041 48.59955993294716 0.9230310916900635 0 0 0 0 0 0 0 0 20.19552446901798 2.425527408719063 0.2879145443439484 0 1.132493734359741 9.704197436571121 2.06875367462635 10.4082894474268 0.1346844881772995 0.6338940486311913 1.350320532917976 0.4032941162586212 1.161945812404156 0.09008944034576416 0.0847199335694313 0 0 0.610442042350769 0 0 0.3193120360374451 69.1227847635746 11.6137550920248 19.27702218294144 257.0067227780819 7.105195574462414 107.8196356892586 39.84369245916605 83.85279355198145 3.781572237610817 0.1936741173267365 22.56428468972445 24.82734984904528 0.5423232391476631 5.05584342032671 1.978008180856705 14.43387667089701 0.1029357388615608 0 0.402075469493866 4.93472096323967 0.926032692193985 487.0300694480538 103.0198635682464
392.7901347652078 1970.819006338716 237.8946153670549 1005.697713084519 1209.410019271076 55.7454639673233 4145.234812662005 221.7694651931524 436.8172708004713 6283.98325047642 1789.852853775024 2267.972127869725 2405.697977043688 3463.665304422379 80.55798505991697 53.666712641716 7.135629653930664 2.031222850084305 1.685505501925945 5.67424251139164 13.67620781064034 6.548650741577148 6.271178834140301 5.88738364726305 16.67514078319073 34.98012123256922 18.96152115613222 36.64760237932205 18.59891530126333 3.765686959028244 81.28432111442089 17.46880000829697 1246.906685128808 5.35955847799778 5.403044559061527 22.18078667670488 763.9067137539387 95.28743586689234 159.4912857785821 108.2936327680945 21.39462765306234 18.84331049025059 3.732986494898796 4.761585362255573 4.842949323356152 3.232050530612469 232.26207049191 1.429052732884884 2.953395932912827 0.8772336542606354 0 0.7111578732728958 15.85439569503069 12.268226608634 2.526372782886028 1.33077697455883 22.07631449401379 36.92099898308516 20.4566358551383 29.51699759811163 6.183249033987522 150.3638411462307 2.825152494013309 48.20602665841579 1.850945539772511 1.177994176745415 0.7297605872154236 0.9165887162089348 5.018765561282635 10.17463943362236 623.5258886069059 18.66717892885208 0.4591460153460503 113.5835073962808 105.9345165714622 236.9556958526373 142.5407721251249 38.80609747767448 7.115111373364925 295.9353894516826 3.840420335531235 52.97645615041256 9.163489960134029 0.09772095829248428 1.299727521836758 1.498533003032207 1.069534935057163 0.1746760681271553 0.1079665422439575 0.2923092767596245 0 0.1813217848539352 6.630364276468754 22.03248789161444 7.958087451756001 1657.752089224756 37.27985940873623 1.462997764348984 76.52269292622805 30.03879845142365 0 3.298477292060852 13.27876015752554 3.608500704169273 8.806810535490513 22.46068098396063 91.68544178456068 70.06222076714039 53.48542815446854 75.29089845716953 54.75421022623777 130.108598023653 172.8020826131105 95.33629813790321 129.833991959691 1.387403205037117 1.345905959606171 0 1.148670889437199 0 0 0 0 0.3504256904125214 0.6026448607444763 0 0.1356755644083023 3.385972037911415 0.2528342306613922 0.7338224425911903 0.2831631302833557 2.600866757333279 1.174825131893158 0.926180899143219 4.798895768821239 15.09259584546089 0.4026561975479126 5.719637125730515 4.089201085269451 25.50754172354937 10.64690547436476 39.19155371189117 4.070321977138519 3.84009662270546 0.2465866133570671 0.1197518706321716 0.09820466488599777 0.5526182129979134 0.5367129817605019 4.810391023755074 0 0.1490447223186493 1.167135931551456 0 0.1474505811929703 0.1337066888809204 5.445738382637501 0.357529453933239 0.1298031061887741 0 0 0 0.1883265376091003 1.084348484873772 1.544969528913498 5.44367128610611 96.4937809035182 0.4965574517846107 0 0 0 0 0 0 0 0 45.49765023589134 1.916892997920513 0.1345433592796326 0 0.1413169205188751 32.09785169363022 1.685363881289959 26.58615455031395 1.0344482883811 1.240875788033009 2.548743776977062 0.3651618510484695 4.102264188230038 0 0.08319993317127228 0 0 0.08238817751407623 0 0 0 185.1429308876395 14.53488954156637 25.644720710814 617.6541274338961 16.89576132595539 262.1608824431896 91.52851092070341 127.0767597556114 12.89984551072121 3.767373010516167 54.57344567030668 58.23772569745779 0.2326074540615082 5.017764873802662 3.976940348744392 29.40801171958447 0.355651892721653 0 0.4463270828127861 8.272418968379498 0.9153082668781281 769.6225752681494 217.4438229501247
97.95006094872952 1721.100688546896 766.6342132166028 228.1072753742337 2614.768342204392 21.41001383215189 3164.278366744518 1214.290677621961 861.4015820175409 1043.703705497086 3537.88394022733 271.2364360913634 3463.665304422379 1074.354937516153 152.0126430466771 101.3022005036473 7.399588666856289 1.341602310538292 0.8254763558506966 4.646957285702229 23.96563540026546 2.710067182779312 8.061341568827629 8.775477878749371 4.498952560126781 24.30420503020287 5.244944624602795 12.26357482373714 3.955784872174263 1.832663387060165 188.0589073672891 60.55866389721632 715.3576333671808 6.046402774751186 6.057284839451313 20.66387969255447 975.1781930103898 114.2784248590469 122.918899692595 119.2251020073891 11.78926239907742 8.859128199517727 7.857230916619301 12.67936509102583 3.209595955908298 1.706737846136093 344.7960947975516 1.734098374843597 4.055304057896137 1.862292662262917 0.1851565986871719 0.2161751464009285 5.919467493891716 4.113991096615791 2.400458782911301 2.730929754674435 16.96805423498154 40.49416653811932 17.19430276751518 43.46708606183529 17.52311678230762 117.137644559145 4.015251308679581 81.96153543144464 2.257425412535667 1.052563346922398 0.3923153653740883 1.68767686933279 9.102771669626236 11.27795799076557 248.5673021301627 7.606943048536777 0.1173615977168083 134.5527143850923 157.176009811461 369.4013347625732 271.3571733087301 81.63093970716 71.46602665632963 589.5658173114061 21.52815447747707 217.5362194702029 8.82695697247982 0 3.032350942492485 1.670755103230476 3.513921543955803 0.3444740995764732 0.2558634430170059 0.1021229028701782 0.2783903181552887 0.4430705308914185 8.33511870354414 15.49509513378143 4.286346964538097 694.2715062275529 31.66090066730976 0.6575653403997421 21.93938236683607 18.86763972043991 0 2.609534837305546 5.807101890444756 1.265608564019203 3.644241869449615 12.6680049225688 50.05753416568041 42.05737315863371 31.68260398507118 44.93997468054295 33.21413131058216 80.98153697699308 104.2516714259982 59.81501147896051 84.69204378128052 0.5884022414684296 1.042084597051144 0 0.7501086816191673 0 0 0 0.1186055317521095 0.1967695280909538 0 0.3241863399744034 0.1155103296041489 3.29002583026886 0.3692513629794121 0.1294635683298111 0 2.0522281229496 1.057157836854458 0.6573509722948074 1.626439765095711 10.4503328949213 0.2575293555855751 3.885646894574165 2.986101932823658 19.52417819947004 7.435882590711117 29.49547328054905 4.39407604932785 3.665220469236374 0 0 0 0.4300533309578896 1.383091241121292 4.788790591061115 0 0.6915213614702225 1.431947067379951 0 0.2218758910894394 0 4.473376706242561 0.2602577731013298 0 0.1807202994823456 0 0 0.3215573504567146 0.3110340535640717 2.390433318912983 7.297924138605595 79.56722978502512 0.7702683210372925 0 0.1560806035995483 0 0.07787130773067474 0.1971605941653252 0 0.1089099571108818 0.08053354173898697 38.90590669959784 2.539664879441261 0.3573817163705826 0.1366277486085892 0 23.16577872633934 1.533202782273293 23.4900720641017 0.5676737949252129 2.006275720894337 2.005825743079185 0.8202190473675728 1.061129853129387 0 0.1822980865836143 0.09555003046989441 0.1565327644348145 1.735703721642494 0 0.1073521673679352 0 116.9098476022482 16.02722066640854 18.92384608089924 741.3141430094838 18.95425817370415 352.0791847631335 108.315410554409 96.87243113666773 15.74864827096462 2.022549256682396 74.96471400558949 40.77277643233538 0.858909584581852 4.917440064251423 2.551069229841232 18.63329401612282 0.7249663472175598 0.3927847966551781 1.031369313597679 10.88398281484842 2.449265606701374 355.9571394324303 121.8498326838017
