491.6191353797913 1437.905641496181 379.7403326779604 1675.23704007268 44.9055635035038 71.82283456623554 604.0476666167378 36.91289687156677 21.25156961381435 933.4508942365646 131.4518174305558 319.2777589634061 216.5423055142164 29.71942214667797 0.8685523867607117 0.4869037643074989 0.1954164281487465 0 0.1959980726242065 0.2306786999106407 0 0.226684495806694 0 0 0 0 0 0 0 0 1779.768147408962 7.929414711892605 5.842721372842789 0.1033356487751007 0 0 4.11156839132309 0 0.207391694188118 0.1390331536531448 0 0.5042519345879555 0 0.7796678841114044 0.3014674261212349 0 14.35453867912292 1.991163715720177 0 0.08143973350524902 0 0.194119855761528 0 0 5.320732936263084 2.809525787830353 112.1214482039213 1119.916827954352 43.29312720149755 13.18535367399454 1.2465690523386 0.507368803024292 0.1053969413042068 12.35349229723215 1.418563410639763 0.2019606456160545 0.4077005684375763 0 0 0.2185060232877731 17.31484140455723 8.561512410640717 1.050877332687378 128.138620339334 55.52540051937103 9.666506052017212 3.592696465551853 1.639822974801064 0.3323632404208183 28.71791011095047 0.7282353416085243 3.621619671583176 3.190999910235405 0.7277441024780273 0 1.011041484773159 0 0 0 0.6382673531770706 0.3575428947806358 0.3660736456513405 0.3689181506633759 0.1021828129887581 0 150.7666210234165 13.62179683148861 3.781560033559799 2.934698313474655 1676.444867894053 0 1.259412705898285 0.6796535551548004 25.95771074295044 0.4158200919628143 17.08180110901594 4.098300933837891 0 19.82262551784515 4.801514312624931 0.5710054636001587 0.7415066957473755 10.07054100185633 4.052346035838127 0.5317769646644592 0 0 0 0 0 0 0.3053805232048035 0 0 0 0 0 0 0.1677540093660355 0.1528284847736359 0.6476872563362122 0.1049605160951614 0.3670172095298767 0.2647784873843193 1.228508472442627 0.3141619861125946 0 0 0 0 0 1.197799533605576 0.7633120715618134 0 0 0 0 0 0 0 0 0.2889012396335602 0 0 0 0 0 0.1378914713859558 0 0 0 0 0 0.9740540906786919 1.005942940711975 0.8782818913459778 1.061927050352097 0.343804270029068 0 0 0 0 0 0 0 0 1.953724965453148 0.7999560087919235 0 0 0 0.6559191644191742 1.605044603347778 0.1479603350162506 0 0.1186206340789795 0 0 0 0 0 0 0 0 0 0 0 10.72487164288759 0 0 418.2569404169917 1.03186858445406 51.15702057629824 4.745468504726887 550.8605258539319 2.019771315157413 0.1814947575330734 0.1558703780174255 66.95674443244934 0 0.5705965012311935 0 21.37248791754246 0 0 0.1875916123390198 4.422696843743324 0 109.3818348124623 3.005033135414124
1437.905641496181 3616.568909727037 2408.730752982199 1709.203852452338 3668.368644066155 33.66385377943516 3686.411404676735 530.67174012959 4416.06874807179 507.0514766201377 1438.282137475908 112.2392166703939 746.2918949052691 955.8667829185724 6.257815144956112 6.262470729649067 0.8686105757951736 0.3609557151794434 0.209304504096508 0.07929075509309769 0.2553163841366768 0.1036266982555389 0.2100379019975662 0.5981127023696899 0 0.3794488310813904 0 0 0 0.07731886208057404 2867.068310238421 57.98866731673479 23.86061510443687 0.4748908653855324 0.1121238321065903 0.1724248379468918 3.650265768170357 0.4161472767591476 0.6215261965990067 0 0.2279126346111298 0.4825648963451385 0.1222752407193184 2.488741412758827 0.3680779784917831 0.4346849545836449 95.46481887996197 1.570755735039711 1.61236821860075 0 0.2900702059268951 0.2324559465050697 0 0 19.57637612521648 7.139230705797672 49.47718049585819 422.4845398068428 67.25028836727142 52.74864719808102 1.752514354884624 0.248795710504055 0.3654226437211037 65.49064866453409 4.025893211364746 0.8472272828221321 0.150699570775032 0.5054778158664703 0.2390855997800827 0.6183354258537292 1.657185450196266 0.5192290097475052 0 284.1469931304455 180.2643519714475 70.4416980817914 32.16760028153658 5.181123077869415 1.206183582544327 96.55685503035784 2.745262674987316 6.225326672196388 11.48474486917257 0.7891492545604706 0.1730731129646301 1.835620641708374 0.332927443087101 0.07592790573835373 0.1998795196413994 0 0.3331416696310043 0.1667448133230209 1.276307433843613 0.6566688418388367 0.3443381488323212 41.11025209724903 0.2936032265424728 0.4756690859794617 0 592.4367348253727 0 0 0.1300392299890518 32.02422380447388 0 44.06228588521481 0.1549437642097473 0.462180107831955 22.58248251676559 0 0 0.7524640709161758 2.3633131980896 0.2064367085695267 0.3360276818275452 0 0 0 0 0 0 0 0 0 0 0.1457860618829727 0 0.1574754118919373 0 0 0.1192955374717712 0 0 0 0 0 0 0 0 0.4659626036882401 0.7747142165899277 0.7177980020642281 0.4623514041304588 0.1982985809445381 0 0 0 0 0 0.2613069862127304 0 0 0 0 0 0 0 0 0 0 0 0 0 0.1144062057137489 0 0.5603885650634766 0.6967539489269257 0.6540581881999969 0 0 0 0 0 0 0 0 1.458024457097054 0 0 0 0 0.1162036582827568 0.8078385293483734 0 0 0 0 0 0 0 0 0 0 0 0 0 0 1.669883415102959 0.6128798052668571 0.438207820057869 90.71886945515871 5.728088431060314 309.4723929092288 41.60313495993614 176.2289818525314 38.74166739732027 0.512675978243351 12.25348669290543 5.311465717852116 0 0.08164802938699722 0 0.8661709278821945 0 0 0.1593385338783264 24.14999608695507 0 57.79708318412304 1.288091249763966
379.7403326779604 2408.730752982199 1161.21742489934 71.0275631994009 577.928986184299 1.593585282564163 310.7365732118487 2421.216672092676 2791.655843272805 96.00057238340378 2627.91850387305 46.89830778539181 385.0930312797427 1192.96636326611 5.522688582539558 9.720688626170158 1.131553255021572 0.2034852504730225 1.154724046587944 0.6162082552909851 3.227940797805786 0.1390819400548935 2.405950658023357 2.427080914378166 0.1918495297431946 0.6920514553785324 0.1342351734638214 1.091340370476246 0.09523261338472366 0 3452.148524083197 424.3108655065298 140.4468708261847 7.068411342799664 2.572949342429638 1.461233720183372 6.253483191132545 1.437273845076561 0.4829381257295609 0.1899255067110062 5.960312627255917 5.331925265491009 0.9198773801326752 2.287210755050182 2.312285229563713 4.369413062930107 36.06762260943651 2.120270632207394 0.9369202181696892 0.8403197377920151 0.2419071570038795 0.1180387884378433 0.267849862575531 0.8133013024926186 4.457514382898808 2.23960242420435 16.01193432509899 133.2003512009978 22.96434685587883 16.90319382399321 2.870222948491573 10.26917058229446 8.125328689813614 96.50936830788851 1.321863390505314 0.3857164159417152 0.7272273004055023 1.007786132395267 3.41641029715538 14.95330646634102 5.055059224367142 2.261260077357292 0 88.44890562444925 70.15369388461113 40.93796791136265 29.15245413035154 8.247502557933331 10.21809981018305 730.5597817972302 5.849790625274181 217.1671249940991 2.627652324736118 0 0.5049834325909615 0.7050547152757645 2.247660860419273 0.1004990413784981 0.09013409912586212 0 0.2164386808872223 0.09048864990472794 7.601183161139488 1.328011646866798 1.856261894106865 62.76048216968775 0.675433948636055 0 0.8586851358413696 95.97817185521126 0 0 0 0 0 0 0.6010566130280495 0 0 0.7622977122664452 0 0.301238089799881 1.424577496945858 0.8687752783298492 0.2314407750964165 0.8254808187484741 0 0 0 0 0 0 0 0 0 0.1561881005764008 0 0.2730488479137421 0 0.3104669600725174 0 0.4560655802488327 0.2300634235143661 0.1738923639059067 0 0 0 0.2660248279571533 0 0.3961768820881844 2.748128995299339 1.73103728890419 0.75477185100317 0.7902933210134506 0.1700387299060822 0.1392492204904556 0 0 0 0.2794431447982788 0 0 0.1192919015884399 0 0 0 0.3402367532253265 0.1385622620582581 0 0 0 0 0 0 0 0.656386598944664 1.526778876781464 1.187064468860626 0 0 0 0 0 0 0 0 0.3829168528318405 0.1344965845346451 0 0 0 0 0 0.6395924240350723 0 0 0 0 0 0 0 0 0 0 0 0 0 0.3754013180732727 0.9311854541301727 0.6229255646467209 55.04123246669769 3.759429313242435 94.71409226208925 25.64865292608738 19.32573871314526 13.09359835088253 0.4007150381803513 5.854911170899868 2.177973836660385 0 0.2183457911014557 0.26567143201828 0 0 0 0 2.673218257725239 1.478211998939514 14.57568369060755 0.3977243453264236
1675.23704007268 1709.203852452338 71.0275631994009 662.411812491715 41.71782235056162 196.0452818721533 848.1245959848166 0.8419613242149353 11.42493496090174 1500.806052215397 5.421758040785789 3000.947568297386 1422.641752831638 31.30959989130497 0 0.5932228565216064 0 0 0 0 0 0.4685910940170288 0 0 0 0 0 0 0 0 276.8022315725684 0.9881160780787468 0.3703141212463379 0 0 0 0.522224135696888 0 0 0 0 0 0 0 0 0.1113134101033211 16.91924589127302 0 0.08845597505569458 0 0 0 0 0 5.334444455802441 2.007084272801876 29.28005180507898 241.7341724634171 16.44865737110376 9.98844189196825 0.1914451420307159 0 0.2555635273456573 5.456067010760307 0.7375618889927864 0.08999276906251907 0 0 0 0.1248370856046677 2.72271691262722 0.689268097281456 0.1891286075115204 70.34479127824306 33.69032547622919 8.010305620729923 4.036905974149704 1.104399658739567 0 0.4168231934309006 0.4285348653793335 0.3232454434037209 2.558253392577171 0 0 0.1038134694099426 0 0 0.09344333410263062 0 0 0 0 0 0 120.9933525472879 1.935044750571251 0.2066767960786819 0.6208271235227585 700.6672612354159 0.1893993765115738 1.075989454984665 0 33.6140950024128 0 18.35809069871902 9.79511883854866 2.620273411273956 38.06807953119278 3.346416801214218 0 3.213661268353462 2.215510532259941 2.701826304197311 0.6200281083583832 0 0 0 0 0 0 0 0 0 0 0 0 0 0 0 0 0 0 0 0 0 0 0 0 0 0.3724141120910645 0.7786728367209435 0.5193094313144684 0 0 0 0 0 0 0 0 0.1466299146413803 0 0 0 0 0.09982972592115402 0 0 0 0 0.1948282122612 0 0.2666702345013618 0 0.2445900291204453 0.3493232801556587 0 0 0 0 0 0 0 0 0 0.5065985321998596 0.145844578742981 0.5153077840805054 0 0 0.5478997230529785 0 0.366822361946106 0 0 0 0 0 0 0 0 0 0 0 0 0 2.872778065502644 0.5608676075935364 0.1405760645866394 128.3281662017107 0.8942291662096977 39.88597495853901 1.949039183557034 485.7342955842614 3.022412605583668 0.1027235388755798 1.388400338590145 35.57156406342983 0 0.8464863300323486 0 11.94089593738317 0 0 0 17.48076564073563 0 68.43001866340637 1.71587310731411
44.9055635035038 3668.368644066155 577.928986184299 41.71782235056162 1703.399607762694 0.7708642557263374 1565.571605548263 101.60781891644 4317.773734651506 48.09528227895498 347.246890604496 41.01094917953014 848.8629216775298 1093.255259528756 8.469357796013355 4.999052196741104 1.093797944486141 0.1975705847144127 0.404231108725071 0.08501423895359039 0 0.1427135914564133 0 0.2253381833434105 0 0 0 0 0 0 316.7482974976301 79.43841636180878 6.390446573495865 0.2270757183432579 0 0 0.4572874754667282 0.2896416708827019 0.09654431790113449 0 0.2094309255480766 0.6217929124832153 0 1.260929815471172 0.1678085029125214 0.183213047683239 97.33266147226095 2.899382777512074 1.910986058413982 0.2125132083892822 0.1885557100176811 0 0.1341854184865952 0.4277724027633667 14.79918918013573 6.998236767947674 24.01285959035158 110.7426441162825 38.41192038357258 41.19480303674936 1.334003329277039 0.5513497814536095 0 59.54065185785294 3.556518323719501 0.2820909395813942 0.253861702978611 0.1197852939367294 0.1077157557010651 0.5349699631333351 1.029758803546429 0.2505446374416351 0 166.7244053632021 114.0513789877295 75.2518330141902 38.21250290423632 4.708677992224693 2.176080904901028 11.00785963237286 2.319120272994041 7.229853540658951 7.76407078653574 0 0.4581978619098663 0.8859817236661911 0 0 0.128996416926384 0 0.6048150435090065 0.1741220876574516 1.202688828110695 0.3044503033161163 0.09792159497737885 66.39258047193289 0.4221505522727966 0 0 19.09351706504822 0 0.2931348383426666 0 0 0 8.584660351276398 0.4377790912985802 0 0 0.3583812266588211 0.1262665390968323 0.2706978917121887 1.746139496564865 0.09953058511018753 0.12863689661026 0 0 0 0 0 0 0 0 0 0 0 0 0.2041719406843185 0 0 0 0 0 0 0 0 0 0 0.5058852434158325 0.221331775188446 1.147774338722229 1.285265579819679 0.2775997221469879 0.3146261870861053 0 0 0 0 0 0 0 0 0.1540805101394653 0 0 0 0.3095487207174301 0 0 0 0 0 0.4729630649089813 0 0.3740280866622925 0.5635347068309784 0.8824682831764221 0 0 0 0 0 0 0 0 0 0.1438994705677032 0.7416974604129791 0 0 0 0.1613884717226028 0 0 0 0 0 0 0 0 0 0 0 0 0 0 0 1.262440375983715 1.480237036943436 0.2461714521050453 105.8124807178974 4.325648404657841 320.8912987560034 73.67802332341671 74.22150130569935 58.01023542881012 0.4487699717283249 27.83305129408836 2.533551171422005 0 0 0 1.595009259879589 0 0 0 4.002707421779633 0 33.81556724011898 1.051187783479691
71.82283456623554 33.66385377943516 1.593585282564163 196.0452818721533 0.7708642557263374 1.936781883239746 24.86184917390347 0.3442670702934265 2.145344950258732 215.336311519146 5.81398543715477 148.9700453281403 151.8408921137452 18.33542165160179 0.1232844367623329 0.572345919907093 0.1284129768610001 0 0 0 0 7.201538428664207 0.1808412224054337 0 0 0.2387271523475647 0.4384100735187531 0 0.1724234968423843 0 24.23533491790295 0.4702202975749969 8.656411603093147 0 0.1700157523155212 0.9460416734218597 34.98945704102516 0.6300881803035736 4.533908300101757 0 0 0.3426978588104248 0 0.1060081273317337 0 0.1669585853815079 0.7459289580583572 0 0 0 0.5408017039299011 6.860247284173965 6.055189065635204 0.5448551326990128 0.2898772805929184 4.462804295122623 58.57754220068455 25.67689882218838 0.384758859872818 0 3.02001328766346 2.912090092897415 0.182828962802887 0.3090087473392487 0 0.1299848258495331 0.6793332323431969 0 0 0 237.1163077801466 197.3203716129065 36.16414088010788 1.064250059425831 1.989575609564781 0.337403230369091 0.3251019716262817 0.2285628318786621 0.5850849747657776 3.268701136112213 0 8.390759661793709 0 7.325418241322041 0 5.247894994914532 0 12.4973411038518 3.239897377789021 15.11268801987171 0.6034900993108749 0.5142273604869843 0 0 0.3110957890748978 689.0947087705135 208.9341205060482 81.1657909154892 52.85350489616394 390.0034251958132 0 1.553116172552109 0 1.711604595184326 0.4670846462249756 0.1952992826700211 5.57025970518589 0 4.282885357737541 5.495231501758099 0 1.104419082403183 6.437363937497139 1.193920567631721 1.189486756920815 0 0 0 0.1845113039016724 0 0 0.128703698515892 0.1592719554901123 0.3208023607730865 0.1380992829799652 3.829609587788582 0.3338288515806198 0.6612487062811852 1.644978120923042 0.5965485721826553 1.906523458659649 1.919096253812313 5.629422925412655 1.818549670279026 0 0 0.1290377229452133 1.152702413499355 0.4605291485786438 0.5531693696975708 0.4178816378116608 1.087971419095993 0.6792111098766327 1.130456373095512 0.2688571810722351 1.595316112041473 0 0 0 0.1511210948228836 0 0 0 0 0 3.120313003659248 2.309615597128868 3.635994017124176 0 0 0 0 0.1103938296437263 0.4773058891296387 0.09688197821378708 0.8640349432826042 0.1950904577970505 0 0 0 0 0 0 0.1802380383014679 0 0.1885964870452881 0.6879837363958359 2.793859250843525 2.877960845828056 0.9382470697164536 2.275202006101608 0.3636144995689392 0 0 0 0.4398850202560425 0 0 0 0 0 0.1422766000032425 0 0 0 0.3930753469467163 0.1830497533082962 6.737284302711487 0.8580127581954002 0.695314534008503 75.04223381727934 1.18650908768177 2.363529719412327 1.185853064060211 113.7544338107109 1.104113876819611 1.622873201966286 0.1596433818340302 37.83516380935907 0.4275604337453842 0.2565155103802681 0 19.60008139908314 0.1402217298746109 0 0 0.5041770935058594 0 45.93202239274979 8.020235612988472
604.0476666167378 3686.411404676735 310.7365732118487 848.1245959848166 1565.571605548263 24.86184917390347 1337.966162011027 71.50202354043722 3395.045631252229 826.6203864663839 613.4573704451323 764.5070666372776 4179.747251227498 2734.765527114272 12.78289502114058 10.86828403174877 1.174514666199684 0 0.09983699768781662 0 0.1854603439569473 0 0.1005057096481323 0 0 0.2781739607453346 0 0 0.5471271723508835 0 473.7381432801485 42.66026231646538 11.33409239351749 0.7009243443608284 0 0.1695716977119446 5.165988110005856 0.8785687983036041 0.3248782902956009 0 0.09611310064792633 0.5258723646402359 0 2.948899023234844 0.1551418155431747 0.4351709112524986 118.610494107008 2.049425683915615 3.807415165007114 0.4328484609723091 0.2075280398130417 0 0 0 17.94533810019493 8.019509799778461 36.88466370850801 202.3423636555672 49.98330648243427 48.13534292578697 0.9858089536428452 1.324054852128029 0.1293239146471024 63.68315321207047 2.724516987800598 0.1790739893913269 0.1792579889297485 0.4051798060536385 0.6336176097393036 0.2099502608180046 10.35177993029356 1.181079924106598 0 221.0890077725053 150.0716022625566 87.03289642930031 54.7769527733326 8.828915543854237 1.642122007906437 20.46405486017466 2.282437808811665 11.59209205955267 11.7991281375289 0 0.3785347789525986 1.668043196201324 0.7165829837322235 0.1123766154050827 0 0 0.7383869588375092 0 0.6136745512485504 0.5877038612961769 1.159359976649284 546.9128421917558 5.527874991297722 0 0.1123586744070053 113.9026062786579 0.6868826672434807 1.530309237539768 35.75734275579453 20.18722411990166 0.2831568792462349 35.34114859998226 3.652854725718498 1.289811819791794 27.13688047230244 9.011053346097469 1.117421075701714 16.977474398911 25.1978559717536 7.646639950573444 4.499857924878597 0.1348482072353363 0.120789498090744 0 0 0 0 0 0 0 0 0 0 0.1270348876714706 0 0 0 0 0 0 1.047663941979408 0.3051770925521851 0 0.3440691828727722 0.09760456532239914 3.834133990108967 7.146426312625408 15.9955747127533 4.462052248418331 1.166614152491093 0 0.09017821401357651 0 0 0.6625388413667679 0 0 0.7466951012611389 0.3188658058643341 0 0 0 1.264977224171162 0.4338898360729218 0.2465520054101944 0 0 0.07810197770595551 0.8808783143758774 0.09463834762573242 1.737978249788284 5.523898229002953 6.159327179193497 2.211417481303215 0 0 0 0 0 0 0 0 5.426339976489544 1.483898542821407 0 0 0 0.4131256341934204 1.325710728764534 1.278023153543472 1.452863141894341 2.722941964864731 0.2010785788297653 0.1715887784957886 0.1414317637681961 0.1433902382850647 0.1770149171352386 0 0 0 0 0 0 11.2652842476964 3.658368535339832 4.051928751170635 199.2236748561263 4.11408144235611 379.1090530827641 90.00816697627306 122.0375439301133 58.17482876032591 0.136459618806839 38.8693186417222 29.10268590599298 0.1509103924036026 3.161639861762524 0.3562676459550858 15.59486541152 0.1372020393610001 0 0.111805833876133 13.14440502226353 0 100.0062677115202 9.025400958955288
36.91289687156677 530.67174012959 2421.216672092676 0.8419613242149353 101.60781891644 0.3442670702934265 71.50202354043722 717.518953256309 257.6754327565432 16.87437936663628 2067.508900560439 15.35362850129604 181.5646432414651 1121.964324377477 7.679846443235874 11.54416915774345 2.949816860258579 1.01201120018959 4.44572239369154 11.29727806150913 25.98852613568306 1.249946683645248 10.1802966594696 7.978961430490017 1.210476472973824 2.130467236042023 0.6588374674320221 1.472191005945206 1.130933597683907 0.4762726426124573 1390.107756070793 2134.216988869011 248.5833757221699 34.81389011442661 12.76040162146091 3.948887258768082 7.923498883843422 3.603889457881451 2.035802774131298 1.309246033430099 18.44911178201437 25.15040159970522 11.86607775092125 7.968905389308929 8.13166669011116 24.79010082781315 34.50056462734938 9.481012910604477 9.870062604546547 9.110502235591412 1.604380421340466 2.16931114345789 0.5197141170501709 4.610790729522705 3.821635320782661 0.9883600249886513 6.675453826785088 56.83322658389807 8.973520129919052 11.24687319248915 41.45533338934183 31.55834259092808 30.43413604050875 84.52927659451962 1.549777135252953 4.411946259438992 1.69081611931324 8.022667974233627 35.7657461091876 122.8728705793619 8.146910704672337 3.843071520328522 0 51.78052790462971 50.39619238674641 27.13062737882137 29.64478562027216 14.17111995816231 304.0351468250155 2345.427130125463 189.8930659815669 1302.649567246437 7.086605168879032 0.07619896531105042 4.720689631998539 1.217860177159309 14.91327634453773 0 0.4718972444534302 0 0.6738109514117241 0.09603778272867203 34.34720634669065 6.107930772006512 8.11725740134716 13.51924768090248 5.090475842356682 0 0.8920348584651947 17.88067468255758 0 0 0 0 0 0.488258957862854 0 0 0 0.1422949582338333 0.6454672813415527 0.1315235942602158 1.744507297873497 0.09506843984127045 0 0 0.1179860308766365 0 0 0 0 0 0 0 0 0.2362230569124222 0.1912213563919067 1.73633823543787 0.2922796308994293 0 0.2160770297050476 0 0.5517856031656265 0.1022209450602531 0 0 0.1339952051639557 0.6510287672281265 0.5354203432798386 0.08428504317998886 1.624068535864353 2.055023401975632 0.9422124624252319 0.7474055290222168 0.1599405407905579 0.234333336353302 0 0 0 1.29664745926857 0 0 0 0 0 0 0.2888946086168289 1.715301021933556 0 0 0 0 0 0 0.899702861905098 0.6041043251752853 0.4256928265094757 0.09572917222976685 0 0 0 0.12895767390728 0 0 0 0 0.1906670928001404 0.731861338019371 0 0 0.1654939949512482 0.1351008266210556 0 0.475689023733139 0 0.1067411974072456 0.6318025663495064 0.1099474281072617 0.1344562321901321 0 0 0 0 0 0 0 0 1.099878504872322 0.1181503012776375 1.389176353812218 76.98633077740669 10.71399532258511 98.16203191131353 45.28939243406057 8.110879935324192 8.231259189546108 0.1000673249363899 8.749876290559769 2.229505635797977 0 0.2581279575824738 0.963028609752655 1.840514197945595 0.5245265960693359 0 0 2.052973814308643 0 6.824012748897076 0.4295120760798454
21.25156961381435 4416.06874807179 2791.655843272805 11.42493496090174 4317.773734651506 2.145344950258732 3395.045631252229 257.6754327565432 1541.784054711461 46.79682731628418 1360.522585980594 39.87502191960812 1745.934375144541 3013.389379948378 5.691444456577301 6.201282426714897 0.329108253121376 0.09612579643726349 0 0 0.1107182502746582 0 0.3427249193191528 0.1162838041782379 0.1235022991895676 0 0 0 0 0 236.4771640896797 32.09929810464382 12.21610881388187 0.2456011176109314 0 0 4.069802291691303 0.265546053647995 0.1214441061019897 0 0.2486729845404625 0.2872960418462753 0 1.193512938916683 0 0 49.15798759460449 0.523492194712162 0 0 0 0.1486860364675522 0.2136692404747009 0.1025109589099884 4.327115289866924 2.547226242721081 6.69071613997221 43.68470395356417 16.96397585421801 18.70863445848227 0.3167865946888924 0.73386150598526 0.2405062764883041 26.50139594078064 1.594629772007465 0.1858829855918884 0.1036687567830086 0.123276948928833 0.1040777042508125 0.1975416988134384 2.464181169867516 0.5635144114494324 0 60.58451677858829 56.01228243857622 37.06224362552166 27.66018567234278 5.172306962311268 1.147834993898869 39.43300869315863 0.5179149284958839 7.66294289380312 2.986571669578552 0 0.1809439584612846 0.8636268004775047 0.1697648912668228 0 0 0 0 0 0.2943074330687523 0.1286573261022568 0.2259837687015533 105.024871788919 0.6243211328983307 0 0 5.086112931370735 0.3563151359558105 0.1386119276285172 0 1.026658073067665 0.2630482614040375 3.749779239296913 0.9847798272967339 0 0.695341944694519 2.381644882261753 0.1414254307746887 0.2294023931026459 4.512629225850105 1.928556255996227 0.7644558548927307 0.3513803780078888 0.193526104092598 0 0 0 0 0 0 0 0 0 0 0.6785290539264679 0 0 0 0 0 0 0.09865201264619827 0 0 0.7421072348952293 0 0.9145082607865334 3.580605059862137 3.214168220758438 1.094308614730835 0.2678585350513458 0 0 0 0 0 0 0 0 0 0 0 0 0.9228586852550507 0 0 0 0 0 0.1030608117580414 0.1208286210894585 0 1.128077879548073 2.631294749677181 0.5700536370277405 0 0 0 0 0.1119342669844627 0 0 0 1.199910424649715 0 0 0 0 0.1061253100633621 0.3625827133655548 1.853703379631042 0 0.3649792671203613 0 0 0 0 0 0 0 0 0 0 0 2.404024586081505 1.905921302735806 1.083289362490177 87.59089334309101 3.020887345075607 140.0475793853402 49.35263884812593 37.36629161983728 24.87963123619556 0.1262895464897156 17.25152349472046 8.423826105892658 0 0.6193562000989914 0 1.488937921822071 0.19223453104496 0 0 6.694473952054977 0.9730808138847351 17.81415729224682 4.445380367338657
933.4508942365646 507.0514766201377 96.00057238340378 1500.806052215397 48.09528227895498 215.336311519146 826.6203864663839 16.87437936663628 46.79682731628418 757.5572242438793 97.69589725881815 2637.871511660516 4854.68043538928 181.4249580875039 2.75572107732296 3.472144089639187 0.297101303935051 0 0 0 0 2.145052596926689 0 0 0 0 0 0 0 0 127.3452247828245 4.869423009455204 5.755561724305153 0.1578100919723511 0 0 12.10552050173283 0.4604540467262268 0 0 0.1253297328948975 0.1199473366141319 0 0.5860176160931587 0.1978354081511497 0 19.23687955737114 0.4831832051277161 0 0 0 1.184630513191223 0 0 4.380006872117519 0.9068142771720886 32.84624907374382 103.5201720893383 8.923070721328259 8.582448691129684 0.2913937345147133 1.412731200456619 0.1197237968444824 6.275136739015579 0.4804966226220131 0.1665048003196716 0 0 0 0.1107117831707001 158.7815353423357 16.117292329669 0.8600452393293381 42.91719532012939 23.11090094596148 13.99393225461245 10.07527834177017 2.720577210187912 0.6086801290512085 13.57280352711678 0.5622130557894707 5.023632451891899 1.827407203614712 0.5579169020056725 0.122103177011013 1.056833922863007 0.160785973072052 1.151407286524773 0.128871738910675 0.2800745069980621 0 0 0.4214098379015923 0.1163360476493835 0 430.9212926477194 27.15864293277264 3.599531531333923 2.405667021870613 551.2994011491537 2.226022943854332 9.079894304275513 3.87667116522789 27.7823775857687 0.8679142892360687 11.24626214802265 26.27390716969967 2.701280273497105 48.07963459938765 45.37889564782381 1.799538046121597 18.07957234978676 69.99882265925407 24.54901846498251 9.247791305184364 0 0.164668545126915 0 0 0 0 0 0 0.760336697101593 0 0 0 1.240490727126598 0 0 0 0.1310020238161087 0.7778513878583908 0 2.900398790836334 0 0 2.046272024512291 0.8941887021064758 4.860415853559971 6.484087519347668 15.55076624453068 4.016481660306454 3.666450776159763 0 0 0.349815309047699 0.2487892955541611 0.6345105767250061 0 0 0 0 0 0 0.349169135093689 2.062266126275063 0.1560734957456589 0 0.3500481843948364 0 1.876006007194519 0.3763623014092445 4.335833609104156 2.441066920757294 6.749841347336769 10.53277116268873 1.000164583325386 0 0 0 0 0 0.2885509729385376 0 0 12.29319686442614 1.078341379761696 0.304085336625576 0 0.1470838487148285 3.416083693504333 2.686939477920532 3.898287788033485 0.8664228469133377 0.5456449687480927 0 0 0 0 0 0 0 0 0.1286380439996719 0 0 56.83221579343081 2.059646271169186 1.752418644726276 406.6185408234596 2.189248934388161 74.13530021160841 22.3746842071414 621.4364596530795 16.92616505920887 0.1622894108295441 9.750699415802956 238.2727416828275 0 2.044494196772575 0 111.0668086484075 0.9723652601242065 0 0 17.55330744385719 0 654.7720446065068 33.55040731281042
131.4518174305558 1438.282137475908 2627.91850387305 5.421758040785789 347.246890604496 5.81398543715477 613.4573704451323 2067.508900560439 1360.522585980594 97.69589725881815 1096.849172286689 279.2953392118216 1895.407209016383 3975.205121733248 20.45908987522125 39.1803899332881 1.651836760342121 0.1282042413949966 0.6858887374401093 0.4515011981129646 6.638190306723118 1.058714061975479 7.817364491522312 8.629264049232006 1.085826136171818 1.817320287227631 2.284851238131523 0.7425764352083206 0.7042161896824837 0.6635326370596886 1288.273984976113 311.4311650469899 460.3708541542292 14.75114371627569 13.5061447173357 10.44144295156002 204.7524037733674 42.37087396532297 4.646261930465698 0.9452259093523026 9.692102052271366 5.410742416977882 1.509378001093864 13.67421504110098 1.780343815684319 9.749431043863297 82.87822924554348 1.661398477852345 2.024145178496838 0.6758605018258095 0.7825393974781036 0.4431494325399399 1.222462698817253 2.216339513659477 6.207870401442051 3.993010893464088 12.79051136225462 93.12902086228132 23.60146081447601 29.85558746010065 6.207674823701382 24.30946735292673 25.63303285092115 70.47448022663593 2.055661030113697 0.8509462177753448 0.4217249900102615 0.7675866186618805 2.385959625244141 16.42305382341146 70.78870709240437 5.362280815839767 0 107.0143807381392 106.5529809519649 78.92356766760349 74.96824564784765 38.91768810153008 16.37486439198256 1177.830734834075 4.146891385316849 210.9246530309319 5.728826247155666 0 0.6577947661280632 0.8858147859573364 0.7793288752436638 0 0.3264474049210548 0 0.2930650487542152 0.2005817517638206 12.98270589113235 3.418529935181141 1.30555384606123 122.7135042399168 21.10067710280418 0.9740667641162872 5.257184416055679 35.70685061812401 0.3954056948423386 0.4162281900644302 0 0 0.3688501268625259 0.1326256841421127 0.6672174260020256 0 3.500898100435734 2.135750643908978 1.659368723630905 1.514699712395668 12.16929615288973 6.776581943035126 3.889586225152016 0.6531907990574837 0.1198912113904953 0 0.6294969245791435 0 0 0 0.338873565196991 0.3939756453037262 0 0.7303542196750641 0 2.991959072649479 0.159905731678009 0 0.4707061424851418 0.6321801990270615 0.243363730609417 0.2312315329909325 0.3588113486766815 0 0.2704631760716438 1.795998007059097 1.257358886301517 4.350131593644619 6.837053455412388 15.40262234956026 5.559733405709267 3.899258330464363 0 0.4497999250888824 0.1239073723554611 0 0.5951813980937004 1.676929108798504 0 0 0.3844478875398636 0.08955053985118866 0.1050186455249786 0.4289764910936356 2.995339661836624 0.3440403938293457 0 0 0 0 0.2625936791300774 0 2.819462589919567 10.31610170006752 3.739222049713135 0.4564809575676918 0 0 0 0 0.2313840389251709 0 0 0 5.465933360159397 1.900737211108208 0 0 0.2343362122774124 1.157717972993851 0.612192876636982 1.479108095169067 0.09021874517202377 0 0.9381661340594292 0.1174909994006157 0.2611067518591881 0 0 0 0 0.1238841339945793 0 0 0 7.135450929403305 6.793348960578442 5.420916527509689 185.8341085314751 7.481141075491905 220.4877142757177 85.65944218635559 36.34524549543858 30.89540559053421 0.5927709415555 25.92505871504545 10.25807826966047 0 3.871100328862667 0.1482545435428619 6.722241781651974 0.3843116015195847 0 0.1111835315823555 4.378320693969727 0.3172509968280792 33.98159840703011 4.448245085775852
319.2777589634061 112.2392166703939 46.89830778539181 3000.947568297386 41.01094917953014 148.9700453281403 764.5070666372776 15.35362850129604 39.87502191960812 2637.871511660516 279.2953392118216 136.1310553252697 2332.340188726783 278.9359036758542 22.84478451311588 44.68775510787964 1.710486739873886 0.1371603906154633 0.3096601516008377 0 0.6479567140340805 0 0.9239077717065811 0.9110262989997864 0.8589982539415359 0.3283818513154984 0.1439063251018524 2.223489046096802 0.633619949221611 0.4704942405223846 29.31521285325289 12.39940229058266 71.47083750367165 2.049182377755642 1.189386487007141 3.174354515969753 77.81049893051386 20.5414282605052 3.419001668691635 0.6146407872438431 0.8268302381038666 1.703944399952888 0.1510957926511765 16.14301338791847 0.2581073194742203 2.282435350120068 57.39360287040472 0.4543438106775284 0 0.225930243730545 0.2923072353005409 0.9423594623804092 0.1856618076562881 0.2693824619054794 1.389000780880451 1.289091616868973 5.305677361786366 31.66162943840027 5.676744379103184 9.028844505548477 10.24584720283747 32.06058583408594 3.283970840275288 21.20220784842968 0.9178697876632214 0.2617526352405548 0.06939772516489029 0.1003230437636375 0.5674422308802605 2.178786560893059 164.3113837093115 11.49972707033157 0.1719682961702347 34.12698456645012 29.8943097665906 36.22516503185034 40.08135757595301 35.87629524618387 0.3594260141253471 24.51356368511915 3.171934701502323 29.90810890495777 0.7271688058972359 0.1243094503879547 0.08895788341760635 0.08289898186922073 0.2299494668841362 0.1819822937250137 0 0 0.09286444634199142 0 0.9686998948454857 0.2860986590385437 0.4159928262233734 1243.448075920343 75.27095630764961 0.4602597951889038 8.526289686560631 61.0115400403738 5.531277485191822 6.819129943847656 5.179220221936703 23.46545450389385 4.14729767292738 8.002206593751907 23.79429125785828 4.081935495138168 49.90380826592445 40.1349970549345 8.582437790930271 26.6993457749486 123.4674243032932 49.12415235489607 22.07113183289766 1.607436984777451 1.375244937837124 0 1.192170977592468 0 0 0.4398520290851593 0 0.1164811477065086 0 0 0.2243028283119202 3.102210178971291 0 0.1197805106639862 0.5315814390778542 0.690112479031086 0.09204505383968353 0.5494503602385521 3.893944792449474 1.39324539899826 0 5.628329738974571 1.639542490243912 26.23831183463335 41.21874564886093 92.08536521345377 19.37010798603296 9.311018191277981 0.2584266066551208 0.5462984517216682 0.2755960151553154 1.381427466869354 0.8342021629214287 1.172334581613541 0.1254100054502487 1.72568690776825 1.218224793672562 0 0.2607297450304031 0 4.360452085733414 0 0.789052277803421 0 0 3.148176819086075 3.000637866556644 2.434198439121246 7.173087537288666 28.95455052703619 45.27665392309427 10.5885921344161 0 0.5870957970619202 0 0 0 0 0 0 35.39936496317387 4.467606253921986 0.1282871812582016 0.1117101088166237 0.2388383597135544 6.934857308864594 8.86455113440752 9.643283985555172 3.331623643636703 6.609690733253956 2.60826725512743 1.722213961184025 0.4821073934435844 0 0 0 0 0 0.1020768955349922 0.1157228872179985 0.1478457897901535 93.78506049513817 21.98707603663206 19.75866700708866 410.4786427393556 2.249405771493912 155.050770945847 82.43298540264368 137.6801694184542 14.27418123930693 0 31.84108348935843 155.6275947615504 0.1219824403524399 13.4036430567503 0.2109961211681366 85.49212915450335 0.7396006882190704 0 2.211822293698788 46.14082126319408 0 476.3755706697702 55.22517002373934
216.5423055142164 746.2918949052691 385.0930312797427 1422.641752831638 848.8629216775298 151.8408921137452 4179.747251227498 181.5646432414651 1745.934375144541 4854.68043538928 1895.407209016383 2332.340188726783 5738.235108405352 5910.141692787409 59.66416403651237 123.5706062167883 3.315425992012024 0.3031436279416084 1.174220897257328 0.3413566127419472 3.385241068899632 3.675460636615753 5.954390406608582 3.250509440898895 2.019872233271599 5.361844703555107 2.090511187911034 10.60310959070921 3.983934596180916 1.474198363721371 108.6208025291562 52.09914358705282 865.029251806438 8.854860089719296 7.786841675639153 11.13151409476995 1048.149561524391 334.9675948098302 36.96279685944319 2.234069511294365 5.303188234567642 4.520896025002003 0.5198385193943977 40.40593029558659 0.6789721474051476 6.245890937745571 157.9604155644774 1.320577092468739 2.169264517724514 0.8629641234874725 0.4138078317046165 2.142151348292828 2.892307676374912 5.32413188368082 6.42526800185442 3.544745475053787 14.84842723608017 67.34622049331665 21.57989889383316 30.25593513995409 22.45153344422579 174.886052466929 13.98470638692379 67.32793393731117 2.824104882776737 0.8172195255756378 0.3467202857136726 0.4974799528717995 1.835728101432323 7.625535383820534 954.5062100589275 22.10028357803822 1.089324548840523 110.4255103245378 89.41529733687639 126.5563198626041 117.6177609488368 90.14707854390144 2.626562140882015 186.1068596020341 6.138439767062664 86.76688882708549 3.793741039931774 0.3318391367793083 0.3192943930625916 0.7954453006386757 0.8405765891075134 0.1052889674901962 0.218660980463028 0.2177119702100754 0 0 9.239800333976746 3.123676918447018 2.667867489159107 3841.935651056468 136.6819527000189 3.227265432476997 31.42872115969658 63.21554315835238 10.80741069465876 6.450195208191872 5.069253042340279 13.99626740068197 5.861748099327087 10.07217626273632 26.0794418528676 2.92614209651947 97.94949463754892 48.78074763715267 12.69625174999237 31.89085645228624 174.5015960857272 64.47723533213139 33.28553532809019 3.630398310720921 2.312682807445526 0.1194598600268364 1.619717814028263 0 0 0.2436315268278122 0.1702336221933365 1.343657851219177 1.195111826062202 0.5123746693134308 0.7274437174201012 9.545075505971909 0.6590002775192261 1.480609461665154 0.9172642454504967 2.471524514257908 0.4265530332922935 0.08838318288326263 5.074025012552738 2.001614712178707 1.285203583538532 8.12603685259819 2.380108967423439 37.50868880003691 58.26955612003803 142.5260829180479 35.18183215707541 19.37928322702646 0 0.5332969129085541 0 0.2556876689195633 5.575320817530155 2.978661715984344 0 2.758598133921623 4.882244542241096 0 0.1011800393462181 0.1197673156857491 6.934697054326534 2.150221273303032 0.1510549783706665 0 0 2.349610984325409 3.912959337234497 2.401256941258907 10.41473028063774 47.27305728942156 59.82644993811846 13.23299093544483 0.2140925079584122 0 0 0.3824418783187866 0.7013070732355118 0 0.07456591725349426 1.296009421348572 55.92334658652544 9.263708367943764 0.11668411642313 0 0.4113999232649803 12.37557742744684 14.704549215734 13.14842911809683 6.016766995191574 5.745488740503788 3.414217919111252 2.18465556204319 0.2501637190580368 0.2289839684963226 0 0 0.1069927364587784 0 0.3112937659025192 0 0 117.6785717085004 35.63344014436007 38.16178068518639 742.2653612717986 8.08189894258976 379.7744968608022 207.7775794938207 131.8439670875669 44.5712081938982 0 73.22586265206337 184.095642440021 0.1238212957978249 12.42501981556416 1.80433351546526 102.6706563383341 2.229649260640144 0 0.500726193189621 38.26858376711607 0.2775940299034119 514.9977701827884 77.22524557262659
