284.3089924156666 2452.694313526154 380.6752762272954 2330.856532104313 58.66246294975281 67.07755790650845 413.0903333052993 12.51325043290854 8.833103083074093 1775.803495727479 31.82016710191965 62.34390886873007 276.6509697958827 46.14985381066799 1.180482722818851 0.3593791872262955 0.44721569865942 0.2699126005172729 0 0 0.1612551808357239 0 0 0 0 0 0 0 0 0 556.2563406378031 2.80869198590517 8.252043180167675 0.1848150342702866 0 0.2577171474695206 5.619527459144592 1.917458035051823 2.279810644686222 0.1687227040529251 0.08516708761453629 0 0.1083323284983635 0.3652951270341873 0.1197899505496025 1.880314819514751 24.50969825685024 2.615314975380898 0.8256766721606255 0 0.2418683841824532 0 0 0 4.3996297493577 6.179144702851772 241.1568916067481 955.6505590602756 40.57494357973337 40.9670270383358 1.216530248522758 4.07316043227911 0.1283411085605621 52.9380052536726 3.465081050992012 1.601939603686333 0.3105173856019974 0.3255997076630592 0.2951743975281715 0 16.16529902815819 20.04405234754086 0.3099334537982941 177.3381590992212 44.53052268922329 37.61256182193756 5.868709906935692 2.003583997488022 3.380905292928219 11.74414074420929 1.531119734048843 2.530540436506271 14.38327147066593 0.2389635369181633 2.303481109440327 0.593220129609108 0.6530924737453461 0.2921269834041595 0.1813152208924294 0.7292670160531998 0.212691068649292 0 0.1970461308956146 0 0 105.1847513318062 97.14720463752747 3.001916602253914 10.7367994338274 1169.854867324233 2.34120437502861 14.27143658697605 10.20247291773558 5.116242051124573 0.7102049291133881 25.6376910507679 3.991979405283928 10.88966889679432 60.24442069232464 2.611147284507751 5.096381172537804 12.67201648652554 6.527769923210144 7.532955080270767 15.20649755001068 0.2161180227994919 0.1007862538099289 0 0 0 0 0.167826309800148 0 0 0 0 0 0 0 0 0 0 0 0 2.574886932969093 0.4974772334098816 0 0 0 1.51302944123745 0 1.238365918397903 0.4661575183272362 0 0 0 0 0 0 0 0 0 0 0 0 0 0.4012372270226479 0 0 0 0 0 0.5248609185218811 0.5461077690124512 0.3412162363529205 0 15.99078933894634 0 0 0 0 0 0 0 0 0 0.876866802573204 0.1234165653586388 0 0 0 5.524978876113892 0.2492157816886902 0 0 0 0.2468719780445099 0 0.110601395368576 0 0 0 0 0 0 0 0 0 4.260190725326538 1.3166523873806 400.9185898825526 5.408059991896152 82.29573940485716 12.81155050545931 758.862911529839 9.589001253247261 5.098052509129047 0.3260266929864883 25.74761788547039 0.3593950420618057 1.114758536219597 0.2332331314682961 42.87865504622459 0 0 0 0 0.1844931840896606 142.2618034929037 41.99023850262165
2452.694313526154 3656.612378999591 1036.661013633013 1707.492362119257 2601.267912127078 47.27586181461811 3058.804995507002 677.8735364973545 3283.491916492581 439.1691084504128 1956.967530138791 43.94282995164394 808.8597765490413 572.6139428764582 13.0175926014781 6.359311647713184 0.4586146771907806 0.5876888632774353 0.1913962438702583 0.6413807570934296 1.36883632838726 0 1.374974377453327 0.2820518016815186 0 0.5472520217299461 0.5013021379709244 0.3123222067952156 0.2373822703957558 0 2841.099638976157 55.14063197374344 93.58269865065813 0.7466148659586906 1.079624600708485 0.4296916574239731 55.04966985434294 4.748575136065483 4.47992979735136 1.047229379415512 0.736259438097477 0.1024588569998741 0.5793138742446899 2.490868799388409 1.349332615733147 2.843323536217213 143.7032165229321 5.379503823816776 0.9883739650249481 1.309019885957241 1.311773918569088 0.4894272983074188 0 0.07927169650793076 10.60449434816837 14.78778573125601 192.9894319102168 1189.750386640429 63.87701539695263 115.9465111941099 6.126005910336971 27.06683797389269 0.8421915173530579 280.3509440124035 8.820326164364815 4.176834374666214 0.5837162882089615 1.019190832972527 1.927868068218231 1.451668977737427 66.8986022695899 14.61494037508965 0 401.4987238049507 160.0533420741558 170.7113630324602 57.87858919799328 15.43171578645706 31.40006068348885 178.7573588490486 5.912995524704456 43.49361704289913 46.1245259642601 0.1105015426874161 6.509660787880421 2.032681800425053 1.585948720574379 0.09782179445028305 0.2299956753849983 0 0.9887600839138031 0 2.326333895325661 0.4066264629364014 0.477725513279438 20.35081239044666 83.53203596919775 0.5193740725517273 21.2036245316267 1306.499408178031 6.780259370803833 7.385632157325745 49.28834126889706 6.203297987580299 32.96608844399452 91.38136909157038 3.183130294084549 56.01115229725838 25.95081007480621 6.433704137802124 25.70007339119911 30.93350853025913 39.38506500422955 38.95485303550959 97.12036120891571 4.335979864001274 4.944259166717529 1.03859406709671 0 0 0 0 0 0 0 0 0.2476698309183121 0 0.11690354347229 1.002919301390648 0.1080203950405121 0 0 1.186672016978264 5.697569757699966 9.427900195121765 0 0 0.1327055096626282 25.36159025132656 3.493739731609821 38.94068996608257 11.48750028759241 1.006002023816109 0.1910719722509384 0.8049019575119019 0 0 0.4889088422060013 0.4229650795459747 0 0.5277959108352661 9.507904767990112 0 0.4316500574350357 0.7730305790901184 0.2306020334362984 0.3364921063184738 0.4213270246982574 1.229297757148743 0.09345851838588715 2.758562758564949 19.15166322886944 1.36699390411377 0.7775579690933228 2.306513905525208 84.72458554804325 13.05780643224716 0 0.3220148086547852 0 0.3671015799045563 0 0 0 0.4052847921848297 16.11534515023232 5.113702327013016 0 0 0 40.39252027869225 0.9048708379268646 7.705473676323891 7.28735114634037 8.436158210039139 5.252748042345047 6.36064150929451 6.30402210354805 0 0.2972290515899658 0 0 0.1224523410201073 0 0 0 11.66514274477959 15.24925026297569 30.37787207961082 374.7246320471168 12.46021535247564 329.3759537637234 44.2462517246604 678.9372387975454 32.5087336152792 8.187202110886574 3.840016357600689 63.54532526433468 0.9207359403371811 30.48233942687511 9.764178827404976 54.6237418949604 0.9556249901652336 0 0.2002599388360977 2.467812761664391 0.7182995826005936 140.7433689981699 52.18904442340136
380.6752762272954 1036.661013633013 806.7362647727132 45.47166564315557 371.0630848258734 3.41730310767889 163.7560707107186 5282.797063879669 551.1955410167575 12.68129976838827 2838.657425910234 4.179941520094872 47.0401850938797 470.8917043432593 8.953192889690399 7.839046210050583 0.753314696252346 1.766021050512791 0.7613550126552582 2.928788363933563 10.02474941313267 1.362688034772873 5.60847170650959 4.609957374632359 0 2.112338900566101 1.045558020472527 1.910918951034546 1.300657212734222 1.080262936651707 3576.504814907908 299.4033157154918 153.344882838428 3.298533342778683 3.394492454826832 0.5712666809558868 36.64033012837172 3.718163721263409 4.835893169045448 0.2309577092528343 3.7244628444314 0.4834934771060944 2.326928772032261 5.518025435507298 3.06253245472908 8.646064355969429 47.15923979133368 1.328316554427147 0.9337459579110146 3.389358788728714 2.588279411196709 0 0.1267856806516647 0.6223823353648186 2.811316266655922 4.878495804965496 60.02885730564594 607.0430263876915 18.09059971570969 27.68339086323977 30.43310163170099 75.69907791912556 5.333486065268517 151.4421412944794 1.534712955355644 1.17550940066576 0.1976296305656433 2.082731634378433 13.3139626532793 8.244237378239632 40.20204054564238 13.35105308145285 0 102.2424302473664 67.16879837960005 51.35056422650814 30.95287821441889 22.18963924050331 408.7790906578302 1088.506680555642 48.89615768194199 370.8062663972378 10.91391643881798 0.1115438640117645 2.227177120745182 0.6752546429634094 2.783920228481293 0 0.1031583696603775 0 0.9955592155456543 0.3348114639520645 21.08835349977016 2.637738019227982 0.9378930330276489 17.8042986318469 85.26795197278261 0.1340931951999664 22.48957919329405 300.5268573462963 4.724845439195633 0.304537296295166 14.04860152304173 0.2558510601520538 9.769703358411789 16.29859997332096 2.373105406761169 15.94086948037148 4.409469500184059 1.554949536919594 8.082326114177704 5.647716701030731 9.348839178681374 12.28677113354206 37.13122962415218 2.23876079916954 2.948603987693787 0 0 0.2218674048781395 0 0.1037389189004898 0.2208048924803734 0 0 0 0 0 0.5634761899709702 2.193436875939369 0.1079763919115067 0 0.7684453874826431 0 3.010816678404808 2.08231395483017 0 0 0 10.12212750315666 2.332676284015179 22.41202766448259 4.163548432290554 0.1246049404144287 1.005830317735672 0.1063893958926201 0.1287029534578323 0 1.986815333366394 0.6516543030738831 0 0 1.137975811958313 0 0.1256129294633865 0 0.1729883477091789 1.27473121881485 0.08572112023830414 0.6703651547431946 0 1.827089563012123 7.106739185750484 0 1.470523416996002 1.039668351411819 46.62848097085953 0.4926031231880188 0.4538324177265167 0 0 0 0 0 0 0.2531378865242004 5.453320503234863 8.745194599032402 0.3412837982177734 0.3975541591644287 0.1165228635072708 15.86912021040916 0.5812661051750183 3.068175420165062 3.485760860145092 5.82124400138855 1.49065101146698 2.13831739127636 1.233934581279755 0 0 0 0 0.09254240989685059 0 0.1244267970323563 0 2.753198057413101 26.17891278117895 20.00710701942444 121.7603826746345 4.584578849375248 91.36359561234713 17.07453401386738 95.89909341186285 9.219609789550304 2.367769666016102 2.076462060213089 15.98084511607885 0.1092440858483315 16.80059550702572 2.117741398513317 16.94573245942593 2.466257020831108 0 0.2795098721981049 1.906249076128006 0.3703979253768921 22.04644083231688 23.50798160582781
2330.856532104313 1707.492362119257 45.47166564315557 551.2752443552017 43.1814851090312 308.2297795563936 896.1566934585571 1.926339171826839 14.57268045842648 2549.451061911881 7.920548647642136 194.4127786904573 1910.252055130899 260.5961597189307 0.135451465845108 0.421762652695179 0.3332908600568771 0 0 0.1619059145450592 0.1577300131320953 0 0 0 0 0 0 0 0 0 184.1576284244657 1.169740758836269 9.143008656799793 0 0 0.3877460211515427 7.260645464062691 0.1036170274019241 0.318307489156723 0 0 0 0 0.1292704790830612 0.1195873692631721 0.2412099391222 14.13683970272541 0.377743624150753 0 0 0.21554134786129 0 0 0 2.516683921217918 2.191347762942314 41.90424287319183 227.3139422088861 15.96428037434816 20.05084123462439 0.4408272579312325 1.614314466714859 0 25.74346259236336 1.057005122303963 0.697657011449337 0.2063770666718483 0 0 0.4302146732807159 4.862369894981384 2.714881777763367 0 87.49030932784081 27.64630407094955 22.93980403244495 4.022823080420494 0.400913342833519 0.9829575717449188 0.1052825376391411 0.5302395969629288 0.7144828364253044 6.397072270512581 0 1.027934901416302 0.6047530546784401 0.2566417157649994 0 0 0 0 0 0.2201158776879311 0 0 31.06710040569305 12.9509554952383 0 0.4741499423980713 596.8052712604403 1.125959314405918 13.21265868842602 23.27470646798611 13.24205566197634 1.364981174468994 48.20895915478468 8.34663400799036 10.8943213224411 103.7677310779691 9.27836412191391 5.733584344387054 44.22391192615032 51.54676862806082 8.265723913908005 4.744792982935905 0.5338158756494522 0.3235317468643188 0 0 0 0 0 0 0 0 0 0 0 0 0 0 0 0 0 0 0 0 0 0 0.7870653867721558 0 0.1128291040658951 0 0 0 0 0 0 0 0 0 0 0 0 0 0 0 0 0 0 0 0 0.4062774404883385 0.6125863194465637 0 0 4.837622374296188 0.3426663354039192 0 0 0 0 0 0 0 0 0.9071591943502426 0 0 0 0 0.7942807525396347 0 0.7119246125221252 1.39751210808754 0 0 0 0 0 0 0 0 0 0 0 0 0.4298956543207169 0.1499370932579041 0.7271897792816162 137.3038032501936 1.05347502976656 46.56479885429144 5.59407027810812 724.3518421053886 3.591316670179367 1.465486578643322 0.2924726903438568 21.29423302412033 0 1.45124489814043 0.2615963742136955 30.2324546277523 0 0 0 0.1818633824586868 0 266.4755509793758 50.07671523094177
58.66246294975281 2601.267912127078 371.0630848258734 43.1814851090312 1721.892697259784 1.174391761422157 1660.043679974973 156.4159802347422 3945.136742562056 80.85074163973331 1305.637810379267 8.653605900704861 343.9682235494256 913.9042925909162 13.06599929183722 3.974163010716438 0 0 0 0 0.1360812932252884 0.1715270429849625 0.09881920367479324 0.1337574571371078 0 0 0 0 0 0 212.0475491434336 31.47293385863304 22.67510709166527 0 0 0.09205345064401627 45.35627546161413 0.3538568019866943 1.404845848679543 0.340787261724472 0.2881239056587219 0 0 0.8411377221345901 0.1002967655658722 1.629476428031921 69.21342357248068 0.8040695190429688 0 0.3033645302057266 0.5708795264363289 0 0 0.2648950517177582 3.567423641681671 3.143567398190498 24.84923277050257 117.3068744391203 11.81253923475742 36.06061254441738 1.615634903311729 8.697367399930954 1.357567302882671 85.74048652499914 2.39763331413269 1.111251763999462 0.4883660674095154 0.5535901263356209 1.733552418649197 0.3475674837827682 59.22676794230938 5.164617329835892 0 92.69179145991802 44.07855331152678 70.2085105329752 26.48002386838198 7.208998076617718 6.059887930750847 9.628749012947083 2.204218342900276 4.042217500507832 11.26371600478888 0 2.508755795657635 0.5423404052853584 0.6660847887396812 0 0.1719783693552017 0.1479814201593399 0.2169497609138489 0 0 0.09752234071493149 0.1359999626874924 10.48423702269793 40.91238913685083 0.3642753213644028 13.04336997121572 15.34500133246183 3.243020489811897 0.8175124377012253 38.4694986641407 4.611381411552429 22.29843097925186 46.95164477080107 1.73513089120388 37.01516690850258 14.56205469369888 4.766999840736389 18.10056293010712 20.61881551146507 31.80154594033957 31.99371825158596 67.18588943779469 3.70768828690052 2.748921222984791 0 0 0 0 0 0 0 0 0 0.5112250447273254 0 0 0.6050544083118439 0 0 0 0 5.560598343610764 7.009197071194649 0 1.448507189750671 0 15.77033740282059 2.067897289991379 17.48991619050503 3.568422928452492 0.121430017054081 0 0 0 0 0.6577469855546951 0 0 1.313394978642464 6.922593154013157 0 0 0 0 0 0.09908092767000198 0.2785617709159851 0 2.782438933849335 10.46768365800381 0 0.7958657592535019 1.13540717959404 51.07565593719482 8.827162861824036 0 0 0 0 0 0 0 0.09926529228687286 15.37594872713089 2.162814408540726 0 0 0 39.42388688027859 0.4165346026420593 9.171452328562737 4.139215521514416 3.639532722532749 4.608572036027908 3.906659670174122 2.463113255798817 0 0 0 0 0 0 0 0 8.333140179514885 15.28545907139778 18.12529157102108 127.8159608244896 4.937052816152573 117.4125330969691 16.89581486582756 18.21727122366428 10.62042091786861 1.988719649612904 2.396379023790359 28.88471034169197 0.3683629781007767 18.80852625519037 2.335131764411926 10.33650498092175 3.290516167879105 0 0.7223302721977234 5.624871656298637 0.6340242177248001 15.66617096215487 15.71021185815334
67.07755790650845 47.27586181461811 3.41730310767889 308.2297795563936 1.174391761422157 5.891876593232155 27.0767225176096 0.4402407109737396 1.822931230068207 236.276426255703 1.424367398023605 67.44759069383144 41.70906855165958 15.08984966576099 0 0.1330589801073074 0 0 0 0 0 0.9119861125946045 0 0 0 0 0 0.3147584199905396 0 0.2209713011980057 6.760663688182831 0.8402636498212814 6.739109829068184 0 0 0 12.68571738898754 0.1964368671178818 6.860581070184708 0.7913580238819122 0 0 0 0.3937826156616211 0 0 0.3288785219192505 0 0 0 0.3485535383224487 1.62150302529335 0.1728655993938446 0 0 0 82.64849925786257 9.342040285468102 5.008618257939816 0.4082397148013115 0 1.353448808193207 0 0.7635150253772736 0 0 0 0 0 0 39.77408300340176 126.9802207946777 4.617963701486588 2.328286595642567 0.388771653175354 0.5514908730983734 0.3814604580402374 0 0 1.522915780544281 0.1009645089507103 0 0 0.4263543486595154 0 0.2864879220724106 0 0.5298257023096085 0.6478153914213181 2.591125339269638 1.790488705039024 0.3452076613903046 0 0 0 56.86112821102142 238.6745373904705 12.96668781340122 39.61381047964096 182.6457829475403 0 0 0.5084863007068634 1.419718146324158 0 2.645798116922379 2.182970002293587 0.821302056312561 34.71362325549126 1.705782279372215 0.7631516456604004 1.294978410005569 1.304108306765556 0.5250087082386017 0 0 0 0 0 0 0 0 0 0 0 0 0 0.2180570363998413 0.2895477414131165 0 0 0 0.3877373337745667 0.1283876448869705 0 0 0 0 0 0.6546963080763817 0 0 0 0 0 0 0 0 0 0 0 0 0.3074455857276917 0 0 0 0.8833010122179985 0.1933866590261459 0 0 0 0 0 0 0 0 0.7281263470649719 0 0 0 0 0 0 0 0 0 0 1.363066077232361 0 0 0 0 0 0 0 0 0.1386109441518784 0 0 0 0 0 0 0 0.1378363072872162 0 0 0 0.3921580016613007 0.1296998709440231 11.99143072962761 0.1476983726024628 3.8251563757658 0.1028065085411072 153.8434749692678 1.637532129883766 0 0 0.400840550661087 0 0 0.2150522619485855 1.923558831214905 0 0 0 0 0 64.37687446177006 7.25391697883606
413.0903333052993 3058.804995507002 163.7560707107186 896.1566934585571 1660.043679974973 27.0767225176096 1237.84054119885 19.2612781226635 2485.353759884834 1547.460130363703 431.8151416182518 608.1968845874071 3123.460375130177 3395.371082276106 6.643516898155212 3.817460767924786 0 0.09549792110919952 0.08749120682477951 0.1539636254310608 0.3998926728963852 0 0.2196576744318008 0 0 0.1237045899033546 0.272913008928299 0 0.3139472007751465 0.231235072016716 225.6072079017758 17.04973950237036 24.44353221356869 0.1213629096746445 0.1468708515167236 1.103267684578896 40.35708073526621 3.303104415535927 1.070680446922779 1.338046133518219 0 0.1407806575298309 0.4495568871498108 0.4380713701248169 0.2301128357648849 1.234118074178696 59.37420144677162 1.013191424310207 0.4578654319047928 0 0 0 0 0 4.030876405537128 3.800749927759171 34.65949056297541 172.661208756268 13.79155420511961 36.30153201520443 2.463352337479591 7.343070320785046 1.930776737630367 86.57164608687162 3.135478056967258 0.6519326642155647 0.4667059481143951 0.6266171932220459 0.4494257271289825 0.3537018150091171 66.12762492150068 6.519726201891899 0 101.7883244082332 39.22927455604076 57.75727252662182 25.70630893111229 7.000545293092728 2.839994035661221 5.563922375440598 2.562294222414494 5.426583595573902 12.3755693808198 0.1022110879421234 2.339890711009502 0.8210771679878235 0.8003692701458931 0 0 0.176775723695755 0.4756086468696594 0.1537914127111435 1.084569826722145 0.1038173884153366 0.2222607210278511 53.85005860030651 59.49210703372955 0 12.11721519380808 50.50383134186268 15.71890921890736 21.98027391731739 141.8353741019964 108.6298053488135 25.692587479949 164.7226426079869 54.34616024047136 73.57146748155355 188.7136579081416 86.47832816839218 13.31760185956955 155.2510415762663 134.0559096708894 82.55148012191057 120.2944185584784 2.76813842356205 3.540984712541103 0.2856035232543945 0 0 0 0 0 0 0 0 1.076591476798058 0 0.178801640868187 0.1785838305950165 0 0 0 0 13.23528000712395 7.273839503526688 0 0 0 23.15434293448925 3.051938414573669 25.6985520273447 4.067949704825878 0.09506289660930634 0 0 0 0 0.6678091883659363 0 0 2.143552139401436 8.161743126809597 0 0.8691152930259705 0 0 0.2275977432727814 0.09940250962972641 0.4132520109415054 0 3.96549715846777 13.62165211141109 2.043655231595039 0.17716284096241 0 55.11806625127792 10.68689078092575 0 0 0 0 0 0 0 0.4478686600923538 19.49747018516064 3.808561950922012 0 0 0 31.03277105093002 0.1544622033834457 9.739524111151695 7.922349482774734 9.057531617581844 6.355508454144001 5.123086124658585 3.596331030130386 0 0 0 0 0 0 0 0 17.21289865672588 12.3838974237442 17.61910384893417 181.8579254820943 3.764839336276054 132.0396807864308 22.3492630943656 173.9343002140522 12.43869709968567 2.110629126429558 4.03019741922617 62.03368751704693 0.162306934595108 28.70801766216755 2.243445858359337 72.86018788069487 7.365425199270248 0.5442548468708992 0.6441679000854492 3.418496981263161 0 202.4141941890121 86.94642773270607
12.51325043290854 677.8735364973545 5282.797063879669 1.926339171826839 156.4159802347422 0.4402407109737396 19.2612781226635 768.0198851078749 211.6507308632135 0.991973415017128 2084.175440467894 2.99637359380722 28.24854056537151 438.4826019704342 32.57942957431078 23.47792518138885 0.9892940372228622 3.017393574118614 1.988284908235073 14.56910371780396 49.78612161427736 0.2961218655109406 19.49200548231602 12.05903664976358 0.1423369646072388 6.358742274343967 1.424464598298073 2.343894302845001 0.6189116984605789 1.596193231642246 1076.379543744028 1417.301716931164 59.58570617437363 14.06095597147942 6.539788752794266 0.9257352948188782 21.45060411095619 1.59048917889595 2.862629503011703 1.073639608919621 10.53343880921602 3.244856230914593 8.179602764546871 26.21825166046619 12.28534596413374 47.34779808670282 115.419895529747 1.68249623477459 1.88790986686945 13.59586844593287 4.500257037580013 0.5841097012162209 0.8714326769113541 2.581791006028652 2.467307880520821 1.782960750162601 21.76893275231123 186.84519071877 11.34971053898335 39.9420920163393 207.1937436163425 107.4391283914447 12.33576405793428 275.5756080374122 1.585141122341156 1.680667325854301 1.310352958738804 10.40573190152645 55.70278643071651 24.79185357689857 27.69295279681683 7.146120548248291 0 76.20769643038511 63.48983439803123 113.6693113595247 107.0794584155083 234.5779954940081 1578.252882368863 1399.662143617868 563.4121961444616 959.4920394942164 9.479019328951836 0.09532243013381958 1.628116346895695 0.5534808188676834 10.66817109286785 0.1323564797639847 0.2267599701881409 0.1152451559901237 0.6332996413111687 0.821920283138752 74.98058495670557 3.791322492063046 4.492168135941029 11.05711169540882 32.57375173270702 0 7.934320479631424 36.84027345478535 1.504665791988373 0.1331575363874435 4.125860184431076 1.588595658540726 8.535498559474945 9.578106209635735 0 6.221974328160286 4.499386936426163 0.9759404957294464 1.496087372303009 2.325865909457207 8.696404233574867 4.105633139610291 18.58832564949989 1.634470909833908 0.7685948610305786 0.3625776916742325 0 0.1585195362567902 0 0.5662047564983368 0.2474750131368637 0 0.7461505383253098 1.698022440075874 0 0.1033385992050171 0.647127702832222 0.4765821993350983 0.4938974529504776 0.3768900409340858 0.6133607923984528 0.1975111216306686 1.975449919700623 2.193477839231491 0 0 0 8.687180310487747 6.282547831535339 6.965339630842209 1.547641068696976 0.2607102245092392 1.470462515950203 0.2261855602264404 0.9369728341698647 0 0.09825827926397324 0.2557443380355835 2.081581562757492 0.7060456871986389 3.056581139564514 0 0.1285633742809296 0.2669462114572525 0.7138060703873634 3.271506786346436 0 0.2867595255374908 0 0.5715797394514084 6.623969033360481 0 0.5237124264240265 1.240419328212738 24.34821501374245 1.391015619039536 0 0 0 0.126742035150528 0.124362125992775 0 0.09014538675546646 1.112762376666069 5.574798360466957 1.986408054828644 0.7970958203077316 0 0.2229797765612602 6.212668269872665 0.2794433981180191 1.533013433218002 2.202380932867527 3.534148335456848 2.762361273169518 0.8222857415676117 1.303026482462883 0.3288407176733017 0.07937727868556976 0 0 0 0.4822056591510773 0.1794197112321854 0 1.665200680494308 13.32509055733681 10.03989478945732 350.2146294042468 13.18572913110256 170.2704652398825 44.4197182059288 21.81926654279232 15.68088009208441 2.815619230270386 9.440112367272377 10.87823916226625 0.6528642624616623 10.04416131228209 5.684963345527649 9.055688768625259 1.511973321437836 0.1303629577159882 0 19.64644864946604 1.708174586296082 8.459023535251617 6.550065070390701
8.833103083074093 3283.491916492581 551.1955410167575 14.57268045842648 3945.136742562056 1.822931230068207 2485.353759884834 211.6507308632135 1369.553905181587 57.939887188375 1752.85552521795 22.79895189404488 373.2476874813437 1477.850558929145 15.92862272262573 7.11173152923584 0 0 0 0.6717374324798584 2.953615322709084 0 1.292583644390106 0.33435919880867 0 0.1252130419015884 0.2673567235469818 0.6449944823980331 0.1400434523820877 0 57.29688547551632 19.85405347496271 85.27528724074364 0.1029506996273994 0.1205231323838234 0.2967225909233093 51.68243982642889 1.452796801924706 1.035756692290306 0.8784175291657448 0.7767442539334297 0.2062564864754677 0.1028989776968956 1.964435897767544 0.1108868792653084 1.787427790462971 58.48438274860382 1.031738080084324 0 0.788609154522419 0.3755326643586159 0 0.2693803608417511 0.3398727923631668 1.187265634536743 1.155219353735447 9.111131601035595 35.75029557943344 4.898050978779793 23.75676775723696 4.657659523189068 6.147088654339314 0.3423842340707779 42.86255306005478 1.683684803545475 0.6020709350705147 0 0.8813062161207199 2.638416461646557 2.150906398892403 66.05611501634121 3.284376487135887 0 38.01596741378307 19.49880935996771 47.91029895842075 28.22772192209959 16.18173152208328 6.780006192624569 198.3003167808056 10.33240347355604 26.67805177718401 5.581094428896904 0.2187541276216507 1.073467575013638 0.4709442704916 0.574515126645565 0 0.2260844632983208 0 0.1104000434279442 0 3.422980338335037 0.7462915480136871 0.255653940141201 33.83189119398594 34.49417920410633 0.1151670888066292 8.354314476251602 4.276469454169273 4.50982366502285 4.632502391934395 70.61502220481634 5.565499529242516 30.69908848404884 88.08939712494612 6.678420290350914 55.16518435627222 46.41211692243814 20.29292432963848 21.78398136794567 47.37094025313854 94.34696238487959 64.95008200407028 115.1005713492632 4.801334016025066 2.505204148590565 0.1957014501094818 0 0 0 0 0 0 0 0.1052807718515396 0.796880841255188 0 0.8712905645370483 0.4172932803630829 0.4279754757881165 0 0 0.2981145977973938 9.084074124693871 8.186912335455418 0 0 0 21.45706272870302 2.50853805243969 18.04731148481369 2.656943209469318 0 0 0 0.2388337105512619 0 0.7566767930984497 0 0.1103507578372955 1.257779307663441 7.7374052926898 0 0 0 0.4017858281731606 0.1121178716421127 0 0.1834405213594437 0 0.8956133872270584 10.48882164061069 0.961936242878437 0 0.7413065135478973 67.03237251937389 5.436658471822739 0 0 0 0 0 0 0 0 27.14602719247341 1.127856358885765 0.235617071390152 0 0 32.18402049690485 1.322148539125919 6.264473438262939 5.649393431842327 11.40755394101143 7.445745386183262 2.873997822403908 6.149847999215126 0 0.0904923751950264 0 0 0 0 0 0 19.17342644184828 12.28342790156603 18.12534967064857 144.017960049212 3.381722204387188 82.38635860383511 13.63277027755976 13.99592156708241 8.406164400279522 0.3933139964938164 5.057723939418793 41.07738649845123 0 16.75374833494425 3.653144903481007 30.52819576859474 1.720918789505959 0 1.552541948854923 3.407807007431984 0.8337303400039673 57.11423510313034 41.85321854054928
1775.803495727479 439.1691084504128 12.68129976838827 2549.451061911881 80.85074163973331 236.276426255703 1547.460130363703 0.991973415017128 57.939887188375 905.691025853157 6.632132299244404 1027.495430678129 2957.511549301445 417.0335761159658 0.9716851934790611 1.429947420954704 0 0 0 0 0 0 0.3173944652080536 0 0 0.2684629857540131 0.3951166719198227 0 0 0 70.05743920058012 1.624592125415802 61.10867357254028 0 0 0 73.30181737244129 1.324280858039856 1.022993236780167 0.3372372388839722 0.5778125375509262 0 0 0.472111888229847 0.09191533178091049 0.1909992322325706 8.112975582480431 0.139160692691803 0.1817395240068436 0.3482296168804169 0 0.3691375255584717 0 0.276006817817688 0.3817417547106743 1.23665913194418 25.98878622055054 79.73572072386742 6.000225320458412 9.028152897953987 0.8547753468155861 3.170499421656132 0.1092031374573708 11.62010306119919 0.3366715237498283 0.4337476044893265 0 0 0 0 169.6636161580682 19.88948559761047 1.090679064393044 31.96292156726122 5.984504252672195 10.92706720530987 2.733188882470131 4.088546819984913 0.2772006765007973 1.892309226095676 0.2132209613919258 1.00443784147501 2.867531754076481 0.2143421918153763 0.3247120976448059 0.2159446403384209 0 0 0 0.6266262531280518 0.5668414458632469 0 1.704257279634476 0.1146279126405716 0 314.7898876219988 104.0042733252048 0.6419865638017654 12.312958791852 373.9153345674276 2.008088067173958 36.39462727308273 81.2249339222908 89.06346639245749 8.61322845518589 177.1267891675234 32.67240945994854 77.88692060858011 148.1452915370464 58.29859089851379 12.55412460118532 86.22652161121368 196.5420290082693 192.621329896152 34.04662831127644 0.6290216147899628 0.2911004573106766 0 0 0 0 0 0 0 0 0 0 0 0 0 0 0 0 0 4.987586602568626 1.316799715161324 0 0 0 2.616384297609329 0 3.499364100396633 0.7667818516492844 0 0 0 0 0 0 0 0 0.1775202006101608 1.584704712033272 0 0 0 0.1480181068181992 0.3090037405490875 0.1844803094863892 0 0.09566423296928406 0.4383575022220612 0.3054843246936798 3.538658201694489 0 0 11.87748405337334 1.156465768814087 0 0 0 0.1353515982627869 0 0 0 0 7.715415589511395 0.5974924862384796 0 0 0 12.43716940283775 0.3180322051048279 0 0.5524724721908569 1.299890652298927 1.569479428231716 0.1201134026050568 0.5949888080358505 0 0 0 0 0 0 0 0 18.99381153285503 2.270250171422958 1.079226225614548 153.8450002297759 0.726284846663475 19.13460686802864 3.958041109144688 721.5473777502775 1.415388680994511 0.5428123399615288 0.508931890130043 57.65521111339331 0 5.724364310503006 1.11806409060955 131.7505167201161 0.1488455235958099 0 0 0.6880450248718262 0.1597623974084854 940.5383779332042 257.0978064835072
31.82016710191965 1956.967530138791 2838.657425910234 7.920548647642136 1305.637810379267 1.424367398023605 431.8151416182518 2084.175440467894 1752.85552521795 6.632132299244404 2268.81362041831 44.32298441976309 519.6543803215027 2458.186038978398 34.07778946310282 25.14870357513428 0.3339238092303276 0.6085148081183434 0.5096613317728043 6.32551147788763 19.84239365160465 0.8132438957691193 23.47759091854095 15.44772294163704 0.8362451046705246 13.09820544719696 9.008405558764935 2.987550429999828 2.624173685908318 4.844599381089211 174.9966975823045 74.29433587193489 492.0401974543929 3.557434089481831 11.56827519834042 4.696433134377003 98.85021547228098 27.25504276156425 7.856289826333523 3.667172834277153 7.529264576733112 2.982694990932941 3.532322563230991 9.408437661826611 2.350628472864628 7.07694087177515 109.0569002181292 1.842383608222008 0.8485639691352844 2.196123830974102 4.233845978975296 1.434425175189972 0.3549572601914406 1.540085226297379 1.858790881931782 2.789865963160992 14.67188568413258 74.03664500266314 8.231573544442654 37.85806214809418 34.23182718455791 80.46962524205446 16.27680851519108 90.73018055409193 1.466336563229561 1.358004152774811 0.6905845552682877 3.502381302416325 16.21601033955812 11.24279921501875 62.31196282804012 3.182973355054855 0 65.49746773391962 39.10688475519419 101.6511439904571 65.23018649220467 56.33866444975138 102.6134587079287 1673.266484074295 57.77705980837345 475.0346244126558 7.526220560073853 0.1111916303634644 1.283271118998528 0.3822309374809265 2.416933447122574 0 0.2770041152834892 0 0.6109934747219086 1.201084554195404 38.0248349532485 3.05125068128109 3.091217577457428 30.72886996716261 26.32879940420389 0 13.14940574020147 12.35237191617489 4.589474387466908 0.66452856361866 25.33662247657776 2.00194901227951 16.91091707348824 39.44004206359386 1.679732471704483 23.85324811190367 13.65186033397913 5.206585839390755 17.11992183327675 18.9447093680501 36.07089646905661 26.9462730512023 52.9614272415638 3.285675540566444 1.500068165361881 0 0.2567892074584961 0 0 0.9017549827694893 0.3410566300153732 0.09337744116783142 1.122720241546631 0.8078671991825104 0 0 0 0 2.091822698712349 0 0.4744707643985748 0.4590662717819214 2.916179448366165 3.705257035791874 0 0.1170069500803947 0 15.18745748698711 2.647430501878262 10.68908083438873 3.167577236890793 0.2565400004386902 2.396153375506401 0 0.2318083569407463 0.5107902139425278 0.3827866688370705 0 0.8328891545534134 0.4356702119112015 2.707392498850822 0 0 0 0.2722953930497169 2.233297288417816 0 0.2720876336097717 0 1.639797084033489 5.964817777276039 0.2718284428119659 0 1.473499342799187 33.83786641061306 6.565861731767654 0 0 0 0 0.1029014810919762 0 0 0.3825619518756866 13.55070423334837 0.42023104429245 0.3072928190231323 0 0.5394667759537697 19.55660014599562 0 1.910552695393562 1.476934090256691 6.484504520893097 3.689540684223175 0.9158512204885483 2.657800815999508 0 0 0 0.2223871648311615 0 0.2334843426942825 0.3857743591070175 0 10.74034371972084 9.686592891812325 7.531464979052544 300.3170666918159 9.442975968122482 150.9375924989581 37.59973258525133 14.22858493030071 13.72820789366961 1.595712885260582 6.283446758985519 19.02758546173573 0.1111882254481316 9.016629457473755 2.925614967942238 13.55608135461807 1.439841613173485 0 0 11.1581889539957 0.5006006360054016 16.48530527204275 17.11363873630762
62.34390886873007 43.94282995164394 4.179941520094872 194.4127786904573 8.653605900704861 67.44759069383144 608.1968845874071 2.99637359380722 22.79895189404488 1027.495430678129 44.32298441976309 148.6060921475291 1008.036133483052 262.469557851553 20.24837173521519 21.10388826578856 0.4434643983840942 0.7573981285095215 0 2.424582757055759 5.754181504249573 0.5709086656570435 6.390809267759323 7.005426645278931 1.516896679997444 3.255755677819252 4.187137097120285 3.383689872920513 5.672241389751434 2.691330656409264 7.771288350224495 5.813899636268616 374.403826393187 0.5510011985898018 2.105158433318138 0.7408283799886703 380.4152017235756 23.12088887393475 12.28613324463367 5.759514570236206 5.12136235833168 0.5220238193869591 0.4509768784046173 6.279211476445198 0.09242808818817139 2.008099272847176 35.61757650226355 0.3770827203989029 0.5207433551549911 1.251498349010944 2.121262691915035 1.617629840970039 0.2676360905170441 1.720860883593559 0.1715162098407745 0.08321717381477356 5.74179295450449 13.95257323235273 0.8378443717956543 8.478146426379681 6.279878728091717 70.47358544170856 1.50301318615675 20.9997541308403 0.2195438221096992 0.2271985411643982 0.6332719326019287 0.9583302438259125 4.614492490887642 2.858430556952953 220.213923022151 10.89494753628969 0.207767590880394 16.32721143215895 8.963460020720959 35.10197297483683 35.06666820496321 29.31015846133232 2.167090684175491 58.59468571841717 5.886349484324455 33.49737467616796 0.9085612744092941 0 0.4341383948922157 0.09504811465740204 0.7034453377127647 0 0.5624451637268066 0 0.161752924323082 1.541914843022823 15.11724197864532 1.573457710444927 2.238054424524307 1129.348142690957 84.99443177133799 0.1342539489269257 11.62586486339569 36.66985964775085 3.823773562908173 16.26124466955662 72.61812544614077 77.72753316164017 23.73566171526909 125.4621622636914 16.5999688282609 107.793688647449 95.44094805419445 44.60006019473076 22.2256081700325 101.2871525585651 189.3014113232493 172.8028372302651 118.1118089854717 2.795456074178219 3.165595807135105 0.2039192691445351 0.2493875697255135 0 0 0.289040133357048 0.2952370941638947 0 0.3365265876054764 2.490976355969906 0.4064695239067078 0 0.1230584904551506 0.7072217613458633 1.585770800709724 0 0.7207804918289185 0.3478044271469116 7.949636936187744 4.881303519010544 0 0 0 13.89395600557327 1.858903765678406 10.87661396712065 1.235596425831318 0.09360586106777191 0.5768249481916428 0.1999915689229965 0.3916180357336998 0 0.3234650492668152 0.299055241048336 0.100578248500824 0.7867079228162766 4.338116534054279 0 0.1756937354803085 0 0.8059324696660042 1.736327953636646 0 0.1778687089681625 0 0.3229163438081741 5.156812593340874 1.56940932571888 0 0.2076084166765213 25.96078743040562 4.51521797478199 0 0.09484821557998657 0 0.159432664513588 0 0 0 0.2361679077148438 30.8568260371685 0.4174791723489761 0.5281286835670471 0 0.1111034825444221 30.55255901813507 0.2766442894935608 1.629069998860359 1.809864148497581 3.192692093551159 4.585751354694366 1.884732648730278 4.135834217071533 0 0 0 0 0 0.119240440428257 0.1300438493490219 0 40.16850753128529 11.86134524643421 8.134237244725227 190.4735331386328 5.008594185113907 45.33718536049128 18.34464250504971 109.1857083439827 2.640328854322433 0.4478747174143791 3.879954747855663 28.83630087971687 0.2528840005397797 14.0429644882679 4.973565205931664 57.11583808064461 1.920547217130661 0.9612370729446411 0.542226642370224 7.14714390039444 1.575361102819443 732.9190488755703 128.3934025913477
276.6509697958827 808.8597765490413 47.0401850938797 1910.252055130899 343.9682235494256 41.70906855165958 3123.460375130177 28.24854056537151 373.2476874813437 2957.511549301445 519.6543803215027 1008.036133483052 2813.447988405824 3675.504424758255 31.05871821939945 34.69287579506636 0.7972987294197083 1.564658582210541 0.236951656639576 2.57317041605711 8.97104012966156 1.939410448074341 7.799315452575684 7.607965856790543 0.1193292289972305 4.66902007162571 6.464140594005585 2.891693092882633 5.669192776083946 4.352278918027878 63.04108640551567 14.87155839800835 893.7967369258404 1.177177391946316 4.358496524393559 1.642065212130547 610.1540894582868 28.35087379068136 15.04736591875553 5.521280162036419 3.49386677891016 1.59382688254118 1.125720120966434 8.695244051516056 0.8778128549456596 2.306479595601559 79.10894693434238 1.415174886584282 0.8399487212300301 1.954482801258564 2.176535181701183 2.477802991867065 0.8510672301054001 3.301365837454796 1.503621682524681 0.8343542441725731 13.51431728154421 59.2654005214572 7.085482142865658 24.88727916777134 13.81874446570873 68.92876917868853 3.24467483907938 57.56821855902672 0.6141620501875877 0.5224223732948303 0.4719317629933357 1.759926527738571 9.797743141651154 6.553486876189709 210.9793882593513 14.81188115477562 0.142486110329628 47.34094383567572 28.59840372949839 72.39434012770653 66.70567557215691 58.55278909951448 6.782525457441807 205.6729439124465 20.23164068162441 67.63852473348379 5.387287326157093 0.104569099843502 1.271374210715294 0.3547783344984055 2.317076101899147 0 0.1676375940442085 0.3069636821746826 0.2750163897871971 0.3289520293474197 29.56085673719645 2.910169489681721 2.801278918981552 967.4590301141143 66.34062438458204 0.1359803825616837 13.54559023678303 36.23328829556704 11.18485008180141 35.76117499172688 153.1439232826233 33.12386793643236 49.03728479146957 304.3844963014126 28.7306392043829 191.6358727365732 167.1183310970664 64.19601075351238 53.18177654594183 195.1773490905762 326.6581451967359 205.5611711442471 254.8165922909975 7.43158546090126 4.732761412858963 0 0.3462633788585663 0 0 0.1416377425193787 0.5088902711868286 0 0.5112666487693787 0.7614667266607285 0.1271588057279587 0 1.131576165556908 0.5788173079490662 1.692542627453804 0.1063338443636894 1.008978046476841 0.3907880783081055 17.80981506407261 12.16603547334671 0 0.1840349286794662 0.5422903299331665 36.45838177204132 4.146558985114098 24.12239976227283 5.706016294658184 1.027802519500256 1.228017836809158 0 0 0.1007387712597847 1.541044265031815 0.3765887022018433 0.7598196640610695 1.854757629334927 10.29942791908979 0 0 0.1321926265954971 0.9336248934268951 2.399614863097668 0.5592387542128563 0.2530881762504578 0 1.90371610969305 10.24868410080671 3.189190313220024 0.1324256956577301 0.3718855828046799 71.047911465168 12.09722471237183 0 0 0 0 0 0 0 0.5461669564247131 60.00366075336933 4.127043418586254 0.233909085392952 0.727029025554657 0.3362162709236145 70.43576388806105 0.8010231107473373 4.051119700074196 5.65990161895752 10.0289019048214 9.229519471526146 7.327746286988258 10.36718874424696 0 0 0.3171655237674713 0 0 0.631276898086071 0.3530067354440689 0 68.22582358121872 26.94163732230663 23.83374669402838 329.6467487812042 4.016735397279263 110.4351031556726 29.40026719868183 125.6930720061064 6.880521036684513 1.531099058687687 7.80230650305748 79.95008075237274 0.6524966210126877 29.04950115829706 9.131181254982948 97.58661623299122 6.993042215704918 0.5461270213127136 0.7471441552042961 16.04926240444183 0.7219517230987549 733.0824192091823 192.4172273352742
