312.0891484096646 2442.980571597815 1094.082543998957 1119.204482994974 462.5916206613183 202.9196443930268 884.1553986817598 105.7733022421598 181.0436028987169 907.5426123812795 402.2227460294962 212.9977425858378 399.5121741220355 221.5734754726291 3.541079327464104 0.8968639969825745 0.2364679351449013 0 0 0.1292444467544556 0 0 0 0 0 0 0 0 0 0 1469.150296665728 30.84958573430777 0.5888365060091019 0.1015126928687096 0 0 1.444028876721859 0.4450111091136932 0.3652860522270203 0.09014946967363358 0 0.09003946930170059 0 0.2787814289331436 0 0.08967267721891403 26.46988708525896 0.5341226682066917 0 0 0.09861797094345093 0 0 0 1.963356018066406 2.040630519390106 146.6203866153955 1059.792416386306 10.7914090976119 2.294678039848804 0 1.021853163838387 0 50.23475343734026 0.4949782118201256 0.4750179424881935 0.1804886981844902 0.1946940422058105 0.09342049807310104 0 5.469923280179501 7.471642091870308 0.376450702548027 61.17742042988539 73.12620015442371 27.34585024416447 9.266219064593315 0.7603042647242546 1.971740551292896 3.914406716823578 0.6324614658951759 2.88271090388298 3.072888225317001 0.3403380215167999 1.17100241035223 0.7709702700376511 0.2067420482635498 0.1778740882873535 0.08559728413820267 0.4702313542366028 0 0 0.4882316738367081 0.09332716464996338 0.08909979462623596 28.34724871069193 0.2893724292516708 0.8056651949882507 0.2378922998905182 1385.814048416913 0.1289095133543015 4.055151581764221 8.328388392925262 2.142084509134293 0.4461335241794586 17.80274500697851 7.843035586178303 19.12625157833099 1.961455069482327 18.32878819108009 0 35.56507623940706 4.82502993196249 16.29889108985662 2.276143245398998 0 0 0 0 0 0 0 0 0 0.2076658755540848 0 0 0 0 0 0 0 0 0 0.2527458071708679 1.641544103622437 0 0 0 2.409727588295937 0 1.404840104281902 0.9864613264799118 0 0 0 0 0 0 0 0 0 0 0 0 0 0 0 0.1527234315872192 0.1094644889235497 0.1008111014962196 0 0 2.21820455789566 0 0 0.2781737446784973 0 0 0 0 0 0 0 0 0 3.797353237867355 0.2820075005292892 0 0 0 1.644473053514957 0 0.4211524426937103 0 0.3057067692279816 0.2186348289251328 0 0 0 0.1100097447633743 0 0 0 0 0 0 7.074079588055611 0 0.8757733255624771 213.5573637783527 2.417237617075443 85.88439437001944 6.15632738918066 1138.397338591516 10.46498293429613 3.527353540062904 1.573097214102745 83.33747428655624 0 0.9180068969726562 0.3708179593086243 42.46199599653482 0.4379380494356155 0 0.8212631344795227 0.3229977339506149 0 314.5570533871651 5.302532486617565
2442.980571597815 2115.879378587008 1702.074780583382 613.1939007788897 2491.280948057771 131.1743866503239 1240.567686401308 168.7796342521906 1361.091656588018 641.5254139453173 621.1477502062917 47.38032031059265 310.2793362364173 688.7835435196757 33.812703743577 13.37732579559088 1.044825553894043 0.2239776849746704 0.2360953688621521 0 0 0.1142344549298286 0 0.1891870200634003 0.2509071081876755 0.1287353336811066 0.1102217882871628 0 0 0 2142.311217494309 146.7781345248222 2.550595253705978 0 0 0.2321771457791328 3.256301134824753 1.283658467233181 0.3724932968616486 0.568932332098484 0 0.1072306409478188 0.2706561088562012 1.331301420927048 0.1172925680875778 0.1326167583465576 171.9349337145686 1.339256882667542 0.8074724674224854 0.08515253663063049 0.190655991435051 0 0 0.2752807140350342 3.952978454530239 5.029808886349201 88.20199698209763 874.3508262783289 22.94143329560757 15.40265185385942 0.2919081747531891 2.25719303637743 0.1524078696966171 193.0429642945528 2.377609424293041 2.168193623423576 0.7440166622400284 0.3093812316656113 0.653448797762394 0.08969921618700027 13.91719079017639 1.509781703352928 0.08397464454174042 172.4231413677335 218.0795425474644 162.39200784266 82.37754169106483 6.370578683912754 8.204883977770805 13.57331777364016 2.653838783502579 11.86877947300673 7.559840120375156 0.3081690594553947 2.83941825479269 1.283556148409843 0.8783856332302094 0 0.684732012450695 0 0.1024318039417267 0 0.1823465749621391 0 0.2875852510333061 30.78138938546181 1.337142951786518 0 0.4957407563924789 655.9379808008671 0.7984356731176376 7.769430622458458 42.55873899906874 8.057025015354156 0.9092094674706459 43.94040707498789 9.00778916478157 105.63649674505 95.69458508491516 57.98079697042704 2.235566221177578 81.47470439225435 13.3424911275506 35.91206202656031 6.606909334659576 0 0 0 0 0 0 0 0 0 0 0 0 0 0 0 0 0 0 0 0.7658008262515068 0.1726938337087631 0 0 0 4.937194585800171 0 6.20421052724123 0.545666441321373 0.1422333717346191 0 0 0 0 0 0 0 0.2504625096917152 0.3792067840695381 0 0 0 0 0 0 0 0.08551710844039917 0 1.524461224675179 0.4019603878259659 0.3424058258533478 0 2.764491744339466 0 0.2190161943435669 0 0 0 0 0 0 0 14.02883092314005 2.318679973483086 0 0 0 2.262543469667435 0.3212842345237732 1.317249834537506 1.422393158078194 1.045288927853107 0.3696334138512611 0 0.1493051946163177 0 0.1010081470012665 0.1400054842233658 0.1857818812131882 0 0 0 0 35.8576533421874 0.8679634258151054 1.986432284116745 295.6808137446642 8.388970404863358 328.0152812451124 28.98811598867178 474.2536627799273 35.35630747675896 6.321653373539448 10.33997435867786 62.31882777065039 0 2.352579928934574 0.333477646112442 39.97520673274994 0.2064518630504608 0.2362220510840416 0.3521083295345306 3.446482434868813 0 234.5051827207208 19.70594975352287
1094.082543998957 1702.074780583382 549.34265062958 12.96055816113949 690.5746090933681 8.640456333756447 332.9389246925712 1180.039127700031 911.0571595132351 16.73040509968996 2344.45163525641 11.48034305870533 148.0690446570516 976.8776062428951 14.47304827719927 9.439214609563351 0.4995076730847359 0.4455166161060333 0.519374668598175 0.2052606642246246 0 0 0 0 0 0 0 0 0 0 4097.204704292119 370.1419589072466 23.71634773164988 0.3384587913751602 0 0.3173941597342491 4.977946266531944 0.4264137372374535 0.1018819063901901 0.4785320609807968 0.2368448823690414 0.09103140234947205 0.1986478045582771 0.703050285577774 0 0.3962619379162788 101.1092978715897 1.46860346198082 0.0996270477771759 0.3546206057071686 0.2361194938421249 0.08680713921785355 0 0 1.740318402647972 2.941971302032471 48.6297297552228 614.2869865074754 15.62558829784393 8.477847680449486 0.6591794714331627 7.623526409268379 0.4947120100259781 197.4244085177779 1.118524856865406 1.219661802053452 0.1710850596427917 0.4421484172344208 1.523029901087284 1.280840545892715 14.56253941357136 0.4164089560508728 0 95.99218793958426 145.3608741238713 69.6949667185545 56.54535584151745 3.381780683994293 6.838838420808315 314.7838919907808 1.64105636626482 19.76200205087662 4.608275316655636 0 1.086660005152225 0.5327413007616997 0.4729687049984932 0 0.1014613956212997 0 0 0.3607103005051613 3.718022279441357 0 0.119322694838047 7.088699318468571 0.2385711818933487 0.2180515229701996 0.3260968551039696 389.5974994003773 0 0 1.636340707540512 0 0 2.421084076166153 0.6404526382684708 3.36764669418335 0.9672208279371262 5.926428645849228 0 12.99225522577763 2.148010797798634 4.802282445132732 0.8034095466136932 0 0 0 0 0 0 0 0 0 0 0 0 0.2261353433132172 0 0 0 0.2593254446983337 0 0 0 0 0 0 0 3.286762192845345 0 2.769756659865379 1.248855911195278 0 0 0 0 0 0 0 0 0 0.2073398530483246 0 0 0 0 0 0 0 0 0 0 0 0 0 0 0 0 0 0 0 0 0 0.229921281337738 0 1.490617878735065 0.4404628574848175 0 0 0.1404077857732773 0.8516983091831207 0 0.4083371758460999 0 0 0.4213065803050995 0 0 0 0 0 0 0 0 0 0 5.327437676489353 0.4761816188693047 0.643059715628624 125.4832011461258 3.578143499791622 167.2570075169206 19.67712335288525 117.9423686414957 18.05413847416639 3.565899349749088 4.802123703062534 9.678962148725986 0 0.2441298514604568 0.1152809634804726 3.647193059325218 0 0 0 3.894428923726082 0.6335224956274033 28.69481497257948 1.269605591893196
1119.204482994974 613.1939007788897 12.96055816113949 349.032557554543 131.8675797879696 430.5018603876233 2731.826530605555 3.672711856663227 97.72011552751064 1953.157535657287 9.419588916003704 1526.783685386181 1605.04788659513 241.1028906106949 2.108773857355118 1.02558945119381 0.1028958633542061 0 0 0 0 0 0 0 0.3141863644123077 0 0 0 0 0 188.8510801047087 11.21187222748995 0.7558767795562744 0 0 0 2.733101099729538 0 0.4781865328550339 0 0 0.2793397009372711 0 0.2148915156722069 0 0 18.89252213388681 0.3054322600364685 0.09213694185018539 0 0 0 0 0 0.714994765818119 0.4850107803940773 19.30892950296402 197.1356801241636 1.802326887845993 0.6121075451374054 0 0.1139669343829155 0 12.80320852249861 0.2110653668642044 0.09420555830001831 0.08289267867803574 0 0 0 30.04606881737709 1.72959578037262 0 17.14674454927444 20.73411484062672 10.13048485666513 4.939297787845135 0.4175713211297989 0.2514556124806404 0.9897663667798042 0.159191757440567 0.5642557963728905 0.8123333901166916 0 0 0 0 0.10484379529953 0.09831605851650238 0.1296730786561966 0.1793102920055389 0 0 0 0 31.68565249443054 0.5798785984516144 0 0 411.4557770714164 0 2.780733123421669 61.33133675158024 15.17840021103621 0.1431927978992462 30.17014157772064 7.45742654800415 20.0281141102314 14.803451821208 28.79931151866913 0.5790950804948807 46.92632822692394 17.88474484533072 21.41762380301952 3.147416725754738 0 0 0 0 0 0 0 0 0 0.09274964779615402 0 0 0 0 0 0 0 0 0 0.4746025949716568 0 0 0 0 1.441601805388927 0 1.97209008038044 0.9806650429964066 0 0 0 0 0 0 0 0 0.1193207576870918 0.4940416142344475 0 0 0 0 0 0 0 0 0.2129537910223007 0 0 0 0 1.107569225132465 0.8555712699890137 0 0 0 0 0 0 0 0 6.671034470200539 0.157348558306694 0 0 0 1.161984719336033 0 0.6106911674141884 0.3452384173870087 1.039257735013962 0.4754901528358459 0 0 0 0 0 0 0 0 0 0 15.25630947202444 0.5366405919194221 1.600408986210823 61.49309949576855 0.4806715995073318 29.78609001636505 3.790534377098083 415.9227152094245 3.275716751813889 0.234487347304821 0.6471746861934662 38.78130917996168 0 1.654318653047085 0.648201584815979 20.82274933904409 0.104612722992897 0 0.7987108826637268 3.385063752532005 0 178.1041435599327 6.438583053648472
462.5916206613183 2491.280948057771 690.5746090933681 131.8675797879696 749.1875292360783 54.2288207039237 686.4185319915414 188.2507329955697 3335.613099440932 358.1599448099732 1315.131346657872 298.5533556193113 551.1707306206226 3058.817161396146 23.76694330573082 10.27934261411428 0.9407916069030762 0 0 0 0 0 0 0 0.213323287665844 0 0 0 0 0 393.8114568516612 91.29697220772505 5.903757832944393 0 0 0.1370446681976318 1.834127105772495 0.4994126707315445 0.501026839017868 0.3195478916168213 0 0.08663538098335266 0.2151722013950348 0.4866903200745583 0 0.2250544652342796 108.1775414273143 0.8576040416955948 0.13355752825737 0.1062346547842026 0.5676086246967316 0.1386744230985641 0 0.09601315855979919 1.37033336609602 1.715603701770306 25.2322725430131 202.8293363749981 9.067437097430229 6.613964587450027 0.1723209172487259 1.308911800384521 0.1032491996884346 110.5044025406241 0.9394560232758522 0.9504067152738571 0.1785112395882607 0.07748915255069733 0.0989285409450531 0.1438549906015396 21.23035059124231 0.9530196189880371 0 71.54612746834755 97.86349921673536 89.973119109869 62.70521073043346 4.488386690616608 4.945319458842278 12.57603189349174 0.7841138392686844 6.38634005188942 2.361926101148129 0 0.8706999719142914 0.468848705291748 0 0 0.1055253818631172 0 0.1970353275537491 0 0.1117083951830864 0 0 51.81784321367741 2.6927610039711 0 0 63.00538226217031 0.2182568609714508 4.001614086329937 12.07108607888222 1.601287573575974 1.29695126414299 36.12202913314104 9.620018437504768 64.36154174804688 7.24167712777853 59.03572406619787 3.928939238190651 111.4549439921975 22.07840129733086 62.61159856617451 14.18430971354246 0.1305781453847885 0 0 0 0 0 0 0 0 0 0 0 0.4978622794151306 0 0 0 0 0 0 0.5547173321247101 0.8469024747610092 0 0 0.1978940814733505 11.90798865258694 0.4152289628982544 6.330494001507759 1.610609263181686 0 0 0 0 0 0 0 0 0.5562149286270142 1.095333099365234 0 0 0 0.1269122064113617 0 0 0 0 0.1232132464647293 0.602378211915493 0.3935081660747528 0.1486376821994781 0.2652115225791931 4.287010103464127 0 0 0 0 0 0 0 0.491660475730896 0 28.94354777783155 2.18581684678793 0 0 0 6.379598766565323 0 2.201426401734352 0.2765606641769409 1.619851395487785 0.1961741000413895 0 0 0 0 0 0 0.2638458162546158 0 0 0 55.39432395994663 2.928285956382751 4.122663132846355 217.8656345233321 5.148697659373283 190.3060448169708 23.71952950209379 144.2199725136161 24.38537687063217 3.338740199804306 11.38933341950178 51.19274250417948 0 4.493689946830273 0.115315780043602 33.82739712297916 0.2148291021585464 0.1998104602098465 0.4307856559753418 5.724669612944126 0 170.641163341701 24.16221244633198
202.9196443930268 131.1743866503239 8.640456333756447 430.5018603876233 54.2288207039237 2.410014480352402 186.9547946229577 1.598237805068493 35.03860676288605 749.1104121729732 11.87927760928869 278.3219770640135 207.6172294616699 98.67655142396688 0.1138138249516487 0.4306514337658882 0 0 0 0 0 1.246378406882286 0 0 0 0 0 0 0 0 84.1285503283143 2.050836503505707 1.74059122800827 0 0 0 2.279605820775032 0.2452582493424416 0.4143189787864685 0 0 0 0 0 0 0 1.372648648917675 0.142725482583046 0 0 0 7.903868660330772 2.329830273985863 0 0 0.8344410359859467 63.73044123500586 50.11498307436705 0.6666509509086609 0 0 0 0 0.709639385342598 0 0.4231650531291962 0.7679324150085449 0 0 0 66.26975271105766 138.7332011163235 4.685160875320435 1.069632671773434 0.990211583673954 0.1362854689359665 0.3131377696990967 0.1294242888689041 0 0.2474620491266251 0 0 0 2.134733662009239 0 0.9439586028456688 0.1278485357761383 11.41666953265667 7.849094085395336 17.41827934980392 1.221002265810966 4.241790451109409 0 0.2373535931110382 0.826922282576561 404.6506569981575 103.4051306992769 21.83969892561436 4.154290124773979 352.5630054846406 0 2.504074260592461 8.858134277164936 2.329775631427765 0.7116206437349319 19.65172288566828 7.768411092460155 17.78036233782768 3.045343413949013 21.16846491396427 0 23.32653190940619 5.125512897968292 11.99833109229803 1.095572799444199 0 0 0 0 0 0 0 0 0 0 0 0 0 0 0 0 0 0 0 0 0.3137761950492859 0 0 0 0.5895075052976608 0 1.218060910701752 0.6900898143649101 0.1828048080205917 0 0 0 0 0 0 0 0 0 0 0 0 0 0 0 0 0.1231051608920097 0 0 2.611800074577332 0 0 0 0 0 0 0 0 0 0 0 0 1.297018349170685 0.7830709218978882 0.126138910651207 0 0 0.1367671340703964 0 0.2704355120658875 0 0 0 0 0 0 0 0 0 0 0 0 0 5.418206676840782 0.1895943284034729 0.4839121624827385 10.5677577778697 0.2613680362701416 2.165244668722153 0.5649692565202713 162.2662130072713 0.3837839365005493 0.4135718122124672 0.4400018751621246 18.57984128594398 0 0.1655662357807159 0 29.05341957509518 0 0 0 0.1110888123512268 0 40.78469041734934 5.923740953207016
884.1553986817598 1240.567686401308 332.9389246925712 2731.826530605555 686.4185319915414 186.9547946229577 283.5109000205994 25.97091607004404 732.9437459111214 1596.049996800721 169.5916330441833 599.2558026537299 2795.222135581076 2960.693918325007 8.415105424821377 5.192120097577572 0.2525711059570312 0 0 0 0.09761832654476166 0 0 0 0.3883299753069878 0 0 0 0 0 176.8771059289575 41.49950937181711 21.85213180631399 0 0 0 6.967123746871948 0.2368614077568054 0.2037889137864113 0.2082156836986542 0 0.2283207476139069 0 0.2664682269096375 0.08957573026418686 0.1557484865188599 43.00305706262589 0.09514397382736206 0.211711622774601 0 0 0 0 0 0.8026621341705322 0.919476754963398 20.39588630199432 127.7033680081367 3.87513180077076 4.516709066927433 0 1.574774190783501 0.08828254789113998 41.48347779363394 0.1827460750937462 0.248534195125103 0.2187163084745407 0 0.1267435848712921 0.108613945543766 39.92510058730841 4.064024060964584 0 30.2573574706912 44.35556927323341 27.20336930453777 24.02209846675396 1.784805245697498 1.285712070763111 5.896525233983994 0.2661214247345924 1.914150230586529 1.335037268698215 0 0.495004840195179 0.5590288639068604 0 0 0 0 0 0 0.2793692797422409 0 0 117.3970173373818 1.884035110473633 0.1431951969861984 0 104.3453822806478 0.399157389998436 4.773004464805126 97.36847270280123 16.78145879507065 0.6744744926691055 139.5973537415266 19.9985333532095 121.8623512685299 18.61814443767071 103.678560860455 4.607393406331539 219.0127736628056 82.17821911722422 94.10280304402113 17.87960091233253 0.1586113274097443 0.2342649772763252 0 0.1014061644673347 0 0 0 0 0 0 0 0 0.3032096996903419 0 0 0 0 0 0 0.8601031228899956 0.1489986628293991 0 0 0 13.48916645348072 0.1702592819929123 5.454653330147266 3.718147471547127 0.09059982746839523 0 0 0 0 0 0 0 0.6199519336223602 1.254534922540188 0 0 0 0 0 0 0 0 0.2137532234191895 1.703152924776077 2.147351458668709 0.5711032152175903 0.2210433110594749 3.441220238804817 0.2835927531123161 0.1359859108924866 0 0 0 0 0 0 0 37.66646993905306 5.544977366924286 0 0 0 7.644690789282322 0.5741419196128845 3.998343616724014 1.630953088402748 1.939041301608086 0.988064132630825 0 0.1051338687539101 0 0 0 0.1041969209909439 0 0 0 0 84.53665874898434 2.38804367929697 3.499044366180897 126.4300385937095 1.976036928594112 92.89171598106623 14.8852746039629 239.6681056469679 8.857873484492302 1.182375743985176 4.718680582940578 79.99558415263891 0 3.744181595742702 0.707821823656559 52.66610721498728 0.537268340587616 0 0 2.559783168137074 0 345.6986022368073 44.55541058629751
105.7733022421598 168.7796342521906 1180.039127700031 3.672711856663227 188.2507329955697 1.598237805068493 25.97091607004404 1285.969422355294 210.9818271920085 3.832744546234608 3237.645849369466 22.81407951563597 141.379642188549 1446.027384012938 78.42316757887602 63.61170586943626 18.19821534305811 9.733443573117256 11.32999330759048 10.97173234075308 2.411983981728554 0.2194948196411133 2.731209747493267 1.406399443745613 3.772513270378113 0.3981722891330719 0.4769228100776672 0.1442363858222961 0 0 2379.216298416257 4016.056261233985 139.3667649328709 19.20366527885199 7.035876899957657 7.354368716478348 43.07843607664108 16.00245902687311 3.001283511519432 3.157883509993553 2.889232702553272 2.633377432823181 4.663193732500076 24.25277560949326 14.99742148071527 12.55082456767559 280.8867242708802 9.521338269114494 12.7918489202857 11.71836112439632 2.368855737149715 0.3920584544539452 0.4201029688119888 0.3607060462236404 2.715413853526115 3.736979104578495 57.03249011188745 591.3765279054642 20.66767295449972 19.29058188199997 27.78854002803564 226.2621285989881 5.60280054807663 1361.489868089557 1.993598684668541 2.246687315404415 0.4757556691765785 5.746494367718697 20.89602090418339 16.47482438385487 48.53001141548157 3.44275788217783 0 201.4471357986331 387.8437827974558 235.99193392694 428.4728861525655 429.3658042922616 880.8078337460756 3975.735488541424 92.10012178868055 2125.918800726533 8.286781564354897 0.1855043843388557 3.450625486671925 1.439491905272007 6.761629939079285 0.2132473886013031 0.5775918662548065 0.3103889971971512 2.697840929031372 2.015103824436665 23.95990263670683 3.490063950419426 4.105167582631111 14.29621675610542 1.010276585817337 0.1346405446529388 2.010067038238049 69.3830182030797 0.3963075578212738 0 0.9418646991252899 0.1256139129400253 0 6.020373687148094 0.1455998569726944 6.674941591918468 0.3391515091061592 7.302380904555321 0 15.11525690555573 2.86834242939949 7.781398251652718 4.900857254862785 0 0 0 0 0 0 0.1100123971700668 0 0 0 0 0 0.2920041382312775 0 0 0.1123643964529037 0.8987142443656921 0.4778545498847961 0.4169061183929443 0.4737538993358612 0 0 0.6736922264099121 0 4.518817462027073 0.4096964597702026 6.836641982197762 3.497152380645275 1.669912368059158 0 0.2133231461048126 0.124204009771347 0 0.2695868313312531 0 0.2480892688035965 0.3338898122310638 0 0 0.1125570759177208 0.2059911638498306 1.138992339372635 0.1698865741491318 0 0 0 0.2699064612388611 0.4650498330593109 0 0 0.505241870880127 3.278701737523079 0 0 0 0 0 0 0.2264418601989746 0.1299044340848923 0.2248493358492851 11.48401941359043 0.7997542917728424 0 0.2348024100065231 0.4899379536509514 2.456333868205547 0.9177498817443848 0.3147491216659546 0.2195996344089508 0.4900603890419006 0.7859617173671722 0 0 0 0 0 0 0.08420004695653915 0.3762542381882668 0.2425354942679405 0.2589400485157967 15.91675502806902 2.386664681136608 4.258716680109501 385.5187412276864 17.33396545052528 417.3345824852586 79.2532075047493 97.80203705281019 39.10034562647343 5.009137392044067 19.24806321412325 10.92136372625828 0 1.094585627317429 0.5454158335924149 1.258212268352509 0 0 0 12.84572181105614 2.045308023691177 24.94683358818293 3.64141508191824
181.0436028987169 1361.091656588018 911.0571595132351 97.72011552751064 3335.613099440932 35.03860676288605 732.9437459111214 210.9818271920085 1103.805857367814 308.5244078114629 1279.305343016982 415.9241512268782 813.8569735884666 2307.72054656595 17.78147942572832 10.62838529795408 0.5437831580638885 0 0 0 0 0 0 0.09985964745283127 0.2289420440793037 0 0 0 0 0 299.5269995033741 56.91009859740734 2.342500507831573 0 0 0 2.943089082837105 0.1897677481174469 0.2934773415327072 0.2391448765993118 0.1451193988323212 0.3784486129879951 0 0.6039593741297722 0 0 77.57400055974722 0.7465066015720367 0.4622127711772919 0 0.1008833423256874 0 0.08596456050872803 0 0.3197276145219803 1.265352092683315 13.78783435374498 101.3966989666224 3.371188797056675 5.693928174674511 0.2194458693265915 0.8671249523758888 0 74.60701302438974 0.3195504248142242 0.5308992639183998 0 0.3003403693437576 0.1962327659130096 0.2021492719650269 13.8760752081871 0 0 44.09759311378002 62.24000789225101 53.91988893598318 44.91761404275894 2.698745295405388 2.588859170675278 21.00426060706377 0.853877030313015 2.958276182413101 2.143512979149818 0.1309646368026733 0.1027839779853821 0.5650551319122314 0.1075873002409935 0.1392782330513 0 0 0 0 0.2007413357496262 0 0 55.93296126276255 1.876268863677979 0 0 33.27596893906593 0.4682548269629478 0.8417411744594574 8.916235394775867 4.350365608930588 0.7581188604235649 46.47297140955925 6.56188240647316 56.11179622262716 9.151088364422321 62.68907663971186 3.248030558228493 122.0262304842472 26.62055724859238 70.54918529838324 14.41562882810831 0 0.1479944735765457 0 0 0 0 0.2782576382160187 0 0 0 0 0 0 0 0 0 0 0 0 1.029218971729279 0.122812882065773 0 0 0 11.12932655215263 0.8380487188696861 7.775493644177914 2.753891915082932 0 0 0 0 0 0.1581015437841415 0 0.1144311502575874 0 1.096847593784332 0 0 0 0 0 0.2184410989284515 0 0 0.8941196203231812 0.7940160036087036 0.6803572177886963 0 0.1589597761631012 5.327519372105598 0 0 0 0 0 0 0 0 0 30.88908844441175 1.776365906000137 0 0.1636580675840378 0 8.419793374836445 1.235257267951965 1.684641003608704 0.5475659966468811 1.324429661035538 0.6510391607880592 1.069277048110962 0.1192635670304298 0 0 0 0 0.1371556967496872 0 0 0 73.83202099055052 2.192163102328777 1.725059323012829 173.9806755632162 4.408741094172001 142.6134763136506 23.23805908858776 97.06773087382317 15.63065885752439 2.414709851145744 8.209358759224415 40.02599404752254 0 4.006507262587547 0.2874936163425446 25.82318814098835 0.4067608416080475 0 0 4.713765829801559 0.6608321666717529 160.9287394061685 33.04653938114643
907.5426123812795 641.5254139453173 16.73040509968996 1953.157535657287 358.1599448099732 749.1104121729732 1596.049996800721 3.832744546234608 308.5244078114629 1099.702111400664 31.60878437757492 2908.822749517858 11559.35584255308 1196.233849920332 3.146370425820351 3.404741883277893 0 0 0 0.1089528948068619 0 0.8961216807365417 0.1052705720067024 0 0 0 0 0 0 0 132.0005166307092 9.521595306694508 23.7635363265872 0 0 0 15.87470948696136 0 1.086209133267403 0.3846976980566978 0 0.1566169261932373 0 0 0 0 14.56721930205822 0.2629874870181084 0.1251258850097656 0 0 0 0.5225987285375595 0 0.232455387711525 0.204787902534008 59.28900700062513 160.4079147875309 2.412324905395508 0.6620813682675362 0 1.583528243005276 0 8.502297066152096 0.09303698688745499 0.1866139471530914 0 0.1726978421211243 0.132159948348999 0.4499802365899086 279.4930593892932 61.87352525442839 0.7494427412748337 11.96792350709438 12.36036095768213 5.933660410344601 4.893438011407852 1.139552272856236 0.3370820060372353 3.742643870413303 0.4362601563334465 1.520484499633312 1.008117020130157 0.109726220369339 0.1090301126241684 0.1764429658651352 0.1263509392738342 0.3553361296653748 0 1.390808895230293 0.09280386567115784 0.4054824113845825 0.5432001724839211 0 0 538.7663002386689 49.5710956454277 5.003260880708694 1.488027594983578 656.6004863530397 0.3027388602495193 7.163149207830429 31.65125519037247 15.24955655634403 1.831715695559978 113.0998205319047 23.79049108922482 120.6294681802392 16.9035422578454 174.7894438803196 4.199538826942444 228.8768972232938 51.45756600797176 126.961211681366 19.76247012615204 0.1196135580539703 0.5285560488700867 0 0 0 0 0.1060496270656586 0 0 0 0 0 0.3427442908287048 0 0 0 0 0 0 1.246262513101101 0 0 0 0.1157552152872086 17.090495839715 0.1930691301822662 7.084508299827576 2.570896342396736 0 0.09087005257606506 0 0 0 0.8478601574897766 0 0 0.08343169093132019 0.448843277990818 0 0 0 0.3040527105331421 0 0 0 0 0.2430441156029701 0.289335623383522 4.78642962872982 0 0 5.653733223676682 0.108555980026722 0 0.06988666951656342 0 0 0 0 0 0 45.5177390947938 7.952180474996567 0.2847854942083359 0.2694007530808449 0.3241312801837921 6.832633227109909 0 2.646388351917267 0.6540303751826286 1.650220341980457 0.4866876304149628 0.08924302458763123 0.1248327046632767 0 0 0.3698086142539978 0 0.1946739107370377 0.1221833080053329 0 0 138.3714035078883 8.172117657959461 3.170089073479176 76.3986858651042 0.1232529357075691 26.12561673671007 6.096471220254898 694.121033295989 4.549525678157806 0.3863747864961624 1.060448661446571 83.71635300666094 0.09851432591676712 4.213472209870815 0.6597857251763344 64.59022732079029 0.3464386612176895 0 0.4870485588908195 0.7162886783480644 0 1113.938801847398 114.9904282838106
402.2227460294962 621.1477502062917 2344.45163525641 9.419588916003704 1315.131346657872 11.87927760928869 169.5916330441833 3237.645849369466 1279.305343016982 31.60878437757492 2068.712987549603 523.7418797537684 1129.161435484886 4939.075662016869 60.75295372307301 52.59733504056931 2.422796629369259 0.7950842678546906 0.1678932756185532 1.033988952636719 0.8864601105451584 0.8915362507104874 0.7234078273177147 1.238890588283539 2.478791974484921 0.6094918549060822 0.9846843853592873 0.2169033288955688 0.4611879289150238 0 1881.005333691835 404.1914520487189 962.91655151546 1.418576687574387 3.212755508720875 0.8934181332588196 175.1833893284202 9.495782725512981 5.914035581052303 2.560616724193096 1.666577063500881 0.8656671568751335 0.4223394617438316 2.737324252724648 0.1292358934879303 0.3303601741790771 223.6788501515985 0.9544242694973946 0.5968813449144363 0.7479380667209625 0.4271532595157623 1.034191936254501 0.420513354241848 0.1675380319356918 3.028913035988808 3.227582104504108 38.6289943754673 334.4232298433781 15.86851890385151 13.78501069545746 1.146796867251396 17.84668699651957 0.4278886318206787 236.5248895063996 0.9225060865283012 0.971328891813755 0.4439007192850113 1.534280553460121 3.07978243380785 4.265855498611927 294.3552341163158 3.662099599838257 0.112993985414505 115.7782012224197 170.2060923948884 158.8770830333233 158.2183275297284 27.91968476772308 9.001355029642582 894.2146128565073 3.33372700214386 11.84833630174398 3.661877416074276 0.1206710413098335 1.837298184633255 0.6720403879880905 1.03976421803236 0 0.2627713978290558 0.3683050647377968 0.5354194194078445 0.5121200904250145 9.470514819025993 0.566485695540905 1.450912639498711 114.9703634679317 4.690619558095932 0.5185517221689224 2.111413702368736 175.3120552524924 0.3211778998374939 1.870573088526726 8.820540301501751 1.207283839583397 0.8011736571788788 35.87892905622721 5.101913273334503 47.2762264162302 5.477754168212414 44.60495267808437 3.96106818318367 97.4909368827939 22.46308737248182 65.66834156215191 16.73749686777592 0.9081648588180542 0.2080251723527908 0 0 0 0 0 0 0 0 0 0 0.5681011378765106 0 0 0 0 0.2363848239183426 0 0.6738354712724686 0.5223971903324127 0.09364473074674606 0 0 19.13245597481728 0.9610470309853554 13.66932162642479 8.738212086260319 1.286846667528152 0.1062751933932304 0 0 0 0.4100712239742279 0 0 0.1110234782099724 0.4281905442476273 0 0 0.1358533054590225 0.2702371180057526 0 0 0 0 0 1.055833593010902 0.1789465397596359 0.2926773428916931 0.7386055141687393 4.971699237823486 0.2259065881371498 0.1053865700960159 0.2215105146169662 0 0 0.403599351644516 0 0 0 43.28630843013525 2.414961218833923 0 0 0 11.47959397733212 0.5483952909708023 4.506938919425011 1.711663238704205 2.516059309244156 0.7337690144777298 0.5232734978199005 0.1203973740339279 0 0 0.1959163695573807 0.1298879981040955 0.2609547078609467 0 0 0 76.22923392802477 8.936902038753033 7.98618545383215 430.7074561342597 12.43761076778173 367.6885069012642 79.8667319342494 130.282288827002 37.28385007381439 3.859586276113987 24.07931131869555 30.53945714980364 0 7.052180014550686 0.4236146509647369 22.33374008536339 0.4398637264966965 0 0.1082387864589691 13.75847013294697 0.595080740749836 103.0070777758956 20.40489974617958
212.9977425858378 47.38032031059265 11.48034305870533 1526.783685386181 298.5533556193113 278.3219770640135 599.2558026537299 22.81407951563597 415.9241512268782 2908.822749517858 523.7418797537684 114.3363890126348 2132.061733059585 622.3938994258642 8.080013461410999 9.191297277808189 0.9585949555039406 0.4222474843263626 0 0 0.1963502764701843 1.932951584458351 0.4201299548149109 0.4646918550133705 1.519347846508026 0.1808654367923737 0.1079194769263268 0 0.9405000507831573 0 36.4137367233634 11.35744620859623 42.05986108630896 0 0.1503847390413284 0.4479539096355438 104.2637720778584 1.876783393323421 3.581557847559452 1.072672054171562 1.064090706408024 0.3252773284912109 0 0.5350811779499054 0 0 22.413180783391 0 0 0 0.4465385973453522 0.5227913111448288 0.2106704711914062 0 0.2537034675478935 1.11318888515234 8.551488518714905 37.82229959219694 2.36284876614809 0.2180567756295204 0.507868230342865 1.949937224388123 0 12.59127319604158 0.1111617386341095 0.2177363783121109 0 0 0 0.498608872294426 253.9469832703471 22.88966262340546 0.1476270258426666 10.298559486866 9.081360228359699 12.08237989246845 12.49525397270918 1.962226249277592 1.199076145887375 12.67414724081755 0.1842292100191116 2.342493936419487 0.315678708255291 0 0 0 0 0.3231742829084396 0.1251828074455261 0.7609451860189438 0 0.3897998481988907 2.166205510497093 0 0.9667041003704071 384.2075976058841 27.88383133709431 1.707297503948212 3.963153682649136 59.95340747386217 0.9231594204902649 0.6169084534049034 7.838933549821377 3.278100498020649 0.605276919901371 28.81363133341074 4.204150483012199 39.45612045377493 3.68297816067934 46.49071555584669 3.069431863725185 98.64899284392595 21.7553838044405 74.15691242367029 23.28948231041431 0.1994358524680138 0.1095555797219276 0.5275110006332397 0 0.2636788487434387 0.1038151532411575 0 0 0 0.2553971111774445 0.1616886556148529 0 0.6952437609434128 0 0 0 0 0.1972690969705582 0 0.7774611264467239 0.1143791973590851 0 0 0.07780706137418747 35.92166577279568 3.321228682994843 19.61352483928204 8.253222078084946 1.743319377303123 0 0 0 0 0 0.08244314789772034 0 0.9278455153107643 1.003741428256035 0 0 0 0.2471370920538902 0.1257487088441849 0 0 0 0.7124085128307343 2.361804001033306 0.2841679453849792 0 0 9.901112347841263 0.8312758654356003 0.3133636116981506 0 0 0 0 0 0 0.1173147931694984 62.6998658105731 2.622504532337189 0.3196965157985687 0.3426016345620155 0.5029656887054443 12.01364681869745 1.306247569620609 3.848064176738262 2.56501841545105 1.23258288949728 2.993149966001511 0.6298953592777252 0.09290634840726852 0 0 0 0.1371340900659561 0 0 0 0 119.1741600930691 8.523358777165413 9.212186358869076 96.53906951099634 2.48592696338892 43.43468429893255 12.43422151356936 97.62822120636702 4.404500789940357 0.09914084523916245 3.873367607593536 32.82342712581158 0 6.115672677755356 0.6970108225941658 10.0661293566227 0.3601166605949402 0 0.1220973059535027 4.181780852377415 0.1238315552473068 266.0733312889934 52.17225128412247
399.5121741220355 310.2793362364173 148.0690446570516 1605.04788659513 551.1707306206226 207.6172294616699 2795.222135581076 141.379642188549 813.8569735884666 11559.35584255308 1129.161435484886 2132.061733059585 1528.498300589621 2534.661430835724 31.73588591068983 43.23686035722494 3.933565340936184 0.3351054787635803 0.2229484021663666 0.7551431208848953 2.489730313420296 4.022266805171967 2.125877358019352 1.213438048958778 8.524635002017021 2.272100955247879 3.597756952047348 1.696772463619709 2.39193893969059 0.9522360861301422 189.9962801486254 48.12826229631901 477.9561355486512 1.463751450181007 2.54311366379261 2.137063786387444 1199.864354655147 47.04340451955795 17.27851575613022 19.78235361725092 4.825022406876087 2.617437519133091 0.3904039338231087 1.906822711229324 0.3352111279964447 0.3151059001684189 100.7749662697315 0.1184982657432556 0.5226605013012886 0 0.4496616050601006 4.289497330784798 5.220211893320084 1.101552248001099 0.4472071006894112 0.9229993224143982 18.26950642466545 89.50537180155516 3.965922944247723 5.649366654455662 0.8697607070207596 17.82182928174734 0.5651386827230453 59.68903439491987 0.7128818780183792 0.1645843312144279 0.1187529563903809 0.3862119764089584 2.098818890750408 5.69941958039999 650.3652173355222 28.74143156409264 0.3743608146905899 32.80597324669361 55.29820466041565 47.3612861558795 61.02175752073526 10.78508727252483 5.089766897261143 172.7589067518711 1.740471132099628 20.26045666635036 2.531137958168983 0 0.3488215208053589 0.5350695103406906 0.08481695502996445 0 0.4194641038775444 0.9442007541656494 0.1410802155733109 2.11843191832304 14.02355670928955 0.4150901511311531 3.830498203635216 748.6925700902939 22.36887414753437 1.059883110225201 6.111998528242111 87.23301458358765 0.532506912946701 4.439961828291416 61.11470165103674 8.970994152128696 2.830521151423454 139.4054054245353 20.13703680038452 153.1571266502142 14.62850242853165 155.4316547885537 11.50917611271143 306.1016070097685 62.05544012784958 190.6300403773785 42.12746005505323 0.5258598774671555 0.4448960795998573 0.3601400852203369 0 0 0 0.6641181111335754 0 0 0.1089726388454437 0.1315699219703674 0 1.264953047037125 0 0.6646648347377777 1.356846995651722 0.2830470725893974 0.6339721158146858 0.3467395603656769 1.035523302853107 2.020640291273594 0 0.2527554109692574 0.1440079510211945 60.45723836123943 4.041412584483624 36.97109779715538 14.98669335991144 2.681692600250244 0.324163094162941 0 0 0 4.428837507963181 0.3621568977832794 0.1298103481531143 1.802911981940269 5.191788576543331 0 0 0 0.9868001788854599 0.4620572179555893 0 0.3129134625196457 0 1.299043357372284 2.186896130442619 0.9908840656280518 2.291154503822327 0.9048331677913666 17.63047192245722 0 0.121108703315258 0 0 0.1318757086992264 0 0 0 0.3756649941205978 123.387355081737 8.248672924935818 0.2063853740692139 0 0.3718836009502411 19.56190359592438 2.082303568720818 8.990837059915066 3.573257103562355 4.775403417646885 1.325484991073608 0.462811142206192 0.1273750364780426 0 0 0 0.2819123864173889 0.1161297932267189 0 0 0 239.89301931113 18.20978094637394 19.71283951401711 342.5159199163318 6.990716896951199 191.9604596048594 60.70655567198992 209.9534935727715 18.25370172411203 0.6404090449213982 17.06720680743456 84.79208310693502 0.1717983782291412 14.01299659907818 2.310390658676624 47.1136195063591 1.054068207740784 0.6613825410604477 0.7653663456439972 14.22442406415939 1.526319541037083 564.8852339535952 116.6175427958369
221.5734754726291 688.7835435196757 976.8776062428951 241.1028906106949 3058.817161396146 98.67655142396688 2960.693918325007 1446.027384012938 2307.72054656595 1196.233849920332 4939.075662016869 622.3938994258642 2534.661430835724 2148.55099709332 94.95024082064629 128.9701072722673 7.498016446828842 2.124446094036102 0.3306664153933525 8.469259463250637 8.930644080042839 8.704759553074837 11.50649674981833 6.663384221494198 22.65553343296051 4.94633361697197 6.098588168621063 2.36604655534029 8.259312316775322 1.178534545004368 844.208854585886 218.0196281075478 1809.234636850655 9.088273197412491 17.06975445151329 14.53921818733215 1993.040481522679 185.2821051776409 47.51033396273851 45.87641119211912 21.21944616734982 9.24014063924551 2.265273161232471 6.838020816445351 0.7904311418533325 3.447982311248779 258.3589508160949 2.638948678970337 1.106320187449455 2.922695569694042 3.002790540456772 7.670251347124577 7.654475420713425 3.67826221883297 1.495145626366138 2.812985688447952 38.24499685317278 214.6778906881809 11.01417573541403 14.94143185019493 9.894896402955055 206.7583052366972 4.125418707728386 186.9486479982734 1.018951833248138 0.9135008677840233 0.5395635887980461 3.73913849145174 10.23754045367241 29.79836186766624 1266.955678157508 39.02684080600739 1.208675280213356 103.518237195909 148.3795936107635 168.1832158043981 204.6211783736944 47.35296445339918 14.59080488979816 925.1173834353685 6.932187676429749 77.82415229082108 4.753417059779167 0.1047756001353264 1.146875791251659 0.9565663561224937 1.193548567593098 0.9142966344952583 0.8684893101453781 1.205527491867542 0.4277048483490944 2.397417783737183 54.37378443032503 2.448620222508907 8.684367902576923 597.0528446882963 29.01170384883881 2.288949005305767 14.110116943717 87.88650368899107 3.730234116315842 5.187927186489105 29.51422803103924 9.85259211063385 3.259835764765739 129.878748215735 21.84427853673697 172.0553759709001 20.79332498461008 180.0393396168947 17.2791101410985 363.4686904847622 87.41782165318727 260.0073278471828 50.75645477324724 1.246166542172432 1.416564248502254 0.2610560730099678 1.14758363366127 0.1124443113803864 0 0.09575437009334564 0.1722807437181473 0 0 0.966435082256794 0 1.343710005283356 0 0.8296819627285004 0.5520869940519333 0.7895756512880325 2.956973880529404 0 2.983005926012993 1.883199669420719 0.5770612955093384 0.5375747829675674 1.497727528214455 97.46634982526302 4.450647853314877 67.33537224680185 36.51277920603752 10.07913777977228 0.4686146229505539 0.5535605102777481 0.3572461903095245 0 2.499518059194088 0.5744697600603104 0.3849219530820847 1.303964138031006 2.958012603223324 0 0.2338776439428329 0.2919446527957916 3.757655337452888 1.957199208438396 0.8399008512496948 0.4398577138781548 0 1.348534382879734 4.534079343080521 1.670173466205597 1.783490382134914 1.611174240708351 22.94297637045383 0.6632097885012627 0.1181212067604065 0.1569310873746872 0 0 0 0.1136694252490997 0.2607123330235481 0.9397313147783279 195.8883378356695 10.72386425733566 0.3449217602610588 0.2788786888122559 0.916860394179821 49.05000612139702 9.895719297230244 20.96090463548899 4.135034680366516 8.39890056848526 4.211586810648441 1.218443281948566 0.4748542234301567 0 0.2062216997146606 0.2915347218513489 0.1326976269483566 0.3485050722956657 0.1792625486850739 0.1780352741479874 0.2097270786762238 325.7541285827756 30.3419129922986 37.89904429018497 760.5762215405703 28.6196358576417 477.9775546491146 143.0802283734083 224.3245807662606 43.12732431292534 4.391734942793846 44.91958827525377 105.914346434176 0.8003805056214333 22.11119996011257 4.432084202766418 70.32512581348419 0.7707756757736206 0.877390444278717 3.161502845585346 31.83898530900478 3.357463784515858 490.5174013376236 124.1279820352793
