252.5073580816388 2139.171256572008 725.94610260427 880.9305389821529 67.45033119618893 314.6790663897991 405.9372149705887 96.9680588170886 6.377022460103035 1184.975988902152 57.79805910587311 640.2345403656363 328.5740916877985 13.68713720887899 4.572824366390705 1.68425290286541 0.8713627457618713 0 0 0 0 0.1934583336114883 0.09163138270378113 0.1211498528718948 0.32925945520401 0 0.4759956523776054 0 0 0 1221.216518715024 54.03992608189583 0.8223073706030846 0.09011223912239075 0.1110875308513641 0.4069024249911308 2.738137483596802 0.6631708145141602 1.265482448041439 0.5709193274378777 0.5861257314682007 0.09879801422357559 0 0.9079292640089989 0.2275318801403046 0.08439856022596359 106.8538952842355 4.824574694037437 0.705987773835659 0.4816584214568138 0.4266055300831795 0 0 0.08934981375932693 6.240552984178066 22.20256980508566 91.50993948429823 761.0989234000444 57.43194386363029 31.70364683121443 0 0.4934831857681274 0 145.5498890280724 5.517470344901085 4.930000841617584 0.7821140140295029 1.256113953888416 0.3358850926160812 0.1397014707326889 2.647513657808304 1.477290339767933 0 152.7971815019846 89.25278531759977 95.85968226194382 34.68574766069651 2.695119224488735 2.821257844567299 18.84741875529289 1.986006185412407 6.434225641191006 12.29040537029505 0.4607849419116974 6.258524775505066 2.83132541179657 1.953322269022465 0.2148277387022972 0.8071316778659821 0.4406973645091057 0.3784408718347549 0 0.4173916876316071 0.1024395823478699 0.1850251257419586 12.3259195536375 10.18621804565191 0.4436510503292084 0.2482021674513817 1262.375568039715 0.843435674905777 26.1877505928278 37.46292985230684 10.39595287293196 2.363691702485085 43.791084818542 13.00223080068827 16.21279467642307 28.10762155801058 51.09549697488546 3.958373978734016 20.20491059869528 17.09565855562687 5.757263831794262 2.754751935601234 0 0 0 0 0 0 0 0 0 0 0 0 0 0 0 0 0 0 0 0.8935524076223373 0.231807753443718 0 0.120542548596859 0.2473359256982803 1.825597070157528 1.565183758735657 3.906714394688606 0 0.7302488684654236 0 0 0 0 0 0 0 0 0 0 0 0 0 0 0 0 0 0.1620786190032959 0.1755421757698059 3.479512289166451 0 0 1.259258598089218 0.3058763444423676 0 0 0 0 0 0 0 0.5554710030555725 8.14466804265976 0 0 0 0 3.630627527832985 1.992824643850327 1.450040653347969 0.1189660057425499 0 0 0.3815980851650238 0 0.1008292660117149 0 0 0 0 0 0 0 4.615733489394188 0.8684836328029633 3.615015059709549 245.9782450199127 7.498745918273926 198.6269150301814 45.33045284450054 982.1291832476854 12.71513914316893 3.876806795597076 6.204822137951851 53.45877973735332 0.4300520718097687 0.9704965353012085 2.502140074968338 129.2441391199827 0.281509667634964 0 0 0.8792713955044746 0 491.8806897103786 26.49441769719124
2139.171256572008 1516.275571800768 3091.114420004189 1420.241424880922 1469.341142505407 207.3704528212547 2080.713831633329 1305.439387343824 854.9949403554201 1111.021518565714 948.3237848430872 149.1252304464579 349.852297976613 1787.817139543593 48.87351547181606 35.6492238715291 2.418196633458138 0.2323890998959541 0.5375610217452049 0.2519426420331001 0.6446521729230881 0.4270447492599487 0.5386439934372902 1.060628920793533 4.304340019822121 0.4489814266562462 1.673095352947712 1.142788991332054 0.8946054428815842 1.520108386874199 2765.802985116839 314.2641861662269 20.12460139393806 1.667080909013748 0.7900349721312523 1.755555771291256 10.42550127953291 3.047313526272774 3.509453669190407 2.659629598259926 1.585328429937363 0.8356780335307121 0 2.116279654204845 0.8237385898828506 2.117485173046589 432.9365945905447 4.536919444799423 1.543133541941643 0.1940340176224709 0.7225322499871254 0.2937703132629395 0.8738294392824173 0.3045186400413513 6.255855888128281 24.26603670418262 56.65768527984619 293.2610975578427 54.37593965232372 63.18616396188736 2.159069389104843 2.691267021000385 0.6318227052688599 409.0262755528092 8.296924382448196 6.030129000544548 1.037660509347916 2.397348456084728 1.277313761413097 0.6888568848371506 35.66456666588783 6.695033058524132 0 208.0436891540885 209.4250811189413 327.0938779488206 211.7632156088948 24.94299959391356 10.43309226632118 173.335338242352 3.476433642208576 19.62565345317125 15.02748695760965 0.9209419190883636 7.939321883022785 4.604849927127361 2.818693965673447 0.5432858318090439 1.25713324546814 0.09806950390338898 0.4589599892497063 0.2873078435659409 0.5988743007183075 0.321059413254261 0.928804524242878 42.90779565274715 4.709574408829212 0.08711303025484085 0.8562540635466576 692.8364057764411 4.519357696175575 17.33543103933334 73.18190832436085 18.10456159710884 10.39871084690094 158.6640401855111 23.23949197679758 76.81115683168173 65.27205491065979 115.1179302707314 16.74717324972153 90.90680240094662 76.49855269491673 39.65648172050714 29.97518511116505 0.724907860159874 0.2475817799568176 0 0.1052756607532501 0 0 0.1968351900577545 0.1863383799791336 0.6936731040477753 0.248841181397438 0 0 0 0 0.2013872563838959 0 0 0 0 9.857212692499161 4.284233748912811 0 0 0 18.87119134515524 5.90005849301815 20.69293573498726 3.202415511012077 0.1540836244821548 0 0.2073803246021271 0.9933061301708221 0 0.4092063009738922 0.09773623943328857 0.6377755701541901 1.018183559179306 1.100321173667908 0 0.1100139766931534 0.3795690536499023 0.1476174145936966 0 0 0.1391667872667313 0 0.4817735701799393 1.170856580138206 3.095387652516365 0.1716407984495163 1.633833512663841 23.42640351504087 0.7913824021816254 0.3909872472286224 0 0 0 0 0 0 0 72.51144219189882 0.4509377479553223 0 0 0 31.81279522925615 1.67380429059267 20.45997197926044 0.9735133349895477 2.686568781733513 0.408145010471344 1.174260899424553 0.144456222653389 0 0 0 0 0.1120613291859627 0 0 0 59.6956727579236 9.47684533894062 12.67854741960764 786.9827574640512 30.41033456474543 594.2675864323974 195.2112436518073 573.4707361608744 80.20385028421879 6.767376564443111 64.5327952504158 49.69175892323256 1.272947616875172 7.318067386746407 3.164282493293285 94.93570667505264 2.647218227386475 0 0.1669884026050568 12.70732636749744 2.313035488128662 399.5969687327743 49.53784816712141
725.94610260427 3091.114420004189 953.1524455323815 10.60052195191383 525.7376172021031 41.87600361555815 158.5415714606643 993.6570153385401 758.4487457051873 21.09118285030127 1366.265088796616 74.13889609277248 176.5246052518487 1813.167213536799 13.57555760443211 15.67517662793398 1.858529321849346 0.09792731702327728 0.1053270995616913 0.7942280471324921 1.933013051748276 0.133358895778656 0.7053826004266739 0.4619221016764641 2.114231742918491 0.6929714232683182 0.696050263941288 0.3425540924072266 0.09614874422550201 0.09358557313680649 4089.366606876254 701.6828809976578 34.42280616611242 1.453382521867752 0.7421184033155441 0.8820939511060715 14.47522287815809 1.389984823763371 1.638465665280819 1.96037657558918 6.500854648649693 2.091686315834522 0.4834580793976784 1.125803358852863 0.9010888487100601 0.08409753441810608 145.0788348093629 3.080458611249924 0.5825943946838379 1.690373994410038 0.7765641957521439 1.147428452968597 0.2565766796469688 0.1399541944265366 3.108610481023788 10.17936013638973 29.75459952652454 221.8219780549407 30.85169062018394 22.34857030957937 1.287954293191433 5.783542416989803 0.3314184471964836 272.2261790260673 3.534733586013317 3.531801894307137 0.5331663340330124 1.288306191563606 2.817553639411926 2.773242972791195 29.60892157256603 1.163041949272156 0 113.307796895504 101.2822871804237 126.2168243154883 80.79297834634781 8.358746163547039 5.106518886983395 513.9468700140715 3.735257305204868 39.60291184484959 6.843395680189133 0 3.449587292969227 1.633270472288132 1.780820891261101 0.2869160771369934 0.5720963627099991 0.1854501217603683 0.7999049201607704 0.171238511800766 2.374981582164764 1.23505312949419 0.4530228078365326 22.55574388056993 4.234355643391609 0.1341872364282608 1.901935644447803 242.4818200618029 0 0.3842729926109314 8.977082073688507 1.410117775201797 1.248593240976334 9.762623675167561 2.678215779364109 6.136656656861305 7.893906250596046 15.18596382439137 4.421251282095909 13.08875200152397 7.919567860662937 6.397442027926445 5.993657499551773 0 0 0 0 0 0 0 0 0.4257760941982269 0 0 0 0.6146328449249268 0 0 0 0 0 0 0.306580662727356 0.6282347440719604 0 0 0 5.021800398826599 1.497056022286415 6.585699930787086 1.302823036909103 0.5378902554512024 0 0 0.114015132188797 0 0 0 0 0 0.4272047281265259 0 0 0 0.3206483349204063 0.1108576059341431 0 0 0 0 0.6828896999359131 0 0.8929529786109924 0.2045295536518097 5.507518455386162 0.6313770413398743 0 0 0 0.1501017957925797 0 0 0 0.5879110097885132 15.5210547670722 0.27618008852005 0 0 0 4.831246674060822 2.30765038728714 4.513732835650444 1.234597578644753 2.488527074456215 0 0.4003230035305023 0 0 0 0 0 0 0 0 0 8.176767088472843 3.32392019033432 3.989785961806774 180.7320124432445 9.076692417263985 178.9648425281048 60.13410174101591 123.5435870587826 19.46577962487936 2.209648743271828 13.9932619035244 10.91932272911072 0 2.183378584682941 0.8676340505480766 10.30651073157787 0 0 0.2507875561714172 4.997673243284225 0.7761797904968262 67.44859825819731 8.896222569048405
880.9305389821529 1420.241424880922 10.60052195191383 419.7468371987343 138.6909519955516 282.1759965717793 705.8572630211711 2.561382487416267 11.28961899876595 2773.857663482428 7.369838006794453 2247.775073111057 732.2272210121155 9.730337470769882 1.27291914075613 0.9177782610058784 0.1267334967851639 0 0 0 0 0 0 0.1546942442655563 0 0 0 0 0 0 93.02997328341007 15.8755140081048 0.7683261930942535 0 0 0.1156576871871948 0.8865668177604675 0.3657441958785057 0 0.2035500705242157 0 0 0.09432342648506165 0 0 0 47.75737236440182 0.1007827073335648 0.2111921310424805 0.1770910173654556 0 0 0 0 1.155371502041817 2.653030820190907 15.85797841101885 115.2609002068639 10.93376115709543 8.487310513854027 0 0 0.130600780248642 35.63435115665197 0.9584642946720123 0.7774968966841698 0.2451840341091156 0.2175677195191383 0 0.08472716808319092 4.108566299080849 0.3242375552654266 0 34.68125441670418 25.07492126524448 25.09110181033611 10.86697819083929 0.9564743191003799 1.345909401774406 1.893965423107147 0.7879526764154434 0.9566544368863106 2.0576536282897 0 1.266145117580891 0.4098304584622383 0.3019431605935097 0 0.2905682623386383 0 0.1129425689578056 0 0 0.09912101179361343 0.09791173785924911 12.13421806693077 1.271854750812054 0 0.1006823256611824 335.3475222885609 0.1769039332866669 12.62628795206547 52.0568605363369 19.10052245855331 2.41586822271347 86.16550968587399 9.197613671422005 23.80118089169264 41.25592449307442 40.59554024040699 0.3693366795778275 23.8071159273386 16.19060150533915 8.6022874340415 1.959820553660393 0 0 0 0 0 0 0 0 0 0 0 0 0 0 0 0 0 0 0 0.5847887396812439 0.2414624691009521 0 0 0 3.525423623621464 0 2.93904335796833 0 0 0 0.3064164221286774 0 0 0 0 0 0 0 0 0 0 0 0 0 0 0 0 1.048380993306637 0.5740899443626404 0 0 4.359136015176773 0 0 0 0 0 0 0 0 0 7.786586090922356 0 0 0.1776323467493057 0.106799952685833 2.7114287763834 0 3.684844300150871 0.9802316725254059 1.858481004834175 0.193310335278511 0 0 0 0 0 0 0.1718626469373703 0 0 0 5.906384229660034 2.436634808778763 0.5633608251810074 91.79739397764206 2.442202195525169 61.91553622484207 24.54537144303322 348.1084038242698 6.343582324683666 1.501862421631813 4.559904783964157 20.54330113530159 0 0.949676550924778 0.258092924952507 47.39010564982891 0 0 0 1.205596446990967 0.3161413073539734 221.3947695940733 19.15202881395817
67.45033119618893 1469.341142505407 525.7376172021031 138.6909519955516 1404.139340110123 16.0640995875001 2409.101328760386 209.5005818232894 4470.169821247458 183.3993650302291 1838.118676766753 31.3488914296031 1362.488959617913 5272.812336884439 15.88401051610708 17.10634946078062 0.4806174412369728 0 0.1455360949039459 0.1318902969360352 0 0 0.1095378547906876 0.3792408406734467 1.910178013145924 0 0.5936711579561234 0 0.3982260897755623 0.1317793875932693 85.10738822817802 85.49142135679722 2.413257047533989 0.4326121509075165 0.1511103957891464 0.5505955964326859 1.549005329608917 0.715862937271595 0.4999159649014473 0.235961452126503 0.6049681603908539 1.023811601102352 0.1389920860528946 0.8191657811403275 0.4676979333162308 0.1000816002488136 90.18169686943293 0.3196875005960464 0.1106213927268982 0.1150078400969505 0.1098793148994446 0 0.1873369961977005 0 0.7764519602060318 3.040329687297344 6.626768238842487 21.14484109729528 4.827008359134197 12.1106454282999 0.09812792390584946 0.7643647715449333 0.1122770234942436 64.02454287558794 0.7066005915403366 0.7691293358802795 0 0.1967899277806282 0.1012395322322845 0 9.142422154545784 1.769111275672913 0 24.16014096140862 31.32366026937962 61.74967078119516 60.27255421131849 9.269979774951935 2.195690125226974 44.41453196108341 0.798029251396656 3.550772465765476 1.576439470052719 0 0.565416157245636 0.3014404475688934 0.2074961066246033 0 0 0 0.3418745994567871 0.1808789819478989 0.1131968647241592 0 0.155800923705101 25.43236684054136 3.378657288849354 0 0.7464146763086319 15.45272715389729 1.715221203863621 3.510336130857468 24.56243336945772 4.894396215677261 4.839408487081528 49.69993649423122 6.124112620949745 27.99089708179235 22.02447875589132 40.88058891147375 9.048340067267418 47.5397123247385 33.38291095942259 17.29829234629869 14.59729515016079 0.9017347693443298 0.1214676573872566 0 0.09852913022041321 0 0 0 0 0 0 0 0 0 0 0 0 0 0 0 2.241373986005783 2.960404768586159 0 0 0 8.510502748191357 1.474922761321068 7.723044969141483 2.108860209584236 0.9590504467487335 0 0 0 0 0 0 0 0 0.2261656522750854 0 0 0 0 0 0 0 0 0.5745197832584381 1.500715740025043 0.7531764358282089 0 0.1832368522882462 14.47834684699774 2.526683196425438 0 0 0 0 0 0 0 0 33.88751741498709 0.8810061663389206 0 0 0.1446688771247864 16.79959063231945 0.6181161999702454 11.61349364370108 0 0.1608557403087616 0.1622221916913986 0.9548526108264923 0 0 0 0 0 0 0 0 0.1335924714803696 23.14247397333384 5.135128945112228 6.992705643177032 218.6974703893065 10.19511267542839 119.9591411799192 45.62715668231249 49.80720259994268 17.26081988960505 1.02786710113287 16.59838174283504 8.568364933133125 0 1.120352424681187 1.544553451240063 26.05396172404289 0.1084251776337624 0.1060481667518616 0.24794702231884 3.788343742489815 0.8926879167556763 66.79818606376648 20.53224939107895
314.6790663897991 207.3704528212547 41.87600361555815 282.1759965717793 16.0640995875001 1.445444524288177 121.6427059322596 4.70059484988451 4.155455887317657 509.6604308858514 6.217177599668503 213.0348659157753 87.33874628692865 14.29978059977293 0 0 0 0 0 0 0 0.9191389530897141 0 0 0.1285415589809418 0 0 0 0.347110778093338 0 151.4926554486156 0.9944262504577637 1.738605409860611 0 0 0 3.347559049725533 0.3270532190799713 0.4144502729177475 0 0.3508594632148743 0 0 0 0 0 0.4851336404681206 0 0 0 0 1.221870310604572 0.3430587351322174 0 0 0.1363094598054886 72.33462372422218 147.6252911016345 2.62741693854332 0.4538508057594299 0 0.8131851255893707 0 0.4272219315171242 0 0 0.3225060999393463 0 0 0 17.21742448210716 18.4459912776947 1.926328346133232 0.3641841411590576 0.1341271698474884 0.2636437490582466 0.1159495487809181 0.224656343460083 0 2.198688387870789 0 0 0 0.2853038609027863 0 0.1375884860754013 0 0.6372351944446564 0.9868833348155022 3.116269543766975 0.6684565544128418 1.256559751927853 0 0.1263323277235031 0.1344141662120819 141.3188818544149 31.04237373173237 1.741039603948593 2.560336008667946 488.2576588913798 0 3.523641347885132 6.829337581992149 0.7773458063602448 0 7.180399432778358 3.692343011498451 2.444068036973476 5.335593692958355 11.27668159455061 0.2218913733959198 5.601835139095783 2.080323778092861 0.8307217508554459 0.652204617857933 0 0 0 0 0 0 0 0 0 0 0 0 0 0 0 0 0 0 0 0.1688049733638763 0 0 0 0 0 0 0.3059494346380234 0 0.1245605200529099 0.1149183958768845 0 0 0 0 0 0 0 0 0 0 0 0 0 0 0 0 0 0 0 0 0 0 0 0 0 0 0 0 0 0 0 0.9203346967697144 0 0 0 0 0 0 0.4175893217325211 0 0 0 0 0 0 0 0 0 0 0 0 0 0.8935015052556992 0 0.140429750084877 1.446029081940651 0 1.571853697299957 0.5731337741017342 245.4010745286942 0.8321434408426285 0 0.1675454080104828 0.534670889377594 0 0 0 7.864916577935219 0 0 0 0 0 59.64634930342436 9.444565966725349
405.9372149705887 2080.713831633329 158.5415714606643 705.8572630211711 2409.101328760386 121.6427059322596 782.6350481584668 57.30375738441944 1589.874545007944 1199.089153826237 385.9522699341178 325.0215597003698 3446.043692007661 3618.399853259325 13.33166721463203 15.14766477048397 0.6594241335988045 0 0 0.1237216740846634 0.119198814034462 0 0.1033500805497169 0.5346691682934761 0.8099232316017151 0 0.3643490970134735 0.4684312492609024 0.3500871881842613 0 65.73608013987541 47.80154992640018 20.8206330537796 0.1259995549917221 0.5881806015968323 0.42645413428545 16.26872094720602 0.7392813116312027 0.8868605941534042 0.5285118222236633 0.6161603629589081 0.1150282993912697 0.1130713000893593 0.8324600756168365 0.2012910023331642 0.3787373676896095 72.72279363870621 0.9547245800495148 0.129130944609642 0.3980702683329582 0.1031377464532852 0 0.8406413942575455 0 0.4233394786715508 2.88917038589716 12.03631124645472 30.31454185396433 6.100660488009453 8.877945378422737 0.4922285526990891 0.6419409513473511 0.5954756587743759 47.08251074701548 0.7260037586092949 0.9920498207211494 0.1069420725107193 0 0.105628214776516 0 30.22206968069077 4.2431930154562 0.1095475256443024 24.71608804166317 21.66932176798582 46.05460464209318 41.57465897500515 6.773202247917652 2.328447453677654 56.61239778250456 0.7877086624503136 3.125497438013554 1.484244287014008 0 0.8106305301189423 0.3777611553668976 0.3214153200387955 0 0.2362504228949547 0.2135552912950516 0.1063105016946793 0 0.1668889671564102 0.2463107258081436 0 200.8115621805191 8.291853606700897 0 2.586134113371372 91.43804501742125 6.292096674442291 16.56132048368454 88.66874916851521 18.24477281421423 19.45167457312346 176.9450226277113 33.78081057220697 114.7005903720856 103.5049880966544 166.0842028930783 28.6528443172574 165.6137049943209 121.5088106244802 68.45110308378935 31.92234842479229 0.1185616329312325 0 0 0 0 0 0.1157545298337936 0 0 0 0 0 0.1597924679517746 0.2457046061754227 0.2801782488822937 0 0 0 0 8.835149608552456 8.33439065515995 0.09944522380828857 0 0.6025882661342621 33.036954626441 4.307518318295479 23.71264759451151 2.741893090307713 0.1104014366865158 0 0 0 0 1.451671309769154 0 0 1.194501824676991 1.989296182990074 0 0.5716599524021149 0.3240679576992989 0.3509979173541069 0 0.1764896363019943 0 0 2.745845600962639 1.796709895133972 1.435703635215759 1.499653458595276 0.8114406168460846 39.67638905346394 3.380453161895275 0 0 0 0 0 0 0 0.1544279903173447 107.4054736196995 0.7203871831297874 0 0 0 39.83494313061237 2.950673699378967 31.07846309989691 1.907134048640728 9.72514171898365 1.824558936059475 0.6427742540836334 0.8022373989224434 0 0 0.1336940079927444 0.2738296315073967 0.1938483119010925 0 0 0 100.5654574334621 10.1387447938323 15.53885678201914 247.1736630797386 7.386892914772034 105.6867828369141 61.49837513267994 148.6297151371837 15.6144592911005 0.4119856953620911 20.44853828847408 39.80765236914158 0.6462206244468689 5.146735891699791 3.672130703926086 79.7948212325573 1.030888617038727 0 0.6806188374757767 6.257800996303558 0 400.1503464132547 91.41594809293747
96.9680588170886 1305.439387343824 993.6570153385401 2.561382487416267 209.5005818232894 4.70059484988451 57.30375738441944 1510.577686443925 256.633104160428 7.762736685574055 2217.181915581226 77.41866804659367 131.6474936977029 1300.513901270926 35.06052647531033 45.62528558820486 20.13965267688036 5.895995914936066 6.772960305213928 19.99063564836979 48.81459757685661 0.8202082812786102 13.78483729064465 10.36254329234362 3.952988758683205 2.975569695234299 1.343665614724159 1.266603507101536 1.450899295508862 0.5452646836638451 1167.099808245897 3524.311119265854 92.32006873190403 44.90271063148975 16.6009733080864 5.379137612879276 35.44455005228519 9.22584280371666 7.785141326487064 7.006056666374207 45.66695819050074 21.98386237025261 22.73356928676367 8.93543765693903 23.07435584068298 11.07712369412184 189.9944530203938 6.284378930926323 6.180071167647839 24.55547676980495 10.32895674556494 2.530700713396072 2.257634282112122 0.7137420773506165 2.002231799066067 6.228494606912136 13.87817716598511 99.20962782949209 15.79662727564573 17.32802928984165 55.07538569718599 358.4047710224986 10.16726057231426 675.3689665868878 2.283626519143581 3.019168578088284 1.024232506752014 8.190651141107082 37.68990707397461 42.59778918325901 59.02482897043228 6.557453893125057 0.2409763336181641 59.10069950670004 84.9138735756278 107.6909395232797 241.2206975072622 545.7376062199473 921.8782745972276 4691.281374529004 179.2236562371254 2153.691485933959 4.811017215251923 0.4797585234045982 3.407180182635784 1.212070845067501 5.626171767711639 0 0.9251174628734589 0.6893275007605553 4.191932156682014 6.092978358268738 51.99328088760376 14.17348003387451 14.9977275505662 17.32347349822521 6.25730250030756 0.5184401273727417 4.847396433353424 23.70230457931757 0 0.5121645778417587 5.721085429191589 0 0.6303968876600266 8.033329457044601 0.3851618468761444 6.266273841261864 1.667918816208839 3.446656689047813 6.889081567525864 7.292403347790241 7.820410668849945 6.931955620646477 5.221138902008533 0 0 0 0 0 0 0.5861399918794632 0 0 0 0.1581123471260071 0 0.4149133265018463 0 0.2578391134738922 0 0.4805315807461739 0.8623345494270325 0.520337700843811 0.1479863077402115 0.8664987236261368 0 0 0.6021633148193359 7.234360799193382 0.6793122589588165 13.9082588031888 2.698140531778336 1.180074915289879 0 0.4242819771170616 0.6799605265259743 0 0.8767729699611664 0 0.1217918619513512 0 0.6165397316217422 0 0.115062527358532 1.22873130440712 2.022391498088837 0.908796414732933 0.1647272109985352 0 0 0 0.5712227821350098 0 0.7194396257400513 0.3314487934112549 7.260461993515491 0 0 0 0 0 0.4804522395133972 0.1592312753200531 0 1.538595929741859 17.50334997475147 3.036830708384514 0.1538759768009186 0.9472645968198776 3.607846565544605 5.568621441721916 1.924891859292984 5.696734890341759 0.8038018345832825 2.982785299420357 0.5563224777579308 0 0.5516111850738525 0 0 0 0 0 0.6515771374106407 0.5904313698410988 1.296577617526054 6.143862284719944 3.628700330853462 11.77114756405354 354.1671188399196 25.54338932782412 246.5525161772966 124.2688371613622 63.23271731287241 25.51206184923649 1.945460855960846 31.7067474797368 10.76887921243906 0 1.996459528803825 1.968734309077263 7.853991940617561 0.3847844302654266 0 0 14.43622213602066 0.1515279412269592 23.23465443402529 8.65634585916996
6.377022460103035 854.9949403554201 758.4487457051873 11.28961899876595 4470.169821247458 4.155455887317657 1589.874545007944 256.633104160428 953.1176087409258 29.22390995919704 1355.11982087791 11.13609798997641 1135.223287448287 4021.443625770509 2.692775465548038 2.257637366652489 0 0.1382888704538345 0 0.1214648336172104 0 0 0 0.1439153254032135 0.1062272936105728 0 0 0 0 0 14.64822406321764 15.33832093328238 0.3766642063856125 0.1273935288190842 0 0 0 0.144865944981575 0.2501368820667267 0.1198088601231575 0.1060159653425217 0 0.4965393543243408 0.1307241916656494 0 0.1567452251911163 15.91137575358152 0.2286955416202545 0 0 0 0 0 0 0.1043918877840042 0.9460251554846764 0.6672793552279472 2.601046986877918 0.3482231199741364 1.699684478342533 0 0 0 11.70725886523724 0.1582416892051697 0 0 0 0 0 2.373738586902618 0 0 3.781869553029537 4.584303990006447 9.602783650159836 10.93753673881292 2.332291968166828 0.1963099464774132 28.45457319170237 0.117627814412117 0.288076788187027 0.2184859067201614 0 0 0 0.09702696651220322 0.1002488657832146 0 0 0 0 0 0.1255720406770706 0 8.271165758371353 1.995487928390503 0 0 3.026264190673828 0 0.2333545535802841 3.734131872653961 0 0.633363738656044 13.74320972710848 0.3898126035928726 4.299643069505692 7.211569868028164 5.663804247975349 0 7.543264232575893 6.174411505460739 8.638465441763401 1.016348414123058 0 0 0 0 0 0 0 0 0 0 0 0 0.2540470063686371 0 0 0 0 0 0 0.7944175601005554 0 0 0 0 2.405500806868076 0 1.220038816332817 0.1500804424285889 0 0 0 0 0 0 0 0 0 0 0 0 0 0 0 0 0 0 0 0 0 0 0 2.084543079137802 0 0 0 0 0 0 0 0 0 7.208268396556377 0 0 0 0 1.272349953651428 0.455735832452774 1.888821750879288 0 0 0.5664956495165825 0 0 0 0 0 0 0 0 0 0 8.610773108899593 3.087740041315556 0.9082107841968536 44.83995942771435 0.249213844537735 17.33536925911903 12.04376149922609 11.32819572091103 3.485258795320988 0.3696825504302979 2.598487488925457 0.5095368325710297 0 0.3564547747373581 0.4210156053304672 1.225566178560257 0 0 0 0.7227118909358978 0 11.4059837013483 6.101763337850571
1184.975988902152 1111.021518565714 21.09118285030127 2773.857663482428 183.3993650302291 509.6604308858514 1199.089153826237 7.762736685574055 29.22390995919704 1808.184104919434 63.04668000340462 4459.996850460768 5157.827709935606 195.223549477756 4.174113735556602 2.562318228185177 0.1317138075828552 0 0 0.2234494835138321 0 1.132289871573448 0.1212511658668518 0.4461434334516525 0 0.2395331859588623 0.2294624745845795 0.5130087211728096 0 0 62.03078452497721 7.776785403490067 10.35808770358562 0 0 0 14.64474031329155 0.4808119982481003 1.330261282622814 0.2596433013677597 0.9016609787940979 0.5708268731832504 0 0 0 0.2230597883462906 24.87108231335878 1.0710134729743 0 0.1329063028097153 0 0.931401826441288 0.7309689670801163 0.3805474787950516 0.6614323630928993 2.190708160400391 60.51513125002384 118.1718262434006 8.694893948733807 6.758887581527233 0.1017768532037735 0.228520467877388 0 24.23435546457767 1.291320130228996 0.646458312869072 0.203987255692482 0.4869693070650101 0 0 141.2274422124028 3.849096521735191 0.3678866252303123 24.52742760628462 12.66798613965511 16.93002332001925 8.452922388911247 1.522050485014915 0.3674620315432549 11.53592966496944 0.3765137940645218 0.5836502835154533 1.52014571428299 0.1252472102642059 0.7938423827290535 0.4547109231352806 0.4635312929749489 0 0 0.1416447460651398 0 0 0 0 0.1963026225566864 516.2529984340072 59.04492853581905 1.243293941020966 5.724290363490582 778.3337454795837 3.162854813039303 31.64352359622717 132.6697479262948 62.89735390990973 15.27876929193735 237.7126851007342 70.43327031284571 125.160494223237 164.5617721378803 243.825915813446 14.8005603775382 158.2838935106993 200.1428973227739 62.77906887233257 26.21756864339113 0 1.280383080244064 0 0 0 0 0.1193443685770035 0 0 0 0.1515647321939468 0 0.1325031071901321 0 0 0 0 0.1230798810720444 0 8.43204840272665 1.198649033904076 0 0 0.1782002300024033 19.960528627038 2.683839291334152 10.39131609350443 2.038348883390427 0 0 0 0 0 0 0 0.378853440284729 0.2666306123137474 0.298720046877861 0 0 0 0.9720636010169983 0.2700327709317207 0 0.1167986914515495 0 0.2377831488847733 0.715338408946991 5.152171194553375 0 0.5021266341209412 16.65427006781101 1.177960872650146 0.08594441413879395 0 0 0 0 0 0 0.2131671011447906 65.48078319430351 0.8031504303216934 0 0 0 16.13728471845388 2.090206757187843 11.73252499848604 1.44081624597311 2.774909690022469 0.2726481854915619 0.5586007237434387 0.1038832738995552 0 0 0 0.1537128984928131 0 0 0 0 67.33499112725258 9.115453250706196 5.750938951969147 89.29655909538269 1.578731209039688 39.70021387934685 16.79353946447372 514.2163503468037 4.571818090975285 1.261392995715141 3.479760065674782 44.02341265976429 0.1555381119251251 4.820308580994606 0.7696125879883766 130.9095030426979 1.038613796234131 0 0 1.551603406667709 0 1381.46206792444 161.526428937912
57.79805910587311 948.3237848430872 1366.265088796616 7.369838006794453 1838.118676766753 6.217177599668503 385.9522699341178 2217.181915581226 1355.11982087791 63.04668000340462 1808.889006987214 843.0624209493399 1844.680758088827 5307.389098711312 30.22373096644878 47.6914836615324 2.256249442696571 0.2869124114513397 0.3219255208969116 2.649607717990875 11.22997362911701 1.562214404344559 3.853515565395355 3.696022771298885 3.43674710392952 3.391984343528748 1.423483654856682 2.870785273611546 3.043695122003555 0.702767588198185 287.9392777383327 185.4342670664191 953.3334240987897 6.169353350996971 6.669059202075005 3.396462172269821 154.3304542601109 15.22132907062769 11.98514141887426 4.839144803583622 20.13655254244804 6.832273416221142 1.49092984944582 0.7316876500844955 1.499344922602177 1.963104702532291 94.14012330770493 1.125850796699524 0.6316503211855888 0.8888096064329147 2.21126513928175 5.88079559803009 5.365556165575981 0.9166258499026299 0.6632237359881401 3.432500623166561 4.580619499087334 26.19190157949924 5.227986641228199 11.0834311619401 4.399793282151222 8.040854908525944 0.7729871049523354 88.59899638593197 0.7044623270630836 0.9073823913931847 0.2540625855326653 1.085065841674805 4.275478512048721 9.190249040722847 298.8040707185864 10.73376853764057 1.156270101666451 22.51323638856411 33.77577885985374 74.48037226498127 90.7595010176301 27.96958771348 4.517596766352654 1684.094948075712 3.507185451686382 15.91964935511351 2.067178376019001 0.1671025604009628 0.7111122906208038 0.08782390505075455 0.7558515816926956 0 0.6236755102872849 0.6097574979066849 0.3236879110336304 1.148153461515903 17.20466025173664 2.209226213395596 5.954149425029755 44.58968110382557 19.07225847989321 0.6625568047165871 3.700101368129253 21.49500352144241 0.2902174293994904 0.7405917048454285 6.087080404162407 1.778006032109261 1.888887882232666 11.69825627654791 0 12.8646145388484 9.507190257310867 12.53134001046419 8.056927517056465 16.86003386229277 17.64641097933054 12.68847712874413 8.574774369597435 0.3089196383953094 0 0 0 0 0 0 0 0 0.4812285751104355 0.6332674026489258 0 1.768003463745117 0 0 0.3249261379241943 0.3997495770454407 0.1095682606101036 0.1708366870880127 3.661191113293171 1.106587156653404 0 0 0 12.61120376735926 1.725135579705238 14.2674393132329 2.398253120481968 0.7659482583403587 0 0.6435803174972534 0 0 0 0.1010734736919403 0 0.1440792828798294 0.1458251625299454 0 0 0.3076403439044952 1.181708708405495 0.578953929245472 0.1399608254432678 0 0 0.140368178486824 1.854388475418091 0 0.3277936577796936 0 12.27025497704744 0.7021248117089272 0 0 0 0 0.1256265938282013 0 0.148805096745491 0.2779162302613258 36.61424825340509 2.502654425799847 0.2843127250671387 0 0.5860839933156967 11.10290489345789 0.9741021692752838 10.93673946708441 0.2760903537273407 1.752874679863453 0.2574192434549332 0 0 0 0 0 0 0 0.406369149684906 0.2756659388542175 0 21.58534219115973 8.014168873429298 10.0229002982378 250.9032194316387 11.7095643132925 137.8887134194374 71.76332763582468 45.30538529157639 15.11939180642366 2.217737704515457 26.52774293720722 10.33294284343719 0 1.255872093141079 1.015654541552067 8.336826652288437 0 0 0 6.421173244714737 0 27.67724874615669 19.27609856426716
640.2345403656363 149.1252304464579 74.13889609277248 2247.775073111057 31.3488914296031 213.0348659157753 325.0215597003698 77.41866804659367 11.13609798997641 4459.996850460768 843.0624209493399 438.7536732405424 1861.967878736556 417.0528560206294 14.69672928005457 19.94789227843285 0.8387863710522652 0 0 0.2464955449104309 2.714990019798279 3.714743420481682 2.916472971439362 1.270255655050278 2.112521223723888 2.606428809463978 0.3779063150286674 1.436104193329811 1.646650806069374 0.6032064855098724 39.51799616217613 21.64101045578718 81.20389097929001 0.8132882788777351 0.761668398976326 1.323644801974297 166.5037907585502 9.032005481421947 11.96755089610815 3.854676112532616 6.283379688858986 2.636854901909828 0.1370905041694641 0.1406425386667252 0.08940880000591278 0.09733507037162781 35.94187816232443 0.3137161731719971 0.138808473944664 0.1434954106807709 0.1856206208467484 4.464930206537247 8.947085313498974 1.000324919819832 0.4959373250603676 1.004137314856052 7.835991539061069 37.02920239418745 3.7321447879076 4.101386003196239 1.152745977044106 2.930089138448238 0.1179534122347832 22.465157084167 0.1749497875571251 0.5395339578390121 0.2040959596633911 0.3106032311916351 0.2921475544571877 0.7143128290772438 401.0392844304442 24.82311551272869 0.7468271702528 12.79398485273123 9.015660367906094 23.29895087331533 27.36498666554689 7.246108077466488 0.8160749822854996 138.764041595161 0.8797368854284286 5.715521745383739 0.8507196605205536 0 0.5035876482725143 0.08673934638500214 0.1951024755835533 0.266117125749588 0.1213212981820107 0.1898890286684036 0.4377299621701241 1.423978313803673 2.131796091794968 0.6720656454563141 5.37512544542551 1011.29105232656 130.532066501677 0.7731559574604034 18.66994718462229 119.6136208474636 2.582132428884506 8.270770892500877 59.04331035912037 12.28439796715975 9.281295374035835 125.4640209749341 18.16796785593033 78.40987196564674 80.15558178722858 93.24186738580465 29.55956318974495 138.1973060145974 100.5795439332724 61.81917953491211 42.90050774812698 0.2031822800636292 0.9529032856225967 0.1005789712071419 0 0.2860095798969269 0.2836947739124298 0.4763550162315369 0 0 0 0.4986419528722763 0 1.265007704496384 0.1141961514949799 0.1974031403660774 0.5554625988006592 0.8599629253149033 0.1339047253131866 0 8.709371380507946 6.623391821980476 0 0.2984215021133423 0.4720191061496735 47.43427643924952 6.944544963538647 37.1892810985446 4.272019244730473 0.8987943381071091 0.402608260512352 0.2085565775632858 0 0.1932066082954407 1.060576289892197 0.7350341379642487 0.327606737613678 1.221552908420563 1.693767495453358 0 0 0.2696965783834457 1.578890487551689 1.036869458854198 0 0 0 3.290640756487846 3.922179147601128 2.452725440263748 0.9210164919495583 1.823818698525429 45.98307660967112 4.969238199293613 0 0 0 0.1980231702327728 0 0.2642088830471039 0 0 133.7914798855782 4.299707874655724 0.5192252397537231 0.3440953344106674 0 50.37012749165297 5.33538231253624 33.54402849823236 3.662497900426388 6.02397482842207 1.658749297261238 0.09722042083740234 0.8335837498307228 0 0 0.2356248795986176 0.1630525588989258 0 0 0 0 94.42444761097431 24.63128025829792 27.76881092041731 141.2865964397788 6.697073578834534 58.85990976542234 38.94868487119675 126.2818045839667 5.798208981752396 0.9411449953913689 14.26443257182837 31.39724869281054 0.1022530272603035 10.0756039172411 3.41521342843771 46.29642808437347 0.1714371144771576 0 0.7901833355426788 4.048582687973976 0.8165561109781265 428.4676595404744 126.5380979478359
328.5740916877985 349.852297976613 176.5246052518487 732.2272210121155 1362.488959617913 87.33874628692865 3446.043692007661 131.6474936977029 1135.223287448287 5157.827709935606 1844.680758088827 1861.967878736556 2675.828685678542 5686.871952809393 23.58706384152174 36.27171974629164 2.386794082820415 0.1446745246648788 0.1427295356988907 0.7557826861739159 4.598626479506493 5.836596012115479 1.167987048625946 1.206145972013474 2.523031026124954 2.136659368872643 2.725123524665833 3.671179831027985 4.744443990290165 1.415195517241955 40.26084391027689 40.69117093831301 498.7908812090755 2.663568720221519 1.736261911690235 2.23363433778286 1102.573738619685 36.31675953418016 25.9769496396184 8.511604622006416 7.131302013993263 2.952017247676849 0.2455062866210938 1.464014984667301 0.2152197286486626 0.2287686094641685 61.65756710618734 0.4231065139174461 0.2210629358887672 0.1956247836351395 0.6435898393392563 6.778326809406281 9.104956619441509 2.387209944427013 0.3123794794082642 1.229093745350838 4.541346102952957 20.980175152421 3.01800262928009 4.972603373229504 1.24866010248661 23.52279560267925 0.2698271870613098 35.35340684652328 0.2554501444101334 0.2659916505217552 0.1187328174710274 0.3850852027535439 0.7910482063889503 1.350635536015034 652.160736143589 12.20181671530008 1.035092435777187 14.07552795857191 15.21269045770168 39.07048708945513 53.40701945871115 17.15907148271799 2.323571510612965 517.0413185060024 0.8382948562502861 8.366690970957279 1.189279079437256 0.1029616221785545 0.6808610409498215 0.1989173144102097 0.1755462363362312 0.1195432543754578 0.2224752902984619 0.2478424459695816 0.3465638607740402 2.299746431410313 4.077558413147926 0.9767177328467369 4.368396021425724 586.5643410012126 84.90896262228489 1.287603236734867 11.01759312301874 47.92750992625952 2.434927180409431 11.46895704418421 61.31212970614433 18.77808510512114 14.71804391592741 147.3699488714337 16.05442326515913 95.07652597874403 96.11587185412645 115.9131026044488 28.34615433961153 192.4355237185955 105.8670320287347 66.67197418957949 38.701685346663 0.628757581114769 0.2029200792312622 0 0.2557151317596436 0 0 0.5995418503880501 0 0.1305920332670212 0.2348101809620857 0.1301721483469009 0 1.844623133540154 0.6048606485128403 0.1432046145200729 0.969118557870388 0 0.1564552634954453 0.2513213604688644 6.475480549037457 4.994342811405659 0 0.4008982181549072 0.406365767121315 51.21582701057196 6.106951043009758 36.15092365443707 4.740647323429585 0.6584615632891655 0.2284778505563736 0.1804690957069397 0.1082661375403404 0 1.050075508654118 0.1725597381591797 0.1654191315174103 1.687353909015656 2.464794747531414 0 0 0.2917389720678329 0.6794395446777344 0.8930140510201454 0.9514297544956207 0.3217916488647461 0 0.3571345508098602 3.902575224637985 0.5092200338840485 1.29841011762619 2.333237081766129 49.4291278719902 3.217140182852745 0 0 0 0 0 0 0 0.2687323242425919 130.5492763891816 1.405971810221672 0 0.1898445785045624 0.09880667924880981 43.00676564872265 8.21375647187233 38.20534420013428 2.772943489253521 7.243021316826344 2.039301954209805 1.550041817128658 1.033832095563412 0 0 0 0 0 0.09735900908708572 0 0 111.0181616097689 21.39089746028185 29.69246956706047 236.696755208075 6.56107784062624 87.23407833278179 67.83066272735596 91.3376492112875 11.69600315392017 1.338260471820831 21.43968285620213 22.39333812892437 0.449643075466156 9.882896855473518 3.850996598601341 38.22231739759445 0.5046686381101608 0 0 9.210165962576866 1.981228858232498 283.1489945575595 89.29248227924109
