381.1094335317612 2568.146496623755 469.1347047910094 1017.721582882106 73.89857559651136 90.87806259840727 1902.792162030935 51.85487665235996 147.0611070916057 580.4655934646726 183.8380059525371 180.5685871914029 400.572164081037 272.5464439019561 1.144783191382885 0.6528155505657196 0.09814419597387314 0 0 0 0 0 0 0 0.5844540148973465 0 0 0 0 0 716.1033836752176 7.988042213022709 0.3517014011740685 0 0 0 0.3197359442710876 0 0 0.2535442188382149 0 0 0 0.1909584105014801 0 0 10.71788594126701 0.2959484159946442 0.1042648181319237 0 0.1911956593394279 0 0 0 1.000244200229645 3.326984472572803 92.13003128021955 505.8799485713243 6.68782315403223 10.57606638967991 0.1497061103582382 0 0 12.94254213571548 0.4046904668211937 0.7208967730402946 0.4068150967359543 0.1668430492281914 0 0 3.437345333397388 0.1415641754865646 0 55.77369163185358 18.85182192921638 23.42454124987125 2.045319944620132 0.3240742310881615 0.6889568716287613 3.133049473166466 0.6438406184315681 0.6869879737496376 1.603314369916916 0.1991269960999489 0.5120421499013901 0.4151684567332268 0.08147140592336655 0.0756218209862709 0.2542200982570648 0 0 0 0.08271306753158569 0 0 14.01789798587561 0.09654562920331955 0 0 889.5059555545449 0.4116604700684547 0.09238652884960175 2.362713932991028 0.6141295582056046 0 2.702285259962082 1.079271256923676 4.422399669885635 10.23339971899986 8.785605080425739 2.08207656443119 9.08077584952116 2.691171921789646 6.739424899220467 2.274084359407425 0 0 0 0 0 0 0 0 0 0 0 0 0 0 0 0 0 0 0 0 0 0 0 0 0.4843301326036453 0 0.495631605386734 0.1595869064331055 0 0 0 0 0 0 0 0 0.1294141858816147 0 0 0 0 0 0 0 0 0 0 0 0 0 0 0.6971011310815811 0 0 0 0 0 0 0 0 0 2.01994926482439 0.7026702240109444 0 0 0 0.7007372155785561 0 0 0 0 0 0 0 0 0 0 0 0 0 0 0 5.87161997705698 0.1220453754067421 0.0917077511548996 63.49473383277655 0.7564946711063385 29.28458251804113 7.831470794975758 735.4727095589042 3.33201177418232 2.188315771520138 0.992907352745533 1.077733665704727 0 0.2072210013866425 0 6.39166733622551 0 0 0 0.359815888106823 0 253.952932536602 6.065267108380795
2568.146496623755 2030.608758881688 2017.066281467676 989.1657291799784 2231.575801692903 161.7202681154013 3969.194034650922 342.4177664741874 2756.785866297781 561.4264794588089 988.4311794340611 134.6055942624807 857.4232736006379 1783.173644289374 21.52880139648914 3.917396865785122 1.149140149354935 0.215928390622139 0.2456493377685547 0.4200867190957069 0.1396985203027725 0.1140460968017578 0 0.1087842136621475 0.1406906694173813 0 0 0 0 0 2126.642683535814 98.24064293503761 5.799893774092197 0.4086107388138771 0.2838977947831154 0.2679639160633087 5.875495441257954 0.8953345119953156 0.3920191898941994 0.9636595547199249 0 0.2421464622020721 0.1947505176067352 0.4488982185721397 0.1225025579333305 0.4390663802623749 162.3948455601931 2.584753066301346 0.3526932820677757 0.3123357146978378 0.6571681052446365 0 0 0.09473571181297302 7.667278595268726 15.38760807365179 135.8351986482739 948.1459026858211 23.92691449820995 78.06140352040529 1.078290946781635 2.07800517231226 0.08894442766904831 112.9591397941113 4.261425957083702 3.364782616496086 2.076470717787743 1.382716879248619 0.4530898556113243 0 12.52042201906443 0.4975279569625854 0 297.3802683874965 121.9032658487558 197.8339073210955 34.11449594795704 2.693163461983204 9.05486922711134 26.96002233028412 1.922325000166893 7.185711622238159 7.085725001990795 0.5858529806137085 4.840671889483929 3.331650212407112 1.292639128863811 0.3452400788664818 1.823426812887192 0.07493986934423447 0.7865141704678535 0 0 0.1294947564601898 0.1004428565502167 50.32225935906172 0.4276950806379318 0 0.6410504207015038 792.8829384446144 1.083195254206657 0.3807366192340851 5.105183817446232 1.964655973017216 1.170344546437263 8.697275660932064 3.034123696386814 9.736275672912598 14.64290813356638 31.8539519906044 10.29286310821772 56.30036563426256 12.58861517906189 37.95184586942196 26.54634512215853 0 0 0 0 0 0 0 0 0 0 0 0 0 0 0 0 0 0 0 0.2384689152240753 0.3807110041379929 0 0 0 10.01468420773745 0.2540832459926605 3.719670325517654 0.2330059185624123 0 0 0 0 0 0 0 0 0.2221845164895058 0.2104189693927765 0 0 0 0 0 0 0 0 0.2156083509325981 0 0 0.1987434253096581 0 2.91102334856987 0 0 0.1205166876316071 0 0 0 0.2070071920752525 0 0 15.62344820052385 0.4641803577542305 0 0.112491637468338 0 8.207035526633263 0 0.4514778256416321 0 0.1115795373916626 0.1005804315209389 0 0 0 0 0 0 0.1326090693473816 0 0 0 40.53756403923035 1.044823832809925 1.126882456243038 323.9801084846258 11.93392283469439 297.6535352803767 73.7172714844346 786.4370801150799 27.00945713371038 7.361409731209278 20.92612916976213 6.729219190776348 0.1750448942184448 0.715364083647728 0.328559547662735 21.74929201602936 0 0 0 7.614110581576824 0.2697831988334656 312.4564842283726 41.21739917993546
469.1347047910094 2017.066281467676 725.7885304093361 6.447304368019104 1075.776652164757 17.08047737181187 268.2858152315021 1337.70988882333 1627.215541347861 2.76542180031538 3899.604944184422 4.286355949938297 148.3902688100934 1589.065661139786 5.810770712792873 3.218478828668594 0.1013050153851509 1.199965633451939 0 2.199677936732769 5.275577560067177 0 2.172349408268929 1.204121440649033 0.2957136929035187 0 0 0 0 0 4280.828407332301 342.8281894698739 14.50364300608635 2.473158925771713 3.112133078277111 0.5837521180510521 3.097443699836731 1.053841516375542 0.1454364657402039 0.5301464796066284 0.7546625733375549 0.7883106470108032 0.5080246329307556 0.2699048742651939 0.1760794073343277 0.1540237963199615 28.52942855656147 0.1749107837677002 0.3715757057070732 0.5157072693109512 0.2207131609320641 0 0.1388270109891891 0 1.66922078281641 2.37788924574852 37.7844280898571 390.0286045596004 5.615674264729023 13.41099404543638 3.407691180706024 4.767861992120743 0.1515194922685623 73.56749353557825 0.9818541407585144 0.5564233437180519 0.5632492527365685 0.1384226232767105 1.062345154583454 1.509366795420647 11.30828159302473 1.229458957910538 0 61.2376164495945 29.72773648798466 36.60275855660439 8.729093700647354 2.265367813408375 3.090644679963589 426.9864898622036 0.9510826990008354 20.68335969001055 1.353612080216408 0.1637081056833267 0.8859152495861053 0.2213101983070374 1.301117405295372 0 0.1805324628949165 0.09773659706115723 0.2736214771866798 0 4.561622425913811 1.191535033285618 0.6327094361186028 18.76545859873295 2.359046757221222 0 0.5782175362110138 384.2045339792967 0.09923189878463745 0.6630421280860901 0.204499863088131 0 0.2530870139598846 0.8066753074526787 0.1066290885210037 0.6250412240624428 0.5876401662826538 3.637517839670181 1.422287046909332 5.796076379716396 1.63651330769062 5.225513637065887 6.149782419204712 0.172884926199913 0 0 0 0 0 0 0 0 0 0 0 0 0 0 0 0 0 0 0 0.5744454264640808 0 0 0 4.025148406624794 0 3.81172887980938 0.9575135111808777 0 0 0 0 0.1113618314266205 0 0 0 0.3321261703968048 0.1054158061742783 0 0 0 0.382287859916687 0 0 0 0 0 0 0 0 0 2.274507239460945 0.07995215803384781 0 0 0 0 0 0 0.1388428211212158 0 6.215867906808853 0.3802579492330551 0 0 0.2692971751093864 1.906953275203705 0.1160690039396286 0 0 0 0 0 0 0 0 0 0 0 0 0.2711192145943642 0 13.71247776597738 1.313873261213303 1.348790600895882 56.39743304997683 2.556935593485832 56.03575250506401 15.9069090038538 99.95696960389614 4.308658018708229 1.114284925162792 3.758215114474297 1.728688888251781 0 0.8906980231404305 0.4957516044378281 2.345599018037319 0 0 0 0.6981887370347977 0.1234783157706261 35.90343418717384 4.448011241853237
1017.721582882106 989.1657291799784 6.447304368019104 651.8890270963311 10.51073945313692 152.8895885869861 2513.334746494889 2.043003164231777 14.60981614142656 1834.686757028103 1.814410775899887 1298.100852757692 1645.971106387675 99.52816578000784 1.1257703602314 0.8233240246772766 0 0 0 0 0 0 0 0 0.2748608887195587 0 0 0 0.1230066567659378 0 106.9193912893534 0.5579117462038994 1.315674312412739 0 0 0 2.334924422204494 0 0.2895074933767319 0 0.1559256464242935 0 0 0 0 0 5.217384934425354 0.2145053520798683 0 0 0 0 0 0 0.4594968110322952 0.8272805586457253 20.33495836704969 96.36413466185331 2.37118598818779 2.077984109520912 0.144030973315239 0 0 3.386973597109318 0.1638789400458336 0.1695341095328331 0 0.1912241131067276 0 0 10.6853529214859 0.3239676207304001 0 12.3075574785471 4.37347473949194 4.729129061102867 1.43395409733057 0.2250881791114807 0.1949414312839508 0.1902347579598427 0.08716123551130295 0.1881886497139931 0.22466841340065 0 0.08869706094264984 0 0 0 0 0 0 0 0 0 0 38.4105731099844 0.3484254479408264 0 0 370.0857486501336 0.5470993220806122 0.3118327260017395 8.938847102224827 11.38533078879118 0 4.580932781100273 2.81229767203331 8.169146507978439 74.06937515735626 13.84353134036064 0.7652093470096588 12.74444763362408 1.644763521850109 7.176088571548462 3.47633121162653 0 0 0 0 0 0 0 0 0 0 0 0 0 0 0 0 0 0 0 0 0 0 0 0 1.160545729100704 0 0.7778939083218575 0.2214520424604416 0 0 0 0 0 0 0 0 0 0.09761473536491394 0 0 0 0 0 0 0 0 0 0 0 0 0 0.2122401669621468 0 0 0 0 0 0 0 0 0 2.886754460632801 0.2023308873176575 0 0 0 1.49990676343441 0 0.3580677509307861 0.1328564584255219 0 0 0 0 0 0 0 0 0 0 0 0 7.564896151423454 0 0.3898389041423798 35.74189573526382 0 10.07452689856291 2.915199279785156 420.5932123586535 1.238307543098927 0.2234736755490303 1.131474755704403 3.135561570525169 0 0.1341000497341156 0.3017449006438255 12.11618381738663 0 0 0 0 0 171.482573106885 13.97749071568251
73.89857559651136 2231.575801692903 1075.776652164757 10.51073945313692 1016.07134604454 4.355638429522514 671.5369262173772 287.8700302541256 3017.989079006016 19.784907579422 1100.453433595598 11.16513384878635 218.1311054229736 1820.382824063301 14.77025661617517 3.146529540419579 0.5197870433330536 0.2345717921853065 0 0.2627173140645027 0.1201922371983528 0 0.1001807823777199 0 0.3755617812275887 0.2627919539809227 0 0.1056588143110275 0 0.1213240996003151 242.8401081934571 49.83821696788073 1.917116075754166 0 0 0.1199720278382301 2.700401626527309 1.433129087090492 0.2206020578742027 0.2450372651219368 0.2165172398090363 0 0 0.4545475691556931 0 0.1042902171611786 76.06543757021427 1.686445839703083 0.09983795136213303 0 0.2983483895659447 0 0 0 2.50843370705843 3.736444741487503 22.26725873351097 128.8368502110243 6.516981795430183 24.01230456680059 0.8343031033873558 0.3910612165927887 0.09421232342720032 39.8087647408247 1.38332787156105 0.9777587428689003 0.7075005695223808 0.5627496913075447 0 0 9.835230201482773 0 0 71.60159149765968 29.62005459517241 72.89600763469934 18.76522180438042 1.786874689161777 4.459350183606148 24.68688344582915 0.9276615604758263 2.686970479786396 2.045473918318748 0.08145850151777267 1.303916595876217 0.6645729765295982 0.2985789999365807 0.2734682485461235 0.5419963896274567 0 0.09210953861474991 0 0 0.08582789450883865 0 12.4927226677537 0.7960321083664894 0 0.5563488602638245 33.16520097851753 0.3626266866922379 0 3.366346567869186 0.9682940468192101 0.4336385503411293 2.806578122079372 1.443085834383965 6.609807230532169 3.373986184597015 17.41196738183498 3.740449897944927 28.61074451357126 9.301451295614243 21.25853078812361 13.67101622372866 0 0 0 0 0 0 0 0 0 0 0 0 0 0 0 0 0 0 0 0.119848906993866 0 0 0 0 5.01536563038826 0 2.859127186238766 0.1023151278495789 0.2714510262012482 0 0 0 0 0 0 0 0.1196100264787674 0.2305684313178062 0 0 0 0 0 0 0 0 0.07756238430738449 0.1353638619184494 0 0 0 1.853485777974129 0 0 0 0 0 0 0 0 0 10.33964148908854 0.5146383419632912 0 0 0 4.602413065731525 0 0 0 0 0.09534750133752823 0 0 0 0 0 0 0 0.1216569989919662 0.270199254155159 0 26.97911623865366 1.057121731340885 1.306196108460426 168.9228856116533 3.207908019423485 125.5549053028226 32.73100423812866 89.81238444149494 10.0985709503293 2.431769400835037 11.77249627560377 4.599064916372299 0 0.1187325641512871 0 10.01547343283892 0 0 0 3.819418236613274 0 68.64567689597607 21.04614609479904
90.87806259840727 161.7202681154013 17.08047737181187 152.8895885869861 4.355638429522514 5.911791682243347 112.6879667565227 2.908615924417973 6.478577837347984 278.7193419411778 7.628724902868271 83.60535099357367 120.4799114912748 47.79671713709831 0.1949657127261162 0.3427479937672615 0 0 0 0 0 0.7696685492992401 0 0 0 0 0 0 0 0 95.77929116040468 0.3858068138360977 8.373664930462837 0 0 0 7.586731880903244 0 0.6676289588212967 0.3257172107696533 0 0 0 0 0 0 0.6850825548171997 0.08649973571300507 0 0 0 0 0 0 0.08793548494577408 0.1630125641822815 246.4766854196787 29.60091508179903 8.794727951288223 0.1012802943587303 0 4.219656988978386 0 0.122389905154705 0 0 0.2993442863225937 0 0 0 92.47247070074081 25.40329349040985 0.221424475312233 1.012263782322407 0.2877800762653351 0.2950977385044098 0 0 0 5.092293694615364 0 4.123904392123222 0 0.7933280169963837 0 0.1501221358776093 0.139383852481842 0.7821909189224243 1.093659520149231 1.63525778055191 0.5527404397726059 0 0 0 0.5592305660247803 217.1267514228821 21.54015688598156 0.5258914232254028 6.898207619786263 449.5365334451199 0 0 2.976616248488426 0.1418821513652802 0 3.238189190626144 1.243387565016747 5.594488576054573 3.770013809204102 8.832141742110252 0.8656326234340668 14.44248170405626 1.892654553055763 7.382159642875195 2.849288731813431 0 0 0 0 0 0 0 0 0 0 0 0 0 0 0 0 0 0 0 0 0.1168205887079239 0 0 0 0.2156904339790344 0 1.278792530298233 0.1277239769697189 0 0 0 0 0 0 0 0 0 0 0 0 0 0 0 0 0 0 0 0 0 0 0 0.9119613170623779 0 0 0 0 0 0 0 0 0 0.6056722849607468 0 0 0 0 1.223518967628479 0 0 0 0 0 0 0 0 0 0 0 0 0 0 0 4.163540959358215 0 1.037653222680092 94.77785223722458 0.5114027261734009 1.182846643030643 2.228789284825325 634.4207427874207 4.195023477077484 0 2.039049081504345 12.18421792984009 0 0 0 20.71975606679916 0 0 0 0 0 237.9496769234538 14.55808666348457
1902.792162030935 3969.194034650922 268.2858152315021 2513.334746494889 671.5369262173772 112.6879667565227 1184.010196216404 76.93241932243109 802.6181450337172 881.5702437087893 314.7454622760415 89.00797161459923 4334.572548240423 1694.033350989223 18.96999680995941 6.652394577860832 0.5948493257164955 0.0999842956662178 0.09511144459247589 0 0.3286803066730499 0 0.5459320768713951 0.2843151167035103 0 0 0 0.3367713540792465 0 0.09965705871582031 362.1370018199086 55.2241492792964 6.371777750551701 0.5003452077507973 0.1964783519506454 0.3325827941298485 7.831945173442364 1.510841138660908 1.229912139475346 0.08211465179920197 0 0.0922132134437561 0 0.6392743438482285 0.1117437779903412 0.3743633553385735 119.2870397791266 1.600817121565342 0.2716062590479851 0.4881271570920944 0.3011337071657181 0 0 0.453716367483139 3.491720877587795 7.452890276908875 65.11604584008455 413.0992933139205 11.84331951290369 46.92824140191078 0.9025746807456017 0.7480978146195412 0.6891678720712662 54.20564058423042 1.755204617977142 0.7583035603165627 1.086178131401539 0.2521298006176949 0 0 18.81380085647106 0.3525710105895996 0 154.763869613409 59.68328627943993 120.3365146443248 24.64786171913147 3.250009082257748 4.938560038805008 17.4070534594357 0.9304441884160042 3.724822662770748 4.800503812730312 0.1915934309363365 1.632036551833153 1.479627825319767 0.4053116515278816 0.3285428583621979 1.319978326559067 0.1001247763633728 0.4657333344221115 0 0 0.1107931137084961 0 64.36613434553146 1.192689791321754 0 0.5385889634490013 353.2965059354901 1.368370600044727 2.552614837884903 41.30877722799778 47.15031769126654 2.944687344133854 69.18656432628632 19.42624246329069 36.44800468534231 43.02609616518021 91.14412394911051 15.1363363340497 246.2384051084518 43.74548471719027 85.48966631293297 55.94188840687275 0.4277275875210762 0 0 0 0 0 0 0 0 0 0 0 0 0 0 0 0 0 0 0.6868144795298576 0.1189863085746765 0 0.1597258746623993 0 11.22736854851246 0 5.744506195187569 0.3163106068968773 0 0 0 0 0.1110768765211105 0 0 0 0.4232540279626846 0.6413034796714783 0 0 0 0 0 0 0.1973856538534164 0.0694349929690361 0.08655231446027756 0.1762087643146515 0.4335694685578346 0 0.1053240150213242 4.451180376112461 0 0 0 0.1181672886013985 0 0 0 0 0 24.23458722233772 1.755076982080936 0 0 0 15.34877619147301 0 0.5999606773257256 0.7420620918273926 0.436474546790123 0.1552774906158447 0 0.09297320991754532 0 0 0 0.1308424323797226 0 0 0 0 80.71431386470795 2.790611736476421 2.7302271053195 321.9249071329832 7.83724794536829 222.2228781357408 58.95775938779116 582.0556278899312 23.61372040957212 4.911457657814026 18.49234030395746 19.69934193044901 0.1393577605485916 1.594734251499176 0.3037488609552383 40.18053874373436 0.09123006463050842 0.09548541158437729 0.1168922483921051 6.907901793718338 0.1796023547649384 473.5020382329822 98.32549135386944
51.85487665235996 342.4177664741874 1337.70988882333 2.043003164231777 287.8700302541256 2.908615924417973 76.93241932243109 1531.906049668789 988.0061124712229 2.709549970924854 3760.22347638011 7.526291839778423 249.3569281026721 2345.487805914134 71.95671421289444 47.4059566706419 20.65935801714659 24.15434530377388 3.355284042656422 49.96451253443956 62.35353656858206 0.5794766396284103 55.22736805677414 26.85512021929026 8.656379446387291 3.744622983038425 1.65973175317049 2.331783182919025 1.159157291054726 0 3925.948013469577 3749.834663636982 217.0384110659361 62.29447440803051 51.17222152650356 11.84602004289627 64.06974667310715 76.85501356422901 2.94211234152317 5.079458437860012 13.84477765113115 9.204150006175041 25.21049229055643 16.6036155372858 7.195338852703571 31.5926224514842 208.9884379953146 9.483379043638706 17.25625863671303 33.37738449126482 15.03250964730978 0.6573036015033722 0.4494694173336029 0.9585102647542953 5.138427048921585 8.842372819781303 67.16073241829872 595.2578836679459 17.37777615338564 44.03727775812149 323.1126456782222 475.7812031656504 16.64964767545462 821.1487247571349 3.5325533375144 5.673040583729744 2.618078127503395 12.1560266315937 28.95622803270817 36.14366137236357 57.93744824826717 13.02164403349161 0.713795393705368 191.1249184161425 231.6569566056132 212.9457464255393 147.9807358533144 480.2421575784683 786.1742600724101 3125.940663740039 267.0333918705583 1503.313440866768 7.434421867132187 0.431022472679615 3.399631045758724 1.976668171584606 14.24804376065731 0.5334545448422432 1.604859083890915 0.3605807274580002 7.123898908495903 3.485134266316891 33.4385586604476 17.71912759542465 10.8705703318119 25.92287398129702 7.379595920443535 0.3542260676622391 3.30463133752346 177.8796807676554 1.06665413081646 0.4263281673192978 1.401459813117981 0.1073620244860649 0.4867191091179848 0.6606995388865471 1.03333256393671 2.520122088491917 1.822934426367283 6.954199403524399 2.200425490736961 8.195655643939972 4.109331332147121 11.76162179559469 19.73367788642645 0.6009881123900414 0.2927586585283279 0.27753746509552 0.09249134361743927 0 0 0.2278797775506973 0 0 0 0 0 1.606040135025978 0 0 0 0.126119926571846 0 0 0.09219896793365479 0.4273293241858482 0 0.790219634771347 0.4619186222553253 22.6655505001545 1.445961408317089 18.11937058717012 8.409967377781868 2.716909535229206 0 0 0 0.09329596906900406 0.9180236384272575 0.3489186838269234 0 0.3147694244980812 0.9665222987532616 0 0.37223981320858 1.462418757379055 0.7722769379615784 0 0 0 0 0.1027900278568268 1.317901104688644 0 3.476301044225693 1.267824351787567 6.949617676436901 0 0 0.1114025712013245 0.2340034246444702 0.1283490806818008 0.2990129217505455 0 0.5973257720470428 1.552228197455406 17.76206563413143 8.148236632347107 0 0.3336558640003204 0.7528916522860527 7.552407413721085 0.5803505033254623 2.303788527846336 0.8981922939419746 0.2120802253484726 0.2306183055043221 0.1218832284212112 0.3161528557538986 0 0 0 0.1356607228517532 0.3769679367542267 1.203304126858711 0.1942696124315262 0.5370206385850906 24.63028880953789 10.64840715378523 19.05498613417149 379.1582510992885 37.5434352979064 357.9665468856692 128.9416929036379 107.2910358682275 15.41536600887775 5.408147923648357 27.20510629564524 11.11698915064335 1.101294562220573 3.599968582391739 0.5473800301551819 7.48886901140213 0 0 0.09693923592567444 13.72830929607153 0.9435732364654541 54.15062696486712 14.87816569954157
147.0611070916057 2756.785866297781 1627.215541347861 14.60981614142656 3017.989079006016 6.478577837347984 802.6181450337172 988.0061124712229 1244.056369401515 23.25535041093826 2065.38294275105 18.15605990588665 547.2286230400205 2140.442780651152 16.42583093047142 3.144220344722271 0.5220380052924156 0.09937819838523865 0 0.1941321343183517 0 0.4277771860361099 0 0.1321328729391098 0 0.109897680580616 0.1203880310058594 0.1141244769096375 0 0 761.0761337205768 55.21710849553347 1.96220426261425 0.4116885140538216 0 0.4436783865094185 2.916144572198391 0.6679899990558624 0 0.3256660476326942 0 0 0 0.5593287348747253 0 0.09027703851461411 75.98008540272713 1.438971519470215 0 0.1989536881446838 0.090604268014431 0 0 0 1.597435861825943 4.116544432938099 19.47329353541136 126.239267103374 5.146781295537949 22.27746101468801 1.165986232459545 1.272937953472137 0 34.58179415017366 1.243689171969891 0.4154719561338425 0.7340887263417244 0.1701973229646683 0.09708023816347122 0 4.640663489699364 1.03327576816082 0 63.18243413418531 35.01502433419228 63.62492221593857 17.03720342367887 2.725336715579033 1.869638785719872 33.73368053138256 0.7596123814582825 1.739838808774948 2.488208591938019 0.2204010039567947 1.91163083165884 0.7830175086855888 0.1699357703328133 0.08698589354753494 0.4469830542802811 0 0.08114966005086899 0 0 0 0.1162605211138725 13.36902841180563 1.32809816300869 0 0 45.57050023972988 0.2752289995551109 0.559014305472374 2.602471590042114 2.037626251578331 0.8275920152664185 3.766935780644417 3.236508689820766 5.229843273758888 6.80321004986763 13.51820046454668 1.832342065870762 29.31321275234222 7.502315402030945 24.46828906238079 13.80544462054968 0.1108946800231934 0 0 0.6950240135192871 0 0 0 0 0 0 0 0 0 0 0 0 0 0 0 0.2619571164250374 0.09571179747581482 0 0 0 5.251842886209488 0 4.581283040344715 0.3401184529066086 0 0 0 0 0 0 0 0 0.1231145337224007 0.0809578076004982 0 0 0 0 0 0 0 0 0 0.1624453067779541 0.135553240776062 0 0.1067225337028503 2.173730924725533 0 0 0 0 0 0 0 0 0 9.331817321479321 0.9932412281632423 0 0 0 4.834674574434757 0 0 0 0.1899509876966476 0.4063381254673004 0 0 0 0 0 0 0 0 0 0 32.21754282712936 0.8810072094202042 1.215918183326721 169.0159131512046 4.416207365691662 120.7475100681186 31.60121307522058 94.47982037812471 9.435584142804146 1.419977478682995 13.38662613928318 5.239270932972431 0 1.00912319868803 0 6.835150182247162 0 0 0 5.420950889587402 0.2328997254371643 77.27997466921806 20.23507691174746
580.4655934646726 561.4264794588089 2.76542180031538 1834.686757028103 19.784907579422 278.7193419411778 881.5702437087893 2.709549970924854 23.25535041093826 1188.100942313671 3.947447381913662 2416.073634207249 10347.73365710676 697.6047415882349 6.835536248981953 1.895722605288029 0.2189334332942963 0 0 0 0 0.1888869255781174 0.2040946334600449 0 0.55125542730093 1.780985414981842 0 0.1786659061908722 0.1697987616062164 0.1523811221122742 62.99726445972919 1.20612470805645 45.68610303103924 0 0 0.3192163705825806 99.6750370785594 4.696133747696877 3.894033044576645 0.993917390704155 0.154191717505455 0.4034668058156967 0 0 0 0.1785715967416763 14.10019648820162 0.2754969000816345 0 0 0 0.3681531548500061 0 0.1315897852182388 0.3101755678653717 0.6994444951415062 94.12868199497461 105.7743579149246 5.511531941592693 2.585343405604362 0.6024157404899597 1.810435563325882 0.2715989053249359 3.770799413323402 0.2837057039141655 0.1102372705936432 0.1914615631103516 0.1732743382453918 0 0.6587548851966858 917.7130026966333 6.316160842776299 0 15.18577549606562 7.635807573795319 6.529896266758442 3.669975876808167 1.22550193220377 0.08373454213142395 2.003296859562397 0.3907414823770523 0.1870245486497879 0.5252190977334976 0.079240582883358 0.2610949128866196 0 0 0 0.213183768093586 0.1410899609327316 0 0 0.5263844579458237 0.08710318058729172 0 397.5803837254643 50.9948890209198 0.4684780240058899 19.93804451823235 730.9804140254855 1.532006457448006 0.8439297303557396 28.92094978690147 21.74307904392481 4.145962178707123 41.06169734150171 26.81733479350805 65.90506383031607 63.93429152667522 145.7771898880601 29.56390938162804 233.8893207162619 77.95948854088783 204.0333346351981 79.72064982354641 0.3282083421945572 0 0 0 0 0 0 0 0 0 0 0 0 0 0 0 0.1940309107303619 0 0 0.357595220208168 0.2727216333150864 0 0 0 18.7396080866456 0 7.386061109602451 0.3645986393094063 0 0 0 0 0 0 0 0 0 0.3045511767268181 0 0 0.1107567399740219 0 0 0 0 0 0 0.3746665492653847 0.1350400298833847 0.4700812995433807 0 6.462558448314667 0 0 0.1584429889917374 0 0 0 0 0 0 43.7037273272872 3.626608341932297 0.1052443236112595 0 0 19.62170016020536 0 0.6549385040998459 0.4719248190522194 0.4712393581867218 0 0 0 0 0 0 0 0 0.0962425023317337 0 0 169.2560482248664 2.888219848275185 3.941985212266445 137.3510003015399 1.229376755654812 23.77935720235109 10.14671371877193 1275.647237256169 2.229443751275539 0.3849150240421295 4.599622912704945 17.24104698747396 0.2091406583786011 1.865601688623428 0 82.97659187763929 0.2300606593489647 0 0.148701936006546 0.3837792724370956 0 1792.751061476767 239.9657216668129
183.8380059525371 988.4311794340611 3899.604944184422 1.814410775899887 1100.453433595598 7.628724902868271 314.7454622760415 3760.22347638011 2065.38294275105 3.947447381913662 1397.013440974057 22.95573011040688 1183.670242093503 5596.054773613811 18.48590616136789 8.510687090456486 0.7114054262638092 0.1385091245174408 0 0 0.3956628739833832 0 0.5225572139024734 0.8601587116718292 0.1660609394311905 0.1601428240537643 0 0 0 0.19302649050951 2086.026926554739 333.8746725693345 212.1584248244762 0.4033703655004501 1.052252240478992 0.2280448898673058 18.04325134307146 3.425927117466927 0.3159253969788551 0.3219102248549461 0.1837454289197922 0.1380250155925751 0 0.783629335463047 0.5035916939377785 0.1945652812719345 85.97549118846655 0.934208407998085 0.09636384248733521 0.387267179787159 0.6405427530407906 0.2489602416753769 0 0 2.569187201559544 3.644411645829678 26.31704107671976 196.3494661897421 5.756868958473206 21.19463849812746 1.978999838232994 3.313483595848083 0 65.99581936001778 0.8751221895217896 0.9573557898402214 0.5929543748497963 0.3315929844975471 0.3521465808153152 0.3439809083938599 10.20938857644796 0.1248139962553978 0 72.57367098331451 41.3759266808629 74.50765632092953 27.48475839942694 2.89775899797678 5.844035223126411 1304.485741324723 1.069495506584644 4.848096542060375 2.360955275595188 0.08501899242401123 1.215029634535313 0.4260338917374611 0.3786209598183632 0.116247296333313 0.1860413253307343 0 0.209982618689537 0 0.7413809597492218 0.1694129556417465 0 16.64169877767563 0.3789662271738052 0.2366311550140381 0.2734578102827072 135.1829265058041 0 0 1.188749209046364 1.070451468229294 0.5802331417798996 3.531100660562515 1.315662793815136 2.655806809663773 2.394506707787514 7.844761252403259 2.399534866213799 18.82066992670298 3.446433812379837 14.12869995832443 8.353258721530437 0 0 0 0 0 0 0 0 0 0 0 0 0 0 0 0 0 0 0 0.1332850456237793 0.5018740594387054 0 0.1273349076509476 0 3.643043957650661 0.4968410134315491 1.890827707946301 0.4498165920376778 0 0 0 0 0 0 0.2474288642406464 0 0 0.1114126294851303 0 0 0 0 0 0 0 0 0 0 0.2344660013914108 0 0 0.9715127274394035 0 0 0 0 0 0 0.1193190515041351 0 0 6.27112552523613 0.9762303903698921 0 0.2067427337169647 0.2365289330482483 2.334685571491718 0.1118466705083847 0.24290432035923 0 0.8009592592716217 0 0 0 0 0 0.2859565317630768 0 0 0 0.1249220818281174 0 22.44773680716753 1.280199028551579 0.3117950186133385 195.6447837725282 5.913732193410397 136.5250598788261 36.6518002897501 92.47625482082367 11.21015041321516 2.431567572057247 15.05368227511644 5.833882093429565 0 0.3707450032234192 0 5.217084869742393 1.071176648139954 0 0 7.48542732000351 0.3795023858547211 52.44419362396002 10.16605082154274
180.5685871914029 134.6055942624807 4.286355949938297 1298.100852757692 11.16513384878635 83.60535099357367 89.00797161459923 7.526291839778423 18.15605990588665 2416.073634207249 22.95573011040688 260.3734362944961 2030.316691361368 280.5622299015522 25.45723903179169 10.80657111108303 1.276980668306351 0.1229678690433502 0 0.1029603481292725 0 0.1194512099027634 0.09998995065689087 0.41109748929739 2.049970701336861 0.300697386264801 1.067377343773842 0 1.07059969753027 0.4150054901838303 21.22898867726326 4.680435329675674 41.98530367016792 0.108256533741951 0 0.5840317010879517 184.9359599351883 10.89022208750248 2.599970690906048 1.72853334993124 0.3474016934633255 0.6810583919286728 0 0.8435743749141693 0.08979436755180359 0.2678427249193192 39.52083969116211 0.7187032252550125 0.1228761821985245 0 0.08405575156211853 0.6868394017219543 0 0 0.6651655361056328 1.616687580943108 6.098620049655437 31.27997699379921 0.6351341605186462 6.206207640469074 0.4158163815736771 3.774099782109261 0.1322420090436935 7.90316079556942 0.1239846348762512 0.1289421170949936 0 0.1236242651939392 0.1338204741477966 0.4890451431274414 246.4214789494872 4.235994264483452 0 11.68840121477842 6.826383255422115 22.26442925632 17.56864849478006 3.086255729198456 1.324493318796158 7.973891206085682 0.6341397538781166 1.134855702519417 0.2836183235049248 0 0.1378565579652786 0.2840889170765877 0.1063441336154938 0 0.07878429442644119 0 0 0.4486651420593262 0.6536939442157745 0.07662761211395264 0.1485415995121002 291.7187557443976 14.41432802379131 0 5.723730236291885 61.49660006910563 2.181520000100136 0.6376583427190781 5.474976100027561 3.50441587716341 1.857160642743111 10.52045463770628 6.171838313341141 23.19456550478935 27.85908103734255 58.24185570329428 15.04359479248524 87.16431108862162 32.06359266489744 79.84867425262928 71.13833966106176 0.2549011707305908 0 0 0.8979955911636353 0 0 0 0 0 0 0 0 0 0 0 0 0 0 0 0.9448701366782188 0.6997803971171379 0 0.1284340471029282 0 23.39951491355896 0.244645781815052 15.19217623025179 0.6404478326439857 0.6099078804254532 0 0 0 0 0 0 0 0.4671164974570274 0.5945007279515266 0 0 0.1200979128479958 0 0 0.07727693021297455 0.2393265441060066 0 0.2204978466033936 0.7714076861739159 0.3475759029388428 0.252168208360672 0.197707012295723 6.354150913655758 0 0 0 0 0 0 0 0 0 50.40981631726027 3.248933978378773 0.07946724444627762 0 0 21.70862208306789 0.2037911415100098 0.6015885025262833 0.7131520956754684 0.2813709676265717 0.3782706558704376 0 0.2892526984214783 0 0 0.09428515285253525 0.09494917094707489 0 0 0 0 127.9464316442609 6.822664871811867 6.676070064306259 180.4107866883278 4.22149346768856 66.31591343134642 31.48612945526838 114.6080173924565 5.710162989795208 0.8913544043898582 17.12756124138832 10.84986107796431 0.302533745765686 3.058342188596725 0.3408931419253349 34.3244536742568 0.1257288157939911 0 0 4.702740199863911 0.1551986634731293 269.3240504935384 68.95235083252192
400.572164081037 857.4232736006379 148.3902688100934 1645.971106387675 218.1311054229736 120.4799114912748 4334.572548240423 249.3569281026721 547.2286230400205 10347.73365710676 1183.670242093503 2030.316691361368 1903.89395070076 4662.159400224686 77.42252250015736 43.49244101345539 3.480625100433826 0.09553594887256622 0.1750404983758926 0.3168796002864838 0.2809877917170525 0.2388183027505875 4.076902687549591 0.793269194662571 8.062121666967869 0.7433983981609344 1.34248012304306 1.461956813931465 1.427592523396015 1.304189637303352 276.4606765657663 48.3030798882246 509.4214461669326 0.5544819310307503 1.000126570463181 1.183111257851124 465.4011361002922 84.19145116209984 11.00268717855215 9.069950096309185 2.162734717130661 0.965709388256073 0 2.138637527823448 0.3069629222154617 0.6001868471503258 149.4874811545014 0.6538784727454185 0.9974217265844345 0.131917417049408 0.1970230787992477 0.7993039339780807 1.134098201990128 0.3391415327787399 1.449426859617233 3.514737695455551 24.85806312412024 117.6680353805423 5.766526989638805 24.63226164877415 2.05207521468401 25.96432886272669 0.3011422008275986 48.25811129063368 0.885743647813797 0.5645617097616196 0.9039202630519867 0.09735400974750519 0 0.7592862695455551 401.4530022218823 11.5084066092968 0 55.36515404284 31.70493826270103 86.576435290277 63.03706999868155 12.84314578771591 4.683555908501148 300.7904971018434 1.303537368774414 6.53909120708704 2.42378107458353 0 0.622793935239315 0.6738475635647774 0.08136025816202164 0.1509648412466049 0.3416722640395164 0.2339431345462799 0.11551633477211 0.4464531689882278 1.334995567798615 0.1062010750174522 0.3910804092884064 645.4913748651743 10.71166694164276 0.1537931710481644 8.990255795419216 153.5438463464379 3.157133638858795 1.964093625545502 27.17377376556396 8.280152708292007 3.633619248867035 31.56031867861748 12.40588010847569 43.22859812527895 115.7806687131524 101.4330375045538 26.92366725206375 194.3662005662918 49.36651912331581 152.1556776985526 109.1485754996538 0.4115596860647202 0.2258811593055725 0 0 0 0 0 0 0 0 0.7919698059558868 0 0.1507069021463394 0 0 0.1557293087244034 0 0 0 1.936685547232628 1.228813976049423 0 0.5879661440849304 0 42.74704733490944 0.1244884207844734 23.11943386495113 5.067380629479885 0.2476672902703285 0 0 0 0 0.4938944131135941 1.513906441628933 0 0.3802047967910767 1.040692158043385 0 0 0.5974072962999344 0.334972158074379 0 0.1807204708456993 0.1051802635192871 0 0.3052277714014053 0.9082706943154335 0.1193696409463882 0.5206117555499077 0.1159306764602661 13.48774536699057 0 0 0.1003309711813927 0 0 0 0.09742484986782074 0 0.148618221282959 71.81941288709641 6.465869851410389 0.2406311929225922 0.07974453270435333 0 34.47961913794279 1.181006401777267 1.861583769321442 1.335131831467152 1.341545060276985 0.5016591250896454 0 0.1083180233836174 0 0 0 0 0 0.1456736773252487 0 0 189.149477481842 15.29146579653025 10.81660857796669 568.6570359766483 11.1521223038435 255.7939827293158 100.7355405092239 349.7209630906582 16.3111300393939 2.383215993642807 40.51335076242685 23.44606778025627 0 5.379365742206573 0.5308837890625 74.21325828135014 0.2673211097717285 0 0.8033516779541969 16.36844978481531 0.5814142823219299 665.4234420061111 167.0719712078571
272.5464439019561 1783.173644289374 1589.065661139786 99.52816578000784 1820.382824063301 47.79671713709831 1694.033350989223 2345.487805914134 2140.442780651152 697.6047415882349 5596.054773613811 280.5622299015522 4662.159400224686 3527.444898307323 219.6436500996351 123.2255885601044 9.524318240582943 1.374546349048615 0.4008154794573784 0.9264339283108711 1.971582874655724 1.085564777255058 6.267066098749638 2.23366940766573 12.92329134792089 3.768663123250008 3.357316434383392 0.432223342359066 1.258965075016022 0.4729306772351265 1307.528854705393 377.9069695398211 1705.670370202512 3.658185251057148 3.947871923446655 7.230971746146679 895.2301255166531 186.4244418516755 7.925847083330154 15.51823911070824 4.792461350560188 1.391354508697987 1.250796303153038 9.370308011770248 0.4103163108229637 0.9956260845065117 431.3781432658434 2.14704617857933 2.11210323870182 0.8965013921260834 1.298521339893341 1.278885081410408 0.9645837545394897 0.9972697645425797 5.09739800542593 11.04274420067668 53.0842200666666 312.1293233782053 14.06735567003489 56.90045922249556 3.356930702924728 471.8089741021395 1.21753004938364 218.1607408672571 2.564656898379326 1.929976567625999 1.790444239974022 1.009151600301266 1.791969701647758 1.604661114513874 558.4344951361418 18.45321675390005 0.335377149283886 169.9858367219567 123.2671582475305 321.6110426299274 227.2826960012317 49.53072067350149 27.51413048058748 1454.603037085384 2.956779167056084 145.491984128952 5.216597385704517 0.2657958045601845 2.388743802905083 1.223710738122463 1.125499874353409 0.1744966804981232 1.802628219127655 0.969498798251152 0.5770566537976265 0.1808218657970428 4.617698825895786 0.2174888700246811 1.387615539133549 647.7744395881891 15.97329607605934 0.167695626616478 5.316199824213982 153.095031619072 2.380775690078735 1.637377828359604 18.70958714187145 11.23807716369629 1.880961000919342 36.10451839864254 17.26307860761881 49.06218928098679 44.3517387881875 123.8357987552881 40.20390487462282 220.468513019383 65.3389630317688 189.6516949236393 160.6935207694769 1.167001761496067 0.09159108251333237 0.2136868312954903 0.6176444068551064 0 0 0 0 0 0 0.1301748752593994 0 1.221461862325668 0 0.09244736284017563 0.3319030851125717 0.1265033781528473 0 0 1.85930123925209 2.36639615893364 0 0.316185362637043 0 68.47623211145401 2.058212734758854 48.8838718906045 6.117144122719765 0.8945549055933952 0 0 0 0 0.5508608818054199 0.3593204170465469 0 0.5336209088563919 1.080044716596603 0 0 0.2902037873864174 0.5389946401119232 0.1335346698760986 0.1502014026045799 0 0 0.1039832755923271 2.244919046759605 0.9182187765836716 1.513771891593933 0.3606698140501976 19.36327125877142 0 0.1451159715652466 0.1858908981084824 0 0 0 0 0 0.2379791289567947 110.1335789635777 12.72873173654079 0.7838972732424736 0.3617116212844849 0.753814622759819 51.79188913106918 0.6080462262034416 1.796528451144695 1.43296255171299 2.424763582646847 1.28129655122757 0 0.284874215722084 0 0.0990457683801651 0 0.08961863070726395 0 0 0 0 263.6889191269875 24.07333916425705 21.41275122761726 1194.294147834182 25.02108815312386 655.0465256646276 226.9869557246566 384.0135143175721 46.23160205036402 5.563539929687977 90.99055214971304 39.10026307404041 0.5892801433801651 7.791072160005569 0.7178803309798241 67.58791666477919 0.9676860868930817 0 0.5278184339404106 42.09563659876585 0.3080868422985077 598.5251884385943 178.7303980663419
