400.9525907710195 3658.499186053872 256.5787065327168 2136.358533032238 85.72158902138472 124.496525414288 1041.267658486962 275.1109256371856 111.7856527790427 2446.088255763054 122.3123239502311 34.5144996792078 482.4252395555377 167.2892490252852 5.2169234380126 3.519450850784779 0.2461171448230743 0.312796413898468 0 0.3896226808428764 0.4874909296631813 0 0 0 0 0.09622853249311447 0 0 0 0 1064.818907752633 2.662176869809628 16.60697913169861 0.09575871378183365 0.1723807007074356 0.1320235729217529 11.7564281001687 0.6144607365131378 0.2382989525794983 0.140554279088974 0 0 0 0.7806588709354401 0 0 23.25309928506613 1.494641840457916 0.1022127941250801 0.11287971585989 0 0 0 0 4.791159048676491 9.219498813152313 187.1971470862627 531.8564646840096 40.74179268628359 14.54467007517815 0.2904476299881935 1.779006451368332 0 8.577234141528606 5.364350281655788 3.242097966372967 1.703303404152393 0.5951599478721619 0.1233461275696754 0.1113640069961548 3.271569065749645 0 0 29.20406872779131 10.36778648197651 12.51294879615307 2.238466911017895 1.935828804969788 0.4849460422992706 65.32101486623287 0.105971984565258 7.402489453554153 14.38976526260376 0.2615785598754883 3.322751246392727 2.056235142052174 0.6513128206133842 0 0.4560763612389565 0 0.1174628883600235 0 0.1259690374135971 0 0 4.938104026019573 0.09056057780981064 0 0.8369932919740677 2044.144767269492 0.1555378884077072 0.2713206112384796 5.462485752999783 9.8954798579216 0.8017594218254089 7.50409547239542 1.21237587928772 1.393189772963524 8.42575691640377 9.625409945845604 1.872422814369202 7.682690225541592 3.693037331104279 3.688201434910297 4.738292671740055 0 0 0 0 0 0 0 0 0 0 0 0 0.5584143996238708 0 0 0 0 0 0.8370879888534546 1.607544608414173 0.9149571359157562 0 0 0 1.651325896382332 0 0.2252611890435219 1.831789582967758 0.439980760216713 0 0 0 0 0 0 0 0 0 0 0 0 0 0 0 0 0 0 0.3726299852132797 0 0 0 0.1472031325101852 0.969805896282196 0 0 0 0 0 0 0 0 3.769541651010513 0 0 0 0 4.649493843317032 0 0.3888381198048592 0 0 0.09764004498720169 0 0 0 0 0 0 0 0 0 0 3.385604195296764 0.1477457135915756 0.3277377486228943 552.4433169513941 1.590398795902729 140.8073505535722 24.58527525514364 1411.066352538764 30.46301086246967 4.648594632744789 4.630040593445301 18.08928534388542 0 0.3484178781509399 0.5963001549243927 8.771163150668144 0.1179474890232086 0.1436426043510437 0 0.7330279052257538 0 328.304460555315 2.966096214950085
3658.499186053872 3481.351110756397 2303.250449776649 1715.84454202652 2716.534967795014 81.46061982959509 4527.14550396055 1250.407589502633 3403.214078046381 756.744907528162 1384.102562911808 56.08614130318165 2460.850851148367 1717.900995768607 50.98316376656294 15.88718558847904 1.872314170002937 0.2391880005598068 0.1498862504959106 0.4412766322493553 0.533158078789711 0.1504554748535156 0.4945569261908531 0.6472745537757874 1.420182660222054 0.1049847900867462 0.1258135586977005 0.1298272311687469 0 0 1928.305350840092 17.65849469602108 52.89724363386631 0.1441202461719513 0.1740747094154358 0.8082796633243561 25.44816775619984 4.098490186035633 0.3565310537815094 0 0 0 0.2103283405303955 3.14192570745945 0 0.3344892784953117 239.2161055356264 15.5895357504487 3.268606781959534 0.3341472819447517 1.064945973455906 0 0 0 17.80488296598196 30.69313598424196 184.9721436947584 567.6506727412343 76.05683252215385 54.22945223748684 0.3929171040654182 1.948597021400928 0.1032954305410385 82.31944591552019 20.90460592508316 10.02811612933874 11.86513921618462 1.906950019299984 0.4834363535046577 0.1253821104764938 11.43953964114189 2.751247584819794 0.1073948666453362 97.86532360315323 61.38144321739674 116.5002823397517 23.1369681507349 9.310430109500885 3.440662637352943 165.384035564959 0.6162296682596207 15.72932351380587 41.0272022113204 1.713575422763824 18.13378473371267 12.10017790645361 4.147327467799187 0.1245573610067368 1.419602304697037 0 1.13467276096344 0.1016765162348747 0.9427619203925133 0.9329156577587128 0.3207925707101822 34.17947358638048 0.09333118796348572 0 2.17815063893795 1770.565601445735 4.680713035166264 1.766389675438404 44.29437022656202 7.665917091071606 18.70060828328133 52.84808552265167 9.592874556779861 11.74251585453749 56.72009948641062 41.7339014261961 14.03652898222208 64.92253617197275 30.74459519982338 37.38372317701578 34.63596720993519 0.3448710739612579 0 0 0 0 0 0 0 0 0 0 0 0.1070089936256409 0 0 0 0 0 0 23.71380309760571 8.560938388109207 0 0 0 14.01037853956223 1.187235087156296 7.538508087396622 2.950589686632156 2.386142529547215 0 0.1302835792303085 0 0 0 0.1991012096405029 0 0 0.5186309441924095 0 0 0 0 0 0 0.1300045847892761 0 0.5484601184725761 2.310100600123405 0.2792249470949173 0 0 13.5552257373929 5.149552367627621 0 0 0 0 0 0 0 0 34.76284122467041 0.5533626452088356 0 0 0 29.71795973181725 1.361213721334934 13.20717825740576 0.1419938802719116 2.363280653953552 0.3607281818985939 0 0.2381985187530518 0 0 0.1263861209154129 0.1795092672109604 0 0 0 0 52.90929333865643 8.502982288599014 12.9704257696867 660.0864213630557 10.10884261131287 670.3340834826231 64.19630698114634 1096.447471342981 75.89454287290573 6.346119962632656 98.88242683559656 60.00585105270147 0.1258442252874374 5.035024456679821 2.033034600317478 34.05752094835043 2.360603131353855 0.6456010490655899 0 2.927349224686623 0 411.4777822569013 32.06946535408497
256.5787065327168 2303.250449776649 1413.541716463864 0.3060599938035011 2446.586970932782 1.472077131271362 166.3617741987109 6927.287692725658 2293.728440403938 3.915228091180325 4074.764533758163 8.809515930712223 834.0863874852657 2765.589903004467 56.01821289211512 38.9750991910696 1.977690629661083 0.122983030974865 0 0.4981795474886894 0.6813337728381157 0 3.830484569072723 2.27251810580492 1.521211832761765 0.563497006893158 0.3616656735539436 0 0.3172571957111359 0.7553465962409973 4023.225404910743 218.0171602666378 179.0229602605104 0.3636684268712997 0.9940483868122101 1.792428053915501 86.80976942181587 20.03750516474247 2.643677644431591 0.3556723892688751 0.4137287735939026 0 1.562225036323071 6.33222322165966 0.1039104461669922 0.2046118825674057 138.929179623723 6.985049575567245 1.482980720698833 0.3040876984596252 1.177701614797115 0.2547445967793465 0 0.1330410093069077 7.455220460891724 13.16171187162399 48.42798551917076 222.4545808881521 28.88420826941729 20.89729311317205 1.883109830319881 13.80708239972591 0 124.5261408314109 8.212572984397411 6.169284082949162 3.825278513133526 1.324460238218307 1.656202860176563 1.02671941369772 24.83921893686056 0.6793690472841263 0.09818144142627716 39.89277706295252 38.63423151522875 75.77407348901033 28.67455055564642 13.9911827892065 11.81355776637793 1149.030454747379 1.113069467246532 115.8050769492984 17.22154711931944 1.059980422258377 10.21651946753263 3.408059351146221 1.919416084885597 0.2109049558639526 1.369106203317642 0 0.7329682186245918 0 1.653887018561363 0.4145593345165253 1.100919716060162 10.01649478822947 0.2752117812633514 0 4.80789764970541 253.8662626892328 1.219414211809635 0.1133022829890251 6.643244594335556 0.2850331142544746 1.900814771652222 8.710140086710453 0.5859434530138969 1.062117740511894 6.30320680141449 4.345154523849487 1.71589083969593 7.165871411561966 7.369375415146351 7.133608594536781 8.091504640877247 0.3390249684453011 0 0 0 0 0 0 0 0 0 0 0 0.1473855674266815 0 0 0 0 0 0 8.225610300898552 2.510264903306961 0 0.3315622508525848 0 6.067137531936169 2.79961258918047 5.960992835462093 3.195018999278545 2.455196127295494 0.1358864456415176 0.1239414662122726 0 0.310803234577179 0 0 0 0.1284532099962234 0.09451968222856522 0 0.1208578422665596 0 0.1257359087467194 0.09539348632097244 0 0 0 0.2913096398115158 0.6163096204400063 0 0 0.4217649698257446 5.276631437242031 0.8439096659421921 0 0 0 0 0 0 0 0 13.49947965890169 0.3269420266151428 0 0 0 7.137516975402832 0 3.210051521658897 0 0.1062298119068146 0 0.1179699376225471 0 0 0 0 0 0 0 0 0 13.64671017974615 2.870450675487518 6.505743891000748 254.5018338561058 4.581455923616886 285.2007576972246 32.15645856410265 78.66227280348539 25.67051807045937 3.452307090163231 74.13010420650244 10.40098048001528 0.5194888263940811 1.860785827040672 1.532820589840412 2.219455525279045 0 0 0 4.124629206955433 0.1806434690952301 63.75637720525265 4.942756228148937
2136.358533032238 1715.84454202652 0.3060599938035011 681.619669996202 4.497723557054996 434.8594889640808 1933.223837763071 0 13.32130297273397 4434.61288484931 0.9614097774028778 99.12819895148277 350.5674468055367 4.261168450117111 1.278343036770821 0.09167852252721786 0 0 0 0 0 0 0 0 0 0 0 0 0 0 32.49114818125963 0.6705167293548584 0.6074496358633041 0 0 0 0.8087633922696114 0 0.174069344997406 0 0 0 0 0 0 0 5.304327726364136 0.4210372194647789 0.1628599613904953 0 0.2030514627695084 0 0 0 0.918244943022728 0.8736513331532478 28.67424958199263 44.82792047411203 5.140688739717007 0.5354857295751572 0 0.1424517631530762 0 2.865633234381676 0.4314311295747757 0.4460935592651367 0.6340845003724098 0 0 0 1.804993487894535 0 0 5.173639036715031 2.166337236762047 1.992162086069584 0.1577422767877579 0.1097488328814507 0.09840907901525497 0 0 0.09439660608768463 2.323569640517235 0.2345507517457008 0.7151331529021263 0.8473357483744621 0 0 0 0 0 0.1224410757422447 0 0 0.2018099129199982 13.22583662718534 0 0 0.7419455498456955 581.1237434744835 1.96004892885685 14.08592014014721 96.51495387405157 88.5486096739769 1.697889529168606 51.24006909877062 26.33843131363392 2.937243312597275 98.07251892238855 47.44326554238796 0.7383305132389069 9.377265147864819 6.985873058438301 5.434768415987492 1.480370342731476 0 0 0 0.2178153544664383 0 0 0 0 0 0 0 0 0 0 0 0 0 0 0 3.532965198159218 0.460772693157196 0 0 0 0.6693593859672546 0 0.1589096337556839 0 0 0 0 0 0 0 0 0 0.7895030826330185 0.8636810556054115 0 0 0 0 0 0 0 0.2247559130191803 0.8002558276057243 3.266791291534901 0.4831672236323357 0 0 0.4894300997257233 0 0.1337879598140717 0.3104017227888107 0.0921710804104805 0 0.09326481074094772 0 0 0 1.188745327293873 0 0 0 0 0.4964344426989555 0 0.5784576162695885 0.2844553887844086 2.407954536378384 0.1516196131706238 0.4836770445108414 0.1167255267500877 0 0.3060069307684898 0 0 0.1186530590057373 0 0 0 2.322296909987926 0 0.1579912155866623 76.75249037146568 0.4190017133951187 23.88532447069883 2.195214420557022 345.7756557315588 5.837404616177082 0.7450479939579964 1.008430011570454 12.68114905059338 0.1630299985408783 13.17265410721302 1.639333456754684 17.35672108829021 2.686154827475548 0 0 0 0 285.249668776989 13.16885901242495
85.72158902138472 2716.534967795014 2446.586970932782 4.497723557054996 1204.351781822741 8.034032933413982 953.7371651530266 311.0501058995724 4044.130313239992 53.81939519941807 1792.904124744236 1.937157027423382 1483.843711853027 1030.495979242027 26.35213123261929 7.805694691836834 0.169004462659359 0 0 0.1214601993560791 0 0 0.2582351490855217 0.2234397381544113 0 0 0 0 0 0.1865463107824326 111.3713532462716 10.16764361411333 9.541197746992111 0 0 0.123634859919548 4.346053905785084 0.3375348001718521 0.1026961728930473 0 0 0 0.1090432778000832 2.090715892612934 0 0 103.4128886386752 4.271320484578609 0.4989910796284676 0.3902988284826279 0 0.3140201717615128 0 0.2083971500396729 3.648216895759106 4.252478748559952 19.43465163558722 62.59619675576687 13.36873795837164 13.49239452928305 0.08901491016149521 3.073761105537415 0 22.40741568058729 6.265609331429005 3.862602300941944 1.918996840715408 0.2264246791601181 0 0 2.281520687043667 2.207079470157623 0 22.20522656291723 16.67337654531002 39.91829254478216 13.81132374703884 3.671759821474552 1.247414335608482 10.06252557039261 0.5482115745544434 1.78197205811739 11.97278829663992 0.533669151365757 4.551894441246986 3.113228388130665 0.7869990095496178 0.1075381636619568 1.037745676934719 0.1051239222288132 0.6924000903964043 0 0.100735105574131 0.2425510361790657 0.09971224516630173 22.29694242030382 0 0 0.4368252381682396 28.4824381545186 4.366278029978275 0.7928670942783356 27.44935338944197 5.617395237088203 11.85226055979729 42.04386277496815 3.575660265982151 6.916484609246254 31.54229103028774 25.35757817327976 7.927238628268242 43.5092271193862 24.10525576025248 26.77336592227221 25.12914411723614 0.7847994193434715 0.2808274775743484 0 0 0 0 0 0 0 0 0 0 0 0 0 0 0 0 0 19.14213018864393 9.320986106991768 0 0 0 11.20543313771486 1.032714255154133 9.212805703282356 0.8617860749363899 1.355662442743778 0 0 0 0 0 0 0 1.615583688020706 0.4493391364812851 0 0 0.1008324772119522 0.386371947824955 0.1295446306467056 0 0 0.1181753054261208 0.2708462476730347 0.9714972674846649 0.1177839636802673 0 0 9.475578300654888 1.265397548675537 0 0 0 0 0 0 0 0 28.77955055236816 0.3851204067468643 0 0 0 21.90437477082014 0.1667754054069519 12.37021041661501 0.1406985223293304 0.9332337230443954 0.1094921007752419 0 0 0 0 0 0 0 0 0 0 39.93505394458771 6.446459621191025 7.992483004927635 251.9427613168955 3.983523137867451 224.2278619408607 17.7256668061018 45.90806693583727 20.21680638194084 0.9206176847219467 62.47625996917486 25.33243431150913 0.4485179930925369 1.824239298701286 0.7809201031923294 20.72298331558704 0.8438730463385582 0.1263355165719986 0.2181143462657928 0.8642080426216125 0 88.53472404927015 22.35241938382387
124.496525414288 81.46061982959509 1.472077131271362 434.8594889640808 8.034032933413982 53.28434778749943 23.55298565328121 1.597039207816124 8.634902969002724 809.9517426490784 3.680925935506821 39.91456982493401 105.4222151562572 17.88240096718073 0.1682595461606979 0.1037623435258865 0 0 0 0 0 9.507724724709988 0 0 0.1634458601474762 0 0 0 0.9639498740434647 0 2.621944963932037 0 31.21732574701309 0 0 0 39.57862792909145 3.184384487569332 6.686558723449707 0.4399881213903427 0 0 0.152465745806694 0 0 0 1.136916145682335 0.2632818222045898 0.2653872519731522 0 0.629820354282856 10.94220773875713 5.06731940805912 0.4709554761648178 0.2968098223209381 1.329003222286701 47.89312373101711 20.24849523603916 4.118625424802303 0.692137598991394 0 4.950823366641998 0 0.591810405254364 0.3647712618112564 0.2192159965634346 0.5670202523469925 0 0.1265396773815155 0 219.2632227540016 179.4532457962632 18.67519646137953 1.409450806677341 0.3370343744754791 0.5056761801242828 0 0 0 2.761296898126602 0 3.192679554224014 1.211057186126709 1.194559685885906 0.3835857957601547 0.9860085472464561 0.1077725663781166 2.866601832211018 1.605862624943256 7.981666937470436 1.240026377141476 0.9315025210380554 0.5943707227706909 0.1451079249382019 1.743070632219315 214.4946009665728 127.8644887208939 25.09402445703745 64.42698871344328 243.1810650527477 0 0 1.606221705675125 18.22244191169739 1.112685494124889 1.399365484714508 0.9401584565639496 0.2741144001483917 2.620565913617611 2.22356078773737 0.3478316068649292 3.674312815070152 0.350601926445961 1.803205214440823 0.6991140097379684 0 0 0 0 0 0 0 0 0.3612660616636276 0 0 0 0 0.2543706595897675 0.1109308451414108 0 0.2252916097640991 1.308105282485485 0.6309494227170944 0.8919576704502106 0.1529979854822159 0 0 0 0.1251038014888763 0 0 0.4317057952284813 0.5480520725250244 0 0 0 0 0 0 0 0 0 0 0 0 0.7203536182641983 0 0 0 0.114806167781353 0 0 0 0 0 0.5576039105653763 0 0 0 0.1606936305761337 0 0 0 0 0 0.512580044567585 1.07310327142477 0 0 0.2216944098472595 1.149423912167549 0.1100757569074631 0.3366268873214722 0 0 0 0 0 0 0 0 0 0 0 0 0 1.07526720315218 0.3301369771361351 0.2760201990604401 64.64824263006449 1.885855160653591 14.4023108407855 2.603465542197227 139.8536635413766 3.13192630559206 0.1505691260099411 0.1087553054094315 4.447649732232094 0.4390417635440826 0 0 1.526748582720757 0 0 0 0 0 128.3231407105923 2.552019648253918
1041.267658486962 4527.14550396055 166.3617741987109 1933.223837763071 953.7371651530266 23.55298565328121 1545.82656018436 34.32838957756758 3077.350210785866 713.5115347504616 297.9085318669677 55.68101498484612 4390.930243842304 1786.785446606576 17.80294115841389 7.120823599398136 0.406862311065197 0.1419922709465027 0.1103034764528275 0.1191323772072792 0.2168501392006874 0 0.1481314897537231 0 0 0 0 0 0 0 138.7697906568646 6.94852589070797 9.052574217319489 0 0 0 4.939881309866905 0.5978616923093796 0.1398890316486359 0 0 0.1013203486800194 0.1393216997385025 1.334350235760212 0 0.1813366189599037 83.27570405602455 4.281102262437344 1.765796683728695 0 0.2045366987586021 0 0 0.3463774025440216 5.041998222470284 8.009768165647984 41.55632326751947 112.6760231629014 20.26862658560276 17.18564572185278 0.2621228620409966 0.2223900407552719 0 26.7455398440361 5.612869143486023 3.576914355158806 2.684558667242527 0.5207329392433167 0.2476692050695419 0 7.200717359781265 0.1638464480638504 0 25.19275734573603 18.92413152754307 38.26742497831583 10.26343411207199 3.074208773672581 1.149704582989216 5.219504363834858 0.1466824114322662 1.139271669089794 13.16781555116177 1.231172904372215 6.739907577633858 3.726249180734158 1.632183909416199 0.1108407825231552 0.6816395670175552 0 0.3258896321058273 0.2134448140859604 0 0 0.1239532008767128 38.45344101637602 0.5526435226202011 0 1.468028612434864 118.9862750694156 5.691916517913342 7.520610705018044 48.81009885668755 18.69852922856808 85.90630233287811 60.23679184168577 13.05575121939182 114.8556546121836 67.14943954348564 59.03961402922869 22.9610410630703 229.8694311305881 48.81493113934994 37.35391142219305 32.76301544904709 0.09585455060005188 0.1191937625408173 0 0 0 0 0 0 0 0 0 0 0 0 0 0.1303907781839371 0 0 0 24.6628799289465 5.918374471366405 0 0 0 11.49161987006664 0.7374760061502457 3.965101733803749 2.434434726834297 1.820235960185528 0 0 0 0 0 0.4145669266581535 0 2.488186553120613 2.503033094108105 0 0 0 0 0 0.3410557955503464 0.267130933701992 0.2234473526477814 1.643908821046352 5.579754747450352 2.138337582349777 0 0 9.322741009294987 2.976858384907246 0.5106634050607681 0.4122616872191429 0.1089658439159393 0 0 0 0 0.3551643192768097 35.28194946050644 0 0 0 0 25.77739107608795 0.4030359089374542 6.600163020193577 0.555731974542141 5.036589480936527 1.812654197216034 0 0 0.1559145897626877 0 0 0 0.1090521812438965 0 0.159067302942276 0 50.99434304237366 6.84302095323801 6.364531688392162 234.0530262887478 3.84784346818924 207.8907094374299 20.37066661566496 164.1310237273574 26.04359479248524 3.070588178932667 45.40792682766914 63.80286045372486 0.3069096803665161 39.22649542242289 2.03929777443409 48.53564410656691 8.899211391806602 0 3.257136970758438 1.772927917540073 0 200.94410071522 49.4316763728857
275.1109256371856 1250.407589502633 6927.287692725658 0 311.0501058995724 1.597039207816124 34.32838957756758 1661.712166801095 828.5705543681979 8.592624939978123 2141.10135550797 7.929178386926651 462.0970494374633 1881.398366130888 50.04895284026861 48.97469270974398 4.348073296248913 2.992944836616516 1.126184970140457 17.42903467267752 40.7531673386693 0 89.28055794537067 57.46280022710562 8.5521524772048 5.438068404793739 13.41081341356039 0.5515975207090378 0.1549322605133057 4.715130567550659 2438.108304731548 2545.847964681685 93.99067441374063 16.15482933074236 22.82081981748343 5.741990119218826 24.04408111423254 24.45025839656591 2.579951874911785 3.362178027629852 1.264872446656227 2.490882314741611 25.87150432169437 10.1813680306077 1.413480266928673 1.39905708283186 150.815683580935 7.93720630556345 2.503903217613697 5.841377504169941 11.80196963250637 0.9545971602201462 0.2812673896551132 1.682291939854622 7.141128562390804 14.51241678744555 56.9671643897891 453.3036827519536 27.67673852294683 22.90351910889149 24.13197116553783 90.59015643596649 1.189466670155525 396.6008950844407 9.03406373411417 7.975694410502911 6.002992995083332 10.43586253374815 35.4256529584527 26.35753640532494 12.32432863861322 10.71233163028955 0 56.92924012243748 78.77132426947355 80.1519989669323 52.98220195621252 38.07025250047445 1222.68416441232 1491.124152906239 5.030871629714966 2298.659591853619 22.16242726892233 0.7033799216151237 9.708481095731258 5.89534355700016 6.536712452769279 0.3422129452228546 5.023775838315487 0.1209333688020706 4.251690194010735 0.1212191730737686 45.85850837826729 4.614883467555046 6.633853428065777 6.931546196341515 0.7174751758575439 0.134675458073616 2.020840354263783 168.4791653305292 3.576079092919827 0.1091877818107605 3.41554332524538 0.1181008964776993 2.602150216698647 5.428380742669106 0.8607073277235031 0.5335705950856209 3.490616664290428 1.722098477184772 2.398316778242588 5.103342488408089 8.065892428159714 6.188299760222435 14.81794168055058 0.138492688536644 0 0 0 0 0 0 0 0 0 0 0.3049167692661285 0.2514832615852356 0 1.26884725689888 0.1018017530441284 0.4013738632202148 0 0.6270380392670631 9.243136301636696 6.662087880074978 0.1221274212002754 0.85578753054142 0.1079956069588661 11.5878150165081 6.639881797134876 21.06301347911358 10.83632157742977 5.073877461254597 0 0.314469188451767 0.2076312750577927 0.617509126663208 0.2553531229496002 0.2537364363670349 0 0.3811012208461761 0.9964772909879684 0 0.1994121521711349 0.5463813543319702 2.080016158521175 0.5321741998195648 0 0 0 0.3032335937023163 0.6478484719991684 0.130494624376297 1.825796216726303 4.900699749588966 14.81809122860432 1.033286072313786 0.4797613024711609 0 0 0.1203786060214043 0 0.1246222630143166 0.4543701112270355 0.6008551120758057 20.47072979062796 4.76094613224268 0.2765865474939346 0 0.7948444783687592 9.687100723385811 2.590684093534946 14.07169337570667 0 0.2551124691963196 0.4442989155650139 0.2925128936767578 0.263407289981842 0 0.1135596856474876 0 0 0.220226377248764 0 1.371482364833355 0 11.52883470803499 14.62918849289417 20.23513272404671 247.0593689382076 8.472045101225376 300.5776990652084 27.80942906439304 61.32575580477715 23.20522274076939 2.868821635842323 61.29234517365694 21.23790731281042 0.1249977126717567 5.7405920997262 0.7579558715224266 1.084883719682693 0 0 0.8677708655595779 5.352062962949276 0 66.59101931750774 8.541293665766716
111.7856527790427 3403.214078046381 2293.728440403938 13.32130297273397 4044.130313239992 8.634902969002724 3077.350210785866 828.5705543681979 1559.5838136971 151.4760459363461 2374.789268791676 9.830636277794838 1484.741743758321 1074.492739580572 26.03285310417414 10.61593313515186 0.6470190957188606 0 0 0.09914302080869675 0.1485844105482101 0 0 0.1263057440519333 0.2683375179767609 0 0 0.1198002472519875 0 0 120.1133248806 12.64345869421959 15.2319667711854 0 0.1765164583921432 0 2.616332463920116 0 0.1242771595716476 0 0 0.1142471134662628 0 1.730880804359913 0 0.7013194411993027 105.4366325065494 4.261078305542469 1.150504395365715 0 0.4058756530284882 0 0 0 3.616715505719185 6.91937080770731 21.16116973012686 67.32732213288546 14.2987956404686 16.8384423032403 0.2076351121068001 1.263093560934067 0 26.50555116683245 4.825512573122978 2.663424290716648 2.510209180414677 0.8480361327528954 0.115826241672039 0 2.283646203577518 5.732745058834553 0 24.96892175078392 16.89920777827501 49.58931837975979 16.54551054537296 5.645125947892666 0.7656789496541023 10.32167369872332 0.351445659995079 1.510691940784454 12.55568416416645 1.264427319169044 5.180563047528267 2.612021841108799 1.277338773012161 0.1246506869792938 0.4615616276860237 0 0.1265932768583298 0 0 0.3337687775492668 0 52.77682571858168 0.3743790686130524 0 0.4343714118003845 30.44968840479851 5.952459238469601 2.992867849767208 42.6447442471981 3.233918771147728 17.62049818783998 52.85406613349915 7.375607594847679 10.8044498488307 43.48972465842962 34.39132357388735 12.8142199665308 62.03460533171892 39.90562900155783 40.92013339698315 41.7056520730257 0.2120163962244987 0.08919518440961838 0 0.173993319272995 0 0 0 0 0 0 0 0 0 0 0 0 0 0 0 22.09286860376596 14.65896340459585 0 0 0 16.61258305609226 0.5349645838141441 8.689501360058784 3.846765108406544 1.948368601500988 0 0 0 0 0 0 0 0.1059666499495506 0.4633890017867088 0 0 0 0 0 0 0 0 0.821789026260376 1.860627166926861 0.4858899712562561 0 0 14.26955302804708 2.861053451895714 0 0 0 0 0 0 0 0 50.9046968370676 0.4329818114638329 0 0 0 37.60001089423895 0.5786322951316833 14.93087922781706 0 0.4870599359273911 1.129736118018627 0 0 0 0 0 0 0 0 0 0 61.96010579913855 6.400756187736988 9.924121528863907 304.5527619719505 4.580134816467762 229.1579367816448 25.55615144222975 57.43323687463999 20.42235013097525 0.7869212403893471 78.3359714075923 41.74878825992346 0 2.118736371397972 0.1103026568889618 24.48315016925335 1.001903519034386 0.1204769760370255 0 1.780557185411453 0 148.5467987805605 35.37539576739073
2446.088255763054 756.744907528162 3.915228091180325 4434.61288484931 53.81939519941807 809.9517426490784 713.5115347504616 8.592624939978123 151.4760459363461 1705.969475843012 8.360412895679474 2403.87443549186 10065.63950292021 231.0523522645235 4.42602477222681 3.083837375044823 0.626265287399292 0 0 0 0 0 0.13153076171875 0 0.7286549806594849 0 0 0 0 0 43.52805596590042 0.5381486043334007 97.84379351884127 0 0 0 87.79480858147144 5.329558454453945 1.459241792559624 0 0 0 0.403018593788147 0.5515910908579826 0 0 17.92873748391867 2.816914208233356 0.3719628527760506 0 0.1342629790306091 0 0 0 2.435836851596832 3.9545563980937 89.32306903600693 68.30342957377434 10.11578619480133 6.701336033642292 0 1.773628756403923 0 5.87595496326685 1.842157617211342 0.5639108717441559 1.035165786743164 0.1034685596823692 0.1107843369245529 0 445.758910574019 1.622697070240974 0 7.214336715638638 3.639876939356327 7.849765934050083 1.008690491318703 1.147175617516041 0.7141177132725716 1.871103726327419 0 0.318829670548439 4.012545451521873 0.108547069132328 1.134114898741245 1.246067494153976 0.425561212003231 0 0.2018410861492157 0.1183067485690117 0 0 0 0.1037062406539917 0.1088755130767822 410.5403191670775 14.02775679528713 0.3324210345745087 16.25690939277411 1290.103099279106 5.233040235936642 6.223704963922501 76.95520657300949 72.5750098451972 23.27355486154556 166.8222030326724 28.03951709717512 16.9208317399025 112.5868952944875 127.802066296339 19.72263649106026 137.7811682447791 91.44623130559921 79.43092557787895 52.16530245542526 0.2815060690045357 0.1074077263474464 0 0 0 0 0 0 0 0 0 0 0 0 0.12023064494133 0 0.1525218039751053 0 0 17.9388924241066 8.7152134552598 0 0 0 9.838960215449333 0.2234437465667725 3.495878532528877 1.991646490991116 1.348313212394714 0 0.134542316198349 0 0 0 0 0 0.2724165022373199 0.3278821706771851 0 0 0 0 0 0 0 0 0 1.088478185236454 0.6029544621706009 0 0 7.824236981570721 0.2293810546398163 0.238102987408638 0 0 0 0 0 0 0 35.79542437940836 0.2182670533657074 0 0 0 36.03941585868597 0.234939843416214 6.921102404594421 0 1.389550477266312 0.3699235618114471 0.1050233095884323 0.1014410182833672 0 0 0 0 0 0 0.5526066869497299 0 79.61782266944647 3.277024209499359 5.071737930178642 422.3172083497047 1.573294460773468 70.48982873558998 8.933411501348019 892.4859955906868 10.99272637069225 1.499841831624508 12.24624818563461 59.53082159906626 0.284733347594738 2.928758405148983 0.6799351498484612 61.47086460888386 0.539734736084938 0 0 1.212671160697937 0 1610.877689756453 114.3362200930715
122.3123239502311 1384.102562911808 4074.764533758163 0.9614097774028778 1792.904124744236 3.680925935506821 297.9085318669677 2141.10135550797 2374.789268791676 8.360412895679474 246.5242575481534 17.05358699709177 1106.023386143148 2151.966043278575 35.72341741621494 25.348861977458 1.560593411326408 0.3216798976063728 0.1615194976329803 0.476528637111187 0.5982929468154907 0 0.8185037523508072 0.7460174933075905 0.6369451433420181 0 0.7511404454708099 0.1010696738958359 0.1608437597751617 0 552.3133321106434 181.3902472928166 196.66936070472 0 0.5869592949748039 2.199403345584869 89.22463021427393 22.07575435191393 1.233812116086483 0.7626022547483444 0 0 0.1229618936777115 5.88198908418417 0 0.09643620997667313 80.8862162232399 2.494878090918064 0.4846759214997292 0.1056686565279961 0.3061022683978081 0 0 0.1009766533970833 3.175776168704033 3.734145186841488 16.76136902719736 70.07654986530542 9.257947780191898 8.43753694742918 0.3150640800595284 34.37032922357321 0.6753594875335693 47.09861412644386 3.053071014583111 2.058193810284138 1.592438295483589 0.3313157111406326 0.396685466170311 0.4404850527644157 31.07682508230209 2.384415827691555 0 14.88620807975531 16.98558791726828 35.81486288458109 22.81626493483782 12.76339780539274 6.401397690176964 481.1859983131289 0.398051917552948 477.6431855782866 6.260634712874889 0.1789534166455269 2.878560431301594 1.900338433682919 0.6283460259437561 0.1047144904732704 0.5018761828541756 0 0 0 0.9908201694488525 0 0.2367550283670425 9.020265094935894 0.5938497185707092 0 2.250620923936367 38.37128104269505 1.65885179489851 1.461892306804657 6.115715518593788 1.230722323060036 3.470774173736572 6.039627850055695 0.1970797330141068 1.691390134394169 7.353011049330235 3.255671247839928 2.732440650463104 11.51056414842606 7.990874081850052 7.891410380601883 9.768905714154243 0 0.1107907593250275 0 0 0 0 0 0 0 0 0 0 0.1519972234964371 0 0 0 0 0 0 6.323508083820343 2.866362400352955 0 0 0 5.916582308709621 0.3235407918691635 3.837577007710934 1.337026789784431 1.334761410951614 0 0 0 0 0 0 0 0 0.2260508984327316 0 0 0.1700478047132492 0.2598931491374969 0.1224787384271622 0 0 0 0.08244890719652176 0.2156699448823929 0 0 0 7.349184259772301 1.369629994034767 0 0 0 0 0 0 0 0 13.98010272532701 0.1151002869009972 0 0.1293474286794662 0 7.67071508616209 0 4.287215501070023 0 0.26029222458601 0.8240171745419502 0 0.1349896937608719 0 0.1865284740924835 0 0 0 0 0 0 16.34526417404413 5.355262167751789 4.67119412869215 175.2769228890538 1.570684634149075 140.8037267178297 18.61082112789154 17.61871413141489 7.422457151114941 0.2297021374106407 59.4331675991416 9.511035047471523 0 1.531956598162651 0.2278379648923874 2.984974294900894 0.1384615898132324 0 0 2.999886699020863 0.2481421530246735 26.45842141658068 5.590691521763802
34.5144996792078 56.08614130318165 8.809515930712223 99.12819895148277 1.937157027423382 39.91456982493401 55.68101498484612 7.929178386926651 9.830636277794838 2403.87443549186 17.05358699709177 133.4439991563559 1696.169890284538 122.6268815919757 4.953818522393703 7.228230528533459 0.5328065156936646 0 0.1071089208126068 0 0.2684531211853027 0.2156931906938553 0.5655108690261841 0.8293343037366867 2.709011450409889 0.6208041310310364 0.7442108541727066 0 0 0 12.91698708385229 3.977931499481201 68.91288433223963 0 0.3280448019504547 0.2022637575864792 125.9062049910426 25.71864487230778 1.746647298336029 0.8074120283126831 0.5246198773384094 0 0 0.8016908764839172 0 0 8.763729587197304 0 0 0 0 0.3287158906459808 0 0.598641574382782 0 0 2.812284559011459 3.73188092559576 0.7036877945065498 0 0.2653992176055908 6.248207345604897 0 2.969181776046753 0 0 0.3072679042816162 0.1386423259973526 0.3765321969985962 0.1682412624359131 205.2278533577919 4.568055018782616 0 0.757998026907444 1.548160091042519 2.231045812368393 2.672071754932404 1.012590922415257 0.08897875249385834 11.73242928087711 0 0.8134801685810089 0 0 0 0 0 0 0 0 0 0 0.1618490368127823 0 0.1984618008136749 412.8562349975109 23.62333160638809 0 14.51124240458012 30.25888807326555 2.655858032405376 1.321217484772205 30.84276801347733 4.144100688397884 14.75844615697861 48.98812130838633 7.55956058204174 7.770537033677101 45.94445123523474 54.22851037979126 10.44166906177998 61.78365597128868 33.90653516352177 43.35213811695576 25.26573480665684 0.3948699757456779 0.2583173215389252 0 0 0 0 0 0 0 0 0 0 0 0 0 0 0 0.159114345908165 0 15.46628115326166 5.420971639454365 0 0 0 10.12573136389256 1.267626591026783 3.825123161077499 2.772578693926334 0.9977680444717407 0.1199967116117477 0.1540208905935287 0 0 0 0 0 0 0.2011218070983887 0 0 0 0 0.1521526724100113 0 0 0 0.2246919572353363 1.130362920463085 0 0 0 11.52887549996376 0 0.09440185129642487 0 0 0 0 0 0 0 24.70646169781685 0.291276216506958 0 0.0899583101272583 0 17.22785856574774 0.4368637502193451 10.4801217019558 0.1724490597844124 0.5725818127393723 0.117722824215889 0.1830333098769188 0 0 0 0 0 0 0 0 0 63.55477749556303 4.779166303575039 6.74088017642498 77.58295745402575 0.1167037412524223 11.10601714998484 3.103781290352345 29.07707693427801 0.2153394520282745 0 9.657408975064754 27.86773999780416 0 0.6976093202829361 1.078693725168705 16.525082051754 0.2045613899827003 0 0.1245849207043648 0.7763613164424896 0 389.3779359459877 52.19131371378899
482.4252395555377 2460.850851148367 834.0863874852657 350.5674468055367 1483.843711853027 105.4222151562572 4390.930243842304 462.0970494374633 1484.741743758321 10065.63950292021 1106.023386143148 1696.169890284538 2848.960955493152 8409.718285031617 70.22254853695631 71.73575778305531 5.121455200016499 0.2456984296441078 0 0.1424161493778229 0.5508112832903862 0.1116385832428932 1.999495856463909 1.59398040920496 6.359670653939247 0.4556798040866852 2.5086325481534 0.1224083304405212 0 1.487525708973408 223.8502192050219 39.03868644684553 1422.567055679858 0 1.711680352687836 2.337630823254585 601.1226162165403 140.5489878579974 15.99776438623667 7.593917958438396 1.523826241493225 1.095771312713623 0.3335622251033783 13.56470359861851 0 0.1189099028706551 146.0309520065784 4.243411272764206 0.458576612174511 0 1.050479300320148 0.8619461059570312 0.7434224635362625 1.148081168532372 2.636062070727348 6.022163346409798 30.47915535420179 102.3501975461841 15.85871247947216 9.74817131459713 0.469892643392086 50.40016886591911 0.09764732420444489 65.62302144616842 4.139728717505932 2.918756067752838 2.04119136184454 0.4446398392319679 1.836155742406845 0.9479365348815918 680.0828097388148 24.50839705765247 0 22.31085555255413 25.13969541341066 53.84893248975277 35.27411483973265 26.02475958317518 3.296204969286919 577.7618051618338 2.149309389293194 46.97027888894081 6.944204330444336 0.9246977791190147 3.521497614681721 3.051324687898159 2.31398456543684 0 0.9527182206511497 0.1592475324869156 0.6010879799723625 0 2.470521539449692 0.6091838330030441 0.1914185583591461 1429.965732708573 34.7411210462451 0.1690509468317032 46.0760133266449 112.9511577039957 21.19525463879108 10.25424076616764 183.0718444734812 73.98762479424477 64.786297775805 276.031293682754 38.02733244001865 51.51795864105225 309.2023647800088 242.2849184349179 56.6076463162899 348.6970134824514 181.5962541177869 229.2605899423361 167.7285173535347 0.7131181284785271 0.9499682560563087 0.2778325080871582 0 0 0 0 0 0 0 0 0 1.304005354642868 0 0 0.219053253531456 0.3689122200012207 0 0.3688718974590302 99.40089023858309 33.19593438506126 0 0 0 70.4302671700716 4.431882098317146 32.83470154553652 16.87053104490042 5.768918097019196 0 0.6872913539409637 0 0 0.09476832300424576 0.2619780898094177 0 0.4516768902540207 1.248011253774166 0 0 0 0.6880970373749733 0 0 0.2850645557045937 0 1.833145655691624 5.373713500797749 2.67213748395443 0 1.55643454939127 62.19373047351837 4.527154214680195 0.2184083089232445 0 0 0 0 0 0 0 192.7987452372909 2.73144044727087 0 0 0.1854652315378189 130.0597476065159 3.424879752099514 48.33540506660938 0.3091425821185112 4.513603188097477 2.039719730615616 0.3609364554286003 0.5309776738286018 0.1861959397792816 0.07819712907075882 0 0 0 0 0.3418458998203278 0 341.8572874963284 35.03970017284155 43.00283254683018 694.1072469204664 6.569091908633709 282.0154602304101 40.20765455067158 190.2937859371305 28.89670514315367 1.344736658036709 156.6725959926844 145.3576493412256 0 11.96604205667973 2.49994171410799 113.5163328051567 2.014793574810028 0 0.6956117153167725 6.173250943422318 1.027913928031921 1094.03737539053 245.0858395397663
167.2892490252852 1717.900995768607 2765.589903004467 4.261168450117111 1030.495979242027 17.88240096718073 1786.785446606576 1881.398366130888 1074.492739580572 231.0523522645235 2151.966043278575 122.6268815919757 8409.718285031617 2193.474626548588 52.45101134479046 60.75446156412363 3.200943283736706 0.3669305816292763 0 0.6929258406162262 1.404135517776012 0.1178961396217346 3.450976774096489 1.816294945776463 7.752069339156151 0.7935365289449692 2.857733577489853 0.2116634100675583 0 1.186757579445839 303.3300930857658 40.70120190083981 1221.064502738416 0.4114069491624832 1.928561575710773 5.282088443636894 1114.16798889637 173.9326103180647 7.509273461997509 3.632557064294815 1.492016315460205 0.7763519287109375 0.851908341050148 11.60680916905403 0.2452478259801865 0.7471668869256973 116.615323394537 1.008705884218216 0.7116919010877609 0.4470591247081757 0.6331562548875809 0 0.1338427662849426 0.5180951356887817 1.737292245030403 2.826653309166431 13.57336764782667 70.92180055379868 7.974405944347382 5.342254169285297 1.891787365078926 406.1200250536203 0.4736756682395935 69.64292626082897 1.871205165982246 1.805792927742004 1.613302767276764 1.237034283578396 1.417996846139431 1.124755069613457 202.0643786564469 8.752833560109138 0 18.16100182384253 19.93789240717888 36.40911124646664 34.05999763309956 27.94901869446039 4.786403514444828 1757.559760123491 2.53541337698698 164.8394160419703 3.995502360165119 0.09874153882265091 2.336288407444954 1.962920978665352 0.9223609119653702 0.08738624304533005 0.1173910349607468 0 0.08477643132209778 0 2.703338928520679 0.4590440541505814 0.6796095818281174 214.7245872095227 6.173009395599365 0 11.52043554186821 42.43470916897058 7.05510575324297 1.588171556591988 42.47017978876829 4.798014834523201 15.58700978010893 61.60038655996323 5.531582072377205 11.12262500077486 50.37158311158419 39.34144120663404 12.45101392269135 72.7272557914257 44.30717089772224 48.53914996981621 49.78718712180853 0.2256230711936951 0.4519812166690826 0 0 0 0 0 0 0 0 0 0.1867272555828094 0 0.442079484462738 0.5370570421218872 0 0.5000295490026474 0 0 27.71527321636677 10.1366263255477 0 0 0 22.85730186104774 2.950627341866493 14.9096258431673 6.022408664226532 4.265816003084183 0 0 0.2922446727752686 0 0 0.121916726231575 0 0 1.355972200632095 0 0 0 0.9253539443016052 0 0 0 0 0.2406651079654694 1.137168124318123 0 0 0.886619508266449 23.8129411265254 2.577244199812412 0 0 0 0 0 0 0 0 59.41474251449108 1.078602962195873 0 0 0.1081601530313492 36.88225069642067 2.103914529085159 20.58579144626856 0.3559727370738983 1.238619111478329 0.3288054615259171 0 0.1191714704036713 0 0 0 0 0 0 0 0 84.71376729011536 13.52586816996336 18.46073288470507 400.1373723968863 2.37878230214119 180.8156305253506 25.94382253289223 37.7580860555172 14.66616453975439 1.602065026760101 113.9309148788452 39.10664191097021 0 5.408453270792961 0.1826303079724312 15.96807900071144 1.121317580342293 0 0.2953854203224182 4.579530410468578 0 172.5370541512966 46.01245480030775
