312.0912907868624 4454.868286460638 711.8168181926012 2696.939632281661 155.1074760630727 66.86964185535908 999.8913514912128 34.85113651305437 7.596694879233837 5089.248113274574 162.5082974880934 188.7952957451344 588.8328951820731 270.7544652894139 0.6567385867238045 0.1148389652371407 0 0 0 0 0 0.2168760597705841 0 0 0.3680321127176285 0 0.1157144978642464 0 0 0 1005.19827336818 0.9428958669304848 82.21084175258875 0 0.1041691899299622 0.498360738158226 35.3388886526227 2.070373103022575 1.967004135251045 0.3467459827661514 0 0.6165489852428436 0 0.1354966908693314 0.1119658052921295 0 10.25808314979076 0 0 0.2260869443416595 0.5381285101175308 0.5581042170524597 0 0 3.547896660864353 1.779129326343536 246.6432341560721 1284.774750955403 53.60996975004673 4.003119952976704 0 9.855991877615452 0.1210561469197273 3.401020236313343 0.9891563504934311 0.1073638871312141 0.133929431438446 0.7787920832633972 0.4343049004673958 0 28.30044607818127 1.695748805999756 0 78.45317485183477 11.64559327065945 2.681020207703114 0.2700770944356918 0.2993007376790047 0.3672050386667252 112.25396130234 0 4.062174312770367 3.628046296536922 0 0.1238167956471443 0.2541975378990173 0.2377817407250404 0 0 0 0 0 0 0 0 209.5143985301256 43.42522789537907 0 8.809223026037216 400.2556814029813 0.1130211055278778 14.28102347254753 0.1382012665271759 0.2294295877218246 0.4223594069480896 1.048764437437057 0 0 0 1.23944029957056 1.35256452858448 3.115694388747215 6.424305319786072 4.502068176865578 4.471561938524246 0 0 0 0 0 0 0 0 0 0 0 0 0 0 0 0 0 0 0 1.020396932959557 0.1387487798929214 0 0 0 5.383844673633575 0.3782510161399841 4.709849037230015 4.680377125740051 0.4791786074638367 0 0 0 0 0 0 0 0 0 0 0 0 0.2029205113649368 0 0 0.3418965339660645 0 0 0 0 0 0.3198248147964478 2.176388263702393 0.09649217873811722 0 0 0 0 0 0 0 0 2.631691791117191 0 0 0 0 0.8548613488674164 0 2.284167587757111 0.09793639183044434 0 0 0 0 0 0 0 0 0 0 0 0 6.834291368722916 0.9553274661302567 5.054380528628826 60.37774117290974 1.350839242339134 33.08120447397232 7.732831224799156 502.0789379775524 2.453476175665855 1.884947091341019 1.500064387917519 12.5281001329422 0 0 0 28.35339510440826 0 0 0 0.2475024163722992 0 151.0280447751284 10.74675706773996
4454.868286460638 3165.065992377698 2104.157185092568 1935.75264582783 1869.777607791126 116.3567627668381 3346.460374459624 274.6021567508578 2145.494649671018 2516.86623301357 2654.063703246415 276.838707767427 1901.696683771908 3353.105121739209 2.914100959897041 2.304151579737663 0.2132854163646698 0.09530595690011978 0.3734898641705513 0.58658317476511 0.2229075655341148 0.1405281275510788 0.1494045108556747 0.1725274473428726 0.2386910542845726 0 0 0 0 0 2690.850299678743 14.9765512496233 235.5707635357976 0 0 0.7386873066425323 92.33218641579151 3.489627286791801 4.029410034418106 0.8153688907623291 0.2304105386137962 0.7522652596235275 0.1812249422073364 0.1038203239440918 0 0.09297246485948563 109.9337965101004 0.6765676885843277 0.4012226983904839 0.5974535495042801 1.376556538045406 0 0 0.5750763490796089 9.22796893119812 9.924254804849625 277.7685519754887 1357.241992034018 109.774625197053 68.36242755502462 0.1207806468009949 21.69234232604504 0 88.32969323545694 4.017071671783924 2.289512738585472 1.367838397622108 0.5079318061470985 1.433346934616566 0.1170502603054047 26.39186964929104 0.2393038421869278 0 388.1478785723448 194.604498885572 35.29612062871456 1.777265287935734 1.846563592553139 0.5210636779665947 421.6937414333224 0.2008639648556709 8.37511482834816 21.90464273840189 0 1.215914599597454 3.034134492278099 0.2242302447557449 0.1171709075570107 1.193099841475487 0.1162133663892746 0.4658481627702713 0 0.5465447604656219 1.350605711340904 0.39244544506073 13.95282551646233 3.735900014638901 0 5.428508810698986 727.6852828115225 0.4119635224342346 10.84539996087551 0.1365244537591934 0 1.261796236038208 2.597130864858627 0.7453171759843826 0.9224928915500641 5.893485233187675 2.757104262709618 0.9779951721429825 4.253250792622566 7.42191331833601 5.11833793669939 3.742486245930195 0 0 0 0 0 0 0 0 0 0 0 0 0 0 0 0 0.1422789096832275 0 0 1.338438719511032 0 0 0 0 7.697307385504246 0.4226512610912323 5.646257817745209 2.765323512256145 0.1557117700576782 0 0 0 0 0.2769313156604767 0 0 0 0.2811540961265564 0 0 0 0 0 0 0 0 0.1423703879117966 0 0 0 0.5234364867210388 8.532312244176865 0 0 0.1612789034843445 0 0.1430993229150772 0.150741845369339 0 0 0 6.783787906169891 0.2387587428092957 0 0 0 3.142794966697693 0.392274796962738 1.068542912602425 0 0 0 0 0 0 0 0 0 0.1494956463575363 0 0 0 10.56794847548008 5.263388141989708 8.915399238467216 118.9658238813281 6.750295676290989 262.3920590877533 49.07358971983194 960.5014667287469 8.362809896469116 6.712506636977196 7.38730426877737 1.559434980154037 0 0 0 9.135108917951584 1.316171497106552 0 0 0.8328591585159302 0 128.2348566055298 5.341947957873344
711.8168181926012 2104.157185092568 1892.617242604494 311.7137055397034 774.6646121516824 5.884852260351181 354.8866903930902 2836.146661005914 791.4308242127299 140.3551861941814 4635.082426056266 44.78425038605928 648.5155442729592 2113.010911524296 2.437844894826412 3.807837158441544 1.021424114704132 0.5681574866175652 0.2555732801556587 1.040574431419373 0.5960634797811508 0.2716946005821228 0 0.1308931559324265 4.94050844758749 0.4263080134987831 0.7315837293863297 0.1426448225975037 0 0.1566082388162613 5832.300599932671 187.0401656851172 284.5522606745362 0.2606884241104126 1.511655353009701 3.678116343915462 123.1988782659173 17.45793863385916 8.831584624946117 4.531410560011864 3.650619827210903 4.48473097383976 1.339522980153561 0.1075102984905243 0.3239466696977615 0.2557030245661736 22.81605392694473 0.61949822306633 0.6572617068886757 0.7699238806962967 10.35640798509121 0.7365992516279221 0 1.200370073318481 0.9191294461488724 0.9709200486540794 39.59659592062235 557.4556355476379 16.58250898122787 12.16950163990259 1.905255302786827 87.50149341672659 0 153.0861198380589 0.5176622942090034 0.7360654845833778 0.4114668220281601 4.503971740603447 8.422387786209583 0.9598322361707687 62.82405126094818 2.187312930822372 0 72.03317525982857 93.2003742903471 14.11057644337416 1.82512890547514 0.101565808057785 9.114881783723831 1492.715475410223 1.017651215195656 90.08360726386309 3.495973110198975 0.1850686073303223 0.5737585872411728 0.5693313926458359 0.9187411516904831 0 0.1105727627873421 0.2553350925445557 0.1945159137248993 0.1809696853160858 5.626973658800125 2.459657095372677 0.4879521653056145 7.417891710996628 12.48931477963924 0 14.07387537509203 52.29832344502211 1.162698566913605 0.2780688256025314 0.3959943205118179 0.2053273469209671 0.2114859819412231 0.4547456204891205 0 0.8579523265361786 1.432903721928596 0.3879959732294083 1.936345711350441 2.775553584098816 6.327664710581303 7.648302100598812 8.314997121691704 0 0.1132431775331497 0 0 0 0 0 0 0 0 0 0 0 0 0 0 0.1393989473581314 0 0.8095071911811829 1.39462873339653 0.170482411980629 0 0.2948155105113983 0 11.23808555305004 1.867001563310623 16.29206623136997 10.92137865722179 0.4838841110467911 0 0 0 0.2365162074565887 0 0 0 0 0 0 0 0 0.2676629573106766 0 0 0 0 0.1393494009971619 0.1550112664699554 0 0.3405058681964874 1.782761633396149 12.0397812128067 0.6952833533287048 0 0 0 0 0.173414334654808 0 0 0 15.11189867556095 0.1898226290941238 0.1301227658987045 0 0 3.206651642918587 0 6.499770559370518 0.4105490446090698 0.3815816640853882 0.2168384045362473 0.1647316515445709 0 0 0 0 0 0.1335572153329849 0.1489301919937134 0.3569116219878197 0.1597628593444824 16.36188551038504 10.81815744936466 20.11250203102827 35.20176582783461 1.984509617090225 46.75812926888466 8.351926699280739 54.80499491840601 3.094895578920841 0.5063314363360405 1.407566279172897 4.616403892636299 2.498297929763794 4.93563511967659 2.244782447814941 7.619262591004372 0 0 1.101413369178772 0.6925897002220154 0 16.1345930993557 5.016102939844131
2696.939632281661 1935.75264582783 311.7137055397034 728.862303853035 76.30488065630198 303.2080942839384 779.9301696568727 0.2054163068532944 7.471067294478416 3919.318669252098 37.17180874943733 643.4949647933245 1505.722456768155 85.25419682264328 0 0 0 0 0 0 0 0 0 0 0 0 0 0 0 0 59.50342909246683 0 10.53534681349993 0 0 0 8.515134051442146 0 0.9540917277336121 0 0 0 0 0.1058579310774803 0 0 6.210031941533089 0.1256127506494522 0 0 0 0 0 0 1.284185335040092 1.169788375496864 35.25188510864973 166.8195845335722 12.1347134038806 2.879442647099495 0 3.979430735111237 0 1.611678674817085 0.2045244425535202 0 0.1228927224874496 0 0.2121149227023125 0 18.23510745167732 0 0 33.16958831995726 10.38646328449249 1.55917489528656 0 0.1595156788825989 0 4.027360260486603 0 0.9684016704559326 3.699173770844936 0 0 0 0 0 0.1097018644213676 0 0 0 0 0 0 74.67897447943687 3.633852481842041 0 5.544618666172028 52.58973583579063 1.287661798298359 0.9488142132759094 1.539423704147339 11.32855847477913 0 0 0.5034151673316956 0 0 0.2651488482952118 0.465222030878067 1.770457059144974 1.273815184831619 1.929604396224022 2.602494314312935 0 0 0 0 0 0 0 0 0 0 0 0 0 0 0 0 0 0 0 1.443476319313049 0 0 0 0 2.090786799788475 0.8362649083137512 3.072479248046875 0.9588894844055176 0 0 0 0 0 0 0 0 0 0 0 0 0 0 0 0 0 0 0 0.9266695976257324 0 0 0 2.863406628370285 0 0 0 0 0 0 0 0 0 4.710243314504623 0 0 0 0 0.9934822618961334 0 3.057765364646912 0 0 0 0 0 0 0 0 0 0 0 0 0 3.602069601416588 1.148129969835281 1.555858790874481 10.57847473025322 0 19.35614673793316 3.714289948344231 247.9103248491883 3.521534621715546 4.181743621826172 0 0 0 0 0 7.568073958158493 0 0 0 0 0 28.88463225960732 3.073751598596573
155.1074760630727 1869.777607791126 774.6646121516824 76.30488065630198 1337.968017250299 13.05272859334946 1332.574662834406 239.1155224516988 2048.543575018644 1010.800583973527 1984.850023470819 286.3132793903351 440.6971737444401 2232.756542883813 2.944003373384476 2.551525585353374 0.1339896619319916 0 0 0.4086281731724739 0.1029669865965843 0 0 0 0 0.2265029102563858 0.1099066510796547 0 0 0 326.491870932281 14.92206352949142 14.86763180047274 0 0 0 18.68048266321421 1.313375689089298 1.324939921498299 0 0.1254239827394485 0.3595961034297943 0.09915619343519211 0.574261337518692 0 0 88.74416276812553 0.2276553884148598 0.3075542896986008 0.1831667646765709 0.7878675758838654 0.3133861124515533 0 0 4.60548897087574 4.294813103973866 76.3251623287797 312.9683431908488 34.60105108469725 52.67282996326685 0.5580954253673553 7.040183082222939 0 67.41718976944685 2.53261774033308 0.5073892399668694 0.7160484567284584 0.2238675430417061 0.1069621741771698 0 19.13279621303082 0 0 198.0281663239002 128.275137335062 32.45952244102955 2.512703150510788 0.9582333788275719 0.1377848386764526 22.45071075856686 0 2.38779953122139 10.01218928396702 0.1349009126424789 0.7548739016056061 1.363930463790894 0.1323293745517731 0 1.074169479310513 0.1441154330968857 0.3782247304916382 0.1147495880723 0.1046535596251488 0 0.4003110826015472 26.00733724236488 2.053070984780788 0 4.955142080783844 25.9297084659338 0.7109313458204269 5.523574069142342 0 0 0.1740970313549042 1.628667920827866 0 2.109139025211334 6.487066030502319 2.524705201387405 1.638966009020805 8.072789691388607 12.1853840649128 7.579683259129524 9.499261930584908 0 0 0 0 0 0 0 0 0 0 0 0 0 0 0 0 0 0 0 2.640524730086327 0.6575204133987427 0 0 0 12.51655195653439 1.174446493387222 10.01112186908722 3.041592746973038 1.000567182898521 0 0 0 0 0 0 0 0 0.551081657409668 0 0 0 0.3314802646636963 0 0 0 0 0 0.4644274413585663 0 0 1.094454169273376 9.470313653349876 0.2292854189872742 0 0.2308858782052994 0 0 0 0 0 0 15.60473799705505 0.447517991065979 0 0 0 5.531714081764221 0 4.317260429263115 0.7391442358493805 0.4218742549419403 0 0.1771834194660187 0 0 0 0 0 0 0 0 0 16.04762695729733 5.174072742462158 8.753462009131908 109.312635011971 5.753895670175552 197.2401063814759 33.81223707646132 116.8480170816183 10.72551231831312 1.939228385686874 9.243430949747562 6.614630803465843 0 0.623444676399231 0 15.74512265622616 0 0 0 0.4518371969461441 0 61.08149318397045 8.244083747267723
66.86964185535908 116.3567627668381 5.884852260351181 303.2080942839384 13.05272859334946 5.439975678920746 66.04060301184654 0.273404985666275 1.612283378839493 1278.256319820881 1.280741855502129 217.9303748011589 125.334252923727 20.40696129202843 0 0 0 0 0 0 0 1.099920883774757 0 0 0 0 0 0 0.1310596019029617 0 3.309099227190018 0 18.57789266109467 0 0 0.577706515789032 77.45547917485237 4.392393723130226 21.12035368382931 1.700086608529091 0 0 0 0 0 0 0.7707059383392334 0 0 0 0 12.11763301491737 0.6568195670843124 0.1674615889787674 0 0.2373140901327133 456.5997657179832 7.593039609491825 19.24088071286678 0 0 4.274467706680298 0 0 0 0.1150226593017578 0 0 0 0 229.05549877882 77.74987375736237 11.21323047578335 0.4749695807695389 1.100408814847469 0 0 0 0 2.692551523447037 0 0.5031981468200684 0 0.6886500790715218 0 0.1205152347683907 0 2.152428820729256 2.082029081881046 6.038618922233582 2.02010864764452 2.67762541025877 0 0 0.1354074776172638 447.497029826045 367.9067948907614 22.65919962525368 163.3178050518036 472.6096944063902 2.092147350311279 13.3295790553093 0.1540148109197617 1.153945684432983 1.356674909591675 5.011192813515663 2.539517000317574 3.090861529111862 5.690714329481125 7.88367660343647 0.4449756294488907 12.74023908376694 25.02419845759869 12.19364742934704 6.280674070119858 0 0 0 0 0 0 0 0 0 0 0 0 0 0 0 0 0.122816301882267 0.2511492669582367 0 0.1926161795854568 0 0 0 0 3.079629451036453 0 0.3969414979219437 0.4228448867797852 0 0 0.3855531513690948 0 0 0 0 0 0 0 0 0 0 0 0 0 0 0 0.1525878757238388 0 0 0 0 1.502857536077499 0.5413903295993805 0 0 0.1174765229225159 0 0 0 0 0 6.446612641215324 0.6067738831043243 0 0 0 2.090292513370514 0 3.24865135550499 0 0 0 0 0 0.1744467616081238 0 0 0 0 0 0 0 16.8862818479538 0.1710115224123001 2.234842553734779 10.46461845934391 0.3473742008209229 1.441933289170265 0.2954247444868088 428.8695796132088 11.33664156496525 0 0.3646396100521088 29.49262177944183 0 0.2703093662858009 0 56.78981710970402 0 0 0 0 0 89.00333726406097 14.31190457940102
999.8913514912128 3346.460374459624 354.8866903930902 779.9301696568727 1332.574662834406 66.04060301184654 970.0553627982736 59.76613375544548 1082.6760969311 2588.437336847186 1450.765238784254 1151.101170808077 4599.704035796225 3297.393970787525 3.751331672072411 2.359789043664932 0.2134347409009933 0.1005183085799217 0 0.1985400170087814 0 0 0 0 0.3581680282950401 0 0 0 0.2202692925930023 0 327.1241691783071 22.50454644858837 51.64631758630276 0 0 0.5980434790253639 78.8630548864603 6.497292347252369 4.925974681973457 0.446597084403038 0 0.5658415108919144 0 0.2003213465213776 0 0 141.5552712753415 0.5013520270586014 0 0.6736774817109108 0.6719153076410294 0.2229738831520081 0 0.3952278792858124 8.257423512637615 9.271283306181431 144.2107240706682 584.2318569868803 72.09212239831686 80.61871058493853 0.6305379569530487 25.17179278284311 0.4540661424398422 105.5254975184798 2.425099588930607 0.5820399597287178 0.8307416960597038 0.3332874327898026 0.1365860998630524 0 104.7734968066216 1.294325858354568 0.1127793788909912 322.181282132864 175.4059673026204 47.35635256767273 5.328362852334976 1.299080319702625 0.2768171653151512 54.17300219088793 0.09581123292446136 4.841329663991928 15.92763768136501 0 0.5025850087404251 2.518314227461815 0.2753259539604187 0 0.7226323410868645 0 0.1957612931728363 0 0.3490176796913147 0 0.1279738694429398 203.4037174731493 15.12591183185577 0 21.36469297111034 54.88271703571081 8.960339434444904 34.84811189770699 124.7835037559271 210.3538415879011 3.370842114090919 34.8547051846981 16.91438019275665 15.52340641617775 57.70061738044024 57.29098193347454 14.72481532394886 112.2337545379996 80.35478065907955 50.13971730321646 40.63685040175915 0 0 0 0 0 0 0 0 0 0 0 0 0 0 0 0 0.1198221668601036 0 0 12.20757157355547 3.66407535970211 0 0 0 42.60262546688318 4.645185813307762 32.38166710734367 11.41225253045559 1.188105195760727 0.9305109977722168 0 0 0 0 0 0 0.9213710427284241 3.397544860839844 0 0.1712481677532196 0 0 0 0.106191948056221 0.523454874753952 0.1139278039336205 1.835967846214771 8.085622258484364 1.173944503068924 1.844011247158051 1.591765105724335 34.00444380939007 4.467605397105217 0.1108514368534088 0 0 0 0 0 0 0.1299192309379578 71.26281055063009 0.6211945563554764 0 0 0 22.92406588792801 0 14.51489191502333 1.621629305183887 5.818698152899742 0.3791147321462631 0 0 0 0 0 0 0 0 1.072400569915771 0 92.37463645637035 11.61776539683342 28.22421833872795 223.5459218993783 10.33572178333998 306.0414699390531 58.90127462893724 317.8045372366905 21.92861834913492 5.397270783782005 15.39024724066257 32.59611269831657 0 10.62208994477987 2.723263025283813 62.58235360682011 3.381132557988167 3.723948001861572 3.671997576951981 1.655897095799446 0 201.1746974438429 44.32815144956112
34.85113651305437 274.6021567508578 2836.146661005914 0.2054163068532944 239.1155224516988 0.273404985666275 59.76613375544548 2226.901125743985 186.5327627062798 21.38974326848984 4288.723391346633 6.762677006423473 165.6837916821241 741.209065631032 6.428909592330456 14.29354630410671 7.672816880047321 34.67112538963556 11.71580023318529 59.05552862584591 38.14107437431812 0.7642598152160645 4.430111601948738 4.060783430933952 27.73055803775787 1.452675372362137 3.198275275528431 0.9495599865913391 0.4429812133312225 0.3949768096208572 3206.164656117558 5135.036961771548 178.5602062642574 16.59140677005053 19.72385942935944 47.03632821142673 68.73523562401533 67.13196641951799 11.75123964995146 20.86859808862209 39.1719669252634 14.73250162601471 44.55394961684942 70.72578720003366 28.5019034743309 50.79505708813667 77.31611619889736 7.167101345956326 13.6169722750783 51.77947103977203 42.13342074304819 1.19563727080822 0.7069369256496429 0.9588516131043434 1.855986811220646 2.115175843238831 47.9480956569314 445.7206996306777 23.29661398380995 34.23080959171057 295.6072548702359 395.8551187589765 22.56676515936852 430.2777130305767 1.308785498142242 10.63070671260357 7.02596341073513 46.32614689320326 179.0468348413706 39.33164863288403 12.74906365573406 0.5142038762569427 0 128.0453840196133 189.8121012374759 34.3489191904664 206.3172304034233 247.9768394529819 2119.212812170386 4486.755416765809 291.8463984280825 1856.36144772172 9.000566050410271 0.1785653978586197 8.318479873239994 2.973263770341873 22.95839341729879 0 0.6644082963466644 0.1367624551057816 1.154701240360737 0 62.51595143973827 12.8529986590147 2.981388241052628 1.29536035656929 1.165821582078934 0 3.535265743732452 29.51964066922665 0 0 0.1517734080553055 0 0 0 0 0 0 0 0.719927191734314 1.449689209461212 0.1752830743789673 1.98680379986763 2.301596850156784 0 0 0 0 0 0 0 0 0 0 0 0 0 0 0 0 0.09996609389781952 0.2486523315310478 0 0.5626742914319038 0 0 0 0 4.397204421460629 0.6730153113603592 4.506102874875069 3.060770995914936 0.3395008444786072 0 0.1987065225839615 0 0 0 0 0 0 0.2629254460334778 0 0 0.4108410179615021 0.5538643151521683 0.3532023280858994 0 0 0 0 0 0 0 0 1.586938768625259 0 0 0 0 0 0 0.3868049085140228 0 0 2.133060738444328 0.9486074894666672 0.2354318648576736 0 1.179699555039406 1.27409964799881 0 0 0.1351971477270126 0 0 0 0 0 0.08454467356204987 0 0 0.1093038097023964 0.4470791295170784 0.1125644594430923 0.1530065536499023 1.148362636566162 1.881358712911606 3.51493226736784 110.3897956311703 9.608856655657291 167.3196839243174 41.07236892729998 32.17302761971951 8.244128920137882 0.7445063665509224 9.206114128232002 1.497827768325806 0 0.2941561043262482 0 1.662192940711975 0 0 0 0.3656400591135025 0 18.17072534561157 3.211844526231289
7.596694879233837 2145.494649671018 791.4308242127299 7.471067294478416 2048.543575018644 1.612283378839493 1082.6760969311 186.5327627062798 192.9826397895813 33.37734102457762 2114.763659894466 20.32691300660372 306.8655779287219 988.8960189819336 0.582762099802494 0 0 0 0 0 0 0 0 0 0 0 0 0 0 0 37.15132408589125 2.785395927727222 8.595875702798367 0 0 0 7.578745119273663 0 0 0 0 0 0 0 0 0 12.07124597579241 0 0 0 0 0 0 0 0 0.8325972259044647 4.42711067199707 18.28578293323517 1.816073536872864 3.701338030397892 0.1135993599891663 2.065778940916061 0 6.969850562512875 0.3485787287354469 0 0.09961161017417908 0 0 0 6.020487286150455 0 0 15.10450848191977 10.41784756630659 4.596329286694527 0.2454981431365013 0.3420499190688133 0 100.773892775178 0 0.3292602300643921 0.3533434644341469 0 0 0 0.07512078434228897 0 0 0 0 0 0 0 0.1438417136669159 9.440115630626678 1.657002151012421 0 0.2468000501394272 1.085579417645931 0.1474158316850662 0.1690843105316162 0.1649680882692337 0 0 0.7202124744653702 0.3928305506706238 0.3791217878460884 2.390243291854858 1.291535794734955 1.19640052318573 1.808916933834553 3.703618288040161 2.321986436843872 3.454000197350979 0.3980500400066376 0 0 0 0 0 0 0 0 0 0 0 0 0 0 0 0 0 0 0.5046850144863129 0.1753851175308228 0 0 0 2.255723506212234 1.241042405366898 3.379558250308037 1.420479655265808 0 0 0 0 0 0 0 0 0 0 0 0 0 0 0 0 0 0 0 0.4931914061307907 0 0 0 1.809748202562332 0 0 0 0 0 0 0 0 0 5.992096349596977 0 0 0 0 0.1998132616281509 0 1.156267315149307 0 0.6881700158119202 0.1062499135732651 0.09939569234848022 0 0 0 0 0 0 0 0 0 5.899540111422539 0.9457040280103683 2.793014273047447 17.18517778813839 1.100163772702217 23.19754356890917 2.992390759289265 10.93349457532167 1.808343686163425 0.2232204601168633 1.234129577875137 1.772349759936333 0 0 0 5.316334873437881 0 0 0 0 0 9.832886062562466 3.54229973256588
5089.248113274574 2516.86623301357 140.3551861941814 3919.318669252098 1010.800583973527 1278.256319820881 2588.437336847186 21.38974326848984 33.37734102457762 3986.810837261379 171.6049102544785 5955.148752868176 6521.758024156094 234.2097958251834 1.674684211611748 0.4921161681413651 0.1050599291920662 0.1112224012613297 0 0 0 0 0 0 0 0 0 0 0 0 91.07628142088652 3.582464054226875 85.53915789723396 0.1018837839365005 0 0 158.4935764819384 5.035626597702503 1.757093101739883 0.4051862061023712 0 0.1472688317298889 0 0.4424173459410667 0 0.5375251397490501 96.20073710381985 0.5085853710770607 0.1187815219163895 0.1341911405324936 0.7689408734440804 0.1746164560317993 0 0 8.33201876282692 8.944921843707561 238.6694984659553 828.7677328884602 98.09548489004374 48.8360151052475 0 12.186773262918 0 51.94792602956295 3.1225770637393 0.4634928628802299 0.8109466880559921 0.6737878322601318 0.3652093932032585 0 229.6677426993847 5.628709629178047 0.1651263684034348 319.298195771873 113.7326221466064 15.54780683666468 2.787812992930412 0.4023474454879761 0 11.56120430678129 0 1.960734710097313 22.01467702537775 0.1233588755130768 0.1132229343056679 2.542841799557209 0 0.1253928691148758 1.140606164932251 0.1080130338668823 0.6461145132780075 0.1457063853740692 0.2777958363294601 0.2023203521966934 0.6721228957176208 401.2331877872348 27.08512060344219 0.1083869710564613 17.41649600118399 220.3596305921674 2.35023707896471 42.33818194270134 26.52229280769825 83.75054861605167 2.239436767995358 35.14433538913727 11.12755763530731 18.58057560026646 44.32240323722363 39.06567527353764 10.02821324765682 185.3743973299861 337.8206823319197 125.5474336370826 31.47081505507231 0 0 0 0.1504538804292679 0 0 0 0 0 0.1768378764390945 0 0 0 0 0 0 0 0 0 11.38185092806816 1.45728674530983 0 0 0 23.09045255184174 1.122147351503372 21.74062888324261 8.0199239179492 0.9951982796192169 0.1757182031869888 0.3417689204216003 0.5493166446685791 0 0 0 0 0.2676583230495453 0.138143464922905 0 0 0 0 0 0 0.3174044266343117 0.1182899922132492 0.3317848742008209 2.88558891415596 0.2077252715826035 0 0 25.6354636400938 3.228321775794029 0 0 0 0 0 0 0 0 52.28956360369921 1.30350761115551 0.2094313055276871 0 0 11.26313151419163 1.046659111976624 6.547262698411942 1.083274871110916 0.4155353605747223 0.123329259455204 0 0 0 0 0 0 0.5738673508167267 0 0.2151512205600739 0 92.84736539423466 7.546522721648216 16.14377933740616 185.8517387881875 9.331000953912735 226.4525860920548 30.95403142273426 1603.948026023805 9.962930828332901 9.691308967769146 5.968263864517212 64.66132710874081 0.3160799443721771 2.185156628489494 1.156302072107792 158.5065962523222 1.303490296006203 0 1.102210402488708 0.4551373720169067 0 763.0891003683209 75.28746125102043
162.5082974880934 2654.063703246415 4635.082426056266 37.17180874943733 1984.850023470819 1.280741855502129 1450.765238784254 4288.723391346633 2114.763659894466 171.6049102544785 1873.447434358299 41.73135237395763 1500.772035993636 3411.142011389136 4.294836923480034 4.552545212209225 0.7204438298940659 0 0 0 0 0.641266942024231 0 0 0.7282151430845261 0 0 0 0 0 1447.050521567464 125.9538199231029 409.0276813954115 0 0 1.501077353954315 115.8325506895781 12.15376764535904 3.148379914462566 2.293336033821106 0.4835702180862427 1.407170176506042 0.1320343464612961 0.301717221736908 0 0 33.70858813822269 0 0 0.3521603047847748 1.7232426404953 0 0.1781837791204453 0.5689516365528107 0.970352441072464 0.6350273638963699 22.65283384174109 153.0163145288825 10.60973404347897 18.39635400474072 0 109.3016891404986 0 31.98516645282507 0.4368194714188576 0.2544967606663704 0.1078331843018532 0.2410305291414261 0.6646618992090225 0 22.45511524379253 0.5593523383140564 0 53.36514639854431 52.64549145102501 17.98636423051357 3.368070840835571 0 1.894303984940052 461.4805102720857 0 8.190369144082069 2.787686906754971 0 0.09283450245857239 0.3680109903216362 0.1330355256795883 0.1125255152583122 0.1314317882061005 0 0.2403103709220886 0 0.8254360482096672 0.5823831930756569 0.115988589823246 5.557002037763596 0.8593656122684479 0 1.748048797249794 26.13486705720425 0 0.9280266463756561 0.3908455818891525 0 0.1609759330749512 0.7966221123933792 0 2.137029320001602 1.655109524726868 0.5796529054641724 0.5572174191474915 3.130197376012802 1.436868533492088 2.016692027449608 1.612722337245941 0 0 0 0 0 0 0 0 0 0 0 0 0.2873177230358124 0 0 0 0 0.2305629849433899 0 0 0.1909403204917908 0 0 0 4.92709106951952 0.5737259835004807 3.955159336328506 1.786816239356995 0 0 0 0 0 0 0 0 0 0 0 0 0 0 0 0 0 0 0 0.1270017325878143 0 0 0.2815770357847214 4.882637441158295 0.2370050698518753 0 0 0 0 0.1175104454159737 0 0 0 3.885290786623955 0 0 0 0.3363209962844849 0.7582148909568787 0.4907602071762085 1.391283243894577 0.1045979037880898 0 0.1676552295684814 0 0.1333949714899063 0 0 0 0 0 0 0 0 5.914389632642269 1.717992275953293 2.349132180213928 69.1842640414834 1.869052320718765 68.62949281930923 13.92963448166847 36.48450746387243 5.053296960890293 0.4341976791620255 5.907725289463997 1.298179566860199 0 0 0 0.7148637771606445 0 0 0 0.5766716152429581 0 13.28530137240887 3.195921152830124
188.7952957451344 276.838707767427 44.78425038605928 643.4949647933245 286.3132793903351 217.9303748011589 1151.101170808077 6.762677006423473 20.32691300660372 5955.148752868176 41.73135237395763 355.9845114052296 2885.226502850652 195.8122748360038 5.882341399788857 3.408418998122215 0.7220823168754578 0 0 0.285388320684433 0 0.5351644158363342 0 0 0 0 0 0 0 0 46.79943948239088 3.656370334327221 92.50060194730759 0 0 0 452.4209545776248 7.931317284703255 5.811826169490814 0.9353274703025818 0.6953916698694229 0.7954287528991699 0 0.1305968016386032 0 0 37.10304705053568 0 0 0.2404786348342896 1.323615752160549 1.011689491569996 0.8017337173223495 0.3620234727859497 1.379927396774292 0.1932259351015091 17.30130250006914 64.31056681275368 5.36307206004858 17.12283609807491 0.1443713456392288 12.51431168615818 0 14.15361589193344 0.3222755342721939 0 0.1301367282867432 0.3014171421527863 0.1060221716761589 0 197.5002500489354 3.64042754471302 0.5253623649477959 44.19996269792318 27.82084361463785 15.6684769615531 3.822380416095257 0.8503004387021065 0 12.40002996474504 0 1.46428620070219 2.12599240988493 0.09937836229801178 0 0.2291588559746742 0 0.1448128074407578 0 0.3327744528651237 0 0 0.1260179430246353 0.340237483382225 0.9918881058692932 650.6609736979008 20.56463433802128 4.047807082533836 14.75350473076105 14.22325721383095 2.922670774161816 23.46153657138348 2.684324979782104 0.8430681079626083 0.613407239317894 13.61830739676952 1.241854846477509 13.55732408165932 15.51313965022564 20.41673444211483 13.01957792043686 57.92979484796524 66.66509715467691 53.65109272301197 40.39608865976334 0 0 0 0 0 0 0 0 0 0 0 0.648848295211792 0 0 0 0 0.3147422671318054 0 0 14.44052745401859 1.324276641011238 0 0 0 35.43469046801329 4.5382249802351 28.71158872544765 14.96065846085548 2.747841939330101 0 0.2797074317932129 0 0 0 0 0.4502529501914978 0 0.4648460149765015 0 0 0 0 0 0.2777396738529205 0.1308813989162445 0 0 2.024937137961388 0.5481771230697632 0.5430526733398438 0.4672650694847107 31.06487053632736 1.948899954557419 0 0 0 0 0 0 0 0 70.30062073469162 1.047511056065559 0 0 0 24.27389533817768 0 15.45628871023655 0.8993425443768501 0.1620666831731796 1.007255613803864 0.3190841525793076 0 0 0 0 0 0 0 0.2086161226034164 0.1984159052371979 116.3974387422204 16.43411949276924 21.59707936644554 118.2827647551894 4.235112950205803 96.19328871369362 15.33444810658693 292.3782453164458 6.918455317616463 0.5758341997861862 5.755686670541763 26.45203775167465 0 5.451478913426399 1.79860608279705 96.19488246738911 0.7499624341726303 3.380905508995056 0.7812038958072662 0.5144904553890228 0 286.9507654234767 68.85389932990074
588.8328951820731 1901.696683771908 648.5155442729592 1505.722456768155 440.6971737444401 125.334252923727 4599.704035796225 165.6837916821241 306.8655779287219 6521.758024156094 1500.772035993636 2885.226502850652 2021.660775102675 4989.484577000141 27.36740817129612 15.81909538060427 1.768222525715828 0 0.1107871159911156 0.3097996860742569 0.6326770558953285 3.201088055968285 0 0 1.302537351846695 0 0 0 0.1688511222600937 0 545.7307609021664 41.45839244127274 522.644217133522 0 0.3013675883412361 0.6575256362557411 780.6910969614983 18.4926421418786 17.04439732432365 4.905209064483643 0.7402893751859665 3.230824679136276 0.6245559304952621 2.791698575019836 0.8185043185949326 0.4254225492477417 235.3916276618838 0.4298007041215897 0.5641475543379784 0.3577422425150871 3.142410576343536 0.5312081426382065 0.2914059609174728 2.061554491519928 4.808381572365761 4.549119912087917 87.42782740294933 390.3071219995618 51.29564891755581 103.3103547021747 0.1550784707069397 64.13504923135042 0.2982527911663055 117.0336476787925 1.727107524871826 0.9792048186063766 0.8361586704850197 1.414756953716278 0.8900466561317444 0.1485108286142349 516.4584462121129 4.596944019198418 0 269.9234419465065 177.7493130266666 91.97870528697968 15.32038316875696 2.720439240336418 0.2096369862556458 338.0672807097435 0.2169719859957695 6.774235524237156 12.13728291541338 0 0.7639866694808006 1.269084982573986 0.2738256901502609 0.2659177333116531 0.9806829243898392 0.4618922770023346 1.566058933734894 0.4102359414100647 0.9498785436153412 1.307087033987045 2.317875146865845 1961.59963388741 29.02890695631504 0 37.60762801766396 43.97270850092173 9.402140967547894 66.04997493326664 16.13057573139668 9.99139715731144 7.93056446313858 54.13053610920906 9.61152920126915 22.08188892900944 52.67325334995985 71.44721595942974 44.81865690648556 176.6377971246839 259.679394967854 174.673011161387 150.0901359915733 1.152259737253189 0.9415160417556763 0 0 0 0.1436893343925476 0 0 0.3599847257137299 0 0 0 0.3740916848182678 0 0.2049495726823807 0 0.1265645027160645 0 0.1369268000125885 46.58985901623964 10.52862084656954 0 0 0.5739536583423615 153.7409893348813 10.48011949658394 112.7441536784172 52.17738749831915 3.444014966487885 0.218335434794426 1.239489085972309 0 0 0 0 0 1.246424078941345 2.034901797771454 0 0 0 1.852223187685013 0 0.1487291306257248 0.1683409065008163 0 2.136144734919071 8.834392227232456 0.3046708852052689 0.1892109513282776 4.406274244189262 129.4142526164651 7.983939379453659 0.1554236561059952 0 1.101930141448975 0 0 0 0.577047273516655 0.4076212048530579 275.1783786043525 4.192748248577118 0.3938456177711487 0 0.2955302596092224 73.29674477875233 0.8716697096824646 61.7197991758585 2.758729659020901 5.892622739076614 0.9317911937832832 0.4848582744598389 0 0 0 0 0 0.1141127645969391 0.1496392786502838 0.6084506213665009 0 367.1514703780413 62.42964279651642 103.4498298019171 557.4784225225449 11.26110737770796 458.2397143170238 90.55410792678595 478.9896484017372 41.21946942061186 7.405057460069656 38.85183104872704 91.6558720394969 0.1538970917463303 17.10148768872023 5.403426639735699 226.1743424385786 5.271489411592484 2.579162120819092 2.681135848164558 2.740530028939247 0 567.8901995494962 216.4838718026876
270.7544652894139 3353.105121739209 2113.010911524296 85.25419682264328 2232.756542883813 20.40696129202843 3297.393970787525 741.209065631032 988.8960189819336 234.2097958251834 3411.142011389136 195.8122748360038 4989.484577000141 1489.424007035792 14.30531810224056 13.63044928014278 1.338022440671921 0.103920504450798 0.2379174530506134 0.1739596128463745 0 1.054381415247917 0 0 1.288463190197945 0 0 0 0 0 880.6897076740861 55.75863897055387 986.5261182188988 0 0 5.842003688216209 1374.677514106035 53.04524852335453 19.41674584895372 4.951783567667007 2.227761544287205 2.57884606719017 0.1031669676303864 0.7207824364304543 0.2876965254545212 0.6062230169773102 129.1503738239408 0.5848269462585449 0.1421744674444199 1.169293768703938 3.04679174721241 0.3195997923612595 0.2197279557585716 1.645861506462097 3.106955841183662 3.515707157552242 62.38198281079531 309.1321578025818 32.85518253594637 60.87514305114746 0.1112341210246086 202.8715324923396 0 98.04262921959162 2.112837918102741 1.03566736727953 0.6839013323187828 1.614106826484203 0.8249242454767227 0.2033283039927483 186.3493342548609 5.240095600485802 0 193.8472639098763 145.7159607857466 66.49133628606796 13.21970323473215 3.21292719244957 0.2190376818180084 729.0681153684855 0 11.8173339292407 7.947713911533356 2.120113849639893 0.6848991513252258 1.480916939675808 0.7144249677658081 0 0.3912248164415359 0.1018586158752441 0.2973102852702141 0.28330397605896 0.6309884637594223 1.75915215909481 0.7545167878270149 120.0745053291321 13.61529810726643 0 13.90803268551826 44.62651483714581 2.940356194972992 11.8440438657999 2.01447569578886 0.9826202094554901 1.35284960269928 12.06190925836563 1.52913960814476 5.539596036076546 13.93703942000866 13.51189099252224 13.40299320220947 34.10190100222826 58.71030505746603 32.14453938603401 36.5513816550374 0.1000584065914154 0.8784846514463425 0 0 0 0 0 0 0 0 0 0 0.488126665353775 0 0 0 0 0 0.3284284546971321 10.37640409171581 0.9792041480541229 0 0.4882426559925079 0 43.69737549126148 6.564218267798424 35.61585913598537 15.73531430959702 2.641262739896774 0 0.3789033591747284 0 0 0 0 0 0 0.6033934503793716 0 0 0 0.763835147023201 0.3553148508071899 0 0.1335677653551102 0 0.1337844282388687 1.766874127089977 0.2637935280799866 1.414177849888802 3.582756474614143 41.04988425970078 3.953439176082611 0 0 0 0 0 0 0 1.222816586494446 69.07716616988182 1.151689529418945 0.4417655467987061 0 0.1824265420436859 30.38514763861895 1.865133911371231 22.01872682571411 0.6839040592312813 1.296693436801434 0.1159794330596924 0 0.1181425377726555 0 2.828503847122192 0 0 0 0 0.4406315088272095 0 80.4157593101263 18.68309427052736 33.50295904278755 305.8181094378233 12.41646731644869 267.2309475392103 55.77941885590553 123.7165285497904 20.03253028541803 2.3433927744627 23.38473277539015 15.29460006952286 1.22200882434845 3.449722945690155 1.354931250214577 50.82362401485443 1.018009260296822 0 1.75357674062252 3.168739691376686 0.2079774886369705 107.9981756135821 43.19464285671711
0.6567385867238045 2.914100959897041 2.437844894826412 0 2.944003373384476 0 3.751331672072411 6.428909592330456 0.582762099802494 1.674684211611748 4.294836923480034 5.882341399788857 27.36740817129612 14.30531810224056 1013.384041778743 1979.221637904644 447.6267394348979 11.97848139703274 17.05398919433355 3.513528540730476 0.2753840684890747 0.1205844357609749 0.1630502641201019 0.9806376621127129 18.3765932098031 0.2040144801139832 2.07095867395401 0.6801103800535202 1.149144999682903 0.720298245549202 9.954708777368069 3.818218104541302 56.03575167059898 7.549061015248299 4.36231441795826 61.75403822213411 145.9243129864335 136.7349603176117 162.1993201747537 75.95883344858885 1.802921697497368 4.734431177377701 2.391552664339542 343.2230895608664 106.7103362008929 72.89348345994949 302.5081809833646 20.14073238521814 46.47619242221117 20.58443325012922 6.328952223062515 0.1359123885631561 5.307289026677608 1.360836640000343 0.5290070399641991 0.2640774324536324 0.2977982461452484 1.60592282563448 3.612171947956085 1268.466245211661 35.80162691324949 244.0593049898744 20.46000108122826 2.503725588321686 0.2669355347752571 1.548982873558998 2.446550019085407 5.338896438479424 13.13959658890963 0.7633904740214348 24.69055470824242 1.512013807892799 0 162.2757071182132 3.360355421900749 1048.152793243527 42.03365039080381 97.83938509970903 6.690943792462349 102.6890915259719 17.49197994917631 133.7189325839281 4.331888988614082 0 3.666392281651497 0.7367590293288231 7.5587377846241 0 0.8305448740720749 0.1001083180308342 0.8931825459003448 0.2458547353744507 2.555539101362228 1.735936567187309 1.974482394754887 2.716208174824715 14.12077274918556 0.8375805616378784 57.96640826761723 0.1061267778277397 0 0 0 0 0 0 0 0 0 0 0 0.8911748826503754 0.6508727073669434 0 0.2874240577220917 0 0 0 0 0 0.1287075728178024 0 0 0 0 0 0.1261386573314667 1.398603349924088 0 0.6001797839999199 0 0.8964494466781616 0.3140615522861481 0.6838771626353264 0.2901597619056702 0 0 0.4614007771015167 0.1449614465236664 1.784597024321556 1.375399902462959 6.154442332684994 10.31855750828981 5.684718154370785 0 0 0 0 0 0.4564302861690521 0 0 0 0 0 0.2936538755893707 4.63310482352972 0 0 0 0 0 0 0 0.1299460977315903 1.559807911515236 1.19514761865139 0 0 0 0 0 0.1518305987119675 0 0 0.2316093146800995 1.45759242773056 1.988744169473648 0 0 0.1243303939700127 0 0.3511294722557068 0.8502997010946274 0 0.3351302146911621 0.3741927444934845 0.2018187195062637 0.109015665948391 0 0 0 0 0.3020859360694885 0.2270325496792793 0.1435457617044449 0 1.760424010455608 3.909018360078335 8.528303146362305 9.500108160078526 4.132822915911674 194.0225050151348 9.871133424341679 1.224547773599625 0.1132321730256081 0 1.01974580436945 2.266409613192081 0.1558565497398376 0.3089465349912643 0 0.2571592330932617 0 0 0.5057908296585083 0.5436939001083374 0 6.006815068423748 4.749643430113792
