414.3895562291145 2755.990711793303 429.4528273642063 1253.216168984771 209.1141286641359 33.649135440588 335.6775532737374 35.50757214426994 15.04474736750126 898.6245685294271 37.4525014385581 364.78174059093 118.6424762904644 12.81707512587309 2.565490365028381 0.2318754270672798 0 0 0.08074287325143814 0.08090383559465408 0.1014422550797462 0 0 0 0.08076832443475723 0 0 0 0 0.112534761428833 616.4888906255364 4.549656368792057 1.677831381559372 0 0.170626774430275 0 1.320283010601997 0.4249794185161591 0 0 0 0.1775683686137199 0 0.2333663403987885 0 0.1994527503848076 23.98185507953167 8.537567600607872 1.476819202303886 0.07238559424877167 1.090835243463516 0.2324568927288055 0 0.09188175201416016 3.523773312568665 3.000216357409954 254.7424940541387 956.0141173303127 18.33859062194824 33.90553083270788 0.08275697380304337 1.17243979871273 0 14.60727334022522 2.554633140563965 4.000856228172779 4.994612731039524 1.432781331241131 0.8216690495610237 0.5814820379018784 3.567978024482727 0.3714455664157867 0 127.9442835971713 39.96958355605602 62.60861877351999 4.30982967466116 0.6616512015461922 1.55464868247509 3.949489995837212 0.3687921091914177 0.9085481315851212 6.769901737570763 0 4.579957343637943 5.320407800376415 1.085477538406849 0.07498109340667725 2.841244287788868 0 0.6786698624491692 0.2627500295639038 0 0.2590410187840462 0.2448013499379158 23.48679250478745 3.743440791964531 0 0.7339290529489517 1610.583942010999 0 0 1.505160868167877 0 0 4.105804190039635 8.872115522623062 2.787062928080559 3.932036817073822 10.60117825865746 0.4089756608009338 5.45732919126749 3.237716488540173 0.2305343300104141 0.1217035055160522 0 0 0 0 0 0 0 0 0 0 0 0 0 0 0 0 0 0 0 0.1295240372419357 0.5844186544418335 0 0 0 0 0 1.385949105024338 0 0 0 0.09045594930648804 0 0 0 0 0 0 0 0 0 0 0 0 0 0 0.07861117273569107 0 0 0 0 0.6509103178977966 0.8536306023597717 0 0 0 0 0 0 0.09196996688842773 0 0 0 0 0 0 0 0.7177873849868774 0 0 0 0 0 0 0 0 0 0 0 0 0 0 0 1.215662963688374 0 0.8938060998916626 173.2974064424634 2.319880947470665 63.99162577837706 4.124547347426414 760.8166742920876 5.618737407028675 1.244943007826805 0.7024256587028503 16.96716532856226 0.2194396406412125 0 0 12.6723547577858 0 0 0 0.6477502435445786 0 223.2135782837868 4.235053703188896
2755.990711793303 1638.16123008728 1075.668403796852 1624.419336549938 2590.458599075675 37.09979492425919 2064.267722852528 673.2876372262836 623.3406663537025 1076.239630915225 425.0654696151614 220.7044860348105 797.8813343122602 374.4024526327848 50.65390022844076 9.261339239776134 2.096738010644913 0.1960111483931541 0.1075501292943954 0.4966616183519363 0.3972357660531998 0 0.09868738055229187 0 0.4379352182149887 0.1075171604752541 0.0829387828707695 0.4463388472795486 0 0 4096.290457326919 58.66401959955692 20.27230032533407 0 0.2940168380737305 0.1106298044323921 14.09812881797552 2.762590251863003 3.435227639973164 0.4691044837236404 0.7798010408878326 0.6717849522829056 0.7129625082015991 0.7267365977168083 0.07553727924823761 3.526511967182159 359.0184377804399 33.85933995246887 5.826150119304657 2.8896479383111 4.478710889816284 0.4813637211918831 0.1212381422519684 0.383507028222084 9.624655872583389 10.62618888914585 148.4774380400777 1260.44803982228 38.33956913650036 183.9798209294677 2.320837318897247 16.78519984334707 1.626064993441105 332.0871080979705 11.20209579914808 17.7854063436389 20.48626797646284 8.931061513721943 3.054799221456051 6.09859474003315 7.903290309011936 9.688142508268356 0.1409453451633453 485.7205392792821 418.1275187581778 509.0224139615893 151.3832458928227 9.612607270479202 15.41471893340349 40.34866746515036 4.089362137019634 39.66209954768419 25.17783431708813 0.2597226426005363 22.88231278955936 21.00183682143688 7.553997896611691 0 10.17812968790531 0.1689633950591087 1.961997255682945 1.227175518870354 1.680940181016922 2.9791269749403 1.368032485246658 11.51485885679722 3.555139504373074 0.7532428950071335 0.7207483947277069 744.6939991042018 1.152842611074448 0 2.325849115848541 1.857421480119228 1.539540797472 9.882997445762157 13.43305380642414 8.575591273605824 10.95141264051199 14.92284849286079 5.024085745215416 11.44797725230455 13.50161127001047 3.06102616339922 2.281104512512684 0 0 0 0 0 0 0 0.3094805330038071 0 0 0 0 0 0 0 0 0 0 0 1.171122647821903 3.776207536458969 0 0 0.9356815218925476 1.525334320962429 4.458872310817242 10.5643577426672 1.786271505057812 2.884505301713943 0 0 0 0 0 0 0 0.248040959239006 0 0 0 0.6323595494031906 0.2391177788376808 0 0 0 0 0.1308276206254959 0.9511946812272072 0 2.261194050312042 3.736415386199951 6.720489904284477 0 0 0.07657607644796371 0 0 0 0 0 0 5.218606851994991 1.827209502458572 0.3674794435501099 0.3556576669216156 0.5266084372997284 4.696578577160835 1.696117699146271 3.366550609469414 0 1.054510429501534 0 0 0.6761300563812256 0 0 0 0 0.08485433459281921 0.08781655877828598 0 0 8.194230481982231 1.413970306515694 4.764133557677269 446.0197742432356 14.54693757742643 522.1105946227908 40.14774266630411 441.3218792974949 52.22350451350212 5.17626991122961 39.86928322166204 19.74830726534128 1.077260985970497 3.123477697372437 0.2098125815391541 17.3589812964201 0.5744630098342896 0 0.2931116223335266 20.1515526175499 1.524571344256401 61.4530318826437 22.59527640044689
429.4528273642063 1075.668403796852 1215.591757334769 8.085927598178387 971.6736294478178 0 33.10938850790262 2515.690909780562 370.9779001250863 6.781149826943874 1221.497239939868 59.74442484974861 226.2933367192745 681.0503789409995 32.63269903510809 13.39447309076786 1.223178446292877 0.109824538230896 0.1281642317771912 0.2636911422014236 4.254997439682484 0.2789981961250305 1.571175895631313 0.6067128702998161 1.742918387055397 0.1073233112692833 0.2532885670661926 0 0.1226275116205215 0.2469425052404404 4308.809931918979 269.2253326028585 135.5322008803487 0.139831081032753 2.645730681717396 2.234538972377777 50.58194878697395 8.16039402037859 5.309565380215645 1.686660535633564 10.80493327975273 1.601109385490417 0.2652913257479668 2.218289412558079 0 1.832584515213966 111.8543063029647 6.401299729943275 1.812151707708836 1.112977065145969 4.013826981186867 0.5891401246190071 0.1223318725824356 0.1839355677366257 1.437326498329639 2.875375024974346 29.02559484541416 469.6135118827224 9.739166490733624 38.14165656268597 1.41370003670454 31.77464391291142 1.982385337352753 214.8801864907146 2.03526533395052 3.922340832650661 4.913567610085011 5.757543742656708 9.152222253382206 22.12734694033861 21.59911123663187 19.04846534132957 0 126.7636370360851 161.3813795074821 142.0571143701673 70.06945087015629 9.684321328997612 257.6055893525481 525.5022330880165 11.0502243489027 238.6657173633575 6.303606852889061 0 5.519703082740307 5.1811788007617 2.518990211188793 0 1.866903603076935 0 1.296401597559452 0.2005311101675034 12.35129626095295 2.558184824883938 1.045516684651375 16.63578249514103 6.030045717954636 0.2048148885369301 2.082290716469288 61.34556269645691 0.6043764129281044 0.6305413171648979 1.557217381894588 2.129256747663021 2.587377063930035 8.176367715001106 1.414685882627964 10.14460911601782 6.405957706272602 16.98127905279398 3.104001253843307 7.695138335227966 8.23534020036459 3.972949296236038 2.212885841727257 0 0.09476981312036514 0 0 0 0 0 0 0 0 0 0 0 0 0 0.1514794081449509 0 1.559692978858948 0 1.45671246945858 2.093459971249104 0 0.579174280166626 0.1003661453723907 3.05002798140049 2.109461784362793 15.44655837863684 2.404080346226692 0.8362723216414452 0 0 0 0 0.1264654099941254 1.023904651403427 0 0.1169004365801811 0.1164050027728081 0 0.2326938509941101 1.481639817357063 0 0.1260492503643036 0 0 0 0.2343584075570107 1.111408263444901 0 0.4695556834340096 5.54460383951664 6.400368675589561 1.519948370754719 0 0 0 0 0 0 0 0 6.93511389195919 1.386578522622585 0.3966042101383209 0.1019031628966331 0.1165143623948097 9.703793399035931 2.10643494874239 4.956259213387966 0.2242071777582169 2.479434505105019 0.1318735033273697 0.1088631376624107 0.1377865672111511 0 0 0 0 0.1009648591279984 0.1069081053137779 0 0 9.673239141702652 3.615553759038448 6.286106020212173 158.9518063217402 5.272697903215885 154.0998496115208 24.57048290222883 43.33901266753674 13.3603423833847 1.05197723954916 18.48664987832308 6.110650092363358 0.6693993285298347 1.357238866388798 0.1343571096658707 2.713648594915867 0 0 0.5412960052490234 7.830518372356892 2.110289245843887 15.86691249161959 17.9446232393384
1253.216168984771 1624.419336549938 8.085927598178387 410.5807173028588 121.6572064161301 194.7829990237951 1220.712422423065 1.519634947180748 30.17682588100433 1413.583455465734 0.9195066317915916 1274.515119373798 399.628615707159 21.94150716811419 4.184403270483017 0.2595598548650742 0 0.09360925853252411 0 0 0 0 0 0 0 0 0 0 0 0.09643679857254028 67.49429370462894 1.256846621632576 5.574759289622307 0 0 0 4.542232930660248 0.1879770159721375 0 0 0 0 0.08173372596502304 0.1699964702129364 0 0.3745441883802414 37.4612650424242 4.379278630018234 1.247691482305527 0.1509182453155518 0.6084456369280815 0 0 0 0.8099953755736351 1.80329517275095 29.16621834784746 193.5294385254383 6.023084476590157 29.39637970179319 0.1229850724339485 0.4325134977698326 0.1393673419952393 23.97994393110275 1.17341648042202 1.862479329109192 2.164949581027031 0.9901569038629532 0.1930146142840385 0.2530284821987152 6.042931981384754 0.3915336728096008 0 72.53651793301105 40.805948138237 58.62414674460888 8.459446154534817 0.6413825824856758 0.3708509728312492 0.1791102513670921 0.2136926352977753 0.6353671029210091 4.177775248885155 0 2.602067209780216 3.319493144750595 1.073305517435074 0 1.590519435703754 0 0.487054318189621 0.08750247210264206 0 0.1993830129504204 0.1430595070123672 24.41459788382053 0 0 0.1553313285112381 455.718581289053 0.6505198776721954 2.704384803771973 56.2759835422039 40.74438796937466 0.9646993577480316 32.10598509013653 36.69675327837467 17.71723893284798 81.39616556465626 66.42901505529881 1.592611044645309 61.43754513561726 77.18131431937218 17.82264060527086 0.6606514751911163 0 0 0 0 0 0 0 0 0 0 0.2973616421222687 0 0.8584907054901123 0 0 0 0.268599808216095 0 0 1.472202897071838 0.17634417116642 0 0 0 0 0 2.579929322004318 2.262492418289185 0.5228627920150757 0 0 0 0.2128306925296783 0 0 0 0 0 0 0 1.082795739173889 0 0.1472638696432114 0 0 0 0 0.6354290097951889 0.3646742403507233 0 0 1.588381320238113 0 0.1135278716683388 0 0 0 0 0 0 0 1.32396474480629 0.1737408339977264 0 0 0 0.2938666641712189 0.3824737370014191 1.204030901193619 0 0.5259448885917664 0.1034031063318253 0 0 0 0 0 0 0 0 0 0 6.928351804614067 0 0.9219570159912109 115.2149545997381 1.596628591418266 43.61007654666901 2.437420830130577 655.8923015445471 2.397094614803791 0.9413680210709572 1.548342332243919 16.38496904820204 0.1434058248996735 1.272615008056164 0 29.30550830066204 0 0 0 0.5256016552448273 0 97.26105169206858 9.841899737715721
209.1141286641359 2590.458599075675 971.6736294478178 121.6572064161301 2315.500763073564 2.889493033289909 1092.849259033799 1254.93116338551 3464.980585701764 220.9219701215625 1655.44000993669 55.82678861171007 983.1992882788181 1151.937462359667 28.53505658358335 5.579978369176388 0.6814130842685699 0.2347629144787788 0 0 0.7161413282155991 0.6860193908214569 0 0 0.1059970110654831 0 0 0.09896296262741089 0 0.1013033911585808 358.0071813166142 41.49745697528124 23.65403442084789 1.158404469490051 0 0.377713106572628 19.23079722374678 6.17666332423687 2.320341974496841 0.1336836814880371 0.3754512369632721 0.1783838868141174 0.1693785861134529 1.538572445511818 0 0.866954579949379 199.1697826236486 8.472922429442406 3.139513283967972 0.7726957127451897 1.415550865232944 0 0.1601755172014236 0.08623336255550385 2.123570837080479 2.203305050730705 16.17777839303017 120.3935485780239 8.459253303706646 47.81037446111441 0.8165725544095039 18.62422668933868 0.690077617764473 97.66805258393288 3.062920488417149 4.686551235616207 4.426951847970486 1.830806992948055 1.67876897752285 3.058678157627583 21.69837462902069 28.74727823585272 0.1139394491910934 95.4420503526926 122.5931768938899 147.5908538922668 82.66494964808226 6.411816857755184 8.163322471082211 27.53725247830153 3.442480277270079 37.3912226036191 5.675145633518696 0.1493360698223114 4.983532689511776 5.253981836140156 1.649923831224442 0.1939734891057014 2.156675115227699 0 0.6238099858164787 0.2859271541237831 1.248401314020157 0.2666945978999138 1.057323515415192 26.10731068998575 6.726258605718613 0.5236613377928734 1.406854100525379 12.31506981700659 2.04599641263485 0.2152818441390991 4.773712284862995 2.837122082710266 1.53459931910038 15.05403935909271 3.083453550934792 18.2362167686224 11.31498333066702 18.93677243590355 7.77736996114254 17.52346735447645 18.28466255962849 5.500189542770386 4.758747465908527 0.2316304594278336 0 0 0 0 0 0 0 0 0 0 0 0 0 0 0 0 0 0 1.835706271231174 2.380945861339569 0 0 0 3.855173580348492 3.798040419816971 14.26782004535198 3.01483878493309 1.771460801362991 0 0 0 0 0 0 0 1.276343703269958 0 0 0 0.1292764842510223 0.2466774433851242 0 0 0 0 1.115646012127399 1.518753252923489 0.7292844653129578 2.612577080726624 1.334975510835648 7.856317453086376 3.083457335829735 0 0 0 0 0 0 0 0 10.06622626632452 0.9706754386425018 0.1234837472438812 0.3885066211223602 0 10.93962047994137 2.671033643186092 3.438587114214897 0.1987121105194092 0.3744407743215561 0.5459789037704468 0 0 0 0 0 0 0.1256000101566315 0.09901788085699081 0 0 12.77697747945786 2.2696468308568 3.556885436177254 265.7795298919082 6.764265470206738 285.9677723869681 32.25856596976519 72.69872809946537 35.67190337926149 2.427317075431347 31.93860137462616 8.484722405672073 0.4415281563997269 2.941916361451149 0.8048042356967926 11.38451059162617 0.1091171279549599 0.8241807818412781 0 14.04203383624554 0.8454320579767227 33.92889761924744 27.04170863330364
33.649135440588 37.09979492425919 0 194.7829990237951 2.889493033289909 0 17.60460399091244 0.2578949928283691 3.140140995383263 276.2317040413618 0.6506183594465256 120.1194470226765 56.40936936438084 9.695842683315277 0 0.1195105537772179 0 0 0 0 0 5.624507136642933 0 0 0.3186642825603485 0.3815434277057648 0 0.1584809571504593 0.2682896554470062 0.1873441338539124 1.018940396606922 0 2.034983530640602 0 0.1537174582481384 0.4124723672866821 23.21230927109718 4.588255628943443 12.72461957484484 0.5562770664691925 0 0.2780186235904694 0 0.2400776892900467 0 0 0.5639860033988953 0 0.1130702793598175 0 0.1258635669946671 26.14475547522306 18.70193219929934 0.5763316452503204 0.4570336043834686 0.2766367048025131 41.60185268521309 2.752618111670017 0.6981997489929199 1.670567035675049 0.3181979656219482 3.217436477541924 0.3205826878547668 0.3372019827365875 0 0.1274636387825012 0.1244825795292854 0 0 0 199.941941909492 54.79743445664644 16.45921495556831 0.5640322789549828 1.638241767883301 0.1634719222784042 0.7085298299789429 0 0 0.7607513219118118 0 1.508023545145988 0 0.5053628757596016 0 0.2281365096569061 0.1795320361852646 4.503706492483616 2.725214168429375 15.71369966864586 3.798295915126801 17.85883162170649 0 0.9228599071502686 7.479654707014561 233.4845838546753 139.3850044161081 48.23138570785522 41.54154043644667 444.593956142664 0 0.105792336165905 0.1061105877161026 0.3608547151088715 0 0.5540124773979187 5.016279801726341 1.276687115430832 2.650673031806946 1.940982043743134 0.1193747073411942 1.382058918476105 4.329232953488827 0.5206906795501709 0.1886555999517441 0 0 0 0 0 0 0 0 0 0 0 0 0.4409836381673813 0 0 0 0 0 0 0 0 0 0 0 0.1271385848522186 0.2665701881051064 0.4694712907075882 0.2152327820658684 0.2159473076462746 0 0 0 0 0 0 0 0 0 0 0 0 0.1021550819277763 0.5202391743659973 0 0 0.1239843368530273 0 0 0 0 0 0.1269286572933197 0 0.09832315146923065 0 0 0 0 0 0 0 0 0.35978102684021 0.1453289240598679 0 0.4725302308797836 0.289884626865387 0 0 0 0.1137552335858345 0 0 0 0 0 0 0 0 0 0.4210940301418304 0.3894208669662476 1.372569486498833 0 0.3098158314824104 23.24118934571743 0.4719081521034241 2.43582609295845 0.8225526884198189 110.3480909913778 1.544312193989754 0 0 3.085811972618103 0 0.4768015742301941 0.3922711610794067 3.249192327260971 0.2454294115304947 0 0.1318155825138092 0.4731880724430084 0 130.3713491484523 3.140384905040264
335.6775532737374 2064.267722852528 33.10938850790262 1220.712422423065 1092.849259033799 17.60460399091244 1191.495726719499 14.9917419552803 731.4305105283856 2729.381730318069 112.3358466699719 1107.741216748953 3165.558031857014 1587.952936820686 14.46245732903481 3.071361035108566 0.9827117994427681 0.1010698229074478 0 0.09682340919971466 0.09864787012338638 0.2562252283096313 0 0 0 0 0 0.22601018846035 0.1304699778556824 0 63.14011943340302 9.501892596483231 27.66141441464424 0 0.1065198332071304 0 25.26643780618906 2.521907135844231 4.684771440923214 0.7211426496505737 0.2572073861956596 0.2422280088067055 0 0.5730970278382301 0 0.3843208253383636 88.56922107189894 5.731477208435535 1.132098011672497 0.4382377713918686 0.8011486455798149 0.1981023102998734 0 0 1.324101999402046 1.751301057636738 14.87608971446753 107.6910964772105 5.449613071978092 34.93043930083513 0.4905020073056221 15.52824752777815 0 41.79302059859037 1.834133446216583 2.376508940011263 3.243274174630642 0.9122367799282074 0.6839956119656563 1.937599912285805 27.72808638215065 28.29895332455635 0.116359069943428 63.88184782117605 65.30761923640966 81.76246271282434 31.47124700248241 3.434860564768314 1.818457916378975 5.582682356238365 1.785073719918728 25.05053649842739 4.557102538645267 0 2.542854614555836 2.876030556857586 1.319316431879997 0 1.52738580852747 0 0.8028698638081551 0.126408189535141 0.1163875088095665 0 0.2241138219833374 79.28543217480183 10.94243344664574 0.6898902803659439 1.596633017063141 32.46434463560581 3.342698104679585 3.175705522298813 77.37222719192505 36.78297960758209 5.455616667866707 86.76235250383615 32.13485430181026 52.47487288713455 87.68008942902088 193.0432058274746 8.44147352874279 56.21842592954636 42.85754100978374 15.00245230644941 5.058242827653885 0.3690325617790222 0.1774973720312119 0 0 0 0 0 0.2170058786869049 0 0 0 0 0 0 1.127681374549866 0 0 0 0 4.583396904170513 2.619484096765518 0 0.1825674772262573 0 7.511583603918552 8.051195159554482 22.06426922976971 4.475238129496574 2.384230613708496 0 0.2008163183927536 0 0 0.8139657974243164 2.390476107597351 0 1.577708803117275 1.83204710483551 0.1937194615602493 0 0.5713762044906616 1.238682955503464 0.2301882952451706 0.3301674127578735 0.4105514511466026 0 0.2815099209547043 2.955915302038193 0.4629920423030853 4.536977931857109 4.378624469041824 11.94293055683374 4.921898879110813 0 0 0 0 0 0 0 0 9.376179054379463 2.228900939226151 0 0 0.2854523807764053 13.51525122672319 3.942824259400368 12.78016704320908 0.5151117891073227 1.43713616579771 0.7941818162798882 0.5784515738487244 0 0 0 0 0 0 0.09604837000370026 0 0 25.37190139293671 1.814051896333694 6.991377204656601 182.6981570422649 2.30911610275507 130.7513522654772 14.424386754632 119.7422313317657 15.10639560967684 0.3050342872738838 14.93410924822092 19.56614480912685 0.2196833863854408 7.079555436968803 0.56044602394104 19.68084367364645 1.075124204158783 0 0.3886968493461609 8.314727887511253 0.2660226225852966 62.8854211345315 71.55104740709066
35.50757214426994 673.2876372262836 2515.690909780562 1.519634947180748 1254.93116338551 0.2578949928283691 14.9917419552803 1644.301999233663 511.4267203360796 2.686363264918327 2599.189912684262 117.7928736805916 386.0731618851423 2208.633397147059 52.42124520987272 23.71604196727276 2.391108989715576 0.4784370958805084 0.3166620880365372 0.87061707675457 13.3696635812521 1.053681924939156 2.747771345078945 2.069377556443214 3.22101154923439 1.169646188616753 0.8256715461611748 2.43696853518486 0.2645980343222618 0 1681.266152769327 1198.993463985622 260.8934650793672 0.618220217525959 5.798626229166985 8.504943154752254 68.87641914188862 18.38264957070351 14.60130481421947 3.547749266028404 27.24990806728601 4.106372840702534 1.496655657887459 5.703291475772858 0 5.633055157959461 146.0234874561429 5.328073248267174 2.373100716620684 3.330611847341061 7.724309839308262 0.8928966373205185 1.375354558229446 0.6433185786008835 1.626575209200382 2.019027896225452 15.80832574516535 226.9761506989598 5.329262308776379 34.31080762296915 8.270076021552086 56.58439286798239 5.118833318352699 376.4841586574912 1.58002395182848 2.808307148516178 4.266126781702042 12.46193442493677 23.71361516416073 75.22625927627087 13.50463933497667 9.978059373795986 0 77.33256049454212 172.9512643963099 130.1524549648166 186.4019026309252 40.68650303035975 948.0375546142459 2044.516935229301 93.643444404006 575.3625802397728 2.950163669884205 0.1911548376083374 2.903061255812645 3.41099239885807 4.351528435945511 0 2.142948932945728 0.2317128032445908 1.317715495824814 0.7546904906630516 28.12985198944807 7.342278890311718 2.340492382645607 5.309616416692734 2.633432880043983 0.3204744383692741 2.420384980738163 12.87694373726845 0.1198717653751373 0.9656849801540375 0.9930973798036575 0 1.131206199526787 2.674121625721455 0.7798736691474915 4.197486855089664 4.712021566927433 4.170886963605881 1.945292256772518 2.754262737929821 4.687181785702705 1.740954861044884 1.277714341878891 0 0 0 0 0 0 0 0 0 0 0 0 0.6589406803250313 0 0 0 0 0 0 2.20981103926897 0.6784680783748627 0 0 0 1.490304507315159 3.721464566886425 2.990016967058182 0.7717190235853195 0.8396490290760994 0 0 0 0 0 0 0 0 0.1228199675679207 0 0 0.3746735155582428 0.4228000417351723 0.3291638195514679 0 0 0 0.1323572397232056 0.1197482049465179 0 0 0 4.239800773561001 0.523983359336853 0 0 0 0 0 0 0.09522581845521927 0 2.98662357032299 1.772901721298695 0.1627664864063263 0.4015949219465256 0.6114823520183563 2.326141193509102 1.27637080848217 1.094854295253754 0.3664573729038239 0.1340900510549545 0 0.7696604430675507 0 0 0 0.08871789276599884 0 0 0.1407093405723572 0 0 3.277028903365135 0.4642431363463402 2.642694771289825 230.545271217823 4.784315720200539 210.0923884212971 39.85967857390642 38.05749347805977 20.2283446341753 1.071307845413685 24.65867813676596 7.163305968046188 0.8451326116919518 1.374727115035057 0.3211255222558975 2.241919122636318 0.4019092917442322 0.1260367035865784 0 8.869032099843025 0.9330374449491501 9.359158895909786 5.836529210209846
15.04474736750126 623.3406663537025 370.9779001250863 30.17682588100433 3464.980585701764 3.140140995383263 731.4305105283856 511.4267203360796 847.0474075451493 257.485825560987 1073.368477135897 140.3653958290815 1894.962521351874 2593.984901718795 39.99252144992352 13.67640069127083 1.983675979077816 0.2284472957253456 0.113358810544014 0 1.107373133301735 0.1338885426521301 0.3891539499163628 0.3821304440498352 1.24725080281496 0 0.1015480756759644 0.62593062967062 0.9428860694169998 0.1463135331869125 63.689223498106 39.10207076370716 95.06277464330196 0.3774237930774689 0.9793401882052422 2.909723691642284 53.35081122070551 7.548618271946907 8.039238072931767 1.314203388988972 3.509314067661762 0.5422098860144615 0.1866176277399063 2.824105598032475 0 0.835959255695343 127.8949746116996 3.372288309037685 1.431892186403275 0.3800719603896141 2.005901344120502 0.09471272677183151 0.3775021806359291 0.2902815341949463 0.7863422334194183 1.482569925487041 5.600374475121498 24.61401015520096 4.448278062045574 22.32794537395239 1.311194226145744 26.68392192572355 1.301385968923569 29.42988061904907 1.109414905309677 2.014184959232807 2.446478292346001 1.660762570798397 2.882915802299976 8.279265180230141 36.34866342693567 32.19042082130909 0.174187645316124 35.06783010065556 44.55759496241808 70.19841591268778 58.17420963197947 7.889533154666424 28.05789957940578 96.48800242692232 3.361390560865402 100.2775069028139 1.452592201530933 0 1.901326194405556 2.199276238679886 1.459992133080959 0.1164292618632317 1.222786903381348 0 0.4448480978608131 0.3028669357299805 3.678839430212975 2.060950458049774 0.7119174003601074 63.27503149211407 28.8803709000349 0.7804737091064453 5.991461977362633 2.689785666763783 3.952076256275177 2.042585022747517 8.933070935308933 9.615374773740768 7.55035588145256 43.15039718151093 10.96976163983345 42.64216826111078 44.35445657372475 82.4943608045578 14.1706320643425 43.25172363966703 45.64782155305147 14.45109479129314 8.340740539133549 0.4518578797578812 0.3840669393539429 0 0 0 0 0 0 1.291258215904236 0 0.4790398851037025 0 1.42206072807312 0 0 2.461502224206924 0 1.208959698677063 0 7.594109885394573 8.259017080068588 0 0.5349091142416 0.8793131560087204 11.3753132596612 10.45333477854729 30.38572753965855 4.35483118891716 2.547236040234566 0 0 0 0.4907389208674431 1.283936619758606 1.392707526683807 0 0 0.6775584816932678 0.1105218604207039 0 1.594567582011223 0.1643168479204178 0.1270183324813843 0.4637913405895233 0 0 0.9512443095445633 2.335851438343525 0.1981099992990494 6.972984135150909 1.157375410199165 28.09887360036373 8.974586166441441 0 0 0 0 0 0 0 0.08903009444475174 21.83156833052635 7.370551787316799 0.6167219504714012 0.8700377494096756 0.1160995811223984 28.44140177965164 6.049970306456089 15.58577167242765 0.7776617780327797 2.075820215046406 0.9466559514403343 0.3552959561347961 0.2880841344594955 0 0 0 0.1089315488934517 0 0.3318427354097366 0 0 38.53543794155121 3.316528305411339 14.12612292915583 282.1992421448231 3.510369382798672 195.973959043622 30.89630497992039 52.90545473992825 20.91414666175842 0.989377997815609 29.30851396173239 12.09170947223902 1.114895984530449 4.587702974677086 1.072253435850143 11.59196290373802 0.1896699815988541 0.14655801653862 0 12.60338576883078 2.465776726603508 44.44690879434347 73.15960530936718
898.6245685294271 1076.239630915225 6.781149826943874 1413.583455465734 220.9219701215625 276.2317040413618 2729.381730318069 2.686363264918327 257.485825560987 1719.074274368584 16.73898005485535 2578.752857960761 2021.06629306078 354.6827255487442 8.202581480145454 2.587410531938076 0.1342200934886932 0.1266685575246811 0.1415179073810577 0.08854211866855621 0 1.413880497217178 0 0 0.1437089145183563 0 0 0.623790830373764 0.09849901497364044 0 46.1330881267786 1.967793516814709 61.47236083447933 0 0 1.806159362196922 86.5197858735919 5.742395386099815 12.77986536175013 1.006072483956814 0.5805854797363281 0.6541649326682091 0.1846568882465363 0.4107487946748734 0 0.1623940914869308 43.45840480923653 2.863172262907028 0.5874178484082222 0.2682214230298996 1.071674972772598 4.732853822410107 3.576919496059418 0 0.5164464339613914 2.017181262373924 27.46976540982723 133.2459364458919 6.724764533340931 25.99309808760881 0.1367449462413788 10.51420806348324 0 25.5999404117465 1.787826307117939 2.008995153009892 2.042655520141125 1.046673744916916 0.2393419221043587 1.385137334465981 144.0888865366578 26.61699994653463 3.510990336537361 56.87238541245461 35.8655166849494 52.57715983688831 13.59156149625778 1.463040471076965 0.6030499562621117 4.54137821495533 0.07972737401723862 13.549879796803 3.260845139622688 0 2.782153479754925 1.981025628745556 1.293649286031723 0.8547326624393463 1.273119151592255 2.395809181034565 0.9533050507307053 2.629978701472282 0.1058096662163734 0.08584007620811462 2.009328827261925 137.8482584357262 95.57354182004929 17.30428913235664 14.5638360530138 335.7951408624649 4.048120938241482 4.331305511295795 11.96335796266794 18.61271987855434 13.24666358530521 78.30550554394722 194.1022753790021 100.0566010326147 163.1818177476525 228.3644508942962 20.75496096909046 141.455022841692 157.4497804418206 50.4151823669672 8.662798449397087 0.3087509870529175 0.116058886051178 0 0 0.1013231575489044 0 0 0 0 0 0.106865331530571 0 1.613243699073792 0 0.9157776236534119 0 1.280860185623169 0.8901634812355042 0 8.173125989735126 6.482198841869831 0 3.535897374153137 1.488725185394287 4.668384373188019 12.51493012905121 17.76309137791395 5.749835804104805 7.1801992431283 0.6925588846206665 0.1114907786250114 0 0 2.271433353424072 0 0 0 0 0 0.09589138627052307 0.6179726868867874 1.206965833902359 0.1479808688163757 0 0.3067924082279205 0 0.3501771539449692 4.16058486700058 0 1.183943510055542 6.175689578056335 20.79813459515572 4.77504400908947 0 0 0 0.2020701244473457 0 0.2040104269981384 0 0 14.2432834059 3.927976191043854 0 0.7511890009045601 0.4638700187206268 20.34109942615032 1.753094539046288 13.98489366471767 0.7969126105308533 2.431229308247566 0.4949508607387543 1.141417652368546 0.7620579600334167 0.2203421369194984 0 0 0 0.1194805800914764 0.4816869422793388 0.111251026391983 0 61.78025826066732 1.671642228960991 4.011046335101128 551.1217608675361 2.417027182877064 51.06663601845503 4.473225720226765 1150.614424854517 7.96245301514864 1.149982415139675 8.611584037542343 135.1201394572854 0.5080202668905258 3.070770353078842 1.681394755840302 192.9239213615656 0.9091855883598328 0.1359026432037354 1.185965538024902 1.730914279818535 0 615.6486741229892 237.2733187973499
37.4525014385581 425.0654696151614 1221.497239939868 0.9195066317915916 1655.44000993669 0.6506183594465256 112.3358466699719 2599.189912684262 1073.368477135897 16.73898005485535 482.7071129456162 275.1556310206652 1682.306089758873 2385.554401136935 42.22497298568487 28.4967854321003 2.784192115068436 0.3581350073218346 0 0.2295163720846176 8.455232836306095 0.8870256170630455 2.374312520027161 1.292311400175095 10.62285158038139 1.206384770572186 0.9170684888958931 4.332063645124435 4.461489759385586 0.1579914689064026 426.1054993346334 154.0392377004027 434.4944846853614 0.5280042737722397 10.35581077635288 14.1232238560915 367.9267456829548 40.81973446905613 38.46211737394333 10.76337417215109 23.81199441850185 10.66941142082214 0.7229756563901901 7.963444553315639 0.2033145055174828 1.493261925876141 92.80387740582228 2.316820748150349 2.205499306321144 1.678667180240154 5.827835328876972 1.574156872928143 3.425396718084812 2.273516908288002 0.9273467659950256 1.322659626603127 4.157094560563564 56.91800791025162 3.634186312556267 16.59486981481314 1.085487231612206 57.96863786876202 6.583797611296177 47.09650384634733 0.8337172567844391 1.513858079910278 1.515048511326313 4.942633114755154 12.43421730399132 38.9195150360465 58.3125274181366 9.423527881503105 0.6095397844910622 31.83164563775063 45.14014419168234 60.55086485296488 60.38939856737852 14.93865814059973 103.5268747508526 576.771944642067 6.4278534501791 134.5376892462373 1.708999499678612 0 1.305459007620811 1.36162918806076 2.20844954252243 0 0.3352026119828224 0.3446343615651131 0.8498313426971436 0.8514174297451973 20.77831470966339 10.24925964325666 5.673328831791878 18.13605241477489 11.35011949390173 1.712478011846542 8.951948247849941 6.648505486547947 0.4661629796028137 0.09630279242992401 2.267643488943577 1.370293378829956 0.9866551607847214 4.573127396404743 0.9018590897321701 5.878242686390877 4.957027353346348 8.37165092676878 2.438362427055836 4.529649414122105 7.239341966807842 2.61333354562521 2.167389206588268 0 0.1173373013734818 0 0 0 0 0 0.3705746084451675 0 0 0 0 0.2314580157399178 0.2432045638561249 0 0.4144398272037506 0.1153614446520805 0.178594708442688 0 0.8883806318044662 1.243692278862 0 0.2750436514616013 0.6001069247722626 1.647906497120857 3.533542059361935 5.228417351841927 0.4607430994510651 0.7615363299846649 0 0 0 0 0.7806863486766815 1.255818724632263 0 0.2680268287658691 0.4086777716875076 0.3041708469390869 0 0.8200964704155922 0.5447277203202248 0.2133896946907043 0 0 0 0.1012769863009453 0.3000068813562393 0 0 1.065147191286087 2.933573983609676 1.2913683578372 0 0 0 0 0 0 0 0.3970491215586662 3.552771866321564 1.936982445418835 0.1097883060574532 0.1224800422787666 0.2921358644962311 5.711958490312099 0.8961729258298874 1.646834634244442 0 0.2577901631593704 0.3458386063575745 0 0 0 0 0 0 0.1193913593888283 0 0 0 7.654979400336742 2.010989919304848 3.120197385549545 192.5297925025225 4.522763475775719 133.9851060137153 22.59019214659929 26.30930887162685 13.30725272744894 0.8199583068490028 18.03424663841724 6.313548594713211 0.4772314876317978 0.2802837640047073 0 3.49657965451479 0.1665380597114563 0.246714785695076 0.2835368141531944 8.34934264421463 0.2486979812383652 8.179945603013039 14.76208313554525
364.78174059093 220.7044860348105 59.74442484974861 1274.515119373798 55.82678861171007 120.1194470226765 1107.741216748953 117.7928736805916 140.3653958290815 2578.752857960761 275.1556310206652 394.6823999509215 2165.064443334937 601.6824961826205 49.83423863351345 46.50477090477943 5.080883644521236 0.4429319947957993 0.6624440848827362 0.09793996810913086 3.355182625353336 3.641348227858543 0.5341649875044823 1.560470685362816 13.97461057454348 3.222516655921936 1.090567566454411 7.154030442237854 7.552009791135788 0.8780879527330399 31.41070430725813 11.51488485187292 140.0895274579525 0.1281291246414185 7.764219470322132 14.3323045745492 475.4856071844697 40.04754021763802 125.1335197016597 17.03468600660563 13.98438826948404 15.72241075336933 0.2421795055270195 10.36316976696253 0 2.563488371670246 81.75109631568193 1.473607212305069 1.764910459518433 1.149959407746792 6.966587208211422 6.430024161934853 14.63689018040895 3.225042715668678 0.196780763566494 0.2727566435933113 6.975599996745586 44.35968916863203 4.292827464640141 12.18948375433683 0.8774960041046143 37.91462250053883 2.104734741151333 14.49096091836691 0.6875716894865036 1.288355894386768 1.852862499654293 4.604962587356567 9.694546163082123 22.69787660241127 426.3804251775146 41.47720531374216 0.1393286138772964 25.12362666428089 21.43755730241537 48.24681696295738 42.4148516356945 19.18595061451197 2.480292372405529 16.73222971707582 0.5286444202065468 26.4324046894908 1.432915702462196 0.1800239831209183 1.200762338936329 1.459850966930389 1.225140891969204 0.1033014878630638 0.6265267059206963 0.2578670307993889 1.809044264256954 1.158665515482426 15.4404594451189 9.885697461664677 7.129995420575142 606.0215822085738 203.0437783822417 8.473343268036842 115.7052901759744 80.70213366299868 6.171225488185883 2.200836084783077 10.37353345751762 16.78034713119268 12.4511139690876 66.18995454907417 44.01573572307825 75.06787516921759 84.00941819697618 116.8579846248031 23.7482034265995 100.4335655197501 96.13529126346111 38.83491219580173 16.69612541049719 0.6654921472072601 0.1163279488682747 0 0 0 0 0 0.9598330110311508 0 0 0.1419891119003296 0 1.718924134969711 0 0.7585569620132446 0.7021405100822449 0.4343404471874237 2.47031606733799 0.2855120003223419 9.659023955464363 10.6296273842454 0 0.2855969369411469 1.527976915240288 15.51719642430544 11.86426874995232 40.16925896704197 13.80793879181147 8.313618265092373 0 0.9282403364777565 0.1074351444840431 1.284318514168262 1.684715405106544 3.207537248730659 0 1.061169058084488 0.893688291311264 0 0.1138812378048897 1.839255087077618 3.805003196001053 1.148529812693596 0.2473584786057472 0.195722907781601 0 1.646402321755886 3.291079059243202 0.4537656009197235 1.694412119686604 3.814773164689541 38.21831005066633 7.418512642383575 0.6890701204538345 0 0 0 0 0 0 0 29.68630726635456 14.41995953023434 1.508767992258072 1.84480095654726 0.4240578413009644 41.4745556935668 18.72252440452576 14.84053795784712 2.131979614496231 3.203816846013069 1.829176537692547 0.6379880756139755 0.531719759106636 0 0 0 0.2750690281391144 0.4500516504049301 0.2363950088620186 0 0 79.0325683504343 8.848835229873657 20.45585776120424 369.7374521121383 8.428333565592766 139.6240818873048 34.60320769995451 302.1689828932285 10.51079170405865 0.3996297046542168 22.85015249997377 39.80111544579268 0.4243995547294617 7.306186757981777 0.80978724360466 41.44195602834225 1.18049156665802 0 1.499571070075035 15.64935880899429 2.334000706672668 233.1382220312953 180.4805995896459
118.6424762904644 797.8813343122602 226.2933367192745 399.628615707159 983.1992882788181 56.40936936438084 3165.558031857014 386.0731618851423 1894.962521351874 2021.06629306078 1682.306089758873 2165.064443334937 3074.204564861953 5262.066699191928 83.0637983083725 71.77425168454647 7.542436018586159 0.2956855371594429 0.09058868885040283 0.7575918063521385 5.69841030985117 5.736703008413315 2.107848286628723 2.767243571579456 13.7942227050662 5.657712019979954 2.548871323466301 9.130714058876038 11.11583422869444 1.251985847949982 54.70777897536755 25.53955412656069 562.7094075605273 0.1046286299824715 10.68521258980036 20.33993022143841 945.3817694559693 111.1398632228374 215.7091539204121 26.74866028130054 25.12090780586004 17.15305885672569 0.585967481136322 12.87932820618153 0.2501019462943077 4.313487648963928 165.1533199325204 3.205902099609375 3.867544896900654 1.093160592019558 8.28651324659586 6.720659241080284 17.27751119434834 5.304558150470257 0.3509067744016647 1.90452641248703 5.577801078557968 34.86636993288994 5.185472883284092 21.36791893839836 1.40906822681427 72.10885484516621 4.650228306651115 26.81285522133112 0.9438627883791924 1.540376402437687 2.739332348108292 5.622047103941441 14.43460523337126 39.77446155995131 538.4629636034369 79.13765773177147 1.156979069113731 35.92368189245462 40.45820357650518 80.997448772192 77.79914313554764 33.65185847133398 18.7047211676836 106.881217263639 2.396309055387974 101.1036828756332 3.422484487295151 0 1.598039999604225 1.775089256465435 2.076902374625206 0.2230519503355026 1.576905108988285 1.080861143767834 1.847036942839622 2.198114268481731 26.078858114779 15.28302067518234 14.62428595125675 773.0382300242782 146.0963378548622 11.67736656963825 88.55115818977356 23.6286239027977 6.676779434084892 5.638446025550365 16.32196416705847 17.51903506368399 21.72288316488266 92.14091327041388 33.98733901232481 106.9731669872999 106.3347166106105 172.3740852177143 40.02711199969053 142.2403795272112 146.5209309905767 62.21328011155128 29.29330782592297 1.016580134630203 1.007220029830933 0 0 0 0 0 0.2669213265180588 0.4149813950061798 0.1487410664558411 0.5512409061193466 1.034030467271805 1.949288420379162 0.6318266987800598 0 0.1586486250162125 0.5968400090932846 0.1055731400847435 0.1036411449313164 17.71745480597019 17.44632785767317 0 3.75839813798666 2.009930573403835 22.93291743844748 19.57447803020477 69.35548181831837 11.12131018191576 10.80485925078392 0.5000236481428146 0.09798125177621841 0 1.372127771377563 1.128481030464172 2.715096324682236 0 2.051351211965084 0.9027248695492744 0 0.208955854177475 2.957838177680969 1.659637473523617 1.537123404443264 0.1701691150665283 0 0 3.113384030759335 10.54581389576197 0.1140335872769356 5.183909811079502 10.63228087872267 68.03075756132603 12.255266033113 0.2524164244532585 0.437496192753315 0 0 0.4497703909873962 0.102131262421608 0 0.1013456881046295 48.34094429016113 15.63446985185146 1.1131526902318 3.356701523065567 2.069469414651394 73.56510864198208 23.26652731746435 30.55813790112734 2.01200145483017 3.025193825364113 2.946378260850906 1.223709419369698 0.9063531532883644 0 0 0.3861106783151627 0.3317157253623009 0.638695627450943 1.091164030134678 0.4512007459998131 0.2036138921976089 115.6702701225877 12.05936048179865 35.58397720754147 516.5947382077575 7.494079366326332 256.5080550163984 68.89461312443018 154.3502280190587 33.34029901772738 2.837559096515179 42.65413612127304 43.82025828957558 1.685963615775108 13.13511152565479 0.5146476402878761 46.25298715382814 3.221767216920853 0.6433479785919189 1.686919823288918 22.22676660865545 3.70129981637001 210.3415841907263 237.1625902354717
