531.691090375185 2706.954849123955 759.3964173942804 2042.410501770675 31.94633314013481 93.08248233795166 327.3382581472397 523.7187445014715 49.17228012531996 919.3651609644294 135.559981867671 24.69081971049309 268.3566676303744 289.2567859068513 6.842934131622314 5.716937184333801 1.531117469072342 0.3875275701284409 0 0.2382324859499931 0.2114490419626236 0.4985986202955246 0.1114959791302681 0 0.2409024462103844 0.1871813088655472 0 0.1277954578399658 0.8085356652736664 0 459.3540376573801 23.45112632960081 31.40539925545454 0.4147121831774712 0.2350144907832146 1.483251892030239 13.01229161769152 2.866996377706528 1.001971028745174 0.4579555168747902 0.3737095892429352 0.1626935452222824 0.09252285212278366 0.8898121640086174 0.1193120628595352 0 35.20090957731009 1.802122548222542 0.1756537482142448 0.5691446214914322 0 0.8238442167639732 0.680541105568409 0.5599597543478012 2.516011394560337 6.94014997780323 142.2380054369569 586.5400500819087 51.54269921779633 59.66110978275537 0.6036202907562256 2.747756637632847 0 4.148695342242718 1.082292385399342 1.280397355556488 0.8280917629599571 0.5846456736326218 0.971938818693161 0.3390352129936218 8.971697904169559 5.185278028249741 0.2405980154871941 85.31023868173361 10.05706955492496 23.18839038908482 3.438643790781498 4.944333948194981 15.45657259970903 77.56956234574318 0.9108977541327477 29.03184092789888 7.199039913713932 0.6451016366481781 0.7448264583945274 3.31238579750061 0.2205274775624275 0.2731387317180634 0.09999079257249832 0.957955002784729 0.2406836524605751 0.1200933158397675 0.4207281917333603 0.1085476651787758 0.09513188153505325 32.68046586960554 7.349030688405037 0.4643964171409607 1.865814901888371 955.3053120151162 0.8191680982708931 8.442844741046429 6.447586730122566 1.47449054569006 0 2.951585114002228 9.013579413294792 0.8040887862443924 14.98974931240082 21.18058986216784 0.6621141582727432 15.2750660777092 19.93528111279011 14.11750418692827 3.425061106681824 0 0 0 0 0 0 0 0.1805553734302521 0 0 0 0 0.2490736693143845 0 0 0.1380764693021774 0 0 0 0.8926724493503571 0 0 0.1539438664913177 0 2.171682834625244 0.142335519194603 1.179318025708199 0.6139286458492279 0.2097876071929932 0 0.1048987731337547 0 0 0 0.4847966432571411 0 0 0 0 0.1144271343946457 0 0.09497305750846863 0 0 0 0 0.2359617352485657 0 0.8393367379903793 0 0.9561284780502319 0 0 0 0 0 0 0 0 0 0 4.561450503766537 0.1194238886237144 0 0 0.3096865713596344 0 0 0.1377750486135483 0 0 0 0 0 0 0.09372891485691071 0 0 0.1367389410734177 0 0 0 4.888407945632935 2.373320959508419 0.5012055933475494 173.7739927768707 5.108606457710266 101.4057110920548 24.26764349639416 814.2854392677546 7.870755307376385 3.704996645450592 2.514613322913647 15.63809828460217 0 0.3618853464722633 0.1242077350616455 48.25973761826754 0 0 0.1634517014026642 0.7188799530267715 0.4572092890739441 352.8376950994134 29.23690424859524
2706.954849123955 1531.636676099151 1378.68454965204 436.2866955548525 1202.985258728266 65.60479324311018 2350.723523832858 1241.188390508294 1951.480657525361 1083.074565306306 1190.745392531157 73.11959411948919 1480.372702434659 1810.681807793677 121.7419106587768 16.8872235044837 1.408799439668655 0.4435245841741562 0.1694459542632103 0.3549085780978203 0.2367716729640961 0.3615982383489609 0.07646800577640533 0 0 0.5970026850700378 0 0.5357881188392639 0.3034575283527374 0 1326.039227254689 78.18623113632202 27.72076987475157 0.3035759925842285 0 1.388243429362774 20.20469856262207 1.101541005074978 2.577229835093021 0.9427477344870567 0.3737397864460945 0.1647064760327339 0.3192014545202255 1.254620276391506 0.3546783924102783 0.2839243113994598 461.2033500522375 6.667550325393677 0.4459746778011322 0.5423901975154877 0.3404054194688797 0 1.51014931499958 0.3157382532954216 10.83941760659218 24.70003437995911 104.6032943427563 346.6610244363546 66.50542416423559 228.4860437884927 0.9773351773619652 1.372978575527668 0.1049968376755714 57.55885476619005 4.565191388130188 4.089635342359543 1.14066756516695 1.543067827820778 1.270654648542404 0.2874670103192329 14.03890699893236 0.8246629759669304 0.09038985520601273 245.8772439584136 97.22289381176233 195.5005717799067 53.49649922549725 25.70833151042461 5.619453102350235 68.94563208520412 0.7510024160146713 9.52437835931778 27.27252220362425 1.607611455023289 4.962616696953773 9.383785732090473 1.373369365930557 0.3654434382915497 0.729345440864563 0 0.3888650760054588 0.1961714178323746 0.4616636261343956 0.2329985573887825 0.6811107993125916 5.463540449738503 2.939528815448284 0 2.07716179639101 962.3175244182348 0.7426280379295349 6.166167840361595 2.532864347100258 2.379352293908596 0 5.585937358438969 5.06118381023407 1.50054682046175 12.68639907985926 14.03626633435488 1.870063617825508 14.73647714406252 17.87507415562868 12.17007074505091 6.231531232595444 0.1286860406398773 0 0 0 0 0 0 0 0 0 0.09431349486112595 0 0 0 0 0 0.2030946016311646 0 0 0 0 0 0.4873632490634918 0 3.176455274224281 0.8439567238092422 1.787800282239914 1.105507552623749 0.5636641085147858 0 0 0 0.227573961019516 0 0.3954497873783112 0 0 0 0 0.1090137585997581 0 0.4830128848552704 0 0.07898405939340591 0 0 0.1466920971870422 0.09192243218421936 0 0.4558413177728653 1.953152842819691 1.07404650747776 0 0 0 0 0 1.038167335093021 0.08658856153488159 0 0.324064165353775 6.478328965604305 0 0 0 0.09265583008527756 0 0.2645157873630524 0.5730009078979492 0 0 0.105389803647995 0 0.2042957544326782 0.08322533965110779 0.07742881774902344 0 0 0.3031166270375252 0.160404235124588 0 0 6.77814868837595 2.585853271186352 2.538003072142601 512.5290819332004 20.48055919259787 629.5862543061376 157.7986214533448 664.5575883388519 59.48049940168858 4.378194503486156 25.00373411178589 12.5914916023612 0.5361741855740547 0.5337657704949379 0.2843659147620201 23.38808954507113 0 3.75687525421381 0.1322521269321442 5.194195568561554 2.356490150094032 163.6233377605677 22.18538015335798
759.3964173942804 1378.68454965204 965.1912102103233 74.26729283481836 620.6195565164089 8.068089567124844 211.9358963444829 2729.764469601214 1938.127038441598 69.31864652037621 2059.124021016061 44.86679201573133 704.8889889791608 1206.634552694857 33.07061591744423 16.38921534270048 2.779204621911049 1.601349495351315 0.3530748039484024 0.3677026182413101 1.414067760109901 0.8647987395524979 0.1066344305872917 0.4526506811380386 1.462652564048767 0.8289778083562851 0.106408566236496 1.769620187580585 0.1138825789093971 0 2493.517786972225 177.9176745191216 89.29433649033308 0.7402694821357727 0.4094010144472122 3.198084883391857 41.38586092740297 7.081741981208324 4.141626134514809 1.105271086096764 0.9753733724355698 0.453433096408844 1.382091350853443 2.26716386526823 0.2141393423080444 0 101.4303141012788 4.022373847663403 0.733583964407444 2.7938297316432 0.1004469618201256 0.2122025713324547 3.080725766718388 0.9199034050107002 5.447804644703865 10.61719298362732 69.76165007799864 398.456709459424 32.18398028612137 87.02563796192408 2.203091882169247 8.019015043973923 0.1109499931335449 80.59779818356037 0.6874877586960793 1.72765040397644 0.6503348052501678 0.5569105297327042 3.474006928503513 2.236037202179432 21.94411932677031 1.957136042416096 0.1054725348949432 128.0057968497276 49.18333508074284 60.78827139735222 25.34196583926678 24.57753349840641 51.85884187370539 249.2243989482522 6.859783470630646 85.71331847459078 12.77015876024961 0.6843800395727158 2.392761908471584 2.81175247579813 1.896058388054371 0.1778781488537788 0.3041617572307587 0 0 0.0976233184337616 1.551394820213318 0.3578698709607124 0.2899654507637024 2.529891759157181 1.553020179271698 0 3.380316443741322 280.7450825572014 0 1.250330924987793 0 0.5467248409986496 0 0.6823685765266418 0.6516792252659798 0 0.7935705855488777 2.378611020743847 0 1.311221599578857 3.13236653059721 3.396349683403969 0.2604078352451324 0.2331285774707794 0.1451069116592407 0 0 0 0 0 0.1336275488138199 0 0.2102881371974945 0.105435237288475 0 0.3431765586137772 0 0 0.3998738378286362 0.1193861439824104 0.7489779144525528 0 0 0 0 0.3138706684112549 0 0.9288950636982918 0.6834938079118729 1.617677353322506 1.367442421615124 1.202001892030239 0.230886846780777 0.5350954234600067 0 0 0.1657215356826782 0.1032770872116089 0 0 0 0 0 0 0.7141236364841461 0.5184448510408401 0.1111936643719673 0 0.09009440988302231 0.857074037194252 0 0 0.3951445072889328 1.256857194006443 0.6056548655033112 0 0 0 0 0 0 0 0 0 2.764018930494785 0 0.1046192646026611 0 0 0 0.1384622901678085 0.4325829446315765 0 0 0.201235443353653 0 0 0 0 0 0 0.1198030188679695 0 0 0 1.294568143785 1.823125526309013 2.13376322388649 119.0939367935061 7.857062451541424 194.0698057487607 50.70008737593889 159.8403162881732 12.91134945303202 1.892381891608238 5.612751491367817 2.540108755230904 0.126350611448288 0.1775178760290146 0.1009291410446167 1.904673680663109 0 0.4263967648148537 0 2.754114456474781 0 56.96572672575712 3.212140299379826
2042.410501770675 436.2866955548525 74.26729283481836 883.6251870468259 41.89899312704802 742.0154616013169 877.5588809326291 3.039768747985363 18.3536619246006 2341.373952828348 26.23787972331047 2.768133886158466 265.4880975708365 41.37690428644419 8.513364769518375 0.2194682136178017 0.2097166925668716 0 0 0 0 0 0 0 0 0.07955796271562576 0 0 0 0 8.615382716059685 1.442955881357193 0.1171875223517418 0 0 0 0.1288466602563858 0.1008663401007652 0.3089208900928497 0 0 0.09140999615192413 0 0.09756597876548767 0 0.2969894111156464 57.8749360665679 1.602917090058327 0 0 0 0.2838626652956009 0 0.08266066759824753 2.511039331555367 4.835764147341251 32.92704286426306 32.43629960715771 12.47311119735241 38.10167668014765 0 0.1008912771940231 0 4.038261286914349 0.2388883158564568 1.197675570845604 0.1600959300994873 0.3249802440404892 0.1710512414574623 0.1643088236451149 1.338566794991493 1.527073696255684 0.2979200258851051 38.97627391666174 9.260682389140129 22.13439141213894 2.774373635649681 0.2870252132415771 0.08693861216306686 0.3970430716872215 0.1138603240251541 0 3.841387018561363 0.3279950618743896 0.6421605125069618 1.806720688939095 0 0 0.3824421688914299 0.1866707056760788 0.361019641160965 0.07979312539100647 0 0.1967999488115311 0 19.06880048662424 1.109151005744934 0.3027737885713577 0.3838634490966797 734.5925510451198 1.203254625201225 12.09803011268377 28.08129648119211 25.29296313226223 0.5067412704229355 23.94475495815277 9.855469644069672 0.4272459074854851 46.79633047431707 19.14582893997431 2.206362754106522 21.49573439359665 19.45687652379274 15.10879617929459 2.359488740563393 0 0 0 0 0 0 0 0 0 0 0 0 0 0 0 0 0 0 0 0 0.4145742952823639 0 0.1396999210119247 0 0.9419153556227684 0 2.1227947473526 0 0 0 0 0 0 0 0 0 0.1299840211868286 1.403497353196144 0 0 0 0.1231585443019867 0 0 0.7878444790840149 0 1.009108833968639 0.1814815104007721 0.3959744498133659 0 0 1.366214975714684 0 0.1178132519125938 0.3695251271128654 0 0 0.1704862788319588 0.7909696102142334 0 0 2.141562223434448 0 0 0.09585226327180862 0 0.8713386654853821 0 0.3522225022315979 0.372866153717041 0.3434668034315109 0.1540989130735397 0 0 0 0.08363582938909531 0 0 0 0.07988791912794113 0.0898284912109375 0 3.604083389043808 0.8974794894456863 0.2950704246759415 118.2936100289226 3.696638621389866 101.4736395031214 22.721898637712 680.2198291122913 10.35047248750925 1.478085234761238 3.239215858280659 7.939285598695278 0.1159041523933411 5.022618316113949 0.5381266176700592 30.83752196282148 0.3470320701599121 0 1.097074195742607 0 0 256.2459710538387 31.81145603954792
31.94633314013481 1202.985258728266 620.6195565164089 41.89899312704802 1624.69459617883 2.507521271705627 2838.516115695238 61.2018990367651 3058.247021943331 2178.108465977013 478.670988149941 9.182803586125374 797.8826999887824 617.0062298849225 97.35235535353422 23.60504038631916 1.575095281004906 0.08895719796419144 0.09546350687742233 0 0 0 0 0 0 0 0 0 0.1258306950330734 0 41.32557015120983 26.64408093690872 0.80905781686306 0 0 0 1.6791707649827 0.335405707359314 0.6155670806765556 0.1183483824133873 0.121902234852314 0 0 0.4270491749048233 0 0 163.3841892778873 1.077983669936657 0.08501780778169632 0.1710219085216522 0.1598915457725525 0 0.325108714401722 0.2323866635560989 1.650641448795795 2.57719374448061 9.764495618641376 16.92313872277737 6.715639352798462 39.97685538977385 0 1.772646628320217 0.6393349170684814 20.79544824361801 0.6595568731427193 0.4451893642544746 0.4980349615216255 0.269395649433136 0.1787524074316025 0 9.515933707356453 0.2040408849716187 0 34.2460738196969 18.42718324810266 71.50073473155499 51.85801287740469 29.46717389672995 1.172403059899807 1.708703435957432 0.3485962301492691 2.042771115899086 2.9464121311903 0 0.478813923895359 1.222141750156879 0.1916163191199303 0.1684372574090958 0.06162896752357483 0.09441449493169785 0.09140918403863907 0 0.1064093336462975 0 0.1130139529705048 5.543278768658638 2.17487820982933 0 2.079752817749977 9.161941215395927 0 3.322904266417027 0.8550169765949249 1.99077533185482 0.6260247230529785 3.299862936139107 0.1704151630401611 0.1289115846157074 7.154676757752895 8.870509952306747 4.285348132252693 21.5299953520298 30.75745874643326 14.50906045734882 6.580045789480209 0 0.4471796751022339 0 0 0 0 0 0 0 0 0 0 0 0 0 0 0 0 0 0.911720484495163 0 0 0.5755034983158112 0.1330873817205429 6.951868385076523 2.223830476403236 3.319878473877907 1.938079126179218 0.1113054528832436 0 0 0 0 0 0.3904453217983246 0 0 0 0.1132643595337868 0.09665878862142563 0 0 0 0 0 0 0 0 0 2.588179938495159 2.169697701931 5.618884325027466 0 0 0 0 0 0 0 0 0.2228965312242508 19.00280391424894 0 0 0 0 3.459438443183899 0.9981427192687988 0.9765070676803589 0 0 0.1017417162656784 0 0 0 0 0 0 0.4465154707431793 0.09034152328968048 0 0 16.13626223802567 9.826249822974205 9.922290071845055 332.3339228406549 3.389268465340137 175.0438472479582 69.67448545992374 32.52930910885334 27.38230562955141 0.5858698934316635 15.07110341638327 10.05608866363764 0.1670456975698471 1.225049242377281 0.3811073303222656 17.43559217453003 0 0.1903017163276672 0.3226828277111053 5.23619581758976 1.609865367412567 22.28305362910032 10.16616705805063
93.08248233795166 65.60479324311018 8.068089567124844 742.0154616013169 2.507521271705627 11.08160564303398 107.9325477182865 2.231880754232407 0.1747263669967651 2014.603395812213 1.116860054433346 90.20273514091969 73.33658154308796 6.127736866474152 0.1573357731103897 0.2595689669251442 0 0 0 0 0 4.162834994494915 0 0 0 0 0 0.09532269835472107 0 0 6.220322266221046 0.8965716436505318 2.641247220337391 0 0 0.1765563189983368 4.502639800310135 0.5017020404338837 2.400587812066078 0.1474599987268448 0 0.203471451997757 0 0 0 0 0 0 0 0.5242393761873245 1.192636884748936 15.10736994445324 0.5076605677604675 0 0 0 101.2391145080328 0.6153151467442513 3.059132814407349 0.1595561057329178 0 0.3322306573390961 0 0 0 0 0.09577061235904694 0.1513610035181046 1.002820581197739 0 57.26957742124796 75.34580067545176 11.65641907602549 0 0 0 0.1217933744192123 0 0 1.124234899878502 0 0.1424659490585327 0 0.7214492708444595 0 1.01859338581562 0.2508439347147942 3.258898258209229 3.869947887957096 10.29360119998455 4.119367524981499 2.272167630493641 0.1606666147708893 1.300433740019798 1.162749491631985 200.2940899282694 109.3961409181356 19.49769508838654 5.489012822508812 180.8861342519522 0.2198604494333267 1.363416820764542 1.663893073797226 0.8831343203783035 0.7674333900213242 0.9496937394142151 3.591199815273285 0.5951993465423584 12.20805095881224 13.60792035609484 0.7330703288316727 10.46657098084688 10.07355536520481 4.820643216371536 1.101110264658928 0 0 0 0 0 0 0 0 0 0 0 0 0 0 0 0 0 0 0 0.4347296059131622 0 0 0 0 0.1429607421159744 0 0.3646061718463898 0 0 0 0 0 0 0 0 0 0 0.2613163664937019 0 0 0 0 0 0 0 0 0 0 0 0 0 0.1161446571350098 0 0 0.1067356467247009 0 0 0 0 0 0 0.3895740807056427 0 0 0 0.128299206495285 0 0 0 0 0 0 0 0 0.09489310532808304 0 0 0 0.09843086451292038 0.0940491110086441 0.1185881420969963 0 2.382051229476929 0.5610677152872086 0.2109708786010742 10.89845958352089 0 1.220666646957397 0.1785034239292145 226.7688653916121 0.4869110733270645 0 0.6285125613212585 2.909697130322456 0 0 0 7.32290244102478 0 0 0 0 0 307.332786038518 21.73428279161453
327.3382581472397 2350.723523832858 211.9358963444829 877.5588809326291 2838.516115695238 107.9325477182865 558.3803974166512 58.45761852711439 1255.704595647752 3373.429409943521 602.6586475223303 10.87472515553236 3348.579801037908 804.9984188526869 76.11552258580923 9.964840494096279 0.5426333174109459 0 0 0 0.2450563982129097 0.2104460597038269 0.1511174291372299 0 0.09915555268526077 0.203398197889328 0 0.3846952319145203 0.1133765876293182 0 37.68310735374689 14.76814492791891 0.4652639925479889 0 0.09288931638002396 0.1276817321777344 1.297475323081017 0.5976614207029343 1.430231109261513 0 0.2977249398827553 0 0.4523767530918121 0.7304976284503937 0.1058714911341667 0.26163399964571 251.1477752104402 2.979807570576668 0.2829466313123703 0.2463259696960449 0.3491553142666817 0.3513843938708305 0.17046819627285 0.08781982213258743 4.251035161316395 9.898036018013954 31.02219045907259 51.52068435400724 24.82138241827488 88.67188747227192 0 0.2357405126094818 0.1173108592629433 23.47133721411228 1.394836992025375 1.507609665393829 0.7531589865684509 0.8012259304523468 1.009554512798786 0 3.82614754140377 1.389949828386307 0 92.69160309433937 40.59502527862787 96.66204006224871 35.20779841393232 15.68747491389513 0.8358759507536888 0.397789254784584 0.1993485689163208 1.231401264667511 11.66613703221083 1.158117681741714 1.467973172664642 3.705671682953835 0.8885386660695076 0.1369984149932861 0.1497204899787903 0.1062075793743134 0.1029977947473526 0 0.09245317429304123 0.2148748263716698 0.194427952170372 4.862464122474194 0.5478258430957794 0 1.194223970174789 122.081382162869 1.894395649433136 7.191803209483624 51.13054811954498 19.14965090155602 0 21.11405398696661 8.067830979824066 1.966340214014053 19.70913285762072 11.31935253739357 2.033627286553383 20.12763583660126 21.24003949761391 14.34870659559965 3.431990571320057 0 0.1043207049369812 0 0 0 0 0 0 0 0 0 0 0.7600756287574768 0 0 0 0 0 0 0.709819532930851 0.6598324775695801 0 0 0 4.218827724456787 0 3.792835623025894 1.002939254045486 0.8076140582561493 0 0 0 0 0 0 0 0.8367712125182152 3.524149529635906 0 0 0 0 0 0.08347512036561966 0.1038346067070961 0.08683694899082184 2.375805109739304 0.5609355717897415 0 1.2078498005867 0.9019270837306976 3.877379670739174 0 0.6692989319562912 0.3441655859351158 0 0 0 0.1682456508278847 0 0 14.2547249943018 0.5167350769042969 0 0.1859255582094193 0 0.7864490449428558 0.4548384696245193 2.681484818458557 0.4656625986099243 0.1182818412780762 0.6869852766394615 0.1142634451389313 0.3002357184886932 0.08181291818618774 0 0 0 0 0.08264955878257751 0 0 10.80579475313425 3.552904047071934 2.533313564956188 332.087119743228 9.730250492691994 299.6756758019328 88.59926038980484 257.8898053839803 34.33298259973526 1.603900760412216 16.58492597192526 10.95488850027323 0.2648448720574379 7.51376947760582 0.9628271088004112 28.2792069464922 0.505115270614624 4.19956111907959 1.513505890965462 2.559063598513603 0 91.72752227634192 25.27531331777573
523.7187445014715 1241.188390508294 2729.764469601214 3.039768747985363 61.2018990367651 2.231880754232407 58.45761852711439 1110.979918941855 193.6666583418846 13.31890564411879 367.3674126416445 28.08679991960526 835.6403939798474 1474.688451804221 162.2504658102989 105.1897604167461 19.67204444110394 5.721417166292667 2.235780745744705 4.051310777664185 3.832413874566555 3.599121548235416 4.991295583546162 0.9222765415906906 4.11612518876791 3.737624280154705 0.3006157502532005 8.193277701735497 5.427090808749199 0.420734703540802 947.5150144398212 2509.29780369997 367.4317456558347 9.022150114178658 1.880042113363743 13.62935086339712 149.5076238811016 21.52423679828644 13.21505406498909 3.246717154979706 4.646133214235306 1.837741315364838 11.11700583994389 10.43223802000284 3.947142966091633 2.778464145958424 174.9609483554959 2.552055478096008 4.156246900558472 10.03350396454334 0.3253715112805367 1.698194392025471 10.04034467786551 6.383705772459507 1.839446723461151 2.353043869137764 18.71661970019341 88.60309649258852 9.685027211904526 39.60026564449072 17.55722072720528 60.27131217718124 1.98313919454813 111.3560598343611 0.8752769604325294 0.7729032933712006 0.4620174244046211 1.50637498497963 22.46694748848677 23.80616062879562 64.81754586845636 5.105159059166908 0.5186593756079674 45.19920448213816 17.66091699898243 90.21183087676764 121.265936948359 542.8414938747883 778.9941193014383 1086.965623475611 201.9071735069156 519.3710828796029 4.466675341129303 0.3839642554521561 0.6058595553040504 1.006457328796387 9.242770776152611 0 0 0.2111548036336899 0.1502081304788589 0 9.460555523633957 2.731022827327251 0.8446474447846413 14.86668361723423 10.23614497482777 1.23367939889431 11.19124315679073 76.71056917309761 0.4575522541999817 0 1.136782512068748 0.7727813869714737 0.4573871493339539 0.942360520362854 0 0 0.4802265763282776 1.198788575828075 0.1120437979698181 0.9745724573731422 3.378773771226406 1.429496355354786 1.910286329686642 0.09557505697011948 0 0 0.3539379015564919 0 0 0.1480666697025299 0.1401224881410599 0 0.54085673391819 1.832274235785007 0 0.1060638129711151 0.7830382362008095 0.1423621624708176 2.260005906224251 0.09041369706392288 1.762528084218502 0 0 0 0 0.7296479493379593 0.1219670698046684 2.266330108046532 1.018462233245373 2.99559673666954 3.246310092508793 1.680477164685726 1.630050234496593 0.1429528146982193 0 0 0 0.1941653788089752 0.2834502756595612 0 0.1760172843933105 0.2062598392367363 0 0 1.65087978541851 2.879470504820347 0 0 0 0 0 0 0.3878207728266716 1.525463722646236 0 0.2958623915910721 0 0 0 0 0 0.08823587000370026 0 0 4.516710452735424 0.3485964462161064 1.453368559479713 0 0.3603379055857658 0.2497661709785461 0.1179121658205986 0 0 0 0.333073802292347 0 0.1717798262834549 0 0 0 0 0 0 0 0 2.754193626344204 4.254873342812061 6.183449402451515 275.9642861932516 15.62201991677284 193.3944449871778 104.8508903384209 44.28969199210405 20.27367523312569 1.417190089821815 11.14673383533955 8.708780869841576 0.09245408326387405 0.1272427141666412 0.6800109446048737 3.311951234936714 0 0.1533025205135345 0 8.966443628072739 3.900917366147041 20.29377757757902 3.245479874312878
49.17228012531996 1951.480657525361 1938.127038441598 18.3536619246006 3058.247021943331 0.1747263669967651 1255.704595647752 193.6666583418846 351.3984162285924 699.5992901921272 856.4726206511259 4.168573841452599 2804.238112002611 962.4765179678798 28.97046566009521 14.32247381657362 1.446634508669376 0 0 0.2261814028024673 0 0 0.1279643326997757 0 0 0 0 0 0 0 45.91488968580961 11.48850077390671 0.5312436074018478 0 0 0 0.457487441599369 0.5719018578529358 0.4182168915867805 0.126826211810112 0.3205314725637436 0 0 1.126911178231239 0 0.1730828359723091 23.88690476119518 0.117840439081192 0 0 0.1132283881306648 0 0 0 0.2132907882332802 0.3086150139570236 0.5993955060839653 3.08994584530592 1.244563393294811 4.009999543428421 0.2234189137816429 0 0 2.915915235877037 0 0 0.1189050599932671 0 0.2020437195897102 0 4.814672611653805 0.7650881409645081 0 4.890598110854626 1.282661266624928 17.4196570366621 11.54188876599073 19.12786014378071 0.4120538011193275 1.098066963255405 0.188873827457428 0.4826543927192688 0.09064950793981552 0 0.116528794169426 0.09308301657438278 0 0 0.09995156526565552 0.134438157081604 0 0 0 0 0 4.080936819314957 0.7292539030313492 0 0 3.46728853136301 0.4722847044467926 2.646282002329826 0.9478881731629372 0.6164467036724091 0.9460483193397522 1.136388167738914 2.203553050756454 2.841683074831963 4.163566052913666 5.211060285568237 1.582685649394989 11.3626104593277 20.12457302212715 13.34947917610407 5.962219372391701 0.3118099421262741 0.2560863792896271 0 0.121524840593338 0 0 0 0 0 0 0 0 0.1965842545032501 0 0 0 0 0 0 0.7160087376832962 0 0 0 0 5.034076541662216 1.40343926101923 3.283173397183418 0.8878790810704231 0.9644523411989212 0 0 0 0 0.1403881907463074 1.715914502739906 0 0 0 0 0 0 0 0 0 0 0 0.1133320927619934 0 0 0.4412495568394661 1.758002921938896 1.338756412267685 0 0.1677025854587555 0 0 0 0 0 0 0 12.09562134742737 0 0 0 0 0.974594421684742 0.5049452781677246 0.3817400634288788 0 0 0.2572237551212311 0.1668527275323868 0 0 0 0 0 0 0 0 0 10.29967217892408 3.958213940262794 3.141052849590778 92.34282241016626 0.9923392459750175 26.94041895866394 13.31196095049381 8.260095104575157 5.730513967573643 0.1280428767204285 2.632270351052284 12.21845884621143 0 0 0.1283255815505981 4.892444536089897 0 0 0 1.43992055952549 0.4201985001564026 13.75304063409567 9.146101020276546
919.3651609644294 1083.074565306306 69.31864652037621 2341.373952828348 2178.108465977013 2014.603395812213 3373.429409943521 13.31890564411879 699.5992901921272 1724.345094434917 68.10969594866037 1275.962965503335 7007.041976168752 225.1993246600032 168.1921037212014 26.68294318765402 2.888694979250431 0.1050966531038284 0 0 0.1145107969641685 1.52958357334137 0 0 0 0 0 0.4432622566819191 0 0 8.529362916946411 10.00973097980022 2.930221557617188 0 0 0.7728040218353271 9.298362478613853 3.872292213141918 1.621892601251602 1.015498794615269 0 0.4810647964477539 0 0.4901490435004234 0.09355125576257706 0 288.6198768168688 1.524699442088604 0.1403465867042542 0.2561528235673904 0.5295074731111526 6.031260304152966 0.1728119999170303 0.8645318225026131 3.234539829194546 4.67114269733429 49.65307974815369 28.28362942487001 24.94897667318583 87.91807654500008 0.2603042721748352 1.136858597397804 0 15.91405550390482 0.785527765750885 1.274073764681816 0.611813485622406 0.6940395310521126 1.15583323687315 0.2340916320681572 75.52905432879925 29.65675134211779 2.955634266138077 71.32361517846584 19.86712272465229 105.2672355473042 50.76692417263985 30.02727417647839 0.8090037032961845 3.259725145995617 0.6614997908473015 2.936217710375786 8.023842416703701 1.05975092202425 0.7244958803057671 2.043819174170494 0.6193208321928978 1.356058120727539 2.117384739220142 5.073944739997387 1.422885730862617 0.659653514623642 0 0.1034484654664993 0.5667493417859077 286.7360380291939 44.66648165136576 3.328918516635895 5.890852376818657 788.8484510406852 7.410596579313278 102.0520656704903 52.9133059233427 29.02086959034204 11.42886757105589 71.71603449434042 99.85249212384224 43.23862893879414 196.6511030122638 302.3244983032346 63.49078091233969 450.9158377796412 484.7212150096893 323.2644483745098 92.47927735000849 0.6649452298879623 0.4571523293852806 0.2263181507587433 1.289349913597107 0 0 0 0 0 0.2374050617218018 0 0 0 0.2459370046854019 0 0 0 0 0 6.011468805372715 1.19363933801651 0 4.266324430704117 0.1778865605592728 59.69923796504736 11.5407901480794 57.43345317989588 13.31348625570536 3.689423188567162 0.1721964627504349 0 0 0 0.5041992515325546 8.696270868182182 0 1.139672949910164 2.169316954910755 0 0.1582726687192917 0 1.807075828313828 0 0.2168778479099274 0 0.1830493807792664 2.771672457456589 0.8717410191893578 4.444002285599709 14.15971976518631 15.84885431826115 27.49342823028564 1.188328757882118 0.3138875663280487 0.6308722048997879 0 0 0.4583499059081078 0.1482883840799332 0 0.643707349896431 206.3277939483523 1.662683367729187 0 0 0.6849985495209694 23.77279808372259 6.919672876596451 14.06624484062195 0.2761021852493286 0.2923542857170105 2.412254333496094 0.3246419727802277 0.1447218507528305 0.1825811937451363 0 0 0 0 0.3069564700126648 0.1197638139128685 0.139878436923027 264.8468026146293 61.00096058100462 42.55420545488596 1117.991654291749 16.77648119628429 409.0807794257998 148.9168755710125 1499.829951949418 77.70711036026478 11.02918049693108 36.29903872311115 177.7330554872751 0.491892546415329 15.40861365944147 4.455609560012817 326.2122026309371 1.490692377090454 1.425326347351074 8.799211412668228 7.68621164560318 3.306240141391754 1457.606030911207 460.9613967090845
135.559981867671 1190.745392531157 2059.124021016061 26.23787972331047 478.670988149941 1.116860054433346 602.6586475223303 367.3674126416445 856.4726206511259 68.10969594866037 439.0729711055756 51.37388996779919 2134.611006312072 4582.291814148426 27.79606206715107 16.35189612954855 1.558034151792526 0.2032099589705467 0.4620989859104156 0 0.1171098947525024 1.87446953356266 0 0 0.4407850056886673 0 0 0.7421810477972031 0.570515438914299 0.1192702203989029 162.3973828479648 131.5083113387227 428.4794115796685 0 0 1.48289966583252 71.00214613229036 2.495173551142216 2.772712953388691 0.5218833684921265 0.311909444630146 0 0.4460164606571198 1.166450284421444 0 0.105707548558712 34.00192805379629 0.1167550459504128 0.2515716031193733 0.2066293507814407 0 0.7472810298204422 4.379686415195465 0.173737421631813 0.428887814283371 0.9818799644708633 2.042923390865326 9.101305782794952 1.472957782447338 8.201560765504837 0 3.246349364519119 0.5340440273284912 5.58500112593174 0.08245328068733215 0.0954253226518631 0.2908145561814308 0.1042352467775345 0.2965774014592171 0.23965934664011 27.85919209569693 1.941356107592583 0.1668718755245209 6.421245187520981 2.176558636128902 20.16381523758173 16.0390075519681 21.32797797769308 11.69053430110216 1415.302076973021 0.7395105957984924 22.03058494627476 0.2769501730799675 0 0 0.0849711075425148 0.1694780364632607 0 0 0.08799182623624802 0 0 0.104044534265995 0 0.362808994948864 5.125623390078545 3.597793370485306 0 3.434723615646362 14.39241659641266 0 0.1804793626070023 0.91238983720541 0.4157719239592552 0 0 0.1597485840320587 0 0.2550330609083176 0.7564083933830261 0.7066102772951126 2.622021861374378 6.704161457717419 3.759405516088009 2.549097523093224 0 0.1474772840738297 0 0 0 0 0 0 0 0 0 0 0.2094126418232918 0 0.1212451383471489 0.2149245589971542 0.4501296877861023 0.8798867166042328 0 0 0 0 0 0 2.86656180024147 0.9019117876887321 2.55588299036026 0.7262981683015823 0.6436000764369965 0 0 0 0 0 0 0 0 0 0 0 0 0.3050139248371124 0.1626520454883575 0 0 0 0 0 0 1.370802909135818 0.4962382614612579 0.9077833145856857 0 0 0 0 0 0 0 0 0.1400413662195206 5.485893733799458 0 0 0 0 0.1108757257461548 0 1.906197346746922 0 0 0.192287877202034 0 0 0 0 0 0.1848677694797516 0 0 0 0 2.825649902224541 2.411622136831284 4.477222613990307 91.14043620973825 1.988993406295776 39.15100404620171 16.22230044752359 13.02167032659054 5.18811559677124 0 2.903116397559643 2.062245875597 0 0.9612158462405205 0 1.240869462490082 0 0 0.326108306646347 1.620987206697464 0 6.340078130364418 1.325305864214897
24.69081971049309 73.11959411948919 44.86679201573133 2.768133886158466 9.182803586125374 90.20273514091969 10.87472515553236 28.08679991960526 4.168573841452599 1275.962965503335 51.37388996779919 140.8674734532833 1520.015749894083 49.30336805433035 51.69739503413439 69.96009778231382 13.21059004217386 0.2430056482553482 0.2806863561272621 0.7333467304706573 1.418850988149643 1.414486974477768 1.356214046478271 0 0.9057631194591522 0.815901406109333 0 3.465391874313354 0.4346873909235001 0.2756551504135132 17.29091368615627 17.73350998014212 26.61597627401352 0 0.3076508045196533 2.158792287111282 89.9800164103508 4.399468071758747 16.61767520755529 0.8693203553557396 0 0.1154119372367859 0.2864422425627708 6.19816579669714 0.6898314356803894 1.817093096673489 39.74026078730822 0.2630399242043495 0.6965189948678017 1.374121606349945 0.1170893087983131 2.512509077787399 9.43545750528574 0.8909476399421692 0.08305089175701141 0.1941763088107109 3.35055710375309 3.716557681560516 1.860120423138142 6.000625245273113 0.6923714876174927 3.522662647068501 0.3214513808488846 14.7238952293992 0 1.040833197534084 0.09439871460199356 0.1270773261785507 0.8946337848901749 0.4429803639650345 602.0317356735468 46.2348507642746 1.76425614207983 5.904260911047459 2.217091262340546 14.34639973938465 11.42702493816614 37.28477321565151 2.679815381765366 19.50793987512589 5.867080010473728 8.813202075660229 0.4259291961789131 0 0.127089336514473 0.121232658624649 1.084439463913441 0.2969866991043091 0.6582380384206772 1.302912183105946 0.9937771111726761 0.3671816363930702 1.687049716711044 0.8146555945277214 0.4275518506765366 1804.023951947689 160.9244487956166 3.901692032814026 37.44403724372387 20.94047250598669 0.4510133191943169 11.86163541674614 11.74714031815529 7.470529891550541 3.915136814117432 28.75022614002228 9.813695967197418 7.003668278455734 52.8448268994689 66.63956062495708 25.23940727859735 174.0868708640337 237.4739702343941 166.8065818846226 74.44456258416176 2.865838304162025 1.575574845075607 0.4933455735445023 0.4722116589546204 0 0 0 0.2100060880184174 0 0 0.5851115584373474 0 1.032822504639626 0.6703594624996185 0 0.5354194343090057 0 0.6027889251708984 0 1.709138207137585 0.7416957914829254 0.548980325460434 3.202589124441147 0 52.01326903700829 10.29264651983976 60.49755457043648 21.9368117377162 6.167135372757912 0.7989907413721085 1.071599081158638 0.1128344982862473 0.1303182244300842 1.330088660120964 7.915800988674164 0 0.2944046854972839 2.216049298644066 0 0.09402370452880859 0 1.060513272881508 0.5321846902370453 0 0.3577895760536194 0 2.995303481817245 0.261313796043396 0 12.46000698208809 15.97383201867342 27.08373870700598 1.163556322455406 0 0 0 0 0.1612966954708099 0 0 0.8260393738746643 209.2070523798466 3.257496848702431 0.1582487672567368 0 0.2020723968744278 19.07104320079088 9.465285733342171 17.20706837624311 0.1978589221835136 0.1333090364933014 1.736323043704033 0.8417236804962158 1.657854750752449 0.1710502207279205 0 0 0 0 0 0.1237480491399765 0 200.944631010294 84.07758486270905 62.4619553014636 363.4543252959847 11.03001348674297 76.53408841043711 47.8077881410718 276.9456474035978 14.95677971094847 0 8.281736753880978 76.93112014979124 0.6482199281454086 10.47045951336622 3.684639647603035 64.56381233781576 0.3352898061275482 0 2.297068044543266 4.247320175170898 1.229000747203827 1152.972979038954 258.3142899572849
268.3566676303744 1480.372702434659 704.8889889791608 265.4880975708365 797.8826999887824 73.33658154308796 3348.579801037908 835.6403939798474 2804.238112002611 7007.041976168752 2134.611006312072 1520.015749894083 1653.018761076033 2803.026650100946 323.2360388487577 347.7878954559565 43.95313792675734 5.863505885004997 2.40525309741497 2.068501248955727 2.739482238888741 27.72010400891304 0.8286909237504005 0.5438405349850655 2.757969237864017 3.982427641749382 0.710948646068573 12.19663905352354 22.30054315179586 0.1393291652202606 156.225989356637 133.5711633339524 228.2275827154517 1.297963991761208 0.6575970128178596 6.091396696865559 792.782065346837 166.06950635463 95.01771055907011 8.945019945502281 4.669705018401146 1.337885193526745 3.442517086863518 34.4344243183732 1.403603442013264 7.145609244704247 215.6320660486817 1.176762841641903 2.254799194633961 5.39663777500391 0.6268643736839294 9.618130795657635 243.6245154440403 10.22570209950209 0.4247832596302032 1.409935712814331 13.14522805809975 42.72647305577993 9.93419823795557 42.48898824304342 6.697924099862576 16.95264372974634 3.147392190992832 80.03602177649736 0.6961546018719673 0.9203107208013535 0.710484005510807 0.6120169386267662 7.016362622380257 3.22636466473341 1038.796611040831 77.94110162556171 4.530318506062031 36.86165646463633 21.73603486269712 133.0775439441204 101.9633021280169 265.6140011176467 14.25140441209078 264.6648033261299 19.81340408325195 61.2433318644762 1.749759048223495 0.4642482921481133 0.2537885680794716 1.84349163621664 3.91864949464798 1.111910074949265 1.544480867683887 3.107951283454895 0.9951856955885887 0.9402739778161049 3.844031237065792 2.32396075129509 6.148740597069263 1282.541524656117 185.7367782220244 17.21738720685244 216.8648075908422 48.45841364562511 2.593374267220497 28.7859632819891 34.99400214850903 12.67956276983023 6.879878610372543 50.94909076392651 29.53622720390558 18.63564800471067 123.0925848856568 139.6015972942114 48.4265863224864 319.325254380703 461.3304836377501 317.2113341838121 124.0007443875074 5.377029582858086 4.52021336555481 1.147168233990669 1.291672430932522 0 0 0 1.072569407522678 0 0.6140268445014954 1.396016597747803 0 4.872579477727413 1.652432419359684 1.227371416985989 2.879185728728771 2.064308568835258 5.4637506082654 0.7484854906797409 8.351895026862621 1.390819497406483 0.314017117023468 8.095188423991203 1.802187830209732 97.0476571470499 21.19408721476793 116.6530368179083 42.03437417000532 21.24889042973518 1.208636820316315 1.244441285729408 0.3477985262870789 1.220682226121426 2.412847578525543 11.18590641021729 0 0.5021161288022995 3.019221052527428 0.347594790160656 0 0.1395203024148941 6.064571432769299 4.378550939261913 0 0.5685867071151733 0.09237716346979141 3.607362918555737 0.5337850973010063 1.018001422286034 24.03583574295044 36.61035087704659 44.02243854105473 1.830103084445 0.6714177429676056 0.4962966740131378 0 0 0.2880528345704079 0 0 3.066083438694477 344.91294362396 9.967962712049484 0.9046856686472893 0.09036397933959961 0.4201554954051971 32.6308631747961 13.35916115343571 26.84341372549534 0.65443304926157 1.094100527465343 2.903697907924652 0.8927202746272087 1.289727866649628 0.1159497275948524 0 0 0 0 0.08320022374391556 0 0 314.2121832296252 150.4653307572007 131.0131038352847 1291.074216224253 33.75280541181564 325.3787549287081 221.056188069284 329.8630972504616 47.12282034754753 2.671235963702202 32.44815488159657 125.507381491363 0.8774866387248039 20.69178425520658 9.517284370958805 148.6803235337138 2.576560720801353 0 6.744725368916988 20.34141407907009 9.588704064488411 934.0081908851862 366.3157838135958
