89.52551848441362 3124.547507345676 1380.432742625475 1400.723504930735 135.203383564949 30.7403597086668 601.3846883252263 108.3625386059284 28.2936202660203 1731.483132064342 302.743769928813 76.08451226353645 77.53999533504248 285.8374179974198 2.743597321212292 0.8352077901363373 0.2217034175992012 0 0 0.167033463716507 2.960476815700531 2.253248915076256 0.2438834458589554 0.775158628821373 0 1.406898826360703 0.179265633225441 0.4052912145853043 0.3414572775363922 0 566.1773389950395 7.324156723916531 14.34230425953865 0 0 0 6.158243656158447 1.71824711561203 1.298723593354225 0 0.2202244997024536 0.5660485029220581 0 0.629653088748455 0 0 18.68833198398352 2.228414975106716 0.1890447586774826 0.4041903614997864 0 0.8516752421855927 0 0.4530238211154938 4.986976951360703 3.785131566226482 91.63621478527784 1568.480244062841 16.03821207582951 28.86424560844898 0.5894586592912674 0.5417604893445969 0 42.73665808141232 7.332124270498753 2.136645793914795 0.912075012922287 1.455305822193623 2.124752402305603 1.737048283219337 12.86991212517023 6.004846453666687 0.6121681928634644 146.1027956232429 68.92644007503986 24.57058698683977 4.831131294369698 0.9257638156414032 0.2295273691415787 33.38605177402496 0.6978373229503632 0.3493319973349571 19.7912015914917 0.09125586599111557 4.342456437647343 7.784348219633102 1.211990371346474 0.227222315967083 1.140071019530296 0.5676851943135262 0.3737607523798943 0.7291121631860733 3.940233632922173 1.856245920062065 0.9271872639656067 36.37254664301872 10.73565569519997 0.7041551768779755 2.628605484962463 943.9271292313933 0 0 0 0.420899286866188 0.5197331309318542 3.038195267319679 0 1.132163643836975 20.57494850456715 0 0 5.982430338859558 6.195765048265457 2.965286061167717 0.4764656722545624 0 0 0 0 0 0 0 0 0 0 0 0 0 0 0 0 0 0 0 0 0 0 0 0 0.284925252199173 0 0 0.1889487951993942 0 0 0 0 0 0 0 0 0 0 0 0 0 0 0 0 0 0 0.1234430596232414 0.5009883344173431 0 0 0.3014440536499023 0 0 0 0 0 0 0 0 0 0 3.272574499249458 0 0 0 0 0.6315341889858246 0.2454292476177216 0 0 0 0.7769807577133179 0 0 0 0 0 0 0 0.2225390821695328 0 0 1.653291590511799 0.3755643516778946 0.1595341861248016 188.7189448177814 3.6154800131917 89.55447904020548 23.23846681416035 900.9488833546638 19.22069331258535 5.948474608361721 4.157101929187775 12.22800971567631 0.3938255906105042 0.4634489864110947 0.2714034765958786 5.93984791636467 0.393290102481842 1.25398488342762 0 0.2204416245222092 0.2631080448627472 357.0694756731391 0.3863195031881332
3124.547507345676 2836.619366340339 1746.896052010357 962.0841768980026 1168.777606867254 1.753458052873611 5072.117357932031 147.8968693912029 757.710191629827 810.0883533880115 1306.892295897007 41.68940456211567 667.5970525816083 3052.484117954969 23.01056936383247 3.732373863458633 0.4998397529125214 0.1221259459853172 0 0.1469727605581284 0.8013917058706284 0 0.2630392014980316 0.10427375882864 0.1490057408809662 0.5489222705364227 0 2.078083552420139 0.3981146514415741 0.1116747483611107 1672.116476550698 17.59430629760027 13.68352525681257 0 0 0.131864532828331 6.945101514458656 1.461713865399361 1.65642823278904 0.1069575920701027 0.1419599652290344 0.5493209064006805 1.195425279438496 0.8312862887978554 0 0 229.6861323043704 15.24017263948917 3.243700683116913 0.2886840105056763 0 0.1206480786204338 0 0.9869385585188866 17.74310350418091 18.45205748826265 63.6488997861743 1326.637103162706 31.60187232494354 133.1134960278869 0.3677224814891815 0.2989339977502823 0 318.4027578681707 27.56719572842121 9.519696161150932 2.652839921414852 3.705733262002468 3.490669578313828 0.8345364779233932 10.56303047388792 0.243695005774498 0 338.8733211606741 371.763135612011 156.7838085740805 39.87493611872196 1.664022475481033 1.874685056507587 42.24531665444374 0.409450352191925 1.333161391317844 82.58284062892199 0.5918929874897003 25.56444269418716 24.16258019208908 3.126544930040836 0.2046170383691788 4.377883672714233 0 1.510459832847118 0.4376915916800499 4.314486980438232 1.881785377860069 1.479229286313057 9.464489981532097 1.973871164023876 0 1.892167493700981 427.291839376092 0 0 0.2156890630722046 0 0.3801249265670776 13.99353288114071 0 1.623428285121918 56.25577864050865 5.135456964373589 1.167705297470093 17.91441184282303 36.50777798146009 17.51126764714718 3.406468629837036 0.1295021325349808 0 0 0 0 0 0 0 0 0 0.3154458105564117 0 0.8348726630210876 0 0 0 0 0 0 0 2.158653736114502 0 0 0 4.357605263590813 0 2.995367214083672 0.5628297030925751 0.274954080581665 0 0 0 0 0 1.168432369828224 0 0 0 0 0.4017485231161118 0 0 0.4748695492744446 0 0 0.1144281625747681 0 0.3459266647696495 0 1.027202248573303 1.694996803998947 2.948513835668564 0 0 0 0 0 0 0 0 0 11.81519208103418 0 0 0 0 4.601535737514496 3.246745705604553 2.330990076065063 0 0 0 0 0 0 0 0 0 0.2109750732779503 0 0 0 10.25421894341707 4.006776377558708 6.467089742422104 231.4426305368543 10.93829101324081 610.6607758924365 111.5340888276696 660.5476928278804 63.1463340818882 9.498466230928898 47.58040969073772 13.59692271053791 0.3069366961717606 1.541326567530632 0.2463296726346016 12.68744760751724 0.473768562078476 0.7713502272963524 0.8480401039123535 1.543520346283913 0.8387306928634644 358.0574089959264 3.441817089915276
1380.432742625475 1746.896052010357 913.2428161650896 352.3085644617677 719.2947362214327 0.8507593274116516 245.2158436700702 1598.409268818796 624.998976662755 18.16854890435934 2205.269028045237 6.650712758302689 78.57955967634916 1432.517684839666 15.25906220078468 7.81366578489542 0 2.834010623395443 0 15.62739297002554 129.5604273527861 0.9780447334051132 14.79077135026455 18.18496811389923 1.421289958059788 38.4792468175292 3.668317660689354 17.03184773772955 15.07059472799301 1.269782885909081 2796.363671071827 967.6952120065689 58.12853126972914 3.479552373290062 5.751488529145718 5.622930005192757 17.43639236688614 8.590167582035065 3.797468110918999 0.3841370418667793 19.90291385352612 35.14381968230009 21.52689714729786 1.815049842000008 1.09702617675066 3.430956430733204 77.2049483731389 3.896673187613487 2.751365058124065 14.51049825549126 14.58257034420967 1.966032832860947 0 10.52150336652994 3.747401937842369 4.771234646439552 33.10599824786186 932.1688780933619 10.62781898677349 33.39477874338627 47.90433374047279 16.14607157558203 4.03580667078495 443.3866680637002 5.450327478349209 6.818838469684124 12.66607668250799 24.67476245760918 212.3522739484906 63.09266684949398 19.31830636411905 1.163785755634308 0 112.7153918370605 181.4127648994327 60.89377344399691 37.26327839493752 4.815042719244957 81.04674780368805 775.3756712600589 39.74334810674191 209.6223602965474 20.06144368648529 0 8.065733321011066 7.91784480959177 24.69078006595373 0 2.583166189491749 0.2737272381782532 6.950250096619129 1.861180067062378 230.8184152543545 41.43133873492479 11.5184036642313 20.09154903888702 28.71260044723749 0 3.758047245442867 94.47579438984394 0 0.2255012094974518 0.7221773862838745 0 0 5.274487644433975 0.3891403675079346 0.8653055429458618 7.626174382865429 2.015390701591969 2.167053207755089 12.64179947972298 25.39720514416695 15.81117077916861 4.808574825525284 0.6024478673934937 1.585932396352291 0 0 0.5196998417377472 0 0.4490815252065659 0 0.2562876716256142 1.369310557842255 3.105173721909523 0 0.5197405070066452 0.1938270330429077 0 1.001269832253456 0 1.208260163664818 0 0.7640176713466644 0.9860769510269165 0 0.8264390751719475 1.461880683898926 8.989062711596489 0.2825115323066711 7.809155948460102 1.418218836188316 0.3920891210436821 4.578207552433014 0.1192411705851555 0.3346454054117203 0.1143678948283195 0.4901793301105499 1.772576749324799 2.612748309969902 0 0.1484671384096146 0 0.2925698384642601 1.202342711389065 0.4440776407718658 9.618203178048134 0 0 0 0.1024259775876999 0.5176306366920471 0 1.455125883221626 3.646553635597229 7.169541120529175 0.4144733399152756 0 0 0 0.4795982837677002 0.4373382031917572 0.1120650842785835 0 2.418946743011475 31.61960519850254 0.5048316270112991 0.6297295689582825 0.5693510919809341 2.88873115926981 4.786036252975464 3.008859492838383 9.848977155983448 0 0.3714435398578644 0.3737083822488785 0.3888835981488228 0 0 0 0 0 0.5636385753750801 0 0.5379320979118347 0.1560671180486679 14.66241075098515 8.341280914843082 12.6929344534874 87.45004455000162 19.36326655745506 160.2567627727985 46.90256883203983 112.4464857205749 13.82144596427679 4.102439165115356 13.68659082055092 7.497200988233089 0.7001138776540756 3.56022222340107 1.117504954338074 7.75632743537426 0.2985118627548218 0.4596064314246178 2.85966457426548 0.5756001174449921 0.231428250670433 106.7654195949435 4.378344662487507
1400.723504930735 962.0841768980026 352.3085644617677 151.1460691988468 142.4922048896551 106.3266218155622 1089.301555708051 14.74314285069704 15.99470019340515 1535.197932228446 215.3569298684597 572.1924087256193 486.0831640735269 79.08322231471539 1.873496241867542 0.4138622283935547 0 0 0 0 0 0 0 0 0 0 0 0 0 0 52.65013634413481 0.2001524269580841 0.08923532068729401 0 0 0 0 0.3153189718723297 0 0 0 0 0.2773957550525665 0 0 0 31.14510473608971 4.623234413564205 0.2666735798120499 0.274744413793087 0 0 0 0 3.268492437899113 5.670712657272816 24.14299912005663 229.1558185219765 8.941680788993835 33.66651511192322 0.09938589483499527 0.1202602237462997 0 52.32086721807718 7.985866166651249 2.143732890486717 1.044351018965244 1.064669564366341 0 0 1.622554779052734 0 0 111.323722884059 74.88050798326731 21.39749820530415 3.296546451747417 0 0 0.9702465757727623 0 0.1034596785902977 25.79849556833506 0.0951974168419838 6.814175590872765 7.76828570663929 0.8673125505447388 0 0.840066522359848 0 0.2566453814506531 0.1923274323344231 0 0.1060475558042526 0.13205187022686 63.84401008486748 1.164560735225677 0 0.09824547171592712 353.9437693059444 0 0 0 0 0 4.24449197947979 0.5630317777395248 0.3858595192432404 40.41863770782948 1.593723610043526 0 5.00866474211216 7.545410163700581 3.429140493273735 0.4706180244684219 0 0 0 0 0 0 0 0 0 0 0 0 0 0 0 0 0 0 0 0 0 0 0 0 0 0 0.7645053863525391 0 0 0 0 0 0 0 0 0 0 0 0 0 0 0 0 0 0 0 0.12751205265522 0 0 0 0 0.2118025720119476 0 0 0 0 0 0 0 0 0 0.146168053150177 0 0 0 0 0 0 0 0 0 0 0 0 0 0 0 0 0 0 0 0 1.442231059074402 0 0 79.7060661688447 2.719546861946583 114.5631612837315 15.87268004566431 750.9067489057779 11.61308023333549 3.014690689742565 4.882167227566242 6.193012431263924 0 0.373188741505146 0.117655523121357 2.446528509259224 0 0.499732568860054 0 0.4165412336587906 0 262.4634247124195 1.389045603573322
135.203383564949 1168.777606867254 719.2947362214327 142.4922048896551 1049.473479904234 0.2605473399162292 869.5636761039495 52.30262020975351 3470.283371046185 82.58977659791708 1745.13631464541 2.416519314050674 134.4089325591922 3098.647181533277 11.12097162753344 1.388268806040287 0 0 0 0 0.4158627837896347 0 0 0 0 0.3132849037647247 0 0 0 0 121.2201541364193 10.50467821210623 2.014398537576199 0 0 0 1.131293870508671 0.108556866645813 0 0 0 0 0 0.3883552998304367 0 0 85.28761528432369 3.923098161816597 0.223266065120697 0 0.1029202342033386 0 0 0 2.005606435239315 3.335218332707882 7.52395149320364 85.32073714584112 5.772787198424339 27.80926205962896 0.1114208698272705 1.108148828148842 0 64.19581279158592 4.652994111180305 2.961623854935169 0.6836660876870155 1.894679039716721 0.6322642117738724 0 2.549978092312813 0 0 49.82362102717161 75.40041876584291 52.79535269737244 20.91167473047972 0.439894899725914 0.4322768896818161 5.683809846639633 0.2616109624505043 2.307028025388718 15.03284998238087 0 4.891339875757694 4.142308734357357 0.4430840685963631 0 1.343031249940395 0 0.1146275475621223 0 0.6786597669124603 0.1258745640516281 0 8.328964293003082 0.4288557469844818 0 0.2311061918735504 3.780103720724583 0 0.2457205206155777 0.768048882484436 0.3286386430263519 0 11.11214390397072 0.5982670933008194 2.698823139071465 10.65257159620523 4.906638041138649 0.8497057855129242 19.25682811439037 40.66444629430771 20.49360911548138 2.657282009720802 0 0 0 0 0 0 0 0 0 0 0 0 0 0 0 0 0.1712160110473633 0 0 0 0 0 0 0 3.602401882410049 0 2.308100312948227 0 0 0 0 0 0 0.1838776767253876 0.3343936204910278 0.2653007805347443 0 0 0 0 0 0 0 0 0 0 0 0 0 0 0.2823947966098785 1.058674156665802 0 0.3288085758686066 0 0 0 0 0 0 0 16.82728895545006 0 0 0 0 4.709923788905144 1.249820739030838 3.738392651081085 0 0 0 0.09308306127786636 0 0 0 0 0 0 0 0 0 12.61804613471031 0.6541801691055298 2.909907728433609 171.1656922698021 2.61214255541563 199.4833811745048 52.32760237157345 83.22075984627008 18.93983564525843 1.52595142275095 27.7212942391634 13.42937995493412 0.3793199062347412 1.56060965359211 0 12.26713795959949 0.5924074649810791 0.1226689592003822 0 3.188348263502121 0.2415588796138763 56.36259954422712 3.500048853456974
30.7403597086668 1.753458052873611 0.8507593274116516 106.3266218155622 0.2605473399162292 2.373132154345512 13.5076112896204 1.091744109988213 0.8306912183761597 425.8895744234324 0.9361684024333954 44.13945682346821 29.87583811581135 13.43982450664043 0 0 0.2777270376682281 0 0 0 0 42.11397209763527 0 0 0 0 0 0.2634972929954529 0.187389999628067 0 1.849346868693829 0 19.04069791734219 0 0 0 19.72252334654331 2.29659378528595 0.8316596746444702 0 0 0 0 0 0 0.4905232787132263 0.1930856853723526 0 0 0 1.157371014356613 42.25235368311405 3.728974893689156 2.009250551462173 0 0.7749261036515236 24.72195774316788 14.29942613840103 2.114588245749474 0.3564842343330383 0 9.363641604781151 0 0.164346918463707 0.3593912273645401 0 1.299203723669052 0.3607514202594757 0 0 132.3809365555644 289.0703603103757 39.38852100074291 3.056496694684029 0.5423439592123032 0 0 0 0.5402013063430786 5.068856135010719 0 2.595160216093063 0.5553551018238068 12.64695751667023 0 1.655415438115597 0.08991361409425735 23.18487775325775 11.57332402467728 65.35001980513334 6.13916353136301 27.25829622149467 0 0.5867584049701691 11.13325422257185 196.5185208916664 130.4381885379553 27.89377057552338 13.18240910768509 482.8881289213896 0 0.3520980775356293 0 0.1629375070333481 0.2154258042573929 0.9530503898859024 0.4250226020812988 0 3.970622330904007 1.057529211044312 0 0.7774860262870789 2.008954659104347 0.1477086693048477 0 0.5374057292938232 0.4149515107274055 0 0.2743398994207382 0 0 0 0 0.1567506641149521 0 0.4977599680423737 0.1621554344892502 0.5327776595950127 0 0.2516051307320595 0 1.38517340272665 0.8696822226047516 0.1212335750460625 0 0 0.118725948035717 0.4388232231140137 0.134036585688591 0.0940483883023262 0 0 0.954064667224884 0.5157111957669258 0 0.3449319154024124 0.1504775285720825 0 0 0.7405637428164482 0 0 0 0 0 1.218519523739815 0.6190188750624657 0.3175375610589981 0.1998822838068008 0 0.4218475371599197 0 0 0 0.2699035033583641 0.5610275790095329 0 0 0 0 0 0 0 0 0 0.6558069884777069 0.1143648475408554 1.38986711204052 0.4291799664497375 0 0.2925694957375526 0 0.1205168142914772 0 0 0 0.0971950963139534 0 0.3133896216750145 0 0 0.1958857923746109 0 0.1630567461252213 0.5673424899578094 0.1695526689291 0 0.387908011674881 0.384564071893692 1.439217396080494 8.457951679825783 0.5265912488102913 1.629365041851997 1.052324190735817 153.6713334172964 0.5362687110900879 0.7195257991552353 0 3.761808574199677 0.1947836130857468 0.4090487658977509 0 1.528361588716507 0 0 0.1650893092155457 0 0 40.19670081138611 1.290711268782616
601.3846883252263 5072.117357932031 245.2158436700702 1089.301555708051 869.5636761039495 13.5076112896204 1231.940122887492 20.19357073307037 1711.485798031092 1784.06833871454 489.4285624921322 747.5344012901187 3026.309420958161 3041.787080049515 39.90039792656898 9.363735020160675 0.4936977252364159 0.2211817726492882 0 0.1659994125366211 0.6110908985137939 0 0 0.8397270739078522 0.1268988251686096 0 0 0.1229636296629906 0 0 213.7795281261206 9.683681197464466 11.08313259482384 0 0 0 13.77661660313606 0 0.1199283972382545 0 0.2382699102163315 0.2389377281069756 0 0.6802033632993698 0 0 350.7518308311701 14.040955722332 0.7758747041225433 0.1176063716411591 0.2617611363530159 0 0 0 17.56001073122025 19.01266124844551 37.38379800319672 393.7622406408191 26.05921647697687 134.9168763458729 1.3956503495574 5.816080309450626 0 238.9421728178859 25.76228953152895 8.706045642495155 3.13216170668602 3.205234088003635 0.9682726934552193 0.1373401284217834 13.74531233310699 0 0 284.8174849748611 312.0984224230051 185.6368151605129 56.35576300323009 2.51138162612915 0.687083400785923 9.433557145297527 0.2684045284986496 4.556532450020313 76.59558057039976 0.4162355661392212 22.21297471225262 23.13084644824266 3.64716774970293 0.1280387043952942 3.796863466501236 0.4020645469427109 0.4410064741969109 0.4340342655777931 0.4292566701769829 0.1714179217815399 0.3937051519751549 60.50523620843887 0.858352854847908 0 0.509939506649971 108.6811652705073 36.32576816529036 86.08215285092592 389.627311527729 219.8711943328381 3.017948180437088 250.6192815601826 55.34465545415878 24.71978932619095 182.826488211751 108.2488504946232 7.018594861030579 224.5148236453533 421.5280610397458 151.8756630048156 20.8580961227417 0.4657402336597443 1.103973418474197 0 1.816936373710632 0 0 0 0 0 0 0 0 0 0.6533684730529785 0 0 1.670574635267258 0 0 20.22486631572247 1.427894935011864 0.3470016121864319 0.7445719242095947 0.7904780507087708 35.31535061448812 0.9175653457641602 13.95639280974865 1.065462619066238 0.5152493119239807 0 0 0 0.5227404832839966 0.3470576107501984 1.080871805548668 0 6.520945839583874 5.117238283157349 0.2592926472425461 0.7236536294221878 0.2035784423351288 0.3760168850421906 0 3.019063755869865 1.310626186430454 0.4085490629076958 16.49379840493202 37.77200399339199 9.415993414819241 2.872505813837051 2.059839934110641 14.33789525926113 1.805769070982933 9.42738900333643 4.123920477926731 0.1054423078894615 1.702045351266861 0.1199607402086258 0.2212776839733124 0 0 105.0440283417702 0 0 0 0.1119469776749611 19.82911860942841 5.57043245434761 21.42121423780918 3.896621681749821 10.52016109973192 7.926293097436428 1.386599361896515 1.509678155183792 3.816656976938248 0 0 0 0.6096724197268486 0 0.1074070781469345 0 102.0738871097565 12.51224103569984 17.25265537202358 1111.513709075749 14.13569248467684 911.1155095547438 215.2163275405765 962.2932638153434 95.65619864314795 6.136366240680218 124.9978665038943 165.4470812827349 0.6539904922246933 63.37212448567152 3.325035072863102 176.8175198584795 10.80269058048725 1.930316485464573 2.872532770037651 3.675060912966728 2.074264824390411 554.6983016058803 60.65764784067869
108.3625386059284 147.8968693912029 1598.409268818796 14.74314285069704 52.30262020975351 1.091744109988213 20.19357073307037 1284.131990656257 303.422254703939 2.213716425001621 3270.446945250034 6.916425742208958 62.8341011479497 717.3987136557698 49.42304467409849 18.26824926584959 0.7280452847480774 4.743662752211094 0.5201098844408989 24.67116409540176 95.06482890993357 5.089665949344635 15.16372328996658 13.70384459942579 1.947883263230324 45.13021256774664 3.380732208490372 14.5435239225626 21.20387648046017 1.977985747158527 705.7356540262699 1061.760475076735 96.72418814897537 8.546117290854454 7.794741474092007 7.300553224980831 35.25959119945765 16.37652159482241 9.393354244530201 0.2987668663263321 17.81332924216986 36.07054194062948 24.1943551748991 33.95490960776806 3.230148687958717 10.87157013267279 168.3876743689179 6.909173652529716 3.914552047848701 18.3699504584074 15.2593796402216 0.9231954216957092 0.3650593087077141 13.29525501281023 3.147847056388855 3.386554062366486 10.06371778249741 187.7183785960078 6.458695210516453 44.49228470772505 166.8762399107218 24.24962440878153 8.409053437411785 447.1002720147371 5.165964841842651 4.894016899168491 17.30836789309978 16.98283537477255 113.7201115787029 61.45153143256903 41.53972788155079 1.855309069156647 0 71.87296624481678 197.0972337275743 122.9424523562193 294.0108718276024 149.1112159788609 842.4397151246667 2702.829581454396 332.569589279592 591.7724560946226 13.66768208891153 0.1901261657476425 7.712044283747673 9.159306071698666 28.39726230502129 0.1127737686038017 3.574414879083633 0.3807462006807327 13.75037412345409 1.248491927981377 137.0445386841893 33.59042218327522 13.12812960147858 15.86993837356567 10.14897697418928 0 10.57190788537264 8.76597947627306 0 0 0.7144603729248047 0 0 1.539864182472229 0 0.2973710149526596 0.9381355047225952 0.2592059075832367 0.1818061321973801 7.80856367200613 8.351697914302349 6.225601345300674 0.8455809056758881 0.379135400056839 0.3646333888173103 0.2336319014430046 0 0.1233748942613602 0 0.3272973597049713 0.158062219619751 0 0.873620793223381 2.263704940676689 0 0.1403686553239822 0.5794593095779419 0 1.769318118691444 0 1.360685981810093 0 0 0 0 0 0 5.825973123311996 0 1.438792511820793 0.215372309088707 0.2461729347705841 3.986372277140617 0.4682152420282364 0.4541411548852921 0 0 0.187552846968174 4.453545361757278 0 0 0 0.1146083623170853 1.285404309630394 0 7.147409714758396 0 0 0 0.1248215362429619 0 0 0.6040431037545204 0.744243398308754 2.46635477244854 0 0 0 0.4730571508407593 0 0 0.5251539424061775 0 0.7249512225389481 10.10282781720161 0.5047543197870255 0 0.6037819683551788 2.424922041594982 0.6795553267002106 0.3434553146362305 1.772901296615601 0 0 0.09718938916921616 0 0.1137979030609131 0.1234411299228668 0.1527066975831985 0.1305703222751617 0.1361608952283859 0 0.4048195630311966 0.2283631414175034 0.5120791792869568 6.192914180457592 2.304112315177917 3.03556839376688 152.7020438238978 27.58326122909784 263.0352227166295 88.17282284796238 62.67891159653664 24.51142325252295 0.5144265741109848 27.99920883029699 6.280480816960335 0.3551634848117828 4.379700973629951 0.1616798490285873 3.025103867053986 0 0.1168345436453819 0.3568223416805267 3.048399731516838 0 58.34642913192511 1.462052695453167
28.2936202660203 757.710191629827 624.998976662755 15.99470019340515 3470.283371046185 0.8306912183761597 1711.485798031092 303.422254703939 662.4588989317417 39.96222856640816 1113.50182197988 6.54418882727623 179.8290239349008 816.8659983798862 7.37396365404129 3.06865057349205 0.1298220902681351 0 0 0 0 0 0.1702134609222412 0 0 0 0 0 0.3508451581001282 0 44.4817156419158 8.75122445076704 3.085069097578526 0.1322153955698013 0 0 0.5650225877761841 0.2648945748806 0 0 0 0 0 0 0 0 44.36417330801487 1.095955327153206 0.1155462190508842 0 0 0 0 0 1.043920092284679 1.996898092329502 2.329879425466061 24.60631075501442 1.153265945613384 10.80437356233597 0 0 0 28.62489640712738 2.118894040584564 0.6693609580397606 0.1827090084552765 0.4610870257019997 0.8318136781454086 0.2634948417544365 1.753493100404739 0 0 17.57516605407 28.61937206983566 23.10483970493078 13.34196651726961 0.7636566981673241 0 56.19142130017281 0.2251231223344803 0.3314000070095062 4.794506251811981 0 1.500591099262238 1.279496416449547 0.5921946540474892 0.1004418134689331 0.3300447016954422 0 0 0 0.4187611639499664 0 0.1697377413511276 9.351226687431335 0 0 0 0.7200119867920876 0 0 0 0.4456594884395599 0 7.099040374159813 0 2.098442256450653 4.309241563081741 2.935872822999954 1.020359143614769 15.40990833938122 24.54615671932697 11.00252987444401 0.694424495100975 0.4976010769605637 0.6139363050460815 0.2756756246089935 0 1.059230983257294 0 0 0 0 0 0 0 0 0 0 0 0 0 0 0 0 0 0 0 3.956208884716034 0 1.660135105252266 0.2796500325202942 0 0 0 0 0 0 0.2355445623397827 0 0 0 0 0 0 0 0 0 0 0 0 0 0 0.4026085436344147 0 1.509107246994972 0.2075706273317337 0 0 0 0 0 0 0 0 9.138015627861023 0 0 0 0 1.249395817518234 0 1.858732059597969 0 0 0.2235313802957535 0.3776585161685944 0 0 0 0 0 0 0 0 0 8.142694249749184 1.902956947684288 1.415517315268517 133.7916261479259 0.6561805084347725 96.92427293211222 27.3746103644371 36.54539965093136 12.80780792981386 0.3853199407458305 19.29856149852276 9.67545260488987 0 0 0 7.034294784069061 0 0.4428507164120674 0 0.83371402323246 0 30.8767441213131 1.613027408719063
1731.483132064342 810.0883533880115 18.16854890435934 1535.197932228446 82.58977659791708 425.8895744234324 1784.06833871454 2.213716425001621 39.96222856640816 2313.200652174652 31.55148486793041 2952.910186469555 4265.943912215531 475.5643128380179 8.557673893868923 1.913648374378681 0 0 0 0 0.1390690505504608 0 0 0 0 0 0 0 0 0 31.35249021649361 0.3047593235969543 30.16709904372692 0 0 0 58.3629399985075 0.5756915211677551 0.7471013218164444 0.1931542456150055 0 0.09560544788837433 0.1157099381089211 0.3738018870353699 0 0 71.58294562250376 5.728353463113308 0.5400891453027725 0 0.9699245393276215 0 0.9932058453559875 0 7.191053256392479 8.616997234523296 26.58137305080891 161.2534613609314 12.37604123353958 50.04439309239388 0 0.6849399507045746 0 78.32657258212566 11.75534772872925 5.877618946135044 1.202443204820156 1.092780731618404 0.3046331033110619 0.3107446134090424 123.1253182142973 0.160911425948143 0 132.6433220878243 111.3458008766174 44.45990607142448 8.704358495771885 0.508967250585556 0 4.007705964148045 0.1373842656612396 3.971254952251911 34.91345273703337 0.2946711778640747 9.217795915901661 10.67930848896503 0.7525700330734253 0 2.112763062119484 0 0.2430972084403038 0.6474561616778374 0 0.1202219724655151 0.09887760132551193 108.447131216526 13.3166311532259 0 2.692669361829758 679.4315756335855 6.237023398280144 47.26017777621746 128.3102413713932 293.5626406371593 2.632714211940765 160.536282479763 181.7627101540565 22.61036382615566 232.8145886585116 139.6544101908803 5.6927310526371 203.0353413373232 454.1430245563388 171.3646204546094 10.19609560072422 0.5547313094139099 0.8120903074741364 0 0 0 0 0 0 0 0.3556190431118011 0 0 0 0 0 0 0 0 0 4.388324081897736 2.124384321272373 0 0 0 9.397820711135864 0 2.407292634248734 0.3520887643098831 0.1464981138706207 0 0 0.1226592808961868 0 0.3966732621192932 0.2156547755002975 0 1.329713702201843 1.231400296092033 0 0 0 0.4925696551799774 0 0 0.1296990662813187 0 4.604005821049213 7.552462890744209 3.515736788511276 0 0 2.97857204079628 0 0.1250418424606323 0.3493694961071014 0.2285623028874397 0 0 0.1005111783742905 0 0 30.78660446405411 0.5581169128417969 0 0 0 4.300533398985863 2.194448783993721 5.479708164930344 1.150283098220825 2.669835805892944 1.235849127173424 0.9244007617235184 1.083877116441727 0.5817010104656219 0 0 0 0.09991759806871414 0 0 0 63.6863607019186 3.077875152230263 5.880741342902184 755.0174280330539 5.542101591825485 223.9248473867774 43.98305547237396 1867.442679673433 20.80317439138889 2.327712923288345 13.87002755701542 166.366415143013 0 13.23586670309305 1.571868859231472 117.1652358695865 1.70170284062624 0.4283445924520493 0.8120831400156021 4.654083147644997 0 1161.51461417228 68.36203157901764
302.743769928813 1306.892295897007 2205.269028045237 215.3569298684597 1745.13631464541 0.9361684024333954 489.4285624921322 3270.446945250034 1113.50182197988 31.55148486793041 852.1822062879801 103.6378277540207 714.396733418107 2165.279289402068 61.86561558395624 20.98187857866287 0.4411263316869736 0.2722852900624275 0 1.627793043851852 7.700077399611473 1.455962643027306 0.386080801486969 1.687327265739441 0.1055505573749542 10.57267278432846 0.8798530995845795 2.907772034406662 9.304817639291286 0.3364509493112564 299.4227864891291 250.1545541286469 208.0215789452195 0.1532033234834671 0.657930925488472 0.6288176327943802 97.57868221402168 12.65901231765747 9.447304621338844 0.1365144848823547 0.8177212625741959 2.282063834369183 1.757824242115021 1.048724845051765 0 0.113972008228302 240.6868994608521 4.93188002705574 1.850241504609585 1.222092919051647 5.360746070742607 0.8628154844045639 0.426744282245636 5.644829019904137 3.934118524193764 3.344613865017891 8.151920050382614 112.9148192256689 6.697563663125038 47.66926454007626 0.237231470644474 6.658803515136242 0.1708576828241348 164.781634926796 5.283975079655647 2.93274150043726 4.520537011325359 4.088178850710392 7.697028249502182 4.04689085483551 90.86766245216131 2.368683278560638 0.1219166070222855 70.28501009941101 148.4491723179817 141.523624137044 103.9073133841157 7.945430710911751 38.7051008939743 288.3482725098729 0.7277665585279465 9.918144382536411 19.01188762485981 0 5.707109615206718 6.089140728116035 2.390392608940601 0 2.438319943845272 0.09347675740718842 4.898541606962681 0.5175636783242226 16.57057262212038 9.631965495646 4.158478133380413 46.24198997020721 8.176802724599838 0.2429650574922562 15.86195918172598 11.88904701918364 0 0.1301788836717606 0 0 0 13.38578280806541 0 0.7273497581481934 13.07329995930195 4.121772915124893 1.129663124680519 27.47858856618404 51.03127473592758 20.41308383643627 3.405424684286118 0.1435096710920334 0.1580870747566223 0 0 0 0 0.3703041970729828 0 0 1.598864927887917 0.3334550857543945 0 0.4262023866176605 0.252011775970459 0.156136229634285 0 0 0.7374527007341385 0.1048195958137512 0.3662539124488831 0.9197190701961517 0 1.958208084106445 0 3.504867836833 0 4.394225224852562 0.8849021643400192 0 1.393730461597443 0 0 0 0 0.3693622946739197 0.7467639595270157 0.4132477641105652 0 0 0 0 0.138178363442421 1.308556571602821 0 0 0.08499021828174591 0 0.1003185734152794 0 0 1.513010770082474 1.965159878134727 0 0 0.1158699840307236 0 0 0 0.1820412874221802 0.2240555733442307 0.290543794631958 22.6236480101943 0.1433386504650116 0 0 0.1353897899389267 4.31976991891861 0.5623942017555237 7.54473415017128 0 0.1964130103588104 0.1490041315555573 0.1689705550670624 0.2916406244039536 0 0 0 0 0.153172180056572 0.1853796988725662 0.2895094156265259 0.1731960326433182 18.62359286099672 3.113782629370689 5.566167958080769 572.6615303978324 8.879238776862621 414.8323912918568 156.6910806819797 136.6627817004919 52.78086465597153 1.015783548355103 106.6277420669794 28.78788332641125 0 3.121754974126816 0.1441063284873962 15.84247949719429 0.4975104331970215 0.4603008329868317 1.000059366226196 7.328330233693123 1.086944118142128 74.10085916519165 3.038255706429482
76.08451226353645 41.68940456211567 6.650712758302689 572.1924087256193 2.416519314050674 44.13945682346821 747.5344012901187 6.916425742208958 6.54418882727623 2952.910186469555 103.6378277540207 369.4587007910013 1577.191793620586 499.9699083864689 17.89097319543362 8.953757077455521 0 0 0 0 0.9085279405117035 0 0 0 0 1.201503902673721 0 0.721863865852356 0.8778411597013474 0 5.579384826123714 0.1541362553834915 13.20721392333508 0 0 0 11.80127213895321 1.873250342905521 0.8546011000871658 0.4054023921489716 1.488415151834488 0 0 0.571202740073204 0 0 43.05614204704762 0.1123074293136597 0.349928691983223 0 0 0 0 0 0.7918355837464333 1.024734482169151 1.528727099299431 12.74162846803665 0.9896478354930878 6.557462565600872 0 2.647715598344803 0 24.633534476161 0.9740173071622849 0.4073765948414803 1.211934477090836 0.4684081077575684 0.4048887193202972 0.4144528806209564 79.9446918964386 1.438127532601357 0 15.46009881794453 24.06766368448734 24.83022804558277 21.24198253452778 4.045371554791927 0.1718992441892624 34.60013733804226 0.1199031174182892 1.3982258066535 5.0613848939538 0 1.083115696907043 2.016079753637314 0.08814626932144165 0 0 0.1440884917974472 0 0 2.34437207877636 0.3771946728229523 0.2211790233850479 231.9752912819386 24.76089395582676 0 11.57343255728483 21.20154831558466 0 0 2.812176153063774 1.672367438673973 0 64.92639461904764 4.398001968860626 12.77738417685032 87.61172510683537 32.99176794290543 2.933852314949036 93.35633703321218 198.5562422946095 72.02299484610558 8.790892489254475 0.420276939868927 0.5195178091526031 0 0 0 0 0 0 0 0 0 0 0 0 0 0 0 0 0 0.3647249937057495 0.2754737436771393 0 0.1611111760139465 0 12.58212581276894 0 5.986427307128906 0.7863503396511078 0 0 0 0 0 0.1529597491025925 0.2486947551369667 0 0 0 0 0 0 0 0 0 0 0 0 0 0 0.3148520886898041 0.3171516805887222 2.92740872502327 0 0 0 0 0 0 0 0.1187383830547333 0 50.28529168665409 0.3791262209415436 0 0 0 9.04670038819313 1.708357766270638 3.538241192698479 0 0 0.4711161404848099 0 1.383401483297348 0 0 0 0 0.2187463343143463 0 0 0 59.42307749390602 7.498262122273445 7.607010662555695 388.2300082370639 4.711277768015862 84.35589649528265 47.50878505408764 190.8605196624994 13.47556305676699 0.680343434214592 36.21670922636986 60.86700575053692 1.186664879322052 2.351158365607262 1.175367057323456 41.99237555265427 0.2737508118152618 0 0.605526939034462 4.091417625546455 0.438834935426712 389.6820562928915 23.80726219713688
77.53999533504248 667.5970525816083 78.57955967634916 486.0831640735269 134.4089325591922 29.87583811581135 3026.309420958161 62.8341011479497 179.8290239349008 4265.943912215531 714.396733418107 1577.191793620586 2286.106256566942 5825.985592499375 82.66323641687632 44.4086100757122 0.5652276873588562 0.4612964987754822 0 0 6.071089595556259 0 0 0.6331933438777924 0.1450264602899551 4.367439702153206 0.897676095366478 1.422314956784248 5.151485279202461 0.1808653175830841 51.90807390958071 8.118782289326191 200.1214136332273 0 0 0 226.934818148613 76.29317225515842 14.41921260207891 0 0.5205314755439758 1.645755752921104 1.032387956976891 3.877484731376171 0 0 247.1957681849599 3.700946561992168 0.9891940057277679 0.2261094152927399 2.010375544428825 0.3880657702684402 5.123230367898941 2.43353483080864 4.337200745940208 3.141332067549229 11.52924827486277 58.88579249382019 5.531537160277367 47.83985933661461 0.5854903906583786 10.32004471123219 0 130.7615118101239 5.918123699724674 1.967781342566013 1.991545952856541 2.487914025783539 8.447825953364372 0.6618999689817429 451.7113309428096 5.601293370127678 0 65.71450884640217 126.2640354856849 142.1647244989872 111.5952283218503 22.72436526417732 1.735800191760063 328.8678899407387 0.1523414254188538 4.644563242793083 14.9627772718668 0 5.354457207024097 6.129790171980858 0.8109676539897919 0.3488476574420929 1.068547904491425 0 2.462489597499371 0.6691851988434792 12.49966575205326 4.69096328318119 2.290242604911327 465.5730784535408 77.73604118824005 0.2981915026903152 53.58137418329716 24.68208957463503 0.4753900021314621 2.046884104609489 12.40013436973095 12.6100497841835 1.507729709148407 218.1195297241211 13.73039799928665 34.10903996229172 218.0186095759273 103.8645681217313 12.3352675139904 334.1679631322622 700.4854171276093 284.2844022735953 38.30680102109909 2.935295090079308 1.848010025918484 0 0 0.2226010113954544 0 0.1979908645153046 0 0 0.4727373421192169 0.2703521549701691 0 1.927596345543861 0.719886988401413 0 0.988013744354248 0.8472072705626488 0.9558278918266296 0 2.366747096180916 2.431830033659935 0 1.66121681779623 0.1498670279979706 51.7525924667716 2.839728027582169 25.49773801863194 3.055535763502121 0.4190265834331512 1.133794769644737 0 0 0.4458750188350677 1.049331910908222 3.425370641052723 0.7420105338096619 0.2553045302629471 0.9780288636684418 0 0.6999733448028564 0.4844063818454742 0.7265709936618805 0.9482143372297287 0 0.25732421875 0 1.551295846700668 0.4345914423465729 0.4460109323263168 2.24133412539959 7.253040134906769 21.39596298336983 0.1269233822822571 0.139531135559082 0 0.1069471314549446 0.08894308656454086 0.1027812138199806 0 0.1524457037448883 0.2420968115329742 183.1546798869967 0.6223230957984924 0 0 0.6509668380022049 25.84581770002842 14.75022083520889 27.86601591855288 0.6282443031668663 1.583932742476463 2.914821289479733 1.308484815061092 1.903695680201054 0.09613097459077835 0 0.2118733078241348 0 0 0 0 0 193.8593127578497 22.71687169373035 37.61951918154955 1531.234181448817 20.10135193169117 487.343847669661 224.1529396399856 476.7332069128752 60.74699859321117 1.231248110532761 179.2381244823337 224.7804552540183 0.2594344764947891 12.71729486435652 5.417172253131866 149.5954660922289 2.692645728588104 0.1366384476423264 1.690919741988182 16.71279239654541 2.180313676595688 832.8627645298839 76.31355544179678
285.8374179974198 3052.484117954969 1432.517684839666 79.08322231471539 3098.647181533277 13.43982450664043 3041.787080049515 717.3987136557698 816.8659983798862 475.5643128380179 2165.279289402068 499.9699083864689 5825.985592499375 1893.933116137981 53.53530010581017 25.97439704835415 1.266186311841011 0.4909442514181137 0.1470262110233307 0.1233273223042488 7.115966498851776 1.878461852669716 0.1666920781135559 1.662499144673347 0.164793848991394 4.910109415650368 0.9490381181240082 4.815245881676674 14.34988567233086 0.4406713396310806 234.2337060496211 36.24519719183445 772.9171368181705 0.1140147522091866 0.4031147360801697 0.5629699379205704 611.0563016310334 250.1723898500204 28.65505503118038 0.1424956023693085 1.226577930152416 1.480619922280312 1.088557705283165 4.151595234870911 0.3544494360685349 0.7119833156466484 181.520072042942 2.902411386370659 1.035778261721134 1.293497502803802 2.645181491971016 1.85597987473011 12.72046674787998 6.28114752471447 1.879236921668053 2.802787207067013 8.837566785514355 107.7953432127833 4.524741478264332 35.33518958836794 2.856482714414597 97.28468187153339 0.9015282541513443 116.2150922641158 3.801379717886448 2.69817741215229 5.014476269483566 1.847636826336384 6.645557336509228 3.223598942160606 585.624265730381 9.00032002478838 0.5639338567852974 49.13381297886372 102.2209681719542 105.3985608518124 78.17156904935837 12.98449431359768 64.06394009292126 624.3343676179647 0.4844023138284683 36.83504126966 13.19295455515385 0.4217669665813446 4.085654310882092 4.577270217239857 1.828835643827915 0 2.035937920212746 0.2921755611896515 4.71986910700798 0.7547208815813065 11.51202777773142 9.282804667949677 3.03362725675106 173.752275839448 72.36961437016726 2.320372119545937 81.50839648395777 20.11235883831978 0 0.7815558314323425 0.8414551615715027 0.1697003692388535 0.7879433035850525 29.00063528120518 1.309495240449905 6.724013447761536 34.20016837865114 18.28706061840057 4.287957407534122 64.49095712602139 130.424786798656 60.60155212134123 10.40403676778078 0.8273027092218399 0.942996434867382 0 0.2038085386157036 0.1297584474086761 0 0.3701778054237366 0 0 0 1.041465595364571 0.2432180941104889 0.5743184387683868 0 0.1374847739934921 0.1831238865852356 0.2118465378880501 1.521034985780716 0.4854990988969803 0.5387347340583801 0.4475597590208054 0 1.75416261702776 0.2465779930353165 17.16472201049328 0.6137902736663818 6.943425968289375 2.609133563935757 0.9691211804747581 0.5483049154281616 0 0 0 0.6679254919290543 2.176129706203938 0.6308898478746414 0 0 0 0 0 0.3989769518375397 1.663918361067772 0 0 0 0 0.3140791952610016 0 2.276125267148018 3.385403655469418 6.426310852169991 0.4524368345737457 0 0 0 0 0 0.6018964797258377 0 0.4606771916151047 53.46176991611719 0.9493620991706848 0 0 0 5.718560039997101 3.326313406229019 11.03919875621796 0 0.1372705549001694 1.104836314916611 0.5800287127494812 0.2639122009277344 0.3033868074417114 0 0 0 0 0 0.2110849618911743 0 54.40004796534777 12.59695897251368 14.59175888448954 580.42473526299 20.17836844921112 316.929709687829 141.3264254853129 126.0202524289489 36.73180256038904 0.6124390363693237 103.2885879948735 45.49015342444181 0.3979227244853973 3.141285814344883 2.356335043907166 27.52522554993629 0.2511594817042351 0.1454153507947922 0.763921856880188 8.375367596745491 1.964644193649292 160.8251172527671 19.78630538284779
