197.9470512792468 2282.62752687186 315.4287629500031 1818.690651103854 54.4157357737422 101.3029081895947 1625.209986440837 114.251948684454 11.95729101449251 1614.485393159091 51.55528741329908 200.3595616146922 89.53805482387543 98.00493691116571 0.7598174586892128 0.4423963129520416 0.1165960133075714 0 0 0.2181136310100555 0 0.1251886039972305 0 0 0 0 0 0 0.3768930658698082 0 857.4795005396008 14.92234715819359 12.12711860239506 0 0 0 2.807987630367279 0 0.2487396374344826 0 0.138514831662178 0.42906853556633 0 1.144511796534061 0 0 26.43127392977476 0.181834951043129 0.1271590292453766 0.2296570390462875 0.3605876415967941 0.9256699681282043 0 0.1167161539196968 2.925744339823723 3.00160014629364 36.56169470399618 273.6084834709764 39.47928819060326 39.587716139853 0 1.644965171813965 0 39.93795077502728 4.380918651819229 1.07902953773737 0.83500886708498 1.448184609413147 0.7598289474844933 0.1511686444282532 2.989185303449631 0.337569385766983 0 124.1955919712782 20.17462938278913 10.772057980299 4.135811544954777 0.1087915599346161 3.459707371890545 42.47637713700533 0.8623941093683243 5.702185392379761 8.343698650598526 0 1.3166434019804 1.377353489398956 0.24869704246521 0 0 0 0 0.1132286339998245 0.8273668140172958 0.3005796670913696 0.4397715702652931 19.08156035840511 2.046588346362114 0 0.4006221145391464 1074.015114270151 0 14.41933605074883 11.53772973269224 5.411480017006397 12.30535334348679 19.47844146937132 1.714263245463371 21.75523224473 9.781516462564468 13.4146768450737 1.837313294410706 5.896560028195381 7.668217249214649 2.910589724779129 4.568473264575005 0 0 0 0 0 0 0 0 0 0 0 0 0 0 0 0 0 0 0 0 0.8061034679412842 0 0 0 1.185603521764278 2.133461743593216 0.226113386452198 0.3908343464136124 0.09403140842914581 0 0 0 0 0 0 0 0.5417734980583191 0 0 0 0 0 0 0 0 0 0.4216791391372681 0.5304271578788757 0.7480248361825943 0.8853663802146912 3.227560967206955 2.206418216228485 0 0 0 0 0 0 0 0 0 0.7743541449308395 2.37030029296875 0 0 0 2.019452013075352 0.4369219243526459 0.8483627513051033 0 0 0.3954052329063416 0 0 0 0 0 0 0 0 0 0 1.750651337206364 0.4715065583586693 0.9235430657863617 136.5616403669119 1.361024312674999 26.0011060833931 11.10375919193029 518.807840578258 16.14646868407726 6.647010073065758 0.4799835234880447 20.03095303475857 0.3192971050739288 0.8954296037554741 0.9265713840723038 24.52798819541931 0 0 0 1.021141231060028 0 340.7944206297398 5.408107668161392
2282.62752687186 2013.846747793257 1434.683016724885 451.6436940804124 1251.062531098723 99.46057852357626 2071.84165160358 1201.181392230093 1457.532049737871 833.0739325433969 1397.326571553946 376.0837780311704 981.3486862555146 1427.329755686224 12.56993770599365 3.929649874567986 0.6546002700924873 0 0 0.2401883453130722 0.1712139099836349 0.4191388264298439 0.125227227807045 0 0.1483449339866638 0 0 0.2513126656413078 0.2427840009331703 0 979.7877429872751 36.23514669388533 47.20506726205349 0.2958534508943558 0.3384672105312347 0.2299856394529343 7.203278131783009 1.321321196854115 2.105467170476913 0.4608989655971527 0 1.08086908608675 0.7661010697484016 2.893363960087299 0.2773983180522919 0.9151798337697983 243.9756605029106 1.985813215374947 0.1660923510789871 0.6533455848693848 0.6283517554402351 1.050722844898701 0.1004929021000862 0.7168041318655014 11.12050874531269 8.894648015499115 41.44965130090714 289.6384078264236 40.39945720136166 123.1020804494619 1.223662629723549 7.428848288953304 0.5051884204149246 175.9329643324018 11.5647092461586 8.561069548130035 1.537522725760937 3.536379918456078 4.011233076453209 0.7783661186695099 24.00078512728214 0.2163217440247536 0 271.9853257462382 109.3649331107736 133.4929115250707 65.65542066842318 5.559952579438686 7.215154469013214 163.6652350127697 2.806875705718994 14.94946712255478 22.85308717191219 0 8.181245565414429 4.881286703050137 1.722520530223846 0 1.284679472446442 0 0.2026046738028526 0.2315348461270332 3.795771449804306 1.208925627171993 2.380077287554741 45.13562801480293 20.6107806712389 0 2.266273036599159 820.0430283695459 3.561687886714935 10.69949822127819 21.40943291783333 3.312947779893875 27.83883568644524 52.00419579446316 2.088050752878189 58.34836117178202 21.79844046384096 26.42108902335167 9.016429036855698 27.76530013978481 29.05296320468187 12.36528795212507 18.81613681465387 0 0 0 0 0 0 0 0 0 0 0 0.1610181033611298 0.09736192971467972 0.4792524576187134 0 0.3647552132606506 0.09184969216585159 0 0 2.131680622696877 3.09783161431551 0 0 0.2704179435968399 11.84568260610104 4.927662536501884 15.97274650633335 2.878725372254848 0.1836898922920227 0.1673870384693146 0.5535877346992493 0 0 0 0 0.8105307519435883 0.8666389435529709 0.1347875595092773 0 0 0 0 0 0.2271239385008812 0 0 0.4462236613035202 0.5572652667760849 0.1827176511287689 0.4975615441799164 3.520294211804867 27.79831919074059 0 0.2004565745592117 0.1189408674836159 0 0 0 0 0 0 10.65567015856504 0.4215014427900314 0 0 0 27.29714020341635 2.588517338037491 15.9877540320158 0.8161698132753372 0.6000450998544693 0.5553162395954132 0 0 0 0 0 0 0 0 0 0 25.12668785452843 7.751942187547684 6.890958517789841 377.8364271372557 16.04840488731861 231.361481577158 89.10228957980871 625.4542913287878 33.79315788298845 3.446185275912285 14.94230955839157 24.28438279032707 0.425476610660553 2.42906953394413 0.2456852719187737 34.77462344616652 1.011088997125626 0 0.1280551850795746 15.05385955423117 0.4533253014087677 265.2495817169547 15.60668025910854
315.4287629500031 1434.683016724885 1161.602006629109 2.635691359639168 241.885708078742 5.528355121612549 71.26936769485474 4224.091867744923 117.7439929097891 23.1875918880105 987.293650701642 74.18506949394941 225.6279067546129 1002.848171018064 10.452871337533 4.651032388210297 0.3217014074325562 0 0 0.3606102541089058 1.147985205054283 0.4743419587612152 0.1557466834783554 0.1585029810667038 0.2273794487118721 0.8224377483129501 0.1304390430450439 0.974931612610817 0.851078063249588 0 4045.74050232023 878.1496726125479 114.3343394994736 0.4652647376060486 0.5374918952584267 0.4397094324231148 7.673020198941231 0.7831572666764259 2.618883535265923 1.344970025122166 1.456220924854279 4.250942885875702 0.7206630855798721 1.653208307921886 0.1221976429224014 0.6527268439531326 107.1837353929877 0.7799153625965118 0 1.456518605351448 6.955675572156906 1.068402789533138 0.1297449469566345 2.164817504584789 4.209640294313431 3.946676880121231 26.06763865798712 329.9379402846098 21.18470736593008 40.13575181365013 6.199005976319313 4.464108847081661 0.8276484981179237 354.9065609201789 3.921037815511227 4.379336647689342 5.715226426720619 16.72660891711712 15.2142231464386 3.883845746517181 45.3537854552269 0.3636322915554047 0.6432003378868103 127.6724928244948 57.00234857946634 46.65612959116697 43.89043243974447 3.856453813612461 328.3805383294821 996.4682736247778 11.42640756815672 165.8999793976545 6.772041723132133 0 3.846908964216709 1.816835381090641 2.277523629367352 0 0.9927975311875343 0.4258760586380959 1.851062975823879 1.061218224465847 19.06726837903261 5.216588221490383 5.396490320563316 49.22374595701694 23.79139813035727 0 4.850254215300083 485.7120244055986 0 5.049090042710304 2.79447640478611 0 7.426279872655869 8.576121613383293 0 11.4436439499259 1.26623198390007 0.8002846986055374 4.934281937777996 6.522370807826519 3.779235750436783 2.529768005013466 3.942486166954041 0 0 0 0.2082362174987793 0 0 0 0 0 0.1679927855730057 0.2929868698120117 0 0 0 0 0 0 0 0 1.653994560241699 1.15748056769371 0 1.052732363343239 0 6.320994794368744 3.732756793498993 6.618276104331017 1.400203809142113 0 0 0 0 0 0 0.3682882040739059 0 1.205857068300247 0 0 0 0 0.1481815874576569 0 0 0 0 0.1788976043462753 0.3563597500324249 0 0 4.003888070583344 10.99208403378725 0 0 0 0 0 0 0 0 0 5.073590621352196 0.6852839589118958 0.2950429916381836 0 0.5538756474852562 9.299075491726398 1.508171364665031 6.518685787916183 1.353044033050537 0.3579400777816772 0 0 0 0 0 0 0 0 0 0 0 4.286496378481388 8.497090071439743 3.800565309822559 139.7429895922542 8.556619383394718 87.54445962607861 29.64958766102791 136.257058814168 13.46127298474312 1.778779923915863 3.70202598720789 4.416163794696331 0 0.2374564781785011 0 9.014528051018715 0 0 0 3.905346907675266 0 65.29449123889208 4.219180196523666
1818.690651103854 451.6436940804124 2.635691359639168 131.9249410182238 14.25663065165281 551.0393414348364 588.4804386720061 0.5179372131824493 6.4041807949543 784.951076336205 0 107.1383340209723 141.5101368650794 14.4765714854002 0 0.1777740269899368 0 0 0 0 0 0 0 0 0 0 0 0 0 0 11.79937382042408 0.1310539394617081 0.117188423871994 0 0 0 0 0 0 0 0 0 0 0.1254597902297974 0 0.1099969148635864 2.147838249802589 0 0 0 0 0 0 0 0 0.2717879638075829 1.991634175181389 6.431570969521999 0.8794673830270767 3.802061706781387 0.1362481862306595 0.1252086907625198 0 2.617502011358738 0.1070933565497398 0.08288926631212234 0.217355765402317 0.07303635776042938 0 0 0 0.1143170148134232 0 7.995234921574593 1.0382229834795 2.348165571689606 0.7360382974147797 0 0 0.1252472251653671 0.0915289893746376 0 0.4331010282039642 0 0.08747702836990356 0 0 0 0 0 0.09410156309604645 0 0 0 0 1.502899445593357 0.5425156950950623 0 0 205.6415641158819 0 7.813581869006157 6.271505907177925 1.3145442456007 4.202178493142128 26.43790201097727 0.2017845660448074 11.94076969474554 4.994976446032524 6.219884157180786 1.767451889812946 4.044443212449551 7.877150394022465 3.156492106616497 1.932151481509209 0 0 0 0 0 0 0 0 0 0 0 0 0 0 0 0 0 0 0 0 0.201402872800827 0 0 0 0 0 0 0 0 0.133245438337326 0 0 0 0 0 0 0 0 0 0 0.1430682837963104 0 0 0 0 0 0 0 0.996628925204277 0 0.7216389179229736 1.735732704401016 0 0 0 0 0 0 0 0 0 0 0.2820146530866623 0 0 0 1.527227222919464 0 1.930720761418343 0 0 0.1244775801897049 0 0 0 0 0 0 0 0.145624652504921 0 0 3.167538926005363 0.1360023021697998 0 10.65109166502953 0.09076724946498871 2.280833996832371 0.9094222113490105 241.5402514785528 0.5828973278403282 0 0.6011183857917786 8.581715956330299 0 0 0 9.006466902792454 0 0 0 0 0 77.94193805754185 4.620793573558331
54.4157357737422 1251.062531098723 241.885708078742 14.25663065165281 792.2043783068657 8.525470025837421 1308.660789497197 637.6856884807348 2354.988087818027 487.7336941808462 1492.614326655865 158.4422188773751 839.4153987914324 1138.048885345459 7.524416379630566 0.6927072033286095 0.3539966940879822 0 0 0 0 0.2401419281959534 0 0 0 0 0 0 0.1289463490247726 0 106.9074482992291 13.55627834051847 8.292982362210751 0 0 0 3.204063326120377 0.153579980134964 0.1792569607496262 0 0 0.5683988481760025 0.3919737264513969 0.8078992590308189 0 0 120.8217835873365 0.8790617138147354 0.1006600931286812 0.1577197909355164 0 0.2206209897994995 0.2408885955810547 0.3072271794080734 2.77240726351738 1.517983064055443 6.751806564629078 35.52980419993401 6.54638134688139 33.64649079740047 1.255157753825188 0.4743263944983482 0 47.75521887093782 3.527985513210297 2.513792611658573 0.1889067366719246 0.8164825886487961 0.2235246300697327 0 16.63457015156746 1.615852773189545 0 53.6950945109129 25.58152750879526 54.40361868590117 27.51079989224672 1.959517113864422 3.065571509301662 12.45327749103308 0.3611118420958519 2.133576631546021 6.379433214664459 0 2.251032382249832 1.812286406755447 0.228015772998333 0 0.3265182971954346 0 0.1204767674207687 0.1659260541200638 1.190651103854179 0 0.2573248594999313 28.5154532417655 11.33958669751883 0 1.393222436308861 26.36050142347813 2.583342254161835 6.326607435941696 12.4561537578702 2.614420622587204 17.42989958822727 30.03691583871841 0.146289736032486 43.96010851114988 6.308386273682117 9.912268556654453 4.817240431904793 13.87689903378487 19.25220862030983 12.51057767868042 10.84357061982155 0 0 0 0 0 0 0 0 0.1191762611269951 0 0.5219468474388123 0 0 0 0 0 0 0 0 3.312541529536247 3.52771084010601 0 0.4181164056062698 0 7.303160332143307 1.989207744598389 11.02727223187685 2.464323274791241 0.4235974550247192 0 0 0.191693440079689 0 0 0 0 2.620588228106499 0 0.1515566855669022 0 0 0 0 0 0 0 0 0 0.8359825611114502 0.2937105298042297 3.031051777303219 20.57210280746222 0 0 0 0 0 0 0 0 0 8.000708654522896 0.2468040138483047 0 0 0 21.42946418374777 2.479011192917824 17.48407252132893 2.913276016712189 0.5940063148736954 0.2867166996002197 0.4127773940563202 0 0 0 0 0 0 0 0 0 22.71023535728455 5.964922979474068 4.107154078781605 223.8300780281425 8.474001988768578 122.8132915347815 47.57261142879725 76.5420199483633 17.55055724829435 1.588626839220524 9.939720436930656 14.95746708661318 0 0.8342585265636444 1.05478098988533 10.38229325413704 0.2417492121458054 0 0 8.404560655355453 0 59.72216833382845 7.252537541091442
101.3029081895947 99.46057852357626 5.528355121612549 551.0393414348364 8.525470025837421 0 103.5915458351374 0.8872633874416351 6.087354063987732 1031.111844271421 1.234754279255867 313.3812438324094 133.6949563324451 16.02158403396606 0 0 0 0 0 0 0 0.4842177182435989 0 0 0 0 0 0 0 0 57.40711797773838 1.310929477214813 7.381046056747437 0 0 0 0.7571186572313309 0.4373738616704941 2.085344731807709 0 0 0 0 0 0 0 2.510475933551788 0 0 0 0 1.204006344079971 0.3607478737831116 0 0.3194204568862915 0.4019269272685051 4.511423282325268 15.54197301715612 3.285766623914242 2.294821545481682 0 0.249190479516983 0 0 0 0 0 0 0 0 35.43179595470428 109.4563953429461 6.399016387760639 6.458710700273514 0.4038721099495888 0 1.158075332641602 0 0 2.345310427248478 0.3469804227352142 0.4339589625597 0 0.877380758523941 0.2186013236641884 0.201425775885582 0 1.587212115526199 1.925708837807178 2.845124460756779 0 0 0 0 0 276.0353720337152 220.5769933760166 5.643274515867233 3.778945103287697 131.3775117099285 0 1.644432187080383 0 0.286500871181488 0.7788782864809036 0.6963244825601578 0 1.956127032637596 0.7810458466410637 0.4297746866941452 0 0.4395194053649902 0 0.2971569299697876 0.1224185526371002 0 0 0 0 0 0 0 0 0 0 0 0 0 0 0 0 0 0 0 0 0 0 0 0 0.752556100487709 0 0.2923310995101929 0.325368344783783 0.6070134490728378 0 0 0 0 0 0 0 0 0 0 0 0 0.1691906899213791 0 0 0 0 0 0 0 0 0.5803058743476868 0 0 0 0 0 0 0 0 0 0 0.4135758876800537 2.77895587682724 0 0 0.1473181545734406 0.3624427169561386 0 0 0 0 0 0 0 0 0 0 0 0 0 0 0 0.6168201416730881 1.034448266029358 0 2.42903745174408 0.5764071941375732 1.097360692918301 0.3368264883756638 55.22942024469376 0.6672008037567139 0.1348538249731064 0 0.3726127147674561 0 0 0 2.296002626419067 0 0 0 0.4212127327919006 0 57.79439677298069 1.812568038702011
1625.209986440837 2071.84165160358 71.26936769485474 588.4804386720061 1308.660789497197 103.5915458351374 388.1404825299978 57.64219992607832 1196.344519175589 1662.562216378748 276.6062179580331 428.2694857418537 5884.078448362648 2686.255913496017 9.616482332348824 1.612815588712692 0 0 0 0 0 0.1333854496479034 0 0 0 0.1805066615343094 0 0 0 0 169.9648246914148 9.756868749856949 13.11226201802492 0 0 0.2401738911867142 3.14877363294363 0 0.855657584965229 0.20834980905056 0.1231964752078056 0.08333221822977066 0.1225424706935883 1.66340309381485 0 0.7962108328938484 155.4043835029006 1.486266307532787 0 0.1961794197559357 0.109528511762619 0 0 0 7.046987861394882 5.429448887705803 20.85538832098246 109.2575582712889 21.22917529940605 67.22907009720802 1.005294054746628 0.9503259211778641 0 72.55335184186697 6.126188538968563 3.699377425014973 0.3743894547224045 0.7598530203104019 1.125180579721928 0 19.43730894476175 0.6829683184623718 0 139.8118011951447 57.49149518460035 77.91885115206242 36.75267952680588 4.246117331087589 2.69131937623024 12.95516677200794 1.451497010886669 3.308046892285347 13.04707293957472 0 3.860791802406311 3.346932172775269 0.2706110998988152 0 0.7476032301783562 0 0.1136600226163864 0 0.6874013617634773 0 0.6170382276177406 54.85690257698298 11.13969360291958 0.1542316824197769 2.341223314404488 245.9105535447598 1.642346456646919 20.21148849278688 46.43867799639702 6.790596127510071 50.90801823139191 77.24334819614887 2.281875938177109 104.7108568772674 31.85236839950085 25.02080892026424 17.04652989655733 39.17269991338253 48.09418869763613 22.15176375955343 26.13660374283791 0 0 0 0 0 0 0 0 0 0 0 0.1240449920296669 0 0.4474611431360245 0.1050156503915787 0 0 0.1526489704847336 0.1166635453701019 3.449049547314644 6.973456345498562 0 0.9438075870275497 0 19.86887081712484 5.816904738545418 20.14517484605312 4.253562748432159 0.214263528585434 0.7337655127048492 0.5656207650899887 0.1973917037248611 0 0 0 0 1.130733400583267 0 0 0 0 0 0 0 0 0 1.026451654732227 0 1.977164015173912 0.8202140331268311 8.395140387117863 44.2215730547905 0 0 0 0 0 0.6356860101222992 0 0 0.1425999104976654 20.36284102499485 0.1479277312755585 0 0 0.1268351525068283 29.51048905402422 4.772328391671181 32.34091936051846 0.6151716113090515 0 0.7088683098554611 0.824475884437561 0 0.4055021107196808 0 0.1126450598239899 0 0 0 0 0 49.07783409953117 10.11491705477238 10.31020355969667 283.0590449497104 9.928885139524937 166.441916488111 58.14922945201397 415.7262338772416 23.9015195146203 1.834118209779263 7.711856663227081 27.73253341019154 0.8192185312509537 4.839788913726807 0.567992202937603 40.94829253852367 1.730361297726631 0 0 4.222945816814899 0 215.379256978631 20.75579871982336
114.251948684454 1201.181392230093 4224.091867744923 0.5179372131824493 637.6856884807348 0.8872633874416351 57.64219992607832 2249.482990406454 400.0340217575431 15.72220195829868 1042.062855966389 42.09062997996807 226.4168121963739 884.1503563001752 32.51482523232698 18.06095838546753 0.9938226714730263 1.426578104496002 0 4.778141349554062 5.355772115290165 8.830955967307091 8.289890989661217 2.682894468307495 2.184161305427551 4.279726199805737 0 4.910470560193062 8.617058150470257 0 1438.818196192384 2423.696909219027 170.0708681941032 1.680556625127792 2.96528697758913 2.952516727149487 14.53651935607195 4.336718462407589 7.912400849163532 2.28938589990139 7.427019819617271 14.18269675225019 4.486847534775734 5.337223701179028 0.6659682467579842 4.282865040004253 220.4671023562551 2.569689869880676 1.791814051568508 8.352808222174644 30.46039669215679 8.395035907626152 1.174108184874058 9.14667284488678 4.299406670033932 1.655669145286083 10.97573688626289 98.19431798160076 10.25340075045824 37.98857552558184 72.54857268929482 25.37551940977573 7.06200835108757 261.4744452610612 3.65718100965023 13.2023411244154 26.22506589442492 72.78021544963121 91.10711123794317 31.28724882751703 20.40883363038301 2.045827075839043 0 75.18563107401133 42.99082414060831 89.11648382991552 60.7499865591526 91.75012225657701 1423.354647859931 1413.972167238593 193.5092517286539 973.0910132229328 6.841909989714622 0 4.937609791755676 3.42190108448267 7.310005068778992 0 2.735693223774433 0 5.681998610496521 2.594095557928085 112.0331646874547 17.25409536063671 24.20554304122925 15.20133048295975 13.91817286610603 0 2.87831599265337 104.1587958484888 0.5175253748893738 0.6352015137672424 0.5747455954551697 0.1561065912246704 1.674942433834076 0.4516445696353912 0 1.221749268472195 1.12865723669529 0 0.8880295529961586 1.585868790745735 1.263698443770409 0.133091539144516 0.9836205542087555 0 0 0 0 0 0 0 0.1619991511106491 0 0 0.2572381496429443 0 0 0 0 0.1599748581647873 0.2485897019505501 0.1995258778333664 0 0.1547254920005798 0.8748903572559357 0 1.435937449336052 0.1393979638814926 3.68953499943018 1.043388493359089 5.739851213991642 3.488448940217495 0.3302921652793884 0 0.2399139404296875 0.2622172683477402 0 0 1.157733559608459 0 0.1747827231884003 0 0 0 0 0.910087026655674 1.040821455419064 0 0 0 0.1050597727298737 0 0 0 5.698869220912457 4.943701334297657 0 0 0 0 0 0 0.2308326810598373 0 0 2.277840472757816 0.8444131016731262 0 0 0.79247185587883 2.653876788914204 1.177006721496582 6.386159755289555 0.1070517301559448 0 0.7903115749359131 0 0.1401848047971725 0 0.1552665680646896 0.1319147646427155 0 0.1110593900084496 0.552990585565567 0 0 2.550073564052582 2.943512700498104 2.749364234507084 268.8869612812996 25.68034992367029 188.4074401110411 63.53020484000444 74.94764867424965 20.91561383008957 0.7303496748209 17.67873479425907 4.798911988735199 1.133352503180504 0.2414594292640686 0.1965464800596237 0.9140823483467102 0.1228331327438354 0 0 17.78553588688374 0 39.15565564483404 1.626196846365929
11.95729101449251 1457.532049737871 117.7439929097891 6.4041807949543 2354.988087818027 6.087354063987732 1196.344519175589 400.0340217575431 549.5933887064457 135.5732539370656 1056.32765121758 100.2976699918509 808.9678125679493 1006.458006709814 11.65198402106762 0.9389302134513855 0.2266818135976791 0 0 0 0 0 0 0 0 0.2547688484191895 0 0 0 0 41.70305204391479 9.506607078015804 12.91487931460142 0 0 0 0.7951783910393715 0.1656363159418106 0.6072202771902084 0.1215667352080345 0 0 0 0 0 0.313939705491066 79.07283614575863 0.2795165926218033 0 0 0.1862013787031174 0 0 0 1.508616738021374 1.522866889834404 2.281826339662075 9.016675069928169 2.529947876930237 12.88398268818855 0.4889618903398514 0.2866344749927521 0.3498829901218414 15.66474330425262 1.26422356069088 0.9692436829209328 0.1991945207118988 0.7475655078887939 0.7154916450381279 0 12.53055192530155 0 0 19.94782729446888 13.24123922735453 35.23037377744913 15.28720052540302 0.9078053459525108 2.631443992257118 23.52632983773947 0.2351621985435486 3.029463656246662 2.738987915217876 0 1.266701363027096 0.7716734409332275 0.09708836674690247 0 0.4012288302183151 0 0 0 0 0.1225806251168251 0.4578451663255692 41.27944681048393 3.003234058618546 0 2.893324971199036 9.477203063666821 0.8258772119879723 4.16195185482502 15.82641211152077 1.101999379694462 26.13183777034283 31.71579721570015 0.6658452600240707 47.10099428147078 3.552904106676579 13.72312241792679 11.67558377981186 16.06171279400587 25.9315610229969 15.24747537821531 16.79010477662086 0.4686627835035324 0.4271929562091827 0 0 0 0 0 0 0 0.1526346951723099 0 0 0 0.7157093286514282 0 0 0 0 0.1494437158107758 2.103725716471672 3.413254767656326 0 0.6436319202184677 1.061393588781357 12.86844531446695 3.077672138810158 14.29533920437098 1.894246287643909 0.3930543214082718 0.2000245600938797 0 0.1390676647424698 0 0 0 0 0.4899539649486542 0.2829026877880096 0 0 0 0.1814098060131073 0 0 0 0.09550239145755768 0.1278273910284042 0.1628404259681702 0 2.545790255069733 4.858230024576187 29.00134704262018 0 0 0 0 0 0 0 0 0 16.84773191809654 1.212753877043724 0.3010992109775543 0 0 25.34508864581585 5.553774803876877 22.29332186281681 0.2691985368728638 0.240903303027153 0.3411155045032501 0 0 0 0 0 0 0 0 0 0.7730680108070374 28.11003878712654 9.152199558913708 6.960242763161659 212.6016504988074 6.703016988933086 92.4199061691761 45.53182317316532 61.81087809801102 17.61964465677738 1.516558967530727 12.96887545287609 11.08864728361368 0.1283429861068726 0.9751978367567062 0.2722931727766991 11.00148959457874 0.3983831107616425 0.4136400073766708 0.8789417147636414 3.921766921877861 0 45.87035922706127 14.85923820734024
1614.485393159091 833.0739325433969 23.1875918880105 784.951076336205 487.7336941808462 1031.111844271421 1662.562216378748 15.72220195829868 135.5732539370656 1189.724752157927 47.27934543043375 1962.218760572374 7486.792287893593 362.5018732771277 4.132912561297417 0.5851762145757675 0.1393276005983353 0 0 0 0 0.2090461552143097 0 0 0 0 0 0.1949899047613144 0.7754776179790497 0 77.17529276758432 1.994864158332348 66.68227010220289 0 0 0 7.883323416113853 0.6842209994792938 1.553008437156677 0.1396699845790863 0.109935574233532 0.1187616363167763 0 0.3519749864935875 0.1277397871017456 0 62.42279105633497 0.3654697090387344 0 0.1094378978013992 0 0.2630887180566788 0.09737077355384827 0 3.639731355011463 2.354996278882027 13.91364036500454 49.55454035103321 10.52928219735622 25.96619959175587 0.1241673156619072 3.547480091452599 0 24.80093129724264 2.449984394013882 1.750794388353825 0.5777414292097092 0.3961388096213341 0.6964244022965431 0.3502593338489532 114.0658216401935 13.75492949783802 1.305491633713245 58.98408883064985 23.66571493446827 30.76597429066896 12.94190361350775 2.124796852469444 0.3267141208052635 8.376875475049019 0.8498353436589241 3.442211210727692 4.947455108165741 0.1334182471036911 2.157860070466995 2.009630687534809 0.2216191589832306 0.1347661763429642 1.078762918710709 0.54860919713974 0.1268917918205261 0.2935566604137421 0 0 0 322.4908046275377 70.37589986622334 1.367886781692505 7.886102855205536 941.1888965517282 5.575812347233295 82.81597975641489 125.1609915420413 27.70252247899771 124.1923964321613 233.5038166046143 24.32994739711285 308.4755807965994 89.53053752332926 130.0313120558858 46.45580484718084 125.5179107189178 141.824057765305 78.21824852377176 68.72953414916992 0.1314239203929901 0.1314000189304352 0 0 0 0 0 0 0.162186473608017 0.1317591071128845 0.7869507223367691 0.3779010400176048 0 0.6028029769659042 0 0 0.1189487129449844 0.7166702598333359 0 5.195863679051399 8.710868254303932 0.1221142187714577 0.4816692322492599 0.2137640118598938 24.12379650771618 10.73752404749393 24.62866043299437 7.166574187576771 1.643708415329456 0.4125389158725739 0 0.1629467457532883 0 0 1.336252719163895 0 4.320421375334263 0.4274119734764099 0 0 0 0.09830644726753235 0 0 0 0.1046392098069191 2.248339504003525 0.7151789292693138 4.521325804293156 0.5752827525138855 5.339402928948402 45.63361394405365 0 0 0 0 0.1052255406975746 0.6115991324186325 0 0 0 38.75362297147512 3.963893055915833 0.9015171378850937 0.6268112882971764 0.1766449213027954 50.58473674952984 10.27241317182779 38.52115330845118 2.316183313727379 1.500890769064426 1.461316324770451 0.6196460872888565 0 0 0 0.1071129664778709 0.1240022853016853 0.3750588148832321 0 0 0 140.5093044638634 17.40353304892778 7.983319394290447 218.7706049978733 5.115104146301746 64.63046719133854 29.69746375828981 1197.32052847743 13.25208110362291 0.9969654381275177 4.165396496653557 82.98535878956318 0.1381580680608749 3.711915343999863 1.130710884928703 119.6905374452472 1.189758330583572 0 0.2502215802669525 0.4588891863822937 0 954.4427732005715 118.317319907248
51.55528741329908 1397.326571553946 987.293650701642 0 1492.614326655865 1.234754279255867 276.6062179580331 1042.062855966389 1056.32765121758 47.27934543043375 832.8239687606692 182.0355676263571 1441.224744938314 2995.177805252373 12.55675203353167 5.101123802363873 0.4415688961744308 0.388924777507782 0 0 0.1692106574773788 2.062666200101376 0.8806896209716797 0.3659660220146179 1.229502394795418 1.294088318943977 0 0.1339837610721588 1.456603422760963 0.59832663834095 263.8654974475503 63.75964800268412 248.3068548440933 0 0.1306641399860382 0.923789769411087 24.04732556641102 2.452497951686382 7.15481723845005 0.8785216808319092 0.8739485740661621 3.812386631965637 0.204023078083992 0.383314736187458 0 0.3517480194568634 53.98861938714981 0.1733845919370651 0 0.6125519648194313 2.902741745114326 3.927440665662289 1.122480072081089 1.132554084062576 0.7211615517735481 0 2.762403585016727 15.75024685263634 3.265155605971813 7.078593194484711 2.654578663408756 17.5065842717886 0 25.48186744004488 0.8721229508519173 1.739644132554531 2.099219672381878 5.304136462509632 4.854482091963291 0.9237045496702194 21.33507646620274 0.8169021755456924 0 16.07872875779867 8.096821092069149 24.06538686901331 15.34426237642765 4.318960160017014 22.33978337049484 458.1392063125968 2.288287781178951 180.6496897861362 2.131453782320023 0 0.8156044706702232 0.5917654410004616 1.189543209969997 0 0.2011254578828812 0.1386065185070038 2.524043515324593 0.7509823590517044 10.88679901510477 3.116422593593597 5.769798472523689 30.30498330295086 8.142874427139759 0 3.420700065791607 32.75876712799072 0 1.61357444524765 3.461669318377972 0 2.389311000704765 5.237981602549553 0 7.788861401379108 0.7164811044931412 2.47950055450201 3.402761325240135 3.780895709991455 5.924362033605576 1.903045296669006 2.68803296238184 0 0 0 0 0 0 0 0 0.1368773281574249 0 0 0 0 0 0 0 0.3374954760074615 0 0 1.497048139572144 1.74773982167244 0 0 0 2.861969962716103 1.60609420388937 4.767061851918697 1.861430577933788 0 0 0 0 0 0 0 0.3249481096863747 0.394259124994278 0 0 0 0.3270963728427887 0.138433426618576 0.6091213002800941 0 0 0 0.3028168678283691 0 0 0.1283950954675674 2.320168241858482 7.086256690323353 0 0 0 0 0 0 0.2216388732194901 0 0 5.039946265518665 0.9726227521896362 0 0.6867579817771912 0 5.56134857237339 1.158900022506714 4.899488128721714 0 0.3680602759122849 0 0 0 0 0 0 0 0 0 0 0 5.544815950095654 4.881281763315201 2.724662654101849 186.939357675612 5.698084786534309 58.64761044085026 29.81761561334133 33.81629680842161 9.770636826753616 0.4038364440202713 8.770277813076973 6.440313570201397 0.5431195497512817 0.9443378373980522 1.004754282534122 3.118465825915337 0.1919720321893692 0 0 7.726510882377625 0 12.72754687070847 3.190635144710541
200.3595616146922 376.0837780311704 74.18506949394941 107.1383340209723 158.4422188773751 313.3812438324094 428.2694857418537 42.09062997996807 100.2976699918509 1962.218760572374 182.0355676263571 107.1106593459845 1380.831330686808 294.930728726089 16.23167682439089 12.25866184383631 0.1198564916849136 0.2501016855239868 0 0 0.515336662530899 14.24526278674603 0 0.5826185196638107 3.166505113244057 2.349752619862556 0 1.775001764297485 6.934448137879372 0.4762238413095474 68.41423327475786 12.320138014853 197.6319931522012 0.1168997660279274 0 1.400308758020401 360.490377664566 21.83021644502878 65.77178012579679 19.24869128316641 1.933514811098576 6.357616610825062 0.1072353199124336 1.732310481369495 0 0.5326586812734604 54.13861931115389 0.4459955841302872 0.4292284473776817 1.776526257395744 5.508466571569443 9.886543206870556 7.789749547839165 7.723020739853382 0.5707418844103813 0.5400195196270943 0.8637676984071732 15.51594462245703 2.386973544955254 10.82306683063507 1.905230909585953 37.24735260009766 0.8402367532253265 58.49954552948475 0.5031966716051102 1.506907425820827 5.519789420068264 5.942175589501858 6.971413612365723 0.6674138233065605 345.9962018430233 9.963414371013641 0.5205574929714203 13.42644453048706 9.316385127604008 16.97005598992109 21.05101282149553 6.542204223573208 0.774833083152771 40.16737744957209 1.035871028900146 7.147464029490948 1.968746796250343 0 0.4475780054926872 0.5829729959368706 1.380597248673439 0 0.3646756410598755 0.8898116201162338 1.498488917946815 2.044648036360741 15.75077526271343 5.556224554777145 19.69697636365891 945.9950425475836 189.0098381489515 0.1537868529558182 61.58811077475548 153.240565314889 7.211102440953255 15.15475097298622 51.41080832481384 8.016473099589348 70.25887393951416 96.42171669006348 4.108387336134911 161.8444402962923 30.72162163257599 57.55579372495413 38.39688690751791 91.09280367940664 98.04756977409124 66.25457517802715 52.7704896479845 0.4115976542234421 0.1389259994029999 0 0 0 0 0.276509165763855 0 0.2654897570610046 0 0.4825768619775772 0.5034427046775818 0.3994955867528915 1.056322909891605 0 0.2048056721687317 0.5941067412495613 1.33864338696003 0.2566488608717918 3.324654564261436 13.8159948065877 0 3.235943287611008 0.143429696559906 70.40231436491013 22.28096532076597 65.2001226618886 18.00600389391184 2.90136694163084 0.9629067406058311 0.2574790120124817 0 0.1239070817828178 0.3384548127651215 0.319710373878479 0.1189243718981743 6.808892466127872 0.3823423534631729 0 0 0.1452734768390656 0.7213407605886459 0.5998327508568764 0.1317089200019836 0 0.09421400725841522 1.557925678789616 1.919886954128742 1.506683044135571 2.736374124884605 26.41266126185656 93.31426722556353 1.370005622506142 0 0.2071573436260223 0 0 0.1054985597729683 0 0 0.4287770241498947 69.11446937173605 7.628192365169525 0.9015841633081436 0.2497025057673454 1.196107819676399 84.47292376309633 11.29493675380945 66.93044152855873 1.620634846389294 0.761316679418087 1.332677505910397 0 0 0.1100404411554337 0.3371595814824104 0 0 0 0.2919493913650513 0.1337534189224243 0.2406582087278366 137.8219010680914 45.66506519168615 33.98347575962543 295.7929515093565 9.889101706445217 73.33208926022053 40.01034899055958 275.7806006222963 11.29390563815832 0.2708186507225037 13.37689845263958 39.21144451200962 0.4813652634620667 4.951047025620937 3.04659628123045 45.51137563586235 1.761676259338856 0 0.247057318687439 23.41992135345936 0.5482057929039001 427.8102441430092 102.2931475192308
89.53805482387543 981.3486862555146 225.6279067546129 141.5101368650794 839.4153987914324 133.6949563324451 5884.078448362648 226.4168121963739 808.9678125679493 7486.792287893593 1441.224744938314 1380.831330686808 4899.519666083157 4378.050847552717 38.41999662667513 16.06429237127304 0.7904056385159492 0.8718823790550232 0 0.3250494301319122 0.9195871278643608 13.1986765563488 1.131505385041237 0.6258534938097 6.039663769304752 1.662105187773705 0 2.935438647866249 7.705630093812943 0 113.1207070723176 24.65390018373728 856.502716563642 0.6035471111536026 0.3032596856355667 2.747283644974232 671.2420980781317 62.65126563608646 158.7601950541139 60.03835709393024 2.770272627472878 7.345538541674614 0.497354082763195 2.849208928644657 0 0.8120993375778198 185.7297292500734 1.032964996993542 0.18808813393116 1.524909488856792 5.092046342790127 13.72266616672277 27.75486535578966 10.28113090991974 2.400003805756569 1.165783360600471 5.540420420467854 26.38359691202641 6.091112412512302 20.38899090886116 4.875203646719456 228.6411381885409 2.508763998746872 62.50615002214909 2.828594103455544 3.343412086367607 5.388302944600582 11.41573950648308 8.085281424224377 0.6600451841950417 545.4483020603657 9.500897832214832 1.029096007347107 37.56556980311871 18.99402216821909 59.5792920589447 44.88760720938444 6.248453967273235 2.405488334596157 164.4759602174163 2.225659616291523 20.52278107404709 3.309617169201374 0.3584525883197784 2.248698443174362 1.424937382340431 0.9230964183807373 0.4650642201304436 0.7462765797972679 0.8110136836767197 2.711832083761692 2.450804829597473 14.08383043855429 4.765917345881462 14.66999439150095 1070.086609624326 131.4876187369227 0.2680919319391251 51.2577646151185 103.2914749905467 3.277297124266624 25.12600735574961 88.8685305416584 7.182574026286602 124.9650049507618 179.976613201201 7.043227888643742 258.9476825818419 75.11760213971138 78.64981083571911 59.92513807117939 143.5323928445578 171.4773528277874 81.96269468218088 82.2656876668334 0.118378259241581 1.260112389922142 0 0 0 0 0.3552923947572708 0.2816131263971329 0.3261032626032829 0.2875509858131409 0.6937150210142136 1.231746181845665 1.045353829860687 1.655268087983131 0.5418207347393036 1.030702352523804 0.8865601494908333 1.491480343043804 0 8.929543748497963 17.31138256937265 0.2678988352417946 7.163858726620674 1.587817206978798 77.02440713346004 28.71512465178967 86.55669757723808 16.8009460195899 2.559390485286713 1.123151853680611 0.6817745789885521 0.2508054971694946 0 0 0.5559207648038864 0 10.0818115696311 0.4174432381987572 0 0.3683570101857185 0 0.5309823006391525 0.7444337531924248 0.4831809625029564 0 0 2.939124263823032 2.968180000782013 1.687090918421745 2.474907018244267 27.67159812152386 132.0263059213758 1.849569372832775 0.2304600477218628 0 0 0 0.4766155779361725 0 0.132580354809761 0 101.5655750632286 9.527744702994823 0.1172493398189545 0.3493878543376923 0.536711685359478 118.7527166008949 22.62380895018578 102.8821692615747 3.594547152519226 4.260438293218613 1.550610095262527 0.501384899020195 0.546686053276062 0 0 0.3802840635180473 0 0 0.1287318468093872 0 0 195.7295380979776 50.59012654423714 40.09261036664248 675.8894150257111 21.79693046957254 237.4349294751883 115.3281671628356 297.8111291304231 33.33824490755796 1.140130743384361 23.73850484937429 45.77075991779566 0.3430937603116035 7.784467563033104 2.494506746530533 63.07475072145462 3.35026353597641 0 1.691215962171555 27.58462032675743 0 371.0986870080233 115.1427593678236
98.00493691116571 1427.329755686224 1002.848171018064 14.4765714854002 1138.048885345459 16.02158403396606 2686.255913496017 884.1503563001752 1006.458006709814 362.5018732771277 2995.177805252373 294.930728726089 4378.050847552717 1700.479573071003 39.40345197170973 20.17756631225348 0.609940193593502 0.723690539598465 0 0.1427327245473862 2.787436775863171 18.19850106537342 2.009153261780739 2.371341526508331 5.819600246846676 5.017002962529659 0.9188372194766998 8.406836226582527 17.08665709942579 1.073317430913448 349.7210016101599 78.60073507577181 1054.385437600315 0.2635657787322998 0.7102765589952469 5.036595053970814 406.3203507810831 28.19866316765547 81.24744525551796 16.60134819895029 6.017083808779716 15.30191005766392 1.124444633722305 2.525255344808102 0.3959812223911285 1.140871055424213 184.3712971061468 0.794124111533165 1.149295285344124 1.316672630608082 9.40102868527174 17.34074606001377 12.52713321149349 16.09788034856319 2.966047592461109 0.9840421453118324 7.523324973881245 49.16179065406322 6.519669987261295 24.12857270240784 9.061674140393734 184.6087310314178 1.912131443619728 78.87668566405773 3.949837245047092 4.347420245409012 8.315417490899563 18.41285722702742 16.53084143251181 3.860867120325565 479.8322540149093 5.920430302619934 0.5793545246124268 48.58147293329239 31.62324345856905 73.30663445591927 49.28132793307304 11.28591508418322 65.0969557389617 734.3312724754214 6.205831333994865 495.9433934465051 4.539829142391682 0 1.660598382353783 1.464693315327168 2.229474417865276 0.104902595281601 1.84512685239315 0.6965877041220665 3.365345813333988 7.569943495094776 29.83168887346983 14.25834533572197 35.38505730777979 255.6812574639916 60.81075466424227 0.2355482876300812 44.94045571237803 67.57989831268787 2.744027629494667 3.900847926735878 20.7232176437974 1.001087099313736 32.96439561992884 38.15132395923138 0.6956030130386353 60.35503333806992 9.916424751281738 14.96387860924006 19.71098884195089 31.94206125289202 38.38860025256872 23.59304282069206 20.23936295509338 0 2.181605458259583 0 0.2458048760890961 0 0 0 0 0.2710669040679932 0.5213854163885117 0.6903629079461098 0.2080903202295303 0.6919621452689171 0.5237999260425568 0.1408109962940216 0.2994402199983597 0.472706712782383 0.1419191509485245 0.2837291806936264 4.806315377354622 7.708972916007042 0 3.393388591706753 0.3936187326908112 32.29898697137833 13.2361086755991 36.39367202669382 11.05623050779104 1.314047403633595 0.323156476020813 0.8912152796983719 0.3782196119427681 0 0.1873408555984497 1.038134902715683 0 2.537083320319653 0.4122107028961182 0 0 0.1418678909540176 1.301340408623219 2.182626403868198 0 0 0 1.152250692248344 1.000742271542549 0.1444626152515411 1.876528404653072 17.12849202007055 58.84693019092083 0.5376704856753349 0 0.08493524044752121 0 0 0.2593193352222443 0 0 0.1121841669082642 31.3404948040843 6.438875742256641 0.8018353953957558 0 1.012718021869659 42.30676908046007 8.088165894150734 40.77710393816233 1.99418231844902 0.6046457439661026 1.140122190117836 0 0 0 0 0.1194287091493607 0 0.1180887520313263 0.2679311037063599 0 0 51.06870136409998 22.78259947896004 20.51058804988861 572.4153145551682 19.5358000099659 224.7410082221031 99.83531008660793 139.2666483074427 29.04628592729568 0.9942726194858551 25.52661038190126 17.42284220457077 0.6162379384040833 4.468193605542183 2.109971590340137 20.94317920506001 1.176615998148918 0 0 30.84200855344534 0 100.7896487191319 30.27236853539944
