257.6008015722036 5160.571774810553 864.5642735213041 2007.10012499243 188.0129518061876 34.53693026304245 1499.322598531842 131.9819350317121 74.36600850522518 1657.151153191924 690.6370297148824 135.2826288715005 266.8358544409275 744.1204956695437 2.797939106822014 1.34897355735302 0.5398095846176147 0 0 0 0.2765679955482483 1.072761744260788 0 0 0 0.5261430516839027 0 0.5435078591108322 0.5804941058158875 0 434.4088425040245 1.981231369078159 18.24441772699356 0.3491024523973465 0 0 3.270994573831558 0.1778140515089035 0 0.1786616891622543 0.3981520384550095 0.1567164808511734 0 0 0 0.1426706910133362 24.05280234664679 5.318272776901722 0.457326278090477 0.1407382041215897 0.1906680166721344 0 0 0.2197529226541519 4.610521927475929 9.498679518699646 129.7408387586474 875.4467711597681 32.16845191270113 30.04647631943226 0.9285440295934677 0.2833684235811234 0 18.40251345187426 5.552431277930737 3.672015137970448 1.055647447705269 0.4487322270870209 1.653641700744629 0.1241742596030235 8.890014678239822 1.121008545160294 0.1616911292076111 116.1935536563396 53.40842845290899 27.21029645949602 8.688149720430374 1.398346915841103 0.6973231881856918 92.50467909127474 0 3.406847938895226 24.26510785520077 0.1094832271337509 7.872362293303013 2.876729249954224 1.402755104005337 0 1.193976245820522 0.1980226188898087 0.6300463676452637 0 2.323988869786263 0.6732976585626602 1.765813551843166 33.59266972541809 3.663308069109917 0 0.8594970256090164 854.474440023303 0 0 0 0.3310318142175674 0 9.920768201351166 0.3549827039241791 1.004978969693184 2.776522919535637 3.565485328435898 0.160860538482666 3.915393605828285 7.81595379114151 2.815684139728546 0.88934026658535 0 0 0 0 0 0 0 0 0 0 0.4537610411643982 0 0 0 0 0.4509129822254181 0 0 0 0 0 0 0 0 0.2829737961292267 0 0.4616703540086746 0.1521804630756378 0 0 0 0 0 0 0 0 0.4583213925361633 0 0 0 0 0.3768182396888733 0.1825550496578217 0 0 0.3386181890964508 0.1145566552877426 0.1363097727298737 0 0 0 0.4152666926383972 0 0 0 0.365700289607048 0 0 0 0 0 1.844957917928696 0 0 0 0 1.30772103369236 0 0.3642383366823196 0 0 0 0 0 0 0 0 0 0.1321531683206558 0 0 0 2.338088989257812 1.191105291247368 1.058726385235786 214.5875461027026 6.155596174299717 134.8408320248127 26.51356104016304 1138.184863545001 17.54854878038168 5.530709400773048 3.172796137630939 2.377313211560249 0 0 0.2881310880184174 11.65218013525009 0 0 0 3.250892534852028 0.4419135451316833 244.5958987697959 2.323336772620678
5160.571774810553 4429.653169505298 1482.176531597972 750.9091424718499 2287.716169796884 33.80465446412563 5288.563895724714 180.3256298750639 1265.179240837693 543.0357479229569 1559.901943169534 94.66483103483915 787.7689426243305 2894.056077495217 23.515316426754 2.430924668908119 2.534312397241592 0.6645884960889816 0.335742175579071 0.3080843538045883 0.4344637095928192 0 0.4341626614332199 0 0 0 0 0.4087226539850235 0.9046786725521088 0 1911.617984697223 17.56847452372313 36.02539554238319 0.1075272336602211 0 0 5.480617634952068 0.169616773724556 0.8033385500311852 0 0 0.8502393290400505 0.1398776173591614 1.406874924898148 0 0.7998874932527542 208.5757221728563 24.283353343606 1.523974552750587 1.032713808119297 1.821654625236988 0.4280532449483871 0 0.3316041231155396 13.97390039265156 35.74453122913837 113.4712409079075 834.7229295149446 49.42051676660776 116.5664931833744 1.758480608463287 0.6917341202497482 0.4179241210222244 166.40836494416 17.05376595258713 11.97878120839596 2.730832926928997 3.231776095926762 2.621341481804848 1.315707042813301 10.15511354804039 0.2560481131076813 0.3379325270652771 359.0922073423862 330.7604073360562 187.9183549582958 38.25911705195904 1.971737720072269 1.768171109259129 90.93627947568893 0.3574073761701584 4.466988824307919 81.0719081684947 0.8726328015327454 26.24674709886312 11.2664375975728 6.876426726579666 0.4782544076442719 5.465083003044128 0.204414390027523 4.420957326889038 1.126070104539394 5.808733321726322 0.6668104827404022 0.9620613232254982 9.362734705209732 1.948065489530563 0 0.4959087073802948 1201.873544447124 0 1.874336883425713 0.8319745063781738 0.3272970616817474 0.4799489676952362 42.65023501962423 0.8020887076854706 1.269606694579124 12.3007312938571 5.717431619763374 1.225140169262886 29.46446523815393 33.18406318873167 21.00181943923235 4.771369487047195 1.472259193658829 0.5184726268053055 0 0 0 0 0 0 0 0 0 0 0 0 0 0 0 0 0.1842676848173141 0.4914594143629074 0.340136706829071 0 0 0.1126144900918007 3.814353451132774 0 6.290154822170734 0.3701904863119125 1.000867143273354 0 0 0 0 0.9602568745613098 0.1253690421581268 0 0.2820975631475449 0.4008370041847229 0 0.1225620359182358 0 0.1601137071847916 0.4763913452625275 0 0 0.2245228588581085 0.1188534125685692 0.1714125722646713 0.1634908467531204 0 1.06769560277462 1.203095674514771 0 0 0.5393197014927864 0.3541213870048523 0 0 0.1156220659613609 0 0 18.82641905546188 0 0 0.1129312813282013 0.2288520485162735 1.494911342859268 0 2.505138397216797 0 0 1.167336478829384 0 0 0 0.5282164588570595 0 0 0.890591524541378 0 0 0 15.41780646890402 3.63175505399704 5.428473889827728 483.6984790489078 17.13285572081804 778.7414315342903 85.90704271197319 822.2298979461193 81.3879184871912 15.6967294216156 21.19361051917076 9.83621472120285 0.1236017197370529 2.688105590641499 2.337693326175213 18.37335947155952 0.3965828418731689 0.6975397318601608 0.3037715703248978 17.66014406085014 2.369565606117249 295.0667627379298 7.348748527467251
864.5642735213041 1482.176531597972 989.399977080524 85.18000898510218 1175.268885582685 7.120704337954521 97.90304473042488 1504.866846874356 621.3053442910314 3.186581924557686 2732.97387868911 3.631647273898125 46.23086787760258 1135.537516437471 30.04377918690443 12.31345448642969 4.912555530667305 3.028756380081177 0.4393387138843536 15.59600146114826 28.90381065756083 1.203802026808262 4.716729834675789 4.431137964129448 1.094228371977806 12.20820360630751 0.7068445384502411 7.152071602642536 3.725973002612591 0 3349.139765165746 910.113161124289 45.75940278172493 0.797494649887085 1.531236216425896 0.7185442894697189 9.887838669121265 3.126392133533955 2.260248146951199 0.8870018124580383 21.65324452519417 25.60091686248779 23.43018399178982 2.648118957877159 0.28611059486866 9.055237926542759 139.7668434232473 18.24709478765726 2.733033239841461 21.16859412938356 11.54068789631128 0.8088835924863815 0.3532283753156662 7.118824608623981 6.038750171661377 12.35542980581522 77.93765757232904 821.9254311844707 23.25149025022984 63.38628102838993 61.35181556642056 14.6263525262475 14.80519784241915 445.6232914179564 9.800823569297791 15.39373688399792 19.13831812143326 23.49840556830168 132.744747236371 63.02627202123404 7.82025171071291 1.045713648200035 0 210.7640122622252 362.7846566587687 132.1240513250232 62.09281514585018 14.76938775926828 80.67989248782396 987.5489826127887 18.51562455296516 288.7871645763516 48.00490657240152 0.2991249486804008 17.93296690285206 16.98795680701733 36.43537303805351 0.1098614782094955 4.385792404413223 0.482411652803421 11.65905929356813 2.016638062894344 204.6482153832912 18.81645600497723 14.28646144270897 3.15592060983181 2.229851692914963 0 1.0236736536026 240.3241605460644 0.2476017028093338 0 0 0 0 3.625248730182648 0 0.4757713377475739 2.031664654612541 0.6275532990694046 0 6.452358886599541 5.010506264865398 6.680814236402512 2.236914530396461 0.3522588387131691 0.6791301518678665 0.1156948283314705 0 0.1308023929595947 0 0 0.1433231830596924 0 1.628197908401489 1.886412292718887 0 0.7892539203166962 0.1805666536092758 0 0.7728468254208565 0 0.3640655279159546 0 0 0 0 1.043513417243958 0 2.360491417348385 0.1477164179086685 2.223927445709705 0.3753010481595993 0.2086251750588417 2.243378967046738 0.850252702832222 1.153029933571815 0 0.5895034521818161 1.320158578455448 1.434758871793747 0 0 0 0.2722961753606796 0.8082782477140427 1.49245610833168 5.573853082954884 0 0.3177014887332916 0.3844603821635246 0 0 0 0.1197127252817154 0.8705312684178352 0.4972546473145485 0.1287073791027069 0 0.1153637170791626 0.2651713788509369 0 0.3107923865318298 0.5437823086977005 1.267815202474594 2.045706748962402 8.825525894761086 0 0 0.1152424812316895 1.456202663481236 2.124135330319405 0 2.42570685595274 0 0 0.1211755275726318 0.09461317211389542 0.3676774129271507 0.1386978924274445 0.2456511333584785 0.1361497342586517 0 0.6014923304319382 0.7227961868047714 1.093154922127724 0 4.618336826562881 3.000421963632107 5.120166808366776 199.0839252322912 47.48380745202303 397.6164538860321 60.38237181305885 198.0555498227477 39.32132292538881 5.006175227463245 12.99814575910568 5.755674071609974 0.1265240013599396 2.021724216639996 2.728470496833324 2.03300304710865 0.6711965203285217 0.1765127778053284 0.2577053979039192 8.958202198147774 0 101.9251118823886 2.852814622223377
2007.10012499243 750.9091424718499 85.18000898510218 810.244609259069 141.67608705163 373.6516976505518 1798.551300704479 2.194219529628754 32.05966620147228 2633.650925122201 75.13059064000845 1345.90969465673 1173.505081146955 118.0755052119493 2.224106147885323 0.1471439749002457 0 0 0 0 0 0 0 0 0 0 0 0 0 0 62.889259301126 0.7600102573633194 0.9421494901180267 0 0 0 0.3156807720661163 0 0 0 0.1109009087085724 0 0 0.124456986784935 0 0 18.93183263391256 4.934613041579723 0.2440439611673355 0 0 0 0 0 3.316766619682312 6.291940294206142 31.94511403143406 93.00636450946331 11.29645820707083 19.2792182713747 0.1029602289199829 0.140076071023941 0 14.65151198208332 5.197117909789085 2.309989206492901 0.2176126763224602 0.6657553613185883 0.4295823350548744 0.09003199636936188 10.45417830348015 0 0 63.69008987396955 43.32181868702173 16.97969166189432 2.464986927807331 0.1646702438592911 0.1379631459712982 0.9515128135681152 0.1279136389493942 0 19.21760883927345 0.5532716661691666 4.791142217814922 2.45901758223772 1.056566350162029 0 1.314618803560734 0 0.3479472771286964 0.4412747472524643 0 0 0.114074170589447 46.48853151500225 10.5819553732872 0 0 497.7981127873063 0 0 0 0.1531512141227722 0 9.836460962891579 0.6314395070075989 1.270785301923752 4.979585886001587 4.058140106499195 0 9.721011810004711 18.63026466965675 5.564504735171795 0.1300802379846573 0 0 0 0 0 0 0 0 0 0 0 0 0 0 0 0 0 0 0 0 0 0 0 0 0.7756136208772659 0 0.7990345507860184 0 0 0 0 0 0 0.7157636433839798 0 0 0.1495542824268341 0 0 0 0 0 0 0.09488943219184875 0 0 0 0 0 0 0 0.1384302824735641 0 0 0 0 0 0 0.1570326387882233 0 0 1.792328149080276 0 0 0 0 0 0 0.3209690451622009 0 0 0.2759243324398994 0 0 0 0 0 0 0 0.1330107450485229 0 0 3.443638294935226 0.4413866847753525 0.3403784334659576 97.72371006757021 1.395317003130913 105.2713147848845 11.23470497876406 464.5611442103982 6.635170824825764 3.193801388144493 1.008722901344299 2.991119503974915 0 0.6731863617897034 0.4659772589802742 5.87926984578371 0.4792830944061279 0.1716747581958771 0.1405886113643646 0 0 154.4598788842559 1.473447605967522
188.0129518061876 2287.716169796884 1175.268885582685 141.67608705163 2866.42989847064 3.821051999926567 1141.840402618051 199.041748739779 3175.861216932535 77.60625606775284 1811.247214280069 3.870533108711243 94.19672976434231 1595.113602057099 17.85456380993128 2.511615112423897 0.7647510766983032 0 0 0.1311569064855576 0.15769362449646 0 0 0.2689899206161499 0 0.1789467483758926 0 0 0.1368288397789001 0 131.5123625323176 9.03825531899929 4.133190646767616 0.137466698884964 0 0.4380481839179993 0.1314945071935654 0 0.8497461229562759 0 0 0 0 0.3245218396186829 0 0 155.9199655428529 7.917367376387119 0.2802574038505554 0.1942709684371948 0.3046205043792725 0 0 0 2.764437846839428 7.65963239967823 20.40072830021381 77.03716710209846 12.73527438938618 38.48135774582624 0.8249491229653358 1.955943822860718 0 60.84898045659065 4.348151639103889 3.611098408699036 0.276423841714859 0.6469656750559807 2.231780804693699 0 2.127557396888733 0 0 83.17497534304857 97.79182659089565 79.63392700999975 33.06499170511961 0.7038385570049286 0.2754532396793365 11.13443797826767 0.2673987299203873 3.050418332219124 18.77149587124586 0 6.628740824759007 2.037380762398243 2.390644013881683 0 1.209575317800045 0 0.5155082046985626 1.366176567971706 1.208331272006035 0.3190030455589294 0.2194858193397522 16.43602609634399 1.247418761253357 0 0.110082246363163 46.77360856533051 0 1.795347303152084 0.2727770805358887 1.517627149820328 0 55.57946546375751 1.343222394585609 8.334179326891899 22.84586670994759 13.25890363752842 0.9373180121183395 54.45200309157372 75.09488627314568 59.5575222671032 9.190558984875679 0.2683352902531624 0.7958873510360718 0.2332231253385544 0.703485906124115 0 0 0 0 0 0 0 0 0 0 0 0 0 0 0 0 0 0 0.2865442335605621 0.5179348587989807 14.24655310064554 0.1824491918087006 6.578359544277191 1.189615055918694 0.1357351988554001 0.3025781214237213 0.4706076383590698 0 0.1950519233942032 0.3208359777927399 0.1409718990325928 0 0.8209105357527733 2.03870839625597 0 0 0 0 0 0 0 0.1515522599220276 1.377814412117004 0 0 0.1337282061576843 1.081665754318237 1.735562577843666 0 0.3777483999729156 0 0.1537757515907288 0 0.5038504600524902 0 0 0.159520760178566 45.04575525224209 0 0 0 0 5.166126325726509 1.373186588287354 7.515863612294197 0 0 1.505411595106125 0 0 0 0 0 0 1.18731951713562 0 0 0 46.04621852934361 7.066287264227867 8.913839921355247 565.9825158715248 8.362016528844833 443.9892078414559 52.03027181327343 246.3335051089525 62.74431482702494 2.524409793317318 18.37189710140228 32.57137951254845 0 5.944160014390945 1.961159527301788 33.01892518997192 0.1404349058866501 0 0 9.545324459671974 1.963681042194366 138.4113517552614 16.50008185207844
34.53693026304245 33.80465446412563 7.120704337954521 373.6516976505518 3.821051999926567 15.7918815612793 148.8232243508101 2.230333149433136 1.118420675396919 1068.088947199285 3.999685987830162 225.09246301651 305.1213209331036 25.97514288127422 2.177889436483383 2.608972892165184 1.587093934416771 0 0 0 0 15.73409628123045 0 0 0 0 0 0 0.2997211217880249 0 20.97161503136158 0.3133869618177414 33.86866429448128 0 0 0 35.04653984308243 4.065736398100853 4.778337031602859 0.1217181831598282 0 0.09346369653940201 0.4875417798757553 0.1750302463769913 0 0 1.908215694129467 0.7864360511302948 0.1264824867248535 0.7891602218151093 1.149295538663864 18.02038399130106 2.679280057549477 1.201547920703888 0 8.177083380520344 50.80154326558113 8.870084635913372 3.671894520521164 0.2534428462386131 0 23.57366034388542 0 1.356380432844162 0.8180923759937286 0.5963848754763603 0.6580278128385544 0.1633465141057968 0.2329987734556198 0.1877923458814621 207.9248039424419 483.1292437016964 44.82499273866415 2.847062557935715 1.884095281362534 1.846292324364185 1.62568524479866 2.550497204065323 0.1408672481775284 8.294722691178322 0.1621981710195541 5.173479840159416 1.27364906668663 9.063634142279625 0.1512072384357452 9.192990705370903 0.2794011831283569 25.18018334358931 9.521128676831722 47.10713725537062 2.548239894211292 22.22927935421467 0 0.9541504234075546 7.55556733161211 418.4362956434488 123.2953550219536 19.52397048473358 21.27724555134773 262.4500116109848 0 0.1294718235731125 0 0.2170455157756805 0 6.759173348546028 0.4532717615365982 0.6124846488237381 3.149955496191978 2.02370397746563 0 6.542561694979668 10.27355480194092 2.723467424511909 0.5068720132112503 0 0.264158234000206 0.2339078113436699 0.3256173878908157 0 0 0 0.175444707274437 0.1348995864391327 0 0 0.1149905771017075 0.3276889622211456 0 0.5929162204265594 0 0.914364755153656 1.876423306763172 0.6550199687480927 0 0 0 0.09849376976490021 0.1055356338620186 0 0 0.2299287617206573 0.6799860596656799 0.09390883147716522 0.2619951367378235 0 0 0 0 0 0 0 0 0 0 0.7545835077762604 1.256548948585987 1.856099560856819 0.7925991714000702 0 0.1068590581417084 0 0 0 0.1243505999445915 0.3483168706297874 0.1866583377122879 0 0 0.2404820024967194 0.5541244149208069 0.5211470946669579 0 0 0.14842189848423 0.1335352510213852 1.726547367870808 0.3889569938182831 0.1633757650852203 0 0.3713545352220535 0 0.2169637680053711 0 0 0 0.2243036776781082 0.1142139658331871 0.2437284514307976 0.1339522153139114 0.09607239812612534 0.1864031553268433 0 0.8207501918077469 0.3247175067663193 0 0 3.783621102571487 1.230782844126225 1.216706596314907 54.05406998842955 1.013828366994858 12.33610534667969 2.891421556472778 346.600205078721 2.953058704733849 0.8598938435316086 0.2312103807926178 4.032314077019691 0.4983130991458893 0.3849242180585861 0 7.204708054661751 0 0 0 0.3525241315364838 0 54.62892420589924 1.429556503891945
1499.322598531842 5288.563895724714 97.90304473042488 1798.551300704479 1141.840402618051 148.8232243508101 1941.127306990325 23.60295802354813 692.2253964543343 3232.332557164133 225.2572015747428 509.2821248993278 3819.622151508927 3088.676115810871 37.9415685608983 4.347235530614853 4.191764980554581 0 0.3032975792884827 0.3582507520914078 0 0.113509476184845 0 0 0 0 0 0.3659364357590675 0 0.4830854684114456 203.3361242860556 7.470071665942669 6.561593912541866 0 0 0.7053409814834595 4.799544401466846 1.513728432357311 0.8149251565337181 0 0.5743072330951691 0.1897046864032745 0.1289588212966919 0.281933382153511 0.4102066606283188 0.6299692392349243 233.4486149251461 20.10422987490892 1.304997608065605 0.2485490590333939 0.3011638671159744 0 0 0 10.92056719213724 28.74602057039738 81.71917816251516 283.6863298490644 42.54256404191256 101.9811200425029 1.164443507790565 2.963342405855656 0.7041639089584351 117.5888968706131 18.27896071970463 10.50356051325798 1.38450562953949 2.791838452219963 0.8780555129051208 0.3427399545907974 10.36568920314312 0.9804435968399048 0.1267741024494171 260.3078042194247 235.8032249510288 172.2134929746389 46.95877994596958 2.581591784954071 0.8364297151565552 9.241919003427029 0.5658781379461288 3.257593803107738 70.90035997331142 0.334818035364151 23.54951008409262 8.077993214130402 5.485791891813278 0.4324705004692078 3.613370925188065 0.2236876487731934 1.313498750329018 0.6798778101801872 0.6524370908737183 0.3231765925884247 0.3238540664315224 111.3611976727843 9.139910742640495 0 1.297789216041565 462.4236479923129 5.879302926361561 39.06394851207733 131.9161863774061 49.97884699702263 0.9221611768007278 228.4358064606786 16.34199826419353 38.08313626050949 139.3792801871896 82.01965200155973 4.328461527824402 232.1567663997412 298.6258566975594 201.5238513872027 26.96735303103924 2.076088786125183 2.275646142661572 0 0.1172848343849182 0.2128130346536636 0 0 0 0 0.1299478858709335 0 0 1.01952862739563 0 0.4934652745723724 0.9002764225006104 0 0 0 2.769500486552715 0.5237958431243896 0.1013994142413139 2.637738555669785 1.300544947385788 27.94391903281212 2.124576389789581 20.78820878267288 1.983149640262127 1.602484673261642 0 0 0 0.2776687443256378 1.02845586836338 2.8057476952672 0 6.549604550004005 6.150046862661839 0.595062255859375 1.236805006861687 0 0.1838163137435913 0 0.1001706495881081 2.274880602955818 0.1091219708323479 5.165866613388062 9.033759355545044 1.593329131603241 2.110573559999466 0.6540329903364182 10.97271926701069 0.9114551842212677 1.648748874664307 1.271903745830059 0.3610081076622009 0.2379259318113327 0 0.2885366529226303 0 0.2909485697746277 143.6524545624852 0 0 0 0.2118228748440742 11.9453447535634 1.186764851212502 21.57601330429316 6.326639488339424 8.618463829159737 7.529594659805298 0.3512280583381653 1.746453896164894 1.223577253520489 0.1123482882976532 0.1398730725049973 0.1067235320806503 0.5137259736657143 0.1192775070667267 0 0 142.0210245326161 25.7369474619627 22.83581636101007 1503.916471764445 23.88586171716452 876.0127445831895 106.6858627349138 1124.993958078325 111.4902003705502 10.96710005402565 38.89895672351122 92.60183615237474 0.4208311587572098 29.73512848466635 5.863967321813107 126.9303599894047 0.739995464682579 0.7177014052867889 0.636950820684433 22.69134896993637 0.6896660327911377 683.2552284225821 50.2130157276988
131.9819350317121 180.3256298750639 1504.866846874356 2.194219529628754 199.041748739779 2.230333149433136 23.60295802354813 1241.04436390847 243.3345047086477 0.5520019978284836 3418.440026193857 1.388060301542282 30.63508128374815 559.7787275314331 63.45674418658018 25.34093825519085 9.837387889623642 7.232298642396927 1.018106520175934 22.89987201243639 20.19694607704878 1.748735874891281 5.137780144810677 1.782972164452076 2.815915167331696 14.10914188623428 1.150702774524689 7.829977437853813 7.440726011991501 0.3062155395746231 712.3258433789015 1128.907841436565 68.53668290376663 2.360534943640232 1.859866097569466 1.512660592794418 13.05008973181248 2.894822478294373 2.328768841922283 0.08887212723493576 17.70148236304522 20.64151196926832 31.69261658191681 22.44465429335833 1.730950728058815 26.50425970554352 210.1178264990449 18.56222105771303 6.149604171514511 35.90885288268328 7.45460893958807 0.4789168387651443 0.3839331269264221 7.231924071907997 3.324169002473354 7.110698811709881 23.52648261189461 160.3736104816198 14.42578569799662 56.9034967571497 144.4251273497939 25.25768386572599 22.75063888728619 328.0082790330052 4.820621855556965 10.51813492923975 8.937852293252945 18.11274882405996 96.33876036852598 47.4770867601037 9.376911193132401 3.72775860875845 0.392268031835556 100.5791135951877 205.4313438385725 149.7770391777158 348.0191656127572 345.9645672738552 546.5456444621086 2492.487585164607 174.9832427054644 687.1881810873747 18.14623668789864 0.4202662631869316 12.61883227527142 6.941173173487186 52.42710445076227 0 2.883010163903236 0.1314638704061508 9.076047547161579 1.976541250944138 126.4531758204103 12.26495955139399 16.48050843179226 2.645237818360329 1.073923468589783 0 2.516281753778458 58.22107568383217 0.1474757343530655 0 0.2895381674170494 0 0 1.817376911640167 0 0.3423249274492264 0.3245468735694885 0.2171114534139633 0.4487162828445435 2.822426497936249 2.600049659609795 3.315256208181381 1.062893778085709 0.1239983290433884 0.205178365111351 0 0.929253876209259 0 0 0.5285628437995911 0 0.4986440241336823 0 0.8299484178423882 0 0.9093975052237511 0 0.1285824477672577 1.57697382569313 0.1733811646699905 1.128568574786186 0 0 0 0 0.2956279814243317 0 1.30060999840498 0.1218459606170654 0.4932015240192413 0.7554553225636482 0.4709379449486732 2.033166855573654 0 0.2320876568555832 0 0.1048673167824745 0.655251681804657 1.472198188304901 0.243253231048584 0.1312728375196457 0.1513576358556747 0.7149014174938202 0.3526034355163574 0.1416713744401932 3.26771592348814 0.1207375600934029 0 0 0 0 0 0.203563429415226 1.071910955011845 0.6765667796134949 0 0 0 0 0 0 0.3062675893306732 0 3.27511765062809 5.925757944583893 0.5578691065311432 0 0 1.234986126422882 1.575476095080376 0.1461026519536972 2.779478922486305 0 0 0.8483519554138184 0.1466766446828842 0 0 0 0 0 0.2476018294692039 1.138936460018158 0 0.2812914252281189 3.459635213017464 2.291715644299984 2.69462576508522 201.3294081687927 29.12102306634188 364.8009858503938 62.56810055673122 56.87569800764322 40.59108364582062 2.373613074421883 13.45034500211477 5.379449672996998 0.1457135230302811 0.8223450258374214 1.963508300483227 1.390407890081406 0 0.1246596574783325 0.2105260044336319 12.52741093933582 1.068209767341614 43.72189543396235 1.220100730657578
74.36600850522518 1265.179240837693 621.3053442910314 32.05966620147228 3175.861216932535 1.118420675396919 692.2253964543343 243.3345047086477 424.7214775085449 23.14625282585621 957.7948768362403 1.117122754454613 151.4904556795955 700.9434085860848 11.95807722955942 2.443620286881924 0.5979171246290207 0 0 0.1621559113264084 0 0 0 0 0 0 0 0.1047372370958328 0 0 53.17863620817661 4.727015651762486 3.829766020178795 0 0 0 0.1313285082578659 0 0.2379788756370544 0 0 0 0 0 0 0 60.75596077740192 1.771849498152733 0 0 0.1084541231393814 0 0 0.1037026941776276 1.205653116106987 1.686884827911854 5.702666603028774 15.87216994166374 5.381728962063789 13.68460664898157 0 0.127075657248497 0.1207596063613892 21.27085517346859 0.8700835406780243 0.3269205167889595 0 1.057778760790825 0.3572567105293274 0.1378903388977051 2.781825020909309 0 0 23.44047603756189 27.24564301967621 24.5179413035512 12.83823543041945 0.4570446014404297 0.1784376055002213 7.421080276370049 0.1623210459947586 0.1442664414644241 4.1986083984375 0 1.08488093316555 0.5929530560970306 0.321478545665741 0 0.6045709699392319 0 0 0.2347263023257256 0.7210734784603119 0 0.5941314399242401 11.31419867277145 0.1652328968048096 0 0 18.72746712714434 0 0 1.872413769364357 0.3260913044214249 0 18.04969356954098 0.4251066744327545 2.457955598831177 14.94759269058704 7.563126087188721 0 29.20664246380329 34.70428350567818 25.29113101959229 3.999750092625618 0 0.1466161608695984 0 0 0 0 0 0 0 0 0 0 0 0 0 0 0 0 0 0.5327574014663696 0 0 0.2528316974639893 0.4302430003881454 5.760665833950043 0 2.970617175102234 0.8968493938446045 0 0 0 0 0 0 0 0 0.6974572837352753 0.2349553406238556 0 0 0 0 0 0 0 0 0 0 0 0.1636270135641098 0 2.076673731207848 0 0 0 0 0 0 0 0 0 23.78870470821857 0 0 0 0 3.272020310163498 1.190468639135361 4.251146867871284 0.1249102205038071 0.1070027500391006 0.540113091468811 0.1510905027389526 0 0 0 0 0 0 0 0 0 25.88888770341873 5.163577035069466 3.781678542494774 279.7544595375657 2.72443950176239 147.6298624575138 26.72681307792664 88.39401715993881 27.49274849891663 1.025356441736221 11.62682177126408 13.72531341016293 0 0.4519526660442352 0.2590499520301819 13.81431822478771 0.5355508923530579 0 0.7119284272193909 4.796777442097664 0 58.15216252207756 5.024563163518906
1657.151153191924 543.0357479229569 3.186581924557686 2633.650925122201 77.60625606775284 1068.088947199285 3232.332557164133 0.5520019978284836 23.14625282585621 3303.426701068878 9.083180338144302 4764.607747077942 6539.205110669136 278.0254303514957 5.257680930197239 2.117177903652191 0.5201062262058258 0.1249431148171425 0 0 0 2.180797234177589 0 0 0 0.1017163842916489 0.1109412908554077 0 0 0 38.103914283216 0.5007147043943405 33.19842867553234 0 0 0 41.37882860004902 1.699012145400047 0.2260320037603378 0.3024051785469055 0 0 0 0.3201082348823547 0 0 37.66286162286997 5.817274123430252 0.2752426862716675 0 0.2636422365903854 0.8541064709424973 0.1042090579867363 0 3.800129279494286 7.93971936404705 42.97845355421305 73.61894236505032 12.95935218781233 27.00420890748501 0 6.02377262711525 0 19.37046370655298 3.401802867650986 3.188917703926563 0.3187854066491127 0.7011314928531647 0.1164870411157608 0.4444585740566254 165.0456113442779 20.01578187942505 4.222720623016357 69.51135640591383 42.88839869201183 24.98534546047449 6.223833039402962 1.498009540140629 0 8.934432543814182 0.1195277348160744 1.518601298332214 19.26975932717323 0.7790552154183388 5.896247699856758 2.335266999900341 0.7057292908430099 0.4969515949487686 1.314040057361126 1.859856866300106 0.5771037042140961 1.760861612856388 0.1135387122631073 0.35482557117939 0.7416452839970589 338.8106507733464 95.94554956257343 9.031156495213509 4.764698766171932 599.0595039501786 1.487407177686691 37.8619559854269 16.1068674698472 54.46707248687744 0.5609577000141144 136.3966053277254 100.079138867557 21.82333613932133 108.8997364416718 87.44980658590794 3.046286433935165 133.8162770047784 329.4965946376324 111.4085057079792 6.991641737520695 0.4426492601633072 0.1191015765070915 0 0 0 0 0 0 0 0 0 0 0 0 0.4995030760765076 0 0 0.1149553433060646 0 0.8132289201021194 0.179620623588562 0.1275804787874222 0.9423708021640778 0 6.273621737957001 0.1044539138674736 3.62699331343174 0 0.3241706490516663 0 0 0 0 0 0.7222872376441956 0 3.567829020321369 2.806055650115013 0.5062707215547562 0.1605198234319687 0 0 0 0 0.3837636485695839 0 2.630489766597748 3.169763341546059 1.064727112650871 0 0.3268294259905815 2.282263308763504 0 0.7633206620812416 0.434012196958065 0 0.1107161268591881 0 0.2159340158104897 0 0 51.6240753531456 0 0 0 0.1803499311208725 3.180072963237762 0.3624577224254608 4.277098476886749 2.089534848928452 2.413797006011009 0.9290769323706627 0 0.3169209137558937 0.3609674349427223 0 0 0 0.1730290204286575 0 0 0.2151582390069962 95.72665157914162 4.228668689727783 4.955239996314049 586.5382739901543 3.486385233700275 160.1838318184018 18.60038265585899 1081.150033660233 19.39701405912638 1.873576372861862 4.084615685045719 35.79054767638445 0.09478985518217087 7.916977532207966 2.597955234348774 70.88861288130283 1.514533758163452 0.2594504505395889 0 0.6469638347625732 0.8872929811477661 1076.226216956973 47.9017029479146
690.6370297148824 1559.901943169534 2732.97387868911 75.13059064000845 1811.247214280069 3.999685987830162 225.2572015747428 3418.440026193857 957.7948768362403 9.083180338144302 994.5898440256715 33.7461246997118 474.0662890821695 1917.451451182365 110.0605521053076 39.86850644648075 9.15707353502512 1.548530697822571 0.6337564587593079 0.8212715834379196 2.085683763027191 4.372938469052315 0.145676851272583 0.5676619112491608 0.8047686964273453 4.580136328935623 0.4243331551551819 3.143403500318527 10.4428636431694 0.6267304420471191 818.0218888819218 337.6976897716522 197.1822066381574 0.6101982891559601 0.5295244455337524 0.8098427653312683 37.9815786331892 4.675044663250446 3.619073882699013 0.3067630380392075 3.49294588714838 4.679255701601505 2.213657259941101 4.62131055444479 0.663671612739563 0.7696537524461746 346.9167405813932 10.93053361028433 2.825576797127724 2.880979858338833 2.872286647558212 0.8689323514699936 0 5.313638642430305 3.178482130169868 8.971687078475952 40.92007306218147 197.2445559725165 18.98766851425171 80.97379986196756 3.052793212234974 4.541958034038544 1.068745657801628 166.1492642536759 7.025316640734673 6.949929170310497 4.267073556780815 2.574139609932899 12.0094697624445 4.859797775745392 49.26874966919422 5.773775607347488 0.144596129655838 151.8896005302668 219.0568677484989 251.6127251461148 165.3419747650623 33.09902386367321 15.03145661950111 414.8964458778501 1.15268974006176 19.33292827755213 27.0489142164588 0.362581267952919 10.92050792276859 4.394569061696529 7.089937031269073 0.4695342779159546 1.793003670871258 0.1789563447237015 2.975683338940144 2.17718043923378 20.10774232447147 7.457870207726955 4.887472540140152 17.35997888445854 5.339570552110672 0 3.23600946366787 162.9705039858818 0.1250700056552887 0.8869958966970444 0.4921407699584961 0 0 22.20918795466423 0.639433354139328 3.578073844313622 10.18077354133129 5.486376538872719 0.6023409515619278 31.88105746358633 36.36103730648756 28.15979655086994 10.45637405663729 0.7657109349966049 1.677905946969986 0 0.2437663152813911 0.1512369215488434 0 0 0.2391603738069534 0.1255626231431961 0.5267371386289597 0.8406596183776855 0.2161112427711487 0.4273248016834259 0 0 0.4907423555850983 0.2563366591930389 1.558219730854034 0 0.1456432491540909 0.1866495758295059 0 2.236847534775734 0.5868236124515533 8.915245272219181 0.1403509527444839 5.77594205737114 2.149808958172798 2.531503885984421 1.34689673781395 0 0.4025916010141373 0 1.0656733289361 1.825961716473103 0.8671597838401794 0 0.5896759927272797 0 0.4334646165370941 0 1.401673018932343 2.131588891148567 0 0 0 0.4907347559928894 0.4499403014779091 0 1.468570545315742 0.6972703784704208 2.204905465245247 0.384972408413887 0 0.1150147244334221 0 0.1236941888928413 0 0.1138170138001442 0 0 41.56716921925545 1.203837335109711 0 0 0.7787266969680786 4.432472258806229 2.272868104279041 8.844061054289341 0.09448886662721634 0 1.282929450273514 0 0.4655143320560455 0 0 0.2490765899419785 0 0.3052538484334946 0.3099849224090576 0.2395027279853821 0 31.40521423518658 8.845366887748241 12.32183343172073 968.9670912250876 32.52761746197939 823.4721017628908 174.7123241946101 250.1020812690258 134.7786618098617 5.285401411354542 60.25770057737827 17.64980958402157 0.3736418336629868 4.712100125849247 3.532429434359074 18.2601181268692 0.8352868854999542 0.1027360782027245 0.1214906424283981 28.87308423221111 0.3453353196382523 114.8253115937114 15.3269897326827
135.2826288715005 94.66483103483915 3.631647273898125 1345.90969465673 3.870533108711243 225.09246301651 509.2821248993278 1.388060301542282 1.117122754454613 4764.607747077942 33.7461246997118 540.7603855133057 2053.068333089352 215.8810753077269 11.52782594412565 4.774918302893639 1.285850912332535 0 0 0 0 0 0 0 0 0 0 0 0 0 3.701651319861412 0.7344805747270584 6.581340469419956 0 0 0 17.01064954698086 2.466434001922607 2.095152549445629 0 0 0 0 0.6213211715221405 0 0 17.27758224308491 0.1194799765944481 0 0 0 0.1442411690950394 0.7898454666137695 0 0.3227614760398865 0.7675463184714317 6.351969368755817 4.224590174853802 1.102802336215973 4.098457098007202 0.4956230223178864 0.2755454331636429 0.7278240323066711 6.409741818904877 0 0.4075319916009903 0 0 0 0.2517732083797455 108.0401629656553 3.569544494152069 0 5.092990547418594 9.016886204481125 12.40066769719124 11.15324233472347 3.979645110666752 0 11.86384163796902 0 0.3135214000940323 1.173143178224564 0.1903409063816071 0.2115051001310349 0.4723384007811546 0 0 0 0.1698224991559982 0 0.3380234837532043 1.453754663467407 0.119212806224823 0 361.8164414763451 27.02986872196198 0 8.006051778793335 51.53482445329428 0.2379814684391022 1.400834932923317 0.6961326375603676 2.739470273256302 0.4226301908493042 64.82649639993906 2.166469782590866 12.75447289645672 29.05697489529848 30.68863131850958 1.113832533359528 83.54975119978189 95.44030128419399 68.7536785453558 10.99511127173901 0.68574208766222 0.4821289703249931 0 0 0 0 0 0 0 0 0 0 0.596365287899971 0 0 0 0 0.1578603535890579 0 0.7978401333093643 0.1491542309522629 0 0.1512453705072403 0.4706875085830688 10.75952396541834 0.4329580068588257 6.620995402336121 0.6444975659251213 0.2152250409126282 0.1192421242594719 0 0 0 0.9246945381164551 0.2531355917453766 0 0 1.460575126111507 0 0.2822902798652649 0 0.1766365468502045 0 0 0 0 0.8252362012863159 0.5441442131996155 0 0.1481501907110214 1.571073472499847 3.971451722085476 0.2928523123264313 0 0 0 0 0 0 0 0.2698425278067589 56.18039761483669 0 0 0 0 6.480575554072857 0.7525216788053513 12.14187927544117 0.3158101141452789 0.1994997709989548 1.285867065191269 0.5404502600431442 0.4974864423274994 0 0 0 0 0 0 0.1127726510167122 0 64.66683095693588 10.68175516277552 10.19743109494448 354.8024755194783 2.816668011248112 57.79112127423286 28.20552476495504 187.5128445774317 14.98643887788057 0.6560379564762115 6.442390307784081 30.32998271286488 0 5.488987378776073 0.7083976566791534 29.83936662971973 1.508907079696655 0 0.3199455142021179 3.410385429859161 1.453494489192963 355.4619216993451 27.73709550499916
266.8358544409275 787.7689426243305 46.23086787760258 1173.505081146955 94.19672976434231 305.1213209331036 3819.622151508927 30.63508128374815 151.4904556795955 6539.205110669136 474.0662890821695 2053.068333089352 2375.036145627499 6202.814325913787 84.72520048171282 45.38098922371864 14.47246754914522 0.1615529805421829 0.2017741501331329 0 0.1543020606040955 1.755070000886917 0 0 2.538405418395996 0.3581157475709915 0 0.6631937250494957 2.76807489991188 0 51.65740783512592 4.985345244407654 332.0233206227422 0 0 0.5646206811070442 406.7173791155219 87.81033680588007 39.65403311699629 12.01998183131218 0.4214704632759094 1.264949828386307 0.2002537101507187 5.34579686820507 0.3271864503622055 1.722305372357368 198.5916827693582 4.290500789880753 0.6461844593286514 1.40844950824976 0.1803124845027924 0.5212983787059784 3.509742558002472 1.529280133545399 1.93688477575779 4.81274726241827 28.64282406121492 42.58950638771057 10.50739857554436 36.09372699260712 1.823985695838928 30.08704674988985 1.800009578466415 67.91787511855364 3.527813978493214 2.784360200166702 0.2566359490156174 0.5753908455371857 3.398957036435604 1.055226631462574 596.9466618075967 14.45280502736568 0.8517242446541786 68.82946512103081 89.73317670077085 123.893722012639 105.775166913867 42.14714222401381 1.322940021753311 174.1895431131124 1.091410890221596 10.71255198121071 11.60858249664307 0.3280400335788727 3.421391390264034 2.242855347692966 1.830988727509975 0.2684661448001862 0.4809125661849976 0.5820885300636292 1.081672742962837 0.7559869140386581 4.892907723784447 1.703918874263763 3.051027610898018 1420.620578333735 80.46540582925081 0.228938415646553 27.20711743086576 163.6866167709231 0.8721269741654396 6.693721406161785 6.4496169090271 7.032748676836491 1.030617594718933 303.8776359334588 11.08041840046644 58.11079993844032 135.3971863687038 122.9180967658758 8.635696575045586 373.982038974762 474.7649514600635 333.9084228873253 57.44210348278284 4.535408027470112 4.034995123744011 0.8162095844745636 1.023440390825272 0 0.6251111030578613 0 0 1.103321671485901 1.237141840159893 1.105550140142441 0.1495935618877411 3.063519991934299 0.1401983797550201 0.1181317120790482 0.480474054813385 0.9959671944379807 1.210255920886993 1.351219326257706 2.512860901653767 1.015015289187431 0.7184149771928787 7.221756115555763 1.451853737235069 68.23388248682022 6.136164829134941 35.23144092410803 6.80155998468399 3.399568937718868 0.5212637186050415 0.1479873359203339 0.1621419936418533 0.6189909875392914 3.194339998066425 4.511740565299988 0 0.5260651633143425 7.661786884069443 0 0 0.1238911598920822 1.379070490598679 0.7265568375587463 0.1124559789896011 0 0.3596521317958832 1.463624566793442 0.7505087703466415 0.203082300722599 5.727261692285538 9.880225591361523 22.57621418684721 1.238035388290882 0.1458622664213181 1.173940375447273 0.1329279541969299 0.5233772397041321 0 0 0.1484109908342361 0.2630725353956223 299.0095754116774 0.414492055773735 0 0 0 30.49700926989317 10.51310253143311 58.64211183786392 0.9927186146378517 1.220071859657764 5.361577682197094 0.7164676263928413 2.347218699753284 0.1752656251192093 0.1287770718336105 0 0 0 0 0.2231644988059998 0 299.9233894124627 66.65013302862644 63.8715972006321 2057.93348171562 25.42225546389818 554.3727124705911 207.2790431156754 695.349301815033 111.508654654026 4.757836759090424 50.68624851107597 126.2892217636108 0.5632286816835403 27.6911343485117 6.876837812364101 177.3985711932182 5.955162338912487 1.190655946731567 0.3478656262159348 42.8110144585371 2.15660297870636 1099.456017933786 103.024841286242
