658.8755162358284 6834.521159589291 1158.717436313629 2627.299062684178 1.770952746272087 200.3007835298777 128.6629895120859 43.87867923080921 0.2193547785282135 349.2032829448581 17.27611284703016 8.793235495686531 6.29991951584816 12.74184401333332 9.727129422128201 5.980839900672436 0.6554203256964684 0 0 0 1.185964301228523 0 0 0.3856690227985382 1.495369024574757 0 0.6011664569377899 0.1268907189369202 0.3429351598024368 0.1311377733945847 1200.885127484798 7.708050690591335 15.38537405431271 0 1.721137873828411 4.819959998130798 9.83984037488699 12.69868409633636 5.50275918841362 0.7850340381264687 1.554350018501282 0.3722299560904503 0.1343671530485153 0.7228517755866051 0.1218297183513641 0 14.7737018764019 0.4954758286476135 0.1134311854839325 0.1384320557117462 0.4588240757584572 0.8620741739869118 0.5524965077638626 0.1438969522714615 0.6066043376922607 15.63767581433058 50.90036771446466 665.3080857470632 42.18415217101574 10.82382960617542 0.7899194657802582 6.937211558222771 1.970877058804035 36.70842999219894 4.37609376758337 2.017625406384468 1.378941744565964 0.4848377481102943 1.460182994604111 1.38137774169445 17.51172170042992 6.816758304834366 0.6120529174804688 45.52472419291735 26.80650485306978 28.34260901808739 5.506984665989876 2.249123007059097 0.757556140422821 35.52053263038397 0.2897755354642868 7.012969955801964 8.018680088222027 0.517114132642746 1.286536663770676 7.244475126266479 0 0.5374390333890915 0.8210634738206863 0.5763469934463501 0.2331565842032433 0.311366856098175 0.7653901651501656 0.7075904309749603 0.7889087945222855 46.56152848899364 24.74050486832857 0.8085767477750778 3.878815785050392 1018.682843834162 0.1864817589521408 0 0 0.3240598142147064 2.785213351249695 2.33791010081768 0.2068414986133575 0.7619117945432663 0.6823461949825287 4.770750999450684 0.4448894262313843 0.8177689164876938 3.513658538460732 1.460468903183937 1.231724143028259 0.7111394554376602 0 0 0 0 0 0 0 0 0 0 0 0 0 0 0 0 0 0 0.9722779542207718 0.9226961880922318 0 0 0.2279123663902283 1.637042686343193 0 0.8293355852365494 1.39208772778511 0.3453946709632874 0 0.1480005532503128 0 0 0 0 0 0 0.1556215882301331 0 0 0 0.5492172390222549 0.3648631647229195 0 0 0.257151871919632 0 0.5964175015687943 0 0 0 0 1.074888989329338 0 0 0 0 0 0 0 0 2.934970490634441 0.6500669121742249 0 0 0 0.1332570165395737 0.6534112691879272 0.4828678369522095 0 0.1430585980415344 0 0 0.2833321988582611 0 0.154750645160675 0 0 0 0.1156382039189339 0 0 2.31394025683403 7.549407929182053 3.518916480243206 33.49247325211763 8.459123685956001 121.2116530463099 14.29896624386311 587.7825275212526 8.325230523943901 0.7177610099315643 0.4274627044796944 1.445108875632286 0.5263742208480835 2.302179791033268 0.4625882357358932 1.286956131458282 0 0.4171030223369598 0 0.8815484642982483 0 351.2643178254366 2.828614309430122
6834.521159589291 3202.668340846896 1042.846951156855 1753.526523984969 3931.476389981806 148.1217693164945 3666.1629781425 497.1779759377241 2374.188181377947 2047.846440173686 1000.14066311717 30.90207441151142 825.6763608902693 5547.52473012358 215.4032917171717 63.28017122298479 5.739298678934574 0.0840386226773262 0.7585410103201866 1.058638416230679 1.935593441128731 0.3587106391787529 0.3499832302331924 0.4723945111036301 6.576223932206631 0.1251140385866165 0.8978909030556679 0.8385549187660217 0.2616441547870636 0.3940298780798912 2464.383872851729 162.6207261160016 303.3659267053008 0.1621459424495697 7.474053747951984 14.55513704568148 80.21364217251539 62.72866138070822 14.85447968542576 4.707499548792839 4.476534239947796 1.335956864058971 1.137259967625141 5.45481988042593 0.2213151454925537 0.9071249663829803 346.8574057295918 4.944840990006924 1.674686744809151 0.7298049330711365 2.115461468696594 0.5521145761013031 1.915363915264606 0.2523277923464775 14.14087329804897 84.83273832499981 110.372186742723 1358.586918391287 148.9981980696321 131.5590356141329 5.858203575015068 28.08674440532923 4.223695442080498 738.8918978795409 33.89414414018393 20.58282645046711 17.84500893950462 4.451917015016079 2.513893015682697 4.114205703139305 104.0157107636333 9.058719113469124 0.7124405652284622 230.1449771672487 253.321754552424 521.2405054792762 146.9613317623734 81.42780649662018 8.975500300526619 180.4072903320193 7.1894406452775 12.92066833376884 63.88818745315075 5.086331121623516 13.89902596920729 55.27839405089617 1.654636152088642 0.7935590296983719 7.569551341235638 0.2446269020438194 4.056183472275734 0.6553570702672005 4.196755558252335 3.167308412492275 2.226336620748043 44.6421117708087 15.78722681105137 0.1211187765002251 16.01695295423269 881.9271942675114 2.982095867395401 3.066728472709656 13.57383681088686 3.040106564760208 8.349613755941391 40.26197243481874 12.61762741953135 36.09420605003834 41.19204541295767 78.93890781700611 3.832306548953056 50.18102863430977 67.28277135640383 64.50852683931589 19.30894341319799 2.448672316968441 1.616409882903099 0 0 0 0 0.3669958114624023 0.09989337623119354 0 0 0.4650622978806496 0 2.670410126447678 0 0.2362953647971153 0.9645182713866234 0.1815950721502304 0.5340389087796211 0 15.32104936987162 15.19429761916399 0.3871434032917023 0.2265278100967407 0.9156452864408493 12.78762669116259 2.352254211902618 11.64893413335085 9.830695584416389 2.923804752528667 0.1539823859930038 0 0.2109927982091904 0.2040911167860031 0.4576617628335953 2.655023746192455 0.3946055918931961 0.5577555596828461 2.299562096595764 0.1213716641068459 0 0.408105731010437 1.815821349620819 1.152305468916893 0.128662109375 0 0.6003393530845642 0.7361973226070404 4.320495285093784 2.003685936331749 2.153659753501415 2.11277848482132 2.277039840817451 23.1266198605299 0 0 0.2878482490777969 0.3439566567540169 0 0.5121351182460785 0.1156711652874947 0.4624041467905045 20.93864411860704 1.435184970498085 0.2703148126602173 0 0.2335416749119759 1.741550356149673 2.624874711036682 6.10552904009819 0.5690625011920929 4.349865444004536 3.734066247940063 1.483092397451401 1.904160864651203 0.1368708312511444 0.2517700418829918 0.1726959645748138 0.1800612658262253 0.3282286450266838 0.1341040283441544 0.2260588556528091 0.1141014620661736 42.8434451892972 29.35149094462395 33.01131946593523 965.7126428931952 44.09011359512806 1378.707154326141 145.4937985613942 592.7247203812003 59.35432646423578 7.479159832000732 61.72639831900597 11.76243501901627 1.231373354792595 22.56350689381361 5.216474890708923 33.7043759599328 0.3774121776223183 1.336988069117069 0 9.691285640001297 1.02979576587677 313.1802528202534 20.57544637471437
1158.717436313629 1042.846951156855 1038.855115100741 64.99312423169613 249.7757042422891 8.145513385534286 24.69090881943703 5006.828273557127 954.0455760806799 34.49586234241724 3476.266885653138 10.59181278198957 158.9308613613248 2486.554362133145 63.19537832587957 53.37952117621899 7.439091727137566 0.8025331050157547 0.5264729633927345 3.037534080445766 7.211145728826523 0.2341919243335724 0 0.4972341880202293 26.42853546142578 0.9332759603857994 2.920187771320343 0.6282157525420189 1.224583655595779 0.2030258849263191 3319.858139812946 422.8214570954442 557.5052460953593 0.4574772343039513 18.4785790592432 56.26249808073044 134.4424648359418 188.3679696619511 24.8906668946147 11.73820358514786 12.62619811296463 7.547122426331043 1.700644545257092 3.431195095181465 1.071233071386814 1.294235177338123 82.96185347437859 0.3586593717336655 1.696760952472687 1.850254163146019 3.903449222445488 2.772203497588634 3.164438426494598 0.9476044625043869 2.700059153139591 11.63265226781368 23.09749080985785 545.9148101061583 28.51177502423525 17.51638945192099 6.805989421904087 108.106362760067 13.75347173213959 290.1829931586981 4.144830144941807 7.378986291587353 4.119368217885494 5.74810203909874 6.989779815077782 11.1390620842576 89.63825721293688 15.8769788146019 1.029046982526779 37.86961840093136 37.12146155536175 92.36007591336966 45.45548206567764 37.80944293737411 46.73032316565514 1412.01983679831 6.328410804271698 88.39175470173359 10.29285554587841 1.191559843719006 2.310870081186295 11.20628926903009 0.971668966114521 0.243044339120388 1.942614652216434 1.132196068763733 2.838988266885281 1.291069224476814 10.87777104973793 6.281064420938492 3.060372970998287 22.64643746614456 20.11448906362057 0.3697091788053513 21.14136120676994 229.5767664909363 3.040887296199799 0.1168290227651596 5.810775130987167 0.2879868149757385 7.215555265545845 10.78127302229404 0.4575195908546448 10.75857625156641 8.44647990167141 27.73967255651951 1.909371584653854 15.72208654135466 20.55907069146633 17.36516628414392 8.471470847725868 3.235043175518513 0.8160533234477043 0 0 0 0 0 0.1133099496364594 0 0.1341277211904526 1.08414613455534 0 1.561461538076401 0 0.478167399764061 1.161700680851936 1.334345266222954 1.133985415101051 0.3890657424926758 10.8587973639369 10.39713072031736 0.1150363385677338 2.544892534613609 0.2960313186049461 14.75402168184519 1.828113421797752 9.44475307315588 8.925840549170971 4.903326489031315 0.4039417952299118 0.3563492149114609 0.1827422529459 0.4100951999425888 0.6409393399953842 0.6435494720935822 0.1299424469470978 0 2.405120529234409 0 0.1154189705848694 0.7583395838737488 1.497618287801743 3.426889538764954 0.9763020873069763 0 0.1006663739681244 0.1652002930641174 4.988562069833279 0 1.568716935813427 3.388442076742649 0.5419977903366089 13.21583122014999 0 0.1579398214817047 0.09299803525209427 0 0.3685773387551308 0.1180963590741158 0 0.2783955037593842 15.02302029728889 3.596091069281101 0.419205978512764 0 1.407940112054348 3.341677077114582 4.678488254547119 2.869738891720772 0.6331189423799515 1.727622970938683 1.856215432286263 0.2306433320045471 1.83099951595068 0.3263003677129745 0.1363654136657715 0 0 0 0 0.5859839171171188 0.2089212089776993 14.86408942937851 38.48960343748331 34.14366241544485 256.0601700097322 17.68487072736025 321.0874392315745 55.10751459002495 83.83968476951122 18.26832175254822 2.215013064444065 21.0185272693634 10.36669782549143 0.8010990768671036 13.10630083084106 5.559064410626888 10.32927156239748 0.1630257219076157 4.830216109752655 2.165077567100525 6.394346833229065 0 61.4147749915719 17.95023765414953
2627.299062684178 1753.526523984969 64.99312423169613 1091.408344849944 3.307006776332855 2006.694379404187 751.5197139233351 0.180985152721405 0.3638766407966614 1788.083086445928 0.3076565861701965 1.444380894303322 85.36648094654083 73.92060051113367 24.35145276784897 1.876212023198605 0.1342506110668182 0 0 0 0.1616184264421463 0 0 0 0.3369546011090279 0 0 0 0.3504689335823059 0 121.7964686229825 8.291351556777954 1.673508606851101 0.2064003273844719 0 0.1180252805352211 1.279862210154533 0.6026251688599586 0.292490616440773 0.09708943217992783 0 0 0 0.549466647207737 0 0.2220773696899414 43.45532577484846 1.097387179732323 0 0.1315195858478546 0.1008143499493599 0.2932331115007401 0 0 3.132650047540665 18.8955535441637 30.82711341977119 342.5689336508512 36.98818778991699 28.62055210769176 0.2521717771887779 0 0 92.52214983105659 6.855757415294647 4.490708991885185 2.540476649999619 0.6791326180100441 0.2336683869361877 0 3.870199114084244 1.249029919505119 0.3374683856964111 46.50166469067335 66.81068003922701 77.78238397836685 9.377303376793861 3.96333834528923 0.5425752252340317 0.5820438116788864 0.8105897307395935 0.5962140262126923 13.65863417088985 1.091930195689201 2.62961208820343 10.73149835318327 0.3217882513999939 0.300141379237175 1.743775062263012 0.5315093547105789 0.1937840133905411 0.2899288162589073 0.1749240159988403 0 0.2212412506341934 54.6334516108036 7.06794710457325 0.5885483175516129 0.879603274166584 918.1084688305855 0.2864948809146881 4.234415084123611 0 7.194798052310944 1.067001730203629 19.99734325706959 24.4149227887392 3.487751454114914 38.05592933297157 40.82714878022671 0 11.49575139582157 22.13942259550095 6.316494390368462 0.3170492053031921 0 0 0 0 0 0 0 0 0 0 0 0 0 0 0 0 0 0 0 0.9126093089580536 0.2769520580768585 0 0 0 1.47594740986824 0 0 0.2672486305236816 0 0 0 0 0 0 0 0 0 0 0 0 0 0 0 0 0 0 0 0 0 0 0 0 0.6108555197715759 0 0 0 0 0.0999905988574028 0 0 0 0.1461253613233566 0 0 0 0 0.6475969552993774 0 0 0 0 0 0 0 0 0 0 0 0 0 0 0 8.462045475840569 2.289006799459457 0.3266027495265007 134.9689506366849 8.934437543153763 222.5453725382686 18.24939846992493 1391.964528657496 11.3597416728735 1.199997812509537 2.51099968701601 6.074352726340294 0.3281378895044327 0.2572263479232788 0.5910985469818115 49.41758428514004 0 4.258603066205978 0 0.2063861638307571 0 474.0049230977893 4.947536870837212
1.770952746272087 3931.476389981806 249.7757042422891 3.307006776332855 730.6864817067981 1.911236710846424 830.7962895184755 57.06518186628819 4815.276452757418 243.0004715025425 273.907512485981 25.85251469165087 512.3004027754068 4194.797244921327 38.4224936440587 23.9918719753623 1.543154396116734 0 0.1085213422775269 0.3631861433386803 0.1281016319990158 0.1349598914384842 0 0.1460145711898804 1.293064698576927 0 0 0 0 0 20.95775475353003 8.415271304547787 74.05775354802608 0 0.105342373251915 0.7306774780154228 22.93903166800737 8.499857977032661 2.882655270397663 0.7363749146461487 0.370443120598793 0.3201592788100243 0.08206833153963089 1.54792695492506 0 0.3098239153623581 45.85709225386381 0.5074257105588913 0.3824819028377533 0 0.3524325340986252 0.2485363632440567 0.2664535939693451 0.2890565693378448 0.6245708912611008 3.430657349526882 2.739090286195278 17.51135665178299 4.756908439099789 9.190908148884773 0.4719121679663658 2.376253254711628 0.2572641149163246 33.35410442203283 1.157254792749882 1.333473831415176 1.13947194814682 0.4026326686143875 0.2613565623760223 0.2344801127910614 38.38593906164169 0.9803683459758759 0 9.078684948384762 15.15522858500481 50.49276995658875 24.77654378861189 14.3286021053791 0.2161684632301331 11.34000016748905 0.751494787633419 2.149670295417309 2.322270274162292 0.4204337224364281 1.203842267394066 3.391528978943825 0.1096938997507095 0 0 0 0.4228904098272324 0 0.0823630690574646 0.1189298704266548 0.2728857174515724 22.13182596117258 4.989387951791286 0.1009659022092819 2.851020731031895 2.675160646438599 1.681891322135925 1.247383400797844 4.937103107571602 1.085098095238209 5.053749866783619 14.39193303138018 3.497353844344616 15.20332374423742 16.37514659762383 32.27676742523909 3.4024453535676 23.92897575348616 31.38288398832083 26.4258188828826 8.917511388659477 0.5960923135280609 0.7832577303051949 0.3091033697128296 0.1452997922897339 0 0 0.1039162948727608 0 0 0 0 0 1.561246439814568 0 0 0 0.6083148121833801 0 0.09497303515672684 7.270207598805428 4.485702611505985 0 0.1019826084375381 0.2706411182880402 3.602148100733757 0.6776001825928688 3.473162345588207 1.747288599610329 2.300352036952972 0 0 0.09215106815099716 0 0.3304482400417328 0 0.4411395713686943 0.9325595200061798 0 0 0 0 0 0 0 0 0.1160556524991989 0 1.006729453802109 0.146531417965889 0.7378337979316711 0.5611110702157021 0 8.536124803125858 0 0 0.1742441356182098 0 0 0.1001591980457306 0 0 7.84426336735487 0.8915181085467339 0 0 0 1.145210981369019 0 0.7190315723419189 0.7896004915237427 0.9124275743961334 0.3447431176900864 0.2999899908900261 0.2657838612794876 0 0 0 0 0 0 0 0 16.96551267802715 12.08318906277418 10.29268016666174 179.0013971477747 5.330696508288383 169.3197962716222 30.01904062181711 6.660566315054893 11.84299623966217 0.4007209464907646 15.34915572404861 3.60661605745554 0 5.501738034188747 0.8527592867612839 11.09275399148464 0 0.120842456817627 0.1059259846806526 3.008547782897949 0 32.53596460819244 8.652446985244751
200.3007835298777 148.1217693164945 8.145513385534286 2006.694379404187 1.911236710846424 4.307226330041885 106.4083762466908 2.372713208198547 0.6622203215956688 964.4377653449774 3.004760406911373 76.07926991581917 50.63174179196358 15.3653896227479 0 0 0 0 0 0 0 5.266299456357956 0 0 0.1479640752077103 0 0 0.1507211625576019 0.2741021513938904 0 5.713999897241592 0.2273864895105362 5.891903027892113 0 0 0 15.19935031980276 2.657167583703995 9.086771845817566 0 0 0.8837308585643768 0 0.09904929250478745 0 0 0.1284356564283371 0 0.123838908970356 0 0 11.27780176699162 4.019607216119766 0.2320643365383148 0 0.1716263294219971 74.07858663797379 1.66388164460659 8.523220576345921 0 0 0 0 0.3387330770492554 0 0 0 0 0 0 102.38397552073 135.3595324009657 7.626976743340492 0 1.068866476416588 0 0.3428410887718201 0 0 1.911431439220905 0 0.1845255792140961 0 1.678571134805679 0 1.147695548832417 0.3854898512363434 5.44926892220974 0.6520050093531609 11.51127853989601 0.775817982852459 4.356950953602791 0.107364110648632 0.2294730246067047 0.3169174939393997 204.3215056434274 163.1969999149442 20.78688633441925 26.67071893066168 601.3526326566935 0.2453343123197556 4.628819286823273 3.215393662452698 1.002430468797684 0 4.090033233165741 11.82671594619751 0.7180412709712982 7.260788306593895 15.84139421582222 0 4.290365785360336 9.38104821741581 5.824904024600983 0.2155505567789078 0 0 0 0 0 0 0.2252885699272156 0 0 0 0 0 0.1608454287052155 0 0.4355701357126236 0 0 0.1553647965192795 0.116306260228157 0.1807107031345367 0 0 0 0 0.2102594524621964 0 0 0 0.3273234292864799 0 0 0 0 0 0.1555748730897903 0 0 0 0 0 0 0.5939216017723083 0 0 0 0 0 0 0 0 0 0 0 0 0 0 0 0 0 0 0 0.3638415634632111 0.151482492685318 0 0 0 0 0 0 0 0 0 0 0 0 0 0 0 0.1292622238397598 0.1135796159505844 0 0 5.565337926149368 0 0.3221099153161049 16.8787956982851 0.1167319491505623 1.324088349938393 0.6148573905229568 115.9189490973949 4.776390984654427 0.1145928725600243 0 1.265119336545467 0 0 0 36.05791978538036 0 0 0 0 0 71.74372577667236 3.226973384618759
128.6629895120859 3666.1629781425 24.69090881943703 751.5197139233351 830.7962895184755 106.4083762466908 1863.781168200076 22.08952724188566 893.95239058882 5059.252401307225 175.4450501054525 96.89338266849518 10209.05280055106 4368.717881657183 97.04807336628437 58.18526466190815 2.733763255178928 0 0.3055237680673599 0.4428073614835739 0.6523207128047943 0 0 0.08449691534042358 1.700076326727867 0 0.6827535256743431 0 0.4306090325117111 0.2297770455479622 90.09413623064756 24.4157532081008 112.0633484423161 0.2299022376537323 0.3293812945485115 3.059408418834209 63.16298453509808 19.26862101256847 8.101348303258419 1.230027243494987 0.9330503940582275 0.3788568079471588 0.1049586459994316 3.171290680766106 0.1748985126614571 0.3376168087124825 138.7170501276851 0.7996744364500046 0.723371647298336 0.2342827990651131 0.5147902891039848 0.3099350184202194 0.92620450258255 0.1570871919393539 3.161097697913647 16.78787699341774 20.22163883596659 176.828326292336 31.12110148370266 37.30693858116865 1.212254203855991 4.690005943179131 0.5418085381388664 152.1420356854796 7.484932951629162 6.051861830055714 3.634198166429996 1.39183147996664 0.5672727674245834 0.2735577821731567 90.52091033011675 5.220642812550068 0.1370679885149002 52.44963366538286 71.49904891103506 165.7988210991025 59.46073841303587 32.66265811771154 1.272541753947735 15.7812368273735 1.572469852864742 4.465842343866825 13.45065525919199 0.8843293488025665 3.389673575758934 13.62671256065369 0.3538617938756943 0.1420674473047256 1.086032174527645 0.1068765968084335 0.7116091251373291 0.3408062383532524 0.5338231474161148 0.5562012046575546 0.2815108001232147 63.47204273194075 12.36725179851055 0 5.818798825144768 46.88973712176085 9.247448839247227 6.045021742582321 51.53941541165113 66.80276750028133 14.45466521382332 82.68019314110279 40.76510395854712 48.64743771404028 273.7222432866693 174.6292536407709 5.926994360983372 141.2699049562216 109.2139282003045 69.56987997889519 22.14273989200592 3.595862105488777 1.031135424971581 0 0.2179601788520813 0 0 0.2667456567287445 0 0 0 0 0 1.599225208163261 0 0.9358813464641571 0.1239814385771751 0.84397853910923 0.3701523169875145 0.1745240017771721 27.77196394652128 13.23929447680712 0 1.212031379342079 0.5535222738981247 16.0298115760088 2.46757772564888 11.38573729991913 5.189036317169666 2.443742774426937 0.1302233785390854 0 0.1622816473245621 0.879922017455101 0.3962928652763367 0.5282354950904846 0 1.883335694670677 4.567060075700283 0 0.4954702407121658 0 0.532695084810257 0.441795215010643 0.6048643961548805 0.3344061598181725 0.9953936114907265 1.171282336115837 9.234558276832104 1.373557135462761 0.9298615008592606 4.338736563920975 1.017930269241333 27.04544615000486 0.2781899571418762 2.25191555172205 0.09744791686534882 0.112546905875206 0 0 0.1213511824607849 0 23.94735968112946 1.103574335575104 0 0.1442010998725891 0 0.8005993589758873 2.312732845544815 1.680777996778488 3.468847431242466 7.197080738842487 6.441018909215927 1.107489205896854 2.012140870094299 0.09728290140628815 0 0 0 0.2234571278095245 0 0 0 54.4461332783103 33.27960830926895 31.94569960236549 526.0455844551325 18.10845502465963 555.8768897503614 81.98676360398531 135.0383889228106 26.10707709938288 7.345010429620743 42.55838602781296 12.17424564808607 0.2395513579249382 20.77205692976713 9.355009667575359 42.40469356626272 1.394374027848244 0.4869702905416489 1.06832093000412 8.859884239733219 1.429506480693817 131.7138748541474 23.09818154573441
43.87867923080921 497.1779759377241 5006.828273557127 0.180985152721405 57.06518186628819 2.372713208198547 22.08952724188566 2647.869551673532 156.6257762610912 5.181260362267494 2192.839382566512 6.493380844593048 71.74754390120506 706.9893590807915 67.94109590351582 63.2227429151535 7.146409451961517 0.6375378370285034 0.2750054001808167 17.87040469050407 27.69970377534628 0.5171582251787186 0.9082345515489578 1.534946411848068 23.34763686358929 1.231876149773598 4.732405759394169 2.195777498185635 1.956776306033134 0.2480033189058304 549.6799869984388 1231.602447733283 451.963677175343 1.690684720873833 25.84791816025972 70.70804894715548 106.8764047026634 208.0717879459262 21.61251023411751 13.02275840938091 20.69867224246264 23.87816458940506 7.943849220871925 8.728975705802441 1.380835793912411 4.658061377704144 85.91120333224535 4.771149329841137 1.879999898374081 9.381907679140568 9.170179277658463 2.461024105548859 2.361625768244267 3.537078745663166 0.7132011279463768 2.482795558869839 5.761988639831543 52.15309493988752 4.901659779250622 7.250639043748379 163.7812892198563 212.1625867336988 26.7668215483427 173.3312178328633 1.748951494693756 24.09156538546085 10.11670666188002 22.05768449604511 22.75515645742416 50.24981132894754 55.51229890435934 11.7784830853343 2.996800467371941 9.846820265054703 26.56450481712818 67.56694904714823 65.17318011075258 439.9547066241503 907.3876867517829 2581.809927478433 297.2143293842673 1075.899170681834 3.103106632828712 0.2096886709332466 6.303232178092003 6.648140870034695 8.011345840990543 0.1345365643501282 1.863914348185062 0.3937287554144859 9.433057464659214 5.471129208803177 29.51711422950029 34.80416424572468 21.67799185216427 15.65679410845041 10.9415005594492 1.609034642577171 15.2800697311759 9.036524549126625 2.475407600402832 0.3721441552042961 4.417274445295334 0.1345840990543365 2.773930877447128 4.239108063280582 0.3188811987638474 2.593171164393425 4.736700609326363 10.03426066040993 1.683729618787766 8.114853754639626 6.811696454882622 13.15205569565296 4.83084575086832 1.715825572609901 0.4891220331192017 0 0 0.4499702006578445 0 0.4456438422203064 0.0992165133357048 0 0 1.580240726470947 0 1.091340556740761 0 0.5091096684336662 1.506063155829906 0.9769549518823624 0.9466299787163734 0.4319441914558411 4.60123310983181 2.930768169462681 0 0 0.1068006828427315 7.556382067501545 1.098599322140217 8.303097896277905 5.280579574406147 2.815294466912746 1.336241878569126 0.9635285288095474 0.3826255798339844 0 1.42103023827076 0.7471232190728188 0.151955172419548 0 0.563469335436821 0 0.2196395993232727 0.2999997287988663 1.027286812663078 4.296713694930077 0 0 0 0.5955829173326492 1.361089386045933 0 0.1427779644727707 1.563530296087265 0 5.879526108503342 0 0 0.2652080431580544 0.1860119327902794 0 0.6141965761780739 0.2463960126042366 1.167618125677109 12.4668060541153 2.967304423451424 1.906262442469597 0 3.481778539717197 2.177696272730827 0.8608947023749352 1.070421248674393 0 2.741451606154442 1.497052773833275 0.162006601691246 0.4250591769814491 0.2297252044081688 0 0 0 0.1094889491796494 0.4220331385731697 0.8230929970741272 0.5521797388792038 9.998184859752655 24.34172362834215 22.51183679699898 206.3308286145329 25.74438168108463 267.1747296527028 46.70763266086578 7.916266269981861 12.06783301383257 1.314189165830612 18.38605192303658 15.08684911578894 0.1195567101240158 9.862176202237606 2.352893471717834 5.688448965549469 0.4672967791557312 0 1.363323032855988 4.434981063008308 0 24.6582443639636 15.39582523703575
0.2193547785282135 2374.188181377947 954.0455760806799 0.3638766407966614 4815.276452757418 0.6622203215956688 893.95239058882 156.6257762610912 186.1835474073887 89.14893133193254 917.5286087468266 6.655194133520126 522.0845205709338 2023.530048251152 10.05549938976765 10.27616887539625 0.4421218410134315 0 0 0.09219998866319656 0.1300059109926224 0 0 0.08967766165733337 0.6967137902975082 0 0.1303152292966843 0 0 0 2.363118246197701 0.4005820602178574 48.07033640891314 0 0.1450626254081726 0.9255433231592178 11.89930105954409 4.396362148225307 1.291143737733364 0.5084587708115578 0.1191588491201401 0.1146712377667427 0 0.09354781359434128 0 0 11.85306487977505 0.2121971696615219 0 0 0 0 0.1395649015903473 0 0 0.6578771695494652 0.7173056900501251 1.891024067997932 1.007086247205734 1.040857069194317 0.1203906387090683 0.8754239529371262 0 4.570194751024246 0.3517156094312668 0.3916709497570992 0 0 0 0 9.768435314297676 0.5139045640826225 0 1.555739253759384 2.680781096220016 9.375118777155876 5.732935100793839 4.409713886678219 0.2838417142629623 5.494907632470131 0.5278076678514481 0.1679857224225998 0.7265149056911469 0.08896888792514801 0.1279451698064804 0.8253566324710846 0 0 0.1908753886818886 0 0.1242496371269226 0 0.1353967487812042 0 0.09119545668363571 5.564463548362255 1.710525125265121 0 0.5368606597185135 1.257499270141125 0.1353880912065506 0.156694084405899 0.9913041442632675 0.3768783807754517 1.474543005228043 4.833684116601944 0.5756607055664062 5.209526479244232 4.208452001214027 12.49503513425589 0.1559043675661087 5.261004611849785 9.73319086432457 7.483028098940849 1.331124983727932 1.18390554189682 0.7871676534414291 0 0 0 0 0 0 0 0 0 0 0 0 0 0 0 0 0.2988966107368469 3.734355837106705 1.327109426259995 0 0 0 1.351250015199184 0 0.8895649388432503 0.537171870470047 0 0 0 0 0 0 0 0 0 0 0 0 0 0 0 0 0 0 0 0.4908902943134308 0 0.2352792173624039 0.6677556037902832 0 1.851885914802551 0.278910905122757 0 0 0 0 0 0 0 1.973020948469639 0 0 0 0 0 0.2561254799365997 0.9703600704669952 0 0.1134336441755295 0 0 0.6650863289833069 0 0 0 0 0 0 0 0 6.658958747982979 3.371654242277145 3.778024919331074 44.90039178729057 0.6718553528189659 40.21217682212591 8.193639397621155 1.056038923561573 3.502055868506432 0.1715796738862991 3.770314835011959 1.501925468444824 0 0.5090866088867188 0 2.74018868803978 0.139568880200386 0.2806722894310951 0 1.235102936625481 0.2086854428052902 9.213233783841133 4.346767693758011
349.2032829448581 2047.846440173686 34.49586234241724 1788.083086445928 243.0004715025425 964.4377653449774 5059.252401307225 5.181260362267494 89.14893133193254 4561.748239837587 61.15805108100176 3600.357393607497 13069.41505154222 1877.309447430074 82.06178298592567 60.08810763061047 2.687068313360214 0.2030156552791595 0.2455590590834618 0.2240113615989685 0.2421550899744034 0.7251989990472794 0 0.1109405383467674 1.082908727228642 0.2977757453918457 1.521523475646973 0 0.701528325676918 0 57.91005322337151 13.65161869674921 260.8642462268472 0.2599896267056465 0.4965591952204704 1.462404385209084 138.8733808621764 20.41237299144268 11.9311655536294 1.699904225766659 0 0.4041517153382301 0.1013161316514015 1.370998434722424 0.3608622550964355 0.5016882419586182 123.7811041846871 1.58954530954361 1.534790478646755 0.4277916550636292 0.9269155561923981 0.4890882074832916 3.153324753046036 0.5110066160559654 3.941405177116394 19.8251253888011 27.94277027249336 218.3242724016309 34.78813169151545 44.60855766385794 0.8508116900920868 11.24506294727325 0.6954656541347504 105.77425737679 7.815763980150223 6.905888915061951 3.815559610724449 0.8861583694815636 0.4856844991445541 0.5015383213758469 440.3415179401636 12.79224359989166 0.1460101306438446 57.28846692293882 94.44693836569786 149.7856709063053 45.68499036878347 28.02356231212616 0.7647721394896507 14.13450760394335 1.472621873021126 2.247554913163185 15.65046901255846 1.800834126770496 3.941705986857414 13.77914287149906 0.3884024322032928 0.1420846432447433 1.322519540786743 0.7244673520326614 0.6110417321324348 0.1844116151332855 0.5531977564096451 0.6806017160415649 0.3006194084882736 1255.495077870786 61.7045833170414 0.6626689881086349 12.81797318160534 235.140924051404 30.56910863518715 45.41544525325298 157.9819217324257 223.9971309602261 84.72002295404673 473.1271538212895 378.1377639472485 293.8697495236993 534.6547555476427 1084.358128882945 32.29602651298046 454.3147915229201 858.532297514379 459.4097013473511 93.59600096195936 13.58894866704941 6.626282311975956 0.9468295574188232 0 0 0 0 0 0 0 0 0 5.471158869564533 0.1662758439779282 2.650369167327881 0 2.63695153594017 0 0.9642996490001678 105.6435262262821 56.52828960120678 0 9.118505895137787 6.865021467208862 73.1815644800663 14.52215634286404 47.37999016791582 26.35458687692881 24.9344390258193 0.651123583316803 0.3328493237495422 0.3723542988300323 3.461160004138947 2.999101042747498 3.303774952888489 0 3.952379919588566 9.990191288292408 0 1.584604397416115 0 3.241197422146797 0 2.859019182622433 0.5484092310070992 3.655211843550205 4.504306137561798 23.60713266581297 7.817729100584984 7.081884071230888 14.45088022947311 9.761146247386932 71.33220615237951 0.7160150706768036 1.918310791254044 0.1345406919717789 0.126519039273262 1.171639829874039 0.4110447764396667 0.2882218137383461 1.071208387613297 99.17871522903442 15.09387445449829 0 0 0 7.231243267655373 9.59422342479229 17.33191365003586 5.804046645760536 22.7767290994525 8.309733517467976 1.637394577264786 3.736480593681335 0 7.427389845252037 0 0 1.764492630958557 0.1122845560312271 0 0 438.1258893013 101.3120397627354 99.5099318921566 885.9657099768519 18.01966481655836 558.762104973197 103.2113020792603 957.3432383462787 36.78818451613188 29.95597653836012 55.82045988738537 100.1720685213804 1.988365203142166 51.20257996767759 19.45519958436489 715.0201852396131 0.8717639222741127 8.758442185819149 6.213777840137482 13.64031200110912 2.146356046199799 2308.668272316456 209.8401026278734
17.27611284703016 1000.14066311717 3476.266885653138 0.3076565861701965 273.907512485981 3.004760406911373 175.4450501054525 2192.839382566512 917.5286087468266 61.15805108100176 1093.830271989107 29.68069532513618 759.1347382366657 7021.548392474651 16.85468980669975 20.98991811275482 2.166042022407055 0 0.1321582645177841 0.2927204221487045 1.090865150094032 0 0 0 10.29211007803679 0.5425262749195099 1.028983235359192 0.2190554365515709 0.8847624883055687 0 54.7599917575717 12.42362236976624 1164.106787346303 0 2.144500516355038 15.21917671710253 223.295952424407 145.859624683857 13.80887956917286 7.04433485865593 2.500880002975464 0.4710426405072212 0.1255521923303604 1.377911403775215 0.4176394194364548 2.186873830854893 14.62321386486292 0.5043061524629593 0.5815740674734116 0.1066379696130753 0.5564662516117096 1.060115292668343 1.100023567676544 0.5031818673014641 0 0.1669103056192398 0.9126670658588409 7.439287431538105 1.440613754093647 1.613366708159447 2.20020254701376 57.88520907610655 1.261680759489536 4.667490385472775 0.08788489550352097 1.261575125157833 0.5417784601449966 0.7211011573672295 1.14879234880209 1.408584259450436 70.94686578214169 5.869037084281445 0.6573040336370468 1.766175262629986 5.782503239810467 9.315323263406754 11.65554723888636 7.615180127322674 30.61940491944551 200.152591124177 0.4671165943145752 38.85314337909222 0.9971771985292435 0 0.1149838268756866 0.6256869658827782 0.1022235080599785 0 0 0.5276673063635826 0.2688527032732964 0.2486921697854996 1.559370025992393 1.289589188992977 0.8816946744918823 19.42490953952074 5.937396056950092 0.3204614073038101 7.117845356464386 5.893105737864971 1.653365686535835 0 2.503956101834774 0.8961180597543716 2.721205070614815 10.31529502570629 1.310810580849648 4.009564906358719 6.575720354914665 12.33784504234791 1.413617461919785 9.684959158301353 14.33567094802856 11.62124077230692 5.8741794526577 0.6097848638892174 0.2135344222187996 0 0 0 0 0 0 0 0 0.2286533340811729 0 0.2156999483704567 0.1011318266391754 0.4593076109886169 0.1213687732815742 0.7741712555289268 0.1255057901144028 0.1897944062948227 6.098457500338554 0.600207082927227 0.104490727186203 0.09840299934148788 0.2093251720070839 4.364230953156948 0 3.614246681332588 1.997935391962528 1.420631371438503 0.1497649699449539 0 0.11686722189188 0 0.1731802076101303 0.09231995046138763 0.5469368547201157 0 0.3471772819757462 0 0 0.1075333952903748 0.5196952745318413 0.6825096234679222 0 0 0 0.2736993506550789 2.379802897572517 0 1.140504941344261 1.096193693578243 0.2101403325796127 7.054008886218071 0 0 0.1407805681228638 0 0 0.1008647680282593 0 0.118712343275547 8.136061750352383 1.802200719714165 0 0 0.1673395335674286 2.77683413028717 1.11731730401516 0.7495347335934639 0.09672795236110687 2.058713592588902 0.3675543144345284 0.4300361350178719 0.9286077544093132 0 0 0 0 0.09201417118310928 0.1191744729876518 0.106080487370491 0 16.81114140152931 11.81380431354046 11.1107691526413 72.75895857065916 2.811015151441097 62.35251549631357 18.26477769762278 4.793968319892883 3.447054743766785 0 4.196518205106258 3.81912924349308 0.1547063440084457 3.659941419959068 1.579655803740025 4.928327992558479 0 0 0 1.065762013196945 0 24.84337354451418 8.303002893924713
8.793235495686531 30.90207441151142 10.59181278198957 1.444380894303322 25.85251469165087 76.07926991581917 96.89338266849518 6.493380844593048 6.655194133520126 3600.357393607497 29.68069532513618 181.9555129557848 1881.232577905059 254.5583741143346 31.71218423545361 50.48777335137129 2.570252284407616 0 0 0.1052693501114845 1.065813690423965 0 0.2178168892860413 0.1660833805799484 0.9454943090677261 0.6408717334270477 0.3397634327411652 0.1027814820408821 0.4622737169265747 0.1001066043972969 0.9933098554611206 0.5430320799350739 132.9403658658266 0 0 0.7609136551618576 199.1294623762369 14.69577863812447 14.12651178240776 1.019688352942467 0.4521855413913727 0.1346913576126099 0.1795743256807327 3.124548055231571 0.8836910724639893 0 18.05275605618954 0 0.2579594776034355 0.125305637717247 0.1184607595205307 0.132945790886879 1.896959885954857 0.8765357285737991 0 0 5.877972394227982 4.660908952355385 1.741882152855396 2.941336929798126 0 3.080520167946815 0.233357310295105 4.423396453261375 0.5882024392485619 0.2498117610812187 0.3891546428203583 0.1427881270647049 0.2707584649324417 0.2842601239681244 292.6851531341672 2.385237716138363 0 1.667436271905899 7.952230364084244 13.31154319643974 14.69732078909874 13.68820553272963 0.08864068239927292 27.4075585603714 0.4085776060819626 2.198738932609558 0.4905982241034508 0.115488775074482 0.1984133422374725 0.3845316469669342 0.2829774022102356 0 1.226871013641357 0 0.2265168353915215 0.103593222796917 0.6351922601461411 0.4050778895616531 0.2615698203444481 790.1636700183153 36.16808541864157 0 11.56404081732035 66.30340365320444 5.132166780531406 8.501377820968628 29.75111536681652 12.96448826789856 18.63077776134014 73.91209188848734 72.04450461268425 71.95215978473425 175.969255939126 251.8231481164694 6.563529953360558 161.5017916038632 296.5660210698843 293.7471017763019 22.92904604226351 2.514546647667885 0.8581994101405144 0.276128351688385 0.2949293479323387 0 0 0 0 0 0 0 0 2.102741569280624 0.1509226560592651 0.556565061211586 0.1634598821401596 0.4964230880141258 0 0.1350891441106796 18.27849254757166 13.56908754259348 0 1.142802476882935 0.112566776573658 15.03218238800764 2.958836585283279 6.406823851168156 2.465918079018593 1.012316435575485 0 0 0 0 0.5324598550796509 1.007837548851967 0.2169447690248489 0.1397073864936829 1.128466412425041 0 0 0 0.2686969861388206 0.09682654589414597 1.229836791753769 0.5237079858779907 0 0.5933514833450317 2.670741684734821 1.125097781419754 0.6923522055149078 1.841310530900955 0.2302104979753494 10.55070124566555 0 0.3520319163799286 0 0 0 0 0 0.1267218142747879 19.90366157889366 4.396109223365784 0 0.4375433027744293 0 0.1742431670427322 0 0.2533747553825378 0.1005319803953171 2.57928553968668 0.9110257923603058 0 0.5279784202575684 0 0 0 0.1556186974048615 0.1268757730722427 0 0.1154868230223656 0.109034538269043 134.3713463842869 13.89948627352715 14.92118004709482 183.856338083744 3.763248845934868 111.9906093403697 39.81055273115635 108.3716466650367 4.346624612808228 2.269343852996826 11.18041162192822 15.05265869945288 0.1585043668746948 6.934855841100216 1.989154621958733 144.8540082871914 0 0 0 7.247486561536789 2.431202590465546 685.232296153903 75.3630643337965
