227.2456304356456 1695.265906713903 159.5074867233634 949.4688881412148 31.28182598948479 83.47407032549381 425.215191796422 163.450376547873 5.217178039252758 684.5658336803317 68.83289452642202 150.0499441698194 62.06591664254665 151.4171749427915 5.939364776015282 2.496561050415039 0.7492041066288948 0 0 0.08368778228759766 0.2055357322096825 0.8747766688466072 0.2823289036750793 0.9982240423560143 1.433675639331341 0.5177408903837204 0.9743654206395149 0.1129601299762726 1.162390597164631 0.345357321202755 980.8889739364386 2.420718781650066 113.0669493153691 0.09257707744836807 0.3901432380080223 1.373967871069908 13.41079158335924 2.349458277225494 4.042038299143314 1.481989741325378 0.6942555084824562 0.5369343012571335 0.2067221626639366 0.3117010444402695 0.4569046571850777 0.1107197552919388 37.36711388081312 9.277372270822525 0.8449169993400574 0.2536233216524124 3.946981221437454 0.1877336353063583 1.185870788991451 0.3401456922292709 14.99249511212111 6.970935627818108 233.2595851048827 1041.133584685624 50.3812568411231 49.2718331515789 0.8513899073004723 7.166941963136196 0.185073509812355 15.76602663844824 9.171979330480099 3.549713484942913 3.640811040997505 2.18383114784956 0.1900665909051895 0.2945474162697792 52.38406307250261 8.745506003499031 0.3243433013558388 341.0274201184511 121.4363321214914 53.55011533945799 7.209274850785732 0.9042026475071907 2.642209358513355 89.2246797978878 0.358642116189003 15.99304703623056 34.22211892902851 0.177613265812397 6.167770057916641 6.771680541336536 3.173730745911598 0.8330653011798859 3.192068196833134 0.5980257615447044 2.328645475208759 1.169046558439732 1.687457703053951 2.377597466111183 1.916996456682682 83.37256006896496 11.75806779414415 1.003527663648129 11.17178469151258 1093.92035266012 0.1846392303705215 9.709662020206451 5.894512534141541 7.421845324337482 0.1974817514419556 19.29422503709793 3.05347603559494 12.57683825492859 16.40767376124859 7.37175190448761 16.32109668850899 10.2696667984128 13.16009527444839 3.557505391538143 2.413552179932594 0 0.1638263761997223 0 0 0 0 0 0.1072627976536751 0 0 0.100936233997345 0 0.3939813673496246 0 0 0.1061272621154785 0.4168170541524887 0.09302204847335815 0 1.269545048475266 1.17601215839386 0 0.4621005356311798 0 3.451114475727081 0.5763610750436783 0.941990464925766 1.965609297156334 0.5611321032047272 0 0 0 0 0 0.3794416785240173 0 0 0 0 0.095074363052845 0.1477402299642563 0.6146087273955345 0.1864379644393921 0 0.4074006378650665 0 0.3076313436031342 1.332159087061882 1.561702571809292 0 0 1.309371620416641 0 0 0 0 0 0 0 0.08861047774553299 0 2.861967019736767 0.3992763459682465 0 0 0 6.604818530380726 0.2193122059106827 0.5807555615901947 0.4057332873344421 0.4393410086631775 0 0 0 0 0.09537159651517868 0 0 0 0.1120818182826042 0.08228214085102081 0 5.685565739870071 2.276284247636795 1.426663175225258 268.825792491436 14.27025774866343 210.8263067305088 47.17896919697523 949.3538464903831 27.49114068597555 7.534829445183277 2.499703802168369 63.84153827279806 3.009985007345676 2.362030424177647 0.2159655690193176 74.85241107642651 0.7540846094489098 0.7362781465053558 0 20.22359316796064 0.9704670608043671 342.9645861163735 6.424598306417465
1695.265906713903 1824.048345148563 890.4815634042025 1129.1163649261 2330.389235116541 62.07842905819416 3297.443208895624 186.0257758945227 1998.807440981269 1285.052551172674 1770.485184103251 82.71172926574945 383.0661828815937 2529.702050328255 28.08797900378704 6.857016280293465 2.292098663747311 0.2726790532469749 0.2789105251431465 0.3550777360796928 0.208338774740696 0.378166638314724 0.4911955595016479 0.9057238176465034 1.956912592053413 0.549496054649353 1.015865214169025 0.2755550742149353 0.6317779719829559 0.7784809768199921 2096.221051588655 22.00694618374109 107.0987453013659 0.0872800201177597 0 1.554124072194099 12.05098693817854 3.283531345427036 3.757351338863373 1.136288240551949 0.3212151601910591 1.231937512755394 0.292614720761776 1.02439808100462 0.1865799203515053 0.6744665056467056 140.5748384222388 22.26648431271315 1.410483174026012 1.095052406191826 5.988076746463776 0.3159998133778572 0.3033481538295746 0.4887981787323952 22.3385394141078 12.21660692244768 129.6388974040747 794.7553219050169 43.10562639683485 103.5463909804821 1.561893947422504 8.992081254720688 0.08268154412508011 91.26086706668139 18.36030104756355 6.307214982807636 9.772071525454521 3.059956833720207 1.441602542996407 0.3843438923358917 59.8426853492856 3.520972535014153 0.5461281836032867 562.9667152687907 478.4143287092447 233.9389951899648 53.80197890847921 2.250913977622986 2.47710046172142 62.64951975643635 1.060589775443077 8.064064770936966 59.31333881616592 0.665685348212719 12.69786793738604 11.14808534085751 8.636119358241558 0.7739327251911163 6.817307732999325 0.7249530702829361 5.896655790507793 1.580412603914738 1.685914717614651 4.176646709442139 4.33971693366766 36.95358521491289 7.38410747051239 0.2047403827309608 8.557106271386147 414.4591217786074 0.9269756972789764 4.23631826043129 2.857879765331745 3.876304998993874 0.3403535187244415 9.122127570211887 0.7371002733707428 6.072503305971622 9.996996581554413 5.792231328785419 8.419263035058975 4.119474589824677 7.627684034407139 2.295141935348511 5.684266895055771 0 0 0 0 0 0 0 0 0 0 0 0.3323876261711121 0 0 0 0.09888146817684174 0 0 0 0.3199899196624756 0.7109667360782623 0 0.3563497364521027 0.163646936416626 3.478859610855579 1.566748507320881 2.743010804057121 1.937114663422108 1.207247979938984 0 0 0 0 0 0 0 0 0.2751745283603668 0 0 0 0.6910031512379646 0.1089058369398117 0.09420022368431091 0 0 0 0 0.1250808089971542 0 0.4713654667139053 2.801711738109589 0.1518571525812149 0 0.1131161823868752 0 0 0 0 0 0.3351483345031738 4.223044350743294 0.09633301943540573 0 0.09109785407781601 0 4.138347953557968 0.3578901290893555 1.977737233042717 0.3773780465126038 0 0 0 0 0 0.09008374810218811 0 0.09604138880968094 0.3244174793362617 0.08723955601453781 0 0 4.002959311008453 2.119858309626579 1.919561438262463 257.6781637519598 32.40937223285437 595.0456219762564 101.0924543365836 491.2269666567445 66.18915808945894 8.329830639064312 25.74427969008684 40.24536407738924 1.345391549170017 0.8314265608787537 0.489724263548851 35.49330951273441 0.3344221860170364 0.20806485414505 0.2415422201156616 39.74859548360109 2.873914763331413 295.7807550653815 5.912158042192459
159.5074867233634 890.4815634042025 604.1978583410382 0.7227316275238991 1009.909778431058 0.5033432841300964 152.0742078572512 2870.795939363539 748.6802464947104 4.044330328702927 1402.215389825404 15.1510027423501 79.94268168509007 2390.457794182003 27.58701837807894 25.42270556092262 4.140543162822723 0.7139951437711716 0.1846639364957809 0.8697878643870354 6.77407319098711 4.357884429395199 10.5011919438839 15.17499835789204 16.25557179003954 3.438323631882668 15.00586763769388 2.893136262893677 5.745964087545872 6.381077647209167 3056.260905086994 453.4491315111518 547.9034758508205 0.3432515785098076 11.35743647068739 17.02928738296032 58.74597531557083 24.88466660678387 29.6015558168292 19.4527588263154 11.95725783705711 7.460641793906689 1.610550165176392 2.656955979764462 0.7966742217540741 1.154812164604664 40.90184992551804 4.350934594869614 3.461155027151108 2.201520510017872 4.373435355722904 2.147875435650349 3.857101686298847 5.843015320599079 5.486638359725475 2.510745316743851 49.69586942344904 639.3251227736473 15.23190359771252 25.1849258095026 19.12279084324837 86.09115566313267 3.93670466542244 505.3498874977231 4.268582999706268 3.200972877442837 3.042976953089237 2.156267635524273 3.884165100753307 16.36860247701406 181.7094061225653 3.129387892782688 0 198.2764783725142 242.3452541083097 91.77108041197062 102.989785566926 12.07407587021589 195.9622213169932 913.6843079179525 10.31562224775553 349.82961910218 18.69276148080826 0.1980810090899467 2.984142772853374 4.009639956057072 4.17998306453228 0.1701296418905258 1.728542812168598 0.4739531353116035 4.117187663912773 1.047115035355091 21.39962900429964 15.4410689547658 6.474469564855099 13.10119082033634 4.428182050585747 0.7688814550638199 39.85676498711109 127.2716809138656 0.1351956427097321 0.3672721982002258 0 0 0 0.4546060860157013 0 0 0.6340561434626579 0.148255467414856 0.4361026883125305 2.019208021461964 0.76459851115942 0.5019273310899734 1.040712088346481 0.4097137451171875 0.1964989304542542 0 0 0 0 0 0.4342819526791573 0 0.1230878904461861 1.000813446938992 0 1.183466963469982 0.1000907272100449 0.1282160580158234 1.725796788930893 0.329132117331028 1.214588314294815 0.210820846259594 0 0.1554433256387711 0.1487308293581009 0.32733154296875 0.4877674877643585 1.22076141089201 0.5322713106870651 0.7081140875816345 3.86911778151989 2.450515761971474 0.3482512086629868 0.5132762566208839 0 0 0.1288839876651764 0.2359078899025917 0.1477745026350021 0 0 0 0 0.8907038345932961 2.105588383972645 1.001054257154465 0 0 0 0.7024694085121155 0.3546453341841698 0 0 0.2333264052867889 0 0.4377921968698502 0 0 0 0 0 0 0 0.5923684611916542 0.9769609719514847 2.08486333489418 0 0 0.5443586185574532 1.255815133452415 0 0.6140550598502159 0 0 0 0.2856624722480774 0.151955857872963 0 0 0 0 0 0 0.6044402346014977 0.1116154491901398 0.52110955119133 0.5606924518942833 3.289277777075768 121.4174310192466 19.20942470431328 152.7822827994823 34.36954264342785 33.32958261668682 16.42467161267996 1.726082727313042 4.453458540141582 5.252359017729759 0.6709651350975037 0.5405003055930138 0.4596278592944145 2.06979101151228 0 0.2677216827869415 0 20.56365510821342 1.284640416502953 46.58406968414783 1.105143174529076
949.4688881412148 1129.1163649261 0.7227316275238991 504.2795864641666 7.050406664609909 131.2249989509583 591.7823958545923 0.2617330327630043 1.36093807220459 1791.373213812709 0.2899944186210632 793.9047500342131 308.5995130389929 45.13589990884066 0.436072513461113 0.107776902616024 0.09547109156847 0 0 0 0 0 0 0 0 0 0 0.1919542253017426 0 0 93.60922381281853 0.1984088569879532 1.41818468272686 0 0 0 0.3273772597312927 0 0.114944614470005 0 0.1078824549913406 0 0 0 0 0 8.583107128739357 1.762687720358372 0 0 0.7942376658320427 0.09479258209466934 0 0.1286841481924057 2.722302682697773 1.752915717661381 49.40676937252283 132.7899682447314 9.24363286793232 11.18469387292862 0 0 0 0.4419163390994072 1.621680192649364 0.2423173263669014 0.7258702293038368 0.08579203486442566 0.1224964484572411 0 6.546361558139324 4.116783931851387 0.3507298976182938 72.49983891844749 22.21587060391903 12.14633129537106 0.8075186461210251 0.1124219745397568 0 0.1225454956293106 0 0.08051581680774689 5.916136123239994 0 0.8037476316094398 1.023293770849705 0.5757544040679932 0 0.1107164323329926 0 0.4268235638737679 0.2183353751897812 0 0.3580331206321716 0 65.54733999073505 5.350665591657162 0.5410690605640411 0.922724537551403 535.0149068757892 0.3521550595760345 5.253336682915688 5.819896541535854 4.341283947229385 0.5351909399032593 3.659605018794537 3.002400517463684 6.500180765986443 9.778018027544022 3.725395664572716 7.213676437735558 4.743260070681572 7.220315180718899 0.4662695005536079 2.136084392666817 0.1159608736634254 0 0 0 0 0 0 0 0 0 0 0 0 0 0 0 0 0 0.1987132132053375 0 0.6414497643709183 0 0 0 1.660217121243477 0.3136094808578491 1.093311339616776 0 0.6099615842103958 0 0.5213692188262939 0 0 0 0 0 0 0 0 0 0 0 0 0 0 0 0 0.2678316235542297 0.1437279731035233 0 0 1.069180428981781 0 0 0 0 0 0 0 0 0 1.786549210548401 0 0 0 0 2.526469305157661 0 0.3961474597454071 0 0 0.4276238083839417 0 0 0 0 0 0 0 0 0 0 3.263218373060226 0.184606060385704 0.2874027788639069 102.0983211770654 4.888474725186825 46.63000836223364 7.52419825643301 583.8160962313414 8.225815907120705 2.304923415184021 1.360503159463406 37.30263890326023 0.08213376998901367 0.2056550234556198 0.3001800775527954 35.29591935873032 0 0.1093962639570236 0 0.1494413167238235 0 182.9997797012329 2.691204845905304
31.28182598948479 2330.389235116541 1009.909778431058 7.050406664609909 1393.712861202657 1.887543581426144 1048.875078573823 63.19813337177038 2671.791949436069 159.4959068670869 1382.774407379329 14.56566939502954 229.7836609110236 2258.130400583148 17.72156062722206 4.405423678457737 1.44692974537611 0 0.08253684639930725 0.1049833744764328 0 0.5831013470888138 0.09770501405000687 0.2023172751069069 0.870466560125351 0.5995444506406784 0 0.109137199819088 0 0.1027441769838333 64.45414896309376 13.12526325136423 8.9300277531147 0 0 0.2275941967964172 3.023112326860428 1.739046461880207 0.2636361122131348 0.4193080812692642 0 0.5563608184456825 0.1330727785825729 0.5678024366497993 0.09422247111797333 0.08351469784975052 60.73687798529863 6.857647970318794 1.846353434026241 0.4989186972379684 1.090064026415348 0.1233907788991928 1.31320658326149 0.07689815014600754 6.09672599285841 3.441144049167633 17.56898058950901 109.8954533785582 10.42820956557989 31.76229482889175 0.3882649913430214 2.120255023241043 0.1000385358929634 31.12799367308617 4.977526165544987 1.452776491641998 2.305191770195961 0.8548490628600121 0.8587792292237282 0.3923229351639748 49.9559373036027 1.134193666279316 0 124.0489797443151 142.5638522803783 96.74939714372158 32.27043682336807 1.241490967571735 0.1134964302182198 5.757370688021183 0.20362488925457 1.960292346775532 11.14124299585819 0.09171953052282333 3.213693886995316 3.663642518222332 2.293899677693844 0.2608945667743683 1.828322470188141 0.2187910154461861 1.520441837608814 0.6190312951803207 0.5249060913920403 0.7178710401058197 0.9176765307784081 85.10598064959049 15.56551002711058 0.7458899617195129 4.792532801628113 6.641114234924316 0.3890182971954346 6.67462033033371 0.5694941282272339 0.6661730706691742 0 9.029959619045258 2.537362143397331 15.67759211361408 6.194467142224312 4.419679313898087 7.629975758492947 12.34401066601276 12.60053227841854 2.978081881999969 5.146674484014511 0.7324010729789734 0 0 0 0 0 0.1552999168634415 0 0 0 0.1201154664158821 0 0 0 0 0 0.4501683115959167 0 0 0.4939656555652618 1.72246715426445 0 0.6632394194602966 0 4.634317308664322 0.3763512969017029 6.157770827412605 1.77520402520895 0.19328972697258 0 0 0 0 0 0 0 0 0.3102215230464935 0 0 0 0 0 0 0 0 0 1.467828571796417 0.4779531806707382 0 0 2.431471183896065 0.4517647922039032 0 0 0 0 0 0 0 0.5635854005813599 5.250228449702263 0.1830092817544937 0 0 0 5.535223588347435 0.5717282891273499 1.307651162147522 0.3375430405139923 0 0 0.2312814444303513 0 0 0.08937104046344757 0.1873375624418259 0 0 0 0.08184835314750671 0 10.44815117120743 2.473896786570549 2.74240206182003 157.560324460268 6.248297661542892 231.2323542311788 48.79813413321972 45.92805622518063 29.1811208948493 1.453277803957462 17.50778030604124 17.56226327270269 0.4509443715214729 2.182131327688694 0.2461934387683868 25.70458367466927 0 0 0 8.762056812644005 1.745627343654633 93.54733209311962 6.422326028347015
83.47407032549381 62.07842905819416 0.5033432841300964 131.2249989509583 1.887543581426144 12.1715097874403 36.23975376784801 0.1169450134038925 1.841382548213005 348.6488476768136 0.7855053544044495 98.06496876478195 51.6216244995594 16.59358059614897 0 0 0 0 0 0 0 2.623297140002251 0.3104528486728668 0 0.1098242178559303 0 0 0 0.2637453451752663 0 18.68054662644863 0.09067722409963608 5.737036004662514 0 0 0 6.990449346601963 0.2222857475280762 3.64976766705513 0.5342529788613319 0 0 0 0 0 0 0.1208327785134315 0.20194973051548 0 0 0.110995315015316 12.50583037734032 3.964856378734112 0 0.1074789464473724 2.769803270697594 126.0861910581589 8.621526263654232 0.7727775350213051 0.2745726630091667 0 0.6289381980895996 0 0 0.08293797075748444 0.1130559146404266 0.2793755754828453 0.1141713261604309 0 0 130.6115207076073 483.2844332680106 27.06240648031235 2.287928432226181 0.3623675107955933 0.7662577480077744 0 0 0 0.2803004682064056 0 0.3294145911931992 0.1221249401569366 2.681382790207863 0.08667174726724625 2.157835207879543 0.09758949279785156 8.363668784499168 5.0176135674119 17.41859241575003 1.526263006031513 5.601227194070816 0.114208348095417 0 1.009428478777409 432.7035486772656 413.9387946724892 65.92179028689861 67.831198759377 383.500071823597 0 2.174279391765594 1.392165049910545 1.082024395465851 0 0.7128125950694084 0.4904253929853439 4.160278633236885 3.675969213247299 2.324998930096626 1.799071252346039 1.285384207963943 2.262273944914341 0.1487463265657425 1.166858643293381 0.1254569739103317 0 0 0 0 0 0 0.2506408169865608 0 0 0.455831341445446 0.2379071712493896 0.217923529446125 0 0.5617910847067833 0.7489059120416641 0.2547386065125465 1.50621484965086 0.6359862461686134 0 0.8949745893478394 0 0 0 0.717309758067131 0.2706546187400818 0.1359951347112656 1.474748909473419 1.065378226339817 0 0 0.1256762593984604 0 0 0.6308426707983017 0 0 0 0 0 0.2296887636184692 2.367323830723763 0.5723651498556137 0.08541958779096603 0 0.0910944864153862 0 1.47988823056221 0 0 0 0.4660044014453888 0 0 0 0.09211783856153488 0.09938952326774597 0 0.1176640316843987 0 0 1.130162827670574 2.698090203106403 0 0.6129722222685814 0.3470148667693138 0.3693507164716721 0 0 0.1577571183443069 0.1176201179623604 0.104688361287117 0 0 0 0.1041084676980972 0.117075577378273 0 0.1150250732898712 0.2173019424080849 0.1657992005348206 0 2.326131373643875 0.5184201449155807 1.116245858371258 40.26815027743578 1.066492065787315 2.285249300301075 0.5954302847385406 161.7121681272984 0.8393388390541077 0.1227578669786453 0 11.9166321605444 0.091651551425457 0 0.1620683968067169 11.71768276393414 0 0 0 0 0 100.5525541454554 5.878088243305683
425.215191796422 3297.443208895624 152.0742078572512 591.7823958545923 1048.875078573823 36.23975376784801 1629.713582500815 40.07201976329088 2132.162177488208 2003.219517536461 775.7949186339974 271.9967344850302 2972.018855705857 3723.578271284699 24.54656807333231 7.806516893208027 0.7728745713829994 0.1081742271780968 0.2825632020831108 0.08474062383174896 0 0.4095832258462906 0.1046246737241745 0.5858946815133095 0.6033514961600304 0.9569884687662125 0.2865456640720367 0 0.503093421459198 0 68.45894883573055 7.797355055809021 19.40539675951004 0 0.2081900089979172 0.2829971760511398 5.046014964580536 1.124444164335728 2.870555102825165 1.846544571220875 0.2367995977401733 0.5895855203270912 0 0.4650727435946465 0 0.180294044315815 89.35323232412338 9.211637638509274 1.496792517602444 0.8017193675041199 2.454014949500561 1.091178044676781 1.343082994222641 1.662688575685024 8.974421441555023 4.48200935870409 27.11946289241314 144.5362814664841 11.985884770751 50.54413553327322 0.6277482956647873 2.28216028213501 0 31.78068735450506 7.227513708174229 2.217968612909317 3.72093640267849 1.689031571149826 0.5949215814471245 0.6035558059811592 79.45282571017742 6.574728742241859 0.7665039971470833 176.2150111719966 173.0918227136135 133.9841378852725 40.95000399649143 1.779445730149746 0.3247975260019302 5.430199541151524 0.7019827514886856 2.388520613312721 17.9041273444891 0.1138017177581787 5.778663113713264 3.80983616784215 3.845153778791428 0.7961263656616211 2.868716195225716 0.6465719491243362 2.161716021597385 0.9701011851429939 1.096477769315243 1.266466282308102 1.294901259243488 222.004003405571 20.8524118065834 2.042242892086506 11.52794051170349 40.13772276043892 0.4857416749000549 8.878323510289192 11.83595310151577 10.10669088363647 1.215829715132713 34.09142107516527 1.806839138269424 24.26111533492804 23.95144367218018 16.57735503464937 23.06316055357456 18.23159052431583 25.79415159672499 16.06061650067568 14.66864366084337 0.1099366247653961 0.5057374835014343 0 0 0 0 0 0 0 0 0 0 0 0.1298838704824448 0 0 0 0.505329355597496 0.2301356494426727 1.270271122455597 4.390904307365417 0 0 0 8.889329165220261 1.85104912519455 7.765448980033398 3.516559563577175 1.011247366666794 0 0 0 0 0 0 0 0.9169526696205139 0.1044517084956169 0 0 0.09371426701545715 0.5880974531173706 0.3802284002304077 0.0908353254199028 0.495154470205307 0.0995597168803215 1.050587542355061 1.730730406939983 1.383336201310158 0 0 8.050250038504601 0 0 0.08481349050998688 0 0 0 0 0 0 12.29501774162054 0.5554336905479431 0 0 0 12.78511680662632 0.221197098493576 3.808605670928955 0.7016107141971588 1.491988360881805 1.543714635074139 0.3900519907474518 0 0 0 0.08267955482006073 0.2644149959087372 0 0 0 0.1300335377454758 17.13601176440716 3.898433655500412 5.381908752024174 241.3306446745992 10.46373409032822 355.1766199246049 68.3720483109355 181.5983651578426 45.35968260467052 3.645969606935978 30.31176465004683 49.5840180888772 0.5957793742418289 5.307777300477028 0.1383072882890701 57.25729965418577 0.7680539488792419 0.4039187282323837 0.1680551022291183 25.49648578464985 2.882230989634991 294.1661235243082 22.98570123314857
163.450376547873 186.0257758945227 2870.795939363539 0.2617330327630043 63.19813337177038 0.1169450134038925 40.07201976329088 1430.168677814305 189.7004728168249 1.052245981991291 1542.893286183476 12.04306361824274 70.20649530738592 1880.766183368862 57.57063732296228 46.2372130304575 7.498666152358055 1.72086127102375 0.297086127102375 2.223690673708916 20.50928005576134 6.689577452838421 27.42687688022852 42.5794925019145 49.84078620374203 9.245803952217102 44.41659881174564 8.328622579574585 9.222279109060764 15.42948612570763 1359.191441655159 2499.735952928662 502.4374914392829 2.746373683214188 44.55238459259272 48.79189275205135 60.02009323984385 55.84836270660162 37.4326035156846 35.16117259114981 34.82853572815657 15.02552834153175 2.6082778647542 4.388189189136028 0.8339486941695213 2.3779072239995 76.18979562819004 4.559911340475082 6.849352799355984 3.177172735333443 7.814256429672241 3.534977428615093 4.831224605441093 9.926141776144505 2.426441974937916 2.032623335719109 19.73920673131943 206.5374567210674 9.274780116975307 25.17731137573719 82.7953415364027 257.5840654671192 9.937815822660923 626.2410716861486 3.994127131998539 3.140980578958988 2.646357133984566 2.594786956906319 5.091916687786579 32.97531355917454 146.9914577975869 3.233990617096424 0.4442774057388306 130.7457268834114 254.3615286722779 173.3622336983681 242.9872487932444 362.6013916730881 1410.309923149645 1248.632129557431 58.13295494765043 1703.857674755156 8.854094438254833 0.104357123374939 3.521472856402397 3.131445452570915 4.063237719237804 0.3752586990594864 1.73674151301384 0.3154692947864532 4.812689483165741 1.404449865221977 46.44037891179323 31.5116932541132 8.366527244448662 10.1580514088273 5.050813227891922 1.589705310761929 28.98655779659748 19.79814359545708 0.1252389997243881 0 0 0 0 0.2215416431427002 0 0.14901103079319 0 0 0.155409961938858 0.5772489905357361 0 0.2537552416324615 0.5807569697499275 0 0 0 0 0 0 0.1162605807185173 0.3784384205937386 0 0.1394420713186264 1.660738758742809 0 1.429801881313324 0.5938240438699722 0.3676255345344543 3.162667594850063 1.335965611040592 1.667131125926971 0.6754897832870483 0.4224818348884583 0 0.3594326376914978 0.4831194281578064 0.9195355251431465 1.09613399207592 0.6625296920537949 2.118252351880074 4.979380011558533 4.653688885271549 1.687359929084778 0.5381530970335007 0 0 0 0.7894269749522209 1.312201343476772 0 0.7416168302297592 0 0.1406079679727554 1.366255037486553 3.663627028465271 2.149333849549294 0 0 0 0.5217247605323792 0.3705528229475021 0 0.2943403422832489 1.262746632099152 0.1184185296297073 0 0 0 0.1097363904118538 0.1180986538529396 0 0.09545356035232544 0 1.354359537363052 1.32721683382988 2.611563786864281 0.1233006045222282 0 1.645979821681976 0.590291827917099 0.2056992501020432 0.4742735326290131 0.1572439223527908 0.08627650141716003 0.3440259695053101 0 0.4029316753149033 0.09515973925590515 0 0 0 0.3796039819717407 0.863734245300293 1.095600843429565 0.229705773293972 0.4003683030605316 1.194013729691505 3.118036106228828 219.6180337294936 41.25347499549389 241.9503160342574 58.87154112011194 30.67085882276297 24.28054047375917 1.721994310617447 20.15206383913755 6.075706087052822 1.674546375870705 0.9647321254014969 0.2839675471186638 2.182043522596359 0 0.1497731655836105 0 32.59784695506096 5.299118787050247 28.0956831201911 0.8465802073478699
5.217178039252758 1998.807440981269 748.6802464947104 1.36093807220459 2671.791949436069 1.841382548213005 2132.162177488208 189.7004728168249 1555.21605104208 54.71819405257702 1552.129655748606 23.58588699996471 1543.384385980666 2560.497392192483 6.633421614766121 2.530623786151409 0 0 0 0 0.1104666739702225 0 0.1537972241640091 0 0.2285805493593216 0 0 0.4901574552059174 0.1689133942127228 0.1391278058290482 7.663186229765415 2.33497966080904 11.3740601092577 0.1073519662022591 0 0.1354752331972122 2.269086249172688 1.192423447966576 0.5895562767982483 0.2374453395605087 0 0 0 0.254958912730217 0 0 13.79021382331848 0.8522100076079369 0.2957936674356461 0.0876300036907196 0.3532527461647987 0.2767667844891548 0 0.09842194616794586 0.5097199454903603 0.4787950962781906 2.746804393827915 13.94362387806177 1.950395859777927 9.151174552738667 0.123912900686264 1.409693174064159 0 5.092283733189106 0.8513918966054916 0.3161555305123329 0.7317795380949974 0.2498275265097618 0 0.2531814277172089 27.89861150085926 1.31548473238945 0.4832134395837784 22.00723117589951 26.08716580271721 24.84320981800556 8.898050233721733 0.978264145553112 0.6573010087013245 5.700191870331764 0 2.401535086333752 2.03213706612587 0 1.072658553719521 0.5377059429883957 0.3226908966898918 0.2684762179851532 0.4130060002207756 0.08088500052690506 0.5358100458979607 0.1224462687969208 0.3207144141197205 0.4368405565619469 0.189944788813591 78.72454996407032 7.480094209313393 0.5331864506006241 2.133693106472492 2.244757771492004 0.100410595536232 1.204013466835022 0.7507373094558716 2.945526421070099 0.3641175329685211 3.383520342409611 0.7873489260673523 10.64900086075068 5.934822358191013 6.679999694228172 11.12008536607027 8.915403701364994 9.293643519282341 4.70651350915432 4.403602227568626 0 0 0 0 0 0 0 0 0 0 0 0.2087216973304749 0 0 0.3428261280059814 0 0 0.578174352645874 0 0.3134182691574097 1.301957830786705 0 0 0 2.696316704154015 0.8932128399610519 2.190080642700195 1.034747064113617 1.521789059042931 0.5336388349533081 0 0 0 0 0 0 0 0 0 0 0 0.6239891052246094 0 0 0 0 0.5500941351056099 1.050816357135773 0 0 0 1.560337550938129 0 0 0 0 0 0 0 0 0 8.976459659636021 0 0.1025479659438133 0 0.108499638736248 3.593982055783272 0 1.490831792354584 0.4945637211203575 1.754055447876453 0.8925763294100761 0 0 0 0 0 0 0 0 0 0 5.764009684324265 0.1168539598584175 2.557759553194046 81.7310868948698 2.222709499299526 55.38675847649574 9.292609505355358 11.51327856630087 8.353364415466785 0.2018564864993095 6.248629674315453 17.51544903218746 0.1393133550882339 0.348012313246727 0.365879625082016 20.46165554225445 1.071701794862747 0 0 5.510843977332115 0 52.35726673156023 3.62598080933094
684.5658336803317 1285.052551172674 4.044330328702927 1791.373213812709 159.4959068670869 348.6488476768136 2003.219517536461 1.052245981991291 54.71819405257702 1658.705252341926 19.91488656401634 1700.571852594614 4663.4057989344 372.3386570215225 4.685275465250015 2.991411633789539 0.1243461519479752 0 0.1140592098236084 0.1025563403964043 0.1339362412691116 3.412418588995934 0.3052117526531219 0.8247432708740234 0.8640017360448837 0.1343020498752594 0.3572391867637634 0.8091446235775948 0.9551699981093407 0.1226360946893692 41.14219113439322 0.1216083541512489 78.57513916492462 0.09955311566591263 0 0.1174017861485481 17.54837813228369 1.606247968971729 3.830799929797649 1.319431707262993 0.2703344374895096 0.1083908453583717 0 0.3482626229524612 0.1712450832128525 0 14.3657381311059 1.716978125274181 0.3380585163831711 0.2229240834712982 0.9942574501037598 5.099276006221771 1.756546080112457 1.51583306491375 1.882897317409515 2.942620746791363 49.70021682232618 67.34001529216766 7.276302419602871 7.931222453713417 0.4495901316404343 2.460046224296093 0.09137332439422607 3.64614175260067 1.381902173161507 0.212463803589344 0.08275260776281357 0.0937015488743782 0.2137974202632904 0.3085070103406906 274.688899345696 109.5842369571328 11.53153149783611 45.41854253411293 27.98642224818468 15.38207223266363 4.053517416119576 0.5597784891724586 0.129083514213562 1.552663311362267 0.2119766399264336 2.411311373114586 4.892588056623936 1.266302362084389 0.6232107654213905 2.623753011226654 0.2508470267057419 4.900938972830772 0.8288411945104599 8.384295932948589 1.221175089478493 1.376354888081551 0.6619495823979378 1.151718467473984 1.435656160116196 878.318314820528 242.6253914237022 23.24045731127262 41.62337540835142 673.7584885135293 1.028196752071381 29.29763501137495 38.27653282135725 39.11043798923492 0.8646682798862457 94.81305373460054 18.40707419067621 91.60904830694199 86.46645803004503 47.25642960518599 58.80024313181639 61.07253108173609 103.2125236541033 26.97793036699295 30.95801845192909 0.5459641292691231 0.3303280770778656 0 0 0 0 0 0 0 0 0.4565115720033646 0.148472860455513 0.3863629773259163 0.6869315132498741 0.79380963742733 0.3651188611984253 0.2812491804361343 0.4489592909812927 0.7609996795654297 4.07154630869627 11.53892359882593 0.1524757444858551 0 0.1237166598439217 13.81499435007572 0.8826252445578575 15.176538169384 2.773033730685711 3.889838241040707 0.2586784958839417 0 0.186173215508461 0 0 0 0 0 1.640307046473026 0 0 0.164571538567543 1.202152580022812 0.3777827620506287 0.2938116490840912 0 0 0.4484849274158478 3.599131487309933 5.21041314303875 0 0 6.519053377211094 0 0.1800651848316193 0 0 0 0 0 0 0.2372080534696579 23.49248666316271 1.266423262655735 0.1051114797592163 0.2449498623609543 0.1869656890630722 29.10992281138897 1.553120642900467 5.682390220463276 1.918150588870049 2.232407338917255 1.384424768388271 0.2832833081483841 0 0 0.08574149012565613 0 0 0 0 0.5709014013409615 0 34.51258347928524 6.238026015460491 6.046552769839764 228.0937810093164 2.843163356184959 57.54002691805363 8.756235085427761 701.373601205647 8.167042963206768 1.22661630064249 2.093716934323311 143.336470246315 0.9034415408968925 5.69672591984272 0.4528419896960258 229.6999585777521 1.373578257858753 0 0 2.611259803175926 0 1098.01099588722 46.72946109622717
68.83289452642202 1770.485184103251 1402.215389825404 0.2899944186210632 1382.774407379329 0.7855053544044495 775.7949186339974 1542.893286183476 1552.129655748606 19.91488656401634 1067.151356704533 20.09558932483196 529.0044165179133 4253.789824187756 12.04945763200521 8.542656525969505 0.3178478702902794 0 0 0.281449943780899 0.2606848105788231 1.615639016032219 1.824913620948792 2.556324124336243 4.521391049027443 1.534552693367004 3.805865935981274 1.159213528037071 2.61211446672678 1.24994845688343 157.6075062900782 33.1194255053997 679.1369983404875 0.1318108290433884 0.9583892673254013 3.773190774023533 70.67035837471485 13.15222169458866 17.51481021940708 7.6312315762043 2.61529890447855 2.394524544477463 0.1841074228286743 0.7175795659422874 0.3035725951194763 0 14.75011476874352 1.556150294840336 1.281849294900894 0.1811195686459541 0.07081003487110138 0.1128353103995323 1.600285299122334 1.546777732670307 0.4558702707290649 0.2480544596910477 3.315772891044617 22.1356341317296 1.496246710419655 4.191653467714787 5.420572698116302 60.28145212680101 0 10.89627689123154 0.8490181490778923 0.5185899063944817 0.4998345673084259 0 0.2213048860430717 0.7042182460427284 192.4743797183037 0.5600160509347916 0.1299426406621933 23.25995817035437 27.54997105896473 30.62906949967146 12.23135609179735 3.010463446378708 91.44597508758307 881.8876599296927 2.272412851452827 200.002427816391 2.384728252887726 0.1786341294646263 0.5945165082812309 0.6775845214724541 0.4906674176454544 0.1827322170138359 0.415778860449791 0.2066527083516121 0.3548339307308197 0.3936575874686241 2.443285003304482 1.602495893836021 1.250970549881458 10.02483378350735 2.640676870942116 0.1145017817616463 26.65651336312294 4.684834815561771 0.4254637956619263 0.1487462818622589 0.1702444702386856 0 0 1.00546669960022 0 0.3208789825439453 0 0.978878989815712 1.116529524326324 0.538718581199646 0.9880987405776978 1.121342360973358 0.3362504467368126 0 0.1793429553508759 0 0 0 0 0 0 0 0 0.4134731292724609 0 0.7141162231564522 0 0.1073983833193779 0.1174816712737083 0.3518021777272224 0.3666164055466652 0.1182344853878021 0 0 0 0.4066702574491501 0.1474477350711823 1.051821254193783 1.132845878601074 0.7265352755784988 0.9785070717334747 1.629072062671185 0.1309187263250351 0.1989807486534119 0 0 0 0 0 0 0.3310224115848541 0 0 0 0.5138890892267227 0.4860121756792068 0 0 0 0 0.2393171340227127 0 0.4373601973056793 0 0.1345544904470444 0 0 0 0 0 0 0 0 0.2182477116584778 0.5686929225921631 0 0 0.08728507161140442 0.1314777731895447 0.7430535182356834 0.4967666417360306 0.9468734338879585 0 0 0.1059798896312714 0 0.1064961031079292 0 0 0 0 0 0.1153454184532166 0.09588927775621414 0 1.013880431652069 0.4282824397087097 1.856706939637661 67.4647209495306 3.161447882652283 59.2703301012516 10.96304058283567 10.53514987975359 6.808020554482937 0.1000354811549187 7.246293656527996 1.572953648865223 0.5015569776296616 1.059570267796516 0 4.170008152723312 0 0 0 9.04324021935463 0 7.760332353413105 2.31268186122179
150.0499441698194 82.71172926574945 15.1510027423501 793.9047500342131 14.56566939502954 98.06496876478195 271.9967344850302 12.04306361824274 23.58588699996471 1700.571852594614 20.09558932483196 287.3406987413764 2029.337231814861 331.3560064658523 12.57495208084583 12.39047581702471 0.7061346918344498 0 0 0.126925140619278 0.6856819465756416 6.375192828476429 3.237237274646759 2.708608262240887 5.399180240929127 1.596892088651657 4.298019155859947 1.643191434442997 2.476866126060486 1.678211189806461 8.617775388062 0.6771349981427193 288.0243295654655 0 0.5971928834915161 2.741160795092583 237.8976396843791 9.082585997879505 19.94246027618647 7.875205561518669 2.362930864095688 1.20959847420454 0.09952259808778763 0.6908650025725365 0.1467671692371368 0.2052434757351875 13.87915194034576 0.6164405271410942 3.196652501821518 0.4835194498300552 1.112404637038708 3.949748329818249 4.448667109012604 4.9604851603508 1.074180461466312 0.8431574478745461 4.904901899397373 8.638148248195648 2.057421483099461 4.143387451767921 1.176478676497936 11.47209108620882 0 2.580027855932713 0.7597323060035706 0.2130951657891273 0.1484232842922211 0.4204340800642967 0.4254122972488403 1.916233651340008 514.564133733511 39.39193344861269 3.92554197460413 13.8393931761384 13.27233024686575 23.63830807060003 8.803913377225399 1.788468152284622 1.314899481832981 13.99934291094542 0.4789499863982201 16.23354766517878 1.718831546604633 0.1156702488660812 0.3943708539009094 0.8556745424866676 0.3120828792452812 1.673494212329388 1.177496269345284 2.138020366430283 1.098096609115601 0.7405235096812248 2.400073826313019 6.758026994764805 2.419877633452415 661.5722112879157 104.9849520847201 9.38669453561306 60.4736313149333 48.4585005491972 1.126961231231689 13.61945501714945 15.59338220208883 13.88388751447201 0.8648733496665955 29.55156634747982 5.715780556201935 52.65678412467241 45.59372738748789 22.85384476929903 45.19885132461786 38.26622527837753 74.53132842481136 16.32332806289196 35.15810523927212 0.4605137854814529 0.3200272023677826 0 0 0 0 0 0.2554510831832886 0.3977554142475128 0.1948069334030151 0.2805959582328796 1.191260665655136 0.9066798016428947 0 0.1478183567523956 1.642105937004089 0.3390818908810616 0.7419214621186256 0.5699552893638611 2.305388182401657 6.984029494225979 0 1.245954990386963 0.6912984251976013 20.64927530288696 3.148284427821636 17.42966074496508 8.470894701778889 4.30123694986105 0.298812061548233 0 0 0.09981542825698853 0 0.5158249661326408 0 0.1061308234930038 1.527036942541599 0.1334660351276398 0.2272803485393524 0 2.248609565198421 0.3923958539962769 0 0 0 0.5579025149345398 3.041431359946728 2.285430707037449 0.2757651805877686 0.3770462870597839 10.63968132436275 0 0.6705712080001831 0 0 0 0 0.1853668391704559 0 0 22.60936234891415 2.695710934698582 0 0 0.1827676668763161 25.85029871761799 1.866873398423195 6.855964846909046 1.465819306671619 2.669659398496151 0.4590456932783127 0.2648636400699615 0.156830906867981 0 0 0 0 0 0.2358630448579788 0 0 31.19622687250376 8.227901577949524 9.163016729056835 211.0906057432294 4.767965413630009 57.7536561191082 18.88635099679232 123.6976010128856 5.818433113396168 0.6084363237023354 5.509485110640526 96.07483000308275 0.2265518754720688 7.643604010343552 1.253379985690117 145.1240648105741 0.9487689658999443 0.1453003138303757 1.218330949544907 12.74392817914486 0.6836895644664764 661.454967699945 33.69164692610502
