1110.19145718962 5309.591092400253 554.5970154702663 1806.801658406854 31.43283194303513 174.2984955012798 178.9927532449365 27.09637763351202 2.553695470094681 355.421363927424 15.57299944758415 56.75846026837826 22.13249439746141 35.50209759920835 0.1505500376224518 0.1913575977087021 0.1135306432843208 0.3999541997909546 0.2330387830734253 0.4856274127960205 3.375581048429012 0.1215381547808647 0.5268734097480774 1.243975400924683 2.260396257042885 4.99798995256424 2.432187967002392 2.385362453758717 0.9316851943731308 2.470993347465992 771.6577634513378 1.694028779864311 12.75621503591537 0.2859997302293777 0.6224013268947601 5.183193370699883 9.467424698174 12.47003255039454 8.119051985442638 6.331914871931076 0 1.059916496276855 0.7866396978497505 0.4245385825634003 0 0 4.732242934405804 1.437666617333889 0.1197951063513756 0.5245764255523682 0.4564635381102562 0.5169904232025146 0.6738942936062813 0.6694310009479523 17.0189203992486 17.34585553407669 405.7517930418253 385.0879878401756 126.9430806785822 18.1715452298522 1.085754983127117 6.300940945744514 0.4913423657417297 0.6100631654262543 9.69235547631979 3.656917035579681 0.9366999492049217 0.6460506021976471 4.986615620553493 2.520302727818489 63.20296896994114 20.36242301762104 2.165780268609524 305.391472324729 3.564912103116512 3.918276250362396 0 0.895036980509758 2.438523203134537 26.72683861851692 2.082851998507977 14.41512025892735 13.17837113887072 2.915864825248718 1.715017549693584 8.662860192358494 1.397227570414543 2.065798789262772 1.654199250042439 1.887097701430321 0.1147370859980583 1.215031698346138 8.142637826502323 1.099317133426666 0.3172664418816566 546.4670282304287 113.4516343027353 1.115768447518349 12.49562130868435 1079.465818308294 0.7538054585456848 6.616670057177544 0.7883493155241013 5.178211197257042 2.568369343876839 1.078579261898994 9.467665418982506 2.848453357815742 18.8072451800108 14.45615443587303 0.3729818165302277 4.327134855091572 19.77811820805073 6.000176057219505 3.42917762696743 0.1626591086387634 0 0 0 0 0.5630501508712769 0 0 0 0 0 0 0 0 0 0 0.1943913102149963 0 0 0.3100920617580414 0.1747666895389557 0.103835441172123 0.395078182220459 0 0.5170846581459045 0 0.7578030899167061 0.1138851493597031 0.1137012168765068 0 0 0.3296632766723633 0 0 0 0 0 0 0 0.2560782134532928 0 0.8199488073587418 0 0.8179716989398003 0.1256348490715027 0 0.2258926406502724 0.09926582872867584 0.8468539714813232 0 0 0.6929411590099335 0 0 0 0 0 0 0 0 0 1.290755189955235 0.5292019844055176 0 0 0 1.264967866241932 2.948414087295532 0.6451429575681686 0.1047124043107033 0 0.2380041927099228 0 0 0 0.2510829567909241 0 0 0.1027632281184196 0 0 0 1.756149001419544 0.3984888270497322 1.235826820135117 156.7695401236415 11.67896065115929 256.009572468698 39.30096953362226 682.9738515093923 60.93607775121927 10.08401937782764 2.677568331360817 9.986151687800884 1.677767716348171 2.028558917343616 0.5472571700811386 23.37955790758133 0.3336710333824158 1.406268179416656 0 3.004644677042961 0.142829492688179 784.3970520719886 35.8818943798542
5309.591092400253 5137.271376043558 2221.526250228286 3857.36155384779 2991.266802817583 137.9145189970732 6854.870505951345 952.2392561510205 975.0688578486443 2170.786109022796 1441.475793272257 61.35872182995081 1121.219524897635 3598.000602729619 17.11753529310226 4.098067976534367 1.012457139790058 0.7317242473363876 0.2951639518141747 1.788158968091011 4.790903173387051 0.6287373006343842 1.63444197177887 2.681863456964493 7.453940950334072 6.426813960075378 0 4.476627573370934 2.046561241149902 2.071893498301506 1504.162229731679 10.72677224874496 173.4225670769811 0.2025207653641701 1.347106225788593 10.57658938318491 75.79396047443151 26.42523651570082 25.79164801537991 22.27693921327591 1.55377633869648 0.3994752690196037 3.997731186449528 1.600746177136898 0.7110288292169571 1.154845684766769 85.72472690045834 12.39672629535198 0.8298677131533623 0.7176754772663116 0.5190307796001434 0 0.888982743024826 0.6662871539592743 74.23260649293661 70.03610183298588 332.8761010020971 554.9166851267219 230.7991829887033 191.4135349094868 2.458588995039463 10.81533596664667 0.9165667295455933 57.86578407883644 54.4361322671175 30.62915203720331 7.749614864587784 6.084370858967304 3.747377708554268 2.22480633854866 62.28672230988741 2.912432879209518 0.1246376782655716 958.5142410025001 218.8841319084167 232.6379679888487 14.88599095493555 2.027181901037693 4.73608310520649 266.1291727274656 3.42980770021677 43.96560245007277 111.385185405612 10.922608114779 26.47174467891455 53.05433786660433 7.737760558724403 3.192483834922314 7.521168977022171 1.554632544517517 1.055569849908352 1.089651860296726 3.235486634075642 2.095479160547256 0.7200959771871567 57.77699870616198 7.850495398044586 0.08580783009529114 16.54818994551897 556.6755477041006 0.2282158881425858 5.193407535552979 3.210309207439423 4.347411334514618 1.809912800788879 3.764702208340168 6.088443033397198 1.257210925221443 42.09094927459955 23.6893759444356 4.979289665818214 10.53287215530872 34.19056805968285 12.59552478790283 12.52626194804907 0.9126715585589409 0.4824939891695976 0.1419390141963959 0 0 0 0 0 0 0 0 0 0.116452269256115 0 0 0 0 0 0 0 0.3826344609260559 0 0.1165975779294968 0.1451465487480164 4.166068606078625 0 8.107928611338139 1.822583958506584 0.3616004139184952 0 0 0.3738777339458466 0 0 0.1905776113271713 0 0.100811667740345 0 0 0 0 0.1614275425672531 0 2.371416419744492 0 0.3130334317684174 0.09121599048376083 0.455143004655838 0.4595822617411613 0.1405641436576843 0 14.20713895559311 0 0 0.3396806567907333 0.1313833296298981 0 0 0 0 0 11.51451028138399 0 0 0 0 11.00881966948509 0.1929055750370026 7.895814962685108 0 0.2245572358369827 0.5662002414464951 0.1081578060984612 0.1599589139223099 0.09964770078659058 2.202331759035587 0 0.121838703751564 0.9808097928762436 0 0 0 4.8177724853158 2.780384629964828 7.217553436756134 1059.641129851341 50.86970054358244 1428.060256242752 121.0600228756666 457.1676290258765 280.0957285091281 20.72789803892374 40.63840440660715 14.88806559145451 2.899079248309135 2.919483870267868 4.026921734213829 27.42417445778847 0 0.9862596988677979 0.4723430275917053 42.12088061869144 0.2790818512439728 478.2556863725185 21.54118262976408
554.5970154702663 2221.526250228286 1519.412347592413 70.16569620370865 1266.11737049371 13.07043059170246 310.2899745851755 5616.531169213355 664.411563038826 74.82625743001699 3220.113600321114 55.49051453173161 292.2400566413999 2439.236515156925 11.72786178439856 2.836840316653252 0.2215251624584198 0.3339279890060425 0 3.631841078400612 7.498462103307247 0.8795123547315598 0.5319972485303879 2.26221040636301 32.22052598744631 25.19462771713734 4.15348319709301 16.87524178624153 13.83554390817881 6.455773413181305 3845.696715816855 1068.935987532139 459.6644734889269 0.07996092736721039 7.393212035298347 34.36783592402935 138.541649505496 140.5618482530117 100.5479752793908 98.06788475066423 0.5528999119997025 3.178094103932381 5.645561695098877 0.9197572469711304 0 0.3216270208358765 30.88609255850315 2.013981766998768 0.6199789121747017 0.2054906263947487 0.9972924962639809 0.5701607689261436 5.330920904874802 6.906614661216736 12.66478188335896 12.40751143544912 83.02944727987051 222.0540767535567 48.14745093137026 42.48606691509485 0.783133752644062 52.05910621583462 1.700657740235329 95.23868229240179 10.97973830997944 5.038160398602486 1.287164621055126 1.18584082275629 5.792482510209084 0.6211702451109886 133.1327499002218 1.40968544781208 0 203.6113742366433 57.4579704105854 61.37895324826241 9.890719711780548 71.40084923803806 90.22572940587997 1941.481593951583 0.2517548650503159 360.4694626703858 20.24329422414303 1.421584643423557 6.045858666300774 8.258247062563896 2.666045635938644 0.5290965512394905 2.857427224516869 0.3631223887205124 0.1888573914766312 0.1368509232997894 8.661445662379265 2.741500869393349 1.75569162517786 7.797745436429977 2.916908964514732 0.484100341796875 35.42771222442389 109.4737006649375 0.1466105133295059 0.4142953157424927 2.094984456896782 0.328125074505806 0.277311846613884 0.5438800603151321 0.5387276411056519 0.118327721953392 5.000400692224503 7.068153589963913 1.240682572126389 1.749226108193398 10.94949158281088 4.835685335099697 4.102419778704643 0.7212272882461548 0.1202265471220016 0 0.2317187786102295 0 0 0 0 0 0 0.3690794110298157 0 0.7675615176558495 0 0 0 0.5064842328429222 0.2632573544979095 0.225963830947876 0 0.6246594488620758 0.1129233464598656 0.3894271478056908 0 1.18256614357233 0.4960827231407166 2.130600869655609 3.249981440603733 1.971583344042301 0 0 0 0 0.1220599710941315 0 0.5234394669532776 0 0 0 0 0 0.8024198710918427 0.8566533923149109 0 0 0 0.2944291830062866 0.4922511652112007 0.2601229473948479 0.6002316623926163 0 4.635881066322327 0 0 0.1209786310791969 0 0 0 0 0 0 4.358007520437241 0.7685114294290543 0 0 0 3.899671457707882 0.3815710842609406 3.354403845965862 0 0.3206792026758194 0.126694530248642 0 0 0 0.385031446814537 0.09615326672792435 0 0.2898236289620399 0.4866553843021393 0 0 1.537722118198872 1.321204759180546 4.10464383661747 204.6960412114859 14.55086270719767 229.8248357325792 29.07882901281118 43.89468435198069 31.5627741292119 4.180163681507111 6.581331342458725 2.54340335726738 0.6666459888219833 0.6092967987060547 0.9677230715751648 5.56619855761528 0 0.1910018995404243 2.375805005431175 5.490452103316784 0.1666298359632492 65.36408724635839 3.389231078326702
1806.801658406854 3857.36155384779 70.16569620370865 729.4636508151889 40.89426857233047 257.2886459082365 1595.927849531174 2.22804619371891 1.410055726766586 2838.13531229645 4.000491544604301 33.52588877081871 62.85834954679012 58.85569010674953 0.8052468150854111 0.2649342939257622 0 0.1061279699206352 0 0 0.09238570183515549 0.1646889448165894 0 0.1190558895468712 0.1074464917182922 0 0.08703520148992538 0.09901038557291031 0 0 57.56148570030928 0 7.053651213645935 0 0 0 4.402649834752083 0.7247719764709473 2.389500051736832 0.1594686061143875 0.1031890958547592 0 0.1019329056143761 0 0 0 8.104969471693039 2.928933553397655 0 0 0.1189146786928177 0.6109698265790939 0 0.1056467890739441 20.38980717211962 21.42341293394566 105.3812076076865 65.49052059650421 78.55872479826212 33.98544383049011 0.2277993783354759 1.718330070376396 0 0.9841210171580315 12.96379412710667 6.223476067185402 1.164432592689991 1.109999045729637 0.264122486114502 0.4541049599647522 34.20168390870094 17.06458880007267 1.715914323925972 250.5477305948734 14.7848095074296 20.85430832952261 0.6751264780759811 1.296061500906944 0 2.566106930375099 0.2851762548089027 1.380904883146286 30.25082586705685 4.331463821232319 4.283689111471176 13.13675013184547 1.235431537032127 1.443122163414955 2.343420505523682 3.699928343296051 0.5288253650069237 0.9489793032407761 0.1985195428133011 0.144888237118721 0.1611169576644897 164.6081984937191 47.28839980065823 1.277454659342766 9.930776558816433 229.2300653085113 0.4724278748035431 9.527900874614716 3.490316435694695 11.15473920106888 0.1789067685604095 1.565730571746826 15.45593540370464 3.575474247336388 36.78429137170315 32.21512942016125 1.278198316693306 9.160726822912693 29.41880767792463 8.347382970154285 5.050395950675011 0 0 0 0 0 0 0 0 0 0 0 0 0 0 0 0 0 0 0 0.5144986510276794 0 0 0 0 0.865349069237709 0 0.442513033747673 0 0.1407791078090668 0 0 0 0 0 0 0 0 0 0 0 0 0 0 0.8506848439574242 0 0.1924625039100647 0.2252800166606903 0.2031076848506927 3.007574468851089 0 0 0.8304160386323929 0 0 0 0 0 0 0.0940234586596489 0 0 1.15321934223175 0 0 0 0 1.669168815016747 0 0.6290820389986038 0 0 0 0 0 0.2144785076379776 1.10786809027195 0 0 0.09175333380699158 0 0 0 3.041007712483406 0.2348779812455177 1.205811493098736 272.8995854407549 13.1126172542572 418.3983820229769 31.56785000115633 602.3384200558066 67.59529109299183 8.406848713755608 7.070578336715698 27.9345066845417 1.112859576940536 1.050975665450096 0.4303465858101845 46.8935990780592 0 0.3303332552313805 0 6.117451727390289 0.2140269726514816 711.1384438201785 51.96397361159325
31.43283194303513 2991.266802817583 1266.11737049371 40.89426857233047 1430.146577209234 2.444910436868668 2277.13381177187 1086.94474375993 5563.958551868796 833.4714923873544 1493.150008246303 16.39314997941256 800.604618370533 2872.67027258873 23.15489859879017 1.275321327149868 1.619358256459236 0.5810342654585838 0.103729359805584 0.2743706032633781 0.2315153479576111 0 0.1094212383031845 0.3746573477983475 0.1487098038196564 0.1127854362130165 0 0.3008311688899994 0 0 54.55460888147354 2.593388274312019 31.32845213264227 0 0 0.2565905675292015 7.836108416318893 0.4772148132324219 1.437221020460129 1.613970682024956 0 0.3942064344882965 0.1113840565085411 0.7368838787078857 0.07319128513336182 0.2158823013305664 68.98053192347288 6.784895345568657 0.3199213221669197 0.3646620139479637 0.5726599469780922 0.1209212467074394 0 0.3371632099151611 7.950526215136051 7.710825137794018 31.17216166108847 82.06345480680466 31.38901341706514 90.69411712139845 0.1582089960575104 3.065135009586811 0 24.92513971030712 10.87798707187176 6.888329401612282 1.818625099956989 2.366151869297028 0.1031147912144661 0 16.3724368289113 0 0 182.8752103298903 133.1645473912358 191.6078842580318 26.81418619304895 3.472789749503136 0 11.73154920339584 0.9267437309026718 9.156647153198719 28.01047629117966 0.6935800239443779 8.577668651938438 9.749837391078472 2.317056722939014 0.605090506374836 2.168986603617668 0 0.2603839114308357 0.4712326228618622 0 0.1090503111481667 0.5987694337964058 10.90782952308655 1.507588103413582 0 1.006483353674412 8.214266821742058 1.888920299708843 1.795508429408073 2.837124548852444 1.977485463023186 4.372751176357269 2.395915746688843 1.757946111261845 2.938115991652012 18.8473692163825 16.42718973755836 4.309939593076706 5.832422114908695 38.1246028393507 11.04005263745785 19.97291104495525 1.267472870647907 0.1144687533378601 0 0 0 0 0 0 0 0 0 0 0 0 0 0 0 0 0 0.7119811922311783 0.6809816733002663 0 0.8271917104721069 0 7.45329837501049 0.7807322517037392 8.3774304240942 0.9466485679149628 0.4487196505069733 0 0 0 0 0.107216514647007 0.2815457582473755 0 0.220771536231041 0.6911494955420494 0 0 0 0.139180526137352 0 0.3920355960726738 0 0 0.208623118698597 0.09820953011512756 0.4735015779733658 0 0.1222763359546661 23.62233590334654 0.4642847776412964 0 0 0 0.09699396789073944 0 0 0 0 13.29278840869665 0.2826023623347282 0 0 0 15.7100286334753 3.018243670463562 15.45187510550022 0 0.4761143177747726 0.7568170130252838 0.1398548632860184 0.0919535830616951 0 0.3791311979293823 0.1020041704177856 0 0.4692124873399734 0 0 0 4.557879485189915 3.981633894145489 13.16087234020233 523.580525316298 18.31386987119913 448.4965174719691 45.5075548440218 33.47666752338409 104.3653373941779 2.804448679089546 22.56859926134348 10.9086767360568 0.1007675230503082 2.663470052182674 1.459144979715347 10.55888278782368 0.1908709853887558 0.1304100155830383 0 16.54158272594213 0.5293671190738678 52.07448557764292 7.997275233268738
174.2984955012798 137.9145189970732 13.07043059170246 257.2886459082365 2.444910436868668 7.245883330702782 29.49433708190918 3.066901534795761 0 368.2935923933983 5.587431132793427 235.3454231321812 115.8558002114296 13.36482428014278 0.280958890914917 0.1528944969177246 0 0 0 0 0.1052487939596176 0.9744757413864136 0 0 0.1833906471729279 0 0 0 0.3573389053344727 0 125.0242568403482 0 33.85268534719944 0 0 0.5337521433830261 39.67096741497517 2.663407370448112 12.39509588479996 1.16472102701664 0 0.1491412967443466 0 0.4602517485618591 0 0 1.085530132055283 0 0 0 0.1235591098666191 22.35914149880409 1.288707047700882 0.3038896173238754 0.3087972551584244 3.054640933871269 51.769476339221 12.41098686307669 6.855630323290825 1.292818807065487 0 8.090239137411118 0 0 0.368670679628849 0.1091657429933548 0.1758635342121124 0.2251622825860977 0 0 260.1234443336725 334.6794434562325 44.19443348795176 18.91855000704527 0.3674114719033241 1.276018775999546 0.4111224412918091 0 0.1945678740739822 7.036663681268692 0 5.111867196857929 1.021237216889858 2.41603247076273 0.2361108213663101 1.609114944934845 0 16.4757344648242 7.027607657015324 54.90849190950394 1.851482316851616 13.79742676019669 0 0 4.242642551660538 551.9244156628847 337.153651252389 19.01846083253622 75.5537123978138 132.9232773780823 0 1.369825899600983 0.6791479885578156 0.3795588910579681 0 0.5364356338977814 3.499721005558968 0 4.993344038724899 3.909108504652977 0.2721174210309982 1.291150018572807 4.584828078746796 1.374275669455528 1.337996795773506 0.0958738774061203 0 0 0 0 0 0 0 0.147266611456871 0 0 0 0.376042976975441 0 0.1422382146120071 0 0.1811764091253281 0.6976229548454285 0.1316398978233337 0 0 0 0 0 0.532292939722538 0.1076536849141121 1.25610838830471 0.4881320223212242 0.1489105969667435 0 0 0 0 0 0 0 0 0.1341945976018906 0 0 0 0.2456031367182732 0 0 0 0 0 0.08669014275074005 0 0 0 1.265052124857903 0 0 0 0 0 0 0.2076815366744995 0 0.1597274839878082 0.8992288708686829 0.3199515342712402 0.313907578587532 0.2318965345621109 0 0.1838911175727844 0 0 0 0 0 0.1580259799957275 0.1214561238884926 0 0 0.2870399355888367 0.1118235141038895 0.3657084628939629 0.3051611110568047 0 0 0.3199966549873352 0.1073923707008362 0.6827416643500328 25.96714731305838 2.519468568265438 22.52927443385124 2.470864340662956 98.81178254634142 4.694226443767548 0.2181424349546432 0.284135103225708 5.234813570976257 0 0.1134689301252365 0.1758779138326645 9.63411021232605 0 0.1335911452770233 0 0.2395670264959335 0.5000601559877396 118.0073770210147 10.77159631252289
178.9927532449365 6854.870505951345 310.2899745851755 1595.927849531174 2277.13381177187 29.49433708190918 746.530978359282 105.0273790434003 1958.500843569636 4092.801956668496 1382.106087565422 82.02393377572298 4304.131450600922 3360.511182159185 28.95862612128258 3.089450985193253 0.8143539577722549 0.2236364111304283 0.2390071675181389 0 0.1030301004648209 0 0.1151986420154572 0.1752444803714752 0.5685708224773407 0.44983971118927 0 0.351271852850914 0.5612342953681946 0.3206608891487122 65.78767598420382 1.113237880170345 76.36876031011343 0 0.07708952575922012 0.2731591984629631 25.80662168562412 2.200334623456001 3.956571996212006 4.868902936577797 0 0.1033134460449219 0.06874170154333115 1.614641912281513 0.09160789847373962 1.105310700833797 99.83887211233377 10.73915299028158 0.08300277590751648 0.1812430322170258 0.176792673766613 0.432866245508194 0 0.2857524007558823 26.04725356400013 23.64364595711231 66.8722485601902 118.7683124467731 78.43425561487675 140.5852207764983 2.20011817663908 10.1027594357729 0 32.47061216086149 25.47019511461258 13.16087415069342 3.924390628933907 3.626208633184433 0.4277607798576355 0.2173295244574547 48.00974409282207 5.791584104299545 0.126569077372551 350.3741972371936 169.0847252011299 255.3123098909855 26.090003490448 4.74129630625248 0.2951430827379227 22.6750141903758 1.362557016313076 18.78295531868935 53.69815630465746 2.935384839773178 14.23277002573013 18.95077397674322 3.453047201037407 1.487334400415421 3.630197197198868 1.045096851885319 0.3963741734623909 0.7300552353262901 0 0.3483598679304123 1.151986889541149 82.15072537958622 9.967611476778984 0 5.564371287822723 36.73058592528105 1.660382404923439 9.801789447665215 7.247202277183533 4.018584579229355 6.538814857602119 7.460405543446541 9.76162164658308 8.389878705143929 85.49026537686586 45.84492601454258 9.754070088267326 20.57420240342617 90.41773620992899 24.2319455742836 41.10427036881447 2.413963422179222 0.2285875231027603 0 0.4888076484203339 0 0 0 0 0 0 0 0 0 0 0 0 0 0 0 1.931037425994873 0.4164796695113182 0 0 0 17.13744989037514 1.057300984859467 24.21619258821011 1.870802730321884 0.8472346067428589 0 0 0 0 0 2.093356668949127 0 0.1237409114837646 1.332361131906509 0 0 0 0 0 0.4577459841966629 0 0.2163761407136917 0 0.7068910822272301 1.642219096422195 0.613566517829895 2.441793620586395 35.42495546489954 0.111995093524456 0.278742641210556 0 0.1050813272595406 0 0 0 0 0 26.21774718910456 0 0.1272513866424561 0 0.1054116562008858 30.00924730300903 2.137655824422836 29.09278776496649 0.7429185584187508 2.773843333125114 0.4583118706941605 0 0.1302442997694016 0 0.2626090347766876 0 0 0.1097196415066719 0 0 0 11.35420802980661 8.16319664567709 24.8194979056716 1028.662973091006 26.72705863416195 931.8686804994941 87.01106545329094 211.2301901504397 240.3852998763323 7.161246709525585 46.49189426004887 24.93113958090544 0.5233335196971893 8.751284748315811 2.12880665063858 47.5090272501111 0.9010733515024185 1.01033179461956 0.6324698030948639 129.6105752587318 1.139601930975914 286.1671103909612 34.11847561597824
27.09637763351202 952.2392561510205 5616.531169213355 2.22804619371891 1086.94474375993 3.066901534795761 105.0273790434003 2035.966427177191 483.5415599942207 23.60989257693291 4088.500819072127 40.63965100049973 146.5028119683266 2001.116165712476 14.31826047599316 1.501450411975384 0 1.812868475914001 0 1.620110765099525 18.1854188516736 2.577041685581207 3.594159379601479 3.800146237015724 43.15293999016285 32.73691566288471 5.498425930738449 19.04936158657074 17.94050954282284 11.29448480159044 1288.564613051713 1004.706804201007 375.3398071229458 0.3073404133319855 8.285167440772057 74.14915079623461 118.9148633480072 196.5734580904245 100.3150695711374 134.3390432223678 2.934577539563179 2.829632222652435 4.785974681377411 1.487833008170128 0.0809214785695076 1.046075828373432 37.10718905180693 1.730580575764179 1.480699345469475 1.053374364972115 0.4020510762929916 0.8681736439466476 2.82674565911293 9.827173121273518 5.989903792738914 3.938549123704433 22.33973971009254 70.45561943203211 15.14360783994198 51.28391075879335 15.78546513617039 158.9001598060131 5.307918384671211 70.85012545436621 4.375725947320461 2.69149474799633 0.6159133017063141 1.778158344328403 6.959522224962711 6.479971669614315 92.82215805351734 0.7232129275798798 0 106.7526577860117 89.82976818829775 125.0057416707277 22.85578848421574 176.4500430822372 1913.524262666702 3074.148873396218 26.69002916663885 1263.45717869699 10.84127961099148 0.5389659777283669 2.600014209747314 2.74075186252594 1.640931904315948 0.1024668142199516 0.5970754697918892 0 0 0.1058758199214935 8.804497800767422 2.243101932108402 1.321918211877346 1.329553782939911 0.615357294678688 0 42.37569208443165 16.92180080711842 0 0 0 0.3105053901672363 0 0 0 0 2.081277005374432 4.922411166131496 1.4583690315485 0.499667301774025 3.719883695244789 1.209859721362591 2.100646644830704 0.2320159077644348 0 0 0 0 0 0 0 0 0 0 0 0.7834924086928368 0 0.1098002940416336 0.3368443325161934 0.3793578520417213 0.154951810836792 0.1248290985822678 0 0 0.1918705850839615 0.6306877434253693 0.341721847653389 0.5705874562263489 1.1759352684021 1.292109981179237 1.348589405417442 1.417574025690556 0.806699275970459 0 0.1037856563925743 0 0 0.4252226203680038 0 0 0.09604615718126297 0 0 0.9924989342689514 0.8385821059346199 0.918943002820015 0.1178067475557327 0 0.09039023518562317 0 0.0935959592461586 0 0 0 2.683599390089512 0 0 0 0 0 0.1615118086338043 0 0 0.2372960299253464 1.986422009766102 0.3431598693132401 0 0 0 0.9784787967801094 0 0.5825840830802917 0 0 0 0 0 0 0 0 0 0.2029175460338593 0 0 0.1614869385957718 0.6513036489486694 0.8356408774852753 1.645473442971706 119.4680171310902 11.09664199501276 201.4857066199183 21.77307749539614 6.910226374864578 36.04951863735914 0.6541666239500046 7.608714148402214 4.649054005742073 0 1.8155752196908 0.4905835539102554 3.313152894377708 0 0.09463159739971161 0 6.053813681006432 0 23.38160018622875 1.310025155544281
2.553695470094681 975.0688578486443 664.411563038826 1.410055726766586 5563.958551868796 0 1958.500843569636 483.5415599942207 1074.698786854744 68.390152156353 1572.980053916574 4.48092295229435 688.9001993685961 3205.205951929092 1.287183366715908 0 0 0 0 0 0 0 0 0 0 0 0 0 0 0 1.014113433659077 0 10.10448029637337 0 0 0 2.635701194405556 0 0.4019054174423218 0 0 0 0 0.1725484728813171 0 0 3.821573376655579 0.2035520821809769 0 0 0 0 0 0 0.3128367960453033 0 0.638219803571701 1.513118676841259 0.9912466928362846 3.380317226052284 0 1.336516857147217 0 0.6706401482224464 0.3047977760434151 0.281362846493721 0.09063933789730072 0.07507170736789703 0 0 3.158452287316322 0 0 4.461832985281944 5.678584188222885 8.848497904837132 2.528632268309593 0.3503857031464577 0 55.00203788280487 0.09456376731395721 0.1111000999808311 1.15046413987875 0 0.1931339874863625 0.1214971914887428 0.08126378059387207 0 0.3130750060081482 0 0 0 0 0 0 0.7650545313954353 0 0 0.6400651931762695 0 0.4431220144033432 0 0.1098335981369019 0 0.2178589403629303 0 0 0.138783261179924 2.677960723638535 0.9635805636644363 0 0.5994707718491554 2.575672097504139 0.5728959664702415 1.553871303796768 0 0.1764496713876724 0 0 0 0 0 0 0 0 0 0 0 0 0 0 0 0 0 0.1964804232120514 0 0 0 0 0.2956876754760742 0 0.4775829017162323 0 0 0 0 0 0 0 0 0 0.16213259100914 0 0 0 0 0 0 0 0 0 0 0 0 0 0.1947095394134521 1.062513299286366 0 0 0 0 0 0 0 0 0 0.9884719550609589 0 0 0 0 1.339591592550278 0 0.9167531281709671 0 0 0 0 0 0 0 0 0 0 0 0 0 0 0.1219494044780731 0.8227768689393997 27.0644428730011 0.625041276216507 17.43314086645842 2.622877955436707 0.7775895521044731 2.833330564200878 0 2.811604417860508 0.1420640647411346 0 0 1.078421115875244 0 0 0 0 0.3769889175891876 0 2.838907405734062 0.8212587684392929
355.421363927424 2170.786109022796 74.82625743001699 2838.13531229645 833.4714923873544 368.2935923933983 4092.801956668496 23.60989257693291 68.390152156353 2820.440604485571 210.0059388056397 3116.369980797172 9002.034701563418 1179.554740414023 23.12264167517424 5.220781572163105 1.987570784986019 0.3358869552612305 0 0.4012303203344345 0 1.170403070747852 0 1.501615196466446 1.087984800338745 1.186208449304104 0.2501881644129753 0.1085032150149345 0 0.5969973206520081 20.12422364205122 0 241.3449786603451 0.1210727766156197 0.1113418415188789 0.6748878061771393 120.9623542428017 6.808085307478905 13.19646649062634 6.898620888590813 0.326578289270401 0.6429602727293968 0.1260693371295929 1.52690577507019 0.5090938806533813 0.7359533831477165 81.9230649843812 4.890254966914654 0.3326555266976357 0.2334968820214272 0.1723816990852356 1.160422191023827 0.2685673534870148 0.2242927178740501 14.17785161733627 12.09413816034794 60.68342605233192 44.88704593479633 47.63352681696415 87.51119285076857 0.4318349659442902 47.62621927261353 0.09404456615447998 13.60800229012966 11.90730578452349 6.675977557897568 1.471240155398846 1.559795916080475 0.09565257281064987 0 390.6932871416211 18.57331955432892 2.485780194401741 181.9986858740449 74.54610875993967 147.4562867060304 16.18282535672188 3.152082405984402 0.07900795340538025 66.76342080533504 1.043655045330524 93.24425160884857 26.42798118293285 1.542979620397091 7.49404664337635 9.029518894851208 1.520632162690163 3.394025504589081 2.523023098707199 2.650864318013191 0.3534247428178787 0.7728551253676414 0.5932276248931885 0.7314740121364594 0.46692855656147 746.1107755750418 73.13111395388842 1.805470019578934 21.16079879552126 153.0251899138093 8.045398741960526 53.8863492757082 42.3509733825922 32.66851060837507 28.54781778901815 36.0991151407361 75.37312081456184 33.58175235241652 322.3179312944412 291.9998580217361 40.53481342643499 101.4879681095481 471.7265305146575 147.160202473402 179.450880587101 7.113280832767487 2.232063315808773 0.1223438307642937 0.6573086380958557 0 0 0 0 0 0 0 0 1.221016824245453 0 0 0 0 0 0 5.134140074253082 5.592743135988712 0 3.52315191924572 0 63.4491525888443 2.632648497819901 88.175322920084 10.8131962865591 0.9326969385147095 0 0 0 0.1821321398019791 0.1818297505378723 2.992551282048225 0 0.3390943557024002 3.253419898450375 0 0 0.1101567521691322 0 0 0.6405248045921326 0 0.467708133161068 1.309157699346542 2.878150023519993 12.1090169698 2.639202922582626 3.211005926132202 163.5700559094548 1.457572788000107 0 0.393008679151535 0 0 0.1103351414203644 0 0 0 114.3794336616993 1.244164884090424 0.1227659434080124 0 0 127.8169007599354 13.23662397265434 121.3529154881835 3.222093634307384 6.026562936604023 5.148863762617111 0.6090297847986221 1.15722019970417 0 0.1989949494600296 0.0868743509054184 0 0.4324207827448845 0 0 0 68.87714102119207 26.66691745817661 77.06113774329424 1719.542051590979 28.42035122960806 733.8200083598495 111.0268640145659 524.0867985785007 280.9566800892353 3.338019579648972 75.8949923440814 94.71954602748156 0.1480837762355804 28.85004626214504 6.180924490094185 218.0132135003805 0.8426604121923447 0.3612252622842789 1.197773359715939 36.21023747324944 1.229568779468536 1514.132976159453 227.6248681694269
15.57299944758415 1441.475793272257 3220.113600321114 4.000491544604301 1493.150008246303 5.587431132793427 1382.106087565422 4088.500819072127 1572.980053916574 210.0059388056397 1945.727633714676 164.79537229985 1594.875678449869 6584.58043859899 20.71458027511835 8.812002457678318 1.089800760149956 0 0 0.1158266961574554 0 0.3402198106050491 0 0 2.036749437451363 1.351236283779144 0.1792433559894562 3.742502689361572 3.155836179852486 1.43429696559906 164.6935232803226 39.11501634120941 1470.820246845484 0 0 1.350832611322403 373.7605500221252 32.39738883078098 71.32033485174179 26.19552946835756 0.2335961908102036 0.1365634799003601 0.08990266919136047 1.898917458951473 0 0.1029628962278366 37.11446173489094 0.7890843972563744 0.2321973443031311 0 0.08813776075839996 0 2.414612889289856 0.6647244319319725 2.854531168937683 2.308605037629604 7.412479504942894 26.15774372965097 7.180952958762646 35.62188158929348 0.1942886114120483 12.16672571003437 0 12.96002300083637 2.891243062913418 2.140062212944031 0.2788967490196228 0.776629813015461 0.3436836451292038 0.3833547905087471 258.3686862438917 0.1729438453912735 0 42.26578438282013 38.02265768498182 73.21128487586975 15.93599464744329 4.675739482045174 6.371958553791046 1389.371698588133 0.4638083279132843 248.9792593717575 6.788045294582844 0 2.356423072516918 1.874564751982689 1.140970051288605 0.2081248983740807 0.3791956678032875 0 0 0 0 0 0 19.32125088572502 2.077701523900032 0.3570882976055145 34.1997691988945 3.588243126869202 0.373102217912674 1.389338500797749 1.000605292618275 0.3742248564958572 0.5966214239597321 1.409656673669815 1.034297965466976 0.1604057103395462 8.034302569925785 10.76000697165728 2.265624389052391 5.360400579869747 17.82752650231123 8.056365087628365 10.5582043454051 0.6191765144467354 0.3163436651229858 0 0 0 0 0 0 0 0.1783866584300995 0 0 0.6859709918498993 0 0 0 0.1408800780773163 0.1777202636003494 0 0.398650586605072 0.3972342312335968 0 0 0.139477476477623 3.264257982373238 0.2034888118505478 6.370217114686966 1.305690936744213 1.084715813398361 0 0 0 0.3612654209136963 0 0.2559506669640541 0 0 0.531185619533062 0 0 0 0.2627930492162704 0 0 0 0 0.1135441586375237 0.2181534022092819 0 0.8012247383594513 0.9424713850021362 11.03676760196686 0.1255734264850616 0 0 0 0 0 0 0 0 7.291998349130154 0.1448551118373871 0 0 0 7.054349958896637 0.9441736191511154 7.025083482265472 0 0.2605897486209869 0.2565559595823288 0 0 0 0 0 0 0.08426853269338608 0 0 0 2.774533361196518 2.121796160936356 9.562604360282421 299.1867678463459 5.199864082038403 176.6770576611161 34.56045717000961 9.44314681738615 31.25747774541378 0.4878828227519989 13.79982783645391 3.32238806784153 0 1.820315949618816 0.1122474893927574 5.113649696111679 0.485673725605011 0.2459706813097 0.2565425038337708 8.746849603950977 0.626853734254837 34.31895195692778 4.060209512710571
56.75846026837826 61.35872182995081 55.49051453173161 33.52588877081871 16.39314997941256 235.3454231321812 82.02393377572298 40.63965100049973 4.48092295229435 3116.369980797172 164.79537229985 218.6993715465069 1232.809848830104 205.092932574451 13.81476539373398 15.1947857439518 0.7770605981349945 0 0 0 0 0 0.1469222158193588 0 0.7471736073493958 0 0.238048329949379 0.6554204970598221 0.7186767011880875 0.3113252222537994 12.4555257037282 0.4135183691978455 228.8943626284599 0 0 0.3260082304477692 651.3773564174771 9.165975086390972 38.89756774157286 6.271664127707481 0.1274312436580658 0 0.1258208602666855 3.243969589471817 0.1039253696799278 0.7093971967697144 34.99811504036188 0.8874238282442093 0.2473232075572014 0.5650203824043274 0 0.1498265564441681 1.040409937500954 0.9810982123017311 0.8956113532185555 0.6686900705099106 5.773823827505112 7.257174156606197 2.308136448264122 15.86156684905291 0.3484520390629768 6.178696557879448 0.115433856844902 4.384511798620224 0.8168882951140404 0.6956212967634201 0.3056925013661385 0.2731575593352318 0.1564016938209534 0 651.4451313316822 6.40120006352663 0.1221828609704971 14.31656712293625 13.22419304400682 38.30122972279787 7.583166100084782 4.354942709207535 0 23.44289000332355 0.5135530233383179 4.756760820746422 2.352307178080082 0.1174880415201187 1.02484542876482 1.00466600060463 0.4993657395243645 0 0 0.2819586023688316 0 0 0 0 0 831.7200673222542 22.44990982115269 0.3573268949985504 21.23295791447163 58.24956112354994 4.217834733426571 20.2246031537652 19.60513015091419 12.52664633840322 19.16692930459976 14.89157707244158 25.86786462366581 18.54529693722725 124.0702133774757 140.4517656192183 19.42564310133457 48.4229678362608 237.2550717443228 79.36291068047285 114.4863132461905 4.690419107675552 3.26748102158308 0 0 0 0 0 0 0 0 0.4904579818248749 0 0 0.1303425282239914 0.1305245608091354 0 0 0 0 4.544152468442917 5.100299313664436 0 0 0 42.05452037602663 0 47.45386508852243 4.99616040289402 0.3872890174388885 0 0 0 0 0.360834889113903 0.1340197920799255 0 0.59910549223423 1.755358323454857 0.3689601123332977 0.1682983338832855 0 0.5695239305496216 0 0.2484636530280113 0 0.1279879063367844 0.4367752149701118 1.350653648376465 6.190059490501881 0.6345553994178772 0.1860534846782684 84.99887825548649 0.8446233570575714 0 0.7198982760310173 0 0 0 0 0 0 83.88733809441328 1.997694380581379 0 0 0.09952183812856674 64.05174038559198 2.080043271183968 50.91775610297918 2.325550474226475 2.855981901288033 3.197733260691166 0.7153585627675056 0.6208031624555588 0.1466079652309418 0 0 0 0 0 0 0 42.22020407021046 23.06875275820494 56.57530285418034 546.9978413432837 3.832353822886944 149.0238688960671 36.7086219638586 51.05037954449654 34.26838418841362 0.6528397053480148 17.42333646863699 41.6083717867732 0.2796157151460648 13.00676684081554 4.813220605254173 69.77026971429586 1.98191225528717 0 0.4837114065885544 10.81359587609768 2.594055764377117 782.4038991257548 103.0853113904595
22.13249439746141 1121.219524897635 292.2400566413999 62.85834954679012 800.604618370533 115.8558002114296 4304.131450600922 146.5028119683266 688.9001993685961 9002.034701563418 1594.875678449869 1232.809848830104 3775.527732394636 6435.002356424928 25.72534380108118 14.3501959592104 0.8649300187826157 0.1150885298848152 0.3979365602135658 0.4157842099666595 0 0.1390738934278488 0 0.09770071506500244 0.8919056951999664 0 0.1049513593316078 3.744968235492706 0.919388085603714 0 17.98014202713966 0 1087.186361581087 0 0.946475088596344 1.825651422142982 1291.454656556249 11.56148307025433 38.61469478905201 12.15386907756329 0.1683117151260376 0.1470134407281876 0 3.755657844245434 0.1913870349526405 0.7232736870646477 61.39753299951553 0.9912461936473846 0.4698435291647911 0 0 0 1.048070520162582 0.8906215950846672 2.345842286944389 1.247098654508591 11.26901989430189 24.46496646106243 10.45776703208685 37.72547098249197 0.2575344890356064 11.97965934872627 0 10.75042348355055 2.923765100538731 1.766933478415012 0.2719309404492378 0.9518854022026062 0 0 411.3962263613939 2.032780483365059 0.1092799305915833 51.05926935374737 39.3496760725975 88.77229500561953 14.80577514320612 6.474471688270569 0.07627293467521667 45.15183374285698 1.101168155670166 19.96083690971136 8.074881635606289 0.1026137918233871 1.979047991335392 2.101666010916233 0.509805329144001 0.5883437395095825 0.7304758727550507 0.1281452924013138 0.2130497246980667 0.3422847390174866 0 0.1240262240171432 0.601178340613842 668.8033127561212 3.001590833067894 0 19.85995208472013 28.90872937440872 4.47263627499342 17.82210241258144 23.92674971371889 19.60999020189047 27.95372603088617 30.16992516815662 27.52792553603649 31.06797372549772 182.9432444572449 150.6353009566665 27.47312435507774 91.24119962006807 270.7469396591187 106.5322693437338 120.684071354568 5.050439670681953 1.633622467517853 0 0.3684451505541801 0 0 0 0 0 0 0.5593574643135071 0 1.326925426721573 0 0 0 0.1260434836149216 0 0.1386841088533401 3.572386421263218 4.497616745531559 0 2.877010583877563 0.1211602240800858 43.8097847700119 0.2180031687021255 52.09009915590286 4.816596239805222 2.369723625481129 0 0 0 0.7603051066398621 1.349063634872437 1.142631806433201 0 0.5538158714771271 1.982414402067661 0 0.1312263906002045 0 0.2443691119551659 0 0 0 0.09964720159769058 1.790181800723076 1.66832085698843 3.85943716019392 0.8867809921503067 0.5379893183708191 84.0941086858511 0.4363742023706436 0.2068267464637756 0.3281117007136345 0 0 0 0 0 0 80.26284458488226 0.4491329416632652 0 0 0 70.45082738995552 4.66789411008358 54.95541322231293 2.86264019459486 2.451026603579521 2.341944895684719 0.5766448974609375 0.7126158997416496 0.2098328247666359 0 0 0 0.09114386141300201 0 0 0 43.34097220003605 23.98895750194788 50.25737076252699 652.6448069065809 8.1528095677495 250.6245274841785 57.52815131098032 38.29135312885046 51.87253819406033 0.3149919882416725 28.90681257843971 41.75980922579765 0.4337404519319534 20.33826932311058 2.143366493284702 92.3676296249032 1.656063988804817 0 1.493289932608604 25.45052397251129 1.480347231030464 555.3508449494839 100.4975318536162
