144.9219567254186 1827.628308214247 1019.180228531361 1248.990201279521 212.1749489828944 12.61971016228199 653.4399360045791 38.76175478100777 25.4816724807024 734.4765936285257 109.1796792373061 93.42101053893566 190.8056241795421 58.13463566452265 0.7076733857393265 0.1015703827142715 0 0 0 0 0 0 0 0 0 0.3520374596118927 0 0 0 0 298.0989431366324 3.096279233694077 2.931450463831425 0 0 0.1051968336105347 1.974051713943481 0.1218847557902336 0.1717724949121475 0 0 0 0.1080934926867485 0 0.08980786800384521 0 20.43661626428366 3.802043855190277 0 0.1579310894012451 1.52449256926775 0.3052783459424973 0 0 4.574807912111282 2.54772175848484 169.2999390140176 465.8990357294679 15.59236876666546 27.51649568974972 0 1.5990005210042 0 11.04775596410036 4.175008989870548 4.180750168859959 1.813026055693626 2.982826381921768 0.4755581989884377 0.4285954087972641 2.612509682774544 8.401397451758385 0 119.4861885011196 50.50158558040857 13.49853777885437 5.393743865191936 0.0983063131570816 0.5104797333478928 14.11966400593519 0.2482331097126007 1.788362711668015 6.912763081490993 0.2242794185876846 2.703867055475712 2.250366665422916 1.646181255578995 0 1.296432189643383 0.5141216292977333 0.1044844016432762 0 0 0 0 22.55808910727501 4.957686305046082 0 0.3146843984723091 1280.46508577466 0.1385156810283661 2.519760362803936 1.390879444777966 5.648973673582077 0.3225920796394348 6.732263565063477 0.3242878317832947 8.646589979529381 13.38841851055622 6.083685159683228 1.151305928826332 17.22235487401485 10.16000155359507 16.42189067602158 7.83147044479847 0 0 0 0 0 0 0 0 0 0 1.366708993911743 0 0 0.704914391040802 0 0 0.4454972445964813 0.6535592079162598 0 0.1376285701990128 0 0 0 0 3.283786535263062 1.43857815861702 5.072512492537498 3.198231384158134 1.592714965343475 0 0 0 0 0 0 0 0 0.1541498899459839 0 0 0 1.135462433099747 0 0 0 0 0.3074436187744141 0.1338552981615067 1.287232995033264 1.22668120265007 0 5.577954046428204 1.19552643597126 0 0 0 0.1219587922096252 0 0 0 0.1061020642518997 6.468587279319763 0.1521328240633011 0 0 0 2.658555686473846 0.09070283174514771 0.1464375555515289 0.2270952016115189 0 0.2297889888286591 0.5817826986312866 0 0 0 0 0 0 0 0 0 8.791863076388836 4.129126682877541 2.458471313118935 288.9919620007277 3.187509074807167 76.11156445741653 6.392221540212631 1171.62796150893 28.2715281099081 0.6156752109527588 2.302750743925571 49.34264658391476 1.868203833699226 2.056459754705429 0.6631413847208023 35.96573883295059 0.2833968102931976 2.325388193130493 0 0.3928700983524323 0 124.0094972401857 2.213988929986954
1827.628308214247 1627.199665077031 1566.506225958467 485.7272616028786 2716.490360379219 22.16815230995417 2287.422607071698 365.1025972515345 722.8084133118391 533.6901217326522 1571.252405740321 22.03067126870155 167.794671908021 1016.144366770983 19.00673240423203 1.868487030267715 0.8110386058688164 0.09817555546760559 0.2033246904611588 0.3698262497782707 0.09175818413496017 0 0 0 0.1652830541133881 0 0 0 0 0.07530304044485092 1883.395854666829 32.08188485354185 11.65805187821388 0.1068574115633965 0 0.3753028959035873 4.964984819293022 1.079361706972122 0.1036943346261978 0 0 0 0.4301787912845612 0.929454505443573 0 0.08065666258335114 110.5300315022469 20.13898161053658 0.9307050257921219 1.138193480670452 7.128009557723999 0 0 0 19.36110130697489 14.77848421037197 140.222042798996 893.0512392967939 48.91189628094435 116.8087672814727 1.590990781784058 3.768222525715828 0.09250923991203308 101.7136601284146 19.54695904254913 19.80245913565159 12.43487944453955 13.22195547819138 1.146215818822384 1.280726499855518 3.012840859591961 0 0 515.7596537545323 238.5958053171635 156.3034438714385 53.71561396867037 1.583603844046593 3.506743602454662 91.2062591612339 3.304028242826462 9.421749792993069 32.40194722265005 1.328441113233566 16.1793911382556 11.86063662171364 7.419512845575809 0.1886448115110397 6.953817158937454 0.1756055355072021 1.202316522598267 0.08314480632543564 0.4463031180202961 0.6888184621930122 0.08910642564296722 9.866069331765175 0.3863318935036659 0.07058046758174896 0.2051994875073433 1066.108756780624 7.424513831734657 12.1520154774189 59.25643336772919 30.75645332038403 0.7028573825955391 70.10759656876326 5.03512416779995 27.37600408494473 104.2221955358982 18.22104697674513 1.557258918881416 59.06910967826843 17.20244056731462 11.64751257002354 4.87709604203701 0.4979314506053925 0.1118733882904053 0 0 0 0 0 0 0 0 0 0 0 0 0 0.2046533823013306 0 0 0 3.695432245731354 0.07786582410335541 0 0 0 3.292798429727554 1.10968442261219 6.797302223742008 2.547363571822643 1.039172291755676 0 0 0 0.1020524352788925 0 0 0 1.005196541547775 0.4843018725514412 0 0 0.1042634174227715 0.5971542745828629 0 0.2259224057197571 0.1005277559161186 0.3706420212984085 2.449410289525986 5.491961047053337 0.5258734151721001 0.3285303711891174 0 4.247400395572186 1.846070773899555 0.313028484582901 0.3455328345298767 0.07334700971841812 0.4602205604314804 0 0.1491124182939529 0 0 5.302186153829098 0 0 0.206987090408802 0 3.596694059669971 0 0.6019297987222672 3.871441893279552 7.266652062535286 1.839144632220268 0.9284875392913818 0.1230490654706955 0.2722940519452095 0 0 0 0.1851110532879829 0 0 0 8.646313793957233 2.031382516026497 2.723161965608597 130.6735241562128 9.423043943941593 317.9473070800304 30.69391144067049 648.6966917514801 66.45386876910925 0.5143647268414497 7.538430213928223 30.49658265709877 0.7446447238326073 4.970645435154438 0.8533295840024948 31.45739920437336 0.2522247955203056 0.1247978210449219 0.1174883767962456 0.555569127202034 0 108.9036339893937 5.447230525314808
1019.180228531361 1566.506225958467 1178.118906974792 55.3516710922122 1171.107131570578 0.5841016620397568 144.2510655000806 1494.902808338404 583.0393417328596 22.19989521801472 2779.734533682466 2.174815535545349 65.15622068941593 1710.737159557641 15.01078494638205 6.69585894793272 0.3120459020137787 0.2048395872116089 0.3002699613571167 1.232580564916134 0.5256209298968315 0 0 0 0 0 0 0.1964989900588989 0 0 3944.922767981887 342.5533013343811 53.71376913040876 0.8283951878547668 0 4.672013938426971 8.354550749063492 6.446547299623489 0.2883944809436798 0.3353384882211685 2.043125063180923 0.1643923670053482 2.363027200102806 0.2984684035181999 0.2726671993732452 0.2910553514957428 57.55575197935104 5.316422358155251 0.8177714943885803 3.048390604555607 2.025976002216339 0.1410926282405853 0 0 5.118632785975933 3.149821534752846 29.63023824244738 270.1556807979941 14.42522434145212 34.83437553793192 7.681062214076519 36.15318112820387 1.412123672664165 179.3405456542969 3.877176627516747 5.719261087477207 3.501583762466908 3.822105705738068 7.579339139163494 5.626699045300484 8.498781077563763 0 0 133.8527169823647 95.13616459071636 56.50264976173639 50.19773960858583 5.22658360004425 43.58071446418762 321.5791983678937 7.882171481847763 67.7650411427021 7.413492448627949 0.194590799510479 4.036038428544998 2.811479642987251 3.56882793456316 0 1.256606683135033 0.1832325905561447 0.120498925447464 0 2.439476490020752 1.238457344472408 0.2791996896266937 2.133333280682564 0.1208890303969383 0 0.5084069892764091 160.2857903912663 0 0 0 0 0.1490067690610886 0.1205808073282242 0 0.3448084890842438 0.5540299862623215 0 0 0.795790359377861 0.3087939321994781 0.730432502925396 0.1274612247943878 0 0 0 0 0 0 0 0 0 0 0 0 0 0 0 0 0 0 0 0.09911487996578217 0 0 0 0 0.5071339383721352 0.6754796802997589 0.8459883183240891 0.2095352858304977 0.1334803402423859 0 0 0 0 0 0.628008246421814 0 0 0 0 0 0.3192457109689713 0 0.2111300230026245 0 0 0 0 0 0 0 0 0.6138291656970978 0 0 0 0 0.08630110323429108 0 0 0 0 0.5505900159478188 0 0 0 0 0.1838317066431046 0 0.3041335493326187 0 0 0 0 0 0 0 0 0 0 0 0 0 0.5319622680544853 0.1164502948522568 0.2896586880087852 45.02653277665377 2.747298382222652 97.50742333382368 14.11309427022934 45.61372341960669 16.53685363382101 0.0948796421289444 2.637853860855103 0.8388184010982513 0 0 0 1.147965222597122 0 0.09341989457607269 0 4.413507342338562 0 18.39267870783806 0.3249221593141556
1248.990201279521 485.7272616028786 55.3516710922122 232.2495190501213 171.7855050340295 376.0539987236261 1397.990157298744 1.111567981541157 8.250327490270138 1119.465350396931 11.02931813150644 916.179131925106 2853.363359838724 44.42761713266373 1.197552800178528 0 0.09170769900083542 0 0 0 0 0 0 0 0 0 0 0 0 0 21.29465134441853 0.605872206389904 15.96450740844011 0 0 0.2001702785491943 6.060110151767731 0.6750796139240265 0 0 0 0 0 0 0 0 7.887318797409534 1.476300075650215 0 0 0.6985271126031876 0 0 0 1.551320821046829 1.57445652037859 10.37658151984215 27.06619875133038 4.132303908467293 9.78006961196661 0 0 0 7.298090562224388 1.710863225162029 2.384385488927364 0.7940885946154594 1.527906753122807 0 0.08669997006654739 9.798471704125404 0 0 38.69724600762129 16.78246047347784 10.860322073102 2.820528469979763 0 0.1064159944653511 0.2365860193967819 0 0 2.120878554880619 0 1.542647160589695 0.8921798914670944 1.019131205976009 0 0.5729946196079254 0 0.1009050458669662 0 0.09355966746807098 0.09767942875623703 0 4.950751900672913 0.1029693484306335 0 2.096096098423004 318.1126862689853 0.09184663742780685 7.458900481462479 14.87235942482948 33.7672725841403 0 27.81491219252348 39.92581231892109 8.208651699125767 37.75849968194962 31.36583813279867 0.8560069650411606 19.60255797207355 80.95677194744349 17.7478506937623 2.047483958303928 0.4324939846992493 0 0 0 0 0 0 0 0 0 0 0 0 0 0 0 0.3836144208908081 0 0 0 0 0 0.4071495234966278 0 1.372403427958488 0.2105784341692924 1.335835374891758 0.3510960787534714 0.6535780429840088 0 0 0 0 0 0.1296443343162537 0 0.1271030604839325 0.1128961592912674 0 0 0 0.1365773379802704 0 0 0 0 0 0.2187803536653519 0.5916930586099625 0 0 1.360208414494991 0 0 0 0 0 0 0 0 0 3.531435117125511 0 0 0 0 2.334795169532299 0.2204171717166901 0.4328392595052719 0.08713287115097046 0.3206548243761063 0.1946864873170853 0.3570925742387772 0 0 0 0 0 0 0 0 0 8.87141977250576 0.7737344354391098 0.4382443577051163 71.80596019327641 1.702877514064312 23.07098193466663 2.44940260052681 487.703391879797 4.10044588893652 0 0.0897272527217865 27.59452302753925 0 0.2580935433506966 0 16.09675398468971 0 0 0 0 0 49.41050547361374 5.375571116805077
212.1749489828944 2716.490360379219 1171.107131570578 171.7855050340295 3808.530009463429 8.461576983332634 1591.763136915863 90.95751606673002 4911.088562592864 369.0420743301511 1957.15415314585 13.67284972965717 310.657146602869 2202.078189231455 34.90008457005024 4.367134481668472 0.575529582798481 0 0 0 0 0 0 0 0.1074605211615562 0 0 0 0 0 408.7301368191838 7.97114210575819 3.736513443291187 0.08169499039649963 0 0.6368173062801361 2.233767233788967 0.3783155009150505 0.1025495380163193 0 0.2468542903661728 0 0 0.2188935726881027 0.08208239078521729 0.09576564282178879 142.9799776673317 12.87738941609859 0.5611861199140549 0.08958499133586884 4.907467134296894 0 0 0 8.478656433522701 6.264059498906136 21.69776745885611 108.860382437706 16.45265234261751 90.51259776204824 0.7136081904172897 0.87043796479702 0 67.54750341922045 8.235783077776432 9.50404915958643 5.498107820749283 6.949486784636974 0.5859291329979897 0.09539997577667236 5.223052509129047 0.502166360616684 0 189.6004445701838 122.2069838419557 150.2732824236155 69.22051025182009 3.935907498002052 1.759409300982952 5.930159866809845 0.4254475384950638 1.26975641399622 12.04894848167896 0.4831954762339592 7.919575855135918 5.764598734676838 3.86504127830267 0.1035487651824951 3.841939188539982 0 0.7855458930134773 0 0.2678546011447906 0 0.2484118565917015 39.65955510735512 1.298248782753944 0 0.7421063482761383 59.04790682345629 0.1827606856822968 1.36462926119566 3.167472697794437 2.611464016139507 0.5285528004169464 9.701106764376163 0.7375583201646805 13.98290274292231 16.08328713476658 10.2979045137763 1.521091252565384 28.84194628894329 23.23064408451319 20.49069582670927 14.63887899369001 0.5555937364697456 0.1053887605667114 0 0 0 0 0 0 0 0 0 0 0.9032634496688843 0 0.3001839816570282 0 0.4276141822338104 0 0.4273460209369659 0 0.1811295002698898 0 0 0 9.607101857662201 2.685982443392277 12.91965430229902 5.376401178538799 0.9940145537257195 0 0 0 0 0 0.09957900643348694 0 0.2938012480735779 0.6555188968777657 0 0 0.1976010352373123 1.207391768693924 0 0 0 0.1993080750107765 0.1426375210285187 0.3012702539563179 0.4007671028375626 0 0 8.340057820081711 0.09151341021060944 0 0 0.1036241576075554 0 0 0 0 0 17.78767912834883 0 0 0 0 7.271547988057137 0.2212750613689423 3.584704652428627 0.729757234454155 0.6153267994523048 0.1850608587265015 0.3196202218532562 0.1139524206519127 0.1347314119338989 0 0.1563147604465485 0 0.1066349595785141 0 0 0 22.04189508408308 5.112955316901207 6.29059911519289 151.7083358839154 6.296339482069016 311.2556974217296 26.41761871427298 219.9196016862988 54.40553580224514 1.327034875750542 4.596778228878975 38.55211164057255 0 1.715656265616417 1.464337378740311 32.13446875661612 0 0 0 3.927098579704762 0.1779607534408569 84.048465102911 4.547005571424961
12.61971016228199 22.16815230995417 0.5841016620397568 376.0539987236261 8.461576983332634 4.262920454144478 41.25188649445772 0 3.681492164731026 699.6972661316395 0 130.4755349084735 113.7680844739079 12.66841548681259 0 0 0 0 0 0 0 0.5281828492879868 0 0 0 0 0 0 0 0 1.229742884635925 0 1.512574940919876 0 0 0 3.790672585368156 1.698740273714066 4.043455392122269 0.08739811927080154 0 0.1843967586755753 0 0 0 0 0 0 0 0 0.2357919067144394 2.445517309010029 0.1623617261648178 0 0 2.020344771444798 48.93306842446327 0 0.9605713337659836 0 0 0 0 0 0 0 0 0 0 0 33.28980472683907 250.5541088283062 9.005624443292618 0.3320688158273697 0 0 0 0.1918434947729111 0 0 0 0 0.09959188103675842 1.737981773912907 0 1.499207302927971 0 2.958976320922375 1.376140281558037 7.812335498631001 0.8845293968915939 0.5550226643681526 0 0 0.1359957158565521 234.0289985984564 253.5464055836201 2.735183447599411 20.8850535005331 150.868787959218 0 0 0.139017641544342 10.03028771281242 0 0.7143164575099945 0 1.597954720258713 1.323210075497627 0.777218222618103 0 1.87042885273695 0.3914895504713058 0.3370132446289062 0.3249838501214981 0 0 0.1008982136845589 0 0 0 0 0.1201786920428276 0 0 0.1634824424982071 0 0.3184418305754662 0.4293394833803177 0.5696242302656174 0.124122366309166 0.5999982357025146 2.289147451519966 0.250638946890831 0 0 0 0 0 1.121248997747898 0.9290966391563416 3.737264171242714 6.574892140924931 3.532109290361404 0.1302266120910645 0 0 0 0.1263126730918884 0.3389656394720078 0 0 0.2046455815434456 0 0 0 4.621424205601215 0 0 0 0 0 0 0 0.3663546442985535 0 1.03327938914299 0 0 0 0 0 0 0 0 0 1.045505113899708 15.50882299989462 0 0.1310832798480988 0 0.1434940546751022 0.122754342854023 0 0 0 0 0 0 0 0 0 0 0 0.1018768101930618 0 0 1.158914066851139 4.380588673055172 5.159042403101921 8.382307820022106 0.116499051451683 0.5003268271684647 0 98.80424612760544 6.253412336111069 0 0 4.488759554922581 0 0.8103902488946915 0.1662122905254364 3.074456691741943 0 0 0 0 0 35.96580094099045 7.504133209586143
653.4399360045791 2287.422607071698 144.2510655000806 1397.990157298744 1591.763136915863 41.25188649445772 439.7471796423197 30.24781655520201 1234.728823624551 2091.985678270459 451.8006412386894 163.9309410229325 1245.622889734805 1222.532401479781 25.94456148892641 5.198963083326817 0.5953852087259293 0.07794823497533798 0 0 0 0 0 0 0 0 0 0.08607389032840729 0 0 190.3654160946608 7.097442857921124 9.892727307975292 0 0 0.4001520797610283 3.745520047843456 0.82331283390522 1.177387595176697 0 0 0 0.1533708199858665 0.4020657241344452 0.09155036509037018 0.1152337342500687 112.5421841293573 10.254668161273 0.6651836484670639 0.1894702836871147 4.029571019113064 0.1511513590812683 0 0 9.929725408554077 6.758277058601379 20.8862461745739 95.70121492445469 18.10834100097418 71.13425948470831 0.5842963233590126 1.727359309792519 0.1288426369428635 44.37471628934145 7.535036437213421 6.758048236370087 5.534107811748981 6.679881237447262 0.5715882331132889 0.2450811490416527 14.92869422584772 1.5540781468153 0 202.9945244044065 103.4963690936565 116.5950771719217 45.42271705716848 3.039484031498432 1.533805295825005 6.126194521784782 0.7818455025553703 2.087795153260231 10.79466617852449 0.3541894257068634 7.19662007689476 5.326546162366867 4.937107317149639 0.1791041791439056 2.139801651239395 0.3432298749685287 0.6460003182291985 0 0.3557424917817116 0.1838056370615959 0.1245046481490135 179.5815823823214 2.349638871848583 0.2704530954360962 1.654334396123886 168.0699019730091 0.5623537600040436 4.364195287227631 9.731413908302784 11.53702724725008 0.1955818384885788 31.66909568011761 0.9957669153809547 26.0768261179328 49.66202010214329 30.4678101092577 6.434578314423561 82.49921804666519 53.53212051093578 57.73008912801743 32.32657536119223 1.885453693568707 0.1021424680948257 0 0 0 0 0 0 0 0 0.1137589067220688 0 1.211975276470184 0 0 0 0.2620566412806511 0 0.4544435143470764 1.4429045394063 0.5291131734848022 0 0 0 29.3821265399456 3.577968202531338 21.8590245693922 13.50322330743074 3.749590076506138 0 0 0 0.4913887083530426 0.1092116832733154 0.6457747295498848 0 0.3100039288401604 1.073157854378223 0 0 0 4.950764305889606 0 0 0 0 1.070718288421631 1.190893419086933 1.204436130821705 1.026109963655472 0.3115433752536774 24.31681121140718 0.5465757250785828 0 0 0 0.1015417128801346 0 0 0 0 43.11508509516716 0.2957133948802948 0 0 0 17.69498591125011 2.145441189408302 3.415095739066601 1.56663540750742 0.4558230563998222 1.375770069658756 0.4240781366825104 0.2976689711213112 0 0 0 0 0 0.0882185772061348 0 0 55.94844213873148 13.97668554633856 16.32743816077709 234.5959809869528 7.815402925014496 256.7539606317878 24.39476647973061 501.1778838038445 46.11059774458408 1.106535606086254 7.072414577007294 111.9464461579919 0.07272325456142426 4.612582787871361 1.042273551225662 79.4562780559063 0.649164691567421 0.3269475847482681 0.6300895735621452 2.930532082915306 0.6729955896735191 200.575260810554 15.64000500738621
38.76175478100777 365.1025972515345 1494.902808338404 1.111567981541157 90.95751606673002 0 30.24781655520201 2376.656961992383 275.7660071253777 1.913605749607086 4938.326200991869 9.969362244009972 175.9626069739461 2832.469921857119 118.3290118947625 58.01026546955109 12.91753934323788 2.728931605815887 0.4531579464673996 6.779435366392136 5.025789983570576 0.1091044992208481 0.3673450276255608 0.4426178187131882 1.048561684787273 0 0 0.2941750138998032 0 0 1370.983228646219 1401.236975133419 290.828360311687 9.440689288079739 0.8409499973058701 52.33495629578829 37.99100298434496 46.95593098551035 2.075356088578701 1.752177327871323 4.852946102619171 4.144906133413315 14.05813194066286 4.672644384205341 3.271255120635033 6.689962550997734 269.8875147849321 6.413331985473633 5.285466186702251 23.85149702429771 5.028999291360378 0 0.3594343066215515 1.100299373269081 2.973305031657219 2.178229622542858 10.083217009902 83.85169817507267 10.84252523630857 72.66274122148752 89.33023332804441 295.9146429225802 11.56211072206497 233.8852105140686 3.125184372067451 4.656245663762093 3.304192595183849 11.58309821039438 52.06514309346676 38.88865362852812 29.45123393833637 0 0 94.58087996393442 110.5406619459391 168.1041563302279 262.4250184372067 81.81139615923166 815.506277538836 2865.93191241473 113.3210687562823 1036.166654929519 4.623883120715618 0.2771416306495667 3.90763022005558 3.917214244604111 14.18671722710133 0 1.752382420003414 0.08472247421741486 0.9409656077623367 0.4964004904031754 20.02558971196413 6.129769325256348 1.998598463833332 3.905236080288887 1.914952546358109 0.1333046108484268 2.381766244769096 27.18397837877274 0 0 0 0 0 0.601764127612114 0 0.2519250959157944 0.5623365566134453 0.1470822095870972 0.2296494543552399 1.263415321707726 0.7353730946779251 1.558608666062355 2.040842100977898 0 0.09110959619283676 0 0 0 0 0 0 0 0 0 0 0.1412616968154907 0 0 0 0 0.6588450074195862 0 0.2143674343824387 0.1118927076458931 0 0 0 1.942265741527081 0.755689948797226 2.921269349753857 2.204183824360371 0.4352737739682198 0 0 0 0 0.1938798576593399 0 0 0 0.09550252556800842 0 0 0.2423771172761917 1.014633730053902 0 0 0 0 0 0 0 0.3150859177112579 0 1.482418715953827 0 0 0.1636255532503128 0 0 0 0.1055338382720947 0 0 1.896765857934952 0.1356227099895477 0 0.2176736444234848 0.2935117781162262 0.3497538566589355 0.09992409497499466 0.3560615181922913 0.2315364703536034 0 0 0 0 0 0 0.1059754565358162 0 0.08067609369754791 0 0 0 0.766138568520546 3.023592479526997 1.76522921025753 246.0395227894187 8.86683701723814 298.4056453257799 66.98629101365805 59.82778486609459 49.18755806237459 0.2673864364624023 14.60099375993013 2.787808015942574 0 0.3811674490571022 0.6158612295985222 0.2285273522138596 0 0.1048995479941368 0 11.68936065584421 2.52751450240612 16.38261029869318 3.442393787205219
25.4816724807024 722.8084133118391 583.0393417328596 8.250327490270138 4911.088562592864 3.681492164731026 1234.728823624551 275.7660071253777 1243.566913336515 61.20750039815903 2219.736564077437 7.574921667575836 957.5056390464306 2028.472833551466 21.78651464730501 3.471687912940979 0.2898849919438362 0 0.1462414860725403 0.1225805953145027 0 0 0 0.1648543179035187 0 0 0 0 0 0 97.56431782990694 4.089374095201492 10.32684749364853 0.1416137218475342 0 0.1099387556314468 2.50162947177887 1.404932916164398 0 0 0 0 0 0.1395302563905716 0.1614972501993179 0 54.18371725827456 2.832714103162289 0.09257271140813828 0 1.388244524598122 0 0 0 2.876263916492462 1.853268206119537 4.792722649872303 25.12944135069847 7.185360223054886 28.92507603019476 0.1174348145723343 1.198442034423351 0 21.49915814399719 1.626344911754131 2.264457792043686 1.488822162151337 2.001548498868942 0.3611082881689072 0.0955410897731781 6.48580701649189 0 0 53.46307803690434 33.93128914386034 59.46231236308813 29.17616272717714 1.375750139355659 1.327786259353161 15.32474734634161 0.2639426812529564 1.291770219802856 3.515330851078033 0.08729436993598938 2.14295107126236 1.744712948799133 1.540464177727699 0.08009444922208786 1.805263660848141 0 0.2495016232132912 0 0.1035008355975151 0.07575856149196625 0.2081903070211411 17.44690092653036 0.2582816183567047 0 0.5806808024644852 10.27390252053738 0.6336637735366821 0.4333592802286148 1.476245045661926 1.809072926640511 0 4.171953476965427 0.287551037967205 5.577108405530453 7.990022480487823 4.816603526473045 1.806501790881157 13.4460698440671 13.4475926682353 10.62052666395903 5.682858683168888 0.2860457301139832 0 0 0 0 0 0 0.128984346985817 0 0 0 0 0 0 0.4051249027252197 0 0 0.1859153360128403 0 0.1454897075891495 0 0 0 0 7.022488653659821 1.215987473726273 8.874876819550991 3.656314246356487 0.926556721329689 0 0 0.2486747205257416 0 0.3785687386989594 0 0 0 0.1076965406537056 0 0 0 0.09292346984148026 0 0 0 0 0.776218518614769 0.4293086975812912 0.3503142297267914 1.705140501260757 0.5127779692411423 4.976070858538151 0 0 0 0 0.1254110187292099 0 0 0 0 12.17604260891676 0 0 0 0 4.076424352824688 0.7792533189058304 0.5880194306373596 0.2232409492135048 0 0 0.1027081161737442 0 0.2851433455944061 0 0 0 0 0 0 0 10.41820847988129 3.420835681259632 3.651673510670662 77.37615115195513 1.664895877242088 118.4626713693142 12.67944862693548 66.84276641905308 20.0822881385684 0 4.093120276927948 14.89169715344906 0 1.220939606428146 0.4460525065660477 9.239156410098076 0 0.5445873737335205 0.1050170212984085 2.24424022436142 1.108926951885223 38.04825532436371 3.673873923718929
734.4765936285257 533.6901217326522 22.19989521801472 1119.465350396931 369.0420743301511 699.6972661316395 2091.985678270459 1.913605749607086 61.20750039815903 1130.518575258553 17.97976889461279 1377.803575694561 7185.309033468366 380.027746796608 1.988037474453449 0.9079018756747246 0.4121548756957054 0 0 0 0 0.1333438605070114 0 0 0.1834215670824051 0 0 0 0 0 21.07983873039484 0.9830399751663208 96.97400376945734 0 0 0.717934712767601 53.62089882791042 3.350986286997795 3.001387149095535 0.07789558917284012 0.1219128221273422 0.1205336228013039 0.1970564424991608 0.1635585278272629 0 0 13.94277667999268 1.523454286158085 0.1707044020295143 0.2964538633823395 0.9642093703150749 1.875200107693672 0.1038114503026009 0 2.542491182684898 2.184105157852173 15.731211386621 25.22535493224859 3.024014621973038 11.20341190695763 0 4.236103199422359 0 5.107152052223682 1.568003498017788 2.194363340735435 2.016125038266182 1.478041961789131 0.09226057678461075 0.1655289679765701 385.8326977044344 99.92631559073925 3.870890662074089 45.08544582128525 21.20084305852652 11.1910365819931 5.888280637562275 0.7915646284818649 0.2792783752083778 6.216591008007526 0.07603184878826141 0.5844955295324326 2.538902685046196 0.9671294540166855 1.832133494317532 2.544490121304989 0.8470005467534065 1.745515547692776 1.218193009495735 3.290679149329662 0.2050021290779114 0.1310250908136368 0.07576946169137955 0 0.1183353960514069 472.5853841528296 183.3866531550884 0.9776173084974289 23.83281555771828 375.2004195079207 0.1433597505092621 8.886136315762997 23.83686894178391 19.66457749903202 1.113729685544968 51.53933683037758 3.545050539076328 55.50204875320196 98.44489804655313 59.44268083572388 5.816793411970139 144.8677946254611 114.7956131100655 77.06218457967043 35.86757622659206 0.4907439202070236 0.8141489177942276 0 0 0 0 0 0 0 0 0 0 0.6395800411701202 0 0.2469862326979637 0 0.1888210773468018 1.339158117771149 0.255553662776947 1.099658034741879 1.422209039330482 0 0 0 20.30526123195887 2.896182022988796 23.02624314278364 9.298208348453045 2.008512020111084 0 0 0.09005752950906754 0 0 0.3744066208600998 0 0.6807105243206024 0.8300651460886002 0 0 0 2.41761189699173 0.3812437802553177 0 0.1458030045032501 0 1.785680465400219 0.787615492939949 2.21561836451292 1.872112177312374 0.4227147698402405 14.3032698854804 0.1898089051246643 0 0 0 0 0 0 0 0.1040533110499382 47.53905279189348 4.514898136258125 0 0.2208445072174072 0 15.61350715905428 1.348996683955193 2.608110681176186 0.8505405411124229 1.266054637730122 0.6980498656630516 0 0.1728576496243477 0 0 0.1519913673400879 0 0.1287068575620651 0 0 0 75.55025610327721 15.06992886960506 14.95605972409248 358.3592105582356 1.97089571505785 40.00117132812738 5.428340241312981 848.6081961765885 9.41500498354435 1.169108912348747 1.759066924452782 177.2054893374443 1.182762421667576 3.661502406001091 0.8973903432488441 130.6243036389351 0.09715282917022705 1.098667651414871 1.320272207260132 0.5177734047174454 0.3430249094963074 283.1486349627376 22.18534826487303
109.1796792373061 1571.252405740321 2779.734533682466 11.02931813150644 1957.15415314585 0 451.8006412386894 4938.326200991869 2219.736564077437 17.97976889461279 1408.828334778547 48.13750833272934 673.6633149310946 3083.616182871163 38.32131892442703 26.94625574350357 1.263114735484123 0.4322313666343689 0.1436221897602081 4.042118914425373 3.650739021599293 0 1.647085919976234 0.8229024112224579 1.108875870704651 0.2552364990115166 0 0.294867992401123 0 0 712.1900456622243 99.87419306486845 929.2740620970726 5.668959073722363 0.6465343981981277 19.08059038221836 155.9487359374762 55.37639780342579 2.188391529023647 0.3119256421923637 2.356856390833855 1.048209965229034 3.001938492059708 1.709985412657261 0.7821307480335236 2.271930284798145 88.69449986517429 2.663657583296299 0.9311671480536461 2.820658192038536 2.767686396837234 0 0 0.5985857024788857 2.27943143248558 1.885398440063 12.03922258317471 64.99828823655844 6.328026443719864 27.63666762411594 12.57176568359137 285.970454454422 3.088552415370941 45.01296991109848 2.720027409493923 2.484090857207775 2.043838985264301 2.743606105446815 11.14344725012779 15.73366788029671 170.8863639608026 0 0 63.25953935086727 45.3513193577528 61.95446302741766 63.55969417095184 14.2737842425704 38.02268172055483 825.8933787494898 8.33827069401741 97.2825308740139 3.83910109102726 0.16407860070467 2.106818936765194 1.673285938799381 2.796135984361172 0 0.796136349439621 0 0.3117985129356384 0 6.025536775588989 1.709885336458683 0.4062798321247101 25.43976085633039 5.566813871264458 0.9149883389472961 5.9134511500597 41.0952305495739 0 0.2063512802124023 0 0.6398450210690498 0 1.766713485121727 0 1.537533327937126 4.959546081721783 1.641452379524708 0.8473956510424614 6.531467251479626 4.011737808585167 4.682858638465405 5.418646022677422 0 0.1223965883255005 0 0 0 0 0 0 0 0 0 0 0.8234619647264481 0 0.1081867218017578 0 0.5322264581918716 0 0 0 0.1829313486814499 0 0 0 6.82617250084877 3.253549925982952 13.56818515062332 4.090218178927898 1.150054216384888 0 0 0 0 0 0.4761923551559448 0 0.1277800351381302 0.3845595791935921 0 0 0 0.841647744178772 0.1466778963804245 0.09026876837015152 0 0.08455042541027069 0.3328706249594688 0.1095418259501457 0.1357455998659134 0 0 4.871653974056244 0 0 0 0 0.08299447596073151 0 0 0 0 11.6892798691988 0.4972958415746689 0 0 0 2.756511554121971 0.3116955757141113 1.625283174216747 0.07908571511507034 0.1689364910125732 0.09169277548789978 0 0 0 0 0 0 0.1275564730167389 0 0 0 6.142347030341625 6.902165316045284 7.491361603140831 173.2332996279001 4.285912625491619 141.4445888623595 33.46778950095177 49.1872029453516 21.24368234723806 0 10.00475307554007 6.472811691462994 0.08052954822778702 0.4607237502932549 0.2134516984224319 4.729268223047256 0.1049227491021156 0 0.1884745359420776 6.800691321492195 1.798962935805321 18.67228645831347 4.340188108384609
93.42101053893566 22.03067126870155 2.174815535545349 916.179131925106 13.67284972965717 130.4755349084735 163.9309410229325 9.969362244009972 7.574921667575836 1377.803575694561 48.13750833272934 158.9059712439775 2790.048526197672 255.8797470480204 25.84810295701027 21.4944960474968 0.7713453695178032 0 0 0.679875023663044 1.765119820833206 0 1.228946715593338 0.8061229288578033 3.526218794286251 0.5430900454521179 0 0 0.4734640344977379 0 6.465328715741634 5.528109051287174 350.6491758972406 1.67295490950346 1.780466571450233 13.21143972873688 358.0849794894457 60.18649649620056 29.29117151349783 3.118707455694675 4.000903084874153 0.4379108473658562 1.058688074350357 1.995747163891792 0 0.1065379157662392 64.08296030759811 0.814006395637989 0.1220201998949051 1.332694716751575 1.334917604923248 0.3586323335766792 0.1052380800247192 0.6160300076007843 0.2238068580627441 0.4145714491605759 2.005120314657688 6.668804243206978 2.295585863292217 16.76215606182814 1.146828293800354 47.37887432426214 2.125682145357132 12.77477535605431 0.3794329017400742 0.7000074088573456 0.5145283713936806 0.9498715028166771 3.099258571863174 8.753749579191208 688.0949364826083 1.20549550652504 0.6983245387673378 20.92642617970705 8.8983274102211 22.47237448394299 26.8873875066638 13.91764026135206 2.136892586946487 16.53731495141983 3.036052584648132 5.922883309423923 1.076312571763992 0 0.6036413162946701 0.5206063911318779 0.3614430278539658 0.1516299545764923 0.2295970991253853 0.2568413391709328 0 0.1273251920938492 2.803857035934925 0.4724229797720909 0 875.5365885198116 212.4093025326729 0.5262647718191147 87.69492229819298 22.16134218126535 0.4069573730230331 0.9916116371750832 1.515452079474926 9.11148027330637 1.130157150328159 16.42901910841465 0.6953060999512672 16.15030861645937 29.82039307802916 14.0047095939517 7.139581777155399 58.36430487036705 43.50783682614565 45.85586893558502 46.3081376478076 1.519638530910015 0.2406605929136276 0 0 0 0 0 0.1025041788816452 0 0 0 0 1.031820885837078 0.1979044526815414 3.081727638840675 0.5068749785423279 0.09137284010648727 2.205815702676773 0.5681912302970886 0.4804199114441872 0.6537651121616364 0.6236309409141541 0 0 52.7007764801383 11.18122833967209 62.86149223893881 27.41737343370914 8.945632211863995 0.1929843872785568 0 0 0.855810284614563 0.4952225387096405 1.874873220920563 0.1239583715796471 0.5539112314581871 1.796300463378429 0.1628287732601166 0 0.6782016158103943 7.855633206665516 0 0 0.08241190016269684 0.09404093772172928 1.561379581689835 1.028185144066811 0.7377401292324066 3.130991131067276 0.5141517743468285 40.17113782465458 0.08750143647193909 0 0.1145123764872551 0 0 0.1806598156690598 0.08680598437786102 0 0 78.84529322385788 3.082524657249451 0 0 0.2088436037302017 26.07164869457483 2.104881532490253 6.168066143989563 2.388222582638264 1.498217411339283 1.944301024079323 1.454496331512928 0 0 0 0 0 0 0 0 0 58.81237242370844 41.98453953117132 41.72807349264622 298.2512828633189 1.854618959128857 114.9557717815042 31.56519491970539 193.7465413510799 26.20965579897165 0.1690545380115509 15.75456620007753 38.9948508515954 0.1310030668973923 9.954670734703541 1.207930393517017 31.60314752161503 0.9768553897738457 0 1.26685306429863 12.23151145875454 1.760464623570442 158.6351865455508 31.08075045794249
190.8056241795421 167.794671908021 65.15622068941593 2853.363359838724 310.657146602869 113.7680844739079 1245.622889734805 175.9626069739461 957.5056390464306 7185.309033468366 673.6633149310946 2790.048526197672 2916.406426936388 5233.478045932949 97.80911886692047 53.7051562294364 2.183095633983612 0.2963962480425835 0 0.4145128801465034 1.829022847115993 0 1.327532589435577 0.5087630525231361 1.984970077872276 3.870827853679657 0.4681059196591377 0.1228067427873611 0.7928241491317749 0 72.23218274861574 15.52861843258142 972.6914856508374 2.034103311598301 0.6047561094164848 11.12188767641783 692.0404843688011 98.84783492237329 10.23779823631048 3.147713638842106 3.216674841940403 0.2893195450305939 2.466281615197659 3.143169872462749 0 1.301414631307125 222.5323842093349 3.215157099068165 0.7017699480056763 2.160919263958931 1.935891553759575 0.1019904911518097 0.5640656724572182 0 3.880516156554222 2.229753822088242 7.97312405705452 25.53396669775248 9.147470355033875 46.56999399513006 2.972305841743946 149.9266386330128 1.601305902004242 39.26341313123703 2.062860228121281 3.623297654092312 1.664223752915859 3.027839221060276 7.036382466554642 9.911702290177345 725.1752332895994 7.391569539904594 0.2132952511310577 77.17340204119682 48.43627893179655 108.190199047327 126.5158891677856 35.5690393820405 13.11263813078403 93.94325107336044 5.852166295051575 32.67554825544357 3.993800103664398 0.3690768107771873 2.269720815122128 1.539508670568466 3.216677568852901 0.405162513256073 1.783515229821205 0.5025247782468796 0.4771156013011932 0 4.029843889176846 3.777190044522285 0.2303092107176781 1038.729839965701 83.65451816469431 0.388479195535183 36.34614001959562 72.03311372548342 1.317237764596939 4.973165407776833 13.64518892765045 18.31550566852093 1.488335572183132 58.59198813140392 3.283258564770222 61.04923769831657 110.718207359314 54.7409426420927 17.99120888859034 187.145296625793 118.0327895879745 137.5171800404787 107.5045245736837 2.404530391097069 2.22348690778017 0 0 0 0.1881498396396637 0 0.245094507932663 0 0 1.074940770864487 0 3.11972389370203 0 0.8832623958587646 0 3.671276278793812 1.637060984969139 0 3.171061359345913 1.923504076898098 0 0.5213710591197014 0.133416473865509 96.51828994601965 23.05598305165768 110.7730923816562 47.33535379171371 10.97362171858549 0.3319773972034454 0 0.1085054352879524 0.5279005318880081 0.708403967320919 2.622496627271175 0 1.166192851960659 2.682388335466385 0 0 0.4806076213717461 11.31973360478878 0 0.1245436295866966 0 0 2.79135674238205 1.91968260705471 3.136813566088676 2.867843501269817 3.846512950956821 74.47335220873356 0.5833536833524704 0.07864294201135635 0.1768553704023361 0 0.0927804633975029 0 0 0 0.1300611943006516 143.1529009416699 3.725746296346188 0.1364637017250061 0 0.1965287774801254 63.40416276454926 3.570511355996132 12.51989264786243 2.360792003571987 4.611543945968151 3.364849783480167 1.146625451743603 0.6293142735958099 0.1086006462574005 0.7548090219497681 0 0 0.3918447196483612 0.08782961219549179 0.1453907787799835 0 140.3437094464898 64.76415390521288 69.93318974971771 707.7029341235757 9.201099656522274 351.3007263317704 104.1212852373719 538.4048637598753 64.56099239736795 2.249661684036255 34.12410604208708 159.1852202564478 1.039004452526569 17.11131943017244 4.756008371710777 126.0455590710044 0.8301207423210144 0 2.25347738713026 29.92811294645071 2.579697608947754 396.7093061581254 55.63794132322073
58.13463566452265 1016.144366770983 1710.737159557641 44.42761713266373 2202.078189231455 12.66841548681259 1222.532401479781 2832.469921857119 2028.472833551466 380.027746796608 3083.616182871163 255.8797470480204 5233.478045932949 2161.835011966527 174.5950070470572 84.62033319473267 3.478230506181717 0.3123405128717422 0 1.986812800168991 2.081079810857773 0.1315150856971741 1.416526138782501 1.010036334395409 4.939143687486649 0.8897879123687744 1.20102134346962 1.162321053445339 0.5102045685052872 0 477.8503243550658 93.36121144145727 2365.230510868132 4.087924659252167 0.9035697430372238 25.59963490813971 1076.696378394961 146.9589438065886 9.821752175688744 4.503606423735619 1.617278732359409 0.3380067571997643 3.00020394474268 4.871998153626919 0.08221377432346344 1.390437871217728 399.0435486398637 10.26378926634789 1.602304354310036 4.077006593346596 5.977788060903549 0.1833321899175644 1.064289979636669 1.060266979038715 6.945486716926098 5.500969983637333 24.62434313446283 72.94969099760056 22.85451249778271 126.3101671040058 10.62075844407082 551.8687654212117 3.710293605923653 79.87427435070276 5.375453241169453 6.778338059782982 5.328028149902821 8.287467479705811 11.92281507700682 17.889498911798 618.4077621921897 3.458224058151245 0 164.7896956428885 110.4838484302163 261.5956217572093 250.1652464941144 46.22079690545797 56.77851736545563 455.9205448403955 9.062201514840126 147.8489010706544 10.58654218912125 0.1645275130867958 6.809727407991886 4.838373340666294 5.379217900335789 0 2.971661157906055 0.2743174359202385 1.207915253937244 0.1252828240394592 6.135561257600784 2.190435387194157 1.358041636645794 277.3210816457868 29.92887853831053 0.1232765540480614 22.21815450489521 39.63533806800842 0.6975174322724342 4.474164508283138 8.688975505530834 9.803744308650494 0.6441797912120819 30.35268418490887 1.795141063630581 27.88694287836552 58.92185632139444 31.82348700612783 12.44494840502739 117.0119765400887 88.19678170979023 90.85340988636017 67.03371398895979 1.116493709385395 1.57540574669838 0.4834363758563995 0.7905285060405731 0 0.2858279049396515 0 0 0.1260985136032104 0 0.9093090295791626 0.8151196390390396 2.290464729070663 0 1.43927064538002 0 1.758124470710754 1.505173563957214 0.1233571842312813 3.164041049778461 1.108730137348175 0 0 0 63.8144598826766 11.64497046172619 87.56592239439487 34.40863484144211 10.77429560571909 0 0.4083936810493469 0 0.2749614417552948 0.7695702016353607 1.454818785190582 0 1.668359376490116 3.209820263087749 0 0.4767026305198669 0.3173794522881508 13.33314934372902 0.2062577456235886 0 0.2797680869698524 0.09894312173128128 1.190962329506874 2.887370929121971 2.704989023506641 5.375022307038307 3.265245616436005 55.65300703048706 0.7851421907544136 0 0.1597123146057129 0 0.2442246675491333 0 0.1100993826985359 0 0 97.73133629560471 1.553046002984047 0.1042200922966003 0 0.2341707497835159 37.59583377093077 2.199170872569084 11.58984142541885 2.813447773456573 1.931509718298912 3.026203155517578 1.078498557209969 1.073826245963573 0 0 0 0 0.07649803161621094 0 0.1780609786510468 0 86.24196852743626 47.60665333271027 47.50343974679708 741.9858992770314 13.6071942448616 641.3657860308886 137.3813662678003 303.2602555081248 108.1502937823534 0.4978030845522881 41.50818013399839 91.4706776291132 1.759852185845375 12.37139482796192 3.951024048030376 75.64150169491768 0.3428100347518921 0.8042184188961983 3.319241911172867 30.3902528360486 2.607120260596275 184.8585194498301 29.94397106021643
