118.4073373824358 1489.782226383686 118.1801329553127 1093.547211296856 30.80643018335104 51.88496588915586 686.6215694993734 40.87362689524889 8.492315113544464 880.0512693449855 103.4959140196443 8.569994322955608 63.85469646006823 64.2058073207736 0.08774662017822266 0.2109420597553253 0 0.1307449638843536 0 0 0 0 0 0 0 0 0 0 0 0 663.7755985483527 0.2038884609937668 1.872553460299969 0 0 0.1559978574514389 0.2375375628471375 0 0 0 0 0 0.2405436784029007 0.4540207758545876 0 0 23.00570532679558 0.7995930686593056 0 0 0.06339238584041595 0 0 0 5.749303497374058 1.77967182546854 38.41499137878418 681.6706866398454 30.82394673675299 38.5130300372839 0.1694575995206833 1.018274307250977 0 13.61733454465866 2.000410497188568 1.433704905211926 0.1656688004732132 0 0.1140027791261673 0 0.5294475108385086 0.4323118031024933 0 123.6951471678913 34.31781849265099 16.88578917831182 0.4648133739829063 0.07639994472265244 0.2022504732012749 4.362047426402569 0 0.5774201899766922 11.49113508313894 0.518682636320591 0.3854860216379166 1.105421461164951 0.09095601737499237 0.3814731612801552 0.07986683398485184 0 0 0.08791743963956833 0 0 0 4.218625172972679 0 0 0 826.9111245945096 0 1.082270592451096 0.9112000465393066 6.339801460504532 0 2.716192424297333 0.5728082358837128 2.137268155813217 4.683806747198105 1.527000561356544 0 1.150652065873146 0.4893473982810974 0.567289337515831 1.017339952290058 0 0 0 0 0 0 0 0 0 0 0 0 0 0 0 0 0 0 0 0 0 0 0 0 0.08939256519079208 0 0.1218116581439972 0 0 0 0 0 0 0 0 0 0 0 0 0 0 0 0 0.1546217203140259 0 0 0 0 0 0 0 0 0 0 0 0 0 0 0 0 0 0.4907185584306717 0 0 0 0 0.496815949678421 0 0.1277498453855515 0 0 0 0 0 0 0.1418236792087555 0 0 0 0 0 0 0.4818380326032639 0 0.1427459865808487 91.13197240978479 0.6361969038844109 38.50427036732435 1.853429108858109 974.4858122617006 16.03245652467012 0.816477432847023 0.4865028858184814 3.409298896789551 0 0 0 1.493831112980843 0 0 0 0 0 110.2542127594352 2.952047392725945
1489.782226383686 1425.272098384798 390.1433206573129 90.28391928970814 1584.566608786583 87.29827411472797 2059.788898900151 398.5413824990392 473.243900462985 1487.341773614287 1249.394349396229 123.608208373189 2317.26747251302 1344.331751748919 5.442607901990414 2.602549768984318 2.285008694976568 0.143425241112709 0 0 0 0 0 0 0.2112287878990173 0.1453810334205627 0 0 0 0 1273.526131089777 1.540206737816334 27.66672714054585 0.1899036765098572 0.101509265601635 0.1086399704217911 5.643581815063953 0.124615378677845 0 0.125668540596962 0.4868913143873215 0.2960534691810608 0.1192549094557762 0.7207658588886261 0 0.06319773197174072 167.9530643373728 5.151622053235769 0.3187001198530197 0.07467330992221832 0.3389874249696732 0.1214588358998299 0 0.1303913593292236 20.82414639741182 7.651327259838581 45.2593594416976 679.631678506732 85.59873624145985 131.2813039943576 0 1.200732953846455 0.3509190157055855 50.29024659842253 9.514978755265474 5.272452555596828 0.7696086838841438 0.2041153647005558 0.2735380679368973 0.2140466049313545 5.94200637191534 0 0 438.0533355660737 117.0022458955646 113.3508524149656 11.68350578099489 0.8529358878731728 0.8788248747587204 36.39575530588627 0.7041668817400932 2.661369793117046 45.08578991889954 0.8033281862735748 1.206861555576324 6.165914129465818 0 0.9840718954801559 0.9604331701993942 0.1938158050179482 0.07090477645397186 0 0.116549901664257 0.09137649834156036 0 60.6041584610939 1.23380683362484 0 0 1070.738992348313 1.323375463485718 3.324293464422226 5.439322747290134 1.762296602129936 6.882204063236713 20.55931662023067 2.059664726257324 13.48520911484957 13.55566005408764 3.624966911971569 3.24289395660162 29.18378546833992 23.3047019392252 16.23957159370184 19.12094396352768 0 0 0 0 0 0 0 0 0 0 0 0 0.1122475266456604 0 0 0 0 0 0.1186957508325577 0 0 0 0.2580032050609589 0 2.603920720517635 0 5.577333934605122 0 0 0 0 0 0 0 0 0 0.7194079756736755 0.1221587508916855 0 0 0 0 0 0.1869807913899422 0 0 0.1607629954814911 0.2219409048557281 0 0 0 4.292780332267284 0.7034786641597748 0 0.1257662326097488 0 0 0 0 0 0 24.38398806005716 0 0 0 0 5.208212062716484 0.9941124320030212 1.046404309570789 0.1431014388799667 1.144281834363937 0 0 0 0 0.1681898385286331 0.1895117312669754 0 0 0 0 0 18.32012261450291 3.628721490502357 1.446117512881756 249.7159930318594 3.381399385631084 243.3077474907041 8.625238299369812 1568.971444956958 72.56791315227747 1.628497719764709 39.62158549576998 12.40803597867489 0.2787042185664177 0.4431262016296387 0 18.18100614845753 0 0 0 1.525052413344383 0 271.2339098080993 26.87536923587322
118.1801329553127 390.1433206573129 374.5402203351259 0.07124125957489014 180.5714901983738 3.863837838172913 30.72542157769203 3421.924346618354 144.2495916858315 29.13539380580187 1667.477537423372 26.05357325822115 270.6238289475441 811.5251621156931 3.751323767006397 4.471594609320164 4.454630255699158 0.2386805564165115 0 0.2008354812860489 2.811521053314209 0.7004420608282089 0 0.2524493187665939 1.962231613695621 2.629965536296368 0.1438253372907639 3.311897188425064 0.8524922654032707 0.1450735926628113 2795.849944017828 13.01774363964796 59.41626764833927 0.3275894671678543 1.555383771657944 7.214716643095016 10.8478115722537 2.09939432144165 0.6308697760105133 0.666994147002697 9.0196273624897 2.950164094567299 1.98198376595974 1.560460515320301 0.1017927825450897 1.045610010623932 30.92212565243244 2.731852725148201 3.136099457740784 1.202857568860054 1.634972847998142 1.686491817235947 0 2.497346393764019 6.056224718689919 2.412203267216682 25.64996517077088 734.3320185914636 28.78661947324872 30.16624496877193 9.743186220526695 25.15188434720039 7.025999158620834 97.83439262211323 2.493757490068674 1.682982698082924 0.2925035282969475 1.67443124204874 12.34441287070513 8.907192297279835 38.39108338207006 0 0 178.8839874118567 58.95276019722223 29.18295329064131 3.178584590554237 3.064717553555965 17.66981241852045 353.4810801520944 3.536870464682579 84.98194998502731 11.70799136906862 0.2231332957744598 0.3579983040690422 2.313007906079292 1.208384901285172 0.1590240970253944 0.4326485991477966 0.4162522330880165 2.172375209629536 1.064639441668987 6.253468744456768 3.444443501532078 1.66595570743084 61.63845433294773 2.577768623828888 0 0.1030456349253654 202.0135736092925 0 3.609767019748688 2.422244787216187 0.1604270935058594 1.192115545272827 4.59592828899622 5.85358464717865 6.471867501735687 5.719503432512283 2.010962516069412 5.203803926706314 12.69882958382368 6.423019155859947 4.667623452842236 9.894915454089642 0 0 0 0 0 0 0 0 0 0 0 0 0 0 0 0 0 0 0 0.5838667899370193 0 0 0 0 2.404888272285461 0.518099308013916 6.59089720249176 0.09803309291601181 0 0.1970019489526749 0 0 0 0 0 0 0 0 0 0 0 0 0 0.1727375760674477 0 0.187378965318203 0 0 0 0 0.1686639487743378 4.08792182803154 0 0 0 0 0 0 0 0 0 15.75090196728706 0 0 0 0 2.192798167467117 0.8365443050861359 2.297797277569771 0.9507352411746979 2.832887023687363 0.8276808261871338 0 0 0 0.1534563675522804 0 0 0 0 0 0 13.76174037903547 4.394370287656784 2.986539945006371 60.20762684196234 9.510804802179337 46.0861624032259 5.510882295668125 198.8213636055589 18.75909698009491 0.4173903539776802 11.01363950222731 4.369269341230392 0 0.1321254521608353 0 9.06357604265213 0 0 0.2727442681789398 1.154897123575211 0 95.09900233894587 22.98969873785973
1093.547211296856 90.28391928970814 0.07124125957489014 198.4233898371458 94.37953275442123 480.6150905936956 1199.974334642291 0.09282836318016052 1.069816946983337 1186.638898909092 0 32.74220432341099 208.6084571927786 11.51773309707642 0 0 0.09031803905963898 0 0 0 0 0 0 0 0 0 0 0 0 0 13.15082261711359 0 0 0.2803392708301544 0 0 0 0 0 0 0 0 0 0.1264109015464783 0 0 1.582339741289616 0 0 0 0 0 0 0 0.2065639644861221 0 0.5926320627331734 13.44052877277136 0.9618856236338615 0.7145219147205353 0 0 0 0.1142025515437126 0.06740448623895645 0 0 0 0 0 0.7476571202278137 0 0 4.236181430518627 0.4820298179984093 0.3412273377180099 0 0 0 0 0 0 0.4617655351758003 0 0 0.07204049080610275 0 0 0 0 0 0 0 0 0 2.06759849190712 0 0 0 356.1226465627551 0 3.165646389126778 5.623107388615608 16.0146369934082 0.3659683763980865 17.96266903728247 8.722780138254166 1.628475025296211 45.05020387470722 12.12033885717392 0 10.64938742667437 52.50471085309982 5.141288608312607 1.066449798643589 0 0 0 0.4350802898406982 0 0 0 0 0 0 0 0 0 0 0 0 0 0 0 0 0 0 0 0 0 0 0 0 0 0 0 0 0 0 0 0 0 0 0 0 0 0 0 0 0 0 0 0.2987005710601807 0 0 0 0 0 0 0 0 0 0 0 0 0 0.3434210121631622 0 0 0 0 0 0 0.8572888374328613 0.1457706987857819 0 0.3501731753349304 0 0 0 0 0 0 0 0 0 0 2.105863332748413 0 0 37.31413915753365 0 2.211040392518044 0 613.3639375567436 0.6485697627067566 0 0.1453638970851898 0.6481013894081116 0 0 0 3.496657967567444 0 0 0 33.8687316775322 4.363201700150967 45.71013525128365 1.392361417412758
30.80643018335104 1584.566608786583 180.5714901983738 94.37953275442123 1292.369099341333 15.87355609238148 701.6716191545129 125.3170858249068 1456.122850105166 1366.681089669466 525.3810990825295 20.58287480473518 1215.272246852517 699.8271553739905 1.906275391578674 1.442381598055363 0.3932624459266663 0 0 0 0 0 0 0 0.1400425732135773 0 0 0 0 0 50.37374179065228 1.713607609272003 3.652854308485985 0 0 0 0.7880302891135216 0 0 0 0 0 0 0.06494942307472229 0 0.2907634824514389 53.3608088940382 0.8138571307063103 0.1635584756731987 0 0 0 0 0 2.604796193540096 0.6814887076616287 3.303025014698505 53.90397984534502 10.09190657734871 28.10488392412663 0.06416937708854675 0.2123844772577286 0 9.547056652605534 0.9203234240412712 0.7213687375187874 0.1426056697964668 0 0 0.1315172612667084 1.920274078845978 0 0 61.61918199062347 28.78987688571215 31.16926039755344 5.733956307172775 0.5678957626223564 0.2942410334944725 2.381714798510075 0.09763353317975998 0.0767546221613884 8.141684092581272 0.1907907053828239 0.2327439561486244 1.002517845481634 0 0.3152270540595055 0.1573620960116386 0 0 0 0 0 0 38.33143055438995 0 0 0 26.50061592459679 0.1538964658975601 0.927345335483551 2.654939472675323 0.7893154248595238 7.921286225318909 10.65208504348993 2.29975775629282 11.60917111486197 14.85300064831972 5.392604179680347 2.443159133195877 25.87946949154139 12.64630160480738 16.15478323400021 7.510336920619011 0 0 0 0 0 0 0 0 0 0 0 0 0 0 0.663729190826416 0 0 0 0 0 0 0 0 0 0.8535627946257591 0.2670624181628227 3.700961358845234 0.07974083721637726 0 0 0 0 0 0 0 0 0 0.5856683850288391 0 0 0 0 0 0.09475881606340408 0 0 0.73138028383255 0.2396520972251892 0 0 1.1817467212677 5.856559462845325 0 0 0 0 0 0 0 0 0 19.15554957836866 0 0 0 0 5.697202354669571 0 1.788442887365818 0.6155106276273727 0 0.1249223947525024 0 0 0 0 0 0 0 0 0 0 17.53150465339422 1.092238232493401 0.8706181570887566 110.2477085739374 0.4103849455714226 80.30291524529457 3.599199868738651 387.6720334514976 21.70864330977201 0.3827771842479706 15.42757625877857 5.281261399388313 0 0.3406664133071899 0 8.815795719623566 0 0 0 0.1557352244853973 0 184.5698813199997 28.18346033990383
51.88496588915586 87.29827411472797 3.863837838172913 480.6150905936956 15.87355609238148 3.806364059448242 163.0108144059777 1.0333651304245 4.410100147128105 777.6663840413094 4.709813110530376 72.4228907674551 54.11180090904236 18.7026764601469 1.501504845917225 1.469532653689384 0 0 0 0 0 2.563192315399647 0 0 0.2654223740100861 0.1522645801305771 0 0.6986859142780304 0 0 3.951855100691319 0 28.17721727490425 0 0 0 20.24705152213573 1.588408857584 2.367418885231018 0.4834389016032219 0 0 0 0 0 0 0.9043517932295799 0.1177594885230064 0 0 0 15.70397718250751 0.8311491310596466 0 0.1969573870301247 1.704011008143425 34.44491176307201 2.072922848165035 0 0.2988096326589584 2.071648329496384 12.56260189414024 0.9459172785282135 0 0 0 0 0.111100435256958 0.5151607841253281 0.8084015697240829 55.53535209596157 113.7467448115349 11.65492183715105 0.2911260798573494 0.1222040578722954 0.3724941238760948 0.1297936737537384 0 0.6158680319786072 4.153181150555611 0 3.730847239494324 0.09163758158683777 4.056919187307358 0 2.141658157110214 0.3175036609172821 5.919976308941841 1.338372558355331 29.00153632462025 0.404932476580143 5.062436290085316 0 0 0 84.89893382787704 47.62240996956825 2.187412932515144 3.267464965581894 244.401876822114 0 0 0.5532417297363281 2.481367379426956 0.3207651078701019 3.839606270194054 0.1268655955791473 1.914677709341049 5.375273466110229 0.1971924006938934 0.4015478491783142 5.265875235199928 2.982116729021072 1.647548541426659 0.3081781566143036 0 0 0 0 0 0 0 0 0 0 0 0.4263083189725876 0.1117808371782303 0 0.1048113778233528 0 0.447395920753479 0.3472365811467171 0.6074919998645782 0 0 0 0 1.508568376302719 0 0 0.1158973574638367 0.4519647210836411 0.4657861068844795 0 0 0 0 0 0 0 0 0 0 0 0 2.923742033541203 0.7145973443984985 0 0 0 0.3551118671894073 0 0 0 0 0.2487116008996964 0 0 0 0 0 0 0 0 0 2.567032739520073 1.5965326577425 0 0 0 0 0 0.1098048388957977 0 0 0 0 0 0 0 0 0 0 0 0 0 2.71367435157299 0.4670076817274094 0.2475959286093712 7.960200764238834 1.105066679418087 3.327291883528233 0.7964294925332069 271.7955058217049 0.6594331860542297 0.4109497368335724 1.092479899525642 0 0 0 0 1.540452003479004 0 0 0 0.8151601552963257 0 33.02820663899183 7.032569766044617
686.6215694993734 2059.788898900151 30.72542157769203 1199.974334642291 701.6716191545129 163.0108144059777 262.3460032641888 3.010056391358376 284.7949527800083 1571.185328446329 136.4888138622046 92.63498412072659 3367.087670385838 711.3241594657302 0.8512696251273155 1.158053629100323 0.09149516373872757 0 0 0 0 0 0 0 0 0 0 0 0 0 35.78771083801985 0.6734796166419983 3.306097842752934 0 0.1093473434448242 0 2.43642446398735 0 0 0 0 0.1399806290864944 0 0.2526533827185631 0 0 22.39602468907833 0.2538191601634026 0 0 0 0 0 0 2.797664098441601 0.9377174824476242 4.832576997578144 56.94530385732651 9.038411449640989 16.05164655297995 0 0 0.1899852603673935 4.645038522779942 0.9070710204541683 0.6303941160440445 0.2262521460652351 0.07061582803726196 0 0 0.6568437814712524 0 0 44.24300293251872 14.19856462627649 19.01987270265818 2.433895461261272 0.5141544491052628 0 1.205555073916912 0.1296989768743515 0.3814432397484779 5.490189358592033 0.07732565701007843 0.3106146976351738 0.4820890203118324 0 0.2126507088541985 0 0 0 0 0 0 0 25.02228028327227 0.8653815984725952 0 0.3064060807228088 123.8650173768401 0 0.4482509270310402 3.586232207715511 2.900026232004166 2.01876874268055 19.96119721978903 2.503458671271801 12.48884448409081 37.64257490634918 3.442278854548931 1.109843641519547 53.55462286621332 14.98024129122496 14.73758786171675 6.385101743042469 0 0 0 0 0 0 0 0 0 0 0 0 0 0 0 0 0 0 0 1.521973520517349 0 0 0 0 1.494270205497742 0.3824370503425598 1.067900322377682 0 0 0 0.1852485537528992 0 0 0 0 0 0 0.1142705306410789 0 0 0 0 0 0.07452884316444397 0 0.0676766037940979 0.1117825210094452 0.6877071112394333 0 0 0 1.918187625706196 0.2055970579385757 0 0 0 0 0 0 0 0 9.583038799464703 0 0 0 0 0.8978040218353271 0.164303332567215 0 1.065570473670959 2.706485360860825 0 0 0 0 0 0 0 0 0 0 0 9.511030904948711 0.7204854711890221 1.392335645854473 84.90440295636654 0.1570529118180275 42.16005630791187 2.811407044529915 538.3331532180309 10.56956471502781 0 12.22578101605177 4.413528770208359 0 0.09572518616914749 0.09931286424398422 10.56615027785301 0 0 0 0.5725923776626587 0.7432899698615074 133.649946115911 12.20716339349747
40.87362689524889 398.5413824990392 3421.924346618354 0.09282836318016052 125.3170858249068 1.0333651304245 3.010056391358376 599.0964052043855 34.40434066206217 12.11071802675724 1164.961653336883 6.381161756813526 79.7630355283618 430.0454920455813 41.69709019362926 45.88712774217129 43.41879642009735 1.515565223991871 1.130150951445103 4.279568031430244 9.376455262303352 2.107026651501656 0.6621710807085037 1.100322708487511 4.193537071347237 4.684053815901279 0.7819342538714409 7.198654897511005 0.577899694442749 0 1224.981853947043 2211.209263369441 66.61297342926264 4.770716547966003 2.394115529954433 14.86428106576204 34.25246695429087 15.39820156991482 6.144272364675999 3.853640176355839 26.12635823339224 13.94765822589397 16.69303381443024 137.3455574512482 1.406189292669296 26.63250930607319 210.2863095849752 10.44327395409346 16.72945483773947 4.456305950880051 2.439491428434849 3.995557636022568 0.4836232140660286 10.00190221518278 8.691650304943323 2.92795430123806 23.24935724958777 390.3657380416989 34.1607762016356 94.91574061661959 82.21877796947956 142.4918818697333 23.23691693693399 723.4886253103614 4.215817105025053 3.996011443436146 1.460002794861794 6.796824969351292 42.07422874867916 48.65373391658068 45.72670561075211 0.602003738284111 0 277.0670698434114 279.5676738396287 203.2982366904616 213.6354573071003 400.012193530798 728.8472663089633 1457.189613848925 305.0635676197708 354.2717653810978 21.83643508702517 0.7220620885491371 1.287901237607002 3.267807204276323 4.506754130125046 0.2974079474806786 0.649472214281559 0.5124217122793198 2.002147123217583 2.660245776176453 13.21875610947609 5.13158692419529 5.521690376102924 26.89213898032904 5.31498808413744 0.2168608754873276 3.196424543857574 37.9861910790205 0 0.5910437107086182 0 0 0 3.531368970870972 0 1.737507075071335 2.860515370965004 2.43639349937439 0.402326375246048 5.130178466439247 5.813620753586292 3.481562040746212 5.280526988208294 0 0 0 0.09505646675825119 0 0 0 0 0 0 0.09736403822898865 0 0.08772972226142883 0 0.2682473957538605 0 0.2039010599255562 0 0 0 0.1870225816965103 0 1.068617776036263 0.3465005159378052 2.451501838862896 1.453517317771912 4.495394922792912 1.672741770744324 0.1941839456558228 0 0 0 0 0 0 0 0.4143213331699371 0.6790998578071594 0 0 0.1980826258659363 0.1983598694205284 0.2280637249350548 0.08431363105773926 0 0 0.6247179508209229 0 0 0 1.747167989611626 3.151297189295292 0 0 0 0 0 0 0 0 0 11.68482907116413 0 0.1576618403196335 0.1034974828362465 0.2053780034184456 1.799227610230446 2.684680685400963 1.423437401652336 0 0.6667692735791206 0 0 0 0 0.07712166011333466 0 0 0.09097523242235184 0 0 0.2295607328414917 4.273587875068188 3.15140151232481 3.669715844094753 187.4282031282783 17.61042029410601 266.540750335902 26.25980361551046 346.9808467924595 49.59905681014061 0.8018962368369102 55.71966096758842 0.773357480764389 0.4981304854154587 0.4481904208660126 0 8.08580356836319 0 0 0.4348690509796143 7.709101729094982 1.887477487325668 62.4906614869833 5.976840861141682
8.492315113544464 473.243900462985 144.2495916858315 1.069816946983337 1456.122850105166 4.410100147128105 284.7949527800083 34.40434066206217 290.1669972091913 516.059193983674 904.3325408026576 15.2216669768095 1276.820616699755 765.4364067986608 2.606968253850937 0.8370403274893761 0.6705290824174881 0 0 0 0 0 0 0 0 0 0 0 0 0 15.27648689597845 5.296305172145367 4.235020160675049 0 0 0 1.709863677620888 0.08126317709684372 0 0 0 0 0.1063722148537636 0.390298143029213 0 0 27.07813102006912 0.2103001773357391 0.498478040099144 0 0 0 0 0 1.182744979858398 0.4978994056582451 1.63419546931982 12.45804560929537 3.419021964073181 10.74463016539812 0 0.3365337327122688 0 3.383265346288681 0.5202198699116707 0.1549413539469242 0.1967562958598137 0 0 0 1.224987410008907 0 0 25.52046998590231 14.57234117388725 16.9871881455183 2.669767700135708 0.3997034206986427 0.5148835778236389 0.4244718551635742 0.112294964492321 0.09872082620859146 2.406005032360554 0.09674889594316483 0 0.3060320764780045 0 0.09081335365772247 0.08076661080121994 0 0 0.2791584730148315 0 0 0 29.00013826787472 0 0 0.2040884494781494 4.192277073860168 0 1.234589710831642 1.62469033151865 0.5083651840686798 3.355678111314774 7.574733480811119 1.353858530521393 6.356334537267685 8.406711384654045 3.936471126973629 2.850161522626877 19.63943080604076 11.02125165611506 8.069440931081772 3.621336407959461 0 0 0 0 0 0 0 0 0 0 0 0 0 0 0 0 0 0 0 0 0.3979870080947876 0 0 0 2.272174209356308 0 3.100132770836353 0 0 0 0 0 0 0 0 0 0 0.3223216831684113 0 0 0 0 0 0 0.1351011544466019 0 0.2802453339099884 0.8944294154644012 0 0 0 1.112522795796394 0 0 0.3437556996941566 0 0 0 0 0 0 11.41802290827036 0 0 0 0 1.46137472987175 0.9928636252880096 0.9326127171516418 0 0.3567878007888794 0.3081910312175751 0 0 0 0 0 0 0 0 0 0 7.417283684015274 2.300578534603119 0.6133842095732689 69.54170492291451 0.4240958690643311 50.99860756844282 3.969661138951778 173.8578019589186 9.492348730564117 0.230377271771431 16.93853275477886 0 0 0.457023985683918 0 6.42100527882576 0 0 0 0.5837721526622772 0 109.4369830861688 15.44062741845846
880.0512693449855 1487.341773614287 29.13539380580187 1186.638898909092 1366.681089669466 777.6663840413094 1571.185328446329 12.11071802675724 516.059193983674 900.3587586134672 124.6473694890738 973.2460425272584 3951.428614705801 523.0538283810019 3.384781457483768 2.250756159424782 0 0 0 0 0 0.4135342091321945 0 0 0 0 0.355306088924408 0 0 0 9.420880049467087 0 20.05612613260746 0 0 0 31.63846498727798 0 2.348746135830879 0 0.1446846425533295 0.340505987405777 0 0.2028990536928177 0 0 8.745839931070805 0.1535547748208046 0 0.1179926246404648 0 0.1458485424518585 0 0.5609773695468903 0 0 1.08951635658741 12.26092532277107 0.9600659906864166 4.093159325420856 0.2609076201915741 0 0 0.376821368932724 0.240318164229393 0.08608262985944748 0 0 0 0 18.98911508917809 0 0 6.573359575122595 1.743593953549862 5.552836127579212 1.241510190069675 0.446663036942482 0 1.021031677722931 0 0.1843166500329971 1.258462861180305 0 0 0 0 0 0.1120149567723274 0.1561976969242096 0 0 0.124585248529911 0 0.1707734912633896 456.4636171758175 55.21767938137054 0.4456332623958588 0.4439707696437836 394.8440265208483 0.5920949280261993 5.403529062867165 18.89400548487902 31.64841010421515 15.22839677333832 54.715600438416 7.840748891234398 27.31140170991421 59.60576531291008 18.0432383492589 5.655177995562553 100.4148363992572 90.30101606249809 68.99187226593494 27.96740926802158 0 0 0 0 0 0 0 0 0 0 0 0 0 0.4674057364463806 0 0 0.7622229307889938 0 0 2.236469060182571 0.1325611770153046 0 0.2271701544523239 0 8.382755056023598 0 7.817794278264046 2.464433006942272 0 0 0 0 0 0 0 0 1.182127892971039 0.1939957290887833 0 0 0 0.6488916873931885 0 0 0 0 0.648707777261734 0.9479621946811676 0 0 0.2103187441825867 4.76298064738512 0.6500464975833893 0 0.2430044263601303 0 0 0 0 0 0 39.81673335283995 0 0 0 0 6.420053757727146 2.00960236787796 6.923393398523331 1.109264604747295 3.845931097865105 0 0 0 0 0 0 0 0 0 0 0 32.80562315136194 3.260428085923195 2.360374204814434 389.7683969214559 0.6219559162855148 18.94382558763027 4.232111722230911 1078.224937513471 2.748081773519516 0 13.56247047334909 14.44655632972717 0.1538061201572418 0.1623740941286087 0.1179515421390533 59.01330583542585 0.4442495107650757 0 0 1.904070362448692 0 701.6085461974144 74.8778733164072
103.4959140196443 1249.394349396229 1667.477537423372 0 525.3810990825295 4.709813110530376 136.4888138622046 1164.961653336883 904.3325408026576 124.6473694890738 635.5209016799927 84.50200936943293 1121.478052094579 1606.027687646449 17.23401676118374 11.59957948327065 1.945007398724556 0 0.1027897968888283 0.2332944720983505 0.1183513551950455 0.3037132322788239 0.110221803188324 0.1301129311323166 0.8823393881320953 1.510698951780796 0.2128590047359467 2.697557054460049 0.1388619542121887 0 491.5590947642922 50.50473252683878 443.6711620539427 0.1795634925365448 0.3582516014575958 3.702201873064041 82.34492226690054 6.188013792037964 5.099403545260429 2.369160488247871 3.324698902666569 2.902328819036484 0.8932863548398018 0.7695495784282684 0 0.3184314072132111 135.054107002914 1.368560664355755 0.6911475509405136 0 0.1970653831958771 2.0488645657897 0 3.285065874457359 5.500329591333866 2.287299476563931 8.18290476500988 113.3420445472002 24.11306069791317 65.77942359447479 1.793674975633621 261.5123889446259 0.5695411488413811 26.82880835235119 3.572784010320902 1.952686369419098 0.4852121584117413 0.9148344472050667 1.610159069299698 0.1624278128147125 41.54594746232033 0 0 140.8204082287848 72.93039055913687 101.1482445970178 20.14413664489985 3.635835029184818 2.810371622443199 456.9209217727184 0.7219230830669403 486.6444337815046 13.99249836802483 0.1608726531267166 0.3959354609251022 2.205474209040403 0.4149424433708191 0.4216933697462082 0.3543655425310135 0 0.1123439222574234 0.7278693988919258 0.6069495007395744 0.7577635571360588 1.549029424786568 78.57393223047256 8.805477783083916 0.6108063459396362 1.516566805541515 40.20044279098511 0.159380242228508 2.115327179431915 2.251290842890739 0.9443712830543518 4.835365287959576 8.633508779108524 1.27587915956974 13.07484678924084 9.159092150628567 3.7895832285285 1.81900292634964 41.79006818681955 12.51776296645403 14.04330180585384 7.108694829046726 0 0 0 0 0 0 0 0 0 0 0.5776798725128174 0 0 0 0.436097115278244 0 0 0 0 0.6272290498018265 0.3849318027496338 0.1773947328329086 1.643032364547253 0.2841174304485321 2.504813604056835 0.1522988528013229 4.213705532252789 0.4238254055380821 0.08541286736726761 0.1344754993915558 0.1451445966959 0 0 0 0 0 0 0.5164068341255188 0 0.1295202374458313 0.3024057745933533 0 0 0 0 0 0.8984775543212891 0.8176799416542053 0 0 0.6703434139490128 5.626535996794701 1.383475422859192 0 0 0 0 0 0 0 0 22.56696894019842 0 0 0 0 2.536048427224159 2.238194704055786 3.681516528129578 0.5007676333189011 0.2870899140834808 0.3543757647275925 0 0 0 0 0 0 0.1528451815247536 0 0 0 13.54258474707603 4.529204219579697 2.764627888798714 250.7706365808845 4.054540380835533 188.4966022223234 22.51746105775237 404.6854150518775 38.64451758563519 1.063687771558762 55.73069134354591 11.37042997777462 0 0.6141128912568092 0.1129776760935783 18.34334483742714 0 0.2839762717485428 0 5.203497149050236 0 189.6548051834106 27.02119961380959
8.569994322955608 123.608208373189 26.05357325822115 32.74220432341099 20.58287480473518 72.4228907674551 92.63498412072659 6.381161756813526 15.2216669768095 973.2460425272584 84.50200936943293 347.26700951159 1237.352981328964 263.1917148754001 7.993319518864155 4.33134088665247 0.7959080561995506 0 0 0.1779528111219406 0.4089647531509399 0.8895526900887489 0 0 0.5519469380378723 0.190692201256752 0 0.5541412383317947 0.2739481925964355 0 20.65245497971773 0 81.77343305945396 0.149961531162262 0.1411192119121552 0.3990479111671448 226.1989745125175 6.898139715194702 6.786240130662918 0.8080290555953979 1.236110784113407 1.65954016149044 0 1.725886359810829 0 0.111329011619091 25.69319768249989 0.7560539022088051 0.4837820678949356 0.1179204434156418 0.09913787245750427 2.410635188221931 0.7535954117774963 1.834499798715115 0.261416532099247 0.08931449055671692 0.4999912232160568 12.36503679305315 1.519711002707481 6.700279407203197 0.3064901828765869 4.915007084608078 0.3310859352350235 0.5565048679709435 0.3766651526093483 0.5857244059443474 0 0.07945981621742249 0.5387811809778214 0.2231731191277504 72.9171672090888 1.509241417050362 0 10.43563483655453 3.614465095102787 14.77148846536875 3.024045005440712 0.9983226880431175 0 41.64936462789774 0.1331935822963715 1.273253001272678 1.000812962651253 0.09739913791418076 0 0 0 0 0 0 0 0.5464155524969101 0 0.3598147928714752 0.8912163823843002 950.1340817064047 58.44735284894705 0 4.104836322367191 13.50157255679369 1.18044276535511 1.789017230272293 6.895383886992931 1.797290533781052 9.78368865698576 23.06490735709667 2.894495122134686 28.15875858813524 39.7163949906826 10.82618153840303 4.369993969798088 59.21121711283922 40.23943499475718 35.35880871862173 42.24472273886204 0 0 0 0 0 0 0 0 0 0 0.702465832233429 0 0.3601449429988861 0 0.7400932833552361 0 0 0 0 0.3551676943898201 0.5861788541078568 0.3320892751216888 0.3338880389928818 0 11.54816015064716 0.7095581814646721 16.16902910172939 2.518456533551216 0.9211825728416443 0 0 0 0 0.1361923664808273 0.1103345453739166 0 0.8796328604221344 0.7996369749307632 0 0 0 0 0 0 0 0 2.582053646445274 1.870091170072556 0 0 1.522908240556717 16.23751536011696 1.322456404566765 0 0 0.0806296169757843 0 0 0 0 0.5134139657020569 70.7606049105525 0.125478208065033 0 0 0 5.832178592681885 4.718975096940994 7.470502108335495 2.846594497561455 4.710564255714417 0.8140491023659706 0 0 0 0 0 0 0.08303966373205185 0 0 0 49.90651068836451 11.93874272704124 7.86807519942522 168.2392942979932 3.270803928375244 48.95015133917332 10.14836390316486 180.7585640698671 6.330064088106155 0.2374117225408554 32.06792056560516 12.87158642709255 0 0.7558071315288544 0.2167233228683472 25.52082762122154 0.5292589664459229 0.1133483201265335 0.778129443526268 5.224001958966255 0 443.5272351577878 74.86072134226561
63.85469646006823 2317.26747251302 270.6238289475441 208.6084571927786 1215.272246852517 54.11180090904236 3367.087670385838 79.7630355283618 1276.820616699755 3951.428614705801 1121.478052094579 1237.352981328964 2004.622695736587 1173.804854758084 17.247368671 10.3975717574358 0.7672894522547722 0.08365698158740997 0 0.1276950240135193 0 0.5826314836740494 0 0 0.483464851975441 0.6428891271352768 0 1.197916492819786 0.1610778272151947 0 56.53935300558805 1.540610373020172 302.906565964222 0 0 0.9598471075296402 254.8396257087588 12.61610282957554 18.26703217625618 0.8143665343523026 2.958549462258816 3.590093441307545 0.1174611523747444 0.9324534311890602 0.189165472984314 0.3340843245387077 78.86027680337429 1.580911107361317 0.3110524713993073 0.1973194628953934 0.1137577816843987 2.880350850522518 0.328664243221283 1.675065413117409 1.91415036469698 1.139599040150642 2.010485209524632 23.12175694853067 7.886146977543831 30.09128218889236 0.2554311454296112 8.442400090396404 0.2775523215532303 4.837978571653366 0.8969796001911163 0.441276378929615 0.1793387979269028 0.1149153932929039 1.445948071777821 0.2892549112439156 194.7340251356363 0 0 49.30947278439999 23.67650549858809 47.77383302897215 15.60194108635187 3.285515420138836 0.0892784595489502 37.93892966210842 0.07602004706859589 1.015064842998981 6.812825694680214 0 0.1661883816123009 0.654831275343895 0.5312754288315773 0 0 0.492901086807251 0.1130946055054665 0.42940554022789 0.122455008327961 0.9063857272267342 1.308392442762852 632.240814357996 18.89095786958933 0 2.147451810538769 17.05913596600294 1.692200928926468 2.095426186919212 13.96489153057337 4.17977286875248 12.14688038825989 35.43922139704227 8.336418583989143 44.52573190629482 65.22394502907991 13.40327962487936 9.26662316173315 90.51485928148031 71.3166104927659 47.08769537508488 44.65152451395988 0.07730381190776825 0.2815121710300446 0 0 0 0 0 0 0 0 0.1692882478237152 0 0.1149888709187508 0 0.1255185902118683 0 0.1025867462158203 0.2087811082601547 0.2728447318077087 1.385348916053772 0.7481440156698227 0 0.0978776291012764 0 10.42272014915943 0.8263142332434654 19.83308180421591 1.169197738170624 0.1827645748853683 0 0 0.1006094291806221 0 0 0 0 1.088135339319706 0.6374673098325729 0 0 0 0.1469197422266006 0.1696750372648239 0.09531574696302414 0 0 0.9104708135128021 1.070343546569347 0 0 1.825691819190979 15.93546356260777 0.7106827199459076 0.1706215143203735 0 0 0 0 0 0 0 73.70656841248274 0.1350631266832352 0 0 0.1091432124376297 7.851568646728992 6.113192401826382 8.968297779560089 2.681024119257927 4.326248474419117 0.693849004805088 0 0 0 0 0 0 0 0 0.10554338991642 0 51.89756894856691 12.0119779035449 11.11743576079607 375.6469742432237 3.75502011179924 131.3640755861998 19.4647115021944 436.2675754502416 25.16747584939003 0.236264131963253 70.48453003913164 17.34149204939604 0 1.954147085547447 0 34.94015522301197 0.8138196170330048 0 0.4105950891971588 5.805525131523609 0.7716596722602844 613.611364774406 83.95026303827763
64.2058073207736 1344.331751748919 811.5251621156931 11.51773309707642 699.8271553739905 18.7026764601469 711.3241594657302 430.0454920455813 765.4364067986608 523.0538283810019 1606.027687646449 263.1917148754001 1173.804854758084 486.2712215706706 25.76299560815096 20.28363385051489 1.540036827325821 0.4468487799167633 0 0.5223753526806831 0.168664425611496 0.608504444360733 0.3782950639724731 0 1.690099745988846 1.581480830907822 0.2903891503810883 2.123528398573399 0.3284680619835854 0 236.8995036408305 7.957279250025749 849.5220847725868 0.1498692780733109 0.1516975909471512 3.024505868554115 271.6953921616077 7.055372782051563 15.3587526679039 1.65390345454216 4.05073519051075 5.326561748981476 1.036863513290882 2.424976110458374 0.1582803130149841 0.1030281335115433 140.6493530571461 1.510943911969662 1.641555368900299 0.4191827923059464 0.61859430372715 3.698809780180454 0.9802187383174896 5.043618947267532 2.871675886213779 2.284705780446529 4.619994379580021 64.01594966650009 15.1707299426198 55.56363174319267 0.9508604630827904 122.9639860093594 0.34125716984272 16.33987182378769 2.216053441166878 0.82514388859272 0.4239367768168449 0.7831676304340363 3.421211466193199 0.3354892507195473 144.6743958219886 0.1902551501989365 0 97.85071331635118 51.31675352156162 96.15113015472889 24.89432956278324 4.877603814005852 0.4167782515287399 144.4615036398172 0.094009168446064 131.5980413779616 11.76994794607162 0.08725367486476898 0.4171887785196304 0.812522254884243 0.2852342277765274 0.6326934248209 0.1703464612364769 1.466697074472904 0.5944112688302994 1.950424067676067 1.418073654174805 0.8479118719696999 3.102745033800602 228.4156517609954 15.30959145724773 0 2.518078699707985 23.2425422668457 2.318379156291485 2.72878435254097 8.095259018242359 1.129936151206493 7.989824756979942 19.86133871227503 1.796521909534931 19.84524418413639 26.41643791645765 9.013137847185135 5.727598920464516 54.43047840893269 34.19661600142717 22.97856356948614 23.54051803797483 0 0 0 0.3052225708961487 0 0 0 0 0 0 0.2640257775783539 0 0.3162158206105232 0 0.09536606073379517 0.1215914711356163 0.1273300498723984 0 0 0.9283305704593658 0.4660180807113647 0 0.3017710223793983 0.1465004533529282 9.607520945370197 0.7956938743591309 11.52524896711111 1.540440045297146 0.1824002116918564 0.2989247739315033 0 0 0 0 0 0 1.381078094244003 0.1190808415412903 0 0 0 0.09620139002799988 0 0 0 0.1860915422439575 1.434345170855522 0.823758065700531 0 0 1.766615368425846 10.01362292468548 1.515523716807365 0.2002441734075546 0 0 0 0 0.1418391466140747 0 0 52.17978505790234 0 0 0 0 6.039824202656746 2.939572118222713 2.872148297727108 1.490637049078941 4.028191834688187 0.4799282252788544 0 0.1112651228904724 0 0 0 0 0.06484346836805344 0 0 0 37.90572948753834 5.767378501594067 8.385874606668949 424.0000956952572 5.134590029716492 215.3943444266915 27.45548114925623 443.9859999641776 36.675058349967 0.8811674118041992 101.0220159068704 5.601299718022346 0 0.9377050697803497 0.2789831459522247 26.67639257013798 0.2584701180458069 0.6252795457839966 1.030333712697029 7.774426154792309 0 238.7340869233012 39.15436344593763
0.08774662017822266 5.442607901990414 3.751323767006397 0 1.906275391578674 1.501504845917225 0.8512696251273155 41.69709019362926 2.606968253850937 3.384781457483768 17.23401676118374 7.993319518864155 17.247368671 25.76299560815096 122.8261036872864 1879.184427715838 391.0312160626054 0.5040533542633057 1.590866751968861 0.832085907459259 0 0 0 0 4.289141178131104 0.8184278383851051 0.2869715392589569 0.4187580198049545 0.6080125793814659 0.1405265927314758 9.832723654806614 1.982650279998779 32.7295079678297 4.30724011361599 0 3.620149694383144 17.5513117685914 7.951767057180405 7.250718377530575 4.053946956992149 0.7188966199755669 0.7259219586849213 1.799648635089397 351.5071141198277 4.110149934887886 28.50161196291447 159.8273999094963 9.058455765247345 41.74040798842907 0.2880241051316261 0.07511091977357864 0.4401775449514389 0.1239517256617546 0.7252618968486786 1.33636899292469 0.4781518988311291 0.06621930748224258 3.307030491530895 10.2425946444273 150.3286532759666 19.24359719455242 15.05943121016026 8.629204265773296 3.043254718184471 0.6720651909708977 0.568326510488987 0.07461442053318024 0.4987132102251053 5.874376147985458 3.127940990030766 22.44229802489281 0.7220183610916138 0 156.5377046242356 6.853194586932659 330.9937459304929 207.0891696512699 489.8228050917387 12.37665348500013 35.62676402926445 28.9482284411788 41.20612675696611 3.302774600684643 0.1174328923225403 0.07292468100786209 0 0.3398344814777374 0.3743354231119156 0 0 0.3090857565402985 0.1378209441900253 1.048302367329597 0.2102948874235153 0.995851568877697 8.220915138721466 2.021473318338394 0 3.723559975624084 1.041168004274368 0 0 0 0 0 0 0.1011321470141411 0 0 0.1291581094264984 0.1385055482387543 0.1641483455896378 0.28012365847826 0 0.6770270019769669 0 0 0 0 0 0 0 0 0 0 0 0.1362247467041016 0.1053192466497421 0 0.1262093782424927 0 0.1269027888774872 0 0 0 0 0 0 0.1619243323802948 0.1670194044709206 0.2050550803542137 1.235209748148918 0.8394987508654594 0.908148966729641 0 0 0 0 0 0 0 0 0 0 0 0 0.4945349171757698 0 0 0 0 0 0 0 0 0.124135248363018 0.6195067167282104 0 0 0 0 0 0 0 0 0 2.073791712522507 0.2318076342344284 0 0 0 0 0.1473266184329987 0.2074701711535454 0 0.09555582702159882 0 0.1115551292896271 0.1313502639532089 0 0 0 0 0 0 0 0 1.13799212127924 1.233292996883392 0.5410877987742424 10.61070795357227 3.992591954767704 129.4335057511926 13.59112595766783 11.59148146212101 2.693246155977249 0.1531874984502792 1.612926699221134 0.1838118135929108 0 0 0 0.1504163593053818 0 0 0 0.873642772436142 0 7.444220930337906 0.7139264419674873
