461.4952250048518 2009.257787495852 1000.730022504926 2045.295047901571 21.65098861604929 161.381382226944 146.0243595615029 79.14342492818832 7.164578050374985 950.9750357046723 296.9880515858531 20.70324341952801 79.02149233222008 145.1054425761104 2.607956804335117 1.808547109365463 1.066849805414677 0.1621988117694855 0.2201746180653572 0.3719715103507042 0.1408187747001648 0.1434321999549866 0.1124848574399948 0.1845623254776001 0.3236074000597 0.3128349930047989 0 0.8589275032281876 0 0 856.7078570500016 17.62208872288465 20.23811095952988 0.733937069773674 0 0.5168530195951462 8.711499571800232 2.013927415013313 0.6758172437548637 0.2388025000691414 0.09627911448478699 0.1144735738635063 0.3660214245319366 0.4306574016809464 0.2468770816922188 0.2020078375935555 43.17119705677032 7.267494544386864 2.120953887701035 0.853947140276432 0.2598012387752533 0.1306424140930176 0.2660480961203575 0.2972242012619972 10.65874654054642 17.69957740604877 233.1342731714249 962.339142754674 82.81771522760391 77.45373404026031 0.5536929294466972 2.803050264716148 0.2529608160257339 18.07656478881836 5.9670230448246 2.790582194924355 1.02330743521452 0.9756923094391823 0.461223766207695 1.606891453266144 16.84334280341864 15.94060914218426 0.2860209047794342 369.1106823198497 19.05068004131317 40.78042697533965 7.050333611667156 4.690202005207539 2.720275737345219 14.60172724723816 2.250703617930412 7.53578120470047 20.8555970788002 0.7039475962519646 4.744819678366184 8.452669266611338 1.305906370282173 0 0.7224190905690193 0.3052459359169006 0.1391303539276123 0.1700537204742432 1.217370048165321 0.08969742059707642 0.3130315244197845 152.0083059892058 26.80268469452858 0.9378013163805008 3.981682509183884 1037.661062195897 4.850653916597366 33.40788590908051 8.955842599272728 2.089429095387459 1.870539732277393 10.56579779833555 20.94561246037483 13.40335819870234 18.41136972606182 46.30746703594923 1.911714591085911 12.79251078516245 11.66778871417046 9.059293389320374 3.496254675090313 0 0.7945365235209465 0 0 0 0 0 0 0 0 0 0 0.4610056281089783 0 0.4184084981679916 0 0 0 0 2.750527054071426 1.475665420293808 0 0.6315377950668335 0 1.79673658311367 0.6958906874060631 2.247504077851772 1.261687345802784 0.6771876215934753 0 0 0 0 0 0.3850939571857452 0 0.8472763374447823 1.290241628885269 0 0 0 0.09180291742086411 0 0.07577791064977646 0.3009898960590363 0 0.8440368473529816 0.7989691942930222 0.9089805260300636 0 3.315932288765907 4.669663429260254 0.7545589506626129 0 0 0 0 0 0 0 0.07706337422132492 1.44901517033577 0 0 0 0 3.619377322494984 0.1214551478624344 6.824933357536793 0.6647595092654228 1.448860391974449 0.157333180308342 0.2204911485314369 0.2828634157776833 0 0.08751022070646286 0 0 0 0 0 0 5.487105496227741 0.460259236395359 3.759350247681141 500.8570880964398 14.34245666116476 192.5536614879966 14.68432477116585 1293.30811868608 22.35312354564667 8.582825541496277 3.302168652415276 36.6634352132678 0 1.357426963746548 0.2798811942338943 115.0192781239748 0.2717877924442291 1.171557672321796 0 0.9430631101131439 0 765.2355621755123 28.72546865046024
2009.257787495852 1432.092356897891 2673.363267175853 1164.855009019375 1139.863886401057 222.9026770144701 2932.695620048791 354.9993842318654 604.9088585972786 1269.477646395564 2241.035410135984 154.9837669432163 459.8813636302948 699.2134758085012 9.534485779702663 4.18610654771328 2.037066020071507 0.6494931355118752 0 0.5004770904779434 0.2418472319841385 0.2607048451900482 0.08638636767864227 0.19770148396492 0.8798193633556366 0.1927393451333046 0.1081646680831909 0.1839855313301086 0 0.09460326284170151 1113.489640943706 101.8916556015611 34.90840055048466 0.4545477405190468 0.2027099505066872 1.386536702513695 12.33375912159681 2.09836533665657 0.8173468410968781 0.135008379817009 0 0 0.5705099925398827 3.374283351004124 0 0.9254226163029671 90.18909022957087 9.36473698168993 2.255474768579006 0.8974106833338737 0.5596074089407921 0.09283957630395889 0.09684131294488907 0 10.90831854194403 21.42189843207598 133.8422905430198 624.3892960846424 63.79253153130412 104.2311171293259 0.7938605546951294 5.483980476856232 0.1514401584863663 86.74352826923132 7.059186153113842 4.679892495274544 1.685237109661102 2.145099073648453 1.259455993771553 0.9125710353255272 26.54161356389523 0.5172115713357925 0 328.1960171163082 42.16360527276993 98.68490882962942 44.3067412674427 15.47142949700356 6.229306571185589 29.19362039119005 1.557614989578724 6.53192088752985 29.00884708762169 0.4596106335520744 6.239877462387085 13.98633060976863 1.988456062972546 0 1.440863259136677 0.1082163527607918 0.1714358627796173 0.1750388070940971 0.5638252794742584 0.3794059753417969 1.053548060357571 33.31695453822613 3.227643743157387 0 0.8974742069840431 788.786563783884 2.731638565659523 10.42493027448654 3.626078955829144 0.891609862446785 2.047393977642059 4.921820484101772 7.789443753659725 7.695271372795105 17.39068894833326 37.76421916484833 6.925009615719318 14.78179094195366 15.09610991179943 8.999702751636505 4.684464633464813 0.1089033707976341 1.099139183759689 0 1.423612236976624 0 0 0 0 0 0 0 0 0.9454140365123749 1.18157759308815 0 0.7025188207626343 0 0 0.12543585896492 8.603742435574532 1.021653667092323 0.1075343415141106 0.3548842221498489 0 4.596909068524837 2.800840422511101 5.312252640724182 2.399305664002895 0.3950994685292244 0 0 0 0.7272303774952888 0.1135519072413445 0 0 0 0.6318413764238358 0 0 0 0.199745312333107 0 0.08415672183036804 0.1036556214094162 0 0.5073393285274506 0.8766371309757233 0.4568558633327484 0.2697870284318924 5.326304562389851 4.069855459034443 2.241326332092285 0 0 0 0 0.1101511120796204 0 0 0 5.710228703916073 0.6087764799594879 0 0 0 6.277668088674545 1.917759217321873 13.42675368487835 0.08504530042409897 1.901387073099613 1.189646981656551 1.14527104049921 2.212469488382339 0 0 0 0 0 0 0 0 6.080902211368084 3.442213766276836 4.107052020728588 503.2843634299934 18.10216899216175 362.551664672792 37.63022699952126 733.1024662181735 46.2155299782753 3.281886152923107 14.1388875246048 19.34878088533878 0 5.518403671681881 1.766161248087883 33.27024866640568 0 0.08374621719121933 0.09403832256793976 2.160332515835762 0.675981268286705 265.3506197184324 24.87627026438713
1000.730022504926 2673.363267175853 1175.048148028553 190.2132655382156 904.3306679353118 38.48431438207626 447.3765769079328 1158.857902169228 1162.109407261014 318.6054620072246 2262.119015485048 49.38384489715099 172.6696430817246 1020.419796980917 11.84174255281687 9.682464055716991 2.410126090049744 0.698298305273056 0.2334601357579231 3.587349571287632 4.005850553512573 0.8063181862235069 2.044746667146683 1.166717067360878 2.758365549147129 0 0.2050838097929955 0.128316193819046 0 0 2076.673941113055 368.4478464201093 87.25301726907492 3.915566183626652 1.230740197002888 4.372943408787251 27.43413046002388 6.889974728226662 2.160216487944126 0.2483485266566277 1.694332800805569 1.374163798987865 4.263982772827148 11.29317517578602 0.6261492669582367 2.717238537967205 51.15518821030855 5.255810223519802 1.667548902332783 1.936555914580822 0.6906152963638306 0.703987255692482 0.4443178772926331 0.6385636925697327 4.193061970174313 8.984641060233116 69.22119730710983 443.9933077394962 27.60245697945356 46.71826016157866 7.390343114733696 13.49111544340849 1.275413535535336 87.79701572656631 3.374801978468895 1.860717318952084 0.2557847872376442 1.249522618949413 4.513016887009144 12.42706058174372 34.99322696775198 2.658397302031517 0.6010175794363022 146.53389506042 27.05331441760063 60.81356289237738 36.54859716445208 25.75898100435734 82.99665987491608 156.4520630761981 37.30548815429211 102.6196510493755 12.46358855068684 0.2654402405023575 2.840413346886635 4.566830843687057 2.596859641373158 0.08979257941246033 0.9769684225320816 0.4317814707756042 0.5056846141815186 0 8.174477703869343 0.6173069030046463 0.6047770977020264 42.74744661152363 5.781523033976555 0.1328670382499695 2.153112255036831 186.8877153024077 0.7007156610488892 4.874473363161087 1.443532600998878 0 0.8935776799917221 1.681131698191166 2.341890275478363 5.231920845806599 5.236098907887936 9.008654214441776 2.165016733109951 5.755542330443859 8.772947244346142 3.387886971235275 4.109013244509697 0 0.1205206587910652 0 0.09376220405101776 0 0.1037501394748688 0 0 0 0 0 0 0.7865391671657562 0.1307213455438614 0.1002180874347687 0 0 0.111002005636692 0 2.90974310785532 0.554287388920784 0 0.8490894436836243 0.232080951333046 1.861083172261715 1.54053995013237 2.577003307640553 1.156866848468781 0.3826678991317749 0 0 0 0.2828752249479294 0.1026854068040848 0 0 0.458109050989151 0.2855823561549187 0 0.1187091693282127 0 0.4880001619458199 0 0.1453081220388412 0 0 0.2414789348840714 0.1960481554269791 0.6675450205802917 0.1818105354905128 2.481557197868824 2.691214181482792 0.8354649469256401 0 0 0 0.09587900340557098 0 0 0.2076712399721146 0 4.377939112484455 0 0 0 0 2.632461369037628 1.553389094769955 3.310534723103046 0.08963194489479065 0.5314343273639679 0.2409017831087112 0.2787424027919769 0.9598098769783974 0.1061279401183128 0 0 0 0 0 0 0 2.173721842467785 1.085047289729118 2.392809420824051 264.4187411665916 12.49626305326819 184.9903042018414 32.8002854436636 192.7616743147373 21.72276175022125 1.465647399425507 8.070055171847343 5.916994951665401 0 4.795233368873596 0.5207779034972191 8.647180736064911 0.5989397093653679 0.3518891036510468 0 1.367003902792931 0.2867622375488281 65.770726531744 9.562211006879807
2045.295047901571 1164.855009019375 190.2132655382156 537.2984099090099 48.82734431326389 676.6456954777241 343.6409573629498 2.851455792784691 17.44094252586365 2328.34542132169 28.90693461149931 21.84851655364037 341.3332295045257 69.25858747959137 0.9590959250926971 0.1913945972919464 0.2800765857100487 0 0.09933706372976303 0 0 0 0 0 0 0 0.09598059952259064 0 0 0 22.83027329295874 8.852242700755596 2.172250330448151 0.132025882601738 0 0 0.5900228023529053 0.1171214804053307 0 0 0 0.08553288877010345 0 0.5235577672719955 0 0 19.45709826052189 1.882109254598618 0.1224903911352158 0 0 0 0 0.0851336270570755 2.114276207983494 3.001606017351151 19.99851159751415 74.75954597443342 10.27018417418003 20.15104858577251 0.0920337587594986 0.3601184114813805 0 14.14757840335369 1.12175153195858 1.217746928334236 0.3136060684919357 0.1917237564921379 0.2101704105734825 0 0.9747059196233749 0 0 56.67486671358347 8.595473118126392 18.29510736465454 7.451655820012093 1.851931929588318 0.4729134663939476 0.08254841715097427 0 0.2771387100219727 5.858645297586918 0 0.9717519208788872 2.037043191492558 0.3600300252437592 0 0.1562421247363091 0 0 0 0.09429986029863358 0 0.1232172399759293 7.54843570291996 0.300386369228363 0 0.3080878555774689 202.6446175947785 0.1797874569892883 5.273788660764694 9.590386644005775 2.030795246362686 0.1505465656518936 8.766491651535034 0.9214093834161758 3.52527641505003 12.33280792832375 11.9189887791872 1.636377975344658 2.355054788291454 3.015368327498436 3.158612713217735 0.6716955453157425 0.124741218984127 0.2579586207866669 0 0 0 0 0 0 0 0 0 0 0 0 0 0 0 0 0 0.5436409562826157 0 0 0 0 0.8560985401272774 0.6595920622348785 2.085965633392334 0.5580428689718246 0.1640443056821823 0 0 0 0 0 0 0 0 0.262291431427002 0 0 0 0 0 0 0 0 0.1159780099987984 0 0 0 1.143040418624878 0.362970694899559 0.3759468793869019 0 0 0 0 0 0 0 0 0.3258576095104218 0 0 0 0 0.5815026313066483 0.6958742737770081 0.3878477513790131 0 0.2248509377241135 0.3476981744170189 0.2113114073872566 0 0 0.07847021520137787 0 0 0 0 0 0 2.082707896828651 0 0.2462810426950455 106.5751796737313 4.350145801901817 85.19997315108776 8.402829363942146 264.586715221405 10.73150542378426 0.09338904172182083 2.401274353265762 5.466497465968132 0 1.465243071317673 0 9.004051856696606 0.9882462024688721 0 0 1.129232138395309 0 114.2960431575775 2.225052192807198
21.65098861604929 1139.863886401057 904.3306679353118 48.82734431326389 1926.811470508575 1.795151025056839 2686.772868894041 84.95859920233488 1899.983092114329 293.5705187395215 1728.62908411026 67.56413327157497 312.9152739867568 773.8141911253333 3.037543013691902 0.5273032039403915 0.1786287501454353 0 0 0.09134479612112045 0.1397926509380341 0 0 0.2069181874394417 0 0 0.09503535181283951 0 0 0 27.25973482429981 20.92095101624727 2.520498618483543 0.2035742849111557 0 0 1.669851556420326 1.026993572711945 0 0 0 0 0.4429129958152771 0.380912758409977 0.1106375828385353 0.2825933769345284 11.6114612147212 1.233955897390842 0.1776415258646011 0.08582045137882233 0 0 0 0 0.8929859325289726 1.916994109749794 6.977354615926743 34.78060954064131 3.413172639906406 7.825569309294224 0.1088525354862213 0.07451242208480835 0 14.2891058921814 0.2946459911763668 0.3405583500862122 0.3054584562778473 0.2389215528964996 0.1921505853533745 0.08688913285732269 6.88348725438118 0 0 19.35614243149757 5.321774251759052 13.24826600402594 8.406431294977665 5.720158711075783 0.9045436829328537 0.2071999683976173 0.1098978072404861 0.6041911169886589 2.458794549107552 0 0.6967723667621613 0.5795399770140648 0.4231029227375984 0 0.1700668558478355 0 0.07951938360929489 0 0 0 0 8.333656564354897 0.7348603010177612 0.1146334707736969 0 1.642875552177429 0.2129080146551132 1.28667326271534 0.7150501385331154 0.1637424230575562 0.5410299897193909 1.882022619247437 1.849329195916653 3.915315091609955 5.558383427560329 7.48450194299221 2.38605747371912 4.677170813083649 6.371959693729877 3.969045594334602 1.547610267996788 0 0.2915258854627609 0 0 0 0 0 0 0 0 0 0 0 0 0 0.1614388823509216 0 0 0 2.924291253089905 1.126036822795868 0 0.2660731971263885 0 2.059624865651131 1.516294702887535 2.763789884746075 0.7112089544534683 0 0 0 0 0.3195977210998535 0 0 0 0.1092609241604805 0 0 0 0 0 0 0 0 0 0 0 0.1298379600048065 0 1.193836569786072 1.278409831225872 0.83806973695755 0.126063346862793 0 0 0 0 0 0 0 1.835373796522617 0 0 0 0 2.207399792969227 0.992890752851963 4.143317133188248 0.7554313912987709 0.7316612005233765 0.0848580002784729 0.3745259195566177 0.7719454020261765 0 0.08299721777439117 0 0 0 0 0 0 2.700879901647568 1.067201972007751 1.044960908591747 62.04011858999729 3.191400229930878 47.54684248566628 6.989269211888313 20.34843414276838 6.572714224457741 0.446592316031456 1.993567787110806 3.312006965279579 0 3.298063583672047 0 5.652526594698429 0 0 0 0 0.3669420927762985 10.25267120450735 4.668333902955055
161.381382226944 222.9026770144701 38.48431438207626 676.6456954777241 1.795151025056839 10.95893657207489 22.17712097615004 5.50000361353159 1.57948425412178 474.2637604549527 12.35712660849094 35.7436498478055 37.70736357569695 15.24154946208 0.2086988091468811 0.1482844799757004 0 0 0 0 0 2.666344985365868 0 0 0 0 0 0.2629141807556152 0 0 9.161724269390106 0.9311330914497375 12.2172918766737 0.0933331623673439 0 0.4719403237104416 22.35375342518091 3.241104796528816 2.256960690021515 0.1443181931972504 0 0 0 0.1222618147730827 0.1329841017723083 0.960650309920311 0.2126372009515762 0 0 0 0.2899460792541504 3.803737327456474 1.107563614845276 0 0 0.8304578065872192 54.24170767515898 3.023601397871971 0.745502345263958 0.6282145902514458 0.9498714208602905 7.780499182641506 0.1294224113225937 0.1254839599132538 0 0.3049744069576263 0.6686995923519135 0 0 0 73.48830364644527 169.6579673886299 5.880689337849617 1.730320729315281 0 0.3392816781997681 0.1126382052898407 0.4684944823384285 0 4.381408274173737 0.3662000745534897 2.926787234842777 0 0.6491915136575699 0 0.2977829277515411 0 3.412911377847195 1.160190485417843 6.325056537985802 0 0.1397511065006256 0 0 0 183.96961414814 82.34907567501068 15.29314355552197 11.71910287439823 327.8297403156757 0.4333315044641495 10.3093459457159 5.248942598700523 2.853551045060158 1.671921208500862 3.304432936012745 7.541949391365051 4.344505503773689 8.739755287766457 20.76218935847282 1.81717362254858 4.992959469556808 5.532593160867691 2.430090375244617 0.1574928015470505 0 0.1324429959058762 0 0 0 0 0 0 0 0 0 0.5746637731790543 0 0 0.2695868611335754 0 0.2656880766153336 0.9445472657680511 0 0.3059030175209045 0.3628557622432709 0.2682106792926788 0.2279938012361526 0 0.3288344889879227 0.357941173017025 2.697873413562775 0.6101589798927307 0.2420962452888489 0 0 0 0 0 0 0 0.1477083116769791 0 0 0 0 0.9902165159583092 0 0 0 0 0 0.4806045740842819 0.3163319826126099 0 0.1492410451173782 0.6066297888755798 0 0 0 0 0 0 0 0 0.1194970458745956 1.083379045128822 0.2920641899108887 0 0 0 1.152390390634537 0.2556116878986359 0.3143166899681091 0 0 0.3394123539328575 0 0 0 0.1616388410329819 0 0 0 0 0 0 2.588770091533661 1.041010163724422 0.2921870052814484 14.78261414170265 0 2.754194505512714 0.137769028544426 74.25741657614708 0.2792558595538139 0.3804541826248169 0 8.61342666298151 0 0.3601212203502655 0.9134522527456284 23.93078002333641 0 0 0 0 0 87.6516392827034 28.59118694067001
146.0243595615029 2932.695620048791 447.3765769079328 343.6409573629498 2686.772868894041 22.17712097615004 1348.18327677995 74.88679147511721 1609.020244978368 3277.392132371664 750.6023969575763 746.398230612278 4859.443806231022 2212.138858824968 16.67259860783815 7.606456331908703 3.133425928652287 0.345082975924015 0.3669673651456833 0.2081199437379837 0.5203274339437485 0.2488700896501541 0.1843657270073891 0.2099787294864655 0.4343802481889725 0.5554631948471069 0 0.09609296172857285 0 0.09385597705841064 68.47992680966854 78.95404181629419 20.07456508278847 0.7152191624045372 0.2846753746271133 0.731319934129715 21.66755092889071 0.8528249114751816 0.9148541688919067 0.09657277166843414 0.09103821218013763 0.4640194997191429 0.7096105441451073 2.00420518219471 0.7032761052250862 1.487807087600231 67.76702901721001 6.083904758095741 1.239323176443577 0.4191667661070824 0.173278734087944 0 0.136276051402092 0.2846083119511604 4.344235867261887 9.077488273382187 33.77202655375004 125.7142244763672 16.92677902430296 44.71056235581636 0.6752259284257889 2.722490049898624 0.307075709104538 58.71813298761845 2.513984255492687 2.790115188807249 0.8194510713219643 0.901161827147007 0.2522514164447784 0.8756158798933029 52.9394608810544 2.119057334959507 0 100.712136298418 27.83835028111935 64.71827450767159 44.42386341094971 23.47724936902523 7.551901206374168 3.094360806047916 2.768262393772602 2.290994860231876 11.90772392600775 0.0768093541264534 4.127862725406885 3.899087734520435 1.108389280736446 0.1682573705911636 0.5240776389837265 0.2487729638814926 0.1905279234051704 0.1263015121221542 0.7033556699752808 0.1208028867840767 0.1827861592173576 102.3273317888379 1.965239830315113 0 1.141574367880821 14.06054729223251 4.424312919378281 14.64211797714233 25.68267188966274 6.07033035159111 6.306090906262398 55.2340831682086 26.82354748994112 48.28938554227352 78.18738456815481 106.9825386703014 19.46691899001598 49.6241857483983 61.78568814694881 39.20267504453659 19.751898907125 0.435876190662384 2.676605187356472 0.09667523205280304 0.1959501504898071 0 0 0 0 0 0 0 0 4.754299812018871 0.2108558341860771 0 0.1156821027398109 0 2.219536066055298 1.139393329620361 20.61119128018618 3.319989174604416 0 4.33798361569643 0.6268003061413765 13.83676040172577 5.555647797882557 23.02734078466892 3.498720489442348 1.257100038230419 0.1222625523805618 0 0 0.816319428384304 0.6501881182193756 1.285282760858536 0 1.023901045322418 3.82942321896553 0 0 0 1.421959206461906 0 0 0 0 0.749088391661644 3.072401270270348 0.7628909274935722 0.8002007752656937 7.648365020751953 23.38405777513981 6.185644462704659 0 0.2425333857536316 0 0 0.2573270425200462 0.07698565721511841 0 0.08908382803201675 24.06251054257154 0.3325777649879456 0 0 0 23.37306851148605 7.997034981846809 27.8909012824297 2.940932400524616 6.549894586205482 4.372447870671749 4.719489209353924 1.248156368732452 0 0 0 0 0 0.1182146593928337 0 0.09015169739723206 28.11579136550426 9.473032996058464 13.77024607360363 381.891410574317 14.53840902447701 245.2074861526489 33.66600406914949 138.723563477397 31.52229424566031 1.036943294107914 15.00870744138956 32.51699410378933 0.4533962160348892 17.61020746082067 3.530345588922501 46.29362605512142 0.3385980576276779 0 0.9331028312444687 1.308528639376163 1.504337228834629 107.738164819777 58.79450391978025
79.14342492818832 354.9993842318654 1158.857902169228 2.851455792784691 84.95859920233488 5.50000361353159 74.88679147511721 998.4653085395694 220.6812178716063 54.79185418784618 3624.512591201812 60.55529875308275 217.4035488590598 1302.186034433544 33.73396974056959 28.33384522795677 7.452034346759319 2.470039591193199 0.7522504255175591 8.857882991433144 25.2120147049427 5.370666928589344 9.006006643176079 5.585929661989212 18.4324893578887 1.355528727173805 2.395851567387581 0.5349811166524887 0.3304973840713501 0.300359383225441 550.79879488796 1671.177547290921 218.4655079767108 21.80144367367029 13.80609750747681 26.04135957360268 59.13938347250223 24.65482701361179 8.616276696324348 3.54182268679142 6.251649774610996 5.448504030704498 23.90245723724365 42.88948967307806 4.714101754128933 16.34635920077562 88.41636914759874 4.382028132677078 3.581817843019962 13.67418607324362 2.273863270878792 2.989168934524059 3.216970890760422 1.889393121004105 2.752425588667393 3.278519906103611 29.37914003431797 225.2503447979689 10.87153545022011 32.13235259056091 48.51668860018253 65.97159673273563 10.44954915344715 180.8011543080211 2.455909609794617 1.756120584905148 0.9625769779086113 4.354896314442158 30.7307338565588 69.91110581159592 78.97957679629326 7.689921572804451 0.3491577357053757 66.42834523320198 28.56493110209703 65.120820350945 89.62615293264389 175.2449077218771 1230.318827278912 1988.652611628175 167.6026816964149 1047.430925346911 8.058690831065178 0 2.402405798435211 2.887980494648218 4.959407791495323 0.1061470955610275 0.4894045367836952 1.275070384144783 1.061395689845085 1.014185704290867 33.52670549601316 2.508357122540474 3.068869285285473 91.66289461404085 17.94810219854116 1.596554532647133 9.396888047456741 14.83393204957247 0.6625590473413467 0.8254530280828476 0.9164647832512856 0 0.8649563044309616 3.408484898507595 1.464153997600079 5.453207492828369 7.663708187639713 10.15186266601086 3.118538200855255 8.267133682966232 11.09875048696995 8.372336700558662 5.934973977506161 0.5645517930388451 1.142193056643009 0.1330141127109528 0.5055506229400635 0 0 0 0 0.340017668902874 0 0 0 1.318948276340961 0 0 0.2016079649329185 0.1837558597326279 0.2599793672561646 0.1163410246372223 2.8645935729146 0.7326608523726463 0.224722184240818 0.709825798869133 0.1025810614228249 5.864581011235714 4.038713179528713 12.46130896359682 2.927457831799984 0.5321302339434624 0 0 0.295609138906002 0.5608379244804382 0.09838040173053741 0.3134165331721306 0 0 0.6599948555231094 0 0.08899831771850586 0.2442810982465744 1.583992764353752 0.3960602730512619 0 0.5709419846534729 0 0.4114506542682648 0.749517410993576 0 0.6259283125400543 3.357397958636284 5.658295154571533 2.321576915681362 0 0 0 0 0.09051462262868881 0 0.2814961969852448 0.3514907658100128 9.148340925574303 0.6139701902866364 0.1130395904183388 0 0.07759816944599152 4.52192334830761 2.773989804089069 7.484050579369068 0.9117040634155273 2.323698461055756 1.450367450714111 1.130994066596031 0.2609269917011261 0 0.07856061309576035 0 0 0 0 0.1268404126167297 0 3.216337718069553 5.187378346920013 6.728377386927605 492.2112492471933 19.4973980858922 280.4820734187961 70.07503610104322 77.66281089931726 32.93010482192039 0.847447581589222 16.67666331678629 14.63938576728106 0.5180928707122803 8.66616415977478 2.132406406104565 3.342397943139076 1.063793770968914 0 0.934311181306839 6.413024842739105 0.7331616282463074 33.50058128684759 15.63036132603884
7.164578050374985 604.9088585972786 1162.109407261014 17.44094252586365 1899.983092114329 1.57948425412178 1609.020244978368 220.6812178716063 1085.644654653966 439.0052242949605 1498.212135754526 110.4021325036883 1574.019344061613 2880.275790140033 5.873227380216122 3.006643056869507 0.8223285377025604 0 0 0.1083071678876877 0.1495498865842819 0 0.2369923442602158 0 0.1066217198967934 0 0 0.1756100803613663 0 0 23.54737936705351 26.19641620665789 58.50330125540495 0.4493691474199295 0.09215430915355682 0.1235671564936638 10.31487779319286 0.6606272011995316 0.7099232971668243 0 0 0.1053455248475075 0.08037921041250229 0.6211480796337128 0 0.2984593361616135 19.28864576667547 1.790758363902569 0.3618078231811523 0.08285313099622726 0.1564939767122269 0 0 0.09744744002819061 0.799903079867363 1.777684979140759 7.491887781769037 26.9810858219862 2.497407272458076 9.155577801167965 0.06360624730587006 1.994490019977093 0 15.71489915251732 0.6009450927376747 0.2234202772378922 0 0.2329828590154648 0.4232813939452171 0.5972538664937019 17.06577038019896 0 0 16.64702954143286 4.970137029886246 16.91218945011497 13.49175477027893 8.069679692387581 3.365024752914906 2.811093188822269 0.4434347152709961 1.194472774863243 2.531487837433815 0.06725078076124191 0.5386275798082352 0.960222601890564 0.3382218703627586 0.09626448899507523 0.2331938892602921 0 0 0 0.2096249833703041 0.2555201128125191 0 25.81883586198092 0.6994803175330162 0 1.011512979865074 1.058004543185234 0.6054830402135849 3.142235934734344 2.322105579078197 0.4318199008703232 1.084348380565643 4.606832474470139 5.623792678117752 7.127344019711018 13.6409810334444 17.7165023162961 6.131261512637138 11.58365349471569 17.72710742801428 11.01950131356716 6.093727603554726 0.3829738721251488 0.6710234731435776 0 0 0.1695675551891327 0 0.2509908676147461 0 0 0 0 0 0.1235634386539459 0 0 0.1118767857551575 0 0 0 4.911238022148609 1.070476695895195 0.1306975185871124 0.2155139371752739 0.2001572400331497 4.218405224382877 2.949598118662834 5.753509283065796 1.944938309490681 0.2174686193466187 0 0 0 0.1131944879889488 0.1670937389135361 0 0 0 0.3152309060096741 0 0 0 0 0 0 0 0 0.6693086326122284 0.7155046090483665 0.1362860947847366 0 4.433319978415966 3.353676050901413 0.6981229707598686 0 0 0 0 0 0 0 0 7.760116741061211 0 0 0 0.1678531244397163 6.458308681845665 2.918244823813438 10.76661884784698 0.7164493948221207 1.508286908268929 0.9860723242163658 1.651043131947517 1.026572100818157 0 0 0 0 0 0 0 0 6.943563222885132 4.553012311458588 3.828390344977379 102.4964720010757 3.337843105196953 56.75362450629473 8.13561438024044 18.36068788915873 8.751300066709518 0.08348840475082397 1.653042167425156 8.637846633791924 0 6.160643666982651 0.5900962054729462 9.153782933950424 0.4771432802081108 0 0 0.7542694956064224 0.3200012147426605 14.73389913141727 14.92611813545227
950.9750357046723 1269.477646395564 318.6054620072246 2328.34542132169 293.5705187395215 474.2637604549527 3277.392132371664 54.79185418784618 439.0052242949605 2935.879925474524 199.552230656147 1403.611836329103 5393.617922708392 1093.225817233324 7.491255931556225 4.004236720502377 2.54932152479887 0.1851508319377899 0.08856174349784851 0.1356550753116608 0.1243418678641319 0.1686355024576187 0 0 0.1236803978681564 0.165541335940361 0 0 0.1185590997338295 0 33.01856651902199 29.85350827127695 44.516382612288 0 0.406780868768692 0.7452181279659271 97.15243947505951 2.417226634919643 2.437131099402905 0 0 0 0 1.509580180048943 0.3046391382813454 0.6698238402605057 49.59152296185493 3.473680302500725 0.5774438679218292 0.2448536977171898 0.1040854156017303 0.1842005252838135 1.257861077785492 0 2.896596923470497 13.50389403104782 33.03493794053793 89.18833558261395 12.51921648532152 33.56008763611317 0.3522444441914558 3.676246851682663 0 30.20055241882801 3.489477582275867 1.105780214071274 0.2568057104945183 1.169441975653172 0.3153692036867142 0.177439883351326 180.0528437122703 17.30489277839661 0.7574256062507629 82.04604706168175 13.59514513611794 37.20689507573843 27.78918202966452 11.08227743580937 2.572957962751389 6.340352013707161 0.4208733886480331 2.320568181574345 11.27928840368986 0.1631210893392563 1.957520112395287 3.346609219908714 1.127377331256866 0 0.6227250918745995 0.676810085773468 0.08273069560527802 0 0.3389606326818466 0.1116969734430313 0.5631383806467056 715.9238696843386 60.51126375794411 1.06592532992363 10.23267384618521 229.9184921681881 19.62315955758095 101.3289666697383 52.55116474628448 12.99202896654606 21.30187021195889 83.14830466359854 119.9740384742618 108.8843699470162 205.3109660893679 351.9680678546429 50.2628043666482 160.6154378578067 179.2260501161218 100.889652185142 47.34601768106222 2.067486748099327 2.216032758355141 0 0.6897358298301697 0 0 0.08660260587930679 0 0 0 0 0.09198693186044693 2.706488028168678 0.2751284167170525 1.975061230361462 0.3357261717319489 2.600801914930344 2.592891186475754 0 47.65357296913862 6.211724005639553 0.849702775478363 8.905050709843636 2.797146379947662 26.66838412731886 13.06323913484812 40.11566404998302 8.499649658799171 1.905992180109024 0.09573985636234283 0 0 0.8854788690805435 0.6133230030536652 2.514032855629921 0.2964901775121689 1.571295045316219 6.316999487578869 0.0832626074552536 0 0 5.708460912108421 0 0.08733401447534561 0.1088105589151382 0 1.447852164506912 5.417358294129372 6.848586112260818 1.31442703306675 24.39730916172266 35.50826866179705 14.67662868648767 0.542412631213665 0 0 0 0 0 0 0.8573848381638527 46.6889368519187 0.1590604037046432 0 0 0 46.05523661524057 21.48304155468941 59.23792110383511 3.340446017682552 14.47947233170271 5.84414417296648 13.55240860581398 7.172876849770546 0 0 0 0 0 0 0.1022542417049408 0 77.6287686675787 23.09400847554207 17.2206639572978 451.7729421332479 12.48380061984062 201.7797738090158 34.28134133666754 366.7918465584517 29.86686596274376 9.682901412248611 9.836909547448158 106.6971047446132 2.69967620074749 33.61842166632414 8.600712552666664 306.4762144610286 2.479950211942196 0.1055570691823959 2.062239594757557 2.17580634355545 1.406193003058434 962.1877222955227 339.5265884250402
296.9880515858531 2241.035410135984 2262.119015485048 28.90693461149931 1728.62908411026 12.35712660849094 750.6023969575763 3624.512591201812 1498.212135754526 199.552230656147 1598.749413847923 228.9184823036194 1124.604023061693 2920.746535971761 40.08807457238436 31.53109604120255 5.637615449726582 1.542864166200161 0.5419220849871635 6.068477801978588 11.94240669906139 6.618749283254147 5.859825201332569 2.686362966895103 14.43179856240749 2.002085044980049 3.070093989372253 1.545907810330391 0.6855902522802353 0.4959152564406395 419.0181844383478 391.6855636239052 1162.14187502116 8.503708608448505 7.179656654596329 19.5444562882185 303.5871930867434 55.37950983643532 8.359377108514309 4.429527677595615 3.95416335016489 4.319785691797733 8.584058165550232 18.95920952409506 1.465493112802505 5.469761103391647 76.52986232191324 4.818600296974182 1.131815783679485 4.636145383119583 1.064973600208759 4.829771034419537 4.886538356542587 1.67820356041193 2.021174058318138 4.626996990293264 28.7263620570302 141.6880758553743 10.25918135046959 30.57133943587542 19.04093435406685 128.9594821408391 3.859653927385807 76.94639106839895 0.89159020408988 2.503364950418472 0.3576421588659286 1.345972299575806 10.44492607563734 32.09611285477877 216.1649540960789 8.336943842470646 0.8203772753477097 62.01077811419964 22.99594735354185 64.6884935721755 62.91666477173567 76.0738505423069 251.3244230896235 879.1269963905215 75.74501862376928 420.1718060448766 8.25036146491766 0.08596895635128021 1.746765471994877 3.008600942790508 2.360933993011713 0 0.2927197590470314 1.339971214532852 0.456013910472393 1.002107553184032 19.3642151877284 1.373998120427132 2.254636779427528 218.345139876008 17.05447358638048 1.67627976089716 6.130734212696552 29.18543878942728 0.7013188675045967 2.838027119636536 1.685638681054115 0.134697899222374 2.36007060110569 5.337326757609844 3.549460515379906 8.479609824717045 15.00232806056738 22.12583050131798 6.735891602933407 18.23834098875523 20.70692444592714 14.43305770307779 7.404532104730606 0.1910086870193481 0.7832066267728806 0 0.186016634106636 0.0698297917842865 0 0 0 0 0.106324166059494 0.1143815144896507 0.1035869270563126 1.732853010296822 0.1009922623634338 0.4285057485103607 0.2349502593278885 0.0972626730799675 0.08963245153427124 0.09772217273712158 7.582653366029263 2.087410233914852 0.2128166630864143 0.6752963438630104 0.2259872704744339 9.683864682912827 5.296567656099796 12.49408731609583 4.316716864705086 1.598460949957371 0.1881001517176628 0.3940129578113556 0.1324029862880707 0.4567388892173767 0.1403408646583557 0.2798896729946136 0.08841201663017273 0.185201108455658 2.283776327967644 0 0.1284173130989075 0.474307119846344 1.094337202608585 0.1276754140853882 0.07134855538606644 0 0 0.2570066601037979 1.696301773190498 0 0.5305972695350647 3.66165018081665 9.751986838877201 3.636558629572392 0 0 0 0.2586941719055176 0 0 0.1491152942180634 0 15.10836973041296 0.2656159251928329 0 0.13179050385952 0.5599126815795898 9.093335352838039 4.27711296081543 12.69509204477072 1.005963839590549 4.02444077283144 1.8645905777812 2.868359409272671 1.704861141741276 0 0 0.1155036985874176 0 0 0 0.4659579396247864 0 9.831865586340427 9.048001393675804 9.436688400804996 439.9891606718302 16.09484445303679 246.8702800422907 62.56461194902658 76.24371843039989 24.97621861845255 0.5683708861470222 12.86246876418591 20.58171036839485 0.2458908632397652 6.741304360330105 2.138737469911575 8.235980868339539 1.161932714283466 0.149105429649353 0.102166473865509 6.615208506584167 1.287590965628624 50.15086103975773 31.54497794806957
20.70324341952801 154.9837669432163 49.38384489715099 21.84851655364037 67.56413327157497 35.7436498478055 746.398230612278 60.55529875308275 110.4021325036883 1403.611836329103 228.9184823036194 274.812086828053 1206.959518395364 572.637811511755 6.467470839619637 9.13737940043211 0.725929394364357 0.1157948821783066 0.1355468332767487 0.22415741533041 0.1191688105463982 2.09965355694294 0.1231587529182434 0.1323490589857101 2.851195529103279 0.5283262580633163 0.3682496845722198 1.261277548968792 0.1812659204006195 0.1616719514131546 4.571381151676178 4.829443141818047 283.0373956635594 0.474866583943367 0.3069674372673035 0.9360122755169868 337.5916086062789 24.86715971678495 7.038973391056061 0.9237044006586075 0 0.1539833694696426 0 1.959195554256439 0 1.606366135179996 10.94493586570024 0.2545549944043159 0 0 0 1.620906710624695 19.51713190972805 0.5442803204059601 0.09773646295070648 0 2.63711017370224 3.41509086638689 0.662566252052784 1.471826680004597 5.563051752746105 61.73924740403891 1.289428174495697 3.692957878112793 0.141024898737669 0.1153496652841568 0 0.1416049301624298 0.7198922038078308 1.027659386396408 323.9651027545333 12.76760802417994 0.6825227439403534 3.310035638511181 0.5085426047444344 5.258577771484852 4.217177510261536 6.113055840134621 2.36336874216795 46.98446851968765 8.693940028548241 16.75205711275339 0.07983795553445816 0 0.3395528420805931 0.1586586013436317 0.1604640036821365 1.152023874223232 0.1121959313750267 1.092957504093647 0 0.1937548220157623 0 0 0.302100658416748 1053.545266106725 136.294405631721 9.212527379393578 26.1532940864563 14.22651752084494 4.588593535125256 19.34783214330673 13.06240537017584 0.6754156947135925 9.168372623622417 27.72309000790119 39.144920386374 37.43541546911001 65.83294679969549 114.6514280736446 21.39061581343412 68.74487160891294 80.65472787618637 50.60905724018812 22.54167100042105 0.3790312483906746 0.7763762697577477 0 0.2319837361574173 0 0 0 0 0.09111285209655762 0.1890425905585289 0 0.2063467130064964 1.120110139250755 0 0.1923333629965782 0.2196383774280548 1.111234985291958 0.5562556385993958 0.4131024330854416 19.27509042620659 2.225401021540165 0.1051116734743118 3.662144981324673 0.8203549012541771 14.41236691921949 7.428713671863079 21.68901084363461 3.67385533452034 1.276919804513454 0.08476646989583969 0 0.2919287905097008 0.6120054721832275 0.6909456849098206 0.372756689786911 0 2.386406131088734 1.104440592229366 0 0.07100015133619308 0.1237845718860626 1.571106448769569 0.09818718582391739 0.1082425341010094 0 0 0.5292421951889992 2.555174730718136 1.808333873748779 0.578155592083931 5.449391916394234 16.28315237164497 6.441527649760246 0 0.3777460157871246 0 0 0 0 0.1317684203386307 0.2214648798108101 29.35310151427984 1.719312280416489 0 0 0 22.29250889271498 5.050460979342461 22.12875617295504 2.180355086922646 4.58441150188446 2.134738907217979 3.184629268944263 1.889546498656273 0 0 0 0 0.1218473687767982 0 0 0 38.89610327035189 7.771482437849045 9.489737421274185 116.3421189710498 2.595947265625 47.69873738288879 14.80147567391396 26.01006036251783 4.098336808383465 2.346381962299347 3.132701046764851 34.40346676111221 0.2838094606995583 15.06604377180338 2.158513449132442 60.17759940028191 1.513888902962208 0.8569393157958984 0.4174134731292725 3.062911853194237 0 384.4761930033565 133.2803324684501
