437.7859804332256 2000.312601193786 1554.759697072208 1095.645343132317 23.27773413062096 469.9551456049085 190.0387854352593 98.05124444514513 0.6046228930354118 548.0424529835582 147.3530905544758 102.4595095217228 53.87600923702121 136.7535287626088 1.16020817309618 0.6148546040058136 1.035846084356308 0.545537106692791 0.09997398406267166 0.1874444335699081 0.1031945049762726 0 0.1943631023168564 0 0 0.09064500778913498 0.09438559412956238 0.4572277888655663 0.4255092144012451 0 579.194394223392 63.79303042590618 74.85615073889494 0.1001666337251663 0.07987998425960541 0.2018520683050156 9.397646360099316 1.33017148822546 2.760040856897831 0.5530429147183895 0 0.07916887104511261 0 0.4832741394639015 0.1586674302816391 0.3757794573903084 35.15995690226555 4.529245965182781 1.808688908815384 0.351964458823204 6.535472735762596 0.9299492090940475 0.5222575515508652 0.3009653240442276 18.52466204762459 55.2776313573122 269.5598763749003 1008.172477714717 13.19914248585701 27.06161599978805 0.5990687943994999 8.49256557226181 0 57.97497180104256 21.51772032678127 7.012182965874672 1.874603070318699 2.840889558196068 1.397223688662052 0.2968620881438255 24.84782578796148 27.61924834549427 0.4377587735652924 310.6771060153842 185.7302035018802 47.4725209698081 2.307687535881996 3.685235939919949 6.752796523272991 45.75262129306793 2.771990112960339 33.06601111590862 20.12945207953453 1.210973799228668 9.446792833507061 10.90238854289055 2.003102220594883 1.043197520077229 3.822668485343456 0 0.9646889939904213 0.1621240079402924 0.8072798699140549 2.080187350511551 0.7582384422421455 129.1866542100906 9.139877133071423 0.296083964407444 3.02990984916687 1065.318752206862 0.7097665891051292 9.357314832508564 18.61178377270699 3.391958072781563 1.591221526265144 16.24609038233757 2.812896445393562 3.322072498500347 11.42601281404495 36.22715417295694 0.3181058764457703 7.349468715488911 10.58921051770449 4.381691835820675 1.214207112789154 0 0 0 0 0 0 0 0 0 0 0 0 0.1228049546480179 0 0 0 0 0 0 1.857820354402065 0.406439334154129 0 1.560940504074097 0.1244503855705261 0.1946143358945847 0.2463598996400833 0.6777078732848167 0.6246852576732635 0.8428938761353493 0 0 0.09064275026321411 0 0 0 0 0 0.6776866316795349 0 0 0 0 0 0.1728384792804718 0.1018334031105042 0.06766098737716675 0.2332428693771362 0.4255019500851631 0.8842578083276749 0.1197351217269897 0.2693398892879486 0.9013937786221504 0.7762909531593323 0.09928271174430847 0 0 0 0 0.1913712918758392 0.1013067290186882 0 2.557758919894695 0 0 0.1943063884973526 0.4487097933888435 1.242598883807659 0.1392471194267273 0.8037778958678246 0.2555667161941528 0.3687171563506126 0.1979297995567322 0.3625722825527191 0.1313594877719879 0 0 0.09138983488082886 0 0.832466334104538 0.6512870937585831 0 0 4.689826406538486 0.483229398727417 0.4074930846691132 138.9532825350761 8.958673074841499 132.2638546153903 13.07422065734863 807.4196508601308 5.774614311754704 5.153601698577404 0.6311475485563278 74.41688446700573 0.6036933436989784 2.129212498664856 0.4131574854254723 66.52665710449219 3.222179278731346 0.1215996146202087 0 3.759928241372108 0 969.8673048838973 57.14848317205906
2000.312601193786 2282.1097907722 2616.044073164463 1396.674152314663 621.5647277832031 281.1304982081056 1976.366579353809 976.5185744129121 639.7376763299108 2482.524117201567 694.1381600499153 65.59060874581337 1395.246286004782 1175.194026656449 9.040573477745056 2.844197444617748 2.966807641088963 1.555644407868385 0.9358950480818748 0.09765616804361343 0.08357768505811691 0.3662173748016357 0 0.1094508469104767 1.426320090889931 0.9036777317523956 0.2964087054133415 0.9872600808739662 0.8859234899282455 0.2926104068756104 1160.604235470295 304.8191013112664 86.71425588428974 0.2345626354217529 0.3194529488682747 0.3266811594367027 19.96095418184996 3.613346002995968 9.541917242109776 1.696170620620251 0.2898807600140572 2.052557848393917 0.2946272492408752 2.941364444792271 0.1678440719842911 0.8946249559521675 159.1390123739839 15.45615979284048 5.30711318552494 2.216492913663387 25.48694539070129 0.3872171118855476 2.280774235725403 0.9265768378973007 35.99780930578709 95.1521465331316 60.57980417460203 958.7825226634741 20.03733068704605 92.80533204227686 3.519625440239906 15.50988805294037 0.1578706279397011 334.2352292835712 49.57026783376932 21.02045483142138 6.41630857437849 8.945291802287102 5.538696937263012 0.8723519816994667 93.71063738316298 6.579338654875755 0.4285544604063034 505.7241180054843 358.1388187780976 162.2978428453207 28.63728612661362 18.67915078252554 16.12036395817995 54.23404655605555 7.749683879315853 45.62348852306604 50.4962691962719 2.66360379755497 22.75917842239141 30.44486067071557 7.395742043852806 2.132687173783779 10.77073158323765 0.4474030509591103 6.311071835458279 1.113986797630787 4.052218414843082 5.261948175728321 3.481776498258114 132.9300874844193 2.574813589453697 0.09728230535984039 5.689724564552307 462.9165645390749 1.265399441123009 10.00073007494211 22.374820753932 9.784245938062668 0.5014877021312714 28.58004825562239 3.70918969810009 6.89919076114893 34.42608762532473 53.88308433443308 3.138273373246193 28.45093582570553 28.82744719088078 11.9194108247757 10.44174169749022 0 1.017365984618664 0.1946130245923996 0 0 0 0 0 0.4443208873271942 0 0.9708086997270584 0 0.6514016538858414 0 0 0 0.7990607619285583 0 0 4.275669857859612 4.306205853819847 0.470681220293045 2.606263548135757 0.6380155682563782 2.614309281110764 2.763717278838158 5.295730113983154 2.684099696576595 2.215379126369953 0 0 0 1.484172396361828 0 0 0 0.8217697292566299 1.828026607632637 0 0 0.1280011832714081 0.6489153504371643 0 0.6458124220371246 0.1573627144098282 0.5706283748149872 0 1.541342221200466 1.254801943898201 0.2892574965953827 6.218599192798138 16.9758310392499 10.26615408807993 0.6388158351182938 1.608302913606167 0.1790851503610611 0.097163125872612 0.138094887137413 0.4790914505720139 0.166784256696701 0 21.16389490664005 0 0 0.1402969509363174 0.4722418412566185 12.31557637453079 3.190274685621262 7.895453616976738 3.386190138757229 4.599429026246071 4.608672417700291 2.206365644931793 1.249934613704681 0 0.09694431722164154 0.3734898567199707 0 1.477849654853344 1.145269401371479 0.2980754002928734 0 23.31296520680189 8.490387104451656 8.91212522238493 434.2753569409251 22.18617457896471 501.3301901593804 25.7761824131012 392.0621224939823 37.58687272667885 7.826195426285267 9.063617087900639 102.0903711542487 1.264752209186554 5.90537678450346 0.6928855180740356 77.99258559197187 0.2317377328872681 0.6343171074986458 0 14.14776051044464 0.7606836557388306 427.6814101859927 73.47847992181778
1554.759697072208 2616.044073164463 2706.010960012674 73.00267877429724 420.2707473188639 23.95543353259563 569.9508140683174 3322.176539041102 832.3582802265882 110.8471301272511 2116.408120740205 115.0466639846563 669.3051910549402 2474.87843491137 8.68343785405159 4.024721011519432 1.007518835365772 1.366857051849365 0.09841331094503403 1.346261233091354 1.305488839745522 0.3149785399436951 0 0.7409819811582565 3.809139564633369 0.4304789751768112 2.91140478104353 0.7371019199490547 3.278619386255741 1.172284238040447 3862.805090293288 998.4495682120323 297.2851040922105 0.6351626217365265 2.674822434782982 4.426819927990437 34.22426121681929 11.80734758079052 9.654489867389202 5.309676416218281 1.468609102070332 2.572574265301228 2.039054982364178 1.8424167111516 0.5404666513204575 0.5386938527226448 82.76651102304459 5.632242068648338 2.070886544883251 2.791829615831375 8.30847741663456 0.2765527963638306 4.929606385529041 1.044862382113934 12.24143324792385 40.30847559124231 39.98709151148796 928.7855211421847 7.872421361505985 41.05528211593628 12.74645304679871 60.82807192951441 0.380122572183609 204.8844088427722 20.40361905097961 7.92156083136797 2.46242705732584 3.384791433811188 2.963112756609917 3.483089320361614 88.09028548002243 3.124984562397003 0.1075180917978287 252.5717923492193 181.3256424218416 70.04952136427164 23.02480991184711 13.17680356651545 253.4917651191354 504.9540869966149 22.45610620826483 491.3123669177294 20.99757277965546 0.7023140490055084 8.936852999031544 11.86785424500704 3.822370886802673 0.7460712268948555 4.432567149400711 0.2868134379386902 2.045344904065132 0.9748476892709732 4.414379872381687 3.365921907126904 2.835368782281876 56.17602399736643 2.776630774140358 0.3063392415642738 3.96198308467865 279.7572110742331 0.08861581981182098 1.810711093246937 2.316957160830498 0.1030068770051003 0 4.261613219976425 0.4010297805070877 0.9050601944327354 3.881152741611004 3.642813958227634 0.5241664871573448 5.553145915269852 2.988523967564106 3.016040444374084 2.061572842299938 0.1583981812000275 0 0 0 0 0 0 0 0 0 0 0 0.1070761680603027 0 0.08745547384023666 0 0.3139360249042511 0.6914595663547516 0 2.58890937268734 0.4573574215173721 0 0.3981709331274033 1.310942471027374 0.4666678681969643 1.173740580677986 1.091239929199219 2.526002205908298 0.7644480615854263 0 0 0 0 0 0 0 0.1926719173789024 0.8787008076906204 0 0 0 0.7372342050075531 0 0.1784166097640991 0.2354921028017998 0.2598733529448509 0 0.7035623788833618 0 0 0.735821045935154 4.765804059803486 2.548455514013767 0.08904173225164413 0 0.09092450141906738 0.08993766456842422 0.3401951044797897 0.3212843239307404 0 0 4.652604937553406 0.3060851246118546 0 0 0.2553287893533707 2.332199595868587 0.1319855451583862 2.269218951463699 0.458312913775444 1.785448580980301 0.5104881972074509 0.1683592200279236 0 0 0 0.09674990922212601 0 0.5669582262635231 0.7420364916324615 0.09410516172647476 0.2624101936817169 5.300798945128918 2.864489413797855 4.381446197628975 155.2687409371138 9.472894102334976 235.4082238897681 17.76780597865582 104.9850798621774 19.80234088003635 2.825993157923222 6.981789767742157 17.48599097132683 0.1951409876346588 2.223760306835175 0.6250793486833572 2.36375704407692 0 0 0 1.684509932994843 0 60.64360418170691 13.9440485984087
1095.645343132317 1396.674152314663 73.00267877429724 643.2246671169996 18.21127957105637 449.2517768517137 1027.147062584758 3.260626554489136 0 1478.931229010224 4.587597116827965 497.0420088469982 209.4526903107762 20.56267779320478 0.2421171292662621 0 0.2012055143713951 0.07944058626890182 0 0 0 0 0 0 0.1695227026939392 0 0 0 0 0 50.25999454408884 6.922579780220985 3.48563527315855 0 0 0.127573624253273 1.587848134338856 0.1082292273640633 0 0.09769964963197708 0 0 0 0 0 0 7.599582403898239 0.4801796451210976 0.1452539265155792 0.08203939348459244 0.9619984552264214 0 0 0 3.16447826474905 6.908550210297108 18.84180119633675 77.61199857294559 2.333019822835922 5.366356655955315 0.09798052161931992 0.1684848144650459 0 11.31131134182215 2.350410498678684 0.8099082633852959 0.3689962923526764 0.535716824233532 0 0 10.18765281140804 0.6694581508636475 0.1305966973304749 46.62767291814089 30.77082509547472 6.151401072740555 0.2633539959788322 0.7385862693190575 0.3568089827895164 0.8459470272064209 0.193099282681942 0.805610328912735 3.516707137227058 0.5425314232707024 1.04467698186636 2.258223816752434 0.08953945338726044 0.1301555186510086 0.2721654921770096 0.1012647524476051 0.2091365456581116 0.08876308053731918 0.0924067497253418 0 0 109.7029297500849 0.1972236186265945 0 0.1067285984754562 125.3462174460292 0.3554268255829811 1.558250173926353 2.475582003593445 1.285665355622768 0.1305427402257919 1.855676002800465 0.1608828008174896 1.945350408554077 3.660853020846844 9.49864012748003 0.1202005743980408 2.198055297136307 3.882385335862637 0.974263422191143 0.262932300567627 0 0 0 0 0 0 0 0 0 0 0 0 0 0 0 0 0 0 0 0 0 0 0 0 0.2732234597206116 0 0.5456277132034302 0.0943843200802803 0 0 0 0 0 0 0 0 0 0 0 0 0 0 0 0 0 0.08487354218959808 0.1092599555850029 0 0 0 0 0.2172988802194595 0.2682220786809921 0 0.07430426031351089 0 0 0 0.2108394131064415 0 0 0.8031786680221558 0 0 0 0 0 0.1623951643705368 0.2622736692428589 0.19821897149086 0.1120446771383286 0.296336717903614 0 0 0 0 0 0 0.1905587762594223 0.1027286797761917 0 0 2.215920701622963 0.07755737006664276 1.088973581790924 47.34813272953033 1.317830830812454 30.78594960272312 1.440674588084221 272.9946440458298 1.517296731472015 0.7513217702507973 0.2830072939395905 26.44944786280394 0 1.418799072504044 0 20.02883429825306 0 0 0 13.22083246707916 0 349.7680087387562 14.31518770754337
23.27773413062096 621.5647277832031 420.2707473188639 18.21127957105637 3037.653053388 1.334791406989098 4017.119885474443 157.7031003013253 4916.755293592811 148.8814527541399 1723.257595941424 93.87338802218437 2806.303009308875 3552.926818370819 1.379611350595951 0.582728423178196 0.3268727213144302 0.09211745113134384 0.1346440315246582 0.2154299691319466 0.1325054466724396 0 0 0 0.2573032379150391 0 0.2105476409196854 0 0.1334623843431473 0.1675911396741867 47.14408761262894 38.62673231214285 19.82549247145653 0 0 0.1006862446665764 2.909629255533218 1.132974408566952 0.4722138345241547 0.5166089758276939 0.103673629462719 0 0 0.1792067810893059 0 0 12.02330886572599 0.8377635478973389 0.45551548153162 0.2743717208504677 1.825009234249592 0.2017258256673813 0.1133696809411049 0 3.327357985079288 7.87505903840065 1.427558705210686 41.5048078969121 1.868607096374035 6.780806750059128 0.2858195379376411 2.393897742033005 0.08367393165826797 39.73373874276876 3.836038693785667 1.767677552998066 0.6168175563216209 1.131261967122555 0.8614393845200539 0.09057414531707764 15.50044982880354 1.208438202738762 0 31.87043993547559 27.09470597654581 18.45137127488852 6.186154074966908 2.670264266431332 1.803125239908695 2.736271306872368 0.7273565456271172 6.017315246164799 4.460045732557774 0.2340625002980232 2.590276159346104 2.37017734348774 0.4860780239105225 0.2197942808270454 1.389537572860718 0 0.1002698391675949 0 0.4507384300231934 0.9776421561837196 0.2540639042854309 34.64688590168953 0.497132420539856 0 0.8757760673761368 3.965925686061382 0 0.1567250043153763 4.089686781167984 0.6858603060245514 0 2.857280120253563 0.6632568091154099 1.561565741896629 2.480098381638527 5.689599946141243 0.1301914751529694 5.290754474699497 3.622841566801071 1.431776612997055 0.5811176300048828 0 0.2711993157863617 0 0 0 0 0 0 0 0 0 0 0 0 0 0 0 0 0 0.7191234454512596 0.2440804988145828 0 0.635738730430603 0.8161927461624146 0 0 0.3628232032060623 0.1895344704389572 0.2961601912975311 0 0 0 0.4475908726453781 0 0 0 0 0.8758136779069901 0 0.1044828817248344 0.09344251453876495 0 0 0 0 0 0 0.1248627975583076 0 0 0 1.299109652638435 1.498136669397354 0.2886261940002441 0 0 0 0 0 0 0 3.976274855434895 0.2903173863887787 0 0 0 1.744712680578232 0.4708945453166962 1.30474479496479 0.2402135506272316 1.801978543400764 0.7942675054073334 0.7991088926792145 0.1966722011566162 0 0 0.1767695844173431 0 0.175200954079628 0.297141820192337 0 0 3.136312440037727 0.2903715670108795 0 53.66007432341576 3.163830429315567 53.29502369463444 3.045063085854053 7.414959244430065 5.05930333584547 0.2811534106731415 1.674818113446236 8.309958174824715 0 0.1827602684497833 0.5693533569574356 6.869716450572014 0 0 0 0 0 15.30877860635519 7.160836577415466
469.9551456049085 281.1304982081056 23.95543353259563 449.2517768517137 1.334791406989098 0.343281090259552 87.27693185210228 2.392067953944206 0 378.3553573787212 1.284193091094494 63.23158424347639 18.1688768863678 5.256394065916538 0 0 0 0 0 0 0 0.1742056161165237 0 0 0 0 0 0.115285612642765 0.1255968511104584 0 23.54356117546558 0 5.052956357598305 0 0 0 3.833909384906292 0.299003541469574 2.933466657996178 0 0 0 0 0 0 0 0.3238450586795807 0 0.1044371649622917 0 0.1041694656014442 1.502957448363304 0.4443533718585968 0 0.09572858363389969 0 53.65895716100931 7.90156676620245 0.1906887069344521 0.1337316781282425 0 2.622805044054985 0 0.4148397594690323 0 0.1746563762426376 0 0 0 0 19.84589567780495 91.79868857562542 4.561432786285877 1.493244007229805 0.563013419508934 0.1614821702241898 0.09967447072267532 0.4082219675183296 0.08418767154216766 3.273705363273621 0 4.363670483231544 0.3291440904140472 0.1472171992063522 0 0 0 1.755226388573647 1.213840782642365 6.13578138500452 0.141029879450798 0.3162776529788971 0 0 0 172.6672469004989 76.17376175522804 9.206764385104179 8.499065861105919 148.3228769004345 0.3157484233379364 2.34605248272419 5.178793922066689 1.142864987254143 0 3.199007391929626 1.102756395936012 1.11441670358181 3.671023942530155 10.2198326587677 0 2.105687864124775 3.253996253013611 0.4363413453102112 0.3279199302196503 0 0 0 0 0 0 0 0 0 0 0 0 0 0 0 0 0 0 0 0.6717772483825684 0 0 0 0.1312759667634964 0 0 0 0 0 0 0 0 0 0 0 0 0 0 0 0 0 0.1468036770820618 0 0 0 0 0 0.3894630074501038 0.6422648429870605 0 0 0.3191844522953033 0.1414765566587448 0 0.1193271204829216 0 0 0 0 0 0 0.8221869915723801 0.199395477771759 0 0 0 0.1632787138223648 0 0 0.08376999944448471 0.4283320903778076 0 0 0 0 0 0 0 0 0 0 0 1.534031420946121 0.3315511047840118 0.7769928872585297 8.225907258689404 0.2247645705938339 0.7264715805649757 0 64.51793372631073 0.4142323136329651 0.1223450005054474 0 20.24187855422497 0 0 0 19.88549497723579 0 0 0.2642369270324707 0.4031127691268921 0 42.33598576486111 15.66299180686474
190.0387854352593 1976.366579353809 569.9508140683174 1027.147062584758 4017.119885474443 87.27693185210228 985.0152366086841 25.14061386883259 1794.896032735705 2820.989400722086 1042.151926413178 138.8594383373857 2489.975756026804 2380.573820959777 5.298913650214672 1.535435177385807 1.487803615629673 0.2513406798243523 0 0.272840216755867 0 0.1760762929916382 0.3791353404521942 0 0.2404867634177208 0.1995970383286476 0.3003524541854858 0.2453929334878922 0.9769957661628723 0.2455917969346046 56.32184102386236 64.5784195959568 32.73329786211252 0.1254729181528091 0 0.8639099299907684 13.40483623743057 2.736106380820274 5.051445730030537 1.032449550926685 0.2213100418448448 0.2486469373106956 0.1793327331542969 0.7348411679267883 0.09682291001081467 0.2839756011962891 37.51213992387056 3.182443380355835 1.105397842824459 0.4778799265623093 4.550044380128384 0.1283786296844482 1.082703776657581 0.08793311566114426 4.982211463153362 19.75466776639223 3.877269513905048 91.56434166431427 2.825758948922157 17.37995324283838 2.050223961472511 8.833753816783428 0 77.11521534621716 9.710937961935997 3.298102900385857 1.250419028103352 0.9937725812196732 1.018454909324646 0.1251245439052582 80.20768278092146 3.358164437115192 0.09434102475643158 77.86090289056301 60.31434673815966 42.0023063570261 13.57457531243563 6.515716440975666 3.653825961053371 20.22232294082642 2.645214386284351 18.28318597376347 7.311510093510151 0.3297583982348442 4.878677718341351 6.265541009604931 0.8814319521188736 0.4264528751373291 1.500512689352036 0.3791543245315552 0.9126248881220818 0.2840382605791092 1.091392301023006 1.340766906738281 0.4917460009455681 200.445460729301 1.114428102970123 0.2336345911026001 4.579073637723923 17.61025687307119 2.363373070955276 5.286684170365334 24.69305767863989 7.307730332016945 1.368956848978996 30.3756902962923 3.274529501795769 6.633207559585571 25.19019228219986 53.82344467937946 4.386323466897011 34.45946488529444 23.93972223252058 15.25924761593342 6.625341430306435 0.2815337479114532 0.2922290563583374 0 0.1220635324716568 0 0 0 0 0 0 0 0 0.9182844161987305 0 0.1129748299717903 0 0.4440658390522003 0 0 6.418358072638512 3.120466992259026 0 5.587999403476715 0.5599465370178223 2.553149707615376 2.618581548333168 4.401071421802044 1.721103154122829 1.476602770388126 0 0 0.24587182700634 0.8554570525884628 0.3118303716182709 0.1025853380560875 0 1.195309817790985 1.528423681855202 0.1375146955251694 0 0 1.691685974597931 0.2530724704265594 0.7803304418921471 0.3750110864639282 0.1743975058197975 0 2.212582565844059 0.4246853142976761 0 5.080195844173431 9.817841172218323 8.676571175456047 0.4302597492933273 0.8298232406377792 0.2035150229930878 0 0 0 0.08882660418748856 0 18.15669672936201 0.1110069006681442 0.1914534419775009 0 0.2639037147164345 10.08059187978506 2.701661676168442 6.972147665917873 3.393362984061241 6.155762776732445 1.693781711161137 1.170379117131233 0.6571921706199646 0 0 0 0 0.09258962422609329 0.2992401048541069 0.180162638425827 0 19.42395110428333 13.7555955350399 9.574439384043217 209.6422601416707 7.603413924574852 131.0675245150924 13.93507159501314 77.44716059416533 11.58550107479095 1.481789357960224 3.246588028967381 87.5977893024683 0.3230176046490669 5.934901632368565 0.7215387970209122 55.77383395284414 0.1820813119411469 0.09884946793317795 0.1457661837339401 5.190935522317886 0 204.0154646635056 64.4261114820838
98.05124444514513 976.5185744129121 3322.176539041102 3.260626554489136 157.7031003013253 2.392067953944206 25.14061386883259 1572.054906137288 18.47748784720898 10.086958527565 2561.236174412072 67.67569833993912 161.5043558105826 992.9012584909797 36.1686447262764 19.95165274292231 4.088006488978863 13.39235638082027 0.5229480117559433 9.163600020110607 13.28191831707954 4.356862641870975 6.272931270301342 3.446950100362301 36.77821097522974 5.412242457270622 30.91623509675264 2.760843850672245 11.21782542020082 9.774801760911942 711.2695405036211 1871.057671509683 536.4232100173831 16.15775002539158 20.30510925501585 28.64938926696777 64.68614880740643 48.82481068372726 41.92235384136438 35.48938449472189 15.38048455119133 23.11372651159763 28.33116705715656 15.5641561076045 1.750525861978531 8.973593600094318 128.9704213254154 7.401119381189346 3.667170517146587 33.81772827357054 12.38460064679384 3.306936956942081 22.18590227514505 4.042043849825859 10.82572910189629 30.03437332808971 8.843228526413441 275.7325734719634 8.851567983627319 56.633156478405 96.20455298572779 274.143256790936 9.487148135900497 376.4372304752469 19.63976383954287 9.281027838587761 2.830600991845131 6.932220861315727 25.76519848406315 32.23256399482489 160.3194675222039 17.79185576736927 0.5687924548983574 163.2784038633108 151.671167910099 130.3736710101366 100.9831431433558 65.05769991874695 2992.3737930879 1221.600404590368 633.341781295836 3806.20232860744 20.19400908052921 0.6523588076233864 9.418922729790211 11.61348757892847 18.77235279232264 0.6739633977413177 4.645362555980682 0.9122695475816727 3.036021888256073 1.658777862787247 34.54157569259405 16.58120736479759 18.91983518749475 102.4172892868519 5.735149271786213 3.137015640735626 15.98213110119104 26.33083990216255 0.2075674459338188 2.703196689486504 3.047465249896049 0.9476959109306335 1.181240744888783 6.739314936101437 0.3563439846038818 1.349261820316315 8.325793325901031 9.335089117288589 1.957044467329979 9.636949434876442 4.915108434855938 4.274971097707748 6.26891228556633 0.781624399125576 0 0.2430142760276794 0 0 0 0.3052618503570557 0.6656971424818039 0 0 0.2977777644991875 0 4.058604434132576 0 0.5761264115571976 0.1197795420885086 1.278874948620796 0.08700297027826309 0.7832904830574989 2.92475238442421 2.182728007435799 0.4977251887321472 0.7649395614862442 0.2387441545724869 1.428865388035774 0.498562753200531 9.057616136968136 6.275687009096146 2.680763319134712 0.2370631843805313 0.1244456991553307 0 0.7575276046991348 0.2087506949901581 0 0 1.00221910327673 2.644822560250759 0.7744803130626678 0 0.5837164893746376 4.983887031674385 0.4124908596277237 0.2621765732765198 0 0.4807445853948593 0 1.536677397787571 0 0.2101410925388336 1.597171470522881 6.46786305308342 5.280370861291885 0.592598170042038 0.3550471067428589 0.08971815556287766 0 0 0.5633327513933182 0 0 12.96414203941822 2.259744755923748 0.1015630885958672 0.1012008115649223 2.077973954379559 7.570831008255482 0.4109078347682953 2.369842723011971 2.088692545890808 2.278331555426121 1.782533891499043 1.130256474018097 1.177055813372135 0.1085451766848564 0 0.1095231473445892 0 0.7638616859912872 1.006634302437305 0.3675814270973206 1.928488224744797 9.909284941852093 10.33516592532396 9.603351846337318 485.6534407138824 27.37272758036852 379.5021605081856 53.58696092665195 83.40320961922407 51.76618509739637 1.188861608505249 17.26589269936085 28.27490102499723 1.019477650523186 3.951975829899311 0.8355975523591042 10.14211103320122 0.1842185407876968 0 0 0.857806921005249 0 55.60585453361273 25.30493085831404
0.6046228930354118 639.7376763299108 832.3582802265882 0 4916.755293592811 0 1794.896032735705 18.47748784720898 375.433332413435 36.28580929338932 281.9659913480282 168.2652068585157 544.4742794632912 1280.616389229894 0.140182226896286 0.1526327729225159 0 0 0 0 0 0 0 0 0 0 0 0.08271618187427521 0 0 2.7600332275033 1.373064860701561 71.14297902584076 0 0 0.09332247078418732 1.531289756298065 0 0.6436566188931465 0 0 0 0 0 0 0 0.2059300020337105 0 0 0 0 0 0 0 0.2102355360984802 0.1321693658828735 0 1.269788183271885 0.1003520414233208 0.3849741742014885 0 2.286322876811028 0 0.934013769030571 0.0825997069478035 0 0 0 0 0 8.907185599207878 0 0 0.5062873736023903 0.9443426951766014 0.2601280957460403 0.3872235119342804 0 0 16.40788087248802 0 6.839255772531033 0.09625203162431717 0 0.09824011474847794 0 0 0 0 0 0 0 0 0 0 101.5624577403069 0 0 0 0.1585324704647064 0 0.2734262347221375 0.2529987990856171 0 0 0.2238046824932098 0 0.1865902543067932 1.758628651499748 1.397294327616692 0 0.2496230751276016 0.5027296841144562 0 0.4611749947071075 0 0 0 0 0 0 0 0 0 0 0 0 0 0 0 0 0 0 0 0 0 0 0 0 0 0 0.1445955038070679 0 0 0 0 0 0 0 0 0 0 0 0 0 0 0 0 0.1240865513682365 0 0 0 0 0 0 0.3450609743595123 2.131310686469078 0 0 0 0 0 0 0 0 0 1.114998206496239 0 0 0 0 0 0 0.1927278935909271 0 0 0.1077665239572525 0 0 0 0 0 0 0 0 0 0 0.8546662777662277 0 0.1946521997451782 3.819856911897659 0 1.624617725610733 0.1256661713123322 1.33370940387249 0 0 0 0 0 0 0 0 0 0 0 0 0 7.403659254312515 4.352871850132942
548.0424529835582 2482.524117201567 110.8471301272511 1478.931229010224 148.8814527541399 378.3553573787212 2820.989400722086 10.086958527565 36.28580929338932 2026.56238783896 35.45097460597754 3007.016050845385 3546.661062605679 669.6523383557796 0.3416509330272675 0.3190939351916313 0 0 0 0 0 0 0 0 0.1983665227890015 0 0.1829439699649811 0.1168491914868355 0 0 16.07121294736862 3.79677426815033 39.11129926145077 0.1342293471097946 0 0 4.62304975092411 0.3149454742670059 2.820274196565151 0 0 0 0 0.1051905006170273 0 0 3.252095855772495 0.2838127315044403 0.3820167630910873 0 0 0.3155187368392944 0.2512409836053848 0 1.57863287627697 2.448135539889336 24.0142420604825 25.13089058548212 0.3255925923585892 1.421671167016029 0.09391472488641739 3.577992372214794 0 4.595550768077374 0.9126006364822388 0.6423546895384789 0.2044664919376373 0.08614014089107513 0.08360534161329269 0 45.19192977249622 8.812981858849525 0.3275628685951233 15.34739927202463 7.635445483028889 3.254680082201958 1.356941230595112 0.4403516352176666 0.6359593495726585 8.306291647255421 0.4471502900123596 7.567684322595596 1.650430895388126 0 0.6434208825230598 0.6025798544287682 0.1803050711750984 0.3614511489868164 0.4495172575116158 0.8175760805606842 0 0.08269792050123215 0 0.3453490287065506 0 438.3537095338106 7.860128611326218 0.4468173682689667 1.997493416070938 365.7362815886736 6.848305314779282 48.42047567665577 130.3481540903449 30.58578073978424 3.386874847114086 142.4490398541093 21.8632832467556 29.83754602074623 138.2766079083085 286.6318291723728 9.011883176863194 109.860489025712 116.0087044164538 45.63051897287369 26.41601131111383 0.7721610367298126 0.4275546967983246 0 0 0 0 0 0 0 0 0 0 2.371290355920792 0 0.09660244733095169 0 1.690220594406128 0 0 17.15802215784788 6.764749348163605 0.1648749262094498 5.942260801792145 1.307013869285583 3.377291291952133 3.020885109901428 6.851490519940853 3.996030382812023 1.887356221675873 0 0 0 1.498490050435066 0.3800021559000015 0.09591024369001389 0 1.932101190090179 2.011598564684391 0 0.2489067167043686 0 2.123031497001648 0 1.337224960327148 0.5674522966146469 0 0.5304020494222641 7.656279154121876 4.665458559989929 0.8773588314652443 4.068030804395676 24.69712600857019 15.39311445504427 0 1.426770776510239 0.1980412974953651 0 0 0 0 0 46.19374933093786 0.5748143717646599 0 0 0 21.20519329607487 4.568508051335812 13.06914342939854 6.786480225622654 11.33787357807159 5.155322164297104 2.421290278434753 1.874374657869339 0.09089238941669464 0 0 0 0 0 0.1057038009166718 0 80.84651178121567 14.77845076471567 12.23998153954744 369.3594095930457 4.698547661304474 13.38671305775642 0.6633534878492355 190.1630316749215 1.966103583574295 0 3.351645797491074 392.6392905265093 0.4163050726056099 11.06403584033251 0.8023494556546211 401.0248223990202 0.248485267162323 0 0.9998250007629395 8.13859723508358 0.8689414262771606 470.00823366642 481.7085918337107
147.3530905544758 694.1381600499153 2116.408120740205 4.587597116827965 1723.257595941424 1.284193091094494 1042.151926413178 2561.236174412072 281.9659913480282 35.45097460597754 1977.33306665346 692.8543996810913 1091.566239349544 2641.942348241806 15.0691916719079 11.52407408505678 0.9910112544894218 0.570863276720047 0.172065444290638 0.1930768936872482 0.6409404724836349 2.660600446164608 0.2923389822244644 0 3.341043621301651 1.833047658205032 1.630589783191681 1.153448417782784 3.658050119876862 1.438278168439865 384.5584868490696 263.2341726571321 642.3965270146728 0.7027151957154274 0.3168723285198212 6.301883935928345 134.3112464994192 37.52663735300303 21.32165822386742 8.276968315243721 1.339689813554287 1.492890425026417 0.2669298499822617 3.001675881445408 0.1033028364181519 1.395765401422977 30.06183794140816 1.017450943589211 0.6985827460885048 0.8105857893824577 3.179378218948841 1.063610643148422 10.52663925290108 1.684205539524555 3.206085667014122 8.415040854364634 6.670489296317101 126.6483049951494 1.872868113219738 13.37229745090008 10.21217661350965 292.2425520196557 0.926282599568367 71.84739534929395 5.609135635197163 1.941424958407879 0.8902678042650223 1.032229073345661 1.097349613904953 1.857616879045963 332.8009930849075 10.22463648766279 0.4615930020809174 52.9762058891356 44.06510839611292 39.3761974349618 30.51553247869015 14.49533430486917 143.4666037485003 643.6104652546346 8.91335005313158 733.0067816600204 5.940928637981415 0.3093802705407143 2.475704364478588 3.165981359779835 1.336297944188118 0.3862146362662315 0.8391610607504845 0.899058111011982 0.4807541593909264 0.1733083054423332 1.088510125875473 1.500202044844627 1.428694620728493 175.1348216235638 10.87777546048164 1.139581613242626 6.220848776400089 26.77652436494827 0.4518200755119324 0.4796043336391449 4.452314324676991 0.5152810513973236 0.6086225137114525 10.84535373002291 0.5850440859794617 2.589989587664604 10.9080999866128 13.35675147920847 2.163675457239151 9.527934543788433 10.60097182542086 6.338496819138527 5.666240662336349 0.3834340572357178 0.09270911663770676 0 0 0 0 0.2853202670812607 0 0 0 0 0 0.6231641918420792 0.09211801737546921 0 0 0.5944680646061897 0.5491935461759567 0 3.919521242380142 1.727338381111622 0 0.5676822513341904 0.1208585798740387 1.738914370536804 1.174634888768196 3.189607799053192 2.156068734824657 1.197709798812866 0.2160373628139496 0.2654520273208618 0 1.016172029078007 0 0 0 0.3240338265895844 1.229528672993183 0 0 0 1.525422111153603 0.1213004589080811 0.1202734783291817 0 0.1996367573738098 0 1.297992900013924 0 0.6183296889066696 2.035702064633369 7.935197599232197 8.235473029315472 0 0.6631931141018867 0.0792941227555275 0.2210420370101929 0 0 0 0 16.47240972518921 0.3284159973263741 0 0.1788870543241501 0.2762602418661118 6.078795544803143 0.9347757250070572 3.741855390369892 1.850565403699875 3.221331045031548 1.87215968221426 1.322180487215519 1.497425138950348 0 0.07936371862888336 0 0 0 0.1485090032219887 0.09955040365457535 0 11.32837633043528 8.702341370284557 5.77191236615181 184.4895626679063 5.559220813214779 101.3647269830108 21.3878191486001 38.51914618909359 11.3596313893795 0.6025454998016357 4.539578080177307 22.23193158209324 0.1014947965741158 4.702896036207676 1.455896563827991 10.48104690015316 0.1417957991361618 0 0 0.4707246571779251 0 56.26493906974792 32.59606859087944
102.4595095217228 65.59060874581337 115.0466639846563 497.0420088469982 93.87338802218437 63.23158424347639 138.8594383373857 67.67569833993912 168.2652068585157 3007.016050845385 692.8543996810913 324.1626073271036 2149.145456276834 1004.183729168028 2.442372627556324 2.59029795974493 0.6917301490902901 0 0 0 0 0.1754965037107468 0 0 0.2654224634170532 0 0 0.2101233899593353 0.3557842224836349 0.09746838361024857 13.00262404233217 16.66814710944891 74.34591295570135 0 0 0.4693908542394638 109.1094743609428 1.152547620236874 17.98786546289921 0.3356466218829155 0 0 0 0.3367742821574211 0 0.1172584816813469 6.283151514828205 0.100728340446949 0.3119876384735107 0.1055126413702965 0.5403166115283966 0 5.850530669093132 0.1864625513553619 0.5769830122590065 1.177579946815968 2.382782511413097 10.25244555622339 0.3923819661140442 2.876981645822525 0.1251517683267593 13.72324654459953 0.1124688237905502 9.643924713134766 0.8091389834880829 0.5377668663859367 0 0.1706262305378914 0 0 147.7290105521679 6.06507071852684 0 8.72794933617115 8.080019116401672 4.219902493059635 5.725985765457153 1.53091237694025 2.955473691225052 55.87402727454901 0.8912434801459312 16.17902812361717 1.499304935336113 0 0.1104506999254227 0.5461463630199432 0.211406409740448 0 0.1886385455727577 0.1392639875411987 0.2115713357925415 0 0.1399172097444534 0.3935462012887001 0 721.7181898653507 105.6387160569429 0.5236072316765785 29.26607526838779 9.897126480937004 0.9570382088422775 3.81770384311676 13.4678203985095 2.27726286649704 2.015610605478287 24.31291618943214 2.617894768714905 6.220126964151859 33.62262251228094 37.28570725023746 7.455501690506935 31.66825295239687 19.77879902720451 13.96683774888515 11.35110741853714 0.888428121805191 0.1243331506848335 0 0 0 0 0 0 0.3739386200904846 0 0 0 1.313835933804512 0 0.1159474104642868 0 1.529528141021729 0 0 4.920855149626732 1.158673405647278 0 2.144695520401001 2.189684398472309 1.756263367831707 3.109667092561722 4.88218092918396 2.487759307026863 0.4017091989517212 0 0 0 1.087831094861031 0.4161650836467743 0 0 2.089737020432949 0.5313632786273956 0 0 0 1.595820471644402 0 0.9050573036074638 0.3151421099901199 0 0.488119475543499 1.015709400177002 0.1846628338098526 0.5827466249465942 3.32111731171608 16.87813454121351 8.838049963116646 0 0.5343594402074814 0 0.1921726912260056 0 0 0 0 27.79451985657215 0.4067171066999435 0 0 0 16.87152584642172 1.912405371665955 6.637182071805 5.301394008100033 6.260723613202572 2.440965168178082 1.472494900226593 2.10084580630064 0 0 0 0 0.1089432314038277 0.08030872792005539 0 0 25.69196765869856 8.183035798370838 5.656289659440517 63.46118055284023 0.8892584070563316 21.09518536925316 7.058449946343899 41.39007712155581 2.537567093968391 0.2915632128715515 0.6371716558933258 49.66287640482187 0.1837517470121384 5.600170247256756 1.007668405771255 31.95207587629557 0.2908200770616531 0 0 0 0 326.8147419840097 96.10200670361519
53.87600923702121 1395.246286004782 669.3051910549402 209.4526903107762 2806.303009308875 18.1688768863678 2489.975756026804 161.5043558105826 544.4742794632912 3546.661062605679 1091.566239349544 2149.145456276834 1702.767012633383 1387.318750530481 14.22990085929632 6.548124320805073 0.5236411318182945 0.194821260869503 0 0.08856360614299774 0 0.6930665671825409 0 0 0.918603353202343 1.08470056951046 1.216625437140465 0.4393332898616791 3.765400111675262 0.3966774418950081 44.62388947606087 61.74494620412588 491.1311142891645 0.3682167157530785 0.1103656366467476 1.643309392035007 219.9333956167102 23.3628835901618 113.5670485422015 7.924182422459126 0.2154915705323219 0.3573926687240601 0 3.633738860487938 0.3659585937857628 0.6574531868100166 28.78465800732374 1.240197360515594 0.725454069674015 0.65888861566782 2.656669527292252 0.3932437747716904 65.91894005984068 0.7968307584524155 3.739963196218014 8.044866785407066 2.869538225233555 45.01614426076412 2.588065251708031 11.41578595712781 3.115739442408085 34.41403879225254 0.2278604283928871 53.00814353302121 6.038828369230032 1.361022740602493 0.6329812556505203 0.731855645775795 0.5070042535662651 0.2939339429140091 380.0145518705249 15.82130723446608 0.3732400834560394 47.82643658667803 33.49886110424995 34.69556838274002 26.49311269447207 10.85519589483738 5.679119385778904 80.93103663623333 2.4047686830163 54.830028668046 5.703315772116184 0.08018901199102402 1.984728418290615 3.074622377753258 0.6089093685150146 0.2972942143678665 0.7830142676830292 0.5115450918674469 0.3935499414801598 0.0926796942949295 0.4381395131349564 0.1686318293213844 0.5917943865060806 1684.989949934185 126.2644587382674 1.055015236139297 95.13465674221516 11.00085163861513 1.851737357676029 8.573323272168636 37.79266758263111 6.671415992081165 3.117284692823887 55.08558477461338 3.823083482682705 16.30806191265583 50.88303729891777 81.44616949558258 5.476075030863285 65.61730945855379 47.28670936077833 23.50392214953899 26.88797391951084 0.7910207584500313 0.6319540292024612 0 0.09537574648857117 0 0 0.1568716019392014 0.14764304459095 0 0 0 0 3.254834190011024 0 0.1623062640428543 0 0.7984576821327209 0.2400548756122589 0 8.399232529103756 6.39604901522398 0 3.126824915409088 3.149302870035172 3.706458754837513 2.915529832243919 10.30989720672369 7.694977626204491 4.037917442619801 0.3639170750975609 0 0 1.373673409223557 1.142426021397114 0 0 3.75669302791357 2.291970051825047 0 0 0.2526364624500275 3.28725354373455 0.3635253608226776 0.5508421063423157 1.41951497644186 0.234345905482769 0.6338180005550385 4.813510410487652 1.591407343745232 0 5.88739088177681 35.29184783995152 18.41854249686003 0.09882056713104248 1.052766472101212 0.0964408665895462 0 0.09853815287351608 0 0 0 52.83506558090448 1.681392379105091 0 0 0.1202006340026855 18.62922887504101 5.640899173915386 11.41754362732172 8.478557661175728 14.17750842869282 5.585559591650963 4.787997871637344 2.957167841494083 0 0.0954032763838768 0 0 0.1881905868649483 0.3158330917358398 0 0 51.48200052976608 18.31113517284393 16.5432115867734 250.8745523616672 8.490146063268185 116.1004242002964 19.23656041175127 42.98800653219223 15.46973423659801 1.236115992069244 5.653666764497757 106.9834309220314 1.540626771748066 14.65541186183691 3.507892906665802 68.34429621696472 0.5765234902501106 0 0 1.58050412684679 0.4314720630645752 369.7534009516239 155.0235869884491
