63.85742262005806 2296.68764808774 323.5354645624757 584.3887161239982 23.25096336007118 68.71092368662357 417.0537252575159 44.30639769881964 0.4077624380588531 223.6653503626585 5.565223217010498 16.0974777340889 32.97427962720394 6.918716609477997 0.2472560107707977 0 0 0 0 0 0.1632635295391083 1.461649507284164 0 0 0.220406100153923 0 0 0 0 0 990.2843876257539 23.22076927870512 0.6181548833847046 0 0 0.1001228466629982 2.067269176244736 1.807783722877502 6.143401138484478 0.1949734091758728 0.1518896520137787 0 0.1216432899236679 0 0 0 9.361694529652596 2.415554881095886 0.4416032433509827 0.1056565046310425 1.388643264770508 0.2657206654548645 0.7222038358449936 0 3.840896263718605 12.9428354203701 141.5101576223969 809.5155623406172 17.79709266126156 6.585754454135895 0.1091221794486046 0 0.1235627755522728 107.1557529494166 2.480517841875553 0.3983629643917084 1.222940817475319 0.4444429203867912 0 0 5.587081983685493 87.26487335562706 28.85104218125343 53.24665763229132 1.195967882871628 1.834039002656937 0.1415756195783615 0 0.5760770961642265 0 0.5863696336746216 0.2428122460842133 5.754522413015366 0.9174594879150391 1.934029571712017 8.452564790844917 0.4289226830005646 1.08238685131073 4.299984283745289 13.72619321197271 2.862073697149754 1.04187848418951 0 0.5784404426813126 0.1610251218080521 39.40192456543446 13.57340407371521 2.084204077720642 5.843689456582069 325.8751269131899 0 0 0 0 0 0 0 0 0.6343166679143906 0 0 0 0 0 0 0 0 0 0 0 0 0 2.533761501312256 0 0 4.275474667549133 0 0 0 0 1.754363417625427 0 3.740184307098389 0 0 0 0 0 0 0 0 0 0 0 0 0 0 0 0 0 0 0 0 0 0 0 4.995471507310867 0.909260094165802 0 0 0.09030898660421371 0 0 0 0 0 0 0 0 0 0 0 0 0 0 0 0 2.169201612472534 0 2.326983690261841 0 0 0 0 0 0 0 0 0 0 0 0 0 0.1506541818380356 0.299103856086731 0 0 0 1.742669701576233 0 7.393696516752243 0.7626722753047943 57.55928479880095 1.461904630064964 243.6521413251758 0.7201390266418457 0.8187225311994553 0.4910394549369812 0 1.112278580665588 0.2920597568154335 0 0 0 0 0 6.695911467075348 0 80.56678849458694 0
2296.68764808774 1900.156984597445 859.6532211229205 1271.36337429285 581.0734814703465 551.9913766011596 1624.637623399496 431.8479204028845 491.8339449614286 1050.570437669754 292.6862601339817 91.13947397470474 469.6294077411294 783.1519330441952 15.21308973431587 1.714059814810753 1.536154441535473 0 0 0 0 0 0 0.1308175176382065 0.1070320904254913 0 0 0.2159494906663895 0 0 1055.599284000695 64.86044853180647 30.21230857074261 0 0.1002305746078491 0.1637990772724152 26.32924412190914 0.8004707992076874 0.5466553494334221 0.09780356287956238 0 0 0 0.2036541551351547 0 0 161.6020840480924 4.984365046024323 0.9478226080536842 0.07643137872219086 2.065861813724041 0.3298809826374054 0.3997637704014778 0 6.178627237677574 25.01623518392444 130.2685912102461 280.2766677439213 39.2394392862916 26.16782712191343 0 0.4390043616294861 0.1122852936387062 168.241177469492 5.570305272936821 0.8699371442198753 2.285487167537212 0.4395568296313286 0.1895166113972664 0 34.74468371272087 3.86540549993515 1.605169735848904 113.362263917923 24.02158562839031 32.63660611212254 8.922775387763977 0.7865163087844849 0.2403497919440269 3.553622111678123 0.3773743510246277 0.08792371302843094 8.764424443244934 0.8068178594112396 2.494451746344566 21.65177161991596 1.105696506798267 0.09403515607118607 9.355186283588409 1.602710299193859 7.264587484300137 2.216775685548782 0.1313158571720123 0.9335280060768127 0.760177418589592 30.79496943950653 1.763881072402 0.1132731139659882 3.278380684554577 305.9005472287536 0 0 0 0 0 0.5817753672599792 0 0 2.904124915599823 0 0 0 3.749733075499535 0 0 0 0 0 0 0 0 0 0 0 0 0 0 2.244325220584869 0 0 0 0 0 1.541089653968811 5.108405590057373 2.789454460144043 0 0 0 0 0 9.596294164657593 19.95434999465942 8.441900968551636 0 0 0 0 0 0 0 0 2.518425107002258 0 0 0 0 0 0 0 0.09155195206403732 0 0.817484438419342 0 0 0 0 0 0 0.08052229881286621 0 0 0 0 0 0 3.374587893486023 0 0 0 0.1531213819980621 0 0 0 0 0.8468025326728821 0 0 0 0 0.08460929989814758 0 0 0.4828260093927383 0.160417802631855 0 0 1.19460454583168 0.2162880003452301 4.595305740833282 161.0077500790358 10.58416267484426 559.0883940756321 81.90959020704031 353.8006188198924 51.75974472612143 0.8082146346569061 38.45963431894779 3.324920549988747 0 2.220653906464577 1.810544967651367 1.138850331306458 0 0 0 128.2622167617083 0.2505035400390625 82.97062086313963 7.328311145305634
323.5354645624757 859.6532211229205 142.5236799567938 39.23484299331903 371.6275496184826 84.15215416252613 154.6527960002422 1500.9411393255 39.51491744816303 140.9932526648045 412.400272808969 118.7978871911764 358.2910910919309 452.0987904593349 9.501749217510223 3.927285872399807 0.9567178264260292 0.1939921826124191 0 0.451926589012146 0 0.6081817448139191 0.7768718302249908 0.353094145655632 2.399339579045773 0.3133394569158554 0.1229369267821312 0.698929637670517 2.614040091633797 0.7035354003310204 3177.004058487713 262.7267718315125 170.6363318040967 0.7608698084950447 0.8059008568525314 11.3566260933876 127.4900996163487 13.0308745354414 23.00681530684233 7.839184120297432 3.127181395888329 1.55624994635582 0.1567060872912407 1.098652631044388 0.2153919637203217 0 98.91510507464409 2.76609743386507 1.760580092668533 0.2461997792124748 1.666458301246166 0.4496318474411964 6.903490446507931 0.4633941650390625 3.335941813886166 15.82228671759367 67.98313144594431 209.9406449720263 24.52618307620287 19.99679296463728 1.825698107481003 16.28116699308157 2.603773936629295 223.2130985334516 5.638822562992573 1.030757509171963 1.946534931659698 0 0.3303518742322922 0.3047873228788376 197.048828035593 13.19444588571787 2.884160704910755 74.9926845729351 26.28296533972025 35.09993150830269 17.6119232699275 4.393198497593403 7.96746339648962 212.6743079200387 1.355359897017479 62.78965061903 6.643734373152256 0.7098159641027451 2.277769677340984 13.50149478763342 0.8768557459115982 0.5634821876883507 6.101441819220781 1.67155197262764 5.375402964651585 1.494541019201279 0.2913379818201065 1.40444353967905 1.727191634476185 53.16594972461462 11.36340523511171 1.638259269297123 36.02399568259716 75.63750660419464 0 0 1.16563355922699 0 6.996861457824707 0 0.4459001123905182 0.4901638329029083 0.5700299143791199 2.452950954437256 2.903896570205688 0 5.017214059829712 1.459309220314026 0 0 0.493696391582489 1.29349672794342 0 0 0 0 0 0 0 1.647776231169701 0 13.11432653665543 0 0 0 1.604577779769897 0.6731604933738708 0 12.2524012029171 0.3641824126243591 0 0 0 5.346702069044113 3.526978015899658 20.02424880862236 37.95917975902557 24.20912012457848 0 0 0.9491880536079407 0 0 0 0 0.3695019483566284 3.312620759010315 0 0 0.1346278190612793 24.11268752813339 0.5881104469299316 0 0.4524322152137756 0 0.2440948933362961 0 0 0 0.2494538426399231 0 0 0 0 0 0 0 0 0 0 4.194940388202667 0 0 0.6067619323730469 0.5811483189463615 0 0 1.597119808197021 0.5505648851394653 1.030484884977341 1.635651677846909 0 0 0 0.117574967443943 0.1029209643602371 0 0.4197796732187271 0.3434060662984848 0 0 1.716099143028259 10.74720692634583 25.9490804374218 50.59206182509661 3.146668739616871 307.3010579571128 33.78431032598019 119.1089353635907 18.14969208091497 1.753893166780472 9.606834173202515 20.27385577559471 1.264469265937805 12.07702134549618 3.335429608821869 1.917776584625244 1.753156304359436 0 0.5640450119972229 10.53022909909487 0 30.54488482326269 4.123344123363495
584.3887161239982 1271.36337429285 39.23484299331903 975.2427038252354 21.63435624539852 363.1661677509546 578.6783533841372 6.154913872480392 0 2350.896732151508 0.773544579744339 9.03372710943222 24.07746184617281 6.241032332181931 0 0 0 0.127561017870903 0 0 0.1300792843103409 0 0 0.1146496012806892 0 0 0 0.1165405064821243 0 0 420.1327395215631 4.274770297110081 0.1042768210172653 0 0.09885383397340775 0.09283330291509628 0 0.09618530422449112 0.0796990692615509 0 0.105388343334198 0 0 0 0 0 54.96633170545101 3.908888161182404 0.9327761381864548 0.06397901475429535 1.512053735554218 0.1509646400809288 0 0 4.512389101088047 16.51864812895656 87.31283385306597 342.8486335724592 26.47323742508888 16.5637406334281 0.08417209982872009 0 0.1666014492511749 64.33608960360289 5.885405641049147 0.7606862895190716 0.7296407669782639 0.5650391317903996 0.104084424674511 0 0 4.080544114112854 1.566202133893967 87.66267855465412 5.642493531107903 10.45858361572027 0.5989952385425568 0.09175732731819153 0 0 0 0.1832226067781448 9.835185021162033 1.12805861979723 1.537645101547241 16.32045826688409 1.460729718208313 0 8.137515559792519 0.9455650001764297 5.823654629290104 1.762781716883183 0 0.8936362415552139 0.467841811478138 13.97656832635403 0 0 0 57.51788404583931 0 0 0 0 0 0 0 0 0.9836799204349518 0 0 0 0 0 0 0 0 0 0 0 0 0 0 0 0 0 0 0 0 0 0 0 0 0 0 0 0 0 0 0 0 0 0 0 0 0 0 0 0 0 0 0 0 0 0 0 0 0 0 0 0 0 0 0 0 0 0 0 0 0 0 0 0 0 0 0 0 0 0 0 0 0 0 0 0 0 0 0 0 0 0 0 0 0 0.09662613272666931 0 0 0 0 0 13.90500112622976 1.152259141206741 225.7861656472087 10.69054780900478 100.0793144479394 10.45940061658621 1.272973455488682 2.921649575233459 0 0 0.1867475211620331 0.08951742947101593 0 0 0 0 313.5164784342051 0 21.61092854291201 0
23.25096336007118 581.0734814703465 371.6275496184826 21.63435624539852 850.4109391272068 9.606820806860924 546.9422200769186 577.2382340878248 2112.200514882803 353.8240821361542 760.5988313108683 61.54465992748737 568.7988849878311 999.604364335537 17.38646753132343 1.005750149488449 1.226930186152458 0 0 0 0 0 0 0 0 0.1525671482086182 0 0 0.198054701089859 0.1551006734371185 36.70903616398573 8.545075081288815 8.073651477694511 0 0 0 7.30969300866127 0 0.1272002160549164 0.1475288569927216 0 0.1410832405090332 0 0.201254203915596 0 0 54.84905057400465 0.2049343064427376 1.860286548733711 0 0.2583720535039902 0.09302795678377151 0 0 0.7847833260893822 2.720179691910744 12.2075305134058 14.80466690659523 6.196057677268982 4.275890104472637 0 0 0 40.13813585042953 1.29145710170269 0.4799641072750092 0.4908487573266029 0.1109281554818153 0.08986753970384598 0.09820720553398132 6.99888039380312 0.3217685520648956 0 12.87746181339025 5.381267234683037 19.20048829168081 11.45705963671207 0.1768779903650284 0 1.413030967116356 0 0.4782153964042664 0.6455943137407303 0.5040903389453888 0.2367290481925011 2.952599205076694 0.1950941830873489 0.103965736925602 0.7594942450523376 0 0.9830604419112206 0.2964464351534843 0 0.09166525304317474 0 15.42870929837227 1.030652970075607 0 0.4618848487734795 0.317071869969368 0.9144287109375 0 0 0 0 0 0 0 3.583851099014282 0 0 0 0 0 0 0 0 0 0 0 0 0 0 0 0 0 0 1.645533561706543 0 0 0 0 0 0 0.903581440448761 0 0 0 0 1.363833785057068 0 4.344121098518372 3.36335289478302 0 0 0 0 0 0 0 0 0 0 0 0 0 2.784168004989624 0 0 0 0 0 0.288992166519165 0 0 0 0 0 0 0 0 0 0.1080848500132561 0 0 0 0 1.400720953941345 0 0 0 0 0 0 0 0 0 0 0 0 0 0 0 0 0 0 0 1.374133795499802 0 1.505207896232605 59.27516739070415 1.915605865418911 126.9801967963576 29.51609373092651 84.88458847254515 20.31674146652222 0.7705608010292053 14.18775217235088 2.5254847407341 0 1.476836800575256 0 0 0 0 0 1.758574724197388 0 4.09723012149334 1.402615666389465
68.71092368662357 551.9913766011596 84.15215416252613 363.1661677509546 9.606820806860924 0 135.1991304308176 26.28407436609268 1.8875822275877 1030.684445932508 6.324259340763092 110.1734869629145 136.1179959625006 24.85719546675682 4.312016844749451 5.962249293923378 0.1793202459812164 0 0 0.09712468087673187 0 3.254330947995186 0 0 0.08277872949838638 0.1313911974430084 0 0 1.57173490524292 0 162.0770600810647 13.08603445440531 4.279456399381161 0.1904706209897995 0 0 12.80658249557018 4.005070298910141 45.11220151185989 3.984584271907806 0 0 0 1.226782932877541 0 0 6.031288132071495 0.3820989206433296 0 0 0.8645474538207054 10.32728849351406 20.45991636812687 0.1827218532562256 1.080065295100212 3.786277189850807 31.5561101436615 210.5958763808012 5.406960219144821 1.713384985923767 1.36716702580452 10.46569520235062 0.385426938533783 23.63465028256178 1.176292382180691 0 0.1020525768399239 0 0.08205902576446533 0 40.08720861375332 638.9407231211662 263.3062496632338 20.05506736040115 1.700221031904221 2.062666036188602 2.569603353738785 0.6457118391990662 0.1435429453849792 2.878780424594879 0.2709352821111679 7.888939321041107 2.951974593102932 6.128872960805893 0.8709572330117226 2.939114935696125 0.2911835387349129 15.27080269902945 4.311896674335003 58.31369639188051 2.014273047447205 4.024539761245251 0 0.1288027465343475 0.7521515041589737 62.71863555908203 88.15541313588619 7.509967476129532 69.52575953304768 129.1713234931231 0 0 0 0 0 0 0 0 0 0 0 0 0 0 0 0 0 0 0 0 0 0 18.59973454475403 0 0 28.86087328195572 0 0 1.362761497497559 0 2.807406663894653 6.683068633079529 37.63065510988235 1.753992199897766 0 0 0 0 0 0 0 0 0 0 0 0 0.4943716824054718 0 0 0 0 0 0 0 0 8.885672628879547 26.53835928440094 22.9602430164814 0 0 0 0 0 0 0 0 0 0 0 0 0 0 0.2287713289260864 0 0 0 0 3.108317971229553 0 1.298999354243279 4.930099323391914 0 0 0 0 0 0 0 0 0.5584718734025955 0 0 1.483832359313965 1.396730303764343 1.995101764798164 0.8374252319335938 0 0.684558093547821 2.707533001899719 0 45.3330467119813 2.333668410778046 38.60378373414278 6.609584212303162 95.20594730973244 0.4083104431629181 0.5924321413040161 5.293211728334427 1.454948604106903 3.262071013450623 1.278438970446587 0.8869775533676147 0 0 0 0 1.0479816198349 0 43.30948981642723 0.7687986493110657
417.0537252575159 1624.637623399496 154.6527960002422 578.6783533841372 546.9422200769186 135.1991304308176 708.0553391128778 65.33000816404819 2827.792656555772 2024.749016404152 337.8258424848318 222.207087635994 1936.157696604729 2303.603908985853 40.18672323971987 10.13415415585041 4.707916915416718 0.3914461433887482 0.3110576868057251 0 0.1637238264083862 0.09191461652517319 0.2017054706811905 0.1656340509653091 0.1219039857387543 0 0.1696625351905823 0 0.1006767228245735 0.5392318367958069 157.8015141561627 27.17991761863232 16.31642179191113 0.5193607956171036 0 0 15.54155764728785 0 1.190221533179283 0.8947530537843704 0 0 0.09827333688735962 0.1171376556158066 0 0 175.2496349439025 2.994927227497101 2.486980117857456 0 1.578941740095615 0.09111473709344864 0.277450293302536 0.207409679889679 4.404341489076614 14.26244501024485 72.62271136790514 114.7090440988541 25.34456920623779 22.27014824002981 0.1246629655361176 0.3114577531814575 0 131.5999071225524 4.997061736881733 0.5721147805452347 0.9421966075897217 0.180185541510582 0.2763001918792725 0 21.60350514948368 3.327669277787209 0 75.98655364662409 23.00630156695843 54.37338894605637 29.85156556963921 2.976794019341469 0 3.290470719337463 0.1015696078538895 0.3828009366989136 6.169217020273209 0.4283708706498146 2.104197345674038 12.81928139925003 1.212688490748405 0.4106391817331314 6.873310524970293 0.1536684781312943 3.54279451072216 1.592019058763981 0 0.5859967321157455 0.4329619333148003 239.746460750699 4.186554491519928 0 0.6989316269755363 24.53735526651144 0.3932852447032928 0 0 0 0 0.4496059119701385 0 0 3.473042190074921 5.403916835784912 0 8.563880443572998 2.222273409366608 1.833343625068665 0 0.4908820390701294 0 0 0 0 0 0 0 0 0 0 0 2.203369617462158 0 0 0 2.484938383102417 1.931323528289795 0 14.63548135757446 0.7922981381416321 0 0 0 5.403674721717834 0 12.48744368553162 9.304894149303436 7.827731966972351 0 0 0 0 0 0 0 0 2.105700194835663 0 0 0 3.200774610042572 0 0 0 0 0 2.460548639297485 0 0 0 0 0 0 0 0 0 0 0 0 0 5.831495642662048 0 0 0 0 0 0 0 0.4942525625228882 0 0 0 0 0 0 0 0 0.2324180901050568 0.1846465766429901 0 0 11.44130009412766 6.380746603012085 32.22100123763084 241.5992251485586 6.321988590061665 514.8339438773692 104.6748800650239 309.3853969797492 57.08718253672123 2.645840533077717 48.65918864309788 2.286447942256927 0 1.957456633448601 0.516140878200531 0 1.068663477897644 0 0 74.95377187430859 0.4269683361053467 40.56416972726583 22.36210352182388
44.30639769881964 431.8479204028845 1500.9411393255 6.154913872480392 577.2382340878248 26.28407436609268 65.33000816404819 715.1144922971725 328.8738059997559 93.24411350488663 199.1321936845779 119.6822357475758 429.0179881677032 1202.031149178743 21.11816097795963 9.023162171244621 2.001955308020115 0.2430881187319756 0 1.642403401434422 0.7725070863962173 2.474917031824589 1.247138045728207 1.9934898391366 8.121397264301777 0.5110891163349152 0.1867787092924118 2.220337733626366 6.582826167345047 1.176027044653893 462.5828850418329 340.6451999843121 513.8834048137069 2.405670143663883 2.081959471106529 42.83132003247738 315.5959051996469 57.02167701721191 81.87027858942747 22.75323317945004 7.507572829723358 4.584736570715904 0.8358325660228729 109.3393823057413 0 0.6740976572036743 103.7670922651887 3.063210234045982 2.949240826070309 0.6253396645188332 1.216988310217857 2.3276097625494 19.54327760636806 1.683249212801456 2.032429367303848 7.096489228308201 29.20373490452766 52.5034539476037 10.16708172857761 18.39215428382158 15.01025272905827 144.5637948438525 10.24702844023705 249.8610980436206 2.613801494240761 0.2683281525969505 1.202577985823154 0.3597779795527458 0.07896509766578674 0.7128332480788231 506.2969379946589 32.76757156848907 3.997627288103104 46.24608554691076 25.02532052993774 62.77504613250494 132.7180821374059 439.3537062108517 230.4439214244485 1006.737102925777 15.20973946899176 992.2429747581482 2.652055405080318 0.9032908454537392 0.7955074086785316 7.70097629353404 0.5059725046157837 1.080161847174168 3.733115363866091 4.388632029294968 3.545666888356209 1.831328846514225 1.232811138033867 3.02351912856102 2.917619869112968 92.12860475480556 34.98015214502811 3.587646640837193 98.76439093053341 21.41813877224922 0.9345418810844421 0 0 0 0.8590199947357178 0 0.5333293080329895 0 6.078106045722961 6.462365627288818 4.709720611572266 10.0542848110199 7.375138342380524 0.7510399222373962 1.19666862487793 2.303782045841217 1.40507447719574 0 0 0 0 0 1.036115169525146 0 0 1.969726860523224 0 26.98821240663528 0 0 0 4.279172718524933 0.2897682189941406 1.650554895401001 7.398183435201645 8.035049080848694 0.17071333527565 0 0 4.023778229951859 4.21549129486084 16.51374304294586 54.24025052785873 36.97772467136383 0 0.4948302507400513 0 0 0 0 0 0 3.314013808965683 0 0 3.18460339307785 18.74189007282257 4.788195326924324 0.08865860849618912 0 0.08141719549894333 1.699882924556732 2.765361115336418 0 0 1.135097980499268 0 0 0.6275808811187744 0.0932883694767952 0 0 0 0 0 0 3.55475178360939 0 0 0.4155325591564178 1.62670624256134 0 0 2.110562324523926 1.441090226173401 0.4772588610649109 1.815099030733109 2.926215648651123 0.5999118089675903 0 0 0.08082716912031174 0 0.309992827475071 0.2203368544578552 0.0909455418586731 0 9.555123791098595 15.73252412676811 45.92607021331787 46.15373896807432 3.291039422154427 200.1487137004733 29.21249820291996 49.85733933001757 16.68943440914154 1.101560495793819 9.184646040201187 40.31202685832977 0.4054394960403442 19.11433187127113 9.935799598693848 3.125815272331238 0 0 1.522117733955383 1.653835833072662 0 23.80538672953844 8.601540207862854
0.4077624380588531 491.8339449614286 39.51491744816303 0 2112.200514882803 1.8875822275877 2827.792656555772 328.8738059997559 166.9722244143486 80.322788849473 685.3883464187384 71.30018413066864 446.3134598135948 707.8413188010454 4.723371371626854 3.222653314471245 0.3593178689479828 0 0 0 0 0 0 0.1687260568141937 0.1836916953325272 0.1961948126554489 0 0 0 0 8.085807338356972 6.531680226325989 26.09828893840313 0 0 0 15.13525553792715 1.665995597839355 0 0.4426174461841583 0 0 0 0.1616373360157013 0 0 12.98164127767086 0 0.6238882094621658 0 0.177470363676548 0 0 0 0 0.4695183262228966 1.301496908068657 1.66495518386364 0.4661553427577019 0.3779375776648521 0 1.608272135257721 0 4.801283657550812 0.0987272784113884 0 0 0 0 0 4.412416160106659 0 0 1.530851304531097 1.327039197087288 3.436947219073772 2.074938431382179 0.337536096572876 0 13.13657492399216 0 0 0 0 0 0.2557808235287666 0 0 0.3208067566156387 0 0.2492761015892029 0 0 0 0 21.44907909631729 0.6690496802330017 0 0.3521123230457306 0.5069929361343384 0 0 0 1.15490198135376 0 0 0 0 0 0 0 3.552075862884521 0 0 0 0 0 0 0 0 0 0 0 0 0 0 0 0 0 0 0 0 0 0 0.6134411692619324 8.998090505599976 0 0 0 0 0 1.444132447242737 0 0 0 0 0 0 0 0 0 0 0 0 0 0 0 0 0 0 0 0 0 0 0 0 0 0 0 0 0 0 0 0 0 0 0.9801132082939148 0 0 0 0 0 0 0 0 0 0 0 1.264607787132263 0 0 0 0 0 0 0 0 1.130275368690491 1.279314756393433 0 12.28412805497646 0 15.77612318843603 4.540253758430481 10.02119238674641 1.32468868792057 0 7.465985774993896 0 0 0.536950409412384 0 0 0 0 0 0 0 1.496851220726967 3.920806050300598
223.6653503626585 1050.570437669754 140.9932526648045 2350.896732151508 353.8240821361542 1030.684445932508 2024.749016404152 93.24411350488663 80.322788849473 2226.083509340882 109.4355112910271 601.5583322495222 3300.905655249953 1592.818009242415 25.41800643503666 12.07180324196815 2.282926052808762 0 0 0 0 0 0 0.2118751257658005 0 0 0.354468896985054 0 0.595852255821228 0 133.6890538334846 43.67590487748384 15.70187021791935 0.1507841050624847 0 0.1080084592103958 148.7699951082468 0 0.6882071793079376 0.7216667905449867 0.31503626704216 0.3568829298019409 0 2.704040661454201 0 0 74.69779225438833 1.665837816894054 2.277648389339447 0 0.5590098276734352 0.1460999995470047 1.01595664024353 0.2194027155637741 1.460674338042736 5.240333184599876 32.08452069759369 105.6603538691998 9.54873276501894 8.183814138174057 0.1897865235805511 0.626387819647789 0 49.35561961680651 1.246689654886723 0.2098352238535881 0.5817965492606163 0.1693966910243034 0 0 225.9510971531272 2.346062302589417 0.1158097758889198 27.97026132047176 7.658395454287529 19.14308232814074 18.94427059590816 4.617321856319904 1.0157555565238 5.030758336186409 0 2.474935933947563 2.319362603127956 0.3594445362687111 0.4876921251416206 4.814285956323147 0.17840376496315 0 2.44891382753849 0.3039930015802383 1.835080727934837 0.5543054863810539 0 0.07079515606164932 0.5300326272845268 1862.091287583113 47.31697168946266 0.3070136308670044 17.82036106288433 28.36443961411715 0 0 2.30412483215332 0 15.15471881628036 19.19025364518166 0.6207070350646973 2.92358535528183 14.77677148580551 17.35020041465759 0 51.91957271099091 24.05594971776009 16.25409710407257 0 3.055689811706543 0 1.140302628278732 0 0 0 0 0 0 0 0.318516731262207 0 4.769906520843506 0 0 0 5.063999652862549 0 0 28.11998903751373 11.96400320529938 0 0 0 12.84740287065506 0 15.00899708271027 54.10891512036324 22.79153943061829 0 0 0 0 0 0 0 0 3.108856618404388 0 0 0 6.98100346326828 0 0 0 0 0 6.001209080219269 0 0 0 0 1.693035364151001 0 0 0 0 0 0 0 0 33.60535943508148 0 0 0 0 0.8367321491241455 0 0 3.008597433567047 1.934862792491913 0.8937147855758667 0 2.272460639476776 0.6698323488235474 0.1019430607557297 0 0 0 0 0 0 60.38954344391823 14.6754058599472 85.47463887929916 137.1193940341473 3.420118682086468 198.7554616630077 53.48434095829725 135.8388471677899 18.27352260798216 0.4639410972595215 30.39013537764549 14.59688720107079 0 14.72082275152206 2.702805891633034 24.44801962375641 1.592220306396484 0 2.475613117218018 739.5793114304543 0 29.41578818112612 68.15089997649193
5.565223217010498 292.6862601339817 412.400272808969 0.773544579744339 760.5988313108683 6.324259340763092 337.8258424848318 199.1321936845779 685.3883464187384 109.4355112910271 161.8141970783472 277.8902232050896 790.8710608631372 2835.748857721686 2.25490602850914 3.144550547003746 0 0 0 0 0.120252400636673 0 0 0 0.161757156252861 0 0 0 0.3263151943683624 0 59.96496065706015 33.54375176131725 648.2922315970063 0 0 0 177.0428465530276 5.307583518326283 1.940216310322285 0.4125922024250031 0 0.4421088322997093 0 0 0 0 7.236732631921768 0 0 0 0 0 0.2189355865120888 0.1420074999332428 0 0.1632151752710342 1.130218662321568 1.275618523359299 0.366798423230648 0.6016792431473732 0 3.9035389944911 0.1070484966039658 4.959016233682632 0 0 0 0 0 0 174.4144169837236 0.3213644027709961 0 1.559546291828156 1.081003755331039 1.976464472711086 3.363047696650028 0.4785420596599579 0.1147613525390625 51.9414646178484 0 1.33852744102478 0.1062034144997597 0 0 0.09291490912437439 0.09887353330850601 0 0.09796024113893509 0.134188175201416 0 0.2092368081212044 0 0 0.1718146800994873 20.45026080310345 2.557222791016102 0 5.883687973022461 1.232356995344162 0 0 0 0 0 0 0 0 1.851313591003418 2.366272687911987 0 0 0 0 1.400046348571777 0.941644549369812 0 0 0 0 0 0 0 0 0 0 0 1.517785429954529 0 0 0 0 0 0 3.611218750476837 2.370896100997925 0 0 0 4.629712343215942 0 5.529386162757874 4.857216238975525 2.072379112243652 0 0 0 0 0 0 0 0 0 0 0 0 1.544322550296783 0 0 0 0 0.5045375823974609 0.4651285707950592 0 0 0 1.951239109039307 0 0 0 0 0 0 0 0 0 6.05619490146637 0 0 0 0 1.628475427627563 0 1.874635577201843 0 0 0 0 0 0 0 0 0 0 0 0 0 0.3928493857383728 0.6862812638282776 12.68851879239082 13.26419561356306 0.1888632923364639 12.98325479030609 6.245485730469227 12.90927983820438 0.8800907582044601 0 3.84330840408802 5.989985466003418 0 0.8105389475822449 1.65417468547821 0 0 0 0 0 0 7.190233409404755 1.710156619548798
16.0974777340889 91.13947397470474 118.7978871911764 9.03372710943222 61.54465992748737 110.1734869629145 222.207087635994 119.6822357475758 71.30018413066864 601.5583322495222 277.8902232050896 24.38359878957272 482.7992522120476 330.2849541753531 29.39523407816887 17.30536190420389 2.667094454169273 0.3616179823875427 0 0.09626691043376923 0.3792365193367004 4.925015680491924 0.1129874289035797 0 0 0.5205244272947311 0 1.549135617911816 5.974619224667549 0.2878300994634628 33.3210531398654 32.01961980760098 13.88232256472111 0.104054719209671 0 1.360361069440842 51.53373417258263 1.940562009811401 15.85721854865551 5.775602862238884 4.053404606878757 4.769553884863853 0.7146775871515274 3.855039320886135 0.1532594561576843 0.3874959945678711 39.99763088673353 0.4586325734853745 0.1378803253173828 0.2491916492581367 0.2367394119501114 2.487829610705376 35.60155375301838 2.265720650553703 0.1663260832428932 1.223945662379265 4.319338954985142 4.154399052262306 0.5235177055001259 1.124167166650295 0.3958159014582634 5.825415939092636 0.5512038916349411 17.10033604502678 0.08438560366630554 0.1073889434337616 0 0 0 0.1763921678066254 158.7421918585896 3.114579379558563 3.943237483501434 5.221023201942444 3.455528527498245 15.04683887213469 15.87592062354088 6.192879989743233 0.3525514602661133 20.77627734839916 0.08425126969814301 7.092638351023197 0.1152906939387321 0.7539545595645905 0.1194104701280594 0.7690090835094452 0.08625255525112152 1.482116900384426 0.9629581496119499 5.560361944139004 1.639725536108017 1.641671121120453 0 2.689968220889568 3.668286703526974 640.803151845932 81.97224728763103 7.579072438180447 15.90994270890951 5.010012149810791 0 0 1.45382022857666 0 4.740255832672119 2.77771520614624 0.9736510515213013 0 1.082574844360352 13.11778879165649 0 11.37214982509613 9.549879431724548 3.278311252593994 2.580378770828247 0 0 0 0 0 0 0 0 0 0 2.460230767726898 0 10.82377487421036 0 0 0 1.394774913787842 9.397461831569672 0 14.6886231303215 5.149880886077881 0 0 0 5.696647346019745 0 8.838469564914703 29.04979121685028 10.60312592983246 0 0 0 0 0 0 0 0 3.77319210767746 0 0 0 3.847749173641205 2.123691141605377 0 0 0 0 0.7378234267234802 0 0 0 0 2.465509176254272 0 0 0 0 0 0 0 0 13.02293252944946 0 0 0 0.5992213487625122 2.610414028167725 0 0 0 0 1.405024170875549 0 0.6563497185707092 0 0 0 0 0 0.2567689418792725 0 0 18.1961418390274 4.442089319229126 14.97758674621582 122.2325353175402 2.229275986552238 66.06892866641283 31.43239706754684 64.43694467097521 8.100976295769215 0.318033941090107 18.25849308818579 3.875602453947067 0 8.222566246986389 0.9667204022407532 14.92510521411896 0 0 0 2.490124270319939 0.8807171881198883 16.45999051630497 36.26853080093861
32.97427962720394 469.6294077411294 358.2910910919309 24.07746184617281 568.7988849878311 136.1179959625006 1936.157696604729 429.0179881677032 446.3134598135948 3300.905655249953 790.8710608631372 482.7992522120476 1336.864487037063 2285.392306745052 45.69945702701807 35.64172544330359 7.169586181640625 1.677928932011127 0.5097584798932076 0.1333054006099701 0 1.936061322689056 0.3864625841379166 0.09033855050802231 0.1235421523451805 0.8796761631965637 0 0.3637856766581535 3.016954332590103 0 87.52781883627176 65.63639613986015 173.7961981594563 0.1361008286476135 0.2728192061185837 0.2650953531265259 802.4091623947024 1.411529704928398 7.177070438861847 4.182320363819599 2.69655641913414 1.891798496246338 0.1208847388625145 4.904110051691532 0.1170285046100616 0.4277751594781876 88.47305206954479 0.2070163413882256 2.376019738614559 0.09292914718389511 0.09539676457643509 0.3600578010082245 9.726172432303429 0.7197199687361717 0.1999272182583809 2.722700491547585 13.56377236545086 10.39211010187864 4.543714687228203 6.042133688926697 0.2617487162351608 6.923183023929596 0.532879963517189 47.15658626705408 0.5732410028576851 0.1952359452843666 0.07805736362934113 0.1021575629711151 0 0 103.9816736653447 3.642057120800018 2.21495646238327 13.32218047976494 9.758994951844215 37.6189349219203 31.6968095600605 9.541195265948772 1.212516948580742 141.7247857153416 0.1345606595277786 13.89803937077522 0.4239058569073677 0.8645251095294952 0.09100610762834549 1.739827446639538 0.389072872698307 0.2781824767589569 1.096195906400681 2.540206007659435 0.531071625649929 0.3852073326706886 0 0.8102939277887344 1.227117925882339 1212.269780144095 54.79817399382591 1.76777571439743 3.232013367116451 8.259584546089172 0.9607300758361816 0 0.8010284304618835 0 19.42772400379181 0.8714894652366638 3.910003066062927 2.458688974380493 25.99145746231079 19.93983602523804 4.666674375534058 41.75685006380081 13.26608608663082 11.33855068683624 17.67102509737015 3.447931289672852 0.9363389313220978 0.2590528726577759 0 0.890106737613678 0 0 0 0 0 1.790039002895355 0 14.20997178554535 0 0 0 0 4.958777785301208 0 36.80434343218803 9.61243861913681 0 0 0 20.42700070142746 3.56154727935791 18.42753940820694 67.7226168513298 19.48664486408234 0 0 0 0 0 0 0 0.5086604356765747 4.036595314741135 0 0 0 9.976748049259186 0 0 0 0 0.4237430989742279 7.302761852741241 0 0 0 2.670371055603027 0 0 0 0 0 0 0 0 0 31.52002441883087 7.090620458126068 0 0.2732856273651123 1.469559371471405 1.307941079139709 0 0 1.782883927226067 3.565011590719223 2.861868679523468 0 2.824544191360474 0 0 0 0 0 0 0 0 36.32578760385513 24.73888719081879 78.60312190651894 246.4692207053304 3.522394746541977 149.2456297725439 63.21847496181726 130.0096058920026 14.83248748630285 0.8390102833509445 34.34521149098873 16.36247166991234 0 6.472398966550827 6.977258294820786 16.79589903354645 0 0 0.6316373348236084 11.2476866543293 0 20.45677751302719 46.78775143623352
6.918716609477997 783.1519330441952 452.0987904593349 6.241032332181931 999.604364335537 24.85719546675682 2303.603908985853 1202.031149178743 707.8413188010454 1592.818009242415 2835.748857721686 330.2849541753531 2285.392306745052 893.8331355750561 27.41084402799606 14.06181359291077 3.330664128065109 0 0 0 0 0.1701486110687256 0 0.1404792666435242 0.3365767896175385 0.1168448030948639 0 0.254215233027935 0.1671189665794373 0 82.95141516625881 38.11676327139139 1145.458580397069 0 0 0 370.0427676066756 11.7697819173336 5.883694365620613 1.096177786588669 0.3286959081888199 0.3610422685742378 0.2005486413836479 1.745090752840042 0.2793587744235992 0 53.43537937104702 0.5482141077518463 2.625538945198059 0 0.219269759953022 0.2902251929044724 5.33169125020504 0.1505533903837204 0.1928304806351662 2.211597733199596 5.655376680195332 7.733536548912525 2.768355049192905 3.507460817694664 0.09955006837844849 48.8166526556015 0.1899591833353043 34.24170878529549 0.2573118358850479 0 0.088492751121521 0 0 0 90.53977376967669 1.118860483169556 0.5136667937040329 7.817586466670036 5.547352768480778 24.7477967813611 15.17215298116207 4.289669692516327 0.398045226931572 874.2362773790956 0 42.5569806843996 0.5554172992706299 0.136073037981987 0.2024884968996048 1.52666799724102 0 0.1145555898547173 0.7146939933300018 0.4925994127988815 0.7082176506519318 0.3866754770278931 0 0.1014385968446732 0.3002575263381004 183.4553594887257 6.612609282135963 0.1799015253782272 4.110418416559696 1.835205376148224 0 0 0 0 13.24001121520996 0.8085730075836182 0 1.975048065185547 1.999019026756287 9.410655498504639 0 8.701892673969269 6.800869584083557 3.084460616111755 1.870088458061218 0 0 0 0 0 0 0 0 0 0 0.807859480381012 0 7.594562411308289 0 0 0 0 1.83970719575882 0 12.97534036636353 5.689509034156799 0 0 0 9.36321097612381 1.767823338508606 10.53083217144012 18.54839442670345 18.36205661296844 0 0 0 0 0 0 0 0 4.950714528560638 0 0 0 2.599119603633881 0 0 0 0 0 0.3932036459445953 0 0 0 0 0 0 0 0 0 0 0 0 0 7.60157835483551 2.351897716522217 0 2.419807910919189 0.2232548892498016 3.713512420654297 0 0 1.442001581192017 0.5591031908988953 1.152210772037506 0 0 0 0 0 0 0 0 0 0 7.153182908892632 4.903881847858429 39.79710155725479 93.2832758128643 3.97281926125288 87.58823086321354 28.27717666327953 68.0832872018218 9.60061052441597 0.1460124850273132 18.52765892446041 4.67598594725132 0 4.934448480606079 1.290010571479797 6.412002682685852 0.9736584424972534 0 0 2.886404752731323 0 6.530001640319824 18.63397601246834
0.2472560107707977 15.21308973431587 9.501749217510223 0 17.38646753132343 4.312016844749451 40.18672323971987 21.11816097795963 4.723371371626854 25.41800643503666 2.25490602850914 29.39523407816887 45.69945702701807 27.41084402799606 410.0049248412251 1681.616844803095 506.8479647636414 8.088061764836311 161.907304815948 9.790528155863285 7.87842570990324 0.9289286732673645 2.361797027289867 4.066892877221107 23.76456191390753 2.632160671055317 2.293952137231827 1.470988571643829 6.601866230368614 2.953392803668976 3.557479739189148 24.27517900615931 11.30175073444843 9.407941356301308 1.758921474218369 18.51078103482723 18.32499044388533 19.05155247449875 33.10518549382687 40.87396919727325 4.759950965642929 5.178440436720848 9.299446307122707 244.7737360596657 73.82290228456259 58.29706409573555 128.7848704531789 6.215414062142372 34.43236738443375 9.700813867151737 0.3643144220113754 0.6099879518151283 22.18230413645506 0.8561017066240311 0 0.1056270003318787 0.2484781518578529 1.050351619720459 0.5707931518554688 194.3825814127922 29.40882804244757 19.11617428809404 6.403694346547127 7.686239264905453 0.3063934892416 0 0 0.4291072711348534 5.875731058418751 6.751664504408836 118.0924918502569 20.27092370390892 4.615472346544266 127.6371751949191 3.708812713623047 970.4654942899942 186.8578468263149 57.35666168481112 20.65403726696968 10.78947141766548 69.62245047092438 67.56544271111488 0.08980622142553329 0 0.1552691906690598 0.526098296046257 7.940024547278881 0.2982800677418709 0.1343009620904922 1.819539189338684 0.2715269848704338 0.3912092596292496 2.220288679003716 2.268435500562191 2.424083657562733 15.28859925270081 39.33056858927011 4.359611332416534 72.73493683338165 1.189510762691498 0 0 0 0 1.279374480247498 0 0 0 0 0.6571343541145325 0 0 0.3022890985012054 0 0 1.479613959789276 0 1.339029312133789 1.144622087478638 0 0 0 3.214852333068848 0 0 1.519117712974548 0 10.89441204071045 0 0 0 1.495177745819092 2.270432472229004 0 1.191654086112976 1.745545864105225 0 0 0 2.531362116336823 0 7.325712218880653 19.29073482751846 19.34380733966827 0 0 0 0 0 0 1.252241969108582 0.766923189163208 1.491841316223145 0 0.9197764992713928 2.939506560564041 19.34779244661331 2.249967902898788 0 0 0 0 0 0 0 0 0 0 0 0 0 0 0 0 0 0 0 1.995772242546082 0 0 0 1.56864857673645 0 2.808065593242645 0 0 0 0 0 0 0 0 0 0 0 0 0 2.293957859277725 2.961283683776855 17.57184901833534 8.002955466508865 1.600140042603016 100.6161577180028 14.21476668864489 1.709156185388565 0.8399583250284195 0 1.021971993148327 26.43725277483463 1.739507436752319 9.221332222223282 8.631869971752167 0.9011269211769104 0 0 1.27973461151123 0 0.6787946820259094 5.702324345707893 1.977541267871857
0 1.714059814810753 3.927285872399807 0 1.005750149488449 5.962249293923378 10.13415415585041 9.023162171244621 3.222653314471245 12.07180324196815 3.144550547003746 17.30536190420389 35.64172544330359 14.06181359291077 1681.616844803095 1272.267771407962 840.2205155640841 15.73700161278248 827.5351072773337 18.74979568272829 10.75010082125664 0.5412291586399078 0.5901514887809753 3.455474048852921 26.5607320740819 0.4908237531781197 1.836160652339458 1.352699667215347 5.380512706935406 2.185019686818123 4.031496867537498 22.08030257374048 11.02357952296734 16.68805193156004 2.557202659547329 25.88970226049423 20.26715978980064 40.46973258256912 41.88508837670088 42.87848661839962 4.224572069942951 4.839364096522331 19.19226378947496 1652.10565944016 308.6015843302011 349.2158885523677 1267.181705832481 8.740934371948242 26.90114013850689 32.81614483892918 0.5070161372423172 1.508493214845657 23.34434109926224 0.5498238131403923 0 0.2933143228292465 0.5508453473448753 1.145775362849236 1.546405240893364 359.4314638972282 155.9354483112693 34.21901639550924 19.72156903892756 14.66796975582838 0.3682912290096283 0.5203559026122093 0.3556640148162842 1.473092943429947 17.8254027813673 4.511479832231998 169.8465533182025 38.5378635674715 5.746461257338524 100.7179249897599 43.64449668675661 2431.28227955848 123.4099168404937 532.9477587863803 63.17383494973183 6.244679510593414 525.4059535264969 142.619339607656 0.4402471035718918 0.4739320427179337 0.5593401566147804 0.89492317289114 41.03595735132694 1.009623862802982 1.220319472253323 3.06450692564249 1.551274545490742 1.761105641722679 0.6460360586643219 2.111396409571171 1.420430682599545 21.58637422323227 45.39025782048702 3.906277596950531 116.4158700928092 0.5165484547615051 0 0 0 0 1.225170731544495 0 0 1.233933091163635 0 0 0 2.431734085083008 0.7050114274024963 2.365510582923889 0 1.051629066467285 0 1.659961581230164 0 0 0 0 1.223888516426086 0 0 0 0 14.62148195505142 0 0 1.747290074825287 3.496407747268677 2.358847618103027 0 1.543745577335358 3.263465762138367 0 0 0 1.083688497543335 0 5.056018352508545 20.35232987999916 21.04839247465134 0 0 0 0 0 0 0 0 4.159850776195526 0 0 4.823707342147827 23.16742837429047 2.457295387983322 0 0 0 0.6831173300743103 0.54436194896698 0 0 0 0 0 0 0 0 0 0.1094078198075294 0 0 0 1.134156227111816 0.7430858612060547 0 0 1.561682045459747 0 0 0 0 0 2.628268778324127 0 0.7147341966629028 0 0 0 0 0 0 0 0 3.585050642490387 5.160103261470795 10.69268564879894 21.68734400719404 0.2317608147859573 316.7783646732569 49.6705426722765 5.811457112431526 0.6881842464208603 0 1.505796059966087 12.89962393045425 0.2531976401805878 7.368827596306801 2.880322813987732 0 1.024824261665344 0 1.493942260742188 1.629033803939819 0 12.2675306648016 4.724187016487122
