149.6057567745447 2219.355746239424 527.2350786626339 618.0811559185386 12.5766804292798 112.2786933481693 456.8122307062149 61.65187452733517 1.204433023929596 386.2704132497311 21.17767217755318 39.87601462006569 46.07689052075148 13.80691599845886 2.623662948608398 0.2540965974330902 0.2189632207155228 0 0 0.2023657560348511 0 0.5820417925715446 0.1216375678777695 0 0.131849929690361 0 0.1488798558712006 0 0 0 2052.459655605257 156.9893796294928 6.340323761105537 0 0 0 10.32971757650375 0 12.07833717018366 0.2356454133987427 0.2359748333692551 0 0 0 0 0 40.07452088594437 2.414489969611168 0.1294624805450439 0 2.163150005042553 2.545762151479721 5.298428691923618 0 5.007408626377583 16.50037071108818 93.38802490383387 521.8679645061493 15.71467178314924 18.72968193143606 0.2694520652294159 2.358235768973827 0.1357647031545639 166.1460743099451 1.629802905023098 0.7701571136713028 0.9271690472960472 0.670174740254879 1.147637784481049 0 25.181735470891 19.47978794574738 1.917875915765762 75.1440356746316 10.64928165823221 27.16524128615856 0.7499338537454605 4.807927295565605 2.302135676145554 13.03952851891518 0 3.473277516663074 3.310191638767719 1.887674354016781 1.31783652305603 13.92742469906807 0.6732279062271118 3.461934387683868 4.622934803366661 8.361613251268864 2.794765494763851 3.583720937371254 0 0.5144518166780472 0.2209678739309311 18.86031153798103 11.47190591692924 2.65167111158371 22.97144278138876 225.5232469290495 0 0 0 0 0.2439129650592804 0 0 0 0.7573140859603882 0 0.4061600565910339 0 0 0 0 0 0 0 0 0 0 0 0 0 0 0 0 0 0 0 0 0 0 0 0 0.8369231373071671 0 0 0 0 0 0.8583651185035706 0.8273324817419052 0 0 0 0 0 0 0 0 0 0 0 0 0 0 0 0 0 0 0 0 0.2003636807203293 0 0 0 0 0 0 0 0 0 0 0 0 2.544501781463623 0 0 0 0 0 0 0 0 0 0 0 0 0 0 0 0 0.1243058666586876 0 0 0 0 0 2.127603769302368 19.8979751765728 2.110888689756393 130.48079405725 2.245668530464172 205.6895659118891 8.621860608458519 2.727057866752148 1.728633612394333 0 0 0 0 0 0 0 0 9.954405501484871 0 44.7582021355629 0.1644691675901413
2219.355746239424 883.1432387381792 1026.705408520997 1287.829936116934 613.4947411045432 373.8387820422649 1214.673695482314 265.9793069586158 128.4347613379359 1266.036240495741 381.7811045050621 98.10815241187811 211.8661513924599 725.029289342463 43.77008797973394 5.428026206791401 1.301425240933895 0.1892110556364059 0 0 0.08136651664972305 0.1059756204485893 0.1257061660289764 0 0 0.2715524584054947 0.09871752560138702 0 0.1782807856798172 0 1006.187185578048 133.018078610301 41.01979038864374 0 0 0.3026670068502426 37.32940594851971 0.1099093407392502 1.977928839623928 0.3540263697504997 0.353737398982048 0.7004498168826103 0 0.2668023407459259 0.09972161799669266 0.0846649706363678 232.2118880823255 2.96911558508873 1.00202501565218 0.06504347175359726 4.318591885268688 0.5180287733674049 1.529840983450413 0.9662002101540565 6.660320900380611 44.14275836199522 102.3824988976121 182.2532935962081 57.59211096912622 73.45369622856379 0 10.31990414857864 0 182.1324199736118 3.419389896094799 1.981329396367073 5.292633026838303 1.22049868106842 0.4557108208537102 0 54.36675471812487 4.046198680996895 0 211.640567921102 64.75231794267893 222.8356454372406 28.78683689981699 8.737596899271011 2.509897597134113 73.08107948303223 0.216079093515873 9.30846394598484 5.633021123707294 2.581205897033215 0.7389181405305862 37.79584159329534 0.8034626729786396 0.2818622961640358 16.01553565263748 0.6362529247999191 8.875250961631536 2.107512734830379 0.09260609745979309 2.111785963177681 0.5025233253836632 26.76505763828754 0.6131166592240334 0.6651142835617065 4.592758104205132 56.87182459235191 0 0 0 0 1.592741250991821 0 0 0.9471928477287292 0.9692825078964233 1.258482813835144 1.532888889312744 0.9787165522575378 3.759195446968079 0 0.6979621648788452 0.299715667963028 0.2856667637825012 0 0.96756511926651 0 0 0 0 0 0 0 0 1.589789271354675 0 0 0 0 0 0 1.628385424613953 5.141360938549042 0 0 0 0.4273208379745483 0 5.842166259884834 13.29482151567936 3.502508819103241 0 0 0 0 0 0 0 0 0 0 0 0 7.910765588283539 0 0 0 0.1660026907920837 0.1387411504983902 0.6692623049020767 0 0 0 1.633602440357208 0 0 0 0.1833556368947029 0 0 0 0 0 4.644077360630035 0 0 0 0 2.858654379844666 0 0.6429263353347778 0 0 0.1488274335861206 0.1483660787343979 0 0 0.1038466468453407 0.1267836391925812 0 0.8884678408503532 0.09459461271762848 0 0 1.096436142921448 3.925915002822876 8.083613649010658 356.1004877388477 14.29855888336897 526.486048027873 63.62922514230013 46.16445299237967 58.57371391355991 3.431387655436993 32.77498446404934 5.352570876479149 0 4.390937238931656 0 0 0 0.2968791723251343 0 56.75298095494509 0.5113029479980469 113.485344208777 0.1553651094436646
527.2350786626339 1026.705408520997 458.7167979106307 125.5233211368322 164.9526138678193 68.99557560682297 286.8960472419858 819.3476997092366 60.22430735826492 248.4964322298765 1291.972264170647 106.0961994454265 187.4102676659822 607.743705034256 22.32763584703207 3.739954859018326 2.219010807573795 0 0 0.1725526824593544 0 3.104972951114178 0.3754935041069984 0.6819304302334785 0.7842869758605957 0 0.1958748623728752 0.2006127014756203 1.770021036267281 0.4149719700217247 2603.516965396702 203.7536142244935 127.7969151288271 0.09294291585683823 0.09779643267393112 2.193667553365231 125.1159359663725 2.807317137718201 21.41817983239889 2.277713477611542 0.1951225996017456 0.2125527560710907 0 0.3707247450947762 0 0.4069803282618523 134.0660083442926 2.098370902240276 1.474160425364971 0.355211466550827 3.881238996982574 2.764625072479248 15.44969610124826 1.801048010587692 5.694985218346119 32.6841963082552 72.80938585847616 118.3831980526447 39.10862798988819 51.0919386073947 0.5053129494190216 46.61256235092878 0.1260155588388443 222.9118087291718 2.646880820393562 2.419930025935173 3.070216074585915 0.8579533100128174 0.2152047082781792 0.3971377164125443 150.9974121823907 17.46527784317732 4.626429915428162 167.4954155832529 62.26865953207016 144.1145007312298 18.57828211039305 8.59042464196682 8.881215073168278 246.2045920491219 0.4452247098088264 123.786804959178 5.475713305175304 1.669541023671627 0.5273150131106377 30.82801100611687 0.8904372230172157 0.8400121629238129 9.716095667332411 1.530873149633408 6.106798775494099 1.847023628652096 0.3373720645904541 2.260264731943607 0.8281507343053818 14.5255606174469 5.586985498666763 0.6174214780330658 33.46940198540688 47.69692066311836 0.5957674235105515 0.1591428369283676 0 0 1.830850571393967 1.232499122619629 0.463428795337677 0 3.309203147888184 4.092017114162445 7.701117619872093 2.875580936670303 14.27803838253021 1.397613316774368 2.225777804851532 1.356009975075722 1.261673420667648 0.2426096051931381 0.3122425079345703 0 0 0 0 0 0 0 0 1.151288270950317 0 0 0 0 0 0 3.575993128120899 11.9838078096509 0 0 0 2.028942435979843 3.22610692679882 26.49381015449762 28.01475382596254 9.830099776387215 1.560150623321533 0 0 1.056607842445374 0 0 0 0 2.753948777914047 0 0 0 17.42322807759047 1.948333263397217 0 0 0 0 2.249629810452461 0 0 0 3.448433801531792 0.5196900367736816 0 0 0 0 0.4169008433818817 0 0 0 5.414395898580551 0 0 0 0 9.002042338252068 0 0 0 0 0.5877677574753761 1.080249428749084 0.7751874923706055 0 0 0 0.1087239906191826 0.8550808951258659 0 0 0 1.369478940963745 17.56640847027302 39.1287712007761 142.1629603207111 4.56364356726408 296.817117523402 23.09916659444571 21.65282721072435 23.25983218103647 2.683549091219902 10.78492046147585 12.03430586308241 0.1899342834949493 6.833144493401051 3.482317239046097 0.7127445936203003 0.738389253616333 0 2.165982484817505 7.710611075162888 0.2756273150444031 69.33181064575911 0.3908570259809494
618.0811559185386 1287.829936116934 125.5233211368322 648.1894416734576 22.70356810092926 56.80054718255997 1074.061016283929 15.69260331988335 2.668456166982651 2977.993177399039 7.724480137228966 94.8095375597477 138.0231753438711 11.37621389329433 2.566414162516594 0 0.3231124505400658 0 0 0 0 0 0 0 0 0 0 0 0 0 328.3901213780046 7.37259729206562 0.9460550174117088 0 0 0 2.86463651061058 0 2.09355503320694 0 0 0 0 0 0 0 27.13739024847746 0.6622769758105278 0.8858626186847687 0 0.715873546898365 0 0.3006547912955284 0 1.274928815662861 9.355126768350601 31.62740652263165 110.5845221728086 10.49120402336121 10.1285726800561 0 0.4600529298186302 0 18.53357537090778 0.1147528067231178 0.5929488837718964 0.6883281022310257 0 0.1424324661493301 0.1215481460094452 6.75779577344656 8.589824557304382 0 44.72367176413536 8.43641209602356 21.0236082971096 0.9983280524611473 0 0.2177804037928581 1.737862266600132 0 0.3275720179080963 0.8519570901989937 0.3940477594733238 0.4064971953630447 7.433682955801487 0.4802069738507271 0.101269043982029 2.732486195862293 0.9333747550845146 1.584921002388 0.5261590182781219 0 0.5158744305372238 0.2250198945403099 372.8463523089886 12.74767470359802 0 7.012281447649002 9.652970254421234 0 0 0 0 0 0 0 0 0 0 4.223916888237 0 0 0 0 0 0 0 0 0 0 0 0 0 0 0 0 0 0 0 0 0 0 0 0.6255690455436707 0 0 0 0 0 2.018709897994995 0.3658945858478546 1.582170397043228 1.227821707725525 0 0 0 0 0 0 0 0 0 0 0 0 0 0 0 0 0 0 0 0 0 0 0 0 0 0 0 0 0 0 0 0 0 0 0 0 0 0 0 0 0 0 0 0 0 0 0 0 0 0.356083519756794 0 0 0 0 0 0.9823421835899353 23.63954501599073 1.213390842080116 77.75297728180885 2.277541071176529 9.977180227637291 5.14742062240839 1.408058002591133 0.9483362212777138 0 0 0.3986115157604218 0 0 0 0 0 55.06198709458113 0 26.26308712363243 0
12.5766804292798 613.4947411045432 164.9526138678193 22.70356810092926 331.338754221797 2.188347354531288 1964.755924008787 519.1563590615988 1968.882639415562 603.3930458128452 743.7720992937684 175.6409703344107 375.529160104692 1970.003753088415 10.33171393722296 2.56066308170557 0.2042790725827217 0 0 0 0 0 0 0.09466180205345154 0 0 0 0 0.0895681232213974 0 74.99686305969954 9.997938111424446 13.23950156569481 0 0 0.1310429275035858 9.52998524159193 0.1002357825636864 0.5623124837875366 0 0 0.083086758852005 0 0 0 0.09154626727104187 60.36619309335947 0.0887070819735527 0.1287488490343094 0 0.2001690715551376 0.2164968326687813 0.303974062204361 0 0.5415124520659447 6.896842688322067 7.698887400329113 7.79905916005373 6.191954180598259 11.02875661104918 0 1.468256942927837 0 52.02376091480255 0.3908977061510086 0.9022206738591194 0.4949909895658493 0.0739460363984108 0.07557572424411774 0 11.76719283312559 1.634636700153351 0 32.69127898663282 12.38328845798969 49.68856932222843 17.19797220081091 4.710508659482002 3.198708780109882 5.327777579426765 0.09195880591869354 2.381850071251392 0.3424371480941772 0.8459291309118271 0.07404062151908875 3.92434024065733 0.1265110224485397 0.4147735461592674 1.34330590069294 0 0.4132984951138496 0.1019055098295212 0 0.3929746747016907 0 4.556558668613434 0 0.1294979006052017 0.8686209321022034 2.153775051236153 0 0 0 0 1.399764537811279 0 0.5383697152137756 0.4213610887527466 2.099147439002991 0 0 2.066713571548462 0 0 0.7104060053825378 0 0 0 0 0 0 0 0 0 0 0 0 0 0 0 0 0 0 0 0.65452840924263 0 0 0 0 0 0 0.9296378493309021 2.687069028615952 1.228872656822205 0 0 0 0 0 0.6470158696174622 0 0 0 0 0 0 1.230156540870667 0 0 0 0 0.16310153901577 1.010161399841309 0 0 0 0 0 0 0.09917307645082474 0 0 0 0 0 0 0 0 0 0 0 0 0 0 0 0 0.8488590717315674 0 0 0 0 0 0 0 0 0 0 0 1.016224831342697 0 100.8768309727311 2.734035074710846 105.8190717995167 14.38463999330997 10.09753944724798 10.36053209751844 1.831945061683655 8.184108033776283 0.7275012731552124 0 1.214901268482208 0 0 0 0 0.8501293063163757 3.403574407100677 0.8863429427146912 19.66298478841782 0
112.2786933481693 373.8387820422649 68.99557560682297 56.80054718255997 2.188347354531288 1.615312457084656 60.84809905290604 18.63773853331804 3.810697495937347 580.3995566219091 7.873893439769745 304.7265753597021 232.022116586566 19.55401261150837 3.318965137004852 1.703715160489082 0.2840007692575455 0 0 0 0 22.81346025317907 0 0 0 0 0 0 6.047045230865479 0 359.1710166782141 5.008623369038105 23.73156721889973 0 0 0.5785488933324814 65.3021357357502 0 119.0604037046432 1.751385420560837 0 0 0 0.577991858124733 0 0.2723450660705566 12.93453635275364 2.088579684495926 0.3785338401794434 0 12.73911599069834 74.27827522158623 72.93757182359695 6.115464225411415 1.132132232189178 24.16532592475414 20.70654649287462 74.97151765972376 4.414158470928669 3.993706703186035 0 8.651666909456253 0.2385577708482742 8.756075911223888 1.067808993160725 1.104821905493736 0.7653198912739754 10.22784192115068 4.001053541898727 0 222.3916508182883 165.410875543952 121.9865044802427 22.83847438544035 2.413162909448147 7.055817723274231 0.1469275206327438 0.9561766237020493 1.840998902916908 3.533772706985474 0 6.787026286125183 1.951940126717091 15.29187852144241 5.45411416888237 7.64992456138134 5.846246972680092 68.70300328731537 43.14682477712631 173.4765650182962 11.47178875654936 69.26733501255512 0 0.1939221769571304 9.949639461934566 83.89422582089901 193.4189073294401 20.65638826787472 219.9187086820602 121.3400250226259 0 0 0 0 2.653740763664246 7.650550544261932 0 1.071069836616516 39.84825479984283 24.56877160072327 13.50749540328979 4.016319036483765 36.71281731128693 0 0 0.3645052909851074 0 0 0 0 0 0 1.898290395736694 0 0 0 0 0 0 0 0 0 0 0 0.45380699634552 8.435464233160019 0 0 0 1.59216582775116 1.062832951545715 4.055031061172485 12.18089061975479 0 0 0 0 0 0 0 0 0.6536768078804016 0 0 0 3.706845641136169 9.023452043533325 0 0 0 0 0 1.248489797115326 0 0 0 0.954590916633606 0.3967740833759308 0 0.3183421120047569 0 0 0 0 0 0 5.060149669647217 0 0 1.933698415756226 0 3.400479078292847 0 0 0 0 0 0.7620550990104675 0 0 0.1532640159130096 0 0 1.170933194458485 0 0 0 3.883590221405029 5.927638202905655 11.62008142471313 50.61850415915251 13.4841110855341 42.54063060879707 5.335248969495296 171.7798380851746 1.547344833612442 0.9926843047142029 7.589090645313263 3.978343307971954 0 0 0 0 0 0 1.909186959266663 0.262663871049881 0 30.25111681967974 1.474853038787842
456.8122307062149 1214.673695482314 286.8960472419858 1074.061016283929 1964.755924008787 60.84809905290604 422.1912083365023 336.1253281235695 1400.536693826318 2015.266537107527 357.08116427809 998.3061655238271 1942.198684580624 1511.528650909662 56.07586192339659 17.73258278518915 0.5546538457274437 0.1808234229683876 0 0.1324860453605652 0 0.2884566485881805 0 0 0.09265461564064026 0 0.08949507772922516 0.2798417210578918 1.725314475595951 0 214.8138041049242 59.55898989737034 34.02123795449734 0.07356201857328415 0 0.2049874141812325 28.01370706409216 0.2820185273885727 4.336350299417973 0.2806075140833855 0.2844656929373741 0.2459840700030327 0 0.3454302847385406 0.09978307038545609 0.08807987719774246 246.2334546819329 1.753422074019909 0.56919214874506 0.147566057741642 3.974026262760162 0.4749294817447662 4.039307527244091 0.284173771739006 3.972595237195492 33.3501046076417 77.94916392117739 98.4465169236064 45.4215854331851 56.55525037646294 0.5597437918186188 8.24347360432148 0 183.4701417833567 1.039296731352806 1.248530060052872 2.67409186065197 0.1858764588832855 0.3418229296803474 0.2978634834289551 57.2051092684269 3.083624616265297 0 158.4157315269113 46.70395082980394 209.5515057295561 49.14719302207232 14.9042681902647 23.07009647786617 28.33724825084209 0.09340149909257889 15.84868723899126 4.089315220713615 1.336408153176308 1.061768412590027 28.3722579292953 0.322865717113018 0.08522448688745499 9.344965893775225 0.8342934772372246 5.042580612003803 0.9271280169487 0.3464881554245949 1.342714630067348 0.8075229823589325 37.1685296446085 0.2910573184490204 0 4.19198027998209 9.139598913490772 0 0 0.9572429060935974 1.462478458881378 5.975430011749268 0 1.663029387593269 1.603154420852661 12.02012446522713 0 5.090828478336334 4.209283769130707 6.324455797672272 0 3.422098159790039 0.9119153022766113 0 0 0 0 0 0 0 0 0 0.1532848179340363 0 1.572388648986816 0 0 0 0 0 0 6.488729923963547 7.378122806549072 0 0 0 1.500124305486679 4.457519054412842 15.72738574445248 26.264320358634 3.698843002319336 0 0 0 0 0 0 0 0 0.1065584868192673 0 0 0 9.686029374599457 0 0.1031176298856735 0 0 0 1.879924699664116 0 0 0 0.8841298818588257 1.181042492389679 0 0 0.3433875441551208 0 0 0 0 0 0 0 0 0 0 2.744500756263733 1.05837094783783 0 0 0.2646352052688599 0.3267370164394379 0 0.2368493229150772 0 0.07560431957244873 0.09438545256853104 0 0.5059125795960426 0.1508132964372635 0 0 2.688428282737732 14.21735602617264 15.2555071413517 424.0571275278926 12.47797241061926 503.4562042616308 79.96629922837019 42.14858087897301 53.13376037031412 6.768904939293861 47.47525441646576 1.588213697075844 0 4.336396731436253 0.8580747842788696 0.7653846144676208 0 0.2770783603191376 2.146406710147858 40.79668521881104 0.6635762751102448 93.85958808660507 0.09023772180080414
61.65187452733517 265.9793069586158 819.3476997092366 15.69260331988335 519.1563590615988 18.63773853331804 336.1253281235695 543.1206463500857 38.52380899339914 225.5880143344402 483.5026654675603 272.7130768373609 424.7033242285252 1513.11117105931 16.02457067370415 15.28371739760041 2.311115652322769 0.7963278219103813 0 2.181394964456558 2.248311161994934 13.24840884655714 5.566678114235401 6.335018344223499 9.782675996422768 2.909019604325294 5.732185766100883 2.099045433104038 17.64401227235794 4.374366842210293 340.2308880090714 538.5900177285075 878.173447035253 4.562040127813816 4.421204000711441 32.28839281201363 737.1652874797583 38.89920794963837 83.83059103786945 21.2955696284771 11.3500817194581 2.7074975669384 0.514272965490818 23.10287185013294 0.151850625872612 2.725468054413795 47.37972708791494 0.2837461605668068 0.548740915954113 1.372276775538921 0.7049005478620529 13.65649956464767 65.6965873464942 7.783853098750114 0.4363270774483681 6.030051816254854 10.38277691602707 16.0663198158145 5.198688708245754 10.23902302235365 22.39149345457554 574.5642434805632 22.89451917260885 101.8065021708608 0.1874937638640404 0.272339254617691 0.8057558462023735 0.1592307388782501 0.2122557237744331 5.163213834166527 692.950116969645 33.48488432914019 5.89023707062006 31.97309841215611 19.01166068017483 50.38108099251986 37.99487222731113 116.1797109395266 328.607254140079 1302.108485676348 11.68436754494905 2194.335659824312 0.8031229898333549 1.016006499528885 0.5192328691482544 4.74054978042841 0.2295514121651649 1.724687308073044 1.373776685446501 4.68140571564436 0.8701435923576355 3.304329179227352 2.146406471729279 1.437988713383675 6.458626270294189 26.57160948961973 14.81317812204361 9.731466315686703 141.5214675888419 3.961281143128872 0.8149540424346924 1.158000111579895 0 0.8058146238327026 11.2361363619566 4.144582748413086 1.300778895616531 2.438466355204582 4.777893677353859 3.968093261122704 22.22150792181492 7.264928981661797 26.50323985517025 2.27754744887352 4.361217305064201 3.197578825056553 2.439637333154678 0.1696124672889709 0 0 0 0.3650247752666473 2.464657813310623 0 0 4.910093158483505 0 3.811283558607101 0 0 0 1.455903291702271 0 0 10.26945079863071 26.75597317516804 0 0 0 2.466601006686687 7.485527321696281 54.3921637237072 77.39816703647375 25.18107876181602 5.731877535581589 0 1.748819053173065 1.161742508411407 0.5148235559463501 0.5400851964950562 0 0.5953361093997955 2.786016188561916 0 0 3.506597056984901 49.71116670966148 5.427874147891998 0 0.2260264381766319 0.1182191222906113 0.2612533569335938 5.328869752585888 0 0 0 9.872817769646645 4.923923656344414 0 0.4814057797193527 0 0 0.2035837322473526 0 0 0 10.46089154481888 0.6247014403343201 0 0 1.65601646900177 16.63041481375694 0.09136529266834259 1.629655003547668 0.4195902496576309 0.9512149393558502 5.916293665766716 3.002313181757927 5.716512694954872 0 0 0 0 0 0 0 0 11.38800752162933 52.47186750173569 75.09882625192404 90.07527681440115 3.035099878907204 97.6898445636034 18.62679756432772 9.349800601601601 11.91373190283775 0.7321230545639992 14.96035637706518 34.33651718497276 0 24.13605354726315 5.360714137554169 7.527089923620224 1.781233996152878 0.1176779493689537 0.2336529791355133 3.475323542952538 2.954623155295849 38.9550536647439 1.953660875558853
1.204433023929596 128.4347613379359 60.22430735826492 2.668456166982651 1968.882639415562 3.810697495937347 1400.536693826318 38.52380899339914 112.8701187074184 189.7872225493193 149.9797251671553 332.8053452968597 593.7355185449123 1812.113272532821 4.132541410624981 2.379189886152744 0.123556412756443 0 0 0 0 0 0 0 0 0 0 0 0 0 13.40382923185825 8.351694844663143 44.66680222004652 0 0 0 18.01192203164101 0.3969281539320946 0.1131698116660118 0 0.1135435402393341 0 0 0.3776695802807808 0 0 14.61884561181068 0.1228087991476059 0 0.09404011815786362 0.245675303041935 0 0.1052832826972008 0 0.4015826508402824 1.021725930273533 2.186286598443985 2.395251341164112 0.4926578402519226 2.418830804526806 0.1194452494382858 4.560116149485111 0 11.80561996996403 0 0.07568981498479843 0.1750418618321419 0 0 0.1395424753427505 17.38815342634916 0 0 5.377066373825073 3.262367323040962 16.46957828104496 5.819944582879543 2.235284067690372 1.708061046898365 22.5422440841794 0.09419053047895432 3.668706580996513 0.106999896466732 0 0 0.9029033035039902 0 0 0.3864809051156044 0 0.1631067544221878 0.296183779835701 0 0 0.08330246061086655 6.23990997672081 0.6503090262413025 0 0.6774938628077507 0 0 0 0 0 0.6628160327672958 0 0 0 0.9454818964004517 0 1.965827018022537 0 1.518970966339111 0 1.166207432746887 0.1351277381181717 0 0 0 0 0 0 0 0 0 0 0 0 0 0 0 0 0 0 0 1.242849469184875 0 0 0 0.8493497967720032 0 5.177071630954742 1.55305004119873 1.352281093597412 0 0 0 0 0 0 0 0 0 0 0 0 0.7143461108207703 0 0 0 0 0 0 0 0 0 0 0.7192601561546326 0 0 0 0 0 0 0 0 0 0 0 0 0 0 0 0 0 0 0 0 0 0 0 0 0 0.0774720162153244 0 0 0 0 1.378310799598694 3.264578551054001 24.52837529778481 0.7839895561337471 26.09805284440517 3.99761301279068 1.679836601018906 3.782739013433456 0.1290344446897507 5.956730641424656 0.1660940647125244 0 0 0 0.2074479013681412 0 0 0 0.8178267925977707 0 5.926220670342445 0
386.2704132497311 1266.036240495741 248.4964322298765 2977.993177399039 603.3930458128452 580.3995566219091 2015.266537107527 225.5880143344402 189.7872225493193 2206.643647700548 194.4042194932699 659.657074727118 1846.254275932908 938.2661752402782 27.87261552363634 27.23823855817318 1.076419338583946 0 0 0.4705489873886108 0 4.471300475299358 0 0.4068401753902435 0.2434314340353012 0.1860488653182983 0.1122882142663002 0.1978025361895561 3.252789236605167 0.3242070227861404 106.5788772031665 86.4996815174818 87.49094789475203 0.1099720448255539 0 0 111.961684666574 0.1962679326534271 19.78057664632797 0.6537511497735977 0.131949707865715 0.1809772104024887 0 1.491011902689934 0 0.1108207330107689 71.80461877584457 0 0.5368036702275276 0 0.1831357851624489 2.979634486138821 33.2137959972024 0.7930590510368347 0.813738040626049 4.813652038574219 16.25249813497066 32.0461862385273 6.337061658501625 13.35038967430592 0.9586135596036911 9.075580060482025 0.6162838041782379 57.14185470342636 0.2822350338101387 0.3973966389894485 0.517185814678669 0 0 0.08259329199790955 271.374685741961 55.32762876152992 2.662225753068924 31.75197187811136 13.64536520838737 65.18421138823032 30.41322682052851 9.228539280593395 17.78329888731241 28.57237318903208 0 16.50847891718149 0.2830526754260063 0.2099280208349228 0 4.645901806652546 0.2016221433877945 0.3181056380271912 1.913899540901184 0.815157413482666 0.6519394367933273 0.5916956812143326 0.09332629293203354 0.09181607514619827 2.222981758415699 1869.542058303952 185.2856640666723 4.559974521398544 48.62453482300043 3.877967208623886 1.62871652841568 0 0 1.598358154296875 9.533235341310501 4.364030689001083 0.4018316268920898 3.685469269752502 31.53369644284248 30.5318700671196 42.26378417015076 17.93976438045502 43.81207397580147 1.573492228984833 6.755911469459534 1.730738461017609 0.6122825890779495 0 0 0 0 0 1.781401038169861 0 0 0.5325056910514832 0 0.7670740485191345 0 0 0 4.293515205383301 2.357062816619873 0 22.25495974719524 42.90394309163094 0 0 0.3989693522453308 3.659370094537735 8.489101886749268 75.26958492398262 87.82180255651474 15.53083916008472 4.90582275390625 0 0 0.3233245611190796 2.353871583938599 0 0 0 6.662230134010315 0.1464425474405289 0.2855129539966583 0 19.827328145504 0 0 0 0.1216596588492393 1.816388666629791 0.4236530140042305 0 0 0 12.78905647993088 3.392195850610733 0 0.2898280248045921 0 0 0.2213220745325089 0 0 0 8.166170194745064 0 0 0 0.2277028262615204 19.12959082424641 0 0 1.20793205499649 0.9883486330509186 2.643972158432007 0.6462960839271545 0.8635010421276093 0.1825833320617676 0 0 0 0 0.7693787291646004 0 0 8.650836169719696 51.6518280506134 78.6160487383604 203.9069291725755 4.399515919387341 145.1951083466411 51.74728634208441 117.2039296329021 16.81635325402021 0.6409049183130264 25.13325282931328 19.58255292475224 0 18.90142939984798 2.796869739890099 0.8753189742565155 0.7401975393295288 0 3.323230147361755 190.1953611299396 1.395124733448029 47.38408521562815 0.5274932831525803
21.17767217755318 381.7811045050621 1291.972264170647 7.724480137228966 743.7720992937684 7.873893439769745 357.08116427809 483.5026654675603 149.9797251671553 194.4042194932699 84.85939315706491 316.7949606105685 423.267207659781 2987.450070619583 1.44639664888382 2.409691281616688 0.1428607404232025 0 0 0 0 0 0 0 0 0 0 0.1121298298239708 0.4743259251117706 0.1029963344335556 95.46222876757383 16.73396284878254 535.8552431687713 0 0.08659449964761734 0.4170608520507812 258.9494567662477 1.246319010853767 3.087272696197033 0.3139776811003685 0 0 0 0.4184488132596016 0 0 11.66694947332144 0 0.2119568437337875 0 0.08252130448818207 0 1.895905442535877 0.3665753826498985 0 0.8442236632108688 3.501791447401047 2.371110491454601 2.252872705459595 1.370906248688698 0 127.4405683577061 0.1587610691785812 7.581667616963387 0.2071192488074303 0 0.2557106167078018 0 0.1004466488957405 0 173.2161387354136 0.2851564884185791 0 4.363504216074944 4.180831015110016 8.520577922463417 3.187450289726257 1.298462592065334 4.088443413376808 270.74881169945 0.09028159826993942 82.25750096142292 0.1086417883634567 0 0 0.9316860511898994 0 0 0.2826038375496864 0.6860072612762451 0.07701388001441956 0 0 0.05871640518307686 0.1163102984428406 5.213703602552414 0.1038461700081825 0 6.796402715146542 2.080699145793915 0.4380304515361786 0 0 0 2.48438011854887 2.450221121311188 0 0 1.696309328079224 2.559382081031799 1.127469703555107 0.4577674865722656 3.008320301771164 1.269267559051514 2.621881723403931 0 0 0 0 0.2558662593364716 0 0 0.9932572841644287 0 0 0 0 0 0 0 0 0 0 0 0.7458611279726028 2.825312256813049 0 0 0 0.950249969959259 1.647359490394592 2.850711330771446 12.75958979129791 2.4465192258358 0 0 0 0 0.5314543843269348 0 0 0 0 0 0 1.380579918622971 2.929772034287453 0 0 0 0 0 1.74099887907505 0 0 0 0 0.4537443518638611 0 0 0 0 0 0 0 0 0.6725046634674072 0 0 0 0 1.202470421791077 0 0 0 0 0 0 0.6083978712558746 0 0 0 0 0 0 0 0 0.5757400393486023 2.229475691914558 3.326079368591309 21.61122694611549 0.7876298278570175 23.86623173952103 3.772333912551403 3.661971010267735 2.685070216655731 0.1214713528752327 2.202797159552574 0 0 0.5763081014156342 0.8433736562728882 0 0 0 0.6972597241401672 0.9739512428641319 0.7862523198127747 5.272781647741795 0
39.87601462006569 98.10815241187811 106.0961994454265 94.8095375597477 175.6409703344107 304.7265753597021 998.3061655238271 272.7130768373609 332.8053452968597 659.657074727118 316.7949606105685 34.04319181293249 580.6344140842557 432.4524777084589 21.19041962176561 30.18997100740671 2.988508231937885 0.2051706984639168 0 0 0 20.78874628245831 0.5684284418821335 1.379616841673851 1.49780735373497 0.5693070143461227 1.423274025321007 1.715514466166496 20.2850129082799 2.082814291119576 30.10715004056692 37.98583095520735 89.08578530699015 0.5234136953949928 0.3989025503396988 2.584879338741302 102.253347247839 1.806267574429512 5.313315324485302 1.383078582584858 0 0.8588438704609871 0.1785144358873367 3.057860031723976 0.1328099071979523 4.334611408412457 44.5085306763649 0 0.3906472027301788 0.427394412457943 0.3458121046423912 15.0159081146121 70.1107172369957 8.733955539762974 0.4943896532058716 2.070737309753895 4.315136305987835 3.834397308528423 1.31548360735178 4.63073518127203 2.684350118041039 15.9103566929698 5.799308925867081 17.08466260880232 0.2021615356206894 0 0.1853998154401779 0.1211535409092903 0 0 167.4515362679958 13.07769568264484 1.900416478514671 10.52307905256748 11.02114589512348 33.2230077907443 18.32361181825399 8.169951342046261 9.337684765458107 99.89209575951099 0.22059515863657 12.03008343279362 0.2397123128175735 0.2202916070818901 0.2014703750610352 1.57312236726284 0 0.3422840684652328 2.811301611363888 2.427849769592285 0.2107134982943535 4.526040263473988 0.5887202024459839 0 5.669913493096828 836.6891289949417 24.78760440647602 14.48940633237362 32.77543514221907 1.593114361166954 0.3629398345947266 0 0 0 6.974398821592331 5.948592752218246 3.888145565986633 2.810385197401047 50.49650830030441 22.06788194179535 46.82835155725479 22.85895103216171 44.36961001157761 2.701315224170685 5.578077614307404 2.566373184323311 0.8630595356225967 0 0 0 0 0 2.409325480461121 0 0 0.7576938271522522 0 1.242875337600708 0 0 0 2.099553346633911 0 0 7.809727624058723 31.33556343615055 0 0 0 12.4924084842205 6.915310770273209 59.22523358464241 63.60526317358017 6.670954644680023 3.068393468856812 0 0 0 0.6329436302185059 0 0 0 2.095856040716171 0 0 0.3044847249984741 12.72513374686241 0.8389841914176941 0 0 0 0.8763765096664429 1.456541649997234 0 0 0 13.82924890518188 2.315884977579117 0.2329777926206589 0 0.5901171565055847 0 0.1752786636352539 0 0.4723905622959137 0 11.09864318370819 0.6797642111778259 0 0 2.327610686421394 5.722817003726959 0 2.041587352752686 0.1026870906352997 0.7351333349943161 1.262577831745148 1.949227765202522 1.587947830557823 0 0 0 0 0.1491264849901199 0.8329129815101624 0 0 1.790120661258698 19.55180542171001 32.51663306355476 193.3086811304092 5.73684299737215 100.0462402701378 35.72306829690933 108.3097367584705 12.03766680508852 0.3922838047146797 36.13440865278244 5.389815747737885 0 6.85715589672327 2.294245094060898 1.258617997169495 2.272209167480469 0 2.470425501465797 16.83018836379051 1.618090212345123 40.18576990813017 0
46.07689052075148 211.8661513924599 187.4102676659822 138.0231753438711 375.529160104692 232.022116586566 1942.198684580624 424.7033242285252 593.7355185449123 1846.254275932908 423.267207659781 580.6344140842557 1352.429471813142 2368.564085446298 44.90914391726255 47.02569721639156 3.652195513248444 0 0.2317574620246887 0.09828013181686401 0.096591517329216 4.499060764908791 0.1047693267464638 0.6369542628526688 0.7441738545894623 0.1008337885141373 0.1588706225156784 0.4925198927521706 7.034399300813675 1.016552239656448 55.43459089100361 91.1020966693759 267.6276134103537 0.1934479549527168 0.1001586839556694 0.4986104965209961 255.6428223997355 0.6228129267692566 7.40140275657177 0.8385315090417862 0.4233760386705399 0.67351995408535 0.1855528056621552 4.570232704281807 0 0.7199744805693626 84.25720786303282 0.09613603353500366 0.7777915149927139 0.09847866743803024 0.2790571004152298 4.639926865696907 20.4035952091217 2.153106413781643 0.2878150641918182 8.519943743944168 16.66478237509727 10.7450624704361 6.126797206699848 10.42275790125132 0.7187887132167816 29.17341674119234 2.307692967355251 45.23812176287174 0.2216094508767128 0.3099086955189705 0.2362713217735291 0.2457994297146797 0.2410398572683334 0 276.8441760540009 8.594144567847252 6.034418120980263 29.91702944040298 19.8145425543189 82.3091541826725 40.09654315561056 14.20625913143158 22.18281647562981 194.2357249334455 0.2130838632583618 13.78917603194714 0.886214517056942 0.2084679082036018 0 4.913094885647297 0.399915374815464 0.2216095775365829 1.460368938744068 2.834724232554436 1.266962215304375 0.5808084756135941 0.1193974316120148 0.9253690764307976 3.121806770563126 690.6268884912133 13.12371707707644 3.985296502709389 23.92679203301668 1.041589260101318 0.7896104902029037 0.974308967590332 0 0 10.55879865586758 5.124136686325073 1.932803153991699 3.826921224594116 44.57937940955162 29.7221092581749 62.16265648603439 18.87654653191566 68.63263309001923 4.876660048961639 4.63817486166954 3.694166466593742 0.815054178237915 0 0.5553186535835266 0 0 0 0 0 0 1.142948150634766 0 0.440448522567749 0 0 0.2703074216842651 0 0 0 13.25548250973225 51.75863291323185 0 0 0.4464829564094543 17.65780359506607 9.989275634288788 90.49292656779289 110.869062229991 15.01841980218887 0.4307697415351868 0 0 1.243230015039444 0 0 0 0 3.031503736972809 0 0 0.4103006422519684 21.08946685492992 0 0 0.105277992784977 0 0.9221437200903893 3.293200396001339 0 0 0 13.8085378408432 9.04755175113678 0 0 0 0 0 0 0 0 15.31943303346634 0.142949178814888 0 0 0 9.690888971090317 0.4173229932785034 0 0.3191391229629517 0.5123964548110962 1.900999069213867 2.559804499149323 4.360868573188782 0 0.3196870610117912 0 0 0 0 0.9624285697937012 0 1.697349429130554 24.09657946228981 56.96527835726738 294.3477091938257 7.799279883503914 166.3522153645754 56.62717580795288 107.8270161747932 19.17695086449385 1.719121888279915 44.82187237590551 20.00702106952667 0 13.4798126667738 6.748069331049919 0.5615121722221375 0 0 2.037672519683838 15.51150523126125 1.450665175914764 47.67752682417631 4.114551454782486
13.80691599845886 725.029289342463 607.743705034256 11.37621389329433 1970.003753088415 19.55401261150837 1511.528650909662 1513.11117105931 1812.113272532821 938.2661752402782 2987.450070619583 432.4524777084589 2368.564085446298 1528.596913345158 21.94046105444431 23.5600785985589 2.258519865572453 0.184855654835701 0 0 0 2.324294984340668 0.1377738118171692 0.2520192489027977 0.2547659873962402 0.2692512348294258 0.8226255476474762 0.9309432804584503 5.183125801384449 0.561542309820652 64.685079023242 64.6545722335577 1045.828376233578 0.09136065095663071 0.1326496154069901 1.235203474760056 506.5279890671372 22.06789493560791 13.59824345260859 2.54356361925602 0.4545776024460793 0 0 3.180486239492893 0.1463852226734161 0.8683592975139618 58.15142679959536 0.2381161749362946 0.1186054646968842 0.1205131039023399 0.164773665368557 2.896764799952507 16.94095012545586 1.761118583381176 0.5461234301328659 3.657087221741676 9.669459372758865 6.8714529722929 4.547666095197201 8.02254094928503 1.163315154612064 330.1373169124126 1.267423883080482 34.4836979880929 0 0.1699318736791611 0.3347169235348701 0 0.07927252352237701 0 284.213181771338 1.828194066882133 1.195115238428116 17.25099390745163 14.91265511512756 50.00537427514791 24.39308872818947 9.962438061833382 17.7828449010849 700.823501162231 0.1773040145635605 43.15329995751381 0.3956143409013748 0 0.09068504720926285 2.594318635761738 0 0 0.9915765896439552 0.3304433226585388 0.7830179557204247 0.1698205024003983 0.1797174960374832 0 1.62769690155983 58.62865170836449 3.487951502203941 0.1359372138977051 12.22474806010723 0.566444955766201 0.221390426158905 0 0 0 5.857508480548859 2.533386647701263 0 0.3703048825263977 14.06239303946495 5.719812154769897 12.24115453660488 6.255287826061249 4.937783867120743 1.04050612449646 1.218863904476166 0.7195353209972382 0.1746464818716049 0 0 0 0 0 0 0 0 0 0 1.330834567546844 0 0 0 0 0 0 4.126580715179443 15.08768410980701 0 0.1178097650408745 0 7.222511500120163 0 13.93338745832443 19.40866515040398 2.728701114654541 3.157935857772827 0 0 1.434037566184998 0 0 0 0 0.6673862487077713 0 0 0 3.124436035752296 1.468611240386963 0.1018016338348389 0 0 0 0.2796275913715363 0 0 0 3.484210968017578 0.8971988558769226 0.3274809718132019 0 0.1109642907977104 0 0.1899184584617615 0 0 0 0 0.9433034658432007 0 0 0 3.54317532479763 0 0 0 0 0.4855694025754929 0.1237837895750999 1.548130720853806 0 0.1298566907644272 0 0 0 0 0.6317071914672852 0 1.385473012924194 8.848803147673607 9.809463664889336 127.5379200056195 3.602734319865704 109.5789133086801 27.82213725149632 17.66974365711212 9.25753852725029 3.277634225785732 23.07644633948803 3.03081701695919 0 2.861310638487339 1.914706885814667 1.258550405502319 0 0 0 7.292586125433445 0 19.04721698909998 1.373213052749634
2.623662948608398 43.77008797973394 22.32763584703207 2.566414162516594 10.33171393722296 3.318965137004852 56.07586192339659 16.02457067370415 4.132541410624981 27.87261552363634 1.44639664888382 21.19041962176561 44.90914391726255 21.94046105444431 280.5338892191648 858.8315059691668 383.0125874131918 9.029400840401649 117.1976475641131 8.27394500374794 0.686009094119072 4.001787148416042 0.4101224467158318 2.211820550262928 58.97933937609196 1.803981155157089 13.94467592984438 1.214002303779125 16.60877817124128 7.103844590485096 6.134928181767464 17.75266945362091 15.4167058840394 0.8056225404143333 2.377520181238651 32.41583100706339 26.56131402403116 15.57295316457748 38.39891099184752 53.78211955726147 3.715332560241222 1.84641706943512 4.620864138007164 248.1610656157136 143.0612939149141 103.4776300489902 132.9195056855679 8.657050468027592 18.39388771355152 13.39199974387884 1.710653141140938 4.179746650159359 70.1615126952529 3.079833537340164 0 0.08980408310890198 0.0715661346912384 3.338806077837944 0.2473873794078827 32.93966503441334 32.38852033019066 31.81245965510607 10.18018575757742 11.56791684031487 0 0.3561683148145676 0.125836506485939 0.3069189935922623 2.898216657340527 4.931572422385216 52.01195900142193 4.345235139131546 1.211806923151016 25.17305897921324 6.048606336116791 888.6927971094847 609.0068626627326 141.9244599491358 27.81373811513186 14.69931489229202 32.59189490973949 40.39628945291042 2.523673295974731 0.2885016053915024 3.938785582780838 0.8593206852674484 6.022443503141403 1.290191605687141 0.3746147230267525 2.632249385118484 1.658485300838947 3.385761387646198 1.100140392780304 3.541239477694035 2.982910878956318 8.593610920011997 37.20775910466909 3.277986019849777 75.36610466986895 0 0 0 0 0 1.014224000275135 0 0 0 0 0 0.9942007958889008 0.4254589974880219 1.924981251358986 0 0.9431549906730652 0.6625164151191711 0 0 1.073285639286041 0 0 0.3117001056671143 0 0 0 2.158485352993011 0 1.661848068237305 0 0 0 0 1.443678617477417 0 0.3205420076847076 1.107982128858566 0 0 0 0 1.308780074119568 2.166793704032898 4.700852110981941 4.057244539260864 0 0 0 0 0 0.527988612651825 0 0 0 0 0 2.335921823978424 4.969489604234695 2.502069115638733 0 0 0 0 0 0 0 0 0 0 0 0 0 0 0 0.3816009163856506 0 0 1.072817474603653 0 0 0 0.769927129149437 0.4238348007202148 0 0 0 0 0 0 0 0 0 0 0 0 0 0 0 1.917363941669464 9.958243161439896 7.765923969447613 6.55999293923378 1.611253313720226 89.62892963737249 16.35292915999889 1.759006083011627 0.1391171962022781 0 1.109338000416756 6.6821608543396 0 2.147975757718086 0.4566977322101593 0.6200949549674988 0.3018676340579987 0 0 1.063994564116001 0.2740079760551453 6.669637493789196 0
