402.8499716222286 1904.443522669375 890.8809863701463 1040.857494652271 75.06917528808117 135.2582080885768 73.98042926192284 58.2644120529294 2.522368542850018 679.1101076602936 121.1910319775343 20.83703147619963 36.99887939542532 66.36020860075951 0.3897974640130997 1.079559281468391 0.1487910151481628 0.1048035621643066 0 0 0.1238633170723915 0 0.2646063715219498 0.3611957728862762 0 0.1199497506022453 0 0 0 0 1319.839771263301 0.4277992248535156 12.28560680896044 0 0 0.2105004638433456 5.019078694283962 2.371696598827839 4.493317551910877 0 0.2512835934758186 0 0.1508909054100513 0.2135325968265533 0 0.09167202562093735 24.38714057207108 3.059770584106445 0.5113909393548965 0.1549183502793312 0.7336897328495979 0.7356550022959709 1.886579751968384 0 2.803884498775005 3.555259026587009 67.01247856020927 375.1975425854325 16.47852948307991 18.76172560453415 0 12.20860946178436 0 14.10856157541275 4.170620121061802 6.443333804607391 1.459886841475964 0.67941003292799 0.4813765585422516 0.100666455924511 6.826274193823338 3.815801709890366 0 181.559439279139 14.10587441176176 24.95966793596745 1.820988945662975 0.3660850748419762 0 40.22320747375488 0.2350347191095352 19.46329125016928 13.0701747238636 0.3526982441544533 3.123567491769791 6.213468968868256 1.392003178596497 0 1.119240902364254 0.1932257413864136 0.1888862550258636 0 0.7773451805114746 0.09113961458206177 0 7.564603611826897 2.980383582413197 0.3200634121894836 8.805229917168617 742.0912183895707 0 1.411345794796944 0 1.957499295473099 0.9198451936244965 3.633793830871582 3.037414580583572 1.625460132956505 3.265634447336197 11.64987936615944 0 1.864620238542557 4.840281791985035 4.709202483296394 4.276605367660522 0 0.1318367421627045 0 0 0 0 0 0 0 0 0 0 0.5899295210838318 0 0.5232640504837036 0 0 0 0 0 0.09928795695304871 0 0 0 2.713344626128674 1.128288522362709 2.752480290830135 3.349094025790691 1.928528539836407 0 0 0 0 0.09624122828245163 0 0 0 0 0 0 0 1.936800114810467 0 0 0 0.1213372498750687 0 0 0.440624326467514 0 0 0 1.111919164657593 0 0 0 0 0 0 0 0 3.171725019812584 0.579905740916729 0.2947625815868378 0 0 0.2079970836639404 0 0 0.1310307830572128 0.4205067157745361 0 0 0 0 0 0 0 0.319580078125 0 0 0 12.69536717236042 1.260470241308212 4.090424336493015 65.20941162109375 1.455211415886879 54.12745644152164 9.830346211791039 425.9982902929187 5.961354061961174 1.038531415164471 1.797238647937775 6.818919204175472 0.1375864148139954 0.2930819466710091 1.070273995399475 9.131659731268883 0.4033642113208771 0 0.2474048733711243 0.9092314094305038 0 144.5957603007555 7.187294483184814
1904.443522669375 1433.359429895878 1259.608630198985 2295.836087062955 636.0016386508942 328.4540359005332 1387.231503300369 128.994296900928 392.511473827064 2499.394334584475 1393.949620053172 144.8831574246287 951.6971396580338 2477.743360474706 14.43427807092667 9.970751449465752 0.5804497227072716 0.2593221440911293 0.09377206861972809 0.3106217607855797 1.282458685338497 0.2015462219715118 0.6133072748780251 0.6099776923656464 0.5535022020339966 0.07779919356107712 0 0.8579111844301224 0 0 2561.723083660007 25.54392665624619 66.42309601604939 0.1830712705850601 0.4143264815211296 1.455049477517605 23.0432219132781 10.52247542142868 13.52588534355164 3.479733154177666 1.332640297710896 0.7459924146533012 0.2220282554626465 1.61254645138979 0.3041438013315201 0.8475721627473831 234.3686599880457 27.35002934187651 3.779015008360147 1.323130860924721 3.632060363888741 0.492131307721138 2.499107092618942 0.2351761609315872 12.75174900889397 22.02826991304755 156.5616917088628 694.389496691525 47.5945460498333 107.0780918747187 1.458390474319458 13.02112763375044 0.1837218776345253 127.5520804002881 30.89434530586004 28.26276598870754 9.785938054323196 6.901760160923004 4.910315729677677 1.377941899001598 25.82243000715971 3.698640428483486 0 791.8497686199844 173.6295911744237 296.1449869573116 95.71705105900764 20.28368506580591 4.186358220875263 62.98380332440138 4.91013927012682 15.18509715050459 70.57644354552031 0.07753150910139084 23.91723949462175 41.49816380813718 5.639518283307552 0.5953732207417488 5.042035929858685 0.3059436678886414 1.518250815570354 0.271680548787117 5.30065356194973 0.8134235143661499 1.184758611023426 24.38270437717438 9.77741614729166 1.028432711958885 14.06247590482235 900.4790064394474 1.404903531074524 9.115850083529949 2.242331862449646 5.023664839565754 1.250424467027187 7.156016603112221 10.49451814591885 1.621621295809746 36.82787946611643 40.76233201473951 2.506145447492599 10.65446683764458 22.97596449404955 22.35006704926491 20.09885574877262 0.4184549376368523 0 0 0 0 0 0 0 0 0 0 0 2.974796198308468 0 0 0.7728134393692017 0.7104438990354538 0 0 1.471500962972641 0.6319364756345749 0 0.5725202858448029 0.7717840671539307 10.21517688035965 4.024045705795288 16.97103618085384 14.6903041228652 9.933113686740398 0.4805543422698975 0 0 0 0.6757100075483322 0.3217335045337677 0 0.1240070909261703 0.3075407445430756 0.1129695549607277 0 0 3.435770146548748 0 0 0.1852051615715027 0.2800669819116592 0.4758291393518448 0.6352045983076096 1.832548707723618 0 0.4511972367763519 0.1612721532583237 2.082233965396881 0 0.6802692636847496 0 0 0 0 0 0 17.65300996601582 4.726398393511772 0.1365214586257935 0 0.1125294417142868 1.094945885241032 0 0.6626425981521606 0.07217167317867279 0.3300216719508171 0.4059901311993599 0.9081411957740784 0.2321039363741875 0 0 0.2253499329090118 0 0.2642437368631363 0 0.1017495170235634 0 44.80362166464329 5.035393305122852 12.11177437752485 271.4708748087287 20.40487647801638 403.9402292147279 40.23022848367691 713.8547304570675 33.88476883620024 2.835453562438488 17.588179923594 24.06140380352736 0.6294093877077103 5.44431234896183 0.771467536687851 45.5028036609292 0.2836390137672424 0 0.7595055550336838 13.38090551644564 0.4655901938676834 344.5807167217135 18.88405634462833
890.8809863701463 1259.608630198985 903.0659161135554 113.0605069100857 354.7359120100737 12.03726295381784 64.08770144730806 1267.14921811223 431.3871684372425 84.07438708841801 2594.792278885841 72.13676201552153 201.9924450665712 2443.229761198163 7.971696726977825 7.194843664765358 0.5134019404649734 0.25856102257967 0 0.9312779083848 4.75949314981699 0 3.440650448203087 3.931943885982037 0.4952676892280579 0.8428945094347 0.2575080618262291 0.9031164795160294 0.6004738509654999 0 4099.906309761107 802.0645113587379 82.1537759155035 2.112407468259335 3.251893520355225 0.8207245320081711 12.61381860077381 4.94733652472496 2.978977918624878 1.992473550140858 4.756314069032669 0.7188494876027107 0.3794270977377892 1.990508504211903 0 0.9466021433472633 96.26337796449661 10.26555077731609 1.822043478488922 1.13000626116991 4.870921485126019 0.764261931180954 0.1257977336645126 0.4124098718166351 4.183436825871468 6.276619881391525 46.75897336751223 309.636517778039 15.19135095179081 40.81003119796515 2.920039534568787 3.892826877534389 1.736939266324043 197.5377930253744 10.45393372327089 9.977429799735546 4.22952763736248 5.699651852250099 15.55223500728607 2.857267014682293 10.40294379740953 1.542525865137577 0.30951888859272 282.7445844002068 95.57859294861555 127.9428058043122 55.93139504641294 9.217181093990803 6.998432323336601 458.6031183600426 4.572423972189426 10.43276504427195 21.78949888795614 0.08692164719104767 8.161328844726086 12.79846124723554 5.076521009206772 0.2414077147841454 1.139877483248711 0 0.684496596455574 0.2083656415343285 13.5929097533226 4.054759204387665 1.467015467584133 6.538098149001598 1.662385493516922 0 2.868091978132725 116.3098923936486 0.4329009056091309 0 0 0.5826504826545715 0.1319032907485962 0.3041985034942627 1.314645260572433 0.7340067625045776 0.9995020925998688 3.56295532733202 0.6848339885473251 0.7903818935155869 2.296645313501358 3.575780622661114 4.225909113883972 0.2675308883190155 0.2256345897912979 0 0.3621484339237213 0 0 0 0.2423589527606964 0 0 0 0 0.5915495529770851 0 0.1065195426344872 0 0.2637351378798485 0 0 0.6064435839653015 0.568402111530304 0 0.4522300064563751 0 3.745526716113091 0.6539180874824524 7.374342501163483 6.603378169238567 3.630243495106697 0.9104417413473129 0 0 0.1231590360403061 0 0.4951016008853912 0 0 0 0 0 0.09230765700340271 1.60105923563242 0.2896191254258156 0.06201330944895744 0 0 0.2452591210603714 0.3018963262438774 0 0 0.2589872181415558 0 1.10704630613327 0 0.1578467711806297 0 0 0.1448756605386734 0 0 0 6.121411375701427 2.427537962794304 0.5030874088406563 0 0 0.5423236489295959 0 0 0 0.09010069817304611 0 0 0.09089497476816177 0 0 0 0 0 0 0 0 6.589314788579941 3.778136648237705 4.078305393457413 94.98328204452991 8.683703415095806 130.2798147723079 17.56203334778547 73.67742949724197 8.297180630266666 1.468839049339294 6.044214867055416 2.203800179064274 0.363869421184063 1.546681076288223 0.2721145451068878 3.78521241247654 0.4979172050952911 0 0 4.240791395306587 0 33.8221557661891 8.236456982791424
1040.857494652271 2295.836087062955 113.0605069100857 527.3025440275669 62.56402438879013 326.3571053147316 594.5032499209046 0.7062957286834717 7.495278134942055 2891.218526728451 5.987958878278732 147.0644233077765 407.7339577227831 42.35089959204197 0.1124006882309914 0.2325750961899757 0 0 0 0 0 0 0 0 0 0 0 0 0.13913194835186 0 98.86115100979805 0.7366438210010529 1.448071241378784 0.1176166906952858 0 0 0.4543953984975815 0 0.7570284754037857 0.1763830035924911 0 0.1301630586385727 0 0 0 0 10.8140035122633 1.903921544551849 0 0.1016015633940697 0.1094960644841194 0 0 0 0.5585978180170059 1.559866547584534 16.43846180289984 62.25528740137815 3.817762821912766 8.988670825958252 0 0.527777835726738 0 4.848256729543209 2.024305939674377 2.164506435394287 0.1973972171545029 0.3928502723574638 0.1928089708089828 0 1.737843006849289 0.369785338640213 0 63.23366696387529 8.044732980430126 12.10802879184484 1.526115618646145 0.1616384536027908 0.1488339900970459 0.587402306497097 0 0.7927225679159164 4.76053175330162 0.08606881648302078 1.022863499820232 1.896477490663528 0.2785093486309052 0 0.375852607190609 0.1100718155503273 0.2676480486989021 0 0 0 0 7.207916676998138 1.39024955034256 0.1380493491888046 1.306364677846432 279.0238194465637 0.6627825126051903 3.085335917770863 29.82281000912189 37.75885501503944 0.2738000452518463 76.47812235355377 24.36952319741249 5.185931593179703 67.63161613047123 57.69825620949268 0.374805673956871 6.854219749569893 24.88537719845772 8.538280166685581 8.049129955470562 0.1882415562868118 0 0 0 0 0 0 0 0 0 0 0.1331498324871063 0 0 0 0 0 0 0 0.7433750182390213 0 0 0 0 3.863413289189339 0 1.963644914329052 1.183829784393311 0.6818050667643547 0 0.2949948310852051 0.09497313946485519 0 0 0 0 0 0 0 0.0960729643702507 0 0.8540307879447937 0 0.1050256639719009 0 0 0.1947348490357399 0.219062015414238 0 0 0.3147979080677032 0 1.186199426651001 0 0.09876426309347153 0 0 0 0 0 0 3.849562510848045 0.5495020598173141 0 0.1439684182405472 0 0.1387676745653152 0 0 0.8983769491314888 0.5217552185058594 0.238203801214695 0 0 0.08864329755306244 0 0 0 0.09746231138706207 0 0 0 14.56803625822067 0.4333818703889847 1.831805571913719 11.53341356664896 0.869586817920208 17.86719255894423 1.522861614823341 215.0410303846002 0.9428301453590393 0.3403441309928894 1.261602401733398 6.099655300378799 0.1519114375114441 0.6692711114883423 0.2440486401319504 14.16361639648676 1.064158707857132 0 0 0.6002675741910934 0 165.6509626582265 7.299862876534462
75.06917528808117 636.0016386508942 354.7359120100737 62.56402438879013 700.4372811987996 7.561697915196419 1874.167465388775 22.21408396214247 5003.830635517836 780.6540066152811 337.9990975484252 43.65365669876337 887.4364094361663 4132.274580053985 6.334881626069546 4.562608003616333 0.1854048818349838 0 0.104540579020977 0 0.1961450278759003 0 0 0.2590205371379852 0.09240789711475372 0 0 0.09146852046251297 0 0 130.5135454013944 14.08621270209551 4.296951100230217 0.1872885897755623 0 0 6.031414501368999 1.923428200185299 6.758303709328175 0.6023172661662102 0.1308452188968658 0.2006719037890434 0.09725218266248703 0.9356892481446266 0.06991598755121231 0.2693537548184395 92.90414047986269 5.390595071017742 1.233496129512787 0.222238577902317 1.511729069054127 0 0 0 1.204906105995178 3.253838054835796 15.39544264599681 45.28331535309553 8.664950009435415 23.68425236642361 0 1.945071116089821 0.08321157842874527 39.61473778635263 5.866974666714668 4.43387059867382 2.8056495860219 1.497209303081036 1.398527257144451 0 14.26187704503536 0.689337320625782 0 118.2376851029694 48.92056095600128 84.50002591684461 57.20406553149223 13.42809918522835 1.839710034430027 1.790037073194981 1.956423915922642 2.809772953391075 10.4089549779892 0 4.255352713167667 9.16290919482708 1.530124388635159 0.2009909600019455 0.8724262416362762 0 0.2944893315434456 0 0.2694644331932068 0 0.2070866972208023 6.182545550167561 6.738977193832397 0 5.802444010972977 18.71059633791447 0 2.132620692253113 0.5724001526832581 0.2589119076728821 0 2.354967087507248 0.6759435385465622 1.318830654025078 1.411025308072567 6.042071908712387 1.373810082674026 1.407888114452362 4.829838611185551 8.563887163996696 8.003838330507278 0.1668223887681961 0.1208710446953773 0 0 0 0 0 0 0 0 0 0 1.04382012784481 0 0 0 0.09698729962110519 0 0 0.9723101705312729 0 0 0.3489618599414825 0.08658163249492645 5.486368484795094 1.690258949995041 9.848804131150246 7.295383185148239 5.929351583123207 0 0 0 0 0 0 0 0.2042590230703354 0 0 0 0 2.176909528672695 0 0 0 0 0.2760971710085869 0.1433757692575455 0.484296053647995 0 0.8371189832687378 0.984540730714798 1.177797839045525 0 0 0 0 0 0 0 0 8.063414096832275 2.226096712052822 0 0 0.1666938066482544 0.1499744057655334 0 0 0 0.5092871710658073 0 0.2756668031215668 0.1564276516437531 0 0 0.07494634389877319 0 0.09825879335403442 0 0 0 16.53171069175005 3.136431738734245 5.948580741882324 130.1377103254199 6.556795388460159 152.509947642684 22.99823265522718 107.3140743970871 21.32029801607132 0.3227058798074722 15.60027588158846 3.210984088480473 0.3959138244390488 1.119081020355225 0.9742342606186867 6.54207456111908 0.4005532190203667 0.08405199646949768 0.857387512922287 6.77836225181818 0.7926045060157776 35.78356835246086 8.755125738680363
135.2582080885768 328.4540359005332 12.03726295381784 326.3571053147316 7.561697915196419 9.286397144198418 39.66917806118727 0.5551393330097198 1.599688395857811 449.0783949866891 9.659121066331863 102.438462138176 82.28171698749065 19.12975770235062 1.320156276226044 2.634410090744495 0.4238160401582718 0 0 0 0 27.84838815778494 0 0 0.3522978127002716 0 0 0.8543243706226349 0.3695544004440308 0 39.87947884202003 1.362029060721397 31.27578213810921 0 0 0.7671132981777191 13.38106954097748 2.133481293916702 16.07611341029406 0.5677175372838974 0 0.5840965136885643 0 0.1758049875497818 0 0.2259179204702377 5.195865243673325 0.4677431955933571 0 0 0.5810770988464355 70.83606365323067 10.78858175873756 4.843830294907093 0.4936968982219696 1.051571600139141 110.5796801298857 15.89015733450651 3.063557833433151 2.410553440451622 0 3.656624868512154 0 3.270234987139702 0.4529421105980873 0.6882215812802315 0.7626453265547752 0.2171151712536812 0.09845820814371109 0 283.5940635204315 301.5110771507025 41.06371127068996 14.84955977648497 3.477201320230961 3.734020635485649 2.573730319738388 1.594582624733448 0 2.346963137388229 0.1497567296028137 0.9238337576389313 0.4715632349252701 1.734014198184013 0.3757068142294884 4.933568455278873 0.1912010833621025 8.556239239871502 6.97079386562109 31.70438469946384 6.950532048940659 25.63710334151983 0 0.7277739346027374 13.79429410398006 431.8082637488842 585.6894345283508 70.88800226897001 95.90123150497675 237.7046032473445 0.3234183490276337 8.210908725857735 1.930796504020691 1.018745541572571 0.1408696472644806 8.849233321845531 13.93066063523293 4.690692648291588 7.774629980325699 45.84497326612473 0.6942595392465591 5.761163160204887 17.9521119967103 20.8118439912796 12.41773754358292 0 0.1333598494529724 0 0 0 0 0 0 0.2677253782749176 0 0.1436359882354736 0 1.568914093077183 0.7939687371253967 1.054420404136181 0.1578498035669327 0.4886467456817627 1.054076850414276 0.4918208047747612 0.7564026713371277 0.135561004281044 0 0.9999970197677612 0 4.88341324031353 0.8839283064007759 3.709048122167587 1.148274920880795 1.984205305576324 0 0 0 0 0 0.08950546383857727 0 0 0.1249783635139465 0 0.1129973530769348 0.1164559349417686 4.269152916967869 0.1345066279172897 0.08826873451471329 0.09221284836530685 0 0.7996214032173157 0 1.505661070346832 0.1341754198074341 0.3901134729385376 0 0 0 0 0 0.1159315258264542 0.10411586612463 0.1018816456198692 0.308837041258812 0.3792162090539932 10.0928758457303 2.39119004458189 0.3467335253953934 0.1133951023221016 0.2130132615566254 0 0 0 0 0.2447361201047897 0 0 0 0.1151556223630905 0 0.6356786638498306 0.1219853460788727 0.6852866411209106 0.5431587472558022 0 0.1167557835578918 43.39654707163572 2.328107580542564 2.779865980148315 42.87631260603666 1.359710611402988 9.126950144767761 2.759989216923714 89.76268038153648 0.5334731936454773 0.1978106051683426 0.5042624771595001 10.43116554617882 0 1.226204015314579 0 40.57930766046047 0.5709402561187744 0 0 1.140930831432343 0 74.88665980100632 27.08844240754843
73.98042926192284 1387.231503300369 64.08770144730806 594.5032499209046 1874.167465388775 39.66917806118727 765.1192498654127 1.62818767875433 1312.830604210496 2684.001358836889 139.6840238198638 309.3067797198892 2812.130445733666 4077.932189300656 10.26332358270884 7.930857144296169 0.2401453629136086 0.2990512549877167 0.1066928282380104 0.1945807337760925 0.1248784363269806 0.4673453867435455 0.3244268372654915 0 0 0 0 0.1609446182847023 0.1675601899623871 0 80.97028081119061 7.647352583706379 9.103261418640614 0 0.3489455208182335 0.3056424111127853 14.25572726130486 1.85826214402914 13.10304941982031 0.7599685192108154 0.1050953269004822 0.1274291574954987 0.1289625912904739 0.5887527987360954 0.08333506435155869 0.6193070411682129 112.7127800434828 6.886101342737675 1.991242982447147 0.08169189095497131 0.4811868816614151 0.3737468793988228 0.9720055237412453 0.1899897456169128 1.71743243932724 4.534593760967255 19.06188539788127 49.52229631692171 9.50007526576519 27.08885047584772 0.521651990711689 7.196307890117168 0.060617845505476 40.52292986214161 6.603651940822601 6.546146601438522 2.392374284565449 1.483788251876831 1.741852544248104 0.1231200098991394 38.72441450506449 3.143250033259392 0 124.1118560880423 48.44782387465239 85.77320241928101 53.62035025656223 12.18332161009312 1.247503980994225 1.521098867058754 1.826349429786205 5.339897960424423 13.70235507935286 0.09998548030853271 5.528032042086124 7.730312965810299 1.714000552892685 0.0803862139582634 1.618657737970352 0 0.1768530681729317 0.1912296041846275 0.9113914892077446 0.2001244276762009 0.2763066664338112 24.57175002992153 12.61462074518204 0.970376268029213 20.16339831054211 49.77005088329315 2.097241029143333 1.281156629323959 5.471604272723198 2.698586344718933 2.532781720161438 24.725760422647 7.300819925963879 3.478685922920704 11.56867035478354 34.81270173192024 3.683718837797642 6.248569376766682 16.26767235994339 22.41039287298918 21.76700458675623 0 0.1880082041025162 0 0.3264712393283844 0 0 0 0 0.4731517136096954 0 0.2220042645931244 0 6.95014601200819 0 0 0.2820579707622528 0.33477483689785 0.5162639766931534 0.2624592483043671 2.218271419405937 0.8222109749913216 0 0.9972419440746307 0.2597985863685608 15.56195551156998 1.778681352734566 23.17387701570988 18.63491698354483 18.15533624589443 0 0 0 0.1697499454021454 0.6809090971946716 0.6013044640421867 0 0 0.6436213552951813 0 0 0 4.149908281862736 0.2450480610132217 0.07059644907712936 0.09419495612382889 0.3143338784575462 0.5454041957855225 0.2222328037023544 0.2411530464887619 0 0.4586553275585175 0.508797287940979 4.245222203433514 0.3701863884925842 0 0 0 0 0 0 0 24.09296428412199 5.607357352972031 0 0 0.1103476509451866 0.1356572359800339 0 0 0.9627599120140076 1.218367658555508 0.5654638260602951 0.7289320528507233 0.1171073317527771 0 0.07755110412836075 0.1378152072429657 0 0.2876628190279007 0 0 0 44.15984215587378 10.85902204364538 17.36368621885777 191.1304881498218 7.285009771585464 205.1690110936761 28.24052768200636 172.5964631214738 22.05452094227076 1.004916399717331 18.06281451880932 17.94889517873526 0.4345766231417656 2.714793413877487 0.7483748495578766 17.38348390161991 0.9470354467630386 0 0.8865455538034439 9.581287518143654 0 109.7012699171901 33.24906485527754
58.2644120529294 128.994296900928 1267.14921811223 0.7062957286834717 22.21408396214247 0.5551393330097198 1.62818767875433 1903.554279766977 18.26550263166428 2.240731664001942 2246.522657312453 21.33393033593893 42.96716668456793 479.3613320663571 31.23421753197908 31.14540518075228 1.168661348521709 4.344277627766132 0.4416690617799759 17.32735207676888 57.51038165390491 2.01132483035326 50.49305683374405 48.7395941093564 5.287877418100834 7.52808190882206 2.595952875912189 4.102367140352726 1.326549537479877 0.2269777059555054 1644.461437933147 1909.032478533685 104.791132569313 13.91648177057505 46.29563793540001 12.59040536731482 34.13179394602776 46.72358586639166 10.19437120109797 6.285694286227226 55.49842400848866 6.64198112487793 9.121079117059708 21.36126412451267 1.57437340170145 15.36522859334946 226.1017383337021 11.34004193544388 9.267973735928535 14.73793268948793 18.70177852362394 0.4670988917350769 1.373875685036182 1.788312621414661 1.956039823591709 3.862632386386395 23.80577022582293 129.4620907008648 8.289838641881943 33.04574909806252 74.73253916949034 53.06807025521994 30.4790341258049 544.9696955755353 7.216133587062359 16.09375827759504 3.465062722563744 23.4797835201025 136.0295226573944 41.88957744091749 12.85215945541859 1.907175347208977 0.3630905002355576 145.4857589229941 147.3306156173348 185.2630236372352 347.4381433129311 679.9976454302669 1389.330243349075 1714.490706078708 234.2028971537948 710.8018641620874 13.98377906531096 0 7.355384647846222 7.447362314909697 25.64122371375561 0 0.9290912672877312 0.09447290003299713 1.086213052272797 1.442899957299232 153.8457144349813 29.62908531725407 6.472975887358189 3.181252866983414 0.7781982719898224 0 3.099676825106144 20.6682957559824 0 0 0 0 1.031880140304565 0 0 0 0.1938184648752213 0.3178929686546326 0.1731545180082321 0.2330982610583305 0.7195393070578575 2.170820824801922 1.832709811627865 0.08567706495523453 0.09824421256780624 0 0 0 0 0 0 0 0 3.313958741724491 0.1578857004642487 1.075636073946953 0.604748010635376 0.07882338762283325 1.111538156867027 0.5435020476579666 0.1801624447107315 0 0.1077474802732468 0.1421600580215454 0 0 0.4951775670051575 1.26435861736536 0.8101368695497513 2.434497162699699 4.016787707805634 2.3432612195611 1.383398666977882 1.122852057218552 0 0 0 0 0.285577654838562 0 0 0 0 1.076461784541607 1.419022768735886 2.36290343105793 0 0.1558518707752228 0.1896403729915619 0 0.3913338482379913 0 0 0 0 0 0 0 0 0 0.1044444292783737 0.2954326868057251 0.2902067676186562 0.119078740477562 2.192257456481457 1.802423678338528 0.4060329347848892 0 0.5540950372815132 0.1102214828133583 0 0 0.1022190153598785 0.2144957333803177 0 0 0.1065235882997513 0 0 0.09861234575510025 0 0 0.4442241191864014 0.2785120904445648 0 2.918702483177185 1.106596142053604 3.207155510783195 256.0658149793744 27.5407357737422 269.9052964150906 60.88582199811935 86.66246802359819 23.75912769138813 0.6525747627019882 19.80826992541552 4.639617674052715 0.4216819033026695 1.838172495365143 1.926068499684334 1.546748727560043 0 0 0 21.95181746780872 1.211997210979462 18.78711184859276 4.09961012005806
2.522368542850018 392.511473827064 431.3871684372425 7.495278134942055 5003.830635517836 1.599688395857811 1312.830604210496 18.26550263166428 706.3912643492222 150.8579595535994 410.4170094430447 39.15572644770145 596.5601682290435 1556.558915242553 1.593237027525902 1.697772845625877 0 0 0 0 0 0 0 0 0.5684468597173691 0 0 0 0 0 14.73794088512659 2.009901143610477 3.051067128777504 0 0 0 3.715939044952393 1.244957573711872 3.093123763799667 0.5411339551210403 0 0.07674925774335861 0 0.8874585926532745 0 0.1577770709991455 18.09948714822531 0.8387179002165794 0 0.08640619367361069 0.2796331346035004 0 0 0 0.2898335307836533 0.5831968709826469 1.551339276134968 3.345312990248203 1.413073860108852 4.277123726904392 0.08371749520301819 1.523520335555077 0.2318762242794037 5.800594605505466 1.018291413784027 0.543783113360405 0.1009249687194824 0.6345489546656609 0.3708625435829163 0 8.153706043958664 0.8927269279956818 0 13.46291482448578 8.017848923802376 15.03905345499516 13.65650762617588 3.915821440517902 0.2180577889084816 0.2457282468676567 0.5858725383877754 0.6633574813604355 1.686053022742271 0 1.019046932458878 1.233702935278416 0.5652447119355202 0 0.09312018007040024 0 0 0 0.7037611082196236 0 0 4.294371768832207 0.3667117208242416 0 2.191694900393486 1.997216828167439 0 0 0 0 0.8499768227338791 1.578961834311485 0.565084420144558 0.419169545173645 0.3829870522022247 2.692533910274506 0.3708066046237946 1.12844717502594 4.485291004180908 3.58423063158989 3.669210232794285 1.082327350974083 0 0 0 0 0 0 0 0 0 0 0 0.282850444316864 0 0.3948155045509338 0 0.2341305911540985 0 0 0.6229136884212494 0 0 0 0.1233323141932487 2.59176929295063 0.7795636057853699 4.890454724431038 3.021434485912323 2.111020617187023 0 0 0 0 0 0 0.1508085578680038 0 0.1823612600564957 0 0 0 0.1356168687343597 0 0 0 0 0 0 0 0 0 0 0.3681312203407288 0 0 0 0 0 0.07425016909837723 0 0 2.619753509759903 1.676661387085915 0 0 0 0 0 0 0 0.5434513092041016 0 0 0 0 0 0 0 0 0 0 0 6.729436360299587 1.814242608845234 2.551435716450214 42.61812828481197 1.175864741206169 34.62007961422205 8.407044567167759 22.41148859262466 6.461038343608379 0.2875618040561676 6.114399634301662 0.9623141810297966 0 0.296030193567276 0 1.023443594574928 0 0 0 2.01654826104641 0.6933869123458862 11.91489288210869 3.41870741546154
679.1101076602936 2499.394334584475 84.07438708841801 2891.218526728451 780.6540066152811 449.0783949866891 2684.001358836889 2.240731664001942 150.8579595535994 2049.552563637495 211.6219689697027 2662.494571015239 4650.981350436807 927.5667779445648 5.014147341251373 2.82555577903986 0 0.1003322675824165 0 0.1370023190975189 0.1133428290486336 0.6926946640014648 0 0 0.4007217288017273 0 0 0.4899444580078125 0 0 83.88815549015999 12.85764171928167 63.77211584895849 0.1865176483988762 0.1132438778877258 1.379671990871429 54.31869982928038 15.63242616504431 39.09961733967066 3.596071369946003 0.3834996670484543 0.5402378439903259 0 0.3786522448062897 0 0.203101634979248 58.18861776590347 3.846416801214218 0.1104856878519058 0.09075924009084702 0.3609299808740616 0.52714803814888 1.756988734006882 0.1465994417667389 2.129413723945618 1.973382011055946 33.79281148314476 56.5438364893198 5.370787858963013 16.21263621002436 0.2984974607825279 23.24216397106647 0 23.74903570860624 4.90404337644577 3.063844174146652 1.640569142997265 0.8139879256486893 1.533672250807285 0.1168185248970985 298.3008193075657 9.700998604297638 0 83.97802392393351 26.25647117197514 44.56158743053675 19.43823863565922 2.735185675323009 0.4980786815285683 6.50656121224165 0.8100476264953613 25.25194171816111 9.307191990315914 0 2.107608288526535 6.348800249397755 0.9693951234221458 0.2079821228981018 0.710204616189003 0.1331902593374252 0.1880452409386635 0.2594178169965744 1.014952354133129 0.8931570127606392 0 233.9676989167929 92.77507477998734 0.9905896186828613 52.51734448969364 350.6633741855621 7.078367099165916 24.05957539379597 19.7842213883996 36.34547584503889 5.514713324606419 62.10065791010857 55.59700486809015 15.41057749837637 91.54748073220253 232.750550493598 9.40894016623497 42.5336738973856 103.9185738489032 117.7076844424009 83.62333354353905 0.5359648615121841 0.903727151453495 0 0.3563474640250206 0.09893584996461868 0 0 0.7262111529707909 1.098174124956131 0.3912417590618134 0.5451303720474243 0.2578998804092407 8.468716308474541 0 0 0 1.55285070836544 0.07910121232271194 0 9.970909520983696 3.026335805654526 0 1.651107251644135 1.628106117248535 51.26544430851936 5.463123500347137 58.62947480380535 46.86223825067282 35.96801813691854 0.1613004356622696 0.3780997097492218 0.4636770933866501 0 0 0 0.128307580947876 0.3474370762705803 0.6556607857346535 0 0.1654437482357025 0 9.990478523075581 0.3853400498628616 0.09189834445714951 0.3055370450019836 0 1.004838682711124 2.75341959297657 6.507649622857571 0 0 0.8533969521522522 11.46322018653154 0.1177388653159142 0 0.09301228076219559 0 0 0 0 0 105.8448958024383 18.74215919524431 0.1203128397464752 0.6015360802412033 0.3167356252670288 1.97081496566534 0.09497552365064621 0 1.574132099747658 4.281733378767967 2.141963079571724 0 1.040938422083855 0.70188307762146 0 0.4689316377043724 0.3707414492964745 0.324786514043808 0.2479880601167679 0 0 252.1328129842877 23.4511324763298 41.23716468364 263.8907989561558 7.082524284720421 122.3768742904067 28.86554840952158 583.3708164766431 13.85135724395514 0.2586815282702446 26.68116256594658 60.89452317357063 0.3864144682884216 4.32864236086607 2.169486969709396 116.4705386385322 2.053135842084885 0 1.028133600950241 7.823024518787861 1.501154661178589 975.4255556762218 163.879503980279
121.1910319775343 1393.949620053172 2594.792278885841 5.987958878278732 337.9990975484252 9.659121066331863 139.6840238198638 2246.522657312453 410.4170094430447 211.6219689697027 1269.476424857974 555.0822850614786 1529.998623989522 3324.780903801322 33.68249601125717 27.9586589038372 0.5334574729204178 0.8103372380137444 0.3532925993204117 2.584358274936676 12.10637523978949 0.9057290628552437 13.0728355422616 12.45291443169117 5.199367083609104 3.123421438038349 0.4031149744987488 0.778534397482872 2.339417167007923 0.3966857343912125 1073.164686627686 267.0265566892922 758.2445949092507 3.62161997705698 6.11175612360239 6.720674589276314 169.8685824424028 83.25929037481546 44.08344656974077 19.1140158623457 21.67130589485168 3.353101752698421 1.375412277877331 4.719594784080982 0.2993064746260643 1.756645791232586 162.7640065848827 7.437519997358322 2.656558468937874 4.537829011678696 8.222832754254341 2.029921501874924 1.152549989521503 1.292189590632915 2.194948203861713 3.627213884145021 19.41364020109177 78.56599684804678 11.3917520493269 29.04342831671238 3.743081130087376 18.73245672136545 2.717569082975388 65.45866224914789 5.655907444655895 8.169845655560493 2.935934528708458 11.03932940214872 41.34552083536983 9.761872202157974 101.7468831092119 5.851011976599693 0.517473042011261 119.3645818792284 65.70948109775782 125.8761687651277 104.9007331877947 50.41678377240896 37.88636204600334 1016.098042786121 7.986486710608006 28.35167718678713 12.35906980186701 0 6.031402766704559 7.8157749325037 8.886909388005733 0.07487015426158905 1.046089053153992 0 0.9773907288908958 1.582679763436317 53.81553316861391 14.89081160724163 5.724989049136639 51.47172119468451 8.89232425391674 0 16.67230050265789 24.78422726690769 2.967891298234463 0.6055415794253349 0.1161483973264694 0 0.6751412525773048 4.684809014201164 1.324028491973877 2.161837950348854 5.747305706143379 17.26217403262854 3.163849428296089 11.68876153975725 14.03838811814785 25.21719834208488 25.92875368893147 0.7892215251922607 0.2829934433102608 0 0 0 0 0 0.458791546523571 0 0.1236501708626747 1.895955190062523 0 4.037084370851517 0 0.5607498362660408 0.679820604622364 0.9406133890151978 0.8717670068144798 0.0984647274017334 2.673602968454361 1.22568541020155 0 0.4693085998296738 0.3524404242634773 21.91233787685633 5.022119536995888 28.45712124556303 30.32362224906683 22.52993624657393 0.5193832814693451 0.1542364507913589 0 0 0 0.2436469048261642 0.319828674197197 0.144890621304512 0.5927895903587341 0.09949340671300888 0.1729500517249107 1.087064757943153 8.415224745869637 3.224306866526604 0.1082412973046303 0.1025238409638405 0.1081428527832031 0.3667194694280624 0.8146053180098534 0.2847140431404114 0.1046412661671638 1.587528914213181 0.8829569071531296 4.997479617595673 0 0.2049165144562721 0 0.08054554462432861 0.1094108745455742 0.1036474853754044 0 0.1282525956630707 33.08438637107611 9.497052237391472 0.5141325891017914 0 0.4658007249236107 0.9727796241641045 0 0.8623600006103516 1.566311970353127 1.367406763136387 0.5469230115413666 0.8199353367090225 0.09298699349164963 0.08050685375928879 0 0 0.08694943785667419 0.1756581962108612 0.3018469884991646 0.203596830368042 0 41.50282433629036 20.55124101787806 30.03798914700747 367.1633094251156 27.68532165139914 258.5949928835034 69.64358666539192 104.4145654067397 27.64237604290247 1.628173440694809 28.68459379673004 14.73224123567343 1.036296375095844 3.6048294454813 1.749326139688492 11.12491538375616 1.070828467607498 0 1.368225887417793 24.29462253302336 0.9613587260246277 65.70797584950924 46.63745665550232
20.83703147619963 144.8831574246287 72.13676201552153 147.0644233077765 43.65365669876337 102.438462138176 309.3067797198892 21.33393033593893 39.15572644770145 2662.494571015239 555.0822850614786 72.84471493214369 1037.331505119801 641.7519248127937 18.65929731726646 19.28514999896288 0.9685692116618156 0.09040382504463196 0 0.2784181535243988 1.311818301677704 1.084149539470673 2.484357118606567 2.525412127375603 1.892558187246323 0 1.027078554034233 0.1542323976755142 1.673632189631462 0.4348427355289459 27.72057111561298 2.932223111391068 244.566616229713 0.6785487085580826 1.195849470794201 2.005741477012634 285.6841507703066 42.07645476609468 54.7642313465476 15.66309871524572 2.49971878528595 1.859410285949707 0.6466176509857178 3.478234380483627 0.1656960248947144 0.1064582392573357 49.25604516267776 1.254083767533302 0.4781568720936775 1.7277497574687 0.551348403096199 1.050865337252617 0.40228321403265 0.1329234391450882 0.3087162971496582 0.4068494886159897 3.567490935325623 2.635221488773823 0.299534909427166 3.10272104293108 0.4711983054876328 26.12499004602432 0.5033086687326431 4.504865735769272 0.2533034309744835 0.9371650889515877 0.267084114253521 1.180153861641884 7.440091483294964 2.1613390147686 272.7945922985673 5.340006709098816 0.2902803421020508 8.668162129819393 4.492770686745644 19.84913807362318 22.39296668022871 10.74089712649584 0.4292861968278885 36.57064136117697 1.319261200726032 12.24277777224779 1.378147318959236 0 0.5916406437754631 0.3197865337133408 3.13140856474638 0 0.2166382372379303 0 0 0.4552320688962936 7.282673366367817 1.388139382004738 2.029979199171066 713.4580512791872 29.98866671323776 0.5043820142745972 42.39390287548304 37.27842512726784 7.689531914889812 9.403357535600662 2.535108119249344 1.523597061634064 7.980647429823875 16.69446765631437 21.43369986861944 5.195405721664429 21.92925110459328 119.6125549450517 9.674131460487843 26.67926370352507 72.25153109431267 105.0733917057514 101.6391205638647 1.560955882072449 0.5646376833319664 0.2000137120485306 0.1615751087665558 0 0 0.1536042988300323 0.6266787871718407 0.3614984601736069 0 0.475451797246933 0 7.027294911444187 0 0.4734805449843407 0.8201125264167786 2.323147051036358 0.921100065112114 0.1253201365470886 9.594184555113316 5.267107680439949 0 3.042156547307968 1.338723286986351 69.51984062045813 13.01038853824139 75.73522061109543 51.10977239906788 37.62048678100109 0.1515055298805237 0.1356227993965149 0 1.005255848169327 0.7060971409082413 0.1020495966076851 0.6682054400444031 1.39430744946003 1.552037738263607 0.2525811269879341 0 0.3470813482999802 17.34308142215014 0.3080001920461655 0.2283806204795837 0 0.1119651049375534 1.439408354461193 3.38859648257494 3.009165808558464 0 2.60199336707592 0.6078001260757446 11.5019002482295 0 0 0.1462031751871109 0 0.1057489663362503 0 0.2186616212129593 0.4945573359727859 123.4543817937374 10.75179967284203 0.3314597457647324 0.6705147475004196 0.1553695946931839 2.121228009462357 0.4231298416852951 0.4766166508197784 1.600986056029797 4.36041697114706 2.100593835115433 0.8838387653231621 1.185832716524601 0.1058353632688522 0 0.1621778011322021 0.1263674050569534 0.1279626935720444 0.1943368017673492 0.1259406358003616 0.1322275400161743 218.0996241867542 40.78278656303883 52.78438964486122 188.8548569455743 6.340347602963448 58.23381315916777 24.96526573598385 72.75777108967304 5.292415507137775 1.84159517288208 10.18174160271883 30.00829052180052 0.4578738212585449 9.268537826836109 2.362102434039116 49.54085295647383 2.812276646494865 0 2.054253086447716 17.01724206656218 1.217844694852829 471.8501130267978 198.7132740318775
