425.9355462640524 2447.438572965562 827.6463286504149 1934.030486240983 71.04772306978703 35.43081456422806 221.8983158394694 203.2869954928756 12.20565382391214 392.4205957725644 171.1613184064627 51.20112553983927 70.90649733692408 307.7523359209299 9.066095866262913 4.111823037266731 1.790614567697048 0.3747500106692314 0 0.7874445915222168 1.715812429785728 0.1681794226169586 2.32802427560091 2.133090384304523 2.431829981505871 6.033283263444901 5.696331575512886 2.402107119560242 2.214746624231339 3.554267451167107 643.3335357904434 10.71819468587637 70.06047467887402 0 0.3457166999578476 1.126562930643559 26.03400579839945 5.337898664176464 6.905237697064877 5.022149085998535 2.366637706756592 3.982537768781185 0.3258388042449951 1.60661081969738 0.3869570195674896 0 65.2732010409236 10.59109453856945 2.065182812511921 1.565532758831978 2.369294986128807 0.730879008769989 0.3507988601922989 0.9970791339874268 13.0165805965662 10.71638365834951 342.2468381971121 598.5915735885501 71.72838199883699 41.66792473942041 1.123594872653484 8.337187767028809 0.3886760175228119 45.0926337018609 9.504143953323364 8.884196013212204 1.10433105379343 1.304782442748547 1.936077676713467 2.33782172948122 14.03790704905987 0.6935069262981415 0 474.1004526466131 40.23419266194105 51.07060035318136 17.80905274301767 8.245132900774479 19.77010671794415 167.6239622831345 5.597263462841511 14.95345449447632 38.35321383923292 0.9254181087017059 7.371215291321278 6.679637342691422 3.321016557514668 0.1166545525193214 1.756522282958031 0.4779821783304214 0.9230072200298309 1.458774127066135 7.062643133103848 3.57644284516573 0.9320384189486504 33.273377366364 1.413927100598812 0.1632456928491592 8.980626448988914 1328.296190060675 0 0.7419772148132324 0.3102450668811798 1.467705279588699 0.7315201163291931 3.618171185255051 0.5940482616424561 0 5.924842149019241 1.455102100968361 0.467149555683136 1.870540097355843 1.787424176931381 0.9462763071060181 0.7080011516809464 0 0 0 0 0 0 0 0 0 0 1.085379660129547 0 0.4600014016032219 0 0 0.1409936249256134 0.2164590060710907 0.1504295468330383 0.1268868297338486 0 0 0 1.134134992957115 0.1320517957210541 1.295201934874058 0.4840407893061638 0.9215474352240562 0.6917259246110916 0.4132178276777267 0.1769431233406067 0 0 0 0 0 0 0 0 0 0 0.5888567566871643 0.1969897747039795 1.462285250425339 0.2745506763458252 0 0.08446764200925827 0 0 0 0.1217933669686317 0.546996608376503 0.6529355347156525 0 0 0.450969785451889 0.3472420573234558 0 0 0 0 0.1172176972031593 2.079262182116508 0.4664148762822151 0 0.2679304927587509 0.2956249266862869 0 0 0.5054983496665955 0 0 0 0 0 0.1355828642845154 0 0 0 0 0.1504964083433151 0 0 1.538428843021393 0.7025914490222931 0.8811732232570648 66.35089205205441 6.857877217233181 164.0417796075344 23.61765456944704 574.8981388509274 7.041769810020924 0.619631290435791 0.5698251277208328 2.115979686379433 0.2400955706834793 0.6097349673509598 0 4.575305506587029 0 0 0 2.74031874537468 0.4277583956718445 143.234673038125 3.988452479243279
2447.438572965562 2674.320648364723 1464.169048316777 2292.297453939915 1382.913503319025 36.04966048896313 1623.176967650652 862.8197718113661 885.293202213943 2473.511554449797 2381.009572811425 528.2068868875504 1117.856708347797 2720.937528692186 15.38148057460785 7.116214022040367 1.889489479362965 1.291467368602753 0 0.5580874606966972 0.5144782662391663 0 0.6296406090259552 1.26072808355093 4.485211782157421 2.904599957168102 2.568470612168312 2.028322830796242 1.980314657092094 3.032944895327091 1311.125937700272 39.53721949458122 161.5829696804285 0.1174093261361122 0 1.826976075768471 53.72447656840086 8.655653707683086 15.72181424498558 4.161320082843304 1.832509562373161 1.489904329180717 0.7008914723992348 2.488440833985806 0.7103528454899788 0.152122750878334 179.9945411831141 23.51218475401402 4.380654230713844 1.660498812794685 2.412081450223923 0.4758241474628448 0 0.5325119346380234 19.06715457141399 18.91478545963764 170.9325616285205 293.7238949984312 59.80786100775003 74.96323846280575 0.6085443198680878 19.80450813472271 0.1255772560834885 180.0110862627625 20.16016285121441 16.8270518258214 1.914245814085007 3.175502926111221 3.744946658611298 0.7681700587272644 56.67546498030424 10.68790339678526 0.3082447946071625 627.4671334773302 162.784849755466 136.828440785408 93.18975501507521 13.17247091978788 7.387005880475044 220.2544045448303 4.139997854828835 15.77888255566359 53.08772248029709 1.141192145645618 14.36416797339916 16.1066877618432 6.242051675915718 0.4886878877878189 4.444059588015079 0.2529945597052574 2.077122077345848 0.6262904033064842 6.873948201537132 3.090829350054264 0.8222178071737289 37.11525529623032 3.911390535533428 0.5019000172615051 18.26834220439196 945.9562729597092 1.062121152877808 1.199097767472267 4.258736327290535 1.821059368550777 4.03844179213047 30.10776926577091 1.362582594156265 2.912092216312885 48.80199289321899 8.726044565439224 3.434016160666943 14.2274663746357 15.61456862837076 8.85397182404995 13.09487061947584 0 0.6400022953748703 0 0 0 0 0 0 0 0 0.2149333953857422 0.1319559067487717 0.6800853759050369 0 0 1.590132728219032 0.6557449847459793 0 0 1.755797863006592 2.071870028972626 0 2.594623759388924 1.919506996870041 29.21634743362665 4.60377211868763 19.88291568309069 6.154925838112831 0.7582331523299217 0.1685269623994827 0.1608473360538483 0.25485710054636 0 0.2530064582824707 1.485933274030685 0 0.4255953729152679 1.748891778290272 0 0 0.1395327001810074 0.6867956072092056 0.2296193167567253 0.1119940504431725 0 0.4110962450504303 0 0 0 1.369813859462738 8.40176422894001 16.92300993949175 0.293857604265213 0 0 0.3617459535598755 0.1142565906047821 0 0 0.1222769394516945 0 12.28407074511051 0.5250404924154282 0 0 0.1118572428822517 1.430651634931564 4.158619567751884 2.704506561160088 0.9378210008144379 0.5491292849183083 0.1222351044416428 0 0.309698611497879 0.09715127944946289 0 0.1334623992443085 0 0.2797889560461044 0.2464881613850594 0.3263766914606094 0 12.91801720112562 9.973240822553635 13.69667915999889 234.3641637340188 12.99048916250467 693.1339968070388 96.27170240134001 456.7686230316758 78.21757305413485 1.261872261762619 20.48792041093111 15.4721364825964 0 3.422914370894432 2.082103043794632 28.9887335896492 0.6651478707790375 0 0 6.339502565562725 2.19009655714035 120.0052919238806 23.13323546200991
827.6463286504149 1464.169048316777 1504.385152988136 392.7651456072927 826.2552428022027 2.840304374694824 134.2492412477732 3260.717356234789 501.9569567665458 56.39014226943254 2272.635608404875 13.43238344043493 106.3419850468636 1121.031051144004 21.62475640326738 10.48222653567791 2.049782514572144 3.630069904029369 0.1222942546010017 0.8498649969696999 7.854327544569969 0.9682247936725616 2.760716274380684 5.557686001062393 6.60774190723896 8.546255178749561 10.32723713666201 4.88621561229229 3.331222489476204 6.80422542989254 3826.100197084248 624.7565065696836 157.8005849942565 0.1335413306951523 0.5484758168458939 4.861654169857502 46.26156819611788 16.89845462888479 26.04114417731762 5.528617799282074 5.618617616593838 6.91465475410223 5.030099339783192 3.399882599711418 0.6877994239330292 1.31125333160162 104.8008451163769 13.87336257100105 3.092982314527035 6.678471103310585 5.358154527842999 0.2897903919219971 0.2230344265699387 1.004678145051003 10.13510093837976 11.2030211314559 188.2920465692878 413.1194685250521 58.91929310560226 43.02434780448675 12.37130183726549 24.89297766238451 1.603583335876465 532.3675045892596 10.18797340244055 14.44606144726276 3.64439582824707 5.86690254509449 17.41359909623861 11.40918282419443 23.22458426654339 1.507699355483055 0.2383796349167824 472.4782646745443 107.7124077603221 88.61573075503111 70.24254202842712 28.09375769644976 181.4390802532434 919.6499034613371 43.2327928468585 131.8242881819606 31.74876350909472 0.4740846306085587 11.41270725429058 11.29107131808996 6.070121221244335 0.3236895427107811 1.388061821460724 0.1994741633534431 2.796255856752396 0.3228385075926781 46.6007684096694 11.77166249603033 4.094733066856861 7.739662691950798 1.798457272350788 0 18.5053411796689 239.9545314908028 0.1444039791822433 0 1.30917626619339 0.7838777154684067 0.2522862106561661 2.646058157086372 0 0 1.547550097107887 0.7820117622613907 0.5881549045443535 1.950871489942074 1.933066219091415 0.5860468968749046 3.974343352019787 0 0.1217049732804298 0 0 0 0 0 0 0 0.1055870801210403 0.8457744568586349 0 0.2042631506919861 0 0 0.3772456049919128 0.1611303836107254 0 0 0.1518422216176987 0.934272974729538 1.163026809692383 0.6576912254095078 0.1765262931585312 6.017520524561405 2.282237201929092 5.188158124685287 2.337287954986095 1.178709506988525 0.1908890306949615 0.1480784714221954 0.1358833163976669 0 0.1992896795272827 0.1066359803080559 0 0.5840488076210022 0.4104759246110916 0 0 0.1397233903408051 0.7624127045273781 0.8069031536579132 0.292992889881134 0 0.1021459475159645 0 0 0 1.386417150497437 2.891766399145126 1.947492256760597 0 0 0.09186409413814545 0 0 0.1693888306617737 0.1130134761333466 0.128771498799324 0 2.99225115031004 1.443497352302074 0.5187647789716721 0 0.3838984966278076 0 0 0 0 0 0.1619040966033936 0 0 0 0 0 0 0.1267760396003723 0.08803074061870575 0 0 2.735061772167683 2.116694368422031 2.929822064936161 119.2688574120402 10.689044944942 335.7848736569285 49.94849283993244 142.5041343048215 31.30475790053606 0.424704797565937 6.122857742011547 4.605999745428562 0.2197403386235237 0.9515196532011032 0.2660838812589645 2.534798890352249 0 0 0 5.531180314719677 0.7300686463713646 34.18668207526207 5.186695381999016
1934.030486240983 2292.297453939915 392.7651456072927 351.520512111485 52.03953082859516 490.0259922593832 795.4895611703396 8.615232579410076 2.720413237810135 2482.558225020766 18.97417330741882 1055.0057618469 676.0322789698839 65.79189400374889 1.484423033893108 0.5335487574338913 0.5911664888262749 0.4582582116127014 0 0.3903917074203491 0.179070919752121 0 0 0 0.2627253383398056 0.234629862010479 0 0.1435859352350235 0 0 106.0499371737242 7.530974648892879 5.916317202150822 0 0 0 1.926606066524982 0.645969346165657 0.6299094259738922 0 0 0 0 0.5635756254196167 0 0 33.07290142774582 7.11130154132843 1.996299862861633 0.6656807139515877 0.09920749068260193 1.22209233045578 0 0 6.385210178792477 4.76565370708704 127.874845020473 52.44894434511662 18.28571134060621 18.3071531355381 0 1.737180292606354 0.102960430085659 44.75719002634287 5.387847363948822 3.919467478990555 0.7700115963816643 0.4465605095028877 0.09027605503797531 0.1890250444412231 6.417940869927406 2.027485549449921 0.2180142998695374 185.1965231746435 31.53150729089975 31.65099813789129 13.78407350182533 2.318143784999847 1.107497818768024 4.183855481445789 0.1374204307794571 0.6576395332813263 17.03975194692612 0.2876474931836128 4.264541655778885 3.066400542855263 1.66072791069746 0 1.279837489128113 0 0.8158959969878197 0.3379523754119873 0.5220429003238678 0.4903294071555138 0.2483185902237892 26.0808182656765 0.658189669251442 0.1571597307920456 1.197174720466137 1095.096693709493 0 1.789241850376129 7.617766380310059 0.8937116265296936 1.645564079284668 39.30910566449165 0.7956825196743011 1.944109424948692 31.87551289796829 5.660330533981323 0.5731138288974762 27.82656344771385 20.61777897179127 7.932894721627235 1.862113207578659 0 0 0 0 0 0 0 0 0 0 0 0 0.1249092668294907 0 0 0 0.149665355682373 0 0 0.6899793148040771 0.9727538675069809 0 0 0 5.418718911707401 0 1.349122628569603 0.1012487187981606 0 0 0 0 0 0 0 0 0 0 0 0 0 0 0.1880149692296982 0 0 0 0.2693473994731903 0 0.7765475511550903 0 1.963246554136276 0.7148991078138351 0 0 0 0 0 0 0 0 0.1081455871462822 1.703401625156403 0 0 0 0 1.21225480735302 1.537994235754013 0.4356806874275208 0 0.4419939517974854 0 0 0 0 0.1903995871543884 0 0 0.1615558415651321 0 0 0 3.284899070858955 0.4942006468772888 0.2820198237895966 68.02933552861214 5.372618354856968 92.86639682948589 6.812568560242653 813.7124889642 4.793988071382046 0.2474665939807892 0.8217691630125046 5.836281284689903 0 0 0.3280680477619171 21.96859005093575 0.3393333256244659 0 0 0.6962282061576843 0 145.580113209784 4.239855945110321
71.04772306978703 1382.913503319025 826.2552428022027 52.03953082859516 2531.442694589496 1.007622927427292 668.8776677399874 414.4934408441186 4530.113541781902 119.8307338282466 2869.716546647251 52.70091898739338 240.8058833703399 1384.442328378558 7.300524652004242 1.910818703472614 0.4182866737246513 0.1428052335977554 0 0.1309931576251984 0.18647800385952 0 0 0.53121218085289 0.678779274225235 0.1876820921897888 0 0 0.4004081189632416 0.3657419830560684 83.09704724699259 19.89664623886347 40.57451924681664 0 0 0.5223767310380936 18.11973757296801 0.1658817082643509 2.518695838749409 0 0.2306454628705978 0 0.7466096207499504 0.6256838664412498 0.2536439225077629 0.1440289318561554 86.87266691029072 4.857864990830421 0.975555919110775 0.9392852038145065 0.5348129421472549 0 0.1780900657176971 0.1349677443504333 4.009697087109089 4.048022352159023 12.07376409322023 32.11960046738386 6.624360583722591 18.09030906111002 0.7933538258075714 8.036816850304604 0 54.00651573389769 3.327910639345646 5.304790280759335 0.111178420484066 0.453092984855175 1.253680258989334 0.8995311856269836 30.50401675701141 6.432977885007858 0 101.2106311544776 57.49297899752855 45.98396613448858 47.05476044118404 5.4036965072155 2.495038591325283 19.44985395669937 1.040340207517147 3.823662184178829 12.37823962420225 0 3.234401911497116 4.110251255333424 2.085328981280327 0 1.130188092589378 0.09681031107902527 0.6997152119874954 0.9653817340731621 2.253747582435608 1.204250410199165 0.1859736144542694 32.30630539357662 0.5265048891305923 0 5.594169870018959 6.59685030579567 0.2117119580507278 0.299174964427948 1.070397153496742 0.4881082773208618 4.241130962967873 7.758141599595547 1.363722652196884 1.414334118366241 5.274366766214371 6.526465967297554 2.63946358859539 12.19227543473244 11.50041412562132 7.139182113111019 9.882740437984467 0.1833445429801941 0.1382202655076981 0 0 0 0 0.2783337235450745 0 0 0 0 0 0.225897952914238 0.2833221852779388 0 0 0 0.1875083744525909 0 0.9053892940282822 2.144776582717896 0 1.557992517948151 0 28.43997666984797 2.100476175546646 17.74772261083126 3.150431856513023 0.08893889933824539 0 0.7753947973251343 0.1450297981500626 0 0.2889038622379303 0.875009760260582 0 0 0.1767518222332001 0 0 0.1600725203752518 0 0 0 0 0 0 0 0.4228632748126984 1.087206661701202 2.136754170060158 7.593868762254715 0.6045171618461609 0 0 0 0 0 0 0 0 12.93912446498871 0.6793761849403381 0 0 0 2.183081790804863 0.2964290380477905 2.844746202230453 1.800809741020203 1.631192058324814 0.4061304181814194 0.4055275619029999 0 0 0 0 0 0 0.3870666027069092 0 0 12.38259786367416 5.905880466103554 9.201385498046875 192.2763661518693 4.986055478453636 334.8825588524342 57.07908003777266 145.8636441901326 50.63202019780874 0.186505451798439 19.18676123023033 12.97859163582325 0.14344322681427 7.355923011898994 2.148188665509224 18.52457113564014 0 0 0 4.262300193309784 1.216697067022324 57.99830442667007 17.11977577209473
35.43081456422806 36.04966048896313 2.840304374694824 490.0259922593832 1.007622927427292 4.79988420009613 14.25293143093586 0.5796539932489395 1.229225277900696 310.085066691041 0.1813944429159164 72.57194630801678 40.06026196479797 5.548377454280853 0 0 0 0 0 0 0 0.9031906723976135 0 0 0.2097457647323608 0 0 0 0.6055722385644913 0 5.836512178182602 0 7.157714650034904 0 0 0 12.79951097071171 0.5125800669193268 3.144132897257805 0.4009182155132294 0 0 0 0 0 0 0.1112417131662369 0 0 0 0 5.151135355234146 0.9437982141971588 0 0 0.8737537711858749 238.661266669631 3.846078410744667 7.057982325553894 1.041952610015869 0.1828482896089554 0 0 0 0 0 0 0 0 0 100.7729006111622 110.9787038564682 12.23920458555222 3.292458802461624 0 0 0 0 0 0.1287861764431 0 0 0.4413383901119232 3.956260152161121 0.1118062362074852 1.189324133098125 0.1507963985204697 5.369159065186977 1.484604999423027 13.39066086709499 0.1355899125337601 1.217235594987869 0 0.2215017378330231 0 147.5127868801355 83.32177585363388 12.28615599870682 39.80169100314379 454.1139846742153 0 0 1.761012494564056 5.678037196397781 0.7533776760101318 4.29417859017849 2.650489881634712 1.641305938363075 13.65288798511028 10.10075299441814 0.8680208325386047 5.10759973526001 12.11534015834332 1.962747156620026 3.794172704219818 0 0 0 0 0 0 0 0 0 0 0 0 0 0 0 0 0 0 0 1.059388220310211 0.5448038578033447 0 0 0 3.538650676608086 0 2.556862883269787 0.4310095906257629 0 0 0 0 0 0 0 0 0 0 0 0 0.5145643204450607 0 0.311899721622467 0 0 0 0 0 0 0 0 1.25632706284523 0 0 0 0.1138123869895935 0.1839532256126404 0.1054949834942818 0 0.1902781575918198 0 4.2789106965065 0 0 0.3375655710697174 0.4802250117063522 0.3475464880466461 0 1.006648689508438 0 0 0 0 0 0.09807363897562027 0 0 0 0 0.6751469522714615 0.1525053530931473 0 8.141981437802315 1.074150279164314 0.6083233803510666 64.29153816401958 1.807462677359581 0.6420248597860336 0 174.812997892499 1.302565097808838 0 0 10.49283355474472 0 0.3514820784330368 0 43.73616546392441 0 0 0 0 0.3120835721492767 117.3358518928289 12.67979383468628
221.8983158394694 1623.176967650652 134.2492412477732 795.4895611703396 668.8776677399874 14.25293143093586 872.6811530590057 84.70752669125795 1800.403595499694 3525.104163460433 380.5305838882923 1573.526799082756 4543.284941025078 3430.769782409072 11.98362675309181 4.817614689469337 0.6539251878857613 0.5211944133043289 0.1460557281970978 0 0.2808284312486649 0 0 0.4269848018884659 0.5482710897922516 2.026098102331161 1.079654857516289 0.136204719543457 0.410915344953537 1.481031507253647 94.66682977974415 10.82154729217291 84.18213434517384 0.3454981297254562 0 0.7561885416507721 37.67795938253403 3.649667844176292 5.047375604510307 0.1360181868076324 0.7899513989686966 1.663895912468433 0.3046093583106995 1.218381516635418 0.9366710260510445 0.1187600940465927 83.55882371217012 8.027644880115986 1.603119947016239 1.155259862542152 0.3680843114852905 0 0 0.5055782049894333 4.642229057848454 5.624001532793045 21.43179930001497 35.95498596131802 8.364094570279121 24.97286467254162 1.678421705961227 13.33234719932079 0 52.34501408785582 5.165996134281158 5.976711489260197 0.3265465050935745 1.488804087042809 1.292666606605053 1.057435058057308 65.19386690855026 10.4776973426342 0 136.7539843842387 61.05329988896847 61.02267070859671 43.01041536033154 9.631948195397854 1.853153482079506 15.83289401978254 0.8691009879112244 2.77847695350647 17.63964521884918 0.3398199826478958 5.758781276643276 4.365840204060078 1.682972282171249 0 1.318529427051544 0 0.662679985165596 0.7081951946020126 2.25529370456934 1.134852945804596 0.9026323556900024 107.1699810773134 8.630808711051941 0.1665631830692291 9.929481819272041 31.12027153372765 1.352954484522343 5.12602175027132 141.8944027200341 40.56647408008575 20.02817575633526 91.17189559340477 12.07198940217495 104.9557785093784 146.3268009871244 64.01394329220057 6.968323692679405 331.2002933770418 63.89549557864666 36.83307731151581 20.71886407583952 0.3734322637319565 0.698111891746521 0 0 0 0 0.3104277849197388 0 0 0.4623621106147766 0 0 1.316606774926186 0.2974541485309601 0.5519165396690369 0.2851971089839935 0 0.7141276597976685 0.2686878144741058 4.400713205337524 3.417462363839149 0 3.898209273815155 0 46.61482464522123 7.526705473661423 29.949318818748 7.849046744406223 0.5974331647157669 0 0 0 0 0.9346248283982277 0.6335674375295639 0 1.548777252435684 2.702899813652039 0 0.08254977315664291 0 0.4406575709581375 0 0.3507034927606583 0.1951219663023949 0.09917658567428589 0.8354553878307343 1.895776346325874 1.421079158782959 1.827286392450333 3.982069879770279 24.38484969735146 1.364187389612198 0.2231947556138039 0.2079541906714439 0.4400253891944885 0 0 0 0 0 28.25511188805103 0.7253694385290146 0 0 0 6.583310440182686 3.122666612267494 5.879511818289757 3.84148482978344 1.981227345764637 2.943089097738266 0.7726122513413429 0.3856485038995743 0.4262957274913788 0 0 0 0 0.1274401396512985 0 0 31.45942161977291 18.72313623130322 16.17771746963263 251.330909229815 9.135588958859444 354.5900094285607 65.48299952596426 186.6007316187024 51.24941128492355 0.8224018663167953 17.94019795209169 24.89235085994005 1.107658237218857 18.83207716792822 3.918948203325272 37.01274453103542 3.310757495462894 0.3348415791988373 0.2427775114774704 13.34849821031094 0.7093021273612976 125.5586585924029 41.79656591266394
203.2869954928756 862.8197718113661 3260.717356234789 8.615232579410076 414.4934408441186 0.5796539932489395 84.70752669125795 1981.14250665158 408.5400489345193 2.39388232678175 1223.157955154777 12.23359706997871 166.8164614513516 1262.417491696775 32.53155252337456 23.74197157472372 3.121454797685146 5.833452001214027 0.2356340885162354 4.08874923735857 22.91389410942793 1.332798823714256 7.768056064844131 10.76136294007301 16.45317934453487 23.5565984249115 23.59345032274723 10.77981736510992 6.83346376568079 20.37900256365538 1724.233524918556 872.2074769884348 332.1211756691337 1.249092921614647 2.108285956084728 13.90085078775883 82.53593063354492 40.30930664390326 45.72942967712879 14.29199597239494 16.56205753237009 17.17994323372841 12.34046689420938 11.68245530128479 3.093227162957191 4.690973982214928 104.7629554048181 7.342966243624687 2.614711865782738 15.16070172935724 9.193737886846066 0.9428049325942993 0.9697114080190659 2.440068557858467 4.038840547204018 2.569572411477566 51.21345128118992 118.2865979671478 19.59556397050619 25.23924490064383 70.70719821751118 84.82479248940945 4.727074019610882 280.1838428452611 5.281284481287003 10.66692155599594 6.650218740105629 10.89138360321522 49.12437126785517 43.27439048141241 37.23865827172995 4.216969028115273 1.021459475159645 179.1019581705332 90.20738131552935 76.89402602612972 107.175273001194 108.3813112899661 774.4602797329426 4072.163400106132 268.1304292082787 833.5052978992462 12.72288985550404 0.6127470433712006 7.022699765861034 8.867412962019444 6.321534112095833 0 2.399227552115917 0.7284272685647011 5.62487069517374 2.655100591480732 159.7172331288457 27.10380493849516 9.430484600365162 4.987080410122871 1.322987422347069 0 34.08492447435856 67.316764742136 0.1105970665812492 0 0.4204902052879333 0 0.9765360057353973 1.06595940887928 0 0 0.1524134427309036 0.8018680959939957 0.3300926387310028 1.281749472022057 1.125529423356056 0.9907081872224808 1.700673937797546 0 0 0 0.2734826654195786 0 0 0 0 0.1069438681006432 0 1.321506597101688 0 1.068083234131336 0 0.1025736033916473 0.7068685963749886 0.2431405037641525 0.4334350079298019 0 0 0.3439200222492218 0 0.35324776917696 0.245465874671936 3.530294097959995 1.47981882840395 2.112747237086296 2.757531300187111 0.9129415079951286 0.3524094820022583 0.1743060648441315 0 0 0.1380409151315689 0.1052983030676842 0.3163720220327377 0 0 0 0 0.633748933672905 2.29693815857172 1.585822850465775 0 0 0 0 0 0 0.4094381108880043 2.048009008169174 1.355258271098137 0 0 0 0.1902430355548859 0 0.1108056902885437 0.5114062279462814 0.1885985285043716 0.3269021511077881 1.65000955760479 0.9849773645401001 0.2811679393053055 0 1.749347217381001 0.6705456972122192 0.7729825600981712 0.1831977963447571 0 0 0 0 0 0 0 0 0.2240259796380997 0.7640122622251511 1.539092421531677 1.014021128416061 0 0.8312785774469376 1.105659164488316 3.048874273896217 154.7668627128005 15.6341355368495 279.5096792057157 63.06589607149363 43.78807028383017 22.04210948944092 0.3583825975656509 4.439213462173939 3.406856045126915 0.9367404654622078 0.8285746499896049 0.4031874388456345 1.511949583888054 0 0 0 9.970908150076866 0.2891034483909607 10.99663008749485 4.832747355103493
12.20565382391214 885.293202213943 501.9569567665458 2.720413237810135 4530.113541781902 1.229225277900696 1800.403595499694 408.5400489345193 721.0774129331112 103.3790879100561 1880.528814814985 81.80418376624584 1135.65394218266 879.4217395856977 10.08716330677271 4.355497345328331 0.6883992776274681 0.7362655624747276 0 0.203126460313797 0.8852907419204712 0 0.3317305892705917 0.7461236268281937 1.123883105814457 0 1.117878749966621 0.7786556333303452 0.2954896688461304 0.680528961122036 47.51120914518833 17.05444671213627 84.51541959494352 0 0.2293252944946289 0.4813163429498672 22.8791606798768 3.300049334764481 5.107019521296024 0.8872421979904175 1.069068647921085 0.7092439383268356 0.7386433780193329 1.342743225395679 0 0.5191337466239929 67.16345878690481 3.535381220281124 0.7601929679512978 1.08689920604229 0.6214441582560539 0 0.3595349341630936 0 2.257766470313072 1.94856271892786 5.816129706799984 12.12370898574591 1.452590122818947 10.51408705860376 1.93308188021183 4.763109028339386 0.09817696362733841 21.52971902489662 2.031338572502136 2.503268904983997 0.3368992805480957 0.1751210987567902 1.797088481485844 0.2750254571437836 35.78067038953304 3.597144410014153 0 49.17595648020506 28.83211771398783 36.74470197409391 31.71078782528639 7.349685296416283 3.235452219843864 75.36342830955982 2.308352991938591 5.800298020243645 6.960113018751144 0.2263530418276787 3.161753691732883 2.632008947432041 1.252568982541561 0 0.9960599318146706 0.1101798340678215 0.4356946125626564 0.3577369749546051 6.077936433255672 1.669980637729168 0.8912479281425476 40.78112310171127 0.8522078543901443 0 7.939818799495697 3.337337344884872 0.1316027939319611 1.263109773397446 3.812211133539677 0.4624934196472168 3.041986361145973 6.858494326472282 1.261143058538437 1.657945930957794 6.503730118274689 8.443998113274574 2.078903771936893 9.236310169100761 17.6841087937355 5.967508591711521 11.06710635125637 0 0 0 0 0 0 0 0 0 0 0 0 1.074572488665581 0.7717800736427307 0 0 0.3419785797595978 0 0 1.211176320910454 4.275313228368759 0 1.089078336954117 0 22.47278299927711 3.339868851006031 15.06820049136877 3.646406792104244 1.180911585688591 0 0 0 0 0 0.3453135788440704 0 0 0.9770200699567795 0 0 0.1080612987279892 0.6188836097717285 0 0 0 0 0.3164507746696472 0.5157732963562012 0.1410187780857086 0.2344306856393814 5.281460925936699 8.1217992156744 0.8296637833118439 0 0 0 0 0 0 0.4634085297584534 0 8.877472043037415 1.675223588943481 0 0 0 2.874827355146408 1.98368975520134 2.024717077612877 0.4267765283584595 0.1236347779631615 0.7893354594707489 0 0 0 0 0 0 0 0.2265454977750778 0.09098616987466812 0 11.32621836662292 5.995138958096504 8.093093365430832 201.8813209012151 3.826498307287693 241.1272802501917 46.80336136370897 86.47117123007774 39.19172444939613 0.7413291037082672 11.61354523897171 9.186054766178131 0 4.207336232066154 1.819250345230103 15.81012025475502 0 0 0 7.580818086862564 0.4350817054510117 52.4765550121665 17.97639758884907
392.4205957725644 2473.511554449797 56.39014226943254 2482.558225020766 119.8307338282466 310.085066691041 3525.104163460433 2.39388232678175 103.3790879100561 3541.390169605613 36.85376800596714 4436.098172850907 3705.324701420963 151.3877773061395 3.654728554189205 0.7173294201493263 0.1070621758699417 0 0.1687201708555222 0 0.3707479238510132 0.1368132382631302 0 0.2995499968528748 0.3805760741233826 0.2698385417461395 0 0.1918764114379883 0.1983926147222519 0.9872154146432877 53.99476569145918 3.356623895466328 139.9364061430097 0 0 3.354145646095276 116.4936612099409 2.427338317036629 7.6046162545681 0.841616615653038 0 0 0.2874218225479126 0 0 0.1950835287570953 27.4075515717268 2.054209724068642 0.6996643170714378 0.5770179480314255 0.3227075934410095 1.042904734611511 0 0 4.61922138184309 2.032031789422035 78.1277292445302 26.15489816665649 9.468866385519505 12.59727583825588 0.1172702312469482 6.871372207999229 0 27.80111324042082 2.795717418193817 2.390581898391247 0.5442198067903519 0.6750386133790016 0.9079914018511772 0 308.5834446102381 16.748998939991 2.576036773622036 82.11215177178383 20.79114090651274 20.06294291466475 10.25038710236549 2.835147902369499 0.8842639178037643 5.038379117846489 0.233509749174118 0.7867099493741989 13.33595015108585 0.6313091516494751 1.762095972895622 2.642185792326927 0.3466141447424889 1.379924535751343 1.137636452913284 1.766401723027229 0.8238466084003448 0.5046683698892593 0.1649887412786484 0.4662389680743217 0 665.8980842232704 54.4811881929636 2.404924690723419 35.62513671815395 394.2815404087305 1.184555001556873 20.27402700483799 31.69343934208155 70.75082509219646 18.4928445070982 231.5905500873923 12.31402739882469 16.62375956773758 166.7424991652369 99.85122419893742 13.70024020969868 130.9106556251645 139.4884773939848 83.00941241532564 37.22588920593262 0.1992701590061188 0.3298967778682709 0 0.137023001909256 0.1172981411218643 0 0 0.2316581010818481 0 0 0 0 0.9634015411138535 0.5834413170814514 0 0.3841949999332428 0 0.1493362486362457 0 5.478397324681282 4.061712503433228 0 1.497583031654358 0 69.25583747029305 2.916542679071426 26.54603916406631 5.283718891441822 2.916440114378929 0 0 0.1458910256624222 0 0 0.1382891684770584 0 0.9651798009872437 0.6970577389001846 0 0 0 1.695929691195488 0 0.2103167772293091 0 0 0.1961066573858261 0.3839642554521561 3.560226306319237 1.757748246192932 4.364573039114475 21.88257775455713 0 0 0.4728160202503204 0 0 0 0 0.131231814622879 0 42.75032934546471 1.012471660971642 0.1830677390098572 0.1520997136831284 0.4393243044614792 3.706601664423943 2.794700399041176 3.881912216544151 1.058901652693748 0.5667025744915009 0.3858495354652405 0 0 0.186460867524147 0 0 0 0 0.2119417861104012 0 0 74.42005264014006 11.52282050251961 13.81016705185175 318.3233303725719 2.400149583816528 100.4347148239613 17.27490512281656 806.6059815138578 18.22165044397116 3.45055365562439 3.082863077521324 50.44836159050465 0.6379309892654419 7.215051062405109 2.715363278985023 187.1093465015292 1.148727476596832 3.893729686737061 0 3.101587921380997 0 511.6429606154561 97.495455250144
171.1613184064627 2381.009572811425 2272.635608404875 18.97417330741882 2869.716546647251 0.1813944429159164 380.5305838882923 1223.157955154777 1880.528814814985 36.85376800596714 1852.932917580009 126.2328991666436 936.839935362339 2889.643080018461 28.55170653015375 14.22867330908775 2.462168753147125 1.165663868188858 0 0.8988084644079208 2.375954307615757 0.9286734908819199 3.712982326745987 4.300675958395004 19.04880182445049 6.765864618122578 16.63538692891598 5.07614541053772 9.806232817471027 11.62168002128601 351.3437202945352 80.29223323613405 1108.05071207881 0 1.032131031155586 16.88178104162216 302.5630151405931 56.42142787575722 75.55962190032005 15.50736843794584 3.448274582624435 9.989764958620071 1.140425145626068 4.63656010478735 0.4156473278999329 0.1103428229689598 99.10676286369562 4.586448565125465 1.604783646762371 3.618712544441223 1.062907382845879 2.360374048352242 1.002845890820026 2.354242980480194 4.586951695382595 3.411540023982525 17.96169643849134 34.36779122054577 9.7952521443367 19.44863907247782 2.195549227297306 135.8373989835382 0.5624477863311768 69.02773962169886 3.173881568014622 5.106812432408333 1.515750557184219 2.993256248533726 5.85841428488493 4.457578606903553 125.2994837090373 4.198196344077587 0.1405880749225616 97.2096269801259 55.27492691576481 57.5841401591897 61.79804925620556 17.0664918795228 17.19634424895048 1213.028342679143 6.526508688926697 119.1485033780336 9.921982161700726 0.2335917130112648 3.691050350666046 3.280538447201252 2.800923094153404 0.1299083232879639 1.329051874577999 0.1043302491307259 1.190991163253784 0.1240075752139091 19.58970567584038 8.535360090434551 6.376217931509018 31.9416755437851 2.771036803722382 0.30760857462883 62.07506754994392 30.47432161867619 0.1389791965484619 0 2.364349164068699 0.9051076322793961 1.51946496963501 1.736505165696144 0.6914262771606445 0.1411573886871338 3.879991233348846 1.133790090680122 2.020283810794353 6.103878311812878 6.513366617262363 3.623689360916615 6.647613659501076 0 0 0 0.3254056870937347 0 0 0 0 0.3084878325462341 0 0.3791210502386093 0.4223867356777191 0.3691107034683228 0 0.47817263007164 0.1760137677192688 0.6615220308303833 0.9912063032388687 0.1288213431835175 0.2260181233286858 0.5825978666543961 0 0.9064691588282585 0.3572829142212868 10.79143658280373 2.86731830239296 9.752533994615078 6.310245469212532 1.911110907793045 0.417815312743187 0 0.3540755212306976 0 0.1178921684622765 0.09789635241031647 0.2984744906425476 0 0 0.3051451742649078 0 1.236450597643852 0.8900903761386871 1.252074435353279 0 0 0 0 0 0 0.2767946571111679 2.861206412315369 5.804122090339661 0 0 0.1002342849969864 0 0 0 0 0 0 7.025085762143135 2.037709675729275 0.2450325489044189 0 1.326982647180557 1.326736517250538 0.8103314936161041 0.3912602961063385 0.6807834357023239 0 0.4870967864990234 0 0 0 0.1126656159758568 0 0 0 0.5200704783201218 0.1289659887552261 0 3.8370281457901 2.959488987922668 6.04221348464489 243.6914817765355 9.543471992015839 354.1639174446464 70.80733009427786 108.0858377590775 46.16467109322548 0.7710826694965363 12.94563426077366 5.223027981817722 0 4.104412995278835 0.5585809051990509 6.600656375288963 0.4425195008516312 0 0 13.73331515491009 0.7198312431573868 24.50599383562803 16.46476572751999
51.20112553983927 528.2068868875504 13.43238344043493 1055.0057618469 52.70091898739338 72.57194630801678 1573.526799082756 12.23359706997871 81.80418376624584 4436.098172850907 126.2328991666436 646.9519306719303 2667.642516151071 233.2873353809118 11.78626492619514 8.820634238421917 1.644419014453888 0.7412532716989517 0 0.1201578080654144 1.030671112239361 0.4607625901699066 0.8930229246616364 0.582127571105957 5.12994059920311 1.480677872896194 3.600739881396294 1.436825379729271 1.273356392979622 3.062148839235306 13.84818056225777 4.245813772082329 248.4266740977764 0 0 1.685883641242981 228.2094865068793 23.21551413089037 34.93856896460056 4.131397016346455 1.032210662961006 1.987391635775566 0 2.505147151648998 0 0.6038134917616844 41.13652764260769 1.455342546105385 0.7619220018386841 2.320010408759117 0.1228707507252693 1.598379395902157 1.254693746566772 1.377796426415443 0.7305769473314285 0.6577759757637978 12.02442295849323 5.336702384054661 1.441383175551891 5.127072356641293 0.2586484476923943 18.74336448311806 0.1645745187997818 9.327201388776302 1.122487880289555 0.7321325317025185 0.1116756573319435 0.2120305299758911 1.380883306264877 0.3467648178339005 267.3249511271715 12.23279111087322 0.5269392430782318 26.13139317184687 12.12206529080868 20.20627808570862 14.0867625772953 7.384185969829559 1.111856535077095 11.53770213574171 1.197351485490799 5.324213340878487 2.425180740654469 0 1.469234235584736 0.8300032913684845 0.6075189411640167 0.3184742033481598 0.1061761379241943 0.8091990053653717 0.3231061175465584 0.2349761575460434 5.766466394066811 2.440138533711433 1.107899785041809 984.9735179468989 35.04969893395901 1.109275221824646 80.21042562276125 43.61900932341814 0.5904748439788818 5.279592707753181 18.34958869218826 8.633652977645397 10.95659903436899 59.84943614155054 5.104284971952438 12.50217770040035 37.95597456395626 51.79413130879402 11.14089326560497 48.19182816147804 82.42146592587233 32.4748957529664 39.49806006252766 0.989824965596199 0.684276819229126 0.440269947052002 0 0 0 0.5646077990531921 1.421254098415375 0 0 0.6535602584481239 0 1.639486253261566 0 0.1706221699714661 0.9450370669364929 0.2621418386697769 0.6669756174087524 0 6.51400313526392 7.210116520524025 0.1370213329792023 3.145096324384212 1.064232029020786 86.833156876266 8.657212227582932 44.51065086573362 8.241572760045528 2.399596743285656 0.3749398291110992 0.1619643121957779 0.3894408196210861 0 0.5503743886947632 0.838518425822258 0 0.3120744824409485 0.3479713946580887 0.2893086671829224 0.1389620751142502 0.2967793643474579 1.350764825940132 0.4280992075800896 0 0.1886117607355118 0 1.357042372226715 0.09517315030097961 3.643009036779404 2.383792012929916 13.80873739719391 25.03046388924122 0.382000595331192 0 0.3003095090389252 0 0 0 0 0 0 48.31745612621307 1.731438964605331 0.2112628817558289 0.2730003297328949 0 9.88688001036644 5.968321785330772 2.928738668560982 2.614226818084717 0.881352573633194 0.585103765130043 0 0.8235823810100555 0 0 0 0.2051878124475479 0.2387557998299599 0.09945646673440933 0.2485698759555817 0 57.22130907326937 22.44441663473845 23.36860609054565 246.8824148103595 5.676268726587296 129.195345506072 32.82868573069572 263.8988415002823 21.69728834182024 1.249495655298233 8.187674820423126 43.57609321922064 0.1015104129910469 8.007820203900337 2.376881070435047 104.880986534059 0.2919846773147583 0.4405524134635925 0.8132389783859253 9.620219096541405 1.68062250316143 531.1618299633265 72.72680254280567
