129.9778384566307 3374.811957277358 619.4147128537297 1127.693175330758 319.583188071847 55.60564935952425 474.3860520198941 10.98128942400217 80.86724649369717 732.9522937014699 89.18561115860939 7.344083473086357 42.48829120397568 68.81061938405037 0.4457189664244652 0.470209889113903 0.1037466302514076 0.2610261589288712 0.06869740784168243 0.1498401537537575 0 0.3514850288629532 0 0 0.08826391398906708 0.07323173433542252 0 0.09144077450037003 0 0.1893764287233353 707.5491466931999 41.77278242260218 11.02178748697042 0 0.2188035994768143 0.07740923762321472 3.270064473152161 0.9326208308339119 1.805976346135139 0.3465576991438866 0 0.07964810729026794 0.1171505749225616 0.06379034370183945 0 0 33.06757590174675 1.494219116866589 0.1092655956745148 0.09389645606279373 4.224543817341328 1.693611837923527 0.6964590549468994 0 7.156961962580681 25.1197307407856 249.504783462733 769.0776710063219 22.22563686966896 9.084744811058044 0 0.4680186435580254 0.3318739533424377 73.59340081363916 10.2180447652936 2.13180311024189 14.71112604439259 3.744741313159466 0.2365427389740944 0.3100967481732368 11.61144177615643 14.10559657216072 1.433968245983124 98.76806209981441 3.168682657182217 7.609811305999756 0.4172964692115784 0.2007541209459305 0.6438481956720352 6.538499370217323 0 0.5296294540166855 5.147176664322615 0.4930641651153564 3.22928774356842 34.34010386094451 1.613101486116648 1.23369325697422 11.14332915842533 1.231031611561775 5.481480434536934 2.204656824469566 0.08663240075111389 1.940028667449951 0.5974510461091995 56.30889512598515 21.61889708787203 3.009311690926552 5.053446739912033 203.3864165842533 0 0 0 0 0 1.004990935325623 0 0 0 0 0 0 0 0 0 0 0.2416786402463913 0 0 0 0 0 0 0 0 0 0 0 0 0 0 0 0 0 0.6965125203132629 0 0 0 0 1.569104075431824 0 0 1.410088285803795 0 0 0 0 0 0 0 0 0 0 0 0 0.1083932816982269 0.8284963518381119 0 0 0 0.08405392616987228 0 0 0 0 0 0 0 0 0 0.183216854929924 0 0 0.1851881071925163 0 0 0 0 0 0 0.1019291803240776 0 0 0 0 0 0 0 0 0 0.1998270750045776 0.07873084396123886 0.405936062335968 0.5030741691589355 0.1034523099660873 0 0 0 0.3033534586429596 4.837623462080956 2.693777792155743 4.095949307084084 222.0781054794788 5.902886025607586 388.2600972503424 20.83047503978014 1.391806803643703 0 0.9319279789924622 0 0.6659388542175293 0.1837738081812859 0 0 0 0 88.65253061056137 0 97.84714522957802 0
3374.811957277358 1371.214264646173 893.7294460460544 504.1536967083812 1412.288426451385 24.21722212433815 720.0818971544504 275.5180801972747 436.6295142620802 601.7467826157808 326.3480865694582 11.04443135857582 67.09874518960714 261.2502597123384 3.407951191067696 0.394188329577446 0.3045551627874374 0.08042155206203461 0 0.07303374260663986 0.2536681070923805 0.2052368149161339 0 0.1197319403290749 0 0.1223622933030128 0 0.07456810772418976 0.1180988326668739 0 871.5989148467779 4.054560445249081 9.931631684303284 0 0 0.226952075958252 0.9810129553079605 0.08479245007038116 0.295109823346138 0.294050469994545 0 0.308397863060236 0.06932609528303146 0 0.17026237398386 0.082988440990448 168.5196482688189 3.657522030174732 0.4163228124380112 0.2475017756223679 4.729909360408783 0.167915441095829 0.232631117105484 0.08769572526216507 7.518489569425583 30.19299376755953 278.8125768266618 243.5243387036026 51.32097907364368 46.9597447142005 0 1.655186556279659 0.190137542784214 88.77765217423439 15.16406816989183 2.726085662841797 21.06549189612269 4.950269095599651 0.3761848583817482 0 1.90289131551981 0.07851264625787735 0.1357008218765259 296.3896525986493 19.46867010742426 89.77822227030993 4.464224439114332 0.5492082685232162 0.2208639159798622 3.485656403005123 0 0.1814456954598427 10.21333555877209 0.4073595106601715 4.681414887309074 50.10419416427612 1.460873886942863 0.2259083837270737 16.61757259815931 0.619192086160183 6.764978736639023 3.692225400358438 0.1767590418457985 1.530904844403267 0.9646576978266239 0.6564460247755051 0.1496962979435921 0 0.351696290075779 198.4229906350374 0.3227278292179108 0 0 0 0 0 0 0 0 0 0 0 0 0.4543715715408325 0 0.3523262292146683 0 0 0 0 0 0 0 0 0 0 0 0 0 0 0 0 0 0 0.7126750349998474 0 0 0 0 0 0 0.9537109136581421 1.143686711788177 0 0 0 0 0 0 0 0 0 0.1018060818314552 0 0 0.08275378495454788 2.139026880264282 0 0.07096968591213226 0 0.3044840544462204 0 0 0 0 0 0 0 0 0 0.2070000395178795 0 0.09514147043228149 0.08260367065668106 0 0 0.1728729009628296 0 0 0.08138696849346161 0 0 0 0 0 0 0.9171417057514191 0 0 0.2025648504495621 0.06952760368585587 0.08119700849056244 0.09829422831535339 0.4297052174806595 0.07966911047697067 0 0 0 3.288260936737061 3.674586057662964 165.2029633298516 6.905894607305527 758.577069517225 92.82822691649199 143.2172863855958 95.16469840705395 1.294231362640858 20.93655013293028 1.177933365106583 0.3298607245087624 2.03193524479866 0.347331240773201 0 0 0 0 17.09372363239527 0.2689527869224548 101.6548931747675 0
619.4147128537297 893.7294460460544 241.5008149370551 10.52263221144676 688.100430123508 6.315398581326008 64.37932608276606 298.3930278122425 568.6168345957994 57.69277817755938 1163.399946369231 40.33857611566782 345.6538473218679 1007.715123265982 2.13007278740406 0.6170146018266678 0.6717808768153191 0.1287674680352211 0 0.1847354248166084 0.2373905032873154 0.1321519762277603 0.149009108543396 0 0.1689333245158195 0 0 0.486635260283947 1.521648645401001 0 2948.83629456535 219.2796637788415 194.9558800309896 0.1666694059967995 0.1250348687171936 0.4246884435415268 40.10168150067329 1.734768614172935 6.550370939075947 0.8951276689767838 0.5206367820501328 0.2455236539244652 0.07565431296825409 0.2582361325621605 0.0881725400686264 0.128886491060257 94.02370653301477 2.761866495013237 0.4630204290151596 0.0858762264251709 3.55334397405386 0.7960532084107399 2.42521084100008 1.313324764370918 4.477197788655758 17.13824333250523 167.8904808983207 258.7554012313485 24.99069705605507 30.6049766689539 0.3371923565864563 5.336096540093422 1.776839435100555 266.5466673709452 8.282378260046244 2.272339012473822 12.75996831431985 4.545928090810776 0.1253424286842346 0.3229502439498901 44.03523337095976 3.810465157032013 0.09418468922376633 189.2367231883109 29.31872627139091 62.17777615040541 5.418551579117775 1.300845302641392 1.695436492562294 249.5342827811837 0.2206308916211128 10.26456231623888 5.9618826135993 0.06758719682693481 3.237962663173676 30.74729783087969 1.437537260353565 0.3038820326328278 10.5418594032526 0.2997525557875633 4.25769816339016 2.324187468737364 0.9541083350777626 1.931389555335045 2.015626579523087 12.85104623436928 8.286171205341816 0.06412225961685181 12.19870474934578 102.1532272174954 0.2824138700962067 1.244897842407227 0 0 0.8778475224971771 0.5646862387657166 0 0 1.035878777503967 5.941763997077942 3.078884392976761 4.437937021255493 2.095457389950752 4.58525550365448 0 0.9860003143548965 1.641778320074081 0.4400885999202728 0 0 0 0 0.8700146377086639 0 0 0.8149481415748596 0 0 0 0 0 0 0 0 7.62514565885067 1.324037462472916 0 0 0 2.77007269859314 0 6.325783737003803 61.92160679399967 0.9956372976303101 0 0 0 1.496729135513306 0 0.3732737302780151 0 0.1905048042535782 1.634429283440113 0 0 0.5636841058731079 6.930264435708523 0.2167501747608185 0.1116808354854584 0 0 0.1150895208120346 1.912688598036766 0 0 0 0 1.791596412658691 0 0 0.2668763846158981 0 0 0.2652488499879837 0 0 2.439152181148529 2.390807807445526 0 0 0 0.3284226357936859 0 0 0 0.7659943699836731 0.8118703812360764 0.4190387353301048 0.8141709044575691 0.1304553747177124 0.08689425140619278 0 0 0.2721194550395012 0.7665531858801842 0 0 2.527709648013115 47.11448429524899 79.59063854813576 37.68697513639927 3.695014245808125 345.8659563139081 25.44021163880825 47.41109155118465 23.6540991961956 1.451103694736958 6.898012064397335 21.93332422524691 0.4458330273628235 9.645858108997345 4.606218941509724 1.760878443717957 2.031979560852051 0 0 4.001122206449509 0.3220478594303131 92.4631213247776 0.3030773773789406
1127.693175330758 504.1536967083812 10.52263221144676 636.931021258235 33.30463862791657 371.0691362023354 860.9044221639633 1.411080986261368 22.14515553414822 1823.187989637256 2.933369442820549 48.20149952173233 194.2761345282197 38.49065382033587 0.1389942467212677 0 0.6423636600375175 0.07537872344255447 0 0.3554012626409531 0 0 0 0 0 0.1883584707975388 0 0 0 0 173.2060429006815 1.777241267263889 0 0 0 0 1.760574549436569 0.2403349205851555 0.2458348050713539 0 0.08604012429714203 0.1706410646438599 0 0.1418853104114532 0 0 39.76477272063494 1.559972919523716 0.2566706538200378 0 2.915898814797401 0 0 0 2.879671692848206 13.95736269280314 115.1859651096165 114.861437600106 21.04133503884077 10.96825993061066 0 0.2722243294119835 0 26.31148491799831 7.329921700060368 1.707658283412457 8.065518733114004 2.042039550840855 0.1739387139678001 0 2.710087813436985 1.106529466807842 0 101.6369782984257 3.387780137360096 16.36964076757431 0.2075786143541336 0.1157263219356537 0.1797477900981903 0.08659990131855011 0 0.3799579441547394 4.453406393527985 0.6166621372103691 1.968403294682503 21.52068190649152 0.9826396703720093 0.1412112005054951 5.771498147398233 0.5284773334860802 3.042970143258572 1.015732124447823 0.1276713013648987 0.4541966468095779 0.7873141318559647 75.71095015108585 9.716685608029366 0.6807197034358978 1.306333899497986 14.63464073836803 0 0 0 0 0 0.3913150131702423 0 0 0 0 0 0 0 0 0 0 0 0 0 0 0 0 0 0 0 0 0 0 0 0 0 0 0 0 0 0 0 0 0 0 0 0 0 0 0 0 0 0 0 0 0 0 0.5055966377258301 0 0 0 0 0 0.08059290051460266 0 0 0 0 0 0 0 0 0 0 0 0 0 0 0 0 0 0 0 0 0 0 0 0 0 0 0 0 0 0 0 0.08059933036565781 0 0 0.4773773327469826 0.1593420132994652 0 0 0 0.567182183265686 1.246299147605896 16.32675059139729 2.83979743719101 223.4244554191828 18.55964404344559 85.19394008815289 22.46267043799162 0.2300427556037903 0.8732138127088547 1.151773273944855 0.5047014504671097 0.1014030501246452 0.07143079489469528 0 0 0 0 164.2805581688881 0 47.28940242528915 0
319.583188071847 1412.288426451385 688.100430123508 33.30463862791657 157.9008713811636 9.770107552409172 181.8990201801062 136.6789001896977 1595.292430073023 1324.77791890502 186.8062044084072 88.77251639962196 454.6619088351727 1567.058625392616 7.911615900695324 1.172934986650944 1.921443060040474 0.1061393916606903 0 0 0.1116095930337906 0 0.1238191649317741 0 0.09044484794139862 0 0 0 0.2779722958803177 0 502.8334349542856 4.646168291568756 3.463242009282112 0.09675298631191254 0 0 1.357565581798553 0.09409032016992569 0.9745585471391678 0.8269807100296021 0 0 0 0 0 0 133.2261234074831 0.5604018941521645 0.09781212359666824 0 1.61266090720892 0 0.08452583849430084 0 1.532218843698502 7.088699452579021 85.60436536371708 71.29419808834791 19.77008480578661 26.13060157746077 0 0.09896793961524963 0.1202923581004143 111.0454078018665 3.232835121452808 0.8949726074934006 6.618969678878784 1.431047305464745 0 0 1.17194639146328 0.5771579742431641 0 129.8896253407001 26.019665338099 87.93602691590786 10.23634298145771 0.6728053689002991 1.065383665263653 1.305009327828884 0 0 2.810558751225471 0.07712703943252563 0.809735044836998 14.88535221293569 0.6599034890532494 0 5.105974152684212 0.220708541572094 2.150766000151634 1.305314838886261 0.1081507951021194 0.7241493463516235 0.3421857357025146 14.5769098252058 0 0 0.08550359308719635 17.61593794822693 0 0 0 0 0 1.746914207935333 0 0 0 0 0 0 0 0 0.698852002620697 0.3153686672449112 0 0 0 0 0 0 0 0 0 0 0 0 0 0 0 0 0 0 3.441016048192978 0 0 0 0 0.8543074727058411 0 0 4.076299905776978 0 0 0 0 0 0 0 0 0 0 0 0 0 0.8725711852312088 0 0 0 0 0 0 0 0 0 0 0 0 0 0.2251624017953873 0 0 0 0 0 0 0 0 0 0 0.3220236897468567 0 0 0 0 0.2420662045478821 0 0 0.11812424659729 0 0 0 0.0911916121840477 0.1301341503858566 0 0 0 3.956131309270859 4.827866837382317 234.8382307961583 3.082473367452621 430.7449713870883 84.42054849117994 45.019626557827 76.82148118317127 0.8622094243764877 30.19670972973108 0.7303934693336487 0.1110991090536118 1.356558129191399 0.3611942231655121 0.533464789390564 0 0 0 14.44843801110983 1.873883679509163 47.16142075508833 0.5066155195236206
55.60564935952425 24.21722212433815 6.315398581326008 371.0691362023354 9.770107552409172 7.654749125242233 213.4482964500785 10.18343252688646 19.93624122440815 942.3914078623056 4.3146852850914 108.4773153066635 463.7984298467636 41.7744906693697 1.39561589807272 0.4288449138402939 0 0 0 0 0 4.76923705637455 0.2183268964290619 0 0 0.1394667625427246 0 0.8043387830257416 3.867078229784966 0 112.3879180923104 4.80779055505991 1.610591672360897 0 0 0.0903775617480278 40.26855222135782 9.530709266662598 52.70961445569992 4.428061671555042 0.2535207122564316 0.1230620890855789 0 0 0 0 10.83819111436605 0.4309703931212425 0.09704267233610153 0 2.230010837316513 35.3132406026125 16.83437895029783 1.42986860871315 1.301317915320396 4.828249860554934 58.91857127100229 107.1682170033455 5.91243189573288 2.969306074082851 0.488457478582859 0.8638024479150772 0.6232583820819855 12.61457961797714 2.266982652246952 0.931746169924736 3.727689005434513 1.376325137913227 0.1807553097605705 0 203.2751165851951 331.8315620422363 70.07842218130827 26.58985076844692 0.9105643481016159 4.185810133814812 0.2010969147086143 0.4702245742082596 0.3072452768683434 1.627290897071362 0.2285059690475464 1.16203884780407 0.5832614302635193 0.7078630924224854 1.33095695823431 10.19020042568445 0.9043115675449371 8.150707140564919 23.68579212576151 25.29763101786375 13.77345953136683 39.13082739710808 0.3032230064272881 0.1997550651431084 8.698098972439766 51.94533729553223 278.9421227350831 103.4139467179775 129.6228657066822 42.51114162802696 0 0 0 0 0 0 0.1482547223567963 0 0 0 0 0 1.033511996269226 0 0 0 0 0 0 0 0 0 0 0 0 0 0 0 0 1.534867793321609 0 0 0 0 0 0 0 0 0 0 0 0 0.7032714784145355 0.1571755409240723 0 0 0 0 0 0 0 0 0 0 0 0 15.62435287237167 0 0 0 0.2090695202350616 0 0 0 0 0 0 0 0 0 0.5521916002035141 0.1372114270925522 0.1472349464893341 0 0 0 0 0 0 0.2827911525964737 0.3127330169081688 0 0 0 0 0 0 0 0 0 0.08620660752058029 0 0 0.1718396246433258 0.7079443633556366 0 0 0 1.929487943649292 0.6591241061687469 8.83589369058609 2.185387402772903 66.5699856877327 3.04841897636652 402.2137177735567 5.359420232474804 0.6489332169294357 2.109392888844013 0.4025071859359741 0 0.4912698343396187 0.2649215757846832 0 0 0 0 13.42107577621937 0 116.668719150126 0
474.3860520198941 720.0818971544504 64.37932608276606 860.9044221639633 181.8990201801062 213.4482964500785 316.5118192210793 24.61196981370449 1458.735705882311 3110.014913037419 37.81972981989384 915.5370350033045 1396.14307218045 2222.613591074944 6.795396357774734 0.2821764200925827 1.112395584583282 0.3506431877613068 0 0 0 0 0.1354959458112717 0 0 0 0.1085832566022873 0 0 0 68.02746243774891 6.078351594507694 0.2683727741241455 0.08896765112876892 0 0.07161209732294083 17.06906268000603 2.063470534980297 1.655123949050903 0 0 0 0.1186640709638596 1.022819556295872 0 0 103.724958114326 0.8622596263885498 0.4678529724478722 0 1.136233747005463 0 0.6202046871185303 0 2.834041327238083 9.21305763348937 100.2695647254586 42.96476749330759 26.52707899361849 29.20994606614113 0 0 0 48.63911519944668 3.387183923274279 1.258832104504108 7.122464489191771 1.314365983009338 0.184056892991066 0 17.33558247238398 2.318493127822876 0.1531634926795959 129.7994873076677 14.88912481814623 63.37404963374138 8.399422518908978 0.5098409801721573 0 0.4772824645042419 0 0.269452765583992 2.832060463726521 0.3990952149033546 1.488961644470692 14.84918051958084 0.8082334771752357 0.1597892865538597 5.865174807608128 0 1.750983580946922 0.4648982584476471 0.378743052482605 0.7089180946350098 0.4139688909053802 37.58258041739464 0.3907717913389206 0 0.1698117032647133 4.112657345831394 0 0.2398565635085106 0.6902066469192505 0.3910081535577774 0 1.380428075790405 0 0 1.845717191696167 0 3.157367467880249 2.080080896615982 0.6210570931434631 1.253517985343933 0 0.262779027223587 0 0 0 0 0 0 0 0 0 0.2609198093414307 0 0 0 0 0 0 0 0 0.2291218936443329 0 0 0 0.1129711270332336 0 0 1.578469902276993 5.631916850805283 0.4833469837903976 0 0 0 0 0 0 0 0 0.2731778174638748 0 0 0 2.465545654296875 0 0 0 0.07346357405185699 0 0 0 0 0 0 0 0 0 0.1094529628753662 0 0 0.1000527888536453 0 0 0 0 0 0.1107785776257515 0 0 0 0 0.1910183280706406 1.624447904527187 0 0 0 0 0 0.07527029514312744 0 0 0 0 0 0 4.463360071182251 7.338739946484566 218.0765277594328 3.462901286780834 409.4667210206389 72.58056712150574 35.96969927847385 64.82967258244753 0.631877601146698 36.45075115561485 2.38811394572258 0.1868886053562164 2.011721789836884 1.511991962790489 0.1018305048346519 0.6385088562965393 0.1011186689138412 0 99.68387826532125 0.7465164810419083 69.63653050363064 0.1023703813552856
10.98128942400217 275.5180801972747 298.3930278122425 1.411080986261368 136.6789001896977 10.18343252688646 24.61196981370449 376.5973189622164 137.5074918121099 66.89825996011496 464.2677077502012 78.50414767116308 708.9102896377444 1707.140585273504 19.14250046759844 7.725516557693481 2.761443294584751 0.5270214304327965 0.229182243347168 2.321185372769833 4.455449372529984 3.230692952871323 1.621760070323944 1.530830942094326 3.00560786575079 1.589545764029026 0.1092746555805206 5.475887224078178 11.74080862849951 0.1980310827493668 262.4258191213012 1005.971080780029 1283.675131268799 1.612603321671486 4.318968258798122 28.02689345180988 246.6913216635585 50.75078860670328 67.00283395498991 16.14165291935205 7.860011659562588 3.120340421795845 0.9031095430254936 3.207617335021496 0 0.6447919756174088 78.57970924675465 0.5067451000213623 1.05131895840168 0.9355079755187035 0.5803848430514336 2.812746748328209 18.35779318213463 6.229036271572113 0.761128231883049 1.881923630833626 25.45746288448572 53.82302840054035 8.192161493003368 11.83543379604816 6.575570300221443 259.9777260050178 18.03162156790495 416.9668985754251 1.441389106214046 0.2507508248090744 1.364463053643703 0.6263864263892174 0 1.777072764933109 347.184015199542 16.3148962110281 0.3872628957033157 56.3892949745059 45.14175092428923 85.23496997356415 121.0259673520923 221.4169334024191 328.0868083015084 1937.582961589098 8.270389094948769 641.3885229080915 0.4231666177511215 0 1.34249871224165 3.914262365549803 0.3388444036245346 0 1.387092463672161 0.09003102034330368 0.7406511604785919 1.040554493665695 0.8699145615100861 2.638524249196053 8.305696949362755 26.45987497270107 32.79298397153616 0.6325415298342705 94.14145037531853 5.267862886190414 1.013133525848389 0.6347138285636902 0 0 2.269138932228088 4.28315781056881 0 0.8086410164833069 7.355988726019859 4.145244747400284 4.3488739579916 7.842782095074654 3.668816685676575 2.540981434285641 0 2.124238647520542 0.3907874971628189 1.597648106515408 0 0 0 0 3.08088330924511 0 0 1.00457663834095 0 0.6145448684692383 0 0 0 0.1628565639257431 0.3909608274698257 0 13.25074161589146 6.307734988629818 0 0 0 13.58390416204929 0.1757261455059052 6.810183651745319 109.6377514973283 2.760764122009277 0.2642152905464172 0.1062099039554596 0 1.535981968045235 0 0.2357926666736603 0 0.4934727251529694 6.085336126387119 0 0 2.577165529131889 12.30679025501013 0.1453916728496552 0 0 0 0 1.691974557936192 0 0 0.2247197180986404 0 2.474411174654961 0 0 0 0 0 0.07567363232374191 0 0 2.622346505522728 1.067125424742699 0 0 2.076105453073978 0 0 0 0.864320732653141 4.740283541381359 2.932067081332207 0.09411296993494034 0.3298438191413879 0 0 0.1080785542726517 0 0 0.1118142381310463 0 0 2.146922677755356 70.15336905419827 129.0777463167906 199.9711201936007 4.072676040232182 170.1955373436213 49.01755279302597 17.13517999649048 32.63342708349228 0.998868353664875 24.86447401344776 35.64416794478893 2.088821165263653 17.94374000281096 7.37218102812767 2.286936163902283 0 0 1.589332580566406 8.592957735061646 2.803905308246613 103.7758862823248 2.535613149404526
80.86724649369717 436.6295142620802 568.6168345957994 22.14515553414822 1595.292430073023 19.93624122440815 1458.735705882311 137.5074918121099 335.9774064719677 628.0724375993013 794.4722189307213 201.2414151728153 583.0805625915527 1719.276718959212 7.067427404224873 1.121963284909725 0 0 0.0865560844540596 0 0.1524274200201035 0 0.2151962518692017 0 0 0 0.1716852262616158 0 0 0 182.0930722504854 27.78725065290928 0.8450269401073456 0 0.1078481376171112 0 5.583524361252785 0.3384987786412239 0 0 0 0.09013408422470093 0 0.2651296108961105 0 0 68.40892906486988 0.2772881165146828 0.1670178472995758 0 0.4483488500118256 0 1.888618052005768 0 0.3941257745027542 3.128239840269089 41.05134655535221 32.12858507782221 10.77026993781328 13.06420766562223 0 0.09549887478351593 0 70.0320043489337 2.144629612565041 0.4069195687770844 2.882343485951424 1.04107878357172 0 0 8.787064552307129 0 0 66.02469906955957 20.59315814077854 43.5236307606101 9.765079312026501 0.4473999813199043 0.8084321320056915 0.9243718385696411 0.1303443610668182 0.249323695898056 1.47004047036171 0.09581774473190308 0.741109274327755 6.49466285854578 0.1797259971499443 0.2254391089081764 2.062713041901588 0.3061935529112816 0.7117356061935425 0.71623145788908 0 0.2462104335427284 0.1644183024764061 25.67893916368484 0.5026994347572327 0 0 6.335891366004944 0 0 0 0 0 0 0 0 1.146588325500488 0 0 3.851053595542908 0 0.950764000415802 0 1.553888037800789 0 0.1263347715139389 0 0 0 0 0 0 0 0 0 0 0 0 0 0 0 0 1.566231191158295 0 0 0 0 1.14413857460022 0 0.3086446523666382 5.748516231775284 0 0 0 0 0 0 0 0 0.4186268150806427 0 0 0 0 0.1743324846029282 0 0 0 0 0 0.2533056437969208 0 0 0 0 0 0 0 0 0 0 0 0 0 0 0 0 0.09372463822364807 0 0 0 0 0 0 0 0 0 0 0 0 0 0 0 0 0 0.8503685593605042 3.066413775086403 6.124412909150124 163.079221136868 3.09041840583086 203.036338031292 47.64279474318027 20.03735402226448 32.816530123353 0.1057845130562782 19.4419202208519 2.187518894672394 0.08171519637107849 1.272771269083023 0 0 0 0 0 10.2589402794838 0 33.06964610517025 0.5700793862342834
732.9522937014699 601.7467826157808 57.69277817755938 1823.187989637256 1324.77791890502 942.3914078623056 3110.014913037419 66.89825996011496 628.0724375993013 3238.824872285128 74.74040247499943 1948.827484056354 3860.308893620968 693.723325073719 2.949415720999241 1.703947238624096 0.284592978656292 0 0.1239839717745781 0 0 3.014398843050003 0 0 0.1106265112757683 0 0.08715822547674179 1.32833631336689 15.7393045052886 0 60.56981398910284 27.71540571004152 1.177173346281052 0 0 0.1398322731256485 32.0397771447897 0.149590939283371 40.18103359639645 0.4734701067209244 0.3409470915794373 0.495065912604332 0 0.09088252484798431 0 0.2409911677241325 42.30171702802181 0.3156234249472618 0.1384842097759247 0.2675124704837799 0.5109220296144485 3.561467066407204 39.81772517412901 6.343873120844364 0.3008396700024605 2.284232296049595 31.42674063891172 21.46487768739462 9.534988917410374 6.74921752512455 0.7609270811080933 0.3970186710357666 1.164197102189064 29.75672272592783 1.247804872691631 0.4213125482201576 2.203033939003944 0.5417291894555092 0 0 331.9846880212426 4.3880415558815 0.576154999434948 35.32550939917564 3.491892702877522 20.119320333004 4.991416677832603 0.7134851664304733 0.2984363958239555 0.3743369579315186 0 0.1076516583561897 0.6485049426555634 0.07623634487390518 0.2276775985956192 4.639858458191156 0.1032557040452957 0 1.242125168442726 2.06596465408802 0.6704327613115311 0.6059674024581909 0 0.7481462955474854 4.559130735695362 711.9258836358786 24.9987226575613 2.398451745510101 34.52432589232922 42.45428748428822 0 0 0 0 3.054847836494446 4.234932899475098 0 2.040584802627563 4.76885774731636 2.951575875282288 3.243643343448639 13.03287422657013 11.54374548792839 4.060547351837158 0.3268397748470306 1.007297113537788 0.3501035124063492 0 0.245041623711586 0 0 0 0 0 0 0.4027264416217804 0 0.3390361666679382 0 0 0 1.432459831237793 0 0 10.5338069498539 3.041811287403107 0 0 0 5.67518025636673 0 2.192566588521004 23.94055065512657 0.4573110640048981 0 0 0 0 0 0 0 0 1.177141636610031 0 0.265089362859726 0.3728765249252319 19.43973989784718 0.3497181832790375 0.1076516136527061 0.2072002440690994 0 0 0.5787172615528107 0 0 0 0 0 0.2420786619186401 0 0 0 0 0 0 0 1.53570568561554 0 0 0 1.212142616510391 0 0 0 0.476002037525177 2.939411655068398 1.399123102426529 0 0 0 0 0 0 0.09795417636632919 0.6870595812797546 0 0 4.031167507171631 14.48283915221691 49.72767832875252 112.4577621072531 3.390015318989754 126.0445327535272 32.50492817908525 112.6062626987696 20.64603818953037 0.1094383150339127 12.55833487212658 8.654178090393543 0 6.595219612121582 1.371806800365448 0.2449335604906082 0 0 0.746828019618988 367.2794927805662 0 75.96307669579983 3.609242796897888
89.18561115860939 326.3480865694582 1163.399946369231 2.933369442820549 186.8062044084072 4.3146852850914 37.81972981989384 464.2677077502012 794.4722189307213 74.74040247499943 70.33942206203938 87.63594011962414 962.002057723701 3351.421121113002 5.480347275733948 1.087856471538544 0.7051365450024605 0 0.07241910696029663 0.1228042840957642 0 0.5133502706885338 0 0 0.5080816149711609 0.3515047505497932 0 0.1090560778975487 2.819713599979877 0 552.7659070938826 179.9009492322803 1160.560555167496 0 0 2.388585187494755 85.87480879575014 8.679593034088612 10.41243097186089 2.247610442340374 0.3411354646086693 0.4463959857821465 0 0.1165616437792778 0.223721094429493 0.1180231869220734 32.55014275759459 0.2934575825929642 0.09186805784702301 0 0.6969796568155289 0.2048728987574577 3.80948480963707 1.176510542631149 1.007112972438335 2.503776539117098 25.72805010527372 36.48312468081713 5.694874987006187 7.395999357104301 0.2939219400286674 13.63960272073746 1.216630756855011 71.93028450012207 1.826439715921879 0.07353135943412781 1.662957333028316 0.8967916369438171 0.07962906360626221 0.09279528260231018 70.32043094933033 6.479167938232422 0 40.07610306143761 11.79850548505783 30.18102119117975 5.545479729771614 1.293767191469669 0.7290709838271141 232.397374920547 0.1129321381449699 4.730329975485802 1.637692123651505 0 0.4479930996894836 4.342364739626646 0.1546141505241394 0 2.142350494861603 0.07004787772893906 0.5697752237319946 0.2261682748794556 0.0789918452501297 0.4475201889872551 1.207333922386169 9.840357825160027 4.742322988808155 0 11.05899179726839 11.13683916628361 0.497727632522583 0 0 0 0 1.298063546419144 0 1.592041015625 0.8343721628189087 0 0.9326483905315399 4.155932784080505 0.9023525267839432 0.3153634071350098 0 0.1219217777252197 0.1683555394411087 0.0965854749083519 0.124761626124382 0 0 0 0 0 0 0 0 0 0 0 0 0 0 0 5.116169556975365 3.395529240369797 0 0 0 4.303279355168343 0.1818605810403824 2.714905314147472 34.33274825662374 1.582815945148468 0 0 0 0.3394131362438202 0 0 0 0.6689521074295044 0.8988346755504608 0 0 0.5073797255754471 4.097267255187035 0 0 0 0.07330787181854248 0.4433112740516663 0.9109852239489555 0 0 0 0 0 0 0.1086964085698128 0 0 0 0 0 0 0.357626736164093 0 0 0 0.172290563583374 1.54209291934967 0 0 0.3165888711810112 0.8504268527030945 0.2666244208812714 0 1.615348637104034 0 0 0 0 0.274570420384407 0.08773311972618103 0 0 1.074465557932854 14.17287422716618 37.45476569235325 83.2759892269969 2.180160760879517 98.21464633569121 21.22582467645407 14.02434074878693 20.8141605257988 1.526894360780716 6.456865765154362 12.1388808786869 0 7.434773467481136 1.519876956939697 0.2663486897945404 0.3335486352443695 0 0.9159286618232727 3.235394470393658 3.312136434018612 42.35411358624697 1.877787739038467
7.344083473086357 11.04443135857582 40.33857611566782 48.20149952173233 88.77251639962196 108.4773153066635 915.5370350033045 78.50414767116308 201.2414151728153 1948.827484056354 87.63594011962414 12.24031735956669 541.3791719079018 383.4950738251209 7.458629168570042 4.851442903280258 1.053170122206211 0.09174182265996933 0 0.109844982624054 0.1547307670116425 7.657029129564762 0 0 0.5715722292661667 0.1009587198495865 0.7288705408573151 5.300822138786316 41.16697514802217 1.324229821562767 30.26190517097712 12.18680834770203 4.619952999055386 0.1923689171671867 0.474167637526989 0.3606420382857323 44.23061832785606 2.865907475352287 145.1570271700621 2.923336029052734 1.723144687712193 3.291945487260818 0 0.8554932549595833 0 0.4243659153580666 13.97218961268663 0.2407836019992828 0.4821647107601166 0.2930063754320145 0.1999857872724533 4.44265379011631 94.53606098145247 14.78531903028488 0 0.2445711717009544 5.949378617107868 2.994559183716774 0.5173129215836525 0.6612026169896126 0.5191812664270401 0.89622712880373 2.308521419763565 10.04255312681198 0.08030030876398087 0 0.07607633620500565 0.2367029562592506 0.09180385619401932 0.2519157826900482 60.98781211674213 7.596315197646618 2.38820019364357 6.102766931056976 2.708636417984962 12.43753746896982 1.614783063530922 2.933802947402 1.217882730066776 3.167079031467438 0.2376589700579643 1.272768408060074 0.08251167088747025 0 0.1724892482161522 0.179347351193428 0 0.1006384417414665 0.6419353634119034 0.330178327858448 0.6660746708512306 1.206540197134018 0.09954586625099182 1.318557873368263 8.509122475981712 570.9520209729671 24.61242812871933 1.872448816895485 27.75404673814774 20.99996690452099 1.873621344566345 0.5669419169425964 0 0 5.385729134082794 7.375169098377228 0.7598531544208527 0.7149734497070312 11.25743463635445 7.656036257743835 5.338696956634521 17.48772059381008 18.20132522284985 15.56503430008888 0 1.286298699676991 0.3715486228466034 0.9831294193863869 0.1960550844669342 0 0 0 1.519814655184746 0 0 1.614041656255722 0 1.117681443691254 0 0 0 0.2562158405780792 0.5002625584602356 0 18.54934348911047 3.012583941221237 0 0 0 14.56398685276508 0.2039511203765869 5.349108129739761 43.87520465254784 2.656284213066101 0 0 0 0.1798417866230011 0.1982438266277313 0 0.140728160738945 0 2.241997852921486 0 1.415291786193848 1.284392520785332 9.395966783165932 2.04383972287178 0.07509423792362213 0.1796330064535141 0.08614350110292435 0.3627283126115799 2.278172269463539 0 0 0 0 1.93508867919445 0 0.09210172295570374 0 0 0.1903578564524651 0.07915081083774567 0 0 5.969046264886856 1.149658784270287 0 0 1.61454239487648 2.611029148101807 0 0 0.2712893560528755 3.241593360900879 1.386335261166096 0 0 0.08834710717201233 0.1493394076824188 0 0.8443409949541092 0.1166882812976837 0 0 0 2.095595940947533 27.86264508962631 71.08146820962429 126.2938302084804 5.660022795200348 38.26824100315571 19.17088607698679 74.81847406178713 11.62242517620325 0 12.29793202877045 13.19240221381187 0.8181094229221344 12.40313593298197 7.884615644812584 2.19231241941452 0.4460853040218353 0 0.9446365982294083 19.42112889140844 1.395825564861298 108.6441654041409 4.149905204772949
42.48829120397568 67.09874518960714 345.6538473218679 194.2761345282197 454.6619088351727 463.7984298467636 1396.14307218045 708.9102896377444 583.0805625915527 3860.308893620968 962.002057723701 541.3791719079018 825.4711008816957 1942.054229661822 42.3483145609498 22.121318385005 2.328669093549252 0.4720362424850464 0.3931555151939392 0.1792449504137039 0 5.743698008358479 0.931835263967514 0.9933519959449768 0.8405284658074379 1.118794597685337 0.9625290632247925 5.283747136592865 37.7856305539608 0.4806002527475357 212.0872875154018 143.3041881322861 79.80781126022339 1.182091400027275 0.9115523397922516 1.075876832008362 139.4517554491758 13.44663716107607 216.601420648396 8.195876829326153 2.049275800585747 2.645505033433437 0.3103250861167908 7.886724889278412 0.3773465901613235 0.2370886579155922 110.2910810559988 0.1629054099321365 1.304419293999672 0.3069202974438667 0.6797699555754662 4.906555153429508 79.86178524047136 9.726547405123711 0.470172256231308 2.568789631128311 37.41816755384207 29.89692535251379 11.90994780510664 13.98544256389141 2.487769261002541 19.76709834486246 3.991230890154839 130.2330056577921 0.831018939614296 0.2503410801291466 1.627224057912827 0.84998619556427 0.06875680387020111 0.6733886525034904 232.3019037395716 10.77487218379974 10.10770711302757 62.32267601042986 26.33307059109211 95.27381379902363 25.95609035342932 13.88896231353283 13.49201475083828 70.64459767192602 1.381313547492027 16.60149690508842 0.4780164957046509 0 0.5888752490282059 4.359641589224339 0.1948598250746727 0.124748207628727 1.612993679940701 2.794584468007088 1.357535198330879 3.150231786072254 0.2022985070943832 1.530541576445103 6.934836380183697 2184.994658559561 23.45423986017704 2.200851798057556 38.22288883477449 81.87310501933098 1.881521612405777 1.418498992919922 0 0.6406649351119995 5.815701246261597 33.52516579627991 1.758102744817734 2.351258486509323 37.38848906755447 33.73753941059113 35.1156230866909 71.16783338785172 39.72144550085068 39.74786818027496 0 2.702065013349056 2.110299222171307 2.571353584527969 0.2750277519226074 0 0 0 0.9403249472379684 0 0 2.453019708395004 0 3.732978463172913 0 0.7911107242107391 0 0 0.7017335742712021 0 57.4606104940176 20.32533252239227 0 0 0 57.15250931680202 0.5423139929771423 14.29530730843544 133.8426997438073 3.083005040884018 0.7293964028358459 0 0.1067566648125648 2.805428981781006 0.2776137888431549 0 0 2.284410633146763 7.029091067612171 0 0.4986296445131302 3.394801884889603 32.10501351952553 0.5400783270597458 0.3721352219581604 0 0 2.631764456629753 6.547071494162083 0 0 0 0.1282718777656555 4.400700904428959 0 0 0.1390917003154755 0.1873167753219604 0 0 0.1276399195194244 0 10.90258647501469 3.229352340102196 0 0.8039712682366371 2.801395826041698 1.23724664747715 0 0 2.786375463008881 7.201784625649452 4.49960308521986 0 1.928782254457474 0 0.2590132504701614 0.1140528619289398 0 0.2311517596244812 0.4055267423391342 0.5752909779548645 0 2.933370783925056 100.2982936948538 269.3662773817778 749.0030777975917 9.695587366819382 314.3839789927006 141.1607641652226 254.8166426494718 96.5214496254921 1.0504330098629 76.17830949276686 44.1779063642025 0.2888197302818298 26.35599387437105 6.480887465178967 3.601408362388611 1.73138028383255 0 1.359378159046173 72.03949263691902 4.724706694483757 343.4592527374625 2.391094326972961
68.81061938405037 261.2502597123384 1007.715123265982 38.49065382033587 1567.058625392616 41.7744906693697 2222.613591074944 1707.140585273504 1719.276718959212 693.723325073719 3351.421121113002 383.4950738251209 1942.054229661822 1049.930402651429 45.05567885190248 16.58173774927855 2.198759697377682 0.405490979552269 0.2130395993590355 0.5367444753646851 0.4566976726055145 2.447399765253067 0.5599988922476768 0.451443187892437 3.310768373310566 1.579477049410343 0.4565878510475159 3.393230251967907 19.75002025067806 0.2987334504723549 516.7790132984519 265.2328488454223 278.1104647070169 0.08840827643871307 1.304842866957188 14.70761323720217 415.047160603106 23.85754796117544 172.9304218515754 13.74703179299831 2.554196365177631 1.672828085720539 0.2467870339751244 7.098247513175011 0.2523186206817627 0.5013533309102058 159.6463090702891 0.4132340624928474 0.3388011828064919 0.8673251867294312 0.7437120750546455 1.748719938099384 35.0885406807065 4.335703633725643 1.515922233462334 5.424877017736435 59.53796645998955 56.61439456790686 18.74185870587826 22.83162981271744 1.520442992448807 42.70530904084444 2.362146705389023 215.1507538706064 1.933524064719677 1.102650009095669 4.502610649913549 0.8011895790696144 0.0687115415930748 0.7636914029717445 192.5104546323419 3.647740438580513 1.391743421554565 104.7152078524232 36.07366371899843 127.3155293092132 32.67258900403976 15.75241087377071 11.59227722138166 92.26894531399012 0.140959620475769 11.82918515056372 0.5263839066028595 0.1839421615004539 0.9962455630302429 7.559888284653425 0.1623288057744503 0.09566149115562439 3.530116707086563 0.2808408290147781 1.957385562360287 1.076836429536343 0.0713474228978157 1.465791709721088 4.005760461091995 145.9619429409504 4.261207744479179 0.2228619158267975 24.65458619594574 11.78050599247217 0 0 0 0 2.289389491081238 4.923068106174469 0.1561127305030823 0 12.79659429192543 15.92341604828835 4.605146288871765 22.58112293481827 7.623741298913956 6.89373368024826 0 1.971291184425354 1.440404653549194 0.7637443542480469 0.4654592275619507 0 0 0 1.185243651270866 0 0 0.2725850939750671 0 1.3675776720047 0 0 0 0 0 0 16.36945106089115 5.366226434707642 0 0 0 13.1391773223877 0 5.193438366055489 52.65175318717957 1.562384873628616 0 0 0 0.3050866425037384 0 0 0 0.6169233620166779 3.416641086339951 0.09344010800123215 0 0.5624422058463097 9.983030632138252 0.9078114628791809 0 0 0 0.168056532740593 1.17032578587532 0 0 0 0 4.390697330236435 0 0 0.09391861408948898 0.1585334539413452 0 0.0931769460439682 0 0 2.370761603116989 0.236073836684227 0 0.4499610960483551 1.097364664077759 0 0 0 0.1221215650439262 0.9631686806678772 3.621650040149689 0.3352791965007782 0 0 0 0 0 1.763321153819561 0.3120640441775322 0 0 3.108918935060501 26.58664156496525 78.25181080400944 732.8676192611456 10.0573430582881 405.8454398289323 148.3247938454151 72.09075997024775 95.44174988567829 1.848256960511208 82.93741197884083 11.98695044964552 0 11.90827208012342 2.449247620999813 3.205671787261963 0 0 1.042173862457275 36.33529806137085 2.364905551075935 93.77642963826656 0
0.4457189664244652 3.407951191067696 2.13007278740406 0.1389942467212677 7.911615900695324 1.39561589807272 6.795396357774734 19.14250046759844 7.067427404224873 2.949415720999241 5.480347275733948 7.458629168570042 42.3483145609498 45.05567885190248 591.8771128356457 1476.559045240283 451.9345755502582 39.20140002667904 219.4835878163576 9.099215634167194 5.821680344641209 0.0944221094250679 1.309822179377079 2.439341336488724 42.72153387963772 4.017746351659298 3.583721324801445 1.836546294391155 5.60402974486351 1.291001126170158 5.372590929269791 16.68321914225817 45.10407321155071 2.070205301046371 2.100873179733753 54.33626157045364 45.93971857428551 84.71429605036974 36.33120103180408 43.43053956329823 17.57076750695705 3.707893207669258 10.32293173670769 173.908648841083 130.7122900784016 46.85423239320517 282.8645118735731 8.528394058346748 42.08923021703959 37.60326363146305 0.2016097977757454 1.404960110783577 21.46949713677168 1.82788610458374 0.2312056794762611 0.1693956479430199 2.78454752266407 1.555247157812119 8.60145128518343 205.0591071099043 3.209927596151829 41.42355268448591 5.654080748558044 12.68876352906227 0.2075567990541458 0.1765915378928185 0.1146848872303963 0.5040516182780266 0.3367506936192513 2.662937842309475 45.09169016033411 2.839997000992298 0.1398281753063202 926.6187703683972 3.330363422632217 1140.727470934391 93.46711587905884 142.923929259181 53.83935260772705 21.24588473141193 17.12105473875999 25.53506741672754 1.152888335287571 0 0.8108935356140137 0.3329443894326687 5.128108203411102 0 0.3912863358855247 0.2013670057058334 0.4833888188004494 0.4721619188785553 2.604911267757416 4.535552762448788 3.878468900918961 4.111144334077835 20.65751215070486 1.670573249459267 41.9497731924057 0.127065047621727 0 0 0 0 0 0.1553977131843567 0.121938668191433 0 0 0.1241035014390945 0 0 0 0.4487023949623108 0 0.1067600324749947 0 0 0 0 0 0 0 0 0 0.1708228141069412 0 0 0 0 0 0 0 0 0.2567704617977142 0 0 0 0 0 0 0 7.604196310043335 1.871914625167847 0 0 0 0 0 0 0 0 0.1481674313545227 0 0 0.5272027850151062 10.51484573632479 1.520055413246155 0 0 0 0 0.08408541232347488 0 0 0 0 0 0 0 0 0 0 0 0 0 0.2892166078090668 0.242809072136879 0 0 0 0 0 0 0 0 0 0 0 0 0 0 0 0 0.1615663766860962 0 0 0 4.18623249232769 4.750293575227261 12.38901092112064 1.283206157386303 109.6659695357084 11.86947901546955 0.7790466919541359 0.4534190371632576 0 1.042404428124428 3.74622455984354 0 0.7906753420829773 1.139416486024857 0.116347461938858 0 0 0 2.22073744982481 0.2927726805210114 6.708970785140991 0
