278.9455846250057 1917.60797663033 368.1175400465727 1648.782367140055 6.980532333254814 36.03200227022171 428.5218074321747 88.27553595602512 1.007339745759964 2207.508734405041 103.9040958061814 53.4128652215004 188.7900131344795 128.9234559461474 3.258382603526115 1.809071585536003 0 0.3787632137537003 0 0 0.7339099049568176 0 0 0.1575715988874435 0 0 1.203290224075317 0 0 0 784.0603808835149 6.180275097489357 8.368546523153782 0.2164355218410492 2.809735402464867 0.5498193949460983 4.072073504328728 2.128303118050098 1.168422490358353 0 3.473169431090355 1.266380801796913 0.4477015733718872 0.5989424139261246 0 0.6309322640299797 21.91802126169205 1.190625332295895 0.103763036429882 0.1833474636077881 0.2188010886311531 0 0 0.633439376950264 18.07600395381451 9.02634235471487 201.7950608357787 864.6894054859877 133.1503235250711 44.94670022279024 0 1.5785853266716 0.2421964854001999 75.56281454861164 8.466373287141323 4.867541529238224 0.410667210817337 0.6663668975234032 2.258633077144623 2.462119594216347 9.904885180294514 2.661213994026184 0.1515159159898758 499.3984685763717 38.9335081577301 30.14594551175833 15.37333252280951 3.687155865132809 0.3406567946076393 34.94942213594913 0 0.5399934276938438 19.1711370497942 0.1779681518673897 2.242012917995453 3.998364374041557 0.47828109562397 0.5540002882480621 1.254522114992142 0.2804492563009262 0.1834685206413269 0.1879289150238037 3.245023377239704 1.007454186677933 0 161.8779323622584 20.21546506881714 0 0.8294078856706619 929.4238771125674 0.8045904636383057 5.372889056801796 0.7292112112045288 0 0.2540011033415794 0.3656142503023148 3.028443306684494 0 21.32365424931049 4.467066392302513 0.7666105329990387 1.669316664338112 11.3383461534977 5.486733838915825 3.329686500132084 0.1333797127008438 0 0 0 0 0 0 0 0 0 0 0 0 0 0 0 0.269533209502697 0 0 2.362477853894234 0 0 0 0 2.275265403091908 0 0.5950536727905273 1.326871901750565 0 0 0 0 0 0 0.1225584298372269 0 0 0 0 0 0 0 0.2340487688779831 0 0 0 0.08291322737932205 0.1710670664906502 0 0 0 0.8316247463226318 0 0 0 0 0 0 0.1109621822834015 0 0 1.933868214488029 0 0 0 0.1490933150053024 1.731322586536407 0 0.1716142147779465 0.1612651944160461 0.09041113406419754 0.1118873134255409 0 0.1042285338044167 0 0 0 0 0.1429358124732971 0 0 0 4.734782487154007 1.782076187431812 1.530000187456608 231.7664234265685 13.33523862063885 165.0653599575162 22.42215619236231 467.5045527592301 45.71280444413424 0.4564092978835106 10.35797991603613 11.28888024389744 0 1.077228114008904 1.225410684943199 12.54271034896374 0 0 0 7.794440343976021 0 384.675994284451 10.45687007158995
1917.60797663033 3485.690879240632 2039.247248128057 723.8789016082883 1569.819319039583 31.42912007123232 3294.921826105565 1566.678515993059 815.2244973704219 819.6689764931798 2523.852858453989 80.26124886423349 535.5552973747253 1627.048880055547 12.71905089914799 7.973079569637775 0.4114349111914635 0.1793672293424606 0.1800135523080826 0.7447153404355049 1.729587256908417 0.5741380900144577 0.3164264261722565 0.4025769159197807 1.5195127800107 0.5695916563272476 0.1128180623054504 0.4557623788714409 0.2234662026166916 0.1032346487045288 1813.446717433631 37.15952146053314 21.56226594001055 0.4719152450561523 8.827842973172665 2.448760762810707 12.86983010917902 8.068417616188526 2.677603706717491 0.1112294793128967 11.00623948872089 9.365295134484768 1.362340278923512 2.772408373653889 0.5345409139990807 1.172781847417355 81.04544171690941 7.005510337650776 0.6637603640556335 1.850856877863407 1.056734725832939 0.3826835751533508 0.2363777011632919 2.010157451033592 36.46255591511726 18.1711595878005 67.41143146902323 458.9799548313022 91.15953130275011 84.2287267819047 0.5388479232788086 3.762534901499748 1.660048507153988 279.2662962600589 16.81588980555534 14.24543472379446 1.81307177990675 3.837102092802525 9.611094743013382 5.219747960567474 17.61810240149498 0 0.343903049826622 561.8221109844744 147.8762906491756 162.4151985868812 196.7311347126961 20.90727204084396 3.611548222601414 132.3693157359958 0.8975081667304039 3.649373210966587 48.98852338641882 0.3220012634992599 9.475922934710979 9.012707486748695 3.026091076433659 1.519694842398167 3.854576371610165 0.1910452470183372 1.298286698758602 0.5628538355231285 11.44694147258997 2.738995611667633 0.4991446286439896 23.61123833060265 7.056936696171761 0 1.199977703392506 635.818878903985 4.536880970001221 3.580876216292381 0.9516889229416847 0.22763741761446 1.326181814074516 1.239751107990742 0.3390742614865303 0.4097901731729507 20.60862123221159 11.2170228511095 2.566896073520184 6.919158741831779 22.99663875252008 11.15635707229376 30.7046278193593 0.09415021538734436 0.8494030758738518 0 0 0 0 0 0 0 0 0.8713031560182571 0 0.6823416352272034 0 0 0 0 0.4147490113973618 0 4.097089871764183 0.6927813813090324 0 0.3988543599843979 0 14.47472171485424 0.6665418744087219 2.492030471563339 1.232890963554382 0.4568472653627396 0.1307457685470581 0 0.2544437348842621 0.1379258632659912 0.3707635626196861 1.103490829467773 0 0 0.7486627027392387 0 0 0.3153992295265198 0 1.12959561496973 0.3990353792905807 0 0.125779464840889 0.393070213496685 0.9848391115665436 0 0 1.92606757581234 13.38032645732164 1.051408492028713 0.5559676885604858 0 0 0 0 0.08384619653224945 0.2010499015450478 0 14.30043893307447 0.1613734066486359 0.4635025858879089 0 0.1271271705627441 3.838719673454762 0.2583383321762085 3.741177543997765 1.133345849812031 2.175675541162491 0 0.6396602466702461 1.394852019846439 0 0 0 0 0.2043018862605095 0.2051978781819344 0.3470679074525833 0 16.85428155958652 9.472444899380207 11.89304067194462 370.1839697435498 22.13658487051725 635.4789563193917 138.3801766186953 200.5748494341969 58.3952405154705 2.01936823874712 45.39294346421957 15.10682062804699 0.5344449728727341 6.557329669594765 1.925827644765377 15.24452359229326 0.4430534243583679 0 2.196447774767876 11.85651756823063 0 238.739479623735 23.72437779605389
368.1175400465727 2039.247248128057 1688.24851886183 137.1404417380691 650.1286033242941 3.477965697646141 438.0106377378106 2846.617955647409 610.0105933323503 115.9757987484336 2422.997503645718 38.40432358533144 468.2585947588086 1936.574799433351 6.425291493535042 9.13239112496376 0.7093931287527084 1.77765329182148 0.4334245100617409 1.287480756640434 7.700929507613182 0 0.4263051822781563 1.771928176283836 2.158514238893986 3.044835314154625 3.012886822223663 1.641752675175667 0 0 3003.947789862752 144.8234559595585 57.14980761706829 2.361294843256474 27.05494697391987 6.650982297956944 37.57693385332823 17.01892800629139 7.382502198219299 1.439881943166256 31.13443744182587 20.58020074665546 5.331472463905811 4.542360082268715 1.004531554877758 6.328197792172432 24.05269255489111 4.415529549121857 0.8809604644775391 9.991708531975746 1.680295586585999 0.2600557506084442 0.1762609258294106 5.551028735935688 4.440156020224094 2.822806671261787 20.12392016500235 208.264470115304 17.00297935307026 17.42204309999943 4.674913816154003 11.1381403580308 6.720396712422371 226.5037715286016 5.123342208564281 8.705227516591549 1.166578002274036 7.997877307236195 48.3718364611268 34.36166024208069 51.90694459527731 0.4179887473583221 0.7078248113393784 112.4104615673423 47.4391061514616 49.74563129246235 115.9417759552598 21.85742220282555 7.415100522339344 512.6998916268349 3.837786041200161 33.36062043905258 10.06074247509241 0.1691605448722839 5.557594627141953 2.794137351214886 9.483018666505814 0 1.849467106163502 0.1519354581832886 1.013558395206928 1.096642941236496 59.612274505198 11.15001966059208 2.827261567115784 50.15585362911224 21.31487262248993 0 4.423422135412693 141.5815104171634 5.621281698346138 3.518673874437809 0.4472106099128723 0 1.587852999567986 1.548367604613304 0.2580272778868675 0 5.164480030536652 3.523528225719929 2.6871008425951 3.644865714013577 18.07858752459288 14.46465019136667 29.65928705781698 1.22371980547905 1.076021447777748 0 0 0.5273100137710571 0 0 0 0 0 1.565947450697422 0 0.1558092832565308 0.2155590057373047 1.91555643081665 0.3764984458684921 0.2278877198696136 0 0 6.560524500906467 4.605187602341175 0 0.9640308320522308 0 14.69117107987404 1.19183886051178 8.282703906297684 4.963249556720257 0.8614021688699722 1.318741336464882 0.8159627169370651 0.2263008505105972 0.373780369758606 1.315299421548843 1.680383540689945 0.1530120372772217 0 0.9745283648371696 0 0.1036964356899261 0 0.1915285885334015 2.347768142819405 0.2756498754024506 0 0 0.1711540594696999 1.493478678166866 0 0.5399979799985886 0 19.2307057082653 2.283934086561203 0 0.1008751541376114 0 0 0.2052910625934601 0 0.1300201117992401 0 18.97926112264395 0.3553994297981262 0 0 0.3789326772093773 4.112210363149643 0.7566695511341095 2.539218977093697 0.5218596607446671 3.770063906908035 1.409969568252563 0.4562591910362244 1.731892935931683 0 0 0 0 0.09400387108325958 0.4319909736514091 0.3930216655135155 0.1401009559631348 14.38939832895994 23.93197202682495 29.28606195002794 104.1501073241234 10.00846507400274 143.7134553417563 50.63328697532415 37.15427865087986 12.23688814789057 0 22.82218564301729 12.781623236835 0.9774526804685593 10.50919471681118 2.019504457712173 10.55984595417976 1.087304830551147 0 1.535376384854317 5.499825604259968 0 55.5886587202549 26.5642084479332
1648.782367140055 723.8789016082883 137.1404417380691 416.8628367111087 11.06134407222271 314.3080591261387 677.0246683582664 0.6922203451395035 0.8344139158725739 3154.951372988522 3.572573468089104 175.4398238137364 1017.835510410368 118.4002095162868 1.617132887244225 0.09523265808820724 0 0 0 0 0.1066870093345642 0 0 0 0 0.1987128853797913 0 0.09071442484855652 0 0 98.00065007060766 1.921611949801445 0.7357116639614105 0 0 0 0.3235246315598488 0.08455725014209747 0.1056871339678764 0.1093149110674858 0.360631987452507 0 0 0.2521833926439285 0 0.1934852749109268 28.64306340366602 2.255270689725876 0.3718730285763741 0.1846270710229874 0 0 0 0 18.7950367256999 8.330964960157871 32.17161995172501 235.9010333642364 72.19683186709881 43.2123829126358 0 0 0 39.50732716172934 7.700574710965157 6.403521917760372 0.6159920766949654 0.5125869289040565 0 0.1251433789730072 0.5338328406214714 0.5568582713603973 0 330.2332156449556 41.09115464985371 34.32441952079535 14.21238239109516 0.3701270520687103 0.4192070662975311 1.359691478312016 0 0.08193714171648026 22.62959627062082 0.1444896459579468 3.138988971710205 4.279430486261845 0.6755029857158661 1.634372539818287 0.8362675160169601 0 0.1648398190736771 0.08408301323652267 0 0 0.1075839996337891 34.83587127923965 4.211044557392597 0 0.08670871704816818 81.5980666205287 0.4313735961914062 2.346051394939423 0 0.800834596157074 0 0.5047141909599304 0.8056862354278564 0.59871506690979 50.68050467967987 5.050752550363541 1.316644966602325 0.7061935365200043 6.0144432336092 4.897971421480179 5.300230868160725 0 0 0 0 0 0 0 0 0 0 0 0 0 0 0 0 0 0 0 1.098818227648735 0 0 0 0 1.171736359596252 0.2684031426906586 0 0.4284634962677956 0.6902949213981628 0 0 0 0 0 0 0 0 0 0 0 0 0.1397432088851929 0 0 0 0 0.5506069138646126 0 0 0 0 0 0 0 0 0 0 0 0 0 0 1.231255702674389 0 0 0 0 0 0 0.9138301014900208 0.2147530615329742 0 0 0 0 0 0 0 0 0 0 0 0 0.8068358898162842 0.3737500458955765 0.5034709721803665 176.4470178633928 7.287458971142769 261.5557973831892 26.24924848973751 314.4904706776142 42.63975809514523 0.3562441319227219 8.815981924533844 5.275663040578365 0 0 0 10.73666216433048 0 0 0.1470323354005814 2.166881874203682 0 303.5625853314996 5.827300772070885
6.980532333254814 1569.819319039583 650.1286033242941 11.06134407222271 2152.700694903731 2.182248815894127 2551.784784093499 155.6473383903503 1256.281490050256 329.4267223626375 831.6079429015517 40.3918269276619 453.6306894347072 1338.860261596739 4.215604089200497 4.142761208117008 0.2881908863782883 0.0878034383058548 0.09776698797941208 0 0 0 0 0 0.1248749122023582 0 0 0.4089646115899086 0 0 76.25959403812885 11.93782640248537 1.530255906283855 0 0.247798316180706 0 1.864378027617931 0.3361836522817612 1.097172178328037 0.08948095887899399 0.4754743054509163 0.3991666436195374 0 1.116242431104183 0 0.1985304057598114 20.08770940452814 1.220783337950706 0.1746451109647751 0.3126036748290062 0 0 0 0.2202496975660324 5.227020539343357 2.323664531111717 5.778148859739304 29.04738402366638 7.146264851093292 13.66429311037064 0.08534270524978638 0.2810377404093742 0.09637662023305893 91.61077614873648 3.34422704577446 2.267097897827625 0.2898045778274536 0.4102907776832581 0.4511567056179047 0.3389606848359108 3.30038046091795 0 0 66.53782769292593 33.84746567904949 45.82557579129934 95.83614272624254 10.1883762255311 0.6911327987909317 0.6973030865192413 0.6187080889940262 1.237089969217777 8.142197296023369 0.0907256007194519 1.551548592746258 1.0295075699687 0.7741233855485916 0.189782477915287 0.5064905509352684 0 0.1790242567658424 0 0.6453239619731903 0.1339709758758545 0.1288061738014221 5.593630686402321 0.7142752632498741 0 0.3999229446053505 4.58796551078558 6.706777781248093 4.518536455929279 0.7554145157337189 0 3.469805508852005 3.425579249858856 1.731420263648033 0.7672132253646851 6.75160575658083 7.457630135118961 3.759276479482651 7.635221004486084 23.92183553427458 17.59240147471428 22.77583605796099 0.2976871058344841 0 0 0 0 0 0 0 0 0 0 0 0.07847472280263901 0 0 0.145866259932518 0 0 0 5.743032246828079 1.557362735271454 0.1231232434511185 0.7786722779273987 0 8.669933497905731 0.5899853259325027 3.419794753193855 4.928330712020397 0.3126567304134369 0.1390947997570038 0 0.2914883196353912 0 0 0.1716583520174026 0 0 0.2575695365667343 0 0 0 0 0.1286023110151291 0 0 0 0.7304816544055939 0.8162744715809822 0.1135426089167595 0 0 10.85402648895979 1.116759419441223 0.1759631037712097 0 0.09283144026994705 0 0 0 0 0 12.89057612419128 0 0 0 0 1.246405825018883 0 1.808683559298515 1.65920340269804 1.39831468462944 1.240531846880913 0 0.2853242680430412 0 0 0 0.1172929406166077 0 0 0 0 11.51371721923351 7.902196004986763 12.19579641520977 115.1375222429633 5.670013569295406 171.8740013241768 63.11393314599991 33.2416829392314 13.84693888574839 0.3236864879727364 18.96926781535149 11.01712051033974 0.1240620017051697 8.127027064561844 0.6333211958408356 12.53631614893675 0 0.8203039988875389 1.114658370614052 5.658750355243683 0.4275523722171783 60.78035178035498 19.88770817965269
36.03200227022171 31.42912007123232 3.477965697646141 314.3080591261387 2.182248815894127 0.9841199517250061 36.60625275969505 1.712762832641602 0.9374560564756393 497.5262315496802 1.839386686682701 139.0072574019432 63.94163458049297 16.4797551035881 0.3756049051880836 1.048990815877914 0 0 0 0 0 0 0 0 0 0 0 0 0 0 12.82873407006264 1.895571827888489 8.341361731290817 0 0 0 12.26402336359024 0.1597736477851868 3.174182280898094 0 0 0 0 0.6708337813615799 0 0.991251528263092 1.139618843793869 0 0 0.2872930467128754 0.4374911785125732 2.559138268232346 0 0.1597886681556702 0.3075871765613556 0.6498665511608124 187.2107415795326 42.84539557993412 4.099844075739384 1.300117760896683 2.479159981012344 0.9467703998088837 0 0.4477569013834 0.1953199952840805 0.4450376927852631 0.1445899605751038 0 0 0 67.20264876633883 177.3821089342237 4.464220330119133 11.02037279307842 0.3452665731310844 0.7545911818742752 1.224324993789196 1.01891040802002 0 1.715935528278351 1.025774091482162 1.249875158071518 0.2307731062173843 1.76459975540638 0.2236897870898247 0.8167613819241524 0.1310532242059708 2.154358804225922 2.509001463651657 9.386327803134918 0.3591997623443604 0.8046281039714813 0 0 0 216.1015650033951 194.2455999404192 15.78689895570278 18.04095800220966 630.0991526097059 0.9468586146831512 2.29444283246994 0 0 0.373590886592865 0.6643931120634079 0.9086367338895798 0.2998940050601959 4.340106651186943 1.744279429316521 0 3.186546206474304 8.361538976430893 1.305585399270058 2.566817745566368 0 0.08474782854318619 0 0 0 0 0 0 0 0 0 0 0 0 0 0 1.072303682565689 0 0 0.6285050511360168 0.9360478520393372 0 0 0 0.8512409701943398 0 2.328888237476349 0.5320277884602547 0.476463109254837 0 0 0 0 0.1632229089736938 0 0 0 0 0 0 0 0.42733234167099 0 0 0 0 0 0.3988029211759567 0 0 0.1028942763805389 0 0 0 0 0 0 0 0 0 0 0.5494522005319595 1.338670134544373 0 0 0 0 0 0 0 0 0 0.5923140347003937 0.1202487424015999 0 0.2965694069862366 0 0 0 0 0 0 1.135565385222435 0.9396814182400703 1.625610291957855 41.65830349177122 0.5479431003332138 5.770197913050652 2.072012156248093 229.9788598716259 1.829325422644615 0.3226740658283234 0 5.487384811043739 0 1.128179758787155 0 23.51737412810326 0 0.2447709739208221 0 0.2541114687919617 0 173.7528730258346 10.73500740528107
428.5218074321747 3294.921826105565 438.0106377378106 677.0246683582664 2551.784784093499 36.60625275969505 1179.830770161003 151.3697212189436 3039.592325717211 3110.003724232316 851.2720568701625 338.6190024837852 2763.207383111119 2244.182645656168 14.94627532362938 9.111464962363243 0.5146115571260452 0.4272247031331062 0.08111689239740372 0.1853570714592934 0.4688392654061317 0 0 0 0.2022977992892265 0.2170053198933601 0.09145074337720871 0.2953198850154877 0 0.0893789604306221 281.0608100295067 20.13958945870399 4.139845289289951 0 0.2118067443370819 0.2408920601010323 4.885892979800701 1.062532179057598 0.8303683176636696 0 0.9107438921928406 1.068478554487228 0.2864009514451027 4.547313660383224 0.5520691722631454 0.839160218834877 74.15215479582548 4.875072345137596 0.7649533674120903 0.6373297572135925 0.3889661133289337 0.103895328938961 0.1376622468233109 0.1847064346075058 23.37675911188126 13.34932011365891 25.56178615242243 140.1141019836068 43.10631420090795 60.55425399541855 0.3916919380426407 0.398434691131115 0.1815598979592323 218.6021364107728 12.79044262319803 9.849319450557232 0.7787447348237038 1.407147102057934 0.6486669406294823 0.3470208942890167 6.489604443311691 0.228074699640274 0 302.7820817530155 105.4452051594853 156.0765028521419 251.3663894608617 27.85165295004845 2.641324296593666 3.104071490466595 1.140366047620773 1.699303664267063 36.80505751818419 0.4747446104884148 7.850658640265465 6.168031103909016 1.951454341411591 0.8926563188433647 3.419306814670563 0.1938695833086967 0.9851086437702179 0.2720267549157143 1.154169455170631 0.7230297848582268 0.08960644155740738 29.33957626670599 6.185006313025951 0.08690827339887619 0.4519981145858765 31.34723664075136 23.12557538598776 19.83266071975231 30.61439864337444 5.227953061461449 6.165790654718876 63.41485417634249 13.85873395204544 6.074632830917835 65.12179655581713 97.93579316884279 13.40211041271687 30.02322262525558 124.7126899883151 62.93530040234327 120.7379663363099 2.888861864805222 2.558834418654442 0 0 0 0 0.6501429677009583 0 0 0 0.3739399313926697 0 0.3051937818527222 0 0 0 0 0 0 31.66937623918056 6.953279361128807 0 0.1165434792637825 0 39.73188511282206 0.6826502978801727 8.147360578179359 7.305610857903957 4.656816154718399 0.113675057888031 0.1553689390420914 0.3241169154644012 0.7205808758735657 2.410455450415611 3.570464812219143 0 0.3940367177128792 1.879690028727055 0 0 0 2.171686872839928 0 0.2162003740668297 0.1172014772891998 0 1.918480589985847 6.40388710051775 0.148772656917572 2.624077871441841 0.2897558882832527 44.59463945031166 3.946376301348209 0.1079526543617249 0.09045085310935974 0 0.09358431398868561 0.0772193968296051 0.09033410996198654 0 0 60.03691037744284 0 0 0 0.09801466763019562 11.4575807005167 1.289015740156174 11.22352559864521 6.026205599308014 4.162772625684738 3.354622595012188 1.204446941614151 3.188823282718658 0.1285824179649353 0 0 0 0.7323351874947548 0 0 0 55.92539635300636 26.47901124507189 48.42946281284094 416.4303260222077 24.26604776829481 631.028929553926 190.197022870183 186.3178286328912 61.50559327751398 2.037664413452148 67.88656454533339 49.38540990650654 2.013674676418304 23.07848022133112 3.554493047297001 51.70298277586699 0.2596322000026703 0 3.520269021391869 15.95188216120005 1.915749996900558 364.0378553271294 92.39841719716787
88.27553595602512 1566.678515993059 2846.617955647409 0.6922203451395035 155.6473383903503 1.712762832641602 151.3697212189436 897.6110825315118 1095.572919800878 7.892189733684063 1744.872089594603 38.85665140300989 562.4833820983768 2847.649398617446 8.084535382688046 10.49046707898378 1.671977467834949 5.812515571713448 0.4756148457527161 9.360328041017056 31.25063841789961 1.675338760018349 4.705947160720825 6.772896647453308 14.52550213038921 7.710761144757271 7.952831290662289 2.918142750859261 0.5419332459568977 0 1602.94611980021 1055.702155821025 144.5591173619032 14.58533798158169 80.44738800823689 31.47074133902788 62.26757977157831 52.1555383503437 13.06810074299574 5.434036992490292 99.30576958507299 63.85560951381922 21.23495534062386 21.56768628209829 3.724503614008427 39.94450245797634 28.56407505273819 3.553202614188194 1.419932506978512 38.73291440308094 6.974622689187527 1.21518187224865 0.24237210303545 10.22946149855852 3.696640908718109 1.22903698682785 9.392849296331406 90.32249148190022 11.01973130553961 9.878929622471333 50.57769384235144 83.28070568293333 20.97733550518751 434.3220512121916 2.36374719440937 10.30636750161648 7.022881202399731 16.85659493505955 107.1335578933358 134.1311491131783 62.46965472400188 0.6492771208286285 0.5359908789396286 66.05162187665701 51.29913350939751 48.17919113487005 148.7288011386991 215.073599152267 333.4679768532515 1730.717501141131 68.83044742792845 1216.348683580756 5.166457310318947 0.07168878614902496 3.197903551161289 2.657797150313854 16.65072984993458 0.2146597802639008 2.83844731003046 0.1183557733893394 2.483137086033821 1.373418785631657 176.0233089327812 36.10577481240034 6.770555667579174 34.86481267213821 15.53357476741076 0 6.093158818781376 39.37940527498722 6.954212911427021 2.586501449346542 1.043540716171265 0 3.588011637330055 2.137581750750542 1.26140782982111 0.5478461384773254 6.959695488214493 6.145202703773975 2.404382929205894 8.758255511522293 20.67084564268589 13.02019343525171 29.51264874637127 3.641041241586208 0.5583720877766609 0 0 0.3346535116434097 0 0 0.1420588046312332 0 0 5.288249760866165 0 0 0.42950539290905 0.5227944254875183 2.516947150230408 0 1.251239717006683 0 10.77388940006495 2.026643514633179 0 0.09626556932926178 1.119268536567688 18.6018179282546 1.470187216997147 4.633913844823837 3.92280076444149 1.893278777599335 3.942353419959545 1.134519703686237 0.5223254561424255 0 1.30975528806448 0.5095645189285278 1.08278626203537 0.6920669078826904 0.3571425303816795 0.2302274107933044 0.1708932518959045 0.5552309900522232 0.6761335954070091 10.35538865625858 0 0 0.1106792390346527 1.377582728862762 1.06811947375536 0.09970098733901978 1.086950741708279 0 16.82618743181229 0.3793876022100449 0.585384726524353 0 0 0.1140670627355576 0.1529860645532608 0 0.2265424579381943 0.8021513968706131 18.5047664642334 2.176947042346001 0.6230428218841553 0 1.744798377156258 3.021152146160603 1.949064582586288 3.068093568086624 3.123735867440701 1.877697326242924 0.3110830336809158 1.475350737571716 1.989018589258194 0 0 0 0 0.2445534691214561 0.5383326858282089 0.8384860530495644 0.3754664212465286 23.96874945610762 22.8512828797102 35.62894890457392 114.9712504446507 13.70353735238314 136.1978201642632 59.88354367762804 33.95136468857527 13.02879525721073 0.1490142494440079 27.25488390773535 18.0162812396884 1.45679846405983 4.738920524716377 3.401135489344597 4.537819154560566 2.601389706134796 0 1.270704582333565 7.578472092747688 0.3199201971292496 63.239143460989 28.47874473780394
1.007339745759964 815.2244973704219 610.0105933323503 0.8344139158725739 1256.281490050256 0.9374560564756393 3039.592325717211 1095.572919800878 684.7799472659826 90.9886564463377 465.0626673921943 10.68897470086813 473.7827628850937 651.6823019608855 2.718440026044846 2.04713549464941 0.2189244255423546 0.08660594373941422 0 0 0 0 0 0 0 0 0 0 0 0 8.812743045389652 2.820342324674129 0.4447656571865082 0 0 0 0.9241070300340652 0.4052232727408409 0 0 0 0 0 0.1662741675972939 0 0.1041783019900322 6.131858244538307 0.2752571478486061 0 0.08406413346529007 0.09732579439878464 0 0 0 0.9685395658016205 0.3798940181732178 0.7970530614256859 4.441644161939621 1.212111607193947 2.58378953486681 0 0.257434569299221 0.171982079744339 18.38563573360443 0.2296001240611076 0.5973974615335464 0.08018258959054947 0 0.2042310610413551 0.2571829110383987 1.072637468576431 0 0 9.582327634096146 7.330161646008492 14.23876564949751 32.82083362340927 4.846803866326809 0.2145690694451332 0.2488423511385918 0.4060197323560715 0.4012445211410522 1.469111546874046 0 0.3251467272639275 0.2298988699913025 0 0.09119816869497299 0 0 0.07080653309822083 0 0.260187566280365 0 0 1.836985073983669 0.412447951734066 0 0 0.3680104836821556 0.9014614894986153 0.8337092697620392 0.4294254556298256 0 2.542898610234261 1.115249410271645 0.9192134439945221 0.1260704547166824 2.562289781868458 1.93236717581749 0.9651031047105789 2.760445669293404 9.588270090520382 4.091510273516178 8.130508035421371 0 0.5890569239854813 0 0 0 0 0 0 0 0 0.1213836446404457 0 0 0 0 0 0 0 0 1.809226259589195 0 0 0 0 3.099626608192921 0.1293988525867462 0.5887231603264809 0.5124843865633011 0 0 0 0 0 0.1261301338672638 0 0 0 0.3005385547876358 0 0 0 0 0.1584607064723969 0 0 0 0 0.174783319234848 0 0 0 3.947271645069122 0 0 0 0 0 0 0 0 0 3.844760082662106 0 0 0 0 0.8361861482262611 0 0.1691210716962814 0.5744713097810745 0.1077535822987556 0.2925347834825516 0 1.025997117161751 0 0 0 0 0 0 0 0 3.521387688815594 2.598246924579144 4.416471645236015 31.78418026864529 1.902743332087994 37.83463513851166 17.3293940871954 6.494048900902271 3.480910167098045 0 6.190295323729515 3.804254449903965 0 0.6121759414672852 0.7000463306903839 1.365688100457191 0 0 0.1136024072766304 1.217690274119377 0 12.56601417064667 4.909502618014812
2207.508734405041 819.6689764931798 115.9757987484336 3154.951372988522 329.4267223626375 497.5262315496802 3110.003724232316 7.892189733684063 90.9886564463377 2510.579497814178 108.1584053561091 2282.109010979533 5212.264784537256 1170.459431417286 2.556710422039032 1.351847738027573 0.1927102133631706 0 0 0 0 0.1725275665521622 0 0 0 0 0 0 0.3167363256216049 0 73.66705875843763 2.692824646830559 96.90170807391405 0 0 0 53.02314472943544 0.4534721970558167 1.273396894335747 0 0 0.1753721535205841 0.3547012209892273 0.3177237063646317 0.1145392209291458 0.5685505345463753 42.97572746127844 2.557773783802986 0.09586081653833389 0.1129697859287262 0.09643455594778061 0.08926571905612946 0.1491477191448212 0.4693839848041534 27.85726638883352 11.10369175672531 40.77915268391371 217.1810716539621 87.87865013629198 50.48753217607737 0 0.4322875738143921 0 51.82319889217615 10.76930337399244 9.039037279784679 0.6790280416607857 0.8524181842803955 0.5979200601577759 0 114.9588567912579 28.44825836271048 1.0907371789217 390.0096929445863 49.13231057673693 48.29648262262344 27.04807759821415 2.162061773240566 0.2954134494066238 2.02382430434227 1.230196729302406 0.5939531028270721 28.49890933185816 0.4903969615697861 4.440903209149837 5.88566192984581 0.7708108201622963 0.6234261840581894 2.275975808501244 1.010770380496979 0.1902288571000099 0.698883168399334 0.3730083778500557 0 0.1107501685619354 217.0421630889177 28.01781369000673 0.8529530614614487 2.083203598856926 200.7080108374357 21.38160379976034 50.67854337394238 18.44191816449165 6.094159938395023 17.68158590048552 31.53983249515295 39.21224138885736 13.18367486447096 122.4993127286434 124.5863138511777 9.52300339192152 53.44362334907055 218.94695635885 99.34123630076647 125.9049722477794 1.258905157446861 0.9936234578490257 0 0.5322749614715576 0 0 0 0 0 0 0 0 0 0 0 0.1303937137126923 0 0 0 34.23721715807915 4.06615949422121 0 0 0 25.0136179998517 0 5.056049540638924 3.453551478683949 1.496277347207069 0 0 0.1880195885896683 0.2731087207794189 1.958538249135017 0.9948074817657471 0 0.1017467677593231 0.9735531136393547 0 0 0 0.969771146774292 0.3438796103000641 0.09782768040895462 0 0 1.780143216252327 2.920570090413094 3.424984842538834 0.7108448669314384 0.2816586196422577 35.2874753922224 3.474228918552399 0 0.8021629527211189 0 0 0 0.1729143112897873 0 0 55.73747200518847 0.1320212930440903 0 0 0 9.074064962565899 0 13.16666947305202 3.59514294564724 3.474994778633118 1.469884678721428 1.08645860850811 0.4744388908147812 0 0 0.1515628695487976 0 0.3150913491845131 0 0 0 59.9113549888134 15.63269694894552 25.31356081366539 378.752732925117 10.77440264821053 371.1086336374283 50.43348570168018 810.6545124948025 44.99731805175543 0 18.62505064159632 98.9850604981184 0.2918897271156311 13.57760736346245 6.214253500103951 166.4372656196356 0.4586993828415871 0.821056567132473 3.277743190526962 4.216808371245861 2.187966018915176 1809.48232806474 208.7517905384302
103.9040958061814 2523.852858453989 2422.997503645718 3.572573468089104 831.6079429015517 1.839386686682701 851.2720568701625 1744.872089594603 465.0626673921943 108.1584053561091 718.8935606852174 223.2092415392399 2515.987550534308 4395.771978832781 13.52494566887617 18.7874738574028 0.862103246152401 1.265770517289639 0 1.077054336667061 4.896775037050247 0.113435409963131 0.2611668631434441 2.103503152728081 2.227531149983406 1.323351576924324 1.746482372283936 2.139209061861038 0 0 634.2600154653192 143.5015483945608 438.4736915677786 2.950016602873802 16.55476700514555 8.503601722419262 115.2087366878986 53.24493999034166 13.76628795266151 4.029452301561832 26.10218445211649 16.02814511209726 2.19942969083786 5.312649294734001 0.8459086045622826 0.5636015757918358 28.37516541033983 1.036726549267769 0.4627217650413513 0.7488184124231339 1.492168307304382 0.8965771496295929 0.1321843862533569 7.031883209943771 5.039522223174572 2.64584631472826 8.157693773508072 46.76021249592304 8.60390966385603 16.86870767921209 0.8582592755556107 37.67017637193203 2.490219697356224 141.1806119978428 2.459320724010468 2.836195781826973 0.3936165422201157 1.437186032533646 7.76930658519268 14.53303053975105 102.0978535562754 1.002265572547913 0.3667804747819901 64.3313097730279 34.38531012833118 62.58708965778351 138.7761082574725 42.22281942516565 2.255965165793896 65.82501786202192 0.8073747307062149 32.50070989876986 8.931542754173279 0.08063328266143799 1.352342039346695 1.540539599955082 0.786321610212326 0.2261406481266022 0.8687331974506378 0.3004366457462311 0.5092296227812767 0.5389361381530762 19.78705837577581 6.230288624763489 2.937315009534359 40.44462963193655 20.90860323607922 0 5.40850955247879 27.82537686824799 1.986043959856033 2.111071094870567 1.934847071766853 0.4060349464416504 2.799352787435055 0.7972917258739471 1.219707287847996 0.2813458740711212 4.19674875587225 4.745734453201294 3.391102775931358 6.42506680637598 20.77717741578817 9.946127258241177 29.99424116313457 1.530502371490002 0.8185526505112648 0.1004762351512909 0 0.1101579144597054 0 0.3920590877532959 0.1519873291254044 0 0.219975084066391 3.214934341609478 0 0.08947654813528061 0 0.2134137004613876 0.5690946653485298 0 0 0 4.614496402442455 0.4883537739515305 0 0.5431866273283958 0 11.75802413374186 0.5592632442712784 2.350565530359745 3.924036964774132 0.5181649252772331 1.307399988174438 0 0.169582262635231 0.09585559368133545 1.128689013421535 0.9902115166187286 0 0.2403326630592346 1.472653940320015 0 0 0.3557590544223785 0.08163639903068542 4.23108372092247 0 0 0 0.1653429642319679 0.5037012696266174 0 1.36377077549696 0.2102040722966194 14.19549515843391 1.402831062674522 0 0 0 0 0 0 0 0 12.52276998013258 0.4895447492599487 0.1432712227106094 0 0 2.176578752696514 0.364056259393692 2.356976464390755 2.693720854818821 1.107824072241783 0.4988783076405525 0.3710208982229233 1.2951705083251 0 0 0 0 0.0770813375711441 0 0 0 15.88272327184677 17.23813433200121 22.01482867449522 111.1523038595915 6.663169242441654 145.6452042981982 62.08812300860882 17.97078362107277 9.014374583959579 0.1122447103261948 22.11771731078625 16.77175734937191 0.3971700966358185 4.435897432267666 1.385880969464779 10.94738125801086 0.147463783621788 0 0.8409756571054459 8.370979435741901 0.2756206095218658 49.93892461061478 26.79640408605337
53.4128652215004 80.26124886423349 38.40432358533144 175.4398238137364 40.3918269276619 139.0072574019432 338.6190024837852 38.85665140300989 10.68897470086813 2282.109010979533 223.2092415392399 447.1102921962738 1826.485276155174 696.7505452409387 10.02211380749941 13.25700490921736 0.1711262315511703 0.07818608731031418 0 0 0.2019064277410507 0.5566538572311401 0 0 0 0 0 0.4868259727954865 0.8447812050580978 0 5.83013466745615 1.919020235538483 60.19654026627541 0.2740244418382645 0.7182934135198593 0.6123324781656265 58.81405017524958 4.053120046854019 2.331249862909317 0 0.8827316462993622 0.5374516844749451 0 2.23055561631918 0.4992447271943092 0.4842652156949043 12.95319401472807 0.1704178974032402 0.1262195408344269 0.1679188087582588 0 0.5591323971748352 0 0.4852195531129837 1.195182628929615 0.6698442324995995 3.800793759524822 6.018970102071762 2.154056698083878 7.931924149394035 0 4.297703221440315 0 19.72228135168552 0.7782244384288788 0.6531060785055161 0.1680634170770645 0.09511379897594452 0.1866410076618195 0.1724347770214081 90.2864502966404 2.048108518123627 0.1339169889688492 14.01694265007973 7.183383837342262 28.88890608400106 57.14555193483829 23.55422004312277 0.328430250287056 13.54152366518974 0.4627274870872498 1.803913846611977 1.82994744181633 0 0 0.282295361161232 0.1106669157743454 0 0.3117011487483978 0.1384497284889221 0.09369325637817383 0 0.7474914789199829 0.1456770747900009 0 347.3540306389332 15.07873862236738 0 1.857267335057259 38.71494807302952 26.15079641342163 23.80131343752146 4.083110488951206 1.695261508226395 13.99522809684277 11.21848636865616 17.18475426733494 4.761730879545212 59.11701435595751 51.27740579098463 12.71250000596046 39.76526790857315 158.379446811974 96.06018602848053 130.0884832814336 1.488362170755863 2.134888410568237 0 0 0 0 0 0 0 0 0.1668875813484192 0.9371467232704163 0 1.05000376701355 0 0 0 0 0 38.18163080513477 8.789653412997723 0 0.6447555422782898 0 37.24674218147993 0 8.329124867916107 4.443047270178795 1.499085113406181 0 0.2651857733726501 0 0.1484043896198273 0.8463478237390518 3.866203673183918 0 0.5577866584062576 0.5776641741394997 0 0 0 0.1094411462545395 0.5615597814321518 0.423222079873085 0.09140662848949432 0 2.220557264983654 5.105972655117512 0.7327848598361015 0.9712159186601639 0.172879084944725 29.38705645501614 2.24483884125948 0 0 0 0 0 0 0 0 68.42637880146503 0 0 0 0 9.969809494912624 1.191811934113503 10.30862705409527 4.241843700408936 8.148391418159008 1.710881784558296 1.369373306632042 0.5741414874792099 0.1236482039093971 0 0 0 0 0 0 0 79.2735804989934 27.41013722121716 48.54802253097296 159.4469456523657 4.302473112940788 77.60645405203104 49.85272458195686 87.7294472232461 5.960757113993168 0.5935630798339844 34.91461075097322 48.44771044701338 0.5228174924850464 18.50742064416409 3.823722973465919 77.979004368186 1.259377658367157 0 3.749171644449234 8.71985375136137 0.5115633606910706 805.6828700229526 177.745764054358
188.7900131344795 535.5552973747253 468.2585947588086 1017.835510410368 453.6306894347072 63.94163458049297 2763.207383111119 562.4833820983768 473.7827628850937 5212.264784537256 2515.987550534308 1826.485276155174 3058.367867968976 5239.241142608225 35.8860052600503 41.74962450563908 1.033142529428005 0.4097394868731499 0.2898735255002975 0 0.8799072653055191 0.9259869754314423 0 0.3349001482129097 0.6251436993479729 0.1504351794719696 0.3252642303705215 0.6294897794723511 2.616208620369434 0.1334197968244553 41.13460721820593 18.09192383289337 252.3370863422751 0.3017516657710075 1.711349613964558 0.7980417385697365 158.3970739990473 11.45169904828072 8.330826796591282 0.8378154411911964 3.410934187471867 2.756327845156193 0.4195121750235558 11.77580466121435 1.876338876783848 2.58807136118412 64.84786711633205 3.695687599480152 0.7276081815361977 0.8767518773674965 0.2978016138076782 0.1641756445169449 0.1522691994905472 2.691329583525658 8.085937678813934 3.467264950275421 11.10946702957153 43.94280726462603 16.07711008936167 35.72739941626787 0.4030730277299881 14.89107873290777 0 151.7818744331598 5.798094697296619 4.914625585079193 0.6114114969968796 1.333433620631695 1.833935648202896 1.816999971866608 339.2350765988231 2.765581771731377 0 107.6575731188059 51.21909049153328 147.3645863234997 320.9820706471801 89.1306192278862 2.786216251552105 65.32264618575573 0.6966404318809509 9.635783702135086 15.00687702745199 0.1805603131651878 2.472500629723072 2.374906294047832 1.381866045296192 0.6549521535634995 1.145684234797955 0.09332403540611267 0.3932695463299751 0.9914225339889526 2.257438622415066 1.603936575353146 1.213670656085014 509.660980656743 19.61865743249655 0.5607144832611084 3.701825961470604 16.22105212509632 33.89398710429668 32.20498514175415 7.214376829564571 1.533153422176838 22.95837346464396 17.9137566909194 19.26441669464111 9.57705957442522 98.55578274279833 70.09169924259186 19.21259029209614 54.50202462077141 199.8849631473422 117.6627091914415 213.4785397574306 2.754217155277729 4.733852580189705 0 0.3356083035469055 0.1330805569887161 0 0 0 0 0 0.274760976433754 0 0.452528715133667 0 0 0.7674518078565598 0.6430830657482147 0.1778915822505951 0 48.23370151221752 12.15491537749767 0 3.81727908551693 0.9969097971916199 77.40002109855413 2.695467889308929 19.2419743463397 9.968839675188065 3.001005910336971 0 0.4838321954011917 0 1.087585784494877 3.691982463002205 2.486245021224022 0 0.8159192875027657 5.966024413704872 0 0 0.1175505816936493 3.855186559259892 0.4913131147623062 0 0.3633258640766144 0.1239948943257332 3.36446737498045 5.018562704324722 1.057400777935982 3.210532508790493 1.878992453217506 63.43646640330553 7.03554879128933 1.157442480325699 0.2894392013549805 0 0.4593915045261383 0 0 0 0 113.3843879327178 0.3712394386529922 0 0 0.09145472198724747 16.5205382630229 3.697777457535267 15.22431763261557 9.102491870522499 6.003447905182838 5.463564060628414 1.870632633566856 4.174705840647221 0.107981450855732 0 0 0 0 0.3481661975383759 0.08881474286317825 0.1467214077711105 119.1232662498951 61.77391722053289 100.2139212712646 458.3133549019694 14.82819050550461 391.5377236902714 205.9281894564629 116.3553028181195 28.31140924245119 2.673320226371288 100.3444722816348 90.72830767929554 1.937540076673031 31.10067512094975 8.309752263128757 105.3636379018426 3.116866551339626 0 7.279720820486546 29.98709386587143 1.343598693609238 645.2272214069963 217.6099183708429
