868.7947482913733 2616.0230672732 576.3860798403621 964.604799285531 34.35156642645597 201.9718996435404 583.2505571395159 123.5026570633054 2.279438585042953 1025.406430922449 83.07638643682003 41.46299912780523 152.0330218225718 42.37568692117929 2.237906277179718 1.031731136143208 2.039240173995495 0.09883630275726318 0.09490576386451721 0.1188643872737885 0.2876947373151779 0.3213381171226501 0 0.3365415036678314 1.900006718933582 0.926093727350235 0.4381144791841507 0.5610133111476898 0.2741243690252304 0 505.0184276029468 1.682807706296444 26.55710685253143 0.2459823936223984 0.9963768124580383 0.8066024929285049 10.78670398145914 3.724152885377407 1.271241292357445 0.5606937557458878 0.4997530281543732 0.6347082182765007 0.1417776346206665 0.4079552069306374 0.1009783744812012 0.5938169211149216 45.24770513921976 4.089991047978401 0.4643747210502625 0.1039087101817131 0.2237408012151718 1.022925473749638 0 1.052214041352272 6.888395324349403 7.415280997753143 264.623579531908 334.2782769203186 159.0124358385801 30.60725333541632 0.8916064202785492 2.178013943135738 1.070447236299515 33.39663450419903 3.602021515369415 2.881617918610573 0.2950205206871033 1.504342064261436 1.17788265645504 0.3697042614221573 49.65263474732637 21.73313670605421 0.5275034308433533 352.2550806030631 86.29868911206722 30.61474157869816 6.478163056075573 1.045765444636345 0.9256799519062042 24.53624172508717 0.9675286263227463 11.99340716004372 17.24114987254143 0.7438509538769722 6.177249059081078 2.320287242531776 2.170054145157337 0.2973559722304344 0.6056161373853683 0 1.351676151156425 1.048863977193832 0 0.1188888400793076 0.6179486811161041 48.05496317148209 18.88343672454357 3.021009236574173 1.982183396816254 1244.16472941637 0.8054943233728409 3.397029533982277 3.035063594579697 3.631672993302345 1.559264793992043 7.328110083937645 10.0497065782547 1.235882468521595 47.41768164932728 26.36222502589226 0.8742813318967819 3.867608524858952 14.18128319084644 3.249709948897362 2.775959983468056 0 0 0 0 0 0 0.1649717837572098 0 0 0 0 0 0 0 0 0 0.2680701613426208 0.6477233171463013 0 0.7964286208152771 0.2814385294914246 0 0 0.3463367819786072 1.967748299241066 0 3.286557577550411 1.188033416867256 0.4766230657696724 0 0 0 0 0 0 0 0 0 0 0 0.2610006928443909 0.4608682617545128 0 0.1247691363096237 0 0.09395310282707214 0 0 0 0 0.7092770338058472 1.327663540840149 0.1298018395900726 0 0 0 0 0 0 0 0 2.067727416753769 0 0 0 0 0.1181475594639778 0 0 0 0 0.2123635560274124 0 0 0 0 0 0 0.1452410817146301 0.2245066165924072 0 0 0.8436786085367203 0.4646363854408264 0.827382892370224 211.3161648660898 6.108538895845413 144.2725383639336 33.07160832732916 536.5601026564837 13.33204481750727 0.9662856012582779 7.227240175008774 52.23522524535656 0 1.499456331133842 0 42.72256529331207 0 0 0 8.412057116627693 0.2643764317035675 404.7393494695425 5.817274563014507
2616.0230672732 4727.496296539903 1326.415648438036 220.943915836513 3007.673710435629 111.3609866723418 2904.78928823024 942.9066784009337 1040.229341059923 860.0886267498136 1336.812835976481 246.9029347524047 2366.956327103078 2190.034839056432 20.91105079650879 6.013208635151386 2.410821169614792 0.3551177307963371 0.6072492599487305 0.7058975324034691 0.8723426535725594 1.203883200883865 0.1073987185955048 0.8995647728443146 8.191345557570457 3.939557753503323 1.192250795662403 5.120433859527111 1.786326922476292 0.1257673501968384 2050.371728867292 66.2591195628047 142.1417739838362 2.64859514683485 1.266609385609627 3.812170788645744 51.18161597847939 7.270141616463661 1.49937142431736 3.957689002156258 2.56668683886528 5.323866933584213 0.2950563132762909 1.037289880216122 1.272479265928268 0.8707208931446075 133.0518360584974 11.96497718989849 1.335171304643154 1.20508099347353 0.5045772343873978 4.787572376430035 2.201265215873718 5.724642656743526 11.41000844538212 15.15507068485022 403.7106852456927 561.2111115902662 227.8191700130701 80.07847946882248 2.661973908543587 9.443122014403343 2.224333427846432 150.3656203299761 7.540400706231594 6.408396899700165 1.096637226641178 4.528614707291126 2.267567791044712 1.962198093533516 12.63774912059307 0.8912451863288879 0 667.1734275072813 279.3088545054197 155.6126593202353 42.36932089179754 4.257431462407112 2.982112139463425 108.7739286422729 2.669852301478386 37.65274956822395 27.75353924930096 0.9901699423789978 13.89805670827627 3.279471255838871 6.785006649792194 1.0623659491539 1.473480448126793 0 0.976690262556076 1.749841555953026 1.780305653810501 1.763447858393192 2.852625288069248 18.22372390329838 0.1504863500595093 0.4727325439453125 0 1094.831552527845 0.1361037045717239 2.417677000164986 0.3368839919567108 1.030308872461319 1.17060475051403 8.038215756416321 6.49272446334362 1.783368185162544 17.90499013662338 9.521364703774452 0.7054945528507233 3.824402317404747 12.85336340218782 2.887907192111015 4.100608229637146 0.24758180975914 0.1712417006492615 0 0.6130307912826538 0 0 0 0 0 0 0 0 0.7881124764680862 0 0.4729129076004028 0 0.109998807311058 0.1135337427258492 0 0.5232072025537491 0.1850823760032654 0 0.1124984323978424 0 1.870825700461864 1.153876781463623 2.675254285335541 1.906827121973038 1.374553248286247 0 0 0 0 0 0.09569317847490311 0 0 0 0 0 0 0.2095569744706154 0 0.1111678406596184 0 0 0.3068520426750183 0.1258298307657242 0.3952210023999214 0 0.3702359795570374 2.238918043673038 0 0 0 0 0.1066143736243248 0.1088743880391121 0 0 0 4.282373532652855 0.1754099428653717 0 0.2990156710147858 0 0.2842606082558632 0 0.3769807815551758 0.332429975271225 0.5076844096183777 0.1271798759698868 0 0 0 0.1162581965327263 0.1002034172415733 0 0.1339965611696243 0.1341992020606995 0 0 0.8654271736741066 0.5164958238601685 0.6126809567213058 216.0542425587773 15.16279616951942 342.943190202117 73.55929358303547 253.2102680727839 36.41082175076008 4.678758285939693 36.69273943454027 27.52269765734673 0 1.8454330265522 0.476506695151329 19.57622709870338 0 0.210834838449955 0.5789092779159546 7.432568743824959 0.3180565536022186 152.0655983313918 1.494819134473801
576.3860798403621 1326.415648438036 1750.133137196302 1.409498855471611 1512.332631088793 0 337.3856799453497 4585.654022723436 1093.324344597757 36.09339585155249 2036.650646448135 61.92048344016075 412.1299680098891 1063.940179303288 35.55530772358179 20.86841040104628 4.663976930081844 7.573191724717617 0.4247190579771996 25.04914431273937 67.92912396788597 2.340165950357914 3.51679614931345 5.199258327484131 40.34439074993134 10.57166494429111 4.408961027860641 20.55248957127333 4.055696830153465 0.814559131860733 3202.557136923075 383.7747672572732 331.8320707753301 16.7451106980443 14.12095361202955 23.83234602212906 70.02657067030668 35.18520065397024 4.396381951868534 13.7925099208951 22.67748663574457 34.0632092654705 19.76601469516754 7.565350010991096 1.886963628232479 4.680526539683342 50.86088463664055 3.177982002496719 2.534544788300991 16.01520982384682 5.458984173834324 13.02811365574598 2.206894762814045 28.79102449119091 3.412805125117302 4.252870321273804 237.9290457516909 426.4601088985801 108.1967826113105 20.81755378842354 135.0319725498557 55.10722568631172 12.6093588322401 128.8630689755082 3.716324776411057 10.2478401362896 6.215338222682476 29.50475822389126 101.5936587676406 85.3631277680397 15.29456362128258 1.083844259381294 0.4155943989753723 180.681829020381 79.84258439391851 58.53404939174652 43.05609449744225 16.92708197981119 337.3841697350144 1067.162799365819 103.1735968440771 908.4447198584676 4.218737713992596 0.3716626092791557 5.36880762130022 2.38778817653656 11.9892408773303 0 0.2461171820759773 0.175997331738472 2.437018260359764 2.600331425666809 112.9676689133048 17.12707628309727 12.68987793475389 4.693256609141827 0.6429520845413208 0.3884619772434235 0.2563016414642334 187.8489573001862 0 0 0.162412628531456 0 0.6061368584632874 2.086351722478867 0 0.2052077353000641 5.09064918756485 4.753219351172447 0 1.297631248831749 3.224906727671623 1.825581550598145 2.037298001348972 0.1475676000118256 0 0 0.1918545141816139 0 0 0 0.1167126893997192 0 0 0.1552615612745285 0.1312072277069092 0.2977988049387932 0.4883789420127869 0.1194036528468132 0 0.9535217881202698 0.6051819324493408 0.08499187231063843 0 0 0.09544949978590012 0 0.1869153380393982 2.688719928264618 0.282248318195343 3.982995726168156 2.106503136456013 2.165960408747196 0.2652280032634735 0.3228603601455688 0.09100741147994995 0.1099751964211464 0 0 0.1777853816747665 0 0.6642326712608337 0 0.5727410614490509 0 0.3804333806037903 1.14174123108387 0 0 0 0 0 0 0.2434551566839218 0 2.168087087571621 0 0 0 0 0 0 0.2611096203327179 0.1419853121042252 0 1.43248550593853 0.8726877570152283 0 0 0.5534161701798439 0 0 0.5785177424550056 0.7244194597005844 0.2721612453460693 0 0 0 0 0.1961162984371185 0.1637121587991714 0.1138415336608887 0.2652055323123932 0.7683730870485306 0.3405338376760483 0 1.484551884233952 1.421076454222202 1.742584548890591 164.2139497846365 12.36061682552099 92.84740025550127 64.99816307425499 14.07059525698423 7.872055672109127 0.4021779000759125 21.23254019021988 6.452933982014656 0.2333530113101006 1.515239909291267 2.052477866411209 5.619477450847626 0.6047540754079819 0 0.4427392333745956 8.038229770958424 2.192664682865143 19.00468026846647 1.813615627586842
964.604799285531 220.943915836513 1.409498855471611 516.6077722758055 25.41466869413853 453.6247279942036 598.8660929203033 0 2.393347412347794 2411.486766651273 0.2538869976997375 369.6900965869427 1205.850804395974 60.62376211583614 0.1250102669000626 0 0.3256331533193588 0 0 0 0 0.4092920422554016 0 0 0 0 0 0 0 0 27.42496806383133 0.2331929579377174 0.2605503797531128 0 0 0 0.5912562012672424 0.5498993396759033 0.0906711220741272 0 0 0 0 0 0.117993988096714 0.126277282834053 16.45144736766815 0.8105067536234856 0 0 0 0 0 0 3.18382603675127 1.145052388310432 42.02762810140848 51.77417323738337 27.09737548977137 9.367825850844383 0 0.2548871636390686 0 5.075877450406551 1.166040360927582 0.5993813872337341 0.163655012845993 0.3801565617322922 0.1018232628703117 0 3.756923213601112 0.4712503105401993 0 87.29688959568739 24.82240295410156 10.60963863879442 0.6532269790768623 0.1179747804999352 0.400662824511528 0.3753200694918633 0 0.1652204841375351 3.991510525345802 0 1.71028845012188 0.4633155912160873 0.4322198256850243 0 0.0870743915438652 0 0 0 0.1942953765392303 0 0.3371550440788269 15.06815893948078 1.277128294110298 0 0 463.3069716840982 0.1639575064182281 1.861494481563568 2.52591247856617 2.632994823157787 0.4041521549224854 4.544023677706718 7.085386514663696 1.584327057003975 54.48208694159985 14.5895366743207 0.271698534488678 4.049732357263565 9.293244808912277 2.812175512313843 4.193257138133049 0.5296478271484375 0 0 0 0 0 0 0 0 0 0 0 0 0 0 0 0 0.1670013815164566 0 0 0.4992742836475372 0 0 0 0.4277179688215256 0.8290708959102631 2.939433351159096 0.1291899532079697 0.544095516204834 0 0 0 0 0.5709200501441956 0 0 0 0 0 0 0 0 0 0.2549419403076172 0 0 0 0 0 0 0 1.561723932623863 0 0 0 0.1816859245300293 0 0 0 0 0 0.693786695599556 0 0 0 0 0 0 0.6824687123298645 0 0.4016191065311432 0.1456723809242249 0.4452979564666748 0 0 0 0 0 0 0 0 0 0.4761746972799301 0.2059284150600433 0.4543534070253372 100.6882919818163 2.100666083395481 41.01470897346735 5.467765800654888 675.8931905329227 4.205661222338676 0 1.529739506542683 49.84938758611679 0.2761847674846649 0.6124004125595093 0 32.09606646001339 0 0 0 4.758712559938431 0 252.5810667350888 3.930984303355217
34.35156642645597 3007.673710435629 1512.332631088793 25.41466869413853 3395.472231768072 0.5643237829208374 3975.296008683741 173.0627422109246 5619.138912171125 227.3413822203875 703.4315957203507 55.81525678187609 1505.920009337366 2066.054210044444 14.3014859110117 2.532305814325809 0.8213429898023605 0 0.1130637526512146 0.07940249890089035 0.1007620692253113 0 0 0 0 0.1380742490291595 0 0.1266370266675949 0 0 239.6530534625053 49.42682868987322 13.59450002759695 0.195897251367569 0 0 4.633876748383045 0.2395883128046989 0 0.7211889177560806 0.2615276873111725 0.2322281077504158 0.2527174800634384 1.156578324735165 0.1102610751986504 0.556132897734642 66.98717625439167 3.890844747424126 0.1831406950950623 0.1511372178792953 0 0 0 0.2548158764839172 2.659856200218201 3.399746865034103 39.35751894116402 83.92502111941576 32.29213320463896 37.67730592936277 0.08410311490297318 1.123986534774303 0.498850405216217 68.29057159274817 2.840377569198608 1.13275308907032 0.2744336873292923 0.9231817051768303 0.6665502786636353 0 1.870127886533737 0.4747049510478973 0.1317829787731171 151.5747889354825 100.8277085348964 93.4295644313097 32.08549835532904 2.598983369767666 0.2507873103022575 6.284350380301476 0.3856628313660622 3.142729237675667 9.511357553303242 0.1010161116719246 4.153400428593159 1.599922962486744 2.007138930261135 0.6370168849825859 0.5164777040481567 0 0 0 0.09021459519863129 0.7263273745775223 0.6872662678360939 6.03191776573658 0 0 0 15.09828414022923 0 0.9591719210147858 0 0.3806759566068649 0.6594508737325668 9.553424999117851 1.986455887556076 0.4078350812196732 4.193930357694626 8.474774479866028 0.160783052444458 2.277650281786919 4.421865060925484 1.617234334349632 1.909248620271683 0 0.7213930487632751 0.4215168356895447 0 0 0 0 0 0 0 0 0 0 0 0 0 0 0 0 0.5676715672016144 0 0 0 0 1.881254822015762 0 1.705778628587723 0.1263421028852463 0 0 0 0 0 0 0 0 0 0 0 0 0 0 0 0 0 0 0 0 0 0 0 1.205142244696617 0 0 0 0 0 0 0 0 0 0.2792096734046936 0 0 0 0 0 0 0.7164835929870605 0.4943070635199547 0 0 0 0 0 0 0.09715993702411652 0 0.2966628074645996 0.1112875193357468 0.1120230630040169 0 0.3203215003013611 0.7133567333221436 0.2876841798424721 101.2833478525281 3.217485822737217 135.4288349673152 38.3229455947876 19.67213191837072 19.87771023064852 1.627918317914009 21.45537892729044 10.51342839002609 0 1.17641045153141 0 8.935522347688675 0 0 0 6.632787518203259 0 30.11680217087269 2.143260046839714
201.9718996435404 111.3609866723418 0 453.6247279942036 0.5643237829208374 1.163079649209976 57.26650688052177 0.8118923604488373 0 618.370758920908 0.5275931358337402 61.60075265169144 106.917734131217 17.25389184057713 0.1584247350692749 0.6085797846317291 0.2206627577543259 0 0 0 0.1971142888069153 1.263340547680855 0 0 0.1281189024448395 0 0 0 0 0 8.201159432530403 0 10.89115883409977 0.1851650178432465 0 0 29.80954736471176 5.528222665190697 7.716483741998672 0.1842229217290878 0 0 0 0.5021078586578369 0.584902286529541 0.1293396502733231 5.340583264827728 0.5616228878498077 0 0.3390539884567261 0.6512366533279419 9.277302831411362 0.2852508127689362 0.2904804795980453 0.5859152674674988 1.353090889751911 58.27821896970272 16.49104710668325 9.182308234274387 2.382648140192032 0.6397140026092529 2.467724174261093 0 1.58467809855938 0.2546269744634628 0.638532891869545 1.712088219821453 1.046648599207401 0.08263710886240005 0 274.6188153252006 269.9756145477295 21.61039374768734 25.86409521847963 4.522800214588642 0.8908912912011147 0.3233478888869286 0 0 2.332198664546013 0.09463392943143845 0.5401743352413177 0.5733392089605331 1.713511273264885 0.4327448233962059 3.342754244804382 0.416565790772438 6.67513519525528 5.037317916750908 16.98615151643753 5.72945462167263 6.988880693912506 0 0 1.181666918098927 209.5871568769217 106.5840796530247 27.71880124509335 9.238843135535717 286.4698244333267 0 0.3118900805711746 0.1777833998203278 1.563019797205925 0 1.493855521082878 1.452286317944527 0.3065009117126465 21.14990511536598 5.881460666656494 0.7484970092773438 1.394645571708679 3.619410336017609 0.633574515581131 0 0 0.2645617127418518 0 0 0 0 0 0 0 0 0 0 0.4984235465526581 0 0.3156342655420303 0 0.7498223334550858 0.1407367438077927 0.161673367023468 0.1338460445404053 0 0 0 0.1605814099311829 0.267132967710495 0.915383517742157 0.7371055632829666 0.9704094156622887 0.4487386345863342 0 0 0 0 0 0 0 0 0 0 0 0 0.8570540249347687 0.1488636881113052 0 0 0 0 0 0 0 0 0 0 0 0.1137494668364525 0 0 0 0 0 0 0.6436306834220886 0.9269022345542908 0 0 0 0 0 0 1.078521460294724 0 0 0 0 0 0 0 0 0 0.6257398054003716 0 0 1.735944464802742 0 0.6440954133868217 55.09649720788002 1.642333656549454 11.34209018945694 2.604113295674324 208.335616953671 0 0 2.845502734184265 13.69594885408878 0.3487071394920349 0 0 9.072286732494831 1.027803540229797 0 0 1.415583550930023 0 40.451899074018 2.936459615826607
583.2505571395159 2904.78928823024 337.3856799453497 598.8660929203033 3975.296008683741 57.26650688052177 991.4137787595391 95.16635587066412 2702.997066289186 1701.226754769683 513.1450947150588 414.3459977433085 4772.705714717507 3100.83830755204 35.51580925285816 8.527022615075111 1.706708520650864 0.1908058673143387 0 0.3120609596371651 0.7176353484392166 0 0 0.2844802662730217 2.166026726365089 0.1104562506079674 0.2402532994747162 0.2000391036272049 0 0 311.9935216158628 52.16677825152874 13.04220516234636 1.098563484847546 0.4828075170516968 0.2459096312522888 2.901389546692371 1.209499627351761 0.3109675496816635 0.1829456835985184 0 0.8231891319155693 0.2090696319937706 2.284008175134659 1.077291220426559 0.7829415425658226 154.8793636411428 7.458726301789284 0.4061741307377815 0.7105539217591286 0.3612792268395424 0.2684305757284164 0.1230018585920334 0.4724961966276169 7.600777372717857 12.19025461375713 123.3801553845406 188.9717931002378 93.01660177111626 78.8297546133399 1.143879070878029 2.694790489971638 0.8206425905227661 132.0133559480309 5.416723936796188 4.596189923584461 0.7291182205080986 2.469822697341442 0.467583529651165 0.4340301305055618 11.57385040819645 1.248052574694157 0 396.9018024653196 220.043592274189 195.6493819057941 61.53320002555847 8.369161047041416 0.4089594557881355 5.891809202730656 0.1747148409485817 5.36660673469305 18.07313111424446 1.353660345077515 13.04393091797829 2.372900687158108 5.235208794474602 1.298513747751713 0.6481609269976616 0 0.8249847888946533 0.4585075452923775 0.224950447678566 0.7793589159846306 1.269879549741745 69.3017844632268 1.732971377670765 0.07961820065975189 0.1217823699116707 96.02844436466694 3.511626318097115 8.861761629581451 84.25888063013554 72.54875445365906 5.327089130878448 118.2314121425152 33.6896751075983 59.16814595460892 80.04931027442217 113.6906895637512 4.054110169410706 46.40093433111906 51.68820033967495 12.90088797360659 15.78026005625725 0.1351301968097687 0 0 0.1812825947999954 0 0 0 0 0 0 0 0 0.4969141781330109 0 0 0 0 0 0 4.500075608491898 1.008294686675072 0 0 0 5.910936400294304 3.671318382024765 9.17227029800415 1.93303944170475 0.9902218580245972 0 0 0 0 0.9719398021697998 0 0 2.155965387821198 6.611538596451283 0 0.1267049908638 0 0.3653680980205536 0.3290629386901855 0.4119974970817566 0.3679226785898209 0 3.727925196290016 2.961835637688637 0.7662192136049271 0.3236947357654572 0 5.784023284912109 1.232172206044197 0 0.4518203586339951 0 0 0 0 0 0 9.455460786819458 0.112593412399292 0 0 0 0.8558405041694641 0 1.30164697766304 4.643702872097492 8.091073103249073 3.062142059206963 0.1472521126270294 0.1245242208242416 0 0 0 0 0 0.09429822862148285 0 0 6.319059431552887 1.958525523543358 2.385393783450127 341.5515724942088 14.7680881395936 349.5430420413613 100.178962893784 229.1581842154264 44.88293500989676 0.9176111295819283 65.32204843312502 75.15882050246 0.3802902176976204 14.91892499476671 2.428323872387409 85.63376444578171 0 0 0.8502470850944519 14.4998788908124 1.532469391822815 249.2882170155644 20.80524967610836
123.5026570633054 942.9066784009337 4585.654022723436 0 173.0627422109246 0.8118923604488373 95.16635587066412 872.830081179738 494.3761440068483 1.096200466156006 3808.714451298118 14.0771404877305 275.6998126730323 2113.487289883196 17.09550350904465 9.048079364001751 2.123966559767723 14.70408411324024 0.1690094172954559 40.08867088705301 86.44046448916197 1.383307635784149 4.360478699207306 6.168940082192421 23.22513893246651 8.132175266742706 2.95461542904377 14.79329346120358 3.049106284976006 0.6451081484556198 724.8302556723356 2727.41224116087 340.3990982025862 31.04537387937307 7.946088641881943 12.0189161002636 37.52679988741875 26.68480486422777 2.865771219134331 11.20337070524693 22.37308606505394 26.0832221955061 29.35002666711807 20.85518237948418 6.554721906781197 5.035977058112621 20.70356845110655 1.374092236161232 2.780243314802647 13.89935060590506 3.90638729929924 8.392514511942863 2.72041741758585 15.49294017255306 0.3951589018106461 1.133710861206055 25.83128041028976 55.65958569198847 16.89781499654055 9.833981841802597 201.7375028133392 68.07936694473028 14.30892837792635 675.3549745306373 1.012736715376377 8.708428278565407 2.66737662255764 23.94422456622124 81.72576425969601 104.2353167533875 9.451576873660088 1.018785148859024 0.1460273265838623 46.77722783386707 48.90781077742577 34.69159167259932 121.18503395468 474.0703795775771 1654.129320599139 2745.52481225878 272.1849400401115 1598.82429472357 1.01442539691925 0.09191948175430298 2.721303939819336 1.333278097212315 8.210358247160912 0.2240047454833984 0 0.2163524180650711 0.6956665143370628 3.275225430727005 106.8867609500885 12.72222124040127 10.39738348871469 0.72394660115242 0.5798926651477814 0 0 35.24763233959675 0 0 0 0 0 0.4954145550727844 0.5196079909801483 0.2684276401996613 0.7906589359045029 1.285142362117767 0.117466151714325 0.5161181688308716 2.780070036649704 0.1958190947771072 0.3603032678365707 0 0 0 0 0 0 0 0 0 0 0.5706442147493362 0 0.5259295478463173 0 0.2604395002126694 0 0.3950218185782433 0.181529700756073 0 0 0 0.09105876833200455 0 0 1.339545205235481 0.4515467584133148 2.327346213161945 1.570603258907795 1.293810360133648 0.7136664986610413 0 0.1917301863431931 0 0 0 0 0 0 0 0.4939038753509521 0.1315284669399261 0.9414747655391693 0.2601022869348526 0 0 0 0 0 0.1788482367992401 0 0 0.8150646090507507 0 0 0 0 0 0 0 0 0 0.5433748066425323 0.3015958368778229 0.3267062306404114 0 0.1236040815711021 0.2442591637372971 0 0 0.1768617182970047 0.3114910051226616 0.09437291324138641 0 0 0 0 0 0 0 0.3604618012905121 0 0.4438402578234673 0.882590651512146 1.423475809395313 1.416884362697601 68.91592917591333 6.723410859704018 40.37014190107584 27.3699020370841 3.783686682581902 3.383262991905212 0.1252200603485107 11.40938694030046 0.5355590656399727 0 0.4015854001045227 0 2.177479699254036 0 0 0.4135137498378754 4.868435397744179 0.8830228447914124 2.553842030465603 1.321364492177963
2.279438585042953 1040.229341059923 1093.324344597757 2.393347412347794 5619.138912171125 0 2702.997066289186 494.3761440068483 1068.926077365875 34.14590184390545 1150.715247139335 15.07095931470394 2242.135831058025 2736.083922684193 2.943211145699024 0.8746799007058144 0.2633157223463058 0 0 0 0.6905461549758911 0.3745086193084717 0 0 0.7099885791540146 0.9125788360834122 0 1.220954746007919 1.192350074648857 0 26.61528497189283 6.303270787000656 30.62665343284607 0 0 0.661607027053833 10.03028489649296 0.3614694774150848 0.3267627954483032 0.2656904757022858 0.1624082624912262 0.9388608187437057 0 0 0 0 9.370668932795525 0.3657321780920029 0.3598928153514862 0 0 0.6233072578907013 0.1441921442747116 0.5204259976744652 0.1004387065768242 0.1899712607264519 3.741867184638977 6.142477013170719 2.902039788663387 3.265656225383282 0.4291316270828247 0.6137272045016289 0.1047100499272346 8.079224660992622 0.09437347948551178 0.1177829131484032 0 0.3628136664628983 0 0 3.340945288538933 0.2150960713624954 0 15.29257559776306 12.54464645683765 14.1862905472517 5.800652474164963 0.6252254992723465 0 13.2764445245266 0.3207001462578773 3.345698036253452 0.4158820509910583 0 0.298400342464447 0.210060253739357 0.2645784243941307 0 0.2068586125969887 0 0 0.195299357175827 0 0 0.4113085940480232 3.254451125860214 0 0 0 0.6744290068745613 0 0 0.1919875890016556 0 0.3424429297447205 0 0.581153079867363 0.1423626095056534 3.708704024553299 1.411363691091537 0 0.1877831816673279 1.519355624914169 0.9366815239191055 0.3845331370830536 0 0 0 0 0 0 0 0 0 0 0 0 0 0 0 0 0 0 0 0 0 0 0 0 0.1492808610200882 0.3533111214637756 0.6251447200775146 0.108960248529911 0.0879649743437767 0 0 0 0 0 0 0 0 0.2651670873165131 0 0 0 0 0 0 0 0 0 0 0 0 0 0 0 0 0 0 0 0 0 0 0 0.1899095624685287 0 0 0 0 0 0 0 0.1252090632915497 0 0 0 0 0 0 0 0 0 0.1317088752985001 0 0 0.2901224792003632 0.5707050859928131 0 19.29580391943455 1.248890437185764 15.48183792829514 4.109998092055321 2.9411306604743 3.046054303646088 0.1229900419712067 6.569943509995937 0.4721588641405106 0 0 0.2688496112823486 1.314395681023598 0 0 0 0.7704097926616669 0 4.378343664109707 1.513019293546677
1025.406430922449 860.0886267498136 36.09339585155249 2411.486766651273 227.3413822203875 618.370758920908 1701.226754769683 1.096200466156006 34.14590184390545 2388.210994318128 15.89113111793995 2632.675678178668 7222.73058732599 401.4851264357567 5.514865890145302 1.443255089223385 0.5383043065667152 0 0 0.1073249354958534 0.3370775878429413 0 0 0 0 0.2605705261230469 0 0 0.08906552195549011 0.368343859910965 52.26054978370667 5.528955549001694 23.53852422535419 0.1350715011358261 0.5056324601173401 0 21.75562136620283 3.766485095024109 2.328912898898125 0.6275652274489403 0.2806464433670044 0 0 0.4139574989676476 0 0.2828376218676567 32.28929387778044 2.314236044883728 0 0.3041746467351913 0.1405942738056183 0.7167301028966904 0.7270022034645081 0.8660328984260559 2.08628898113966 2.871063381433487 59.32133489847183 59.97935910522938 29.90706307440996 14.88111170381308 0 1.940134882926941 0.1101452857255936 23.8662918433547 0.7400338277220726 2.150754682719707 0.5163701474666595 1.026290267705917 0 0 136.156260818243 20.87874938547611 2.225120976567268 118.5183552876115 45.75615223497152 33.30328226834536 10.86532244831324 1.81718835234642 0.2808558568358421 0.821810819208622 0 0.5193103924393654 5.774933107197285 0.5220927596092224 2.794302210211754 1.177770614624023 1.200593203306198 0.7643318176269531 1.814774177968502 1.037414342164993 0.4349102005362511 1.400917142629623 0 0.1571855992078781 0.7923357486724854 282.2806649059057 75.18198979645967 4.663216352462769 1.892230041325092 304.9075963422656 1.030249126255512 26.81186802685261 22.45307644456625 27.47228053957224 16.06129440665245 71.88935776799917 87.71914549171925 30.75174768269062 263.9498390257359 219.7841885536909 7.346312046051025 160.029380813241 220.5400634407997 55.82390166819096 30.11375676840544 0.1906039267778397 0.7043286859989166 0.2177978605031967 0.2322060912847519 0 0 0 0 0 0 0.3885394334793091 0 0.332930326461792 0 0.1980874240398407 0.118086040019989 0.1235977709293365 0 0 6.511263370513916 0.867593377828598 0 0 0 7.750608429312706 2.517608717083931 16.22679656744003 1.943716585636139 0.844300389289856 0 0.3140170723199844 0 0 0.527737595140934 0 0 1.100354000926018 1.038791969418526 0 0 0.3203267753124237 1.176274806261063 0.9027187824249268 0.3994492590427399 0 0 1.628110602498055 1.860077194869518 3.17335170507431 0 0.457349568605423 10.63043539226055 0.8997829258441925 0.1983163580298424 0 0 0 0 0 0 0 16.59981968998909 0.589246854186058 0.1373315304517746 0.2080920934677124 0.156390979886055 2.275495767593384 0.165809378027916 2.404121220111847 2.674485445022583 2.136450417339802 0.73989038169384 0.1102803274989128 0.1660362333059311 0 0.2785793542861938 0.1111489906907082 0 0 0 0 0 19.64943726360798 2.002126790583134 3.416688472032547 264.3162606433034 3.466892667114735 86.75320629775524 20.03308080881834 787.1673100739717 6.050493769347668 0.6248622387647629 13.69055760651827 239.1954982429743 1.016444697976112 5.721353933215141 3.678336568176746 256.4055565595627 0.5403863340616226 0 0.2196718901395798 13.47127683460712 0.5658513605594635 1199.591750010848 100.3325107321143
83.07638643682003 1336.812835976481 2036.650646448135 0.2538869976997375 703.4315957203507 0.5275931358337402 513.1450947150588 3808.714451298118 1150.715247139335 15.89113111793995 1809.263491436839 168.5179682672024 1728.308801390231 4469.268094211817 19.02299976348877 13.82102140039206 1.242504261434078 1.063244126737118 0.3136212676763535 0.8789661601185799 4.297435767948627 8.034003436565399 0.3570548444986343 1.424356356263161 32.0130485072732 12.32208457589149 3.64948608726263 36.93716768920422 6.31040246784687 1.302714258432388 208.1998493745923 50.89755614846945 723.2553232833743 4.06439283490181 5.360605150461197 14.64153431355953 332.8572924733162 84.0270207002759 6.15088202059269 27.25941264629364 3.74019567668438 26.0065410733223 0.5865118950605392 3.047976076602936 1.619642540812492 2.662767075002193 34.87748373299837 0.7568445205688477 1.061321124434471 1.019019812345505 0 11.7455884590745 11.83106961101294 35.63217996805906 1.350467368960381 1.344519294798374 21.50393272191286 39.60132490098476 13.27099636942148 12.4148668050766 6.012476675212383 62.79723607748747 9.040285296738148 25.03182178735733 0.9057536050677299 0.5654596835374832 0.1246979534626007 1.299598589539528 2.660649813711643 4.352134503424168 90.57567078620195 4.259241051971912 0 49.21396363526583 36.56095155328512 52.61863616853952 26.60759177058935 6.830039225518703 23.86336074769497 1090.439321622252 3.877724714577198 418.5058379694819 1.386320531368256 0.1039677411317825 1.103072330355644 0.4543492197990417 1.068144537508488 0.3122322633862495 0.1674791574478149 0.3994999080896378 1.086216315627098 3.834990680217743 4.425569795072079 2.856297865509987 10.1491339430213 16.32967832684517 1.823974922299385 1.502065718173981 2.152173683047295 24.78819697350264 0 0.6156055107712746 0.1131595969200134 0.3271686434745789 0.8909113258123398 2.712414585053921 1.841457426548004 1.083187326788902 8.567663297057152 5.15074747800827 0.2406154274940491 2.585971295833588 7.409681335091591 2.845633946359158 3.425817981362343 0.7808908969163895 0.1480269581079483 0 0.2088592499494553 0 0 0 0.5764405131340027 0 0.1501790285110474 0.2490914016962051 0.1717779934406281 1.065126143395901 0.2276384979486465 1.351697668433189 0.5257770419120789 1.478942349553108 0.4796393513679504 0.0901980996131897 0 0 0 0.2003018110990524 0.2241097465157509 5.907198041677475 1.254256509244442 6.119783878326416 5.636046350002289 3.722060568630695 0 0.1817493587732315 0 0 0.535903587937355 0.3807481303811073 0.3421598076820374 0 0.3083578050136566 0 0 0 2.272528819739819 0.3217161893844604 0 0 0 0.4105769693851471 0.1908642277121544 0.2472803369164467 0 0 2.57353350520134 0 0 0 0 0 0 0 0 0.1369763612747192 5.814135007560253 1.569965794682503 0 0.1682188361883163 0.4027737081050873 0.4347731024026871 0 1.362328916788101 0.7924953922629356 0.8650340810418129 0.2362072467803955 0 0 0 0 0 0 0 0.6946501433849335 0 0 3.441888220608234 5.517996519804001 10.30279017984867 124.6509852036834 6.363435409963131 63.2647807970643 30.61144790798426 7.373675242066383 5.995646715164185 0.124115563929081 23.49297321587801 8.749076955020428 0.1045445129275322 0.4852469563484192 0.1256641298532486 8.491126999258995 0.3055655360221863 0 0 4.645487397909164 0.8736716508865356 11.98909247666597 6.47146075963974
41.46299912780523 246.9029347524047 61.92048344016075 369.6900965869427 55.81525678187609 61.60075265169144 414.3459977433085 14.0771404877305 15.07095931470394 2632.675678178668 168.5179682672024 205.8383579850197 1299.228318408132 276.5808928906918 35.90030709654093 15.89902958273888 0.419862799346447 0.1723754405975342 0 0.3537365645170212 2.017291203141212 7.827299654483795 0.137598916888237 1.38435822725296 14.86863697320223 4.277537778019905 2.382430657744408 14.67475216090679 4.650263369083405 0.2582082971930504 11.36535839736462 1.596038565039635 78.28587574511766 1.655582748353481 4.19078254699707 5.321455851197243 106.260057836771 13.78317614644766 27.77059642970562 8.487271562218666 1.043714195489883 14.93927282094955 0.4675824046134949 2.372684769332409 1.636196106672287 1.468498155474663 60.33870708197355 1.829617068171501 0.7662966251373291 1.002395868301392 0.293570265173912 22.40699469298124 12.96716510504484 34.8635274246335 1.475941382348537 2.137831598520279 9.04391323029995 15.43749341368675 11.12411876767874 18.96834821999073 0.9502132460474968 7.548858843743801 4.36566124856472 15.15880884230137 0.6327047049999237 0.6581964492797852 0.1369956731796265 2.253808133304119 3.658791445195675 3.891832306981087 267.9765961021185 11.67967208474874 1.994433179497719 48.89251847565174 26.01549001783133 56.89460118114948 29.11320679634809 8.07352015376091 0.5518505275249481 14.24402996897697 0.1084091067314148 6.980483002960682 0.7458004131913185 0.1143189892172813 1.61635522544384 0.127666249871254 1.266625121235847 0.2801364362239838 0.8658200576901436 1.692161306738853 2.172325052320957 5.693431437015533 2.800338566303253 0.9250815212726593 8.303850576281548 730.660212174058 47.49245151132345 4.982397712767124 31.06654449552298 29.04348749667406 2.302964366972446 12.41764548420906 18.24320670217276 15.61589708924294 12.75332992523909 66.46258166432381 70.32855951786041 26.17912846803665 186.9798453003168 208.4763168916106 5.953374415636063 67.60989943891764 194.4369397833943 58.30080872029066 66.53530240803957 3.661255851387978 3.234724767506123 0 0.6210039407014847 0 0 0.3053519129753113 0 0.1097392141819 0 0.4990623146295547 0 1.892483212053776 0.3104885816574097 0.975746177136898 0.5567872226238251 2.46538981795311 0.9317387044429779 0 9.084907554090023 3.717016212642193 0 0.785843051970005 0 26.17145695537329 8.474341131746769 59.31555220484734 9.842239372432232 7.733819924294949 0.2985895127058029 1.46756687015295 0 0.3980216979980469 0.787859782576561 1.370992712676525 0.7565415501594543 0.5948348939418793 2.407526701688766 0.282611221075058 0.129090741276741 0.4511616230010986 4.207877583801746 1.380830176174641 1.001861542463303 0.3456315547227859 0 2.102160774171352 3.256229810416698 1.316839620471001 0.1327031999826431 1.003857105970383 34.84256982803345 0.7798861116170883 0 0 0 0 0 0.4326021075248718 0 0.1457102298736572 45.7105974778533 3.320713438093662 0.2413676455616951 0.1002517342567444 0.7257865145802498 6.26068689674139 2.105597898364067 5.268442139029503 3.79712400585413 5.463889457285404 2.698078982532024 0.66861841827631 0.5731736645102501 0 0 0 0 0.1621711552143097 0.342654749751091 0 0.14252570271492 39.02602423727512 10.5005300194025 16.97828254103661 386.4478139206767 6.790680326521397 110.3489873856306 78.67836493998766 103.8336410447955 17.54456829279661 0.3413145393133163 52.79069495201111 164.8574181348085 0.6460943296551704 18.83764695376158 3.822386600077152 171.2653113082051 1.678883373737335 0 0.4211693629622459 14.75878205895424 2.276930630207062 542.1840811893344 103.4880281612277
152.0330218225718 2366.956327103078 412.1299680098891 1205.850804395974 1505.920009337366 106.917734131217 4772.705714717507 275.6998126730323 2242.135831058025 7222.73058732599 1728.308801390231 1299.228318408132 3287.229879200459 4407.534283712506 128.3461913838983 49.09874153137207 5.869645051658154 1.77679518610239 0.8317769095301628 1.45306058973074 4.525817729532719 13.09245719015598 0.4586679935455322 1.575205594301224 29.09849121421576 12.695437759161 3.351804599165916 25.56653223931789 7.325910285115242 3.012742340564728 143.674658678472 28.43895193189383 547.5702889710665 4.749137423932552 5.667415842413902 10.53812523186207 771.0019365698099 112.0493711009622 137.3700868487358 38.2749784514308 7.289503127336502 25.32649027556181 1.093871481716633 11.02215290814638 3.075162693858147 5.498999431729317 259.0464729592204 7.807404227554798 2.350601367652416 2.566842898726463 1.18748589605093 35.40244192630053 22.68364133685827 41.58583822101355 4.159069053828716 8.463464230298996 59.8262897580862 95.47309996187687 47.78813934326172 84.74991954118013 9.651928626000881 73.94967915117741 9.284518621861935 112.7936720326543 2.767586044967175 4.04785130918026 2.06493417173624 3.98865182697773 8.212975174188614 5.915632359683514 500.9503729343414 17.74775249511003 2.902400948107243 259.7627504467964 164.3783600926399 299.0392470061779 139.4214416071773 31.88159862160683 3.253347456455231 83.87964365631342 3.662469364702702 47.18728695064783 10.62509167194366 0.2483288571238518 7.784769281744957 2.523732416331768 5.779959231615067 1.101572468876839 1.410820923745632 2.774151973426342 2.87968398630619 5.991082429885864 11.46821342408657 5.428664185106754 15.76723185181618 1158.431976258755 64.79885511100292 12.78977280110121 115.2783219143748 50.25764407217503 3.419947825372219 24.59730322659016 24.57324347645044 28.57957679033279 25.22372144460678 97.90395560115576 109.6328655034304 35.18641900271177 327.4933612421155 324.7597768679261 9.214372768998146 102.6219254732132 312.7796787843108 83.53840371966362 102.7819521278143 3.95672307908535 3.091520935297012 0 1.469210870563984 0 0 0.3583031445741653 0.785243347287178 0.2201743945479393 0.9429618120193481 1.388592414557934 1.267581105232239 4.493142902851105 1.568316876888275 2.223409362137318 0.6116553395986557 2.873467810451984 1.751085102558136 0.6976870521903038 11.27887307107449 4.376626439392567 0.25221037119627 1.099825739860535 0.4036820232868195 54.26517084985971 16.76524063944817 88.69542765617371 16.88926074653864 11.79270745068789 0.1336387395858765 0.8666807636618614 0 0 1.542023427784443 1.226840406656265 0.2922697216272354 1.29457676410675 6.347895964980125 0 0 0.5057754814624786 5.465542189776897 2.746145509183407 0.09204698354005814 1.099260404706001 0.2095554620027542 3.817007184028625 2.120173990726471 5.604490987956524 0.7224093601107597 0.7707470804452896 46.79038873314857 1.157870665192604 0 0 0 0 0 0.1516386270523071 0 0.2538592368364334 71.55329888314009 3.758609302341938 0.7885705754160881 0.2428369596600533 0.766130343079567 11.16228993982077 2.494454190135002 9.13865053653717 9.697790496051311 7.886495813727379 5.408283919095993 0.6976693198084831 1.374806508421898 0.1285025328397751 0 0 0.2452312409877777 0.2246647924184799 0.499929815530777 0.1593068093061447 0.2558498233556747 58.31212181597948 27.89821037650108 34.004798643291 953.1168534532189 20.67156936973333 438.7265818864107 220.950942568481 184.1017709001899 82.78703924268484 3.660185724496841 196.6703788340092 259.2743750959635 3.073637574911118 20.14230119436979 9.306251555681229 262.4144110232592 3.565014101564884 1.026885986328125 7.067587777972221 48.33659733086824 3.821010410785675 731.4267661869526 159.2847573012114
