105.4858515262604 1644.351511023939 442.4046856015921 1806.342058394104 4.625576328486204 59.64747035503387 242.008248385042 153.4802363440394 0.3766374737024307 1708.176315963268 63.11672724783421 74.01640355587006 185.9543903023005 72.1786445081234 1.509593054652214 2.118912257254124 0.08157703280448914 0.1823752224445343 0 0.1189369931817055 0.2786077111959457 0.3289802074432373 0 0 0.1232662498950958 0 0.1265158802270889 0 0 0 700.8592410162091 2.096461743116379 13.70662500709295 0.2013868167996407 1.760843858122826 0.6780820935964584 7.202858828008175 1.076377525925636 1.23158560693264 0 1.183777756989002 0.4040216282010078 0 0.5245221555233002 0.3341465070843697 0.5649607107043266 30.22809166461229 3.363780453801155 0.08627736568450928 0.3518017753958702 0.09795201569795609 0 0.09644336253404617 0.443951353430748 16.51375890523195 6.796504378318787 316.6074087917805 981.1046499833465 97.64884512126446 28.46696271002293 0.5837632119655609 1.308502450585365 1.157931990921497 32.01002736389637 10.50504152476788 4.88327518850565 1.100120738148689 0.8920233175158501 1.676337540149689 1.512402974069118 10.20969917625189 0.2885517179965973 0 583.3856058008969 30.70038468390703 23.57711512595415 13.540810726583 2.864367462694645 0.5225039720535278 18.29841829836369 0.1631293222308159 2.610064975917339 25.61434505134821 0.4479450583457947 4.529080033302307 4.214055679738522 0.6725574508309364 5.924142770469189 1.881947956979275 0.08035736531019211 0 0.3534809425473213 2.610335163772106 0.5130932703614235 0.1148203536868095 68.51914921402931 40.03039540722966 0 1.521554946899414 953.5308050885797 3.154834643006325 2.374486699700356 0.6371068358421326 0 2.549591571092606 1.89384663105011 7.175165623426437 0 11.34383843839169 11.52321807295084 0.9855346977710724 7.011349260807037 11.98924405127764 8.726953878998756 6.925483107566833 0.3982254564762115 0.8848084509372711 0 0 0 0 0 0 0 0 0 0 0 0.1198938116431236 0 0 0 0 0 5.679605923593044 1.410519957542419 0 0 0 2.973078511655331 0 2.415481761097908 1.230793341994286 0.5586637035012245 0 0 0 0 0.5331812500953674 0.2733859047293663 0 0 0 0 0 0 0 0.5492561161518097 0 0 0 0 1.455930396914482 0 0.6488205194473267 0 7.939394772052765 0.2850450575351715 0 0 0.1271474212408066 0 0 0 0 0.3934793770313263 5.876986891031265 0.115591861307621 0.5382155776023865 0 0.135669082403183 1.588927388191223 0 0 0.4211588874459267 0.8591524511575699 0 0 0 0 0.09163618087768555 0 0.09157072752714157 0.2131982147693634 0 0 0 2.154432877898216 3.405748128890991 4.144849359989166 588.4031805247068 7.347604110836983 169.5448929667473 11.09497264772654 584.2245953455567 30.66377613693476 0.9149195030331612 3.175487659871578 16.99327468127012 0 1.152579665184021 0 23.76201400905848 0 0.2050532847642899 0 0.6021888256072998 0 579.029527105391 5.026593133807182
1644.351511023939 3830.894873369485 2304.482627272606 594.2343510165811 1040.279964726418 80.91785170137882 3376.226053580642 1640.78897998482 619.3976240977645 941.1281377971172 1461.932241559029 103.3420912101865 649.2618110105395 925.3947608247399 7.661702834069729 7.058230437338352 0.4304178953170776 0.3020200505852699 0.1521251872181892 0.5388805642724037 1.759795308113098 0.1488951295614243 0.4101643413305283 0.1324022263288498 0.8821057006716728 1.360996149480343 0.3384167328476906 0.1998004093766212 0.1096961200237274 0.1086613684892654 2185.493152506649 28.27118013054132 56.63160785287619 1.846805214881897 12.21232695877552 5.051338061690331 24.92704619467258 5.483561933040619 7.349691152572632 0.08434657007455826 5.104784443974495 4.770562961697578 0.7684428989887238 2.755481980741024 0.5505097433924675 0.6433591395616531 131.0616658478975 11.01822621375322 0.4530742838978767 2.273674860596657 0.6271905452013016 0.4867199808359146 0.076926589012146 0.9434950426220894 33.03844568878412 9.619462359696627 100.7052640393376 652.4670111425221 76.36440301686525 100.0694221109152 0.8095475919544697 1.50083963572979 3.076946839690208 141.4262865185738 23.10656876862049 15.22594770044088 1.20332346111536 4.960316725075245 11.7281494513154 9.288239493966103 33.6784361153841 0.1285942941904068 0 730.3639576397836 118.0868754722178 130.618922803551 187.3573333695531 24.72076091170311 2.50807448476553 101.0080479681492 1.253882922232151 5.869154669344425 65.41724847629666 1.024743303656578 13.55172117054462 9.696601562201977 3.351403675973415 12.75202970951796 5.962593547999859 0.3955355361104012 0.8338451534509659 0.9418104588985443 16.75495289266109 1.523799434304237 1.117053046822548 65.83228853344917 22.57619589567184 0 3.517247475683689 795.9286083206534 4.526895955204964 3.262103088200092 1.617717564105988 0 3.495129808783531 6.775982536375523 3.519974179565907 1.60459741204977 12.1429972872138 12.63811204582453 3.879028804600239 14.17122282832861 30.63738208264112 11.8107106462121 26.71505551785231 1.39149509370327 2.169228583574295 0 0 0 0 0 0 0 0 0.4662924259901047 0 0 0 0 0.4563195258378983 0 0.133618026971817 0 19.74563753604889 2.192257314920425 0 0 0 10.70509793609381 4.586968213319778 11.27807500213385 3.498883932828903 0 0.2069552391767502 0 0 0.3356984853744507 0 0.6340561509132385 0 0.1880794614553452 0.5667934119701385 0 0 0.1665313392877579 0 0.8112077862024307 0.09496407955884933 0 0 0.5961871743202209 1.683133900165558 0 0.3226360082626343 0.356034904718399 19.74275467544794 0.8875309452414513 0 0.272766962647438 0.09408644586801529 0 0 0.1511917859315872 0 0.4900557100772858 17.14244776964188 0.7547585740685463 0.1031984835863113 0 0.1360979080200195 1.32548713684082 0.2173335626721382 2.509841874241829 1.507752232253551 2.673494443297386 0.9272956326603889 0.5493348240852356 1.900954373180866 0 0.1804235801100731 0.1904184445738792 0 0.1802675351500511 0.07833962142467499 0.2715464234352112 0.1867551058530807 11.47841905802488 9.11779247969389 16.54010110348463 402.4556398466229 18.59698143601418 879.6202964447439 43.24243392795324 283.7073935270309 101.3969266489148 2.052196130156517 32.58749375492334 17.24397572875023 0.2166901901364326 9.790553547441959 0.2703417539596558 10.88609516620636 0.1499723494052887 0 0.1594462692737579 7.345061182975769 0 424.4716261476278 20.81490413844585
442.4046856015921 2304.482627272606 2016.697969935834 29.81213938444853 508.6550869271159 4.974974080920219 432.6713962331414 2704.845362406224 875.516394533217 91.9794642329216 1623.818292081356 68.19401697069407 567.5234710723162 1875.537473127246 7.745006650686264 11.21626141667366 0.5053201243281364 5.061579026281834 1.655683539807796 5.496050730347633 10.21922019124031 0.8165633678436279 1.480764903128147 1.065802350640297 3.07197280228138 0.5518943667411804 1.152832299470901 1.443351455032825 0.4291813671588898 0.09469452500343323 3095.466672189534 120.7196265906096 104.1071532070637 5.869194641709328 38.64795053750277 16.14050160348415 53.87809751182795 13.32312858849764 14.87750644981861 1.242936573922634 25.31043000519276 17.36431840062141 10.31240067631006 8.62763012945652 2.847640700638294 18.89786653965712 43.82224179059267 8.627954989671707 0.8037624210119247 36.67298186570406 4.928955771028996 0.7869286090135574 0.4911154061555862 4.489026643335819 5.833503879606724 1.52838858962059 37.91861328855157 259.4139606207609 15.34965312480927 28.49038391187787 19.07623482495546 13.04496537148952 13.80775248259306 208.0148089975119 4.746555157005787 2.89939833432436 2.667919144034386 12.80223866552114 72.22071745246649 70.84411831945181 76.51296998560429 1.700293809175491 0 157.1722640171647 43.14619721472263 54.76735518872738 120.3386823311448 31.45613414049149 28.34343555569649 405.2767366990447 30.81538893282413 97.38065174967051 12.11743268370628 0.1539510115981102 3.130201205611229 1.437055625021458 15.10724277794361 2.862462118268013 2.987769320607185 0.5703312307596207 1.983677588403225 1.16089753061533 89.29184670001268 8.226398944854736 4.786571428179741 91.01534388959408 22.54009564220905 0 10.13713146001101 232.9152687266469 3.029273077845573 0.278870701789856 1.995983771979809 0 2.819357119500637 4.085404999554157 0.9282602220773697 2.294656082987785 5.102010555565357 16.50798351317644 10.53665797412395 4.094712793827057 18.75421433150768 12.40085305273533 23.36793039739132 0.2755107432603836 0.7887229025363922 0 0.1463092118501663 0 0 0 0 0 0.1781230866909027 1.636655032634735 0 0 0 0 0.7669335454702377 0.2496299743652344 0.6315449476242065 0 16.33218520879745 1.545679971575737 0 0 0 15.43827609717846 8.304612040519714 11.45151502639055 5.759320676326752 2.518327660858631 2.055029347538948 0.7983327135443687 0 0.159854456782341 1.51082669198513 0.7387229204177856 0.2229259014129639 2.879461526870728 0.98915184289217 0 0 0.4141005277633667 1.736842706799507 4.167970113456249 0 0.5853188037872314 0 0 0.666354775428772 0 1.472264587879181 1.83420729637146 21.72266630828381 3.813220590353012 0 0 0 0.1271549314260483 0.2474469467997551 0.5716923922300339 1.859331145882607 1.949625328183174 18.91286908835173 0.8818953782320023 1.034257113933563 0 0.6950007900595665 3.148558020591736 0 1.069358199834824 3.260236814618111 5.654147177934647 0.4161867648363113 0.09231068938970566 0.9568149447441101 0.2629960104823112 0 0 0 0.6471584439277649 1.023184984922409 3.345690429210663 0.9992060139775276 11.69585168361664 13.83830497413874 24.02461963891983 108.711711846292 16.78915759176016 214.6255148202181 22.56181215494871 64.87162925302982 23.12258484959602 0.2037386745214462 11.51244284212589 17.44401133060455 3.479852683842182 5.007357500493526 2.219492450356483 7.421912051737309 3.60645854473114 0 0 5.965722218155861 0.1546310782432556 85.14753630757332 19.65676706284285
1806.342058394104 594.2343510165811 29.81213938444853 299.4362657591701 18.05099241435528 497.4496632814407 745.4800129234791 1.515064835548401 3.263604000210762 3070.815932258964 3.868101790547371 376.500413864851 1208.877565152943 128.9077145382762 0.1885574832558632 0.1106519922614098 0.09037734568119049 0 0 0 0 0 0 0 0 0.1038148999214172 0 0 0 0 159.8497949391603 0.2213782593607903 3.481055893003941 0 0.1294201761484146 0 0.422976940870285 0 0.07733014971017838 0 0 0 0 0.1967457309365273 0 0.306620828807354 33.32438569515944 2.464219801127911 0 0.09441023319959641 0 0 0 0 12.57293172925711 3.229572802782059 46.75065452605486 253.4574684053659 39.90604002028704 24.3446196988225 0.08391676843166351 0.08803561329841614 0 11.29921158403158 7.940152235329151 4.806106798350811 0.6489426791667938 0.7768298387527466 0 0 1.161828964948654 0 0 331.1965978965163 19.85032903403044 19.65291164070368 11.3291840031743 0.7571924403309822 0.1743858382105827 0.2547368183732033 0.2051376923918724 0.3464043587446213 23.32264208048582 0.3505275323987007 3.263568408787251 3.43576842546463 0.3420440256595612 3.561251051723957 0.9179315119981766 0.07915233820676804 0.2868518903851509 0.1858170479536057 0 0 0 18.18450266122818 12.13201196491718 0 0.1508529782295227 165.4636524170637 0.8170531988143921 0.3776467889547348 0.3380806148052216 0 0 0.1149432361125946 0.5373916774988174 0 19.36417990922928 0.4581359699368477 0.1182606443762779 0.3849163055419922 4.141803771257401 1.345690630376339 2.510333321988583 0 0 0 0 0 0 0 0 0 0 0 0 0 0 0 0 0 0 0 1.703259497880936 0 0 0 0 0.9017658978700638 0.2650201991200447 0.401305764913559 0 0 0 0 0 0 0 0 0 0 0 0 0 0 0 0 0 0 0.1299324631690979 0 0.1479397863149643 0 0 0 1.739372089505196 0 0 0 0 0.08204514533281326 0 0 0 0 0.2312660366296768 0 0 0 0 0 0 0 0.4104440212249756 0.1663496196269989 0 0 0 0 0.09837140142917633 0 0 0 0 0.09499122202396393 0 0.1368586122989655 0 0.4906941801309586 112.2760522961617 3.766000166535378 242.1922388523817 6.749700918793678 319.7229459062219 28.10498201102018 1.181126743555069 6.405444979667664 2.737456120550632 0 0.1148428991436958 0 9.037540137767792 0 0 0 1.263011358678341 0 350.9678885862231 2.389254733920097
4.625576328486204 1040.279964726418 508.6550869271159 18.05099241435528 1524.415732510388 4.306195065379143 1903.934076745063 482.9545868709683 1259.016911655664 678.1578767597675 561.7678526639938 37.68014687299728 628.2451368868351 777.0247934386134 5.3629539757967 4.039997100830078 0.080426886677742 0.08453649282455444 0 0 0 0 0 0 0.09168092161417007 0 0 0 0.352045550942421 0 127.1953493580222 10.96261949837208 3.834874697029591 0.106166385114193 0.1234649866819382 0.1173430159687996 2.613528043031693 0.3196264356374741 0.9691944494843483 0 0.4407448321580887 0.5714867860078812 0 1.425711512565613 0.1755029931664467 0.4137754663825035 42.81637418270111 3.205569609999657 0.3469880744814873 0.3593404144048691 0.08095216751098633 0 0 0 5.157997727394104 1.271581489592791 7.729220360517502 29.31468433886766 7.675525471568108 24.78411796689034 0.3708585128188133 0.2504048496484756 0.1064462810754776 72.58227752894163 3.389626324176788 2.349170990288258 0.1007383838295937 0.5361730456352234 0.3463184908032417 0.2780324369668961 5.22654964029789 0.1726321950554848 0 91.71596055105329 38.84767427295446 53.94969704002142 125.2999881282449 13.01905593276024 0.4590029940009117 0.4681475758552551 0.07479052245616913 0 12.95835765451193 0.2720975950360298 2.85661356896162 1.393211461603642 0.2653908357024193 3.032819665968418 1.48305094987154 0 0 0.09354015439748764 0.9187942445278168 0 0.10061926394701 21.48431376367807 1.786226086318493 0 0.5383090525865555 2.30689050257206 7.697792567312717 2.109951809048653 1.42593802511692 0 3.336281828582287 7.343598164618015 9.678663767874241 3.273404113948345 18.44645190984011 24.75611567497253 1.296491697430611 15.50025147199631 37.64492765814066 14.586839415133 32.91321142762899 0.6682185083627701 0.6230883449316025 0 0 0 0 0 0 0 0 0 0 0 0 0.6951853632926941 0 0 0.1065140068531036 0 21.10300556570292 3.775389581918716 0.1298468858003616 0.1306007653474808 0 15.99703508615494 2.357368886470795 5.723465591669083 1.87992037832737 0.8246051073074341 0 0 0 0 0 0.5404881238937378 0.2787824720144272 0 0.6447478234767914 0 0 0 0 0 0 0 0 0.5546745657920837 2.27176857739687 0 0.20055291056633 0 12.54418627917767 3.981691420078278 0 0 0 0 0 0.1195451468229294 0 0 15.07686772942543 0 0 0 0 2.901118502020836 0 0.9896015971899033 1.741229258477688 1.9966896250844 1.221132174134254 0.3314300775527954 1.902963399887085 0 0.3231922388076782 0 0 0 0 0 0 9.884544909000397 3.677707821130753 11.81698106229305 168.7090582698584 4.137069903314114 308.1971364021301 28.56710819900036 29.8368524312973 61.27353703975677 0.1225873604416847 19.57276636362076 15.34388736635447 0 9.019724309444427 1.37278489023447 22.46782217919827 1.263842582702637 0.1965330690145493 0.8473929017782211 12.06806097924709 0.1495138853788376 141.3168539851904 23.81866147369146
59.64747035503387 80.91785170137882 4.974974080920219 497.4496632814407 4.306195065379143 2.621246099472046 70.48063890635967 1.700327321887016 2.63333386182785 982.6947633624077 2.220690384507179 72.3270822763443 68.1196737959981 18.38395904004574 0.261354923248291 1.081592984497547 0 0 0 0 0 2.019714772701263 0 0 0.182669535279274 0 0 0 0.1676991581916809 0 17.60777448862791 0 14.21470944583416 0 0 0 9.23272630572319 0.7368396520614624 4.813869446516037 0.1348556131124496 0 0 0 0.1365265548229218 0 0 0.4925384074449539 0 0 0 0.1676577925682068 1.758646413683891 0.7301600128412247 0.2304478883743286 0.1414990425109863 0.2682313323020935 241.5800863876939 18.43840261548758 1.887527376413345 0.1022781804203987 1.106148108839989 4.71070884168148 0 0.4174971282482147 0 0.1730529963970184 0 0 0 0 57.96097216010094 161.4298384040594 17.9011917412281 7.792773313820362 0.9487923830747604 0.8299395963549614 0.7571289539337158 1.089956425130367 0 2.164461717009544 0 4.60440956056118 0 0.9579866230487823 0.4116258025169373 0.4007956832647324 0 4.082672536373138 0.7799827456474304 10.69078636169434 0.2933509349822998 0.9772868901491165 0 0.531926691532135 0 379.5061291530728 200.8981875032187 14.96812571585178 14.96496866643429 464.5179715007544 0.3120683431625366 2.865504503250122 1.051736950874329 0 0.5962739586830139 3.195063710212708 4.515663117170334 0.6902456879615784 8.71697786450386 4.608950942754745 0 3.316597640514374 10.83586257696152 4.032618910074234 4.308846890926361 0.1521720886230469 0.1302820146083832 0 0 0 0 0 0 0 0 0 0 0.2561566233634949 0 0.3709829747676849 0 0.2636738941073418 0 0.1573532819747925 4.174210667610168 0 0 0 0 1.10276871919632 0.3201344609260559 0.3558358252048492 0.4270333126187325 0.4834049567580223 0 0 0 0 0 0 0 0 0 0 0 0 0.5667777955532074 0 0 0 0.2547618448734283 0 0.1028922870755196 0 0.1319626122713089 0.1310092061758041 2.826723337173462 0.2794367372989655 0 0 0 0.08265706151723862 0 0 0 0 2.897097483277321 0.2535557746887207 0 0 0 0.6815067529678345 0 0 0 0 0 0 0 0 0 0 0 0.1974535435438156 0 0 0 0.757711261510849 1.390428766608238 2.331556864082813 35.77910755574703 0 4.274927861988544 0.788964606821537 276.7354101389647 0.5104662328958511 0 0 12.08656005561352 0 0.6931665018200874 0 21.01081544160843 0 0 0 0.2542202770709991 0.3831321001052856 121.9823404401541 10.42194302380085
242.008248385042 3376.226053580642 432.6713962331414 745.4800129234791 1903.934076745063 70.48063890635967 833.4820660501719 202.5538604967296 2910.455656200647 3126.184707976878 589.4480637311935 294.2740950062871 2245.383278913796 1853.350577183068 7.490729495882988 7.587071046233177 0.3266107141971588 0.08301264047622681 0 0.5261494070291519 0 0.1577391475439072 0.1159520372748375 0 0.1520706862211227 0.1112824380397797 0 0 0.2550628930330276 0 256.0686971619725 11.68894371390343 6.770634718239307 0 0.1928334757685661 0.09997206926345825 3.145670041441917 0.9037365913391113 0.9134441092610359 0.2490644827485085 0.6166698560118675 0.7043913304805756 0.09502488374710083 2.541019655764103 0.3430122137069702 0.6181482151150703 74.07897792011499 5.333770360797644 0.3720719441771507 0.184699110686779 0 0 0 0.2081169039011002 13.82053782045841 3.015861481428146 17.61023588106036 110.735283061862 24.30870968848467 45.45305852219462 0.482212956994772 0.1791164427995682 0 88.37768667191267 9.519942887127399 5.438054278492928 0.8606967478990555 1.072297617793083 0.7069105133414268 0.3928633257746696 9.255371853709221 0.4143314361572266 0 254.0292536206543 60.63177552074194 84.51992216333747 159.3287839740515 21.77752262353897 0.798156812787056 1.14840941876173 0.8098209351301193 0.3594630062580109 27.63888809457421 0.317767858505249 4.70268339663744 5.012634716928005 0.8843609020113945 4.855409495532513 2.773005023598671 0.2603258863091469 0.3548891544342041 0.5211140438914299 0.1337512880563736 0.5559102520346642 0.1898634284734726 87.44753118604422 6.808038175106049 0 0.7372870370745659 15.58973115682602 25.04950719326735 11.26341404020786 44.89067932218313 5.017786309123039 9.354838311672211 36.06311340630054 26.81979831308126 7.83011819422245 51.38502863794565 78.1657691821456 6.1208890452981 42.08339509367943 119.7258087471128 46.63170831650496 67.00861293077469 1.15409130603075 2.112632796168327 0 0 0 0 0 0 0 0 0 0 0.2370420694351196 0 0 0 0 0 0 52.8756545484066 5.123753651976585 0 0.6986342668533325 0 37.09707593917847 2.320625990629196 17.86523399502039 2.841460458934307 0.8014381527900696 0 0.6813018918037415 0 0.1449819058179855 0.3413400501012802 0.7194843292236328 0 1.438200958073139 1.643339358270168 0 0 0 0.1082103401422501 0.2678681612014771 0 0.2186478674411774 0 0.8159785643219948 4.644550867378712 0 0.4444456547498703 0 43.03419146686792 5.356502629816532 0 0.1047168746590614 0 0 0 0 0 0 49.8541072383523 0.490813322365284 0 0 0 2.735471583902836 0.4470497071743011 3.344196379184723 5.294806510210037 5.288981065154076 3.390872985124588 0.2954364717006683 2.991964995861053 0 0.08693859726190567 0 0 0.2886685952544212 0 0 0.2111017554998398 30.51307233422995 8.991980068385601 27.53333450853825 333.1560869067907 8.954541467130184 586.7185553349555 45.91828589886427 134.7034073770046 96.45542788505554 1.373889893293381 38.3381293118 44.07833153754473 0.8921413794159889 13.84044193476439 3.037790596485138 53.21270905435085 1.527158007025719 0.09083209186792374 0 12.36991571635008 0.2314801067113876 478.1425246708095 66.03710660338402
153.4802363440394 1640.78897998482 2704.845362406224 1.515064835548401 482.9545868709683 1.700327321887016 202.5538604967296 1024.423355095088 1140.751201108098 31.24588266760111 1597.493361383677 68.15872286260128 648.4620085544884 2657.109595291317 6.252114906907082 7.755666576325893 1.281264066696167 9.66498826444149 0.8442511558532715 16.61326241493225 26.71952540427446 1.397937744855881 2.205575279891491 1.635588750243187 6.99418517947197 1.175878189504147 5.114510364830494 2.17603226006031 0.5318297743797302 0 1577.888715945184 1117.966272957623 131.6754337474704 11.44153404980898 64.86621139198542 39.9280491694808 48.46798013150692 24.27039361000061 14.68885253369808 4.885784462094307 40.68570528924465 22.8600757047534 24.70543440431356 26.17946996539831 5.580886654555798 51.28085857629776 29.71849850565195 7.97472009062767 2.220728978514671 69.53980202972889 3.367270685732365 2.409985743463039 0.4514512196183205 7.83342307806015 4.309512734413147 0.7653952836990356 13.76503518968821 88.76820503920317 7.431332655251026 19.04126767814159 66.79916856437922 62.80546687543392 30.71263274550438 231.9122027978301 2.290723957121372 1.635968439280987 2.195688650012016 18.26722367852926 89.81344746053219 102.8314283490181 53.50729593634605 0.5147625505924225 0 93.33645174279809 37.53800738602877 44.97159058600664 152.8663751408458 165.8887106478214 517.8298955410719 1480.913973420858 143.1423455476761 1498.306188240647 7.557403638958931 0 2.320527769625187 1.490909233689308 18.64064412564039 1.997198313474655 1.642617806792259 0.2784056589007378 2.380108557641506 1.888917818665504 119.2727305144072 10.15753774344921 7.803365632891655 49.49091350287199 19.73513671755791 0 9.206462137401104 34.55207265913486 4.15383442491293 0.2041929960250854 0.5352483242750168 0 0.1205394566059113 0.3432119488716125 1.203654795885086 0.2431153655052185 2.272543132305145 0.5896963179111481 1.202733308076859 3.760660648345947 6.543438471853733 3.341598600149155 9.416064865887165 0.234139621257782 0.8845394849777222 0 0 0 0 0 0 0 0 2.632560901343822 0 0.1862550228834152 0 0.554301455616951 1.47839617729187 0 0.2790147662162781 0 3.094595097005367 1.055094435811043 0 0 0 4.971498720347881 2.7468131929636 3.17644078284502 1.979914322495461 0.6974867433309555 1.053396940231323 1.527320295572281 0.5995239615440369 0.3969168663024902 1.287282593548298 0.3174049034714699 0.3120284676551819 0 0.9212201312184334 0 0.2843721807003021 1.522123120725155 0.885196715593338 4.291253820061684 0 0 0 0 0.4774421751499176 0 0.2227532565593719 0.278999924659729 10.86109420657158 0.3322890549898148 0.8188072443008423 0 0 0.2575717121362686 0.2856087386608124 0.5233077555894852 0.8789600804448128 0.5517856106162071 4.746231101453304 0.1867693662643433 0.9248312190175056 0.1698188334703445 1.138269044458866 0.3425868153572083 0 0.4117988049983978 0.2844371497631073 0.5394587814807892 0.3133918195962906 0.4210944175720215 0.2140275910496712 0.3665359318256378 0 0.09441786259412766 0 0.9391714483499527 1.268201492726803 1.354428671300411 0.2632378339767456 3.030835136771202 5.452545136213303 7.785065948963165 80.10178322345018 23.90386688709259 130.8272527605295 17.83379203826189 10.94789851456881 16.204529710114 0.09200944751501083 5.82671782374382 3.00649931281805 3.211407452821732 1.097065731883049 0.3754123151302338 2.51236192882061 0 0 0 1.148689776659012 0 37.72543580830097 6.491817623376846
0.3766374737024307 619.3976240977645 875.516394533217 3.263604000210762 1259.016911655664 2.63333386182785 2910.455656200647 1140.751201108098 880.013955578208 134.409198500216 678.6256841644645 23.19815433770418 755.4427646175027 989.9540696814656 2.702916987240314 1.251298367977142 0.08897256106138229 0 0 0 0 0 0 0 0 0 0 0.9730618596076965 0 0 14.61016829311848 2.641910158097744 4.077582374215126 0 0.131462499499321 0.1577104777097702 1.245496913790703 0.3849363029003143 0.08898787945508957 0.3725839257240295 0.1205522641539574 0 0 0.6326938569545746 0 0.1961949542164803 12.8726212605834 0.4451135843992233 0.1064570248126984 0.08312132954597473 0 0 0 0 1.127253234386444 0.3384607061743736 1.518192753195763 5.002376176416874 1.733334869146347 6.750255279242992 0 0 0 20.82653815299273 0.6916230320930481 0.1482891738414764 0.1672951430082321 0 0.08215632289648056 0.2661939114332199 1.843381136655807 0 0 17.41343276947737 9.025842353701591 18.67042560130358 42.04403283447027 8.383558124303818 0.3131232857704163 0.4601333290338516 0 0.1160936504602432 3.465700052678585 0.3755571320652962 0.6672745868563652 0.4160139113664627 0.1712320446968079 0.5216486975550652 0.3467571288347244 0.1256036311388016 0.0815400630235672 0 0.2511666715145111 0.1760840266942978 0 9.272818557918072 0.6239995136857033 0 0.75929144769907 0.4076247811317444 1.321467056870461 1.065510369837284 0.66580531001091 0.8714056089520454 1.099893376231194 1.885452136397362 3.563564069569111 0.5993143767118454 6.539077579975128 7.205893397331238 2.694734439253807 3.667226292192936 10.67679784446955 4.540379822254181 10.85327222943306 0.07386379688978195 0.6717758253216743 0 0 0 0 0 0 0 0 0 0 0 0 0 0.09760340303182602 0 0 0 6.034644737839699 1.227870061993599 0 0 0 8.053739987313747 2.503191202878952 4.05347041785717 0.2129495665431023 0 0 0 0 0 0 0.1373204439878464 0 0.3252892196178436 0.3971654176712036 0 0 0 0 0 0 0.5623812675476074 0 0.3563364297151566 2.866088651120663 0 1.057146668434143 0 8.102158144116402 1.048582196235657 0 0 0 0 0 0 0 0.1724856793880463 9.949186831712723 0 0 0 0 1.408623874187469 0 0.8676028251647949 0.9728884100914001 0.4193341434001923 0.149526908993721 0.107437826693058 0.8257032185792923 0 0 0 0 0 0 0.4967225193977356 0 3.277113176882267 1.584942191839218 3.569907031953335 58.69514037668705 2.167286455631256 78.36927126348019 12.45676083117723 6.959369666874409 14.02849274128675 0.3177452236413956 7.008729726076126 9.087822623550892 0 2.781274989247322 0.2500299513339996 4.655003473162651 0.2892736792564392 0 0 3.679703064262867 0.3235697746276855 40.79910599440336 12.50495543330908
1708.176315963268 941.1281377971172 91.9794642329216 3070.815932258964 678.1578767597675 982.6947633624077 3126.184707976878 31.24588266760111 134.409198500216 3827.836279049516 101.3622291386127 3637.183026708663 5678.885864436626 1145.173874273896 3.70481800287962 2.230758644640446 0 0.2048097029328346 0 0 0 0.4539602100849152 0 0 0 0 0.15584596991539 0 0 0 111.8061042204499 3.467308647930622 145.5511429384351 0 0.1183090135455132 0.0695868581533432 27.2065534889698 0.1604581624269485 0.6383918672800064 0 0.2996302545070648 0 0.3081647157669067 0.4958876445889473 0.08306749165058136 0.4731583595275879 38.12365444004536 2.713362067937851 0.2854607701301575 0 0 0 0.1410573124885559 0.4063290432095528 9.729450687766075 4.349908441305161 44.55111494660378 179.4454352110624 35.6300145983696 32.35788045823574 0.4948468282818794 4.633190751075745 0 21.78010688722134 7.252351880073547 4.104003220796585 0 1.1178163215518 0.137943908572197 0 77.56728471815586 20.53200021386147 4.865835011005402 284.8580496869981 28.91178185492754 37.12256240099669 42.74364906549454 6.454212754964828 0.2190680280327797 0.9645080864429474 0.2126803621649742 2.010586075484753 20.9388850107789 1.064173348248005 3.164611428976059 3.086649715900421 0.5486220642924309 2.342583619058132 1.527376845479012 2.626380071043968 0.09410188347101212 0.499557338654995 0.2096274495124817 0 0.1404654234647751 421.1208145692945 138.3008839488029 6.390236347913742 3.5770014077425 201.696303665638 28.98232581466436 22.89318979531527 51.03824234753847 113.8080847859383 10.77230326831341 63.18176825344563 54.16356292366982 13.16906550526619 145.1380374953151 156.0943329334259 7.920569323003292 69.38886089622974 259.352287992835 75.77509439736605 71.08125166594982 0.9097321480512619 1.502855278551579 0 0.1401821672916412 0 0 0 0 0 0 0 0 0 0 0 0 0.154840812087059 0 0.7458486557006836 66.5605446472764 6.243992045521736 0 0 0 35.67252252995968 4.149814113974571 22.83963200449944 2.328880399465561 0.7249049618840218 0 0 0 0 0.3111191689968109 0 0 2.202686741948128 3.408601179718971 0 0 0 0.4387177526950836 0 0.4695437923073769 0.4191728755831718 0 1.359754711389542 5.704524241387844 0.1425818353891373 0 0 58.90718248486519 4.17408911883831 0.1958668082952499 0 0.09639440476894379 0.1888046115636826 0 0 0 0 63.30775695294142 0 0 0 0 6.257690459489822 0 3.98176971077919 4.627470955252647 6.715935982763767 3.547083251178265 0.872188575565815 0.7238093018531799 0 0 0 0 0 0 0.1923629641532898 0 30.26606445014477 8.590741977095604 15.58358875662088 344.8365111127496 5.890959344804287 340.2255233302712 21.17031036317348 779.6148608326912 50.83875025808811 1.044134393334389 18.56419061869383 69.01252719014883 1.234650015830994 14.12582428008318 1.262188524007797 148.7012700885534 0.8903117775917053 3.644842103123665 0 2.357604995369911 0 2058.937246069312 90.80903664976358
63.11672724783421 1461.932241559029 1623.818292081356 3.868101790547371 561.7678526639938 2.220690384507179 589.4480637311935 1597.493361383677 678.6256841644645 101.3622291386127 732.7241854965687 226.7798008471727 1732.35448923707 5057.230052493513 15.01007552444935 18.82296596467495 0.1919631958007812 0.1827228590846062 0.339564137160778 3.874992974102497 7.207503028213978 2.415915973484516 0.7414455413818359 1.05760757625103 4.313471183180809 0.3536417782306671 2.161566160619259 1.133432507514954 0.1531110256910324 0 444.6794049367309 229.0066716820002 462.0224709883332 2.978514932096004 37.14514371007681 24.00419759005308 108.9047249779105 38.13283433020115 27.82657708227634 3.391163051128387 23.75206291675568 8.824413567781448 2.022156581282616 3.042301543056965 0.4438266530632973 2.800270296633244 43.58036898821592 1.978432580828667 1.097711406648159 5.623835109174252 1.517348393797874 1.373040109872818 0.6203917860984802 9.632505975663662 4.271351620554924 1.519847422838211 7.194984667003155 39.13720242679119 5.833415798842907 24.80015069246292 5.840222179889679 35.50512532889843 11.69945757091045 96.4151441976428 3.261022657155991 2.050229206681252 0.5865832343697548 3.773502677679062 14.56068867444992 28.67447911947966 120.5906283706427 0.6129909679293633 0 75.83202362805605 37.12384870648384 67.85948982089758 162.3448072895408 51.23238680139184 9.281824961304665 138.8652842342854 0.9944527372717857 307.6934198588133 8.725026540458202 0 2.219503924250603 1.543054021894932 2.184249617159367 2.50350084155798 1.046033561229706 0 0.4900214746594429 0.7190645858645439 34.95067244768143 3.688234977424145 1.67853482067585 89.41070815175772 30.92712529748678 0 13.79960707575083 11.25104960054159 1.526988156139851 1.521912649273872 0 0 1.985642820596695 2.974583901464939 1.526827424764633 1.132393896579742 4.330641694366932 4.846948981285095 1.535656467080116 4.814252406358719 11.91352497041225 5.958919681608677 14.58288244903088 0.5084188431501389 0.4088747054338455 0 0 0.1575799286365509 0 0 0.7409437447786331 0.2551185786724091 0 1.284710913896561 0 0 0 0.109206885099411 1.479585334658623 0 0.2984885573387146 0 9.760475844144821 1.909247279167175 0 0 0 13.0532802939415 5.205458432435989 9.16036918759346 1.668703630566597 0.5620368272066116 0 0.3796193897724152 0.1521197259426117 0 1.289935454726219 0.430638462305069 0.7714887261390686 0.8248832449316978 0.418245404958725 0.1383343935012817 0.1711163222789764 0.570410892367363 0 4.398219510912895 0 0 0 0.2049926444888115 1.581922955811024 0.2342147678136826 0.3741817027330399 0.1398301124572754 13.76252928376198 2.477234527468681 0 0 0 0 0.2559303194284439 0.2309913709759712 0 0.3089766502380371 11.69974406808615 0 0.2075406312942505 0 0.166647732257843 0.5685109794139862 0 2.448929995298386 0.8748994246125221 3.68794484436512 0.7380369827151299 1.336867898702621 0.6809643357992172 0.3390732407569885 0.08784008026123047 0 0 0 0.1670815050601959 0.7278199344873428 0.1507657021284103 6.869230560958385 8.772870741784573 15.91459057480097 140.96852850914 10.06755466759205 204.8394318595529 32.25630674511194 17.1965838521719 23.85963279753923 0.3132039457559586 14.13154413551092 6.220625512301922 0.2895087897777557 5.076507411897182 0.6872399896383286 6.704704955220222 0.6508621051907539 0.1904796361923218 0.3840287327766418 9.78523526340723 0 55.88627727329731 15.07967931777239
74.01640355587006 103.3420912101865 68.19401697069407 376.500413864851 37.68014687299728 72.3270822763443 294.2740950062871 68.15872286260128 23.19815433770418 3637.183026708663 226.7798008471727 818.9912928342819 1594.569139517844 689.0344332307577 12.69308903813362 21.22565815597773 1.244753800332546 0 0.2405731976032257 0 0 0.8276316225528717 0.1374289095401764 0.1323490291833878 0.1660370975732803 0.121618777513504 0 0.9219367057085037 0.4100719764828682 0 7.214010819792747 1.358106888830662 123.0762474834919 0 0.9572506546974182 0.1590444892644882 51.73745100945234 1.012867346405983 2.531281493604183 0.5047890767455101 1.018685281276703 1.127804577350616 0 3.488434828817844 0.217829629778862 0.8118497803807259 27.57707738876343 0.5856631770730019 0.3532290458679199 0.09820472449064255 0 1.123377457261086 0 0.1430268585681915 0.9915095344185829 0.116003192961216 3.095308899879456 7.199035130441189 2.406293369829655 8.556736223399639 0 0.1198444068431854 0 15.02021912485361 1.152741216123104 0.1483575329184532 0 0 0.292859710752964 0.752719059586525 40.02452731877565 1.365628212690353 0.6645205765962601 17.92430888861418 5.138627782464027 29.06469900161028 62.20555467158556 33.69520466029644 0.1391957849264145 19.22599471360445 0.574903704226017 1.734775006771088 2.936001472175121 0 0.2555892392992973 0.3473968505859375 0.4922393336892128 0.4807588905096054 0 0 0.2312957346439362 0.2694894969463348 1.46001610159874 0 0 619.3734921067953 20.43216209113598 0.4026856571435928 2.83068922162056 15.2416717261076 14.54041039198637 6.705970488488674 6.803381055593491 0.6635301187634468 11.28409601002932 18.37545984983444 20.57302217930555 4.786386288702488 63.3181174993515 53.06439723819494 4.96237513422966 43.61176435649395 99.90835838764906 37.93558795750141 66.48132947087288 0.6744958087801933 1.728721588850021 0 0 0 0 0 0 0 0 0.1307437270879745 0 0 0 0 0 0 0 0.2028735727071762 42.07265266776085 8.736679062247276 0 0 0.6993533372879028 29.5620594471693 0.4958461076021194 10.52970018982887 2.716953486204147 0.2665122896432877 0 0 0 0.1273385584354401 0.4878155589103699 0 0 1.865671895444393 0.8161309808492661 0 0.1467844098806381 0 0 0.8663595914840698 0 0.2286863476037979 0 1.541466236114502 1.537946343421936 0.5542356818914413 0 0 27.56180195510387 6.582588948309422 0 0 0 0 0 0 0 0 39.15417627245188 0.4929099306464195 0 0 0 2.804808147251606 0 0.8450745940208435 2.589518636465073 4.637260243296623 0.9857303574681282 1.736572273075581 1.92852945625782 0 0 0 0 0 0 0.1321409344673157 0 28.62166716903448 7.66205807775259 17.13210354745388 277.9380560740829 4.652765400707722 137.6463557854295 52.06760045140982 104.5806214734912 11.37736158072948 0.7009210288524628 23.67612551152706 49.85546305775642 0 12.66371323913336 0.5583614781498909 53.03271028399467 1.16716642677784 0 0 11.17762105166912 0.3319893181324005 783.9202922210097 80.05794454365969
185.9543903023005 649.2618110105395 567.5234710723162 1208.877565152943 628.2451368868351 68.1196737959981 2245.383278913796 648.4620085544884 755.4427646175027 5678.885864436626 1732.35448923707 1594.569139517844 3625.656339854002 6002.047323167324 33.61777443438768 44.67107454687357 0.9367775544524193 0.6183082014322281 0.2103687822818756 0.2249074429273605 0.5817008540034294 0.6863939315080643 0.3455849140882492 0.2201399356126785 0.3687987327575684 0 0.3932689353823662 1.128679178655148 0.2750632911920547 0.2432020530104637 51.7999647334218 9.625214837491512 374.4038255885243 0.5169881582260132 3.530480317771435 1.596177615225315 135.3961768075824 10.06433941423893 51.39657386392355 0.9102842658758163 1.77541970461607 1.809033423662186 0.1651342809200287 6.177918784320354 0.5013424828648567 1.151924602687359 97.22830662876368 2.52256241440773 1.284626021981239 0.4820255041122437 0.3625830411911011 0 1.866114944219589 1.016886167228222 4.356162577867508 1.568676561117172 8.476764351129532 38.72542686760426 9.502656430006027 46.14170181751251 0.9388355985283852 22.58192749321461 0.5523769780993462 104.3871992602944 3.916278205811977 2.195630751550198 0.2694076299667358 1.243422374129295 2.925796672701836 1.510481089353561 791.9731220155954 0.810088187456131 0.5419591814279556 94.82001935690641 33.44515493512154 113.3626761138439 253.1576044335961 84.14728017151356 1.548024386167526 52.59204319119453 1.408867239952087 14.95100734382868 11.25918404757977 0 2.788964167237282 1.848753217607737 0.9533331021666527 1.722394816577435 0.7997241169214249 0 0.08851803094148636 0.1143131256103516 5.188211180269718 1.157782860100269 0.3515682965517044 631.769816853106 23.62758418917656 0.2803024649620056 7.636434435844421 12.89522110670805 37.11366894096136 16.24679082632065 9.465326614677906 1.751839607954025 19.14461504667997 29.38351621478796 40.25899843126535 11.71473776549101 79.98471965640783 95.79419112950563 8.931807920336723 65.69557316601276 200.2434668987989 79.01270046085119 117.4152370467782 2.134949050843716 3.616780675947666 0 0.9013256132602692 0 0 0 0 0 0.3607038557529449 0.6509982794523239 0 0.09144547581672668 0 0 0 0 0 0 97.87383449822664 11.41880322992802 0 0 0 63.77598599344492 10.41331917047501 32.18871876597404 6.895065203309059 2.855211079120636 0.4198059886693954 0 0 0.2692148983478546 1.944827757775784 0.2934881746768951 0.148258313536644 5.324437543749809 1.275243207812309 0 0.3932224214076996 0.7168421596288681 0.09323890507221222 1.431663483381271 0.2593534141778946 1.009268820285797 0 1.225253343582153 6.312755338847637 0.5462586805224419 1.689367234706879 0 69.08215138316154 14.31060311198235 0 0.2708110511302948 0 0 0.1053582206368446 0.548930823802948 0.5198748782277107 0.1757276058197021 70.27490342408419 0.5111981555819511 0 0 0 6.351471774280071 0 6.577039524912834 8.125108309090137 8.081812657415867 4.946019418537617 2.77681390196085 5.070370368659496 0 0 0.09645070135593414 0 0 0 0.2441772371530533 0.1564173400402069 45.45795156806707 24.09504584223032 56.80141494423151 583.11247741431 14.55393468588591 467.9213000312448 126.9972392767668 120.6225432008505 82.57802746444941 1.230835512280464 54.04448106139898 65.37568882107735 0.3092964664101601 11.60028062015772 2.174715138971806 96.5263097807765 0 0.4481369256973267 0.7376120984554291 24.09102050960064 0.2535420060157776 731.5743780657649 120.6948620975018
