115.5366567522287 3675.754376091063 609.6073151156306 2662.09590677917 4.589685276150703 26.65053081512451 266.587692424655 370.2686140537262 3.129591375589371 1082.055307924747 55.78824157267809 8.618185073137283 12.73675194382668 168.4231349378824 3.102722957730293 4.094417504966259 0 0 0 0 0 0.1285473853349686 0 0 0.3756096214056015 0.9871755838394165 0 0 0 0 495.1417062655091 111.7395089641213 131.3403385728598 0 0.7619446665048599 2.15765905380249 3.874008260667324 1.397484108805656 0.9086573570966721 0.1242887675762177 2.458981305360794 0.9769660010933876 0 0.3283998370170593 0.1330107450485229 0.6416607648134232 10.22780974209309 0.4526525437831879 0.4211252704262733 0.184582382440567 0.1270784288644791 0.3080528080463409 0 0.2916590124368668 13.54215708374977 13.02725569903851 192.6637363806367 605.1918973773718 39.15765631198883 24.72319377213717 0.3670774102210999 9.826094381511211 0.9073397889733315 4.794419400393963 1.619533643126488 0.996038943529129 0.1031595543026924 0.2575743123888969 0.7214905321598053 0.7259712591767311 0.7762030214071274 0 0 63.36413425952196 12.03197991847992 9.899686761200428 1.044748619198799 0.7006662860512733 4.533379778265953 354.2698989510536 0.9459228366613388 40.00446908921003 5.088862285017967 0.7997105643153191 0.6731507778167725 5.315063402056694 0.5678893700242043 0.3251683413982391 0.9434648752212524 0 0.253239631652832 0 1.24335390329361 0.4603084921836853 0.2398150712251663 8.281391173601151 0.7682280689477921 0.19368776679039 0.8260426968336105 1131.134105466306 1.344542741775513 24.57649758458138 2.98779821395874 25.04988208413124 0 3.009512469172478 11.03696523606777 0 18.56758219003677 29.60906106233597 0 1.839073956012726 20.57835541665554 5.167303532361984 0.514156773686409 0 0 0 0 0 0 0 0 0 0 0 0 0 0 0 0 0 0 0 0.5102594494819641 0 0 0.1825069040060043 0 0.2663434371352196 0.1145376637578011 0.2814314216375351 0.5059981420636177 0.4172033667564392 0 0 0 0 0 0 0 0.1466258019208908 0 0 0 0 0.107525609433651 0 0.117652416229248 0 0 0 0.1441204845905304 0.5392221808433533 0 0 0 0 0 0 0 0 0 0.1343388557434082 0 0 1.612792059779167 0 0 0 0 0.1658288836479187 0 1.255624860525131 0 0 0 0 0 0 0 0 0 0 0 0 0 2.002587124705315 0.8088240176439285 0.6582756638526917 65.64183356612921 5.694550648331642 55.5721096098423 14.53576133400202 1013.632182992995 4.979133516550064 1.572745651006699 0.5521757006645203 2.836605310440063 0 0.1893195956945419 0.6655825972557068 109.2114450335503 0.2251872569322586 0.1805849522352219 0 1.875902190804482 0.4018508493900299 245.9357671141624 13.40939866006374
3675.754376091063 3478.760657653213 1340.224894173443 2742.986528225243 2468.192560732365 57.12806807458401 2439.323197320104 677.6305311024189 1720.297266878188 2205.310326062143 447.8863336145878 16.99429807066917 334.0040614977479 2159.277126550674 52.68066121637821 8.817564010620117 1.246894866228104 0.5060664042830467 0.3760317489504814 0.3757724761962891 0 0.1334550380706787 0 0.1701367795467377 1.181876868009567 0.6883496046066284 0.1158960834145546 0.7457393854856491 0.4736047238111496 0 751.5989051535726 116.5556026026607 368.388352997601 0.8703223019838333 2.624146744608879 4.903325006365776 14.25672547519207 3.08569311350584 4.344548262655735 0.7193493470549583 1.342730395495892 3.373889610171318 0.2975334450602531 0.4893444925546646 0 0.9248588010668755 209.1063002124429 5.003853999078274 3.057852856814861 0.9410603046417236 0.7698721587657928 0.2764432728290558 0.3606560379266739 0.9639483839273453 104.2229546755552 116.8543829321861 216.8505802452564 1306.347826935351 119.9063926115632 257.1516510173678 2.562171876430511 13.03007024526596 0.8442452251911163 80.09020809084177 30.81499448418617 18.94406282156706 1.662260301411152 1.314666010439396 1.496600352227688 1.931086026132107 6.611629068851471 1.194007456302643 0.1594693213701248 557.7972772046924 167.1528477445245 216.780784226954 33.38223402202129 3.598862610757351 6.00203213840723 713.4709864482284 2.387516088783741 54.39276749640703 55.53900441527367 10.92614407092333 10.55065289884806 57.64791189134121 2.991846188902855 2.333706006407738 6.752481028437614 1.043108440935612 3.204367950558662 0.7492890954017639 2.812057644128799 2.380325384438038 0.8943859115242958 1.869013354182243 3.436652541160583 0 1.924547150731087 1002.873624563217 0 17.08817730844021 2.171433389186859 21.62771351635456 0 9.754182919859886 13.58024491369724 3.782596960663795 40.07413619011641 30.97586493194103 0 4.365679204463959 25.10623721778393 8.420188970863819 1.223456397652626 0.1596957743167877 0 0 0 0 0 0 0 0 0 0.145056813955307 0 0 0 0 0 0 0 0.2511162161827087 0.7712756395339966 0 0 0 0 1.546594686806202 0.4750621616840363 2.149701565504074 2.803345963358879 0.588021345436573 0 0 0 0 0 0 0 0 0.1823908388614655 0 0 0 1.233745574951172 0.1410614997148514 0.7819992750883102 0 0.1441960632801056 0 0 0 0 0.6582409143447876 1.686099290847778 0 0 0 0 0 0 0 0 0 3.273272298276424 0.1527776718139648 0 0 0 0.1936811208724976 0 2.96563321352005 0.2637724578380585 0 0.2690329849720001 0 0 0.09913221001625061 0 0 0 0 0 0 0 6.474324107170105 1.644987136125565 2.894304648041725 745.1862519234419 70.34230779856443 1000.878451481462 122.401425793767 1157.622533023357 55.14640010893345 22.0570791810751 15.51562049239874 14.60441063344479 0 2.213758729398251 0.801510713994503 75.87660604715347 0 3.272275343537331 0.4423093497753143 27.97481282055378 0 720.6502447649837 12.9632319137454
609.6073151156306 1340.224894173443 491.9098722562194 618.4799001440406 647.8983358815312 2.812385052442551 227.4310174435377 2605.935467094183 1689.880046859384 117.6131408438087 1914.526236645877 12.42499691992998 290.5145600065589 3357.544256515801 59.73579239845276 17.49710582941771 1.150349214673042 2.200797833502293 0.8640574961900711 0.8287304490804672 1.32410241663456 0.2461891248822212 0.7232010960578918 0.3058326244354248 1.375325374305248 5.188537433743477 0 1.826254449784756 0.1700903177261353 0.4202108159661293 2314.655687004328 1042.254280664027 243.7434531822801 0.8078732192516327 5.495213247835636 11.04750639945269 9.853242874145508 4.629037544131279 1.961517795920372 2.23771408945322 8.73070565611124 10.12296506762505 3.727086283266544 0.6522019505500793 0.4290459454059601 2.022328749299049 174.1713022887707 7.272392742335796 1.867582462728024 7.03107400983572 2.946350999176502 0.4923577383160591 0.9541075453162193 1.558820724487305 78.11303968727589 76.23781234025955 103.0476339235902 592.1137069612741 78.73731844872236 183.0363866388798 13.69368377327919 45.7366701439023 4.436129331588745 105.3780618980527 21.36174155026674 17.27441884577274 2.444973602890968 3.124437525868416 15.09328756481409 21.03938749432564 3.633294478058815 1.070026911795139 0.1896298676729202 395.7393769696355 198.1517186164856 234.0747862905264 39.16548420488834 6.55352433770895 41.1160091906786 1483.300585463643 33.29349146783352 159.463298894465 44.39460823684931 6.326785542070866 8.87648518383503 44.39381019771099 2.865992203354836 3.35962126404047 5.910002030432224 0.9086468368768692 4.886385560035706 0.8575223609805107 12.07056725025177 9.222813248634338 1.747626155614853 1.350967258214951 1.94001479446888 0.1634309440851212 3.485874198377132 89.25967943668365 0 2.997910529375076 0 2.098240256309509 0 0.9528610706329346 2.111763879656792 0.3543788492679596 4.725296318531036 1.588557600975037 0 0.7871861010789871 6.260982155799866 0.6337321847677231 0.4774570614099503 0.1226053163409233 0 0 0 0 0 0 0 0 0 0.1631342172622681 0 0.3451168239116669 0 0 0 0.1355828642845154 0.4191336706280708 0 0 0 0 0.4743369221687317 1.082049250602722 0.5455798506736755 0.5461790710687637 2.102444529533386 1.394983790814877 0.3843812122941017 0.2205089330673218 0 0 0 0 0 0 0 0.1648172438144684 0 0 0 0.5124286711215973 0.9277139902114868 0 0.3515239953994751 0.4013479128479958 0 0 0 0 0.3901935517787933 0.5043033510446548 0 0 0 0 0 0 0 0 0.7455935478210449 2.520675458014011 0.8556074947118759 0 0.3353151381015778 0.1818287372589111 0 0 3.029591843485832 0 0 0 0 0 0 0.2333636730909348 0 0 0.1950064077973366 0.116161584854126 0.1591581106185913 0 1.184888184070587 1.19343775510788 2.255178779363632 469.9832243919373 45.71675749868155 701.6095257252455 92.74981597810984 158.6527231037617 30.1418879404664 13.81935666501522 10.7730785831809 2.457693636417389 0 0.3984438627958298 0.5323211476206779 3.679439105093479 0 0 0 25.01780399680138 0.2794046252965927 275.1255401521921 2.010021269321442
2662.09590677917 2742.986528225243 618.4799001440406 707.3792432770133 37.01926229149103 569.9166332781315 806.9763539433479 3.996886178851128 14.84244339168072 3368.56349517405 1.957655623555183 129.4523194432259 124.0932322889566 35.24723395705223 0.2510650455951691 0 0 0 0.1595676839351654 0 0 0 0 0 0 0 0 0 0 0 19.08851886540651 0.2918887063860893 10.07075614482164 0 0 0 0.1873728036880493 0 0 0 0 0 0 0 0 0 6.751233026385307 0.4734894633293152 0.1677829772233963 0 0.08892565965652466 0 0 0 5.929344274103642 8.731434963643551 37.41596466302872 248.6256093010306 19.5301610827446 18.25371689349413 0 0.1605094224214554 0 2.941907346248627 1.707313522696495 1.043910831212997 0.2488269731402397 0 0 0 0.489303857088089 0 0 46.2369460016489 5.587034411728382 6.097149759531021 1.245889589190483 0 0 10.221899561584 0 1.278354294598103 2.593278259038925 0.9716033414006233 0.5180289372801781 5.035491861402988 0.2297758907079697 0.1036166399717331 0.761014886200428 0.3483083844184875 0.203023225069046 0 0.3647963479161263 0.09700293838977814 0.1157963499426842 0.9230234622955322 0 0 0.1098554134368896 304.8756524249911 3.220635712146759 46.51921780407429 5.256202846765518 17.42238803207874 0.9870739579200745 16.58966076374054 15.49467195570469 7.057021409273148 36.2655935138464 56.07752324640751 0 8.554022490978241 30.80437730252743 10.18591599166393 6.909540131688118 0 0 0 0 0 0 0 0 0 0 0 0 0 0 0 0 0 0 0 0.3464230448007584 0.1030234545469284 0 0 0 0 0 0 0.2460091114044189 0 0 0 0 0 0 0 0 0 0 0 0 0 0 0 0 0 0 0 0 0 0 0.3708365559577942 0 0 0 0 0 0 0 0 0 0 5.619257390499115 0 0 0 0 0 0 3.999295234680176 0 0 0 0 0 0 0 0 0 0.1308326572179794 0 0 0 6.740263149142265 0 0.2072656005620956 29.10432901233435 2.961426332592964 35.06920867413282 5.888723753392696 782.6741244494915 3.35417465120554 1.994494788348675 0 7.796563893556595 0 0 0.1017347648739815 140.2180568277836 0 0 0 0.7085125297307968 0 603.6605603471398 32.99812529981136
4.589685276150703 2468.192560732365 647.8983358815312 37.01926229149103 1598.513568907976 1.115593120455742 1622.748712681234 38.84150306135416 3220.807902619243 1056.735568910837 719.5543901100755 9.087987720966339 502.3406707420945 1741.305080078542 32.70888663828373 9.566953592002392 0.2048037201166153 0 0 0 0 0 0 0 0 0 0 0.3425483703613281 0.246738888323307 0.1404746770858765 20.78778053820133 3.713262543082237 3.63226904720068 0 0.1085831522941589 0 0.802815668284893 0 1.24416945874691 0 0.1129372268915176 0.2626218646764755 0 0.1348432302474976 0 0.2192276269197464 78.54773867875338 0.765830971300602 0.7614388987421989 0.124752402305603 0 0 0.2280305922031403 0.2560338973999023 9.918193079531193 11.45801425725222 3.622792117297649 19.118806399405 7.512409627437592 26.37844577431679 0 1.209417149424553 0 10.34918385744095 4.347426146268845 2.585684217512608 0.43202143907547 0.1064523234963417 0.1378820687532425 0.1179434061050415 0.1052869185805321 0 0.1554068624973297 46.27868930250406 22.45880898833275 39.84799633175135 7.62444331496954 2.343018442392349 0.1326274871826172 2.55252581089735 0.444060742855072 1.014259979128838 5.378471612930298 0.7305546626448631 0.7885901853442192 5.425991624593735 0.5106718987226486 1.054843410849571 0.7120913192629814 0 0.6518888473510742 0.1034878641366959 0.2457183375954628 0.2930036932229996 0.3134535476565361 4.144684031605721 0.7508007287979126 0 0.7903336882591248 2.620246633887291 0 2.521145731210709 3.319101631641388 2.895850509405136 0 10.70960760116577 4.464686095714569 2.135676234960556 16.83784000575542 10.71073253452778 0.9875872731208801 5.411747723817825 50.64295464754105 13.47692745178938 7.544202446937561 1.269476711750031 0.256342351436615 0 0 0 0 0 0 0 0 0 0 0 0 0 0 0 0 0 0.4739731550216675 0 0 0.2172471582889557 0 3.726593360304832 2.003666877746582 3.532143831253052 0.3968561589717865 0 0 0 0 0 0 0 0 0 0.8690848648548126 0 0 0 0 0 0 0 0 0 0 0 0 0.2830497026443481 5.487040519714355 0 0 0 0 0 0 0 0 0 9.523564636707306 0.8279482126235962 0 0 0 0 0 6.588242411613464 0 0 0 0 0 0 0 0 0 0.1107049435377121 0 0 0 20.03249004483223 0.8306795656681061 2.571411415934563 320.205959379673 9.395887680351734 260.3094946816564 53.95807615667582 24.50006595253944 19.75151105970144 1.468460492789745 8.950509786605835 3.327200874686241 0 1.758775591850281 0.8700055778026581 15.77712935209274 2.838502407073975 0.1555534899234772 0 18.19652976840734 0 46.00034759938717 16.72513534128666
26.65053081512451 57.12806807458401 2.812385052442551 569.9166332781315 1.115593120455742 5.214966475963593 40.77647760510445 1.186557874083519 4.397202134132385 816.2545159012079 1.75117526948452 170.3713892102242 134.9520806670189 22.37457156181335 0.2486251220107079 0.14067143201828 0 0 0 0 0 1.73251286149025 0 0 0 0 0 0 0 0 12.93246009945869 0 12.02857300639153 0 0 0.4652668386697769 29.09381663799286 6.756343796849251 7.125936552882195 0 0 0.4611444175243378 0 0 0 0 0.3204794228076935 0 0 0 0.1515034884214401 10.98683280497789 2.565395846962929 0 0.4622554183006287 0.3456949815154076 121.4621917903423 2.095718592405319 0.2919518500566483 0.3150166720151901 0.2158468514680862 3.601837038993835 0 0 0 0 0 0 0.1315561234951019 0 64.59677617251873 247.6256791427732 8.087557800114155 0 0 0 0 0 0 2.469095811247826 0 1.529140144586563 0 0.4741636142134666 0 0 0 1.83523315936327 1.59726045280695 9.201896026730537 1.311970449984074 6.687978312373161 0 0 2.645189240574837 240.3838922530413 56.34723089635372 25.60572604089975 5.531425967812538 344.5517643988132 0 12.20191779732704 1.938811495900154 14.92852889001369 0.4047839641571045 13.60924844443798 15.59700690209866 3.769628599286079 35.13660079240799 52.05194453895092 0 8.189831867814064 35.7348734587431 9.49838399887085 2.571615934371948 0 0 0 0 0 0 0 0 0.1245740801095963 0 0 0 0 0 0 0 0.2889296114444733 0 0 0 0 0 0.6205061078071594 0 2.098150968551636 0.5479966998100281 0.3192841112613678 1.35299015045166 0 0 0 0 0 0 0 0.1170087158679962 0 0 0 0 0 0.4574372842907906 0 0.3023249208927155 0 0 0 0 0 0 0 0.1624897718429565 0 0 0 0 0.09045664966106415 0 0 0 0 2.22693720459938 5.669750675559044 0.1090992242097855 0 0 0 0.3131769001483917 0.7896306961774826 1.431429661810398 0 0 0 0 0 0 0 0 0 0.326975554227829 0 0 13.97916568815708 4.316793724894524 4.170911014080048 4.708856225013733 0.09921305626630783 2.588590659201145 0.2733153402805328 179.7919768691063 0 0 0 1.932958602905273 0 0.3260852992534637 0.3494774997234344 65.48818297684193 0 0 0 0 0 127.8485710471869 42.68259458243847
266.587692424655 2439.323197320104 227.4310174435377 806.9763539433479 1622.748712681234 40.77647760510445 1175.233311451972 2.424475848674774 411.2213883474469 4195.393767856061 94.12360954284668 42.84773321449757 2113.002123862505 970.6516233310103 22.19403562694788 9.083800815045834 0.1579081863164902 0.3090589493513107 0 0 0.352761298418045 0 0 0.3243519067764282 0 0.1222005262970924 0 0 0 0 14.70605029910803 1.812478490173817 11.07754062861204 0 0.3898776322603226 0.7856151014566422 4.703869670629501 0.5387321710586548 0.3940821960568428 0 0.6009168773889542 0.1604491770267487 0.223463349044323 0.3563932180404663 0 0.2505504488945007 60.23043808341026 0.7665040418505669 0.4216444790363312 0.1333081871271133 0.1898386478424072 0 0 0.5393964946269989 18.34207788109779 16.14662583172321 31.19794596731663 176.4106080755591 19.37849578261375 43.4399861395359 0 1.846062175929546 0 14.18855076283216 4.544718749821186 4.888057120144367 0.6164375171065331 0.6079875528812408 0 0.4246933311223984 2.260288566350937 0 0 89.77527279406786 26.69893953949213 37.50646711140871 6.73064736276865 0.2781942188739777 0 1.649191081523895 0.4899941682815552 0.671402744948864 8.93905445933342 1.359282426536083 1.388934224843979 10.61516270041466 0.3968479335308075 0.49779262393713 0.6170101910829544 0.2302743494510651 0.5076572075486183 0.1016958355903625 0.4112466648221016 0.5481676384806633 0 18.20836056768894 2.488000646233559 0 0.8072708547115326 62.25383976101875 0.6854885220527649 6.422447592020035 63.78016406297684 133.3737072497606 0.4841496348381042 42.61217536777258 8.198914006352425 6.224086597561836 131.2482553869486 55.80874894559383 0 21.98402348905802 96.57658219337463 50.42810761928558 20.33401790261269 0 0.2577709257602692 0 0 0 0 0 0 0 0 0 0 0 0 0 0 0.1602576076984406 0 0 0.1646857261657715 0 0 0 0 6.772503569722176 0.3022356331348419 0.9722919166088104 0.3214470744132996 0 0 0 0 0 0 0 0 0.6677594482898712 0.6613151580095291 0 0 0 0.1776901334524155 0 0.1232663616538048 1.203743100166321 0.114976204931736 0.1820014491677284 0.6968012899160385 0 0 0.3345194160938263 4.853781633079052 0 0.7960748374462128 0.09570230543613434 0 0 0 0 0 0 21.82680378854275 0 0 0 0 3.888937130570412 0.3839907348155975 6.149934604763985 0.115853987634182 0.4252064377069473 0.6867866814136505 0.6212146878242493 0 0 0 0 0 0.1444545537233353 0 0 0 66.53781108558178 2.785228729248047 5.027515150606632 271.2485156357288 13.56687042862177 268.0355214774609 44.03880256414413 148.4448152184486 19.27458001673222 7.578181363642216 4.325316153466702 4.928396962583065 0 5.854791723191738 1.287997007369995 56.23965325951576 0 3.30574631690979 0 13.214315071702 0 190.7204717323184 42.46840578317642
370.2686140537262 677.6305311024189 2605.935467094183 3.996886178851128 38.84150306135416 1.186557874083519 2.424475848674774 906.2499607726932 30.06114822626114 3.088462688028812 2561.160749807954 2.931457012891769 20.0746690928936 759.3702499940991 177.9308182224631 117.4341694489121 3.437860742211342 4.306734807789326 1.359921395778656 2.181228376924992 13.49191048741341 0.2936796396970749 2.474216312170029 1.760885134339333 10.73325847834349 21.51716096699238 0.2767403572797775 5.81125233322382 0.6837450191378593 0.08968653529882431 2140.806921638548 2133.327658809721 101.2200637310743 2.934698164463043 40.15135300904512 38.49393593519926 13.37685400247574 12.08752661943436 3.012255758047104 3.768554858863354 48.56839271634817 49.25421255081892 8.534598745405674 2.893817476928234 1.14007480442524 7.866850897669792 250.9309522211552 5.578098133206367 3.818788945674896 13.926603756845 4.841814056038857 1.588547646999359 0.2286971062421799 4.202497981488705 21.22301797568798 23.61203286796808 23.90222990512848 184.589471116662 19.97593003511429 61.42074978351593 72.84407609701157 132.3113067373633 32.25410234928131 140.9759422913194 7.102807596325874 8.969470635056496 3.076518125832081 5.707336887717247 41.91139970719814 86.44825730472803 2.497670449316502 1.85065421462059 0.1212523952126503 118.5901119858027 107.2668350487947 168.6942026019096 54.06983878463507 128.6234112232924 1004.491680912673 1707.865720227361 391.9445788264275 824.335591122508 20.53707071393728 2.210145890712738 4.768277660012245 18.69000079482794 4.285187475383282 0.9721884801983833 4.899782575666904 0.3748941123485565 5.30316386371851 0.3371399790048599 74.29699915647507 25.65759837627411 4.262116849422455 3.254707515239716 2.68989397585392 0.1202339082956314 2.165683433413506 30.20854957401752 0 0.465005099773407 0 0 0 1.068724066019058 0 1.645631074905396 1.902782812714577 1.282380312681198 0 0 4.297660604119301 3.078239813446999 0.4632099121809006 0.386507049202919 0 0 0 0 0 0 0.4056061506271362 0 0.2006504833698273 0.9756195992231369 0 0.1026603281497955 0.3884221613407135 0.2430371046066284 1.125413104891777 0 0.1519099622964859 0.1270149946212769 0 0 0 0.6274317055940628 0 3.913655556738377 0.1922518014907837 0.5409237444400787 1.056251809000969 0.8348011150956154 0.7834251970052719 0.6785881221294403 0 0 0 0 1.537110984325409 0 0 0 0 0.151941180229187 0.5085322633385658 4.04446928948164 0.3041659891605377 0 0 0.1016535237431526 0 0 0 1.642648860812187 2.390731200575829 0 0 0 0 0 0.1239110231399536 0 0 0 3.862314112484455 0.5127115547657013 0.1675106585025787 0 1.763160422444344 0.2362251579761505 0 5.838719367980957 0.1291484981775284 0 0.1212169677019119 0 0 0 0.130160391330719 0 0 0.1402943730354309 0 0.4374976754188538 0.5651559978723526 2.920237362384796 2.696376144886017 4.19134908914566 544.1336261406541 26.04703076928854 628.9714360013604 154.7361748814583 44.68720551580191 21.51909497380257 5.851185634732246 19.04960602521896 5.118731684982777 0.2564461529254913 4.26129512488842 2.285065948963165 4.444420397281647 0 0.1184003576636314 0 50.70607454329729 0.5344828963279724 71.53131213784218 3.487116627395153
3.129591375589371 1720.297266878188 1689.880046859384 14.84244339168072 3220.807902619243 4.397202134132385 411.2213883474469 30.06114822626114 635.4857415556908 662.2331104651093 928.5850204452872 20.90657068789005 1434.385524809361 1347.547444611788 28.43663910776377 17.95051257312298 0.2575266659259796 0.1485966742038727 0 0 0.2329868972301483 0 0 0 0 0.1500818133354187 0 0 0 0.1435272544622421 8.092854246497154 1.060335725545883 23.08863259106874 0 0.2880500257015228 0.4923748075962067 5.05842624604702 0.2566422671079636 0.2666697055101395 0.1205104440450668 0.2714121788740158 0.8714634627103806 0 0 0.1208922639489174 0 42.02043578773737 0.4248138889670372 0.6372150778770447 0 0.1104484051465988 0.3746989071369171 0.665367990732193 0.1345834881067276 4.813421279191971 4.363805592060089 1.076289936900139 5.658144645392895 2.362045228481293 9.564760319888592 0.5262004733085632 0.7894738540053368 0.177533745765686 4.995690308511257 1.089711926877499 0.5595674887299538 0.09462008625268936 0 0 0.9932845234870911 7.694945849478245 1.406150490045547 0 13.73291143029928 7.005415871739388 22.24594436585903 3.434070155024529 1.259464487433434 0 6.403067499399185 0 1.500317938625813 2.595260083675385 0.2565136551856995 0.8582000508904457 2.876218855381012 0 0.1465993076562881 0 0 0.4515631720423698 0.09346432983875275 0.5655925571918488 0.5119949653744698 0.3896891921758652 9.32606153190136 0.1546618193387985 0 0 2.510894455015659 0.1341049671173096 12.41913408041 4.915128380060196 3.868867382407188 0.4866281449794769 22.46148338168859 3.697300240397453 9.22322416305542 68.29755163937807 42.7574196383357 0.4848796725273132 11.55879701673985 114.4319247230887 50.319808781147 15.73052208870649 0 0 0 0 0 0 0 0 0 0 0 0 0 0 0 0 0.2777990996837616 0 0 0.2438789755105972 0.5809538066387177 0 0 0 11.54874701797962 0 1.462565414607525 3.353615544736385 0.172003835439682 0 0 0 0 0 0 0 0.2320495545864105 0 0 0 0 0 0 0 0 0 0.1090583056211472 0 0.3212260901927948 0 0 5.694219797849655 0 0.7052039504051208 0 0 0 0 0 0 0 29.79568640142679 0.6069876551628113 0.2880012094974518 0 0 0.3616294264793396 0 18.53498461842537 0 0 0 0 0 0 0 0 0 0 0 0 0 52.65221112221479 4.459454119205475 4.127582676708698 243.1049401536584 6.074150077998638 140.6829379945993 45.82831310480833 17.73805946111679 9.666904419660568 0.5608858689665794 6.328783139586449 5.621057294309139 0 4.053042650222778 1.845990359783173 19.67946483194828 0 0 0.8568100929260254 11.39918647706509 0 35.58102848380804 36.09505570679903
1082.055307924747 2205.310326062143 117.6131408438087 3368.56349517405 1056.735568910837 816.2545159012079 4195.393767856061 3.088462688028812 662.2331104651093 3721.146412782371 99.97988161444664 1333.189478546381 8301.099693097174 632.2215868160129 39.27169286459684 18.14988000690937 0.4363251924514771 0.1292745769023895 0.442130908370018 0 0 0.9522185027599335 0 0.1414794921875 1.493751540780067 0.2900905311107635 0 0 0.6193968951702118 0.1585992127656937 14.53686171025038 2.185612432658672 34.90990052372217 0 0.8059110790491104 2.096228778362274 21.85189379751682 3.583343699574471 3.832938760519028 0.9432492405176163 0.6621675044298172 1.537990160286427 0 0.1608584076166153 0 0.1448352187871933 72.58060925453901 0.8409784287214279 1.295765623450279 0.7269644737243652 0.1508686691522598 1.058493748307228 0.1416384130716324 0.9484273567795753 16.07493495941162 15.98852596431971 58.76068226248026 271.499457642436 19.34769828617573 44.19536698609591 0.8318168818950653 4.645166784524918 1.10414020717144 12.29287312179804 4.713199138641357 3.40607263892889 0.2219608724117279 0.3750361129641533 0.2388283908367157 0.3511652499437332 55.41208527237177 22.67937624454498 0.3014706820249557 88.83177069574594 20.78655152767897 45.62319397181273 7.112308390438557 1.810671269893646 0.7221721634268761 1.447096332907677 0.4581057280302048 3.824945650994778 8.089055113494396 2.882582873106003 1.450243964791298 7.199367322027683 0.4029587730765343 0.1013748869299889 1.33550888299942 1.194629482924938 0.4676660299301147 0.3790760785341263 1.030510105192661 0.9672662168741226 1.0481266528368 296.4668179452419 6.007360652089119 1.669373169541359 2.768717691302299 344.7372579947114 10.47405491769314 137.0161714404821 42.0345007032156 122.3778402358294 5.84744930267334 206.4449196457863 117.2207585349679 64.58161041140556 515.1951979473233 465.432477876544 0 118.9707821235061 827.6333069726825 311.3324807286263 113.7471909672022 2.677866794168949 0 0.2322244346141815 0 0 0 0 0 0 0 0 0 0.1448130458593369 0 0.4637624323368073 0 0.1308454424142838 0.7808860540390015 0 2.107033208012581 0 0 0.1575423181056976 0.7056879997253418 53.10949025303125 0 11.96491360664368 5.077467672526836 0.4152437448501587 0 0.2440153956413269 0 0 0 0 0 0 2.033807277679443 0 0 0 0 0 0.1361811608076096 0.3019352555274963 0 0.4257747158408165 1.403529778122902 2.164616674184799 0 0 22.70757885277271 0 0.6299739480018616 0 0 0 0 0 0 0 150.5778540372849 0.6149706244468689 0 0 0 11.06474491208792 2.921540647745132 45.27441588044167 0.9090948402881622 1.625560164451599 1.651785269379616 0 0.8188253343105316 0 0 0 0 0 0 0.1391540914773941 0 366.9431570246816 13.18482168018818 20.48802628368139 526.6278827190399 18.51436003297567 309.7283162921667 74.49501701444387 780.6478044763207 20.96721175312996 5.953550048172474 17.52360869944096 32.94672064483166 0 18.57993291318417 4.073466576635838 553.0703501999378 0.5017728805541992 0.375670999288559 0.1796111464500427 25.21655575931072 1.199629306793213 1783.504574745893 540.8321629539132
55.78824157267809 447.8863336145878 1914.526236645877 1.957655623555183 719.5543901100755 1.75117526948452 94.12360954284668 2561.160749807954 928.5850204452872 99.97988161444664 1592.199724413455 249.7941618412733 737.1591714024544 2920.791947171092 133.4137562513351 103.6162431016564 2.593295432627201 0.3496042340993881 0.5537826418876648 0.1221770122647285 0.726886659860611 1.85335336625576 0.1653887033462524 0.8782928138971329 7.808827437460423 8.498029038310051 0.397615909576416 2.984267473220825 0.8102162852883339 0 272.0627884119749 82.44681334495544 715.6139310821891 0 10.55941942334175 28.00773484259844 246.4714924097061 41.33106528222561 7.045275844633579 4.544310338795185 12.06457752734423 18.78013336658478 0.2888095825910568 2.70530354231596 0.3644175007939339 0.6361811906099319 138.4301174208522 1.494536198675632 0.5373446196317673 2.229379244148731 1.66603022813797 1.84142828732729 4.017459653317928 3.483077794313431 8.162780418992043 9.65622317045927 4.713992960751057 31.934465020895 5.321059539914131 20.77840167284012 8.800588712096214 71.65972999483347 4.916034795343876 20.09401492774487 2.594032794237137 1.472968675196171 0.2130187675356865 0.6001421436667442 4.191678948700428 9.645312838256359 29.93977085500956 10.74425200372934 0.1942594349384308 30.55979765951633 14.78063191473484 57.39251697063446 15.00852479785681 9.754686810076237 21.25372163951397 997.8908243328333 8.1442811191082 189.0797610357404 6.835702121257782 1.768355019390583 1.432372361421585 4.656537167727947 0.6374520882964134 0.6154739633202553 0.5811194553971291 0.7782124951481819 0.9990915954113007 0.5909531712532043 12.80505312979221 7.920083701610565 2.645734086632729 18.88323142379522 15.50823470205069 0.6925362721085548 3.30338154733181 8.333963498473167 0.4035033136606216 0.6761081218719482 3.17950801551342 0.941611111164093 1.939042270183563 13.04631605744362 1.729784369468689 3.614713206887245 35.08580449223518 15.61315017938614 0 7.673186272382736 76.28983352333307 39.68237832188606 29.76973162591457 0.3543245941400528 0.4279132410883904 0 0 0 0 0 0 0.2164953351020813 0 0.5213058143854141 0 0.1077128127217293 0.4441565126180649 0.2445115819573402 0.1481575965881348 1.222908526659012 0.1439578086137772 0.1327922791242599 0.9440131485462189 0.9063086807727814 0.136724665760994 2.664384223520756 0 21.28822485357523 1.122907534241676 13.65724316984415 5.990411274135113 1.446725822985172 0.5694795995950699 0 0 0 0 0 0 0.5642862021923065 3.38749535381794 0 0.1625456064939499 0.1421816498041153 1.029375165700912 0.1404816806316376 0 0.259786069393158 0.2333677411079407 1.432267844676971 1.673326551914215 0 0 3.069944553077221 14.35240740329027 0 0 0.5188262462615967 0 0 0 0 0 0.4701188951730728 47.3352257758379 1.391283541917801 0 0.1439075767993927 0.3519845306873322 5.035358741879463 2.358658090233803 31.47139481455088 0.2480703592300415 0.5799221321940422 1.297027170658112 0.5521789193153381 0.2777658775448799 0.1272784024477005 0 0 0 0 0.369247168302536 0 0 37.17718550562859 11.89019417017698 22.5014454126358 773.7264340892434 19.42321736365557 447.316586650908 178.3350396230817 30.85306027531624 28.72336677461863 4.056904844939709 15.37545522302389 11.84816079586744 0.292974591255188 8.385894469916821 3.317339487373829 19.47838342189789 1.418252974748611 0 0 54.41450343281031 0.9009107500314713 54.80763497948647 20.68844816833735
8.618185073137283 16.99429807066917 12.42499691992998 129.4523194432259 9.087987720966339 170.3713892102242 42.84773321449757 2.931457012891769 20.90657068789005 1333.189478546381 249.7941618412733 177.192853435874 2726.385279394686 327.1564498096704 9.341044940054417 9.99330535531044 0.7756337970495224 0.2092829197645187 0 0 0 3.197288900613785 0 0 2.069030657410622 0.1829509437084198 0 0.1323435008525848 0.4751229882240295 0 1.886429876089096 0.5678770542144775 111.4808329790831 0 0.1593994647264481 5.083026990294456 60.62154994159937 8.907697379589081 8.425651840865612 2.769494906067848 0.6555553376674652 0.6557333767414093 0 1.868195831775665 0 0.1637662798166275 4.001404508948326 0.2999964654445648 0 0 0.2204136922955513 5.648762129247189 5.105959713459015 1.222184851765633 0.1207068488001823 0.3394469320774078 18.75674653053284 1.038674280047417 0 0.6750838384032249 1.02099022269249 4.081942230463028 0.282211147248745 1.633997619152069 0 0 0 0.2795375883579254 0 0.2806559205055237 112.8569625616074 77.95734544843435 2.251024648547173 3.171244189143181 0.9270511120557785 2.34872917085886 1.884547121822834 0.4751960933208466 0.1217053979635239 73.48985624313354 0.138387531042099 2.788254946470261 0.4834380298852921 0.2146526202559471 0 0.3423635587096214 0 0.7274315655231476 0.115368977189064 1.891934953629971 2.398433335125446 0.8729144036769867 0.1091687232255936 0 0.9036098718643188 1223.9851013273 117.1160031557083 6.171110391616821 14.85299800336361 127.2065127044916 2.170218147337437 11.89080755412579 17.29964140057564 7.20584137737751 0.8989580720663071 97.3347143009305 17.84009779989719 33.64053306728601 215.0191086754203 281.0629239678383 0.6801541298627853 64.69302836805582 487.7844335287809 226.2744092270732 97.33242885023355 3.072632648050785 1.189428776502609 0 0 0 0 0 0 0 0 0 0.1436135321855545 0 0.2642920613288879 0.5109009295701981 0 0.8560672253370285 0.2708099186420441 0.4655844867229462 2.756433114409447 0.4920024871826172 0 0.284153550863266 0.2826181054115295 61.14222850650549 0.5918407738208771 17.06763608753681 7.425937168300152 2.50080032646656 0.541447252035141 0.1850737780332565 0 0 0 0 0 0.4102248027920723 3.970177374780178 0 0.2601799517869949 0 1.347535520792007 0 1.068968027830124 0.7322876155376434 0.3990383744239807 1.242478661239147 0.9996099174022675 0 0.2281668782234192 4.158803716301918 25.49185745418072 0.7620875388383865 0 0 0 0 0 0 0 0 216.6694879159331 3.480925992131233 0 0 0 12.13103313744068 3.566933736205101 62.97864066064358 0.7943105697631836 3.189438298344612 5.599152751266956 0.2634168863296509 0.3878948390483856 0 0 0 0 0.3182728886604309 0 0 0 380.6908181756735 35.64048367738724 54.90928091853857 119.6874838247895 2.086575403809547 44.41204036772251 18.7435058131814 141.4340318441391 1.981188863515854 5.033339828252792 0.623411238193512 24.37435369193554 0 28.79920687526464 10.25988898426294 80.97792348265648 4.509855359792709 0.1472884714603424 0.4759697914123535 6.821756780147552 0.4804258942604065 434.7168129459023 266.160375662148
12.73675194382668 334.0040614977479 290.5145600065589 124.0932322889566 502.3406707420945 134.9520806670189 2113.002123862505 20.0746690928936 1434.385524809361 8301.099693097174 737.1591714024544 2726.385279394686 3357.198504365981 2496.327662460506 85.50110824406147 93.34199445694685 5.092653401196003 0.2975261658430099 0.1222230941057205 0.2762051299214363 0.6864153742790222 18.21464598178864 0 0.699449822306633 21.2895118445158 2.985634423792362 0.6431013867259026 3.150122821331024 2.688232630491257 0.1379400938749313 10.20700228959322 3.534478865563869 1006.731301985681 0.5919931828975677 4.450077019631863 51.81459344923496 495.0319450348616 115.011776573956 71.42280550301075 43.06770225614309 5.231407038867474 9.61560483276844 0.5003122389316559 4.419399544596672 0.3831680193543434 5.649280302226543 64.00173856317997 0.3322796225547791 0 0.5610015541315079 0.1251562684774399 15.38907261192799 83.73768329620361 7.515531167387962 4.354952417314053 2.920068740844727 15.61322489380836 8.576301790773869 3.852017179131508 7.433570839464664 12.76399032771587 49.58381975442171 10.32000929117203 9.363684609532356 0.8536551371216774 1.099726229906082 0.2873131632804871 0.3361299261450768 1.401462145149708 3.274469286203384 232.8777721524239 134.0343573093414 5.063690811395645 17.38380332291126 4.954039104282856 22.18133272975683 11.22425615042448 9.630999162793159 0.7961717694997787 162.3320078551769 4.84878745675087 18.82342100888491 1.70258379727602 1.078455172479153 1.225845202803612 2.264031708240509 0 0.9930405765771866 1.211196355521679 6.760703392326832 0.8377852812409401 6.778417780995369 4.078874826431274 4.43889969587326 4.922004505991936 1483.935982078314 743.067055106163 16.89775374531746 57.49656761437654 101.5000687390566 6.419862419366837 35.44884064793587 29.44570179283619 27.84731383621693 4.26618230342865 190.9297572597861 27.41621024161577 53.13780073076487 493.9910829439759 479.1467339321971 1.367204129695892 112.4076067358255 983.3169456794858 473.4715806767344 197.4888128936291 6.076191209256649 2.060121536254883 0.6028268039226532 0.6560034155845642 0 0 0.1417207717895508 0.163670226931572 1.46192678809166 0.3183822631835938 1.28231880068779 0.4918991029262543 1.857987135648727 0.5523300170898438 1.019366070628166 1.199789777398109 5.084452219307423 3.979622736573219 1.968086309731007 3.979866728186607 0.3018170893192291 1.304329842329025 7.046916700899601 2.092123918235302 163.8747805580497 5.374738954007626 50.3414699062705 29.86698769032955 8.661656863987446 0.8060051202774048 0.1854615807533264 0 0 0.1772322654724121 0.9779983907938004 0.397075891494751 1.295975893735886 12.84712374210358 0 0 0 11.11451096087694 0.9108973890542984 3.738331109285355 2.855947941541672 0 6.429342783987522 3.275286942720413 0.4944791942834854 0.6224730014801025 15.39600875973701 81.46902118623257 0.1505426615476608 2.29987508803606 0.5086617767810822 0.4110003784298897 0 0 0 0 0.6468885838985443 410.5707110017538 14.81828788667917 0.1739821583032608 0 0.5211202055215836 21.30109065771103 12.47452068328857 195.5100958198309 2.281965956091881 5.661915645003319 7.44663917273283 0.9908338487148285 1.592189028859138 0.4033283740282059 0 0 0.1570662409067154 0.3531710803508759 0.8056731149554253 0 0 589.0259262546897 102.1834167093039 148.0001667290926 775.1868632435799 18.63693920522928 294.7890272140503 150.91919721663 131.674245968461 14.17427979409695 1.881484121084213 10.66153913736343 72.09991938620806 5.327499747276306 82.12682428210974 31.43130974471569 155.1615815758705 12.38251467049122 4.825375452637672 1.368495464324951 45.92692692577839 1.785432413220406 480.3991492837667 368.7364252954721
168.4231349378824 2159.277126550674 3357.544256515801 35.24723395705223 1741.305080078542 22.37457156181335 970.6516233310103 759.3702499940991 1347.547444611788 632.2215868160129 2920.791947171092 327.1564498096704 2496.327662460506 975.4466846287251 89.01340095698833 76.2010176628828 2.860549718141556 0.2669981122016907 0.1034142598509789 0.3165792003273964 0.9133711010217667 3.603483438491821 0 0 6.747492149472237 2.487198635935783 0.1349202841520309 0.8744753375649452 0.6920923367142677 0.2466723099350929 210.1779099926353 10.92618080228567 878.4893370047212 0.2794739827513695 5.234963059425354 28.19851180166006 792.220459587872 82.81265673786402 10.82070452719927 10.1144076064229 6.901084780693054 12.54277700930834 0.119926281273365 1.51524606347084 0.2397611662745476 1.235229402780533 79.68895933032036 0.6194644719362259 1.38384947925806 0.9707288444042206 0.3689033389091492 3.734760455787182 11.54115829616785 4.292962245643139 7.05121211707592 5.712921090424061 10.09592822194099 23.65094359219074 6.10217173397541 17.13982171565294 5.691572122275829 60.90760464221239 3.635437734425068 13.39207220077515 1.763298600912094 1.177954137325287 0.2167182117700577 0.6182362288236618 1.52268274128437 3.318003058433533 94.19794368743896 29.44234120845795 1.08466549962759 30.17948491871357 10.43039125949144 33.26687782257795 9.788604103028774 6.959414042532444 2.540305458009243 307.4108371660113 4.444096617400646 96.37742841988802 3.478827513754368 0.8778504654765129 0.918038472533226 2.599155135452747 0.8286521658301353 0 1.017579041421413 2.158480286598206 2.106433682143688 2.144967153668404 8.556646659970284 5.839302934706211 3.102999962866306 137.3821647018194 31.88116377592087 2.348557479679585 8.233382828533649 27.29601857066154 2.099938809871674 11.85311016440392 13.00662607699633 7.963957503437996 1.266056805849075 76.49559477716684 12.04728865623474 26.15932470560074 155.4151675030589 86.16163961589336 0.1609334647655487 37.9313842728734 331.0812115743756 167.0266664922237 76.95329710841179 1.655122354626656 0.4559536650776863 0 0.2627205550670624 0 0.1299692690372467 0.1385350674390793 0.1550780087709427 0.1322455406188965 0 0.1633221656084061 0.3620476275682449 0.934903547167778 0.8716022968292236 0.4001419544219971 0.467013493180275 1.192906118929386 1.475262120366096 0.6825279146432877 3.115387231111526 0.4862309843301773 0.1443645656108856 1.730750665068626 0.2610785663127899 64.47595650702715 3.383235104382038 21.58337178081274 11.29108253121376 3.054228685796261 0.5603719800710678 0 0.2591797336935997 0 0 0.1915677785873413 0 2.480465859174728 4.248245507478714 0 0 0 2.853954672813416 0.9720689803361893 1.416434079408646 2.501731768250465 0 1.300360575318336 3.846146613359451 0.4472861588001251 0.1484389305114746 2.663933515548706 26.98175241053104 0.2446544617414474 0.4249728322029114 0 0 0 0 0 0 0.2595364451408386 147.5687282681465 3.185917600989342 0.3043367266654968 0 0 6.25259530544281 4.772558063268661 87.41182780265808 0.9641605317592621 0.9162439554929733 2.403159856796265 0.2372844070196152 0.324315994977951 0 0 0 0 0 0.112699031829834 0 0 195.5315233469009 29.77388194948435 49.89584098011255 721.4210795387626 13.35027776658535 317.3679106011987 141.5291126295924 47.65973326563835 19.8675923794508 6.212966553866863 9.920411959290504 27.91595888882875 0.4392914324998856 31.65035763382912 9.790829129517078 66.88266319036484 2.653085008263588 2.613784074783325 0.1332710981369019 46.99694036692381 0.3641771972179413 120.9369282722473 113.4910447672009
