555.0970645919442 3092.309293836355 275.9339322596788 1734.376298204064 200.6641963869333 277.7978424057364 1543.905912414193 120.0836964696646 56.9533559679985 1956.979598701 305.2816641554236 2.894575014710426 138.9023606330156 44.91518624871969 0.8399519175291061 0.2997971996665001 0.1699843779206276 0.09509480744600296 0 0 0 0 0 0.09702735394239426 0 0 0.1220882833003998 0 0 0 1061.152508504689 8.847273074090481 5.875517271459103 0 0 0 3.37319678068161 0.3009061962366104 2.067278452217579 0.2793397605419159 0.8046812415122986 0.4442499056458473 0.09479149430990219 0.4573730379343033 0 0 16.7286060526967 4.158906079828739 0.4735914394259453 0 1.618122950196266 0.1913319155573845 0 0 10.6938479617238 15.06035883724689 279.9104087203741 776.2627140022814 109.1986546963453 27.35658945888281 0.2137830555438995 3.23266912996769 0 32.39531092345715 8.754362024366856 8.674492955207825 2.126909583806992 3.490200936794281 2.586418449878693 0.8477391600608826 10.19929007440805 1.311856113374233 0 345.6357388086617 51.34588914364576 43.89179346710443 9.608930565416813 2.154317803680897 1.952457629144192 27.76612743735313 0.8513780385255814 2.936831243336201 15.88536109030247 0.1023160517215729 3.290784738957882 12.92003575712442 0.682736910879612 0.5487058460712433 3.629974707961082 0 2.23221018910408 0.3694495037198067 1.043642804026604 0.5014994442462921 0.2170838490128517 32.09601049125195 0 0 4.702608861029148 1326.404601864517 0.1829464882612228 6.53982101380825 3.516389198601246 2.568345129489899 2.431460961699486 5.270510487258434 18.58487308770418 1.548794753849506 44.08299221843481 14.6187759116292 3.895519256591797 8.070820853114128 16.05485986173153 8.709247700870037 3.826517887413502 0 0 0 0 0 0 0 0 0 0 0 0 0.09708193689584732 0 0 0 0 0 0 0.8018744885921478 0.6446503698825836 0 1.754737496376038 0 0.9118047580122948 0.2619671523571014 5.325659655034542 2.519515760242939 1.298396170139313 0 0 0 0 0 0 0 0 0 0 0 0 0.1139146238565445 0 0.6613615900278091 0.09391991794109344 0.09133345633745193 0.0703161358833313 0.08047394454479218 2.777720734477043 0 0 3.187184348702431 0 0 0 0 0 0 0.2245917916297913 0 0 2.184240825474262 0 0 0 0 2.301076292991638 0 0.2781018912792206 0 0.2527132630348206 0.09482049942016602 0.1007502824068069 0 0 0 0 0 0 0 0 0 5.222293294966221 0.5440495014190674 3.180673114955425 151.2498046755791 6.763745576143265 261.3072692155838 5.687580868601799 1065.907286837697 20.14856958389282 2.634365811944008 3.914720714092255 7.924484245479107 0 2.947171807289124 0.09939946234226227 64.92111633718014 0.6105213761329651 1.144386410713196 0.3360250294208527 0.3124841749668121 0 251.8920630887151 10.307278893888
3092.309293836355 1701.657259374857 1202.146651398391 828.8173271790147 1438.159366048872 124.5231859311461 3423.225699022412 325.5945602655411 673.0948475375772 1173.801507823169 908.1955801695585 10.30362671613693 883.9804422482848 635.089351631701 6.778269059956074 1.684695601463318 0.9848813638091087 0.1907371133565903 0 0 0.1299544423818588 0 0 0 0.2537913769483566 0 0.07748738676309586 0.116000771522522 0 0 1958.362650230527 62.91083437204361 37.11769636720419 0 0.1232175305485725 0.4466015845537186 11.84545686095953 3.234685346484184 4.983831897377968 0.5025591403245926 0.6465391963720322 0.4255283176898956 0.4078676626086235 0.689596876502037 0.1562713533639908 0.1809642985463142 54.09364531189203 4.538356341421604 0.8599374741315842 0.6522367149591446 2.271494835615158 0 0.5272104293107986 0 12.06050581485033 11.8606716170907 131.8902984075248 537.7671071998775 92.62395079433918 47.9701916873455 0.8347464576363564 4.770293153822422 0.2999089509248734 107.2545644119382 10.57139622420073 7.077924221754074 2.063299179077148 4.906562425196171 3.111171759665012 0.4344311356544495 12.75744035840034 4.927474394440651 0 376.3082359656692 160.9522550627589 107.7222835496068 55.57122668623924 10.45696485042572 20.55582118406892 194.0127084702253 1.534441128373146 5.594682268798351 14.99646637961268 0.1807769164443016 3.19292888045311 12.35607941448689 0.9808610305190086 0.07767964154481888 3.928739257156849 0 2.660397849977016 0.4761467278003693 1.868523865938187 1.290581524372101 1.023487381637096 23.81748863309622 4.54668602347374 0 5.893974624574184 726.4904897138476 0.7300544679164886 2.710256427526474 0.819729320704937 0.3332419544458389 2.994809925556183 4.761334508657455 5.712454840540886 1.738238506019115 36.61245469748974 13.80849139392376 6.552970468997955 8.940092287957668 7.900898911058903 9.16501373052597 10.21878245472908 0.2269165888428688 0.1356195360422134 0 0 0 0 0 0 0 0 0 0 1.74459870159626 0 0 0 1.479432374238968 0.8467243909835815 0 4.359962165355682 0.1957267895340919 0 0.1246605068445206 0.6683750748634338 4.302949532866478 0.7452555447816849 6.074482493102551 5.692344732582569 1.90984932333231 0 0 0 0.08518563210964203 0.2019084244966507 0 0 0 0.2006504312157631 0 0 0 1.634076118469238 0.2340435683727264 0 0.5192636698484421 0 0.1625676453113556 0.832944817841053 1.307117700576782 0 0 2.98914922773838 2.415784806013107 0 0.06908535957336426 0 0 0 0.2367425486445427 0 0 3.592201307415962 0.2794429361820221 0.1540948003530502 0.3173583894968033 0 2.644359454512596 0 1.368178695440292 0.4819766730070114 0.1952839344739914 0.3062179684638977 0.4786729067564011 0.1934575736522675 0 0 0 0 0.1131758242845535 0 0 0 4.933043986558914 2.520223446190357 7.752142250537872 95.32537622749805 5.945717990398407 398.3388546258211 23.22215591371059 250.8164353594184 50.60412566363811 1.55585428327322 5.740862146019936 6.634844318032265 0 2.028280898928642 0.9276615232229233 14.77916406095028 0.4233808368444443 0 0.1080955564975739 0.1183554455637932 0.1493851542472839 72.60112965106964 8.609320007264614
275.9339322596788 1202.146651398391 1994.181103169918 6.190105624496937 1117.047874048352 4.11738446354866 151.9050426706672 1743.551060438156 713.5658568292856 30.09078412503004 1674.460000954568 4.999919585883617 137.5620658174157 558.9850312620401 10.66487328708172 3.255751349031925 2.129669830203056 0.3869040906429291 0.1247591152787209 1.542669132351875 1.41811329126358 0 0 0.144305631518364 0.237693652510643 0 0.1868001818656921 0.4301691800355911 0.2418250441551208 0 4856.701336912811 741.3475179374218 75.64335080236197 0.7646909356117249 0.1855328679084778 1.61085694283247 27.2542230039835 4.291793994605541 10.09598134458065 1.084112033247948 3.372224763035774 3.893748946487904 3.725246824324131 2.161911740899086 1.165628328919411 0.4901313632726669 41.9397836998105 2.884714163839817 0.7106729820370674 0.4130368083715439 3.937057785689831 0 0.4584330022335052 0.3222269415855408 5.047384083271027 6.776356130838394 71.70159370452166 510.9442211985588 44.77105584740639 25.23597408086061 16.00231394171715 6.580378569662571 0.1457529067993164 353.2554172202945 5.218879140913486 3.794987797737122 3.107395805418491 6.079634390771389 20.53741311281919 7.946449466049671 24.30379444360733 7.410263545811176 0.08167961239814758 240.7896914109588 129.4511051028967 72.81652528047562 55.87097039818764 22.2963834181428 224.8509029373527 1145.523703835905 25.12524471431971 111.16482501477 8.53975135833025 0.2119106575846672 1.336835637688637 7.516210556030273 2.297692395746708 0.08348679542541504 2.381538055837154 0 2.290538787841797 0.07982618361711502 25.12862014770508 2.879461273550987 1.669665686786175 11.594521664083 4.406204074621201 0 12.1172800809145 245.5751291699708 0.7213397920131683 0 0.3703652173280716 0 1.839554838836193 0.2826015427708626 1.067356407642365 0.103755034506321 1.601704582571983 6.655981346964836 5.37650678306818 5.108167394995689 3.619571097195148 4.191738791763783 5.758194215595722 0.5672955065965652 0.2612103670835495 0 0 0 0 0 0 0 0 0 0 0.8611974492669106 0.2598245739936829 0.4095363318920135 0 0.09956216067075729 0.1006821468472481 0 0.8966489136219025 0.3862323760986328 0 0 0 3.451927684247494 1.582660034298897 6.669184811413288 7.527951940894127 2.756996914744377 0 0.1977527886629105 0 0.1017595902085304 0 0 0 0 0.6067993715405464 0 0 0.1255770921707153 0.4441100731492043 0.1402234733104706 0 0.1091672852635384 0 0.08177794516086578 0.24750155210495 0 0.5232792496681213 0 3.168481945991516 0.4881443977355957 0.1336970925331116 0 0 0 0 0 0 0 2.986166343092918 0.1512884795665741 0 0 0.2416370958089828 3.28337137401104 0 2.438114054501057 0.4580491036176682 0.4084167033433914 0.3401006981730461 0 0.2073448672890663 0 0.1077128723263741 0 0 0 0.1006318256258965 0 0.1276071965694427 0.7911327257752419 3.772850900888443 8.436006300151348 88.80816517025232 4.227263741195202 231.3564835116267 23.35586635768414 45.99422328919172 23.22959850728512 0.3146197199821472 5.245258539915085 2.923725262284279 0.1952441856265068 1.926479376852512 0.1830244511365891 1.861597262322903 0 0 0.2956964001059532 1.655398443341255 0.2051227241754532 27.80148020386696 4.011787705123425
1734.376298204064 828.8173271790147 6.190105624496937 611.5370340645313 77.64497938752174 460.4856520295143 821.5425139591098 9.034918718039989 65.16580717265606 2530.798719324172 13.16863740980625 1.384976804256439 110.1720794960856 31.11009733378887 0.2791674807667732 0 0.4052527323365211 0 0 0.1677587628364563 0 0 0 0 0 0 0 0 0 0 29.31086944788694 1.746965974569321 0.3852701783180237 0 0 0 4.882022351026535 0 2.038861110806465 0 0 0.1959831714630127 0 0.229373037815094 0 0 5.982994668185711 0.9149447977542877 0.1572612076997757 0 0.590575709939003 0 0 0 1.922755070030689 2.682422086596489 30.72714181244373 70.88246127963066 15.1389340236783 8.534530721604824 0.07907117903232574 1.478510096669197 0 7.188184320926666 1.219260431826115 0.8993314951658249 0.3951293677091599 1.02877402305603 0 0 3.213299423456192 0.319438099861145 0 59.85477534681559 17.87607100605965 14.40995709598064 3.839982725679874 0.5143651217222214 0.5491745099425316 0.5167211666703224 0 0.3794459700584412 4.21073292195797 0 0.6295299232006073 2.156312696635723 0 0.1166527718305588 0.5357906594872475 0 0.3676373213529587 0.1115129441022873 0 0.210749052464962 0.1341972947120667 12.80634668469429 0.549853503704071 0 0.1393363326787949 348.6707293540239 0.2526026964187622 10.79932032525539 40.75249196588993 34.85339583456516 0.7757460623979568 17.82330825924873 38.32997968792915 0.7255996614694595 67.33925743401051 29.58212334662676 1.89183671027422 8.725264050066471 6.559874475002289 6.838408432900906 2.122083388268948 0 0 0 0 0 0 0 0 0 0 0 0 0 0 0 0 0 0.5072557926177979 0 2.086523950099945 0.4223444312810898 0 0 0 1.009710855782032 0 2.460260272026062 2.817326724529266 0 0 0 0 0.1088018193840981 0 0 0 0 0 0 0 0 0 0 0 0.3021657392382622 0 0.1345657855272293 0.267356239259243 0.5117665380239487 0 0 0.2029410749673843 0.598990797996521 0 0 0 0 0 0 0 0 0.7994288131594658 0 0 0 0 0.1287035346031189 0 0.2163304686546326 0 0 0.165556401014328 0 0 0 0 0 0 0 0 0 0 2.732484832406044 0.4669726938009262 1.215743228793144 34.49469552189112 1.18384975194931 69.7777169495821 2.427322663366795 612.6765745580196 8.561282373964787 1.12249356508255 4.08202537894249 5.484986886382103 0 0.3456863462924957 0 13.8607622385025 0 0 0 0 0 43.51692408323288 1.960938692092896
200.6641963869333 1438.159366048872 1117.047874048352 77.64497938752174 609.0525680184364 8.667205408215523 1938.759681098163 75.78042596578598 3733.162943802774 311.3820801898837 869.1549582332373 6.853327572345734 682.8211842551827 927.8213740065694 1.484163999557495 0.5449512451887131 0.1026603952050209 0.09392983466386795 0 0 0 0 0 0 0.1275896579027176 0 0 0 0 0 137.9014606848359 15.54759006947279 12.42613120377064 0 0 0.1379717439413071 2.88030843436718 0.5725494176149368 1.996788263320923 0.2027607187628746 0 0 0 0.4055706858634949 0 0.1391076147556305 24.31906360387802 1.638504281640053 0.3884151205420494 0.3310969471931458 0.3157152831554413 0 0.08945095539093018 0 2.387585401535034 2.374602764844894 22.16850965470076 67.20253110677004 14.65086207538843 19.79720089584589 0.3158462643623352 1.082579664885998 0.2097060531377792 34.28112050145864 3.151582941412926 1.385287940502167 0.7097901552915573 1.481818094849586 1.017346866428852 0.1275003254413605 6.876026578247547 1.69540610909462 0 99.86396398022771 58.17032410949469 45.43240841478109 23.57778614014387 3.224911667406559 1.342707671225071 14.23549795150757 0.3304760456085205 1.353939779102802 3.390764504671097 0 1.115181446075439 3.19030349701643 0.1815238147974014 0.08077462762594223 0.953638918697834 0.1424407958984375 1.1070322021842 0.07531716674566269 0.205463320016861 0.268048994243145 0.3539833799004555 7.102905325591564 0.9109209850430489 0 2.555629685521126 25.35921974480152 0.891065277159214 0.6672317236661911 0.7435925602912903 0.8571873754262924 1.796091422438622 1.580171369016171 1.010365843772888 0.9040189385414124 10.82991652190685 4.904639720916748 2.657123066484928 6.974465668201447 4.529035873711109 5.601467438042164 3.790435001254082 0 0 0 0 0 0 0 0 0 0 0 0 0 0 0 0 0 0 0 1.260004840791225 0.3445890694856644 0 0.9667706489562988 0 2.433921910822392 1.129320949316025 1.843847893178463 2.720377340912819 1.310417912900448 0 0 0 0.2255883663892746 0 0 0 0 0 0 0 0 0.09834621101617813 0 0 0 0 0.09902717173099518 0.1674432978034019 0.1129879951477051 0 0 2.772068336606026 1.016084596514702 0 0 0 0 0 0 0 0 2.199028201401234 0.1747481673955917 0 0 0 2.092563524842262 0.3934856206178665 1.82855412364006 0.1193649992346764 0 0.483843669295311 0.1017310619354248 0.3844404891133308 0 0 0 0 0.09108960628509521 0 0 0 1.849320814013481 0.9211183339357376 6.073166020214558 33.9278227314353 2.356208145618439 166.6045817360282 11.41276215016842 41.27104170620441 25.10606937855482 0.2477316409349442 3.783245705068111 1.374757945537567 0 1.053020097315311 0.2504470348358154 4.445142097771168 0 0 0 1.588395819067955 0 17.72883491963148 1.919611766934395
277.7978424057364 124.5231859311461 4.11738446354866 460.4856520295143 8.667205408215523 11.26443077623844 64.72463834285736 9.389446832239628 6.295804604887962 810.5275466963649 5.965770028531551 20.57277603447437 33.0811870470643 11.31633597612381 0.4050062671303749 0 0 0 0 0 0 0.5401128232479095 0 0 0 0 0 0 0 0 9.072206936776638 0 23.43994504213333 0 0 0 39.2035688906908 2.131856456398964 12.63036299496889 0 0 0 0 0 0 0.1592172235250473 1.057944133877754 0 0 0 0 4.564949721097946 0.3925577849149704 0.1146866530179977 0.2826229631900787 0.08920537680387497 126.1316054016352 10.78944683820009 2.803024679422379 0.3142732381820679 0 5.306647956371307 0 0.4099898040294647 0 0 0.107162706553936 0 0 0 85.54291412234306 127.3413874804974 7.028390765190125 5.605858646333218 1.121740505099297 1.67490891367197 0.9548631235957146 0 0.2736324965953827 3.688398070633411 0 2.01154537498951 0.1593562364578247 0 0 0.8042967990040779 0 2.273573309183121 1.574985541403294 3.661975048482418 1.186916090548038 2.965682290494442 0 0 1.480002619326115 234.9632166326046 63.42735044658184 4.390742108225822 32.38117080926895 603.6117470860481 0.5185081362724304 7.195461809635162 1.164729073643684 0.7760175466537476 1.33467448502779 0.8843990713357925 23.46407802402973 1.509819559752941 11.22654317319393 14.54691788554192 1.509011499583721 7.438551381230354 12.283257804811 6.278503224253654 5.304249621927738 0 0 0 0 0 0 0 0 0 0 0 0 0.0946115106344223 0 0.09801194816827774 0 0.1156229078769684 0.3433495759963989 0.2233800739049911 1.056477427482605 0.2102862298488617 0 0 0 1.3956433609128 0.6565791964530945 0.744515024125576 1.757807277143002 0.5492405220866203 0 0 0 0 0 0.1937754899263382 0 0 0.09699330478906631 0 0 0 0.3705776482820511 0 0 0.2297111451625824 0 0 0 0.476182758808136 0.2141976580023766 0 0.2895834743976593 0.1071326807141304 0 0.09310220181941986 0 0 0 0.09941823035478592 0 0 1.37326567620039 1.006336003541946 0 0 0 0.1099585592746735 0 0 0 0.2401170134544373 0.4335506409406662 0 0 0 0 0 0 0 0.1773275136947632 0 0 7.859651871025562 0.2883206382393837 0.4908379018306732 24.0728679895401 0 8.125899709761143 0.9710639268159866 290.9364768862724 4.21425773203373 0 0 6.827266253530979 0 0.6023028641939163 0 47.39244385063648 0.1188456267118454 0 0 0 0 353.6725349202752 13.64391314983368
1543.905912414193 3423.225699022412 151.9050426706672 821.5425139591098 1938.759681098163 64.72463834285736 1867.159439824522 19.27769511938095 1107.593666300178 3439.022042013705 178.3855557143688 47.37255418300629 4051.6501551494 1534.673795625567 7.860832244157791 1.429314851760864 0.479461707174778 0 0.1009504050016403 0 0 0 0 0 0 0.105010136961937 0 0 0 0 212.6776266098022 25.29447150230408 28.01807929575443 0 0 0.6073680520057678 16.64483144134283 1.630775958299637 4.670178197324276 0.4312093406915665 0 0.09026535600423813 0 0.5452190116047859 0.100283145904541 0 51.5888262167573 4.767806276679039 0.9682639688253403 0.248656339943409 1.307433597743511 0 0.1062631979584694 0.2848088890314102 6.359833419322968 9.395407058298588 65.43437417969108 199.0617759749293 44.18706126883626 44.6239957883954 0.7319336384534836 4.177275508642197 0 61.96292340010405 6.988901108503342 5.429841086268425 2.169125191867352 2.588219374418259 0.8575253635644913 0 20.88635169714689 5.607118390500546 0 262.641934197396 141.4514076188207 98.89673969894648 45.18185760080814 8.589572392404079 3.67984788864851 7.043633438646793 1.917140193283558 5.181264363229275 8.7880649715662 0.6494006663560867 2.132796213030815 10.61935803294182 0.7217665538191795 0.232322596013546 3.313223801553249 0 2.138530373573303 0.2729406282305717 0.4525420665740967 0.1942601203918457 0.6526798158884048 47.77000966668129 5.889588393270969 0 7.459226429462433 75.53762769699097 3.137548863887787 4.65236496925354 30.15232063829899 14.32649751007557 10.61311866343021 32.89744298160076 6.084727883338928 6.89300525188446 65.26846783608198 48.47154103219509 14.40575886517763 26.71206650137901 26.06704090535641 20.87532949447632 22.30264467746019 0 0.1049142181873322 0 0 0 0 0 0 0 0 0 0 0.7275434881448746 0 0.2891034185886383 0 0.603569507598877 0 0 7.034912616014481 0.9223219901323318 0 0 0 8.573044329881668 4.041609153151512 12.92722769081593 9.861436069011688 2.200040526688099 0 0 0 0.4261953309178352 0.5854442343115807 0 0 0.1038880348205566 1.039229169487953 0 0 0 3.00088944286108 0 0 1.801905043423176 0 0.4817967489361763 1.590407937765121 0.726473294198513 0 0.2333113253116608 10.69087508320808 2.987391166388988 0 0.1793371289968491 0 0 0 0 0 0 9.102436020970345 0.3117469847202301 0 0 0 4.286052346229553 0.2155722826719284 3.416685529053211 1.249539859592915 1.594750061631203 1.455466143786907 0.2536590099334717 0.9997954070568085 0 0 0 0.1141187250614166 0.1025890186429024 0 0.09912362694740295 0 9.383294135332108 3.436193965375423 15.07244113832712 97.54191703349352 5.181813977658749 387.1228595152497 27.5993065983057 158.3843945413828 55.64980568736792 1.106856934726238 9.461962401866913 9.212618410587311 0 6.327989898622036 0.8192727044224739 19.13123480975628 1.117334753274918 0 1.981470465660095 2.963754087686539 0.8991841375827789 76.13488713651896 16.8481824696064
120.0836964696646 325.5945602655411 1743.551060438156 9.034918718039989 75.78042596578598 9.389446832239628 19.27769511938095 491.5364087969065 225.4705839678645 26.29542649537325 1329.328894242644 5.840561345219612 149.037888109684 929.3286086395383 15.78624095767736 6.59130771458149 4.332371935248375 1.189668551087379 0.1241410002112389 0.6386226862668991 6.170197069644928 0.3034044802188873 0 0 0.2871498316526413 0.538392961025238 0 0.5005131363868713 0.4598724991083145 0.09294148534536362 1477.844652719796 1533.38818436861 136.0551945641637 2.691255077719688 1.150036290287971 2.714679531753063 47.31265704333782 8.62646596133709 14.43361870199442 2.84268344938755 6.321455553174019 5.332785919308662 8.654327780008316 3.775312721729279 1.069785207509995 4.889540769159794 61.75738675147295 2.243393085896969 1.161276929080486 2.125274650752544 9.386927656829357 0.1272278726100922 1.513743169605732 0.8290164321660995 3.928528532385826 3.784106589853764 33.12297738343477 239.1950217410922 25.95082254707813 26.88667030632496 56.37447838485241 21.4523039162159 0.759588748216629 383.6066375747323 4.051778145134449 3.224708080291748 1.781622059643269 9.284577831625938 36.0831548422575 22.81714453548193 28.66001845151186 9.798786833882332 0.4462325870990753 161.5376688316464 150.9364457279444 98.32191679626703 143.8417682647705 71.24984467029572 959.5092752873898 1886.282030239701 106.5277191177011 526.6959501057863 6.049879863858223 0 1.643325358629227 4.222835965454578 3.7221564874053 0.1001367047429085 1.500207848846912 0.2402744740247726 2.354508921504021 0.485322006046772 46.74259923398495 7.225360177457333 3.603041760623455 13.40975826978683 3.114378541707993 0 12.04037307947874 63.12769093364477 0.5443563163280487 0.5744116306304932 0.6513215973973274 0.1937301754951477 1.494849272072315 0.7195541709661484 0.2812604978680611 0.3293396830558777 3.102519318461418 7.085836008191109 3.601102061569691 6.780171282589436 5.066172227263451 6.095562011003494 6.497604086995125 0.07448936253786087 0.2109809517860413 0 0.08930429816246033 0 0 0 0 0 0 0.3724749386310577 0 1.043586634099483 0 0 0 0.3022904917597771 0 0 2.096503436565399 0.3201601505279541 0 0 0 2.968278467655182 0.5326448529958725 5.526288323104382 7.668970987200737 2.591870307922363 0 0.1074600517749786 0.1391401290893555 0 0 0.3075968101620674 0 0.08079560101032257 0.2612809687852859 0 0.09863471239805222 0.2414136901497841 1.318160869181156 0.360954537987709 0 0.5120073035359383 0 0.1482349038124084 0.3294759169220924 0.3460582196712494 0.222422830760479 0.1096639633178711 2.52361686527729 0.2962267771363258 0.2016269043087959 0 0 0.1788017451763153 0 0 0 0 2.891032122075558 0.3188214749097824 0 0 0.08880078792572021 1.926766291260719 0 1.263775490224361 0.1869545057415962 0.4868493154644966 0.6981287226080894 0.5674343556165695 0 0 0 0 0 0 0.08795695751905441 0.1081071346998215 0.1415909230709076 1.412239715456963 3.455650106072426 8.123952090740204 117.6542041748762 6.327887736260891 255.1747894585133 33.07420458644629 39.78086327761412 30.91073710471392 0.7021362334489822 10.50060135871172 5.414147801697254 0 1.209249913692474 0.5553425624966621 6.715726815164089 0.114142470061779 0 0.2246820628643036 4.556646831333637 0 24.64462351053953 2.656914830207825
56.9533559679985 673.0948475375772 713.5658568292856 65.16580717265606 3733.162943802774 6.295804604887962 1107.593666300178 225.4705839678645 452.8168948367238 288.4739023670554 1241.052694648504 14.93083001673222 1453.830516628921 1321.033089771867 1.922685578465462 0.638468898832798 0.09220311790704727 0 0 0 0.2654932141304016 0 0 0 0 0 0 0 0 0 38.9962497279048 11.36931432783604 30.33686344325542 0 0 0 4.742362961173058 0.4960876107215881 1.544245764613152 0 0.2966849207878113 0.1953617036342621 0.1992274075746536 0.4317106753587723 0 0 17.06458969414234 0.8736348152160645 0.3521429896354675 0 0.5284909307956696 0 0 0 1.248818047344685 2.026674851775169 10.02912081032991 27.62530650943518 7.839020550251007 9.841865040361881 0 0.5613127797842026 0 18.94564423710108 1.169540531933308 0.995701976120472 0.3188133016228676 0.9389720782637596 1.11158425360918 0 4.882753536105156 0.665632501244545 0 53.43467290326953 36.32081416249275 34.90004254132509 24.19725080579519 2.891142465174198 1.34880181401968 19.86422567814589 0.4153352230787277 0.4158964529633522 2.344471469521523 0 0.7058948129415512 1.054073341190815 0.1868254393339157 0.09960972517728806 1.223831906914711 0 0.8398585096001625 0.08370900899171829 0.2286743149161339 0 0.2200070470571518 10.85651011765003 0.4698536694049835 0 2.947968170046806 7.52968405932188 0.4586364924907684 0.4208072349429131 0.6554632037878036 1.06399667263031 5.203249998390675 1.387821421027184 1.71412393450737 0.2271614521741867 6.258269287645817 9.407217033207417 4.947364293038845 5.850603975355625 7.888436928391457 5.546713106334209 5.421495318412781 0.1054589822888374 0 0 0 0 0 0 0 0 0 0 0 0 0 0.5246729254722595 0 0.09834382683038712 0 0 1.454370409250259 0 0 0 0 3.478701159358025 0.1525349318981171 4.256902888417244 3.562772184610367 0.6716554835438728 0 0 0 0 0 0 0 0 0.2781120613217354 0 0 0 0 0 0 0.1433578580617905 0 0 0.3195997104048729 0 0 0.491304486989975 1.827415250241756 0.6085559651255608 0 0 0 0 0 0 0 0 2.609734408557415 0 0 0.1248997151851654 0 3.434087797999382 0 2.128306448459625 0.1094451621174812 0.693059504032135 0.1521799713373184 0.4158391058444977 0.1301445066928864 0 0 0 0 0.07873138785362244 0 0 0 2.142063364386559 1.40590376406908 4.225893907248974 37.94706613570452 1.040707148611546 116.3414757326245 9.836393363773823 33.36651423573494 17.39876805245876 0.3365087658166885 4.432506218552589 2.041695713996887 0 1.994551792740822 0 2.701587706804276 0.9001071006059647 0 0.3603248298168182 0.9428379535675049 0.2030871510505676 13.35494401305914 3.344809599220753
1956.979598701 1173.801507823169 30.09078412503004 2530.798719324172 311.3820801898837 810.5275466963649 3439.022042013705 26.29542649537325 288.4739023670554 3475.583984345198 48.98174247890711 3312.443294547498 9400.186995141208 1216.191490061581 6.155742138624191 0.8478583171963692 0.8004831820726395 0 0 0 0 0 0 0 0 0 0 0 0.0929301530122757 0 78.28522612154484 13.73006537556648 407.8506167903543 0.1759777665138245 0 0 222.1243477389216 9.121070571243763 29.65951983630657 0.3490108847618103 0 0 0 0.6286929473280907 0.2782019451260567 0.4811328500509262 55.38486008346081 2.273154936730862 0.5495090931653976 0.08874673396348953 1.706468887627125 0.1121654510498047 0.2085073292255402 0 5.052404448390007 8.896511070430279 100.5183622390032 171.4552866071463 61.02466167882085 39.89882186800241 0.5359819605946541 29.21976322680712 0 38.47667388617992 6.959460198879242 4.693492032587528 2.150679461658001 3.669589027762413 0.6262024194002151 0 230.3370073884726 33.60096643865108 0 242.6745899990201 97.40559642761946 82.35858462005854 27.74047332257032 7.050938874483109 3.532646343111992 20.35343573242426 1.355190627276897 13.90877034887671 13.09867817163467 0.221527948975563 2.462126284837723 9.305271491408348 2.366941064596176 0.1882993280887604 3.713188394904137 0 3.271533764898777 0 0.0985921248793602 0.6747294962406158 0.3880947604775429 381.4016170501709 23.52814146876335 1.193463250994682 46.33541506528854 548.4885398373008 7.639636635780334 48.54922473430634 27.85466562211514 14.33990912139416 48.63790198415518 47.94097217172384 156.7728366926312 14.82832559943199 201.7782932817936 243.6169486790895 59.01539444923401 237.8573351874948 239.7143729999661 225.5634383261204 103.8496004641056 0.5181431844830513 0.6096044108271599 0.1231186538934708 0 0 0 0 0 0 0 0 1.310641527175903 8.171863049268723 0 0 0 2.197408065199852 0.6271470189094543 0 34.54589365422726 4.534597881138325 0.1010412350296974 0 1.329386748373508 39.87304373085499 11.24286852777004 72.19286829978228 60.20313069969416 13.64318637549877 0 0 0 1.337428227066994 0.2609995007514954 0.705937460064888 0 0.6610569879412651 2.481842465698719 0 0 0 6.49392407387495 0 0.1873959749937057 4.559560269117355 0.2288063019514084 0.8800788745284081 3.526544407010078 9.222747705876827 2.518768429756165 0 35.60989165306091 7.653596214950085 0 0.8452697247266769 0.08433180302381516 0.1076002269983292 0 0 0 0.2092894166707993 39.90815578401089 1.372578248381615 0.09548161178827286 0.1635018289089203 0.3703420907258987 23.05844874680042 2.585698068141937 23.22962865978479 3.378682807087898 4.387031547725201 3.029617875814438 4.029802106320858 3.469635464251041 0.2658830061554909 1.841252326965332 0 0 0.1356213539838791 0.0932936817407608 0.1073530986905098 0 75.05738282948732 16.28314288705587 47.7712227255106 318.6206378117204 7.71218004822731 538.5127641111612 52.37552957981825 1362.235543958843 101.2807573229074 1.957555629312992 41.89392027258873 66.27494126558304 0.4256508722901344 21.49331713467836 4.034487426280975 271.4843753129244 0.8866225332021713 0 2.26394235342741 6.759325534105301 0.3526094853878021 689.1483704596758 117.8186542466283
305.2816641554236 908.1955801695585 1674.460000954568 13.16863740980625 869.1549582332373 5.965770028531551 178.3855557143688 1329.328894242644 1241.052694648504 48.98174247890711 1208.946343250573 41.27877114713192 890.2753350511193 2673.316140845418 14.03953297436237 7.118744671344757 1.940143823623657 0.1067151427268982 0.1150260418653488 0.522343248128891 0.7505237460136414 0 0.3031507655978203 0 0.9302887171506882 0 0 1.479159191250801 0.8404967933893204 0 569.0270152240992 216.5684074088931 897.1970152407885 0 0.2792266309261322 2.015164770185947 224.3179344162345 12.47685794532299 32.16800558567047 2.629459507763386 3.355414934456348 2.859454333782196 0.3442951366305351 2.804292187094688 0.6269068270921707 1.326613165438175 56.26236836612225 1.768864162266254 1.432434320449829 0.218941442668438 3.443979486823082 0.2241522520780563 0.967938169836998 0.7458173185586929 2.089712679386139 5.224970944225788 31.91627102345228 129.6751942187548 22.44231635332108 24.38385777175426 2.086681485176086 47.54265045374632 0 76.51341087371111 3.279296293854713 2.66409520804882 1.138896688818932 2.57278299331665 4.704386599361897 2.241742372512817 106.3843641355634 6.68843300640583 0.2906247079372406 123.4008163027465 89.68000429868698 81.08890742063522 77.20531425625086 26.09752660989761 24.4025362059474 685.8987470716238 3.107770390808582 34.13213806599379 5.618999406695366 0 1.840853497385979 3.307698041200638 0.6909369602799416 0.1181783750653267 1.671758078038692 0.1379487067461014 1.929723419249058 0.1778018400073051 8.061427474021912 2.863463059067726 1.488177008926868 48.37868193536997 4.77183923125267 0 18.78425379097462 78.42827320843935 1.672908052802086 2.244038417935371 1.033597707748413 0.6516896039247513 8.866188131272793 2.399962544441223 0.989373691380024 2.161939680576324 10.48086140304804 16.07721309363842 9.727325193583965 14.25917431712151 11.08195475488901 14.59364756196737 16.50431608408689 0.3556344658136368 0.2739531993865967 0 0 0 0 0 0 0 0 0.2490315139293671 0 2.0047277957201 0 0 0 0.1132988333702087 0.5725507289171219 0.1173892095685005 6.437385231256485 0.4163976386189461 0 0.299336165189743 0 9.019206941127777 1.859600618481636 13.11288771778345 14.85440438985825 3.183408670127392 0.1712969392538071 0 0 0.2233233451843262 0.1652945429086685 0.4672282040119171 0 0.4641276970505714 1.041749134659767 0 0.1156725883483887 0 3.306232139468193 0.4977893531322479 0 0.8923616632819176 0 0.1645256653428078 0.9511731490492821 0 0 0.6873248517513275 8.149428471922874 1.97198711335659 0 0 0 0 0 0.07027889043092728 0 0 11.38228502869606 0.8322531878948212 0 0 0.1020777001976967 6.114283137023449 0.2948811277747154 3.993321135640144 1.068953052163124 0.502234622836113 1.175072528421879 0.2983525395393372 0.7096921429038048 0.08544440567493439 0 0 0 0 0 0.112922728061676 0.1120950728654861 3.412183053791523 3.958823956549168 14.03466191887856 155.3385443612933 5.884518168866634 269.6301106065512 38.61103681474924 64.69700408726931 40.08346499502659 1.396166913211346 10.84207934886217 6.343856260180473 0.08552573621273041 4.567944712936878 1.002706557512283 4.33883249014616 0.5219476446509361 0 0.7385997772216797 3.3214450776577 0.2448767721652985 46.77381716668606 10.78572545200586
2.894575014710426 10.30362671613693 4.999919585883617 1.384976804256439 6.853327572345734 20.57277603447437 47.37255418300629 5.840561345219612 14.93083001673222 3312.443294547498 41.27877114713192 228.0416399091482 1308.980148375034 116.5499796867371 1.238903127610683 0.6930063292384148 0.2891507744789124 0 0 0.1018174141645432 0 0.431787446141243 0 0 0 0 0 0 0 0 2.751316882669926 1.222830340266228 80.27333632111549 0 0 0 64.53094208240509 3.196742400527 19.49289210885763 2.288778394460678 0 0 0 0.2426447048783302 0 0 4.031531803309917 0 0.1266208440065384 0 0 0.7484236359596252 2.163575321435928 0 0 0.104010134935379 1.472746625542641 0.4411205425858498 0.9557524770498276 0.7328568249940872 0 2.708290949463844 0 0.8546608090400696 0.08881285786628723 0.0808892697095871 0.07754605263471603 0 0.434146836400032 0 56.86924715340137 7.386977568268776 1.183879643678665 2.900286599993706 1.928173489868641 2.193837784230709 4.322794511914253 1.185737796127796 0 3.666099920868874 0.2693151533603668 2.791929632425308 0.1275608837604523 0.09978238493204117 0.3478424400091171 0.1282880008220673 0 0.2050194218754768 0.2073264271020889 0.7731017172336578 0.09131146222352982 0.2810983657836914 0 0 0.2872228249907494 486.0505978763103 40.69664314389229 4.468737885355949 30.52608970552683 6.086627207696438 3.034635789692402 8.726927079260349 7.894666761159897 1.465802319347858 16.20197387039661 12.5386229455471 29.41027222573757 7.310332991182804 32.70179554820061 81.38962684571743 25.99908256530762 61.44057766348124 60.54375026375055 63.06893406808376 44.45769228041172 0.362060621380806 0.124459445476532 0 0 0 0 0 0 1.21575915813446 0 0 0 0.5545089021325111 0 0 0 0.6828891858458519 0.1032829582691193 0 9.557770930230618 1.486741364002228 0 0 0 13.41728119552135 4.813412830233574 18.58123750984669 13.01674066483974 2.792014919221401 0 0 0 0.1158465817570686 0 0 0 0.3955565840005875 0.7697781473398209 0 0.112907275557518 0 1.174457460641861 0 0 1.539765283465385 0 0.2375897727906704 0.8375940918922424 0.2648448944091797 0.5950384065508842 0.09767554700374603 8.397622771561146 3.190840527415276 0.07639223337173462 0.07716549932956696 0 0 0 0.09303346276283264 0 0 17.54020803421736 0.4065412804484367 0 0 0 7.171008720993996 0.1443118453025818 2.016457952558994 1.295181959867477 0.4371180385351181 1.080294050276279 0.9339673891663551 0.8269583508372307 0 1.32746422290802 0.0937562957406044 0 0 0 0 0 25.90614451467991 4.075257673859596 15.57460586726665 28.91042377799749 2.077685683965683 18.61997848749161 4.742512404918671 53.86984585225582 5.189893133938313 1.571916937828064 1.648928388953209 9.736505180597305 0 6.268410012125969 2.053825847804546 44.29809165745974 0.1356672495603561 0 0.3480649143457413 0.7733680009841919 0 209.5710944160819 48.77019548416138
138.9023606330156 883.9804422482848 137.5620658174157 110.1720794960856 682.8211842551827 33.0811870470643 4051.6501551494 149.037888109684 1453.830516628921 9400.186995141208 890.2753350511193 1308.980148375034 2540.222185246646 4793.711892895401 16.73155435174704 4.529257953166962 0.8818303719162941 0 0 0 0 0.3526656329631805 0 0 0 0 0 0 0.5025856345891953 0 37.69765896350145 29.42942164838314 577.5269147306681 0 0 2.918178252875805 226.2158223241568 7.816912181675434 28.99615781009197 4.022432714700699 1.013621211051941 1.64413920044899 0.1457691937685013 2.194550924003124 0 0.2595466822385788 59.89063647389412 1.35001777112484 0.8954674378037453 0.5869686901569366 0.9943267777562141 0 0.2419568821787834 0.2215618938207626 1.660874083638191 3.468062780797482 20.11494118720293 45.08084956556559 21.33922805637121 27.05278969556093 0.7987332344055176 28.22348388284445 0 32.5384753420949 3.322851002216339 2.551899664103985 0.5374516472220421 2.437343187630177 1.780266366899014 0 156.3961091116071 18.5737920999527 0 105.2155105769634 75.83197327703238 74.81039516627789 61.33788174390793 14.20934911072254 5.187453795224428 86.30356379598379 1.125279173254967 17.54679828882217 6.927268832921982 0.2102034986019135 2.107412129640579 3.001179985702038 1.219184994697571 0.0949547067284584 1.573315240442753 0 1.497213035821915 0.1895173639059067 3.235687598586082 1.920007295906544 0.6154030039906502 813.2067566886544 11.69496259093285 0 22.73320426046848 20.70084818452597 8.350912928581238 24.2287123426795 13.81142485886812 11.3847958818078 43.93007349222898 36.11191753298044 46.86943440884352 22.28660532087088 317.7118250951171 188.8486066535115 72.57756277173758 175.8819992765784 239.5870007872581 157.0675923973322 122.0277791395783 1.089081913232803 0.5498674437403679 0 0.08664875477552414 0 0 0 0 0 0 0 0 7.209136821329594 0.1113659888505936 1.430833324790001 1.210126727819443 1.800049141049385 0 0.8744535446166992 38.01942821592093 3.801727592945099 0 1.273469656705856 0 44.93637478351593 8.14758687466383 65.39016838371754 49.56261488050222 14.53894486278296 0 0 0 0.8431197851896286 0.3902192413806915 0.6056734323501587 0 1.000231519341469 3.984397150576115 0 0 0 4.362071789801121 0 0 3.601148992776871 0.09065698832273483 1.536007650196552 4.042556390166283 0.8232776150107384 1.894790679216385 2.018021494150162 34.89322127401829 7.942477121949196 0 0.3878638222813606 0 0 0 0.2985192984342575 0 0 51.86860856413841 1.034852094948292 0.14780093729496 0 0 25.54564136266708 0.5924220383167267 12.69980768114328 3.364784553647041 7.441611267626286 4.767809361219406 1.676586024463177 3.24165203422308 0.3963956385850906 0 0 0 0.1134540587663651 0 0 0 56.46866198629141 19.13325381278992 60.8715556114912 207.9298479557037 7.089509688317776 340.884673640132 47.10529933124781 148.3101701587439 57.66283440589905 2.092609003186226 15.76161581277847 32.12968637049198 0.1761201620101929 20.07825245708227 4.746407032012939 103.391473762691 1.383324719965458 3.0069430321455 1.567859955132008 4.981127798557281 0.2082492262125015 367.3278955444694 108.0558988004923
