246.2203050255775 2755.31143989414 199.4124704524875 1527.60463925451 14.18035823851824 47.83377137035131 307.4389776438475 49.93301425874233 2.756907559931278 984.212399713695 45.80821727961302 142.7998320758343 155.7680120691657 62.00950114428997 3.784996621310711 0.8842975273728371 0.2109573632478714 0.3390167355537415 0 0 0 0.8094117343425751 0.1073421388864517 0 0 0 0 0 0 0 642.3583251982927 4.13416912406683 29.90173108875751 0.4696924984455109 0 0 11.82918081432581 2.810920462012291 0.7237007468938828 0.2739063948392868 0 0.1048160791397095 0.471493124961853 0.1127598658204079 0 0 30.96623839437962 3.808564826846123 0.3871959000825882 0.5400231704115868 0.1091207340359688 0.3265516608953476 0.3027945458889008 0 7.551549926400185 13.39206395298243 287.0878809392452 545.5232661440969 51.2682795971632 52.47880661487579 0 31.59583687782288 0 35.24792953580618 2.899690672755241 2.276009753346443 0.4226037710905075 0.1762084066867828 0.1155164316296577 0 33.30418887734413 3.005662634968758 0 140.8426073044538 22.04833818972111 30.92803247272968 4.993603862822056 2.395262651145458 0.6501614823937416 42.46872456371784 0.2444035336375237 8.793673530220985 19.29151690751314 0.106699027121067 1.619087718427181 4.487097807228565 0.6013221070170403 0 0.2658256813883781 0 0.7781721651554108 0.4585484266281128 0.1291985362768173 0 0.1384500861167908 26.87498649954796 28.5280989408493 1.972677826881409 3.884373337030411 674.600551225245 2.09375411272049 41.90855583548546 67.99225657433271 22.18105783313513 8.986706256866455 49.41578434407711 1.167936056852341 30.55028464645147 62.94010250270367 7.212022133171558 0.3074454069137573 25.43640398979187 25.33667403459549 21.32177207618952 7.679273344576359 0.8198708593845367 0.3926796317100525 0 0 0 0 0 0 0 0 0 0 0 0 0 0 0 0 0 24.67759858071804 2.11380510032177 0 0 0 3.384395785629749 2.004286617040634 10.77622415870428 1.738392949104309 0.137505903840065 0 0 0 0 0 0 0 0 0.3376603573560715 0 0 0.1726061999797821 0.2944993376731873 0 0 0.3412429094314575 0 1.053015135228634 2.257419288158417 3.458951219916344 0.7404176592826843 3.449870079755783 16.69648393988609 1.040779829025269 0 0 0 0 0 0 0.08266666531562805 0 4.929576814174652 3.126759231090546 0 0.1228640079498291 0 7.472700744867325 2.768025755882263 8.955503411591053 2.883856453001499 4.064093962311745 0.396712951362133 0.1740873605012894 0 0 0 0 0 0 0 0 0 1.021944768726826 10.33248134702444 13.03119125217199 107.5118270218372 7.44779546558857 135.5232463926077 13.23551928251982 714.4878369271755 8.138082057237625 18.22468300163746 10.88570219278336 6.372784927487373 0 9.220218911767006 3.720451146364212 165.7472636401653 2.10410537570715 4.047142505645752 0 0.5340744853019714 0 385.0014387592673 61.48835496604443
2755.31143989414 3220.846228100359 994.6009238809347 670.492243885994 1352.861438959837 257.0387057811022 2090.585268847644 253.1937806084752 235.8763918578625 1887.829254314303 1645.352114677429 25.15997809171677 947.3357158005238 2735.821135953069 38.59546040743589 9.206648223102093 0.4761599600315094 0.2671493738889694 0.09294962137937546 0.3460290879011154 0.4460567608475685 0.8508637398481369 0.2035505026578903 0.5673562809824944 0.7538408413529396 0.2373648285865784 0.390443243086338 0.3280753493309021 0.1182043477892876 0.3051779866218567 1541.774851985276 13.55831235647202 34.10996617376804 0.5965248346328735 0 0.3503483235836029 13.801578566432 1.933993771672249 1.541313350200653 1.054828360676765 0 0.9216571450233459 0.2927524894475937 2.382781207561493 0.1987105682492256 0.5463798269629478 279.3520515337586 14.49470271170139 1.526861578226089 0.7790659591555595 0.6081681698560715 1.754069343209267 0.6443861126899719 0.6589026525616646 19.70110484957695 25.05716395378113 167.4086624383926 462.4336650595069 74.88109688460827 227.9832664132118 0.3830713033676147 4.585530199110508 0.1245234236121178 160.4070465937257 9.751284591853619 8.651584021747112 0.9114778265357018 1.7756607234478 0.346367172896862 0.3366192057728767 59.59043104946613 5.053115360438824 0 308.773332439363 83.59927903115749 276.7986878827214 48.01535059511662 25.82625227421522 2.087678052484989 101.9445780292153 0.9334012418985367 2.255582749843597 72.48611645400524 0.2479367926716805 7.422314882278442 13.53790617734194 2.085861831903458 0 1.735375925898552 0.1110740602016449 1.25199668854475 1.129818424582481 0.3119775280356407 1.019648708403111 2.578626491129398 30.89378388226032 40.82725270092487 0 1.672221221029758 814.3832639977336 8.099822856485844 57.1380799934268 123.1441249027848 39.09781079739332 28.41991651058197 152.672952093184 3.161451384425163 66.4657953158021 133.3134987130761 17.07797592878342 4.960459679365158 81.19585335999727 88.23854123800993 62.64793686568737 57.41625070571899 0.8648693263530731 1.948063179850578 0 0 0 0 0 0 0 0 0.1320618093013763 0 0.158163383603096 0 0.4072300642728806 0.2089653760194778 0.08983591943979263 0.08845610171556473 0 103.7327300459146 4.441137835383415 0 0 0 19.85347411781549 1.417499229311943 22.64673379063606 2.438792042434216 0.5099058151245117 0 0 0 0.09365208446979523 0.3280883729457855 0.1420598477125168 0 1.95068497210741 1.388356328010559 0 0 0 0.250884123146534 0.1077237576246262 1.328647717833519 0.1749915182590485 0 3.515761621296406 14.21100033074617 5.246102996170521 0.1038059145212173 0.9312559962272644 53.65314530581236 8.871003411710262 0.5884662121534348 0 0.11886066198349 0 0.103237695991993 0.1797991544008255 0 0.1039911210536957 29.88120890408754 5.242891862988472 0 0 0.4232797399163246 20.45356883108616 0.9179077297449112 12.06220205128193 6.918302997946739 9.976096168160439 3.106996461749077 0.7644799426198006 2.251536697149277 0.3634139001369476 0 0.1896111965179443 0 0.3286125734448433 0.1840884163975716 0.1088115572929382 0 10.58781458437443 26.47179645299911 24.70077911764383 458.3562430664897 17.17950666695833 761.785552084446 124.9593629315495 982.876259110868 48.33711343258619 11.91366980969906 8.899419970810413 14.39945507794619 0.3241203427314758 8.48276149481535 2.334156632423401 189.5608414039016 4.770427763462067 2.113398790359497 1.9599784091115 12.56165074557066 0.4249210953712463 432.547094412148 133.2242745757103
199.4124704524875 994.6009238809347 430.7848692759871 75.25300311297178 170.0034517124295 9.841824218630791 66.22746326029301 3998.058442823589 60.35548631101847 56.51633574068546 1776.089587822556 46.26188415288925 275.8478248715401 1182.200424313545 35.17056659609079 18.67698109149933 0.6455817222595215 2.893507897853851 0.3699668794870377 5.455403417348862 53.86692990362644 7.013805635273457 41.30921559035778 41.38618067651987 72.57195324450731 24.48275620490313 54.39979984611273 6.265269801020622 4.961660355329514 10.67175892740488 1318.291305892169 50.52535809576511 162.750226020813 46.38663627952337 68.58050506561995 26.94039633125067 49.49789889901876 24.67279776185751 5.518496833741665 14.78507105261087 18.95714478939772 29.70129578560591 9.330274723470211 3.385626383125782 5.013619527220726 3.491121970117092 154.7640503048897 2.265229068696499 2.464039035141468 9.866027072072029 5.028547592461109 10.3429339453578 4.935914985835552 8.943661019206047 4.444903917610645 5.003670133650303 38.45603633671999 315.2840583622456 21.87912251055241 64.00889698415995 9.415286526083946 77.90123566240072 10.33276908099651 107.4002796411514 2.420546494424343 4.716524615883827 4.575949445366859 3.819083973765373 23.11098267138004 22.93903195858002 182.6294124051929 13.45485841482878 0.5543064996600151 78.05763637274504 52.08715726435184 126.970582164824 61.75901015102863 49.38168094307184 39.90840620547533 2064.625518292189 8.270369134843349 143.9073469489813 18.22811586409807 0.1027080714702606 2.984640963375568 3.837729007005692 3.735215000808239 0.3897830918431282 1.701992742717266 0.928548164665699 17.8194173425436 3.061551138758659 22.33620049804449 33.13808724284172 27.51238943636417 61.20453082025051 121.7007225751877 1.85518541932106 7.209971532225609 171.7259977608919 11.97135829180479 11.49443565309048 28.94399416446686 5.742174535989761 16.55813838541508 37.16947221010923 0.9274874627590179 26.76696971058846 32.537981569767 1.128260739147663 2.741709366440773 23.22909963130951 13.24916046857834 17.80005256831646 52.79080852121115 1.399196960031986 1.643048360943794 0 0 0.2424790561199188 0 0.2764212191104889 0 0 0.3829535245895386 0.5593666583299637 0.3329209089279175 0.2030563801527023 0 0.2586138471961021 0.2842195928096771 0.4477201998233795 1.486381813883781 0.2440151944756508 80.6735539957881 5.234623268246651 0 0 0.1412845999002457 24.38863272964954 3.924301102757454 34.61260969936848 7.248425923287868 1.836844347417355 0.8838691860437393 1.454841606318951 0.2122136801481247 0.2204345241189003 0.9548469111323357 0 0.3424964994192123 2.081860728561878 1.430416628718376 0.2008267492055893 0.2605547159910202 1.108364596962929 0.8076834380626678 3.929542310535908 0.6733483448624611 0.8368454799056053 0.1998909562826157 4.023228697478771 11.50572451204062 0.1087176203727722 0.19600510597229 1.81669532507658 95.84294313937426 12.28315214067698 0.1165986582636833 0.1047005280852318 0 0 0.1956423074007034 0.1096318289637566 0.1042869836091995 2.533889532089233 28.946020193398 11.83960688859224 0.2169401124119759 0 1.29725006967783 33.23485267162323 0.6054430603981018 20.46464874595404 7.179348789155483 15.38518260419369 4.381983637809753 2.246663168072701 1.756298296153545 0 0 0 0 0 0 1.22475441545248 0.3112478852272034 7.898941233754158 42.05312291532755 41.39600140601397 230.1235927045345 12.06138231605291 359.5627450197935 75.49264020472765 204.5558199211955 20.74076268076897 2.183235675096512 9.700501449406147 18.7028496041894 0.2388217002153397 17.61186214536428 2.978607475757599 36.67944243550301 1.094408959150314 0 0.3965879678726196 9.581044495105743 0.854012742638588 73.8678323328495 47.78371392935514
1527.60463925451 670.492243885994 75.25300311297178 500.2903507053852 5.871479034423828 344.2461080476642 395.8316367343068 0.8242121934890747 6.348287463188171 868.1649174392223 0.2445774301886559 9.876584574580193 78.2519810795784 6.663507468998432 0.2599388211965561 0 0 0 0 0 0 0 0 0 0 0 0 0 0 0 58.21228183060884 0 0.4172080457210541 0 0 0 0 0 0.4648695886135101 0 0 0 0 0 0 0 2.029389604926109 0 0 0 0 0 0 0 0.8809939920902252 0.1878216937184334 39.16774901747704 16.54571457952261 2.99641228467226 3.864620119333267 0 0 0 3.572195194661617 0.08827868849039078 0.1879721581935883 0 0 0 0 0.1120784655213356 0 0 6.268879629671574 0.8486272618174553 1.337598130106926 0.116178497672081 0.09156570583581924 0 0.1283656507730484 0 0 1.639113448560238 0 0.08604944497346878 0 0 0 0.2973734736442566 0 0.09945253282785416 0 0 0 0.08946211636066437 2.431754410266876 0 0 0 307.2359539568424 1.573464311659336 16.0953962802887 41.72655162215233 12.15179116278887 3.689765855669975 29.58833558112383 0.8734438940882683 15.36297865957022 33.50962150841951 5.208976224064827 0.5539389699697495 11.80782449245453 17.88646990060806 11.25356636196375 3.473929733037949 0 0 0 0 0 0 0 0 0 0 0 0 0 0 0 0 0 0 0 6.501287430524826 0.1150225251913071 0 0 0 0.1312223225831985 0.4696516990661621 0.1325339376926422 0.1207726299762726 0.08793099969625473 0 0 0 0 0 0 0 0.685402512550354 0.1624853610992432 0 0 0 0 0 0 0 0 0.22651257365942 0.967563733458519 0.9539273306727409 0 0 1.106850326061249 0 0 0 0 0 0 0 0 0 0.9600546434521675 0 0 0 0 0.148177295923233 0.1385802179574966 0.55605548620224 0.2233494371175766 0.3515004888176918 0 0 0 0 0 0 0 0 0 0 0 2.606772944331169 0 0.3695828914642334 3.281682871282101 0.3441565930843353 7.389110505580902 0.2627532109618187 335.7727159708738 1.466361075639725 0 0 1.154300674796104 0 0.5856133177876472 0.1632693856954575 49.02774565666914 0 0 0 0.1840498745441437 0 184.2381095290184 51.02098750323057
14.18035823851824 1352.861438959837 170.0034517124295 5.871479034423828 623.8825066164136 6.342315286397934 1155.525662757456 484.3458907231688 1485.510013826191 1247.398118466139 881.3661347180605 4.970150604844093 276.568028062582 1366.953257665038 22.79731606692076 2.184067614376545 0 0.4440552294254303 0 0.4221143126487732 0 0.4459261298179626 0 0.1365989744663239 0.6897169351577759 0.2991283535957336 0 0.7652715295553207 0.4519715160131454 0.1449540704488754 60.77209343761206 7.060988388955593 18.60806973278522 0.1507624834775925 0.1302305161952972 0.2503656446933746 6.10869388282299 1.04418133944273 1.341861270368099 0.7025235816836357 0.454694926738739 0.6034760177135468 0 0.5643791034817696 0.1114183515310287 0.1342596411705017 148.0948200523853 4.310120411217213 0.3457997739315033 0.3803383111953735 0 0.7854000851511955 1.171476729214191 0.4132814258337021 3.535176247358322 5.024538025259972 11.09014241397381 37.60187132656574 16.80825554579496 63.41630893200636 0.3201020658016205 1.212502561509609 0 81.78688721358776 1.790197595953941 1.782433710992336 0 0.0900997593998909 0 0.09362553805112839 50.38869887590408 3.422556161880493 0 48.7714760825038 37.72610703110695 106.651665225625 29.7212768420577 6.772667042911053 1.04898427426815 119.2227122485638 0.4918047413229942 1.01296178996563 13.44121773540974 0.140124499797821 1.629420273005962 1.992171287536621 0.6444330811500549 0 0.3942290544509888 0 0.304938480257988 0.2895883321762085 0.2087333500385284 0.3692419305443764 2.022711701691151 34.47338426113129 39.76123848557472 0 0.2232055962085724 4.162073373794556 9.451598905026913 5.187074601650238 34.75535063445568 2.698074601590633 21.13301751762629 55.90501010417938 0.1430280953645706 33.83756368607283 44.11091063916683 4.982633762061596 4.21799673140049 39.99269404262304 32.81618478894234 34.07017328590155 56.57119458168745 0.1198932379484177 0.6763527616858482 0 0 0 0 0 0 0 0 0 0 0 0 0.1116810366511345 0 0 0.2299715355038643 0 85.20513473451138 5.080587305128574 0 0 0 22.45014113932848 4.699472509324551 23.49024134129286 3.556496098637581 0.3701686263084412 0 0 0 0.1369016170501709 0 0.126389667391777 0 1.573648981750011 1.618390835821629 0 0 0 0.2419607639312744 0.1071041598916054 0 0.3617063164710999 0 3.860516339540482 10.48059280961752 0.1184979230165482 0 0 48.515431009233 10.07235435396433 0.3711579144001007 0.1000366136431694 0 0 0 0 0 0.142441600561142 33.66823927313089 4.387364894151688 0 0.3046580851078033 0.1042369455099106 26.46354418992996 0.3111521601676941 9.861418694257736 5.985980778932571 12.55235689133406 2.896658971905708 1.209741696715355 0.6939691230654716 0 0 0 0 0 0.1271282285451889 0 0 8.533700458705425 26.96762505918741 23.1712646111846 351.1547262519598 11.38901256024837 358.1830194741488 78.01046558469534 94.99621301144361 23.62547239661217 2.832497715950012 10.01824466884136 8.691615782678127 0 11.03114057332277 5.644968405365944 14.71624601632357 0.7060132324695587 0 0.1522267907857895 11.96032439172268 0.5061101913452148 52.94402001798153 36.73905335366726
47.83377137035131 257.0387057811022 9.841824218630791 344.2461080476642 6.342315286397934 0 98.92136497795582 4.706678219139576 4.886793047189713 696.0487749502063 3.335986718535423 696.2431484311819 536.5382025912404 25.08656739443541 4.070753417909145 5.041243486106396 0 0.1158883050084114 0 0 0 4.271014526486397 0 0 0 0 0 0 1.012253805994987 0 27.74373803287745 0.2677813172340393 3.175927236676216 0 0 0 3.060183152556419 0.4713210612535477 1.820786446332932 0 0 0 0 2.757981404662132 0 0.3524419069290161 6.176523290574551 0.4105042219161987 0 0.2803992182016373 0 59.9774315059185 4.453481122851372 0 0 4.227202862501144 211.7964256629348 8.210590414702892 11.12660786509514 1.647206962108612 8.793422773480415 7.146777451038361 0 4.62629047036171 0.08333507180213928 0 0.1514689773321152 0.1042181551456451 0.3036292195320129 0 129.8194724619389 418.9741272181273 38.9486268684268 5.142042234539986 2.212485961616039 4.016181327402592 2.964678585529327 2.793298162519932 0.8176723569631577 2.578506469726562 3.520325601100922 5.721434324979782 1.280771344900131 9.86121516674757 0 3.186879001557827 0 19.91061921417713 22.87035998702049 29.29688262194395 4.339987426996231 5.671410754323006 0 0.3169496357440948 3.182840630412102 197.4613163769245 253.5594068020582 65.56101715564728 6.217402070760727 414.2951393797994 0 5.813205316662788 9.738068029284477 1.68294620513916 1.106043227016926 9.219424210488796 0 5.774595014750957 14.04021705687046 3.779600530862808 0 5.23647803068161 10.49092894792557 6.642551131546497 1.258353024721146 0 0.542271763086319 0 0 0 0 0 0 0 0 0 0 0 0 0.1289506554603577 0 0.09963944554328918 0 0 0.3245803564786911 0.8074137568473816 0 0 0 1.241707302629948 0.9198356792330742 0.9231712147593498 1.794002018868923 0.3844918757677078 0 0 0 0 0.1198541820049286 0 0 0 0 0 0 0 0.1445192396640778 0 0 0 0.4205720573663712 0 0 0.6010857820510864 0 0.4281142055988312 2.270816251635551 0.3649867475032806 0 0 0 0 0 0.3920851722359657 0 0 0.7251632958650589 2.266064152121544 0 0 0 0.371741771697998 0 0 0.5003141611814499 0.5408396571874619 0.1792813390493393 0.3038979172706604 0.3013521209359169 0 0 0 0 0 0.3117397725582123 0 0 2.852572068572044 1.268813498318195 2.936408318579197 33.43876793980598 1.019324406981468 18.14970147609711 5.983105525374413 130.7284493371844 5.110515855252743 0.1516736894845963 0.6088773608207703 0.8482665419578552 0.2852093577384949 0 0 19.6166090965271 0 0 0 0.6803809404373169 0 60.7082761451602 33.9063254147768
307.4389776438475 2090.585268847644 66.22746326029301 395.8316367343068 1155.525662757456 98.92136497795582 435.6452209949493 38.72377094626427 466.7960307374597 3159.640012450516 175.2980354875326 32.43366061151028 1908.5673173666 402.183293633163 11.92795806378126 2.057201281189919 0.4970057606697083 0.1412468105554581 0 0.08903627097606659 0 0.2564721256494522 0 0 0 0.2895432785153389 0 0 0 0.1162972971796989 81.0639466792345 3.613872304558754 3.101715289056301 0.1213844195008278 0 0 1.506796114146709 0.3374996781349182 0 0.101188987493515 0.2130836397409439 0.2122926414012909 0.2847643569111824 0.3384767919778824 0.09808851778507233 0.1961275786161423 74.41370142251253 1.826148398220539 0.09083103388547897 0.1084537133574486 0 0 0 0.2894210666418076 3.345562115311623 4.274296775460243 29.49942330271006 43.9128932505846 10.15696600824594 41.86004002392292 0 0.5879321619868279 0.1056321337819099 35.43043701350689 2.402354195713997 1.430862180888653 0.1563337296247482 0.07092411071062088 0.08260337263345718 0 23.04757243394852 2.058907002210617 0 42.3027433231473 20.22472211718559 61.79235482215881 11.39684422314167 5.238701194524765 0.1138492003083229 20.1810519322753 0 0.4398246854543686 10.72470819950104 0 1.190736457705498 1.412305176258087 0.5426464900374413 0 0.1764902621507645 0 0.3999991416931152 0.08349522203207016 0 0.07844161987304688 0.4307796210050583 18.1071320027113 15.16064352542162 0 0.2187409773468971 60.67515791207552 7.608788795769215 21.1336082816124 193.8832206428051 30.47390384227037 24.13723688572645 78.48810409754515 6.964412659406662 46.65422274917364 88.64349371939898 17.40663295984268 3.029481485486031 49.73325112462044 63.64474938809872 41.64568418264389 44.14595755189657 1.000820212066174 0.8141616806387901 0 0 0.1754569709300995 0 0 0 0 0 0 0.1251739859580994 0.09864933788776398 0.1163932532072067 0 0 0 0 0 67.19438714534044 2.466429732739925 0 0.9325650334358215 0 17.12016158550978 0.8767236471176147 15.22379773855209 0.8605045825242996 0.7538397461175919 0 0 0 0 0.3400503098964691 0 0 3.290998496115208 1.842201963067055 0 0 0 0.1335532367229462 0 0.1236375719308853 0.4631527066230774 0.161589652299881 3.617704480886459 9.400692015886307 1.900362901389599 0.1801815778017044 0 27.30011384189129 3.782164752483368 0.1281433552503586 0.1085061281919479 0 0 0 0.09504795074462891 0 0 22.46593240648508 1.464726269245148 0 0 0.1317074447870255 11.60706331580877 0 8.789168514311314 3.685646168887615 10.0825203359127 1.27465333044529 1.432578332722187 1.581022620201111 0 0 0 0 0 0.1404633224010468 0.1385460942983627 0 11.3444207906723 15.33246859908104 13.98830103874207 147.9819978699088 6.215629369020462 200.15965192765 39.93309804797173 208.0739648416638 13.59122751653194 6.831220000982285 3.472262583673 4.541701853275299 0.1608741283416748 7.553264126181602 1.667403809726238 57.41744992136955 0.8371935412287712 2.296483278274536 0.2578350901603699 6.779543869197369 0 171.5984142646194 88.93736878782511
49.93301425874233 253.1937806084752 3998.058442823589 0.8242121934890747 484.3458907231688 4.706678219139576 38.72377094626427 684.9733090102673 303.8223318383098 62.61604391038418 956.6247207820415 37.39625263214111 284.0216775685549 1411.855806276202 32.06767898797989 36.4582311809063 0.6653141602873802 2.100568555295467 0.6014174968004227 9.539420500397682 36.62925047427416 11.19564537703991 23.9063518345356 22.44294560700655 55.20077093690634 24.14215738326311 37.16540618985891 7.631729274988174 3.795974746346474 7.36443980038166 776.1883351802826 3328.43333979696 283.5106962695718 51.73807940632105 49.42777453362942 48.52227085083723 126.4526686295867 64.405486933887 14.39670085906982 21.94468305259943 15.7025565803051 21.48990589380264 19.81291306018829 26.30265362560749 2.820101141929626 8.416869580745697 117.7782167196274 3.455285675823689 2.530742987990379 13.53620479255915 2.92241308838129 23.49805458635092 18.51779586821795 6.393942937254906 1.482588894665241 2.32145007699728 10.59240377694368 72.53804741054773 8.503683023154736 35.41713314503431 93.96418910473585 252.4531357064843 28.0311217457056 277.4708724021912 1.409434847533703 2.960841797292233 1.627139136195183 4.212650939822197 20.71970328688622 35.92283130437136 176.1890255734324 6.190704554319382 1.455137729644775 41.19693783670664 66.23891245573759 111.853910125792 184.4800940230489 160.79086984694 583.4384969994426 1718.379473268986 328.1408960074186 802.4775858148932 8.122877284884453 0 2.602937117218971 4.027656562626362 2.945478409528732 0 0.6708140820264816 3.663065187633038 11.0178387761116 6.139664724469185 15.80513203144073 13.56098039448261 43.81891436129808 20.03270721435547 12.05231366306543 2.846828937530518 6.687029086053371 13.25677278637886 2.330755203962326 2.665019169449806 4.036654457449913 0.1361611038446426 3.882771633565426 13.22935078293085 0 7.886210016906261 10.4550040140748 1.84277518093586 0.5873634666204453 8.310710683465004 5.721130341291428 8.019624702632427 22.87009610235691 0 0.3277143836021423 0 0 0 0 0 0 0 0.1463507562875748 0.4739783853292465 0 0 0.1335975676774979 0.3720539659261703 0.1097930818796158 0.663016177713871 1.137063533067703 0.389522023499012 28.35837683081627 1.654562920331955 0 0 0 6.004989728331566 0.3241440206766129 5.338008552789688 1.007977873086929 1.183737099170685 0.4929797500371933 0.8606054186820984 0.1018837839365005 0 0.2389458864927292 0 0.1185371726751328 0.3384048640727997 1.471365705132484 0 0 1.103730611503124 0.769854448735714 2.869994439184666 0 0.131186917424202 0 1.054296776652336 2.415943771600723 0 0 0 14.90640319883823 2.286333054304123 0 0 0 0 0 0 0 0.925744503736496 8.500275865197182 4.233775235712528 0.3096981644630432 0 1.426286667585373 6.280154153704643 0 1.963039308786392 1.504250265657902 2.83633616566658 0.7551943808794022 0.8087799996137619 0.3277609497308731 0 0 0 0 0 0.1093081831932068 0.2693801373243332 0 4.350623771548271 7.369157694280148 10.21570089459419 184.6436399817467 6.417132653295994 217.1975554153323 60.13583977520466 58.90040063112974 15.98214802891016 0.623433381319046 5.564777426421642 3.897572852671146 0.375583752989769 1.88407251983881 1.584680609405041 4.097471386194229 0.8029546141624451 0 0 6.903911203145981 0 44.31589858978987 17.10682474076748
2.756907559931278 235.8763918578625 60.35548631101847 6.348287463188171 1485.510013826191 4.886793047189713 466.7960307374597 303.8223318383098 298.8817398250103 232.1685679405928 470.7907873988152 3.458038367331028 1353.047322303057 408.3938450962305 9.898341327905655 3.822156846523285 0.2324024140834808 0 0.07575634866952896 0.2321755588054657 0.3414201438426971 0 0 0 0 0.2194949984550476 0 0.1286755353212357 0.126163050532341 0 5.096008360385895 1.857255481183529 6.029767669737339 0 0 0.1126672923564911 2.724573723971844 0.7815926596522331 0.8093438073992729 0.2837337553501129 0 0 0 0.2819435298442841 0 0 32.63597976416349 0.3705657869577408 0 0.1277773678302765 0 0 0 0 0.4163583070039749 0.7576062753796577 2.946381032466888 3.302225112915039 3.491145648062229 7.933963768184185 0.1012697517871857 0.8770692497491837 0 12.21045126765966 0.3709160462021828 0.5147901773452759 0 0.1007693037390709 0 0.1147589012980461 16.57029324024916 0.4096207469701767 0 7.557409644126892 10.54294230788946 34.30521123856306 16.20769285410643 6.375145569443703 0 39.66719945520163 0.1244871988892555 0.1144049689173698 1.286759078502655 0 0.2472788020968437 0.1788888275623322 0 0 0 0 0.1341843754053116 0.1261505484580994 0 0 0.1189129427075386 11.49990876764059 11.8130842000246 0.1495960056781769 0.4045250862836838 1.448514446616173 3.884456105530262 2.626633428037167 17.12049995362759 1.832256458699703 9.596824109554291 32.81570319086313 0.2311230003833771 23.14997278898954 26.13609990477562 3.185534492135048 2.250225774943829 23.27046761661768 24.5317083671689 23.78092402219772 29.96092410385609 0.4601419568061829 0.3290010467171669 0 0 0 0 0.1036104038357735 0 0 0 0 0 0.2423016354441643 0 0 0 0.09599671512842178 0.1954722255468369 0 27.88084725290537 3.135381706058979 0 0 0.113929882645607 10.09968560189009 0.5545330867171288 9.12486057728529 1.070717468857765 0.09791451692581177 0 0 0 0 0 0 0 0.2442530244588852 0.7306820973753929 0 0 0 0 0 0.3178181201219559 0.2410208508372307 0 1.244791977107525 2.798500373959541 0.543357215821743 0 0 15.24966276437044 1.782166130840778 0 0.09558724611997604 0 0 0 0 0 0 13.52474528551102 2.506835088133812 0 0.2876558303833008 0.1047148331999779 9.319739855825901 0.1724665313959122 4.215507417917252 2.015834875404835 3.429108321666718 0.7842418253421783 0.7611438781023026 1.129917204380035 0 0 0 0 0 0.1057657226920128 0 0 4.005726993083954 9.312692709267139 5.44832943379879 105.7973644062877 3.599965341389179 77.4050674289465 21.27186612784863 12.64534387737513 4.367019914090633 0.2917223125696182 2.584818698465824 1.531419456005096 0.2819028794765472 3.488905660808086 1.668873853981495 5.38867362588644 0 0.1790455430746078 0 2.957730337977409 0 22.12231251597404 22.37500683963299
984.212399713695 1887.829254314303 56.51633574068546 868.1649174392223 1247.398118466139 696.0487749502063 3159.640012450516 62.61604391038418 232.1685679405928 1397.05836006999 59.7182585299015 1495.528755947948 6770.585252948105 378.8760147988796 16.76515793800354 8.656117022037506 0.09812780469655991 0 0 0 0 0.1462654769420624 0 0.2894152104854584 0 0 0 0.3067393526434898 0.2584236264228821 0 53.61112800985575 1.160908877849579 9.738455824553967 0 0 0 5.272566504776478 0.3258635923266411 0.4480258449912071 0.6151661425828934 0 0 0 0.6987495869398117 0 0 65.82161089777946 1.927590429782867 0 0.09804750233888626 0 0.6856415122747421 0.365991473197937 0 0.8946141973137856 2.324363313615322 82.31291004270315 30.39245925098658 10.57574297487736 22.55606792122126 0 1.185649134218693 0 24.5097794085741 0.763307586312294 0.8786442875862122 0.1328103095293045 0.1532534062862396 0.1129804030060768 0.2417920008301735 102.5409370139241 8.444710120558739 0.1411401778459549 18.60288392007351 16.09835343062878 43.18200527876616 14.84170846641064 10.19322993606329 0.5671891868114471 18.52781292796135 0 0.1035083457827568 6.765610821545124 0.1659708395600319 0.2677540108561516 0.5925642848014832 0.4011973366141319 0.1103232949972153 0 0 0.08431960642337799 0.343855544924736 0 0 0.5689499527215958 291.4732478037477 103.9739006534219 0 0.501932680606842 368.1357906758785 45.76708669960499 106.0897460356355 346.9974045529962 75.88060383498669 150.3084780499339 513.8484578207135 7.324918709695339 322.351158618927 477.6218800470233 57.92762663215399 23.75156688690186 340.4786063656211 380.8375695943832 301.5267857760191 282.2725372537971 3.141125991940498 3.554061889648438 0 0 0 0 0 0 0 0 0 0 0.7463130354881287 0.1861850470304489 0.4309021979570389 0 0 0 0 440.9129866957664 18.77971611171961 0 1.902446985244751 0.1591911166906357 89.07814741134644 10.45363706350327 78.82276061922312 7.353154912590981 2.591573424637318 0 0 0 0.1160021796822548 0.7405944317579269 0.1930210739374161 0.1585476994514465 5.100703582167625 6.174951963126659 0.1008602604269981 0 0 0 0 1.124965772032738 0.6662932261824608 0.3616818189620972 15.04176640510559 44.45535143464804 5.781440131366253 1.114994406700134 3.34599632024765 226.5376635342836 27.51393849402666 0.2207957357168198 0.95500198751688 0.1790997534990311 0 0 0.08881405740976334 0 0 139.3245943561196 22.16546946763992 0.3363922834396362 0 0.4572968482971191 86.54206639528275 4.430974632501602 52.21334189921618 20.82090564072132 49.22739177942276 14.81928681582212 5.320480957627296 3.55098020285368 0.3116256892681122 0.2699366509914398 0 0 0.2524444609880447 0 0 0 61.24664169549942 79.83088530600071 73.61596538126469 320.6684937924147 4.0423673838377 196.5748796761036 56.29502469301224 464.7530820742249 19.34315773099661 10.61922651529312 11.07419698685408 45.43308848887682 1.269119076430798 44.27224291115999 12.94330602139235 267.2182909399271 1.615681052207947 18.74377584457397 2.133243441581726 7.281623274087906 0 964.8633882254362 486.2649556174874
45.80821727961302 1645.352114677429 1776.089587822556 0.2445774301886559 881.3661347180605 3.335986718535423 175.2980354875326 956.6247207820415 470.7907873988152 59.7182585299015 725.6798747554421 51.2967484369874 996.6885604485869 1797.882260859013 12.50717931985855 9.443005859851837 0.1139844283461571 0 0 0.1523850709199905 0.1232123747467995 2.29945707321167 0.09933061152696609 0 0.7530618831515312 0 0.1234761476516724 0 0.7402109354734421 0 96.5987418666482 7.17236165702343 265.7656870260835 0 0 0.5465953946113586 87.28539448231459 9.021452680230141 7.122797399759293 3.253614142537117 0.1348133981227875 1.687556356191635 0.2414619773626328 2.590900808572769 0 0.2276138663291931 53.33593036979437 0.387393556535244 0.2785787582397461 0.4982759431004524 0 4.498759552836418 2.734111689031124 0.6652103811502457 1.043076954782009 1.214549116790295 3.932652167975903 14.93689431250095 3.523733988404274 11.25530417263508 0.2414611130952835 9.089232295751572 0 22.2540238648653 0.258425310254097 0.08057837188243866 0 0.1391342431306839 0.1045668199658394 0.2491469606757164 121.6291426420212 1.690893277525902 0.1333582252264023 14.44714079797268 13.49753376096487 37.72461368888617 28.03366965800524 20.46402580291033 0.4485430493950844 130.7362658381462 0.444202683866024 4.013313211500645 3.178181514143944 0 0.2622678354382515 0.3395782709121704 0 0 0.5218144208192825 0.4909690767526627 0.1462655365467072 0.6390658244490623 0 0 4.308893583714962 14.05123545229435 9.622590281069279 0.310173436999321 3.432659305632114 9.296689890325069 2.770684488117695 3.337515220046043 12.79458227753639 0.4669612646102905 4.557633198797703 21.28146537393332 0 12.53927149623632 12.49640819430351 1.91999988257885 1.448566325008869 19.32576920092106 13.6319622695446 13.08534102886915 27.33518148213625 0.3103645294904709 0.3377494812011719 0 0 0 0 0.1312536746263504 0 0 0 0.1756576299667358 0 0 0.1407563537359238 0 0 0.1942534148693085 0.2469983845949173 0 31.58142431825399 2.694879211485386 0 0 0.1146079897880554 8.762784339487553 0.4233190566301346 8.62117251008749 0.6408391892910004 0 0 0 0 0 0 0.2624295353889465 0 0.2090743631124496 1.339776024222374 0 0 0 0.3801668286323547 0 0 0 0 1.19703359156847 3.90100733935833 0.3040819764137268 0 0 13.74194817245007 2.804460152983665 0 0 0 0 0 0 0 0.149097353219986 11.73446138203144 0.7437021136283875 0.1253993362188339 0 0 8.327841766178608 1.205686330795288 1.657643020153046 2.15770123898983 6.17296739667654 0.6136761084198952 0 0.3011023551225662 0.172914907336235 0 0 0 0 0 0 0 5.495506756007671 5.183579169213772 8.791189320385456 106.3670872524381 2.358192950487137 102.55007725209 25.62796649336815 27.85407848656178 6.865192510187626 1.527400553226471 4.723589077591896 4.911474674940109 0.4382866993546486 5.922535911202431 0.9392064362764359 8.323941841721535 0 0 0 3.684239901602268 0 25.71979922801256 18.40358260273933
142.7998320758343 25.15997809171677 46.26188415288925 9.876584574580193 4.970150604844093 696.2431484311819 32.43366061151028 37.39625263214111 3.458038367331028 1495.528755947948 51.2967484369874 46.43890438973904 534.8235783353448 117.782341606915 68.27304837107658 81.40101296454668 0.9364874288439751 0.1675459742546082 0 0.4144562780857086 0 9.967546164989471 0.159185454249382 0.3256846070289612 0 0.131305992603302 0.1272908747196198 0.3316653370857239 0 0 36.35421665012836 0.8164663463830948 117.1848863065243 0.09560302644968033 0 0.1341484189033508 20.42202314734459 27.69094801694155 19.8401972129941 7.091308899223804 0 1.95204221457243 0.08511388301849365 12.66912829130888 0.1032341048121452 1.930082574486732 90.59720855951309 0.6539972275495529 0 0.3698196038603783 0 8.731428347527981 39.19119335711002 1.854929104447365 1.393490426242352 1.571201458573341 34.51002265512943 16.07763634622097 4.743094325065613 11.17515259236097 6.632980078458786 42.04099478572607 0.7348697781562805 36.92652959376574 0.3588381335139275 0.6318051517009735 0.1282882690429688 0 0.1099094450473785 0 19.1144782975316 8.022652104496956 1.998463623225689 11.95275279134512 20.0641780346632 94.87809357792139 73.57222279161215 68.14366243779659 0.6986531913280487 67.90245828032494 6.365501381456852 2.76155947893858 2.946638941764832 0.1234282329678535 0.2730511948466301 0.542027622461319 0 0.7518167942762375 0.2571354955434799 2.48777374625206 0 1.589868135750294 0.3047312498092651 0 7.183321163058281 610.2653273642063 1.317192152142525 13.54409264028072 5.62162221968174 154.5070128664374 5.254938788712025 7.233573988080025 35.45024292171001 6.20760652422905 17.09761049598455 62.60086509585381 2.586648419499397 45.53807158768177 71.19228810071945 13.76445204019547 2.737101189792156 56.09271482378244 93.07778762280941 74.22480376809835 65.32200612872839 0.5639464482665062 0.5445717349648476 0 0 0 0 0 0 0.144299179315567 0 0 0 0.2396849170327187 0 0.07912412285804749 0.1650336980819702 0.2622618079185486 0.6651453599333763 0.4345297664403915 37.54816391319036 2.221741378307343 0 0 0 16.40918686240911 0.6702832952141762 8.031085714697838 1.711648121476173 0.6966733559966087 0.1407090425491333 0 0 0 0 0 0 0.2176293805241585 0.3536978662014008 0 0 0 0.9504802227020264 0.1986769139766693 0 0 0 1.072979405522346 2.603379659354687 1.765323109924793 0 0.1248728334903717 12.97324857860804 2.248351186513901 0 0 0 0 0 0 0 0.1275559663772583 33.91497872024775 14.6065142005682 0 0 0 8.564412154257298 1.039324536919594 2.637617900967598 0.8808784633874893 3.369218796491623 1.457786925137043 0 0.4382850974798203 0 0 0 0 0 0 0 0 29.89163784682751 12.81276784092188 8.351417414844036 230.6556715816259 6.378284379839897 181.9898241907358 63.66036203503609 139.4786154553294 8.419731743633747 0.1752550601959229 7.861558869481087 2.593586578965187 0 2.778501875698566 0.8858254253864288 20.32413433492184 0 0 0 11.91440197825432 0.4112194329500198 713.2247868254781 183.8812546953559
155.7680120691657 947.3357158005238 275.8478248715401 78.2519810795784 276.568028062582 536.5382025912404 1908.5673173666 284.0216775685549 1353.047322303057 6770.585252948105 996.6885604485869 534.8235783353448 680.5065391138196 2332.756639048457 149.2386341914535 156.3436124548316 1.194148294627666 0.3674096316099167 0.2547281980514526 0.5539170652627945 0.3585529252886772 9.203316181898117 0.3031712472438812 0.3350023031234741 2.199629850685596 0.5169412791728973 0.5801491513848305 1.393552452325821 1.631030023097992 0.09119827300310135 71.8744859918952 4.675973027944565 1739.802193783224 0.4056156277656555 0.3374752849340439 2.084520898759365 362.3946611434221 333.3150911852717 96.59580452740192 37.56265910714865 0.2758324444293976 4.077134728431702 0.1336359530687332 25.49846141785383 0.2125872001051903 4.922774076461792 250.4140084460378 1.886077597737312 0.5385210514068604 0.8953589573502541 0.07482118904590607 14.44437132030725 74.27397676557302 2.639481425285339 1.279219649732113 2.378513127565384 52.13125582039356 28.29187358915806 11.54524052143097 34.36606983095407 10.6363498494029 227.9169151857495 0.4852299764752388 80.70191965252161 1.231081269681454 1.018030345439911 0.3169790059328079 0.3745469376444817 0.4065069258213043 0.1263132244348526 99.55098785459995 10.54890620708466 0.3095571100711823 37.65426681190729 62.13652252405882 272.3533940017223 210.8302457928658 172.9281430765986 2.592032484710217 290.175480492413 7.152596294879913 9.048226222395897 12.2783697322011 0 0.5330813527107239 1.93333001434803 0.7134786024689674 0.8326852768659592 0.6087071448564529 2.33939465880394 0.6826049908995628 1.291095048189163 0.5345563292503357 0.4927608743309975 13.14519011229277 533.7242725118995 14.78414362668991 15.87356213480234 36.23949086666107 140.9788903668523 22.76970364898443 43.88898454606533 183.8137757852674 33.34891904145479 91.76040171086788 300.63537607342 5.635435111820698 186.7760651633143 344.1105288788676 53.75269315391779 13.98187111318111 252.0492234155536 341.8347277194262 287.5999427437782 206.6440633013844 1.222612321376801 1.918062999844551 0 0 0 0 0 0 0 0.2397054582834244 0.1708923280239105 0.1157833337783813 0.5916334688663483 0.6350237131118774 0.590633437037468 0.4711399972438812 0.8409731686115265 1.426248118281364 1.103572450578213 174.9680441841483 9.623227253556252 0 0.2774714678525925 0 70.66421359777451 3.349507860839367 35.858393907547 7.360616080462933 1.612083166837692 0.2526576370000839 0 0 0.4512173011898994 0.7564753964543343 0.656384602189064 0 2.117089591920376 3.435506463050842 0 0 0.9747868031263351 1.360843099653721 0.5084690377116203 0.8527125120162964 0.8112880662083626 0 6.359079286456108 19.75925324857235 3.151319891214371 0 0.2402637526392937 57.30164710432291 11.19873854517937 0.2434267550706863 0.5130279809236526 0.09867706894874573 0 0 0.147933691740036 0.1010587140917778 0.2331544756889343 108.3999849483371 29.72154964506626 1.28048300743103 0.4475018009543419 0 35.26734375208616 2.334226444363594 13.01765333116055 7.739751666784286 19.88997095823288 6.354932248592377 2.866555348038673 2.144459180533886 0.1818492859601974 0.167211502790451 0 0.1358996629714966 0.20857273042202 0 0.1149492189288139 0 71.03489965945482 44.10816341638565 32.87647435814142 586.4390332922339 19.79369518905878 469.8240552842617 161.8330147564411 197.4691581055522 23.33588439226151 3.317654259502888 12.07748890668154 18.84318957477808 0.3096280694007874 18.96523362398148 4.057882644236088 98.87690781801939 1.172006368637085 10.56010918319225 0.5434739887714386 36.98549658060074 0.9602131843566895 886.871070548892 414.3455796390772
