642.3538345471025 3263.267374239862 668.7253585234284 1631.278743259609 14.5713723897934 147.4321651160717 101.3010902628303 64.22813306748867 3.781050324440002 858.4860410094261 76.11122310161591 125.4812374264002 76.49108298122883 50.64340997487307 2.652233362197876 1.971609026193619 0 0.4134325236082077 0.9986809492111206 0.2711851224303246 3.450562730431557 3.247922897338867 1.278219155967236 0.2872938811779022 0 0.5724663138389587 0.1759574115276337 0.4373619705438614 1.389295965433121 0 2087.738879881799 43.04907539486885 7.180804073810577 1.040483355522156 3.746112376451492 0.1598373651504517 18.05932322889566 2.920520916581154 2.838806226849556 0.9895843863487244 2.013374894857407 1.888590075075626 1.30034963041544 0.4756442010402679 0.3009494543075562 0.8413754254579544 10.14272581040859 1.389259114861488 0.8200852572917938 1.402903348207474 0 7.039990067481995 3.765121296048164 3.054692447185516 15.0486373603344 14.40318069607019 240.1633123606443 599.7185041382909 190.2188672274351 11.56032107025385 2.033584296703339 6.36848296970129 1.276303723454475 50.57022139430046 3.017383709549904 2.783868581056595 0.233767993748188 0.6709960252046585 2.901903256773949 4.995097398757935 128.5603369325399 66.20979180932045 20.7825141325593 466.9154506921768 48.0359744951129 43.06658630818129 1.730260998010635 1.429827660322189 1.49875769764185 45.36014179885387 4.185575865209103 18.59841563552618 14.56188859790564 1.320633135735989 3.196582317352295 7.006943978369236 1.038397610187531 2.642125658690929 2.882267959415913 8.763592630624771 1.23428937792778 1.087380275130272 3.99363087117672 1.879744857549667 1.031836234033108 705.8799489960074 34.94988144934177 14.06538677960634 27.18188518285751 963.021122828126 8.004648193717003 31.31551098823547 36.8995544090867 14.41284662485123 4.483943998813629 1.425067022442818 43.48375134170055 1.622740745544434 16.1291563808918 29.31746871769428 3.228752255439758 18.90007346868515 23.52083979547024 15.60022373497486 6.166516289114952 1.223042368888855 0 0 0 0 0 0 0 0 0 0 0 0.613212376832962 0 0 0 2.119942426681519 2.448218300938606 0 4.812384471297264 0 0 0 0 3.154874593019485 0.2826416492462158 0.8423876464366913 2.782245948910713 1.470869623124599 0 0.421298086643219 0 0 0 0 0 0 0 0 0 0 0.8511179983615875 0 0.125523179769516 0 0.2239385098218918 0.9555459395051003 2.567189618945122 7.141343876719475 0 0.7712238430976868 2.221525058150291 0 0 0 0 0 0 0 0 0 5.061866775155067 2.472494632005692 0 0.774857759475708 0.3091981038451195 4.537206202745438 0 0.5198632776737213 0.4990602061152458 0.1504705399274826 0.204395592212677 0 0 0 0.5526811331510544 0 0.1486797630786896 0.7649524286389351 0.1766258776187897 0 0 6.834555953741074 1.908844351768494 5.681420370936394 79.0908327549696 10.52986840158701 162.0270977169275 32.57847356051207 709.4682463631034 56.00395855307579 5.552220344543457 4.654832497239113 16.09051008522511 0.1112355813384056 2.714721187949181 1.981967449188232 162.1875689029694 0.174212783575058 0.8647133409976959 0 22.09806302189827 0 949.7215896844864 62.46793873608112
3263.267374239862 4485.106233052909 2334.147698305547 2597.349526710808 1346.820679217577 227.6763233318925 3922.190838225186 893.380456879735 1888.681072980165 2121.794002309442 2416.821104764938 77.69276496767998 1524.729961447418 1677.341071501374 12.66244566440582 17.25191689282656 1.25531167536974 2.019416950643063 0 1.419856406748295 20.9239097982645 23.26962163299322 7.572469756007195 2.169666677713394 5.339821077883244 4.827590778470039 3.4788798391819 1.863991260528564 0.3142901510000229 0 3834.486184328794 341.425685338676 58.43211308866739 11.72066001594067 10.56311921775341 4.37147855758667 57.94061626493931 28.64961180090904 6.820953190326691 2.150021530687809 10.36894288659096 13.30214719474316 7.98825541138649 3.573255188763142 1.049954459071159 4.744287081062794 107.2039128616452 6.184725418686867 4.130270421504974 7.419304013252258 3.927222967147827 3.656468167901039 7.271437227725983 12.00104014575481 57.96814022958279 66.2719973474741 99.59410420060158 612.7198557332158 199.502893447876 59.864636734128 6.410619102418423 44.60146299749613 3.654578067362309 557.6739000752568 18.32134295254946 8.400276273488998 3.205211274325848 2.075793698430061 20.609444886446 36.76639699935913 52.39970626682043 13.78192352503538 3.861633539199829 678.7581511586905 273.0121412649751 202.3871098831296 31.35554378479719 15.82791056483984 11.02512978762388 435.8899454176426 20.45747514814138 101.9006181806326 61.69204066693783 3.067910850048065 11.13158198446035 33.85779902338982 2.773686125874519 2.273780472576618 5.721863716840744 2.89774152636528 7.150670886039734 1.954057246446609 40.02929975837469 4.327326372265816 2.367406085133553 156.2477429434657 10.14533004164696 6.582058981060982 10.38890381157398 682.1554291620851 9.648210026323795 41.06288141012192 66.78512477129698 19.84884053468704 9.999483190476894 8.230447024106979 72.49932929873466 12.68405970931053 49.45809157192707 77.64499013125896 11.41674767434597 83.01314570754766 60.08759067952633 69.92847310006618 35.39383941888809 3.524775326251984 2.399164378643036 0 0.6596216559410095 0 0 0.7213638424873352 0.3390146791934967 0.6554393768310547 0.427596777677536 0.5259838998317719 0 1.932679176330566 0.5184887647628784 1.524849906563759 2.426193550229073 2.905034020543098 5.149172343313694 1.716489717364311 14.94010132551193 1.213981032371521 0 0 0.5165703296661377 33.15887951850891 8.436668887734413 20.32106804847717 10.45735876262188 6.095181748270988 0 0 0 0.5343997478485107 0.9673358201980591 1.167710781097412 0 1.502684503793716 1.671002119779587 0 0 0 8.43585541844368 0.1310584545135498 0.5381608754396439 0 1.210139289498329 1.254423432052135 6.971334226429462 8.854696780443192 1.541784033179283 3.245141208171844 30.61608177423477 4.028631538152695 0 0.2365004047751427 0.2419215887784958 0.1443395614624023 0 0.1235559582710266 0.1383884102106094 0 33.81432104110718 4.678368359804153 0 1.858272537589073 1.415129795670509 41.55582129955292 7.393985792994499 18.92642813920975 4.222953714430332 6.558015063405037 2.301145866513252 0.3264448791742325 0.5922219157218933 0 0.8119856640696526 0 0 1.144563086330891 0.1331910789012909 0.3391544222831726 0.1255776882171631 15.88373447954655 20.57675185799599 10.96140570938587 471.6547947004437 48.98002827912569 1756.808918386698 135.8044625148177 670.2372440174222 395.8760335221887 15.31955962628126 89.73964127153158 22.43147349357605 0.9739370122551918 16.42195234447718 9.385303683578968 193.409197345376 0.8336167931556702 2.379308290779591 0 62.67014745622873 1.629851102828979 881.8929156810045 114.237779699266
668.7253585234284 2334.147698305547 3073.359995022416 128.9092041701078 162.6084847599268 13.6701627522707 64.97789946943521 3873.157530583441 151.6818279325962 57.61037028580904 4011.180968821049 7.225959226489067 50.52888622134924 970.8214981928468 10.33157510310411 16.03066009283066 0.7332354038953781 5.532809458673 0.1766418814659119 5.854507021605968 50.32185522466898 60.147257424891 14.68149898201227 8.66593986749649 14.59662959724665 11.56791432201862 5.754418656229973 4.550968624651432 1.193997584283352 0.5399738252162933 6297.599653981626 1206.579146124423 114.8569941520691 27.72952430695295 37.27845706790686 8.710562631487846 86.75568415224552 47.31847282499075 17.13753356784582 8.926100976765156 30.00655940920115 29.80227448046207 18.09625002741814 7.602601364254951 4.344240225851536 12.90575805306435 51.56273572146893 7.328873999416828 7.962306626141071 16.23450647294521 2.198441110551357 12.09881164133549 12.71989090740681 21.10168849676847 14.86855789273977 16.44039765000343 26.18242532014847 339.7764018550515 43.26196912676096 18.16219687461853 36.47289247810841 98.61409143358469 8.053167015314102 241.6619540899992 5.275822907686234 8.268329173326492 0.4627223238348961 6.009292609989643 44.48356870561838 124.6835926398635 26.27926512807608 13.68038804829121 2.285760313272476 156.8547848165035 64.91894384473562 64.26413012295961 21.34882128983736 16.48187927901745 54.10254313051701 1504.399218276143 88.09570443630219 429.842838793993 22.2679980173707 0.5131545811891556 10.9918422549963 8.212948553264141 2.755851328372955 1.135090082883835 2.476891174912453 3.397141665220261 4.074642486870289 2.26566082239151 102.689945101738 16.15747127681971 8.232564881443977 35.07175153493881 9.129599124193192 7.75496044754982 11.97632205486298 151.0451502874494 2.10794897377491 4.914476335048676 9.102541923522949 3.293155744671822 2.795240171253681 2.042690008878708 5.574187397956848 4.402858451008797 2.871396243572235 6.788130074739456 2.118077583611012 27.00431403517723 15.68729773908854 20.42079655826092 13.14121593534946 2.757499769330025 0.6425453722476959 0 0 0 0.9036464095115662 0 2.54804140329361 0.9386504888534546 0.3082148283720016 3.458694308996201 1.293740928173065 0.802791953086853 0.9253479093313217 1.594242930412292 0.7485897913575172 10.07638051360846 12.07190199196339 6.434235274791718 5.461354926228523 1.837194919586182 2.301743894815445 0 0 15.09811566025019 5.822741463780403 15.33026611059904 13.72176164388657 7.747059255838394 0 0 0 0 1.297370672225952 0.1410933136940002 0 0.283623680472374 1.665528491139412 0 0 0.3915101289749146 8.221864111721516 0.6470957547426224 0 0.2153125703334808 0.5220775306224823 0.820491686463356 1.173178344964981 1.272444248199463 0.454168438911438 0.754751443862915 16.63320802152157 2.305829703807831 1.106836348772049 0 0.2466687113046646 0 0 0.83012405782938 2.054986089468002 1.23239865899086 12.80583821982145 7.882365420460701 0.4455650299787521 1.729222193360329 1.974082067608833 19.48252809792757 4.796479791402817 7.894587948918343 1.939918011426926 3.254246935248375 0.9428752213716507 0.1674474626779556 0.5991784334182739 0 0 0.5744428038597107 0 0.3701301664113998 1.45867732167244 3.198506742715836 0.1314396560192108 7.787839382886887 7.617868408560753 12.24497196823359 257.2829537764192 55.09728533774614 533.6037928462029 60.6291146799922 91.54828830808401 92.36259780079126 3.818442821502686 27.28965108841658 14.24493799358606 0.9329758286476135 11.78733616322279 2.699544548988342 18.09980399906635 0 0.6899969652295113 0 96.32344768941402 0 130.7897647246718 16.62405076622963
1631.278743259609 2597.349526710808 128.9092041701078 1335.243995137513 67.71341274678707 588.5431525111198 1326.34391283989 3.595338553190231 70.49343305826187 5647.751451283693 7.673587515950203 279.3849156498909 2368.588819175959 488.0938684269786 2.230319023132324 0.4130702614784241 0.1137505993247032 0 0.2761253416538239 0 0.362798810005188 0.4951845109462738 0 0.1422745734453201 0 0.1193542703986168 0 0 0 0 724.5728388130665 7.099972248077393 0.8049903512001038 0 0 0 8.526212684810162 0.1502337604761124 0.5063319355249405 0.09982885420322418 0 0.4483687877655029 0 0.384132519364357 0.0952494889497757 0.7366001084446907 8.131346493959427 1.115599080920219 0 0 0.1204344779253006 0.6755299866199493 0 0 13.75649783015251 15.53933183848858 37.12301980704069 145.4607793167233 63.99714825302362 8.010859727859497 0.2487660720944405 0.7650150060653687 0 55.82128420472145 2.861671708524227 0.8622474446892738 0.2295219227671623 0.2556864321231842 0.2970098406076431 2.097249589860439 49.25839184224606 5.880513586103916 1.825961261987686 221.9188589155674 54.8323365226388 27.67980045080185 0.8011044189333916 1.266273349523544 0.2469604089856148 3.417280822992325 0.3604123368859291 1.011078245937824 12.198496311903 0.8366973102092743 0.5675932765007019 4.822457820177078 0.08950337767601013 0.390692226588726 0.8723420426249504 1.615895435214043 0.5587888285517693 0 0.6994125097990036 0.2658844590187073 0.2274307310581207 246.9956561774015 5.388704866170883 1.357835590839386 5.423068225383759 213.2401121556759 20.35024163126945 54.99539616703987 84.09851650893688 94.27622345089912 5.8601303845644 13.15806631743908 95.24105586111546 10.32742697000504 67.4075129032135 110.1750833243132 2.487448990345001 92.69944120943546 75.13662499189377 49.32450509816408 18.56848272681236 0.1942146271467209 0 0 0 0 0 0 0 0 0 0.6509883403778076 0 1.367083013057709 0 0.2881897389888763 0 0.906342014670372 0 0 13.88785375654697 0.5264955759048462 0 0 0 16.11165516078472 1.832180827856064 6.606708332896233 5.103381596505642 2.582166194915771 0 0 0 0 0 0.1327974647283554 0 0.3880235403776169 0.3105140626430511 0 0 0.1613452583551407 0 0 0.4447529539465904 0.2430565357208252 0.6397565677762032 2.710401922464371 5.115986756980419 12.09530401229858 0 0 9.371385008096695 3.134687349200249 0 0.2178955301642418 0 0 0 0.1442768573760986 0 0 19.95868903398514 0 0 0.1995122581720352 0 20.62641306221485 0 6.837058484554291 5.221704259514809 5.147599644958973 1.975735612213612 0.1583768874406815 0 0.1167029142379761 0 0 0 0.1517501473426819 0 0 0 20.99880555272102 3.246467009186745 4.232049882411957 36.4336367174983 5.552741222083569 199.4854541197419 23.23597929626703 335.8185206130147 45.55009052157402 2.585908338427544 2.801088094711304 10.86547182500362 0 9.958686746656895 1.036154612898827 175.9066355079412 1.480674639344215 0.4323214739561081 0 3.775227710604668 0 964.9885989949107 193.8141860514879
14.5713723897934 1346.820679217577 162.6084847599268 67.71341274678707 845.6647376567125 3.779995962977409 2574.123660624027 17.13484831899405 4043.392942100763 1612.774629049003 2134.497142672539 59.98992492258549 1436.513336345553 2228.535440161824 4.495106518268585 8.259736701846123 0.1732923239469528 0.131534531712532 0 0 0 0.4896987080574036 0 0 0 0.173542395234108 0.5473963022232056 0 0 0 121.8616451919079 21.33910551667213 3.859237939119339 0 0.8656677901744843 0 2.32628621160984 0.3519914597272873 0.5463462769985199 0 0 0 0 0.2709547281265259 0 0.4298900365829468 35.61890282481909 0.4158088713884354 0.2150827348232269 0 0 0 0.167805403470993 0 7.46874026954174 7.689763523638248 5.38790987432003 22.03939139097929 13.86573679745197 10.76818707585335 0 1.764401957392693 0 83.84231066703796 1.839318841695786 1.131677731871605 0.122024305164814 0 0 0.1245836168527603 19.15829589962959 0.5542727708816528 0 56.08037530630827 34.40754479914904 49.12726763635874 12.01469302177429 4.368037939071655 1.564799070358276 6.73163864761591 0.5535499081015587 0.6085653603076935 10.45090032368898 0 0.9888836368918419 3.443702735006809 0 0 0.5793250799179077 0 1.24218213558197 0.4282706379890442 0.1106476336717606 0.5011088326573372 0.1633066982030869 35.96338681876659 1.976481720805168 0 1.707115530967712 5.541757807135582 0 1.824908196926117 4.62373985350132 0 3.60731303691864 1.96663036942482 5.062194004654884 4.030334740877151 5.760295540094376 12.94909588992596 3.096538841724396 33.81052718311548 22.75859588384628 21.94986359775066 29.96090318262577 0.599884569644928 0 0 0 0 0 0 0 0 0 0 0 0.379133403301239 0 0 0 1.17286728322506 0 0 6.883237078785896 0 0 0 0.7943320870399475 20.52772508561611 6.706152707338333 11.70256192982197 9.24053481221199 2.756854444742203 0 0 0 0 0 0.3503628075122833 0 0 0.436839684844017 0 0 0 0.3935812711715698 0 0 0.2211010903120041 0 0.8180518597364426 3.092430666089058 0 0 0 19.2687192261219 2.909312233328819 0.1204138547182083 0 0 0 0 0 0 0 21.01819716393948 0.2380286902189255 0 0 0 32.56969265639782 3.026309251785278 13.59399741888046 0.7625875622034073 2.043853208422661 2.055322855710983 1.541935384273529 0 0 0 0 0 0.1079215258359909 0.4043893069028854 0 0 10.34944207966328 13.59623999893665 9.933378644287586 269.6697918921709 3.9988918825984 469.7580711692572 44.10164149850607 19.13835979998112 103.6523257344961 3.484780512750149 53.01826529204845 8.294614896178246 0 8.633174441754818 3.270494982600212 8.990371227264404 0 0 0 22.92765924334526 0 48.61977112293243 8.547830849885941
147.4321651160717 227.6763233318925 13.6701627522707 588.5431525111198 3.779995962977409 3.976295113563538 48.93947015702724 2.070606112480164 0.9820901900529861 1153.820765674114 6.888262905180454 309.0432766973972 98.10494391620159 18.1823201328516 0.6880867928266525 1.369860760867596 0 0 0 0 0 7.299291685223579 0 0 0 0 0 0 0 0 60.97653803229332 0.7195463925600052 11.20280790328979 0 0 0.1147990003228188 36.13604918122292 2.576235622167587 11.88550773262978 0.2317401766777039 0 0 0 0.5527569875121117 0 0 0.6462298408150673 0 0 0 0 27.58382871001959 4.157134309411049 0 0.9868622645735741 3.037873990833759 74.26324479281902 12.19594209641218 4.140494152903557 0.1339475810527802 0 1.9471784979105 0 3.070422068238258 0 0.2149001210927963 0 0.1552544683218002 0 0 303.096890360117 440.9916335567832 91.21067131310701 9.409866355359554 1.577572926878929 0.142611637711525 0.4567221850156784 0.1134859621524811 0 2.011556848883629 0 0.6283303052186966 0 5.871906444430351 0 0.9658919870853424 0 21.73841846734285 9.549334473907948 41.08100920915604 0.3300868719816208 0.7052767276763916 0 0 0.1119490414857864 674.0363763421774 277.2015253603458 90.26121487468481 82.0607273131609 363.4366306141019 0.5538706034421921 3.942863330245018 8.671297758817673 3.346070989966393 1.190143883228302 1.623599678277969 13.10906219482422 3.578379690647125 9.812801390886307 13.61008515954018 0.7248108386993408 21.87423838675022 15.7017939761281 9.966018363833427 4.692302733659744 0 0.437195360660553 0 0.4485772103071213 0 0 0 0 0 0 0 0 0 0 0 0 1.617770008742809 0.4100878685712814 0.1528190821409225 3.033532708883286 0 0 0 0 2.290479600429535 0.6511163711547852 6.382326826453209 5.17289325594902 1.569154597818851 0 0 0 0 0 0.1437364667654037 0 0 0 0 0 0.3486046493053436 1.319187983870506 0 0.985941618680954 0 0.2508442401885986 1.159155711531639 0.7151243686676025 0.7988173216581345 0 0 5.359468042850494 0 0 0 0.2761014401912689 0 0 0 0.1867515295743942 0 7.898456990718842 3.692973881959915 0.7308937907218933 0 0 4.098836719989777 0.1984142661094666 2.275755017995834 0.3352770209312439 0.1349707841873169 0 0 0 0 1.052058964967728 0 0 0 0.1471841037273407 0 0 5.129856780171394 5.28392131626606 5.63837169110775 11.89728209376335 1.048034697771072 6.949760384857655 1.546230971813202 81.63644780218601 1.694576725363731 0.5656491070985794 0.6273568570613861 1.420412227511406 0 0.5517377406358719 0 16.27883298695087 0 0 0.4384410679340363 0.6117324382066727 0 71.65033457428217 36.35668803751469
101.3010902628303 3922.190838225186 64.97789946943521 1326.34391283989 2574.123660624027 48.93947015702724 1248.904904171824 8.194726333022118 997.4530439674854 3228.410745456815 244.375282138586 279.5778149589896 4270.234064549208 2960.156101897359 8.537628129124641 10.79159142076969 0.4867574200034142 0 0 0 0.2173561006784439 0.9464913606643677 0.2563782632350922 0 0 0 0 0 0 0 247.8084441721439 30.26034901291132 6.2226757183671 0.1233988329768181 0 0.1399631053209305 12.92044810205698 2.024566754698753 0.4067348837852478 0.09803283959627151 0.3067865073680878 0 0.176632821559906 1.415043637156487 0.1220478489995003 0.3680445402860641 47.65823738276958 1.201465956866741 0.2932831048965454 0.1149382293224335 0.2939346879720688 0.5250449031591415 0.5529813766479492 0 13.31026822328568 15.58868921548128 10.38809716701508 69.79877571761608 37.89655360579491 15.17759366333485 0.3846157193183899 3.146112859249115 0 170.7522208541632 4.193248242139816 2.50397003442049 0.3507513627409935 0 0.1241104900836945 0.2615274041891098 49.17546141147614 2.847033068537712 0.1375680863857269 125.9541923552752 69.39732325077057 58.92189484834671 17.91686080396175 4.911672852933407 0.5139940530061722 5.557600677013397 0 2.126228868961334 17.48553982377052 0.3568917885422707 2.211681105196476 7.713121592998505 0 0.1266507208347321 0.7321034222841263 0 1.078366942703724 0.259828694164753 0 0.4237623512744904 0.2865863293409348 97.95484460890293 7.948945552110672 0 3.422886148095131 20.8900434076786 7.770135059952736 14.93347353488207 68.8478872179985 18.54808793962002 14.73897412419319 31.22007666528225 28.75710916519165 15.26546190679073 47.14796520769596 64.20970286428928 15.66489264369011 150.8717619925737 107.7117368280888 114.3615048527718 67.23078795522451 2.58534038066864 1.769854262471199 0 0.3009582459926605 0 0 0 0 0 0 0 0 0 0 0 0 2.264567196369171 0.4213029071688652 1.122931748628616 18.05589172244072 2.100512593984604 0.1891162395477295 0 0 51.12490132451057 6.734337851405144 35.50912161916494 11.61161287128925 10.6898237913847 0 0 0 0 0.9247129708528519 0.1390304863452911 0 0.3287979960441589 1.391928650438786 0 0 0 0 0 0.09558834880590439 0.7908252477645874 0 2.790599301457405 5.406489074230194 2.582096897065639 0 2.174910187721252 48.57085093855858 7.181477636098862 0.1263744682073593 0.2544325888156891 0 0 0.4066027700901031 0.1096530854701996 0 0 61.53265675157309 0.4370658099651337 0 0 0.1236748024821281 79.80853220820427 3.161611914634705 35.12730965018272 4.036095507442951 7.320566572248936 3.992417998611927 1.761148981750011 0.6580673828721046 0 0.304088868200779 0 0 0.3585063219070435 0.3106632679700851 0 0 39.72614131867886 33.23862712830305 18.37467406690121 357.3328974246979 8.332229994237423 700.9640930220485 61.31256963312626 59.31510156393051 172.4902269169688 6.753430724143982 85.07471491396427 20.49914180487394 0 23.30169713497162 4.434523016214371 38.19414941966534 0 0.5657583028078079 0.1326374858617783 23.11436691880226 0 213.3363829180598 50.50926063209772
64.22813306748867 893.380456879735 3873.157530583441 3.595338553190231 17.13484831899405 2.070606112480164 8.194726333022118 2538.464687019587 35.17714723944664 1.998419791460037 5039.315766252577 2.313427194952965 37.24299094825983 1530.611159831285 19.64111293107271 42.14401969313622 2.739737994968891 13.65307002514601 1.492244333028793 11.85762628912926 50.48621660470963 49.57385079562664 11.81353384256363 5.07045067101717 13.65483253449202 6.662441454827785 4.188066646456718 5.853943884372711 0.4562045112252235 0.6768854930996895 805.591957449913 2139.428799517453 206.5229909569025 30.35791868716478 29.72561539709568 4.553639888763428 132.6204133108258 58.11157505214214 20.74080643057823 5.373109400272369 21.796809643507 20.58115779608488 42.09264747053385 31.11182337999344 3.83384720236063 76.53882426023483 109.369931653142 13.17473088204861 7.606393754482269 23.30664789676666 3.548767141997814 8.022758156061172 17.02355471253395 17.52702422440052 8.103362388908863 10.98394017666578 8.189899504184723 70.9784357175231 20.48244008421898 23.3061021193862 93.03677912056446 144.180032260716 18.24091283231974 393.6066939458251 6.908472619950771 17.37451139837503 1.516760848462582 10.25216173380613 53.69356791675091 109.3166639357805 24.71935022622347 13.94016440957785 1.585211493074894 89.40232370793819 69.92799112200737 106.8369516953826 70.46116821467876 540.1982787773013 1548.406752094626 3535.099044173956 583.1473488137126 1156.232021674514 26.65278569608927 0.6781890466809273 21.98788094520569 9.111971475183964 9.21442773193121 0.9067799970507622 3.972791574895382 2.576908573508263 10.04920410364866 3.027964942157269 70.36053630709648 14.52979001402855 9.521907493472099 21.01642587035894 9.899269834160805 2.236279845237732 19.00580927729607 15.14809516817331 0.909846693277359 1.292385399341583 0 0 0.4765501916408539 0.5445480346679688 0 0 0.6362227648496628 2.875416442751884 0.8673886507749557 7.498940899968147 6.270682089030743 11.52843677997589 10.03361634910107 1.955358393490314 0.1629460602998734 0 0.4171168208122253 0 0 0 1.007292985916138 0 0 2.32652360200882 0 1.201701015233994 0.4515892863273621 0.3548682481050491 1.456850782036781 4.330084577202797 4.009479343891144 0.5231205746531487 1.848107025027275 0.172430545091629 0 0 0.1821532547473907 13.91617797315121 2.518331453204155 9.713905610144138 8.556791760027409 5.753820694983006 1.058234795928001 0 0 0 0.3862826377153397 0 0 0.7263383865356445 0.3825748711824417 0 0 0 6.245393693447113 0.4936527162790298 0.1049926057457924 0 0.5615721121430397 0.5835347697138786 2.246675156056881 0 0 0.3557296991348267 12.88073338568211 2.601801708340645 0.3313834965229034 0.1132118850946426 0.229195848107338 0.146360769867897 0.3487937152385712 0.4748675525188446 0.5352713167667389 1.135095953941345 9.79761828482151 8.651348799467087 0.4631488472223282 1.802478209137917 2.51093202829361 6.406781584024429 2.078385129570961 5.627223283052444 0.6582534611225128 1.194377772510052 0.9038818180561066 0.1193160936236382 0.3537566065788269 0 0.2796971946954727 0 0 0.236576646566391 1.163368977606297 0.9107500314712524 0.2734105288982391 3.117495253682137 8.507618241012096 9.417667120695114 208.8788973689079 38.73139737546444 684.2007595300674 62.16336794197559 14.02994079887867 76.65973395109177 3.06631813198328 42.36675228923559 9.395331546664238 0.1249625459313393 8.919299043715 1.755615219473839 1.680213630199432 0 0.2835844829678535 0.7290245592594147 25.08413641899824 0.442122220993042 47.90502587705851 11.02280567586422
3.781050324440002 1888.681072980165 151.6818279325962 70.49343305826187 4043.392942100763 0.9820901900529861 997.4530439674854 35.17714723944664 939.1750731170177 185.4388218522072 1613.930000290275 20.76949615776539 1093.887657314539 2440.451691806316 2.186015769839287 3.580300137400627 0 0 0 0.1130423545837402 0.261947363615036 0.2743366062641144 0 0 0 0 0 0 0.1504694223403931 0 24.57550323009491 3.692294165492058 2.327899664640427 0 0 0 4.670221440494061 0.2907050102949142 0.1518545746803284 0.6473569273948669 0 0 0 0.1201353669166565 0 0 8.489137575030327 0.7190843150019646 0 0 0 0 0 0 1.245645195245743 0.9985751807689667 0.5280171558260918 5.679560430347919 4.619968615472317 1.718906946480274 0 0.7493150979280472 0 23.51758908480406 1.032124519348145 0.5594651848077774 0 0 0 0 7.760479316115379 0.1185239776968956 0 8.629253134131432 7.271281249821186 8.42885060608387 4.4736363068223 1.554799765348434 0 3.116824477910995 0.1353296041488647 0.1997864693403244 2.260792545974255 0 0.2486467882990837 0.5474636629223824 0 0 0.09390589594841003 0.1377696096897125 0.1107212379574776 0 0.2326306700706482 0 0 10.77192313969135 0.3129183948040009 0 0 0.6517435610294342 0.1798184514045715 0.1990199238061905 0.4858562052249908 0 0.6906421631574631 1.715680599212646 0.3862419724464417 0.5554514527320862 2.243938997387886 2.864792883396149 2.414513289928436 12.38898260146379 5.872367992997169 12.40330788493156 9.336873188614845 0.3484108299016953 0.1370427161455154 0 0 0 0 0 0.1739655435085297 0 0 0 0 0 0 0 0 0 0.262513279914856 0.1622050851583481 0.767379492521286 0.2320106327533722 0 0 0 7.599775075912476 1.690790772438049 4.81872247159481 1.130176827311516 0.2058071792125702 0 0 0 0 0 0 0 0 0.2944611683487892 0 0 0 0 0 0 0 0 0 0 0 0 0 7.535794332623482 0.829228401184082 0.1799824088811874 0 0 0 0 0 0 0 6.619307965040207 0 0 0 0 8.283721446990967 0 3.205517932772636 0 0.8472348749637604 0.2843218222260475 0 0 0 0 0 0 0 0 0 0 2.742798119783401 4.379096895456314 3.279009014368057 76.83960688114166 1.306564301252365 100.4074767976999 9.398772299289703 3.337679266929626 21.28607189655304 0.3309901654720306 17.14904807507992 5.111328929662704 0 0.3371061384677887 0.4193524122238159 2.959950670599937 0 0.253761813044548 0.1696712970733643 6.117859147489071 0 9.973838560283184 1.939484521746635
858.4860410094261 2121.794002309442 57.61037028580904 5647.751451283693 1612.774629049003 1153.820765674114 3228.410745456815 1.998419791460037 185.4388218522072 2943.14510628581 83.41499795019627 2700.511854708195 10801.90028014779 1001.301351487637 2.949701562523842 3.460899233818054 0.1338214427232742 0.1158908903598785 0 0 0 0 0 0 0 0 0 0 0.4591683596372604 0 195.7346833944321 8.514383271336555 31.79239632189274 0.108427882194519 0.1874297857284546 0 128.2066692113876 0.4089235365390778 1.966924652457237 0 0 0 0 0.4478301256895065 0 0 10.30553986132145 1.023584417998791 0 0 0 0.8677579909563065 3.313061714172363 0 6.986335702240467 8.29050275683403 30.36787984520197 48.01483773440123 23.19372499734163 7.350595906376839 0 1.908265605568886 0 76.19460417330265 1.396394036710262 1.574770428240299 0.4236367642879486 0 0 0 2286.612867102027 9.300471842288971 1.610987365245819 88.57295679301023 34.2470304146409 20.68172881007195 3.880499586462975 2.141502171754837 0.4502195790410042 6.162014424800873 0 1.03769788146019 11.52979794889688 0.2402407824993134 0 3.002721548080444 0 0.9633397236466408 0.5996063277125359 1.107687160372734 0.7765333727002144 0.3928446546196938 0 0.1200934424996376 0 465.2442297041416 47.42475163936615 3.406514495611191 40.43466950953007 247.78140373528 25.67022746801376 69.45106479525566 110.3575623780489 43.23896934092045 38.65531987696886 45.48200286924839 188.3413210213184 75.93289870023727 124.4770936071873 285.3062756955624 68.82200463116169 584.2710677012801 413.8115469589829 378.8668259307742 231.8389509916306 6.756649188697338 6.545658893883228 0.2857697904109955 0 0 0 0 0.2155226618051529 0.3111589699983597 0.9626584947109222 0 0.1582916378974915 1.560547530651093 1.157829105854034 0.9349564239382744 0.3946826756000519 3.542174711823463 0.3365449458360672 1.614396721124649 58.02235595881939 7.861239731311798 0.2464131712913513 0 1.101111888885498 158.3952476605773 21.46260279417038 106.3097761571407 42.56599541753531 26.95557793229818 0 0 0 1.741675436496735 1.407135277986526 0 0 3.641252212226391 8.550380729138851 0.1602331250905991 0 0.4407654106616974 1.305942535400391 0 1.17899876832962 1.647964835166931 0.1466653943061829 5.767867289483547 26.99632392823696 14.43895676732063 0 8.507285118103027 163.0115579068661 38.21052511036396 3.125494822859764 0.8099501132965088 0 0 0 0.1180250868201256 0 0.1726173460483551 195.924750097096 0.9700397551059723 0 0 0 227.5317485108972 13.22623988986015 119.7201978564262 16.68232373148203 35.12993314117193 9.14328757673502 2.038803972303867 2.826797910034657 0 0.5508257150650024 0 0 0.3386822044849396 0.4403783977031708 0 0 159.7976422458887 71.01833207905293 69.95434926450253 175.3720651045442 5.12265320122242 253.3639268502593 27.76707712560892 244.274838373065 72.19863627105951 8.536504104733467 21.4769760966301 74.22937311977148 0.1486651301383972 56.40744333714247 14.27375489473343 261.8014669567347 5.148863852024078 0.8999886810779572 2.624903082847595 12.32029819488525 0.7685072422027588 1185.944775015116 329.3868330791593
76.11122310161591 2416.821104764938 4011.180968821049 7.673587515950203 2134.497142672539 6.888262905180454 244.375282138586 5039.315766252577 1613.930000290275 83.41499795019627 2339.579641863704 31.84993746876717 1179.14952981472 4330.428550556302 9.500152483582497 22.7769615277648 0.6670478582382202 0.273373156785965 0.3900123685598373 0 3.124737575650215 32.4710001796484 2.265666142106056 0.428107351064682 2.178371049463749 4.14974370598793 0.1444398760795593 2.626066669821739 1.703559800982475 0 93.17470689862967 74.41717923432589 1544.367101214826 0.4953913390636444 1.616850763559341 5.741638407111168 457.8883179053664 100.0680730268359 32.96756991744041 4.457888044416904 4.489330649375916 4.146303758025169 0.646318331360817 5.623329170048237 0 1.215904481709003 32.35173716396093 0.4505804032087326 0.6800829470157623 1.252598807215691 0.1240244582295418 6.144938915967941 10.40684647858143 12.42892228066921 2.579397983849049 4.428315907716751 2.280765451490879 9.980993486940861 5.635045930743217 6.265497900545597 1.25066265463829 190.4657722935081 0.3616910725831985 63.54509761184454 1.063895553350449 1.062623165547848 0.1068328320980072 0 4.286761194467545 5.56508806347847 93.9410829693079 10.13425077497959 0.5959405303001404 27.29545893520117 15.37407258152962 31.22238218784332 21.35817582905293 14.9361162930727 6.833501860499382 944.7957126125693 1.796080745756626 49.39264536648989 4.380055300891399 0 1.339982628822327 1.181123703718185 0.4222443848848343 0.5189275741577148 0.9115883633494377 1.991835258901119 0.3766756057739258 0.3649286106228828 7.056038126349449 1.588549055159092 0.8810200244188309 83.91055305302143 12.8072352707386 3.75819294154644 29.81889575719833 7.702028527855873 2.901545286178589 1.113901183009148 8.645000576972961 2.116657942533493 8.762520432472229 3.156083643436432 5.076764166355133 9.026458241045475 13.19410675764084 17.23725645244122 9.739574372768402 68.60124650597572 47.46471682190895 64.64523216336966 51.64661033451557 2.994908265769482 2.822334840893745 0 0.2137646973133087 0 0 0.3986688554286957 0.2908064424991608 0 0.1741701364517212 1.58349184691906 0 0 0.1730057895183563 0 0.9102861136198044 1.616106927394867 4.386274844408035 1.538488365709782 14.2244767844677 1.801193401217461 0 0 0 48.81650224328041 7.34758622944355 30.60269547253847 18.99701878428459 7.518915250897408 0 0 0 0 0.8117340952157974 0 0 0.4194497466087341 3.222239919006824 0 0.1406949162483215 0.7376480400562286 2.225966542959213 0.2476173788309097 0 0 0.09455081820487976 1.207699686288834 6.136363290250301 0.2313833385705948 0 2.049930483102798 46.3453124910593 6.37243415415287 0.3083683550357819 0.1335733979940414 0 0 0 0.08599730581045151 0 0.1154968440532684 54.76314626634121 9.141981810331345 0 0 0 42.86629736423492 6.285476803779602 32.72367306053638 2.413336955010891 5.030915014445782 4.772752068936825 0.7449597790837288 1.259942278265953 0 0 0 0 0.2651044577360153 0.1497185081243515 0 0.3121544718742371 27.56101054698229 32.84590953588486 21.21723467856646 405.3937776833773 5.235886827111244 288.325899720192 59.77181077748537 8.965919479727745 40.17965924739838 1.386418573558331 57.01768393814564 14.72380333393812 0.3743833899497986 13.39376099407673 3.100764699280262 14.09550559520721 0.9726766273379326 0.3464891165494919 2.958204090595245 41.27965208888054 0.2311359196901321 41.0018188431859 30.69819568842649
125.4812374264002 77.69276496767998 7.225959226489067 279.3849156498909 59.98992492258549 309.0432766973972 279.5778149589896 2.313427194952965 20.76949615776539 2700.511854708195 31.84993746876717 174.5893554836512 2632.715586915612 389.0002781301737 5.474492803215981 10.29727867990732 0 0.1388129591941833 0.165801614522934 0 0 0 0 0 0.1474487334489822 0 0 0 1.243038058280945 0 10.08672751486301 1.513116136193275 59.42825883626938 0 0 0.4673072099685669 148.1711642816663 9.01186928153038 10.40170711278915 0.2189873158931732 0 0 0 3.54469233751297 0.1555881947278976 0.5035726428031921 8.067452736198902 0.11554966121912 0 0 0.1836223006248474 0 23.83673378825188 0.3828604221343994 0.2992744743824005 0.5104746967554092 3.91349695622921 2.473743334412575 0.6540729701519012 1.576916731894016 0.2465061694383621 5.001104906201363 0 14.41080842167139 0.2453023567795753 0.1063278466463089 0 0 0 0 1234.077632583678 5.710759177803993 0.306048259139061 3.027439132332802 3.994114339351654 7.11666040122509 7.031469725072384 5.232550673186779 0.4051310867071152 7.940439358353615 0 0.6462832987308502 0.6467327028512955 0 0.2043595612049103 0.2358830645680428 0 0.4395953565835953 0 0.4302946627140045 0 0 0 0 0 756.1529382616282 25.95494936406612 2.577777072787285 118.2786078155041 55.82947972416878 13.03908725827932 27.34120124578476 39.47721077501774 75.92156904935837 19.24126873165369 21.42655233293772 97.58212961256504 34.77267809212208 61.8082190901041 119.481823772192 27.79116900265217 281.0675761774182 226.5583951100707 214.6142056062818 87.53255025297403 1.924190953373909 1.627176873385906 0.4395412802696228 0 0 0 0 0 0.2058527171611786 0 0.3039640039205551 0.1736250817775726 0.1070357784628868 0 0.9901269227266312 0.3996558338403702 1.625969126820564 2.913319826126099 0.3101803362369537 18.93056213110685 2.344398483633995 0 0 0 41.52168695628643 8.489308595657349 27.39987878501415 11.42968253046274 6.780754990875721 0 0 0 0.5949322283267975 0.1257408708333969 0 0 0.9893286228179932 2.480877093970776 0 0 0.1602647751569748 0.5592889785766602 0 0 0.349743127822876 0.1085623130202293 3.423065468668938 6.916614904999733 2.802177131175995 0.1554482877254486 0 33.15157578140497 8.632469922304153 0.2851475030183792 0 0 0 0.170471653342247 0 0 0 91.0020999237895 0.3705565482378006 0 0 0.1553546637296677 63.6710283011198 1.030165359377861 23.43230208754539 5.019741401076317 9.579192876815796 2.305655099451542 2.448397561907768 0.176923006772995 0 0 0 0 0.1844578236341476 0.146851658821106 0.1313296556472778 0 94.97846653312445 26.97505008429289 18.50426431745291 110.5717299729586 1.796518713235855 50.60084940493107 16.69717213511467 29.15080988407135 4.577602416276932 0 8.533566758036613 7.431777156889439 0.1401837170124054 21.20678871124983 2.457275055348873 57.54268768429756 0.3518333956599236 0.1125675886869431 0.1522564291954041 6.499818608164787 0.4063732028007507 358.2524980008602 102.7973890453577
