1008.74413895607 5347.20570667088 1153.087419271469 2429.4375494048 231.8491961956024 267.6921481564641 194.8287951275706 8.788015499711037 44.00303103774786 636.1235395371914 152.016456566751 50.42132489383221 32.90447413176298 69.63317681103945 1.14950455725193 0 0 0 0 0.1227085068821907 0 0.1295162290334702 0 0 0.4293965548276901 0.1891966909170151 0 0 0 0 814.6900332793593 0.2194021195173264 10.79268118739128 0 0 0 9.286473706364632 0.3977252244949341 1.238977089524269 0 0.1556887179613113 0 0 0.3043041229248047 0 0 10.11705841124058 0.7444503903388977 0 0.1358679980039597 0.247490182518959 0.6376853734254837 0 0 8.698493897914886 7.521831266582012 326.5286360159516 421.1873921230435 67.05518544465303 40.25223664194345 0.6697040721774101 2.283195026218891 0 1.189751416444778 6.548524804413319 1.681894369423389 1.526439756155014 0.356403112411499 0 0.1152535006403923 73.90272891521454 32.12508404254913 3.948742493987083 255.2640625089407 6.353045776486397 50.42389775067568 0.6081754490733147 1.156842708587646 0 4.113702446222305 0.9226411432027817 0.9219746589660645 19.49365627765656 1.838526539504528 1.252474263310432 2.777111530303955 0.1374616920948029 3.236519433557987 2.172962889075279 1.66327752918005 1.771640747785568 0.7929010391235352 0.2853510677814484 0.4359767735004425 0.5876876786351204 317.6785252094269 149.4111494421959 1.772623717784882 14.29096204042435 1061.825498640537 0 14.31283462047577 1.981052547693253 2.826921537518501 1.898428604006767 3.752764597535133 6.358816228806973 3.745732367038727 6.659101635217667 14.06730955094099 0.2554445266723633 5.619205892086029 20.72835953533649 7.453714586794376 6.636605605483055 0 0 0 0 0 0 0 0 0 0 0 0 0 0 0.4043057411909103 0 0.2487602978944778 0.2278208136558533 0 0.3111822009086609 0 0 0 0 1.995669580996037 0 0.4281774684786797 0.8388793766498566 2.053309410810471 0.5466806888580322 0 0 0 0 0 0 0.3966875970363617 0.121292345225811 0 0 0 0.1056538969278336 0 0 0 0 0.5154804214835167 0.2048964947462082 0.7764860987663269 0 0 3.202416017651558 0 0 0 0 0.257493644952774 0 0 0 0 5.146947130560875 0.6128198951482773 0 0 0 2.092876493930817 0 0 0.2893464639782906 0 0 0 0.4703644812107086 0 0 0 0 0 0.1916706562042236 0 0 1.724011242389679 1.087124556303024 0.6970422863960266 272.1314828544855 5.661560401320457 138.4036225378513 40.06572963297367 671.6967383772135 4.942024208605289 0.6300030052661896 1.615310810506344 6.913980528712273 0 1.374793216586113 0.7635586261749268 27.48034369945526 0 0 0 0.1832842081785202 0 190.9834702759981 2.35848505795002
5347.20570667088 3851.643812455237 1574.246764026582 414.2993941009045 2125.208420582116 65.58169624209404 3526.506691224873 118.6265182048082 543.9507608413696 1039.127617366612 510.4743035435677 11.31365571171045 1203.993960261345 1005.012664549053 20.59366305172443 2.042956925928593 0.1061299666762352 0.1147010624408722 0.1622345745563507 0.1394288241863251 0.1397876590490341 0 0 0 0.6647857427597046 0 0 0 0 0 3438.863523505628 17.62800317257643 18.70687815546989 0 0 0 7.5214998498559 3.846696987748146 1.002656191587448 1.074043832719326 0.4461515694856644 0.2544688656926155 0.1624434143304825 0.5058503374457359 0.09286719560623169 0.1552257984876633 117.2731657624245 3.035169646143913 0.6374020352959633 0.109676718711853 1.492319203913212 0 0 0 20.65391152352095 14.15183112025261 359.4433280602098 865.9623409733176 92.64888121932745 167.394714102149 1.186726316809654 4.14578802138567 0 78.18343549966812 19.80641007423401 4.022900529205799 3.107677184045315 1.357665620744228 2.074815802276134 0.9982475116848946 11.29023107141256 1.643190115690231 0 722.5183065161109 77.55255115032196 390.5231405124068 17.89821727573872 2.025521211326122 0.8530856966972351 37.68109941482544 2.133021302521229 2.903542369604111 57.45887321233749 0.6086647510528564 4.651308014988899 7.900366105139256 0.1448239684104919 0.2374675422906876 1.100254781544209 0 0.270256407558918 0.1269145160913467 3.145389176905155 0.9579782485961914 0.500495970249176 14.73430777341127 3.602395847439766 0 1.751339584589005 830.4663777276874 0.5969347953796387 11.56693653762341 2.212217196822166 1.887619897723198 2.471096307039261 7.465064525604248 2.536689221858978 2.745478868484497 8.366625003516674 14.4429299980402 10.23137250542641 17.92028553783894 37.82046565413475 19.44190265238285 35.14425797760487 0.1826947033405304 0.4254315197467804 0 0 0 0 0 0 0 0 0 0 0.9518393874168396 0 0 0 0 0 0.45711350440979 1.174660578370094 0.129736065864563 0 0 0 13.95435028523207 0.1277636587619781 6.756883636116982 2.947786532342434 0 0 0 0 0 0.1685631275177002 0 0 0 0.7128917351365089 0 0 0 0.6849822774529457 0 0 0 0 0.8975955992937088 0.3498110324144363 0.6662674993276596 0.1503755748271942 1.373735919594765 19.09026079624891 0.366902232170105 0 0 0 0 0.110802598297596 0 0.8066683411598206 0 14.85387640446424 0.7859629243612289 0.2030530571937561 0 0 5.879325658082962 0.1876558065414429 5.577291950583458 2.965859957039356 1.035024017095566 1.799227125942707 1.025989897549152 2.512007936835289 0 0.1735125184059143 0 0 0 0 0 0 11.59110604971647 8.178623706102371 6.310350134968758 372.324301622808 11.9224731400609 556.6465956643224 75.39858710765839 393.7766618654132 27.88947742432356 1.087123334407806 8.907234229147434 13.49114651978016 0.3952266722917557 6.05314352363348 1.092667296528816 25.84791488945484 0.2485614567995071 0 0 7.238737314939499 0.2246645390987396 146.6366342306137 6.006038784980774
1153.087419271469 1574.246764026582 2990.216770932078 146.6255640760064 707.1066662445664 2.456337168812752 117.2069767415524 1681.705506965518 1322.34531506896 47.03702982515097 3399.061433069408 8.588464640080929 253.7989675328135 2125.289819978178 12.73175668716431 15.16974550485611 1.073060303926468 0.8571998104453087 0.1873356550931931 1.625845268368721 16.87217873334885 0.5092236325144768 4.111923053860664 2.823418781161308 5.76734770834446 5.961355328559875 1.272784531116486 2.871124446392059 0.2275259494781494 0 5915.073401540518 460.5207957178354 127.3591213449836 3.436314165592194 1.923308700323105 3.208683803677559 35.17780862003565 24.0351465716958 7.579567790031433 8.749008409678936 8.765190586447716 8.55981982499361 7.326466016471386 7.24154731631279 2.187300004065037 2.15557537227869 52.5292609706521 1.86828850209713 2.41912929713726 7.031685702502728 8.000326700508595 0.3780078589916229 0 0.751148022711277 4.535674482584 3.518920414149761 118.6203055679798 500.4098864942789 20.32603669166565 36.80634819716215 16.16960296779871 44.58410162478685 0.6435593217611313 428.0315729156137 3.991176687180996 8.447941266000271 6.073162138462067 16.91985508799553 89.06496747583151 63.99124349653721 61.92256260663271 4.375264137983322 0.3399898409843445 186.5598657280207 31.1346830278635 107.3756058365107 22.65450529009104 23.22501455247402 39.35525462031364 618.076677069068 30.98943138122559 217.3516915738583 12.6647245362401 0 6.701783642172813 4.48836062848568 4.427842296659946 0 1.025732301175594 0 1.277163371443748 1.155981466174126 135.6761499792337 18.06434834748507 4.465082205832005 38.43167835474014 21.52593451738358 0 7.629070580005646 147.9582392200828 0.1059860959649086 4.389072701334953 0.5819113701581955 0.2982209622859955 4.547801420092583 0.9205556511878967 1.47030121088028 2.053765147924423 0.6951782554388046 1.992222592234612 5.711223542690277 6.378074765205383 14.86725821346045 9.111884221434593 26.20691400766373 1.97527164965868 3.156201764941216 0 1.284472644329071 0 0.5209447890520096 0 0 0 0 0.3605619072914124 0 1.057791382074356 0.09462109953165054 0.4436712637543678 0 0.9603625759482384 0.1110484227538109 0.498678058385849 1.598312214016914 0.8292035609483719 0.1165294274687767 3.440477482974529 0.3447404354810715 12.85044869035482 3.170698292553425 12.97438158094883 4.530837155878544 2.164164878427982 0 0.1302133351564407 0.1188050284981728 0.9073504656553268 1.362307786941528 1.525173783302307 0 1.179646879434586 2.844822682440281 0.1055817976593971 0.4699924811720848 0 1.947462283074856 0.3510577976703644 0 0 0 0.3839528411626816 0 0.7640610933303833 1.015819005668163 2.139364562928677 26.79607413709164 0.5365170910954475 0 0 0 0.1276950985193253 0 0 0 0.2669737935066223 12.20261538773775 1.903708457946777 0 0 0.5620547905564308 10.27301429212093 4.064297452569008 9.778339564800262 2.314669050276279 1.467223793268204 1.444524429738522 1.000296398997307 1.109542399644852 0 0 0.1130799427628517 0 0.3111666589975357 0 0.1239709630608559 0 8.817419864237309 12.91845033317804 18.83530386537313 120.8400418311357 10.3697512075305 132.7603759914637 26.84359600394964 25.89437574893236 5.801378130912781 0.2290242612361908 3.657198861241341 18.08391392230988 0.2303471118211746 8.178999483585358 1.899341568350792 10.30427861213684 0 0 0 1.13453309237957 0.5212262272834778 29.65688904374838 3.201021403074265
2429.4375494048 414.2993941009045 146.6255640760064 1320.374139606953 47.56934309005737 1190.487864725292 106.8782174512744 0.9985367506742477 11.7562814578414 3716.891913443804 21.1916526183486 117.3054392188787 464.4621333703399 31.37968117743731 3.26048868894577 0.1382538080215454 0.1305593252182007 0 0 0.2364227846264839 0 0 0 0 0 0 0 0 0 0 101.6996347606182 0.1100038141012192 1.576166585087776 0 0 0 1.802601113915443 0.3602506145834923 0.1101390048861504 0 0 0 0 0.1081591174006462 0 0 19.59302408248186 0.7878600060939789 0 0 0.2266207188367844 0.124866209924221 0.1273493319749832 0 7.221115969121456 5.704567559063435 133.1717909947038 159.6898986026645 43.97986063361168 51.87337396293879 0.2240159064531326 1.111875019967556 0 6.447133056819439 7.63466752320528 2.357366301119328 1.564633242785931 0.09325677156448364 0 0 6.392630912363529 2.21659417450428 0.7583639398217201 253.2252264767885 14.64206072688103 103.2208434194326 1.741027817130089 0.2442092001438141 0 1.561437055468559 0.1829695999622345 0.7666771933436394 21.90196677297354 0.3305377811193466 2.308607704937458 1.509695246815681 0.5452542304992676 0.4754337891936302 0.7569530606269836 0.1148082390427589 0.4650586172938347 0 0 0 0 15.31622924655676 5.02862061560154 0.2622620463371277 0.7530093565583229 537.4467210397124 0.3100894391536713 27.82523668557405 5.308503292500973 8.664657793939114 1.97351698577404 9.348049893975258 12.13505921512842 5.365632086992264 12.35399705171585 40.09228943288326 6.617959514260292 29.0956898778677 53.39688508957624 30.429040171206 13.60512898117304 0 0 0 0 0 0 0 0 0 0 0 0 0 0 0 0 0 0 0 0.4397822916507721 0 0 0 0 4.515002004802227 0.1340989768505096 2.610466539859772 0.09964804351329803 0 0 0 0 0.4585197865962982 0.8490052819252014 0 0 0 1.764810562133789 0 0 0 0.09728847444057465 0 0 0.1260910779237747 0 1.112735264003277 0.7429028823971748 2.092036865651608 0 0 3.607350438833237 0 0.1833895593881607 0.4881828725337982 0 0 0 0 0 0 11.7475171238184 0.4126595258712769 0 0 0 1.023483753204346 0 2.219779193401337 2.319484107196331 0.850125253200531 0.7698039561510086 0 0 0 0 0 0 0 0 0 0 11.70614738017321 1.649448618292809 1.907994627952576 273.1001791656017 4.49561271071434 160.6053760126233 29.33815450966358 858.1752949506044 4.732378482818604 1.155680634081364 1.442395329475403 13.12130983173847 0.4135587960481644 2.281271956861019 1.714019164443016 61.13226146996021 0 0 0 2.38878108561039 0 307.6048821508884 9.985886201262474
231.8491961956024 2125.208420582116 707.1066662445664 47.56934309005737 1735.207460910082 1.22248400747776 2323.814832597971 88.83428905904293 4015.661036156118 277.5066302642226 221.4597328826785 2.478705123066902 1348.286689125001 2981.864172868431 15.4124563485384 0 0 0 0 0 0.1523628979921341 0 0 0 0 0 0 0 0 0 269.9269238263369 22.35496070235968 4.150877729058266 0 0 0 1.479846820235252 1.068820707499981 0.5798584967851639 0 0 0 0 0.4201192334294319 0.1313009858131409 0.3117537721991539 83.85348775982857 0.2292381823062897 0.1486007273197174 0.4688239172101021 0.2577697113156319 0 0 0.1438310891389847 3.224057778716087 2.095083355903625 35.35702218860388 120.9611610993743 14.40103739500046 54.32186076790094 1.158241674304008 3.477825298905373 0 57.2530625090003 2.678423449397087 0.7821511626243591 0.4369587525725365 0.5594574958086014 0.675412654876709 0 4.018015690147877 1.017580807209015 0 149.976066917181 33.30465845763683 142.6780000627041 13.18574828654528 0.4743028730154037 0 2.305796377360821 0.3910511061549187 2.419915586709976 9.975694008171558 0 0.5763472467660904 0.5491276830434799 0.2831077128648758 0 0.1706521958112717 0 0.1209602579474449 0 0.5481093376874924 0 0.1295405924320221 6.732831925153732 0.8851138055324554 0 0 16.49685578793287 0.2538245767354965 3.242899894714355 2.542702585458755 0 1.30375249683857 1.997516661882401 2.049048602581024 2.863123655319214 3.114891901612282 3.151059672236443 4.067001312971115 8.515517070889473 21.19901219755411 14.26691573113203 18.13850167393684 0.7026771306991577 0.6836714297533035 0 0 0 0 0 0 0 0 0 0 0 0 0 0 0 0 0 1.940726213157177 0 0 0 0 11.26870806515217 0 2.921660885214806 0.3286204189062119 0 0 0 0 0.999429777264595 0.4743535444140434 0 0 0.2769902050495148 2.009088084101677 0 0 0 0 0 0 0 0 0 0.1611929088830948 0 0.4131704121828079 0 7.265697069466114 0 0 0 0 0 0 0 0 0 9.570483490824699 1.715788170695305 0 0 0 7.249767497181892 0.9874941110610962 0.4904544651508331 0.3028887808322906 0.5588098168373108 2.119081288576126 0.2441833689808846 1.110829859972 0 0 0 0 0 0 0 0 5.609117045998573 6.272578053176403 4.697809681296349 150.3457678630948 3.712146610021591 211.8653146848083 23.42513943463564 49.50029962509871 19.27746542543173 0 3.684220425784588 6.186234593391418 0.2780705392360687 5.074712932109833 0.5577285438776016 11.06555461883545 0 0 0 4.142125971615314 0 22.40040691196918 4.015290200710297
267.6921481564641 65.58169624209404 2.456337168812752 1190.487864725292 1.22248400747776 32.37949380278587 59.11556572467089 1.82062155008316 0.1740726977586746 1325.88608777523 1.948339611291885 277.5341049283743 93.35893407464027 15.45371860265732 2.705783762037754 1.749967761337757 0 0 0 0 0 0.7253406047821045 0 0 0 0 0 0.1501749604940414 0 0 6.385101817548275 0.6345008462667465 19.86096003651619 0 0 0 27.95690392702818 2.033429034054279 4.318486861884594 0.6617268621921539 0 0.2424662113189697 0 0.5279955863952637 0 0.1377491801977158 4.318852327764034 0 0.2599093839526176 0 2.068932332098484 9.672442905604839 0.2840747982263565 0 0 1.204664371907711 153.6590058431029 7.899483755230904 28.80411218851805 3.293951600790024 1.162238016724586 4.560945183038712 0 2.323422521352768 0.430644765496254 0.4832204878330231 1.504074454307556 0.5811506882309914 0.2392269968986511 0.2891003489494324 222.144512437284 667.7548617050052 51.41354663670063 9.969320937991142 0.2617741525173187 5.089583650231361 2.945495344698429 4.280963137745857 0.3145231306552887 4.493336200714111 2.356247901916504 3.754549607634544 0.3179542869329453 13.72725508362055 0.1059380322694778 13.23047209531069 0.8879861384630203 34.46252056211233 24.58102091401815 20.48916084319353 10.76090735197067 10.65661379694939 0.4025167375802994 2.05926613509655 2.98805395513773 595.6674530655146 607.2332995384932 33.53633463382721 57.6076862514019 263.4400408416986 0 1.898413494229317 0.2021968066692352 0.7700528800487518 0 1.610131859779358 1.367107555270195 0 1.760897442698479 2.807342275977135 2.699201166629791 1.499083638191223 3.799748048186302 2.180184066295624 2.011271476745605 0.3648146912455559 0.4527150541543961 0.1701520979404449 0.1079513132572174 0 0 0 0 0 0 0.1607680767774582 0.6425966322422028 0.6218387857079506 0 0.9493000656366348 0 1.376861929893494 2.984784714877605 0.9286862090229988 0.6483274698257446 0 0 0 0.5654415935277939 1.569394610822201 0.235932782292366 1.074172303080559 3.315497949719429 3.951539620757103 0 0 0 0 0 0 0 0 0 0 0.1174965426325798 0 2.781067535281181 0 0.1017160415649414 0 0 0 0 0.2775965631008148 0.1721594780683517 0.4548375010490417 0.3902966305613518 0.1036144196987152 0 0.1320569217205048 0 0.2221253663301468 0 0.1397388726472855 0 0 1.208624690771103 8.12958699464798 0.1837885081768036 0 0.377260833978653 0 0 0 0 0.136639803647995 0.1248317286372185 0.09797605872154236 0.1978011578321457 0 0 0 0.1272064298391342 0.5668258368968964 0.1344587206840515 0.118233323097229 0 0.3993493914604187 2.137632220983505 3.373640231788158 40.65048829466105 1.574146337807178 11.54377352446318 3.368534922599792 233.6665252670646 2.007736764848232 0 0.3796138018369675 1.540428936481476 0.4306245446205139 0.2640502601861954 1.000727325677872 1.77511939406395 0 0.3664276301860809 0 0.5704670548439026 0 89.96734420955181 1.529533073306084
194.8287951275706 3526.506691224873 117.2069767415524 106.8782174512744 2323.814832597971 59.11556572467089 1343.362412445247 5.907644025981426 2080.862704358995 2347.917873814702 150.9564554095268 29.2345018684864 3344.563237212598 3718.675689831376 30.84554938971996 0.8584980070590973 0.1212597116827965 0 0 0.1406404227018356 0.139970064163208 0 0 0 0 0.1589979231357574 0 0.1536033600568771 0.2015753239393234 0 262.5777940899134 31.60059758275747 24.62797321379185 0.1102696731686592 0 0.2846938371658325 12.39513213187456 3.741353929042816 0.5211843773722649 0.1037290170788765 0.1128910779953003 0.1625613570213318 0.1053700596094131 0.6443973109126091 0 0.2363334894180298 175.2120276540518 1.629901990294456 0.299608588218689 0.3789408579468727 1.239498272538185 0 0 0.41680758446455 10.28811361640692 9.953913025557995 95.69201868027449 208.3295767977834 38.83851171284914 139.2797864750028 0.3547244817018509 10.28555398434401 0.4896986186504364 86.09500906616449 11.30684633553028 3.119816996157169 1.873305074870586 0.8818476051092148 0.222960390150547 0.1249958425760269 29.92818052321672 3.385257750749588 0 406.3647703304887 78.57072797417641 370.8267037943006 32.44698991626501 4.299270182847977 0.160849541425705 9.37600477039814 0.5184361264109612 3.521192945539951 32.84951267391443 0.8565032035112381 3.23595853894949 3.464102193713188 0.1602931618690491 0 0.5903413221240044 0 0.3457070589065552 0 0.540378212928772 0.3784410357475281 0.1130108311772346 49.1622511446476 9.950488656759262 0 2.408361844718456 82.25148924440145 4.488145552575588 32.31178040802479 44.86939279735088 9.612821623682976 10.18041233718395 57.92394602298737 13.2738493680954 10.87837518751621 41.82235996425152 54.39445830136538 34.09768188744783 98.74451936036348 106.7819450572133 61.9061933234334 93.11793403327465 2.455297969281673 2.815735176205635 0 0 0 0 0 0 0 0 0 0 0.0989050567150116 0 0 0 0 0 1.230052590370178 14.12579649686813 4.315915830433369 0 2.24610960483551 1.355067610740662 36.99746090918779 3.386614739894867 22.3855339512229 7.557619661092758 0.1207515075802803 0 0 0 5.016318313777447 1.9449497833848 0 0 6.326287686824799 6.440249897539616 0 0.1152488514780998 0 0.4785919561982155 0 0.6219081208109856 1.808036126196384 0.5875718221068382 1.405146166682243 3.257891438901424 1.904081471264362 1.762410044670105 4.469427324831486 51.97579842805862 3.107711061835289 0.9055474251508713 1.11595144867897 0 0.1183341965079308 0 0 0.276180773973465 0 54.70636264234781 0.5427044928073883 0 0 0 26.60636587440968 1.725830063223839 27.78939999639988 13.42566457390785 10.47585684806108 8.5811488032341 3.586952306330204 1.257592752575874 1.664507418870926 0.1015121564269066 0 0 0.1082137525081635 0 0.1364976167678833 0 43.28412850946188 22.08752273023129 25.28509256243706 447.9982965812087 12.31531717628241 508.3697895780206 69.43572885543108 355.9813460111618 35.35691675543785 3.289883442223072 12.93104587495327 34.54592079669237 0.1382612287998199 32.59844322502613 6.069235160946846 55.18932649493217 1.169724479317665 0.1391952782869339 1.046744406223297 6.290745750069618 0.3445802628993988 170.6202116757631 21.2910693436861
8.788015499711037 118.6265182048082 1681.705506965518 0.9985367506742477 88.83428905904293 1.82062155008316 5.907644025981426 2531.578197270632 518.0735336318612 11.4029039517045 7494.15007174015 3.636945448815823 38.51503949612379 1174.6369837448 37.79906942695379 24.04108801484108 2.213324464857578 5.118444509804249 0.454126387834549 11.07293014228344 45.43681132048368 1.490540780127048 13.80502976477146 5.381710328161716 25.20254200696945 20.41766305267811 2.718075975775719 3.798365458846092 0.1472590267658234 0 2081.010481879115 3031.532324440777 213.6106945052743 17.32073429226875 9.512668319046497 16.1398186981678 53.13020484149456 96.98396144062281 18.93814942985773 31.28637136518955 22.71587678045034 23.84843374043703 34.67341941595078 18.90239481627941 5.33182592689991 4.281143113970757 92.87955170869827 3.169593453407288 6.551470696926117 34.0835827216506 18.46483245491982 1.248048290610313 1.174699187278748 5.788306258618832 2.591906175017357 1.483512371778488 51.65333148092031 243.4856451898813 13.71977669000626 31.35484758764505 117.686632938683 210.4746869057417 1.973639898002148 675.6173993721604 3.962151259183884 16.19233953207731 10.48383942991495 36.72651806473732 176.3301839604974 202.1190247908235 49.72380615025759 5.389661878347397 0 127.3526590391994 50.99468842148781 147.1379256248474 272.929448582232 221.282795637846 830.38196901232 4076.620560847223 234.7748451530933 2070.791598640382 10.89312794804573 0 6.079558603465557 11.57268185168505 12.82561282068491 0 1.337373957037926 0.357659637928009 5.270140804350376 2.194027230143547 350.5620586797595 69.58397024124861 11.72129321843386 37.34320163726807 9.481465294957161 0 14.63996859639883 28.92283687740564 0.3624953106045723 0 3.705914199352264 0 1.469327747821808 3.251048378646374 0.4520548582077026 4.473058700561523 5.183462589979172 3.684438690543175 8.746958017349243 20.07971389591694 35.80054239183664 17.33499068021774 30.08772010356188 3.063713207840919 1.991263993084431 0 0.4580272734165192 0 0.1155886054039001 0 0 0 0 0.3941012620925903 0.1197045966982841 2.954542890191078 0 1.342529073357582 0.1706511825323105 1.896439395844936 0.9303364455699921 0.1495107114315033 2.735720753669739 0.8814423605799675 0.2629947662353516 2.506075158715248 1.19430073350668 20.14407848566771 4.798974990844727 9.546085931360722 9.96831276267767 5.792941927909851 0.7601368427276611 0 0.09822541475296021 2.482058815658092 3.087553344666958 2.041820526123047 0.1154806092381477 2.512704536318779 3.651223078370094 0.1207214519381523 0.2172581851482391 0.7958808094263077 4.826985344290733 0.8493711948394775 0 0 0 0 0 0.1365214288234711 4.533718250691891 7.227848254144192 19.15545842051506 1.229821011424065 0.2129016369581223 0.2167232036590576 0 0.486113965511322 0.2281434684991837 0 0 0.528442457318306 18.72178944200277 2.569472245872021 0.1913294643163681 0.1097011268138885 0.9932990446686745 10.70767465233803 1.642062112689018 6.745798215270042 2.437484256923199 0.9681348875164986 2.228822953999043 1.743927955627441 2.272541105747223 0 0 0 0 0 0.21336929500103 0.1348851174116135 0.3284970372915268 11.33003947138786 14.96185068786144 18.89773897081614 193.9005163908005 15.60104984790087 142.8072106987238 28.39750517904758 36.71578343957663 9.075425438582897 0 3.477982915937901 13.16899292916059 0.6646954640746117 13.67344019562006 5.265382200479507 27.18081711232662 0.1326678544282913 0 1.227235719561577 3.466175824403763 0.740531712770462 32.75848949700594 12.68944288790226
44.00303103774786 543.9507608413696 1322.34531506896 11.7562814578414 4015.661036156118 0.1740726977586746 2080.862704358995 518.0735336318612 964.3472885042429 154.4416132494807 982.2905788645148 11.37751950323582 1800.062968783081 2044.501599319279 7.549281753599644 0.3936921954154968 0 0 0 0 0.1473926901817322 0 0 0 0.1769871860742569 0.3046441301703453 0.1281346678733826 0.1344858855009079 0 0 84.81888040155172 13.41406628489494 11.78625126183033 0 0 0 8.337314553558826 0.9827448725700378 1.02027340233326 0.1046087294816971 0 0 0 0.4963017553091049 0 0 40.3083813264966 0 0 0.1070405170321465 0.3052537888288498 0 0 0 1.333299666643143 0.2298590615391731 9.279628217220306 37.16050334274769 3.334777265787125 18.39556561410427 0.2244863659143448 1.810139685869217 0 29.61745002120733 1.345810793340206 0.6358413100242615 0.1325787454843521 0 0.4983047917485237 0.1369288414716721 8.927362859249115 0 0 46.69893175363541 15.67544589191675 57.49381811916828 10.95615797489882 0.789120264351368 0.1231816858053207 1.483325786888599 0.1563548445701599 0.1196346879005432 2.221472203731537 0 0.2423977926373482 0 0 0 0.3415087014436722 0 0 0 0.1347250491380692 0 0 6.521300286054611 2.736357674002647 0 0 2.12621845304966 0 0.9089182019233704 1.468963727355003 0 1.629466950893402 2.260605782270432 0 0.161553755402565 0.7369283139705658 0.5625815242528915 1.040991976857185 3.573216713964939 8.22475029528141 5.56819174438715 9.762300938367844 0.9895383715629578 0.7092402577400208 0 0 0 0 0 0 0 0 0 0 0 0 0 0 0 0 0 0.1394671052694321 0.1726573705673218 0 0.1321190744638443 0 4.230610422790051 0 1.01622661948204 0.7188610285520554 0.09951768815517426 0 0 0 1.161918759346008 1.269812554121017 0 0 0.4727515280246735 0.09769478440284729 0 0 0 0 0 0 0 0 0 0 0 0.333550900220871 0 3.526254788041115 0 0 0 0 0 0 0 0 0 7.440935343503952 0 0 0 0 1.594908580183983 0 0.2320224195718765 0.4595693647861481 0 0.5987306088209152 0.5223674327135086 0.2883938252925873 0 0 0 0 0 0 0 0 3.820509269833565 2.05154912173748 1.265971049666405 73.94943564385176 1.032834634184837 87.51788481324911 8.99005813151598 18.54049330204725 10.43676551431417 0.1882781982421875 1.698320508003235 1.674658067524433 0.1894093304872513 0 0.4893795847892761 1.541371777653694 0 0 0 1.225279659032822 0 6.513671442866325 1.612657487392426
636.1235395371914 1039.127617366612 47.03702982515097 3716.891913443804 277.5066302642226 1325.88608777523 2347.917873814702 11.4029039517045 154.4416132494807 3032.262505166233 336.5738737806678 2612.613056495786 7124.505224086344 505.6863476261497 23.0355693846941 1.94067794829607 0.4014989882707596 0.1170090436935425 0 0.1459201872348785 0.1412894576787949 0 0 0 0 0 0.1489012688398361 0.6857026517391205 0.3537653833627701 0 69.39455226808786 16.87469684332609 42.79644498974085 0 0 1.515862107276917 34.58869863301516 10.54212528467178 0.9099463820457458 0.4811037704348564 0.505697026848793 0.4419835284352303 0 1.636493794620037 0.3261993229389191 0.1372917294502258 137.652486294508 1.206958740949631 0.2305649816989899 0 0.5946859121322632 0.1297367662191391 0 0 4.931387327611446 5.991473294794559 96.93278966844082 84.24822674691677 25.58593264967203 76.37190674990416 1.090928509831429 12.32509665936232 0 47.54713160544634 6.057966187596321 1.00834709405899 2.029434740543365 2.491590186953545 1.178567349910736 0.1355642229318619 122.6598709449172 21.93105997145176 2.381030209362507 202.1817966923118 49.72195190191269 188.4601627886295 38.12391563504934 11.51892799139023 0 11.6727951169014 3.343663290143013 7.332786329090595 14.89922076463699 1.230955637991428 1.393716901540756 3.086703784763813 0 1.306599229574203 1.197610147297382 0.9733943566679955 1.643552020192146 0.9709334596991539 1.192386113107204 0.6592070460319519 0.4416049122810364 347.6809676736593 136.0672754049301 0.3730611354112625 17.75267712026834 488.6294262334704 5.323014609515667 196.943368434906 54.8857259452343 98.07330854982138 37.04352855682373 62.98476627469063 81.4558173418045 53.46325778961182 161.6082092300057 267.9091498628259 86.28494375944138 355.7437912076712 668.1583331227303 336.3879741802812 361.4657162427902 5.446203470230103 5.992365308105946 0 0 0 0 0 0 0 0.80788654088974 0 0 0 0.1241884827613831 0.1444503366947174 0 0.4808067604899406 0.3835783898830414 0 18.33916436880827 11.13385790586472 0 0 0 106.2392954677343 2.470289170742035 49.01874105632305 7.69115898758173 0.9671241566538811 0.3860094547271729 0.1760704070329666 0.1389067471027374 5.471650220453739 3.073450028896332 0.2545387744903564 0 5.274088487029076 21.96151708066463 0.1418034732341766 0.1355102807283401 0.2116183191537857 1.437298029661179 0 0.6142268180847168 1.773741625249386 0 4.119088977575302 4.927441500127316 15.15839747339487 4.783467918634415 8.25313900411129 129.9527770057321 6.456435091793537 0 0.09272924810647964 0.1242958009243011 0 0.3761292397975922 0 0.1695215851068497 0.3162074089050293 205.3970988839865 3.847390964627266 1.357944890856743 0.2702884003520012 0.3533298671245575 94.22946415841579 9.558920502662659 44.35776628553867 9.84875300526619 8.826676398515701 11.96363451331854 3.822987802326679 6.232919052243233 0 0.2127810418605804 0 0.180187314748764 0 0 0 0 203.3875366449356 57.53449948132038 52.13603542000055 686.0592589825392 9.779962420463562 304.2178011387587 54.93013529479504 1194.282241754234 26.10625926405191 0.8064276278018951 8.180809818208218 103.0661685988307 1.190516874194145 45.12922477722168 9.042837671935558 304.9602923318744 0.6575973182916641 3.454462647438049 0.6964962184429169 5.395377472043037 0.3582689464092255 1612.785456180573 138.8433229401708
152.016456566751 510.4743035435677 3399.061433069408 21.1916526183486 221.4597328826785 1.948339611291885 150.9564554095268 7494.15007174015 982.2905788645148 336.5738737806678 1406.109087772667 113.2899330109358 1883.151433266699 4193.518423594534 60.25746020674706 8.828707717359066 0.6884914711117744 0.5137868300080299 0.1395637542009354 0.6801967844367027 5.049909681081772 0.6569718271493912 2.08574852347374 1.813591718673706 6.728507295250893 5.369314983487129 1.075199574232101 1.005096212029457 0.4688870310783386 0 1052.403396256268 617.8064420893788 344.0196751132607 0.2980035543441772 0.7840685546398163 5.065873056650162 146.0661523938179 58.92004799842834 12.74967586994171 11.69687519222498 3.894552409648895 4.976568154990673 0.3981386050581932 6.439349867403507 0.6450079455971718 0.646368570625782 268.1712526902556 1.153455004096031 0.3653895631432533 2.50957252830267 2.76401448994875 1.626318387687206 0.5176727622747421 0.9264066070318222 3.28816981613636 3.249759919941425 71.46818795055151 261.1677078455687 18.94433990120888 98.10151882469654 3.726958982646465 65.14086569100618 0.2037896364927292 289.1043898910284 4.057536356151104 3.203273765742779 3.954675391316414 6.11569506675005 23.03424703329802 19.44860555976629 93.76748681813478 4.876499943435192 0 250.3988351672888 105.4879757091403 325.6111811175942 117.8371467292309 51.3750135153532 4.511766977608204 501.0191389024258 4.993902653455734 92.40848521143198 12.25889474898577 0.2815752029418945 1.485422283411026 4.946720279753208 1.210573486983776 0 0.3928002789616585 0 1.021612152457237 0.788536362349987 68.01452085375786 19.80101785063744 2.981045112013817 34.48498666286469 3.386894658207893 0 8.756053119897842 46.17511978745461 0.793483555316925 0.1189042031764984 0.7493666410446167 0.384413555264473 2.226965270936489 1.279042407870293 0.1142057627439499 0.6431829333305359 0.6667335033416748 1.527377873659134 3.864223644137383 4.196871981024742 5.515943452715874 4.045372061431408 11.52255056798458 0.4908353835344315 2.078056760132313 0 0.7662931382656097 0 0 0 0 0 0 0.3593956232070923 0.2260085046291351 0.85683374106884 0 0 0 0.8498650640249252 0 0.142788901925087 1.101310268044472 0.3959791511297226 0.5827876999974251 0.3436894565820694 0.9695677012205124 7.390788808465004 0.7667806595563889 4.855723537504673 3.598804861307144 2.404214188456535 0 0 0.116376556456089 0.1927715763449669 0.9678815677762032 0.6130495369434357 0 0.1858124583959579 0.9244852587580681 0 0 0 1.532829947769642 0 0 0 0 0 0.8597199097275734 0 0.492550328373909 0.7756746560335159 6.092371955513954 0.2910760194063187 0 0 0 0 0 0 0 0.4227239787578583 4.925829894840717 1.274312064051628 0.2483956217765808 0 0.1534772962331772 1.438383966684341 1.264622330665588 2.572222225368023 0.352338932454586 0.3077743723988533 1.798627406358719 0.5946552231907845 1.340376198291779 0 0 0.1182618588209152 0 0 0 0 0 5.431541278958321 7.482648886740208 6.509748883545399 307.433050878346 8.915215484797955 414.8918218687177 67.69242584705353 60.32368613034487 45.58927172422409 0.5012663155794144 10.31650023162365 7.95941199362278 1.383841454982758 2.613605961203575 0 3.718977361917496 0 0.1388817876577377 0.1787694543600082 11.18360678851604 0.1300276517868042 28.03964902460575 2.896410509943962
50.42132489383221 11.31365571171045 8.588464640080929 117.3054392188787 2.478705123066902 277.5341049283743 29.2345018684864 3.636945448815823 11.37751950323582 2612.613056495786 113.2899330109358 241.2923901081085 1967.512049823999 305.491009093821 21.43398774415255 7.29157766699791 0.223095640540123 0 0 0.2036383897066116 0 0.8885055482387543 0 0 0 0.2240892797708511 0.3085864782333374 0.1496584564447403 0 0 10.78132960945368 7.254765287041664 199.9224794432521 0 0 0.5829523578286171 600.9550094529986 10.43142925947905 6.689306668937206 0.5805889070034027 0.1400113105773926 0.1393334269523621 0.3314749896526337 2.909069865942001 0.1954147517681122 0.2239051535725594 58.95538152009249 0.1882369965314865 0.1253707110881805 0.1096393465995789 0.3531631231307983 0.1512193977832794 0.3860529214143753 0.3990379571914673 0.3573076277971268 0.1316158771514893 14.52689791470766 10.56050550937653 3.861645109951496 14.71067284792662 1.630343690514565 12.01343951374292 0.1535792201757431 19.98077262938023 0.3008984252810478 0.2070769146084785 0.6934122890233994 0.3373774737119675 1.878581494092941 0.8014806732535362 598.6350203603506 9.977258533239365 0.1253762692213058 26.28110142797232 15.08596125245094 51.23462719470263 30.60590485483408 33.41568971425295 1.406809344887733 22.41378260403872 4.332024469971657 4.506741583347321 1.869561813771725 0.185370460152626 0.4753840118646622 0.6968439519405365 0 0.2795350402593613 0.1635119020938873 0 0.7239535003900528 0.614086925983429 4.164948455989361 1.356064341962337 0.2884407117962837 937.5548318699002 80.98634372651577 0.6385430693626404 18.62699211388826 90.19476722180843 4.357418358325958 69.83660182356834 25.32002685219049 21.40772552788258 21.48098862916231 34.23632520437241 43.27043675631285 27.48112147301435 77.62768466025591 138.3313124775887 64.67176524549723 214.6466727405787 450.5635680407286 254.2266284823418 265.4415245354176 6.244484752416611 9.260115474462509 0.09919849038124084 0.414070650935173 0 0.09657521545886993 0 0 0 0 0 0 0.2219494432210922 0 0 0 0.4585788398981094 0.8212763965129852 0 13.45117919892073 8.653682060539722 0 0.1267698705196381 0.1459762752056122 122.0188018009067 1.585182853043079 28.99811114370823 4.845357052981853 0.8300499320030212 0 0.1101707369089127 0 4.188509598374367 5.161199398338795 1.169183894991875 0 6.589249901473522 12.08959300816059 0 0.09493323415517807 0.1689634770154953 0.76689063757658 0.3064493536949158 0.2684521302580833 1.968014433979988 0.3739961162209511 2.193776935338974 1.997814156115055 5.514848366379738 0.5824723318219185 1.714466765522957 46.59150271117687 5.07456312328577 1.388990633189678 0.2144805267453194 0.1312826722860336 0 0.20132777094841 0.1269457042217255 0 0.1413916945457458 199.2162907198071 6.375314615666866 0.7110386490821838 0.5569799393415451 0.5579050630331039 35.97852473706007 1.287871286273003 19.64449425041676 9.16449774056673 6.393308266997337 10.35347817838192 3.632674731314182 3.710768736898899 0.6516917049884796 0 0.2898436486721039 0.4634101241827011 0.6670030504465103 0.1773002743721008 0 0 242.8441893458366 80.87589538097382 66.06473931670189 206.356353841722 2.424711436033249 92.05767802149057 26.8883513584733 270.130356349051 10.41414062678814 0.1499067544937134 5.801927290856838 44.49334226548672 1.130503356456757 32.20106457173824 7.79066240042448 101.1415365114808 2.211728170514107 0 0.7993027865886688 4.946205601096153 0.2572580575942993 1543.063122883439 224.4405099451542
32.90447413176298 1203.993960261345 253.7989675328135 464.4621333703399 1348.286689125001 93.35893407464027 3344.563237212598 38.51503949612379 1800.062968783081 7124.505224086344 1883.151433266699 1967.512049823999 8456.419155843556 12122.31204384565 80.54363068193197 15.27320747822523 0.385380893945694 0.455291636288166 0.1870155781507492 0 1.687736228108406 0.3627678900957108 0 0 0.5743836015462875 0.3613666743040085 0.2129749208688736 0.5281536877155304 0.6908079385757446 0.09693510830402374 112.1928086653352 52.08185321092606 530.8003567308187 0 0 0.475740946829319 1074.900572478771 19.90449407696724 18.80703513324261 5.217574924230576 0.6011535376310349 1.348684825003147 0.3185848742723465 10.25575383007526 0.4762474447488785 0 350.3691616430879 1.664962127804756 0.1311462968587875 0.6192820370197296 1.913841865956783 1.534124240279198 1.848378747701645 1.596189901232719 2.594600774347782 3.028976663947105 36.43971701711416 116.147350050509 15.34725721180439 103.4322906062007 3.17326533049345 24.93020083755255 0.2531728819012642 135.2462699487805 3.110868096351624 2.077618777751923 1.871669732034206 4.778626501560211 8.438336968421936 3.890857972204685 822.6824781373143 17.33733360469341 0.2992407381534576 200.7773616015911 97.38978867977858 328.7082524821162 145.9759031236172 92.49476531893015 3.673233792185783 50.53716127574444 8.026914082467556 9.856019675731659 9.423376262187958 0.3318090662360191 1.001752533018589 2.06167933344841 0.3700022250413895 0.1269226372241974 0.4123828858137131 0.7512504607439041 0.6395667642354965 1.101317808032036 14.60895252227783 4.509575389325619 2.30650082975626 731.3706324622035 62.10841447860003 0.7030778527259827 26.82260789722204 37.8990980759263 6.141979545354843 93.54876904934645 38.89911410212517 25.70455146580935 34.7211142256856 50.57106854021549 49.77121938765049 44.65474595874548 126.8382428362966 163.3329139351845 82.29560164362192 313.2839372828603 521.0598035752773 294.474554091692 363.7285090088844 7.900202676653862 13.15176492184401 0.2017291635274887 0.1483111679553986 0 0.1163003519177437 0.2805157825350761 0 0 0 0.5081676542758942 0 0.8633149042725563 0.4105882346630096 0.5758692920207977 0 0.3959190398454666 0.7006832659244537 0.1504612118005753 21.51651342213154 14.9624886661768 0 1.199923008680344 0.5349768400192261 163.3199225068092 1.346071198582649 48.73328674584627 8.837040431797504 2.840501755475998 0.1168434768915176 0.2321759015321732 0 8.842512220144272 8.510971620678902 3.404703229665756 0 9.408875301480293 22.69817910343409 0 0.2320792227983475 0 1.415818005800247 0 0.1700082868337631 1.858541399240494 0 2.065577663481236 4.022298209369183 4.072674736380577 2.242838844656944 5.423080652952194 100.8412200808525 6.518870964646339 0.5848096087574959 0.6056589409708977 0.3165433555841446 0 0.3909324407577515 0 0.1770185977220535 0.1718582957983017 243.0999377220869 9.886286281049252 0.6139091327786446 0.7223885208368301 0.7037477940320969 76.35489335656166 7.086397394537926 44.37033673375845 16.53169949352741 8.761790834367275 17.08251585811377 8.631054870784283 7.87970332056284 0.09590598195791245 0.41642165184021 0 0.1510445177555084 0.762157142162323 0.4774657487869263 0 0 257.0925447121263 98.74009569734335 99.85850792378187 733.0359511449933 11.83232351392508 538.9285114333034 107.3397450521588 244.617828451097 65.07113575190306 0.1597495377063751 24.99006152153015 78.96699445694685 1.67253951728344 48.73779234290123 12.10020775347948 139.970644377172 1.418991029262543 0.3605576902627945 1.033184014260769 15.8774232417345 0.2367294579744339 1042.881793856621 205.5773193016648
