729.7501272559166 3418.442106626928 1028.67258554697 1458.186246670783 178.0760719180107 379.6608349382877 330.4570223912597 54.18276412785053 13.2306085601449 937.0914067476988 114.7809228152037 6.608224965631962 22.73444651067257 76.35013009607792 6.690476067364216 1.138207405805588 0.1499727964401245 0.09198379516601562 0.2496708855032921 0.1012797579169273 0.1240211501717567 0 0.3795998990535736 0.128072515130043 0 0.1239156723022461 0 0 0 0 1421.401405900717 169.8330772295594 2.960410997271538 0.1981012374162674 0.1241025328636169 0 1.748431272804737 0 0 0 0 0.1105861812829971 0.1425545513629913 0.7222305685281754 0 0 47.90073179453611 2.068166755139828 0.340780571103096 0.6900326386094093 0.6748117506504059 0.2422750815749168 0.2278472185134888 0 21.61334017664194 21.6397630572319 222.719107888639 219.5036514252424 168.2703740671277 119.1602579057217 0 0.178269699215889 0 30.69424010068178 14.80020543932915 6.724690273404121 0.8606943860650063 0.4112147092819214 1.346904776990414 0.1485833823680878 1.837478742003441 2.130057454109192 1.043084144592285 188.8343451023102 14.60714708268642 23.19063833355904 2.634564012289047 0.3088462650775909 0.2580738216638565 24.2906254902482 0.2021748423576355 1.782834336161613 17.49043806642294 0.5246185585856438 6.045776575803757 4.055635586380959 0.5182331502437592 0.5945714935660362 0.7619442120194435 0.7329698503017426 1.002204991877079 0.2213969379663467 1.836748115718365 1.015480436384678 0.5252187699079514 53.69484037160873 1.746027857065201 0 1.054621815681458 1094.073510743678 0.901664137840271 0 0 2.309858560562134 0 2.664706751704216 7.089453771710396 0.3461381494998932 2.890639394521713 7.917227998375893 0.298305332660675 7.252453021705151 2.625110566616058 6.982819333672523 0.1132210046052933 0.2342747896909714 0 0 0.2226915061473846 0 0 0 0 0 0 0 0 0.3453120291233063 0 0 0 0 0.1455037444829941 0 0 0 0 0 0 0.6120516285300255 0 0.2942603230476379 0.5505959019064903 0 0 1.084052562713623 0 0 0 0 0 0 0 0.1217639967799187 0 0.1363928318023682 1.912526488304138 0 0 0 0 0 0 0 0 0 2.606497138738632 0 0 0 0 0 0 0 0 0 0.9656039178371429 0 0 0 0 0.5339833945035934 0 0.9150771051645279 0 0 0 0 0 0 0.1266582161188126 0 0 0.09451908618211746 0 0 0 1.268383294343948 0 0.3098062947392464 29.2390271499753 3.212174102663994 189.9367759525776 23.75323507189751 1117.742698781192 10.23198678344488 7.207591854035854 2.46425049751997 0.9848870038986206 0 0.2781166210770607 0 9.201080411672592 0 0 0 0.2283688187599182 0 557.8445544317365 24.05219869315624
3418.442106626928 2262.611310064793 2436.233674697578 1278.001207955182 3263.423640534282 218.2101473808289 3341.053742058575 358.6238702312112 1213.614193081856 1481.061931848526 1044.444788575172 17.71384957432747 418.177947729826 886.7251281067729 54.40682323276997 6.324188590049744 2.869269542396069 0.2856943979859352 0.1337297707796097 0 0 0 1.038656033575535 0.9650207236409187 0.1565007865428925 0.7835174649953842 0.09771411120891571 0.1008836254477501 0.2325069904327393 0.1153680682182312 2213.978927075863 394.9044233858585 15.7080229818821 0.135660246014595 0.1373530328273773 0 10.26461105793715 0.7535072267055511 1.618511095643044 0.3703789263963699 0 0.5230428129434586 0.9865039810538292 2.449151605367661 0.6767234951257706 0.3091944009065628 329.5630346760154 6.394737467169762 2.438653357326984 5.159414015710354 4.333764411509037 0.7180846184492111 0.4494089186191559 0.1910572499036789 44.87395786494017 45.39897591620684 142.6686329543591 223.2507743313909 158.4381408393383 277.4915631562471 0 0.2391358613967896 0.8194520696997643 195.7953375950456 38.56367219984531 15.52116065472364 3.665838874876499 1.657153449952602 10.67302883416414 0.4800600185990334 8.201238125562668 9.354987218976021 0.108936496078968 503.2133261784911 120.5614480376244 202.8899055346847 49.04104255139828 9.780055649578571 3.355207957327366 121.8428037315607 0.1609788835048676 6.233373485505581 47.02049681544304 2.431080207228661 17.32023788243532 12.68562118709087 3.372441098093987 0 1.323313876986504 0.4289003610610962 3.227990135550499 1.542657218873501 6.391340509057045 5.589963831007481 3.268371552228928 14.86515372991562 5.68535104393959 0 3.612088598310947 835.4913310259581 0.1287349611520767 0 1.088224574923515 1.133722245693207 0 6.219350256025791 4.246022179722786 0.4866936206817627 6.039766997098923 4.158927641808987 0.9889032244682312 15.92529257386923 16.28235993534327 18.18677335232496 6.217973843216896 0.3270575031638145 0.2703472673892975 0 0 0 0 0.1286522746086121 0 0 0 0 0 0.6365666761994362 0 0.5004599094390869 0 0.8153913170099258 0 0 0.2180894315242767 0.3234793245792389 0 1.530320517718792 2.352382600307465 4.426647081971169 8.558620661497116 3.371208317577839 4.497459158301353 0 0 0 0.2771172821521759 0 0.8547557890415192 0.3086247146129608 0 0 1.077292054891586 0 0 0 1.36129492521286 0 0 0.1356297731399536 0 0 0 0 1.395299397408962 1.228982910513878 7.984747543931007 0.2392278760671616 0 0 0 0 0.3108730018138885 0 0.1564827561378479 0.130406990647316 10.67731405049562 1.939400613307953 0 0 0.3696304559707642 9.340886242687702 0.5757877826690674 5.556671515107155 0.103606179356575 0.7067893147468567 0 0 0 0 0 0 0 0 0.2242911010980606 0.3393869623541832 0.3497169613838196 6.02170766890049 7.023264989256859 8.951542004942894 179.4729751497507 12.56386990845203 898.1452429369092 123.2800236940384 759.6341035440564 43.54775803536177 6.869387954473495 48.73836330324411 6.579759478569031 0 4.313642404973507 1.932975195348263 9.096000894904137 0.6283581554889679 0 1.398792564868927 2.058724373579025 0 401.8405799940228 36.89179020375013
1028.67258554697 2436.233674697578 1706.637048020959 30.62235739827156 1365.432349517941 25.59792787581682 164.1591486036777 1232.508554212749 500.8953732252121 49.24651519209146 3680.281947463751 18.85910756886005 165.9441015869379 1791.208342202008 45.43590730428696 14.73716273158789 3.471618548035622 0.788373276591301 0 0.5620860680937767 1.232517898082733 0.130707859992981 7.559961780905724 6.865093111991882 1.953920274972916 2.258282475173473 2.044758804142475 0.2213621288537979 0.4246195405721664 3.317160896956921 3507.492341198027 782.7002493664622 95.17217470705509 1.723281092941761 4.808613978326321 0 47.38701213896275 3.312254376709461 2.335888274013996 1.802971869707108 0.7002178356051445 0.241874948143959 1.227700404822826 1.927838377654552 0.9326213672757149 0.329873651266098 144.1552131846547 2.352634817361832 0.8342080116271973 3.435140259563923 11.96246584504843 1.992357328534126 2.365745633840561 0 18.60446952283382 17.88277690857649 64.13012783229351 127.9016622230411 72.53024238348007 118.778640165925 2.380992025136948 1.503656685352325 0.5547048449516296 160.5044913813472 15.28250630944967 7.584483720362186 2.895500421524048 3.753702789545059 17.7956824824214 2.682037256658077 18.88207750022411 7.408073946833611 0.1593250781297684 222.0396201685071 60.60659754276276 98.36677256971598 23.29531552642584 9.083629161119461 24.90906826406717 800.8566421717405 4.42004220187664 36.47720283269882 16.45641802251339 0.6684067398309708 7.161068797111511 5.028966791927814 3.150712862610817 0.2390962466597557 1.586759336292744 0.7262951731681824 2.573647134006023 2.631419636309147 16.32610579580069 16.67744942754507 5.355502888560295 9.551448658108711 5.850459188222885 0.3456418365240097 4.272300057113171 324.2900356352329 0 0 0.2766456007957458 0 0 0.8308376520872116 0.3873445987701416 0.700158953666687 2.070807382464409 1.177487432956696 1.582770511507988 3.070011451840401 8.286959327757359 10.35303638130426 4.547073803842068 1.512012302875519 0.5937964916229248 0 0 0 0 0 0 0 0 0.1052480265498161 0 0.7261250615119934 0 0.1322441697120667 0 0.6419256925582886 0.1274511814117432 0.3316546007990837 1.550622075796127 0.1490195840597153 0 0.7880894839763641 0.5560389086604118 1.61863024532795 2.588472202420235 3.017426028847694 1.370155334472656 0.2591219842433929 0 0.3217840492725372 0.1504706889390945 0 0 0.1661558449268341 0 0 0.1858764141798019 0 0 0.6615768149495125 3.367593452334404 0 0 0 0 0.1382386386394501 0.1452761143445969 0 0 2.350261926651001 9.013204254209995 0.2224974185228348 0 0 0 0 0.1642116010189056 0 0.2148652076721191 0.1968962997198105 6.694370329380035 0.1032218188047409 0 0.1407930850982666 0.9783117547631264 5.441188596189022 0 4.262373134493828 0 0 0.2224050015211105 0 0.8897980451583862 0.1528500616550446 0 0 0.1269519031047821 0 0.2028565853834152 0.1524814367294312 0 2.706819228827953 3.310800895094872 7.221394054591656 146.3596290498972 7.305268213152885 355.4740534871817 67.16134409606457 165.6227120012045 19.49070585519075 2.435424841940403 28.60368247330189 7.160858236253262 0 2.120119780302048 1.782722279429436 0 0 0 0 1.525807984173298 0 83.12465845048428 5.803461119532585
1458.186246670783 1278.001207955182 30.62235739827156 1524.397160552442 200.8368514254689 470.4014956206083 2062.443137452006 0.6794987320899963 18.14905149489641 3253.590462066233 2.744409561157227 37.20978964865208 195.6866493970156 17.44372644275427 3.17711766064167 0 0 0 0 0 0 0 0 0 0 0 0 0 0 0 69.17433609813452 3.896908834576607 0 0 0 0 0.1034748703241348 0 0 0 0 0.1089898869395256 0 0.2748119831085205 0 0 22.34079097211361 0.3517693877220154 0.2696674466133118 0.1152947694063187 0.2571407407522202 0.1486508399248123 0 0 5.531355880200863 6.055234372615814 19.5407387688756 15.03550297766924 17.24354466050863 34.47995561361313 0.1109038814902306 0 0 16.39657486975193 5.15116448700428 1.24022576212883 0.7766794711351395 0.1180046126246452 0.1937054842710495 0 0.279438853263855 0.2854963392019272 0.1101210713386536 47.60100607573986 7.870289795100689 10.28897421807051 2.194146893918514 0.4813562408089638 0.1043766066431999 0.5989141762256622 0 0 5.254755482077599 0.121706411242485 2.490364611148834 1.823201961815357 0.2702745124697685 0 0.3448197171092033 0 0.6542096063494682 0 0 0 0 25.07961492985487 0.2949371784925461 0.6570577621459961 0.1493157297372818 290.6383063793182 0 2.282670840620995 14.07634174823761 15.51966339349747 0 6.249474510550499 16.3955240547657 0.9988718628883362 18.73363055288792 12.01183085143566 0 7.258845001459122 6.479950569570065 6.26215198636055 0.7631312608718872 0 0.9388086795806885 0 0 0 0 0 0 0 0 0 0 0 0 0 0 0 0 0 0.355162113904953 0 0 0 0 0 0 3.044882714748383 0.3502688705921173 0 0 0 0 0 0 0 0 0 0.1262273639440536 0 0 0 0 0 0 0.2220586612820625 0 0.3047034740447998 0.2511886358261108 0.286549985408783 0 0 0.1807419806718826 0 0 0.1424262076616287 0 0.100075751543045 0 0 0 0 2.087233558297157 0 0 0 0 1.001601785421371 0 0 0.6376552060246468 0.6160001382231712 0.244546502828598 0 0 0 0 0 0 0 0 0 0 2.008108742535114 0.7309295535087585 0.1731800884008408 12.71367399394512 1.111472181975842 71.99538750201464 11.77826996147633 516.6214977130294 2.077015861868858 3.24665941298008 1.407132364809513 1.101362712681293 0 1.027732223272324 0.5300011336803436 12.46483492851257 0 0 0 0 0 431.7170912250876 43.22944156825542
178.0760719180107 3263.423640534282 1365.432349517941 200.8368514254689 1893.126791700721 16.8522275686264 1897.059967130423 20.36479330062866 4103.035931624472 1949.889475755394 689.3524004817009 88.09166669845581 1338.022008128464 1663.567887991667 35.32610183954239 5.549361124634743 1.378143981099129 0.2760073095560074 0 0 0 0 0 0.3850964829325676 0 0.1067793592810631 0.1182075217366219 0.255133330821991 0.1398348063230515 0.2434201836585999 233.086104311049 48.12252017855644 0.4782159924507141 0.1592397093772888 0.1089115738868713 0 2.187506705522537 0 1.032922148704529 0 0.1017969623208046 0.2180024683475494 0.2450452595949173 0.1967847272753716 0.4310583621263504 0.2337108701467514 146.6096431538463 1.882757678627968 0.5019138008356094 2.241344556212425 1.559502251446247 0 0 0 9.190248630940914 10.60520407557487 20.82169564813375 32.42043454945087 23.48499901592731 72.22745469212532 0.2954082041978836 0.18367038667202 0 58.84398217499256 7.892472989857197 3.16905689239502 1.785156883299351 0.7137141600251198 6.030933752655983 0.1210568100214005 5.552993312478065 9.393803164362907 0.1462843269109726 130.330424644053 49.50716119259596 105.5543392747641 18.0100516974926 5.988547429442406 1.279601603746414 5.905107222497463 0 0.5085452944040298 9.800597690045834 0.7424624636769295 3.322987966239452 2.429883264005184 1.466267414391041 0 0.4115338027477264 0.1085654124617577 0.7436047866940498 0.3161040544509888 1.861263088881969 2.091403849422932 1.212801873683929 9.726864576339722 1.734853260219097 0 3.799450129270554 32.23804403096437 0 0 1.391585305333138 1.379775837063789 0 7.168967470526695 5.967811867594719 4.273187577724457 12.57611434161663 5.407325863838196 1.772535718977451 32.32895907759666 25.72768046706915 31.81265953183174 13.34526625275612 0.3562434762716293 0 0 0 0 0 0 0 0 0 0 0 1.157660931348801 0 0.6047381833195686 0 0.7784932851791382 0.1908254325389862 0 0.725702315568924 0.2641339749097824 0.7740278244018555 4.823525682091713 1.612424552440643 9.031634755432606 6.536242857575417 4.849291801452637 3.761462636291981 0 0 0 0 0 0 0.3177344501018524 0 0 0.4499111101031303 0 0 0 2.728041112422943 0 0 0 0 0 0 0 0 3.372209012508392 16.36189102381468 1.072369322180748 0 0 0.1251489669084549 0 0 0 0 0 19.17836358398199 0 0 0 0.132615402340889 10.09252248704433 1.121709495782852 7.06161242723465 0.1115926504135132 0 0.2503015324473381 0 0 0 0 0 0 0 0 0 0 10.06079526990652 9.968255557119846 12.23313599079847 122.7582036107779 3.957105107605457 386.5000624358654 58.57201927900314 66.73961192369461 24.29890513420105 1.202067233622074 23.26851549744606 5.63263888657093 0 3.984844021499157 1.683565095067024 5.034813612699509 0.2122885137796402 0 1.803666889667511 1.928975090384483 0 59.12864818423986 24.82643336057663
379.6608349382877 218.2101473808289 25.59792787581682 470.4014956206083 16.8522275686264 8.115598231554031 67.28175231814384 3.392626330256462 1.201575875282288 671.1698787808418 6.178795121610165 108.8076065182686 123.4886602535844 32.19399940222502 0.8030838966369629 0.9267337322235107 0.590553492307663 0 0 0 0 0 0 0.2832852900028229 0.2270244508981705 0 0 0 0 0 51.21754661202431 0.8376169800758362 10.81437394022942 0.3023998141288757 0 0.5915282964706421 18.52148666977882 0.4343244880437851 1.854828163981438 0.5065475702285767 0 0 0 0 0 0 4.195810094475746 0 0 0 0.1454997658729553 28.1264670342207 4.788062661886215 0.2314912229776382 0.7555994018912315 15.77905900031328 31.06582245975733 6.034173361957073 5.219114549458027 4.801059640944004 0.2466959208250046 2.503802418708801 0 0.7414612174034119 0.4265006110072136 0.265624962747097 3.002491913735867 0 0 0 108.0546841621399 386.5351865440607 122.5567117035389 5.670838549733162 0.2513772994279861 0.6003957539796829 0.3040007948875427 0.3908585906028748 0.1467549055814743 3.553859882056713 0 0.4929745197296143 0.4676147177815437 10.80608926713467 0.1228862255811691 20.64740505069494 0.1485994309186935 20.56789716333151 25.38759305328131 71.91019942611456 3.758765123784542 6.701611816883087 0 0 0.729423314332962 600.3105670213699 203.2941451817751 100.8280512392521 32.63155722618103 459.2629207000136 0 0 0 1.221725463867188 0 2.070034131407738 11.2221056073904 0.6923656612634659 12.66458587348461 12.45318068563938 0.1205635294318199 11.4362907409668 7.846657574176788 5.275237068533897 2.071185670793056 0 0 0 0 0 0 0.2497826814651489 0 0 0 0.4003719389438629 0 0 0 0 0 0 0 0 0.6192822158336639 0 0 0 0 0.1511542052030563 0 0.376597136259079 0.1634780615568161 0 0 0 0 0 0 0 0.2243766039609909 0 0 0 0 0 0 0.204214483499527 0.7479444742202759 0 0.1634626686573029 0 0 0 0 0 0 0 0 0 0.5045405551791191 0 0 0 0 0 2.170139133930206 0 0.6708027124404907 0 0.1026232242584229 0 0 0.1963648051023483 0.1012330204248428 0 0 0 0 0 0.567012645304203 0.3927135765552521 0 0.7851761132478714 0.2464109361171722 0 0 1.604793839156628 0.5547195672988892 1.300331592559814 20.50775656104088 1.08492399007082 10.73436284810305 2.900922149419785 240.0159528553486 2.959677204489708 0.1377528309822083 2.155979126691818 0.448383554816246 0.2226555049419403 0.1372799426317215 0 6.65256667137146 0 0.1747654229402542 0 0.4955997169017792 0 91.99350833892822 47.5101665854454
330.4570223912597 3341.053742058575 164.1591486036777 2062.443137452006 1897.059967130423 67.28175231814384 2417.536335244775 24.26083987206221 2092.079069852829 5621.175526544452 192.1778878420591 209.8303515613079 6319.152854084969 2562.519491545856 43.56197564303875 6.397693872451782 2.512443400919437 0 0.1503344178199768 0.3012670278549194 0.1049241051077843 0 0.4315785616636276 0.2130624055862427 0.1247538700699806 0.4927554875612259 0 0 0 0.1251801401376724 132.5581507980824 52.26081529259682 2.070078581571579 0.1234414428472519 0.201963759958744 0 4.980594977736473 0.2374261245131493 0.6310102865099907 0.09977288544178009 0.1981517821550369 0.2304801791906357 0.3688129261136055 0.6349254176020622 0.1249040961265564 0.1431067138910294 222.6235337033868 2.91095045208931 0.8112529814243317 2.212161190807819 3.677191190421581 0.1567510068416595 0.7693256735801697 0 16.53089030086994 18.27845383435488 27.72554415464401 55.9773221090436 37.61482729017735 107.7568614780903 0.2505414634943008 0.2823835164308548 0 100.045366242528 16.19149507582188 5.487072221934795 1.440495982766151 2.088834784924984 7.755003690719604 0.2377942204475403 6.552774384617805 8.409626960754395 0.2582159787416458 204.4045148566365 62.94928912073374 132.7791611179709 22.12562367320061 6.081186681985855 2.054206401109695 4.139351047575474 0.1751934736967087 1.563092440366745 15.63566376268864 1.004005141556263 8.366563260555267 4.090993799269199 0.7656732723116875 0 0.5349825099110603 0 0.8609166517853737 0.8144882470369339 3.910950511693954 4.536128371953964 2.536446213722229 30.80577845871449 8.521566361188889 0 4.453733883798122 57.47079548984766 0.8248868733644485 2.678120195865631 97.30103830993176 20.14206565916538 0.8169556707143784 77.39547650516033 20.23046600818634 11.86434841901064 62.94255136698484 39.26141031831503 4.7061562910676 117.0802455842495 77.04309862107038 58.14506109058857 29.87536720186472 3.163409680128098 0.3361063376069069 0 0.4300036132335663 0 0 0 0 0 0.2184594571590424 0 0 0.6033031642436981 0.1981559693813324 0.435332790017128 0 0.4814858436584473 0.5812137722969055 0.6449922770261765 5.983244374394417 3.145200416445732 0 8.072425305843353 4.450989976525307 15.86002113670111 10.05097390711308 13.20041788369417 9.316206716001034 1.802043825387955 0 0 0 0 0.4022374451160431 1.040964961051941 0 0.569410152733326 1.683861114084721 0 0 0 5.252070784568787 0 0 1.240632936358452 0.08899201452732086 0.6179430335760117 0.8019781857728958 0 0.8247940242290497 9.774642080068588 36.06629279255867 0.8491714596748352 0 0.1062594130635262 0 0 0 0.1046173945069313 0.09425196051597595 0 47.71005476266146 0.211135670542717 0 0 0.3495510369539261 19.87586142867804 1.667175263166428 13.99905402958393 3.094402387738228 1.171176679432392 1.92253040522337 0 0.2113889157772064 0 0 0.1164908409118652 0 0 0.3912895023822784 0.1529253870248795 0 34.71836653351784 13.2388097718358 25.26977735757828 231.4264834970236 8.413132697343826 574.2841618433595 87.6666452512145 158.0426721870899 32.64534297585487 2.263043873012066 36.19746511429548 23.35894158482552 0.2068875730037689 10.25865231454372 5.137916140258312 18.45096627622843 0 0 2.638770908117294 2.582393601536751 0.2577530145645142 176.2492612525821 73.96862668544054
54.18276412785053 358.6238702312112 1232.508554212749 0.6794987320899963 20.36479330062866 3.392626330256462 24.26083987206221 1203.9266994223 66.36164982616901 4.220137029886246 4549.897533230484 29.02638195455074 139.89675976336 1480.547100998461 96.32152326405048 67.34279837459326 15.40078050643206 2.861968368291855 1.002127297222614 8.123865969479084 13.7918117120862 1.872717313468456 71.1905100569129 68.862922526896 23.6720219925046 14.4082438647747 31.65451035648584 1.947322346270084 10.0589404925704 25.06562274694443 297.4506209567189 2106.334338881075 145.8775735124946 40.70373894274235 50.29397186636925 17.51688552647829 124.6634442135692 35.5533532500267 38.55431313812733 23.33146817982197 3.357597805559635 5.458466522395611 13.91157890111208 23.55093665421009 14.46853052824736 22.96708286553621 105.7415937706828 1.696943067014217 1.944307774305344 20.49967608600855 76.38885218650103 13.6239223703742 8.058867752552032 1.036200284957886 2.551889598369598 2.117875620722771 8.529617853462696 23.7154147028923 6.807901494204998 12.98735625296831 74.64649847894907 25.27834405750036 2.868603348731995 164.4125073328614 2.170360326766968 7.981370940804482 11.49844671040773 21.78823009878397 149.6044431105256 26.4000693783164 42.34118384122849 4.807930700480938 1.204720467329025 35.66648906469345 26.78201764076948 62.97114533185959 38.03042608499527 182.7872762829065 888.2808791771531 1954.253914259374 114.779665261507 916.9217148274183 1.237743020057678 0 4.008217751979828 4.380445152521133 8.267422281205654 1.578244172036648 2.007846102118492 3.636744737625122 11.0443325266242 15.0553170889616 202.5384874567389 127.9596204459667 40.00775673985481 23.62037728726864 10.86644148826599 1.783843524754047 17.72620290517807 13.14856336265802 0 0 0 0 0 0.7329760044813156 0.12564817070961 0.5131657123565674 1.093437306582928 1.334607154130936 1.151823349297047 5.251506775617599 3.412228271365166 5.77114549279213 2.816629022359848 0.4775091037154198 0.1591546833515167 0 0.3385709449648857 0 0.1243102699518204 0.1242476478219032 0 0.1577621549367905 0 0.2525966763496399 0.3073553964495659 0.6426740661263466 1.084405124187469 1.637053161859512 0.5261873006820679 1.030822321772575 1.706451311707497 1.073164403438568 0.9050779640674591 0.5161900222301483 0.5756870210170746 3.8230115249753 2.206510074436665 3.855035200715065 4.397942006587982 3.164138577878475 2.812532618641853 0.1432739794254303 0 0.1040199473500252 0.1366403251886368 0 0.3463512361049652 0.5866398066282272 0 0 0.3191349506378174 0.1049881502985954 0.5818496942520142 4.878358483314514 6.658002443611622 1.743668176233768 0 0 0 0 0 0 0.2435056567192078 0.8541608601808548 9.679701238870621 0.1698878705501556 0 0 0 0.3301925212144852 0.7937860488891602 0.7644822895526886 1.962911710143089 1.680945232510567 9.051020555198193 0.1317550390958786 0.5610687136650085 2.561564117670059 7.894703455269337 5.006885446608067 0.4270446375012398 3.921230122447014 0 0.156665600836277 0.4304646700620651 0 0.4709338769316673 0.1579842120409012 0 0 0.1183106973767281 0.3137911856174469 1.699875757098198 1.944342270493507 1.017984300851822 3.23421411216259 5.294056341052055 7.127076648175716 307.9986133128405 19.27400498092175 263.2042740061879 105.3373414129019 23.16173460334539 13.80825221538544 0.989701583981514 55.11678245663643 9.393027633428574 0 3.453435651957989 2.268457069993019 1.379320397973061 0 0 1.325423747301102 10.08600275963545 0 14.22376640886068 7.246407523751259
13.2306085601449 1213.614193081856 500.8953732252121 18.14905149489641 4103.035931624472 1.201575875282288 2092.079069852829 66.36164982616901 1002.774056300521 275.957293599844 1175.295567676425 38.22716127336025 794.7530564814806 3446.193273611367 13.94347777962685 1.845360614359379 0.7831368669867516 0.2999773174524307 0 0.1105649843811989 0.3854770660400391 0 0 0.2649025917053223 0.1431333422660828 0.5492580905556679 0 0 0.09834238141775131 0.3240330219268799 48.1549763455987 24.10166186094284 0.500535249710083 0 0 0 0.4587704986333847 0 0.8848165571689606 0.1383289396762848 0 0 0.143763929605484 0.5305571109056473 0 0 39.41286307573318 0.2343194037675858 0.08100865036249161 1.049742259085178 1.610524669289589 0.278218001127243 0 0 1.435801178216934 1.753559835255146 2.626108594238758 4.403908088803291 2.647961124777794 9.635114833712578 0.4348074495792389 0 0 15.94543533027172 0.945765383541584 0.5219286233186722 0.1094417572021484 0.7087771147489548 3.957375459372997 0 6.802921459078789 3.48236358165741 0 16.25468380749226 4.294764421880245 18.51882221549749 4.724837578833103 1.571477338671684 0.6657610237598419 2.332713827490807 0.1829010099172592 2.125681266188622 1.261651411652565 0 0.8599241822957993 0.4406583607196808 0.3370456919074059 0 0 0 0.3664813861250877 0.3789671584963799 1.576536267995834 3.464874930679798 1.265619449317455 6.715616524219513 2.820730701088905 0 3.949896976351738 3.616083964705467 0.3164752423763275 2.053650140762329 1.221880584955215 2.736244946718216 0.1472384929656982 6.46516951918602 8.689526498317719 2.653658956289291 16.29043982177973 5.503470338881016 2.087934762239456 36.70733069628477 33.18154884129763 26.40576659142971 11.86534720659256 0.1737046241760254 0.4121510535478592 0 0 0 0 0 0 0.3177643418312073 0 0 0 0.411664754152298 0 0 0 0.7157383859157562 0.2720881104469299 0 0.8012576401233673 0.7596451044082642 0 1.94486990571022 0.8062469214200974 9.766307204961777 7.475931510329247 5.044786103069782 4.234002590179443 0.6951635628938675 0 0 0 0 0 0.4059872627258301 0 0 0.1627457439899445 0 0 0 3.130360394716263 0 0 0 0 0.6632575988769531 0 0.1697759926319122 2.576172113418579 2.225175082683563 24.58576477319002 0.7351669669151306 0 0 0 0 0 0 0 0 18.63738182932138 0 0 0 0 8.063262805342674 0 8.558057636022568 0.3978929370641708 0.4023837447166443 0.2512428462505341 0 0.113165944814682 0 0 0 0 0 0 0 0 9.627016633749008 5.578926175832748 16.84186986833811 88.52499257028103 2.400346919894218 84.05639287084341 23.00918598473072 15.97631970047951 7.478505603969097 3.216198965907097 20.82578918337822 5.947563216090202 0.2723460793495178 2.641023471951485 2.294892475008965 10.89038552343845 0 0 0.4460963532328606 0.9687914252281189 0 26.89657266438007 23.37489999830723
937.0914067476988 1481.061931848526 49.24651519209146 3253.590462066233 1949.889475755394 671.1698787808418 5621.175526544452 4.220137029886246 275.957293599844 3250.614035382867 48.0882869809866 3013.589532136917 13638.40448048711 632.2042976990342 42.67177420854568 3.993159510195255 1.986834809184074 0.3721600472927094 0.4485868960618973 0 0 0 0 0.2136296331882477 0 0.4381301179528236 0.1989262253046036 0.6324983537197113 0.1004975214600563 0.1375991106033325 102.950540818274 40.06810809671879 11.07977817952633 0 0 0 40.46792777627707 1.456298470497131 1.642778784036636 0.652105450630188 0 0.5448224544525146 0.113386869430542 0.9000543653964996 0.8637470528483391 0 181.7318530157208 2.024400852620602 0 1.395374149084091 1.617610089480877 0.441858097910881 1.349152088165283 0 13.58263742923737 11.83450451493263 27.02266021817923 33.09640593081713 30.87420116364956 79.53443145751953 0.318996787071228 1.980042845010757 0 120.5651599615812 10.18772450834513 4.345954798161983 1.794573605060577 0.8331515416502953 3.652353852987289 0.1685364693403244 72.17191778123379 30.50317186117172 1.797766827046871 148.8329466357827 44.44678058475256 99.34226798266172 15.64825254678726 3.410851247608662 0.8805628418922424 3.578664340078831 0.4387779831886292 0.8288699313998222 12.90571432560682 0.8974511995911598 7.764005497097969 3.40837450325489 0.6716725155711174 0.554973378777504 0.7245391085743904 1.279392287135124 0.8378444388508797 0.243313379585743 3.576521821320057 2.185954846441746 0.692152626812458 212.4605415984988 38.77496849000454 1.831222623586655 17.47877286374569 334.8918365836143 0.3298434913158417 5.793877050280571 13.83760295808315 31.95908898115158 0.5921664834022522 53.83395710587502 120.693480104208 22.16586537659168 133.6955230385065 98.35742787271738 12.18010637909174 263.4287821501493 194.6890394091606 175.0543068125844 53.82496394962072 2.509560741484165 0.7093832343816757 0 2.007771700620651 0 0 0 0 0.7106705904006958 0 0.6654685735702515 0.8265480995178223 1.683133602142334 0 0 0 0.8697019070386887 1.56275600194931 0.3760057985782623 4.469857901334763 1.916412219405174 0 11.57818448543549 5.056307643651962 34.32008954137564 25.15638720989227 19.20838757604361 16.06544016301632 1.203275144100189 0 0.3749836683273315 0 0 1.731736361980438 0.5591135174036026 0 0 1.186247393488884 0 0 0 10.54689240455627 0 0 0 0 0.4085520952939987 0.09880515187978745 2.648528516292572 2.15034806728363 10.53921040892601 57.22042924910784 5.633736163377762 0 0 0 0.1747495830059052 0 0 0 0 74.08470246195793 2.245046615600586 0 0 0 36.76636327058077 5.588847756385803 26.50602530688047 0.8437945321202278 1.442442983388901 1.382484138011932 0 0.5602554082870483 0 0 0 0 0 0 0 0 66.98388522863388 23.62121266126633 39.75755609571934 314.8920010775328 7.146829858422279 540.1622664779425 97.84683024138212 699.8358809649944 43.35983044654131 3.614322312176228 67.83136800676584 31.6746636852622 0 11.51070609688759 5.37306422740221 97.31380734592676 0 0 7.010028600692749 4.888206228613853 0 966.7258697375655 546.2000306174159
114.7809228152037 1044.444788575172 3680.281947463751 2.744409561157227 689.3524004817009 6.178795121610165 192.1778878420591 4549.897533230484 1175.295567676425 48.0882869809866 1757.531086705625 60.72847959399223 753.7475447282195 2502.653273954988 45.04497353732586 19.05774679780006 5.025645703077316 0.6376663967967033 0.726263128221035 0.705637238919735 0.6069043278694153 0.7830766886472702 12.02938935160637 13.97238206863403 10.44838090240955 3.070476710796356 9.345257453620434 0.1280020624399185 4.249422200024128 6.201632052659988 477.1395702660084 1295.287968382239 309.3636252954602 2.619883671402931 7.613755896687508 6.037719748914242 282.4768546000123 28.55454463511705 24.03029417991638 10.4443674236536 0.9836088418960571 1.838186614215374 2.068116813898087 1.661026373505592 2.268643692135811 2.402009204030037 77.31739897280931 1.393491737544537 0.8856815919280052 5.107713587582111 14.69294466078281 4.642683044075966 3.943298429250717 0.3462744057178497 1.920486807823181 3.760659441351891 11.65297771245241 19.7797778993845 12.75238478183746 22.4177914634347 2.141825146973133 125.6606774628162 0.8227011114358902 43.50766310840845 3.728423967957497 3.547670036554337 3.573896870017052 5.903718166053295 23.85619373619556 2.450970955193043 76.49571450054646 6.875915691256523 0.8857211321592331 47.1535979360342 17.03898794203997 46.16747372597456 14.1752217784524 14.97970949858427 238.2613467499614 80.06251206248999 2.336761184036732 32.67330610007048 2.414171352982521 0.252193495631218 1.784913375973701 1.953892365098 2.88282885402441 0.4496400132775307 0.9782223552465439 1.465455181896687 3.179990515112877 4.17669714987278 20.8370791003108 24.93129576742649 10.70613625645638 29.88194517791271 9.268268242478371 0.4267291128635406 13.44624296575785 36.55579927563667 0 1.118629693984985 0.1770588308572769 0.7423492074012756 0 2.49268314987421 1.62313774228096 1.184784039855003 6.883972644805908 4.033799573779106 1.315488152205944 15.30374872684479 12.31290604174137 17.73446147888899 11.54710141569376 0.7942925915122032 0.2741811275482178 0.1260875463485718 0.1734802722930908 0 0 0.1144003197550774 0.1427822858095169 0 0 0.08794886618852615 0 0.3265747129917145 0.1589115560054779 0.4589453041553497 0 1.065108999609947 0.682026244699955 0.4376335740089417 0.4582371041178703 0.5623975023627281 0.4260163009166718 3.661334007978439 1.122924327850342 5.247330047190189 6.948302410542965 4.525964438915253 3.481314808130264 0.7742412537336349 0 0 0 0 0.5124271064996719 1.576413825154305 0 0 1.353228248655796 0 0 1.471154391765594 2.015747375786304 0.4485803693532944 0 0 0 0 0 0 0 1.913605868816376 18.19251856207848 0.1507856249809265 0 0 0 0 0.1680383831262589 0.1411059498786926 0.5569404661655426 0.6238972097635269 17.12133923918009 0.1281108111143112 0 0.2548186630010605 2.239221714437008 7.018814593553543 1.678109258413315 6.394464828073978 0.5844694301486015 0.3858659341931343 0.106682613492012 0.09651649743318558 0 0 0 0 0 0.2299908995628357 0.3983495682477951 0.6784922778606415 0.1088170781731606 7.545883856713772 7.011665530502796 10.09990322589874 204.1585560068488 6.373992830514908 188.4794695079327 60.4806292951107 37.21904572844505 13.83764765411615 1.068154588341713 40.50614193826914 6.327181033790112 0 4.923124693334103 1.94840681552887 1.609349310398102 0 0 1.414041750133038 4.748415976762772 0.3315193951129913 18.88937981426716 10.28084807097912
6.608224965631962 17.71384957432747 18.85910756886005 37.20978964865208 88.09166669845581 108.8076065182686 209.8303515613079 29.02638195455074 38.22716127336025 3013.589532136917 60.72847959399223 113.503173828125 1894.910792931914 294.8222245126963 9.319271795451641 6.594394437968731 1.892338916659355 0 0.4284180700778961 0 0 0 0 0.9441376179456711 4.115176230669022 0.2201762869954109 0.8557095974683762 0.2082437574863434 0.2221645414829254 0.279303565621376 3.920269757509232 6.541736640036106 57.87689486145973 0 0.2629357874393463 0.8482588529586792 124.2886817753315 9.02402438223362 4.453591123223305 2.657933622598648 0.6074367463588715 0.6201985776424408 0 0.115782305598259 0.3706188201904297 0.6801905930042267 19.87342339754105 0 0 0.2775436416268349 0.2767011225223541 0.8693470731377602 0.7621204257011414 0.2533751726150513 0.9946161285042763 0.7352875471115112 2.126916714012623 1.85440631210804 1.172320909798145 5.450025379657745 1.093809336423874 4.077330738306046 0.1456253379583359 16.11122512817383 0.5609671771526337 0.2072217538952827 0.2218171507120132 0.3897213339805603 0.7612093836069107 0.1720949560403824 184.2357624024153 6.747326225042343 0.1282949149608612 6.370727032423019 1.797972068190575 6.666776388883591 2.185715347528458 3.309314861893654 0 42.13939943909645 0 3.416883945465088 0.3463227897882462 0.4023483097553253 0.1190431341528893 0.4904021620750427 0 0 0 0.7218109369277954 0 0.2921295762062073 0.84955133497715 0.684645839035511 0.8732656314969063 949.3379501998425 221.3625839501619 3.366523995995522 31.09254097938538 35.43044994771481 0.5603607892990112 3.21722412109375 4.922815524041653 7.904504761099815 0.3906143009662628 28.3193337470293 36.26729133725166 16.48574457317591 70.07737209647894 46.5740749835968 13.18828540295362 187.4932907596231 153.8623613491654 166.9665338769555 64.50691343098879 2.909259118139744 0.3318657279014587 0 0.2251449376344681 0 0 0 0 0.7418070062994957 0 0 0.09838468581438065 0.3831851929426193 0 0.8021225407719612 0 1.665083661675453 0.09323536604642868 0.4317597523331642 5.791142575442791 3.794662684202194 0.5088878870010376 5.258262932300568 4.140042901039124 31.16508085280657 12.74466893076897 16.07077398896217 12.74669527262449 1.246946334838867 0 0 0 0 0.637037456035614 0.145862951874733 0 0.7948520183563232 2.426985383033752 0 0 0.1547230929136276 3.142612747848034 0 0 0 0 0 0.5236898511648178 0 0.4166167378425598 3.41727639734745 53.28749809414148 2.870205193758011 0 0 0 0 0 0 0.09856472164392471 0.1009282767772675 113.2422068342566 0.9132709503173828 0 0 0.1765363365411758 57.54247499257326 1.880992203950882 22.52387350797653 2.68170415610075 0.8378654792904854 0.9736036956310272 0 0.2848855331540108 0 0 0 0 0 0 0.1550926268100739 0 89.64852044731379 35.03735536336899 43.0513568893075 151.3046956509352 3.243876174092293 65.14394173026085 33.37690050899982 56.34257224202156 6.473876856267452 2.521030724048615 17.80685821175575 17.8011177033186 0.1417924016714096 11.33891358971596 7.777849674224854 41.72009553015232 0.1631874889135361 0 2.603430777788162 2.333395466208458 0.2269215285778046 468.5639603063464 199.6439568251371
22.73444651067257 418.177947729826 165.9441015869379 195.6866493970156 1338.022008128464 123.4886602535844 6319.152854084969 139.89675976336 794.7530564814806 13638.40448048711 753.7475447282195 1894.910792931914 2345.915314719081 4334.629481375217 65.53120286017656 34.05699303746223 9.752813726663589 0.6633777990937233 1.759134531021118 0.6577932760119438 0.3003078699111938 0.7770892009139061 2.323664650321007 5.58585274964571 23.24018171429634 2.113804154098034 3.963328406214714 0 2.446134068071842 1.564110971987247 51.19167090952396 52.99837308377028 374.4878115057945 3.169713571667671 4.561144962906837 2.33205209672451 489.5074917674065 42.63784071058035 12.8463950753212 19.62324939668179 0.2444787919521332 1.057516828179359 1.117730170488358 4.161871843039989 2.489246517419815 1.36762410402298 120.9744226932526 1.225836150348186 0.5415871292352676 4.257313936948776 10.77386857569218 2.364727504551411 4.728673383593559 0.4630031585693359 3.342921182513237 2.904160313308239 4.42317757755518 11.44605270773172 8.619881354272366 25.79751569777727 1.8943140655756 11.61174327135086 0.1282489597797394 80.0535217449069 2.66355687379837 2.303761839866638 2.045857630670071 2.636240623891354 16.40860647708178 1.553558818995953 367.7953057959676 38.55864265561104 0.3974864929914474 43.57180600613356 15.85093406587839 48.50110013782978 20.88745348155499 16.46718626469374 2.419661097228527 212.8903433084488 0.3041905462741852 8.994335763156414 2.640163719654083 0.09396184980869293 1.391876801848412 1.630723498761654 2.065251119434834 0.2980002760887146 0.4858006164431572 1.676114954054356 2.111767582595348 2.580732963979244 17.51579398661852 15.68822131305933 6.657249353826046 1767.7807488814 184.473287075758 0.6864322423934937 34.91231841593981 42.92629764974117 2.736696928739548 7.906876191496849 7.36132475733757 25.27906110137701 1.159018211066723 95.60252906382084 96.75330486893654 41.11748560518026 221.5765622109175 142.9514681845903 37.9254629984498 515.6511902958155 446.7177436724305 412.7673018425703 189.3484745025635 6.324425116181374 2.737867951393127 0 0.428491085767746 0 0 0 0.09598582983016968 1.354970782995224 0.134567990899086 0.2794758677482605 0.3454794511198997 4.879250839352608 0.7866469323635101 3.429751329123974 0 4.4570042937994 3.167366161942482 2.455016933381557 23.89940372854471 12.08803281933069 0.5891967564821243 25.75040602684021 13.89798077195883 93.52455278486013 60.67312048375607 60.92773538082838 40.05864737182856 5.036730974912643 0 0 0.1787505298852921 0 1.699984446167946 4.063727632164955 0 0.6380250155925751 6.771467514336109 0.1239150762557983 0 1.10204316675663 17.37900493294001 0.1985170543193817 0.27446648478508 0.1026165187358856 0 0.6377564445137978 1.781015641987324 2.272400587797165 3.500691719353199 21.85072989016771 200.1194060072303 6.579662002623081 0 0.1612570881843567 0 0 0.592904344201088 0 0.1956427693367004 0.5422672033309937 299.1078634187579 1.368193477392197 0.1324993818998337 0.8518189191818237 1.435239061713219 137.12298027426 4.634437561035156 75.99489989876747 4.605505898594856 2.550642654299736 3.609103925526142 0.8616743683815002 0.8683252185583115 0.1024549603462219 0 0 0 0.2671288400888443 0.9325766339898109 0.5498176440596581 0.3913582935929298 205.0634176954627 90.91280131042004 137.4693932384253 712.5134559124708 14.20962831377983 374.4883663877845 147.4802063107491 124.4179110080004 33.62390923500061 6.885816402733326 101.1779707595706 79.95310223847628 2.527525499463081 39.84316252171993 23.91692618280649 62.46588954329491 1.179817087948322 0.1949706673622131 10.74869827926159 7.516361385583878 0.3231065422296524 644.7240721359849 400.9945523887873
