365.5170329585671 3376.542921565473 612.4598267748952 2108.963897533715 84.81439664214849 62.87985827028751 302.5106334388256 124.6807097047567 6.207525201141834 791.3008589297533 100.5091027766466 29.69640122354031 37.46320346742868 26.3994108736515 10.59545384347439 0.6605549454689026 0 0 0 0 0.1154417619109154 0 0 0.09989936649799347 0.1141311004757881 0 0 0 0 0 667.3212751820683 3.289414316415787 8.961692340672016 0 0 0.4246509969234467 16.72808135300875 0.192546658217907 0.1530147343873978 0 0 0.07371393591165543 0.1657160371541977 0.09336140751838684 0 0.4050726294517517 18.46713767945766 1.239544600248337 0 0 0.3725636377930641 0.7157712131738663 0 0 13.63912829756737 12.66819360852242 112.7291727364063 562.3238663375378 75.82843536138535 41.85227562487125 0 0.48999984562397 0 4.967139542102814 5.28047077357769 2.012684926390648 0.1829458773136139 0.3588985726237297 0.1490022018551826 0 36.12966978549957 7.129765853285789 0.3209503293037415 111.3702718168497 55.34021959453821 15.37779279053211 0.6238626837730408 0.3876015245914459 7.295859724283218 40.57122524827719 0.4077957198023796 9.544334053993225 15.38953137397766 0.3567368686199188 1.452850922942162 1.657417356967926 0.6086695492267609 0.1673526763916016 0.4805227369070053 0.565964087843895 0.2085493803024292 0.4247101098299026 1.250506140291691 0.2384724095463753 0.2265829816460609 228.3871990293264 38.80976041406393 0.5797870755195618 4.377904951572418 754.3189500272274 0 0 0 0 0.4322255253791809 0 2.514928787946701 0 1.539810955524445 7.370292037725449 0 4.67631383985281 14.03236599266529 3.741271235048771 1.719055227935314 0 0.6009811609983444 0 0 0 0 0 0 0 0 0 0 0 0 0 0 0 0 0 0.1202242895960808 0 0 0.5152534246444702 0 0.8165224120020866 0.6459616124629974 0.7022444307804108 0.5844279229640961 1.042812556028366 0 0 0 0 0 0 0 0 0 0 0 0 0 0 0 0 0 0 0.2613958418369293 0 1.458154380321503 0 1.578909993171692 0 0 0 0 0 0 0 0 0 1.691067025065422 0 0 0.0806044265627861 0 0 0.8501778244972229 0.1529971808195114 0.1378189921379089 0.4118773937225342 0 0 0 0 0 0 0 0 0 0 0 3.865381494164467 0 0.7269436717033386 295.9628245532513 1.583591386675835 115.8658364787698 21.29298079013824 439.5137528181076 6.405701875686646 0 11.10126909613609 5.613125547766685 0 0.4417059570550919 1.031319215893745 22.10200077295303 0 0 0 0.8824705481529236 0.4937133938074112 152.708148829639 7.163362681865692
3376.542921565473 5430.999027624726 1576.653305582702 1507.63166090101 2860.673224210739 204.3689747750759 2351.055303305387 285.3730803728104 3148.956568941474 1860.615140900016 1009.876919798553 166.8785002455115 1309.358413435519 3859.485850125551 65.96560830622911 13.95877154171467 0.6848783046007156 0.2504524290561676 0 0.1345137506723404 0 0 0 0 3.186858616769314 0 0 0 0.1675692647695541 0.2065922170877457 2272.75065907836 35.89079882204533 83.62877698242664 0.2726880386471748 0.5708087012171745 3.589210860431194 46.70714719593525 3.004874534904957 0.7892295196652412 1.687027163803577 0.7860161811113358 0.1023002341389656 0.4174353405833244 1.727881625294685 0.1020943000912666 0.3064092993736267 122.509897492826 7.505785994231701 0.1880043745040894 0.2984708622097969 2.058911576867104 0.4476857706904411 0.1205372735857964 0 37.28421091288328 31.51137606799603 105.535536877811 1319.367428012192 162.3464445993304 159.4334077984095 0.8162311315536499 4.901594422757626 0 197.0064218789339 19.63705588132143 5.447622433304787 2.403391405940056 1.609668932855129 0.8724398910999298 1.210218153893948 27.67925561219454 0.4852778017520905 0 318.5807251185179 419.0901385322213 111.8909308984876 34.53341196477413 9.290155127644539 44.64220312982798 358.6885723248124 1.665056228637695 68.89972448348999 62.78137485682964 2.049800686538219 5.621982142329216 7.350966334342957 1.912110418081284 0.4954675957560539 0.7473011910915375 0.1236030608415604 1.200749911367893 0.2837600409984589 4.377546787261963 4.696326151490211 0.5918804109096527 25.52139411866665 1.479956045746803 0 0.6442596316337585 1122.453467361629 0.1695259213447571 0 0.9253582060337067 0.1664204597473145 2.026167348027229 1.343790769577026 2.922097966074944 0 2.187001496553421 8.11295673251152 0 6.443223550915718 18.92748381197453 10.61775125563145 7.310089081525803 0.09564248472452164 1.397628732025623 0 0 0 0 0 0 0 0 0.09052733331918716 0 0.1267121881246567 0 0 0.145946279168129 0.5839622616767883 0 0 1.137740343809128 1.871835790574551 0 0.9674897193908691 0 8.773158252239227 3.643309876322746 4.302567593753338 1.808970741927624 2.457350343465805 0.1659884452819824 0 0 0 0 0 0 0 0.1433577090501785 0.1146119385957718 0 0.1152918115258217 0.4804541990160942 0.2593560218811035 0 0.4697073996067047 0 0.3703353852033615 0.4761142060160637 0 0 2.961445517838001 4.329102121293545 0.3608826547861099 0 0 0 0 0 0 0.1101705133914948 0 5.278366163372993 0 0 0 0 0.9780660271644592 0.2246481329202652 0.7584914118051529 0.1140215992927551 0.1154788285493851 0.8521539345383644 0.3574401214718819 0.2174300849437714 0 0 0 0 0 0.116865448653698 0 0 7.808904282748699 6.390893839299679 5.988510243594646 387.9023620039225 10.6206169873476 385.2770396620035 69.24384362250566 619.9689549431205 13.53794085234404 1.91402979195118 45.57926609367132 12.10480297356844 0.2954282760620117 2.765274949371815 0.8707821741700172 23.45693249255419 0 0 0.2629969418048859 6.410983301699162 2.420035481452942 152.1699185147882 9.501855812966824
612.4598267748952 1576.653305582702 870.8942239955068 84.40748490393162 871.6430212929845 12.32710765302181 107.5243655517697 898.3405617326498 721.366096496582 153.4684632569551 1365.523797892034 91.6811406686902 473.628020554781 1876.497444547713 32.69231680035591 17.53745005279779 0.3635070621967316 0.1891352534294128 0 2.405268207192421 13.99908599257469 0.2819064557552338 0.1127759590744972 0 10.23500003665686 0.2410991787910461 0.3568336069583893 0 0 0 2923.055549949408 117.4954627901316 175.5090787857771 0.1367370337247849 6.31513811647892 19.18098715692759 91.04521548002958 6.415131367743015 1.525153316557407 2.824095383286476 3.074227713048458 1.495495341718197 2.480807349085808 1.003223836421967 0.102017767727375 0.8391872867941856 32.96793104708195 0.610026128590107 0 1.3668427541852 8.603890769183636 0.5038310438394547 0 0 4.729626148939133 4.772507317364216 21.54955045878887 364.6779093146324 27.75179190933704 19.40289467573166 5.452185198664665 29.07514918595552 1.906727492809296 119.6192300617695 2.364558711647987 2.830827049911022 2.471992172300816 6.439465783536434 11.52438026666641 13.81654173135757 57.50561751425266 0.8458131700754166 0 44.78118193149567 72.43724276870489 40.68676409870386 30.98828440159559 10.66655740141869 704.0136259198189 1415.782297186553 27.2413125038147 840.3756909072399 6.800412945449352 0.4714281260967255 1.458637602627277 1.487119741737843 4.470701158046722 0.140520915389061 1.170264273881912 0.3604308217763901 2.954669691622257 0.4790627658367157 42.55928131937981 10.04756500571966 2.901943787932396 46.05411951243877 3.412665113806725 0 0.9356361478567123 165.2238463312387 0 0.1199954524636269 0.2713535279035568 0 2.823688521981239 0 4.802921406924725 0 4.080540090799332 5.528979659080505 1.734560459852219 6.589684046804905 20.00113774091005 14.99544923007488 15.37517715245485 0.9503565728664398 1.718828640878201 0.1537309437990189 0.106189176440239 0 0 0 0 0.2094486504793167 0 0 0 1.730018883943558 0 0 0.1022424325346947 0.2228547856211662 0 0.09843212366104126 4.67450025677681 1.542893812060356 0.1129522100090981 1.683241441845894 0 16.69576719403267 9.26412758231163 17.61496963351965 6.643469117581844 5.847948327660561 0 0 0 0.5205862000584602 1.761293813586235 0.334009014070034 0 0 0.2855177372694016 0 0 0 0 1.07511568069458 0.4558239728212357 0.9607076942920685 0.07203396409749985 0.07720701396465302 0.377490796148777 0 0.7344507649540901 0.762020006775856 5.490806825459003 1.128716327250004 0 0.07915642857551575 0 0 0.1116164848208427 0 0.6091950982809067 0.3523058071732521 11.18643217533827 0.5436244606971741 0 0.2806000560522079 0.306818850338459 2.912733621895313 0.8932883739471436 2.643022947013378 0.8710795789957047 1.052848666906357 0.6336364895105362 0.5154033303260803 0.3470453470945358 0.09478296339511871 0 0 0 0 0.1394284069538116 0.2446103692054749 0 8.058689385652542 11.24310740828514 12.97906268388033 148.5676464065909 3.748665302991867 98.47128792852163 25.92089952528477 55.87114381045103 4.091940239071846 0 15.63781552016735 14.99017626792192 0.374280571937561 4.115000784397125 2.341180108487606 18.43531177192926 0 0 0.5073136985301971 5.751553349196911 3.444495029747486 42.71877039968967 20.31434835493565
2108.963897533715 1507.63166090101 84.40748490393162 522.5521776974201 25.55941098183393 386.0745383799076 644.8943504244089 1.559953898191452 6.890934079885483 2103.740558572114 1.377247497439384 51.38925375789404 287.8587236329913 63.91122904419899 8.057717218995094 0 0.3299601078033447 0 0 0.2236724123358727 0.1282049864530563 0 0 0 0.0839630663394928 0 0 0 0 0 98.11800038814545 1.320959590375423 2.292044602334499 0 0 0 2.32181578874588 0.1303647458553314 0.07564160227775574 0 0 0 0 0.1526629477739334 0 0 24.04084418714046 1.06700687110424 0 0.08459347486495972 0 0 0 0 12.82051131874323 9.180717594921589 46.40825142711401 253.6349588856101 41.93766287714243 46.84846817702055 0 0.1198427900671959 0 14.96146405488253 5.229532822966576 1.499018810689449 0.08908897638320923 0.1743505373597145 0.215472973883152 0.1251657456159592 1.440782979130745 0 0 98.97549894452095 85.82108107954264 16.69199430197477 0.489451989531517 0.2148985713720322 0.5263327434659004 1.361603140830994 0.5468896627426147 0.4484075158834457 18.42642319202423 0.4094198569655418 1.687264263629913 1.666002750396729 0.4297928288578987 0 0.2432088553905487 0.1505400985479355 0 0 0.7363694533705711 0 0 31.83784833550453 0.4244389235973358 0 0 1011.457482233644 1.666696324944496 9.663890525698662 23.30152890086174 47.37210897356272 0.9710137546062469 3.580923736095428 23.3353808671236 0.4538240432739258 16.29315672814846 11.76015493273735 0.4485234320163727 2.44895938038826 8.234045654535294 2.363299250602722 2.460497051477432 0 0.8054931163787842 0 0 0 0 0 0 0 0 0 0 0 0 0.1023002043366432 0 0 0 0 4.194542095065117 0.1611376404762268 0 0 0 0.431843563914299 0.6453237533569336 0.1489303112030029 0.2320614010095596 0.4135246351361275 0 0 0 0 0.2001230418682098 0 0 0 0 0 0 0 0 0 0.1872481182217598 0.3553301095962524 0.08387890458106995 0.5018327757716179 3.490222200751305 0.2880477905273438 0 0.2697961628437042 0.5340629816055298 2.236965090036392 0 0 0 0.07068613171577454 0 0 0 0.07909298688173294 1.058214798569679 0 0 0 0 0.4263063818216324 0 0 1.196693792939186 3.518511399626732 0 0 0 0 0 0 0 0.1179301142692566 0 0 0 2.133168071508408 0.5212969928979874 0.8622914701700211 236.1706254705787 0.8977088034152985 102.0047583729029 19.73854955285788 1167.425116710365 5.347414448857307 0.467235654592514 9.014693275094032 8.021657072007656 0 2.751357972621918 0.335333839058876 18.03229781240225 0 0 0.1435577571392059 2.044908598065376 0 147.6313461363316 1.904970355331898
84.81439664214849 2860.673224210739 871.6430212929845 25.55941098183393 1180.938560221344 0.8579019457101822 2286.649147421122 426.0272180587053 3318.138774380088 961.3255811110139 932.4851133078337 99.60460946708918 1192.511932037771 2263.348881691694 56.16321489214897 8.723885647952557 0.6860416606068611 0.2017765864729881 0 0 0.2766344323754311 0 0 0 1.363243065774441 0.1002464964985847 0 0 0 0.08506350964307785 309.9255783334374 26.94915822893381 13.39834709465504 0.09739053994417191 0.6737551912665367 0.20965376496315 11.20523997396231 0.2996781393885612 0.8507589548826218 0.3905374929308891 0.214940994977951 0 0.2789476588368416 0.8977848812937737 0.09095539152622223 0 108.4922398552299 3.88395194709301 0 0.1704055145382881 0.7086636275053024 0.1181266456842422 0 0.1633681654930115 15.38408762216568 13.8360061571002 16.23982106149197 257.6094729527831 36.51691930741072 81.2930831387639 0.3463031798601151 1.412318751215935 0.2230519726872444 152.8409548327327 9.220960423350334 3.09142304956913 0.2683746665716171 0.7785968780517578 0.3138129040598869 0.4622243642807007 8.318955339491367 0 0 96.95584300160408 207.5587711408734 103.2226511016488 43.78179756551981 6.34187214076519 27.47637805715203 39.07955412566662 1.156877733767033 11.85312546789646 28.32821147143841 0.5183249339461327 2.831570483744144 3.251367188990116 0.7812547087669373 0 0.1672399565577507 0.2341883778572083 0.18181112408638 0 1.533463135361671 0.1486455649137497 0.2166512981057167 5.566375263035297 1.317795857787132 0 0.2387975007295609 25.03187848627567 0.2747477889060974 0.7525525093078613 0.6725331172347069 0 0.6245939880609512 0 2.073362194001675 0 2.132956400513649 6.401172153651714 0.7120871245861053 6.024670317769051 16.82871164381504 7.983115211129189 7.005459271371365 0.4250000268220901 0.4203369989991188 0 0 0 0 0 0 0.1902883350849152 0 0 0 0.4554328322410583 0 0 0.1801355332136154 0.09852676093578339 0 0.1078581959009171 1.638225264847279 0.5423469617962837 0 0.8205919116735458 0 6.756387688219547 2.20454129576683 5.748352363705635 1.86479414254427 0.5193445533514023 0 0 0 0.1696990430355072 0 0 0 0 0.3382884934544563 0 0 0 0 0 0.09594722837209702 0 0.09364859014749527 0 0 0 0.4421255588531494 1.287691220641136 2.770199462771416 1.407283954322338 0 0 0 0 0 0 0 0 5.108410611748695 0.1819476783275604 0 0 0 1.628814704716206 0 2.398084111511707 0.0730397030711174 0.08760214596986771 0.4172893837094307 0 0.1254010796546936 0 0 0.1104682832956314 0 0 0 0 0 7.223597943782806 4.124868206679821 4.034192651510239 246.8632228448987 9.280822277069092 244.6091578006744 36.80004681646824 36.34923518449068 9.420604467391968 0.6156839653849602 42.42338382452726 11.00334227830172 0 1.90382643789053 0.6644903346896172 13.58241604268551 0.4851565510034561 0 0.9207599461078644 5.764335721731186 1.244439110159874 27.27189569175243 6.506993383169174
62.87985827028751 204.3689747750759 12.32710765302181 386.0745383799076 0.8579019457101822 12.34676983952522 14.11547948420048 0.9321931302547455 0.2648087441921234 397.6290671825409 1.213910326361656 136.6125112771988 37.92144097387791 4.333007767796516 0.09244664758443832 0 0 0 0 0 0 1.391042619943619 0 0.1255444884300232 0 0 0 0 0 0 3.823436766862869 0 13.1614800542593 0 0 0 69.99411218613386 0.1678411513566971 4.425307914614677 0 0 0 0 0 0 0 1.648947030305862 0 0 0 0.1185212880373001 3.965816929936409 1.838534876704216 0 0 0.8402704820036888 45.86990891396999 10.74679170548916 4.232454873621464 2.300821527838707 0 1.1100784689188 0 1.002698481082916 0.1166517958045006 0 0 0 0 0 151.2488710433245 134.0993210375309 3.594913452863693 2.424094289541245 2.541507229208946 1.162114158272743 0 0.1657307744026184 0 1.679528430104256 0 1.842287868261337 0 0.7339518889784813 0 0.2491024136543274 0 3.386738985776901 1.61483345925808 6.63145574182272 1.204954914748669 3.560744047164917 0 0 1.570245683193207 235.6634688079357 212.165891200304 12.99755354225636 27.71994736790657 251.6361579596996 0 0 0 0 0.4537162333726883 0 4.146665185689926 0 2.658394530415535 2.642051354050636 0 1.85467903316021 8.836033038794994 1.805953189730644 1.457028478384018 0 0.3544655591249466 0 0 0 0 0 0 0 0 0 0.2792753428220749 0 0 0.3951537236571312 0 0.24040637165308 0.3785187005996704 0.5399770215153694 0.8761002346873283 0 0 0.1389007121324539 0 1.287457272410393 0.4183692038059235 0.1656350791454315 0.8004902526736259 0.6797783523797989 0 0 0 0.2519102990627289 0 0.2914089933037758 0 0.2289799153804779 0 0 0 0 2.150005385279655 0 0 0 0 0 0.1470960527658463 0 0 0.5270847231149673 2.456319332122803 0 0 0 0 0.1241092085838318 0 0 0 0 1.990027606487274 5.127967000007629 0 0 0 0.1676625460386276 0 0 0 0.9744164794683456 0 0 0 0 0 0 0 0 0 0 0 3.541496559977531 1.196075618267059 2.265790984034538 96.71497246623039 0.1543471962213516 4.73358154296875 0.811942532658577 133.7593596726656 1.936522573232651 0 0.5163001418113708 9.520634353160858 0 0.2190463691949844 0 17.52570569515228 0 0 0 0 0 50.69135172665119 8.150641456246376
302.5106334388256 2351.055303305387 107.5243655517697 644.8943504244089 2286.649147421122 14.11547948420048 505.0881532430649 18.59485737979412 2445.751265451312 3054.557391963899 166.2455157637596 350.6312735080719 2891.784104727209 1531.734315536916 49.17878475040197 6.77666524797678 0.1887756884098053 0.1001586094498634 0 0.08617571741342545 0.3714710399508476 0 0 0.08751370012760162 0.1169970855116844 0 0 0 0 0.09681805968284607 265.0861001312733 16.32734830677509 4.261299781501293 0 0.2341336756944656 0.2674900367856026 7.373194724321365 0.7850050181150436 0.519060343503952 0.3299479931592941 0 0.3183560743927956 0.08629284799098969 0.8221873492002487 0.6609597057104111 0.1844025328755379 95.6067973524332 3.092992216348648 0.2300872504711151 0.3562426194548607 0.2884643152356148 0 0.1958162188529968 0 18.35652623325586 14.90516362339258 24.00279556214809 371.4570400416851 56.1569255143404 90.83753658086061 0.09273684024810791 0.4744418933987617 0.209096759557724 126.8832706511021 11.26734041422606 3.383108556270599 0.2570261433720589 0.178324356675148 0.8879031091928482 0.1074971780180931 6.367741636931896 0.1715873777866364 0 133.4156515710056 246.356783144176 83.97828441113234 29.11186323314905 3.887382209300995 9.019599169492722 3.885782189667225 1.078611090779305 7.970036461949348 38.02367717772722 0.6199866235256195 4.096354894340038 3.577360086143017 1.033731698989868 0.1133506894111633 0.5718740969896317 0.09146823734045029 0.09338012337684631 0 1.397009082138538 0.3318447470664978 0.07991781085729599 5.575040973722935 1.162428766489029 0 0.2612301707267761 85.18685315549374 9.976989917457104 5.682158455252647 100.6849742680788 75.31191521883011 4.048610724508762 50.5433765873313 6.351927563548088 15.72961074113846 72.70229440182447 37.51363056153059 1.061208575963974 58.77743650227785 23.14859553426504 10.88777948915958 7.94125534594059 0.5884070843458176 0.1240350678563118 0 0 0 0 0 0 0 0 0 0 0.428412601351738 0 0 0 0.2192425429821014 0 0 25.54916951060295 0.2851850092411041 0 0.265843540430069 0 5.889316037297249 3.061575010418892 8.332496799528599 2.036910131573677 1.546896897256374 0 0.09566953033208847 0 0 0.08792613446712494 0.4814771115779877 0 0.2064053937792778 0.306640550494194 0 0 0 0 0 0.4706748276948929 1.836737304925919 0 1.070711053907871 8.48825228959322 0.1216230839490891 0 0.3265767693519592 2.098281592130661 3.737113706767559 0.2037773877382278 0.1767069846391678 0.2125127613544464 0.08799300342798233 0 0 0 0 6.065651416778564 0 0.1137495711445808 0 0.1124558672308922 2.43103751540184 0.3019567877054214 2.379252552986145 4.995276138186455 7.726474337279797 1.699189983308315 1.228385664522648 0.2146435603499413 0.09295056760311127 0 0 0 0.09898586571216583 0 0 0 7.574666246771812 4.618300721049309 3.168014481663704 278.7314905971289 7.683678783476353 289.3616501092911 48.02658139914274 78.38369491696358 14.0379581823945 0.3519671261310577 44.687071159482 10.76146640628576 0.3374155610799789 13.91318412125111 3.892977647483349 32.57009457796812 0.8522020429372787 0.1217460334300995 1.023906640708447 2.85605289041996 1.237287059426308 43.48059993237257 10.96260308474302
124.6807097047567 285.3730803728104 898.3405617326498 1.559953898191452 426.0272180587053 0.9321931302547455 18.59485737979412 265.7666498422623 174.1038725525141 18.71980330348015 2055.508440420032 37.63693218678236 198.0562394410372 1170.776864081621 16.88061782717705 9.505991049110889 0.2332795709371567 0 0 0.9311927109956741 5.422141507267952 0.1452889293432236 0 0 8.909227505326271 0 0 0 0 0 590.0604791194201 425.3982962295413 216.2419504746795 0.3315076231956482 3.261561341583729 11.41755849123001 61.05159328877926 7.999060198664665 1.706153407692909 3.393621385097504 1.497716322541237 1.0651486068964 1.683088630437851 0.262459896504879 0 0 21.83500092476606 0.2255969345569611 0.1421087682247162 0.3019691631197929 4.701987937092781 0.2492037862539291 0.5687757283449173 0 1.660844877362251 1.231872551143169 3.451174519956112 69.16237381845713 6.605500012636185 10.16588527709246 3.43151343613863 12.15353256464005 1.711487211287022 55.04158250242472 0.785376749932766 0.5858620554208755 0.9113323539495468 1.244729608297348 2.374153859913349 7.358890287578106 23.0730706602335 1.391046419739723 0 13.38922007381916 38.80166677385569 22.95870002359152 22.40774869918823 32.24227365851402 1778.478354297578 2415.490224435925 8.946564748883247 593.1783865243196 2.578795894980431 0.08906900137662888 0.162694051861763 0.08537577092647552 0.5766099318861961 0 0 0.2257215157151222 2.126120522618294 1.364314436912537 17.72192306816578 9.708938635885715 3.002301715314388 15.49399065971375 2.226799622178078 0.2341313660144806 1.001750491559505 22.78707586228848 0.1761298775672913 0.1385761350393295 0.3371173366904259 0 0.1486808955669403 0 1.284696027636528 0 0.7177857309579849 3.486322648823261 0 3.651238635182381 8.754221029579639 4.175751216709614 3.307425782084465 0.7711002454161644 0.1147851273417473 0 0 0 0 0 0 0 0 0.5342922732234001 0 2.273743413388729 0 0 0.1221974939107895 0.1539080440998077 0 0 0.6253088638186455 0.289746105670929 0 0.2840012907981873 0 8.434204891324043 3.483466729521751 6.584539406001568 2.694326564669609 3.097110874950886 0.741719663143158 0.1073857173323631 0 0.2524696886539459 0 0.2820569574832916 0 0 0 0 0 0.5756443738937378 0.08086805045604706 1.048813417553902 0 0 0 0 0.3418788909912109 0 0 1.1522596180439 1.070401184260845 0.1316025406122208 0 0 0 0 0 0 0 0.1647410839796066 4.821169026196003 0 0 0.2865519821643829 0.8391600102186203 0.3075421303510666 0 0.4991030246019363 0.376640222966671 0.4313258826732635 0.1329792439937592 0.0929286926984787 0.1477325260639191 0 0 0 0 0 0 0.1348914802074432 0 4.17802182585001 3.484631896018982 6.419259198009968 106.1883190348744 1.551131963729858 63.43559384346008 18.7480688393116 6.807285808026791 4.189106501638889 0 12.38042146712542 6.099939823150635 1.177184507250786 1.980631224811077 0.7040270939469337 6.780808173120022 0.2583737969398499 0 0.1487691849470139 4.004309743642807 0.5552302598953247 19.50504467636347 10.17171318084002
6.207525201141834 3148.956568941474 721.366096496582 6.890934079885483 3318.138774380088 0.2648087441921234 2445.751265451312 174.1038725525141 907.8712721839547 263.3460257202387 926.2616840079427 64.71972341090441 1355.708312995732 1689.452695719898 13.76026532053947 3.066223368048668 0.09931944310665131 0 0 0 0 0 0 0 0.5915895327925682 0 0 0 0 0 26.23326663672924 4.410943567752838 5.18328919261694 0 0.1072013527154922 0.3586296588182449 4.465414054691792 0.2102326303720474 0.3145747110247612 0.1006677001714706 0.1254298388957977 0 0 0.2687144577503204 0 0 22.62787365913391 0.4017852768301964 0.1377434134483337 0.1061519235372543 0.08977564424276352 0 0 0 1.617763467133045 1.018953949213028 1.326092511415482 25.59326045960188 4.140910901129246 15.08199203759432 0 0.7112271189689636 0.1406292170286179 26.07004464417696 1.061196394264698 0.3147828355431557 0.331824004650116 0.09077070653438568 0.2955150604248047 0.2948725521564484 4.095591776072979 0 0 13.8449824526906 30.34169845283031 21.55626783519983 10.90042262524366 1.901188977062702 20.64768005907536 48.01309601217508 0 6.144572384655476 4.934377990663052 0.08282923698425293 0.1635275110602379 0.2731526643037796 0.3864025548100471 0 0.09785623103380203 0 0 0 0.6081831157207489 0.5845366269350052 0.1132844239473343 2.04434409737587 0.8370955586433411 0 0 1.938064761459827 0 0.5035499334335327 0.1561421304941177 0.1124961227178574 0.4607163965702057 0 0.5924967750906944 0 0.1430466920137405 2.32170282304287 0.3845540583133698 1.514081865549088 5.214087672531605 3.971945092082024 1.336744919419289 0 0.1281644999980927 0 0 0 0 0 0 0 0 0 0 0 0 0 0 0 0 0 0.1273040622472763 0 0 0 0 0.8374549970030785 0.2724107503890991 1.675940543413162 0.1600053161382675 0.3000193685293198 0 0 0 0 0.2682105004787445 0 0 0 0 0 0 0 0 0 0 0.2294339537620544 0 0 0.3060921207070351 0 0 0.704267218708992 1.162017300724983 0 0 0 0 0 0 0 0 0 2.078653283417225 0 0 0 0 0 0 0 0 0 0 0 0 0 0 0 0 0 0 0 0 3.389929577708244 0.8313420787453651 0.8368933126330376 63.27614755928516 1.021482639014721 54.98615638911724 8.803597643971443 6.564459294080734 2.799664534628391 0 10.58231697231531 1.631974413990974 0 0.7600942254066467 0.1430906504392624 3.405901998281479 0 0 0.1238928511738777 1.008894264698029 0 3.569879077374935 3.028400592505932
791.3008589297533 1860.615140900016 153.4684632569551 2103.740558572114 961.3255811110139 397.6290671825409 3054.557391963899 18.71980330348015 263.3460257202387 2614.753920316696 126.8939415067434 4712.16955037415 4323.859040521085 523.965711556375 67.20113990455866 17.80174542963505 0.3917679563164711 0 0.2170866206288338 0.3946604132652283 0.2380127012729645 0 0 0 0.3763186633586884 0 0.1231286227703094 0.08533762395381927 0 0 137.1140973046422 5.463309980928898 20.6681712269783 0.1906042993068695 0 0.311923086643219 48.05243126302958 0.4493248462677002 0.5752382948994637 0.2544153854250908 0 0 0.2308313995599747 1.407769873738289 0.2858163714408875 0 114.5461734309793 1.934452854096889 0.235335536301136 0.4826403185725212 0.6722172498703003 0 0 0.1361102014780045 18.68258690088987 13.82473162561655 41.94134668260813 282.1825952231884 51.46116161346436 87.35749603807926 0.5147950500249863 1.239841908216476 0 73.42417501658201 9.575149714946747 2.880043961107731 0.3115857690572739 0.3267873302102089 0.3386243656277657 0.1502818167209625 99.64914178848267 0 0 123.8831760659814 179.6619812771678 97.38004860281944 40.48495383560658 9.037761524319649 3.505892030894756 5.350740909576416 0.9534958600997925 8.640902571380138 32.59432569891214 0.1044329628348351 3.09075715392828 3.120926193892956 0.667013980448246 0.2191433310508728 0.09132152795791626 0.1325019001960754 0.2269377931952477 0 0.7008448243141174 0.10118468105793 0.1980269178748131 274.9399430006742 36.64729943871498 0 2.257238075137138 379.8922772780061 2.087812840938568 9.609398148953915 8.714362792670727 2.123551726341248 20.76653870940208 1.777767583727837 67.25211419165134 1.032623425126076 60.56403527408838 115.5405944883823 8.322169542312622 100.0928830578923 289.7483211755753 140.2969519123435 91.20811779797077 2.587140507996082 2.515495993196964 0 0 0 0 0 0 0 0 0 0 4.991073429584503 0 0.09570731222629547 0.1999739855527878 0 0 0 26.77803736925125 9.830243736505508 0 3.960528835654259 0.1884646713733673 70.09001043438911 19.89603020250797 45.73236358165741 11.08086966723204 12.36902196705341 0 0.3613911345601082 0.2450887411832809 1.351093590259552 1.630681872367859 2.610148653388023 0 0.3516232967376709 3.122598730027676 0 0 0 0.6349982619285583 0 0.9797215685248375 2.410507902503014 0.1119039431214333 1.278341561555862 4.024287842214108 0.8622640073299408 0.8025427609682083 6.485057935118675 28.2871774956584 8.069814242422581 0 0 0 0 0.09036167711019516 0 0 0 70.53919603675604 0.5446556061506271 0 0 0.3809989988803864 25.08826892822981 5.532188236713409 15.23635484278202 2.62049413472414 7.052093267440796 2.422514893114567 2.2599171474576 1.249876536428928 0 0.08374008536338806 0 0 0.1413926631212234 0.351993016898632 0.149729922413826 0 126.0115671232343 26.38759003579617 24.97115240246058 1115.496131040156 13.63201548904181 417.164574123919 76.58179096132517 749.0884870812297 23.06521205604076 0.544959545135498 118.5437641739845 118.5078994184732 0.1018419861793518 27.32378106564283 8.341484703123569 363.1679330393672 1.965594246983528 0 5.563196919858456 13.20041464269161 3.614100754261017 506.8868492543697 151.0636366307735
100.5091027766466 1009.876919798553 1365.523797892034 1.377247497439384 932.4851133078337 1.213910326361656 166.2455157637596 2055.508440420032 926.2616840079427 126.8939415067434 1319.799799263477 182.181691095233 1326.737780675292 2802.442377410829 27.69088285416365 16.39020082354546 0.4797937422990799 0 0 0 1.395455867052078 0.5112298727035522 0 0 3.701261676847935 0 0.1140093803405762 0 0.09897578507661819 0 186.3596046790481 15.05597519874573 318.8279111459851 0 0.488849513232708 4.195703975856304 146.7431695535779 2.280104413628578 0.3599913641810417 2.027603760361671 1.617041423916817 0 0 1.277266591787338 0 0 33.11463323235512 0.3456099480390549 0.07381340861320496 0 3.879033453762531 0.4615923911333084 0.3488075435161591 0 2.884127713739872 2.122569605708122 2.317461118102074 63.99190339446068 10.62120195478201 16.81827819347382 0.4623325020074844 9.16954217851162 0 36.37325838208199 1.54141541570425 0.7929313108325005 1.121205568313599 0.275549627840519 0.3051797822117805 0.2399259433150291 41.58042045682669 0.6368343085050583 0 20.09514264017344 44.61749298125505 40.29338216781616 27.76570356637239 8.966342031955719 119.8325882107019 316.1816183179617 1.950711242854595 39.8483369871974 5.904590174555779 0.1197653263807297 0.5347675606608391 0.7456457540392876 0.1783262863755226 0 0 0.1414378434419632 1.408936604857445 1.068751648068428 5.415487430989742 3.468832962214947 0.7979045733809471 15.63901768624783 1.204786457121372 0 0.09585285931825638 23.51664651185274 0 0 0 0 0.5503977537155151 0 0.8842509761452675 0.1150823980569839 0.2068725824356079 3.322618782520294 0.3692451789975166 2.885800316929817 5.060012020170689 2.949621431529522 3.893737681210041 0.2130764946341515 0.6389425247907639 0 0 0 0 0 0 0 0 0.4001997411251068 0 0.5589071661233902 0 0 0 0 0 0 0.878094270825386 0.1449259668588638 0 0.4053764343261719 0 5.807412050664425 2.498626403510571 3.527400597929955 2.393489301204681 1.099023923277855 0 0 0 0 0.2379756420850754 0 0 0.09845655411481857 0.3679262846708298 0 0 0.1974623948335648 0.1275736838579178 0 0 0 0 0 0.2108345776796341 0 0.121047131717205 0.5592882186174393 1.991817891597748 0.6756618767976761 0 0.1727310121059418 0 0 0 0 0 0.2242609113454819 3.649718403816223 0 0 0 0.1495053321123123 0.5086750909686089 0.210597038269043 1.064008541405201 0 0.2692296504974365 0.5720087438821793 0.312314361333847 0 0 0 0 0 0 0 0 0 3.658899500966072 2.898613549768925 4.012323029339314 112.2222304567695 2.29781311750412 83.47367798537016 14.83677040040493 9.839829452335835 3.905643127858639 0 18.00092840194702 1.733497142791748 0.145525723695755 2.260258056223392 0 3.863829970359802 0.2543755173683167 0 0.1382931023836136 2.365843310952187 2.036562338471413 12.59214836359024 6.097044557332993
29.69640122354031 166.8785002455115 91.6811406686902 51.38925375789404 99.60460946708918 136.6125112771988 350.6312735080719 37.63693218678236 64.71972341090441 4712.16955037415 182.181691095233 212.6678364351392 634.7517144754529 279.7780928835273 41.16564085334539 26.200364343822 0.8961305320262909 0 0.1067711338400841 0 0.2238153964281082 0 0 0.1102312132716179 1.582067914307117 0.1992115378379822 0 0.1392199397087097 0.3329175189137459 0.2659017443656921 18.14569710940123 1.817727915942669 36.83261385560036 0 0.3922759145498276 0.3009858503937721 547.4175498783588 0.9594468474388123 0.6600483059883118 0.6648460701107979 1.028153583407402 0.145002618432045 0 1.719118230044842 0.1141452267765999 0.2617452070116997 33.42272520810366 0.3611197769641876 0.1609665304422379 0.3292136117815971 1.441325582563877 1.005728125572205 0.6832701563835144 0 1.194339998066425 0.3660055100917816 3.370108969509602 14.98685199767351 4.637570858001709 10.11378466337919 0.6292746961116791 2.608448550105095 0.1286738067865372 12.12138521671295 0.4605116695165634 0.163815476000309 0.1220247074961662 0.1843486949801445 0.1581724360585213 0 213.178920596838 2.442502081394196 0.2177613377571106 12.32270523905754 18.45882048457861 39.01507771760225 27.13688191026449 11.26284168660641 1.668926782906055 13.53309406340122 0.9011219069361687 5.304009303450584 2.929397724568844 0 0.1570408046245575 0 0 0 0 0.2985509634017944 0.6993806660175323 0.749928817152977 2.428053244948387 1.713708341121674 1.194035157561302 1175.436278022826 97.09141607582569 0 1.361277289688587 47.62300798296928 3.996274799108505 11.22837679833174 6.218498177826405 0.3851235955953598 25.74421270191669 0.777087114751339 52.28842964023352 1.341979905962944 57.67573223263025 99.83059579879045 12.25843276828527 96.06533781439066 315.8097708970308 173.6018252596259 124.4693141952157 4.0338119789958 4.418633125722408 0.1211709231138229 1.352332092821598 0 0 0 0.5327914655208588 0 0 0.5448070466518402 0 3.169314697384834 0.09997615963220596 0 0.3599804639816284 0.3568763434886932 0.1405460089445114 0 37.13461168110371 9.407387837767601 0.1451563686132431 3.719288051128387 0 102.0813248679042 21.50640362501144 62.70121414214373 16.2805067896843 9.854015074670315 0 0.7647080719470978 0 1.522887706756592 2.609688647091389 0.4546751156449318 0 1.167354628443718 4.960025310516357 0 0 0 0.2643792554736137 0.1636076271533966 1.164200156927109 2.468319997191429 0.1805955395102501 0.7621482387185097 5.482749320566654 0.5565212666988373 0.5336642265319824 8.119234755635262 41.05321583896875 6.790034033358097 0.3752424567937851 0.1708309799432755 0 0 0.1508193463087082 0 0 0 100.9997552484274 1.153709709644318 0.7356229424476624 0.1281837373971939 0 26.33651247620583 4.617124155163765 12.68720401078463 6.187201879918575 10.05923360586166 5.311434291303158 4.055820412933826 2.185438327491283 0 0 0.273832730948925 0 0.1721962690353394 0.09026788920164108 0.1208371073007584 0 163.2370508164167 47.10731475800276 40.7576801404357 475.5441165342927 5.593430668115616 102.5356448143721 27.29578006267548 291.3766824230552 7.622042819857597 0 25.17888311296701 106.0727785080671 0.9006365537643433 26.70821011811495 12.7744305357337 302.8428142368793 3.522259697318077 0 3.807351022958755 5.376047261059284 2.270603686571121 1065.215411067009 255.2702338770032
37.46320346742868 1309.358413435519 473.628020554781 287.8587236329913 1192.511932037771 37.92144097387791 2891.784104727209 198.0562394410372 1355.708312995732 4323.859040521085 1326.737780675292 634.7517144754529 2407.642908066511 4860.062883682549 88.8239129409194 48.66450416296721 1.361408457159996 0 0.127084344625473 0.1447604149580002 0.2893046438694 0.3944908976554871 0.10036401450634 0 3.207410015165806 0.1288054436445236 0.1052427366375923 0.1211405470967293 0 0 56.06144236773252 7.853779844939709 165.9475852176547 0 0.1193459704518318 2.077380605041981 458.4346513003111 2.394225217401981 0.8596886321902275 0.704399086534977 0.6389488577842712 0.1503944396972656 0.1575106680393219 4.411854632198811 0.4511957168579102 0 97.85215769708157 1.046446457505226 0.4563031867146492 0.1952957138419151 3.20021016895771 0.9844217896461487 0.7909730598330498 0 4.851628042757511 4.550242945551872 4.578973449766636 70.70023127645254 14.03233601897955 38.33611184358597 0.7829268798232079 4.285495974123478 0.4047192335128784 49.76076542586088 3.44780008494854 1.477512307465076 1.363406330347061 0.8273263052105904 0.8790773302316666 1.383381813764572 227.2331661656499 1.393447160720825 0.8700464218854904 44.5159379914403 90.42903983592987 106.2392736449838 69.33852490782738 19.98326244205236 12.16024988144636 121.3268127962947 1.963570438325405 15.22206968814135 12.75885530561209 0.1203637570142746 0.5469621196389198 0.8286042585968971 0.1678104177117348 0 0.3007228747010231 0.7179381251335144 1.762975871562958 0.8336260616779327 5.113824620842934 5.356420047581196 1.176269747316837 553.9123636335135 50.79285153746605 0.09767740219831467 1.820064038038254 27.3055452182889 2.362747393548489 6.975238278508186 7.435140810906887 1.782895550131798 23.24395155161619 0.5757699608802795 44.69391202181578 1.750167801976204 41.73198964446783 100.1602776646614 10.70858915895224 86.10530845820904 269.0998580828309 129.7722981572151 98.65968037396669 5.794820018112659 3.746742643415928 0.1295607835054398 0.1108839437365532 0 0 0 0.436135858297348 0 0 0.5356620922684669 0 4.166448526084423 0 0.0911070927977562 0.231694407761097 0.1020695418119431 0 0 26.57803547382355 11.45751033723354 0.1343281269073486 11.04651317000389 0 83.52323120087385 23.19979986548424 52.15264650434256 15.7407318726182 14.51037276536226 0 0.35104651004076 0 0.5828412026166916 1.957316569983959 2.273875638842583 0 0.3758664205670357 3.204595826566219 0.1211762726306915 0 0.798682913184166 0.1357822865247726 0.519099734723568 1.771037019789219 1.334335833787918 0.1355729550123215 2.685788862407207 3.802748292684555 0.1124799400568008 0.129680410027504 13.62758209556341 41.18672551214695 4.355605036020279 0.6767078042030334 0.2025541588664055 0 0 0 0 0 0 83.66843079775572 0.6396463811397552 0.3262547254562378 0.1209581270813942 0.7203177586197853 26.82153065502644 4.575732424855232 16.06222102791071 2.732084289193153 8.81127043813467 4.302711971104145 2.631578050553799 0.9893730506300926 0 0 0 0 0.1070762649178505 0.3045736700296402 0.1448764353990555 0.1419597566127777 116.4534055292606 46.23743407428265 38.11100422590971 658.6771725788713 5.647315017879009 277.7367487847805 59.23271333426237 124.5599586740136 14.25592871010303 0.9496045708656311 65.27861246466637 102.0979792326689 0.9673494473099709 28.51030068844557 10.45066806674004 263.8938778042793 3.084967508912086 0 3.806652694940567 15.56356827914715 3.146528087556362 477.8417940065265 171.3033025488257
