366.4443981423974 1350.817570492625 294.02264855057 1315.242548085749 44.8675132766366 75.99357904493809 591.1217216476798 239.6029677316546 1.915470331907272 865.8799413666129 21.54316180944443 139.6196430325508 150.6619141250849 87.51634354144335 2.495601400732994 0 0 0 0 0 0 0 0.09049352258443832 0 0.1223305687308311 0 0 0 0 0 1985.16995216161 18.54538647830486 58.97299167513847 0 0.1201829463243484 0.1230301558971405 11.54444356262684 0.08271826803684235 1.033960863947868 0.120693139731884 0 0.1937723010778427 0.133492186665535 0 0 0.09060470759868622 8.515252783894539 0.2465313002467155 0 0 0.1888740658760071 0.6396064311265945 1.054307207465172 0 7.392648562788963 9.156554535031319 232.799947693944 671.0045595318079 175.3418250605464 23.24607416987419 0.1117292046546936 0.4803154543042183 0 12.95029398798943 4.021940052509308 0.4942724630236626 0.6399653032422066 0.1056351736187935 0 0 28.01864706724882 2.31726461648941 0.3178189694881439 173.7349769324064 8.293491177260876 7.223869927227497 1.192101009190083 0.7532557994127274 2.766361095011234 52.78486146777868 0.09800940006971359 9.353725172579288 10.57773874700069 0.1083697006106377 2.160549983382225 2.810756787657738 0.1977308094501495 1.484117180109024 0.3986865058541298 0.9001788571476936 0.2682384699583054 0.5357601493597031 0.3779548108577728 0 0 293.2058592736721 85.64794135093689 1.831536218523979 3.031972341239452 1292.243787646294 0.3821626901626587 8.948129698634148 2.634158700704575 0.6198751330375671 0 3.317851334810257 7.908595189452171 3.41591015458107 9.167372956871986 26.45614983141422 0.835986316204071 4.17083466053009 17.27265760302544 5.991030141711235 4.330373331904411 0.1485826969146729 0 0 0.4364784359931946 0 0 0 0 0 0 0 0 0 0 0 0 0 0 0 0.8130755424499512 1.042908906936646 0 0 0 16.1644225269556 0.764071062207222 12.36093428730965 0 0 0 0 0 0 0.10394536703825 0 0 0.7915693521499634 0.6290978193283081 0 0 0 0 0 0 0 0 0.1708314120769501 0 0.5507553815841675 0.7558891177177429 1.944592982530594 0.3431432247161865 0 0 0 0 0 0 0 0 0 8.415569357573986 0.6118524670600891 0 0 0 2.180453911423683 1.139568209648132 0 0 0 0 0.4726890027523041 0 0 0 0 0 0 0 0 0 5.757703825831413 1.037457257509232 2.352733492851257 109.7063489183784 3.656819246709347 76.87511075288057 14.40720923244953 624.8668107017875 8.400604814291 2.831929311156273 3.261809691786766 3.749030768871307 0 0.5476218163967133 0.363731250166893 56.82777810096741 0.3607459962368011 0 0.1280251294374466 3.202396184206009 0 269.3385170549154 3.332144916057587
1350.817570492625 2699.684686794877 1093.101741887629 2345.381665743887 1999.496822960675 79.79539301246405 2299.24271132797 1495.445591010153 535.5013108029962 1120.570869341493 1606.043263748288 483.5245912820101 1040.823248744011 1183.641837418079 42.35347121953964 4.089474454522133 0 0.5669006928801537 0 0 0.6528481245040894 0 0 0.08024904876947403 0.1671337485313416 0.2474571615457535 0.6253965198993683 0.9863750785589218 0.1172022223472595 0.1044276431202888 2216.681954883039 118.4090776890516 203.1590347141027 0 0.08713717758655548 0.106591060757637 34.52506508678198 0.5001686736941338 1.528395444154739 0.96171585470438 0.612724132835865 0.1163153424859047 0.4177539497613907 0.2405950576066971 0.09901686757802963 0.09210028499364853 113.5105811208487 2.80564072728157 0.6729893088340759 0.3354421779513359 0.1008051559329033 0 0.1811046451330185 0 14.27244304120541 15.53563649207354 147.5422299653292 532.774453997612 168.1120294332504 102.1717920303345 0.4469225481152534 1.501098640263081 0.3135470151901245 195.7302917018533 7.79608578979969 1.327059164643288 1.799812808632851 0.09369541704654694 0.2537917718291283 0.4938070923089981 37.3345508351922 0.1877351850271225 0.07832619547843933 312.6808692514896 79.86658817529678 99.6134492456913 43.19449956715107 13.03843249380589 9.112997151911259 213.3450554311275 0.1428359150886536 31.60921392589808 31.91882353276014 0.1698934882879257 3.843437373638153 6.106271736323833 0.6222626343369484 0.4116901308298111 0.8278714269399643 0 0.2262078523635864 0.1106994077563286 0.47334124147892 0.228605605661869 0.08211347460746765 21.1437152326107 8.952215619385242 0 4.84614785015583 383.5897226929665 0 10.00579030811787 1.181519538164139 3.571391060948372 0 6.560180723667145 7.62229835242033 4.838359415531158 8.451250717043877 19.76767520606518 1.969409823417664 12.46792332828045 13.1172512024641 12.10071331262589 8.323243677616119 0.6266642808914185 0.1095814555883408 0 0.2633953094482422 0 0 0 0 0 0 0 0 0 0 0 0 0 0 0 1.530737236142159 0 0 0 0 12.87256079912186 0 20.31809674948454 0.4800669848918915 0 0 0 0 0 0.8146291375160217 0.1007126420736313 0 0 1.718507960438728 0 0 0 0 0 0 0 0.2048602029681206 0.0844007208943367 0 0.2963114380836487 0 1.190730020403862 2.865878656506538 0 0 0 0.07995808869600296 0 0 0 0 0 18.6787054091692 0.1401980370283127 0 0 0 7.82857957482338 0.1845761686563492 0.4060453772544861 1.120909512042999 0.6752702444791794 1.120328068733215 0 0 0 0 0 0 0.1326374113559723 0 0 0 6.947875447571278 7.218118734657764 10.78389292955399 221.6183367744088 8.243012346327305 221.4405654296279 36.02001784741879 383.4001230821013 18.89527957886457 4.569330669939518 18.46000205725431 6.135984882712364 0 3.149494171142578 0.7102328389883041 14.53804107010365 0 0.2186053246259689 2.945963121950626 9.841167718172073 0.1698699444532394 117.2048183679581 8.434913605451584
294.02264855057 1093.101741887629 959.2140096873045 280.2300863862038 618.1045681089163 6.122000455856323 151.74592102319 4158.232712179422 421.6511326283216 22.15410146862268 2843.117924384773 272.8307501226664 662.8194413930178 1516.764652237296 4.289709515869617 3.029382690787315 0.2096896171569824 0.4835005849599838 0 0.5762834101915359 1.055548802018166 0 0.6611630916595459 0.821013480424881 4.388249360024929 0.9771581217646599 1.274681694805622 0.2867364883422852 0 0.2130634337663651 2298.639612860978 479.5745289847255 344.7173430845141 0 0.5198764726519585 0.6191738694906235 37.3342003673315 1.176172532141209 0.8323410078883171 1.569854848086834 4.775286726653576 3.104278087615967 1.704723484814167 0.1987862810492516 0 0.2858207672834396 10.5289603844285 0.5657479912042618 0 0.8791976198554039 0.981891080737114 4.457369551062584 0 1.225400418043137 1.006313107907772 0.468339815735817 10.86411438882351 66.62005714327097 11.74721093475819 5.652975477278233 1.512020848691463 5.191879577934742 0 197.7979367077351 0.6222776398062706 0.2758121639490128 0.1949097663164139 0 1.198262825608253 0.9691881909966469 39.63000517338514 0.3483323603868484 0 16.45011860877275 3.804574675858021 6.132581897079945 10.21195705235004 16.57154034078121 47.13661186397076 801.4557721093297 0.6721326783299446 208.8526907861233 0.7043753266334534 0 0.1900348737835884 0.3171856924891472 0.4886339753866196 0 0.1191696971654892 0 0.3691388443112373 0.3305152058601379 4.726392090320587 0.7185026854276657 0.3025461435317993 17.45253758132458 15.34833254665136 0 6.885888658463955 82.14342980831861 0 0.1489526331424713 0 0.1617672145366669 1.070897579193115 0.6942057013511658 0.6303085088729858 1.511532068252563 0.8824580162763596 4.170663952827454 4.454464673995972 0.4035611972212791 1.164116591215134 3.772480554878712 1.759067490696907 0.6760163754224777 1.269406244158745 0 0 0 0 0 0.3996918797492981 0 0 0 0 0 0 0 0.223695807158947 0 0.2810490727424622 0 1.28819927573204 0.9114869832992554 0 0.4049088358879089 0 10.79838091135025 0.4929774701595306 5.384579762816429 1.694031774997711 0 0 0 0 0 0 0.8011744916439056 0.2459182888269424 0.367387980222702 0.3683566376566887 0 0.3012802749872208 0 0 0.6597967743873596 0 0 0 0 1.121068373322487 0 0.6228064820170403 0.9957712516188622 2.760973408818245 0 0.5886731743812561 0 0 0 0 0 0 0.1143643334507942 13.46662086248398 0 0 0 0 1.748403832316399 0.2494527772068977 0.4975461065769196 0.7127687335014343 2.461441799998283 1.220978453755379 0 0 0 0 0 0 0 0 0 0 1.971756219863892 5.002585135400295 11.22673722356558 21.7662400752306 2.429407767951488 14.51160748302937 3.076222471892834 32.07551428675652 2.206512980163097 0 2.970778815448284 5.441156908869743 0.180847629904747 3.244352504611015 0.7643761038780212 0 0 0 2.587059855461121 0.4847876876592636 0 11.21291674673557 3.653764337301254
1315.242548085749 2345.381665743887 280.2300863862038 576.970647841692 24.76570293307304 283.0946549326181 1006.435593515635 4.922139935195446 0.7167014926671982 1403.041432514787 10.79265969991684 922.7314363047481 578.7614555284381 12.10925529152155 2.489782474935055 0 0 0 0 0 0 0 0 0 0 0 0 0 0 0 276.5055441856384 0.1763074547052383 0.4933565706014633 0 0 0 0.3070335388183594 0 0.1432838439941406 0.1073804199695587 0 0 0 0 0 0 10.37685658037663 0.4756086245179176 0 0 0 0 0 0 3.146821111440659 3.011799186468124 54.33847384154797 138.7448563948274 58.505650408566 19.35296146571636 0 0.1594526767730713 0 4.343551605939865 1.46803542226553 0.6854914277791977 0 0 0 0 1.31434404104948 0.4051896035671234 0.2341930642724037 84.5225922614336 8.826718658208847 8.668581016361713 0.8499049618840218 0 0 0.1142253577709198 0 0.5781297758221626 6.067851737141609 0 0.4641286060214043 1.582590967416763 0.244132399559021 0.1203925311565399 0.1394075900316238 0.3998284339904785 0 0.1070213913917542 0 0 0 33.9786035567522 2.913564026355743 0 0.2869705110788345 623.6766236051917 0 10.20668497681618 0.1628433763980865 4.141934037208557 0 5.427156239748001 8.782470308244228 6.325642839074135 4.542281709611416 11.05308742821217 1.047515228390694 5.845116928219795 8.794432871043682 3.263299904763699 0.6206840574741364 0 0.2854689359664917 0 0 0 0 0 0 0 0 0 0 0 0 0 0 0 0 0 0 0 0 0 0 1.015043631196022 0 0 0 0 0 0 0 0 0 0 0 0 0 0 0 0 0 0 0 0 0 0 0.107455775141716 0.7170937955379486 0 0 0 0 0 0.09690931439399719 0 0 0 0 0 0 4.715600691735744 1.819000437855721 0 0 0 1.619832843542099 0 0 0.257533073425293 0 0 0 0 0 0 0 0 0 0 0 0 1.177986159920692 0.7320682406425476 0.2196152806282043 34.68659494072199 1.631592452526093 43.35236541181803 4.787774242460728 491.6538477391005 4.591674029827118 0.7072107642889023 2.678678438067436 0 0 0 0.3824587762355804 27.1549264639616 0 0.3569506257772446 0 1.023133486509323 0 164.9191088080406 3.794308617711067
44.8675132766366 1999.496822960675 618.1045681089163 24.76570293307304 1743.97955134511 1.571386322379112 2137.774329848588 64.47963686287403 3647.588264904916 175.6215191110969 1269.564620733261 55.02043890953064 751.7371421977878 1953.936470523477 28.20904295891523 5.000745013356209 0.5406948551535606 0 0 0 0 0 0 0 0 0.2174863070249557 0 0 0 0 225.8448675200343 22.65871618688107 1.23883293569088 0 0 0 1.424953401088715 0.116775743663311 0.1595374643802643 0 0 0 0.2115049436688423 0 0 0.4069306179881096 69.44503349065781 0.496796727180481 0 0 0.1103082671761513 0 0.1701870858669281 0 4.201396971940994 3.220714151859283 18.76098750531673 80.99946706742048 25.05591757595539 42.09064297378063 0 0.2260264456272125 0 116.5553029105067 1.676665052771568 0.1955643370747566 0.3752916157245636 0 0 0 13.43421772122383 0 0 67.79924674332142 30.33593245595694 47.86384935677052 35.2945921048522 10.11609701812267 0.8512247949838638 2.593607477843761 0 0.2663662284612656 9.775394320487976 0 1.211116828024387 2.627468355000019 0.2005364298820496 0 0.3583478927612305 0 0 0 0 0 0.2124304622411728 33.74607536196709 2.865709513425827 0 1.397417441010475 5.935716807842255 1.244758188724518 7.922211438417435 2.779407650232315 0.2651248872280121 1.204421401023865 8.288886725902557 2.792187139391899 4.087605148553848 9.822258397936821 11.99594896286726 3.750327169895172 18.42750975489616 19.70254550874233 21.9405327886343 14.92214146256447 0.5229097604751587 0.3831463158130646 0 0 0 0 0 0 0 0 0 0 0 0 0 0 0 0 0 3.630451649427414 1.84031668305397 0 0.7697954773902893 0 25.003866776824 0 15.47680872678757 1.215936571359634 0 0 0 0 0 0 0 0 0 0 0 0 0 0 0 1.251655578613281 0 0 0 0.2089146822690964 0.3974245190620422 0.8771759867668152 2.023573204874992 3.994844302535057 0 0 0 0 0 0 0 0.09652641415596008 0 43.24887382984161 1.860902488231659 0 0 0 1.954636499285698 0 1.382820844650269 0.6049443185329437 2.129702687263489 0 0 0 0 0 0 0 0.1340247690677643 0 0 0 14.49147205799818 7.883432880043983 6.374702543020248 135.742914609611 3.399459503591061 92.13487049937248 17.34101409465075 41.43033814430237 10.17003919929266 0.7713382542133331 26.01108632236719 7.343420162796974 0 5.543707981705666 2.075745597481728 10.69664776325226 0 0 0.9993982315063477 8.141000591218472 0 52.89145881682634 5.571576580405235
75.99357904493809 79.79539301246405 6.122000455856323 283.0946549326181 1.571386322379112 0.7642773985862732 73.30844642966986 2.05106994509697 2.360687449574471 368.7403539344668 3.510472938418388 174.7276204526424 110.2547175586224 26.29397232830524 0.2280478924512863 0.1140871569514275 0 0 0 0 0 1.938655942678452 0 0 0 0 0 0 0 0 16.92840874195099 0.3694169223308563 4.846345260739326 0 0 0 4.181557409465313 0.5132555216550827 5.708589449524879 0 0 0 0 0 0 0 0.8654927015304565 0 0 0 0 7.702479481697083 0.4563010782003403 0.192212849855423 0 1.090356148779392 36.25070587545633 11.97542203217745 3.819825418293476 0 0 0.1258151978254318 0 0 0 0 0 0 0 0 99.36896114051342 256.7617672756314 15.96138159185648 7.845004878938198 0 0.23708675801754 0.1452829390764236 0.1330846101045609 0 0 0.3048656284809113 0.3981533348560333 0.9649962782859802 0.6584023013710976 0 2.989797674119473 0 24.69838989526033 15.08620965480804 18.59051040560007 6.241699256002903 12.50880548357964 0 0 0.8845876306295395 353.7128328531981 385.7493779808283 30.28315378725529 26.82576334476471 181.2455815672874 0 2.150022432208061 1.932889744639397 1.360854655504227 0 1.816457837820053 4.407032981514931 0.375273235142231 1.738622397184372 15.39590683579445 1.035044714808464 0.5595125555992126 5.589466795325279 3.108657173812389 1.203989073634148 0 0 0 0 0 0 0 0 0 0 0 0 0 0 0 0 0 0.284074455499649 0.2774580419063568 0 0 0 0 0 0.5715708658099174 0 0 0 0 0 0.2037357687950134 0 0 0 0 0 0 0 0 0 0 0 0 0 0 0 0 0 0.56056147813797 0 0 0 0 0 0 0 0 0 0 0 0 1.33602100610733 0.63504359126091 0 0 0 0 0 0 0 0 0 0 0 0 0 0 0 0 0.1250613778829575 0.1279516220092773 0 3.183869078755379 0 0 6.072941355407238 0.1140047162771225 3.729368656873703 0 53.67642562091351 0.1764373779296875 0.7792795896530151 0 0 0 0 0 13.25164872407913 0 0 0 0 0 56.33768092095852 3.596880435943604
591.1217216476798 2299.24271132797 151.74592102319 1006.435593515635 2137.774329848588 73.30844642966986 947.5239013805985 14.81318645179272 1004.234822049737 1721.163599506021 478.7595173642039 562.4264485985041 2985.51673591882 3365.653521671891 20.38756921887398 4.094379052519798 0.1558316498994827 0 0 0 0 0 0 0 0 0 0 0 0 0 246.1471926271915 7.572993241250515 0.5486897230148315 0 0 0 0.5123680308461189 0 1.150194816291332 0 0 0 0 0 0 0 45.61888076364994 1.242465406656265 0 0.2541647553443909 0 0 0 0 5.476791858673096 6.424913346767426 44.91355119645596 154.6170782893896 56.74876829236746 41.08289581537247 0 0.767567902803421 0 63.57086658477783 3.483451314270496 0.6591294929385185 0.12242391705513 0.2053611427545547 0.1169854924082756 0 11.7911344692111 0.7593943774700165 0 110.7723962068558 25.96279630810022 29.92000724375248 17.84198752045631 6.1026366725564 0.3147352486848831 0.6428912952542305 0.1978441774845123 0.4289117753505707 9.632780127227306 0 1.859827362000942 2.897185109555721 0.1865078955888748 0.3325527533888817 0.3826919123530388 0 0.6696802452206612 0.2807694226503372 0.2624561563134193 0 0 66.28745792806149 2.678214251995087 0.3202051818370819 1.907340854406357 52.96204687654972 4.248391725122929 9.241657987236977 137.5063769221306 29.9754494279623 1.474029451608658 31.24224671721458 20.92783282697201 34.15226285904646 42.26574738323689 43.74073734879494 7.693692125380039 33.71124056726694 49.60538045316935 35.42674732208252 13.83015184849501 0.2396096438169479 0.3909059464931488 0 0 0 0 0 0 0 0 0 0 0 0 0 0 0 0 0 16.22433841228485 0.9451757073402405 0 0 0 25.17487183958292 1.106525361537933 22.04215878993273 1.108083762228489 0.1958150565624237 0 0 0 0 0 0 0 4.114053979516029 1.945137046277523 0 0 1.010077357292175 0 0 0.368425540626049 0.1733973100781441 0 2.574414774775505 5.271937228739262 2.047774091362953 0 0.3878543078899384 5.654473051428795 3.274389073252678 0 0.09377409517765045 0 0.1112997829914093 0 0.1033495292067528 0 0 49.34974509477615 0.7222059518098831 0 0.2238267064094543 0.1445454508066177 8.186206601560116 2.028541564941406 3.166284710168839 6.044760517776012 8.721315331757069 1.925271220505238 0.5908174589276314 0.1047457009553909 0.09782351553440094 0 0 0 0 0 0 0 19.57199475169182 5.358310133218765 6.229930832982063 94.15000434964895 2.531649298965931 92.61991588026285 13.98623875528574 248.747455984354 9.606946766376495 1.196243263781071 10.08162033557892 4.959239676594734 0 15.19225756824017 2.035171017050743 50.17873176932335 2.841635376214981 0 1.092179253697395 1.907394289970398 0.7146815210580826 186.1852064281702 16.71796000003815
239.6029677316546 1495.445591010153 4158.232712179422 4.922139935195446 64.47963686287403 2.05106994509697 14.81318645179272 536.8536553308368 93.77226831763983 1.222153767943382 2511.366877369583 95.2248871922493 283.6682994887233 1046.676377102733 30.67810013890266 25.21215977519751 0.9788768142461777 4.007418483495712 0 5.401862248778343 10.32649509608746 2.072419196367264 6.91464601457119 11.65163360536098 48.71237184107304 31.72846350073814 25.44171448796988 6.962880559265614 0.9497586637735367 2.246227465569973 737.9456451907754 1097.985366947949 369.436712898314 0.2371928319334984 15.08507190644741 15.58911406993866 73.77824379503727 21.98515382409096 17.66573143750429 15.91579600423574 29.35521814972162 16.80911036580801 11.56341118365526 2.240121841430664 0.3091602250933647 0.1091343909502029 49.85111516714096 0.5459597259759903 2.147769242525101 6.64579114317894 2.098725326359272 26.9968983232975 2.689059153199196 9.895023912191391 0.9233623817563057 1.845381461083889 13.06176295876503 64.59805988520384 13.84083344787359 19.89041527360678 11.3356874063611 47.03587993979454 0.2173553258180618 296.6689436286688 1.162826962769032 1.277714781463146 0.9367897734045982 1.008365973830223 7.050555601716042 12.35570419579744 74.65579368174076 0.4522327035665512 0 37.82128626853228 23.56175365298986 41.68947684019804 222.2562203034759 296.5507238209248 645.4405448883772 1407.286815568805 29.87105083465576 1282.400861643255 3.707172274589539 0 0.7074432522058487 1.328405097126961 1.116046018898487 0 0.1767029985785484 1.270263433456421 3.516331925988197 1.448064580559731 16.1066882610321 3.509138807654381 3.073891207575798 6.641611061990261 16.98920406401157 0 13.0483723282814 16.20705475658178 0 0 0 0 0 0 0 0.6852701902389526 1.242115497589111 0.4138671308755875 0.4875968396663666 0 1.999315544962883 1.694215834140778 0.6841029077768326 0.673581063747406 0.5971740409731865 0.1119279190897942 0 0 0 0.2069418728351593 0.8274222314357758 0 1.373045891523361 1.208852402865887 0 0 0 0.1535192728042603 0.9353123232722282 0 0.3186455816030502 0 0.8818313181400299 0 0 0 0 8.885722547769547 0.4046852290630341 11.16104782372713 2.031686514616013 0.2025745362043381 1.68721815943718 1.163843527436256 0 0 1.167904540896416 0.4000682458281517 0 0.5544673800468445 1.774958126246929 0 0.2970640063285828 0.444912314414978 0.2021466866135597 2.58831948786974 0 0.4023997783660889 0.2431265786290169 0 0.09686869382858276 0 0.855584554374218 2.433161951601505 0.8367800712585449 0.1691197007894516 0 0.7487369775772095 0.1669519543647766 0 0 0 0.5648428201675415 0.5060142576694489 12.15235925465822 1.091089680790901 1.312162697315216 0 0.1335404068231583 2.221221454441547 1.753090187907219 3.231738686561584 0.8023461401462555 0 0.2434059977531433 0 0.143415704369545 0 0 0 0 0 0 0 0 1.674613542854786 9.068206436932087 9.856606982648373 92.92534615844488 7.739812985062599 79.63101058453321 22.77293284982443 16.26444628089666 6.04925212264061 0.5794983878731728 12.14255817979574 4.634741373360157 0 6.325724042952061 1.667318522930145 0 0.1660257130861282 0 2.077220022678375 5.679270878434181 0.1663537174463272 7.484111309051514 3.218522071838379
1.915470331907272 535.5013108029962 421.6511326283216 0.7167014926671982 3647.588264904916 2.360687449574471 1004.234822049737 93.77226831763983 831.4423906952143 29.7212956994772 1421.151697769761 17.20950300991535 410.1452149674296 1483.45081306994 24.89669417589903 5.933138214051723 0.2241598069667816 0.2864928245544434 0.09317470341920853 0 0 0 0 0 0.09074537456035614 0 0 0 0 0 36.5996720045805 13.14731888473034 3.283068627119064 0 0 0 3.124334409832954 0 0.3571935594081879 0.09589316695928574 0 0 0 0.1022882536053658 0 0 44.0967995300889 0.3173195198178291 0.1045996323227882 0.06418013572692871 0 0 0 0.189334511756897 2.477857574820518 2.649324797093868 5.665230423212051 19.94572632759809 9.453928351402283 19.49679983407259 0.07874618470668793 0.2056390196084976 0 35.98978736996651 0.7399781867861748 0.3871760591864586 0.6823129430413246 0.1688824743032455 0 0.3635019958019257 22.08258394151926 0 0 26.91311365365982 17.9010773897171 28.96742386370897 19.04744584858418 9.45356161147356 1.466245763003826 25.8096666932106 0.08088661730289459 0.5783490166068077 4.399163611233234 0 0.6448731571435928 0.7766778841614723 0.09159671515226364 0 0 0.1479343175888062 0 0.4012052118778229 0 0 0.1114917173981667 25.08969950675964 7.672614514827728 0 0.8629816323518753 1.339959107339382 2.40603631734848 3.177957266569138 2.796662740409374 0.4404952377080917 2.309745356440544 17.13321889191866 6.58102048188448 15.17666195333004 13.08512864261866 22.28992162644863 5.675268068909645 19.2509892731905 34.66162366420031 34.43069748580456 12.4630917981267 3.04731111228466 0 0 0 0 0 0 0 0 0 0 0 0 0 0 0 0 0 0 9.647649273276329 3.719895601272583 0 0 0 37.5131771042943 0.1951221823692322 32.38521945476532 1.694247327744961 0 0 0.2053195834159851 0 0 1.059003949165344 0 0 0 1.674798488616943 0 0 0 0 0 0 0 0 2.030175730586052 2.294777750968933 0.1427214741706848 0 0.3314473032951355 8.086752019822598 1.753275662660599 0 0.3251056373119354 0 0 0 0 0 0 55.60570669174194 0.1514154374599457 0 0 0 8.650968484580517 0.4541699588298798 1.25835283100605 1.966669976711273 0.7085652500391006 1.499720901250839 1.202816136181355 0 0.196089893579483 0.5419183969497681 0 0 0 0 0 0 16.3304031714797 10.81182128190994 13.58843402564526 76.55443646013737 1.699099682271481 47.99675271660089 10.67593558132648 20.2089651376009 5.2023840919137 0.452607236802578 14.46010737866163 7.184966944158077 0 4.363749079406261 3.537901267409325 7.760938256978989 1.964823752641678 0 3.44744485616684 3.694024287164211 0.446095883846283 42.72137369215488 11.29213834553957
865.8799413666129 1120.570869341493 22.15410146862268 1403.041432514787 175.6215191110969 368.7403539344668 1721.163599506021 1.222153767943382 29.7212956994772 931.8622842282057 12.9076496809721 2004.273573957384 4959.494118541479 235.3659819960594 2.052744261920452 0.7177249193191528 0 0 0 0 0 0.2101529240608215 0 0.141408696770668 0 0 0 0 0 0 72.53414212167263 0.6711539924144745 18.15898191183805 0 0 0 8.621506422758102 0.1605306714773178 0.8301283270120621 0.236371636390686 0 0 0 0.1152582466602325 0 0 12.19590102136135 0 0 0 0 0.4307288080453873 1.409870848059654 0 0.7949103489518166 1.763452865183353 32.31973092257977 67.32476684451103 24.16484647989273 10.81490200012922 0 0 0 3.366273574531078 0.9468788281083107 0.09945036470890045 0.09364055842161179 0 0.1425599902868271 0 231.0259005576372 14.96368934214115 1.069309666752815 48.25489175319672 4.243983656167984 8.515958733856678 0.5732464492321014 0.3147445544600487 0 0.4041477739810944 0 0.3999599143862724 2.264775812625885 0 0.3738198503851891 0.6709843575954437 0 2.225541554391384 1.037830770015717 2.133725494146347 0.5481046289205551 1.119494155049324 0 0 0 134.2450315505266 109.93327075243 2.4676174223423 9.025042124092579 304.8371856659651 1.788422301411629 79.0843068882823 80.71709502488375 102.0425066277385 2.519776403903961 76.18975615501404 82.36458866298199 39.04525083303452 52.08139365911484 105.3879054710269 10.3143558204174 41.71020737290382 101.787369787693 46.3636234626174 12.76462024450302 0 0.1152512952685356 0 0 0 0 0 0.3690861910581589 0 0 0 0 0 0 0 0 0 0 0 5.448064789175987 2.827858850359917 0 0 0 20.43109918385744 0 6.087084412574768 0 0 0 0 0 0 0 0 0 0.09822338819503784 0 0 0 0 0 0 0.2779848277568817 0.1101408377289772 0 0.6045245453715324 1.560204826295376 6.104649171233177 0 0 2.751100152730942 1.771209716796875 0 0 0 0 0 0.1294836848974228 0 0 40.36408110707998 3.401978462934494 0.3760081306099892 0.1363638192415237 0 5.082655116915703 0 0.6249821782112122 1.315748363733292 0.7267824187874794 0.1600811779499054 0 0 0 0 0.5097470432519913 0 0.1173977106809616 0 0 0 42.23803611844778 1.840052850544453 0.4639428853988647 64.10154750198126 0.7334037125110626 28.26553273946047 4.010657168924809 834.978478088975 1.942739382386208 0.4691877663135529 3.718091115355492 2.756322093307972 0 3.599825009703636 0.2066586315631866 164.5319469347596 0.2248846217989922 0 0.6159939765930176 1.653221189975739 0 635.6105562150478 51.63091270625591
21.54316180944443 1606.043263748288 2843.117924384773 10.79265969991684 1269.564620733261 3.510472938418388 478.7595173642039 2511.366877369583 1421.151697769761 12.9076496809721 3061.715383052826 191.221206381917 1854.176010906696 2844.474104970694 41.92285097390413 17.7981119453907 0.2643091380596161 0.1699751392006874 0 0 0 0 0.1953857839107513 0 0.8688182383775711 0 0.2844510227441788 0.4169733002781868 0 0 108.3945791274309 25.49177515506744 184.2489786446095 0 0 0.7341436296701431 33.77664790302515 0.2303145155310631 1.420037411153316 0.4454329088330269 0 0.5830743014812469 0.08438698947429657 0.5605774000287056 0 0.09412886947393417 52.08748183399439 0 0.1101089492440224 0 0 0.966252475976944 0 0.37734355032444 1.707558237016201 2.203999020159245 8.98366491496563 33.80284509807825 10.54539195820689 27.5683506950736 0.0813622772693634 0.8623585179448128 0 60.21518507599831 1.209337897598743 0.5159175023436546 0.1965239569544792 0 0.09951644390821457 0 23.09914300590754 0 0 38.26758310943842 23.2405644506216 49.28575937449932 27.21845119446516 23.16554209589958 9.741471096873283 764.8958202004433 0 47.73583582043648 5.444862693548203 0 0.9942700266838074 1.267010644078255 0.3588513433933258 0 0.2749096304178238 0 0.08814885467290878 0 0.2943048477172852 0.4868414700031281 0.1859983578324318 22.75380072742701 6.803140014410019 0 2.45944469422102 2.395947486162186 1.573853224515915 2.225396655499935 2.926246866583824 3.27560743689537 1.671099305152893 11.7738067060709 5.587397590279579 15.34662533551455 11.59031196683645 12.66966784745455 7.760008335113525 15.08862095326185 29.77631413936615 24.2482136413455 13.61972595751286 1.791016563773155 0.4069369807839394 0.1051174476742744 0 0 0 0 0 0 0 0 0 0 0 0 0 0 0 0 3.91266804933548 4.685761243104935 0 0.6035211533308029 0 31.54234163463116 4.404247224330902 24.6767587736249 1.978383675217628 0 0 0 0 0.2034651339054108 0.1878013461828232 0 0 1.006577149033546 1.814594238996506 0 0 0 0 0 0 0.2457509785890579 0.08394506573677063 1.566711246967316 2.77736596763134 0.3580829948186874 0.5299896895885468 1.053276255726814 5.356165885925293 0.7109730839729309 0 0 0 0 0 0 0 0 53.66074313223362 0.3757827430963516 0.1849890202283859 0 0 9.136483386158943 3.561534613370895 1.459019780158997 1.523204103112221 7.199687540531158 0.994138315320015 0.6384672224521637 0.1934975385665894 0 0 0 0 0 0 0 0 13.17581575363874 9.477734737098217 15.2179076820612 122.2388551831245 2.776895523071289 73.76425790786743 16.9012451171875 23.9736802726984 9.513623669743538 0.305854007601738 21.23335451632738 12.8111514672637 0 4.987257540225983 2.000219598412514 9.12548004835844 2.257808335125446 0 0.1117679849267006 6.886963829398155 1.191986203193665 24.27522116154432 8.466081641614437
139.6196430325508 483.5245912820101 272.8307501226664 922.7314363047481 55.02043890953064 174.7276204526424 562.4264485985041 95.2248871922493 17.20950300991535 2004.273573957384 191.221206381917 112.4221235588193 1467.806085988879 70.20855741947889 33.97076562047005 26.69401820749044 0.3970584720373154 0.2660152465105057 0 0.5869542136788368 0.7945960760116577 0.8799827247858047 0 0.2720548510551453 1.530620992183685 0.1576890349388123 0.1214258223772049 0.9909441247582436 0 0 45.30933231860399 11.89395679533482 21.71554014086723 0 0.1720306277275085 0.4093193113803864 45.35911943763494 4.97727308422327 7.038015529513359 1.089933559298515 0 0.3589573353528976 0.4039659351110458 1.206312566995621 0.2488237023353577 0.3052280098199844 42.49771885573864 0.1086501851677895 0 0.1829013824462891 0.09117051959037781 1.666778475046158 1.2912812307477 1.520304098725319 2.0330670773983 0.7489771991968155 6.395490512251854 22.65981771796942 9.53640142083168 14.94048720598221 0.6700417250394821 1.974801398813725 0.1240190416574478 19.14038054645061 0.5500934198498726 0.3276058211922646 0.09607281535863876 0.09420379996299744 0.09116526693105698 0.3899348378181458 181.27924811095 2.187014400959015 0.1516525745391846 19.41988788545132 13.42233445495367 28.30578657239676 20.02759917080402 21.38591106235981 4.254385963082314 3.643260613083839 0 1.734470635652542 2.407756313681602 0 0.463945209980011 0.2447656542062759 0 0.6049382239580154 0.5941022858023643 0.2637945413589478 0.2552488222718239 0.7927682548761368 0.3621013537049294 0 0.1499209553003311 394.64530582726 89.42912409454584 0.5728151649236679 105.3333394601941 44.18183028697968 3.074790224432945 38.58622636646032 17.61507274210453 12.94966177642345 4.413653299212456 67.66959420591593 51.86131572723389 53.94866465777159 69.40096026659012 175.3112129867077 24.53198619186878 75.4468836709857 185.6117318943143 91.63457424193621 51.89594267308712 1.534391187131405 1.560098685324192 0 0 0 0 0 0 0 0 0 0 0.1850528866052628 0 0 0 0.2358155250549316 0 0 17.22266269475222 6.640733130276203 0 0.4887923374772072 0 93.95724204182625 3.214905351400375 64.62815281748772 4.434395179152489 1.236325934529305 0 0 0 0 0.2888259664177895 0.2730212584137917 0 0.633772149682045 1.612079292535782 0 0 0.1166171506047249 0.3278839886188507 0.1124762892723083 0 0.3506300896406174 0 2.505736157298088 3.771430596709251 6.632103845477104 0.6348404809832573 4.345086917281151 15.77064725756645 3.539391793310642 0.2151544466614723 0.2613461315631866 0 0 0 0 0 0 177.4083554297686 3.659968353807926 1.124553486704826 0.09702147543430328 0 23.03715515881777 2.259500324726105 4.253513343632221 4.328821577131748 4.268169917166233 2.331128261983395 0.4165874496102333 1.811909027397633 0 0 0.1042600721120834 0 0.1400859951972961 0 0 0 76.03872041404247 21.28081040084362 27.31078556925058 138.5241336375475 1.950828067958355 62.14963781088591 21.86919069290161 314.39285813272 8.567563459277153 0.3169439733028412 21.19684046506882 16.87508361041546 0 13.88814266771078 4.931924983859062 93.08054402470589 0.7505545765161514 0 2.106252543628216 8.167747758328915 0.8553367853164673 649.9852067753673 61.70640971511602
150.6619141250849 1040.823248744011 662.8194413930178 578.7614555284381 751.7371421977878 110.2547175586224 2985.51673591882 283.6682994887233 410.1452149674296 4959.494118541479 1854.176010906696 1467.806085988879 1129.365571938455 3676.060808815062 111.4920412003994 103.3538892269135 0.8671795800328255 0.4604460075497627 0.2858554571866989 0.8423842787742615 1.161483943462372 6.036793112754822 0.4978149831295013 0.6175685673952103 12.47530095279217 2.879249915480614 4.221849471330643 1.46336604654789 0.2745712995529175 0.1325798779726028 128.1761305108666 50.81368298828602 528.4351720809937 0 1.461737565696239 1.950644940137863 249.5050097033381 23.80794932693243 101.9328510537744 9.003569826483727 1.643424734473228 2.083876475691795 1.252012312412262 7.226570948958397 0 1.092613905668259 143.1049911603332 1.360816799104214 0.7997626811265945 1.847427174448967 0.2455190345644951 14.608951613307 6.677797630429268 5.704525031149387 2.897713981568813 3.200098007917404 16.24827916175127 76.83358059078455 25.03895867615938 46.48816892504692 2.039490953087807 15.31904611736536 1.52193196862936 83.57756400108337 1.506234049797058 0.5255216956138611 0.1021973714232445 0 1.242807067930698 1.348865434527397 590.4912345334888 3.863839894533157 0.291012167930603 67.27784258872271 42.6946764588356 102.5849851891398 90.28932278603315 79.3108596354723 26.05381967872381 126.190983004868 1.238940365612507 26.24750582873821 8.533883318305016 0 1.529945641756058 1.281451769173145 0.442463330924511 0.4596201702952385 0.8334558606147766 0.2403699830174446 0.7699430286884308 1.385767482221127 1.624727308750153 1.159592732787132 1.267559245228767 835.9507311284542 110.773645684123 0.3389123380184174 360.5660157576203 30.9299748018384 8.437250249087811 37.33659453690052 53.62510569393635 94.55268003046513 6.757035039365292 136.8232386931777 69.7923821657896 101.1837909147143 106.484083943069 153.8181683644652 36.12872213870287 172.1870148479939 226.6482791900635 180.6210787072778 98.69130843877792 5.912149384617805 3.856758698821068 0 0.8131760954856873 0 0 0 0 0 0.2329511642456055 0.5857739448547363 0 1.429838895797729 0 0 0.09391175955533981 0.1014701500535011 0.3116219639778137 0.09379000216722488 27.88814821839333 15.4556715041399 0.1166395470499992 3.457303300499916 0.7843750715255737 174.480436436832 6.343316793441772 134.3503767177463 8.876278676092625 1.165416784584522 1.184032827615738 0 0 0 1.621993243694305 1.487464673817158 0 3.012854903936386 6.810102581977844 0 0.09205230325460434 0.7127043604850769 0.1665147989988327 0.6534607633948326 0 0.07583583146333694 0.1385694295167923 2.010741502046585 6.262046717107296 7.479097090661526 4.039178840816021 8.275700300931931 42.37569949775934 4.217417910695076 0 1.278194271028042 0 0 0 0 0 0 341.7548569813371 5.838324174284935 0.779836118221283 0.8202854320406914 0 41.95489819347858 3.475361943244934 17.12383732199669 12.15110660344362 15.96386433392763 3.808261431753635 1.651292227208614 3.306439734995365 0.1659877896308899 0 0.875387117266655 0.1050819307565689 0 0 0 0.2225905954837799 137.8869559541345 56.16069772839546 66.55914918333292 408.5362090021372 7.647238530218601 203.9076600819826 74.70344841480255 219.2737926915288 24.84545235335827 0.6174056455492973 74.09118458628654 56.6921718493104 2.089127838611603 31.06949653476477 11.04986291378736 135.0817085057497 7.579585939645767 0.6761076748371124 4.213572025299072 26.95768879354 2.069817915558815 562.249536588788 109.8909557536244
87.51634354144335 1183.641837418079 1516.764652237296 12.10925529152155 1953.936470523477 26.29397232830524 3365.653521671891 1046.676377102733 1483.45081306994 235.3659819960594 2844.474104970694 70.20855741947889 3676.060808815062 821.0244374200702 129.4306159690022 89.3324746415019 0.8186315149068832 2.017575658857822 0 1.805977404117584 1.078036539256573 3.353321060538292 0.9684677124023438 1.150129973888397 17.49110145121813 3.801243707537651 4.242162317037582 1.584324471652508 1.460909463465214 0.4890334010124207 244.3815894648433 123.4819579198956 454.9630097895861 0.08219598978757858 2.644851297140121 3.166612759232521 283.3422007411718 17.2493939474225 20.4648374542594 11.87611281126738 5.014013655483723 2.512739464640617 1.71991229057312 4.775033317506313 0.159125491976738 1.421852767467499 181.6346982717514 1.758779458701611 0.4484811127185822 1.126148372888565 0.6468447297811508 11.29586984217167 3.889926701784134 4.370242387056351 6.768458560109138 3.683280378580093 23.76154571771622 93.48487470299006 29.3146950006485 72.87183748930693 1.47542155534029 7.666810631752014 0.6941307932138443 138.3063507154584 3.677985399961472 1.468943364918232 0.4902242869138718 0.7616776451468468 1.070644564926624 2.438111394643784 155.7796811982989 1.615911789238453 0.1696627885103226 91.33720996975899 68.23256334662437 139.1132851392031 104.3362047225237 94.75277448445559 65.47283636778593 219.5231411531568 0.5285021141171455 146.321867749095 11.07541336864233 0 2.193650804460049 3.211795456707478 0.9356315732002258 0.2171498090028763 1.142167501151562 0.6431417465209961 0.5407041683793068 1.507611617445946 3.266456767916679 3.706230700016022 2.095154210925102 178.9331700354815 57.31773965060711 0 45.03859663009644 13.04216213524342 6.053482599556446 18.7496694996953 12.92551425099373 10.30272277444601 4.510072238743305 93.13856399804354 38.51185342669487 68.79338646680117 64.73974216729403 86.14191877096891 24.10778407007456 81.68793622404337 159.8612279593945 139.6321713849902 71.36003274470568 5.206922821700573 5.161987535655499 0 0.8087893724441528 0 0 0 0.438333086669445 0 0 0.4827341511845589 0 0 0 0 0.1249498575925827 0 0.431439220905304 0 27.32384084165096 15.95846280455589 1.169626474380493 1.469286970794201 0 158.8720573857427 4.546750284731388 129.1841951757669 6.727562323212624 1.376301899552345 0.3598747849464417 0 0 0.3180161714553833 1.064751446247101 1.43950117379427 0.3458300828933716 2.88866700977087 6.547332741320133 0 0 0.598788894712925 0.3565253987908363 0.8966056182980537 0.1682371646165848 0 0.353283055126667 4.558130666613579 4.380673348903656 4.50634940713644 1.955076828598976 13.29948335886002 29.40977541357279 3.5178167745471 0.207174688577652 0.9403897002339363 0 0 0.1149756610393524 0.07779664546251297 0 0 270.1540907621384 3.366555087268353 0.5039369612932205 0.389188140630722 0 34.94458597898483 4.976461656391621 16.00268566608429 5.174937941133976 13.27784292399883 4.772525526583195 1.919711627066135 2.607390359044075 0 0.1000254601240158 0.885077029466629 0 0.09553284198045731 0 0 0 84.7179529517889 49.25698228925467 61.56596150994301 405.2854346036911 8.770596027374268 224.3179924413562 64.33344329148531 86.2443834617734 21.18582775443792 2.073462054133415 70.96991420537233 35.20463359355927 0.3257159441709518 26.25865273177624 8.487601205706596 64.43054879456758 4.551971018314362 0.2725808024406433 7.890088304877281 32.01632834970951 0 196.7925924137235 58.67225212603807
