404.6906136274338 1559.473753891885 184.1787168309093 2661.422504253685 71.02715584635735 56.16374005377293 365.7397516220808 13.89559052884579 16.66965908557177 1682.005908958614 32.04492525011301 80.47341288626194 92.39315763115883 36.81084177643061 1.239902682602406 1.285443395376205 0.1262912154197693 0 0 0 0 0.5678692162036896 0.1257570385932922 0.843317061662674 0.2221142500638962 0 0.3947535306215286 0 0 1.769529089331627 586.8680761903524 1.085182510316372 10.60776951909065 0 0.2646375894546509 0.1550915241241455 8.142948545515537 0 0.5541395545005798 0.3971694707870483 0 1.185680821537971 0 0.2192656025290489 0 0 6.35247715562582 1.313814535737038 0 0.3499860540032387 0.2659497708082199 0.4314933270215988 0.4294277131557465 0.647810235619545 8.363877974450588 12.17859588563442 406.6626352444291 997.5920480638742 55.86206356436014 10.22984347492456 0.103387176990509 0.9229819029569626 0 7.016095146536827 6.213818892836571 6.758123621344566 3.085295580327511 1.637770064175129 0.1329909861087799 0 78.70386616885662 1.743263274431229 0.3065937757492065 89.75343050807714 15.68871685117483 4.174964748322964 0.4920483827590942 0.6220133826136589 0.4421736374497414 2.037474475800991 0.1783057302236557 0 14.42996162176132 1.568848431110382 1.636930592358112 10.62089309096336 1.245895057916641 0.1353799402713776 1.444456286728382 0 0.2696722075343132 1.013482123613358 1.178084254264832 0.3725612908601761 0.6189035922288895 352.8635466396809 17.26963786035776 0.8919036686420441 0.684809148311615 971.5193746462464 0 0 0 3.394271314144135 0 17.97772701829672 0 0.8499098420143127 3.163664117455482 0 0 1.018915772438049 1.930973276495934 1.559253513813019 2.600249320268631 0 0 0 0 0 0 0 0 0 0 0 0 0 0 0 0 0.6373468637466431 0.2169012203812599 0 0.1278287470340729 0 0 0 0 0.3789396956562996 0 0.1874008029699326 0.1435674428939819 0.6409701704978943 0 0 0 0 0 0 0 0 0 0 0 0 0.4689422249794006 0.1301164627075195 0 0 0 0 0 0.2407013922929764 0.1940341293811798 0 0.4084418118000031 0 0 0 0 0 0 0 0 0.1216937974095345 0.1067190244793892 0.3051728904247284 0 0.1285603046417236 0 0 0 0 0 0 0 0 0.4183535277843475 0 0 0 0 0.104616105556488 0 0 0 0.1852835863828659 0.2854224741458893 0 168.7785730287433 7.646791122853756 126.4987074509263 5.315248176455498 931.4638035818934 12.33244168758392 1.074075289070606 0.9022205248475075 7.801735863089561 0 0.1069626286625862 0 7.601553335785866 0 0.220857709646225 0 0.5097316354513168 0 189.9392891898751 4.043277204036713
1559.473753891885 1891.555692099035 576.3885502740741 1313.008797712624 1221.423435419798 40.32763523608446 2691.496214896441 29.75925093889236 1482.647125266492 969.0684226602316 184.1471802070737 26.6551438421011 1326.132881529629 1372.18160007894 18.09462312608957 5.311506472527981 0.4823856204748154 0.2818127572536469 0.351910375058651 0 0.154460683465004 0.9713936448097229 0.5185083299875259 0.808331161737442 0.1708273440599442 0.1039483323693275 0.8097852617502213 0.3121707290410995 0.1290150284767151 1.839480608701706 2914.903022751212 13.45056615024805 52.78271227329969 0 0.5101869255304337 0.3878798261284828 9.762132450938225 2.111645355820656 1.889552436769009 1.663358628749847 0.7851676046848297 0.7748778760433197 0.2612126246094704 0.381307564675808 0.3589837551116943 0.1590700149536133 65.40317925810814 7.749625399708748 0.4884473457932472 1.978360734879971 1.286697186529636 0.7771693915128708 0.6615260764956474 3.461284577846527 19.52991550415754 33.44223187118769 161.6096717566252 822.1168637573719 61.15351378172636 47.59245120733976 0.3261743187904358 2.192810691893101 0 129.8303258791566 19.66258006542921 24.68163600564003 12.14388817548752 4.506429567933083 1.827614031732082 0.1906334310770035 7.618144609034061 0.9226419031620026 0 222.2912524044514 104.1603870913386 67.28601796925068 8.116525821387768 2.372467219829559 3.351318046450615 5.561781033873558 1.811784610152245 0.6123922765254974 55.76510169357061 4.050453804433346 8.345395006239414 35.07870820909739 5.845026813447475 0.3637391105294228 7.380188971757889 0.1159491464495659 1.827651694417 0.7492812499403954 1.981859639286995 3.164443388581276 1.865125238895416 12.58288989216089 8.274947226047516 0.2399627268314362 1.871613077819347 522.8967767208815 0 0.4592985361814499 0.342824287712574 0.7667555138468742 0.3397810459136963 5.283629737794399 0 0.3186787366867065 3.558754503726959 0.7782386839389801 4.556054174900055 1.141416922211647 10.64939475059509 3.124300539493561 5.282128408551216 0 0.3345758020877838 0 0 0 0 0 0 0.1230446025729179 0.1251450926065445 0.2478793114423752 0 0.3940665721893311 0 0.2535859048366547 0.4148469641804695 0 0.2228360623121262 0 0.3501364141702652 0.183780625462532 0 0 0.8352246284484863 0.9045158177614212 0.120170459151268 2.375044375658035 0.874757818877697 1.430424049496651 0 0.4779211580753326 0 0 0 0 0 0.715431809425354 0.2225106209516525 0 0 0 1.004106923937798 0.725434422492981 0.0930914580821991 0 0.1812337934970856 0.1247858330607414 0.1057650372385979 0 0 0 4.069430828094482 0 0 0 0.1089960113167763 0 0 0 0 0 4.468825779855251 0.4099134653806686 0.1472870409488678 0.1702961176633835 0.2608051598072052 1.654229372739792 0 1.962455317378044 0 0 0 0 0 0 0 0 0 0 0 0.1421160846948624 0 2.836691483855247 0.2851027697324753 1.973515182733536 458.4954544603825 20.73841275274754 714.0866499617696 43.95232825726271 485.8612764701247 39.61825244873762 3.937786556780338 20.57420942187309 17.29812184721231 0.4679415971040726 1.966249272227287 0.3378693535923958 15.72839447110891 0 0.7124220728874207 0.2554029226303101 2.188662454485893 0.2339604645967484 192.9005912616849 5.334700524806976
184.1787168309093 576.3885502740741 1400.860454820096 50.08728249371052 916.1068190783262 2.533655107021332 129.2428312301636 428.3744772300124 3466.913220159709 24.54711355268955 741.6055170074105 11.48667721450329 264.8880772963166 869.7295090034604 20.0740774422884 15.68470820784569 0.9657288789749146 0.8883248642086983 0.2630801498889923 0.1121750921010971 0.4402079731225967 2.310084752738476 10.39527355134487 11.8871541172266 1.872129172086716 0.4928798228502274 9.788384266197681 0.1434700340032578 1.30704515427351 14.27891871333122 5772.562399342656 519.2683483511209 160.2589201927185 0.3930531591176987 4.714853316545486 0.3415022790431976 20.69408117234707 4.893091224133968 4.252357125282288 2.631119295954704 5.518682047724724 5.238491535186768 4.153789639472961 1.393727667629719 0.403412714600563 0.2833694219589233 26.7176721394062 1.82452055811882 1.217438742518425 4.972027383744717 4.199584543704987 1.205658197402954 3.922097727656364 13.17574213445187 6.9837941005826 11.9499344304204 61.96082504838705 640.7478781938553 21.07903250306845 16.946662530303 2.575466997921467 3.894141793251038 0.3834146857261658 294.1973835751414 5.16079880297184 8.240105532109737 2.894325159490108 3.189625106751919 2.655185163021088 1.531843766570091 11.33689580112696 3.279171645641327 0.459283858537674 84.67081325501204 45.5932299643755 24.52051540464163 6.729067869484425 11.03150095045567 25.20894988626242 279.5521014556289 10.55297020822763 10.74539526551962 13.86196064949036 0.8245509713888168 2.486177399754524 10.33085337281227 1.981367349624634 0 2.315993562340736 0.09019140154123306 3.410691149532795 1.424459017813206 9.413429543375969 14.06457429379225 4.557809896767139 14.2363698631525 1.721147239208221 0.1608593910932541 2.237096205353737 92.53948577493429 0 0 0 0.204958900809288 0.2734822928905487 1.290292307734489 0 0 0.6140218675136566 0.6669314503669739 2.876923084259033 1.148135215044022 8.947025567293167 2.135929837822914 6.279935218393803 0.9247457981109619 0 0.1248149424791336 0 0 0 0 0.1126880720257759 0 0 0.8772741407155991 0 0.26554986089468 0.1420829594135284 0.4063725918531418 0.5414287149906158 2.198924332857132 1.296467214822769 1.47403459995985 0.12627212703228 0 0 0.3410913348197937 0.2359918504953384 2.246919706463814 0 4.665561251342297 2.400773644447327 2.010277688503265 0 0 0 0 0 0.3479378521442413 0 0 0 0 0.1161168292164803 0 2.477021150290966 1.451944343745708 0 0 0 0.1290462017059326 0 0 0 0 1.378855109214783 0.1253057420253754 0 0.07698497176170349 0 0 0 0 0 0.2672077715396881 4.061801709234715 0.8476202189922333 0.4991591572761536 0 0.3566861301660538 2.513752102851868 0.582716703414917 1.486834958195686 0 0 0.09083182364702225 0.592464417219162 0.1117633730173111 0 0 0 0 0 0 0.5896796807646751 0.2396159842610359 1.454212039709091 0.7957219183444977 5.513161562383175 149.7314779683948 9.104695126414299 173.4187895059586 21.22595445811749 86.07322012633085 9.092513248324394 1.726962484419346 9.062595866620541 12.14248717576265 0.8335565179586411 1.241473093628883 0 5.924443274736404 0.3848243355751038 0 0 1.551218405365944 0 52.39362954348326 2.259691499173641
2661.422504253685 1313.008797712624 50.08728249371052 630.9738771915436 76.36674979329109 339.2757207751274 797.0027709752321 1.927274100482464 24.47951112687588 2406.532302349806 4.917552918195724 310.2409092485905 553.4208563640714 43.40908574312925 1.116431526839733 0.378740482032299 0.1018024533987045 0.1515284180641174 0 0 0 0.1369022578001022 0 0 0.1080005094408989 0 0 0 0 0 147.1425138637424 0.4302484020590782 0.8692934662103653 0 0 0 1.345503807067871 0.1328471302986145 0.5006877481937408 0.1016901656985283 0 0.1226485595107079 0 0.2063895761966705 0 0.1185354366898537 10.09017780423164 1.656142108142376 0.1139674186706543 0.2227533236145973 0 0 0 0 8.502617105841637 13.83287218213081 184.8660738915205 412.1137988716364 35.97460213303566 14.43095453083515 0.2137336358428001 0.4369247704744339 0 11.37258707731962 6.355700545012951 8.403383202850819 3.119135014712811 1.118622183799744 0.1149586960673332 0.1900516152381897 8.923138335347176 0.2345980703830719 0.2693846821784973 80.48140635341406 21.97143314778805 10.49503063410521 0.2338339909911156 0.2076537758111954 0.1119698509573936 0.2307019531726837 0 0.2087377980351448 22.61332136392593 1.702056512236595 2.175873138010502 14.38900124281645 1.796324767172337 0 2.273266352713108 0.1435006856918335 0.2291331365704536 0.311740443110466 0 0 0 80.42103294283152 3.687646359205246 0 0.5190536081790924 680.2474056184292 0 0.7886044383049011 0 9.090607881546021 0.4963022917509079 20.87685076892376 0 0 22.43140572309494 0.1314140260219574 0.2661130577325821 1.265647679567337 4.108451224863529 1.078458242118359 0.9313033819198608 0 0 0 0 0 0 0 0 0 0 0 0 0 0 0 0 0.3177246153354645 0 0 0 0 0 0 0 0 0 0.1435525864362717 0 0 0 0 0 0 0.1963298171758652 0 0 0 0 0 0 0 0 0 0 0 0 0 0 0.1237937435507774 0 0 0.6609193682670593 0 0 0 0 0 0 0 0 0 1.412292569875717 0.1626210808753967 0 0 0 0 0 0 0 0 0 0 0.3366477489471436 0 0 0 0 0.1904862076044083 0 0 0 1.224912703037262 0 0.1971439570188522 158.8044255748391 5.271126940846443 192.0666562020779 8.67803668230772 829.9756037890911 13.86503495275974 1.013007052242756 1.233698457479477 11.03055037558079 0.1171351224184036 0 0 9.449140295386314 0 0 0 0.2093631029129028 0 208.4370318949223 3.000341303646564
71.02715584635735 1221.423435419798 916.1068190783262 76.36674979329109 1344.210176184773 3.522058382630348 1507.727582074702 70.81460610032082 2775.374523587525 88.09602059423923 354.9981606304646 6.275132179260254 768.2156358510256 1037.501811914146 14.49006293714046 2.943735286593437 0.1322913467884064 0 0 0.112697035074234 0 0.1623604297637939 0.1066102907061577 0.299289882183075 0.0972086638212204 0 0.1249906942248344 0 0.1417776793241501 0 309.4883301705122 10.16574849933386 14.70583240687847 0 0.1880990713834763 0.09549104422330856 8.261597476899624 1.469526901841164 0.5224366262555122 1.205372460186481 0 0.1115960851311684 0.2470929175615311 0.328788585960865 0.1064936891198158 0 45.03801896423101 4.151560433208942 0.2766923904418945 0 0.2327570393681526 0.3415896892547607 0.1014882549643517 0.777807243168354 4.311652660369873 8.732216879725456 24.38934755325317 159.5479093119502 13.26366250216961 23.5305050984025 0.09583815187215805 1.271765038371086 0.329686664044857 69.74874438345432 6.545478992164135 5.97285633534193 3.310467526316643 1.187702566385269 0.4332472905516624 0 6.210545122623444 0.6088997796177864 0.1450968533754349 63.45467769354582 37.69453094154596 49.30824589729309 6.368525326251984 1.638845138251781 0.2921750918030739 0.9401730746030807 0.1398529708385468 0 17.85494353622198 0.5931805521249771 3.737211175262928 9.220071636140347 2.39803759008646 0.4458578675985336 2.90436589717865 0 0.1133372560143471 0 1.059384241700172 0.423371434211731 0.2612175643444061 7.463025525212288 0.991450235247612 0 1.331981107592583 14.31624056398869 0.3438221216201782 0 0.2841954231262207 0 0.2353862375020981 1.966453962028027 0.1816514730453491 0 3.134836614131927 1.410775169730186 2.193325489759445 1.762498259544373 7.553755551576614 5.409485056996346 8.337237536907196 0.2325317561626434 0 0 0 0 0 0 0 0.2818546295166016 0 0 0 0 0 0 0 0.5784051418304443 0.1242011561989784 0 0 0.8901948630809784 0 0 0 1.046039015054703 0.4297415316104889 4.281780511140823 1.741696015000343 0 0 0 0 0 0 0 0 0 0 0 0 0 0.8586791157722473 0 0 0 0 0 0 0.2055289596319199 0 0 1.294290781021118 0.263505756855011 0 0 0 0 0 0.1155586317181587 0 0 3.995310798287392 0 0 0 0 2.348345175385475 0 0 0.8526299446821213 0 0.8846755027770996 0.4566297084093094 0 0 0 0 0 0 0 0 0 3.887000277638435 1.109487004578114 3.499503493309021 280.693968385458 11.90949134528637 303.2242876291275 27.52741348743439 83.61213547736406 14.32124821096659 0.8539525717496872 17.14960488677025 13.19155945628881 0 1.759723097085953 0 10.00968338549137 0 0 0.2236588448286057 3.469122245907784 0 50.61993992328644 9.784608721733093
56.16374005377293 40.32763523608446 2.533655107021332 339.2757207751274 3.522058382630348 2.770865947008133 60.49375952780247 0.5245373696088791 2.781891271471977 558.1069995686412 1.170137912034988 59.37315388023853 83.72440250217915 12.05265465378761 0.108341246843338 0 0 0 0 0 0 2.928562290966511 0 0 0.3697881102561951 0 0 0 0 0 17.74313285201788 0 7.3403230458498 0 0 0.6068400293588638 12.9630419164896 4.811679765582085 12.42484889924526 4.563625708222389 0 0.4555255174636841 0 0 0 0 0.2541277483105659 0 0 0.1887592375278473 0 14.20722965151072 2.913249112665653 0.2644907236099243 0.5210033655166626 0.3677635714411736 132.8473300114274 27.30539969354868 6.8895029053092 0 1.076793104410172 7.326765045523643 0 0.1751081049442291 0 0.1322489827871323 0.1572372913360596 0.3356529325246811 0 0 58.96313960850239 142.2117321044207 17.75136697292328 1.125939473509789 0 0.1028115004301071 0 0.1112338230013847 0.3406622409820557 2.075089313089848 0 1.320824891328812 0.2342120185494423 0.9940847083926201 0 0.2317974790930748 0 4.493760235607624 3.324482478201389 17.48021104931831 1.267252698540688 6.993946015834808 0 0.1190174967050552 2.787299476563931 288.7443298399448 298.9576818794012 44.26314674317837 41.63938473165035 218.4067677333951 0 0 0 0 0 1.890089362859726 0 0 0.3788983523845673 0.144814521074295 0 0 0.3163221776485443 0.2198767513036728 0.476350724697113 0.1091175600886345 0 0 0 0 0 0 0 0 0 0 0 0 0 0 0 0.1243715807795525 0.4556187838315964 0 0 0 0 0 0 0 0 0.1301300227642059 0.1171978116035461 0.2341673150658607 0 0 0 0 0 0 0 0 0 0 0 0 0.4906947612762451 0 0 0 0.1107479110360146 0 0 0 0 0 0 0 0 0.1632827967405319 0 0 0 0 0 0 0 0 0 0 0.1148538216948509 0.1194736137986183 0 0 0 0 0 0 0 0.1305424720048904 0 0 0 0 0.1140366420149803 0.1317809224128723 0 0.387413501739502 0 0.8177504241466522 1.630575641989708 0 1.453073181211948 0.4884316921234131 152.8571722656488 1.188882082700729 0 0.1495260745286942 1.987259358167648 0.1670502871274948 0 0 2.061819955706596 0 0 0 0 0 98.47975287586451 1.343843936920166
365.7397516220808 2691.496214896441 129.2428312301636 797.0027709752321 1507.727582074702 60.49375952780247 1125.509558930993 19.28856442123652 1193.516429662704 1104.348295100033 87.78661951422691 24.38871778547764 2629.267194502056 1141.234937697649 33.53798540681601 7.636083692312241 0.3514781296253204 0 0.37436193972826 0.1000516787171364 0.1494796574115753 0.2547300159931183 0 0.1349149346351624 0.5637935027480125 0 0.1137406900525093 0.9307292401790619 0 0.1064207479357719 177.3060624673963 7.726075127720833 12.98727086931467 0 0.2887348756194115 0.4352653622627258 14.605722874403 1.452897571027279 2.579019986093044 0.8804787173867226 0 0.4901732876896858 0.2386218160390854 0.5271900594234467 0.1022391021251678 0.4629006832838058 84.45845673233271 7.008028648793697 0.1185533106327057 0.8989572077989578 1.291637264192104 0 0.1616871803998947 0.4437205642461777 13.70604271441698 24.25654168426991 79.08951753377914 338.4561987519264 38.95794701576233 44.54036694765091 0.4907332882285118 5.569633185863495 0.4109258353710175 109.5172764509916 12.10752130299807 16.29679291695356 9.329019092023373 3.203806392848492 0.579009935259819 0 19.02697935700417 0.159854844212532 0.1462760418653488 150.6543510258198 71.72729463875294 85.48706182092428 11.11160792410374 3.535763554275036 0.4089579954743385 1.655870907008648 0.3392407670617104 3.268888883292675 43.74735418707132 2.849867425858974 5.558206856250763 23.28726328164339 6.074927963316441 0.1977057084441185 5.906384192407131 0.4764823317527771 1.639365456998348 0.1148519515991211 0.555959552526474 0.4360615611076355 0.9723940193653107 72.58925382047892 11.89370699226856 0.171638160943985 3.059961527585983 88.79518200457096 3.398781605064869 13.0583716109395 23.71804244071245 9.73342165350914 1.667426973581314 7.320087894797325 3.485723420977592 3.735353864729404 18.97236612439156 12.50801774859428 12.50395419448614 18.31869912147522 77.16680879145861 29.83535423129797 49.19160475581884 0 0.3225833922624588 0 0 0 0 0 0 0 0 0.4754095673561096 0 1.486029058694839 0 0 0 2.040220238268375 0 0 2.33231246471405 0.9153594970703125 0 0.2708586826920509 0 10.57987956702709 2.324700817465782 18.43763766437769 5.205600589513779 3.393506556749344 0 0 0 0 0.329407274723053 0.3024650812149048 0 0.4908480793237686 1.4602130651474 0 0 0 4.647015295922756 0 0.2983105182647705 0.8296863734722137 0.1273728758096695 2.047951973974705 2.76387283205986 1.612261801958084 1.390067636966705 0.2801478505134583 10.57755273580551 0.9582607448101044 0.1073443368077278 0.9877324998378754 0 0.1110985726118088 0 0 0 0 24.27199653536081 0.3140217363834381 0.1488099545240402 0 0 17.15077756345272 0.7496436834335327 4.912324726581573 2.519581720232964 2.566657938063145 1.507534094154835 1.107743188738823 0.3380215615034103 0.1214863285422325 0 0.3929674625396729 0 0.1213253140449524 0 0.10600645840168 0 24.04268299043179 4.113520696759224 15.32173296809196 813.9452415704727 23.09970248490572 669.6436872333288 63.40489947795868 400.6415622755885 35.28521877527237 1.663834802806377 41.90670331567526 97.87604033201933 0.1493276655673981 14.43779021501541 2.416359066963196 107.5857472270727 1.041723668575287 0.1629087179899216 0.8152720779180527 3.83720451593399 0.4757817685604095 224.7922955080867 42.47641448676586
13.89559052884579 29.75925093889236 428.3744772300124 1.927274100482464 70.81460610032082 0.5245373696088791 19.28856442123652 677.9971771463752 176.7273364961147 3.507584750652313 2050.768714755774 15.17875091731548 191.7086951956153 1613.170047223568 71.68712238222361 58.99788651615381 2.928907603025436 5.837054580450058 0.3709515035152435 3.883723095059395 18.77009482681751 5.57917670160532 78.41211568564177 65.57214727252722 8.674195341765881 3.551700793206692 38.6818912178278 2.384848684072495 0.8727024272084236 44.50139324367046 2580.812516890466 2361.209223076701 305.9446142241359 2.964742943644524 28.97911366075277 3.293933801352978 43.75496239960194 14.26694794744253 10.21251837164164 10.48241931945086 40.04297981411219 28.36517527699471 42.31740967184305 5.826205693185329 1.640055127441883 2.258531078696251 115.5580041930079 5.628649212419987 4.519486308097839 34.27899647504091 36.93956571817398 4.017543703317642 7.930057011544704 28.29653345793486 8.979527220129967 15.78528133034706 65.05043135583401 801.7109096571803 26.35992206633091 47.25605560839176 138.1788145899773 98.31558576971292 2.759104035794735 1586.468220174313 10.49185750633478 32.77741423249245 13.17902029305696 53.47255497425795 60.12804502248764 56.09909370541573 21.73790058493614 10.38609734922647 0.998411200940609 147.3530124276876 139.1143750697374 117.2248661890626 38.77161547541618 65.71634007245302 2017.236772969365 2556.02921140939 224.8517453894019 933.4734787717462 32.91391588002443 1.469316579401493 7.988257855176926 17.33938026428223 18.18719010055065 0.8389036804437637 5.190999530255795 1.02705492079258 9.246267527341843 6.848996751010418 206.4525624588132 36.77919283509254 15.43314728885889 24.87133099138737 13.07580845057964 0.5081421732902527 6.817019298672676 18.17819681018591 0.5233416557312012 1.305535599589348 0.3902899324893951 0.5634011030197144 0.3297221958637238 1.860984146595001 0.1399252563714981 1.215982437133789 2.26682735979557 0.4433721899986267 7.528992339968681 3.378180131316185 19.64715663343668 11.06487756967545 24.27780981361866 0.3746293783187866 1.275266461074352 0 0.5469141602516174 0 0 0 0.4200339764356613 0 0 3.188113979995251 0 1.263231366872787 0.7748791724443436 1.53020866215229 1.337999872863293 4.213990777730942 4.314353905618191 3.13297214359045 1.032902032136917 1.039871200919151 0 0.6053800284862518 0.4907302707433701 5.730839267373085 4.362140834331512 12.72908997535706 8.93982857465744 9.324781373143196 0.885821208357811 0.8575990349054337 0.646870031952858 0.3809658586978912 0.4812979996204376 0.4110472649335861 0.4788588881492615 0.3292169794440269 0.8668009340763092 0 0.141377255320549 0.1698993146419525 12.18421573191881 3.59794395416975 0.1038790121674538 0 0 0 0.1078371554613113 0 0.1443775296211243 1.19343838095665 4.69088726490736 0.8890205472707748 0.5913482084870338 0.2152853757143021 0.2973321974277496 0.2656435891985893 0.2534863650798798 0.4589361026883125 0.8154458180069923 1.301523208618164 17.58094462752342 3.833848461508751 2.339440658688545 0.2372929304838181 5.167835637927055 10.08972734212875 0.4457201808691025 3.431881830096245 0.1249010637402534 0.1069504544138908 0.2120305672287941 0.9116256088018417 0.2574459835886955 0.6144346594810486 0 0 0 0.1436250358819962 1.409445814788342 1.971133463084698 0.5211014375090599 6.075215667486191 4.531295731663704 14.74160803854465 432.5663234293461 33.88290600478649 497.1669314354658 65.10612581670284 59.13227644562721 16.26971596479416 1.433135390281677 36.65611805021763 30.53128877282143 5.448830246925354 5.47876650840044 2.895333126187325 9.375657491385937 0.6231435537338257 0.1042598038911819 0.798457145690918 9.472754403948784 1.621464475989342 79.17371123284101 13.0394751727581
16.66965908557177 1482.647125266492 3466.913220159709 24.47951112687588 2775.374523587525 2.781891271471977 1193.516429662704 176.7273364961147 1049.720362856984 141.715333275497 1511.152395993471 15.99741686880589 2079.304784432054 1385.834163293242 16.11457750201225 5.918325796723366 0.2415621429681778 0 0.08127108216285706 0 0 0.3367658853530884 0.2729707509279251 0.1395781934261322 0.3605608344078064 0 0.1184728816151619 0.2588431388139725 0 0 123.8883008956909 5.389180682599545 31.84834661334753 0 0 0.112774059176445 15.56485434621572 1.176604799926281 0.7306316494941711 0.3035518676042557 0.4377067387104034 0.5837343484163284 0 0.100588396191597 0 0.08546537160873413 29.96623196452856 1.898974016308784 0 0.1715998500585556 0.1508496105670929 0 0.8782298713922501 0.126144602894783 2.18653716146946 3.869729973375797 8.488144785165787 51.99125346541405 4.865874856710434 12.11517787724733 0.1271913945674896 3.062288522720337 0.2863201200962067 35.49544142186642 1.920117661356926 3.841528549790382 1.880515329539776 1.145607747137547 0.2190422490239143 0 11.94401256740093 0.7405957281589508 0 31.02332578599453 17.29322596639395 27.50966053456068 3.948375262320042 2.353683829307556 1.891218766570091 1.273714318871498 0.2089605703949928 0.5191855207085609 8.799694456160069 0 0.7538667544722557 3.658196061849594 0.3180855810642242 0 1.70395103096962 0.114084467291832 0.3028667569160461 0 0.7575857937335968 0.3242957890033722 0.5924912020564079 13.59286838769913 1.810975611209869 0 0.9094542264938354 5.282692059874535 0.1121144667267799 0.9172039777040482 0.4263442158699036 0 0.3640640079975128 4.271632164716721 0 1.227983236312866 2.09041790664196 2.635252401232719 1.374238446354866 3.09829606115818 15.19606637209654 6.654723912477493 6.246317498385906 0 0.1685022264719009 0 0 0 0 0 0 0 0 0 0 0.9392640888690948 0 0.6968699023127556 0 0 0.1330434828996658 0 0.1030127108097076 0 0 0 0 0.6795979738235474 0.2453837841749191 2.75291508436203 2.200796723365784 0.8882724940776825 0 0 0 0 0.2789662629365921 0 0 0.3681215643882751 0.2682323753833771 0 0 0 0.8485836982727051 0 0 0 0 0.1989883482456207 0 0.5472904145717621 0 0 0.6398674696683884 0 0 0 0 0 0 0 0 0.2157866507768631 8.431794330477715 0 0.1636341512203217 0 0 2.300767838954926 0 2.604921251535416 0 0.1065136343240738 0.5490251407027245 0 0.1047592386603355 0 0 0 0 0 0.1571813523769379 0 0 3.974792867898941 1.282118126749992 2.336394526064396 181.8139642179012 4.240356862545013 125.4442768394947 19.39754882454872 33.72072625905275 6.215004332363605 0.5063312277197838 12.96334078907967 19.4528906494379 0 1.236568406224251 1.003439113497734 20.44260660558939 0 0 0 1.588866867125034 0.5430440008640289 29.76457065343857 9.084229469299316
1682.005908958614 969.0684226602316 24.54711355268955 2406.532302349806 88.09602059423923 558.1069995686412 1104.348295100033 3.507584750652313 141.715333275497 3050.44072996825 15.65784554928541 2771.931237831712 3952.098133593798 205.9887775331736 3.191630825400352 0.9646968469023705 0 0 0.09109065681695938 0 0 0.5292219668626785 0 0 0 0 0 0.2163736671209335 0 0.1537872701883316 64.22580724209547 0.7332028299570084 38.51093184202909 0 0 0.3851651251316071 133.6607737243176 2.827561862766743 3.929029084742069 2.214817643165588 0 0 0 0 0 0.2588785588741302 13.8480923846364 2.462483212351799 0.4581742584705353 0.2409137859940529 0 1.133268848061562 1.188554286956787 0.5467250421643257 4.263341523706913 8.361807875335217 235.8633362576365 228.3300803080201 26.30219145864248 13.30960702896118 0.2082489281892776 4.647698074579239 0 9.460032999515533 4.865635015070438 5.951372906565666 1.71823213249445 0.9644884169101715 0.524605430662632 0 500.9999853670597 5.918039560317993 0.9766152054071426 61.03141478449106 12.74501796811819 13.21983993798494 1.961084716022015 0.3630968257784843 0.2556526437401772 2.485101461410522 0 2.246426038444042 15.60613241046667 0 2.598207294940948 9.973685786128044 1.459739327430725 0.6603541672229767 2.060485973954201 0.7070178017020226 0.45452731102705 0.7439605221152306 0.2734465599060059 0.6069737523794174 0.3027901351451874 327.8363890945911 120.9680228382349 2.28465461730957 12.42605914920568 639.2841199487448 1.06126195192337 7.656361371278763 6.069548271596432 2.630709171295166 1.241697788238525 40.45081080496311 0.6167922466993332 8.224703341722488 26.5140193104744 9.174470074474812 5.526724502444267 20.3771741092205 69.479910813272 34.81540793925524 28.90210884064436 0.5905961692333221 0.211570680141449 0 0 0 0 0 0 0 0 0 0 0.2490420043468475 0 0.4725473523139954 0 0.3895856440067291 0.412748783826828 0 0.5618538036942482 1.012491390109062 0 0.2837052345275879 0 4.55798402428627 0.5897219181060791 5.027287840843201 2.890401571989059 0.5040249228477478 0.2015762031078339 0 0 0 0 0.2823819220066071 0 0 0.8751200288534164 0 0 0 1.136780232191086 0 0 0.1976717412471771 0 0.4679651260375977 0.3625734895467758 1.610027506947517 0.6442485451698303 0 5.281200364232063 0.5113237500190735 0 0 0 0 0 0 0 0 13.74931956827641 3.011735245585442 0 0 0 6.74831585586071 0 1.494246587157249 0 0 0.6286238729953766 0.255222387611866 0.1218777149915695 0 0.1078026816248894 0 0.2992218732833862 0 0 0 0 18.88795991241932 1.051839269697666 5.543909139931202 839.3878256455064 5.861564755439758 171.8902487307787 12.52866840362549 1469.209558919072 12.39156145602465 1.703691318631172 3.790912538766861 109.0327629223466 0 4.472873076796532 0.2118967920541763 178.0567421540618 0.1805119961500168 0 1.286663874983788 0 0 592.3734849318862 50.33283825218678
32.04492525011301 184.1471802070737 741.6055170074105 4.917552918195724 354.9981606304646 1.170137912034988 87.78661951422691 2050.768714755774 1511.152395993471 15.65784554928541 1307.65581741184 56.94293803721666 1160.397661350667 3921.216255605221 73.89050759375095 54.61889013648033 2.982890248298645 3.278231613337994 1.659418106079102 2.408831626176834 1.524271324276924 20.11286088824272 23.56161989271641 20.86305236816406 9.307794228196144 3.4996337890625 24.51282635331154 5.494916796684265 2.196633607149124 35.72568582743406 611.0283308327198 52.07782774418592 1224.789955735207 0.2934200018644333 11.59101486206055 2.514799274504185 282.9150049388409 41.95879723876715 56.4865407794714 27.9549478366971 11.91298894584179 25.73160915076733 9.640858575701714 4.499972261488438 2.161785207688808 0.7368641793727875 89.50024831295013 4.260641641914845 2.260120786726475 12.31570684164762 9.884877227246761 7.675188139081001 31.66227083653212 70.93704827874899 3.987803056836128 5.886076606810093 18.34661740064621 151.421595774591 7.861757695674896 23.99535021930933 7.68719594925642 169.2557666227221 0.1307961940765381 126.2307392582297 3.461158245801926 7.570165328681469 3.254401169717312 7.791125878691673 5.062466628849506 3.517831034958363 126.0027448311448 16.02829586714506 2.165844313800335 62.88756074756384 51.07690182328224 76.27945425361395 21.68484930694103 31.30433478951454 51.24890298396349 283.7636236920953 13.02379138767719 100.6793192774057 14.27852270752192 0.5573376044631004 2.425773352384567 8.979257307946682 4.120190970599651 0.6575279012322426 2.396680995821953 1.450936526060104 11.04245265573263 6.401951067149639 25.76101039350033 32.11053510755301 31.61148346215487 26.88737068325281 6.156960114836693 3.114314563572407 31.61138042807579 16.49201738089323 0.5706896036863327 1.283335790038109 0.3975048661231995 0 1.411150507628918 2.211798116564751 0 0.891130119562149 1.936662495136261 1.384086765348911 5.138809569180012 5.904327340424061 23.1682318970561 9.547441691160202 18.39674936980009 0.8108539506793022 0.147740438580513 0.1695039570331573 0 0 0 0.3377885818481445 0.9888013750314713 0.2669573128223419 0.6405023857951164 4.245529405772686 0.1964364051818848 1.948178261518478 0.3926935642957687 2.334604285657406 2.610035710036755 7.306917913258076 10.1786268055439 2.688579007983208 1.909377500414848 0.2083074152469635 0 1.035406269133091 0.6684395521879196 4.983979530632496 1.1981365904212 6.029795683920383 5.223001167178154 8.199316702783108 0.6317553669214249 0.7451804503798485 0.4844663441181183 0.1160463094711304 0.576532743871212 1.527600765228271 0.1466421633958817 0.1228770837187767 0.1892333999276161 0 0 0.2055171430110931 10.20556583255529 5.231007151305676 0 0 0.1148303225636482 0 0 0.4028039276599884 1.427621573209763 0.7194105535745621 4.806960321962833 0.4572962373495102 0 0.09942800551652908 0 0 0.3569947853684425 0.2782329693436623 0.6605335474014282 0.5853584259748459 11.28740881383419 5.73996976017952 1.519349128007889 0.1482590585947037 3.643410235643387 7.082125551998615 0.3234981894493103 2.024963580071926 0.1769079491496086 0 0.7259067371487617 0.5402705669403076 0.1283599585294724 0.1234858632087708 0 0 0 0.09041179716587067 1.052520163357258 1.568510882556438 0.5580907464027405 8.160037592053413 3.293684802949429 13.09408839046955 426.7007873952389 20.06355360150337 324.7882761582732 58.34808129817247 45.71369379013777 11.04973069578409 1.536382161080837 31.69973982125521 23.8003067523241 5.255770638585091 4.870711177587509 0.5124588906764984 14.44790691882372 1.4292012155056 0.09354584664106369 1.342358499765396 5.409387141466141 0.5917311459779739 44.32453783601522 14.91301795840263
80.47341288626194 26.6551438421011 11.48667721450329 310.2409092485905 6.275132179260254 59.37315388023853 24.38871778547764 15.17875091731548 15.99741686880589 2771.931237831712 56.94293803721666 129.8186819553375 1190.808107852936 59.10511709749699 10.91844840347767 8.653836615383625 0.5163412466645241 0.5934614539146423 0 0.2568369060754776 0 2.847022846341133 1.441483393311501 1.286360904574394 1.00143013894558 0.174154669046402 2.475307688117027 0.3167542070150375 0 1.495810106396675 3.665856473147869 3.245865650475025 26.41121634840965 0 0.5779835283756256 0 47.78413587808609 1.26341812312603 6.864294692873955 1.608791798353195 0.5230941772460938 3.570883601903915 1.409619182348251 1.763114914298058 0.1333389431238174 0.1227823197841644 11.17402498424053 0.1038757562637329 0.6094967722892761 1.497493654489517 1.989117056131363 2.20978606492281 3.493350878357887 11.503268674016 0 0.3383057042956352 7.987392775714397 4.576251842081547 1.198254428803921 2.72915530949831 0.1114818006753922 0.785676583647728 0.1776234358549118 8.885798580944538 0.2680107653141022 0.7271873503923416 0.3607039824128151 1.216864623129368 0.7778007090091705 0.4899718910455704 96.63847288489342 5.096912428736687 0.8197485357522964 4.613296814262867 3.342167399823666 9.597914040088654 2.335019700229168 2.675629317760468 2.997172296047211 1.760705590248108 0.3864108026027679 0.3334643542766571 0.9984781444072723 0.1022050902247429 0.365517757833004 0.6509457230567932 0.4951785355806351 0 0.3339411914348602 0.3598077893257141 1.401418432593346 0.8529727607965469 3.284932479262352 4.684176623821259 4.136078655719757 387.9615202695131 18.14661549031734 1.12849510461092 3.136082381010056 17.92213773727417 0.608926810324192 4.361588314175606 1.657673358917236 2.933854334056377 0.9265074282884598 6.030008375644684 0.9101303517818451 6.353315353393555 16.72599036991596 8.144663624465466 8.691758617758751 21.31779992580414 79.39333464950323 40.26080751419067 37.53064451366663 1.02464160323143 0.09658749401569366 0 0 0 0 0 0.3009460121393204 0.6613903641700745 0.1796199232339859 0.8763454258441925 0 0.5880919694900513 0 0 0.2681240364909172 1.300458006560802 1.799022048711777 0.1195624619722366 1.557028219103813 0.9012804925441742 0 0 0 7.310235753655434 0.8498076349496841 11.32925754785538 5.987553298473358 2.569345481693745 0.1505257487297058 0 0 0 0.6671698987483978 0.371088907122612 0 0.6413358300924301 0.8815670013427734 0 0 0 4.265653520822525 0.5053044483065605 0 0 0 0.7516821771860123 0.1208724677562714 0.7648424059152603 0.2443495839834213 0 4.644157990813255 0.1944470852613449 0 0.1043078601360321 0.1437454521656036 0.2178421914577484 0 0 0.1237938404083252 0.1037093177437782 26.38812896609306 0.424090251326561 0.2661438062787056 0 0.1395471841096878 12.11773690581322 1.675887107849121 2.126279756426811 0.6323475241661072 0.8366076052188873 0.4061116501688957 0.1435550302267075 0.2297690212726593 0 0 0 0.1345227807760239 0.1615596413612366 0 0 0 24.25028276443481 2.018799990415573 10.2255486920476 368.5206982493401 2.831463143229485 45.66094179451466 10.81954369693995 187.2316497936845 2.3986000046134 0 6.910321161150932 101.0721677318215 0.4643072709441185 8.229176178574562 1.643267765641212 123.2729183882475 0 0 1.177999332547188 2.980106517672539 0 245.8242402225733 54.04561326652765
92.39315763115883 1326.132881529629 264.8880772963166 553.4208563640714 768.2156358510256 83.72440250217915 2629.267194502056 191.7086951956153 2079.304784432054 3952.098133593798 1160.397661350667 1190.808107852936 2106.322420820594 3104.603794202209 95.31905197352171 60.30570168048143 2.47026152163744 3.643597692251205 1.112270310521126 1.003117047250271 0.6562941372394562 16.11338127404451 7.592560365796089 8.824051186442375 1.909486673772335 0.2014989703893661 11.82947306334972 1.432782351970673 1.309616968035698 12.40117468684912 74.75212997943163 22.97949884086847 387.4929119721055 0.1473391354084015 3.206690028309822 0.8839738965034485 455.8926100060344 20.78651681542397 54.05314990878105 8.098947435617447 5.929492458701134 15.22198244929314 5.602976858615875 5.865560874342918 2.149735599756241 0.7775799706578255 122.6884037330747 4.453750774264336 2.736596614122391 8.446118868887424 8.665779463946819 7.836664423346519 23.55695696175098 46.55419652163982 4.260904617607594 4.253845393657684 18.90215257555246 65.94166699796915 11.04518833011389 33.57450730353594 2.22956894338131 14.98547759652138 0.1659497022628784 99.21547441184521 4.234874553978443 5.899835377931595 4.08935759216547 5.307593673467636 3.265209853649139 1.5362688601017 613.9384526535869 16.17503416538239 1.883045710623264 63.39432279765606 43.64555780589581 105.2289154827595 24.90924213826656 30.30616874247789 19.90753857046366 33.1533428132534 4.671942725777626 2.905698850750923 16.20698773860931 0.3320226818323135 2.209628686308861 7.86351328343153 4.237873256206512 0.6642312631011009 2.344136714935303 2.150587312877178 11.14752054214478 6.731279529631138 22.61372123658657 21.26179975271225 16.97157033532858 987.6817415207624 38.07085527479649 5.647510826587677 37.1467972099781 31.85170274972916 3.027492977678776 15.3519673794508 7.253617517650127 12.06589117646217 4.808833256363869 27.21307733654976 1.835967451334 22.81232999265194 40.15423835813999 28.35289619117975 40.87192104011774 89.81292025744915 277.1015727519989 136.1723764836788 157.9698283746839 2.18008679151535 0.817317321896553 0.3424093127250671 0 0 0 0 0.2724327743053436 0 0.2828181087970734 3.331469491124153 0 1.745293244719505 0.1345462650060654 3.730450600385666 1.612518310546875 9.060042411088943 7.300298109650612 4.952230677008629 5.399277970194817 4.490083746612072 0 0.4516073167324066 0.4324411451816559 35.03543356060982 7.180735796689987 59.5427073314786 22.44686899334192 14.94062614440918 0.4152110815048218 0.1257672309875488 0.1428960114717484 0 1.614849202334881 0.8728735148906708 0 0.2211999148130417 4.445793882012367 0 0.1478687077760696 0.5928094983100891 18.81249991804361 3.843014396727085 0 0.4134076237678528 0 2.417026869952679 1.799913264811039 5.070739530026913 1.108386673033237 1.884646728634834 29.14784587919712 2.626116558909416 0 0 0 0.2120557352900505 0.3846176564693451 0 0.145793691277504 0.794538788497448 89.89563891291618 6.161468885838985 1.57992235571146 0 2.027311518788338 57.39450182020664 2.743857562541962 15.48423640429974 0.5926701053977013 1.125463381409645 2.961147598922253 1.347755469381809 0.7297219485044479 0.3874967619776726 0 0.2295629978179932 0.2445907443761826 0.4587937444448471 0.4192406982183456 1.573269858956337 0.5443308427929878 78.62594872713089 13.83486492931843 47.05320555716753 1519.534890562296 26.35786351561546 424.1745791062713 85.73720766603947 310.2338260784745 14.53593856096268 2.706333942711353 72.71410275250673 318.0945360958576 1.989815019071102 25.48819107562304 7.943529479205608 393.2064559832215 3.595248006284237 0 4.058740437030792 10.62849947810173 0 557.2293844223022 162.0889014303684
