532.4854298532009 3374.715390689671 305.1823319196701 2306.894702069461 130.3365949466825 141.0706602632999 696.373504884541 38.79006487876177 9.903902739286423 2468.264055155218 87.75310627371073 331.1128991618752 160.8438260555267 178.6123333126307 1.876655049622059 0.8919226303696632 0.1671949177980423 0 0.1324557065963745 1.206521213054657 6.971458785235882 0.1538468897342682 0 0 0 0 0 1.146962493658066 0.159870833158493 0 900.9069447293878 36.6565722823143 207.172381028533 0 0.1251644790172577 0 27.2101683318615 0.3210979923605919 0.7432491481304169 0 3.865883141756058 1.86188742518425 0 0 0 0.342957079410553 12.14981493353844 1.382451072335243 0.1320601999759674 0.1238401979207993 3.085725076496601 1.555787697434425 0 0.4746630191802979 9.75586125254631 21.76263059675694 583.7961678430438 937.7767818272114 346.7273370400071 53.48616812378168 0 3.476688623428345 0 28.21840424835682 3.448508135974407 1.738404601812363 1.219097696244717 0.2043743580579758 0 6.941130116581917 30.65832269191742 1.477047473192215 0.1313164681196213 281.6196091845632 7.085705190896988 14.06302949041128 3.665281899273396 1.565244354307652 0.5609124898910522 20.82346180081367 0 3.210858136415482 12.3184155151248 2.534512124955654 0.6839431077241898 6.106156148016453 0.09896042943000793 0.1167466342449188 2.411127649247646 0 0.908777728676796 0.793756015598774 7.46074403822422 1.14299201965332 0.5170919448137283 29.85669462382793 2.655174270272255 0 2.373163282871246 1435.761382676661 0.1596820056438446 0 0.187001034617424 0 0 23.95713375508785 0.1490825414657593 1.662026017904282 5.402593970298767 0.3785119652748108 0.4497275054454803 1.283416032791138 3.169886335730553 2.731747999787331 0.7812161892652512 0 0 0 0 0 0 0 0 0 0 0 0 0 0 0 0 0 0 0 0 0 0 0 0 1.905005425214767 0 0 1.407564163208008 0 0.2186341434717178 0.2957586646080017 0 0 0 0 0 0 0 0 0 0 0 0.1694110333919525 0.2223321050405502 0 0.7446176707744598 0 0 0 0 0 0.1854262501001358 0 0 0 0.2194940596818924 0 0 0 0 0 3.461294755339622 0 0 0 0 0.6662428379058838 0 0 0 0 0 0 0 0 0 0.3118465542793274 0 0.7317471355199814 0 0 0 2.290394112467766 0.1387955844402313 0.945641428232193 175.3435181379318 5.516479559242725 275.7987457662821 14.15125794708729 1427.870268940926 84.11715865880251 8.355514228343964 19.87210333347321 9.729631170630455 0.242613896727562 0 0 9.365047559142113 0 0 0 2.700186103582382 0 354.5809591934085 0.9126230627298355
3374.715390689671 5939.041640073061 1640.803691074252 723.5551785826683 2514.051661208272 52.80644872784615 3022.153872132301 436.9113347828388 995.9609656780958 1883.282332256436 854.7931952551007 32.96135812997818 1324.116972595453 3491.388732418418 20.4850545078516 5.080322600901127 1.284860707819462 0.5182956233620644 0 0.5650854706764221 4.231554225087166 0.8953693211078644 0.2917505279183388 0 0.1087389066815376 2.601452380418777 0.4688888043165207 1.256343655288219 0.1713025718927383 0.1100887581706047 2961.501684658229 199.5959383249283 610.7847623378038 0.1465228945016861 0.130731463432312 0 90.13141945749521 8.959364175796509 4.108668759465218 0.3704575747251511 5.735915705561638 1.85141159594059 1.018413133919239 0 0 0 64.61810555309057 3.069001898169518 0.5515047758817673 0.7320289090275764 4.643641635775566 2.563239112496376 0.1327727884054184 1.078200697898865 12.62072878330946 30.62049378454685 362.7452260032296 793.4552579447627 326.5205320045352 117.8835044205189 0.2819963097572327 11.55633141100407 0 105.3193166255951 6.444921299815178 1.992137134075165 0.9602214694023132 1.005435943603516 0.8752846121788025 3.938564881682396 93.48106680810452 1.121465131640434 0.1393341869115829 279.6817283853889 20.96716868877411 81.62440679967403 26.92521075159311 13.91431798785925 2.431916236877441 208.8803628981113 0.6297229379415512 8.520185247063637 15.46578051894903 4.369215793907642 2.184937462210655 9.283877663314342 1.636651135981083 0.6418127492070198 3.553774572908878 0.4768681824207306 2.390875212848186 1.555829279124737 8.584535948932171 0.9764361530542374 1.699097640812397 71.86957755684853 4.98105800151825 0.154867559671402 14.39527036249638 1683.736627496779 0.4680101722478867 3.676344096660614 11.66163006424904 1.245556473731995 1.353076577186584 180.9557589590549 0 21.23415404558182 31.87204387784004 1.919663548469543 10.39730882644653 12.04156613349915 26.88604655861855 37.90528683364391 30.09342047572136 0.1043078452348709 0 0 0 0 0 0 0 0 0 0.1637856215238571 0 0 0 0.106643371284008 0.3102752566337585 0.1188768371939659 0 0 2.120078206062317 0.6543794274330139 0 0 0 24.32314861565828 2.127374589443207 8.935403272509575 10.7089509293437 5.949275732040405 0.2277610450983047 0.2471321672201157 0 0 0 0.8931266069412231 0 0 0.360300213098526 0 0 0 0 0 0.2463054805994034 0 0.3846329301595688 0.2860309556126595 0 1.397375926375389 0 0 8.425531417131424 0 0 0 0.5011878982186317 0 0 0.1727599799633026 0 0 64.133465282619 4.592161029577255 0 0 0 8.664090141654015 0 7.257702842354774 0 0.2437105029821396 0.1172253340482712 0 0 0 0 0.2199427038431168 0 0 0.3891733437776566 0 0 34.4251828789711 36.463164947927 32.55724293738604 633.8803923800588 17.15931794047356 710.6532843187451 70.69491273164749 590.3508481159806 316.3425606042147 11.63295756280422 182.4310042709112 31.7167784050107 0 2.636502601206303 0.3534784018993378 27.24466820061207 0 0.3330939561128616 0.1236912533640862 36.62047593295574 0.1628498733043671 187.1342598572373 25.52193285524845
305.1823319196701 1640.803691074252 1743.694826424122 3.448774740099907 1510.977969504893 0.9585540145635605 132.902691245079 1884.32329235971 523.5431874096394 16.44296798110008 1752.96268479526 10.7121008336544 164.3049408346415 2094.012979969382 8.559348233044147 3.854107074439526 0.3004323244094849 1.487724453210831 0 10.59050151705742 71.38006822764874 2.659289121627808 1.527064174413681 0.5710166841745377 1.11567385494709 6.579120181500912 0.439067617058754 1.085809037089348 1.302555441856384 0 5078.56620708853 1348.803263694048 753.2692522183061 3.996493443846703 2.108440168201923 0.5751676112413406 45.84091534465551 3.476869627833366 4.206351034343243 0.5635906606912613 36.27188020199537 14.90304660797119 11.05359145998955 0.2825570702552795 1.317040264606476 0 20.07838822901249 1.438310921192169 1.473852470517159 3.336628079414368 3.415334582328796 6.235648185014725 0 3.153195135295391 3.19938713312149 4.468068525195122 119.4411139264703 487.7624898701906 86.42685008794069 26.01083315163851 0.4394641667604446 47.72200120985508 0.2473325431346893 154.6374610215425 2.485033378005028 3.318849556148052 1.650814220309258 2.030474416911602 6.216611012816429 56.73962126672268 36.84693552553654 0 0 75.26864137500525 7.829393595457077 32.96940876543522 17.44199168682098 11.30488215386868 18.67936447262764 547.7442102357745 0 75.29080913215876 4.211741350591183 1.585346877574921 1.277585744857788 2.535554736852646 3.516769021749496 0.2555974572896957 0.6122924312949181 0 1.264483407139778 1.033543780446053 50.07647688686848 1.403143204748631 3.818092308938503 11.15045329928398 0.7128787785768509 0 9.072116896510124 311.4240300580859 0 0 2.515498071908951 0 0 3.590177983045578 0.5535073280334473 2.41770988702774 2.577005580067635 0.1667678207159042 0 1.523689836263657 2.603488475084305 2.445773959159851 1.063389167189598 0 0 0 0 0 0 0.5759051442146301 0.1557282954454422 0 0 1.393490746617317 0 0 0 0 0.467883288860321 0 0 0 0 0 0 0 0 2.719936862587929 0 0 1.152248382568359 1.244677931070328 2.965338990092278 0 0.2610158622264862 0 0 0 0 0.1369338035583496 0 0 0 0.4853281676769257 0 0.8992059528827667 0 0 0 0 0 0 0 0 0.1388061940670013 0.1681215614080429 0 0 0.1258611083030701 0 0 0 0 0.4348284304141998 7.058401986956596 0 0.3889233767986298 0 0 4.139367297291756 0 0 1.389970183372498 0 0 0 0 0.1339603811502457 0.1455657035112381 0 0 0 0 0.1402196288108826 0 1.931751161813736 2.294296696782112 1.992230430245399 93.99763606488705 7.437300831079483 157.6604101732373 19.62153640389442 63.10586446523666 49.83633857965469 2.243272386491299 34.34205419570208 2.050717189908028 0 0.2327751517295837 0.5301074385643005 0.5335269123315811 0 0 0 3.729465410113335 0 33.59415114670992 4.083942979574203
2306.894702069461 723.5551785826683 3.448774740099907 1273.039346545935 25.02612249553204 854.8745860904455 994.8186506256461 0.7494910955429077 9.134234443306923 5055.034734919667 3.629055581986904 322.4623946398497 166.7112850993872 28.1549174785614 2.635158851742744 0 0 0.1465273946523666 0 0 0 0 0 0 0.1221036314964294 0.1668135523796082 0 0 0.1711115539073944 0 63.61206280440092 1.468374133110046 1.306446462869644 0 0 0 1.506000578403473 0 0 0 0 0 0 0 0 0 8.39997660368681 0.3289484679698944 0.1159998327493668 0 1.738946221768856 0.4263138920068741 0 0 3.658859729766846 8.44242662191391 148.2389216795564 189.6603788658977 141.7732692733407 28.90065328031778 0 0.2756137549877167 0 2.863955214619637 2.174523390829563 0.1281223595142365 0.2962981909513474 0 0 0 8.962730780243874 2.578124165534973 0.1314280927181244 107.682606048882 3.276124015450478 7.108591750264168 1.203047074377537 0.4809295982122421 0 1.035434395074844 0 1.034101769328117 6.817376635968685 0.7135737463831902 0.5750230848789215 2.395418301224709 0 0.1269772946834564 0.2272163555026054 0 0.2920971512794495 0.6565106809139252 0 0.2870902866125107 0.113940641283989 27.12918540835381 5.846009910106659 0 0.6067859977483749 632.7243807688355 0 4.939163267612457 27.75589664280415 44.69800442457199 0.2438052147626877 99.15967908501625 5.814761206507683 12.56880531460047 57.67478789389133 8.325983077287674 2.128096073865891 39.30984805524349 26.39601178467274 22.1570503488183 1.004604764282703 0.1425808817148209 0 0 0 0 0 0 0 0 0 0 0 0 0 0 0 0 0 0 0 0 0 0 0 0.1627638638019562 1.509756088256836 1.336487591266632 0.7095935940742493 0.5985286235809326 0 0 0 0 0 0 0 0.1385364830493927 0.1489691883325577 0 0 0 0 0 0 0 0 0 0 0.7841636389493942 0 0 1.417393907904625 0 0 0 0 0 0 0 0 0 5.234593749046326 0 0 0 0.2159300595521927 0 0 0.1640398502349854 0.2594383358955383 0.474502757191658 0 0.2206863164901733 0 0 0 0 0 0 0 0 0 1.250888884067535 0.323917418718338 0 175.5623346194625 2.803768247365952 140.7729033082724 6.277368105947971 954.1261840090156 50.60824953764677 4.733671814203262 17.13072709739208 20.06158121675253 0.173285573720932 2.069029189646244 0 13.96007086336613 0.7042544186115265 0 0.2328431755304337 1.444092884659767 0 165.9205279499292 3.195859342813492
130.3365949466825 2514.051661208272 1510.977969504893 25.02612249553204 951.440390765667 7.802418053150177 1806.109895296395 492.1215687990189 2193.117479771376 244.2772708237171 1915.962437227368 47.53211453557014 791.2904311344028 2037.661192446947 21.12461633980274 5.481734700500965 0.7852042317390442 0.1497419029474258 0.1502002030611038 0.1480170488357544 1.244923532009125 0.1337299942970276 0 0.130279466509819 0.205984964966774 0.1585570722818375 0 0.3281705379486084 0 0.2686284109950066 344.9532029181719 60.00000017136335 77.34766390919685 0 0 0.1328541040420532 45.8834153264761 4.540900349617004 4.455253750085831 0.127876490354538 0.4676409214735031 0.760332316160202 0.1417345106601715 0 0 0 41.71202389895916 1.135318703949451 0.3612164407968521 0 1.689114861190319 0.6827556863427162 0 0.2643113359808922 3.13153613358736 9.090567521750927 49.70650823414326 86.31034011393785 64.66364605724812 49.25314489006996 0 6.214486368000507 0 46.33590074628592 2.11161720007658 0.6126078367233276 0.5376626625657082 0.1151889190077782 0.128163680434227 0.9641017466783524 77.52824599295855 3.382286310195923 0 74.90467299520969 11.76840262115002 68.28720933943987 32.3243815600872 14.17741664499044 0.895520031452179 26.20720150321722 0.135993167757988 2.422046303749084 4.096308410167694 0.1481378972530365 1.243271857500076 2.174105390906334 0.3485707640647888 0.5941520109772682 1.584103405475616 0 0.7867575064301491 0.5746959745883942 1.628760643303394 0.3135714679956436 0.7517671585083008 38.57723737508059 3.591188848018646 0 7.255523577332497 29.82569531351328 0.9997772872447968 3.70113842189312 16.96332338452339 0.3800588250160217 2.990090727806091 30.18218582868576 1.540641210973263 18.02539587765932 41.39045505970716 4.844728499650955 7.609404027462006 13.48589468002319 31.94917460530996 33.37189754098654 26.62596835196018 0.5724974572658539 0 0.1857598125934601 0 0 0 0 0 0 0 0.1885644942522049 0 0 0 0 0 0 0 0 1.77664490044117 1.622037917375565 0 0 0 23.20199296623468 0.7991121411323547 7.392117381095886 13.72911797463894 4.543995827436447 0 0 0 0.2278567999601364 0.1334178000688553 0 0 0 0.4406554251909256 0 0 0.2830691635608673 0 0 0 0 0 0.5984228849411011 0 0.9333842545747757 0 0.2667793035507202 7.717373222112656 1.049061357975006 0 0 0 0 0 0 0 0.1681927293539047 66.72493989020586 2.828770786523819 0 0 0 16.37675420939922 0 4.043521791696548 0.398796483874321 0.264814019203186 0.7431208416819572 0.4891986101865768 0.8895810022950172 0 0 0.1652722805738449 0 0.4255371689796448 0 0 0 26.40741868317127 44.21856322139502 49.90855740010738 305.2868076488376 9.626807324588299 299.0993558391929 49.1779618486762 127.2518608048558 130.0463260486722 2.665861755609512 111.3713544011116 31.07363427430391 0 2.696415543556213 2.780588939785957 22.81662520766258 2.23989100009203 0 0.4090171456336975 15.95002998411655 0.6818503886461258 98.51287908107042 27.55503326654434
141.0706602632999 52.80644872784615 0.9585540145635605 854.8745860904455 7.802418053150177 28.03565739095211 119.8748350292444 2.157623320817947 1.977812543511391 1175.644487738609 4.607523545622826 123.1732306778431 34.50099250674248 16.90378507971764 2.294107638299465 4.562208987772465 0.148573100566864 0 0 0 0 0.1643654555082321 0 0 0 0 0 0 0 0.09430008381605148 12.39375810325146 0 17.72690509259701 0 0 0 20.27607895433903 0.7289511784911156 2.627291232347488 0.3044083118438721 0.6182096302509308 0 0 0.1216100081801414 0 0 1.669839672744274 0 0 0.1165611147880554 0.2815708070993423 32.69252645224333 2.069966338574886 0 0 0.4797851294279099 71.55923912674189 41.17407634854317 13.5554955303669 1.904864318668842 0 4.973048776388168 0.1730717867612839 0.28074611723423 0 0 0 0 0 0 97.65398928523064 230.0638110637665 26.58468612283468 11.42161298543215 0.1329261958599091 3.841585017740726 1.601628594100475 2.15199176222086 0.2507592141628265 17.34090813994408 0 3.856279790401459 0.1180695593357086 0.3210567533969879 0.1141820698976517 0.2590115368366241 0.3957025408744812 1.551694720983505 3.295209534466267 11.72242245823145 3.598476015031338 23.784198962152 0.1505072861909866 1.412197887897491 5.919697776436806 370.6302284672856 206.0145695284009 16.9792645573616 61.91141925752163 249.3770962953568 0.1620062589645386 0.4985823929309845 0 0 0.1857404559850693 2.969536349177361 0.4910173416137695 1.518780618906021 3.249815702438354 0 0 1.570091068744659 1.029124945402145 0.8395427167415619 0 0.110904835164547 0 0 0.1723306775093079 0 0.1111527681350708 0 0 0 0 0 0.1481180936098099 0 0 0.3299408704042435 0 0.7658924609422684 0.1257434040307999 0 0 0 0.2811127007007599 0 0.1418570131063461 0.6844927594065666 0 0.1930446624755859 2.182425864040852 0.3696356192231178 0 0 0 0 0.2564661204814911 0.2596727311611176 0 0 0 0 0 0.2017718553543091 1.757600702345371 0.2328846901655197 0 0 0.334382064640522 0 0 0 0.209214374423027 0.2603687793016434 0.5226099342107773 0 0.1282998025417328 0 0 0 0 0.3853837102651596 0.1395277827978134 0.2782419621944427 1.034260466694832 1.369058340787888 0.1445035487413406 0 0.4693612456321716 0.7493377327919006 0 0 0 0 0 0 0.1430235505104065 0.1296438723802567 0 0 0 0.1708224415779114 0.4376313239336014 0.4171876162290573 0 0.4590295106172562 1.543417200446129 3.584102287888527 17.5366175994277 1.125013656914234 14.80594988167286 3.285579644143581 347.6969249472022 2.442620277404785 0 3.533782944083214 4.382681116461754 0 0.3730539605021477 0.2802226096391678 2.408351242542267 0.6826633810997009 0 0.1168252751231194 0.7870578616857529 0 64.29474517703056 2.672045096755028
696.373504884541 3022.153872132301 132.902691245079 994.8186506256461 1806.109895296395 119.8748350292444 1063.236589923501 82.86186763644218 1073.149599775672 3177.431306608021 1083.817057915032 274.9886444211006 2438.621382623911 3060.029719829559 31.20827602595091 9.876714333891869 0.7997050359845161 0.1257482469081879 0.1327287554740906 0.2713972926139832 0.9105614721775055 0.6789087951183319 0 0.1055267006158829 0.3990008607506752 0.6761505305767059 0 0.4194457978010178 0.2749839872121811 0 111.1135448291898 30.45903814584017 88.82929895073175 0.2420714050531387 0 0.1281441003084183 66.7060764208436 8.248611129820347 2.843659766018391 0 2.718744173645973 0.7056475430727005 0.341322548687458 0 0 0.3086190074682236 41.47579532116652 0.890758253633976 0.2719915062189102 0.4611946046352386 1.997730053961277 1.057699367403984 0.1843135058879852 1.437039941549301 4.913216948509216 9.10038797557354 72.50168058276176 127.1312744170427 90.06335459649563 55.7957706823945 0.1417376697063446 7.216831721365452 0 69.69351117312908 1.934828981757164 0.6678262278437614 0.8008555844426155 0.2645335346460342 0 1.249436922371387 128.3183268457651 6.715584620833397 0.1806121617555618 98.55594465136528 18.1338788792491 86.46849556267262 37.50115524232388 23.85779871046543 1.992238238453865 12.8792462721467 0.1505232602357864 4.017325691878796 5.448357179760933 1.225561998784542 0.82744250446558 2.612866163253784 0.5707329586148262 0.1259870678186417 1.264365665614605 0.3814360424876213 0.3711618930101395 0.3300182670354843 2.752025179564953 0.4222261309623718 1.181879356503487 117.16215351969 11.32392074167728 0 14.19787633419037 80.00446362048388 2.855355024337769 18.40500194579363 42.56162110716105 38.71570673584938 7.130907788872719 169.8380533903837 13.34213560819626 101.5790088698268 161.7947483658791 22.25206944346428 27.42132726311684 126.5149191170931 111.7190812751651 99.47553009539843 89.70933127403259 1.427789576351643 1.553108632564545 0 0 0 0 0 0 0 0 0.2712365388870239 0 0 0 0 0 0 0.1633777022361755 0 0.9118868857622147 2.638672292232513 0 1.198642373085022 0 63.88507136702538 4.698253259062767 24.34768065810204 29.41576489806175 9.161474376916885 0 0 0 0 0.4400782212615013 1.950795412063599 0 0.326709195971489 2.719501860439777 0 0 0 0.3051170110702515 0.1932729631662369 0 0.1100796014070511 0.1143126487731934 0.7805783599615097 0.6271913200616837 5.050916351377964 2.163507699966431 0 27.01457512378693 0.2447966337203979 0.08899231255054474 0 0.1297195255756378 0 0 0 0 0.3348643779754639 180.8756571412086 5.917135968804359 0.2308849841356277 0.3034365922212601 0.5778105407953262 29.49437427520752 1.095689617097378 16.87951103597879 0.3887735456228256 0.6215208992362022 1.489872209727764 0.1392344683408737 0.8931003212928772 0 0 0 0 0.6563788950443268 0.3249785602092743 0 0 92.64177365601063 91.38823543488979 82.55226121097803 600.4213835000992 16.54104187339544 366.42267716676 71.33504712581635 412.5891446843743 137.0244192257524 3.251487880945206 149.7909200564027 101.2488542497158 0.1879354119300842 9.133969284594059 0.6607673466205597 94.84083054214716 0.8403105288743973 0 1.702723473310471 34.24453210830688 2.760668337345123 301.1770988553762 85.55853141844273
38.79006487876177 436.9113347828388 1884.32329235971 0.7494910955429077 492.1215687990189 2.157623320817947 82.86186763644218 1478.499432235956 509.379086792469 26.10991777479649 1288.881126433611 25.59795588254929 133.6496840417385 2316.68584831804 16.9061580747366 14.68309304118156 7.958576917648315 27.07606479525566 4.773041874170303 42.01569858193398 158.0027301385999 1.861693739891052 5.789787426590919 2.176773235201836 6.758767172694206 14.29632246494293 3.358000904321671 5.710778132081032 1.970315739512444 0.6552373915910721 2110.443321116269 3997.904459029436 1086.655686214566 18.11745256185532 4.413972996175289 6.211605846881866 73.11680765450001 22.75085964798927 19.51969380676746 4.126865446567535 101.7950109392405 33.55504801869392 78.28845354914665 23.94834662973881 30.51503437757492 23.59449829161167 40.72400213778019 9.220778599381447 8.716496668756008 49.79168256372213 10.15243054181337 12.33122986555099 0.4255451560020447 9.892773777246475 2.901582077145576 3.473646655678749 40.6932338476181 224.014305241406 42.95985577255487 31.42183858156204 21.81818735599518 488.6655740663409 1.945548161864281 1742.210352107882 2.007607087492943 10.77582480013371 2.24688433855772 7.739338792860508 24.36941629648209 135.2145591527224 47.28508395701647 1.821282848715782 0.7712109163403511 54.93724419921637 110.6980678290129 83.20388529449701 337.9030781388283 293.6551766246557 654.9422981292009 2308.58151897788 87.76948377490044 1439.88902630657 5.367449849843979 0.6925263106822968 13.47843558341265 5.895403213799 26.86701732873917 0 0.3856777399778366 0.5215253829956055 1.22921285033226 3.909909546375275 121.9948326647282 9.699269995093346 9.386300079524517 23.16925904899836 2.338922932744026 0 17.3555071502924 47.94672401994467 1.053586274385452 0 1.82157601416111 0.533815324306488 0.3695683926343918 3.791348196566105 0 1.204612642526627 6.779172047972679 0 0.6250283718109131 1.784506231546402 2.641560360789299 5.837001457810402 6.288160338997841 0 0.2971763610839844 0 0 0 0 0.3494957387447357 0.2100976407527924 0 0.407254546880722 0.6304744184017181 0 0 0 0 0.8682309687137604 0.2383060306310654 0.7526474446058273 0.1289114654064178 0 0 0 0 0.1309182494878769 7.969007596373558 1.495230853557587 1.72165359556675 1.910838693380356 1.51726695895195 2.009806200861931 1.64846259355545 0.7004735618829727 0 0 0 0.6154417395591736 0 0 0 0 0.6518331319093704 1.125631749629974 2.417713463306427 0 0 0 0.1230849251151085 0 0 0.9851956069469452 0.8588379621505737 4.456885665655136 0 0 0 0 0 0 0.2457033693790436 0.1231707781553268 1.359858587384224 12.28772738575935 0.4584910273551941 0 0.7968715131282806 0.6467015594244003 2.548034131526947 3.274053901433945 3.932291492819786 0 0 0.741579033434391 0 0.1730765700340271 0 0 0 0 0 0.2085060328245163 0 0.1504496932029724 8.429612353444099 11.62317492067814 5.666954927146435 167.1248754262924 11.41247387230396 219.0091614574194 44.80220843106508 55.37175717204809 81.91495945304632 1.087671726942062 54.7821468859911 7.510172858834267 0.4372155368328094 2.420320600271225 0 1.906186997890472 0 0 0 25.58532343804836 0 27.47250681370497 7.312475547194481
9.903902739286423 995.9609656780958 523.5431874096394 9.134234443306923 2193.117479771376 1.977812543511391 1073.149599775672 509.379086792469 419.9041208028793 157.4934632480145 1516.71453641355 32.62646421790123 477.8203152865171 859.4040704518557 4.184417724609375 1.484753385186195 0 0.1331360787153244 0 0 0.2013473361730576 0.199348658323288 0 0 0.1220861300826073 0 0 0 0 0 21.46542796492577 6.733826026320457 25.54550911486149 0 0 0 10.69832852482796 0.5058837234973907 0.5447234213352203 0 0.3828181475400925 0 0 0 0 0 5.031695999205112 0.2945002764463425 0 0.2284700125455856 0.2304589450359344 0.3080094009637833 0 0 0 0.2441269606351852 5.252841554582119 9.437115333974361 6.134238861501217 6.27635995298624 0 0.3397164940834045 0 10.18921446055174 0.3545634746551514 0.09631185978651047 0.1234251782298088 0 0 0 13.46575754880905 0.808434933423996 0 10.67463397234678 2.286992460489273 11.47823369503021 5.93589248508215 4.356340833008289 0.290354311466217 6.403895556926727 0 0.9315795600414276 0.2706082463264465 0 0.3334443122148514 0.107705369591713 0.122417189180851 0 0 0 0.1132857650518417 0.1296525448560715 0.369938850402832 0 0.1622374206781387 7.717733129858971 0.3766615092754364 0 1.296519339084625 1.499556452035904 0.4710932150483131 1.114019364118576 2.871316060423851 0 0.2001425623893738 3.445809081196785 0.8463008999824524 2.017255902290344 6.140332713723183 0.7343125641345978 1.130908876657486 2.275216400623322 5.264378979802132 6.517184987664223 3.985363557934761 0 0 0.1600345522165298 0 0 0 0 0 0 0 0 0 0 0 0 0 0 0 0 0 0 0 0 0 5.470701113343239 0 1.518337726593018 3.122340202331543 1.846022188663483 0 0 0 0 0 0 0 0.126778855919838 0 0 0 0 0 0 0 0 0 0 0.1120823174715042 0.8807167261838913 0 0 1.458986684679985 0 0 0 0 0 0 0 0 0 9.89401500672102 0.557336151599884 0 0 0 3.109776496887207 0 0.5302809029817581 0 0.1291825473308563 0.3974239826202393 0 0 0 0 0 0 0 0 0 0 6.342023842036724 8.927653111517429 6.956655122339725 40.44601679593325 1.661587543785572 37.06112472712994 7.0780139118433 11.20024475455284 12.9054833650589 0.30980084836483 19.27116972208023 5.849357798695564 0 0.1525196880102158 0.1445777863264084 4.618281520903111 0 0 0 3.794779568910599 0.1373220384120941 13.42542961239815 3.824012905359268
2468.264055155218 1883.282332256436 16.44296798110008 5055.034734919667 244.2772708237171 1175.644487738609 3177.431306608021 26.10991777479649 157.4934632480145 2806.748498156667 223.0606487542391 1736.966137439013 4098.413842573762 2217.416740044951 11.3844947591424 5.459767855703831 0.1268536597490311 0 0 0 0.5579987764358521 1.191947147250175 0 0 0 0.2978304326534271 0 0 0 0 29.13866701722145 5.181365914642811 288.2648420780897 0 0 0 425.9582315981388 1.325588002800941 2.980240553617477 0 1.0978784263134 0.3587144315242767 0.3345201015472412 0.4272570312023163 0 0.146327018737793 13.18659179657698 1.367585703730583 0 0 0.6088558435440063 2.203625500202179 0.4860777407884598 0.1188341155648232 2.279830798506737 3.470672108232975 86.76447678357363 85.11951496452093 62.71088933944702 21.28236098587513 0 8.143137976527214 0 23.24392367899418 1.047418482601643 0.1536460369825363 0.5012059286236763 0 0 0 644.3294263631105 8.574835695326328 0.7319547235965729 47.33930570632219 5.306485734879971 29.75041868537664 15.17189683765173 12.16985583305359 1.443937048316002 6.337078779935837 0 1.701293349266052 1.740106493234634 0.3941795155405998 0.4407298564910889 1.685472436249256 0.2270259037613869 0 0.626207135617733 0.7530294209718704 0.3637367486953735 1.535109907388687 0.7429457604885101 0 1.004477262496948 530.659883543849 53.82445056736469 0.1578754335641861 14.35864414274693 843.0610624402761 1.937349081039429 20.38980908691883 32.89332765340805 36.31330634653568 4.801706209778786 174.3039585277438 9.389847531914711 63.79538574069738 163.6819032952189 28.40165016800165 22.1938235014677 108.1613129302859 117.2302411869168 133.1211333349347 64.15790584683418 0.9400132149457932 0.5403914004564285 0 0 0 0 0 0 0 0 0 0 0 0 0 0 1.158823907375336 0 0 2.474657118320465 3.17645701020956 0 0.1174192875623703 0 36.51943269371986 0.4146146476268768 9.470950171351433 9.606401294469833 3.553651124238968 0 0 0 0.1327065527439117 0.2470971569418907 0 0 0.1295674592256546 0.3626655489206314 0 0 0 3.747868269681931 0 0 0 0.1886844336986542 0.6868187636137009 0.4167133718729019 7.410897232592106 0.1696575731039047 0 11.21983838826418 0 0 0.1010349541902542 0 0 0 0 0 0.6431650817394257 118.0132952034473 1.106346815824509 0 0.3808971494436264 0 13.2686063349247 0.2723578810691833 5.424382850527763 1.737465545535088 0.9311424493789673 0.9669857323169708 0.3021489083766937 0 0 0 0 0 0 0.2424878031015396 0 0 81.77278103679419 39.23142579942942 36.07679532468319 603.5536736473441 3.257478028535843 119.7276001870632 23.97258073091507 1308.897525534034 43.00897973030806 1.336752831935883 41.57140165567398 222.6004421412945 0 3.877947278320789 0.5575669482350349 165.2958901524544 2.239577874541283 0 0.8940002471208572 11.03438115119934 0.1363468021154404 864.5646234154701 88.467409029603
87.75310627371073 854.7931952551007 1752.96268479526 3.629055581986904 1915.962437227368 4.607523545622826 1083.817057915032 1288.881126433611 1516.71453641355 223.0606487542391 478.2031850814819 235.6382124871016 1390.992946311831 4548.553260758519 26.8228514790535 20.47462959587574 1.256526783108711 2.421827927231789 0 3.190538570284843 31.67961905896664 9.926014110445976 0.1639215797185898 0.1724548041820526 1.92339363694191 8.631816267967224 1.054330371320248 2.349578499794006 1.126630023121834 0.6767980754375458 1006.155109226704 231.7524800151587 1075.10259822011 0.8415881097316742 1.037371173501015 0.9642218947410583 284.5651461035013 10.50079423189163 10.84269738197327 2.280367262661457 36.37083281576633 11.64588910341263 3.898863360285759 0.1457028537988663 0 0.1479794234037399 32.24204458296299 0.5875079929828644 0.4131349623203278 1.359634786844254 2.919557638466358 26.30025865137577 1.877844199538231 7.84291335940361 2.093555226922035 2.801480196416378 23.73284967243671 91.43452543020248 28.51350133866072 29.82380738854408 0 55.03023417294025 0.3348733186721802 93.59419889003038 0.8395764231681824 1.732802823185921 1.334345668554306 0.7615686133503914 1.403935328125954 16.37890075147152 242.7775098383427 2.614746302366257 0.1606655865907669 40.35711798816919 22.79483379423618 70.96143643558025 58.75964795798063 40.79301413148642 10.76087915897369 246.2357654571533 0.4454747810959816 58.36721756309271 2.443634144961834 0 0.5245609655976295 1.786733701825142 0.7931744903326035 0 0.6634480059146881 0 1.054277703166008 5.759313493967056 39.13704308867455 2.670094281435013 11.38958413898945 69.1190070360899 6.084401726722717 0.5891267061233521 24.10891222953796 37.53333935886621 0.852507472038269 0.4730309247970581 5.260975047945976 0.8464100062847137 1.850565806031227 9.098587080836296 1.646531656384468 5.650358036160469 16.46441711485386 1.697055831551552 1.300655260682106 9.500994473695755 9.173979714512825 11.61065455526114 12.35844308137894 0.7185952663421631 0.2462155073881149 0 0 0 0 0 0.2704279124736786 0 0 2.376849263906479 0 0 0 0 0.9501855671405792 0.424949012696743 0.1554580479860306 0 0.7485154569149017 0 0 0 0 7.741137236356735 0 6.250963747501373 1.811311662197113 0.3482173085212708 1.68241323530674 0 0.2712344825267792 0 0 0 0 0.1013012304902077 0.2511814534664154 0 0 0 0.6504393219947815 0.368835061788559 0.1031727194786072 0 0 0.2539643049240112 0 0.4110271632671356 0 0 2.995078876614571 0.2013469636440277 0 0 0 0.1427122056484222 0 0 0 0.5245545357465744 28.38052246719599 2.773364037275314 0.6095875948667526 0.4353726804256439 0.1680757254362106 8.654748573899269 0 2.217134356498718 0 0 0.7448779493570328 0 0.1292939931154251 0 0 0 0 0 0.5946636945009232 0 0 11.6583865582943 22.20173968374729 16.07763893157244 154.5394166857004 10.46573679894209 185.8945884630084 39.61980304121971 43.14794427901506 56.53618950396776 1.332120388746262 56.08843817561865 10.50458527356386 0 1.090839296579361 1.824557065963745 10.55751876533031 0 0 2.077494978904724 13.94197469949722 0 67.18573270738125 14.45795990526676
331.1128991618752 32.96135812997818 10.7121008336544 322.4623946398497 47.53211453557014 123.1732306778431 274.9886444211006 25.59795588254929 32.62646421790123 1736.966137439013 235.6382124871016 93.16794766485691 1421.705719068646 719.3637375086546 21.69903998076916 16.07125918567181 0.4290525689721107 0 0 0.1523167788982391 1.777310222387314 6.580025643110275 0 0.1186755746603012 0 0.2008881717920303 0.105145275592804 0.7897141575813293 0.0919511616230011 0 16.07703629881144 6.663959145545959 178.267251431942 0 0 0 249.9516829401255 2.627730935811996 5.708631277084351 0 3.36251063644886 1.179096847772598 0.5894033759832382 0.5530362576246262 0 0.5701917409896851 18.50776745378971 0.3012145459651947 0 0.5972739532589912 1.274711206555367 14.28216699510813 3.802510499954224 3.524848878383636 0.1507151871919632 0.3384917080402374 13.19834730774164 28.03669348359108 10.81737055629492 13.68290949612856 0.2161508649587631 7.854610681533813 0 43.59287609159946 0.2796638086438179 0.1219231784343719 0 0 0.1752641648054123 0.159369945526123 336.8376065641642 5.338482558727264 0.1217577829957008 19.67043340206146 10.34499835968018 42.75103418529034 30.40481021255255 23.27461288869381 0.3648822009563446 36.41401249170303 0 2.928301870822906 0.8361848145723343 0 0.3751189410686493 0.5904345363378525 0.3997392281889915 0.1601627022027969 0 0.1501929610967636 1.443834647536278 3.966504141688347 3.428229331970215 0.2495491653680801 7.728923678398132 699.4285183697939 43.89679239690304 2.134083345532417 32.12601064145565 65.07307240366936 1.966970846056938 12.03692135959864 22.65282167494297 4.098217591643333 2.128167256712914 66.54363376647234 3.117822363972664 37.09735484421253 110.8685201853514 18.03497523069382 15.29305942356586 41.3602652028203 71.86618227511644 69.53237936645746 46.26289580762386 0.3700216338038445 0 0 0 0 0 0 0 0 0 0 0 0 0 0 0 0.2815139591693878 0.4072982668876648 0 2.766667857766151 0.6023903489112854 0 0.1375539600849152 0 23.32830498367548 4.437025219202042 9.904462769627571 6.275673635303974 4.262487843632698 0 0 0 0 0.1169086396694183 0.1340663880109787 0 0 0.408179983496666 0 0 0 0.9990951120853424 0.5982970148324966 0 0 0 1.496011883020401 0.2700835019350052 5.26526939868927 0 0.6481655240058899 7.743252918124199 0.7108887955546379 0 0 0 0 0 0 0.3405491262674332 0 95.46604070812464 1.009656399488449 0 0.4311268180608749 0.2792176604270935 11.03839419782162 0 8.164310932159424 0.5883548408746719 0.246308334171772 0.503123864531517 0.1090440526604652 0 0 0 0 0 0 0 0 0 55.84623767435551 33.27942797541618 30.56252451986074 298.2688292711973 3.808968767523766 82.27781490981579 31.20313114672899 269.0716631859541 21.19798613339663 0.6674889028072357 36.42730881273746 109.2702225521207 0.2268034517765045 2.579405225813389 0.8311994522809982 87.28393048048019 0.971473753452301 0 0.4347073137760162 14.4876614511013 0 622.0409547612071 87.50844991207123
160.8438260555267 1324.116972595453 164.3049408346415 166.7112850993872 791.2904311344028 34.50099250674248 2438.621382623911 133.6496840417385 477.8203152865171 4098.413842573762 1390.992946311831 1421.705719068646 2649.899784147739 5231.117100030184 35.93250393122435 22.58498654514551 1.123106054961681 0.5271611660718918 0.253815084695816 0.4439358562231064 1.615533247590065 11.47329223155975 0 0.1103528365492821 0.1464018523693085 1.769433170557022 0.1756983399391174 1.860345110297203 0.5573577582836151 0.2240652740001678 81.02190857380629 29.27299874275923 531.8791896998882 0 0 0.1476189941167831 583.7872169688344 4.424773827195168 19.70803609490395 0.1542294919490814 6.14692061394453 2.824793614447117 0.8313454985618591 1.546444848179817 0.2979314029216766 0.198260560631752 30.98601377755404 0.2653559744358063 0.1442251950502396 0.5379714518785477 1.928749270737171 26.87155935168266 1.909439221024513 5.716754615306854 0.3523830473423004 1.240348592400551 21.53516928106546 60.49776361882687 23.0712283551693 27.71470052748919 0.1931595355272293 8.207319900393486 0 76.06339976191521 0.4225057810544968 0.9091633409261703 0.4435980096459389 0.194322943687439 0.8642594814300537 1.214182168245316 243.4061074182391 6.967160448431969 0 39.54603636264801 17.11315796524286 83.25442433357239 52.14140447229147 39.45138457417488 2.355078108608723 116.5364303439856 0.5267326086759567 5.123497545719147 1.18590472638607 0.5855628475546837 0.6852313652634621 0.5742194876074791 0.3522120118141174 0.6210663169622421 0.9648491367697716 0.3107712864875793 1.550090178847313 7.738487273454666 8.608957171440125 0.9895653426647186 12.30314438045025 310.0454548299313 41.23530559241772 0.9562745243310928 32.90535091608763 39.20462916791439 1.123858734965324 7.445785515010357 24.82968011498451 4.893556259572506 5.280802741646767 150.1578554734588 3.063357755541801 32.45750646293163 81.35789083689451 14.2303379997611 15.70495471358299 25.26450458168983 74.26719630509615 61.25247813016176 49.81112103909254 0.9001101925969124 0.8733353167772293 0.1276715695858002 0 0 0 0 0 0 0 0.333444744348526 0 0 0.2793699204921722 0.1198765859007835 0.5385607928037643 0.7389902472496033 0.5795146971940994 0.1282761842012405 0.7036741524934769 1.814038425683975 0 1.890334725379944 0 29.07638865709305 0 11.63795575499535 13.62235438078642 2.253126129508018 2.032014101743698 0 0.1533984243869781 0 0.9171025454998016 1.164706848561764 0 0.1062779128551483 0.2218346670269966 0 0 0.2969242036342621 2.446855865418911 0.1831543743610382 0 0 0 0.106908954679966 0 2.594628870487213 0.2111187279224396 0 13.16491729021072 0.9041624665260315 0 0 0 0.1224828884005547 0.128653421998024 0.1515302211046219 0 0.9183769226074219 100.0659992769361 3.589776784181595 0.1533419191837311 0 0.1398560255765915 16.10787317156792 0.6192832589149475 9.89500817656517 1.162455879151821 0.6988583505153656 0.5912474766373634 0.2750928029417992 0.3674797415733337 0 0 0 0 0.485643707215786 0 0.1743732094764709 0 64.15052032470703 47.62479405850172 38.74676289409399 275.6064957380295 7.638612501323223 156.5059826150537 50.60921514034271 122.5431935042143 50.89641070365906 0.9243587851524353 77.42968859523535 61.97347928583622 0 3.366710022091866 1.337028726935387 58.56886135041714 0 0 0.2596050798892975 23.67403635382652 0 287.8748650252819 67.46987034380436
