151.457529887557 1472.296209767461 557.9730534777045 1855.621751457453 179.017420373857 7.596594542264938 706.2552005052567 69.04687014222145 37.22275448590517 1573.944611541927 205.1691940054297 214.7258314713836 344.4738683179021 248.8477643206716 1.905125342309475 0.468628890812397 0.09497430175542831 0 0 0 0.5205070897936821 0 0 0.1423555910587311 0.3153954297304153 0 0.2619442865252495 0 0 0 707.1114153116941 8.465471424162388 14.47614219784737 0 0.3630981147289276 0.1607905477285385 6.462635204195976 0.4674372375011444 2.494650729000568 0.3700626417994499 0.8007239401340485 0.5303394794464111 0 0.3684964254498482 0.1311933696269989 0 11.0312477722764 0.2509064003825188 0 0.1808018833398819 0.2690348476171494 0.6501678824424744 0.1371342241764069 0.2330099120736122 8.994033440947533 11.50468251854181 239.7817491516471 1196.453608497977 35.79020933061838 2.691651195287704 0 0.3359987139701843 0 6.293102614581585 4.489983297884464 0.6014307588338852 0.2029622197151184 0.62205471098423 0.1037082150578499 0.3886038511991501 24.33747674524784 1.109667390584946 0.1508352011442184 270.0915587022901 21.80355601757765 11.69271202385426 1.721018008887768 1.150651812553406 0.1138138473033905 9.119025848805904 0 2.615807987749577 16.36354599148035 0 1.095754317939281 3.285143852233887 0.2441022843122482 0 0.4284828081727028 0.9784912914037704 0.2371640577912331 0.2507351338863373 2.04113183170557 1.560142382979393 0.132316455245018 87.7064256221056 6.761640876531601 0.3224748969078064 3.273047640919685 1121.93335788697 0.1750094443559647 1.901630461215973 0 6.361875474452972 1.079474687576294 3.360742390155792 3.218725427985191 1.213464587926865 2.010856315493584 3.778637737035751 4.809311345219612 4.483447253704071 4.189051441848278 4.317908123135567 10.40157704055309 1.920969232916832 0.6993003487586975 0 0 0 0 0 0 0 0 0.2074098885059357 0 0 0 0 0 0 0 0 5.253834649920464 0 0 0 0 7.658970139920712 0.8561503887176514 6.448534995317459 2.969453752040863 0.1844591200351715 0 0 0 0 0 0 0 0 1.281001880764961 0 0 0 0 0 0 0 0 0 0 0.5013834089040756 0.2537866830825806 0 0.6215707808732986 0.6739670634269714 0 0.1290129274129868 0 0 0 0 0 0 5.572118446230888 0 0 0 0 0.9829457402229309 0 2.471292018890381 0 1.961923308670521 0.6036588922142982 0.09450060874223709 0 0 0 0 0 0 0 0 0 9.008379556238651 4.40378063172102 8.546666577458382 259.6273821145296 2.249499529600143 71.83217957615852 5.138269320130348 591.3084808960557 2.885537587106228 0.4286559820175171 3.836355641484261 9.071725904941559 0 0.8314377069473267 0.9938125759363174 31.43550309538841 0 0 0 10.21530120074749 0 205.6064456179738 4.544353552162647
1472.296209767461 2095.915625035763 1208.763986930251 1980.606233224273 1310.709147803485 105.1061967611313 5427.899719752371 98.80283591151237 2069.517992779613 1431.386896207929 954.3820283412933 253.4316186159849 1547.011402472854 2118.879705034196 8.706854701042175 0.4816242381930351 0 0.110754057765007 0 0.3787409961223602 0 0 0 0 0 0.1804074943065643 0 0.5279296040534973 0 0 2106.044793471694 13.67179453372955 10.51424019783735 0 0.1737969368696213 0 3.738043755292892 1.239964477717876 0.6756035834550858 0.1364654302597046 0.7746463045477867 0.4027813673019409 0.2415443062782288 0.1352504044771194 0 0.1068146377801895 82.21095642447472 1.559649720788002 0.2509621381759644 0.3259577825665474 0.2172278538346291 0.292808972299099 0 0.154776468873024 18.79272425174713 26.66108648478985 44.32764033973217 380.1175123527646 23.61807010322809 16.9799225255847 0.1752816438674927 0 0 37.08772227168083 21.65961298346519 2.591155014932156 0.6033359244465828 0.593474492430687 0.1029301881790161 0.6131609752774239 5.355015583336353 0.7077426239848137 0 370.0899480655789 109.7915790677071 76.70639333128929 3.930276922881603 1.451202593743801 1.936116114258766 6.000319913029671 0 0.7901243418455124 54.14179290086031 0.231062576174736 4.58783208578825 15.06322139501572 1.226481549441814 0 1.267459712922573 0 0.3609771877527237 0.9933154657483101 0.2939398139715195 1.111022099852562 0.3110474199056625 11.415677562356 2.917289316654205 0 0.2023337632417679 668.1404907032847 0.3337758854031563 0.1900821179151535 0 44.31556923687458 0.9745551645755768 0.2079620659351349 3.373098075389862 0.1989374905824661 2.713022097945213 0.8048169761896133 1.077163338661194 2.352941259741783 1.717296287417412 0.9863449335098267 5.770666360855103 0.1065350770950317 0.3122309371829033 0 0 0 0 0 0 0 0 0.2644283771514893 0 0 0 0 0 0 0 0 1.085213363170624 0.2172792553901672 0 0 0 3.041524119675159 0.1010798513889313 0 1.855875164270401 0 0 0 0 0 0 0 0 0 0.09884269535541534 0 0 0 0 0 0 0 0 0 0 0 0 0 0.8779136538505554 0.8669199571013451 0 0 0 0 0.1336875855922699 0 0 0 1.429580487310886 0.1269645392894745 0 0 0 0 0.4524508714675903 0 0 0.09628244489431381 0.5404378175735474 0 0 0.09364870190620422 0 0 0 0.1369618773460388 0 0 0 2.905586637556553 1.85912361741066 1.935202769935131 273.681478485465 6.08765609562397 287.7677993699908 19.71842984855175 412.7641462534666 5.710168793797493 0.4158412665128708 10.77077020704746 1.835680089890957 0 0.5784344300627708 0.2655017971992493 3.042088449001312 0 0 0.1020091772079468 0.2406264021992683 0 75.02462377399206 1.604208439588547
557.9730534777045 1208.763986930251 1230.597192697227 72.88753861933947 785.1234260424972 26.42466260492802 256.9506645575166 1133.082447275519 748.1017631590366 57.40739151835442 3090.710555687547 33.89162191003561 294.752037845552 1391.342044889927 10.56065109372139 2.691582828760147 0.5283922702074051 1.212900757789612 0.1086765676736832 1.459977515041828 4.632642537355423 0.2341175079345703 0.2797396779060364 1.805757090449333 5.64664950966835 4.391058817505836 0.9367136657238007 1.194238483905792 0.2203090041875839 1.133214369416237 5633.942803524435 476.9054907411337 86.96045552939177 0 4.687387317419052 5.153091162443161 25.6547941416502 4.049980819225311 6.26759922504425 1.194659255445004 31.03890796750784 18.36239938437939 2.658432707190514 0.8278897404670715 0.2598371058702469 0.5991896018385887 47.85036437213421 1.66824559867382 1.691185295581818 3.483971558511257 5.586445510387421 4.151141136884689 0.1354651004076004 1.585238866508007 11.10875268280506 16.1963984593749 37.2603365406394 435.1538098081946 17.59805731475353 6.336344368755817 5.481098741292953 25.7659073472023 0.9754980504512787 219.0709273815155 11.19081684947014 2.588327683508396 2.097937248647213 6.908385924994946 15.00295701622963 21.40192974358797 37.73017302900553 3.926331385970116 0.4506490081548691 244.3064356222749 87.30179562419653 61.20194047689438 11.42393361032009 17.41924615204334 59.30223669111729 432.1922936066985 7.051099076867104 119.4589383900166 29.21472735702991 0.1824168413877487 3.657757692039013 7.325524210929871 4.407548151910305 0.2766974717378616 1.831624574959278 0.6399711668491364 2.109970770776272 3.478056684136391 46.5349852591753 21.86429306864738 5.189908653497696 16.06903234124184 6.49381884932518 0.2322124093770981 4.194922879338264 253.6880462914705 0.4525438621640205 1.011395692825317 0 0 0.4941219985485077 2.114580273628235 0.3502173498272896 0.3235891312360764 1.858810350298882 1.781521514058113 1.665219604969025 5.925241574645042 11.67317064106464 6.869601055979729 14.78573735803366 0.5738639831542969 3.614677220582962 0 0 0 0 0 0 0 0.5514035820960999 0.9226855039596558 0 0 0 0 0.4682446718215942 0 1.615688443183899 0 1.325434774160385 0 0 0 0 8.251586854457855 3.402679532766342 10.06145948171616 3.666862264275551 0.3898736238479614 0.8338203430175781 0 0 0 0.705723948776722 0 0.3437708020210266 0 0.602718397974968 0 0 0.3133104741573334 0.5018450617790222 0.3936534374952316 0 0.2107988372445107 0 0.08846385776996613 2.842177025973797 0.3498707041144371 0.3110418766736984 0.7905703186988831 5.104361459612846 3.371152862906456 0 0 0 0 0 0 0.276812881231308 0 11.68647884577513 0.5907808244228363 0.1447727084159851 0 0.1960616707801819 0 0 1.866412505507469 0.2629274874925613 0.3049133345484734 1.929423503577709 0.6210515201091766 1.292127251625061 0 0 0 0 0 0.1797212213277817 0.3706775903701782 0.2638756334781647 7.429777055978775 6.936893969774246 22.85674925148487 137.6008691266179 8.657080233097076 126.6517067551613 11.71737342327833 114.2646151781082 1.900814108550549 0.4665324985980988 8.031032912433147 25.6310715675354 0.520783856511116 5.246590487658978 2.673793643712997 0.5428029894828796 0 0 0.3496628105640411 1.130744412541389 0.1863388270139694 41.85615545511246 10.29364056885242
1855.621751457453 1980.606233224273 72.88753861933947 701.2280767410994 171.1673772856593 449.7660447061062 800.8798258155584 2.739249214529991 67.87809319794178 3566.610433965921 15.46308371424675 550.1256084293127 1158.09073549509 382.72162514925 1.597114011645317 0.1333075165748596 0.215235248208046 0 0 0 0 0 0.1291252374649048 0 0 0.1245393380522728 0 0.1258862763643265 0 0 125.9239917397499 2.957372933626175 2.983948312699795 0 0 0.1038061827421188 3.532879777252674 0 2.111451745033264 0.1724599450826645 0.5313942134380341 0.3485701978206635 0 0 0 0 22.77020627260208 0.1661383062601089 0.1408677101135254 0 0 0 0 0 9.480860143899918 10.7829147875309 66.36931341141462 267.072642326355 25.35136557370424 3.677317172288895 0.1259037256240845 1.1406369805336 0 4.652211025357246 6.951125793159008 0.7485364302992821 0.3478638604283333 0.5360037535429001 0 0 7.647155150771141 1.894275829195976 0 248.3886997625232 33.166444003582 16.11636800318956 2.320879593491554 0 0.2329926043748856 1.675931140780449 0 0.246642142534256 20.94561703503132 0 1.417689897119999 3.812686637043953 0 0 0.09968284517526627 0.1497113108634949 0.3526127487421036 0 0.708732470870018 0.734518438577652 0 63.67961628735065 4.044049486517906 0 1.978222608566284 516.0876477956772 2.822949677705765 3.319039925932884 0 14.59786704182625 0 3.152799218893051 4.293340921401978 0 4.696703627705574 11.68822404742241 0.7479282319545746 14.80923742055893 17.35710322856903 16.33297945559025 30.48773261904716 0.284993439912796 1.043285965919495 0 0.1101173907518387 0 0 0 0 0 0 0 0 0 0 0 0 0 0 0 14.80240496993065 0 0 0 0 11.39748734235764 0.6424250975251198 6.7740388661623 3.184370428323746 0 0 0 0 0 0 0 0 0.6100868433713913 3.169756844639778 0 0 0 0 0 0.652015745639801 0 0 0.1107309013605118 0.7319009900093079 0.2536187469959259 0 0.9629723429679871 2.84908339381218 3.540399745106697 0 0.4251564741134644 0 0 0 0 0 0 11.41953951120377 0 0 0 0 0.8850465416908264 0 0.6946022510528564 0.2200669571757317 2.520744033157825 1.589182436466217 0.3102099597454071 0.2054599821567535 0 0 0 0 0 0.2762413322925568 0 0 24.59870573878288 8.108600690960884 13.6959245428443 175.3216057792306 1.680939011275768 111.1424191147089 5.914579398930073 512.3062782213092 3.403580844402313 5.038165792822838 9.509722337126732 25.97801946103573 0.299410492181778 5.792077362537384 3.154845006763935 20.99219696223736 0 0 0.492762103676796 1.366013675928116 0.343739777803421 152.8109012395144 9.447622083127499
179.017420373857 1310.709147803485 785.1234260424972 171.1673772856593 1148.54750739783 18.42533026635647 1952.146025210619 63.59562534838915 4953.478254161775 468.7419834882021 720.9381784871221 224.9755066037178 742.5922095403075 1541.194217197597 6.37801281362772 0.9194601997733116 0 0.1146016791462898 0 0 0 0 0 0 0.1485218703746796 0 0 0.1219414621591568 0 0 225.8500413745642 15.26818503439426 0.8286116421222687 0 0 0.1134056150913239 0.08728066086769104 0 0.080613873898983 0 0.1575959026813507 0 0 0.391876794397831 0.1102965921163559 0.092876136302948 40.84105683118105 0.9698349982500076 0.4382489696145058 0 0 0 0 0 4.687320940196514 10.77503141015768 6.463869959115982 61.11114145815372 3.994143277406693 9.366818763315678 0.1022196710109711 0 0 33.26340989768505 6.757169790565968 2.273153617978096 0.3099187612533569 0.1398031711578369 0.2340805903077126 0 1.49667252600193 0 0 112.4729966744781 56.55302803218365 54.07717741280794 3.878821447491646 0.5576493516564369 5.950278654694557 0.4620386809110641 0 0.3513998612761497 20.82437171041965 0 2.244902059435844 6.454345636069775 0.5857344046235085 0 0.7130801305174828 0.0880524143576622 0.1387940794229507 0 0.3152791485190392 0.8293197974562645 0.2116213887929916 1.62140491604805 3.462574332952499 0 0.7603276371955872 21.87654952704906 0.6638948172330856 0.5201644897460938 0 1.640825510025024 0.3766677379608154 0.1988274753093719 2.160935401916504 0.5249771475791931 0.3859515786170959 2.293204486370087 1.012166805565357 0.7804791927337646 4.891918674111366 3.392658323049545 9.678467407822609 0 0.7236728668212891 0 0 0 0 0 0 0 0 0 0 0 0 0 0 0 0 0 1.892906039953232 0 0 0 0 5.173142448067665 0 0.6940140128135681 0.8759917989373207 0.2952075302600861 0 0 0 0 0 0 0 0 0 0 0 0 0 0 0 0 0 0 0 0.9688583612442017 0 0 0 0 0 0 0 0 0 0 0 0 3.142810598015785 0 0.1636584848165512 0 0 0 0 0 0.1129240915179253 0.5165829360485077 0 0.1220356822013855 0 0 0 0 0 0.2491342127323151 0 0 0 4.735345765948296 2.913489229977131 2.839320555329323 197.3152620866895 6.500568963587284 127.3544866517186 15.62452568113804 48.22758469730616 2.586815863847733 0.1735237091779709 7.065013445913792 3.43018451333046 0 2.674562469124794 1.078258454799652 1.546657294034958 0 0 0 1.024196952581406 0 19.60672508180141 3.71067501604557
7.596594542264938 105.1061967611313 26.42466260492802 449.7660447061062 18.42533026635647 8.299891591072083 121.4790790677071 1.903903961181641 10.66535092890263 1282.828586697578 14.18064337223768 284.4966534599662 336.0633962675929 85.56673137098551 4.03109260648489 2.027873806655407 0.4879320859909058 0 0.09447178989648819 0 0 8.158585891127586 0 0 0 0 0 0 2.186839252710342 0 29.35450098663568 1.554303556680679 34.71356421709061 0 0 0 31.83504667878151 1.982859134674072 5.931341201066971 0.318197175860405 0.3687463700771332 0.5317118316888809 0 0.7397463917732239 0 0.2189260274171829 8.26163237541914 0 0 0.1313865780830383 0.653167337179184 10.4630500972271 6.067448541522026 0.4088932275772095 0.2077693864703178 0.6744207069277763 192.4173687696457 9.75873164087534 0 0.5437802597880363 0.1333687752485275 5.999238312244415 0 3.43250585347414 0.3234408050775528 0.4116053581237793 0.5888431966304779 0.6989113837480545 0 0.2833647429943085 183.4221794679761 111.0326624065638 33.56353572010994 6.408795341849327 4.141647309064865 5.858612418174744 4.429531641304493 3.271652720868587 0.332869291305542 3.025369048118591 0 0.8474239408969879 1.419389612972736 1.232189409434795 0.1134015917778015 2.411321766674519 0.1912773698568344 7.335557997226715 8.697764873504639 14.00116159766912 2.276804238557816 11.63070368021727 0 0 2.168451800942421 295.5860704183578 243.3206530362368 34.61947984993458 27.82886429131031 174.7160138711333 0.5233687162399292 9.362119629979134 4.050732791423798 1.057265162467957 0.8590929806232452 4.600477457046509 9.107669189572334 0.8108528256416321 4.12513142824173 27.59328566491604 1.435902968049049 8.514104872941971 16.80462928116322 12.36207935214043 34.81534612178802 0 1.280762486159801 0 0 0 0 0 0 0 0 0.1551293879747391 0 0 0 0 0 0.7397954165935516 0.401744544506073 0 5.042379312217236 0 0 0 0 6.391263388097286 0.1892276853322983 2.979754328727722 0.5294620096683502 0.3948523998260498 0 0 0 0 0 0 0 2.187847942113876 0.8426362425088882 0 0 0 1.138669550418854 0.6739304214715958 0 0.2355694100260735 0 0.5743398368358612 0.1161397695541382 4.902107030153275 0 0 0.6703925579786301 2.34865814447403 0.1233331337571144 0 0 0 0 0 0 0.1308979541063309 16.97128163278103 1.989370241761208 0.4803589880466461 0 0.3277451694011688 0 0 0 0.09501638263463974 0.7372518926858902 0.714323528110981 0.2376110330224037 0.2642045170068741 0 0.1378107070922852 0 0 0 0 0 0.1400302946567535 31.64772665500641 8.917241089046001 9.429494440555573 168.6011262014508 2.402104750275612 13.98675335943699 4.271885149180889 115.2775914296508 0.1737744957208633 0 4.46431539952755 18.38683988898993 0.4961202144622803 3.008341297507286 3.089250452816486 89.47058546543121 0 0 0.7844476103782654 0.8973719626665115 0.8492984771728516 135.6254525333643 11.14183963090181
706.2552005052567 5427.899719752371 256.9506645575166 800.8798258155584 1952.146025210619 121.4790790677071 1098.947177343071 18.54955860972404 2603.066739410162 2706.421552851796 189.84983484447 1294.177371963859 5759.863539740443 1957.921345926821 20.87805671989918 1.346527881920338 0.1501961946487427 0.3257582560181618 0 0 0 0 0 0.1067962124943733 0 0 0 0.4713634550571442 0.1415382772684097 0 353.5863821133971 21.34033887833357 1.740113541483879 0.1076600402593613 0.1028835475444794 0.08304926007986069 1.964034244418144 0.4052737057209015 1.164841160178185 0.1261979192495346 0 0.2733838111162186 0 0.5099526569247246 0.1112603545188904 0.2249066382646561 144.925251044333 3.788278013467789 0.3690214306116104 0.7513912171125412 0.6536325365304947 0.3425677344202995 0 0.3741524219512939 25.5812858864665 35.5438222810626 36.65172585099936 240.0673976689577 30.54846196621656 33.66197646409273 0.09415687620639801 0.9006637558341026 0 70.54807852208614 37.13475979119539 4.158025316894054 0.9660155400633812 1.489988245069981 0.276477187871933 0.2544377371668816 5.168960690498352 1.36784154176712 0.1689791083335876 485.3268992528319 160.2633709162474 160.8442031890154 11.13240010291338 3.809253752231598 7.969189412891865 2.463613472878933 0.2702154815196991 1.579433277249336 84.490772344172 0.2403096854686737 8.797404371201992 25.74414751678705 1.70187271386385 0.1149927079677582 1.602680422365665 0.2389518991112709 1.372919723391533 0.3313731253147125 0.8876572400331497 0.6643466502428055 0.4914194643497467 23.24694609642029 56.24350482970476 0 0.1879197284579277 124.5067782625556 0.8297154307365417 0.22939133644104 0.2910802662372589 1.696213960647583 0.2665163278579712 2.284012109041214 6.390965804457664 1.19463275372982 16.64035256206989 7.480475038290024 0.580852597951889 9.873670801520348 21.33704219013453 11.15435409545898 40.58544480055571 1.290403977036476 1.86460318416357 0 0 0 0 0 0 0 0 0 0 0 0 0 0 0 0 0 12.46101938188076 0.1619374603033066 0 0 0 13.42545349895954 0 3.533961892127991 0.8249458074569702 0 0 0 0 0 0.2469616234302521 0 0 0.6882702112197876 0.5048823729157448 0 0 0 0 0 0 0.4821148067712784 0 0.6754744723439217 0.1386762708425522 0.5074587613344193 0.1218775138258934 1.655470490455627 4.57954740524292 3.963938325643539 0.1087728217244148 0 0 0 0 0 0 0 20.44689647108316 0.2680089771747589 0 0 0.2348564192652702 0.7438477575778961 0 0.8687806278467178 0.2036862000823021 0.1555802971124649 0.6458263695240021 0.6758971512317657 1.657612293958664 0 0 0 0 0.1156431287527084 0 0 0 23.6191112101078 5.983380980789661 13.20668143779039 711.2492619380355 14.80345062166452 510.237747438252 45.56146807968616 329.8156426176429 7.215384267270565 1.72812320291996 26.55504043400288 10.13360285758972 0.1856338381767273 6.673435270786285 1.3072165325284 12.86849504709244 0.2939766645431519 0 1.701660543680191 4.304641433060169 1.50348687171936 118.7004858329892 11.81767521053553
69.04687014222145 98.80283591151237 1133.082447275519 2.739249214529991 63.59562534838915 1.903903961181641 18.54955860972404 1207.155826278031 100.0886652544141 5.228671073913574 5795.780264370143 6.582352764904499 99.98125138878822 1436.37500205636 20.10554270446301 5.443682834506035 0.40432308614254 4.878775142133236 0.2074674814939499 10.72167381644249 51.48390616476536 1.269985318183899 6.569849669933319 8.179219603538513 14.99404004216194 21.74179027974606 5.76373228430748 7.426070556044579 0.507065162062645 2.649644464254379 1374.132756859064 1818.312928244472 123.6481047421694 2.418502688407898 18.82088519632816 14.77473878115416 31.26406687498093 8.698395222425461 6.51168679445982 4.252380281686783 112.9210519194603 36.94842410832644 12.24968528002501 2.536549724638462 1.326866582036018 1.611923411488533 97.52538218349218 2.494003430008888 4.573428079485893 11.01226792484522 13.33636709302664 9.676187612116337 0.2450890392065048 7.477698139846325 10.00384680181742 16.9419874176383 19.83949878066778 204.2332739979029 10.40937303006649 17.96914636343718 15.00464580953121 37.35046038776636 7.699716553092003 387.7184439748526 17.61158813536167 5.85417228937149 2.945365376770496 16.21346803754568 37.0685123577714 102.7924735471606 29.8402929008007 2.137383356690407 0.2675117254257202 258.9502001851797 174.3077338784933 121.886038467288 37.26958233863115 80.09324796497822 883.9651164859533 1996.471735566854 41.73128959536552 414.0029598399997 37.01038011908531 0.2352862879633904 5.425441600382328 10.57969468086958 10.15251094102859 1.21716433763504 2.871929787099361 1.016061991453171 8.366007536649704 5.54615480452776 169.8839412629604 62.97343127429485 10.72976216673851 11.31951918452978 6.799235805869102 0 3.271566614508629 49.18882209807634 0.6991844326257706 0 0 0.1012636795639992 0.1395192742347717 0 2.211755931377411 0.2501143515110016 1.97384250164032 0.9148248136043549 0.1426042020320892 1.530935913324356 2.678864136338234 4.244116775691509 7.110587328672409 0.3390231654047966 1.725458770990372 0 0 0 0 0.576808825135231 0.9666152000427246 0 1.571057796478271 2.566521093249321 0 0 0.8815582990646362 0 2.02370822429657 0.2225169688463211 2.934174701571465 0 2.992566540837288 0 0 0 0 9.995132386684418 0.7142933011054993 3.768675655126572 7.994423910975456 1.020317628979683 2.332379341125488 0.1867560893297195 0 0 0.5373356938362122 0.3737099766731262 0 0.4961559399962425 0.3379344865679741 0 0 0.2703518569469452 0.217063769698143 3.230098322033882 0.1029121726751328 0 0 0.4168345630168915 0.1003753915429115 0 0 0.1826971024274826 3.966532818973064 0.7355465143918991 0 0 0 0 0 0 0.4521445482969284 1.086457774043083 4.259855195879936 1.455045118927956 0 0.198911651968956 0.3930551260709763 0 0 0.8173375129699707 0.2423691675066948 0.5604583397507668 0.6496263220906258 0.1315050423145294 0.8279313892126083 0.09594733268022537 0 0 0 0 0.49632228910923 0.1709202826023102 0 6.380836702883244 5.957071773707867 12.325424015522 238.3433184847236 14.89833243191242 232.8594293147326 32.80721641331911 42.64056154340506 1.174118205904961 1.069903194904327 17.16354235261679 12.49065387248993 0 1.484997808933258 1.851643607020378 0.3213606476783752 0.1447335183620453 0 0.1757147163152695 3.448163203895092 0 29.54805252701044 4.324021264910698
37.22275448590517 2069.517992779613 748.1017631590366 67.87809319794178 4953.478254161775 10.66535092890263 2603.066739410162 100.0886652544141 835.3668653219938 269.5870015099645 1110.289798043668 139.0956104695797 777.8020586296916 1649.165060698986 4.548135697841644 0.5869273096323013 0.2274062111973763 0.09847822785377502 0 0 0 0 0.304334431886673 0 0 0 0 0 0 0 85.42440649867058 8.792632207274437 3.03058061003685 0 0 0 2.404670313000679 0.560839831829071 0 0 0.1382167488336563 0.1571067422628403 0 0 0 0 18.90570795536041 0.3659537062048912 0 0.2237190082669258 0 0 0 0 0.8357222527265549 2.892241597175598 1.929513998329639 19.2219270542264 0.9573280811309814 3.427123203873634 0 0.361771285533905 0 14.16476442664862 3.061291478574276 0.3457208201289177 0 0.3103748336434364 0 0.1323312073945999 2.895937621593475 0.6898391991853714 0 37.36217331141233 24.34883390367031 23.35173956304789 4.355209313333035 1.459505334496498 5.432877361774445 2.122650787234306 0 0.3899985924363136 5.622527316212654 0.1001199558377266 1.017393939197063 1.944497190415859 0.4338213205337524 0 0 0 0.09740199148654938 0 0.2705096006393433 0.3943702504038811 0.3039492815732956 0.67845618724823 2.675251871347427 0 0.3077989593148232 5.233098536729813 0 0 0 0 0.3565306663513184 1.943420350551605 1.051297411322594 1.055609345436096 1.533834263682365 1.094342976808548 0 0.4765294939279556 3.347305223345757 2.865241378545761 7.674753233790398 0.1018779128789902 1.779934242367744 0 0 0 0 0 0 0 0 0 0 0 0 0 0 0 0 0 1.012023091316223 0 0 0 0 5.582805134356022 0 0.1253708302974701 0.1496144831180573 0.124327763915062 0 0 0 0 0 0 0 0.1698664575815201 0.2110081762075424 0 0 0 0.1868586242198944 0 0 0.5757767558097839 0 0 0 0.241553857922554 0 0.4526132941246033 0.4164672493934631 2.144821107387543 0 0 0.1216875985264778 0 0 0 0 0 4.64346731454134 0 0 0.2110490202903748 0 1.642042368650436 0 0.282835066318512 0 0.1138288974761963 0 0 0 0 0 0 0 0 0 0 0 7.79401046037674 0.6227781698107719 3.012330830097198 100.6373952180147 1.659586474299431 60.07973480969667 5.358459785580635 13.71219538897276 0 0.1769087612628937 5.344792276620865 0.6419189423322678 0 0.2010402828454971 0.8370904549956322 1.46977823972702 0 0 0.6959578543901443 0.3609294593334198 0 7.395500347018242 2.172948211431503
1573.944611541927 1431.386896207929 57.40739151835442 3566.610433965921 468.7419834882021 1282.828586697578 2706.421552851796 5.228671073913574 269.5870015099645 3655.584006458521 16.44417908787727 3340.029223889112 11282.65438772738 1678.726600728929 15.21926642209291 1.980526097118855 0 0 0.1440034061670303 0.1155303865671158 0 0.1952064782381058 0 0.138896569609642 0 0.3076329827308655 0 0.1418033987283707 0.1437611728906631 0 158.0813835635781 16.75677733868361 17.18834111094475 0 0 0.1063930094242096 32.78052854537964 0.9288116991519928 0.6466457396745682 0.1720887869596481 0 0.1327677071094513 0 0.2961599230766296 0.09325173497200012 0.2834419906139374 105.7284669354558 2.00841312110424 0.2482967376708984 0.2890084758400917 0.7681303918361664 0.2761906385421753 0.4677678123116493 0.1012113615870476 14.7644302919507 23.10330764204264 72.09204792231321 196.1598352640867 31.09872468560934 22.11303099989891 0.124442346394062 0.1024910733103752 0 31.33562663197517 21.0499863922596 3.867556668817997 0.3183239325881004 0.3747816905379295 0.1249499619007111 0.2552426159381866 262.337982878089 4.154846787452698 0.542160302400589 345.0213810130954 79.60144060105085 97.38045544922352 9.720316976308823 3.862077467143536 1.608291029930115 1.46822115778923 0 0.9651272296905518 58.28953187912703 0.1901152282953262 4.823588743805885 13.19078049808741 1.377426587045193 0 1.390762902796268 0.3036571145057678 0.9035078883171082 0.822939895093441 1.045668505132198 0.3792223483324051 0.2412094399333 482.9047032371163 205.4591994434595 3.389109320938587 4.787061452865601 430.3309904932976 2.485062584280968 22.27820430696011 4.772600069642067 23.28675113618374 1.675888508558273 15.69161866605282 28.66389708220959 6.740163832902908 36.36840571463108 53.13050472736359 3.593412652611732 39.67938597500324 62.65767587721348 31.77797719091177 130.9125970378518 1.086933299899101 7.371858954429626 0 0.1481564939022064 0 0 0 0 0 0 0 0 0 0 0 0 0 0 0 25.12115472555161 0 0 0 0 71.50010738521814 2.20935246348381 18.62434062361717 11.40744425356388 1.027906894683838 0 0 0 0 1.167015001177788 0.2333918511867523 0 1.879393517971039 4.461480110883713 0 0 0.1990340650081635 0.3493804037570953 0.1689551770687103 1.084604665637016 0.7524367570877075 0 1.402091294527054 1.569908127188683 7.088433906435966 0 0 3.532200425863266 9.022600211203098 0 0 0 0 0 0 0 0 46.13143564760685 2.786229997873306 0.4846843779087067 0 0 1.858651533722878 0 2.912804573774338 1.610165238380432 7.380346834659576 4.772241160273552 0.3899959325790405 3.329612575471401 0 0.1295346319675446 0 0 0 0 0 0 103.26859485358 17.52575352042913 49.03076146543026 1085.667009100318 15.88899763673544 464.796729452908 36.27779400348663 931.4430562928319 9.844788067042828 3.870645999908447 44.07249893993139 51.4166556596756 0.9731073975563049 15.37389285862446 8.608006782829762 126.1094154119492 0.2914580106735229 0 1.752407938241959 1.310360237956047 5.04162834584713 512.1406823769212 37.98193674534559
205.1691940054297 954.3820283412933 3090.710555687547 15.46308371424675 720.9381784871221 14.18064337223768 189.84983484447 5795.780264370143 1110.289798043668 16.44417908787727 1474.539293304086 65.440834030509 909.3467763885856 3461.417203865945 26.10522074252367 3.805013597011566 0.9481540098786354 1.65478353947401 0.2146168276667595 1.570978917181492 4.549071624875069 1.509665489196777 2.45172718167305 2.866258725523949 7.559233605861664 8.569569230079651 5.190415099263191 7.151349246501923 0.7040786892175674 0.5675926208496094 1494.531272120774 456.9838328659534 579.9665897712111 0 8.050830326974392 6.16855551302433 147.295779004693 19.90034028887749 23.0828961879015 7.382598862051964 47.65033346414566 29.59852866083384 2.296077951788902 3.397048704326153 0.3160281926393509 0.2546748071908951 77.83504568785429 1.863390177488327 1.918765187263489 4.120747625827789 6.639507323503494 12.25635012984276 0.1481173634529114 10.04158567637205 7.27342127263546 11.98596004396677 12.55612521618605 138.4775036722422 7.692230045795441 18.59503753483295 2.116849735379219 37.40348837524652 3.563548073172569 178.9489501938224 10.88387564569712 2.626477584242821 1.511082053184509 5.413101464509964 9.53433732688427 23.94244979321957 88.69354589283466 3.904415771365166 1.210970252752304 181.914166636765 106.1733857542276 106.3947097212076 26.41782858222723 21.35060031712055 100.8761277347803 722.7949331253767 7.038138657808304 81.1861382946372 26.00564527511597 0 3.128427721560001 8.856332957744598 4.660005465149879 0.1704060137271881 2.012644074857235 2.755680322647095 4.812520191073418 4.058285810053349 41.41937786340714 37.87846282124519 15.77538504451513 22.04033613950014 10.57795871794224 0 7.035602308809757 58.55589637905359 0.3883753195405006 0.5124066025018692 0 0 0.9627982378005981 1.817646622657776 0.6739345192909241 0.7126780897378922 1.145081624388695 1.794604241847992 1.04990740865469 4.21042363345623 11.11184944957495 5.209075413644314 13.90150371193886 0.103403128683567 1.821929514408112 0 0.1100641861557961 0 0 0 0.6391472220420837 0 0.447653591632843 1.188711076974869 0 0.1621612012386322 0 0 1.096830189228058 0 2.177993491292 0 3.306179463863373 0.119929164648056 0 0 0 10.62378000468016 0.7179314494132996 3.963230133056641 1.772677041590214 0.3052908033132553 0.8512506186962128 0.3540824949741364 0 0 0.2624633610248566 0.2842869162559509 0 0.5216503888368607 0.9941630959510803 0 0.3918313086032867 0 1.465002775192261 1.127622470259666 0.3692421093583107 0.1018682271242142 0 0.2939180210232735 0.1037811115384102 0.1706339865922928 0.3895179033279419 0.1835114359855652 2.440300896763802 1.865600012242794 0 0 0 0 0 0 0.3631786704063416 0 11.86541806906462 0.8215801566839218 0.6155020296573639 0 0.4871959239244461 0.6920192539691925 0 2.204251021146774 1.150981694459915 0.6116862520575523 0.7426234930753708 0.2234351560473442 0.3438190221786499 0 0 0.287063829600811 0 0 0 0.2288798391819 0.8628568649291992 12.22963490337133 9.727524645626545 10.35058487951756 259.6509253457189 11.05166485160589 188.0493477284908 28.50814886391163 58.08286447823048 2.085379905998707 0.2946624308824539 25.31982804834843 10.81627248972654 0.2175671458244324 2.968910455703735 1.431643061339855 3.357217445969582 0 0 0.2263373881578445 6.054157190024853 1.231406264007092 33.89391203224659 12.55464977771044
214.7258314713836 253.4316186159849 33.89162191003561 550.1256084293127 224.9755066037178 284.4966534599662 1294.177371963859 6.582352764904499 139.0956104695797 3340.029223889112 65.440834030509 224.3645601272583 1901.763069033623 420.0164116695523 19.97134580463171 6.301070757210255 1.032383374869823 0.1232296973466873 0.3066916167736053 0 0 0 0 0 0 0.2202727347612381 0.1025163307785988 0.5546825006604195 0.272083967924118 0.1514982134103775 36.75967075675726 13.59378753602505 36.1641637980938 0 0 0.1183221489191055 67.4504719004035 1.025431096553802 2.511635862290859 0.31109619140625 1.355168715119362 2.665156036615372 0.1300911605358124 3.540169149637222 0 0.2233209908008575 41.73579999804497 0.7133449167013168 0.1268071085214615 0.111426368355751 0.7363139986991882 1.793228700757027 0 0.7750857770442963 0.9996323138475418 1.955563083291054 13.54081113636494 12.57294243574142 1.112249098718166 4.600875116884708 0 9.409714430570602 0 31.90292848646641 2.078186444938183 0.4918667525053024 0 0.5663819834589958 1.293009713292122 0.7481198459863663 99.55297040194273 1.008911393582821 0.34664586186409 37.28568868339062 30.19456036388874 49.24043092131615 17.0561064183712 10.50445183366537 1.44805008918047 21.42604042589664 0.1033360287547112 4.37663459777832 6.40317265689373 0 0.6761937439441681 1.320683412253857 0.4038373008370399 0 0.5995837897062302 0.2194575518369675 0.4742728471755981 0 2.741225928068161 1.423955887556076 0.5991001948714256 1380.938448600471 53.56434764713049 0.3495693206787109 0 50.8342439904809 1.704988911747932 10.06143102049828 1.012243792414665 2.849888920783997 2.281899966299534 12.83632026612759 27.63260591775179 3.892526924610138 14.84226739406586 50.48976559937 8.143162705004215 31.06011464446783 76.00482082366943 55.26393503695726 113.6726218834519 1.131072215735912 3.561997383832932 0 0.08878055959939957 0 0 0 0 0 0 0 0 0 0 0 0 0 0 0 16.27729050070047 0 0 0 0 61.27661507576704 0.6182512044906616 14.01410128176212 6.035324364900589 0 0.5525560975074768 0.5168445706367493 0.08009344339370728 0.134234607219696 0.343306690454483 0 0 1.541198283433914 2.449592642486095 0 0 0.2819348275661469 0.1040718778967857 0 0.1108272671699524 0.1491999626159668 0 1.452797882258892 2.33074913918972 6.113281160593033 0 0.1265273988246918 4.16370752453804 7.099783480167389 0 0.08400876075029373 0 0 0 0 0 0 61.38161536306143 0.7329316586256027 0.3371539190411568 0.1759636849164963 1.345916703343391 3.40354385972023 0.4264800548553467 3.035385765135288 1.60248052328825 4.334181696176529 3.233151741325855 0.3043987974524498 1.697844214737415 0 0 0.110094353556633 0 0 0 0 0 109.0621137395501 27.01040684431791 32.16202535480261 295.1774245649576 4.813280373811722 84.34671727567911 18.54063977301121 214.5239648297429 1.04129746556282 0.1886956393718719 17.26286446303129 40.66595089435577 0.1907349973917007 14.18608588725328 7.066431172192097 69.63157271593809 0 0 6.754532732069492 4.997525200247765 0.8024473786354065 594.8836172744632 70.70056113600731
344.4738683179021 1547.011402472854 294.752037845552 1158.09073549509 742.5922095403075 336.0633962675929 5759.863539740443 99.98125138878822 777.8020586296916 11282.65438772738 909.3467763885856 1901.763069033623 1688.192592345178 4864.174507185817 66.31744123995304 16.62565740197897 1.200333513319492 0.7409276738762856 0.2324973121285439 0 0.1563657373189926 1.561666086316109 0.1678978949785233 0.1211681962013245 0.8538342118263245 1.071933761239052 0.377658486366272 3.301549807190895 0.410050556063652 0.8944641426205635 295.2039389163256 99.38754918426275 164.1298508420587 0 0.748454324901104 1.232042767107487 141.4245024994016 5.418672122061253 19.22971126437187 2.762494400143623 8.688479371368885 6.44067220389843 0.3912516087293625 5.46164583414793 0.3640566021203995 0.3032946586608887 150.8080856874585 1.658233068883419 0.1234643906354904 0.6826502308249474 1.764468230307102 5.363686986267567 1.515384018421173 2.330924890935421 6.160997316241264 12.82540458440781 30.24330681562424 98.28492607921362 8.466972030699253 21.42470818012953 0.102691113948822 18.04569665342569 0.3936959058046341 135.4029215052724 9.335924543440342 1.717123106122017 0.9036751016974449 2.41925984621048 2.066541701555252 3.45356597751379 152.2671012431383 6.314032636582851 0.1750395745038986 200.6151860281825 113.9102768227458 201.9118096753955 71.61819750070572 27.54912146925926 9.664038263261318 41.71785329282284 0.428955614566803 6.638592801988125 32.97233314812183 0.09264008700847626 3.673550002276897 8.284069664776325 1.858344063162804 0.1815545409917831 1.400446936488152 1.695027731359005 2.34941403567791 3.584982961416245 15.80352333933115 14.01595787703991 7.32474672049284 1881.503798060119 81.96099672466516 0.3965373635292053 6.51314489543438 93.33624570816755 15.29220382869244 33.33886985480785 9.155350670218468 9.256493054330349 5.741363391280174 39.97467369586229 69.46109689772129 16.04270752519369 72.1227705925703 101.8115863651037 24.1171560883522 102.6022475585341 201.5471864491701 141.919675655663 355.1971083655953 3.378385536372662 17.34536896646023 0.3338313698768616 0.3984116315841675 0 0 0.307458221912384 0 0 0 1.144959285855293 0 0 0.3082059919834137 0 0 0 0.5378864705562592 0 52.42427513003349 3.178416162729263 0 0 0 175.9646709039807 4.841965697705746 39.32496184110641 23.60945015400648 0.3705797791481018 0 0.3761148452758789 0 1.374683924019337 1.536451265215874 0 0 3.590688414871693 13.41046783328056 0.1672046035528183 0 1.375475853681564 1.304389879107475 1.185693964362144 0.2023141831159592 1.959542155265808 0 5.429029196500778 6.416993752121925 22.31255734711885 0.3880865499377251 2.141852699220181 21.05164774507284 19.58078707754612 0.4626928642392159 0.1237434297800064 0 0 0.7877139747142792 0 0 0 211.0628670752048 2.975305311381817 0.6671123281121254 0.5521033182740211 0.4903779625892639 7.901991546154022 0.4275723993778229 9.728730604052544 8.449080638587475 14.63544899970293 11.6911411434412 2.278904937207699 8.997628688812256 0 0.1037943139672279 0.1189257651567459 0.2359034791588783 0.345652163028717 0.1898636370897293 0 0 312.9855105578899 89.14747388660908 131.6364048346877 877.7191866412759 16.8505997210741 333.0921991467476 61.00802555680275 379.1943526342511 4.799779832363129 4.912534356117249 60.42357019335032 134.116130977869 3.36123376339674 42.83407437056303 22.92337021976709 172.3808757066727 2.367670223116875 0.1914126724004745 8.05811383575201 15.72683165967464 1.699763000011444 1021.524601064622 188.7465426772833
