108.1574579104781 1912.864603824914 705.336166754365 1966.303069159389 161.3693285807967 43.23570907115936 844.6192869842052 31.38983923941851 39.49131520837545 1922.106843426824 205.8222794681787 215.1478505432606 267.4492012485862 245.4406421110034 1.301995560526848 0.4685860276222229 0.2055486068129539 0 0 0.1041873916983604 0 0 0 0 0 0 0 0.1224889680743217 0 0 509.0129678696394 4.965178750455379 34.44680121541023 0 0.2886876985430717 0.2984351217746735 6.903197057545185 0.1696856170892715 1.108252182602882 0.2355258464813232 0.5482380837202072 0.8246600478887558 0.1284625977277756 0.1090783402323723 0.1047688275575638 0 9.288580670952797 0.6426971852779388 0 0.3537016957998276 0.7406391575932503 0.1456648707389832 0.1481713056564331 0 3.132517389953136 3.35819449275732 86.5077865421772 643.573090493679 40.87214294075966 8.907162442803383 0 5.723726987838745 0.6042218953371048 5.469107627868652 2.710463248193264 0.5878258273005486 0.09950749576091766 0.3978575095534325 0 0.5557498782873154 18.96159356832504 2.194563955068588 0 131.3710280805826 16.07882573455572 13.90081531554461 1.681621968746185 0.5719723552465439 0.1166455745697021 11.39649713039398 0.1014633104205132 1.018836550414562 8.827865168452263 0.09887344390153885 0.5740399211645126 3.093213900923729 0 0 0.5025808289647102 0 0 0 1.111039020121098 0.9936235174536705 0.1132649853825569 144.6096997559071 12.74215394258499 0 5.014988020062447 376.1951202452183 0 0 0.3591284155845642 0 1.882237270474434 1.737180203199387 1.021041333675385 2.132991850376129 0.5071114897727966 0.5235341191291809 4.834049358963966 2.495114028453827 1.828008040785789 8.363304302096367 20.12508389353752 1.275024935603142 1.571425758302212 0 0 0 0 0 0 0 0 0 0 0 0.1617476791143417 0 0.1608966886997223 0 0 0 2.444510102272034 0 0 0 0 11.15208289027214 1.869722217321396 9.166173383593559 1.457282185554504 0.4511962383985519 0 0 0 0 0.2393662333488464 0 0 0 0.5448353290557861 0 0 0 0 0.4665469825267792 0 0.1364388316869736 0 0 0 0 0 0 1.933661624789238 2.906065374612808 0 0 0 0 0 0 0 0 3.938416883349419 0.173078328371048 0 0 0 1.353948414325714 0.71163409948349 1.795331254601479 0.2929001450538635 1.249728798866272 2.754274129867554 0 0.7044207155704498 0 0 0 0 0 0.1409379243850708 0 0 8.718453176319599 3.760884940624237 14.57852675020695 96.7688407972455 1.070465616881847 30.77966859191656 1.049300506711006 149.8945408165455 5.297977775335312 0 2.839791156351566 11.24102009832859 1.32568633556366 2.481861740350723 0.9373064637184143 12.72108972072601 0.6991717219352722 0 0.1086328625679016 0 0 45.80394001305103 6.991298794746399
1912.864603824914 1794.58425385505 967.2657438963652 1629.221374966204 1654.745960399508 173.4768049865961 3297.544624835253 122.5272608995438 1763.774350017309 1959.555808722973 919.8836206197739 641.4475141912699 1360.782477878034 2132.390493154526 3.911188952624798 0.8565302565693855 0.1219422742724419 0.2045004740357399 0 0.3027574121952057 0 0 0.3218308687210083 0.3052534386515617 0.1639177054166794 0.2617741599678993 0.2721689790487289 0 0.3384203910827637 0.09707061946392059 2575.64851077646 14.04073800891638 13.70093555003405 0 0.1444932073354721 0.3563233390450478 2.318235233426094 0.474592849612236 0.9637176543474197 0.1113483756780624 0.2308543026447296 0.4213336259126663 0 0.3570554777979851 0 0.09419886767864227 63.68723370879889 7.678440004587173 0 0.6527615338563919 0.6518142148852348 0.1525715440511703 0 0.2133581936359406 11.50408646464348 19.16880530864 90.30864590406418 644.8629682809114 61.54011515527964 46.46798800677061 0.3018453568220139 1.781208276748657 0 30.37400089949369 13.51267828792334 5.041327349841595 1.508472174406052 0.4334213733673096 0.6987789794802666 0.3979107439517975 5.251320391893387 0.4041209742426872 0.1982587724924088 345.6128467172384 115.6975080147386 121.7039563804865 2.621912002563477 0.9485523328185081 0.5980694368481636 7.76848816126585 0 0.8089387565851212 41.35970688611269 0.9411428347229958 5.819424107670784 13.3719177916646 1.015420742332935 0 1.08395117521286 0 0.755445584654808 0.2959290146827698 1.726536259055138 1.931708700954914 0.5733787268400192 3.886781021952629 1.452347204089165 0 1.071364425122738 737.9606689736247 0.3772502839565277 1.957456827163696 0 0 1.910860747098923 0.766072690486908 1.060661986470222 0.551862895488739 0.6169116348028183 0.9957053512334824 0.2419994324445724 1.07922837138176 1.370262771844864 3.722943976521492 8.766460753977299 0.3500877022743225 0.354778878390789 0 0 0 0 0 0 0 0 0.426557794213295 0 0 0 0 0 0 0.1114665344357491 0 1.322367131710052 0 0 0 0 4.338222399353981 0.2045347690582275 2.580755233764648 1.785144180059433 0 0.1700232923030853 0 0 0.09855353087186813 0.1810612678527832 0 0 0 0.09784649312496185 0 0 0 0 0.6517149806022644 0 0 0 0.1483662277460098 0.09038718044757843 0 0.2664733231067657 0 1.753396570682526 0.3229592740535736 0.3229190409183502 0.1039720997214317 0 0 0 0 0 0 4.584930717945099 0 0 0 0 0.9371414855122566 0 0.5863136053085327 0 0.3647866621613503 0 0.2273445278406143 0 0 0 0 0 0 0 0 0 5.01648123562336 1.106432542204857 4.072077862918377 186.1404170840979 6.151002518832684 186.876398652792 5.941586650907993 303.4703155905008 19.77095137536526 1.739104621112347 11.63094559311867 4.853089310228825 0 2.23943092674017 0 0.8796176761388779 0 0 1.001187682151794 28.84228585660458 0.4776041656732559 68.3475563749671 5.747424378991127
705.336166754365 967.2657438963652 932.3322149440646 109.6806171536446 658.2242204844952 20.78057555854321 217.623973198235 862.8953251093626 837.634848959744 96.79592221230268 2479.740524329245 39.27746699005365 122.8299984782934 969.4871478155255 8.792045332491398 3.548158407211304 0.7149335220456123 2.520077206194401 0 0.4952874556183815 2.037670195102692 0.5243680775165558 2.874040171504021 2.871952340006828 5.511009238660336 1.918305337429047 3.121461555361748 4.232102274894714 0.5864922702312469 0.8440065085887909 4970.035684220493 365.1863531395793 96.03669878840446 0 10.10386678576469 7.377214126288891 20.53803765773773 3.39991357922554 7.677305653691292 2.171030789613724 17.85379348695278 8.791252344846725 2.800632417201996 0.6858740448951721 0 0.3146399259567261 42.78621088713408 5.534865573048592 0.6206080690026283 7.213721126317978 3.441124074161053 0.6877114176750183 0.5674325972795486 0.6609027311205864 5.711183354258537 10.8898076787591 67.62819366157055 741.2041649892926 47.70416671037674 25.76269777864218 6.765276364982128 10.35265401005745 2.433591939508915 135.1659211739898 5.701679080724716 3.435136891901493 1.784136258065701 3.290868334472179 14.76235513389111 14.02692058682442 12.96053727716208 0.96196149289608 1.39166747033596 230.5183934941888 114.6518756896257 96.91262026876211 10.90208599716425 26.35189993679523 69.37656666338444 546.4287195876241 2.599065937101841 89.88989953696728 24.61573253571987 0.4956900030374527 3.947492532432079 8.185198038816452 4.900211729109287 0.1360033601522446 0.9673137664794922 0.1865899935364723 2.03390771895647 0.5662077218294144 41.83504397422075 14.30620480328798 3.323305048048496 9.258493885397911 14.87022858858109 0 6.446810565888882 299.2736758217216 0.7078769281506538 0.1028061807155609 0 0 2.441916942596436 1.179282814264297 1.153148397803307 0.6442869901657104 2.349251642823219 1.34196349978447 0 2.7263552993536 2.349304541945457 3.958684630692005 13.15942639857531 0.4152441918849945 2.749895669519901 0 0.1172155663371086 0 0 1.118741765618324 0.6294894218444824 0 1.004077389836311 1.58317269384861 0 0 0 0 1.329083256423473 0.3687851876020432 0 0 1.448974922299385 0.4157509505748749 0 0 0 8.831254661083221 1.344704389572144 10.47879031300545 5.508808642625809 0.8085427433252335 1.564290344715118 0.6132930517196655 0.1168664619326591 0 0.1893685162067413 0.3557763397693634 0.4212677329778671 0 0.4399685114622116 0 0 0.1403834968805313 0.8200412541627884 4.202480792999268 0 0.1295731961727142 0 0.4818668216466904 0.1233959645032883 0 0 0.1456944197416306 4.686335727572441 2.282094232738018 0 0 0.171916589140892 0 0 0 0.2433125823736191 0.6904875189065933 7.67341060936451 0.3536671996116638 1.717881083488464 0 0.7272694855928421 0.298008143901825 0 2.529398128390312 0.09663800895214081 1.258649848401546 0.742680050432682 0.7626753225922585 0.139121413230896 0 0.1275460720062256 0 0 0 0.3066298216581345 0.1639819145202637 0 7.373874269425869 2.964186578989029 13.10906711220741 103.3733962625265 7.073927834630013 114.4740039780736 5.982268914580345 74.4726362451911 10.34934867173433 1.657165966928005 8.046028427779675 8.607561618089676 0.375712126493454 1.987830437719822 0.4423999935388565 0.8172916024923325 0 0 0.2724831700325012 0.143728494644165 0 29.66487683355808 7.667419090867043
1966.303069159389 1629.221374966204 109.6806171536446 435.256336838007 343.7665218487382 507.9846557229757 866.057861700654 3.324652656912804 60.66895628720522 3056.212697148323 37.78288522362709 721.0163573175669 903.5267342105508 406.1525130942464 0.3832243829965591 0 0 0 0 0 0 0 0 0 0 0 0 0 0 0 129.4307104870677 0.7831765115261078 14.00267244875431 0 0.195461168885231 0 3.622588396072388 0 0.7114819437265396 0 0.1279069036245346 0 0.09681360423564911 0 0.1659075617790222 0 14.48164691030979 0.8755899369716644 0 0.11667250841856 0 0 0 0.08205267786979675 5.090621508657932 3.766901969909668 61.14456985145807 312.1870566308498 39.40374675393105 10.44826823472977 0 0.1282318979501724 0 1.863519355654716 2.360571041703224 0.9036773964762688 0.3603525832295418 0 0 0 5.220161348581314 1.578677952289581 0 177.614666312933 21.85651329904795 22.05552228540182 0.6797797977924347 0.1972986161708832 0.4369309544563293 0.9668732881546021 0.1376749575138092 0.8106712847948074 10.43579173833132 0 1.532690018415451 2.734250009059906 0 0 0.2175207063555717 0.155528798699379 0 0 0.30206548422575 0 0 40.12770377099514 2.851772099733353 0.2369190752506256 4.204213507473469 701.3057010993361 0.1476560831069946 0.4142337143421173 0 0 1.626781672239304 1.033737570047379 2.442750677466393 0 1.018393278121948 5.940253227949142 1.887528508901596 3.307130321860313 3.187382653355598 5.680869743227959 10.86679349839687 0.2820575535297394 0.5329228043556213 0 0 0 0 0 0 0 0 0 0 0 0 0 0 0 0 0 5.567289113998413 0.3221646249294281 0 0 0 6.297145619988441 4.166487231850624 5.089765667915344 1.639495968818665 0.2866758704185486 0 0 0 0 0 0 0 0.2527809143066406 0.1140057295560837 0 0 0 0 0 0 0 0 0 0.1733231991529465 0.2204344272613525 0.1674854159355164 0.3248474299907684 2.785062789916992 0.7515544891357422 0.2222780585289001 0 0 0 0 0 0 0 6.718806535005569 0 0 0 0 2.104295715689659 0 1.224701091647148 0.3556999862194061 0.7994478940963745 0 0.5158521980047226 0 0 0 0 0 0 0 0 0 8.2823795825243 2.508224755525589 7.133874088525772 112.3412400186062 1.169352576136589 59.37871639430523 2.810548156499863 643.4889295250177 6.779229782521725 1.07547502219677 2.022220529615879 6.346909046173096 0.1083990707993507 2.675345651805401 0 3.382921278476715 0 0 0.5098264813423157 88.35350048542023 2.887772917747498 63.30951366573572 10.08750334382057
161.3693285807967 1654.745960399508 658.2242204844952 343.7665218487382 1897.506038971245 11.00906562805176 1214.423155941069 239.9528209194541 4226.454892002046 1000.808617264032 817.1909204572439 197.1638438254595 513.6012231856585 1431.770387157798 2.588246740400791 0.2502331361174583 0.09878702461719513 0 0 0 0 0 0 0 0 0 0.124704584479332 0.1680245995521545 0 0 300.9016570597887 13.62304721772671 3.187315165996552 0 0 0 1.93960677087307 0.1877790838479996 0.3182637169957161 0 0.08790598809719086 0 0.1285282522439957 0.3376292139291763 0.2067455425858498 0 39.97334982454777 2.709630511701107 0 0.2239218652248383 0.2787335887551308 0 0.5066762864589691 0.1119681000709534 3.9032948538661 6.248441122472286 13.03950881958008 105.4267729744315 8.679106198251247 20.63513475656509 0.211105115711689 0 0 29.41692762076855 3.489542655646801 1.992829285562038 0.4714711382985115 0.2861211374402046 0.4155685305595398 0 1.024361416697502 0.5832296758890152 0 92.7490638718009 56.51945070922375 61.62857510149479 1.837909743189812 1.4748595058918 0 1.684456132352352 0.1044662222266197 0.3184567838907242 13.61110705137253 0.09708734601736069 3.178980849683285 4.313278287649155 0.1837328374385834 0 0.5341084897518158 0 0 0 0.193685457110405 0.3849747776985168 0.09399201720952988 0.8492722809314728 1.530050434172153 0 0.155224971473217 22.92396681755781 0 0 0 0 1.017786979675293 0 0.1807074397802353 0 0.6528371572494507 0.9411903619766235 0.733195960521698 1.905258014798164 0.3772163093090057 0.9838803112506866 6.04750519245863 0.1418488025665283 0 0 0 0 0 0 0 0 0 0 0 0 0 0 0 0 0 0 0.6071660816669464 0 0 0 0 1.988567754626274 0 1.151321694254875 0.6000268161296844 0 0 0 0 0 0 0 0 0 0 0 0 0 0 0 0 0 0 0 0 0 0 0 1.921823471784592 0.5298759490251541 0 0 0 0 0 0 0.1081889048218727 0 2.37767219543457 0 0 0 0 0.1564788520336151 0 0 0 0.251968652009964 0 0.2959825620055199 0.561001256108284 0 0 0 0 0 0 0 0 1.481732532382011 0.4120022803544998 2.471197500824928 112.3308465108275 3.406370714306831 93.32251755148172 2.547811083495617 54.8031112626195 10.61403259634972 0 7.757333464920521 2.147513881325722 0 0.7101882845163345 0 0.460195928812027 1.347746014595032 0 0 0.6756585836410522 0 20.24654828757048 7.577234789729118
43.23570907115936 173.4768049865961 20.78057555854321 507.9846557229757 11.00906562805176 9.65924009680748 149.2883419841528 0.1757469326257706 5.096213147044182 1671.055624485016 4.159161508083344 170.2690927386284 190.1892487332225 56.40695283561945 2.008732572197914 1.192502714693546 0.3019828200340271 0.2190429493784904 0 0.1223163306713104 0.2228144556283951 2.39060166478157 0 0 0 0 0 1.097390368580818 0.1983371675014496 0 10.09915652126074 0 23.30426259338856 0 0 0 37.37786803394556 1.36284014582634 6.305543005466461 0 0.3765498548746109 0.4933493733406067 0 1.117994494736195 0 0 2.019100174307823 0.3719223439693451 0 0 0.1213129460811615 16.73033468425274 8.433256283402443 0.7065641731023788 0.1299696564674377 0.09141092002391815 186.3774642720819 9.53938801586628 2.909315392374992 0.8168036490678787 0.5910295844078064 11.55029574036598 0 0.8112431466579437 0.1050390601158142 0.1003819704055786 0.1896752119064331 0.1970593482255936 0 0 178.4430239796638 83.30263566970825 8.843010768294334 5.614632047712803 2.516819290816784 3.035842046141624 1.495000056922436 0.5308719426393509 0 3.238967210054398 0 1.43955947458744 0.3169797211885452 0.2243007495999336 0 0.5129843726754189 0.1334368288516998 1.912045322358608 3.847230724990368 9.501730211079121 1.327367089688778 8.676160804927349 0 0.6892220824956894 5.32094781845808 170.2719753980637 237.1723571419716 56.90462762117386 37.74301494657993 576.0024284571409 0 1.582706734538078 0.6388750672340393 0 3.71873864531517 2.904624357819557 9.605987042188644 1.016123652458191 3.03464837372303 5.180407404899597 0 1.084337800741196 3.852631002664566 2.773739978671074 9.578757867217064 0 0.3190097957849503 0 0 0 0 0 0 0 0 0 0 0 0 0 0 0 0 0 1.152851581573486 0 0 0 0 4.782595500349998 0.1469008922576904 3.006761237978935 0.7746220231056213 0.2415480390191078 0 0 0 0 0.1969551891088486 0 0 0.2384510338306427 0 0 0.11106888204813 0.1081448867917061 0 0.2557771503925323 0 0.1568504273891449 0 0.2272544950246811 0 0 0 0 0.1229516118764877 0 0 0 0 0 0 0.1512677669525146 0 0 6.528911724686623 0.6541857868432999 0.1118351370096207 0 0.1189721897244453 1.117564916610718 0 0.8628116548061371 0 0.3474982976913452 0 0 0 0.1033414229750633 0 0.1173046678304672 0 0 0 0.1041770428419113 0 13.99849915504456 1.885692395269871 3.577648974955082 119.2150799110532 0.9097341224551201 9.051967762410641 0.8702868968248367 260.7240649759769 5.41624653339386 0.1588799953460693 2.65376552939415 5.624689608812332 0 0.2237705513834953 0 15.56840175390244 0 0 0 0 0 52.85252304375172 14.22470878064632
844.6192869842052 3297.544624835253 217.623973198235 866.057861700654 1214.423155941069 149.2883419841528 786.9005635678768 146.6741195470095 2406.183641955256 2373.802040442824 174.2881373241544 447.1093853786588 5290.172069787979 2419.774701096117 6.545735217630863 1.944236673414707 0.309245377779007 0.2727840691804886 0 0.1039867475628853 0.134065717458725 0.1503606736660004 0 0.1519467532634735 0 0.4721629917621613 0 0.4873407781124115 0.3732822090387344 0.1294355243444443 392.2973357886076 28.31913803517818 4.007322743535042 0 0.2230956554412842 0.4304212182760239 1.640473827719688 0.5775528028607368 1.70222981274128 0.6476964130997658 0.4250422120094299 0.4311499744653702 0.318500317633152 0.4035562351346016 0.08561242371797562 0 148.9420910030603 11.91576217859983 0.1222057268023491 0.8597763851284981 0.6828614547848701 0 0.1352543830871582 0.1775049716234207 17.12625621259212 26.51551973819733 66.19787706434727 372.059968739748 52.74078810960054 78.80377557873726 0.4627387449145317 0.8830824419856071 0 76.61832328140736 19.66025105118752 5.62109862267971 1.44714630395174 1.472995296120644 0.5719237625598907 0.5016677901148796 4.788343645632267 0.3984411209821701 0 386.4205073937774 192.3689064607024 255.347195290029 8.231047980487347 3.023156046867371 1.662956200540066 2.466370560228825 0.6148009821772575 2.017680376768112 62.67202210426331 0.5531664416193962 8.09979835152626 17.78556428849697 1.180174313485622 0 2.881769940257072 0.08596040308475494 0.8001905530691147 0.2038944736123085 1.298407003283501 0.54648407548666 0.9345337525010109 9.082049526274204 5.100172735750675 0.4475829899311066 1.278820298612118 128.784121632576 3.54321863502264 4.11279284954071 36.96546111255884 6.231910109519958 2.541486367583275 30.85716979205608 12.040373519063 12.61082346737385 30.64452610909939 12.90768413245678 1.103328362107277 4.204707279801369 6.318914756178856 6.204555600881577 18.28377096354961 0.6249233186244965 0.408520296216011 0 0 0 0 0 0 0 0 0 0 0 0 0 0 0 0 0 5.088387370109558 0 0 0 0 9.667357206344604 0 3.90457421541214 1.635991081595421 0.1947054415941238 0 0 0 0 0.1151290088891983 0 0 0.4600885808467865 0.1075264289975166 0 0 0 0.3799541294574738 0.4409229457378387 0.790555015206337 0.5511641576886177 0 2.951668031513691 0.8076964616775513 0.4964395985007286 0 0.2578854262828827 1.429706171154976 4.614893220365047 0.09692882746458054 0.1223866641521454 0 0 0 0 0 0 8.321697905659676 0.3768404424190521 0 0 0 0.9572692811489105 0 1.193421632051468 1.233292281627655 2.083065114915371 0.3683595657348633 0.125800222158432 0.2490534484386444 0 0.2418883368372917 0 0 0 0 0 0 18.40115920454264 1.901255756616592 5.132291190326214 495.7999678552151 14.43913038820028 419.8066897168756 10.85082035511732 396.2720653563738 38.9968174174428 1.726687930524349 31.02605082839727 13.81161212921143 0 6.529700100421906 0.5929251834750175 6.265127830207348 1.058372810482979 0 0.9020799398422241 0.7421453297138214 0.5373461842536926 92.4769547060132 17.11229448765516
31.38983923941851 122.5272608995438 862.8953251093626 3.324652656912804 239.9528209194541 0.1757469326257706 146.6741195470095 752.5226414054632 541.378358900547 17.46998536586761 4133.888265751302 7.710008755326271 119.3280454576015 1659.596976920962 17.8337037935853 7.027742102742195 1.178669802844524 6.631129421293736 0 5.756947569549084 7.629700019955635 0 12.90801621973515 17.54846261441708 11.73707186430693 12.48676343262196 9.231617629528046 5.982312940061092 0.2932734489440918 5.216958448290825 1530.931629903615 1914.224282279611 213.9585267677903 0.2551762387156487 40.23996803164482 31.91661962121725 28.05673309415579 8.906547471880913 8.897369362413883 6.254559218883514 61.06990125030279 21.89479623734951 9.171542607247829 2.540567524731159 0.6344868615269661 2.194594502449036 87.38703315705061 7.022989235818386 3.105034105479717 22.45619382709265 7.339796915650368 1.64573972672224 0.5813468471169472 4.460284255445004 5.254037946462631 7.082699216902256 23.03775984048843 278.7019686847925 19.94977897405624 29.79745744168758 26.65566328912973 31.25403930991888 8.947641491889954 536.6955408379436 5.307898610830307 3.574098907411098 3.009434312582016 9.525486975908279 35.82214661687613 55.73975715041161 22.5957330390811 5.483280196785927 2.203107208013535 129.6883761808276 203.2891947180033 148.1070856153965 83.00756574422121 363.0556758418679 517.9153978228569 1755.970391526818 14.40540740638971 709.2344502583146 18.59160751104355 0.2726029753684998 3.881497636437416 7.447843097150326 19.02464918792248 0 2.175340197980404 0.2696078568696976 4.881197273731232 1.361425623297691 128.7951128482819 43.56201715022326 12.02849336713552 6.053444474935532 8.315363116562366 0 6.756937317550182 29.86263414472342 0.1867417097091675 0.2821643352508545 0 0 1.09627129137516 1.081235647201538 0.535024955868721 1.145916193723679 1.590408861637115 0.5361642241477966 1.500763148069382 1.783291354775429 0.7713994383811951 3.015401318669319 7.846220731735229 0.09440898895263672 0.6219701841473579 0 0 0 0 0 0.5991962105035782 0 1.074809029698372 1.892660290002823 0 0.2497337758541107 0.5366996452212334 0 3.141070082783699 0 2.350581020116806 0 0.7241953611373901 0.2197939306497574 0 0 0 4.792593985795975 1.909965232014656 7.754063099622726 8.646962635219097 0.7565893679857254 3.754981502890587 0.5973747372627258 0.1426972001791 0.2540803104639053 0.4083435609936714 0 0.5225808769464493 0.1218848899006844 0.8182351067662239 0.2268093079328537 0.3370832726359367 0.5988793969154358 0.11793602257967 6.098636135458946 0 0 0 0.1585048586130142 0.1067461743950844 0 0 0.3439024090766907 4.843772113323212 0.7409738302230835 0 0 0 0 0 0 0.3420774787664413 1.365738339722157 5.690183915197849 2.922264933586121 1.811494380235672 0.2752810120582581 1.761807151138783 0.2213320285081863 0 1.973210602998734 0.1171126067638397 0.466699980199337 0.2156521007418633 0.3108483999967575 0.6173973456025124 0 0 0 0 0 0.1178557127714157 2.564499728381634 0.1252664625644684 3.984976306557655 3.429536305367947 7.957625485956669 213.8465570956469 10.1756422072649 204.3058668598533 21.30963499099016 39.40596220642328 18.89483640342951 0.6154711544513702 23.63877613097429 11.78536000847816 0.5934673100709915 4.048595905303955 0 1.489830620586872 0.1776275336742401 0 0.2521271407604218 1.04044896364212 0 20.1887603327632 8.900108307600021
39.49131520837545 1763.774350017309 837.634848959744 60.66895628720522 4226.454892002046 5.096213147044182 2406.183641955256 541.378358900547 687.5237395912409 339.2981404364109 864.7947942912579 78.37823547422886 604.2387970238924 1475.281749553978 2.687834568321705 0.8354892730712891 0 0.07873626798391342 0 0.1177574247121811 0.1026693806052208 0 0 0.09783560037612915 0 0.1782744526863098 0 0 0 0.1776865273714066 165.3176843822002 15.7021526619792 13.54248134046793 0 0.1004278957843781 0.1971308588981628 3.279042527079582 0.2314442545175552 0.5517655313014984 0 0.5662782862782478 0.1276789009571075 0.2153522297739983 0.298597663640976 0 0 30.33023751527071 1.971396401524544 0 0.1788615062832832 0 0 0.1731158494949341 0.3247002512216568 2.136646069586277 3.29117975383997 6.305815279483795 47.32950343936682 4.220029957592487 10.5388824865222 0.1405118852853775 0.2347800210118294 0 25.4270893856883 2.719916827976704 0.7986105605959892 0.3233828470110893 0.1928071454167366 0.09825562685728073 0.3462371304631233 2.31769921630621 0.1495717167854309 0.1494971364736557 46.35710725188255 34.33636248111725 44.80437400192022 4.983296811580658 1.745340846478939 1.61068033427 10.47527097165585 0.116286888718605 0.1031962633132935 8.244796447455883 0.08738119900226593 0.9115741476416588 2.639058411121368 0.4088883176445961 0 0.1637540906667709 0 0.104649044573307 0.08145028352737427 1.347339458763599 0.7512582316994667 0.3160814046859741 0.4248627722263336 2.3148113489151 0 1.220209762454033 7.720107868313789 0 0 1.208619117736816 0.3619755208492279 1.230182528495789 0.8823065459728241 0.7898300290107727 0.6815811395645142 0.9269851744174957 3.999639302492142 0 0.9422238171100616 2.517452880740166 2.171001687645912 6.251146242022514 0 1.867692172527313 0 0 0 0 0 0 0 0.4255997538566589 0 0 0 0 0 0 0 0 0 1.456890404224396 0.1371627897024155 0 0 0 2.759783424437046 0 3.53089939057827 0.3443032205104828 0 0 0 0 0 0.1286286115646362 0 0 0.1051709428429604 0 0 0 0 0 0.1537702828645706 0 0 0 0 0.9307912886142731 0 0 0 1.319967165589333 0.1369321048259735 0 0 0 0 0 0 0 0 2.211671881377697 0.5025585889816284 0 0 0.1227351129055023 0.167659655213356 0.7472395896911621 0.4957957565784454 0 0.1738729327917099 0 0.3297476544976234 0.1340420246124268 0 0 0 0 0 0 0 0 3.186988949775696 1.016802594065666 1.660492636263371 103.1216598823667 2.167236834764481 63.78266119211912 3.426215246319771 29.10538043826818 6.658886089920998 0 8.659136489033699 5.10024880617857 0 0.616186335682869 0.6113353371620178 0.5080853998661041 0 0 0.423471987247467 0.3739028722047806 0 13.58705671131611 3.312187567353249
1922.106843426824 1959.555808722973 96.79592221230268 3056.212697148323 1000.808617264032 1671.055624485016 2373.802040442824 17.46998536586761 339.2981404364109 3335.951028801501 57.37808728963137 3578.594858318567 10774.39641045034 1503.295988768339 8.615093536674976 1.148343242704868 0.3391386419534683 0.09221227467060089 0 0.1243380233645439 0 0 0 0 0.535014882683754 0.3752070814371109 0 0.4864292144775391 0.7090226411819458 0 172.3934182599187 24.28026359528303 33.17796382308006 0 0 0 21.21152710914612 1.314270660281181 0.8366422802209854 0 0 0.2166169285774231 0 1.114429600536823 0 0.08661215752363205 128.8157365396619 7.347401291131973 0 0.4889116659760475 0.09123485535383224 0.8363545686006546 0.1067230328917503 0.6117721647024155 10.53785007447004 15.82510376721621 87.75640877336264 298.7708858177066 50.95640935748816 58.32859265804291 0.6728279143571854 8.900541514158249 0 36.98471979796886 11.63561855256557 3.210955411195755 1.477954380214214 0.4187386706471443 0.5340732559561729 0.658186711370945 81.97366903722286 5.606804072856903 0.1300031542778015 299.4170027077198 107.9080444425344 166.3098378181458 8.187897682189941 1.07983772456646 1.251867234706879 2.763312190771103 0 3.73996289819479 46.39948277920485 0.2935745865106583 5.321346007287502 11.42474994808435 1.725694686174393 0.2453057169914246 0.6707357689738274 0 0.239716149866581 0 1.259776957333088 0.3176598846912384 0.2534971833229065 171.5154723897576 60.85386726260185 0 6.341933339834213 652.7620413452387 7.637480862438679 10.45988185703754 74.15655206143856 4.329552933573723 23.91290029883385 20.58221212029457 35.20270489156246 7.829747870564461 21.86059986054897 43.82035453617573 13.93526618182659 28.32356180250645 50.85608871281147 63.74211575090885 129.3042790144682 3.010841816663742 5.741473309695721 0 0 0 0 0 0 0 0 0 0 0 0 0 0 0 0 0 8.954391084611416 4.05283635109663 0 0 0 58.23839651048183 5.706165537238121 35.95628620684147 11.78677020967007 0.8183904886245728 0 0 0 0 1.010234095156193 0.1880165189504623 0 0.5335734412074089 3.672221034765244 0 0 0 1.716917276382446 0 0.1782288923859596 0.3985610231757164 0.2748589143157005 2.646470583975315 2.705378256738186 0.5072409212589264 0.2101610004901886 0 20.92908478528261 5.145010486245155 0.1650132983922958 0.2221088036894798 0 0.1281479299068451 0 0 0 0 59.62109390646219 0.8332953304052353 0 0 0 10.06523068249226 0.5385265946388245 8.058764949440956 0.7673584073781967 7.739794068038464 3.690190978348255 2.447891317307949 2.663581639528275 0.1301833540201187 0.1071185097098351 0 0.1117906048893929 0 0 0 0 116.9588934183121 10.66210420429707 50.95895686000586 1014.955162599683 13.32960771769285 399.1434829309583 13.34771776944399 1327.052642017603 56.84261674433947 6.688637778162956 41.25614048540592 75.41603487730026 0.1357704699039459 15.13649164885283 1.202548496425152 49.12695486098528 3.678720228374004 0 7.264880873262882 1.242687255144119 0.9678214192390442 312.6610844805837 95.73612467944622
205.8222794681787 919.8836206197739 2479.740524329245 37.78288522362709 817.1909204572439 4.159161508083344 174.2881373241544 4133.888265751302 864.7947942912579 57.37808728963137 1580.210557311773 57.58364985138178 615.3688862621784 2847.176143608987 22.61853761970997 12.84438341110945 1.556448832154274 5.551018431782722 0.1122464388608932 0.3812586963176727 2.714960537850857 1.449926912784576 4.646205112338066 5.568829283118248 9.951710045337677 11.48169305920601 5.166302695870399 8.973517768085003 1.427673131227493 1.872734412550926 1418.341918744147 320.2526021078229 813.5873371437192 0.2741817981004715 14.28863243758678 12.97979778051376 141.4898376986384 14.17925237119198 37.87269240617752 6.379396192729473 43.01351583003998 27.14680249243975 2.540171161293983 2.728603973984718 0 0.4299815744161606 81.68141788244247 4.862600423395634 2.13030556589365 10.94472857564688 7.287698231637478 3.042074926197529 0.928565688431263 7.954012408852577 4.303800873458385 6.968310751020908 22.59302396327257 208.5293245464563 16.02288491278887 30.0521163418889 1.92837205529213 57.72703605145216 3.927954308688641 154.2571416720748 4.780840210616589 3.437176488339901 1.391416497528553 6.095853425562382 18.35722710937262 11.89891527593136 69.08501913398504 8.316947028040886 4.460262313485146 121.6427504271269 128.0632633194327 144.8251963481307 46.2199280411005 37.74616865068674 53.5286695882678 793.3113518506289 0.9489101767539978 148.2596733868122 19.21736894547939 0 3.822698369622231 7.143988661468029 9.906925521790981 0 1.124855019152164 0.2233560532331467 4.554659694433212 0.6872324198484421 65.93823517113924 42.78444211930037 24.92691122740507 9.973716571927071 10.6505000218749 1.031265690922737 16.35457240790129 59.81841412931681 1.205364897847176 0 0.4955173283815384 0 9.318819954991341 3.377038732171059 2.576009318232536 1.161325737833977 2.01628765463829 3.215727493166924 6.546497732400894 5.351938903331757 6.772160559892654 9.364307314157486 27.68458813428879 0.8560912385582924 2.888508625328541 0 0.1569790244102478 0 0 0.5308464169502258 0.7767641544342041 0 1.101582854986191 2.86009107530117 0.3834248483181 0 1.109319299459457 0 4.07518070936203 0.1052828878164291 3.141400270164013 0 3.893698081374168 0.1151990815997124 0 0 0 12.87339214980602 4.511855147778988 16.28842385858297 10.72515457123518 2.337037816643715 1.166394174098969 0.9692356139421463 1.284120194613934 0 1.245189413428307 0.8968186527490616 1.395488083362579 0 1.110977977514267 0 0.2375362813472748 0.9627752006053925 0.7458037808537483 7.15148513764143 0 0 0 1.481104657053947 0.967070646584034 0.1724072843790054 1.617633566260338 1.564352363348007 9.07504516094923 2.037447191774845 0 0.08743695169687271 0 0 0 0.1602171510457993 0.6913907676935196 1.050052151083946 12.26140409708023 1.414128139615059 2.905306071043015 0.1296561807394028 1.119838319718838 3.457535482943058 0.397434689104557 2.383278273046017 0.5337127819657326 2.692894019186497 2.055101849138737 0.8862269446253777 1.978759698569775 0 0 0 0.55306077003479 0 0 1.918641790747643 0 20.46456744521856 7.781643964350224 24.47966988384724 217.6485462859273 13.1532248929143 188.9581499993801 18.78374725580215 48.96371381729841 19.40492076426744 1.662679903209209 22.0062685534358 19.23229444026947 2.015872433781624 8.841413095593452 1.299515895545483 3.444229543209076 0.3016778528690338 0.5140634179115295 1.391223728656769 1.083893448114395 0.1933901757001877 41.10302214324474 23.02678209543228
215.1478505432606 641.4475141912699 39.27746699005365 721.0163573175669 197.1638438254595 170.2690927386284 447.1093853786588 7.710008755326271 78.37823547422886 3578.594858318567 57.58364985138178 178.2056577205658 2239.816288158298 402.7899546325207 19.40191718190908 9.861471459269524 0.5162869468331337 0 0.8554442077875137 0 0.1575240939855576 0.241273894906044 0 0 0 0 0 1.904237821698189 0 0 36.31993267685175 8.579554975032806 43.44007702171803 0 0 0.3848598003387451 109.5994443371892 7.122462399303913 18.1703731790185 1.130710363388062 0.3016185313463211 0.158807560801506 0 1.736216656863689 0.1095790863037109 0.3849888071417809 38.3287655338645 1.365594424307346 0.1361641585826874 0.1907120048999786 0 0.3328459411859512 0.4938323944807053 0.1466882079839706 0.9329385980963707 1.100958034396172 10.8522906973958 20.95955771952868 2.754895731806755 8.834764406085014 0.1232990399003029 26.50570030510426 0.1021649390459061 29.02942676842213 1.590244710445404 0.1122043058276176 0.1942717656493187 0.1105565652251244 0.25679000467062 0.4790009781718254 148.8774816319346 3.27385501563549 0.3793301731348038 29.16262683272362 32.08123534917831 50.78229765594006 23.73651950806379 12.93321817368269 1.218627780675888 17.69817727804184 0 11.96976661682129 6.527357526123524 0 0.8133009001612663 1.058586686849594 0.2240194231271744 0 0.09296584129333496 0.2111876010894775 0.1101224571466446 0 0.8871975615620613 0.4370924085378647 0.7605921775102615 742.6142844259739 44.32189573347569 0 23.64455719292164 60.76601737737656 3.675366386771202 8.62774620950222 2.289047196507454 2.768324613571167 18.20761232823133 17.55858981609344 48.80359664559364 3.269137188792229 15.41992221772671 32.65278613567352 10.05699287354946 23.24510268121958 27.64968317002058 40.99021404981613 119.2362405359745 2.561969265341759 4.023797526955605 0 0 0 0 0 0 0 0 0 0 0.2049285024404526 0 0 0.1615002155303955 0 0 0 7.550768740475178 2.551362171769142 0 0 0 51.30716942250729 0.8274896740913391 9.606573604047298 6.33205134421587 0 0 0 0 0.2940797358751297 0.6443274468183517 0 0 0.3198190554976463 0.7591133639216423 0 0 0.5927234590053558 0 0.1100962311029434 0.1376058906316757 0.1164350956678391 0.1115926951169968 0.7296063974499702 1.853803589940071 0.521037757396698 0.09922526031732559 0.1980694085359573 6.499402113258839 2.207975402474403 0.2140662670135498 0 0 0 0 0 0 0 58.64915759116411 2.607580631971359 0.4418060630559921 0.1433727294206619 0 6.645943865180016 0.3604550808668137 2.850892074406147 0.3063670545816422 2.502693176269531 2.972083918750286 1.288798607885838 2.208816401660442 0 0 0 0 0 0 0 0 139.1693091392517 10.73804534971714 23.32439395040274 317.0322436615825 3.569540731608868 130.00351549685 8.811165206134319 386.6289532855153 13.36973125487566 0 25.29787620902061 34.52821105718613 0.3911202549934387 5.738591738045216 0.2776271998882294 48.15654454380274 0.632865384221077 0 6.266414448618889 1.684474736452103 0 659.1449615433812 156.6710134446621
267.4492012485862 1360.782477878034 122.8299984782934 903.5267342105508 513.6012231856585 190.1892487332225 5290.172069787979 119.3280454576015 604.2387970238924 10774.39641045034 615.3688862621784 2239.816288158298 2167.186594679952 4166.833348914981 58.36270462721586 24.8100261464715 2.330261245369911 0.428418904542923 0 0.07902782410383224 0 0.7311352342367172 0.2023764997720718 1.687183149158955 0.1207457035779953 1.353733986616135 0.5373800545930862 3.461054712533951 0.1648919135332108 0.4680353105068207 176.4906384646893 67.4816881492734 241.3694472163916 0 0.5981855317950249 3.261367172002792 262.1866600811481 8.301354348659515 39.85017259418964 1.21708220243454 7.951219327747822 4.613644041121006 0.5964822396636009 5.152617081999779 0.2395536750555038 0.09800191968679428 131.2192617505789 3.473708271980286 0.4390433132648468 3.959051907062531 1.601792879402637 1.25373475253582 0.5868726521730423 3.173537686467171 4.246032133698463 4.765101402997971 19.38522533327341 90.58932344615459 15.29967990517616 31.5049801170826 0.3039423525333405 55.16044659912586 0.7341251969337463 91.43267123401165 5.812376841902733 2.023399420082569 1.023707546293736 1.315776452422142 3.804898895323277 2.643183551728725 211.2703195214272 9.100292526185513 0.2258905321359634 109.5418222621083 127.2430108487606 201.716954857111 71.8666662722826 30.36751085519791 1.389833867549896 62.62076288461685 0.4040614664554596 19.40354841947556 16.60372100770473 0.09497921913862228 2.638858214020729 5.599572628736496 2.562558650970459 0 0.6687373742461205 0.1031670942902565 1.373945064842701 0.3413686901330948 12.79677344113588 7.190242178738117 2.251963034272194 1074.17692116648 38.72107440978289 0.7206628918647766 23.11789762228727 98.68721578270197 12.02727801352739 14.95562679320574 5.096793875098228 2.251944214105606 52.03846451640129 57.41600926965475 103.8685142323375 17.37042216211557 38.41177521646023 79.65854183584452 35.79879700392485 82.92558866739273 110.5499465465546 144.5555839538574 376.8399555385113 6.077749066054821 17.35711206495762 0 0.2253852114081383 0 0 0 0.5677683502435684 0 0.4494690299034119 0.5180031508207321 0 0.200493335723877 0.1507149785757065 0 0.4124725759029388 0.6672935783863068 0.5985228270292282 0 34.69262368232012 3.37053182721138 0 0.1908915638923645 0 171.2130910381675 6.741882741451263 62.80376472324133 36.19486229121685 0.5876875370740891 0 0 0 0.9103956148028374 3.571380265057087 0.2294159978628159 0.2253338992595673 2.330295570194721 5.943261310458183 0 0.5176664441823959 0.1111180335283279 0.6282821893692017 1.3863685131073 0.1341914087533951 0.116985023021698 0.4205146953463554 5.173947967588902 7.886874236166477 2.2473473995924 0.1278488487005234 3.026735171675682 29.28449778258801 26.56510996818542 1.027363397181034 0.1203231811523438 0 0 0 0 0 0 181.4159974306822 7.263156816363335 2.594315886497498 0.128477156162262 0.3094963729381561 24.47125900536776 0.6519101485610008 22.9165885001421 2.004971854388714 12.79743273556232 12.39378707110882 8.698898412287235 7.784265428781509 0 0 0.3806841373443604 0 0 0 0.1637428253889084 0 356.8176556453109 34.48515027761459 108.0346998646855 860.6848279908299 12.03395756334066 336.1799640655518 26.52504105120897 531.6714535877109 42.23109371960163 0.9073351621627808 64.05068389326334 155.5213149785995 3.561396673321724 30.61578255146742 3.80050378292799 102.1115453764796 2.346700876951218 0 14.80649307370186 4.71104508638382 1.476957201957703 1034.931043691933 358.427344083786
