524.3118853718042 2385.666102558374 315.1371355950832 1338.972522988915 13.74603018909693 352.457083709538 350.6160518229008 11.40827088803053 3.375815346837044 958.4340014755726 16.35251957923174 458.4725666344166 208.4268353357911 47.60727817565203 3.524360440671444 0.274704322218895 0.7855619192123413 0 0.161267101764679 0.1075157821178436 0.1044321209192276 0 0.1287589967250824 0 0 0.08907495439052582 0 0.09781293570995331 0 0.1202059984207153 730.9553770124912 11.58431076258421 4.224514700472355 0 0 0.2754060029983521 3.392047390341759 0 0.1379569619894028 0 0 0.241755947470665 0.1226059794425964 0.5371217206120491 0 0 35.37721891701221 11.02844636142254 0 0.3608691990375519 0.7432214766740799 0.9596856236457825 0 0 8.386398188769817 9.623833052814007 107.0952876582742 1082.570606067777 64.77282921224833 41.40477857738733 1.055515319108963 1.309993125498295 0.1310311853885651 90.4351959079504 13.93680806457996 7.736494809389114 1.048713460564613 0.9792693853378296 0.225059986114502 0.1085047125816345 40.73430862277746 6.080188006162643 0 386.2088537588716 100.0365917012095 100.0362277105451 9.561066225171089 0.3624390140175819 2.30661054700613 11.43331272900105 0.3767464607954025 0.6673979461193085 21.75136338174343 1.696177922189236 15.91520212590694 12.04687829315662 2.189619928598404 0.1133068799972534 2.011676594614983 0.1646282523870468 1.096179842948914 0.3247970789670944 0 0.2949907928705215 0 223.4243950992823 16.82631170749664 0.6131263971328735 2.034809097647667 1379.499666132033 0.7417892962694168 4.580687001347542 3.279198467731476 18.92578852176666 3.845963180065155 3.298214733600616 0.8114017993211746 0 15.4069886803627 8.35614538192749 1.197578310966492 6.936115697026253 5.263061374425888 0.3747800588607788 0.6467505991458893 0 0 0 0 0 0 0 0 0 0 0 0 0.2963321805000305 0 0 0 0 0 0 1.184125065803528 0 0 0 0 1.212162852287292 0 0.3626597225666046 0.2232668921351433 0.09478366374969482 0 0 0 0 0 0 0 0 0 0 0 0 0 0 0 0 0.0829601064324379 0 0 0.7690791487693787 0 0 0.1879037618637085 0 0 0 0 0 0 0.149686336517334 0 0 1.384430781006813 0.3151062726974487 0 0 0.1071943789720535 0 0 0 0 0 0 0 0 0 0 0 0 0 0 0 0 15.98343871533871 0.3087132275104523 0.4650576710700989 294.0260598659515 3.831846065819263 134.2327269688249 14.55394110828638 1269.642609022558 13.03232011944056 2.015436343848705 2.740737289190292 0.1087507382035255 0.09933946281671524 0 0 11.83977085351944 0.7388373017311096 0.106695145368576 0 2.469246834516525 0 277.1846298053861 21.47215726971626
2385.666102558374 4218.041978031397 1220.450109161437 2603.750225745142 1230.194490894675 380.2538875639439 2394.218873336911 525.830049559474 1631.651888512075 1943.553647764027 1116.650120645761 296.3052994832397 1443.183946348727 3514.897724173963 45.80827601253986 19.27331607788801 2.153583787381649 0.7105471789836884 0.1023798882961273 0.6972964778542519 0.5025400221347809 0.1724788844585419 1.462497390806675 2.535681255161762 0.310074120759964 0.954236127436161 1.06933867931366 0.2166953757405281 0.4029499217867851 0.4516278505325317 2145.587338775396 137.337138235569 122.5417105257511 0.6434529572725296 3.256418630480766 0.3472329825162888 43.41138292849064 1.329740732908249 1.825532533228397 0.9000167846679688 1.308732748031616 1.605977535247803 0.5450148433446884 2.903511099517345 0.6349065527319908 0.522582083940506 169.7948841303587 27.49388705193996 1.869430780410767 1.86629206687212 1.506211623549461 0.4935418963432312 0.2417039424180984 0.5701966285705566 15.51439806818962 17.44757153838873 39.25082077085972 1051.597239002585 66.26985599845648 141.5635812282562 3.827673241496086 20.18378844857216 0.6082810536026955 430.4458751454949 27.27317795157433 14.42336721718311 0.9455215856432915 2.413292124867439 1.383445911109447 6.183755673468113 122.7743259593844 0.5299720466136932 0 543.3653012514114 366.9418068826199 555.057559646666 211.8946929723024 16.41329719126225 48.61011393368244 211.9754280671477 3.065390132367611 43.72356412559748 40.90238282084465 1.890889070928097 31.57678596675396 21.08307697623968 4.191900663077831 1.168610639870167 3.484489962458611 0.400275245308876 2.899722442030907 1.039547465741634 1.328840270638466 0.920008659362793 0.4735059142112732 220.4509156346321 4.033487945795059 0 4.93598048388958 800.3933871537447 0.6232181340456009 4.098131760954857 4.455395504832268 42.60983403027058 5.302821844816208 6.492878079414368 2.601655460894108 1.811182305216789 55.33959467709064 23.93316102027893 2.014559343457222 12.97309629619122 13.79919358342886 5.546873189508915 8.035565562546253 0.08995939046144485 0 0 0.5183494091033936 0 0 0 0 0 0 0.3061712607741356 0 0 0 0 0 0 0 0 2.712198913097382 0.7963967323303223 0 0.4478960037231445 0 9.964470341801643 1.473208889365196 9.560504652559757 1.281239688396454 0 0.5001521706581116 0 0 0 0.3434367775917053 0 0 0 0 0 0 0 0.4438561350107193 0 0 0 0 0.1398519724607468 0 0 0 0 8.040944047272205 0 0 0 0 0 0 0 0 0 13.3918733894825 0.4475525915622711 0 0 0 1.134028851985931 0.3203533589839935 0.4182402193546295 0.1320661157369614 0 0.127559095621109 0 0 0 0 0 0 0.1126615107059479 0 0 0 28.09029642492533 5.661799632012844 9.060342341661453 307.1975715234876 14.27591698616743 521.507232606411 51.0210086107254 610.3163652196527 33.7920156121254 2.6503015011549 19.16567707806826 3.388783022761345 0.08881918340921402 0.1390171349048615 0 14.48101399838924 0 0 0 11.93332660198212 0.1257816255092621 248.4083672165871 36.03186975419521
315.1371355950832 1220.450109161437 1547.048610463738 62.58199612051249 271.1264061480761 14.96019122004509 287.3746450394392 5092.059766039252 492.0868833512068 54.28909431397915 1917.809452362359 40.0659861639142 217.9274638071656 1863.243770249188 39.96821584552526 30.06711138784885 1.849462352693081 0.6328487917780876 0.2323003485798836 0.7160293310880661 2.318428739905357 0.2168147042393684 8.88241109251976 12.46609827876091 1.826734527945518 3.033780887722969 2.464973114430904 0.7523409277200699 0.7080780193209648 1.146627627313137 3976.772979162633 1298.511682994664 262.1115834489465 2.808232314884663 9.465395614504814 0.9856487661600113 24.63494689017534 2.453218579292297 3.205585196614265 1.452607303857803 7.203454688191414 2.529496863484383 1.157234102487564 3.186887510120869 1.468598037958145 2.417737267911434 87.50064004957676 11.34059039503336 0.7876211702823639 2.866936407983303 0.6691279485821724 0.7344835847616196 0.933383896946907 1.175003409385681 4.448463201522827 6.379864491522312 13.82857751101255 736.0561996847391 24.41329982876778 56.97096328437328 10.7024402692914 59.37773758918047 0.2690998315811157 547.6966705620289 11.2046752423048 6.58130756020546 0.3180823028087616 2.396385312080383 5.16198743134737 27.38437144458294 64.31141858547926 2.274644300341606 0 274.1604007184505 236.3770255446434 264.6646699085832 138.2184256538749 21.91102376580238 239.7653035670519 1844.81821629405 7.770518384873867 285.9063116535544 16.14916107058525 1.093729212880135 13.87337622791529 7.602197073400021 3.07929190248251 0.2914635986089706 1.18793348222971 0.1099767163395882 1.535615645349026 0.595623105764389 4.660533227026463 1.513113543391228 0.615687720477581 48.98062621802092 7.430030211806297 0 6.765534274280071 82.7540405318141 0.222772479057312 1.61564689874649 2.565358459949493 0 2.955751448869705 0.6998756676912308 0.4791924953460693 1.545664399862289 4.799832120537758 9.755419909954071 0.1889171004295349 8.061816960573196 10.20112508535385 2.343225434422493 5.712109990417957 0.2604751288890839 0 0 0 0 0 0 0 0 0 0 0 0.2007993310689926 0 0 0 0 0 0 0.1636896580457687 0.220264807343483 0 1.061497896909714 0.389691561460495 11.64685758948326 2.739450305700302 9.110560901463032 4.679630160331726 0.9668009728193283 0 0 0 0 0.5318265557289124 0.6365994811058044 0.330144464969635 0 0 0 0 0.211563840508461 2.591103218495846 0.3372025936841965 0 0 0 0.3834207653999329 0 0.5662921071052551 0.1938644051551819 0.9196842908859253 5.387491151690483 0 0 0 0 0 0 0 0 0 8.830391228199005 0.4580220133066177 0 0 0 0.9232425838708878 0 2.287590101361275 0.09632080048322678 0 0.3025101497769356 0 0 0 0.1375699788331985 0 0 0.09988997876644135 0 0 0 18.56982930004597 5.467842549085617 9.481799066066742 150.1255916580558 7.358850911259651 219.7171903476119 29.74285516142845 61.48918630927801 10.45882661640644 1.35547186434269 10.62638898193836 2.062789931893349 0.08184418082237244 0.2305103242397308 0.1814343631267548 4.401664614677429 0 0 0 8.400038413703442 0 60.74230028688908 10.86436243355274
1338.972522988915 2603.750225745142 62.58199612051249 628.0199292898178 12.43803708255291 230.5892273709178 768.4525566473603 4.285301238298416 3.602657645940781 1943.713459655643 6.906717710196972 3041.753050073981 1767.927528336644 122.8407238721848 2.179770268499851 0.4789775013923645 0.1056597009301186 0.09357477724552155 0 0 0 0 0.11468655616045 0 0 0.1029983684420586 0 0 0 0 80.24667698144913 3.775778777897358 6.313146442174911 0 0 0.1214229837059975 9.988796070218086 0 0 0 0 0 0 0.141264334321022 0 0 9.657216534018517 3.185294009745121 0 0.09825462847948074 0.1178836673498154 0 0 0 1.522590093314648 1.078762084245682 5.380043737590313 85.72082393616438 6.211357705295086 13.04897271096706 0.1185962408781052 0.696004182100296 0 30.45936273038387 1.563235394656658 2.015279538929462 0.2839365005493164 0.3248066008090973 0 0 75.78110975027084 0 0 48.24005023390055 32.58984427154064 42.11514095962048 14.7998266145587 0.4347952231764793 0.1366380602121353 1.398747764527798 0.112266905605793 0.09734193235635757 3.64163976162672 0.3251004666090012 3.091466002166271 1.304248586297035 0.4052575752139091 0 0.1973087564110756 0 0.3009291961789131 0 0 0 0 298.9056457281113 6.111448675394058 0 0.1516171395778656 489.2180822938681 0.5212701559066772 3.067464336752892 22.59949971735477 42.76897832751274 0.8457355052232742 5.52646541595459 4.303847417235374 1.516682833433151 32.40898960828781 13.35433591902256 0 3.268614932894707 15.99806587398052 1.494576767086983 2.386369958519936 0 0 0 0 0 0 0 0 0 0 0 0 0 0 0 0.3632403910160065 0 0 0 0 0 0 0 0 1.097342655062675 0.1213874295353889 0 0 0 0 0 0 0 0 0 0 0 0 0 0 0 0 0 0 0 0 0 0 0 0 0 2.315674677491188 0 0 0.1860328167676926 0 0 0 0 0 0 1.771688900887966 0 0 0 0 0.4722055196762085 0 0 0.2931525856256485 0 0.2264499664306641 0 0.4313808977603912 0 0 0 0 0.09546336531639099 0 0 0 9.381869971752167 0.1898964643478394 0.9181976467370987 124.5086676031351 1.025510437786579 40.68351621180773 4.994981467723846 823.785860478878 2.34554260969162 0.1374572366476059 1.551873430609703 0.3831443190574646 0 0.1874297857284546 0 7.290469706058502 0 0 0 0.9218738973140717 0 186.3277213275433 22.67859517037868
13.74603018909693 1230.194490894675 271.1264061480761 12.43803708255291 1289.137807272375 2.688339211046696 1205.487252764404 206.0136165991426 4086.216059952974 47.81458808481693 1294.290165424347 21.28120795637369 690.8481543287635 2202.442432001233 10.26041249930859 5.011275172233582 0.1120991408824921 0 0 0 0.2518680766224861 0 0.9145465567708015 0.7723500803112984 0.09570559859275818 0.3264577761292458 0 0 0 0 39.41510523110628 39.82588552683592 7.742050632834435 0.1983832642436028 0.7790810763835907 0 4.934820972383022 0 0 0.08627032488584518 0.5920541286468506 0.2843870520591736 0.2223866283893585 0.8168042525649071 0.09349868446588516 0.2966582104563713 29.10110555589199 3.014913462102413 0.6006822064518929 0.2149633839726448 0 0 0 0 0.7290255203843117 0.9456329867243767 1.241313368082047 28.68350128084421 2.89684384316206 15.04781764000654 1.502851366996765 6.557512827217579 0 45.06123671680689 1.73642273247242 1.768660806119442 0 0.1925732344388962 0.1175470948219299 2.613714329898357 15.64911052584648 0 0 25.9615640938282 36.80822107195854 77.7786702439189 40.68646428734064 4.164915345609188 13.4533611536026 19.32432848215103 0.7656026855111122 13.70157059282064 1.896193258464336 0.1051881685853004 2.266642898321152 1.566631644964218 1.014164358377457 0 0.2551006451249123 0 0.1201372593641281 0.07605999708175659 0.4269877672195435 0.3473054990172386 0.09571819007396698 45.74263370037079 0.3901862502098083 0 0.701373428106308 4.047189943492413 0 0.1789620965719223 2.389699384570122 0.6470792144536972 0 0.4228575825691223 0 0 1.195907741785049 3.14951629191637 0.1559414118528366 3.467059329152107 1.953098744153976 1.862906232476234 0.9665982723236084 0 0 0 0 0 0 0 0 0 0 0 0 0 0 0 0 0 0 0 0.5004709511995316 0 0 0 0 1.106456719338894 0 0.6685227751731873 0 0 0 0 0 0 0 0 0 0 0 0 0 0 0.5137717574834824 0 0 0 0 0 0 0.8064489960670471 0 0 0.7212312370538712 0 0 0 0 0 0 0 0 0 1.726155415177345 0 0 0.08896829932928085 0 0.4169911742210388 0 0 0 0 0 0 0 0 0 0 0 0 0 0 0 4.452655375003815 0.1275299191474915 1.322840943932533 49.34156926721334 0.7918015569448471 78.06441143900156 8.925901718437672 13.69211557507515 2.479205124080181 0.1126360520720482 5.090728975832462 0 0 0 0 0.8912077844142914 0 0 0 3.84199270606041 0 17.7285175845027 2.714106447994709
352.457083709538 380.2538875639439 14.96019122004509 230.5892273709178 2.688339211046696 12.46169929206371 56.36094038933516 4.374156229197979 0.6873741745948792 340.5587595924735 2.041917130351067 120.1404214799404 64.79684282839298 23.74115565419197 0.9520170763134956 0.9168602600693703 0.2759207785129547 0 0 0 0.1600777208805084 2.658535279333591 0 0 0.7418451309204102 0 0 0 0 0 76.52132992446423 0.3553493320941925 20.75960744917393 0 0.1826856583356857 0.1958079785108566 11.5799857378006 0.4792522490024567 2.627140149474144 0.1346172094345093 0 0.1925503760576248 0 0.1223753914237022 0 0.7702882289886475 1.805532082915306 0.4060712605714798 0.1029320806264877 0.5882941856980324 0.1274515837430954 25.83789476752281 2.255967497825623 0.142340287566185 0.5426562651991844 0.5948308482766151 19.56562339514494 49.42598298937082 3.984643921256065 3.134594328701496 1.231650322675705 6.795681342482567 0 2.76410187035799 0.8594746738672256 0.2741442322731018 0 0.289048507809639 0.09213905036449432 0.123879499733448 143.9869753494859 392.7515063881874 28.42775640636683 18.61639350652695 3.89032257348299 4.175675898790359 0.7919033765792847 0.2736097946763039 0.1823010146617889 1.789584174752235 0 1.574795812368393 0.3460966497659683 2.369635947048664 0.6886366754770279 2.857930190861225 1.287714973092079 12.97320168465376 1.213900879025459 11.18368627876043 0.678061917424202 4.356730811297894 0 0.1046693176031113 3.65315206348896 634.4020335823298 260.6921450644732 56.35655435919762 53.74085497111082 253.4451330155134 0 0.2181860059499741 0 3.333499789237976 0 0 0 0 0.1786377429962158 1.182857111096382 0 0.6511098146438599 0.6634341925382614 0 1.66245336830616 0 0 0 0 0 0 0 0 0 0 0 0 0.2085422575473785 0 0 0 0.3160943984985352 0 0 0 0 0 0.341599702835083 0 1.090521924197674 0.4451934844255447 1.242732606828213 0.3288089632987976 0 0 0 0.1324732005596161 0 0 0 0 0 0 0 0 0 0.1193600744009018 0 0 0 0.1419582962989807 0 0 0 0 0.1642278432846069 0.820402204990387 0 0 0 0.3288649320602417 0 0 0 0.1097770854830742 0 3.026606053113937 0.1765136122703552 0.3882173597812653 0 0.8365786969661713 0 0 0 0 0 0 0 0 0 0 0 0 0.4434387236833572 0.2960340902209282 0.1814304739236832 0 0.8511749505996704 1.603903472423553 1.725155472755432 28.64733304083347 1.430849239230156 10.4890117123723 1.389315754175186 247.5440022423863 1.831891737878323 0.1368000507354736 0 0.2789945602416992 0.1315425634384155 0 0 0.799983024597168 0 0 0 0 0 62.09282018244267 9.824492856860161
350.6160518229008 2394.218873336911 287.3746450394392 768.4525566473603 1205.487252764404 56.36094038933516 666.0804044231772 113.6395632997155 2604.715740330517 952.5111437067389 507.7999209687114 393.9817226752639 4387.87851203233 2209.872355848551 38.74313550442457 17.23077411949635 1.768270745873451 0.08723848313093185 0.3000471144914627 0.4696707129478455 1.257495790719986 0 2.035698376595974 1.21800634264946 0.5171122550964355 0.484747014939785 0.1952976137399673 0.2393077090382576 0.1716066226363182 0.3125204369425774 115.7736945599318 79.91090016812086 25.44582413882017 0.824561633169651 1.661028534173965 0 14.49169603735209 0.2750595659017563 0.8729965165257454 0.5184145271778107 0.9263670668005943 0.671383798122406 0.5105199962854385 1.116795741021633 0.5366293340921402 0.9556834325194359 110.5107175335288 9.128539092838764 1.322538986802101 1.29803890734911 0.5650995075702667 0.106122300028801 0.8327613845467567 0.7545851767063141 4.311869062483311 5.285443767905235 6.529572799801826 142.8477944731712 15.42301762104034 68.45733915269375 4.964030809700489 17.07465580105782 0 187.6480184718966 6.928050309419632 4.898436181247234 0.2071888372302055 0.6660904809832573 1.575404852628708 7.016862511634827 83.31803153455257 0 0 136.4649089723825 142.2522087544203 317.252445012331 158.3726793751121 12.92042075842619 31.99135793745518 17.06868990510702 1.775852523744106 43.92418102920055 12.20670890063047 0.3156287297606468 10.34427169710398 6.942928053438663 1.674660541117191 0 1.466052368283272 0.2195935025811195 0.6192346066236496 0.2202322408556938 2.371835082769394 0.4513102173805237 0.09202063083648682 228.3241503760219 3.918612264096737 0.09526269137859344 2.921335458755493 69.86409527808428 0.9963647127151489 1.223430782556534 12.26950988173485 7.317109540104866 4.033627361059189 28.20662444084883 1.5971654728055 22.08128485828638 35.60258486121893 14.78223477303982 0.4948694705963135 153.3744112849236 23.16385250538588 12.11300761252642 5.252903155982494 0 0 0 0 0 0 0 0 0 0 0 0 0.1404693126678467 0 0 0 0 0 0 0.7173363566398621 0.4581258893013 0 0 0 9.164531387388706 0.625615119934082 3.911084540188313 0 0.1181344985961914 0 0 0 0 0 0 0 0.4334752708673477 0.2022770196199417 0 0 0 0.2114581391215324 0 0 0 0 0 0.1435684710741043 0.483972579240799 0 0 4.333080403506756 0 0 0.1708728820085526 0 0 0 0 0 0 12.13339373469353 0 0 0.129242330789566 0 0.2202567160129547 0 0.4906823635101318 0.3323316648602486 1.069244101643562 0 0 0.1664036065340042 0 0 0 0 0 0 0 0 21.16351573914289 3.161833733320236 3.281141646206379 204.3334704786539 6.550425313413143 302.1218435838819 33.8430365473032 195.1617323681712 17.62334358692169 1.302269764244556 17.16255801916122 0.9630839675664902 0 2.245248660445213 0.5360334515571594 9.030119508504868 0 0 0 16.30862106382847 0.5565231442451477 121.2166665196419 24.77467393130064
11.40827088803053 525.830049559474 5092.059766039252 4.285301238298416 206.0136165991426 4.374156229197979 113.6395632997155 1657.47685906291 383.4902118220925 22.90316499769688 1654.919298991561 117.470391921699 758.7298836708069 3243.645690321922 50.07293066382408 34.2156874537468 3.046294629573822 1.667277775704861 0.4301042929291725 2.822112455964088 11.29145130515099 0.1011698246002197 23.7580441236496 28.8500838726759 3.332370437681675 7.099469386041164 5.301082111895084 1.688869372010231 0.7110996171832085 2.253482401371002 248.7126189097762 1561.522572994232 485.7190159410238 11.02077806740999 25.89967669546604 2.179958462715149 70.10949927568436 5.960821345448494 7.56978701800108 2.609038345515728 20.50215212255716 5.21964580565691 9.73072162270546 4.54262538254261 3.711175985634327 2.493995495140553 78.26528219878674 4.582842901349068 1.441661015152931 9.882237300276756 1.61266416311264 0.4091233909130096 1.359134152531624 3.222082547843456 0.658432237803936 1.415608242154121 2.351605482399464 68.29465147852898 3.476044863462448 24.27155168354511 55.27376355975866 215.983218409121 2.17147309333086 152.2892907708883 3.326083891093731 2.45813550055027 0.1267666667699814 3.51833501458168 15.32413975894451 77.89376234263182 131.881648413837 1.988144278526306 0.1148283556103706 42.57495109736919 75.03317015618086 157.7323345765471 130.7257847562432 53.05778980255127 1525.265262544155 3444.565587215126 22.79476507008076 1172.95850957185 5.143752470612526 0 3.715092726051807 1.982258789241314 5.85268746316433 0.1187368109822273 0.4539312422275543 0.1085326820611954 0.5130495503544807 0.1066102758049965 11.99192154407501 2.740335330367088 1.123548738658428 49.89071987569332 5.789169415831566 0 7.579155780375004 2.24336750805378 0.4276885241270065 1.996233835816383 1.781844191253185 0.8564327955245972 0.6827428340911865 3.173710539937019 0.3235119581222534 0 2.529203161597252 10.19506236165762 1.144865214824677 5.885228216648102 9.937596783041954 4.414808258414268 6.148835644125938 0.2385116964578629 0 0 0.2635909020900726 0 0 0 0 0 0 0.3942963182926178 0 0 0 0 0 0.1720613092184067 0.6195228099822998 0 1.772226184606552 0.1637498587369919 0 1.40623527765274 0.5909068882465363 13.35894309729338 4.422556668519974 9.227719604969025 4.319516405463219 4.141196466982365 0 0 0 0 0 0.8182184100151062 0 0.3501846790313721 0 0 0 0 2.319784298539162 0.3797216489911079 0 0 0 0.07372163981199265 0.4100058078765869 0 0 0.5011692121624947 4.08376519382 0 0 0 0 0 0 0 0 0 11.64311479777098 1.320932239294052 0 0 0 1.535702049732208 0 2.279861271381378 0 0.6726367771625519 0.08865297585725784 0.1116045415401459 0 0 0 0 0 0 0.3665024861693382 0 0 14.94785632193089 5.196817085146904 12.17530247569084 175.7375539317727 5.016364023089409 165.9757980927825 35.13839784264565 29.10223800688982 8.238821938633919 0.2804056629538536 11.30908608436584 1.873045414686203 0.2161178886890411 0.5352341532707214 0 5.099280297756195 0.157738134264946 0 0 14.92318464815617 2.097077272832394 25.78763331472874 19.3618348762393
3.375815346837044 1631.651888512075 492.0868833512068 3.602657645940781 4086.216059952974 0.6873741745948792 2604.715740330517 383.4902118220925 1332.144321039319 25.69506727159023 2202.106406107545 13.88799270242453 608.8106997609138 2190.167194008827 7.370976321399212 3.48052890598774 0.2830758541822433 0 0 0.1102856546640396 0.2014535889029503 0 0.3032428547739983 0.6782635673880577 0.08938851207494736 0.1209567338228226 0 0 0 0.122822143137455 13.81463284790516 21.41245849430561 4.125102132558823 0.1198612451553345 0.5958211272954941 0 3.643499746918678 0 0.2889051288366318 0 0.5254490822553635 0 0.1933688968420029 0.3359207212924957 0 0.2028555274009705 12.9387007728219 0.336237944662571 0.2145992964506149 0.1240673810243607 0.1211766675114632 0.08623030781745911 0 0 0.294013686478138 0.3533130958676338 0.1335569322109222 8.70246259868145 1.222053751349449 6.898707501590252 0.3453928306698799 3.949619457125664 0 17.40021736174822 0.8094062581658363 0.09128773957490921 0 0.1958701461553574 0.2271953821182251 1.404656320810318 7.870343953371048 0 0 7.650450713932514 15.57539422810078 29.52987492084503 23.13190562278032 2.488461509346962 10.09561436623335 27.02277223020792 0.4787056446075439 10.98505905270576 0.2873828709125519 0.1982475817203522 1.347286030650139 0.5979440212249756 0.5550686344504356 0 0 0 0 0.08002123981714249 0.3329529911279678 0.09678444266319275 0 27.99546664953232 0 0 0.7900756448507309 0.7404355704784393 0 0.611442044377327 0 0.8381587564945221 0 0.2184790372848511 0 1.054520964622498 0.508948028087616 0.9556969925761223 0 1.327272564172745 0.5856575518846512 0.4815779700875282 2.11290431022644 0 0 0 0 0 0 0 0.1206050589680672 0 0 0 0 0 0 0 0 0 0 0 0 0 0 0 0 0.4666853174567223 0 0.4122136160731316 0 0 0 0 0 0 0 0 0 0 0 0 0 0 0.1044535860419273 0 0 0 0 0 0 0.1761646568775177 0 0 0.2626259624958038 0 0 0 0 0 0 0 0 0 1.708609484136105 0 0 0 0 0 0 0.4522973001003265 0 0 0 0 0 0 0 0 0 0 0 0 0 2.952249862253666 0.4758457168936729 0.2664264366030693 24.38689547777176 0.2056877240538597 33.29492595791817 6.472764357924461 6.040935091674328 0.6458349674940109 0.152874156832695 2.652702108025551 0.1005460619926453 0 0 0 1.104631647467613 0 0 0 0.8914312720298767 0 9.131975010037422 2.842901684343815
958.4340014755726 1943.553647764027 54.28909431397915 1943.713459655643 47.81458808481693 340.5587595924735 952.5111437067389 22.90316499769688 25.69506727159023 1081.927888736129 15.32738394290209 3478.025722451508 3876.830765709281 245.3463736772537 22.50918024033308 11.31655884534121 1.38340026140213 0 0.09729470312595367 0 0.1200507804751396 0.3882484585046768 0.6852466613054276 0.9125270694494247 0.8157525286078453 0.1209501773118973 0 0.2502416372299194 0.09177517890930176 0 48.01565567404032 18.94523718208075 55.10615105181932 0.1132003292441368 0.4961750358343124 0.3645811378955841 55.31664796173573 1.12520706653595 2.084647230803967 0.7233039736747742 0.3988842070102692 0.09736408293247223 0.5095894262194633 1.059292078018188 0.0963384136557579 0.4458463042974472 57.09186869859695 4.675290316343307 0.4234961941838264 0.3376915454864502 0.5488564372062683 1.741013213992119 0.7544902414083481 0 1.765824683010578 1.607970468699932 7.973797366023064 72.75615400820971 7.308644689619541 26.9362376704812 1.571518801152706 21.89890573173761 0.254802942276001 60.16406065225601 3.094146452844143 1.995349392294884 0.115152895450592 0.6647346541285515 0.4113381206989288 2.585774086415768 482.7236935943365 15.41871450841427 1.750929936766624 56.75029009580612 61.34510152041912 125.4410524144769 59.22823102772236 8.238644286990166 14.94287632405758 11.20463693141937 1.861558511853218 30.38854938000441 4.842510640621185 0.1658689826726913 4.612447932362556 3.325360640883446 1.123344704508781 0.2195673882961273 0.6021482869982719 0.2713065147399902 0.8009474575519562 0.716062419116497 0 0 0.2396339848637581 846.422078743577 112.5804751813412 9.498499229550362 20.79931326210499 478.5761556401849 3.633049763739109 22.7439491301775 260.8530859053135 154.6425282508135 7.971400029957294 73.73130346089602 40.65025480091572 11.53449980914593 105.3968226462603 146.3964293301105 3.770605444908142 44.79851255565882 129.6005276888609 25.48339726775885 33.63526175916195 0.08659327030181885 0 0 0 0 0 0 0 0 0 0 0 0 0 0 0 0 0 0 7.273858308792114 0 0 0 0 30.09930001944304 3.518264219164848 11.02934720367193 1.274882599711418 0 0 0 0 0 0.1874736398458481 0 0 0 0.6838637590408325 0 0 0.1304885745048523 0.8772740066051483 0 0.09637119621038437 0 0 0.4416360706090927 0.2819762676954269 3.656475365161896 0 0 16.56977239251137 1.001270771026611 0 0 0 0.1072467640042305 0 0 0 0 48.73479768633842 0.8932180106639862 0 0 0 1.414543613791466 0 1.294074133038521 0.8968477174639702 0.4262415841221809 0.9626474753022194 0.3308843374252319 0 0 0 0 0 0.2628272026777267 0 0.1257716417312622 0 144.4109299182892 10.55638590455055 13.97675909101963 464.2863554060459 3.791711024940014 161.7077087014914 27.53171750158072 1239.388149216771 7.34063908457756 0 15.21747791022062 4.817132413387299 0.5907924249768257 1.295762792229652 0 74.0780887901783 0 0 0 15.39631440490484 0 912.0103611052036 215.3407186716795
16.35251957923174 1116.650120645761 1917.809452362359 6.906717710196972 1294.290165424347 2.041917130351067 507.7999209687114 1654.919298991561 2202.106406107545 15.32738394290209 918.5760751739144 100.6955050006509 1174.393112048507 4403.570278421044 16.66846796125174 12.82237490266562 0.8116137757897377 0.3324358463287354 0 0.4399348348379135 0.2821956872940063 0.6251315474510193 2.162505909800529 1.462595798075199 0.1224631741642952 0.950994148850441 1.723190225660801 0.2973290234804153 0.4704567641019821 0.4268986508250237 40.82456497848034 75.63892265409231 457.7257293239236 0.5671651139855385 0.9746346771717072 1.042753309011459 84.34206730127335 1.286711454391479 3.187482818961143 0.2576267719268799 2.432333655655384 1.186012916266918 0.3253748193383217 0.5618619099259377 0.4494225159287453 0.1512226760387421 22.72285474836826 0.755209855735302 0.5592644885182381 0.3490323647856712 0.2405758425593376 0.4354583472013474 0.3140824288129807 0.3328804522752762 0.7405461519956589 0.5145841911435127 0.1884644255042076 15.13097006827593 1.672010190784931 7.953015297651291 1.999178841710091 30.54549153894186 0.3376305103302002 29.35446985065937 0.3865135461091995 0.7849193066358566 0 0.2237639203667641 0.7586413323879242 4.289919354021549 131.5182423070073 0.60134157538414 0 13.97902566939592 16.14096669107676 45.14533996582031 24.82359144836664 7.600456051528454 67.36105468124151 1118.004270672798 1.053303755819798 51.65123853832483 1.828158885240555 0.2314022704958916 1.184794299304485 1.018265523016453 0.2039370834827423 0 0.08537442237138748 0.1134798899292946 0 0 1.71770253777504 0.4683032110333443 0.1298325806856155 18.19159560650587 3.365129828453064 0 4.114537194371223 2.511556126177311 0.2364336997270584 0.7236319780349731 2.074008733034134 0.2450144439935684 0.7994561344385147 1.696028545498848 0.4306533932685852 0 1.436877816915512 6.874129727482796 0.296934962272644 3.136785909533501 5.712857194244862 2.462943725287914 6.542878866195679 0 0 0 0 0 0 0 0 0 0 0 0 0 0 0 0 0 0 0 0.141806498169899 0.3762197494506836 0 0 0.3685804307460785 8.058174639940262 0.1767019182443619 6.338642716407776 0.7531891465187073 0.1285770088434219 0 0 0 0 0 0 0 0 0 0 0 0 0.9047223329544067 0.2697091400623322 0 0 0 0 0.2258692532777786 0 0.1217463612556458 0 2.515598475933075 0 0 0 0 0 0 0 0 0.3233051002025604 7.611169993877411 0.2391911149024963 0 0 0 0.3988679945468903 1.389345288276672 0 0 0.2399061769247055 0.6094808727502823 0.09118641167879105 0.2961190342903137 0 0 0 0 0 0 0 0 8.461403630673885 3.859922386705875 4.942052654922009 62.06952105462551 1.604236617684364 51.45724865794182 13.57757078111172 15.47326818853617 1.731845036149025 0.2975352182984352 4.693452507257462 0.5014176070690155 0 0.9532223492860794 0 0.6515683531761169 0 0 0 2.625595554709435 0 15.77832836657763 6.281739324331284
458.4725666344166 296.3052994832397 40.0659861639142 3041.753050073981 21.28120795637369 120.1404214799404 393.9817226752639 117.470391921699 13.88799270242453 3478.025722451508 100.6955050006509 198.7711190730333 1239.774586804211 202.2947537824512 11.77656131237745 6.71940740942955 0.2323494851589203 0 0.09109582006931305 0 0.3637626171112061 0.6021649241447449 0.1166516840457916 0.4929063022136688 1.269791103899479 0.1364872753620148 0.7268559038639069 0.1808926910161972 0.1018354892730713 0 8.439140059053898 8.1363725066185 190.6126644089818 0.393636055290699 1.300162434577942 1.874175161123276 179.9742784202099 3.167739413678646 6.105806581676006 0.966466560959816 0.7949847802519798 0.5291899740695953 0.2110891938209534 1.220691479742527 0.6687148809432983 0 22.99494756013155 0.9954775050282478 0 0.256910540163517 0.2764270901679993 0.8503853231668472 0.4879446029663086 0.5899932608008385 0.1023369953036308 0.2726334929466248 1.091223917901516 19.37513557076454 1.496766477823257 5.963941566646099 0.9908240512013435 23.223214417696 0.57878178358078 19.8418540880084 0.9188002794981003 0.2237413674592972 0 0 0.344105064868927 2.015576474368572 403.9299098029733 1.820036113262177 0 13.31979127973318 11.86760798841715 33.37463596463203 16.55998554825783 4.89559892565012 8.023546613752842 44.95577232539654 0 11.75121027231216 2.459462068974972 0 1.115221433341503 0.2871862426400185 0.657205730676651 0 0 0.1768095195293427 0.1113035678863525 0 0.3346255123615265 0.1027913764119148 0.31126868724823 429.5361882895231 24.17287481576204 0 24.1820642054081 91.16719780117273 0.768866628408432 2.457177042961121 7.631401002407074 61.34896762669086 2.91227525472641 7.045523151755333 3.221133500337601 2.023478999733925 10.46338447183371 33.58341646194458 1.818463861942291 20.3246655613184 29.6194729283452 7.76925253123045 13.06202190369368 0 0.1943579763174057 0 0 0 0 0 0 0 0 0 0 0 0 0 0 0 0 0 1.159295484423637 0 0.1439344435930252 1.332674026489258 0.5251463651657104 22.1887384057045 1.349513858556747 12.62934818118811 2.92146772146225 0.288762629032135 0 0 0 0 0 0 0 0 0.2062205374240875 0 0 0 0.1109585016965866 0 0 0 0 0 0.2134511321783066 1.48621192574501 0 0 7.521041467785835 0 0 0 0 0 0 0 0 0 25.16767139732838 0.1151122003793716 0 0 0 1.280573964118958 0 1.600468978285789 0.3320056796073914 0.6444409638643265 0.5454083383083344 0 0 0 0 0 0 0 0 0 0 54.48192333430052 8.243836089968681 13.62992691993713 119.4043333008885 1.912668108940125 48.74191961437464 10.35232269763947 347.2742754071951 0.7539577484130859 0 5.651626072824001 1.279803320765495 0 0.1135595813393593 0 29.81003729999065 0 0 0 8.358735211193562 0 256.6887914836407 59.99430713802576
208.4268353357911 1443.183946348727 217.9274638071656 1767.927528336644 690.8481543287635 64.79684282839298 4387.87851203233 758.7298836708069 608.8106997609138 3876.830765709281 1174.393112048507 1239.774586804211 4323.190884448588 6657.672022692859 47.88646054267883 30.71719150990248 2.056959897279739 0.3383055850863457 0.6177239045500755 0.4352100938558578 0.9742970988154411 0.3593152165412903 2.367605455219746 3.450760595500469 3.327201753854752 0.745312824845314 0.4033456370234489 0.5205701813101768 0.6005603969097137 0.8813762068748474 31.52743835747242 58.54123362153769 635.5012613832951 0.4670480862259865 3.622474312782288 2.05009376257658 615.6063174158335 7.908673033118248 21.25399703532457 3.18964983522892 2.372920736670494 0.7539124488830566 0.4494989067316055 3.128756180405617 0.5657700151205063 0.3597976714372635 84.06336311995983 2.231609836220741 0.573269784450531 0.9075639694929123 0.1798580214381218 1.581285081803799 0.7163093984127045 0.8892989829182625 1.467015914618969 1.33334144204855 1.071893900632858 38.63056855648756 4.052929952740669 25.31691391766071 2.525604166090488 55.32773800939322 0.6317945122718811 72.01877950876951 2.422519855201244 1.149491786956787 0 0.4562888666987419 2.475229635834694 8.615126401185989 844.222072519362 0.9152334332466125 0.1337686032056808 36.66095364093781 50.95684757083654 124.2859613075852 78.53117495775223 19.06951843947172 64.31602717936039 258.6947714015841 1.314731456339359 52.84466255456209 3.92717356979847 0.3472750708460808 3.146828755736351 1.436325050890446 0.5793050900101662 0 0.5512798130512238 0 0.4568350613117218 0.1240167692303658 2.112538233399391 0.7196213528513908 1.137835614383221 1493.884218864143 25.30176705121994 0.2670991122722626 33.91875100135803 52.44794269651175 7.240391507744789 7.275475151836872 26.88504678755999 28.04143770039082 12.36980918049812 35.28163795918226 4.774560451507568 20.88601415604353 27.38419868052006 57.1598180308938 3.052383556962013 92.80544516444206 78.23804127424955 23.80293630063534 30.51650907099247 0.1723586171865463 0 0.7429389953613281 0.1338319778442383 0 0 0 0 0 0 0 0 0.5224836319684982 0 0 0 0.1145732030272484 0 0.5298890694975853 5.14341127127409 2.21347489207983 0 0.4526561722159386 1.057719811797142 46.90159198641777 6.983888246119022 27.56748200953007 5.683348819613457 1.68542056530714 0 0 0 0 0.1524751037359238 0.1312220841646194 0 0 0.4573984295129776 0 0 0.1897996962070465 0.568899393081665 0 0 0 0 0 0.1758318692445755 2.332328885793686 0 0.4038894176483154 21.67614392191172 0.7101479768753052 0 0 0 0 0 0 0 0 61.06950501352549 1.087998434901237 0.132632777094841 0 0.1775741130113602 2.523471601307392 0 5.131188958883286 0.9774227365851402 0.8084406778216362 0.8205956816673279 0 0 0 0 0 0 0 0 0 0 90.73656027764082 22.0695434436202 25.27848802506924 259.3661418035626 4.711810864508152 198.0675538182259 41.19895105808973 232.7415007725358 8.470897197723389 0 16.13953193277121 5.989245519042015 0 1.213052332401276 0.5338010191917419 25.65074941515923 0 0 0.1250594258308411 23.69326527416706 0.988921582698822 268.4446907639503 84.78059868514538
47.60727817565203 3514.897724173963 1863.243770249188 122.8407238721848 2202.442432001233 23.74115565419197 2209.872355848551 3243.645690321922 2190.167194008827 245.3463736772537 4403.570278421044 202.2947537824512 6657.672022692859 1280.946056254208 60.11388904601336 39.91487915068865 2.930594474077225 0.3055839836597443 0 0.7305504083633423 1.009313993155956 0.3707368522882462 5.713899902999401 9.411396451294422 5.478918224573135 2.195404402911663 1.44865982234478 0.7802766934037209 0.3711019903421402 1.130830697715282 73.33883225917816 117.7444709613919 2045.678582087159 1.416270792484283 6.468202151358128 10.25725680589676 1117.619412235916 18.7402113750577 32.11293498426676 4.431977957487106 5.605374485254288 1.466049544513226 0.9544413760304451 4.149148344993591 0.7978428527712822 0.7674234062433243 87.76017731428146 5.094025358557701 0.6867852210998535 2.139083936810493 0.6199850291013718 0.6524879932403564 1.167260102927685 1.229031182825565 0.8907262086868286 1.626752644777298 1.426439844071865 45.14205951243639 4.071927830576897 34.05205170065165 6.6386948376894 352.301777459681 0.9563662260770798 86.01578031480312 2.82163443416357 2.086579471826553 0.1005076318979263 1.430225610733032 4.939446911215782 12.89777944982052 1272.748622819781 2.314861729741096 0 43.83855915814638 63.93375358730555 160.3873491436243 96.1286895647645 21.26639848947525 123.3180353716016 1593.511531293392 2.350969903171062 203.9942134916782 4.33305624127388 0.1873918399214745 4.886485569179058 1.654651790857315 1.847268208861351 0 1.020030282437801 0.1111659705638885 0.4418822601437569 0.3819523826241493 3.634281888604164 0.8955374583601952 1.572360001504421 321.7244811728597 15.2087630033493 0.5603917241096497 51.82464585453272 14.09905930608511 2.105594843626022 4.397875249385834 9.310400255024433 3.966672226786613 8.793902404606342 7.380043745040894 1.66500885784626 2.796823032200336 19.77412956953049 37.26015149056911 2.034775093197823 19.04638795554638 48.39660219848156 10.2024924531579 20.93926157802343 0 0.08540502935647964 0 0 0 0 0 0 0 0 0 0 1.0368727222085 0 0 0 0.09646324068307877 0 0 5.471838727593422 3.120090320706367 0 1.954223781824112 0.2417254000902176 40.53023877739906 6.843926750123501 23.51807782053947 3.978300385177135 2.979755185544491 0 0 0 0 0 0 0.2942714095115662 0 0.1193642392754555 0 0 0 3.827164843678474 0.1106489673256874 0.08653131127357483 0 0 1.659251093864441 0.3303429707884789 0.8499514758586884 1.34250396490097 0.7925658226013184 17.47945012152195 0.8197744786739349 0.8542687892913818 0 0 0 0 0 0 0 45.60583385825157 1.97321392595768 0 0 0.5962199121713638 3.158121705055237 0 6.08305761218071 0.9358955100178719 0.6999957859516144 0.08863876014947891 0 0.1176277622580528 0 0 0 0 0 0 0 0 69.81980430334806 21.08787057548761 26.79445904493332 237.1677098870277 4.791390016674995 198.5848952159286 41.56562515348196 70.30207758396864 9.712461732327938 0.6328139901161194 18.74647655338049 5.035736612975597 0.4867644906044006 0.2600404992699623 0.286803625524044 14.99791450798512 0 0 0.6291300654411316 15.59348890930414 0.4169791638851166 127.5735652968287 53.90872047096491
